0.000000000000000000e+00,5.936163412149393359e-01,8.548097144107051903e-01,2.742227261034078101e-01,8.675491170400085883e-01,2.322426134983762713e-01,6.537625553470827189e-01,9.222984391254810399e-01,6.861712969721018851e-01,8.614891289961125187e-01,8.887632123722704058e-01,6.744582998391128736e-01,6.433376267412345140e-01,8.456669776626553059e-01,8.877103305620340779e-01,9.602357200256078640e-01,5.131580568364586536e-01,9.625646016931672655e-01,5.083940401133653086e-01,6.861971674068243487e-01,8.827925517876187289e-01,4.765531743396970166e-01,7.525217004330634341e-01,6.436844741579943463e-01,4.501434209895820993e-01,4.824467605242694912e-01,7.404944549243770435e-01,7.837999976609256736e-01,5.366812557066789058e-01,4.310564572541603634e-01,5.740023114159911177e-01,6.043365377642097025e-01,9.460599118696018106e-01,4.031951499946895279e-01,7.130155071966686187e-01,5.450173672239587708e-01,2.461488459477339796e-01,5.566688143632375629e-01,8.850858575716959997e-01,4.898707757715046185e-01,4.100267903750415277e-01,7.047069169203491468e-01,6.578960590764219019e-01,8.137183393683196098e-01,7.427281556113541905e-01,9.860363127026937624e-01,9.347420599434461685e-01,7.246565850159792932e-01,9.297083557140841670e-01,6.618772368180161347e-01,6.219103744798989419e-01,5.993388981924387959e-01,7.431795676905850190e-01,5.061148534827872858e-01,9.338052548801262231e-01,8.614200674277874281e-01,9.598978817414505205e-01,6.921625251352735431e-01,8.752283859105229880e-01,3.609969049047591083e-01,5.031112608917042150e-01,7.910651761682871985e-01,4.113247589638970858e-01,5.727844428370691965e-01,6.753334945883699980e-01,7.945974654146246152e-01,6.133867508238460831e-01,7.788774322069265121e-01,6.779698979148003346e-01,6.609837463977402683e-01,7.989314803364822026e-01,7.780796938796030737e-01,1.144874079658134980e-01,4.371415988621903392e-01,7.120025484914640490e-01,5.132584984730682587e-01,5.162381540521102652e-01,7.508074284243890784e-01,1.496947227451826401e-01,5.106316896339054834e-01,7.006104960918778379e-02,3.195425064250387304e-01,6.475407602829827969e-01,6.870238650547111359e-02,4.861989962241589636e-01
5.936163412149393359e-01,0.000000000000000000e+00,4.888668715371131679e-01,4.272018854526700715e-01,6.881539398485807535e-01,4.626632905036593968e-01,6.473644876785202840e-01,7.308407302580102183e-01,4.241331082319827472e-01,4.594609075354899597e-01,-1.300612539411825641e-01,3.582083996886330501e-01,6.208109817632663230e-01,5.870013985628077524e-01,3.245052383044178534e-01,3.272160403355682812e-01,2.907819022563716826e-01,5.076225198282133810e-01,4.059184852692271361e-01,8.941609230616220927e-01,4.024815481885366530e-01,8.592253578547672799e-01,4.585952871859339530e-01,8.149220036661614097e-01,6.538672777121097290e-01,6.790048168670902440e-01,9.955551232950684559e-01,5.681530762975031124e-01,3.706165913079333407e-01,4.487372708441851321e-01,4.684719421376344617e-02,2.495394777882091186e-01,7.373397134082400051e-01,3.410622262699171126e-01,7.889971700203748384e-01,1.237397608900880491e-01,5.921583980112539169e-01,5.377127091764102307e-01,8.390558843332026617e-01,6.046776714931699770e-01,3.915365474011384128e-01,9.243836779825921335e-01,9.777153946299037557e-01,7.866415188414297432e-01,9.028606617596225403e-01,2.461950661326366419e-01,7.217058762726884513e-01,9.002769728544532946e-01,4.636339557100012110e-01,3.361098826654332905e-01,4.445024472369644153e-01,3.319024193415098245e-01,5.156723282575048639e-01,7.934842821737407847e-01,4.390329702724809491e-01,-4.236363155773603673e-02,9.155728602425118323e-01,8.243556850227151678e-01,7.845197726466993648e-01,2.320469518894185956e-01,6.103660855046048050e-01,4.215747703538600955e-01,4.793705734367905702e-01,5.431455770403263994e-01,8.227260579521409323e-01,9.016275252577011790e-01,7.365815560693691477e-01,5.056153705957103783e-01,4.984498956938793746e-01,7.053976978454281621e-01,5.658680446335910830e-01,3.850058014898564140e-01,2.085222652182942837e-01,7.464214827398200081e-01,5.005389271580639177e-01,1.310502160717547382e-01,5.950345205031533080e-01,4.634246197997475836e-01,6.660512706169320341e-01,4.494571872917210720e-01,5.614102014900692605e-01,8.229022066937444757e-01,6.866264953163478957e-01,2.349656174495230732e-01,5.260738597278993289e-01
8.548097144107051903e-01,4.888668715371131679e-01,0.000000000000000000e+00,5.448623388276420121e-01,9.086723311729731911e-01,5.927517556419470424e-01,7.532194661464750585e-01,8.038855277853718118e-01,7.852365653673564205e-01,9.114990855855330532e-01,7.434820778322587254e-01,6.510594915541956240e-01,6.985269235158000356e-01,9.525304600913566677e-01,6.549266688493179389e-01,7.158768383057356743e-01,7.494194170697794366e-01,5.810814213413243445e-01,8.233789339465135138e-01,7.750555368790248423e-01,6.258609447842631290e-01,7.004866543446132132e-01,9.474299843566449386e-01,7.565047973026672867e-01,6.813921313082581532e-01,5.075635490206518163e-01,5.685254721495680563e-01,7.265672739678834535e-01,7.945750868857082150e-01,1.489715393789268344e-02,-8.028930382632952500e-02,7.851569963405180541e-01,3.464807108035007910e-01,7.584371438987127512e-01,9.157818074646312256e-01,3.998029574962282950e-01,3.397859930731088607e-01,5.651043321929674068e-01,7.470788126031301379e-01,9.849068770478413004e-01,4.584681940628307917e-01,5.082591466800954194e-01,6.633837395458174191e-01,8.200840998428299278e-01,7.143177717690585293e-01,4.300697043657574214e-01,7.054350881047355415e-01,7.798832325269271504e-01,3.637463827220202006e-01,1.737931597616153290e-01,6.438519038683157003e-01,9.640579751188297353e-01,6.451178670446394703e-01,6.856325333800847854e-01,8.244705956938500613e-01,9.600277278841546913e-01,8.934422812807480963e-01,6.930820333368425956e-01,8.704114701912373242e-01,-9.962760255568675616e-02,1.305866895953325668e-01,6.971199069008890969e-01,9.132033152233186568e-01,9.032925459511861321e-01,4.633191321618166381e-01,7.534104138691134489e-01,5.474453614384175992e-01,9.159529688432429539e-01,8.105295994469134957e-01,9.552396081035006148e-01,7.825926351294894001e-01,2.809730136968094372e-01,7.539466046910876795e-02,5.398936932786225773e-01,2.026820785174787698e-01,8.736732393945066955e-01,9.992196566687274739e-01,8.943647715947758980e-01,3.256443978043405130e-01,1.536656391592866322e-01,8.770016033322748372e-01,9.544732470513240807e-01,7.367311971644588953e-01,4.011948009689364492e-01,8.984784311959418401e-01
2.742227261034078101e-01,4.272018854526700715e-01,5.448623388276420121e-01,0.000000000000000000e+00,7.477469012875862520e-01,9.757871241337864321e-01,7.361789521136565817e-01,3.597394615405318241e-01,7.363944426779220898e-01,6.721029275238533662e-01,9.651714104352296930e-01,8.923169322809967330e-01,7.389568421086253336e-01,6.921739903619357204e-01,8.085064126419916342e-01,3.125584616174215125e-01,7.319939946509342876e-01,6.614196254517457074e-01,7.967835918319550181e-01,8.429694819432618225e-01,7.681036580048841156e-01,5.515539313328436943e-01,6.311684890016400207e-01,7.264070437884219134e-01,4.941634933501063975e-01,9.660111736384384695e-01,3.112460000856704379e-01,9.099618264181472682e-01,7.446120197755123904e-02,6.797844145114234626e-01,1.433154606455626923e-01,2.913847781922415114e-01,7.746391248402968444e-01,7.973877903198809403e-01,7.869806436099340274e-01,4.128168907665694665e-01,4.042035137083788143e-01,7.778880288836298451e-01,5.842637841445413871e-01,5.955140444853270765e-01,4.605443774730805795e-01,2.917685059828143412e-01,8.275459470769951364e-01,3.316461778302336461e-01,8.847899821457618774e-01,1.476395686781945549e-01,1.441744296243981094e-01,3.866057252125016941e-01,7.216697690740396798e-01,6.474644661347389585e-01,8.086693953883994368e-01,5.903413419345423518e-01,6.071059574815738102e-01,9.741767351686154708e-01,2.508418995282438724e-01,7.947303728568273495e-01,6.232629025868356987e-01,5.012873967497667449e-01,8.741264310639257351e-01,7.245287633509576164e-01,3.947578480883650043e-01,7.246117012308608274e-01,5.422465836425506280e-01,6.931110244070503024e-01,6.368222959074663070e-01,6.392272431849204128e-01,6.518219901562478658e-01,9.214650581129970597e-01,2.957453030822392304e-01,4.646615886196193146e-01,7.377002797328668926e-01,4.725475725178228115e-01,6.338708817584930433e-01,7.287888779003286466e-01,1.184647356070365476e-01,9.477589643659242169e-01,6.481129372255275412e-01,7.806639450113218581e-01,6.931866128915660230e-01,3.174127259773460441e-01,6.349525595801273070e-01,7.886029510952063948e-01,6.696049254109097681e-01,1.250147444834507071e-01,6.658527320346454559e-01
8.675491170400085883e-01,6.881539398485807535e-01,9.086723311729731911e-01,7.477469012875862520e-01,0.000000000000000000e+00,9.873075538491472569e-01,3.659021719991197852e-01,2.360581032023307269e-01,6.895089399773524086e-01,5.275183432644586778e-01,4.336934401172994336e-01,5.963488246802686188e-01,8.790607432964289147e-01,8.274016216827941861e-01,6.621027870237253810e-01,6.245200869628009591e-03,5.013120193042980288e-01,6.234246986734083285e-01,4.852316889047766924e-01,5.042879297700814112e-01,7.094182374789230749e-01,7.901958924624061797e-01,9.361806993714081315e-01,8.932089809096929178e-01,4.436007517436433290e-01,9.736283013449443802e-01,8.408993613743517281e-01,8.388904273574628867e-01,5.863793628550384440e-01,5.741008251813046748e-01,2.874014680657939191e-01,3.208039030918083401e-01,9.031033516477992018e-01,8.362379829264939834e-01,2.351845201901347493e-01,7.100219322975657166e-01,1.384680573421013250e-01,5.406925629916677911e-01,6.996430007284412111e-01,5.769408342284001456e-01,2.046985105762065549e-01,6.527986026485599336e-01,9.814023986206029670e-01,9.432893799638571997e-01,6.355230682523610453e-01,7.171848308213933931e-01,7.603261136597896375e-01,5.264381089026184402e-01,5.791489048384317329e-01,5.073853961599832374e-01,7.451059787566555181e-01,7.873862825949657918e-01,7.520439392287437963e-01,6.893444987279753189e-01,2.859514211604599065e-01,5.694504830397362216e-01,3.945639329767565151e-01,8.717885764482485866e-01,7.212027940294517547e-01,7.749301401251691701e-02,6.055353229583901875e-01,7.527339283815837057e-01,5.038478248012701055e-01,6.107010209113432619e-01,7.821330174439043992e-01,6.438537111867488338e-01,6.903923999864237659e-01,6.969770164476194463e-01,3.511896873000462937e-01,8.816948024743251899e-01,8.878776614735949257e-01,7.381342198162401669e-01,5.646572274849257500e-01,4.720648551643367719e-01,8.553279703531430078e-01,9.318147202536020135e-01,9.256438605240278061e-01,2.879053268923045805e-01,5.433243208207130248e-01,2.381204645251700502e-01,8.544791755203040573e-01,7.264091080762977715e-01,6.105468956007495951e-01,8.444263800804404640e-01,6.937389197492158655e-01
2.322426134983762713e-01,4.626632905036593968e-01,5.927517556419470424e-01,9.757871241337864321e-01,9.873075538491472569e-01,0.000000000000000000e+00,7.574318345584629686e-02,4.503728416388052547e-01,5.811663827183278785e-01,7.769198506685874861e-01,7.544523066383038712e-01,5.059323495290355410e-01,7.042434057954132243e-01,7.924464706601619390e-01,6.384394253315890388e-01,3.746409516480215807e-01,8.687769152428423958e-01,5.860178464755000372e-01,2.240586508871509619e-01,6.559167483813225230e-01,4.619572360066286909e-01,5.995620931413122578e-01,4.334639719766649746e-01,8.353703666915884840e-01,7.629536682943932613e-01,4.623818517367492831e-01,8.768724956754392341e-01,7.887059061760630652e-01,5.576044102578147088e-01,5.934470352242953162e-01,5.185168506882615880e-01,2.191204280312499808e-01,4.792507815959118345e-01,7.888429245901050768e-01,5.644595172476174483e-01,9.396611594952974933e-02,2.316450113374636521e-01,4.147118272204773914e-01,3.164727624123935268e-01,8.245429604693905734e-01,2.396707021444530739e-01,6.027461624333617651e-01,3.386682698749380327e-01,2.337765500496848114e-01,8.014209094595319272e-01,5.973051858626628186e-02,1.454001416609811415e-01,4.771809290038740992e-01,6.315556653971806655e-01,5.782228406385934161e-01,8.033357277916129968e-01,7.744579706343234227e-01,9.331417393278937933e-01,2.595520033769085910e-01,6.819793905457890437e-01,9.856578331096339518e-01,9.611819667925103339e-01,6.919670565816065100e-01,9.374034444578671632e-01,2.788233151656586140e-01,6.317631978824305161e-01,5.340749645283071612e-01,8.323496134990175932e-01,7.268134174156480887e-01,7.834880012193299326e-01,6.825612869191275411e-01,6.975175913888453927e-01,8.519797193466366325e-01,4.216519977906015848e-01,5.176417436191327326e-01,6.861430033961993802e-01,5.158721395732039916e-01,6.434364703930842699e-01,2.517575694622992133e-01,4.908975438872396624e-01,4.874534391838262204e-01,4.803276822030535520e-01,7.755383736719624332e-01,-1.824554243737149806e-01,1.627823217156115776e-01,6.056817409978856315e-01,9.036108811588633438e-01,8.251593951912694624e-01,7.357670096510312563e-01,4.454449376182131881e-01
6.537625553470827189e-01,6.473644876785202840e-01,7.532194661464750585e-01,7.361789521136565817e-01,3.659021719991197852e-01,7.574318345584629686e-02,0.000000000000000000e+00,1.971028494912730744e-01,3.483382431721837591e-01,4.658256896724737861e-01,7.461003436490843965e-01,1.297376730488245533e-01,5.547760296364031563e-01,2.629741213858325377e-01,4.801128854830233883e-01,6.152386491517050082e-01,7.148034551000903569e-01,3.173547011496526404e-01,4.716381366247797691e-01,7.340049325727592278e-01,7.317526555012736633e-01,6.518472571617748290e-01,4.591838408579577702e-01,2.549317585395903252e-01,4.326266268329967968e-01,4.667839371793673364e-01,5.986654692461820249e-01,1.480817092553365355e-01,6.181263662025315853e-02,3.724310914382669147e-01,7.167245405185567186e-01,6.703563988257364992e-01,5.339112939549482961e-01,3.751095579637797606e-01,7.855374109203874244e-01,2.240012969746134064e-01,3.304348804866028000e-01,2.510488765058771499e-01,2.007546970012170362e-01,2.146930661337170254e-01,6.395258251915014736e-01,5.952048995809431364e-01,6.071742171535797761e-01,3.433170845086826461e-01,9.675985543226847119e-01,4.938871017687862519e-01,7.068312299293328937e-01,5.780851536644140420e-01,5.328749731214410534e-01,5.719915581768107993e-01,7.366337864102274757e-01,4.147970694295229355e-01,3.676805639087471489e-01,7.357686533187453026e-01,4.446173517547535314e-01,3.908306166550347127e-01,5.200115581796779241e-01,6.182887009384854249e-01,4.091307115225135682e-01,2.312014562792039374e-01,6.336091193027091339e-01,7.134866324387432179e-01,4.273780770342867075e-01,3.191645981230147866e-01,6.908063398897376084e-01,3.692649729733118447e-01,7.709206513994995014e-01,8.619610498338791116e-01,-1.280879441211257852e-02,5.954202457358207523e-01,7.714998663216607877e-01,6.979356855290939077e-01,4.739043894283994640e-01,7.315820979959573866e-02,4.430791545797150843e-01,4.688273416758783618e-01,4.327075692149984221e-01,4.765985500820201781e-01,4.023995856177707831e-01,3.038530452505098234e-01,6.822882032676151898e-01,9.607064232270748905e-01,7.886173512826581966e-01,-1.925123930074200684e-01,4.919326045479281984e-01
9.222984391254810399e-01,7.308407302580102183e-01,8.038855277853718118e-01,3.597394615405318241e-01,2.360581032023307269e-01,4.503728416388052547e-01,1.971028494912730744e-01,0.000000000000000000e+00,7.724642772580494476e-01,4.932368297619990627e-01,2.192502662497157750e-01,7.867471984116281014e-01,7.288165902514713856e-01,6.598048451054935315e-01,6.938248390713548375e-01,2.812283475162404289e-01,6.682181243250596703e-01,6.948025515475506619e-01,7.244708737332271609e-01,3.923218457804969472e-01,5.657435754497537328e-01,9.659328724889612028e-01,8.197061506322977920e-02,8.959048398421189940e-01,7.658035472842802394e-01,2.173950443359174423e-01,6.274398288462319506e-01,4.944132334532183037e-01,2.600337056549111292e-01,5.807616563798895237e-01,-1.332290251907031209e-01,7.907353000178006797e-01,7.603502607826753135e-01,3.987215455743863268e-01,2.235491562982695746e-01,3.655706269227170235e-01,7.015682100282979450e-01,6.704285071064528534e-01,5.685704629299395130e-01,7.296785879135270214e-01,5.810277362549893798e-01,7.974568865610771606e-01,6.260833772555954857e-01,3.076706258800769311e-01,7.378165797423088534e-01,2.565740281662609035e-01,3.648084924524362949e-01,2.158117623817518982e-01,5.174108375712364039e-01,9.063085873096222711e-01,7.307848857139558341e-01,8.496660926351167209e-01,4.104808728173880983e-01,7.539165630138964236e-01,6.987032428945816331e-01,6.158767759366474692e-01,5.532527049976367906e-01,3.395581430898587660e-01,4.635847944260136355e-01,5.129518586030580307e-01,4.725678631681665132e-01,3.671540716203241517e-01,5.106635506836797456e-01,7.726067193384641429e-01,9.228989446342018566e-01,5.653088715800650421e-01,2.051050321956014721e-01,9.686988143088866021e-01,7.527207428853058824e-01,3.219567356637720867e-01,4.014697470878692553e-01,2.141149555459888609e-01,1.085948069966545665e-01,8.481730982092008930e-02,1.056470675212462934e-01,7.375437064866645631e-01,4.960419797482322757e-01,2.108270424021405909e-01,3.434528581949553017e-01,4.147698985150585216e-01,3.190835198640374348e-01,8.171405871403590870e-01,4.284793745176738167e-01,7.774120578198803200e-01,6.451230271596506416e-01
6.861712969721018851e-01,4.241331082319827472e-01,7.852365653673564205e-01,7.363944426779220898e-01,6.895089399773524086e-01,5.811663827183278785e-01,3.483382431721837591e-01,7.724642772580494476e-01,0.000000000000000000e+00,2.359237011475847079e-01,6.927230293174168052e-01,4.826748799047194671e-01,4.546758854316911291e-01,8.309239532144234719e-01,7.567819202050853900e-01,5.795267527484723180e-01,9.350464673501073243e-01,8.724348340898647747e-01,4.587346596419845657e-01,8.435621201553522575e-01,1.508094966760615552e-01,7.270379908485757880e-01,5.794060846159546641e-01,9.873856079108116468e-01,7.774400218318299194e-01,7.715524547256258359e-01,8.572221828655747222e-01,4.560154087510947529e-01,1.747513445813175526e-01,2.438288096437113417e-02,1.132930455386575858e-01,2.718377616293895516e-01,4.076101892290411310e-01,6.851077122650809370e-01,2.351944452915352701e-01,4.805318065441334663e-01,5.303026500072833826e-01,1.529560595945528012e-01,9.448728160639848772e-01,6.996177745747138577e-01,3.966857767386299249e-01,6.609736434787814030e-01,7.514992297591427395e-01,8.870069125841295588e-01,9.412731485791017150e-01,8.097187557924625523e-01,-5.477358958199221584e-02,6.130835650183409369e-01,3.504379849813003545e-01,7.114984615864338169e-01,7.465038115966993182e-01,6.622057326756012330e-01,6.164029727535812464e-01,2.297250577672137750e-01,5.073448889499767578e-01,6.246419943504040173e-01,5.363741251467795124e-01,8.387232617383570954e-01,1.977444470108963293e-01,8.396720920647475772e-01,1.905849496403623222e-01,5.901191352996936201e-01,5.412624749727863449e-01,4.842300282666958111e-01,8.320951863675969395e-01,5.596343732253266090e-01,7.526892760867476273e-01,6.452913241597466598e-01,4.990430614170535129e-01,1.800172209271219126e-01,6.361006557085722157e-01,4.189775416908205208e-01,3.971679592492206590e-01,4.796634703276375089e-01,3.281864238347984575e-01,7.834919199739536211e-01,8.123336767956057525e-01,4.802541794379983631e-01,1.154658574797053777e-01,1.396399330423803986e-01,4.390686873839941828e-01,3.496429695114037228e-01,7.864104330038028667e-01,5.767566849707681520e-01,5.254395393040173223e-01
8.614891289961125187e-01,4.594609075354899597e-01,9.114990855855330532e-01,6.721029275238533662e-01,5.275183432644586778e-01,7.769198506685874861e-01,4.658256896724737861e-01,4.932368297619990627e-01,2.359237011475847079e-01,0.000000000000000000e+00,3.920708299891246806e-01,6.114121421982394722e-01,4.596276686036330217e-01,6.030207296651572957e-01,9.641253489868943927e-01,5.782533515937794411e-01,8.661047862474156034e-01,6.841198068388693043e-01,6.743553655807560387e-01,7.957238859316244639e-01,7.245247098931747454e-01,8.366578353503628662e-04,9.318152622337306790e-01,9.955106442412665624e-01,6.668661431523545957e-01,4.271582091934293945e-01,5.896386944085860726e-01,2.640143622198034765e-02,4.654443465088438092e-01,5.743379270445465590e-01,6.586458426765425811e-01,4.695912599889653927e-01,9.355600386547114899e-01,5.586769653727887697e-01,2.018441706746645567e-02,5.028052273061531796e-01,5.731794769722771132e-01,7.728680205534224079e-01,8.272802465393549465e-01,6.255722875985203491e-01,3.580701623844093628e-01,6.389753668865998382e-01,1.234264267799064785e-01,5.949097941985679316e-01,6.806431257022722559e-01,6.171005431570887323e-01,2.318077514590762001e-01,8.051660782697160901e-01,6.777254434890002122e-01,2.270214678021325316e-01,6.503736532892081534e-01,6.335316589094289741e-01,8.311794507647358721e-01,4.877851018091038382e-01,5.131756812516625743e-01,7.676430701514594945e-01,3.801149653624292801e-01,6.452648456183146530e-01,5.551710324745176006e-01,4.105349186436761388e-01,-1.880971462099746139e-01,3.081587802121021902e-01,6.120347012816920174e-01,7.639544442733554597e-01,3.785264220576495253e-01,-1.766839024296927019e-01,9.191954710485160662e-01,8.196323485308960599e-01,5.279676646411655128e-01,6.743665424708391587e-01,9.011375179423045667e-01,5.075232301755483455e-01,6.171129885929705905e-01,2.019871571356386675e-01,2.575941867962554532e-01,9.075655547262964085e-01,7.302029682262356491e-01,5.590063661693163155e-01,4.462963195469575317e-01,2.972181517212342805e-01,2.198006770888065731e-01,6.461788632326692650e-01,7.655376811607127463e-01,2.855519727640765670e-01,2.491228211028828805e-03
8.887632123722704058e-01,-1.300612539411825641e-01,7.434820778322587254e-01,9.651714104352296930e-01,4.336934401172994336e-01,7.544523066383038712e-01,7.461003436490843965e-01,2.192502662497157750e-01,6.927230293174168052e-01,3.920708299891246806e-01,0.000000000000000000e+00,5.812796211073552044e-01,5.972815489624823115e-01,4.129869784474846650e-01,5.984185195895868059e-01,6.952026697981560366e-01,7.343383032830591572e-01,5.690656503460764792e-01,8.755638862441043058e-01,6.389956045342169988e-01,7.707936473735133021e-01,3.900686518759790555e-01,8.258335682258423072e-01,4.157242317735040937e-01,4.650975952942056346e-01,7.569962749768710530e-01,1.835278068130138385e-01,9.374554474587520891e-01,3.567495629416145286e-01,6.413280915796816251e-01,3.263861198361829308e-01,5.564160660966045446e-01,7.372414811661974765e-01,8.091515142258283166e-01,3.586933048647535927e-01,7.929043120534586819e-01,5.650515076033554296e-01,9.697493546566974265e-01,4.178508264106908787e-01,2.905712919593096966e-01,6.190781568040126803e-01,4.739919917605674993e-01,7.177647753001852315e-01,6.599794552463359443e-01,4.430848313695187612e-01,6.607639267759750634e-01,7.803411583158863518e-01,4.801331945338338514e-01,7.377227496402607443e-01,2.613164092422581852e-01,7.512929857600187944e-01,5.266051162421860887e-01,1.559142670660318419e-02,9.612718263960704501e-01,6.732971571758530338e-01,7.504513840949411652e-01,7.169337700212601305e-01,2.927917955312218101e-01,8.725169322725184751e-01,2.732315798816342851e-03,4.346177070361906258e-01,2.720460614166041458e-01,5.419248095820838884e-01,5.820445279843631248e-01,6.337433093637636627e-01,6.229345412486714251e-01,4.538442628701486875e-02,6.428281694506488009e-01,7.180166304301220936e-01,6.431633410888208946e-01,7.138466945503633143e-01,3.516607864267896622e-01,3.934515862333465286e-01,7.878321566046890823e-01,7.839960163976925633e-01,8.594936825194525731e-01,9.112419636160301595e-01,4.729781026678088196e-01,2.514181997735717711e-01,1.566880842050462352e-01,2.256164924654209536e-01,3.443968842731146007e-01,7.446181516708209047e-01,5.248838784336701258e-01,7.639293648390560465e-01
6.744582998391128736e-01,3.582083996886330501e-01,6.510594915541956240e-01,8.923169322809967330e-01,5.963488246802686188e-01,5.059323495290355410e-01,1.297376730488245533e-01,7.867471984116281014e-01,4.826748799047194671e-01,6.114121421982394722e-01,5.812796211073552044e-01,0.000000000000000000e+00,4.929033591818069993e-01,5.222741319069380550e-01,8.182894046207636052e-01,3.138653746290550606e-01,4.899163824335232564e-01,7.236916770907987351e-01,4.770803720724489660e-01,8.969328844299965242e-01,5.132363227566071329e-01,1.041087716766611604e-01,9.435558056055438625e-01,8.861325387523093511e-01,4.349682689709861716e-01,5.125142265172379918e-01,6.946664754936192621e-01,4.108159504438649856e-01,5.767355252421051404e-01,5.278559715627201276e-01,7.002774010139553029e-01,5.234624634004855226e-01,6.232034982751846197e-01,8.410202845547649630e-01,6.501928194090962343e-01,2.890019756644265914e-01,5.772921269452060411e-01,5.176283312911963419e-01,4.237499664108695385e-01,7.526651183140802281e-01,3.149772582977046209e-01,4.151292832399916533e-01,7.146182074197968692e-01,5.397642837083695966e-01,7.018060373362742244e-01,8.322770109384912685e-01,4.956671443152944612e-01,7.349437775435863074e-01,5.801271593158758844e-01,3.472071339736584883e-01,4.896831229991348011e-01,7.815967394599829809e-01,7.310482316136663883e-01,4.631329845158086433e-01,9.818927290031966848e-01,5.139111006395680192e-01,2.277842866001701660e-01,6.817299875149184230e-01,2.024832213026427630e-01,5.463530156280416161e-01,4.420638633244429738e-01,1.604103236260452300e-02,5.338333254184300936e-01,7.908210123543182313e-01,5.100647168610615845e-01,4.103152674058924698e-01,6.450430576595818088e-01,5.564628920159663261e-01,4.535300452325742859e-01,4.791297296474181788e-01,6.458130823850983804e-01,3.677470416651582585e-01,6.192141612366183212e-01,2.960066563480395763e-01,4.657288474932718136e-01,7.485549989356943268e-01,7.677272833708594924e-01,6.520943688167751828e-01,3.147778533692577319e-01,3.967913449120035185e-01,6.723229966993182760e-01,9.884173596148584373e-01,9.251800249508074225e-01,5.155785713449591023e-01,4.903107692793587935e-01
6.433376267412345140e-01,6.208109817632663230e-01,6.985269235158000356e-01,7.389568421086253336e-01,8.790607432964289147e-01,7.042434057954132243e-01,5.547760296364031563e-01,7.288165902514713856e-01,4.546758854316911291e-01,4.596276686036330217e-01,5.972815489624823115e-01,4.929033591818069993e-01,0.000000000000000000e+00,2.133938494567561295e-01,3.237214660801939203e-01,3.307886823083756034e-01,9.165420996225125405e-01,7.330406913776501554e-01,7.999376147486132460e-01,9.379404439468439492e-01,7.646566068989888443e-01,6.184186101498218013e-01,1.133349450401570646e-01,9.934437469768425677e-01,4.550179178904558142e-01,8.696631470388549445e-01,4.311345958183145921e-01,8.031471442736605182e-01,-1.010323167670658523e-01,5.351302412657659158e-01,2.007147544174237574e-01,3.786586816612498296e-01,4.115641736238800918e-01,6.286553026456590532e-01,4.022596700009203330e-01,5.353459040247148248e-01,7.290409779813180613e-01,9.370475617020045389e-01,8.774707509074991529e-01,8.391911753635952209e-01,8.944381734863530165e-01,6.607645187719848323e-01,9.765076543311506097e-01,6.356795192691288010e-01,6.033732664768943765e-01,6.989931976243992651e-01,5.107205549280960932e-01,9.688928209184384244e-01,2.867083857570564276e-01,2.548037879803807249e-01,6.508574113187870491e-01,7.891766302884342110e-01,2.558034229791449343e-01,6.184440172246971068e-01,7.707625175989802901e-01,6.961032023412355718e-01,8.347007761840969930e-01,4.262086987366897617e-01,2.347057272185069238e-02,1.480993510607475916e-01,7.307463420070299254e-01,5.500688029005418311e-01,5.583078111689645517e-01,5.483069026938600654e-01,7.085630795564358264e-01,9.637504978488904417e-01,6.761055704328051696e-01,8.123025917784648664e-01,3.374279455256294913e-01,7.584278917297040401e-01,4.920265573518876057e-01,6.372037785624887762e-01,3.830391957761594135e-01,1.031747443838517964e-01,7.884336020290700908e-01,6.190828245218370496e-01,8.350335062456042401e-01,6.433161901166163377e-01,3.713177718078642942e-01,1.194526214734785152e-01,6.456255346103448867e-01,2.807554423868924287e-01,8.628612834949416222e-01,3.116753837335313471e-02,6.362322208631766562e-01
8.456669776626553059e-01,5.870013985628077524e-01,9.525304600913566677e-01,6.921739903619357204e-01,8.274016216827941861e-01,7.924464706601619390e-01,2.629741213858325377e-01,6.598048451054935315e-01,8.309239532144234719e-01,6.030207296651572957e-01,4.129869784474846650e-01,5.222741319069380550e-01,2.133938494567561295e-01,0.000000000000000000e+00,5.288545149355879937e-01,8.462080098286529628e-01,9.114063976960891100e-01,5.859964635538617017e-01,9.969919766920265491e-01,9.411955598180434812e-01,7.153380108274179916e-01,6.722072475030558270e-01,7.389506870595451415e-01,5.715814423769199903e-01,3.985250728382693231e-01,7.884624037513111583e-01,7.320475215489046228e-01,6.033806652917148572e-01,-1.884485267922015872e-01,3.707950223931721911e-01,1.850436900219623246e-02,9.616595652556618745e-01,4.394238345600945950e-01,7.021403576493521204e-01,5.262087493533762483e-01,1.167111741411779174e-01,2.041518016004297831e-01,2.133788456171168690e-01,5.841718164534877022e-01,6.409872441474973037e-01,4.724058877149400759e-01,8.124604101725263483e-01,6.391334258575580574e-01,6.991765344775416890e-01,7.892048698843715515e-01,7.139665510736767917e-01,4.949128588921223315e-01,9.853165878859527771e-01,1.465145309039479204e-01,7.334380240501510162e-01,9.029377815699900500e-01,7.859084388691542911e-01,9.800507879614532847e-01,5.791432855479845543e-01,2.838069729300276012e-01,5.544991618179833104e-01,8.908757761117346297e-01,7.114949822721446937e-01,6.738952185948052787e-01,2.020463151325990192e-01,7.561224126769541254e-01,5.159593193858670324e-01,6.667134070648863542e-01,7.009265067871932597e-01,3.459637221632963500e-01,9.319668139894506931e-01,8.078664405736758480e-01,9.581292332309678805e-01,9.462966902935079361e-01,4.900571103250670468e-01,4.863804238689263815e-01,7.293495590089734693e-01,4.449160477811432979e-01,4.763117069029727535e-01,5.210930385025712708e-01,9.981510386828253978e-01,5.822204047905963353e-01,6.325560152488862720e-01,4.244441557819315647e-01,4.051955033770332504e-01,7.115192163601308240e-01,9.427121711014259109e-01,6.992985222953203017e-01,3.092854596884758722e-01,5.462648294533767324e-01
8.877103305620340779e-01,3.245052383044178534e-01,6.549266688493179389e-01,8.085064126419916342e-01,6.621027870237253810e-01,6.384394253315890388e-01,4.801128854830233883e-01,6.938248390713548375e-01,7.567819202050853900e-01,9.641253489868943927e-01,5.984185195895868059e-01,8.182894046207636052e-01,3.237214660801939203e-01,5.288545149355879937e-01,0.000000000000000000e+00,3.239123958695555028e-01,5.586855750837173007e-01,7.747688157586175572e-01,6.466727263417272331e-01,9.064266810228496229e-01,9.108466554439921259e-01,7.066967195113352807e-01,4.726094623865767508e-01,7.407694376660636237e-01,5.919167007063719232e-01,5.194153592075164694e-01,1.174042529046113864e-01,6.811165474069474923e-01,2.421384922533990625e-01,1.559532212032256338e-01,1.691284044486243351e-02,4.559213321639028482e-01,4.791719182197762827e-01,6.323588889149540648e-01,6.248596770999571559e-01,2.963017696319983907e-01,4.439653289156542670e-01,2.648189888769128530e-01,5.757989983607424422e-01,7.115625446887652306e-01,7.584177193118876170e-01,4.664328968978699863e-01,9.823651191841232810e-01,2.795262974385894217e-01,8.223080336591005457e-01,5.394878365137458776e-01,4.910018911821455445e-01,6.350266322065225566e-01,7.115340675143265736e-01,5.941861145590134896e-01,1.678031230107855376e-01,4.917566614954356208e-01,2.104453532108722935e-01,6.530148107012357928e-01,6.881202196774466318e-01,6.341361633407233134e-01,6.678751047658459949e-01,6.859364302380649425e-01,7.700869019341215482e-01,7.394125971822714805e-01,3.164751648374174442e-01,2.598816649355463748e-01,7.546301006267769340e-01,8.343339613325767568e-01,8.700158660297826474e-01,4.974758333331033566e-01,9.455691286159251252e-01,8.596247782577839391e-01,7.480749173312841727e-01,7.484706160702152555e-01,7.778585330504235174e-01,6.644284820475152564e-01,5.747778471185494009e-01,5.133958257436134209e-01,7.370426458065915121e-01,4.974210967270849548e-01,2.467669573366138847e-01,3.226011399683781367e-01,5.952161860137042959e-01,5.916095976271464885e-01,1.851555622827849579e-01,3.314284427426585911e-01,9.442712897142214734e-01,1.876885935078799472e-01,7.497499966718869091e-01
9.602357200256078640e-01,3.272160403355682812e-01,7.158768383057356743e-01,3.125584616174215125e-01,6.245200869628009591e-03,3.746409516480215807e-01,6.152386491517050082e-01,2.812283475162404289e-01,5.795267527484723180e-01,5.782533515937794411e-01,6.952026697981560366e-01,3.138653746290550606e-01,3.307886823083756034e-01,8.462080098286529628e-01,3.239123958695555028e-01,0.000000000000000000e+00,6.345511463892802295e-01,6.739831005189436119e-01,8.015058922713492739e-01,4.529690978605220297e-01,6.159867568060033438e-01,-1.929643429823436063e-01,7.395657805616757674e-01,4.893187238305831133e-01,3.192676739547171127e-01,7.799083206219421527e-01,8.847123254229621869e-01,3.227397045170486423e-01,5.656962610127667102e-01,4.121348056834374662e-01,5.035292663599512109e-01,6.563316621867375522e-01,4.431023769395042722e-01,7.607699785499572043e-01,1.078922571969660738e-01,6.814300919935292189e-01,4.260135679925677321e-01,8.049148786996652705e-01,9.069240960406496077e-01,5.186726716782756874e-01,2.221065668004925386e-01,2.578225743001071879e-01,7.362245771307712738e-01,9.284876668681765199e-01,9.253200826876657459e-01,8.569233328593471866e-01,8.459787576412112209e-01,6.309500776549281653e-01,4.728422926449400987e-01,5.987799702067634344e-01,2.464683582027372699e-01,5.942005443828440869e-01,9.077004058571505052e-01,2.005367391120526643e-01,6.984468805499297606e-01,6.713366701281423543e-01,5.429486916928837337e-01,6.126372281724410396e-01,8.675947348989003771e-01,7.854398733097454066e-01,2.515008404567892208e-01,7.722056784417321573e-01,4.534042939646841242e-01,9.650328781087850194e-01,7.443755595131413827e-01,3.692225516499073601e-01,5.954388994701858007e-01,6.449852734612155913e-01,1.623891017321924535e-01,6.828704002462050449e-01,6.761724933621731104e-01,8.623894244343601745e-01,4.065763037429893645e-01,5.376804820850968891e-01,4.151802883641996789e-01,2.575489425071115779e-01,5.096605644158760384e-01,5.274590911043741670e-01,3.115918158602364318e-01,3.320772472921034724e-01,4.269785812013910942e-01,8.690941582789246667e-01,8.797999281754906864e-01,4.549696665657703698e-01,3.427978801951800936e-01
5.131580568364586536e-01,2.907819022563716826e-01,7.494194170697794366e-01,7.319939946509342876e-01,5.013120193042980288e-01,8.687769152428423958e-01,7.148034551000903569e-01,6.682181243250596703e-01,9.350464673501073243e-01,8.661047862474156034e-01,7.343383032830591572e-01,4.899163824335232564e-01,9.165420996225125405e-01,9.114063976960891100e-01,5.586855750837173007e-01,6.345511463892802295e-01,0.000000000000000000e+00,8.414096023588502060e-01,6.733585786457506606e-01,3.437673158750914615e-01,8.339389446087501767e-01,7.727956369620612997e-02,9.693141112515802904e-01,7.492838483514276948e-01,3.439711132521283132e-01,9.751219672266032701e-01,7.135607611990028021e-01,6.569067227980465162e-01,4.877800046632338460e-01,-1.939960135998213819e-01,2.320598121025034891e-02,7.538861070952269650e-01,4.856020459145052870e-01,5.539651176964979218e-01,4.072610358692959620e-01,5.429603327696259640e-01,6.025786931400649582e-01,5.468163982576567106e-01,6.617957632423115966e-01,5.974077882489137181e-01,3.961375145029464306e-01,5.035782371465714023e-03,7.115692277900808049e-01,4.734259406328922837e-01,7.603490087400974762e-01,8.903363167132579692e-01,4.197180543529667740e-01,5.401164740214341453e-01,8.273599546048857611e-01,7.688786708691444094e-01,4.615180799648928578e-01,7.112598221103701990e-01,8.187027115047588177e-01,7.987196337670919855e-01,8.582212239078530480e-01,9.799160208903052727e-01,8.307328213576788967e-01,4.119138368214340096e-01,3.216049871926324188e-01,2.423791239637527184e-01,3.061993371781169815e-01,8.522076134009861637e-01,6.897900164331945971e-01,7.269459995257231411e-01,7.467761386474066621e-01,9.758130190045563035e-01,5.740780283902006120e-01,9.706080285302856048e-01,4.661233010269332233e-01,8.958497636304857403e-01,9.537689668043085600e-01,7.603581073156877590e-01,7.908229682856189324e-01,1.756276230860617793e-01,6.033282281482386100e-01,6.359785805023535632e-01,5.253056641681465022e-01,6.434812773444360534e-01,7.582955105508699667e-01,2.218801148812607760e-01,8.375833980348383889e-01,5.584251902965771119e-01,8.169525896168245982e-01,5.872536489680764138e-01,7.404420278783123699e-01
9.625646016931672655e-01,5.076225198282133810e-01,5.810814213413243445e-01,6.614196254517457074e-01,6.234246986734083285e-01,5.860178464755000372e-01,3.173547011496526404e-01,6.948025515475506619e-01,8.724348340898647747e-01,6.841198068388693043e-01,5.690656503460764792e-01,7.236916770907987351e-01,7.330406913776501554e-01,5.859964635538617017e-01,7.747688157586175572e-01,6.739831005189436119e-01,8.414096023588502060e-01,0.000000000000000000e+00,3.546130343533347995e-01,4.836062373994056696e-01,4.794439074630325592e-01,8.780413686304053833e-01,4.372514317696143404e-01,9.754954896843167633e-01,6.491848382626708158e-02,4.005240643400235223e-01,8.552753717471783812e-01,4.115322523126316856e-01,8.516542469523114001e-02,5.291922554990732275e-01,2.928093618717823587e-01,7.333420384257467450e-01,7.491279577345248963e-01,2.438863880262827633e-01,3.879582834981002426e-01,2.210786785444507074e-01,2.565739083108244944e-01,3.794295938331099238e-01,5.397520938737797591e-01,5.035558134831868982e-01,3.234827294679973320e-01,5.542308442666483703e-01,8.734699429006859139e-01,6.378041356633810111e-01,7.605519053500735538e-01,5.888061771637200792e-01,7.108470284719373700e-01,4.787912051737212016e-01,6.514056299835935260e-01,5.187625338802160924e-01,9.675497409061513121e-01,4.741569456545552397e-01,5.282261684659288470e-01,2.365087090069827314e-01,8.620068977684384182e-01,5.367922242422276113e-01,6.379924873274300801e-01,9.927922295516913298e-01,5.983289079403280031e-01,5.360279713708802074e-01,4.443688624500991002e-01,3.143036548930699947e-01,2.760974592145730155e-01,7.769177332256830271e-01,5.292545003102033796e-01,5.795593759397885680e-01,7.736642550698403786e-01,8.800896614495890002e-01,1.429300712906343973e-01,7.432133596339607351e-01,9.715861020841427553e-01,3.904924221472252932e-01,5.447051465795450520e-01,2.034010950045111177e-01,5.446061269154242046e-01,5.775126655859141867e-01,7.786180764165832047e-01,6.277710907654142636e-01,9.173250447834296883e-02,5.985603629450060581e-02,4.654480458382048713e-01,6.919291986698613561e-01,8.746836269216551329e-01,5.187971287197528092e-01,5.582042771660064018e-01
