0.000000000000000000e+00,2.697752960081178930e-01,8.864317737395703833e-01,7.547485981744803674e-01,9.169525264859017533e-01,7.147155025011182605e-01,3.616431998278860638e-01,7.930882461908954628e-01,3.011609029712709606e-01,7.344634336858043566e-01,7.367890512261336955e-01,8.314662616124681715e-01,6.188320008577752329e-01,9.638163116229772065e-01,8.777043422564509978e-01,2.385107248084290810e-01,7.095405864374894067e-01,6.443488520771132322e-01,6.644341471832200252e-01,9.640564564538974812e-01,8.321368007822278479e-01,8.860322656937162922e-01,5.115958474146476975e-01,7.138969195013641356e-01,8.813719129532551211e-01,7.293040672306678740e-01,7.849540709475405498e-01,8.830614491780155451e-01,5.371071760533996375e-01,6.864555352288316259e-01,7.788516298626049772e-02,9.102051880150709984e-01,5.452267087507360888e-01,6.867696429111707079e-01,8.709879620662164257e-01,2.248408481377626444e-01,2.647810762355480296e-01,9.164413679137749513e-01,5.318335656125824373e-01,9.667367753381652662e-01,3.842156136707424174e-01,6.879957249907470151e-01,3.152544168422033444e-01,4.695680622101381929e-01,2.504193878065647527e-01,5.698323319349291038e-01,7.017882030150974781e-01,6.585021126622045973e-01,6.607568252413420495e-01,7.758601281516555037e-01,4.467288954976275095e-01,7.870096166361872925e-01,9.633196181370528022e-01,8.495601633825288213e-01,5.790034779276177490e-01,8.772542528189720690e-01,5.004407191449625758e-01,5.730502917027270326e-01,3.884821827647069181e-01,5.435921201517500689e-01,3.000875730127658958e-01,8.153155396878358774e-01,6.559372469225606128e-01,6.071389588179366692e-01,8.715241733853930084e-01,9.768311247040191159e-01,8.823505640179559739e-01,7.688948090668112911e-01,9.631100645759754775e-01,9.925268101316294667e-01,8.443771271546076651e-01,5.612579061123693647e-01,9.168687189433424867e-02,4.344684211213736824e-01,8.997008123679708369e-01,9.024860430535808220e-01,4.562946128121873612e-01,9.344750963741448313e-01,5.089944819596796677e-01,4.244678503513061862e-01,8.228701509745879328e-01,9.693608264053774626e-01,3.203393308379933191e-01,2.364475545379752242e-01,8.027869084460076410e-01
2.697752960081178930e-01,0.000000000000000000e+00,4.723775304009102949e-01,9.321799682932612185e-01,6.746201916981642288e-01,9.222466546875683902e-01,7.870636630667035005e-01,4.474593223381940765e-01,4.171496914193489891e-01,3.719481333181973159e-01,4.302017108423726865e-01,9.529638928257737618e-01,6.141439663604167931e-01,4.028025298419629641e-01,6.700531455726259633e-01,6.124992414389394263e-02,4.969854097809061066e-01,7.630784816822079319e-01,6.121200807978510738e-01,8.747418997941706076e-01,9.813424174260435562e-01,6.187293019261828064e-01,5.184107129671543523e-01,2.044835881918680154e-01,5.660512224034009998e-01,9.302868013652902945e-01,8.859570392180807774e-01,-2.383578825186261074e-02,-2.678742899286812307e-02,7.164001059015762118e-01,3.510123973486984905e-01,5.486665876231575645e-01,1.387235592881428670e-01,6.392191317567896824e-01,1.701836103277941104e-01,3.119508361113312520e-02,1.468460094717286002e-01,9.753903026396348874e-01,5.900360158108985953e-01,8.791462361605983933e-01,5.834412311322536571e-01,1.172105075635603358e-02,9.857913359656524932e-01,7.444562846890787622e-01,9.012629183677186573e-01,5.622202447899038447e-01,2.292703914501283413e-01,1.950664620186461085e-01,5.425259758936665788e-01,5.005127031931873027e-01,7.697287167483993775e-01,6.102224953026804677e-01,1.587963950210699859e-01,3.283310712157130190e-02,4.148394519800268632e-01,7.948574677969195701e-01,6.736768747533208312e-01,6.636410182297074467e-01,9.249992054081329629e-01,3.756763426870260991e-01,3.885160080885384781e-01,-1.461376581781747563e-01,9.731086998472209260e-01,5.812314295420231147e-01,9.445354681612355696e-01,3.758509794457763897e-01,9.848438997763762082e-01,6.581756096305028114e-01,1.985324884736777429e-01,6.140619653131359490e-01,6.779363203375057267e-01,9.176101422877583902e-01,4.532452263759416677e-01,5.502915651597328761e-03,7.764410966773873657e-01,8.338179370989742267e-01,6.485922175466783957e-01,4.714760547278089575e-01,7.289997578104443487e-01,3.038226902229094195e-01,1.389631640799210144e-01,6.292686188051385132e-01,7.038537695333018096e-01,6.684987543676086663e-02,5.277304025033315860e-01
8.864317737395703833e-01,4.723775304009102949e-01,0.000000000000000000e+00,8.482437781890528328e-01,6.182189697629023595e-01,8.476861715466013081e-01,9.516964841293689137e-01,6.127207237142328067e-01,6.770911672281378912e-01,7.715802712060150226e-01,4.867678774665693542e-01,6.338256271726799840e-01,9.100625117089049532e-01,5.193473556694151450e-01,5.297197764370987771e-01,9.962102986923582204e-01,1.822130516629867358e-01,7.940350642140717730e-01,8.879185946795887796e-01,4.655800925448736471e-01,7.663037468499480642e-01,9.754024819008598746e-01,1.957003520598635804e-01,6.746814269779329853e-01,7.441999238139659356e-01,9.513791894953634865e-01,6.888032943447037759e-01,9.634798989584383300e-01,2.227651075411777037e-01,4.008974428878306906e-01,-1.539341331131103829e-01,6.553991868118160813e-01,7.532618067848642074e-01,7.753818027718335504e-01,9.992221858164882509e-01,3.443567371777653263e-01,2.467857773905950403e-01,8.835572166554193085e-01,8.490102287606582365e-01,7.288848861683601132e-01,4.487336217443683162e-01,6.077123133324784376e-01,6.608440057580634575e-01,8.619994096019986118e-01,7.501417039979099144e-01,6.827245840993262371e-01,7.409504478707796826e-01,9.177237884302285043e-01,9.431331821858994768e-01,4.777902649120085998e-01,7.112280292477803911e-01,7.794036022370885997e-01,8.650803839295294617e-01,7.217653529007265201e-01,7.087883491843747219e-01,7.207069416825826469e-01,8.488293158445175957e-01,4.367994832412461781e-01,9.820070203911991369e-01,7.561170970619797149e-01,6.836754876402738601e-01,8.422417505404680149e-01,3.420870926106307497e-01,7.379215745542333504e-01,6.625979716242600404e-01,5.642680984697348023e-01,8.400509407592273714e-01,6.620472467545471806e-01,4.080638993256986979e-01,9.327967625859943102e-01,4.638290255035893983e-01,7.871137884958576691e-01,-1.736658849008421157e-01,4.614617139679583202e-01,4.047378404850535127e-01,7.625296244570634041e-01,4.213343735149615021e-01,7.052503108446582791e-01,5.977296046141432617e-01,-1.395268558472455289e-01,7.681598486448601992e-01,5.444688236339042531e-01,9.343292482175717950e-01,8.008695484963567202e-01,7.795223901877477157e-01
7.547485981744803674e-01,9.321799682932612185e-01,8.482437781890528328e-01,0.000000000000000000e+00,5.828647537863848038e-01,8.267957677043582532e-01,2.597905790124765413e-01,3.049398601169133749e-01,7.299207133332169528e-01,7.527977807062848914e-01,7.921604346141164488e-01,7.929116412513481649e-01,4.108685999914493681e-01,8.733122708155901526e-01,8.755538173943240299e-01,6.843844086866432974e-01,3.568972166160871429e-01,6.112733151927580710e-01,5.788718469591341842e-01,8.203880350779702013e-01,8.261662525798152412e-01,7.216277258671642825e-01,7.899911180588170545e-01,7.580614304203332487e-01,3.056141760305887689e-01,5.947839729540105314e-01,7.674806060169755417e-01,2.290117205217549468e-01,5.621059735310921512e-01,3.313336447262191786e-01,5.934061454504795385e-01,4.285656806903038740e-01,3.023059310596130089e-01,7.348329066749013094e-01,4.478868564497809901e-01,4.598515207850536468e-01,3.607192689882898762e-02,8.056815770270168153e-01,2.481775505360045431e-01,9.043291218448020752e-01,4.070306927415696663e-01,4.889279001433380345e-01,8.462817481589841595e-01,8.467908924282386840e-01,6.586550689007704129e-01,3.197893269042978437e-01,8.376054122269814828e-01,6.678075496596647120e-01,9.095518743224584313e-02,6.252988980284728271e-01,5.182308918016281796e-01,4.038802510533430201e-01,7.835677294102718626e-01,4.040538150250743699e-01,7.339334430952624277e-01,4.894336022487130733e-01,4.215369391118904963e-01,4.049050377674914269e-01,7.387095312425359106e-01,5.296584148451550789e-01,4.972651866265172527e-01,6.408915798179610768e-01,5.281729554151985973e-01,9.371412606476035023e-01,8.848467326932550892e-01,7.756048055224457061e-01,2.194509876735327158e-01,6.134109368849131050e-01,2.406999694946405921e-01,5.471423416661467254e-01,9.759274048846500182e-01,7.831800587941672998e-01,7.202791774727147489e-01,1.167334507270285232e-01,6.766474613962301099e-01,4.482607134531643167e-01,5.795716249777791429e-01,6.278068393829732141e-01,3.214730358014229461e-01,4.052237661385756362e-01,6.733283379090295728e-01,5.777325348903256108e-01,9.840612860370523407e-01,3.945028730114117921e-01,6.092076485861941393e-01
9.169525264859017533e-01,6.746201916981642288e-01,6.182189697629023595e-01,5.828647537863848038e-01,0.000000000000000000e+00,8.195217239430364620e-01,5.653968639668813800e-01,3.030882950743826187e-01,7.261530566071876525e-01,9.824739904212996811e-01,9.892396624908899039e-01,7.136683898415575600e-01,4.181388709404688098e-01,4.942102801840702053e-01,3.492185891080673565e-01,6.322030157988227650e-01,6.604192634903006676e-01,3.581415878347876669e-01,7.431309803666423797e-01,7.627729701672588680e-01,7.483598494125714984e-01,4.822832326436045647e-01,5.204244425943811425e-01,8.358238151354856482e-01,5.781389447381003466e-01,5.891631449621828054e-01,9.228966440780277392e-01,6.130441376611878157e-01,1.560321187617668137e-01,5.156193967318998261e-01,3.643721067762831778e-01,5.463398029658084187e-01,7.326289198463170615e-01,5.537810038850556893e-01,2.783322332439486235e-01,4.458780612084614070e-01,6.528726997736408189e-01,6.221447798313293198e-01,9.464349459112579854e-01,5.706145944895266719e-01,4.998868164979994866e-01,8.438669236563264286e-01,9.985371837955918650e-01,1.280392865371411948e-01,3.728112328417988453e-01,7.653156992293146388e-01,7.695310993119945930e-01,7.582780746794461901e-01,3.773911764507277833e-01,2.405290845491652729e-01,4.578660701762733987e-01,5.967035942788435632e-01,5.780420029936144122e-01,4.626236210268871996e-01,5.322029693825298668e-01,9.141552735879422409e-01,5.583687584556673578e-01,7.402043799314936834e-01,9.502016378918785033e-01,1.884530777005229973e-01,3.780821364055056977e-01,6.436758686707287902e-01,4.509061140185250394e-01,9.639720460545169178e-01,6.316795685771094959e-01,5.489436494369295261e-01,6.552814566421122366e-01,7.144915047688568110e-01,7.630126976669391325e-01,9.686638220261296617e-01,8.685601493559220732e-01,4.927734402815321380e-01,5.127635059909161352e-01,2.323356598404004714e-01,4.733745352224441594e-01,2.966394110477004187e-01,4.594591964519852412e-01,7.089905210792715184e-01,3.259045098663828632e-01,1.282023314588859042e-01,7.379683491108687265e-01,7.576937059657656848e-01,7.782452411025843064e-01,3.744707927899357802e-01,7.377648267726363285e-01
7.147155025011182605e-01,9.222466546875683902e-01,8.476861715466013081e-01,8.267957677043582532e-01,8.195217239430364620e-01,0.000000000000000000e+00,4.701667863029872496e-01,6.114951891723946487e-01,4.614285558302554380e-01,4.095180983714536427e-01,7.085157059968116844e-01,4.126940862807709220e-01,5.108151473579614077e-01,5.721865421921629169e-01,4.298871014934291246e-01,5.345985098093856136e-01,8.182533746566184041e-01,8.188238835004385541e-01,5.776379844270408404e-01,7.418017152632866429e-01,3.519520578201490446e-01,7.556308851153428208e-01,8.552727998345741600e-01,8.684045960084892934e-01,6.786084336792629346e-01,1.266358310843569979e-01,2.235316370723676171e-01,7.702420259723741225e-01,8.805556945243264710e-02,5.103175249138729441e-01,4.214842855112188591e-01,6.877225872765089232e-01,6.964494159070848678e-01,6.854156450675983336e-01,6.412792745469007016e-01,3.241153603401209504e-01,3.232984061602479919e-02,6.256696626203066547e-01,9.146270985260962494e-01,7.646596712276741981e-01,4.799879429502109107e-01,4.685457191694814560e-01,6.553053580947419965e-01,2.517801946620701337e-01,8.338393724423673881e-01,7.960554840871501003e-01,9.333198674811962192e-01,7.709579162514286210e-01,5.369386923595118599e-01,1.747440279306042843e-01,7.286181470337926847e-01,2.518316411111996139e-02,7.643047683514770929e-01,3.224104934136376444e-01,8.274141983021331415e-01,7.203208027246243983e-01,6.797749697802701885e-01,4.384233504039425355e-01,5.409145366532071009e-01,7.202731351086255618e-01,4.669844256152925199e-01,2.906712654046126887e-01,5.648791246763418261e-01,4.848202663600230666e-01,8.632375097989108959e-01,5.615713168326266214e-01,3.834839639772638642e-01,9.672889590408265681e-01,6.452578489503012493e-01,6.593780318509026017e-01,3.567683730409154652e-01,7.188566600963522957e-01,2.713672139460267529e-01,6.818762612365345532e-01,-1.657172743423980799e-01,5.057506491370089563e-01,4.337440633460645234e-01,5.698621736198908883e-01,5.495026166812764234e-01,7.862925442078416705e-01,5.983882088186931458e-01,9.662148166285563500e-01,3.435439704350939927e-01,8.676149628025348060e-02,4.932640987128774079e-01
3.616431998278860638e-01,7.870636630667035005e-01,9.516964841293689137e-01,2.597905790124765413e-01,5.653968639668813800e-01,4.701667863029872496e-01,0.000000000000000000e+00,1.839536991802122878e-01,4.346988675044335393e-01,5.318346977429476707e-01,-1.958246355762068014e-01,5.649186272817979804e-01,6.434697562654335679e-01,2.575467112300552919e-01,5.431651875307550448e-01,5.149632252145771583e-01,8.958249826563600138e-01,6.510017995274479663e-01,4.940794094734289876e-01,5.158971569699101201e-01,3.268501809373735023e-01,2.597057213210677840e-01,7.959635223209422517e-01,8.101081322323789857e-01,1.947827569643916512e-01,6.959643720823506241e-01,4.286258763698381768e-01,3.538619338677675974e-01,3.716451865135220745e-01,4.214652456527451241e-01,1.141589250830691987e-01,4.140044325162102190e-01,6.081195169674605827e-01,4.980838883358245095e-01,5.538020100838529913e-01,2.347877689788811228e-01,5.308403578993262650e-01,1.074746617692221712e-02,6.471262584904546866e-01,7.201820031607070183e-01,7.741394513507101616e-01,4.016714556044118090e-01,6.855091040633518595e-01,5.780751702578426077e-01,8.095880727267875665e-01,7.969712707492745407e-01,2.098962045896913819e-01,2.209249593607976181e-01,6.109804280540260812e-01,4.089013880765012265e-01,1.274141731523734666e-01,6.952334289449974003e-01,5.437679433787737660e-01,4.503105847346851598e-01,8.339988379379920103e-01,6.231474701103730807e-01,7.909495690317958072e-01,7.455105070970492465e-01,6.701945772868559414e-01,3.761151056692643713e-01,6.283395693311054631e-01,4.827004423988040527e-01,5.842495067661108710e-01,5.696494830527136788e-01,7.010954894515220026e-01,4.394421817847504741e-01,5.473319981520923250e-01,6.074132275256849400e-01,4.334689116697125200e-01,2.553429508790072862e-03,2.818474051146152570e-01,5.288875218984724347e-01,4.489746318223402088e-01,2.466896948017172908e-01,4.915582866613870672e-01,6.903499655479851116e-01,5.670159940185808267e-01,2.169088430033464798e-01,1.783413095297157747e-01,4.416843920866035389e-01,3.746804583093402141e-01,8.181804134447236976e-01,5.866453815094628821e-01,2.106999325081385099e-01,6.217531429332414650e-01
7.930882461908954628e-01,4.474593223381940765e-01,6.127207237142328067e-01,3.049398601169133749e-01,3.030882950743826187e-01,6.114951891723946487e-01,1.839536991802122878e-01,0.000000000000000000e+00,4.505076395092331154e-01,6.367842335300937240e-01,4.509197994723553315e-01,3.182487775998446011e-01,6.265176792615720913e-01,4.452828691758317636e-01,5.825106973746799754e-01,2.269115724189876004e-01,3.292418469332199504e-01,2.535743388415587773e-01,5.670156593817946011e-02,9.940166122745882626e-01,7.319957098512385185e-01,3.530127846081459325e-02,4.717708435785205046e-01,9.553267068394700745e-01,3.107959045567008083e-01,1.472457764642833879e-02,6.689814497274049199e-01,2.895890102939427946e-01,5.441298083639379835e-01,5.615372000474874725e-02,5.875620089672357604e-01,3.218347183398349576e-01,2.819461590153855002e-01,6.222300106161060551e-01,5.952086999467699480e-01,3.540809557635089533e-01,1.527926793911299208e-01,5.406230917881635900e-01,6.378964689931713172e-01,7.979812181400578464e-01,5.482176656610736609e-01,5.747700717342514309e-01,8.626865025911876206e-01,6.413011439858360418e-01,9.988362204003282674e-01,5.272368608081748342e-02,8.407874187614751138e-01,6.541376131523819470e-01,3.974530840912321450e-01,3.300241338705227623e-01,7.887538747658840582e-03,5.099524451658906665e-01,5.324838620644605225e-01,4.085020380044659394e-01,5.321689748275417742e-01,7.360676333369051694e-01,7.182149962807528043e-01,6.215547267659113917e-01,9.461249498793453672e-01,3.344571431338695389e-01,2.009977701403094508e-01,2.125554686445735308e-01,7.406304570561208500e-01,9.230128709655583963e-01,5.030207349173496656e-01,4.846693521329001886e-01,4.953842780086061826e-01,6.442743571555522575e-01,4.890088456459001920e-01,3.861004206204388112e-02,4.192418352652137470e-01,6.827798914755902615e-01,2.721245123027886126e-01,2.719276178832931712e-01,2.527894543931477611e-01,5.762351217682337712e-01,2.653943875272332109e-01,3.152184542553998492e-01,7.779698803753221092e-01,3.068490026201415866e-01,4.006481184353022362e-01,6.115382764053820530e-01,7.896843256030368075e-01,4.554219090745974530e-01,4.179455694561493018e-01
3.011609029712709606e-01,4.171496914193489891e-01,6.770911672281378912e-01,7.299207133332169528e-01,7.261530566071876525e-01,4.614285558302554380e-01,4.346988675044335393e-01,4.505076395092331154e-01,0.000000000000000000e+00,4.871630534158361558e-01,9.913324578166723411e-01,5.272866780580384161e-01,7.587689417455527607e-01,8.024698832204977261e-01,5.921078539535522545e-01,6.045052266917257944e-01,4.107942429957887054e-01,5.828885163092124566e-01,4.502423207271333827e-01,2.954687312387458964e-01,7.987833057399421621e-01,7.529304786218311563e-01,2.510600825728884766e-01,8.766886641722343443e-01,7.428389209448752473e-01,6.203029290402364282e-01,6.023001230461496602e-01,2.184133496446464540e-01,4.870898881703838307e-02,5.959947498527657928e-01,4.191688320564638803e-01,7.812417752908021873e-01,2.528245262264547932e-01,6.683206026694834545e-01,6.973575830992373437e-01,3.135961467531700464e-01,1.430658271317347130e-01,6.051425747606883343e-01,9.280042737964195876e-01,1.284538130541524048e-01,2.168886948325091935e-01,4.229496169065452560e-01,6.457184298382859788e-01,9.550562356760741167e-01,8.134867639275774609e-01,9.678345313701941510e-01,9.394417246592940973e-01,7.852065145905259280e-01,4.783588271663520852e-01,5.762325501118799043e-01,8.087229433448441807e-01,6.446009579015500313e-01,9.504469877161820790e-01,4.037667553211067295e-01,5.523284844916025449e-01,8.098238095275031023e-01,3.527116448363705747e-01,5.047111302877175243e-01,6.030965392627266608e-01,2.594691275595072399e-01,3.475719085997134861e-01,7.630400977156630571e-01,2.389305835908516751e-01,8.503331451798153973e-01,8.676018600404949987e-01,3.343012753400033121e-01,6.095850128160079651e-01,6.685377071306521923e-01,4.239096626914531374e-01,5.662668104101501454e-01,5.084609686536021300e-01,1.868195522379557383e-01,4.709388388942459813e-01,5.357843908218341555e-01,5.244310939542675687e-01,5.640322396533361538e-01,6.256291063885933701e-01,6.322161536235729740e-01,5.927240719830939586e-01,1.511712873250670164e-01,2.113417364075718674e-01,8.340635383453187668e-01,6.266141737701836911e-01,-4.356983326729985118e-02,4.193447580896276783e-01
7.344634336858043566e-01,3.719481333181973159e-01,7.715802712060150226e-01,7.527977807062848914e-01,9.824739904212996811e-01,4.095180983714536427e-01,5.318346977429476707e-01,6.367842335300937240e-01,4.871630534158361558e-01,0.000000000000000000e+00,3.191656910182040785e-01,7.574034117082357742e-01,4.458743198273220076e-01,7.898000157688294109e-01,3.437234360039559955e-01,1.859146488358787985e-01,9.265170767832180410e-01,4.343633257000071302e-01,5.710088974956375463e-01,8.235705943349119762e-01,5.084836205379412721e-01,5.358757586413928076e-01,6.607253829276564794e-01,2.555260318162773103e-01,8.765833738405390818e-01,6.613743013771680168e-01,8.682703041892027018e-01,5.580813975266014637e-01,4.540561152711002912e-01,2.389840861027013041e-01,5.252488478090142771e-02,9.959715728617348773e-01,3.073524123098363425e-01,9.750121850349461328e-01,6.592547766504215367e-01,5.711395282657991679e-01,2.258260055837551031e-02,6.144580235435217475e-01,8.188047930010532438e-01,4.195968617445905990e-01,4.051679921891920833e-01,6.614448154098737653e-01,8.597401944169001942e-01,6.483331492486932301e-01,3.585654520309723980e-01,6.104309535811900528e-02,8.533799803230898151e-01,9.294377362086732042e-01,4.454127467661064821e-01,6.320767984728793421e-01,4.934647341079435034e-01,7.438853941859858709e-01,9.491930635641818714e-01,2.172005743490736385e-01,7.257423730451433297e-01,2.409823779692442658e-01,2.788527428035885158e-01,8.970317998390433534e-01,4.218080624646350363e-01,7.148093183675914286e-01,2.437690664420507081e-01,7.693062394100738111e-01,5.750271697437315810e-01,6.730331604426398329e-01,8.719136317317116580e-01,5.449915789125313603e-01,2.580508596486686401e-01,8.690880812321337689e-01,-2.194745651653908225e-01,4.834049476916393862e-01,4.900140301066134296e-01,8.117010472334234006e-01,7.430481871697923735e-01,1.446404429682613957e-01,6.475470278815274039e-01,6.095417529006522672e-01,2.629604988299041879e-01,5.133218492627579232e-01,6.025455501131680158e-01,1.115329001585955021e-01,7.289124980091858941e-01,7.355118264670844619e-01,7.518513836869551437e-01,5.505919950805344687e-01,2.344508692185744980e-01
7.367890512261336955e-01,4.302017108423726865e-01,4.867678774665693542e-01,7.921604346141164488e-01,9.892396624908899039e-01,7.085157059968116844e-01,-1.958246355762068014e-01,4.509197994723553315e-01,9.913324578166723411e-01,3.191656910182040785e-01,0.000000000000000000e+00,8.939913861427155606e-01,5.473563516771673410e-01,7.659206120113312144e-01,5.854663775444031160e-01,4.660333719974939504e-01,9.028183898007723363e-01,7.778279432219745715e-01,7.356647921800332224e-01,8.088775314772252978e-01,9.821732985419387996e-01,6.548518895829988917e-01,7.528911767063767302e-01,6.650126855443188045e-01,5.609567368468323378e-01,7.112806866498763148e-01,9.881150423178953757e-01,6.264047627800391205e-02,2.807576352184100454e-02,6.965620887757670854e-01,2.719432270398153273e-01,5.216943999068291982e-01,6.539337150970081503e-01,7.719099189868571242e-01,8.491859621916727496e-01,3.383390798686956580e-01,-9.749093658409302421e-02,6.576510952445019376e-01,8.852632596231907458e-01,5.898686794863436944e-01,3.705797330586930727e-01,1.368734836376837571e-01,3.814565495805814499e-01,3.491379024674179377e-02,7.063557021920713330e-01,6.317575734083529237e-01,6.287241753323719040e-01,4.693543907541330440e-01,4.395354452075754814e-01,2.938017464403628320e-01,4.748160749520937696e-01,4.212324466829622804e-01,4.619812142695780555e-01,7.731314624116560896e-01,6.196442370531726196e-01,9.668800172141018834e-01,6.523281274683244702e-01,1.283539537623616666e-01,8.363241562759393677e-01,4.389551216495737873e-01,6.483202206903252440e-01,6.826813710718032668e-01,6.718076628206114398e-01,9.746404495026782522e-01,7.854898709117044131e-01,4.122051604505101441e-01,-7.997272921965689618e-02,9.916061706235181905e-01,5.264620469727745444e-01,7.624791557004761966e-01,7.554701162046515428e-01,6.596731142933254244e-01,2.630618923993517377e-01,1.056799162665122138e-01,7.974933492658362599e-01,7.999488625410985376e-01,6.254396218370685823e-01,3.812671215857370566e-01,1.706710950931837611e-01,2.960876237274775447e-01,5.999261754621609821e-01,8.491454187443573387e-01,6.466227474661740970e-01,1.540882141268625216e-01,4.557577552561044576e-01
8.314662616124681715e-01,9.529638928257737618e-01,6.338256271726799840e-01,7.929116412513481649e-01,7.136683898415575600e-01,4.126940862807709220e-01,5.649186272817979804e-01,3.182487775998446011e-01,5.272866780580384161e-01,7.574034117082357742e-01,8.939913861427155606e-01,0.000000000000000000e+00,5.345854352295162926e-01,7.044242102023809959e-01,5.422018836985184054e-01,7.381967175253503211e-01,5.758199838856833397e-01,6.541428522047343375e-01,6.189143292700144405e-01,6.035220637795403187e-01,4.342613631856083733e-01,5.369722917856778466e-01,7.871444645073777391e-01,9.566703331997393756e-01,4.372265236968073676e-01,9.504555075935432473e-01,7.416366520427606357e-01,5.754314282837517114e-01,6.513962989128022074e-02,3.906929138351577513e-01,5.359875688843825925e-01,4.673231082074491560e-01,6.746341331478534764e-01,5.551903455110268615e-01,3.467596135685386272e-01,4.833147707193495290e-01,2.880456907297351821e-01,4.345240376694190498e-01,9.956243219906883990e-01,5.406835994574010762e-01,6.322940976399422652e-01,6.821779147106045160e-01,8.230395782271782146e-01,7.183819001641285062e-01,9.902059562608201970e-01,6.922768133649268574e-01,5.423524083178028476e-01,9.273354502058439586e-01,5.669139657992490200e-01,6.726527158472853096e-02,7.157162220662478536e-01,1.233833950750997249e-01,7.597204835466957462e-01,6.150360381309866176e-01,6.346035951446734602e-01,8.528227516592647994e-01,5.561767644579785896e-01,4.232075549213695220e-01,6.838435528887816250e-01,1.657524750435167560e-01,1.937425338905158778e-01,4.651200305574851868e-01,2.815296624889365718e-01,3.748767662010502599e-01,6.245236938091915935e-01,6.007361805696236345e-01,3.622348977259080560e-01,9.617013563150217381e-01,4.480702160445829141e-01,5.150382568154991958e-01,7.780794322604123181e-01,7.406123905478867453e-01,-4.164999628387425212e-02,1.373687305603431275e-01,3.508755962130893913e-01,6.887231258659062272e-01,4.140834199697549511e-01,6.594379035608972650e-01,7.746304747255476908e-01,5.461618343308280998e-01,4.641722163238137799e-01,3.970628710552045471e-01,7.052583973836898945e-01,5.864207929018296905e-01,8.769121851939878365e-01
6.188320008577752329e-01,6.141439663604167931e-01,9.100625117089049532e-01,4.108685999914493681e-01,4.181388709404688098e-01,5.108151473579614077e-01,6.434697562654335679e-01,6.265176792615720913e-01,7.587689417455527607e-01,4.458743198273220076e-01,5.473563516771673410e-01,5.345854352295162926e-01,0.000000000000000000e+00,6.153900575719833954e-01,5.788934578719839852e-01,9.687633972539371197e-01,7.921711454414319675e-01,5.637605038510780098e-01,2.850085460915221733e-02,1.833339220643086520e-01,8.722085583949960030e-01,6.507751729350994552e-01,5.562056732609392817e-01,9.052130176687694929e-01,4.913024296147303627e-01,9.658213022923795021e-01,8.721929702806657803e-01,6.084344569836661609e-01,1.972409213068188061e-01,5.445916190190456252e-01,-1.578879252791100529e-01,3.384389809261625220e-02,6.034031649996239866e-01,8.871797132821740428e-01,9.943376479936794077e-01,7.309885862776466237e-01,1.934042162291434996e-01,9.547104619085254873e-01,9.006021151515842815e-01,1.650476998862910605e-01,5.607676352854822355e-01,6.710835052803888479e-01,3.150182653077656658e-01,7.346130600636850971e-01,8.739644866293593273e-01,4.467428734387672296e-01,3.986215738929234087e-01,8.832135083165528755e-01,6.964768386408073386e-01,9.610278688195443841e-01,8.961005275067274178e-01,5.211606918603137739e-01,7.320843488370012420e-01,7.496676458015718580e-01,6.361068379406431550e-01,5.045322869616116757e-01,4.704141672990894696e-01,4.068647984914322002e-01,6.463598197906219589e-01,1.669252220432785594e-01,5.553374904032138022e-03,9.898043140311774124e-01,5.838817038093193634e-01,9.559447366465647633e-01,6.837495716850163774e-01,6.870995035077482882e-01,7.787526156463537852e-01,7.789136785647570171e-01,2.964176726621807201e-01,6.478358627365820022e-01,7.632725767397301464e-01,6.003716173804032330e-01,2.072854509996372996e-01,5.916399360694502008e-01,1.660767097810250947e-01,8.581049554920673339e-01,5.731439879883000188e-01,8.360178472780424030e-01,5.142305087430953936e-01,6.696559352467980064e-01,5.569767221484658304e-01,8.892841559940120044e-01,7.221345841900732587e-01,1.648161299163789506e-01,9.373092279571895169e-01
9.638163116229772065e-01,4.028025298419629641e-01,5.193473556694151450e-01,8.733122708155901526e-01,4.942102801840702053e-01,5.721865421921629169e-01,2.575467112300552919e-01,4.452828691758317636e-01,8.024698832204977261e-01,7.898000157688294109e-01,7.659206120113312144e-01,7.044242102023809959e-01,6.153900575719833954e-01,0.000000000000000000e+00,4.225239754537260528e-01,4.193816982081476907e-01,4.195758933184785544e-01,7.043319183893650415e-01,7.393036416281467682e-01,4.444640951876799861e-01,1.111253787330225978e-01,6.161530795252437853e-01,7.147634477388042917e-01,6.130364829039702812e-01,6.660918856043338554e-01,7.029639230696409502e-01,7.226023304426789640e-01,1.351095251550319676e-01,3.190921671619425526e-01,6.143088157189257048e-01,4.939422698154336544e-01,5.146741233808794780e-01,5.720517265173787891e-01,5.511142099192728461e-01,4.836696566474755210e-01,3.036235083925999945e-01,2.083293954352303801e-01,6.521167795139491963e-01,9.869017246592524106e-01,7.834946385033974003e-01,3.300439959110798571e-01,9.199070464279329729e-01,7.873510730067435626e-01,7.723137411633094196e-01,6.437679273060809004e-01,2.262656590228898368e-01,8.963069779514473145e-01,2.234869936291911108e-01,7.718000935824096409e-01,3.492651102837152077e-01,6.683448469789786683e-01,6.302285036975838750e-01,7.645557295357232608e-01,4.130261404467882036e-01,8.546832853385122331e-01,8.036484729370392543e-02,7.997857306846632985e-01,4.997674018348158276e-01,8.070464937968661046e-01,5.139775987031356408e-01,7.222370885860170120e-02,9.649091945150488348e-02,6.239248167565907277e-01,5.575543435943624004e-01,7.605664031375212186e-01,9.309797036893785460e-01,2.684966899402776996e-01,8.970995354722869353e-01,6.583134923785527448e-01,4.877312620831903978e-01,7.599153736055520580e-01,2.085333160022939392e-01,5.602533910020277563e-01,1.624703835659779827e-01,6.143837820582240816e-01,8.844187574875528313e-01,9.909836283684499980e-01,6.153295551888949833e-01,4.471164196403292768e-01,2.235769125702457560e-01,8.427724923186121764e-01,7.808514321940982494e-01,7.276905038311864971e-01,4.188244759272766182e-01,5.629691307000945777e-01
8.777043422564509978e-01,6.700531455726259633e-01,5.297197764370987771e-01,8.755538173943240299e-01,3.492185891080673565e-01,4.298871014934291246e-01,5.431651875307550448e-01,5.825106973746799754e-01,5.921078539535522545e-01,3.437234360039559955e-01,5.854663775444031160e-01,5.422018836985184054e-01,5.788934578719839852e-01,4.225239754537260528e-01,0.000000000000000000e+00,5.774412806164245238e-01,4.192688574701554649e-01,6.095486610664968552e-01,5.024103694400101627e-01,7.606184473399717483e-01,5.007787225045262636e-01,5.439317318751072383e-01,7.353904393156729391e-01,6.443101475857372362e-01,2.509333000933520186e-01,4.888719951168054578e-01,5.087563945811862665e-01,4.377990276850995954e-01,2.589796840721451110e-01,2.716713791794766464e-01,5.517595465498789098e-01,2.941747321918787295e-01,4.800546483090057936e-01,9.956094264560220175e-01,5.571910699971253100e-01,4.489269732137372015e-01,4.275340204193733840e-01,7.488143891136240793e-01,8.120482720440539426e-01,7.150968837458521188e-01,7.074145592966941676e-01,2.944900172386901716e-01,8.605020470919795272e-01,6.950517783737775179e-01,9.157227307438933206e-01,6.490179716269574017e-01,9.229101445847408547e-01,3.925100187105178273e-01,3.027292220619426377e-01,2.463415556419611963e-01,4.945858266797631964e-01,4.177115871666782221e-01,7.646223681197936717e-01,6.389932369322857131e-01,6.031402250215170957e-01,8.258858654157217316e-01,4.730225623023416315e-01,5.398981276517258454e-01,7.289107628779998294e-01,5.929725223734665374e-01,7.117050937688259582e-01,2.342604272151715683e-01,4.424481545490142054e-01,9.406546369990432810e-01,6.123579724908453370e-01,4.795301585333301420e-01,7.083686619806286444e-01,4.118209645406454289e-01,5.697379920082129567e-01,1.675443538464551907e-01,9.469776614706549855e-01,4.679663224889383244e-01,3.828275246026278111e-01,2.945184670688191786e-01,4.142022789666237603e-01,4.076420555358110098e-01,4.909042581160598107e-01,7.168008717890536063e-01,3.441770785950472034e-01,2.874252483262234037e-01,2.810659042649805150e-01,9.465500223007359271e-01,3.455117441822078694e-01,2.216944680533667611e-01,5.648220702406332450e-01
2.385107248084290810e-01,6.124992414389394263e-02,9.962102986923582204e-01,6.843844086866432974e-01,6.322030157988227650e-01,5.345985098093856136e-01,5.149632252145771583e-01,2.269115724189876004e-01,6.045052266917257944e-01,1.859146488358787985e-01,4.660333719974939504e-01,7.381967175253503211e-01,9.687633972539371197e-01,4.193816982081476907e-01,5.774412806164245238e-01,0.000000000000000000e+00,6.641530725307008831e-01,5.748480871554126903e-01,4.935407886861339355e-01,9.497359920924686172e-01,7.420531148567481861e-01,7.748017062001791855e-01,9.505552669306425173e-01,7.074406015718667229e-01,5.884878397232995439e-01,4.148113394401304888e-01,2.372294923899503361e-01,4.790109450974231464e-01,4.870341626342638008e-01,2.946476949531742218e-01,5.849880583147385460e-01,8.068956053560834285e-02,8.519005481924371015e-01,4.359394163030818059e-01,4.477630145078441148e-01,5.649732182519532353e-01,9.897759021500032728e-02,7.225892238129125733e-01,8.738150285059548272e-01,6.369833487702842856e-01,2.878480259975595978e-01,7.591453813464820177e-01,9.340638164361705353e-01,5.449411742266536685e-01,6.115093327716392135e-01,6.717622263338369759e-01,6.544368358972281197e-01,9.439712818046904763e-01,3.905003101858600667e-01,4.334657680973117988e-01,4.507488328461455862e-01,4.376087901033451355e-01,8.037231714768940938e-01,3.730994321210398534e-01,2.445057041890827398e-01,6.085845067192757751e-01,6.735105074229906508e-02,9.379783852093366292e-01,5.687369148310159606e-01,7.715827577870047749e-02,2.568450302207194724e-01,-1.410728575276352648e-01,7.906010307648757562e-01,6.502278132141420253e-01,3.124742600653694913e-01,9.837997941997242979e-01,7.662223504463867574e-01,5.049561197348940711e-01,6.500262143808965831e-01,9.137330728506622979e-01,8.120773090086553792e-01,6.078757573266830860e-01,5.695208357649850228e-01,3.176709617401344277e-01,5.631935243367494071e-01,3.740424646639886053e-01,-1.644975032388195924e-01,7.280748073928399178e-01,3.754308413795423016e-01,2.518711798922512735e-01,2.049214414585291411e-01,8.046802301890768616e-01,8.668834838455196090e-01,5.301291552747458002e-01,6.078315904027881134e-01
7.095405864374894067e-01,4.969854097809061066e-01,1.822130516629867358e-01,3.568972166160871429e-01,6.604192634903006676e-01,8.182533746566184041e-01,8.958249826563600138e-01,3.292418469332199504e-01,4.107942429957887054e-01,9.265170767832180410e-01,9.028183898007723363e-01,5.758199838856833397e-01,7.921711454414319675e-01,4.195758933184785544e-01,4.192688574701554649e-01,6.641530725307008831e-01,0.000000000000000000e+00,2.070062229252278008e-01,1.546952321330451741e-01,5.751046606718470677e-01,4.870358313930297500e-01,5.748898293830132511e-01,-1.423756025587297191e-02,8.216929877067902233e-01,2.013699409002941976e-01,9.128349184137322103e-01,6.328329509274404074e-01,1.291854529448169808e-01,6.367800420099725134e-01,3.014352222306427853e-01,5.156626129113623946e-01,6.260145347582081188e-01,5.937005930119143571e-01,2.527356034516128336e-01,7.102302765982917432e-01,7.328193676877511331e-01,2.753634444253396096e-01,7.748661748290444073e-01,3.294857575839249542e-01,4.124820511299205350e-01,6.726460827948248511e-01,8.154626865017731152e-01,4.365967602532826453e-01,7.714139059082374406e-01,4.458488791279059948e-01,6.140581182805513460e-01,9.012329973013372131e-01,9.690791819391757489e-01,5.411352856917208687e-01,3.938184254393080619e-01,7.135697220607328806e-01,8.898204160350134950e-01,7.558391192302464923e-01,9.736614787815913719e-01,9.150087839869324169e-01,4.818699970653770315e-01,8.267626880233883702e-01,9.092173007803427964e-01,5.997178187299492258e-01,5.334307835595124558e-01,5.234071354674856708e-02,5.552938801022918591e-01,1.080472830363232994e-01,9.315304350496889096e-01,7.087213139713895993e-01,5.428013984415213100e-01,5.815519123764610887e-01,4.170786545052109773e-01,4.340222159288431025e-01,6.892446652606506463e-01,6.367891178422179221e-01,4.195141163133109252e-01,4.713455927109592158e-01,1.528025619264531676e-01,9.157436944670883650e-01,7.704276174135554767e-01,5.537416338477424427e-01,5.803486530998271942e-01,2.431156748977688076e-01,5.198974575525726616e-01,9.077026366482719988e-01,6.169334176898483291e-01,9.956924256355739189e-01,5.113905811655420353e-01,6.597029210677327615e-01
6.443488520771132322e-01,7.630784816822079319e-01,7.940350642140717730e-01,6.112733151927580710e-01,3.581415878347876669e-01,8.188238835004385541e-01,6.510017995274479663e-01,2.535743388415587773e-01,5.828885163092124566e-01,4.343633257000071302e-01,7.778279432219745715e-01,6.541428522047343375e-01,5.637605038510780098e-01,7.043319183893650415e-01,6.095486610664968552e-01,5.748480871554126903e-01,2.070062229252278008e-01,0.000000000000000000e+00,2.944226657518929091e-01,5.307354762704384887e-01,8.546212200238030299e-01,7.428431535802186847e-01,7.251351858886493362e-01,7.528936215082613348e-01,2.828758911118985919e-01,5.837344798571187932e-01,6.899014564803301885e-01,5.700661464195997397e-01,4.503863348351613283e-01,3.720662460424095652e-01,1.361366837961135168e-01,4.293512529674516354e-01,8.157480778473817917e-01,7.956468308304402992e-01,2.182243341379683232e-01,7.781553139646326667e-01,3.738576441659517968e-01,6.535489607671064460e-01,6.482142204434251376e-01,7.201183988162533911e-01,1.942201013085405881e-01,7.832181385497319903e-01,7.622949853411959964e-01,4.767175858676148681e-01,6.781062730379938674e-01,6.127659587504372674e-01,4.623724635884696177e-01,6.188017184784201374e-01,5.377175794490960392e-01,4.409288661697665646e-01,1.222800767957464285e-01,5.143599028434830966e-01,7.552927536330859004e-01,7.309100843875719900e-01,9.368519847466409978e-01,3.576042542646977740e-01,7.811461489326652075e-01,9.868472531511752743e-01,5.418647559093863197e-01,7.144662403385757532e-01,4.545476645867743692e-01,7.768361049837697596e-01,7.742912561515186143e-01,7.141473274639639213e-01,9.009991586047595424e-01,5.084794039094412410e-01,4.783107595164312609e-01,9.006244911660260533e-01,4.003566416542221340e-01,3.835091795794288716e-01,6.951302361265451202e-01,3.469781246116450113e-01,3.325653318403447023e-01,7.132690709940210372e-01,6.927758135248518467e-01,5.906275221167323064e-01,6.493518572252285903e-01,5.503000348593402036e-01,7.910445309833087357e-01,5.699578155455434225e-02,6.386039333364978976e-01,8.688789945234266510e-01,7.354585456526031573e-01,3.696002948210898031e-01,3.861371731440206567e-02
