0.000000000000000000e+00,6.427496153834080239e-01,8.406326956620918667e-01,9.789867781928608403e-01,5.466135801774815173e-01,5.084444375053600584e-01,3.844778976908269086e-01,5.959857591921159381e-01,7.405644390956159784e-01,2.562592966178354192e-01,6.279570090372568192e-01,6.331855810981438237e-01,6.412393734151843327e-01,9.556958425064177032e-01,6.344732926557588026e-01,8.907149948283422658e-01,8.340246030000967314e-01,3.284054582735147498e-01,3.412409282391145049e-01,8.030723402325273819e-01,8.018438293939473827e-01,4.467254914006499322e-01,3.473580524622947308e-01,7.813661495859768324e-01,9.604278364165010906e-01,9.141539277202187508e-01,4.962322087975694074e-01,-3.486326806781042675e-02,3.601711096215959307e-01,7.071382390062726231e-02,5.854035861855457767e-01,5.617524069473633919e-01,9.661230718864632916e-01,6.786414776243598901e-01,9.549755311459170448e-01,2.282571334751923309e-01,2.977537448101761353e-01,5.393936421201340758e-01,8.027554035966927293e-01,7.143834806107390856e-01,2.878691828605180192e-02,6.223958289983133607e-01,7.557288415945352389e-01,6.715817490861243355e-01,9.501012451099228873e-01,4.199633397700410775e-01,4.350257658906951930e-01,4.809369480432982291e-01,7.381179148458799633e-01,6.034090563158402976e-01,7.470627091609791659e-01,8.462335962656046817e-01,7.888133924813378606e-01,8.336345082372450532e-01,3.314512614933084467e-01,6.611486741088038466e-01,7.385945762428154371e-01,9.338598810246762083e-01,2.577640312280697898e-01,2.492661156060798633e-01,2.405537226245520188e-01,8.003607582679156396e-01,2.415861644966982302e-01,9.419239907999619188e-01,7.818790491566854350e-02,8.768038691428682307e-01,8.667800859915819611e-01,3.649557303297059629e-01,5.238799770387211341e-01,2.549770846604079710e-01,5.837082578928821652e-01,8.509849890547429574e-01,3.315602771573645802e-01,2.979282210644470519e-01,6.815234534360112839e-01,7.685374259595331159e-01,7.033673932000126250e-01,5.587537784664757812e-01,3.055893498722183632e-01,3.694976436536200337e-01,8.444289629417516263e-01,7.495263736952830769e-01,9.641567293639301539e-01,3.633358995534408109e-01,4.312685582720251487e-01
6.427496153834080239e-01,0.000000000000000000e+00,8.374766320951388954e-01,4.407898515374717441e-01,1.302110370639787129e-01,4.101728732729202909e-01,7.338759576123411454e-01,5.844772602006350626e-01,7.274199037178523675e-01,4.777829307533729697e-01,7.433490256681405395e-01,4.230436908791646022e-01,4.097011455554757098e-01,6.214902698659514613e-01,2.708795494482569288e-01,7.518224148985996891e-01,7.466075332589409141e-01,7.663742522583271155e-01,4.347051866465987402e-01,4.957376591095747909e-01,8.058542509484897254e-01,4.685250966452080834e-01,6.494759444620969990e-01,6.281065230447290260e-01,2.494575612082488847e-01,5.392178262138475064e-01,7.799788339244555502e-01,8.656872447481190891e-01,1.586229813542470446e-01,2.284852731276452720e-01,4.454480795592183351e-01,1.909277531844178200e-01,6.017940119905106355e-01,2.111360057207596896e-01,6.117573990707518838e-01,5.477399323432124989e-01,2.247375161334414506e-01,3.873228855536244297e-01,8.271064792177102998e-01,7.937363680877536076e-01,2.060057105764563634e-02,3.864364708578034158e-01,6.408456073416222143e-01,4.851476946854330619e-01,6.881252125966724753e-01,7.602331951683986011e-01,8.764696192336547398e-01,4.243608690319136678e-01,6.725584469327754444e-01,9.378902540505487107e-01,4.926212221445032680e-01,2.672940090508232891e-01,7.963825593904210187e-01,9.499332782062108738e-01,6.617531668740936901e-01,6.947522873368003893e-01,7.710075654257981803e-01,2.775349099639333739e-01,7.890694959635575767e-01,7.486184821315112758e-01,2.841176978601417380e-01,7.604214245732309196e-01,6.353931098883347506e-01,8.163710669424042443e-01,8.818622522658322582e-01,7.313750646278800449e-01,9.095704523449951173e-01,2.536286464111250916e-01,7.821890512565823350e-01,8.444154173727161927e-01,8.141043207035346674e-01,4.559196374272510566e-01,1.085104283137222902e-01,2.465258902270704711e-01,5.208566039294572070e-01,2.483510199991783296e-01,6.316025429498253185e-01,7.445199672153665071e-01,7.381929512127491932e-01,2.535816356372595504e-01,9.963407051598170694e-02,9.892575381645845045e-01,5.279329705576475407e-01,4.291329662205769502e-01,5.456543507019681050e-01
8.406326956620918667e-01,8.374766320951388954e-01,0.000000000000000000e+00,6.448202039850911005e-01,3.528281803610796574e-01,6.759369783534310283e-01,5.477863783956230526e-01,6.245603075976438046e-01,-1.000210472855760924e-01,9.230135676861842553e-01,8.818931790989431585e-01,4.692865921526719886e-01,9.332787558363390135e-01,8.904079384499689054e-01,9.010222863667036730e-01,6.643845903878984327e-01,3.362985474804618402e-01,7.324768686542421081e-01,3.165713690432138683e-01,6.070314267581272683e-01,1.329201861140736074e-01,6.979417850777229759e-01,7.976531631762570074e-01,8.375724953784987603e-01,2.657521707127618038e-01,7.311622243174564773e-01,4.302883613313610578e-01,5.434878786928714067e-01,1.128669060471989595e-02,7.861725402604349267e-01,4.156788612067005007e-01,6.629660661629601659e-01,4.686177412954075083e-01,2.094114529191833662e-01,3.567761625509890955e-02,1.738403406691012287e-01,4.425967394065607463e-01,6.177256755195928983e-01,7.610474121543255865e-01,6.942106924602141627e-01,4.194130760159116567e-01,9.323450284778955766e-01,4.100230157480238002e-01,7.861962373989486719e-02,6.408139624871482809e-01,8.937219932200425321e-01,8.087761866132618938e-01,4.609951897172602786e-01,6.805667215404491710e-01,6.953367453522364405e-01,5.404858308923100006e-03,4.957405023157840374e-01,4.879710642804763188e-01,7.693064694977183038e-01,7.440437823792913630e-01,8.008205970618186287e-01,7.683182546933384760e-01,5.580437565067908334e-01,3.390377423145726765e-01,1.451647141361709081e-01,3.839808990100248565e-01,4.285664454259134892e-01,7.926215040711316329e-01,7.944704510647365714e-01,8.497632979998689384e-01,2.468519246247631860e-01,5.577140827551392288e-01,7.121387849135218939e-01,8.335226583764100416e-01,9.623541629443111978e-01,4.599670977060302812e-01,8.937686516137565151e-01,2.221402430025234687e-01,5.449779121023312634e-01,8.900234109126142767e-01,7.002534034691977327e-01,9.731102009327270430e-01,4.410305912312096344e-01,4.253842679633460522e-01,5.784174638773741384e-01,9.688869583014509956e-01,4.538230771345161951e-01,8.262620536575520092e-01,9.713131100288167064e-01,9.219394172436032875e-01
9.789867781928608403e-01,4.407898515374717441e-01,6.448202039850911005e-01,0.000000000000000000e+00,5.954528784409076625e-01,4.246815074679962110e-01,5.863406996066518051e-01,6.825205942848032725e-01,7.879946149468319838e-01,4.149423195159426259e-01,6.774358686543379138e-01,5.885968183344327809e-01,5.037654194408681674e-01,4.277703057142302479e-01,6.853001507085358934e-01,3.227747683256665945e-01,4.249485076732900657e-01,4.911863562695508723e-01,4.839076431050399196e-01,6.562995664784871952e-01,7.361055408514832754e-01,9.678317362800912260e-01,4.884408016744623549e-01,7.808710373114564618e-01,8.008700903927334566e-03,4.966773085562620760e-01,6.561197616121180465e-01,6.677345063936701575e-01,3.548027503084881240e-01,1.692813822270763380e-01,1.831502461383183733e-01,6.933515606218395577e-01,2.592811753455720458e-01,4.973146009747500540e-01,9.234590172904653116e-01,3.263937289325864743e-02,2.347594126089613265e-01,-4.145108492111868048e-02,7.814049281921610079e-01,8.593469574063575811e-01,5.078254251023307519e-01,8.187235444754041858e-01,9.507479878373855664e-01,6.724860738595647147e-01,6.185715230765819195e-01,9.860463768513639815e-01,6.824954119331573255e-01,8.336526827107891835e-01,2.611490717679282869e-01,3.617070490286992124e-01,9.973408412167933390e-01,7.936784989215814878e-01,6.684085886998907267e-01,4.197176200384944988e-01,9.676933961607440127e-01,7.190519520123360708e-01,9.494679545520211539e-01,9.518435916653540385e-01,3.751196689057649802e-01,5.443513669428946544e-01,6.085997260855282587e-01,6.213107035248229826e-01,4.231753161011020392e-01,7.339075560954699817e-01,9.813243472121246924e-01,6.107498929897242634e-01,4.332859930504787127e-01,8.235086948885340652e-01,4.923366487211813247e-01,7.428512278295998916e-01,5.133383271086268129e-01,1.387010676768757889e-01,6.527359579841214288e-01,7.574403012190347173e-01,2.793597526142949095e-01,7.252489054158058890e-01,7.959691920234830409e-01,5.369682060078755370e-01,3.151769443376998825e-01,4.524753748527410302e-01,6.058714809389678102e-01,8.695741909497884947e-01,8.748172808637039166e-01,-4.790499422299723253e-01,2.496319704332561895e-01
5.466135801774815173e-01,1.302110370639787129e-01,3.528281803610796574e-01,5.954528784409076625e-01,0.000000000000000000e+00,6.683460004831305312e-01,4.299631149927053420e-01,7.413577791757659519e-01,1.350430486763740390e-01,8.347880024357067219e-01,6.057964857953649362e-01,5.527775588827359837e-02,2.935514266444714249e-01,6.267831550777454019e-01,4.303887337352202413e-01,4.443230295368971183e-01,9.648299392847587974e-01,5.505680297073571872e-01,5.239061309607355721e-01,7.635041743523788282e-01,6.079046041302147430e-01,5.393192962389738998e-01,6.789660617581539936e-01,8.433691449050861877e-01,6.968696982564949183e-01,6.392544593850117973e-01,8.443682083142394212e-01,8.038411211742683138e-01,3.251356667022022862e-01,4.303223579628554507e-01,6.721084020549452642e-01,4.061643850261595912e-01,6.634522015084100000e-01,6.511836844624175891e-01,5.953790309039121986e-01,5.465386267883319826e-01,6.242507688054619308e-01,6.877352975766461984e-01,9.702723390147812710e-01,6.088420927563966689e-01,7.566037299931376303e-01,7.097369041845252857e-01,6.324078782358782957e-01,4.196054566914200201e-01,4.997212881110910665e-01,8.172482552383083521e-01,6.386389756161522380e-01,5.774124147677377472e-01,7.122568952348039550e-01,3.544032004877091246e-01,6.136241190932562040e-01,4.721360631534018415e-01,5.260430871267781638e-01,5.343783307545854067e-01,7.116964699102781289e-01,6.908733522552289452e-01,5.814416170352003643e-01,8.048020824252463123e-01,8.353551174599835871e-01,6.045504616628830652e-01,4.719885152583932486e-01,3.662609196391352073e-01,5.691848682504851986e-01,6.610432476630547782e-01,7.215499167845016437e-01,9.276816616209169197e-01,6.392303868273419010e-01,3.498473329134512699e-01,5.424610401545432170e-01,3.424170322767056129e-01,8.404316626243081290e-01,6.547973439301291165e-01,9.614403124868434181e-02,4.016867777378637649e-01,5.092089057060587010e-01,7.743213767197090203e-01,9.946234679072840645e-01,3.555154878379850336e-01,4.847074964311657297e-01,2.636786268940256583e-01,5.987344677346226884e-01,7.498075464284413849e-01,7.005441307521510508e-01,1.671358080493322296e-01,7.622402558212496571e-01
5.084444375053600584e-01,4.101728732729202909e-01,6.759369783534310283e-01,4.246815074679962110e-01,6.683460004831305312e-01,0.000000000000000000e+00,3.040795621897983692e-01,3.010812831295519576e-01,3.075874489717239091e-01,9.398366292331480354e-01,6.519435875014810700e-01,8.575874747645828577e-01,7.033204792370657543e-01,5.803333871121220122e-01,7.375183498656222580e-01,7.593661261370440174e-01,7.574427004270206654e-01,5.610806094030605928e-01,7.235613181140783112e-01,7.418276167155627432e-01,9.054936025127666710e-01,5.727624424785207058e-01,5.515843174908845459e-01,9.393491904424688954e-01,5.404841963290044626e-01,7.258412293618623501e-01,5.175393333643402149e-01,7.009045432912266449e-01,5.460992876554433550e-01,1.141633122822169888e-01,1.903835006531287288e-01,5.853460748421714932e-01,4.996888255079071084e-01,7.870323414737967482e-01,6.584734994732975855e-01,7.012411205340370879e-01,2.019926856414573924e-01,4.320447932203401176e-01,5.530937376484094115e-01,5.630851266118822585e-01,2.301295164694747986e-01,6.565883425507230697e-01,2.916904999111570307e-01,6.710555056440965505e-01,5.771287291350403192e-01,5.137536227740588934e-01,7.676770457677815074e-01,5.274696198894599508e-01,5.771158327182648318e-01,7.659112577565562185e-01,5.362676641084762608e-01,4.343708887929598195e-01,7.286352618499984946e-01,5.360289986815569563e-01,3.769058359676963343e-01,2.726213913269277533e-01,7.902569601966273893e-01,7.285599551320817158e-01,8.974840842457547652e-01,7.559404193691486862e-01,4.889313757924793058e-01,4.932163339862350449e-01,8.782424860621004248e-01,9.757181104466008392e-01,8.218993613988559988e-01,3.418143978303902486e-01,6.431352666246041849e-01,9.557500174363724454e-01,3.838319341827278186e-01,1.232692913546429986e-01,6.005862103315537937e-01,2.457534589480245557e-01,3.527715774442097274e-01,7.074975309005739899e-01,4.716964552337281069e-01,1.187777240498462672e-01,5.238899575909428119e-01,3.826526136935445299e-01,2.087544375169676503e-01,7.517294108397726271e-01,7.479316736539651789e-01,7.043092622056925656e-01,8.490356075551975801e-01,4.369954462297765962e-01,7.609243232786881972e-01
3.844778976908269086e-01,7.338759576123411454e-01,5.477863783956230526e-01,5.863406996066518051e-01,4.299631149927053420e-01,3.040795621897983692e-01,0.000000000000000000e+00,2.461766955197575435e-01,4.831252342583151616e-01,1.798238404252332501e-01,4.573663138458033961e-01,1.877858530626937139e-02,1.502165902095468353e-01,7.998978913997558671e-01,3.652050300997389254e-01,8.648701138520404896e-01,6.458071209564480997e-01,5.036189053290860418e-01,7.824851611047863864e-01,3.916701994893310168e-01,9.140969047345333109e-01,6.001027898000875771e-01,3.277177269138393800e-01,7.358550024592072081e-01,4.386251900054005670e-01,4.065488429350281874e-01,6.302479195207918439e-01,5.947536155903985211e-01,4.733703848076115106e-01,3.414088500226849510e-01,-1.747579903641474641e-01,6.607486287159878291e-01,6.984617726268761428e-01,2.310497199708757832e-01,3.796356005535052036e-01,3.515984513114149834e-01,4.188038130560045036e-01,5.747450247887795349e-01,6.254482511945488321e-01,5.297576248963262735e-01,2.335649757256191283e-01,5.163268551868227529e-01,4.276957062236669271e-01,4.249852437892310819e-01,7.140731302305739492e-01,1.429006626487272502e-01,3.231935465278588104e-01,6.620580739495391942e-01,6.587178229656684980e-01,5.266312264220180950e-01,5.063246364695507262e-01,5.140157321798261014e-01,2.026350015874404387e-01,2.333276728463677951e-01,5.847456781149796834e-01,6.677643097267784711e-01,4.019141467269566892e-01,2.949860419835806935e-01,4.324087079154753654e-01,3.114114454244791830e-01,5.437843849203747304e-01,5.756407450289183769e-01,6.281925737767809492e-01,6.978097109388233799e-01,3.853063746826392855e-01,7.941760070769039448e-01,4.205033309054552193e-01,3.168635598483817151e-01,7.733289269017662448e-01,2.692662752348509714e-01,4.272772529407007358e-01,3.170673633441247197e-01,2.102725090334616465e-01,2.680670815157740194e-01,1.780033723721174965e-01,5.924849646667151859e-01,6.793222640236583620e-01,6.513852413139007425e-01,6.774715304710094976e-01,3.007807687144640196e-01,6.426071552074659188e-01,6.404894567765695435e-01,7.667200832020146795e-01,5.674343591951873655e-01,7.065659562330232069e-01
5.959857591921159381e-01,5.844772602006350626e-01,6.245603075976438046e-01,6.825205942848032725e-01,7.413577791757659519e-01,3.010812831295519576e-01,2.461766955197575435e-01,0.000000000000000000e+00,1.813434705129676472e-01,2.326208891680196511e-01,6.158350542058824706e-01,7.165475917684693830e-01,6.619799760666814636e-01,4.362249634218935412e-01,7.032279592140886493e-01,6.843382706289160566e-01,5.141921176289268036e-01,9.320100498432181135e-01,4.879625287686188972e-01,6.574783001883244271e-01,5.072666050184225783e-01,2.273875087628038361e-01,6.330071107221199034e-01,7.007856239150764832e-01,9.430069529896384362e-02,2.188961623442410298e-01,5.418660449412109337e-01,1.111118345656466194e-01,6.875439588073948283e-01,2.410851115773010034e-01,5.371964986912156625e-01,3.697710248346657291e-01,5.554729508703155627e-01,3.713191996278658591e-01,8.759672444508908029e-01,3.633125415389470980e-01,9.988637508465968151e-02,7.203454694438140571e-01,1.830563125398592672e-01,4.269073578869938546e-01,9.264061535256592483e-01,5.016438227966544261e-01,9.779498357183681323e-01,1.096049775582294550e-01,5.502271184450174824e-01,7.343435956465080849e-01,2.135768392798214066e-01,4.527164633358922163e-01,4.262243760434614726e-01,6.094811359061863554e-01,4.023018674899595526e-01,3.210882981961974414e-01,5.763798441116735338e-01,9.229401094030005304e-01,8.745905606988679803e-01,5.629386339672518558e-01,2.619471212598099008e-01,5.214943936486925447e-01,8.099043487493176041e-01,5.317093045128445938e-01,7.690743649532644222e-01,4.316364738207667529e-02,9.788004275396333664e-01,4.923722640127634609e-01,9.366636600375383148e-01,6.536001931769545026e-01,2.591342056226481061e-01,8.285547040511009875e-01,7.345009928910281038e-01,4.671117244923211342e-01,6.622030192082843658e-02,1.684793166398437236e-01,2.299487897341684350e-01,6.240222837357608521e-01,7.064739756015049332e-01,2.458452058268964513e-01,5.499671371308104684e-01,6.370672709250142507e-01,6.562911622720507543e-01,4.936829212698677360e-01,7.960201847496171101e-01,6.252190828422865554e-01,6.508218683019495465e-02,7.983980733117636008e-01,6.566596689656050145e-01
7.405644390956159784e-01,7.274199037178523675e-01,-1.000210472855760924e-01,7.879946149468319838e-01,1.350430486763740390e-01,3.075874489717239091e-01,4.831252342583151616e-01,1.813434705129676472e-01,0.000000000000000000e+00,7.992986912043712477e-01,3.210866589584249198e-01,4.553350178294732764e-01,5.490031104848371868e-01,6.277686628664570501e-01,7.857405636754780653e-01,6.480530067181174969e-01,8.168345314032448012e-01,7.564845245853263345e-01,5.887228060740042901e-01,8.992280380737108780e-01,7.107498516342747319e-01,7.250861753471886662e-01,2.270494946234465627e-01,5.163098147437747976e-01,4.080855236550444132e-01,7.079088908285917636e-01,7.094132288876630055e-01,4.442481189722056745e-01,3.072896620000044043e-01,7.542124768226975418e-01,2.466866293873766491e-01,4.462065616761732856e-01,2.244126045452413676e-01,4.860819502189863139e-01,6.187215940706820572e-01,1.786069593066034467e-01,2.728359718764039599e-01,5.522636252236973187e-01,8.263830547982448094e-01,8.555802596192915166e-01,2.233973326221194156e-01,2.999246323107933598e-01,9.559666472322490005e-01,6.375541360065282159e-01,8.969023654871938200e-01,5.801894985522722259e-02,5.874606033850210407e-01,4.292369098382330384e-01,5.087149464149858247e-01,6.369806593717539656e-01,2.777139161370507092e-01,5.956287865427418726e-01,5.090917724249849341e-01,3.937595567667885321e-01,8.460726269385250298e-01,9.805931790301256612e-01,7.740784872206613043e-02,7.337191408113361568e-01,8.153057334938719203e-01,2.755797312138217325e-01,2.236775019713762580e-01,6.794331011679775045e-01,6.507610992980160658e-01,9.847325970412967866e-01,7.686233726158719914e-01,3.004440144558206960e-01,6.662684390478910146e-01,8.219901575705095276e-01,5.524697688550976871e-01,7.768210483188678905e-01,5.470967633804958430e-01,6.284499807811532168e-01,1.410929824380115771e-01,4.420467352251868376e-01,6.796741210971872782e-01,4.311172749520058023e-01,5.011283519428436639e-01,5.264457585146488094e-01,3.875692289365439969e-01,7.567043046927693917e-01,9.177658632998912935e-01,8.155992877121648332e-01,7.476341344572225989e-01,4.090132079151275191e-01,6.865640548445806068e-01
2.562592966178354192e-01,4.777829307533729697e-01,9.230135676861842553e-01,4.149423195159426259e-01,8.347880024357067219e-01,9.398366292331480354e-01,1.798238404252332501e-01,2.326208891680196511e-01,7.992986912043712477e-01,0.000000000000000000e+00,9.794922433044116472e-01,3.321104963548900946e-01,4.974959018840625913e-02,5.122813860633411709e-01,7.625277483336782014e-01,7.667010952695355597e-01,6.788486828580279075e-01,3.658376017773508071e-01,6.890236918982181047e-01,3.577292511786870355e-01,1.821504370565455166e-01,2.979402927842733639e-01,9.664198521407492137e-01,7.010826291677255684e-01,6.381309685656939568e-01,7.785957828884469967e-01,5.511968192913836440e-01,9.596361689622807667e-01,1.090036054115282593e-01,2.657001952328468253e-01,1.900194962363517537e-01,4.712377879892651333e-02,9.875474462457832781e-01,8.569668169117057310e-01,7.331606250818085702e-01,3.113252975702988090e-01,3.358901484326360931e-01,4.753408939091088303e-01,7.074990816130457549e-01,9.101321988145283370e-01,2.121133096320530209e-01,1.883565735946935993e-01,7.252608322445486255e-01,6.475583973101050050e-01,5.699259129901479426e-01,6.948757588819831632e-01,7.193982089967092541e-01,2.401073094487503057e-01,5.473850397341309959e-01,2.091709440503853323e-01,6.380654734956185958e-01,5.397542963780659342e-01,8.222280340643843832e-01,3.253043661528598474e-01,8.582141577426074530e-01,6.124499650247732241e-01,7.536813298160530694e-01,5.510264142159916334e-01,3.654580254057198108e-01,6.237065452304754176e-01,4.985507508337661542e-01,2.811951542496886614e-01,9.225284736831598220e-01,8.286605568758915741e-01,6.264097677714740575e-01,2.652307022185399488e-01,7.143727347044063203e-01,9.444523916436283750e-01,4.704992317233446242e-01,4.186892447659056882e-01,7.678289477313606781e-01,2.846498343140087539e-01,4.963444413968955415e-01,4.907912810767607326e-01,3.046287539066725447e-01,6.582970846704084833e-01,2.868350188823318159e-01,7.233425523826957360e-01,5.791436288833723411e-01,5.640119381079951033e-01,6.649324451318339158e-01,5.602904691323375985e-01,7.663077838436180844e-01,1.898967092560506498e-01,7.329242769955474079e-01
6.279570090372568192e-01,7.433490256681405395e-01,8.818931790989431585e-01,6.774358686543379138e-01,6.057964857953649362e-01,6.519435875014810700e-01,4.573663138458033961e-01,6.158350542058824706e-01,3.210866589584249198e-01,9.794922433044116472e-01,0.000000000000000000e+00,5.031885560132159929e-01,7.005912782053256294e-01,2.297409755550772203e-02,4.689092170854115005e-01,6.728203457217853956e-01,8.637496121701478957e-01,9.229852846213290052e-01,7.895732309143962402e-01,7.932695738446745581e-01,6.981020909887099002e-01,5.362560773955712401e-01,4.243230010202407865e-01,8.083541961636905304e-01,8.240170692059901603e-01,6.697228723484404123e-01,2.248665131573506781e-01,8.579994780601682969e-01,4.971127015110791136e-01,1.163266396828268184e-01,3.300465305701382746e-01,4.955549959095233992e-01,5.415363336089308310e-01,3.955851643438033083e-01,2.510415291267991122e-01,6.142872127507656987e-01,-7.116104658040836584e-02,4.226887356950855823e-01,7.258638214857254800e-01,4.641369337821159569e-01,4.787558335713366087e-01,6.146012308345206732e-01,6.080737390706399959e-01,1.623630484503416627e-01,4.570502504228847740e-01,7.179073731197953556e-01,9.492028052514498437e-01,8.005155509552581705e-01,6.869869767805832916e-01,5.125223974684494088e-01,2.638799178594876116e-01,6.506893010127697830e-01,6.364657397987928400e-01,3.646446905110430903e-01,7.621541429785765320e-01,2.160119661763367227e-01,1.301557205023220198e-01,6.776800971833762954e-01,6.787332603159526023e-01,1.041586599344584418e-01,4.062055266629555073e-01,5.510469843834860937e-01,5.720020232994146303e-01,6.568540293544603559e-01,7.013729332492231183e-01,6.109640596310699223e-01,5.511848959257421576e-01,9.224795001068436529e-01,5.976595587029956969e-01,1.821399689348926140e-02,7.021471570447006538e-01,4.929413189608198853e-01,5.978993689256537625e-01,7.132884504573329121e-01,3.565935566239344379e-01,5.395686427399715157e-01,3.344789784994485204e-01,9.159883544248714760e-01,4.450888909079954714e-01,4.429034368284663625e-02,2.137298994267220614e-02,7.821897376919212386e-01,7.249404637544766272e-01,3.161880771543260638e-01,6.623355888442422623e-01
6.331855810981438237e-01,4.230436908791646022e-01,4.692865921526719886e-01,5.885968183344327809e-01,5.527775588827359837e-02,8.575874747645828577e-01,1.877858530626937139e-02,7.165475917684693830e-01,4.553350178294732764e-01,3.321104963548900946e-01,5.031885560132159929e-01,0.000000000000000000e+00,6.181585023363704856e-01,6.525366702795523111e-01,5.077011240035312900e-01,7.628207799004917966e-01,7.768954949871089699e-01,7.637138879646606648e-01,7.830317353263003266e-01,6.687929978575316570e-01,9.081694467079017841e-01,3.232101414432286910e-03,1.813647624867599506e-01,6.673643193292219111e-01,4.185370741097798053e-01,4.933381264559667523e-01,9.253078417051822102e-01,7.470484147913505346e-01,6.557699631773123983e-01,6.133180311921904160e-01,1.087511863974903806e-02,4.165784301187484551e-01,7.741705785610787371e-01,2.116168527205253558e-01,8.900951223475637164e-01,3.385379515761595126e-01,1.521007999012438383e-01,5.666348888078838186e-01,8.654773834078414163e-01,7.274972912939973169e-01,4.409729263561013024e-02,9.210892826427918845e-01,7.577518958383142600e-01,7.775578739810973250e-01,7.443692707729256952e-01,2.302563872075220064e-01,5.782314833483427341e-01,-8.377520832208551482e-02,2.419532597057615919e-01,4.623730781091795472e-01,6.844790991828945126e-01,4.681506253542342399e-01,8.186028663529423266e-01,7.657925089730476254e-01,6.514340933556928004e-01,6.858853983247354957e-01,7.894001749426033943e-01,6.271836622061534028e-01,7.950156565950249332e-01,5.509369553374990902e-01,5.094376882495539327e-01,6.845871839469428455e-01,9.709483446820081909e-01,5.054727756106298653e-01,9.744335175876799315e-01,5.404131747937186425e-01,6.313889820718810997e-01,4.932974489941687191e-01,5.515747434530878790e-01,6.266951623138673488e-01,6.741823525311694265e-01,4.492568561431832252e-01,3.118524728322413786e-01,2.617627058139367913e-01,6.628770720647346737e-01,4.097402138726395360e-01,9.196178605160542086e-01,1.548781568624191295e-03,4.326585132386526200e-01,4.436118228877853342e-01,5.930676683200465371e-01,9.564891290355310716e-01,7.394757398479511190e-01,1.923043074674411074e-02,6.427318556584724618e-01
6.412393734151843327e-01,4.097011455554757098e-01,9.332787558363390135e-01,5.037654194408681674e-01,2.935514266444714249e-01,7.033204792370657543e-01,1.502165902095468353e-01,6.619799760666814636e-01,5.490031104848371868e-01,4.974959018840625913e-02,7.005912782053256294e-01,6.181585023363704856e-01,0.000000000000000000e+00,2.711296758344179381e-01,9.393979340128958411e-01,7.345445886137532687e-01,8.330620181574888150e-02,4.592056205409763558e-01,8.692688156933876531e-01,8.758907330605160135e-01,4.273664808917793656e-01,7.130744787749035973e-01,6.079203139369802056e-01,5.186646189688447484e-01,2.126646746931830714e-02,1.417648595171775716e-01,4.459594114310502233e-01,7.050102791843129157e-01,3.911249481216831914e-01,2.577797210008895834e-01,4.475269229864921039e-01,4.571618520329998048e-01,6.860374360779659675e-01,6.339257015602423051e-01,6.082962894926213782e-01,5.790940856717272656e-01,3.925067967038824435e-01,6.110657611293579539e-01,2.421748486655895538e-01,7.409641373668982567e-01,5.142069611140910323e-01,9.253383012364886362e-01,6.728638835661450157e-01,6.959828851102463354e-02,3.215179652457240134e-01,8.281632381218229089e-01,9.115556598951650713e-01,2.958005996127728854e-01,5.685988354080895313e-01,7.969156930388181515e-01,5.241032436947536954e-01,8.731255466390198672e-01,5.667236378221572890e-01,2.689125112942779561e-01,5.342534649926529156e-01,9.623965638640563647e-01,9.776343328167280688e-01,7.958960156293672927e-01,8.924933464740160138e-01,2.563942251510354930e-01,5.534210786488721334e-01,6.713368891858562115e-01,7.877702539977973206e-01,3.198151275942062721e-01,5.324701483341658381e-01,7.632039793389222559e-01,5.385802768862505419e-01,7.590217522089622859e-01,7.229151603334286191e-01,1.439077366063500063e-01,6.062538677515796337e-01,6.925363073291387339e-01,6.623607141663701015e-01,7.300006865786053956e-01,7.536479486248826021e-01,5.571034511751173923e-01,8.868482170884982585e-01,7.502656270099583580e-01,2.300087815164032490e-01,5.793383251605448425e-01,9.351952605690261322e-01,1.311774843664803014e-01,7.204093255741357282e-01,8.965921842508283168e-01,9.975796136674479619e-01
9.556958425064177032e-01,6.214902698659514613e-01,8.904079384499689054e-01,4.277703057142302479e-01,6.267831550777454019e-01,5.803333871121220122e-01,7.998978913997558671e-01,4.362249634218935412e-01,6.277686628664570501e-01,5.122813860633411709e-01,2.297409755550772203e-02,6.525366702795523111e-01,2.711296758344179381e-01,0.000000000000000000e+00,6.813577065963032364e-01,6.935626680505107000e-01,6.300981415649988815e-01,4.099120264493478216e-01,6.650275713306912362e-01,7.560385982968835794e-01,2.698593114629897066e-02,9.798965279093034830e-01,9.303621482735682235e-01,5.960157486738423271e-01,4.495677687960609736e-01,5.680286886640244504e-01,6.328233256185312738e-01,5.622675659296663131e-01,5.764766477457395899e-01,4.074878560145415163e-01,5.986734022253582532e-01,7.606690691330361132e-01,8.163300833202238316e-01,5.477598542201138621e-01,7.319081791436774509e-01,7.981577094126168781e-01,3.571417587514182923e-01,8.394395150996826205e-01,7.437604868174054751e-01,5.564810573042133779e-01,5.690939049216585666e-01,6.078940346168651976e-01,6.950902314565723383e-01,8.055241552729133225e-01,9.916604066234758763e-01,7.153766119576823179e-01,7.692408066107677689e-01,8.268722459078786668e-01,6.246363957780273202e-01,9.112325983610876090e-01,9.737494154027795945e-01,7.492849220246402542e-01,4.955810697824016842e-01,6.991212492288577662e-01,7.498685125473861790e-01,9.804004262128673819e-01,6.707607976464251553e-01,9.476114117425246119e-01,6.450850981513096549e-01,6.430554543317278382e-01,2.268923964565520701e-01,9.902391120553473147e-01,6.667501177517557442e-01,5.013493089833076510e-01,4.444893355056054318e-01,6.024634380135136524e-01,4.779996765914616419e-01,2.516457015848035939e-01,5.045419663164937285e-01,7.175971922494979172e-01,5.150172650243576289e-01,9.957729737079454857e-01,3.451894801295567472e-01,2.761791675898310205e-01,6.610381588430755961e-01,4.764406610777159878e-01,4.240985598211556296e-01,4.743907055873767264e-01,5.789095837918709631e-01,4.126312183811026157e-01,7.178003810873285762e-01,7.499173242903378611e-01,4.465214151203466542e-01,6.807255007948456171e-01,7.048780181776458376e-01
6.344732926557588026e-01,2.708795494482569288e-01,9.010222863667036730e-01,6.853001507085358934e-01,4.303887337352202413e-01,7.375183498656222580e-01,3.652050300997389254e-01,7.032279592140886493e-01,7.857405636754780653e-01,7.625277483336782014e-01,4.689092170854115005e-01,5.077011240035312900e-01,9.393979340128958411e-01,6.813577065963032364e-01,0.000000000000000000e+00,6.747802531304853968e-01,4.446394760165610083e-01,5.482964905700896674e-01,6.884207093585810178e-01,6.509899971278796382e-01,5.468411408922595474e-01,5.919865456305304363e-01,6.554909122050265324e-01,8.170145255266058060e-01,2.063689890779851210e-01,7.009844801523245073e-01,5.931626103715808007e-01,4.927539788871855564e-02,-1.082905100405655019e-01,4.310127377035338769e-01,2.671054214099857771e-01,6.791373075745328336e-01,6.866984021853000941e-01,6.260478303797571975e-01,3.352585474542502109e-01,1.412101442526786099e-01,2.223697146829826665e-01,6.187332003437543415e-01,6.719011253305734455e-01,5.499153929892363069e-01,4.110077810635838214e-01,7.029065002416607921e-01,8.574539017427944554e-01,2.073569589482066600e-01,9.117423443860077636e-01,6.072654497636413851e-01,9.742618579572940307e-01,4.206516829529622914e-01,7.672089865923998886e-01,7.430997980375108058e-01,7.575069740703743726e-01,6.491177944585108106e-01,3.718569726393282648e-01,9.915904824236622117e-01,8.091273992559780970e-01,2.010470047885239420e-01,6.148446403876864919e-01,6.636625823186446116e-01,6.458608203014518656e-01,5.515711108156567954e-01,6.511573769035736703e-01,4.892183785544978458e-01,4.948659086375488125e-01,6.213932202353497081e-01,8.215940754144761549e-01,6.037442449152279345e-01,6.604702972654820092e-01,4.373059333812919780e-01,4.804625778037635020e-01,5.781728571462187993e-01,6.842151232135226246e-01,9.878601134160938102e-01,1.225462321028357726e-01,6.396818829359748326e-01,9.918791559027262394e-01,7.818715484303014884e-01,6.517993020953266603e-01,5.495033670490278022e-01,6.798564098244409548e-01,1.809390901011405650e-01,7.154134464014231254e-01,8.811705110351908399e-01,3.642616056175964623e-01,2.751275267914912379e-02,9.247793596008639927e-01
8.907149948283422658e-01,7.518224148985996891e-01,6.643845903878984327e-01,3.227747683256665945e-01,4.443230295368971183e-01,7.593661261370440174e-01,8.648701138520404896e-01,6.843382706289160566e-01,6.480530067181174969e-01,7.667010952695355597e-01,6.728203457217853956e-01,7.628207799004917966e-01,7.345445886137532687e-01,6.935626680505107000e-01,6.747802531304853968e-01,0.000000000000000000e+00,5.089679076837266836e-01,7.414392725616458790e-01,7.373482817520452537e-01,7.604322399700761403e-01,9.123685606374691837e-01,2.048258393257368914e-01,6.646866870863007426e-01,6.838939893474322851e-01,7.019350527250803884e-01,9.154141027827289445e-01,9.675672393328973442e-01,7.833499873405123104e-01,3.930968000186505495e-01,4.989732629325992486e-01,4.974680495041611250e-01,2.560392627510619246e-01,4.452800149124414020e-01,8.292545937136661660e-01,6.982956814119730682e-01,6.567687595634661424e-01,2.152051987923863374e-01,4.751697047879794300e-01,8.720323934027159885e-01,5.392794734093059317e-01,9.300308940290347159e-01,5.972989847467615743e-01,9.413198756986526083e-01,5.021505923610694033e-01,7.465970871523341934e-01,5.771290062235697738e-01,9.603548851408501008e-01,6.203089309553282416e-01,1.340963957471142665e-01,7.548804020651118662e-01,4.320943734783070367e-01,9.395398109536878817e-01,6.508879322802434420e-01,1.340991005524438673e-01,7.104783336000519700e-01,6.580128613152215200e-01,4.131555122664247182e-01,7.044864960924489550e-01,7.558941027328403006e-01,4.641126415609413969e-01,6.567710588674596783e-01,6.062274127618976216e-01,5.818243651193920618e-01,8.110672448632703091e-01,1.174055869790228829e-01,6.919604022763297113e-01,4.986186541693714003e-01,7.093690925160300864e-01,2.124481358756841465e-01,8.323869530049048393e-01,6.516473437104430833e-01,1.892244873214203940e-02,4.602701546404187050e-01,3.311755807019401976e-01,1.066300459796166583e-01,7.815594097161785436e-01,6.143795014196141713e-01,7.972851165697443232e-01,3.641689992577639146e-01,-2.610745101779318178e-01,8.044757614408397650e-01,4.036688485818413219e-01,3.545992730478545463e-01,7.598970446686976743e-01,5.551907370754433080e-01
8.340246030000967314e-01,7.466075332589409141e-01,3.362985474804618402e-01,4.249485076732900657e-01,9.648299392847587974e-01,7.574427004270206654e-01,6.458071209564480997e-01,5.141921176289268036e-01,8.168345314032448012e-01,6.788486828580279075e-01,8.637496121701478957e-01,7.768954949871089699e-01,8.330620181574888150e-02,6.300981415649988815e-01,4.446394760165610083e-01,5.089679076837266836e-01,0.000000000000000000e+00,6.616476039550895916e-01,7.609883458475547036e-01,6.063534755473329874e-01,4.516084055509583250e-01,6.203345477307179445e-01,5.139284761421961667e-01,7.242346729530797500e-01,3.962768623444821170e-01,8.682544240985559103e-01,7.387992639911917792e-01,6.408084270373664015e-01,4.128855427965001379e-01,2.094856071250527640e-01,2.847352728546727052e-01,7.501577935132528463e-01,7.828486847765057099e-01,8.884568709434118583e-01,6.747399891168088804e-01,6.617455885846275088e-01,2.844889822130381440e-01,7.253449242062172120e-01,5.221121538720322475e-01,5.450143045826963961e-01,7.147700710444303551e-01,7.631851476468725082e-01,6.233519536628424618e-01,6.713691440505312746e-01,5.047111524089326062e-01,5.165878051709131835e-01,7.148082058935261163e-01,3.326321806498491185e-01,5.212227319737205988e-01,8.188816678402963678e-01,7.551215542485998355e-01,6.058365065418283013e-01,5.105177547325985277e-01,9.719988992963488617e-01,6.337805806636102046e-01,7.781618998491687256e-01,5.307954807167523104e-01,3.248035951019735412e-01,7.534620028401152192e-01,4.847866637965612263e-02,1.849804230711736552e-01,8.837145742222269895e-01,9.694448015756679249e-01,8.595421758324923722e-01,7.710855674830100481e-01,6.720156165206987442e-01,7.698585601198142392e-01,2.804010360878993469e-01,2.946671993647200782e-01,5.575726708689566768e-01,3.201367183816550277e-01,4.989855172280396323e-01,2.664018304199416431e-01,2.786014605787712761e-01,9.944477038564638605e-01,3.827542750463248655e-01,7.115801484436967694e-01,6.336121797494346231e-01,7.650208622216581045e-02,4.191758064967345265e-01,6.888721430484053831e-01,5.140422840352547595e-01,5.111472251603349504e-01,3.315915325656535462e-01,5.002826071465846791e-01
3.284054582735147498e-01,7.663742522583271155e-01,7.324768686542421081e-01,4.911863562695508723e-01,5.505680297073571872e-01,5.610806094030605928e-01,5.036189053290860418e-01,9.320100498432181135e-01,7.564845245853263345e-01,3.658376017773508071e-01,9.229852846213290052e-01,7.637138879646606648e-01,4.592056205409763558e-01,4.099120264493478216e-01,5.482964905700896674e-01,7.414392725616458790e-01,6.616476039550895916e-01,0.000000000000000000e+00,1.543210738979502172e-01,7.934829612934098941e-01,4.665496252269001887e-01,2.791888667583218298e-01,7.607863043040100637e-01,8.137671462399064248e-01,2.124740408446982587e-01,7.695985145577028952e-01,9.956972625143072353e-01,7.092155322420320429e-01,2.133109822238932474e-01,2.994892741240255951e-01,2.257759398936127204e-01,3.634927706672188563e-01,7.272965088698317704e-01,8.742639829720937339e-01,5.144948924521065559e-01,1.163922275568488179e-01,5.116372840619691775e-01,4.162026639190185007e-01,7.202722536812645737e-01,5.116089571324785590e-01,2.930794688686952365e-01,5.119812091318948211e-01,9.261482702201355721e-01,5.835866014433053195e-01,8.372598328609148766e-01,1.650892888694528438e-01,6.728367951125724389e-01,4.257962783918326499e-01,8.480117181887746325e-01,-1.292993485185703340e-01,2.196966797278640804e-01,2.002794983065507017e-01,4.626215623987243730e-01,4.292982788784062143e-01,6.986609843751336868e-01,9.257978536757124344e-01,8.692115327969931471e-01,7.538516812511263376e-01,9.627721764585603914e-01,4.801218604980197480e-01,7.011385641477386153e-03,7.988279121923442805e-01,6.783387906378470777e-01,8.198074516765727626e-01,8.296009196071808534e-01,3.862380456313144750e-01,5.887719334915749725e-01,7.052298879893904582e-01,7.683021897089326036e-01,7.396990931207766407e-01,7.902495278637348131e-01,5.373164682174870199e-01,4.555537794757179015e-01,1.469773137375715855e-01,5.455277411421183276e-01,8.110970524396189374e-01,6.411890050147517339e-01,5.184114913443494954e-01,2.322529129917423607e-01,1.128590998383969535e-01,7.050842500409625346e-01,7.317352763976116004e-01,8.696063731471206371e-01,5.021324102435100745e-01,8.386294942153295073e-01
