0.000000000000000000e+00,6.072883400679309762e-01,6.707696244405600972e-01,6.098390589749460577e-01,5.835899433297618843e-01,7.115801451675346501e-01,4.528685416289912613e-01,9.125951759604172819e-01,4.457008324973573687e-01,9.276018736995841341e-01,4.152361643479011710e-01,9.756421481014088126e-01,7.413016020331159028e-01,4.302325270454088191e-01,7.346091467850295320e-01,9.415480946238510285e-01,2.073708120807506439e-01,2.802463244145777521e-01,7.641498935541117810e-01,9.414636810979316595e-01,6.769307779332044417e-01,8.486614278135758971e-01,8.384600759836869921e-01,5.110220538981060656e-01,8.578651277246942541e-01,8.216992291791952452e-01,5.155520059120223264e-01,4.487842707139312881e-01,6.362691613876156893e-01,-2.714612338578892281e-02,5.272946245959200251e-01,8.421777253439911570e-01,9.340047430920893623e-01,6.979214897153876995e-01,5.395302076449816076e-01,1.855781694524341052e-01,3.320033109786377779e-01,5.357704478922595825e-01,9.311468122618280496e-01,8.717953576205260680e-01,4.139733436861083860e-01,6.123813243456549538e-01,7.121224704884975276e-01,7.125071613433889839e-01,6.768979298941173450e-01,7.325765796405533381e-01,8.123694411619507560e-01,7.552886680153900745e-01,4.694383588530481877e-01,2.302489286902686116e-01,7.601713800973195490e-01,2.006724861838133367e-01,6.603432546948382331e-01,4.644704069110614508e-01,8.444316092680095309e-01,9.892449521508448473e-01,5.380806950953126444e-01,2.321401785839640186e-01,6.815025091666081225e-02,5.868148762335650970e-01,6.813332073983480175e-02,6.784665252830345272e-01,3.355060125532859372e-01,8.455958807430836721e-01,6.139617188512865864e-01,8.878047162610026577e-01,7.373101138727925496e-01,8.383970993763849577e-01,9.922666156332512477e-01,4.967572710407841541e-01,3.295183034758110141e-01,5.481218592715442206e-01,4.044167580688615704e-01,4.480499998851077414e-01,5.288320956252028360e-01,5.201272741254517884e-01,9.656392290216473384e-01,4.723592571619168456e-01,1.379619776546656823e-02,5.764171950908589803e-01,6.498703689119419424e-01,8.635117891094095111e-01,6.292687737719543373e-01,1.254309934700681417e-02,4.544349864693497665e-01
6.072883400679309762e-01,0.000000000000000000e+00,6.714589584225021390e-01,6.591933811289194534e-01,9.418627444870509846e-01,3.604850957548443313e-01,3.987730244037387406e-01,4.140754813234295284e-01,6.638280057978220849e-01,5.510339906738942473e-01,6.130638723602850337e-01,7.526306475401063623e-02,9.078077463950586790e-01,6.273068674764493702e-01,5.245858302102551773e-01,4.347446520269846459e-01,8.796817207157905383e-01,8.898872390807639476e-01,5.251739913381305858e-01,9.465052260116363358e-01,6.799459960733676978e-01,3.525724394379512461e-01,4.188694774615062677e-01,8.856560683648200261e-01,5.819582949433801389e-01,4.434974704135060120e-01,3.855975656730624701e-01,7.821439155591729531e-01,3.889438365067018344e-01,3.739509181828253315e-01,1.153347818552414306e-01,5.338585310525795213e-01,3.037764299795282508e-01,6.705743887503992084e-01,8.294186731571338012e-01,2.082520087045284518e-01,7.957343589392091854e-01,6.517156026364921972e-01,7.159238969967957056e-01,9.108623760660757851e-01,6.177368569072735349e-01,5.745666924424048805e-01,5.875221225489477561e-01,3.549050382462831665e-01,5.170513670416876373e-01,6.274658272452724450e-01,9.886730912282338801e-01,8.266129782301713247e-01,3.065211365040430014e-01,2.346443588194583874e-01,5.699130901893436629e-01,6.014807636267789359e-01,7.235779609172281468e-01,9.707817994307209597e-01,5.063969491465345474e-01,8.129902400752229141e-01,6.110556370877292531e-01,7.313660089302241873e-01,8.729608267862938309e-01,6.139565009610793433e-01,5.521915795585005116e-01,3.371482274728372364e-01,5.974599511233835702e-01,5.441809312760552686e-01,8.159082701173043795e-01,8.622508865224024488e-01,8.720159877582828178e-01,6.327269156195560740e-01,7.480920296245135992e-01,3.803172050187690334e-01,7.253157643997028003e-01,6.387083881487088943e-01,6.011844567453549226e-01,4.902039860624398671e-01,4.227441428748680563e-01,9.243617646125915632e-01,6.656400613469677374e-01,5.900212288240128666e-01,5.483355237232547807e-01,5.422050238195675886e-01,7.315361994822621172e-01,9.359788842503745654e-01,4.863881470921177508e-01,4.787245774276219779e-01,7.758179460171130692e-01
6.707696244405600972e-01,6.714589584225021390e-01,0.000000000000000000e+00,9.998361367227175389e-01,4.619437355638161269e-01,7.040014953410234089e-01,9.645368979321180536e-01,6.778165149679754586e-01,7.185488711617877833e-01,2.453155458793892518e-01,8.631327251496206943e-01,8.247311937478291055e-01,8.413851783408859975e-01,7.252400460089627465e-01,6.270559518835753243e-01,9.868687722524822625e-01,6.622186279941535414e-01,7.793970284290614448e-01,4.409892736676135905e-01,9.899674039482215804e-01,8.649069210266669971e-01,8.831769056188806255e-01,6.721432258630408718e-01,9.590772397103173308e-01,8.134707303414746571e-01,2.217481672033663753e-01,6.885301894468461859e-01,7.313540375068846577e-01,5.681594858867097253e-01,3.150549140001239756e-01,-1.284943702116779218e-01,7.342731527340342623e-01,7.760030884487214564e-01,5.381930807394932348e-01,6.719332350713387303e-01,2.989941988203625445e-01,7.765138722419326900e-01,9.647640927460582327e-01,2.167642694220570654e-01,5.203298806586049707e-01,6.955186929220898984e-01,6.020566806556665318e-01,5.169724456304177762e-01,9.220822514782943680e-01,7.231237768769021024e-01,4.039615852405926688e-01,6.567005953653145545e-01,7.951232415247819763e-01,6.856063001008262381e-01,4.979435853808363288e-01,9.513330999769959995e-01,4.242071282431773005e-01,6.574512472278881692e-01,7.269611705724620121e-01,5.240885780152494400e-01,6.458878138798661572e-01,9.550524725921183400e-01,6.605984846672743327e-01,7.742513833265990408e-01,3.978279405755273945e-01,4.469915687768135637e-01,8.961553972040164906e-01,9.712345550422316620e-01,6.468753774456830197e-01,9.265631857651961401e-01,6.382637029717224131e-01,5.937082142999694501e-01,4.856036474964307015e-01,7.118677572950430354e-01,6.102056328610020453e-01,2.376952881953960928e-01,8.192844325385827409e-01,4.542355612371013485e-01,2.849248221005186155e-01,8.413260916632913089e-01,-1.687633419792613776e-01,8.933992299679843763e-01,3.558435811906910939e-01,3.933613435989444934e-02,-2.175908407778785469e-01,7.993804184613880759e-01,7.897655194751656005e-01,9.380562544370345535e-01,9.508553522945079051e-01,8.347345225230768939e-01
6.098390589749460577e-01,6.591933811289194534e-01,9.998361367227175389e-01,0.000000000000000000e+00,7.734067088302083448e-01,6.447340337781248820e-01,3.333339025367645925e-01,3.214917486816379899e-01,7.994060159929519127e-01,7.199713284550897097e-01,6.940090068565754056e-01,6.981027412026288292e-01,6.912122380393451726e-01,4.037227004808219277e-01,5.609125312564808841e-01,6.855125827836419106e-01,1.925001537889202419e-01,6.179650672246277399e-01,7.333449139414368600e-01,6.317593584108920357e-01,6.233618795243320854e-01,8.358946780647401598e-01,8.442399415452117584e-01,7.936185933225688993e-01,2.612064628206255401e-01,7.263333554196355069e-01,4.037927060125686141e-01,4.777790592704833084e-01,4.266557289530444885e-01,4.291019672015788933e-01,4.653687407726779801e-01,3.321602847108875434e-01,7.427915358693883974e-01,5.547640899711319129e-01,7.613022289546068633e-01,3.848763529738235545e-01,-9.753911120164426851e-02,5.721606119555261438e-01,9.821216697439127952e-01,5.835224900575973761e-01,5.662931733676055401e-01,6.370851807437447611e-01,7.915658321595778757e-01,8.625360588803098194e-01,7.620166655115903076e-01,9.294754388629835606e-01,8.417377402679933063e-01,7.864807140143706965e-01,7.157254629174178984e-01,3.311124182688548467e-01,6.066823626263261326e-01,3.945576567415262637e-01,9.577242698095000950e-01,8.529640756140866031e-01,4.660464897324013700e-01,8.079315864680315373e-01,5.869988334774540739e-01,5.322263628502106325e-01,7.148142568758572013e-01,6.148945658352481525e-01,2.517597217484804917e-01,7.652005380215365360e-01,1.133398420931357314e-01,7.415463971460326542e-01,8.603949819896059559e-01,6.233666067929026777e-01,6.270081818353046010e-01,7.790077530511976267e-01,4.960472604828750631e-01,4.823519855348276097e-01,6.709299488153636082e-01,4.701336765107430038e-01,7.043975549803108693e-01,1.669097778318668068e-01,6.486239781678151406e-01,2.389084523536794125e-01,7.224479142832019862e-01,6.988337274714984115e-01,5.638704427319055634e-01,-8.716122382787414025e-02,5.966338409823763733e-01,8.549351760399085398e-01,6.504430395432451995e-02,8.216496545059981740e-03,8.811034341715257012e-01
5.835899433297618843e-01,9.418627444870509846e-01,4.619437355638161269e-01,7.734067088302083448e-01,0.000000000000000000e+00,6.887417571548486439e-01,4.422176953091481733e-01,6.802726153367422146e-01,6.258949533519976294e-01,6.528923387756169205e-01,8.895312848051791788e-01,7.318951380973673926e-01,8.254888501080109853e-01,9.989104371475806543e-01,5.055868833264414164e-01,6.332434586144431998e-01,6.158508797093823484e-01,9.562797386182430026e-01,2.399164313956000660e-01,7.812172889160667877e-01,8.172319862547826608e-01,5.268604399712295550e-01,7.797011089364258574e-01,9.524883883526465977e-01,2.759354505871086660e-01,8.093204599650031250e-01,2.051778238186298675e-01,6.882028524169261363e-01,2.206778928057270550e-01,5.046310142134408094e-01,2.702183635833892983e-01,7.532697831296162327e-01,7.271440327358479339e-01,2.485814837029361457e-01,-1.185940407078157344e-01,6.119953188626772733e-02,-1.519019947008224403e-01,6.137867878308450598e-01,7.412663217756521039e-01,5.811116495957745487e-01,2.415762593513895440e-01,5.851587581092895229e-01,6.749780574664343558e-01,6.342282643656605989e-01,6.108498645402642424e-01,2.583560232932077261e-01,9.516358645491144186e-01,4.001264868081000348e-01,7.403327863591251390e-01,3.942948103307530872e-01,7.358431557156858149e-01,4.454060964309959347e-01,7.343479795725457171e-01,4.113112255151588070e-01,3.954721028423894835e-01,5.900492752117434403e-01,5.724008969043766770e-01,5.468237846555369375e-01,9.972955303452541997e-01,2.867109412130894319e-01,3.535100377103969072e-01,4.050483232483926832e-01,8.455422646152197519e-01,4.444167654331252493e-01,7.920827715482445797e-01,7.611765911697135900e-01,6.433396779253913733e-01,9.146861448879016754e-01,7.989261878064360944e-01,7.972022167714866159e-01,6.844518824790413181e-01,5.726057011235133887e-01,1.761641449469614484e-01,5.261787681938667749e-01,9.753719713506513456e-01,6.396124607583369981e-01,3.344454727116907833e-01,2.144578810070952024e-01,5.042174958775395011e-01,1.500374205807193662e-01,4.423475935237940471e-01,8.696604846943953859e-01,7.245793328642460285e-01,2.919631370537449921e-01,5.156527849939392949e-01
7.115801451675346501e-01,3.604850957548443313e-01,7.040014953410234089e-01,6.447340337781248820e-01,6.887417571548486439e-01,0.000000000000000000e+00,7.037119063839273325e-01,-9.342476073224938171e-02,3.328605729558232751e-01,7.795783621043440581e-01,3.485217578827223273e-01,6.147196758150477169e-01,4.260772423653864660e-01,2.010154582285566816e-01,3.546741588586035387e-01,7.319889531314396902e-02,8.878625024428443702e-01,3.398282729323791052e-01,7.636786283184151536e-01,6.331905232486665369e-01,7.634598091265319963e-01,5.205695944968620203e-01,9.096129550027782784e-01,9.571070720750408656e-01,4.807447377930776922e-01,6.583310089807175025e-01,7.955287623375975059e-01,5.763219412260176533e-01,1.990234642743536064e-01,3.881204698464081893e-01,2.116303297680924567e-01,5.967671946349359935e-01,5.568421029000741873e-01,9.727726784307904051e-01,3.852167942217815666e-01,2.836863890326326576e-01,1.947059433725901456e-01,6.342374983846196246e-01,4.485101035818523374e-01,9.217281769661569424e-01,5.190917581207874498e-01,8.488164511474385332e-01,5.059708108679384919e-01,4.104736786652395386e-01,4.678308421949068929e-01,4.732549166668756913e-01,8.427313126800300980e-01,7.822465721712812403e-01,6.811433134287885327e-01,2.382937299116164864e-01,5.561927759484022182e-01,2.004312085913722563e-01,6.539830949476679312e-01,2.718018358336357077e-01,7.855817668367577333e-01,9.999055234035608697e-01,4.312765595741198110e-01,9.052603352189000363e-01,7.879932899964742221e-01,6.122102361079820865e-01,3.466434824267444759e-01,1.064102986466738260e-01,5.679505252937229187e-01,4.099927274964209056e-01,9.345756106552356446e-01,3.271937293629943455e-01,5.762301837236997182e-01,4.950291981270372732e-01,6.210365104946347081e-01,3.989284721762457187e-01,8.756027629529962164e-01,4.834931077303811775e-01,1.195034527152928211e-01,2.170785787667157685e-01,5.291075568847097843e-01,6.790072680010889039e-01,4.646773970964928058e-01,3.263153261374721614e-01,3.495392051692748359e-01,4.527535951198751185e-01,6.587372607024444271e-01,4.099521430890179508e-01,8.311171685975413670e-01,4.976534860773055291e-01,7.744361240849209072e-01
4.528685416289912613e-01,3.987730244037387406e-01,9.645368979321180536e-01,3.333339025367645925e-01,4.422176953091481733e-01,7.037119063839273325e-01,0.000000000000000000e+00,6.899558199816412385e-01,4.810655547666369825e-01,4.578727376077048050e-01,5.788549709344819050e-01,3.770982601819495850e-01,8.517284617250185930e-01,7.691089387943561562e-01,3.711378735358741299e-01,6.756351391249851845e-01,7.990521508805379369e-01,1.694809430832305841e-01,6.838498564181438866e-01,6.309922021777820689e-01,6.826106081261958947e-01,6.398774244966514146e-01,5.302628489587142280e-01,8.093156291297967098e-01,5.190260291912484059e-01,7.804498799826301569e-01,4.395911395377164466e-01,7.025043080352986191e-01,6.238832645533732846e-01,5.373159200187132001e-01,4.859917067215047126e-01,4.991851218512534660e-01,5.459663753935157793e-01,4.177955918553526438e-01,7.712355330338581672e-01,3.660102290264168889e-01,4.410174415961629624e-01,2.901543539523745649e-02,9.289705183299952207e-01,7.706347047147398266e-01,5.421017614445753363e-01,4.180249353159061765e-01,8.838775753238116151e-01,6.484272079270760880e-01,8.315602593099753470e-01,2.340756751174822015e-01,2.559854773364733660e-01,3.557153290744524687e-01,4.506949580830629798e-01,5.993810505406429456e-01,4.751551209550480270e-01,4.732004296599541249e-01,6.698241724749569581e-01,-4.770830165648756727e-02,6.550351144016366423e-01,7.982109689665474184e-01,6.387434563171997537e-01,7.875433419553421466e-01,6.582222755238118506e-01,4.350751942814696238e-01,7.094317414222643947e-01,5.790091615677933623e-01,5.188828311789975833e-01,6.555926371626487059e-01,8.469961887980571591e-01,7.315036165759180031e-01,8.883101926142629168e-01,5.877190932686175984e-01,1.062255540267760118e-01,5.574401647992230924e-01,4.425244926458491990e-01,4.376133160861801485e-01,2.113338022071359623e-01,1.725492326225736006e-01,7.622724763952090088e-01,1.921539599938539844e-01,1.411163800124233536e-01,5.540098649016043098e-01,7.124485003326264110e-01,1.536257669666022396e-01,5.799182561770878097e-01,6.375540934920573832e-01,1.330965219980667358e-01,2.588760370690814661e-01,4.823520291237897162e-01
9.125951759604172819e-01,4.140754813234295284e-01,6.778165149679754586e-01,3.214917486816379899e-01,6.802726153367422146e-01,-9.342476073224938171e-02,6.899558199816412385e-01,0.000000000000000000e+00,7.660838599045550756e-01,7.861223267358276034e-01,6.318025325681007054e-01,7.771021974575095248e-01,2.779244814798669250e-01,4.828889409329610860e-01,6.110285785577374007e-01,6.808381695531882105e-01,5.500138459348173914e-01,5.689496019004069982e-01,2.739846366235586528e-01,5.258667454321893642e-01,8.492502883121382240e-01,4.471998038749644411e-01,6.454906360541811106e-01,9.912960193137170251e-01,6.791839419122366328e-01,4.055594676742730331e-01,7.173539254862810743e-01,5.510442882318273838e-01,5.562548534147622181e-01,1.087416643015577944e-01,5.732290050459341174e-02,7.229099006760851820e-01,4.622716829552750983e-01,6.317337781058340873e-01,6.570746197697825419e-01,5.215426329374999170e-01,4.180381306207887893e-02,6.197382138388966011e-01,9.381078194509819834e-01,7.443901079753779682e-01,7.466289279274370694e-01,9.023512636086759020e-01,4.516158564580819990e-01,4.772404227771161189e-02,3.786065825921444139e-01,2.546970818421592231e-01,6.125795532390054809e-01,6.439247744513943994e-01,5.885831133427729123e-01,5.217022990943959160e-01,6.735168450309715338e-01,5.645399926160455939e-01,5.970376333141348413e-01,4.606794587352834869e-01,9.863122738081173679e-01,6.467401968172247217e-01,7.746806167917097419e-01,2.539014370791330966e-01,4.839426984783711805e-01,3.760358597213323550e-01,2.770640226196828815e-01,7.292671828790217026e-01,4.523758841804343955e-01,9.912700327798105171e-01,8.467330261204056852e-01,2.839574218849891807e-01,3.219908844947573234e-01,6.279586518759229241e-01,8.877941072381837495e-01,7.918997426887236513e-01,-9.662540293907030675e-02,5.016211933645807752e-01,6.287821677296751011e-01,3.687075002989407269e-01,2.656080511609962280e-01,7.576089576827311767e-01,6.018193663263926574e-01,2.942913997875788445e-01,2.326492580877900507e-01,-7.372208654054746013e-03,7.047816336812875448e-01,6.092349725122198079e-01,7.886573687966171864e-01,3.725096782281677177e-01,3.103991213383945347e-01
4.457008324973573687e-01,6.638280057978220849e-01,7.185488711617877833e-01,7.994060159929519127e-01,6.258949533519976294e-01,3.328605729558232751e-01,4.810655547666369825e-01,7.660838599045550756e-01,0.000000000000000000e+00,2.072055742125124833e-01,5.295082533339839914e-01,7.844116268045515650e-01,6.712823523696239691e-01,5.085863681471994857e-01,4.189859442513749754e-01,4.016656413469681941e-01,1.571850267342005114e-01,9.579203285779593902e-01,4.047397477680403921e-01,9.749228940405578747e-01,7.221643785284299621e-01,6.699385888454438831e-01,2.831531996545116336e-01,6.334641635821181005e-01,6.159714296377681864e-01,5.818734469080002469e-01,9.678991460986765549e-01,5.255927448592403461e-01,1.326351632680811410e-01,2.528994225385553518e-01,4.758333335147256760e-01,5.956530545628730966e-01,6.372931739242129190e-01,2.236684432925393345e-02,7.781972535366199484e-01,9.572410362806893849e-03,1.692626425575085580e-01,6.324409789313812924e-01,8.294741588757009731e-01,6.459221666015574348e-01,2.782619492242981440e-01,4.047935554413698567e-01,9.877878433956135407e-01,4.984654218469918296e-01,6.241348504017207866e-01,7.879450098236215894e-01,5.056274926507399181e-01,7.521752546365509939e-01,7.455453722527400906e-01,4.991666507896850291e-01,7.357320345745009815e-01,9.879984913955455195e-01,6.577078635019981689e-01,5.311573965089537719e-01,8.567510308596176793e-01,8.388515472542503737e-01,5.862803383657873291e-02,6.639281852605569689e-01,6.809195400087270089e-01,1.815019569069387106e-01,5.048401661689198017e-01,5.086924495764572063e-01,1.681625460920605497e-01,7.069764673934146870e-01,7.972863893444197547e-01,4.790465542790159348e-01,9.413366663245241739e-01,8.685635580819304202e-01,7.393612258546873317e-01,2.084812232406410559e-01,5.230101790518941751e-01,6.337713064557647380e-01,6.589091906461966852e-01,2.642238740400220109e-01,3.623338764844761251e-01,4.250549034278662264e-01,9.479455456357348542e-01,4.756704165410008955e-01,7.228225794376605950e-01,4.769768041163781058e-01,5.532448500676282466e-01,6.018606287660488441e-01,5.323809361838063303e-01,6.175800319414180839e-01,3.894730160655895945e-01
9.276018736995841341e-01,5.510339906738942473e-01,2.453155458793892518e-01,7.199713284550897097e-01,6.528923387756169205e-01,7.795783621043440581e-01,4.578727376077048050e-01,7.861223267358276034e-01,2.072055742125124833e-01,0.000000000000000000e+00,1.921311681970534757e-01,5.853256534231364716e-01,9.088602540960460940e-01,6.850469059053087006e-01,2.506270068562773123e-01,5.684716175514821224e-01,9.176332078341108422e-01,6.381691503531132792e-01,7.007617964091716889e-01,4.777314557644172233e-01,9.506208504032984674e-01,3.401119400272926141e-01,5.693193289728614159e-01,5.764827304088069315e-01,9.021097932313989487e-01,5.637244037894458826e-01,9.688523595218694329e-01,3.317813421809729935e-01,4.948071638957906582e-01,2.047658188132031321e-01,1.074153979352646116e-01,2.399693240844793518e-01,3.273555420660493875e-01,1.664788701559794803e-01,4.890138509412934043e-01,5.780186085503034032e-01,4.971942064056399380e-01,2.420913128431190497e-01,9.534341423398861037e-01,7.210451258280149434e-01,3.849940399061270169e-01,4.972329925049774890e-01,6.324523582073583450e-01,6.046191717153170941e-01,6.207175881847449839e-01,5.238560611367413244e-01,6.059048090549005172e-01,7.046962388125883603e-01,5.253261166389553427e-01,8.551679149683582004e-01,6.489478829052177655e-01,7.895359788871685325e-01,4.274785788486398230e-01,9.441552079380231000e-01,7.834891804726186182e-01,8.000686850997750232e-01,5.365419709613914456e-01,-1.121278292106287350e-01,8.176906951891319553e-01,3.594987203389485853e-01,3.531116030790779625e-01,7.945399535061858920e-01,7.131036183325440980e-01,3.730492938614418108e-01,8.550121340139000825e-01,7.308432796281444377e-01,6.554586930973820280e-01,6.765533469674603895e-01,5.882735012879521941e-01,6.247840148337155952e-01,7.957174389904611012e-01,4.461926527979302448e-01,5.817021142025424751e-01,4.056694415818162813e-01,6.214388792058723743e-01,2.073949545876037914e-01,8.629427820759530965e-01,2.153739747433541518e-01,6.239095825254866723e-01,1.185348199606129083e-01,9.630876546052944409e-01,6.598404512061495364e-01,9.374501389333649293e-01,2.439373538749095294e-01,5.337482094405323618e-01
4.152361643479011710e-01,6.130638723602850337e-01,8.631327251496206943e-01,6.940090068565754056e-01,8.895312848051791788e-01,3.485217578827223273e-01,5.788549709344819050e-01,6.318025325681007054e-01,5.295082533339839914e-01,1.921311681970534757e-01,0.000000000000000000e+00,8.889536750099861218e-01,8.007033520362245582e-01,9.378146143869338092e-01,1.280268916517302846e-01,2.764574208757414886e-01,6.728635440300747561e-01,7.501203284678327199e-01,7.933939573953470159e-01,9.127173778993322717e-01,4.088937620381301596e-01,6.133942906874463308e-01,6.757177327948655776e-01,9.531117699133936361e-01,3.707771263303005771e-01,5.310986284851144656e-01,8.010659489401291689e-01,6.230355179890391115e-01,2.268256345730900181e-01,2.830042201655119105e-01,2.943708721154799646e-01,7.097547499110569147e-01,8.654650302853874599e-01,8.551245380054421918e-01,1.934221106800253220e-01,4.282069435777919875e-01,3.763231337987927860e-01,5.885526394543932893e-01,3.573786028258235103e-01,8.648169819106448220e-01,5.291042978812535713e-01,4.960044801402054837e-01,9.489335520624854192e-01,7.750573799463624791e-01,7.821244842066277236e-01,7.620612227078558121e-01,4.188989909343414086e-01,2.404304414657634503e-01,6.464131736204941081e-01,5.300621294739020772e-01,4.609543364911291574e-01,6.576307742584017735e-01,6.876650105936539248e-01,4.658813051653851178e-01,9.028017846783525924e-01,8.942654623306226513e-01,6.934281008201470531e-01,9.590283125638223716e-01,7.035367756688639673e-01,5.204288588908788649e-01,5.073493585160770980e-01,3.387047988552271960e-01,5.352873228110583970e-01,9.693377907979323638e-01,7.171382251056689361e-01,1.350188719024540684e-01,5.914536988287049102e-01,8.934260539098718423e-01,4.479346934951762838e-01,6.513975894982207970e-01,7.848658863594528690e-01,3.178082021326679718e-01,4.491159871319093666e-01,5.580670919750683190e-01,-8.031934609468022179e-03,7.590291981936017063e-01,8.441646019111163080e-01,7.682963037843607013e-02,4.699732240484836843e-01,5.906712412749615115e-01,3.015163012655933672e-01,9.776103111443437133e-01,8.866050149705659855e-01,4.699272427950283992e-01,5.192800527057559457e-01
9.756421481014088126e-01,7.526306475401063623e-02,8.247311937478291055e-01,6.981027412026288292e-01,7.318951380973673926e-01,6.147196758150477169e-01,3.770982601819495850e-01,7.771021974575095248e-01,7.844116268045515650e-01,5.853256534231364716e-01,8.889536750099861218e-01,0.000000000000000000e+00,5.995615739733926031e-01,2.956900933672649834e-01,5.152535452801211280e-01,6.410648562905498782e-01,5.859305976904203295e-01,5.244510609352150965e-01,4.845000910547249129e-01,9.902609521675644899e-01,8.553467099822860131e-01,5.476433307286510122e-01,6.285053606175692309e-01,9.001997533124154183e-01,4.773653434758722697e-02,1.504610485250662544e-01,9.580208499540106004e-01,6.129980763627022045e-01,3.531500170074859390e-01,6.148715344719495324e-01,5.488720500958905735e-01,7.478370922545227728e-01,9.405862258594290815e-01,7.816090206746670876e-01,5.578979500641227940e-01,-3.531056240283726999e-01,3.034687597797421921e-01,5.636900535431431658e-01,9.712568755764023898e-01,7.470819063722076159e-01,9.734767005104168203e-02,6.469058336206551241e-01,8.503459578201858493e-01,2.566495540859085045e-01,9.342611672723599714e-01,7.736929127515472793e-01,2.602341296933912140e-01,3.026999996464211362e-01,4.697282903241560836e-01,2.295058225774865013e-01,7.718980966285353684e-01,5.253617099760061748e-01,7.783613331558763004e-01,6.986720779813535565e-01,6.962590880160703932e-01,6.742348174332957189e-01,4.871227469954799716e-01,6.200747003628107601e-01,6.265969121285764887e-01,5.690612272524689930e-01,5.417378354858328748e-01,2.971658287732898973e-01,7.528035836966282535e-01,9.370513223925517332e-01,8.519240469799856108e-02,4.996212545609665656e-01,7.047608060206461689e-01,9.192481281128423998e-01,7.408093674465903167e-01,4.385064220746072716e-01,6.259086430453643102e-01,1.725567468440696861e-01,7.624114572144600199e-01,4.909342073007475493e-01,3.734420422104894888e-01,9.943909171142426562e-01,4.542173129730221470e-01,5.657295501818874195e-01,3.858013061601033300e-01,2.308326000786326826e-01,4.561417971613392908e-01,6.547453882655486224e-01,7.731329483385512846e-01,6.303427615519555105e-02,4.300367906417332242e-01
7.413016020331159028e-01,9.078077463950586790e-01,8.413851783408859975e-01,6.912122380393451726e-01,8.254888501080109853e-01,4.260772423653864660e-01,8.517284617250185930e-01,2.779244814798669250e-01,6.712823523696239691e-01,9.088602540960460940e-01,8.007033520362245582e-01,5.995615739733926031e-01,0.000000000000000000e+00,6.173701908451317832e-01,9.835171571423525494e-01,3.751823773028506448e-01,9.954172075601069869e-01,8.425052962728958317e-01,9.514473545183601555e-01,6.279671955274598316e-01,5.237198843957684424e-01,7.460302234391701370e-01,8.923992185178538650e-01,9.862101013432500451e-01,2.309608967393246282e-01,9.454370901091371238e-01,7.906376809610786704e-01,7.728446100582448963e-01,3.223010947942637761e-01,4.816897205070813648e-01,1.744781047775151583e-01,3.056215370970490897e-01,6.411229137753008400e-01,7.211587324097715745e-01,9.651854972729275728e-01,5.747083579309504309e-01,5.152628879703502474e-01,7.977479269186927846e-01,8.059925417292682637e-01,8.597453118106717085e-01,5.164214459166649451e-01,9.374267818789654427e-01,6.064849148948596724e-01,6.662400630190065121e-01,8.006651916681052361e-01,7.167296224131622928e-01,9.673283849097671361e-01,7.814061315407053732e-01,8.981551614757550261e-01,9.821486608679490526e-01,5.737018991908806598e-01,9.717615543878550532e-01,4.280029510411880733e-01,7.783158380322995340e-01,9.221578222131854297e-01,6.748743493784497005e-01,5.396997883405516561e-01,6.048001903873023721e-01,3.718539355418236658e-01,7.381050673174199828e-01,5.259384960136493925e-01,5.461276237259137245e-01,8.943107730521959731e-01,9.496181205475484610e-01,6.319641485475053777e-01,2.219103933277100094e-01,6.906250723303528627e-01,5.733380278685141773e-01,3.039971227551755417e-01,9.439192863043930348e-01,7.708282679775093627e-01,4.447392331857610848e-01,3.997014672522726242e-01,4.207281270976470644e-01,3.049480785333451641e-02,7.456453610564066636e-01,6.207055236720538938e-01,1.430504335440564434e-01,2.979670198475439791e-01,1.146611105250290169e-01,5.474976599887549922e-01,6.060490431957484825e-01,5.013827603473688388e-01,3.129313897487396856e-01,6.352035646028022509e-01
4.302325270454088191e-01,6.273068674764493702e-01,7.252400460089627465e-01,4.037227004808219277e-01,9.989104371475806543e-01,2.010154582285566816e-01,7.691089387943561562e-01,4.828889409329610860e-01,5.085863681471994857e-01,6.850469059053087006e-01,9.378146143869338092e-01,2.956900933672649834e-01,6.173701908451317832e-01,0.000000000000000000e+00,4.822657082710036791e-01,8.380132367385615400e-01,8.875236398327429610e-01,7.694247871730357513e-01,7.119710203611855359e-01,6.671236514552444374e-01,9.464791495651754261e-01,4.273632454311471762e-01,4.242047990722379591e-01,6.679057209906659187e-01,5.073053881133314791e-01,5.712875985867329476e-01,6.100301552151395912e-01,3.291013781506742508e-01,4.972744621927239206e-01,3.009915601781880667e-01,4.095792035227850403e-01,4.457271805395972009e-01,7.497497008019513576e-01,7.470084120889282087e-01,2.444162034556584540e-01,6.892813380420952374e-01,4.807309863651887394e-01,7.260004498674242912e-01,5.228128101983288145e-01,3.607537603667061443e-01,3.368750947878336177e-01,7.980141779030989202e-01,6.231678901663192383e-01,4.424313860761378558e-01,9.832251492564570983e-01,6.836136369527462397e-01,5.240107213205931203e-01,9.314035637241186993e-01,6.999680322596235627e-01,7.296458177869517003e-01,5.006918587476112403e-01,9.130527481441342852e-01,8.028807700938203062e-01,9.815401854206787791e-01,9.684605182924785893e-01,5.626395309800080735e-01,7.801918831450258551e-01,5.443374275052232925e-01,6.873986980244036760e-01,1.955608763517598381e-01,3.567870038462244153e-01,7.961954056810516267e-01,8.691797914739728403e-01,3.521934451832660629e-01,9.483262040445581409e-01,7.627641535991598332e-01,4.963086931482003639e-01,6.826260792122312848e-01,4.302466669117737119e-01,2.149195254342662897e-01,7.518765105712311714e-01,7.148362216843149319e-01,2.590445188084342654e-01,2.709242219428803500e-01,4.319971019816480351e-01,9.559712592063533965e-01,8.461344816473123087e-01,3.689217364937910082e-01,9.033557405549204333e-02,2.126627874970143939e-01,7.895535873982686415e-01,9.318460756200500628e-01,7.761373867780300140e-01,3.569282719938175474e-01,3.678963635354277617e-01
7.346091467850295320e-01,5.245858302102551773e-01,6.270559518835753243e-01,5.609125312564808841e-01,5.055868833264414164e-01,3.546741588586035387e-01,3.711378735358741299e-01,6.110285785577374007e-01,4.189859442513749754e-01,2.506270068562773123e-01,1.280268916517302846e-01,5.152535452801211280e-01,9.835171571423525494e-01,4.822657082710036791e-01,0.000000000000000000e+00,8.789720306508028713e-01,8.251437099366735195e-01,4.195468599777235630e-01,5.661763445891860869e-01,7.312232995493956889e-01,6.043724304161864902e-01,5.805509213643087474e-01,7.918105490377581601e-01,7.557614625488169313e-01,5.043139423785716335e-01,7.548839827040466632e-01,7.529126202668570134e-01,7.354483855688551674e-01,2.164392204413784770e-01,3.797005439933288651e-01,5.013410444826216228e-01,6.182521311287695331e-01,4.703287689745519473e-01,6.792873109050577840e-01,7.814742066270368159e-01,-1.158002668401823115e-01,1.467872147100199032e-01,7.306811889299094087e-01,4.348535338614183399e-01,8.646849697962882830e-01,5.403108511063104968e-01,4.822555484536579784e-01,6.226761607827954181e-01,6.242840994718209524e-01,9.558547098789772489e-01,6.232138873199950524e-01,6.408460857845618142e-01,7.700833501421437965e-01,6.205291667052387217e-01,2.567054659734432365e-01,5.165921943988126541e-01,7.689533490875389843e-01,8.921146169038844942e-01,2.497782085213832437e-01,6.697607695085709967e-01,3.694147769137342552e-01,5.361817840998420737e-01,5.773714869223715018e-01,7.831543145407254825e-01,5.829596417422880927e-01,5.447634292119140076e-01,7.881077900852260232e-01,7.866556950078391619e-01,8.790539771652003953e-01,7.028503995322956666e-01,6.852572354667858523e-01,2.319218089660604054e-01,8.096136484427794988e-01,3.294888992160921459e-01,6.141902988320478984e-01,8.449665994805122260e-01,4.021534851227963614e-01,4.809462857912067957e-01,2.670178548982642952e-01,8.207497321038351723e-01,6.939839721557581331e-01,6.994404351236169770e-01,4.423683700966662968e-02,5.338461794964450835e-01,2.986446466759927199e-01,7.576526134064069939e-01,3.578044883203596038e-01,7.255610094045961134e-01,2.849852058512025721e-01,3.148966917620901751e-01
9.415480946238510285e-01,4.347446520269846459e-01,9.868687722524822625e-01,6.855125827836419106e-01,6.332434586144431998e-01,7.319889531314396902e-02,6.756351391249851845e-01,6.808381695531882105e-01,4.016656413469681941e-01,5.684716175514821224e-01,2.764574208757414886e-01,6.410648562905498782e-01,3.751823773028506448e-01,8.380132367385615400e-01,8.789720306508028713e-01,0.000000000000000000e+00,8.356961683993409107e-01,6.944783756880463788e-01,2.984150533022080221e-01,5.526192715072257844e-01,8.342074595805756276e-01,4.885086615428685386e-01,5.061561481669297757e-01,6.548475542259475368e-01,4.163258502891749591e-01,5.951866524365727606e-01,6.169344365205235992e-01,6.313376642698991237e-01,5.493693688613536796e-01,9.859226536014611963e-02,3.585531977552905425e-01,3.742345533688669068e-01,8.733660339962224795e-01,7.911878857560770140e-01,4.154268392912966457e-01,4.221555483496439720e-01,2.107587253866505805e-01,4.998356225708155964e-01,4.961456668535562664e-01,1.072903747309002058e-02,4.081025055570727256e-01,7.574020295339737308e-01,7.908430283979526187e-01,5.847515603475960111e-01,8.925099332051189549e-01,6.636653407412076433e-01,8.722070102496988220e-01,9.831057109083630730e-01,5.636988323488623109e-01,3.349168133287349081e-01,6.289644299585479548e-01,8.220578234162995157e-01,3.896136346273862960e-01,3.702675502270807995e-01,6.479202032433156733e-01,3.206960579844272963e-01,7.061577831623526702e-01,9.271255240817410925e-01,8.288493550448403635e-01,1.008655760492290776e-01,3.554804894733473719e-01,5.979454281544729355e-01,8.812448482559961382e-01,9.563521198874488372e-01,4.974725110944167583e-01,4.790402630054463873e-01,9.249014475822014969e-01,7.769049437367249178e-01,2.152514599815414376e-01,4.210766957593199966e-01,4.669111513127893187e-01,4.989656881787115639e-01,4.891447552145817279e-01,2.867966630362001057e-01,7.380470049642323671e-01,4.212945800066030255e-01,3.226232109555542404e-01,5.605796801490432468e-01,2.953189840271612798e-01,5.092792899100182513e-01,8.278479701377072786e-02,8.673003528226067571e-01,3.779665481021998175e-01,6.137177734721440681e-01,5.084083708458553286e-01
2.073708120807506439e-01,8.796817207157905383e-01,6.622186279941535414e-01,1.925001537889202419e-01,6.158508797093823484e-01,8.878625024428443702e-01,7.990521508805379369e-01,5.500138459348173914e-01,1.571850267342005114e-01,9.176332078341108422e-01,6.728635440300747561e-01,5.859305976904203295e-01,9.954172075601069869e-01,8.875236398327429610e-01,8.251437099366735195e-01,8.356961683993409107e-01,0.000000000000000000e+00,7.247334015415362041e-01,4.567780216632109092e-01,3.310975971797849304e-01,6.885716529336352032e-01,6.758512583051583533e-01,6.454471914375178310e-01,4.345088874903188514e-01,9.599917558058961298e-01,6.214774027344222018e-01,4.159568328833183615e-01,5.915043111725951652e-01,2.415072849840407543e-01,3.137387345209208603e-03,5.979186971447887355e-01,8.094821892993386836e-01,3.363218743810842959e-01,7.461726390822613908e-01,6.102280137422571027e-01,1.744973648552182732e-01,5.817473528145330475e-01,7.157153642031165441e-01,4.968858419825743500e-01,8.053796207624736025e-01,4.886560372751861947e-01,6.286694186177047006e-02,7.396157098010379682e-01,2.830855060738761697e-01,9.451836152490629139e-01,9.604479084779773412e-01,3.898029657017690885e-01,6.629421890114395310e-01,6.325187004246471956e-01,7.164538732047996961e-01,4.141322904416444572e-01,8.545469369045968211e-01,8.364241185160369296e-01,5.395514852712843812e-01,2.415392169902575437e-01,7.728981252442370664e-01,6.501095788296868960e-01,5.053013483893216418e-02,5.990605478628825420e-01,5.227719743141451270e-01,4.171783652650805085e-01,1.096983170352995168e-01,4.072976184351716489e-01,7.282152150869800611e-01,7.344853993909576939e-01,8.778703862478419717e-01,6.201762931037406723e-01,2.482564322076275809e-01,4.244816465072907552e-01,3.397143539902709453e-01,8.787067414817846256e-01,5.019416284720473742e-01,4.602371848892535811e-01,5.907134286098851828e-01,6.368260592458306890e-01,9.398562353406404446e-01,2.021693886072187529e-01,9.786817261895153219e-01,2.042586806031498337e-01,1.385326242985291945e-01,9.504605807204378198e-01,4.411777887156556055e-01,4.703874312003805125e-01,4.652949917693343096e-01,8.323554678516762451e-01
2.802463244145777521e-01,8.898872390807639476e-01,7.793970284290614448e-01,6.179650672246277399e-01,9.562797386182430026e-01,3.398282729323791052e-01,1.694809430832305841e-01,5.689496019004069982e-01,9.579203285779593902e-01,6.381691503531132792e-01,7.501203284678327199e-01,5.244510609352150965e-01,8.425052962728958317e-01,7.694247871730357513e-01,4.195468599777235630e-01,6.944783756880463788e-01,7.247334015415362041e-01,0.000000000000000000e+00,5.886008105530340373e-01,7.717598725324655851e-01,6.988145733235360257e-01,3.440276543245161522e-01,7.276313622527910141e-01,8.153842779912895411e-01,3.350198339262887570e-01,5.332249773207794474e-01,8.883830370059896397e-01,9.276797072712260617e-01,1.245735533862043359e-01,5.140203267227446693e-01,1.365224374670045704e-01,4.507745927661399588e-01,5.255086732519409498e-01,2.652965635696536983e-01,7.234677158837216071e-01,6.874681936000798244e-01,1.312424071112261448e-02,2.430388492773108422e-01,7.826224724406596334e-01,6.876919729369872503e-01,3.185570643159559845e-01,2.310477716751057620e-01,3.222818562243167650e-01,7.696629688358873622e-01,9.662824670089792400e-01,8.193999981577733127e-01,8.837262870479647425e-01,4.599497995673392792e-01,4.275297166891416922e-01,7.238553832255961717e-01,9.653786689777571484e-01,7.978973926808294870e-01,7.391869929881517143e-01,8.852495237844090203e-01,8.586848062512233426e-01,9.676343124730486522e-01,7.746496600844161584e-01,4.220919310336149755e-01,7.867261119594646246e-01,3.885386998885353438e-01,3.431530096520118978e-01,7.983710714652541007e-01,6.833828839993844051e-01,8.480215124850907227e-01,4.618352020768465294e-01,3.759641503599892021e-01,7.534135008510950415e-01,5.262599367299936048e-01,7.571335461141636136e-01,9.230060783132292279e-01,4.657658816172463023e-01,2.469151677762312369e-01,2.440520906917626187e-01,3.637257767514792128e-01,7.257820666458191239e-01,3.415375864577502307e-01,9.009140766614922580e-01,7.988279726351804610e-01,7.848890477005410204e-01,2.289422229877372816e-01,4.567364056413616424e-01,7.460357090766155386e-01,4.246553847330143405e-01,5.772944428476115553e-01,6.956269334980536012e-01
