0.000000000000000000e+00,6.073494114258448651e-01,8.553138434196961848e-01,7.460586942710601965e-01,9.811325722808514893e-01,5.313672280370818068e-01,7.143970419675663708e-01,6.686693664833834871e-01,4.555918255655155846e-02,5.954928884103590780e-01,9.842417331849204754e-01,7.502642283401810275e-01,9.632918466571854799e-01,9.292508235735299493e-01,6.640683017291986179e-01,9.010780478639085489e-01,7.055865156921952153e-01,6.644315298639725809e-01,9.713709551102711615e-01,6.810013721709444745e-01,6.082384251274638443e-01,7.665405772516362681e-01,6.458508039389352362e-01,5.703114112580832673e-01,9.061188801622512834e-01,5.257835544473707934e-01,8.815729014526961782e-01,6.097104948257526802e-01,6.631738841298076004e-01,6.655702665254954464e-01,3.099153242370539796e-01,6.398342845226778763e-01,6.278307560871518866e-01,7.869228148581249860e-01,4.245954852163069670e-01,6.782295017920495495e-01,5.331208741286487252e-01,6.187411764147624504e-01,5.864342470602177393e-01,9.588736620627764662e-01,4.478458859161651984e-02,8.090775397132858870e-01,9.232818388068686488e-01,5.414629376164253188e-02,9.373707661944187253e-01,2.331185643517270645e-01,6.027845882381983600e-01,7.178170417295837158e-01,9.832250589705253674e-01,9.831818656528310552e-01,4.089341412734736614e-01,2.246661868475876012e-01,9.874309521027512249e-01,5.427269438463752094e-01,7.469036675414442161e-01,6.123973442521478683e-01,9.577370107138021282e-01,8.859368311760639214e-01,7.287761110179178381e-01,4.305891682790411457e-01,4.275908265803696207e-01,3.365435433760498585e-01,8.768025977886563238e-01,5.624717118739399613e-01,6.776842179182215320e-01,9.897030048576329619e-01,7.647801826441196216e-01,3.955453171376297483e-01,9.433006807880572886e-01,6.783173431952216337e-01,9.206681668851961486e-01,6.878541860750716497e-01,2.844866447569312506e-01,2.541444639230732716e-01,9.531612282817992776e-01,6.892384431999357686e-01,8.347485243059783455e-01,5.502377531229792895e-01,5.758624729325002578e-01,5.769078279143523558e-01,8.712604178372533870e-01,8.154887113675003407e-01,9.834903473994283107e-01,-1.510241774253650027e-01,4.036253269558039980e-01
6.073494114258448651e-01,0.000000000000000000e+00,9.826998845229035773e-01,7.528166659461240640e-01,4.745083520249176456e-01,3.377013345231343749e-02,2.123736128779897536e-01,3.409599431520190516e-01,9.122094651529427667e-01,3.477265732952237731e-01,2.856732798645802984e-01,6.517086009210322217e-01,9.957617230161475153e-01,4.920648090899001348e-01,7.538101326682213887e-01,4.258378215700640013e-01,6.880811618695812371e-01,9.782012784109828107e-01,8.263979166301985702e-01,9.648779785476806481e-01,9.005789180785920278e-01,4.664866804668661993e-01,8.875661713156981492e-01,8.101715007330373419e-01,1.868091030882355341e-01,4.662705618145785991e-01,7.655922895802608208e-01,7.673700804951836263e-01,-9.131207066209956480e-03,5.674187557715643093e-01,2.541164596111280538e-01,4.600865897627954282e-01,6.237278946410669267e-01,6.750426502085078440e-01,3.021474804114239188e-01,5.980471964117617389e-01,5.690777170354276437e-01,3.977545581857361290e-01,1.081737552742178948e-01,6.940761560055126456e-01,6.933391801922863529e-01,6.152672460735295612e-01,9.540917087361624471e-01,7.833876054161139635e-01,8.914145721297561664e-01,4.512501611229935428e-01,4.853328596505507297e-01,4.618221798797680910e-01,7.211347886857245593e-01,5.766607016453411116e-01,4.839055295040550209e-01,4.720843258913506313e-01,7.718829637639502694e-01,9.793544694350956314e-01,2.443984465011178608e-01,6.093230782867318229e-01,6.186224927049863709e-01,4.976479398291862033e-01,2.787269392822189218e-01,6.261769010456662565e-01,6.777464375168431587e-01,3.654802337404622348e-01,3.457521917693018310e-01,6.552512261373047986e-01,5.458778440698384138e-01,4.150200505787095540e-01,5.185462244926556385e-01,8.078151358494899403e-01,6.901721502426109156e-01,7.696337790841847326e-01,6.342359063245873729e-01,4.004679672029440862e-01,2.574727235958904070e-01,1.096951318779012391e-01,3.838441332909121595e-01,5.495454974507703039e-01,9.511274601675338003e-01,1.632736896227373058e-01,-8.129650876231202250e-02,4.093676309603565544e-01,5.295220824496453815e-01,7.478870156548725889e-01,6.729155878865100693e-01,4.212576801493206902e-01,1.659382732127085980e-01
8.553138434196961848e-01,9.826998845229035773e-01,0.000000000000000000e+00,8.300954206925876822e-01,8.871007881742376533e-01,9.857455006020598987e-01,8.312387828428879910e-01,6.166334769797418014e-01,6.999377218840128201e-01,3.995072658467092586e-01,6.010573906356784235e-01,9.094399705895647168e-01,8.287862535313006429e-01,7.135922328735673226e-01,8.676090292040986585e-01,2.491905800713151431e-01,5.913463216923064980e-01,8.448704788900787133e-01,9.043877599125901279e-01,8.672993374570312497e-01,6.498046057360549188e-01,9.918740478168226460e-01,8.749916518121937381e-01,6.553367732680929203e-01,6.045943997060514441e-01,3.030763860084891292e-01,6.319953802928607312e-01,6.252664272976244941e-01,7.780148376297300050e-01,4.370548170249800024e-01,2.720395677259047074e-01,8.203577857963980646e-01,8.433550687575980254e-01,4.174456401005253170e-01,4.212297631037589252e-01,6.672935795067395093e-01,4.463601122027231471e-01,4.140220454462055222e-01,7.361205296088891847e-01,9.296574768320311488e-01,4.658789720181464311e-01,6.983434892831622554e-01,9.606031750616368381e-01,3.618858245713426069e-01,6.815913307181390435e-01,6.802639586339176425e-01,2.406757073748676812e-01,8.618242315409263554e-01,7.905067011907449537e-01,7.617529491579762002e-01,9.659170047750810228e-01,6.686310834798175895e-01,5.647018270525993033e-01,3.715021149799325739e-01,6.595161276298799891e-01,6.394176192594002162e-01,6.494690133962582879e-01,3.989341239424082364e-01,9.914766574894549045e-01,6.126029487684027108e-01,5.127927678796175837e-01,9.274042952572484344e-01,9.411229934141231990e-01,8.427243105372805854e-01,6.990082606979149960e-01,4.708937765821125110e-01,9.760839898211861598e-01,3.126247429367349784e-01,7.655312090867832930e-01,8.513269592316667911e-01,5.411408394672639899e-01,7.385827177875359251e-01,2.093016051861912585e-01,6.670962065444416833e-01,4.745811333053555070e-01,5.198117107963738937e-01,7.554661660186237082e-01,9.185891343972074630e-01,5.900699805806142173e-01,3.751400830556738675e-01,9.024799942757062432e-01,4.006069407122920256e-01,4.188503000190826331e-01,6.699586842587961222e-01,2.523693840772017194e-01
7.460586942710601965e-01,7.528166659461240640e-01,8.300954206925876822e-01,0.000000000000000000e+00,3.838657112425857276e-01,7.249730936299716433e-01,4.441798697929302819e-02,4.179022946750103884e-01,9.798677787752205770e-01,4.011049124784542563e-01,2.493233337683390949e-01,7.021991337757657048e-01,7.329656464855792697e-01,6.617992324670962656e-01,7.949141298617506957e-01,9.524299781994967073e-01,3.289972456961339775e-01,5.647298406520850911e-01,7.725142488344522995e-01,8.562111430845082971e-01,9.288699284941333012e-01,3.814274597900003672e-01,4.891679598569423915e-01,8.014883063411697428e-01,3.184187155778100409e-01,6.985374316307901843e-01,2.273824521262398091e-01,8.756797669152208696e-01,5.747222537779969054e-01,6.712666196549628428e-02,2.275086341891372765e-01,2.326279349750488001e-01,6.703555962539161639e-01,4.645442887240036622e-01,7.482170228515461208e-01,7.202654785333315601e-01,2.859660036547349016e-01,5.046862519110522083e-01,5.745883432702181270e-01,5.320953949483322454e-01,8.371793668062836868e-01,4.100845659434283474e-01,9.920511516346331993e-01,8.332320562892480131e-01,3.477837130789149800e-01,5.727553076895883777e-01,6.160730242385523692e-01,3.535760354744219569e-01,4.303430639711587347e-01,9.493866865454543280e-01,8.962641419467912707e-01,9.032241597416220680e-01,7.899248647217824715e-01,4.456192853620881689e-01,5.168918880375830138e-01,5.957009525247863868e-01,4.199762514738527575e-01,7.411221427878725843e-01,7.134592852010457342e-01,4.492382057164632791e-01,7.268424151258670030e-01,9.286793635805220548e-01,9.258860925111614959e-01,8.543098481729514138e-01,9.348874725702841504e-01,6.685810623691085253e-01,7.246863770636409185e-01,9.226507447609191281e-01,6.358431572973275436e-01,9.567052947632803672e-01,5.571690928558605815e-01,4.363780744935078504e-01,3.834718641884240498e-01,2.311219969741437064e-01,7.713100837764057527e-01,9.562027043324350384e-01,8.606059374404326778e-01,5.154481350658493000e-01,4.694311947511466410e-01,7.400456313465642033e-01,6.900373789983867967e-01,6.874562230381454642e-01,9.423930450362797417e-01,6.331646318893808800e-01,2.886181055664038819e-01
9.811325722808514893e-01,4.745083520249176456e-01,8.871007881742376533e-01,3.838657112425857276e-01,0.000000000000000000e+00,1.410931486301290061e-01,9.192373248511128692e-01,3.842983641721998689e-01,4.336715242825361361e-01,7.552334889174308064e-01,6.373532232331373670e-01,6.137269893369300400e-01,6.395494408549053933e-01,6.815738826838024789e-01,5.293745710348297662e-01,7.100361860403910930e-01,8.575696450554832762e-01,6.019705034814657463e-01,9.538995603189546202e-01,8.346405910356753388e-01,2.377715914487228965e-01,2.985684306847803393e-01,2.617011171005065306e-01,9.429688359294958744e-01,2.431957300946328004e-01,7.608301507103654160e-01,2.297161021677430193e-01,5.589717655773283056e-01,3.806828793422968871e-01,5.867614297817327351e-01,-1.530145214910808571e-01,7.769115304188843885e-01,5.365422448075269912e-01,6.596609010092833181e-01,5.588210608934836010e-01,5.476262721811673284e-01,2.732237108457846175e-01,3.204684447227836852e-01,6.791557824373991581e-01,3.886516763635042837e-01,3.071290173031685500e-01,7.565962149869837061e-01,6.092888110002747659e-01,4.216563689519416958e-01,6.556896105677448849e-01,4.147082352064178634e-01,9.504619572022383611e-01,9.869276878621811022e-01,4.835718323341064995e-01,8.174094228243194982e-01,4.674341314683741477e-01,6.930790686889344299e-01,6.308558362684141274e-01,5.403414768386769484e-01,6.691599239526907494e-01,4.986683295687196482e-01,6.495344608247023421e-01,3.906542970990463104e-01,8.626560743940746567e-01,9.691824219104047122e-01,2.494212664962643933e-01,6.577168656870688856e-01,6.240936364788006729e-01,6.814225172826638977e-01,4.600798936261123462e-01,8.961398048104898262e-01,7.170671336529318429e-01,6.057267733551631173e-01,7.874683081520996719e-01,4.613135581510371397e-01,6.144367820826382998e-01,7.818544819118191658e-01,5.908074330206644076e-01,2.044094791288473267e-01,5.113030676115045692e-01,7.610245202067233983e-01,7.347381463895821252e-01,7.547062048102665122e-01,9.515551610400073412e-02,8.567570865546736414e-02,8.378576699886315371e-01,5.527756485385730834e-01,4.473615641938798460e-01,5.493134979001309537e-01,4.307090535956147326e-01
5.313672280370818068e-01,3.377013345231343749e-02,9.857455006020598987e-01,7.249730936299716433e-01,1.410931486301290061e-01,0.000000000000000000e+00,4.324135496225499087e-01,6.789416721513173991e-01,6.515254446199755245e-01,4.661556636716586710e-01,8.623686122578122504e-01,5.542495883362096309e-01,6.905363278863246856e-01,4.080425774769950165e-01,6.882539690786031450e-01,8.369857544309114994e-01,8.706011857339779336e-01,4.635057122117259287e-01,7.508108965977663418e-01,7.591942361335631828e-01,9.542099014646565625e-01,5.412214255010293629e-01,7.274481352529108547e-01,9.772428010103715312e-01,8.750982877204445121e-01,6.765415019106756356e-01,7.018215031085549560e-01,7.247398827236802843e-01,-2.553602058183168655e-02,7.379057531142388937e-01,3.015509033353871438e-01,5.405012067490884142e-01,7.475555198893116815e-01,8.007921380178824045e-01,7.067788352681247943e-02,7.919068310010777267e-01,9.859456574013619745e-02,4.996405117678982544e-01,7.542027269878192053e-01,7.788969566092107666e-01,3.703495421038168756e-01,6.895567015660225563e-01,9.189774440366965669e-01,3.744214950127654484e-01,8.292625906592301366e-01,3.213909161734586073e-01,9.416255429649496023e-01,8.324949925615688917e-01,6.406131916605982690e-01,6.159879325571292474e-01,4.075234607345649129e-01,3.884031502335767438e-01,6.445187439428380349e-01,6.604683151296686372e-01,8.428136976599359675e-01,7.394970819730151655e-03,8.884936572672463839e-01,7.699064470025868134e-01,6.309308906027428776e-01,5.692088184314402222e-01,1.708158506655696740e-01,7.107595612048148714e-01,8.389700686817526121e-01,9.523730055397394700e-01,6.033779183439469396e-01,4.346775259877820874e-01,4.562117282763363257e-01,8.828606518276782555e-01,7.484858431776447718e-01,8.617205174479919405e-01,7.752701429331456673e-01,5.005359904818315053e-01,1.539065009234642234e-01,5.265925336120199640e-01,1.221958078681463777e-01,6.021514266441388985e-01,5.990195524374948288e-01,2.729038496245221879e-01,7.704579334399536128e-01,3.095540201628487753e-01,6.779124903722756335e-01,7.198916632097195345e-01,8.557048568989411574e-01,6.387828924175342760e-01,4.403430381629085399e-01
7.143970419675663708e-01,2.123736128779897536e-01,8.312387828428879910e-01,4.441798697929302819e-02,9.192373248511128692e-01,4.324135496225499087e-01,0.000000000000000000e+00,4.215450039587128606e-01,7.709870603697813740e-01,5.479500011174359697e-01,7.282124283583240043e-01,4.225503896264581893e-01,7.266165172726398724e-01,5.408059527580361125e-01,4.995514372293308747e-01,4.168745275898904090e-01,2.654496867727886844e-01,6.833432410984368044e-01,4.953696601119773613e-01,9.440761590834777506e-01,7.817864249146457833e-01,-1.116946645963987350e-01,2.364100001735573997e-01,9.285482973216745428e-01,4.193743151082416909e-01,7.176820360778538577e-01,2.854017615566555310e-01,5.508110738455785915e-01,3.809204456815156736e-01,3.979334020052869292e-01,3.136886038763033735e-01,2.829041260520612777e-01,6.641769110358721750e-01,3.291769496795791117e-01,3.145442171417727750e-01,6.156949965387908952e-01,3.405410068053272843e-01,4.873389022307303420e-01,4.096772280113654130e-01,5.600154108889479065e-01,5.246602629709323784e-01,7.696603640376944444e-01,3.099938321854140977e-01,5.847555845759978554e-01,6.716394206857677629e-01,2.683070271944326679e-01,7.457661506034787280e-01,4.158011986495216417e-01,7.483661430078720755e-01,2.785410030895982825e-01,7.588899932968882212e-01,5.228004298821375961e-01,2.629269638500713047e-01,7.887685002216794361e-01,6.802838274437899013e-01,5.810091415494134104e-01,3.396884009673963312e-01,7.931299716738048344e-01,7.070615981473924450e-01,2.759812561160385203e-01,7.565213465022038175e-01,2.766634678665351177e-01,7.115265984921852471e-01,7.425501890532482108e-01,5.425331868402348823e-01,7.566430954169021117e-01,5.759742513101160366e-01,4.772914528600978312e-01,7.049321408343427464e-01,7.786167793529257253e-01,4.742973969959817793e-01,7.268748043187209795e-01,3.636330483619175657e-01,4.103148999581828771e-01,5.448425748145738767e-01,6.736401724303604510e-01,3.053588390845692890e-01,-3.803628778636139462e-02,5.913092617028686132e-02,1.284695830133721628e-01,8.442851119446898034e-01,7.240311963129186790e-01,5.833889835073092778e-01,7.742132638292676949e-01,3.918518339047327714e-01
6.686693664833834871e-01,3.409599431520190516e-01,6.166334769797418014e-01,4.179022946750103884e-01,3.842983641721998689e-01,6.789416721513173991e-01,4.215450039587128606e-01,0.000000000000000000e+00,5.683489906000744885e-01,1.543983057618313059e-01,7.242189487064077946e-01,5.982458073502239237e-01,6.496897687668558019e-01,7.577663161619743182e-01,3.567698043958786314e-01,7.062124718515818689e-01,4.704494154295519315e-01,4.083075572486661309e-01,1.406176510871439411e-01,4.283159626469632553e-01,7.394666918576545678e-01,1.579590088656722402e-01,6.133998026366720424e-01,6.743373795192495468e-01,6.074534367418046310e-01,4.595488540078422335e-01,2.605411783052488661e-01,5.930084891900229138e-01,7.946768868725009316e-01,2.782085644701521310e-01,7.692328955296798831e-01,6.471443429796573943e-01,3.973009115690257498e-01,5.607030362066419693e-01,2.228175319170599411e-01,6.755180422224473791e-01,5.830185519229611479e-01,6.713870264935269949e-01,9.275378092929398299e-01,1.359741972834893897e-01,6.443593937541658434e-01,7.634641457549369292e-01,9.785372116844412993e-01,5.497530728597497252e-01,7.890634947544339362e-01,4.363732278975210321e-01,5.542779597115213286e-02,2.828774295543783346e-01,2.769882437478146664e-01,8.737706195282186894e-02,4.551269133435466019e-01,7.017051666644328334e-01,6.109353294507247067e-01,2.796994755627846274e-01,6.496970162894724066e-01,3.182956838583008707e-01,6.134061903021794659e-01,5.545654864536543327e-01,4.120042766122612443e-01,1.684210106814320596e-01,5.617458852938543856e-01,6.280577210422787493e-01,2.950714140829525101e-01,8.981847047129303263e-01,7.396654787078993376e-01,7.945186615520639650e-01,5.653039294007189408e-01,8.814508152112225936e-01,3.067461895516310211e-01,7.489881414364796264e-01,5.156491325034365802e-01,7.154978356737379253e-01,1.256534081557140747e-01,5.773462312268216046e-01,7.978928353391033512e-02,6.603003520209747013e-01,6.293679882313730767e-01,5.151357852723483788e-01,7.796031677531503057e-01,1.497055901579655846e-01,3.131468107148126512e-01,9.579951021681571977e-01,6.901538432931638711e-01,2.651579022753022263e-01,8.853031189313804727e-01
4.555918255655155846e-02,9.122094651529427667e-01,6.999377218840128201e-01,9.798677787752205770e-01,4.336715242825361361e-01,6.515254446199755245e-01,7.709870603697813740e-01,5.683489906000744885e-01,0.000000000000000000e+00,4.601137683372144016e-01,4.201811032010174807e-01,4.925209008106004038e-01,4.611742777093508217e-01,8.988626995145493348e-01,1.089249546242190315e-02,4.755697039376882151e-01,6.654330815461340087e-01,1.528362907088997025e-01,4.900925511953330149e-01,6.943486742780594634e-01,3.400704781762975415e-01,6.562243763596410373e-01,7.300118285900250026e-01,7.254468752342453364e-01,2.256496890773043440e-01,2.550222916838612019e-01,6.011412639235712563e-01,7.755713144473934673e-01,1.404323360088151618e-01,7.854421193542643342e-01,6.740927499223572372e-01,7.717687540648550115e-01,4.729064784782134323e-01,9.430997817909311243e-01,7.039654774791949121e-01,3.586901975799893783e-01,1.558809227865165792e-01,3.821441947975694475e-01,5.058286574192870644e-01,4.901210010005122575e-01,7.192797959988282697e-02,2.267176452395889552e-01,9.926631015179682160e-02,3.614400965041779656e-01,7.391223634962595934e-01,3.084392137603265138e-01,3.149622785048006857e-01,5.249645758428885811e-01,3.754956145593218442e-01,2.430655674385538145e-01,6.616094595540498169e-01,5.224391903764398215e-01,5.971946749089560580e-01,6.966561624255361851e-01,6.352905069994715381e-01,3.678721178591427554e-01,9.800411670101512041e-01,7.452627672264163783e-01,4.724447053335541491e-01,4.721537664939199352e-01,-1.747809710453796517e-01,2.026129953440111708e-01,4.350012621013661374e-01,7.668330221803780766e-01,9.849803939107556472e-01,2.162074935880627380e-01,4.674895442887561092e-01,6.462190968221450671e-01,3.258019983358306226e-01,9.389220425176453277e-01,3.304847203613041629e-01,6.670409936164879428e-01,5.307093465108319030e-01,4.280951608951241716e-01,4.516237785530354265e-01,6.360302537742028584e-01,7.992574554667569720e-01,7.363585862573756025e-01,6.703047380258277954e-01,2.263754195841761740e-01,4.087687279690404019e-01,3.466628032091191303e-01,7.576545153109547348e-01,1.595704573605054299e-01,5.376285292393701010e-01
5.954928884103590780e-01,3.477265732952237731e-01,3.995072658467092586e-01,4.011049124784542563e-01,7.552334889174308064e-01,4.661556636716586710e-01,5.479500011174359697e-01,1.543983057618313059e-01,4.601137683372144016e-01,0.000000000000000000e+00,6.898419124173078565e-01,8.521377500867436394e-01,9.227321206261135389e-01,7.012810421480173417e-01,4.846948440641918321e-01,9.724957117940109530e-01,8.970876500497911854e-01,5.156166592384773262e-01,7.438163711913547971e-01,6.555632415214693864e-01,5.973652849564108358e-01,4.777179059387959281e-01,8.353784263285000122e-01,4.933545348056737057e-01,5.222455978340188182e-02,6.018291547337265568e-01,7.140429015493801046e-01,3.975768381824832387e-01,5.511411227610337749e-01,3.178656445794760810e-01,4.235203919027459574e-02,6.333097541746669501e-01,6.160249266348694075e-01,5.554613478858407838e-01,6.693535912471463289e-01,7.791479866506695329e-02,3.217290721373358142e-01,5.280836111810774947e-01,1.738463205383591614e-01,7.078323738953421485e-01,4.926134880826266160e-01,8.171032880453253933e-01,4.373811942502102701e-01,5.984887768415245723e-01,8.573771412474237019e-01,4.232973539433952381e-01,6.586551419358768200e-01,7.540128798286627188e-01,6.018150407233378019e-01,5.190285541680983439e-01,7.718441417973583851e-01,4.990203033683059397e-01,8.566322110377229126e-01,9.956283074004805833e-01,7.851970700863706298e-01,5.191305187528827414e-01,5.304038337499882294e-01,7.338554841725256628e-01,9.310039451648705056e-01,7.180451747006183494e-01,3.385177333730247096e-01,4.578192639700421895e-01,6.537096628156159328e-01,5.079603587361114503e-01,9.673370709931261580e-01,5.268720549434979805e-01,3.370580710617379627e-01,9.910592190249825073e-01,7.282903641186596611e-01,6.525698082456029558e-01,2.676994563103026747e-01,7.223111305375291558e-01,-8.076392922308765765e-02,3.025395364949076682e-01,4.011665691931928790e-01,3.951551718149193260e-01,6.583455453926445600e-01,2.263893449486291398e-01,2.602217458538907957e-01,5.051431511543399422e-01,6.915120903795025642e-01,8.561760101343069973e-01,4.924632553650369893e-01,3.610090941200965187e-01,6.548461256273733211e-01
9.842417331849204754e-01,2.856732798645802984e-01,6.010573906356784235e-01,2.493233337683390949e-01,6.373532232331373670e-01,8.623686122578122504e-01,7.282124283583240043e-01,7.242189487064077946e-01,4.201811032010174807e-01,6.898419124173078565e-01,0.000000000000000000e+00,4.198089785609944724e-01,6.904583331068440133e-01,5.631012002012486528e-01,4.892371543495765418e-01,4.032502405211285668e-01,8.009007327784779529e-01,7.662534306072070756e-01,7.895047770457945813e-01,7.482273859219087386e-01,7.825633904501996252e-01,4.594046122370235019e-01,8.290074371649602814e-01,7.858472051496363520e-01,3.496685757807549595e-03,7.871096923266560630e-01,9.754827873091735935e-01,6.141319924643138251e-01,2.156875668854621453e-01,2.588883003306713393e-01,5.741107417311266947e-02,3.039782902241389695e-01,6.379664123814455801e-01,8.267208757941060249e-01,9.554930033722296434e-01,2.763605921379301833e-01,4.021608363557193644e-01,4.837586128745564040e-01,6.852230226205864305e-01,6.414051457633027642e-01,5.904715722296884906e-01,8.985351774373939726e-01,9.807083125896529641e-01,6.972182478970833097e-01,9.961347753197916655e-01,2.401292668908925343e-01,7.448412144686650249e-01,7.111216275541385468e-01,2.475157590659566864e-01,2.997468803427990602e-01,4.479033179492746264e-01,6.933428861072303828e-01,6.887841629795462550e-01,8.234560861375646024e-01,7.237896009511004536e-01,9.049373107633857938e-01,9.316656504120671700e-01,6.368144570054871112e-01,2.053347447211936461e-01,3.233401167253149300e-01,5.317829900175321534e-01,4.926769898954405646e-01,4.087249303638463283e-01,5.935632217705059110e-01,7.927346565943396151e-01,6.633522691783960701e-01,5.686385089801621051e-01,8.338963935409170469e-01,6.584942552520259285e-02,6.204094679809786239e-01,4.234501284650568076e-01,9.010870750179527100e-01,2.208804358426149361e-01,4.351057502963557311e-01,5.647525032212694640e-01,9.106078963930215597e-02,9.819142349115368429e-01,4.448068710714581653e-01,3.400144025101471401e-01,3.954319709902370805e-01,6.376147951842061623e-01,9.233777896670164465e-01,8.342571558326439263e-01,3.408392889660781799e-01,5.924498317036335227e-01
7.502642283401810275e-01,6.517086009210322217e-01,9.094399705895647168e-01,7.021991337757657048e-01,6.137269893369300400e-01,5.542495883362096309e-01,4.225503896264581893e-01,5.982458073502239237e-01,4.925209008106004038e-01,8.521377500867436394e-01,4.198089785609944724e-01,0.000000000000000000e+00,6.816905737952217992e-01,9.244141148712615719e-01,9.145163715755695311e-01,7.880143239524299847e-01,8.936420974483384461e-01,6.517592848392965710e-01,5.142539677991621039e-01,2.631205626533034692e-01,3.554081765697838513e-01,7.305681022357617405e-01,6.960323656078112320e-01,6.961092693425642297e-01,3.333977590635172072e-01,7.794133836961033568e-01,2.976981458964458316e-01,5.408460185629982986e-01,5.917438954338218871e-01,2.966109314492029192e-01,5.497470091800378267e-01,7.188317938310109234e-01,6.660621200971149625e-01,6.774389405478689064e-01,6.047180329453570868e-01,4.790842946021431903e-01,5.722740976379478983e-01,5.872966365513851983e-01,6.814714257944594067e-01,6.777294281371989415e-01,6.937578511409634441e-01,4.520340852623831451e-01,9.657277621468924877e-01,7.061459439185294729e-01,9.715558118062748161e-01,-7.412878455431406999e-02,8.024771645114309182e-01,7.580894401094705470e-01,3.096236454477623370e-02,7.534850433550718263e-01,7.274338620766547248e-01,9.640737207068170722e-01,5.447538676292970061e-01,5.811545551733104942e-01,3.204979177268627577e-01,2.091626963645316362e-01,6.342823293779279448e-01,5.336042795802322658e-01,9.242750411733553495e-01,7.773019904875728692e-01,4.844349828055540819e-01,7.099720498249266765e-01,1.811202039615628923e-01,6.104611438979715698e-01,5.823457135296897791e-01,7.007881392165736800e-01,6.570160338687749402e-01,8.648758554272197863e-01,2.354077207924328285e-01,4.923317827954474257e-01,7.578119971063631555e-01,5.087411410162747671e-01,7.757017903144891938e-03,1.076898877361118917e-02,4.985282517772188782e-01,4.201699468815224825e-01,7.288002761508968197e-01,6.322031438287939453e-01,2.078083627561221336e-01,-3.134965696150654457e-02,4.493242823737162994e-01,2.636680430494687810e-01,5.239400524579951313e-01,9.044237272826882723e-03,4.508433036979051511e-01
9.632918466571854799e-01,9.957617230161475153e-01,8.287862535313006429e-01,7.329656464855792697e-01,6.395494408549053933e-01,6.905363278863246856e-01,7.266165172726398724e-01,6.496897687668558019e-01,4.611742777093508217e-01,9.227321206261135389e-01,6.904583331068440133e-01,6.816905737952217992e-01,0.000000000000000000e+00,3.377445213336033314e-01,6.531806188120952150e-01,2.936595365099717858e-01,1.790840971828671913e-01,8.024265670745795997e-01,4.684075372097663559e-01,4.015324396833659382e-01,6.065960442020380539e-01,9.551351627735414906e-01,6.641489164747993446e-01,6.655114149294318882e-01,2.677888877257537659e-01,2.321593938766652876e-01,2.346264867832744960e-01,5.801583745073408682e-01,4.581004857416565712e-01,3.788358981433101458e-01,2.760876824434135290e-01,4.211637019249567793e-01,6.073434359000347282e-02,6.741346795375187106e-01,7.387526874822210043e-01,2.866861605998080043e-01,5.405510765041940946e-01,4.790863572536735449e-01,7.917425495169413407e-01,2.767438461180155573e-01,1.792634750488214801e-01,4.608963342180163458e-01,4.938669095443823931e-01,8.464709652735772361e-01,5.675530433994775414e-01,6.262305936621452851e-01,6.396180651938285777e-01,1.469816472252809259e-01,8.862106798277240571e-01,4.343768813118347172e-01,7.133749034984336879e-01,9.647855607344859585e-01,4.955109383590147187e-01,2.861717620767514556e-02,5.660388678936582041e-01,7.602992232032299569e-01,1.796693270233957196e-01,8.205789287388580711e-01,4.983602041930705884e-01,1.753925175993855390e-01,6.093272478875126907e-01,6.137082044697020899e-01,7.483744113177658308e-01,8.253529873357873248e-01,1.462985409215347178e-02,5.044021276610428650e-01,1.439403842638443953e-01,8.631107350233175879e-01,3.614151419877295601e-01,4.311091059976787099e-01,4.336564470815933436e-01,4.414198434471572896e-01,5.074473341837937301e-01,4.952659638171836853e-01,7.688173272841593020e-01,9.379703388042197609e-01,7.190620137661648537e-01,6.708172723672053417e-01,3.850945063561969084e-01,5.302804810549500703e-01,5.107753543774701255e-01,4.106704016356263476e-01,8.330692207088290502e-01,6.876584148789905981e-01,5.278877143421506490e-01
9.292508235735299493e-01,4.920648090899001348e-01,7.135922328735673226e-01,6.617992324670962656e-01,6.815738826838024789e-01,4.080425774769950165e-01,5.408059527580361125e-01,7.577663161619743182e-01,8.988626995145493348e-01,7.012810421480173417e-01,5.631012002012486528e-01,9.244141148712615719e-01,3.377445213336033314e-01,0.000000000000000000e+00,4.006178385555312360e-01,9.568878568631418169e-01,5.496581565847195039e-01,7.726409369137641203e-01,6.039254611054558630e-01,5.936910756556091906e-01,6.225892694848611519e-01,6.859347738253908089e-01,7.531794508903737473e-01,5.639617710745240542e-01,3.723010366896583045e-01,7.310951349016271417e-01,8.773548175815999439e-01,9.935397021651525273e-01,3.806923733536701215e-01,5.584247659396435193e-01,2.743918246513030734e-01,7.226858215533533691e-01,4.982493509767754736e-01,5.046120999059634515e-01,8.540393145099007821e-01,3.540298826296899293e-01,2.398250420771835256e-01,6.248516675374261586e-01,9.117193585431111469e-01,6.614026247546764825e-01,1.985156833330769532e-01,7.979682560068747099e-01,4.733019546753161055e-01,8.817706082728484773e-01,5.895114037339548307e-01,6.015833058033475123e-01,9.542659760908556166e-01,6.575340713556142580e-01,-6.163161215122320291e-02,5.070831183932386077e-01,7.047831501972470214e-01,6.201532063577467335e-01,5.629360410405076509e-01,8.694978072306208672e-01,6.333458429703391068e-02,8.335045503146487622e-01,3.844073042879708052e-02,9.576911898413910107e-01,8.663240255317945504e-01,1.676491997716970939e-01,1.121609356366354837e-01,4.044425096527136665e-01,8.559561683352102657e-01,5.748714806863707283e-01,6.638755998739116482e-01,9.166697497856491905e-01,2.545431953624585075e-01,7.755944782922490344e-01,4.982180238831080410e-01,8.139650595124028332e-01,3.857431454026949424e-03,6.806105884404488604e-01,5.791573590566796437e-01,5.714930232566570734e-01,9.916058268838896794e-02,4.869026565103553583e-01,9.979105113177806352e-01,6.599096719096656516e-01,5.440694882004710742e-01,8.132716884717067218e-02,9.821798253803493139e-01,8.249248268789217686e-01,6.985009585239588814e-01,4.484899148633202937e-01,3.781267480665866931e-01
6.640683017291986179e-01,7.538101326682213887e-01,8.676090292040986585e-01,7.949141298617506957e-01,5.293745710348297662e-01,6.882539690786031450e-01,4.995514372293308747e-01,3.567698043958786314e-01,1.089249546242190315e-02,4.846948440641918321e-01,4.892371543495765418e-01,9.145163715755695311e-01,6.531806188120952150e-01,4.006178385555312360e-01,0.000000000000000000e+00,6.389100021798116424e-01,9.494997599096617336e-01,4.362947667817243524e-01,5.870124281739100836e-01,6.460875825776853931e-01,9.043517651793138157e-01,6.769833214760060391e-01,7.294284917255058343e-01,6.691330941595718951e-01,4.780456172219987310e-01,7.855387476531719981e-01,6.604787611729288077e-01,1.063942758783570364e-01,5.092530146535320101e-01,5.613019988595068233e-01,1.518440418942948178e-01,5.226667400597784230e-01,7.708826978356261295e-01,1.714110700210919602e-01,7.610414466342595441e-01,6.375154387722702376e-01,7.177983904677627258e-01,6.205116527762150058e-01,9.594152369398314395e-01,7.079175589174084848e-01,5.018446884434394351e-01,2.538297875925882852e-01,9.844403965695128766e-01,7.718706611748284985e-01,8.622690164368422838e-01,6.861175217193868914e-01,6.859178797921738902e-01,4.969449272972073506e-01,6.038384269930677783e-01,3.195154405659558772e-01,7.516158133640814532e-01,5.957523916831894972e-01,6.995576614295780926e-01,1.705563449240828922e-01,3.614031014962126864e-01,6.862582317100751617e-01,4.147475499950335487e-01,5.998978695449190823e-01,9.988127761908065505e-01,2.134619633542740869e-01,6.860684180970539892e-01,2.553330014348570431e-01,5.433416762792686594e-01,8.728310633056066692e-01,5.908726978500369320e-01,5.311911142676715158e-01,3.150589359229043485e-01,6.710145069891431113e-01,7.204302820887966696e-01,3.946462903590928217e-01,8.810887526525164049e-01,7.570253827475375008e-01,2.076226939952470207e-01,3.094818558668361863e-01,2.242262680791978213e-01,6.492289602122364167e-01,5.843017144810418451e-01,6.386831866091362553e-01,4.739163946417958573e-01,-1.891050529661580937e-02,3.852291175021702596e-01,6.415841268529314245e-01,2.258382492062013247e-01,7.527018445507397404e-01,4.089462438500450769e-01
9.010780478639085489e-01,4.258378215700640013e-01,2.491905800713151431e-01,9.524299781994967073e-01,7.100361860403910930e-01,8.369857544309114994e-01,4.168745275898904090e-01,7.062124718515818689e-01,4.755697039376882151e-01,9.724957117940109530e-01,4.032502405211285668e-01,7.880143239524299847e-01,2.936595365099717858e-01,9.568878568631418169e-01,6.389100021798116424e-01,0.000000000000000000e+00,6.731441848753532131e-01,7.560738812078916515e-01,2.661796086863519317e-01,9.814601830339206856e-01,7.404643032655681134e-01,2.031488216571210592e-01,2.842743748019583294e-01,6.897317440723947923e-01,1.676985311053190431e-01,5.041130468041737922e-01,8.280168287723487230e-01,3.496593044397707795e-01,6.606379337105075522e-02,3.262830143343743439e-01,1.009793882945414084e-01,5.870223402710215144e-01,4.086213854927071010e-01,1.720682112476445147e-01,4.440845569283242145e-01,6.282529727369077222e-01,5.036484366331137608e-01,5.196370220258046402e-01,8.523980623146314439e-01,6.236764240892265221e-01,5.691141881252264473e-02,1.260144206330686134e-01,7.070323876124920970e-01,5.169881448219404430e-01,6.633498059249613998e-01,8.595557168300147488e-01,6.147550422247558544e-01,5.951492854831135215e-01,7.418481638326330785e-01,4.855583878195894876e-01,4.053979030271990802e-01,9.570305201261216643e-01,6.291538527594880970e-01,4.837021921248505496e-01,7.882620387996145395e-01,7.337233484644309911e-01,2.005233628779111155e-01,7.322603647201619825e-01,6.266235871520695611e-01,6.282688074355641250e-01,1.666370257283469325e-01,7.518221067548052083e-01,3.163247611944919879e-01,6.296992432386109284e-01,4.524779331967634932e-01,5.045214531429419447e-01,6.726045476215678498e-01,9.848229457585857549e-01,5.201513444887345683e-01,-1.596327619062579695e-01,7.305154527245109053e-01,8.373221902509896397e-01,4.102533698617511493e-01,2.221927717717332162e-01,6.715893159001982138e-01,7.602865355134059699e-01,7.815222129251627736e-01,2.319763737621610145e-01,5.886905614458078917e-01,5.098967238446946437e-01,3.204394053357876859e-01,6.078804038252435538e-01,6.561574200570385873e-01,7.609191873242056037e-01,5.002696038356818642e-01
7.055865156921952153e-01,6.880811618695812371e-01,5.913463216923064980e-01,3.289972456961339775e-01,8.575696450554832762e-01,8.706011857339779336e-01,2.654496867727886844e-01,4.704494154295519315e-01,6.654330815461340087e-01,8.970876500497911854e-01,8.009007327784779529e-01,8.936420974483384461e-01,1.790840971828671913e-01,5.496581565847195039e-01,9.494997599096617336e-01,6.731441848753532131e-01,0.000000000000000000e+00,5.136325205178317033e-01,7.220216810491354442e-01,9.945371788689123527e-01,9.287362314198988056e-01,8.785607782614343053e-01,5.554162871556214132e-01,2.240813858807798320e-01,2.837846356859780594e-01,7.660078527700816542e-01,9.129576741498520720e-01,9.062157131798218579e-01,1.624083633604684884e-01,6.722785421132380923e-02,3.861837484745089810e-02,8.002656621459959263e-01,4.560883795534505514e-01,6.274275923784355946e-01,6.547257994288512295e-01,2.837963337226369065e-01,7.364410761645896752e-02,8.084207936478040590e-01,5.335796829692326382e-01,5.395686904246274063e-01,2.174987653553199229e-01,8.029287500191764071e-01,2.217975711873423073e-01,6.948449130132934304e-01,6.919749014568042922e-01,4.726593410997108613e-01,1.377347426120425489e-01,8.311506665573431540e-01,9.068934831140772479e-01,4.701181863564806163e-01,7.675827779698985998e-01,2.501121929584767534e-01,7.068287876526572200e-01,6.067779419286056797e-01,4.295243431138133783e-01,3.607567530630282349e-01,5.388393371760471506e-01,7.650369669200908218e-01,8.751718485122808033e-01,1.586555564076675140e-01,5.525801786922635017e-02,5.825316036372900630e-01,7.987619524051403630e-01,7.595907400894087447e-01,9.219753057561873577e-01,8.339762133018380208e-01,9.551057251961698746e-01,8.011772800175462894e-01,4.841395650039450049e-01,8.530066031455598718e-01,5.444258588684609546e-01,9.017289822567962909e-02,4.735024603976870639e-01,4.563144263134549794e-01,8.937036545926356768e-01,9.153062291662648065e-01,6.835102420451324434e-01,6.072980309683329025e-01,2.947957378104122395e-01,3.430976482932354132e-01,6.986534454222912416e-01,8.205396768482374759e-01,7.109503461081957409e-01,3.438092767318915444e-01,5.968260671937846151e-01
6.644315298639725809e-01,9.782012784109828107e-01,8.448704788900787133e-01,5.647298406520850911e-01,6.019705034814657463e-01,4.635057122117259287e-01,6.833432410984368044e-01,4.083075572486661309e-01,1.528362907088997025e-01,5.156166592384773262e-01,7.662534306072070756e-01,6.517592848392965710e-01,8.024265670745795997e-01,7.726409369137641203e-01,4.362947667817243524e-01,7.560738812078916515e-01,5.136325205178317033e-01,0.000000000000000000e+00,4.278855332805667766e-01,7.046052752081829462e-01,9.171527563076815603e-01,3.962568358702586169e-01,5.276733144164887090e-02,7.913881820848019943e-01,6.006522816402122267e-01,9.514206487528039657e-01,5.372381664646551647e-01,4.846948261887117360e-01,6.640136662945368418e-01,2.828460385626113682e-01,5.941075171883931638e-01,2.909174427388248052e-01,3.875829263112811063e-01,6.048344845531474778e-01,4.498102853568312631e-01,3.649828478527441383e-02,8.602989952751396996e-02,8.485965306474424485e-02,6.592987754663641731e-01,8.128578357918121444e-01,4.541208942671093873e-01,6.140390219641530534e-01,7.783581446987155594e-01,6.945281682103097154e-01,8.188767599011630427e-01,8.562592786738624229e-01,2.414123290705650904e-01,5.643103732181227183e-01,1.211347078276219513e-01,2.084943434590817990e-01,5.414718858290590298e-01,4.759654814329729033e-01,5.612000204039937490e-01,5.673529192586406200e-01,7.767648096098581645e-01,6.867406034564481621e-01,9.421715705625033355e-01,2.014404798254426088e-01,7.656895811404974550e-01,2.896063564619765218e-01,4.010725607543770832e-01,1.315181876016996154e-01,5.515944456320575062e-01,4.873475180193181933e-01,7.043118331931593756e-01,8.633242496321791304e-02,1.534405488627677838e-01,9.240587490142837535e-01,4.703216114553244731e-01,7.730429259752882865e-02,9.718726035439656519e-01,7.256260477890836835e-01,7.240122929806529495e-01,4.464039436506775926e-01,4.525009072492744977e-01,2.141466795410706114e-01,6.215976636823244972e-01,7.503636746168855787e-01,4.123100089625745257e-01,3.128735280207025626e-01,9.206673051835094768e-01,4.296442906429032149e-01,5.828969390213649682e-01,1.744089874879393987e-01,7.144568803043391814e-01
