0.000000000000000000e+00,7.491811014326458240e-01,6.392896589525698392e-01,9.669718293590159330e-01,6.932310281965794463e-01,6.951139103822183696e-01,8.558583251197473540e-01,5.239342227756202952e-01,8.521932757019159421e-01,9.008847244356126271e-01,6.141410975125869420e-01,9.616141259592698720e-01,5.806966177804662177e-01,6.502777583644853143e-01,8.150979794038392123e-01,6.655235201813783918e-01,7.139457171434303584e-01,9.809928112155422708e-01,9.807574718724844098e-01,6.302654814894551594e-01,3.379565021731799623e-01,7.005692523016412432e-01,6.213682691469944036e-02,9.595592495674931666e-01,5.380493099867815765e-01,8.293013505659463380e-01,7.645362582281302055e-01,4.540849719576203203e-01,4.682899887701322261e-01,4.386546914000389319e-01,5.153895313100130826e-01,8.676116499888730793e-01,4.765869778296425441e-01,7.812571736853338722e-01,6.462182778150058482e-01,2.651211006280634885e-01,2.875784565025066852e-01,6.779056158729798165e-01,1.172082886817147201e-01,5.333818106350314281e-01,4.212050315937546086e-01,9.989446697749153614e-01,9.563547479843885757e-01,6.556365449702521442e-01,6.694978437520638925e-01,7.118881072013911737e-01,9.125593219641127130e-01,7.057934117661418538e-01,6.960146220607095202e-01,4.562480248414325645e-01,4.816759524337998477e-01,9.554500863126836885e-01,9.628256320929176049e-01,4.665043582990913706e-01,9.594568942286489932e-01,8.168645266970618879e-01,9.024219413609935181e-01,5.671402607276044838e-01,4.605818575858433572e-01,3.332268982295893966e-01,6.055913773635575037e-01,5.282593017473554697e-01,4.306190287206460021e-01,8.422724723851213735e-01,9.288578342791362630e-01,3.354988770761350159e-01,6.560916063475497051e-01,5.219321960448075615e-01,8.139137120963229055e-01,8.563718045020025649e-01,4.128979989740561019e-01,6.267838598923897164e-01,7.601027424637765151e-01,3.492138356502864638e-01,4.151727767744069486e-01,9.868719227855174969e-01,8.049278657803820014e-01,5.379281756299110206e-01,5.573026808604932825e-01,4.397008445373003505e-01,5.866717975443569433e-01,6.331566912195047969e-01,6.047395198737677280e-01,1.563766880930003711e-01,8.421825226129699971e-01
7.491811014326458240e-01,0.000000000000000000e+00,6.259616672894424694e-01,5.622883570593919522e-01,3.065262456429345139e-01,7.101505027843718620e-01,4.217901152999332659e-01,6.459017517503371497e-01,4.346466291554929029e-01,3.811658899533881817e-01,1.747562315465087807e-02,6.073666453593644654e-01,4.457986247945638358e-01,4.072966280341968615e-01,4.114120678964288125e-01,1.290936123959937898e-01,7.998799718693982985e-01,5.539761167500005801e-01,2.287647596821829610e-01,3.263366629923654672e-01,8.896647341855229429e-01,5.274026764730731509e-01,-5.171700246349220098e-03,9.507294377085837578e-01,9.795011809259219770e-01,7.822611787656781335e-01,8.047070693526334750e-01,2.448859951950911884e-01,3.586420241791100638e-01,2.787597547812874568e-02,2.794294311378188178e-01,3.329169746493702564e-01,2.466220237075016919e-01,6.585183179891425098e-01,8.242041110316530306e-01,5.909302168060597271e-01,4.683491030881610229e-01,5.087343701027821075e-01,8.940940583617876802e-01,6.940351235081485548e-01,2.870115033601461471e-04,8.992626970527961561e-01,7.392893990177954455e-01,5.771282041640137805e-01,8.069711089408811988e-01,4.285398567469865805e-01,8.457178793125655347e-02,8.789683658289015877e-01,5.076783331747328765e-01,5.297131662496133986e-01,1.748609435095835885e-01,5.797573647276187403e-01,5.826371683324198525e-01,8.196797234848530733e-01,4.715704989400825720e-01,7.171652194682835990e-01,9.699096337503734788e-02,6.794004849641643862e-01,7.934060998455085834e-01,6.464715042062543215e-01,3.637731747637527602e-01,3.202264355491369896e-01,7.123107406948885334e-01,6.843336767338449311e-01,6.941867360235212114e-01,5.358814239024821680e-01,4.976553747543370765e-01,6.059376665405422635e-01,5.790173594259055978e-01,2.050871533383474277e-01,7.301447259707222193e-01,4.356401029275154269e-01,2.861254033692035570e-01,3.206818744567705437e-01,5.672769327088195146e-01,8.748423155869707868e-01,5.813576059047540490e-01,4.303995952027252492e-01,2.252698616476858928e-01,1.517852887192397693e-01,2.786774782562389044e-02,6.563433836138743427e-01,4.777011221493133175e-01,7.452368622327655290e-01,4.261935283782812278e-01
6.392896589525698392e-01,6.259616672894424694e-01,0.000000000000000000e+00,7.708556278138894990e-01,7.753228318012373999e-01,7.501926147389612609e-01,5.893616378017091373e-01,5.529934471393492812e-01,8.475555430203316476e-01,8.624375833032751348e-01,6.766238250971566837e-01,8.367327899219701992e-01,5.341281384606557658e-01,7.137604352784896466e-01,8.938665480466909674e-01,6.662684880968638979e-01,9.328677813812649156e-01,8.890167493777649810e-01,7.804172511100776477e-01,3.917871269169851400e-01,7.691295667921169699e-01,3.698119097366371344e-01,6.413651378185745155e-01,4.715789479661577910e-01,4.878641016946324571e-01,7.440065140580648384e-01,4.587807629101794960e-01,6.424135038043906620e-01,6.918729110387250580e-01,3.549644900129206859e-01,2.349926177302496810e-01,8.803139397678939604e-01,4.395122818796153297e-01,4.851416483200065022e-01,9.271962522387342531e-01,5.629708526656416190e-01,3.638866173693900974e-01,6.254860767871120997e-01,6.322972637906304483e-01,6.466834571097489492e-01,1.507716917139257928e-01,9.840831478303582180e-01,9.673829642871036860e-01,8.143325547264859132e-01,6.541603973529539484e-01,6.181828912507421059e-01,8.477057419245006553e-01,4.167912348164734548e-01,7.065252066659372110e-01,7.331290695081489339e-01,5.861855055496026923e-01,6.508486180324468684e-01,9.022044720709733179e-01,9.047511860961775509e-01,6.970323567825761346e-01,5.783237127950138223e-01,4.424712550777865072e-01,8.355054088102868981e-01,2.047601671440400506e-01,-1.223600722528903756e-01,-2.264699709921655368e-02,7.867295216272464087e-01,5.629466045466826607e-01,7.777806703759020390e-01,9.754755733168973819e-01,7.268464702039291181e-01,8.624133563243794320e-01,8.342398007574967078e-01,9.633148057717331181e-01,5.775388330999297049e-01,5.200640082617817850e-01,7.804234546593684652e-01,-7.501396926624807893e-02,7.402174703097649244e-01,7.144934092520265345e-01,8.683057967096918794e-01,7.100715082411627188e-01,7.736947410940362424e-01,3.160647627432320861e-01,-1.967166183299377813e-01,9.543773484338485824e-01,9.163865919989856446e-01,6.277702439482244490e-01,2.998682749340738085e-01,9.473605004336800306e-01
9.669718293590159330e-01,5.622883570593919522e-01,7.708556278138894990e-01,0.000000000000000000e+00,6.474162063893430519e-01,4.043195592036596953e-01,7.459923309130900293e-01,6.789129144202366017e-01,9.799679572531785343e-01,6.742678896576793646e-01,7.197010180763091514e-01,5.792734754039547962e-01,2.593356779091237074e-01,4.608003346658305910e-01,-8.002208412893771494e-02,4.806854758399589089e-01,7.520570667813288868e-01,3.668482843618122713e-01,6.861567620165626158e-01,6.847613947708779403e-01,4.890908239447219197e-01,8.470267474409356456e-01,6.039609194292570038e-01,5.238301511804739352e-01,6.599065583575091098e-01,8.096346595283357983e-01,6.737679469379880270e-01,3.873245083997888250e-01,3.449483942504905087e-01,3.982233661936893654e-01,4.044887224631109612e-01,4.501383997549877614e-01,4.544310019725760763e-01,6.197794414319680589e-01,6.721098523797855995e-01,3.034018393812520364e-01,2.977373756265473959e-01,6.330421637163318183e-01,-1.962250440610425195e-01,4.117629119621976641e-01,6.195329817200716516e-01,5.791497662728307683e-01,7.658162428951177381e-01,5.267816206941702273e-01,8.457708157561789619e-01,7.659227272763100558e-01,7.945150810192653790e-01,5.685008781466250882e-01,8.319935125826133371e-01,4.165495158604228254e-01,3.531193745765206504e-01,1.729025688613381184e-01,4.363338520152425515e-01,8.613256105489259795e-01,6.838447609400917226e-01,9.561387328796058238e-01,4.026859212465064841e-01,5.120648890480304916e-01,7.496608842435845688e-01,5.235054290168057733e-02,5.936619542772960667e-01,7.266857266564364926e-01,7.478862108563731903e-01,6.872282540906777815e-01,9.402491719880398113e-01,5.295091976297781056e-01,6.947947959681011199e-01,8.294396296969379634e-01,7.208144791867744372e-01,7.452176242524901628e-01,3.048577112663068411e-01,6.386475594284850565e-01,-9.585848484883172094e-02,-4.055230474731386092e-02,1.111996707754775299e-01,8.153849361152737396e-01,9.564847779447200882e-01,7.911703276228244652e-01,4.008273100683449885e-01,3.585656941827622957e-01,6.843408000797961410e-01,6.292286417263378562e-01,2.378734057181308148e-01,3.888487606146417419e-01,7.039063698381988754e-01
6.932310281965794463e-01,3.065262456429345139e-01,7.753228318012373999e-01,6.474162063893430519e-01,0.000000000000000000e+00,4.201484196260692472e-01,5.752847840060257845e-01,5.529571628724270216e-01,7.491570069239794627e-01,6.881883020408159357e-01,3.449593893829534519e-01,4.396823789489008316e-01,5.058028450128450038e-01,9.086877834733606552e-01,2.045025388588388449e-01,8.229546726458234485e-01,8.997530039224201914e-01,4.131859321813905472e-01,5.777057048976562692e-01,7.613984937299043132e-01,7.684136743452643081e-01,1.796422737709370276e-01,5.582505094486690522e-01,7.200673458237574209e-01,5.565298678079834138e-01,8.660652377909648925e-01,8.899944002880203486e-01,8.676940865318405471e-01,1.654759473566330130e-01,3.482260189633732406e-01,3.288514893147951451e-02,5.125674571117463385e-01,8.355161697834083689e-01,1.220219366140093131e-01,8.833610875152766440e-01,7.494316405697762917e-01,3.102746832967361867e-01,7.491032369025959481e-01,8.794586161296211735e-01,7.179299075743897918e-01,8.090150982697376092e-01,7.014811466826619268e-01,6.495169134130346356e-01,7.065994841670539817e-01,8.254123306189261600e-01,9.212411377993410255e-01,4.467261151434260280e-01,6.039628483987427021e-01,2.525096522058127846e-01,2.164095306144984271e-02,2.418204826665204810e-01,6.388087745724075894e-01,4.059678578816788841e-01,5.818082308383281109e-01,4.590279134122542404e-01,7.122340406945468771e-01,8.754022342296242654e-01,1.472071466560942177e-01,9.891828717466844001e-01,3.671256919256288831e-01,4.783487990182055394e-01,5.713167007426793731e-01,7.831384377543653130e-01,9.931240850822820043e-01,6.558039274761601201e-01,7.435904753861357630e-01,6.798499749113727786e-01,6.554260981338779768e-01,3.742050905380409631e-01,4.798934363084630950e-01,6.483692759287499330e-01,6.490002326693423695e-01,5.664359730540255988e-01,6.163440912237624358e-01,6.842714714403238530e-01,6.047142182331993743e-01,7.714985145856512183e-01,8.585634645870950099e-02,3.336795742578448354e-01,3.706563437726610455e-01,5.122055959359067545e-01,5.896829233051577024e-01,3.793037427486621871e-01,5.223245570503756707e-02,5.778562057172004218e-01
6.951139103822183696e-01,7.101505027843718620e-01,7.501926147389612609e-01,4.043195592036596953e-01,4.201484196260692472e-01,0.000000000000000000e+00,5.448812134347765790e-01,1.931382791223423268e-01,4.338277027537290609e-01,4.812119594561802272e-01,2.436002440041979411e-01,9.197970254542232604e-01,7.799627034337436315e-01,8.984676979936984109e-01,7.150191313184831587e-01,4.319134468406902738e-01,5.593637072059602922e-01,9.566146886897501922e-01,8.883454669387225167e-01,7.021527727551085674e-01,6.857771106309272779e-01,2.313653079128319134e-01,6.108832554439815876e-01,5.171630883192077643e-01,7.425594579282577268e-01,7.675599544928842777e-01,6.917907868125350301e-01,6.653229506669761095e-01,4.185369664395944822e-01,6.083014663685533119e-01,5.711721504866039689e-01,6.677512800467648724e-01,6.946955379062516034e-01,7.051917843214335901e-01,9.662668431393757196e-01,5.916662260849014920e-01,4.126986484468140315e-01,5.790367145466510657e-01,7.270250216561692236e-01,2.920459408838315118e-01,5.089171261526174161e-01,4.820482463456328137e-01,7.068384329704232583e-01,8.372855263399574532e-01,2.080220425269826978e-01,4.329611777606475753e-01,9.851566889282339368e-01,7.812945901700443230e-01,5.133945647448135974e-01,3.730115979568174311e-01,9.340302379208081929e-01,5.915293885570396260e-01,6.480115222407571984e-01,6.882505483475799268e-01,4.368956370879179540e-01,5.369038938671015782e-01,7.307037242009256639e-01,6.839886193545021698e-01,3.198497472876768999e-01,1.365124062151262807e-01,5.713438889442447044e-01,7.084439175158195878e-01,4.028710109355764235e-01,4.791405900398986173e-01,8.000220721622355313e-01,7.887138761244816276e-01,5.022270275618824220e-01,7.865123283945805177e-01,8.175689896895940167e-01,9.298582859263161415e-01,4.344833548235443321e-01,8.193768576168206641e-01,6.422954590523108909e-01,1.123488451976084185e-01,5.629140171583172370e-01,6.197815225795370031e-01,9.032927397404550973e-01,3.586239203760614447e-01,3.875675245876977204e-01,2.831372898270174687e-01,8.509732757899123312e-01,5.387323765433473799e-01,5.085065378465341013e-01,-6.287265090577004445e-02,7.796670571819275253e-01
8.558583251197473540e-01,4.217901152999332659e-01,5.893616378017091373e-01,7.459923309130900293e-01,5.752847840060257845e-01,5.448812134347765790e-01,0.000000000000000000e+00,3.538058908701354199e-01,2.645857153660062869e-02,7.267919879814574990e-01,1.807714137580705704e-01,3.433398465871125849e-01,7.914541889354109738e-01,7.388411113333864799e-01,3.303441353792878621e-01,5.684303536782033817e-01,9.178552966078425968e-01,4.522928952474824515e-01,5.798766634450648327e-01,8.590708753006348619e-01,9.114042820495769914e-02,3.120777657806259597e-01,6.062678427558489958e-01,6.080263760900018744e-01,6.618322209330034234e-01,6.672657733774171041e-01,4.487850680256765812e-01,5.141767299790722667e-01,5.184209446652233710e-01,2.533164744790381562e-01,2.407575902008214364e-01,2.972723902702740228e-01,7.536897797226191908e-01,6.590405747042500373e-01,5.594293678788417878e-01,4.829289913810022039e-01,3.432915704651362532e-02,7.609346221998486426e-01,9.723497841224877369e-01,5.847385598368795012e-01,2.962283927615197987e-01,1.322358684165234888e-01,4.092617474261929789e-01,5.452609086037498720e-01,7.591453814666423439e-01,2.121488143700556717e-01,2.208642386207751718e-01,8.301046041867586878e-01,6.482453546746621553e-01,5.875371429266784684e-01,6.507026409102554254e-01,9.861767597451834289e-02,6.472447566339940561e-01,8.395112417600086863e-01,2.575806853147962205e-01,4.761167041958018764e-01,4.147296784377676460e-01,6.484921839326343029e-01,9.576613220030879559e-01,4.395051888553256347e-01,3.932418195588487375e-01,5.678413809197949691e-01,9.934115620825929860e-02,9.340967422358018579e-01,4.925428792188276672e-01,4.854887726721942021e-01,2.785010117077955649e-01,4.122260332601844768e-01,4.643665438313195337e-01,2.096747075254242476e-01,5.295091618059908356e-01,9.043714355773950775e-01,7.718706435783779796e-01,-2.932383910265040639e-02,8.065426629275285197e-01,2.765291241057538096e-01,1.239913601233319507e-01,7.662432780612787875e-01,4.875480891392496852e-01,5.049355408473144013e-01,7.365349041297524213e-01,6.837954092576300491e-01,6.570794897652684208e-01,4.974328936022527348e-01,7.340336748188553972e-01
5.239342227756202952e-01,6.459017517503371497e-01,5.529934471393492812e-01,6.789129144202366017e-01,5.529571628724270216e-01,1.931382791223423268e-01,3.538058908701354199e-01,0.000000000000000000e+00,3.328090288408016018e-01,6.997571601470509162e-01,7.336556876187612097e-01,7.397768192039658741e-01,7.830649306407799770e-01,8.137184583644178071e-01,5.703052489491979848e-01,4.978207373279910364e-01,3.840441385796447005e-01,1.666320812096909465e-01,1.529554772404924934e-01,4.406308106616210751e-01,9.534281992174959974e-01,6.048100949178516483e-01,4.356411492966340004e-01,9.899775386619276141e-01,8.203207832928645082e-01,7.625064406269630446e-01,4.913004740709071005e-01,2.001712582954486008e-01,6.522000007529296095e-01,2.290651560896858063e-01,4.205071781286546240e-01,5.656695568346561398e-01,7.761244389854693448e-01,6.757225737365273321e-01,3.873291121369758505e-01,1.663418452753854804e-01,2.776925414226250610e-01,9.834561844162527100e-01,6.680057594138194554e-01,6.817490738372784520e-01,3.866652248727453500e-01,6.841470465050839556e-01,9.734113961361652301e-01,2.161291603124190497e-01,8.798247022554791519e-01,6.535349893567906632e-01,2.742487656058466561e-01,6.458121946345427578e-01,9.443021856648975421e-01,3.024002528013526314e-01,6.103251697347419347e-01,4.887194864867645538e-01,4.665662641684814593e-01,7.023947273765064336e-01,9.449110867185211982e-01,9.639239270632913303e-01,4.021626049753763699e-01,6.093897506362560001e-01,2.429997468312900255e-01,3.612917866612362916e-01,5.150945915439956169e-01,7.010172319264944552e-01,4.397697027854293728e-01,7.621928884986821640e-01,9.284471071788042984e-01,9.316434983953127968e-01,4.718332151597485202e-01,7.321852574702401029e-01,6.146823869850526201e-01,3.662506129686884937e-01,5.099622166004773582e-01,7.695489475081254138e-01,4.916089041566885087e-01,5.241524406202879849e-01,4.462843478870879288e-01,1.792193927888343918e-01,5.664623220767721623e-01,7.415771674443183848e-04,2.563837652624336716e-01,3.336755946127363814e-01,4.462351220236519533e-01,6.008307459695884090e-01,8.343127960151981437e-01,4.464005971342355217e-01,5.339997090537662583e-01
8.521932757019159421e-01,4.346466291554929029e-01,8.475555430203316476e-01,9.799679572531785343e-01,7.491570069239794627e-01,4.338277027537290609e-01,2.645857153660062869e-02,3.328090288408016018e-01,0.000000000000000000e+00,7.745462055399030543e-01,6.074987751816730563e-01,5.414604676898041591e-01,3.779027061742141758e-01,2.506928379801471873e-01,7.328389428319218579e-01,1.164894298989959803e-01,8.986355564745825975e-01,6.029104144498963480e-01,2.125758846727693885e-01,8.821488533553565325e-01,6.551198467851444551e-01,2.756265328463924358e-01,2.867381789802807557e-01,2.245655629005671727e-01,6.371605416639555264e-01,5.988432376757383269e-01,7.072567041436825797e-01,5.670369015943053093e-01,3.041399345369997231e-01,-1.853374813168980617e-01,2.667403130019023738e-01,5.393588751300484319e-01,5.512979268087362383e-01,3.966085466717893526e-01,5.400922323680976689e-01,4.390956705607829136e-01,-3.043802919894156300e-02,7.386946008889676563e-01,9.218882437546731534e-01,5.165334950924971302e-01,3.629302128497162716e-01,5.101411924791142694e-01,8.347668030356441005e-01,4.389136382335585562e-01,6.459576434140184009e-01,8.009441899397545805e-01,6.654969131547811001e-01,3.089478009091852773e-01,9.073331864163853844e-01,4.852406349566016353e-01,1.242790543597070141e-01,4.122683960876805109e-02,8.564749030459299917e-01,4.018663812232753374e-01,3.237673295498188497e-01,5.796549889355915308e-01,5.697336394811323146e-01,6.702959166237392186e-01,5.730399474618003142e-01,2.710900103908711056e-01,-1.070638696415903146e-01,3.902675087311682223e-01,8.804766780298072248e-01,6.081023681114521295e-01,7.488887662295790060e-01,9.597604837141620049e-01,3.085666217557929136e-01,7.551899027970511158e-01,7.158612639780895792e-01,4.905925891247324144e-01,7.334651222409865889e-01,4.906070474160185158e-01,6.784686584355745786e-01,5.912444386576751754e-01,1.446930562942357057e-01,4.259281515919414729e-01,3.060398054278319901e-01,4.988223232279751507e-01,1.416366439970327407e-01,5.584989746496291652e-01,6.475741613341183811e-01,7.241099904261393272e-01,7.586329470138117870e-01,5.585567106068932697e-01,7.694668505566856220e-01
9.008847244356126271e-01,3.811658899533881817e-01,8.624375833032751348e-01,6.742678896576793646e-01,6.881883020408159357e-01,4.812119594561802272e-01,7.267919879814574990e-01,6.997571601470509162e-01,7.745462055399030543e-01,0.000000000000000000e+00,8.243441508243710691e-01,2.259722288678112367e-01,6.199409073592783148e-01,9.036882764409368551e-01,5.435570880629653212e-01,8.484867921131473978e-02,4.262697881902379748e-01,1.366392896282255520e-01,2.626558638880817087e-01,2.041533183426300080e-01,6.420077419709981914e-01,3.701549531699988016e-01,7.124567876586880288e-01,6.890236201782897751e-01,6.284390300629525417e-01,4.260264796465005888e-01,8.032637487612181992e-01,6.507455916193173318e-01,4.646178819720838127e-01,3.337304809749027656e-01,2.951624070206762540e-01,6.514868299989929890e-01,2.357297882007473588e-01,9.059764452406784407e-01,6.360260148613856579e-01,-1.743609985230692994e-01,3.884818850866896822e-01,6.043231394281275426e-01,6.598233809499931546e-01,1.131013893138594906e-01,2.930032655759685079e-01,2.720996139689993987e-01,9.581412131225323092e-01,6.106336865633681388e-01,8.926149071208475672e-01,6.629968283245004645e-01,4.029413145297361387e-01,6.220467689756330465e-01,7.548259514371484791e-01,3.158517372838936521e-01,4.108480751136066589e-01,7.756185649144987648e-01,9.131502152380339965e-02,5.492454611597508141e-01,8.756054576276401935e-01,6.808188865077762220e-01,7.412994159031157659e-01,2.856942783696590493e-01,6.965264940551542105e-01,5.227693700366153884e-01,2.284386241061954481e-01,5.602773858885150560e-01,7.949794206943313624e-01,3.557785622496348887e-01,7.802416755462744380e-01,4.551278010984671218e-01,7.233757605209746311e-01,8.733224378343076300e-01,3.708477569457000467e-01,7.904089264594036379e-01,6.305678346124257150e-01,7.047877157582798091e-01,5.778318131022772697e-01,3.826532698182534831e-01,7.774420569411417681e-01,4.860482406124101429e-01,2.209114893209161989e-01,6.282344524713533440e-01,4.917287267215187940e-01,3.837881622438362172e-01,5.162880391794136825e-01,8.695626778804729229e-01,9.099756303532859913e-01,3.263307778173409751e-02,3.075988311578400358e-01
6.141410975125869420e-01,1.747562315465087807e-02,6.766238250971566837e-01,7.197010180763091514e-01,3.449593893829534519e-01,2.436002440041979411e-01,1.807714137580705704e-01,7.336556876187612097e-01,6.074987751816730563e-01,8.243441508243710691e-01,0.000000000000000000e+00,6.793857776434411022e-01,8.966364007755627252e-01,6.366467893663545485e-01,7.273594892063227624e-01,6.233461659156832591e-01,5.712543070219608943e-01,4.458673883967129714e-01,2.690082615747039219e-01,2.667163935392199425e-01,3.285085280263573826e-01,6.651366436099951374e-01,8.231620875459766395e-01,7.137599757424384350e-01,5.146679629882700002e-01,6.667315176806122290e-01,6.241616446389225414e-01,7.852592000295637309e-01,2.751352371888488579e-01,7.401297641172785990e-01,3.919425310102623294e-01,6.809869167071641582e-01,3.974978799763713710e-01,6.733430469832133447e-01,7.891856380341235599e-01,3.112818629495816003e-01,7.443380498345780749e-01,2.291626034634621500e-01,9.661272905814056733e-01,7.527472432771797894e-01,9.267523687911574659e-02,2.509868109403545766e-01,8.841229421392503562e-01,9.325224624400693108e-01,2.660354654543831687e-01,5.675630784311385124e-01,4.354218817782453677e-01,9.391610295440661060e-01,5.417908052441934297e-01,3.864272725294286559e-01,5.954988578652905540e-01,6.100049269022171927e-01,7.363122300884352711e-01,4.488655830052126761e-01,9.459475136399924100e-01,4.307400613637120679e-01,6.488437578707975106e-01,7.092227441126180976e-01,9.581332972006891824e-01,1.690009837272564708e-01,2.073456894228379033e-01,5.459495041823066996e-01,4.785711413194955743e-01,7.766650217607971030e-01,8.984553651902932314e-01,7.170912763751480234e-01,7.281254868351122456e-01,8.432743544675092018e-01,9.198636605983375736e-01,7.577271798530057501e-01,3.654810073084299171e-01,5.021238165693040489e-01,6.576978831737554376e-01,6.872219414512836799e-01,5.456227463253774390e-01,2.076249841047466682e-01,8.698242780170776234e-01,5.113618768132714987e-01,4.026702553042728061e-01,5.749839882869729468e-01,6.835277489823542441e-01,9.751344379484743197e-01,8.601065132187991624e-01,1.039890562843728827e-01,4.025501899268770778e-01
9.616141259592698720e-01,6.073666453593644654e-01,8.367327899219701992e-01,5.792734754039547962e-01,4.396823789489008316e-01,9.197970254542232604e-01,3.433398465871125849e-01,7.397768192039658741e-01,5.414604676898041591e-01,2.259722288678112367e-01,6.793857776434411022e-01,0.000000000000000000e+00,6.006965352587576579e-01,5.376807635155902432e-01,7.313796954225327829e-01,4.376092127771932239e-01,5.874306028248188483e-01,-1.159474146121551585e-01,4.824660055828530192e-01,5.773253611870196034e-01,5.548463618256385121e-01,7.279257459553012399e-01,9.964503735622045610e-01,6.415393563248291686e-01,5.875499669325054963e-01,9.666329217280557051e-01,8.143342167104953289e-01,6.432239829749960558e-01,2.058042329582323859e-01,4.507907300203247702e-01,4.419272992814025081e-01,6.084522888771104476e-01,7.114440829423021029e-01,4.995090898624978126e-01,5.778872392172922368e-01,5.833197500853973816e-01,7.258085629326833654e-01,6.204458111555174460e-01,7.344176663315366005e-01,5.046805667493120540e-01,6.359293955892695305e-01,9.391453077322815535e-01,8.277126284751207264e-01,5.395354473850697552e-01,2.538840079268722127e-01,9.021935022408147375e-01,5.125654896246215619e-01,4.798113063027897862e-01,6.329181133780661384e-01,5.543598482078999634e-01,6.570635480377000348e-02,7.345212801135221348e-01,9.931083098869425418e-01,-1.885730363127918197e-01,6.169932452634288023e-01,9.954080224034611568e-01,3.265682465792985045e-01,5.083327709222483781e-01,8.778393006510276653e-01,3.493773613861290706e-01,3.251419552816504077e-01,6.950862749322636036e-01,2.811429587214944181e-01,3.913056891771311552e-01,9.971207882311423631e-01,3.559245904200403210e-01,4.878637148913494981e-01,8.006797716893645500e-01,2.858310324837133320e-01,4.099266908437164680e-01,6.320138026169200840e-01,9.134277823548698771e-01,3.226847889701383032e-01,2.647154140018846413e-01,7.022771537486558469e-01,8.196226952346236105e-01,5.487085283865846819e-01,7.780477837088581872e-01,4.604056415801937585e-01,3.595264008319214444e-01,2.743213872890419291e-01,6.694702931544451729e-01,6.459716207693650958e-01,4.252917946642983948e-01,6.974344027546917069e-01
5.806966177804662177e-01,4.457986247945638358e-01,5.341281384606557658e-01,2.593356779091237074e-01,5.058028450128450038e-01,7.799627034337436315e-01,7.914541889354109738e-01,7.830649306407799770e-01,3.779027061742141758e-01,6.199409073592783148e-01,8.966364007755627252e-01,6.006965352587576579e-01,0.000000000000000000e+00,5.110127808537225924e-01,6.578621191596052409e-01,9.461352846552134599e-01,6.274613744976185181e-01,8.662215839509116444e-01,9.608147626482111958e-01,6.519499231516114879e-01,6.124286712602430294e-01,8.645843209575938548e-01,9.575870124712501097e-01,8.575592700111814848e-01,6.862577589627254504e-01,9.664257038050446669e-01,9.004000066790146528e-01,4.714096239807546995e-01,5.298713598228895760e-01,3.471724210764024487e-01,6.402988777245769425e-01,5.401022586308473761e-01,4.564097294889326584e-01,9.866978841971266734e-01,8.156089866636233587e-01,5.171313130264134639e-01,9.033403829757576109e-02,7.251865944289723753e-01,7.875349950946195499e-01,3.069508343549836038e-01,5.651512350447907007e-01,5.222821471737560950e-01,3.762481750616669118e-01,9.859608026515241930e-01,7.771998594379020409e-01,9.246753234357976137e-01,6.980301470183483126e-01,8.036615253746667298e-01,8.939263748470007709e-01,8.143901448367028006e-01,3.146253918727170418e-01,8.466289170844825129e-01,7.505856290922174878e-01,9.998518594459118169e-01,3.386735787353201688e-01,7.491839138307831991e-01,6.627236430981487958e-01,4.028688001092365356e-01,9.259948697152855512e-01,5.419306452060644874e-01,3.979616196979367526e-01,8.699414491485898404e-01,6.624059330733729212e-01,6.327475884213686896e-01,4.876547493354968510e-01,5.269761589819047520e-01,9.456746259771067198e-01,4.675931238974454507e-01,7.092358612779636751e-01,8.150028313004195057e-01,5.752627261888680898e-01,7.182162699648474424e-01,6.080963325119781437e-01,5.391712255055423203e-02,4.630767689473094806e-01,4.959624082361415720e-01,4.855605703488625191e-01,6.717334198777261678e-01,4.712222735907164450e-01,5.732446744111984183e-01,5.678583616007462087e-01,9.567170479997862964e-01,5.376885270278826123e-01,6.055433469002878821e-01,1.893942480060050726e-01
6.502777583644853143e-01,4.072966280341968615e-01,7.137604352784896466e-01,4.608003346658305910e-01,9.086877834733606552e-01,8.984676979936984109e-01,7.388411113333864799e-01,8.137184583644178071e-01,2.506928379801471873e-01,9.036882764409368551e-01,6.366467893663545485e-01,5.376807635155902432e-01,5.110127808537225924e-01,0.000000000000000000e+00,9.959206869428691711e-01,4.551876995777442425e-01,7.028678526869495957e-02,9.584634315002660276e-01,6.076975574850503881e-01,8.527618854754330791e-01,7.730159914478296201e-01,9.977012183109262855e-01,6.013601274206251679e-01,7.079702884546938968e-01,5.564154896581988696e-01,9.078937471127876968e-01,7.479125256124474763e-01,6.737521358402736027e-01,3.175463047887835955e-01,4.037705785902008238e-01,7.608298292996727996e-01,4.211037119741753987e-01,9.286127382460562796e-01,6.618694757092231651e-01,6.610789516074813132e-01,7.685188131377224119e-01,3.009770509503029712e-01,9.286966013962338895e-01,8.632965212979311076e-01,6.444399057962563182e-01,5.288012914246944529e-01,5.668976581736365206e-02,7.330054220039796675e-01,6.070394561991048210e-01,4.856220855693511029e-01,4.250464061526094683e-01,6.546940877863819397e-01,6.712960356164292541e-01,8.996982494370499017e-01,8.770524740600585956e-01,9.703766855724529350e-01,9.480572677354333067e-01,7.435956175498257270e-01,4.355700952641279877e-01,9.977184219102320784e-01,4.282214878922383505e-01,8.959735171609597426e-01,9.347566224482145580e-01,3.702422137372696209e-01,6.890666015563923219e-01,1.657768745746737368e-02,7.771730175496114335e-01,6.750450025361169892e-01,8.827534850391215437e-01,9.559823309971295924e-01,6.356585099571516739e-01,4.105433040207023820e-01,9.367347940847524645e-01,2.724562683144631237e-01,9.330920434514314854e-01,9.461685065640106362e-01,4.100230756276689870e-01,2.918512533787180341e-01,6.237776588564938329e-01,5.828123871413737334e-03,5.753996249861775825e-01,9.490961586595249022e-01,9.392636354779476671e-01,3.792354077814975577e-01,5.176237870170580235e-01,6.283965081734489422e-01,9.683912534258652949e-01,5.586440437152249139e-01,4.565169865075627276e-01,7.101823514449894237e-01
8.150979794038392123e-01,4.114120678964288125e-01,8.938665480466909674e-01,-8.002208412893771494e-02,2.045025388588388449e-01,7.150191313184831587e-01,3.303441353792878621e-01,5.703052489491979848e-01,7.328389428319218579e-01,5.435570880629653212e-01,7.273594892063227624e-01,7.313796954225327829e-01,6.578621191596052409e-01,9.959206869428691711e-01,0.000000000000000000e+00,5.635064173333993454e-01,7.383379436450204780e-01,3.960528592511867174e-01,6.972612718164598045e-01,7.362570988067882460e-01,9.884569601837768227e-01,1.197959174184223957e-01,3.608540029183814335e-01,8.785206291380526222e-01,7.757000775295873618e-01,5.430196831469610297e-01,6.884400865785853529e-01,6.740379591120998493e-01,3.264677011310796462e-01,3.424941106047441619e-01,2.343799721261136393e-01,4.950531789894558887e-01,4.007916889104007341e-01,6.408620311173743866e-01,6.874903568314374436e-01,-1.360497685652412858e-01,5.806932769573218689e-01,5.443271891897643044e-01,6.928220167982478417e-01,6.401710882091479204e-01,9.892979089105281565e-01,7.439735679991872352e-01,6.566191066736871695e-01,8.925074744303579388e-01,6.103698538235795557e-01,4.638224832187446411e-01,4.710006075324514319e-01,6.213922252457112494e-01,4.257731112153289033e-01,6.432962922786518156e-01,5.793067251585966027e-01,7.232864815297247452e-01,6.098612486349258566e-01,9.207834639648730946e-01,6.152383736571198636e-01,4.351495927015652243e-01,7.022878476986115226e-01,7.557696406279512669e-01,2.359653653279359109e-01,6.788017677065870392e-02,3.271713947991838900e-01,3.629497869016856670e-01,4.482742033681947347e-01,5.598704271565242419e-01,8.628740744483625047e-01,6.033062659167276465e-01,5.574157651403284230e-01,9.499612311586125291e-01,3.257702712040211335e-01,5.175688550566629464e-01,4.491672770186576069e-01,4.981763719759800813e-01,7.330774589061266333e-01,7.007194300244831142e-01,4.162460485300838453e-01,6.187571792294931372e-01,4.837403185021953433e-01,2.739683808638480045e-01,1.248192338556860098e-01,5.507669084245725433e-01,4.424182595471574664e-01,9.529193568031751882e-01,6.852149880729693221e-01,4.298579324206512897e-01,6.624941629733439585e-01
6.655235201813783918e-01,1.290936123959937898e-01,6.662684880968638979e-01,4.806854758399589089e-01,8.229546726458234485e-01,4.319134468406902738e-01,5.684303536782033817e-01,4.978207373279910364e-01,1.164894298989959803e-01,8.484867921131473978e-02,6.233461659156832591e-01,4.376092127771932239e-01,9.461352846552134599e-01,4.551876995777442425e-01,5.635064173333993454e-01,0.000000000000000000e+00,6.270708209273924139e-01,9.301905378366265298e-01,7.887091102221557293e-01,6.547425211569672943e-01,8.204828120520424317e-01,5.468751763203950622e-01,6.378756418649100812e-02,4.773214328818657370e-01,3.304182566802019161e-01,7.506145995080231170e-01,9.518328481121978157e-01,6.160835168083170776e-01,2.255376853911771617e-01,3.712732682146163699e-01,7.432274381513458428e-01,1.692205207648674881e-01,6.160481526488903459e-01,5.356524414748810026e-01,6.582469431803692483e-01,7.375278169132446493e-01,1.221304053551128255e-01,3.681349141498680977e-01,9.802654890706812285e-01,8.018553082663565368e-01,3.835623680481397013e-01,5.748863404686548745e-02,8.926349613602410082e-01,9.732311756702803907e-01,9.144447437987804905e-01,7.330107039000069991e-01,2.160629096219661704e-01,6.089747707469020943e-01,7.135935625286046191e-01,6.154177330124501744e-01,1.570911068948441791e-01,-1.181076729085676902e-01,7.765114592191173504e-01,5.357831758876190342e-01,4.007827079424994832e-01,9.392247579599516394e-01,3.616816347677910826e-01,1.244541168109248863e-01,4.981623883754921489e-01,1.044923841624622735e-01,1.497808721641721297e-01,8.015207460712107101e-01,9.915686801418339691e-01,4.313529476276882213e-01,4.712157329355113333e-01,6.814186628280449742e-01,4.754843275852906892e-01,8.203932330848087151e-01,4.302880883275445600e-01,4.777304019353544318e-01,6.466672542212099917e-02,9.737259183423929709e-01,5.402464880768765854e-01,4.083827812279837710e-01,5.717637504837762563e-01,9.780317524707367038e-01,5.082710426425454120e-01,6.233866422486613601e-01,4.921083784765347136e-01,2.753936883005281278e-01,1.053846499821206040e-01,6.232027041196167572e-01,6.962131351923205314e-01,3.717720417121053167e-01,5.836058734748632570e-01
7.139457171434303584e-01,7.998799718693982985e-01,9.328677813812649156e-01,7.520570667813288868e-01,8.997530039224201914e-01,5.593637072059602922e-01,9.178552966078425968e-01,3.840441385796447005e-01,8.986355564745825975e-01,4.262697881902379748e-01,5.712543070219608943e-01,5.874306028248188483e-01,6.274613744976185181e-01,7.028678526869495957e-02,7.383379436450204780e-01,6.270708209273924139e-01,0.000000000000000000e+00,3.047429148567695756e-01,7.941556747599458621e-01,7.928540780274438982e-01,5.156283619294703691e-01,7.432119320124204176e-01,7.573404551868806456e-01,9.319863510981678534e-01,5.144180071738814197e-01,9.839116906044728106e-01,4.429288107907285998e-01,7.168463517390530892e-01,2.007577874760997361e-01,3.136626040740568833e-01,1.748102574747594298e-02,6.753276281484177357e-01,9.528116557340460258e-01,9.598088682013121709e-01,2.844782631574098719e-01,6.619761422699823594e-01,6.002584722849471088e-01,9.205163188261608065e-01,8.590480215053039048e-01,5.671822429200333859e-01,5.645062684059888314e-01,6.290528941237438776e-01,8.281435028381335384e-01,7.749122927323746080e-01,9.926520702321595113e-01,7.789755600584296058e-01,3.071153591813849393e-01,6.875875625492037235e-01,7.516123537800518672e-01,4.328220682949819875e-01,8.172397887859329524e-01,4.512185120184054599e-01,6.970587796168205008e-01,2.953200811353293154e-01,8.597188880669285327e-01,2.467148808955710315e-01,2.119202830321178788e-01,5.376577805581490566e-01,5.311255732268227447e-01,6.691376616542910050e-02,7.512759655008580673e-01,4.836319402661461986e-01,6.094383434422256940e-01,6.581974704544810706e-01,2.895354680242428480e-01,7.126606843644789357e-02,8.653300529436844801e-01,8.034545007972940800e-01,2.020367327172078453e-01,2.912527993428766226e-01,2.540647352374753032e-01,6.106094271347324298e-01,5.980152844649293531e-01,1.341384244746182154e-02,5.049755344202488949e-01,9.053025820385793843e-01,7.376012088707738501e-01,3.855508743746798306e-01,2.151125271873958744e-01,3.797051010599786225e-02,2.472169621073921353e-01,7.495965853355066599e-01,5.634525802675364181e-01,3.303877828867048394e-01,2.016150218528034443e-01
9.809928112155422708e-01,5.539761167500005801e-01,8.890167493777649810e-01,3.668482843618122713e-01,4.131859321813905472e-01,9.566146886897501922e-01,4.522928952474824515e-01,1.666320812096909465e-01,6.029104144498963480e-01,1.366392896282255520e-01,4.458673883967129714e-01,-1.159474146121551585e-01,8.662215839509116444e-01,9.584634315002660276e-01,3.960528592511867174e-01,9.301905378366265298e-01,3.047429148567695756e-01,0.000000000000000000e+00,4.406879613710931176e-01,5.491018949681432115e-01,7.753204379496789755e-01,7.395398469354071969e-01,5.113582115516253079e-01,8.117758659966269885e-01,5.095239986910408136e-01,5.921014976437131150e-01,6.276191657605082463e-01,6.803871985015572665e-01,2.072512226250626879e-02,5.238731498854893864e-01,1.913508327286402300e-01,5.067407395811616144e-01,5.065019844689816475e-01,7.403353641591049472e-01,4.251957349327049052e-01,5.155923308251525450e-01,4.358387933923403290e-01,7.506848872511874271e-01,9.861607105679430774e-01,5.435242097178250020e-01,2.595088800461389233e-01,7.221098697257775090e-01,7.369821458706162787e-01,2.534104114840407540e-02,9.830863073857523116e-01,4.566435127378258296e-01,7.303071666024221753e-02,9.928601919694285405e-01,6.507001482767857947e-01,7.079882341263016299e-01,7.701755970401815699e-01,5.405491102231305689e-01,3.348913647296819507e-01,5.753878260485130181e-01,5.383606095164750194e-01,7.063858208516693438e-01,5.260248376031320117e-01,5.750087031242827607e-01,6.940748082801823093e-01,6.568025807840990327e-01,6.056316722601728930e-01,4.345645950138599667e-01,2.648422132374824156e-01,8.660045664379056873e-01,2.832412521733123079e-01,7.040681838878224408e-01,7.161917416015884941e-01,7.668713361975552090e-01,4.278749466077793606e-01,8.221343780555843139e-01,7.087722425258542458e-01,7.468701792983875043e-01,6.128316676658353002e-01,2.100970658244274980e-01,6.832931983485578398e-01,5.906526195941166346e-01,6.040700910009308977e-01,3.101574812253439783e-01,4.666275196345143206e-01,2.950440247731824783e-01,2.463964145718111065e-01,6.747053774778392077e-01,8.168726350020147908e-01,7.610230094255491240e-01,1.464022758855072770e-01
