0.000000000000000000e+00,9.839146135635011836e-01,6.498617241397635080e-01,9.731718565612477168e-01,6.083815313756474330e-01,8.492639307483181854e-01,2.056546251000752057e-01,8.727887057028409501e-01,4.528608412323602006e-01,4.270204708599583121e-01,9.144539035112100311e-01,6.128875672183897727e-01,8.986391450231853151e-01,4.016845858041221407e-01,6.200832024584796986e-01,4.685781467928415434e-01,6.458742208521248696e-01,4.155056583531965830e-01,2.473487511567364905e-01,8.797991845234742758e-01,8.730356846621657452e-01,5.080710519645650347e-01,5.356916819503995120e-01,4.022873425248557067e-01,8.841771015051479443e-01,9.195330840367365033e-01,6.539111554313536967e-01,6.323332302952503481e-01,5.663802291044718329e-01,3.012937974853258094e-01,3.327157595996695083e-02,4.758995746497508006e-01,5.452357031123951092e-01,5.490107885112991415e-01,9.031105439987455741e-01,6.511965270834404462e-01,2.186552733913706414e-01,6.542322795785359135e-01,9.972558981826191715e-01,6.581936171619368059e-01,6.412379614669283523e-01,8.178905031889631694e-01,8.463959657044473062e-01,3.573398606086749529e-01,7.556805482105769523e-01,8.722557733944609204e-01,6.199023131723315760e-01,5.035980763910830049e-01,9.193053981150468568e-01,9.686524515485044340e-01,5.592144041817290745e-01,9.927853319375707919e-01,9.991115242757773185e-01,2.596978244577128336e-01,8.218054949544002508e-01,6.222928987384861443e-01,5.533433595758898704e-01,5.650173922901807755e-01,6.088211761344183293e-01,5.082597105649520053e-01,3.176231068483106323e-01,6.715637613071939738e-01,6.452433333371412338e-01,6.378793670283734452e-01,8.769702977315023684e-01,3.367285650138207576e-01,6.406938286208399003e-01,9.333859692455500623e-01,9.999276971238926226e-01,8.590719457444027096e-01,-4.864241726110266062e-02,7.153483884206996990e-01,3.318123034644677172e-01,5.736021199144725191e-01,9.621808675101094499e-01,7.084674793886854838e-01,8.401645915105413476e-01,4.381308620892536143e-01,4.684618230675965944e-01,1.984320268246677066e-01,7.390913217990341399e-01,7.245747704794700539e-01,9.684073137072171100e-01,7.326875750160011247e-02,5.541741198346246122e-01
9.839146135635011836e-01,0.000000000000000000e+00,9.665108982226906509e-01,9.116182235104020254e-04,8.635772059048150151e-01,9.399996206218661499e-01,5.850686656075904102e-01,7.314909200583648019e-01,7.264753357142377244e-01,5.265105268454380871e-01,5.872341361883169908e-01,4.139750244097793463e-01,7.500399567913733634e-01,4.449560696131505955e-01,2.991300841898971163e-01,6.504306563501813798e-01,3.072316998004846478e-01,5.101336087261062469e-01,6.658361041704324856e-01,2.878139478718258482e-01,8.658580171894656452e-01,4.915280466722455888e-01,9.295196743579814402e-01,4.884134168650079433e-01,5.679573722136229685e-01,5.086925588376446372e-01,6.561949415023389243e-01,7.613532949833120567e-01,1.091885756605665697e-01,2.159812255083008725e-01,5.896699158556928388e-02,5.005967834798062954e-01,4.137389873056471212e-01,9.027882727809687369e-01,5.284521530733534700e-01,2.865259259184447793e-01,-1.469450484443412808e-01,3.924527869240197475e-01,8.179434424250665581e-01,7.260305887344806752e-01,4.218145468637104489e-01,7.649152790811455382e-01,8.124542167653016067e-01,9.295523643041663231e-01,9.308051116717313000e-01,7.837933027041866785e-01,2.303342614946618794e-01,7.867013315202286972e-01,1.586665342573149173e-01,4.059775766181875079e-01,8.178433582232106369e-01,8.400375352324625233e-02,8.592622973243990714e-01,9.422274761376147056e-01,7.407493580938309119e-01,6.109754028611582566e-01,2.359619328513087519e-02,4.335194531916388705e-01,5.788754911873901232e-01,4.227458350504101903e-01,2.317463381514221488e-01,8.418079643180781391e-01,4.931612826443896314e-01,5.346039739240996402e-01,4.402970820859895551e-01,6.268484845800976757e-01,9.130073198923307487e-01,9.111515376381986719e-01,4.604979771386742415e-01,8.113477166800623364e-01,6.791200531133011475e-01,9.347079911743433334e-01,-2.503895481947607249e-01,4.864906119343457847e-01,8.675617834485054303e-01,5.973273256221722782e-01,7.589114874654864229e-01,4.405889579386851884e-01,4.962223242341830265e-02,4.355223467786042413e-01,7.266000355708235325e-01,3.093636352977180981e-01,6.331739904453562717e-01,7.451010362936156817e-01,2.946949084735438484e-01
6.498617241397635080e-01,9.665108982226906509e-01,0.000000000000000000e+00,8.998617856111618130e-01,6.449334567537182705e-01,6.740093767491859289e-01,8.121587757613192293e-01,8.444183642573973581e-01,7.252932259103567203e-01,8.973210301786471721e-01,6.734105262174360229e-01,7.284336983294190659e-01,7.924609968402148708e-01,4.346440553693334818e-01,6.827359235927593639e-01,6.060668472791564954e-01,2.714721840006695253e-01,8.832659827169988542e-01,1.276082752025380629e-01,6.619304922652938794e-01,9.999094788381222010e-01,7.826275782285745386e-01,7.788027514399828988e-01,6.743401342813485355e-01,6.273316715687872192e-01,6.515038737678544578e-01,8.030091178250025052e-01,7.319708961872483099e-01,5.859632059115453817e-01,4.084088598274313586e-01,2.063179228448233302e-02,6.348281036981950898e-01,9.332037079769870402e-01,6.998848024092623188e-01,6.124475407058872500e-01,6.529965080731622296e-01,3.794097116374198775e-01,5.363361846536451871e-01,7.521715976967953132e-01,4.785528635987224000e-01,-2.686164956438027995e-02,7.844651598828291661e-01,9.980043872142325689e-01,8.516135555095948328e-01,4.866737385153362405e-01,8.532741957339657901e-01,8.267398772043424993e-01,9.734992848014619726e-01,9.142285799928043799e-01,2.134847422931309968e-01,7.638149223092406404e-01,4.760814109960718327e-02,7.594275176796738691e-01,5.285607159685778988e-01,8.621952885150429013e-01,6.557543419605047497e-01,6.208648751358717410e-01,8.343088858080945913e-01,6.857693017191547336e-01,4.821131416120799096e-01,3.727297180755149708e-01,6.743901799007154807e-01,8.577923782188684454e-01,2.521522819171372332e-01,4.499692394654042915e-01,6.970844092566967909e-01,9.839725643994512438e-01,3.224465159952539239e-01,7.075144146874252638e-01,8.377182068651709557e-01,6.586041245465898974e-01,8.939489781654742506e-01,2.980039265689582995e-01,3.983293664641698317e-01,7.631928957567928329e-01,7.572937110023620910e-01,9.814659128610431216e-01,8.400171737361602498e-01,6.331934603284421481e-01,4.499300280137122909e-01,9.777501009785889430e-01,9.666788743639570525e-01,1.346737445066888139e-01,8.688183827778193091e-01,5.981677636530255970e-01
9.731718565612477168e-01,9.116182235104020254e-04,8.998617856111618130e-01,0.000000000000000000e+00,8.041872905665676807e-01,6.553915879520855192e-01,2.391645403688694715e-01,4.040969718373216835e-01,7.414221450653120105e-01,7.668914331207907775e-01,3.837337948446731817e-01,7.237260427742447932e-01,6.151738357653071532e-01,7.682477485404443085e-01,4.214455281388572727e-01,8.757947975202332591e-01,7.257555380539912893e-01,6.026829231667613085e-01,2.411966806649503900e-02,7.370821958435372911e-01,7.943260042272467514e-01,6.112573522739151999e-01,7.507431284843565367e-01,9.014412844406668457e-01,3.162269449313462877e-01,5.496200916515310286e-01,6.426283004447623792e-01,5.411484420159156095e-01,3.147782019191511793e-01,1.837829590707245123e-02,-2.476283061584685918e-02,3.738920286112040747e-01,6.073088380414293219e-01,6.665187201063841327e-01,4.110595673278418793e-01,4.405222587960311298e-01,2.210133018474876587e-01,4.170657188773868040e-01,4.502510240265182317e-01,2.997142852981691252e-01,5.292336024492982904e-02,6.685341096506693948e-01,7.576762806948826867e-01,6.076367874852927065e-01,8.025002634021861647e-01,5.310036597566475391e-01,5.994206993148449847e-01,6.463714036622787429e-01,2.129003617973860563e-01,7.576575960431981560e-01,6.477155973843924386e-01,8.741600506153872630e-01,7.994333085789382398e-01,4.903685685246836901e-01,6.978755303061253690e-01,3.724746264197165146e-01,5.820490787002375876e-01,2.693318626284131323e-01,8.594199237381586753e-01,4.924588206856602701e-01,5.779596736714076588e-01,6.001646220777473451e-01,6.029809079371795111e-01,4.424883567075222901e-01,7.020181412918177211e-01,6.916108200519427429e-01,4.941679221176235592e-01,9.735503696745991808e-01,5.963473946299284734e-01,3.999214105295315624e-01,6.138309746193501004e-01,9.676157956932078807e-01,5.384196182039867606e-01,4.510412722511055184e-01,7.555907861325118491e-01,2.635512019694936647e-01,7.934086011713356035e-01,4.530886186621651546e-01,-6.365101854667190584e-02,1.745699517605794615e-01,3.946743538227763803e-01,3.212519037924463916e-01,7.523529182222680189e-01,3.657142475410444238e-01,9.716990356381325356e-01
6.083815313756474330e-01,8.635772059048150151e-01,6.449334567537182705e-01,8.041872905665676807e-01,0.000000000000000000e+00,7.408659310000862419e-01,4.212245600402472756e-01,5.970026557621972430e-01,7.290439697127056862e-01,9.858242192245310065e-01,3.576493628320036589e-01,5.249691202903731257e-01,6.607199493212607688e-01,6.906026290469660101e-01,5.479071894679403698e-01,7.166258644013530077e-01,4.332808951465709213e-01,6.853255604278373214e-01,1.933322817973635172e-02,8.020258839719591748e-01,6.147500594023947995e-01,9.499655038013663511e-01,8.151236959657325309e-01,6.722678648986788463e-01,2.224432624435795369e-01,6.385913769396383000e-01,6.173526322504769848e-01,3.991791161423636214e-01,5.872514506754066277e-01,3.323516057957469627e-01,2.483531714662028378e-01,2.981591733025336088e-01,7.126149022880949868e-01,6.383467226349376356e-01,7.570488423539144529e-01,1.154428867514287194e-01,8.506513614410807222e-02,6.444659651745050510e-01,4.692105149892270011e-01,6.133327947551163728e-01,4.303956477614321319e-01,4.077005467475477984e-01,7.473971856052632479e-01,6.093095868728778397e-01,9.179998669453498517e-01,9.102707955010238550e-01,6.562735453385547535e-01,6.385294828218867069e-01,5.667826705253402597e-01,3.576229111232210878e-01,9.146876081307505624e-01,2.079143120726779648e-01,5.768389985929396335e-01,7.641487544229815798e-01,6.816339613790309837e-01,9.549372095471877486e-01,5.156052716965340288e-01,6.580416067443251027e-01,4.856499993048021269e-01,2.681234977976134845e-02,3.752771726566732635e-01,6.721496350427310640e-01,4.542038952892386572e-01,4.403493340495739927e-01,5.919521543867449775e-01,6.173999669836471860e-01,5.065452423609630994e-01,9.014412273740494141e-01,7.612823859239888913e-01,4.919385241503809181e-01,5.947994285011942717e-01,2.991937925576839130e-01,3.904560920984073702e-01,6.158126550146417744e-01,7.455788022192507691e-01,4.162195795165994361e-01,4.342739203268620729e-01,6.525302536228644312e-01,2.212007684750683378e-01,-1.093381636490223241e-02,4.351942869735758168e-01,6.687777307316171704e-01,7.979246479624768629e-01,3.593454524547003981e-01,4.654936482615184556e-01
8.492639307483181854e-01,9.399996206218661499e-01,6.740093767491859289e-01,6.553915879520855192e-01,7.408659310000862419e-01,0.000000000000000000e+00,3.568768246147031031e-01,5.169636474492551592e-01,6.801954023484997336e-01,2.001877649680393889e-01,9.683274828787140631e-01,5.869093297377659946e-01,7.196719452625032210e-01,8.726322657252578718e-01,1.465829381753063765e-01,9.586728342247684553e-01,7.593083762224093203e-01,4.500581166385316800e-01,8.754593809302787522e-01,9.293598239879115042e-01,5.157129147635657329e-01,5.453075089534142883e-01,6.537310542154177728e-01,6.502018273560669082e-01,4.202680258603597174e-01,6.214405960559634678e-01,6.882421001348715262e-01,3.322200138548055959e-01,2.203092869456328984e-01,4.621530678542171144e-01,9.752409830081293363e-02,5.146657554790609046e-01,6.002716815956602447e-01,7.511752678095465763e-01,6.021240359130282105e-01,3.505212848961627436e-01,4.717350341371587263e-01,4.084416224300145837e-01,6.567356298056452601e-01,7.159384082425982454e-01,5.744102621788160778e-01,9.191102894939572332e-01,7.253113300570923627e-01,9.833977571308257781e-01,3.010907078820443949e-01,6.236029114396294259e-01,9.645906889427490194e-01,5.029898655673634700e-01,6.743724636445969089e-01,7.914132826881827842e-01,5.208103122779889071e-01,7.049546370523732675e-01,2.188766788717091960e-01,9.021213666267402509e-01,9.942523156080358415e-01,6.241371741025889541e-01,4.395539132482853550e-01,8.595935087350314863e-01,7.424293078548659386e-01,3.784498895550191810e-01,5.632110725677154095e-01,5.545115829680605790e-01,7.283560415138197186e-01,7.734400399932146453e-01,5.857614372347038634e-01,1.371807156664285876e-01,4.273360724752058859e-01,7.598117499729476476e-01,5.854135642468381029e-01,8.830212804835938512e-01,2.667072465728082542e-01,7.343644970866789468e-01,6.462451424637707387e-01,2.314533938504556576e-01,4.208737547658684131e-01,6.590463603705565276e-01,5.185468554640196848e-01,1.777171132469408943e-01,3.145452255259293395e-01,1.433793299051037695e-01,5.498188165314941145e-01,9.574439624813948502e-01,4.959629216688518083e-01,6.688754557978456861e-01,4.522620449496175810e-01
2.056546251000752057e-01,5.850686656075904102e-01,8.121587757613192293e-01,2.391645403688694715e-01,4.212245600402472756e-01,3.568768246147031031e-01,0.000000000000000000e+00,4.460505631809081883e-01,7.936881549432286409e-01,5.377426194709409302e-01,3.663678408563690869e-01,1.464311453208609337e-01,5.141297022976625275e-01,4.323521600032334544e-01,4.458305121213659294e-01,2.632553717469115484e-01,5.371695916381503677e-01,4.348784126163425245e-01,4.200911631775712807e-01,9.221329225874160818e-01,4.123919359718518085e-01,7.577006518533596635e-01,7.887741534506972352e-01,7.126471984351140376e-01,7.913017035451346270e-01,5.602246046735612772e-01,7.921542901020313110e-01,6.245914328148333139e-01,7.320894651612390724e-01,2.600754787653382638e-01,3.825915638125597651e-01,2.154061414529041263e-01,6.078159769581432670e-01,4.186196415300243445e-01,2.153315571458372657e-01,1.233964382678772315e-01,7.914854888409297295e-01,5.066934737580334192e-01,9.275007479371493169e-01,4.163421788935374179e-01,4.839872622023951854e-01,3.357411218326358249e-01,6.432772308655672067e-01,6.012918047777120467e-01,5.691204901680981809e-01,2.724379430891209486e-01,3.844302992102472949e-01,5.986642523979828212e-01,4.142242974496758157e-01,7.903176747899675059e-01,6.514366583173012426e-01,4.141426812560892734e-01,4.387251806177288604e-01,6.873218258560416238e-01,9.188076203601228675e-01,6.086457753539410431e-01,1.583293925235847721e-01,7.979963827509594099e-01,6.921883054142413672e-01,4.300706816294596058e-01,3.286067069580713707e-01,7.648392077284918988e-01,5.005165141759663205e-01,8.708970961555260182e-01,6.561633053116241454e-01,4.158729639194030936e-01,5.570952911550415276e-01,6.742025373496512985e-01,6.561903368271311265e-01,1.763289551638074215e-01,5.931855296777031050e-01,5.282477835883089279e-01,8.599192812990903712e-02,2.826934477237009191e-01,2.510832371187017298e-01,7.819710526463944378e-01,5.088727340816721068e-01,4.429979519224904183e-01,7.542620851115308112e-01,6.413461436667537985e-01,5.246896696616620837e-01,6.668770024854837608e-01,5.276830423993911223e-01,5.787369542888636254e-01,4.046852589144198653e-01
8.727887057028409501e-01,7.314909200583648019e-01,8.444183642573973581e-01,4.040969718373216835e-01,5.970026557621972430e-01,5.169636474492551592e-01,4.460505631809081883e-01,0.000000000000000000e+00,4.003445723209397844e-01,4.958884666882625303e-01,4.385952893540654429e-01,6.972857535654513050e-01,8.398897009793587776e-01,9.421770759211183233e-01,5.940803917054617855e-01,3.683019289404258489e-01,6.201762371676353691e-01,6.365171985870629046e-01,6.080143570300606815e-01,7.142946073789363526e-01,9.478340791977134527e-01,8.101594562140941314e-01,5.007681219559868557e-01,5.593865819842601672e-01,7.015440423641445822e-01,4.208728062562108185e-01,7.287951389021088966e-01,6.572686495544117768e-01,-7.375872097422583873e-02,4.917623636522103769e-01,6.570509298596116654e-01,4.980984441293159759e-01,3.564244555914519719e-01,4.619355202374920144e-01,7.351973590009361903e-01,5.743405836981165802e-01,5.138922161931807064e-01,7.108803765849350809e-01,4.078217999283150763e-01,6.156291758471312825e-01,2.715089664803571057e-01,6.255027143104937570e-01,6.240984541721676937e-01,6.149069900264366728e-01,9.446251475035417622e-01,4.569061036326915182e-01,5.186365693569691127e-01,6.026857500890203667e-01,4.572386415005123550e-01,6.212262218118917989e-01,2.732045754337141252e-01,5.531808396413645523e-01,3.761737876609616560e-01,6.899299158362233175e-01,8.133639994111969695e-01,7.538837948732822758e-01,6.082832577441560362e-01,6.866666127437093259e-01,8.624018472670742508e-01,4.863625038538942347e-01,6.878691346792829009e-01,4.663307963327132932e-01,6.038351306041637168e-01,4.613211332981717039e-01,9.811487374072414003e-01,2.925621663749835566e-01,3.834138516344191006e-01,6.510734229055212818e-01,7.067797214382212090e-01,5.006460908819772015e-01,6.367774732491124912e-01,4.831128288395835080e-01,2.202933874883478416e-01,6.520148587682502717e-01,8.053381161073050465e-02,6.689163431767252144e-01,3.784446894128469241e-01,8.321050721269287465e-01,2.471920460174687750e-01,2.554916356964112012e-01,2.647641789719080152e-01,4.718799797770247828e-01,4.785900647168568334e-01,2.265921393220304003e-01,4.307688553313749891e-01
4.528608412323602006e-01,7.264753357142377244e-01,7.252932259103567203e-01,7.414221450653120105e-01,7.290439697127056862e-01,6.801954023484997336e-01,7.936881549432286409e-01,4.003445723209397844e-01,0.000000000000000000e+00,5.175898556649662918e-01,2.118137224665783136e-01,4.712096257777820263e-01,7.494131511642359023e-01,8.505581812135046826e-01,2.449258978640593276e-01,3.295405449102490891e-01,9.525448659230433268e-01,6.767146635645282862e-03,5.996964660180090778e-01,8.090988989390452968e-01,7.282922244983650595e-01,6.084428817767312259e-01,6.122617734774499221e-01,9.601884769299291467e-01,4.387027421662793580e-01,6.452520591193733335e-01,7.935655072710996460e-01,5.186459003638917986e-01,5.086393261455093850e-02,2.700718800600233616e-01,3.670091981072461929e-01,5.783172389903751265e-01,4.546759894787705814e-01,5.805861314497265946e-01,2.340563310389874307e-01,1.107602407992199639e-01,5.392185793863202292e-02,8.445392334463418527e-01,7.524923768060574059e-01,2.215132346086058079e-01,2.431940065460622691e-01,5.604644237497394821e-01,6.835328108442261241e-01,7.647876933527454346e-01,6.183507704688595563e-01,4.512700253129490191e-01,7.047004476919555005e-01,7.469971533870259917e-01,7.702774740997817560e-01,4.472438167046811630e-01,5.669457102864777082e-02,2.257431300892738524e-01,7.466841580998689887e-01,6.532501213521182404e-01,6.932125273016421785e-01,9.806433695134941786e-01,4.420591910356888588e-01,1.754779150234469023e-02,5.196551324105729286e-01,4.404837790301976974e-01,4.798603097229540704e-01,3.491287187500686784e-01,5.741543175414161038e-01,7.161307346943558416e-01,4.099342525123940706e-01,6.275983238778222173e-01,3.635872512475493146e-01,8.065860516788525558e-01,7.566561727144189842e-01,6.863815661374994548e-01,7.642818146321287420e-01,3.607832366410492764e-01,2.419985501540365402e-01,2.099446838657157977e-01,7.526989140336239892e-01,3.207424985219647362e-01,6.080871075657162672e-01,5.869926132943630304e-01,4.697861559591723357e-01,2.261096622633451680e-01,2.855204411976100531e-01,7.612761061984547606e-01,5.773961893206323026e-01,6.430523665860386762e-02,5.316171968331040443e-01
4.270204708599583121e-01,5.265105268454380871e-01,8.973210301786471721e-01,7.668914331207907775e-01,9.858242192245310065e-01,2.001877649680393889e-01,5.377426194709409302e-01,4.958884666882625303e-01,5.175898556649662918e-01,0.000000000000000000e+00,4.057982150294336399e-01,2.415113099511541628e-01,5.326236115118389014e-01,7.539373330383495331e-01,5.409711393049640993e-01,6.709881769230614523e-01,9.134744165992924048e-01,7.340821587742009102e-01,5.180918493434221173e-01,5.034721201850431704e-01,5.701207701000448047e-01,3.470162176674759236e-01,7.352647897522803788e-01,8.529815639859003040e-01,2.172204734265642534e-01,7.422168448209005565e-01,6.160597929310487331e-01,1.749467287893750334e-01,5.853528108549753695e-01,-3.677010422913851162e-02,-1.401735902347990836e-01,2.266272198750765576e-01,2.523354715275942795e-01,4.579233250543995326e-01,5.907366279154384614e-01,5.290957517419381251e-01,3.941929584715775370e-01,7.879025672915316303e-01,7.462517212889601126e-01,2.739432532440293500e-01,6.620132114741166252e-01,7.972931383329209254e-01,6.702451527118434838e-01,2.677658152502062072e-01,9.241623112379699911e-01,7.654943846665280827e-01,4.530122274288739814e-01,8.487767028781580958e-01,5.846546922072213270e-01,5.657321847363664391e-01,8.673679854709165360e-01,6.072145577322137777e-01,8.968206657067188114e-01,7.017482242210801857e-01,2.920670907759758683e-01,4.436298608828460055e-01,6.067199025400356049e-01,3.678156180273427500e-01,7.575798927858230503e-01,3.935902123984614809e-01,7.905788444739421106e-01,5.097957494328534400e-01,5.387313222601233242e-01,6.625854295363049484e-01,7.449043739180895018e-01,9.565840395052381817e-01,9.354657479435853906e-01,9.827146306090164263e-01,2.225064032589557095e-01,4.604353977169560741e-01,8.281839930018810580e-01,8.028212540098776939e-01,3.027338969564864479e-01,5.718052808099965967e-01,7.741373440633350089e-01,6.834574268901671967e-01,9.593268833979133881e-01,4.254161313992493310e-01,4.531735107245223881e-01,1.916458280158384597e-01,6.731811917199318485e-01,6.010224802967089053e-01,6.581440537818803449e-01,8.162412356240140998e-02,2.180578325300940867e-01
9.144539035112100311e-01,5.872341361883169908e-01,6.734105262174360229e-01,3.837337948446731817e-01,3.576493628320036589e-01,9.683274828787140631e-01,3.663678408563690869e-01,4.385952893540654429e-01,2.118137224665783136e-01,4.057982150294336399e-01,0.000000000000000000e+00,9.868697499389011973e-01,5.599947380904136685e-01,8.741468699332859416e-01,9.449437131240961962e-01,2.193385082971500977e-01,9.085877409923792669e-01,6.404711400417312239e-01,7.301407019994744507e-01,9.665687999952916609e-01,7.113854287427482381e-01,2.391896717566668884e-01,5.717257917571052506e-01,8.924418790297827808e-01,1.690108912643162042e-01,9.018417094232387132e-01,8.216794708691640414e-01,4.112814639408149953e-01,3.864481946273541357e-01,2.006672378116339805e-01,4.913541269923645260e-01,6.389319161810057546e-01,9.420656689123033667e-01,5.268940869129352667e-01,5.544234873149478382e-01,2.433927215347792550e-01,2.253475930108069514e-01,4.469070630600064375e-01,8.667781664863348778e-01,6.567268207280350101e-01,4.060975855460713380e-01,6.051842642625699931e-01,5.873670202701531950e-01,3.880261373258084290e-01,6.419366988681924902e-01,4.886668242468528156e-01,7.498471437246716498e-01,9.808200224841086001e-01,7.878808094370012283e-01,4.859561716026561951e-01,6.587953758487237188e-01,8.776012886916821909e-01,7.508964326909999265e-01,7.352518686416067428e-01,5.014969100920811940e-01,6.749104631956392986e-01,5.252124082020622753e-01,3.096488575431654011e-01,5.195946600080629807e-01,-1.567236420377263184e-02,3.492155204390773315e-01,4.488127722773830319e-01,2.554950511846454386e-01,8.277900080567806018e-01,9.362278535146233427e-01,4.652894333720894449e-01,8.090497218797549905e-01,7.608628602296563237e-01,7.590912474949218502e-01,4.119237497266762249e-01,3.050996877090195181e-01,4.564791292725660643e-01,5.666680162226134243e-01,3.599934943257685482e-01,5.298379234015607175e-02,4.304718321700147787e-01,5.259564685051072719e-02,2.296489650327400711e-01,5.013699714472410474e-01,1.968914476980378192e-01,5.804344439902637820e-01,9.784063131224947085e-01,6.067173708201639704e-01,4.578631650293067956e-01,9.229468026409767267e-01
6.128875672183897727e-01,4.139750244097793463e-01,7.284336983294190659e-01,7.237260427742447932e-01,5.249691202903731257e-01,5.869093297377659946e-01,1.464311453208609337e-01,6.972857535654513050e-01,4.712096257777820263e-01,2.415113099511541628e-01,9.868697499389011973e-01,0.000000000000000000e+00,8.285638436548000696e-01,8.340035419272231465e-01,9.049731842650851066e-01,7.026222169187710254e-01,4.809538665841729399e-01,6.465076828265836628e-01,8.202560499266873251e-01,4.171301940773800565e-01,8.691552427923530111e-01,2.823360958461920700e-01,6.996644845013719749e-01,2.963745400161165722e-01,4.643102890732241361e-01,5.435501282117368715e-01,6.821202760540687748e-01,9.253602950149528716e-01,5.109923586349373048e-01,3.788304745762802739e-01,7.315875058075524962e-01,4.777939418060809240e-01,7.152238095196948864e-01,4.233371635254742915e-01,7.110242094423486758e-01,4.593287344483135137e-01,7.486773150514470197e-03,6.136824314973463590e-01,4.696783197913220742e-01,6.668387610315361647e-01,6.746402570344447458e-01,7.480322609325769090e-01,9.226081248853329475e-01,7.835234541030698940e-01,5.416637965811044175e-01,5.603925815868955329e-01,7.176783996605266003e-01,3.546236412162115936e-01,4.151422848822399203e-01,4.025082149622881689e-01,6.601668408737428884e-01,6.154835763057124876e-01,7.180677876532388648e-01,5.047553086664726685e-01,9.358955497847459837e-01,9.847692544054406083e-01,6.709696008403563949e-01,5.966226927326279128e-01,8.812380022124526313e-01,4.427462439967097541e-01,6.347598799184042129e-01,5.705287850327592780e-01,2.709490049205920958e-01,7.308290886082983162e-01,9.622421452728324720e-01,4.268892867170105410e-01,7.834404780437911331e-01,7.994154793620191768e-01,3.986478538287551165e-01,5.617630568105305144e-01,2.781730363249024229e-01,5.890948148857619859e-01,4.671263323880980867e-01,2.211415128895948823e-01,3.622475544637629996e-01,7.655776441773356478e-01,6.395610914254709067e-01,6.084307930471675174e-01,4.331199651634887182e-01,-5.836152556125712154e-02,5.653252165283484398e-01,7.871879263281156280e-01,8.656969901986306670e-01,2.395482394460174136e-01,1.352508650376892940e-01
8.986391450231853151e-01,7.500399567913733634e-01,7.924609968402148708e-01,6.151738357653071532e-01,6.607199493212607688e-01,7.196719452625032210e-01,5.141297022976625275e-01,8.398897009793587776e-01,7.494131511642359023e-01,5.326236115118389014e-01,5.599947380904136685e-01,8.285638436548000696e-01,0.000000000000000000e+00,6.144358229454981446e-01,6.304963476904825725e-01,5.480251009256809080e-01,7.132264951631277494e-01,7.427485357920563525e-01,8.234437915008097075e-01,4.427022656567540793e-01,3.010868204646884871e-01,6.654955338244390450e-01,6.907030527347988169e-01,6.411223472377961530e-01,5.907648203828526068e-01,6.731523404260915389e-02,5.994893383507475804e-01,5.251846646378274253e-01,5.194709562254347102e-01,5.042112164655174894e-02,6.524489984506717244e-01,4.799335965091992562e-01,6.414393556614073066e-01,9.469096170368670462e-01,4.100324032087824255e-01,3.201552469124243627e-01,2.875246855357311837e-01,5.324191669939130067e-01,7.578067544007204281e-01,7.154777833082479610e-01,3.461904341948238706e-01,5.850933031175653554e-01,7.634073555502416397e-01,8.280877007753639774e-01,8.353919682082404652e-01,4.637390689721265780e-01,5.798225571691402180e-01,6.350637027785865918e-01,2.985536855118284261e-01,9.004477533251949994e-01,7.458898373409874605e-01,9.470730971613829929e-01,8.483135265590728835e-01,8.086341787814919080e-01,7.189027181550163847e-01,7.819208065012999143e-01,6.373044268879004548e-01,6.570743698691430268e-01,7.793909428958962771e-01,-6.199423172361975820e-02,2.789619014259313023e-01,4.689007071032225693e-01,4.673128077305275796e-01,4.969466687239162961e-01,7.952817209947109500e-01,5.472550115751275701e-01,7.680529768273214319e-01,6.439711046745035805e-01,7.245823191261349105e-01,7.589137761415927219e-01,6.783126608433291960e-01,4.601729096540747577e-01,3.156403708906164174e-01,3.121756882757230622e-01,1.926509018580747357e-01,8.884599314387591207e-01,8.188777628739526415e-01,4.210885099195825765e-01,2.822575848683444577e-01,5.166477550465695678e-01,3.800020432921686342e-01,8.666750558272747762e-01,7.897381238253529112e-01,2.671933186173046648e-01,4.785265399782299145e-01
4.016845858041221407e-01,4.449560696131505955e-01,4.346440553693334818e-01,7.682477485404443085e-01,6.906026290469660101e-01,8.726322657252578718e-01,4.323521600032334544e-01,9.421770759211183233e-01,8.505581812135046826e-01,7.539373330383495331e-01,8.741468699332859416e-01,8.340035419272231465e-01,6.144358229454981446e-01,0.000000000000000000e+00,7.819545066648785347e-01,9.094975059708552134e-01,6.181277607663737683e-01,7.746255404804139877e-01,4.955637462408784000e-01,3.423955553624941639e-01,5.062831350364963567e-01,7.027608843381398795e-01,2.605946346662180169e-01,5.540556381674721642e-01,3.814264008584810073e-01,9.842013647938248067e-01,5.267457315142777263e-01,4.048230315981372618e-01,3.607743903766948979e-01,3.733487165465551594e-01,4.805710091380421822e-03,3.109475365024585436e-01,7.357335586883242406e-01,5.730958581281968556e-01,6.331412715971406202e-01,2.944208602455751778e-01,5.261488656260300267e-01,6.052702089484223169e-01,6.315848912134519599e-01,9.594837247626406551e-01,5.669108377986225022e-01,6.975763831547621141e-01,9.248629164125728996e-01,8.311291897983061894e-01,8.336142249365822154e-01,9.848989969871412287e-01,9.951173564784350223e-01,3.511994750854326164e-02,6.563807593367809723e-01,9.321035300995372808e-01,4.567915471341297828e-01,9.926905167862030144e-01,6.253882373996197952e-01,6.681175707927345941e-01,4.582699107333546573e-01,7.005350194215792525e-01,6.483261263895395698e-01,9.911953208935808668e-01,5.335345095743639909e-01,7.334198784761148948e-01,2.781711264111782489e-01,7.756772356873680163e-01,6.015642164683868698e-01,8.482809861065836454e-01,9.366983297717863532e-01,8.597022865037120543e-01,8.965973383390286600e-01,8.034839948253050812e-01,3.394593191750694960e-01,8.033364236843921757e-01,6.129939433003211979e-01,6.360218641699760811e-01,4.239751190641203316e-01,4.158023704249133590e-01,5.845467473281990012e-01,6.494315309366155420e-01,4.192594539361375605e-01,9.335460916182323210e-01,2.750916897233857128e-02,3.261160600716080937e-01,5.489024716784622893e-01,8.547331155203874431e-01,5.367578714806250373e-01,2.340398146816018987e-01,9.660702596913520734e-01
6.200832024584796986e-01,2.991300841898971163e-01,6.827359235927593639e-01,4.214455281388572727e-01,5.479071894679403698e-01,1.465829381753063765e-01,4.458305121213659294e-01,5.940803917054617855e-01,2.449258978640593276e-01,5.409711393049640993e-01,9.449437131240961962e-01,9.049731842650851066e-01,6.304963476904825725e-01,7.819545066648785347e-01,0.000000000000000000e+00,6.064378420895796262e-01,2.449393098751974363e-01,2.942425209081803161e-01,3.892512881555322823e-01,5.192696912450609492e-01,9.077319347923925585e-01,4.279283152633650555e-01,3.673617635630578859e-01,6.169242853740988242e-01,6.201366989401373431e-01,4.685418906369354097e-01,5.187872232905863523e-01,4.599750471096175630e-01,6.880196940504218484e-01,6.074383785731605201e-01,1.004584792305852903e-01,7.809822808997768373e-01,2.408118234593686346e-01,6.176357611676785986e-01,7.322509770410593477e-01,3.699125990999179575e-02,4.354590997462103874e-01,4.860937113710266932e-01,6.561341629704497969e-01,8.473616452649684883e-01,3.109163575808737701e-01,4.554624246027997314e-01,6.619156787904281192e-01,5.144201286789766847e-01,3.445832527275014545e-01,6.536928713918011002e-01,2.452176155887609565e-01,3.948097088248661013e-01,4.428151608200976974e-01,5.844694255302955721e-01,9.864835697050370333e-01,5.689283509586332555e-01,7.805013583391609000e-01,5.673113573535890630e-01,8.903920753184022541e-01,6.762294992112170000e-01,6.843376224193067348e-01,8.279439676830528949e-01,9.836411619663569805e-01,2.936731217969137941e-01,3.670743435871048899e-01,4.997223254067502118e-01,2.786280696780796817e-01,8.114999886963204512e-01,8.225412597892421962e-01,5.618383076342579052e-01,8.004218112862596657e-01,9.788924927965237943e-01,5.914187814265676746e-01,7.200911154090748889e-01,8.770507257181986427e-01,6.845517401673371083e-01,2.313819478889974635e-01,7.534598721769434349e-01,6.229986867891383895e-01,6.050837794815187021e-01,6.628443926118473550e-01,3.185755270028793884e-01,4.546831456474206279e-01,-1.024410542752359904e-01,5.014204304684213298e-01,7.254845055773780915e-01,4.644488401902914232e-01,3.221491391989752540e-01,5.422786098456113812e-01
4.685781467928415434e-01,6.504306563501813798e-01,6.060668472791564954e-01,8.757947975202332591e-01,7.166258644013530077e-01,9.586728342247684553e-01,2.632553717469115484e-01,3.683019289404258489e-01,3.295405449102490891e-01,6.709881769230614523e-01,2.193385082971500977e-01,7.026222169187710254e-01,5.480251009256809080e-01,9.094975059708552134e-01,6.064378420895796262e-01,0.000000000000000000e+00,7.736304251631827000e-01,6.064182362310208685e-01,7.771546481339430823e-01,4.963129119565101721e-01,4.497547202490032037e-01,4.506329140859328120e-01,1.847345072067524407e-01,8.734268010627858070e-01,3.107630979862990861e-01,4.817587569467443043e-01,9.956588142520402807e-01,5.406138980946176842e-01,1.537324113686903970e-01,5.637440763411503131e-01,6.651091652077650851e-01,6.645033578942399766e-01,5.048769297571990000e-01,4.918402199079829895e-01,5.799196210792587625e-01,5.027639580739189373e-01,5.682611447908703095e-01,6.818310087239917161e-01,8.127206384452687615e-01,7.779053610792372453e-01,1.822400808679214279e-02,9.880227770397883580e-01,9.929144823514959306e-01,6.012153624208250724e-01,7.693980499853247945e-01,6.503449484798643487e-01,9.823850557627207269e-01,8.401712770576191813e-01,6.745564997745295832e-01,4.000226582428523248e-01,3.202723858507234844e-01,3.177598939077074247e-01,6.881492115510366991e-01,7.423154587169390473e-01,7.414641097913219348e-01,5.475327352636005784e-01,6.508542783271382692e-01,7.509128119749852726e-01,5.867917937879604251e-01,4.076098149597851550e-01,3.644112847651658216e-01,6.369434782331904188e-01,7.457980547435930641e-01,6.590819809643188032e-01,4.677681068883714488e-01,6.968517166103026517e-01,7.781441271473886756e-01,1.161174465181165766e-01,2.899284420723204914e-01,9.173472244599980563e-01,9.917065961342312885e-01,4.275202512410929412e-01,7.523150331972936478e-01,1.937090017826963717e-01,3.569681674998401721e-01,2.736433107753243332e-01,6.799704399851422831e-01,5.183701769114648084e-01,2.306381050022132673e-01,2.890548501063481823e-01,8.753733865283159776e-01,7.274617767931499390e-01,5.450479902557399114e-01,3.156670014421590342e-01,6.267023109792696500e-01
6.458742208521248696e-01,3.072316998004846478e-01,2.714721840006695253e-01,7.257555380539912893e-01,4.332808951465709213e-01,7.593083762224093203e-01,5.371695916381503677e-01,6.201762371676353691e-01,9.525448659230433268e-01,9.134744165992924048e-01,9.085877409923792669e-01,4.809538665841729399e-01,7.132264951631277494e-01,6.181277607663737683e-01,2.449393098751974363e-01,7.736304251631827000e-01,0.000000000000000000e+00,7.675296792382768629e-01,7.205953992659860363e-01,8.340612242397585918e-01,8.634300160160925941e-01,5.451448874769635466e-01,6.636798864016761890e-01,6.419447417829373670e-01,2.459365638088050476e-01,7.731156338579017184e-01,6.207662268382311277e-01,8.571534831151553790e-01,4.585011000270139969e-01,5.176459518183904596e-01,2.572324417929260365e-01,9.667753627199291433e-01,4.783286922945521602e-01,7.961424281374992473e-01,9.638035260343640331e-01,6.221359332084158700e-01,5.215009240711130367e-01,6.496632178820791470e-01,6.035776680747019229e-01,6.172058358717987803e-01,1.206931742880647668e-01,4.507417992974960610e-03,9.566237181567829317e-01,6.111643903089781782e-01,4.712909484760803291e-01,2.123724990306319893e-01,8.505711619632193576e-01,9.722453681479584775e-01,4.999060380731880082e-01,3.891229784983869511e-01,6.658807259333489048e-01,6.599851233229043768e-01,9.815767099174690369e-01,7.776247708615329213e-01,6.158833712845890318e-01,4.452921778947421805e-01,6.952822160368302695e-01,6.042129570397258842e-01,7.912980877709849814e-01,4.578271400313302375e-01,6.499456734125580448e-01,8.306715206379383654e-01,8.429059975065743560e-01,6.618405700918870149e-01,5.749548314459593801e-01,7.114596193115095835e-01,8.506136769134164943e-01,8.614540845225001631e-01,6.124119900472835276e-01,9.791840983190173153e-01,6.583921984442946407e-01,8.198574284892040653e-01,5.663886427898989773e-01,1.798687444399361957e-01,4.930566398412163931e-01,9.292976998358051244e-01,9.215753874780641119e-02,5.961816795023711091e-01,3.938547875900643147e-01,1.233747460876126745e-01,5.380141040020094412e-01,8.825819601611621934e-01,7.083095159770939064e-01,5.907747630193738164e-01,7.474673108432693391e-01
4.155056583531965830e-01,5.101336087261062469e-01,8.832659827169988542e-01,6.026829231667613085e-01,6.853255604278373214e-01,4.500581166385316800e-01,4.348784126163425245e-01,6.365171985870629046e-01,6.767146635645282862e-03,7.340821587742009102e-01,6.404711400417312239e-01,6.465076828265836628e-01,7.427485357920563525e-01,7.746255404804139877e-01,2.942425209081803161e-01,6.064182362310208685e-01,7.675296792382768629e-01,0.000000000000000000e+00,9.209184512375873100e-01,7.319463049662575660e-01,3.034829453109108011e-01,7.826834739023533771e-01,2.516825455219621199e-01,7.797241213200047927e-01,1.821113523214305530e-01,2.164493204058868248e-01,9.705216909354682508e-01,6.084714880268288217e-01,6.951645425385359900e-01,3.068590398054873436e-01,5.321707818379507460e-01,2.597061974876304635e-01,6.552742836232372525e-01,6.713860825496502649e-01,3.472930266900327023e-01,1.517122376921257176e-01,1.885439242647884983e-01,4.481380986072306949e-01,7.615815138483228441e-01,9.844418599812503334e-01,5.249362513481939940e-01,7.910395979759280438e-01,9.143537849587526356e-01,1.500544214169383384e-01,9.954712138506249808e-01,5.684540797844938043e-01,7.817929482301342325e-01,6.897387358041014160e-02,4.260249894681426008e-01,5.234031739413372852e-01,5.165513658941610631e-01,7.668164383187769939e-01,9.596269770391411269e-01,7.363257019008875304e-01,8.110064815031883256e-01,6.718913411306350891e-01,4.220318448925430843e-01,7.837271872563656983e-01,8.443199484435610636e-01,6.270359118353269201e-01,5.452411171655749955e-01,4.989470707926196291e-01,3.094363165152787531e-01,6.534190570991789127e-01,4.131058455822897435e-01,5.184309410669583063e-01,6.070450056047379528e-01,6.027457086454997004e-01,2.643120500128634531e-01,6.109899633714958034e-01,5.113393382670218257e-01,5.679487670102274510e-01,5.963364549589673658e-01,2.851092609108098475e-01,3.481225715961739908e-01,9.974107474718778565e-01,6.854798182142826102e-01,3.127650054685689462e-01,7.754646620571151172e-02,4.328828929972357020e-01,6.758044649736307807e-01,5.185459192775099257e-01,4.907093500248671525e-01,7.243920228676350437e-01,5.215997646108836427e-01
