0.000000000000000000e+00,8.601375970916040892e-01,5.875319542371252313e-01,7.884184657316589684e-01,7.164968460823208929e-01,7.844453017626360491e-01,9.198160872813081479e-01,6.710383668011600244e-01,4.524742363290765179e-01,7.031386788004824195e-01,9.206926417220185899e-01,9.933750177128566339e-01,9.223753357770159145e-01,8.801860755950581261e-01,9.134503714217119263e-01,7.267785475214645352e-01,6.244794617964992689e-01,6.780200130124893754e-01,8.395151962078720720e-01,8.527907050808376521e-01,4.222055525352862437e-01,4.422215070951021620e-01,9.267888755484936514e-01,6.119785137417322884e-01,6.801852876487823885e-01,7.590569652903795816e-01,5.880467185933482277e-01,-2.540660766610858268e-02,3.495515131705614342e-01,3.774761895779877863e-01,2.712879383559937962e-01,6.168408920049257560e-01,7.441719965023347871e-01,6.999168517305924819e-01,2.223054277076296215e-01,5.833410385986322888e-01,5.077847616557966681e-01,5.949642052522856606e-01,4.439236037838327209e-01,7.934032813951649166e-01,2.218849879665740210e-01,7.213409133835341214e-01,4.059770743798275516e-01,6.709103666684045342e-01,4.072555975884932233e-01,7.893911509595580300e-01,4.515994110334879963e-01,9.363844549181740140e-01,5.808575606346676468e-01,4.272254969497887855e-01,4.240250149880610553e-01,8.345665833295248248e-01,6.425492239000599737e-01,9.518143104185432524e-01,8.432634520906355791e-01,9.628467825593940432e-01,6.937682865934604592e-01,6.658595529255547651e-01,8.725898416799341417e-01,5.901999687690946406e-01,4.606619774565591796e-01,7.660669985180459385e-01,9.091506209774239400e-01,2.223827125917989256e-01,6.311546167443724542e-01,4.591427717488470450e-01,8.207923972372735966e-01,6.094425053952565730e-01,8.630526268156327729e-01,6.141225607007279041e-01,2.691909394924520971e-01,3.287567930372270464e-01,4.094378611829423975e-01,2.937579127252020195e-01,9.654504624177406846e-01,9.461665815726296724e-01,7.577407397090553109e-01,7.554419394494922280e-01,5.020141418704054947e-01,2.032340733492428719e-01,7.585333863470546945e-01,6.814206464324895629e-01,8.946739468868664114e-01,3.350238205596227647e-01,4.872699165730647319e-01
8.601375970916040892e-01,0.000000000000000000e+00,7.469835738980674655e-01,6.151643759527090083e-01,5.680358937997587176e-01,-1.258542224959291467e-02,2.843406395468148218e-01,1.240603569955818497e-01,7.729239467582946777e-01,9.510415255292967718e-01,7.276600023793745597e-01,7.494817621477980474e-01,4.542264270519482117e-01,9.170862118966399690e-01,5.206911372317950537e-01,6.152262588730945669e-01,4.089263712554903618e-01,1.556366713623582032e-01,8.667668265948424988e-01,8.289510740169243608e-01,6.758215271715867223e-01,5.191910372075210223e-01,9.921795414664671409e-01,8.491279967848277543e-01,3.032034415068053934e-01,6.757222722184792474e-01,6.715323363895497888e-01,7.646181534993594653e-01,6.118732401438075064e-01,5.721696056056805313e-01,3.554292225779012160e-01,4.720797331196032176e-01,2.371986370627194307e-01,4.244338798289404857e-01,3.806815876717467018e-01,2.296550974510589149e-01,2.199808575409019917e-01,1.072515848206530981e-01,9.827706044153352583e-01,2.588880246965846177e-01,8.789159570491402729e-01,4.635207641406970391e-01,8.712239899102073304e-01,3.566430688841079055e-01,4.396712167259951842e-01,8.864898103779806915e-01,5.796909827271350402e-01,8.952237107093232726e-01,6.460022940551943815e-01,4.377984754556035196e-01,3.633967344227968521e-01,1.620514876536764959e-01,1.804465681469203941e-01,9.794270850684926311e-01,9.209328726828085454e-01,6.909693061019259730e-01,5.713287587942339485e-01,7.239125684932664617e-01,8.966044476862252699e-01,5.466957264756548973e-01,5.629549770386711449e-01,2.230587244398141711e-01,9.290459206512793333e-01,4.215795104846268293e-01,7.258372657027816199e-01,5.249704787206654682e-04,8.273301122356779835e-01,6.893203930575985128e-01,4.503992430712553952e-01,9.472702554056162683e-01,8.471739549060577357e-01,4.568590899655561866e-01,2.659547698250885883e-01,1.384862543788537570e-01,6.667601624238679303e-01,8.890112822429281358e-01,8.164517859859724558e-01,2.997614692720519947e-01,6.626428668435662139e-01,5.970447878265232600e-01,4.488691153128117617e-01,2.660577024479261476e-01,8.019257031652908818e-01,7.791842001612592217e-01,7.019687964864158580e-01
5.875319542371252313e-01,7.469835738980674655e-01,0.000000000000000000e+00,5.329503711033324320e-01,9.330365637276873958e-01,4.318483768975131531e-01,9.731657079562785473e-01,5.674051496945204942e-01,4.656896222432503341e-01,8.319458369581073098e-01,7.544285867394397993e-01,6.626876463866938627e-01,6.540505416041324516e-01,6.725707745823350514e-01,6.647962924820930430e-01,8.254936095220490877e-01,6.564833375931145021e-01,8.467250985480869740e-01,4.589428612128935714e-01,6.877751792911908080e-01,9.980732321886207625e-01,9.184247101781709555e-01,9.865507151962481514e-01,6.519111922700011608e-01,9.090051871347586410e-01,7.460870164206427901e-01,4.359061584763622710e-01,4.335904514231061491e-01,1.234204929453378841e-01,5.918173095665646422e-01,7.229210945646072362e-02,5.739235326022409378e-01,8.936994997882273806e-01,3.092916716890357076e-01,9.892574649152103827e-01,5.244624228314471726e-01,-2.840368631570602820e-01,7.248043824985406225e-01,4.733075442032753655e-01,3.520850487669243689e-01,6.503560297428491177e-01,6.479319046813611926e-01,9.321790616083689418e-01,9.931834205881326927e-01,9.124097538985617151e-01,9.752820131324233532e-01,8.388950204633687235e-01,2.799893306151961525e-01,6.019808110310665983e-01,4.676672391518548744e-01,9.222053966430696637e-01,9.178186200156350782e-01,9.095208112664385780e-01,8.513494967107073652e-01,8.601708345621870144e-01,6.932746837730117129e-01,8.520137808804162383e-01,8.469288537572824405e-01,3.392408343288197403e-01,3.896526868049813297e-01,3.994511780187635641e-01,9.341772504332818139e-01,5.111889147608048578e-01,9.238125984352064668e-01,8.003031542718292979e-01,3.858145591709980504e-01,9.214301478525277478e-01,5.870119000316382785e-01,9.383609372773867863e-01,6.080496232342433860e-01,5.224096189002191970e-01,3.426600281235442358e-01,6.024012969574250587e-01,4.230852156385361829e-01,9.547265791921573097e-01,9.826700485362154236e-01,8.896618372773766881e-01,9.483982023287806928e-01,1.548424863979438494e-02,1.519103713094296371e-01,3.810310907222218546e-01,7.323629242259466210e-01,5.376876158376926451e-01,6.102893593178754239e-01,7.385033377202168126e-01
7.884184657316589684e-01,6.151643759527090083e-01,5.329503711033324320e-01,0.000000000000000000e+00,9.133531063984019482e-01,5.209168568319394454e-01,7.835377442229796152e-01,4.092453002336325918e-01,5.732712162890566399e-01,5.274536461966043976e-01,5.673609133064601018e-01,4.711794571051990399e-01,4.647377884588716479e-01,4.910558289929712883e-01,7.764104324844761651e-01,2.158754628126182129e-01,2.937089034804862275e-01,3.634872191050911305e-01,4.449972366551545044e-01,5.925185532780621323e-01,8.871460342145273126e-01,7.183404361255639747e-01,3.258043640926483464e-01,4.109573820239885711e-01,4.576257498841930227e-01,6.615067630513546959e-01,2.877121795325741083e-01,7.790753155193315127e-01,5.658335776328347055e-01,4.839628997790371701e-01,3.222987891996729193e-01,7.210178566418257162e-01,9.377953702320452889e-01,6.385156920445043127e-01,5.243080160775441811e-01,3.156866621338507706e-01,4.009787085527167227e-01,4.264742405915145085e-01,7.329567723584415884e-01,7.491589852745739186e-01,6.325500321694804695e-01,6.411403330657731159e-01,6.159528734201495936e-01,9.895031603328268144e-01,4.534471288311355264e-01,9.324523354539933084e-01,6.104646501583157470e-01,6.417201130959455657e-01,5.751570464133105576e-01,9.896952648421603049e-01,6.122228209449366299e-01,3.451007368423599786e-01,4.944275963851121336e-01,7.117356852848478743e-01,2.771226447699480233e-01,8.085212439539973817e-01,4.640554290300559215e-01,9.045098226834269450e-01,4.955591317899744608e-01,2.391189704402657823e-01,3.087385254470702001e-01,5.547281031654064387e-01,7.196619594145515775e-01,8.090122207998748927e-01,2.513352325448813818e-01,5.625075602826536958e-01,9.895872558752247805e-01,9.045557362418755742e-01,2.039878507979533961e-01,9.483792165418630793e-01,8.971513216716738848e-01,5.476536494289986345e-01,4.696799398430964168e-01,4.043441572219506064e-01,7.671949643194515556e-01,8.704209422066057078e-01,4.958914466360342388e-01,3.188332851714424931e-01,5.727532400461531337e-01,1.741513683336183282e-01,4.328209386437102402e-01,9.703155880683067558e-01,9.165910955460031539e-01,4.662957336102896422e-01,6.121323867274680586e-01
7.164968460823208929e-01,5.680358937997587176e-01,9.330365637276873958e-01,9.133531063984019482e-01,0.000000000000000000e+00,7.090107561601876052e-01,7.584540010500079310e-01,4.662175962574411359e-01,6.661129342847735835e-01,9.610816658502685517e-01,9.026621049774622429e-01,5.529872471058767669e-01,7.256777664912824610e-01,7.653551347081395395e-01,7.689602828936531465e-01,3.792518786637325556e-01,9.930068669298358630e-01,5.395385128895084925e-01,8.069432512450869233e-01,2.095933828591343695e-01,4.905316880296813342e-01,5.315371872492331562e-01,7.786138735658626464e-01,9.250091263989161927e-01,7.013726217150872966e-01,4.819871386861050988e-01,9.125982329045685404e-01,7.449462232048207344e-01,7.676635576866237543e-01,4.740882107262627820e-01,2.495752725891458024e-01,9.584002106698636947e-01,8.248263795887332828e-01,5.402747673647089188e-01,3.523303597462678072e-01,1.966629494881671492e-01,6.593023085602011113e-01,7.099319483298475175e-01,7.420661440760478733e-01,3.380938816931435831e-01,2.923713149137432410e-01,5.973137383471396333e-01,9.695042765663555162e-01,8.611566478108096945e-01,8.238311725631609628e-01,3.555739160466673265e-01,2.071423985715388494e-01,6.395983870015745643e-01,3.390692524352536541e-01,5.056092307213387871e-01,3.681317281922467655e-01,7.776179217404735056e-01,7.627596050222507085e-01,8.125368193724299415e-01,7.651821065152888401e-01,4.631816200233793146e-01,3.207600830095786448e-01,6.519302107786930645e-01,6.673691877007720263e-01,2.764150392495114406e-01,5.405205987408444601e-01,6.005778097053907638e-01,8.062556620513161576e-01,6.135921006041168413e-01,7.345683757556598081e-01,6.192302371667093297e-01,6.313152153135371814e-01,8.982211531599190169e-01,6.154320778784675428e-01,5.012355003566538736e-01,9.392250311591072709e-01,5.345598740682013794e-01,6.413935445128647606e-02,5.310780502691641036e-01,7.094780146875152571e-01,4.127583566117177249e-01,8.148973131729355668e-01,2.920941105544110905e-01,1.207875691268599089e-01,4.422415617108326757e-01,2.552241331090869814e-01,6.617327536011572420e-01,8.260473082757222585e-01,4.493289057174558176e-01,4.672002263871770644e-01
7.844453017626360491e-01,-1.258542224959291467e-02,4.318483768975131531e-01,5.209168568319394454e-01,7.090107561601876052e-01,0.000000000000000000e+00,2.365488261443549067e-01,7.440490360476016418e-01,3.007670158496139612e-01,5.797345089878421787e-01,4.652561335380144825e-01,6.463489201120390382e-01,7.948533399126316290e-01,6.241985359261169597e-01,5.806528073093610853e-01,2.099951171211990875e-01,4.982550260561388611e-01,7.463338284762046637e-01,5.049554248676408896e-01,6.281973760922748840e-01,7.743636669025258934e-01,4.634225946161193432e-01,6.797247249231161970e-01,5.203802757017033098e-01,6.716464821997392143e-01,1.164036855015195271e-01,8.836680219369459355e-01,1.487124543225865625e-01,2.754445773342954484e-01,6.424492944808264383e-01,5.081271184911775318e-01,6.146230934840115623e-01,8.528880824104432268e-01,7.354385591003762546e-01,3.389716398038425949e-01,2.335285658560634636e-01,1.884352203198345621e-01,6.620544192633674996e-01,5.898048395442196945e-01,7.197954672975447332e-01,4.004765571934119084e-01,4.543835209427588562e-01,9.726795648496640023e-01,7.133882988228674726e-01,9.410685730977990104e-01,8.118476924755883006e-01,2.482021915008773560e-01,8.291491729057355320e-01,5.204147002468992866e-01,4.291760268726623195e-01,7.980877337031841989e-01,7.549674999661741825e-01,7.814699305816856789e-01,6.295173148330053259e-01,8.899756971030112762e-01,5.350923688605940809e-01,8.008517661489086281e-01,6.186527501232774728e-01,5.860864268077393691e-01,5.994531540961056670e-01,4.123886169451102535e-01,6.708611747711235029e-01,6.091419860175618650e-01,7.490048757328449103e-01,5.398170467226011127e-01,7.047653725450988560e-01,7.742619929451566296e-01,2.670540865959943333e-01,7.639003783227129585e-01,7.413224178843957901e-01,8.613501666308294169e-01,4.200363365432892571e-01,4.618356010967731851e-01,5.552854736801724478e-01,3.218031512138495032e-01,9.210154030647883516e-01,9.648533284023381729e-01,7.047179346814823608e-01,2.140576516850365707e-01,3.575828201844880594e-01,9.760446199883001661e-01,5.534166273305864969e-01,7.135156399304601882e-01,5.498071797381095527e-01,5.933149766657930257e-01
9.198160872813081479e-01,2.843406395468148218e-01,9.731657079562785473e-01,7.835377442229796152e-01,7.584540010500079310e-01,2.365488261443549067e-01,0.000000000000000000e+00,4.531328110744444193e-01,7.150214567187432868e-01,5.071556648295262315e-01,7.013549241943588530e-01,7.249507277842943687e-01,5.497003800874203927e-01,4.729420888539356826e-01,6.132461029200513281e-01,5.389871394267935489e-01,9.969109053893476791e-01,2.696754443709731830e-01,4.428496169518814085e-01,6.172784900217180848e-01,6.161649117327256953e-01,6.909835105453636661e-01,5.327149186982506057e-01,8.383868228737414441e-01,2.802768991634230211e-01,5.668727409518596883e-01,7.317954378496918100e-01,7.954305256907620025e-01,7.189046399608858273e-01,2.250624150028999459e-01,6.547625507028632247e-03,4.442348548443469936e-01,4.445311883205689263e-01,2.694839946915176809e-01,5.976349341109891133e-01,5.993589912596315461e-01,1.088451533127665211e-01,4.218572143487046566e-01,9.676616193031755131e-01,1.763755888564667862e-01,4.178772891694758629e-01,5.081558140543392943e-01,4.975171451219314589e-01,6.539678000825110971e-01,7.604412429337228385e-01,2.091755137999448400e-01,4.784117357009852189e-01,2.417331169602777718e-01,6.682658463251084369e-01,4.467084988205770602e-01,9.917153163632321800e-01,7.078272385753293650e-01,5.074238414849481238e-01,3.654957764293897959e-01,4.543351119093880786e-01,4.342156587093594089e-01,7.179300581330548825e-01,5.598790110380724716e-01,2.710275677722290832e-01,1.206915632909748570e-01,4.760223878067209591e-01,5.995356706582813944e-01,2.427823338150839061e-01,6.480791098568536857e-01,4.084809463555404974e-01,6.741038401091518084e-01,5.664347209308930875e-01,6.096112356886077555e-01,5.047015371687284535e-01,4.487332426811862507e-01,6.123245320740448028e-01,4.270899382071984829e-01,7.037780877125400236e-01,2.159535286499703610e-01,3.988479791416723597e-01,7.677501042783138052e-01,6.712789202022086954e-01,4.618873083810016711e-01,3.157806801789208584e-01,-1.459472762161138637e-01,7.542505878361717153e-01,9.847001599227453994e-01,7.066586482727782448e-01,4.075129993441550247e-01,4.075432056640546086e-01
6.710383668011600244e-01,1.240603569955818497e-01,5.674051496945204942e-01,4.092453002336325918e-01,4.662175962574411359e-01,7.440490360476016418e-01,4.531328110744444193e-01,0.000000000000000000e+00,7.125849119603652193e-01,7.953081573307916319e-01,2.660525144464761516e-01,3.386703573111074506e-01,6.298026983525389921e-01,9.447182287875671713e-01,5.506573331469589716e-01,6.443581656535564139e-01,8.940697190044535336e-01,5.250931050573155456e-01,4.962414982397414520e-01,8.339657139612254300e-01,8.413333919206891220e-01,4.502399696127128426e-01,1.953906295338627697e-01,9.780051082939289486e-01,8.541206182137026648e-01,5.226517412986138034e-01,8.926855180802007947e-03,9.346003170537069416e-01,4.518901170149006163e-01,2.022232263163994959e-01,4.364426451379053717e-01,4.374355060839609788e-01,8.113543773338129927e-01,4.602892017134607716e-01,7.032868132942970973e-02,5.808253528837843405e-01,9.474626000955464755e-02,6.910973627137774189e-01,7.304863708286860602e-01,7.335203445217394203e-01,7.080863326148131298e-01,-1.585893198348891642e-01,6.719814663926760856e-01,5.451063679476996215e-01,6.970626481589525802e-01,4.399239164857848827e-01,7.193823001408086726e-02,4.819620859681011393e-01,5.285746799081364466e-01,2.165203448295143773e-01,6.478164621559471259e-01,5.722186724249055390e-01,3.573493048231927705e-01,4.097422514745593380e-01,7.536476544075272344e-01,2.895172984707429231e-01,4.826434933114970294e-01,8.393529255815384005e-01,5.313271830487035219e-01,2.655831165394205162e-01,3.364950393739313261e-01,4.649668811018148884e-01,7.433865692096534028e-01,3.514197174662979650e-01,9.985942577536170983e-01,4.078232243747978436e-01,2.012909172542703962e-01,6.234345244094694483e-01,4.475809084486864209e-01,7.158478729802371099e-01,4.436010273058048070e-01,6.320765050243842831e-01,5.751378749435898108e-01,5.794737453261721294e-01,6.195949298543498296e-01,5.310840507754102102e-01,-5.907951958189908148e-02,5.015364760468867811e-01,4.562158833831298499e-01,2.676478937210943210e-01,6.523895253039914133e-01,7.197480064172069314e-01,6.687348528788812363e-01,6.145773721732150641e-01,6.619098481215404117e-01
4.524742363290765179e-01,7.729239467582946777e-01,4.656896222432503341e-01,5.732712162890566399e-01,6.661129342847735835e-01,3.007670158496139612e-01,7.150214567187432868e-01,7.125849119603652193e-01,0.000000000000000000e+00,2.583364131153187415e-01,7.112447003832502723e-01,4.659066579703826649e-01,4.139315135190896333e-01,5.770881419042676042e-01,5.743986585569472725e-01,6.069749356517019079e-01,1.145976684070407203e-01,5.793505274187471521e-01,2.675421021149647638e-01,7.417979979999995699e-01,5.791549218100742191e-01,7.878776542194843024e-01,4.479927892055106664e-01,5.249995615442237806e-01,8.145532220999751605e-01,6.330676752356021453e-01,7.234286338859996501e-01,4.930817836070869875e-01,2.157544355485171428e-01,1.922286382670656546e-01,3.539421751823091933e-01,6.867744113642439974e-01,1.523820086204845728e-02,1.503427484661037372e-01,5.638768503063890103e-01,6.380174018254732848e-01,3.106372861585925405e-01,6.437730747414593946e-01,2.411736567178692225e-01,2.141614143198091180e-01,5.972884285407806804e-01,7.477981783464006105e-01,7.047433650720340559e-01,5.725938457490005185e-01,6.893982640541798101e-01,4.307190723020238865e-01,5.277983030788986341e-01,4.848012478643985990e-01,5.478411203637019167e-01,5.972119804540532151e-01,1.510343362335899164e-01,7.300220026366378567e-01,6.256712004715341280e-01,6.374851428340971848e-01,7.567619244966674596e-01,6.587663720160437109e-01,4.871857140468311975e-01,5.930038874619842915e-01,6.709334720838692201e-01,4.355746851539196163e-01,4.545206208669987785e-02,7.888775672074389567e-01,2.178104367371902217e-01,8.887910304988890786e-01,8.019306313574164902e-01,5.638951924705024599e-01,5.063886912464445889e-01,6.951104092986333249e-01,7.075251158205708713e-01,1.392596649166653044e-01,3.789955512027455842e-01,1.194912951772633160e-02,3.940144685076569786e-01,5.021373953537913160e-01,4.294189787941284919e-01,3.400864521717389399e-01,6.023333820750029766e-01,2.200163702184964598e-01,3.801953039719478955e-01,3.657094015112867247e-01,7.970925507410779876e-01,-1.447241258286038612e-01,3.801563086597080643e-01,2.965264139986547032e-01,4.284368142718253947e-01
7.031386788004824195e-01,9.510415255292967718e-01,8.319458369581073098e-01,5.274536461966043976e-01,9.610816658502685517e-01,5.797345089878421787e-01,5.071556648295262315e-01,7.953081573307916319e-01,2.583364131153187415e-01,0.000000000000000000e+00,5.731195266342690164e-01,7.460389707102385026e-01,5.178154202680812501e-01,9.710216858177537214e-01,7.113949552329064119e-01,1.608391226053988432e-01,8.932552783061570301e-01,2.302533494255162849e-01,8.580616432651889669e-01,8.269703702448547578e-01,6.896148493637870303e-01,6.230422270304040167e-01,7.953641308382973785e-01,6.554156650636322468e-01,6.779579909452827513e-01,4.868462409029646332e-01,1.791381284352732695e-01,9.004806630724868644e-01,6.927925149321128018e-01,7.655102354935829911e-01,5.099851158247994398e-01,6.452700734355227841e-01,7.527887002198166977e-01,9.041298442296633597e-01,6.065746342935237623e-01,4.776534025278412199e-01,8.583953339254041248e-02,4.930678942271755072e-01,8.612419337782177831e-01,7.590760974509285219e-01,3.592931100375300613e-01,7.792265246047281879e-01,9.872594834375924000e-01,5.609692747524486212e-01,8.354750772315029383e-01,6.793403518825860132e-01,8.172596969883316742e-01,9.351792610455619270e-01,5.303817209922357945e-01,6.792468883714938288e-01,6.487532389170350688e-01,4.802685421893863049e-01,9.368204781423409289e-01,6.254141240892858722e-01,8.943917651877778541e-01,7.819726689121477836e-01,5.149450359320285608e-01,7.446381669837062178e-01,3.772552899323150521e-01,5.271974431663100091e-01,7.776229026844772019e-02,3.568343310000819946e-01,7.133414632521344334e-01,3.589569722067277868e-01,7.875776187521048577e-01,4.324430134354988464e-01,7.136126384107195353e-01,8.275562509820159063e-01,2.354926881985865417e-01,8.340489301265188171e-01,4.420900965311978514e-01,3.988426602347731054e-01,1.861740551813628828e-03,5.900538386747991026e-01,6.313248935092689029e-01,7.798979832318519989e-01,5.534359796195945647e-01,3.197060261657313496e-01,3.975189832488566083e-02,2.599081038206251804e-01,8.336813287314861487e-01,6.021575953794292557e-01,8.919381943498623233e-01,5.523518266030483792e-01,9.801045013325727639e-01
9.206926417220185899e-01,7.276600023793745597e-01,7.544285867394397993e-01,5.673609133064601018e-01,9.026621049774622429e-01,4.652561335380144825e-01,7.013549241943588530e-01,2.660525144464761516e-01,7.112447003832502723e-01,5.731195266342690164e-01,0.000000000000000000e+00,7.498451233619239931e-01,6.885887241587653751e-01,7.021360811187574158e-02,6.840269281561054404e-01,4.915269500594038332e-01,5.726945952896019820e-01,4.616160529281697067e-01,2.881615963703112460e-01,7.545363264990169183e-01,6.421047045255817709e-01,7.876638775350082167e-01,4.969783585219206268e-01,7.661032978514661362e-01,3.833399625382353237e-01,1.669500887468373593e-02,9.221618192587128782e-01,6.564642714370272358e-01,6.606475240536137106e-01,5.667480995084297479e-01,2.643344261444404153e-01,3.646801448913820076e-01,9.878617396326830891e-01,5.570932834565639480e-01,7.948518802357286139e-01,3.896739011258773533e-01,1.452708155414264048e-02,5.860923318259948500e-01,9.801605634827758040e-01,8.482760022990655235e-01,5.903566506683215476e-01,6.332183953586827396e-01,9.623792422850986350e-01,9.377261101764182705e-01,8.011738173003611907e-01,9.736488446772579852e-01,5.554989380319133030e-01,6.706243346551952200e-01,5.111019044865744432e-01,6.035505308483704034e-01,7.607575545234940284e-01,1.180843352004726649e-01,8.386338218478843753e-01,9.889028113605107251e-01,6.206227932600724140e-01,7.998853584528606842e-01,7.166767025047899864e-01,7.155785095643570903e-01,6.931798545422546143e-01,3.760821350063090485e-01,4.640740774124135770e-01,3.439473097864339524e-01,6.276254118490885991e-01,9.594614665041794055e-01,5.749090462511085020e-01,6.777616274773496929e-01,7.683725854159287882e-01,6.942903331631311570e-01,4.300476752396905633e-01,5.990361656683276248e-01,8.803032616967377821e-01,5.176363794531789742e-01,1.584372761592336976e-01,2.264821875051549749e-01,9.559729984369378375e-01,6.562370302240341235e-01,9.221276079594437070e-01,1.066764381043981413e-01,6.872241100179533602e-01,2.573967887783216169e-01,1.188724454430893987e-02,9.998171904997019688e-01,5.214672157901082405e-01,5.833834454109010359e-01,4.965171709868965721e-01
9.933750177128566339e-01,7.494817621477980474e-01,6.626876463866938627e-01,4.711794571051990399e-01,5.529872471058767669e-01,6.463489201120390382e-01,7.249507277842943687e-01,3.386703573111074506e-01,4.659066579703826649e-01,7.460389707102385026e-01,7.498451233619239931e-01,0.000000000000000000e+00,2.455958174981418274e-01,6.263721644182008719e-01,4.629870367112163820e-01,9.509286840154619336e-01,4.927856727650799518e-01,9.904517298956073690e-01,5.354209095864675971e-01,8.743488956389063871e-01,4.189563268371837013e-01,6.602440634414861176e-01,4.667268810757986830e-01,9.965546099940936209e-01,4.501105024558885170e-01,6.836338383317424050e-01,4.724951320791215270e-01,7.787465696904114498e-01,1.815558568046757026e-01,1.161315908397741181e-01,4.362941082173634189e-01,4.908392714764134301e-01,8.019332727797084948e-01,5.310527616509088666e-01,6.647962313497213227e-01,5.318464325284038008e-01,2.421712493620436779e-01,2.934173425556808046e-01,7.926368058529156269e-01,6.376586908153718536e-01,1.781419985391712382e-02,6.200580959358342747e-01,7.325583092777693262e-01,6.126007868303188220e-01,6.088095899229788444e-01,7.982649598205697750e-01,4.508467344842615465e-01,5.053719749003894313e-01,9.325730017442023234e-01,5.746580252235936603e-01,4.535283426366636950e-01,5.520266352104543639e-01,3.706384916993748502e-01,7.072828420071040068e-01,6.759701670888228486e-01,6.205795438008131493e-01,2.865974874642874259e-01,4.672193018485855665e-01,1.457257127354517345e-01,1.939606046285646812e-02,7.531045280681478715e-01,6.637310226671914171e-01,4.623598990364605754e-01,7.920802696927966569e-01,7.417508093033023941e-01,5.205573952568154361e-03,3.515077307589554723e-01,9.794748998431264120e-01,3.129486697417040997e-01,6.547708765166835310e-01,7.710900359028334261e-01,6.399110028246636217e-01,2.126492288582732537e-01,2.709605782444809430e-01,7.071973778197321314e-01,5.902356605588968685e-01,6.701912119407164026e-01,7.456096139424495117e-01,2.347862566573273857e-01,3.230631857453504230e-01,6.609767966436519426e-01,6.976257347190726321e-01,6.690897979677997709e-01,4.533269437596990636e-01,5.299128100110821471e-01
9.223753357770159145e-01,4.542264270519482117e-01,6.540505416041324516e-01,4.647377884588716479e-01,7.256777664912824610e-01,7.948533399126316290e-01,5.497003800874203927e-01,6.298026983525389921e-01,4.139315135190896333e-01,5.178154202680812501e-01,6.885887241587653751e-01,2.455958174981418274e-01,0.000000000000000000e+00,7.310803103332077502e-01,6.660203939181184030e-01,8.783296559992728181e-01,6.429314806011370287e-01,9.340667312088102303e-01,9.542474922380259628e-01,6.538487926526425076e-01,6.046740296671916370e-01,9.566198281957256633e-01,7.432462270809092608e-01,8.613118572172057119e-01,5.014466158801181850e-01,8.187193693612020429e-01,5.655357782514869314e-01,2.500909086729373176e-01,5.942530334722737617e-01,4.900678430973642308e-01,2.081800935060106328e-01,1.191386537375977439e-01,6.424693617158031556e-01,8.710807845535294414e-01,8.581379052614387382e-01,-2.230881075576415795e-02,4.969695647230483737e-01,9.387217821334545853e-01,9.819059344936048594e-01,2.788634499970006897e-01,3.768796255475299617e-01,7.703573474344757033e-01,7.440975075369229419e-01,4.766187406280770200e-01,4.156611645565188584e-01,7.013229222235416449e-01,4.780324075561130370e-01,7.135111415602152229e-01,7.582558180294839412e-01,6.482518567062522941e-01,7.840407673484918183e-01,9.416019463476231754e-01,7.883873806607579748e-01,5.980461423358405249e-01,7.250985286536456575e-01,6.816487255890413266e-01,4.886657828943621329e-01,9.364717494371249673e-01,6.419859057195803631e-01,7.832362506808377978e-01,6.086967077538670834e-01,5.625840053272815888e-01,4.873482339548136366e-01,1.267835631007486474e-01,7.799125829443802616e-01,6.623263964148702332e-01,4.322070508665552119e-02,4.002426047369342932e-01,9.350499739236015628e-01,5.565780283821240015e-01,7.419722279444327384e-01,7.846733214128520650e-01,7.437630514343660515e-01,2.857546540454161330e-02,9.609859657452901605e-01,7.858689611123149676e-01,7.030619529636544796e-01,3.541946993155307144e-01,2.950884028081704469e-01,7.249451088357731221e-01,7.652225898200950560e-01,7.689663148205450049e-01,7.237475526380166002e-01,5.689998773078852601e-01,6.568494522084682430e-01
8.801860755950581261e-01,9.170862118966399690e-01,6.725707745823350514e-01,4.910558289929712883e-01,7.653551347081395395e-01,6.241985359261169597e-01,4.729420888539356826e-01,9.447182287875671713e-01,5.770881419042676042e-01,9.710216858177537214e-01,7.021360811187574158e-02,6.263721644182008719e-01,7.310803103332077502e-01,0.000000000000000000e+00,4.446670084398176015e-01,6.018430273108832385e-01,6.983961819110171554e-01,5.049319127107092520e-01,9.685915964126314837e-01,8.826236498663864172e-01,6.050966484793119937e-01,4.794791200012994969e-01,9.829590736293399855e-01,6.973139545579294385e-01,3.950336534101284158e-01,5.182433703640059175e-01,2.445460147595765188e-01,9.488907972641520416e-01,5.315265604420749135e-01,3.351408558897535084e-01,3.242974905265085805e-01,4.502443847048732684e-01,7.734197192704443946e-01,4.083972922805196304e-01,5.304680494941386160e-01,6.361629978897469506e-01,5.251807615193042622e-01,6.846957180182076108e-01,9.354236704151157600e-01,4.459083064941470886e-01,5.522196644141381672e-01,4.631433940206904909e-01,6.346234749518060436e-01,6.783043843575158327e-01,9.921522202592133466e-01,7.942290017179984840e-01,4.543862571701017816e-01,7.141130269662335772e-01,8.007088542039352275e-01,8.766230577537168500e-01,7.152237316824057167e-01,8.829104118174619931e-01,6.248506504478231749e-01,4.614448490260667501e-01,9.616806536072457501e-01,6.411554480442419601e-01,7.710164739564612235e-01,6.036502549484104030e-01,7.700973005234751367e-01,6.094146726700597760e-01,5.196576763608511396e-01,6.649999751516652013e-01,6.818698968237389690e-02,3.235620284806137170e-01,6.715418311011286390e-01,7.480460831835942237e-01,8.557674674161908079e-01,7.054922879551901449e-01,5.783529365870334615e-01,4.054723550210656002e-01,8.148751537618276197e-01,4.031662888205052586e-01,6.965071207554176524e-01,3.501325886359751838e-01,3.060817631542581685e-01,5.505389285720925230e-01,6.088254920567908179e-01,4.584367366391491339e-01,6.442746928716243104e-01,1.406286178947665222e-01,7.440704003026168412e-01,6.066490086125873038e-01,5.145981130902267386e-01,5.874148913728908239e-01,6.023995597038933614e-01
9.134503714217119263e-01,5.206911372317950537e-01,6.647962924820930430e-01,7.764104324844761651e-01,7.689602828936531465e-01,5.806528073093610853e-01,6.132461029200513281e-01,5.506573331469589716e-01,5.743986585569472725e-01,7.113949552329064119e-01,6.840269281561054404e-01,4.629870367112163820e-01,6.660203939181184030e-01,4.446670084398176015e-01,0.000000000000000000e+00,5.358412843268993697e-01,8.876418862601179738e-01,2.859293379564661897e-01,7.259436589484977720e-01,7.494576084630359958e-01,1.511448168171878326e-01,6.343863045420766733e-01,5.038229086888046382e-01,8.166258893210025516e-01,3.468338198557749941e-01,3.162553426071357809e-01,3.421336902998784457e-01,5.881576201977078977e-01,6.758051281144370481e-01,3.359402514272429308e-01,1.547318536723969566e-02,8.029205211620826788e-01,2.872048726276635877e-01,7.547009625858399628e-01,5.935427031806252973e-01,3.456285697866361972e-01,4.675115909339560005e-01,5.322101449734435441e-01,4.682975874794214066e-01,8.627182827442694268e-01,7.115892379790177136e-02,6.844201022197787809e-01,6.737707248896948053e-01,5.950285972494193665e-01,9.951209174383506273e-01,6.154109766521308478e-01,6.449320153649431564e-01,7.784009112895846627e-01,2.181369461857071701e-01,4.845716597069021914e-01,6.208224090500094050e-01,8.445755128588217087e-01,8.145970191489281254e-01,6.699176445922666590e-01,6.316452646231700552e-01,6.114287599287748787e-01,5.469175226207163565e-01,8.498562609962547754e-01,9.729993515503497781e-01,2.038363053311589290e-01,2.813141933956587737e-01,6.890016434542286516e-01,6.862192096266650498e-01,8.477891575429432613e-01,9.390501576449447052e-01,5.017157684121971162e-01,7.492677595398695711e-01,7.361142996906860914e-01,2.375959765327743112e-01,4.962192795336231588e-01,6.284956767651367349e-01,7.540197015371692402e-01,4.740704204357889529e-01,2.207406480989660136e-01,6.337311720085831990e-01,5.901644958068061886e-01,6.029743405956058400e-01,7.722864943110712144e-01,2.203785500968358235e-01,3.819285588960904532e-01,7.408764773829941142e-01,5.158868733951316177e-01,7.493088593338556036e-01,8.375005440441518623e-02,4.288477878698908063e-01
7.267785475214645352e-01,6.152262588730945669e-01,8.254936095220490877e-01,2.158754628126182129e-01,3.792518786637325556e-01,2.099951171211990875e-01,5.389871394267935489e-01,6.443581656535564139e-01,6.069749356517019079e-01,1.608391226053988432e-01,4.915269500594038332e-01,9.509286840154619336e-01,8.783296559992728181e-01,6.018430273108832385e-01,5.358412843268993697e-01,0.000000000000000000e+00,4.876822558358131499e-01,8.463899258067996145e-01,7.755756218344206365e-02,6.069007084312021405e-01,1.769851469675729483e-01,2.123906444754490308e-01,4.222632663962995192e-01,5.609093611036504168e-01,4.639958027863199663e-01,6.858253884488404450e-01,6.515509173353484229e-01,-1.545101150363744902e-01,4.628649595401174710e-01,3.067964818075973876e-01,4.581660626271173431e-01,6.920134469430135882e-01,1.504373324947702040e-01,7.846260900848217590e-01,4.547674234993534514e-01,4.770809838986581619e-01,4.712356359283206841e-01,6.133490503422530660e-01,5.903772164898634101e-01,7.657779937025415151e-01,5.304589514365051217e-01,-1.693920740441429706e-01,7.880865561721985824e-01,6.779729287340515720e-01,3.477755136510933820e-01,7.230062277607161025e-01,7.742758509255346366e-01,6.234286609251892264e-01,9.314110349454063353e-02,5.129321026730121469e-01,3.341584121528691220e-01,9.891500200741094873e-02,4.234396212107203183e-01,6.081974838728397836e-01,4.852405500615745715e-01,4.367256852544399437e-01,7.563331205501213628e-01,1.152285288473123004e-01,6.077118366954235018e-01,5.540804749845835708e-01,3.937381900346920149e-01,6.475166376678029856e-01,7.977453255300535062e-01,8.761960123906242792e-01,6.541735463693389985e-01,5.437322441519509830e-01,4.282770104293189273e-01,7.476322986739197818e-01,3.627270136571830728e-01,4.764427101580778201e-01,4.643812978640906031e-01,1.930588917331824139e-01,1.914264125462459831e-01,1.664331110120010060e-01,3.619498144490709279e-01,7.826334233082727909e-01,6.587136171469154533e-01,7.562329654793035205e-01,2.125428540434830260e-01,3.775623811715669853e-02,4.537268678889906370e-01,7.299307350017567586e-01,7.966437276030912118e-01,5.207702510130959306e-01,4.135271704297406314e-01
6.244794617964992689e-01,4.089263712554903618e-01,6.564833375931145021e-01,2.937089034804862275e-01,9.930068669298358630e-01,4.982550260561388611e-01,9.969109053893476791e-01,8.940697190044535336e-01,1.145976684070407203e-01,8.932552783061570301e-01,5.726945952896019820e-01,4.927856727650799518e-01,6.429314806011370287e-01,6.983961819110171554e-01,8.876418862601179738e-01,4.876822558358131499e-01,0.000000000000000000e+00,6.635502275830023056e-01,8.164855024393176119e-01,5.211047014091437779e-01,7.697568121245264017e-01,6.304921302095968239e-01,6.372594781157727706e-01,5.478709614613558321e-01,8.930701530631095508e-01,5.474330374410798505e-01,9.387427478854263319e-01,4.331334247305836938e-01,4.672722635612968078e-01,5.833039253888566006e-02,4.355373922175478918e-01,9.179724846702927987e-01,5.933505970371820704e-01,4.732276434720054104e-01,9.877831370629643892e-01,4.578848334452176871e-01,2.068707380097825274e-02,4.967028439394188255e-01,6.919525302038275205e-01,6.695579599754037936e-01,3.391237168126343127e-01,9.940499451863539226e-01,8.311826955501322445e-01,7.165194262168067540e-01,8.560948518349235092e-01,5.046053871414037939e-01,8.096989083252305042e-01,6.728523712516804034e-01,9.710217524791413535e-01,9.850191141267555794e-01,8.750250359453038973e-01,5.696314941818667599e-01,4.977775001585732495e-01,6.529342684137541264e-01,9.843987346958091855e-01,9.899775769834764372e-01,8.927348904526261064e-01,5.974003383585702043e-01,8.645626023957526940e-02,7.393362642976630816e-02,1.406683296107063830e-01,5.405586402552824410e-01,6.232185713441193986e-01,6.213456774607125643e-01,9.054193367750333898e-01,8.780417075356687917e-01,7.630435081380940177e-02,6.615053119558375050e-01,6.073808681203189952e-01,4.948433863745592132e-01,7.624083758390849397e-01,8.495579929425296495e-01,7.980255032057680109e-02,-2.995553393718136670e-02,6.025410121690938370e-01,7.624827050984108734e-01,5.058905238852208219e-01,8.912384732697049561e-01,5.682104892013982722e-01,1.606722377122397072e-01,9.842906901033716682e-01,8.841783272363988866e-01,5.455301401377656845e-01,4.850682965800492408e-01,6.905081934168117996e-01
6.780200130124893754e-01,1.556366713623582032e-01,8.467250985480869740e-01,3.634872191050911305e-01,5.395385128895084925e-01,7.463338284762046637e-01,2.696754443709731830e-01,5.250931050573155456e-01,5.793505274187471521e-01,2.302533494255162849e-01,4.616160529281697067e-01,9.904517298956073690e-01,9.340667312088102303e-01,5.049319127107092520e-01,2.859293379564661897e-01,8.463899258067996145e-01,6.635502275830023056e-01,0.000000000000000000e+00,5.051136449791827632e-01,3.570121062588886840e-01,7.825407904334966691e-01,1.527861434446058445e-02,5.367998088339310803e-01,5.740945783434735494e-01,5.969229680009955352e-01,9.446135920874997316e-01,4.315227501459558135e-01,2.901216624293716517e-01,1.478204403034113490e-01,4.021160039186522650e-01,3.009211822315716045e-01,4.433708934737444207e-01,6.886257045238290964e-01,2.982997437975856703e-01,3.308209377964384523e-01,5.173176895913083051e-01,5.754838011892353666e-01,8.855870018982858749e-01,7.177453690290780397e-01,7.504314949975208204e-01,3.251488486115627352e-01,4.759228519579089545e-01,4.596216262367200933e-01,5.317883105802631016e-01,9.223975273540268027e-01,8.270812503640035951e-01,7.919332723428207377e-01,8.882413501940338296e-01,7.345103915164534758e-01,7.754500159507184964e-01,5.950507949017944664e-01,3.023712183092538419e-01,6.966359203363808872e-01,4.933858800174614756e-01,4.212797373859194505e-01,9.242507215536089893e-01,5.662844013216939976e-01,5.009226206282531013e-01,3.676656190568919902e-01,5.722026488103235664e-01,2.340686271249950712e-01,3.864403830562786191e-02,6.527575186794515316e-01,6.598638191112738971e-01,9.691113656732510684e-01,7.007259808551286051e-01,4.475209396554164498e-01,8.563614028634385367e-01,7.343568020978444855e-01,6.220645531731729960e-01,9.561524499014990575e-01,6.732352625989611594e-01,1.662594955923381024e-01,3.830690174889496147e-01,5.855806622454519106e-01,6.196572004047637972e-01,4.685111206734704492e-01,5.256666721720015811e-01,3.789798709209447614e-01,1.575601860986540759e-01,3.146202393445229895e-01,4.794012865633972553e-01,1.048366532707713655e-01,4.087745551972448710e-01,8.215517246550613217e-01
