0.000000000000000000e+00,8.846276335764297061e-01,7.482780113018959733e-01,6.737618840586201419e-01,7.190749407842028651e-01,6.429761455534672709e-01,9.654843233644503364e-01,7.318735586015214789e-01,9.364524371171781825e-01,3.578220470923096919e-01,2.545129512995423227e-01,4.490899210320558610e-01,3.827648540191166404e-01,7.778419248220411752e-01,5.286543597293499319e-01,8.743825357510459639e-01,7.567166763484919345e-01,3.465376823778233417e-01,7.098396752805368193e-01,8.767399177269046273e-01,7.731385261924033081e-01,2.916773154421454795e-01,6.459755332116563498e-01,1.357339160618599716e-01,6.119771697976188474e-01,8.876849747334853991e-01,1.768628649234018635e-01,9.141437430651635498e-01,2.655143610991829162e-01,3.031717344708241835e-01,4.932233769266592960e-01,5.031468541494991120e-01,9.559305860120221876e-01,9.187413153476765570e-01,7.468957606316998232e-01,2.739498977574726934e-01,1.482597121499823478e-01,4.318684424077965378e-01,9.651230084239770246e-01,4.975698292354593377e-01,8.093123167546502073e-01,9.641666298426908588e-01,5.497536633217732227e-01,8.389271106866758032e-01,7.508816915001341741e-01,7.016295512308828863e-01,8.343941423469426466e-01,8.692192789931990626e-01,2.214587174001228231e-01,8.844187888033170353e-01,4.225886477530464980e-01,7.645708059145367441e-01,4.898323808246715649e-01,7.764643544360267935e-01,8.057283933155066080e-01,7.007250338971154902e-01,6.960309823612774727e-01,5.399466593144655047e-01,6.407845605967418257e-01,4.856573570569039933e-01,1.125435883542739435e-01,6.007038353600957503e-01,8.364366513081811227e-01,5.855017833585187681e-01,7.923222157700992030e-01,3.590918264472715560e-01,2.846989225684592451e-01,9.956610270543959640e-01,9.825256187356213866e-01,8.679771689875871443e-01,7.881478448623223387e-02,7.023791797773614176e-01,2.283494773755520568e-01,3.914001479976487730e-01,5.202174725808959010e-01,6.514305386152550170e-01,6.459061381747681629e-01,9.745069137928749070e-01,8.375430977683376299e-02,-5.090730041769914171e-02,9.925017488538859789e-01,2.529403861823458222e-01,9.809519444027483548e-01,6.934037389926409611e-01,9.309229937750875816e-01
8.846276335764297061e-01,0.000000000000000000e+00,5.087142680579763709e-01,3.225155810253684252e-01,3.444243757492588820e-01,9.532322518920817167e-01,3.950891121868808087e-01,3.797456276415318022e-01,5.082094797100469297e-01,9.030923415739978699e-01,5.992952392192524291e-01,9.688190732245492987e-01,5.517961288690432786e-01,2.783987501103790674e-01,7.440433361687448510e-01,5.785986697654843308e-04,8.809027709123397054e-01,4.367883785945748665e-01,-4.616586717942608442e-02,8.858880194348874859e-01,8.725850050764780708e-01,5.459940978900528208e-01,8.059103382874472921e-01,8.770508810234138863e-01,8.279673388762528452e-01,4.599112140395275605e-01,6.568832801352233464e-01,-2.753127639941554961e-02,8.423547534308156726e-02,3.095459030040315085e-01,-1.393059915455520936e-01,2.177730210927911192e-01,6.955714251681072158e-01,3.463121489989841040e-01,9.082960775116745156e-01,6.124603176880519251e-02,2.688737639593520301e-01,5.325140144742334103e-01,4.409849726866020281e-01,5.828239225130341650e-01,3.103539724209174455e-01,7.158631081508100014e-01,7.374499586409843932e-01,4.554126271677720328e-01,9.975358633135756881e-01,8.985940993422661949e-01,7.171213884852548626e-01,5.137721854635029367e-02,4.726707328330695401e-01,5.303420593062304622e-01,6.917565883396890047e-01,4.803138374766643959e-01,8.797216480414042916e-01,2.106898283516467907e-01,8.701792064340966304e-01,6.219987691452056877e-01,4.301997748050319093e-01,5.124205709730920294e-02,7.445647629093667952e-01,2.709768123790795569e-01,4.601019302115086917e-01,5.027166535898939248e-01,5.165836527857374794e-01,1.028887124713333615e-02,9.662401334799768371e-01,6.834040194055710504e-01,3.383472007720916275e-01,7.554106619290799074e-01,3.195184426888053597e-01,5.768434082257289930e-01,8.883200579801565633e-01,6.035313117264117233e-01,4.621336945990224820e-01,8.221284497610259132e-03,2.908116906532021151e-01,6.372411385195659861e-01,7.048483885948844119e-01,6.546619413542479338e-01,2.122858487525204341e-01,4.086426885266741249e-01,4.905148835837775945e-01,3.654123677914178914e-01,7.832714277379098089e-01,1.423287685596034968e-01,4.236872352712868217e-01
7.482780113018959733e-01,5.087142680579763709e-01,0.000000000000000000e+00,8.321509385048599938e-01,9.057431534280160346e-01,8.640064143599273105e-01,3.040545588290657353e-01,8.984371225350372692e-01,7.919846902363367747e-01,6.241548570169090926e-01,9.729141025516010455e-01,5.213526741118915675e-01,7.340002953523748763e-01,9.430318459732316416e-01,9.177769137856472970e-01,5.105411496274708805e-01,9.975311281765734117e-01,7.136581305934264208e-01,8.811037449747982642e-01,7.138672413715857479e-01,9.805834027922200047e-01,6.896085038278609858e-01,5.663530300415127172e-01,5.815690266115778329e-01,9.065306538925607116e-01,9.526962301416310730e-01,7.038839709966865366e-01,3.120311258562893930e-01,2.410167432516611696e-01,6.878025269600867020e-01,5.517489766517080785e-01,4.554989995966533534e-01,5.712063743993105458e-01,9.254708362597294791e-01,2.451367291439538187e-01,-3.637255261186743138e-01,4.652313787664337785e-01,4.324270666821248277e-01,3.684749232731351354e-01,4.774483197505395293e-01,6.777059874931531391e-01,7.062242393175771626e-01,7.315098112230210559e-01,6.416550063384680591e-01,4.060750720520361901e-01,5.430050617141572999e-01,9.093452163897538520e-01,6.046668652914124475e-01,7.345963469544657398e-01,6.240783981877752185e-01,9.595083876786989485e-01,6.513206015264634274e-01,9.440646157369068092e-01,6.716641796001672216e-01,7.101727186736498387e-01,8.356728235486639011e-01,6.387727103043312482e-01,8.981532556979413551e-01,6.945392010941257022e-01,2.937946950544068070e-01,2.207609154143377606e-01,6.516159930475935447e-01,7.184972846380013323e-01,8.939732708925194338e-01,9.163666547839244281e-01,7.722446796311327466e-01,4.786835276922977722e-01,6.581148020824464373e-01,2.686204082583524833e-01,8.868145010292006747e-01,6.158922834419601200e-01,4.781727596438875016e-01,2.450678708164559516e-01,5.280170755006775574e-01,8.019734759390189094e-01,5.124725365912756736e-01,2.735556726256972437e-01,8.313446795647175258e-02,5.020972680778967856e-02,-1.451973603399754065e-01,6.295804737534472784e-01,7.886197060943705983e-01,5.904037540938690265e-01,7.966385892864906726e-01,6.338719761529917340e-01
6.737618840586201419e-01,3.225155810253684252e-01,8.321509385048599938e-01,0.000000000000000000e+00,7.295752163765316656e-01,7.944705635478626071e-01,2.679382592559374499e-01,4.077670222920968257e-01,7.368128188799197842e-01,9.014320926539586276e-01,4.501515758283303748e-01,5.815689943131663320e-01,9.190220286175064812e-01,4.779141672376045480e-01,2.509374736512742787e-01,9.125764563808769214e-01,8.509193265026868680e-01,8.799518764167554297e-01,7.888186858154223602e-01,6.747173440407987499e-01,3.374488178934317295e-01,7.638532027464928209e-01,2.837424008646876050e-01,9.243297983825340403e-01,3.981616290797187485e-01,9.817588704809386835e-01,9.595895396512160724e-01,5.048920755575282415e-01,2.089879547736955001e-01,4.427426442692664610e-01,1.119043581733965009e-01,7.831002691509235669e-01,9.757224825478159058e-01,6.661366143172493537e-01,8.850352404155142905e-01,2.717109149830957415e-01,-1.991046782994603526e-01,5.241030689125176778e-01,4.451797031380908543e-01,5.884513752920773610e-01,3.157232913261212026e-01,2.281211414551330141e-01,6.510090943091119131e-01,2.313118499123019700e-01,9.836852285161901133e-01,3.675897904662048798e-01,2.395808262661272559e-01,3.468721985889737236e-01,4.234780457532969500e-01,7.318643921514687012e-01,7.731503729959724458e-01,3.673708264960497405e-01,7.378545366326040300e-01,5.140303257581863017e-01,9.711886832156629845e-01,5.116972795724362699e-01,9.400538137898705182e-01,5.976666385165709805e-01,2.777556039149751133e-01,6.791282283243387230e-01,4.739163090693819802e-01,8.120252788593699256e-01,3.746686472480495467e-01,6.063811038848206936e-01,6.283951474451460184e-01,9.410387884114931323e-01,9.677574878342312115e-01,8.276917515893547073e-01,2.255560099276314456e-01,9.815365798989809099e-01,8.537325270185918136e-01,4.152129446460868234e-01,5.072110564850839109e-01,1.848835642613110564e-01,6.952418717554365024e-01,4.980606361485332423e-01,9.245742303188246858e-01,-8.768794368708876519e-02,2.597950627074801025e-02,3.897382874754170556e-01,2.114825890899306171e-01,7.285226564587099496e-01,7.174965522140238638e-01,2.833556055479806157e-01,7.755038325345060546e-01
7.190749407842028651e-01,3.444243757492588820e-01,9.057431534280160346e-01,7.295752163765316656e-01,0.000000000000000000e+00,4.027920227416552645e-01,8.998210211213530929e-01,5.427851959761174072e-01,6.043628856378742142e-01,8.685496946245595540e-01,6.924080707293530645e-01,4.247901181530280845e-01,2.665498766869067171e-01,9.295161527968216486e-01,6.384322306012779613e-01,3.979211108122822083e-01,6.103469058038673012e-01,4.863356131154319972e-01,6.349067561997865372e-01,7.767560875717417490e-01,5.498638737997225689e-01,5.886418165944099501e-01,7.339173471575567431e-01,8.837352069197517146e-01,7.109064936946599689e-01,7.807987443655376447e-01,9.295235128705006122e-01,8.401604094514489862e-01,6.137672410654092525e-01,1.767872422765557339e-01,4.976736179073270039e-01,4.487437022539942366e-01,7.723022537811692345e-01,6.415900926846350716e-01,5.400009421086207073e-01,2.895445175245830449e-01,3.721233674022557114e-01,7.096725367230143355e-01,9.075795622326590095e-01,2.009996258162660143e-01,5.693913819712306257e-01,9.020539620944461046e-01,3.173336922976165986e-01,9.148800891614928821e-01,9.383610533597933623e-01,8.583355810277166764e-01,8.804103773832834268e-01,5.988195487736189815e-01,7.666090012669269926e-01,4.586025692623647565e-01,6.273301233769149610e-01,6.296771779078345066e-01,9.734816766182173842e-01,9.749325045097785303e-01,3.359089796809585637e-01,3.457373711532050198e-01,6.238324836268498430e-01,6.523153442955560433e-01,7.007297277340924779e-01,2.061449965649909954e-01,5.560216511520004179e-01,5.257834278713747755e-01,6.379026789026016608e-01,9.740507454904699935e-01,6.914999654422741004e-01,7.872177570024524451e-01,7.600093933600773344e-01,9.845520548746219403e-01,6.141839115445748565e-01,3.173290896011637940e-01,2.525028783975254987e-01,6.577830863026673525e-01,3.588463611026005973e-01,4.937734237059371867e-01,4.526613524877446393e-01,7.746257127141408239e-01,3.164234529271404694e-01,7.509469020851428089e-01,2.439339149918170468e-01,3.683539909031139509e-02,7.591160968373702467e-01,9.371933124621236733e-01,9.259684539591772623e-01,5.526934997124826054e-01,4.326803269641935068e-02
6.429761455534672709e-01,9.532322518920817167e-01,8.640064143599273105e-01,7.944705635478626071e-01,4.027920227416552645e-01,0.000000000000000000e+00,6.760484450027630654e-01,6.499621035672045188e-01,7.535203016978793134e-01,6.972057785397435259e-01,8.814722494109150652e-01,9.911642070040018737e-01,9.263687398839803855e-01,6.705236579006220721e-01,4.417956628755554394e-01,4.853355634232560112e-01,5.013046295666390151e-01,4.384640401669105403e-01,7.841735549060335764e-01,4.571264023204147930e-01,4.081567839424740107e-01,4.323463448099997830e-01,3.256536189490693567e-01,9.887731933286469932e-01,5.167066167687115463e-01,7.324325737731967045e-01,7.959852133802858276e-01,8.327894961809256813e-01,1.622723537730503540e-01,1.003977154525168142e-01,5.010305743573886250e-01,2.817400658357187559e-01,6.684042121275752812e-01,7.613657570298071331e-01,5.350171210518475107e-01,5.014551799743602878e-01,-8.244905086584125575e-03,6.279783769648363823e-01,7.500581201286563582e-01,7.116616374121632616e-01,4.876924096455353963e-01,7.396166698839237164e-01,6.050817118564696395e-01,3.095393937495160008e-01,4.557377964853458474e-01,8.364404135674134988e-01,4.667543577232137197e-01,7.991443522255552434e-01,2.736117824590740266e-01,4.015842122498177180e-01,2.967752759054289036e-01,3.349572781226253237e-01,2.400695044225244767e-01,7.542768838358407946e-01,5.681816082598547535e-01,6.739917646293006603e-01,8.740785972437697948e-01,5.107344025299039858e-01,5.780269869203556038e-02,1.807914960330851140e-01,5.802600737156927702e-01,6.484940932517391232e-01,4.595852567408627576e-01,6.973559116915939438e-01,9.883692104644299370e-01,6.910472763117203598e-01,7.425026015641410515e-01,9.505298200011874643e-01,5.836018751187590503e-01,9.290057630684271928e-01,3.766806352076427222e-01,9.761103831096883399e-01,7.813497590904231460e-01,1.252429052934808107e-01,3.473126383779098769e-01,6.677251809333955013e-01,9.137786891599909422e-01,5.860729678240687024e-01,2.541748415365744362e-01,3.498646715529224460e-01,4.928498096710965393e-01,9.965885581738204158e-01,3.261697670265933935e-01,5.356211410546349860e-01,1.972773592206236992e-01
9.654843233644503364e-01,3.950891121868808087e-01,3.040545588290657353e-01,2.679382592559374499e-01,8.998210211213530929e-01,6.760484450027630654e-01,0.000000000000000000e+00,6.170124240263602511e-01,7.511580200147095487e-01,3.539165925740946350e-01,3.766120586455635744e-01,6.095715630459687118e-01,3.209689993992585477e-01,5.769119589167198692e-01,7.046530856907685658e-01,5.487996698864050504e-01,6.858906367351635947e-01,4.756695164914598317e-01,4.329281100513374114e-01,8.144764825299339872e-01,8.790596287619263649e-02,7.938918199905647954e-01,5.082605489560366729e-01,6.318059906503860068e-01,1.581732543397701418e-01,3.244187407934508854e-02,4.070197307958491328e-01,7.780569999699491479e-01,1.702381240451641964e-01,3.676259176516379068e-02,5.550818602802890522e-01,7.418787529822947757e-01,3.959321360520060562e-01,2.225563850572371272e-01,5.402269346553806306e-01,7.535496475382968962e-01,4.227624027889975711e-01,4.473066613644728906e-01,7.747869711036760032e-01,2.480219724706789752e-01,7.338026573840772393e-01,2.515654803723242905e-01,9.464664768946662310e-01,7.771054138370377951e-01,8.573189965573262405e-01,2.430771799615791262e-01,5.940577289481230316e-01,4.749752065474452944e-01,4.511361476111816482e-01,3.352068051284968764e-01,6.273072275960865918e-01,6.185212526749204187e-01,7.806731896395762149e-01,2.554460722558623553e-01,4.997755227071907780e-01,5.044697064044006973e-01,2.137577579377647752e-01,5.647159958713069416e-01,8.689484160937455126e-01,5.402737935711207085e-01,1.998940184719088520e-01,3.662502106160429038e-01,5.786520828682210071e-01,1.435542046191500554e-01,8.582649291989457030e-01,6.476627071312534012e-01,3.310945609576026460e-01,6.062681341050898398e-01,6.648492603944973212e-01,4.196213836590007018e-01,2.363299684449235716e-01,7.385306826771311783e-01,2.275170330102769811e-01,1.239499277104509772e-01,7.378366485179164158e-01,4.102184713150892059e-01,2.602619781705765023e-01,6.909971336476652404e-01,4.267667690919528800e-01,2.611993007934871325e-01,3.523739795289694277e-01,-8.468785234329812006e-02,5.134539679875937956e-01,7.940067056239377141e-01,2.061305029302267222e-01
7.318735586015214789e-01,3.797456276415318022e-01,8.984371225350372692e-01,4.077670222920968257e-01,5.427851959761174072e-01,6.499621035672045188e-01,6.170124240263602511e-01,0.000000000000000000e+00,6.985556025286321358e-01,9.016168221826347251e-01,5.973968329114103248e-01,4.572626427850147168e-01,6.214749935624213073e-01,4.709073614117783024e-01,7.387295128234632191e-01,6.550878771439797577e-01,6.453916098862620965e-01,5.763377324259682383e-02,3.663054771270585763e-01,2.592189048452745448e-01,6.776804605006352400e-01,3.508160780181096561e-01,3.024546949806599105e-01,9.446863405767698119e-01,4.958773765021092239e-01,1.140984729271577180e-01,6.353194389610516968e-01,1.737536433639396694e-01,5.260590474371058534e-01,4.088840864368316064e-01,4.270019591175296947e-01,9.105821228676339585e-01,5.079369981815985424e-01,4.596304077973707991e-01,7.754117382763870969e-01,1.139490807503398540e-01,5.476600768717503342e-01,5.086873772903066637e-01,8.645781879003044956e-01,5.393353692274345246e-01,4.488009591353741418e-02,7.206807456820795155e-01,1.833364711839744476e-01,3.016662752901533295e-01,8.728750508421547760e-01,3.369940119818578550e-01,1.181933924243913775e-01,2.957731788655039162e-01,7.762925487083052190e-01,5.831573199075945624e-01,3.196530469331773650e-01,4.633374981820360672e-01,3.754869088917396347e-01,6.272459880757712547e-01,9.283611940715902344e-01,9.306310013921582636e-01,2.315220783132081739e-01,3.557667283260812496e-01,9.035836370632209791e-01,2.389198522138032965e-01,2.722994915101262237e-02,5.766506354101839094e-01,7.059843667291697544e-01,7.706030330325123190e-01,8.165886931148216288e-01,4.915772540265842538e-01,3.492027781614696069e-01,8.922470873305099470e-01,8.740125012298564089e-01,1.873904364917542559e-02,2.457252225628825566e-03,3.250034625914191011e-01,5.493923625467891370e-01,2.768379648525032266e-01,4.605776123525425758e-01,5.270309568464782712e-01,2.797581097248010296e-01,2.732971598304506644e-01,2.856206112112103512e-01,3.178846291756461939e-01,2.782542777010459933e-01,8.180881515104551083e-01,4.433142498973846046e-01,7.798257519236776458e-01,7.053709111522301622e-01
9.364524371171781825e-01,5.082094797100469297e-01,7.919846902363367747e-01,7.368128188799197842e-01,6.043628856378742142e-01,7.535203016978793134e-01,7.511580200147095487e-01,6.985556025286321358e-01,0.000000000000000000e+00,7.533050349717829164e-01,8.112402372106047865e-01,5.613437215369870836e-01,2.199762541284413231e-01,7.221385974915593975e-01,6.828336366687889347e-01,7.319156935478857706e-01,4.953608536331466361e-01,6.181718861545972832e-01,7.781769237941891237e-01,9.993919986219131912e-01,7.983103133406638241e-01,6.323320932874791911e-01,9.138439569522855965e-01,8.396164527397056432e-01,7.046769720507869428e-01,7.465708619105905219e-01,4.543035275104534976e-01,4.820257301384320292e-01,6.238514863301519719e-01,5.570743620810584273e-01,4.544823788569952727e-01,1.376688263414205249e-01,7.143669684816260634e-01,3.871451174524817018e-01,3.376997175226765791e-01,4.425200337377985238e-01,2.791963771694214724e-01,7.596622276364129421e-03,8.332413605461876926e-01,6.117701344926133045e-01,4.131063194076258771e-01,6.808456388656718428e-01,5.635544372885039621e-01,5.710613374484869720e-01,8.875829836993055499e-01,8.511659787392634735e-01,8.027304628998177538e-01,4.607819208341611406e-01,4.980194064327266856e-01,7.840573064970848272e-01,5.268440883134856145e-01,7.329211819947891726e-01,5.937360063450465297e-01,2.907150306439224008e-01,6.068854426427288118e-01,8.363389409564908616e-01,6.840713294494612517e-01,1.424279486062602074e-01,9.399881047902636233e-01,5.818818548796567125e-01,3.124077456448431933e-01,2.413960703989352918e-01,5.886553703640700075e-01,7.955875126429153843e-01,8.978682678441267662e-01,5.650673046362082452e-01,7.801982331280772343e-01,2.261897685628853072e-01,4.602028636377041293e-01,7.499086449121192821e-01,4.960107870836969468e-01,4.368395378008594898e-01,6.962423894459027762e-01,1.493548987355768909e-01,7.055340538107441883e-01,7.139391414660594126e-01,4.694283985098200440e-01,5.899879348077436969e-01,5.826095521860302773e-01,3.276781561754326666e-01,5.352602213709781731e-01,7.459789648391759176e-01,2.571918248784011429e-01,7.083066970816420671e-01,4.293177512014768049e-01
3.578220470923096919e-01,9.030923415739978699e-01,6.241548570169090926e-01,9.014320926539586276e-01,8.685496946245595540e-01,6.972057785397435259e-01,3.539165925740946350e-01,9.016168221826347251e-01,7.533050349717829164e-01,0.000000000000000000e+00,8.923153755745466542e-01,4.926773400166229999e-01,3.667306905000482509e-01,7.974596510417871764e-01,5.745206600248787820e-01,4.784527421534686131e-01,2.395638186978480688e-01,6.502910050602724867e-01,5.356558584914721255e-01,8.328177347882953496e-01,9.140876457682048928e-01,2.445645511197229727e-01,9.222807636661903841e-01,7.924762811850689648e-01,6.099305410990352172e-01,7.827834228909595904e-01,6.249380181364345699e-01,4.605327423324495628e-01,2.071579872671885370e-01,1.915478954096972997e-01,3.910835515739653490e-01,2.403487469571743418e-01,4.062928431029212972e-01,9.047879863111506493e-01,5.836576115876088711e-01,5.648582044617894704e-01,1.093681863210534816e-01,6.242851402281710538e-01,6.607831839126755424e-01,9.998095352665317126e-01,1.398712640354473624e-01,7.778991682487558235e-01,6.667174855855857452e-01,8.433544063373605848e-01,6.428390078302648192e-02,6.130350245410780552e-01,4.737419849123261084e-01,9.909397342323897906e-01,7.738647489591864437e-01,4.780957927523342699e-01,4.814347838424508086e-01,5.188274980310304541e-01,7.581940396325663745e-01,5.945729114777117408e-01,7.405421118103229228e-01,6.863078120054361131e-01,4.682292423444801011e-01,6.572431871838984030e-01,4.425999801232101682e-01,1.916672301025714453e-01,-1.563044283992220118e-01,4.396261091452286496e-01,5.138847203778541539e-01,6.975708283550896560e-01,7.526243835946371252e-01,6.278232415153965906e-01,5.550677830910112354e-01,9.727860416985121272e-01,6.769530120409463780e-01,7.700840761840923587e-01,7.138835050460886622e-01,6.389770992995517096e-01,4.564282256652272829e-01,5.942820363641068138e-01,5.865749836947951046e-01,4.439429612709294148e-01,2.677324633787582786e-01,6.965792199308037391e-01,1.424781823223373323e-01,4.366338581977149969e-01,3.314311561916871152e-01,7.620467138179561895e-01,8.682486714948013384e-01,1.636442358184217738e-01,4.935773880922127987e-01
2.545129512995423227e-01,5.992952392192524291e-01,9.729141025516010455e-01,4.501515758283303748e-01,6.924080707293530645e-01,8.814722494109150652e-01,3.766120586455635744e-01,5.973968329114103248e-01,8.112402372106047865e-01,8.923153755745466542e-01,0.000000000000000000e+00,3.977744481025298207e-01,5.543654985677699543e-01,6.475300226939808557e-01,7.073350820875942135e-01,7.246279945283859991e-01,3.146265503922813789e-01,6.708711410230404626e-01,5.531918118991470124e-01,8.339954291415697663e-01,7.906689697870752376e-01,7.212108200611375697e-01,7.971549370280648361e-01,4.390757326515861148e-01,7.392207499452541075e-01,9.726857478335939611e-01,8.433514620365916148e-01,5.515377505073503217e-01,5.294839579898205084e-01,3.348788657735648489e-01,4.107800562638370678e-01,3.724452547367331778e-01,4.187773932359408757e-01,6.905640430713535505e-01,7.424156521498161965e-01,2.827845737484200317e-01,1.714421470857022678e-01,6.432425014604006286e-01,9.650027069307219874e-01,6.283154543008560022e-01,5.224948785085474778e-01,4.522818301258101914e-01,2.605517774188685909e-01,8.589409999226580439e-01,8.329899912070608536e-01,6.448610913589623017e-01,8.376173208360822020e-01,8.204650959276981181e-01,2.764677511995711212e-01,3.943020457274977186e-01,7.639664225031997935e-01,7.534141626720965990e-01,5.875519950135201785e-01,8.557720539846185304e-01,9.899333321375600736e-01,6.986783864526513455e-01,4.936459047697326907e-01,5.791855020287424161e-01,9.293978261354222115e-01,4.364617908571240545e-01,4.864067082433981559e-01,6.593746776114947084e-01,7.035311286218625115e-01,9.792451217513689077e-01,9.224020278610542967e-01,6.661700455823001965e-01,6.034647610052482625e-01,6.247893993782164257e-01,3.989114261055602961e-01,8.590061082884977717e-01,5.914005736508659572e-01,6.230471403338334602e-01,6.820676384808672665e-01,7.637975893617259260e-01,2.297675865866205258e-01,3.258237423861016779e-01,7.529469430365494098e-01,1.009705246184479377e-01,2.084782381260762707e-01,6.306872655294627483e-01,7.390527710557917018e-01,7.617764694166968553e-01,4.078426208989824886e-01,5.295125419107233888e-01,1.164888625634848823e-01
4.490899210320558610e-01,9.688190732245492987e-01,5.213526741118915675e-01,5.815689943131663320e-01,4.247901181530280845e-01,9.911642070040018737e-01,6.095715630459687118e-01,4.572626427850147168e-01,5.613437215369870836e-01,4.926773400166229999e-01,3.977744481025298207e-01,0.000000000000000000e+00,4.257697049909634490e-01,6.818907073085975767e-01,6.128808131576594098e-01,9.823012676511105878e-01,5.809918860463096912e-01,4.625743752093398609e-01,6.758510983419294682e-01,3.089736150157124106e-01,8.511513446443205178e-01,9.726799673257809919e-01,2.896870395902229056e-02,7.307047564441183640e-01,3.033231952924384522e-01,6.578429355817778657e-01,8.130643843924501013e-01,6.726676491026334359e-01,7.864592945213613184e-01,2.374059928696695410e-01,4.708910247778843039e-01,5.070997943368885652e-01,7.986210483649863745e-01,9.706609779969024299e-01,2.037092922631404679e-01,2.892572782517520147e-01,6.171949157444466261e-01,6.695884827974684095e-01,5.057140995472055867e-01,4.840808149504172708e-01,3.607840794746083879e-01,7.639493403568062835e-01,6.892816504661677390e-01,2.828553162010080113e-01,7.479587575527919530e-01,4.403376190211555352e-01,8.769933108319274417e-01,5.977951915653842985e-01,5.492603182808478701e-01,5.713128150760544699e-01,3.106930963902481135e-01,2.756457363270057304e-01,7.506692781117770830e-01,5.736914132285739765e-01,5.885106805375412975e-01,3.267336427425365786e-01,1.169551128290355485e-01,3.848484009978344611e-01,7.631910262841357095e-01,2.839188808692990618e-01,4.183187599284452496e-01,6.541250689140729602e-01,7.488250809702104993e-01,6.094885691686177109e-01,8.794698540341018278e-01,7.634187393051774517e-01,6.817560470779895354e-01,6.891481710527448401e-01,6.438235973874836260e-01,7.234520381598664729e-01,4.763327249992965751e-01,4.941646941346575783e-01,5.057723741518346250e-01,3.234691415399412184e-01,1.608889705221068500e-01,7.702247843448878362e-01,7.441262127845801322e-01,7.874787567934429244e-01,7.373156734778802956e-01,4.023905620241106096e-01,4.369410937042574883e-01,7.038603036670892932e-01,7.090276444218462926e-01,3.516525396690360905e-01,4.493329164078816995e-01
3.827648540191166404e-01,5.517961288690432786e-01,7.340002953523748763e-01,9.190220286175064812e-01,2.665498766869067171e-01,9.263687398839803855e-01,3.209689993992585477e-01,6.214749935624213073e-01,2.199762541284413231e-01,3.667306905000482509e-01,5.543654985677699543e-01,4.257697049909634490e-01,0.000000000000000000e+00,5.813482345194178613e-01,6.535071417231026469e-01,5.980099049233853492e-01,6.734621086550679481e-01,9.105312673907312027e-01,5.968965100500545073e-01,5.493239131817473364e-01,6.438235425653870969e-01,6.326196917389136365e-01,4.103413023480262378e-01,6.820552367175536368e-01,7.029919879633197421e-01,1.655992908478416403e-01,7.808448695190046696e-01,7.133336772001416248e-01,5.572844555455371829e-01,5.233407317429225047e-01,2.875021001546963495e-01,6.417059561399214296e-01,8.596733043363127269e-01,9.610032277150220015e-01,8.587142671714433906e-01,4.755198836088002090e-01,8.800346497451148886e-02,6.778397732417082988e-01,5.857985734009232281e-01,6.893100926100207415e-01,5.562613066528067085e-01,2.554830667256640098e-01,9.269424640552534900e-01,6.268637946190337429e-01,6.985601048100983368e-01,9.830825482660343617e-01,4.889599469441678892e-01,5.495112557956399746e-01,5.833507954352346037e-01,6.819135940128155937e-01,6.666913281063127084e-01,6.602208103384845650e-01,5.804339928558946982e-01,9.356004231836401175e-01,2.678037103354222737e-01,7.836570874237106521e-01,5.280611851748076013e-01,6.746468788787789439e-01,9.156175281534429944e-01,7.712661705685490698e-01,6.100681930312441548e-01,8.889381833732800109e-01,4.597919435277176281e-01,4.673367176808316814e-01,3.214900637786590742e-01,6.744634384441907660e-01,4.220135785212760782e-01,8.272639692687624446e-01,7.997266644804710278e-01,8.777559290214866916e-01,9.177729845737718772e-01,6.034960628920917891e-01,6.478363322429061544e-01,3.897973389019773194e-01,6.344057087514382021e-01,2.852972768252209912e-01,3.638822102114330770e-01,7.611019754784194014e-01,9.745920085626001983e-01,2.175641696960864124e-01,4.404571032061024294e-01,6.057409598690435271e-01,4.226735845770021593e-01,-1.023895247936055380e-01,4.791698246471732814e-01
7.778419248220411752e-01,2.783987501103790674e-01,9.430318459732316416e-01,4.779141672376045480e-01,9.295161527968216486e-01,6.705236579006220721e-01,5.769119589167198692e-01,4.709073614117783024e-01,7.221385974915593975e-01,7.974596510417871764e-01,6.475300226939808557e-01,6.818907073085975767e-01,5.813482345194178613e-01,0.000000000000000000e+00,3.534352751117110225e-01,4.728309578549231840e-01,9.461716007924041438e-01,7.532563368685111227e-01,6.992334042176692188e-01,9.343394748938155248e-01,3.273641247999298232e-01,3.452590616448985017e-01,4.823816428657823341e-01,7.983215567376287236e-01,4.331653291195893263e-01,8.595382437040259838e-01,4.508477043080506008e-01,3.246658836666618253e-01,5.005973786009368931e-01,4.863435114248182423e-01,1.331250460488278033e-02,5.781813089184342225e-01,9.905737321529328732e-01,9.508148863738118406e-01,7.456896518441031851e-01,5.041994581952281562e-01,1.963806778574234135e-01,6.737141930204579854e-01,8.653610883247964125e-01,3.808411366374991336e-01,4.041426005266899879e-01,9.731211028171080635e-01,5.305360133089624952e-01,8.436528147433254299e-01,9.639814260830471548e-01,7.161190905369586579e-01,8.994028708478564171e-01,6.862127143117383588e-01,4.587881288395647128e-01,6.571336269172041167e-01,7.330183191418953026e-01,8.475896459426861540e-01,6.864231659610254832e-01,8.759954086717742783e-01,6.265638128361167292e-01,9.034265831642929179e-01,6.908862555791888127e-01,7.978064038626776489e-01,9.078972714217770079e-01,6.831759694790789927e-01,4.541112565461606354e-01,7.058411289340458250e-01,5.433820315284128011e-01,9.519301384272496058e-01,9.646789502559917073e-01,9.806291138189510148e-01,7.549989619743504576e-01,8.345984077010339952e-01,5.245237757763446806e-01,8.892336515498333593e-01,6.154788202277580167e-01,9.390381642543411678e-01,4.502110133382995066e-02,4.499432568671176691e-01,3.183732058785341268e-01,5.987152327777899297e-01,2.172445792145808185e-01,8.264711155383741570e-01,1.416712050703337611e-01,4.923410954704499631e-01,7.504028297850354745e-01,8.863096828429014584e-01,5.685640666036974045e-01,2.246689277902121085e-01,6.123836612314870198e-01
5.286543597293499319e-01,7.440433361687448510e-01,9.177769137856472970e-01,2.509374736512742787e-01,6.384322306012779613e-01,4.417956628755554394e-01,7.046530856907685658e-01,7.387295128234632191e-01,6.828336366687889347e-01,5.745206600248787820e-01,7.073350820875942135e-01,6.128808131576594098e-01,6.535071417231026469e-01,3.534352751117110225e-01,0.000000000000000000e+00,4.228188041946739362e-01,2.095676779130342671e-01,4.624867117898351365e-01,4.432686014846947131e-01,2.331764252870215104e-01,4.577946274022001161e-01,6.066031406218425071e-01,2.117603608056053965e-01,6.588355735397495305e-01,5.414817969977294698e-01,5.568329168727204070e-01,6.845744657132066813e-01,7.108726226343307086e-01,7.082258183222912562e-01,4.436774449068154325e-01,1.990470966924270668e-01,2.700691402930181506e-01,6.041221709034573228e-01,9.950439929469068190e-01,7.456306551713469677e-01,1.586107119551039002e-02,2.662147520161265435e-01,5.158332391094964109e-01,8.889663862698143904e-01,9.729219676650805448e-01,2.953401447670924163e-01,5.843247887237701388e-01,6.053825004595714265e-01,6.183660473434915428e-01,5.344384423809034335e-01,9.562055297032192591e-01,4.138801777636829105e-01,3.740234743872115075e-01,9.807453600518589720e-01,4.831039092364191045e-01,1.845558321901892840e-01,5.020541810131721183e-01,9.254305020573085905e-01,6.811885820699328242e-01,6.096171790607232133e-01,9.422467450645644060e-01,5.744816205586625868e-01,3.618867741393507753e-01,8.790353282299805393e-01,7.027897428298938987e-02,6.946535591336217008e-01,4.344724232926679974e-01,5.228723149385288149e-01,7.271278453515115370e-01,4.141791043642434333e-01,7.181318025874482425e-01,7.544356863226672205e-01,9.601434688946937079e-01,2.799968769221123366e-01,5.140214317533503552e-01,6.747632103911818113e-01,6.943496181528633349e-01,7.660215888353540947e-01,2.589661711868667671e-01,2.104752590453531358e-01,7.828897715155997972e-01,7.161991207919226055e-01,4.334068101035375431e-01,-5.509466193252896549e-01,5.301936273216805162e-01,5.564298680514718765e-01,5.536842641675944199e-01,6.321540730649943818e-01,3.719320626311904965e-01,4.062657430449556628e-01
8.743825357510459639e-01,5.785986697654843308e-04,5.105411496274708805e-01,9.125764563808769214e-01,3.979211108122822083e-01,4.853355634232560112e-01,5.487996698864050504e-01,6.550878771439797577e-01,7.319156935478857706e-01,4.784527421534686131e-01,7.246279945283859991e-01,9.823012676511105878e-01,5.980099049233853492e-01,4.728309578549231840e-01,4.228188041946739362e-01,0.000000000000000000e+00,9.593811085549723838e-01,6.822330830963623249e-01,1.993969665330698193e-01,9.781956080535488818e-01,8.025602032923717655e-01,4.777504815197690102e-01,2.067845137918568887e-01,7.130041331303105245e-01,1.268432925242980736e-01,9.846226330310599295e-02,7.604159115262671964e-01,7.175247452759638822e-01,6.220769002462214203e-01,9.010881616342283351e-01,3.218057724531745434e-01,4.133165060080501996e-01,4.987187269132323242e-02,1.536563610609027186e-01,8.940855360296670051e-01,2.827020646800195713e-01,5.345613082005833405e-01,7.194146478386562737e-01,7.817948665668045249e-01,5.531498607269255130e-01,5.208170631044727328e-01,9.228819992566752450e-01,4.298870750332335899e-01,6.964992036529670250e-01,9.985136223730192162e-01,6.295831883850304678e-01,4.091412760024187301e-01,8.811099880607090595e-01,4.481534629121463609e-01,7.185470470363947149e-01,7.289899395997510023e-01,6.030530267546787559e-01,2.636980864035988747e-01,3.883005664950371361e-01,7.515872433699608557e-01,5.700913959847456747e-01,6.352885319242357332e-01,7.622859533429637846e-01,9.302721178928464729e-01,1.881745767868250596e-01,3.277929773066402541e-01,6.800967473140033803e-01,6.510827581636319250e-01,2.339309505518187005e-01,6.349910741537235781e-01,3.605961860604597335e-01,6.238269421465453268e-01,9.984537129324488891e-01,6.135543830064281723e-01,4.999122889781112411e-01,9.410401006965054549e-01,8.726260443841886705e-01,4.770373233358572440e-01,4.440302948937453753e-02,7.163578265963199687e-01,1.943593522522829853e-01,5.569854777715943506e-01,7.005425889274874418e-01,3.373699645496632815e-01,3.088644592807936462e-01,4.500660838181645418e-01,4.181707831004047304e-01,4.030114250052904690e-01,4.522500342361215897e-01,9.642697165430367257e-01
7.567166763484919345e-01,8.809027709123397054e-01,9.975311281765734117e-01,8.509193265026868680e-01,6.103469058038673012e-01,5.013046295666390151e-01,6.858906367351635947e-01,6.453916098862620965e-01,4.953608536331466361e-01,2.395638186978480688e-01,3.146265503922813789e-01,5.809918860463096912e-01,6.734621086550679481e-01,9.461716007924041438e-01,2.095676779130342671e-01,9.593811085549723838e-01,0.000000000000000000e+00,4.679282305518737695e-01,5.263418986262038413e-01,7.776240614994031075e-01,9.019649408818023462e-01,6.601541632345726551e-01,4.350817482907912148e-01,9.246964653609522633e-02,8.177019019681156520e-01,7.337169076722124261e-01,7.971641374995841467e-01,5.663051532178919878e-01,2.798621942386712580e-01,7.188416754643034423e-01,5.591604503354605793e-01,6.139705295413466768e-01,4.767252289768529883e-01,7.651331530575822271e-01,8.094069277302811116e-01,6.239188024782700570e-02,6.730612866521355764e-02,8.277923874556932793e-01,9.999274108722049359e-01,8.933818317612494120e-01,5.115099962486282514e-01,7.336172280892250264e-01,7.198799860898206227e-01,5.802169669798147578e-02,8.969186050169963842e-01,6.355268329790979553e-01,7.185394235447528644e-01,7.635532215087565966e-01,7.110148642100737604e-01,6.282807642529280034e-01,7.250740846703613851e-01,4.335139092685659223e-01,4.781671755166865823e-01,5.535430993792112009e-01,2.904264355072028181e-01,7.808743963440798463e-01,4.652098054899626578e-01,5.829867402316137870e-01,9.084533414227581316e-01,5.815781580722517718e-01,2.227462918062526609e-01,8.707038745330679674e-01,8.772658441971719068e-01,9.789012591207633118e-01,9.313951557405176773e-01,4.130582826443934819e-01,7.167333186559630143e-01,8.122117678282340103e-01,3.846666536517642787e-02,7.296762290750095081e-01,9.440459015685176425e-01,7.904125135506194777e-01,2.065066679556041840e-01,6.921618974553138681e-01,7.888123568527964924e-01,5.575092433975783468e-01,5.390950173246829014e-01,9.698535435363973001e-01,-1.486827868812936326e-01,4.768053874802280490e-01,8.549691937392520646e-01,7.662624249429708101e-01,8.721943796249898018e-01,1.801811939808135865e-01,9.224533603898401601e-01
3.465376823778233417e-01,4.367883785945748665e-01,7.136581305934264208e-01,8.799518764167554297e-01,4.863356131154319972e-01,4.384640401669105403e-01,4.756695164914598317e-01,5.763377324259682383e-02,6.181718861545972832e-01,6.502910050602724867e-01,6.708711410230404626e-01,4.625743752093398609e-01,9.105312673907312027e-01,7.532563368685111227e-01,4.624867117898351365e-01,6.822330830963623249e-01,4.679282305518737695e-01,0.000000000000000000e+00,3.685316658211991170e-01,7.063880376074258560e-01,9.198860039240343012e-01,2.405739574084428400e-01,6.995052080441797049e-01,9.177294710494764418e-01,2.199426048586380078e-01,6.894089793805551203e-01,4.347203693441567540e-01,7.051170905190798921e-01,4.214678194918025089e-01,2.490342700379331864e-01,4.846365861390134616e-03,2.066495091920681204e-01,6.401024186130740423e-01,7.662628089080006921e-01,1.827934074173898915e-01,9.964490731745533070e-02,3.433125290742000679e-02,5.609937608422378430e-01,6.373980209773403294e-01,8.198081576910299928e-01,5.443347961669489088e-01,6.182466542105329310e-01,5.632106798089889788e-01,9.096912003299045812e-01,8.227951635045530621e-01,5.754571492613795858e-01,9.653998619547183857e-01,5.502680662036678605e-01,2.490423586336198980e-02,5.492202103521930390e-01,4.188075795915169874e-01,6.821301986938086426e-01,4.903259393419659440e-01,2.452449139412880563e-01,2.639822133168789331e-01,8.039234094181734180e-01,5.052440101378008475e-01,-2.129906199558903312e-01,5.970997819380199356e-01,5.479379322543808106e-01,3.435077244487027004e-01,7.449451867205947320e-01,4.367031876999019069e-01,6.495431156897636393e-01,2.038393330802557302e-01,5.486036777223938232e-01,6.003642015630796802e-01,8.114970850836650262e-01,6.833041717412690064e-01,3.286912369997026517e-01,8.241642164615755606e-01,4.224074856884879048e-01,2.869271122904411275e-02,4.323551493171928772e-02,-7.151771562475539579e-02,7.398811800848862363e-01,6.163184774512318054e-01,6.159558858976866835e-01,4.086444831177724057e-01,4.515339731782062049e-01,5.905767373625171457e-01,6.111336128169351234e-01,7.813313694179946367e-01,-1.780061957596676681e-01,2.319639379429936504e-02
