0.000000000000000000e+00,6.101343693470689944e-01,8.918038279293395432e-01,4.607768212503196015e-01,5.202923540161115135e-01,9.529352942414552885e-01,3.028442676758830165e-01,5.896810666609793028e-01,8.802487584410958465e-01,6.997543364974330160e-01,9.009048044999466986e-01,4.734461844013294618e-01,5.337355648460837543e-01,7.656580732942794842e-01,9.075073166246607759e-01,9.576023038015564204e-01,5.540404113273351694e-01,5.462067152745309073e-01,8.761396125127484114e-01,4.048166518272109937e-01,4.272789273278413957e-01,9.830245265411458044e-01,5.419586950940171732e-01,8.054159027554719241e-01,5.322341628038371741e-01,4.426688755043967083e-01,4.678539997803050632e-01,7.727345578441301432e-01,1.692661579300184516e-01,5.815089950415106568e-01,1.492387985947889462e-01,9.778175824593636489e-02,6.828120700686711730e-01,7.428583132474652073e-01,9.512089158341955342e-01,-1.856788128425217732e-01,3.653301531837468974e-01,7.921362427997449274e-01,7.618225950518008327e-01,8.187564779759429756e-01,7.881922936122019996e-01,7.176151134439809898e-01,5.963435606781559706e-01,8.207324445354402531e-01,6.922178917327825864e-01,6.233177777306173617e-01,5.394123588517871770e-01,7.622982920663299300e-01,9.616137439479844895e-01,9.304389891414130975e-01,7.210561045879083641e-01,9.158397035799512587e-01,8.977614856101054919e-01,6.459185202045123475e-01,8.567873673102146537e-01,6.795604326991073751e-01,9.166160258721811616e-01,7.356617423900881914e-01,9.526116452423110115e-01,5.509425908434375518e-01,4.915938404375530535e-01,4.792123250184212591e-01,4.147580094665023753e-01,6.002533943639095648e-01,6.916084929930199632e-01,2.981825640005949518e-01,5.188938132280622728e-01,3.710190815462996450e-01,5.386607373851728386e-01,6.060276425796263799e-01,5.910428080362960523e-01,6.573034676454635461e-01,-3.926650224537014955e-01,1.431059858255308015e-01,7.433378135770174477e-01,9.637484203387979009e-02,7.806110316602858923e-01,8.866704724201086574e-01,3.832621672197592533e-01,4.679872222628838480e-02,1.188125320291885112e-01,9.595051841070020293e-01,8.784490327307270530e-01,-1.589996564183415173e-01,9.767257234214371531e-01
6.101343693470689944e-01,0.000000000000000000e+00,8.540906573049882322e-01,2.956943903110125782e-01,8.083575676090991591e-01,8.217766887451010138e-01,5.355121914010166906e-01,7.180834505235009768e-01,9.731867961497975283e-01,8.331411647476877347e-02,4.780787800226843354e-01,6.742534767208484547e-01,8.288653467459694557e-02,7.025995351471503447e-01,9.917481372231693459e-01,7.018044377302372627e-01,7.757055168374044074e-01,6.683118284958453614e-01,8.258589367068581710e-01,4.935430039644894684e-01,7.166076893275579174e-01,5.293845858223799050e-01,2.339264871866974516e-01,6.325051740619905827e-01,3.249821333668420631e-01,9.885774386268386671e-01,5.465546490754471520e-01,9.468275686471785413e-01,3.605638624761385858e-01,3.842352234716133186e-01,3.829428695301058672e-01,4.265119550492384448e-01,6.990578542881633606e-01,6.548552603450011889e-01,8.436197272269565506e-01,5.075053637959597852e-01,4.008759021771037268e-01,6.937163795204841499e-01,5.077403234605321058e-01,6.850022580298958941e-01,2.702861564234107505e-01,2.925891021330160879e-01,7.254643939912932549e-01,2.650645391809138829e-01,9.537079001679898971e-01,7.994395472990059037e-01,7.887080863698356925e-01,1.856737343584944355e-01,5.360176982480093777e-01,4.592352318776385389e-01,4.926174335846682517e-01,6.450235181131604989e-01,6.853347559950614398e-01,9.127094882691743072e-01,9.991576315623045268e-01,9.781738651531398654e-01,9.103343055766923708e-01,2.008358948616799089e-01,6.826193107192713994e-01,5.490608291303336053e-01,2.707099678354658034e-01,2.327577037952741346e-01,9.283384686207631908e-01,6.396942892908199507e-01,7.448201541876374732e-01,7.891914660290231254e-01,9.900604666165053747e-01,8.235039160660106994e-01,1.021557213290142790e-01,6.148325412080158925e-01,6.528196344856869171e-01,6.678741042915818937e-01,5.972774570492813684e-01,6.989558369968729146e-02,7.130299215115554201e-01,9.106661184985712643e-01,8.249951564737736387e-01,7.645901511550333707e-01,4.674777620500958353e-01,2.479038663226085237e-01,4.019659758510066294e-01,9.474305078615468112e-01,2.168011030218692237e-01,6.241784195810567981e-01,6.339499987245683643e-01
8.918038279293395432e-01,8.540906573049882322e-01,0.000000000000000000e+00,8.884132801433153315e-01,7.051576184931703795e-01,8.105318573561764994e-01,5.547490698879108395e-01,7.721332038553396782e-01,6.305434740977260422e-01,6.211137742146426444e-01,7.318454918180810065e-01,8.484434432374184931e-01,7.938950723015216759e-01,6.183210557578543431e-01,6.588718081928778281e-01,7.043297708259688150e-01,7.641011683222890261e-01,6.179424921288354522e-01,8.447753567892537507e-01,8.521653699546265504e-01,6.367848951925071388e-01,5.255332677470017089e-01,8.366658843270697865e-01,9.215009135799858697e-01,4.312652456542778734e-01,7.243063479053577502e-01,7.334270740903936492e-01,8.125173519215446172e-01,2.791081740526826782e-01,4.444297693446930819e-01,4.044373419485076115e-01,7.335994381517964014e-01,5.712820116063044296e-01,4.080996587442073942e-01,3.713033573950301203e-01,2.777915655618043989e-01,2.618110981168564333e-01,8.708346136924666192e-01,9.856830948570570738e-01,9.849612830417918685e-01,5.926173684686640852e-01,8.673102885815981988e-01,9.933226080581132322e-01,6.915993784075645801e-01,7.963398231707699004e-01,6.550952948281029142e-01,6.426613722171596876e-01,9.958583548819528453e-01,6.741885499427344719e-01,6.721308642055461302e-01,6.136793599564043244e-01,8.296885327599632376e-01,7.571120023561960233e-01,9.748139646809046432e-01,4.440459841112164296e-01,7.518707001868020212e-01,6.308665588840908223e-01,8.231952238773815322e-01,5.446607056674627190e-01,5.078982102215668926e-01,4.977307210631283230e-01,7.459442411287782182e-01,6.047427842972183942e-01,8.798259332513537201e-01,3.409460977914686719e-01,8.300618474681005221e-01,3.298570412833379817e-01,3.198849926937800126e-01,8.471835390339347294e-01,6.420418574561477243e-01,9.153280273786151833e-01,6.885125343878786275e-01,5.973265265916911648e-01,2.746846141149337367e-02,7.551194890835554174e-01,8.210602184644222312e-01,4.948389143300586102e-01,6.722593993826958547e-01,4.763554535382648336e-02,5.816036210235832060e-01,7.467166562437335120e-01,6.343060573953478443e-01,9.896695380006120812e-01,9.766375168274130658e-01,5.967927273499764595e-01
4.607768212503196015e-01,2.956943903110125782e-01,8.884132801433153315e-01,0.000000000000000000e+00,7.397361008185314724e-01,2.936486784684763096e-01,5.815914212449511123e-01,4.735549398546123889e-01,7.760905129006311354e-01,9.010426325056691832e-01,9.339610495766512699e-01,7.001836412670647825e-01,6.170066476735897032e-01,5.472155409405143889e-01,7.103302450871912255e-01,7.001125691818315122e-01,4.281151893400461095e-01,7.233413947120548304e-01,7.368756238761250410e-01,7.329315369240256839e-01,7.131928350351458556e-01,8.030445464141020562e-01,7.191343875288733756e-01,8.344405212388447124e-01,3.621970582902849789e-01,6.146003648442739387e-01,7.364049795562220835e-01,7.748854543607373024e-01,6.992065863274716797e-01,3.899507118097960134e-01,7.051172868041519770e-01,5.990657412739062160e-01,2.139335340438554556e-01,6.732462591159473764e-01,8.386333734736944878e-01,2.901153294480756650e-01,6.081536251988864938e-01,7.487526647556224102e-01,9.134044363064360850e-01,7.934598965152178662e-01,1.789815673822533204e-01,4.075657389680450438e-01,9.999357290708181800e-01,2.029069065718382969e-01,7.073984888517724778e-01,6.008179154403866518e-01,6.997110466555194197e-01,9.369730770250693785e-01,3.439072711624155954e-01,7.190647427687062443e-01,6.453232539242251820e-01,6.870197302923956029e-01,6.694922368438215310e-01,9.209844819437009722e-01,9.909562954690080971e-01,4.994114577632034480e-01,9.660821632680336446e-01,7.780923467835542118e-01,8.343160263746387528e-01,2.545592951242632296e-01,3.618500218664401635e-01,5.179067110313078093e-01,4.862287676803307424e-01,9.674568679831923035e-01,8.484621347406531289e-01,7.662180785819179274e-01,4.485987150868089302e-01,6.527878484172980889e-01,2.401764599690532354e-01,9.484074005815681385e-01,9.368835893134824788e-01,5.924638086177602680e-01,3.779585769753584512e-01,7.039327739510440329e-01,4.963795813020090986e-01,6.065311488536451190e-01,2.796963763110809076e-01,6.731254935281419938e-01,2.834652652437981146e-01,4.261424322422482369e-01,5.377741125582746751e-01,4.089003962875745191e-01,4.407143859882682313e-01,1.564609625498760426e-01,7.068256491635311889e-01
5.202923540161115135e-01,8.083575676090991591e-01,7.051576184931703795e-01,7.397361008185314724e-01,0.000000000000000000e+00,5.840252414171754891e-01,2.768789341241302826e-01,6.811623152176917717e-01,4.032161605531962012e-01,4.556058676169405519e-01,5.858962370080865734e-01,5.881340642776389238e-01,5.392637815841895277e-01,5.233469904518248672e-01,6.271370147117734106e-01,5.708803161637094892e-01,9.793049638466917450e-01,4.976420368181522780e-01,4.511568689187233083e-01,3.830493719214541626e-01,4.164878035782125787e-01,7.273363020992992256e-01,6.672918976908396305e-01,6.476690094649680818e-01,5.010832727205267734e-01,7.356274419449563284e-01,8.465338558446224848e-01,3.298050703573445208e-01,7.211738820249224968e-01,5.045932897301499409e-01,5.660901191504642549e-01,9.487700806118902763e-01,6.614486984163451266e-01,5.137405646678092630e-01,2.987075326212731419e-01,2.460562441452247562e-01,1.252154478214767275e-01,2.444616038722216209e-02,8.619806497586179894e-01,6.169118312016025341e-01,1.059438220077867365e-01,6.124834786392940877e-01,9.746787535273145897e-01,7.262596157248669693e-01,4.781185611949040348e-01,6.894654572975957851e-01,7.308887506291704694e-01,7.946776828321284736e-01,6.988491492442305830e-01,7.527158842913829195e-01,5.967271847554784792e-01,7.224973303952040293e-01,1.566804192264253937e-01,7.528024082694864116e-01,9.182721080894039600e-01,2.681607332766591800e-01,7.826290323427649298e-01,1.225811200700726716e-01,8.815635224416830118e-01,3.919455770883136791e-01,7.187059228053851445e-01,4.310394542580954225e-01,7.433455959958208403e-01,7.195728703531396597e-01,4.409531432108711457e-01,6.286694210439829344e-01,4.318513279121157233e-01,9.948337600388847957e-01,9.243561321438631406e-01,7.968427157355790769e-01,9.119973863045091056e-01,4.965272335764573941e-01,5.851334974932498323e-01,3.870874737713959068e-01,4.471484221609944854e-02,2.919696365741432653e-01,1.265008359630088175e-01,-7.568873356095952298e-02,1.831962952877002337e-01,3.425603830941891248e-01,4.276207455437946447e-01,6.690951639672236828e-01,7.495229552832457509e-01,2.051237978516904370e-01,5.018643994668023911e-01
9.529352942414552885e-01,8.217766887451010138e-01,8.105318573561764994e-01,2.936486784684763096e-01,5.840252414171754891e-01,0.000000000000000000e+00,7.070349862414183617e-01,6.983750752276098872e-01,7.743124960746947671e-01,4.037203495228667283e-01,7.124408814626499442e-01,6.566788094058387815e-01,3.058904717903795367e-01,9.587009185070510808e-01,5.256308699299689913e-01,2.053498544906212364e-01,4.958500938365192900e-01,6.920413891197996215e-01,6.813233470592684471e-01,7.399699561563892747e-01,3.449677406822228010e-01,6.140703480501983336e-01,6.170414376865599460e-01,7.545655220431735088e-01,7.007199889916035929e-01,6.732368110044961718e-01,5.019385782110856731e-01,2.664330442867859916e-01,6.226140826805547368e-01,5.998189052264984999e-01,1.177950976108920050e-01,2.042644577811076334e-01,5.183553240961918940e-01,8.996602537881863704e-01,4.568016115418338519e-02,4.941267441041264918e-01,4.259840617884194658e-02,5.832138633302336173e-01,9.043086052121404039e-01,6.291444874658906894e-01,4.965906111550080770e-01,4.622814473409827540e-01,5.244257265000769053e-01,4.264739738446625128e-01,9.355792649506436964e-01,3.595229263414008170e-01,4.390795153404930540e-01,2.911679868523435744e-01,2.709185528308447055e-01,7.015761429911606673e-01,2.559478085294215610e-01,9.108465835346151174e-01,8.353356837005376789e-01,7.679064550835718039e-01,8.311300733895224946e-01,6.493091092268769016e-01,3.876615816212023446e-01,7.189701995477397745e-01,7.737087538783076202e-01,3.791830972330459404e-01,6.450027493374520526e-01,5.743445263829313197e-01,7.533268041306424578e-01,7.630244437487012643e-01,5.121716752946779971e-01,6.177793796620729694e-01,7.430325019459169678e-01,8.410080013560594647e-01,5.612651489731229626e-01,6.929825364384866182e-01,6.936712463814659335e-01,4.862510952489300653e-01,2.375337363439422589e-02,4.541633528546929477e-01,7.647210281990820535e-01,5.011284484136666606e-01,4.084393318591751365e-01,3.810573315280355589e-01,3.993723115706829252e-01,6.767308639285403160e-01,7.479387004343324152e-01,1.256970891403580981e-01,4.321303198727993733e-01,7.645915775078426790e-01,2.797282989073846537e-01
3.028442676758830165e-01,5.355121914010166906e-01,5.547490698879108395e-01,5.815914212449511123e-01,2.768789341241302826e-01,7.070349862414183617e-01,0.000000000000000000e+00,7.375465528309546048e-01,4.028697815381454550e-01,7.538280331399340728e-01,4.791756926146328310e-01,2.627926061926975088e-01,4.709745311103118448e-01,5.638756445793575711e-01,4.092186160489005853e-01,3.331351183103303804e-01,6.079230150627505935e-01,4.397354298458336919e-01,6.005963039049836416e-01,6.127512502445321418e-01,6.051149221025314828e-01,6.947136508165147051e-01,9.073713254936409400e-02,5.285650104961171492e-01,4.038106539253301652e-01,5.209437768267940472e-01,6.740737224536892391e-01,3.013536280181168259e-01,5.811613327048017474e-01,5.624156207239849881e-01,-1.645112103042686846e-02,5.701215620111003135e-01,6.250230676977911459e-01,7.663761960921483540e-01,7.657563816098554854e-01,6.927999710220678065e-01,4.068505561644550350e-01,4.539116988086224214e-01,6.621978322468927702e-01,5.590807102592888489e-01,7.112378769753142649e-01,2.961374394056287551e-01,4.020055630203149266e-01,3.821187110922403818e-01,7.022104247968694590e-01,5.694701704424409705e-01,2.349574135112659223e-01,6.877717207035848324e-01,7.836490894012795305e-01,7.740929512849969996e-01,4.508167308582542443e-01,3.536074657566425916e-01,7.371073187845987862e-01,7.751459109445701934e-01,8.143067275849020792e-01,4.754802282359904542e-01,1.020611175939780714e-02,7.748847399659719581e-01,5.348031741662394589e-01,7.146271477465853117e-01,2.559131848888140381e-01,5.919110372077788229e-01,5.282608198666327581e-01,7.008807716105128760e-01,7.158333720466001360e-01,7.332242906208474853e-01,5.306781379930152198e-01,3.221007918485215837e-01,5.597806064255697045e-01,6.476497810341751427e-01,7.085747364995450548e-01,3.021674429886406221e-01,9.054238067177950988e-01,1.602221849371106288e-01,2.234813854967374891e-01,3.998202912422837985e-01,2.724020174090461266e-01,7.700987120140229125e-01,5.718242031270818204e-01,3.048884096972747093e-01,4.187484651341589759e-01,7.796185445665021474e-01,5.364830352050175000e-01,3.250984427816295819e-01,-1.347264038571560629e-02
5.896810666609793028e-01,7.180834505235009768e-01,7.721332038553396782e-01,4.735549398546123889e-01,6.811623152176917717e-01,6.983750752276098872e-01,7.375465528309546048e-01,0.000000000000000000e+00,4.144445870907422780e-01,7.339701367791305886e-01,4.900689186182280443e-01,6.862106893794143181e-01,3.164481490883851444e-01,7.906813526022784533e-01,7.900346871008474547e-01,2.595084573993216570e-01,6.893635639656388037e-01,2.440512230478525946e-01,9.021511989364192630e-01,6.508708744311513250e-01,8.799417432179100773e-01,5.299328554668754077e-01,2.701158742491977516e-01,9.548374211000522083e-01,4.618738927833088148e-01,8.064343136973940451e-01,4.738630844804684328e-01,7.776608345470977790e-01,1.586356601479426975e-01,3.105440690648468838e-01,2.741224397472071805e-01,6.030060435191109125e-01,4.319973528467014878e-01,7.977931733795277092e-01,4.591829147250115484e-01,6.694095075857418031e-01,1.702131017216888809e-01,7.135057519439761409e-01,8.178395458935784346e-01,6.475954092153958230e-01,5.342706179962479762e-01,4.385046683345800167e-01,2.457735593139508956e-01,4.331215751519565949e-01,7.806496733134803412e-01,5.002103298892263128e-01,7.817231146691049348e-01,7.026747903870531609e-01,9.786767513840949340e-01,6.383779811864349618e-01,6.239513194247456873e-01,3.163291089325583894e-01,7.417662153355563115e-01,2.108840216306462900e-01,5.648455423081311100e-01,4.185196066506478574e-01,1.972026371276305312e-01,4.821535393630344002e-01,9.745005137257142236e-01,4.363217898033073250e-01,4.608847844061982890e-01,6.555447610661366831e-01,4.681343302655814886e-01,9.164414903771052057e-01,9.052767764614292334e-01,4.762521145650953219e-02,5.446008323348832114e-01,9.799897781942965569e-01,7.194763920388266287e-01,4.367439558821513412e-02,6.304618083311779309e-01,4.799653618465153926e-01,6.334573734768030873e-01,3.757469151318578726e-01,6.643934796940804688e-01,7.051318985059085165e-01,5.165689716606962634e-01,3.031154021583078451e-01,6.078797073216679614e-01,1.157127700862282532e-01,5.184034845649256873e-01,3.395637505799173894e-01,4.917608916771953331e-01,3.408224033698058486e-01,6.066045639882819973e-01
8.802487584410958465e-01,9.731867961497975283e-01,6.305434740977260422e-01,7.760905129006311354e-01,4.032161605531962012e-01,7.743124960746947671e-01,4.028697815381454550e-01,4.144445870907422780e-01,0.000000000000000000e+00,9.780723220533857898e-01,2.830652848685894507e-01,4.690953498194249116e-01,7.916675755766027223e-01,4.318142781569029864e-01,7.966354983152186264e-01,7.241303707916457721e-01,6.914422049612571897e-01,6.931755283518038491e-01,4.988186503880544520e-01,3.511247676218716141e-01,9.365259328104968972e-01,5.686354059344599365e-01,4.257333110353197503e-01,7.573920559402393948e-01,3.695611119898290498e-01,4.145538674981963934e-01,6.144640936352215865e-01,2.613433581108788317e-01,2.628352540621397004e-01,4.199390727179433402e-01,1.604420595056637588e-01,4.900713331334333733e-01,7.061552434398721441e-03,7.591216832097300582e-01,2.399606042303203679e-01,4.132662963112339605e-01,4.620751230429837042e-01,5.643554448372045673e-01,7.589752041383184267e-01,2.145471733709697904e-01,2.951605109043317632e-01,4.392014154594419684e-01,4.504671666956174825e-01,7.469570072183346898e-01,9.263226187735064121e-01,7.454192723544290633e-01,2.046019556132608608e-01,5.844896200241713746e-01,3.875552222492772980e-01,5.141548522614013406e-01,2.446965775802071863e-01,6.072762970903143875e-01,4.781675915694254542e-01,4.100827378898003750e-01,9.488728692770945772e-01,6.489272327644635130e-01,6.843457411398852219e-01,7.823531421185696555e-01,6.280103963241773224e-01,2.759106079292049651e-01,4.598860176867062277e-01,6.451509442022559382e-01,5.627204358511648241e-01,5.685668314257390499e-01,8.555891817938112709e-01,4.091224116520104093e-01,6.256187848889097625e-01,8.362352956916256908e-01,4.201882851516492989e-01,5.331345489511433167e-01,9.352281164033479088e-01,5.967541353922019010e-01,7.115642141904936491e-01,4.125626210238043101e-01,5.730893942890591397e-01,7.551817717573444666e-01,4.017153062704650890e-01,2.194386229019585355e-01,1.020013915089530016e-01,4.507282284775043224e-01,3.518344802454077547e-01,6.776417401640425497e-01,7.791353007994350488e-01,4.472882494743539716e-01,4.095461165751590471e-01
6.997543364974330160e-01,8.331411647476877347e-02,6.211137742146426444e-01,9.010426325056691832e-01,4.556058676169405519e-01,4.037203495228667283e-01,7.538280331399340728e-01,7.339701367791305886e-01,9.780723220533857898e-01,0.000000000000000000e+00,2.533004116878209699e-01,7.497990136417339579e-01,7.939127809749719766e-01,6.603440549547595628e-01,3.195390610383480046e-01,6.558479670016769125e-01,7.448730996399568483e-01,5.453379526975199454e-01,5.021562644461906588e-01,5.651613834163534689e-01,5.046329697332420094e-01,4.779036419607241570e-01,4.252987751025624208e-01,7.595396716444249297e-01,6.264930801824615536e-02,7.394952201243822909e-01,5.069051372140785938e-01,2.194858453766858897e-01,5.196502330178713880e-01,3.810768377578666044e-01,4.418414132092556845e-01,3.999012571592927001e-01,1.724422691188843837e-01,8.540188908680989011e-01,7.612782892395821843e-01,5.737737408547045614e-01,3.264931262289646474e-01,8.398835016913951401e-01,9.217808660980454372e-01,4.888887553993715995e-01,7.607946203885060932e-01,3.120790742024298625e-01,4.411777489251041962e-01,6.710692772195807621e-01,8.562494455988478581e-01,6.243305414968634004e-01,7.140896795299294109e-01,6.736262672410193719e-01,7.202343975863874093e-01,5.422483414987032679e-01,7.269268834154918313e-01,6.192786933478070521e-01,4.520455207938804953e-01,1.124551271067107394e-01,4.964382131970407896e-01,6.811824370706623943e-01,3.588919105259310571e-01,5.846632757585010776e-01,5.942227100116311833e-01,2.108270788338869328e-01,1.707538151752534608e-02,5.034449128104544480e-01,7.446815149707380899e-01,7.714852581480560190e-01,7.101384781193424978e-01,3.738584362271393791e-01,7.963545189037948280e-01,2.312281217753309748e-01,4.684280287278057564e-01,5.829123517278260724e-01,7.460349928029766930e-01,4.264317396845045960e-01,4.918161234571030160e-01,-9.427959674506844467e-02,6.897024890119483054e-01,6.458689850842650459e-01,4.837604392115443241e-01,3.429961692632539916e-01,1.423608531772028729e-01,4.668916991105792613e-01,7.231578911451546077e-01,2.908601299081424174e-01,6.244792310922244738e-01,3.463226832827077661e-01,9.507070283262825106e-01
9.009048044999466986e-01,4.780787800226843354e-01,7.318454918180810065e-01,9.339610495766512699e-01,5.858962370080865734e-01,7.124408814626499442e-01,4.791756926146328310e-01,4.900689186182280443e-01,2.830652848685894507e-01,2.533004116878209699e-01,0.000000000000000000e+00,9.940512058759379821e-01,5.330665241453866887e-01,7.090828508987282452e-01,-1.873909545949294375e-01,8.097079690231636651e-01,7.599826676189496144e-01,2.630756340451615993e-01,7.649152635404761202e-01,6.988281220543881567e-01,7.935933644116415220e-01,3.399740427698576539e-01,5.856887560293355666e-01,7.662664874530181747e-01,7.649594893288682584e-01,9.821462903406964484e-01,3.715642511029229045e-01,6.782596095917751144e-01,4.255908450362264062e-01,1.152086921683673770e-01,1.086070957178913859e-01,1.182110017969637689e-02,9.913854158470754019e-01,5.999602827004941741e-01,5.565757967162248132e-01,7.788777288027614043e-01,4.634465114126330998e-01,6.665952996454258539e-01,9.939863658540454283e-01,4.934512386698904074e-02,3.046587845346237500e-01,4.851279896034442762e-01,4.182783189239431265e-01,3.547386694444181754e-01,9.828452575532427016e-01,5.530502263488500381e-01,3.817802294033727506e-01,7.602301859211582080e-01,7.358785288798990187e-01,3.859967885962285461e-01,5.584650139869062890e-01,7.321473025692242231e-01,7.386922637810490189e-01,6.857562634299376736e-01,9.956611866327211846e-01,4.934409457847852010e-01,7.018258259323174597e-01,5.576548340165703443e-01,9.553888300851083315e-01,9.672179189175196257e-01,5.074015550526965734e-01,4.240614819019195014e-01,9.151527177264764390e-01,7.603491092485568925e-02,6.895736733867906532e-01,1.678218230440856329e-01,8.098440813369778279e-01,8.213329744423557566e-01,4.040498068102207907e-01,7.843878694571502219e-01,7.898809819123792098e-01,5.618686477100376386e-01,7.614724154134288048e-01,1.301960710546082589e-01,7.089812813800235869e-01,8.205071641803468596e-01,6.731540051163599214e-01,-1.106673526864338786e-01,4.608965533488962318e-01,5.185237436978865078e-02,9.776223874168834538e-01,7.775986860036707693e-01,7.140791551835152795e-01,6.971032442503415361e-01,9.536401439657360424e-01
4.734461844013294618e-01,6.742534767208484547e-01,8.484434432374184931e-01,7.001836412670647825e-01,5.881340642776389238e-01,6.566788094058387815e-01,2.627926061926975088e-01,6.862106893794143181e-01,4.690953498194249116e-01,7.497990136417339579e-01,9.940512058759379821e-01,0.000000000000000000e+00,4.252370870227899502e-01,2.069672054609076606e-01,5.836854299566028859e-01,3.619931242273337624e-01,8.181263483709975137e-01,4.959040826995515516e-01,9.082556623445215971e-01,4.944747705375052704e-01,9.374911109100130258e-01,5.214414181611238819e-01,8.587200956566414245e-01,6.103466078460821898e-01,6.097694123046795145e-01,9.450119659798877914e-01,9.350039455560369417e-01,6.965618958276936779e-01,4.067513740835050906e-01,2.485476428193669415e-02,3.577901675250220181e-01,4.713658736953820760e-01,7.554427834951935594e-01,7.167118499552815880e-01,6.736290019511286253e-01,6.487128440908399019e-02,2.003154991968089660e-01,6.392137574074059359e-01,5.343892480230523212e-01,8.971155235569945319e-01,2.582120179279079331e-01,7.696858982237416713e-01,8.465380056731135472e-01,-6.908888885039515815e-02,8.320178122264350051e-01,6.519511352185642927e-01,2.238405299938067139e-01,5.212777731902170641e-01,7.361880764172886726e-01,2.805552022482326047e-01,3.143971095274704086e-01,9.889105168170029270e-01,2.759721137709947314e-01,2.821640924087081004e-01,8.361130753114627279e-01,8.429642749804434620e-01,9.589146097586870310e-01,-1.425573178270597707e-02,4.884312740345518877e-01,7.723085072100543957e-01,4.936358653776945493e-01,5.706298326034623392e-01,6.921462003538944030e-01,7.046940104484078482e-01,4.729042173806684568e-01,4.204588512325060368e-01,7.455998320800112378e-01,5.494962067535013039e-01,6.557573330216811547e-01,2.634642468751465794e-01,9.128356512293934744e-01,6.306582663152288104e-01,3.610185963848460133e-01,4.133500558729478191e-01,6.044192419912928216e-01,7.762085468545087963e-01,4.975251618278592747e-01,7.437337813061760672e-01,2.120556831589944236e-01,3.887432390582813424e-01,4.718678720649512881e-01,5.047496661586617916e-01,9.583919354179788463e-01,5.809852438737084235e-01,3.960728289411759029e-01
5.337355648460837543e-01,8.288653467459694557e-02,7.938950723015216759e-01,6.170066476735897032e-01,5.392637815841895277e-01,3.058904717903795367e-01,4.709745311103118448e-01,3.164481490883851444e-01,7.916675755766027223e-01,7.939127809749719766e-01,5.330665241453866887e-01,4.252370870227899502e-01,0.000000000000000000e+00,7.690341998040219895e-01,8.385198700122298288e-01,2.316011532287267360e-01,7.463189957347224901e-01,9.058130655612245397e-01,7.108336066153615462e-01,9.314231592605523025e-01,8.013062554721941400e-01,8.142880793927956828e-01,7.929118880421214266e-01,7.286942765355438612e-01,5.338429689150485657e-01,6.186994720830265582e-01,2.664498162635357548e-01,6.261867117789167159e-01,5.127849331939372535e-01,5.894633627374883389e-01,3.082961910067262834e-01,4.252063465683653676e-01,9.686005434147628712e-01,6.492947048279860134e-01,4.091680673750359709e-01,5.190874691047719924e-01,4.949543051880974653e-01,4.404184750064032983e-01,4.219981236528398405e-01,4.626594517839843768e-01,2.976706100076114136e-01,8.852869919955442812e-01,9.457807373003908058e-01,5.515642491342942488e-01,9.542493589268407073e-01,8.415266473748372889e-01,7.629368717790140364e-01,4.352425581404687494e-01,5.971589468730453820e-01,6.916143294558554366e-01,8.418670235765909338e-01,6.687007366704356137e-01,7.844993630455389111e-01,5.899873023161875674e-01,6.749880610009140192e-01,2.205530330753333323e-01,9.203417856744615655e-01,4.726776685916628806e-01,9.200372966230615512e-01,1.409463424416555061e-02,2.216037809696775052e-01,4.841595333547594748e-01,7.180515386020878132e-01,9.461918933785552488e-01,6.255295100487094917e-01,3.388370546309029674e-01,7.108992742400656040e-01,6.079606656455632807e-01,4.746158929950839989e-01,6.373958944565234486e-01,8.931419906886373106e-01,4.097679255541564758e-01,2.070386809476459644e-01,2.658272145695990685e-01,5.098612254416652334e-01,8.831613985946465961e-01,9.821154016300939205e-01,6.544410334978112420e-01,3.216643613484773123e-01,3.600274016757737949e-01,4.914493691976247192e-01,8.446940548064785226e-01,5.365800139949916669e-01,5.070523296216306042e-01,6.883521004075611183e-01
7.656580732942794842e-01,7.025995351471503447e-01,6.183210557578543431e-01,5.472155409405143889e-01,5.233469904518248672e-01,9.587009185070510808e-01,5.638756445793575711e-01,7.906813526022784533e-01,4.318142781569029864e-01,6.603440549547595628e-01,7.090828508987282452e-01,2.069672054609076606e-01,7.690341998040219895e-01,0.000000000000000000e+00,6.975180277464381184e-01,5.101915412748899703e-01,9.865482241232332861e-01,9.229239071290847862e-01,3.666011301635075936e-01,7.448307610122232303e-01,7.181289756327274842e-01,5.614240118453135420e-01,6.914825202069707633e-01,8.656810994749053467e-01,4.566142617095889089e-01,1.334020127546873824e-01,8.002592932361862754e-01,8.223750244212862937e-01,7.583799639533280734e-01,3.836901214913787106e-01,6.632049496348857431e-01,5.894091517733238694e-01,5.876700471499326506e-01,4.445550051822156346e-01,6.767298454351760029e-01,5.588919224161381649e-01,-9.413044263023777336e-02,6.254289323120362232e-01,5.139973154999996074e-01,5.428677111224959884e-01,2.760285758264849343e-01,9.540192689930082626e-01,3.676692486483624789e-01,8.114495935349410605e-01,8.232789842412435721e-01,4.579314575930069631e-01,8.594327485005597289e-01,7.442041458434365264e-01,7.192506889729800568e-01,2.051475484880018463e-01,7.525138995206188675e-01,9.375393679509321787e-01,6.809248028503237515e-01,6.394477604214723332e-01,4.110827630155879375e-01,7.865059967365526372e-01,4.537638523564497817e-01,7.615101405404757218e-01,6.638498234956476951e-01,1.595074224275538077e-01,7.460153127449307142e-01,8.606925876776202466e-01,5.209610252684784282e-01,9.559489543036654435e-01,9.657754005985665913e-01,7.626092754242088656e-01,6.797012958527536286e-01,7.677658866039229757e-01,5.503978459910923160e-01,4.366704012472615859e-01,4.238402852384762776e-01,9.172476314489864668e-01,4.712048249831034541e-01,2.429764697093602654e-01,4.665886778438185223e-01,6.148129029810928126e-01,7.086749722351000091e-01,6.695062467679662177e-01,3.600990276996371975e-01,6.059767924907712988e-01,4.127240264527983760e-01,9.973576194580021648e-01,4.251958891856292277e-01,3.366567427919036071e-01,7.123324336732229645e-01
9.075073166246607759e-01,9.917481372231693459e-01,6.588718081928778281e-01,7.103302450871912255e-01,6.271370147117734106e-01,5.256308699299689913e-01,4.092186160489005853e-01,7.900346871008474547e-01,7.966354983152186264e-01,3.195390610383480046e-01,-1.873909545949294375e-01,5.836854299566028859e-01,8.385198700122298288e-01,6.975180277464381184e-01,0.000000000000000000e+00,6.997055267993028682e-01,9.196800237898015151e-01,6.119219575480144835e-01,6.288862848774405823e-01,9.209737131457370607e-01,9.758824032039561391e-01,5.000555609643740906e-01,5.356269632476199360e-01,5.323921219165040908e-01,7.128680036713881396e-01,3.883411884276390946e-01,7.292141372592501058e-01,8.185483117877218051e-01,4.440098934827392818e-01,2.752102417722067096e-01,-8.172925619884507942e-02,4.106261897118826387e-01,3.648554565508630443e-01,6.274278638623504989e-01,6.484263243815724387e-01,2.749195716370776976e-01,1.908634495614252025e-01,6.095541810127080851e-01,6.344111038637110234e-01,9.181219556730828568e-01,5.599268396942964632e-01,4.150220760795498287e-01,6.302074314581038728e-01,6.699357735672668568e-01,9.573680685711735139e-01,6.846147140035881984e-01,4.997496001275359978e-01,4.577302481599784256e-01,2.397908192101167735e-01,2.009614005789723545e-01,4.642716308505383527e-01,4.340739965403467293e-01,9.170043157264605727e-01,4.373008473644285354e-01,7.403067406533780925e-01,7.038309290489306314e-01,4.924475380660880419e-01,1.422758367726325301e-01,5.683028429381790092e-01,6.619816477944018285e-02,6.928473211642643959e-01,5.575161061744474678e-01,6.558584570760641608e-01,6.609422624952228098e-01,9.593361745848923983e-01,8.685068435772260731e-01,4.009624946266049372e-01,3.030210360602871855e-01,7.082322976922489355e-01,7.617677432773969359e-01,8.670853821091070168e-01,6.489021560653617238e-01,4.969784580004446006e-01,6.050216896448779025e-01,3.058573778312711489e-01,3.394761246899514751e-01,7.867152186554339233e-01,5.320570328362058676e-01,1.517729818356825244e-01,5.519735934302507641e-01,8.842470357121746671e-01,6.741409296843822174e-01,5.423803690162229962e-01,6.596076094207128926e-02,1.155073839363413013e-01
9.576023038015564204e-01,7.018044377302372627e-01,7.043297708259688150e-01,7.001125691818315122e-01,5.708803161637094892e-01,2.053498544906212364e-01,3.331351183103303804e-01,2.595084573993216570e-01,7.241303707916457721e-01,6.558479670016769125e-01,8.097079690231636651e-01,3.619931242273337624e-01,2.316011532287267360e-01,5.101915412748899703e-01,6.997055267993028682e-01,0.000000000000000000e+00,8.301181683003174827e-01,3.922436570615590590e-01,6.304290058631263349e-01,7.147653730228439306e-01,6.054295235686926180e-01,7.619364819531820876e-01,3.593942505120250042e-01,6.152957926310945735e-01,2.776868466636424337e-02,4.660254127231324706e-01,9.549525722698852803e-01,2.597052166435226961e-01,5.510062999512124193e-01,5.171877393258387245e-01,2.615456680548581825e-01,7.723697400246428701e-01,5.475858634470093245e-01,6.413789059240269097e-01,1.375100582945933403e-01,1.972656022581591451e-01,2.692641199160566434e-01,8.575475750630509042e-01,9.280261735797239453e-01,9.474077314215366696e-01,7.453383888050041373e-01,4.089853831096860737e-01,7.757017579987590672e-01,6.737330144266622245e-01,7.072124770747740818e-01,5.762921479980601669e-01,5.143318334009434889e-02,-4.483313994692069704e-01,7.019883270884997861e-01,6.857912936102221746e-01,4.259101420304987617e-01,4.515519328593382009e-01,3.590023374044656324e-01,9.554450654382274921e-01,6.014523681132047939e-01,2.983243256473825378e-01,8.667281465127144591e-01,9.279744905149492906e-01,5.697206660564776426e-01,3.197025235155095402e-01,5.531965527797844118e-01,7.165391266754262967e-01,6.322999884141222715e-01,7.903881592556413205e-01,6.825898106365736462e-01,8.700326729936658232e-01,7.311277834002157805e-01,6.612519840848429808e-01,2.926715309599302595e-01,8.942937669223368635e-01,7.762111975310753698e-01,4.822189423053870883e-01,7.296415649646386115e-01,5.552938496491031106e-01,4.577160335685770964e-01,2.377814186618222303e-01,4.516657632792246413e-01,2.890127753808205413e-01,4.117553628496102847e-01,5.697114638413126597e-01,4.304490708823021095e-01,6.034930097543794725e-01,6.137301567583917095e-01,2.518107995531765342e-01,-1.803106051258633047e-01
5.540404113273351694e-01,7.757055168374044074e-01,7.641011683222890261e-01,4.281151893400461095e-01,9.793049638466917450e-01,4.958500938365192900e-01,6.079230150627505935e-01,6.893635639656388037e-01,6.914422049612571897e-01,7.448730996399568483e-01,7.599826676189496144e-01,8.181263483709975137e-01,7.463189957347224901e-01,9.865482241232332861e-01,9.196800237898015151e-01,8.301181683003174827e-01,0.000000000000000000e+00,6.216894908163377309e-01,5.151219849181030153e-01,8.780686252437128747e-01,5.690633283706292289e-01,7.508122330197487537e-01,4.089091505676138993e-01,7.105544590952539430e-01,7.530685666069696360e-01,8.719763262235427081e-01,5.912381639327383143e-01,7.339645167054640318e-01,3.218180659004982180e-01,5.791968205939208580e-01,5.357261041414780323e-01,9.881266720512242863e-01,8.091749348166965561e-01,5.794594726886375113e-01,6.073686660157586736e-01,4.294036166078506467e-01,3.995146045104580601e-01,8.496614652611144125e-01,7.938382626979250123e-01,6.128597155059815060e-01,2.553890978458386307e-01,9.754934953025223843e-01,4.108230562299826083e-01,4.197259701938484966e-01,5.431299711412580500e-01,8.831278109527519460e-01,5.136625020882882309e-01,4.066477130162506337e-01,5.571788106593753565e-01,4.533566823991629913e-01,9.903809015875866262e-01,7.125903770938398774e-01,6.504440258908947836e-01,4.886142184293105206e-01,7.754501048617101766e-01,1.619132045340841708e-01,4.507626836929669589e-01,6.381329759378824296e-01,6.384743969483323012e-01,2.965242840743447239e-01,2.296432035995354115e-01,4.148545271627457898e-01,4.221428775817794854e-01,3.312665373853000417e-01,9.192588102957474083e-01,6.392858688103045806e-01,7.736481903729535148e-01,9.656112323310686030e-01,4.270313393695553406e-01,5.459488343953171618e-01,9.499950799224271547e-02,7.133168747814098154e-01,6.036827994021534138e-01,3.874634548727965422e-01,8.745673152022070962e-01,5.103744446115136002e-01,8.913140716547013342e-01,8.059018828574916471e-01,-6.876909726259455846e-02,2.200604025157325006e-01,7.787254115811991229e-01,8.520703941239133883e-01,4.941359772906187553e-01,5.324327707310692048e-01,9.058737910393888093e-01
5.462067152745309073e-01,6.683118284958453614e-01,6.179424921288354522e-01,7.233413947120548304e-01,4.976420368181522780e-01,6.920413891197996215e-01,4.397354298458336919e-01,2.440512230478525946e-01,6.931755283518038491e-01,5.453379526975199454e-01,2.630756340451615993e-01,4.959040826995515516e-01,9.058130655612245397e-01,9.229239071290847862e-01,6.119219575480144835e-01,3.922436570615590590e-01,6.216894908163377309e-01,0.000000000000000000e+00,2.966136842208950131e-01,9.931559133434559872e-01,4.777087842162034970e-01,5.636611463268834665e-01,2.780146101953966387e-01,7.651718087656619316e-01,7.942663410463823848e-01,3.473904996176881976e-01,5.988115754821756731e-01,7.972144366066182819e-01,4.729778970456435250e-01,5.322221969756629756e-01,1.693450776879989739e-01,5.380539088517235502e-01,4.570618936697832813e-01,9.446944015860880839e-01,9.763044506449977122e-01,6.494227020154949015e-01,3.193145840735615582e-01,9.378959221464909790e-01,4.977622783563865339e-01,8.200137053116476338e-01,3.893383677335876536e-01,8.252388827458883025e-01,7.734509577381922796e-01,3.024635012759410713e-01,6.239063695750836080e-01,8.597957813027660157e-01,5.466124787373413119e-01,6.900754371304932411e-01,2.922256569739440923e-01,4.227511033914351790e-01,3.104103480488832334e-01,5.670226524962229675e-01,5.351257866837498822e-01,5.233730643923395487e-01,7.216994411778924201e-01,7.126669649651224958e-01,2.808767987329348625e-01,4.567197276018128416e-01,9.088674454602930775e-01,3.465777752868171024e-01,3.570563225029005361e-01,4.808914283927763766e-01,6.657195525009951265e-01,9.043752019238674444e-01,6.151974185640570747e-01,9.010455380017143856e-01,4.872467989887661055e-01,9.046490177954212841e-01,-2.967766186070490697e-01,4.839251004411261325e-01,4.467340635641233182e-01,7.091632480867511301e-01,4.421206218731328907e-01,3.445231992754669292e-01,2.289553258685063375e-01,4.737799189795532384e-01,7.820894997774022750e-01,2.423364196854615182e-01,6.186235727738270684e-01,5.876828883560598626e-01,2.371535387812043205e-01,6.034779216705806748e-01,6.151618158327896158e-01,4.075572881250825730e-01,7.786006596719144968e-01
