0.000000000000000000e+00,7.113688880491909616e-01,9.665852051498247111e-01,9.037454747889407392e-01,3.043763481548241168e-01,6.405547021570459076e-01,6.349509460398826688e-01,8.582964360705097606e-01,8.033449062810883445e-01,8.575332506532546972e-01,9.668223284363606229e-01,1.022076334275690002e-02,9.675114289776703957e-01,4.911462000878042411e-01,4.009806472236371322e-01,6.804142840711380202e-01,7.520869533475200708e-01,6.174975948529543013e-01,3.050525430559992146e-01,8.675205069451839002e-01,2.293205389883372913e-01,6.330771822227112544e-01,5.229292983284623553e-01,7.062183417889020820e-01,7.715940005222872156e-01,6.207882111442267759e-01,5.299999469621319292e-01,8.527244239626179390e-01,5.829623884586052629e-01,7.672448721944518102e-01,1.361851503227431461e-02,9.454551882676505148e-01,7.862881124837716174e-01,6.461715620620114287e-01,6.221462124837858765e-01,4.174374754212066829e-01,5.019080183807788087e-01,8.806942917771971580e-01,5.403854963099099518e-01,8.752673064173435158e-01,4.491807826399570325e-01,7.713322036588652342e-01,4.615913683369869958e-01,2.749476801884250254e-01,9.675363820672671089e-01,7.055220484979840556e-01,7.521541553512965939e-01,7.391185932671238135e-01,4.255430656969113601e-01,9.251338489672803478e-01,6.217226797077334277e-01,6.198652800869919322e-01,3.399710051586591342e-01,7.667832595616570490e-01,6.550384158830654391e-01,7.761168132398046371e-01,6.928651947066643002e-01,6.952394335944072079e-01,8.213638271945512548e-01,5.444246824317411360e-01,3.122683186955565460e-01,7.575141506847766770e-01,6.933049383750080619e-01,7.017967361657183600e-01,9.855719050850380025e-01,4.777084057004672979e-01,9.659837878384071042e-01,6.065842060046712225e-01,6.727698721725420272e-01,7.593849907860563686e-01,5.480103627787834553e-01,8.413197118183917134e-01,1.064614984168048561e-01,2.028712620026570934e-01,7.171070630459606132e-01,5.125672290095840689e-01,9.945029828251346071e-01,6.929364009011067527e-01,5.697395585768628701e-01,5.367273593972348156e-01,6.027486048956346432e-01,8.152881203742847749e-01,8.967723601035640923e-01,8.869354193267567910e-01,6.808107958337931143e-01
7.113688880491909616e-01,0.000000000000000000e+00,7.911914079611677419e-02,4.902699623192021683e-01,6.734904748372539940e-01,9.135218815052555952e-01,7.564663870623349329e-01,2.989756919473524621e-01,1.072397862879184149e-01,7.233800038478801486e-01,5.726786673747346068e-01,4.947159858440483560e-01,7.895668821784145308e-01,6.835333627059696493e-01,7.702256240396014864e-01,6.319352516228837757e-01,4.646458498613921795e-01,6.521674867931838149e-01,4.417911046100894135e-01,9.565735911422152959e-01,4.420017222604519236e-01,7.491825823590800848e-01,3.161028500719273437e-01,8.506129208967376787e-01,5.403880267472804810e-01,5.153269646678850791e-01,7.417101623253415932e-01,7.218935395089682849e-01,1.101525619399555400e-01,6.805649414329490998e-01,4.168447939002534186e-01,2.182238123480478298e-01,8.603981223845464932e-01,9.712837834768359713e-01,4.786774282062595809e-01,8.246338448321531567e-02,7.874379034411648215e-01,6.024175259339362709e-01,8.393276631780961505e-01,6.272125635667077370e-01,6.293392375712180131e-01,8.628395777158677227e-01,8.898377931757626147e-01,9.362516245138382542e-01,4.960784876966788937e-01,7.251682867309751090e-01,5.031267772794864035e-01,4.841551344792847655e-01,4.818390767345285819e-01,7.553738949096716615e-01,4.915608048686208598e-01,2.310791090674897963e-01,9.877679071403198119e-01,6.022984528295498574e-01,6.909934662937773364e-01,8.563230242297395489e-02,4.252842991272954842e-01,7.986169494430829241e-01,6.646208334220233827e-01,5.569139898038528713e-01,2.743660430806166284e-01,3.083953286819504647e-01,7.045359934977103444e-01,7.680819623025574305e-01,7.271520198523150347e-01,8.790662061959266804e-01,7.652776726993589795e-01,8.060031326976921928e-01,3.592580318608654677e-01,7.796984261705639518e-01,4.714542882396450807e-01,9.794798452491814134e-01,1.851462192362995918e-02,6.581084731341848570e-01,7.411598385365419928e-01,9.251590625262711143e-01,6.246301144827123286e-01,2.982204667383412944e-01,3.866927029786815240e-01,3.982247687473987607e-01,2.333857986577930199e-01,9.207046386348946010e-01,9.520796288106722072e-01,2.965362529843135198e-01,4.514675667879193555e-02
9.665852051498247111e-01,7.911914079611677419e-02,0.000000000000000000e+00,9.999573680067289638e-01,5.566241963027002138e-01,6.297502567475048441e-01,8.056717923655276614e-01,7.565066545977225942e-01,8.679150743982914085e-01,9.556036426897374092e-01,6.868771510638815858e-02,6.773656902597013918e-01,5.529045013288174104e-01,9.992647872357408589e-01,9.067084940470255816e-01,6.146247247525907786e-01,8.555295964693542254e-01,5.293989516148074337e-01,3.372311725727523135e-01,8.382361054313000048e-01,8.369767172398954180e-01,7.183047371946039705e-01,4.897461560381710099e-01,2.598927362008623954e-01,5.095270108291232170e-01,7.416009451957126242e-01,8.576279257934771305e-01,6.727937782795010424e-01,5.516643037614826772e-01,4.177484552087185055e-01,2.048248786369992469e-01,9.017988403051677704e-01,7.863958300288331760e-01,8.354317708933508557e-01,6.772561722939443030e-01,2.073793030069552290e-01,1.722801851114469374e-01,4.953956065320305746e-01,5.947785526767142006e-01,8.709715194696798779e-01,6.676412125342051640e-01,9.947131071375547862e-01,8.056007356927742391e-01,7.581789580968478770e-01,9.338849068708328094e-01,9.669989695314189504e-01,9.193137804050162121e-01,6.402430600693718166e-01,8.933955312293972995e-01,9.184550181649523415e-01,7.861743707733171993e-01,4.330418115388232764e-02,2.762488149405264992e-01,6.427724414793217766e-01,7.739788862005780867e-01,4.327583699892258995e-01,6.556064634682181591e-01,8.416231455012550544e-01,7.560157981634446633e-01,2.445265953865663477e-01,7.480592295664211244e-01,8.054373446194645902e-01,9.126726974422606498e-01,7.893785059009259530e-01,6.221565246633464774e-01,8.290163300383774914e-01,9.113611195651678543e-01,8.371640080010620544e-01,9.971193260933977065e-01,4.505147231909070737e-01,6.667536381081774488e-01,4.162258294299037154e-01,6.423448459566039048e-01,6.843048759173451234e-01,4.012588415635395256e-01,6.040851506684430383e-01,8.199176823581376672e-01,8.949237822702899026e-01,4.170873820284853178e-02,4.911744093512777076e-01,9.322095307135039866e-01,7.499196052087809816e-01,6.449363847809812533e-01,9.889536676807350046e-01,8.693692742281933228e-01
9.037454747889407392e-01,4.902699623192021683e-01,9.999573680067289638e-01,0.000000000000000000e+00,6.224841816175236131e-01,3.549911398463833079e-01,3.743339771466632770e-01,4.858652603917862356e-01,6.046508321527362950e-01,7.409023764415139102e-01,9.443804160609898801e-01,5.670639089421533052e-01,5.713411857831252050e-01,8.738469053997721669e-01,7.499549553635002086e-01,8.376787632260651595e-01,2.336352775981956065e-01,8.591214869399279586e-01,7.351420701940081237e-01,5.842617327458821119e-01,2.786779581518410986e-01,5.968692904523362763e-01,6.537072573708103684e-01,8.522106043449406698e-01,5.662423314958098253e-01,7.144477663572108561e-01,5.286433354698342191e-01,2.708470467063183174e-01,3.655636886972948307e-01,6.397642005525374653e-01,3.544040860010004845e-01,4.920565393531359799e-01,6.419234544306209322e-01,7.341630602165966080e-01,5.402376163745428173e-01,7.815048948991353273e-01,7.218004480011991353e-01,2.274959529469594011e-01,7.539443189126977529e-01,4.087878712253550373e-01,4.150015860954845426e-01,8.923012772591423225e-01,8.587626024795100843e-01,4.192332142110473669e-01,9.955735791239626042e-01,7.729394304997159182e-01,2.111835952689635199e-01,5.048710582440805172e-01,8.472373094865481846e-01,6.856590729171820886e-01,5.743797541430832876e-01,9.564511466186920163e-01,7.581272280918704976e-01,9.913924865261037889e-01,7.900392501661670508e-01,5.725271145787350635e-01,5.244172539810576517e-01,6.288483081247675521e-01,3.903714579017849573e-01,6.555068412310056658e-01,9.375058696542842851e-02,7.753632338118037204e-01,6.096390489303570304e-01,7.495810894509795652e-01,2.600586010889087141e-01,6.960393130240949411e-01,7.316646159595885379e-01,6.232996060138628058e-01,2.637773188884197650e-01,3.207830981033550355e-01,6.451153124267335892e-01,4.712053156715890201e-01,6.834415615971519697e-01,3.253827289554720448e-01,5.142846820636216565e-01,7.606665806414961706e-01,9.584418830300126535e-01,7.988800970083866915e-01,6.621639022256073925e-01,5.636976624226525123e-01,4.434060318507971332e-01,6.602893448267865839e-01,3.055681696837397321e-01,5.672885966958836068e-01,8.741858868745830957e-01
3.043763481548241168e-01,6.734904748372539940e-01,5.566241963027002138e-01,6.224841816175236131e-01,0.000000000000000000e+00,9.123903228303571478e-01,4.613514257347678948e-01,9.654996539882516604e-01,4.502294609405233516e-01,5.493266866865452736e-01,7.502732775701936863e-01,6.195058130858894785e-01,3.962962304590065266e-01,7.345777547701632937e-01,9.312802429811082305e-01,6.095889797882620975e-01,4.311391948129928431e-01,6.500061967898191906e-01,5.313782802874273958e-01,6.089154046431423106e-01,8.944232826410825066e-01,7.528382143927894177e-01,6.369496636578203530e-01,8.654967186552277036e-01,7.333270203751341976e-01,5.112819538291376587e-01,7.514632692539037206e-01,6.472397691029733169e-01,5.206890283579719281e-01,5.080497503689999084e-01,3.125525241814730570e-02,4.729218012026472073e-01,6.384240187105478803e-01,4.572508883197802798e-01,7.709738661448067853e-01,4.146874984366166750e-01,3.530956362083597089e-01,8.807349840713677436e-01,7.321663745797859502e-01,-1.151237181090503520e-01,4.904213449833637051e-01,9.878981243702706916e-01,8.912118045874473093e-01,3.839871754011947025e-01,8.854200208347918766e-01,4.078897843584201044e-01,7.080703100191072519e-01,8.439770796942200892e-01,3.049967923393822611e-01,4.604253519475397516e-01,2.368152510088241680e-01,7.151097529052433677e-01,9.301833027442806268e-01,7.032579945782334585e-01,8.749084707845184994e-01,2.880496193372805158e-01,7.123873078198911246e-01,9.725425785570381843e-01,6.627544265745557439e-01,3.276898689972030931e-01,5.546398768426640258e-01,4.623656292794910416e-01,7.631744403070616078e-01,4.444796661845395458e-01,3.356765316153346168e-01,2.420418528571655348e-01,5.328684227050384248e-01,9.069256075985537846e-01,4.291337720208157624e-01,2.136072801345273997e-01,9.901957812609121223e-01,7.279170512275460192e-01,2.592979462730318763e-01,5.416620211212022085e-01,6.018948255537741598e-01,5.542049587194136651e-01,2.360617378959759677e-02,6.451007709593437056e-01,2.730453914662975268e-01,3.294654612791350079e-01,3.374024331052269954e-01,6.696533357545072507e-01,8.107161138011417245e-01,-1.122571922800390254e-01,8.611780555771397783e-01
6.405547021570459076e-01,9.135218815052555952e-01,6.297502567475048441e-01,3.549911398463833079e-01,9.123903228303571478e-01,0.000000000000000000e+00,7.067888460449329724e-01,4.929775542589740489e-01,6.592305260722258753e-01,6.822218473058467847e-01,2.570387445080817290e-01,8.390416737039516626e-01,8.335497382764631702e-01,7.917935688136860106e-01,7.159809993859787003e-01,4.961041317464823242e-01,5.052391511352756215e-01,3.811277767849254872e-01,7.402092437431379013e-01,2.629818487587585185e-01,9.259143384372405805e-01,7.800608185589630317e-01,3.527800794973560139e-01,2.871139180520532186e-01,2.423935321868456727e-01,8.589904884615617853e-01,9.852479761520078760e-01,6.800273978639871375e-01,1.653502236344250864e-01,1.741672198348999945e-01,2.240959583608012895e-01,3.816910936897781603e-01,5.877667785632697539e-01,8.957598495934198102e-01,6.931070802574273992e-01,6.869562335587705570e-01,9.164472049452253299e-02,4.574947868856992783e-01,9.372731945721287650e-01,5.046063912380966965e-01,5.749287659420411201e-01,9.407451068132880456e-01,7.886128311817353076e-01,5.170405986954357269e-01,6.959313746376648568e-01,8.825130661600352200e-01,4.464706438691292689e-01,7.393474304476249648e-01,4.628648834957417857e-01,5.360355058150525487e-01,3.831626785230949905e-01,7.310019800546979640e-01,4.896468599155565649e-01,5.901106964429416735e-01,7.233479980984530711e-01,9.491088560351979009e-01,8.631138237414712755e-01,5.350593134065952938e-01,4.323074141010323501e-01,2.659828192011611248e-01,5.576916244741414452e-01,7.726957988760047025e-01,-1.126219954980432342e-01,1.916181988208450759e-01,8.590659333433994238e-01,6.042142845730273937e-01,3.252151488823228354e-01,5.533542000951160444e-01,7.866950337975524565e-01,6.659980450690484721e-01,5.260794546945929406e-01,5.470534176828526496e-01,3.711495735419524378e-01,2.283238155963981941e-01,9.452322906302867978e-01,7.286972502861365220e-01,6.915394575272548749e-01,3.365168471910755521e-01,1.745421207561423105e-01,3.309173651293296770e-01,4.296967365844792663e-01,9.025477275019565537e-01,2.877770781031686043e-01,2.270144561548990414e-01,6.425876094262357174e-01
6.349509460398826688e-01,7.564663870623349329e-01,8.056717923655276614e-01,3.743339771466632770e-01,4.613514257347678948e-01,7.067888460449329724e-01,0.000000000000000000e+00,2.271148419680606434e-01,6.541057813061905701e-01,5.089604646386706177e-01,3.380499240439370778e-01,4.978244267134318557e-01,4.914644514712244172e-01,2.174975053755434096e-01,3.062770177926925630e-01,3.171016827935991267e-01,6.955597158002726488e-01,7.402807641952517947e-01,2.282053594833534649e-01,9.332646588446162905e-01,7.267400404067840824e-01,5.237416739868692162e-01,4.826435906649113594e-01,6.025921185153155779e-01,4.030181138251921480e-01,7.865049215596643384e-01,2.836113435517769732e-01,3.473731475352212494e-01,-2.708733786387107489e-02,1.268615617085412928e-01,1.241608246758613698e-01,5.829237925461645542e-01,5.194651109891834651e-01,-3.710736910754788842e-02,5.196792155997698170e-01,9.162185829035321416e-02,-1.879449207184712700e-01,4.673847204644905329e-01,9.935764346044272388e-01,2.374398646213947695e-01,5.398346557232081011e-01,6.148791272328448798e-01,7.137869475440569156e-01,7.212767063946621260e-01,8.816137203076030993e-01,7.982546149802902669e-01,5.267362888838079682e-01,3.863361041585280375e-01,4.666311521433066378e-01,7.177012870522011534e-01,7.254207729296646701e-01,5.334013286415418831e-01,3.820121195127649805e-01,4.922428640007665557e-01,8.812581219149130396e-01,6.492941539605774359e-01,2.972284103393011412e-01,2.302710349338386586e-01,2.843126900493714859e-01,5.433031694722441074e-01,3.557923699128725525e-01,4.002006743501841379e-01,4.717476059116221254e-01,5.036709151288059072e-01,5.221998151117223097e-01,7.832800461879647624e-01,4.453519530447884178e-01,9.805495338887487700e-01,2.230516729491929528e-01,3.820652603025048166e-01,5.512177633468710036e-01,6.203077069660898335e-01,1.963123014169783909e-01,3.440966028075334027e-01,3.391305232323053032e-01,2.159342020689031805e-01,2.123939570908003061e-01,6.521722067411025447e-01,3.536673970351529306e-01,2.723205731450459299e-01,4.184127792716408334e-01,8.964398021410777684e-01,2.188835939435079814e-01,4.338061037476431681e-01,5.078376932996709892e-01
8.582964360705097606e-01,2.989756919473524621e-01,7.565066545977225942e-01,4.858652603917862356e-01,9.654996539882516604e-01,4.929775542589740489e-01,2.271148419680606434e-01,0.000000000000000000e+00,7.164344004084932660e-01,1.554967651244851951e-02,7.655776987508893239e-01,6.034181421588955541e-01,4.976302791888311816e-01,6.946608308029890155e-01,6.157810414016068323e-01,3.659054928039638943e-01,7.310114524599410357e-01,2.702469190473453242e-01,8.968770298897359439e-01,7.924988801070760314e-01,7.146373819957211326e-01,-3.648323417485535569e-02,8.558504854058783806e-01,8.898806843617890205e-01,5.733334992417860043e-01,2.869250319402381622e-01,4.606773736888875037e-01,2.943514471600646165e-01,2.251677227838257966e-01,5.234755014763243786e-01,3.043822495158275965e-01,2.604953805526677435e-01,2.793494005074022568e-01,2.014319059150416480e-01,6.718780211475940956e-01,5.292059330873637446e-01,5.526146882954000028e-02,8.298565278155196623e-01,6.559144734617752270e-01,5.293361881013658454e-01,7.542880398209177439e-01,2.392319674363057314e-01,9.447401161988950857e-01,5.610668497266799726e-01,9.768897480451139703e-01,4.781046655908103293e-01,5.731366119074394749e-01,3.667745799671044971e-01,6.986537354030961655e-01,3.435930120735941617e-01,7.509568868034116607e-01,4.761941762523805854e-01,8.345386682223373542e-01,4.831736643271832277e-01,5.663681630740882156e-01,7.626045635040286097e-01,4.416637598720889457e-01,5.384141342097716887e-01,5.873837690166193726e-01,5.382244996819537386e-01,6.848218251892341790e-01,6.308638735549050303e-01,7.764726592047499487e-01,4.390639439815982037e-01,4.947213189707801995e-01,5.720763124241434738e-01,-8.898373026396683150e-02,4.797071874195636410e-01,1.205749943778071237e-01,6.597920248705422264e-01,2.727787766462228536e-01,3.904983204443164824e-01,3.914968352004184471e-01,5.730098219273289661e-01,6.888330308042682482e-02,5.123616707415352689e-01,4.995262802006189551e-01,7.415669859124000007e-01,3.472585543105299877e-01,1.206467886641279519e-01,5.456716064922517706e-01,7.494664546317553189e-01,3.045390191352447817e-01,5.849495793941568156e-01,4.078151063756819683e-01
8.033449062810883445e-01,1.072397862879184149e-01,8.679150743982914085e-01,6.046508321527362950e-01,4.502294609405233516e-01,6.592305260722258753e-01,6.541057813061905701e-01,7.164344004084932660e-01,0.000000000000000000e+00,7.762277300849034223e-01,1.594098433480543031e-01,6.213639204699342722e-01,5.581227892770349586e-01,7.911069925250466817e-01,3.656698582339437120e-01,7.230140185852903523e-01,4.031228846512980302e-01,5.416592489512944697e-01,7.845057671692566847e-01,5.640804465169677595e-01,6.512711509009245781e-01,2.587289949011588042e-01,3.993536926985812308e-01,7.110689219195909239e-01,4.949000784941596787e-01,6.151299180639220321e-01,9.405745798546875092e-01,9.706556213129269306e-01,4.154838428258916111e-02,3.091689360516410023e-02,8.224804583742323372e-02,5.226500806850151726e-01,6.019976605214806264e-01,3.086680532825051837e-01,7.683040256712669880e-01,5.021571385996727033e-01,3.750486053222035210e-01,4.394463549912468459e-01,1.467123889755359289e-01,6.332744103443553874e-01,2.160903521279290973e-01,3.573383801677499916e-01,2.241605027422681196e-01,5.474940866430084707e-01,3.674689028183606571e-02,7.990173326419092170e-01,7.298335362440903085e-01,4.917211771302544276e-01,4.219706466150712210e-01,5.128870911727868576e-01,6.253037749986043448e-01,4.128162338623823091e-01,6.130103409689735550e-01,7.269017646532797139e-01,6.479949750352567150e-01,6.132796409584094777e-01,2.406507375418309447e-01,6.702677670756894690e-01,6.551892287572356199e-01,4.895028566649413382e-02,5.812872485267297495e-01,7.620503091805757023e-01,4.188755823937257428e-01,9.349671405034142291e-01,9.050318091887094019e-01,6.233100933826980494e-01,5.685396894267460421e-01,6.076360507772532449e-01,5.179429680231312227e-01,4.331505487932802989e-01,7.593948779000703198e-01,5.833099601702823600e-01,7.495061039424624205e-01,4.362078415781419638e-01,7.522610246900762743e-01,3.832465571346049815e-01,5.384256605337607304e-01,3.186067058337474500e-01,-1.884635061646025567e-01,3.130120469973498576e-01,3.973518670358487936e-01,6.540412267471111818e-01,8.430221887948932125e-01,6.001832812401254325e-01,6.441157515785482790e-01
8.575332506532546972e-01,7.233800038478801486e-01,9.556036426897374092e-01,7.409023764415139102e-01,5.493266866865452736e-01,6.822218473058467847e-01,5.089604646386706177e-01,1.554967651244851951e-02,7.762277300849034223e-01,0.000000000000000000e+00,8.683979942957744669e-01,7.051449297940842742e-01,5.133826353874110238e-01,8.975111384541371029e-01,7.388301326929379576e-01,6.025320101646733928e-01,6.282398087376676044e-01,6.099625144563848300e-01,3.674422364725137280e-01,7.814982365498703842e-01,7.430307673257501300e-01,9.359417135607358551e-01,7.391335826338157888e-01,7.789978421259602381e-01,5.542300903593919692e-01,8.981242106060084440e-01,6.059623956341952944e-01,5.223444854016383587e-01,2.539528701382020026e-01,3.151177033241683301e-01,1.131575842076675831e-01,4.401338131854126701e-01,6.576925875381034459e-01,8.081687167461638621e-01,3.867443748605254861e-01,7.008588013756620327e-01,3.837395789817548142e-01,6.262041402447833249e-01,8.676239569387307338e-01,7.422497640109073647e-01,4.494889437748517125e-01,2.636550215821387710e-01,6.106361565224371901e-01,9.983367298004206525e-01,4.224388734834902959e-01,4.927764766249572159e-01,2.252472239213268446e-01,9.509392509949189387e-01,6.130652408619436944e-01,5.285167974882638564e-01,9.425843553268866692e-01,7.653181171931650040e-01,5.561277195068657919e-01,6.089692590284963014e-01,1.531096051258842017e-01,2.458629039816261908e-01,5.512094098205189141e-01,6.021323954245547672e-01,7.312042183405699225e-01,3.095895018663850640e-01,8.587303578932737810e-03,3.242670665723603740e-01,7.177180505248775821e-01,7.263738728990670745e-01,8.508861270112297870e-01,7.079056058576446153e-01,4.006315887530411124e-01,9.635596886200705757e-01,3.749488652184288506e-01,1.179291935358330462e-01,9.818686877206155295e-01,7.010165584949075157e-01,3.009657594088819832e-01,4.386575058076231937e-01,5.493956466214387074e-02,9.657102932292566111e-01,5.950129662826391108e-01,2.199069358778946714e-01,1.406568144678232157e-01,7.677013630169172709e-01,4.675319320105237875e-01,9.715040627078949109e-01,6.901777731106343294e-01,6.049639144203184937e-01,4.120206427999273946e-01
9.668223284363606229e-01,5.726786673747346068e-01,6.868771510638815858e-02,9.443804160609898801e-01,7.502732775701936863e-01,2.570387445080817290e-01,3.380499240439370778e-01,7.655776987508893239e-01,1.594098433480543031e-01,8.683979942957744669e-01,0.000000000000000000e+00,6.087139439360232940e-01,4.910609330220380153e-01,6.100096085971692395e-01,6.117041338044699739e-01,2.748109862817588178e-01,9.962022078702108541e-01,4.288344743238987622e-01,9.091188949650119699e-02,4.653357451189095717e-01,9.920860985520985054e-01,6.909125962600974891e-01,4.272552216545585368e-01,2.353317707568040318e-01,1.208930002418241445e-01,9.239243829316594603e-01,8.538863318274053649e-01,4.755372573418960025e-01,4.592420660516368103e-01,6.568870270933306887e-01,3.699839529772046554e-01,5.563547312106267295e-01,2.633624061829260843e-02,4.331427948908062597e-01,6.191977563068640222e-01,7.880379568220876596e-01,4.851155935913305239e-02,2.864491883788780613e-01,8.550309729998467612e-01,4.287196616496746771e-01,7.904169866000535505e-01,8.741081257179230679e-01,6.441209037223657452e-01,6.189059889921809665e-01,8.823264403789554677e-01,9.999036910568124270e-01,2.233430761729669756e-01,9.813040638665604387e-01,2.545004503223490810e-01,6.401586034277002568e-01,7.070428524953479288e-01,3.799612205115752150e-01,9.708508531167295841e-01,1.660790280879742564e-01,4.071890645273099629e-01,7.923788187756878321e-01,7.955773464763007397e-01,6.958763754965897608e-01,7.130750696342764705e-01,3.976261260168526546e-01,4.466882836124813072e-01,4.266728691217985814e-01,7.178439620028431722e-01,6.072959897385932226e-01,2.499712568103809596e-01,6.018694534506801030e-01,1.554747849759294809e-01,7.683576350963139401e-01,3.851487718978034991e-01,5.023489398566933772e-01,6.535115013450591981e-01,4.128253930227492874e-01,4.013757587443838593e-01,7.956247715205531090e-01,4.598377846920135292e-01,6.026665025874418102e-01,8.146885780467088001e-01,9.838828567674369197e-01,2.815579404524842233e-01,8.694230100776534353e-02,2.175606842018629750e-01,5.111890875391899014e-01,4.732391274434608053e-01,3.978763442793138427e-01,7.720147848921340428e-01
1.022076334275690002e-02,4.947159858440483560e-01,6.773656902597013918e-01,5.670639089421533052e-01,6.195058130858894785e-01,8.390416737039516626e-01,4.978244267134318557e-01,6.034181421588955541e-01,6.213639204699342722e-01,7.051449297940842742e-01,6.087139439360232940e-01,0.000000000000000000e+00,5.840558644597616533e-01,7.258355514590918434e-01,6.738516149649995679e-01,7.588206200536289359e-01,6.783385247443303179e-01,8.820269661748036949e-01,5.246798662758789256e-03,8.350693100605685038e-01,6.064047075933571840e-01,2.475787283318438836e-01,2.270579771775633193e-01,2.684454319171006298e-01,4.384966241830728362e-01,5.234246382450564727e-01,5.063016881642934397e-01,8.254668630095178816e-01,2.464673880923152205e-01,7.546720739176582260e-01,5.473014398702135130e-01,4.266906776542378488e-01,5.993328199504427412e-01,9.230682874127280613e-01,9.717736832906991307e-01,5.866855124715291137e-01,5.341351170296700923e-01,2.225149763064354080e-01,7.299663202468036349e-01,8.061103365367060514e-01,3.163338244768846286e-01,5.928371334909445789e-01,6.219169345088199075e-01,6.267273849336122415e-01,9.586484677189115455e-01,6.991092124451711021e-01,4.746520654450143151e-01,-8.605976938529777409e-02,5.846430979642697201e-01,4.267672829175579441e-01,7.616390032389551701e-01,6.998682171736563262e-01,8.864081435153974287e-01,4.992995507307553815e-01,9.423097321438638208e-01,8.590472144352115924e-01,7.309878456852383355e-01,7.348876879164969456e-01,5.899294368415632928e-01,1.256482875819141254e-01,3.831902785004540068e-01,5.446982993520501637e-01,2.944213996303309266e-01,5.287462090394904335e-01,6.857597970259383668e-01,8.252760580988981465e-01,6.671872623070290720e-01,9.709819835007393873e-01,7.248469951630085450e-01,3.903142164567086070e-01,6.281022651798578993e-01,4.941747088694165013e-01,4.103876359555961306e-01,5.569520586943813578e-01,1.633178583805447170e-01,5.797636056397297288e-01,7.666286799164954147e-01,5.616079140387089108e-01,5.265021615221210372e-01,4.317934563854697316e-01,9.725737210514613651e-02,7.225840723747629646e-01,2.416120716646656119e-01,-1.862283722019442700e-01,7.163739109117858161e-01
9.675114289776703957e-01,7.895668821784145308e-01,5.529045013288174104e-01,5.713411857831252050e-01,3.962962304590065266e-01,8.335497382764631702e-01,4.914644514712244172e-01,4.976302791888311816e-01,5.581227892770349586e-01,5.133826353874110238e-01,4.910609330220380153e-01,5.840558644597616533e-01,0.000000000000000000e+00,4.029432611462786529e-01,9.077608246434053507e-01,6.943488159680665239e-01,4.832731433346487693e-01,3.708797424028925649e-01,7.006270949581312468e-01,6.240948195105693319e-01,4.208264875455570153e-01,6.825245765638523476e-01,5.536215591532965830e-01,7.092898402968679239e-01,4.280088407595953326e-01,9.291118340636426165e-01,8.073344044585185619e-01,3.350111591607423112e-01,3.242672414538854686e-01,3.469964385567397835e-01,6.999034260090085391e-02,6.820177057437308843e-01,6.632742472622827901e-01,4.243580222695328974e-01,6.999890073832341075e-01,5.112921244853120273e-01,4.720354674920251153e-02,4.588143345422579511e-01,8.110224787197488627e-01,6.254785732697639711e-01,4.274989224210374861e-01,6.402396312490271635e-01,6.867555308462681696e-01,4.041239686759588445e-01,7.333673800389576281e-01,4.299249981347711413e-01,9.327554748735763512e-01,4.992202965844126372e-01,8.263631435401153080e-01,5.573029715115116467e-01,7.889175748780379305e-01,7.687654519900417593e-01,4.065998956640662354e-01,5.485659680134888916e-01,7.059679629157501468e-01,4.138423703909816509e-01,8.064166039319738966e-01,5.009841477182995773e-01,9.554632006289113244e-01,2.519937453267172556e-01,3.127969373685607346e-01,7.350272726060460560e-01,9.897789848475919694e-01,6.975697111292885610e-01,9.290247851052493289e-01,6.692352205995024672e-01,8.240105730838623854e-01,7.036102328289519647e-01,7.573910630480337192e-01,7.398676148752781900e-01,9.953848165157030969e-01,7.396842318233179947e-01,6.487199890440452643e-01,3.746115962769539509e-01,1.103274113788488275e-01,9.342230618387564745e-01,8.676756485036298816e-01,7.838006065006916101e-01,6.193166689362197275e-01,1.651514512687127512e-01,6.392032971418858400e-01,5.783777126790734524e-01,9.586438796502030346e-01,4.457669552557022574e-01,2.280491301653119474e-01
4.911462000878042411e-01,6.835333627059696493e-01,9.992647872357408589e-01,8.738469053997721669e-01,7.345777547701632937e-01,7.917935688136860106e-01,2.174975053755434096e-01,6.946608308029890155e-01,7.911069925250466817e-01,8.975111384541371029e-01,6.100096085971692395e-01,7.258355514590918434e-01,4.029432611462786529e-01,0.000000000000000000e+00,3.103085561077209009e-01,7.308437683965753884e-01,7.040891597642630062e-01,6.984637722152244876e-01,8.808504154166998390e-01,8.471486128470231414e-01,6.239411754164664314e-01,6.635161198857173481e-01,5.051487870773301303e-01,6.621359466041840669e-01,3.235434475320895231e-01,7.796151335709908814e-01,9.920214055302053469e-01,9.661970588674697602e-01,3.739077650534912700e-01,5.092172636977334577e-01,-1.234918947594085825e-01,5.976126591036938773e-01,9.520250212906025689e-02,5.820289160945357754e-01,4.306623507237056225e-01,2.423164197787155971e-01,2.698122716335994431e-01,4.369705523568003791e-01,6.185465391964904969e-01,8.100812165060213843e-01,4.368636270972181546e-02,7.970150137281208913e-01,5.194485226024864177e-01,8.018692218426484164e-01,8.369692381985940344e-01,9.555798811402929083e-01,6.564260306945441936e-01,7.306394546917497346e-01,5.561625756528262299e-01,7.944457756010010474e-01,9.487653212863226271e-01,6.317644624220154492e-01,5.762467753293474271e-01,2.086376741306828486e-01,7.919826119929536112e-01,7.876077305195192668e-01,3.160723746017865543e-01,5.309717260314251730e-01,6.022798075247280947e-01,4.701820348593464538e-01,7.677682842268285408e-03,7.416924367293988851e-01,9.720375503004535789e-01,7.992280850309747553e-01,9.548491513542916032e-01,7.299192625207807650e-01,5.073814340715352422e-01,6.635677993363833238e-01,3.219580390161110861e-01,3.436933334294440257e-01,9.967577323842514714e-01,7.888259140340661002e-01,2.894334152653529335e-01,5.722498605743706612e-01,5.881461052946419521e-01,8.624050403411531729e-01,5.103373394607183533e-01,5.880379610098085408e-01,5.359179079088287612e-01,2.919198228996451316e-01,7.261403136755945065e-01,4.354897267749741618e-01,5.090975783077115180e-01,2.702633778379374130e-01,6.325867896076510233e-01
4.009806472236371322e-01,7.702256240396014864e-01,9.067084940470255816e-01,7.499549553635002086e-01,9.312802429811082305e-01,7.159809993859787003e-01,3.062770177926925630e-01,6.157810414016068323e-01,3.656698582339437120e-01,7.388301326929379576e-01,6.117041338044699739e-01,6.738516149649995679e-01,9.077608246434053507e-01,3.103085561077209009e-01,0.000000000000000000e+00,7.728133838748139084e-01,9.597678281446875292e-01,6.973785479179331892e-01,9.332813113935879423e-01,4.869245460151117588e-01,3.421217972170977895e-01,7.558027681256009878e-01,7.480938040109617049e-01,9.642364345116742896e-01,5.859355594028203829e-01,7.464366034989595722e-01,8.623303113848522772e-01,2.830153543660813842e-01,9.484318800246553938e-01,5.081998259487107150e-01,4.804135521172951395e-01,2.112868008524360075e-01,2.314963639985411215e-01,7.521177978206167181e-01,3.624179543627427114e-01,3.587784737730009832e-01,-1.193663260104387697e-01,9.094946628355309315e-01,6.788809696783063563e-01,8.462644230957711011e-01,5.853838156875037502e-01,5.848275567011634868e-01,6.291446461010066216e-01,9.827080126573817243e-01,8.575650617626863204e-01,9.642249927663000264e-01,7.881771398193926359e-01,1.614599955872211279e-01,5.110782534407469768e-01,7.022678479844114419e-01,6.859653232757508823e-01,3.580765990776929586e-01,4.061919874098539607e-01,5.713918066474243940e-01,7.064805486803390489e-01,7.041934318434557305e-01,2.213060141265429381e-01,2.450947437790166605e-01,3.687519548196291352e-01,4.810280604864363707e-01,5.759236988926441647e-01,8.496028163884316031e-01,6.319685341373812992e-01,3.961892532784885845e-01,8.806202402959495412e-01,3.880056943364272870e-01,4.546867419613873640e-01,7.642825553403185257e-01,7.278767025349290876e-01,8.341803490500078189e-01,7.903568571005967769e-01,3.281819992956082066e-01,3.901261109409298045e-01,1.298795907573596642e-01,7.408757964224692572e-01,7.045570260592721734e-01,9.601147735486931234e-01,3.936927380053114600e-01,4.472423171568923883e-01,2.776017920543487616e-01,4.927188650249734736e-01,1.113360230564454656e-01,1.849794297917946029e-01,5.417491490471691984e-01,7.875587706147828548e-01
6.804142840711380202e-01,6.319352516228837757e-01,6.146247247525907786e-01,8.376787632260651595e-01,6.095889797882620975e-01,4.961041317464823242e-01,3.171016827935991267e-01,3.659054928039638943e-01,7.230140185852903523e-01,6.025320101646733928e-01,2.748109862817588178e-01,7.588206200536289359e-01,6.943488159680665239e-01,7.308437683965753884e-01,7.728133838748139084e-01,0.000000000000000000e+00,6.286249200334046439e-01,-1.837486588388135555e-01,5.881986875595472952e-01,7.283913562522659202e-01,6.751686907107594671e-01,4.272681855156249542e-01,7.088637339921094460e-01,7.216421659798489818e-01,5.216709538861169504e-01,1.281796527096116245e-01,2.214843675170064252e-01,1.033742870282755438e-01,4.469787949788615045e-01,6.338743404250286595e-01,2.698818440706211574e-01,4.786592002806835944e-01,4.656363097084946778e-01,4.036626487324014856e-01,8.690845253259115166e-01,5.706334790642705324e-01,2.427442703538815749e-01,5.157291649865273220e-01,7.843595568723800149e-01,5.377529015151903957e-01,5.717103478697013186e-01,7.649732857304830658e-01,9.996174528793388969e-01,6.193099313621868163e-01,7.189774956940910844e-01,7.874859102746799566e-01,1.203757545274405372e-01,9.735048463797539853e-01,5.183927400333252500e-01,5.286661337304715547e-01,8.900299381483239847e-01,4.697128228063197630e-01,5.290835155961108871e-01,4.537136357486514227e-01,6.929704767372507623e-01,4.216049334961380346e-01,9.599275885206739467e-01,6.266571111892037527e-01,9.077495111112280357e-01,6.395921077280356526e-01,4.691605061581038960e-01,6.223376854095232780e-01,4.620161738493002712e-01,5.723169446739513333e-01,6.555038686271105197e-01,7.008711480837533925e-01,9.784268871691592651e-01,5.893562193571175722e-01,5.949627458918658185e-01,6.859135467081176607e-01,6.915794546315019442e-01,-3.552827479189760163e-02,3.346410721663979349e-01,4.725654924679988378e-01,6.810999572893888798e-01,1.626367159247403896e-02,6.452197465854676572e-01,5.080939995330191472e-01,6.492680463223045040e-01,2.951674390288714367e-01,4.489908556532548611e-01,7.233173883004749838e-01,9.512250066465296472e-01,5.854741713007136639e-01,6.095971773458334075e-01
7.520869533475200708e-01,4.646458498613921795e-01,8.555295964693542254e-01,2.336352775981956065e-01,4.311391948129928431e-01,5.052391511352756215e-01,6.955597158002726488e-01,7.310114524599410357e-01,4.031228846512980302e-01,6.282398087376676044e-01,9.962022078702108541e-01,6.783385247443303179e-01,4.832731433346487693e-01,7.040891597642630062e-01,9.597678281446875292e-01,6.286249200334046439e-01,0.000000000000000000e+00,7.492430857904046615e-01,7.640743324029966033e-01,7.541110800818335846e-01,9.043717895781205884e-01,7.402000935500182566e-01,4.550633855454119248e-01,8.718546976541075022e-01,3.989594474716537387e-01,6.814389183781552894e-01,7.927022482433874195e-01,7.207590516774051714e-01,4.839595198080196559e-01,5.937267260750747067e-01,5.332221885561574393e-01,7.151554733797409469e-01,5.272840204971326328e-01,7.402617632508718959e-01,7.121467902715821197e-01,4.088040305530425411e-01,3.364095353311777337e-01,6.055904576268885675e-01,8.317203213844073240e-01,8.017780401298983950e-01,2.351433406084274536e-01,9.760894872229941566e-01,6.334006587590784720e-01,6.224458910871880635e-01,9.375644392100226376e-01,7.122431397496429284e-01,2.151299704078491193e-01,7.693911939771643782e-01,6.576769327593705583e-01,8.621800389102803885e-01,1.751119742791759915e-01,6.990769717732092658e-01,7.858406876515142692e-01,7.459110105375997835e-01,6.411993488774967442e-01,7.614058092798878796e-01,6.655685905138856162e-01,7.963005970763079588e-01,1.910039863783242753e-01,2.315792894547033798e-01,6.756672619145595027e-01,7.099081314025181833e-01,7.216002717155416413e-01,9.149445501424703364e-01,9.073754317824044291e-01,7.148529309725910608e-01,9.634454306961004466e-01,5.464114602168216317e-01,7.487681081262604899e-01,6.634711411650572321e-01,7.861557419928927315e-01,4.967995267530905812e-01,4.468959043552240828e-01,3.833043429694535931e-01,9.110297772461041221e-01,4.366221956220835976e-01,6.045854913079731219e-01,5.955233125278266426e-01,2.195250362980987746e-01,5.710903366458834896e-01,6.175768246140791451e-01,7.519900470513732893e-01,4.852323368337423948e-01,7.995089560726169609e-01,6.339641322499708354e-01
6.174975948529543013e-01,6.521674867931838149e-01,5.293989516148074337e-01,8.591214869399279586e-01,6.500061967898191906e-01,3.811277767849254872e-01,7.402807641952517947e-01,2.702469190473453242e-01,5.416592489512944697e-01,6.099625144563848300e-01,4.288344743238987622e-01,8.820269661748036949e-01,3.708797424028925649e-01,6.984637722152244876e-01,6.973785479179331892e-01,-1.837486588388135555e-01,7.492430857904046615e-01,0.000000000000000000e+00,8.564866886470101637e-01,5.421332776264724540e-01,8.044270332021928871e-01,7.324075838360210033e-01,3.009102673223837954e-01,8.321680615443211027e-01,3.899736926904435741e-01,4.278079996086882608e-01,7.053114327968388331e-01,5.669979509775016080e-01,2.319656245559559848e-01,2.769583842048850553e-01,5.822522875976984258e-01,5.839988749025428749e-01,5.652870730809657074e-01,6.910468075940191524e-01,7.354249806800605693e-01,5.155248591291956561e-01,8.550187106737468234e-02,3.266313417209748549e-01,9.535340017885506336e-01,7.086395286662884319e-01,4.030145816909525003e-01,3.156168424491520019e-01,6.493298192369534316e-01,9.804984315749413204e-01,7.549905005252121049e-01,5.836911440328880207e-01,7.300240481586670604e-01,8.024077789290543494e-01,2.950619108493777176e-01,7.666702921100990720e-01,5.218923799900494487e-01,1.267633333177788646e-01,9.856425739887261228e-01,6.882521535335395235e-01,4.702343671046109730e-01,7.932479783395568473e-01,6.633882663342698383e-01,3.296449066265905170e-01,7.732474543087313190e-01,3.354405309502567212e-01,4.373101546061989309e-01,6.425927383582279440e-01,5.154907915653258454e-01,7.840840736271030842e-01,7.504983434592359393e-01,7.142982895715593861e-01,1.871261144685847366e-01,9.788951775246642617e-01,7.353518561074328108e-01,4.503187955065880432e-01,6.328609402126565975e-01,6.222047290499904681e-01,5.910713703477424308e-02,4.862249663198638383e-01,7.800844605465120374e-01,7.188320767702558456e-01,5.183693442002882401e-01,7.933952253026351764e-01,5.873203999946844389e-01,3.834433329367897825e-01,6.100014641652825587e-01,8.563563829895721735e-01,8.179752544432717931e-01,6.133285588114006925e-01,4.510509886036068727e-01
