0.000000000000000000e+00,5.157441137829514854e-01,6.554203812840990739e-01,8.859535972419875227e-01,7.249225109983561399e-01,8.193162347656275379e-01,4.233240425326804113e-01,1.871625611231079456e-01,6.587485071955143656e-01,6.913433484019471109e-01,9.657609970287925893e-01,9.388650069300236156e-01,5.719171314261479733e-01,9.519848770083462197e-01,7.194239224612960504e-01,8.529400982523691610e-01,4.330156878488320427e-01,6.484256906549106247e-01,7.822435616770706535e-01,4.722398881905963131e-01,7.159078293987584107e-01,4.505564104244463297e-01,9.632211381205189049e-01,4.124316829989571609e-01,6.876210039529674356e-01,6.280028504808783385e-01,3.568871724780391386e-01,6.490390796754540448e-01,5.249504258393387079e-01,2.306533028242795380e-01,8.296448801591849165e-02,6.747649708223131260e-01,6.098819459449928981e-01,7.309768898769759549e-01,9.130887660591811006e-01,9.408002457350683745e-02,5.521629357586729236e-01,5.150136412826650245e-01,7.989959456627925283e-01,6.299077257938905383e-01,7.504292684755807796e-01,7.241073564026536680e-01,8.437103501032514608e-01,6.662647746188158360e-01,9.935929350773125002e-01,4.056557043539412155e-01,6.628902880215017390e-01,7.648265995854224286e-01,6.581470925657182391e-01,2.904240675225554513e-01,7.378228446706314170e-01,4.056527818593155810e-01,9.325138906961992769e-01,6.195454229199243157e-01,6.796237067577304281e-01,9.939234805893510938e-01,6.822999443233304095e-01,6.724603163117348625e-01,4.079333869246171140e-01,5.122837744750111666e-01,5.882840501709944991e-01,6.728018710358876220e-01,8.619624875672647901e-01,8.788298081385265137e-01,9.068791502207759203e-01,7.823102274275615109e-01,7.624843305240562863e-01,7.495704578400499418e-01,8.047184027652319882e-01,8.045402726097777846e-01,8.445984470335758942e-01,5.996476781566708603e-01,4.829934032747885686e-01,7.060936660401190279e-01,5.131007560907306919e-01,9.180531991938634118e-01,7.325698581187922720e-01,8.654510530083308062e-01,3.264231247088110743e-01,5.129615790744719295e-01,5.056455368027096275e-01,7.080067986969642568e-01,9.387184841928730705e-01,4.117832217690228225e-01,4.238884206103882835e-01
5.157441137829514854e-01,0.000000000000000000e+00,6.458743463866665202e-01,2.945008982895779281e-01,9.143554846542545356e-01,6.229606559816054379e-01,4.805422491047267597e-01,4.356142501201368811e-01,4.851050935423737442e-01,8.699791374186067738e-01,4.826534752005512408e-01,5.930574264083672276e-01,8.401760660415314996e-01,9.373163525487224756e-01,5.421505647601319033e-01,4.838531497121174030e-01,5.109954537171959021e-01,6.875612963453604509e-01,6.658483621660167273e-01,8.819370244592666941e-01,6.383419014036937345e-01,4.215082968055798296e-01,8.621350953914922455e-01,8.126375970655995706e-01,3.545139460525750796e-01,5.611162024565750084e-01,6.687979263480352543e-01,6.414672273412629355e-01,4.821311760251161260e-01,7.097519984958337025e-01,1.162701033922569488e-01,1.160710688934452617e-01,7.861700720076195692e-01,4.283943679209655242e-01,2.334082426706623470e-01,-8.326898235257586267e-02,3.728141733709151584e-01,3.362581427689040892e-01,5.848654727094692030e-01,7.595846678343038949e-01,1.943791487719594979e-01,7.528799135347373772e-01,2.663957617827563892e-02,1.346632520269775701e-01,8.008577567621476545e-01,5.764761888151077596e-01,7.699363002509587162e-01,3.810043179366364718e-01,5.218450309817818100e-01,2.017574429236860256e-01,5.185630706921310340e-01,4.245694828677614163e-01,6.825262528389225425e-01,9.930355128770798068e-01,6.360414967128695807e-01,6.630240533315920892e-01,7.962579278242085667e-01,7.220381371237700741e-01,7.558912303815269462e-01,3.481404354698282022e-01,5.831609748786946712e-01,8.467893630245654224e-01,5.944418857238646936e-01,4.925566925194272971e-01,6.085937942633933284e-01,7.599902826282463053e-01,5.765189538758948018e-01,5.859285831716155579e-01,4.819439224618627393e-01,3.527780239245128513e-01,3.033539200343808862e-01,9.899939965395627706e-01,3.899846709144668688e-01,5.391124573083689864e-01,4.364593332835938200e-01,6.399008909381427301e-01,6.322511410539460863e-01,5.718442722593141125e-01,2.472416635103608651e-01,5.211189963539576003e-03,5.693377404663308994e-01,8.816991598323601353e-01,3.059945928696702899e-01,3.723776580908922940e-01,4.292916336466058302e-01
6.554203812840990739e-01,6.458743463866665202e-01,0.000000000000000000e+00,9.540676827760092849e-01,4.298203707739043505e-02,5.787058712529218329e-01,9.046770620232749138e-01,4.273629426516939445e-01,7.376196566774517738e-01,8.739703630984770877e-01,9.311167099101479439e-01,4.928799558327863206e-01,8.439728179251884121e-01,5.475198591269959669e-01,9.929045043786106639e-01,6.291752430644911298e-01,7.896182154618449633e-01,8.973169926693769227e-01,8.169854361299666579e-01,7.350246380361059595e-01,7.329909752968699621e-01,9.716557428462728740e-01,4.568609504958949796e-01,9.019190419182296914e-01,8.222509024577483450e-01,7.246044088031888819e-01,4.129339959485823219e-01,6.461226876461548807e-01,3.937007105260149631e-01,4.065393697806288786e-01,1.072412355476969337e-01,8.094971619239095251e-01,9.323934321030905581e-01,2.145405612843516441e-01,7.321850834549685771e-01,4.668365877020341781e-01,2.279163732075753512e-01,9.398064549543778678e-01,9.139046192999108476e-01,9.927143204384749620e-01,2.479582137713259304e-01,7.499523326725456851e-01,8.128001897651947472e-01,8.097127185664909632e-02,9.795346908994285728e-01,7.164102486803731740e-01,7.660481319638127173e-01,8.946645858193811307e-01,7.799506647185504571e-01,8.508500519846625698e-01,9.661578281649321198e-01,7.186102429032438232e-01,6.012264100168362990e-01,5.148164721795069898e-01,9.908032453094344216e-01,7.460803917566816157e-01,8.305663640809732851e-01,4.928222804747086072e-01,9.126977734126013875e-01,2.780181852570199896e-01,9.410762728894389584e-02,8.273014188651709455e-01,7.735700133300710268e-01,5.793674392606004142e-01,6.876113422546510368e-01,5.156600820027584797e-01,6.826873574511713727e-01,7.743137542232507720e-01,9.139932653999482959e-01,8.258929773087756443e-01,6.014467660295120810e-01,8.917360766739302891e-01,5.922685334089589082e-01,7.606298955047319926e-03,6.813512868138501544e-01,4.240735857457087477e-01,7.827303455198653115e-01,9.957278124798869534e-01,7.999495824143783018e-01,2.645611852226490424e-01,9.664885113294832131e-01,9.847430241266836859e-01,8.581291881725854331e-01,8.745905436755745388e-01,9.858326320710232293e-01
8.859535972419875227e-01,2.945008982895779281e-01,9.540676827760092849e-01,0.000000000000000000e+00,8.013785441162468715e-01,5.878759451088264587e-01,6.748161851040566095e-01,6.671508763813764897e-01,6.818136846260720585e-01,3.596613202054180780e-01,9.112688303632152653e-01,9.593835739931380058e-01,9.608500555643819663e-01,5.640175552584124619e-01,9.042568287744684463e-01,8.956701700921810838e-01,5.065187006173145212e-01,9.030773358748732660e-01,7.525377014079448479e-01,9.307888726502242527e-01,7.164400253618177228e-01,3.458548029125747547e-01,8.520803969890827778e-01,8.101015295400983973e-01,2.011557464798559847e-01,8.633749201571205845e-01,6.449585825927599547e-01,5.951766286914526027e-01,3.452396197338932771e-01,5.090245316365444861e-01,1.986594969795513477e-01,5.477367043590168905e-01,8.485259603859924837e-01,7.977694578281476767e-01,6.773090378562426350e-01,4.912118829064679448e-01,-5.447576368676624314e-01,2.450545312392182207e-01,3.204101805401198266e-01,7.541591050374892857e-01,3.573869358317425249e-01,9.083002466617550175e-01,7.963204207903340492e-01,7.894144910605134235e-01,6.747822718598764924e-01,2.494709204678700332e-01,7.943552977407373206e-01,5.126002119323358475e-01,5.095081801971008684e-01,5.508417166090535666e-01,6.470712432500143052e-01,6.732561252597053514e-01,7.375692251385581599e-01,6.608246763960923253e-01,7.304625023104945880e-01,7.154767871585064887e-01,5.265269890602766178e-01,7.032946653555994798e-01,7.701166193695787587e-01,7.185346564843521078e-01,4.019791866320627238e-01,6.129445674228235497e-01,6.523196034180599456e-01,7.999072664763813290e-01,7.194912110151912010e-01,5.232373254410983554e-01,9.331862658634827445e-01,7.822777186687297490e-01,3.068387015333088330e-01,7.538876315923467297e-01,7.099817335458504797e-01,2.682506364878177729e-01,4.079809888962580011e-01,4.499274789307389777e-01,6.473632273802589765e-01,6.019223785626066636e-01,6.009242936949609204e-01,4.036298348448720263e-01,2.656562930344110729e-01,1.735887196005069799e-01,4.216698258865145266e-01,6.336892580153652421e-01,7.948207173173870155e-01,4.664496264035800643e-01,5.938946344277548084e-01
7.249225109983561399e-01,9.143554846542545356e-01,4.298203707739043505e-02,8.013785441162468715e-01,0.000000000000000000e+00,8.507292656717428958e-01,6.406565396182445360e-01,6.900066592958313816e-01,4.369440197405933812e-01,7.367754956323757654e-01,6.008633517113011191e-01,9.528875552041050634e-01,6.913437583957858790e-01,8.330784214884608962e-01,6.509154214456973619e-01,4.000944217021070726e-01,8.169153984286473547e-01,4.276420418110234434e-01,8.759724924812835045e-01,9.261541160297740438e-01,4.422248851431896388e-01,5.384722047721912652e-01,6.812158788472981730e-01,7.528263606489165038e-01,8.111462506546713858e-01,7.347157303648567117e-01,6.493887930895364535e-01,4.222951162695423033e-01,4.268770126880500615e-01,7.665315190192186767e-01,4.041368679106203121e-01,7.769294172904410711e-01,7.481446351250480298e-01,3.631531761919312151e-01,8.145034939185732403e-01,3.190240907461514563e-01,9.923811932817644399e-02,3.276423610506828954e-01,9.561315961410485897e-01,3.137056329437210578e-01,6.450388216096298866e-01,7.754867244312659835e-01,4.762444673343467771e-01,5.449865328401355402e-01,8.491330580738684075e-01,5.137420968326363857e-01,6.971556701288528224e-01,9.434661143924785165e-01,2.753444069827739801e-02,6.858202744494718006e-01,4.155470462005314558e-01,7.316988620225770568e-01,9.903479431162282021e-01,5.971363865352196099e-01,4.932800599550233867e-01,9.937211187783034916e-01,6.005943056611717790e-01,8.466932947183352098e-01,6.397166163551690765e-01,2.793127343366408333e-01,-1.651317585365150720e-01,3.078840508569630208e-01,8.724906541676743510e-01,6.211835336441212663e-01,8.235698876151344994e-01,6.090809623391889582e-01,5.401908503701976505e-01,8.973799596407938672e-01,5.989335161228640514e-01,9.225050948375203008e-01,5.776948096633205409e-01,7.252296486309047774e-01,4.703115758561806636e-01,3.089000009797256141e-02,1.616123702816759378e-01,2.255287544509455289e-01,4.583347718611350818e-01,5.830660485718778263e-01,7.808583111828960588e-01,6.823417324602254475e-01,6.682076929141289590e-01,6.896673717858606834e-01,4.129366809105710634e-01,4.446219516460029886e-01,6.529977450089932134e-01
8.193162347656275379e-01,6.229606559816054379e-01,5.787058712529218329e-01,5.878759451088264587e-01,8.507292656717428958e-01,0.000000000000000000e+00,-1.156203554054482940e-02,5.413473970458456686e-01,9.364190431593448771e-01,5.080185503599591312e-01,4.471405818182900282e-01,6.868364363626854319e-01,2.117091717259976524e-01,2.808687021286748742e-01,-1.862243910946698444e-01,5.373122896450637648e-02,8.920842494534978462e-01,6.444204185939874652e-01,4.620288675766977271e-02,7.278967898842928497e-01,5.856059935987194542e-01,7.148889089960971388e-01,7.127879945741349976e-01,9.877966998116903818e-01,6.122430418995653545e-01,6.597561211543787607e-01,7.312853113019578410e-01,6.078029943374552158e-01,3.667593893815787043e-01,5.770814235468203490e-01,7.126014008801534461e-01,5.409770490936658405e-01,4.501140413735826296e-01,6.963771359458822419e-01,3.147341654959404655e-01,1.455015262020107336e-01,2.962158811639327149e-01,2.377594312248177688e-01,8.428419473460273537e-01,6.667003988613700027e-01,1.273576098037882687e-01,4.673705627134937535e-01,6.849644150687144162e-01,6.224342996083989110e-01,7.262146390678955177e-01,5.968441810748255083e-01,6.821127239666322506e-01,1.496532025241635033e-01,4.871605478714138293e-01,2.385050560420395871e-01,7.464879239087662821e-01,8.522279471818612340e-01,4.932080194732409995e-01,6.983991416607540081e-01,9.504680361030309887e-01,6.872896421032990144e-01,6.919865819804541518e-01,5.644995521938065419e-01,5.232944866577702303e-01,3.775837881777604488e-01,7.531182785138654801e-01,6.036165941659275141e-02,2.363472413680591522e-01,9.439500975243290126e-01,5.406756852634009292e-01,4.826084725841384704e-01,8.478799210417891086e-01,7.557675299330177676e-01,2.319988287559491408e-02,8.636737595287371505e-01,8.630885075222809455e-01,9.574188584981507821e-01,4.967390905921874600e-01,2.894663120313603621e-01,3.982418753633162889e-01,7.041596359593748078e-01,7.630024407471022174e-01,4.412071519525477825e-01,3.682815989355083808e-01,9.276360897158492103e-02,4.157394290196205766e-01,4.409926984364954672e-01,5.348661674132890731e-01,1.993701837356532669e-01,1.528642777600754989e-02
4.233240425326804113e-01,4.805422491047267597e-01,9.046770620232749138e-01,6.748161851040566095e-01,6.406565396182445360e-01,-1.156203554054482940e-02,0.000000000000000000e+00,6.305711294077990248e-01,8.980075696253498121e-03,6.836001504537355666e-01,2.651207373380507493e-01,7.611883208576886162e-02,5.184188271475813625e-01,6.929236770499402898e-01,8.076919375836465465e-01,6.547724437847701751e-01,9.650020626404987034e-01,4.886874830045030982e-01,6.053664262146649655e-01,6.548838773743581587e-01,8.481308584659409400e-01,4.764810989083405612e-01,4.787759755751372914e-01,6.631698025458153678e-01,7.133176744806080105e-01,4.827312016906619707e-01,3.015837712612212673e-02,4.684803022230867309e-01,2.290343721733340276e-01,-1.384589388223005646e-01,3.207960101247673279e-01,6.769228539301481717e-01,4.320911317996322110e-01,5.823137558304916639e-02,5.233029504075521476e-01,2.764968127703669176e-01,3.633370849196321251e-01,2.362535097911187543e-01,8.733364455457568454e-01,6.152538034892376384e-01,2.277362288643704491e-01,6.652024451754827705e-01,6.431181507513955564e-01,7.263867572759157287e-01,6.366194896902531708e-01,6.824678466079924233e-01,4.001634460333518550e-01,7.110487135198834130e-01,4.956230838777465064e-01,5.956355766389372919e-01,6.931698761093825212e-01,4.836566483292881191e-01,6.449519216720014381e-01,6.291097313089909493e-01,4.392946850471588505e-01,5.010975635918587523e-01,4.912348737653511321e-01,6.316265043213058483e-01,7.046529526570253221e-01,4.522673017378602833e-01,5.124888939538247978e-01,5.520888081209178733e-01,6.661426583913491184e-01,5.129207172517609159e-01,6.859980790936803796e-01,4.582205594945092941e-01,1.228200405363417957e-01,9.265746519765013511e-01,3.058296753023139192e-01,7.876460031209608914e-01,4.050270305156287165e-01,7.061647817374098191e-01,3.376745863121110025e-01,5.840057462288490431e-01,4.494476989712916648e-01,2.523527564246740296e-01,3.414017827015657924e-01,2.067680200322166706e-01,7.652246364620126640e-01,-1.774755682897457831e-01,6.512941080171988917e-01,7.314985581144708426e-01,5.563265913973769461e-01,4.196977927446680079e-01,3.099465520039877409e-01
1.871625611231079456e-01,4.356142501201368811e-01,4.273629426516939445e-01,6.671508763813764897e-01,6.900066592958313816e-01,5.413473970458456686e-01,6.305711294077990248e-01,0.000000000000000000e+00,3.499643612891092381e-01,4.999484241327660783e-01,9.223051617819911785e-01,-1.006513395782754339e-03,9.971991980255927590e-01,4.192065783853047289e-01,7.769204500850785955e-01,3.696268014102661592e-01,5.553367197994391047e-01,7.799444252714999859e-01,7.594003713130709210e-01,8.843456957748562219e-01,7.531650527190035804e-01,6.890694468569823483e-01,4.822221118721576327e-01,8.083564714438716825e-01,3.941954170251597001e-01,4.506174848314472015e-01,7.864332046421960154e-01,7.489038111575004875e-01,2.911456672979867988e-01,8.903332146322462740e-03,2.247200801724331676e-01,5.560154262337256847e-01,5.114363794789237305e-01,6.142513179054652772e-01,9.756128865569164699e-01,2.535999298957634096e-01,3.188983409640442357e-01,7.471598702538594372e-01,7.661510056888500841e-01,-2.484439597577340064e-01,4.060034049494826158e-01,6.529298739127489259e-01,1.484735907491897267e-01,6.708469073456911902e-01,5.006979630134290593e-01,7.578643765397059529e-01,2.464154341421223582e-01,7.806946277507889054e-01,9.797182158940515029e-01,4.339965527093586628e-01,6.031909678434637101e-01,1.745758228527728440e-01,4.258942876118376741e-01,3.374726411540732163e-01,7.470442809446111720e-01,9.234974002226616907e-01,3.647142639832656741e-01,2.099722052663449134e-01,6.543056274469115641e-01,2.365788798347258637e-01,5.250425692788682763e-01,4.031959008953995283e-01,5.453406111831700098e-01,9.240209030921529010e-01,5.292056361177742696e-01,7.295980095573963986e-01,5.320179943634524289e-01,7.056201180489447555e-01,4.241160233002030377e-01,3.636659902861766325e-01,6.709748011731531125e-01,7.107511320953088241e-01,7.165315110641784502e-01,4.911746293255688789e-01,6.991827532929016931e-01,3.544775245071626335e-01,2.503676546828249583e-01,4.441113837845074852e-01,1.218984452748036046e-01,1.481018614272910927e-01,2.976536753317862161e-01,6.153218529014095051e-01,6.389990401997571734e-01,1.948794932477748709e-01,6.239991526171391190e-01
6.587485071955143656e-01,4.851050935423737442e-01,7.376196566774517738e-01,6.818136846260720585e-01,4.369440197405933812e-01,9.364190431593448771e-01,8.980075696253498121e-03,3.499643612891092381e-01,0.000000000000000000e+00,4.118981063894462946e-01,5.745959046798531089e-01,3.695143835576358837e-01,4.377055139276634366e-01,7.014428446581049137e-01,9.393761444095287683e-01,2.759085864678359479e-01,6.448300150466119707e-01,2.062830917715421097e-01,6.393952572033956283e-01,9.816682917091997806e-01,6.904691634473124617e-01,2.694801781396231610e-01,5.530282984341090557e-01,8.245082817190861890e-01,4.928254196124502995e-01,2.929153021962452308e-01,8.115826786525376368e-01,7.411399644064972092e-01,4.547691414570635415e-01,5.757801806136475520e-01,4.074817098140356975e-01,4.144109162392869417e-01,4.143125225626052011e-01,7.605315494934731246e-01,4.302254668023952622e-01,2.164988741278519868e-01,-1.441837508709680471e-01,6.011173166993720729e-01,5.286232069059191296e-01,6.277700037470409500e-01,6.204874737642889215e-01,2.282779267170765292e-01,7.907890860777259112e-01,7.066418328754523470e-01,5.225900564481059662e-01,6.342768432524791278e-01,2.621359918552319535e-01,6.624234095358043639e-01,4.203209924351111737e-01,4.219461440047698186e-01,7.784069807114135653e-01,7.359204958847844757e-01,5.998145775634599053e-01,8.412460825249268304e-03,1.628976868101015274e-01,7.239406631594637043e-01,4.113778798905007861e-01,9.087017515659340239e-01,9.024270779481666782e-01,4.772229740534920106e-01,2.546948654186727001e-01,9.700620096386852742e-01,7.164850695901922029e-01,6.224523772071929306e-01,9.037326543317205640e-01,5.344392819517872484e-01,5.097923839272918700e-01,8.553286480992292606e-01,8.941847142262210335e-01,5.077329515397889237e-01,6.726720313373106830e-01,5.705818689324245740e-01,5.539096828903369296e-01,2.043305613276687194e-01,-1.564726036358307926e-01,6.649933676217215650e-01,7.904677175509021714e-01,4.010060266723368128e-01,1.595036811804952936e-01,6.117109776820774947e-01,2.417522819157696956e-01,7.275486746184733899e-01,5.989323268192767724e-01,4.096614369554396791e-03,9.416248350445890480e-01
6.913433484019471109e-01,8.699791374186067738e-01,8.739703630984770877e-01,3.596613202054180780e-01,7.367754956323757654e-01,5.080185503599591312e-01,6.836001504537355666e-01,4.999484241327660783e-01,4.118981063894462946e-01,0.000000000000000000e+00,5.269004563520719442e-01,9.575132710384283152e-01,9.278867872599473321e-01,6.954587369415515807e-01,5.195342868282580850e-01,2.516106059689756647e-01,9.086698125800136694e-01,6.084613560899502227e-01,4.579089424717339152e-01,5.539811932409096640e-01,8.307090384614590484e-01,-7.331207686936705437e-02,6.470802471853499549e-01,9.404217474667295740e-01,-7.511705962176784546e-02,4.953465219464358582e-01,6.603237627295643897e-01,6.770510153132988096e-01,7.570231124125124111e-01,5.885270936580506707e-01,2.828204303415515208e-01,6.765218748665756676e-01,8.807401809793028447e-01,8.383328252323658525e-01,-1.973842135228160988e-01,2.941604645624670278e-01,1.710950719934745956e-01,3.843557154693226785e-01,8.012088316711686309e-01,8.488352572918422823e-01,4.066612623113788350e-01,2.971795866705022604e-01,4.676426961439666408e-01,4.466395677293990008e-01,2.546493225858386111e-01,7.602850046893983027e-01,6.521521527442892818e-01,4.381955061375089611e-01,4.946100927893912202e-01,2.589455131517612863e-01,7.064970778376565841e-01,6.445090034352478625e-01,3.151768173509273407e-01,4.876264784706229594e-01,7.079535712953727300e-01,6.993037750102567562e-01,7.390705596460434013e-01,7.290813964448440432e-01,6.359990703761054798e-01,4.288245749891831382e-01,7.791527650323866183e-01,5.628296226790547863e-01,6.430264197451314168e-01,6.612513056092192976e-01,5.587166735882705959e-01,2.932097239510630393e-01,8.331304088050692780e-01,1.123464012189416411e-01,6.824721891778152694e-01,7.921064637751038529e-01,2.313187295131587107e-01,9.936473386349659043e-01,5.205571863644030683e-01,7.235289858807723018e-01,7.260694434085082083e-01,9.333620029331461954e-01,7.370878077249748417e-01,9.804434154269946466e-01,1.963165407886948155e-01,6.090803817136588583e-01,7.015897873195907630e-01,7.393089014598681619e-01,2.592585905836319871e-01,5.483840220172153668e-01,3.923184303183530064e-01
9.657609970287925893e-01,4.826534752005512408e-01,9.311167099101479439e-01,9.112688303632152653e-01,6.008633517113011191e-01,4.471405818182900282e-01,2.651207373380507493e-01,9.223051617819911785e-01,5.745959046798531089e-01,5.269004563520719442e-01,0.000000000000000000e+00,8.125128521665654358e-01,4.350204273867757099e-01,2.772853311330433779e-01,4.812135500721395065e-01,2.763504088663186822e-02,9.522194700094036568e-01,6.556427744728452467e-01,4.369424472357218425e-01,7.629600891629856330e-01,7.809768723413846869e-01,4.969362212631320275e-01,2.308629654210078708e-01,8.440045102422832901e-01,7.585715945724944564e-01,2.962093781205990539e-01,5.306440718957357028e-01,8.493873629904324929e-01,7.896639992996928870e-01,5.474028366437266868e-01,3.996413063788618047e-01,2.129576267741247197e-01,7.166780528925835725e-01,7.715409192562796559e-01,2.269244874071960905e-01,5.500597435248302247e-01,4.579953702466908472e-01,5.599488224329254304e-01,5.891232278075742013e-01,3.025720814605756814e-01,2.662063668056016130e-01,9.835103557007180974e-01,4.333266975622501738e-01,9.721481082692945419e-01,9.685873935650407551e-01,6.312387450141137002e-01,5.093840828846722957e-01,6.721447855078072076e-01,4.290351742660249990e-01,5.896438842767097732e-01,6.692026285443766209e-01,5.890104444987541710e-01,9.402731940093446150e-01,7.571747640199764096e-01,7.525613555070295169e-01,9.086750362074224041e-01,7.825922594641986363e-01,5.708315657909545093e-01,6.346858791213034756e-01,3.566134647498793442e-02,7.087415346648145986e-01,6.903697831073202229e-01,8.491215149641158089e-01,4.545896707839107154e-01,6.715933133396480015e-01,4.232215518207476102e-01,9.139328421963178739e-01,5.114408832347722145e-01,5.615187719944635392e-01,5.014137714052697703e-01,7.033037682443838978e-01,4.914116919909384817e-01,2.453875400763314008e-01,3.684093700670886262e-01,4.469908362937563551e-01,7.754599086981504019e-01,8.060777653496742357e-01,3.374618541153857620e-01,5.431267891727789010e-01,5.433915832556992509e-01,5.652131426012571014e-01,2.701833535937264164e-01,7.168574846266716483e-01,3.556408913427279161e-01,8.528409982661739885e-01
9.388650069300236156e-01,5.930574264083672276e-01,4.928799558327863206e-01,9.593835739931380058e-01,9.528875552041050634e-01,6.868364363626854319e-01,7.611883208576886162e-02,-1.006513395782754339e-03,3.695143835576358837e-01,9.575132710384283152e-01,8.125128521665654358e-01,0.000000000000000000e+00,8.607961709253496574e-01,6.717299661258150367e-01,6.167010432109579776e-01,1.809557024179487827e-01,4.030272840384127031e-01,9.393930763535566220e-01,8.411757974632839696e-01,8.681508650636873270e-01,9.769186170514876366e-01,6.875221188211243506e-01,8.868056728524401633e-01,8.732308646369540961e-01,7.575391715874755239e-01,7.830160645701235156e-01,9.916604973101068587e-01,6.575884105765522625e-01,4.797325331459296738e-01,4.445708232391435422e-01,2.064148298617768940e-01,1.650772602570389769e-01,7.769918653011835818e-01,5.841743310670524103e-01,7.626198558925881832e-01,3.496854634407836615e-01,1.481923494228563898e-01,6.808003148568351204e-01,6.822555028392239818e-01,9.147477520892953740e-01,2.822007742796297514e-01,5.357282334789531530e-01,8.204652460316740337e-01,5.482894264935453954e-01,9.296450525261943376e-01,6.750658810208932659e-01,8.383256869128760114e-01,6.673847723668274723e-01,7.124717255157655416e-01,5.367594866122297192e-01,5.982172357606991842e-01,5.493348767597272531e-01,9.896462903094146446e-01,6.593177748196787924e-01,8.722193609397911329e-01,1.452065480292719091e-01,6.418739186467210533e-01,4.557763205770811177e-01,6.292790846406349781e-01,7.793758545248928860e-01,1.611159576358000001e-01,5.944773346765069855e-01,2.000527252373474896e-01,4.165513785053683860e-01,7.944825934665332712e-01,4.648131971597803669e-01,7.567082510829719055e-01,9.056540512391983988e-01,7.926752840623301211e-01,6.927678425641706772e-01,5.162062614285438666e-01,5.754119730697666579e-01,3.719244664673766465e-01,5.020106910931684263e-01,7.099903781187302254e-01,7.725262569069092367e-01,7.899312372026250362e-01,9.093617367936196461e-01,3.801509859548348746e-01,4.020209477470670922e-01,1.105897089383776760e-01,9.960009546023697036e-01,4.122176991503505583e-01,3.266300294178313690e-01,6.701460299046823055e-01
5.719171314261479733e-01,8.401760660415314996e-01,8.439728179251884121e-01,9.608500555643819663e-01,6.913437583957858790e-01,2.117091717259976524e-01,5.184188271475813625e-01,9.971991980255927590e-01,4.377055139276634366e-01,9.278867872599473321e-01,4.350204273867757099e-01,8.607961709253496574e-01,0.000000000000000000e+00,2.867161496573475965e-01,8.255653123716089059e-01,6.869826107684149363e-01,8.723178336955392798e-01,4.004679143673338104e-01,5.056806078945901284e-01,6.951628850607772803e-01,8.886911597686029118e-01,5.756096175854925612e-01,6.716598101743327387e-01,5.247443205262857235e-01,7.147437201801061235e-01,7.184238109149633233e-01,9.117668151052015224e-01,2.975643670603713709e-01,4.080443604963784332e-01,3.229825720485318130e-01,3.276727963159520862e-01,2.225656699755946821e-01,7.322086095777660120e-01,7.859382603397381262e-01,8.522119213726033760e-01,1.291989729269695519e-01,3.099660829231513648e-01,9.044610580027760971e-01,7.611715936559471096e-01,5.480576906502335754e-01,1.788646926098085288e-01,6.499207895475362928e-01,5.614536556467017991e-01,2.668573039581817463e-01,4.108872683727113340e-01,9.635255503762848450e-01,6.481030976854468273e-01,6.545550503956706345e-01,4.522247395864851249e-01,6.943089098345869292e-01,6.105572448939675656e-01,9.666208364209015746e-01,5.594122284059063199e-01,6.557525220674894628e-01,6.272611095356457334e-01,9.174090492231944394e-01,3.260944496017097460e-01,5.425683171874198241e-01,1.960765158961988441e-01,4.740889936145718520e-01,5.054553361518845378e-01,8.260738203831671234e-01,6.277085137503788381e-01,7.213782119495334433e-01,6.817673154199717089e-01,9.732154045975617285e-01,7.935040764823098058e-01,6.384732381072957264e-01,5.446504013801868327e-01,7.292701883616671266e-01,8.071809152843263391e-01,6.384119903958103137e-01,5.928333309502356596e-02,3.425213188836591649e-01,5.383526470045713053e-01,7.244573467442183556e-01,6.152761102051550468e-01,3.738561054013923024e-01,2.278416411153416643e-02,5.359072465839977983e-01,7.639372619653010954e-01,4.835830938206544527e-01,9.081912541240588777e-01,-3.400761509624842249e-01,4.051172254600759332e-02
9.519848770083462197e-01,9.373163525487224756e-01,5.475198591269959669e-01,5.640175552584124619e-01,8.330784214884608962e-01,2.808687021286748742e-01,6.929236770499402898e-01,4.192065783853047289e-01,7.014428446581049137e-01,6.954587369415515807e-01,2.772853311330433779e-01,6.717299661258150367e-01,2.867161496573475965e-01,0.000000000000000000e+00,5.223940050306199456e-01,7.865617687597290519e-01,4.019969717580626489e-01,9.940405597882180366e-01,8.646231986023151794e-01,7.624428693035042448e-01,7.456893185248842926e-01,7.281628519600393812e-01,7.691295649066236528e-01,8.808566525131731328e-01,3.957445638933336229e-01,9.435932537930904473e-01,6.245371225408168359e-01,7.924590451577786521e-01,-1.135003101445787865e-01,3.405178830326218709e-01,2.241080770975709124e-01,9.918181192910655586e-01,7.044864732527286177e-01,4.821882374819631001e-01,5.950578379184646716e-01,3.906333737146974183e-01,2.856940714157741867e-01,4.461018709781411906e-01,6.658312355890362300e-01,5.898760662063646798e-01,2.187744921793517983e-01,7.909782516467709357e-01,6.296979078846189903e-01,4.992046554780402157e-01,7.965947463236983106e-01,9.206720755347578278e-01,6.826254455373249597e-01,5.756687793389523300e-01,3.958317736967356670e-01,7.069646024698091891e-01,8.596343768644111316e-01,3.515433635925484523e-01,5.445051509907031795e-01,6.090615911713076480e-01,3.316737535297520356e-01,7.427249836025549001e-01,4.703716981614781689e-01,4.889482871624068472e-01,6.220801854537019171e-01,3.014130208403099642e-01,-1.760997251960174093e-01,5.562501165123564517e-01,6.322240008659908428e-01,6.508365416630066402e-01,7.402301690435069137e-01,5.158064540761522210e-01,8.559448875777926347e-01,6.095238042160564529e-01,5.068517904948334207e-01,9.043438870751835390e-01,8.498294350305928280e-01,7.421713667457929819e-01,1.113496816565259506e-01,2.856698547754774054e-01,4.416094184429030789e-01,7.272577849889119150e-01,6.693454565194205674e-01,6.384891426007246462e-01,5.963596402658237761e-01,4.250075026874826079e-01,9.511996690723698578e-01,5.013505028670761643e-01,8.194124556471372722e-01,7.680766015691087301e-01,5.363221637775421602e-01
7.194239224612960504e-01,5.421505647601319033e-01,9.929045043786106639e-01,9.042568287744684463e-01,6.509154214456973619e-01,-1.862243910946698444e-01,8.076919375836465465e-01,7.769204500850785955e-01,9.393761444095287683e-01,5.195342868282580850e-01,4.812135500721395065e-01,6.167010432109579776e-01,8.255653123716089059e-01,5.223940050306199456e-01,0.000000000000000000e+00,6.040687429715828616e-01,7.345484561883723895e-01,5.406870328086389454e-01,4.553037701973614571e-01,6.690360361911106279e-01,8.950656672802750347e-01,4.083826607822329535e-01,6.941370084186863076e-01,8.031195109164567247e-01,9.043896942252237503e-01,6.154137229105548501e-01,9.908470252142766999e-01,7.640004532525532799e-01,7.990284730653696155e-01,4.829339198305440672e-01,3.856864773322554174e-01,5.296327858237730446e-01,7.574204689142719493e-01,7.561620092632850287e-01,4.634268895871096472e-01,6.524963607240744645e-01,1.747742021523509270e-01,2.117757760650261223e-01,6.565952287230694129e-01,3.184311194694910974e-01,2.616557391254593634e-01,7.741727047945036189e-01,7.034878351651989714e-01,6.194665169672191052e-01,8.511313684219027342e-01,3.428457242990572418e-01,2.229582888982571953e-01,5.303282055241751447e-01,5.436447548060832635e-02,5.360545866061615650e-01,5.190076596353627725e-01,4.724204832976847124e-01,2.791831284547618974e-01,2.985933652492817059e-01,1.135383620925150688e-01,8.896546186362471742e-01,6.825122132248689910e-01,4.082542992195379306e-01,6.184438436576508158e-01,4.705360318272008846e-01,3.258014146670282773e-01,7.137548075906607892e-01,2.617084435490003580e-01,8.740220681182337970e-01,6.740415855258482525e-01,6.320162585446943426e-01,7.695689265013844205e-01,9.883377367555261639e-01,3.047560172778764898e-01,6.411076118510992128e-01,7.848689522628066184e-01,5.196621293658503227e-01,6.342927885214519890e-01,2.490935737811000861e-01,6.046960599870394582e-01,6.715874090779254679e-01,3.216607940313590541e-01,2.219014999854222459e-01,2.879138496970258254e-01,5.915464182247284208e-01,4.587866689215283622e-01,7.246755563091074048e-01,5.185834939013198586e-01,1.642466421018283496e-01,8.751685926832606377e-01
8.529400982523691610e-01,4.838531497121174030e-01,6.291752430644911298e-01,8.956701700921810838e-01,4.000944217021070726e-01,5.373122896450637648e-02,6.547724437847701751e-01,3.696268014102661592e-01,2.759085864678359479e-01,2.516106059689756647e-01,2.763504088663186822e-02,1.809557024179487827e-01,6.869826107684149363e-01,7.865617687597290519e-01,6.040687429715828616e-01,0.000000000000000000e+00,4.762827127521478965e-01,8.015775341604352011e-01,6.396495155321887394e-01,5.045431135310570747e-01,8.957944125678054537e-01,7.258224082193350801e-01,4.617756111885805703e-01,3.054172289268095586e-01,4.229266898583724510e-01,6.725930905740874488e-01,6.791980787094845651e-01,8.977049673243162609e-01,7.917979341839376239e-01,1.860432937212819493e-01,5.061173617340660735e-01,3.873822111336757690e-01,9.948270145534224840e-01,7.765062413633502247e-01,5.361649703520453558e-01,1.366277690881868290e-01,2.489932824312635073e-01,4.911601793301245689e-01,7.444533191447347820e-01,7.968316744073350444e-01,2.272924142310958906e-01,-1.214301420999687603e-01,9.739465936999133211e-01,-5.597108895574290366e-02,7.039414887926502828e-01,6.164636402085998945e-01,7.786226948857966068e-01,1.847686527317440319e-01,6.534769494951010449e-01,7.078608763655172553e-02,4.017673033174152253e-01,3.842195463527936505e-01,7.109884259947314433e-01,1.453287694735532487e-01,9.192345600631381952e-01,7.214768644077833581e-01,4.544111393458136194e-01,4.180888543566113058e-01,2.902142149805445603e-01,5.165906377854289078e-01,4.713899967600704843e-01,5.925184524387731022e-01,2.520954551953754064e-01,4.440716603439642252e-01,8.029517996286945625e-01,1.312162355351139675e-01,7.243656720161751883e-01,7.685280274115410259e-01,5.846572064997979101e-01,4.710806130211451226e-01,8.354819117856451260e-01,2.064099709098611013e-01,2.439783363613278466e-01,4.442674038567402395e-01,4.932781874817851464e-01,8.644658275833022598e-02,6.789188783938544525e-01,3.852946919480260135e-01,4.372347619341657166e-01,2.182040803261247122e-02,4.889992343425733634e-01,7.330497573406600242e-01,7.650215005031562043e-01,5.555431362959325492e-01,4.771501934571633630e-01
4.330156878488320427e-01,5.109954537171959021e-01,7.896182154618449633e-01,5.065187006173145212e-01,8.169153984286473547e-01,8.920842494534978462e-01,9.650020626404987034e-01,5.553367197994391047e-01,6.448300150466119707e-01,9.086698125800136694e-01,9.522194700094036568e-01,4.030272840384127031e-01,8.723178336955392798e-01,4.019969717580626489e-01,7.345484561883723895e-01,4.762827127521478965e-01,0.000000000000000000e+00,3.144384556765142946e-01,7.318538130438809741e-01,7.794414834481333543e-01,8.483847524810884666e-01,7.946473293345974742e-01,5.685802251757452463e-01,7.549613536605405129e-01,9.849526624470060499e-02,6.944033780714904402e-01,8.879026637684478418e-01,9.924747542969830638e-01,-7.805866533904494420e-02,2.385767192727560881e-01,1.227337741321962716e-01,6.393009071982375113e-01,8.733801472955035061e-01,7.049115064864353020e-01,8.250140383234766395e-01,5.639043776969047128e-01,2.308782476540320872e-01,4.045719488240848705e-01,4.994291724918695774e-01,8.408735101010249569e-01,3.067988546885898615e-01,3.115364427312091733e-01,6.203719032794799970e-01,5.260152492228803434e-01,9.830726330521688539e-01,7.243602481685353922e-01,4.257349784512864388e-01,7.720675336142369671e-01,7.813204749567848051e-01,8.845840719565978283e-01,6.521705926036666101e-01,7.064250495674421204e-01,5.858631975314415596e-01,9.555825554459154159e-01,7.405201310736683196e-01,9.495549760504581327e-01,8.832344301594802216e-01,9.846045265198604124e-01,4.816435784780062068e-01,7.739015454332803801e-01,-5.283568486074738391e-02,7.917443138704269856e-01,5.365577568293791177e-01,6.828898611657033824e-01,5.767759563179323257e-01,9.514518420882844829e-01,6.129432885970911293e-01,7.093776728768478312e-01,2.499554253279317184e-01,6.582116056164933893e-01,3.731874729205234553e-01,6.449146946692568827e-01,1.103619764001371878e-01,5.980258858927958165e-01,6.922795735107724058e-01,5.947798691517951486e-01,9.195849096844772586e-01,4.570012779593271013e-01,5.302593961394130861e-01,5.596859567886264264e-01,7.541017436084833658e-01,7.289484280139750805e-01,5.351834277396767536e-01,5.293416630470046957e-01,6.676765558741233342e-01
6.484256906549106247e-01,6.875612963453604509e-01,8.973169926693769227e-01,9.030773358748732660e-01,4.276420418110234434e-01,6.444204185939874652e-01,4.886874830045030982e-01,7.799444252714999859e-01,2.062830917715421097e-01,6.084613560899502227e-01,6.556427744728452467e-01,9.393930763535566220e-01,4.004679143673338104e-01,9.940405597882180366e-01,5.406870328086389454e-01,8.015775341604352011e-01,3.144384556765142946e-01,0.000000000000000000e+00,5.828101810907360125e-02,6.704861628774084759e-01,9.078596675889661904e-01,7.604184221128063026e-01,2.667264576435940948e-01,9.831910244139351329e-01,2.229510029366785773e-01,1.175362431707007715e-01,7.856933747478855867e-01,3.715807010856424508e-01,6.635927283906837282e-01,4.362189666930599286e-01,3.430662341863980336e-01,7.449647955962797052e-01,5.511447099454838128e-01,7.112139093201005347e-01,5.620571889775360930e-01,2.478146835491388533e-01,-1.187301451550918374e-01,4.747642064742569890e-01,6.669746645140832708e-01,7.108143884230668785e-01,2.453455772845163918e-01,7.451238859821365246e-01,8.121000572477308221e-01,6.868513506455780071e-01,8.067052705470749707e-01,6.675675559228121392e-01,8.282201338116840228e-01,2.024864418768315688e-01,6.309827096426301463e-01,7.708167159028082027e-01,9.733661927563914684e-01,5.303313585630344829e-01,6.334127944486872552e-01,6.304120843047301692e-01,9.047580475068829342e-01,6.980385741479022688e-01,4.406478461978038386e-01,7.759597064420459267e-01,5.226993106705973835e-01,6.116076879067056105e-01,7.939036652399776850e-01,6.050193860380411737e-01,6.473670029094861222e-01,5.310458634882739837e-01,5.187413824095059578e-01,5.928430862097001652e-01,6.375339387216880649e-01,7.133712319363687548e-01,7.013260278624949828e-01,8.242697536650952506e-01,4.732573226711118686e-01,6.667096190979991954e-01,1.430277845597237307e-01,5.762390314613919928e-01,3.184247863840875548e-01,7.250465069331368806e-01,6.910232611735440678e-01,6.745366672886176085e-01,5.205378439583874250e-01,4.212539548292453806e-01,5.287649771663553988e-01,6.424601932941895743e-01,7.456522612379341552e-01,5.972690534898003056e-01,9.264928762156046105e-01
