0.000000000000000000e+00,8.057128504357239374e-01,9.161302932562018775e-01,8.293931881029029674e-01,5.604873257550355703e-01,4.191624387694627973e-01,7.740596507612164112e-01,8.182610528354212764e-01,6.120315584781278462e-01,9.437532915470905337e-01,8.229487599666692743e-01,7.874031869241173709e-01,8.761149147407134574e-01,8.716316794646958854e-01,9.011014654172435634e-01,4.345116038452968565e-01,6.900340295083057240e-01,5.785497212175702009e-01,7.859340202715038304e-01,9.200975476615783633e-01,9.003766962228149096e-01,6.974263391069714935e-01,7.202508971584462572e-01,9.022496950963052598e-01,4.870756312691614798e-01,8.899003421316953322e-01,4.758481832769986264e-01,8.486588451806122979e-01,7.881536249268620287e-01,7.137350935467923208e-01,4.406887941943374298e-01,3.612373685732030992e-01,5.138052902352888696e-01,9.710221723487260093e-01,5.015132443037588761e-01,9.226652006224789898e-03,4.056047195337507127e-01,6.145652038943854034e-01,7.498503805236009789e-01,3.718351535397674823e-01,5.678450509439183502e-01,9.578502228183949363e-01,7.187127180065090437e-01,4.550732245148964572e-01,9.161788929282517202e-01,7.203782428981148067e-01,7.702258387466611733e-01,8.848464564954231504e-01,7.708532799058054330e-01,2.935666681830272351e-01,8.723041425126131232e-01,8.066360068010777207e-01,6.644947054880557813e-01,8.264882595446335634e-01,7.140710862406534076e-01,9.501066423713757647e-01,7.401307296616002063e-01,8.582105715971265480e-01,1.851370930620943600e-02,3.519324230264051501e-01,4.546648520320887843e-01,8.407408441764525620e-01,7.208098255964070500e-01,5.071940581171751061e-01,3.829047414783136039e-01,9.798151961206490457e-01,8.533318812976797840e-02,8.090597605231326650e-01,4.091352091623939313e-01,7.226638931287259204e-01,8.521897958202835355e-01,9.329066412977660150e-01,2.768641371141509211e-01,4.166842120748145972e-01,3.106196290172313912e-01,8.913537727313731729e-01,9.660507159622468976e-01,6.182515268502289940e-01,2.856760181360597506e-01,3.974695068475946336e-01,6.606860432351713275e-01,8.652187722730442232e-01,6.460454233644773447e-01,4.707254854203716254e-01,8.017274857881393491e-01
8.057128504357239374e-01,0.000000000000000000e+00,3.642317644868052762e-01,4.534746307183121217e-01,8.616705882895769886e-01,4.751089550932942052e-01,1.252549788750141890e-01,7.579605324671070399e-01,7.606181914386426213e-01,6.950092127430272937e-01,6.100697161934136581e-01,8.889928584776627396e-01,4.910705184149062319e-01,9.041850236601943758e-01,6.129171617184031584e-01,5.067128733315882094e-01,6.402098725647805688e-01,7.813436941210530895e-01,7.248703145872463782e-01,3.512432529660458602e-01,7.251680268911446792e-01,5.091325564779041191e-01,7.485896607897070121e-01,7.169716139479894723e-01,2.558111656694032066e-01,5.622444065859378837e-01,8.784001736153981277e-01,6.450220335703736874e-01,3.052547485965053098e-01,3.235606932115600576e-01,5.485131308965454089e-01,4.730837924123900695e-01,5.876573359993548795e-01,8.685210274895175386e-01,6.682162078577422726e-01,3.274070589011901511e-01,5.265301651310640985e-01,3.014813583940334496e-01,4.039809687318164366e-01,7.993000979747969525e-01,3.392084694760324481e-01,6.733627911664268328e-01,6.244240395020906886e-01,1.193816158603870914e-01,9.050555708071779115e-01,7.101616983065688338e-01,6.296390178051715081e-01,4.262604846247087798e-01,5.291698787708174478e-01,1.299515037668607376e-01,1.263402893527303117e-01,1.563089199055508749e-01,6.670766018841705058e-01,8.595971576895850008e-01,3.635884823801708299e-01,5.879373949319393056e-01,7.497278060124044075e-01,7.632990980552937232e-01,8.303647300333842907e-01,3.380409904547632682e-01,2.438523970231871174e-01,4.355901092658369667e-01,5.534486214873610699e-01,6.943694246517978508e-01,6.312345569383609467e-01,5.044452390429352562e-01,7.248604482327940524e-01,7.920337672305997057e-01,3.341405722903983966e-01,3.098855519829384897e-01,3.326229975207443124e-01,5.224543086756765486e-01,5.204356358559187878e-01,7.131481461881593598e-01,6.548592840270957005e-01,4.282484426796375754e-01,4.757307270671002897e-01,4.593960386071070934e-01,4.052644365748047095e-01,3.666869091156393923e-01,5.266592280099048340e-01,6.495318197216504164e-01,7.878763483451670657e-01,1.021810822161208811e-02,4.811821554781581245e-01
9.161302932562018775e-01,3.642317644868052762e-01,0.000000000000000000e+00,8.414406763595989602e-01,6.251487534615788322e-01,4.323384211652919751e-01,6.743875664572478446e-01,9.898579162446168311e-01,8.287661815786145914e-01,7.905164501765531426e-01,8.909278387215892048e-01,6.598240233967369583e-01,8.749161948479543538e-01,9.215309600068055662e-01,7.353470829000607889e-01,7.296952640483584940e-01,6.469631087047879037e-01,4.031017020070919443e-01,7.477955151705485415e-01,4.991007100820857301e-01,8.613325796223187947e-01,8.268453789549454758e-01,7.760128629084498408e-01,3.778638797435835972e-01,3.881302781606693619e-01,6.952057086798014707e-01,4.879095097783624491e-01,6.832223676835316173e-01,4.543523734470706343e-01,3.216387419516995028e-01,5.479650250235120756e-01,8.912870699055113199e-01,5.212992351024823279e-01,4.633567972180613337e-01,7.012730107979711081e-01,3.179080556917882605e-01,1.437146647635970664e-01,6.224430368498822252e-01,9.906913464550466397e-01,8.449747673442203899e-01,-1.065480781751302897e-01,6.078770426002271243e-01,7.363977193203259386e-01,4.573827339601762576e-01,5.820852278777252087e-01,4.087989707656393135e-01,3.451431630700365072e-01,5.212146605969710800e-01,4.555497017292921003e-01,8.378000155999335563e-01,4.024020524093102069e-01,4.623621827035701570e-01,8.493542293988496361e-01,8.923025276751923585e-01,8.595629634163057808e-01,5.882637345036224596e-01,5.260149386658270476e-01,5.306391504140124393e-01,7.048837489783333909e-01,3.834384042478221621e-01,3.735781348948055691e-01,8.036906686231976016e-01,8.243511748471371581e-01,6.252918280396838613e-01,7.506823500902881641e-01,8.731190198569861449e-01,6.326376425459613317e-01,6.944261667550969408e-01,2.461107079960142552e-01,7.024892516399184883e-01,6.982297856778580947e-01,8.093057925911979478e-01,4.832538237361914124e-01,4.055979241077699027e-01,9.494918446047403426e-01,5.230449257805745988e-01,9.465539812450890489e-01,7.098818047621944238e-01,-5.611048731401269141e-02,1.465889040486162420e-01,8.986551228658316015e-01,9.900128488551459549e-01,7.313345141223742685e-01,7.855863560280623714e-01,8.734741640467751367e-01
8.293931881029029674e-01,4.534746307183121217e-01,8.414406763595989602e-01,0.000000000000000000e+00,7.171332024476847478e-01,7.515688921299829017e-01,6.851595373425461988e-01,2.221736056440516971e-01,5.434869372313169689e-02,-4.714554057233838469e-03,4.315017075661060630e-01,7.839813676403833975e-01,8.445816714678768822e-01,2.025087072645276876e-01,1.151919543619066635e-02,7.572526379734391133e-01,7.060579715434115444e-01,8.036887531735241730e-01,6.117607683764714199e-01,5.485167206900346537e-01,6.004151330410968379e-01,4.174332292169180003e-01,5.188332839031131183e-01,6.876485846194836382e-01,1.667950518488210687e-01,5.952270246715221091e-01,6.909407933140935265e-01,7.323105509197853635e-01,2.717046347322806255e-01,3.700220820859531079e-01,2.542987271878708322e-01,6.253774252998466343e-01,6.534633134757251716e-01,6.888612876636305282e-01,9.901925133842790494e-01,6.645039071143452603e-01,-1.883477142501563395e-02,6.689978023020616282e-01,6.406923073928028067e-01,7.351713455688346777e-01,2.823546740152350631e-01,4.102123494105828216e-01,6.590463824491186173e-01,9.783278479124098148e-02,4.942208873427291205e-01,9.318111578155134911e-01,7.693140365025074034e-01,6.259688931038209780e-01,3.863355914598221030e-02,5.588377937502505555e-01,9.511539244752326150e-01,6.951072028311875428e-01,7.749590648738995391e-01,9.543246720346307832e-01,1.125739163743523924e-01,4.917778401848317271e-01,6.522924142621937538e-01,8.103582854880648778e-01,8.199390936158330589e-01,5.350986870115285177e-01,5.226453396287742553e-02,8.916335028440126598e-01,2.009792352938342130e-01,9.497011966937177752e-01,6.562511837276180371e-01,2.356239151645163621e-01,1.812160642321528903e-01,5.184572242491669591e-01,2.563010211959857454e-01,6.758690670564002634e-01,6.716211803144265247e-01,7.503931843193657469e-01,3.549934498728357906e-03,2.509028848053576066e-01,-9.508964128877672728e-02,9.911845230347027247e-01,7.202298920617835609e-01,7.420613819373456099e-01,5.416296469122474644e-01,3.996113410997902404e-01,5.662580566833235185e-01,6.706200486457863930e-01,6.252900858048489052e-01,2.090222219018054439e-01,5.980086924845344765e-01
5.604873257550355703e-01,8.616705882895769886e-01,6.251487534615788322e-01,7.171332024476847478e-01,0.000000000000000000e+00,4.160236660395182362e-01,6.656708149248401485e-01,6.070688481094803635e-01,3.364717316319865148e-01,8.166073206874521206e-01,5.809992619949149173e-01,7.965840425114251167e-01,7.881971214333619580e-01,6.394363271336547250e-01,6.649000817237233907e-01,4.640846097523976255e-01,7.264526338199256417e-01,7.885150748437922408e-01,5.320481502795990636e-01,8.156552981841084238e-01,4.877403706552599361e-01,2.013556788798139541e-01,4.234342091769646710e-01,5.364472387158135680e-01,2.072765864401979463e-01,5.413513800720306524e-01,3.651321823353380625e-01,7.454705448580821736e-01,7.685085102497355436e-01,7.958476961946193695e-01,4.375334511697425155e-01,7.737584647927540082e-01,5.717436681868464099e-01,5.106829333366655899e-01,7.692754696307363416e-01,7.939748699310951174e-01,-4.476064474339147559e-02,4.118385097998034095e-01,7.568195665828323371e-01,7.377134765872854771e-01,3.437446791397392731e-01,8.605860838914120015e-01,5.362723177028310140e-01,7.041585042289122409e-01,2.503721217491247653e-01,8.518736027595492644e-01,4.540404552059496557e-01,9.549133332868613433e-01,4.694921462992913130e-01,6.010669601590542532e-01,6.957500175100702622e-01,9.354666219739649069e-01,9.601703073027962887e-01,4.958122419072177323e-01,7.915743998201671960e-01,7.886460434926305663e-01,4.470808174359440224e-01,5.060056363796502366e-01,8.385159665131626250e-01,3.941030354028252081e-02,6.413205981394187738e-01,4.446301988702742181e-01,7.244884913816697081e-01,6.570494722724717906e-01,9.406369456445834443e-01,7.658832146835495847e-01,9.429070705379973827e-01,9.102547883270619700e-01,3.472695265787159591e-01,5.187887190896037781e-01,8.674212821450135724e-01,5.784287299496064794e-01,2.461059158078027220e-01,6.369182626831484395e-01,7.226911566107907525e-01,8.897486486231781511e-01,9.669671299592491609e-01,6.861388108591505164e-01,6.871352108595255581e-01,3.088331139099309008e-01,4.380627585736871499e-01,5.610050271016230328e-01,6.628331691985968055e-01,4.834693006179637820e-01,3.575358235326139833e-01
4.191624387694627973e-01,4.751089550932942052e-01,4.323384211652919751e-01,7.515688921299829017e-01,4.160236660395182362e-01,0.000000000000000000e+00,2.726303250158937930e-01,2.438898061581559196e-01,2.453481542306351071e-01,8.672389171256816853e-01,9.321067178846592638e-01,4.337993193810011916e-01,5.304293094787471130e-01,6.481846781069253716e-01,8.310964683377870532e-01,2.066429742352021981e-01,7.217479795695229683e-01,6.729196918098026003e-01,7.120115102210593516e-01,5.954196376237734789e-01,9.094049680176593542e-01,3.943324817532577464e-01,5.841921466710445765e-01,8.867436691698749041e-01,6.422659428819772476e-01,7.257200089487843009e-01,2.261801549909972786e-01,2.783732741104246178e-01,2.740839569765565753e-01,5.013594824440253950e-01,3.657218531352902646e-01,4.033597301519156186e-01,6.256551710706784730e-01,6.784167409927401859e-01,5.147061974790750893e-01,7.626407008598705684e-01,3.906379333564683476e-01,5.603761800812522287e-01,3.208349127495315756e-01,1.757847322816741831e-01,4.178381419825298870e-01,7.595681654168532360e-01,5.274098376727269777e-01,2.894313660988401260e-02,4.156537412482765870e-01,7.093290752844002567e-01,7.524853067268959528e-01,9.919567824926504018e-01,7.439341706724963421e-01,2.504227085020947485e-01,4.476676065344546429e-01,7.983972291532843713e-01,7.931387197225461261e-01,7.412206181900540258e-01,4.867454006279134937e-01,7.136011242960006440e-01,6.077292104091204239e-01,8.468007479820486294e-01,5.128265042956534625e-01,5.741985939516771609e-01,7.161086990376678285e-01,3.557029877267747775e-01,6.139403759750495793e-01,8.669893633997838300e-01,6.182251373987638354e-01,1.651632426695387179e-01,9.140247477994652980e-01,8.726080018416065842e-01,4.036257264548706591e-01,4.671135834919316610e-01,7.373685288416975681e-01,4.779188234721598039e-01,2.555499894349883561e-01,2.228415784702110214e-01,4.216682902246217668e-01,2.144371650854980937e-01,7.318657493675538861e-01,5.922353646228224466e-01,4.795559818682463282e-01,2.234891765930271598e-02,7.174386979560923860e-01,4.210218676403000848e-01,3.503870125581127759e-01,5.827713962619762711e-01,4.865511223742536862e-01
7.740596507612164112e-01,1.252549788750141890e-01,6.743875664572478446e-01,6.851595373425461988e-01,6.656708149248401485e-01,2.726303250158937930e-01,0.000000000000000000e+00,1.639532515008678970e-01,7.323708000930697626e-01,7.461507796195736564e-01,7.872620377685627391e-01,6.095242482877135659e-01,7.286353277872164025e-01,7.807042426323027584e-01,1.492868768269378088e-01,3.663053259310493637e-01,6.405820699919745342e-01,2.985873997891508869e-01,4.388540980866680319e-01,6.325481606808008861e-01,7.899419590080869469e-01,2.582806273934285524e-01,7.675564389728242176e-01,4.532017141321889597e-01,3.902086450366989423e-01,7.946434427428074043e-01,6.331163435417791474e-01,1.121083245276341955e-01,5.714493676137568645e-01,4.476560555373194084e-01,-1.895661844739834068e-01,8.179184572654858432e-01,9.796444627237939073e-01,3.589958479025145976e-01,7.879297576794281888e-01,3.731009388650818881e-01,2.076845093844752188e-01,5.045294116193284051e-01,8.459547550128381221e-01,4.376670030625061658e-01,4.604720319949845431e-01,7.225545422406218776e-01,4.983120717011182421e-01,2.574379156563255666e-01,3.203441215501257600e-01,4.903203073783065635e-01,1.082355138627512647e-01,2.507242416714771660e-01,2.128044248608663147e-01,4.710802494537786878e-01,2.400298500836753335e-01,2.499945753355219957e-01,4.613765108937007975e-01,2.695077081320559897e-01,9.953068633371053853e-01,1.696606369485849086e-01,4.269788894325793893e-01,3.612880149041967082e-01,8.186215007624326745e-01,2.359137888313886378e-01,7.175301730192054084e-01,7.509733839447380044e-01,2.642287755498484714e-01,7.965803923842491585e-01,9.503895223346126020e-01,2.739799066592369936e-01,4.933951033801757813e-01,7.469856681435242951e-01,3.997300680567583697e-01,5.022977939959095695e-01,5.076152969910514845e-02,2.654052952439021618e-01,3.639296478042252092e-01,3.145568423969202776e-01,4.076342943577931366e-01,4.234516185065282934e-01,7.126386630056120719e-01,5.334096003645704132e-01,7.523995759087450663e-01,2.255236781077660235e-01,3.979937408313336533e-01,3.318049627368971910e-01,1.688999641920482242e-01,2.049374554807525395e-01,6.392567437657038498e-01
8.182610528354212764e-01,7.579605324671070399e-01,9.898579162446168311e-01,2.221736056440516971e-01,6.070688481094803635e-01,2.438898061581559196e-01,1.639532515008678970e-01,0.000000000000000000e+00,3.045795784796755390e-01,2.683333907576108124e-01,6.116614274483026525e-01,7.494684865638622240e-01,6.731690797119487257e-01,3.574514546971188089e-01,9.518350269671068675e-01,4.122783216831280573e-01,7.655922118480971150e-01,8.000278855478119011e-01,7.812092134359764906e-01,1.812209352405708129e-01,9.703937638272764898e-01,1.337106439286988302e-01,4.195708124508519266e-01,4.873474900114017627e-01,-3.067168807666753594e-02,6.627671378259570867e-01,6.571183213494331543e-01,9.376639035327727356e-01,1.917641639175605983e-01,5.385979436138550458e-01,4.975814857132923597e-01,4.152375907114246867e-01,9.516198872058717617e-01,4.508354599383031514e-01,3.465798332896532497e-01,6.554121804106460836e-01,2.181523089452624131e-01,1.619165676002156107e-01,7.917533931412976678e-01,6.123033106991476737e-01,7.436369085260009504e-01,6.233269906420780826e-01,8.997714730300343522e-01,5.706204826898542137e-03,8.089405272422051096e-01,6.832856297921382493e-01,7.109134684275771887e-01,6.487139432144435336e-01,6.136458073107888822e-01,-2.731790491659658038e-02,6.619550303499748267e-01,7.793935620904239858e-01,3.964181530796165864e-01,6.495395935374840279e-01,1.134394619321584669e-01,9.201463710966180098e-01,4.223634781459208454e-01,5.132868784447580657e-01,6.858832853383258765e-01,4.335570843176359546e-01,6.092331702210871391e-01,7.265781727552059754e-01,1.749758415105536202e-01,6.128598571765961900e-01,8.296434972041628608e-01,9.270162264254856455e-01,6.548310998486706058e-01,6.488009256075513154e-01,4.332883284992148365e-01,6.707231325267820621e-01,9.473435747381324656e-01,6.700665253021664824e-01,2.440881424903570129e-01,6.555520978019646616e-01,2.909171158692305803e-01,4.916677655846931061e-01,5.243414015829365171e-01,7.800092338372180967e-01,2.615026834963654068e-01,3.162016442336904598e-01,4.840516671337572463e-01,6.168725518745217240e-01,6.355439451972983989e-01,9.596787518798036154e-02,2.876870133004267305e-01
6.120315584781278462e-01,7.606181914386426213e-01,8.287661815786145914e-01,5.434869372313169689e-02,3.364717316319865148e-01,2.453481542306351071e-01,7.323708000930697626e-01,3.045795784796755390e-01,0.000000000000000000e+00,6.590348287180507469e-01,7.732025862183082854e-01,6.222318722146283898e-01,8.001898831384304245e-01,7.670309003068599418e-01,6.365465202343690843e-01,1.044093419695753255e-01,8.730787949665744785e-01,6.525270009922434777e-01,2.931395796585131164e-01,5.867898385041581122e-01,6.395110413814271144e-01,6.805775238542720595e-01,6.212864930600709990e-01,9.786701388377238020e-01,6.349530626736799022e-01,6.879365228827579726e-01,5.640488911730030530e-01,5.057676674310296328e-01,4.930055258528048823e-01,3.916719412697856617e-01,6.181097555500618679e-01,4.159904668135570027e-01,5.338168348113268014e-01,9.196878674418750288e-01,6.394672921332427151e-01,7.003209266462046001e-01,4.783304662401820506e-01,4.495033461171611955e-01,6.525437798788303878e-01,4.129128656927963936e-01,2.867689452559822882e-01,5.757029434698061054e-01,7.703217247032212445e-01,5.124708924305906299e-01,4.194248395448570976e-01,6.397774677868659499e-01,6.614180925466645045e-01,3.542639999036453213e-01,6.525425610200381588e-01,7.660469443065182071e-01,8.595610823693587976e-01,3.136276272260808407e-01,9.116003653107670468e-01,7.864013480736129491e-01,8.270657901478452034e-01,9.093773575266690390e-01,5.889233235974082881e-01,2.134180376506389365e-02,5.868892536791204817e-01,1.570126120586799179e-01,5.025667897819221519e-01,6.746351057058369571e-01,8.610137843242584577e-01,5.809329369817179956e-01,6.541839672991665022e-01,4.453144648318819177e-01,6.138582719762417650e-01,5.400668704801125930e-01,3.502249280136453952e-02,1.962088098760961241e-01,9.122786275956384916e-01,6.081763785553687685e-01,3.255095499731261999e-01,1.648479844449741438e-01,6.988696165208088118e-01,2.909999254160556270e-01,5.890758255734366289e-01,3.839855717290053261e-01,4.212215707439820878e-01,1.385139506410019428e-01,2.652521097123460847e-01,3.115031793863724530e-01,4.489948625616833056e-01,4.774670496867954722e-02,5.656928841046411360e-01
9.437532915470905337e-01,6.950092127430272937e-01,7.905164501765531426e-01,-4.714554057233838469e-03,8.166073206874521206e-01,8.672389171256816853e-01,7.461507796195736564e-01,2.683333907576108124e-01,6.590348287180507469e-01,0.000000000000000000e+00,6.493010884158862961e-01,4.222189715715060632e-01,7.768321946163377900e-01,5.056529710130364119e-01,6.104339218352455854e-01,7.471912038464090244e-01,6.849023710620520955e-01,7.262122332501341759e-01,6.327328272079728588e-01,5.318719154147730777e-01,6.846094375233524598e-01,1.955708196360170514e-01,2.807666937689673459e-01,7.610109698304432513e-01,2.320883877618237778e-01,4.374157675027050551e-01,8.816863796492796501e-01,3.608256016269817401e-01,3.045161792425145064e-01,4.418576714887623158e-01,2.157826410296291575e-01,5.518014235079375940e-01,4.120940490536614265e-01,8.728378044189341045e-01,5.228955977983977821e-01,5.223571095290592270e-01,-1.968485779100680455e-01,6.458692779910458759e-01,9.639335891025259118e-01,7.910274000762275159e-01,1.963217635374309156e-01,3.153530693958433995e-01,5.543885491135127630e-01,5.739497650218992053e-01,9.456088123172797788e-01,7.393197190166624910e-01,4.135134816022456028e-01,5.728298549192741840e-01,6.965719127615667139e-01,3.795343325967103221e-01,7.128129531265230412e-01,5.171903727708073717e-01,6.365674349408352306e-01,-6.533737264441055737e-02,6.757466129156356471e-01,3.065888380502928001e-01,7.652413288445812922e-01,3.396524390802626581e-01,6.348904879141953339e-01,5.941800066524516311e-01,1.577933495284029319e-01,4.886889750911440622e-01,6.292487466504386173e-01,6.708285113318916970e-01,3.899250603756148625e-01,5.796676898661166089e-01,6.090977323408852673e-01,6.437299046401238067e-01,7.470052219276336336e-01,7.585868492084243409e-01,7.965475619265877105e-01,2.756340230196067664e-01,3.662106060260705842e-01,4.376808120490021659e-01,5.377379670544656376e-01,1.419486110616109409e-01,5.495455597861287345e-01,4.488320278211679337e-01,7.938268500436045372e-01,6.750097339598548629e-02,5.784801728108077690e-01,2.144088620963739145e-01,5.525453502527156724e-01,4.958661227741918420e-01,9.735272384192952266e-01
8.229487599666692743e-01,6.100697161934136581e-01,8.909278387215892048e-01,4.315017075661060630e-01,5.809992619949149173e-01,9.321067178846592638e-01,7.872620377685627391e-01,6.116614274483026525e-01,7.732025862183082854e-01,6.493010884158862961e-01,0.000000000000000000e+00,9.575963873310505692e-01,4.998350843879040273e-01,5.784798828066927134e-01,5.212115048901339032e-01,6.140436608748287561e-01,7.775332753691293064e-01,6.118113635143451745e-01,5.211263613952985541e-01,7.975472740308875430e-01,8.863314265428807737e-01,7.482531898290980532e-01,8.673201803543062471e-01,7.550377407695935128e-01,7.713629130068837547e-01,9.440398649875781922e-01,1.059282866496197573e-01,5.274927278750873860e-01,1.063489580191548378e-01,4.172873661673703882e-02,4.711081558971224603e-01,4.917422451597952548e-01,5.670358539614358540e-01,6.231131514335709332e-01,6.520692531343156295e-01,5.436728974204212833e-02,3.502034088158470504e-01,4.419800551696582147e-01,7.982816521314947122e-01,4.504535564593205588e-01,3.519192261069280514e-01,7.094535602763764048e-01,9.043468689028969498e-01,5.978689147976412599e-01,9.559197397257032103e-01,4.158039747049754320e-01,5.602774971879829202e-01,3.978563712345407621e-01,5.401720246169354755e-01,3.522250366206688410e-01,7.050796872409321736e-01,7.744969864231137091e-01,3.686085789173614291e-01,6.835331610864756602e-01,8.509393254616092195e-01,9.662084065728241411e-01,3.518480610159588906e-01,7.625081642223020539e-01,1.375446821721565960e-01,2.755999797075644464e-01,3.444363663879815851e-01,4.877877139324354183e-01,4.674626094519213626e-01,9.321443011900492071e-01,9.673710711296146236e-01,5.998122497941636988e-01,7.352635001506780954e-01,9.101820932467885594e-01,4.444639236918659364e-01,6.667844244010578958e-01,7.761878524416733205e-01,3.206803910885996922e-01,4.902631545476184294e-01,5.822635773845675766e-01,-2.334108522109359929e-02,5.594616270176855366e-01,7.447281209468450403e-01,8.648572439275205026e-01,2.277691615337488207e-01,3.005579232039309323e-01,9.612663841568909184e-01,6.459687249030496847e-01,2.739340262600127862e-01,4.501487959959128982e-01,5.027974828874787194e-01
7.874031869241173709e-01,8.889928584776627396e-01,6.598240233967369583e-01,7.839813676403833975e-01,7.965840425114251167e-01,4.337993193810011916e-01,6.095242482877135659e-01,7.494684865638622240e-01,6.222318722146283898e-01,4.222189715715060632e-01,9.575963873310505692e-01,0.000000000000000000e+00,3.234060991204038560e-01,8.650018348813277580e-01,5.968147764537694577e-01,4.314449992520714150e-01,9.082534534493319489e-01,7.644720269499521992e-01,6.973139322053170108e-01,7.226110450573097754e-01,8.626006311056713116e-01,7.928053046910903401e-01,6.183702827209113240e-01,4.121991323302309218e-01,7.319521052796638116e-01,8.592983351336335174e-01,2.462867297345334161e-01,9.695256706986582484e-01,6.358133837662165166e-02,5.449970852652598063e-01,2.933495318632875146e-02,3.900960673188086369e-01,2.364661416368795122e-01,4.583243172237849716e-01,8.516650672975809577e-01,7.777901030250492509e-01,1.090987383809527422e-02,2.117404084752251281e-01,7.871494362770886655e-01,8.712547763460916084e-01,6.066755040507865182e-01,7.665577146282160914e-01,8.441348112213091781e-01,5.804510841133734278e-01,2.083614276576099822e-01,9.039638536556107162e-01,8.989862486816819764e-01,6.108031588235095510e-01,2.009506508992686957e-01,5.059079466847437034e-01,5.275746859585915827e-01,9.631334936589404094e-01,6.467645735947336050e-01,7.124812157745673558e-01,8.397650393006563796e-01,6.578346429679189367e-01,6.080155021093294199e-01,2.232147603282645110e-01,7.112980844103009570e-01,6.187075980649463514e-01,3.411427291101586934e-01,4.701497259602982481e-01,9.703884238945790219e-01,9.503050079758224022e-01,8.080047574519017006e-01,5.743364248692400809e-01,9.946170260967243104e-01,4.491336933535495235e-01,4.785827047747698848e-01,7.898066361024322912e-01,5.684540771527352154e-01,7.276121836555080602e-01,2.811720725791285735e-01,3.944404729095168927e-01,7.548651214400242671e-01,4.937112583299476110e-01,9.742958926634532890e-01,5.565429581837810780e-01,4.078331694891363934e-01,6.643487449441651815e-01,6.611490451072188357e-02,8.038281414289211169e-01,6.198878054100918078e-01,4.124453845965447285e-01,9.385272624774168015e-01
8.761149147407134574e-01,4.910705184149062319e-01,8.749161948479543538e-01,8.445816714678768822e-01,7.881971214333619580e-01,5.304293094787471130e-01,7.286353277872164025e-01,6.731690797119487257e-01,8.001898831384304245e-01,7.768321946163377900e-01,4.998350843879040273e-01,3.234060991204038560e-01,0.000000000000000000e+00,7.041764370900268633e-01,7.022670805687017959e-01,1.347474428424065562e-01,6.983658988854121175e-01,9.525748141101670896e-01,7.260163843417803964e-01,7.181251163523866277e-01,6.628289060191457915e-01,5.350127177148065183e-01,9.511291618310283580e-01,8.916995898607859017e-01,2.576925617837675930e-01,7.443939627409237314e-01,5.017395358016392137e-01,5.090030517536593413e-01,4.055785138596411099e-01,-1.021578120442419579e-01,5.161866194477254810e-01,7.100727882629540577e-01,8.898235612193914346e-01,7.728279771637747153e-01,7.429801973373763024e-01,5.640542746552354991e-01,7.402502974667356239e-02,8.961265418019458417e-01,9.520647071690748753e-01,9.140550621446036361e-01,5.986269907656178724e-01,7.684180324898065573e-01,5.295095479756535273e-01,3.553072253174855422e-01,2.912328731835339690e-01,6.192219957610221037e-01,8.854195204524121232e-01,8.749793334391329225e-01,6.406119458602509420e-01,8.086254265544429165e-01,1.487929017354212673e-02,4.935350435083539766e-01,8.211918462501324179e-01,9.228427560521258455e-01,2.931403003516463990e-02,7.746677371715428029e-01,5.090775934424540683e-01,4.984413975360706406e-01,8.552148307543182559e-01,4.205422496764085194e-01,4.945704892764441474e-01,2.600139639031348038e-01,7.659458683726059203e-01,8.197727845516492584e-01,9.719602527812402082e-01,8.403653897813578855e-01,4.380173776731142721e-01,9.799626853377687574e-01,2.466412483790303423e-01,7.323785511526246239e-01,9.682741399415313310e-01,6.242220078720496224e-01,2.708637868504141788e-01,4.404418055080826511e-01,5.744397675115249235e-01,9.629992048837912044e-01,5.846767685736155018e-01,8.991965092173270779e-01,5.278490544876968116e-01,-1.474566707348883565e-01,7.362785169007475261e-01,7.086939920630488388e-01,3.921436060330628637e-01,8.393311814611266186e-01,7.582809507422854089e-01
8.716316794646958854e-01,9.041850236601943758e-01,9.215309600068055662e-01,2.025087072645276876e-01,6.394363271336547250e-01,6.481846781069253716e-01,7.807042426323027584e-01,3.574514546971188089e-01,7.670309003068599418e-01,5.056529710130364119e-01,5.784798828066927134e-01,8.650018348813277580e-01,7.041764370900268633e-01,0.000000000000000000e+00,4.751233528183807509e-01,7.448689749486840928e-01,9.705817271426961934e-01,6.041839671060807992e-01,5.152585312887592028e-01,6.868482174897365677e-01,7.772857137184447929e-01,8.529863918360783837e-01,2.463765333048694717e-01,7.218369233649486461e-01,3.179418469157828109e-01,7.528864772369623370e-01,6.088580581617182297e-01,9.962983284980997389e-01,6.184186564489302373e-01,2.815787212192118194e-02,4.803247205678434217e-01,2.543751222850019200e-01,4.508452728898519335e-01,9.697700470366540371e-01,4.195313578751602712e-01,2.477760918452363015e-01,3.566532715873378390e-01,5.881296883394158126e-01,5.394021528586050440e-01,7.634580414136082904e-01,5.568624304859610685e-01,9.549563433314287586e-01,5.846360786474807947e-01,6.234176117909058235e-01,2.180738662767495728e-01,6.772053500876263898e-01,7.174669255855720129e-01,8.782129398527886988e-01,6.868155772513572233e-01,7.830319577814927046e-01,5.529065032256151868e-01,3.047565549506380256e-01,6.994191511188201371e-01,6.582809939007838729e-01,5.572392579824415604e-01,9.317175044258921845e-01,9.470347542704710131e-01,7.505753571569929727e-01,6.067026614423467468e-01,6.291881660695183287e-01,6.066702081545674030e-01,6.056292495396773390e-01,8.919956289195137833e-01,8.004770442235565886e-01,3.975538243856714948e-01,8.410027036392858646e-01,6.561656078399329406e-01,6.636929785341461052e-01,1.945135918359378602e-01,6.602305309853320203e-01,6.262035211726185713e-01,5.498852625287342644e-01,9.408403575052400047e-02,2.947416098782562055e-01,4.030436388378980661e-01,9.881486938047485680e-01,8.465827198940807374e-01,4.729346889786703034e-01,1.767108436365202040e-01,3.199418058703859535e-01,8.279033609399824023e-01,2.165717958311644264e-01,8.365324917382611636e-01,3.424364903444840902e-01,3.447650907505438456e-01
9.011014654172435634e-01,6.129171617184031584e-01,7.353470829000607889e-01,1.151919543619066635e-02,6.649000817237233907e-01,8.310964683377870532e-01,1.492868768269378088e-01,9.518350269671068675e-01,6.365465202343690843e-01,6.104339218352455854e-01,5.212115048901339032e-01,5.968147764537694577e-01,7.022670805687017959e-01,4.751233528183807509e-01,0.000000000000000000e+00,6.658993946062380376e-01,2.466260383941789869e-01,9.727266206057528786e-01,6.695465874204594714e-01,5.967905750414126409e-01,7.256490698287810792e-01,9.069177309129545783e-01,3.554209549190130435e-01,8.825834232220766129e-01,5.734873993769915579e-01,7.298415268026412495e-01,9.928293259355577272e-01,7.893623441183525991e-01,2.510427091374595188e-01,2.343105161037093154e-01,-4.893942501647791099e-03,8.748772240402252764e-02,7.051765232410878159e-01,7.142488809191374077e-01,2.564483363018014161e-01,3.992168544732167534e-01,5.495147605178619665e-01,7.906340297733583933e-01,8.635974003743469574e-01,7.528615250348343890e-01,-8.213876107516512870e-02,4.311510503394286875e-01,6.320752828892962638e-01,5.232918775893184993e-01,9.878514777267346503e-01,5.881080877037720978e-01,4.763482046915155088e-01,4.887929784328620131e-01,3.701290142282553930e-01,3.601410728132471428e-01,4.077835660760318337e-01,6.126867408713358998e-01,9.730851154658222146e-01,4.733458483586972521e-01,8.840002424442352513e-01,1.551232577205913787e-01,6.261796160145461920e-01,6.289219959923434411e-01,6.666751555594794265e-01,1.123088525447320241e-01,2.780245483830636744e-01,8.685859731028214847e-01,6.302942934932489472e-01,5.966348240057398611e-01,6.707123038676814364e-01,7.708206550883841546e-01,5.548687227929950394e-01,7.761668294150734226e-01,3.561845318961774920e-01,6.067925366050013203e-01,7.223281320791767879e-01,9.703991583695983913e-02,1.844016322729433999e-01,4.144320703202709621e-01,2.668380664251457368e-01,3.883814924183328632e-01,7.582093017283775271e-01,2.866236010578451787e-01,2.878530774887091970e-01,1.220948662268023788e-01,9.372054699113374632e-01,4.583450870474220507e-01,9.543471650788055705e-01,4.131172822357109808e-01,6.715054034476253264e-01
4.345116038452968565e-01,5.067128733315882094e-01,7.296952640483584940e-01,7.572526379734391133e-01,4.640846097523976255e-01,2.066429742352021981e-01,3.663053259310493637e-01,4.122783216831280573e-01,1.044093419695753255e-01,7.471912038464090244e-01,6.140436608748287561e-01,4.314449992520714150e-01,1.347474428424065562e-01,7.448689749486840928e-01,6.658993946062380376e-01,0.000000000000000000e+00,5.062170946659594328e-01,4.643557273087408621e-01,5.785811600995662829e-01,1.758259616034352213e-01,8.166666016167862807e-01,4.402097568800794614e-01,9.938586154928196192e-01,9.681928409890474541e-01,7.991760280039990061e-01,9.524210795725206458e-01,4.931599426961018051e-01,6.476673316232365307e-01,5.864381449371245392e-01,8.990812484186985754e-02,2.044184823522803840e-01,4.971515067115441222e-01,3.906150535504662180e-01,8.108918754532976614e-01,5.107678765737994064e-01,4.349762480020034627e-01,3.056664054573284273e-01,7.193868080115194408e-01,8.972276097792555305e-01,7.572385524723543870e-01,5.071271527196837825e-01,5.427643835507927061e-01,6.504268533361710070e-01,8.719273697128684386e-01,6.466854826935604095e-01,7.751030086110552997e-01,9.511274877760504953e-01,4.619547542274962670e-02,5.595246563567689568e-01,7.532912383156690206e-01,7.578084609185270493e-01,7.223761272309503489e-01,6.982606664388303352e-01,2.210765589231135642e-01,6.541892165868993247e-01,7.740975044752902434e-01,6.164124321983462940e-01,7.090990367423709584e-01,9.738247460893655338e-01,4.632339087694498647e-01,2.620444775420092687e-01,6.160821118007547836e-01,5.277302506016071648e-01,7.850055988387596440e-01,7.306832103728910788e-01,4.830936519341059721e-01,9.580247459133177657e-01,4.263472003015239542e-01,2.964054605507454587e-01,2.264142771411781774e-01,7.418292610564289902e-01,6.399050203494196509e-01,5.442532335978412794e-01,5.461569143982962782e-01,4.407309944955656311e-01,7.269349202322330505e-01,2.034250243867057883e-01,8.755926360313744938e-01,6.228369734625018861e-01,3.148575581008967728e-01,2.957216196367503658e-01,6.311972266176116841e-01,6.771034364557593742e-03,2.384495378281715205e-01,7.676261290238889368e-01
6.900340295083057240e-01,6.402098725647805688e-01,6.469631087047879037e-01,7.060579715434115444e-01,7.264526338199256417e-01,7.217479795695229683e-01,6.405820699919745342e-01,7.655922118480971150e-01,8.730787949665744785e-01,6.849023710620520955e-01,7.775332753691293064e-01,9.082534534493319489e-01,6.983658988854121175e-01,9.705817271426961934e-01,2.466260383941789869e-01,5.062170946659594328e-01,0.000000000000000000e+00,7.123906037969988114e-01,8.657674719708539079e-01,4.029597268606652238e-01,9.521410500484374095e-01,7.382959865177333159e-01,5.866248275524621469e-01,3.886277588974761388e-01,8.384971851942412124e-01,6.343308327282747294e-01,2.833070093677536039e-01,8.316973576988753170e-01,7.700301849923917308e-01,4.124834277617054346e-01,1.539674897874166448e-01,7.647971090242718928e-01,4.482900233945092960e-01,5.013229940634487125e-01,2.292454615024494824e-01,5.779892049940287269e-01,2.284357041560959589e-01,8.740358521608371234e-01,4.671973676721307145e-01,7.709469144796418094e-01,2.856015461480697071e-01,2.764413100010828517e-01,6.968385800007559361e-01,7.638178482937820757e-01,9.333890976722042376e-01,6.015450967816250438e-01,2.204866170354803367e-01,8.599615984888162590e-01,6.502883622502294569e-01,3.733169113818898821e-01,7.485816003456576828e-01,4.465720341899561685e-01,8.484607738773192187e-01,8.810497270070362097e-01,6.824871220226416124e-01,4.994346714288468991e-01,6.746996814146934973e-01,7.317064193349624990e-01,8.707841041204384958e-01,4.341807497455085763e-01,-1.181338302683396929e-01,2.758851361334903052e-01,9.937766290334195673e-01,5.646963505640753000e-01,6.945607097611843361e-01,5.450130083434468614e-03,9.647572972873863506e-01,2.499836284969987887e-01,7.780457445924785498e-01,9.680266303728718436e-01,9.769964427578221589e-01,4.116679188346029639e-01,2.621334696701243527e-01,6.803566614741299867e-01,1.536470922921495674e-01,8.251995592591870876e-01,7.596498334152869125e-01,6.739631517065585165e-01,3.477839089598795397e-01,2.254232052480782400e-01,8.974889982260467747e-01,6.864799604194885552e-01,7.120590785635716631e-03,6.779063531689259736e-02,5.349943748157264256e-01
5.785497212175702009e-01,7.813436941210530895e-01,4.031017020070919443e-01,8.036887531735241730e-01,7.885150748437922408e-01,6.729196918098026003e-01,2.985873997891508869e-01,8.000278855478119011e-01,6.525270009922434777e-01,7.262122332501341759e-01,6.118113635143451745e-01,7.644720269499521992e-01,9.525748141101670896e-01,6.041839671060807992e-01,9.727266206057528786e-01,4.643557273087408621e-01,7.123906037969988114e-01,0.000000000000000000e+00,2.259637263652658212e-01,9.977568917591919107e-01,6.743211644884422595e-01,3.122241684982369758e-01,4.725361415928968634e-01,4.521015490567143469e-01,6.052293044119281262e-01,4.986828144490556003e-01,8.350423837809328731e-01,8.076051172318793325e-01,5.049101917252600824e-01,4.860828648770140203e-01,7.985027689641688298e-02,4.941352299994268837e-01,4.614863392786792695e-01,7.060553176514181573e-01,5.676704956965915594e-01,2.555066191262634345e-01,3.108404837002860799e-02,4.146642560817109802e-01,4.579503891239048441e-01,8.440585076215012528e-01,2.523038801131725073e-01,3.534570174151511757e-01,5.083934708367972011e-01,-1.529533407078172980e-01,6.427336090444432104e-01,8.502341195982745514e-01,7.909928763909461757e-01,9.368320423751435033e-01,9.574806469350006788e-01,7.247095106780822027e-01,2.006033521113810281e-01,9.878728371452403234e-01,9.663542025106538480e-01,1.682382646983112684e-01,6.729233433829965305e-01,8.651344725820085957e-01,6.683190356917438901e-01,-1.353714455053520171e-02,5.511808083868241503e-01,9.261710309150772424e-01,5.665523827466268925e-01,6.498741333514885810e-01,7.024917539305723935e-01,3.072878951609104847e-01,6.373331341316113008e-01,2.622667206629436532e-01,6.128122010724678104e-01,8.730167955240419886e-01,7.586986308572903903e-01,5.040444536319691471e-01,6.317763235228522900e-01,6.700710315951511342e-01,6.854322466313658713e-02,2.516951754789796269e-01,6.006049693986090787e-01,5.581311194501821227e-01,4.967209807938113286e-01,7.411148759408449083e-01,1.307192323190571048e-01,3.532922150701195418e-01,2.992070446507437143e-01,7.947289663596569520e-01,4.593925420181667052e-01,3.562889823857147142e-01,7.997681933028516488e-01
