0.000000000000000000e+00,5.211703004634008485e-01,5.386226267237307352e-01,9.603486122752658005e-01,9.622164030398315804e-01,8.246354946199609959e-01,6.531434363106565222e-01,9.174490554239184137e-01,4.918557021568404908e-01,7.075564715239446301e-01,6.633183678178029563e-01,6.531310092860191929e-01,6.430147677733634159e-01,9.162520756482082085e-01,5.287364476300334681e-01,4.226957479767881054e-01,6.811190334904565491e-01,9.883776486554947116e-01,9.050498269486360048e-01,7.757036533081015373e-01,7.287987431431188767e-01,2.741225273567146070e-01,6.458428767252064606e-01,3.584069061788415222e-01,6.518421574497073046e-01,6.073580345905059685e-01,8.135357427889720050e-01,7.779628418786782573e-01,6.774930777225189604e-02,5.757240433992467654e-01,2.179066983171755803e-02,5.639620957529630774e-01,9.951429435653825761e-01,8.678440723946393431e-01,9.242415914192294579e-01,4.991306497566453948e-01,5.357459467041737478e-01,4.715439958732562942e-01,9.438185370231777505e-01,7.713087663370843394e-01,9.228115150662991040e-01,2.130328346981741616e-01,6.792503292311744545e-01,8.920370799890261493e-01,6.458306046408578416e-01,8.075447203766834559e-01,7.746971924576888657e-01,8.059848298689382684e-01,8.664603385909912525e-01,8.101226611394579669e-01,8.719792461020581253e-01,3.149600115017402446e-01,9.300911129114246556e-01,4.435691679639893192e-01,7.899474729202868861e-01,5.901690971253767959e-01,9.440353055105332736e-01,7.704267938939211025e-01,6.523426239190410758e-01,7.349842000441636491e-01,5.478376352019993512e-01,7.888750397318387009e-01,5.280255579781791830e-01,3.111070576971454171e-01,2.465755343109645725e-01,4.213497353039260540e-01,2.024982830585809468e-01,9.407916185374501916e-01,8.195095852734302078e-01,7.943033876160161544e-01,4.319365530925521890e-01,6.926160676742350031e-01,5.507566297762381824e-01,3.636055019121136045e-01,7.756111783564676454e-01,5.930655050985184085e-01,7.093953477496859339e-01,6.885831738900701771e-01,3.403140966556540969e-01,3.342289266355475963e-01,4.974106620572895654e-01,6.442886550495374731e-01,3.205863156522589796e-01,2.535603263201943736e-01,6.614765713132974012e-01
5.211703004634008485e-01,0.000000000000000000e+00,1.441650603416911591e-01,7.411586473233490180e-01,7.005303510480110907e-01,8.000287964876637847e-01,7.661821155134189709e-01,4.453302880436863509e-01,5.216693764807349698e-01,8.330051978913036725e-01,8.377049495174456739e-01,8.366480798794145857e-01,5.877172777692269978e-01,5.234079365428840891e-01,9.745227569440071402e-01,4.426000501051319813e-01,5.835082093675999504e-01,9.081308878103891979e-01,7.285008177600466039e-01,7.843248464377134965e-01,7.127933121449276932e-01,6.311841774406002914e-01,3.471537655411951473e-01,5.131375536312933194e-01,8.272678746325264898e-01,6.235341924387685086e-01,9.826416827503159368e-01,8.969317115461296064e-01,6.470306231728811808e-01,3.950236955188207721e-01,2.337140305238064875e-01,6.935074630719629818e-01,4.463244742545882660e-01,4.266235130441032308e-01,4.850805527208981727e-01,1.158827280425439032e-01,3.118497652494757189e-01,3.383994069087105094e-01,6.051224466580504974e-02,9.255154814424738641e-01,5.195255337652060490e-01,1.703436309227526410e-02,6.510227415228064807e-01,3.607127776993915846e-01,6.926047329450938372e-01,7.038908417792734129e-01,8.561979911595414272e-01,4.828568701480379088e-01,3.815765331620082912e-02,4.594122713818418746e-01,4.760680241288683945e-01,8.239737413721502923e-01,9.416450381292547078e-01,8.886370363341667966e-01,8.231132300637906685e-01,5.852380629317065486e-01,7.805064720518182231e-01,4.847061589060980280e-01,4.758052018373453151e-01,5.337264719384260392e-01,6.956674678241787924e-02,7.067800008709743675e-01,6.132968719992861750e-01,8.332333629025110433e-01,7.201836506064872578e-01,7.101077203824682771e-01,6.162153647454414740e-01,4.053652893108282695e-01,2.722980807197078468e-01,7.274021570365647449e-01,9.843382744412094709e-01,-6.110295295035877983e-02,3.661717879911055018e-01,3.399569024330969524e-01,6.614814987315132955e-01,5.809273190735303460e-01,5.111458713251522123e-01,6.226650511790426945e-01,4.714157833063252756e-01,5.014965654826024632e-01,5.114410228407224590e-01,3.985240624379515761e-01,6.300533478829396516e-01,2.643210792295964118e-01,5.589682314604933477e-01
5.386226267237307352e-01,1.441650603416911591e-01,0.000000000000000000e+00,6.028503262723643452e-01,8.875507520687277996e-01,9.455501002939517008e-01,7.082425024952858639e-01,8.168727044472091636e-01,8.497233549355165394e-01,9.091741615372997964e-01,5.983651658299733445e-01,9.006393731335253783e-01,4.756453531760469478e-01,7.948775549170422616e-01,8.520586497388956682e-01,6.992584818858140761e-01,5.429421841376597113e-01,9.279692414371134568e-01,9.215231575464810643e-01,8.196171389826945042e-01,6.408077153332151221e-01,6.788042840349397533e-01,8.783632624541888312e-01,6.431266976642699973e-01,6.004940274292918101e-01,7.706499037746408209e-01,8.055676554746772355e-01,6.705079968118572431e-01,-1.654820667655379773e-01,4.587705460587285788e-01,1.614623973811979141e-01,7.958314837331035285e-01,9.185150115985256658e-01,8.976078950473405094e-01,8.278859626446184450e-01,4.399259802317995738e-01,2.277843076873307948e-01,7.009455377101886375e-01,8.777081167686214824e-01,7.949143631815028810e-01,5.137547575464092020e-01,9.408151998858648168e-01,9.132697137366043716e-01,9.813248718044831342e-01,9.327101900365172282e-01,9.641435567427043551e-01,3.862638236483776355e-01,7.555841401082090680e-01,5.847554850813856397e-01,9.810701646965439560e-01,6.797155668829735209e-01,2.737889579078061075e-01,3.921161094917885448e-01,6.602643141280744032e-01,5.085544491068413331e-01,8.187007389787227529e-01,5.262721839103091659e-01,8.033676100164111045e-01,4.779415038744750932e-01,3.886577651094837438e-01,9.526866520597088162e-02,7.712554825051374241e-01,8.729320090711075730e-01,9.243577015970978472e-01,6.128288724670239995e-01,8.114164904836216330e-01,7.322581884697139110e-01,8.498215178973085315e-01,8.774461530140692522e-01,8.700877860828080124e-01,9.395781734907653338e-01,6.877495851950196082e-01,5.879838812770366019e-01,5.453384200682328542e-01,8.704292534400456249e-01,9.663118521248549309e-01,8.642861238937453727e-01,7.747837294252444273e-01,-1.999455099371255651e-02,5.188240275943920565e-01,7.269439774822590294e-01,9.166141775675819003e-01,8.872453257262399307e-01,4.561926452693141343e-01,6.090433129975773019e-01
9.603486122752658005e-01,7.411586473233490180e-01,6.028503262723643452e-01,0.000000000000000000e+00,5.173307088229962547e-01,8.254321725574436108e-01,5.150442841053953780e-01,5.973793987084432544e-01,1.377354002515418507e-01,5.188330970304807499e-01,7.699010363523510758e-01,2.010287111464578724e-01,5.868397342978666220e-01,4.499115698876272607e-01,9.442050585324449630e-01,7.706786120327983047e-01,6.669291048089558416e-01,5.724706199785734029e-01,7.334964481779885359e-01,6.521658966783097089e-01,7.037234343769500633e-01,3.938855477447426034e-01,5.658690821094983781e-01,9.083573123211234890e-01,3.448383444079152760e-01,7.366380797637499533e-01,4.635227506931133279e-01,4.873373407296215376e-01,6.881308222401698593e-01,5.396560337906637639e-02,3.744084043707699427e-01,6.402262801404938752e-01,9.382661032446676375e-01,6.403564937120076461e-01,6.738959256267125220e-01,-1.364711522577888303e-01,-1.795289213464664191e-01,7.034329278215549763e-01,7.864857616106024629e-01,9.644790360886771330e-01,3.584973209778246073e-01,4.569747643756524869e-01,9.654209789283746401e-01,4.114882274539587437e-01,9.078618199242657338e-01,7.180580247963108675e-01,5.330917333285143389e-01,5.489723129701837845e-01,8.867691569039451993e-01,9.949344712032457405e-01,7.409881481939679659e-01,6.189247940195188313e-01,6.577349922788058301e-01,5.407457251693844613e-01,6.665251210786580227e-01,6.581440455227003383e-01,5.591147526949753477e-01,9.683928606816188944e-01,4.580355639979015181e-01,5.157984088303424475e-01,1.617044767966469053e-03,9.302367548136416531e-01,7.475447523115059667e-01,7.008932779121845869e-01,4.212565194537110091e-01,6.691902298822777206e-01,6.051035695188983210e-01,4.853500272828306650e-01,5.755729256785262482e-01,8.385566569469797837e-01,8.912271438223984266e-01,9.821131458443201900e-01,5.860576058911625141e-01,9.085634338383785646e-02,7.982419292767782837e-01,8.061666340875771608e-01,4.873353178926327356e-01,6.395856851258149289e-01,-3.785330389863253431e-02,3.152965426482570166e-01,7.802369849190338158e-01,5.490756837896169085e-01,8.118748224559706461e-01,2.414827895409122904e-01,4.240062341305171900e-01
9.622164030398315804e-01,7.005303510480110907e-01,8.875507520687277996e-01,5.173307088229962547e-01,0.000000000000000000e+00,5.243771106673270621e-01,7.677842003881104604e-01,5.282899364758164573e-01,6.397281552141313998e-01,6.196343322095290151e-01,7.722920780570110555e-01,6.051634604863099787e-01,7.122009483085265380e-01,7.528336250312950284e-01,4.923265027858684251e-01,8.949098436163444026e-01,4.510329181174136393e-01,2.390969421652198446e-01,4.006328308518815051e-01,9.203481099117921671e-02,8.020627404442498554e-01,5.020316190243832022e-01,9.853729801627397755e-01,6.586976933729339345e-01,7.776914146665010463e-01,7.164937187405753249e-01,7.107221917828218105e-01,5.722528723671986839e-01,4.594512878456440963e-01,2.028729807386975836e-01,2.387344553429963934e-01,5.102246381673358755e-01,6.840150903786481607e-01,8.363603012268323589e-01,1.054525835779254461e-01,6.185361657136173585e-01,1.619785690070253692e-01,7.571878915317525882e-01,5.003924813847104858e-01,8.416917699473466241e-01,2.918263830942573536e-02,7.499735717020636905e-01,7.710838201091424482e-01,4.846727048045291197e-01,9.764481127663819926e-01,6.747193384141988437e-01,6.569435121189599602e-01,8.379222037493284647e-01,4.069879819139056720e-01,5.664334942546359608e-01,1.453129615189609480e-01,8.935057466503532053e-01,5.315094052749359532e-01,7.961196666661156662e-01,6.532917237811897149e-01,7.952155578026089966e-01,4.627715347575018234e-01,2.037402158703452426e-01,7.829115107750534985e-01,5.224598561975790992e-03,5.486556445205061916e-01,5.056113994607053241e-01,-1.426347083305651853e-01,9.868911786180534218e-01,8.315594878404251045e-01,5.473485059828474553e-01,8.224235162413182643e-01,1.540833392687084372e-02,7.675923923322949260e-01,7.126491755386780147e-01,7.233231920450009511e-01,5.620112308024385328e-01,6.947740388715372140e-01,3.520750308028975928e-01,3.995986739411118149e-01,8.312718170260026129e-01,6.594645394564316865e-01,7.912709850189830751e-01,5.300331198271361899e-01,1.246963936947072249e-01,6.076298225858451918e-01,9.827076355484384296e-01,7.244044888764923362e-01,2.634540537763895851e-01,6.343366632841382913e-01
8.246354946199609959e-01,8.000287964876637847e-01,9.455501002939517008e-01,8.254321725574436108e-01,5.243771106673270621e-01,0.000000000000000000e+00,5.591098555890858801e-01,2.250290804738018235e-01,5.652947146153275426e-01,3.703493973199070144e-01,8.469371756109872473e-01,5.838804973423099565e-01,9.225505310443817830e-01,6.735972899522260082e-01,6.872594611229209116e-01,9.215360781877377505e-01,8.031191686858640821e-01,7.962447766127433990e-01,3.743055588794685917e-01,8.850644228237889433e-01,7.814923361451691086e-01,6.053605393369837495e-01,6.253393887569304033e-01,9.971254105286783131e-01,3.429107973215707039e-01,5.281450568828687242e-01,6.023957571109139764e-01,6.586606163685947424e-01,1.658201663151309124e-01,5.618751191384971921e-01,1.842423732951561366e-01,4.510973850415113118e-01,6.752257693212729839e-01,4.680266075576345886e-01,5.147633812534496700e-01,2.255686447471829392e-01,-1.468131137604792857e-01,4.458363971763151246e-01,8.762720039509200864e-01,7.607459363085855575e-01,3.677313497604831616e-01,5.784025153953104015e-01,2.899556773333689108e-01,8.290848611583433447e-01,9.728262787601932304e-01,7.926546746894455042e-01,7.239399696759627467e-01,6.307771368068273432e-01,3.674237080079185702e-01,7.622853982263958494e-01,5.997338465432179300e-01,7.835213235405777965e-01,2.592061817414776925e-01,8.162225944168003400e-01,7.432657978846407554e-01,7.498887031402252656e-01,7.530663106341173307e-01,7.390009670956109167e-01,8.098437318631689363e-01,4.542959184460780286e-01,2.156292352474105667e-01,5.227497218698685250e-03,3.769770103876715073e-01,7.973494178958009382e-01,7.912039904109515742e-01,7.570424767914286646e-01,4.903212701240352023e-01,6.761768011110725896e-01,7.580604833732170755e-01,7.719010102790473393e-01,9.797420666391778443e-01,7.628598410087514825e-01,7.878939305976125906e-01,4.375449843171252406e-01,5.230927976556748460e-01,4.890798550968499803e-01,6.469568799771659995e-01,5.611535643022884656e-01,5.228042131772067114e-01,3.508404334798850277e-01,1.801123814798233636e-01,3.798881723169558189e-01,9.018045925884929925e-01,3.052933350788085698e-01,5.630880709254111327e-01
6.531434363106565222e-01,7.661821155134189709e-01,7.082425024952858639e-01,5.150442841053953780e-01,7.677842003881104604e-01,5.591098555890858801e-01,0.000000000000000000e+00,4.412608663309647850e-01,3.740726486658475514e-01,7.006232545141042323e-01,7.731677166183893446e-01,6.784162281387223770e-01,6.730929706721895389e-01,4.379990950914239844e-01,7.660507919891523798e-02,4.935695424814431354e-01,6.716243199064149128e-01,3.995550163416881628e-01,5.693310346616700102e-01,7.619828286128116357e-01,7.068439733686866511e-01,6.152991054660005288e-01,7.898840870421539595e-01,4.071501474893020056e-01,2.605731132798908556e-01,4.508417166241350249e-01,1.418300633106490405e-01,6.703163520620784022e-01,3.630302505682619918e-01,4.033237116185780513e-01,3.329751138775703945e-01,3.566447624753558143e-01,3.003841687996994247e-01,5.557152949661554597e-01,3.868595376985957124e-01,4.664488433505720177e-01,1.194705373773666257e-01,5.635756868130070707e-01,6.523078015595971113e-01,6.645139817131711091e-01,5.837555047067168879e-01,2.971785587601341039e-01,9.240813434873668131e-01,1.113709063524183779e-01,9.549092479072779360e-01,6.827075800044086762e-01,5.489929215264189866e-01,3.263210549379546022e-01,4.741081900481881051e-01,1.639666510205023409e-01,6.396290498814765080e-01,2.459314161192657222e-01,6.658279661297176188e-01,8.547313111850004530e-01,8.966296738724637283e-01,4.234792644844903031e-01,5.615668459966016712e-01,3.622271177128084663e-01,4.456392116524880431e-01,2.098259258564632093e-02,7.739356750511823257e-01,4.179296421321124777e-01,7.736347241441421385e-01,5.951106538383861277e-01,9.468135556310638412e-01,7.458792698758288653e-01,4.587681943471768053e-01,6.538989084030019105e-01,7.601702891505148774e-01,5.161748269852921567e-01,3.709200609709290553e-01,7.626174909519165546e-01,4.984830279395229269e-01,3.049744379634580227e-01,2.148150142303291987e-01,6.644244780379545690e-01,3.028350814171175132e-01,2.727689934370443048e-01,5.467697818100467622e-01,-6.585805144805226274e-02,4.349991057465351640e-01,9.693272068338419922e-01,5.619162303078489851e-01,7.117040704919321836e-01,4.751671220543385310e-01
9.174490554239184137e-01,4.453302880436863509e-01,8.168727044472091636e-01,5.973793987084432544e-01,5.282899364758164573e-01,2.250290804738018235e-01,4.412608663309647850e-01,0.000000000000000000e+00,4.488148212761345346e-01,3.976603296236492779e-01,3.282629243553331633e-01,9.849838871082770009e-01,9.968351939342324775e-01,3.871404469977288709e-01,7.814685980732721804e-01,5.132327237242653162e-01,4.210917033140633703e-01,5.564110013339135241e-01,6.057500051012943976e-01,7.782545795257508336e-01,7.963260198892480046e-01,2.861772385981935507e-01,3.980443994809580444e-01,4.116024794783919027e-01,6.439296064295533251e-01,5.573779162886858263e-01,4.961522521970976318e-01,2.283733763235659409e-01,3.038704227777318523e-01,5.772201719765137629e-01,1.147476427708895609e-02,6.209620645043855136e-01,2.284304932121280496e-01,6.496744005838761549e-01,2.840461660980582170e-01,3.207812725082292427e-01,1.524222217662355439e-01,4.724853218687628531e-01,8.030874967641927764e-01,5.824127967332655142e-01,-1.018782216137201213e-02,4.283594772956372809e-01,8.213627482079738362e-01,5.966181187592979329e-01,8.843863632669850539e-01,6.816744275896791105e-01,7.257390942415311574e-01,6.887895613657781801e-01,6.456436297368761679e-01,4.933198653140425938e-01,4.159645524424672169e-01,6.873881634665496287e-01,4.009780255852469222e-01,2.328944513630197277e-01,5.762740760305801180e-01,6.776236633062986403e-01,4.529909834137265667e-01,5.929369950849716631e-01,6.615780972366043233e-01,2.487539790727158751e-01,5.666153023558910817e-01,3.918634308339066785e-01,2.291718663245313203e-01,9.543797086704816079e-01,8.314514210624225354e-01,8.561868924560750438e-01,7.174882611026195400e-01,8.079820922253903026e-01,6.175393861709318477e-01,9.695443707545864376e-02,3.450912399941147291e-01,8.799379051910914962e-01,5.472168772826426775e-01,2.030606659941965042e-01,5.339561084971153893e-01,7.722716394486985880e-01,7.000915954585548162e-01,7.844864050775971487e-01,3.235591915021659437e-01,3.714420408344928926e-01,6.980364232046487594e-01,8.118260568379873643e-01,3.228446229181483051e-01,7.740381675353777968e-01,7.252340598856971132e-01
4.918557021568404908e-01,5.216693764807349698e-01,8.497233549355165394e-01,1.377354002515418507e-01,6.397281552141313998e-01,5.652947146153275426e-01,3.740726486658475514e-01,4.488148212761345346e-01,0.000000000000000000e+00,7.497865581879943342e-01,4.844646470790559545e-01,1.037009591178615769e-01,6.357678999344754667e-01,6.299779705698965726e-01,6.448945997523860552e-01,7.330273566712224298e-01,5.712916806442001061e-01,5.935781152956145501e-01,-1.483230350013118315e-01,7.722320337939350132e-01,9.235058190748617335e-01,7.756816056183150065e-01,6.748438234550593329e-01,2.589730222777816282e-01,5.461803309363214565e-01,4.264995602833652200e-01,2.777270124927477823e-01,7.620780573064489527e-01,2.431344009419403873e-01,5.569259841625101570e-01,2.758223071571856977e-01,4.796272906405054659e-01,2.360533207900774311e-01,3.497106014510147354e-01,5.262445226868550652e-01,6.583512349726969859e-01,6.356620299317188028e-02,8.148786918918011768e-01,8.198984566837332899e-01,7.695822558511263844e-01,8.888971121176246493e-02,2.176583081476798354e-01,6.178561994416590375e-01,6.216288558488405336e-01,8.590128251113318125e-01,7.913439144118175061e-01,4.126223600920114198e-01,5.464840336481145977e-01,8.347866663744721860e-01,7.678712852609870243e-01,4.530525028353973860e-01,4.880244916972297786e-01,6.190738186702771095e-01,8.380146580719264326e-01,6.825698006691932607e-01,9.609355208958764161e-01,5.554937056410944596e-01,6.143244672115869554e-01,5.989770680921855384e-01,4.209177468747912765e-01,1.205366855582230001e-01,3.816262875803984045e-01,-1.002087270277929459e-01,9.427542056609232723e-01,8.071321776846930307e-01,3.752875628378822270e-01,5.913089994915203818e-01,2.257871513829591004e-01,2.931653357627955203e-01,4.106651369918222771e-01,7.858873487623739829e-01,5.814250443623709685e-01,6.206313457549333945e-01,4.144017441112696765e-01,6.536075923094455398e-01,5.615345650955869683e-01,6.374593429096233610e-01,4.155206751356104733e-01,6.786477612500082524e-01,1.703433110116066851e-01,-1.177437850047646783e-02,2.774353708627604331e-01,6.602383759755959813e-01,9.994049164313733025e-01,4.472643929426367015e-01
7.075564715239446301e-01,8.330051978913036725e-01,9.091741615372997964e-01,5.188330970304807499e-01,6.196343322095290151e-01,3.703493973199070144e-01,7.006232545141042323e-01,3.976603296236492779e-01,7.497865581879943342e-01,0.000000000000000000e+00,7.050872860419307164e-01,6.063154815572802114e-01,2.372994321112704696e-01,1.081011215310989509e-01,9.311130470865887077e-01,5.864361275945068064e-01,7.553387983794641602e-01,6.410377072957668121e-01,6.255640125522465844e-01,7.604382110954694962e-01,9.936027812813347238e-01,7.063068758456249041e-01,3.846952955057602042e-01,9.095900300022827789e-01,7.881543064385914121e-01,6.041615390640359129e-01,6.756422480038868361e-01,3.996111671982096047e-01,5.209713684628370922e-01,2.701123566186590663e-01,-2.737653197682748951e-02,3.824044478997581376e-01,5.434507067412488457e-01,6.536928457157704653e-01,7.222841477535906218e-01,7.201403275032286500e-01,4.412853454438599443e-01,7.278586147779194659e-01,7.903120052888481517e-01,2.945122259653647490e-01,1.385916531364517201e-02,6.032538807423842853e-01,5.115992084004031826e-01,7.417733308737241016e-01,8.665071849800496384e-01,7.576476111956259585e-01,6.704267053506446361e-01,4.935863465272338768e-02,3.269693139001095261e-01,6.342000122172455345e-01,5.377009093280421537e-01,3.560504796150440465e-01,6.094229283135468300e-01,9.073959331306122866e-01,9.549222904702308057e-01,7.627934849973595499e-01,5.130308212020874281e-01,6.853229337934213516e-01,4.230329524032931388e-01,2.626357825172782046e-01,7.878444166515116143e-01,5.606183865780747233e-01,-1.457003383316812228e-01,5.474206036693792798e-01,7.355207967544156178e-01,1.009471606250357950e-01,9.035840986260547103e-01,8.040122108722411731e-01,2.368076035306260207e-01,7.715423182181003758e-01,9.804297606821776867e-01,6.025928632128574325e-01,7.311339774085435783e-01,1.215919598557153695e-02,5.277646567017808543e-01,6.472635802949198158e-01,7.229894068782026784e-01,4.214058406457235062e-01,-1.342891392868241218e-01,2.533787758966048465e-01,5.135332998733965759e-01,9.487434923827017252e-01,7.380420220049619395e-01,4.050747719690581672e-01,6.310859691393805315e-01
6.633183678178029563e-01,8.377049495174456739e-01,5.983651658299733445e-01,7.699010363523510758e-01,7.722920780570110555e-01,8.469371756109872473e-01,7.731677166183893446e-01,3.282629243553331633e-01,4.844646470790559545e-01,7.050872860419307164e-01,0.000000000000000000e+00,7.699339483689343622e-01,7.182292950049879998e-01,8.057590507408596281e-01,1.913302460606103360e-03,7.305450841619688385e-01,6.094537267553011839e-01,7.775143237775793414e-01,6.146896075581610441e-01,9.954221647514324145e-01,5.417963881859640118e-02,9.544689451392134316e-01,7.226263812943041209e-01,9.029980598351897703e-01,5.245430713902353714e-01,4.829263687642942893e-01,3.378104208712534584e-01,1.875560882406075713e-01,5.122631055205342232e-01,4.455210962130720653e-01,6.476098475116801589e-01,4.770820733673080127e-01,6.037525955537021982e-01,8.710381238219138123e-01,7.495187413536804621e-01,3.294273228136950227e-01,3.729415706213198289e-01,5.252848825183276116e-01,9.571539123435476304e-01,2.282459206111748518e-01,5.510311039896930163e-01,2.505812428072076159e-01,2.570899519766148278e-01,7.452662660109707904e-01,3.643397882608128135e-01,6.651937480555786264e-01,4.810262163922865986e-01,4.834737813224898595e-01,4.887858003061121837e-01,6.101527173720848740e-01,8.708552442939523908e-02,9.110374750912063613e-01,8.844573780503527383e-01,5.859298591851818117e-01,9.332491667820439485e-01,2.823726124686714023e-01,1.055766492880372137e-01,9.969820114847071091e-01,3.814069858735572027e-01,3.788204525348675134e-01,1.743675068134606654e-01,1.503881447980795483e-01,9.181313782921632916e-01,9.791830924369860911e-01,8.845963239606482453e-01,7.152289533867898230e-01,7.484825117837463626e-01,5.267758812459286677e-01,2.276716848958695860e-01,9.509969569647176435e-01,8.876622423517962490e-01,7.839225188225531493e-01,2.602001469849722914e-01,3.450551196491249417e-01,2.380231586866986548e-01,6.892698871317169962e-01,6.666589797404324225e-01,4.095015209742077777e-01,1.225650467224036755e-01,4.565124575888791503e-01,3.849096957938695773e-01,9.316472637443864446e-01,9.875439165693418175e-01,6.983328497622637299e-01,5.461714966993905795e-01
6.531310092860191929e-01,8.366480798794145857e-01,9.006393731335253783e-01,2.010287111464578724e-01,6.051634604863099787e-01,5.838804973423099565e-01,6.784162281387223770e-01,9.849838871082770009e-01,1.037009591178615769e-01,6.063154815572802114e-01,7.699339483689343622e-01,0.000000000000000000e+00,5.241712142654360029e-01,8.247922002977065015e-01,7.652676092349659509e-01,6.502622657153510621e-01,7.539915416244078461e-01,5.299400693605784696e-01,7.513546106085551290e-01,7.908177088207051231e-01,6.920462022414927139e-01,7.930024516727374184e-01,3.334260970840755012e-01,2.799691110179607367e-01,4.539085814346854875e-01,6.996344317281836256e-01,9.215784195469174378e-01,7.941836448657882963e-01,1.578324347227142432e-01,6.103638423401324120e-01,1.040348527366208586e-01,7.732568849520369270e-01,7.488882549500841534e-01,8.160449212188711776e-01,1.877839241763883393e-01,2.462504991774885910e-01,-1.460663506683604063e-01,4.683008189059704729e-01,5.725353812228646255e-01,7.030107678770809443e-01,4.718618157302315597e-01,6.144770443698026607e-01,7.236176002700496213e-01,8.425825336074037608e-01,9.357960221788612643e-01,6.727518745726256411e-01,6.144604922912965117e-01,9.535822793736465908e-01,4.047576721131332933e-01,7.718144022143486049e-01,5.654015115393042912e-01,5.525629943806608102e-01,9.847929276578847313e-01,4.937695136982722666e-01,7.069850020756163200e-01,2.228551001940912435e-01,7.180130322627893413e-01,2.131840595409902062e-01,6.061728365322961443e-01,5.468307073907394678e-01,3.233564517806958305e-01,5.143376637525152173e-01,7.496375339550755967e-01,9.009138866050310224e-01,4.091631486705258336e-01,1.355886639963835572e-01,6.912549413922217667e-01,8.406205145160815517e-01,5.014708256024265065e-01,4.432350016932947723e-01,8.120964652288954477e-01,5.440496700385761830e-01,3.785760935962092510e-01,3.205022100196189272e-01,5.067601800820581426e-01,7.600162608449243518e-01,3.290953543864745257e-01,1.852940701691945316e-02,7.400360294542611683e-01,3.792108927548574204e-01,5.614229029632652468e-01,4.770609872312184807e-01,8.201477647722206221e-01,4.324525039951765959e-01,5.500413359827079907e-01
6.430147677733634159e-01,5.877172777692269978e-01,4.756453531760469478e-01,5.868397342978666220e-01,7.122009483085265380e-01,9.225505310443817830e-01,6.730929706721895389e-01,9.968351939342324775e-01,6.357678999344754667e-01,2.372994321112704696e-01,7.182292950049879998e-01,5.241712142654360029e-01,0.000000000000000000e+00,8.067731327750506942e-01,9.971375746741978352e-01,7.384178882041863012e-01,8.788000743094255274e-01,7.395962907092253902e-01,6.610736871131512871e-01,9.285724146170378779e-01,7.861402515635171895e-01,4.748623426770371969e-01,9.994781586935962414e-01,7.661191224493739682e-01,3.387516230209025592e-01,6.941036289200495091e-01,5.417885661090786620e-01,1.781146921957502405e-01,3.712842158811109350e-01,-1.335572335643330222e-01,1.713594728413017632e-01,4.637791011385908324e-01,8.769155294754524821e-01,8.695697841900663638e-01,6.329233309505692961e-01,8.118404449283965485e-02,3.290695645283235882e-01,8.629243694397954467e-01,7.931342037030058023e-01,6.627379542631829379e-01,5.680425769778959522e-01,6.108468803545086256e-01,2.580420790014950616e-01,5.254015378288778848e-01,9.538594768733354989e-01,6.761296208049403234e-01,6.688137877103829121e-01,7.810939841197290789e-01,9.266891511771795376e-01,8.536903889033251591e-01,6.487411392840803925e-01,4.494957723690781171e-01,9.265604460990879421e-01,7.775897581774523504e-01,1.412428717187003968e-01,6.731057357255424423e-01,6.383462966590043308e-01,8.316071384151089152e-01,4.790790944059060141e-01,9.224659777857582843e-02,5.330112511955686916e-01,4.849446873289335880e-01,6.222786079274310600e-01,7.399216005481443759e-01,4.413113908917863371e-01,7.780384862790921119e-01,9.031197943301074726e-01,9.971903281722548362e-01,4.091428876394082037e-01,6.999831061018749745e-01,4.293930510632882891e-01,4.131001356244851097e-01,1.149078715882653201e-01,5.051079132619291645e-01,5.459594032229093952e-02,8.270033958554879883e-01,9.431750881438103473e-01,8.928562052371417090e-01,7.317065603947066066e-01,3.272701504355599589e-01,6.930331591696817783e-01,7.301405300936096854e-01,7.488983701061086018e-01,7.133931011731112770e-01,3.833424403188249174e-01
9.162520756482082085e-01,5.234079365428840891e-01,7.948775549170422616e-01,4.499115698876272607e-01,7.528336250312950284e-01,6.735972899522260082e-01,4.379990950914239844e-01,3.871404469977288709e-01,6.299779705698965726e-01,1.081011215310989509e-01,8.057590507408596281e-01,8.247922002977065015e-01,8.067731327750506942e-01,0.000000000000000000e+00,6.378020818476415332e-01,5.932302361153130033e-01,5.936133094269716581e-01,9.736035070896218446e-01,2.149710265215349914e-01,9.679147045423507345e-01,8.361221363057294020e-01,6.028022666803911633e-01,9.524127311955938868e-01,6.601306745251576125e-01,2.137304080368764014e-01,9.246176828617851395e-01,8.079458631911113908e-01,9.909877004128739841e-01,7.970665754800037028e-01,3.035627098131317148e-01,3.033447148138095351e-01,5.796453689294470690e-01,2.237448464571777096e-01,6.824021735779143283e-01,6.277358694562882313e-01,2.299403813905880056e-01,3.285698189080613618e-01,9.273195155961323488e-01,5.081379477224859942e-01,8.837148443988808166e-01,5.418129889607401495e-01,6.959846922340502395e-01,4.071336052194913790e-01,9.747679302777300103e-01,7.259714284462882583e-01,6.930940127175971854e-01,7.703796540771086221e-01,6.447737554089723044e-01,4.028943135773050965e-01,-1.505994977709954052e-02,7.351903992943916721e-01,4.505908670967606611e-02,7.550256579700062032e-01,9.755784374753720956e-01,7.833059212406098260e-01,2.894154128653665947e-01,6.432310545186861184e-01,7.900195996847778623e-01,9.010446741867663700e-01,4.197012307918941976e-01,2.890260065142781221e-01,1.156937137334224652e-01,8.989296659553707158e-01,6.276868458200981493e-01,5.911473285357001783e-01,7.707925323788671346e-01,4.257462982730609857e-01,9.073968983415229284e-01,1.483422116296182758e-01,6.089676583130253507e-01,7.439301358603100933e-01,4.642149065036850764e-01,2.753411611136033499e-01,3.745787187756835501e-01,5.599242666146150293e-01,7.358801174052442828e-01,7.931066097812344839e-01,8.006957872805348098e-01,9.672966308021813120e-01,3.657484167875141301e-01,7.675431629635833808e-01,3.346545487419824161e-01,4.330716682683635188e-01,6.651213371927947038e-02,7.077003158034939068e-01
5.287364476300334681e-01,9.745227569440071402e-01,8.520586497388956682e-01,9.442050585324449630e-01,4.923265027858684251e-01,6.872594611229209116e-01,7.660507919891523798e-02,7.814685980732721804e-01,6.448945997523860552e-01,9.311130470865887077e-01,1.913302460606103360e-03,7.652676092349659509e-01,9.971375746741978352e-01,6.378020818476415332e-01,0.000000000000000000e+00,7.136423889942452581e-01,6.585845182862245517e-01,4.193808299769122283e-01,7.487962407967535539e-01,8.493802168952564458e-01,8.522595037877129798e-01,5.589928855244654660e-01,6.065002905921785814e-01,8.591879616306080658e-01,4.218061924196162549e-01,6.522902805021458805e-01,2.665597110929913138e-01,3.613847105418762640e-01,-1.366652597965327676e-01,3.615926148060980561e-01,5.434693544041380164e-01,5.108604801381535498e-01,6.759352446782613821e-01,7.399736595387308435e-01,5.026929592680794423e-01,4.602796938343657329e-01,3.233953126965559699e-01,4.113617689145101508e-01,7.918118550426542779e-01,7.494626997253750478e-01,3.685794607246053456e-01,4.979538649050523347e-01,6.484539522277356083e-01,6.963582903293955573e-01,9.097202997726138163e-01,3.203458014817730515e-01,7.804572700783038997e-01,6.247235586688157927e-01,7.939380946582256238e-01,2.063506359046753391e-01,7.009795892567234343e-01,6.074827381292675632e-01,6.093249849911043237e-01,9.891289748942118099e-01,6.573134278463134139e-01,6.879835418264058644e-01,2.115780480617856230e-01,6.085842223650678173e-01,6.533925298819291960e-01,9.042531711095281866e-01,3.546754034058701710e-01,7.411310025940489599e-01,4.698418609350933361e-01,4.080534705675311624e-01,9.551601576402275473e-01,7.821839749252245122e-01,5.885133337960851696e-01,1.978747061816966690e-01,5.018383817025950933e-01,7.463929855434516814e-01,6.577566267235470665e-01,7.652998524655992840e-01,3.569037997606799850e-01,7.817649521208922536e-01,6.836692274639173394e-01,5.191170809270009290e-01,8.496177877286105184e-01,3.831589698749474637e-01,2.249709342544505553e-01,4.580518476447687504e-01,3.977787253079325680e-01,1.477512197277838502e-01,2.775285366572426415e-01,3.374876734007388190e-01,9.510936731560524215e-01
4.226957479767881054e-01,4.426000501051319813e-01,6.992584818858140761e-01,7.706786120327983047e-01,8.949098436163444026e-01,9.215360781877377505e-01,4.935695424814431354e-01,5.132327237242653162e-01,7.330273566712224298e-01,5.864361275945068064e-01,7.305450841619688385e-01,6.502622657153510621e-01,7.384178882041863012e-01,5.932302361153130033e-01,7.136423889942452581e-01,0.000000000000000000e+00,4.229677945914056547e-01,9.592276493475965227e-01,4.076429366890608197e-01,7.403311313514138181e-01,9.061844520198787389e-01,8.285969231630878618e-01,4.240568581590610231e-01,8.795401679648484627e-01,5.590618157280955458e-01,7.959604380073177499e-01,6.212362366192749619e-01,4.893573238141259441e-01,9.963349247081075555e-02,4.829388125120680497e-01,-1.945223904998056308e-01,7.793252875752259001e-01,9.851683549362311165e-01,7.277887801556915948e-01,6.607460009510762733e-01,5.705813645239461440e-01,4.803290703561695074e-01,7.390149758424874316e-01,9.658439290597061744e-01,7.481822420273173124e-01,6.869265009413155765e-01,8.284249878248290955e-01,3.059103808391530066e-01,7.525241016361006174e-01,5.841487230814623732e-01,5.229101274649670117e-01,6.798693007295534274e-01,4.247151291402149198e-01,5.984263494639665559e-01,7.552368596771892317e-01,2.078481042974388571e-01,7.553952940518229298e-01,8.625005131672568437e-01,2.143537182256287088e-01,7.075984542456591475e-01,4.953083079755479234e-01,9.123981095874036384e-01,2.527279631731769727e-01,4.022893638702853547e-01,5.095170779280214779e-01,4.662193577898173791e-01,5.122794313015883727e-01,5.925110338937651377e-01,7.318966079525646151e-01,7.498627593715955220e-01,9.223328205878545960e-01,9.159310212157391051e-01,9.424846059117494290e-01,7.013460171619176897e-01,8.997661829700214220e-01,6.122378468314486621e-01,6.371557582399512976e-01,3.198519768048309619e-01,4.875006043173745196e-01,4.691981177536800884e-01,6.534269945241096833e-01,4.178731137302653664e-01,7.496461879123803573e-01,3.122005916109320545e-01,3.501058920904533966e-01,6.283245102577935670e-01,7.610649583284280206e-01,2.222186582479898365e-01,4.836537696547500986e-01,9.546995785841841387e-02
6.811190334904565491e-01,5.835082093675999504e-01,5.429421841376597113e-01,6.669291048089558416e-01,4.510329181174136393e-01,8.031191686858640821e-01,6.716243199064149128e-01,4.210917033140633703e-01,5.712916806442001061e-01,7.553387983794641602e-01,6.094537267553011839e-01,7.539915416244078461e-01,8.788000743094255274e-01,5.936133094269716581e-01,6.585845182862245517e-01,4.229677945914056547e-01,0.000000000000000000e+00,4.508536450664136774e-01,7.511343567845945035e-01,6.281037378691809447e-01,8.767259487196602530e-01,2.691107585709852090e-01,7.557911165470592163e-01,6.999779442968721010e-01,5.412101181593518273e-01,2.428804252043337553e-01,5.666617063083951855e-01,2.693592102573765246e-01,1.724459028794189386e-01,3.522556859414756603e-01,3.649655407557089032e-02,8.183572809659021008e-01,6.081428884881935337e-01,8.340877825597795558e-01,9.150043510019544302e-01,6.624788462869961592e-01,3.347738545617464645e-01,8.463730697993390173e-01,5.933039558578493411e-01,5.677909289335760779e-01,3.319779743728588084e-01,4.454032710299597464e-01,9.114091898969026717e-01,7.376561805981801667e-01,4.193339331959110572e-01,4.664642597237808608e-01,6.151621782466477617e-01,5.306810391316296727e-01,6.169217137033173870e-01,9.737803946276221145e-01,8.282856593564554837e-01,8.995426855278869649e-01,9.873091738978085896e-01,8.904111107240997303e-01,2.439207599566815265e-01,3.512374191192314532e-01,4.752562668513461985e-01,8.218816894904490411e-01,9.779445347562819579e-01,9.959400872586244846e-01,3.171303420047336119e-01,4.025089597843494738e-01,9.207017536485618825e-01,4.017967897626847917e-01,8.661988612671132071e-01,5.800430314939796217e-01,5.683197795655058338e-01,4.798601902359292959e-01,4.385698983406391416e-01,5.757089844129855694e-01,9.375780691605226647e-01,5.380651020914393179e-01,6.517474183738238835e-01,6.688588141803697429e-02,7.716501007549612101e-01,8.558803670086839732e-01,8.770193200884259799e-01,6.262915391338930160e-01,3.347398357503034161e-01,2.499324126015725900e-01,6.431001026916924879e-01,6.437245909734372606e-01,7.651467045739389627e-01,4.383796260747450241e-02,6.834974357269658629e-01
9.883776486554947116e-01,9.081308878103891979e-01,9.279692414371134568e-01,5.724706199785734029e-01,2.390969421652198446e-01,7.962447766127433990e-01,3.995550163416881628e-01,5.564110013339135241e-01,5.935781152956145501e-01,6.410377072957668121e-01,7.775143237775793414e-01,5.299400693605784696e-01,7.395962907092253902e-01,9.736035070896218446e-01,4.193808299769122283e-01,9.592276493475965227e-01,4.508536450664136774e-01,0.000000000000000000e+00,4.555053674071500858e-01,5.595351988227934559e-01,9.901779087273194779e-01,6.734542321071492754e-01,5.834987640987578938e-01,6.972253502630197941e-01,2.756121629576206988e-01,6.292610226469682599e-01,6.311950199132368988e-01,5.754794479017972808e-01,1.462738199473871403e-01,2.933023297534150253e-01,3.874876654551751010e-01,7.697539790661520609e-01,6.625771406797613672e-01,4.120337797469766361e-01,5.317003837783315090e-01,6.284270935567854988e-01,5.056373655724752947e-01,6.973560936208449412e-01,7.763768829149035877e-01,8.984168763154032344e-01,6.340973200845825275e-01,3.201225629084277768e-01,5.618311341750066301e-01,6.025845201469880452e-01,7.077055509021069613e-01,6.154795498057827885e-01,9.893736817071149270e-01,4.337524111661616999e-01,7.882631685166991975e-01,7.350174945914045299e-01,2.449114789882204657e-01,3.160495997380800004e-01,7.859164052751677065e-01,5.108962595230230885e-01,7.831481995958889941e-01,5.038149045900381928e-01,5.249248246808307927e-01,5.845097939852482716e-01,7.063158106222446886e-01,-1.382937176417254055e-01,7.328885244307590252e-01,7.506234551678634404e-01,5.180298551434544541e-01,4.820678637502876507e-01,8.107629457328854317e-01,5.689023037355864787e-01,8.100608008454172060e-01,7.814317146304733397e-01,2.206011468081252036e-01,5.612590205385713515e-01,7.415530029544576962e-01,6.454201615261179192e-01,3.445418428298132607e-01,3.123877883010541257e-01,5.701945852075437360e-01,6.150594535172358990e-01,9.029243300780408488e-01,2.256692938184292618e-01,1.374489806275192294e-01,4.508627986365689733e-01,7.641823756198037332e-01,6.962250758108231574e-01,7.668323498248232895e-01,4.578459352229076740e-01,7.863933938000357005e-01
