0.000000000000000000e+00,9.866607232852142584e-01,6.251256637568329833e-01,7.252215944849973450e-01,6.963492798751774737e-01,8.148576788290703421e-01,7.567916085890882272e-01,4.719342650110049386e-01,4.016788904641449554e-01,8.528126885221676279e-01,5.399413647170361319e-01,3.753858749168220710e-01,3.835717834227588274e-01,5.960398646817668400e-01,7.514297024588729723e-01,5.655744289762382193e-01,7.221909191569355624e-01,7.841561467102039495e-01,6.368154421463474435e-01,8.217348932587553723e-01,6.128601674183188353e-01,2.554862766266154939e-01,9.885808988792894603e-01,9.153120151210630828e-01,6.546952663644491910e-01,6.040975379934822032e-01,9.581947456043351519e-01,7.790690237381785455e-01,5.668127697021091427e-01,2.012158309213349927e-01,7.507243609208092208e-03,5.356900884533724039e-01,8.546784645165286243e-01,4.533124338938017694e-01,6.098199732345397361e-01,9.682974581612689702e-02,9.198209747401094039e-02,5.509309892959778354e-01,8.100650031931712070e-01,8.304105485492748739e-01,6.188082615110208629e-01,8.249310068594213341e-01,6.064944733202748406e-01,6.176806077079991519e-01,8.137879902580332780e-01,3.462318892711232499e-01,8.547107381566018125e-01,6.747426103414593257e-01,4.082611829122141378e-01,4.979779029440457583e-01,9.744117867817694290e-01,4.880406959937430011e-01,9.295300027718946811e-01,9.087364413518479456e-01,9.399171235494689913e-01,7.683213891176376986e-01,4.786622740199174553e-01,5.263026356133080341e-01,6.465520292935820201e-01,-1.142205826676248592e-01,5.324507401438050014e-01,7.136215677320442152e-01,6.756409792538439207e-01,9.638795406813696065e-01,6.658710091215077620e-01,9.283255809735426745e-01,8.536851685771779108e-01,3.345354161497854362e-01,5.434070350113060499e-01,6.133855712409957972e-01,7.184458815130176923e-01,6.662285229875721804e-01,1.413128907264795710e-02,5.806429790484033404e-01,6.456637892533381162e-01,7.323077733876712792e-01,6.998520039842964779e-01,7.775243433900165257e-01,-1.627116674464277879e-01,1.503004596902670353e-01,8.633688046227356860e-01,1.588772775320600461e-01,7.412606034457986937e-01,-2.550646667669622669e-01,1.861160048061137884e-01
9.866607232852142584e-01,0.000000000000000000e+00,8.346771369694799825e-01,4.733460300272668286e-01,7.094232460708830290e-01,5.716959971696928822e-01,7.791037643929801249e-01,4.883342279326153834e-01,4.494018852976978118e-01,6.109777661247015601e-01,2.769007179209265201e-01,7.198131058798691306e-01,9.901738179094696779e-01,6.080578452583045301e-01,4.105022676597216424e-01,6.122125806980174278e-01,7.210494245172396344e-01,5.501684376320830072e-01,6.547787578286552446e-01,8.159353970799276823e-01,7.885901583140724203e-01,7.474448832338538296e-01,2.505555877080583027e-01,9.541602762411041105e-01,2.885041037778690587e-02,2.823180776451948981e-01,9.685432672692166900e-01,7.944091851568064744e-01,4.353244800918626423e-01,7.654558917491084413e-01,3.459576032914557508e-01,7.578456383261389373e-01,8.112911953011645583e-01,3.586281691797504889e-01,4.066018953232777844e-01,2.687595002810122535e-01,1.925703644905105844e-02,4.667282650839658098e-01,2.990859591742001111e-01,7.603895432467836502e-01,3.508534021234534922e-02,3.797193107798199629e-01,6.170465857836067158e-01,7.752535260712929421e-01,6.816875229498894351e-01,4.783305485237566712e-01,7.103326288205371597e-01,3.060063434480638778e-01,5.600132174724455902e-01,5.565086147914113379e-01,7.883476451865230050e-01,4.903576695551510323e-01,8.013121849283455500e-01,8.081261096083660611e-01,6.264904065974604697e-01,6.795161050447022788e-01,7.060023424011807602e-01,4.566425756010815129e-01,7.724911141789367885e-01,4.560067214426463678e-01,9.084557849463273382e-02,3.209126703108219347e-01,9.802216179871490187e-01,5.660375718369032860e-01,5.189766573176309850e-01,7.838888496952618468e-01,6.738291570022250099e-01,7.906293244525044450e-01,7.360632571184135831e-01,7.073174480739047310e-01,7.211119863479593661e-01,9.808034426505882752e-01,7.985936145357981353e-01,4.219203637423674658e-01,5.247050260559783519e-01,4.844478866742478740e-01,4.132148435440263223e-01,4.528685181976592200e-01,7.043774659723451848e-01,6.506807619833757661e-01,7.745552190110512880e-01,3.526988657524876003e-01,6.930521101843147846e-01,4.224989226599717984e-01,4.619857935682242234e-01
6.251256637568329833e-01,8.346771369694799825e-01,0.000000000000000000e+00,6.206475503004169614e-01,8.468279560719357280e-01,4.492838116948164040e-01,6.568225838314394327e-01,6.172918902971988864e-01,6.096175001231806112e-01,4.323978641760513053e-01,6.122240650363591774e-01,7.138715546361347197e-01,9.112924884052201469e-01,9.483140669054861416e-01,7.287936056995973910e-01,8.841835566891234066e-01,4.144049243718570530e-01,3.506457611247885131e-01,7.702829590843790486e-01,5.340325714266161983e-01,4.547095169421851435e-01,8.296187487977247921e-01,4.219791479562818859e-01,9.379501508007166422e-01,8.378159709338618422e-01,9.861927322845882582e-01,5.889430150836147959e-01,6.346520040926932893e-01,6.794438713936825636e-01,3.052266050968485134e-01,2.648045800270297789e-01,6.867183748507719177e-01,8.894394298495874596e-01,6.653319278074074639e-01,5.540493424066658124e-01,4.598391535707547773e-01,4.475404169808049337e-01,7.052710455497297470e-01,7.851305606973730811e-01,9.785531835148068014e-01,4.514946189224937623e-01,4.162666508698392165e-01,5.497367201854699292e-01,6.450086066505227311e-01,5.726447133337371209e-01,8.545241068354088032e-01,4.476301303379552343e-01,7.994601423512053273e-01,9.743975723689974888e-01,4.861441585740403082e-01,7.246895570671140208e-01,7.332299854388331095e-01,5.420333031694937187e-01,7.095548999384475586e-01,8.852325467012980287e-01,9.922045110355378617e-01,7.538002823127423202e-01,-1.824855236482016696e-01,4.460769430538329972e-01,5.907081595079903824e-01,4.457056909797608713e-01,5.682859975392501317e-01,8.696306704522632769e-01,7.427381029051869366e-01,5.577916213417366542e-01,5.742682019547200589e-01,9.792414003029892289e-01,4.142530163867310655e-01,7.457050299600246346e-01,6.102911197246133623e-01,9.633343252032018356e-01,3.162700373995491199e-01,5.658955575740971522e-01,5.549686840618365258e-01,7.732142387890170721e-01,4.277354759758827951e-01,4.361838854140031030e-01,8.712752709890114744e-01,2.727907457021438997e-01,4.117901984897611722e-01,6.521971085877008578e-01,9.976571658862627423e-01,9.156866444312429243e-01,6.911995991776286319e-01,1.087417839921815399e-01
7.252215944849973450e-01,4.733460300272668286e-01,6.206475503004169614e-01,0.000000000000000000e+00,6.129723509003914828e-01,6.210622361426110238e-01,4.347724684051973432e-01,3.940288847713377951e-01,5.962847756652872588e-01,4.882042788516365306e-01,4.598833883983821647e-01,8.746006373962229574e-01,5.599865531603307467e-01,6.173762619595545287e-01,8.757785106114750473e-01,7.911319708065607248e-01,2.831751527446597638e-01,3.312948291694235436e-01,9.877590573505828919e-01,7.669892438303329563e-01,8.518001389159337577e-01,6.404560340337047686e-01,9.268311428626425652e-01,8.729843219502054774e-01,4.757534841317030416e-01,3.628234579483562844e-02,6.894229638439653973e-01,5.259668790982228170e-01,4.921310737861896989e-01,6.674154013206100300e-02,5.029473271178324101e-01,4.500935150260485518e-01,6.008054503756962150e-01,8.488829804961334213e-01,7.553595985981574890e-01,3.039334295394085506e-01,4.916461097030161431e-01,6.371946187668295902e-01,8.041964252336712971e-01,5.209100152859004185e-01,5.328648541222003043e-01,7.377233937898473037e-01,8.754709056934687483e-01,6.443620803802887487e-01,8.029126343073439420e-01,7.537746121251535092e-01,8.118653897907621708e-01,9.261722197801517398e-01,5.594482189257754534e-01,7.137685774235827951e-01,3.503925993719049226e-01,8.536534385018246240e-01,4.431063991691133186e-01,8.229312599206719536e-01,9.852507169145360288e-01,9.482119206977136505e-01,6.837371991612236632e-01,4.114818021020349992e-01,5.495476364117561907e-01,2.201995604287622088e-01,4.768106043636962110e-01,6.902378981631458466e-01,8.704052368506669524e-01,9.822651886069320160e-01,6.572375834383370474e-01,7.192320485136260988e-01,6.474537281072233474e-01,7.167674479342143190e-01,2.736749164549030500e-01,7.432175509494165500e-01,6.888401009926908847e-01,6.799689910143847937e-01,2.259138414980809417e-01,1.145693116266978673e-01,4.095820851904434790e-01,8.877067381245301592e-01,1.750200599394010625e-01,6.011933507135351906e-01,6.859697253645398174e-01,2.246827059306198415e-01,7.036694844723982989e-01,6.756734951905549735e-01,7.763468660051076053e-01,3.974480777910018858e-01,6.281974819377791341e-01
6.963492798751774737e-01,7.094232460708830290e-01,8.468279560719357280e-01,6.129723509003914828e-01,0.000000000000000000e+00,7.638481022126191178e-01,5.451467920701582592e-01,1.486936517287721637e-01,7.308731889026338635e-01,8.613106167662094581e-01,9.452197317677386579e-01,3.278661533527167382e-01,2.377571008399147756e-01,7.430500935096204795e-01,7.592263012990124738e-01,4.570173941832761932e-01,8.657402646720562256e-01,5.702045505195614261e-01,7.737628175758783922e-01,8.073589687686513194e-01,5.043221856947430748e-01,7.051084356593281255e-01,7.719577453223557262e-01,8.667973520163684276e-01,6.148627610008237099e-01,5.946936821760075986e-01,5.797358210043888072e-01,4.215724007749098723e-01,7.588161200045416832e-01,5.420127602683275647e-01,5.749203046083194435e-01,4.435270026777295982e-01,6.582498321270375818e-01,7.645812831541102250e-01,8.711387507474404046e-01,7.577952580786408987e-01,5.773362424239859569e-01,5.432666217768327144e-01,6.816742168620015807e-01,9.745409337258963411e-01,3.837778834358938074e-01,7.538669930480060843e-01,7.977675427857041646e-01,5.157120264864214487e-01,7.291826382867174772e-01,7.469087866439778622e-01,8.274031677931232842e-01,6.249940930120706506e-01,2.906882100438351046e-01,6.749566573784101520e-01,1.861202180289489028e-01,6.979512662275056956e-01,7.746698146184350930e-01,4.315283098595952271e-01,9.238333646568683832e-01,6.163341903075605366e-01,6.450990960261320240e-01,8.972637085272890944e-01,5.893015178964304823e-01,7.872013175939389651e-01,5.801962267388182104e-01,6.128901100830002058e-01,6.976351319444081822e-01,8.536222107117528157e-01,7.381413017625643169e-01,7.753415765284286110e-01,8.140603242241347681e-01,9.905514609459959985e-01,5.829152070559069365e-01,6.968412203147170692e-01,2.500552518245366951e-01,2.453246895521894733e-02,4.532438727005787954e-02,4.650462370575095816e-01,5.485416474098375739e-01,7.857628885340800506e-01,2.505693472760489038e-01,4.894329669688988194e-01,2.843914757339747745e-01,3.304187737642749756e-02,6.887099547929431687e-01,6.616494991540703419e-01,4.097912039788065286e-01,-1.482470328003622495e-01,2.531813132919787934e-01
8.148576788290703421e-01,5.716959971696928822e-01,4.492838116948164040e-01,6.210622361426110238e-01,7.638481022126191178e-01,0.000000000000000000e+00,6.697955441592351455e-01,9.928569472014630026e-01,6.587472293654670352e-01,7.779379432045459009e-01,4.360328263553487349e-01,3.059515136577282135e-01,7.823862617778214457e-01,6.239166581234387721e-01,3.150491973596125095e-01,2.829848559800757224e-01,8.604931098465251615e-01,4.617756224884154159e-01,8.966001161128018815e-01,9.679480259561309419e-01,8.754212508846068719e-01,5.143870880105018140e-01,6.144129021308494254e-01,6.837723890415682293e-01,7.745119585739828061e-01,7.345551225163935438e-01,4.216939580131349175e-01,8.606745703750111609e-01,2.612985947831285571e-01,9.227559718583198956e-02,-1.778221931956238400e-01,3.638995222783462102e-01,7.700968396117131576e-01,7.514312581763693544e-01,7.998069483525682699e-01,5.409000810353735700e-01,4.536361584433448724e-01,6.286466350125795577e-01,7.156435864733251551e-01,1.967511087873571318e-01,5.632352099226032305e-01,8.508735050782565423e-01,7.830535946146516268e-01,7.750611991535654166e-01,6.369668508005028595e-01,8.606370841831780805e-01,7.264141083075206229e-01,7.037657762254143634e-01,5.930379706714028476e-01,2.959031495798639666e-01,3.229296094693672181e-01,7.767684540497340473e-01,8.135013064847275155e-01,2.552101627377353354e-01,5.028173789355555590e-01,2.590699972975016863e-01,3.589491298924605278e-01,5.433317155192536330e-01,6.324171909388371926e-01,3.567338060162073554e-01,7.268885744646347291e-01,6.826266038430187644e-01,5.519989887926556316e-01,7.580017754366594751e-01,7.057741862942411570e-01,7.381286655235939076e-01,7.462506302546612069e-01,7.849652689009534168e-01,2.881305741122914266e-01,5.833662151687630804e-01,5.937129325166115024e-01,7.485868442466511175e-01,4.534970914390447638e-01,5.845047072985938286e-01,7.210995309098087169e-01,9.890543915210363579e-01,7.474405979804233935e-01,2.341694820572894353e-01,5.123459613066725371e-01,3.482507769444784934e-02,6.884938584851092447e-01,7.106192708259890800e-01,7.229870552089301405e-01,4.993019548254625239e-01,7.841253368464184970e-01
7.567916085890882272e-01,7.791037643929801249e-01,6.568225838314394327e-01,4.347724684051973432e-01,5.451467920701582592e-01,6.697955441592351455e-01,0.000000000000000000e+00,5.677120127215549150e-01,4.973441843450404631e-01,3.281110959477235300e-01,5.971426125846015509e-01,4.710017991057628417e-01,6.910262830983752158e-01,3.597064502362560257e-01,4.968496027237634949e-01,1.420078257302246627e-01,3.683412312606328953e-01,5.378594235625546727e-01,3.143110634732487058e-02,8.120121999941057878e-01,6.269831071771669873e-01,5.631943859369913374e-01,2.488699632100542514e-01,7.918476580392883601e-01,7.148196769586530053e-01,5.175129805556860640e-01,2.876883429834570793e-01,3.891850706240008728e-01,1.837635310180347759e-01,5.885431879481290984e-01,6.855717928942641759e-01,6.095834372960278191e-01,6.623841829383031454e-01,7.313124152011480916e-01,2.901600288277537687e-01,4.915978590494698430e-01,4.734794534949247624e-01,5.610559757322757246e-01,9.278418511655163181e-01,3.161941087816799723e-01,7.544392542515173661e-01,3.754335836309233843e-01,5.893414635109375244e-01,4.103821165141484650e-01,9.915152981718586833e-01,5.430945299376782609e-01,7.066767943086340598e-01,7.878820300806934629e-01,4.020930902541855478e-01,3.840175942716996804e-01,3.518244903770892940e-01,6.084169752011402421e-01,3.949321439355043539e-01,3.796403465428293406e-02,4.161092546348683086e-01,-4.414730138991240782e-02,3.675097859635516606e-01,2.128338240840567941e-01,6.342537007362945012e-01,5.286331227395679733e-01,7.749427606803294122e-01,2.738221410564097014e-02,2.757276654150385142e-01,4.893247091772819912e-01,8.106242470613019835e-01,6.223183567564903873e-01,7.946746557574269065e-01,9.164095853939813185e-01,6.272344161677955166e-01,2.631868382883866819e-01,7.343673621429906984e-01,2.275530815159644282e-01,7.246460441079165538e-01,4.682236688312813033e-01,4.341532306525527352e-01,6.495733715179031753e-01,4.718648902181671878e-01,2.028945505569435537e-01,3.066594468926134853e-01,-2.903588395685664514e-01,5.095943288073514488e-01,7.447773962830850358e-01,2.066425304152364195e-01,4.454969829870068510e-01,3.047100508005074482e-01
4.719342650110049386e-01,4.883342279326153834e-01,6.172918902971988864e-01,3.940288847713377951e-01,1.486936517287721637e-01,9.928569472014630026e-01,5.677120127215549150e-01,0.000000000000000000e+00,2.701985802034564399e-01,2.200086324603291177e-01,5.057505961306423270e-01,6.126686915760525265e-01,7.336466483017645146e-01,7.958503716321081445e-01,6.633512615963073067e-01,3.715307611740101823e-01,9.970045936242289963e-01,2.803846359851577263e-01,4.198826889929685446e-01,5.512769697989592377e-01,9.869839025750990480e-01,5.407208279658330952e-01,4.553915022610402485e-01,9.235535220258511702e-01,7.260725645983109322e-01,3.490183505710116041e-01,6.736101929946105571e-01,5.453712444784970526e-01,6.343582968928884736e-02,8.283530133157349096e-02,5.722314632921007282e-01,5.726848839144593750e-01,5.629645903321638389e-01,7.900133803621197659e-01,5.504816106266081643e-01,4.230607684701503945e-01,2.683047734202576029e-01,7.043909049318750615e-01,8.480445944826933147e-01,5.924366009872531480e-01,1.123113393831421392e-01,6.336145573432043765e-01,4.912472807154757981e-01,7.457545608534599246e-01,7.929995766431187088e-01,5.610726132232474184e-01,5.609958902256484414e-01,3.656358871864982540e-01,2.980357062037078952e-01,7.625523532138991367e-01,4.831459084396473314e-01,2.897060767087716870e-01,5.407494013977105496e-01,4.187951010130557261e-01,4.329082801245180967e-01,6.275103748483153998e-01,4.744200743693605116e-01,4.237176790104029700e-01,8.791468332601148905e-01,2.713530140735395668e-01,4.636456517518232623e-01,6.604523027237727550e-01,2.148699489584984454e-02,8.854754189515597895e-01,8.534055473444902562e-01,4.581384021237364657e-01,6.318196853576438787e-01,8.199817097718378189e-01,4.424352305223538950e-01,2.973432298873396884e-01,2.719498698432470385e-01,7.827656475939591685e-01,7.668692075185329360e-01,5.311128088995146213e-01,4.299030055043212561e-01,5.988063988308581775e-01,5.618660341154894100e-01,2.894690461967267536e-01,7.893337847347318137e-01,1.055259351825560965e-01,4.645801000746953568e-01,8.356907088693923402e-01,6.888910808679145070e-01,1.306811377122353568e-01,1.170746372379727618e-01
4.016788904641449554e-01,4.494018852976978118e-01,6.096175001231806112e-01,5.962847756652872588e-01,7.308731889026338635e-01,6.587472293654670352e-01,4.973441843450404631e-01,2.701985802034564399e-01,0.000000000000000000e+00,6.144473134662090663e-01,3.440701858739442232e-01,7.834922292820519774e-01,6.236696111531750963e-01,7.434084519445084416e-01,7.616468756070375878e-01,9.469815426093388666e-01,6.974945178585785222e-01,4.740246306938029619e-01,6.152996588263179856e-01,5.743475526368081452e-01,9.095065416535342839e-01,5.400955808920486767e-01,7.290039162998469546e-01,2.535960760553552795e-01,4.010600293291800011e-01,6.889572922176221415e-01,8.352958635133151954e-01,6.613707324091983031e-01,4.389465101293796301e-01,2.441773948293486096e-01,3.091440815516818819e-01,5.170989263395795454e-01,7.368895145864147178e-01,4.755206357986722643e-01,7.458029282175506758e-01,5.963480281486528423e-01,1.687044655557761175e-01,1.515511336434225559e-02,6.861655313599448469e-01,6.207711862108694634e-01,6.241237146747008468e-01,6.526201818013285250e-01,7.007561484434988719e-01,6.873822096853687835e-01,4.011746686406041928e-01,8.306566859432180649e-01,2.066240330136317749e-01,4.494795506323787104e-01,4.456853542557317471e-01,5.482995089314220971e-01,4.673154477697772369e-01,4.968790436178838754e-01,9.269250440514604783e-01,6.289617995554055430e-01,4.640097251705652681e-01,9.042931868814753082e-01,5.835388903373077696e-01,-1.141032795663481786e-01,9.404026288205367123e-01,6.420323638116581799e-01,4.801683291020715783e-01,7.383632213275410638e-01,8.917676451931373371e-01,8.364628778245588592e-01,9.751912748374456097e-01,5.575099307517151770e-01,3.370045020732729268e-01,8.967925765016804274e-01,7.904041237011311116e-01,7.417350473226672625e-01,8.215688613401183060e-01,5.037151084355613317e-01,2.948327090189201138e-01,3.789517389373959211e-01,4.890554862152330373e-01,7.035509323990961628e-01,3.704070030643621392e-01,8.208941927228797786e-01,7.030638997794663725e-01,2.342868920492551799e-01,4.636010766142598105e-01,8.863194535762972670e-01,7.339892106443218767e-01,5.894935832592496094e-01,4.910414388535512820e-01
8.528126885221676279e-01,6.109777661247015601e-01,4.323978641760513053e-01,4.882042788516365306e-01,8.613106167662094581e-01,7.779379432045459009e-01,3.281110959477235300e-01,2.200086324603291177e-01,6.144473134662090663e-01,0.000000000000000000e+00,7.083604506781657761e-01,2.949850475382951309e-01,8.172654768911372658e-01,8.953859747910201117e-01,6.094486820728157728e-01,5.335243386843971924e-01,8.549811085672420763e-01,-4.784570201525861766e-02,7.471469678848076112e-01,9.767952937439419170e-01,7.817164242457788070e-01,5.363329360033396442e-01,6.331496063042146849e-01,8.768479380863845041e-01,7.160531606403933713e-01,6.853075016315788304e-01,8.293235218946338749e-01,6.623866917087057882e-01,4.149633851964143472e-01,7.121055248552413675e-01,3.377050345685386201e-01,2.483571321569800205e-01,6.978788955053129017e-01,4.561105066751591774e-01,2.121717830205954725e-01,5.559450410315798230e-01,3.353159618232272043e-01,4.529002268920285235e-01,6.395465437733627301e-01,7.656462021620361602e-01,3.434930333779181999e-01,6.720687339853401721e-01,4.725364269653555827e-01,5.677810002617487140e-01,2.371013774006446029e-01,6.488857395509032289e-01,9.771845840496585778e-01,3.558861913405476640e-01,3.102596584377992350e-01,4.801721720347175149e-01,4.292232469131510575e-01,7.469756887612536422e-01,6.691488447586997346e-01,3.175856713258167763e-01,6.674040530535827465e-01,9.680358757445486351e-01,4.100661082126599855e-01,3.918900350056942483e-01,7.597505051668809184e-01,4.643260634511578999e-01,2.443897559134152742e-01,7.396345776325747856e-01,5.769020368870547699e-01,5.154894268265709512e-01,7.715739636288267977e-01,5.455247593426120201e-01,7.027585069898369952e-01,1.520067136851396272e-01,6.979740236255206343e-01,1.942957834983725096e-01,7.765878447316192368e-01,7.714228871197782444e-01,2.493829700968586693e-01,5.154217828806221258e-01,8.653468547149330281e-02,4.041070496031852755e-01,4.406561378389208805e-01,7.175631332509098126e-01,7.743926327253551900e-01,3.533436232500949403e-01,2.112843971471121685e-01,5.892096296930404709e-01,5.192102579116191219e-01,3.123110815958916181e-02,4.009026005608676835e-01
5.399413647170361319e-01,2.769007179209265201e-01,6.122240650363591774e-01,4.598833883983821647e-01,9.452197317677386579e-01,4.360328263553487349e-01,5.971426125846015509e-01,5.057505961306423270e-01,3.440701858739442232e-01,7.083604506781657761e-01,0.000000000000000000e+00,4.821090621251547526e-01,6.226726490161179628e-01,5.810442337960882719e-01,7.374815936267835603e-01,2.492636868363458935e-01,6.772064440104371696e-01,8.996061066597991207e-01,4.131899240241660998e-01,9.219016259360428567e-01,9.692747443226075177e-01,6.161362210453948940e-01,7.594079495327428209e-01,6.626767421006420911e-01,7.174610298826937793e-01,6.732614230114231102e-01,6.894366069075819059e-01,3.213456790366474025e-01,4.666485399270538514e-01,7.258347751232268052e-01,1.698604476550276063e-02,7.700469039777120273e-01,9.036882220337520977e-01,6.853144279048116738e-01,5.606487882460969852e-01,5.744648561705878453e-01,2.695942188238224513e-01,6.519609753832742438e-01,6.616272749706429979e-01,7.511084191637943386e-01,7.470294741716460019e-01,2.725676734394331668e-01,6.772250802328871888e-01,6.176034544278387051e-01,7.555290301000316955e-01,9.821245896268182562e-01,8.101808150773316397e-01,6.379659131092976221e-01,3.246285190694171985e-01,4.579888053329729813e-01,6.348324154097729766e-01,4.656184283144489955e-01,7.435795963608511361e-01,8.997462178091149010e-01,5.920957129073725067e-01,3.105687482397899157e-01,5.767142825039857090e-01,-1.148312916322986321e-01,7.376630193079111164e-01,7.164861152604765637e-01,3.622270955019639693e-01,6.238544860752560650e-01,5.230144973041965795e-01,5.028018320408159658e-01,9.502805108533013412e-01,3.022214934159069277e-01,5.034797831472741514e-01,4.115092339903520524e-01,4.320972098846714293e-01,7.566681224063156463e-01,7.896917359646060675e-01,6.803288824616738895e-01,3.424540192391839488e-01,4.761434301263112179e-01,3.110365360904496779e-01,8.178399694596770741e-01,6.638430626027209680e-01,5.184548345744102171e-01,2.268699760648574260e-01,7.781893460083403324e-01,4.560128660385514565e-01,5.532768342471980905e-01,6.791122257059114542e-01,-1.868598022810803727e-01,4.782568835643729588e-01
3.753858749168220710e-01,7.198131058798691306e-01,7.138715546361347197e-01,8.746006373962229574e-01,3.278661533527167382e-01,3.059515136577282135e-01,4.710017991057628417e-01,6.126686915760525265e-01,7.834922292820519774e-01,2.949850475382951309e-01,4.821090621251547526e-01,0.000000000000000000e+00,7.556839016995955394e-01,6.862083172392092756e-01,6.787143730350735371e-01,7.985917626828769045e-01,5.024410876888237842e-01,6.552517099726203886e-01,7.484137616913759672e-01,8.488566574485963967e-01,9.383951595089183861e-01,3.114970046460411868e-01,7.282699651793125284e-01,8.743924842868959768e-01,6.260204813107392852e-01,7.072641904689417336e-01,8.009720703794764862e-01,3.073883669565072307e-01,6.016987660681643035e-01,-1.651790009340986520e-03,5.071109203604192706e-01,4.097698612205994406e-01,8.758578230002236342e-01,4.541714383155142643e-01,4.395501680464525274e-01,-1.435730977090749483e-01,5.850194349652353409e-01,7.897161433202836145e-01,8.788146282220303807e-01,6.368300560249621212e-01,9.377644163739857763e-01,7.258196073775718959e-01,8.251873524828298168e-01,-1.434066448081069423e-01,7.282053954236272775e-01,9.961547295787990253e-01,2.219311396734038877e-01,8.195859871045581002e-01,2.902791432435525287e-01,6.997093989347117349e-01,7.114217903858299774e-01,9.344423854695989018e-01,6.562573622635842208e-01,-4.626560445394867216e-02,7.655505105035391722e-01,5.943497677678309943e-01,7.192547872598448189e-01,6.105025598386858432e-01,3.969786003548079201e-01,2.187438792664928855e-01,5.172128315255591913e-01,6.088049028193419643e-01,6.457272210903315379e-01,6.679279145047862798e-01,4.165389794058540485e-01,2.875859890957557230e-01,3.997240011470405419e-01,4.386343664046100654e-01,2.088405069059735830e-01,9.956498367007369232e-01,4.937950878055955561e-01,3.370296873341012134e-01,7.114832562016976114e-01,2.170056921543217776e-01,3.177813851095264708e-01,5.832029409629573280e-01,8.352413389070487693e-01,7.730173088643772505e-01,4.856134927897733378e-01,4.796699383310735754e-01,4.037145875273104867e-01,8.583971115052071443e-01,5.163270662572087000e-01,5.865670960731352856e-01,4.955533222119116177e-01
3.835717834227588274e-01,9.901738179094696779e-01,9.112924884052201469e-01,5.599865531603307467e-01,2.377571008399147756e-01,7.823862617778214457e-01,6.910262830983752158e-01,7.336466483017645146e-01,6.236696111531750963e-01,8.172654768911372658e-01,6.226726490161179628e-01,7.556839016995955394e-01,0.000000000000000000e+00,8.314720100765708999e-01,2.943775398378603234e-02,6.426103781339671528e-01,7.804728730036573081e-01,8.414864806634306804e-01,7.557430215949501040e-01,7.562521608706229692e-01,3.511659852079862532e-01,4.475886629953112483e-01,9.905623741161679874e-01,8.925803844884366844e-01,5.693891802555540727e-01,8.714295582170574761e-01,9.368087273710625773e-01,7.900082354541160257e-01,3.557318928400514668e-01,4.876143797355210752e-01,3.852916584899815922e-01,2.773263136703393861e-01,8.568973846577414566e-01,4.116767147192313958e-01,8.870206189458065271e-01,3.877438720752317547e-01,1.999905817777141992e-01,3.391071139056757167e-01,7.668066129049584401e-01,6.991207150592585462e-01,-1.221867149053870588e-01,6.856708343658870497e-01,8.495879218212571971e-01,6.750191488080664604e-01,4.526266220015586761e-01,4.690018567391939786e-01,6.356018023499605540e-01,7.867662474511389892e-01,7.139510738245359311e-01,2.765807967391075151e-01,8.831901926068550512e-01,3.624983469301403249e-01,8.317158835531937022e-01,5.197545333749110652e-01,7.072473579202076532e-01,6.070299832441203858e-01,5.333458574843434885e-01,2.984241894797278194e-01,4.464371950063927841e-01,5.513837152423861632e-01,2.866647643844551507e-01,9.369836057437144206e-01,7.230782869994168971e-01,5.888161279821489957e-01,9.536072588058113197e-01,8.590817119403041380e-01,4.748062464612893829e-01,7.982936582808644044e-01,5.677729210489392830e-01,7.438864227810236818e-01,6.131158339239217714e-01,6.169232522612365655e-01,2.730768092305760897e-01,5.537596694947548581e-01,3.779655071920912102e-01,8.995220849706658806e-01,8.396763673144719275e-01,4.853451514564233182e-01,5.537876260381137117e-01,3.726864727195614568e-01,6.165458311956635296e-01,9.175789558018643266e-01,6.858928003809512397e-01,2.960458298932099330e-01,8.044171392214413130e-01
5.960398646817668400e-01,6.080578452583045301e-01,9.483140669054861416e-01,6.173762619595545287e-01,7.430500935096204795e-01,6.239166581234387721e-01,3.597064502362560257e-01,7.958503716321081445e-01,7.434084519445084416e-01,8.953859747910201117e-01,5.810442337960882719e-01,6.862083172392092756e-01,8.314720100765708999e-01,0.000000000000000000e+00,7.131952793115804434e-01,2.870561067237097919e-01,2.655186773819191437e-01,7.461063536751117997e-01,7.752719326901368335e-01,4.119970149198380893e-01,8.296727352101872510e-01,6.732014451760804929e-01,9.974043167307178326e-01,9.171666739790028666e-01,7.580748104010748278e-01,6.858701100905467696e-01,8.531989895204186158e-01,6.026963144244549264e-01,3.772609176455097302e-01,-1.019430049537070615e-02,5.440942957101153610e-01,7.048543436480519953e-01,7.201246642903780248e-01,4.323720424889716529e-01,4.412673780215448094e-01,5.103163102569083787e-01,5.438560636291664974e-01,8.446171078695923207e-01,9.784901702357801101e-01,7.686954589484426004e-01,-1.864553268954501630e-01,6.073888488106270467e-01,6.025117353967396339e-01,8.591144251747507843e-01,2.534935962507641194e-01,7.479987492868107601e-01,5.396103675985413073e-01,6.994289864887102137e-01,6.943496653573356658e-01,5.283542124786780869e-01,3.761323455866735221e-01,9.287587258425322734e-01,8.651363847061713797e-01,9.349688621473872807e-01,7.030038094636665846e-01,9.125823927853402573e-01,6.640771911248319892e-01,7.814786661939264745e-01,5.486386650532931730e-01,3.964079008689212480e-01,2.503816083503373480e-01,4.131291266628219772e-01,9.809430693642124943e-01,6.425777471683775666e-01,8.736006984039266232e-01,6.403257061223524005e-01,4.842550373566543720e-01,5.990360461794173030e-01,6.894394531175161989e-01,7.908650199838755945e-01,2.589071223999631632e-01,6.742920837119674715e-01,3.945258642291015194e-01,7.219974003322503497e-01,5.707494353490125683e-01,1.713994953452698811e-01,6.746000755793103432e-01,8.538182531261422348e-01,2.391466061984510172e-01,5.742752664155719167e-01,8.911096919379042358e-01,6.282437681087514880e-01,9.186615441243557445e-01,6.974971523579632793e-01,5.718933140186750474e-01
7.514297024588729723e-01,4.105022676597216424e-01,7.287936056995973910e-01,8.757785106114750473e-01,7.592263012990124738e-01,3.150491973596125095e-01,4.968496027237634949e-01,6.633512615963073067e-01,7.616468756070375878e-01,6.094486820728157728e-01,7.374815936267835603e-01,6.787143730350735371e-01,2.943775398378603234e-02,7.131952793115804434e-01,0.000000000000000000e+00,5.943968568029265320e-01,5.151751870041408887e-01,3.248590900125947287e-03,7.508443005550130556e-01,7.135163052211136447e-01,8.834690043000859028e-01,2.598091585073436516e-01,4.896775079874841619e-01,8.686788916099807967e-01,3.109552514589155603e-01,3.480035674726211226e-01,6.278496075334676352e-01,5.392981662868847614e-01,2.125786752797146906e-01,4.302538509537497391e-01,2.666005635743091684e-01,5.455381801973855360e-01,5.415193516962001352e-01,9.612588670339464736e-01,4.664201098780280108e-01,6.993503557341144983e-02,5.782648973205561926e-01,2.376402378765192502e-01,7.790169871440552063e-01,2.276739912265976495e-01,7.091495897211514965e-01,7.332666138647798704e-01,6.162757493916656282e-01,2.156037983316816675e-01,2.481769676589182239e-01,5.850197182130942863e-01,6.205301119596265957e-01,2.481115215368899507e-01,5.361285722791200303e-01,6.246850227801770128e-01,4.797684141697985405e-01,4.357601472660597719e-01,4.384267967416595746e-01,7.342079645258959841e-01,2.706191916792314855e-01,6.279494204073723385e-01,6.991583012695392618e-01,7.149602708814022378e-01,4.068680554872645683e-01,1.744244842380784366e-01,5.697679794023955552e-02,2.157214192155669508e-01,4.745359152093813759e-01,8.384279621080432676e-01,4.509331541687144340e-01,6.701729390250420471e-01,5.654663967758483123e-01,6.663365665445775132e-01,4.661340618307969752e-01,4.486628795563169514e-01,5.592744570283388894e-01,7.516450324481629419e-01,4.376609543167983007e-01,3.989001902556733592e-01,2.225881580611015209e-01,5.866417740874169118e-01,6.033644819144550198e-01,4.675513178304344653e-01,5.076544422950818314e-01,1.483903491379607031e-01,7.742209336725304203e-01,3.050843490939346148e-01,4.478335251112556814e-01,7.864423320897730996e-01,4.660009932244275621e-01
5.655744289762382193e-01,6.122125806980174278e-01,8.841835566891234066e-01,7.911319708065607248e-01,4.570173941832761932e-01,2.829848559800757224e-01,1.420078257302246627e-01,3.715307611740101823e-01,9.469815426093388666e-01,5.335243386843971924e-01,2.492636868363458935e-01,7.985917626828769045e-01,6.426103781339671528e-01,2.870561067237097919e-01,5.943968568029265320e-01,0.000000000000000000e+00,9.992301100379301637e-01,1.380706861525212714e-01,2.439603249961708742e-01,8.913953286974662937e-01,9.034215412703291426e-01,7.681241817838357910e-01,2.785065244914660121e-01,3.713001034449872062e-01,5.288402538101790729e-01,6.625728984533344468e-01,3.070935226320711253e-01,8.704157442301149183e-01,5.549114794995677613e-01,4.421338401765295689e-01,4.777861396849082953e-01,7.264559222549417106e-01,8.217185047848185597e-02,1.096055907743164054e-01,5.978694131750134089e-01,2.870532797375877770e-02,1.357963176766689706e-01,2.879095183438059036e-01,5.273845799849862237e-01,5.018416422043670000e-01,4.443024907448342442e-01,4.312432249633925130e-01,6.515506935320236614e-01,7.023951942122221848e-01,4.307311089642115731e-01,8.263514421673371357e-01,6.188634548836856597e-01,9.224319275842529642e-02,5.390855793797268980e-01,6.235155218691871282e-01,2.084876030538297953e-01,6.667561673387544241e-01,7.424386495416704923e-01,3.747425893209070935e-01,4.488590065892263392e-01,6.169396350152135389e-01,9.538715611589598797e-01,4.909661687773406724e-01,6.030673640839844252e-01,5.689687119387428771e-01,-1.798335123876748098e-01,1.824984363935409221e-02,6.495537108579731989e-01,6.099893031533567544e-01,5.935694951812597875e-01,1.896909236784145025e-01,-1.253558517023511953e-02,5.641683798997672028e-01,9.800236839297151725e-01,4.405374408422701449e-01,5.996468935792804988e-02,6.774083061673348283e-01,5.980993864014855221e-01,2.441460697954117298e-01,2.541956904946198192e-01,4.436710056500634686e-02,6.841312397577907767e-01,2.409883973367337243e-02,3.113635427815040768e-01,5.071521817235069562e-01,2.487389348697042341e-02,6.914668153185405952e-01,6.808411234368093590e-01,3.307337473806253314e-01,9.005648925999598653e-02
7.221909191569355624e-01,7.210494245172396344e-01,4.144049243718570530e-01,2.831751527446597638e-01,8.657402646720562256e-01,8.604931098465251615e-01,3.683412312606328953e-01,9.970045936242289963e-01,6.974945178585785222e-01,8.549811085672420763e-01,6.772064440104371696e-01,5.024410876888237842e-01,7.804728730036573081e-01,2.655186773819191437e-01,5.151751870041408887e-01,9.992301100379301637e-01,0.000000000000000000e+00,7.804183729625848720e-01,4.848781994139348961e-01,9.634735191163209533e-01,8.260537971004613400e-01,9.103471656790947941e-01,6.756296610204077790e-01,7.650418119889487167e-01,4.625042161730947843e-01,7.387983311485830651e-01,7.666253342065588727e-01,8.995577732531103710e-01,7.775250540531934984e-01,5.524214851747406563e-01,5.432521247748836601e-02,8.912587135277728612e-01,8.190184109364780918e-01,1.502331113545068986e-01,4.163045575529122910e-01,5.090541505656385191e-01,2.607819510417095921e-01,6.917327829543921114e-01,9.717925164050742470e-01,8.550692809362873126e-01,2.434255392623806968e-01,7.338937558767544278e-01,7.988312541253744792e-01,7.848575143069234095e-01,8.106752786601516547e-01,9.105036421279938397e-01,9.462443268215721126e-01,6.938334011248560307e-01,5.130921548655721365e-01,7.341247875943534007e-01,8.085539900996636664e-01,7.701442186141252977e-01,6.177233837705369268e-01,8.869657266311395949e-01,2.561268184192835862e-01,6.763348529467914094e-01,9.174870670494620351e-01,5.972236196546878428e-01,8.924664148465886182e-01,4.814189029640058015e-01,3.544805970398650086e-01,7.138502131646782267e-01,6.975380016796618454e-01,9.155295077539508108e-01,8.465193647686038991e-01,2.559383065036093807e-01,8.692050030211754263e-01,9.373115508584749511e-01,4.408291471234501158e-01,7.719039768833603210e-01,3.840877778103001239e-01,9.505939249364132593e-01,5.834548035218558582e-01,3.550318490450506959e-01,6.539148427549914544e-01,3.789103140249047152e-01,7.582155517443139869e-01,3.032470482992438710e-01,2.027801313957877105e-01,1.597996626598462422e-01,8.697587610530677082e-01,7.359086064753602718e-01,9.599784422653494520e-01,1.914089360357109637e-01,9.512144590557537471e-01
7.841561467102039495e-01,5.501684376320830072e-01,3.506457611247885131e-01,3.312948291694235436e-01,5.702045505195614261e-01,4.617756224884154159e-01,5.378594235625546727e-01,2.803846359851577263e-01,4.740246306938029619e-01,-4.784570201525861766e-02,8.996061066597991207e-01,6.552517099726203886e-01,8.414864806634306804e-01,7.461063536751117997e-01,3.248590900125947287e-03,1.380706861525212714e-01,7.804183729625848720e-01,0.000000000000000000e+00,7.226863642321127434e-01,7.570302208635626418e-01,6.315005010498279114e-01,3.792357569871000478e-01,3.688393028131521367e-01,5.962281715239172719e-01,3.569277548628340124e-01,4.824517712245490753e-01,5.135718283121707417e-01,8.711427652369361230e-01,4.592972809252263144e-01,5.144049940881133542e-01,3.469631767675450118e-01,9.910600793116912666e-01,7.722084909429672850e-01,4.855219402716628441e-01,4.103825578351374403e-01,2.708205258995974307e-01,3.581830407535593896e-01,5.910884740790831593e-01,9.180642649807418954e-01,6.350042527489140332e-01,3.009775540709010988e-01,7.278384991243640467e-01,7.733303108252188585e-01,9.326928288403293354e-01,4.621477884946749715e-01,6.146647040317316790e-01,9.894981664161623947e-01,7.577111423703014603e-01,4.051641905561284007e-01,6.989667236217919077e-01,4.939860603485039525e-01,4.026361114921675477e-01,6.490751345247500748e-01,7.090742240664262841e-01,4.179129266144834265e-01,7.515951196693384517e-01,7.331466952960303818e-01,4.733265464062479944e-01,5.768240626929320714e-01,3.945790146078365646e-01,6.248478977315150562e-01,-2.883476530959657724e-01,1.730767341267949455e-01,8.116381448914767871e-01,9.766519123988030016e-01,6.565735527733841392e-01,6.038537350359381994e-01,6.858441643681548738e-01,4.205745071903217447e-01,3.582971599773024929e-01,6.818727769490281476e-01,4.038971107515547110e-01,2.054242022772441445e-02,5.031868886162591537e-01,3.786255574671207880e-01,4.898605469821173397e-01,9.751021528357938228e-01,1.564654913488334673e-02,3.006589542566246998e-01,1.068166637464443847e-01,1.408562279259728545e-02,9.150175236232150899e-01,7.710847859139990934e-01,5.148353809794229408e-01,6.606519489147906210e-01
