0.000000000000000000e+00,6.813056874578827804e-01,5.924641544740595345e-01,9.823041220892178016e-01,6.779458270970680767e-01,8.447158112637964678e-01,7.358820684417863855e-01,9.671502758806269640e-01,6.844281036745986091e-01,8.036087691298157143e-01,8.293129184937581000e-01,8.995095073033154698e-01,2.968988532782188550e-01,5.234396905495408703e-01,8.116454029077349031e-01,7.679044095732455721e-01,7.168911409058282835e-01,6.317280547833863391e-01,6.842567651524845695e-01,6.000590107123604522e-01,6.331755191739791844e-01,6.580396178072860369e-01,4.649592668046720334e-01,9.165960529926230338e-01,9.391780637646460761e-01,7.100061099670627041e-01,9.932529158699864302e-01,7.549460483010406175e-01,3.842826721651557698e-01,4.686382192767492016e-01,4.673461944741488794e-01,9.479340346506807125e-01,4.690709999080521775e-01,7.443025608173243768e-01,8.765883154141174138e-01,7.466677284450062846e-02,-9.736910025079663356e-02,7.388181222677504545e-01,7.751071395479530723e-01,7.423708794264157751e-01,5.311127900912886446e-01,5.590016866354303726e-01,9.271213221286958017e-01,9.387896047388125664e-01,6.902831234166290075e-01,8.710761626254583945e-01,7.880051115827317876e-01,-1.808113229534839550e-01,7.672309655608685608e-01,6.553786509230474788e-01,6.156395746313498840e-01,6.174765939133460835e-01,6.046686940869490101e-01,9.979575934602669118e-01,1.349368001460723165e-01,8.547779144125065010e-01,8.883669049292378661e-01,6.333489571381025751e-01,9.638782390284923451e-01,5.256197245723424061e-01,-1.497362930546614623e-01,8.316121482905979301e-01,7.551312964791391247e-01,5.782275141921385808e-01,7.678185507278183497e-01,5.889839146589942454e-01,6.050257577209688237e-02,8.712238402306388130e-01,7.937726632368460322e-01,6.334224631995307719e-01,7.555988926213060841e-01,8.937184828938885550e-01,7.830384086344297501e-01,4.476164459117636940e-01,7.971884964073363555e-01,8.743464354888899059e-01,8.176059418639330945e-01,5.886478503290248909e-01,3.080956214789933867e-01,2.174274185346066479e-01,8.376105834231120095e-01,6.722816083790625896e-01,6.925444973901145884e-01,3.275815792833538520e-01,9.563475894147317469e-01
6.813056874578827804e-01,0.000000000000000000e+00,5.839756382398482160e-01,8.643683049198193080e-01,9.716088600090513339e-01,9.076533417514668356e-01,4.729154251059608516e-01,7.393704800053555459e-01,-1.798079675006575839e-01,8.580213928675396451e-01,7.127689075296937959e-01,4.557722633722677275e-01,7.469016885331857258e-01,5.854808913285521887e-01,7.033095405203595440e-01,7.876970360949822059e-01,9.014750881425611650e-01,4.231838319260232684e-01,2.391665544556921819e-01,2.389337098061989628e-01,8.713356049899182443e-01,6.521637946663798313e-02,3.328279575901483822e-01,7.172304158315518929e-01,2.199613672860274705e-01,5.293332081633445041e-01,7.883689419150728961e-01,4.259178269451935339e-01,7.596900293379256486e-02,2.803705245621123110e-01,7.917462304822825425e-02,7.780882437191835033e-01,6.885001322351521624e-01,4.092197940892102759e-01,3.496638590836580462e-01,4.992163094741300378e-01,3.377015665568294245e-01,7.725687832641724428e-01,7.274710611392630755e-01,7.230712307585576148e-01,7.111194218267725686e-01,4.859199512191083037e-01,8.293407757978229489e-01,2.238637802818533862e-01,8.850320181834312461e-01,6.192752790255275919e-01,1.563579729024005271e-01,-8.949404875133545878e-02,5.554593019218846406e-01,7.063096153604918603e-01,5.165312392162971777e-01,-9.871267013233180065e-02,9.177061545495182049e-01,4.550762206300477675e-01,7.481442362701302973e-02,7.482540669072957895e-01,5.413227968597804640e-01,8.030690613539051004e-01,9.688679101981135799e-01,6.876898753390766617e-01,5.738828457461850885e-01,9.610608490311672858e-01,5.077165247953789873e-01,8.021292335420026065e-01,6.411456293970512199e-01,2.529472302557727592e-01,5.371819210927111232e-01,4.918442515166243645e-01,9.239116059224936617e-01,7.603350974208256119e-01,9.787782015347704645e-01,5.853492833211200175e-01,2.429828517439041879e-01,5.078896343534002877e-01,9.451814312790253123e-03,7.200073953354038103e-01,7.623448017209659699e-01,6.084348255342352241e-01,2.877259469579874218e-01,-1.880455152927677231e-01,4.256537853747269784e-01,4.317597766763819345e-01,6.768916547554577612e-01,5.101012423586980260e-01,5.336121132306763659e-01
5.924641544740595345e-01,5.839756382398482160e-01,0.000000000000000000e+00,8.888702790855301794e-01,7.010540903807136459e-01,8.055544533580567546e-01,9.851268531365777736e-01,6.976886127495592893e-01,8.104631069258666498e-01,5.944063835789725747e-01,9.785026353755648110e-01,8.474607011815240565e-01,4.204863271967468896e-01,6.402641521071687769e-02,9.693986991635721306e-01,6.911050371741014331e-01,6.761202794541598671e-01,7.921656164448045434e-01,8.404090016444371036e-01,6.933869636966655259e-01,5.975414421605327320e-01,3.747007249751084235e-01,1.765820137612787444e-01,8.453428809437323332e-01,8.552629797642755660e-01,-1.960569551252661080e-02,7.433336229285892882e-01,7.013444992320243543e-01,4.028679656380648733e-01,2.126847141341532965e-01,7.754464575054434983e-01,6.243019702242126323e-01,7.226129555244256153e-01,6.856178209676546675e-01,2.958802439316527422e-01,-9.351434396242550018e-02,3.295882516702074994e-01,6.521140090268973122e-01,9.857526476939235671e-01,6.653546308190046998e-01,8.605190321050570912e-01,4.753555683297632228e-01,2.556555007743703256e-01,8.570512787171727931e-01,5.266026730585842142e-01,7.246018920154283505e-01,9.698474223802495686e-01,5.018445231112448335e-01,6.745022825343373052e-01,5.339913274896217477e-01,9.063755132881464727e-01,9.937363860208776600e-01,9.324377974399037372e-01,2.256437141967863602e-01,3.923008760094692793e-01,8.908223642759472982e-01,2.547533703224375001e-01,8.821707410065439126e-01,9.855276004765710640e-01,5.534537336602228796e-01,3.036412530183034697e-01,6.825375431320049868e-01,7.815284851066750527e-01,6.439550806041165476e-01,7.983996541188511653e-01,8.364667163190210308e-01,6.597144354303082769e-01,8.529459780998652763e-01,6.600739940271352912e-01,7.387118227529667625e-01,4.012960504934750539e-01,6.507236524795975141e-01,7.698022947594086451e-01,5.463592050881140860e-01,8.972159138586169869e-01,5.829466876998348202e-01,8.321013565389461242e-01,8.042179594431049239e-01,5.878061915727716968e-01,8.617303374803125804e-02,6.584367106384856339e-01,7.491968891633637995e-01,6.395386538085776618e-01,7.075033491535770436e-01,4.179738825137363500e-01
9.823041220892178016e-01,8.643683049198193080e-01,8.888702790855301794e-01,0.000000000000000000e+00,3.778324057493469973e-02,6.034761742434732179e-01,4.346024326901053447e-01,7.059375547680166729e-01,7.221325212519408288e-01,4.750694067130759590e-01,6.985755619160978203e-01,6.929977774011313318e-01,3.237099331642576683e-01,5.967731141277901052e-01,4.649313264438148519e-01,6.481449524591567091e-01,9.321472918444938527e-01,4.813979124395755260e-01,4.663738207739691610e-01,9.451597390721825365e-01,8.591457366618224789e-01,7.815267799473706312e-01,6.502008860913051080e-01,8.033105581230267633e-01,9.147089655526663421e-01,8.582640685134601544e-01,5.853151722896011711e-01,7.026061665814105073e-01,3.326469713766873060e-01,5.400486516466250775e-01,1.557887325258412448e-01,9.651743385080763238e-01,8.949453196581401704e-01,8.801071084004506995e-01,9.863973925520268526e-01,7.750218934767667822e-02,5.789420807762415966e-02,5.089565018238356719e-01,8.451661331752915451e-01,2.931034676190644173e-01,1.190626723199064013e-01,7.291567889768043598e-01,9.242392208721665892e-01,8.449153443501870031e-01,7.533852570571906160e-01,5.002182152417513628e-01,6.964215456357614187e-01,6.490506210347338767e-01,4.979112308441839274e-01,8.365593347463661233e-01,7.920953304965235864e-01,7.901407140092027159e-01,9.090049246699032359e-01,5.506060097072565940e-01,5.762673107461471211e-01,8.098397427518891911e-01,9.538439964000187121e-01,5.104925404199274208e-01,5.667515174690080926e-01,2.612803030979116703e-01,4.463834530065763917e-01,2.000384136903446408e-01,9.134129033818042531e-01,6.203313991015612094e-01,6.177168917875281995e-01,4.568340882266032077e-01,6.071863351229721539e-01,8.985231775707208657e-01,2.103767002910225670e-01,6.134337993156543378e-01,8.812780660908020591e-01,7.626813216676960883e-01,5.250594434331004035e-01,5.265772912199212508e-01,6.966000268392620320e-01,5.556984167983602951e-01,4.640481533781219414e-01,4.665006166040353529e-03,5.947697284408675067e-01,3.926849698168288771e-01,6.809108172462701170e-01,8.253475706980619719e-01,8.830761945687530812e-01,7.576101826740467837e-01,7.704030163684804089e-01
6.779458270970680767e-01,9.716088600090513339e-01,7.010540903807136459e-01,3.778324057493469973e-02,0.000000000000000000e+00,8.209739983882089476e-01,4.975860431021880137e-01,9.495734664625445909e-01,5.966907425533787279e-01,2.720127769943066487e-01,7.088282123585069039e-01,5.368079851634794952e-01,9.116323081917402371e-01,6.471760656406134737e-01,7.509692659535962544e-01,1.491049244839362520e-01,8.016926175650117559e-01,4.171951127861799891e-01,6.633536386940022123e-01,7.333711593247290716e-01,5.776837606353859567e-01,2.720306087420375496e-01,5.168915721034127442e-01,9.886016034937102903e-01,5.783380547549683559e-01,6.891179165300252984e-01,8.916791922259307279e-01,3.049777655565114598e-01,-2.341377576238856673e-02,3.526887115462941091e-01,1.038342145341362849e-01,5.896775660900657190e-01,6.657884120718456922e-01,5.798186474086288733e-01,4.515377150609948820e-01,7.250667535608474878e-01,5.603434871566761455e-01,7.620640582663645857e-01,4.207685078370089204e-01,8.971674451397618766e-01,2.535408255491722329e-01,6.851585518939933284e-01,4.009912454630511491e-01,6.093587949315074637e-01,6.548550327836100138e-02,9.891255013398527751e-01,7.388834433671588320e-01,5.535063740918971797e-01,3.693021602245634138e-01,8.855969954851636849e-01,3.940836734261209395e-01,7.694777533217805887e-01,7.242573853181750732e-01,6.313582300237623457e-01,9.616022956238409192e-01,5.689665567256700918e-01,2.688158905773737617e-01,7.400524541670743250e-01,6.387262805198752336e-01,5.732218488413409752e-01,2.090859718898952224e-01,9.539267306253935985e-02,4.654018453044938552e-01,4.440360466641218862e-01,8.417750868293052413e-01,4.246772421518364427e-01,9.515648645871404021e-01,7.047155507580877831e-01,3.968305104171497844e-01,7.525014332252286664e-01,4.399032834565607120e-01,4.785934221247672427e-01,3.590725633356358637e-01,6.671317182833338411e-01,5.909819545027776844e-01,5.476784665310856504e-01,7.161993054307910223e-01,1.601796753535894846e-01,1.464644571227262659e-01,1.758534600303285399e-04,3.034498723285516397e-01,9.592465796452309679e-01,7.643266706124611787e-01,6.740789989789945924e-01,9.330964594002533197e-01
8.447158112637964678e-01,9.076533417514668356e-01,8.055544533580567546e-01,6.034761742434732179e-01,8.209739983882089476e-01,0.000000000000000000e+00,2.541929010677801415e-01,5.415516427363201712e-01,4.451596173493672093e-01,6.792382661679030598e-01,5.542198630842832818e-01,3.843943291095815451e-01,9.416546858820140642e-02,6.422746934164967891e-01,5.796577363026523821e-01,7.968837786958231639e-01,2.796918309577681172e-01,5.027318847320968453e-01,9.087897831994362630e-01,8.895661265124555905e-01,8.948933771428202455e-01,4.977531900855480806e-01,4.811119704244840589e-01,6.152905260380767682e-01,5.767676916396220488e-01,7.139571850679650167e-01,6.891094605536304263e-01,5.515404783542411371e-01,5.201919564315661271e-01,5.802837296093112940e-01,7.744038272775013998e-02,7.897741351260481046e-01,7.232996467056026502e-01,6.001731167488759677e-01,6.320726334528333767e-01,7.591645656998723402e-01,2.095811502104362734e-01,4.622275629589999713e-01,2.925756219029393423e-01,6.436375766389432762e-01,5.197097085258850502e-01,4.132334034659319588e-01,9.636673650128864121e-01,6.633411752659920113e-01,9.920600167051093488e-01,9.592287449652088238e-01,6.915565533924696862e-01,6.640283764996728344e-01,4.584860638300233826e-01,6.090370834599201366e-01,7.108712616245195237e-01,7.618407218504230638e-01,6.757787077674137777e-01,5.063497047706124743e-01,8.642572859185826406e-01,8.690615017894125494e-01,9.126915224069237498e-01,4.042039777890982233e-01,5.088243909769434303e-01,5.917836723846774394e-01,4.164302483715061620e-01,7.983196469205408041e-01,2.721627280148068428e-01,9.242345513253049649e-01,7.212185090627016848e-01,2.137504760661996239e-01,6.574766079599034807e-01,4.133508911913044703e-01,1.563341665515287637e-01,2.929579224020720796e-01,7.537425337420845528e-01,5.472363074145366602e-01,3.067824001785997567e-01,2.267209740248709859e-01,2.323979344963698623e-01,7.166251472503077924e-01,8.055648966458660576e-01,4.090814388030864501e-01,2.225639544932571101e-01,5.639287787745775882e-01,6.741458287621957535e-01,9.649357431054519374e-01,7.379359962658856853e-01,4.743513100444833319e-01,4.454650033678720367e-01
7.358820684417863855e-01,4.729154251059608516e-01,9.851268531365777736e-01,4.346024326901053447e-01,4.975860431021880137e-01,2.541929010677801415e-01,0.000000000000000000e+00,3.181126094437567997e-01,8.550532252372894382e-02,4.766276242140863872e-01,4.247190136758776657e-01,2.428138823083278997e-01,6.015874230948397433e-02,8.250089891637001349e-01,6.709465846884282714e-01,7.494215732305563593e-01,5.089177419356338827e-01,3.051691167783288083e-01,2.927953629065127572e-01,5.472285483104890602e-01,9.634368635699712691e-01,7.489773963626600306e-01,7.321335635003165532e-01,7.378590360635906009e-01,6.321290303133436650e-01,1.364018712238230790e-01,6.262896746199323461e-01,7.822584047164454768e-01,5.385900007798523070e-01,1.229802269408117738e-01,5.976723983065530821e-02,5.518550916927453809e-01,8.131867062938209489e-01,5.333545780013008164e-01,4.088424493988063180e-01,5.470009472548423846e-01,6.163176504695065949e-01,2.258362729991946760e-01,9.243002364532876269e-01,2.773704634278645331e-01,4.862064206689975521e-01,5.145219956705104902e-01,8.054620570501322963e-01,6.155524454155418823e-01,5.129093806481813678e-01,6.358587722607355053e-01,8.691761574740473062e-01,5.156031409552725986e-01,5.432178573817769696e-01,7.865326231118791034e-01,-5.468823649684817489e-03,3.271825845179767711e-01,7.396023359284942256e-01,4.770618732231634573e-01,3.966337476548612573e-01,4.084220905051235140e-01,5.172665360630241960e-01,7.299152614523940485e-01,7.850374769550725329e-01,-9.682137561536974246e-02,7.288201683708313006e-01,6.925861607783864171e-01,4.734580282680677099e-01,9.513141652300134421e-01,7.742263490608156662e-01,6.233688701636752594e-01,2.754483140212789227e-02,7.513162433146610697e-01,9.218038477411241161e-01,5.126749911758217149e-01,7.237797355863150317e-01,3.156832671445611860e-01,5.364812333080573037e-01,4.129862055070304683e-01,4.742950725508823240e-01,6.619937616814373094e-01,8.738617537163204663e-01,8.031358160396997459e-01,6.670195107269213386e-01,2.169722972617287304e-01,4.197703036608340099e-01,3.012937112745309176e-01,6.424372335674378709e-01,-6.589450564099708085e-02,4.512509986700480868e-01
9.671502758806269640e-01,7.393704800053555459e-01,6.976886127495592893e-01,7.059375547680166729e-01,9.495734664625445909e-01,5.415516427363201712e-01,3.181126094437567997e-01,0.000000000000000000e+00,5.956981902153373198e-01,2.289110168340977858e-01,4.565032244391901695e-01,7.656457701368141189e-01,9.960773014361039568e-01,9.392785528571001574e-01,7.150459972860020441e-01,7.909533070544690903e-01,4.179372626871082907e-01,2.584842473955937803e-01,4.902607457686543047e-01,8.506575485305380990e-01,3.536744899085551008e-01,1.782066043906553945e-02,7.537074343445556712e-01,5.911985876444999510e-01,6.414549242134853779e-01,5.856983674283923191e-01,3.761779666560467472e-01,7.951832995205054821e-01,3.940803458625540268e-01,4.750137718581866619e-01,3.494562286894847825e-01,5.063272488718703057e-01,2.283276436755274919e-01,2.675497039256205523e-01,5.977904457888677525e-01,7.296907732216411091e-01,5.951617361751139201e-01,7.184929040231888830e-01,7.264806678695543418e-01,7.390467578104239488e-01,5.168218690475080423e-01,4.607726601618922224e-01,6.153190691413402691e-01,1.824369465435924376e-01,8.888527256977429847e-01,6.140821248502155161e-01,5.370266749478469492e-01,7.914402022413644655e-01,1.588879063432125927e-01,4.642764171044791999e-01,6.637331299409412466e-01,4.699922567090895065e-01,5.372304822887093989e-01,1.299415901427162789e-01,2.692344409269473715e-01,7.862598290638164178e-01,6.476682770746227114e-01,5.872948382601341777e-01,8.804028653077063948e-01,2.295821412768786485e-01,7.239474259343008089e-02,5.184072065590876743e-01,5.674524420345361531e-01,2.317596307343541828e-01,9.171047734853423616e-01,5.287904322266966384e-01,7.239872234087402214e-01,7.145799704022033350e-01,3.041505408541955169e-01,4.117176740442094474e-01,7.675069517167008026e-01,6.325151276548111046e-01,3.662428567492715947e-01,4.533097759510961722e-01,4.873105549530353797e-01,5.311063352982290375e-01,6.466489601711851165e-01,5.341843955912048969e-01,7.841437312597927534e-01,5.021141985082859804e-01,5.688598716607561334e-01,4.166421881706882102e-01,6.822011104147973626e-01,4.075281926064567295e-01,5.075864409955962442e-01
6.844281036745986091e-01,-1.798079675006575839e-01,8.104631069258666498e-01,7.221325212519408288e-01,5.966907425533787279e-01,4.451596173493672093e-01,8.550532252372894382e-02,5.956981902153373198e-01,0.000000000000000000e+00,5.887112634601159300e-01,2.825504035117799018e-01,5.118631651214027301e-01,6.666852021929610128e-01,7.110695705743103057e-01,7.148996506841139853e-01,2.495068628518262721e-01,6.823124607318992174e-01,4.451269698402213204e-01,6.862571261999084182e-01,6.815661941359897336e-01,6.284854736450943280e-01,5.357688819766113220e-01,3.994867407884988841e-01,7.377684988506031383e-01,6.653061994778219912e-01,3.809389602198335334e-01,6.596579952676201453e-01,5.400422504841506655e-01,2.499203907268799929e-01,2.077695985308114779e-01,2.167511547417470541e-01,7.717491687199592443e-01,5.596623966040261688e-01,8.170182001620110990e-01,5.317646019902539933e-01,3.881819322207089029e-01,3.137297539935330337e-01,2.291391872675848096e-01,3.264668715241778596e-01,5.768976363420402764e-01,2.871461993340699292e-01,4.145654707642209558e-01,6.546774961150975125e-01,4.224133514983838267e-01,8.745209454446396524e-01,8.573565187888763095e-01,7.519657979854293961e-01,5.235936899176224513e-01,6.991436972675709738e-01,5.976358974816537994e-01,7.755725832289352972e-01,5.665599828162031226e-01,6.653889920848518047e-01,6.009071846269268269e-01,6.053617625305820482e-01,6.159883877645766503e-01,2.934899531508788906e-01,6.731702375499073465e-01,9.280920788455546688e-01,5.862626495721454667e-01,7.732053803086101906e-01,4.493291634175614613e-01,2.173155952688338721e-01,7.920960624076276435e-01,9.447927045257796808e-01,8.041331421499011700e-01,6.988770023827082234e-01,4.364028734614723848e-01,2.375857198160658268e-01,4.837400689827890954e-01,7.412294582813465649e-01,3.024381689185373090e-01,4.583346566968913849e-01,6.611070005620929280e-01,-1.239203318160685546e-01,3.654800389585181053e-01,3.750947931692127923e-01,4.033760930118142629e-01,4.277984529674905279e-01,5.525992756255780902e-01,7.567835612040939575e-01,8.160023999647382231e-01,7.084893008623750488e-01,3.375747508428489363e-01,6.578462985656793327e-01
8.036087691298157143e-01,8.580213928675396451e-01,5.944063835789725747e-01,4.750694067130759590e-01,2.720127769943066487e-01,6.792382661679030598e-01,4.766276242140863872e-01,2.289110168340977858e-01,5.887112634601159300e-01,0.000000000000000000e+00,5.650451338624945530e-01,7.902553256834096151e-01,9.221147731488392729e-01,9.952991209286574659e-01,4.860477161910226052e-01,4.852850673790397584e-01,2.533599857380339770e-01,3.408547352074653425e-01,9.183031642152829077e-01,8.982752461691099199e-01,6.417989223480145000e-01,5.226264027841633908e-01,4.308841881109297112e-01,7.955589196143071362e-01,4.396761286474939467e-01,7.536020412449979666e-01,6.477244513913082979e-01,8.133613689891900922e-01,4.638606819083165300e-01,3.757060049864344720e-01,2.714076113157665726e-01,3.732319132431018982e-01,5.905527088477900977e-01,5.385544806632395209e-01,2.141362206453629180e-01,-2.515090708241352058e-02,4.488176353149204156e-01,3.558270228455775452e-01,7.498933128069096288e-01,8.757620038837341525e-01,4.050860570464992483e-01,-1.949303472586820796e-01,7.503495343821191543e-01,4.321285207861219613e-01,6.788147215183025773e-01,9.090637963570785685e-01,6.865983120633886161e-01,8.019236611970202988e-01,4.787948124094977831e-01,6.686981688339583840e-01,3.711590928416808599e-01,8.935392736027834015e-01,9.445551757816880167e-01,4.985557062456128508e-01,8.514022293461752655e-01,7.840931083196605034e-01,7.344930669579052829e-01,6.576746460046882792e-01,6.092046367867153256e-01,2.140142666172412944e-01,5.368128093045869687e-01,7.468605929376985753e-01,6.109052810538155853e-01,8.456855963485646610e-01,9.740710575567430585e-01,4.229093270315777975e-01,7.683825465268518951e-01,7.583538266653341298e-01,2.438010069175208516e-01,7.260145860490767600e-01,6.182619399370502533e-01,6.200857220668754000e-01,-2.256597614704749510e-01,5.600454552654684504e-01,2.203753298298068430e-01,6.121477744144508959e-01,8.230805764280324510e-01,7.221924601149064538e-01,1.432483031379079008e-01,1.486781892839179053e-01,5.784147515055724220e-01,6.084761451921026909e-01,8.689174394908276700e-01,7.694279718013654623e-01,9.454629406916049694e-01
8.293129184937581000e-01,7.127689075296937959e-01,9.785026353755648110e-01,6.985755619160978203e-01,7.088282123585069039e-01,5.542198630842832818e-01,4.247190136758776657e-01,4.565032244391901695e-01,2.825504035117799018e-01,5.650451338624945530e-01,0.000000000000000000e+00,7.050676866447388447e-01,6.772139746292459295e-01,8.720182977921017153e-01,9.206638057687037691e-01,9.900499137246545622e-01,6.529437994061156880e-01,4.853953332210977911e-01,9.636646145504459415e-01,9.610004865852371791e-01,8.849498922907444998e-01,4.608492229673286644e-01,7.777228406799334692e-01,9.210746738181455617e-01,4.796286540185478176e-01,5.479510148667969816e-01,9.461050304228431074e-01,7.353942687743784123e-01,2.523065460112543512e-01,1.846676614087782720e-01,4.436240832612754759e-02,4.339145453223666182e-01,9.306713030417332888e-01,8.649971394770518129e-01,3.169949907146876189e-01,2.325016526538453976e-01,2.749231978343099070e-01,9.617087469722623849e-01,3.440890747166136521e-01,5.112995023496861302e-01,3.122416926249988456e-01,8.000828972931753880e-01,8.630696113584380713e-01,7.921272325480727128e-02,2.542846830379136280e-01,9.534064814048907044e-01,7.299499172126828750e-01,6.349907868396240662e-01,5.680467496532546345e-01,1.354574795211342664e-01,3.125038060253393368e-02,4.544364484117082159e-01,5.776256433283868397e-01,4.146632079555070405e-01,3.679751846214764921e-01,2.100658148585728136e-01,7.894825338899699174e-01,6.979444300350499120e-01,5.519041166302081081e-01,3.744833993325855648e-01,3.320944126401147445e-01,6.839218573082535002e-01,8.080022550530443493e-01,8.942019058515545682e-01,7.356627946987592814e-01,2.367023786278477926e-01,6.175233178777688181e-01,2.902451724860780069e-01,1.464822607241843266e-01,4.026128890817710082e-01,2.007050746659753693e-01,4.887901757118710555e-01,5.941727792980103784e-01,3.164139857912687814e-01,7.269500314399290897e-01,5.408553613040283370e-01,3.318281355943468180e-01,4.684050294016741667e-01,8.764112548127123148e-02,5.848477248710158838e-01,6.137419678953102142e-01,6.985925296937248730e-01,9.279918983009133315e-01,-9.953510634688722547e-02,6.951741257641724792e-01
8.995095073033154698e-01,4.557722633722677275e-01,8.474607011815240565e-01,6.929977774011313318e-01,5.368079851634794952e-01,3.843943291095815451e-01,2.428138823083278997e-01,7.656457701368141189e-01,5.118631651214027301e-01,7.902553256834096151e-01,7.050676866447388447e-01,0.000000000000000000e+00,2.429909030048547219e-02,4.140647132127042163e-01,7.146548024687644496e-01,9.518767254385527288e-01,4.415689662276836014e-01,6.316967207164725373e-01,6.899116824426135830e-01,9.045959127991002324e-01,9.490628288450737582e-01,6.094799236401589049e-01,6.697859309053068033e-01,6.919823974827358226e-01,6.844873351800344619e-01,9.836921978565796865e-01,7.726644926960269943e-01,8.816347431800815038e-01,5.249865955571435538e-01,4.044188918412149336e-01,5.025788498016061645e-01,4.797919749613945295e-01,6.526993115070363061e-01,6.369874794155914177e-01,9.557103235007398390e-02,2.408656481941279792e-01,4.123760662114666076e-01,7.622606050473905714e-01,8.944244150829996354e-01,4.637969339012850134e-01,5.949952784987961873e-01,7.445471407846158129e-01,4.183384143878202122e-01,1.987546178940849950e-01,9.420517581158075471e-01,5.190021166508016481e-01,8.750521725592654843e-01,5.268765307865608261e-01,7.313247027988869498e-01,4.084183880781783182e-01,4.856338837203675873e-01,9.336552440769493311e-01,6.849300010932865002e-01,1.921681666275419087e-01,9.504387616428774388e-01,6.067949164413730667e-01,4.805291869615283540e-01,8.355972495959892443e-01,6.923655074343258997e-01,-1.842041160270805056e-01,4.350046093298304273e-01,6.049684259929456465e-01,7.222388104459191993e-01,7.242455967767421621e-01,9.883168306731651143e-01,5.569966753840192020e-01,4.077191077329023194e-01,8.579295315150701207e-01,7.912875480148161556e-01,8.673019298997278193e-02,5.037963518873891378e-01,9.244660315103236936e-01,7.415919220335864988e-03,4.210103805558972900e-01,7.820753355686647090e-01,5.287031539889086584e-01,7.492237164515662684e-01,4.715746258299124971e-01,6.671006774228729341e-01,4.429668413059874021e-01,7.906622478290761258e-01,7.605585795905174251e-01,7.054663147879149943e-01,5.816445340911556849e-01,4.954468008402436729e-01
2.968988532782188550e-01,7.469016885331857258e-01,4.204863271967468896e-01,3.237099331642576683e-01,9.116323081917402371e-01,9.416546858820140642e-02,6.015874230948397433e-02,9.960773014361039568e-01,6.666852021929610128e-01,9.221147731488392729e-01,6.772139746292459295e-01,2.429909030048547219e-02,0.000000000000000000e+00,5.570430282120998333e-01,8.705226960459280239e-01,6.317981707280215797e-01,7.948496880902260475e-01,4.108855415791324850e-01,9.496281609547663205e-01,4.222345144943931983e-01,8.029549506948679971e-01,6.474133517643385627e-01,8.303913518706903529e-01,4.001589337758671983e-01,3.770623810064663850e-01,8.900550573281001965e-01,8.226482277684870059e-01,6.447713582260405918e-01,2.694313163646624432e-01,3.834459922267577925e-01,1.914693029121583012e-01,3.709308406805664760e-01,7.065234297573280697e-01,4.576128882448036173e-01,6.277218628155574187e-01,2.378229166113211834e-01,1.958975180012815509e-01,9.424667788112525146e-01,4.609911852121515441e-01,8.712559120791092404e-01,5.809088875858354761e-01,4.056721698971655909e-01,7.947001075511854751e-01,4.770260043966972896e-01,9.154703241574315697e-01,6.866652401353738888e-01,5.017962808556296617e-01,9.914782264573538395e-01,8.061354483731273390e-01,5.676170262170616709e-01,8.995476336472912893e-01,7.515375469792501262e-01,7.778332996771986085e-01,6.048443889572182597e-01,5.683016419319981694e-01,7.842703521057214910e-01,7.859092623310283132e-01,8.374721418166024556e-01,6.091721688741335017e-01,4.716820913939825943e-01,3.181803992245348794e-02,9.684767089749246605e-01,3.949586648713357406e-01,3.898750988348320123e-01,8.304051500689662024e-01,7.946468650769700215e-01,8.883308168816403949e-01,9.189263286847438872e-01,5.646703082079019831e-01,9.293089127481026779e-01,7.754453525404381153e-01,7.323670228693430762e-01,6.754424803296742441e-01,2.587953892030855352e-01,6.415203961212532224e-01,8.731328688822383999e-01,3.508247674223041734e-01,7.878321809922035346e-01,3.484741853565362923e-01,2.436749896264147341e-01,8.122251956373327531e-01,5.020444865837897508e-01,8.475794459708635431e-01,7.989402911368991278e-01,4.656934824124369654e-01
5.234396905495408703e-01,5.854808913285521887e-01,6.402641521071687769e-02,5.967731141277901052e-01,6.471760656406134737e-01,6.422746934164967891e-01,8.250089891637001349e-01,9.392785528571001574e-01,7.110695705743103057e-01,9.952991209286574659e-01,8.720182977921017153e-01,4.140647132127042163e-01,5.570430282120998333e-01,0.000000000000000000e+00,6.032067412206841839e-01,8.371185876303190998e-01,5.507753428175921062e-01,9.027913916883029133e-01,7.817427033209237708e-01,3.244349670350966108e-01,8.388791868554823505e-01,9.894529288792923705e-01,6.579588314570069540e-01,7.727986783798748149e-01,8.147468572303412371e-01,4.955713007356122857e-01,8.650273507814267848e-01,5.086884508665455717e-01,2.160648630678113913e-01,6.711564625529357064e-01,1.075317213817318235e-01,5.509350227501128572e-01,4.207765848711912393e-01,7.598291526995010203e-01,8.461812679416536032e-01,3.706735737110365969e-01,4.724485407400564330e-01,6.629413972255209231e-01,7.392639771612988797e-01,6.873936966669583204e-02,3.647357444361853940e-01,8.297701062232598623e-01,7.064355874275130009e-01,7.415162431122442888e-01,8.461342634135912144e-01,4.836576072139255889e-01,2.995599095730924200e-01,6.941680098525503384e-01,4.633115346498807297e-01,9.759413234037445095e-01,6.996083844062536139e-01,6.087042891663660971e-01,9.389810086735316252e-01,2.082994563816599476e-01,4.540290860069288725e-01,5.552106764946983519e-01,6.464051066091729414e-01,8.728709868385503556e-01,9.296600478815615354e-01,2.494614109921189371e-02,2.018369180202071456e-01,7.878229891299111110e-01,4.721184084754475041e-01,3.754504359544822423e-01,4.135623958392046773e-01,4.134551530845553269e-01,3.944486465340445447e-01,3.962262583790028270e-01,7.652132715817936415e-01,6.077732561690212254e-01,1.436238253189408287e-01,8.190807899663166136e-01,5.167957385857702146e-01,5.544571567224241271e-01,1.779030832451984345e-01,8.993868349719851274e-01,7.251594395592162456e-01,7.164142884865585259e-01,5.922531258621739347e-01,4.114134277496795944e-01,5.548295616577687550e-01,4.837319080911773872e-01,6.323942047100203911e-01,8.676664362409010345e-02,8.314130671735088240e-01
8.116454029077349031e-01,7.033095405203595440e-01,9.693986991635721306e-01,4.649313264438148519e-01,7.509692659535962544e-01,5.796577363026523821e-01,6.709465846884282714e-01,7.150459972860020441e-01,7.148996506841139853e-01,4.860477161910226052e-01,9.206638057687037691e-01,7.146548024687644496e-01,8.705226960459280239e-01,6.032067412206841839e-01,0.000000000000000000e+00,2.380135170082100793e-01,5.098778537542935085e-01,5.379474115238834786e-01,4.807025860886008917e-01,6.065887697775834697e-01,5.978985870429962546e-01,4.553441149520764397e-01,7.406826602378171476e-01,2.097643948939514336e-01,3.869350130010166811e-01,5.304342787112409363e-01,8.783248744595854030e-01,2.957053244312778384e-01,2.615634579445285102e-01,2.263093609953640839e-01,1.066687989703752060e-01,7.999658048625584161e-01,6.523324015140978815e-01,5.936058080729355035e-01,5.671151703215191464e-01,4.160622486820747534e-01,3.094143664116177361e-01,6.462690300422737621e-01,7.176307876375317418e-01,4.603117939136796011e-01,4.680180290620352679e-01,4.570995441389205660e-01,7.549409896739682768e-01,7.492211706538572935e-01,8.900610928727793469e-01,6.907152983381398270e-01,6.450578058355397326e-01,6.711740900640462693e-01,7.747416640423721024e-01,4.180873933933754172e-01,2.300888079103495867e-02,6.742744442123853599e-01,9.220704763904594703e-01,2.841262855938030407e-01,7.753628472331511867e-01,8.383502929313882968e-01,7.347949382565464038e-01,5.354386615240073199e-01,3.652235553916028943e-01,6.102883510143198853e-01,7.344377928784322496e-01,7.104299300462575406e-01,7.667101132273550501e-01,8.552455395278177885e-01,9.286402666805814166e-01,5.994675485785743163e-01,5.834115609961978421e-01,8.221404289602427529e-01,3.348598240495672673e-01,7.792803979933570213e-01,8.778129550782292068e-01,9.246703434950103162e-01,6.962263359483040759e-01,-1.243426424536231423e-01,6.276400307308991344e-01,5.509947786670383874e-01,3.318331397321738763e-01,6.760872083969242663e-01,5.681910580038294079e-01,5.765340305787693964e-01,6.307045738902385956e-01,5.883768388730725718e-01,6.469702046129681694e-01,5.690153456977076196e-01,6.584160438419990324e-01
7.679044095732455721e-01,7.876970360949822059e-01,6.911050371741014331e-01,6.481449524591567091e-01,1.491049244839362520e-01,7.968837786958231639e-01,7.494215732305563593e-01,7.909533070544690903e-01,2.495068628518262721e-01,4.852850673790397584e-01,9.900499137246545622e-01,9.518767254385527288e-01,6.317981707280215797e-01,8.371185876303190998e-01,2.380135170082100793e-01,0.000000000000000000e+00,6.548448662175334611e-01,2.443661228265597285e-01,7.267201228679339708e-01,7.148810101295810515e-01,9.503755191044537254e-01,4.856903774510166749e-01,3.576465099347229115e-01,7.274027245756095050e-01,4.178141243220470091e-01,3.705716852528372351e-01,6.776037888196682069e-01,-3.932169140131125395e-01,7.863707790259877317e-01,4.843922849196308777e-01,5.088239890273521526e-01,7.620382339795098714e-01,3.031967044685495161e-01,5.581777461033888832e-01,7.964514844437313723e-01,3.001921967810631253e-01,4.642713463496587201e-01,6.809999394807177975e-01,9.096818890370357291e-01,4.667855658736902447e-01,1.132167758040332310e-02,5.224246710741543565e-01,4.140366383610067924e-01,3.551089837690012407e-01,6.703202560023240331e-01,8.188327587795179996e-01,7.551909179620158730e-01,6.183621599920726686e-01,4.790967744385333793e-01,9.969723180864098477e-01,4.611046638302481182e-01,6.743369823464595569e-01,7.445475198522106819e-01,9.782209509438465345e-01,8.281809681246468102e-01,9.228360188531973263e-01,4.659949425834972736e-01,7.417718054675405126e-01,6.757188810899216191e-01,2.385731906976734928e-01,5.770777738336050344e-01,6.695011102526716718e-01,5.592580010993889461e-01,9.812736467805805995e-01,7.792892281863177395e-01,5.467224469961692312e-01,3.697499914216265671e-01,9.117210851072694577e-01,6.877752868607056591e-01,7.725546257894922997e-01,7.523122922876805951e-01,7.686279762921802150e-02,3.136163131325872544e-01,-1.319589422182094463e-01,7.643291354057941689e-01,8.639142651523568084e-01,6.613472509417501755e-01,2.618892050646194902e-01,4.423130830100542310e-01,4.180699884035348202e-01,4.674984356733532520e-01,5.157750766643696139e-01,5.129032722868959171e-01,6.318306734680445569e-01,7.267490132408671588e-01
7.168911409058282835e-01,9.014750881425611650e-01,6.761202794541598671e-01,9.321472918444938527e-01,8.016926175650117559e-01,2.796918309577681172e-01,5.089177419356338827e-01,4.179372626871082907e-01,6.823124607318992174e-01,2.533599857380339770e-01,6.529437994061156880e-01,4.415689662276836014e-01,7.948496880902260475e-01,5.507753428175921062e-01,5.098778537542935085e-01,6.548448662175334611e-01,0.000000000000000000e+00,6.472420144335235825e-01,8.246619474600332955e-01,5.727162184387964983e-01,5.054793834982510559e-01,6.167884209662751749e-01,8.896171418941688502e-01,4.448792768104188888e-01,4.359348626732559850e-01,7.532046147758559851e-01,7.587823011000371931e-01,6.054589689812333031e-01,2.784044819947004701e-01,5.885953227529545639e-01,5.896488358911802230e-01,5.903609876768075582e-01,4.164862993069305963e-01,5.211552958263665492e-01,3.473352936648813616e-01,6.455036836657320753e-01,5.470005811454902167e-01,5.596226458992691333e-01,9.629495469560803711e-01,9.233750556900204298e-01,2.892712619613120317e-01,9.591400831894604240e-01,5.349253064161132443e-01,7.823016012074859304e-01,4.696022140747004858e-01,6.652900202120578532e-01,5.134106187082787542e-01,4.393320428090181640e-01,8.203416293152553385e-01,5.508425352149457499e-01,8.117957345298496552e-01,8.349929343266428994e-01,8.532937038261637630e-01,4.992656428269847124e-01,2.201787157116009419e-01,8.584754405202970062e-01,6.417477136525555625e-01,8.928094989930681624e-01,5.549929138317548638e-01,1.496515342243331936e-02,2.403415526884270792e-01,4.464786054758339007e-01,9.945800783804621403e-01,6.687438027082852621e-01,7.530174569063646794e-01,7.714515832827737452e-01,5.826146199642181500e-01,6.117517388882732776e-01,9.332831949938349969e-02,5.094361899882414724e-01,8.256224875739547331e-01,9.234500524111795006e-01,7.725172578183682193e-01,3.713875685399114501e-01,8.050622656567140156e-01,6.217475786588056996e-01,7.473194565857574911e-01,7.540040431729164716e-01,7.524084362848801888e-01,2.138353177174269759e-01,4.275132912576526945e-01,6.711873064857252213e-01,5.543558049778782998e-02,3.227410625475085060e-01,5.229202730773816477e-01
6.317280547833863391e-01,4.231838319260232684e-01,7.921656164448045434e-01,4.813979124395755260e-01,4.171951127861799891e-01,5.027318847320968453e-01,3.051691167783288083e-01,2.584842473955937803e-01,4.451269698402213204e-01,3.408547352074653425e-01,4.853953332210977911e-01,6.316967207164725373e-01,4.108855415791324850e-01,9.027913916883029133e-01,5.379474115238834786e-01,2.443661228265597285e-01,6.472420144335235825e-01,0.000000000000000000e+00,4.305567477468654758e-01,8.630138680969448028e-01,5.176249562787742509e-01,6.618320481767410168e-01,7.930024478688530998e-01,6.953225149986673737e-01,3.097959340040570830e-01,5.708124636438459687e-01,9.246250701380843706e-01,5.367628401753949952e-01,7.159789596838791459e-01,1.262427613606436141e-02,3.510439528705279755e-01,4.979632857019934411e-01,5.765941254756798973e-01,6.160130902553789811e-01,2.516364622189876665e-01,2.063013122248092135e-01,1.963444819809067321e-01,6.596655110709257475e-01,7.276076186090878473e-01,9.759463522233405852e-01,4.472629498839829076e-01,6.860303348135933232e-01,9.667932626000153018e-01,6.066647365628159427e-01,8.891546054980402625e-01,4.430030724661613295e-01,6.352074389109091390e-01,7.722416220429668687e-01,4.746647105374285358e-01,2.011177357310773572e-01,4.784196203768392164e-01,5.343361181690527983e-01,7.983755285788203260e-01,2.128408504816475255e-01,6.724410445217354759e-01,9.860896009334410017e-01,6.539756697037499844e-01,5.959398216650839686e-01,6.671105880477818939e-01,2.227753537752303337e-01,5.830077481237002646e-01,7.741425397907607531e-01,8.471420411934367234e-01,6.399622862998782802e-01,7.653421501333735888e-01,5.844063989067604936e-01,9.812233556495254527e-01,3.691374444284400980e-02,3.752857274372172203e-01,6.953728671039292042e-01,4.307431377553516683e-01,6.943848136014562078e-01,7.656961102407527919e-01,3.117548177037411938e-01,1.020654615092357470e-01,6.475243928538136906e-01,7.244433198879008939e-01,2.779816145460932142e-01,4.973903827777053505e-02,1.114023810714104140e-01,2.448659100431642421e-01,5.551297739227318839e-01,4.390785689701952599e-01,8.304754310078873436e-01,5.239024921990378392e-01
