0.000000000000000000e+00,6.634517176407230821e-01,1.319880215518924593e-01,4.149448760595180197e-01,9.536761765021926074e-01,7.484955459332915950e-01,8.851340430509356816e-01,7.176793021198124567e-01,4.391600781951418009e-01,9.988689093942346720e-01,6.039445323193217696e-01,9.858104700774386053e-01,6.000945773149758411e-01,9.933911449075909506e-01,6.472245764524355849e-01,5.212874126365546479e-01,9.898634475585958992e-01,5.997136678105033925e-01,5.481482409727950200e-01,5.593859608071152234e-01,9.307534133202044480e-01,7.944731881834607989e-01,7.201804688132389387e-01,9.606611554323664093e-01,9.330856445376602970e-01,6.195986775154299631e-01,4.359642714979652389e-01,5.163566793680030020e-01,5.277280252562666085e-01,3.308318878859157763e-01,5.273380593639019898e-01,3.757233448104754792e-01,4.888260765060774560e-01,5.909850143289784308e-01,2.817633567415247509e-01,3.037709886095415479e-01,1.383852145621254637e-01,9.173719928227288545e-01,5.259817617730240258e-01,7.251140350120316436e-01,3.928621362993862665e-01,7.904722928405670812e-01,6.949064214149457408e-01,2.044115982848261903e-01,6.408473027803557320e-01,4.528752196761226534e-01,4.604583389341916355e-01,9.630924274743396518e-01,7.004701253402958461e-01,5.848429595335679076e-01,9.876961270206616739e-01,8.779126420110572315e-01,5.988100138103912284e-01,7.600315424667618558e-01,6.719875404428484744e-01,6.223006502726534661e-01,5.953239247823454150e-01,7.840292013146982208e-01,6.497308408775520627e-01,5.142819674945223740e-01,1.631657965577003322e-01,8.066601440380930521e-01,4.013476396195581053e-01,7.830996082523487001e-01,7.549442062119446906e-01,9.463664204289274906e-01,8.100914533761600644e-01,6.594057463312861245e-01,7.472264983332909116e-01,2.234218697040341872e-01,3.669825521961730397e-01,8.801638304931103107e-01,6.359663595255670154e-01,3.447131818867767844e-02,7.257495594107663539e-01,8.089300094801554764e-01,6.551014804426914528e-01,7.119365740751780747e-01,3.374712505763693970e-01,2.466700221136597648e-01,9.207473167239117462e-01,7.523829977123726032e-01,6.491564734591184216e-01,3.275729259949907712e-01,7.631228788477045777e-01
6.634517176407230821e-01,0.000000000000000000e+00,2.001534614051181937e-01,6.423275907237392390e-01,3.301520464620738560e-01,5.680053431972325040e-01,7.536649513635117481e-01,2.600880261462248377e-01,5.852258409544883744e-01,3.648404176110511127e-02,8.663219331250228139e-01,6.727052215099978971e-01,6.801696822607653514e-01,5.373126800532311842e-01,4.290613457286486798e-01,3.305827794358283667e-01,6.519168424292789421e-01,5.795852604864263347e-01,5.740920562087789003e-01,4.071688655852686578e-01,9.064029673122365738e-01,6.877453533920241391e-01,-4.421420822257346450e-02,9.746932745214357263e-01,5.201549406055161473e-01,6.836850057194403529e-01,5.540920558400034279e-01,7.283912051934089416e-01,4.672629071478884843e-01,6.585440593041361756e-01,6.059899003658812955e-01,6.953511019410008043e-01,8.755700940049747638e-01,-2.405096967222465909e-01,7.509790010132253446e-01,1.172538055703992166e-01,5.750015659860242545e-01,4.383172590551479564e-01,7.618766498755977779e-01,6.864498007483427200e-01,1.043444691437361294e-01,8.305902680916575909e-01,7.425919848398506717e-01,-8.844260701316043749e-02,7.525583406949214460e-01,8.982324363136188206e-01,7.530424549536205436e-01,4.416170278791297643e-01,2.509775685762373754e-01,7.968363932484338052e-01,4.795411741505072878e-01,7.352691634932090325e-01,9.881861767957375031e-01,5.788504521017853177e-01,7.827714212984818731e-01,8.456944728578276171e-01,7.439448907984578252e-01,9.775429258887555761e-01,7.585736494972754596e-01,6.995314958023646223e-02,3.177188622051211886e-01,5.165378937090274736e-01,4.881422547561206082e-01,8.496675572977047119e-01,5.560082339708727339e-01,5.762361894561002229e-01,4.353080321600417690e-01,7.031490947662495383e-01,1.230904379084463429e-01,8.460394211624759908e-01,3.217298571391172812e-01,2.955799719821642912e-01,-1.885971902698291014e-01,4.068917343521313845e-01,6.087370028393367383e-01,4.305208587283427223e-03,3.587525608218214979e-01,6.452934786455092331e-01,4.289998669739193415e-01,2.802738351856619639e-02,7.250357561703643094e-01,7.386768021908659554e-01,9.209478264847723583e-01,-1.563088298569216550e-01,7.662839628220003974e-01
1.319880215518924593e-01,2.001534614051181937e-01,0.000000000000000000e+00,8.989415670735162456e-01,9.334076262500744514e-01,6.761464765647873243e-01,6.983933149633207993e-01,9.991707424225424461e-01,7.115400965906870656e-01,7.309752770967499202e-01,8.947482610282584403e-01,8.780982776924169952e-01,8.125960994552396954e-01,6.803540796371231325e-01,6.204485714638074967e-01,4.662514079737652972e-01,7.985081004256728843e-01,6.215164860763430221e-01,5.710715027290855783e-01,7.831928505988067224e-01,8.505285010065892770e-01,9.720449516675302437e-01,4.993752744427122359e-01,4.550564912637773407e-01,4.881630791049283435e-01,6.368919203577112498e-01,7.093793894304959435e-01,9.147374972829345197e-01,3.370262113658072378e-01,4.181338501859673262e-01,7.605398294816715365e-01,7.042133269137088591e-01,-1.145439728634759652e-01,7.195120409361458469e-01,4.768070518485284515e-01,1.551142067967294647e-01,7.594562864468308583e-02,2.313984372317204052e-01,4.703829825338604609e-01,5.523922706935386895e-01,4.987896199810045172e-01,5.102991838956693060e-01,9.313086560895829091e-01,9.036042396891899031e-01,9.919377323666567214e-01,6.720369380296055128e-01,3.973992426140511292e-01,5.871832877072906687e-01,4.214507356035985808e-01,5.974974427101953367e-01,4.427741440573859655e-01,6.948674353022904482e-01,8.148906828196348373e-01,4.617205517547324223e-01,7.011601097645104863e-01,4.738794264506714371e-01,8.168440853034242277e-01,9.463773238233310625e-01,9.203671304606608761e-01,4.776128800509860661e-01,5.435628771374428903e-01,7.749851392392594907e-01,7.461235621931971984e-01,8.140163303219000168e-01,9.085687879853279192e-01,8.810218101680493685e-01,9.348902265500278475e-01,6.308707200770847789e-01,4.065374382020832122e-01,8.063020375015398367e-01,8.025164935737342242e-01,9.687203368654564439e-01,5.713488085629339075e-01,4.254509202739139018e-01,9.408360922275733618e-01,6.544153197103232955e-01,7.499617869194201702e-01,7.820294443191003753e-01,2.318919600715018958e-01,7.534950629504999671e-03,2.094187028716161802e-01,7.102729352601295787e-01,1.749822437833604416e-01,9.990226326066278251e-01,6.258011050337116687e-01
4.149448760595180197e-01,6.423275907237392390e-01,8.989415670735162456e-01,0.000000000000000000e+00,6.221771680056648046e-01,5.079550235400469571e-01,4.093744809517191330e-01,4.805098156355105399e-01,9.248587902570746255e-01,7.115193053875720208e-01,8.964001608665616017e-01,6.184347545311923433e-01,4.496622744504802927e-01,9.463428906134525587e-01,3.829571216367622100e-01,5.103210565923949060e-01,8.694775076911078759e-01,7.932424249172791431e-01,8.107990835537031149e-01,8.036701882404229114e-01,7.737810128387967445e-01,6.925277244512340058e-01,8.873235709296742879e-01,6.147994509702912058e-01,9.700668193269949002e-01,6.691992544704075119e-01,7.454593105879193660e-01,6.752898189848954846e-01,4.146414843739717471e-01,3.654603419929292052e-01,5.395547239816299578e-01,5.445532281605025560e-01,6.051009365892864311e-01,7.391431737056588513e-01,3.734046614483112897e-02,7.466887566943962717e-01,1.566183133812791006e-01,2.233001964535877293e-01,5.784483590781478446e-01,3.151544978650365758e-01,5.091604718583535583e-01,6.403618403945867676e-01,6.987106685520625415e-01,4.971123357827958444e-01,8.089055073495807768e-01,7.542785334297924527e-01,4.058787644365514646e-01,2.844178006984550700e-01,9.771057492932779809e-01,2.573426399125118280e-01,3.159844224735008367e-01,2.319542192409740633e-01,6.190505031649587986e-01,6.266489374457114847e-01,6.823339844577086533e-01,8.160938565348648810e-01,6.091332707620291664e-01,7.164132791101833764e-01,5.540087699001799981e-01,2.511030146738722074e-02,6.451476926080079721e-01,2.044026750663126279e-01,5.453826499378927606e-01,6.916253929714737403e-01,6.391207788954462732e-01,5.837809257069938029e-01,2.950203461916556802e-01,8.624659275643152823e-01,4.225651701527096682e-01,4.585048629459285152e-01,8.065189437895422531e-01,7.895179641434546536e-01,5.711518090677902837e-01,6.860729950981983016e-01,8.420314388240826009e-01,6.206827716835856545e-01,4.915884050690975671e-01,7.863431245909603406e-01,5.038282850861297568e-01,2.635362999098184167e-01,5.190152856467823428e-01,8.143467124770615850e-01,2.736653551603906998e-01,5.010003028427327809e-01,6.161821823868306458e-01
9.536761765021926074e-01,3.301520464620738560e-01,9.334076262500744514e-01,6.221771680056648046e-01,0.000000000000000000e+00,6.086745380907276903e-01,1.881446873188331592e-01,3.129780252670056884e-01,5.080759381880527448e-01,2.472697375495531147e-01,7.464079384679895846e-01,6.191773175591396283e-01,5.893763009215647886e-01,3.988618146244454765e-01,-3.285582483420925737e-01,8.582008778134173621e-01,9.458288049569052447e-01,2.343491318085536013e-01,4.011315369662387109e-01,4.410068445255982406e-01,9.349906683135812413e-01,4.028990855598906795e-01,5.332413611800314035e-01,9.509348675435198572e-01,4.014279021081961218e-01,7.352224972868406372e-01,1.623603429886426586e-01,7.678227018900778411e-01,7.634531854493652181e-02,5.800056227989208030e-02,4.035559047946599698e-01,3.315158545270643353e-01,4.000901763375448450e-01,6.728798489885807754e-01,9.285945063718912262e-01,2.811932038678000567e-01,-3.163746419990030034e-01,2.885854555252248543e-01,7.597207385153531556e-01,5.846738988807237414e-01,3.734300807476989004e-01,9.196659357585793559e-01,7.662719543483469398e-01,3.353561183948594038e-01,8.599953655339657166e-01,8.611168719254813642e-01,5.197546827546050130e-01,4.581547647391066014e-01,5.128984572127005537e-01,8.162908600547305049e-01,6.596843511609933319e-01,8.873231803247041416e-01,9.928253502748682902e-01,6.728132602471293966e-01,3.816992402830378106e-01,5.147345222175159218e-01,3.151474489370402754e-01,8.989460208677448882e-01,6.764946525824165890e-01,6.123321976534199657e-02,3.460321047473453593e-01,7.147038929193624268e-01,8.723295472388165051e-01,4.834819791368575315e-01,7.800669563437681031e-01,5.498923327183087295e-01,4.115916254294381682e-01,8.829632846131291180e-01,6.102570196087770960e-01,3.703464513279410841e-01,7.893056633728190441e-01,5.979363996618705102e-01,6.404883467572496381e-01,5.675914692719916665e-01,5.246950429922052628e-01,6.950303900180567762e-01,8.247668651773257809e-01,4.429725192089868924e-01,6.517316162170827543e-01,4.030230224654532400e-01,6.736719309045509085e-01,9.044260477814860533e-01,6.489270088622948185e-01,5.012671719629420153e-01,5.535512425220868726e-01
7.484955459332915950e-01,5.680053431972325040e-01,6.761464765647873243e-01,5.079550235400469571e-01,6.086745380907276903e-01,0.000000000000000000e+00,4.189879002275657127e-01,6.182411518802923833e-01,7.922824495029618941e-01,8.576892950826663364e-01,6.963344553990543639e-01,9.502080102865578803e-01,8.815535250477413154e-01,4.099108666528418765e-01,4.871776868927055193e-01,8.505233797726408085e-01,9.912308196891949086e-01,5.548383605000012375e-01,7.614161534025843947e-01,3.995698616221219357e-01,8.553840352341030018e-01,5.311306763976358924e-01,8.325842757078375511e-01,8.012879140659697752e-01,8.238722159645622822e-01,6.777709142378606222e-01,9.714839912286757917e-01,7.082936748693099416e-01,5.536207916274794583e-01,2.956137359904302264e-01,4.557343029235192550e-02,2.677904897017672758e-01,9.949471569901936485e-01,4.720130164914740911e-01,2.987585371321387351e-01,4.755781695639320628e-01,7.161407684960421349e-01,3.597447298048909170e-01,9.903881854852771838e-01,6.931356583647337866e-01,3.082637500231485417e-01,6.590953886793593508e-01,6.954207663410071349e-01,6.088399654767394642e-01,9.658818031317165653e-01,5.874376654263429032e-01,9.654418076076484168e-01,8.696881764046779928e-01,5.867521740860510704e-01,4.806207104401581942e-01,2.260466348687180382e-02,4.570854451653008632e-01,6.998309238746203143e-01,7.224090357799897166e-01,6.831881223819094018e-01,7.312186956535177140e-01,5.249220072845630636e-01,6.723179703169817056e-01,4.154154360711984628e-01,3.077837190888217389e-01,5.565662471486936269e-01,7.200610827142243098e-01,8.369026917984687675e-01,5.594380506039801082e-01,4.944639640030048522e-01,5.652160749189928390e-01,5.770035078183491928e-01,7.315255299311892445e-01,6.344957623590202767e-01,6.302108316213010930e-01,9.975757750202061125e-01,7.470627392650974752e-01,4.856244490546404169e-01,5.483359238115959391e-03,5.245302454243276902e-01,6.957937086081614764e-01,5.336500319421303429e-01,5.353583695965448142e-01,4.450179157174298239e-01,3.807928023910150395e-01,5.709024512724879541e-01,7.558925950622907841e-01,4.851515354318032269e-01,4.196321215039976460e-01,6.915636950568055941e-01
8.851340430509356816e-01,7.536649513635117481e-01,6.983933149633207993e-01,4.093744809517191330e-01,1.881446873188331592e-01,4.189879002275657127e-01,0.000000000000000000e+00,2.180841583612604384e-01,-1.573127926906090213e-01,5.458805892069389376e-01,5.969777742945159282e-01,1.432866676529482956e-02,2.637459321579223026e-01,5.164517731277445262e-02,3.033317484929363289e-02,4.031099321508080924e-01,3.887504248857042155e-01,7.264396839314770649e-01,4.188368915156436278e-01,6.963969093921422715e-01,6.942514752139852252e-01,5.398937059083670498e-01,7.035638178105889651e-01,9.148726754673556227e-01,5.584704508711814119e-01,3.471883428058925025e-01,2.917688496658299990e-01,3.297854060468318194e-01,7.178900288079251846e-01,4.826847776540768020e-01,2.334286749182459819e-01,4.761925593136551171e-01,4.736804998865208338e-01,4.377059720720276603e-01,7.828626366202645626e-02,5.825171573012616344e-01,3.312508778569774881e-01,6.538738757184734407e-01,6.167824623236158876e-01,2.592988811972681829e-01,2.457254249025685178e-01,4.526893789538299906e-01,6.257027077717748353e-01,5.652189245612964097e-01,9.615526798749326476e-01,5.392919263068705060e-01,5.569116756453003081e-01,2.148303812753739328e-01,5.397346626447114826e-01,7.810213094733911010e-01,3.185982102381510472e-01,8.860439340113185347e-02,8.719472904371297073e-01,3.763469211245707990e-01,5.609095278133564566e-01,5.695548381949824268e-01,5.450585947180379698e-01,5.958985834078469601e-01,9.486359436256792677e-01,4.311462877559958939e-01,4.976217306734854184e-01,6.233615081107604095e-01,9.273156959009718481e-01,5.445465038020256276e-01,7.822921865792880070e-01,5.506440954090759954e-01,6.311071344315608567e-01,9.398074206841937617e-01,7.432498874332074124e-01,3.532697443825921768e-01,7.594493755978655170e-01,6.898778302240762272e-01,7.969742032577682433e-01,3.297306827143239305e-01,3.155248119019830599e-01,7.737635264493096798e-01,-1.337671677413204696e-01,5.352392956778417865e-01,4.670493085032354635e-02,4.241888736219530109e-01,4.504306726010274264e-01,6.389891289411152586e-01,6.670599159824003310e-01,7.579514347998054236e-01,1.497744963510294902e-01
7.176793021198124567e-01,2.600880261462248377e-01,9.991707424225424461e-01,4.805098156355105399e-01,3.129780252670056884e-01,6.182411518802923833e-01,2.180841583612604384e-01,0.000000000000000000e+00,4.915455714023780898e-01,7.065209544425460342e-01,3.253658100328845060e-01,6.642013341132551041e-01,7.893235879765458929e-01,9.054075448167202556e-01,7.219069339400938645e-01,8.407404886964685298e-02,5.083428368214912840e-01,7.013906380456461642e-01,7.096099681928754732e-01,9.540403635365252155e-01,5.978513384357571070e-01,4.121270959653771104e-01,3.922173333960933816e-01,5.884265150471287287e-01,2.007646750895386023e-01,5.825727054531233406e-01,6.870715242454286109e-01,6.559467285724079888e-01,4.001701951877683627e-01,3.805294041888669376e-01,2.764279630350902073e-01,2.535582175873038469e-01,6.046988970048662315e-01,5.932191513148619144e-01,4.230245512491491722e-01,4.706508994022477466e-01,4.286804166728270804e-01,7.475164726551049021e-01,7.980271766012108081e-01,3.128232853699714489e-01,7.730092055140931340e-01,1.369448885719612707e-01,5.345209816282403548e-01,2.380404995236100330e-01,9.101425864917482844e-01,9.289171899965641133e-02,6.780559123903301399e-01,7.005122997556374465e-01,3.863541537288200933e-01,3.982128318137317935e-01,6.611278122536935475e-01,3.649055282348763751e-01,6.432942125361957864e-01,3.632959262413809620e-01,4.740286581405477873e-01,6.794469631232105677e-02,3.193757538788570827e-01,5.194231434624737576e-01,2.163766471386951162e-01,7.848255732967033271e-01,5.424108610202950098e-01,4.762846597691566264e-01,4.609887192263621980e-01,9.259835459990006790e-01,8.651371479393605846e-01,2.271560861465145298e-01,7.784349066169066189e-01,4.722250796001197792e-01,4.719358014113843036e-01,4.280233616391104223e-01,4.954033014667464929e-01,7.670594860031083595e-01,5.075114756646704750e-01,5.298803659063273663e-01,4.003378958234791174e-01,4.853703547799423923e-01,2.754775310354128925e-01,4.977974927965631013e-01,6.857498206595092904e-01,4.593232094711476310e-01,2.784010533948803601e-01,6.803459042850211747e-01,3.880666269839193605e-01,2.986326193672659834e-01,7.687339795029952683e-01
4.391600781951418009e-01,5.852258409544883744e-01,7.115400965906870656e-01,9.248587902570746255e-01,5.080759381880527448e-01,7.922824495029618941e-01,-1.573127926906090213e-01,4.915455714023780898e-01,0.000000000000000000e+00,6.569746665344967651e-01,3.650138018097243142e-01,5.760036413948882439e-01,8.950199111778015526e-01,7.887326865414034938e-01,5.226175523265809142e-01,2.267065595323561333e-01,5.304150185105039883e-01,4.826323080537301413e-01,3.910111467918249151e-01,7.807213410972256851e-01,5.253940621640695863e-01,4.157269456335518920e-01,7.027377657009239442e-01,5.634913713757520037e-01,3.022253953932407811e-01,2.459823559912974189e-01,8.916830131053659070e-01,6.156757668482925050e-01,5.019621421570209518e-01,5.482079948798208591e-01,3.947675603622244900e-01,4.980721301240501608e-01,7.637731236405110868e-01,5.301421176134640811e-01,5.371776378954232767e-01,1.189426954259349516e-02,5.004541216584542651e-01,3.034443061926955232e-01,7.799816221980222508e-01,6.080314157181229140e-01,2.525024254922576539e-01,4.313554494797157135e-01,7.107611592111879872e-01,9.766970145407358750e-01,2.103551987825566516e-01,6.342053393642228531e-01,3.422284593995251756e-01,6.700369823456042706e-01,4.936336826796228761e-01,7.860073052207965372e-01,7.576933399752869835e-01,4.316655938027534889e-01,5.792250995157699478e-01,6.384160706324975010e-01,6.943639594752709643e-01,4.742359129196996315e-01,-1.653630599285281499e-01,4.299544394192287844e-01,9.519135047262389238e-01,4.172376483564452787e-01,4.522732689177318410e-01,7.113898256304056478e-01,4.637242673371198554e-01,6.695977751646978726e-01,6.863085822710257577e-01,-1.299755583986291485e-01,6.233129568996954584e-01,7.376165545507775700e-01,1.809416962687370456e-01,6.684426075308594895e-01,1.275570545436635617e-01,3.936511659986602907e-01,4.040481932594401360e-01,5.051098817439340083e-01,7.877383518666691842e-01,4.466360174615597312e-01,7.266073542389610562e-01,6.476441126258446479e-01,3.816372470905852188e-01,6.944222936238135524e-02,5.800919014856230627e-01,-1.458879230487369338e-01,6.637242515670938037e-01,6.146309258650994867e-01,6.778936705190701240e-01
9.988689093942346720e-01,3.648404176110511127e-02,7.309752770967499202e-01,7.115193053875720208e-01,2.472697375495531147e-01,8.576892950826663364e-01,5.458805892069389376e-01,7.065209544425460342e-01,6.569746665344967651e-01,0.000000000000000000e+00,7.146976882487218186e-01,9.629282244555712467e-01,2.975376444104351203e-01,5.172408442341220880e-01,6.545668280569608144e-02,6.888923769396978480e-01,7.339938796581908509e-01,4.376655839018364080e-01,4.940450446707941867e-01,7.311300997789434986e-01,6.945891390665321907e-01,6.499195082899507092e-01,3.901921827640493778e-01,3.074195275960898144e-01,7.236912044332484140e-01,-1.753927440906148938e-01,9.063352813845677591e-01,7.024560942047743950e-01,3.743285187904829003e-01,2.436433306146629230e-01,1.180379545187808105e-01,7.774114231432114330e-01,6.418850233684136875e-01,6.905843516238814317e-01,3.410626227538156585e-01,4.581563398644427632e-01,2.746165162808428817e-01,9.730805411793702620e-01,8.740375622447116299e-01,5.274123436526586550e-01,2.899467434527365772e-01,6.103051510476478203e-01,7.549983848032927325e-01,9.580433350549545368e-01,9.537187854744069160e-01,7.520846998265428018e-01,2.803316385914064179e-01,6.387322832413602214e-01,4.399064433123989204e-01,5.575972917487428404e-01,7.180845867184960651e-01,6.933059218949992886e-01,6.818756001264418831e-01,6.811511047233269611e-01,8.465686141037308543e-01,7.815331147525186317e-01,5.839518965155584551e-01,5.156612235468559513e-01,9.642911532570268562e-01,4.671893241862792312e-01,5.975185804341309748e-01,6.688666436341585975e-01,6.081610590507946501e-01,8.204321396872813477e-01,5.522818060751566449e-01,-5.287100037155575971e-02,5.691613453110140330e-01,3.766458099742810428e-01,7.054822927157482493e-01,4.382857526819832206e-01,2.386567045754140470e-01,6.004318231527318028e-01,2.332823563250499832e-01,3.195829392245185807e-01,3.438314539281626253e-02,4.988735361110174793e-01,6.009709867818441298e-01,6.392034651165621195e-01,6.947160979584993123e-01,2.600385002825418845e-01,2.611952125037515782e-02,5.505737154523294707e-01,6.585369393560362994e-01,1.504065072073679232e-02,9.772867596167821302e-01
6.039445323193217696e-01,8.663219331250228139e-01,8.947482610282584403e-01,8.964001608665616017e-01,7.464079384679895846e-01,6.963344553990543639e-01,5.969777742945159282e-01,3.253658100328845060e-01,3.650138018097243142e-01,7.146976882487218186e-01,0.000000000000000000e+00,4.247909744897560014e-01,8.447454679827568480e-01,5.108348478831498118e-01,7.997635755050144235e-01,9.038551044923832656e-01,8.983392941493646422e-01,6.985071070745514366e-01,4.277836102600178769e-01,6.050875517816656224e-01,6.442233713338787471e-01,6.017222615659394425e-01,4.324882352613423353e-01,2.512533908882272904e-01,6.544781741426155541e-01,8.585484956328385264e-01,8.277414500688908827e-01,6.874180653514936346e-01,1.097792812984806771e-01,1.005961995444544788e-01,3.959290540460115304e-01,5.404948578968563622e-01,5.172489540201342662e-01,7.353936592173732079e-01,5.258283658779975278e-01,2.200832687828083722e-01,7.160570955093639167e-01,2.212633611896539232e-01,9.848837826464630352e-01,5.757856547930505497e-01,4.636621549756804739e-01,6.916523890334497215e-01,5.215660976306309982e-01,3.332543614599827730e-01,9.759027243224512871e-01,6.025812930280265434e-01,7.482619673129611293e-01,5.207275228673092782e-01,3.961428399668784350e-01,6.773046293286613118e-01,5.417806805409823845e-01,6.120044606821014588e-01,5.095254235121067510e-02,5.575739550702047964e-01,9.613285434746170477e-01,7.814825993991516562e-01,7.121009796061928965e-01,7.920633766226083949e-01,7.241376421785465922e-01,9.658684614266875579e-02,1.901997550882268684e-01,7.044231954071237256e-01,7.950948640382606847e-01,9.020250447202982080e-01,8.429206495128322985e-01,6.595983287437354736e-01,6.614355123021223859e-01,4.298257548095714142e-01,5.564160149902119823e-01,8.587721419849940752e-01,8.662023640380859257e-01,5.166272795218244118e-01,2.578079519813414877e-01,6.669976944112407935e-01,7.691147928250975374e-01,9.003560854191556828e-01,7.799336535337677567e-01,4.193980494235970968e-01,2.382923261188120700e-01,1.197341327798350091e-01,6.699829413224129837e-01,2.917376780405953607e-01,6.469733921056216586e-01,2.231395404516212100e-01,9.777832997923122660e-01
9.858104700774386053e-01,6.727052215099978971e-01,8.780982776924169952e-01,6.184347545311923433e-01,6.191773175591396283e-01,9.502080102865578803e-01,1.432866676529482956e-02,6.642013341132551041e-01,5.760036413948882439e-01,9.629282244555712467e-01,4.247909744897560014e-01,0.000000000000000000e+00,5.618293962104622397e-01,7.711601497977403907e-01,4.842408155605525399e-01,5.369235729475742014e-01,6.984642187835158333e-01,6.895482581048126836e-01,5.070874550292278071e-01,2.989045516693762949e-01,6.195692228762065268e-01,5.108733000133216517e-01,3.304599447571243687e-01,8.754350128917713914e-01,7.873305087733974972e-01,7.407045902683805361e-01,7.603984992821424260e-01,5.518571463670826072e-01,5.669718528008825809e-01,2.163357662440545948e-01,4.382510430619830644e-02,6.662015774102899579e-01,8.484144734282236255e-01,4.991190154577808125e-01,3.313226456219570681e-01,6.667843856165245331e-01,5.849572432726701798e-02,6.177898465612676748e-01,9.672262021133605225e-01,6.962788158944466232e-01,4.402513735469011924e-01,4.324512328407954520e-01,3.185502781986841447e-01,9.956810537345309742e-01,9.477452135959575363e-01,4.298269743092347772e-01,4.295790632302451395e-01,6.118224379549492831e-01,6.385501081889544128e-01,6.660596174986276319e-01,4.359730707318084653e-01,9.677160376274231979e-01,6.339995659167732001e-01,2.696189888362422460e-01,3.021260347780782007e-01,2.790345222219495214e-01,2.934696096076478966e-01,9.956303859748664165e-01,5.644169191604049285e-01,7.358819804954022104e-01,5.325624078422261931e-01,6.205969737156856736e-01,5.206376236537952895e-01,9.875032503065575007e-01,7.714830450094816161e-01,2.761995974688421507e-01,7.226418895096515804e-01,8.854147295360851322e-01,5.603525444440811132e-01,8.506198230698900353e-01,2.725710667566119683e-01,5.635219013091093965e-01,5.264662175795861154e-01,5.679976617091125890e-01,2.502201414414127467e-01,4.033946115011558531e-01,7.095510318754877366e-01,3.672082998742031146e-01,8.715746107968080914e-01,7.841884719441761797e-01,4.498284682207250307e-01,4.308397302309857624e-01,7.055320747116566871e-01,4.678752676681844913e-01,6.324532372621477494e-01
6.000945773149758411e-01,6.801696822607653514e-01,8.125960994552396954e-01,4.496622744504802927e-01,5.893763009215647886e-01,8.815535250477413154e-01,2.637459321579223026e-01,7.893235879765458929e-01,8.950199111778015526e-01,2.975376444104351203e-01,8.447454679827568480e-01,5.618293962104622397e-01,0.000000000000000000e+00,8.513646719546784647e-01,4.623189934525186451e-01,8.702834111044956966e-01,5.821811233731539748e-01,8.630734096507918229e-01,6.452500096028274124e-01,2.504048374278725619e-01,6.477125852746913326e-01,6.541507938964605806e-01,7.377110877619352802e-01,6.801193632118007759e-01,2.049394119467796704e-01,4.749246816969643903e-01,4.541329226251810680e-01,5.045488345843894828e-01,6.037319096079034608e-01,7.353414086770146962e-01,-8.750935591720436502e-02,7.222159100615046512e-01,9.842773699985691849e-01,1.578888181127776624e-01,8.220711201865948947e-01,1.268171044843280360e-02,2.891240789355197238e-01,6.531481780197651021e-01,7.918544841229997466e-01,8.462105195792908319e-01,3.858579819809827560e-01,7.875939681690040661e-01,8.379740110201829850e-01,4.098412223670170329e-01,6.751642564857763817e-01,9.038606606026898804e-01,5.848656868136462572e-01,8.595911864035516992e-01,5.435971789218972949e-01,6.616861530503688194e-01,4.627859565286304711e-01,3.117150148928570230e-01,2.306267080210471776e-01,5.326014923572892634e-01,6.324975368715854973e-01,6.367175100255665354e-01,7.307946608725311988e-01,4.925447657108125155e-01,4.975348159729194863e-01,1.823421806051275518e-01,2.736078913078261454e-01,4.702588737518680340e-01,7.025030535587014624e-01,9.892848632356774363e-01,7.746826550362468922e-01,6.638199240250797217e-01,9.006629063666597990e-01,8.930371857413058612e-01,5.427997440936891405e-01,7.209419849012669301e-01,9.902741929199252446e-01,5.582425469128251549e-01,4.699904965053190442e-01,3.109797234623209450e-01,5.092865457032880183e-01,4.468711692170601046e-01,6.848638693720190407e-01,7.238934341140316198e-01,4.030290680049024576e-01,5.384372689708976090e-01,4.247569356394926832e-01,1.425361314876736479e-02,6.839010847708278940e-01,7.058699844741511686e-01,5.416387370585120653e-01
9.933911449075909506e-01,5.373126800532311842e-01,6.803540796371231325e-01,9.463428906134525587e-01,3.988618146244454765e-01,4.099108666528418765e-01,5.164517731277445262e-02,9.054075448167202556e-01,7.887326865414034938e-01,5.172408442341220880e-01,5.108348478831498118e-01,7.711601497977403907e-01,8.513646719546784647e-01,0.000000000000000000e+00,6.398515082240566754e-01,6.260896389657016892e-01,7.523641194680616984e-01,5.326069047308803484e-01,4.986187352206845613e-01,7.644643282920884353e-01,9.444267361022161689e-01,5.739729354871363487e-01,6.614772555086672057e-01,9.619151551868311278e-01,9.925713029040138247e-02,8.898094556574221992e-01,8.966318094769880620e-01,5.603035357201259226e-01,3.273880833744938768e-01,6.337202134056389990e-01,4.706562558959997977e-01,4.685588799397716886e-01,4.664035155566773616e-01,5.294294032752844270e-01,7.948989174627307808e-01,4.068206545472838886e-01,5.892253986679909517e-01,4.300997869843126709e-01,4.444919266516365042e-01,9.215875474865480310e-01,5.926996898641536671e-01,5.648560077853127526e-01,8.074246468545349664e-01,8.263810239794645573e-01,7.276689720447711007e-01,9.009190973519980439e-01,6.215647479812661524e-01,8.169864843202390148e-01,4.427211993666750334e-01,5.777195860196737698e-01,7.370906577943669991e-01,4.750979473011691934e-02,6.820824393115207940e-01,7.862133719573887181e-01,7.994837567205783646e-01,6.760015735529473213e-01,6.641999194725731748e-01,7.397614019241537386e-01,6.018643453666000509e-01,4.586768244891751278e-01,4.053873678062662744e-01,6.549460774250583928e-01,4.807165001631497417e-03,4.876532961053824389e-01,6.383368939183341473e-01,7.848985986019945127e-01,7.135738435864353857e-01,6.004554257988135024e-01,3.925411202041259040e-01,2.847907060192857998e-01,5.175131404079504893e-01,4.387905960179890041e-02,2.011842443005327358e-02,6.661122219591364413e-01,5.025552143453534404e-01,8.666863868588015052e-01,9.238217840843258033e-01,8.456470530101619643e-01,2.093128090184754320e-01,4.958176586006612929e-01,6.204476790255696317e-01,6.801031620056142701e-01,5.986929522246184909e-01,2.641058306331705574e-01,8.125005179617054152e-01
6.472245764524355849e-01,4.290613457286486798e-01,6.204485714638074967e-01,3.829571216367622100e-01,-3.285582483420925737e-01,4.871776868927055193e-01,3.033317484929363289e-02,7.219069339400938645e-01,5.226175523265809142e-01,6.545668280569608144e-02,7.997635755050144235e-01,4.842408155605525399e-01,4.623189934525186451e-01,6.398515082240566754e-01,0.000000000000000000e+00,5.358237898350181050e-01,6.456525807990486365e-01,8.327567643471561754e-01,9.488822943417877243e-01,5.099251296906417430e-01,8.171605731961115726e-01,6.972428512877961726e-01,5.905699167318353426e-01,6.887686504653920405e-01,7.112534755839361456e-01,7.874512406446282364e-01,7.132822853930396167e-01,4.388975670722700673e-01,4.295872956647792673e-01,5.232946579805854981e-01,-1.500112549166245368e-01,9.987966597243748135e-01,7.138166758071735618e-01,5.941288451508017765e-01,6.922151652961472390e-01,3.123873395973255640e-01,3.176039650134863113e-01,3.934635157687943474e-01,7.193830819412828648e-01,6.719870879968512511e-01,3.984252146601308664e-01,7.012682368628229135e-01,6.167111874483475198e-01,7.472264356428526266e-01,6.984873495613670435e-01,7.252896773300154809e-01,5.595914286914265290e-01,9.958065985725849112e-01,4.774365609741784144e-01,1.321634979141392552e-01,4.427903748724317801e-01,7.163216829908795047e-01,5.687759618568050124e-01,7.514350759405075131e-01,3.789378154164324553e-01,7.552161677940633089e-01,7.871175629435867016e-01,-1.450475894809006294e-01,7.005806297023301488e-01,5.766738454720311546e-01,1.913608219569091495e-01,5.753396484158451729e-01,5.907783084099399451e-01,9.779397402581282428e-01,9.054860557476177574e-01,2.374078653564876684e-01,5.155040919120897902e-01,7.584668503009375229e-01,5.323149090173642239e-01,8.385342400704468568e-01,8.022278180781843293e-01,7.373327088637110505e-01,7.929542385000057925e-01,5.477494780659621920e-01,9.836726991869676473e-02,1.086212767098303361e-01,7.379347661202799724e-01,3.061112246364759426e-01,5.104834853992022969e-01,1.271987908487560437e-01,6.558656662737822884e-01,8.293927384738897235e-02,7.703906122591893668e-01,3.290345142823216662e-01,5.761765833859774366e-01
5.212874126365546479e-01,3.305827794358283667e-01,4.662514079737652972e-01,5.103210565923949060e-01,8.582008778134173621e-01,8.505233797726408085e-01,4.031099321508080924e-01,8.407404886964685298e-02,2.267065595323561333e-01,6.888923769396978480e-01,9.038551044923832656e-01,5.369235729475742014e-01,8.702834111044956966e-01,6.260896389657016892e-01,5.358237898350181050e-01,0.000000000000000000e+00,8.245774882477227008e-01,4.559897239498463817e-01,4.512484074780054866e-01,5.711215145785030201e-01,5.923845076731861781e-01,1.121839641999922144e-01,4.963871660413436415e-01,7.073225598073583642e-01,5.328003664936011852e-01,7.498345510639687905e-01,8.356752090527503896e-01,5.133634448823590768e-01,2.687328338571891018e-01,3.895844249120038461e-01,-1.400406070321677243e-01,7.340093897110122612e-01,7.566339133647816961e-01,7.255965555849624993e-01,4.685039792493896904e-01,4.822806810658116783e-01,4.443085263879059110e-01,6.020800494557844162e-01,8.249865104711537889e-01,6.554601595296776217e-01,5.209296335536721667e-01,5.138979712345201900e-01,8.481379002696293190e-01,4.294070442596582549e-01,8.692066900247503725e-01,9.285447606416848965e-01,7.354042984944653139e-01,5.308114108225421568e-02,2.472783502051320303e-01,3.713561045880668932e-01,4.359732658400435334e-01,7.964496748823728378e-01,3.047485526329107852e-01,4.321770743615163668e-01,7.227533942306663128e-01,7.678710323691145812e-01,7.536036566412610549e-01,3.699711089931598945e-02,4.723483531966580773e-01,-8.832827566983227074e-02,5.092363845376582931e-01,7.553781440348619203e-01,7.897214901077769245e-01,7.429463517772187942e-01,5.657201853315696471e-01,9.169360578832789210e-01,5.852440100242509713e-01,9.958316315848810829e-01,6.977143522564648315e-01,8.419968356855522806e-01,8.247960030359520189e-01,5.687924531338885981e-01,4.828677575458024951e-02,2.538047302546506678e-01,4.369303577700011099e-01,2.683844338814052044e-01,9.703757837477537951e-01,4.727963794597219715e-01,4.999935759175810901e-01,4.260698639286957662e-02,8.965892771483963131e-01,7.437021272694883667e-01,7.336449903021269314e-01,4.094146407753481709e-01,5.514276793691117451e-01
9.898634475585958992e-01,6.519168424292789421e-01,7.985081004256728843e-01,8.694775076911078759e-01,9.458288049569052447e-01,9.912308196891949086e-01,3.887504248857042155e-01,5.083428368214912840e-01,5.304150185105039883e-01,7.339938796581908509e-01,8.983392941493646422e-01,6.984642187835158333e-01,5.821811233731539748e-01,7.523641194680616984e-01,6.456525807990486365e-01,8.245774882477227008e-01,0.000000000000000000e+00,4.103358053415027129e-01,7.766799439539150418e-01,7.229518628897717569e-01,8.939451459941256672e-01,6.308968828682360863e-01,5.404954663319472274e-01,6.653881749023469183e-01,3.816609432862401174e-01,2.977267034087332509e-01,9.958007347179130830e-01,5.286475197451363517e-01,4.103126525875288033e-01,3.056450864132729262e-01,5.190319566242324045e-01,7.730760695529329540e-01,2.717898481561453194e-01,9.882119725024861578e-01,7.166392678331637844e-01,2.312513086682684571e-01,5.231681802782960355e-01,6.745349531055271353e-01,9.989149836515573977e-01,7.181281750831781663e-01,1.797638660047403414e-01,9.708566013153037133e-01,9.100721892897831733e-01,1.218381316650793134e-01,6.684793551342859130e-01,5.948111369042197172e-01,6.928687291954956917e-01,9.794115359696008438e-01,2.258268483461547405e-01,4.778988315862038871e-01,4.323774330576702352e-01,6.288366313407039998e-01,5.395873360803056240e-01,9.938325307251568708e-01,-7.256540124707180905e-02,3.504033058426097580e-01,6.113832622648620596e-01,3.599326524637481706e-01,8.035871513945356259e-01,6.579718516589232458e-01,1.691831996531730775e-01,7.507303903264375133e-01,6.577928723646306874e-01,9.752230070509343429e-01,3.119348638783016603e-01,6.600101467820989054e-01,8.676512200178391199e-01,7.604419801017778813e-01,3.311469717367416798e-01,6.983944668420547508e-01,7.623176152545932949e-01,9.645299802755550322e-01,6.676614577113089144e-01,1.543852299727127564e-01,7.617044280102469589e-01,7.472165884084477350e-01,5.789273117955597847e-01,4.063121721444806211e-01,5.789992556717072913e-01,2.146097677284068139e-01,2.707179399371777428e-01,6.460738947285893374e-01,5.712137713868729039e-01,5.258509599409304514e-01,5.868695176073386310e-01
5.997136678105033925e-01,5.795852604864263347e-01,6.215164860763430221e-01,7.932424249172791431e-01,2.343491318085536013e-01,5.548383605000012375e-01,7.264396839314770649e-01,7.013906380456461642e-01,4.826323080537301413e-01,4.376655839018364080e-01,6.985071070745514366e-01,6.895482581048126836e-01,8.630734096507918229e-01,5.326069047308803484e-01,8.327567643471561754e-01,4.559897239498463817e-01,4.103358053415027129e-01,0.000000000000000000e+00,7.274388046306946576e-01,2.763403149746689880e-01,9.944060644705265961e-01,3.565242676679343248e-01,8.708509871540871528e-01,8.169941932832037734e-01,3.337283637975788642e-01,9.734252692518725603e-01,9.834560089202536437e-01,8.594955718131505051e-01,6.660598141140832151e-01,-8.107760330471314170e-02,1.502374658868638468e-01,-9.623059532654981707e-02,8.334480562358874689e-01,5.153125463451166954e-01,3.377685695447667502e-01,6.000639815017705381e-01,7.571590639110337140e-02,2.782099244082559264e-01,7.207219110696037045e-01,5.850719915734028387e-01,2.658355506945894176e-01,6.117139004198597352e-01,1.248024856814443084e-01,6.020627430482108355e-01,7.304815990580315610e-01,6.071214115942275003e-01,9.460868119676882904e-01,8.669961137805314300e-01,7.165757848256464058e-02,-1.624929576894614536e-01,2.107053437143723007e-01,4.528451736682848616e-01,9.389376897861749782e-01,6.451122269529713238e-01,7.757180443237281509e-01,2.359475296984114845e-02,7.277843120937005361e-01,6.641738847466702733e-01,7.169990782286026487e-01,4.334955364997665206e-01,5.418488241872077005e-01,5.093561581203585042e-01,5.292699759753748401e-01,4.357463259871166561e-01,6.698619029836494487e-01,8.431068922860772696e-01,9.634156401705600281e-01,7.127454256944465438e-01,9.455876614012608261e-01,6.940218610300615820e-01,7.808369495427283091e-01,6.589996794733895547e-01,8.830954264890311309e-03,-1.068998549405663634e-01,7.958775763109997570e-01,5.673281266534950795e-01,6.354278868987116580e-01,4.268811671444516787e-01,9.703484766962644503e-02,2.272803451405674136e-01,4.248011665328944586e-01,7.718447426137619027e-01,6.261812216022401012e-01,4.414596866656615437e-01,9.604399961567899879e-01
