0.000000000000000000e+00,7.550620458927843615e-01,7.014332966770029376e-01,5.139939080289656070e-01,9.721263357802052418e-01,6.558175599098658992e-01,7.257891445142685694e-01,7.679337410333465508e-01,4.987138848452427053e-01,9.174222029116517740e-01,6.966578149969232525e-01,6.236613662979588746e-01,7.876295539953316327e-01,8.268809589616942235e-01,6.479237347568735927e-01,9.094669158560824140e-01,9.549612623654074595e-01,6.728623397685685736e-01,8.511941909088704961e-01,8.308645840616255551e-01,9.470830562621772586e-01,9.530786180395069973e-01,1.307037807695375087e-01,6.503567714248019715e-01,9.776482295781507847e-01,3.193168862110755124e-01,4.853036133999479862e-01,4.987315020783198438e-01,4.214347112194447714e-02,-1.309027467450355475e-01,2.707395374913875719e-01,6.542895335638651000e-01,7.508134810174309504e-01,4.316361575066973710e-01,5.429977827179919281e-01,5.806005948175027020e-01,8.946082873623480147e-02,8.722017735668246008e-01,4.246024751721775292e-01,8.267994950272317123e-01,3.376560428329610786e-01,8.769725155630845315e-01,7.094759715832072988e-01,7.305546109112498465e-01,6.549968891373876279e-01,9.740717763126924833e-01,2.430043374620620977e-01,2.968156186503125848e-01,7.172651963693043031e-01,9.198875420225203214e-01,7.480256784952207250e-01,9.618220110496885633e-01,5.134638835508330557e-01,6.301150782726417932e-01,4.887094742945068404e-01,5.561440950698487429e-01,6.347094168021208960e-01,8.904834940210438754e-01,8.879830581820080670e-01,4.863250659566840106e-01,2.027147533080286279e-01,6.052035759050612418e-01,7.107696887353712745e-01,7.901340863714126916e-01,9.742222855409796711e-01,6.844030750010778874e-01,9.949756255945036987e-01,6.200964006057265721e-01,7.983983512992478548e-01,9.218665000356524031e-01,4.909244988827542455e-01,6.917223000874663796e-01,2.902605053627950737e-01,6.382321900247067692e-01,8.917414984661315991e-01,9.400017994688059098e-01,9.784899396962398743e-01,9.130381650448299302e-01,5.445959610376528426e-01,3.530192127126036139e-01,9.597050613100835958e-01,8.105041685422561537e-01,6.082250363486911837e-01,-1.281815444180818275e-01,6.212020534743655231e-01
7.550620458927843615e-01,0.000000000000000000e+00,2.197806947979127901e-01,9.162017206337597086e-01,9.479236883983516160e-01,6.054025582528996807e-01,6.810288664174468654e-01,7.884530883145525193e-01,7.132553841210090839e-01,8.754761077805579550e-01,9.594435052321161894e-01,9.082508563850943961e-01,3.073449748503165879e-01,8.347621531387918736e-01,8.879839544666310314e-01,5.157966123108702616e-01,2.319658687720596579e-01,7.929425884819195636e-01,1.034488322363915913e-01,8.718716548601594951e-01,9.105625053391175339e-01,5.571528351860619566e-01,4.925101032571150839e-01,2.151023536361987842e-01,4.593672220402206241e-01,1.107038193628794298e-01,4.297055233040419364e-01,2.438311862589933321e-01,5.021637895716000166e-01,4.782649416847143953e-01,3.599095149744618860e-01,5.609943146042848383e-01,3.308641226637222821e-01,7.710424933015508353e-01,3.602568725903204649e-01,3.021531134984285494e-01,3.816781568034464667e-01,6.470374224122354967e-01,5.112038398497231739e-01,7.104000116460162939e-01,4.553727283360693989e-01,5.116675462091834214e-01,7.169017237680859189e-01,7.862251170503127273e-01,9.883300432293395943e-01,7.873922384054093948e-01,6.947272879627821585e-01,4.364735407863807870e-01,2.459150752683343655e-01,9.995128769615515552e-01,7.411524033366101438e-01,1.747376935637676154e-01,6.396429142642030552e-01,5.744174203705930681e-01,6.756619659499389918e-01,4.943289026955119958e-01,6.174877027784516637e-01,9.007550153598280485e-01,6.678291606161571581e-01,6.207771468286107375e-01,4.913137644247135283e-01,5.382784568149159288e-01,8.881168812474571350e-01,8.233173834397602420e-01,4.676833680681256045e-01,2.044821068767549155e-01,1.137010607595936584e-01,7.499594287536105464e-01,3.781903216192845085e-01,6.742020391945905411e-01,6.931510342929607660e-01,4.197585764785838336e-01,5.657768767188817716e-01,3.437584223567615727e-01,3.042365261370409968e-01,8.766134039634883024e-01,4.783030582918613161e-01,2.871369633497776186e-01,4.721441808542641838e-01,2.082673332391895282e-01,3.838691700769969462e-01,6.626131672384266702e-01,9.050145963439701902e-01,5.061149322732126921e-01,4.100923900119035070e-01
7.014332966770029376e-01,2.197806947979127901e-01,0.000000000000000000e+00,6.389443350462605808e-01,7.382131924603342332e-01,3.681011964702706751e-01,9.818308962614480384e-01,5.257267285718546512e-01,8.642988974456889961e-01,9.000531341327180357e-01,8.178232913420324657e-01,5.767221221929667019e-01,7.805877182519255220e-01,8.508777212325177031e-01,4.322010944695994228e-01,2.226472480331768700e-01,6.348999561857411322e-01,9.509677483137232157e-01,9.423017838912051136e-01,6.126777633953075508e-01,2.166183581592924234e-01,6.832193396245817008e-01,9.834809821531764751e-01,5.276470774483255077e-01,7.312696468081391066e-01,9.002491872441560350e-01,7.336554490052880073e-01,9.329079077143286325e-01,-8.451704269880508380e-02,5.242289296216744443e-01,5.827349912754620220e-01,5.938261982364504421e-01,6.389573768480538707e-01,6.351908136345488787e-01,6.472121580046028555e-01,3.975558649923300880e-01,4.013553053940410731e-01,5.196279853201817289e-01,6.111002834434677844e-01,6.009688664932859581e-01,7.735236593545700146e-01,9.733174564178936894e-01,8.957764897133267956e-01,7.639179341456570072e-01,8.907526002026980860e-01,8.726082012803827448e-01,7.849954685790796471e-01,6.178973142598667145e-01,6.842035606903027478e-01,7.438344138362320557e-01,7.982633503068741199e-01,6.381249587183673855e-01,9.774441580454445999e-01,6.739893046151995692e-01,9.068043113272827860e-01,6.906371827547641562e-01,6.988498809835531622e-01,9.185366384112576554e-01,3.323255204567058807e-01,6.771555761915251104e-01,1.001522879805163448e-02,8.733798197714046641e-01,7.874586114768182821e-01,7.850801083587768403e-01,7.490284679775420784e-01,8.249898747409311062e-01,9.043492582880237052e-01,6.737900596307110357e-01,7.503256043230481787e-01,4.284539550008370501e-01,4.615892384803054194e-01,7.356879482925587910e-01,7.135052055462627330e-01,1.179501698019902456e-01,8.593530299394414040e-01,2.658412157157315492e-01,9.918111670234672772e-01,7.101684485593526830e-01,-2.253174801241264458e-02,3.680052968584525130e-01,6.718076578784305530e-01,9.221279588527214743e-01,9.862426520561605736e-01,6.322223668694680887e-01,7.451056448671394827e-01
5.139939080289656070e-01,9.162017206337597086e-01,6.389443350462605808e-01,0.000000000000000000e+00,7.387832528699140866e-01,7.045161484656752293e-01,1.595804155171191563e-01,7.192377519408070519e-02,8.949967648408063692e-02,9.105352946995766139e-01,8.550570726530513088e-01,3.975851867256187666e-01,7.319360336148903468e-01,9.431835069979024322e-01,9.125828346660751489e-01,4.611244096220995514e-01,7.999590730905896674e-01,7.446027090035917118e-01,9.794162513379401913e-01,8.360566422326882741e-01,8.916828965617210612e-01,5.461989274061972433e-01,9.796720413998316612e-01,9.468749610799754857e-01,4.703591591202781474e-01,5.772619574598591985e-01,7.987358548266971781e-01,7.996611335154715228e-01,5.373061509239561717e-01,2.333782897352434660e-01,3.781742729307682183e-01,7.191648652129545294e-01,3.539659543750222070e-01,7.009717747259953669e-01,5.809593823574248361e-01,4.396738031276242048e-02,-3.699506697533793131e-01,7.116523216103125549e-01,7.888035554965358020e-01,7.682766070054850571e-01,4.230116889256029244e-01,4.541307993252010067e-01,9.540463662430895830e-01,5.960817935956199687e-01,8.422358602616275558e-01,7.489919621526712756e-01,2.176579445184639860e-01,8.287091042424375997e-01,3.532259376007974572e-01,7.963987274107596770e-01,7.712414464761843114e-01,3.712469860674391109e-01,6.168006174586553314e-01,5.214985380912624535e-01,6.791997289417028849e-01,4.260583827991533679e-01,7.271489383153352248e-01,7.310450010344440308e-01,4.428400517437870998e-01,7.405226949632356392e-01,1.446271373273033400e-01,8.886505598632996605e-01,7.060817117560147516e-01,9.742478865736524662e-01,6.305033035259599572e-01,7.927453547251158694e-01,6.688978398844793727e-01,5.705805644994026427e-01,8.909578038966398106e-01,6.415127550770645115e-01,6.494146041488334520e-01,5.961605887576691964e-01,3.961054414304745475e-01,-7.050812306646697669e-03,6.929770229819489646e-01,9.964905746771788309e-01,7.657378260159667382e-01,4.600040750184926641e-01,1.096922517906481487e-01,3.903404741804192835e-01,7.112465777221167462e-01,8.688075427188683975e-01,4.984863865013955397e-01,2.592077275733434827e-01,8.469810026654371882e-01
9.721263357802052418e-01,9.479236883983516160e-01,7.382131924603342332e-01,7.387832528699140866e-01,0.000000000000000000e+00,8.988726738397506688e-01,4.365531008041836913e-02,6.489848016782651108e-01,3.019145231129238272e-01,7.418646304410583259e-01,5.760645705416044260e-01,6.460698979955165067e-01,6.397378300475977664e-01,3.279256033134542170e-01,7.699787762269042490e-01,7.713769605885929526e-01,5.886869023820872071e-01,7.610651788780601334e-01,4.020880592664257680e-01,8.027652016954348602e-01,4.508044826962691043e-01,4.615148106101226166e-01,4.496016896190461742e-01,8.545974648400966878e-01,4.031575654478825044e-01,7.477939572846257210e-01,7.820863995596342155e-01,9.619911546435506722e-01,2.549369520190571947e-01,2.399795987089300975e-01,4.998598526367743489e-01,7.743085680867518583e-01,9.184116652104605816e-01,6.473061825149304394e-01,3.353552672672754920e-01,2.304811867715280682e-01,2.530451316658512972e-01,7.073448617356473678e-01,5.151808320561727106e-01,4.912617096091140279e-01,4.821574828228869514e-01,6.568887009346771055e-01,9.063536429651906090e-01,7.865475541462200182e-01,9.395015582786694353e-01,5.132505443295897196e-01,5.612972856628091201e-01,4.996237230820581576e-01,6.426415732833234973e-01,9.458166717763297759e-01,5.379123432872617849e-01,6.027638570530806650e-01,4.155956344794351498e-01,9.410600241874207406e-01,9.814240668565765713e-01,4.716909733687076334e-01,6.939177542585928116e-01,-8.030858261580692270e-02,3.174311798962158315e-01,2.395035720645960486e-01,4.887639043140719619e-01,6.052976736984685413e-01,6.776635843854326158e-01,9.620327373469756971e-01,9.157936307234864071e-01,5.962437870471177792e-01,4.098584472009596524e-01,5.687430095712873168e-01,2.642537223536234881e-01,2.847910466092565818e-01,8.178120513917428447e-01,6.319899520907925616e-01,5.469146432759370846e-01,7.952342899332985882e-01,6.675392282401116928e-01,6.491990480882742220e-01,7.522066975349109841e-01,4.173427547449971575e-01,2.953712196695337244e-01,3.399643139125237412e-01,3.176351672654836866e-01,6.037685760556854575e-01,3.645076857879606669e-01,2.899519262515657392e-01,7.505927711562757620e-01
6.558175599098658992e-01,6.054025582528996807e-01,3.681011964702706751e-01,7.045161484656752293e-01,8.988726738397506688e-01,0.000000000000000000e+00,4.417980894671266201e-01,6.803217044495040167e-01,2.590401833218247130e-01,8.224759612038173850e-01,3.894999318915082220e-01,9.428265584410706612e-01,6.734935497586119757e-01,5.003022158445775691e-01,6.254219098451256897e-01,8.607130794061623735e-01,7.326723829638994712e-01,5.221988031389115381e-01,6.971093958995180362e-01,4.686279061991964201e-01,6.807847515621041623e-01,5.248610672483906836e-02,6.418080546052983282e-01,4.163736376448162191e-01,7.539082155550125286e-01,2.219920959147979600e-01,7.473401692650952222e-02,6.119339514935497881e-01,7.816640234858948100e-01,2.175069911235990305e-01,2.674200225048842805e-01,5.687789725378664812e-02,4.669501948750794940e-01,8.243922494898856534e-01,3.919355188232568898e-01,2.707461068939294169e-01,2.015279326804954307e-01,1.126955667524413007e-01,7.386288689027993293e-01,8.412188945124079442e-01,3.685119073183952265e-01,4.358470412772339486e-01,5.611807122698351247e-01,9.803333346788901670e-01,5.974041151423409302e-01,7.345473138240280475e-01,7.482594478332397214e-01,6.619148246896919829e-01,4.658755795735516347e-01,3.674689450350809850e-01,7.190493376809192760e-01,5.024307932318391456e-01,5.999575596143498224e-01,6.172434504532291477e-01,6.116359496827660225e-01,6.396086965730016782e-01,4.534275750995886978e-01,9.174863448579232417e-01,9.538312430526644237e-01,1.403821768714205720e-01,6.452576182468668931e-01,5.425173995380869751e-01,5.678494257040543891e-01,9.965138915394563535e-01,7.628391994209967608e-01,7.386749859566893450e-01,5.293336551932746881e-01,6.522435232874240763e-01,3.030749133921866734e-01,1.336354963313533539e-01,9.378874037257197704e-01,2.796817098777574229e-01,4.607150213733188227e-01,4.235409091845492857e-01,3.872656277907475797e-01,6.934749170545335684e-01,4.046864924704393629e-01,3.167269963296870383e-01,-2.519561142168272871e-01,3.044110516211824269e-01,2.276648185984362083e-01,5.108039500262857580e-01,5.444893679222767569e-01,1.376549257937089744e-02,4.368877971628538637e-01
7.257891445142685694e-01,6.810288664174468654e-01,9.818308962614480384e-01,1.595804155171191563e-01,4.365531008041836913e-02,4.417980894671266201e-01,0.000000000000000000e+00,4.014431578944835932e-01,5.841498594619645157e-01,5.249824997245693403e-01,3.062758378736243348e-01,3.099608944288849699e-01,6.366574692332513941e-01,4.998102875438982795e-01,5.748285905516963279e-01,6.807993515151906649e-01,8.715515031382726763e-01,7.738156412036578669e-01,5.432889492502905870e-01,4.015223539716147316e-01,3.580419212826428943e-01,5.622388163944092021e-01,2.651732934695433253e-01,6.241742342568038504e-01,5.473215154614550215e-01,3.194077471088947462e-01,5.235363105339224665e-01,6.162972833795556937e-01,2.854216434979035544e-01,5.099857774697329482e-01,1.582872634927953992e-01,5.922994119720079720e-01,4.226680852470133809e-01,7.035415386724033215e-01,2.652072532781258873e-01,5.839654086649366249e-01,5.564731133427980314e-01,2.304319416714675772e-01,8.034572325634612433e-01,5.036832290172021942e-01,4.358396720514625122e-01,4.453088905024106259e-01,6.954522146085515555e-01,4.243427090772212695e-01,5.841900500206858027e-01,5.214203297526061043e-01,4.085022034733207796e-01,3.901525663130193111e-01,4.645848307241190467e-01,4.784543359093877402e-01,2.190685700040539696e-01,1.112127819620534197e-01,2.896626879268817678e-01,6.844130099907506093e-01,7.010899111763374547e-01,7.106979079494609719e-01,7.932795003603669848e-01,7.694921403077126763e-03,6.652711058358147245e-01,3.579767409318619642e-02,7.087983095152203816e-01,4.156972821131025286e-01,7.012657237458321813e-01,9.655471792026922850e-01,3.376433365637191431e-01,3.056124093624056348e-01,6.020477346447349332e-01,6.665868888997698027e-01,4.476867851654607322e-01,4.751336054715822321e-01,3.987403221792462649e-01,4.016085115923626048e-01,5.203464330284320871e-01,3.369048325845304115e-01,7.090238757562252747e-01,4.683493862282219200e-01,1.880451019020265013e-01,6.888758822303548968e-01,5.553768551946959287e-01,5.593618165637155304e-01,4.354061932270674173e-01,6.995956602948231184e-01,4.930285237297106216e-01,-1.955806165799016672e-01,3.583717139083583136e-01
7.679337410333465508e-01,7.884530883145525193e-01,5.257267285718546512e-01,7.192377519408070519e-02,6.489848016782651108e-01,6.803217044495040167e-01,4.014431578944835932e-01,0.000000000000000000e+00,9.170354061352800068e-01,2.043167580173210207e-01,3.078929004081508158e-01,4.686696615838544799e-01,6.869405071875755997e-01,3.347746121501423699e-01,4.146332386469749887e-01,7.461406611710403869e-01,6.825769456458388174e-01,4.707669569714034719e-01,3.578766416909147652e-01,6.123281335761675548e-01,5.248961329766445028e-01,3.862675647100596299e-01,7.747732390848722783e-01,2.108380718922057140e-01,7.048349775850111243e-01,4.030135937113148437e-01,5.991316429711008862e-01,5.145229716707563350e-01,-9.449727809036906345e-02,6.886246273220016922e-01,4.316982722244526172e-01,7.537045752419913036e-01,8.875598199497065632e-01,1.153751075233611090e-02,6.889833263001061692e-01,3.001309280952875747e-01,1.535528551701803579e-01,1.349503455640915783e-01,8.424187619502802038e-01,-1.398819135583232176e-01,4.656306061879451064e-01,4.891094907436130956e-01,6.510833000579312468e-01,6.467314489590062498e-01,8.494611452677114372e-01,5.105975204599121353e-01,7.504635816621882949e-01,4.934800779780473823e-01,5.429067370484775834e-01,5.590323516520740998e-01,7.921282419452280177e-01,7.833604608253273704e-02,7.853076495467118390e-01,4.030925618030664070e-01,3.084210996116010794e-01,6.551441536606876781e-01,2.614615392875784816e-01,6.914244422812002022e-02,9.306764759420256272e-01,6.469561819135938308e-01,2.317347811372682531e-01,6.676828004372855618e-01,5.210672634098014733e-01,4.555165742075524271e-01,6.646179259140631013e-01,7.569708031744692978e-01,6.562231549487544946e-01,6.906388809742493029e-01,5.635839754467025786e-01,2.738331540254513308e-01,3.027044107823213537e-01,7.108729193569280902e-01,5.291803519287663349e-01,6.155862649641654638e-01,4.928562453980581126e-01,5.355415629200295236e-01,3.838545217425765044e-01,3.520525171257622432e-01,8.939504428103746403e-02,3.794414742103484617e-01,7.647739147339176480e-01,4.326132447451179752e-01,4.561055865959776634e-01,4.556208159224989784e-01,5.903142079692803579e-01
4.987138848452427053e-01,7.132553841210090839e-01,8.642988974456889961e-01,8.949967648408063692e-02,3.019145231129238272e-01,2.590401833218247130e-01,5.841498594619645157e-01,9.170354061352800068e-01,0.000000000000000000e+00,4.387408983453048306e-01,4.415920774254841752e-01,4.734222541328509948e-01,3.592044385937250839e-01,5.931010185944343149e-01,5.510833693454719739e-01,5.333155079264614296e-01,2.472443957163069084e-01,8.276286558036132224e-01,5.996175728044905728e-01,2.974281244924177892e-01,9.313088217970935112e-01,5.511767376818061948e-01,1.221952661710118959e-01,6.503772589348795208e-01,5.263249411000118227e-01,9.094309439010557217e-01,9.584144298033178133e-01,5.852766667031746861e-01,4.848913804329256783e-01,6.003596164474430674e-01,4.642825226166334973e-01,6.400682135820839891e-01,3.733906610324857489e-01,6.474781702566854147e-01,7.162344535676071766e-01,4.215967626002336544e-01,2.529555893191833826e-01,8.977603080707577954e-01,7.616130778501080112e-01,6.552887292000622033e-01,4.842715924995550925e-01,4.761876748934799619e-01,6.479498824302977189e-01,7.164702614844378203e-01,4.131045437012010879e-01,6.715814209966080028e-01,7.293120229743383920e-01,4.742859583872671148e-01,4.395133380504281928e-01,4.652565804806998440e-01,2.660845191291877909e-01,2.539129583297128345e-02,9.531069146763030409e-01,6.098503804224411073e-01,6.307243827072139819e-01,1.397610974951648266e-01,6.664205790060832024e-01,8.733689537091258170e-01,7.659916144530606319e-01,8.642386717430501353e-01,5.165281600681578267e-01,7.142550185006503183e-01,7.733571081950980641e-01,4.211743313581703396e-01,9.922439025186069461e-01,2.334378113848382952e-01,3.243389772123976833e-01,9.807012068086095047e-01,5.401460231763627329e-01,4.272309476673005202e-01,8.185675503650448048e-01,6.109942354876929382e-01,4.167204146077936322e-01,6.224639125154608488e-01,5.047895520668419650e-02,4.969469202849296496e-01,7.190133596121242032e-01,4.747553694580491368e-01,3.283599835240133546e-01,2.975301660857923025e-01,4.124146795261097176e-01,1.763399639423771648e-01,6.429934982547124145e-01,6.397823610270596539e-01,5.121650212125162804e-01
9.174222029116517740e-01,8.754761077805579550e-01,9.000531341327180357e-01,9.105352946995766139e-01,7.418646304410583259e-01,8.224759612038173850e-01,5.249824997245693403e-01,2.043167580173210207e-01,4.387408983453048306e-01,0.000000000000000000e+00,6.308828570679533287e-01,3.493302632913670713e-01,2.467320124886074884e-01,5.126464289407551833e-01,7.714777807308695889e-01,8.207208203095983645e-01,2.988854640893838788e-01,8.809402210350842921e-01,7.933403384412718307e-01,7.870241450750250500e-01,7.655888567942863432e-01,7.804492003607519379e-01,6.149056396713797890e-01,9.855783199331854538e-01,5.313559209275785511e-01,9.163531287711892404e-01,8.179292450923593139e-01,9.661910393738262215e-01,3.978367380267440190e-01,7.055960514137263329e-02,3.407703244514400653e-01,7.186261341090206534e-01,6.854179311739555525e-01,2.901142684604199884e-01,4.755581572827429215e-01,5.209427213471324869e-01,5.973133312916505400e-01,5.633758660296133147e-01,6.002749257355805002e-01,5.996826178380505468e-01,1.231213011875553209e-01,7.031195934386225144e-01,9.267188936812720268e-01,9.090263648450226386e-01,9.535774117238715597e-01,6.286382684791450570e-01,5.621234771541776531e-01,4.899738584758932536e-01,7.797426888433129921e-01,2.902694272827992528e-01,1.119777090424427107e-01,4.668340474252030692e-01,9.613895756911710055e-01,2.812814194372147414e-01,7.153866695122124142e-01,8.801881796847196293e-01,6.361681890621512236e-01,4.501544927314053424e-01,6.574431749131334213e-01,4.011542949139038083e-01,2.991798211535806606e-01,7.509349527778301781e-01,9.866999208736936255e-01,8.489215098182708585e-01,6.689531472182428384e-01,9.846889119265547219e-01,9.863666102001974467e-01,3.017898114045052815e-01,3.653735923248574435e-01,5.220648673353847080e-01,8.384147409430240394e-01,7.677724022398297876e-01,4.719562853881625331e-01,4.691851784375092316e-01,2.247965520444128174e-01,7.129534687515213243e-01,4.848319590465879347e-01,4.325521944451256040e-01,4.443946055332029244e-01,-1.702724859384680822e-01,6.749516318275097237e-01,6.077455147964120341e-01,6.011775093230223854e-01,1.658973675448564000e-01,2.699701281026558597e-01
6.966578149969232525e-01,9.594435052321161894e-01,8.178232913420324657e-01,8.550570726530513088e-01,5.760645705416044260e-01,3.894999318915082220e-01,3.062758378736243348e-01,3.078929004081508158e-01,4.415920774254841752e-01,6.308828570679533287e-01,0.000000000000000000e+00,8.202336582420530764e-01,7.191368210764869096e-01,8.781993784043367057e-01,7.507209441995239541e-01,9.240337813912121723e-01,7.824882421757467510e-01,6.282800508215565793e-01,7.492812775458006502e-01,9.106358164147908552e-01,5.033518989693190893e-01,2.373905139056683156e-01,6.595651287534683993e-01,3.120341381626061672e-01,6.563463049604095767e-01,7.618250706532752048e-01,7.670267962723267274e-01,5.613608157146919853e-01,4.249046295243354421e-01,4.735167260982357518e-01,2.576787933709783276e-02,7.353893609430308675e-01,4.597658041917704330e-01,8.405806336212579000e-01,2.446629118503163836e-01,4.743825269332865302e-01,2.554490624202231386e-01,6.845229099816869944e-02,8.802480615708314637e-01,8.098629498273252070e-01,1.033296279563485354e-01,6.309040702910387877e-01,6.830943692368942610e-01,2.513900510451294035e-01,5.079757636186769121e-01,6.273410937796963793e-01,3.676144296055070537e-01,5.159327726925739821e-01,7.494211287155161383e-01,6.955500775805604219e-01,6.131777977709562677e-01,6.151766926282451475e-01,2.537548193798959684e-01,7.432026518106255031e-01,4.727994554895417756e-01,7.649653450735364180e-01,7.172517611370086144e-01,9.635804015430755598e-01,5.458037050081110397e-01,1.422719302678576436e-01,2.593873056815415579e-01,9.226536053804790249e-02,5.989836375222632459e-01,2.890531063817468049e-01,6.694568817306696396e-01,2.976801686467419605e-01,6.794614735952705376e-01,6.755245151536255488e-01,-1.717748061388803815e-01,7.511425402659470674e-01,8.980784228893609056e-01,8.616163182523052244e-01,4.663918388720040831e-01,2.174712977992013796e-01,2.554513746682580133e-01,7.966038326150423066e-01,6.982560014741711063e-01,4.091790689174119033e-01,7.054682073157948485e-01,1.334639898382176948e-01,3.047870988802947045e-01,8.287969166415788402e-01,6.161595663109001864e-01,5.263801599910644669e-02,1.593677402200976978e-02
6.236613662979588746e-01,9.082508563850943961e-01,5.767221221929667019e-01,3.975851867256187666e-01,6.460698979955165067e-01,9.428265584410706612e-01,3.099608944288849699e-01,4.686696615838544799e-01,4.734222541328509948e-01,3.493302632913670713e-01,8.202336582420530764e-01,0.000000000000000000e+00,7.021487174669722719e-01,7.697171956426551720e-01,5.530326482151042278e-01,4.129798083478170012e-01,3.190603795168697188e-01,2.147998165351278632e-01,3.183286738208879751e-01,8.076809292231075244e-01,1.109273575199113959e-01,8.342844366187782690e-01,1.409196787881069057e-01,9.855362033432955027e-01,5.744608768519746667e-01,7.484023908677130965e-01,5.957212528485047454e-01,7.941973162006368270e-01,7.531931738739221505e-01,1.023346617875485615e-01,-2.020059120477275538e-01,7.726506051890595916e-01,7.351616169838389725e-01,1.022468463681869277e-01,6.628052057894449900e-02,3.450594294542623230e-01,4.187700562279167427e-01,6.523383105598834497e-02,7.150495545542907561e-01,6.644151956312356333e-01,4.264994670713553315e-01,3.081295660760799970e-01,5.107714642734487720e-01,8.821323277766814908e-01,2.138301722574837138e-01,8.528165709117255799e-01,6.635209236546806277e-01,9.726072755610543075e-01,2.262706293004662361e-01,5.861811802712730834e-01,5.799916569515444209e-01,4.320872138519458727e-01,7.176822507991454936e-01,9.115492191251114429e-01,4.446485678613141396e-02,4.503283966166418684e-01,6.563248306827396128e-01,3.208114992518595887e-01,7.621009507060340082e-01,5.247882433749470055e-01,7.103402610629767633e-01,7.510786048600868181e-01,6.271965602773226234e-01,4.027013006986125410e-01,9.561449264640397017e-01,4.122920395715301556e-01,7.117587105799442204e-01,7.709039407610419614e-01,6.681039411942445438e-01,7.071118058906857851e-01,5.647165119932380239e-01,7.538255607730136587e-01,5.617799463283458250e-01,3.529743534043799924e-01,1.253160940359801523e-01,1.308833473769603906e-01,6.388060507128865417e-01,4.629977735015189944e-01,3.347922314598500426e-01,7.598279549400182020e-01,3.462461905786824445e-01,6.774852908806803242e-01,3.328684895883883277e-01,3.493107431897561899e-01,7.194494420034940330e-01
7.876295539953316327e-01,3.073449748503165879e-01,7.805877182519255220e-01,7.319360336148903468e-01,6.397378300475977664e-01,6.734935497586119757e-01,6.366574692332513941e-01,6.869405071875755997e-01,3.592044385937250839e-01,2.467320124886074884e-01,7.191368210764869096e-01,7.021487174669722719e-01,0.000000000000000000e+00,8.422762949375720565e-01,9.075088613916618696e-01,6.606552734056043708e-01,4.342570655395028290e-01,4.733811218904092066e-01,9.950845841916424739e-01,7.649231016612377809e-01,7.699719432072263947e-01,1.146121081625337684e-02,3.604843813351531479e-01,6.684685876748021061e-01,2.512800455653612097e-01,6.209617785328696016e-01,8.007447071812811012e-01,4.933694585189384862e-01,3.985340016885882686e-01,4.586979789303511912e-01,2.642668436806998589e-01,-8.879219971091339980e-03,3.760582682519378883e-01,9.197422374602111095e-01,6.932653303135390965e-01,7.920733167980361644e-01,1.901129385177460218e-01,7.353438548258481866e-01,7.843911415466023884e-01,9.362541774029565778e-01,5.638196464401604713e-01,4.782543674215039564e-01,2.989451656026060333e-01,5.902420636453575842e-01,4.274022476089066047e-01,7.516952930634066554e-01,5.987184806392691350e-01,5.028166837902975361e-01,4.321288519371221937e-01,5.307188564987737056e-01,8.168437646407087360e-01,1.969917442914788375e-02,5.490972966290152968e-01,7.071713929062127812e-01,6.981286421814305587e-01,8.193773311954741789e-01,7.632235392527466633e-01,3.363963485274639731e-01,4.132938850536425068e-01,5.516852449668889768e-01,6.887264856419454961e-01,6.177157471895824425e-01,2.888876585079955261e-01,8.672811481584843385e-01,8.836284211838791869e-01,5.389079305572954670e-01,4.208101194595201822e-01,6.256447838752627888e-01,5.861351670505879907e-01,8.672010542867230054e-01,6.106671837843355988e-01,9.152864932270462495e-01,2.030272806600091351e-01,4.652496649184893474e-01,5.854958175192679359e-01,7.402260281922685703e-01,9.278244324956287370e-01,5.496259358265580541e-01,5.981375907685916316e-01,3.800459498607536291e-01,5.902778553069116807e-01,9.885881652848047541e-01,6.164897128756252620e-01,1.333874082212342937e-01,4.190841865880814976e-01
8.268809589616942235e-01,8.347621531387918736e-01,8.508777212325177031e-01,9.431835069979024322e-01,3.279256033134542170e-01,5.003022158445775691e-01,4.998102875438982795e-01,3.347746121501423699e-01,5.931010185944343149e-01,5.126464289407551833e-01,8.781993784043367057e-01,7.697171956426551720e-01,8.422762949375720565e-01,0.000000000000000000e+00,7.367869009943769365e-01,5.238756536112707529e-01,1.864139677081742552e-01,3.733545748227599104e-01,5.824969324144361194e-01,3.977368918060643077e-01,6.129085711639425949e-01,3.439244752284077444e-01,9.135636163385101316e-01,8.292654821292011480e-01,4.192205273160193868e-01,2.484151629965768993e-01,9.224160040837975361e-01,8.934597947120210826e-01,2.490661058434282676e-02,5.257565376288092507e-01,1.855812225428690176e-01,7.854722206317275024e-01,3.751014537207519872e-01,8.686288656208742687e-01,7.465638490756889567e-01,7.820566356042030209e-01,5.592027302011994827e-01,7.529287934435544560e-01,6.963336728206473980e-01,9.651977067507432340e-01,-1.459405430679051041e-01,8.154344365660366467e-01,6.812603219987707348e-01,8.367758061537982073e-01,7.243582061023793317e-01,9.450771197787743994e-01,6.780761736760811953e-01,6.288534630836519757e-01,2.387118241095430027e-01,7.767675363787824860e-01,2.069339018896402538e-01,7.565935804570639300e-01,7.836353156844396706e-01,8.438273417492709871e-01,9.618506589247108884e-01,4.096176659584963575e-01,9.231354186545209783e-01,7.030539231414747459e-01,9.116705345050132303e-01,3.644629537392933827e-01,3.664786812913310016e-02,5.633124087983856221e-01,7.998946084795467426e-01,9.434346147785971359e-01,4.470222990350645742e-01,9.869096339182896749e-01,5.478672038135732336e-01,9.814466853815089209e-01,6.915366595944824057e-01,7.430116120050269668e-01,8.819353822578417379e-01,6.209365159464411699e-01,3.854348092681774141e-01,4.691230325096803488e-01,4.480585854879364782e-01,6.750316071328736900e-01,5.878488713691601975e-01,7.575861609468865776e-01,7.278203251527907147e-01,5.383648735825941056e-02,8.910519370603475764e-01,8.905896167839276734e-01,8.931008103643980345e-01,-1.661606463193556760e-01,7.604204531086284913e-01
6.479237347568735927e-01,8.879839544666310314e-01,4.322010944695994228e-01,9.125828346660751489e-01,7.699787762269042490e-01,6.254219098451256897e-01,5.748285905516963279e-01,4.146332386469749887e-01,5.510833693454719739e-01,7.714777807308695889e-01,7.507209441995239541e-01,5.530326482151042278e-01,9.075088613916618696e-01,7.367869009943769365e-01,0.000000000000000000e+00,6.896788506574024202e-01,6.598522500298348303e-01,6.469641095818525756e-01,6.871551851065765826e-01,8.966354963769753716e-01,9.216892879665086191e-01,5.372600701052150374e-01,6.611285934230864969e-01,9.297786357359330012e-01,7.582692752163796568e-01,4.685468352717871432e-01,6.053002239434239762e-01,6.272185312851756844e-01,3.826614538183991110e-01,2.962564004204072399e-01,-1.360955313232597996e-02,5.385534825206944598e-01,3.608549065608460671e-01,7.670399811832000481e-01,2.621334487436679517e-01,7.566569227139295917e-01,3.782199548040400261e-01,7.886625921531567052e-01,6.694668477060929934e-01,7.544526586601320028e-01,2.020713089277759167e-03,5.199957638623156075e-01,5.271613699848060053e-01,3.560959995423055857e-01,5.584659091161043865e-01,7.087382670950621577e-01,3.428569211550691054e-01,4.652851127419817545e-01,4.965132914263352681e-01,6.403554797676579424e-01,3.491653819367531719e-01,5.569664584612863401e-01,7.583695532170853237e-01,2.353563013812479121e-01,5.317996016449288987e-01,5.164781232583532944e-01,3.652923996137490970e-01,4.265675464406930573e-01,8.391843406151232587e-01,3.380143017607649125e-01,1.639393787165931704e-01,6.048245025316851819e-01,7.222049435489020786e-01,8.212164567463293707e-01,6.874418867830213165e-01,4.240121600908716704e-01,4.380979379106880178e-01,3.428348428239921253e-01,6.492960395890875480e-01,8.975313799110696822e-01,7.595286068488515951e-01,3.386837364188890476e-01,5.759518792324698211e-01,4.121559049556078325e-01,4.319735058350070434e-01,1.422357230274200537e-02,5.154651331611030951e-01,2.282799069761659583e-01,1.642812746318468298e-01,5.820326822169387126e-01,9.945242135835383746e-01,8.544232247339792474e-01,2.839783586010420913e-01,3.629125769420561420e-01,3.152797200085356577e-01
9.094669158560824140e-01,5.157966123108702616e-01,2.226472480331768700e-01,4.611244096220995514e-01,7.713769605885929526e-01,8.607130794061623735e-01,6.807993515151906649e-01,7.461406611710403869e-01,5.333155079264614296e-01,8.207208203095983645e-01,9.240337813912121723e-01,4.129798083478170012e-01,6.606552734056043708e-01,5.238756536112707529e-01,6.896788506574024202e-01,0.000000000000000000e+00,6.833326079182135970e-01,2.635851102272724900e-01,8.729357789121845457e-01,7.987485306349842995e-01,5.719271225938095116e-01,1.201836770790987025e-01,9.610781015036913288e-01,9.566528311344359992e-01,5.131236100335866412e-01,-2.149556904809286906e-01,3.455225771375536499e-03,3.432580024009512787e-02,-1.091987396822408085e-01,5.512451978483680071e-01,1.819409880740219254e-02,2.560540490354068499e-01,5.505427966794079753e-01,4.713821474435175851e-01,6.516985649604456476e-01,5.735880878063128741e-01,2.984988909433715643e-01,2.706805488789271186e-01,8.465518198233225045e-01,8.791294814335606222e-01,3.222274388502077702e-01,5.305998686217593407e-01,6.323151951538964477e-01,4.578256629616282436e-01,9.588876300782227524e-01,7.677355415941219396e-01,7.658390103482326516e-01,-1.934503210527419581e-01,4.884185631085407042e-01,4.280759379682631538e-01,4.859936320177926650e-01,7.865768885261872900e-02,3.249711856580836389e-01,6.905241425642864028e-01,4.565338348125105861e-01,8.068926129600701991e-01,7.907662041297104372e-01,7.060951012680968253e-01,5.872493033568277898e-01,4.032322347966310061e-01,1.995075810851224540e-01,4.701611259712192847e-01,9.633059578871892015e-01,-4.550808020471652782e-02,4.759629867808504722e-01,9.766936462388913220e-01,2.073763787791969571e-01,3.501770050227804298e-01,4.196438214770198405e-01,7.388543418848784183e-01,3.107727156927517775e-01,9.661099694676988925e-01,5.161385117853931614e-01,2.712446778502369815e-01,8.534641331094215966e-01,4.172531558099202842e-01,4.643728019514553607e-01,6.201037602069894294e-01,2.916657063246546056e-01,9.758180469276150903e-02,4.601715550503249763e-01,7.195025494606589467e-01,7.836525250033830048e-01,4.941445430438671793e-01,8.884405519127785977e-02
9.549612623654074595e-01,2.319658687720596579e-01,6.348999561857411322e-01,7.999590730905896674e-01,5.886869023820872071e-01,7.326723829638994712e-01,8.715515031382726763e-01,6.825769456458388174e-01,2.472443957163069084e-01,2.988854640893838788e-01,7.824882421757467510e-01,3.190603795168697188e-01,4.342570655395028290e-01,1.864139677081742552e-01,6.598522500298348303e-01,6.833326079182135970e-01,0.000000000000000000e+00,4.966010682511164398e-01,2.295015262522495103e-01,6.574026916300598211e-01,7.645304111667523550e-01,5.199133410466809657e-01,8.089891034849711060e-01,5.150836420316191600e-01,4.622212929979188645e-01,6.822751363039211148e-01,3.243651866796288807e-01,-1.784937171152352064e-01,2.820532194895746247e-01,2.720779695182582447e-01,3.164782665667056349e-01,6.421662624061478253e-01,4.326171688447318087e-02,7.546456062944143506e-01,2.155662197824352311e-01,4.623282801884301407e-02,4.562629218316785473e-02,1.076042314730524113e-01,5.969321540612131383e-01,2.490163304331007299e-01,3.812284902157606070e-01,2.813968404616159491e-01,6.204605336843370678e-01,8.461234575293610227e-01,7.657859027144064967e-01,7.421885799435313791e-01,9.335176590017137954e-01,7.988094311524049917e-01,6.826937198380579330e-01,5.273123762367668554e-01,2.454107818910374328e-01,6.795150385863285569e-01,4.350346856442846577e-01,7.610572159903485900e-01,6.087506651193472784e-01,3.588277838197639902e-01,5.477446309643129174e-01,8.113005093293709225e-01,6.762433451827754016e-01,1.963948154611151464e-01,2.331635294037437134e-01,6.392278991983473269e-01,9.847576280484933164e-01,9.711228934504498866e-01,8.892344257645468097e-01,9.299615934133461659e-01,3.327922429468415100e-01,9.389630931391124147e-01,5.847162268865706558e-01,7.334712242906029633e-01,6.686817575507996159e-01,6.121967541469880425e-01,5.089086190602017945e-01,2.529195148039478092e-01,9.562938606448297962e-01,6.745204481583904066e-01,2.849627781659249681e-01,8.844009330380369072e-01,6.877036965559758519e-01,1.451276242170194408e-01,5.022679009600228284e-01,7.187460694665018801e-01,8.015173984966491583e-01,1.054350335278732287e-01,7.109843928414849579e-01
6.728623397685685736e-01,7.929425884819195636e-01,9.509677483137232157e-01,7.446027090035917118e-01,7.610651788780601334e-01,5.221988031389115381e-01,7.738156412036578669e-01,4.707669569714034719e-01,8.276286558036132224e-01,8.809402210350842921e-01,6.282800508215565793e-01,2.147998165351278632e-01,4.733811218904092066e-01,3.733545748227599104e-01,6.469641095818525756e-01,2.635851102272724900e-01,4.966010682511164398e-01,0.000000000000000000e+00,4.692521001944117698e-01,6.474350612169860186e-01,8.443964140943394092e-01,4.455033252052126302e-01,8.723912116388728988e-01,7.636883559796152632e-01,4.347243017597239856e-01,5.947440545988282867e-01,7.682064498484175719e-01,6.697195832360078871e-01,5.066164150935458244e-01,2.122541874400160622e-01,1.486437660089990620e-01,7.673173049234480736e-01,6.577264681582126737e-01,4.887225501597807220e-01,6.084802172316792213e-01,3.466729821000205103e-01,8.391507762349155464e-02,5.598167711835495552e-01,8.095757606541528206e-01,5.959941020587973259e-01,2.529526356314480973e-01,2.094076520154239673e-01,6.259956142586203809e-01,2.860999151692865672e-01,8.307628899340350204e-01,5.624423441423762604e-01,3.464756487225124637e-01,8.584699088008005408e-01,7.926613261853825421e-01,4.234048043858759658e-01,9.370162342137833278e-01,7.909341500520563617e-01,9.934089856602568158e-01,3.439051460305547758e-01,9.368763697068005492e-01,6.730863335434689176e-01,5.438445680727705955e-01,5.499944882167260296e-01,4.656313206935230875e-01,2.267136788280723902e-01,4.605014023485337615e-01,6.173761954909772198e-01,7.532202148451813128e-01,6.484237517137096951e-01,6.035874898378771336e-01,6.141207170987260655e-01,3.469075426392590478e-01,4.313947531016991133e-01,2.258611214965075553e-01,9.030203667464657968e-01,6.239075680028610682e-01,7.355381841501695828e-01,2.556236242989874397e-01,4.667475690595681570e-01,5.596385623027890777e-01,7.754340090612533709e-01,-1.640012394288270781e-01,5.071879760067122822e-01,-8.632244473865319234e-03,3.463407410527433727e-01,5.560661558653774428e-01,8.109442989690490711e-01,9.454137559349790054e-01,4.140266564803938287e-01,3.801018093848209656e-01
