0.000000000000000000e+00,4.638759930491093142e-01,7.695893257464050397e-01,4.520236630497510011e-01,4.173446278718818125e-01,8.475369218560241391e-01,7.243608768069715875e-01,4.171570547842361476e-01,3.826356971160307929e-01,9.545440141975471970e-01,9.078120754543603788e-01,9.147092350580176001e-01,7.319484880360435097e-01,7.585778721299136773e-01,7.604183996816527014e-02,7.154393899615349994e-01,9.924034834754342782e-01,8.869227290903068939e-01,6.828549438911988290e-01,4.003280010534725486e-01,8.872316955621947221e-01,8.343706605431073786e-01,6.475086538098517863e-01,7.487643310324845203e-01,8.731357769493836019e-01,6.271211660584222747e-01,8.808800929478265429e-01,6.264517033054723960e-01,1.708279212168941907e-01,5.987701247800906179e-01,3.930347039460563296e-01,7.985657740941843885e-01,3.087294736107336623e-01,6.164784674941369280e-01,9.603680779089526220e-01,5.701135355004800509e-01,1.844257312583862940e-01,6.821641266826616867e-01,8.009026338060669659e-01,2.282391741660404760e-01,3.812279397787030066e-01,4.646557690089544446e-01,4.756642204701194698e-01,9.286297343148083305e-01,8.437695061466018442e-01,2.436477561667962088e-01,2.789806392428218484e-01,8.416592951063077699e-01,6.956970619481023244e-01,5.198236764517044639e-01,4.786629520219337630e-01,5.839399116669440337e-01,8.387464049226531770e-01,6.787395486922139787e-01,6.241127198941934795e-01,8.539122383997230781e-01,1.301231091191889788e-01,6.933901226056139455e-01,8.043246401567292203e-01,6.339491087303482653e-01,2.650120310797335899e-01,8.221388947334791197e-01,9.129256645728400787e-01,8.394100783038983549e-01,7.423129844932317978e-01,6.362175057627208474e-01,8.947240743233396687e-01,8.898050148975330531e-01,5.352263733450357552e-01,5.581285449516774078e-01,7.827802833041336283e-01,9.480404650302201031e-01,6.587615100450244787e-01,4.423281140399189515e-01,3.621430198913536125e-01,2.105978730053485459e-01,7.665892801283001878e-01,9.454723006484785364e-01,2.351551980261476771e-01,2.143923153914749635e-01,6.958579387154676388e-01,5.626156397504900042e-01,4.429094915079587746e-01,5.918252492227221023e-02,7.848415193792090960e-01
4.638759930491093142e-01,0.000000000000000000e+00,8.348417008023129027e-01,6.205099122728043870e-01,4.565248910834122653e-01,7.635886615630472773e-01,4.391977017948477391e-01,6.057834570984481637e-01,6.186972422938687988e-01,-3.966589364874387180e-01,2.204534514277541879e-01,9.725600016102375900e-01,7.817935484403524260e-01,4.890038516394330514e-01,5.205959881762082242e-01,4.319390321111841180e-01,9.151616156719382111e-01,7.590429987366766884e-01,9.834780964782995349e-01,7.092274359371276704e-01,9.597605352947666812e-01,7.071882872053961711e-01,2.320479804443049687e-01,6.302875131257428265e-01,3.952023134562150375e-01,9.986525776376928842e-01,6.498233260828706337e-01,4.172864705496517890e-02,6.877134041732664571e-02,6.016770284942919433e-01,2.147911180489688043e-01,5.157126373871738778e-01,7.931725405678966556e-01,4.875591032631856891e-01,5.651348796115658324e-01,5.853231121406827775e-01,3.796680665135226396e-01,5.159992562661598337e-01,5.323572582949120946e-01,9.703936868312655895e-01,7.689749712514762914e-01,7.358336292398561795e-01,7.398039724973165532e-01,9.359541000345700246e-01,6.957472490258722608e-01,8.257794171302192954e-01,9.149908043797998491e-01,4.843787699588856799e-01,7.605609508686316245e-01,-8.528218594959735555e-02,4.170686489824716459e-01,5.744134605566900698e-01,4.143467261019772585e-01,7.802039147025058297e-01,8.470531319995248110e-01,8.349257659842517221e-01,7.380462076894180878e-01,6.255297425247190179e-02,7.511860158451142411e-01,4.150788569075465895e-01,5.348520926355418981e-01,7.287048264464985881e-01,3.049208890957743057e-01,7.599135150923163051e-01,3.134570185868767456e-01,1.127948358357706675e-02,5.001962484929178832e-01,4.970339943804952254e-01,5.788537133930753836e-02,1.427427906937128455e-01,8.089152264634602574e-01,7.150188433619428796e-01,3.904349870919163884e-02,4.049411350547654775e-01,4.601776683862511264e-01,6.841487438864423121e-01,8.906510685636522817e-01,7.264003554693702069e-01,4.705462273437515108e-01,7.533857915722392828e-01,7.457867979607416542e-01,9.959456821920247283e-01,6.669036052849648399e-01,3.663964858681510450e-01,8.419848406609099431e-03
7.695893257464050397e-01,8.348417008023129027e-01,0.000000000000000000e+00,4.432216865606463108e-01,7.410716733434515868e-01,8.028850419677214800e-01,6.898585421938667750e-01,9.386460409100392255e-01,2.901345473859743285e-01,8.337179290319041147e-01,7.086870344045685666e-02,9.635706365861378409e-01,8.188560631517103339e-01,5.697891556887656472e-01,7.107823598832182510e-01,5.797345185132883882e-01,7.831514156174005370e-01,9.148431086542817559e-01,6.264309116665431887e-01,2.887860165883019414e-01,4.482842564974600652e-01,7.805342680765708918e-01,8.786101044394835080e-01,9.617712234018001016e-01,8.777117981373080413e-01,7.515442382358343831e-01,9.898736804273718937e-01,6.944585364288670126e-01,5.531083578703117620e-01,3.082721665196832550e-01,1.812177292504001114e-01,8.117147638655716202e-01,6.460134974361739779e-01,9.127104661809505304e-01,5.827816950427194831e-01,6.254059474942625929e-01,5.003785270368120708e-01,4.807370339601447218e-01,6.028054451594851981e-01,5.893999233247696479e-01,2.922033727281039273e-01,8.118725397944711597e-01,7.907604573250486268e-01,6.792927309484892984e-01,7.264627237147043282e-01,7.332011531444249108e-01,3.341720493788536972e-01,9.317939501624814547e-01,7.724704253060488135e-01,9.589870745580810762e-01,6.872788975190298189e-01,9.965452143865124457e-01,9.852555087635440634e-01,9.171530683217592461e-01,7.772089316479187104e-01,6.357097297110658740e-01,5.654694997743532348e-01,7.680728319277972949e-01,4.416822897363339440e-01,3.915641962794647046e-02,4.667356102536122098e-01,8.710053536594062340e-01,3.611575798461997833e-01,8.606835358604463249e-01,8.830285424125390303e-01,4.249901799127299151e-01,7.377627573245280068e-01,6.187053741773764770e-01,7.047446384651477880e-01,6.378565969794154356e-01,9.199602830872166681e-01,7.666821725132189069e-01,2.543162409125843126e-01,1.185338350315339184e-01,6.235964790764050303e-01,5.584875402169054981e-01,8.693510022725170483e-01,7.307588182198422322e-01,5.842506163477538816e-01,4.872699820112007529e-01,4.365786842130073286e-01,6.416087918237177723e-01,8.894875870902392290e-01,4.938816326437682758e-01,8.683924158326148390e-01
4.520236630497510011e-01,6.205099122728043870e-01,4.432216865606463108e-01,0.000000000000000000e+00,4.928231021716063531e-01,4.359656743937607715e-01,7.594783358348971003e-01,2.338353071592862500e-02,2.877063989958217327e-01,1.770273015012644446e-01,7.792211143908465143e-01,6.561372571719426006e-01,9.980593541545179637e-01,8.607477219619581454e-01,7.407857517639850897e-01,4.673254420330010817e-01,2.842160609997510523e-01,7.280613604935599614e-01,9.898718672204893654e-01,1.570302565150214491e-01,7.110845603386485303e-01,6.594690212183321743e-01,7.310621923680727940e-01,8.764430029079808282e-01,3.549865372684497533e-01,2.841127869428743402e-01,8.543940695703584609e-01,7.327761183370997689e-01,-1.166347340703708518e-01,5.561017906262455401e-01,1.958504251313737676e-02,5.005155737591044929e-01,9.098756399741932954e-01,7.098584140544502707e-01,6.694016748629658675e-01,4.411916127130919296e-01,9.311255186846728593e-02,6.843228353641959139e-01,8.514306662520920721e-01,9.297200175704473102e-01,4.520369571313351820e-01,4.795226575000550717e-01,9.371911390452959401e-01,9.821743465749214197e-01,8.096025286271569810e-01,7.311180879428794688e-01,9.510641918658843119e-01,4.108453212205688265e-01,5.292140930366826534e-01,4.819086360163131744e-01,4.011482238242334852e-01,9.653976631894788385e-01,1.922477970047823115e-01,6.073317691798985063e-01,6.273160570979393613e-01,1.543482760209312077e-01,6.243848166281592560e-01,6.518541797824140178e-03,5.953217504994017251e-01,4.783173887509894473e-01,6.122715279301178537e-01,8.722261456417428338e-01,9.105704750009250281e-01,8.041234433024225803e-01,2.274423334001905439e-01,7.071710519113824089e-01,9.697844288302154281e-01,9.815066977464003140e-01,5.300619639001094008e-01,6.249715221162156498e-01,2.403221144248408048e-01,7.727531450860325446e-01,6.793108532777678565e-01,3.511356441684849727e-01,2.393053858323368477e-02,6.998618363974363765e-01,3.069209670555701486e-01,5.103287877264227612e-01,-1.183586231433609998e-01,7.272771577304427693e-01,7.525828265158263086e-01,6.655580641484626359e-01,3.375733011649410531e-01,4.827459537169725978e-01,4.392698927362944650e-01
4.173446278718818125e-01,4.565248910834122653e-01,7.410716733434515868e-01,4.928231021716063531e-01,0.000000000000000000e+00,4.445952334693272223e-01,7.492277740913730888e-01,7.322608651579848305e-01,7.066112044591200680e-01,7.963645874680954639e-01,4.917336599419763754e-01,7.731203524272638461e-01,4.232314170687616062e-01,8.536273433634861130e-01,6.201915090842200495e-01,5.458175374544637082e-01,6.954733961991409474e-01,7.938721134090621634e-01,6.385378069304602500e-01,9.291234977238630455e-01,8.224215841157502815e-01,3.118176383351836112e-01,9.079926725032196888e-01,8.163446214878771201e-01,4.564757957786722553e-01,6.344764064399062153e-01,6.962355213472369853e-01,9.217923236748404303e-01,2.921110144711781542e-01,3.759585084598257021e-01,3.060193333059360032e-01,6.073957699964462886e-01,8.029213534958070664e-01,5.511756152794545782e-01,2.733800571828893800e-01,1.958575888781551866e-01,3.284469043252341569e-01,3.696913442541998607e-01,7.929496694293998171e-01,2.680992378658916819e-01,5.010093901870535937e-01,5.971200926006955401e-01,8.937201684117342948e-01,4.011003184111139874e-01,7.374639464531008715e-01,5.679759669211430495e-01,4.322939939711908930e-01,5.483893688794702070e-01,9.209151237238006882e-01,5.566628849577408555e-01,3.252906573533161094e-02,8.310155172878117558e-01,5.693209005224424413e-01,3.187657964704389002e-01,6.588703585417956532e-01,9.821475228888097986e-01,7.875543685368335822e-01,6.734167779151958300e-01,4.689441602881895266e-01,5.256324402771419546e-01,2.499846611520311346e-01,7.305170104555456234e-01,8.715338623302233412e-01,4.782633505414335406e-01,5.053784623427274303e-01,4.223206483638086151e-01,4.356774783068600998e-01,9.666761619039965225e-01,4.156104098941955094e-01,7.417095040544390283e-01,7.698983006739659185e-01,5.857567546117098400e-01,-1.794541142046211513e-01,2.563332159915421848e-01,7.421629759852028663e-01,4.442158980950077773e-01,7.666935743242773160e-01,3.635763460516692747e-01,7.061270403991206646e-01,3.158477806794048881e-01,7.958352542317927991e-01,5.333110497066508859e-01,6.774031312870013588e-01,2.723104821338246939e-01,4.502265034200835792e-01
8.475369218560241391e-01,7.635886615630472773e-01,8.028850419677214800e-01,4.359656743937607715e-01,4.445952334693272223e-01,0.000000000000000000e+00,4.205734284629220610e-01,2.949667822859818322e-01,8.191506934879179136e-01,5.588523498629180963e-01,8.428084195165038706e-01,6.636256048033903898e-01,7.095625520842029355e-01,6.146133168692148319e-01,7.731761625519213421e-01,8.207799024430482149e-01,5.546257623539818660e-01,5.725360525070313233e-01,7.715163622964021917e-01,8.542036139152168195e-01,4.378446435565102601e-01,2.597758117058407423e-01,6.492746937427680276e-01,5.483161571900356801e-01,7.103522099955620339e-01,2.978315065030744391e-01,9.829327803637313288e-01,6.617785362960855178e-01,5.347980850321041313e-01,6.454704153980321824e-01,5.584754822236404070e-01,3.927430084672147159e-01,5.628021399012639314e-01,6.722260391045170591e-01,9.392898464755805588e-01,5.856207396867336712e-01,3.043581670324823629e-01,5.295191118802448083e-01,7.826086853817766364e-01,9.166989490963922682e-01,6.350757753670451811e-01,4.431987254157056522e-01,9.872131823576526521e-01,4.854549418552274176e-01,4.386430582874707440e-01,3.839917402852342510e-01,9.470844891339140759e-01,3.327566817354176143e-01,6.842697560117838584e-01,4.242959884516174229e-01,5.230144432034325996e-01,7.085849718348465887e-01,2.618043747855854086e-02,7.258289874812468012e-01,7.268722833789628135e-01,6.645880981854559444e-01,5.116467429716272663e-01,-7.088106833495186332e-02,9.535328001223366545e-01,5.457177954221277272e-01,6.459245283899672785e-01,6.599003891023010049e-02,1.029263053786556165e-01,8.421742587726321894e-01,4.937865440606702405e-01,5.373543954875221740e-01,7.979677368322892761e-01,8.883309440602035201e-01,7.704317538769831497e-01,7.033878508835984533e-01,8.786337903748151490e-01,9.495936514032272679e-01,5.742843446000440721e-01,2.501588078021940720e-01,7.454798293075592941e-01,2.535305902320351690e-01,5.127131851335405832e-01,6.883235897378228163e-01,1.778801627125158324e-01,-6.643951300261963233e-03,4.310400064414270371e-01,9.359259178296199799e-01,3.845143461652592576e-01,3.541284489930904833e-01,7.187608358956447674e-01
7.243608768069715875e-01,4.391977017948477391e-01,6.898585421938667750e-01,7.594783358348971003e-01,7.492277740913730888e-01,4.205734284629220610e-01,0.000000000000000000e+00,6.725328051259262807e-01,2.662376657411585912e-01,3.915399829086812500e-01,7.699262533263435682e-01,-5.177097937809399530e-02,4.974577702582844707e-01,4.593180692519742148e-01,3.137942445219367160e-01,2.285352178662639622e-01,9.015931988312684275e-01,1.717608043549471442e-01,3.530809227086933455e-01,6.919386916705919655e-01,8.922749661694354684e-01,5.793185745515992968e-01,5.464766863870907931e-01,9.695869326939500210e-01,2.975187192945299430e-01,3.018457730236000502e-01,4.967415259752394618e-01,4.557685575192981231e-01,3.672773875365067386e-01,2.868729334414312770e-01,4.190681213582156395e-01,5.009122626949744639e-01,5.372032572425469166e-01,4.772328164293537789e-01,1.399888522845392502e-01,8.598256405364267108e-02,-1.325603351100002603e-01,2.040078963951890145e-01,5.517850808672186691e-01,7.223129696844312608e-01,2.549007240646702366e-01,6.568817720571600294e-01,5.732982255237233371e-01,7.537755805006010057e-01,9.112513315191573815e-01,6.744382141839599942e-01,4.070330337357301875e-01,2.410294624499487171e-01,6.174766281996637574e-01,7.105296766621277404e-01,5.562520099615723135e-01,3.077700744279355805e-01,3.408853865838884500e-01,5.863776584606765763e-01,8.022305643192425562e-01,7.441409586720114655e-01,2.369737266237507134e-01,5.663881559668506593e-01,9.330172243482786065e-01,5.344086031811825510e-01,6.997323919125929548e-01,3.780214512038910790e-01,7.930380642814240932e-01,9.796863767037334858e-01,8.299669464632603022e-01,8.871641674741234107e-01,4.560590584275386883e-01,6.710680851172150518e-01,7.291670577557232136e-01,5.355681580832211131e-01,2.668333658449056345e-01,2.472893742143220386e-01,5.601849337717259569e-01,6.076913646573372380e-02,6.927279149093243937e-01,7.487957146439032652e-01,5.736260939735490227e-01,4.073139272073602046e-01,4.674326842908530510e-01,1.864903878733586151e-01,6.284377661472433374e-01,3.731962935466970332e-02,6.720761128876077128e-01,2.765381931187654296e-01,4.167471605221111375e-01
4.171570547842361476e-01,6.057834570984481637e-01,9.386460409100392255e-01,2.338353071592862500e-02,7.322608651579848305e-01,2.949667822859818322e-01,6.725328051259262807e-01,0.000000000000000000e+00,5.924512752175357111e-01,3.308226274578858206e-01,5.966649856402256313e-01,5.077602779213026274e-01,9.707876130252370839e-01,9.685337032083998210e-01,2.363473804273765744e-01,7.672909935571934348e-01,4.755252256783467635e-01,4.155358296487707825e-01,6.518036715631739808e-01,7.707082849448030348e-01,8.726342243620397454e-01,5.744526495439338243e-01,2.208665078493346479e-01,8.437328421035017456e-01,2.719551392867244344e-01,6.096603452986222305e-01,2.958724602942973125e-01,6.763282717871669236e-01,1.565199037837531060e-01,3.573807441556806630e-01,5.011116771535556458e-01,2.060116630588506581e-01,6.869656158965574688e-01,7.485289784564708171e-01,2.730038066793329388e-01,5.659542108284927320e-01,4.422713246248042851e-01,5.402266669635686913e-01,6.980353717603406949e-01,5.077181311549977538e-01,6.154300339196394631e-01,7.530939118175985492e-01,9.335948728495868654e-01,3.197510952899476067e-01,9.948656211238648961e-01,6.158246809030899493e-01,4.459734577792489052e-01,5.774111335947669232e-01,2.863257334199077464e-01,4.203397401930558663e-01,6.057970980726333776e-01,3.717827067372138639e-01,7.127506285679102715e-01,1.868845192347863282e-01,2.284124012714435215e-01,7.363371499411857091e-01,2.190117851844589070e-01,3.983566127664078804e-01,2.260428217246394644e-01,4.687547550211788039e-01,4.305278298588388064e-01,7.637703272199884985e-01,7.389799551843052594e-01,9.168633365001770397e-01,9.713977354865050984e-01,7.890085726270885669e-01,6.554496732534743630e-01,7.853508810924492156e-01,4.107396868538784607e-02,4.270083591417962454e-01,6.504979642257280315e-01,4.285035486585896392e-01,5.501257639873354810e-01,5.504021834453692169e-02,4.258195821023034178e-01,6.956651203446572174e-01,6.356696598565575451e-01,8.334936028682488063e-02,7.192482982206319653e-01,7.898354144865613602e-01,6.626111937154574028e-01,8.113611866188108479e-01,5.441665814471601248e-01,3.046760711695974955e-01,6.520209002347001626e-01
3.826356971160307929e-01,6.186972422938687988e-01,2.901345473859743285e-01,2.877063989958217327e-01,7.066112044591200680e-01,8.191506934879179136e-01,2.662376657411585912e-01,5.924512752175357111e-01,0.000000000000000000e+00,7.258629394611751939e-01,7.167669151311273357e-01,4.300572323634221372e-01,6.826475381658656527e-01,7.239272121398284687e-01,2.350520989215976464e-01,9.530398645799912360e-01,6.134172421730075264e-01,7.289438330818474032e-01,5.065689866524569762e-01,6.523393762471687563e-01,9.842578683233521586e-01,6.775725675352173294e-01,5.817700461583994453e-01,8.438103285558197220e-01,7.639244426193351201e-01,3.422681688199881167e-01,7.074059045092895293e-01,7.523569360437096787e-01,5.116768299490238592e-01,5.250264950148171295e-01,5.635505984094453247e-01,2.839229279748836654e-01,3.046511552218013064e-01,7.902134939168871108e-01,4.727878900199876666e-01,4.945093220598956729e-01,2.773381708475154417e-01,4.222439161805044416e-01,6.329468664372618347e-01,3.736472444920694302e-01,5.710638032061381431e-01,6.689324452113583064e-01,6.051030007287073742e-01,5.248978654688918333e-01,6.331218705147368953e-01,5.863436926145431105e-01,2.102779655581250573e-01,4.265662557035129754e-01,5.331773917793554141e-01,3.453936371545529571e-01,7.514018663628939665e-01,7.286780280925890807e-01,3.894375439086624757e-01,6.981987533702985749e-01,7.204554479248191923e-01,9.528337500051844433e-01,6.396266578307817641e-01,7.336022568926631182e-01,1.263658999654578563e-01,6.775951522819101402e-01,3.049775753266655842e-01,1.829619517773062864e-01,7.259488096403430291e-01,8.395656081056238618e-01,8.955164674619092713e-02,7.621462048138182288e-01,4.736181513748374261e-01,9.514905601577288152e-01,5.699227748927105930e-01,7.776859849094966970e-01,4.986617562348382160e-01,5.912705802275954881e-01,-7.381133907894768531e-02,5.231403680346298213e-01,5.226425416847515493e-01,2.627366045925939031e-01,4.592577813717466095e-01,3.341133617854378235e-01,-1.427066270136487236e-01,3.198049323589133297e-01,6.409220737663098300e-01,9.242271164070930967e-01,5.025527793597569515e-01,9.963721102083154813e-02,2.274736638241922626e-01
9.545440141975471970e-01,-3.966589364874387180e-01,8.337179290319041147e-01,1.770273015012644446e-01,7.963645874680954639e-01,5.588523498629180963e-01,3.915399829086812500e-01,3.308226274578858206e-01,7.258629394611751939e-01,0.000000000000000000e+00,9.876005230198299234e-01,5.438609572522655755e-01,5.675209620615183637e-01,6.244941770018704874e-01,6.674626234082349230e-01,8.564018929516589163e-01,8.418139775542662351e-01,3.921059541880334010e-01,1.554116136331761266e-01,8.363619560377173467e-01,8.580393890739628215e-01,5.811168404804262222e-01,8.887931714408099371e-01,4.345870386765671167e-01,3.206674123842593316e-01,6.562973775163530865e-01,6.019194609295777099e-01,7.369521161021566069e-01,4.115199409508282224e-01,3.742245190745848715e-01,1.442799300293695908e-01,7.749726034181397827e-01,3.841369338157109015e-01,4.819331384321961509e-01,1.788867024245366644e-01,4.954210762650230748e-01,5.092114547232436950e-01,7.560851694811125956e-01,6.992540813765342200e-01,8.784297298923151587e-01,3.292418670368972844e-01,5.086391013390860749e-01,7.781318214931840505e-01,7.152797810903105402e-01,7.238773423026462206e-01,5.050059491989592475e-01,8.165664306011698459e-01,5.974842596420282259e-01,2.293348532135310869e-01,7.619264442301865170e-01,8.484672836816844477e-01,5.524256695140271622e-01,9.282527404256519787e-01,4.870885875710481150e-01,4.953311093405305954e-01,4.031604333864149958e-01,4.857600744316214469e-01,4.528007793690641547e-01,4.959098951608081896e-01,9.425793043877673805e-01,7.754788128795788715e-01,4.669374826626931235e-02,6.248199069916805515e-01,4.834114516088333646e-01,9.212562264038637316e-01,9.514428772642361531e-01,3.305135574836828849e-01,7.607455914167511324e-01,5.289806963948466834e-01,7.434446696857475168e-01,7.488146653059593039e-01,4.818139887880381611e-01,3.148430390797845035e-01,8.020343811327924205e-03,6.546980517943821187e-01,8.035812627396919927e-01,3.995449669669318693e-01,2.130436569166916372e-01,5.720224852644695268e-01,5.591383809242997938e-01,2.030970034715083583e-01,2.017567243241724095e-01,2.027122561037186244e-01,4.252183282915468210e-01,5.355868329026001184e-01
9.078120754543603788e-01,2.204534514277541879e-01,7.086870344045685666e-02,7.792211143908465143e-01,4.917336599419763754e-01,8.428084195165038706e-01,7.699262533263435682e-01,5.966649856402256313e-01,7.167669151311273357e-01,9.876005230198299234e-01,0.000000000000000000e+00,9.859315477087344792e-01,4.952589470152547468e-01,6.584680670564515559e-01,5.216186624713632369e-01,4.217562453030939684e-01,7.774054913751896612e-01,6.086494705231565439e-01,5.154632909193498369e-01,7.416159929867934819e-01,9.261023375900845345e-01,6.014281028132580920e-01,7.250829889450676191e-01,6.510312150664155917e-01,5.136533618749357100e-01,8.325654956563028897e-01,9.995939655387040546e-01,6.764033970482330460e-01,1.890006850022100116e-01,2.837387102835617347e-01,-1.167614887977450333e-01,2.500853752263612062e-01,9.645499087389765025e-01,7.767215284794118935e-01,7.786191420649907213e-01,4.527095952158001757e-01,-8.704961555716422827e-02,5.159239177313259539e-01,3.252943381202147988e-01,4.986004588795933667e-01,6.802227734649810564e-01,8.596948392041207088e-01,9.652579727867774961e-01,6.355257471946755832e-01,6.816396663560205793e-01,8.111251435747355298e-01,4.680432845501929506e-01,5.505871013422312110e-01,4.721356671839712638e-01,2.826490499552281044e-01,7.641337072249105855e-01,7.771395004822175823e-01,2.344157178612642500e-01,9.651094269033158035e-01,5.993734649218966926e-01,5.991507660423796011e-01,6.857944787508376550e-01,4.445317042171877397e-01,6.544605968020884568e-01,6.888143613983029878e-01,2.754025942747485578e-01,5.721393905599851948e-01,8.795334124132424547e-01,8.422271160215196728e-01,6.971191926813178341e-01,2.956950353134369935e-01,6.818086011404431712e-01,6.824038514500487818e-01,4.805747083197567382e-01,6.494334448073144639e-01,3.575817387483903320e-01,4.136948474159717892e-01,4.190488537999981777e-01,2.363422863319286360e-01,2.520938753882623895e-01,1.033913299021283483e-01,6.699085209632920090e-01,2.769522448240268608e-01,5.141375379169647042e-01,2.106710353390133239e-01,2.651646163555167468e-01,8.925811149722781002e-01,5.507974517624362187e-01,5.595396639007208517e-01,8.908490708866807772e-02
9.147092350580176001e-01,9.725600016102375900e-01,9.635706365861378409e-01,6.561372571719426006e-01,7.731203524272638461e-01,6.636256048033903898e-01,-5.177097937809399530e-02,5.077602779213026274e-01,4.300572323634221372e-01,5.438609572522655755e-01,9.859315477087344792e-01,0.000000000000000000e+00,8.700897934317819438e-01,7.516710550156289194e-01,3.195317038806463339e-01,6.488518284203775854e-01,8.197051391578331625e-01,7.640141711372876454e-01,2.690344635983754062e-01,5.596719765156983328e-01,5.416754630882458788e-01,2.821369176997666761e-01,5.462105366456827538e-01,7.541415853389711321e-01,4.798975229053302760e-01,8.579239747583318199e-01,7.783055868023183166e-01,6.237264919501038785e-01,3.698413764531319758e-01,7.925789018920730289e-01,1.863619583652453837e-01,5.927880830392038281e-01,6.604302869551378352e-01,7.288416499783539892e-01,6.623325964770128138e-01,7.735635422204057560e-03,4.566331860205476989e-01,6.024958303285614658e-01,8.521032492232714084e-01,4.504099809870481530e-01,2.556950358390707168e-01,6.055642598855718317e-01,9.317399578362570711e-01,9.560710022071716718e-02,7.737312899677558642e-01,7.595507847063700524e-01,6.767577674366136442e-01,5.761868791938349332e-01,3.247412926848634029e-01,5.307312670225861062e-01,9.778066877532232137e-01,-2.632030546491168077e-02,4.069534080654917951e-01,5.898168174243263451e-01,7.522327982566621163e-01,9.733068051226626549e-01,4.915772631836124451e-01,3.288348642235324748e-01,2.240704557824739762e-01,1.158074687029341798e-01,3.103823311178804945e-01,4.777637359817352714e-01,9.742736328978875981e-01,6.423212528968600399e-01,8.997638874292559485e-01,7.735425085880907048e-01,7.325737470040871724e-01,6.559508711954040727e-01,5.697554306471601659e-01,2.149888358164891711e-01,4.584403328957049606e-01,6.017136351380082404e-01,4.471545710239180349e-01,1.129066722488185487e-01,2.934019797462495971e-01,6.316358920424367529e-01,7.057020440978063469e-01,1.325982226081242332e-01,1.865119550656492986e-01,7.699106417535108715e-01,3.869992001272747340e-01,6.312311433366120106e-01,9.899198791446528478e-01,4.549128907298216062e-01,4.525533856732983362e-01
7.319484880360435097e-01,7.817935484403524260e-01,8.188560631517103339e-01,9.980593541545179637e-01,4.232314170687616062e-01,7.095625520842029355e-01,4.974577702582844707e-01,9.707876130252370839e-01,6.826475381658656527e-01,5.675209620615183637e-01,4.952589470152547468e-01,8.700897934317819438e-01,0.000000000000000000e+00,7.956669410863366210e-01,9.101678550299593384e-01,9.849600516427841068e-01,6.701421310381865393e-01,3.184287686617958135e-01,3.919696175927113169e-01,4.504373345566634601e-01,4.865991282031301157e-01,6.376538591484128826e-01,5.429142066404926137e-01,8.267860318907844785e-01,6.613186294229340678e-01,5.427683654560052640e-01,3.754635455680080947e-01,3.271394759757927373e-01,4.256822856911657849e-01,-1.205854165025936342e-01,8.411423981335489075e-02,1.685122919843726891e-02,4.246142762455272779e-01,6.215742762212839168e-01,4.357271065390887488e-01,2.329018774478532616e-01,-7.257168351434176157e-02,5.965342369370725262e-01,8.013383248663786818e-01,7.102220293868776180e-01,6.255266683501200520e-01,9.496815630095217786e-01,7.402450994725031652e-01,8.747522729017453980e-01,4.516048777706682116e-01,7.293331472716160224e-01,4.118553010194589969e-01,9.305987177973007451e-01,-7.992964942440629328e-02,6.852623280417512452e-01,7.226921649885665877e-01,6.478967455321925639e-01,7.178742194780585173e-01,7.601939991108888073e-01,6.768137970874783527e-01,8.777432574141917909e-01,7.278157577933022093e-01,4.835774684933427658e-01,6.301164095474606208e-01,5.545516744151551825e-01,6.069602758859026226e-01,4.827930512584025502e-01,8.322547718902292280e-01,5.381542494767282969e-01,8.082977066359220419e-01,6.349466896862172582e-01,6.060595818761818077e-01,8.194513884187305530e-01,1.826139625662205335e-01,7.759284017604485273e-01,9.408098931083610506e-01,4.816152373372477591e-01,1.318951238590413688e-01,4.210822722046825457e-03,7.822585866613587235e-01,7.201671455326852378e-01,6.735197561196005767e-01,3.856770660840675435e-01,3.803878357121526221e-01,7.191277365019830281e-01,6.140931392924986465e-01,3.881007882490086214e-01,2.134234854274598692e-01,5.450113505568237038e-01,7.610012779349520917e-01
7.585778721299136773e-01,4.890038516394330514e-01,5.697891556887656472e-01,8.607477219619581454e-01,8.536273433634861130e-01,6.146133168692148319e-01,4.593180692519742148e-01,9.685337032083998210e-01,7.239272121398284687e-01,6.244941770018704874e-01,6.584680670564515559e-01,7.516710550156289194e-01,7.956669410863366210e-01,0.000000000000000000e+00,6.392421170429702926e-01,9.173317544516651489e-01,2.652572448032999505e-02,6.108416042455558914e-01,5.268984526152967751e-01,2.732776333148198011e-01,7.161058582652848337e-01,7.574931071478704370e-01,6.455173760054836452e-01,8.082208098688516973e-01,6.047288132105115288e-01,9.996823973621460357e-01,6.017989672038729365e-01,1.474474312669585840e-01,6.333761952086283675e-02,4.983696542235349636e-01,4.107570910203581782e-01,7.428040897608093052e-02,5.916197105697118541e-01,9.340170498081024064e-01,7.096928854045569945e-01,-1.619934742978235143e-02,3.927832203999287453e-01,9.637840066612710643e-01,9.262305979303095960e-01,8.500342895375933017e-01,5.006605297008028810e-01,3.222864941900897562e-01,9.910288791839824141e-01,3.902850032695001081e-01,9.434019089590244267e-01,6.491262153114075728e-01,9.884693337954925108e-01,8.026733454185781547e-01,7.410304429445996321e-01,6.815872164886506157e-01,6.437620212357690885e-01,9.972828608903989700e-01,7.162184761335393945e-01,-9.660741244958281904e-02,2.268956258730165654e-01,3.399482042437407259e-01,5.895349378694796361e-01,9.789454847746393851e-01,3.270999920117735327e-01,9.019935402690362203e-01,1.567415883757947437e-01,5.580402603152049279e-01,8.508446270497056485e-01,6.248552505586455474e-01,5.744807856742006891e-01,9.450990379342660841e-01,7.965622884651664126e-01,9.871980773239845686e-01,-1.684454414420296087e-01,8.183940293022814449e-01,4.789208297676110782e-01,7.106653169584178364e-01,1.604008859203416223e-02,3.462069177244759821e-01,7.656728822660112677e-01,6.458763674480604289e-01,4.070636288740433484e-01,9.016151858317719148e-01,6.422573744398045736e-01,5.940477048697448970e-01,4.539686568289871826e-01,5.211665745465775545e-01,5.006329701972188628e-01,2.706367788486581105e-01,8.767487460754143092e-01
7.604183996816527014e-02,5.205959881762082242e-01,7.107823598832182510e-01,7.407857517639850897e-01,6.201915090842200495e-01,7.731761625519213421e-01,3.137942445219367160e-01,2.363473804273765744e-01,2.350520989215976464e-01,6.674626234082349230e-01,5.216186624713632369e-01,3.195317038806463339e-01,9.101678550299593384e-01,6.392421170429702926e-01,0.000000000000000000e+00,4.255019949211648611e-01,3.674481549899969446e-01,4.319222386247022483e-01,9.403175764652577096e-01,3.574469478971740166e-01,6.878984104393832677e-01,4.648484482220230918e-01,8.083771710622208451e-01,7.798267279307382616e-01,4.701279693545462601e-01,9.623708598185194696e-02,7.051546740658797274e-01,5.996271834214288443e-01,3.244384290971125129e-01,7.296282857970569635e-01,4.784688186695428280e-01,4.697710634837364840e-01,4.835678182863726859e-01,3.014934211366547823e-01,4.156383602155542395e-02,4.045888289761343515e-01,-1.297644250747934380e-01,8.866347669841165846e-01,3.311304208096684798e-01,6.468023765061251540e-01,2.515819192573292562e-01,1.610770655521251704e-01,8.189484230990345948e-01,4.517528844088624096e-01,9.656529580940179658e-01,6.901514206381929029e-01,9.206372738393916455e-01,6.466286919385255683e-01,5.662059508330026247e-01,4.150661156011853370e-01,3.676913236616561331e-01,2.951617903272693577e-01,4.885526646056215228e-01,7.116131445354798579e-01,6.531233594987493341e-01,5.229303888173337800e-01,6.420209297024148665e-01,6.716121446644260917e-01,4.759609575189821529e-01,4.981398400826212436e-01,6.866272180033193839e-01,4.718729552781738001e-01,7.234735739073312466e-01,7.993582925071021084e-01,9.342020262757758653e-01,6.308924719905604217e-01,4.463684245195053135e-01,8.853563839815294934e-01,8.520560897554834145e-01,9.892887682255568915e-01,6.752989606437820314e-01,7.319035121780685937e-01,5.031252129641997639e-01,1.001472081810396847e-01,4.857191048450714699e-01,6.830436117049287770e-01,8.208445364069999473e-01,6.013908122666501432e-01,1.059921113545314597e-02,3.508443676281379209e-01,7.379885696010708429e-01,8.213305733696998345e-01,5.397862893377536331e-01,4.111746407441976281e-01,2.630513794279626394e-01
7.154393899615349994e-01,4.319390321111841180e-01,5.797345185132883882e-01,4.673254420330010817e-01,5.458175374544637082e-01,8.207799024430482149e-01,2.285352178662639622e-01,7.672909935571934348e-01,9.530398645799912360e-01,8.564018929516589163e-01,4.217562453030939684e-01,6.488518284203775854e-01,9.849600516427841068e-01,9.173317544516651489e-01,4.255019949211648611e-01,0.000000000000000000e+00,5.841110095556542037e-01,5.395791263939239135e-01,3.888666117669680178e-01,9.353246123731446815e-01,7.626114418510696602e-01,6.656054987932308320e-01,4.499198887302029437e-01,4.155503157115760793e-01,2.843464256136053470e-01,6.271652281633365300e-01,6.458449599858930856e-01,7.065078069930874616e-01,4.451044068340240245e-01,3.065233962857379368e-01,3.163828513374642992e-01,4.336684904987206379e-01,3.817854465756275184e-01,7.863022787010693904e-01,2.085958096124148620e-01,2.531359057308132376e-01,2.291935474541011986e-01,8.421414782829190759e-01,7.364030457354844295e-01,7.009837091055485248e-01,3.211806174541012027e-01,4.142030235493143753e-01,7.244683805667826437e-01,1.557061813807155692e-01,6.559942021773021992e-01,7.167476223671729318e-01,7.997128541248239575e-01,2.551146717395076369e-01,6.007904857200361270e-01,7.463269230132636434e-01,5.712108873296256606e-01,2.343957117766151677e-01,9.377870811214150670e-01,8.431843118753172828e-01,8.354425878923020798e-01,9.622210206825809742e-01,5.370618301471317135e-01,4.230364328734046997e-01,5.373780033470588746e-01,8.023849169669283743e-01,4.179874682206561332e-01,3.332924848529256745e-01,6.437540101135201809e-01,9.046694483734546433e-01,5.258970005337012532e-01,5.560492606793406845e-01,5.789760689693679296e-01,9.813355352233203988e-01,5.013757448881737133e-01,6.241738989372810353e-01,6.804158990499017401e-01,3.781281221099125345e-01,5.231483624886424932e-01,3.305376490509627230e-01,5.969973930723324607e-01,4.617776013685576109e-01,8.732038415883249804e-01,5.670881485665592026e-01,5.290165247670191029e-01,5.413152144446093939e-01,3.976085101571610325e-01,5.383877060750169585e-01,5.844003686067196224e-01,3.094446161513169646e-01,1.849188771921439489e-01
9.924034834754342782e-01,9.151616156719382111e-01,7.831514156174005370e-01,2.842160609997510523e-01,6.954733961991409474e-01,5.546257623539818660e-01,9.015931988312684275e-01,4.755252256783467635e-01,6.134172421730075264e-01,8.418139775542662351e-01,7.774054913751896612e-01,8.197051391578331625e-01,6.701421310381865393e-01,2.652572448032999505e-02,3.674481549899969446e-01,5.841110095556542037e-01,0.000000000000000000e+00,6.818077630146461843e-01,7.405476743794229266e-01,6.324996889752910745e-01,7.372057320565059690e-01,5.545003029371508019e-01,5.821677507929424733e-01,6.344127173188007784e-01,3.905910100883339675e-01,7.490418971665452341e-01,6.654076452459840585e-01,6.315416762300577469e-01,2.536392345707019769e-01,-1.087382758720321224e-01,1.888797001538636278e-01,5.287939024574767055e-01,6.358632655623043251e-01,6.498146195489971078e-01,6.145052888302312555e-01,7.670745464808432779e-01,3.949325696240673089e-01,8.155029552407653259e-01,8.222201919564958716e-01,5.398856180427432649e-01,4.968270936107025970e-01,8.763068936005664611e-01,7.944664314004514782e-01,6.871753181234437902e-01,2.708446227415912677e-01,7.466791329122325349e-01,7.161732990877603955e-01,4.056309920910277644e-01,2.292406705042864812e-01,3.679437726113865548e-01,9.688551843796358032e-01,8.663190023140570073e-01,3.300415118362124423e-01,6.409542709323138299e-01,6.278761524203853028e-01,6.718391029558948846e-01,5.601562926517209551e-01,5.779168941182076802e-01,4.072246398348106089e-01,4.360987145670015552e-01,3.341802915465200696e-01,4.197892444565735626e-01,2.447971920404237722e-01,7.958359900015232746e-01,3.511953345029136253e-01,2.966493194460160243e-01,8.665501921932701190e-01,5.272753729215641227e-01,1.634419102723488337e-01,7.534110294090207161e-01,7.095231084660241772e-01,7.674020954228447655e-01,2.415409343260053188e-01,5.824907042732937468e-01,8.282940545759972517e-01,9.067170853795274432e-01,5.113549057586256330e-01,7.957576080571931998e-01,1.122626395340619587e-01,4.018876484234441548e-01,6.713730412120578750e-01,9.425676329047456559e-01,6.460538228156850193e-01,4.631930327222751886e-01,7.397035234962019423e-01
8.869227290903068939e-01,7.590429987366766884e-01,9.148431086542817559e-01,7.280613604935599614e-01,7.938721134090621634e-01,5.725360525070313233e-01,1.717608043549471442e-01,4.155358296487707825e-01,7.289438330818474032e-01,3.921059541880334010e-01,6.086494705231565439e-01,7.640141711372876454e-01,3.184287686617958135e-01,6.108416042455558914e-01,4.319222386247022483e-01,5.395791263939239135e-01,6.818077630146461843e-01,0.000000000000000000e+00,7.494204522540096614e-01,7.262356553721774910e-01,6.229828158934717086e-01,3.340762574326849865e-01,4.849185475060359130e-01,6.043309658089073277e-01,3.813427338592352278e-01,4.989429210184637697e-01,6.962986942905925458e-01,8.021115119905778412e-01,5.092260421993961561e-01,3.648311131426395515e-01,1.118965834156392253e-01,4.091009275944334500e-01,7.855488509641532779e-01,9.875417737488878522e-01,7.360032854294464855e-01,6.834389663856244024e-01,2.393323473586814742e-01,5.631407029517694340e-01,8.500862382770798531e-01,5.830933282825646602e-01,4.558510226382167518e-01,7.328118741741473929e-01,4.846193565447283746e-01,8.942967208712643279e-01,6.803196634410630939e-01,8.309937132082115818e-01,6.812589200942685830e-01,7.062081879842980747e-01,6.966346580038181857e-01,9.666673920786919005e-01,9.205603451414420269e-01,5.679892871214911043e-01,8.912591601627998239e-01,8.523148499793213873e-01,8.819585377782853675e-01,8.663490784441151282e-01,5.518405145864611061e-01,7.878174046454904378e-01,2.553115082651078588e-02,8.008112524011056221e-01,4.047561062267538423e-01,7.788509607682786440e-01,7.245387010106018044e-01,5.947741031012137025e-01,9.158228400898573707e-01,7.394996617164978359e-01,7.261731734901633040e-01,5.539564259971166971e-01,5.688138584226913874e-01,5.371469161078850085e-01,7.407217036527997678e-01,5.277200347742445619e-01,-1.601679111410924394e-01,5.190293102196528174e-01,6.069714188506828423e-01,6.082457668167551290e-01,8.670163610637350304e-01,7.074196094278274449e-01,3.436280394284667583e-01,4.372708551944071154e-01,5.597697997427268923e-01,6.389241998467709571e-01,6.627217513632852608e-01,2.900879249344855970e-01,7.202414262186164207e-01
