0.000000000000000000e+00,2.836036303180595186e-01,4.688004390749056505e-01,8.228508317680207629e-01,9.453160315496115240e-01,6.778642087115313020e-01,9.936465826089894149e-01,8.877466464726088136e-01,5.474490704022424437e-01,7.234874637543968756e-01,3.713882855443602082e-01,3.275466836539704385e-01,9.969960602023809626e-01,9.979193927988984081e-01,8.872450949261819764e-01,4.507030922728313405e-01,7.139440494442170770e-01,9.531931230603173377e-01,2.689837047403539350e-01,5.357899626373529012e-01,9.047384953333716950e-01,8.771805295600060282e-01,4.625900102386225621e-01,2.188833159679431650e-01,6.385620666926786759e-01,8.768636287520362727e-01,9.011877218900429254e-01,6.281191488582550386e-01,6.930836184771853592e-01,2.778922162669459350e-01,7.926615316165680492e-02,9.142698847353187830e-01,7.911359585392852001e-01,8.750418619887019300e-01,5.568765592425706235e-01,-4.189292396325766665e-02,-1.515653097588554321e-01,8.756483648539028497e-01,5.342837002560428816e-01,7.070933386595159575e-01,5.749576787677371792e-01,-3.058430786601762374e-02,4.346907771987473246e-01,9.632028879579532799e-01,6.092820721785946469e-01,9.573068786623422088e-01,9.380931665931180330e-01,6.718050356049667382e-01,9.646018972908749767e-01,9.576246312356611057e-01,9.027779393602883840e-01,2.812963921918677501e-01,5.101447098030941207e-01,6.054550596211367708e-01,6.883634850984549081e-01,9.631854686491050366e-01,5.926698300047261725e-01,7.726665853246804661e-01,2.858330148422408845e-01,3.238106082788038687e-01,5.323892904656766234e-01,6.036458134414235399e-01,8.950247349937650032e-01,3.897205875636313710e-01,4.515480343028611121e-01,2.862039361884867184e-01,8.007714869886665143e-01,7.184302391519770126e-01,9.603197453272277473e-01,3.189243787350717341e-01,9.105102261241374562e-01,6.666518516688962892e-01,3.669039972451410003e-01,6.822072486412695813e-01,8.821458647515095786e-01,4.888785361827743814e-01,8.030155606395467105e-01,9.553786709860973003e-01,5.370392315963040675e-01,2.298821795779166233e-01,8.446440403108645967e-01,3.693253819397540605e-01,4.934627874970536343e-01,1.934897151950402960e-01,7.474339939224031726e-01
2.836036303180595186e-01,0.000000000000000000e+00,3.738231512610247775e-01,6.091078728759031780e-01,9.777981188325255424e-01,8.373386506794608941e-01,7.330820479216748620e-01,4.332963155900638186e-01,4.777334961943503489e-01,3.771130870817858693e-01,7.399741043088429171e-01,5.130076997561128227e-01,9.447367888907938216e-01,7.659799461658484132e-01,5.211132135959142264e-01,4.382261740006518913e-01,4.287673823036902698e-01,9.841533026756710267e-01,7.547450419342869310e-01,6.817675784598630218e-01,6.665745785416481439e-01,1.720174903874207573e-01,6.191071855173206906e-01,8.665893309757510821e-01,5.399913425150708601e-01,7.175822261647746281e-01,9.078828506234294382e-01,5.310518341884230553e-01,4.063699002622075951e-01,1.963145589249868372e-01,-1.574897040210986865e-01,7.425154664552642281e-01,8.839329182821280551e-01,7.903151171556748178e-01,6.027745392197503271e-01,6.393760485347571576e-01,2.426420249926834749e-01,2.043455734345219488e-01,3.977365485985581151e-01,4.402338921300318342e-01,2.176931714668902673e-01,4.255453360144351160e-01,8.167717629081151509e-01,6.874710450872720813e-01,9.243959205337094476e-01,4.739403113831184289e-01,6.669189783380282677e-01,6.699100297563037598e-01,3.476580287900278288e-01,2.637427933400947611e-01,6.257083169686109558e-01,7.087919791547996340e-01,2.964899896705318061e-01,3.173128736463941002e-01,4.584494868876106133e-01,8.949808187410954741e-01,2.031358075795161588e-01,9.300575693530944710e-01,9.786200511078106956e-01,3.159823698471938558e-01,5.890999623436274923e-01,7.035564599614605452e-01,9.284171297338826845e-01,8.280957040754209908e-01,2.368905954528159330e-01,2.114353591558930379e-01,5.115677939496791060e-01,7.301854000196656980e-01,7.314033467763886298e-01,8.870335714355034318e-01,7.860057480080855363e-01,2.475962548602793079e-01,5.199604672819653217e-01,2.962629934795846798e-01,4.982939985801196903e-01,7.246505754259777721e-01,7.694695665465074441e-01,4.241768819368572085e-01,2.949394877203719290e-01,1.062724761998010276e-01,7.084429058142488467e-01,6.746428642534210152e-01,6.418970601670994647e-01,9.554626826444111432e-01,4.325401482333157133e-01
4.688004390749056505e-01,3.738231512610247775e-01,0.000000000000000000e+00,6.316387314596920710e-01,7.968821389377642728e-01,4.108353617055263141e-01,6.840733032845256467e-01,9.514786064013027733e-01,7.812540259965904399e-01,6.286490681033725103e-01,7.600414813301911154e-01,6.698573529038827079e-01,4.820818696434099326e-01,9.863243558428680391e-01,8.283936644934462024e-01,7.606423153473522714e-01,8.756032093365765379e-01,7.509289780602981246e-01,5.577135548622004224e-01,6.823348410152131338e-01,7.726823968268435872e-01,7.905886781684543507e-01,7.433374481041467030e-01,9.501381256508865114e-01,8.308162092898271345e-01,8.136388420735135574e-01,9.065704004595729337e-01,4.405776297580132339e-01,8.561348687151332237e-02,4.785426187930188480e-01,4.260882737912106144e-01,6.478285793522486902e-01,6.268127381038205437e-01,5.062598731176071176e-01,4.179948122315835235e-01,5.328357074293371687e-01,4.514597453196505517e-01,7.258650811803358804e-01,4.469707352692086633e-01,9.292553988240195295e-01,2.175475910991588047e-01,9.045978411943582653e-01,5.502521085191399708e-01,8.436648743031892606e-01,7.333967422001355096e-01,7.779527833772180712e-01,9.813398864667093324e-01,8.891938866514580431e-01,6.158672615210318835e-01,9.946808526058591449e-01,4.790240793043552547e-01,6.030383185895350495e-01,6.222240288401097441e-01,5.203333235332070483e-01,9.203845631529389282e-01,4.774855796162043031e-01,1.301613066437009303e-01,9.407747482601250821e-01,6.692362157738525053e-01,4.938750851848762169e-01,5.282475736999452387e-01,9.279829975928146624e-01,8.991535593572766993e-01,6.791809885771066257e-01,9.842251912930970459e-01,6.120821751612554040e-01,7.470704606057524400e-01,5.303019962031851886e-01,8.958277852271853137e-01,9.417165198792601943e-01,9.008831610934254774e-01,7.253995277968958710e-01,4.325330460864349469e-01,2.765578889482807334e-02,6.221838298379828158e-01,8.779639110171149063e-01,4.065891160241342228e-01,9.998145418658924699e-01,3.800579377644754953e-01,4.894404774369320865e-01,3.214060586595057223e-01,3.026996559901418138e-01,7.235063783406068261e-01,7.825056759293915754e-01,5.384553374500489209e-01
8.228508317680207629e-01,6.091078728759031780e-01,6.316387314596920710e-01,0.000000000000000000e+00,8.862858469200876055e-01,6.763553242809965393e-01,3.951213919342831948e-01,5.451931047994895696e-01,8.125127993790940417e-01,8.896432843648192090e-01,6.901175995679798003e-01,9.182320823821658040e-01,9.852925423865598331e-01,6.677107148819982907e-01,6.324401781038280212e-01,2.309382258509417862e-01,8.020836807040278016e-01,4.538135051844279233e-01,4.528591638833383975e-02,8.321225742643448831e-01,7.321104807700891115e-01,6.283439272859786540e-01,8.377489572895542302e-01,6.681355993607649424e-01,3.164988223054681082e-01,1.970161282533677838e-01,3.888222078983385455e-01,6.717796739591587185e-01,9.726084289201253341e-01,3.930460362012794806e-01,4.551012111939159444e-01,3.776402342654321953e-01,3.054549591437633049e-01,4.883134324425518757e-01,7.455143722140263884e-01,1.156159989010072525e-01,4.990125043730189724e-01,4.590522870750730622e-01,9.065662679702202187e-01,1.607653210517877018e-01,5.057640968594508957e-01,9.138325575179886417e-01,7.572258043267912075e-01,7.051063983315898342e-01,4.333520556985892558e-01,7.535362446208684339e-01,8.478792248430601086e-01,9.957817372009256651e-01,2.741112391876507348e-01,9.120604162860823649e-01,6.494430538031558120e-01,7.444124881052334164e-01,6.611432545226881841e-01,7.322754444960366538e-01,7.393538924431939385e-01,6.143349939913641533e-01,8.453643403017843116e-01,4.480853405356399199e-01,6.064237457308834234e-01,3.118210634363344225e-01,1.682439141020186935e-01,4.181846933179742543e-01,2.233912323703249048e-01,9.776582709740554433e-01,4.440457853130090338e-01,5.007136393292223042e-01,8.883144562985714199e-01,7.529656404692659510e-01,6.758980433325514348e-01,6.388550192699036234e-01,2.701519563809173241e-01,7.722286969556607650e-01,3.836463702708469148e-01,4.620798351940672011e-01,7.313391256811901942e-01,4.785989831017813945e-01,7.007268215335531458e-01,5.424068649837565648e-01,4.183201243074098352e-01,5.976112822401190572e-01,6.727204685043300936e-01,7.367750878880273691e-01,8.120706401308060984e-01,7.647004188465861274e-02,3.979529419300798510e-01
9.453160315496115240e-01,9.777981188325255424e-01,7.968821389377642728e-01,8.862858469200876055e-01,0.000000000000000000e+00,4.902170798796804951e-01,4.243337504434563923e-01,1.615803911110355040e-01,7.188838927675659241e-01,4.014406099979298537e-01,5.062817970797918177e-01,9.438594891981809676e-01,9.961915175080053864e-01,6.474701669634842505e-01,2.810476306479589015e-01,6.464948661931033680e-01,3.119806361842761833e-01,6.592634271985381433e-01,6.280543645119687213e-01,6.347465163279276679e-01,8.496968371450166480e-01,6.295580105000619930e-01,4.254496940369992819e-01,3.806812584546111211e-02,7.566784749938059162e-01,7.498263529683822648e-02,4.681598436606427271e-01,6.064746743654473304e-01,2.438423986434158086e-01,5.877429785902548165e-01,5.028117634801175795e-01,7.279783994653368229e-01,4.462179850043435092e-01,4.050852845484059217e-01,5.224565201777202628e-01,3.262883856093535817e-01,4.652983822738432917e-01,5.314819475810113047e-01,6.125454863803798666e-01,4.318205636167464778e-01,5.676893253293998631e-01,5.714260091092466798e-01,8.970634444107326022e-01,9.642197915200249048e-01,3.882595286476365759e-01,7.033490090926930449e-01,2.700913805757347852e-01,4.969985530902975568e-01,4.413240314249181062e-01,4.722607316658888887e-01,6.721141800825222168e-01,6.184029383465201590e-01,8.473283193152425508e-01,4.433232586299168942e-01,9.596007580038186102e-01,5.953933715323589393e-01,6.593754459196990991e-01,7.631626634062127490e-01,4.752429742010670921e-01,5.272875447466283116e-01,-4.709705364782282300e-02,8.876293094555996743e-02,3.228862496040684205e-01,7.045441159025213063e-01,6.194754133577631272e-01,7.871116802047706251e-02,7.610584945704055304e-01,7.448902649782928043e-01,7.053686334871996921e-01,8.891251045776714657e-01,7.298010572967029708e-01,6.936782342095157983e-01,4.050595516525433148e-01,5.811622752849064932e-01,3.271092315129381367e-01,7.543698059220335095e-01,4.512266052969950980e-01,6.263115836859506347e-01,2.749477977631963888e-01,5.425453983662640312e-01,7.223321563471905016e-01,9.223984349828117102e-01,2.065425126929902044e-01,2.017312351374748458e-01,4.174335998120690672e-01
6.778642087115313020e-01,8.373386506794608941e-01,4.108353617055263141e-01,6.763553242809965393e-01,4.902170798796804951e-01,0.000000000000000000e+00,4.619722815524457959e-01,2.317278937951744722e-01,6.177953072313104865e-01,4.062648652108203917e-01,4.923808843509767108e-01,3.204896655099498393e-01,5.823899008424353596e-01,8.387571999681345813e-01,6.920193382826307360e-01,3.041136672094462701e-01,5.157673466175322075e-01,5.032929241444795698e-01,7.934010044591816024e-01,6.763421794626112149e-01,6.947278795010644048e-01,4.750008436685612678e-01,4.175244793890399708e-01,2.384588462863170832e-01,5.538131474720162650e-01,4.732768903987795150e-01,6.039900222496497051e-01,2.901223100679851119e-01,4.284316051423078808e-01,4.400012605592765191e-02,4.921209372694584361e-01,4.036986796047822845e-01,4.452425063128009897e-01,7.530651743759646521e-01,7.936874584089839146e-01,5.916597489113563091e-01,4.330620673466752391e-01,6.364690386957267965e-01,4.643116446789460339e-01,9.669571039762288045e-01,3.782088723676738651e-01,5.669435257380426307e-01,7.565977326436631456e-01,8.925994161506239921e-01,2.033959081467968943e-01,9.055848166276700972e-01,4.543119968693185573e-01,9.538617143341429072e-01,1.477125118709591012e-01,3.437561415493746164e-01,6.914079406483734092e-01,9.469879946114950764e-01,6.125886990018000189e-01,5.642922083051128412e-01,6.542141229500116895e-01,9.457405853044071886e-01,6.552531430152851444e-01,8.744469349129423419e-01,7.209587048317847024e-01,5.923091727266538431e-01,6.054952362869020499e-01,2.457526380272216648e-01,4.424120004621146518e-01,6.000091106959067888e-01,4.033235571114089368e-01,5.433363318474415671e-01,9.588286263777703322e-01,7.797191277734588644e-01,4.673555842154520357e-01,6.593037553798102302e-01,4.037415608328916439e-01,8.605894326541519979e-01,2.161931920411335473e-01,-4.334964456666715038e-02,7.574170959466068886e-01,9.936182184867422551e-01,1.526847991488580226e-02,9.005451585513273294e-01,4.603433098447662873e-03,3.010337866574034904e-01,8.804442473771127986e-01,9.511653436113002291e-01,5.173239084283461908e-01,3.080134169587743220e-01,5.503197613837627067e-01
9.936465826089894149e-01,7.330820479216748620e-01,6.840733032845256467e-01,3.951213919342831948e-01,4.243337504434563923e-01,4.619722815524457959e-01,0.000000000000000000e+00,2.326186059383262839e-01,1.579122912262659606e-01,6.015015775918265417e-01,2.413033901099819745e-01,3.935373849813375013e-01,1.586941243204005314e-01,6.469589591611047963e-01,4.362383915810981172e-01,2.906968418237542151e-01,9.672219862097034548e-01,3.662214106933716629e-01,6.896300781683496472e-01,9.113109987517028499e-01,8.722297230236996102e-01,2.173756916813797402e-01,7.934134118634216248e-01,9.549709477834118498e-01,6.597105552174512555e-01,7.131225978635552520e-01,3.580571735593519600e-01,3.504296728615805684e-02,4.958764848381898571e-01,5.019977403968463037e-01,4.722965304699960343e-01,5.921033889175417730e-01,7.535858274331682649e-01,1.551384296406033425e-01,3.085495996355085979e-01,3.448111226457872824e-01,4.430324867556545421e-01,3.593514090656436677e-01,8.728048243515298399e-01,1.253328407972247038e-01,4.326054264384526227e-01,6.629439000495644940e-01,4.952494899376341242e-01,5.850914444942003634e-01,9.318650396155683246e-01,-3.236016935311514242e-02,2.370656528288328513e-02,5.124370880915221083e-01,6.156840418067661691e-01,5.850925856734989772e-01,-7.161648373466322770e-02,2.086981122842598846e-01,2.119026946824363322e-01,2.880960619047912008e-01,9.967652607821880784e-01,3.405056215472530567e-01,4.172994831452534470e-01,5.602279333999150568e-01,6.325261374925525981e-01,1.157993052312122351e-01,6.901799928197497325e-01,2.977784741278793890e-01,4.825164528225385219e-01,6.048698939592969115e-01,7.056574400307703554e-01,4.700208172755517833e-01,7.932004787930689860e-01,1.241910047046766441e-01,3.029981622636377381e-01,4.714447793651217467e-01,5.122387805605579381e-01,5.239766420865668017e-01,4.417193762407319035e-02,7.114718273443074725e-01,4.440587188475174085e-01,3.320227041779734711e-01,3.096240561531878877e-01,3.652310701117263969e-01,5.315748903479599052e-01,1.540108228620455100e-01,2.028563849798311058e-01,7.039692588172844490e-01,6.460087246433043884e-01,4.532627007407895592e-01,4.327153835716096575e-01
8.877466464726088136e-01,4.332963155900638186e-01,9.514786064013027733e-01,5.451931047994895696e-01,1.615803911110355040e-01,2.317278937951744722e-01,2.326186059383262839e-01,0.000000000000000000e+00,7.396375826699271849e-01,3.932326889039354789e-01,3.911928415510434465e-01,7.860192033813283574e-01,2.802246633857306546e-01,7.917283375261714440e-01,6.766640325212878171e-01,6.132486249033870518e-01,5.902098545562115550e-01,4.397139259455776772e-01,5.775414820555838658e-01,6.299873706490876080e-01,7.445931914408562280e-01,6.169665834720711173e-01,3.477337632917320565e-01,9.334700915313938197e-01,4.326165736028783626e-01,3.897937108587056221e-01,3.591138116646012124e-01,3.423812887690974582e-01,5.884391045144634624e-01,7.322793671347774813e-01,5.056175492683457895e-01,6.495331867087245081e-01,7.328000471745657052e-01,7.489559439555618647e-01,2.851922614299673975e-01,3.161042762648788029e-01,4.721338044161952352e-01,5.949145354042604250e-01,8.217280655820263791e-01,5.212190072073182856e-01,5.750398854924241299e-01,5.255215336872612331e-02,4.045363475206384396e-01,7.111574521701996554e-01,8.318317387192670775e-01,-6.413890689784326749e-02,9.103884269877240420e-01,7.319743526198949635e-01,6.349054467870225427e-01,4.153694696247892115e-01,5.024939340600453885e-01,7.711365403796598406e-01,3.625424118830276043e-01,8.604124153028472888e-01,7.933435121792596911e-01,8.415107236495655840e-01,4.423159962735834227e-01,2.664506700624011404e-01,6.896942034381332576e-01,6.255863852426576388e-01,2.625553407111180237e-01,5.163275727785267000e-01,4.241811272211949424e-01,8.019203851102949532e-01,8.169683916362870946e-01,6.443403549734667557e-01,7.391207184435575339e-01,7.883705159476968038e-01,2.987769961724858758e-01,3.078539178781893870e-01,6.036142643468105362e-01,5.307462291054072523e-01,5.177122872109065632e-01,1.116594808679797213e-01,5.227521543252164893e-01,7.929154170964635151e-01,5.423238210602345788e-01,6.616080751073983857e-01,3.166607774066311776e-01,2.401643550418754158e-01,7.805528901095001304e-01,7.318915685840001739e-01,9.388667347194457058e-01,1.250287525415969270e-01,7.096262750246533635e-01
5.474490704022424437e-01,4.777334961943503489e-01,7.812540259965904399e-01,8.125127993790940417e-01,7.188838927675659241e-01,6.177953072313104865e-01,1.579122912262659606e-01,7.396375826699271849e-01,0.000000000000000000e+00,1.335049734631127694e-01,7.679511611789013870e-01,5.831198353269499979e-01,7.203527500645767745e-01,4.295333889959723761e-01,2.620217420862729907e-01,4.124908175523080978e-01,5.266164252642260291e-01,5.331874849816309325e-01,5.744146749665439700e-01,7.597699620437869950e-01,9.626267387658037356e-01,6.818555771832947032e-01,6.979296507830520246e-01,7.150106998013739945e-01,4.733791399682593104e-01,6.986107273685772112e-01,8.305136362613750878e-01,5.612014127948501407e-01,5.297208872188635675e-01,3.270774705246488889e-02,3.988893968493107955e-01,3.931122781846860814e-01,7.481342044301966254e-01,7.734822131225835840e-01,6.575707180803961327e-01,7.880634132259097813e-01,5.002688634890444241e-01,2.074396002077970591e-01,9.368981968298643048e-01,8.627932806333660221e-01,-1.119102250774753199e-01,4.019496146005833159e-01,7.692648904800726273e-01,6.277140733567311282e-01,7.421350178514050100e-01,9.536301847484888183e-01,6.099849230848961579e-01,4.366779554727618917e-01,6.200117618139864284e-01,7.435486157260247086e-01,5.584550845191416091e-01,5.149220362393090999e-01,5.613891750732542540e-01,4.506401835695878488e-01,2.282578806418661399e-01,3.621627616236077207e-01,2.553557238274475893e-01,6.073340621056109168e-01,7.498116190475873077e-01,6.627917484810982307e-01,6.565375574536868042e-01,5.964967870700311758e-01,7.127209846955160355e-01,4.128620920091499724e-01,7.007657770355307791e-01,1.399993224134499503e-01,4.994389237150103078e-01,9.717723881168678357e-01,3.972459510482760914e-01,6.452638400339713032e-01,6.961679280562815819e-01,4.987743633139929411e-01,5.587662655866316719e-01,1.596486575255782747e-01,2.358084688456965616e-01,7.442237410402122721e-01,2.913213109497587716e-01,7.159681061578303529e-01,7.663070612590983099e-01,5.737525949782031898e-01,7.561144389211197359e-01,9.910633348982028634e-01,5.916657099077455850e-01,5.163768324509686591e-01,6.152324826506742061e-01
7.234874637543968756e-01,3.771130870817858693e-01,6.286490681033725103e-01,8.896432843648192090e-01,4.014406099979298537e-01,4.062648652108203917e-01,6.015015775918265417e-01,3.932326889039354789e-01,1.335049734631127694e-01,0.000000000000000000e+00,3.043575656017019626e-01,5.095454165680884939e-01,3.654721617007128387e-01,7.841146063395155741e-01,2.108068672035992575e-01,4.357632598763960807e-01,6.927313881294565601e-01,5.026353363064673951e-01,8.987219147765523886e-01,7.005012603470288646e-01,8.751544792867117506e-01,5.411583390615151146e-01,8.785472562390661544e-01,7.481964963346072750e-01,4.704054849365202906e-01,6.016679443596552046e-01,7.696783712005826894e-01,5.253411886038799050e-01,3.534318402858022123e-01,6.179907352619526950e-01,1.675492802499009282e-01,5.428368704405528954e-03,9.196132793859271848e-01,8.402239588836981632e-01,8.249144923731829282e-01,7.140691209734666423e-01,1.959397465170332753e-01,6.116178864455358299e-01,5.644617351700653707e-01,9.667316423988424612e-01,7.090581732275457183e-01,6.027899853470626290e-01,6.763850902089223460e-01,9.842161467058418989e-01,7.728441299593392655e-01,6.145166235080279371e-01,7.939804269879285892e-01,5.916586971079618174e-01,2.976021271975500260e-01,7.325874544672411615e-01,5.423693698218556847e-01,5.499400020773521636e-01,5.824870788498615060e-01,6.155916350432308892e-01,6.213739053661749834e-01,6.555415770928944008e-01,6.334460798490993971e-01,5.581522030599443962e-01,6.443594304427393560e-01,4.105764421851219037e-01,5.091648924143723498e-01,3.600144174041595146e-01,7.522197663317011784e-01,9.302055797109317625e-01,6.133717211671504410e-01,6.777621561483289092e-01,9.195879852987717262e-01,6.298839761601121578e-01,8.925347366934456295e-01,4.321687119456828485e-01,6.282786214731133079e-01,7.275675996271298018e-01,5.146955948560938410e-01,2.934901719311978630e-01,1.371914200595979738e-01,5.918795472572528915e-01,9.196040922642028104e-01,3.731265528771605111e-01,3.592066376413572404e-01,2.500581949390638381e-01,1.273109979485642085e-01,6.324879022774461124e-01,3.726080612629548705e-01,8.233687892367264061e-02,5.974988656009294630e-01
3.713882855443602082e-01,7.399741043088429171e-01,7.600414813301911154e-01,6.901175995679798003e-01,5.062817970797918177e-01,4.923808843509767108e-01,2.413033901099819745e-01,3.911928415510434465e-01,7.679511611789013870e-01,3.043575656017019626e-01,0.000000000000000000e+00,3.286345570593808829e-01,7.897412738713681379e-02,4.307036887500229616e-01,7.139924306611632465e-01,6.756016615947737503e-01,6.313904407121510021e-01,8.974227043526229464e-01,8.223770434111197236e-01,3.111436408231562645e-01,7.789170959237683434e-01,4.414674321195887763e-01,6.288990133620673273e-01,8.812071079204658597e-01,4.049789574858229657e-01,2.999009467979094068e-01,8.697793831255996588e-01,5.969941807212046925e-01,5.716124216495631627e-01,4.167516855130768971e-01,2.753175932785570379e-01,5.407504526164415015e-01,7.904884689256228558e-01,7.898152234407628258e-01,7.295680260273829099e-01,6.920327112346205123e-01,2.247098875747605695e-01,5.173451438903151622e-01,8.957833222773164961e-01,5.288391659877588191e-01,2.679690845919633357e-01,9.670043180266493232e-01,2.142965939615353310e-01,9.696794708915571492e-01,8.901881185017233022e-01,4.300120669246865202e-01,7.996234851698722501e-01,7.399891812328218688e-01,6.808721512308856250e-01,1.564483676043295635e-01,5.608869186830935938e-01,9.993840830954818788e-01,5.510239790367632562e-01,7.744398022605321064e-01,9.111919846359977093e-01,6.432735771284606718e-01,5.724878047629922140e-01,7.377468037307385318e-01,6.987259270128688415e-01,5.144009495522057218e-01,1.216972290216726676e-01,6.898135413186835541e-01,8.723866819292334096e-01,7.947629701294252058e-01,5.573473978121066263e-01,5.214067770392769585e-01,6.994782855844238201e-01,8.374596903589462960e-01,5.865121072731176444e-01,8.035716567779320751e-01,7.304086158311757782e-01,7.388919579153023776e-01,-7.745826093748262031e-02,7.578029900758401771e-01,7.136497965995564075e-01,5.405570599089783990e-01,7.144365291983525434e-01,1.980923070897166929e-03,1.807049774905125084e-01,1.495631143189489476e-01,7.716288274312872453e-01,7.529395537828218465e-01,4.279336861456021213e-01,7.474074395933744119e-01,7.204106796458571438e-01
3.275466836539704385e-01,5.130076997561128227e-01,6.698573529038827079e-01,9.182320823821658040e-01,9.438594891981809676e-01,3.204896655099498393e-01,3.935373849813375013e-01,7.860192033813283574e-01,5.831198353269499979e-01,5.095454165680884939e-01,3.286345570593808829e-01,0.000000000000000000e+00,9.617927766065060835e-01,4.133614604276315552e-01,9.741694452105120750e-02,5.974686352920658416e-01,5.305507820144835796e-01,7.038472941884379441e-01,4.322098972997608923e-01,6.646141923747963531e-01,7.918405879521122070e-01,2.774193325257180986e-01,5.492462240540747498e-01,9.572317806270493890e-01,5.876573405981864173e-01,5.173864374779961750e-01,4.458940149268604825e-01,8.289659417497107219e-01,4.316189282167168795e-01,2.154317827683356057e-01,5.491876872164904722e-01,5.629696746225801851e-01,4.152667371074802438e-01,7.874392663419401694e-01,4.545919007553650415e-01,-1.343903162442733890e-01,5.060385392618866884e-01,7.024765806236819010e-01,2.863120398793759236e-01,8.118774505634097638e-01,2.729535266606283317e-01,7.617047747051441942e-01,5.658535811848319774e-01,9.268593388538974853e-01,8.095888365129034758e-01,5.707928052509222416e-01,7.011568194527795228e-01,6.226550660883097832e-01,4.846938704708887435e-01,5.581014112100892710e-01,5.756694573556485617e-01,7.059140035111166611e-01,9.602383901040015823e-01,4.767084073018358348e-01,2.094597916412614114e-01,8.276891353280754204e-01,6.246048082978040705e-01,6.143545629789931573e-01,8.498162243709683761e-01,1.545834635664310452e-01,4.526591684664028614e-01,3.765121685962211640e-01,5.576774030427303908e-01,8.623404902328208887e-01,7.118421791805779053e-01,6.238335221831274868e-01,6.273535214062602172e-01,9.185878779285594486e-01,7.377205520238235836e-01,6.265718598284769625e-01,7.961359073012839183e-01,7.486800193037783657e-01,4.819321927987296750e-01,6.941860130712412813e-01,4.496447877814238603e-01,9.120987655242582814e-01,2.733498475347478918e-01,5.980114302863408504e-01,4.097626404104710574e-01,4.366256095734629139e-01,4.046982662879397563e-01,9.903496138457353881e-01,8.112719214683467017e-01,3.083260325130948720e-01,6.736662235175764346e-01
9.969960602023809626e-01,9.447367888907938216e-01,4.820818696434099326e-01,9.852925423865598331e-01,9.961915175080053864e-01,5.823899008424353596e-01,1.586941243204005314e-01,2.802246633857306546e-01,7.203527500645767745e-01,3.654721617007128387e-01,7.897412738713681379e-02,9.617927766065060835e-01,0.000000000000000000e+00,6.570875193901060118e-01,3.909583592087207959e-01,9.190624431302577557e-01,7.547350719778314065e-01,6.674624813696297121e-01,8.633063044338263881e-01,7.191448291135569271e-01,9.389310428382564577e-01,9.172465100078770472e-01,6.571061171052866579e-01,8.735788284610627175e-01,6.677363666018003574e-01,7.801130066808532604e-01,7.727615727156911252e-01,5.998736119278292866e-01,2.098909102984958253e-02,5.918829452887474085e-01,5.863606189145201819e-01,7.873996156252092149e-01,6.449394956199535622e-01,8.570611842543186532e-01,7.140120217645506973e-01,5.043280466957916763e-01,5.453878708209256576e-01,2.856084074670266482e-01,7.383036905078235179e-01,6.152853530457611519e-01,2.054149878129593598e-01,7.157850612943724711e-01,5.045774777716859338e-01,2.580108822366576904e-01,7.121664493396945295e-01,4.621014233291509399e-01,6.129879300890527238e-01,6.455109512355408086e-01,7.133601640164173308e-01,7.641559570898233400e-02,7.446734453796289843e-01,5.136030500874940730e-01,6.441347836756778911e-01,6.140222001469897162e-01,7.300543281520150973e-01,7.555163999290493981e-01,5.267071133826944224e-02,4.381570749580842028e-01,5.457411925419897170e-01,5.181326332465667761e-01,6.347132805814711398e-01,7.870558552108735118e-01,5.412462058653118024e-01,8.752602600371942598e-01,9.468233109353096921e-01,6.827489047810043621e-01,9.257717604355562013e-01,9.252693498543180795e-01,7.359061801133749414e-01,7.093649231730072557e-01,3.849892160044833256e-01,3.201879017892406698e-01,2.413153915570717123e-01,2.109627280408256367e-01,4.207763769342672822e-01,6.665567570674464370e-01,6.610027305056519475e-01,7.580071852396895737e-01,2.528577222963624971e-01,1.901745616880852752e-01,5.666094882299624880e-01,7.886111898375897100e-01,7.487017786682018672e-01,7.273265651496220174e-01,5.464893981983938165e-01
9.979193927988984081e-01,7.659799461658484132e-01,9.863243558428680391e-01,6.677107148819982907e-01,6.474701669634842505e-01,8.387571999681345813e-01,6.469589591611047963e-01,7.917283375261714440e-01,4.295333889959723761e-01,7.841146063395155741e-01,4.307036887500229616e-01,4.133614604276315552e-01,6.570875193901060118e-01,0.000000000000000000e+00,6.593182692111103638e-01,4.150599146803810591e-01,7.049141788183153068e-01,2.548441419231509686e-01,3.991017394485337766e-01,7.376802365249132132e-01,8.084882066224400310e-01,6.762149290394632306e-01,9.319351989572155492e-01,9.056766496676060818e-01,1.590212178056127079e-01,8.264860894139257619e-01,8.250005763284807836e-01,9.665717607652519749e-01,-1.985822931380560596e-01,6.831699861145037467e-01,3.856800941535037386e-01,6.648240794372943796e-01,7.119263975940055555e-01,5.579672015073318114e-01,5.125431535752410506e-01,2.895082374446424356e-01,2.269006664485908042e-01,5.563239940761990354e-01,8.063653318613621668e-01,8.448734352005090598e-01,2.118156563935164327e-01,9.192970864869484116e-01,9.081827915425408904e-01,8.225068858782922376e-01,5.420468770292594662e-01,9.204673138095850193e-01,9.025592233546348986e-01,6.617942304301754897e-01,7.830119904817337551e-01,9.097463234690690292e-01,6.249312977270581326e-01,6.508413241458753662e-01,9.413996901821164442e-01,5.519393355612755014e-01,4.357032362674408410e-01,6.796216895800277769e-01,6.205457396283715621e-01,9.713968588818090444e-01,4.215875860405064457e-01,6.689113349875102088e-01,3.853444875494168032e-01,7.762753896777675466e-01,6.981720151170771604e-01,9.062829262338025771e-01,9.920510264195001593e-01,6.085693855658766971e-01,5.616294979014713196e-01,8.526044209002251462e-01,2.048086855460390654e-01,8.128509469827503997e-01,5.948373782073806959e-01,9.234597057994576863e-01,4.686544718167430790e-01,5.753080815320716912e-01,5.505484274094348818e-01,7.416646136973981118e-01,3.373502221974920001e-01,6.070611139979412707e-01,2.287328657615523009e-01,1.160710623059209717e-01,6.599505429763665720e-01,9.348339362596173041e-01,7.040321064764846204e-01,1.625413899656297234e-01,4.201449236317658653e-01
8.872450949261819764e-01,5.211132135959142264e-01,8.283936644934462024e-01,6.324401781038280212e-01,2.810476306479589015e-01,6.920193382826307360e-01,4.362383915810981172e-01,6.766640325212878171e-01,2.620217420862729907e-01,2.108068672035992575e-01,7.139924306611632465e-01,9.741694452105120750e-02,3.909583592087207959e-01,6.593182692111103638e-01,0.000000000000000000e+00,4.165473499377957411e-01,7.930077570739593185e-01,6.434891866048917386e-01,4.273580824038566983e-01,7.536479294033244791e-01,8.468429618777522094e-01,6.832683442700165921e-01,7.153035120072671615e-01,6.539071240698535181e-01,7.001086708004415904e-01,6.657850800748029707e-01,8.194596456314118260e-01,6.215712735693900148e-01,2.360121576405055932e-01,5.726920322838858768e-01,1.553377790688780236e-01,4.010465978780202168e-01,6.598961232955318224e-01,4.381309778474187788e-01,5.599502597143074523e-01,3.594869813971839356e-01,1.245444081286534027e-01,7.236082823938322361e-01,8.369232146698957209e-01,1.320372737016994591e-01,3.068929087854821991e-01,7.008142425678282050e-01,7.955256306365551255e-01,7.578650778826373502e-01,5.860314228218836963e-01,6.418550313197567414e-01,7.777724463398384414e-01,4.776270493296264075e-01,7.528620634448015547e-01,5.107980761251629254e-01,4.565264080087841347e-01,5.840118582074070863e-01,-8.479895958881900064e-02,4.009212904148619638e-01,9.840667936393012738e-01,4.368084340780700181e-01,1.089005176296898719e-01,4.461707219981672634e-01,7.621643045908267355e-01,4.460343396179162201e-01,3.541840964207816633e-02,6.986969099826638718e-01,7.283736199848305226e-01,9.806920464379123015e-01,9.175762729706543608e-01,7.579650653559102391e-01,-4.748252663528049200e-02,8.903887598925783742e-01,7.879076621063390018e-01,3.003426922900089835e-01,6.272320052693242109e-01,6.037843847592987423e-01,1.472208373311400531e-01,5.142870845262899338e-02,7.606002497163480980e-01,5.871994239039662888e-01,7.924851778454309326e-01,6.601202819583069648e-01,-5.698897902986557740e-02,1.519882552430876776e-01,2.534298454788503907e-01,7.931539400054401501e-01,5.042009223126832085e-01,4.505228286791992942e-01,5.063441351202152552e-01
4.507030922728313405e-01,4.382261740006518913e-01,7.606423153473522714e-01,2.309382258509417862e-01,6.464948661931033680e-01,3.041136672094462701e-01,2.906968418237542151e-01,6.132486249033870518e-01,4.124908175523080978e-01,4.357632598763960807e-01,6.756016615947737503e-01,5.974686352920658416e-01,9.190624431302577557e-01,4.150599146803810591e-01,4.165473499377957411e-01,0.000000000000000000e+00,4.482018439743702953e-01,4.205935392231951453e-01,7.721288464658004891e-01,9.412618098627689722e-01,6.317733993781575741e-01,2.603610107335468937e-01,4.654602824829583430e-01,6.535001057197036278e-01,4.202524108676650716e-01,4.209076092981567374e-01,8.632617507787496702e-01,9.869178863719377803e-01,5.726168419960271372e-01,3.506608293705132384e-01,3.782842740156715511e-01,3.582257625881185015e-01,2.266189586401797240e-01,7.685958171681117612e-01,5.850420540963158222e-01,4.614630886389209929e-01,3.320776951236527053e-01,2.236118392436462765e-01,5.509425780944979811e-01,8.321851028604211331e-01,3.968805929433557034e-01,4.457519944175575288e-01,4.838474654188087976e-01,3.686164300460869070e-01,3.220816064830145375e-01,6.892364033561964032e-01,6.443827229147003344e-01,2.414207251357657902e-01,3.021135894893481888e-01,6.474050569245977105e-01,5.198999278090955523e-01,8.400365509915123097e-01,7.603575710226817552e-01,5.449663950398258017e-01,9.953919370024435498e-01,5.065295846952583281e-01,8.055937430736372917e-01,6.401397983492258525e-01,4.643058089144984635e-01,1.636204095957200788e-01,3.705562528477077677e-01,7.238162686202449791e-02,4.153506202680115056e-01,2.770660001795327010e-01,8.343978592574508024e-01,5.018000651298977211e-01,1.661627125648384440e-01,5.507623345615990651e-01,2.890207608530926953e-01,7.398615739759197840e-01,6.820350224718322307e-01,4.641096767802887491e-01,7.715082553091604511e-01,2.290455591837262384e-01,4.462882422744204880e-01,9.848424324040476741e-01,7.312589638899813504e-01,2.928333180728534546e-01,-4.868134400476836765e-02,7.462998278142998210e-01,5.009431568394455692e-01,4.587129538268873152e-01,5.195020271277156487e-01,5.496294827382433024e-01,5.470992563013923338e-01
7.139440494442170770e-01,4.287673823036902698e-01,8.756032093365765379e-01,8.020836807040278016e-01,3.119806361842761833e-01,5.157673466175322075e-01,9.672219862097034548e-01,5.902098545562115550e-01,5.266164252642260291e-01,6.927313881294565601e-01,6.313904407121510021e-01,5.305507820144835796e-01,7.547350719778314065e-01,7.049141788183153068e-01,7.930077570739593185e-01,4.482018439743702953e-01,0.000000000000000000e+00,6.392341711350915112e-01,4.677782511711177094e-01,9.432369480841318321e-01,5.056827747191731115e-01,8.900009635264894969e-01,9.825724259063819410e-01,7.792521541696749710e-01,5.115918293008947515e-01,7.123876876948109782e-01,8.732611131208019017e-01,4.870414631163644259e-01,7.860410610162230638e-01,6.910541743086383581e-01,1.551747166240164955e-01,5.531083481048773010e-01,8.338809298006061299e-01,9.378762498675812243e-01,6.128362811970471391e-01,3.010749245459342638e-01,3.234569741561300615e-01,4.688228093927575002e-01,6.316212768846468650e-01,7.199371180461253683e-01,1.304612280688315640e-01,5.923020867015311719e-01,4.766722364583048099e-01,9.501958829612462409e-01,8.816183816467636492e-01,9.889097582201824554e-01,9.553343780017398146e-01,8.151084152081978784e-01,9.874031972782576494e-01,4.276460076999999971e-01,4.357773054670385782e-01,4.175320661960910118e-01,-6.774086205342605416e-02,9.199207925531633911e-01,7.467393838178526533e-01,-9.885123094676748212e-02,9.352054700258537467e-01,6.436348075535567315e-01,9.460102913530484825e-01,7.985840828048074158e-01,5.238285017778018249e-01,9.030681970835010564e-01,6.814941052857332870e-01,7.185065541213662144e-01,4.488957545801768867e-01,4.818371467325583968e-01,6.523762055186603792e-01,8.666734689165104255e-01,4.338988737504582693e-01,2.833373625587198297e-01,1.913094467732858739e-01,7.179286336253967171e-01,6.156430792065603619e-01,1.816786542305010022e-01,9.894448781832076989e-01,8.714369236413056496e-01,7.531666799943370627e-01,9.115452268988833984e-01,2.303160208475258930e-01,7.150728177236822525e-01,6.740963636379809776e-01,6.863696702708277364e-01,9.297061381504168054e-01,6.954360141276112461e-01,6.226773856876887114e-01
9.531931230603173377e-01,9.841533026756710267e-01,7.509289780602981246e-01,4.538135051844279233e-01,6.592634271985381433e-01,5.032929241444795698e-01,3.662214106933716629e-01,4.397139259455776772e-01,5.331874849816309325e-01,5.026353363064673951e-01,8.974227043526229464e-01,7.038472941884379441e-01,6.674624813696297121e-01,2.548441419231509686e-01,6.434891866048917386e-01,4.205935392231951453e-01,6.392341711350915112e-01,0.000000000000000000e+00,5.356436214101221310e-02,5.321816209117873342e-01,8.764864804439926882e-01,7.630666305716813369e-01,7.145239633850785088e-01,5.362428602556807977e-01,5.346940342891611797e-01,5.054678393655573920e-01,8.124294359981167890e-01,6.964644420690802029e-01,3.367615377180493974e-01,4.645468898236554400e-01,3.310369222400356137e-01,5.966049798792529835e-01,4.072739526033960500e-01,8.911125291984360874e-01,6.575028629532795321e-01,2.596559084951846619e-01,2.376195831921630586e-01,4.803271975392338078e-01,7.174936375894733764e-01,9.762720881519085792e-01,3.874737041451206121e-01,6.631846203940611195e-01,5.413404314430207975e-01,5.172347974737671050e-01,7.584363463592891375e-01,5.480249915979659159e-01,9.066551919354858269e-01,2.038508587625278423e-01,4.579793085784249485e-01,5.992083555373668435e-01,6.915721942294231761e-01,4.652873795027917536e-01,4.248224305356383956e-01,1.393986046789276734e-01,4.862307733259480513e-01,6.051121896038856862e-01,3.213640986406406941e-01,6.118947366751199546e-01,1.498851532389408048e-01,5.785711832724662607e-01,6.159259199417501662e-01,4.579858783385559740e-01,8.794724725689149203e-01,5.252340106298332145e-01,6.446881186765808236e-01,4.028699753994833821e-01,4.200008019106690194e-01,8.180385422162289588e-01,6.789676221052617366e-01,3.360315906148319542e-01,9.747489466192353902e-01,7.116051091096318171e-01,2.544108829933449667e-01,5.174203350085591069e-01,6.540264637359467503e-01,8.572191163159500471e-01,6.930943304691239426e-01,4.164778021355717841e-01,5.587808772559428316e-01,4.129806408045887389e-01,4.404519499494669033e-01,6.110668911029470962e-01,9.419834391258741224e-01,5.796911320732205386e-01,4.421791862771802806e-01
