0.000000000000000000e+00,9.115167442692405642e-01,9.887224417299989021e-01,9.907341141798249318e-01,9.287618821240711808e-01,6.173116990563189965e-01,-2.355493701758304415e-02,7.695787291086350068e-01,7.957346737009965976e-01,9.761581372183424365e-01,5.038768669119850774e-01,4.441462908583079794e-01,6.779806939527527332e-01,9.877102034005198483e-01,9.370097953136505842e-01,7.805697629195909037e-01,8.456516839002776731e-01,7.038631750504911189e-01,2.776431183642314449e-01,1.201630947160697849e-01,9.591497006903335620e-01,7.912566297322227715e-01,6.347977967210884920e-01,9.598570826749069917e-01,6.444231024453910273e-01,3.900767478040452207e-01,7.937343876311002688e-01,9.694452741393303485e-01,2.808930059265152823e-01,5.019749341212044191e-01,2.966109488228556024e-01,9.098140289846873285e-01,5.144569896635818873e-01,6.076530685611563065e-01,7.809231127002407291e-01,2.880363416927914644e-01,4.569305725862913420e-02,6.806586766765998497e-01,8.021975593165138196e-01,7.343863703973744217e-01,1.151708010557055406e-01,6.004351150742033294e-01,9.999709866936369318e-01,4.675698325189979743e-01,6.395270573432280947e-02,8.782552180738947278e-01,9.607379544114917902e-01,5.144896206442128861e-01,7.280150469955222192e-01,2.631723728645962712e-01,7.487189509832163914e-01,6.589435669264677164e-01,5.530588646935781227e-01,9.696205723457173020e-01,9.422812201546201250e-01,6.400502176770276330e-01,9.573596981017027385e-01,8.714667129345203822e-01,5.171043386684821552e-01,4.448821448980511684e-01,4.859342827920700159e-01,7.558160877631295849e-01,7.452892429137205621e-01,-1.017341042384600491e-01,9.215724187675914392e-01,7.470045003335809009e-01,8.581120285479373333e-01,3.080786223577355321e-01,4.476343788787195410e-01,6.706721815001619458e-01,5.628591264368679736e-01,9.340437812187643019e-01,4.799208569007597514e-01,3.169198257750233116e-01,5.329153006443905216e-01,8.678261935992860332e-01,4.135577824880426467e-01,6.251194226278286026e-01,5.412681210077643357e-01,5.344487356215501528e-01,5.268174857957409474e-01,5.555490769254700645e-01,4.123810418605692862e-01,2.126969939474832039e-02,9.816549235449899546e-01
9.115167442692405642e-01,0.000000000000000000e+00,7.369386309132971435e-01,3.710728071024789743e-01,8.746832364830843254e-01,8.707694492553390564e-01,4.705862251157416631e-01,7.558568882605648520e-01,7.374317549308851971e-01,6.588107284576381062e-01,2.212596213522470268e-01,6.015570949431348069e-01,4.930794514005583107e-01,7.476824103143278055e-01,6.272125705153506203e-01,2.889338739676186596e-01,9.865587432217538533e-01,8.540395211700408939e-01,6.637094329534571902e-01,6.004978144501499360e-01,6.312001628487985405e-01,5.830944230647544524e-01,4.145340243377879097e-01,8.588445542306347713e-01,2.108742278301287409e-01,9.705940703555826499e-01,8.605628885245770743e-01,9.422869557899674620e-01,4.737828342976859730e-01,7.367962833368582043e-01,5.504046135164610831e-01,6.472285723636138355e-02,7.629029385214225467e-01,6.799572240629681366e-03,9.127029646034443555e-01,3.840269213595620679e-01,4.296351903675805772e-01,4.746735063223954110e-01,5.406602654565051402e-01,3.733651429536734012e-01,2.720824024620192572e-01,4.130481551735337709e-01,5.516897048242818125e-01,7.144996482695188389e-01,4.555978655191171844e-01,9.687715615941254743e-01,6.682348099630019966e-01,2.387151740901708730e-01,5.090949598497452877e-01,1.299708170714367894e-01,4.913474919010303310e-01,5.514320587646858174e-01,7.159988947287467820e-01,5.500133205656747570e-01,7.742176608705862995e-01,5.792725241698660765e-01,6.586119297378879578e-01,2.217788890229299148e-01,8.037426584990715606e-01,5.709821499122222921e-01,3.454946306499916409e-01,2.077690632785031410e-01,6.504882803328312368e-01,8.111731502136696470e-01,3.510309449729120401e-01,5.410847768551535486e-01,2.313224482164843165e-01,6.820627040816439057e-02,4.649975525998422121e-01,9.394485822117872864e-01,4.962436511819477425e-01,4.627799463163915217e-01,3.051660133583877776e-01,5.797026035698129576e-01,-4.118540678868157223e-02,8.202093487102873892e-02,5.142652301717962615e-01,5.571313521182508222e-01,2.002847641475490326e-01,8.378280444941228755e-02,6.801852379193124021e-01,8.470944080243509866e-01,4.176266716252973743e-01,2.953922089812436313e-01,6.494901485257171814e-01
9.887224417299989021e-01,7.369386309132971435e-01,0.000000000000000000e+00,7.250295097128174326e-01,7.890614217091216354e-01,7.141559679247685422e-01,9.824058682587187841e-01,8.158162413548671887e-01,4.167518447394605863e-01,9.579865406837608788e-01,9.768969710642043669e-01,8.104968916925701095e-01,5.543611168942219614e-01,9.162975213568682609e-01,6.713873985587202053e-01,9.348049782098015736e-01,9.907560710494488498e-01,7.934148701078709287e-01,9.277387740719083009e-01,6.548351064753454853e-01,6.619342923099386100e-01,6.416196067937856018e-01,5.682991290650822869e-01,9.726842838027502935e-01,5.853337066118832199e-01,6.379279743207464382e-01,6.961482738105764234e-01,5.616931890010963269e-01,4.509111551617217550e-01,4.880359097964275250e-01,2.361688474537712579e-01,6.323114102634502798e-01,6.466342880805560078e-01,4.248932243060967173e-01,7.467430930120320109e-01,1.908316427125384962e-01,1.179257564169692296e-01,9.084443503285686283e-01,2.703794312430394808e-01,8.597340276776670454e-01,4.435009418226236177e-01,8.804677997036332027e-01,6.816048497657235528e-01,6.789575444694639916e-01,8.971785216690774112e-01,2.494096604814383389e-01,3.317188969313809022e-01,4.299702123213069438e-01,8.754161335677230760e-01,4.872565928421651593e-01,8.064212916283627353e-01,9.819009996511788296e-01,7.580249279308035604e-01,7.438438724441696070e-01,9.917261150886076404e-01,9.453710945617431749e-01,7.393067746227310888e-01,6.901169491232548303e-01,2.113107707719393547e-01,7.202091093086684381e-01,-1.488746202601771984e-01,6.077295855191706675e-01,7.379794202419884819e-01,-1.618561337578676429e-01,3.098443073000001213e-01,5.927772736943610621e-01,6.371147483937749101e-01,8.285389764443036320e-01,9.481854172975169304e-01,7.869702182998156159e-02,7.235998298358243819e-01,4.298532017611984002e-01,8.935985728855998234e-02,3.909248221166815584e-01,4.767702917155030029e-01,9.300918840669288867e-01,8.659281451120617312e-01,4.381447312531993044e-01,7.797983000432716638e-01,4.312048361708697986e-01,8.190898908105488374e-01,4.871785879664064511e-01,8.575491631725458141e-01,6.988687596023853699e-01,9.568788465022584067e-01
9.907341141798249318e-01,3.710728071024789743e-01,7.250295097128174326e-01,0.000000000000000000e+00,4.614642937024355240e-01,9.059989490266044943e-01,5.235963511186011443e-01,5.889103911827647808e-01,9.143636229886717981e-01,8.353027898374294491e-01,6.797939746491872270e-01,5.972629923982795130e-01,3.647788860008270295e-01,7.237045587709816097e-01,4.409065031695380554e-01,4.118317800652943617e-01,6.190634075150133198e-01,4.380771518909022388e-01,5.273884259320731349e-01,9.202260081684190407e-01,9.562888104156882507e-01,4.655732305626008594e-01,8.873277511250072802e-01,8.632449624821569856e-01,7.028215769184922301e-01,5.541173749317789277e-01,8.187441973941572693e-01,7.320207983212702052e-01,7.637016038751067715e-01,1.695596986150472718e-01,2.166841894313774330e-01,4.782252515756875155e-01,5.151641500576803478e-01,2.265500264219581783e-01,4.822673633720621078e-01,5.818738508449414759e-01,2.835190814651830093e-01,7.050666177826777625e-01,9.354697683619368487e-01,8.516353128615896662e-01,6.486075602285465980e-01,8.085312075855621838e-01,7.795428253876885982e-01,5.497081159118794025e-01,6.220650484525993562e-01,1.546424978055464805e-01,6.513461086061107519e-01,2.892370808249274949e-01,3.421207531877623869e-03,6.727293593744618772e-01,4.612193112150181351e-01,6.670717428033516860e-01,8.352129302706928771e-01,8.577450229139742532e-01,3.966741147059015815e-01,6.569990952900516268e-01,7.331255714979401095e-01,8.191398608253119829e-01,3.399436158050808676e-01,2.590779520873663921e-01,3.645186066897141974e-01,6.375367454868713368e-01,7.463374818855816883e-01,1.561295873283033986e-01,9.713374201336851810e-01,6.048415176724940556e-01,3.557798467649652130e-01,9.191180930547058203e-01,4.872941110544171672e-01,6.918077689320311086e-01,6.676496000927942820e-01,7.907343550992294023e-01,5.260443625533082201e-01,5.937637519787442031e-01,3.250011943053745522e-01,6.416045961809647702e-01,9.162175202604179169e-01,4.407409120484328535e-01,7.299369097677503859e-01,4.262078945439794486e-01,7.930814651915594204e-01,9.614846659703935039e-01,6.064496270701761338e-01,2.660550802056216857e-01,8.390999674205372738e-01
9.287618821240711808e-01,8.746832364830843254e-01,7.890614217091216354e-01,4.614642937024355240e-01,0.000000000000000000e+00,4.518333353871544777e-01,4.917985616889616884e-01,4.543773913194817937e-01,6.651572364157437578e-01,5.411673524867809393e-01,7.382761585650856606e-01,9.734232543706158314e-01,5.800291044792726947e-01,5.539359976146990272e-01,5.035571272258952957e-01,9.364089965274406957e-01,5.512994631106697963e-01,8.126234595566270702e-01,3.005759265654005530e-01,5.302964048124284568e-01,7.404583486257881875e-01,5.447613468884194843e-01,7.185095478261310786e-01,6.648660380857936980e-01,2.395064701987490996e-01,8.352441264323927639e-01,9.693021793133009822e-01,6.576548531958779087e-01,4.641492947267067959e-01,3.288333466007580252e-01,2.947172272614921318e-01,5.033224803449798390e-01,8.580138362473737068e-01,5.358555795977638647e-01,4.747113739250705677e-01,4.645367930227711217e-01,2.879453275276803170e-01,6.073679230082997815e-01,4.352954977382154089e-01,4.864647509207742915e-01,6.193386687440226579e-01,8.080807698713650122e-01,9.456735262891523552e-01,9.328239730162564414e-02,6.857210997554472609e-01,2.284251192483310322e-01,5.118853458110410592e-01,8.454701056208349108e-01,6.461926929740774428e-01,5.521825139000665628e-01,6.054202486752658929e-01,5.529884590737927930e-01,5.186578713737841767e-02,5.324682491904867421e-01,6.528840772204279608e-01,7.198314598260232566e-01,7.458920836923627062e-01,4.420637229433317938e-01,9.559211482120808512e-01,5.365003347477813600e-01,3.788442852190818666e-01,6.021131374955781546e-01,2.952182383815838418e-01,6.056372664005092998e-01,3.106421467073261500e-01,6.961790829509423295e-01,7.013262657727030724e-01,9.258521869100817536e-01,1.088815269203026459e-01,5.479059272861367402e-01,9.355538461196468702e-01,7.099380253579348210e-01,2.726763993228520366e-01,3.535485670698864658e-01,8.518160018058315019e-01,4.333167667813360713e-01,5.660776812850510931e-01,5.462419068190756954e-01,3.560618053518727066e-01,2.208940475501552370e-01,4.998005550759554438e-01,5.330601236132466170e-01,7.877097755598350126e-01,7.492807026467822595e-01,6.080708321310854814e-01
6.173116990563189965e-01,8.707694492553390564e-01,7.141559679247685422e-01,9.059989490266044943e-01,4.518333353871544777e-01,0.000000000000000000e+00,6.523724857595607496e-01,6.390025394148725058e-01,4.717159538073148473e-01,6.790728769303073786e-01,7.368823860840864048e-01,5.396183426639343805e-01,8.335612896233555169e-01,6.181961177547308228e-01,4.797870792499506765e-01,1.997555221058167907e-01,6.620647961374060975e-01,7.742529479256055058e-01,9.095676815532913739e-01,2.394429786025087104e-01,2.191247906314515437e-01,1.785584642466495342e-01,4.805741802984051514e-01,6.184378518933787428e-01,3.161699208820853424e-01,7.855454783564264076e-01,7.442150235847694306e-01,4.469683680034191586e-01,4.206878163694439121e-01,2.432279331469843764e-01,1.911834024789916819e-01,5.791691354159748117e-01,6.319325012681401565e-01,4.239280695787655540e-01,6.753824177013024732e-01,7.640059557213264574e-01,-6.442369066390016275e-02,7.656268452841410443e-01,6.689922015941796030e-01,5.452969638367174410e-01,4.477337104090354236e-01,2.663644396790330604e-01,7.114924790682743971e-01,7.210240584322964441e-01,5.269716862135631619e-01,3.155413390386154759e-01,7.748105526978250612e-01,9.484711263359851818e-01,3.747629215559338672e-02,5.167766847605823610e-01,2.211924985398372734e-01,5.994608698848448158e-01,6.010866863350695644e-01,7.889240893307331026e-01,6.150184502567569433e-01,8.747672643466871678e-01,5.355819207913508073e-01,-2.631770309649292261e-01,3.259869470770715427e-02,2.093523076753724399e-01,7.199874614825316765e-01,9.434825060482250614e-02,6.389649006960340660e-01,8.697085274582159187e-01,7.874235486036819109e-01,5.963493653368674430e-01,4.198603367311155576e-01,8.691372783971073046e-01,5.863402303573208574e-01,4.727335729305896517e-01,7.472835636605988929e-01,4.325120631659369330e-01,-2.871527494608949738e-04,2.822633887618926640e-01,7.559509830074530035e-01,5.866187662895887556e-01,7.402790537474952526e-01,6.412303065547100278e-01,6.605537898085083182e-01,3.243428995605331933e-01,5.795798677633368090e-01,4.832031765608591489e-01,1.361232586699075431e-01,6.860917327916978836e-01,7.471164362743303311e-01
-2.355493701758304415e-02,4.705862251157416631e-01,9.824058682587187841e-01,5.235963511186011443e-01,4.917985616889616884e-01,6.523724857595607496e-01,0.000000000000000000e+00,2.702209550286230888e-01,6.647102590387292675e-01,9.928529446803080472e-01,2.676683789427021787e-01,5.239097274893972367e-01,3.997667095324600739e-01,6.903112775901062426e-01,5.406235649587940451e-01,2.622721787144116634e-01,3.018520500664450545e-01,6.129334289086788568e-01,5.553867631599131993e-01,8.341537352894679014e-01,4.830517066388223535e-01,7.601529795135737455e-01,4.589087146088687286e-01,2.535516424447026851e-01,2.551150335649696732e-01,5.262473728250647298e-01,5.518989655149749707e-01,4.776071383286530914e-01,2.298256666651961599e-01,-1.772472101215808726e-01,1.520032526543563245e-01,6.745831426815123155e-01,4.970941227796237261e-01,7.452097771079351229e-01,7.789894258607157340e-01,7.389704140790841480e-01,3.744711833093950504e-01,1.573913765973934120e-01,9.908603864598370947e-01,1.622280017385341333e-01,5.244726817741952180e-03,2.093179502915364920e-01,8.271570211162134756e-01,2.173315575114977416e-01,7.595359720971684991e-01,7.635231768644160644e-01,5.551918475693676802e-01,6.917304703831257395e-01,4.430371025480469016e-01,7.770436656023247401e-01,5.635258113235168675e-01,9.972534451133395483e-02,4.014041624932005448e-01,5.301266736180517691e-01,7.794472347107732624e-01,6.420829093919779851e-01,1.526698004538727949e-01,3.871048994979069402e-01,8.701608673118738091e-01,7.421337821695429549e-01,5.939051468675342615e-01,6.341729639441945343e-01,7.711215879644339743e-01,4.741470463171633121e-01,1.611015288083852415e-01,7.193328563888307103e-01,2.583965785629513401e-01,8.727388573259319271e-01,5.343214530520183914e-01,2.408497903902849235e-01,7.726640704022590400e-01,6.393187332794501854e-02,3.458981206074153159e-01,5.521122488012366603e-01,5.319269339260057627e-01,6.167109187514393520e-01,7.353979509193480091e-01,3.498795156215915858e-01,6.838212941181173177e-01,7.919320097341664422e-01,6.803526754798761532e-03,6.014784913764268381e-01,4.352324549380198748e-01,3.787572638824538984e-01,2.333614746986958088e-01
7.695787291086350068e-01,7.558568882605648520e-01,8.158162413548671887e-01,5.889103911827647808e-01,4.543773913194817937e-01,6.390025394148725058e-01,2.702209550286230888e-01,0.000000000000000000e+00,5.613522811420001979e-01,6.203358215955927513e-01,2.398311035616363940e-01,5.306058857459383660e-01,7.696416265385274125e-01,6.982889809900654221e-01,1.886993971047438157e-01,9.844888206965127786e-01,7.553483499621788111e-01,3.840082847374288733e-01,5.212045444833582897e-01,6.742857235082849732e-01,3.987738661376330485e-02,2.283600797246231884e-01,7.689868246819017150e-01,7.878988722259447908e-01,5.012781740586536028e-01,3.626160046770827705e-01,6.298097654161516346e-01,4.661690551240109670e-01,5.076434066131172429e-01,4.474633043164991109e-01,5.662418349984749133e-01,7.479750025534491753e-01,2.160159073105193395e-01,4.403367713094934466e-01,6.731390302778004209e-01,1.464708718984559788e-01,3.109043061228643490e-01,3.164133338944385976e-01,7.634026881974280698e-01,3.932455125706707522e-01,5.856876345081232227e-01,4.910980572258835664e-01,6.403177822101236982e-01,6.027386033662197606e-01,7.582609419751988877e-01,9.070628194965525415e-01,5.508540901108320842e-01,2.411724499858216297e-01,4.576157299191050964e-01,8.790792255869087635e-01,7.081187820778516162e-01,4.886700337405215366e-01,7.789729339439539491e-01,6.519843572904285844e-01,6.985052559576995224e-01,8.831219220809618520e-01,7.367988287394894309e-01,2.389282430486581177e-01,9.943193398858229948e-01,4.452774061186889898e-01,5.050510584315746065e-01,3.050428410160843651e-01,3.478772038405628653e-01,7.532249401898271080e-01,2.704540697384508752e-01,6.797697210795132783e-01,6.396893149872692197e-01,8.138270074918191321e-01,6.244069927887487825e-01,9.668243408412039441e-01,5.649438643993187625e-01,4.690405046444242609e-01,4.377491658400429198e-01,2.559177669506136343e-01,6.536942744935789751e-01,2.159111822475498765e-01,6.513101344205445009e-02,6.215494834818131586e-01,6.195690466235888039e-01,5.168717280260829439e-01,6.496690786916951010e-01,2.719080588211564287e-01,7.135286733357923961e-01,4.533288256510331071e-01,5.968194470426433362e-01
7.957346737009965976e-01,7.374317549308851971e-01,4.167518447394605863e-01,9.143636229886717981e-01,6.651572364157437578e-01,4.717159538073148473e-01,6.647102590387292675e-01,5.613522811420001979e-01,0.000000000000000000e+00,5.518581108331488405e-01,5.021511489514811633e-01,4.245473946027569778e-01,5.165363281022899988e-01,4.748404075950785064e-01,2.747029485379701153e-01,7.815421535034543510e-01,9.719473905247837386e-01,2.301057364026102836e-01,4.661408095899395310e-01,7.736242182377539578e-01,4.850857052238993772e-01,6.443357022022856428e-01,6.346096762798378865e-01,3.355287013263161811e-01,7.144241094815715343e-01,6.550789249280757343e-01,6.525823500737631955e-01,9.207396936670886323e-01,-1.120350924292067840e-01,4.726836904196185518e-02,4.170216572101339558e-01,5.032806243368359578e-01,7.525072013588403053e-01,3.704683420381849057e-01,4.858753278031812672e-01,5.412571468038958056e-01,4.182967352557779295e-01,3.070411656480746543e-01,6.704597720124805260e-01,5.291101964516597977e-01,3.214694536834454275e-01,6.774532411841500679e-01,4.839452244797083358e-01,6.262833199796806749e-01,9.079360015971423836e-01,2.862594121613428189e-01,5.569824178225608602e-01,6.656749882853147948e-01,2.533823900248580174e-01,1.238971066845818980e-01,3.121050129134091966e-01,5.259329818579583371e-01,3.829142712222020073e-01,2.089867172351022595e-01,4.156497915631282014e-01,7.142558152873728083e-01,3.654881357404446973e-01,5.659221562577791964e-01,7.996141735819144447e-01,5.465644250809185145e-01,6.760131011960993086e-02,7.911857167720977024e-01,6.860114620451345235e-01,9.624087725788071923e-01,9.777471648840276863e-01,7.248021647521759592e-01,5.418870116984515484e-01,9.072241727038933279e-01,2.414814467829316802e-01,4.680900167852912186e-01,7.046957618604723361e-01,5.370702366629098723e-01,3.156655119845812041e-01,3.061529337770561160e-02,5.423902692624763544e-01,7.567902470279078697e-01,6.266450961511575990e-01,5.247852791326633737e-01,5.124085716889069664e-01,4.903793998206019689e-01,7.508579685717919894e-01,6.898562429996129008e-01,3.738159183967300070e-01,5.172558018177049188e-01,6.934854439954603045e-01
9.761581372183424365e-01,6.588107284576381062e-01,9.579865406837608788e-01,8.353027898374294491e-01,5.411673524867809393e-01,6.790728769303073786e-01,9.928529446803080472e-01,6.203358215955927513e-01,5.518581108331488405e-01,0.000000000000000000e+00,4.013320515220418772e-01,5.465513742641421313e-01,6.032568217644387332e-01,6.173312716604471007e-01,6.931947457616529640e-01,5.322347956873854091e-01,9.839206285039200361e-01,7.310222753647893645e-01,4.362628965877817233e-01,8.564409239015811082e-01,3.300575485855399283e-01,7.367414274945773833e-01,4.107427371392888826e-01,7.742008701518739988e-01,7.439340173570200276e-01,7.902416987234542889e-01,7.998733836240606854e-01,2.769170971197181252e-01,3.905176156120795383e-01,6.185133777611467876e-01,4.826690467225056569e-01,3.055209367866051906e-01,7.392293820100743762e-01,7.077170904277058083e-01,2.934452876948352440e-01,3.306457993991687716e-01,1.038571235820557985e-02,-6.310537165338916954e-02,4.115573854400343401e-01,7.612961637948526539e-01,4.714227066925137932e-01,5.564811801039855066e-01,8.823255193908354777e-01,-2.460714449876827414e-02,9.443679317257398509e-01,7.080957814905538550e-01,4.093460648639399291e-01,4.374878184271387416e-01,4.463765508629091161e-01,6.920289350791752891e-01,4.752973330335931723e-01,5.825443659929575579e-01,7.441927162202073287e-01,8.895310390733970340e-01,2.922741445610497757e-01,9.103974174001023822e-01,3.942442707890706499e-01,6.922164773150816242e-01,9.505704445716252060e-01,4.991974727245427346e-01,6.911113068483780708e-01,9.129194982868881203e-01,6.354467209435260555e-01,7.467585722648610869e-01,6.576474020826923450e-01,3.226258532072410201e-01,5.229256247345875908e-01,6.106292243630152550e-01,5.430168663262898709e-01,5.815203995249510482e-01,6.407668182181677219e-01,8.519394277950624872e-01,6.342618616535282694e-01,6.285367923113828192e-01,3.382225897250354940e-01,7.990812804954772197e-01,4.886310061255383363e-01,6.860069553879368787e-01,4.350802781959610677e-01,2.215459333541391906e-02,4.048889264306250735e-01,5.521773075466089864e-01,6.212574153233849650e-01,5.200723749903702897e-01,5.552790302645559395e-01
5.038768669119850774e-01,2.212596213522470268e-01,9.768969710642043669e-01,6.797939746491872270e-01,7.382761585650856606e-01,7.368823860840864048e-01,2.676683789427021787e-01,2.398311035616363940e-01,5.021511489514811633e-01,4.013320515220418772e-01,0.000000000000000000e+00,1.968408173330573607e-01,4.309315140373650155e-01,8.112870836676525643e-01,8.730052612726260097e-01,7.576759516407329809e-01,8.087900095951946478e-01,6.003289033545867737e-01,2.329464015484115635e-01,7.907768087468453055e-01,8.290143648264540754e-01,2.786426951474069713e-01,6.448470398912551360e-01,8.865197526158125063e-01,7.916489420428304280e-01,5.679492923135325277e-01,4.669706095254964051e-01,8.541036420378067540e-01,4.963252246998337558e-01,2.790496261689225377e-01,-1.328465288544533052e-01,7.555024776075059956e-01,7.482988877467021682e-01,9.290901550889945071e-01,7.167673856110687858e-01,2.596975297565493057e-01,4.225723262856564411e-01,4.715299042247068639e-01,6.025088699553002858e-01,2.201519017331728389e-01,4.619577821369688087e-01,4.379044494050181591e-01,7.637079049610998593e-01,7.797932794678978929e-01,8.239166045939200211e-01,8.892309992143433428e-01,4.183540881615492868e-01,7.440469630854074090e-01,1.059829059232468909e-02,6.105941932366982794e-01,5.488600639778073997e-01,6.399563683599331920e-01,7.412566880150448512e-01,5.810459298466985611e-01,7.608945512447076176e-01,8.178200265294305327e-01,8.653028109667397771e-01,9.784165107122639871e-01,7.545673983215509528e-01,6.103365707572790955e-01,2.050358656909850863e-01,4.644143884220464091e-01,7.401021112517121026e-01,5.088331551757797611e-01,7.016571609455382053e-01,3.402858893292892151e-01,8.783246343690709335e-01,7.360879648841901490e-01,4.127255014820005452e-01,7.246953026786318031e-01,9.394929433956543674e-01,9.177441633079307381e-01,6.056896434733558682e-02,2.596147842490272306e-01,5.851414893299516917e-01,5.425125697273812664e-01,1.048794885440025859e-01,6.151865093835604537e-01,4.461566131258540291e-01,-6.232536716067715865e-02,8.224694218412161861e-01,3.936697016838273111e-01,9.627477744496305556e-01,3.000127475986935077e-01,2.396719853934615174e-01
4.441462908583079794e-01,6.015570949431348069e-01,8.104968916925701095e-01,5.972629923982795130e-01,9.734232543706158314e-01,5.396183426639343805e-01,5.239097274893972367e-01,5.306058857459383660e-01,4.245473946027569778e-01,5.465513742641421313e-01,1.968408173330573607e-01,0.000000000000000000e+00,4.609503301674879872e-01,7.034731167275404262e-01,1.245246372958969672e-01,-3.551888676853863780e-01,2.703552656885999661e-01,5.755344033222450362e-01,4.208702909109955925e-01,6.155652062566442373e-01,3.862448419434670877e-01,5.195589414471042389e-01,2.908590634548987586e-01,9.863982850690827808e-01,3.436612296784405940e-01,8.848341241662539547e-01,9.671070304159269382e-01,7.801327820955255010e-01,5.111370753284910640e-01,2.511981375011579365e-01,3.028350765108054898e-01,3.670698138289477108e-01,9.095485027979935966e-01,9.321836207513969352e-01,6.231444644009889178e-01,6.472634267155872312e-01,3.819808796726414934e-01,4.892510402546690895e-01,9.692106751003517484e-01,7.203264665271408296e-01,3.067695244167929491e-01,3.273145435560139149e-01,8.785776263355733473e-01,5.330200546863491651e-01,9.130035647729042303e-01,2.878987095149251330e-01,4.018600813819460660e-01,6.694693928062418475e-01,3.780303631465128933e-01,7.818434377138184788e-01,8.031795523569321138e-02,5.726195725523802738e-01,6.487441503546270694e-01,8.021906279984396537e-01,9.085094014912362681e-01,5.236722457841134215e-01,5.597946431103362208e-01,8.207705573800150312e-01,9.772445819859054694e-01,4.066082694204321002e-01,2.405807073957253739e-01,6.549262295871827178e-01,8.060797121620228989e-01,7.484083187315984098e-01,7.888433407025600141e-01,6.773649575594689054e-01,5.588221889672227993e-01,7.444852376889040668e-01,1.521288552926683690e-01,6.590529344789932686e-01,8.654391953849120966e-01,6.056743543884558489e-01,5.260836262559991372e-01,5.160834183885775195e-01,5.800174285405117480e-01,7.460249266295980730e-01,2.829219127229395947e-01,6.173198639401703547e-01,6.168762441278815567e-01,2.088971236525726805e-01,5.702005218453712887e-01,9.958660922970815621e-01,7.477231598584327399e-01,5.594687132459255086e-01,1.899984193180221659e-01
6.779806939527527332e-01,4.930794514005583107e-01,5.543611168942219614e-01,3.647788860008270295e-01,5.800291044792726947e-01,8.335612896233555169e-01,3.997667095324600739e-01,7.696416265385274125e-01,5.165363281022899988e-01,6.032568217644387332e-01,4.309315140373650155e-01,4.609503301674879872e-01,0.000000000000000000e+00,8.946611975621601154e-01,6.100109881970936510e-01,4.041314990379166749e-01,9.444324291720135323e-01,4.306530515946339621e-01,8.314321269172926243e-01,9.394621506208269412e-01,9.374089410430601621e-01,4.623656959969134617e-01,8.844978298828740648e-01,7.593493757719708137e-01,7.269808685536248705e-01,5.750531927945614630e-01,5.234505379031562100e-01,9.382028995709197350e-01,4.537554355384073590e-01,5.575176897864374537e-01,5.631208144910337943e-01,1.897571052515723555e-01,4.114117618727237691e-01,7.344006257568092000e-01,5.695252666797661067e-01,4.858505542819822054e-01,4.773487848707863579e-01,6.272244413936767238e-01,3.203102710960779170e-02,5.810729315090109592e-01,3.032830027006834794e-01,8.203295888454640306e-01,4.881038112749045976e-01,7.286148024049484695e-01,3.029413906350493235e-01,9.991470667147093199e-01,6.834865525618754045e-01,7.948565248492232005e-01,9.501001360291714271e-01,8.423117430549449391e-01,9.787249932843583577e-01,3.371742340297799734e-01,4.254406207900665038e-01,8.236998491928565480e-01,8.911552008997933871e-01,8.897615653785969636e-01,3.064657793489269921e-01,3.633947478523870123e-01,4.534812719835594197e-01,7.000643114026415814e-01,2.578607591734033422e-01,4.521152523255840827e-01,7.928633212399940344e-01,9.085259976955673000e-01,5.431891785330303923e-01,2.591014513930871010e-01,7.697672748472058624e-01,9.238576684109064407e-01,4.029807414904864604e-01,6.961941450659235864e-01,6.258013751384852164e-01,4.995989501534092714e-01,5.082658266545436732e-01,4.618779479333340876e-01,3.603923579905431440e-01,6.331021371677113541e-01,4.597609293525876106e-01,5.770483480433348245e-01,2.667446142461680769e-01,9.937721597794682560e-02,4.719359637401012164e-01,8.872982869456969013e-01,2.355478271062848850e-01,5.223343001182515488e-01,3.082290622088000864e-01
9.877102034005198483e-01,7.476824103143278055e-01,9.162975213568682609e-01,7.237045587709816097e-01,5.539359976146990272e-01,6.181961177547308228e-01,6.903112775901062426e-01,6.982889809900654221e-01,4.748404075950785064e-01,6.173312716604471007e-01,8.112870836676525643e-01,7.034731167275404262e-01,8.946611975621601154e-01,0.000000000000000000e+00,5.019724259605339300e-01,7.442210813179369611e-01,6.291689915389522825e-02,6.030676931741790758e-01,7.845829858045088034e-01,4.668442515905828483e-01,4.844776543766168841e-01,6.552597668232715833e-01,7.885028798436748421e-01,8.457155532760600725e-01,5.371247228785330785e-01,5.990275714438901833e-01,6.224308022702227383e-01,5.224144677035418294e-01,3.730701478969175033e-01,3.505252597971761919e-01,5.036972436461049085e-01,4.768669356666577763e-01,7.234933185599079497e-01,2.622188594711916121e-01,6.102745508151765641e-01,2.951593177922776090e-01,4.373574529713788461e-01,4.177545743464271544e-01,8.354293239104174651e-01,5.722527853103456241e-01,1.103222738414576104e-01,1.244993436890712291e-01,6.058299006128667896e-01,4.294493000742459765e-01,9.316947779458569778e-01,7.574787425036736410e-01,9.721302148973351986e-01,7.013713452770513612e-01,9.364668403687275156e-01,8.329864799697387356e-01,8.804104943741708489e-01,6.074002352136425031e-01,7.671637718430783792e-01,7.062008567224830058e-01,7.403338170124547091e-01,8.270818776205270950e-01,6.592933025529427171e-01,7.424555171357402061e-01,2.722748165750305538e-01,3.680956047764381012e-01,3.887108623975146227e-01,8.522519926548590696e-01,6.364658169247731090e-01,7.751765841266935464e-01,7.997124974911523632e-01,2.991552881211757553e-01,6.681131593160621884e-01,6.487984908726385225e-01,5.781441895189421976e-01,7.001238765106790884e-01,9.634836012227311342e-01,4.412606953682385313e-01,5.896116481205699866e-01,7.030623234563228019e-01,3.271290553028014525e-01,4.061884322622776322e-01,6.816320254601080375e-01,9.951572575800522458e-01,5.497865824128748136e-01,1.399821520052736412e-01,8.359787264622787761e-01,3.589396408707355990e-01,6.289860727826329656e-01,5.211970712753091206e-01,6.910986951988741245e-01
9.370097953136505842e-01,6.272125705153506203e-01,6.713873985587202053e-01,4.409065031695380554e-01,5.035571272258952957e-01,4.797870792499506765e-01,5.406235649587940451e-01,1.886993971047438157e-01,2.747029485379701153e-01,6.931947457616529640e-01,8.730052612726260097e-01,1.245246372958969672e-01,6.100109881970936510e-01,5.019724259605339300e-01,0.000000000000000000e+00,4.567627201797103131e-01,5.327665436732269555e-01,7.924054662244175429e-01,1.054869458562109480e-01,4.085516097387804080e-01,9.544274639518431913e-01,3.536401293540928914e-01,1.155066455215865255e-02,9.129171815020766800e-01,3.030634576692129434e-01,8.196534065283921366e-01,9.439964819295482146e-01,-1.356429887579629900e-01,3.979436367956900589e-01,3.390181373329514969e-02,7.093493997315617472e-01,9.926391564738256124e-01,4.163103609485722112e-01,5.477606904218753625e-01,4.704266122340001188e-01,6.916847345640421141e-01,4.669761963975561647e-01,7.791776454303771526e-01,9.729913312735003483e-01,8.815223280789198368e-01,2.895854715981585059e-01,4.074358339413796104e-01,7.251055330789633047e-01,3.552674651918368287e-01,8.293871776553378705e-01,6.988973201658923440e-01,5.307171212272882022e-01,7.125928447035542179e-01,6.832656659656035636e-01,9.315934274781799418e-02,3.372656464181963409e-01,5.097130725487185599e-01,5.329514100542842581e-01,1.846908582682763589e-01,9.361296125018201408e-01,4.967227319249725714e-02,4.211984204342140714e-01,7.786188748199260878e-01,4.080483322530890078e-01,8.404462810180711729e-01,7.443303673510235363e-01,3.078614784015060724e-01,8.845890508725717805e-01,6.449854792199299913e-01,9.242458790193655016e-01,8.210878957169971404e-01,4.200654175774861665e-01,5.223845370663087184e-01,2.444596296151195849e-02,6.583816134151143640e-01,6.610408745871452219e-01,1.411465972818073122e-01,3.554334162131133068e-01,5.189699749584277821e-01,4.718276334020864438e-01,3.815341829334456536e-01,8.659631405655729974e-01,5.569829387005155175e-01,5.630250721258893698e-01,3.078960793792728801e-01,7.495227332644808227e-01,6.360619630530117696e-01,6.048791665661604755e-01,3.229731415428880870e-01,6.850844877736237404e-01
7.805697629195909037e-01,2.889338739676186596e-01,9.348049782098015736e-01,4.118317800652943617e-01,9.364089965274406957e-01,1.997555221058167907e-01,2.622721787144116634e-01,9.844888206965127786e-01,7.815421535034543510e-01,5.322347956873854091e-01,7.576759516407329809e-01,-3.551888676853863780e-01,4.041314990379166749e-01,7.442210813179369611e-01,4.567627201797103131e-01,0.000000000000000000e+00,8.103002014465450209e-01,8.498682437569360371e-01,1.697477505327985581e-01,9.107236547981283348e-01,5.164042786899152304e-01,3.575627654896595953e-01,6.980627874745156669e-01,8.212688246590840180e-01,4.279519615712286118e-01,6.181307080678689614e-01,7.724167567475892504e-01,6.514110021558465746e-01,2.677190592982362505e-01,3.840394650640109320e-01,7.035466791542797915e-02,5.725347548227870398e-01,3.810792510469232508e-02,8.562968286847512100e-01,4.209949029739283310e-01,3.483810367490279836e-01,4.442494152686904951e-01,7.784686025870944936e-01,6.188180285023853200e-01,4.970296621861036712e-01,1.891422507236391048e-01,8.367888731139252467e-01,6.470490017604846322e-01,8.630507993025242630e-01,7.374333704128757105e-01,5.361880857451087889e-01,2.620915365911647976e-01,4.018423615045936259e-01,5.393680484860159385e-01,2.410824311916251461e-01,5.217943757498408885e-01,6.281176057555721837e-01,9.480417066938966464e-01,-1.447730058719817747e-01,6.456380818877566208e-01,9.743308679859119525e-01,6.210401350215672966e-01,2.845813967655360099e-01,2.101911658527534366e-01,4.160107706849338616e-01,4.885609864544069314e-01,7.613736555409982287e-01,2.490504712393410702e-01,9.861094887459224134e-01,6.018404415514643224e-01,4.878196001293316209e-01,7.295823629548862099e-01,9.579709115343910675e-01,6.536808246703568193e-01,8.524661598033410614e-01,5.143786226426128039e-01,7.676320758667021238e-01,4.992802108245998349e-01,2.704565949647608214e-01,6.694710480164034472e-01,7.524762126935057305e-01,4.826304709700992568e-01,2.816471282080782457e-01,1.043681370312454781e-02,3.007916776303319328e-01,4.801221043154836887e-01,6.554943533673271983e-01,5.426801502739340144e-01,2.259309566350832799e-01,4.715909694068346480e-01
8.456516839002776731e-01,9.865587432217538533e-01,9.907560710494488498e-01,6.190634075150133198e-01,5.512994631106697963e-01,6.620647961374060975e-01,3.018520500664450545e-01,7.553483499621788111e-01,9.719473905247837386e-01,9.839206285039200361e-01,8.087900095951946478e-01,2.703552656885999661e-01,9.444324291720135323e-01,6.291689915389522825e-02,5.327665436732269555e-01,8.103002014465450209e-01,0.000000000000000000e+00,2.868291661927533931e-01,9.042234559725054188e-01,4.234655367344345445e-01,8.679333993338833597e-01,8.799077189648502051e-01,7.053466691959855428e-01,6.696814061661839901e-01,3.530729239225411931e-01,9.185846210575839832e-01,8.005161357303663960e-01,8.668347691332486393e-01,3.065499166317414703e-01,5.993575736533527376e-01,7.559894243142467607e-01,9.990015973758635814e-01,5.115035773691259946e-01,6.138928023225693753e-01,6.203548928643111138e-01,1.885832755896039437e-01,7.600899741331830495e-02,8.648064145893155086e-01,6.406675966342016970e-01,6.038168433228340293e-01,3.710529954618207310e-02,4.507672514156114141e-01,3.924456043174322506e-01,7.041010022351386066e-01,6.287042127642236133e-01,6.195190805945971491e-01,7.830315503613272110e-01,7.281938602678725836e-01,2.933802416443904715e-01,5.768311077360138706e-01,8.267101193546062543e-01,6.079129125269971956e-01,9.047285570752653383e-01,3.020886462187041821e-01,6.904098785917711645e-01,6.275345922530781717e-01,8.310344703731832317e-01,8.566936766027324346e-01,9.468784657950025663e-01,5.217677807250135080e-01,2.562217098241864055e-01,4.806234937906596061e-01,6.561879682496515320e-01,7.109869219401755425e-01,7.030718251749012992e-01,6.380619159808272878e-01,8.001162365346392580e-01,8.878038949943202196e-01,5.957877776698010663e-01,8.811210820842443336e-01,9.489335342339020318e-01,8.024195930728792447e-01,3.457570707159832724e-01,3.204713825371434122e-01,6.157626353779673822e-01,7.432739269738398713e-01,6.880100964727808854e-01,3.998328912941245122e-02,5.885775608478299725e-01,4.645352524914124759e-01,6.698939082710275716e-01,6.060195700848616251e-01,7.988332846827053690e-02,7.252203907423231399e-01,4.761632932864557910e-01
7.038631750504911189e-01,8.540395211700408939e-01,7.934148701078709287e-01,4.380771518909022388e-01,8.126234595566270702e-01,7.742529479256055058e-01,6.129334289086788568e-01,3.840082847374288733e-01,2.301057364026102836e-01,7.310222753647893645e-01,6.003289033545867737e-01,5.755344033222450362e-01,4.306530515946339621e-01,6.030676931741790758e-01,7.924054662244175429e-01,8.498682437569360371e-01,2.868291661927533931e-01,0.000000000000000000e+00,3.384767270059115818e-01,6.264969894252073734e-01,4.052993153261926218e-01,5.624480553514020764e-01,3.708383070742167220e-01,7.070325444520108027e-01,3.581420077714448924e-01,8.874841756051156105e-01,8.128875893364326810e-01,6.374872834024147839e-01,4.485305339225303944e-01,5.997598834380626354e-01,3.499749569943161331e-01,1.227565585081911020e-01,7.873007245039924662e-01,9.474635486874058987e-01,2.462758772959850739e-01,4.519474046194897898e-01,2.437946235448477661e-01,7.182168459210527267e-01,2.368208492331080051e-01,8.603650581851952639e-01,4.571557332371525284e-01,4.577123738046326440e-01,8.320058489201276331e-01,5.024807765034844387e-01,6.650104885163955482e-01,2.909357109506169881e-01,9.261254522941334555e-01,3.579832450292098067e-01,5.132462757931802733e-01,4.545025994799753999e-01,4.960374893091011872e-01,5.836704855268721737e-01,7.850620556721994436e-01,8.908253585534584573e-01,6.494790636752131308e-01,9.316354614222087660e-01,6.795273498002427637e-01,3.364359479156113220e-01,7.158160502143096071e-01,4.922994598433724223e-01,6.294822059724651808e-01,1.179728145744692730e-01,7.286543700379786159e-01,9.201330794952343739e-01,8.032231339308256723e-01,7.294040690597312082e-01,7.587926812134616616e-01,5.969963341348842878e-01,3.389235914797220639e-01,4.497014096486742218e-01,7.926472765298617773e-01,1.310846201363686514e-01,6.057359332509768546e-01,6.581099171720550256e-02,5.356962305980124128e-01,1.422321698131327194e-01,2.420697378007749812e-01,1.665395864142036886e-01,3.059662046670913460e-01,3.403251939798992431e-01,7.078241960181791415e-01,9.329554334030886187e-01,3.383258601117375974e-01,5.301539588374467593e-01,1.939881644857837095e-01
