0.000000000000000000e+00,7.486154048098370151e-01,8.637286490371214320e-01,7.055163008726630380e-01,9.969006376945207526e-01,2.901663664726765735e-01,9.864976989680934727e-01,6.621491453940338001e-01,7.201732657675048443e-01,5.706359184293439135e-01,6.598964437800418636e-01,7.706772819087155391e-01,4.738077349567153540e-01,5.305883758593279431e-01,7.939190876768926763e-01,8.415791165691767217e-01,6.795937213350897732e-01,9.420634902581146441e-01,7.628329330771811412e-01,8.137943448975092364e-01,7.069108206217736834e-01,7.186399552629512133e-01,9.429140617197534491e-01,9.473692096033955456e-01,6.776144971853532706e-01,9.466608678317683934e-01,9.534620263355972902e-01,7.420014687567697553e-01,5.212319017175814917e-01,7.375053307815000736e-02,2.394475547438568511e-03,4.915868683368229131e-01,7.424225825930494960e-01,8.214470806169431594e-01,9.774974272190337654e-01,4.416573119664048974e-01,2.525403060257191967e-02,6.952958215458608926e-01,8.987452727898509464e-01,5.826812366032392276e-01,5.702295417222409402e-01,4.964101596965834751e-01,7.116253405065928739e-01,5.258209868336725101e-01,9.549594177529916461e-01,7.588332061799885064e-01,7.265709914685849480e-01,9.827718094702461160e-01,7.083636489833367023e-01,8.565845036118955313e-01,6.770930462853756993e-01,8.838353482815015649e-01,6.277062469591428995e-01,7.420147934961915936e-01,6.449785152506517516e-01,6.136304826618474983e-01,6.794295449581768676e-01,4.516690612671247496e-01,8.310086855843804576e-01,1.119182899892755406e-01,3.850094088831784167e-01,6.849452736374180839e-01,6.714222107173382081e-01,7.433735093467990218e-01,8.900647783489687992e-01,7.582104816854137175e-01,5.454572014590468587e-01,9.892139866381467472e-01,2.334447255263438215e-01,9.543347108831627956e-01,6.467689452349700829e-01,7.051441715939877897e-01,7.195092038007357971e-01,6.845376161938019344e-01,7.214592217992655820e-01,5.697769676424716545e-01,8.580448109765149711e-01,5.736075935909873413e-01,4.679893279789238414e-01,4.617752377067489977e-01,8.610589617905812787e-01,9.854881617872853772e-01,6.151891820141783818e-01,2.786542951599129125e-01,7.574778140516903457e-01
7.486154048098370151e-01,0.000000000000000000e+00,6.891543904259155306e-01,4.514408333279053553e-01,8.964831339349761397e-01,2.454291513234747035e-01,5.945259994641933776e-01,2.355563186972256529e-01,2.528157202551545302e-01,5.557355834325237165e-01,1.413435718286244203e-01,6.358646324209020761e-01,6.682968528715419465e-01,6.104374182694257689e-01,3.338185023137090202e-01,6.361325522083481898e-01,9.886357916293382342e-01,8.377857469738275720e-01,6.495699951518973947e-01,5.418526482881553807e-01,8.422510181600576518e-01,7.166291668239503920e-01,8.329289273574557173e-01,7.130910288948085762e-01,5.783371138252614285e-01,6.430868720470416244e-01,7.343495409323308465e-01,6.519707327377576300e-01,6.267325525117326546e-01,5.554171692636331592e-01,5.941002416360516847e-01,6.521758570242005559e-01,3.797319648681295456e-01,2.607164236952684844e-01,5.653839572198906538e-01,4.338242925904440273e-01,4.512116529197185977e-01,7.216930540012951312e-01,9.672327069977979530e-01,8.492478515750370160e-01,4.504323856365427536e-01,5.830427426716406902e-01,6.026566420455656825e-01,1.579556928650225345e-01,9.996159699436738544e-01,7.241538809178361680e-01,6.186259504072529891e-01,5.453290930053741326e-01,5.729918018391373380e-01,2.847108368831820502e-01,4.287643589178944947e-01,6.762402723012678196e-01,7.419168273408563996e-01,8.396380457276425568e-01,4.580047858865212707e-01,6.004205108255777912e-01,6.629230021092311631e-01,6.163228258967581308e-01,5.643107283201055369e-01,4.568179261844706462e-01,5.993381254087595256e-01,2.496496982658885644e-01,9.878011988340706928e-01,7.358594486332060702e-01,6.956240237998588816e-01,4.519795000825271303e-01,6.466364568641256305e-01,6.310743616085964236e-01,4.780133493453014859e-01,7.982666961584745646e-01,9.058302410122377468e-01,8.802124524179170129e-01,4.828441717950588963e-01,7.837666120208963694e-01,7.336351799879906599e-01,3.037289236256550118e-01,3.870637879081597621e-01,4.153138390396282631e-01,1.606032076131843345e-01,3.204252250586727691e-01,4.809356660073205170e-03,5.517039303865745037e-01,9.890717454778640283e-01,3.180579899456375537e-01,7.086478687009148958e-01
8.637286490371214320e-01,6.891543904259155306e-01,0.000000000000000000e+00,3.329269242451448063e-01,6.546952819629698883e-01,6.829836615108684228e-01,1.514650831387258645e-01,7.369314825611297248e-01,4.255971067117357287e-01,7.382056390821725156e-01,5.676504689703658624e-01,5.634229964847160543e-01,9.118630826579032789e-01,6.123202852170342991e-01,8.253111475915518858e-01,9.698426468330177963e-01,6.182069273727662795e-01,7.454871187585524472e-01,8.520599613165661390e-01,3.480680946229077755e-01,4.735054563114761694e-01,7.263194949340459061e-01,8.141760356448652924e-01,4.703526610526550522e-01,9.841883371288464577e-01,7.163856833223855025e-01,8.070866740934831141e-01,9.210365563941255163e-01,-5.629501519328339310e-03,7.219360382911108598e-01,2.937466149005159566e-01,7.863024247412218060e-01,7.554810619867141641e-01,6.102841798980339627e-01,9.405959721666153905e-01,1.329904241548933788e-02,5.028647133748588294e-01,8.906697422929098495e-01,5.256199341170340045e-01,6.976033374902912421e-01,3.204502741975140401e-01,-8.621957348043557401e-02,7.450449080214955888e-01,4.428264853945673152e-01,8.123337302283367700e-01,7.840311064802595320e-01,6.808367827735950506e-01,8.842568339730856319e-01,9.857037931199432723e-01,7.549007005040571094e-01,7.158902295585507503e-01,3.111156310547699144e-01,9.103848151625087981e-01,4.287536849745701151e-01,6.297216218772411223e-01,6.632212202555818337e-01,9.121082902651688196e-01,7.255203725465606546e-01,9.244563025526528754e-01,1.617210916026617373e-01,2.155739424064497534e-01,7.681971812961015944e-01,5.015589667503492777e-01,7.321859363486217243e-01,6.885811407142830021e-01,6.604115814228151971e-01,9.385817460480567753e-01,7.027234822223115129e-01,8.552160884506602168e-01,7.741014334198267344e-01,5.376578258037688629e-01,9.649570812638814665e-01,5.788385234377532162e-01,2.341793217878612998e-01,5.209227826462632382e-01,6.121426010778306948e-01,8.918309782971844957e-01,2.486787360414243753e-01,7.789219747902547120e-01,3.681483650521620854e-01,9.229509598514618052e-01,7.949001894916842836e-01,2.317855225503758498e-01,6.659750609230143947e-01,8.862176083712156593e-01
7.055163008726630380e-01,4.514408333279053553e-01,3.329269242451448063e-01,0.000000000000000000e+00,6.876680515160786822e-01,8.995735640210476003e-01,9.430940709703435065e-02,7.505490259042340018e-01,8.880324327603983381e-01,2.308401485448213220e-01,9.214736389441663400e-01,7.048110279279745649e-01,9.544348091701644610e-02,1.231490085644619259e-01,7.772999743009019191e-01,8.475592174746359175e-01,6.810204021737411573e-01,7.779810270096781943e-01,6.443828323549385395e-01,6.981394891624638221e-01,8.661701471175423661e-01,6.527914771023572982e-01,6.218145041878362367e-01,6.000911788750606934e-01,5.617558952364222202e-01,9.076231091512700910e-01,5.060572296209754350e-01,6.655982519641321371e-01,5.024971912846133426e-01,4.852150470823755057e-01,2.587876547813711126e-01,2.354042199685366099e-01,3.042722533724120382e-01,1.615851728575110891e-01,1.037260162516746159e-01,-3.718369465630753101e-01,1.077728144483431072e-01,5.025092922126106476e-01,5.535655693615069151e-01,8.278492577916086725e-01,8.210046211922129578e-01,7.542268583959604866e-01,9.127321623744294454e-01,9.424205884190254290e-01,9.891052095139418743e-01,6.452597084689143392e-01,6.928741905891473429e-01,5.700337356545340795e-01,6.109770567852655931e-01,8.313982030590650885e-01,6.855389526095870822e-01,5.931190301733391124e-01,5.247129646861308228e-01,7.733080570300278067e-01,-9.160712098448375862e-03,6.311830547414301051e-01,4.341866753661615674e-01,5.740460535032516631e-01,6.793099555341518547e-01,1.934928276793974333e-01,4.978088611138029029e-01,4.203886572019000512e-01,7.257674259091732027e-01,8.982131045653797274e-01,6.828635625131537212e-01,5.792752095059248152e-01,4.632620502460136347e-01,4.888582675880797090e-01,4.578220945565214528e-01,4.355220075110363132e-01,7.691627458409020512e-01,6.236189297987237978e-01,3.189029108300354132e-01,5.884595790156417205e-01,4.700464894536908744e-01,6.810431561850922577e-01,7.848845171228585604e-01,6.800717794768531554e-01,4.134946087582851426e-01,4.322829599499223296e-01,7.722599057377044218e-01,9.002871739984565913e-01,5.134100615840219151e-01,4.707528412993843281e-01,7.779993335957029466e-01
9.969006376945207526e-01,8.964831339349761397e-01,6.546952819629698883e-01,6.876680515160786822e-01,0.000000000000000000e+00,6.261489295185421744e-01,7.498909332896241953e-01,4.329306624518669544e-01,4.758703066372616530e-01,7.670381788322769845e-01,6.964794446631458191e-01,7.891877315872900533e-01,4.263103230245193775e-01,2.033219273059119203e-01,-6.984785565438833554e-02,4.240248904340845892e-01,6.097462857050841567e-01,7.496546817053937328e-01,7.470311866868295514e-01,8.799031052387428220e-01,8.185758292043610052e-01,2.159620032839114356e-01,5.677802948491321722e-01,9.970774822846564245e-01,2.882951501444850906e-01,6.770667755710247926e-01,6.286328033774887247e-01,7.909033052832488142e-01,6.250295997480255217e-01,2.417623785064769992e-01,4.213063202415715525e-01,3.305570434431761573e-01,3.030276657214089897e-01,5.704135680036015454e-01,2.302088961460035388e-01,4.303567762562397481e-01,3.632101934059215331e-01,5.683036574164253285e-02,5.734737495078841285e-02,3.877875641705673671e-01,4.481871691924101397e-01,4.650062949575869409e-01,6.079425521012176148e-01,7.439266988959432059e-01,8.792263415089105472e-01,6.410933388537408684e-01,4.775809759749254368e-01,6.793896448064462579e-01,5.514347806643020711e-01,7.589362850465661836e-01,8.448937653325166997e-01,6.336209024267650536e-01,6.204942891779499092e-01,6.836036154284164112e-01,8.010516780104318668e-01,5.672484961468590159e-01,3.112404012978825518e-01,6.347261931006844549e-01,2.162166196626055248e-01,4.893092360854281453e-01,4.837730001036787963e-01,4.458237848805567949e-01,3.717151911761457095e-01,4.075639251971110433e-01,6.451427128423713464e-01,5.710942390506975608e-01,6.415941951029084933e-01,8.542415830279378453e-01,6.262092004053899652e-01,6.285738714230764135e-01,6.569905051261144546e-01,1.188262903754140898e-01,4.444071808972547277e-01,5.002655294699472899e-01,5.240798380073674601e-01,5.649435941787548376e-01,5.667191325657852108e-01,5.628185018535636353e-01,3.338206304618671072e-01,5.576010229030711196e-01,5.251806603213691194e-01,6.928162971279284710e-01,1.832477587346759140e-02,1.352224296232908685e-01,5.154922184201862212e-01
2.901663664726765735e-01,2.454291513234747035e-01,6.829836615108684228e-01,8.995735640210476003e-01,6.261489295185421744e-01,0.000000000000000000e+00,7.662387505533911902e-01,5.808555574873848215e-01,4.865362033702685385e-01,6.171704860831065398e-01,7.173584310194601743e-01,2.226353520166095556e-01,6.590067923996490995e-01,2.846347070101534760e-01,7.680522551999529046e-01,7.026846243905943146e-01,6.147370825328131172e-01,9.206956756832975763e-01,4.225904716917233683e-01,8.874674657604360029e-01,8.932351368797841751e-01,7.686166643497517326e-01,7.093991171714015831e-01,7.043541825816237445e-01,3.302297935966648224e-01,5.728348443404465140e-01,9.077820825533976512e-01,4.700702737148995114e-01,3.995724280641482773e-01,5.130379659049867369e-01,5.359307404022602972e-01,7.857187557438728431e-01,5.642595315053443583e-01,5.786412554976114730e-01,2.043690260000900205e-01,3.691765334219861971e-01,1.031161556948733404e-01,8.015469052143142648e-01,7.350088460149784009e-01,4.130234111367028782e-01,5.952004454500370301e-01,6.059783715355161471e-01,9.146559562308319569e-01,6.139275093022904528e-01,7.335942773512822423e-01,7.148060520717967048e-01,4.668324763482628037e-01,5.573448423510378724e-01,9.529513168418615732e-02,4.142117665205444221e-01,5.813868949291281507e-02,5.208990266636549515e-01,9.930660679951108794e-01,7.088129799901470296e-01,4.748275951328750910e-01,4.293166580027651946e-01,4.557499454932761873e-01,9.577991113082542363e-01,7.437403773924580186e-01,7.120807909582960171e-02,4.268555114739593925e-01,7.916493163372066988e-01,5.719587397843723942e-01,4.669379082060445274e-01,4.907135699671064111e-01,4.456835288632856051e-01,6.043418494806213070e-01,7.228267535090723284e-01,8.695668285429501987e-01,6.816198009760987553e-01,8.522006372352708414e-01,1.330334873771656969e-02,3.429864159147077984e-01,4.379447197425950788e-01,7.453421778561905020e-01,5.765061447062119759e-01,2.866794176084528495e-02,6.214334756674294580e-01,3.316977729724486512e-02,1.634757840079958113e-01,6.524506294731226008e-01,5.684216008790183849e-01,8.058307053297193434e-01,4.624446818719029628e-01,2.633331848798780017e-01
9.864976989680934727e-01,5.945259994641933776e-01,1.514650831387258645e-01,9.430940709703435065e-02,7.498909332896241953e-01,7.662387505533911902e-01,0.000000000000000000e+00,4.150796950385314821e-01,4.877945755019248431e-01,5.678211268848808446e-01,4.830241239629318728e-01,2.140702243088101475e-01,9.641734212564971873e-01,6.925114429638313807e-01,5.718291414813074791e-01,6.582835529524759810e-01,7.647942551969763025e-01,2.052256799494861783e-01,7.981347265052470830e-01,9.713690348191725832e-01,9.756098776872107470e-01,3.573933552399150004e-01,5.814577617782014096e-01,6.068262320385480191e-01,6.805425369967177916e-03,4.866430859571693190e-01,7.872559354126587028e-01,3.897386609492714538e-01,2.495246096592092511e-01,2.609442983204340871e-01,1.351206430729440244e-01,6.345859532160171845e-01,6.985584263464751364e-01,4.248592468993389049e-01,9.132325695446131403e-03,1.791837095021873161e-01,5.458819442788855891e-01,6.783220952724584585e-01,5.023788451186218529e-01,3.814103203886695104e-01,3.584177300570322577e-01,5.062169352373168119e-01,9.690914811686984764e-01,6.059092212116400367e-01,7.739851753650524024e-01,4.990243612508490356e-01,9.491445815472119296e-01,5.067932498651188666e-01,4.885959970735954117e-01,3.205762654014210900e-01,2.673905765205305540e-01,6.402647922951518744e-01,5.213791570196509850e-01,3.796708727502590142e-01,3.723664619950246557e-01,9.971166959312480760e-01,3.641834090233563304e-01,7.961288200327062414e-01,9.073465042751776011e-01,6.659912997321101313e-01,1.222926826686174667e-01,4.163388632595815819e-01,1.138562169343350361e-01,2.065241200153930257e-01,7.319532927235732345e-01,5.757904989938323892e-01,5.672222652902114692e-01,2.954826119203218804e-01,4.920642392961160905e-01,6.465742401437906128e-01,5.118868516560466375e-01,7.278266868199786410e-01,3.973816371085271970e-01,3.904721809424679391e-01,7.399764542731566141e-01,6.127518180925628499e-01,7.796932916866072816e-01,5.857468210070710946e-01,6.849041588317656970e-01,2.698169087952111966e-01,2.794272133871793518e-01,6.292261257677745911e-01,7.469578340474689604e-01,2.863416225880302188e-02,4.712918120052997928e-01
6.621491453940338001e-01,2.355563186972256529e-01,7.369314825611297248e-01,7.505490259042340018e-01,4.329306624518669544e-01,5.808555574873848215e-01,4.150796950385314821e-01,0.000000000000000000e+00,7.412218774501743157e-01,5.784689966719064325e-01,2.302387999137060215e-01,7.961131698454098071e-01,8.421159262236515008e-01,4.252758810468924566e-01,5.416697476409932932e-01,5.081326242472796739e-01,2.507547812934745046e-01,6.071733539555811410e-01,5.567632323621016788e-01,6.817098978035009971e-01,9.984196329210590637e-01,2.584941641254842049e-01,1.982384591046702227e-01,4.620195437528756832e-01,4.479345361104537515e-01,5.835865999058236220e-01,2.804907130999582110e-01,4.209778155486454398e-01,-1.532878694557356647e-01,5.580708350567321618e-01,6.030527187231684572e-01,4.956373057059901277e-01,7.554822405598633495e-01,4.283575627227476090e-02,7.147919101067041758e-01,7.386782836920674500e-01,5.098823834420476153e-01,5.098197656981974246e-01,5.829160152117983662e-01,7.913081728421209604e-01,5.475967023127292777e-01,7.689609714036835797e-01,9.281385118633436182e-01,4.871567444827714644e-01,7.876076808456866640e-01,5.403295524979556674e-01,3.949200314168219705e-01,9.605736161570408438e-01,4.566773658115620971e-01,7.917069799795801721e-01,4.683530285520525194e-01,5.599619262764541361e-01,6.067369448136620269e-01,5.928635945507977345e-01,6.780718253742107349e-01,8.964983487293627373e-01,7.723359537298748467e-01,6.331597497054002321e-01,8.026115775243289896e-01,4.572916481934302668e-01,3.380559507691675014e-01,5.691835765206667563e-01,6.468316740483238680e-01,7.581486144419792295e-01,5.545686895237303959e-01,5.177293648204970289e-01,5.313105528724515469e-01,4.065594360373745442e-01,7.670188151371257756e-01,4.838799960888758300e-01,7.705249695424938317e-01,5.864889810983057172e-01,7.200052971941439672e-01,1.273014768036852262e-01,4.300314468856492045e-01,4.450870966543079565e-01,3.278969976606577186e-01,9.848858011871686191e-01,5.626874085117867796e-01,1.074080958364775074e-01,5.356842891194193435e-01,9.718470696077303739e-01,7.819891696443413975e-01,4.005569484328129759e-01,5.624337527108593804e-01
7.201732657675048443e-01,2.528157202551545302e-01,4.255971067117357287e-01,8.880324327603983381e-01,4.758703066372616530e-01,4.865362033702685385e-01,4.877945755019248431e-01,7.412218774501743157e-01,0.000000000000000000e+00,3.470699444108390486e-01,4.122507699505657541e-01,9.524060307753753341e-01,9.458950371985737071e-01,6.856843042881197725e-01,-5.526322822264151391e-02,3.332197424655226059e-01,6.905200934559384551e-01,9.192187815083741054e-01,5.212057934608774756e-01,8.319269686615258230e-01,8.250619234641507482e-01,5.880629146900293591e-01,3.156169020802057634e-01,8.083281633923048437e-01,4.670543602693262852e-01,1.647432222210850339e-01,7.168087558788532876e-01,9.167071148913932821e-02,4.254130932125553266e-01,3.050491712193103555e-01,5.128247088069133319e-01,1.996712270880410534e-01,6.672535647442632278e-01,6.316436915275441821e-01,4.265342024339656701e-01,4.579178772183549184e-01,1.073836258447151554e-01,6.481629536871317265e-01,9.061718964982723445e-01,3.618689283717415606e-01,4.475803792706491979e-01,3.291649542003372009e-01,7.973728461022259184e-01,2.477229782752909393e-01,8.774963907773678518e-01,5.400178434977203068e-01,4.817642102262132409e-01,4.637009389406857585e-01,4.498161387225255159e-01,6.910905084033079904e-01,5.815917429666296323e-01,7.736802954329637938e-01,8.349871664275990701e-01,5.487571520152281224e-01,9.286437814427519477e-01,9.180101313097852600e-01,7.794484575335128840e-01,4.311320932366875525e-01,6.733714377016025709e-01,1.122249094486975698e-02,7.342744375572648474e-01,7.862567635331043636e-01,3.246085806504387938e-01,1.945062560193340229e-01,6.271164615722968350e-01,7.981016079571331412e-01,9.948789091575854782e-01,5.589396170020921595e-01,7.829167959451814873e-01,1.921561221021388377e-01,4.366834565620394404e-01,4.621662330463116586e-01,6.272476423848201144e-01,-1.033251985042174109e-01,6.792537796099222813e-01,1.070094971889500313e-01,3.941655638999578271e-01,7.204968242232652198e-01,4.956676691486677777e-01,2.594747973510753980e-02,5.557997513025535463e-01,9.799058783009897411e-01,8.546193195259057518e-01,5.290126507682727519e-01,8.249889347581308430e-01
5.706359184293439135e-01,5.557355834325237165e-01,7.382056390821725156e-01,2.308401485448213220e-01,7.670381788322769845e-01,6.171704860831065398e-01,5.678211268848808446e-01,5.784689966719064325e-01,3.470699444108390486e-01,0.000000000000000000e+00,6.692239950710696661e-01,4.924855456801678355e-01,5.332167918246214500e-01,9.467719233155570402e-01,6.386079575014804721e-01,2.136106069204258273e-01,6.362144810889631685e-01,6.020651659994712412e-01,9.350760609439134896e-01,9.234836572612340477e-01,5.408656459577838860e-02,8.530777877243725937e-01,3.533665844112331422e-01,3.104113794017455685e-01,4.844979163296787017e-01,7.388472219400732399e-01,6.576720452489379642e-01,7.234322060285288680e-01,3.816444927052129454e-01,3.027390628623984337e-01,5.314864149380256197e-01,7.510587041566421096e-01,6.123410119164198750e-01,4.449191580325933537e-01,5.414326122657303619e-01,-1.284699827118341575e-01,6.208631918107301861e-02,4.443307055675929096e-01,9.623119625296634450e-01,5.666002351037895401e-01,3.205277882283104063e-01,6.782713355367535613e-01,2.466038711322120769e-01,7.519046186822517797e-01,4.988022062074450869e-01,9.739270456160107337e-01,4.235527983474735580e-01,2.438023749577132582e-01,7.394060387534600043e-01,4.613648056513237616e-01,4.180536034747688312e-01,4.782724492071334099e-01,4.589694276141934592e-01,5.059226755034982315e-01,3.925135763599859051e-01,9.719228352358340040e-01,7.911117285907290908e-01,9.647194354058852284e-01,7.817392627120010040e-01,1.193231873388223563e-01,5.660259212434800569e-01,6.499947539714506783e-01,2.763437324537006412e-01,6.530972619482874331e-01,7.973190863535670747e-01,5.252517070930107224e-01,6.720203933584145695e-01,9.539617276942300439e-01,-1.191254061650742074e-01,7.316042179515773736e-01,1.423195550147189625e-01,6.364826953435122059e-01,1.335011903368050860e-02,4.898548913968638896e-01,9.321832660217427291e-01,6.650147668388260991e-01,4.800064630414409006e-01,6.458687971712799847e-01,6.274946332643496216e-01,-1.417528740302509971e-01,4.651398231390009852e-01,8.070900915191827618e-01,6.184882390813816189e-01,4.512416103410799573e-01,7.764611509523613453e-01
6.598964437800418636e-01,1.413435718286244203e-01,5.676504689703658624e-01,9.214736389441663400e-01,6.964794446631458191e-01,7.173584310194601743e-01,4.830241239629318728e-01,2.302387999137060215e-01,4.122507699505657541e-01,6.692239950710696661e-01,0.000000000000000000e+00,5.984593535522979568e-01,9.199797872517410102e-01,5.839325826680632492e-01,5.478156697889228210e-01,1.101319766430105124e-01,6.191609749599495949e-01,6.311643991598904213e-01,1.039672007343087068e-01,4.856800345291358290e-01,9.671608726289564473e-01,3.141546224383658936e-01,6.138993288781664504e-01,7.453063146975065223e-01,3.962595228867036856e-01,2.481224830060248243e-01,-1.039910132701205164e-01,6.235960363269175133e-01,4.495892498127878611e-01,5.652004089616575744e-01,4.405161041529790378e-01,6.721073851440977354e-01,4.430309303154634781e-01,5.593790160656793020e-01,8.053676842416623849e-01,4.805756749318776944e-01,7.355154004944056134e-02,6.544964381457849534e-01,6.214962210513476082e-01,7.335629750969350216e-01,6.943688928395707061e-01,-6.975302369732697128e-02,7.936605625705159817e-01,3.844544739939746991e-01,7.535148748896064452e-01,6.244289713549205922e-01,7.532412199760587512e-01,5.682615489713503942e-01,5.324258933693989393e-01,4.938664754295473136e-01,6.045187169706709440e-01,8.866794231711925267e-01,6.978408872167940480e-01,9.499882478560673915e-01,5.930439238969513749e-01,7.813826353770041422e-01,3.616416495480943016e-01,6.123644701036548010e-01,6.114451713133748356e-01,2.356011968515745597e-02,3.009082204242715664e-01,8.816520400239111765e-01,4.159320248484059124e-01,4.036371566823647727e-01,6.291985370452530812e-01,7.106399140605011988e-01,7.715136655373174834e-01,9.498419075845978554e-01,7.701591524474062922e-01,6.922071959916574757e-01,6.521377343527479109e-01,4.074249157355511741e-01,2.649837386553181573e-01,2.072851909444605456e-01,7.985970036367830982e-01,1.792498002780643085e-01,2.054873630353124814e-01,1.532027712289631971e-01,5.279686343133260795e-01,4.056262918489525471e-01,5.690047166429508252e-01,9.450404215762073790e-01,8.257380046232251081e-01,2.060159571258005640e-01,8.162871092742528534e-01
7.706772819087155391e-01,6.358646324209020761e-01,5.634229964847160543e-01,7.048110279279745649e-01,7.891877315872900533e-01,2.226353520166095556e-01,2.140702243088101475e-01,7.961131698454098071e-01,9.524060307753753341e-01,4.924855456801678355e-01,5.984593535522979568e-01,0.000000000000000000e+00,6.297059538912305188e-01,6.247254755711542096e-01,4.296537011240688653e-01,7.858443090847686552e-01,9.418779834262950290e-01,6.973909672119303904e-01,6.170494571241631754e-02,9.560949239265645883e-01,8.838404399336666772e-01,5.829668384961746996e-01,3.254557664072150747e-01,8.797419303768765353e-01,3.442005608310494957e-01,7.162472310398538822e-01,4.379043665555586440e-01,7.306098196749918339e-01,9.850767173654129127e-01,-8.039945265630743521e-02,4.309850092711846048e-01,3.249426813688918170e-01,6.830099374376230603e-01,7.640229259052416788e-01,5.063937674328570226e-01,4.701909203377165891e-01,2.759838083168817541e-02,6.978660705422052857e-01,3.287909149349380611e-01,6.345722309814756379e-01,4.370042978770715125e-01,7.850819290985641130e-01,8.613831696011876593e-01,5.852395664290306332e-01,7.087115658228888559e-01,9.042483341679843356e-01,6.857715344465256102e-01,5.739518355168207187e-01,2.855599176667056316e-01,6.717657595345564170e-01,1.966981010222558224e-01,3.088196666066936880e-01,2.256014041512567347e-01,5.685053412251466209e-01,7.191182083714481310e-01,6.141379834857604303e-01,5.516260147794147528e-01,4.367336468593909782e-01,8.601835805964912485e-01,2.369089930963923230e-01,7.755263771087163027e-01,6.749864323050746018e-01,7.868971799166447623e-01,8.146676900911192787e-01,7.673144544425576363e-01,2.064846990065725973e-01,7.115867167301854757e-01,9.027263751561003247e-01,4.892351522065074287e-01,7.377641236980493344e-01,9.337203923534951322e-01,4.617827833991143271e-01,7.519054176669963674e-01,3.993986564805228623e-01,5.246218263745271448e-01,4.724096204128613308e-01,6.553531543380162194e-01,5.365818800755336460e-01,3.171874346368934727e-01,7.111055921486706399e-01,7.196867169793612629e-01,9.352195325875896081e-01,6.492082714308912150e-01,1.321492329828522772e-01,6.506702549015097592e-01
4.738077349567153540e-01,6.682968528715419465e-01,9.118630826579032789e-01,9.544348091701644610e-02,4.263103230245193775e-01,6.590067923996490995e-01,9.641734212564971873e-01,8.421159262236515008e-01,9.458950371985737071e-01,5.332167918246214500e-01,9.199797872517410102e-01,6.297059538912305188e-01,0.000000000000000000e+00,4.600179201156109343e-01,9.520822272563910227e-01,7.558091701964366749e-01,7.495990199156292721e-01,3.506407106486755243e-01,2.682664340830318017e-01,8.458617412091885557e-01,7.587658115033064643e-01,5.104558720024358065e-01,6.079832098180196764e-01,8.084630482959650477e-01,5.362063149197041634e-01,9.115591747005266088e-01,6.726584568523096275e-01,5.123057224770233287e-01,7.421213433354403310e-01,5.368555473155874891e-01,3.022128000078815324e-01,4.686268531295101902e-01,4.121079758906552870e-01,9.028773002743265552e-01,7.335880260913033579e-01,2.277116480935680864e-01,3.275844000639114295e-01,6.903154321561603135e-01,4.018848564761344222e-01,9.577624234776854761e-01,6.358737202286131041e-01,9.562393576273474638e-01,3.278686025926216274e-01,6.140421916101869160e-01,8.261802480812665550e-01,8.773794682124400612e-01,9.942105955124519445e-01,8.190076632155012248e-01,8.716430196345317238e-01,7.068005133062645884e-01,6.103183169182707646e-01,7.958746423161537908e-01,4.507580446390639373e-01,8.132310495460431943e-01,3.256428245749751205e-01,3.318720596037822990e-01,3.896316023486285918e-01,4.124245649037386885e-01,9.569916271200600288e-01,2.335648603439222648e-01,5.268406776235101674e-01,2.612806240107720113e-01,5.068008984647406345e-01,6.411952797002085092e-01,5.305377435295933752e-01,9.303927457447831451e-01,7.515388288926846405e-01,9.143070008510681967e-01,3.679998822343781839e-01,7.831049896638470065e-01,6.001102794826448372e-01,8.408890804145613407e-01,1.690587808153389826e-01,3.606559930247317247e-01,5.711058006205086413e-01,4.276059739414851402e-01,7.541652906474027862e-01,6.284880954828355737e-01,3.408854372908651786e-01,3.871337885411712393e-02,3.683339563932450655e-01,8.711375244692940445e-01,3.880613397437088219e-01,3.122026891674952731e-01,8.966161598191061399e-01
5.305883758593279431e-01,6.104374182694257689e-01,6.123202852170342991e-01,1.231490085644619259e-01,2.033219273059119203e-01,2.846347070101534760e-01,6.925114429638313807e-01,4.252758810468924566e-01,6.856843042881197725e-01,9.467719233155570402e-01,5.839325826680632492e-01,6.247254755711542096e-01,4.600179201156109343e-01,0.000000000000000000e+00,7.378883073618838218e-01,3.058952386651342392e-01,6.469487061385839066e-01,8.537599143425231851e-01,7.047350402819922977e-01,9.454652800377574273e-01,5.702158767113191251e-01,7.242049508463834773e-01,3.941169992820247048e-01,7.635547974230936230e-01,4.942233704343361733e-01,7.454548913057015280e-01,8.012333417776209554e-01,4.874040352034254009e-01,2.515092502712775180e-01,5.829278085276958787e-01,2.271632998589581121e-01,3.708256088321755239e-01,9.375066965831241328e-01,7.118511170354886453e-01,6.872822989256071047e-01,3.713797144449935694e-01,5.691984549166226870e-01,4.530507776081910132e-01,5.613964520866958630e-01,8.167891156075538506e-01,7.968062523042307443e-01,6.858476241216161506e-01,7.833948002095041385e-01,5.965050603941792762e-01,8.780922012630694162e-01,5.284788723683763179e-01,6.385658414340600331e-01,6.492813250724092100e-01,3.806726331513117234e-01,8.259671452733001740e-01,7.269367772247028459e-01,6.368213509507814063e-01,4.215512281444341314e-01,4.564728379968275296e-01,5.071075429805264045e-01,6.086115348938130332e-01,6.635594115832446072e-01,9.475037539616399940e-01,7.890545297638595912e-01,3.788756381684016405e-01,3.167041424662373483e-01,9.831225101413940681e-01,7.220972949475785718e-01,6.234382072140951525e-01,7.185144112312906728e-01,8.848496612091542035e-01,9.774940540702519165e-01,4.650479327373267524e-01,5.602705010678660225e-01,5.569701091850325358e-01,8.915782411941383101e-01,9.895142256329899633e-01,6.895075819929921135e-01,3.903584685941674515e-01,8.281606427884489197e-01,8.063563354726293042e-01,6.461975989495647443e-01,2.634633710272557550e-01,4.245308390496146944e-01,2.158393729146335094e-01,9.388186838682862634e-01,7.019334067918038267e-01,6.064790807077089507e-01,2.229453858518151352e-02,9.775509345894775048e-01
7.939190876768926763e-01,3.338185023137090202e-01,8.253111475915518858e-01,7.772999743009019191e-01,-6.984785565438833554e-02,7.680522551999529046e-01,5.718291414813074791e-01,5.416697476409932932e-01,-5.526322822264151391e-02,6.386079575014804721e-01,5.478156697889228210e-01,4.296537011240688653e-01,9.520822272563910227e-01,7.378883073618838218e-01,0.000000000000000000e+00,7.558043255114882397e-01,6.944954218957938297e-01,6.276344498410310058e-01,4.034321633643986327e-01,2.561688242071626376e-01,8.254919775031057672e-01,5.367780619183842861e-01,4.197482358101095046e-01,8.420962547579518009e-01,6.995253470227011938e-01,2.972353266128328064e-01,7.127102666752228588e-01,3.467008592758483720e-01,4.469920803634943041e-01,7.211437239382096909e-01,9.529967491678020819e-02,4.785831210669000968e-01,7.402429471793124938e-01,4.830222559827335171e-01,5.706698343868976675e-01,6.540097138270789534e-01,1.214326359239412539e-01,2.743749496062072302e-01,1.687322045414376415e-01,7.988453737753292705e-01,2.703105547030744682e-01,3.284774295782659781e-01,6.937022541928725694e-01,7.451628476577795146e-01,3.501221280743205266e-01,6.132560277719871777e-01,4.080793416354498021e-02,4.592164506432849791e-03,7.144622468035799479e-01,6.653981255808177897e-01,5.821435972383238733e-01,6.743413266398514683e-01,4.189941559827418116e-01,3.658363008678404693e-01,6.009323458814433971e-01,9.585373110756778559e-01,7.760612017561369091e-01,5.038498277442987616e-01,5.190381402570234393e-01,6.267121526314692326e-02,5.348308549717889493e-01,3.406952838371495318e-01,5.650136177402972359e-01,6.331833341947922245e-01,3.232001015495792884e-01,8.170122326087448927e-01,4.513008356356470463e-01,9.744129265043562915e-01,6.439607713468286088e-01,6.982217977784614948e-01,8.986263575815094384e-01,7.785668215034942108e-01,-8.593042211287804655e-02,1.840071874343880698e-01,6.255568180265732581e-01,3.789094488968233754e-01,7.944326745989840344e-01,5.015180917312409559e-01,5.611649367557084433e-01,6.963513829338932037e-01,7.213995113192760433e-01,8.548051728116581316e-01,7.208045165235541507e-01,5.508612937451893288e-01,6.140052482047633209e-01
8.415791165691767217e-01,6.361325522083481898e-01,9.698426468330177963e-01,8.475592174746359175e-01,4.240248904340845892e-01,7.026846243905943146e-01,6.582835529524759810e-01,5.081326242472796739e-01,3.332197424655226059e-01,2.136106069204258273e-01,1.101319766430105124e-01,7.858443090847686552e-01,7.558091701964366749e-01,3.058952386651342392e-01,7.558043255114882397e-01,0.000000000000000000e+00,6.530040291572607458e-01,8.503473639054761612e-01,7.702201655840490435e-01,8.719994820119438828e-01,6.095716888474692619e-01,6.812200175859278728e-01,7.035491105698624681e-01,6.284582616034201097e-01,3.746044224247463417e-01,1.487638820385826094e-02,7.496119650868368067e-01,6.382716026479687832e-01,-9.145094703538227121e-02,5.242929088157961548e-01,2.330408032836510102e-01,2.845139927017369397e-01,7.573305597953857715e-01,5.640191625042410006e-01,7.645615925112474454e-01,2.640923783179903728e-01,2.598093727505906281e-01,5.577133287769316938e-01,6.031492142075969287e-01,7.559729588001988798e-01,5.316800583408325398e-01,6.087956068548382449e-01,9.667832422985844776e-01,6.379152167782302651e-01,6.574411819067176310e-01,5.091548161734591460e-01,9.157467960386880268e-01,3.367237918865005897e-01,7.339035661562074431e-01,7.415005644501655446e-01,5.688063788820409972e-01,9.989071894838686960e-01,4.245054530356436873e-01,1.959753101037142176e-01,8.695434213020690750e-01,9.324526639708197173e-01,4.423385884483135855e-01,4.680717206608993319e-02,6.364011263493690729e-01,5.293024330690885293e-01,1.521975265798301280e-01,8.084971122717525827e-01,5.359360485183630729e-01,7.571013138396147646e-01,9.197642995318136006e-01,5.259398013888703094e-01,8.513153874411488742e-01,6.424744941141917742e-01,4.221461401842725447e-01,-8.781022577337643797e-02,4.488146416681470519e-01,4.101918234965094001e-01,7.131421021967985219e-01,2.885691980567325343e-01,1.018640833825730230e-01,2.150870895909487990e-01,2.915537254723409855e-01,6.334252560804820575e-01,5.250798081024319330e-01,5.230279702798978914e-01,4.747733736771543311e-01,9.188954692635500354e-01,6.307900265024445341e-01,6.137778861540096331e-01,1.012558910234379744e-01
6.795937213350897732e-01,9.886357916293382342e-01,6.182069273727662795e-01,6.810204021737411573e-01,6.097462857050841567e-01,6.147370825328131172e-01,7.647942551969763025e-01,2.507547812934745046e-01,6.905200934559384551e-01,6.362144810889631685e-01,6.191609749599495949e-01,9.418779834262950290e-01,7.495990199156292721e-01,6.469487061385839066e-01,6.944954218957938297e-01,6.530040291572607458e-01,0.000000000000000000e+00,2.856552203552035207e-01,9.664298904540638002e-01,6.180098901584737403e-01,6.117543519796595497e-01,9.754607288480579008e-01,6.636288162167998106e-01,4.940587982072454087e-01,4.752292574320703955e-01,8.060506502955581132e-01,7.015454820568893801e-01,9.979666455360235444e-01,4.468761554434710348e-01,5.889498876847633069e-01,2.425946869996282729e-01,7.659177127302969623e-01,9.573156936828562946e-01,9.034816474658129426e-01,6.170479242652749940e-01,5.867959868560197467e-01,5.453667343420095515e-01,6.159736662034809296e-01,7.756998071379670456e-01,7.521221334807510761e-01,7.643420884663554293e-01,8.951138374053067004e-01,7.879864205374643715e-01,7.273908538376356869e-01,7.750058220222202365e-01,7.156116167998110011e-01,2.299515753235535920e-01,7.991320049193197939e-01,9.043997933427346814e-01,5.978250860348872653e-01,7.079895092957666503e-01,6.364194155335043401e-01,8.460361775782467841e-01,8.941816830091654511e-01,6.054627085214400184e-01,7.866777126640801532e-01,2.653132621625463594e-01,3.741625266073262956e-01,5.381278844134400607e-01,2.110799442331333375e-01,4.022413581432183194e-01,8.646419933162881044e-01,9.151911001634503995e-01,8.968319758855110013e-01,8.259501587255918542e-01,1.974025565281537498e-01,4.722087002493156049e-01,7.428680878361977324e-01,5.342507282457857887e-01,9.836889843339967632e-01,7.811473593251372360e-01,2.630894744329654311e-01,3.144074663813196668e-01,2.470963026438327825e-01,9.934942861280405824e-01,4.739308119692264842e-01,7.759107462677693468e-01,5.991471353595054783e-01,3.121824421439237662e-01,3.609162394617575487e-01,7.525905189607352552e-01,9.712479371313826881e-01,2.052651005091721548e-01,6.401960318312075460e-01,9.497916915567483631e-01
9.420634902581146441e-01,8.377857469738275720e-01,7.454871187585524472e-01,7.779810270096781943e-01,7.496546817053937328e-01,9.206956756832975763e-01,2.052256799494861783e-01,6.071733539555811410e-01,9.192187815083741054e-01,6.020651659994712412e-01,6.311643991598904213e-01,6.973909672119303904e-01,3.506407106486755243e-01,8.537599143425231851e-01,6.276344498410310058e-01,8.503473639054761612e-01,2.856552203552035207e-01,0.000000000000000000e+00,5.929416357361700918e-01,8.651517605543679323e-01,5.625768156326766967e-01,4.928182556169218298e-01,7.698683631521000548e-01,2.240227497489179487e-01,5.457060219647069665e-01,8.080256942379417939e-01,6.215256942023833497e-01,7.683350020086110455e-01,6.824560209844363623e-01,3.246030650355639091e-01,2.795228870263098964e-01,1.066028249042979409e-01,4.306224126958788645e-01,5.688035480208302186e-01,6.801332597651841283e-01,3.512052746294622718e-01,2.109963989079833291e-01,4.085632073052893332e-01,7.174271655428888783e-01,-9.293639627229600964e-02,5.058600607089374090e-01,6.955924438871592397e-01,7.463367814188083260e-01,5.024103021449318751e-01,6.375055835074870947e-01,8.797759401490832243e-01,8.619123739869440914e-01,6.270431047078969256e-01,7.430201555584624584e-01,6.743546578494238330e-01,3.552873114359771378e-01,1.233791296461092535e-01,2.380997030729112285e-01,7.119385973284168001e-01,6.051026754578359146e-01,4.486328710448807544e-01,4.805329625566181484e-01,5.264915040478359565e-01,9.194837092902512499e-01,5.805972811397361877e-01,7.446560723900146339e-01,5.952240202735378238e-01,7.436558676795512746e-01,4.752497345422103114e-01,9.974799655144335198e-01,2.739015730993357156e-01,2.654543953138502332e-01,8.544356071010247300e-01,7.859830599998629541e-01,8.551740206370974651e-01,6.384520032029777914e-01,4.365660492911697665e-01,4.241431532399788651e-01,2.203639227164412850e-01,4.617457934603999004e-01,7.969278054778912157e-01,4.053693651144054666e-01,1.577774162866127927e-01,3.806509469607094465e-01,3.529488533029830899e-01,5.290356058874783329e-01,8.747914467695884211e-01,9.736817826150909738e-01,7.581529843050706097e-01,2.072482337805816588e-01
