0.000000000000000000e+00,9.413086090063733646e-01,7.479351028458400830e-01,7.906617892205666243e-01,2.063143303623568570e-01,4.950563772956741437e-01,7.324872854384689713e-01,6.467007030311089366e-01,3.236220714646345087e-01,9.357770267990018764e-01,8.132864129251381469e-01,6.260612298056853486e-01,7.377140651224766144e-01,6.586187349845985528e-01,8.267617891362207816e-01,6.204562359411316397e-01,6.276408177600023564e-01,6.156942298653294010e-01,9.893701926477012076e-01,8.912129113444113848e-01,7.695943208247011391e-01,9.835282950284492953e-01,8.459037773981225028e-01,7.750028334676651864e-01,9.549600600691476870e-01,2.982699714884071152e-01,9.860718135342050328e-01,6.307269904059016330e-01,1.001512186174901287e-01,4.237942985717617073e-01,6.741135828922154571e-01,5.608061394275626332e-01,9.395079041629565975e-01,9.539603982325609577e-01,6.910829091901503629e-01,1.178202052299863190e-01,-2.934169366520548161e-01,6.504572630020062363e-01,8.940233695598943653e-01,4.220377265754736706e-01,6.615832278858711779e-02,7.698639815136510967e-01,8.083030961635087053e-01,7.685090797362362780e-01,7.794549339351425354e-01,2.526699001225197194e-01,7.007357962090622339e-01,1.720821800575443872e-01,5.160268194286021792e-01,7.675262903782076318e-01,9.097227825142515378e-01,4.338422714842690708e-01,8.754005298409434088e-01,7.541456263307235730e-01,6.312919402568119009e-01,5.085164405159344758e-01,9.348985443594379774e-01,2.062829669308071101e-01,6.189780643186021392e-01,5.213653083708025271e-01,7.064863422204968879e-01,4.960108496740127659e-01,8.699652410446543360e-01,5.301374909932994317e-01,6.359539015131443485e-01,8.425869893328715721e-01,5.539286537948500122e-01,9.051229348344702608e-01,3.315990784096082278e-01,6.774389338754733814e-01,6.725732121915349859e-01,5.698235346348469177e-01,6.759514980941357942e-01,4.867331968754194937e-01,4.974304819245235487e-01,9.028675422285570296e-01,8.008536036003640612e-01,8.709553870879629400e-01,4.459836374197095332e-01,5.254929403495550710e-01,5.067314879339520628e-01,7.611209808237475727e-01,5.397699758065368503e-01,4.319506237658684578e-01,7.253240622025316497e-01
9.413086090063733646e-01,0.000000000000000000e+00,4.152945884587612713e-01,8.072301700868257379e-01,6.335110164007816680e-01,5.853106422421699984e-01,7.372401550623598476e-01,7.956987358607203742e-01,7.841409400227797866e-01,6.198571385215924101e-01,5.558533289983584869e-01,4.410052348799730071e-01,6.750907619644561652e-01,8.450727812766434255e-01,6.993749663550540285e-01,5.792246743418794086e-01,5.009602874805531014e-01,6.156506931932438365e-01,9.777846656171298445e-01,6.151856891705735908e-01,6.400365228199691447e-01,8.555094625224214377e-01,5.667006187709787701e-01,3.753132876775839843e-01,7.918457630982649320e-01,5.773254234552704922e-01,5.984650243859077623e-01,5.942314337033998140e-01,6.839256738698495930e-01,7.220686623226346690e-01,4.863539178587520939e-01,6.199074912094106882e-01,7.027195133052489551e-01,5.241758924118694596e-01,4.781481105307959778e-01,4.336793666450090567e-01,5.281089863116263938e-01,5.850384472761984700e-01,6.040427175074403188e-01,6.199486190374726702e-01,3.466075167818849501e-02,8.357872254330793726e-01,2.554523784239935008e-02,8.597882799731668690e-01,2.411044687296316769e-01,8.327040018792704057e-01,3.734047062935175187e-01,4.308800544229950402e-01,6.642616956477626067e-01,6.839758534332616158e-01,4.632911239396873548e-01,6.865151187197853222e-01,4.846607942597431773e-01,6.571914652781751798e-01,2.947805883377684899e-01,7.229404814936741808e-01,5.620977085895878522e-01,-1.632604303936910362e-02,5.476695284735285663e-01,1.557793174433094452e-01,2.484855237649290505e-01,6.231656310524912312e-01,9.731305170140607252e-01,8.373290277625011768e-01,1.041646226296226718e-01,6.727616826796668503e-01,6.803051113299281027e-01,5.147840823973021118e-01,5.465090822906382151e-01,5.025636610909813839e-01,9.178933746520208103e-01,9.203811544334709049e-01,9.690076245991263715e-02,2.737451644224180303e-01,3.925788927893298919e-01,2.886753111911809500e-01,8.524509933842461251e-01,3.483856321413227874e-01,1.776123423829771841e-01,6.344524467904897325e-01,7.340671327436441018e-01,4.202083463013649989e-01,5.938819851806568240e-01,6.510915717300569394e-01,8.609523204816009745e-01
7.479351028458400830e-01,4.152945884587612713e-01,0.000000000000000000e+00,9.704636154158506889e-01,8.452572604393300271e-01,7.980525652902530354e-01,8.546209007370950683e-01,6.771439181650031891e-01,9.700256547758686620e-01,7.216906858190896834e-01,6.569464291194823113e-01,8.978633594892363456e-01,-3.493383715782991117e-02,5.941607233127882415e-01,6.457373921280121776e-01,9.909311814106236405e-01,6.842716638226092885e-01,6.802621664061869744e-01,6.570420864839263686e-01,6.645444719828775826e-01,6.387281528833976818e-01,3.503767392546056625e-01,7.340337984087198508e-01,6.449548622148659760e-01,8.961342744416254114e-01,8.621855032764697002e-02,6.665416752006679824e-01,7.847695777878429535e-01,2.944922410762804699e-01,4.495114493638863173e-01,-5.364043994449765873e-02,9.312777663794251648e-01,9.741969015921555508e-01,9.131147312306102659e-01,9.845424297447576967e-01,4.748069583294289853e-01,3.377148390641662723e-01,9.038361698010675127e-01,9.267237325628918665e-01,7.474571199701440793e-01,5.792357038581396056e-01,9.503220040858088025e-01,9.713814577249635374e-01,9.332466138277937251e-01,6.495825006627853337e-01,3.814858782741768484e-01,5.026490118514456151e-01,9.594443400840581004e-01,7.157489830489671689e-01,9.905308597527482384e-01,6.339782521351998712e-01,4.228377166118416075e-01,9.186133116197742199e-01,8.268455010072721656e-01,9.400680475364657784e-01,7.215556397162357083e-01,8.671168482827449342e-01,4.074185813441801862e-01,6.745769827360617032e-01,4.824620479954427887e-01,5.632489741087212121e-01,5.522533971961158805e-01,8.261403243501105331e-01,9.768597110902734748e-01,5.042810465961696798e-01,7.108796258119970402e-01,7.158150461029663125e-01,6.469709438380943922e-01,4.172093736457020974e-01,9.769432338894799006e-01,6.354353715952120174e-01,9.792763768235031030e-01,2.006411539169015990e-01,2.270318642340767856e-01,6.360430489231487794e-01,7.770108252854832642e-01,7.154409776700296764e-01,6.054964302469978410e-01,5.317780426938332194e-01,5.935548273899649008e-01,6.359368896488071243e-01,5.877647012907635249e-01,9.343631556325773246e-01,9.996280665624437400e-01,9.940475003140207821e-01
7.906617892205666243e-01,8.072301700868257379e-01,9.704636154158506889e-01,0.000000000000000000e+00,3.418652551796630412e-01,7.680047178799715990e-01,5.117936538152516590e-01,3.274497966898765045e-01,7.849922559794970667e-01,8.781224463317264251e-01,5.921896324079876095e-01,7.074928893771518235e-01,5.383747259115216899e-01,7.033560341188780374e-01,4.760653160564990438e-01,8.899381881947110440e-01,6.623438379318689062e-01,7.708449569345611208e-01,3.395149324323325501e-01,9.998935008837968041e-01,5.362529706915186711e-01,7.711687348829603383e-01,6.774040511332215520e-01,5.417691714809782511e-01,6.092195722511589695e-01,9.808244403987780302e-01,9.535918253932580413e-01,5.461591729833482622e-01,2.624213093471282621e-01,1.181369509505676985e-01,5.513786599909447084e-01,5.079392562718394455e-01,4.613090221234299459e-01,2.854309323484211514e-01,5.961675829830477280e-01,5.882561974062828769e-01,2.930519577042534629e-01,2.476391727899158179e-01,8.606600026018302874e-01,6.262364901207906343e-01,5.110994330000553365e-01,8.370274730151987530e-01,6.020946636046088374e-01,4.858724601963795298e-01,9.511280535181405593e-01,9.762166860550294256e-01,7.572506803698013655e-01,6.231616380136087430e-02,3.912314409461289388e-01,2.882715976164836325e-01,8.049499488199999275e-01,9.047140148758450184e-01,6.843745428342886683e-01,9.898349607713303744e-01,1.988775692805531126e-01,6.941066748498055938e-01,4.337631136375026952e-01,4.251469322168627274e-01,8.519929930671009677e-01,4.914515002476964045e-01,7.114816444881786328e-01,6.072910574147404317e-01,4.580656736120055084e-01,6.542409619824279821e-01,7.085233133325399280e-01,4.102648197766578519e-01,5.628978189297615398e-01,6.683093422509785997e-01,5.859450032786204243e-01,7.372537029505725759e-01,5.367789197309160709e-01,8.302897086736562571e-01,4.166405084214446775e-01,3.822369961896499024e-01,3.430501642453199773e-01,6.151966768287714382e-01,6.062084380303205400e-01,5.464761479956757873e-01,8.250990463012873588e-02,4.264831225907333434e-01,8.594721209423029640e-01,7.856508338072329956e-01,3.336008912755601408e-01,5.624216151665618613e-01,6.233219170727402059e-01
2.063143303623568570e-01,6.335110164007816680e-01,8.452572604393300271e-01,3.418652551796630412e-01,0.000000000000000000e+00,6.092990881774859036e-01,-1.078557981744122096e-01,5.678113271685322205e-01,6.220848218888705983e-01,9.541277493746320726e-01,7.935561512020399277e-01,5.357836562348614606e-01,8.640310775322190828e-01,7.299166427305246729e-02,7.466224342990440688e-01,8.355704132819370411e-01,9.181478516316613492e-01,6.091239331943510971e-01,4.060725522211965366e-01,3.449311268869036384e-01,4.224859106657514740e-01,6.167408894108570294e-01,8.715599056376316378e-01,9.877792043352771056e-01,3.257977331221979522e-01,8.698594671367115838e-01,5.512923511445948499e-01,5.726576316112423903e-01,3.832151289401637684e-02,2.970229516631809341e-01,2.171465206754512323e-01,6.871420440048583433e-01,7.070068108397550288e-01,5.536216748172946289e-01,6.576393398968136683e-01,2.094495893965484246e-01,2.296601171586122314e-01,1.988037629059284939e-01,5.708863867525448832e-01,6.338650680494998246e-01,2.111899870406073465e-01,7.870362140435467335e-01,6.548579443405229128e-01,4.049699497300737194e-01,9.797521114165198552e-01,6.461014494235965966e-01,7.313399154299409233e-01,7.473602845158816566e-01,5.634892583295723067e-01,2.185546970859125193e-01,6.113671991254582272e-01,6.802014928246806758e-01,9.338371899297147616e-01,4.154622932362388998e-01,8.763628111027811363e-01,2.505812046767663115e-01,7.020505853210258218e-01,7.255436485567585692e-01,4.024956628537972314e-01,7.916751623082318723e-01,7.949363057339537963e-01,8.822949145631459045e-02,4.930985064742712254e-01,6.693359058855510302e-01,2.567747895207727060e-01,4.206672237450463925e-01,4.171024063909574142e-01,5.794717080549331989e-01,3.704795561788378766e-01,6.268802355349515354e-01,4.413813844765886452e-01,7.769931850841738097e-01,5.386173059066681201e-01,3.233914112660192242e-01,8.119892834841818674e-01,8.198123368383819498e-01,8.103315919614400009e-01,4.850887672109094328e-01,6.377297131543173403e-02,4.621458419482331603e-01,4.803313323457794048e-01,6.760486317811558177e-01,6.810907695305932208e-01,4.466914397408016657e-01,4.436252330168710123e-01
4.950563772956741437e-01,5.853106422421699984e-01,7.980525652902530354e-01,7.680047178799715990e-01,6.092990881774859036e-01,0.000000000000000000e+00,3.259322382799590967e-01,4.849188417871000967e-01,9.029703604068789469e-01,5.096757369779613134e-01,6.632079427714681064e-01,3.960666530312743072e-01,6.486657910423730966e-01,6.268499245247469709e-01,2.951658950018728467e-01,7.230304381967740390e-01,5.302577720352318336e-01,4.768825983347825259e-01,2.075697541509751234e-02,9.949543256601229846e-01,5.192484482998334094e-01,5.513618939373925443e-01,4.968543939077397775e-01,9.463822567147721632e-01,6.692556784332559516e-01,5.868521096802941095e-01,7.811896410800707180e-01,6.083523332986527921e-01,2.559335481751052188e-01,4.391765391980752553e-01,2.094223696120177391e-01,-9.465635951890769006e-02,6.418258710419444402e-01,5.235326477210209273e-01,6.926943612925688942e-01,2.090917354152370122e-01,3.416522730017449994e-01,7.607877495768432530e-01,4.463994342171992979e-01,9.494285396269663835e-01,5.190403271352151959e-01,6.830106208802565471e-01,8.793394479174484468e-01,7.500977155020144282e-01,9.136431042420956050e-01,6.595000248879935301e-01,4.460206731158841142e-01,7.244368877174005572e-01,4.495149353904935863e-01,3.349830337676862335e-01,7.101878960242247185e-01,7.529943335607178767e-01,5.253247413321644466e-01,5.284639416432381775e-01,5.037347758453287749e-01,7.277288560325653188e-01,4.307344055637917224e-01,5.031981428358254238e-01,7.458191724067824158e-01,6.214424753254210732e-02,6.160297537786676991e-02,4.553999413196128110e-01,9.717697803934237655e-01,7.885990291290160270e-01,8.782470845947383253e-01,6.801871503923404561e-01,5.354294268114073718e-01,7.347582519921207478e-01,7.084463312042993399e-01,9.933167929598643031e-01,7.077928938645706713e-01,1.388217798741845366e-01,5.450754708309734076e-01,2.716892594997496468e-01,6.266077119304819254e-01,8.589913768283042872e-01,6.952090140648768957e-01,4.588836532140581070e-01,3.380326374104473119e-01,1.520554920280871858e-01,4.075397545921310427e-01,7.922621863201497749e-01,1.985630822784140159e-01,4.634878014275929936e-01,3.542363242372275067e-01
7.324872854384689713e-01,7.372401550623598476e-01,8.546209007370950683e-01,5.117936538152516590e-01,-1.078557981744122096e-01,3.259322382799590967e-01,0.000000000000000000e+00,5.083868869542941260e-01,4.686923831342446611e-01,4.499508123196890308e-01,6.943559329001859348e-01,2.268673609833536664e-01,5.107535240607963267e-01,4.924107267027261203e-01,6.000464124706956781e-01,4.645632711215266775e-01,9.515170452249613886e-01,1.313437281689124603e-01,2.229785808001950032e-01,8.461400964549218306e-01,7.180081454691843446e-01,5.947233309762729458e-01,4.546894791809574232e-01,5.787651414943670858e-01,3.676124032752398074e-01,1.183838754021330070e-01,5.947700289762791748e-01,5.823269871135969833e-01,3.986826744944310663e-01,7.200283488457958070e-01,3.734397608462796114e-01,2.068185867134748335e-01,4.856398331801977108e-01,2.261107792453762033e-01,5.414262976170074460e-01,2.086525739726101392e-01,3.714822820651449975e-01,5.847416309737268891e-01,2.222235832612663997e-01,4.146979385637973858e-01,4.565001786155550856e-01,2.479602286603774242e-01,8.219440284420121978e-01,7.410874049798552576e-01,6.008723025973460308e-01,6.846605623189676582e-01,4.667049143152925406e-01,5.289319332178146205e-01,1.670775907904371860e-01,3.832620937992490262e-01,5.408667427324882482e-01,7.436180352260295390e-01,7.878597026090714550e-01,4.490285644346224680e-01,4.047086533303086986e-01,2.100922403150386752e-01,4.800081578430718254e-01,5.989719045312245083e-01,7.993772355348367498e-01,3.407259812051743886e-01,5.760037195612552896e-01,5.446670268657806124e-01,6.157744759458562145e-01,7.393396811032059146e-01,5.538404498531568354e-01,5.514810688687938889e-01,5.564513928662137010e-01,6.515303877891259754e-01,4.205733725378757448e-01,7.476511347893075587e-01,5.082077918515808257e-01,6.752586801464816046e-01,5.951111446078563016e-01,6.387988837407021503e-02,5.402213382453119328e-01,3.361575918562126342e-01,4.653054958255478102e-01,7.463723603488868763e-01,6.313020298807505704e-01,7.732162850771658880e-01,3.968477887603709675e-01,6.601656840552400096e-01,4.133551796982039006e-01,3.540794250613905070e-01,7.577808845127764759e-01
6.467007030311089366e-01,7.956987358607203742e-01,6.771439181650031891e-01,3.274497966898765045e-01,5.678113271685322205e-01,4.849188417871000967e-01,5.083868869542941260e-01,0.000000000000000000e+00,6.259337307621362090e-01,5.274062235956622491e-01,2.304896780543263524e-01,6.301737683281035673e-01,9.947827454861806196e-01,4.582101138025865827e-01,4.019237981245389890e-01,3.810821598044300540e-01,7.692850016210028841e-01,6.398260237992092758e-01,5.381231977165368274e-01,7.670812584426298653e-01,6.234551958532639215e-01,3.558849533147462330e-01,7.100636320320152794e-01,9.022563551040152507e-01,6.262437094509771818e-01,4.716092751362777058e-01,6.758732554921544899e-01,5.723025686357854358e-01,7.486100474085928269e-01,7.802304908843979980e-01,5.555322933049621215e-01,7.866630808823221743e-01,5.901351770945570951e-01,2.379492000661264095e-01,4.795488750337748018e-01,3.106757668157637542e-01,5.446772423347883557e-02,5.775035305930159568e-01,7.212781857913126426e-01,4.259938541649518906e-01,6.622477864765876632e-01,1.902669569963717500e-01,6.490104841776368483e-01,-1.887336826273562917e-01,7.709798074181442029e-01,2.485227358528669939e-01,6.648009616662240440e-01,4.359465717464732215e-01,7.074403434964299242e-01,2.420778059941303684e-01,5.346030006476594210e-01,2.078472513553444520e-02,3.307853481063189327e-01,6.951487599626761105e-01,4.873816375056911898e-01,9.060061755032096098e-01,6.648937024473613455e-01,4.782461875803584728e-01,7.335623853309587439e-01,4.018914750864049923e-01,2.419850706022780851e-01,6.217732791838924689e-01,4.888168422138274849e-01,7.336662621456350175e-01,8.756845787539806469e-01,3.077623258668382711e-01,5.287127919041314517e-01,5.803493388913854023e-01,3.868889292412903691e-01,4.541506290112470867e-01,6.920541248656546518e-01,6.023936153880192768e-01,4.644405303489024250e-01,5.815855382029491150e-01,6.820371634313867615e-01,6.760893009508308626e-01,6.803484037594564882e-01,7.828493772918537763e-01,8.888482501991582518e-01,2.234217601282516286e-01,5.625532328975773044e-01,7.067072284630657730e-01,6.636590665235836406e-01,4.564044992976532544e-01,3.909074348550636846e-01
3.236220714646345087e-01,7.841409400227797866e-01,9.700256547758686620e-01,7.849922559794970667e-01,6.220848218888705983e-01,9.029703604068789469e-01,4.686923831342446611e-01,6.259337307621362090e-01,0.000000000000000000e+00,7.627397543461804652e-01,4.104144239954976570e-01,5.953081405666887926e-01,6.491311526243955798e-01,7.711192238519646303e-01,5.805803512170590874e-01,4.885243199575276529e-01,4.174019645332200379e-01,2.401109958651755361e-01,2.742555907627437506e-01,9.352597776081232883e-01,8.567323308385386138e-01,4.591523218212938406e-01,4.022020500337171733e-01,7.845219717583625796e-01,4.685666401863040065e-01,6.239151145392695108e-01,6.062099604174910894e-01,2.096267039754977912e-01,4.421711067917521998e-01,2.041614278103379143e-01,8.358581642775185505e-02,7.457507852933984438e-01,6.830241069699348744e-01,5.620809392381553860e-01,2.402131245888116384e-01,2.931635597563688744e-01,5.877000945620121375e-02,9.197587925945603926e-01,5.187402398970863970e-01,6.282941916806583649e-01,2.219728819078408966e-01,4.098527428474015299e-01,7.340925166490172016e-01,9.529307713139071323e-01,6.045503973348231863e-01,6.882042771612971732e-01,7.080454650155545426e-01,7.750137885235471868e-01,6.134265548387076716e-01,2.277601818943618128e-01,6.611244280119297212e-01,5.659261407288411760e-01,2.767047572709688819e-01,5.551789463832290661e-01,9.464937798533913371e-01,8.027022940473378387e-01,6.940464223937430344e-01,9.551589826582288500e-01,4.987771032603306454e-01,5.077704981074161461e-01,3.084359144704935107e-01,2.317165412384177836e-01,2.570211591903203141e-01,8.125755756228730808e-01,9.942020563701867708e-01,5.862801628554505928e-01,4.566826536560898986e-01,5.699743539509601886e-01,6.423097388277471120e-01,6.801658604006012299e-01,6.981837836845034007e-01,5.367748283643786200e-01,2.265658513602435142e-01,6.061911464603748634e-01,2.053761107173400768e-01,5.903433039867765908e-01,8.328028397180100573e-01,4.368807801034249039e-01,2.777442467969932216e-01,-7.588592202343792670e-02,1.771237971942484501e-01,6.550562400010638830e-01,6.474424985157953838e-01,5.923863837787910480e-01,4.218609976422480479e-01
9.357770267990018764e-01,6.198571385215924101e-01,7.216906858190896834e-01,8.781224463317264251e-01,9.541277493746320726e-01,5.096757369779613134e-01,4.499508123196890308e-01,5.274062235956622491e-01,7.627397543461804652e-01,0.000000000000000000e+00,9.568204625753371495e-01,8.992157021669121564e-01,7.884844798349786021e-01,5.374683482271190860e-01,4.883063942422606885e-01,9.617168201964547691e-01,7.053108933393962277e-01,5.846748247443861457e-01,4.518189154424239184e-01,8.526830286351753108e-01,9.321196921178174222e-01,6.421378431144832977e-01,6.532362606347881240e-01,2.041402639654465445e-01,9.373088978582150288e-01,6.378432520209056378e-01,8.651871921743781169e-01,9.493546221569122423e-01,5.296651266342921049e-01,7.116396761543349048e-02,3.544199938522646365e-01,4.859607533519532119e-01,9.262726635093564420e-01,9.993545773254532971e-01,6.552342545513749617e-01,6.588545384369803859e-02,2.630527035183953810e-01,2.690682199125938312e-01,7.472042631337644236e-01,7.906477001679614869e-01,4.052040241761802331e-01,7.405503394280172902e-01,9.695027853383516581e-01,4.584200409138768362e-01,9.110060847093450764e-01,8.602557771228837025e-01,6.755657608266638636e-01,4.156999769013085544e-01,2.703455967335834931e-01,5.272685121846256706e-01,3.138338398967388532e-01,6.539528420555790200e-01,8.244542351432381233e-01,5.253126154761780242e-01,6.024234221918169929e-01,8.927815285015863189e-01,8.400217822941490053e-02,7.288332330793437785e-01,4.761872745979288668e-01,6.298688290948433188e-01,4.186945386309101624e-01,7.340718189799400051e-01,9.318138763870905672e-01,7.585127292040744207e-01,9.265923455789583096e-01,7.375787795141062198e-01,3.707462940830493214e-01,7.524909677681226317e-01,4.406553556633298063e-01,7.957437233508100061e-01,5.127175403328608772e-01,6.016468913680630415e-01,1.371125193129710540e-01,6.427290840467965172e-01,8.850314071300349195e-01,3.971935463681894873e-01,4.555648902884066320e-01,4.689026533722694956e-01,2.894593411692757412e-01,3.182802037245265336e-01,5.147439656322373436e-01,1.157414862119918592e-01,8.867817431258736560e-01,2.439038204628787287e-01,4.200020040775577224e-01
8.132864129251381469e-01,5.558533289983584869e-01,6.569464291194823113e-01,5.921896324079876095e-01,7.935561512020399277e-01,6.632079427714681064e-01,6.943559329001859348e-01,2.304896780543263524e-01,4.104144239954976570e-01,9.568204625753371495e-01,0.000000000000000000e+00,6.485442269806942495e-01,7.075160570864988951e-01,8.671349180405328871e-01,6.099241716736761854e-01,4.644875804635453798e-01,8.291584142616256203e-01,7.026071815929973985e-01,2.264755099436294716e-01,2.939988604867216360e-01,7.172389787063752076e-01,7.551015899897711714e-01,2.699317323079992170e-01,6.879872670923241618e-01,3.155184297818384165e-01,9.592202464031132081e-01,7.293502105396905133e-01,2.208492640284371589e-01,2.285210482858790748e-01,4.642119831684358711e-01,2.998126352817087614e-01,6.181398202929457852e-01,5.876615469393262625e-01,6.944943484517572818e-01,5.103908840287547655e-01,5.793523904755940590e-01,2.296967790805289622e-01,7.496013178312901371e-01,9.690247728594966192e-01,3.353346617841673760e-01,2.812367311237542467e-01,9.629216320455651346e-01,8.788749313725119361e-01,8.747617427425134762e-02,8.950715785684756343e-01,7.726393973338284704e-01,6.546841413344612892e-01,5.740260242992849538e-01,4.648654525923172631e-01,7.837037705211332694e-01,4.339392130362113575e-01,6.324222451474041939e-01,4.479419837646251290e-01,4.354080095528782279e-01,7.997387266152706786e-01,8.049021850870304862e-01,6.578087936218824927e-01,8.250943109034439837e-01,9.327334722547599988e-01,-5.911798524201539173e-03,3.971228847372179072e-01,7.858548083354114366e-01,5.267777744895841829e-01,7.552726157204556756e-01,9.294698433533470361e-01,5.668026700921620087e-01,7.946501911742838153e-01,9.819559940643088902e-01,5.266631390922801303e-01,6.547971551712421512e-01,9.521528884188336095e-01,1.089364339098162354e-02,2.713871432866674649e-01,5.585041035374522789e-01,3.386728839660026469e-01,6.524169235859498261e-01,8.478583317167406319e-01,5.866833721595458018e-01,5.097251476573083639e-01,3.076817151548306706e-01,2.927080361972468348e-01,9.485898478503240749e-01,6.891327928141419701e-01,6.929525410259632645e-01,4.371306601306463313e-01
6.260612298056853486e-01,4.410052348799730071e-01,8.978633594892363456e-01,7.074928893771518235e-01,5.357836562348614606e-01,3.960666530312743072e-01,2.268673609833536664e-01,6.301737683281035673e-01,5.953081405666887926e-01,8.992157021669121564e-01,6.485442269806942495e-01,0.000000000000000000e+00,2.915977315368951661e-01,3.121451670373455167e-01,5.495224740290350907e-01,4.759792039273861297e-01,6.519252584331886036e-01,4.334860447243858439e-01,8.122022672102326979e-01,6.689110723370462752e-01,8.612809286689669941e-01,3.005657292754805310e-01,5.150426296621383182e-01,4.286931871074239342e-01,6.459623709160161598e-01,6.164565071310280642e-01,2.726837931215539967e-01,6.102845858782437460e-01,4.118315862220477408e-01,2.356980788495322832e-01,1.102745268985493576e-01,6.985366204958886049e-01,6.523082573119436400e-01,8.171298509587233694e-01,6.115005743399340998e-01,4.776332089209049392e-01,4.037844975044831419e-01,2.356454472717935400e-01,7.849800843557390717e-01,8.190976646521227478e-01,4.728724259349350589e-01,5.939360482919013862e-01,9.037063407164103168e-01,7.692000268465756241e-01,8.903739592213159026e-01,6.654442461578913282e-01,7.363631193172976985e-01,7.445619411011371591e-01,6.739071378630666631e-01,6.806277217356735409e-01,7.052085457045201844e-01,5.933944276920763983e-01,8.321755837038380399e-01,3.937464603696395615e-01,4.509978158763672806e-01,9.111301877081428024e-01,6.690893852998254232e-01,4.598155493254458270e-01,9.323254885327221242e-01,2.066017943358808284e-01,4.480126855208065861e-01,-2.710245768857955095e-02,6.697770279381829450e-01,6.377545260370078850e-01,8.105357454330532896e-01,6.918220240021171197e-01,6.549459705028648493e-01,9.238933051467614899e-01,5.498447433199475931e-01,8.480324512777271950e-01,4.294482714784169652e-01,9.828777491987479298e-01,2.229103115036583649e-01,4.793752387169882279e-01,7.290703909274305339e-01,7.934720208629666427e-01,4.304557388447183275e-01,7.118947262858988934e-01,-3.179913100259352809e-01,1.667109525490278188e-01,4.265789640870541466e-01,8.629939655417810940e-01,9.315181937751779717e-01,7.898088630478619088e-01,7.300141449304452523e-01
7.377140651224766144e-01,6.750907619644561652e-01,-3.493383715782991117e-02,5.383747259115216899e-01,8.640310775322190828e-01,6.486657910423730966e-01,5.107535240607963267e-01,9.947827454861806196e-01,6.491311526243955798e-01,7.884844798349786021e-01,7.075160570864988951e-01,2.915977315368951661e-01,0.000000000000000000e+00,9.940836340531393756e-01,2.625339956991599166e-01,4.179445985314445555e-01,7.738026475060094667e-01,7.035206044211534948e-01,6.146939117774968819e-01,1.096110207750378152e-02,7.446995612203484161e-01,9.394422270061011382e-01,4.544477757920673544e-01,8.257288566457157142e-01,7.138712721299673714e-01,7.701118667307980115e-01,8.161778717626476665e-01,6.489435522785165222e-01,3.290390991294104284e-01,2.680729708242074461e-01,5.018753433388692953e-01,6.089958541913432777e-01,7.817273130486430688e-01,2.586382214275198543e-01,4.346104599123837287e-01,6.878165229246255841e-01,1.739509896960931418e-02,7.123660868662753387e-01,7.481824644727530504e-01,8.967828255430212447e-01,4.331338177129491207e-01,6.198811070523200240e-01,5.568906371564448232e-01,5.387841845602263646e-01,6.551704063644385734e-01,8.593692919076753034e-01,7.865567224826357506e-01,6.495861630114787566e-01,7.608461064505820381e-01,1.551917434789067962e-01,7.615426645397055383e-01,5.512789244412307221e-01,-3.121029764190634270e-01,6.392383284896459295e-02,8.414099892209476739e-01,8.326553652979851172e-01,7.341342636331298355e-01,6.059986644751950147e-01,9.285190925222842617e-01,1.673940303059712476e-01,2.875429741352594215e-01,9.947492676224459762e-01,6.684307938143042582e-01,7.716821665377554540e-01,9.234600449161539659e-01,7.223988712612061658e-01,3.178750352443549532e-01,5.737987509523643226e-01,3.056990748290345228e-01,3.676808214786507767e-01,8.815545368208743682e-01,4.942548908189957624e-01,5.046385336674050759e-01,2.775404831275412043e-01,4.653237534022700572e-01,7.617767443250784698e-01,6.222657082920899363e-01,3.516499820036517177e-01,5.405746172680356842e-01,7.044069040112339586e-01,6.607011445859939380e-01,8.177042192198248349e-01,3.077881635510715252e-01,-1.505297495318865530e-01,6.283022954226703538e-01
6.586187349845985528e-01,8.450727812766434255e-01,5.941607233127882415e-01,7.033560341188780374e-01,7.299166427305246729e-02,6.268499245247469709e-01,4.924107267027261203e-01,4.582101138025865827e-01,7.711192238519646303e-01,5.374683482271190860e-01,8.671349180405328871e-01,3.121451670373455167e-01,9.940836340531393756e-01,0.000000000000000000e+00,6.583435266854068546e-01,7.005828690836034545e-01,9.727995500079139601e-01,6.152496574142596319e-01,1.120549047834834000e-01,3.216897270405675857e-01,2.019705635956109135e-01,7.575696455381364380e-01,5.604838269842600251e-01,8.014246466444995276e-01,5.313523732953429057e-01,4.169656565311228302e-01,6.435521634370741095e-01,6.075621288010762955e-01,4.931700053095727232e-01,4.507797013013528087e-01,2.358659142109027773e-02,7.549375627572303682e-02,9.709527913062308002e-01,6.202251628481416645e-01,8.836560454492224936e-01,3.164665375512984991e-01,3.732632001566219548e-01,7.858592323762039200e-01,8.688178539454871618e-01,4.682496580341546366e-01,5.736766303296452207e-01,7.677692004487045585e-01,9.872097109742196119e-01,5.171329689451569234e-01,9.370356294147113019e-01,4.186947258066891497e-01,6.826195338355581788e-01,8.287519774199318956e-01,4.697164863412627844e-01,6.899142066668594309e-01,7.383858385936451496e-01,4.151142277345418186e-01,6.137919086698636617e-01,5.150805077907009144e-01,4.685379311019795545e-01,5.703906634513060681e-01,6.971388449714738256e-01,6.895586521248494583e-01,8.376578251829702726e-01,1.068377202954365474e-01,7.348776427105819797e-01,8.166517806293297488e-01,6.600564884954343015e-01,8.117817258489433696e-01,7.990274373753101234e-01,7.227876380817430668e-01,5.955173116207284068e-01,4.230844564004170305e-01,5.632257336179262719e-01,8.464526092527645540e-01,8.874101666316265291e-01,9.914586043991764353e-01,1.042641985810058847e-01,7.476234879499532582e-01,5.238592017072591922e-01,8.913699190687063290e-01,9.464037867611232446e-01,7.333168725234562313e-01,9.272865527062600366e-01,7.945043829677987668e-02,9.869180196059006427e-01,4.192538208070589745e-01,8.788011318768096380e-01,5.466567407123742450e-01,9.000607300906796615e-01
8.267617891362207816e-01,6.993749663550540285e-01,6.457373921280121776e-01,4.760653160564990438e-01,7.466224342990440688e-01,2.951658950018728467e-01,6.000464124706956781e-01,4.019237981245389890e-01,5.805803512170590874e-01,4.883063942422606885e-01,6.099241716736761854e-01,5.495224740290350907e-01,2.625339956991599166e-01,6.583435266854068546e-01,0.000000000000000000e+00,5.008527686175817673e-01,6.501807457071948626e-01,4.104452939100724507e-01,3.758363869001045687e-01,7.059352889961405531e-01,2.583305697640825294e-01,9.079571663194213604e-01,5.084532984443601578e-01,9.808946072645466918e-01,4.283794028577523338e-01,2.971157183285068615e-01,8.978836098955841338e-01,4.385526648829768392e-01,3.796712416766536702e-01,5.692242995338980815e-01,7.429663857666367610e-01,6.153339050336542604e-01,6.067988231587696513e-01,6.976205536975137456e-01,1.664169247530941365e-01,2.985882071829290552e-01,4.684116869100068414e-01,2.468800783739747984e-01,8.677597625744610799e-01,7.252285660270099132e-01,7.248182183446974514e-02,2.765598494625909898e-01,7.894046004335755207e-01,4.921801614445457385e-01,7.667813155840870198e-01,6.134609031530297019e-01,4.054133003344376762e-01,7.652532300011785082e-01,4.126352587299803032e-01,6.855914894693626582e-01,4.030754264273578302e-01,4.776486400140749766e-01,7.947145425783292971e-01,3.973720019509068280e-01,9.398238117324357876e-01,7.411516924866161649e-01,6.723028099983084926e-01,8.288766846037458613e-01,6.904857444244023590e-01,5.823051477057338277e-01,5.875184459081709276e-01,7.068767738287885516e-01,6.025241834860632917e-01,6.100229001091326264e-01,9.729125378224879883e-01,7.476869723221815089e-01,7.394660787669976587e-01,9.718734752894661044e-01,2.137632404755679394e-01,1.414848491497977480e-04,-4.960703123684154225e-02,4.860838701296110176e-01,7.968316414854689222e-01,4.509063505589855914e-01,5.360229682983150834e-01,4.351627330158120421e-01,9.309127831459325098e-01,3.853894093172840485e-01,4.244759187265109146e-01,2.152604925645278944e-01,1.875293243539919164e-01,7.672524943116357798e-01,5.142713118442990838e-01,6.214884637849115157e-01,6.616195219954744688e-01
6.204562359411316397e-01,5.792246743418794086e-01,9.909311814106236405e-01,8.899381881947110440e-01,8.355704132819370411e-01,7.230304381967740390e-01,4.645632711215266775e-01,3.810821598044300540e-01,4.885243199575276529e-01,9.617168201964547691e-01,4.644875804635453798e-01,4.759792039273861297e-01,4.179445985314445555e-01,7.005828690836034545e-01,5.008527686175817673e-01,0.000000000000000000e+00,7.660735391536646066e-01,9.988729089936595473e-01,5.351766537897066911e-01,3.387744594648458563e-01,8.164299344796031033e-01,7.294725968080235656e-01,9.668514702265161853e-01,7.290614110776031387e-01,1.698497982128732708e-01,9.487663906923925472e-01,7.366995154093711751e-01,4.703248759249266109e-01,2.517055211662161951e-01,2.781143581075049553e-01,1.722897873204243535e-01,3.964047445711378348e-01,8.416867895988308090e-01,-8.070590284612783050e-02,5.127166099338805738e-01,7.436060263908453871e-01,3.087287783238225058e-01,6.216574565619937820e-01,7.698657658827223749e-01,4.722151040057481208e-01,2.037252307389479933e-01,5.432056443260189216e-01,8.163091113648720532e-01,2.133742705487884361e-02,9.089847560201340659e-01,2.993241546752004600e-01,7.346035979679014227e-01,-3.670889207097526308e-01,6.129076198136114151e-01,7.913379091117114239e-01,8.160766494641437108e-01,4.997589857869121355e-01,5.264824049410106177e-01,8.251849287963337887e-02,6.892807475785471816e-01,1.260392259508389956e-01,9.379135595056096175e-01,6.157141650760491469e-01,4.335758300207688820e-01,1.021076989119391598e-01,5.917539988952742469e-01,6.183045094928574237e-01,6.041877954337836476e-01,4.809704207478324722e-01,1.258152172098065957e-01,1.314820466828156842e-01,4.171427905753556931e-01,7.846430093124439065e-01,6.133185558241300850e-01,4.125685647052191873e-01,4.181923511113977421e-01,-6.545197719777906542e-02,6.107354036103947170e-02,2.957139825505021302e-01,4.340862897737868265e-01,5.736012789290938496e-01,6.679227247408031642e-01,8.782034177183652979e-01,2.517518076819372785e-01,5.547111496340351167e-02,4.279264675241165050e-01,5.950925922877355889e-01,4.940550027103899899e-01,5.423479660660622814e-01,4.860759088602354949e-01
6.276408177600023564e-01,5.009602874805531014e-01,6.842716638226092885e-01,6.623438379318689062e-01,9.181478516316613492e-01,5.302577720352318336e-01,9.515170452249613886e-01,7.692850016210028841e-01,4.174019645332200379e-01,7.053108933393962277e-01,8.291584142616256203e-01,6.519252584331886036e-01,7.738026475060094667e-01,9.727995500079139601e-01,6.501807457071948626e-01,7.660735391536646066e-01,0.000000000000000000e+00,6.641139658097875431e-01,9.883378536268072612e-01,8.815114024840539075e-01,7.396563841458865252e-01,7.045377747473686725e-01,8.776060268450898150e-01,9.169975855759788796e-01,3.989898008736071366e-01,2.064422704781750939e-01,5.731246640228778721e-01,6.341637507318483857e-01,3.337647173336101281e-01,5.532974547412909949e-01,3.308003134425022695e-01,9.187056017200238012e-01,5.713959080867856422e-01,5.589217257661721616e-01,9.037317325487921327e-01,2.180628535216193875e-01,3.813328338884445223e-01,3.089765947537988500e-01,2.002059226006820958e-01,4.861695695772763615e-01,3.956474973954327568e-01,9.669581295426028511e-01,8.930164994884496332e-01,6.046427383040453574e-01,8.229639796516017292e-01,7.295165002575556557e-01,4.697175870167155098e-01,3.312467274563150044e-01,9.733036133998681505e-01,7.482234949804292823e-01,6.588935036035279413e-01,7.556650379441471888e-01,7.607842942568502353e-01,3.906236416667138167e-01,4.404969099717267467e-01,8.808920298111041491e-01,5.891997185521677949e-01,6.481774519468954665e-01,7.397672759991139602e-01,7.811447282369131662e-01,6.957138452391395944e-01,6.032740053103553546e-01,7.277969863088106228e-01,9.173319370430946806e-01,6.637959247200043711e-01,3.646599410606460867e-01,8.301987995531192599e-01,8.917270914995562014e-01,4.788672440110708917e-01,7.337045023828693280e-01,9.388773118855876509e-01,9.571201445076227277e-01,2.804012111243752714e-01,3.813497158566501316e-02,7.169246814006990931e-01,8.543456090059042829e-01,4.251339976901817308e-01,9.935897830479629711e-01,7.070049396507309403e-02,-1.341683444974262618e-01,6.337105785692125348e-01,9.739559573859438713e-01,7.722757599911691528e-01,2.791792957231528094e-01,4.978005799523170793e-01
6.156942298653294010e-01,6.156506931932438365e-01,6.802621664061869744e-01,7.708449569345611208e-01,6.091239331943510971e-01,4.768825983347825259e-01,1.313437281689124603e-01,6.398260237992092758e-01,2.401109958651755361e-01,5.846748247443861457e-01,7.026071815929973985e-01,4.334860447243858439e-01,7.035206044211534948e-01,6.152496574142596319e-01,4.104452939100724507e-01,9.988729089936595473e-01,6.641139658097875431e-01,0.000000000000000000e+00,2.472871571221721132e-01,5.303331963855658637e-01,9.121527951463247463e-01,7.316531134985216900e-01,8.117014761998813110e-01,7.859533703011233330e-01,3.701259737469990707e-01,2.013738009909384619e-01,8.705522377175634041e-01,4.547243691131896415e-01,5.769540976674875088e-01,3.820995830732067944e-01,3.124261697206008326e-01,2.084669129347933580e-01,7.627228195999988802e-01,4.671601354206720430e-02,6.207001097510226328e-01,2.806217264261592348e-01,4.308062303198955112e-01,7.228964773205017735e-01,4.485744259249579424e-01,8.171132641314152734e-01,5.903131125893863462e-01,6.033224254513489537e-01,9.800924919084110787e-01,-1.815195221737819220e-01,9.754145635752156096e-01,7.342502352393325271e-01,7.339754266673241823e-01,4.371213233146641897e-01,6.704749013995225937e-01,5.662604053822846151e-01,1.730809984739736240e-01,8.780125493629719058e-01,7.058089233058647549e-01,4.751570367640891579e-01,2.229802030091959375e-01,9.794193187016658753e-01,4.837025538225792065e-01,6.774157051901698035e-01,5.794240832706528677e-01,6.327418480224102915e-01,2.692876112735543281e-01,5.399700961115689868e-01,6.010561699539185287e-01,6.280785939164407194e-01,4.873693750106686817e-01,9.034552775093562804e-01,6.548965532944366341e-01,5.381908515850736263e-01,3.019312679321768944e-01,4.657129206507145680e-01,6.211760569445273772e-01,7.769518794102259207e-01,5.833851893349093487e-01,3.993390047210621518e-01,5.204110344532152377e-01,6.419718899975465076e-01,6.371844410736746678e-01,6.733746715156849749e-01,3.566188424165340209e-01,7.918167633785853088e-01,4.613096244060528872e-01,9.068728164458607077e-01,1.785529340375805463e-01,5.320657101802680478e-01,7.868810519864667397e-01
