0.000000000000000000e+00,4.285833020053444464e-01,1.706302074394462076e-01,8.078885783144841293e-01,7.917546458515767327e-01,5.722421085768976123e-01,6.479881996591756455e-01,2.988591474134549841e-04,7.250390815259690758e-01,4.306358501082208634e-01,9.696863909775761403e-01,6.950464017841252451e-01,5.904729106483799228e-01,5.928373159239800350e-01,8.111290576750667114e-01,5.945623643268169722e-01,6.714491011038582480e-01,4.358274649386808530e-01,6.439548177415653774e-01,9.878139268571104470e-01,9.767900256413378779e-01,9.124348673481597061e-01,4.580594684831496566e-01,9.981549808460369322e-01,9.414964792547004802e-01,7.094138250564494541e-01,3.573162866936839821e-01,4.278223418656329491e-01,7.846636339462974563e-01,5.908315713288518900e-01,7.788340312988232261e-01,8.459753818009607684e-01,6.215160367186356449e-01,7.511461977317128724e-01,8.090176342664671116e-01,4.729069791254441602e-01,1.817695891253147122e-01,8.479365063435893024e-01,4.209726963587505644e-01,9.095037375800231194e-01,7.896055976434581680e-01,5.249420403489442055e-01,9.637151002480457418e-01,5.793696387681143145e-01,6.108225614894002842e-01,7.408726777525106444e-01,7.835401038042788535e-01,2.037485947266960973e-01,8.356689889665390725e-01,4.493137990379813540e-01,5.769153909738922170e-01,5.901314808060247330e-01,6.443114125893045774e-01,5.757624671109378145e-01,2.001165373123602043e-01,8.529942252651807610e-01,6.426392509693871213e-01,6.856667510179933478e-01,6.588523484814345910e-01,2.533597255145674243e-01,2.696970469826623362e-01,6.970060372498791956e-01,9.398165510599465911e-04,7.671424253528927872e-01,4.385161470989968890e-01,8.331932420799607053e-01,7.653262052979097341e-01,-1.423229236232867456e-02,8.802404689784263381e-01,6.962889461935386493e-01,7.694766480666261899e-01,7.877923149158014837e-01,3.369902769357966399e-01,4.870720236034543627e-01,1.184296734093148590e-01,6.838426141579715400e-01,8.730522364809697455e-01,8.218514660707160191e-01,3.674720572493308524e-01,2.517158173960658621e-02,6.259459906626182457e-01,6.791989918895220413e-01,9.006092712341537965e-01,3.382831602620308131e-01,6.331593481739324902e-01
4.285833020053444464e-01,0.000000000000000000e+00,8.031752978950462696e-01,6.013486579289727407e-01,9.909330892538856794e-01,7.987116990677792794e-01,5.992649958617626282e-01,4.493206730250445258e-01,4.988822986229433654e-01,7.175675873671739646e-01,4.581114094025550143e-01,9.518543408601330968e-01,7.763216929392408039e-01,7.521074571802159880e-01,4.064343110166687700e-01,3.054163798917343131e-01,3.886640778617148628e-01,4.903331899606411248e-01,6.484343503353456883e-01,8.017447852156598387e-01,7.392942117139262859e-01,6.600192528299869688e-01,4.251856355364833639e-01,7.012924924324754894e-01,1.946051646928744217e-01,5.496149067881521688e-01,8.297821722877309902e-01,7.249316316679812466e-01,5.505630568223053301e-01,3.665993573457518306e-01,7.970860522042371166e-01,2.054785421390628239e-02,2.852891425386111512e-01,1.959591954938509906e-01,6.399460553943012719e-01,5.027500813726603962e-04,1.552760226468868909e-01,6.685729825404655990e-01,6.498690233615026512e-01,7.070991606013820041e-01,4.269243484524672949e-01,2.926627986429846673e-01,6.471398130674338445e-01,2.741627860491444579e-01,9.419556684822779635e-01,7.973395285658908538e-01,9.790672677259852907e-01,6.035929446766794548e-01,6.928412525411424827e-01,6.493209325132744958e-01,8.729120269990420233e-01,3.165067982850989226e-01,8.242486593356022073e-01,6.754544876698336253e-01,5.927245124088280637e-01,5.104563962008890066e-01,1.105607501571732876e-01,9.736741404676495515e-01,6.181373242632743903e-01,7.711141380639197074e-01,5.051998418011814929e-01,4.303452909423244321e-01,4.019389193073902300e-01,4.578226956869821951e-01,6.665645454080328935e-01,6.846014490253307105e-01,9.206951427984105818e-01,6.330734456344162542e-01,7.527112244279937636e-01,6.972348837570701008e-01,8.203986656232750141e-01,3.392552960368862280e-02,7.280825220004802922e-01,-5.591469814709140729e-02,5.219815018131395146e-01,4.027997709229843570e-01,9.307322735196953412e-01,3.814044314304431693e-01,-7.699324897368770015e-03,3.102615898404574302e-01,2.230560275080725741e-01,3.887839496125414795e-01,5.413268528901561405e-01,7.581595533575760104e-01,6.798437496509822653e-01
1.706302074394462076e-01,8.031752978950462696e-01,0.000000000000000000e+00,6.609265750328569000e-01,4.493072565605781832e-01,6.375453792944507647e-01,9.384591318648733971e-01,5.581827804480323785e-01,9.655866180546255340e-01,8.146410807292845391e-01,7.468419967230678358e-01,8.636772883591877781e-01,9.477473092444428371e-01,6.740544822911145317e-01,6.098194311545596102e-01,8.530271019704924740e-01,7.235563910027598133e-01,8.875304882132376560e-01,7.967640014789246772e-01,7.721828758125756087e-01,5.640548180363467168e-01,9.140675029811895502e-01,6.703727302455849690e-01,9.784179805580137668e-01,9.779973197922963157e-01,7.496247195047591738e-01,9.484456171027390026e-01,6.146770715013714081e-01,7.216100900374901039e-01,3.110686528655582372e-01,3.122720727784117911e-01,8.090410618075520865e-01,6.424805756699560888e-01,8.702920944428037542e-01,7.531473853779599992e-01,4.329595102449610433e-01,4.287441373451720272e-01,8.942223351537119669e-01,9.434602516722757626e-01,9.888659494411570217e-01,4.631671174509680022e-01,6.533752265288653716e-01,5.805832432817337185e-01,9.237944424773137930e-01,9.109582180655995121e-01,9.356032261642505121e-01,7.048628430910778286e-01,8.591546986587680346e-01,7.010460814242953642e-01,7.683466132210683419e-01,4.062887445750578141e-01,5.339673008305765300e-01,9.656687718522204422e-01,4.228495464829962747e-01,4.584149568253912538e-02,6.389805881236763074e-01,8.807227401197631478e-01,7.543412951727058724e-01,6.197923985155002757e-01,9.589061319792320237e-01,7.153559319256201920e-01,7.312822606472102471e-01,3.804668484287218044e-01,5.161652921345852851e-01,4.470326601311410131e-01,9.017527859924343581e-01,8.031437424166747441e-01,8.529952587005206199e-01,4.325067470199815967e-01,7.316765009590651125e-01,6.381665895636196018e-01,7.687652731442747855e-01,6.786607787208434051e-01,1.695074596162650937e-01,7.085983923038335908e-01,9.726685472485814277e-01,8.364591210965340862e-01,9.655057771420800794e-01,3.396173589197508669e-01,3.494245217491493416e-01,9.327511770225965781e-01,8.919014244731938712e-01,5.679819161935423244e-01,8.054849449661296568e-01,4.026522759936853602e-01
8.078885783144841293e-01,6.013486579289727407e-01,6.609265750328569000e-01,0.000000000000000000e+00,4.770241528891311922e-01,8.350564445236127176e-01,2.305867354571813355e-01,4.465777584407924494e-01,5.256957857604316331e-01,4.454936984610660677e-01,7.091879973495666123e-01,6.521177227360263062e-01,8.074777228356511127e-01,6.531082363179024908e-01,8.296546408001339579e-01,5.564678864229648525e-01,4.842061197074627454e-01,8.506220290978903087e-01,4.929681763809636852e-01,2.274951984038500463e-01,8.508697143754455627e-01,6.141231163522935521e-01,4.832625860729758416e-01,8.081320247841030646e-01,4.497536158801738737e-01,6.156406006543974074e-01,9.460683297895438049e-01,6.594652009378838553e-01,5.710205394594568551e-01,-1.441790903713248140e-01,1.277922744679939326e-01,5.557825381123906450e-01,3.927489942645985277e-01,6.518863354270147958e-01,9.155227200559936662e-01,2.950939755734041103e-01,3.505804495677691812e-01,5.350626898791841501e-01,9.816913506428340819e-01,3.937908583527743867e-01,4.070285740124691687e-01,7.489358465695297173e-01,5.248891738217905667e-01,4.460349302134090643e-01,4.956629256866231237e-01,8.036394703473620504e-01,9.580742116998799407e-01,2.950426935084211610e-01,4.709831838003445403e-01,6.273232444499026172e-01,8.422706750910498030e-01,4.279689971958646200e-01,6.309800042059081626e-01,3.559691751197227028e-01,9.870968563238904370e-01,6.674871658798019469e-01,6.898797594881349582e-01,9.635463287917253039e-01,9.363836670846524823e-01,1.998299022869671482e-01,-3.941680888125024262e-01,9.453379994442567824e-01,3.529434324471119599e-01,7.632023701305674646e-01,6.607471310394102959e-01,5.508846625827050758e-01,4.217515971762331173e-01,9.791912597952330266e-01,6.282854906575451315e-01,7.230884822357670494e-01,2.754305547850484648e-01,7.793809482343726502e-01,3.764546226381128569e-01,5.408129111850863424e-01,4.963462967716586460e-01,8.170056760542794283e-01,5.846187658846180302e-01,5.052634830433565538e-01,2.526172510484400169e-01,3.802413079044860700e-01,5.961197007938184855e-01,5.274913263766006777e-01,3.272790104546756673e-01,9.955057638023634414e-02,9.761155082624444201e-01
7.917546458515767327e-01,9.909330892538856794e-01,4.493072565605781832e-01,4.770241528891311922e-01,0.000000000000000000e+00,7.455868825844536030e-01,1.666105402876482677e-01,5.226955960558510306e-01,4.347622298002361552e-01,7.743929043381192479e-01,5.535174744107353995e-01,3.812667761067902727e-01,6.081501627933325604e-01,2.431622626312946456e-01,3.924546293458506252e-01,9.257638638925846930e-01,8.947419570057741911e-01,6.280272646534733605e-01,6.716890754167071931e-01,3.541950402494055128e-01,5.930549837254031065e-01,8.037959434509422962e-01,5.370070152447347089e-01,3.285650400954321926e-01,4.302709092246750355e-01,7.929741081677446068e-01,3.662259347129543929e-01,7.296089585011801271e-01,4.843549827179404188e-01,2.465208409385944710e-01,1.474112625050687242e-01,5.349516544992053424e-01,2.470554324828642123e-01,2.850607017562999390e-01,8.957360928475966988e-01,3.806210085046454195e-01,1.060229649745537545e-01,7.498576295207314280e-01,6.983368510428180631e-01,2.690342237512096113e-01,5.826708995883790321e-01,5.404185711181582752e-01,9.786566038206991891e-01,2.217749496933529851e-01,8.506955723354748811e-01,6.485099359839845423e-01,7.025884874979706485e-01,9.591227012254034401e-01,4.148644383650200718e-01,5.992783378939454675e-01,4.987827357869415446e-01,7.274821165942846335e-01,6.790487539112228799e-01,7.309703946650152329e-01,3.043927310789308893e-01,6.127153203146034066e-01,5.430002897938811524e-01,2.078799307924789064e-01,9.095624256297190069e-01,3.453908496465163402e-01,6.928197069531857322e-01,5.617556956151317227e-01,7.223754907174025908e-01,7.796257338587340158e-01,7.259663703424025227e-01,5.649253296798260049e-01,3.501371881976119704e-01,3.229152653301641807e-01,3.103468852536954703e-01,6.713182942560530497e-01,2.796758697080073963e-01,6.261015225435107023e-01,2.872697419545007513e-02,5.751412771751831521e-01,4.866627374305240172e-01,4.056520232625276945e-01,4.710070273526330009e-01,3.761555801910849983e-02,3.981394638232048644e-01,2.702950486550678710e-01,2.471928471947611727e-01,5.366762819105921345e-01,4.836363530536267330e-01,4.394846734972462921e-01,5.241820622572318511e-01
5.722421085768976123e-01,7.987116990677792794e-01,6.375453792944507647e-01,8.350564445236127176e-01,7.455868825844536030e-01,0.000000000000000000e+00,4.523801800693237896e-01,2.344919842961832035e-01,2.782728127534047080e-01,7.366611696998260905e-01,5.503488717325482060e-01,7.303489625260826124e-01,4.458110878881185735e-01,6.751655126758762115e-01,5.075290624545236717e-01,7.898701940949411915e-01,6.797657620831109027e-01,2.023561126787804532e-01,7.366296098353635191e-01,4.199092707057844320e-01,4.181635712904046009e-01,2.253797899894721402e-01,6.769467496636178971e-01,2.608925579146448293e-01,3.194010424784059915e-02,7.506897630132148835e-01,4.606663735512738223e-01,7.978130233694726847e-01,2.720966839116736868e-01,6.926076086058408077e-01,2.239489142024957968e-01,5.233829370540387105e-01,8.186238222659131258e-01,7.388924171276370911e-01,8.605037000823947402e-01,2.432262832487154802e-01,3.562803718908853501e-01,4.127580351853384344e-01,2.719765715660639183e-01,4.751952473323886039e-01,6.807205707134647010e-01,5.850903710506757394e-01,8.167579225303319701e-01,-1.735548489745747103e-01,7.326346663988113628e-01,6.879190796497313132e-01,2.869542393387354284e-01,7.512323746340502373e-01,3.011668044970890190e-02,8.464910083111915062e-01,6.819559581942414850e-01,7.991371559016551274e-01,9.236813797851471941e-01,4.106909757374532788e-01,5.296357709395916880e-01,8.855582558700016982e-01,7.225398948528297671e-01,6.556868068461403354e-01,9.596856538274922688e-01,5.648067819210251805e-01,5.369801864377503620e-01,7.957374388604661064e-01,7.960604746908581664e-01,7.003974776356284293e-01,8.537401475698931375e-01,5.107241980545148552e-01,6.681905666258192156e-01,5.443530986209558220e-01,5.820856258782260984e-01,6.860596382955859163e-01,5.246022520226976127e-01,8.730917009082932445e-01,7.960785884043004579e-01,5.541447890853704039e-02,4.939363233274244314e-01,9.850728156776809019e-01,7.137093031974599544e-01,2.338171110884662562e-01,2.002175287927912828e-01,7.472812884971272163e-02,4.285545050043097492e-01,5.732688848619000854e-01,2.337941295373950970e-02,-5.353234618119609434e-02,9.647952171502062191e-01
6.479881996591756455e-01,5.992649958617626282e-01,9.384591318648733971e-01,2.305867354571813355e-01,1.666105402876482677e-01,4.523801800693237896e-01,0.000000000000000000e+00,2.581685352008341594e-01,6.680101516293239783e-01,4.428861644833985700e-01,9.271980975211083220e-02,7.139234834448552336e-01,5.774474444915990157e-01,4.821109567478334967e-01,8.325775400839156015e-01,6.285771389138005150e-01,2.417097830246554835e-01,4.207621808565015220e-01,7.311864293738443710e-01,9.536426762657727041e-01,2.652744002942568069e-01,2.562338300354929932e-01,2.659000114310446361e-01,7.837468929095608994e-01,7.305217552600868913e-01,7.508422737985038786e-01,2.723671333553815410e-01,5.442474444632405817e-01,2.464368792928633978e-01,4.048288539105575068e-01,-2.987342346228710754e-02,3.496855412207179881e-01,2.452498244448113041e-01,7.552093098478005473e-01,6.326887435509130908e-01,7.116628226863870310e-01,4.968075222471902697e-01,6.504270048702343043e-01,7.169056288787535314e-01,5.562144095064598392e-01,5.291338519671325014e-02,2.911577968405035244e-01,7.003632140989197730e-01,6.099902577370456269e-01,7.526620220396459393e-01,7.343385578960613946e-01,4.945032522466524250e-01,5.874696965238561663e-01,2.460338707880759812e-01,4.274824727099535426e-01,4.857288074900604768e-01,3.969010041223649532e-01,3.141323675825763440e-01,4.321508705728647204e-01,7.956040497955959578e-01,3.385516402731607588e-01,5.823387797183853243e-01,3.855600381238993846e-01,4.083598404473146037e-01,3.820753691214797687e-01,2.926114784350951625e-01,6.613120192309909218e-01,6.445535941029135740e-01,7.454917846778786883e-01,9.411063572088689266e-01,6.744061571901759367e-01,7.472919660196279956e-01,8.225472398968297627e-01,4.770854779918570210e-01,5.673813160000711342e-01,1.241290670464470919e-01,3.509349637539000422e-01,7.799068363624657163e-01,3.548790428074258818e-01,3.795753839148844344e-01,5.777870029748983782e-01,7.121467635276241825e-01,4.008065596551539933e-01,-1.649449641398214594e-01,3.556434628734242986e-01,9.025132231197566801e-01,8.474675251177801183e-01,2.221213897322369957e-01,4.669854210705579739e-02,4.603617218411838463e-01
2.988591474134549841e-04,4.493206730250445258e-01,5.581827804480323785e-01,4.465777584407924494e-01,5.226955960558510306e-01,2.344919842961832035e-01,2.581685352008341594e-01,0.000000000000000000e+00,2.636462546798510886e-01,4.516937998021180456e-01,3.039021317126607280e-01,5.108388144230785466e-01,4.458504178221872061e-01,8.397026414197769073e-01,2.638429831740777831e-01,5.453660669574575959e-01,4.257004241100156294e-01,4.684569839135543368e-01,7.316125697418689455e-01,6.023167600945684708e-01,2.985162394485685322e-01,5.837569040742328630e-01,6.724512085015326157e-01,5.529662080906262434e-01,5.102640815645058670e-01,7.884014366348168767e-01,5.884733981158427607e-01,5.735638645477177111e-02,4.415440417321636057e-01,4.134786542262974263e-01,6.632815114144978708e-01,2.151418906715796830e-01,4.955677675552094263e-01,6.082536227210801894e-01,4.845433877298843117e-01,2.103046288763074090e-01,-3.818888476270687615e-01,5.954150253190164666e-01,8.287929784076238926e-01,3.877101427135052486e-02,4.870085109028909898e-01,2.219864537645258040e-01,2.448911225247095702e-01,8.943186824764207676e-01,7.790088142189348641e-01,5.459227994599464839e-01,2.974570126489469168e-01,6.200611141878918930e-01,5.270145820765127498e-01,5.091786231557031694e-01,7.821003874041994042e-01,3.029771439714948889e-01,2.965958244435358271e-01,5.519950151940173910e-01,7.710713225063767773e-01,6.261114752680910778e-01,4.336873010405974949e-01,2.666580163653647917e-01,9.495525383584901835e-01,1.015213580385909697e-01,9.300191563540838313e-02,1.789426887894933760e-01,6.087976619779931209e-01,9.604134490664859580e-01,7.543230845035813203e-01,7.742120513316972374e-01,4.185974604186300518e-01,6.268381600158403621e-01,3.380448226684131252e-01,3.808108774642803285e-01,6.380434174220903643e-01,1.891566045046286781e-01,1.492042751132460487e-01,6.187658722866981043e-01,6.133883560657035217e-01,6.783732208470372171e-01,6.974046283431917237e-01,2.343503005541852924e-01,-1.730380560797511735e-01,1.213063950213074255e-01,6.508028209559060806e-02,9.522531997761438660e-01,6.133622411367296579e-01,4.926580077298856053e-01,4.996455987550863509e-01
7.250390815259690758e-01,4.988822986229433654e-01,9.655866180546255340e-01,5.256957857604316331e-01,4.347622298002361552e-01,2.782728127534047080e-01,6.680101516293239783e-01,2.636462546798510886e-01,0.000000000000000000e+00,2.955149597849096588e-01,7.437218821390527701e-01,5.862847239352566575e-01,9.169155894217625447e-01,9.140503324622190062e-01,3.987304090251293509e-01,7.309095343234714992e-01,6.739643215014378130e-01,7.325871013920471908e-01,2.640359025011735916e-01,8.619252641578434293e-01,8.453154988685089855e-01,8.556193369507237856e-01,2.239805142287692452e-01,6.687928107311226222e-01,5.536503455056807077e-01,2.001397098749879144e-01,8.983867781882192149e-01,5.370339756772144479e-01,8.063088086901025742e-01,3.721950622265531861e-01,7.523134922573444516e-01,4.516436907719678095e-01,5.912461201938298272e-01,9.756185150832196173e-01,7.567480272537748798e-01,7.602961526760143585e-01,4.250828135850605594e-01,2.412765930096070210e-01,6.970393759495334685e-01,6.139196110211804225e-01,7.439657076217430776e-01,5.621808912110225487e-01,7.379724179752716884e-01,7.361359689262632067e-01,4.487845094452940775e-01,5.122158080740994990e-01,4.831518250891112531e-01,5.300097300002533096e-01,6.554922698780722978e-01,2.488972596456573688e-03,4.462626372545723252e-01,5.181656500341450533e-01,5.363937235943867510e-01,5.207780963546132513e-01,6.959265008866937219e-01,8.232623637915029713e-01,5.907384934106536534e-01,7.608439017679435867e-01,6.381399630773867404e-01,7.525345199582620381e-01,1.342136674234236382e-01,7.331742702020667135e-01,6.694080020618589089e-01,8.032160639824795778e-01,6.454192084791657846e-01,4.958227413901374891e-01,4.649853198095330598e-01,6.847647350171746083e-01,8.333163837687340703e-03,7.694629161256429928e-01,7.325757920393898281e-01,4.492295920085544458e-01,6.041297481691690896e-01,4.274165170444189088e-01,3.400626947404997713e-01,1.878295372303104838e-01,4.180356684497172348e-01,4.161722887131870108e-01,3.537050480929110341e-01,5.939087053778817626e-01,8.740588652960188387e-01,8.429868520089554007e-01,5.286096202408254729e-01,4.389232495354628005e-01,6.718310505091106277e-01
4.306358501082208634e-01,7.175675873671739646e-01,8.146410807292845391e-01,4.454936984610660677e-01,7.743929043381192479e-01,7.366611696998260905e-01,4.428861644833985700e-01,4.516937998021180456e-01,2.955149597849096588e-01,0.000000000000000000e+00,6.755058810633305377e-01,3.549369957048899016e-01,4.834208267582591478e-01,3.348735500630609097e-01,7.343930162426470787e-01,5.430485766178521079e-01,8.040605016590248733e-01,4.668601343858241326e-01,4.834319189164280051e-01,4.490040868120058759e-01,4.128180604242481788e-01,2.998894472565658553e-01,4.699998148384573193e-01,8.419366121440475803e-01,2.481044918556388201e-01,6.968548610502663943e-01,8.526725613998864528e-01,6.681307913329265213e-01,3.512406121927785785e-01,2.564168433689159587e-01,7.497826999520349478e-01,3.718457546267780467e-01,4.444022012002174504e-01,4.781336298867363555e-01,4.062392083719300051e-01,1.690509404468549526e-01,3.825318583552000939e-01,4.473037114560293737e-01,9.408710935020632160e-01,7.486478252209588513e-01,6.569554668158602562e-01,5.670209108385356744e-01,6.049349393199796587e-01,2.425442994560683685e-01,9.529741101431826733e-01,9.378318994108731932e-01,6.340958594152268368e-01,9.436822019320098009e-01,7.274163034153801055e-01,5.906559462406806293e-01,2.778721471817690580e-01,6.620515612989690268e-01,6.490954294481228182e-01,3.574013532567260065e-01,5.989007892902209473e-01,7.678281577353839316e-01,6.325718446651367177e-01,5.343072318797461584e-01,6.957474250834693175e-01,7.196754843171687677e-01,2.635186590200584988e-01,7.489668798950692707e-01,7.268816063001076744e-01,7.761924761573770759e-01,5.504736847513830300e-01,9.326337391193126880e-01,4.307060785527534463e-01,7.589363817444798599e-01,2.951202937779400237e-01,3.262466310072211217e-01,8.485711562424739229e-01,4.961791223034963116e-01,6.773933560725476921e-01,7.051052762880596347e-01,7.214294994161399854e-01,6.933200655635174403e-01,5.306665689265724906e-01,9.346786578998211859e-01,5.665116994400244410e-01,4.318489266747116417e-02,4.708280992356617678e-01,6.522527645021001241e-01,8.361003998656313385e-01,8.953002998800577150e-02,4.591521556056412101e-01
9.696863909775761403e-01,4.581114094025550143e-01,7.468419967230678358e-01,7.091879973495666123e-01,5.535174744107353995e-01,5.503488717325482060e-01,9.271980975211083220e-02,3.039021317126607280e-01,7.437218821390527701e-01,6.755058810633305377e-01,0.000000000000000000e+00,6.901442469746607022e-01,7.433273691363189162e-01,8.463261838303386408e-01,4.542766390206758875e-01,8.503482079772173297e-01,7.590821585630810331e-01,5.310484835287185845e-01,4.393661320351021637e-01,9.521971252280506670e-01,7.261560159851985219e-01,5.732174140358980985e-01,7.623932346855679665e-01,8.307636995859696283e-01,2.261707572995384496e-01,3.522066853856622992e-01,8.150175149241882799e-01,2.957826945607661684e-01,8.966503912442663760e-02,2.879149236055019156e-01,3.899358028353262506e-01,5.361648331683125379e-01,6.494844892147201287e-01,4.676945506156617305e-01,7.582038473058687611e-01,-1.413006476137103895e-01,1.575470391269786774e-01,6.303932290408442718e-01,9.833533313343189031e-01,7.431355773877638127e-01,5.144342079089532227e-01,6.125025200999191233e-01,5.677593904940656522e-01,5.233394141942384614e-01,7.155007723914401652e-01,7.039462408618402112e-01,8.229853783365257414e-01,4.892054271329625559e-01,7.945414699295720862e-01,1.588375790101920204e-01,2.610906111700364574e-01,6.710100269728251909e-01,6.737405279622388221e-01,6.097742950226262559e-01,6.479172456613662145e-01,3.649104962889715420e-01,9.397721259193182464e-01,6.685536007676837755e-01,7.991460647851420518e-01,7.979482929656342982e-01,3.236018090798590263e-01,5.437289188320775235e-01,6.882527350553457879e-01,8.422517149926804780e-01,6.260654268261051092e-01,6.270660165285598664e-01,5.583577846224561103e-01,7.450645250168678180e-01,5.584413297854579072e-01,7.699854482596133476e-01,7.399980015621481222e-01,6.518537725651089021e-01,-7.910284698705005724e-02,4.804684157254920929e-01,2.274833624741458837e-01,7.827957725252663312e-01,5.605312275047678039e-01,6.647215862564018751e-01,4.070890869292580483e-01,2.361902628761428646e-01,2.085946538271417072e-01,4.981761285659140337e-01,6.046697785893997423e-01,3.830208324910701068e-01,6.030047250321891594e-01
6.950464017841252451e-01,9.518543408601330968e-01,8.636772883591877781e-01,6.521177227360263062e-01,3.812667761067902727e-01,7.303489625260826124e-01,7.139234834448552336e-01,5.108388144230785466e-01,5.862847239352566575e-01,3.549369957048899016e-01,6.901442469746607022e-01,0.000000000000000000e+00,7.166338997220605966e-01,8.885569607076838627e-01,4.527672362499058911e-01,3.366660902158473134e-01,7.941462969585522114e-01,6.338181433667861020e-01,6.275148406996645667e-01,8.884627262552672322e-01,8.229891991001243579e-01,2.331726103628736779e-01,7.631765053813389654e-01,6.057275800741980243e-01,2.216076208225726263e-01,5.979292804973845854e-01,2.477678693628280332e-02,7.325178522100205258e-01,4.038188184037170281e-01,4.747739491568185866e-01,-1.886395802443672776e-01,6.974480270291214534e-01,5.321846645354831873e-01,6.634271738666365215e-01,4.826540490346501455e-01,5.386860078323760792e-01,3.820490033549468756e-02,5.647422634713782363e-01,8.938573719833294851e-01,5.987811263849283083e-01,2.090692343993196811e-01,6.582696531443115173e-01,8.133487407701067706e-01,7.012232840835315173e-01,7.380343447500951060e-01,8.239002757391431508e-01,9.411572627775759425e-01,6.309955500998202238e-01,6.846583224136116863e-01,4.057729390882982012e-01,6.523467682561753245e-01,4.088371007413388880e-01,8.802195147372159356e-01,6.082708034913520967e-01,9.680129752301821489e-01,4.093845765303951167e-01,4.565350193700432602e-01,7.716837872872847059e-01,8.606417230518883521e-01,4.342389647272679731e-01,4.055866116033836621e-01,7.167989713578771793e-01,4.690139732600216993e-01,4.578804833343312897e-01,6.782140133185885489e-01,6.106048541845224831e-01,7.375905067769146228e-01,8.205471710352336689e-01,3.679892522994644422e-01,8.785160403907550375e-01,4.161723080736253744e-01,5.023791286710591608e-01,7.587807805395103689e-01,6.396828829203374811e-01,4.454645911120009294e-01,2.086844055967532197e-01,6.378053137397972083e-01,3.458024639695700397e-01,3.743749044204812138e-01,1.836676115095321193e-01,7.929815386196090721e-01,7.457320224470839198e-01,4.797240783373513118e-01,1.175280122322096554e-01,6.602362322573949172e-01
5.904729106483799228e-01,7.763216929392408039e-01,9.477473092444428371e-01,8.074777228356511127e-01,6.081501627933325604e-01,4.458110878881185735e-01,5.774474444915990157e-01,4.458504178221872061e-01,9.169155894217625447e-01,4.834208267582591478e-01,7.433273691363189162e-01,7.166338997220605966e-01,0.000000000000000000e+00,8.471005691625541623e-01,9.337147412369712907e-01,9.623392500618047629e-01,9.673859267800306583e-01,7.497803450829082506e-01,9.400148653000145460e-01,5.984563145989050259e-01,8.304223388743253720e-01,2.797422625131938401e-01,4.844243629802173490e-01,8.698414121849065150e-01,6.163379944818818679e-01,8.649916899954056548e-01,9.117844849532371621e-01,4.363281741355321541e-01,7.759365325942679803e-01,4.486125896228188026e-01,9.436158483193542168e-02,6.486680730547517149e-01,9.595390826981280430e-01,6.902764768035892784e-01,7.886236033628597486e-01,9.077350398368211337e-02,7.485537797897534595e-01,5.966175630063875746e-01,6.961572749881423938e-01,6.337741842056046071e-01,5.126912396896816659e-01,8.591678958337262140e-01,6.366931168115131934e-01,2.208872287326563710e-01,7.912189437347816323e-01,3.133126328464127530e-01,9.364936809498364267e-01,9.738132035339458481e-01,9.630242724880646588e-01,2.520414981919890662e-01,6.841858010225946307e-01,6.443180971142381530e-01,4.210082682478158422e-01,5.726198788531901007e-01,8.084044992172957356e-01,7.839874210159839540e-01,8.605983110787999157e-01,2.168639652371014137e-01,7.988675248765503278e-01,2.026044950555067892e-01,-1.918225991975288924e-01,4.020387783388995051e-01,6.645919000938473875e-01,8.311518494444110061e-01,6.525091727611751491e-01,6.184266406433626129e-01,4.024732681607315898e-01,5.580241341442221392e-01,5.934780335332182633e-01,8.514021166740547431e-01,9.423699031861576536e-01,9.858364309867826414e-01,3.727927069533249482e-01,4.620366096389152410e-01,7.344744150328528232e-01,5.037449171431667150e-01,8.279499330856429085e-01,2.413045829746239268e-01,7.676964381901896228e-01,4.034982928391265267e-01,4.116508199318333894e-01,7.744878692452459301e-01,7.817824984770467278e-01,4.012494953698813038e-01,9.773715471610243677e-01
5.928373159239800350e-01,7.521074571802159880e-01,6.740544822911145317e-01,6.531082363179024908e-01,2.431622626312946456e-01,6.751655126758762115e-01,4.821109567478334967e-01,8.397026414197769073e-01,9.140503324622190062e-01,3.348735500630609097e-01,8.463261838303386408e-01,8.885569607076838627e-01,8.471005691625541623e-01,0.000000000000000000e+00,7.057460720951201916e-01,8.679679478610125010e-01,3.083008505168800539e-01,6.572074250252661898e-01,6.930365829918937182e-02,9.606260985978826161e-01,7.661060620309502189e-01,5.872184741029446986e-01,5.068027845636051687e-01,8.999700951717379827e-01,4.193134186195129898e-01,9.050162252904623283e-01,7.843294117266049748e-01,6.479203045537025307e-01,3.844557250877083110e-01,3.910575776687114091e-01,7.307019268114478550e-01,4.620244979024260013e-01,4.710435045972745649e-01,9.184821191493323100e-01,9.165229541027218874e-01,-1.669419192146590902e-01,5.780943827015100345e-01,1.081842322958004310e-01,6.778309408660893043e-01,2.308355581455697192e-01,8.478759586852055996e-01,5.360728725671672912e-01,-7.519435640984621638e-02,9.928805557542583760e-01,5.444947796402049844e-01,6.789183365119080271e-01,9.646575943739170711e-01,6.285774428187856921e-01,8.214517231257919549e-01,9.321943954700264712e-01,9.546965307897163910e-01,6.117114480947229982e-01,4.222727738727097280e-01,2.717024960810890954e-01,6.896653978009577024e-01,6.093288203440315742e-01,5.783747898399309584e-01,5.060511981421842442e-01,4.825088481827112807e-01,3.908750142465028388e-01,2.960790360228303109e-01,4.403890019564582481e-01,8.186462842852296751e-01,9.830779201111168319e-01,9.295721118238682301e-01,7.756914312178690984e-01,6.506316638676251651e-01,4.097230828955527038e-01,5.401630099260457119e-01,9.414228957963790556e-01,6.378150150040557964e-01,5.357849343990354063e-01,1.494027260296566240e-01,5.867740856711110009e-01,5.365358969875033690e-01,3.563992181193178510e-01,7.016082010603097441e-01,7.308589514804140208e-01,5.901459684467097455e-01,6.008365074501729186e-01,5.766952275229564329e-01,9.408699149638488635e-01,4.387175734118117787e-01,6.794762357205434977e-01,6.331192249760113633e-01
8.111290576750667114e-01,4.064343110166687700e-01,6.098194311545596102e-01,8.296546408001339579e-01,3.924546293458506252e-01,5.075290624545236717e-01,8.325775400839156015e-01,2.638429831740777831e-01,3.987304090251293509e-01,7.343930162426470787e-01,4.542766390206758875e-01,4.527672362499058911e-01,9.337147412369712907e-01,7.057460720951201916e-01,0.000000000000000000e+00,7.745839197909055729e-01,9.647851255449161334e-01,6.391395967088259189e-01,9.984941259582028605e-01,6.563835702275616635e-01,8.209530338254471538e-01,7.206943107042679264e-01,9.395611941515447096e-01,9.604744635895613447e-01,5.584931274130807699e-01,6.976186210433922286e-01,4.620274495424579464e-01,4.678942401430449261e-01,4.892533680597900836e-01,5.174263535065192210e-01,5.550808425276770874e-01,4.494374974236577946e-01,2.777044619360320987e-01,5.476628273487704757e-01,6.567856017808423319e-01,2.044685698768473336e-01,4.314366312604202003e-01,6.450751762364702602e-01,6.144984462593714447e-01,7.670652275213446503e-01,2.058547591806365040e-01,6.266421854589491192e-01,6.917679997665865388e-01,3.349285480508505941e-01,7.276473427463774346e-01,4.176528505292963489e-01,6.522156258538737150e-01,7.202917987413177681e-01,-3.625550392561911472e-01,6.302303294658051502e-01,7.543451363315178959e-01,5.371438105936796603e-01,5.854283337032223367e-01,7.751071189298068820e-01,5.387530368892805566e-01,6.973265118671393425e-01,9.802579127186823449e-01,5.400999037595660690e-01,7.473125238551270311e-01,3.814320599191895478e-01,4.606463178609750964e-01,5.636665877739446273e-01,5.012116303711753318e-01,6.902102732440493771e-01,2.249764418827510659e-01,7.869377440237758092e-01,5.695785430328544896e-01,7.246230668391944185e-01,5.855438410136813987e-01,7.760053987190430602e-01,4.715553958032496773e-01,5.688814867447554713e-01,5.845438637327402542e-01,6.155945093020782632e-01,7.943281911192042744e-01,5.127726561346132028e-01,6.802147536998852662e-01,6.556762349323352890e-01,4.875170282830507684e-01,2.837059977140743428e-01,4.760694838226951497e-01,6.675392986002608442e-01,7.745627259461800307e-01,4.628469728071576417e-01,4.961335422010532681e-01
5.945623643268169722e-01,3.054163798917343131e-01,8.530271019704924740e-01,5.564678864229648525e-01,9.257638638925846930e-01,7.898701940949411915e-01,6.285771389138005150e-01,5.453660669574575959e-01,7.309095343234714992e-01,5.430485766178521079e-01,8.503482079772173297e-01,3.366660902158473134e-01,9.623392500618047629e-01,8.679679478610125010e-01,7.745839197909055729e-01,0.000000000000000000e+00,9.466484887162492923e-01,3.836659359111215251e-01,6.897647584652871755e-01,5.681384110444104296e-01,7.863413392180796935e-01,4.829797873736382252e-01,5.597646304620851332e-01,5.692132540519967421e-01,9.696988904803282017e-01,6.450041098593967126e-01,5.712109985708189175e-01,7.742061800758894829e-01,3.421469179968399388e-01,2.317820761528681661e-01,3.472633624037779199e-01,7.559585935483335017e-01,-1.242725248796749948e-01,7.273093168413430343e-01,7.866955218513391745e-01,1.687028089591253721e-01,7.273027979970923818e-02,4.609816706100416939e-01,2.309757926395052952e-01,5.653678200621177208e-01,3.056234112746309961e-01,9.384158099118946605e-01,6.657767723066414511e-01,9.913744626488250056e-01,8.899132973319173745e-01,8.059366645145883412e-01,8.746102376338867890e-01,7.342159660397649112e-01,9.558996182164516964e-02,8.858782609082068715e-01,5.132486614438838135e-01,7.030607320444954844e-01,6.851113964874682161e-01,4.716519774636682150e-01,5.379626723791512966e-01,6.557632922060339098e-01,6.524887973538178176e-01,3.410566564422145008e-01,8.170109704500030934e-02,9.746101020753721311e-01,5.446816910835232672e-01,6.388124758962704375e-01,7.972568867694296291e-01,6.644542992748061483e-01,6.475009837495068199e-01,8.467841909021125435e-01,6.182851359065697494e-01,8.750370294044930164e-01,5.178142868025538137e-01,6.102958298259245629e-01,5.237769127441459505e-01,6.817237214721708627e-01,3.157805201092404590e-01,4.877591923855196243e-01,7.315938796124388244e-01,8.948914946497077416e-01,3.716426017497295176e-01,4.381798308349538762e-01,5.605001481289897391e-01,1.817126578120057401e-01,4.244423890483903228e-01,8.093589797087065163e-01,7.044662156965607602e-01,4.489339249343308746e-01,3.486631690035875419e-02
6.714491011038582480e-01,3.886640778617148628e-01,7.235563910027598133e-01,4.842061197074627454e-01,8.947419570057741911e-01,6.797657620831109027e-01,2.417097830246554835e-01,4.257004241100156294e-01,6.739643215014378130e-01,8.040605016590248733e-01,7.590821585630810331e-01,7.941462969585522114e-01,9.673859267800306583e-01,3.083008505168800539e-01,9.647851255449161334e-01,9.466484887162492923e-01,0.000000000000000000e+00,7.712766070220894443e-01,4.087536435534062096e-01,8.559868778656489763e-01,8.356306909615365264e-01,5.385289805840247634e-01,3.398222823292570416e-01,2.291363783915893182e-01,7.491177917438848199e-01,9.217997384347142997e-01,6.088959891149772208e-01,4.422414984428148510e-01,7.128408085510488934e-02,7.338722802291646197e-01,2.699128527341593808e-01,7.463961671820655841e-01,6.457556042974849086e-01,8.976944073155161963e-01,6.090470938327888772e-01,3.672236834259853255e-01,3.955700896558113078e-01,6.916075322833649119e-01,7.642694242049906661e-01,4.051956318156546555e-01,4.709928709313361272e-01,1.629249005311156351e-01,8.553950094166269391e-01,5.258321492029347510e-01,6.343214145305323681e-01,5.126376856037517804e-01,7.406834856411457224e-01,6.266297711547432758e-01,9.272891620443419747e-01,4.337603293151436334e-01,8.878930752818856575e-01,3.578781849320203934e-01,1.145388236806975657e-01,8.586333463517782372e-01,6.594728971645773541e-01,6.049076833286159971e-01,5.722342378162535992e-01,4.574688375274844621e-01,9.777286833874779814e-01,2.719790538136568903e-01,4.849832877961822719e-01,2.845151928101489203e-01,6.654960223319632551e-01,8.336487402247361178e-01,7.591898641376835233e-01,9.049277460309876897e-01,5.717693224428108678e-01,8.624647985315084808e-01,7.858223896386780094e-01,7.172083687711422462e-01,2.178443372829666769e-01,7.444836149547013893e-01,2.635527449923451004e-01,8.436589676937687743e-02,3.695813819512956955e-01,2.710723347589124033e-01,5.923588792128362535e-01,7.067448693155888861e-01,6.989959026826728650e-01,-3.946094375318844882e-01,2.858080071428703017e-01,9.951140468690391483e-01,6.104778520585179002e-01,5.887047121156283591e-01,6.512783819152447862e-01
4.358274649386808530e-01,4.903331899606411248e-01,8.875304882132376560e-01,8.506220290978903087e-01,6.280272646534733605e-01,2.023561126787804532e-01,4.207621808565015220e-01,4.684569839135543368e-01,7.325871013920471908e-01,4.668601343858241326e-01,5.310484835287185845e-01,6.338181433667861020e-01,7.497803450829082506e-01,6.572074250252661898e-01,6.391395967088259189e-01,3.836659359111215251e-01,7.712766070220894443e-01,0.000000000000000000e+00,2.814904547960618841e-01,8.146400726743772136e-01,5.871170971269480399e-01,5.021910495087148485e-01,3.545440330071338852e-01,7.644517811436093435e-01,5.397737401904929566e-01,7.040749634137197788e-01,9.903830363415766502e-01,5.533434487866930596e-01,5.502894307621889469e-01,4.594274428865557369e-01,6.863806145181166052e-01,5.811908471134865639e-01,4.485391532064582631e-01,9.413777755016116133e-01,1.785653076696247553e-03,4.559213813632568835e-01,1.264339669904712138e-01,5.504007727275400663e-01,7.010660662620725736e-01,6.280416592249972174e-01,1.587087046579041816e-01,3.837419816442831921e-01,5.646202413818350863e-01,7.299157694349241998e-01,5.568664576749680073e-01,7.433195404870078793e-01,3.942584129766260048e-01,2.370396625943994029e-01,7.012385245593880656e-01,6.735718054378581066e-01,7.699665948783258607e-01,4.350252295402404212e-01,7.130565845445986373e-01,4.420874720873225749e-01,9.411528238014956749e-01,6.738886468493685555e-01,7.364925695137987116e-01,6.755618142091386336e-01,8.387663545892974915e-01,1.422045525676643440e-01,7.187621359612249572e-01,7.435728101886026620e-01,7.849129175213739318e-01,6.462461286624067158e-01,7.557867635962833841e-01,4.562475176794577036e-01,4.034099846527938737e-01,9.097479279298692489e-01,4.994400024247969139e-01,1.816201958160638119e-01,6.158771551901176533e-01,5.852773918693434663e-01,3.480302742091413437e-01,1.691619769784469263e-02,4.635884919176347721e-03,7.320505377480761577e-01,3.411257310167258860e-01,8.245324077080327108e-01,2.344837937777183856e-01,3.412519213179958655e-01,3.062403660463715593e-01,9.465133173573154757e-01,1.676695879281999910e-02,4.635317914760983538e-01,2.719774002579315453e-01
