0.000000000000000000e+00,8.102295815850765193e-01,7.373352350810924438e-01,4.103320100912826729e-01,9.269200125606870122e-01,5.676352087324685325e-01,8.229427901589013716e-01,9.583391886987290276e-01,9.327331630419863906e-01,6.656869387061485899e-01,6.445700187943613768e-01,6.311226132255667309e-01,6.454947944968452145e-01,9.871969255814027067e-01,7.568951655108647758e-01,8.537497690056548016e-01,4.629154001604353641e-01,6.078554569788219286e-01,9.940937179499751419e-01,9.512244373479838977e-01,4.425453889871042157e-01,3.337921088361882616e-01,6.679267017662772199e-01,6.360638196806449596e-01,1.566230542896758782e-01,7.206508524451297193e-01,8.363069748174618567e-01,4.064228065768037412e-01,2.130145886977604097e-01,5.333311776393596659e-01,1.120393115413278497e-02,5.613358780897307332e-01,3.730284547069153689e-01,7.202291891363081788e-01,7.267300595231931393e-01,4.573846265262739297e-01,3.022924141189088920e-01,7.437019221679165293e-01,4.239369893460669392e-01,4.213947974965562837e-01,7.742109741532479106e-01,7.362433292019163744e-01,7.081592484106260521e-01,5.135100960082623622e-01,7.324275378183127128e-01,9.347449498467466089e-01,6.344735050646577168e-01,3.454313518402490346e-01,9.049704845581454382e-01,7.863670264319078118e-01,4.649954654565539025e-01,9.806257326627871862e-01,7.949790411899407827e-01,4.532454499107047008e-01,4.026941369659906012e-01,3.104345456558766925e-01,5.448057438372051475e-01,7.211638476630088945e-01,7.644230144982016029e-01,5.318624204105532050e-01,4.839954119799369514e-01,6.514108631335775446e-01,7.994867865725630018e-01,9.188614888561190686e-01,8.009797051460001427e-01,5.354496957377831157e-01,5.031832793694142048e-01,4.969340306720463896e-01,9.211015721751282248e-01,9.228929950326869580e-01,5.672387751441727577e-01,7.768496129313458010e-01,3.126038015487662136e-01,2.891764953386481429e-01,5.686491727453065748e-01,8.422400013312986156e-01,6.046221675721917821e-01,6.436250714923456018e-01,2.726465416028411304e-01,3.230697443719217632e-01,6.555560347354886241e-01,9.105083652592713683e-01,7.885256846124625296e-01,1.150288222673673116e-01,5.116544457798740675e-01
8.102295815850765193e-01,0.000000000000000000e+00,2.107415599659830385e-01,9.693232600586993986e-01,4.850696286149996234e-02,9.180620614646169964e-01,1.898979715929108858e-01,2.139772327085379400e-01,3.772872882167944697e-01,3.395132334505874816e-01,8.515611174087461821e-01,4.033718268936131029e-02,9.486834548660424415e-01,6.096007206916647103e-01,6.963318829984296299e-01,5.584458678425735512e-01,7.114330496005236704e-01,8.272061449994412285e-01,6.514665844429430308e-01,6.755494346548071016e-01,9.025388063337720368e-01,4.664153728196547277e-01,5.752327924362367062e-01,6.712912020976988803e-01,7.560170551781194570e-01,9.556004344997164335e-01,4.615530882882825647e-01,6.018019903595684950e-01,6.548067293424314483e-01,4.225460225985067098e-01,7.658970832865077960e-02,6.574884527824895741e-01,5.024965730863069080e-01,9.046363509378395618e-01,2.550370159328870789e-01,2.471054824155785035e-01,4.919087076661274871e-01,9.630547620384379837e-01,7.719173644339519802e-01,8.738795708923252636e-01,7.292370214330480271e-01,8.085005687833917154e-01,7.857014737310505925e-01,9.287656820264371671e-01,6.143457121283085742e-01,6.431361870091044652e-01,7.912926104010660489e-02,5.415025826621912008e-01,3.477310821656188766e-01,4.849662679903690155e-01,-8.951284581535173812e-02,8.252344596453446979e-01,4.146811482956044292e-01,4.053144571529059825e-01,4.325485423848864919e-01,8.772747693487018550e-01,7.035353869363089041e-01,1.305544406422527552e-02,5.319687371814554311e-01,5.457609041787225834e-01,7.120562854929957108e-02,7.054280345255425910e-01,8.018671479549515091e-01,9.353105477197248829e-01,6.899955057025060068e-01,5.515059638269431685e-01,-1.158379552449148031e-01,4.928466876957296461e-01,2.803043635447892770e-02,7.940416203763308589e-01,7.415412460324902755e-01,7.394587708024998873e-01,3.568955345870024054e-01,4.139631932716698881e-02,2.767596003182214992e-01,5.911257866766395086e-01,5.168026540704298011e-01,5.346262744355683161e-01,6.835168580221492318e-01,4.392730767207809195e-01,7.980336511426298074e-01,8.231254769211043820e-01,6.765056670144056206e-01,7.368759890411402669e-01,4.616975017027533656e-01
7.373352350810924438e-01,2.107415599659830385e-01,0.000000000000000000e+00,8.791309140847874959e-01,6.728850482405528410e-01,4.864587538001823308e-01,4.691744949522851926e-01,3.069541652213874094e-01,7.057291245212949926e-01,7.872452490757235744e-01,8.254035334631473209e-01,9.355440758614551600e-01,6.299344058748739261e-01,5.846633002785168731e-01,9.169395263086287384e-01,7.304259541095881048e-01,9.925278361761548096e-01,4.231023634458821459e-01,9.205817340424379269e-01,9.101018392662093559e-01,9.211962367581776334e-01,9.770416421801506601e-01,9.135368183344959592e-01,9.083397465870808318e-01,6.916992439151982142e-01,9.110728321559278253e-01,3.895130354698470576e-01,6.043496833888768460e-01,5.647820630627746752e-01,4.776303464110138730e-01,2.890689351401233287e-01,7.932706962933695483e-01,8.686868265556950686e-01,8.965096718536877951e-01,5.141984874405722827e-01,5.619716070276451481e-01,4.775718007414980065e-02,9.801278759485676506e-01,7.323554962915901356e-01,7.698801165941117075e-01,2.791943083230735700e-01,6.644581459755813935e-01,9.702168247599759487e-01,8.427565288884930617e-01,4.322621873388844405e-01,8.999190974825699296e-01,8.293392753011202823e-01,9.239620696009517298e-01,5.374524715381071571e-01,4.568638670267643476e-01,8.425330359973982608e-01,6.043377835638091833e-01,6.293681486136961656e-01,8.917998190328013663e-01,6.931803165437184777e-01,9.978771586652233072e-01,9.023143272265262693e-01,8.629993141795182510e-01,6.752849901638536823e-01,1.126538779752842001e-01,7.926226231555878465e-01,1.025884958827132376e-01,5.510414821116400574e-01,8.596337592839111696e-01,6.854124000739811873e-01,9.928142714691050585e-01,7.501163220711928314e-01,7.210483918633076028e-01,6.869582927025817964e-01,9.320038356490440989e-01,7.754419736987974154e-01,7.688452052935805803e-01,4.172412323270487944e-01,2.759742882323092950e-01,6.856557244538311613e-01,6.795046819275828431e-01,8.723366964676116941e-01,8.344835765519125204e-01,7.282504219320171668e-01,-5.301227922206536158e-02,8.924768300269195764e-01,8.281659079279554136e-01,3.554549405510069038e-01,7.808850793315051941e-01,8.173317026683838415e-01
4.103320100912826729e-01,9.693232600586993986e-01,8.791309140847874959e-01,0.000000000000000000e+00,6.000108946214187666e-01,5.507092042225544271e-01,7.863965650090325443e-01,4.768948939627359884e-01,7.437768645575221216e-01,3.049868152970817703e-01,7.636976731832921805e-01,8.087878912466538450e-01,7.765497533970011634e-01,2.521402234718569391e-01,6.743995251786436551e-01,5.012835788032409257e-01,9.216576512358316542e-01,4.126399709003020222e-01,5.653001493127680632e-01,6.735239599775902919e-01,4.348152167530481282e-01,7.798277510491288256e-01,9.384687614011422152e-01,9.803120332733730180e-01,3.118241646093865560e-01,8.936611429222433012e-01,5.756305229790228406e-01,4.085655447160516651e-01,3.960316860224743496e-01,6.145375311545753227e-01,4.269929197461271864e-01,3.246226603754058249e-01,2.909719343939732306e-01,9.177807002035816009e-01,6.611314429537317183e-01,9.627525096450817443e-02,1.382490410652719159e-01,6.429180656379012149e-01,5.311522934246178940e-01,8.683152279264552131e-01,3.325648516660856258e-01,5.243795968794828788e-01,8.175082759357916729e-01,6.886191898319807825e-01,4.129893600470767034e-01,4.270840903412900236e-01,5.759733776533019212e-01,9.824170731148839097e-01,7.666745810894231017e-01,7.593844087435543955e-01,4.189671962855254228e-01,3.450158830586135816e-01,8.312860553975711664e-01,6.407658271367766556e-01,9.002166134245475071e-01,5.104186224960747253e-01,8.633509842104590826e-01,7.867616002442268108e-01,8.328419338511592329e-01,5.467059862912718726e-01,4.057105507733778371e-02,9.827957297857341512e-01,7.224710743953413061e-01,7.469772842713068295e-01,8.088411064619493995e-01,3.159265463509076111e-01,3.095637883101673427e-01,7.662553674455817587e-01,3.890487259049979496e-01,7.896667207704100022e-01,3.968932999497717384e-01,9.111081719669199552e-01,6.823164254384845862e-01,2.734949646367526022e-01,9.037229047450706654e-01,6.864435543294933328e-02,7.188322209832928023e-01,4.577786213180893293e-01,7.274020950978191680e-01,2.590896472920277693e-01,4.696138047752099753e-01,6.848537347033905043e-01,7.635985053482230445e-01,5.901457747741339910e-01,6.780706244056323717e-01
9.269200125606870122e-01,4.850696286149996234e-02,6.728850482405528410e-01,6.000108946214187666e-01,0.000000000000000000e+00,5.854866216849088367e-01,5.322591833598595557e-01,-1.027791023047153335e-01,8.813215754361005683e-01,9.914929009329732645e-01,5.246565714369338940e-01,8.801279840107805175e-01,7.247987391658108347e-01,5.824409063480112669e-01,5.515201345881375339e-01,2.497429617633285248e-01,5.339191820739673799e-01,7.998430079218745714e-01,4.570275024182209322e-01,5.263645161065793054e-01,9.142560347752733962e-01,1.477547119221478689e-01,6.979019944290989486e-01,4.603235692393067291e-01,2.545790219711911440e-01,7.769316345202470497e-01,9.709842223999604061e-01,3.667699898731235919e-01,4.822482072449364443e-01,2.927461244858050593e-01,5.177010122785781210e-01,7.155945028590691148e-01,6.732357536242170593e-01,9.897057575760911385e-01,7.730889530572173651e-01,3.797542026986191477e-01,5.788499310711034962e-01,3.695409272480365548e-01,7.188888552061281079e-01,2.455134866187763387e-01,8.507407458265374700e-01,9.091443315728698904e-01,5.347936120489760192e-01,6.502445975802135791e-01,6.897598360209268309e-01,6.665765473010264452e-01,6.320567114035772205e-01,5.826053411665418347e-01,7.814849851108227607e-01,3.466473607498089526e-01,5.650515463192381516e-01,2.073560978693632928e-01,7.697134976667936446e-01,9.797879144938955731e-01,6.192282284233111556e-01,7.592935605845764213e-01,9.743061832617854190e-01,4.692286003302010844e-01,4.834718888440524553e-01,-1.205150924511197708e-01,3.928548072493377452e-01,7.649156690355450872e-01,4.601256554470329885e-01,9.837726593157674060e-01,9.253272248173930459e-01,5.431105895284538132e-01,6.246025675490485263e-01,5.761384858518371344e-01,1.158609140691754247e-01,8.455629669688029537e-01,3.315876969954244524e-01,3.186140881845522799e-01,5.782927757290540205e-01,5.307310910764657663e-01,4.674176786048965804e-01,6.467528128722085379e-01,4.440048516742606255e-01,7.866802118421141188e-01,7.500029988289732552e-01,2.501539677375573256e-01,6.400982861214257191e-01,8.731220982464900082e-01,7.852727973382401805e-01,2.813610282453570810e-01,6.541104405405658850e-01
5.676352087324685325e-01,9.180620614646169964e-01,4.864587538001823308e-01,5.507092042225544271e-01,5.854866216849088367e-01,0.000000000000000000e+00,5.779001188323784621e-01,7.416260443760661625e-01,2.603038739900879195e-01,7.832471266728324721e-01,3.362059584752920965e-02,6.878327523529453869e-01,7.386738773173044947e-01,1.205346579763212911e-01,9.868382193329089391e-01,5.450090139229391006e-01,7.307696353105880283e-01,7.745432759519598198e-01,4.045568529782597733e-01,6.555841480081292527e-01,5.428598847359799029e-01,8.994759185442530169e-01,4.156920474350969119e-01,7.460244552576431598e-01,3.287887440472314626e-01,9.388579385157923285e-02,7.561206895676282347e-01,2.828568912955753967e-01,4.201811717200341634e-01,2.959227292744793791e-01,1.581255606563564675e-01,4.105950839423864740e-01,4.038503013596465019e-01,8.961743797173814530e-01,5.382940424680798808e-01,5.089234283840995410e-01,5.225784585907242707e-01,2.715932082126290004e-01,8.842180758984585776e-01,6.455424610461585333e-01,2.602047305709042635e-01,7.778414162906693852e-01,9.246563411699738610e-01,7.379941880817292299e-01,9.397279090378869437e-01,5.437264966148197542e-01,9.707380038119721721e-01,3.073084275018763689e-01,7.796862127042444301e-01,3.025477700894969590e-01,3.071860798210618859e-01,3.412590525197843894e-01,9.131286316472133624e-01,5.122982034408806173e-01,8.610542025930681964e-01,9.336826981201725717e-01,4.002288668310360897e-01,7.723656913481333763e-01,8.076612827380773574e-01,2.092681944699485985e-01,1.503157978640597969e-01,5.125525295896014022e-01,4.314547442998878934e-01,6.857545902116107817e-01,5.947851288507697287e-01,4.794697252425703660e-01,7.639513311786583216e-01,9.310074068016996884e-01,3.325379204801898192e-01,9.684229176448918563e-01,8.674547828827146034e-01,8.069304822227869600e-01,3.271582785535473437e-01,3.109599315048946488e-01,7.098901099370505952e-01,4.569930948067003063e-01,2.631479991837111232e-01,5.766832976759750373e-01,1.091660509737155671e-01,3.369965706716609999e-01,7.892880409332468927e-01,9.165909751908348779e-01,2.948112309512719853e-01,7.853225414636539892e-01,5.991713731907279961e-01
8.229427901589013716e-01,1.898979715929108858e-01,4.691744949522851926e-01,7.863965650090325443e-01,5.322591833598595557e-01,5.779001188323784621e-01,0.000000000000000000e+00,6.534504559873101082e-01,4.155346489305211666e-01,5.639632738630769859e-01,5.838038621823663510e-01,6.602124041082015893e-01,5.897581408320816676e-01,2.406838927662271199e-01,2.591535405031356043e-01,1.157597126069063870e-01,7.296928881253315069e-01,2.936047328577064963e-01,7.171114301505757682e-01,8.319211885051155386e-01,4.202345658354616487e-01,9.638552106256519370e-01,7.436483689055849444e-01,8.219382175644505129e-01,3.466360424061132317e-01,5.076127314199667673e-01,8.236129237177841622e-01,7.034015582011935441e-01,1.422236100942555204e-01,3.649558611643310968e-01,-9.069856306229544252e-02,2.986032000962982602e-01,3.825890205331234362e-01,3.327772875998863400e-01,3.310420649656418690e-01,2.563103020532513932e-01,1.619322073204561563e-01,4.861653743875516964e-01,9.424301770024025027e-01,2.285648053263928392e-01,3.231468664754952314e-01,4.408151700007099105e-01,2.092137856624318171e-01,7.608032753117328628e-01,7.906949373226175304e-01,3.793196138080757174e-01,2.069140402857128080e-01,7.338097964048407862e-01,4.917600451329758871e-01,5.288365185448862249e-01,4.121027901133298421e-01,7.435514010205286350e-01,5.435395594631672322e-01,1.695607054725174409e-02,6.350586018680492995e-01,4.135806448766836674e-01,5.685644520430306326e-01,2.346352193965003941e-01,4.526048212592267417e-01,3.261243459497771280e-01,6.478016341083144836e-01,2.070295289625841417e-01,7.815450616346450996e-01,9.813791588736092697e-01,3.822705408949292893e-01,2.358625599387559613e-01,4.303306661650116438e-01,9.935620899070070067e-01,7.707278159014182561e-01,8.102222534054961400e-01,2.973395394705876660e-01,9.795218806064857064e-01,-1.173920972304509647e-03,5.716202471928941709e-01,2.236893562845836125e-01,5.257482575477129272e-01,3.408642091054341350e-01,4.939818805704749849e-01,4.574121767272042449e-01,1.725894931650459874e-01,5.983077885187328970e-01,6.812006369448091458e-01,1.760608368371825716e-01,5.950609125223402796e-01,9.384872929425454313e-02
9.583391886987290276e-01,2.139772327085379400e-01,3.069541652213874094e-01,4.768948939627359884e-01,-1.027791023047153335e-01,7.416260443760661625e-01,6.534504559873101082e-01,0.000000000000000000e+00,2.842386926271341929e-01,6.486432665507716466e-01,4.733355045142405571e-01,7.349389237404043707e-01,8.422198038469645986e-01,8.510930252626282000e-01,7.426656547534324915e-01,2.463585882671384397e-01,6.224649082032642777e-01,5.202594451091263617e-01,4.964683249075060312e-01,9.480005451397301997e-01,7.943777840109456090e-01,2.776736441167271807e-01,3.861556406338165215e-01,8.097575633021827368e-01,6.085311594860119966e-01,4.061135260881176823e-01,4.620226653799822669e-01,4.884271310591369319e-01,-4.622635257127727382e-02,4.061229550480520700e-01,4.025878696710157856e-01,5.727259812827085739e-01,5.942089031676323074e-01,5.055406564639182143e-01,6.259547318868660115e-01,4.785188170666133112e-01,5.778769870260704877e-01,5.490265424660488724e-01,6.486741884310305295e-01,7.702644019524546026e-01,7.099962347364844328e-01,5.935996065588329262e-01,1.165280886610490785e-01,7.893116549266008253e-01,7.482908927647227149e-01,2.254482022934946595e-01,7.029739943582329342e-01,2.237749023599096276e-01,8.129670155401559350e-01,3.952743570713801446e-01,6.021560321997178056e-01,7.246434171691380488e-01,3.717816601772300777e-01,5.917381839835814672e-01,6.828569879172881052e-01,5.769505438190818403e-01,4.874866661891728153e-02,3.758522707366956928e-01,8.382196079827350932e-01,3.172405597186271908e-01,2.956105185547682201e-01,5.572579507759327644e-01,4.443551021386179523e-01,4.878656938651848574e-01,6.577533873675575071e-01,5.035771704231398749e-01,7.569640461553202027e-01,7.744742193349239967e-01,7.165372915749643745e-01,6.759970677891766755e-01,7.367023779091826929e-01,2.895894684526269525e-01,7.021442636062384945e-01,5.697173200848150154e-01,4.947694172501656551e-01,2.005947799686258193e-01,4.265018545244659287e-01,6.245610579567122400e-01,3.378206724579574383e-01,5.559886862741978408e-01,7.782695031785676898e-01,9.991225307370654729e-01,4.985220783427995461e-01,2.544557092780419527e-01,5.196014336839918091e-01
9.327331630419863906e-01,3.772872882167944697e-01,7.057291245212949926e-01,7.437768645575221216e-01,8.813215754361005683e-01,2.603038739900879195e-01,4.155346489305211666e-01,2.842386926271341929e-01,0.000000000000000000e+00,3.302325070371139315e-01,7.872038335695994427e-01,3.530714711641395054e-01,3.735979890048646279e-01,5.980591800357732968e-01,3.969117188104331340e-01,2.294017554735647835e-01,4.588522685598527273e-01,7.250443523490243125e-01,7.993102194409891503e-02,6.349517452996380484e-01,8.868820589300538959e-01,9.745579143723195337e-01,4.656229790029244309e-01,9.228014749616303414e-01,5.437215283409323474e-01,5.997031744462554270e-01,8.031727935162151777e-01,8.997236361434759466e-01,5.457771694936879303e-01,-4.766323132408314955e-02,3.163001157876524916e-01,7.320048156237375370e-01,7.823942187401764503e-01,5.254827275073641335e-01,5.094233039968624199e-01,3.839187548938555183e-01,5.587797765599854527e-01,2.687556271408238495e-01,7.668165688414690928e-01,3.900872102390596785e-01,2.711165007210940558e-01,7.578117469517092752e-01,6.969756927858515860e-01,-1.517678940266709853e-01,8.867548190886190840e-01,2.932556955754565542e-01,5.087205120248917689e-01,3.681625705320961117e-01,7.091573123891626862e-01,6.609040292083112611e-01,4.819910353101120593e-01,1.312941803618709879e-01,7.758557212844758855e-01,1.994028732378971547e-01,6.607763549369648493e-01,6.435452074515353171e-01,4.769053290273429502e-01,6.245232315292733594e-01,8.684650675635958716e-01,1.100594453222253910e-01,6.040836772016343614e-01,6.364863247110386091e-01,7.953183928162858018e-01,6.729892462229762895e-01,7.852994995855802074e-01,7.822446881708594590e-01,4.228393572838707870e-01,4.334537463603406193e-01,6.214467448144652684e-01,8.594340055847706772e-01,9.537622703476855701e-01,4.753049065244439597e-01,2.495322096032933090e-01,3.892509997451258918e-01,1.143095632071103734e-01,7.591415899493096919e-01,6.872821058861020571e-01,2.783963195844635918e-01,1.423061336600906501e-01,3.270013396134059946e-01,7.033886908643812719e-01,2.975100293626066206e-01,6.165689972057410984e-01,4.622483666116303236e-01,4.723776130527241879e-01
6.656869387061485899e-01,3.395132334505874816e-01,7.872452490757235744e-01,3.049868152970817703e-01,9.914929009329732645e-01,7.832471266728324721e-01,5.639632738630769859e-01,6.486432665507716466e-01,3.302325070371139315e-01,0.000000000000000000e+00,8.846735100040591382e-01,3.092280912972598106e-01,5.509432790378210321e-01,7.902191307558237288e-01,6.490031315438216097e-01,5.335564054349893892e-01,7.827841259963161935e-01,6.231766210404599687e-03,7.458334346648065605e-01,7.531302037621291356e-01,7.510926012467020740e-01,4.934275481275512965e-01,6.780424360590883159e-01,6.573066295637802758e-01,6.106847921779877675e-01,3.637156967960303300e-01,6.533745073104305634e-01,4.442277854923626923e-01,3.655069824429540981e-01,3.265691166907012111e-01,-9.580956020362653425e-02,-1.765879176967534159e-01,9.721718870490116959e-01,6.903080355037874982e-01,5.262449704972271824e-01,2.037066694686477664e-01,5.707450471038588713e-01,7.697433756975755603e-01,7.947627394135261536e-01,7.439086802173320301e-01,5.813196426574435138e-01,6.958849218448458496e-01,9.374333786134788626e-01,9.454823363002640146e-01,9.699101961833939134e-01,4.274104525047566217e-01,8.858391670709458987e-01,6.943959154821855995e-01,4.343595362882322064e-01,6.908223151647209237e-01,5.819116550379561659e-01,6.735441698849924386e-01,6.541981263546751135e-01,5.289763096075175142e-01,5.801577679754983397e-01,6.581195430091170140e-01,7.396281097095047663e-01,5.233352363717846956e-01,8.260217145967662100e-01,7.660620639009922961e-01,7.557690429579027036e-01,7.713304079620540987e-01,6.859955416115303128e-01,6.316051379074958394e-01,7.166420301137019777e-01,8.333833556429059986e-01,7.714759015242345086e-01,4.241667839098077208e-01,2.468746120068520955e-01,4.718465991243438462e-01,6.168038723108507648e-01,5.474102855097022768e-01,5.121905659391458032e-01,4.073226123545496957e-01,6.114563743020586806e-01,7.002501526718573066e-01,7.005984197891704790e-01,3.321599438121118908e-01,3.865674914492494008e-01,5.971464128167059959e-01,7.353525284449397015e-01,7.780359859601519990e-01,7.927273187570779145e-01,4.082725941234868761e-01,8.680818676088213337e-01
6.445700187943613768e-01,8.515611174087461821e-01,8.254035334631473209e-01,7.636976731832921805e-01,5.246565714369338940e-01,3.362059584752920965e-02,5.838038621823663510e-01,4.733355045142405571e-01,7.872038335695994427e-01,8.846735100040591382e-01,0.000000000000000000e+00,5.368922560083684292e-01,2.680556815192046693e-01,6.788805661149707182e-01,6.115733549199360297e-01,5.251055792569927494e-01,4.119432680139072933e-01,7.262660815327742769e-01,5.152499897113079763e-01,5.893869446224944131e-01,7.771345175378673309e-01,6.691148729398381789e-01,9.746441513825243597e-01,4.018399772948610948e-01,6.099507855706641779e-01,5.649344372728780650e-01,5.418916672585659677e-01,4.219667961200000983e-01,2.539815415727034731e-01,6.322804677362592329e-02,3.556848362074801484e-01,-9.704992346297425243e-02,4.925719444425255555e-01,7.988551721079453216e-01,4.843756600764415055e-01,1.615274073242677633e-01,5.973004702327773252e-01,4.185168470049300815e-01,9.155463961295250419e-01,9.699639023412887084e-01,1.872533817234516354e-02,7.311307730955587392e-01,3.644696134980549007e-01,4.595801797769905606e-01,9.857363775493643843e-01,4.884500434810319369e-01,6.336442184345176809e-01,8.066186669297541467e-01,4.234437633690635305e-01,7.418869674837152983e-01,5.894922468682702865e-01,6.922964707730504264e-02,9.731080782849793609e-01,6.648387987947483868e-01,7.594461942603569771e-01,5.856797836061731211e-01,7.150479130676250517e-01,4.096681873039806354e-01,8.261924775022173595e-01,3.041367418606702455e-01,5.584753541757394579e-01,4.695350287806380196e-01,7.623734451586812177e-01,7.436515234422846898e-01,7.776072672739844371e-01,3.505946449667212139e-01,7.412122766163613541e-01,7.554008084817461777e-01,4.075171483022627661e-01,4.342269357064117430e-01,7.326991141659855433e-01,4.054858462971608346e-01,5.110285196432544641e-01,2.769976284469237715e-01,3.402211780619940340e-01,5.634910195225699692e-01,8.763063150301357851e-01,6.198137764034686858e-01,6.858557893318059095e-01,4.962460552781204348e-01,6.847995277908953682e-01,7.313882073155826280e-01,4.824095883937353224e-01,5.766340696224521167e-01,5.770879003565343446e-01
6.311226132255667309e-01,4.033718268936131029e-02,9.355440758614551600e-01,8.087878912466538450e-01,8.801279840107805175e-01,6.878327523529453869e-01,6.602124041082015893e-01,7.349389237404043707e-01,3.530714711641395054e-01,3.092280912972598106e-01,5.368922560083684292e-01,0.000000000000000000e+00,8.220634022012460740e-01,5.262749955985244199e-01,6.818355487375685753e-01,6.573642570158787501e-01,6.272334001888486554e-01,2.637857568030540500e-01,8.032011739495537039e-01,7.937801845729970385e-01,7.463839730923937932e-01,8.432978864329422342e-01,3.760433510119753908e-01,7.858273135145382726e-01,6.338257826289377395e-01,5.728917765975465315e-01,5.038719729472296294e-01,6.475269692876010064e-01,2.339179720772409932e-01,6.232596475458170859e-01,1.195053933651746975e-01,4.960589165260854694e-01,-1.030810708217678034e-01,5.495901392662736473e-01,6.055685143186809727e-01,4.198871414964128190e-01,3.370576349623446433e-01,9.220879565327535499e-01,7.899964882207148875e-01,9.477687755669870207e-01,1.629594282156866525e-01,4.678707066681393745e-02,8.661088696339031001e-01,9.893515366597863681e-01,8.123891832275895730e-01,9.034332067221217955e-01,7.077063635741750458e-01,7.051866456413493633e-01,9.877240706827328243e-02,4.952832290196013121e-01,2.634286284259093613e-01,3.224223567598296647e-01,5.146908400303277231e-01,2.808110097788342752e-01,7.371963153208059838e-01,5.982282537066553330e-01,-1.013724718124798946e-01,1.169523059674983517e-01,2.726797018692005969e-01,3.573371932895584302e-01,6.950645122583264390e-01,5.689655909594862893e-01,7.561975659665185479e-01,8.982908578080689432e-01,5.514174080390088495e-01,2.274369594890219559e-01,9.836101690191687563e-01,9.444778040223545945e-01,4.720003265271192627e-01,5.610294400757611655e-01,7.899697323798853255e-01,7.773258705470142971e-01,6.269920472774862530e-01,9.763494829426044852e-02,7.466231543289757466e-01,7.895619902088117925e-01,7.249870569223846317e-01,4.822324696379715059e-01,4.180360177804754440e-01,3.707340020005137071e-01,7.140094771618165082e-01,7.128295505980816182e-01,9.984094940273229302e-01,2.153610895173208306e-01,7.975313418105144381e-01
6.454947944968452145e-01,9.486834548660424415e-01,6.299344058748739261e-01,7.765497533970011634e-01,7.247987391658108347e-01,7.386738773173044947e-01,5.897581408320816676e-01,8.422198038469645986e-01,3.735979890048646279e-01,5.509432790378210321e-01,2.680556815192046693e-01,8.220634022012460740e-01,0.000000000000000000e+00,6.497581239215447502e-01,8.627688571182838828e-01,9.130691781123707607e-01,9.980228329702732770e-01,3.529702581217660784e-01,9.564840618507793879e-01,9.362184869466523285e-01,7.476146738243599765e-01,4.315764959347533347e-01,7.675752389969953127e-01,7.041701138252695058e-01,5.923221537476144327e-01,3.659632720278963580e-01,4.897054661183591895e-01,7.379084276399288100e-01,4.297605295203215103e-01,1.992668250777483996e-01,1.136867898828544145e-02,8.860177852962810574e-01,6.875206391824043584e-01,6.439362061243344426e-01,9.913263089090593727e-01,4.975140999207192660e-01,4.795864869199688574e-01,3.139056659724194231e-01,5.375703770663355918e-01,4.187790134286112909e-01,7.881760228598144735e-01,7.182728460661926828e-01,4.948560193454426548e-01,4.274229882245391687e-01,2.645516535179063267e-01,2.412574808876019605e-01,9.459761900784814381e-01,8.455937962248811779e-01,7.070771145532250834e-01,6.417418659203293352e-01,7.207466763989702763e-01,7.524659862435999491e-01,8.940737239887591725e-01,2.759756683395431232e-01,4.445325393183045537e-01,4.804946670918934237e-01,5.980331891413938061e-01,6.730385668287157397e-02,6.634057313173650217e-01,5.250934890916995057e-01,7.025700345085976739e-01,5.193474971225283676e-01,3.309887163279870981e-01,4.994006057898914830e-01,9.519250165102501882e-01,4.953462843756099021e-01,6.172788453131533570e-01,8.315326807642001716e-01,2.692710011228267586e-01,9.178084748915443791e-01,2.818734550596893595e-01,8.725733073568383569e-01,3.716820646691841867e-01,4.192185233435957725e-01,7.538110933197920138e-01,8.371772752359697423e-01,4.126501622738430464e-01,6.764821944566041800e-01,4.194989422276225732e-01,2.202173860577203157e-01,7.488650516455567230e-01,7.573859797850643893e-01,2.701966118754736135e-01,5.578402380130942362e-01,9.362884262413841974e-01
9.871969255814027067e-01,6.096007206916647103e-01,5.846633002785168731e-01,2.521402234718569391e-01,5.824409063480112669e-01,1.205346579763212911e-01,2.406838927662271199e-01,8.510930252626282000e-01,5.980591800357732968e-01,7.902191307558237288e-01,6.788805661149707182e-01,5.262749955985244199e-01,6.497581239215447502e-01,0.000000000000000000e+00,6.302684336160013778e-01,9.710432148415822917e-01,5.478996340717529057e-01,8.906424469807157074e-01,9.804347481988482382e-01,9.188082475503064339e-01,8.177635438011445768e-01,7.509458810929918737e-01,6.382780642345333710e-01,4.930926695189944420e-01,4.733044694037053524e-01,9.961424435802220811e-01,6.111467645244327285e-01,7.099361024237570428e-01,2.969551576851878760e-01,4.878001431618490535e-01,7.289945160526837276e-01,5.993236337504292965e-01,8.308656114859167552e-01,9.957644093160640253e-01,7.199952079410278927e-01,5.782268220152440158e-02,6.716864961393396172e-01,7.085186640664291602e-01,7.226463005312614429e-01,5.561044730572987094e-01,4.676930620753306234e-01,8.297707232304508684e-01,7.573414419651436358e-01,6.358346824453249280e-01,6.265199423351591745e-01,7.430532977115472670e-01,4.439804667487474155e-01,3.475384526958851250e-01,8.730245137298696667e-01,7.672714801600373224e-01,7.620022431266442187e-01,9.440993023705791520e-01,8.076625536666968141e-01,8.261937062327244785e-01,9.235650778073873912e-01,5.295020303181745547e-01,4.557665424777422314e-01,7.654324711288966743e-01,5.424868816479393452e-01,5.053920203016364354e-01,1.176700264169777549e-01,9.984476449016252975e-01,9.530199687394834696e-01,9.384438935516166147e-01,8.480170471841873558e-01,5.176378516884824199e-01,7.145012001765261855e-01,8.557073524542925247e-01,7.552382914076708476e-01,5.365352939115397568e-01,6.945593121341806508e-01,4.015743339849668914e-01,2.410269545888182319e-01,2.955980802120232731e-01,8.683766466545522755e-01,2.045822842003225950e-01,6.544077968403139156e-01,6.998651635232552293e-01,5.315180893363381509e-01,2.860427548684221222e-01,9.247028117404939573e-01,7.005269530723531313e-01,2.721074700781940803e-01,5.806130597932169790e-01,9.478284361671028835e-01
7.568951655108647758e-01,6.963318829984296299e-01,9.169395263086287384e-01,6.743995251786436551e-01,5.515201345881375339e-01,9.868382193329089391e-01,2.591535405031356043e-01,7.426656547534324915e-01,3.969117188104331340e-01,6.490031315438216097e-01,6.115733549199360297e-01,6.818355487375685753e-01,8.627688571182838828e-01,6.302684336160013778e-01,0.000000000000000000e+00,8.328814046091268519e-01,1.186185694608700436e-01,9.119346252399446184e-01,3.805542959649537704e-01,3.521427169223616954e-02,6.861808150121794236e-01,4.572038604423908636e-01,4.598520267040420162e-01,7.847976067634307995e-01,2.905641013468851508e-01,9.356044451836275089e-01,7.597088036299338709e-01,3.532562921922671739e-01,5.635509116964726450e-01,4.532965386845046463e-01,4.857490706829385996e-01,5.365228685267243725e-01,6.697244252876075610e-01,7.053818779705487430e-01,2.961380982698197939e-01,3.948412402774996721e-01,4.491523742664281227e-01,4.159987268302854924e-01,6.404977332926191647e-01,8.458425232418702588e-01,5.149212292310213490e-01,5.131419784565039999e-01,6.316457603733490744e-01,6.004077255061114338e-01,4.296941147777878500e-01,8.609662533408246610e-01,7.296449502244993779e-01,5.188882654751998391e-01,5.476020800165160018e-01,7.136730364734993337e-01,2.695488865858628597e-02,5.948487035895526631e-01,8.119220097431815164e-01,8.261703075737178992e-01,7.655771983911432432e-01,6.798544737626385226e-01,5.878104998062845254e-01,7.645540320042445437e-01,8.737558654833257332e-01,4.526741889002998676e-01,3.804759249994289494e-01,6.921190050930979831e-01,6.903464482731186402e-01,9.726828210317575163e-01,8.971221558969814103e-01,1.888775583881098230e-01,5.913879720120140959e-01,8.743371531609460678e-01,4.869078237202641990e-01,6.256162377701991462e-01,6.864517461882918559e-01,2.539947613749882760e-01,6.312916371401354754e-01,2.397727693995928000e-01,6.422969457887773848e-01,5.768219089668674693e-01,9.588830761218810617e-01,6.674070772057019152e-01,2.573716925275700285e-01,8.031501965745467542e-02,5.032173024309599674e-01,8.366457758305920756e-01,4.103883898007646414e-01,5.203000786718596782e-01,7.773710727559075551e-01
8.537497690056548016e-01,5.584458678425735512e-01,7.304259541095881048e-01,5.012835788032409257e-01,2.497429617633285248e-01,5.450090139229391006e-01,1.157597126069063870e-01,2.463585882671384397e-01,2.294017554735647835e-01,5.335564054349893892e-01,5.251055792569927494e-01,6.573642570158787501e-01,9.130691781123707607e-01,9.710432148415822917e-01,8.328814046091268519e-01,0.000000000000000000e+00,6.974207447987569308e-01,8.369847286364487937e-01,4.913791539161854738e-01,9.864800719947437457e-01,6.761678051939624678e-01,7.128855200119786906e-01,7.179981581117167444e-01,5.643663140845991411e-01,4.270830711917953382e-01,5.447508789417603303e-01,5.946592587013308506e-01,4.051223382625844249e-01,5.046628680285959456e-01,3.718672761321407116e-01,2.745866879170801855e-01,4.235158778881302766e-01,9.009095336974818347e-01,4.170222018845340939e-01,9.598418761338096683e-01,3.060838523527515398e-01,5.963382380262779447e-01,4.669337454910254398e-02,9.474643642795070875e-01,8.095358680445958743e-01,5.854222383469172009e-01,7.742614985895170943e-01,7.778458224959419187e-01,6.492907304593775741e-01,7.544811073615007579e-01,8.969331283290632451e-01,2.292447835218356378e-01,-2.427306377340204824e-03,6.591823861477557056e-01,5.782842837665935765e-01,3.218755897331322946e-01,-5.040336217506333205e-02,8.311693568976020741e-01,2.595768930367292615e-01,6.030043997447531723e-01,8.805093300059593231e-01,4.055608707823257775e-01,7.845348536731527878e-01,6.684206223902213750e-01,4.091476545570010837e-01,4.746200828198233745e-01,3.030032458850433486e-01,4.195811035919619902e-01,8.943340814404280303e-01,6.703065419740765751e-01,5.299911284190554905e-01,6.586195154252985073e-01,8.243163852335185782e-01,4.506888543540674696e-01,8.382276744997178008e-01,7.015189438404610955e-01,8.646845405640010140e-01,-1.882738330447739084e-01,-1.615136096967710877e-01,6.445069141732004958e-01,7.226733444695211395e-01,5.282110627941536407e-01,7.622798256492572255e-01,4.740544859790537524e-01,5.436083246394685098e-02,7.558218002048910922e-02,9.580492913482402395e-01,8.255730150317605043e-01,6.691719591652637300e-01,6.290840907384306346e-01
4.629154001604353641e-01,7.114330496005236704e-01,9.925278361761548096e-01,9.216576512358316542e-01,5.339191820739673799e-01,7.307696353105880283e-01,7.296928881253315069e-01,6.224649082032642777e-01,4.588522685598527273e-01,7.827841259963161935e-01,4.119432680139072933e-01,6.272334001888486554e-01,9.980228329702732770e-01,5.478996340717529057e-01,1.186185694608700436e-01,6.974207447987569308e-01,0.000000000000000000e+00,9.322202855093221219e-01,9.959895640161484653e-01,7.097652357166144288e-01,7.282318335341274596e-01,7.711516197387128235e-01,9.791048072916784806e-01,5.539765852224732834e-01,4.126222050634326122e-01,6.138797634433634798e-01,9.161017738763628238e-01,7.391779829144873304e-01,1.463440618402391535e-01,2.628958762898808699e-01,2.255939036126838881e-01,5.678797686266611189e-01,7.711716474081532491e-01,4.626909345113799921e-01,6.668524181821406938e-01,3.599157989310774464e-01,4.405558941801925310e-01,7.646507896146841343e-01,5.998570933497844315e-01,4.804084527105640379e-01,6.246847254779041014e-01,7.267065957706067003e-01,8.825095408401314456e-01,6.914297104207396405e-01,9.053399124487169214e-01,7.225061788872554347e-01,9.787600776978782058e-01,4.637452037179226050e-01,8.367990677762393581e-01,6.495538318008135803e-02,5.474170346134983323e-01,7.495364937867660116e-01,7.167615723545854856e-01,7.870701565482290940e-01,9.755650073877112360e-01,8.239001085588916196e-01,5.309498417347369159e-01,9.394738800410682433e-01,9.985170305304008620e-01,7.934885611557505880e-02,5.314294072003111769e-01,6.380116426773664307e-01,6.631505860424775634e-01,9.374902262798403552e-01,6.921499182004777762e-01,1.977212981117315305e-01,7.787164041629437428e-01,4.991404308968505621e-01,6.587669507034012994e-01,5.469350316860237537e-01,8.614900659029307572e-01,7.938140182939774914e-02,1.583100988004603749e-01,5.891737369232004085e-01,4.733094763222767676e-01,7.129228292021990709e-01,2.198608934034536888e-01,5.360153089157926320e-01,6.246902378822202229e-01,2.788672735394152058e-01,4.302971289394498799e-01,9.106630949937848385e-01,9.411803719990017303e-01,6.372451792623164968e-01,7.987818908340912349e-01
6.078554569788219286e-01,8.272061449994412285e-01,4.231023634458821459e-01,4.126399709003020222e-01,7.998430079218745714e-01,7.745432759519598198e-01,2.936047328577064963e-01,5.202594451091263617e-01,7.250443523490243125e-01,6.231766210404599687e-03,7.262660815327742769e-01,2.637857568030540500e-01,3.529702581217660784e-01,8.906424469807157074e-01,9.119346252399446184e-01,8.369847286364487937e-01,9.322202855093221219e-01,0.000000000000000000e+00,3.601874576514373927e-01,4.155274846676352274e-01,1.129391386061907032e-01,4.574436293537355036e-01,7.176269366988498044e-01,8.472716172791698863e-01,4.649489492345802999e-01,9.766501042171292779e-01,6.454662408641462790e-01,5.162892738467257381e-01,2.777485495857535680e-01,2.713792751820415239e-01,2.002518716199673532e-01,4.502420012691313311e-01,7.973223677010961019e-01,7.393292516476790421e-01,1.348871616990778878e-02,5.905740605694620449e-01,-1.437845824070010381e-01,9.180054542849163113e-01,3.691029222272198540e-01,6.512987359705906254e-01,5.857310623864632193e-01,6.975096115632476446e-01,3.316961563950970304e-01,6.781637864127514348e-01,9.793735667464079642e-01,7.423001898559473677e-01,7.845402371161462884e-01,9.537867357195238815e-01,8.911087428793309506e-01,6.000671779594276556e-01,5.590627017998734960e-01,4.521993655141743895e-01,6.864186940323395714e-01,7.768984308199642363e-01,5.333348942684912330e-01,7.330704254622391058e-01,6.500040922210382766e-01,2.190654796893229950e-01,7.642184487644099189e-01,1.089464274862224774e-01,6.779701900672125969e-01,6.979338020068502901e-01,4.332268716271769349e-01,9.182283965940931658e-01,9.318635914182911151e-01,4.377804914722933094e-01,2.192253587567792039e-01,1.510549393246777283e-01,1.651313988372230535e-01,7.800219193346152879e-01,8.062248642081537575e-01,6.373343585481808793e-01,5.703353495004996887e-01,-8.760121991333429115e-02,3.589782071369318484e-01,7.103295422350041077e-01,7.159763343532140611e-01,4.668504781279821381e-01,5.245477495416540625e-01,1.925097457028941694e-01,7.668084810332334023e-01,4.177022447947151274e-01,2.427495704214031602e-01,6.647546629928383632e-01,7.067466240241478959e-01
