0.000000000000000000e+00,9.127215438416325100e-01,4.538505685393565692e-01,4.423370157369474476e-01,1.116119262814460056e-01,4.871336156471663958e-01,8.554903240590994162e-01,3.726560471700486876e-01,7.479101849434869331e-01,8.030983274005543127e-01,8.391659788085621408e-01,8.796323391268161540e-01,6.409256644748095866e-01,7.268276999411690253e-01,9.015542438667260017e-01,9.225374678756241842e-01,9.334694559164733452e-01,9.303136372655286257e-01,9.056716281720806894e-01,8.923384296107750302e-01,9.421373788466382848e-01,7.358036925561488584e-01,7.059082180006120977e-01,6.979699231338638565e-01,9.772095472209657574e-01,4.362281724454543097e-01,5.114061214573345504e-01,5.457829831927353270e-01,9.463085033726925666e-02,3.825970942990217227e-01,3.298877133375339721e-01,3.667274562007725169e-01,5.025748550467786790e-01,4.341035294298422609e-01,7.840010202676994666e-01,3.008177801088298686e-01,4.868058400594875157e-01,5.568611915233484533e-01,5.393579063983591215e-01,7.270810973687127365e-01,4.665950122061364724e-01,6.189164939127137499e-01,7.556382979983324866e-01,7.453963174895401611e-01,5.646248005459326702e-01,3.868123676564807489e-01,6.715237406739391623e-01,7.492519854899136744e-01,5.399743675497563622e-01,6.449687593620224701e-01,5.027694197146543864e-01,6.432589216429293044e-01,5.657317131029669932e-01,4.504595348819941392e-01,6.876883200670642626e-01,3.947519069233753619e-01,6.754502895512648486e-01,5.907149753548326387e-01,9.547548924187134745e-01,2.513465615395799047e-01,4.621102865592583986e-01,6.905650427327846286e-01,6.194426349853400238e-01,4.569666167397187784e-01,2.550930637745834062e-01,6.342672026653052297e-01,7.237014841350261074e-01,6.995496542192523037e-01,7.444745710833693408e-01,6.607202139333211433e-01,4.081347313126634235e-01,9.333252205900983700e-01,2.191886643032864013e-01,3.650456556149521692e-01,8.187092563250050192e-01,4.932553155986511562e-01,8.835114631045335454e-01,6.854563525195519480e-01,5.461373084003321443e-01,9.093047488807609602e-02,6.136696382309326792e-01,6.856282987155206676e-01,7.395762552804336920e-01,2.114199289278051730e-01,3.497446454606964461e-01
9.127215438416325100e-01,0.000000000000000000e+00,9.895912192529181528e-01,8.131120438118474292e-01,3.387855451585195521e-01,5.649935976242087543e-01,5.084893724027397255e-01,4.625876587296107179e-01,6.929335741578190877e-01,4.927816482648699203e-01,5.557618394759052949e-01,8.630453413480968505e-01,9.675982767329955880e-01,9.549308391751248903e-01,6.280041172999928367e-01,6.376896026979751442e-01,4.748546579436256909e-01,7.605687554169121567e-01,9.513773304053481095e-01,8.306560537417194690e-01,4.323044160811729819e-01,1.332515717709135683e-01,6.144716521319443236e-01,7.181789257195647647e-01,1.226997670927844619e-01,7.253722364929592326e-01,7.143115610590894393e-01,3.741433105389209146e-01,1.325235256606983325e-01,-1.165723023106960410e-01,5.587620559259965335e-03,5.387830215328400785e-01,9.452572811052832868e-01,6.097426469899096535e-01,5.606293233008006194e-01,7.488088368141028184e-01,3.374856560860086674e-01,2.124419552163077374e-01,3.067661449303343835e-01,7.434529656670378905e-01,7.251902648442541954e-01,7.229467334045694971e-01,3.491342876950656038e-01,3.243692039386536496e-01,3.836505486693873035e-01,7.383447176292812220e-01,9.659519930291377010e-01,8.616081403402569006e-01,6.379893288724957090e-01,6.823084782270192328e-01,2.727999350371488330e-01,7.752281823785424075e-01,2.257485619795676357e-01,6.761109878155969755e-01,8.018312120260048248e-01,6.578165465619845165e-01,6.811364720748848134e-01,9.858617208871767179e-01,9.669032478638361905e-01,3.679871933010678969e-02,-7.573241086968102165e-02,4.000842761072785914e-01,6.852868511328332746e-01,9.550801956811945104e-01,9.467861517852150799e-01,7.168265617131361900e-01,3.860781705070009950e-01,6.574418703295032973e-01,7.565865088402652372e-01,4.383863567427918051e-01,7.425908968159022905e-01,5.713860469238796203e-01,3.809351942180463357e-01,6.771443303505700895e-01,-1.154378027287552011e-01,4.901395402471906415e-01,7.985949588096695750e-01,6.703728705153709777e-01,3.837591243530549256e-01,3.445849769136568597e-01,2.218573897173854448e-01,7.265907867518819341e-01,6.456469202888587278e-01,5.626183203420220824e-01,6.015078706816913146e-01
4.538505685393565692e-01,9.895912192529181528e-01,0.000000000000000000e+00,7.581648675682187699e-01,9.764316996492302669e-01,7.143264433664735513e-01,7.636317019606585488e-01,4.677353590097376168e-01,4.179619849223656924e-01,4.379324536558062420e-01,6.844519397917591119e-01,9.517522683348436097e-01,8.880732914249537258e-01,2.384620277362249074e-01,6.405729394444678038e-01,6.485180771070728767e-01,6.521000253515094602e-01,6.115519423442448144e-01,7.789209224396272946e-01,7.814794685752093351e-01,7.255145021554199047e-01,9.564104964005335496e-01,9.166598467227485836e-01,9.926185105164064826e-01,8.993533867799855530e-01,4.609484768109577968e-01,8.767583220347344719e-01,9.811215616898600889e-01,4.619867160017936403e-01,2.709247607622654042e-01,5.697000962179369354e-01,7.506803130391610512e-01,9.622363093889679808e-01,8.982473093460175972e-01,6.757655996817977240e-01,3.312493686010308802e-01,3.457424030361789802e-01,3.361907026601415049e-01,8.176409129478777738e-01,6.483209433356086349e-01,6.745937788693827653e-01,2.704006467806517877e-01,9.876391805224888909e-01,5.787819724418760137e-01,6.313154240712880449e-01,9.630383668082165283e-01,5.032688346606668528e-01,4.480657470497384498e-01,9.862332682791642435e-01,5.666819381939880440e-01,9.564629937603241761e-01,4.475153128492511123e-01,9.208738903099844553e-01,5.035740198327666173e-01,6.040509697716627269e-01,8.270330233213775140e-01,4.036164892858870035e-01,5.495418163460783489e-01,9.989154088323914937e-01,3.763392098100216687e-01,5.223452304634668142e-01,6.029107201650804049e-01,4.169971839294357996e-01,5.872308878625388529e-01,4.896369507415852529e-01,8.923462767214761504e-01,9.605624395979937002e-01,5.073176573403999079e-01,6.983939564156692592e-01,5.294856489172423686e-01,7.783209185844645051e-01,2.676839655176462829e-01,5.740979461985031840e-01,3.285092003611211897e-01,5.533617851909933272e-01,9.172511398353876411e-01,3.495943470810458642e-01,7.982715882655039286e-01,5.494656429471114212e-01,-7.003768110483399312e-02,6.210514512976726964e-01,5.620470886304180791e-01,6.473900503771035098e-01,9.346311504530073755e-01,6.883660200948895636e-01
4.423370157369474476e-01,8.131120438118474292e-01,7.581648675682187699e-01,0.000000000000000000e+00,3.049516353195900198e-01,7.957616709741068828e-01,2.004759793731971107e-01,3.956015299106633298e-01,7.621744391376795713e-01,9.047970096322649480e-01,4.034430736785096228e-01,3.490345315870478915e-01,5.163823296741171243e-01,9.687425733836375619e-01,9.399369595987185910e-01,8.901719916757769857e-01,9.903602001051399206e-01,9.175598799072022249e-01,2.095000966549297183e-01,9.651175089577915811e-01,7.055742593734412038e-01,5.391782131722496763e-01,9.810762122375458194e-01,9.642656405344781634e-01,4.616095650208313916e-01,8.369807407007251454e-01,4.984892393900398622e-01,9.681771002238686030e-01,4.379548028838414209e-01,2.497841044264259014e-01,7.193805625776697465e-02,6.496422028976587271e-01,2.953839828079959373e-01,5.033093254858983512e-01,6.175033191932597365e-01,3.199067195719598050e-02,5.931949532353624210e-01,9.235430431553390829e-01,6.511340962736634763e-01,4.063603481218277524e-01,1.972449192757015357e-01,6.071222101263087367e-01,2.611332083122216430e-01,7.346171856965946212e-01,6.670759383575861623e-01,7.148881191092000265e-01,4.660701749331878085e-01,7.024007785795058911e-01,4.615713938796316418e-01,4.443844343097674843e-01,9.450568903217380079e-01,4.762682982877232685e-01,7.396191460902543646e-01,7.542938863641983627e-01,7.367435053551710800e-01,8.797778531259645707e-01,8.566915486797915813e-01,8.730904577891202001e-01,7.690798197403291292e-01,1.049801489884315125e-01,4.834221229872522341e-01,6.111973478169067109e-01,5.039793430939216723e-01,2.179441506580122867e-01,5.087632297275693771e-01,6.758280149966505723e-01,8.286391677166458081e-01,4.185684782168593299e-01,4.245854979313709587e-01,1.443872126625146968e-01,5.856946227397443749e-01,9.295659895391151784e-01,4.539407950612479037e-01,3.454988730657529428e-01,9.780777805039084782e-01,7.280397661843788226e-01,9.109291517004711736e-01,4.420057886130325242e-01,7.710958445540209150e-01,2.322638807196522326e-01,5.763716144779077455e-01,6.445522822382407924e-01,7.629021999232294959e-01,2.988695915000134096e-01,5.312999819498319676e-01
1.116119262814460056e-01,3.387855451585195521e-01,9.764316996492302669e-01,3.049516353195900198e-01,0.000000000000000000e+00,8.659144215746266138e-01,5.577109092240370991e-01,4.631300660124618163e-01,5.565788585056556936e-01,7.184319276554635980e-01,7.305327017227356556e-01,6.827542309819999433e-01,7.726432592632438423e-01,6.845888413066510969e-01,4.331920218480646567e-01,3.715200335794546227e-01,9.148944207368653325e-01,6.965907333823290193e-01,6.768920735415293599e-01,6.408173714840121882e-01,7.958161209090816035e-01,3.105575805834938086e-01,8.827417879662501354e-01,7.906626243492209660e-01,7.978260190234509608e-01,7.409611464458406571e-01,6.186963301632617540e-01,8.655155945621537672e-01,2.063908687469613590e-01,5.240196748695533646e-01,7.855304351850292965e-01,5.126829500678207197e-01,8.409806643403554549e-01,6.219406053036912185e-01,7.975280957688751782e-01,5.803289265105285311e-02,6.780023245178030677e-01,1.410651054735153342e-01,3.668726009949467848e-01,6.728220992128867151e-01,1.553435131208787956e-01,6.410487117019564307e-01,8.223226677269125373e-01,9.918424987638433388e-01,2.020495345515097851e-01,7.701314258988466444e-01,6.906022959242232861e-01,7.547139669750199120e-01,7.595968339289346227e-01,7.143551710550688494e-01,3.858115798755987758e-01,6.246228524514956248e-01,6.031210381909716256e-01,5.830418822233383036e-01,6.867623459343678016e-01,8.089254131508877288e-01,4.900916655262160804e-01,-1.185533073355644618e-01,2.852777724373554147e-01,5.294568527945622272e-01,2.636698308811281088e-01,6.112230431331657776e-01,8.393349659645804595e-01,9.776607431925870006e-01,6.122327651904336809e-01,4.516661904772288350e-01,7.733540280914102949e-01,5.789156601410018199e-01,7.442463923108780799e-01,6.624141133980990803e-01,8.948160202036961053e-01,1.969082851277870194e-01,4.416827874389176456e-01,2.747243164579185049e-01,6.656243053452307601e-01,6.677764549730661470e-01,7.480868892793454128e-01,5.948949856313854312e-01,3.442773945556985571e-01,-1.268104853549396616e-01,5.427288551891344959e-01,5.398342159267826013e-01,7.607882293054469836e-01,8.663917977929075365e-01,9.085370825885121793e-01
4.871336156471663958e-01,5.649935976242087543e-01,7.143264433664735513e-01,7.957616709741068828e-01,8.659144215746266138e-01,0.000000000000000000e+00,3.036530273214854692e-01,6.118876701559974318e-01,6.072765592753769370e-01,8.204860571677727865e-01,5.325700560795592065e-01,6.082483045632675056e-01,3.968722194801750369e-01,7.734997813931893118e-01,2.762339299783170832e-01,7.979384999360523700e-01,9.771760380595251316e-01,7.148607871465997299e-01,6.237608749695678911e-01,9.264928758327707348e-01,8.046577100965806029e-01,6.267132640913591901e-01,-3.541849650728512433e-02,9.522114740378584408e-01,4.814452229337441991e-01,1.445776923592015373e-01,7.216512277681568222e-01,2.792623607091072047e-01,2.205749580939627419e-01,2.571295054550127857e-01,9.686694618948162028e-02,2.076607928327233732e-01,7.379399519812271935e-01,2.339682458759069772e-01,5.090848849241057517e-01,-1.207934063715600109e-01,2.096819775777466754e-01,6.882253369702139301e-01,6.412135197005889298e-01,9.389942401468727162e-01,5.708329736923095643e-01,5.484442201538703987e-01,7.226011321472232130e-01,4.342538686720218699e-01,3.525980365289899665e-01,6.661333984083408488e-01,6.372793372011411606e-01,6.603672439975590835e-01,5.374053908802682855e-01,4.983389213566784548e-01,4.536372221598591881e-01,4.838890502217002010e-01,6.223495211222523915e-01,9.213223126067111579e-01,6.718649697687378852e-01,7.175380566952906936e-01,4.347175710206142019e-01,4.274145537832669262e-01,2.517875903849235986e-01,6.589087321046704915e-01,6.311361546555220858e-01,1.646400722185762389e-01,4.413951226512854986e-01,6.528941286476741546e-01,6.109435842488636359e-01,1.792400464660432180e-01,5.804889332034309790e-01,4.379981785475987044e-01,7.386686508470335921e-01,4.143075229023399642e-01,6.936250730710891155e-01,6.927059815623585193e-01,7.246860192190931471e-01,2.383592231286788266e-01,4.800341776716114950e-01,2.376731434455592318e-01,7.447486312165819689e-01,6.587436797580018544e-01,2.575183418560486048e-01,4.269800032568280557e-01,5.037120647758455139e-01,9.008470499333242065e-01,6.380559607524661780e-01,5.135987958254166763e-01,7.597798656723250277e-01
8.554903240590994162e-01,5.084893724027397255e-01,7.636317019606585488e-01,2.004759793731971107e-01,5.577109092240370991e-01,3.036530273214854692e-01,0.000000000000000000e+00,7.326207886560145988e-02,4.151379106943952624e-01,6.777697749850399855e-01,7.858497695824063767e-01,6.290855228869421945e-01,4.857961139749898405e-01,5.021368229036895503e-01,5.794690660345858634e-03,3.003532073299872707e-01,4.459231171160161211e-01,4.899039628702303029e-01,4.953401463057878207e-01,8.310203537674349938e-01,9.357362615361732860e-01,3.291808899246071451e-01,3.660401135250417742e-02,9.074481592544041408e-01,3.887613141599112754e-01,4.291068744197272244e-01,4.801260230486541492e-01,4.586106322145148129e-01,9.853772587846071351e-02,4.220913664787720454e-02,-1.588833452503679577e-02,5.358382913787805846e-01,5.729965780383792229e-01,5.831402093965339928e-01,4.363649295830442365e-01,3.001452232413843180e-01,4.035576414640721366e-01,6.135786693628945132e-01,8.320900946333958936e-01,7.211720075173253530e-01,7.817150291601695500e-01,3.948309376641457868e-01,6.523786664606860963e-01,4.549490821891311598e-01,7.060045974221436094e-01,4.777596620986855891e-01,-1.592646532762787004e-02,2.094356401013077740e-01,7.129844072698175994e-01,5.969262814032505471e-01,5.693133180101002111e-01,6.146638173692428042e-01,3.237301033764530822e-01,4.336755973430196920e-01,8.723934996725913882e-01,5.123777578418200473e-01,4.776946931114037787e-01,5.506878597510121987e-01,6.371969288193886083e-01,5.887992899146239356e-01,3.714407420332450638e-01,4.652767351347187330e-01,1.150131700120843592e-01,5.002737322556717325e-01,3.479347174744275017e-01,2.772410480607339078e-01,4.775771310211170961e-01,9.563763061966845669e-01,6.435458852467494939e-01,6.433634649754786938e-01,-1.950812870178791902e-02,6.288964900781920386e-01,3.621255968500239897e-01,7.746813298070625020e-01,2.669865315643583092e-01,6.573609551956193231e-01,6.884344120334108252e-01,7.006756338533960404e-01,2.561372761740998705e-01,3.873126286291904696e-01,4.638288163775446948e-01,9.259164617896670224e-01,5.117911719497894030e-01,3.726186062315991476e-01,4.241246920790048835e-01
3.726560471700486876e-01,4.625876587296107179e-01,4.677353590097376168e-01,3.956015299106633298e-01,4.631300660124618163e-01,6.118876701559974318e-01,7.326207886560145988e-02,0.000000000000000000e+00,4.878037551497494961e-01,9.365726033726939903e-01,5.801654414129734372e-01,3.362850865605373496e-01,8.279041224536930477e-01,7.231658629386504833e-01,4.233917896080423016e-01,3.201540432966777372e-01,3.150561429168596828e-01,2.474707972930916822e-01,3.980608824997079465e-01,9.546781415256188064e-01,9.616783146606717736e-01,5.424100421448345699e-01,7.028764671942868691e-01,7.697670060824677307e-01,5.126763614900320398e-01,4.942348934712300079e-01,6.692986723144728201e-01,5.257747703343033097e-01,6.717103657477188072e-01,3.415364573051768993e-01,3.170825162453717594e-01,6.779694364703566789e-01,7.049729033139758849e-01,2.950535796409242684e-01,2.093966554895404231e-01,-1.227170527525348054e-01,5.916070478266671762e-01,5.190285642871130811e-01,5.180879084131817525e-01,2.778116379548514758e-01,3.148894565266385781e-01,2.378355863667666603e-01,5.517081956782909913e-01,7.950845858444175462e-01,7.136957600089008924e-01,4.583392903566577692e-01,4.967369611459254708e-01,2.046372541730165917e-01,4.461481550437578769e-01,4.812048560184288282e-01,7.447861555963514180e-01,3.046159913615614778e-01,6.451208726957343709e-01,5.227843406093974910e-01,6.142933856998019637e-01,5.725926672566120645e-01,6.337294427777555583e-01,2.938914832769790042e-01,2.102770232875443290e-01,4.610717526565840663e-01,3.739693459218366711e-01,6.337245020832970033e-01,3.663023479058570286e-01,8.934303744632867694e-01,8.819104305864942095e-01,4.429207268888729065e-01,8.323934810579894927e-01,8.406536456187372330e-01,2.211170607393469767e-01,6.807095606851985004e-01,4.435702788055326806e-01,3.273173107588190911e-01,1.564610419162120458e-01,5.363784157502482497e-01,4.894829956487336542e-01,3.982191354728943644e-02,7.384349634419414832e-01,5.388687598436705528e-01,4.920548629018710596e-01,5.289198298973792067e-02,8.280451489167231505e-02,2.543710279631162252e-01,3.450228177737102442e-01,3.709455526400946834e-02,7.273048589439844447e-01
7.479101849434869331e-01,6.929335741578190877e-01,4.179619849223656924e-01,7.621744391376795713e-01,5.565788585056556936e-01,6.072765592753769370e-01,4.151379106943952624e-01,4.878037551497494961e-01,0.000000000000000000e+00,5.717227605234120880e-01,9.867586363251013015e-01,9.816892326698570259e-02,6.345243488791806330e-01,6.586401426754113775e-01,7.116968427776156902e-01,2.315376356020493465e-01,6.705044876529836495e-01,7.103313545860300282e-01,2.819179486374677190e-01,4.387534645862388727e-01,6.503962298933356756e-01,2.709564341465499071e-01,7.716769369718448068e-01,8.034397935471634389e-01,7.945205307785823123e-01,4.604562486771932028e-01,8.009094958635351036e-01,6.355028725755357266e-01,7.000353101076405016e-02,4.746724527209323363e-01,4.899227628944301527e-01,6.854164624057699218e-01,2.761040557257717909e-01,5.107594267851229830e-01,3.057995920924809763e-01,3.199671610603896377e-01,5.393509709068022850e-01,7.064006861060063702e-01,7.947579231834416280e-01,7.458102959909375107e-01,3.793897266857334527e-01,5.302566962385466681e-02,3.373452129330188898e-01,9.626616218982362305e-01,4.082676508517018021e-01,7.230701565824326771e-01,7.150039831202078533e-01,4.017945595071768516e-01,4.179901095601683547e-01,7.037178038318969708e-01,5.583497802193571058e-01,2.306551764896253853e-01,4.075157426836406582e-01,3.732978020592511159e-01,7.029837919576051863e-01,8.262866700995173952e-01,5.074208427268075416e-01,7.726383854987332045e-01,6.542149161516133127e-01,3.970146996177281729e-01,3.336672969125507038e-01,2.663682729852122066e-01,5.646467970916885237e-01,8.549044677875734521e-01,6.691946387844533994e-01,6.266149825603122281e-01,6.306095321230944517e-01,8.721841430678400897e-01,1.952714569121932753e-01,2.607600897459346756e-01,5.678519650603979230e-01,9.870703507243323571e-01,2.924726216968948633e-01,1.598707211398264216e-01,7.372447240304638161e-01,4.387689732844934354e-01,6.055244591389497000e-01,2.255771016171655152e-01,3.331453421666162873e-01,1.743286745557320883e-01,4.591385875635783931e-01,6.104716415487894121e-01,4.422383672257885201e-01,4.821242007280341912e-01,8.030988275337332949e-01
8.030983274005543127e-01,4.927816482648699203e-01,4.379324536558062420e-01,9.047970096322649480e-01,7.184319276554635980e-01,8.204860571677727865e-01,6.777697749850399855e-01,9.365726033726939903e-01,5.717227605234120880e-01,0.000000000000000000e+00,7.650726016822326780e-01,7.949385190685411828e-01,2.509765116551678776e-01,4.962381377665198712e-01,8.428241463525402155e-01,5.729136014587334902e-01,6.965039723037695918e-01,6.708690632477153359e-01,7.647311451514355873e-01,9.958054081730514095e-01,5.617863229164389294e-01,2.673563722375665863e-01,4.719510403035235835e-01,6.474686326870464637e-01,6.513949971469314981e-01,5.214736603629049894e-01,5.339187536181677629e-01,7.997622471851807413e-01,2.905932074605376281e-01,1.676104508286561101e-01,6.580748870264057082e-01,5.392996145426487420e-01,7.410765145625983763e-01,9.924459609281900407e-01,7.619310141755978316e-01,1.848464149155063518e-01,2.334084248153009689e-01,5.426165246166120282e-01,7.017600643222323686e-01,7.908388675799504774e-01,8.559706078781530447e-01,5.970857358644199309e-01,7.583006756729970821e-01,5.777976979892185394e-02,8.417610898149288090e-01,7.454918269695303135e-01,6.095998387852047395e-01,6.937895481620747207e-01,-5.105907429645428763e-02,6.731245172501891805e-01,8.000784954194708476e-01,9.056366198977497950e-01,5.566984338769560559e-01,4.855443971175989470e-01,7.215942306353938518e-01,7.604818188754012276e-01,3.581333945178227229e-01,9.136717993884496680e-01,8.802212987889862505e-01,4.971890015998708390e-01,5.716173516519759135e-01,1.368575991635395117e-01,4.829195179394406567e-01,9.285953376769422452e-01,2.074156982980212838e-01,6.382188483143276247e-01,2.133427691858702513e-01,7.609677939300470983e-01,5.579275347287108167e-01,7.952397791928267345e-01,4.928182710824371981e-01,9.312409792274787268e-01,2.538137721217905707e-01,2.211391554247565117e-01,7.130604221720633351e-01,7.008056030636584666e-01,6.510215933688170420e-01,4.699040221876231160e-01,5.600668364271318422e-01,-1.688491245753222514e-01,3.696610973715505066e-01,4.795369643870439069e-01,5.560073138025553030e-01,6.174413080851764296e-02,5.528075588348894120e-01
8.391659788085621408e-01,5.557618394759052949e-01,6.844519397917591119e-01,4.034430736785096228e-01,7.305327017227356556e-01,5.325700560795592065e-01,7.858497695824063767e-01,5.801654414129734372e-01,9.867586363251013015e-01,7.650726016822326780e-01,0.000000000000000000e+00,5.629193819770010876e-01,6.809964032880638785e-01,8.461504687277092707e-01,6.180909681734728656e-01,6.122015115532721818e-01,8.138675315560566226e-01,6.365987121409396599e-01,7.012785849991116649e-01,6.390713750095446954e-01,6.876564152333765056e-01,8.298153055294342773e-01,7.303870456122175669e-01,8.510559063537721791e-02,5.391913902414928739e-01,6.112617018947182901e-01,2.436397158408186159e-01,8.559149503008549598e-01,2.769869048296429437e-01,7.518929770260013301e-01,2.975772009814738328e-01,2.946438748401974950e-01,4.997739546564629598e-01,7.832589514760941451e-01,3.956186748330409175e-01,4.788247609165132146e-01,2.489829884379313185e-02,9.673642451822579424e-01,8.989549007275491332e-01,7.352256630552723715e-01,2.755979086983750825e-02,9.003029837129016277e-01,7.492866559317842290e-01,7.567955615693670035e-01,4.337860077893006538e-01,5.914373484675423676e-01,6.326884140483072239e-01,8.749749851881247764e-01,2.608307604320197481e-01,4.932231921056196566e-01,5.729243705398551212e-01,6.128020233387337923e-01,3.687795576723396085e-01,5.472927741574998839e-01,2.774558071983115326e-01,7.606835907339527525e-01,5.706539806018545713e-01,6.520218307545895264e-01,8.868188973724687452e-02,5.301537956240407468e-01,3.969264871926456162e-01,4.222920683943666709e-01,7.683795876837640204e-01,5.032491428314752602e-01,8.204914914534804371e-01,9.165263697207276516e-01,4.966197508707509423e-01,3.104351045800964881e-01,6.614355475041600041e-01,6.586056268699398419e-01,6.035941912704365642e-01,7.475689613089770980e-01,1.136553599259844220e-02,4.874220575040509318e-01,5.954378917785426717e-01,8.570025347575755958e-01,9.733688794813375456e-01,5.521985232778499064e-01,4.851691971045594132e-01,4.867358692613665272e-01,7.899722567034307419e-01,7.583909485310452725e-01,7.585782998281989098e-01,2.141436403316535064e-01,1.360967081424231499e-02
8.796323391268161540e-01,8.630453413480968505e-01,9.517522683348436097e-01,3.490345315870478915e-01,6.827542309819999433e-01,6.082483045632675056e-01,6.290855228869421945e-01,3.362850865605373496e-01,9.816892326698570259e-02,7.949385190685411828e-01,5.629193819770010876e-01,0.000000000000000000e+00,6.057305715662694157e-01,7.841038684711956197e-01,4.841808704205388669e-01,1.587178251755391456e-01,4.220865314761914067e-01,5.136193750858486506e-01,9.706770976205135737e-01,6.049042385893651508e-01,5.718050039263613549e-01,4.010684117174418972e-01,7.804225583628983109e-01,9.664278800790649937e-01,5.737137464810643239e-01,7.205946420061297708e-01,6.162970832130377774e-01,5.088863979967593876e-01,5.881113625263391098e-01,4.913279331784802806e-01,2.704212213848423696e-01,6.875944204882767918e-01,2.748199471123077275e-01,5.577143734065744818e-01,7.201320389042316084e-01,6.309258603354291894e-01,2.805760975341378693e-01,5.094691374319528787e-01,3.692563672183542256e-02,5.812427314406876100e-01,6.434055522791766180e-01,7.864149376038528372e-01,9.096936915179432148e-01,2.953138181534543105e-01,9.438955097651032800e-01,9.537525603272777319e-01,1.623772410390943444e-01,1.024413342472043076e-01,2.267050007521290156e-01,3.664300122429536288e-01,9.992744334896870306e-01,2.552664377366332671e-01,4.490613235482876497e-01,4.039657312428082681e-01,9.168058835628025705e-01,7.293397039146433114e-01,1.654118355385187644e-01,6.477887603342507017e-01,9.967056741812533316e-01,2.011853293989619151e-01,2.727242010686429241e-01,6.248300414369490907e-01,5.892990474528794209e-01,4.543031460795195486e-01,9.999803510391787054e-01,5.966839887407761056e-01,7.392656034598481529e-01,4.764336724052704586e-01,6.573807963707229973e-01,9.293043330793337997e-01,8.197963111496791022e-01,5.672149380898436899e-01,3.218428108942777421e-01,2.441444700378655464e-01,7.381300518237624564e-01,4.064861120819281415e-01,5.511273241641257981e-01,6.895058352420652126e-01,2.088315672546218749e-01,4.673695073830825275e-01,5.547095791551969191e-01,4.943865747501988150e-01,6.138165651418346913e-01,3.229759495162710659e-01,6.289806138551066184e-01
6.409256644748095866e-01,9.675982767329955880e-01,8.880732914249537258e-01,5.163823296741171243e-01,7.726432592632438423e-01,3.968722194801750369e-01,4.857961139749898405e-01,8.279041224536930477e-01,6.345243488791806330e-01,2.509765116551678776e-01,6.809964032880638785e-01,6.057305715662694157e-01,0.000000000000000000e+00,4.625136700176988303e-01,6.771751594054328249e-01,5.089235961009211939e-01,6.310426383979902409e-01,6.961790143906858574e-01,9.294956031738801361e-01,7.477802635212872362e-01,8.631913743874543021e-01,8.621839719502986110e-01,8.324105468722626799e-01,6.781827929817372258e-01,4.182884197977421725e-01,8.508166224100613961e-01,4.678496217867733065e-01,2.262444938033977837e-01,3.205336256930692018e-01,5.456460885019381868e-01,5.518557430220674132e-01,7.979714242813624736e-01,4.438333997646215501e-02,6.641664266221747326e-01,5.638648433768078672e-01,3.655850974888090743e-01,2.577012136552575550e-01,8.564663325594430443e-01,4.638774492945532679e-01,8.521273304804211079e-01,1.171007934691987579e-01,7.088564802073088478e-01,6.960463014055512376e-01,6.828486850732273794e-01,6.929981201113375455e-01,8.157412574297454588e-01,6.123532046561115383e-01,7.867184264691817752e-01,5.541054792507892346e-01,9.572413429194589485e-01,3.496681412811334377e-01,8.449148191162320076e-01,7.515016661699874811e-01,9.055516492803503681e-01,4.188164905049133191e-01,6.593806136892178538e-01,9.501259910322742419e-01,6.854651202300542367e-01,6.150003529055385609e-01,4.992180881165979578e-01,3.801847103023420216e-01,6.776884177218212013e-01,6.533343755214106041e-01,6.460065487509395465e-01,6.856950246679925920e-01,5.673238686412647169e-01,8.027786150559351741e-01,6.858319362602844915e-01,7.662985509746782498e-01,9.270244223172960929e-01,6.058369711959521453e-01,4.218049151337796565e-01,5.729478611040289548e-01,4.949212900461298359e-01,4.641817564027861387e-02,7.203341216963641269e-01,6.101671610902932308e-01,9.399393364026484843e-01,2.759091121745865793e-01,7.474484705606826429e-01,7.157149981532802130e-01,7.268817514279648506e-01,1.035102454824295831e-01,7.267362574420732635e-01,5.548096234198472976e-01
7.268276999411690253e-01,9.549308391751248903e-01,2.384620277362249074e-01,9.687425733836375619e-01,6.845888413066510969e-01,7.734997813931893118e-01,5.021368229036895503e-01,7.231658629386504833e-01,6.586401426754113775e-01,4.962381377665198712e-01,8.461504687277092707e-01,7.841038684711956197e-01,4.625136700176988303e-01,0.000000000000000000e+00,8.733245808927857512e-01,3.455489275043535091e-01,3.352729876057547465e-01,5.151440352364232700e-01,7.130735617985290986e-01,7.771476742386890235e-01,8.552800066437450388e-01,7.105105932232611554e-01,4.574715019902825253e-01,5.429780077700834262e-01,5.286281799341860932e-01,6.744450421171895860e-01,6.274016409700642338e-01,7.603312966922457505e-01,4.665625732802671788e-01,5.366025497472627359e-01,1.194272851265458235e-01,4.903533770191287888e-01,7.710662488216027954e-01,3.664937159688987922e-01,7.793947987419557188e-01,6.307648676828860879e-01,2.026268329940719426e-01,6.560193801900172650e-01,6.443140126016332347e-01,4.923448194528068367e-01,5.985264026928609482e-01,7.607331058626607412e-01,7.406788321453596780e-01,4.240503512748386994e-01,6.909041451533772804e-01,4.054914706319104334e-01,7.913989472999807262e-01,6.045464838591450007e-01,7.795874007865407629e-01,3.099143429579067077e-01,8.409996978717244609e-01,9.559671101017019890e-01,8.910372368889375450e-01,6.896373356157973200e-01,4.296539930230273696e-01,7.852414763373061213e-01,3.785576653164310912e-01,5.367494145801344763e-01,7.113792050635581177e-01,-2.504554449037872388e-01,1.826297312612454871e-01,2.349285359105521831e-01,7.598290776719331951e-01,2.493846462266219866e-01,4.526823455342938174e-01,5.418469936295867706e-01,5.571728707537280112e-01,8.730794735498272896e-01,7.782518780515880197e-01,6.610453932066748806e-01,9.098067788501166264e-01,5.714573748586588842e-01,3.260887177590626740e-01,3.653789826676647756e-01,5.348297021333692225e-01,8.519094345629724119e-01,7.286243250162431906e-01,9.605579805242233649e-01,3.022324938926704285e-01,2.599945952846845487e-01,5.816098410968612020e-01,6.139360911172468960e-01,4.301517427684407036e-01,9.199086582501113663e-01,9.793899388390360228e-01
9.015542438667260017e-01,6.280041172999928367e-01,6.405729394444678038e-01,9.399369595987185910e-01,4.331920218480646567e-01,2.762339299783170832e-01,5.794690660345858634e-03,4.233917896080423016e-01,7.116968427776156902e-01,8.428241463525402155e-01,6.180909681734728656e-01,4.841808704205388669e-01,6.771751594054328249e-01,8.733245808927857512e-01,0.000000000000000000e+00,4.432134960276742919e-01,6.782102803497104260e-01,7.776494826366567858e-01,2.043492890796149986e-01,7.624366375822630992e-01,6.828846722853008089e-01,2.053735801795209537e-01,6.568986787089255985e-01,6.842037960588100987e-01,3.093023602144499007e-01,2.146598542943619070e-01,8.777468215604434798e-01,5.223352075344367407e-01,1.584468357909137315e-01,6.818666127119737963e-01,5.667901728855713195e-01,4.271686071085903924e-01,5.570506951073382895e-01,7.477594806869576338e-01,1.310921282009814559e-01,5.412814247468618056e-01,4.764682478580648528e-01,4.059038508386126898e-01,8.431829806771383717e-01,8.002139233740070967e-01,4.366156205994523587e-01,6.002156794463612277e-01,2.421037224899988127e-01,7.105046943647452817e-01,8.655499001361702804e-01,8.776150601931740347e-01,7.654907959033981912e-01,5.696533209914866891e-01,5.889907229833488689e-01,7.217909287642649829e-01,6.046742092418355696e-01,6.219058377095310064e-01,4.509703051302021426e-01,7.216899752753018760e-01,9.184769043589077198e-01,9.850795785993722298e-01,7.269132630122109306e-01,6.233615107352881157e-01,4.118656504432074983e-01,1.069412523820794381e-01,2.018924601402149188e-01,5.284229542826773818e-01,5.809355562749652924e-01,7.660348481072534188e-01,6.929007597186086498e-01,6.325000790829472530e-01,3.467401328574046815e-01,8.301056910826345447e-01,-1.738939815609452377e-01,9.878014560881078765e-01,5.261486117791981387e-01,8.321386829113015804e-02,5.154181154696895195e-01,3.452180065132882114e-01,5.478851350860170638e-03,3.805239841592520378e-01,2.347322340145727437e-01,4.574434851869721430e-01,2.809560688175271603e-01,4.879439613405590626e-01,6.024560454290369682e-01,6.370637182622459482e-01,8.048252099287396266e-01,2.821185889243005285e-02,6.725023894794299739e-01
9.225374678756241842e-01,6.376896026979751442e-01,6.485180771070728767e-01,8.901719916757769857e-01,3.715200335794546227e-01,7.979384999360523700e-01,3.003532073299872707e-01,3.201540432966777372e-01,2.315376356020493465e-01,5.729136014587334902e-01,6.122015115532721818e-01,1.587178251755391456e-01,5.089235961009211939e-01,3.455489275043535091e-01,4.432134960276742919e-01,0.000000000000000000e+00,7.903106158755759392e-01,4.521466483868052944e-01,4.124035997359150052e-01,8.325388473989470128e-01,2.267864104277629023e-01,5.744230180972240835e-02,7.601458067011666875e-02,4.232609251098580216e-01,5.931152877113236022e-01,8.529020486195934003e-01,6.215490173593549716e-01,5.406769876475192582e-01,6.687539249529063090e-01,2.510975690596883858e-01,4.319332658493513222e-01,4.989143659940535880e-01,-3.202600239835646789e-01,7.920129284071290021e-01,5.349746736116103296e-01,9.014261724868966041e-03,5.434696005976953348e-01,4.991955871103089248e-01,7.997096108859012009e-01,3.295991025018382148e-01,2.496973184551064540e-01,6.525995662350695392e-01,7.383052233644789297e-02,6.197363703622416065e-01,4.395089993074152712e-01,8.158814996975348732e-01,2.989222194464880578e-01,7.089235640715839670e-01,6.205862908494803598e-01,7.432696977993966669e-01,7.853110393023223779e-01,6.874400573385633928e-01,-4.486748028933820742e-02,4.213636634954763815e-01,6.792696462411742520e-01,4.907626621687343205e-01,3.620481962691211031e-01,6.853149198619082894e-01,5.771522344996775633e-01,5.710584528692113082e-01,3.175822124397352786e-01,7.928348494793708845e-01,4.915426485779454957e-01,7.185869819749588494e-01,8.632598185620639075e-01,4.090478565736825334e-01,7.435093294919664642e-01,6.010051184199151075e-01,2.604695935490350389e-01,7.299488844503329021e-01,9.280663251360430355e-01,1.404430132720812241e-01,2.905882035581530132e-01,5.945467616493131935e-01,4.447025784483734645e-01,6.217490843016937330e-01,2.759111764899654373e-01,1.844435458477438061e-01,5.366607159669081750e-02,-1.916672219905252716e-01,4.144544562715299918e-01,6.907599147551214402e-01,3.689787592348402478e-01,6.141930476324801713e-01,3.099782649488043440e-02
9.334694559164733452e-01,4.748546579436256909e-01,6.521000253515094602e-01,9.903602001051399206e-01,9.148944207368653325e-01,9.771760380595251316e-01,4.459231171160161211e-01,3.150561429168596828e-01,6.705044876529836495e-01,6.965039723037695918e-01,8.138675315560566226e-01,4.220865314761914067e-01,6.310426383979902409e-01,3.352729876057547465e-01,6.782102803497104260e-01,7.903106158755759392e-01,0.000000000000000000e+00,8.606899264833730578e-01,7.114669198379517390e-01,9.488857254285740783e-01,9.287264617936656919e-01,6.658058204674633940e-01,9.744253381974969930e-01,6.653255375842122010e-01,6.304990093721364319e-01,7.977112538346793347e-01,4.378805406540619005e-01,2.682197587303470354e-01,3.555753903801188165e-01,2.755712201912524084e-01,2.632861332217510397e-01,9.087691500093056929e-01,8.144558956681782202e-01,6.527132476737200761e-01,2.916019936564813175e-01,3.505117646724686398e-01,3.667985354429432188e-01,7.783417527037890249e-01,9.907678887313660088e-01,9.297443623593431017e-01,2.099931950438765071e-01,7.438932222353228374e-01,4.574895025398155735e-01,6.807684754475022970e-01,5.676607031571432316e-01,9.529467168744508720e-01,7.847750960032461309e-01,5.157115405118923857e-01,8.307091060498402735e-01,7.563760647240782564e-01,7.977883721613392431e-01,3.802736599293626840e-01,6.054240845787360881e-01,6.801365509243766372e-01,7.198510520368236465e-01,8.294763218228277113e-01,7.399654922862379802e-01,6.258491495355540390e-01,6.219298983210419518e-01,4.288114816928288997e-01,3.358600698085987268e-01,2.625137505311116448e-01,3.113115627792931162e-01,6.347483269726083011e-01,6.067797105891892251e-01,9.448127609327986454e-01,9.088166934443950851e-01,5.371136068392274865e-01,7.094293610133621808e-01,5.770016457252941100e-01,7.060338942915311833e-02,8.841116102753029393e-01,2.444413399602829717e-01,7.789254702320593804e-01,6.568815243564614104e-01,6.722391680178295692e-01,7.768358655032884252e-01,7.029007369141218042e-01,1.774729214552700496e-01,5.853028183572489551e-01,8.635209572186169913e-01,8.236338861729110006e-01,6.232686675314198510e-01,5.802245396566046987e-01,9.872339301500423492e-01
9.303136372655286257e-01,7.605687554169121567e-01,6.115519423442448144e-01,9.175598799072022249e-01,6.965907333823290193e-01,7.148607871465997299e-01,4.899039628702303029e-01,2.474707972930916822e-01,7.103313545860300282e-01,6.708690632477153359e-01,6.365987121409396599e-01,5.136193750858486506e-01,6.961790143906858574e-01,5.151440352364232700e-01,7.776494826366567858e-01,4.521466483868052944e-01,8.606899264833730578e-01,0.000000000000000000e+00,9.674838103088976293e-01,9.192081352380240267e-01,6.481768294065928249e-01,5.658887817962079403e-01,4.517486355662280184e-01,9.383713157643791547e-01,7.000196369830159471e-01,2.962351648106714141e-01,6.506896794570957709e-01,3.579981127453429890e-01,1.616762769973213165e-01,3.507667774806311201e-01,2.766461200551660893e-01,4.919130979044606389e-01,6.331334833137653995e-01,4.184917635394922453e-01,5.394672190261098343e-01,1.902008447450892203e-01,5.104990302352830911e-01,6.964310192022105106e-02,8.571478707618171988e-01,6.988275748733500103e-01,5.764645547715194773e-01,3.444097378467982917e-01,8.190438196580701602e-01,6.436022261107987585e-01,5.410364660555757599e-01,2.637131379727507552e-01,7.599577735087649222e-01,6.136917887548094530e-01,4.876673566838473639e-01,6.634559108166488972e-01,5.788065619545266216e-01,6.558093623381058279e-01,5.975674124898520123e-01,6.148775716066958719e-01,7.523392261216576005e-01,7.789249568371655608e-01,6.487909880672334539e-01,4.430526153720565907e-01,4.755543868244112016e-01,5.947335408726177608e-01,4.118713162590312837e-01,7.830451691696440619e-01,4.364658228630354797e-01,7.224556950793774579e-01,7.167150472121115445e-01,5.982089867387335724e-01,6.039739249505566843e-01,8.714135263665027109e-01,7.222113010349336115e-02,7.301574479043635435e-01,5.492880895198982705e-01,7.001942800107721077e-01,9.914397922231095450e-02,3.631371065893101435e-01,4.512253447697627817e-01,7.834775714099383448e-01,1.825539123990971291e-02,2.184794292536580695e-01,7.141887809598485015e-01,5.821042188372888004e-01,-1.257673367294561695e-01,9.028044190835237126e-01,6.335397099251361963e-01,5.100428848743322474e-01,5.474039446362162220e-01
