0.000000000000000000e+00,9.651967638501024460e-01,7.674231556480639593e-01,7.309051599859130999e-01,8.490652482544708279e-01,4.491838987136753114e-01,5.410908016012639932e-01,9.023643198102553331e-01,4.490730102734233342e-01,6.756287229069479761e-01,6.655222503921225385e-01,8.065378878553925990e-01,5.763868005847413434e-01,8.415335011904659934e-01,9.078644828786790466e-01,7.069052466403386026e-01,6.868079704590179801e-01,8.135840762109352031e-01,9.669069153663034655e-01,9.438517818300415918e-01,7.844592239239179809e-01,9.687688288159370664e-01,5.299294985925602219e-01,8.074375308264608586e-01,8.804477529452757745e-01,7.162468399014382259e-01,9.899906391984172327e-01,7.678696778990017346e-01,1.253686787814013159e-01,4.274330153013621292e-01,5.178550619406884215e-01,6.644828545016362442e-01,9.735218644601373317e-01,7.711215914702915786e-01,9.501112752746291301e-01,4.164319927052188008e-01,6.102660973758042839e-01,7.880782597993467586e-01,3.800041859541086753e-01,4.353431988483129622e-01,7.623746491114111734e-01,8.811839022665284293e-01,8.451531098395039798e-01,6.681575666485926046e-01,6.697416996894897112e-01,7.009296092655075139e-01,7.342642407215930200e-01,2.790622607259892751e-01,5.170433845617041779e-01,6.653962812446309050e-01,6.897140940913987217e-01,8.270912709730536827e-01,6.669776044918287461e-01,7.285331230316117734e-01,6.560962974308435225e-01,7.529761305526184723e-01,8.074973430653468176e-01,2.196083567354779331e-01,8.660084053265227899e-01,1.431658252215688154e-01,3.586016610454200171e-01,8.547025663571010679e-01,6.956939349143653750e-01,6.903076570430447534e-01,8.092002962374859054e-01,6.498198014652372123e-01,6.411526845740886937e-01,8.375256916339950397e-01,2.079972743453789019e-01,6.922830516938460743e-01,5.635218346229621256e-01,9.269394357712577859e-02,5.336383163084851278e-01,3.031640163156619772e-01,9.314660649652534152e-01,8.914580118852409862e-01,8.071215944452905244e-01,5.966530495816677604e-01,2.030162832659905825e-01,3.464657139889799620e-01,6.323193885467647268e-01,8.600293419401532358e-01,9.900395654778115784e-01,4.006949717482383710e-01,3.406972892373790751e-01
9.651967638501024460e-01,0.000000000000000000e+00,7.792583680952296366e-01,8.739303061871703804e-01,6.020211658656160481e-01,8.039185350620936532e-01,4.478105100706621378e-01,4.470083388654850221e-01,4.262305179079163842e-01,6.578588600325554481e-01,7.813018214850051546e-01,7.036878154414825115e-01,8.056331353452189648e-01,7.486146153543085102e-01,4.728687985440016561e-01,7.127510297635780701e-01,6.191387297314956406e-01,4.647050240326635606e-01,6.959516345474432431e-01,6.656204640375767978e-01,7.084296388680382250e-01,6.550396200719941220e-01,9.250201170698372222e-01,7.127886672044844163e-01,4.768274494283236686e-01,9.216621166291095735e-01,8.222910878318546724e-01,4.572258432710187281e-01,2.469551373705401176e-01,5.833216243300698434e-01,6.259552222976663693e-02,2.174498802345570247e-01,-1.079084113256066624e-01,5.986265790665410425e-01,2.670710450637724942e-01,6.943813740617486019e-01,5.413313703756434947e-01,5.850437584758457765e-01,-1.044288810607602036e-01,9.079067679955926673e-01,4.950359195683020075e-01,4.829748979844468160e-01,6.972825282747158182e-01,7.133125868319332985e-02,9.597481498762431285e-01,5.877779332277546231e-01,7.240592613713213721e-01,3.966153260455155261e-01,5.332781114122563393e-01,6.892653777294657225e-01,9.541700263403537496e-01,6.639220206825968695e-01,9.292891168290497994e-01,2.989435522281079227e-01,8.477931698916171266e-01,9.063190741291828889e-01,7.753945866527284236e-01,9.084302898002107884e-01,3.069049740855830377e-01,7.457288217826937293e-01,3.888007214867793548e-01,6.242061892177491744e-01,7.946067621462075126e-01,6.044389405010196503e-01,7.315114057390175173e-01,7.824065349301333461e-01,8.331016906037979064e-01,6.960321105096202166e-01,5.419883327867915934e-01,5.325802828245966847e-01,8.342200714057977917e-01,2.316487647181778020e-01,1.537060717621219208e-02,3.902008729111755558e-01,1.844672114895466730e-01,7.447834215726595319e-01,8.211689080092223758e-01,6.807682426897918582e-01,5.573263450107642791e-01,-8.671857465739034321e-02,7.501573902011234862e-01,4.833734704657235426e-01,7.252144619409707227e-01,3.114451249143299627e-01,2.708892211989644139e-01
7.674231556480639593e-01,7.792583680952296366e-01,0.000000000000000000e+00,9.479797129324264437e-01,9.985057909375468777e-01,7.499810968042961434e-01,7.702217381858160739e-01,6.648992681490887291e-01,7.197155466471010232e-01,8.384705200739510644e-01,4.085632016811856504e-01,9.292068791720171639e-01,6.959674212432798157e-01,7.936407874062418877e-01,7.100835804123306616e-01,5.207563456538097935e-01,6.841561847355190906e-01,8.871935007345735924e-01,8.057182360344009586e-01,9.829488937347108379e-01,9.763041155982099539e-01,8.373440238079741249e-01,9.453216810121719549e-01,8.745533578174519151e-01,4.873181483542976533e-01,6.442540108076393324e-01,4.784614641595897333e-01,1.664210083022446551e-01,5.503840684617135048e-01,6.157104922465627128e-01,2.231352149619175718e-01,7.196208231802604383e-01,7.474571652582052694e-01,8.135037721575500980e-01,8.124740394388438869e-01,4.476829643109199175e-01,1.880162287999299076e-01,3.014257573382229105e-01,8.681867554389013364e-01,9.371085810377931535e-01,7.011851279482521626e-01,3.598473451684376379e-01,8.738559276052176861e-01,5.994017648307685686e-01,8.691083813653754930e-01,6.826762301119471132e-01,6.417989398845922455e-01,8.309734810517180881e-01,6.466367720379908590e-01,9.390954920692791141e-01,9.291165567846334516e-01,6.606700618578934536e-01,7.082395344152975225e-01,7.708306241725267904e-01,4.666499961368258953e-01,7.844565332802682089e-01,1.694607500923581700e-01,7.790849225122361554e-01,9.898097636501267393e-01,4.237312372941277883e-02,4.366937129139481510e-01,8.149056515605023199e-01,2.697024344240943061e-01,3.633310956396382796e-01,7.436727997894879705e-01,6.678104315001910374e-01,8.344099668052977758e-01,7.677618713467467826e-01,6.742938291452975630e-01,6.890707491394689743e-01,4.967570249505920410e-01,7.096140748115188357e-01,2.071954374916890051e-01,5.015928655829122729e-01,8.773572877881136156e-01,6.333542683506772075e-01,5.713627771608625894e-01,8.996646594481870762e-01,1.435611964814147504e-02,3.981952171952868880e-01,8.272006974790261369e-01,7.355667628711191064e-01,9.564839354539840244e-01,9.807467091065060760e-01,6.235296289266497594e-01
7.309051599859130999e-01,8.739303061871703804e-01,9.479797129324264437e-01,0.000000000000000000e+00,6.163180056342122404e-01,9.018196696766565823e-02,7.798194353954090996e-01,9.559974905798009903e-01,7.227393066172219660e-01,7.258388100878107041e-01,1.850309107257328556e-01,8.537342514086727618e-01,4.152518761768478894e-01,4.628990729929411407e-01,3.505801111504367462e-01,4.164735918702175965e-01,4.250486997325162997e-01,-1.279921102864543803e-01,4.147849660385860560e-01,9.575800822908967502e-01,9.035492756451539709e-01,7.561474133489742844e-01,7.749272821200389183e-01,7.400232597854182748e-01,3.823366814437395567e-01,6.081653544463768712e-01,3.583916820783111801e-01,7.569956784832240215e-01,2.142024414426939305e-01,2.833574416378261684e-01,3.606535269006798661e-01,7.000985171990292688e-01,9.757027666675350819e-01,8.469909304893179502e-01,8.082358336627009088e-01,5.168433749586093251e-01,3.564565987046022233e-01,2.905336681398402732e-01,6.893115852310179870e-01,9.889136554597346418e-01,4.688464495073763061e-01,8.610351832998801580e-01,9.777512347068191279e-01,9.901571652766903986e-01,8.515612824001770331e-01,2.497606405824001063e-01,6.884642919545199691e-01,1.850909834804743970e-01,4.676664470333379287e-01,9.707940956019434076e-01,5.061357055226280988e-01,5.847633985265756618e-01,9.312811880689569888e-01,8.861968038058158914e-01,8.729591321185765640e-01,6.359632657529359356e-01,8.866045142601168827e-01,5.205731538512878842e-01,3.032358731161888254e-02,6.899517129487102718e-01,3.948471543801441719e-01,5.675353357611641059e-01,4.094610359160748003e-01,7.911712636057839365e-01,6.446004515003567192e-01,4.690531358918447191e-01,7.511044561921274010e-01,6.160674618001498182e-01,4.647145480436406517e-01,5.485078136668164461e-01,1.493960891109654965e-01,2.086271637488957276e-01,3.505792536442781104e-01,5.996696438070190371e-01,3.800321743468225710e-01,9.491368744071378982e-01,9.112581405947557389e-01,9.954765824476035085e-01,7.192378953288718346e-01,5.180811282423243291e-01,9.129778891025528420e-01,3.440968071923766747e-01,4.133137100449315038e-01,1.648521640230723451e-01,9.920891922744454750e-01
8.490652482544708279e-01,6.020211658656160481e-01,9.985057909375468777e-01,6.163180056342122404e-01,0.000000000000000000e+00,8.411843364865209116e-01,5.692028811124920651e-01,4.038695190553752701e-01,7.155158222765551912e-01,6.689525222095621393e-01,7.848067004817600445e-01,6.132807649204590206e-01,9.109867141327981921e-01,6.431597320513662286e-01,2.471670921545928157e-01,9.543551296134060724e-01,8.243736585249581417e-01,6.693955375012573539e-01,5.188669710538889035e-01,7.453403942395153692e-01,5.383211991323338941e-01,7.863127492969739230e-01,7.645660778060011653e-01,7.218421122837805903e-01,6.233087344610990232e-01,5.357590027138675604e-01,2.144994863334079988e-02,2.437345550083100942e-01,4.517019493484442094e-01,3.596798204977211810e-01,4.372471172414494900e-01,4.569982099106998930e-01,6.036524398321296836e-01,4.302482546132064822e-01,4.746155971911445448e-01,3.778698696448936634e-01,1.022375681851251938e-01,6.542286368235239458e-01,4.428989786408574214e-01,2.856193459751018016e-01,3.020777124892375931e-01,3.619793395919428947e-01,8.615146780256346393e-01,1.729917234683810146e-01,7.944005946777392690e-01,4.247553000160879111e-01,6.093796475904510457e-01,6.466587060500087469e-01,8.441622183774489738e-03,7.425932689509455731e-01,4.947276484027420818e-01,6.565585961900017864e-01,7.747914530388727572e-01,6.906687818788618261e-01,6.130848316822772315e-01,8.648459317989813933e-01,9.024518072776257505e-01,1.830745332686699589e-01,6.324028796603619051e-01,3.936340528038386744e-01,3.979930881450622904e-01,5.477374500291265491e-01,6.380797743379802434e-01,7.496614113379996835e-01,6.887969357609539101e-01,6.154778686750801420e-01,4.098260915012280070e-01,7.266656506655780889e-01,6.274093430269855887e-01,8.730619069213689798e-01,6.666187177558340338e-01,4.757161580769303511e-01,6.548361528034851720e-01,-3.153686520044169939e-01,5.815222624686180453e-01,9.101261731960025303e-01,8.531935391830298698e-01,5.520334482880968618e-01,2.194679069985071840e-01,8.494301995017650153e-02,4.181860548270121929e-03,8.801453210368633817e-01,9.065936891842362177e-01,1.961480589986519529e-01,4.851525608425479308e-01
4.491838987136753114e-01,8.039185350620936532e-01,7.499810968042961434e-01,9.018196696766565823e-02,8.411843364865209116e-01,0.000000000000000000e+00,7.683735851247771587e-01,6.218015462531323312e-01,8.344761334535822916e-01,4.633848758499808373e-01,5.028899215168823877e-01,1.543636454498197863e-01,8.742780535848165835e-01,9.382101391576446181e-01,2.497657912121032109e-01,5.263272938066997364e-01,9.990896560152194850e-01,6.131298448007824753e-01,9.040545011613366766e-01,4.793443901196087209e-01,4.088811603641084313e-01,2.172235368061049554e-01,2.932554048768981625e-01,9.617586751606579387e-01,4.296934216596722256e-01,9.869931896115342607e-01,7.294698625188191787e-01,6.383492239334517260e-01,2.007408777848197490e-01,3.951507349703168304e-01,5.464651281699639540e-01,5.624041851428416283e-01,4.951194138626514585e-01,2.253959178907310179e-01,6.251341320745285035e-01,5.995415789413554436e-02,2.405958824299732624e-01,6.471299609734362246e-01,6.338292020670968085e-01,8.036441244364173064e-01,6.537746255522185468e-01,6.808122569755942211e-01,1.371041358174251712e-01,2.440039118172501464e-01,7.183734795787684035e-01,6.168009326769825496e-01,5.465026709109624958e-01,2.708411914252779606e-01,4.833349924806535358e-01,4.951687520655288083e-02,2.023647636569672267e-02,6.029483338310597240e-01,5.167892536854304941e-01,7.249400116389508320e-01,7.945860758217198061e-01,7.541027320000033285e-01,7.617771162161546261e-01,7.429774985647487062e-01,4.666579959011509793e-01,2.350808713465821903e-02,3.392377387022437185e-01,2.808062153568194330e-01,5.812509045884102221e-01,8.481849995210370974e-01,5.855189949130205074e-01,3.401032647924757679e-01,7.143642230161141304e-01,9.719120870372616183e-02,6.691825356676315284e-01,6.179477745305103076e-01,7.548880056751592349e-01,7.457853151530297042e-01,5.044156304586405737e-01,2.591309884359238036e-01,8.948439859196576363e-01,7.484415312666700126e-01,3.496867399015131106e-01,7.402475681869191693e-02,4.623421888561033977e-01,2.876594323678871579e-01,4.136224056511427771e-01,7.030041789944937447e-01,4.672350883293864832e-01,5.778995951643112194e-01,4.996631546855349049e-01
5.410908016012639932e-01,4.478105100706621378e-01,7.702217381858160739e-01,7.798194353954090996e-01,5.692028811124920651e-01,7.683735851247771587e-01,0.000000000000000000e+00,5.664790093496653300e-01,4.000647878538055036e-01,3.769497301334233663e-01,2.495898223079213440e-01,3.942517721671583986e-01,5.299491765633546070e-01,5.148493562541145430e-01,6.493518408778731210e-01,5.303028568026035838e-01,4.194141290558864865e-01,5.813614189123967879e-01,2.773841323982810247e-01,8.306478980759376407e-01,8.999181924386348008e-01,6.041320671891744487e-01,1.114871871772080275e-01,4.722038986561437612e-01,5.446381682037780836e-01,4.765296637225925336e-01,4.154320900233903768e-01,3.310083344718887099e-01,5.810383719238518818e-01,5.453110544601721399e-01,2.185811370775175289e-01,6.408067263091649091e-01,4.347894123353326368e-01,3.605258168478205905e-01,9.958426221547923562e-01,4.976390440142371419e-01,5.784810830880742216e-01,-1.519607951595133843e-02,5.951719030177768932e-01,5.457034357332442021e-01,5.219518727957174198e-01,7.376851326972322723e-03,8.262836489831913989e-01,3.136563016775864576e-01,4.539206711094164737e-01,7.366066835840089366e-01,4.668896268270029126e-01,2.918166358494744816e-01,2.520803115191451171e-01,7.860315367244281592e-01,7.645442714254506722e-01,3.849283018374609622e-01,3.206251099619633615e-01,4.705134791933380245e-01,9.740912557226620860e-01,4.458334274440837741e-01,2.343354414790774498e-01,2.207643081776776428e-01,6.582455263388837796e-01,-1.939180561811773562e-01,2.449325707212251235e-01,6.748173426880986758e-01,4.301551635990741307e-02,5.877853541313149410e-01,7.098976605295885811e-01,5.889202248404200590e-01,7.970211905976213318e-01,2.020652786599761719e-01,5.305709117867716401e-02,4.627383798612223487e-01,6.152639588039429119e-01,6.444881823814305744e-01,2.785280459626217620e-01,1.500848898616933547e-01,6.205389916710234433e-01,7.690098071214805930e-01,4.518042606770805159e-01,4.050526119731290842e-01,4.709889649062385386e-01,1.397305838646977494e-01,5.309140317087523986e-01,5.378020387733499774e-01,2.503708711385587149e-01,2.732929083954653282e-01,4.038216108276289074e-01
9.023643198102553331e-01,4.470083388654850221e-01,6.648992681490887291e-01,9.559974905798009903e-01,4.038695190553752701e-01,6.218015462531323312e-01,5.664790093496653300e-01,0.000000000000000000e+00,3.952613664764996204e-01,5.272596126453918952e-01,7.185130624752552597e-01,4.010033143699308633e-01,3.468377054064560872e-01,6.700717389984185424e-01,3.393046368033544868e-01,6.142488187457380011e-01,8.718384152790130681e-01,5.401254176137133545e-01,7.222740371952688365e-01,9.097710902222287954e-01,4.950896875617065152e-01,1.016218946577439192e-01,3.723139942264917512e-01,9.097006820829002249e-01,5.050928519419987106e-01,1.211806701440538807e-02,2.690264868454239067e-01,5.605244390597469151e-01,6.211720112276620798e-01,6.668881301233587910e-01,5.678826792150841740e-01,7.977692669690926719e-01,4.633331212694824508e-01,6.771778881161411023e-01,1.071852321918447329e-02,4.145779627263824207e-01,2.728800813205926601e-01,3.597632272286327426e-01,7.886350832767203833e-01,6.689193438297422745e-01,2.367825465490683567e-01,1.770996672952089845e-01,6.513522412731354017e-01,6.933811939226934840e-01,3.866161420086663414e-01,6.316141522120978236e-01,4.954389789126421029e-01,4.848405710273768765e-01,5.867837782260547641e-01,5.420101849584163523e-01,2.902821832423379544e-01,5.869633460517524881e-01,6.553835405710868312e-01,7.458370711504602735e-01,6.330165731340520185e-01,6.171687329454648152e-01,5.639043019783336330e-01,9.775025790668721015e-01,6.539697907690702472e-01,3.271865994931210664e-01,5.912320200551850480e-01,6.240990370884501592e-01,7.995473801901371580e-01,2.606365413060621750e-01,8.294830693753920681e-01,6.430412340782536429e-01,5.323764585965559126e-01,6.405579135254658718e-01,6.916850118662053459e-01,1.026704261077821534e-01,5.482718268422498431e-01,8.917964537403736403e-01,2.933718742213136180e-02,-1.912629276999516792e-01,4.852116895117874473e-01,3.350383934535027253e-01,2.541357261190644312e-01,2.306279289867561588e-01,3.893839094161875014e-01,4.857980827530167245e-01,4.346216716962540416e-01,9.596358660575278199e-01,6.914795696193490881e-01,-1.212113538151949887e-01,5.449866834464587306e-01
4.490730102734233342e-01,4.262305179079163842e-01,7.197155466471010232e-01,7.227393066172219660e-01,7.155158222765551912e-01,8.344761334535822916e-01,4.000647878538055036e-01,3.952613664764996204e-01,0.000000000000000000e+00,7.916556545108247578e-01,-1.485970392229830073e-01,6.822652250000780239e-01,2.901870002525284153e-01,8.891343134437805773e-01,2.976362207960152606e-01,7.442918590747108487e-01,6.532798576065201868e-01,5.817265329791742046e-01,2.360114378995969986e-01,9.053752978653368810e-01,5.433154641116928474e-01,7.247271849072188799e-01,3.052355201920560202e-01,7.436335287414155282e-01,2.004448051739401992e-01,7.469216384718559976e-01,8.366754408796712728e-01,3.995129072009402371e-01,2.591805545657936971e-01,-5.433404530967964052e-02,-3.485599992114496448e-02,5.209192519039089753e-01,6.652346162468119051e-01,7.130959141673282042e-01,6.621118763145471542e-01,-2.510265636081632223e-02,4.132272759461496081e-01,4.214141418542697304e-01,6.173671344077579226e-01,5.812542560101667810e-01,2.923197164664175229e-01,4.732561518233110998e-01,7.947089566577820730e-01,9.817617776573193122e-01,6.040204172468270905e-01,8.020949667323605814e-01,4.387863060669531245e-01,7.050130936489494848e-01,5.667113313301035404e-01,2.661262293789012912e-01,7.048748707667298330e-01,4.141255852856861042e-01,4.562651419795437091e-01,2.828755600391477110e-01,9.689247989088868307e-01,6.670357866337095487e-01,2.727389454299206650e-01,4.699919466049545802e-01,7.023300884659804399e-01,4.727143308330500893e-01,2.624423152369431689e-01,7.543810988212078517e-01,4.264340543616335077e-01,7.830423570490966378e-01,9.296473156163878038e-01,7.994332255893612516e-01,6.679147768259036111e-01,7.163193115532012767e-01,5.133987915024657012e-01,6.405192248590252380e-01,1.373284315079537354e-01,5.203768777858600036e-02,3.386084371086746092e-01,2.633038835570675751e-01,3.537233843828028190e-01,4.739052484529829856e-01,9.507740417040850822e-01,4.603053593267665278e-01,1.589623564690544888e-01,3.943257327331848305e-01,9.309709775365258844e-02,4.347136091411384351e-01,4.016519633467350858e-01,7.060899184767905901e-01,4.160861922177474526e-01
6.756287229069479761e-01,6.578588600325554481e-01,8.384705200739510644e-01,7.258388100878107041e-01,6.689525222095621393e-01,4.633848758499808373e-01,3.769497301334233663e-01,5.272596126453918952e-01,7.916556545108247578e-01,0.000000000000000000e+00,5.341735493055932427e-01,7.960568862706031146e-01,4.208589979324783847e-01,5.084653481350536602e-02,5.952279808425169350e-01,2.294162932888484385e-01,7.126203754070367102e-01,5.435456017728699241e-01,5.888522091999550678e-01,4.818641943365598590e-01,9.435625700548196937e-01,2.479678943452912065e-01,9.498239705481916761e-01,3.448566848167716747e-01,4.031087017780640713e-01,9.670910153488125882e-01,7.661044940084081600e-02,4.541644146563992290e-01,3.398931135699869571e-02,1.411010083495412015e-01,2.305065131797451317e-01,7.478291317329353038e-01,8.851718614260359885e-01,7.838647371934633901e-01,2.598484900557553323e-01,2.451431738379949710e-01,4.283626033829174284e-01,-8.730152627358153672e-02,2.144034815191440679e-01,4.499853739302908662e-01,1.507066672288648324e-01,6.680987501623991687e-01,7.527235806797166751e-01,7.541879547440588985e-03,8.505528350522608694e-01,4.701462046757323154e-01,6.475818394388419552e-01,6.666593644917424566e-01,5.691140153025622261e-01,3.041313952531500830e-01,6.503043806327671872e-01,7.170760185081720417e-01,7.711784806205406184e-01,5.057353045341865805e-01,6.922880847756675005e-01,6.346756933921574584e-01,4.116835758925781463e-01,-8.463032452454349874e-02,6.913172158235733056e-01,5.540560602462405448e-01,5.007224881216647550e-01,7.270630011829127236e-03,2.016112050718018300e-01,6.653400100250630445e-01,7.880651996696748096e-01,4.055010556810493827e-01,5.429369017519819485e-01,7.193572362687775668e-01,3.792874269870459836e-01,7.356695651589471030e-01,6.012486273991783925e-01,6.484616557229998524e-01,5.091679557990140825e-01,4.130426600266828840e-01,4.843943694519887988e-02,8.588236682701999580e-01,7.666282989528849789e-01,3.459994120802998285e-01,6.347558369635567521e-01,-8.643115518724431290e-03,4.104798834716471001e-01,9.070009904600123685e-01,4.047136841413238595e-01,1.092690968541350054e-02,5.823406704352761531e-01
6.655222503921225385e-01,7.813018214850051546e-01,4.085632016811856504e-01,1.850309107257328556e-01,7.848067004817600445e-01,5.028899215168823877e-01,2.495898223079213440e-01,7.185130624752552597e-01,-1.485970392229830073e-01,5.341735493055932427e-01,0.000000000000000000e+00,7.522445655176972501e-01,6.717868456919549036e-01,6.830048305905233041e-01,4.197126122927011260e-01,9.631705776386578766e-01,5.900750007964949972e-01,7.611530834084704322e-01,6.486096590518853899e-01,7.755934507807241696e-01,3.697819591129939965e-01,7.314237866130728349e-01,8.352801604895211396e-01,2.895438864271943635e-01,5.405857617135121362e-01,8.110179081885597885e-01,8.185172404910864286e-01,4.868355500928258084e-01,2.596150884411758120e-01,5.705377743963906401e-01,3.941915391620798292e-02,7.296190241843959479e-01,3.428191558131028494e-01,4.357821438266638037e-01,5.786133845801786357e-01,4.214099072164152471e-01,6.992684863021904063e-01,6.265854089384901293e-01,5.866635781959367302e-01,5.008462635019873543e-01,5.302298716590858607e-01,5.419357383804370709e-01,4.119046649908332802e-01,6.687906503561138472e-01,2.305258229291773930e-01,5.376631618755921549e-01,6.894658016740952133e-01,9.267019400885332381e-01,8.932664186125770511e-01,7.075893675367838087e-01,4.765350724036458985e-01,7.350375697004224440e-01,5.609942251903470289e-01,6.948714759080071302e-01,6.476927262818937825e-01,2.804769194043485459e-01,8.750446050579884227e-01,2.124419815437794956e-01,7.665809106123027128e-01,5.579091472427755161e-01,5.283820268204776349e-01,7.591072617872673955e-01,7.554357275019660811e-01,5.827565337311461091e-01,7.739066773041030078e-01,2.417446484818475683e-01,4.932403168296165541e-01,9.402159151495436129e-01,7.307666684378705257e-01,7.600046031580314221e-01,7.261343379176050661e-01,5.111893727249701147e-01,5.878629535158595015e-02,5.248791093921777451e-01,5.477214817164730576e-01,-8.876143237335289149e-02,8.487791856764557163e-01,3.943303613827933707e-01,5.851253518051846569e-01,5.651396487199766838e-01,6.607109901915600991e-01,8.044409313770316539e-01,7.149299976663683331e-01,5.399339529631379531e-01,8.961709935192080367e-01
8.065378878553925990e-01,7.036878154414825115e-01,9.292068791720171639e-01,8.537342514086727618e-01,6.132807649204590206e-01,1.543636454498197863e-01,3.942517721671583986e-01,4.010033143699308633e-01,6.822652250000780239e-01,7.960568862706031146e-01,7.522445655176972501e-01,0.000000000000000000e+00,6.285056329824901811e-01,9.138960684588441907e-01,4.710042135738051750e-01,2.963697974499526766e-01,8.652904930325859834e-01,4.491488394754254432e-01,4.917266552641225696e-01,7.104848776884326034e-01,9.832274379161225486e-01,5.829977880877513785e-01,5.068502966155572498e-01,7.468937137100168933e-01,5.960549126892160654e-01,7.466590043342054006e-01,7.650016920108069218e-01,4.174360190845398111e-01,5.341412311024862358e-01,5.351077275935494093e-01,4.971190159522982932e-01,7.205408115637511601e-01,3.022604964544821637e-01,6.867032890873780993e-01,7.227085552816873149e-01,4.068584719290933016e-01,5.828302044235270651e-01,-6.143156419019818459e-02,5.829978764337635511e-01,6.775338698309584240e-01,6.074884629825976212e-01,5.316669880212328003e-01,4.352524429783458659e-01,7.768669874457265756e-01,9.047248373359554341e-01,6.688181946078116669e-01,7.703367181271607578e-01,8.847688672431127666e-01,3.411913694485630977e-01,5.967298219569053819e-01,7.131821385533766433e-01,4.551239849979449859e-01,6.071649635356232144e-01,9.278282345689659039e-01,6.371768501851180488e-01,1.322269808166854632e-01,8.026759654400853483e-01,2.380916788190324540e-01,7.092143862119519859e-01,2.623423632582018161e-01,4.787226102208433365e-01,5.968548499539138019e-01,9.576761628684770100e-01,9.931701950817690694e-01,8.879046576532839685e-01,5.462611029911447202e-01,7.376674367655468023e-01,7.409849954688825235e-01,2.917846093182852596e-01,6.581767521382585473e-01,5.658519267864736690e-01,2.971820434704374736e-01,2.079964389075599773e-01,5.478421831256109487e-01,7.088189107328350946e-01,2.260740420853680765e-01,7.624826913502743553e-01,6.271984100793481787e-01,-1.640334771561951788e-01,7.633581578364700970e-01,3.184532048583121888e-01,4.888513803431872584e-01,4.414988908868459072e-01,7.592903547464502356e-02,8.316738479751749624e-01
5.763868005847413434e-01,8.056331353452189648e-01,6.959674212432798157e-01,4.152518761768478894e-01,9.109867141327981921e-01,8.742780535848165835e-01,5.299491765633546070e-01,3.468377054064560872e-01,2.901870002525284153e-01,4.208589979324783847e-01,6.717868456919549036e-01,6.285056329824901811e-01,0.000000000000000000e+00,8.179943405439614734e-01,7.854088688732894230e-01,7.464799803472332851e-01,8.405045973167410978e-01,4.562478376432171356e-01,9.233601194129099632e-01,4.363742572233193506e-01,4.291281256687300427e-01,4.525373231707540689e-01,6.514138156661773982e-01,9.324936194017183766e-01,4.119312871938554110e-01,4.365988295570505384e-01,5.603897353435505213e-01,7.721515463368825438e-01,2.389399311110501078e-01,4.255390288217811290e-01,6.800495040903358213e-01,4.987091715171871331e-01,7.976259371153293642e-01,6.221529899276851960e-01,5.621957362777710854e-01,-1.600364435461265888e-01,5.876134518661910722e-01,8.698878057421747245e-01,7.303819512270761649e-01,6.654310785787582727e-01,2.289650799822474103e-01,6.874252717397464352e-01,5.017610776234101566e-01,6.395971925485435250e-01,9.562744396253159973e-01,4.697705813116860862e-01,5.895642658486237586e-01,5.651095942820490992e-01,5.342795849710297862e-01,7.112888535000837509e-01,3.972917716168926638e-01,6.136319914292768241e-01,7.487082687135508952e-01,5.410562381372657770e-01,6.567060833473401527e-01,6.880987039802508587e-01,6.190093780939399659e-01,9.935283304044364439e-01,8.609892882353828991e-01,1.852506656455592537e-01,7.102599565926293046e-01,8.334042937088853575e-01,7.673914316132364188e-01,9.818819264665716862e-01,8.029068836896599004e-01,8.921823948390462666e-01,8.001439287579841242e-01,5.442026495469449721e-01,7.890093421355928172e-01,7.793591965715125358e-01,5.247615294498890748e-01,7.854215533763438950e-01,6.884281642665280865e-01,3.566590624790509922e-01,6.560926287116414235e-01,4.567112485217305617e-01,3.202806649702191200e-01,6.360792530151780921e-01,-1.647392078260556669e-02,2.344089302104368222e-01,1.367776261046873588e-02,9.353565666689216407e-01,6.937429085518477256e-01,4.905852277702791864e-01,8.045769371986054574e-01
8.415335011904659934e-01,7.486146153543085102e-01,7.936407874062418877e-01,4.628990729929411407e-01,6.431597320513662286e-01,9.382101391576446181e-01,5.148493562541145430e-01,6.700717389984185424e-01,8.891343134437805773e-01,5.084653481350536602e-02,6.830048305905233041e-01,9.138960684588441907e-01,8.179943405439614734e-01,0.000000000000000000e+00,8.416581023338556289e-01,6.745691511576095145e-01,7.668037865303662937e-01,9.033761799470636511e-01,8.197894953613041880e-01,9.812055482210857438e-01,9.878366850587828596e-01,8.970517692072117466e-01,9.934409227166864920e-01,9.410222079618684177e-01,5.084941372131768222e-01,7.149939298916798691e-01,3.057612754601314320e-01,5.238836312853765165e-01,5.605686085928152096e-01,5.019191095273431991e-01,3.019912939476658287e-01,5.802990775812453261e-01,7.671491278201670871e-01,9.460179410957756385e-01,6.307261582754912776e-01,1.037923513130114550e-01,6.527060282567802574e-01,5.132923257098406244e-01,8.553352962798336234e-01,8.326327018525316870e-01,2.313106582967822678e-01,6.494163989200327780e-01,6.062357115913221683e-01,8.578616360814941277e-01,8.706722825752774009e-01,8.854014286679999790e-01,7.842443841363313517e-01,7.669565061096876857e-01,1.304633776988345928e-01,6.592888557633049817e-01,5.667773339231739760e-01,6.569013220710354650e-01,5.919607170708087729e-01,9.245517891147568834e-01,5.976254237216265253e-01,8.516738453976474554e-01,8.965696093733661609e-01,7.931528750029538388e-01,6.182129893338236259e-01,2.534860476730332324e-01,7.963268907346323644e-01,7.793177220587550469e-01,5.390715177104690170e-01,6.375934997684193917e-01,3.266514857372974645e-01,4.258699811033351268e-01,7.197234648319710271e-01,8.295519916150910777e-01,3.982221493312135818e-01,5.441747617189862662e-01,5.205935087844033582e-01,4.346203544240583305e-01,5.971478728486185883e-01,4.733885052749687850e-01,5.364705250118083635e-01,7.660148854585524525e-01,9.020421912455528490e-01,7.306920600917661268e-01,3.923135816341474236e-01,1.898457246113898766e-01,5.477973669930716882e-01,4.098381213254460032e-01,7.335264356197953584e-01,-7.272218305246219705e-02,7.017531764707111153e-01
9.078644828786790466e-01,4.728687985440016561e-01,7.100835804123306616e-01,3.505801111504367462e-01,2.471670921545928157e-01,2.497657912121032109e-01,6.493518408778731210e-01,3.393046368033544868e-01,2.976362207960152606e-01,5.952279808425169350e-01,4.197126122927011260e-01,4.710042135738051750e-01,7.854088688732894230e-01,8.416581023338556289e-01,0.000000000000000000e+00,2.989215949679493445e-01,8.625584520762680230e-01,5.968791994355704400e-01,6.109279820520978621e-01,7.204716245753858272e-01,9.947825573712476555e-01,7.866232514760576056e-01,6.071433855983821015e-01,7.176154887508824354e-01,4.618760655638832202e-01,6.637711237202043035e-01,8.569197529395649049e-01,6.905463803149829438e-01,5.569376069461304812e-01,2.714743979723736045e-01,4.295088254483148127e-01,3.806410101285469250e-02,4.469235062212125742e-01,5.397659719561733738e-01,7.788047398822359746e-01,6.430116375267654893e-01,5.438824692629410373e-01,5.823455058890861791e-01,6.469851308377935206e-01,6.933396718929493163e-01,6.378832776650917857e-01,4.890276165731880509e-01,7.252475004013229087e-01,7.469294780756584595e-01,2.516004736753019166e-01,2.675519431373728496e-01,6.480647156459227176e-01,-1.635235362628754685e-01,4.866353370932550715e-01,4.626568501950263368e-01,4.863690892392427689e-01,6.548478314276682255e-01,4.338239161671699762e-01,7.348352792778869436e-01,7.448835694330575574e-01,5.911951616857449299e-01,6.739114436362195759e-01,2.017730051555636506e-01,6.734067600602247072e-01,2.786953025116824523e-01,4.133062825960490128e-01,4.309649507752143505e-01,-9.926288348481915325e-02,3.394894424304755187e-01,9.043986690309042675e-01,6.375067839651082924e-01,2.457773271012057559e-01,7.550986860427875147e-01,6.637660863200141037e-01,7.177523718548137754e-01,4.197687574910228259e-01,7.024438187622754626e-01,6.912589849390706753e-01,7.051371100532999314e-01,5.131633996796366448e-01,5.250819158977376722e-01,5.927109135336694479e-01,2.181082813381546581e-01,2.339320915511559629e-01,5.724868952534334365e-01,1.182312165453231201e-01,6.158208245450093044e-01,9.842880775944465865e-01,4.768557805692454354e-01,5.955094788358250568e-01
7.069052466403386026e-01,7.127510297635780701e-01,5.207563456538097935e-01,4.164735918702175965e-01,9.543551296134060724e-01,5.263272938066997364e-01,5.303028568026035838e-01,6.142488187457380011e-01,7.442918590747108487e-01,2.294162932888484385e-01,9.631705776386578766e-01,2.963697974499526766e-01,7.464799803472332851e-01,6.745691511576095145e-01,2.989215949679493445e-01,0.000000000000000000e+00,7.499327276708371848e-01,6.238491806252958183e-01,3.765225901632330840e-01,9.357662671710991198e-01,3.532785331550614694e-01,8.433658945760831305e-01,7.381340402064880957e-01,8.799553537339240838e-01,4.099182845228144245e-01,9.427263776986707366e-01,6.195918850508861375e-01,7.487472840446909861e-02,2.006117976464033559e-01,3.790088414358585567e-01,5.679935816108628854e-01,9.054204366153167927e-01,8.084058621548856349e-01,5.063820985323951307e-01,2.649595257025446626e-01,5.406634946953923215e-01,3.539367236010872442e-01,1.324359232894100347e-01,4.434518120883358949e-01,9.596449988350292948e-01,7.386224056120045400e-01,3.030579102868168340e-01,2.542995065396866927e-01,2.120865319536821836e-01,9.934713256866154474e-01,6.963589087680954748e-02,5.718701775852302882e-01,6.422233583147514135e-01,7.392935892257546104e-01,9.011360553670429985e-01,2.150716333092145272e-01,6.282628138508414839e-01,4.336446790004290786e-01,8.427339091901343560e-01,6.619604835010661770e-01,5.326803850694089570e-01,3.377260863004626912e-01,7.176314891613356783e-01,7.123872701449680545e-01,4.027469840392494671e-01,3.151598279484377763e-01,6.429459121601366345e-01,7.934805569458585062e-01,6.656565568601745531e-01,6.390184708353602305e-01,7.030553891617602469e-01,5.763109937427900453e-01,8.818402870368238222e-01,3.140003773956240307e-01,4.623078653589531850e-01,6.024893335734048394e-01,1.491350944104675724e-01,3.713778006352517341e-02,4.489674676408451082e-01,4.443370315369994383e-01,6.685003918808920531e-01,6.633201097726119100e-01,7.883245829928956505e-01,1.533625894646003518e-01,1.340921041856841522e-01,2.827621224945798817e-01,9.362436268077677370e-01,5.020394572849429249e-01,4.264652443422171091e-01,2.415458372474008353e-01
6.868079704590179801e-01,6.191387297314956406e-01,6.841561847355190906e-01,4.250486997325162997e-01,8.243736585249581417e-01,9.990896560152194850e-01,4.194141290558864865e-01,8.718384152790130681e-01,6.532798576065201868e-01,7.126203754070367102e-01,5.900750007964949972e-01,8.652904930325859834e-01,8.405045973167410978e-01,7.668037865303662937e-01,8.625584520762680230e-01,7.499327276708371848e-01,0.000000000000000000e+00,9.876999432648461141e-01,7.990695759950423582e-01,8.529423689217281446e-01,8.681621011925524378e-01,8.332574740706251148e-01,9.231612408968422612e-01,3.987138059447087324e-01,8.773312988046435557e-01,7.125270383676922670e-01,5.316513594583187619e-01,7.614311564297541191e-01,3.438054038712644589e-01,4.748137349927646356e-01,3.694839490671859850e-02,8.796896625700820760e-01,9.985012668221531218e-01,6.244438413738717664e-01,9.416596671874055691e-01,3.282205776300527456e-01,3.286889110245963530e-01,4.722378481154778096e-01,7.447401102073724077e-01,6.161974717829682424e-01,4.648648031504191147e-01,9.697341232521320409e-01,6.382657902324347932e-01,1.148143357641659978e-01,6.699632661478683859e-01,8.203052416612369724e-01,6.775526732653975870e-01,6.564786717927969528e-01,4.987281495587215785e-01,5.143538755302694554e-01,6.798564023169998416e-01,-1.704336507421788660e-02,5.018215388845168601e-01,5.213906818862255044e-01,2.529933818268247925e-01,8.937891989961739281e-01,4.471674345146483542e-01,8.808016034534404959e-01,7.924655184507256589e-01,1.087318248946838595e-01,3.604313971016239737e-01,8.851948287076568667e-01,5.329817329510531110e-01,8.411784926828727027e-01,9.039793879540746202e-01,7.496344860338827187e-01,8.960098538612927266e-01,5.909566370075102215e-01,4.657357745578059038e-01,6.389994000478422809e-01,5.666871585295648606e-01,7.087835203582545374e-01,4.643114309802083284e-01,4.433925143352997478e-01,4.335600049216583596e-01,4.486523426210227150e-01,8.440805138379927630e-01,7.130319308664954114e-01,4.196845052900899375e-01,2.657569991835163625e-01,9.755369589273112929e-01,3.154835337578363319e-01,9.822919947117131345e-01,2.489764419795285344e-01,1.443352118483660351e-01
8.135840762109352031e-01,4.647050240326635606e-01,8.871935007345735924e-01,-1.279921102864543803e-01,6.693955375012573539e-01,6.131298448007824753e-01,5.813614189123967879e-01,5.401254176137133545e-01,5.817265329791742046e-01,5.435456017728699241e-01,7.611530834084704322e-01,4.491488394754254432e-01,4.562478376432171356e-01,9.033761799470636511e-01,5.968791994355704400e-01,6.238491806252958183e-01,9.876999432648461141e-01,0.000000000000000000e+00,6.336665820295018792e-01,9.160855740220927856e-01,5.574405004138887065e-01,4.655300613614791194e-01,6.314946279230615467e-01,7.491207722929231760e-01,5.930289260184115063e-01,9.477074368116438219e-01,9.698695188571668790e-01,4.382321333208518688e-01,5.412850189766569287e-01,3.156824303469386028e-01,5.651406837061305755e-01,3.173878463186095011e-01,3.002115844941883327e-01,3.477542577528832668e-01,6.853752700138792120e-01,4.271061752246205212e-01,5.899591564318298342e-01,6.665407980966547852e-01,6.773429580960442786e-01,2.285026777086847372e-01,7.371706858992729261e-01,4.276275824132362846e-01,9.846663694932291655e-01,6.754111204001436164e-01,9.118073918042318704e-01,9.706333502766943955e-01,7.058410648677180266e-01,8.861483896234636504e-01,2.876886538392052772e-01,5.761607608103689326e-01,7.210573572195255743e-01,7.685202821647376670e-01,7.073597262573072531e-01,7.201837182737332865e-01,8.126525118414124060e-01,5.753904234000408735e-01,5.386145486280051742e-01,7.348617324511801385e-01,8.489164122398773493e-01,2.646579801649492913e-01,5.029770667998010314e-01,5.056038824945175980e-01,6.917625124522666091e-01,5.404507261518920469e-01,7.752837182911578306e-01,6.203834168440663932e-01,8.960233657275830099e-01,8.903312008420813939e-01,7.088516982964870872e-01,3.161381155551562516e-01,8.843213243143499547e-01,5.797797387465983832e-01,3.751309062344699852e-01,5.593650173040688456e-01,1.068931967295329577e-01,4.308740741632809956e-01,3.576649914033731836e-02,6.775834945668968157e-01,1.673720644904538035e-01,-7.576344294971115723e-02,6.356901678674264922e-01,7.388438145535535240e-01,6.621652528433465967e-01,7.232307531445905102e-01,5.106568318172522991e-01
