0.000000000000000000e+00,7.618256005331383029e-01,9.101527934931523678e-01,7.300566213231921564e-01,3.583224553175039517e-01,7.822646994674543608e-01,3.989033737975435923e-01,9.104976367917606561e-01,4.544905311129770475e-01,9.805309339831938531e-02,7.827486016783639089e-01,6.924967901873778642e-01,8.316961027084089908e-01,9.253764443595120515e-01,7.154886141334686478e-01,6.465803081731932300e-01,6.879623742980722767e-01,5.935558347958213021e-01,9.441244586284056606e-01,9.569896097234288357e-01,4.762716952164389728e-01,5.322598566915259788e-01,2.450802506524424607e-01,8.735398881809774974e-01,2.481574954492667962e-01,8.586934593933894799e-01,6.228303050280268316e-01,7.661153573449435150e-01,2.480586145695795053e-01,2.045978393217744995e-01,4.665592188161294396e-01,2.949540477185708109e-01,9.667424878639314656e-01,6.550924204227620562e-01,7.891768622301119640e-01,5.511866853211787598e-01,2.595804690095988021e-01,8.397084279086071135e-01,3.094968144438204338e-01,6.753810231441413903e-01,5.171518071864724675e-01,6.261017813181274372e-01,7.171597190616187945e-01,6.935076370576025440e-01,8.774649568377825837e-01,4.119133522881427423e-01,8.912196856458043381e-01,5.071886921304195051e-01,3.911595263605400774e-01,5.332317299661644139e-01,9.450108064209604697e-01,6.815708348650867388e-01,6.641095916713091185e-01,5.235582832411735943e-01,4.004130181139775591e-01,7.604027334617168288e-01,2.865528450200342525e-01,3.237620572399524943e-01,7.251633253670681789e-01,1.541589499100606553e-01,4.546971174542506211e-01,9.405522551731522185e-01,4.872312061182347276e-01,5.036607302018816235e-01,-4.590970567125843282e-02,8.992685078286933864e-01,7.823870192336970231e-01,8.543153681274346933e-01,7.564414137802302207e-01,6.302418065898447441e-01,6.898917292850079708e-01,6.982404461268068019e-01,2.632552490550759683e-01,5.936667072125021427e-01,4.280004054774635969e-01,7.339869564768732868e-01,8.430937614672555647e-01,6.557497108264143115e-01,5.530439768344524998e-01,7.713608367560017554e-01,8.547557581284063177e-01,7.446838959623007792e-01,4.728744321908271431e-01,-7.694491396264468985e-02,4.371433861920650532e-01
7.618256005331383029e-01,0.000000000000000000e+00,4.836781272141286170e-01,4.369569094880247362e-01,6.511329263512161125e-01,8.959120167881027275e-01,3.061891135882948145e-01,4.172186965032365080e-01,1.128551280032894372e-01,8.031225826189689609e-01,2.304581392830300224e-01,5.987852300466820488e-01,6.604711279646325872e-01,6.410617636597739644e-01,6.198429861020625653e-01,9.679328338650163843e-01,8.463617865781472016e-01,6.157046540158473968e-01,5.065770245356584489e-01,7.465076353556711064e-01,9.414268190004997372e-01,5.205616387415485935e-01,5.585425488667268290e-01,8.964552853513022557e-01,5.294619018692644508e-01,2.179612017275005253e-01,6.097978198957498819e-01,3.677630526639337205e-01,2.911542331393784933e-01,2.317430180899808234e-01,1.116986329526324928e-01,6.434694170132025659e-02,7.685165089065317812e-01,6.079013812015312546e-01,2.002258389455970344e-01,4.899160002950107562e-01,5.430463078403895416e-01,4.147337145343514275e-01,1.225105843625249880e-01,7.320183572028710062e-01,3.610516248243506032e-01,3.893822330315754865e-01,6.669430568488919908e-01,4.373500568296072588e-01,6.944479613851599620e-01,5.155232498089149518e-01,9.285869111925617592e-01,6.275822794970952190e-01,-4.183556700580626231e-03,4.597607286690703066e-01,5.938471375525060658e-01,5.374341260046697905e-02,8.384141106688920431e-01,2.481241857985954646e-01,6.485816904308178144e-01,8.381150193687139094e-01,4.477557621186753489e-01,5.371976728463510042e-01,3.418598458728124845e-01,3.532853196765740611e-01,2.964583038140083948e-01,4.271497867424602912e-01,5.070892279625625054e-01,7.431306480780122126e-01,9.621460673254882412e-01,7.569625161138391345e-01,6.843537111325402877e-01,4.365043970554243202e-01,4.232877113585047923e-01,2.232389686706330589e-01,6.309966023693284187e-01,8.858031599779947474e-01,6.958227392982070381e-01,5.305497215289436408e-01,3.710701124673972950e-01,3.809672464571787348e-02,7.728957564899718857e-01,7.832242990785620584e-01,2.343578700325921749e-01,2.792004968668412856e-01,5.684476051170893607e-01,6.096266823922253941e-01,9.732705862983249689e-01,4.173182533465330524e-01,8.740003423365427793e-01
9.101527934931523678e-01,4.836781272141286170e-01,0.000000000000000000e+00,5.354100222302380363e-01,4.088288976551540110e-01,8.499556939190026084e-01,9.238910404427593814e-01,9.424281073946143561e-01,6.958178956150755656e-01,8.993698543281011260e-01,7.046052611074437033e-01,8.469469947109287133e-01,6.196060829384479884e-01,5.209417862475164140e-01,7.631261741619876915e-01,6.450416116712432979e-01,4.936912508592460891e-01,7.143336820124411846e-01,9.072978247874213809e-01,5.104546784438815932e-01,5.901415026784597728e-01,7.765587372441767888e-01,6.054109041749605735e-01,9.024371276808978992e-01,9.096349709452423715e-01,9.488647274032089296e-01,6.356503546616970590e-01,6.891909463687901916e-01,2.753936930317949505e-01,3.728573332938218132e-01,3.641119064275025186e-01,9.247272979076166521e-01,6.754299108251409223e-01,2.671053106702397373e-01,8.546168826450313283e-01,5.602767117605743641e-01,3.238303191336495968e-02,9.515498469966692241e-01,9.761399925944417300e-01,4.289013319027033533e-01,2.197827993134861546e-01,6.484629372835086780e-01,3.129543923715478737e-01,6.996530727221120793e-01,4.642089674051285142e-01,7.798806031081039203e-01,9.347614341636982793e-01,4.762854670953712843e-01,5.758503004138221248e-01,8.038377167147292557e-01,8.243928440444913130e-01,6.214282927685640390e-01,1.597472468524218647e-01,5.359600328742930575e-01,9.795441239763527097e-01,8.452332796815432703e-01,5.482521296385507448e-01,5.468996884309417217e-01,7.332349649223174337e-01,4.212212960200604761e-01,2.439907510952856740e-01,8.318367660383159112e-01,7.536005694012454237e-01,9.756364410901305906e-01,7.930772972028505841e-01,5.233977866696083447e-01,9.056945145245407502e-01,4.631216773168132517e-01,9.025340844048777011e-01,8.235506180821317024e-01,6.096807832994389775e-01,9.417520112436219559e-01,3.575330301305498226e-01,1.793784969928769457e-01,9.569503787528730321e-01,7.532585779672978932e-01,9.718244511839073674e-01,3.756717654486118607e-01,5.356536737664722159e-01,-8.770735406511113996e-02,8.822543637684676643e-01,4.669851434027193493e-01,6.754345248895136100e-01,7.741358595624704408e-01,9.798773809711850413e-01
7.300566213231921564e-01,4.369569094880247362e-01,5.354100222302380363e-01,0.000000000000000000e+00,6.493443216090700743e-01,5.917455400348069494e-01,5.622134788633722513e-01,3.771630279149817966e-01,5.346625618055400597e-01,6.959049409650515106e-01,5.776328688128199440e-01,6.136271527028559492e-01,7.423304796248696436e-01,5.559835083570769942e-01,8.126728570768079196e-01,6.239396584013900959e-01,9.605852879653846710e-01,6.582512182347179941e-01,7.651431060837134979e-01,9.435221745160100593e-01,8.554287561926784411e-01,6.165680378960365360e-01,6.857520659455696999e-01,8.424502291779002380e-03,4.615999993968423198e-01,6.310763190963512015e-01,7.179258241731726331e-01,9.210659030963875837e-01,3.487134000079464835e-01,5.362078726012666774e-01,1.435239466259866370e-01,7.675209482141257533e-01,5.689027456529740512e-01,9.412155081078690255e-01,5.587171722092794113e-01,5.843677725800787703e-01,-4.923355481862046190e-02,2.694221891773940780e-01,7.137493691864869039e-01,4.241958091695499089e-01,2.438174318884984149e-01,9.556764863397023690e-01,9.124499651915912724e-01,8.676963838686964081e-01,8.897155893246810887e-01,5.765695593471651392e-01,9.709343825259812988e-01,6.866724571508580066e-01,2.920174027475496703e-01,6.559169471351973257e-01,7.551347928606361171e-01,2.673173939681650624e-01,9.631894329344533601e-01,6.001029829794696235e-01,7.911189784425283200e-01,6.699599909637369288e-01,6.684557408963347491e-01,9.559732496260423540e-01,5.565880776674950736e-01,5.037991064012432574e-01,7.879292587829560546e-01,9.470893441733124751e-01,7.950869750847808781e-01,9.212966939551754386e-01,6.128915283082384535e-01,4.233561662331895570e-01,7.667886092448934487e-01,6.927212215735099043e-01,7.284994671779643216e-01,6.546807226381403666e-01,5.532718916891747885e-01,7.626638374831639089e-01,2.602132157775183252e-01,4.478154389275453284e-01,7.480864058640035452e-01,9.106132302005212065e-01,5.421370809542681579e-01,7.570984398699550644e-01,4.029054290968521745e-01,2.152282662936314817e-01,7.181814560534893754e-01,8.473844173642463007e-01,3.385308721852328118e-01,6.261832841814611583e-02,3.515325091702237725e-01
3.583224553175039517e-01,6.511329263512161125e-01,4.088288976551540110e-01,6.493443216090700743e-01,0.000000000000000000e+00,4.367990019788792755e-01,3.744916316510310539e-01,2.820971488228556368e-01,3.073172473130519888e-01,4.035414396952856642e-01,9.514066551023200313e-01,4.342888055017718463e-01,1.699861669717795121e-01,4.870825658615501319e-01,7.261438134384046172e-01,8.719295603522687621e-01,5.051241165085699203e-01,5.911120328028733883e-01,7.603099929669591139e-01,3.265596976260251028e-01,7.344311244593116905e-01,8.839055820298519217e-01,6.356159146477293742e-01,9.520350542132220983e-01,4.847060843226085880e-01,5.972464162671689003e-01,9.129269130972158530e-01,4.218292473599053460e-01,7.053489785726885231e-01,-1.326735869580685234e-01,3.480878463987966409e-01,2.940074579827910983e-01,7.382659816089562899e-01,4.157697059318144275e-03,8.048571961209322057e-01,5.195031278688932996e-01,3.985049264651797651e-01,6.196546286831576822e-01,4.967505442945451821e-01,9.179521955118334908e-01,2.912029814201197997e-01,4.607661360698626085e-01,4.534575078868812170e-01,6.680384820683515912e-01,8.474250787804272766e-01,5.391358946841748878e-01,5.542881177566159057e-01,8.514885673825134393e-01,5.901381034268098347e-01,7.305812694738763602e-01,5.650953197316639365e-01,4.502999016638867813e-01,5.600768141098591002e-01,5.123597659581169417e-01,5.096726813959632230e-01,7.650351033182254401e-01,3.314528420856885926e-01,8.865089845853861839e-01,8.974869971793671963e-01,7.775917415388934328e-01,3.217974799987103340e-01,7.233779725653879389e-01,6.043420408281791056e-01,9.969724350260256163e-01,7.443151101405468539e-01,3.060846051883088226e-01,7.628152256082159077e-01,9.775981091567453873e-01,5.917198336815940873e-01,4.212097314416404226e-01,4.472242786786910229e-01,6.038919119684306169e-01,2.405000304389642019e-01,4.301922933844030128e-01,5.140671346487429849e-01,8.526404989718104899e-01,4.961354427029454617e-01,5.589943743621567096e-01,5.697471137800196317e-01,5.349738091601118350e-01,6.344504508851844804e-01,9.800697096474904058e-01,5.804233579016488953e-01,5.118761950957539941e-01,8.728991417531939412e-01
7.822646994674543608e-01,8.959120167881027275e-01,8.499556939190026084e-01,5.917455400348069494e-01,4.367990019788792755e-01,0.000000000000000000e+00,5.769485071340758608e-01,3.746611409869263776e-01,5.229348732714640402e-01,9.262011940801354593e-01,9.521948506326401995e-01,-1.488640340056675559e-01,4.205157076971273167e-01,7.744006324961374421e-01,1.120316328602139200e-01,4.497760412079158665e-01,7.566994246631367771e-01,5.450733463339344498e-01,4.753906271786771942e-01,9.263189992905210834e-01,9.084789242191964043e-01,6.316454651029456135e-01,5.907921985150980104e-01,7.815134246477605240e-01,4.869064034072851932e-01,8.797923443061308468e-01,4.774368028808353426e-01,7.829001533441133365e-01,5.370899619066235031e-01,2.363684539092145431e-01,4.190323754374554177e-01,4.966269331236808360e-01,7.930610430264247723e-01,6.706192946012907719e-01,3.851702547984146019e-01,2.126160313331151852e-01,4.946365732328703579e-01,6.862713244350514552e-01,7.907506994772656173e-01,5.319607743431360447e-01,-1.938462079891742351e-02,9.183299199466450347e-01,7.976721553513815843e-01,9.475945552012368100e-01,8.511805418691613667e-01,2.935871491142254541e-01,3.894465084166851554e-01,7.201573086338113328e-01,6.786811319543673005e-01,5.072137666915679244e-01,6.177042470809990249e-01,6.680306414470535969e-01,2.797620289781497238e-01,7.904089048206821566e-01,9.425543767011864693e-01,6.396805350343880425e-01,5.601663308590635326e-01,6.268051897513919890e-01,6.797311372151391140e-01,5.691552531596284492e-01,6.156787876065422660e-01,7.199425162876662565e-01,7.036255142485592362e-01,7.080333906683670131e-01,9.892752446128072474e-01,2.592207439768965949e-01,4.130153459343280375e-01,7.431840174980683944e-01,2.826740318772401617e-01,5.480306146925033595e-01,5.856126582393982316e-01,6.437652177486760108e-01,2.586316491752859159e-01,2.376509197688157493e-01,3.124747330212962471e-01,6.809031851912051847e-01,8.872463255152391870e-01,1.954043480744897254e-01,6.729256976477302477e-01,4.981138009612424700e-01,4.840568027978158216e-01,4.806507311673319238e-01,8.633130435576452655e-01,1.706782407704360849e-01,3.911530153939761223e-01
3.989033737975435923e-01,3.061891135882948145e-01,9.238910404427593814e-01,5.622134788633722513e-01,3.744916316510310539e-01,5.769485071340758608e-01,0.000000000000000000e+00,7.740223979188822767e-01,4.586312551943192428e-01,6.618980375569321062e-01,4.914907351162539073e-01,2.532367750521946625e-01,6.990452584499954325e-01,7.598640709965172324e-02,5.305690541557649409e-01,7.215111994991324496e-01,8.280152791541475210e-01,4.484796669379737533e-01,4.291131213949972434e-01,9.273023669115840750e-01,3.805054300369787867e-01,4.373506499543444170e-01,2.839748693397627921e-01,6.872093949242208399e-01,4.513560094460346561e-01,4.630033402450652313e-01,5.611899903765424913e-01,3.184143890090048723e-01,5.022135526669067040e-01,5.658535831827297136e-01,6.288632507234610536e-01,3.822358626280458749e-01,6.289401155747618155e-01,4.354933696653490172e-01,4.289168198190916326e-01,6.613025592228382044e-01,-1.788361339036316500e-01,4.596607779444463748e-01,5.040791071104784304e-01,7.063292772851335055e-01,3.187662765195737880e-01,6.740223210255074093e-01,8.347447132151678550e-01,4.731626779003649252e-01,7.421376303430105015e-01,7.186745305734565381e-01,7.700966447842916285e-01,4.584815839729144971e-01,3.426914005745746450e-01,7.073161418057460903e-01,4.427730580711553565e-01,6.547439381450563811e-01,6.755414718294601162e-01,6.559223478251359207e-01,6.259826863330723024e-01,2.330551316268889561e-01,2.051414314917165138e-01,4.812605095538993183e-01,7.790487808589280361e-01,1.083774467922216100e-02,4.835354628283438094e-01,5.835635894131718793e-01,7.666432488226730957e-01,7.300699116111185605e-01,4.453798464833318427e-01,3.058527804415676205e-02,5.652042008580502319e-01,6.366108990613145169e-01,7.999294111210717428e-01,4.070701015417416135e-01,3.170930178611853778e-01,3.281134649042258822e-01,2.590923920547231196e-01,5.087044305249257548e-01,5.593821490834082200e-01,7.949962586031594780e-01,6.303358743287446053e-01,3.463757013508568794e-01,5.547602426621131011e-01,6.733697313443414156e-01,7.215573143037692927e-02,5.973435622604106321e-01,5.857436318700920408e-01,2.293440304755097470e-01,6.804093860286142270e-01
9.104976367917606561e-01,4.172186965032365080e-01,9.424281073946143561e-01,3.771630279149817966e-01,2.820971488228556368e-01,3.746611409869263776e-01,7.740223979188822767e-01,0.000000000000000000e+00,8.072197265303885372e-01,5.688297024213141428e-01,6.336040551007126043e-01,5.766769894956386144e-01,9.328087352854588232e-01,7.490114906270413098e-01,7.213254982053216580e-01,1.935435229338108021e-01,6.482452497347263032e-01,6.132811761982922549e-01,1.518235207993959834e-01,7.482696492293435808e-01,6.660625312943059262e-01,3.740424365646320970e-01,2.502258281512881322e-01,4.567859183735885620e-01,4.133961378442258527e-01,-1.515887672348947834e-03,3.313828521503415780e-01,7.525569672867220561e-01,2.602477953147624978e-01,5.384176403905388542e-01,2.721245049470920607e-01,6.129698868492741148e-01,-1.191880435436267482e-01,5.851035370342964059e-01,6.794208783270563323e-01,5.521754862646615081e-01,4.933371135823690912e-01,4.150144322746477377e-01,8.056466231086619745e-01,5.639492424394160208e-01,1.183990885660596570e-01,9.803436895284852737e-01,7.001732988579627559e-01,-1.755893242528341891e-02,6.387899836783638152e-01,9.325083492876944380e-01,-1.631241297315171035e-01,2.024394395657981016e-01,9.624888640307840415e-01,8.744658261252882259e-01,6.156810099188728125e-02,6.637899227001030633e-01,5.546062027045147724e-01,4.379574443781569792e-01,5.384939802440886769e-01,7.317147249607063308e-01,3.651650149757756925e-01,6.689719370880096161e-01,6.152087511259523023e-01,4.194737088877021902e-01,4.938718573740469853e-01,4.939043435502213919e-01,4.046668216435304610e-01,9.659348100218940747e-01,4.842032502355569923e-01,3.225427206410789172e-01,7.929890882060982582e-01,8.675152593447961191e-01,6.922717631523460646e-01,2.051958338333793042e-01,4.028558815488175182e-01,5.260034903238433035e-01,1.401273324294198888e-02,4.782948092975375376e-01,2.937370167745463334e-01,4.457804022685078471e-01,4.695678353688386153e-01,1.872048158113059912e-01,5.377753708806827238e-01,1.376795074288152676e-01,4.988298750635875023e-01,6.854931665429848664e-01,7.934341183853648172e-01,5.317593639785516135e-01,3.147826840837826268e-01
4.544905311129770475e-01,1.128551280032894372e-01,6.958178956150755656e-01,5.346625618055400597e-01,3.073172473130519888e-01,5.229348732714640402e-01,4.586312551943192428e-01,8.072197265303885372e-01,0.000000000000000000e+00,4.696650416826979035e-01,3.273216061987664904e-01,4.750710122073002473e-01,6.149923243037894727e-01,5.444595843413051472e-01,6.795351816605542661e-01,5.721347815660196012e-01,9.283555260262881248e-01,4.200719372427574316e-01,6.770160027030213135e-01,6.399847703384203834e-01,6.512226260571162273e-01,3.376277614001319538e-01,4.619801815825692604e-01,5.779356397413648594e-01,7.170804607287947219e-01,7.483697139236475948e-01,8.843328722143110054e-01,1.470960797398149777e-01,3.569439418933281205e-01,7.370058245609174552e-01,5.306822113479636727e-01,6.208343519619722306e-01,6.989226420339279544e-01,7.816449725005804039e-01,5.224610175484201147e-01,2.443891714328792486e-01,3.494333376303557781e-01,7.818244547076260709e-01,8.695550909344060830e-01,5.339386894428377328e-01,-1.782465593128607639e-01,5.628258513754711423e-01,4.609503595250221686e-01,9.233561443652131828e-01,6.564902245533239533e-01,5.193082446810119990e-01,4.548824603627145691e-01,3.600691924662861032e-01,9.677829558673369803e-01,-5.808767520818663987e-02,5.692533615534383085e-01,3.340672135787399188e-01,5.179356954522792433e-01,7.729910076522727991e-01,7.273584639328313228e-01,9.494953029260979616e-01,4.091994151412839953e-01,5.017598743619294810e-01,9.874081622286741133e-01,7.084301603833667027e-01,5.466686896147310293e-01,5.140815696136953328e-01,3.338734538661264906e-01,5.071356499956215513e-01,7.563910751643141417e-01,5.805603392676806918e-01,3.280315481560380775e-03,9.596909615497895008e-01,5.429062639364296006e-01,6.392772621620515516e-02,7.530287303396103749e-01,5.240549752400318617e-01,4.340601775462455403e-01,2.368408290331961430e-01,7.834991114870075712e-01,4.158154039196180762e-01,6.301845445588754036e-01,1.008837910557669471e-02,5.050568395257193366e-03,5.082833383582709974e-01,2.823704849284546792e-01,6.791130584376173784e-01,7.727501709766676496e-01,1.024331657893429726e-01,3.932564534508840026e-01
9.805309339831938531e-02,8.031225826189689609e-01,8.993698543281011260e-01,6.959049409650515106e-01,4.035414396952856642e-01,9.262011940801354593e-01,6.618980375569321062e-01,5.688297024213141428e-01,4.696650416826979035e-01,0.000000000000000000e+00,4.876934989472301862e-01,1.485833682477132878e-01,3.577187497612450695e-01,7.752779126990763103e-01,5.549079536624751396e-01,8.734436871999243790e-01,7.196664375875189146e-01,7.704890146781212534e-01,6.419139685130791362e-01,6.407682111797792235e-01,9.099472169260270915e-01,4.110611670565126330e-01,6.573252304029043591e-01,8.885218953296897260e-01,5.171367079320183802e-01,8.980796599974794070e-01,7.833407965400701611e-01,7.192185230711153343e-01,4.034641010880102296e-01,4.146013088246802147e-01,-5.330028462033591374e-01,6.685291436051254976e-01,4.786037090703018082e-01,4.241054849380074265e-01,5.460859708865588580e-01,4.132610274266652894e-02,3.295071205205479803e-01,6.870541165869408218e-01,7.535266941771945337e-01,7.604908603050484217e-01,6.848214504182811302e-01,5.014295585316816961e-01,9.549013592798709649e-01,1.060333137678894505e-01,9.764479146242428520e-01,4.609319819577963884e-01,5.613477953247114627e-01,9.916697935088848448e-01,4.835804665487783982e-01,9.809344793575279775e-01,4.038451979777887835e-01,4.524773999745262260e-02,8.393507585269714966e-01,7.123609532478550888e-01,8.787896786461572018e-01,8.867484129932680093e-01,6.079196559325865667e-01,4.446524179740180549e-01,7.806409071532172117e-01,8.372568291877555691e-01,4.197440823765946072e-01,6.496661716277374321e-01,7.507794590928581480e-01,9.178252947246891003e-01,6.067046618673564984e-01,9.057292924074490381e-01,4.890257198485337131e-01,5.119302752952890057e-01,7.484859598640135614e-01,4.472496859190741580e-01,8.395151925697517115e-01,3.029509293140102977e-01,5.632729391358914928e-01,2.646925936862944972e-01,6.584941960557753049e-01,5.490855967903072177e-01,7.313428500132063137e-01,3.878049628274535948e-02,4.936635158624529396e-01,9.042018235813412130e-02,3.547384873501152613e-01,9.782822720527930560e-01,5.733666940202302165e-01,4.167755775041132593e-01,3.050764315202939003e-01
7.827486016783639089e-01,2.304581392830300224e-01,7.046052611074437033e-01,5.776328688128199440e-01,9.514066551023200313e-01,9.521948506326401995e-01,4.914907351162539073e-01,6.336040551007126043e-01,3.273216061987664904e-01,4.876934989472301862e-01,0.000000000000000000e+00,5.629760374779063659e-01,8.917944986044840094e-01,5.154322237715848187e-01,9.825458767558879758e-02,4.986469544003339083e-01,8.049602572096369313e-01,5.045813480813959861e-01,6.696157469120341821e-01,7.561546430960089937e-01,9.634922813348342219e-01,6.934925867849124348e-01,8.415455638456998955e-01,7.772401224005880405e-01,7.971896481981597393e-01,7.515312452128818377e-01,5.412349303279816448e-01,9.895300428717308527e-01,6.829433963098524574e-01,2.071539087929245571e-01,-3.335250872972552738e-01,4.855146811214734737e-02,4.171495208559842793e-01,2.102227212415318236e-01,7.215055221662787233e-01,2.847921247343530582e-01,5.383049783831492796e-01,2.827003776485871867e-01,8.431582986299007709e-01,4.994919873260230681e-01,2.445821695967152071e-02,4.771299587600978387e-01,8.597730578445921257e-01,6.449221530214199749e-01,8.553090136508549879e-01,4.927475988822420661e-01,8.072733139082017839e-01,6.312743128517289692e-01,4.622406444117928004e-01,6.024801896676891255e-01,4.441966911023318976e-01,7.849360903851531068e-01,3.457895698844730692e-01,4.213348442393280435e-01,7.655963994046723897e-01,6.468011038162623239e-01,5.806890617235627161e-01,4.887308671634693624e-01,9.795532912374759205e-01,2.899078051179104221e-01,2.530709867373931998e-01,7.707460408677118124e-01,7.045365482905764365e-01,8.479959618332595372e-01,5.231557574530137922e-01,3.543328526080283813e-01,5.860951391398041554e-01,7.723839687353316608e-01,5.722106255207429770e-01,4.024771983611670767e-01,2.298581509817188284e-01,7.843829700011829553e-01,7.392800912243534528e-01,2.630319266550367185e-01,4.443642667661135137e-01,7.490915528654314981e-01,3.068938769716396120e-01,5.674000902429681137e-01,2.375257903237928958e-01,7.286235409610239966e-01,2.464924938201756288e-01,7.248300878103574041e-01,4.489053148033502194e-01,5.471069686014141675e-01,6.861780635840566411e-01
6.924967901873778642e-01,5.987852300466820488e-01,8.469469947109287133e-01,6.136271527028559492e-01,4.342888055017718463e-01,-1.488640340056675559e-01,2.532367750521946625e-01,5.766769894956386144e-01,4.750710122073002473e-01,1.485833682477132878e-01,5.629760374779063659e-01,0.000000000000000000e+00,8.465759818233240530e-01,9.097085254244288155e-01,7.993188721804200814e-01,5.374692327780798973e-01,2.342860527732270604e-01,4.838686100373925658e-01,7.040275304735724715e-01,6.874747010824510118e-01,9.273439821266815652e-01,6.041798577884618382e-01,8.228270105205522933e-01,8.336513747829139565e-01,6.185074017743463770e-01,5.239061627136094579e-01,8.083302939337070336e-01,7.665382898233664699e-01,3.963997010924956710e-01,3.591915068052353166e-01,4.452117600300370959e-01,5.284155972043111937e-01,4.249665764016242742e-01,3.276238706380232291e-01,6.914349772654870829e-01,4.261486080367649087e-01,4.058597486797302922e-01,3.680885769761509385e-01,7.317714438974293190e-01,6.922853224117245796e-01,6.560262434114332297e-01,5.095674212938690051e-01,6.139871249441559709e-01,7.923900910987046187e-01,8.793853942142486613e-01,6.891776555044363262e-01,8.795460864659242484e-01,7.863848187422541880e-01,5.187261727955906343e-01,7.894565762713915413e-01,4.473356231321905518e-01,4.666486480926052005e-01,7.433329369200870618e-01,7.585802017157821098e-01,4.878596407551909486e-01,4.174784151271602184e-01,8.552302886022975503e-01,9.795716252647483913e-01,6.870924645680115406e-01,3.410937950430229515e-01,2.172014613275867201e-01,6.217283376661190131e-01,6.988261128758821439e-01,6.778850050975464558e-01,7.755635138524746841e-01,7.781548171590025875e-01,5.147297619572460681e-01,5.144524827373421205e-01,6.173397626468255517e-01,3.748687912710912951e-01,9.866641311353848698e-01,1.485124375968683297e-01,7.034791201845653763e-01,1.103697131602125181e-01,4.393822104023266673e-01,-1.411236747402768721e-01,3.556812605062183996e-01,3.593990938833554472e-01,2.938473085458068734e-01,1.333080750795672190e-02,5.960298306948812463e-01,6.563272993688257229e-01,7.184556130174278854e-01,6.506147878728782974e-01,6.836897290996973853e-01
8.316961027084089908e-01,6.604711279646325872e-01,6.196060829384479884e-01,7.423304796248696436e-01,1.699861669717795121e-01,4.205157076971273167e-01,6.990452584499954325e-01,9.328087352854588232e-01,6.149923243037894727e-01,3.577187497612450695e-01,8.917944986044840094e-01,8.465759818233240530e-01,0.000000000000000000e+00,9.538178353060138281e-01,8.796374573292056187e-01,9.339482331125970038e-01,5.568708593448494781e-01,7.812040285891663771e-01,6.224394412274355526e-01,8.086926110187980798e-01,9.394280312684929468e-01,4.844220504434185726e-01,6.348596473502353676e-01,9.232535950750551113e-01,2.271386528630377766e-01,3.074669008868847198e-01,2.713823760857780876e-01,6.381985388920944358e-01,5.136903836627167985e-01,6.565360594087624735e-01,4.095697746834892072e-01,6.054547785682816707e-01,9.193681086816316572e-01,8.219722664807005419e-02,3.463770834412694954e-01,1.960186626487868955e-01,-1.749383813018574874e-01,3.209023406921833743e-01,3.450551255747413837e-01,4.141753981644836213e-01,3.742160347533138309e-01,6.717104552320527500e-01,6.500354613806534898e-01,9.509416171270194118e-01,7.755622359463416604e-01,9.056278355475672059e-01,9.888776406741814906e-01,3.914542055995814396e-01,7.139327448129382248e-01,8.073729834750644763e-01,9.485202518408759609e-01,8.424290086228622965e-01,7.591639562665685181e-01,5.600375961918139245e-01,5.742529341474512661e-01,7.603688463713866863e-01,6.736054611533635050e-01,1.292335693192039059e-01,2.532177056114695013e-01,6.215956365594402788e-01,2.034437973338050765e-01,3.128097580517918419e-01,2.946620083784323718e-01,2.125980533233127467e-01,6.413940570727343360e-01,6.863034972164113734e-01,7.391745376567133707e-01,1.948390972445024905e-01,7.652651540353848647e-01,1.560415013358658898e-01,8.478104247294137030e-01,3.344750084510687005e-01,1.473161732735277230e-01,9.352364847058770511e-03,3.789997583900419631e-01,4.363829832260730512e-01,8.978788434216792291e-01,8.294568155920796215e-01,3.526221318483839795e-01,1.880450428180335809e-01,6.703225878529116555e-01,8.580526793047623668e-01,7.510250209572760793e-01,4.788209858987534928e-01,3.874909608662724381e-01
9.253764443595120515e-01,6.410617636597739644e-01,5.209417862475164140e-01,5.559835083570769942e-01,4.870825658615501319e-01,7.744006324961374421e-01,7.598640709965172324e-02,7.490114906270413098e-01,5.444595843413051472e-01,7.752779126990763103e-01,5.154322237715848187e-01,9.097085254244288155e-01,9.538178353060138281e-01,0.000000000000000000e+00,5.366378801500675255e-01,8.437648359520815156e-01,9.768159262529488851e-01,8.992930771088482045e-01,6.336879811865111511e-01,6.415628789621057315e-01,4.432053500032261395e-01,4.688188614250272668e-01,9.726751974019637315e-01,6.022062026233400145e-01,1.063760155338061841e-01,5.161314319699961128e-01,8.757298201697638618e-01,4.674515121285569008e-01,1.985663146189464157e-01,4.611394585253600908e-01,3.896040446777289112e-01,6.169090431017553167e-01,7.132309455788157226e-01,7.365814030450101857e-01,5.497995061814024975e-01,2.153298568671892510e-01,1.352222836083685764e-01,7.335030441500000054e-01,7.032826762850286073e-01,6.223553058068973520e-01,5.680336593555181945e-01,7.083302244977393025e-01,7.738376740455992220e-01,3.543261942511960472e-01,5.231314168597800407e-01,9.264500700663805821e-01,5.714799246467732186e-01,4.929062694033133352e-01,8.431665715151454021e-01,4.890953717588145122e-01,7.694082276524910613e-01,6.410464558468014218e-01,6.264179092233134183e-01,6.414302015282635772e-01,4.955407482344051373e-01,7.495147692404809936e-01,7.175154702004971075e-01,8.691083893871590638e-01,9.232061047662791786e-01,2.813932276091853923e-01,3.057847549592921932e-01,7.646040134185952963e-01,6.737745363934396492e-01,7.891284007231047504e-01,9.472367276193195407e-01,4.740860009267944819e-01,9.661600391428929457e-01,7.240396091544356594e-01,2.171077218195596736e-01,4.742795155986666011e-01,7.952317706205748182e-01,6.574340530739819499e-01,3.862486189782192714e-01,5.923649745483594575e-01,6.062292317685042953e-01,4.535599592259224599e-01,5.961124889974395158e-01,5.370800202930690048e-01,5.733528794177269461e-01,3.729259791807849611e-01,5.134234044148210385e-01,8.855685066932970084e-01,7.338347673004423921e-01,4.595839107724743466e-01,4.608309993900762680e-01
7.154886141334686478e-01,6.198429861020625653e-01,7.631261741619876915e-01,8.126728570768079196e-01,7.261438134384046172e-01,1.120316328602139200e-01,5.305690541557649409e-01,7.213254982053216580e-01,6.795351816605542661e-01,5.549079536624751396e-01,9.825458767558879758e-02,7.993188721804200814e-01,8.796374573292056187e-01,5.366378801500675255e-01,0.000000000000000000e+00,5.753033218291090378e-01,4.239971586550171367e-01,9.714966227434369550e-01,7.377732950098808695e-01,6.591201528040215862e-01,9.323387794153650265e-01,2.165160174901197554e-01,2.734373621961452838e-01,9.951608951421895277e-01,6.635373192481572868e-01,4.139407740815088665e-01,7.371021559051795791e-01,2.025605075462728055e-01,2.682638134728142498e-01,6.962218700154606532e-01,5.307828694632474864e-01,5.019879671351064054e-01,7.544255727616511198e-01,4.048650417975147575e-01,7.637909734776099357e-01,3.158991250712526316e-02,1.490555723152681145e-01,6.730531565385391435e-01,8.153787471791482666e-01,6.554810789887084432e-01,8.894476519176224283e-01,4.067029741996157632e-01,7.375535237892009155e-01,3.945935223012105864e-01,8.193819457472774070e-01,7.439416246073895511e-01,5.478196498583056684e-01,5.154399812184085050e-01,5.527166099356437545e-01,2.806223679979925612e-01,9.370452768471256022e-02,6.585304193799050854e-01,4.111780605662397892e-01,8.610202149239747360e-01,3.200999852843761095e-01,5.173634337780100845e-01,5.213317064085706276e-01,7.435789365524144712e-01,6.412741101110115416e-01,7.203727170155906911e-01,5.354044493928107329e-01,4.593362960263093764e-01,5.366536579454107558e-01,4.141565715778394718e-01,9.107340717016844112e-01,6.087746534330964465e-01,6.792132546393295778e-01,6.862374132948809713e-01,6.644019077877822976e-01,8.936322330692249016e-01,6.291708285530752676e-01,1.732852551057698642e-01,6.913318633143745728e-01,3.231316884151388957e-01,5.198895439105605254e-01,9.934287331319623382e-01,5.319393986169235200e-01,4.326132281656477341e-01,1.444813140815852659e-01,2.429363405883288862e-01,7.366603414654020465e-01,5.393143086991056823e-01,7.506711521462268166e-01,6.433274340322401308e-01,5.747512853806520106e-01
6.465803081731932300e-01,9.679328338650163843e-01,6.450416116712432979e-01,6.239396584013900959e-01,8.719295603522687621e-01,4.497760412079158665e-01,7.215111994991324496e-01,1.935435229338108021e-01,5.721347815660196012e-01,8.734436871999243790e-01,4.986469544003339083e-01,5.374692327780798973e-01,9.339482331125970038e-01,8.437648359520815156e-01,5.753033218291090378e-01,0.000000000000000000e+00,5.310159898014925606e-01,7.916963887093240171e-01,6.928160401254465084e-01,6.636786550772973969e-01,8.445341887476320863e-01,6.479914097363128622e-01,6.848538386464501082e-01,7.610701803309980473e-01,5.312602125381000739e-01,9.998393903023596874e-01,3.871792080636868860e-01,1.847737627039373054e-01,2.004483926662428417e-01,2.516074043035357310e-01,6.523613189639172472e-01,2.374116980203183624e-01,6.635692622418783992e-01,5.754194998091402002e-01,8.096857074578633906e-01,8.044129747204838143e-02,2.500545259189588254e-01,7.172908238397895930e-01,9.925320965527903994e-01,7.805547618569406154e-01,7.239662409741522975e-01,7.805243626456983552e-01,9.056472704666143070e-01,2.150578695479399560e-01,8.815526215790202569e-01,6.251909718797412641e-01,9.777867535095463580e-01,7.129327872077954042e-01,2.024971012420780925e-01,7.719105925376666955e-01,5.867259645096346565e-01,5.710693459128760585e-01,6.661146417976544498e-01,4.432301539993533379e-01,7.421546489416482872e-01,3.579086274441297677e-01,6.606195475686137408e-01,4.605771412022575673e-01,6.844639707584616595e-01,5.063050117033969233e-01,6.705449150268650849e-01,4.473369239940677700e-01,3.262416080564075060e-01,2.873522689865808458e-02,8.243002284861855600e-01,6.975243694699914121e-01,5.139899218493488853e-01,9.380339359184242110e-01,6.698412930650938790e-01,4.583686803022588574e-01,4.204554147335189951e-01,7.017648187291810613e-01,7.417728536565844077e-01,1.027506023381971056e-01,4.060818528057119625e-01,3.987523877458848398e-01,9.820016494016854391e-01,5.294233114043797039e-01,2.498920152551005747e-01,1.497814441707513988e-01,-4.586251963195253634e-02,6.212966646826647565e-01,6.535916245920241341e-01,5.347266788977869112e-01,-7.694958748687678873e-02
6.879623742980722767e-01,8.463617865781472016e-01,4.936912508592460891e-01,9.605852879653846710e-01,5.051241165085699203e-01,7.566994246631367771e-01,8.280152791541475210e-01,6.482452497347263032e-01,9.283555260262881248e-01,7.196664375875189146e-01,8.049602572096369313e-01,2.342860527732270604e-01,5.568708593448494781e-01,9.768159262529488851e-01,4.239971586550171367e-01,5.310159898014925606e-01,0.000000000000000000e+00,6.393444610871036327e-01,5.007178669678948868e-01,7.512995142427838502e-01,8.220526406873820413e-01,7.636438244809176101e-01,9.141050261663031806e-01,7.053339606089988889e-01,5.987937754745273899e-01,5.691841851199723745e-01,2.706851805646939280e-01,5.034522573842700188e-01,4.826788716009561830e-01,1.011906479542149795e-01,9.486273110692070021e-02,5.725280876371046102e-01,7.507558259279331070e-01,2.842249675099208783e-01,7.030734565807489345e-01,5.941526646129053901e-01,6.248059734111928165e-01,9.483520796142947962e-01,5.704444747402912519e-01,5.080332665239186696e-01,2.578680743571329370e-01,6.509633710590517763e-01,6.133640465493775951e-01,9.604720325599435116e-01,8.257481741044566670e-01,4.141104946786259289e-01,8.403780543631291788e-01,7.634302277404362291e-01,6.521432996089340239e-01,4.636965951244493844e-01,6.929240939972628466e-01,7.335405531765709641e-01,4.735107387045816019e-01,9.510302343000929248e-01,5.440474212724574210e-01,4.086673676060517124e-01,6.031097356449537372e-01,6.924470144143543004e-01,7.909739635533270530e-01,4.140265780589298950e-01,3.647259390688527003e-01,9.420852980370604257e-01,7.212864063041899421e-01,5.921316365740451060e-01,5.761132728113328438e-01,9.929810642376709628e-01,6.446733521865848360e-01,2.059751144967243153e-01,4.477557215161165893e-01,6.965487067904919671e-01,4.511944541143101395e-01,5.361236482758233723e-01,2.552004025934038189e-01,1.271425940126525711e-01,6.113964376641242149e-01,7.973856013663604969e-01,8.620132488889493683e-01,7.486374119357481760e-01,1.063558928900019129e-01,-6.626639173409482053e-02,2.693109869878532181e-01,8.676656088941010481e-01,4.706506070096777572e-01,6.141226782676705298e-01,2.257569944535178785e-01
5.935558347958213021e-01,6.157046540158473968e-01,7.143336820124411846e-01,6.582512182347179941e-01,5.911120328028733883e-01,5.450733463339344498e-01,4.484796669379737533e-01,6.132811761982922549e-01,4.200719372427574316e-01,7.704890146781212534e-01,5.045813480813959861e-01,4.838686100373925658e-01,7.812040285891663771e-01,8.992930771088482045e-01,9.714966227434369550e-01,7.916963887093240171e-01,6.393444610871036327e-01,0.000000000000000000e+00,6.322916514056424742e-01,9.226529687697792026e-01,4.329368572623294997e-01,2.958553239319151595e-01,8.960627481099567859e-01,7.402607013987245743e-01,7.176288339595485732e-01,7.752835099858571555e-01,5.764726590984635690e-01,8.093869460735465537e-01,2.819525803724383661e-01,7.667096895816331026e-01,4.335435074361588814e-01,4.862835267228005076e-01,6.896481262083038466e-01,7.408653855813357447e-01,3.768348908114231843e-01,5.031172069106236711e-01,3.612130797232938617e-01,4.597825392624288465e-01,8.758737489313347391e-01,5.104886235221181012e-01,9.644073225141973627e-01,4.572261164433761849e-01,7.163556211569673815e-01,8.654176172931233868e-01,7.096129223829737709e-02,7.579753545805288928e-01,3.629724264454244897e-01,4.974362805081865013e-01,7.654467576902430626e-01,2.968728243667837635e-02,4.140663074913463193e-01,2.994120002540467951e-01,6.214490458039725329e-01,6.542989717811343864e-01,5.533018087767744841e-01,1.762091300783719117e-02,8.562895340143197309e-01,5.886312787091277920e-01,7.875009117369268230e-01,4.515604942756761275e-01,4.305778688070199811e-01,6.269441354782757658e-01,6.624063530018321488e-01,5.478803915186402085e-01,6.241198363754100198e-01,6.387191079112759517e-01,7.096534820498374696e-01,5.084544192402753460e-01,7.677150695821641779e-01,4.349702170489673225e-01,9.223442524272339460e-01,9.712972815373038804e-01,4.084927319206158591e-01,6.562855074713620507e-01,7.498916499200238839e-01,5.235015103729994124e-01,6.910930221830777764e-01,7.614894702118402137e-01,-1.088601829789009878e-02,2.153824220129709477e-01,7.764337272871585371e-01,8.057618400994478458e-01,6.166929901806033065e-01,1.724054128761672855e-01,7.841284425936696501e-01
