0.000000000000000000e+00,1.636016341226269599e-01,7.180618454281521013e-01,-9.681338456397126091e-03,5.372390469145292835e-01,3.971285436205806985e-01,5.475282058289108189e-01,8.977762231687616001e-01,9.512971544918237266e-01,6.465456428493651098e-01,9.998340371305738383e-01,8.539839490453731141e-01,7.213494769805655071e-01,7.618340576571828171e-01,6.433246356122490628e-01,9.546967779082871086e-01,6.531168453338319635e-01,8.414268156122149955e-01,5.417429784989129526e-01,9.754729637421226673e-01,8.682808907018544353e-01,9.504960879420720765e-01,4.907387766463114365e-01,8.014273638469431305e-01,6.324146710553001371e-01,7.081969247523943745e-01,7.455226577695915902e-01,6.443190988937194108e-01,2.961833148186530096e-01,2.296858592351364026e-01,3.503620068260259179e-01,8.377621279981983804e-01,8.856115219339493194e-01,6.329093753513479470e-01,2.501659374772892130e-01,3.210762732793655538e-01,9.355889812098450165e-03,7.180581816625946079e-01,9.519390287710953746e-01,6.533945483116767594e-01,4.199886592871217572e-01,4.161284245103319956e-01,6.427917865896896066e-01,8.239411355784346247e-01,9.926842442943599742e-01,7.738600013548938561e-01,6.830929271078329812e-01,8.660705889579467520e-01,4.961682114076904626e-01,4.299563310164813967e-01,5.266660965411684714e-01,9.908598632973418807e-01,9.993525969406391596e-01,9.636905520957931293e-01,6.255225898361734815e-01,6.234353363382134638e-01,5.368973407345183357e-01,7.583545832547804455e-01,6.521276847652277553e-01,4.714449363871585641e-01,4.413241964471864565e-01,5.771192670030407257e-01,6.021742974537260817e-01,9.854065753495643287e-01,9.060029964563179883e-01,9.419494240217184400e-01,6.267054868701392722e-01,8.655509210329619396e-01,7.139088874060239842e-01,7.144989669126923237e-01,9.637004353420776104e-01,7.162125356807982346e-01,-7.795495149701618665e-02,1.513522652104713206e-01,7.435674807338961134e-01,5.967909925937715521e-01,8.032107728729113161e-01,7.569701805323618693e-01,1.848900538400096993e-01,4.901874315021847450e-01,3.066450731500052762e-01,6.866062414290540206e-01,8.714219758841563745e-01,4.142789041639329817e-01,9.312687398247203596e-01
1.636016341226269599e-01,0.000000000000000000e+00,9.358058475007243748e-01,1.931191038323658848e-01,6.314537458437585737e-01,4.164080736231642876e-01,3.422754084312272793e-01,3.875102313253484532e-01,9.778603923754987104e-01,8.551409097068126686e-01,7.114645123976526264e-01,6.774476085963840877e-01,5.733669998928760947e-01,6.773537038007744204e-01,7.112565102798285022e-01,5.798886647678040962e-01,6.520711589954468757e-01,6.825854534577635579e-01,9.888970392281810629e-01,6.388679674921482476e-01,9.173064866986276877e-01,7.589842376299246185e-01,8.611399969612166805e-01,8.939076503144940400e-01,2.175436324476409389e-01,6.004704565909122493e-01,7.850748204614407255e-01,5.598189955547492463e-02,5.985285933884461063e-01,2.419758585308613708e-02,5.469110604743016024e-01,7.855503749260408508e-01,4.541061028897176999e-01,8.623899556189039417e-02,4.465733339252158096e-01,2.848327693466612409e-02,5.076764104681281697e-01,7.798461875198898774e-01,4.101658536898105667e-01,5.386189453185841192e-01,5.237262994130552629e-01,8.003045056304770588e-01,7.516705190928653080e-01,7.250930521845873056e-01,7.620174802693092664e-01,5.381235764526061116e-01,8.812412126616421260e-01,4.789188516745527258e-01,3.915361419102164620e-01,1.558908096694191503e-01,5.067463181760234470e-01,1.967428847189518493e-01,4.409873196207283463e-01,2.077481622923434135e-01,2.746959378914591854e-01,3.720723631385807195e-01,5.591597266300761815e-01,6.198573631518546900e-01,6.372316906501468425e-01,8.817716142160004003e-03,4.644563201738680092e-01,6.561640644642633413e-01,3.606294956877281743e-01,6.093290429313709122e-01,8.338489737184987538e-01,9.609453691297092925e-01,4.340466865083623116e-01,3.240411634587803680e-01,7.314583685684236114e-01,4.060654378643998585e-01,6.531507130587427268e-01,9.966451606721434819e-01,5.091116053441362421e-01,5.964585718089597810e-01,1.781617445972671909e-01,7.177004134634578092e-01,8.625920771074774285e-02,4.504379058218901388e-01,-1.404334958035453051e-01,2.154671798716190079e-01,6.033256044659371931e-01,9.967454194846789850e-01,8.753296332279236758e-01,7.146472443726903379e-01,4.353888336000316661e-01
7.180618454281521013e-01,9.358058475007243748e-01,0.000000000000000000e+00,6.313488087740719568e-01,7.863588203620861528e-01,8.940264233220076573e-01,9.721513531092760285e-01,2.302196237178874283e-01,8.392569300134627985e-01,7.767007808090893306e-01,4.673030796499167971e-01,9.798829074265065220e-01,6.909368101122677075e-01,4.085649614448325084e-01,3.426352288232682453e-01,9.486588744962521913e-01,5.915416162887155993e-01,5.728972599099027008e-01,5.448444531307062855e-01,7.025187484983806963e-01,5.870669002286927896e-01,6.549018347251751582e-01,9.107434613495971609e-01,8.343715246524814333e-01,8.976717725329665942e-01,9.114244653329800494e-01,7.656008249588810433e-01,5.991727710341252511e-01,3.936383137339184435e-01,3.365095053839537581e-02,3.344556566416784227e-01,6.949419396668025106e-01,4.939838746767000188e-01,6.073708465308882420e-01,4.181887239861896144e-01,3.908235952587645889e-01,3.369436300664486739e-01,7.119481047390820994e-01,5.420237918784962527e-01,6.019477927614592661e-01,4.762477068105174238e-01,4.741571105508843309e-01,7.028710904016614025e-01,6.719869366015689405e-01,2.365053496556291934e-01,6.528795941374853085e-01,1.905729097028243391e-01,8.014690173809920770e-01,7.583443684483216485e-01,6.801112598949785593e-01,6.977928862524178655e-01,8.449866021895593438e-01,6.494168931710164738e-01,7.655531190821273091e-01,7.989732670238114398e-01,4.843325395515061804e-01,2.298900614201654091e-01,8.317350549836647344e-01,8.470126289058848013e-01,2.687797188383784786e-01,-4.427646609575552894e-02,7.379681484317608675e-02,9.522256723500203135e-01,8.092590339866945204e-01,3.076292963221718413e-01,9.483616922513271597e-01,6.207720093532065331e-02,8.947109516046400923e-01,9.639914775592842711e-01,4.934869050930021928e-01,-1.993831382515088013e-01,4.769483486008448403e-01,1.569603016882432922e-01,4.779279392057294573e-01,3.766887766677362581e-01,6.654079742458662849e-01,9.213312910189366267e-01,9.150329996903263652e-01,5.582716779791058181e-01,-5.969324260165831397e-03,7.875326667999134056e-01,8.509212587017292995e-01,9.677977975042355574e-01,9.011803351999756462e-01,8.502304439592500707e-01
-9.681338456397126091e-03,1.931191038323658848e-01,6.313488087740719568e-01,0.000000000000000000e+00,4.825853608421257213e-01,8.927846903940861445e-01,5.582872262772635708e-01,4.393629439662302127e-01,5.166341567164354220e-01,5.343646350668157519e-01,6.669934495921662210e-01,9.799407534609516635e-01,4.674868978786578255e-01,5.985082149514313610e-01,7.225418339597838857e-01,3.699965791880732713e-01,4.984221946224084987e-01,9.773868620748441538e-01,7.694132644927038633e-01,6.989269295819915406e-01,9.501504764418183813e-01,8.141936904911190043e-01,6.499432331667325258e-01,4.666961417673039514e-01,7.495335260450532999e-01,5.101791869661238543e-01,7.031063999385882557e-01,5.975719434394413110e-01,5.375902797259298760e-01,7.141526707673965246e-01,3.201675592073746079e-01,6.192593979425823347e-01,5.344113277460119660e-01,7.191723303918441390e-01,8.737491140786031174e-01,4.084820444360711678e-01,4.750440902292852874e-01,4.329995999402254103e-01,9.374215530114350381e-01,6.570864446073878540e-01,5.975100714048009465e-01,7.267335410365057813e-01,9.038383627572224022e-01,7.628981688427373120e-01,5.170486327708282426e-01,8.255107023436404345e-01,6.918583227227975696e-01,9.575793878018544758e-01,4.624202592518675270e-01,5.358303867827286515e-01,8.322662409154896190e-01,9.401638150163040830e-01,9.008000443172261562e-01,7.111690062256952327e-01,4.953091319871791853e-01,8.350718096147170533e-01,3.677381378447593385e-01,3.239305493691132520e-01,5.410639463893557322e-01,5.609763188101846154e-02,5.613512249449609248e-01,9.238520928880958882e-01,6.878377429645420316e-01,9.818061637328208136e-01,7.542539579720677345e-01,7.957440396539984251e-01,4.384183681684842848e-01,9.494111638678031095e-01,2.993281706580844803e-01,6.345456784410428153e-01,4.906602964946712442e-01,8.203492720767535662e-01,7.724129232969465519e-01,2.763972392510583576e-01,4.859185007434301817e-01,9.919044999047826883e-01,6.303812081863854333e-01,6.102247719481067589e-01,3.261096350115988418e-01,3.544953031799397136e-01,3.323019299451367425e-01,9.875456372091162560e-01,7.234028312443357978e-01,1.633451660321805221e-01,7.824939582701727625e-01
5.372390469145292835e-01,6.314537458437585737e-01,7.863588203620861528e-01,4.825853608421257213e-01,0.000000000000000000e+00,3.853752979778362064e-01,9.476183230323059759e-02,3.036604249681699175e-01,2.965667347522563668e-01,5.040317832906330286e-01,5.741696713441241107e-01,6.746625013737868048e-01,4.975377852961085923e-01,3.631217848796293168e-01,8.005707172485015954e-02,8.701824561638225042e-01,6.754441015835738193e-01,5.297565999603036646e-01,7.744645457650751741e-01,6.876863954113570099e-01,5.131146802244987981e-01,3.214793962372315406e-01,2.383267518632469772e-01,5.628982048009275596e-01,5.967717788124129452e-01,3.983760780914237243e-01,6.517758185559643369e-01,6.250366555738583463e-01,5.376338460480469816e-01,4.123997120059222921e-01,3.216790885654716853e-02,6.636034926081555430e-01,6.839516095367964565e-01,7.215743947434563044e-01,4.547023123329496652e-01,5.697890207914855232e-01,1.372359340692388130e-01,7.038119127944120201e-01,6.585984943148307513e-01,4.516447102382477596e-01,3.617969310533993010e-02,6.869994747953577230e-01,7.413523585643083669e-01,7.339875652669307637e-01,5.066535735489637871e-01,9.764521563277857030e-01,3.401738270883207238e-01,6.384118345831422126e-01,5.846283666646399091e-01,6.217883985604518715e-01,2.212024539589444727e-01,7.652639541077193019e-01,6.984742209458931761e-01,5.401710535509649524e-01,8.432683617202763049e-01,9.403469110461897262e-01,9.331113096535159634e-01,4.424552495056521817e-01,7.114524912697783865e-01,4.797435458191766089e-01,5.261177159775584089e-01,5.508396142338266577e-01,2.529443730366448539e-01,7.682351510793521410e-01,6.199660517237959301e-01,6.861688918136278348e-01,6.275721320731946218e-01,8.210535759730800409e-01,7.300405769174276305e-01,4.207049938284549429e-01,7.108218480016179619e-01,7.118670455172806388e-01,-1.360279092521871624e-01,5.812094801269692690e-01,7.417645009489945984e-01,7.908805038091309969e-01,9.812022988149559088e-01,4.799382870503985377e-01,3.169719351630939652e-01,1.884633727271621262e-01,6.378761399777126417e-01,8.418249522754375214e-01,7.345386623524697844e-01,6.479312171752502625e-01,8.765337421499831416e-01
3.971285436205806985e-01,4.164080736231642876e-01,8.940264233220076573e-01,8.927846903940861445e-01,3.853752979778362064e-01,0.000000000000000000e+00,5.052514330345448945e-01,1.855305607977118104e-02,5.754907877143051742e-01,5.114310493462637108e-01,6.293231551755150699e-01,5.554051888096926959e-01,4.979443436983316817e-01,8.206839426725700548e-01,7.912961941155614021e-01,2.656132963771246080e-01,7.052359781595154420e-01,2.966169023815610761e-01,8.282324891322206950e-01,7.217599411304176371e-01,9.819228205864676262e-01,-5.078903178787522177e-02,2.904582521639718640e-01,9.944522668845379165e-01,5.979111652982869174e-01,6.230944063563924606e-01,7.211875747402121672e-02,6.887576029473223560e-01,5.848416692621956070e-01,5.929014497044093890e-01,6.358474222314659530e-01,4.655094527639765389e-01,9.634671886035519606e-01,9.232286857756640819e-01,2.116575159065457457e-01,4.815498298595968230e-01,2.187265782421278226e-01,3.058047457789122570e-01,7.381615558071277228e-01,5.815916929490663190e-01,5.107168703572942947e-01,9.324876058005382440e-01,3.096741832852377141e-01,7.197421427428996044e-01,8.011607520312420405e-01,4.984354853868659396e-01,7.093943629336587620e-01,4.697175583277027333e-01,2.529222113862718557e-01,3.497105076821427905e-01,5.034585833356056694e-01,4.966422403683407594e-01,7.490145547976536644e-01,8.738392014132553287e-01,5.737980134978913904e-01,6.578047364507485506e-01,6.615282252645530159e-01,6.969814181228852767e-01,5.382938420664161727e-01,5.407768084008373471e-02,7.903884222156274397e-01,3.549270298347975139e-01,2.331020936801819488e-01,7.741897706471989604e-01,7.776974965631674452e-01,2.065505076356571879e-01,7.779452677294855789e-01,8.478581446702262436e-01,7.177611629531432946e-01,5.844144161241620061e-01,6.625527451806030310e-01,8.852192226564135069e-01,2.679448522430978863e-01,4.333958144083559505e-01,5.377266058202732069e-01,6.185750594479270115e-01,7.981092034504904120e-01,5.030378800675430195e-01,3.830521020708366753e-01,1.809200515621171845e-01,2.753941318147704598e-01,4.344889812690210795e-01,2.256519785821890778e-01,1.099868091511589374e-01,6.651550645959366515e-01
5.475282058289108189e-01,3.422754084312272793e-01,9.721513531092760285e-01,5.582872262772635708e-01,9.476183230323059759e-02,5.052514330345448945e-01,0.000000000000000000e+00,2.508745983593260176e-01,7.328299028035651919e-01,4.814892858956476007e-01,2.409688454755434528e-01,7.457031283850532599e-01,4.925993683610337959e-01,6.942104171778566701e-02,7.632741085450018836e-01,6.838325009559907963e-01,5.298727710521036194e-01,3.294376940018910460e-01,7.105718166378353073e-01,4.286790681754922283e-01,9.785675347219966458e-01,5.250916544692527665e-01,4.137798709721650647e-01,8.731936917022022904e-01,3.824444264115341441e-01,2.708375747748472673e-01,4.046819974835572653e-01,6.569473763595637950e-01,5.607606289443545222e-01,2.184469343399220165e-01,2.749031539188179218e-01,9.271356332295601632e-01,3.889531529495741102e-01,7.992938259877391260e-01,6.499755109339788728e-01,3.438679775065629496e-01,2.921141612288193357e-01,6.547508817021243654e-01,5.958296230724841047e-01,1.883228621743064934e-01,4.197397014417167949e-01,2.142533622298677110e-01,6.918233079671344266e-01,9.756153526634785411e-01,5.373461918122979242e-01,6.144823801941441677e-02,2.493445699348385003e-01,7.904366114269045784e-01,2.673593346570619644e-01,1.982241043417669324e-01,6.111779585008034754e-01,6.100564516400811543e-01,4.945153827254138434e-01,6.577217246385260729e-01,3.856317545105686362e-01,3.668086412478959168e-01,1.521410525176802864e-01,5.930456937531241035e-01,7.532507569233177769e-01,7.128676034088619051e-01,4.035754598459998510e-01,5.826951981331037755e-01,6.287891848478553980e-01,4.876992277985214841e-01,9.740156323164773644e-01,7.446640743963890419e-01,7.263231157812347627e-01,4.313807945219957363e-01,2.648934454054401311e-01,6.103833207513450487e-01,5.792668041960050695e-01,1.630321056750250186e-01,5.633443630215108078e-01,1.058936996215126269e-01,3.274347232258695284e-01,5.134921455092303910e-01,4.587318986777040863e-01,4.074787621615649780e-01,2.308059063309899836e-02,5.552979509189931440e-01,4.407389369794491030e-01,6.515908456469585719e-01,6.017493228019302753e-01,3.834536776273963499e-01,5.517586930251138222e-01
8.977762231687616001e-01,3.875102313253484532e-01,2.302196237178874283e-01,4.393629439662302127e-01,3.036604249681699175e-01,1.855305607977118104e-02,2.508745983593260176e-01,0.000000000000000000e+00,9.673118823175809178e-01,3.258557881714174709e-01,7.065861176400407562e-01,7.325893997847983119e-01,8.055247190790660872e-01,6.138196654887292381e-01,6.632211518975524855e-01,6.607132754705745681e-01,7.387772468673329263e-01,2.977554466122465104e-01,4.268477660125701290e-01,9.480287781487940491e-01,6.081501850290179645e-01,6.763928968336649916e-01,7.753105420277484061e-01,5.823294375885768037e-01,7.556115700915656541e-01,6.762210525492491353e-01,6.108402464069422333e-01,7.818161974664998848e-01,4.002414602120658582e-01,2.430715090208043772e-01,4.644107806230949875e-01,6.094678215360691542e-01,6.058196489219697112e-01,4.295573736641878915e-01,2.293451665697394393e-01,7.203966024380821231e-01,5.125435587591180564e-01,3.833507453671502474e-01,4.987638631356476338e-01,5.011795629142281605e-01,3.829301071777627130e-01,9.783856256897764947e-01,7.289544991145412434e-01,6.315423833261318842e-01,6.005587960706999517e-01,6.018417713959618442e-01,2.439300591044142597e-01,7.727426094079502539e-01,6.769325189264978615e-01,6.378528363000872670e-01,6.874395722773780637e-01,3.492211224638456235e-01,6.085696762318966169e-01,6.176379223476254898e-01,7.277966115548747394e-01,7.525777477507631374e-01,5.946325953828226485e-01,5.861533696205818433e-01,9.283337958404043189e-01,5.634440947986798509e-01,3.557252269739272776e-01,6.698672999765069580e-01,5.731492819302337338e-01,8.451377046616059818e-01,9.739235669594156208e-01,5.185238311902571340e-01,5.348402495253671285e-01,4.416931614665092765e-01,3.141937032825892762e-01,2.271574246579398937e-01,7.736714201951500058e-01,3.041320705250775136e-01,3.369168906627734161e-01,5.362518062327285007e-01,4.479038601176241197e-01,6.951538172523226145e-01,4.683201714726723530e-01,7.621015270687461207e-01,4.448137650171995472e-01,5.029569230141505143e-01,2.112596102800351761e-01,7.271195963979262267e-01,5.030066806860427064e-01,4.140804424677321793e-01,7.033144620787429302e-01
9.512971544918237266e-01,9.778603923754987104e-01,8.392569300134627985e-01,5.166341567164354220e-01,2.965667347522563668e-01,5.754907877143051742e-01,7.328299028035651919e-01,9.673118823175809178e-01,0.000000000000000000e+00,2.985338381866540214e-01,3.882920854158586899e-01,5.705973869970437651e-01,4.790528229776430669e-01,8.364076508388289533e-01,7.041204555594477998e-01,7.779921071037032565e-01,8.404820279525887505e-01,1.660814724057565472e-01,5.064297906158917728e-01,5.396936158849492404e-01,6.175679027463989446e-01,7.557357963894814068e-01,4.476443531933334552e-01,7.723401453185665400e-01,2.582167518492942127e-01,2.505418419793067342e-01,8.280379156504399374e-01,5.643821278385633411e-01,4.051805209009692321e-01,1.331108458130350891e-01,2.802491195467063378e-01,1.459938961128399819e-02,5.291196504351095564e-01,9.084780504908224197e-01,3.582920451917327442e-01,4.713999921672105131e-01,2.964619120172065636e-01,2.086289269392003487e-01,7.307203962212525106e-01,4.093377081697688880e-01,2.036966548892760742e-01,3.591504744274911509e-01,6.810399549605867797e-01,6.957071639354004411e-01,7.104297763444564762e-01,4.797506920215461323e-01,4.507183110006524607e-01,7.089213440343691275e-01,7.564263644190094560e-01,5.666459196188933234e-01,7.347917065310560769e-01,7.325811065243267306e-01,7.993460649067846147e-01,4.337962230219558624e-01,4.386371675970903161e-01,7.922058154191036206e-01,3.488670159316554220e-01,2.460697911508017977e-01,6.439977755990432540e-01,-1.199615604492407089e-01,4.071524615107694478e-01,2.129299224087262132e-01,6.063057222476970765e-01,8.408316045171964070e-01,8.452615586054299524e-01,7.810653567953538268e-01,4.036440414973332946e-01,9.802387394960474509e-01,5.173185122118090229e-01,8.745343084657026811e-01,5.435607593214490940e-01,1.222108616698119044e-01,4.738814083423977808e-01,3.220155256673683519e-01,6.709081138994290594e-01,4.593451556624053023e-01,6.353110971135107476e-01,4.373741298874013750e-01,5.182879789907299806e-01,2.793920508621819954e-01,7.005930658888760432e-01,6.599137584598749884e-01,-9.961076353693620877e-02,7.018740161957601753e-01,7.917127042833973505e-01
6.465456428493651098e-01,8.551409097068126686e-01,7.767007808090893306e-01,5.343646350668157519e-01,5.040317832906330286e-01,5.114310493462637108e-01,4.814892858956476007e-01,3.258557881714174709e-01,2.985338381866540214e-01,0.000000000000000000e+00,9.613242500364217458e-01,5.191558708280658019e-01,4.384793459856980435e-01,6.060250626428203002e-01,5.479455292612169792e-01,3.830483557241517456e-01,9.028053239351885306e-01,6.739733755178399788e-01,7.814540649642446324e-01,9.180539226051650514e-01,8.656052615508607051e-01,5.308886209571551662e-01,6.265211612918299977e-01,8.479915269803467437e-01,6.208031093662144118e-01,3.139611958924649615e-01,6.011434157618524843e-01,7.632620283761443192e-01,5.233669499935694747e-01,2.979974676450545257e-01,3.277064866987713376e-01,5.666709796446035563e-01,4.325690893573999052e-01,8.018956132382498714e-01,7.256807471615754901e-01,6.094086649007354195e-01,4.083298497994757303e-01,3.701004554266860147e-01,7.668173027022342492e-01,5.663448390200194194e-01,6.307372221157120373e-01,1.866150597300827441e-01,6.246650144921120917e-01,6.514263870055374550e-01,8.002844215680019468e-01,9.669388396294058552e-01,9.843548098135999069e-01,7.685111620827820289e-01,4.707224817204592182e-01,3.220121231083505897e-01,6.009143800129402857e-01,7.124537564466608686e-01,8.233802065956821181e-01,7.069071539426849959e-01,4.637854178009478412e-01,9.063679072343582277e-01,6.115026010956861047e-01,4.071489428160445234e-01,9.240730975464906960e-01,4.993537483805398636e-01,2.734295384117985117e-01,6.059656796736401230e-01,9.223263678821728151e-01,4.590457872709746701e-01,8.670240878580914856e-01,3.152929897755784028e-01,7.230726723213222185e-01,6.010813169556143976e-01,6.313556407645463109e-01,7.933926284216309410e-01,5.271186839869269614e-01,7.211061086006180787e-01,5.101177517914500248e-01,4.734209056426831319e-01,7.427944125677001797e-01,6.172783123033215302e-01,7.940836907690150825e-01,1.262301795514819136e-01,3.967303894837368450e-01,5.898977131729261636e-01,4.668295486151646106e-02,7.801658197854380861e-01,4.562613999715805502e-01,2.569033203455738379e-01,7.781983433636689984e-01
9.998340371305738383e-01,7.114645123976526264e-01,4.673030796499167971e-01,6.669934495921662210e-01,5.741696713441241107e-01,6.293231551755150699e-01,2.409688454755434528e-01,7.065861176400407562e-01,3.882920854158586899e-01,9.613242500364217458e-01,0.000000000000000000e+00,5.163065196074345664e-01,6.277348761380602271e-01,8.596761037970760411e-01,9.769197766470522071e-01,9.670553774866996743e-01,6.972633782045027928e-01,4.777233523659458192e-01,8.073519425440468522e-01,6.808931616073328197e-01,6.114101902190695048e-01,-7.502741956926212152e-02,3.550723692732362102e-01,9.886181990815030574e-01,7.993173760513232473e-01,6.223689883339227347e-01,7.507182560242101621e-01,9.532862047337895550e-01,6.685490581512578689e-01,4.313673349262067136e-01,3.006004798001454814e-01,-1.709042390525236654e-01,8.019850261077003939e-01,7.975845584338745464e-01,6.290930937281229429e-01,4.255075811602465063e-01,2.895995353253996152e-01,4.005953466065200197e-01,4.560096207839043903e-01,4.135488163784769577e-01,5.438765282552670000e-01,6.913865250201713941e-01,6.435653935865094377e-01,1.105833475649748432e-01,9.413646450617692008e-01,4.297127949793232427e-01,2.499763445484696200e-01,8.922683965288187302e-01,3.750702970154491389e-01,4.061078145116764349e-01,5.701955880695406265e-01,6.593723717468353840e-01,6.679295421298896418e-01,6.833072479184861825e-01,6.295358088485968340e-01,6.659424616703071287e-01,4.683106144300636653e-01,-1.925040625818272289e-01,8.440668787698495379e-01,4.257226564062139285e-01,4.586212392346645794e-01,6.750285351873170914e-01,7.220186750509476337e-01,8.232520641511194004e-01,8.985209752426431828e-01,5.368328991889688151e-01,6.538172724028705751e-01,8.295856479034369180e-01,4.658167486747166741e-01,5.234678262659553383e-01,7.620730057002624847e-01,3.722145615115804995e-01,4.041346019078352891e-01,7.352181063513045511e-02,2.897450971660325836e-01,7.595081263826821694e-01,3.517154618517797093e-01,3.189259667781919605e-01,5.336811647401175085e-01,-1.886787877849167849e-01,4.376129807245605075e-01,9.305101389443704019e-01,9.146319765198169804e-01,2.925350597060501490e-01,4.044237013927819424e-01
8.539839490453731141e-01,6.774476085963840877e-01,9.798829074265065220e-01,9.799407534609516635e-01,6.746625013737868048e-01,5.554051888096926959e-01,7.457031283850532599e-01,7.325893997847983119e-01,5.705973869970437651e-01,5.191558708280658019e-01,5.163065196074345664e-01,0.000000000000000000e+00,8.862216210528910398e-01,3.125225735876880906e-01,6.452060322850259322e-01,9.234517546904974505e-01,8.234241769671871713e-01,5.450106732380646246e-01,7.141364977606736719e-01,9.531274318614223473e-01,9.435669637736421311e-01,4.800333877366035340e-01,6.565755403404017754e-01,9.683482156886845660e-01,7.194462075825318603e-01,6.799767900920263841e-01,6.419610394105608187e-01,6.830900246754144645e-01,3.220656474686109383e-01,1.770267677675410045e-01,-4.384707152760369819e-02,4.549394692694577191e-01,8.908629583916265471e-01,9.848255978571561764e-01,5.147297939515991239e-01,5.897852528782040471e-01,7.227994779287230664e-02,2.304809853199179248e-01,4.242930944453190412e-01,5.885550137757906697e-01,7.993898376480486068e-01,9.402426443115771137e-01,6.605387869823501346e-01,5.330229372559093237e-01,6.474961294191442507e-01,4.990803475520750876e-01,6.749285530820809953e-01,9.354082973685445834e-01,6.809137400782820926e-01,3.118828071291678827e-01,2.104327646030433319e-01,6.952100217830596840e-01,5.079139827290934939e-02,6.298393964850366178e-01,4.368521659148770775e-01,6.904625745046054641e-01,5.504538050982225039e-01,5.972174133001022511e-01,7.317024284954798397e-01,2.986985880891173673e-01,6.983860199926695822e-01,2.382756034623204067e-01,3.345750087893681890e-01,5.529058211607771334e-01,1.954909656844913968e-01,6.058037507476928818e-01,7.438826569184366910e-01,7.705731585239634640e-01,6.662235300921646175e-01,7.213822579645556843e-01,7.010451823805916582e-01,5.564898032917466875e-01,4.363356118542501272e-01,4.953515466116475974e-01,5.564364898761200440e-01,7.419272030435120069e-01,4.935364595470102533e-01,6.249356060248779654e-01,5.074373655396547944e-01,6.791086747643612087e-01,7.206208037492978224e-01,7.081401286150598162e-01,9.976384606410824141e-01,5.814742425679737536e-01,7.888481527536499449e-01
7.213494769805655071e-01,5.733669998928760947e-01,6.909368101122677075e-01,4.674868978786578255e-01,4.975377852961085923e-01,4.979443436983316817e-01,4.925993683610337959e-01,8.055247190790660872e-01,4.790528229776430669e-01,4.384793459856980435e-01,6.277348761380602271e-01,8.862216210528910398e-01,0.000000000000000000e+00,6.642294038401251877e-01,4.598848012419252118e-01,6.489111270806435794e-01,6.544139396501311712e-01,8.999846190331161067e-01,6.912167238328750241e-01,6.806386971898975569e-01,9.011667386685456860e-01,5.670135149313892953e-01,3.040005667742929907e-01,8.820660855853706961e-01,3.597007155629259323e-01,4.682043554169000865e-01,9.481468433732088696e-01,6.479325554461864423e-01,2.926292137354798983e-01,5.835244481539216821e-01,3.699450837704068573e-01,7.791914375675434989e-01,7.979235835884368466e-01,4.594822711856074715e-01,9.050132530226849825e-01,5.343461021725479793e-02,6.788368008703397072e-01,8.152864749471125938e-01,5.434142185930769253e-01,9.033787560098526237e-01,2.406699676850195257e-01,5.088145433235634618e-01,6.083867512863282423e-01,6.295615207113529621e-01,4.918766022222613721e-01,9.607138460633454224e-01,6.655761500683293752e-01,8.385119623497676589e-01,8.591705412447606660e-01,2.629502834536950329e-01,7.872921048446785974e-01,9.061456758716746052e-01,6.939248225211231969e-01,5.463729030814653553e-01,7.614916871928295583e-01,8.193892719281855586e-01,2.743164272543288096e-01,8.398007634031178226e-01,9.934940047533663554e-01,3.690485375553634873e-01,6.935958359403258944e-02,8.469986993477844894e-01,8.177324138933523834e-01,9.181352867309940935e-01,6.863924478194621814e-01,5.352546454260921349e-01,6.112801313191301711e-01,5.304283139241869893e-01,4.527840476608146481e-01,6.640377763282605539e-01,8.752637305146245827e-01,9.674210084479248906e-01,6.058917559262705366e-01,4.200519086030356508e-01,5.090471140470427258e-01,6.396284395096958342e-01,8.178479791595332227e-01,6.828058248399127006e-01,3.181451925119064272e-01,3.989097785769555315e-01,4.976595371502499643e-01,6.108537503429771753e-01,9.835612355877250135e-01,1.668866272955441821e-01,7.594762246044580722e-01
7.618340576571828171e-01,6.773537038007744204e-01,4.085649614448325084e-01,5.985082149514313610e-01,3.631217848796293168e-01,8.206839426725700548e-01,6.942104171778566701e-02,6.138196654887292381e-01,8.364076508388289533e-01,6.060250626428203002e-01,8.596761037970760411e-01,3.125225735876880906e-01,6.642294038401251877e-01,0.000000000000000000e+00,6.507344601150004682e-01,6.103503701422589023e-01,9.369401887525018457e-01,5.541435357004338425e-01,7.087398565762890179e-01,8.936406972032464591e-01,4.577958101838515148e-01,7.964791991975239682e-01,7.560621384896506481e-01,4.837228275519205867e-01,7.217719534583350027e-01,4.502482223207610046e-01,8.960599552403669676e-01,8.711505494701046182e-01,7.023041620425710674e-01,7.749579392939784928e-01,4.466952878872228472e-01,2.349846406962679823e-01,8.800873304448266765e-01,4.894661225397727855e-01,8.702779578385939629e-01,3.274778167010443664e-01,5.447911084732776077e-01,6.674996568757274318e-01,5.559354301384714647e-01,5.267671370873184822e-01,2.742018798797028478e-01,8.045566545891217336e-01,8.214159003817258498e-01,8.170861321368328989e-01,3.735898742036898312e-01,7.289183708355611024e-01,9.295556843764746224e-01,6.621073411922124841e-01,6.617632958299758394e-01,7.384432447156816792e-01,5.053598524129042646e-01,8.353558244724559323e-01,3.565516804980026766e-01,7.685828779584906734e-01,6.898959726213367283e-01,7.735074386326243889e-01,6.700439760263071642e-01,7.847104587819996313e-01,9.253675898118760568e-01,2.984763107835082807e-01,3.273807569975374365e-01,6.401054075584701186e-01,9.657242012856441793e-01,7.609798644189893491e-01,9.693000702730197871e-01,8.153963353857152097e-01,9.689292559514262049e-01,4.226211821083771802e-01,3.733856121549304907e-01,4.021112104585503610e-01,8.873547963856732723e-01,4.474492936616052408e-01,3.296903890468506071e-01,7.963498269721023259e-01,6.748657737140165702e-01,6.118569037104496511e-01,9.497629511712355477e-01,4.014334930462212236e-01,5.198448108912473442e-01,1.492828262559527941e-01,8.532974995711168908e-01,7.263101034970901315e-01,8.958902011665224041e-01,6.703611086653801232e-01,7.487958737229627459e-01
6.433246356122490628e-01,7.112565102798285022e-01,3.426352288232682453e-01,7.225418339597838857e-01,8.005707172485015954e-02,7.912961941155614021e-01,7.632741085450018836e-01,6.632211518975524855e-01,7.041204555594477998e-01,5.479455292612169792e-01,9.769197766470522071e-01,6.452060322850259322e-01,4.598848012419252118e-01,6.507344601150004682e-01,0.000000000000000000e+00,3.285349798253659470e-01,5.993206158270075745e-01,7.078307672620102187e-01,7.334384986278588148e-01,4.076725159590944281e-01,5.774455781485592354e-01,7.286145506857834020e-01,3.133088584911039032e-01,9.598588843522807279e-01,2.029305470162576230e-01,5.600067891283675436e-01,5.194593373746573262e-01,4.412048788208602912e-01,6.993505564633084592e-01,2.677881935781571965e-01,4.124189279231429417e-01,6.568670942122094569e-01,7.384559479336573196e-01,3.229068328978884628e-01,4.949315659058518002e-01,3.155098695080000293e-01,4.617297730603796557e-01,2.883292879529069166e-02,6.278173719328162816e-01,5.276197625392041735e-01,5.338175916019582967e-01,6.413388299522344571e-01,5.199342497863223000e-01,2.031322358466615963e-01,2.482882626100059442e-01,5.839195976166016155e-01,2.659927869701648184e-01,3.475428367064443691e-01,2.150439801849267085e-01,-1.764885664242446528e-01,4.463477948054245803e-01,4.468351724180621432e-01,6.044168372707874326e-01,4.386951517863357797e-01,2.516837801572010536e-01,6.408920298756096701e-01,4.518015517012979321e-01,8.732449976986792484e-01,4.344550119141707412e-01,2.510925230458099788e-01,7.597180111620574494e-02,2.763231564158351583e-01,6.608027716014253095e-01,4.818708497448016548e-01,5.762621665740795818e-01,7.847001561806544734e-01,2.573602698015143853e-01,5.959921355980011271e-01,2.083038138225651037e-01,5.050160021740702776e-01,7.252339158364653482e-01,7.738520576891828595e-01,5.003834239328864841e-01,5.534007938987393072e-01,5.055338045186724694e-01,5.371804371581246906e-01,9.159685101471579660e-01,3.174813199419253551e-01,3.589645927923196811e-01,4.531708601570394457e-02,8.173645266999345349e-01,7.004529715038751991e-01,9.780436288646267018e-01,5.869708189808562349e-01,1.324262625375757230e-01
9.546967779082871086e-01,5.798886647678040962e-01,9.486588744962521913e-01,3.699965791880732713e-01,8.701824561638225042e-01,2.656132963771246080e-01,6.838325009559907963e-01,6.607132754705745681e-01,7.779921071037032565e-01,3.830483557241517456e-01,9.670553774866996743e-01,9.234517546904974505e-01,6.489111270806435794e-01,6.103503701422589023e-01,3.285349798253659470e-01,0.000000000000000000e+00,9.453098355796953900e-01,4.406684376284331628e-01,6.951483793174183246e-02,7.093409164460956484e-01,5.806803425593891621e-01,1.050505621133446810e-01,1.803319047440094802e-01,8.081062403499202906e-01,7.308689999145485672e-01,4.420845855523294898e-01,5.829840999809832169e-01,7.134541135337373330e-01,4.399473282789805317e-01,3.966823461067923717e-01,-1.799226638203585416e-02,5.527513992775665574e-01,9.461206035915850077e-01,3.920485444220657145e-01,6.927639722397281874e-01,4.763269462996212456e-01,4.008707448960132091e-01,2.463452134058115306e-01,6.982134649217628386e-01,5.454644198691600554e-01,3.914378760154623715e-01,6.166202982334497706e-01,4.087551925235475281e-01,2.450860949978829750e-01,8.254324090066073039e-01,8.422283811233997053e-01,8.243500102914035343e-01,7.878962717607390642e-01,9.326028574477049915e-01,4.278727114465263326e-01,7.671881296762670388e-01,5.765269492502667070e-01,5.094072889391464409e-01,4.806007202477617368e-01,6.456807725781165130e-01,7.471351221653675934e-01,6.625878999411314307e-01,7.578979779072272382e-01,3.038827250336512131e-01,4.203650886085264493e-01,4.991934680035953198e-01,7.966629416522207352e-01,-1.363565396471330127e-01,6.390336702232370936e-01,4.900877231042031212e-01,8.910701601616722867e-01,4.688413580735751318e-01,6.389362758976437906e-01,2.113121889313206991e-01,3.925152029696965528e-01,5.256564329621498111e-01,1.605724986434444723e-01,4.581113380668470070e-01,3.008146162829331005e-01,7.577577198926022627e-03,2.282363680214089530e-01,6.882318117617395314e-01,4.293717716768645776e-01,4.620758681791897193e-01,5.304715595145614859e-01,4.954499618022558671e-01,5.056805006055919982e-01,9.469704559357690066e-01,7.916393514806220333e-01,9.823272518995136426e-01
6.531168453338319635e-01,6.520711589954468757e-01,5.915416162887155993e-01,4.984221946224084987e-01,6.754441015835738193e-01,7.052359781595154420e-01,5.298727710521036194e-01,7.387772468673329263e-01,8.404820279525887505e-01,9.028053239351885306e-01,6.972633782045027928e-01,8.234241769671871713e-01,6.544139396501311712e-01,9.369401887525018457e-01,5.993206158270075745e-01,9.453098355796953900e-01,0.000000000000000000e+00,5.958878812150520954e-01,2.998498513581574487e-01,9.894431586476353235e-01,6.263009660726973626e-01,4.558436606751234965e-01,7.937452681546638411e-01,3.369850173725728038e-01,5.956987834538089999e-01,7.432165203868190684e-01,6.462777703652791139e-01,5.017732720586837170e-01,3.308390522595086036e-01,2.513053749302458506e-01,2.602088886243492660e-01,7.626067292451335078e-01,7.863076835853129998e-01,2.328244944375135461e-01,3.560064532521969305e-01,2.673415138607033170e-01,3.697668266971865236e-01,7.806391199960107663e-01,9.774976986694572378e-01,5.538409369203418642e-01,1.247428994218254400e-01,7.840230847735448760e-01,8.325525908090928295e-01,6.798398328427771586e-01,6.176867311220454182e-01,4.099048190254797608e-02,2.572763061087259828e-01,7.892853601477787251e-01,7.637394852071519580e-01,5.478652032717539200e-01,4.637164669473283762e-01,7.339760731096510726e-01,3.715872779426369066e-01,5.142627695249973874e-01,7.817534270902548599e-01,6.052503194944193199e-01,-3.687593149206513932e-02,2.516885969441243209e-01,7.466398555549895732e-01,5.469959833055549892e-01,2.406312904216371673e-01,6.055154194607095253e-01,5.300647934433652120e-01,4.951487763361908101e-01,7.473699569592153757e-01,6.626436171344087800e-01,6.353142441223708081e-01,6.019499702761946791e-01,5.423161380753551697e-01,4.073537599223526762e-01,6.482944980337956853e-01,5.421486953878572601e-01,5.131036016880113904e-01,5.899419327706494354e-01,2.323376546089616634e-01,6.738229632842991368e-01,5.173727007305157777e-01,6.785781945866607989e-01,2.865404257976926772e-01,4.785393285788057116e-01,8.487625995980243587e-01,8.792771094536833143e-01,9.274321150492448318e-01,7.419154963210223830e-01,2.950099719081652472e-01
8.414268156122149955e-01,6.825854534577635579e-01,5.728972599099027008e-01,9.773868620748441538e-01,5.297565999603036646e-01,2.966169023815610761e-01,3.294376940018910460e-01,2.977554466122465104e-01,1.660814724057565472e-01,6.739733755178399788e-01,4.777233523659458192e-01,5.450106732380646246e-01,8.999846190331161067e-01,5.541435357004338425e-01,7.078307672620102187e-01,4.406684376284331628e-01,5.958878812150520954e-01,0.000000000000000000e+00,5.982559946610004342e-01,6.012620606716344573e-01,8.743743530340467585e-01,3.832471050156341374e-01,4.161898474825809213e-01,9.182083890927190684e-01,5.948095756237399279e-01,6.072275928605450623e-01,9.779256152387088008e-01,6.624245471210905567e-01,4.893927590049313436e-01,3.516973504866983680e-01,2.380129128004161987e-01,4.984961980236212731e-01,6.865565317756010533e-01,4.149296371609964007e-01,5.709591794638617657e-01,6.819983158317435845e-02,6.658479522388134619e-02,2.162955661883403102e-01,6.358580567796553451e-01,5.397155575997598653e-01,4.694992797226112957e-01,7.894089019206229629e-01,7.061631148066594976e-01,9.402936011587608167e-01,2.405166553488119752e-01,6.232523742009490331e-01,6.722033137741547648e-01,2.590724442686408446e-01,3.860061242934524905e-01,4.242446145894710474e-01,4.817211549878330779e-01,3.213255040031909315e-01,9.301124369187973029e-01,6.367306521982983858e-01,4.234724673443727716e-01,-1.099058497168196036e-01,4.576385969807001963e-01,6.312861815937801380e-01,9.754820578590144287e-01,4.448734549790241966e-01,3.595209353123894891e-01,4.813350651620831866e-01,8.093974267987062987e-01,4.988607001462878054e-01,9.890501104432489754e-01,1.598258419437946776e-01,7.392207417681342374e-01,5.759563369983614622e-01,5.365876014662311899e-01,2.005671793905036970e-01,5.369142513860568622e-01,7.684717266194335261e-01,7.311424982928694805e-01,1.675866402737713479e-02,4.403089335101296187e-01,4.785037169123550482e-01,7.873930587023866279e-01,4.342584720262988585e-01,4.239608463710368702e-01,5.823123717939758803e-01,6.658035736361779255e-01,6.437366236181457646e-01,7.827168431566836615e-01,5.391282194926424465e-01,4.714431942524327512e-01
