0.000000000000000000e+00,6.864003891272697500e-01,7.816562185563211695e-01,6.485207429161643500e-01,9.322035305487317292e-01,8.404430394996410536e-01,3.694171784371877432e-01,1.720306152712174422e-02,8.922373605268880681e-01,7.768881655879379400e-01,4.286593845466541430e-01,4.016885910058972664e-01,2.401911812899650278e-01,9.004081970723553097e-01,9.615478233443479628e-01,3.739565870587742147e-01,8.661140945770002819e-01,3.864886583090377803e-01,7.087730358001586017e-01,8.759409600507171989e-01,8.722701039225286834e-01,6.198813582371985875e-01,8.406981647329623275e-01,3.787751351882373552e-01,6.793671916230816787e-01,7.498618399108432087e-01,7.573634589835223085e-01,9.581977347371043452e-01,7.420174525848897140e-01,4.706342876351438109e-01,7.591877853131673293e-02,7.947645623780468238e-01,2.286942814630512355e-01,6.769593274084917400e-01,4.768950955737732422e-01,3.929509888955542429e-01,5.799922797711468681e-01,9.046138127705162235e-01,9.267877878347337006e-01,9.857283189873475848e-01,6.260660731600998785e-01,9.344967394369403380e-01,7.634639480043795556e-01,6.771768822797363807e-01,6.654718915056183626e-01,4.673740979731554335e-01,6.010679434904221408e-01,5.051339354449682073e-01,4.642501524035037574e-01,7.552068380756500332e-01,4.693122393780276291e-01,8.565677669793727578e-01,6.103753595314315161e-01,4.498919371665808797e-01,8.843122343834822763e-01,6.980891982592368761e-01,4.122231089778830015e-01,2.327052523677689277e-01,8.210163158949113082e-01,3.972667997454584210e-01,4.817174303019348680e-01,6.905639532607076303e-01,7.452676173330885501e-01,8.469539326795281209e-01,7.712044742172231571e-01,3.929900232786870395e-01,7.457450361600055366e-01,7.516152345334407014e-01,6.614923940368844235e-01,8.704300494454552117e-01,4.248550026843806449e-01,5.018650163894962102e-01,7.033000090671578386e-01,5.898882544947925410e-02,7.311234281238864208e-01,5.764044286332026257e-01,7.883730275763496387e-01,3.739346135733887522e-01,6.803859884420362381e-01,3.390530691772456473e-01,6.633932362948449235e-01,8.821127480484024508e-01,8.040129899272567826e-01,7.699104896580517554e-01,8.138738682646937672e-01
6.864003891272697500e-01,0.000000000000000000e+00,8.814018582996073770e-01,9.732316498477792122e-01,6.301768868367966236e-01,8.803201493305510272e-01,3.415166255796976413e-01,6.520513158052203551e-01,5.781543556693501396e-01,5.355267758441444315e-01,2.052840428501953585e-01,5.963116849983961520e-01,4.209905500097360087e-01,8.679640356902696974e-01,5.360621108677717794e-01,4.648089861198065331e-01,5.582850484425569970e-01,4.989736773421381555e-01,7.916207392552208066e-01,7.767352075775700859e-01,6.629653791786918049e-01,9.027239536536728615e-01,7.798380298926191889e-01,5.948143887973728061e-01,6.025861465326469713e-01,6.371749046391874671e-01,6.829570766382742075e-01,7.786920004939803519e-01,6.093108866797146694e-01,2.733133423981021770e-01,4.841991622731310896e-01,8.796413664611458794e-01,6.261932802352020433e-01,4.265540263927423137e-01,5.267556286346808392e-01,3.308668574152682229e-01,8.290668604576896528e-02,3.626420159094937423e-01,4.483419492877115942e-01,6.933958376100956000e-01,3.580729917605734308e-02,9.675313004762811087e-01,8.552697989913482512e-01,7.673930114632101507e-01,8.052063601661751946e-01,7.095489442794646884e-01,8.348914252319312723e-01,8.126446582692489207e-01,9.666515598057638936e-01,6.739115274887292895e-01,6.434851340230161032e-01,3.075591408788395098e-01,7.769838195096500089e-01,7.671454025833006618e-01,4.218535048803518928e-01,9.585707593128505177e-01,6.476824151376786576e-01,7.448365724311393210e-01,7.418134342510364077e-01,5.272292552393921250e-01,3.691952541527883103e-01,1.706270763543229485e-01,5.472114775679037812e-02,6.327086689840896172e-01,9.439911834186172079e-01,9.459086101333779029e-01,6.010245740667744530e-01,6.815528445433765015e-01,2.781537781861838643e-01,6.217830577796699121e-01,9.302879980343534694e-01,5.533668336135252330e-01,3.529867777106649451e-01,3.378714544834178213e-01,3.916383368815249955e-01,4.313395342220972539e-01,9.331418819449522895e-01,6.992888470543029422e-01,5.873778482042069093e-01,2.726774645664423735e-01,7.343195197224763326e-01,5.632443651923263461e-01,2.096884736647137704e-01,-1.451756493848913587e-01,7.795619555613882978e-01
7.816562185563211695e-01,8.814018582996073770e-01,0.000000000000000000e+00,7.465377492528171288e-01,9.980137126817607562e-01,4.509279060019819041e-01,9.116034255871237058e-01,7.068657251067156366e-01,8.788305727475881346e-01,3.532172410638704241e-01,9.201972673717537798e-01,8.017544186768046366e-01,9.721227904500669981e-01,8.619017942508102603e-01,4.321424334421097857e-01,8.154928118148514482e-01,4.892092268024124113e-01,7.285692522009260541e-01,6.992775544562844781e-01,-9.739683800770804201e-02,9.229508147922164119e-01,7.827192703133114549e-01,7.764012940690514508e-01,4.255741868060101130e-01,6.938997285136886406e-01,8.953053322645770917e-01,4.352139105528487484e-01,4.081797589975159068e-01,5.621495327671808262e-01,7.615157868895242599e-01,7.602325376792221645e-01,6.739881607072982506e-02,9.573983019343682566e-01,6.558747461149644353e-01,8.279773255916734742e-01,1.091840371918580549e-01,6.605425167394185504e-01,9.582354031711395326e-01,6.193568286497325159e-01,9.378814778682591502e-01,2.159069298831188810e-01,9.766436524334651814e-01,9.475787383421127030e-01,6.623804467450167266e-01,2.113605239226315213e-01,4.654616028536145422e-01,9.407209805291750770e-01,5.461478008276905438e-01,8.516217233533287523e-01,5.306124069654089004e-01,7.415027285648905231e-01,7.098223690700939947e-01,6.185936639107226798e-01,7.480728209423368469e-01,9.251951341786210925e-01,2.856961246777234842e-01,5.507635343044905429e-01,2.525625271722480858e-01,6.247243404521759524e-01,6.976780928200958520e-01,6.231397404080133429e-01,8.557923136854560520e-01,5.990483874965253364e-01,7.528099571461548400e-01,8.036233898154256927e-01,8.765587897159915487e-01,6.282699571625550705e-01,7.150530175642999531e-01,9.157613325466877896e-01,9.351267130762883628e-01,9.942476791048910911e-01,7.034493924368935280e-01,4.080843254527460884e-01,3.451913979080347694e-01,9.739191947979841668e-01,5.458038502928329594e-01,3.961070217843433161e-01,6.637914242003342125e-01,3.625305598956104491e-01,3.564194894226558885e-01,7.192846974716951003e-01,5.793925358627014521e-01,3.874157396060992076e-01,9.718917370256338062e-01,4.402967258952967256e-01
6.485207429161643500e-01,9.732316498477792122e-01,7.465377492528171288e-01,0.000000000000000000e+00,7.460344039473547628e-01,7.304010835258172296e-01,4.733456424448529987e-01,1.219623348170892352e-01,8.463569436929019307e-01,3.952810091550998939e-01,9.457502391005967457e-01,4.134769895332781608e-01,9.372564283461835011e-01,5.573276848553099239e-01,9.617048972513746463e-01,9.244698229067228601e-01,6.320918725291978513e-01,8.221220546973011523e-01,6.150302541415978430e-01,6.260656592617984684e-01,9.898453236910378372e-01,5.383544892383227420e-01,6.662075893739747290e-01,4.556348190954602750e-01,6.265845886345396965e-01,8.056306643596914396e-01,9.496572512512868602e-01,6.504754027999418708e-01,3.764537920528206183e-02,7.755476978176323311e-01,3.677774316721392767e-01,3.131379159428255843e-01,9.572212261170334191e-01,5.454205189002605536e-01,7.905624768501924304e-01,4.317741209609368691e-01,6.780440363418245298e-01,4.486817073261140654e-01,3.537202617211813171e-01,2.379804430473635435e-01,2.509427596771178215e-01,3.365545739083742882e-01,5.035372422905410872e-01,9.080833570935187282e-01,6.128750639420201818e-01,4.248552344449644802e-01,9.157426930526617603e-01,4.330910017896311137e-01,7.658381225166427386e-01,8.852580847446329670e-01,4.449213126868285517e-01,3.720376489323830027e-01,7.424125716331083646e-01,7.367096474069299017e-01,8.296536919808624733e-01,8.876722373216187068e-01,6.446454816210284156e-01,2.181490897676983398e-01,7.416877993347884002e-02,4.513866584589967812e-02,7.759554321519253062e-01,5.578305052896574967e-01,9.567875335215104693e-01,3.350931480392767003e-01,6.540901152835132404e-01,9.364248389211833334e-01,9.604578653462810811e-01,5.570217468762893587e-01,4.961324549527747485e-01,6.056382257712702444e-01,7.937395192145779710e-01,9.071678111489993590e-01,5.780819382465348655e-01,2.753921195619091766e-01,2.633915357381604316e-01,6.309330280632625687e-01,7.782989016338637267e-01,6.020267679974772301e-01,1.499304203864870733e-01,2.533370917280921564e-01,5.806454181922053870e-01,7.408257389727957998e-01,5.333235568382337366e-01,4.947910110326797506e-01,5.664320414753754029e-01
9.322035305487317292e-01,6.301768868367966236e-01,9.980137126817607562e-01,7.460344039473547628e-01,0.000000000000000000e+00,8.841172530300790422e-01,4.940854165729213765e-01,8.263873425017143060e-01,6.900401475099045001e-01,8.467805411592572995e-02,6.050724363647534965e-01,8.678332300667956911e-01,6.603340243118399622e-01,9.859578676790186069e-01,3.409755521640012166e-01,7.255741173922161669e-02,3.816080133429841093e-01,9.991038571394259549e-01,2.264197988410599216e-01,5.072269768007151569e-01,7.051424803809527297e-01,9.343571193212914239e-02,6.224759242357330580e-01,7.239313135148700562e-01,6.160697992351573671e-01,9.576108975864795481e-01,8.099045248019030030e-01,3.304712454710602709e-01,5.152697792539360222e-01,2.022314601960454039e-01,4.641702161216052502e-01,2.245320852139670031e-01,6.175459085374541690e-01,7.952987489524179221e-01,6.189785810113864750e-01,2.274612560564479025e-01,4.016544084698941974e-01,5.051503217546761126e-01,7.368024341550015732e-01,6.474947254944499742e-01,3.611650677219178651e-01,7.623526479037194825e-01,6.197868087959244043e-01,8.902373550661323298e-01,4.677825201680304024e-01,9.402572343716758541e-01,8.211873364929626051e-01,7.666162979076869277e-01,7.013475221871319221e-01,4.899474636139785622e-01,6.201188291226584770e-01,8.238688373640967733e-01,9.513743306749269379e-01,7.796858466142930766e-01,6.670937777266576774e-01,5.036764756335015969e-01,6.416459501973831303e-01,6.252335290743736840e-01,6.647304366159045852e-02,6.275812080233539314e-01,7.835487356843463536e-01,5.880965642892939105e-01,5.337246336879475361e-01,6.913247246805440671e-01,9.467283059514994825e-01,5.917961632942795314e-01,7.645803177495167358e-01,8.876462104401545705e-01,3.596436100445964401e-01,8.847304801633585347e-01,4.705657046255208309e-01,8.391533369863046765e-01,5.468635550488424313e-01,2.347529880784216070e-03,5.959738990902053724e-01,9.331812515937051300e-01,8.303237951847501908e-01,4.430470537547672172e-01,4.173312659024969173e-01,1.292471259903741621e-01,7.287602843802938324e-01,6.348909676963003790e-01,9.306820658396997015e-01,3.862817594543154209e-01,4.949557127476799101e-01
8.404430394996410536e-01,8.803201493305510272e-01,4.509279060019819041e-01,7.304010835258172296e-01,8.841172530300790422e-01,0.000000000000000000e+00,2.635237056190220528e-02,6.116968555820964104e-01,7.660927641776382746e-01,8.611741785917651493e-01,2.401832538351689750e-01,7.923581483722099694e-01,4.604642232028505755e-01,4.346915175102888385e-01,7.018135130874288974e-01,8.128237457782200304e-02,5.776789656411189799e-01,7.298108986829492384e-01,4.637247411869464542e-01,5.521059423616574424e-01,6.660071338560260568e-01,-3.566739800782245395e-02,6.121567911415132235e-01,9.572981543158045614e-01,5.905079118298073304e-01,4.997589787137210471e-01,5.369021021013842265e-01,5.402042046649447871e-01,2.870684453052219642e-01,5.841991925513313477e-01,3.139585544091734182e-01,5.567113149451099474e-01,7.838520546362233166e-01,6.614356184814504935e-01,4.217593243784653056e-01,2.394736876227214206e-01,3.623141370983217202e-01,4.805880696297338828e-01,6.440105552696775426e-01,6.625421274215633760e-01,6.835475971492881442e-01,6.831418614570108905e-02,9.531173413587497034e-01,6.115235665272072962e-01,2.221188530383577109e-01,6.666230057931743502e-01,6.724944997060078311e-01,9.984863516123377858e-01,2.210747495848158217e-01,5.041971021778977047e-01,6.417863244762804786e-01,7.025651084416703052e-01,6.357183704768618604e-01,4.312629261068184339e-01,9.138660940119887055e-01,9.130653339083487641e-01,3.862554797977580945e-01,7.754577436802563284e-01,5.642538964927310552e-01,2.715236266077994398e-01,4.787201617682098065e-01,1.894428346552334552e-01,5.366113585371127259e-01,8.582338558967849140e-01,8.868004511800169354e-01,6.429607325846917742e-01,7.184589951720368184e-01,5.086556697932108628e-01,5.480471886861782993e-01,4.903705440980001828e-01,5.590999945716539354e-01,2.976525549144152238e-01,6.320202504402173682e-01,3.681352624819927977e-01,5.300600993640782743e-01,7.005466883915857368e-01,7.466019531715102353e-01,7.176243464669531669e-01,4.850472749717416043e-01,5.720006685861587226e-01,5.041149828687548906e-01,7.537005410348258660e-01,6.460727449203941264e-01,7.355094182240417000e-01,6.557436706251664749e-01
3.694171784371877432e-01,3.415166255796976413e-01,9.116034255871237058e-01,4.733456424448529987e-01,4.940854165729213765e-01,2.635237056190220528e-02,0.000000000000000000e+00,4.649854895879930172e-01,7.228500938526079000e-01,4.884796938263370469e-01,2.756995381971276693e-01,5.595919577488692731e-01,7.150595885165257348e-01,6.565320449950813320e-01,7.644884835963459135e-01,5.681793124587186661e-01,6.512600699344871513e-01,3.566586534012634591e-01,4.710722416545229385e-01,8.155749595163974686e-01,6.426516111745055326e-01,4.639452317652617563e-01,3.711316114855424120e-01,2.451873828031730096e-01,3.383545078326611888e-01,5.868241257421543677e-01,3.196016133704848161e-01,7.832674300643802656e-01,2.620334105128686031e-01,7.737847881522879057e-01,6.535838719583787482e-01,2.542391836847043840e-01,6.196445641724249720e-01,3.911652982730357553e-01,7.769661849929472286e-01,1.540434115978424612e-01,4.591120137489971831e-01,6.075570966025318764e-01,4.999661179777826758e-01,4.204773577587515576e-01,3.938891982117990187e-01,3.493617344743973341e-01,7.559497744916973128e-01,3.503785675251804843e-01,8.149168489448610497e-01,6.105403767818361471e-01,1.366214917236611981e-01,5.302133352548007439e-01,4.433448119906402973e-01,4.616400345886564338e-01,2.654456603408811288e-01,7.103029307555545069e-01,3.043131024342611290e-01,7.940661594576445825e-01,3.178198231282099440e-01,6.485618756372425464e-01,7.138322573895812262e-01,2.790223797135978345e-01,5.372233135699434614e-01,4.141912079906812094e-01,4.999053773889176600e-01,5.867913625747016582e-01,7.217646834254258792e-01,4.895904694735727647e-01,8.427686932320440638e-01,2.682515411613093925e-01,3.996094971034339638e-01,7.055192729865618073e-01,6.251493921407833554e-01,4.775181961355849936e-01,4.398288293981115205e-01,4.164990517845314488e-01,5.276798669971808353e-01,3.868870044996604030e-01,4.651351274759416010e-01,7.927483301872173538e-01,4.742809712350732343e-01,4.237319822266576996e-01,3.827491249773969928e-01,2.356970453040918567e-01,3.440631119932898718e-01,8.173286427335370030e-01,2.142389272194369365e-01,3.973374447460272796e-01,6.714305249625420746e-01
1.720306152712174422e-02,6.520513158052203551e-01,7.068657251067156366e-01,1.219623348170892352e-01,8.263873425017143060e-01,6.116968555820964104e-01,4.649854895879930172e-01,0.000000000000000000e+00,2.591569423987031273e-01,2.378707445085505301e-01,4.374857459477128341e-01,6.540608538250882731e-01,9.286323436150367705e-01,5.780937447581435684e-01,3.044013936469672221e-01,4.813199733935780711e-01,5.754327251134488952e-01,5.047945668657409790e-01,1.114565127021999447e-01,6.531602013643807991e-01,9.710593594405503293e-01,4.435773063451514675e-01,4.320039366062461417e-01,7.770022374851398572e-01,5.299326414563301779e-02,6.759078326716507767e-01,4.318076372103967220e-01,6.473876872205395205e-01,1.368022092842171578e-01,4.944818449608304745e-01,4.521975757336593182e-01,1.204238879388843109e-01,7.263281359842993501e-01,6.461754061696456386e-01,6.180069612973976279e-01,5.818858536089990818e-02,4.958800128618615632e-01,7.879014845953086210e-01,7.496493602518081723e-01,1.403805657399468942e-01,3.304945426388256058e-01,6.060253175016302452e-01,9.561580961523548083e-01,3.983048000934156230e-01,9.180997485476526387e-01,3.586029814848193942e-01,2.222792946351493382e-01,3.072070706994789457e-01,3.179309792538563828e-01,5.232710012125770804e-01,1.262042596420330787e-01,5.901907508438339889e-01,3.393020333078136108e-01,4.634144726152983340e-01,4.216986196080000360e-01,6.524793570141258492e-01,2.685714572225309515e-01,5.001791715830499196e-01,5.857643132798391328e-01,2.313930856435433836e-01,4.863546402974227023e-01,6.775854559939242794e-01,6.574469738678281328e-01,7.891549447500858516e-01,6.672909909359209246e-01,4.948092572877880735e-01,5.116479730325190767e-01,8.630307186970939126e-01,1.123166054218569659e-02,1.603759248230460788e-01,3.220174063159417788e-01,5.805799862374998455e-01,4.989871713996504310e-01,4.491152600225076785e-01,9.165457575257873746e-01,1.704380970468708650e-02,3.802636477119576697e-02,5.841010540488488223e-01,3.290979595110681832e-01,4.531807047394146859e-01,2.199968612377566912e-01,2.450121056723669477e-01,-1.891466587389372400e-01,4.606875619757948986e-02,4.611674986114560060e-01
8.922373605268880681e-01,5.781543556693501396e-01,8.788305727475881346e-01,8.463569436929019307e-01,6.900401475099045001e-01,7.660927641776382746e-01,7.228500938526079000e-01,2.591569423987031273e-01,0.000000000000000000e+00,4.426923405889983676e-01,4.765757760365642026e-01,3.080175420781950946e-01,6.385493514848989971e-01,5.357649365283805309e-01,9.507831524974239557e-01,6.934151759958022687e-01,8.966913675973211539e-01,3.305137163799964917e-01,6.328797123312497330e-01,6.025212980902862059e-01,4.493075634530235840e-01,4.518188732406552832e-01,8.019623475658023137e-01,4.514748525895887488e-01,5.912443681404162543e-01,4.817828186701267855e-03,6.042882810152621076e-01,5.967772904299000203e-01,4.467886243785125777e-01,4.506595761083458940e-01,4.759928728349548943e-01,6.572560035369531262e-01,4.527774808983515975e-02,6.726853377671087042e-01,5.062931676152143678e-01,3.995382448096891359e-01,1.295323325609674947e-01,2.971424201929579456e-01,7.053780548707968556e-01,8.905676021349359095e-01,1.226740742265217260e-01,8.907854564343364867e-02,9.823477048425354186e-01,1.269399829312881089e-01,8.712501187428960403e-01,8.231326968013958911e-01,4.959352683195856759e-01,5.386523132869986963e-01,2.288200117523014054e-01,3.774647604854543537e-01,8.535902203965297641e-01,7.552241125260307220e-01,7.143607110601821741e-01,7.565375186989258260e-01,7.850749296915047193e-01,4.137549170449818514e-01,3.354068671728525075e-01,3.452087646665853438e-01,9.343932443128795118e-01,4.443773272666317053e-01,3.166070566663047314e-01,8.157218933901820845e-01,8.044184058312237040e-01,5.147724684350623026e-01,7.225411616448754737e-01,7.913578448646250152e-01,4.224561484792738741e-01,5.892456508107952740e-01,7.415926054717201232e-01,2.894676387577489463e-01,9.557577083058950151e-01,3.425121477260047453e-01,5.533260865702569475e-01,2.016449174227334384e-01,5.014647441534889616e-01,5.188227991371270331e-01,7.973199411628686395e-01,2.058056019146763949e-01,3.749199389778308800e-01,2.916075129681786060e-01,4.776092196123180034e-01,5.974422401734087451e-01,8.752010774340068799e-01,5.280128943651940521e-01,6.902196632952324329e-01
7.768881655879379400e-01,5.355267758441444315e-01,3.532172410638704241e-01,3.952810091550998939e-01,8.467805411592572995e-02,8.611741785917651493e-01,4.884796938263370469e-01,2.378707445085505301e-01,4.426923405889983676e-01,0.000000000000000000e+00,3.684802841426181308e-01,5.220483662935155866e-01,6.250778531284280071e-01,8.637300049670056934e-01,5.281024613686146063e-01,6.778599427223723772e-01,3.638745323757624356e-02,4.749287085506870287e-01,8.371184907224511473e-01,7.335348079922680009e-01,6.644330984309395616e-01,6.692232071902004531e-01,7.506405409401529782e-01,5.927168075564720473e-01,2.374597488044132010e-01,4.390419721641134476e-01,9.787053201027522409e-01,7.627729727521377345e-01,5.283667028097325247e-01,3.334924793996543180e-01,3.451636540285873966e-01,4.227269235239436429e-01,8.917815102071141586e-01,7.549601703928431329e-01,5.760250646107014649e-01,4.921110036422211842e-02,4.993012170598268851e-01,8.577521992877600310e-01,6.139379688972566029e-01,7.550310676741632809e-01,1.565715979263679891e-01,9.604340454838315999e-01,9.009620663288040454e-01,5.626279742774018544e-01,6.436948897274364922e-01,4.299060066097061261e-01,-8.863894971130178990e-02,3.400478322292128097e-01,4.085815186798422705e-01,-1.434218323753493896e-01,2.629028511962721026e-01,9.417665650122375443e-01,8.853116296450829203e-01,8.748563807175712137e-01,6.301686086989067848e-01,7.193318936151006371e-01,4.593713565956418221e-01,4.568995932896612877e-01,7.552176837576412005e-01,3.444876166793858774e-01,5.892747451465725206e-01,6.375584688718118898e-01,7.714855696124812701e-01,7.005187889581432348e-01,3.371725172767202627e-01,4.299191768298061822e-01,4.187151275461069577e-01,3.657450609505985550e-01,4.454883522679538577e-01,3.759772741129954188e-01,4.497821338961613402e-01,7.745394105945935248e-01,2.184510703121536612e-01,6.189872226014681011e-01,1.539298562302543472e-01,7.537043393344937670e-01,2.669376575139161267e-01,5.232875363058794305e-01,5.296437242037507209e-01,2.450910912010706433e-01,4.839141943734582285e-01,4.704144634069996056e-01,8.468877520281925531e-01,7.318234174328301922e-01,6.278959577234337619e-01
4.286593845466541430e-01,2.052840428501953585e-01,9.201972673717537798e-01,9.457502391005967457e-01,6.050724363647534965e-01,2.401832538351689750e-01,2.756995381971276693e-01,4.374857459477128341e-01,4.765757760365642026e-01,3.684802841426181308e-01,0.000000000000000000e+00,5.930850346303300213e-01,9.837667721094726092e-01,9.788401818188473547e-01,5.657944047939335031e-01,8.521009249209998693e-01,7.900258128858053119e-01,6.553156713304436609e-01,7.078525127823672713e-01,4.142810797596436223e-01,7.656071438011092800e-01,6.080773169206447060e-01,4.532996726829260359e-01,6.467759494718183788e-01,5.727895223065115893e-02,4.221375040443561266e-01,8.005078393506553924e-02,8.692859832805579501e-01,4.812955067126896136e-01,2.379995717500175689e-01,5.608820789309546528e-01,6.718824895493846761e-01,9.614222259263426329e-01,7.792502045375144792e-01,5.693765375174765220e-01,2.266514788938603364e-01,2.128609083152152581e-01,7.389723209884626609e-01,7.153039849545180795e-01,8.310520650689235955e-01,7.845775882942739032e-02,7.854225503505275485e-01,8.450196381407626411e-01,4.284433015313660054e-01,7.538719918822407440e-01,8.440491263236735708e-01,6.976417565713139979e-01,9.738646742399351686e-01,3.757192241153584078e-01,3.672895546930755595e-01,3.991982725013271116e-01,8.757207771644317518e-01,9.438246725492621669e-01,3.327270869311956814e-01,5.168221889165248717e-01,7.468856505026687520e-01,6.975511642729025352e-01,6.936842234903427273e-02,9.464511849042658298e-01,3.557437176240427767e-01,5.022051770500154388e-01,7.351844634035792359e-01,7.114295935418539774e-01,7.391666653392015007e-01,5.701530482129091304e-01,4.874274785546780508e-01,5.941495121103912425e-01,6.019431690006580293e-01,5.201544046792452303e-01,7.007313778080610511e-01,8.238060611989000970e-01,6.133911442415842519e-01,3.583896097262300184e-01,3.920277713513878326e-01,2.330809128697282351e-01,8.081754496748929650e-01,6.180193708455282708e-01,9.946279084004976401e-01,-1.991170577363322869e-01,-3.433142789343469614e-01,3.197834388128968364e-01,9.564673483602302850e-01,8.697086483428458914e-01,4.410153351893860152e-01,6.157854940213126037e-03
4.016885910058972664e-01,5.963116849983961520e-01,8.017544186768046366e-01,4.134769895332781608e-01,8.678332300667956911e-01,7.923581483722099694e-01,5.595919577488692731e-01,6.540608538250882731e-01,3.080175420781950946e-01,5.220483662935155866e-01,5.930850346303300213e-01,0.000000000000000000e+00,8.520200815333225375e-01,6.789764598914873606e-01,6.120443477118564513e-01,6.462860867757841410e-01,6.750743747106846548e-01,4.848719155599218733e-01,6.027973402166267314e-02,5.269897352262682411e-01,5.851868909431880983e-01,6.069929873623485239e-01,7.844420420069334599e-01,6.718242913578119646e-01,4.602287874771177623e-01,5.598011633095235640e-01,9.486701764111012958e-01,2.849566874337506883e-01,5.504835246177582908e-01,5.374926068016685488e-01,5.965691722285198367e-02,4.721039868883656343e-01,2.247966030536556817e-02,8.076196237412567314e-01,6.711015722627615698e-01,3.265437488918035425e-01,4.358413590014512118e-01,5.713109038350526747e-01,6.977322497483990915e-01,2.303081240121110096e-01,6.056769418001100441e-02,7.126608026339079638e-01,9.810238463754732408e-01,3.880750599610455209e-01,8.719570201829128786e-01,3.381134944942919551e-01,6.297589140461044011e-01,8.504132176432233070e-01,6.117080889425551282e-01,6.456629068935750837e-01,2.216318335409130369e-01,8.313298539800473633e-03,5.705606409594305983e-01,7.448604474461537617e-01,6.043423827072061938e-01,5.508561756161460821e-01,2.633833818807705396e-01,7.750705029977307259e-01,7.906841936274932037e-01,5.212585281735629961e-01,7.372059643575585852e-01,4.867314861616977018e-01,5.162378569022838537e-01,7.531994686753792356e-01,4.897455909221524184e-01,5.835628790742297678e-01,7.464422327367464804e-01,9.896413460375403925e-01,4.092006997514671673e-01,9.387413850755390587e-01,5.908887404299902890e-01,2.372471445959251635e-01,1.870440954594290439e-01,3.634248595363905876e-01,4.804079069745705866e-01,2.674684127543222045e-01,7.812127901085006432e-01,7.706751011068682100e-01,5.024393223075441783e-01,6.964148735759038977e-02,4.582659901583706064e-01,4.815424857529124747e-01,7.842613296308869053e-01,7.750141271043660129e-01,5.598752198025593874e-01
2.401911812899650278e-01,4.209905500097360087e-01,9.721227904500669981e-01,9.372564283461835011e-01,6.603340243118399622e-01,4.604642232028505755e-01,7.150595885165257348e-01,9.286323436150367705e-01,6.385493514848989971e-01,6.250778531284280071e-01,9.837667721094726092e-01,8.520200815333225375e-01,0.000000000000000000e+00,7.274429112255430541e-01,1.195037571035691554e-01,6.495129520489861807e-01,6.240327421737239533e-01,6.453561567392603893e-01,3.433920378428337861e-01,9.057084543500982798e-01,5.498179061843334603e-01,2.043103810122347819e-01,7.292866103996314964e-01,9.003808291560216892e-01,6.942423466857512437e-01,7.626466956207373915e-01,7.006555944692204330e-01,9.926143794769151096e-01,1.846854094345253272e-01,2.825769084710639256e-01,-8.987907836826225516e-02,8.947084636395798984e-01,3.102015643075259899e-01,9.232279290186410359e-01,8.740715387460963326e-01,7.329596208576194538e-02,3.472178899965850385e-01,4.157721716442153714e-01,4.161642416232754771e-01,4.535732060644248609e-01,2.521827946685432087e-01,6.697021231827129384e-01,7.874808674629669714e-01,9.758267627709074077e-01,2.374561054982538555e-01,7.708167031756978371e-01,6.017430786482951266e-01,9.545874143608702456e-01,6.721376919519296278e-01,4.020160322968825972e-01,9.188726118824097622e-01,8.436364784028214103e-01,6.266083339597615653e-01,8.417673606127623609e-01,3.556800529715111181e-01,8.827997999374823657e-01,6.284288681632976825e-01,7.825389623919224436e-01,5.274127117628724104e-01,6.170206185021377410e-01,7.244442719644876572e-02,6.728012172250391609e-01,8.546331675290926855e-01,6.900795437818191269e-01,6.456886153384541194e-01,8.157700671420644589e-01,4.234923309232281330e-01,8.457703219306695885e-01,5.110883672957599044e-01,8.539381238579012434e-01,9.496139838560033741e-01,8.226172188518060535e-01,1.950532047028026295e-01,5.289930545858012589e-01,7.040019526161027663e-01,7.957842674027941765e-01,-5.743194804963572264e-02,4.556313608379126689e-01,7.356198839459188177e-01,2.652906448546211715e-01,5.686171465116148793e-01,9.597247167596700823e-01,-8.417352098445923803e-02,2.512706378731542900e-01,3.222166945875015731e-01
9.004081970723553097e-01,8.679640356902696974e-01,8.619017942508102603e-01,5.573276848553099239e-01,9.859578676790186069e-01,4.346915175102888385e-01,6.565320449950813320e-01,5.780937447581435684e-01,5.357649365283805309e-01,8.637300049670056934e-01,9.788401818188473547e-01,6.789764598914873606e-01,7.274429112255430541e-01,0.000000000000000000e+00,5.776321885180613069e-01,7.115114842907139803e-01,4.400404506950569283e-01,5.315680085399517862e-01,2.648283934320312394e-01,4.166126636712363940e-01,2.244677340564346368e-01,7.014036105711044522e-01,1.999932567711542111e-02,7.817974193433252506e-01,5.721314044347280969e-01,6.999262785226616490e-01,9.783338717321715672e-01,6.802734811186339492e-01,1.175778647053185057e-02,2.329431532225945956e-01,4.244192850515618454e-01,6.577291697761793454e-01,4.548784597487198211e-01,7.755931835001880215e-01,4.968879354246124036e-01,2.505520690650888671e-01,2.736469622520986134e-01,9.843068207241959522e-01,6.857807423839992200e-01,9.553711539539380126e-01,3.991652387513508482e-01,7.971622844209755865e-01,9.453203899202980987e-01,8.812541555268422755e-01,6.975217663541959379e-01,6.127548820456028000e-01,4.393438604939416958e-01,6.530396674700670312e-01,9.442054801499746297e-01,5.756489462554921221e-01,4.815426885701243886e-01,8.564840201325016888e-01,1.159617864368776147e-02,5.750099544663396234e-01,9.322203707515078763e-01,9.163522493939222358e-01,6.236039223213737381e-01,6.870963057535927065e-01,4.351520623048804604e-01,6.854748757322107755e-01,3.956322466267899740e-01,9.344998287123296166e-01,7.408160946448295592e-01,1.762437755099590941e-01,5.717275213575999659e-01,8.263032170491602102e-01,6.963372022423065522e-01,4.660897838766547840e-01,6.598032528707826749e-01,5.887004121088357245e-01,6.869187991348350009e-01,5.677579659680515034e-01,6.840562804505060379e-01,5.860113701290717847e-01,8.129006425058339369e-01,5.598720794157976410e-01,2.213133843449311966e-01,5.063355864726587496e-01,3.162240813905574099e-01,2.092011273530588189e-01,8.469802674241764251e-01,4.284703589832630222e-01,5.898771778386027176e-01,3.895136557643403830e-01,7.869902955976810777e-01
9.615478233443479628e-01,5.360621108677717794e-01,4.321424334421097857e-01,9.617048972513746463e-01,3.409755521640012166e-01,7.018135130874288974e-01,7.644884835963459135e-01,3.044013936469672221e-01,9.507831524974239557e-01,5.281024613686146063e-01,5.657944047939335031e-01,6.120443477118564513e-01,1.195037571035691554e-01,5.776321885180613069e-01,0.000000000000000000e+00,8.322455958082325411e-01,4.519510139861813713e-01,4.290947342815304988e-01,6.855785570270114260e-01,9.873303483416187021e-01,7.576241203733896645e-01,6.179553820229694017e-01,7.223824658648763108e-01,2.973862241031338116e-01,5.425335697696029857e-01,7.294615383655403962e-01,2.289348533515000728e-01,8.935125367178192723e-02,3.946431591344901069e-01,7.260532074064066643e-01,5.640180506808175620e-01,4.272658049813518599e-01,5.379811915022179036e-01,6.063265986225577775e-01,4.364712917544706361e-01,2.400353443183630142e-01,4.462796842392775520e-01,2.930019389890385351e-01,7.633010971970750624e-01,8.253315586987798325e-01,7.533440522736007949e-01,3.007752416226783243e-01,6.111158926077371323e-01,2.449521627515033884e-01,8.759057596917522170e-01,8.210684897862028375e-01,4.092542231794494278e-01,7.765372783589572503e-01,4.973643414165004328e-01,5.934440718802804771e-01,7.742263155110845618e-01,2.966234668036193955e-01,6.768768634209826329e-01,7.145203771469675891e-01,4.614595438142068962e-01,4.095150731368787933e-01,6.513178861423007948e-01,4.929619977224101168e-01,8.187514116596814606e-01,2.620328477847415627e-01,2.515439443182379553e-01,9.076393485255421778e-01,4.983377789121042900e-01,8.114887485587574112e-01,8.628208030212020097e-01,7.707539953504483066e-01,4.513776997757144582e-01,9.918404792399176939e-01,8.397733477190225670e-01,7.509501579030289919e-01,9.106247550328624429e-01,2.592606933545321679e-01,4.135061095207617776e-01,3.900416776938759877e-01,9.060147056777185792e-01,5.680887877086052695e-01,6.571268970084133132e-01,3.352650907671094194e-01,6.509002128809211474e-01,2.713918682210761935e-01,2.624928529112087183e-01,2.847746201729860482e-01,8.262144830870417345e-02,5.744463657044162064e-01,1.469533681969477368e-01
3.739565870587742147e-01,4.648089861198065331e-01,8.154928118148514482e-01,9.244698229067228601e-01,7.255741173922161669e-02,8.128237457782200304e-02,5.681793124587186661e-01,4.813199733935780711e-01,6.934151759958022687e-01,6.778599427223723772e-01,8.521009249209998693e-01,6.462860867757841410e-01,6.495129520489861807e-01,7.115114842907139803e-01,8.322455958082325411e-01,0.000000000000000000e+00,6.147743198003473575e-01,8.562971186819362535e-01,4.286856147595228261e-01,8.253801670570495297e-01,9.212217723296372007e-01,7.652057786607151524e-01,8.595415971130158095e-01,8.627433940075266428e-01,7.551111879523411119e-01,7.938708600344026589e-01,6.173293938776674983e-01,3.093870692642632370e-01,5.415189296404301356e-01,7.299198940527161783e-01,5.949409424300438065e-01,5.158642722694054550e-01,4.279955694367741370e-01,9.690158409529316952e-01,2.964835794725633189e-01,6.339067584007485046e-01,1.440711044479662528e-01,6.112440693484767484e-01,8.457775569491166046e-01,4.248307588869276175e-01,5.600424039087533723e-01,8.747378747304102031e-01,8.814427992153481828e-01,7.561049765152050295e-01,9.531150949804744199e-01,5.839440360305018229e-01,7.782690050821852168e-01,3.899208144484563321e-01,4.840209397911395262e-01,6.091158139448346054e-01,5.427902763712879608e-01,6.808668870652775373e-01,6.295422354527121511e-01,9.653714520364142793e-01,9.542451299106139428e-01,6.882869045819087761e-01,7.918663194094006652e-01,7.542610017429571823e-01,6.818880684929771174e-01,2.504077302037119868e-01,6.187516164267584662e-01,-3.986305454768962475e-01,5.510334117752364591e-01,9.032142667077314169e-01,7.846959209535894209e-01,6.885563238210895554e-01,6.666479693988557331e-01,3.818376309881614805e-01,4.978446451319357702e-01,6.206796040832091021e-01,6.034203793446403230e-01,3.126370996453285422e-01,2.343261136827418101e-01,1.246980266451744729e-01,5.591792846362226843e-01,5.106013610269076741e-01,7.276868987137218303e-01,7.167187067612158513e-01,7.457639332820198419e-01,2.575342744479565682e-01,6.232345695999834678e-01,6.252085100024836750e-01,4.986900683741372076e-01,1.876442167054106214e-01,3.685992819636038087e-01
8.661140945770002819e-01,5.582850484425569970e-01,4.892092268024124113e-01,6.320918725291978513e-01,3.816080133429841093e-01,5.776789656411189799e-01,6.512600699344871513e-01,5.754327251134488952e-01,8.966913675973211539e-01,3.638745323757624356e-02,7.900258128858053119e-01,6.750743747106846548e-01,6.240327421737239533e-01,4.400404506950569283e-01,4.519510139861813713e-01,6.147743198003473575e-01,0.000000000000000000e+00,7.940842365466930231e-01,5.470061279166635870e-01,5.084513855365199175e-01,5.189644841534530872e-01,4.594336368874121779e-01,8.164101780352835958e-01,9.249958574187198135e-01,4.271810534281159089e-01,6.145243864247235122e-01,9.228937137788409961e-01,8.968795072936007751e-01,3.818379347186202089e-01,6.576804591041920944e-02,1.012128224172194335e-01,9.524778150319815895e-01,3.090828977106573339e-01,1.357088555016426334e-01,9.997312478751539944e-01,3.287822813647545139e-02,2.188093350942945381e-01,4.854720780419029547e-01,9.643282743703893711e-01,4.871982692509782553e-01,4.201806616417060880e-01,4.265381817322029256e-01,6.650698335803282291e-01,6.758482843537882978e-01,6.887834840390979485e-01,5.157485099805897422e-01,6.162679816515495013e-01,8.776565954646883272e-01,7.373239243139130261e-01,9.039449510031032364e-01,9.471103693264621981e-01,3.101130437159753672e-01,4.968811531734041997e-01,4.771774614049641428e-01,7.857179570973631400e-01,8.107080582719806694e-01,6.283235403723264056e-01,9.152241805491518889e-01,9.927072490926616144e-01,-1.079373897368272189e-01,3.597001210812366123e-01,6.326966310410806482e-01,8.533383971263733825e-01,6.581642265400270420e-01,6.454894298673533592e-01,4.154697477909658487e-01,4.272583630464928950e-01,5.226834746003772292e-01,7.417671389259302694e-01,1.092672883947919948e-01,6.924586548343552028e-01,9.899792059771744812e-01,2.700158731575346138e-01,5.441194951494805476e-01,7.331203310198863843e-01,7.444397634689289278e-01,6.811116870244396937e-01,4.141305619263915272e-01,1.134700874474438292e-01,3.671225127978839081e-03,6.833767928750456022e-01,7.057354865425450319e-01,8.014286940233155132e-01,4.657956460682945998e-01,7.549333062134309102e-01
3.864886583090377803e-01,4.989736773421381555e-01,7.285692522009260541e-01,8.221220546973011523e-01,9.991038571394259549e-01,7.298108986829492384e-01,3.566586534012634591e-01,5.047945668657409790e-01,3.305137163799964917e-01,4.749287085506870287e-01,6.553156713304436609e-01,4.848719155599218733e-01,6.453561567392603893e-01,5.315680085399517862e-01,4.290947342815304988e-01,8.562971186819362535e-01,7.940842365466930231e-01,0.000000000000000000e+00,2.887917739750718860e-01,9.008119161718169954e-01,7.425214624944966868e-01,1.727577747361858373e-01,7.416103430917959649e-01,9.857956487721660777e-01,3.570753126155378210e-01,6.945024942156764469e-01,9.460609896275845587e-01,6.866251888672726400e-01,4.684330714154016917e-01,4.123950279619857939e-01,2.540359528436767489e-01,2.722536935699754190e-01,4.328945288446395812e-01,6.186253372680818874e-01,5.756837671665993028e-01,2.603894365103321396e-01,2.089681726182587573e-01,3.779402419497571719e-01,5.426801256628513981e-01,6.162309916450994240e-01,2.035337462282145460e-01,9.499153686755601456e-01,9.155514072830484018e-02,7.179981994913415821e-01,6.010657099098715150e-01,9.427817299637046844e-01,5.583158926646369924e-01,8.034111127470026092e-01,3.333581150568788454e-01,-1.479478174370357502e-01,5.349413769201064595e-01,7.638430943625125202e-01,9.555469112247090280e-01,5.234564561658815451e-01,3.539856551736321189e-01,8.343636672153577072e-01,4.598579136340970597e-01,6.149992654661262659e-01,4.772897955775338152e-01,-1.408255602443131416e-01,6.175581739478278598e-01,8.743192668805808143e-01,7.833133464821001590e-01,6.414372452037387928e-01,9.979423237369065003e-01,5.718479315973994392e-01,7.671256789021168032e-01,7.884603367307894128e-01,4.052643849414741539e-01,4.942341393350262457e-01,8.942751386372814748e-01,3.417804832375345159e-01,5.555561254510603675e-01,5.078904673355087995e-01,5.681719611362020528e-01,6.810061887666558622e-01,4.906817253048185168e-01,3.759940617705406773e-01,2.901201961204560309e-01,3.740871875885249942e-01,2.444479576174162228e-01,7.801750403054524829e-01,4.724441233517758798e-01,-2.217373626028285860e-01,2.026784186868312576e-01
