0.000000000000000000e+00,9.710701845547931033e-01,7.076549450757221305e-01,7.209986609121493695e-01,6.704825648093367674e-01,9.241579170990483760e-01,7.712728907106076726e-01,7.073423709461327258e-01,8.566230373862748770e-01,5.614997314726082323e-01,6.381510955624640768e-01,6.835279351370915357e-01,7.136102059028626154e-01,8.029879366969986387e-01,4.339987450191979956e-01,7.617934043016978407e-01,4.906614805608723318e-01,7.145832416188302449e-01,7.247879259511157413e-01,7.784980120697303496e-01,7.148838883000850908e-01,8.085677152354510122e-01,5.983599195446019925e-01,5.635868595143993520e-01,7.379788540218822357e-01,9.743991327085271825e-01,7.139761615703245079e-01,6.934134679842570703e-01,5.763558584119675698e-01,7.115509248050153612e-01,5.405467001346635492e-01,9.423200320359834681e-01,9.283194157511457378e-01,5.280844613136119747e-01,5.219680746317147957e-01,2.750894931523384934e-01,5.849106263786206794e-01,9.184044056393342315e-01,2.142047996716416047e-01,6.012637915549813306e-01,7.179174604818737704e-01,1.661370072296714795e-01,4.682633874385346839e-01,2.564826842877729329e-01,7.908064701418742182e-01,6.464848503876543528e-01,7.740906172470702895e-01,7.189425707439150992e-01,3.134415511982945879e-01,7.961081301367507468e-01,6.699599052586813208e-01,7.900586379730225595e-01,5.945505953097027785e-01,6.627591309956484267e-01,6.232001265626621045e-01,7.512925030196156984e-01,7.143290121510451618e-01,3.219652093532898718e-01,4.642992166115979535e-01,3.931653514570073726e-01,2.714711666169681292e-01,6.126756240853011848e-01,9.321020080245245865e-01,9.432091285760468846e-01,7.431225807687071860e-01,9.335753283938381664e-01,5.751002112217000750e-01,7.524895332844587781e-01,8.506498231717759539e-01,7.878833342350919366e-01,6.111309979790966462e-01,6.593066082210666812e-01,-1.954317144327120948e-01,3.365732267204301076e-01,9.851513610316402492e-01,7.020577528750295837e-01,8.358591828887548258e-01,3.044430978248665598e-01,3.460910463065503540e-01,1.600073470818702548e-01,4.270906492547545397e-01,6.704017933603276802e-01,9.753260295207781816e-01,4.905082821309548202e-01,9.393173142325663694e-01
9.710701845547931033e-01,0.000000000000000000e+00,6.158679064121532765e-01,8.389781854339033451e-01,5.652011106548611163e-01,8.496788456121798783e-01,5.115484897009208165e-01,4.193178698975482122e-01,4.673509571950572039e-01,7.817815924270171690e-01,7.557039562636254093e-01,5.644987532347831571e-01,6.293308848707407366e-01,7.465771016970386142e-01,4.836668997136976955e-01,-7.357574187375892638e-02,1.278592837819996775e-01,4.883266460713450163e-01,3.565853931837979079e-02,7.276149215085094824e-01,5.803973835472128195e-01,5.203222454327375290e-01,6.243831181411559905e-01,6.483067350445030907e-01,2.290755463924871171e-01,8.519411170988930859e-01,7.751589836356254093e-01,4.368498918336983228e-01,6.076782962877291805e-02,2.844095045349191025e-02,1.849936900168350773e-01,3.533326571952404294e-01,9.183965911419906814e-01,-1.478326377380344003e-01,7.407929765760832286e-01,6.516423090435482512e-01,3.649678661512406053e-01,6.283335148696876926e-01,8.547154786529098658e-01,7.926383188847792027e-01,1.246287057231609818e-02,4.914355271435379979e-01,9.128641932388249502e-01,7.656039479385394753e-01,8.485516891198490175e-01,9.033918977721939747e-01,8.059770693027737964e-01,7.158282239668216640e-01,2.331870359239136270e-01,4.615020536890029890e-01,5.966412873449761234e-01,7.001296050994583187e-01,8.661107392311921949e-01,9.359553016165844674e-01,6.771238853522510981e-01,7.467285236658880443e-01,5.917837340190406081e-01,8.906482953248440193e-01,8.972961429952066581e-01,4.844486005505916348e-01,3.674774352320393511e-01,7.523487608769799939e-01,3.012817983611552619e-01,6.024011445779554608e-01,8.560261981890939786e-01,8.947965508540282054e-01,6.829733148650326546e-01,5.079229614838707274e-01,3.985592735581152679e-01,7.495754674153423114e-01,5.624390372590275522e-01,9.452277305412772890e-01,5.733941757289509056e-01,2.693720895018913986e-01,3.060063927406149187e-01,6.126669773925762508e-01,6.265668721856587631e-01,6.813832808436895982e-01,5.504289314688441959e-01,1.278626978816706783e-01,7.163907585579211146e-01,6.331991378459783659e-01,6.401125167643296754e-01,3.770451255876008378e-01,5.802937419269614816e-01
7.076549450757221305e-01,6.158679064121532765e-01,0.000000000000000000e+00,8.576757984894002318e-01,7.788277938876043693e-01,8.589844931990131549e-01,9.221509490223803729e-01,4.844719704910868674e-01,5.409040840904613123e-01,9.652839299405626683e-01,4.287894147752716600e-01,8.329245758669294730e-01,4.789464669060778390e-01,2.317116673018236594e-01,8.025181266423532245e-01,7.732313377750476002e-01,6.938369358152449706e-01,9.582931445255281622e-01,8.617149563154018477e-01,7.268856800154031017e-01,6.991633353299441245e-01,9.990787803621301588e-01,9.259494939189907292e-01,7.824851460155300975e-01,5.412365155859389931e-01,8.634390076264416569e-01,9.810620786631962797e-01,9.525205824169661328e-01,3.054293714785252800e-01,7.107933816368769975e-01,1.762695803950270479e-01,6.274137115543708676e-01,7.547499954597158833e-01,4.070088769968187581e-01,9.201418043075456632e-01,7.099211654247808978e-01,7.573607588356012776e-01,4.431966805445909929e-01,6.997185423685882144e-01,9.819020560472606629e-01,2.064771363697298356e-01,6.601007196129854426e-01,7.002741463909084585e-01,9.273296786348504961e-01,3.661784295366928843e-01,9.159792292768521582e-01,4.189341311348410146e-01,4.601038785927604735e-01,8.690613256289834165e-01,9.873666894835420038e-01,7.389271755501474193e-01,7.727868480401097750e-01,4.798772368509623409e-01,6.525195657492471879e-01,8.115788445106659754e-01,9.683529166607017791e-01,9.314136578683902545e-01,6.633459777155999992e-01,9.289114818340031832e-01,7.793065048482862300e-01,5.911717531523204006e-01,9.499328026877749132e-01,5.880856209674842905e-01,8.633032114840217819e-01,2.727084432965117822e-01,7.174483758875715989e-01,-1.376034828738639249e-01,6.580352813084539010e-01,8.432817932745100276e-01,7.386278400966650448e-01,7.520159850170177185e-01,6.348137755029310547e-01,5.604946937358540326e-01,6.633202412774896750e-02,4.447045375117754662e-01,-3.115431655792853527e-01,8.459536349359868534e-01,8.390043089545098365e-01,2.535745756569944276e-01,2.263879768579074581e-01,8.086008624030369685e-01,2.944940750026716070e-01,5.770687726913703575e-01,8.924988059461859136e-01,6.671336743718024875e-01
7.209986609121493695e-01,8.389781854339033451e-01,8.576757984894002318e-01,0.000000000000000000e+00,7.553197078918335583e-01,8.301995807799690263e-01,3.306129113589904023e-01,6.689017489109023717e-01,7.230434381879232708e-01,3.571147598647153587e-01,7.449877811255436466e-01,3.157350909602884004e-01,3.085803631132382763e-01,6.016921230982833491e-01,6.822893506565245181e-01,6.001583079105472507e-01,6.927200847264299854e-01,4.264112882891211709e-01,6.476711775944981042e-01,5.138576314475080675e-01,7.883080535229417540e-01,9.548417766759587089e-01,7.284035705525749860e-01,9.323703646623000552e-01,9.651329464049717144e-01,7.766798523388830366e-01,8.828945671752620461e-01,6.716067503417078033e-01,5.300045453522003180e-01,3.388563143142709899e-01,-1.231328872789073658e-01,7.271933331797753031e-01,6.062494620661459388e-01,9.988815145939524687e-01,9.991018715139043938e-01,1.377667055148014963e-01,2.622216188953043758e-01,4.957493854864338245e-01,5.106233204945792581e-01,2.875934053456950523e-01,2.813942084007767797e-01,8.115728455593056445e-01,6.259960282312690971e-01,7.112817459094300521e-01,8.392563880376885388e-01,5.868057361866095833e-01,7.043355071796493228e-01,6.198308201336371059e-01,4.425081769631136197e-01,4.879373415778168743e-01,2.598217702091678571e-01,5.234441792023196705e-01,6.234772163449004978e-01,2.382614994295577382e-01,8.652213212417136923e-01,5.614813142780671340e-01,4.773368529256913351e-01,7.809250509850368394e-01,7.604902655921194077e-01,4.553381262068154078e-01,5.694101469800914028e-01,3.987266913019593684e-01,6.346525498682580313e-01,9.685975073909285360e-01,9.869729438449993397e-01,8.491614316823741238e-01,7.531146022643219196e-01,7.751083123505853045e-01,7.802380014147595189e-01,2.589864122479749176e-01,7.618862248273298166e-01,8.053663918548329415e-01,1.786627895595884752e-01,4.902783666314454170e-01,7.635811783103204631e-01,4.249368968074039299e-01,4.346430621253896676e-01,2.639097225554527526e-01,7.022695055143209908e-01,1.189456464131644353e-01,9.306310481934846335e-01,7.788968042345214560e-01,7.696303091331245794e-01,7.353312861476553053e-01,9.415445323584771264e-01
6.704825648093367674e-01,5.652011106548611163e-01,7.788277938876043693e-01,7.553197078918335583e-01,0.000000000000000000e+00,5.317844215886733394e-01,5.348090766956156150e-01,4.734535116605349536e-01,5.986016839013847957e-01,6.666207962268627663e-01,3.107982100000845072e-01,8.257858061984071352e-01,7.733956544864757365e-01,9.690364328709720754e-01,7.014749900777369485e-01,6.359167884673220250e-01,8.154609660255982551e-01,8.737350885122485700e-01,5.082037037233727572e-01,6.923245046878454545e-01,8.659936778206317465e-01,4.005598969892775751e-01,9.420797364078895564e-01,8.299607445140464446e-01,6.311642432998068597e-02,8.049928079278373394e-01,5.297162951317666568e-01,5.517005485695124500e-01,1.833471218157186888e-01,2.199021170363962552e-01,4.850584015842993590e-01,-8.564841078397464336e-02,7.028166018217584243e-01,4.786599216232152454e-01,2.689108346609371258e-01,2.789598616306081524e-01,1.739231283300552156e-01,7.062553632554031680e-01,7.321855991586544432e-01,7.477336122094020432e-01,4.835852150035780395e-01,6.144705928322176103e-01,4.242372442547222566e-01,3.979974522188792774e-01,4.561611653324158522e-01,7.830491360503220033e-01,4.310232292639799567e-01,2.288334893768898259e-01,9.245859318592865028e-01,7.225272749751688872e-01,5.382690663023457223e-01,8.708753923513785633e-01,5.297404831713334872e-01,8.933195103776134793e-01,8.645840416650987237e-01,7.762169508110938754e-01,7.456757548822033621e-02,2.042804088812416319e-01,2.447828629125434197e-01,6.014408531894491761e-01,4.741171817607429673e-01,3.609224144184848271e-01,4.547985153655801915e-01,7.488477627704408501e-01,7.699060607570230585e-01,4.234295543408055362e-01,5.674229591957709040e-01,5.230251313595375429e-01,4.766814419773681699e-01,7.513420182021763871e-01,9.086080531494875601e-01,4.354463975907743034e-01,-2.898545959752419909e-01,3.925589721194877590e-01,7.700964111219860131e-01,6.122138646966347464e-01,7.942874117574871828e-01,3.285097491584813012e-01,5.242915228881002143e-01,1.382817077858641275e-01,2.497289334487127477e-01,3.804010901992194715e-01,6.544209949440532581e-01,-2.714211072328082119e-01,3.786221265951703607e-01
9.241579170990483760e-01,8.496788456121798783e-01,8.589844931990131549e-01,8.301995807799690263e-01,5.317844215886733394e-01,0.000000000000000000e+00,3.368084082807194513e-01,7.719789418091408395e-01,6.326866864068101393e-01,6.512226298485748188e-01,5.256160118537622772e-01,6.732499888868013205e-01,9.607661901628984369e-01,2.394562621442201111e-01,3.404110309110920385e-01,4.189715263554871783e-01,6.406959182679567988e-01,4.090187465075677542e-01,6.472676503511129997e-01,7.527411571549211811e-01,9.276008063566361095e-01,6.008022642861279294e-01,6.750690743801686100e-01,5.448837484407391685e-01,2.237990919974146009e-01,6.046583335140263138e-01,7.999123989744298946e-01,3.096336868994246094e-01,3.231381604133732877e-01,6.141998083770142669e-01,4.773227064951657272e-01,7.453663953145225340e-01,7.204813990668543777e-01,5.373653788762878802e-01,5.311594585677061886e-01,2.362711345080015235e-02,-2.500778747181239270e-01,6.406570462958072198e-01,8.741426645332854850e-01,4.200512485627947434e-01,1.198020887383754174e-01,7.247003081178057249e-01,5.628293106615540609e-01,1.169104398353735530e-01,7.721083834472698415e-01,5.034032173440404767e-01,4.632806863885174931e-01,7.450183542761211752e-01,6.370519203151281395e-01,4.835583386655808447e-01,7.749086949301545735e-01,9.187156618215441828e-01,7.026092822187955944e-01,4.896306728833668687e-01,2.742082909648091427e-01,7.361659105016676863e-01,3.337583485281540030e-01,5.043986914897965468e-01,7.701272858716786684e-01,2.467998867386930195e-01,3.890296780552679468e-01,4.545385982897467425e-01,7.488767036072785377e-01,8.707754907660250066e-01,9.973032404380017812e-01,4.893866999418460262e-01,8.851175987924170263e-01,2.457144361766466223e-01,2.350863500257120986e-01,6.303241320500758693e-01,4.066430171225430268e-01,9.339309114407452483e-01,3.624487769465106202e-01,2.809379153361318826e-01,1.329166884397778026e-01,7.747410999825059541e-01,6.056794656227039164e-01,3.284269673892038499e-01,5.786988371995037683e-01,-1.092466236125502338e-01,6.625359570745548154e-01,6.953357342825221554e-01,5.929898655040749533e-01,4.265016165745719734e-01,7.265048601955977903e-01
7.712728907106076726e-01,5.115484897009208165e-01,9.221509490223803729e-01,3.306129113589904023e-01,5.348090766956156150e-01,3.368084082807194513e-01,0.000000000000000000e+00,6.859567398730789245e-01,4.109389761611402792e-01,2.942437633617740467e-01,4.607557322351715778e-01,7.113456948196746898e-01,2.397079001256879061e-01,4.205979130494357232e-01,5.734205013864991374e-01,5.940984473842723101e-01,9.594122254878327816e-01,9.114750513238761842e-02,2.408185065774303968e-01,8.334834996567410670e-01,7.627754021757187086e-01,4.740145046751704783e-01,4.077417290419673712e-01,6.335607024615658167e-01,1.183055477572791114e-01,2.556013656515329080e-01,-7.112471860574842708e-03,6.909568669508883709e-02,5.663326213514463525e-01,7.130227358017804384e-01,2.703625425749691877e-02,1.268899305631987773e-01,2.334508899419157901e-01,7.931829063716854256e-01,2.314207740541890934e-01,5.698280175922143531e-01,1.290842313432237765e-01,1.263312861801383635e-01,8.513254182784844026e-01,7.179884352464254160e-01,3.649598455541085418e-01,6.152099970362703285e-01,9.940816861392958170e-01,2.437602828132599819e-01,9.366650161578732314e-01,3.086432512829639929e-02,4.029068741197194825e-01,6.422617041520510828e-01,4.574455942116040230e-01,6.204623572643664930e-01,4.576251314332803743e-01,7.332991695858781522e-01,1.579904902389218102e-01,6.483078856468075246e-01,1.159602462549345347e-01,8.886305806618908232e-01,2.159343037871073456e-01,3.495009593909277346e-01,7.944746668554554248e-01,5.151637414286802663e-02,4.724067657942495613e-01,6.205897936534192638e-01,5.795840035264989698e-01,9.064960567780762091e-01,8.910357633445836756e-01,4.987228383522505637e-01,6.574539850086383863e-01,6.774450188061434952e-01,5.430083674066671362e-01,3.383758894514345972e-01,4.245827160408978673e-01,3.838521036457754332e-01,4.961649091146981272e-01,-8.637746095461829032e-02,6.836994117153155637e-01,2.552612146701658813e-01,6.063604437441063588e-01,5.461921662639060981e-01,2.976485292167378449e-01,4.540106205741472056e-01,3.308067556805764919e-01,7.889894906456481616e-01,6.420112157974835476e-01,3.737804670555580078e-01,7.900548698240373868e-01
7.073423709461327258e-01,4.193178698975482122e-01,4.844719704910868674e-01,6.689017489109023717e-01,4.734535116605349536e-01,7.719789418091408395e-01,6.859567398730789245e-01,0.000000000000000000e+00,7.879820587602779369e-01,5.401703063144097650e-01,3.732952101607566187e-01,2.060001189964195956e-01,4.471460183512798725e-01,8.256661886721057275e-01,4.458930646572275003e-01,1.768472408885258806e-01,9.056474672099806833e-01,2.122283457771603765e-01,5.360861417207397617e-01,7.867009891880057948e-01,6.302700712462636634e-01,8.081918469539156602e-02,4.986578735311275046e-01,7.040093482688606352e-01,3.884449764235585190e-01,1.815395210672858875e-02,9.422087259940850057e-01,5.749863634285584668e-01,2.680799209278557638e-01,2.526307241606139953e-01,4.568390297755349216e-01,7.538323091127134834e-01,6.585220855079282343e-01,5.993402190548049457e-01,5.735604281186104103e-01,7.886298699332781048e-01,6.644039617239141382e-01,2.072757894183494820e-01,7.574972832118807009e-01,2.002598494073843105e-01,5.056231797148067475e-01,6.670402366005869776e-01,7.859697436014650984e-01,6.898012229066372569e-01,8.020358158722128428e-01,4.511504782929379176e-01,4.703677055924253003e-01,6.472903070798579073e-01,3.318321399897082857e-01,4.716257052001270877e-01,3.561166480988460226e-01,4.351199855242542935e-01,4.081692190107693019e-01,5.207391391192796037e-01,6.545423124401684722e-01,8.382327353279506177e-01,5.511105383925862800e-01,5.913994081743012554e-01,6.756728794760185064e-01,2.925853250346217571e-01,4.099953096178773349e-01,7.814271329884420192e-01,5.647108573553512034e-01,1.194402624249729511e-01,8.052796194823449438e-01,6.859219543156476195e-01,6.118795115490271996e-01,8.969317023388695409e-01,7.549358160705038623e-01,7.448267053667638748e-01,5.800413236428013652e-01,5.733827687276751295e-01,4.597195732979498239e-01,3.405275947636306200e-02,9.213978430595949343e-01,2.276524432752388694e-01,2.699184136569832138e-01,4.257043587102280480e-01,4.711756236117786711e-01,1.433219180852103591e-01,5.084822780076391213e-01,8.430631014553966462e-01,6.507404375879702885e-01,-1.183253982160621526e-01,3.645695158484862919e-01
8.566230373862748770e-01,4.673509571950572039e-01,5.409040840904613123e-01,7.230434381879232708e-01,5.986016839013847957e-01,6.326866864068101393e-01,4.109389761611402792e-01,7.879820587602779369e-01,0.000000000000000000e+00,7.477834328743389047e-01,7.902100181167729387e-01,5.574812600334644319e-01,3.790800531116445549e-01,3.355874556875897974e-01,2.724142353990768872e-01,7.001169970838163614e-01,9.354631009960296950e-01,5.527160571467700789e-01,6.017252976813031173e-01,8.051492095923558079e-01,6.105010140734885571e-01,4.310040148264753235e-01,2.535976352462998018e-01,7.911484716479514345e-01,6.466733215167556059e-01,5.229194127209649823e-01,6.255586925831072564e-01,5.440374070722608923e-01,2.635674185375872502e-01,3.742395788782398869e-01,2.381798555425037600e-01,4.566199997654384335e-01,7.111842930690117637e-01,7.689357507470251374e-01,6.630913879889535067e-01,3.531051743687187994e-01,3.587438440478373236e-01,9.974380685127497426e-01,7.975584895935992069e-01,2.875587082046592302e-01,2.321063736740503203e-01,5.900150353996489461e-01,9.719045407258657399e-01,1.743394793817598099e-01,6.423223780590483489e-01,4.691824249839801064e-01,3.838103464540623677e-01,3.097869569138217427e-01,6.019539735800643054e-01,8.562692942194639611e-01,7.391997863570014538e-01,7.553916413637551397e-01,5.920668873303619462e-01,7.615095621806207138e-01,4.894833779763973491e-01,6.311731059177675407e-01,5.377317270937480576e-01,1.861044744549863739e-01,9.281649532583321482e-01,4.976225513226441022e-01,1.177962412150868055e-01,2.412069377729877118e-01,5.543980292953258893e-01,6.652436247867614671e-01,6.903540727439646529e-01,4.721057548085171307e-01,4.979475888011202223e-01,9.096308408307813842e-01,4.727452911924829859e-01,6.821583035441028953e-01,9.277256774841887710e-01,8.542067897613684346e-01,3.734943088898735053e-01,4.729301520262275682e-01,5.353053663211707613e-01,1.332728138790699735e-01,8.563972146883176428e-01,7.340572715917393909e-01,9.491794383212538433e-01,7.032880592051439228e-01,7.592614875245999873e-01,7.916043629974129914e-01,6.277456110213925911e-01,7.140038815142826789e-02,5.272218769770385949e-01
5.614997314726082323e-01,7.817815924270171690e-01,9.652839299405626683e-01,3.571147598647153587e-01,6.666207962268627663e-01,6.512226298485748188e-01,2.942437633617740467e-01,5.401703063144097650e-01,7.477834328743389047e-01,0.000000000000000000e+00,5.834327235110488008e-01,6.369075674874333792e-01,9.125065341353956194e-01,8.101934303777558188e-01,7.048785743759775624e-01,7.110252149478984984e-01,9.791021614777402071e-01,7.169496480127954818e-01,8.989695733707665504e-01,7.954037710513734982e-01,2.854132952600768602e-01,6.927353487998332282e-01,9.782020415830758875e-01,6.461137074462930396e-01,2.642494184241952482e-01,7.834600933544277890e-01,5.630338070369493852e-01,4.678129124000645067e-01,2.301402426800466805e-01,5.400272781881420014e-01,5.906274307904290088e-01,6.362860175253940431e-01,2.652121120085365602e-01,5.262067409668594875e-01,5.136537523088088308e-01,6.953778761300714040e-01,4.058276853536154083e-01,6.864981818331552521e-01,9.851057929568286520e-01,6.446154228787841500e-01,5.720943983814236189e-01,7.632322364117132274e-01,9.965094007500108209e-01,7.953350921273159013e-01,8.695204683336738016e-01,2.063969372492755472e-01,3.595158625222538706e-01,7.447541949273177586e-01,6.461618165117577473e-01,4.811688778047072401e-01,4.381733451411994884e-01,6.400362791363513049e-01,7.364696029792590082e-01,1.113938642559841874e-01,7.417590047526365638e-01,2.644296184546836015e-01,9.047581856189923499e-01,8.569121693029653208e-01,4.766191268242536694e-01,5.799601491518328045e-01,7.702395787078963885e-01,6.458703497197801902e-01,7.905849666986433100e-01,7.452864906691492042e-01,7.813093738806502486e-01,6.826733577046530943e-01,5.717864378038839401e-01,7.394350327891269226e-01,2.462210703839509685e-01,7.182071901499438304e-01,7.802485593595499536e-01,1.720460002296171909e-01,6.659487273954178832e-01,4.082459192177833041e-01,5.483658169927028148e-01,6.649549922130412183e-01,5.106283377481989350e-01,5.606740284836363442e-01,2.738479366476882504e-01,5.609236948676277201e-01,7.926739484011673387e-01,6.526555787321538515e-01,6.008933071904296597e-01,4.575629717918898165e-01,4.871232707583187937e-01
6.381510955624640768e-01,7.557039562636254093e-01,4.287894147752716600e-01,7.449877811255436466e-01,3.107982100000845072e-01,5.256160118537622772e-01,4.607557322351715778e-01,3.732952101607566187e-01,7.902100181167729387e-01,5.834327235110488008e-01,0.000000000000000000e+00,4.068329414297351954e-01,5.190697868577268670e-01,6.817641248634871420e-01,5.012654137948643340e-01,5.626264598244062887e-01,6.218999422279979372e-01,6.980195679942792220e-01,5.548434745188957073e-01,4.366332436978460629e-01,7.294223097837810865e-01,6.919518933993732412e-01,4.423595592278456445e-01,8.085250023047975132e-01,2.265951960985703173e-01,6.376914677167456746e-01,9.757294600337418355e-01,4.962285366464550540e-01,4.049116112822052083e-01,4.063688950492345686e-01,2.774358653353709014e-01,7.634435933647304440e-01,6.060954517095589189e-01,4.281117636920451219e-01,2.656783716486073588e-01,5.859250291534463528e-01,7.857348049585312078e-01,6.995298577957558273e-01,9.829759158398534424e-01,-1.581828970504762788e-01,3.530775550755735348e-01,4.306572588093968146e-01,7.771712636149766817e-01,6.497737505018277293e-01,6.223742625225385794e-01,5.943646274921789985e-01,9.394320740258159663e-01,8.043446264844295035e-01,4.819133469916115908e-01,6.143126407691844593e-01,5.599453152032305425e-01,3.423596275164313418e-01,2.398042820802378516e-01,5.973713736085484172e-01,3.537103599065294368e-01,6.144662805045770781e-01,3.672268912286394960e-01,2.305114585908181746e-01,3.363225889547849512e-01,6.254855133509832354e-01,9.091810400925577629e-02,4.348615817793060612e-01,7.216336662182480932e-01,4.124212687551688239e-01,6.813943350522285725e-01,3.374172583685421389e-01,5.538802810984343461e-01,9.781980033676326292e-01,7.788287012046923863e-02,4.722181495568038567e-01,9.176748279357469507e-01,4.509882600485614623e-01,2.255462761319347309e-01,3.442682712243338994e-01,7.613317167069765246e-01,5.897191762436104767e-01,5.885888509270622571e-01,7.733378804008101959e-01,1.838541110921720068e-01,3.737582605456566398e-01,3.514174065716246798e-02,1.627787592738437206e-01,5.673084055433502693e-01,3.070671445781804065e-01,2.400072064412889783e-01
6.835279351370915357e-01,5.644987532347831571e-01,8.329245758669294730e-01,3.157350909602884004e-01,8.257858061984071352e-01,6.732499888868013205e-01,7.113456948196746898e-01,2.060001189964195956e-01,5.574812600334644319e-01,6.369075674874333792e-01,4.068329414297351954e-01,0.000000000000000000e+00,9.890369880843343786e-01,1.443643645611346615e-01,6.070692162428366068e-01,9.056545048875517256e-01,9.773071690383126064e-01,4.130871296902866585e-01,7.532926688131547088e-01,6.184278164069852979e-01,4.062805065471830068e-01,6.900709526718814546e-01,7.544554754375243366e-01,7.999471170232496098e-01,6.350320706575638408e-01,9.819164475075778942e-01,4.616357513919749356e-01,4.052677290655263831e-01,-1.757868433043897338e-01,5.702380719630073536e-01,6.245117588960205635e-02,9.796341088043422074e-01,8.954250744291462061e-01,8.053279116585995157e-01,9.995785535776342545e-01,7.280273363641222018e-01,-1.844189394713993679e-01,5.570169730075746894e-01,9.174507423700596354e-01,7.909605414993110539e-01,7.622867371002680636e-01,5.477801909801399693e-01,3.978953925687717108e-01,9.275055141798009828e-01,5.489487274201699796e-01,9.025504655894831529e-01,6.518866211763727492e-01,7.057306704088305294e-01,7.143043111220922503e-01,7.853222283770688872e-01,9.959534537698093715e-01,9.252347893754433450e-01,7.736971533198806483e-01,4.798149773216709990e-01,5.342710668542506314e-01,6.550377503819804215e-01,5.262161852026501219e-01,9.127661590046292073e-01,6.437982623778379931e-01,5.989075904203409184e-01,7.792088380125005154e-01,6.183661263824984378e-01,7.899540172075290023e-01,6.088072485121923672e-01,7.602936075859773046e-01,2.176810042238013498e-01,9.879148852711165940e-01,8.963208949824506000e-01,4.602684237048882410e-01,2.868081420489334774e-02,8.859895915416831080e-01,7.491778755186551120e-01,5.998118745828789899e-01,7.798921885799173226e-02,5.734887198258802332e-01,4.374858083096401229e-01,7.153081083126130446e-01,9.285741755967216737e-02,1.297775326405401219e-01,2.147516953330164680e-01,8.565463939498175749e-01,9.884771823728955020e-01,7.879779235023088857e-01,9.185026496802289886e-02,4.656049525888635299e-01
7.136102059028626154e-01,6.293308848707407366e-01,4.789464669060778390e-01,3.085803631132382763e-01,7.733956544864757365e-01,9.607661901628984369e-01,2.397079001256879061e-01,4.471460183512798725e-01,3.790800531116445549e-01,9.125065341353956194e-01,5.190697868577268670e-01,9.890369880843343786e-01,0.000000000000000000e+00,7.826530591391254177e-01,7.125190113659725100e-01,9.444482773108001661e-01,5.391794704320275189e-01,7.926072109023158951e-01,5.719866107331850191e-01,9.807194779573338295e-01,7.917626744191132993e-01,9.727746067928000340e-01,7.387128711624197930e-01,7.102442430683501007e-01,4.789445400007744102e-01,9.360029039072150780e-01,4.866417569106316621e-01,9.089770145308773142e-01,2.283329383437974203e-01,5.308068505255149061e-01,5.947913159213673584e-01,6.050906789607335412e-01,4.250420261904928609e-01,8.704661156469151173e-01,6.682573863007449377e-01,5.587550047468329284e-01,2.824143253133412079e-01,6.611818837585073938e-01,8.205173012535611488e-01,7.629902728694264447e-01,7.654248875916251915e-01,7.329706529144399685e-01,7.401075196879574047e-01,8.145757617252818994e-01,3.130014254286486719e-01,2.672423694423564644e-01,4.413424769472114595e-01,7.113866757087075054e-01,7.703682967458258535e-01,4.006603816725392564e-01,1.380351173230731365e-01,5.063859197262464695e-01,3.897435112824400028e-01,3.115412910870108965e-01,6.132713141742452967e-01,7.522489456848115985e-01,6.656166400524203830e-01,4.935840911558391775e-01,6.907765732105697332e-01,4.572787835162121506e-01,4.807452514750391592e-01,6.937806723716254398e-01,8.251299974746049148e-01,3.446254495940135332e-01,6.307583771082392321e-01,6.786892792648977490e-01,8.121786111355385751e-01,4.576919177594730437e-01,6.638139415104816754e-01,5.025788769787695731e-01,8.169326880039353700e-01,-1.205380006457269226e-01,6.649172310225767157e-01,5.884681645653873083e-01,5.016789081236349146e-01,9.181163806174044151e-01,8.835680929057673216e-01,8.292397418028321088e-01,5.013157193969106640e-01,4.088092506585084829e-01,2.852484605565618891e-01,9.194464334447799425e-01,9.958103385222322190e-01,3.532487596605142777e-01,2.948541832918980532e-01
8.029879366969986387e-01,7.465771016970386142e-01,2.317116673018236594e-01,6.016921230982833491e-01,9.690364328709720754e-01,2.394562621442201111e-01,4.205979130494357232e-01,8.256661886721057275e-01,3.355874556875897974e-01,8.101934303777558188e-01,6.817641248634871420e-01,1.443643645611346615e-01,7.826530591391254177e-01,0.000000000000000000e+00,6.188795307405798862e-01,6.301456396914544289e-01,7.947605406598723388e-01,9.074869879072466894e-01,4.349070630619150668e-01,5.255929119212883194e-01,4.782979378922169733e-01,6.621437049610694459e-01,7.016479744691531684e-01,8.042238531858625361e-01,2.660605105031872419e-01,5.463447450173724018e-01,8.389770958776094911e-01,2.465043089620653494e-01,7.086571606427236603e-01,3.289154642138574225e-01,2.873527017394372218e-01,7.589621457634494472e-01,7.970499434083870849e-01,7.099586463883347243e-01,6.498484446311237894e-01,3.638986550843967965e-02,4.954435156193632839e-01,8.873111031522983305e-01,6.658484089413309048e-01,8.433938409712566919e-01,7.892635132619028049e-01,6.840308037077414971e-01,4.349431855326965080e-01,4.657014160347231480e-01,6.983319021160765416e-01,7.364734604269801421e-01,5.668386660506006258e-01,9.087195992587966398e-01,6.618053419531247927e-01,4.248296621077972124e-01,4.252632357567852073e-01,7.837012716203577423e-01,9.277388341565413477e-01,7.849903088813086072e-01,6.264325373032395561e-01,8.429786557959405568e-01,7.311768401543609075e-01,9.446979715197524330e-01,9.962982116651770692e-01,5.783953040114910849e-01,6.983818376780150938e-01,7.740533995085399077e-01,6.866769127426346486e-01,7.564622545480312876e-01,9.959376840748521698e-01,4.009125481929607382e-01,7.893466843513521347e-01,8.576653483011171808e-01,4.502220978482098235e-01,8.169541787144385392e-01,4.381066620199976502e-01,2.522389019611188110e-01,3.347363034432357942e-01,-6.935245451443167175e-02,3.434945483533586863e-01,9.552237873331332896e-01,8.415986480600781139e-01,9.764731980569968384e-01,2.137185129923940274e-01,2.472238225465585582e-01,5.590391512626781134e-01,8.620827384437130814e-01,6.008158751191353675e-01,6.301976971811791284e-01,7.594864532029157456e-01
4.339987450191979956e-01,4.836668997136976955e-01,8.025181266423532245e-01,6.822893506565245181e-01,7.014749900777369485e-01,3.404110309110920385e-01,5.734205013864991374e-01,4.458930646572275003e-01,2.724142353990768872e-01,7.048785743759775624e-01,5.012654137948643340e-01,6.070692162428366068e-01,7.125190113659725100e-01,6.188795307405798862e-01,0.000000000000000000e+00,7.855182132676297169e-01,6.741952458849230778e-01,4.714435375707760612e-01,6.568828056715605435e-01,9.516770946660380037e-01,8.157020301729694944e-01,5.111402855105439125e-01,7.268717618032103367e-01,9.140259425021629580e-01,5.426626580288476109e-01,6.712433385548840503e-01,6.067343729481438075e-01,7.055718298600117677e-01,3.504753923513737046e-02,3.807601157102420419e-01,2.648233084431626527e-01,4.518925392680751552e-01,1.674260647585919803e-01,7.186061675091964807e-01,-1.073494324488851875e-01,4.007727423140038936e-01,-1.920313092681422140e-01,6.458027491831943578e-01,6.327931117755821733e-01,4.739025507258163850e-01,6.351974780046718561e-01,2.486379403706815150e-01,3.692986150593893235e-01,5.201932094567103260e-01,6.770173683529288056e-01,2.849078142161005078e-01,5.625121600555648138e-01,5.311801196736009034e-01,7.716281614923685694e-01,4.397778876765581213e-01,7.946829353291411380e-01,6.068165525454499720e-01,7.131262521447230274e-01,3.771379039523301002e-01,8.264542162967780659e-01,7.504769649294260603e-01,9.321336455903783680e-01,5.824965723991144539e-01,4.742155845755518379e-02,2.319016352207563803e-01,7.161321727980481944e-01,4.233995136777730650e-01,1.217673767883963865e-01,4.500695479408273192e-01,2.002070702993374307e-01,2.507961130092153379e-01,7.124597471240187163e-01,7.842883604585378921e-01,9.804093266843001420e-01,7.167543970450412916e-01,9.374961716294269998e-01,5.063919449174154597e-01,7.982105535753569736e-01,4.963028347978818422e-01,3.389514364399831559e-01,6.772273471278115187e-01,4.036393062277694455e-01,3.026840543289239238e-01,2.765898100209116528e-01,1.883925934750903808e-01,3.875424202444575084e-01,9.259098655257810284e-01,7.788138110115097046e-01,4.266944712517428129e-01,6.477807476534215292e-01
7.617934043016978407e-01,-7.357574187375892638e-02,7.732313377750476002e-01,6.001583079105472507e-01,6.359167884673220250e-01,4.189715263554871783e-01,5.940984473842723101e-01,1.768472408885258806e-01,7.001169970838163614e-01,7.110252149478984984e-01,5.626264598244062887e-01,9.056545048875517256e-01,9.444482773108001661e-01,6.301456396914544289e-01,7.855182132676297169e-01,0.000000000000000000e+00,7.697406534726615179e-01,8.569955663094070974e-01,7.517143790873336284e-01,9.515893967748974003e-01,6.485317408340456335e-01,3.771242134401379120e-01,3.530262327691570112e-01,7.129888076409593989e-01,4.725467025093709195e-01,2.656767232315382365e-01,6.657527676564666264e-01,4.102800066262934364e-01,3.633827422094620258e-02,2.329836094383534451e-01,6.461955920437193468e-01,2.782332974797499525e-01,9.647810987960303564e-01,4.519525024384118406e-01,7.011434738986601634e-01,7.210165939191113260e-01,2.630433958178962639e-01,3.142519747886912129e-01,7.095435056799217488e-01,6.890613107110665769e-01,5.154516607534767036e-01,3.149824982122687023e-01,7.436621684055616521e-01,5.394648860652142552e-01,7.857867501317338244e-01,3.497595264565435680e-01,7.187880157182484631e-01,6.047069752813676313e-01,9.092400809486896884e-01,6.616629426604140329e-01,9.636772955608614855e-02,2.696851091984021065e-01,9.371520785835405487e-01,5.751808825908166778e-01,9.831567827909311053e-01,6.612177594813530845e-01,8.178926438541137545e-01,5.529790367046958366e-01,6.346801847981093925e-01,6.625872210890191294e-01,6.178411028808074024e-01,6.843992714033875213e-01,3.880499225714286182e-01,6.009208574400203284e-01,5.526420697224873058e-01,4.054746890060791920e-01,7.597825897520806837e-01,1.307215885423183843e-01,6.111016716158841344e-01,2.695288065153899071e-01,9.033728642104003059e-01,9.936150466263151682e-01,4.358812455828059429e-01,2.116369916018894237e-01,2.765256311435999037e-01,3.360259585099077961e-01,7.956668272851241674e-01,2.597244979226722705e-01,6.666314998973034145e-01,3.533145617327721477e-01,6.311023005222267113e-01,5.704976168488541388e-01,8.619770366128935990e-01,4.185495709225880434e-01,2.958851625780416494e-01
4.906614805608723318e-01,1.278592837819996775e-01,6.938369358152449706e-01,6.927200847264299854e-01,8.154609660255982551e-01,6.406959182679567988e-01,9.594122254878327816e-01,9.056474672099806833e-01,9.354631009960296950e-01,9.791021614777402071e-01,6.218999422279979372e-01,9.773071690383126064e-01,5.391794704320275189e-01,7.947605406598723388e-01,6.741952458849230778e-01,7.697406534726615179e-01,0.000000000000000000e+00,5.710792792460689382e-01,6.800125326015661331e-01,9.682329154025974827e-01,6.248236114486249715e-01,4.413704153398097518e-01,4.269663418483764517e-01,9.603774205024964150e-01,6.354555928241583107e-01,7.201914150713737417e-01,6.216265408518248936e-01,8.335458843465792800e-01,3.921420322471286801e-01,5.290232441292139764e-01,3.344039742571917051e-01,8.448167837617410747e-01,5.458679590379412749e-01,6.223427458384035438e-01,7.284802666723826370e-01,3.768375877556617848e-01,8.077310058948272697e-02,6.714929973870640278e-01,3.998963367989470941e-01,4.345409422774395569e-01,1.067358672439830125e-01,9.787339628252523793e-01,9.983975467102355061e-01,2.943524502167271240e-01,7.130090578198653439e-01,7.907806599116096180e-01,6.473024622032458320e-01,6.649870693118571374e-01,5.048695273741773404e-01,5.527008487228307620e-01,7.689784464476172587e-01,7.593566767390014238e-01,4.465232911747252786e-01,6.023967036488204752e-01,9.413438138694193436e-01,6.461005733578929489e-01,6.278639487965046451e-01,5.250037205066714341e-01,5.131402789123170605e-01,1.004280281056811053e-01,6.181685322190154652e-01,5.810031709853882287e-01,6.232733417239850748e-01,6.270690614335538982e-01,7.352730647009438902e-01,7.350055245535170867e-01,9.695184261242966173e-01,8.683614570669536681e-01,8.916549230901252843e-01,4.136561344295223153e-01,7.412874018507153995e-01,7.295030618333386840e-01,1.470326744682059483e-01,7.043061193118109742e-01,7.103280981576476361e-01,5.452881102885550613e-01,6.802679741048625051e-01,-4.423271313129120696e-02,5.614276596199556657e-01,1.714620722348011161e-01,6.811482027989671506e-01,8.633130545194587224e-01,8.288282571234047991e-01,4.383723780316975960e-01,7.284910354118014908e-01
7.145832416188302449e-01,4.883266460713450163e-01,9.582931445255281622e-01,4.264112882891211709e-01,8.737350885122485700e-01,4.090187465075677542e-01,9.114750513238761842e-02,2.122283457771603765e-01,5.527160571467700789e-01,7.169496480127954818e-01,6.980195679942792220e-01,4.130871296902866585e-01,7.926072109023158951e-01,9.074869879072466894e-01,4.714435375707760612e-01,8.569955663094070974e-01,5.710792792460689382e-01,0.000000000000000000e+00,8.016988031844718421e-01,7.122851690993955431e-01,5.772915878809328216e-01,2.238549467266353343e-01,4.494517430017416770e-01,6.064356391765651777e-01,6.485597550949282475e-01,3.564623209962188843e-01,4.241010892193411985e-01,1.223583978619362383e-01,-1.399976838007873925e-01,4.922313644413876116e-02,2.025181670956724689e-01,5.728560100820697665e-01,7.107516208672285396e-01,7.567404430885413813e-01,7.048381616952221762e-01,3.724097553790189363e-01,5.009426323399417819e-02,5.757230565976513281e-01,4.716329653304370817e-01,8.102514292765335968e-01,4.790039273907499839e-01,2.704715665351620224e-01,6.964242089159800031e-01,1.723117647995026647e-01,6.081085244242574461e-01,6.478236587599225382e-01,4.024643061098484575e-01,4.983988205229090696e-01,6.235612915799376710e-01,4.980633776401764412e-01,5.676467993670445411e-01,7.942910160952572074e-01,5.914499503963639437e-01,4.308756861122008952e-01,4.874600475866672777e-01,5.117784494141703888e-01,4.743785303356841121e-01,4.924475614776885890e-01,4.756278108203031429e-01,4.393406858382037927e-01,5.750173446642847797e-01,6.539511280989467323e-01,5.270442514642222909e-01,9.360598167964453431e-01,7.729449662533629528e-01,4.069188136484723772e-01,7.751184584949668555e-01,8.226247178832287732e-01,5.221318280127034139e-01,7.030712451655118933e-01,2.061657181996971178e-01,4.190274195623985287e-01,5.115046459375747201e-01,5.893533948007615431e-01,4.861967658272662307e-01,8.119007946277367882e-02,8.078675461631776855e-01,8.469858435902309912e-01,7.505755423863444964e-01,5.583361733834888430e-01,7.080924179554769493e-01,9.871306917035166384e-01,4.297374698422268269e-01,6.798356924428233805e-01,3.052624526327354371e-01
