0.000000000000000000e+00,4.175446167989560475e-01,2.679692578359685329e-01,2.600139272627358111e-01,6.768462367854164441e-01,6.913940525831476780e-01,7.688694062434843213e-01,4.673717862800710887e-01,9.851962834334533348e-01,7.365098597302353056e-01,5.668546109392273991e-01,8.204714342157067852e-01,8.297437959433588972e-01,4.395714717261895998e-01,8.513418071618569227e-01,9.568057973648582681e-01,6.534517785909053078e-01,3.636539183818034981e-01,7.013945316485618031e-01,9.291855503738501998e-01,4.497698966898402428e-01,5.194503228997313649e-01,8.439842707646938447e-01,8.905152662030251243e-01,6.971709069245874968e-01,2.796845405159404385e-01,6.067653339615942665e-01,9.895900573679807799e-01,5.795484134264206055e-01,3.395656397544457583e-01,3.052222523090359907e-01,6.555108396128697112e-01,7.184972242993638014e-01,8.819208303733825360e-01,4.862736630582314978e-01,3.633554442590593014e-01,1.513905685130339518e-01,4.382518704517232022e-01,9.775824543010404044e-01,6.950367383040718661e-01,4.198219577345103093e-01,7.581342655833815947e-01,7.499769466921055727e-01,8.664701043502095468e-01,7.428133237700000890e-01,9.641809263173020117e-01,8.411091952221361190e-01,8.144192386676338824e-01,9.941938558322901409e-01,7.045055290740419585e-01,6.122453366657186757e-01,5.039425747144459233e-01,7.289716568245415695e-01,7.363370692669530815e-01,5.937186179205229397e-01,8.605291349134428502e-01,6.161463863248540784e-01,7.624983650412456848e-01,9.870795204385292010e-01,-1.484281781807717526e-01,2.264936488827162253e-01,2.110322638673796658e-01,9.528964645635220609e-01,2.224223212238169989e-01,3.194072072662662576e-01,9.967884482333504437e-01,7.488773108489793495e-01,6.941539615828824783e-02,8.892128328040163066e-01,9.534059701401509379e-01,8.858260282470610258e-01,8.361151202809151695e-01,5.359058725251976130e-01,2.101144048017088151e-01,9.269059782131775505e-01,3.240979204492211996e-01,3.578789821405771177e-01,8.986625924269707744e-01,6.813850597108516149e-01,6.832618864224358768e-02,6.494916860168074013e-01,9.422538448425819002e-01,8.635960782764116050e-01,3.798985700668032761e-01,4.932945125402569131e-01
4.175446167989560475e-01,0.000000000000000000e+00,7.553945174634317805e-01,2.688137363257716017e-01,5.525489856029028868e-01,3.338112607487960792e-01,4.288481779177479858e-01,6.307528279191561005e-01,4.710745198316412252e-01,6.182812540389561740e-01,5.018281805532323059e-01,8.383327929550297153e-01,8.243754335663903143e-01,4.025052997499862784e-01,6.241722494202148752e-01,-2.581499744287374942e-01,6.874208343938393861e-01,3.938336468706364890e-01,5.615497117210537237e-01,7.790342337219438029e-01,8.580453869537553180e-01,8.947317086985645540e-01,6.986723717680072276e-01,8.739443738816684570e-01,4.492032989350960293e-01,6.846638209631324967e-01,7.303073134266244715e-01,8.378619805464622150e-01,2.823765730329441115e-01,4.952159871083107179e-01,4.786833199732694333e-02,2.356523237489597800e-01,7.617520322184148096e-01,7.885854337532020031e-01,1.503257340731762870e-01,4.085896095294698216e-01,3.854305611347415006e-01,8.819252190287565352e-01,8.413026639561246300e-01,5.476874265753064464e-01,4.509690233442201768e-01,4.235358471831605076e-01,9.085084960889153738e-01,3.565236373247788193e-01,7.861463964232805468e-01,5.759953929036150111e-01,2.464199287261347737e-01,6.819977330630723200e-01,4.891393295682003317e-01,1.430025045187935107e-01,7.300012696524219580e-01,5.981323637607295352e-01,6.308790995080112429e-01,9.479681260465452342e-01,7.010189096995037561e-01,8.309104595207436050e-01,2.918201205042048052e-01,6.837504684428175050e-01,7.789558874845513570e-01,6.848834748751208013e-01,6.854137943136868749e-01,7.755853362589538724e-01,7.554753117008179419e-01,8.174747463507746614e-01,7.222473809826299718e-01,7.466158467445518365e-01,5.535012020059095761e-01,8.348402432484556268e-01,1.043643467464550056e-02,2.800577876378892439e-01,6.271388895485152659e-01,2.266755171980272543e-01,5.401308503851360854e-01,3.495814375209563840e-01,5.970013284536017650e-01,4.319312436353543450e-01,7.436039455170050383e-01,6.246291452158312385e-01,7.342717591663206617e-03,3.904766190500363887e-01,6.307409302544452201e-01,6.489783003186118115e-01,5.309904945366649143e-01,2.795093485181830983e-01,6.182911164548562377e-01
2.679692578359685329e-01,7.553945174634317805e-01,0.000000000000000000e+00,7.949937680562269016e-01,8.262767311802866610e-01,9.529394810869766808e-01,8.790102144410001372e-01,9.439809579182412147e-01,9.043776467810784592e-01,8.715333176315037678e-01,8.883282052788393779e-01,6.623296261464904910e-01,2.215963094661615451e-01,4.587055332130715590e-01,6.555955069442462868e-01,7.479845412031237428e-01,8.749925409451771996e-01,4.410020996858132203e-01,7.963789970206048840e-01,8.571805275826416270e-01,6.614523876881480691e-01,4.186837798184134263e-01,3.518663504677854714e-01,6.072798293674557257e-01,9.299820021408994331e-02,8.934708596718198281e-01,4.545777235353806178e-01,9.110336742400888532e-01,4.758448967913832539e-01,3.234749177776140572e-01,8.672761896051815744e-02,6.378710963565553671e-01,6.627087736851984268e-01,8.192139166736058797e-01,6.036840071986043776e-01,5.399539958047193666e-01,6.878177224481211161e-01,6.222845520932553942e-01,4.384466753470315226e-01,5.734855120529751549e-01,5.499699034969428579e-01,9.565001726245108138e-01,6.897660995965314568e-01,5.218261726124353572e-01,6.901716881842884233e-01,6.347339337170426754e-01,8.346269841321967142e-01,6.377890386640010512e-01,7.499350476531086995e-01,7.848718942854049363e-01,6.735219599280432012e-01,4.279691206010339810e-01,6.646545345894270262e-01,9.431153668540197543e-01,5.712322525954582897e-01,9.087299091666722894e-01,5.463144539871232080e-02,6.177451697727140978e-01,7.589993964172024876e-01,5.572155251826768074e-01,2.834015425423760393e-01,6.350941727717358543e-01,6.187471359081111455e-01,9.143596762832271185e-01,6.817473338742281452e-01,9.024254999651968312e-01,5.222029386066395773e-01,2.236970634137215308e-01,6.801889365555172651e-01,7.143361332610159709e-01,5.666040468319286649e-01,9.817307403091324325e-01,2.405650661213731833e-01,5.983564413743642785e-01,7.515933617176948633e-01,6.109876100234677976e-01,9.701043237839650502e-01,2.599667090829540506e-01,-7.230397446216874080e-02,4.550521734694243370e-01,9.335485206865122843e-01,2.737994960284124146e-01,6.084840851532591355e-01,7.597720548878021951e-01,8.705604113887217554e-01
2.600139272627358111e-01,2.688137363257716017e-01,7.949937680562269016e-01,0.000000000000000000e+00,8.287452977603900761e-01,8.919731274923511366e-01,3.588404795166985073e-01,3.020341015671796914e-01,5.072909170018505831e-01,5.072190940942384874e-01,9.306466749615986966e-01,8.059577202314578415e-01,7.392806297793169668e-01,5.243756276571232000e-01,6.717280467141349964e-01,8.055250709570925816e-01,8.180982833730672255e-01,8.286149588467591753e-01,6.462961869675053483e-01,5.599363301156561334e-01,9.952809978468929453e-01,8.906010261680668005e-01,8.106363643822149800e-01,9.064279494744452714e-01,3.521991015480057524e-02,4.160440378280058638e-01,4.665461618727320126e-01,4.738532047135769476e-01,5.603086285707393754e-01,3.511000481950715679e-01,5.789550512231611545e-01,6.623714441546051379e-01,6.523936178687147480e-01,9.451285367288376760e-01,7.585442715152381776e-01,4.268684369535147294e-01,1.845721448501872197e-01,2.274402275766162496e-01,9.685735379694992986e-01,4.425131319136160757e-01,7.076617319447146004e-01,9.514461084641048227e-01,9.174451720880097971e-01,9.414982157205887825e-01,8.845334350925222466e-01,5.980062770922498494e-01,7.942122789649659342e-01,9.187466382830850042e-01,4.230238126663590226e-01,-9.869064117614613496e-02,5.703629732138224551e-01,5.338779034034006887e-01,7.367310070815078493e-01,7.734052559766373403e-01,5.940475216245335588e-01,3.596460939493373310e-01,9.714398319297546935e-01,5.937067724669057300e-01,7.556938302176084976e-01,5.355188397968024816e-01,2.115149120085331458e-01,7.174368338873610140e-01,3.795024487854582462e-01,7.281672807100312284e-01,1.345307815167951782e-01,5.616133788466789456e-01,8.028370630427191790e-01,4.443686554178308823e-01,4.499004752672938201e-01,6.364659415519913210e-01,6.129439855820649763e-01,4.622124628929030754e-01,7.292530818421285588e-01,3.578896427327971086e-01,5.991304073039399603e-01,5.080867430998736722e-01,5.492976815983748873e-01,6.328028139488937054e-01,3.888121986830437304e-01,5.062799689182595486e-01,4.957273722958399631e-01,7.674911576173599759e-01,7.664816242051823991e-01,3.451555762959838125e-01,2.328870929826023506e-01
6.768462367854164441e-01,5.525489856029028868e-01,8.262767311802866610e-01,8.287452977603900761e-01,0.000000000000000000e+00,9.030045360586075320e-01,2.096647289888178556e-01,4.373685601332678585e-01,3.445541069194538730e-01,4.018383472032891479e-01,7.667717970296188401e-01,5.610274880414498622e-01,5.478870513845240930e-01,7.698674105401153156e-01,3.143711019195328804e-01,4.102973861488163898e-01,5.215959262301463895e-01,2.732270170344038851e-01,4.345222638801448101e-01,6.089151710819371566e-01,5.063416731866872134e-01,7.867489790476170919e-01,4.005176279409189966e-01,7.608179917794813951e-01,5.191760263200793091e-01,6.749652527224738741e-01,4.083855784907502451e-01,8.051223897424500953e-01,6.776953217111681971e-01,5.240272397306723340e-01,1.738399862623700998e-01,5.510282379551922904e-01,5.691815752906351777e-01,7.631254355978751569e-01,6.463770775351279640e-01,7.207235331385823951e-01,3.179536662702951433e-01,5.000493113396976552e-01,5.741385306880848471e-01,8.984132184725602821e-01,2.932902368328132447e-01,7.923761839836794829e-01,6.159812186256864441e-01,6.431648589141394368e-01,3.121578470952877660e-01,4.481689574281593202e-01,5.246851452676911665e-01,2.887462643502377024e-01,3.918588256070374420e-01,-1.936252141954242778e-01,3.519126911383622103e-01,9.109985767126188572e-01,9.399435059522248670e-01,4.029848035320944266e-01,9.817577587355567070e-01,3.158203461069124529e-01,4.703258367315068522e-01,4.632613735757298290e-01,6.993296270709364881e-01,5.870585076502538024e-01,4.621997205548680210e-01,7.461581446107423687e-01,5.579179992187649484e-01,7.138736811903733104e-01,6.577499620191076257e-01,4.288032517068817717e-01,7.729654907278206144e-01,9.285394705095553203e-01,7.172252927125243316e-01,9.808425357998409311e-01,6.345140429700275586e-01,5.504810873421429607e-01,7.176564466924924002e-01,4.694650378065996499e-01,3.270397673317811948e-01,2.500857876748195374e-01,8.049767610657562189e-01,2.895594869005985728e-01,4.958379418865095367e-01,4.748237785021339197e-02,3.600292192616593168e-01,6.184601712966351084e-01,7.554035588116200239e-01,3.731684340906046837e-01,3.728654046706235681e-01
6.913940525831476780e-01,3.338112607487960792e-01,9.529394810869766808e-01,8.919731274923511366e-01,9.030045360586075320e-01,0.000000000000000000e+00,6.920093378639049497e-01,7.799268893676151171e-01,5.996636307677327693e-01,5.485418628403686547e-01,7.154335261301176807e-01,2.610248393286538349e-01,7.162067984293325473e-01,6.423836804337539341e-01,7.077224039041511983e-01,7.817280022973398523e-01,7.336166452368253488e-01,3.512200545806692387e-01,6.939660791667842110e-01,8.011165407528201277e-01,6.216520692882888666e-01,7.945174509542478614e-01,1.507328463618429482e-01,2.111085408095141891e-01,3.249026351309040050e-01,8.935536491801964187e-01,9.868978955690468347e-01,5.210618102879965852e-01,3.286422273115190418e-01,5.988314103187335480e-01,5.265866157223261235e-01,5.750799384757256938e-01,6.164719621837109198e-01,2.700534933933932957e-01,1.234317271770426355e-01,3.519914593778330492e-01,3.014675727489286583e-01,4.280430478525449889e-01,4.085105558347705279e-01,6.034991218568874771e-01,5.769786121173339222e-01,9.667013963469464066e-01,4.611566970060846926e-01,2.207796660357630447e-01,6.461644894526012983e-01,7.609528834570719047e-01,9.539659821188714028e-01,8.492241273137888236e-01,5.085939308543796500e-01,4.755678355069196672e-01,4.296655890473130013e-01,5.035561357995989029e-01,7.191362922174637795e-01,5.814259008135252982e-01,1.398883376955450952e-02,7.976691754360908382e-01,9.236146348190160671e-01,5.872581642316567763e-01,7.494812754942588029e-01,5.084120112341938835e-01,2.199921398058226618e-01,7.790282620536684854e-01,5.528280449816268538e-01,6.231832022982111141e-01,8.081851838994532633e-01,6.296200936844408291e-01,3.196021417734250525e-01,8.633545215378052307e-01,7.859040701320358924e-01,7.466796577323840944e-01,9.613041552574490556e-01,6.649668434193750644e-01,3.575868908932444690e-01,3.649884763039079050e-01,1.507588382472309363e-01,8.117272797630282755e-01,6.073087443142127784e-01,8.311766740489427985e-01,5.938376149677837557e-01,2.794287298963247235e-01,2.365009606429683831e-01,7.091535392367693813e-01,6.365685245599248532e-01,4.264141415894712184e-01,1.641017114391270515e-01
7.688694062434843213e-01,4.288481779177479858e-01,8.790102144410001372e-01,3.588404795166985073e-01,2.096647289888178556e-01,6.920093378639049497e-01,0.000000000000000000e+00,4.241122810050746428e-01,7.923094523154683433e-01,5.169416684511138893e-01,8.802145221568959954e-01,3.099655188842843634e-01,7.327706115105362406e-01,6.078514968332311419e-01,2.304630486393515268e-02,5.136237734994234527e-01,7.520508582034123313e-01,4.060960231492760086e-01,4.839551183843157078e-01,5.767661586643969551e-01,6.770311240820938714e-01,6.475814799555574819e-01,6.103425156723742973e-01,5.618740399854872392e-01,7.388188130762642913e-01,1.554223445343331511e-01,5.521109647167304901e-01,4.398385194261829056e-01,2.940621693723580732e-01,4.336036523102972384e-01,1.742688219223754720e-01,6.308582386113457119e-01,5.273478384569950661e-01,7.061519330468455369e-01,5.203252082628022634e-01,3.954702286201182693e-01,6.274158899564226122e-01,6.231123694173870131e-01,8.728984366054357569e-01,5.702540800837629931e-01,5.933283927297190452e-01,2.571944530960457165e-01,3.141655200572466833e-01,2.514281768970116904e-01,8.687147111367974350e-01,4.238091619863879611e-01,6.625838797895533538e-01,5.665347616442693024e-01,7.881122506523526861e-01,6.972907430246317873e-01,7.984605199294324551e-01,7.439971929325333022e-01,6.652777949242767441e-01,5.482602061054713261e-01,9.017765066359911819e-01,1.489646060663822325e-01,2.460894373950598124e-01,7.999581072086138223e-01,7.768981317240524209e-01,6.429206114448505760e-01,5.152676631214829772e-01,8.386672269353159237e-01,7.527689279405179734e-01,9.343663500822241286e-01,1.711695138044268816e-01,3.111994618893056952e-01,2.498723824658779513e-01,9.341615680406464284e-01,4.325638915238917415e-01,2.724607634464026873e-01,5.992061198690229462e-01,4.763127835141443001e-01,7.072730703934050345e-01,3.646710779399217062e-01,6.414321086686052276e-01,3.772659154982762608e-01,3.147110596872733090e-01,6.421607008229026636e-01,5.420919585516332795e-01,4.084113286056796355e-01,7.268860142677866509e-01,4.964162743048284310e-01,6.609483854164260874e-01,3.537474442648532724e-01,4.537869313509578229e-01
4.673717862800710887e-01,6.307528279191561005e-01,9.439809579182412147e-01,3.020341015671796914e-01,4.373685601332678585e-01,7.799268893676151171e-01,4.241122810050746428e-01,0.000000000000000000e+00,4.445487067109138990e-01,4.545714607741755953e-01,3.393187761053733098e-01,4.434600124748953043e-01,5.255495164688959164e-01,9.378094998480828171e-01,6.690819241215864022e-01,4.455796802571702631e-01,3.694260630307547588e-01,6.098568728206171796e-01,7.465081067113825686e-01,7.041271332376081160e-01,5.099702895209662357e-01,6.305363326138178071e-01,3.618398309298948567e-01,6.986221056509906990e-01,2.845741923086666514e-01,6.577414885358109364e-01,3.051813810648957848e-01,6.834998274737066337e-01,6.865016661731172531e-01,3.516254047400969029e-01,1.837554419614959855e-01,6.842200445452638613e-01,4.147009892189835734e-01,4.706294235357939559e-01,4.592524395841191542e-01,5.400741224025316090e-01,-1.499997444861809748e-01,4.983187520159568784e-01,2.163282592348167443e-01,6.664291158599545684e-01,2.249515349930822916e-01,4.704410995935150996e-01,8.081418242435449706e-01,1.570231837591523627e-01,2.888704768935754785e-01,4.807352955953632101e-01,3.262642231273732429e-01,1.025347228421802231e-01,6.894022358114242355e-01,6.819852556926978560e-01,7.697751255123521652e-01,9.274111248945838826e-01,5.259172001509736516e-01,8.986178847652255552e-02,4.165984080026139957e-01,9.005228619039837845e-01,4.952541551737715819e-01,2.599103944170921832e-01,5.627934464855165464e-01,4.812921272170678222e-02,2.528258904791048089e-01,6.785423897593367837e-01,5.015967060005996903e-01,6.112629553551379713e-01,9.844230723860414312e-01,9.764943172171374197e-01,2.512906515072627633e-01,9.872028318766128407e-01,6.565857251752025281e-01,4.533059418598546775e-01,5.073151398481875463e-01,2.576486601019489231e-01,7.482623964821406848e-02,2.989412852848566948e-01,7.116853112038334928e-01,7.280124453923234595e-01,6.326421565998303631e-01,3.231559263250832759e-01,4.611229013851048109e-02,2.731714100455345240e-01,4.159998361109726317e-01,6.445267984804046169e-01,7.012146996230246287e-01,4.307603995499422744e-01,6.634742721874846705e-01
9.851962834334533348e-01,4.710745198316412252e-01,9.043776467810784592e-01,5.072909170018505831e-01,3.445541069194538730e-01,5.996636307677327693e-01,7.923094523154683433e-01,4.445487067109138990e-01,0.000000000000000000e+00,6.503818875225668705e-01,4.055573566700212962e-01,9.186897586291298268e-02,9.225644000069510575e-01,8.235160291398389010e-01,6.777484073293333910e-01,4.301893751649139008e-01,6.692069971949096141e-01,2.695989672277214755e-01,4.190094596484034151e-01,6.395807612496960948e-01,7.630347781804697194e-01,4.041912064997031928e-01,5.100634763359369606e-01,8.545266053759467129e-01,4.339030491567215653e-01,8.788455752082633410e-01,8.167998858996013967e-01,5.288041469007601081e-02,2.704696686214426160e-01,1.767659371322659601e-01,1.091965222026414495e-01,4.905566744072664687e-01,2.970575854962237972e-01,2.192709560502056343e-01,5.309300929011944170e-01,4.287426544648929583e-01,5.085317523558080532e-01,4.624765678832266080e-01,4.655448148997886060e-01,8.869104533216130015e-01,5.000576092560821140e-01,9.036728469829856669e-01,6.771715726797353785e-01,8.814265460520083195e-01,5.886051599059547584e-02,4.885172457390704603e-01,3.747657869871485747e-01,7.784460783115592086e-01,4.265174872912452786e-01,4.331165480437156878e-01,7.102723626981943816e-01,9.179951581883348810e-01,3.369380975130918943e-01,5.886559997611150452e-01,7.501291487365168154e-01,2.774259637940692524e-01,6.576666622702262988e-01,4.502727950830814341e-01,8.499684085737261308e-01,2.025388318855789183e-01,2.388111110924179825e-01,4.850629913212929911e-01,9.429714993781371790e-01,4.881430876136811925e-01,5.563294378992289513e-01,5.825154675562321804e-01,6.009129410804512350e-01,5.458165632464710981e-01,5.594739763708762581e-01,7.965281642791955941e-01,6.752619146045920617e-01,6.898579196224626786e-01,5.391197941052114917e-01,7.128301014458869600e-02,6.181669791458631602e-01,4.654022111806515594e-01,7.589616545508653944e-01,3.153674705311443338e-01,5.981704932709812628e-01,4.535266499387569650e-01,7.105620734682240869e-01,2.660242492179875073e-01,6.355781872140962019e-01,5.065444244474963664e-01,4.043972213799819082e-01
7.365098597302353056e-01,6.182812540389561740e-01,8.715333176315037678e-01,5.072190940942384874e-01,4.018383472032891479e-01,5.485418628403686547e-01,5.169416684511138893e-01,4.545714607741755953e-01,6.503818875225668705e-01,0.000000000000000000e+00,8.563020103147995776e-01,7.793398479671685974e-01,6.254076992678745395e-01,4.208166332840498347e-01,7.416804645464090129e-01,7.677101941246946559e-01,6.180120497686270031e-01,2.235892416741618871e-01,9.794138301438193306e-01,6.713516060626676385e-01,9.962450348534157563e-01,6.283127306440741133e-01,5.443583564014594645e-01,5.391458924030396727e-01,7.432124566612017258e-01,6.835128704006102618e-01,-1.255003281232671408e-01,5.276362273784493961e-01,7.511981955134308109e-01,4.699892119378583644e-01,5.277064494016282525e-01,2.363870056946770770e-02,7.282931315951587381e-01,6.477011267605274902e-01,5.879639955813660279e-01,4.162364641485669092e-01,5.378360663866375013e-01,6.195909156268861739e-01,6.707292878332582475e-01,7.756620201697052019e-01,5.371558937498697173e-01,8.608257383453921108e-01,6.803529452093011187e-01,4.603707035288261418e-01,5.567265661700284696e-01,6.328131271589825246e-01,6.337667401021332969e-01,3.860446689374587015e-01,4.697692228558704719e-01,9.193485452085935483e-01,8.391088532213533124e-01,7.719015771711918994e-01,4.071097802876210148e-01,5.525363523894740725e-01,8.353685343016746812e-01,6.593856126274374452e-01,4.323260743678899454e-01,4.463003443003165094e-01,9.216350603591442203e-01,6.420926477219714990e-01,1.821230857781601653e-01,5.855757852925183027e-01,9.663566940606506117e-01,5.710957396463773872e-01,6.662383937602829320e-01,4.674700959943902667e-01,9.782334318116853167e-01,7.319324895179535329e-01,7.535399713375933173e-01,6.419781439324410144e-01,4.588100162597816833e-01,7.681189440552560477e-01,2.278979996758199456e-01,3.830774656662025990e-01,3.967445312217103837e-01,7.142286584619865764e-01,4.039397047631490545e-01,4.011354631543648241e-01,3.586854007138313705e-01,5.970578114297454553e-01,4.673441681206188525e-01,4.466021646264383693e-01,6.464327572072758876e-01,5.963986878158586968e-01,4.215930302294985110e-01
5.668546109392273991e-01,5.018281805532323059e-01,8.883282052788393779e-01,9.306466749615986966e-01,7.667717970296188401e-01,7.154335261301176807e-01,8.802145221568959954e-01,3.393187761053733098e-01,4.055573566700212962e-01,8.563020103147995776e-01,0.000000000000000000e+00,5.539030153558778258e-01,4.618152996021684387e-01,4.086793038923748900e-01,9.182019905619744904e-01,7.182283611047516336e-01,6.083563980833144313e-01,4.450359318018569099e-01,3.815455763631875885e-01,6.797039820350085915e-01,1.859698577339810241e-02,7.096385040678961920e-01,8.438862947672201020e-01,3.785117925722951693e-01,4.438879701650937371e-01,8.488636203947688141e-01,6.024144965804937302e-01,6.268489295470861533e-01,3.903102448716666562e-01,2.996209992490678209e-01,5.870941236989537515e-01,6.168159400852283314e-01,8.985787224286229113e-01,7.185046164121590140e-01,7.310503622027180182e-01,7.447745031860358855e-01,2.645467093475853404e-01,3.213296062866708436e-01,7.223814047542490568e-01,8.483871268712098734e-01,3.582809814378270508e-01,4.493270124714391911e-01,7.115549119653500343e-01,9.696965081848312185e-01,3.238798523611194913e-01,7.760476022589747336e-01,4.793406104532040857e-01,7.609084064561741911e-01,6.745414419773053671e-01,5.262899542566515931e-01,5.163012996948554978e-01,8.066725562092162960e-01,6.028145348483227028e-01,6.745632486555146468e-01,7.725144553299120309e-01,5.451171407321477869e-01,5.728113636920714180e-01,8.409750836846925370e-01,5.442147679996794940e-01,4.496081655828674806e-01,5.939849669981807079e-01,7.083509206238343126e-01,7.499669533558417367e-01,6.150091226769219821e-01,5.638022684528858353e-01,7.023639924042139882e-01,4.555262686975962150e-01,6.807831240288657604e-01,4.470945581152454551e-01,8.475550213529208232e-01,3.689152611649046953e-01,4.881390532982007313e-01,4.072493657322837080e-01,1.511168299630364920e-01,6.517614583328521505e-01,5.437112224514706327e-01,3.533708787296275800e-01,8.668605462106516724e-01,4.898876211589607288e-01,5.619258474316135565e-02,4.335116160700465682e-01,7.707245494552417142e-01,8.391759764331143678e-01,1.777843281758280103e-01,5.792110444154208171e-01
8.204714342157067852e-01,8.383327929550297153e-01,6.623296261464904910e-01,8.059577202314578415e-01,5.610274880414498622e-01,2.610248393286538349e-01,3.099655188842843634e-01,4.434600124748953043e-01,9.186897586291298268e-02,7.793398479671685974e-01,5.539030153558778258e-01,0.000000000000000000e+00,4.492980727321612688e-01,9.526966957054708862e-01,4.274449555832279257e-01,3.464424205246066646e-01,7.360984978772179277e-01,7.187299182854274548e-02,9.210860691944061651e-01,4.547813298365119272e-01,7.353990212351840805e-01,5.635686841203515485e-01,6.410393946619667993e-01,6.008456252008489429e-01,3.987381359790415081e-01,8.003910872920160235e-01,3.291503953411270555e-01,6.326217349406747514e-01,1.241605217614025342e-01,4.681097642347443744e-01,4.784632754857636727e-01,7.366029063707434377e-01,8.434605566490949169e-01,4.869647817845076387e-01,3.282833931880272949e-01,4.755320176242951447e-01,7.980768985769924606e-02,4.705883686720583325e-01,9.591394418225001051e-01,6.075623359390134315e-01,9.912655860589257850e-01,5.846495063216377019e-01,7.996848756654355572e-01,7.648161333762911740e-01,9.074668279739372956e-01,7.075208041810665538e-01,7.974299529035595580e-01,9.073862391463390908e-01,2.333546800613407191e-01,6.648210932879420332e-01,5.624792949562971156e-01,5.047619657454253117e-01,4.673660028023666757e-01,6.119069844469311459e-01,8.213063106082300058e-01,9.929802008748129794e-01,9.711621536845324032e-01,2.365134951605226687e-01,-1.474521310103084903e-01,1.632187389671489186e-01,4.848964619730572467e-01,3.228677112189877185e-01,7.441527312324495158e-01,9.360842682718709673e-01,8.697371614356440572e-01,4.576189242703121995e-01,8.524088962399956060e-01,4.509610633017061554e-01,6.238287230297420161e-01,9.584179000605089760e-01,7.728790838773536009e-01,7.003620289967075196e-01,7.239124277966662024e-01,2.073973482184923375e-02,7.753016632749882842e-01,3.281372955048956763e-01,6.125088737388763027e-01,3.065937359235890169e-01,6.550570944362527070e-01,3.176800608015903915e-01,2.342269402499035647e-01,8.286818927717651828e-01,7.763332533254736489e-01,2.795870766792434847e-01,3.582989358629783405e-01
8.297437959433588972e-01,8.243754335663903143e-01,2.215963094661615451e-01,7.392806297793169668e-01,5.478870513845240930e-01,7.162067984293325473e-01,7.327706115105362406e-01,5.255495164688959164e-01,9.225644000069510575e-01,6.254076992678745395e-01,4.618152996021684387e-01,4.492980727321612688e-01,0.000000000000000000e+00,-2.401575151824660304e-01,8.986828159282186368e-01,2.604170334493113304e-01,6.962541542175869624e-01,7.781571615986609958e-01,5.578416631802683989e-01,9.397151714711966530e-01,9.239765216941150383e-01,9.904461339954843124e-01,7.405362411645476373e-01,2.003135020602843097e-01,7.610589108558004634e-01,6.415254309821822876e-01,8.459861617639253817e-01,6.365257719670627257e-01,3.225980587325145699e-01,3.600955408073123198e-01,3.488890587484010375e-01,3.394585526816029653e-01,6.738935397846534947e-01,9.649803147400511927e-01,5.564632886699280023e-01,-1.122116738206062753e-01,5.535562164529179707e-01,8.778397413228208324e-01,9.426630624741823006e-01,6.002352996931518136e-01,4.707306070466937276e-01,5.620256395640165215e-01,8.509157935388256266e-01,8.346736643261072341e-01,6.106043763112949385e-01,6.327987539813429985e-01,4.816970941170675147e-01,2.210158638868057746e-01,6.284592781541443740e-01,5.977308795449010059e-01,5.858591708258527042e-01,4.931319032658154633e-01,8.668516184307129002e-01,9.536439427436153027e-01,6.829715578899479000e-01,7.509383407938249322e-01,2.361789823235193597e-01,5.616875863771149113e-01,9.812632306841373442e-01,6.628267038912658560e-01,4.743009924966116175e-01,3.877409422758963942e-01,5.555498835098716670e-01,7.565560614774354820e-01,9.963537113549754132e-01,9.787581742447016842e-01,9.573569359449579652e-01,7.922766940183946227e-01,1.741800705836282770e-01,3.777193408123562524e-01,9.508212742235268022e-01,6.435041874063203160e-01,6.344753331008509134e-01,4.994356022008790141e-01,3.197462715701314684e-01,9.489162370340944452e-01,8.080511003987655982e-01,6.022094472165507861e-01,3.234742211296054437e-01,2.493078461366384502e-01,6.657125025969176102e-01,8.546869884612184887e-01,6.506251787195120873e-01,1.436607329150132728e-01,9.071391154285058933e-01
4.395714717261895998e-01,4.025052997499862784e-01,4.587055332130715590e-01,5.243756276571232000e-01,7.698674105401153156e-01,6.423836804337539341e-01,6.078514968332311419e-01,9.378094998480828171e-01,8.235160291398389010e-01,4.208166332840498347e-01,4.086793038923748900e-01,9.526966957054708862e-01,-2.401575151824660304e-01,0.000000000000000000e+00,7.923418376060495927e-01,8.615898556239613981e-01,3.036334202527779524e-01,4.813966367863063422e-01,9.382860938751362845e-01,5.764816497692339947e-01,4.481170106362526440e-01,9.428469181587900705e-01,8.302543549844506598e-01,7.056120019370183405e-01,3.245884590206190023e-01,6.569365740184196500e-01,6.704370758670995523e-01,7.304150648774998533e-01,1.789486668716080975e-01,4.824712621782830668e-01,3.213249747620617325e-01,-1.679948416364387964e-02,6.228011422238478589e-01,6.114215319292622963e-01,9.834909196935386344e-01,7.494196957683155191e-02,5.067996452761422965e-01,1.465659743460235587e-01,8.359344302782030223e-01,8.704789992668910958e-01,6.594327914455881956e-01,3.767107922212485915e-01,3.605875539044004485e-01,4.457570278514573769e-01,9.363318800218967120e-01,5.768473624471084360e-01,9.342764132776423258e-01,5.755829760752089186e-01,9.942035200103644943e-01,9.229176288645491999e-01,7.746611539217647113e-01,7.055528671726052359e-01,4.278860685001598663e-01,7.711041062552865810e-01,8.728698061710143952e-01,7.351010025649920010e-01,6.147469695163764181e-01,9.075664753187354661e-01,5.583687147669174067e-01,4.058819090539153573e-01,7.057176237949988051e-01,7.194337578039547987e-01,6.521996870224326948e-01,8.403965397807938720e-01,4.846780861496771675e-01,6.536872320388529278e-01,5.734378695544968263e-01,3.511623271963048021e-01,5.713362301502606933e-01,6.070551822530492192e-01,9.046139731502813586e-01,6.488052689603568401e-01,4.953758097486886114e-01,5.510769534142179182e-01,7.482367666910774151e-01,6.114691707371858742e-01,6.959590787930992617e-01,6.949650334831986020e-01,6.281735249586483105e-01,-2.159691417232013355e-01,7.029615441290901767e-01,4.612066416351924825e-01,5.631447645549954029e-01,4.155941540316520633e-01,2.671739698355578008e-01
8.513418071618569227e-01,6.241722494202148752e-01,6.555955069442462868e-01,6.717280467141349964e-01,3.143711019195328804e-01,7.077224039041511983e-01,2.304630486393515268e-02,6.690819241215864022e-01,6.777484073293333910e-01,7.416804645464090129e-01,9.182019905619744904e-01,4.274449555832279257e-01,8.986828159282186368e-01,7.923418376060495927e-01,0.000000000000000000e+00,4.061539751831089173e-01,8.653270669619052002e-01,6.401069107838631700e-01,4.633710825569687386e-01,1.993130470750646699e-01,7.249710644664740800e-01,7.058907282270994177e-01,4.207529844044100575e-01,8.025033253669151545e-01,6.964110804993005333e-02,4.908735069069633528e-01,7.193697391626602267e-01,1.523788295907996249e-01,4.343051952877993727e-01,6.185414299193928711e-01,3.916474892158994248e-01,4.690274564323215767e-01,6.817687022406702102e-01,2.161448526627549604e-01,8.759891812570351766e-01,2.554333076570833305e-01,4.406865903398766160e-01,6.927112282265991405e-01,7.939133798951487631e-01,7.190111055246075633e-01,7.388297160546468678e-01,7.887372593739345739e-01,2.917779400139779433e-01,6.479450817744621949e-01,9.763002830176338298e-01,5.533653008278780483e-01,7.965833279662639654e-01,4.767853875823971910e-01,6.474618080837978296e-01,4.145593155249605033e-01,5.281218483188077073e-01,5.710346807159163429e-01,5.701817860702507179e-01,7.875185180606405488e-01,5.582651989630880163e-01,9.116339672748001721e-01,5.218221854025949513e-01,4.072175227420017918e-01,5.988671404807205390e-01,9.596166871194092285e-02,4.679660994722505407e-01,4.258683544552737121e-01,5.563654009226676189e-01,4.663066953462745579e-01,7.385135499477644139e-01,3.456457626473097844e-01,4.201078177933184610e-01,8.324329183342925598e-01,6.682525397842050685e-01,3.325523333838300566e-01,6.172842035330499133e-01,2.881132812519772157e-01,7.262034577611115038e-01,6.473343647978367921e-01,-1.572095410362646661e-01,4.480154174209144968e-01,8.852498459628610483e-01,7.512789609230650090e-01,1.013600239689388671e-01,1.467426948894467453e-01,6.110154660025535200e-01,6.190552995439788653e-01,6.484843489674388950e-01,6.550540642539550706e-01,4.670501043857117063e-01
9.568057973648582681e-01,-2.581499744287374942e-01,7.479845412031237428e-01,8.055250709570925816e-01,4.102973861488163898e-01,7.817280022973398523e-01,5.136237734994234527e-01,4.455796802571702631e-01,4.301893751649139008e-01,7.677101941246946559e-01,7.182283611047516336e-01,3.464424205246066646e-01,2.604170334493113304e-01,8.615898556239613981e-01,4.061539751831089173e-01,0.000000000000000000e+00,6.764269727861164094e-01,4.330535799833632460e-01,9.106361910550836436e-01,2.757224629564766216e-01,9.905954963021594839e-01,4.968731152513589655e-01,7.756755791239278164e-01,7.722591121741561038e-01,-1.014519650301881626e-02,9.638848992704442953e-01,7.479473133602311252e-01,3.798225604894485685e-01,3.877295582041766914e-02,5.006010091080536073e-01,4.131354076487251392e-01,4.024983236391240782e-01,9.487515131113132272e-01,2.515141310028154442e-01,2.451086110879766022e-01,2.094957141414628410e-01,2.951095962216470636e-01,5.188602644953774767e-01,6.772364192974911212e-01,6.922283480346711482e-01,3.492114734833041689e-01,7.690740251598977839e-02,2.381447353726174332e-01,4.026805661513882528e-01,8.766301150291050392e-01,4.992127920255655105e-01,4.525275549297729794e-01,4.173430076930928490e-01,6.846592338977447456e-01,6.439099648322542668e-01,4.669550791325052241e-01,7.608142477269119741e-01,5.430228620629697911e-01,8.421980979900388631e-01,3.224944917953397328e-01,4.113885785166531694e-01,1.603405306869781222e-01,4.763782842685017616e-01,4.381619274042297119e-01,2.010398681363501638e-01,3.036205433498098127e-01,3.158970605452830482e-01,-3.439359373526496011e-02,6.442541618539434634e-01,7.813711904587409274e-01,-1.310925117664213380e-01,7.514383164403548587e-01,9.567861767209534518e-01,4.617926403688297210e-01,4.076010819859986478e-01,9.265473176775173014e-01,4.564493790576160115e-01,3.629676172402185319e-01,2.491492257769378216e-01,7.712945489475540040e-01,6.645116030999884682e-01,6.759756032678052584e-01,1.851384614442819210e-01,3.710363858630650324e-01,6.168434179261252925e-01,5.729458503776647671e-01,8.476854032371382575e-01,9.773810105576064000e-01,3.244560126796172117e-01,5.441723199381907072e-01
6.534517785909053078e-01,6.874208343938393861e-01,8.749925409451771996e-01,8.180982833730672255e-01,5.215959262301463895e-01,7.336166452368253488e-01,7.520508582034123313e-01,3.694260630307547588e-01,6.692069971949096141e-01,6.180120497686270031e-01,6.083563980833144313e-01,7.360984978772179277e-01,6.962541542175869624e-01,3.036334202527779524e-01,8.653270669619052002e-01,6.764269727861164094e-01,0.000000000000000000e+00,5.403547136483459745e-01,4.772959377008751392e-01,6.283839971405933422e-01,8.768451011320959054e-01,6.040063423206271098e-01,7.881303670274713014e-01,7.322393562957810742e-01,6.301752432618905608e-01,3.797011211542610232e-01,5.622791836528614473e-01,8.488975938675995536e-01,3.135274240449751337e-01,2.947252292060006384e-01,1.490594737602809194e-01,7.997703908481784696e-01,7.650141775552249390e-01,6.276529672655154490e-01,6.613371909344673005e-01,2.849767384510508705e-01,2.436875841577905710e-01,3.766120830103532047e-01,8.960290975449474171e-01,6.353202423036781454e-02,6.416672399979341801e-01,4.662113175911735685e-01,8.316766653932196052e-01,5.878269423797873872e-01,9.856289971271476880e-01,4.136413197738923464e-01,8.312596607708112595e-01,4.043614054288519055e-01,8.208753664091930080e-01,5.810325128134569139e-01,7.292947335657583574e-01,3.154277032912812806e-01,8.239108160957253624e-01,6.438727135966660908e-01,8.193928117488190610e-01,3.878878695629107698e-01,7.327260383458106263e-01,5.418086257181343735e-01,5.000051848530092657e-01,7.410883906570404633e-01,3.801434505702223632e-01,7.037833374087777427e-01,3.461584002529317639e-01,9.317402937239063210e-01,8.264056486201096785e-01,4.704669914413919241e-01,3.197972493913951442e-01,9.294268050799205927e-01,4.230953241617962379e-01,7.164762075416196696e-01,7.445428785604312205e-01,8.711775013082273533e-01,6.600945468656516102e-01,3.163039471794759638e-01,7.438210448897472071e-01,7.461341571384121352e-01,6.839673882379148084e-01,7.258712310183090821e-01,3.941490287717512864e-01,4.530145543050157486e-01,8.965267547130613135e-01,9.948272446786052825e-01,8.903437120100869961e-01,4.015390209140035083e-01,8.338799244182333315e-01
3.636539183818034981e-01,3.938336468706364890e-01,4.410020996858132203e-01,8.286149588467591753e-01,2.732270170344038851e-01,3.512200545806692387e-01,4.060960231492760086e-01,6.098568728206171796e-01,2.695989672277214755e-01,2.235892416741618871e-01,4.450359318018569099e-01,7.187299182854274548e-02,7.781571615986609958e-01,4.813966367863063422e-01,6.401069107838631700e-01,4.330535799833632460e-01,5.403547136483459745e-01,0.000000000000000000e+00,4.064233681463347292e-01,5.944802479423284547e-01,6.560106117671564707e-01,4.847414629146983844e-01,7.425616816476987569e-01,3.594308754738176903e-01,6.068961945732134211e-01,7.956647039617841255e-01,3.994343870721690504e-01,6.955814655418561809e-01,2.640920640318326629e-01,6.110124327761852214e-01,2.740917915705011199e-01,5.685317627970614129e-01,6.850442488875999603e-01,2.291196589679566908e-01,3.652644044085722186e-01,3.993420024760099274e-01,4.571557956645603271e-01,8.431039435627841749e-01,9.425201444579495158e-01,5.178755058320051452e-01,2.547036402113886933e-01,7.120371853712885724e-01,8.486667102203091506e-01,7.838341729241551370e-01,6.936524140646127545e-01,6.516718088081883131e-01,6.960620572536436734e-01,4.602823096207528941e-01,7.415019537765288327e-02,4.455455171915211898e-01,7.812285658166122637e-01,7.556516522827967375e-01,4.365388317090400094e-01,7.954468915106021054e-01,8.658699591929814865e-01,7.103214170477795131e-01,7.845308175482177404e-01,4.219601448144747469e-01,7.718684381422205032e-01,6.722078765167720515e-01,4.593926825561571170e-01,7.096962793287018290e-01,8.074286581327010381e-01,6.195337638327456098e-01,4.912893583905498379e-03,7.451498381889037903e-01,4.130483357731115635e-01,9.849171729761658778e-01,3.981438970781351339e-01,1.767084124465556905e-01,9.426045526569561961e-01,2.272023294060753207e-01,1.904931986685242662e-01,2.591582358928761209e-01,6.498141723948203108e-01,5.310648431554968463e-01,8.157053956120420279e-01,2.291572353270995843e-01,3.460390150676453946e-01,3.475991202758390575e-01,5.134608231488358987e-01,7.490205091206781907e-01,9.485936266607315481e-01,1.209019324825459790e-01,6.905982892610636192e-02
