0.000000000000000000e+00,7.977259239683371916e-01,9.679893152685727920e-01,6.164933558609965170e-01,4.523084684357553953e-01,8.306122130604952636e-01,8.619698715569282799e-01,7.968754264023794054e-01,5.228652203164302348e-01,6.178126979458087309e-01,6.917846600213638508e-01,9.359005042544745745e-01,5.397178226723640115e-01,4.722921261601493725e-01,8.487783894402786133e-01,3.275952691958803342e-01,6.234393527735865304e-01,8.123202016124068114e-01,4.670793907537674761e-01,8.246189988660175274e-01,9.559187261247653611e-01,6.525496899785654392e-01,4.461760234143706261e-01,6.311729266077734657e-01,7.609917251145601469e-01,7.961381469796112720e-01,7.430687830135279670e-01,6.968606061372361049e-01,3.865687903520075297e-01,5.892731454757884624e-01,4.985567104922886683e-01,5.099277461050846227e-01,9.585720842252167806e-01,5.371095251276142291e-01,5.512343417890697150e-01,7.284741614545242605e-01,5.205746978692764593e-01,3.569539420420838605e-01,7.863452692139251132e-01,9.340598012851160092e-01,2.699141741849431231e-01,6.405481337895835292e-01,5.398367159483878908e-01,7.187006544972373012e-01,8.099428172837280782e-01,4.755917305105611392e-01,4.065814250382807638e-01,7.086758562328492328e-01,7.410405512770218417e-01,5.143406963074477201e-01,6.850658221867516051e-01,8.838068864789161427e-01,8.877571902959482397e-01,9.272263917765097840e-01,5.575391544799038757e-01,8.149891755055341802e-01,8.976088941231737950e-01,8.619079607871640292e-01,9.015064950107970487e-01,3.669061619097969684e-01,4.302921344732103526e-01,8.334195833688254895e-01,8.960247833257266592e-01,8.874948778010692818e-01,9.944406697513800131e-01,2.134547155670492302e-02,7.850878780327074091e-01,3.388560653601518369e-01,4.854860810813433347e-01,2.721370797434123912e-01,7.062577404680591142e-01,7.896908955368855398e-01,4.374441480200315091e-01,2.874124746808928710e-01,2.848026487453966249e-01,7.261257569462961081e-01,9.736088886399616449e-01,4.880944213975505486e-01,5.846157959045669150e-01,2.529683481874451245e-01,9.284058066702569612e-01,8.626678682863510028e-01,9.274924815225920049e-01,5.481346320225928270e-01,7.567691956347626370e-01
7.977259239683371916e-01,0.000000000000000000e+00,7.409757345446941201e-01,4.298223764506455824e-01,5.892334722517948986e-01,5.981266175413357811e-01,6.486943906468128906e-01,2.670200033306338039e-01,5.013778337816071629e-01,9.296299705723963802e-01,7.198421790765978656e-01,4.266625687583973647e-01,9.859386126480628176e-01,5.769023008307307965e-01,7.314786954596427249e-01,7.703595112307806136e-01,7.636616650467706879e-01,6.309111977574499708e-01,6.981270599231432783e-01,6.989676682559489151e-01,6.568901642845519362e-01,5.806638537348569606e-01,5.905606752603230758e-01,6.261766364877914270e-01,5.262974843457771668e-01,4.674353137283126514e-01,5.931708380246971668e-01,4.187137797640896331e-01,2.691643701197630190e-01,4.947173268831376314e-01,4.220286833433376517e-01,4.011834940535220495e-01,4.410159568164061517e-01,7.823514640851956248e-01,2.596539758043027168e-01,2.030681415141959503e-02,4.558306151673620632e-01,4.300215871791245870e-01,6.499177352208713732e-01,8.078786147843380894e-01,6.667986043587287304e-01,-5.240174394288266146e-02,5.351081299203590547e-01,5.186065876110789175e-01,4.876977471187479152e-01,9.322286002971943430e-01,7.413202700615196816e-01,3.137984267327736249e-02,2.746442645012980941e-03,5.130060387718226034e-01,7.036200721893315357e-01,4.688197520139907315e-01,5.965973061449417747e-01,4.101217231535582708e-01,6.908545924730704613e-01,7.265454745266672898e-01,6.004875874516544254e-01,4.051639732856595066e-01,5.724025969793149482e-01,-2.901633371541587070e-02,3.870445566356864875e-01,7.694168247378443404e-01,8.629333103949397010e-01,4.380469081623657446e-01,8.050715844881189964e-01,4.355131966876437666e-01,7.778119041089101016e-01,6.731003692065492539e-01,4.847994208647222747e-01,8.046439668718571303e-01,7.348676092820486394e-01,6.969397869376604548e-01,6.607782685222308716e-01,5.002917817913755671e-01,5.222105807423113033e-01,6.909438866402307644e-01,7.891160001455901352e-01,5.030284926889097008e-01,4.844055778508605248e-01,-3.365800259586572141e-01,4.331147475598688956e-01,6.079704289337688472e-01,8.183893897100866788e-01,2.026856211365225813e-01,7.796789372828102360e-01
9.679893152685727920e-01,7.409757345446941201e-01,0.000000000000000000e+00,2.060942734362735118e-01,4.947558061078192737e-01,3.131379843759790060e-01,7.856933474769662862e-01,4.121888969154318683e-01,8.784801912026038995e-01,4.668555985877678172e-01,6.631087331413937358e-01,7.485596032514476583e-01,6.966840125566139408e-01,7.089183584838900654e-01,7.890597531583116719e-01,9.480450847446354468e-01,7.934430978875646190e-01,5.026380953829039377e-01,4.243638186351120778e-01,8.554005212391272428e-01,7.584015371873920053e-01,4.655489212636597096e-01,6.099495601050550775e-01,9.236968197590648133e-01,8.662585443530357310e-01,7.940334405878952673e-01,8.311983729825506151e-01,5.864303737653442372e-01,6.996129507111920054e-01,3.023329001067630584e-01,4.078138571420241165e-01,5.212883550571034696e-01,4.101620876766540746e-01,2.071864630255041695e-01,9.784118291840236958e-01,4.483722230942531750e-01,4.688272137584804100e-01,3.243049242363382767e-01,5.880387924905129404e-01,8.379427287866383356e-01,7.836298542385166099e-01,3.869108602675744857e-01,7.400295706617074920e-01,6.526042855782465679e-01,4.284289837005865742e-01,8.369550308072528644e-01,8.246294149369235438e-01,6.431751641629740446e-01,9.392546346311356764e-01,8.037056206976150863e-01,8.322459558569306193e-01,8.899260420211938527e-01,9.421892837461992576e-01,8.911208271174123619e-01,8.860662653166773151e-01,7.852163105349762029e-01,4.024812596055890590e-01,4.511968581911565690e-01,5.130028495559063595e-01,3.352335359394181813e-01,3.363088472674317653e-01,8.472112477599927916e-01,7.258080249002433204e-01,9.472909922596070009e-01,9.805339553289140753e-01,9.990364222478388401e-01,9.646670693884122905e-01,5.987194001587976544e-01,8.211027230372971442e-01,7.823894572784739765e-01,7.783896242663432830e-01,6.493313785642058633e-01,-7.212676556295094521e-03,6.139551034253686312e-01,7.553813806005340581e-01,6.993316586607152274e-01,6.111144388890344947e-01,8.419118076021111508e-01,7.396368674053961367e-01,3.649143609362599516e-01,8.650123543202146159e-01,7.421087161466383142e-01,7.481048813384161278e-01,8.164192193972301670e-01,8.004857216630976158e-01
6.164933558609965170e-01,4.298223764506455824e-01,2.060942734362735118e-01,0.000000000000000000e+00,5.994641397069455646e-01,6.488770824244465274e-01,6.313567946570425304e-01,6.236124741381343650e-01,7.661501473004425078e-01,5.001263491084383395e-01,7.843180434565781844e-01,1.992581174741867300e-01,4.153213992598466242e-01,7.406534104744779690e-01,8.120446392871056851e-01,7.610550300470275698e-01,9.442997211510141264e-01,3.040211503986001707e-01,4.493082682528008465e-01,9.682746660264051064e-01,7.866708508892201746e-01,5.305560430702201957e-01,7.721406262694960887e-01,5.852605334915825797e-01,3.380253699303494841e-01,3.563555296760970159e-01,7.241399408921390668e-01,6.124553407167558916e-01,3.891656852129999900e-01,5.278139826435780391e-01,2.044994195675716997e-01,7.006395231547164482e-01,9.397881567683676884e-01,2.922959614961691543e-01,9.115020072735369183e-01,6.279902705108982852e-01,5.425919542558343966e-01,6.856602599563982325e-01,8.050969221190447112e-01,6.216721958924736890e-01,5.442656109661579977e-01,6.048666934599549599e-02,3.751761102828609085e-01,4.591898791678845071e-01,7.066964311717002234e-01,3.565847472218249825e-01,6.568521242072715705e-01,9.210749508233169180e-01,9.038404297797781872e-01,7.869846617228957175e-01,6.458773879724645228e-01,9.295802745337380379e-01,9.109452101969921500e-01,4.173747794332535177e-01,9.682129951980507077e-01,8.776168968874282772e-01,4.505853325103158502e-01,7.471994424778796162e-01,4.493344279558113552e-01,4.589958443640951846e-01,5.719679712955645368e-01,7.739717118644142690e-01,4.990620466091125751e-01,6.821697017313322897e-01,9.344690404936097927e-01,2.039011361008272460e-01,5.131711207483659054e-01,8.055001709844645807e-01,7.510223795803687707e-01,5.942831485046559115e-01,9.527955540009919178e-01,4.828432142201026234e-01,4.254493993048381051e-01,2.358033872356651295e-01,4.111653055651295352e-01,7.055878673575123328e-01,7.157994611667841678e-01,5.032510249296128224e-01,3.664829314309991926e-01,8.344229924044782587e-02,5.461487926107735369e-01,7.293208825998410694e-01,6.055656068471422238e-01,2.479475394835130297e-01,8.331792997423610458e-01
4.523084684357553953e-01,5.892334722517948986e-01,4.947558061078192737e-01,5.994641397069455646e-01,0.000000000000000000e+00,4.751911029592013058e-01,2.720018805461266731e-01,4.087050936380035027e-01,6.943525816899333014e-01,7.982419708463148744e-01,5.888809360621523048e-01,7.998115657581228444e-01,8.956169389706670758e-01,6.652559737875787249e-01,7.680091695609482239e-01,5.168978083100043142e-01,5.556077671523980133e-01,4.916927539042086903e-01,5.251139049722184371e-01,5.188174008058383802e-01,3.155118089663783709e-01,7.833273346302573881e-01,4.682049164270533081e-01,8.982995567714041618e-01,3.996057799524039833e-01,7.789877851549398269e-01,7.231762086428075165e-01,2.007172086366409425e-01,2.477396862445335468e-01,2.071066060296091749e-01,5.636139142726658280e-01,5.329004100545917666e-01,5.700317365281861726e-01,6.573396976543304238e-01,5.375488346805971096e-01,3.037128530792526093e-01,5.343197693672202542e-01,7.269410917053297227e-01,4.099868969663954532e-01,1.192401992692774804e-01,3.295559714061039314e-01,9.174787233766921180e-01,9.103210985752059337e-01,7.291842255537825945e-01,9.091286215262784909e-01,7.587820118228524313e-01,9.729093632787141344e-01,6.055380200292900250e-01,2.565204125713302918e-01,7.362606317291975344e-01,7.617993676517816892e-01,4.024550977801888973e-01,8.847568057545230902e-01,6.971670366959311638e-01,6.663880262818999700e-01,8.006492740841445466e-01,5.976724465941236630e-01,2.997932213607723551e-01,3.825837134741426615e-01,4.265441921520566337e-01,8.886386393344031243e-02,-7.407680032814661919e-02,9.505326612900460992e-01,6.597680696718470905e-01,6.429446337778975673e-01,6.987504995530892105e-01,2.162735343101260255e-01,6.411020896968810945e-01,6.219858460274417800e-01,5.950685603304413096e-01,6.076532002898497042e-01,5.913760551885811623e-01,3.149767154129830271e-02,3.411351391843328584e-01,5.125653081469770944e-01,5.130628253611290157e-01,5.508589313405828358e-01,7.791186496602242606e-01,2.998148514128540221e-01,1.441455269299499464e-01,4.319738462415043667e-01,9.833709515751533070e-01,7.993135687738870399e-01,3.419658167368127000e-01,6.234946993996824949e-01
8.306122130604952636e-01,5.981266175413357811e-01,3.131379843759790060e-01,6.488770824244465274e-01,4.751911029592013058e-01,0.000000000000000000e+00,4.707103429419819962e-01,1.498945905172763549e-01,5.756621810095620129e-01,6.857603319010584508e-01,7.812407544600949993e-01,9.276912094252356411e-01,2.634322699480142194e-01,9.737542314728830917e-01,6.478460855492156334e-01,2.878521056474405704e-01,6.010876688416254554e-01,5.734890989300456265e-01,7.424945770963052860e-01,7.354155738652810026e-01,8.844324438777941833e-01,3.264695884432795570e-01,2.947524912979233025e-01,9.839437792068872479e-01,6.262333123180421346e-01,9.331962181013429003e-01,5.147865398387588831e-01,6.371771369741923152e-01,7.203514575524802011e-01,5.369641257191636319e-01,5.741298741254934335e-01,9.448162145959840830e-01,2.604869267007911549e-01,5.485132836033871362e-01,6.207118100994338805e-01,5.349497223573678184e-01,3.268479854497861048e-01,6.800841115197862052e-01,5.650380182910282878e-01,9.992478197632803649e-01,4.280122950031618467e-01,7.661214543908079211e-01,5.883982189270260399e-01,2.991681460977027029e-01,6.182184311240179753e-01,4.376777382720247189e-01,7.659181994073704924e-01,4.524106630094786863e-01,6.567706249023532727e-01,2.562854937953915752e-02,7.013382906673021333e-01,5.692949491246228622e-01,4.668677954328456781e-01,8.395657277064765278e-01,3.009703214964664086e-01,3.421851858446200989e-01,7.639948357646522137e-01,7.963913720541779817e-01,1.622249118021693581e-01,3.366108147792968852e-01,7.974386083557658544e-01,6.422284897296882678e-01,9.551774464562042821e-01,5.386918474168258530e-01,6.327513959299048141e-01,2.266662694621137952e-01,4.109349312904534979e-01,8.878787583097514924e-01,4.733493824684462115e-01,4.740809380334435330e-01,6.931677761504534407e-01,7.671062607545368062e-01,4.872031394180899588e-01,7.012740710896934182e-01,6.534564359387556864e-01,8.245547526715510944e-01,7.926883970355610431e-01,6.941532637864163968e-01,2.567862837271613907e-01,3.547608330682331390e-01,6.850226727143015060e-01,4.105155552372903305e-01,7.802662633614800836e-01,5.656729021684218095e-01,5.767337816659332539e-01
8.619698715569282799e-01,6.486943906468128906e-01,7.856933474769662862e-01,6.313567946570425304e-01,2.720018805461266731e-01,4.707103429419819962e-01,0.000000000000000000e+00,5.931930569631236327e-01,7.831782459400942198e-01,5.462945766800978431e-01,6.205181806250367194e-01,4.200156211625948321e-01,6.060620145764116229e-01,5.203483170164235894e-01,5.338306060123694241e-01,5.644981155043402588e-01,2.306459514053563475e-01,6.680337772062181489e-01,6.769030620417939570e-01,6.076959886673406475e-01,6.229695342547777459e-01,5.038039978623692905e-01,5.387750941887858858e-01,8.526531399982469894e-01,6.614255667441687470e-01,1.672697597956926685e-01,2.289432375796433272e-01,2.019658067317511296e-01,4.764965230219640469e-01,3.185851884742352813e-01,2.884888961047427092e-01,7.609350047331421285e-01,5.310328208077124135e-01,3.256179267336607452e-01,1.032256096592057831e-01,1.525001982457947491e-01,6.360385175937421920e-01,4.192034108873475828e-01,2.950716399609821794e-01,7.446953146688164438e-01,5.729448519635732540e-01,4.710665032204518488e-01,7.831431518203569864e-01,9.587372463720235105e-01,9.396653255018877493e-01,4.370761226920800713e-01,2.035535998800213145e-02,6.245639183158684382e-01,3.586035040323832801e-01,5.514196078800654988e-01,5.454310311267529521e-01,-5.256959872439506687e-02,3.487076486131004960e-01,6.218525752289069120e-01,8.641254238097210161e-01,3.715878661848963649e-01,5.618702713617387268e-01,6.361121498343174085e-01,7.811800365633108090e-01,3.503719634639104186e-01,5.165221093846656952e-01,1.496735072981413839e-01,2.928068596522662714e-01,6.756953386586412869e-01,5.867606002530668663e-01,1.439602396528207907e-02,3.353540311353868097e-01,6.502045076418181413e-01,6.422106357921322228e-01,7.374688879821715837e-01,6.801703062657407095e-01,4.887396891444245051e-01,3.736445233672280875e-01,4.546959556372911493e-01,4.679607050026217685e-01,6.132775096403465104e-03,6.249116882416251295e-01,7.487400856027877083e-01,4.729850294927195886e-01,3.490723292103909414e-01,2.731700920290152657e-01,5.168282580225900258e-01,9.145651541256001604e-02,3.771370292360559651e-01,7.578447187425256804e-01
7.968754264023794054e-01,2.670200033306338039e-01,4.121888969154318683e-01,6.236124741381343650e-01,4.087050936380035027e-01,1.498945905172763549e-01,5.931930569631236327e-01,0.000000000000000000e+00,6.300190692232368050e-01,7.190852129036586771e-01,2.665728665871378023e-01,4.664277854647528310e-01,9.161238283315409348e-01,6.211106800316812393e-01,3.119420621462813403e-01,5.317435704795981932e-01,5.753657210913487585e-01,7.596087449705558603e-01,6.757988171656460485e-01,7.777558268222337645e-01,4.335351073476605421e-01,6.081222401812218514e-01,6.452499127258505274e-01,8.938901391599253232e-01,6.011167908080803368e-01,2.419315531455418222e-01,3.805557464968729597e-01,4.332587462963591318e-01,3.475359309631637084e-01,6.779607504844750165e-01,1.616352788033389165e-01,3.635939211517307257e-01,4.957271844000395444e-01,4.498739418351233588e-01,6.402392962030205581e-01,7.034180672859333683e-01,2.533392432788176274e-01,1.418937189975920110e-01,5.549458709960062297e-01,6.672115984632078778e-01,3.480297498157421399e-01,4.238892073707418162e-01,8.616459242677533270e-01,2.895512767170250745e-01,5.412506187092224197e-01,5.670399771786650556e-01,2.266215996597457094e-01,7.877619289656466461e-02,2.202115282321424061e-01,3.230119925770816303e-01,5.752537652126278322e-01,3.431125466436929505e-01,1.913330226424604374e-01,6.186474427049006852e-01,7.615405932561636337e-01,7.679224629148549974e-01,6.497316328290323462e-01,5.373240008487560893e-01,2.051086878539310487e-01,7.028285867705844625e-01,2.180325606513596193e-01,7.006084331716886382e-01,2.741590682371317089e-01,8.101717003933386341e-01,7.879250577916644405e-01,3.097735297790004672e-01,6.196023059321045245e-01,9.207536072963973250e-01,1.964874278177452249e-01,7.651268159475350661e-01,7.857924520933865509e-01,5.433271027256239005e-01,2.276761464630375487e-01,2.518742665242144074e-01,6.655222455365279455e-01,2.301814350914763163e-01,3.501746143563224667e-01,4.506595940452624016e-01,6.652980266368792028e-01,5.565718286352154820e-01,6.743943267571557154e-01,8.536046305425627478e-01,6.463826982878250194e-01,-1.495683778783950535e-01,4.215949839457457382e-01
5.228652203164302348e-01,5.013778337816071629e-01,8.784801912026038995e-01,7.661501473004425078e-01,6.943525816899333014e-01,5.756621810095620129e-01,7.831782459400942198e-01,6.300190692232368050e-01,0.000000000000000000e+00,6.240993612169269955e-01,5.383898228678150044e-01,1.017183496717672525e-01,9.823866294765299934e-01,8.899106165790421352e-01,5.849175444595091644e-01,5.414010838121103841e-01,9.351234262659270380e-01,2.128658159881414158e-01,6.451862928724729773e-01,8.639742045571534579e-01,7.910418958144960211e-01,2.390432207979859003e-01,9.885062244176754387e-01,6.570546223226292337e-01,5.106018370801785888e-01,5.034407205148376807e-01,6.177565916621398090e-01,6.267033883657460169e-01,7.024825119635524917e-01,7.275719098756034953e-01,3.359706062638207480e-01,5.608980603248149288e-01,3.109565072237835404e-01,3.632511609247124351e-02,7.488172790355841490e-01,3.940151475286049476e-01,2.247752006190359420e-01,1.269623725844855888e-01,7.099557301970120804e-01,6.546512866039027045e-01,7.253725139631218566e-01,9.510067485335853554e-01,2.313633648908168250e-01,6.162991776854628290e-01,9.380840640445750056e-01,5.713037772111554391e-01,6.628477510399324313e-01,7.589290544088753698e-01,4.573802619426194926e-01,3.223689978772550369e-01,7.756390683509721828e-01,3.333670325871707085e-01,9.827609488943678251e-01,6.551253279546851438e-01,8.433374617592961364e-01,9.859647262047515071e-01,1.934752098872060122e-01,4.576371951390833526e-01,7.593581398771827029e-01,1.370539756073626547e-01,5.689708551631811329e-01,2.323113863025453030e-01,2.012664386602578126e-01,6.671986257427973133e-01,9.122353182908892189e-01,5.647067493406827676e-01,5.047773831968461744e-01,5.408141071735894645e-01,6.280542362923241528e-01,6.851384143603921340e-01,6.924865509267231767e-01,6.274515878246040845e-01,-1.009633219217418859e-01,3.397175369395964983e-01,7.760004769810200376e-01,4.968729468970011220e-01,8.464260912151164717e-01,4.530425220226100280e-01,3.419643630281586910e-01,-1.037388121765991933e-02,2.486062739644525829e-02,5.653839690879705060e-01,5.236292906388616553e-01,4.987664327842848966e-01,5.719297216916965354e-01
6.178126979458087309e-01,9.296299705723963802e-01,4.668555985877678172e-01,5.001263491084383395e-01,7.982419708463148744e-01,6.857603319010584508e-01,5.462945766800978431e-01,7.190852129036586771e-01,6.240993612169269955e-01,0.000000000000000000e+00,7.923548695084640103e-01,9.025309031122166203e-01,6.858717932301924280e-01,4.815935367261980349e-01,5.383931075794106125e-01,6.249780401041400424e-01,7.338472372434062807e-01,5.547616095947667247e-01,7.906729503651174218e-01,5.379356295646784414e-01,6.643511950033631486e-01,2.977603257874631426e-01,7.379590787005378960e-01,8.683386293243058329e-01,4.783128200323908952e-01,6.704210177783338498e-01,6.468401095867071238e-01,6.000857607685192718e-01,5.487105576935171758e-01,7.216613313225052062e-01,3.061270646598096556e-01,3.999680300146558620e-01,9.238881385694365234e-01,7.822540783691491750e-01,5.367178279983785272e-01,9.314727039185249913e-02,5.609406681701191166e-01,4.372794071721783915e-01,8.683250335186172286e-01,6.162380419402812004e-01,1.360020284823614811e-01,4.389599855968080444e-01,4.200598252434209479e-01,6.728398695134208962e-01,9.718381998840295299e-01,7.730661100715022771e-01,8.376551941583221250e-01,6.602528362131871997e-01,4.454782388316023134e-01,4.301232040803223411e-01,5.837734937281648939e-01,7.527837940566056707e-01,4.166180225062526832e-01,2.975354265950089783e-01,5.711690056646532287e-01,4.393471241213703915e-01,2.875028804666626137e-01,7.871611619413698691e-01,9.535421270591299958e-01,4.595769855153240546e-01,4.229697275443793369e-01,6.914973639607865374e-01,3.627078370373054139e-01,7.183324762740339597e-01,7.802396210158945022e-01,5.816964241291795457e-01,6.704329576956152836e-01,9.848936792430493803e-01,4.868311350886447841e-01,5.573157607812546654e-01,9.225858274574247897e-01,5.865025994198634907e-01,5.022763257802045356e-01,3.188384920147336321e-01,5.647521305378622528e-03,5.289901673392186088e-02,9.603468618074821883e-01,2.607453270171294912e-01,3.022291405411301479e-01,4.204426642125472791e-01,7.896840066070685005e-01,6.826898604733028231e-01,4.691009308036743208e-01,2.407034049100857387e-01,5.220107430470786181e-01
6.917846600213638508e-01,7.198421790765978656e-01,6.631087331413937358e-01,7.843180434565781844e-01,5.888809360621523048e-01,7.812407544600949993e-01,6.205181806250367194e-01,2.665728665871378023e-01,5.383898228678150044e-01,7.923548695084640103e-01,0.000000000000000000e+00,6.629613371647231634e-01,5.888701284613713227e-01,6.596100149063931495e-01,5.406560662633387304e-01,6.281751635889579743e-01,9.713336166316737241e-01,7.329932280111339793e-01,6.814518009867430726e-01,9.335107016167618621e-01,8.423741059943526954e-01,9.905336625918035320e-01,6.261341524805298375e-01,7.225410441097757097e-01,5.301976917988875382e-01,9.259614762510942620e-01,6.004697654190808143e-01,5.677082668804579457e-01,3.708192302675757945e-01,7.168267713435888533e-01,-1.364547038667987544e-02,5.241545158328350107e-01,9.937270272172628038e-01,6.191263010965940561e-01,6.717689316536433752e-01,3.452492753893415811e-01,5.632883992871032808e-01,2.899536252697176852e-01,6.744654727495063007e-01,9.103133284476914167e-01,1.106493447267493935e-01,-2.206825426742062279e-02,6.109440036214538461e-01,9.685169265603397193e-01,9.019003680500351505e-01,7.902021652069285418e-01,7.325759033478063120e-01,6.430790236911785307e-01,6.624709913179576137e-01,2.365699177796970198e-01,5.778405883568480395e-01,9.583494904984379836e-01,7.841018915715708415e-01,2.722885093823747549e-01,4.120235008563480350e-01,9.233100577020254551e-01,6.812696135262567010e-01,7.839940874879969268e-01,4.532387843093979574e-01,-1.569006839472074921e-01,4.368204788195603760e-01,8.139782416928934561e-01,9.417241658987915987e-01,4.654782081587414688e-01,6.288533576516107670e-01,3.349962342582397667e-01,7.543216433104927843e-01,7.111018193917280072e-01,7.008176938626927699e-01,5.128618128402524512e-01,8.114241433980601270e-01,1.213464667645994810e-01,2.563645443168572347e-01,3.319851977916704611e-01,2.733892664832603958e-01,6.955733185734758184e-01,3.362454857691841159e-01,2.465662711378171501e-01,7.098002866469059757e-01,2.398628980504633607e-02,5.194569387750674894e-01,6.302222732257363180e-01,8.486461180488488187e-01,4.313371631886740998e-01,7.434151656731264879e-01
9.359005042544745745e-01,4.266625687583973647e-01,7.485596032514476583e-01,1.992581174741867300e-01,7.998115657581228444e-01,9.276912094252356411e-01,4.200156211625948321e-01,4.664277854647528310e-01,1.017183496717672525e-01,9.025309031122166203e-01,6.629613371647231634e-01,0.000000000000000000e+00,9.781648215019060899e-01,6.390870977077627302e-01,2.311994656932135905e-01,2.674432154806283268e-01,5.771480649582769740e-01,3.997083334328556115e-01,4.496017183529243955e-01,5.243431186580761461e-01,7.219781731266246005e-01,4.391926601384745776e-01,3.907214073935104115e-01,9.337909021562976752e-01,7.484694655354249271e-01,6.812311118336650262e-01,6.391226728198868834e-01,7.330819015703538000e-01,2.521250504632067124e-01,-1.048876230003206178e-01,3.794969945731107019e-01,7.373317594986603662e-01,3.368541933736870497e-01,9.937742051998873505e-01,7.820368764289914454e-01,1.505637079693953329e-01,4.335243584931176564e-01,4.376268019876271564e-01,9.466235581949853373e-01,7.910062887246174235e-01,5.737300207064930380e-01,3.312318099118346515e-01,3.460158268442785623e-01,3.194901126404289804e-01,2.988784846771176951e-01,6.903450850400587591e-01,6.557859297681228883e-01,5.121508346016825364e-01,5.349551565512838947e-01,6.039535218124579830e-01,6.156081491655498450e-01,2.172311487028969756e-01,9.040522448681823642e-01,7.729766563076545527e-01,6.527943025762084073e-01,6.821545821269037191e-01,7.579105982114038298e-01,7.217035596060638047e-01,8.248382545180552583e-01,4.463456081896618466e-01,3.597588776858652304e-01,7.137566749696772073e-01,7.849345391025530638e-01,5.713729036905135228e-01,5.771185793436812705e-01,7.647050069887966206e-01,7.525338792935557519e-01,4.166239476634875927e-01,4.391406135849315051e-01,7.033527643166554988e-01,9.551492528500564738e-01,1.267129487017186820e-02,3.168862910841711011e-01,3.204778311637132560e-01,3.133191674890219436e-01,4.564404237362094108e-01,6.663329688571770770e-01,6.091474670286551873e-01,2.758390202060053698e-01,5.618247149881341329e-01,7.809912306930598680e-01,6.772763647342782134e-01,9.001336652659793769e-01,7.065429934494918962e-01,7.994992399545071127e-01
5.397178226723640115e-01,9.859386126480628176e-01,6.966840125566139408e-01,4.153213992598466242e-01,8.956169389706670758e-01,2.634322699480142194e-01,6.060620145764116229e-01,9.161238283315409348e-01,9.823866294765299934e-01,6.858717932301924280e-01,5.888701284613713227e-01,9.781648215019060899e-01,0.000000000000000000e+00,4.057597650128796363e-01,6.343005316044967312e-01,8.291046290937451602e-01,9.117151659345700265e-01,2.524008531846054781e-01,7.013475035993658180e-01,4.839557871313807103e-01,7.474118569247036881e-01,6.862088539122700448e-01,6.440058918637261431e-01,7.780069505984443801e-01,7.410723301090884618e-01,6.823877205133712653e-01,6.514780267501736333e-01,7.261556367735737538e-01,4.330486691448370840e-01,1.629411557424906981e-02,4.278048977900367200e-01,4.005144058068283996e-01,8.420621509229320178e-01,8.768916015033174916e-02,4.515914660655218626e-01,6.651783645031775771e-01,4.706969714349134443e-02,4.723580559196982054e-01,6.427666306964673337e-01,5.275152453537360620e-01,4.155286874147204323e-01,6.882245257152220796e-01,6.442717919311564678e-01,7.036584614414219674e-01,5.726910409877403740e-01,6.892592371780288385e-01,7.725938141068503517e-01,8.531273074508275434e-01,9.431885261627598327e-01,8.876405288201879573e-01,8.537375957241125635e-01,9.254756148494911461e-01,3.869044668062822656e-01,2.342555653822056827e-01,9.030945633262794647e-01,4.791062401197334064e-01,5.990616273314566254e-01,6.109456921707228094e-01,7.164399940643827458e-01,2.395361770316661587e-01,6.384199887798981399e-01,6.407427202981048620e-01,3.938765153566858856e-01,7.216107107972155044e-01,9.932423493910054191e-01,6.483556591939492186e-01,4.758529711851328114e-01,7.604560423192139318e-01,5.014591078825454684e-02,2.911509089554398799e-01,8.614437363842993856e-01,-1.833269950948804294e-02,3.551404981276280459e-01,4.979836913136834742e-01,3.672178676165900324e-01,6.846451514278864003e-01,5.967941536402476821e-01,6.380161089193554513e-01,6.188096195467743810e-01,-8.141285595770916816e-02,5.090578835316357242e-01,9.887603457711300337e-01,6.328922195258358530e-01,9.237782594631815947e-02,7.737747059229278523e-01
4.722921261601493725e-01,5.769023008307307965e-01,7.089183584838900654e-01,7.406534104744779690e-01,6.652559737875787249e-01,9.737542314728830917e-01,5.203483170164235894e-01,6.211106800316812393e-01,8.899106165790421352e-01,4.815935367261980349e-01,6.596100149063931495e-01,6.390870977077627302e-01,4.057597650128796363e-01,0.000000000000000000e+00,9.487546369903376853e-01,5.598066183970842324e-01,6.353441594523183689e-01,6.085955645955450910e-01,8.809889341074816915e-01,6.835323100030264998e-01,4.795446115449046864e-01,1.423129560203365007e-01,6.307158479262537920e-01,3.000191375542660688e-01,7.548163580971596343e-01,8.225207536194404367e-01,9.138954430633814408e-01,2.065418950365888462e-01,-1.997315738864581802e-01,2.852403755741657054e-01,3.408128684096749517e-01,2.706723332283536010e-01,4.322461171084289733e-01,2.456688220444959159e-01,1.624018332710427115e-01,2.062682934893497744e-01,5.560320285292157799e-02,6.537897442101118228e-01,8.131913043884381187e-01,7.845316381118481175e-01,3.128421395903844826e-01,6.377698550999113536e-01,9.230904946027722602e-01,8.423432761721122430e-01,7.620293800469934986e-01,5.848832989904215740e-01,4.461739178291390662e-01,8.982814877041028767e-01,8.201975523782945032e-01,2.317449892089493979e-01,8.219291527476280113e-01,4.538470570882438548e-01,2.760315271199869636e-01,8.005075289724384868e-01,7.046451208471424810e-01,9.916092119318835607e-01,9.374104947474610761e-01,4.594695260200702402e-01,3.583600820548055177e-01,4.948256361014640725e-01,2.580525599289105187e-01,5.105877306058266285e-01,8.156880051191297554e-01,4.161733293718066218e-01,7.528147532955355992e-01,8.577249462904023014e-01,7.835675202549912122e-01,9.469786877257048152e-01,3.144258348761585498e-01,6.281484632376630461e-01,6.982179474625050952e-01,6.037839498806992777e-01,5.495780452912013558e-01,5.178839201124408875e-01,3.716897140053120330e-01,9.123933726635979902e-01,7.474309727503700707e-01,9.787979695690174342e-01,7.858842482428466392e-01,3.730387695704040496e-01,7.137682714130624273e-01,4.479707919347385991e-01,4.425068686900142656e-01,5.275899925374523125e-01,7.656852294035942919e-01
8.487783894402786133e-01,7.314786954596427249e-01,7.890597531583116719e-01,8.120446392871056851e-01,7.680091695609482239e-01,6.478460855492156334e-01,5.338306060123694241e-01,3.119420621462813403e-01,5.849175444595091644e-01,5.383931075794106125e-01,5.406560662633387304e-01,2.311994656932135905e-01,6.343005316044967312e-01,9.487546369903376853e-01,0.000000000000000000e+00,9.749524253095487314e-01,7.000886596444999554e-01,6.053141722726440577e-02,6.120359019471650619e-01,9.826380824022477034e-01,6.556999440810724611e-01,7.871879355669562095e-01,4.257770901761879778e-01,9.114085615446152477e-01,7.505626521604611412e-01,6.973310878334464391e-01,3.467269320144887867e-01,9.130528528936269206e-01,7.429554516479197623e-01,5.302863214864992347e-01,-8.752650018638021001e-02,3.102436476405101562e-01,4.560900844919947850e-01,5.247122950601383895e-01,5.597222059990726306e-01,3.698433961452547436e-01,2.333602984409169356e-01,6.940774094247895709e-01,6.008460709283727219e-01,6.017271413910426636e-01,5.973628425004309239e-01,2.015722141565145509e-01,8.726212263837550553e-01,7.324820668294781401e-01,6.404424576435816530e-01,9.153241282918658239e-01,7.498932104083607664e-01,2.425122310697554184e-01,4.356057514906849226e-01,7.649104077393826806e-01,6.682873867666105916e-01,4.424933261600917933e-01,7.376082466733159260e-01,2.775717336093950216e-01,6.154605255552498821e-01,9.004471581921178469e-01,6.116861731597292851e-01,2.652027295343520330e-01,7.550598009285015566e-01,3.035663953901486523e-02,5.713483060762295507e-01,7.943512062122073392e-01,8.658704234559018165e-01,8.736421068560688008e-01,4.352034364839168501e-01,8.537687670303499843e-01,8.481433989812737773e-01,8.228473419760022889e-01,5.320946629725674670e-01,4.508872554742785477e-01,9.003545613779544432e-01,2.198774266028842572e-01,3.764567517906978189e-01,2.853193603851585936e-01,8.531565777938539263e-02,4.286999722603075935e-01,9.047912655636601853e-01,4.057519093059770987e-01,6.171640652063472565e-01,1.852376146860134354e-01,1.384011481644154551e-01,7.171059342302218420e-01,6.760883782330383562e-01,2.266385914048375527e-01,5.909799621190922059e-01
3.275952691958803342e-01,7.703595112307806136e-01,9.480450847446354468e-01,7.610550300470275698e-01,5.168978083100043142e-01,2.878521056474405704e-01,5.644981155043402588e-01,5.317435704795981932e-01,5.414010838121103841e-01,6.249780401041400424e-01,6.281751635889579743e-01,2.674432154806283268e-01,8.291046290937451602e-01,5.598066183970842324e-01,9.749524253095487314e-01,0.000000000000000000e+00,2.660534792315785158e-01,7.547870271440246803e-01,4.505648899464402279e-01,4.895369983440973627e-01,9.847979814444495217e-01,4.626108543108736759e-01,3.424235265082294921e-01,4.976836274058471510e-01,3.624991675612633801e-01,9.636747975566902769e-01,5.840965208098634065e-01,2.000530630342103044e-01,1.627310704219166737e-01,1.456556424796147942e-01,1.325233305902253668e-02,3.783375540707982765e-01,7.602937398452297435e-01,8.852545185109615966e-01,6.074913338058088863e-01,4.059478135965764456e-01,3.468567473339064788e-01,7.920044050976480232e-01,4.010754824502505422e-01,6.274561970159562296e-01,7.023414079102513474e-01,-8.575030467892094665e-02,5.009872714346043088e-01,6.311359993286445036e-01,7.897792775439451685e-01,5.292036541745834821e-01,7.202440300340152701e-01,9.625537614163575117e-01,8.845729156319386277e-01,5.130355608217088692e-01,5.112672720035097429e-01,8.010389798594755861e-01,4.418463548822891274e-01,6.551672586772817608e-01,8.151593080772336908e-01,8.277923311428849740e-01,8.205186605675840461e-01,7.911643720513258371e-01,8.159492408747794912e-01,4.523140967684621816e-01,5.925048525990028736e-01,6.988400635152959284e-01,4.128887438375256069e-01,4.925876149972464590e-01,2.923344772238608558e-01,9.174526387288514107e-01,6.499268896269519979e-01,6.640713515154179625e-01,5.220323911284010521e-01,5.722942946127080877e-01,7.578265282455036722e-01,6.779126707772210603e-01,3.339724181309188245e-01,2.817217989347063911e-01,4.902530369180450598e-01,8.378243382150196705e-01,7.072456701598197615e-01,-1.122995306545479521e-01,4.883656899804317275e-01,2.878341103577577997e-01,3.602614316567148145e-01,8.837177009766882252e-01,8.725549390145835860e-01,2.995869608953260488e-01,3.123689641650429505e-01
6.234393527735865304e-01,7.636616650467706879e-01,7.934430978875646190e-01,9.442997211510141264e-01,5.556077671523980133e-01,6.010876688416254554e-01,2.306459514053563475e-01,5.753657210913487585e-01,9.351234262659270380e-01,7.338472372434062807e-01,9.713336166316737241e-01,5.771480649582769740e-01,9.117151659345700265e-01,6.353441594523183689e-01,7.000886596444999554e-01,2.660534792315785158e-01,0.000000000000000000e+00,5.976706460997631698e-01,6.928333508863788737e-01,9.003959733373636531e-01,9.899376542298563564e-01,5.310140055564005479e-01,7.325078223072407635e-01,4.882187202533371795e-01,8.068159680407654966e-02,8.089539948931013802e-01,9.798933404455931750e-01,5.892415985449386273e-01,4.456927609286738812e-01,2.872277500937289174e-01,5.048387865363043181e-01,2.672980684142494123e-01,7.595022920399054911e-01,5.895229342400090111e-01,4.091734609769988595e-01,6.090955550818273334e-01,7.907006547221613335e-01,4.531569814146650943e-01,7.658324736144593858e-01,4.150988475767258823e-01,4.252491550854070046e-01,7.297262985511355771e-01,4.070591506113903635e-01,6.523560867362960813e-01,8.116813148483206231e-01,9.802934917561669792e-01,4.183147589084612039e-01,7.255864568680969739e-01,5.368748218536653072e-01,7.865323297506557898e-01,6.217840930485464268e-01,4.738291333493169222e-01,7.914758619995592159e-01,8.072507964300350558e-01,2.106786245306010164e-01,9.099090824737141592e-01,7.373101714861418632e-01,2.566432395244498399e-01,9.842778337524485943e-01,-1.522865206242815517e-01,1.084418643960060741e-01,6.794732509010061872e-01,6.648649569448337182e-01,9.915873727236395041e-01,9.056140746019882837e-01,7.832443943852073209e-01,8.517541607808890580e-01,9.605669386107187346e-01,3.814497773630491917e-01,4.256962645248364430e-01,4.070810962999147908e-01,4.951211034432191349e-01,6.094859603423509187e-01,5.072006603876458852e-01,7.624807287733865735e-01,4.129268946041454447e-01,3.229823313671731366e-01,3.366165100498421103e-01,2.857705226899658890e-01,6.484719747316085303e-02,-7.379331395952812289e-02,4.918242002508378397e-01,8.904337166432663153e-01,2.239426149685913858e-01,6.700599114794126843e-01
8.123202016124068114e-01,6.309111977574499708e-01,5.026380953829039377e-01,3.040211503986001707e-01,4.916927539042086903e-01,5.734890989300456265e-01,6.680337772062181489e-01,7.596087449705558603e-01,2.128658159881414158e-01,5.547616095947667247e-01,7.329932280111339793e-01,3.997083334328556115e-01,2.524008531846054781e-01,6.085955645955450910e-01,6.053141722726440577e-02,7.547870271440246803e-01,5.976706460997631698e-01,0.000000000000000000e+00,7.997972085150888422e-01,6.292091563101013252e-01,9.800708215278145508e-01,7.625862083723319307e-01,7.480677256074146353e-01,6.282773236054911559e-01,4.335415674241184791e-01,2.642428766931593787e-01,6.176108965768353221e-01,5.953841722685211391e-01,1.056308334771311475e-01,3.829299883049186448e-01,2.442899685842240265e-01,3.066549107439919819e-01,3.070011579502768817e-01,9.067786164116228287e-01,5.751434384008102807e-01,5.496550721969231112e-01,4.378804299329657757e-01,4.495834081098948332e-01,4.842212805619811045e-01,5.700319078689888297e-01,3.145171635478928307e-01,2.534600946908581176e-01,8.923241816453506559e-01,3.933931301607787590e-01,8.783146531937542356e-01,2.749655625927829861e-01,7.672571238828481688e-01,1.062218732243725844e-01,4.581677406407241859e-01,4.832746752328446194e-01,4.642069697223653035e-01,6.417101950831442803e-02,5.833198062494272529e-01,7.752380682134000223e-01,4.534164694222512781e-01,6.134081871367499383e-01,7.960051093273237122e-01,2.653561688299966859e-01,6.712855597132920682e-01,7.098490962522284453e-02,2.049039323173509064e-01,2.220349303337469105e-01,9.268319001034329707e-01,4.568521466008380050e-01,6.515981324568981270e-01,9.091426405341816730e-02,6.539032879351125427e-01,5.752870046578140162e-01,2.344896690191161370e-01,4.790685204606676129e-01,6.119610431540191131e-01,3.930631604824879055e-01,7.291662399284903895e-01,-2.430391873253126001e-01,4.554658336738885982e-01,1.454788535884787570e-01,6.854454229312871849e-01,4.136994761663635028e-02,4.923686537701859461e-02,5.179076800594671903e-01,8.990506367049970748e-01,6.108771928604168622e-01,9.796745241028248508e-01,4.886921998740260120e-01,6.505442295649854767e-01
