0.000000000000000000e+00,7.882216559600850880e-01,7.032745251959826582e-01,7.432047916094652873e-01,7.438478750759172087e-01,6.151952656098459427e-01,3.716812626514279794e-01,5.263968017074069916e-01,6.319235225131075717e-01,5.394231083647093028e-01,9.420661823848516248e-01,2.466368732524057139e-01,5.330493065050365686e-01,3.560712355831394116e-01,8.387414345011185990e-01,4.058652027024701736e-01,7.462082221301993279e-01,8.813179524227624517e-01,8.274141932690505241e-01,8.087499539656726188e-01,6.898786219230040873e-01,8.747796781379142406e-01,4.876696833077283078e-01,6.473456810482877133e-01,8.622034920757808418e-01,6.189273943052314708e-01,9.597926798646483348e-01,3.189078905746842718e-01,7.471726996303313939e-01,5.079807476108243458e-01,2.423918770389988653e-01,9.818376528816555315e-02,6.161973019543909302e-01,3.954821787305897174e-01,8.273338922305679688e-01,4.123743599894658107e-01,4.036975738579062223e-01,2.382823080221320722e-01,5.576189378348876957e-01,5.533664811834291264e-01,5.112687580022036160e-01,4.852293056448765962e-01,9.186927047462429829e-01,8.888078774733679799e-01,8.175534409416863602e-01,4.784789782739145569e-01,7.173674686796148725e-01,9.068333366284893060e-01,5.601286566495734531e-01,9.073701924105772587e-01,8.012579689745674694e-01,9.506370766443418274e-01,5.491524492996370244e-01,8.875665425468773906e-01,4.103416272956318944e-01,6.642687392074586583e-01,7.689798144722184148e-01,8.823406813269315530e-01,7.189259518359318868e-01,9.141933564006550217e-01,3.892006455072468674e-01,8.518768067853557113e-01,6.662793022475059779e-01,4.078040773358733717e-01,8.760455043812787057e-01,7.947061010978828666e-01,6.020002222445265394e-01,9.993297806055012611e-01,9.342941995294997692e-01,2.678913375949968367e-01,9.527104319964619927e-01,9.246845794150996278e-01,4.782102828420067842e-02,3.360783656686017196e-01,6.817479450339258840e-01,8.482225523659343569e-01,9.193861046639775214e-01,3.067503177624343325e-01,4.617900206711109679e-01,1.537076881309829002e-01,8.529170998759842970e-01,6.748189195066608415e-01,6.583263576466142908e-01,7.241730830248024331e-01,5.901505241193256701e-01
7.882216559600850880e-01,0.000000000000000000e+00,3.618575673948295490e-01,8.080844451329999290e-01,4.658135542170275256e-01,7.795749335522051959e-01,6.890143540861385363e-01,4.685779449666315211e-01,4.016125945267646768e-01,8.111873734071097797e-01,6.271735803921237862e-01,-3.480151773605577592e-02,7.687813738037548861e-01,6.912075086622732067e-01,5.042235927754324942e-01,6.263773111186216047e-01,9.827095569496865357e-01,5.049038372384867523e-01,8.233480324964754793e-01,3.930893660661453071e-01,7.363924506002240689e-01,4.863053520870958546e-01,4.478401190797769993e-01,9.101947539382356789e-01,4.860165238873365712e-01,4.444899438571620065e-01,5.128040037850157828e-01,5.864576132560845867e-01,5.008153587089878567e-01,5.934721457000191602e-01,-2.779031571265086487e-02,2.395212403224226128e-01,1.403263659598936834e-02,-1.763088083083110547e-01,6.319379663887848093e-04,9.890552814853370567e-02,4.569017726312136207e-01,7.407934179630895066e-01,6.661313265092564384e-01,7.676198058959068371e-01,3.528060372777478415e-01,3.963485173244426507e-01,4.527504687701690567e-01,6.011925735274971094e-01,8.314175649351315256e-01,5.870989046094136077e-01,3.660924906723007632e-01,7.681203067441649823e-01,2.040032088737073479e-01,7.906626564700693915e-01,4.052228547439503115e-01,5.416156088531611790e-01,7.513019448533710953e-01,5.157171370470817195e-02,5.407328091633767375e-01,8.157461968123383977e-01,4.772222371721744349e-01,4.989140098866881035e-01,7.513281578647987846e-01,7.401594502544903698e-01,2.606171355725133143e-01,8.022725752566873814e-01,7.979655604153657045e-01,4.930812956644008982e-01,7.378571478621069879e-01,5.787208313012675021e-01,4.693812582981065074e-01,5.470402015477637825e-01,4.854964906006526970e-01,7.480224738296714637e-01,5.456243083484955125e-01,4.354059596811770683e-01,7.302891481008543240e-01,1.678899205468862288e-01,5.387052559819651698e-01,4.536137082023309897e-01,9.141447446378702102e-01,1.202702545066767770e-01,1.008863103197352173e-01,2.001519035209407549e-01,9.757138599077983532e-01,6.497607775524133489e-01,3.847144250066436566e-01,-1.046582866312212312e-02,5.529429222693625912e-01
7.032745251959826582e-01,3.618575673948295490e-01,0.000000000000000000e+00,7.228210997295081430e-01,6.779553902941144461e-01,5.172551788256618543e-01,5.004879335266944063e-01,9.199378923323154877e-01,5.210121986224389712e-01,9.379199235832654802e-01,7.749103024464917278e-01,8.940244112735521442e-01,5.034127722825820772e-01,9.671610184965480084e-01,8.629968297262109456e-01,6.323782772491820525e-01,6.105925174956930990e-01,6.385816271897060137e-01,8.423152151764934370e-01,7.743502519670595330e-01,5.634568386702468734e-01,8.327407801300753531e-01,4.323900407172026061e-01,9.490027752816587725e-01,5.435188732955951174e-01,7.565089761837784366e-01,8.885065873815469750e-01,9.147683381183682183e-01,4.712753728145029353e-01,7.320537072574990756e-01,1.690183103448074653e-01,6.632477529094411572e-01,7.750756989891101068e-01,7.982116951976914176e-01,6.950922745851869644e-01,5.671313057067803864e-01,5.907795386645370295e-01,8.704094490517069183e-01,7.840461078367831904e-01,8.129048953600185312e-01,3.320731014286084637e-01,7.890126795174687846e-01,7.186113263078339752e-01,6.879806010583968678e-01,7.186708166217689042e-01,2.738225529509579759e-01,7.255268999429836940e-01,8.550798894384987747e-01,7.266111314749637007e-01,8.387825247104280235e-01,2.239290786584069437e-01,4.457633151055053200e-01,9.167087192203174917e-01,8.755990011534746653e-01,7.075341819594718196e-01,9.498623024057505360e-01,6.247555772502296767e-01,7.197734308173304729e-01,5.479781954450135828e-01,9.424299950581038754e-02,3.531654728254369768e-01,4.605711116959098073e-01,8.815080061271794998e-01,9.571235673009361733e-01,8.342500647986689222e-01,9.661925259398348453e-01,8.036463808769030992e-01,8.184964530321587883e-01,4.515952418824136227e-01,4.309681533259927533e-01,2.974342163985266296e-01,9.838799222967393732e-01,3.411702338040874527e-01,1.261887846103970645e-01,8.228477824467037571e-01,6.366671151838170228e-01,9.209859668751151363e-01,6.427339059630607920e-01,3.752062956313811926e-01,6.970971753508222735e-01,5.122325735916383183e-01,8.098830717127722956e-01,6.964208207897403247e-01,1.461869998350351363e-02,9.316809388421350979e-01
7.432047916094652873e-01,8.080844451329999290e-01,7.228210997295081430e-01,0.000000000000000000e+00,6.739457904428566293e-01,6.429805584695080789e-01,2.118464012538901209e-01,6.743331415063354983e-01,7.272240586219709257e-01,5.786438196572457615e-01,6.664066288501003799e-01,9.031930127829966848e-01,6.787065164266643524e-01,6.186335640525837398e-01,7.904215439284050237e-01,5.953063190237424251e-01,8.033916142148015416e-01,2.485162021393186871e-01,1.599205731586382240e-01,8.514962431520569641e-01,9.903065005553353117e-01,7.172917097702643519e-01,7.089161210667460633e-01,7.412292043358299498e-01,5.069562789304816741e-01,7.261391131989529679e-01,7.277922472940095977e-01,6.900776692627060838e-01,4.372175987822524146e-01,2.634685716086364038e-01,7.666040298950649312e-01,3.173602511610857935e-01,7.279966889294288146e-01,8.048320675669885516e-01,4.640421710615142969e-01,3.122856240469277234e-01,2.957855150269366740e-01,7.872133723431766761e-01,6.630318336917517819e-01,6.382767157893625143e-01,1.422231200068280743e-01,4.859321297235460468e-01,4.980066778834222885e-01,5.959872020080470012e-01,6.563380652242348789e-01,5.166333826995200829e-01,9.869883969809524205e-01,3.226425852385701454e-01,6.166662012935911763e-01,6.825453347844964158e-01,9.627661507414139175e-01,4.800394063706803216e-01,6.568761885442480075e-01,6.235039174681907825e-01,7.320797812350906542e-01,8.528112124406809214e-01,7.956809964866035090e-02,7.952644412382191552e-01,3.469146124046518231e-01,5.202677189261594171e-01,4.112993257780143130e-01,5.585831760753023900e-01,7.615819138214788842e-01,8.183168143801509142e-01,8.603154459078408145e-01,9.724950052260001865e-01,2.270185108856204448e-01,8.919583348710129478e-01,8.129815613197710622e-01,7.831432044836446060e-01,4.995925641039222764e-01,7.360892782379393484e-01,6.972496110192741847e-01,7.859306434127065477e-02,2.835797976575912260e-01,6.002377942415749734e-01,6.403313993907465695e-01,3.330421731337361857e-01,2.108498704976659310e-01,1.382466486981510645e-01,4.663739261218197152e-01,8.281398536600441673e-01,7.924192194367446485e-01,2.145431294244461995e-01,4.389328785496423024e-01
7.438478750759172087e-01,4.658135542170275256e-01,6.779553902941144461e-01,6.739457904428566293e-01,0.000000000000000000e+00,5.101056161460009175e-01,6.264036379494948292e-01,7.453328972504636996e-01,5.868023208001292845e-01,2.859983521645743931e-02,1.133927470925039788e-01,6.463599594352433808e-01,6.160446958992539246e-01,5.976560760233906588e-01,7.370837406334505015e-01,4.843095895983456911e-01,6.783922392489800668e-01,7.929848922495490449e-01,4.522465267309010994e-01,8.384652712439965017e-01,6.920923357883880245e-01,4.459952236943631743e-01,8.048361181890096860e-01,6.121251587426914664e-01,2.454937596530320509e-01,9.822871880980907910e-01,5.399184481899408361e-01,9.563148635418544652e-01,1.632071703003112884e-01,6.293335857554658297e-01,1.526559864728872784e-01,6.215369515837568803e-01,7.993292421174342799e-01,4.369185500695353941e-01,2.970512904758551564e-01,3.469819152399023499e-01,5.973174915235039961e-01,4.127025214910364781e-01,7.376746026195125649e-01,4.055185148432605136e-01,1.921796299528130414e-01,6.145465712821680526e-01,5.489580760286035810e-01,8.068449306734615245e-01,8.439493029268421154e-01,7.027263042363378620e-01,2.683936285147852097e-01,6.748396201021933383e-01,5.651053474682330435e-01,5.258087841526287026e-02,6.432846277664598933e-01,6.310260158449885193e-01,7.219499850920338968e-01,3.529914376890743721e-01,7.307382581757613238e-01,7.538989174186205844e-01,4.789877046886340528e-01,7.322776330070855932e-01,2.378759055795380828e-01,5.942236866864729627e-01,2.155033652679846923e-01,4.077669090986978384e-01,8.148243275966714494e-01,6.549739299826383698e-01,4.662454212917993557e-01,7.097380689681982435e-01,6.896108566683845087e-01,4.683274543887908647e-01,4.090035303190799887e-01,5.308429629651200132e-01,7.811362586366920047e-01,5.607342289349306341e-01,7.689717618575762081e-01,1.946545395807901535e-01,6.347857761222024386e-01,6.204333443847072083e-01,2.597066821349180432e-01,2.762363542711689379e-01,4.839870659706492773e-01,2.977912940402600572e-01,5.993767756145951253e-01,8.819122038498031779e-01,6.128714868102907998e-01,3.177982880825239165e-01,9.472964869738736970e-01
6.151952656098459427e-01,7.795749335522051959e-01,5.172551788256618543e-01,6.429805584695080789e-01,5.101056161460009175e-01,0.000000000000000000e+00,7.970095723251164888e-01,3.663626994645066137e-01,6.377910480766658674e-01,9.827889933314216675e-01,6.911622162090512722e-01,2.840319820362114944e-01,6.288454878152423266e-02,3.590583923356558405e-01,2.319759616608932026e-02,-3.501296997285573420e-01,9.661868001752755841e-01,7.202047236037728561e-01,4.135791699273213551e-01,7.841748006472958332e-01,6.222624312812466973e-01,4.718551355369136058e-01,4.997265813876383689e-01,5.852820380427324887e-01,5.554834577307761201e-01,5.021707876190680819e-01,8.181794949063452282e-01,5.720301516811572284e-01,5.954364645014942337e-01,6.363245772781545018e-01,-5.630102400299849541e-02,7.605128516579062747e-01,4.592157720550427702e-01,6.386821035135705760e-01,4.935793894003064342e-01,2.594713603404886770e-01,3.158489928669797608e-01,9.851210004239965290e-01,4.292060915709117186e-01,3.465484536000116300e-01,3.066303533791875369e-01,3.748239343456188366e-01,7.490665873284889642e-01,5.167900857041981544e-01,9.015677771885307612e-01,-3.750283454874769884e-02,5.101236697467165238e-01,5.501160094498601660e-01,5.217276412533667918e-01,7.893975271924011938e-01,9.472621130214857743e-01,5.615301879536710450e-01,3.905712840020860721e-01,4.788946243129633129e-01,3.363333751614873690e-01,5.194977466771737440e-01,6.800420499209809400e-01,6.281157110393383869e-01,3.401284105436547245e-01,3.495087925187088662e-01,3.689452699580172412e-01,7.723922932399279739e-01,9.909555282910587071e-01,5.649348562632667825e-01,9.897151818053049332e-01,4.599783815368931883e-01,6.819724197392097453e-01,7.623113622715190774e-01,6.226485198692103262e-01,1.499274431260886331e-01,4.533762479143074731e-01,4.556481026239021515e-01,7.131717305678276775e-01,4.032251276382835536e-01,5.547290392302077766e-01,4.974337130997723566e-01,4.096457128816513582e-01,7.141400963883872688e-01,2.620290802231266536e-01,5.213148668979772360e-01,6.446043244259845595e-02,2.146322786138372407e-01,9.368500055313606634e-01,7.316557726534902439e-01,7.711079397827436122e-01
3.716812626514279794e-01,6.890143540861385363e-01,5.004879335266944063e-01,2.118464012538901209e-01,6.264036379494948292e-01,7.970095723251164888e-01,0.000000000000000000e+00,6.753975660021219740e-01,4.381219726016444826e-01,5.106575195569483805e-01,6.884512915706184621e-01,1.689758203006342108e-01,2.324218718588273447e-01,3.588469844562959254e-01,9.989187903995648821e-01,5.889026316747074663e-01,7.897582189033367506e-01,7.229838518597682118e-01,7.462136814093558446e-01,6.503026904748921977e-01,9.500336143816291434e-01,6.326475420871339184e-01,6.639792816592158253e-01,6.749243500291313147e-01,5.648423233991951564e-01,5.508952573627481364e-01,4.562853714576143305e-01,9.560092132478881233e-03,6.280246717302838677e-01,3.563457718517404338e-01,2.673336129715915277e-01,3.006593266560826372e-01,6.400552004804859196e-01,4.813597660047980731e-01,1.260388508599173396e-01,3.031078629887226095e-01,9.841755635211189845e-02,5.805580542723347559e-01,9.337114144341864819e-01,7.858451282229289570e-01,5.996559977215094595e-01,5.249045984161384570e-01,5.566772919598990121e-01,2.107121875239180153e-01,8.837773327939557610e-01,8.721909843197065415e-01,3.699916061734390138e-01,1.200094513091990306e-01,1.360680449128042202e-01,5.056377390308606223e-01,4.213505999129493751e-01,6.025031060558332374e-01,6.932063707442842615e-01,5.406585696793654305e-01,8.980779909427648589e-01,6.965848255210701501e-01,3.119880785119197308e-01,6.832026340583843282e-01,6.296303733517384371e-01,5.592645216200238245e-01,5.786895953582210650e-01,1.151123052963350518e-01,4.963687314197049449e-01,4.618881231011648381e-01,6.896878553306342585e-01,3.324880855130268875e-01,6.323084512556399472e-01,5.299271570760684114e-01,6.429018807413133807e-01,6.906889144995619345e-01,6.404334593220963878e-01,4.858203684101025654e-01,7.336246900844883845e-01,5.687630737708475603e-01,2.334652362187921437e-01,8.790980318577723551e-02,5.850327707226566920e-01,7.427176072281364005e-01,-1.543218954409173171e-01,2.892410148704172013e-01,4.164710937239479716e-01,6.497401536593115923e-01,5.814643666418656265e-01,5.273230661395522656e-01,7.446690120485830455e-01
5.263968017074069916e-01,4.685779449666315211e-01,9.199378923323154877e-01,6.743331415063354983e-01,7.453328972504636996e-01,3.663626994645066137e-01,6.753975660021219740e-01,0.000000000000000000e+00,7.188850205824152129e-01,6.967056383525024321e-01,3.088236435447490602e-01,6.121162475646847456e-01,6.837190076694046326e-01,6.775219152077173179e-01,4.504714942473345141e-01,4.929855623186553681e-01,8.535236862848771811e-01,8.685257791153306872e-01,7.159716003110945526e-02,7.574243162037481714e-01,6.424747404532191730e-01,3.558461232632809113e-01,7.361223100413809561e-01,7.293546807441234625e-01,7.661372255283096511e-01,3.984454316693827325e-01,2.818195541701832840e-01,6.382615212649898062e-01,2.372065578218567061e-01,4.234475097592945159e-01,2.741038492925240710e-01,5.819017658584559882e-01,6.826633317049211058e-01,5.634739320517984096e-01,5.678258761967949209e-01,4.692738011901483042e-02,4.166541964615698146e-01,4.479326039419085359e-01,9.817780793978195808e-01,2.135912902632080002e-01,2.134699801317344048e-01,4.155688649160782511e-01,6.250612482725012020e-01,6.804380246664690768e-01,7.281634909361227592e-01,6.897969224001698763e-01,7.964878020935407532e-01,4.604176997870849108e-01,4.131619188776948226e-01,7.407248733532898477e-01,4.970937575010729859e-01,3.443620759076017057e-01,2.032312611044088391e-01,3.909126086562992874e-01,6.119679022890527342e-01,6.653228437544055351e-01,4.861719131042612219e-01,8.531178452096147558e-01,2.449011043392103903e-01,5.580451119082586731e-01,4.471295959539684506e-01,3.474702774529789817e-01,7.071500131258701138e-01,8.562115164822645674e-01,9.829471900063913026e-01,7.204238182366197174e-01,4.775710422724592230e-01,7.231193027193996703e-02,5.315934955999890299e-01,6.619602433757861837e-01,8.021759351441146713e-01,7.188196401241495614e-01,4.726772540239541631e-01,1.647117492844294706e-01,5.539165117530880922e-01,3.060004713072278504e-01,3.779207830672512980e-01,7.237951888880628237e-01,3.566213437416970722e-01,5.330576876314533363e-01,6.956182812613090904e-01,7.465955120416385427e-01,6.756719566413127431e-01,3.164486886881739403e-01,5.489579423977822836e-01
6.319235225131075717e-01,4.016125945267646768e-01,5.210121986224389712e-01,7.272240586219709257e-01,5.868023208001292845e-01,6.377910480766658674e-01,4.381219726016444826e-01,7.188850205824152129e-01,0.000000000000000000e+00,6.279539302462773254e-01,3.918762381235544323e-01,2.443270606368978803e-01,6.782415073781837833e-01,6.868801450531610842e-01,5.599764240943478910e-01,4.674645185261153135e-01,5.262248686404058517e-01,7.305465155853416714e-01,7.765652118026482587e-01,7.943535138901771653e-01,7.883515253931150379e-01,5.274593395987788869e-01,4.455791835780455457e-01,7.010612742972577305e-01,7.547041417799363883e-01,3.707048603260006958e-01,6.659252854934745169e-01,6.851245909700522940e-01,5.422257325603672129e-01,7.047550199707499630e-01,3.181863440364673945e-01,2.914546649865891181e-01,4.707691602297351396e-01,3.103963553191460556e-01,7.242250577474533824e-01,6.385819654616378127e-01,6.603749251751911409e-01,5.944353584204127294e-01,6.746936798972033023e-01,6.955279977571761085e-01,5.073886312775537366e-01,7.169187072456985055e-01,9.811689191470903681e-01,1.981588927579645137e-02,6.824783207530570328e-01,7.676515724131987017e-01,3.908671727134623852e-01,7.622278389228019646e-02,3.658468872812574157e-01,1.261821235534158203e-01,5.110448535892220256e-01,5.589521313078293918e-01,6.790587557326905888e-01,5.009688122540032484e-01,7.729975605136326644e-01,6.817204272422531242e-01,5.269932667174723750e-01,4.482579703017543493e-01,8.298168793373650320e-01,4.968880618407760519e-01,3.098619025928177062e-01,6.194208782185187667e-01,2.854602326266555412e-01,6.177963334841867216e-01,5.254874420750204056e-01,6.008636867779992841e-01,6.238927824404121303e-01,9.498263042705343828e-01,7.798080154295473632e-01,2.781837641996436350e-01,7.751871217089478794e-01,4.284485307833588719e-01,7.284267525825309786e-01,1.606030136432428090e-01,7.885416432302241319e-01,2.250757911617928264e-01,7.559516376480853728e-01,1.157234123987146007e-01,4.859078600180465335e-01,6.148075075665407896e-01,7.379196835616709249e-01,7.553920678431007563e-01,1.857836453748362426e-01,3.968298764822630886e-01,4.638744426448573877e-01
5.394231083647093028e-01,8.111873734071097797e-01,9.379199235832654802e-01,5.786438196572457615e-01,2.859983521645743931e-02,9.827889933314216675e-01,5.106575195569483805e-01,6.967056383525024321e-01,6.279539302462773254e-01,0.000000000000000000e+00,7.927396964932833523e-01,6.277202425723432677e-01,4.865427589108407558e-01,6.882582456981248820e-01,2.074219878395522909e-01,6.917337054262625573e-01,4.521224960279488503e-01,8.564654737138792662e-01,8.477651347402230808e-01,8.877033862788777929e-01,6.108622235285445790e-01,5.159897433734526029e-01,2.693391942918252902e-01,6.161457571628522478e-01,3.438473377357129657e-01,5.282712798461473014e-01,6.032567734049444352e-01,2.432392814222907873e-01,6.839575936846608029e-01,5.657964942382036622e-01,5.737614272766511370e-02,5.671973597851720506e-01,5.292263788521861523e-01,5.501679643073043025e-01,7.465757176670434481e-01,3.478504850686641170e-01,4.219064120545156227e-01,4.891834697458528614e-01,7.027628614624343850e-01,6.166475788167115057e-01,5.417123098250461455e-01,7.376033926626723858e-01,7.283550015431559110e-01,6.036165379132589770e-01,7.049836727249967350e-01,6.254508461878892644e-01,6.081953764844391097e-01,8.942092555012560728e-01,4.768201626599577470e-01,4.965895735190583027e-01,4.367587597937950816e-01,4.981821940014365402e-01,5.176908294247284381e-01,6.614550755756414269e-01,9.798623370993092552e-01,6.307001930521347610e-01,3.548703217102658902e-01,9.836300923708565236e-01,4.754163050313978123e-01,-1.070904175563058142e-01,4.393470549763824895e-01,2.395888604218680829e-01,7.890800724659499110e-01,7.344047615206887869e-01,5.596140170917965895e-01,2.897295151730374663e-01,4.433822275974229621e-01,3.378543997232285601e-01,5.058041005219896524e-01,6.609198161720037934e-01,5.067753211541254910e-01,7.413833996728818043e-01,4.751881344291006282e-01,3.782279648607451694e-01,5.910123743329269708e-01,5.053025523988227130e-01,3.567034174540995028e-01,3.642572927278836525e-01,9.050381214834260502e-02,7.954783908321387820e-01,4.696829032415187899e-01,6.789221364083977139e-01,1.513239307750842144e-01,2.183067040414018445e-01,4.967477347139027249e-03
9.420661823848516248e-01,6.271735803921237862e-01,7.749103024464917278e-01,6.664066288501003799e-01,1.133927470925039788e-01,6.911622162090512722e-01,6.884512915706184621e-01,3.088236435447490602e-01,3.918762381235544323e-01,7.927396964932833523e-01,0.000000000000000000e+00,5.349503251609917243e-01,5.647001179091106771e-01,5.818540915761620802e-01,-1.491863935130953445e-01,7.843394605856675028e-01,7.393849064052174791e-01,1.576814244832391854e-02,7.420441299846722849e-01,6.099008363253143328e-01,2.940018136729021792e-01,4.152056930479192109e-01,8.110826422483932152e-01,2.686830521681237149e-01,-1.246358803840855040e-01,7.884469916236611642e-01,9.137998736214255624e-01,7.836949832749017242e-01,5.301986623864655135e-01,5.208406533091030077e-01,3.352862848875048929e-01,4.375153023840251398e-01,7.308211879386911081e-01,9.345638232042976501e-01,6.493545856185596321e-01,3.351627277507750469e-01,3.427855600942759651e-01,4.504374419540159158e-01,4.053633432512973034e-01,6.365772639593829663e-01,2.699889098943906163e-01,1.993596448493305806e-01,7.326305085169537712e-01,4.660572404291183357e-01,2.158643641958988835e-01,7.597165870257170939e-01,4.897958977802684410e-01,6.064240103517031244e-01,8.914006152742842692e-01,7.459878295369986034e-01,5.113880686884622051e-01,2.702033740902872183e-01,6.649208357505491662e-01,1.891046637699375088e-01,7.953647607934049013e-01,7.266211979358369044e-01,2.167430187183561063e-01,8.617075145009528425e-01,8.641934802706936480e-01,7.098416591176740509e-01,3.080752768454054213e-01,7.615151648348233993e-01,9.759155447516020265e-01,5.786871916727127640e-01,9.366618623284471701e-01,6.142908025284971041e-01,7.139363514865715299e-01,9.108981260455223383e-01,5.157216143778819983e-01,5.497701437725183160e-01,7.844050709919920816e-01,4.566661280213809571e-01,2.051766481239931939e-01,4.264350680511442837e-01,5.160338105015124244e-01,6.780662107867724275e-01,7.544854352609039472e-01,4.144933650399724723e-01,3.151037877876766702e-01,1.754239132647887611e-01,5.818289592577404745e-01,6.380996373775698061e-01,2.599573506658828803e-01,3.944125963877990193e-01,3.185596371676274186e-01
2.466368732524057139e-01,-3.480151773605577592e-02,8.940244112735521442e-01,9.031930127829966848e-01,6.463599594352433808e-01,2.840319820362114944e-01,1.689758203006342108e-01,6.121162475646847456e-01,2.443270606368978803e-01,6.277202425723432677e-01,5.349503251609917243e-01,0.000000000000000000e+00,9.580191529135279049e-01,9.613652737177845742e-01,8.680986692731715859e-01,3.524726797731811967e-01,6.076933326443233474e-01,7.148484548208892120e-01,2.286604319917343586e-01,9.360792197731274689e-01,6.120320243071172284e-01,6.784525170486347401e-01,6.117263593950108547e-01,9.057912974471541423e-01,4.605565881604450906e-01,5.232824456621887332e-02,6.968869813823482806e-01,7.847754183169246556e-01,3.004078038112110161e-01,3.508640530777427102e-01,2.462376161338049041e-01,7.954396309703265500e-01,8.814679406287715402e-01,6.313973876154296283e-01,2.783887930710242653e-01,6.013341093302584373e-01,3.061388074125290237e-01,9.573142847895123042e-01,9.197411848311761728e-01,6.106865221560975332e-01,5.449346621268302826e-01,6.072421547730525448e-01,7.527790006012777813e-01,7.549702005266766269e-01,6.319122021437871828e-01,8.883565490468607884e-01,7.695573408559777118e-01,9.466033107494449261e-01,5.071058257651790413e-01,7.856564202886646697e-01,6.580915571052574631e-01,5.623521975234493375e-01,6.687364251157561501e-01,4.081296451979711803e-01,9.432284386952990429e-01,7.023009667458605110e-01,5.526091814797768897e-01,3.583700452677483494e-01,5.081161014607180615e-01,1.635184361912633000e-01,1.879509346653296387e-02,2.967779488164253854e-01,5.889191503254127547e-01,5.593588420539642447e-01,4.895141183373464822e-01,5.365377464631162496e-01,2.540159949970669517e-01,5.454973795161983663e-01,2.220910712740191695e-01,4.861697818303274410e-01,8.668003009169360507e-01,3.849119494916862227e-01,7.783047851839514086e-01,6.176322543424866973e-01,5.128561562269712271e-01,6.643164484137448200e-01,4.140005571130104256e-01,9.491496163532876507e-01,5.036672114219623575e-01,7.997797926064652563e-01,6.746104478492631618e-01,9.070352213289170074e-01,-1.605754002028056682e-01,3.728268282198153871e-01,7.260235071776793836e-01
5.330493065050365686e-01,7.687813738037548861e-01,5.034127722825820772e-01,6.787065164266643524e-01,6.160446958992539246e-01,6.288454878152423266e-02,2.324218718588273447e-01,6.837190076694046326e-01,6.782415073781837833e-01,4.865427589108407558e-01,5.647001179091106771e-01,9.580191529135279049e-01,0.000000000000000000e+00,2.504738408693521490e-01,6.676093766707829058e-01,8.878714601425191644e-01,9.369746085985802830e-01,7.923404679087823199e-01,8.409935747393608718e-01,3.171003693714746774e-01,8.920315850027046300e-01,9.960546200906292835e-01,4.136893028855946897e-01,9.390066461193741221e-01,9.078765629277762983e-01,4.184498522735589088e-01,5.529408246356835033e-01,5.340728732927738642e-01,2.741809490664853244e-01,3.627962284731865994e-01,7.842529614475292066e-01,4.773190509270082149e-01,5.723240802182536502e-01,9.487828146116628059e-01,9.363863977975955821e-01,2.806977358096759967e-01,2.774609613387593043e-01,9.730265802234573380e-01,6.715895881550432156e-01,7.412201184757080119e-01,3.897287924317701102e-01,6.522500654118471575e-01,7.134340831626416746e-01,1.510483271918848236e-01,7.472927146829118072e-01,4.376321926193502132e-01,8.127999845930151679e-01,4.468433992287945133e-01,2.962678153488859101e-01,8.141661077396051827e-01,8.255896139136426060e-01,8.340310294866407625e-01,9.876956640907517126e-01,4.523451129258448389e-01,7.417565140259645418e-01,9.810279521298502781e-01,6.909635267337049802e-01,2.702895899166418703e-01,6.329440396359152787e-01,2.822285294053578641e-01,2.920992946652921085e-01,7.732661857918532444e-01,6.296861608685118128e-01,6.430717059688464410e-01,3.216004622514064826e-01,9.583193831811934738e-01,5.877516131461596460e-01,4.565907547408445954e-01,4.351982802606510492e-01,8.256901659044164621e-01,4.259571134348591470e-01,7.006342721963891851e-01,2.573721680731553274e-01,7.487705252855390015e-01,4.479289887755559807e-01,7.236894961677556859e-01,5.100707184801280825e-01,7.929726107123191703e-01,1.901430422550144383e-01,-1.944277810397433970e-01,7.202772019605666598e-01,5.641744295659798514e-01,6.686979056661072063e-01,5.035363533043885065e-01,6.146175116865789656e-01
3.560712355831394116e-01,6.912075086622732067e-01,9.671610184965480084e-01,6.186335640525837398e-01,5.976560760233906588e-01,3.590583923356558405e-01,3.588469844562959254e-01,6.775219152077173179e-01,6.868801450531610842e-01,6.882582456981248820e-01,5.818540915761620802e-01,9.613652737177845742e-01,2.504738408693521490e-01,0.000000000000000000e+00,7.759921533010160077e-01,6.194966333565655736e-01,4.762636822731391439e-01,4.024849491390242728e-01,9.204430032113088966e-01,3.131233776486083697e-01,9.456812909285557955e-01,4.973803466117378003e-01,2.620847979864159849e-01,6.250728730705215064e-01,6.207185132234391833e-01,7.875914741322396218e-01,7.591669420443424299e-01,2.770044274451620159e-01,3.098006192101934175e-01,4.148660203682568159e-01,5.406575822546325627e-01,2.212592550880660425e-01,6.264490900542329932e-01,6.608986116190526117e-01,6.291645447163008997e-01,5.077825359597835098e-01,9.300785964919720816e-02,7.593072244533092263e-01,6.162384292725832102e-01,8.318389103986102429e-01,4.947800099237629201e-01,5.590689445410549352e-01,8.482896731025044712e-01,8.846820002558377638e-01,9.774204295563801992e-01,4.839821455993434385e-01,6.642143193728845540e-01,9.248276525314715890e-01,3.426428014388698262e-01,5.404856809361044956e-01,5.645351970736728342e-01,6.943564729865465690e-01,9.314970750095716845e-01,6.283013531351752112e-01,7.953757124602824913e-01,4.394661562286248935e-01,2.512096087630298902e-01,6.984314070803457897e-01,6.441900344790635335e-01,-3.506300699426716516e-01,3.810230988023457499e-01,5.841028562463173035e-01,6.451226482186427358e-01,6.394944734969360001e-01,4.293350616887632309e-01,5.362469775044245157e-01,7.416037804115922505e-01,7.533534542774533715e-01,4.548892588395581638e-01,5.234124272500741970e-01,9.704082405385729970e-01,5.905927357108460285e-01,3.790260183651006365e-01,4.374644247466288882e-01,1.095371871099253824e-01,7.472704448748009043e-02,8.718842996793166877e-01,7.373398999929077213e-01,5.905007068271886927e-01,5.029239619328382815e-01,7.141534021346692684e-01,7.351711051595771762e-01,9.446185464556260403e-01,7.884004647722246961e-01,9.133136809093233000e-01
8.387414345011185990e-01,5.042235927754324942e-01,8.629968297262109456e-01,7.904215439284050237e-01,7.370837406334505015e-01,2.319759616608932026e-02,9.989187903995648821e-01,4.504714942473345141e-01,5.599764240943478910e-01,2.074219878395522909e-01,-1.491863935130953445e-01,8.680986692731715859e-01,6.676093766707829058e-01,7.759921533010160077e-01,0.000000000000000000e+00,8.744330812658074326e-01,9.736893838550039204e-01,6.082009402425913036e-01,7.950450605284810068e-01,7.518420063980520984e-01,4.197308702575524020e-01,7.616991669568566881e-01,6.055080956660747749e-01,5.507756783984039117e-01,3.372611395637469256e-01,4.300800840388220303e-01,6.258117685089923388e-01,5.463610481242269223e-01,-9.307059833590167197e-02,6.734438564212570366e-01,3.431288566594668521e-01,7.460312485475948385e-01,6.862073150865807269e-01,8.155101693665514073e-01,6.208364157703275543e-01,4.069268088474626843e-01,3.081505673852541483e-01,6.058503458010157106e-01,6.109313980611711381e-01,2.955003904501649625e-01,2.503536474957381852e-01,6.591874275613215373e-01,7.481805611928595834e-01,7.911817990420140223e-01,5.559549293678889281e-01,9.069106376429680871e-01,7.125173639177613261e-01,2.019157819474295956e-01,4.441865983939626283e-01,2.553361584347121904e-01,6.113340170105785454e-03,3.545093538075361761e-01,5.875320787874276363e-01,8.821366770921823530e-01,5.565342424192256665e-01,7.121420182378698227e-01,8.052138772205605921e-01,4.744566462359678383e-01,7.073645678767149780e-01,2.095917575266953159e-01,2.779534201180591246e-01,7.925421922905888650e-01,5.354403608065352316e-01,4.441075976658969693e-01,7.742433519220310867e-01,2.638612984663481487e-01,6.956066173756912940e-01,2.482959013537877069e-01,6.796744663683471632e-01,2.233144911926338572e-01,9.556671708006579946e-01,5.426458777305683823e-01,4.610593444041248268e-01,4.075448513448582388e-01,5.323561910365062211e-01,4.926640286926792789e-01,7.353608588520612610e-01,5.382124593705815974e-01,3.177348038141674103e-01,5.637785178957211984e-01,7.460189729921455903e-01,7.532826110047246004e-01,4.265745105514524571e-01,1.871146592495964434e-01,3.005787598737481026e-01
4.058652027024701736e-01,6.263773111186216047e-01,6.323782772491820525e-01,5.953063190237424251e-01,4.843095895983456911e-01,-3.501296997285573420e-01,5.889026316747074663e-01,4.929855623186553681e-01,4.674645185261153135e-01,6.917337054262625573e-01,7.843394605856675028e-01,3.524726797731811967e-01,8.878714601425191644e-01,6.194966333565655736e-01,8.744330812658074326e-01,0.000000000000000000e+00,6.654645484294016144e-01,6.384844157673477127e-01,4.833681353282457405e-01,8.680360442543790800e-01,8.818262514222602322e-01,6.176830878791317314e-01,6.979747768791073614e-01,9.628199704413570315e-01,8.059739522379892884e-01,2.120079661093360879e-01,8.766554833357734777e-01,1.466462865178162767e-01,6.060417935294855063e-01,5.741189852704210450e-01,-1.245326423566184004e-01,5.512383023851862296e-01,9.031892428831024278e-01,6.754072499456080514e-02,5.913776357753959267e-01,3.163410942990496078e-01,5.042274807789941526e-01,3.572633080372791259e-01,7.430098776761497881e-01,7.434086644271559186e-01,6.329863141700489138e-01,3.806285771766431125e-01,7.342799227339126267e-01,6.088213307674493757e-01,8.696133578521105800e-01,4.368652222882467573e-01,7.318749264401098742e-01,8.037402295730872170e-01,5.813263508276438341e-01,5.233872875020137982e-01,6.835046691910399153e-01,7.928654336294269633e-01,5.118128664502084174e-02,4.188322502047007734e-01,5.453761195114711358e-01,7.544776494091682828e-01,7.749017374898347077e-01,9.708065614741010485e-01,6.256310289735708130e-01,7.684286955515917672e-01,6.258843554670050491e-01,5.659505207327446552e-01,4.977369850183392952e-01,9.979437414350469382e-01,9.540730833610419070e-01,-4.402381667717292224e-02,2.905463826364594326e-01,6.471629437853496647e-01,4.584266182462923278e-01,7.687784341281733713e-01,8.034070904676700042e-01,6.853574363228474020e-01,4.811194475749278054e-01,3.436423164520759910e-01,4.154948374706499692e-01,3.852052833744805671e-01,7.789309233282676326e-01,3.029497436645427477e-01,3.004427534920821041e-01,4.159699939094011478e-01,4.582259434086651262e-01,8.215638410022504390e-01,7.519422113849486555e-01,3.297720970344314440e-01,7.717783081410501955e-01
7.462082221301993279e-01,9.827095569496865357e-01,6.105925174956930990e-01,8.033916142148015416e-01,6.783922392489800668e-01,9.661868001752755841e-01,7.897582189033367506e-01,8.535236862848771811e-01,5.262248686404058517e-01,4.521224960279488503e-01,7.393849064052174791e-01,6.076933326443233474e-01,9.369746085985802830e-01,4.762636822731391439e-01,9.736893838550039204e-01,6.654645484294016144e-01,0.000000000000000000e+00,6.356220207477255579e-01,8.221109953540999271e-01,4.294560651885858671e-01,5.656509678360355231e-01,8.690085783264414054e-01,6.395909302811864094e-01,6.582342875458202514e-01,4.710398578080952636e-01,8.307176902471471447e-01,6.115560498071503925e-02,6.198651645063930626e-01,5.845196221977186912e-01,5.802175949086813000e-01,7.509304885271740337e-01,4.445795226671485079e-01,6.942716870783037786e-01,6.221668001196438702e-01,9.512490326740438151e-01,2.261772996884039641e-02,5.083572328235601567e-01,6.403531142351176486e-01,8.980404256813370178e-01,7.703528460142985423e-01,5.532006643004165891e-01,9.958684342499545261e-01,2.770650770195348112e-01,9.032482670489285770e-01,4.764039223904795173e-02,8.086593354276537804e-01,7.728680850568900862e-01,8.258874494446516445e-01,5.929025799901082028e-01,2.856762275098196358e-01,9.028192558396752609e-01,7.751084489324335802e-01,2.771065253206203005e-01,4.587822384648602703e-01,4.222310413841682264e-01,9.164330601068192417e-01,8.100555949364832697e-01,4.849177386880438312e-01,9.764861896490957260e-01,3.916354449912553548e-01,3.355367721019240079e-01,5.896076303352209003e-01,9.097108880019330046e-01,6.041011274835379474e-01,7.428377190901958027e-01,5.544828988200620756e-01,6.384023211491323124e-01,6.665790452979085678e-01,4.768999987755656589e-01,5.836470730132444773e-01,8.228641987545004532e-01,9.018264927272121589e-01,6.389434671053766390e-01,3.647959782498367831e-01,9.067738965015683661e-01,5.876775044891036082e-01,9.471446168154475931e-01,2.086808601626118365e-01,5.274778950674550160e-01,4.947459136251674550e-01,3.522084767760907398e-01,9.783427692698163369e-01,9.909058846045586399e-01,6.763284105412414871e-02,8.483842088463844355e-01
8.813179524227624517e-01,5.049038372384867523e-01,6.385816271897060137e-01,2.485162021393186871e-01,7.929848922495490449e-01,7.202047236037728561e-01,7.229838518597682118e-01,8.685257791153306872e-01,7.305465155853416714e-01,8.564654737138792662e-01,1.576814244832391854e-02,7.148484548208892120e-01,7.923404679087823199e-01,4.024849491390242728e-01,6.082009402425913036e-01,6.384844157673477127e-01,6.356220207477255579e-01,0.000000000000000000e+00,6.431790572506048687e-01,1.276619646830124966e-01,7.049547943063485533e-01,3.246725670310770528e-01,6.195018403661023410e-01,9.727696910682522846e-01,3.365539784155614500e-01,9.843812117340255963e-02,9.304579055419179845e-01,7.872076041374488353e-01,1.244306470824021495e-02,2.730316271555122132e-02,1.642695879652791291e-01,2.987892929256764085e-01,6.064860613285510960e-01,3.598288013192982859e-01,5.550843768413217250e-01,9.015736183204506315e-02,1.123229285643288083e-02,5.137124557239842737e-01,9.302124734232145586e-01,8.400998376405398593e-01,2.905208914206928172e-01,9.910077284347811322e-01,6.680678629995241424e-01,4.381950096794642868e-01,9.671443133610602150e-01,5.703249281781613833e-01,8.145829491801248601e-01,9.539215152345775772e-01,6.445935788856074211e-01,5.488345053878436186e-01,4.432741231206525634e-01,7.967838197487114860e-01,7.985101956994595795e-01,5.111097426841263447e-01,8.678483205443460191e-01,6.714491995300073679e-01,7.443807126987892486e-01,7.458028845245746608e-01,9.762743982107973117e-01,3.573812950595638971e-01,3.313211899380059666e-01,7.529759886753569775e-01,8.192253364281638639e-01,2.921897277716426489e-01,5.785235835223659917e-01,6.806744954282122340e-01,6.811660963337735630e-01,9.339205193581380238e-01,4.146093465880838491e-01,8.608389038318617903e-01,5.683176942981348345e-01,2.944558719870311037e-01,6.287898305593312420e-01,2.329736617242752494e-01,1.003615327456348211e-01,2.718015967069868366e-01,6.114376826575481649e-01,4.887716024567944073e-01,6.707008235671125806e-01,2.908410378163801824e-02,4.671992460698575766e-01,6.434541372732425213e-01,7.385127451082447170e-01,7.966359609452788870e-01,6.052323178374440227e-01
