0.000000000000000000e+00,7.079680160271530909e-01,7.810951077699480605e-01,7.977808838869824282e-01,4.978644484614501153e-01,8.776654044302049096e-01,8.829100633177124902e-01,9.668525820537876569e-01,8.793345853949847690e-01,8.882610766597915930e-01,9.080488797277980195e-01,8.803956741864418234e-01,9.828873962583026813e-01,8.219363574309112019e-01,5.549649823409166238e-01,7.670721317521655980e-01,7.105367532868823721e-01,5.405741146548261877e-01,5.003327271872977100e-01,8.456155265619599293e-01,5.727832066318918613e-01,7.666960312760533469e-01,8.822233684619098515e-01,6.897637300442323038e-01,6.456252310576913178e-01,9.978146138002131904e-01,5.047213942488792959e-01,7.471972498796856099e-01,4.316841438807910158e-01,1.768680418898945228e-01,5.218444961792678694e-01,5.790432963770023589e-01,7.900541398265157333e-01,2.215417368112811147e-01,6.528460161128379902e-01,6.957342368102017449e-01,2.686399459175379395e-02,7.219579885336219194e-01,6.381517554759422728e-01,5.602020835096035434e-01,2.868819749319163614e-01,8.056605247696598804e-01,8.684214001896235491e-01,8.679655381893429666e-01,7.017039530417897852e-01,8.876478873829085625e-01,5.772051959254115294e-01,5.611664955769579688e-01,9.054075164361817807e-01,2.582106259403847415e-01,6.768797800826122923e-01,7.465087162160395362e-01,6.106523290087088052e-01,5.829762745092531562e-01,4.141106916423757944e-01,9.079425036590950127e-01,7.679477722959480168e-01,6.970454675449984372e-02,6.142152820553803405e-01,4.985365506576232564e-01,4.877000276736090933e-01,9.241064819357175386e-01,7.656409418035481362e-01,5.399388516473080379e-01,7.610086198527893364e-01,8.817249963033513271e-01,6.228689082062974780e-01,5.560542540715106563e-01,6.672722601507823370e-01,7.757621110583866608e-01,6.174216208141027895e-01,6.728179420478632711e-01,8.362237401451078772e-03,3.946917191894250831e-01,6.332191256091018738e-01,8.188213492575029395e-01,6.417060599008880262e-01,6.626355958346337172e-01,4.793517339674094324e-01,1.886471868655162087e-01,7.118070630125648002e-01,6.383383978270148473e-01,9.365956824030554628e-01,2.711491835892373414e-01,8.820555913720340424e-01
7.079680160271530909e-01,0.000000000000000000e+00,6.386078482404913270e-01,6.949068476297822761e-01,8.802880653311915271e-01,2.988091665359108307e-01,1.091725082814904851e-01,4.394351021888226461e-01,6.688420436937488889e-01,6.907030125174993263e-01,7.448979598970097982e-01,7.134329005347194164e-01,3.099930674274252729e-01,7.766219926583507460e-01,6.203522358419910621e-01,4.914114517244499991e-01,4.837340595444926117e-01,7.948320266948172286e-01,3.128761352946649588e-01,5.819948659441576133e-01,6.747844664943533077e-01,4.450153968951659489e-01,5.000707070602234960e-01,9.451229086912276145e-01,5.863888253180640775e-02,8.394446712618358619e-01,9.320227712933580877e-01,5.838417677464415867e-01,1.494719171999894236e-01,7.851819470131834455e-01,8.970867417836838609e-01,5.462525040962474820e-01,4.998440149186632042e-01,7.621913516276908052e-01,5.731453801665535863e-01,3.689503339299710083e-01,2.665162995937085944e-01,5.684081209390269285e-01,9.865993886169669436e-01,4.502398255126634496e-01,4.668176497925408674e-01,7.680473164104489880e-01,5.480110842137341232e-01,2.461037474498770916e-01,5.146191492011444879e-01,4.673594006530569778e-01,6.100374556968282125e-01,-2.185261670794247379e-02,5.720800645757168068e-01,4.048796645032344266e-01,3.738327120469154830e-01,4.613056307844087822e-01,7.348177386726590932e-01,5.087153588575095142e-01,4.710767730940790265e-01,4.873430133729694247e-01,8.680128837788920748e-01,8.200676495672872823e-01,6.545492214699949463e-01,7.596320205824590444e-01,2.904245668404857872e-01,7.177411824175203847e-01,3.829880816377945196e-01,5.899387094312281699e-01,3.019290580556066583e-01,4.485427378619707417e-01,5.616434479560938886e-01,7.283310358972885368e-01,4.284145210123510572e-01,7.612147633787179624e-01,7.359214390610515633e-01,5.946604649485254246e-01,2.328320008989182566e-01,2.423448995112366666e-01,3.858540750504322325e-01,4.456910369173117115e-01,7.696865140127129301e-01,6.576736040285137141e-01,7.305502139387606286e-01,2.719796477947542535e-01,5.290303074794844296e-01,8.427510124240698008e-01,5.259645615529179308e-01,7.034106911383154470e-01,6.418245244258529159e-01
7.810951077699480605e-01,6.386078482404913270e-01,0.000000000000000000e+00,6.000247746124316439e-01,6.009837114440559347e-01,8.648094340761919296e-01,8.324548372780724570e-01,6.038415131568820593e-01,9.224206508827150763e-01,7.581283198658240741e-01,7.034751518231527889e-01,6.272548817516723219e-01,8.996072500014002937e-01,4.616249982773492633e-01,8.561419625886728113e-01,4.159568044347299876e-01,8.523450841963043922e-01,6.627415898707238462e-01,9.446566597385608333e-01,8.056854825615767934e-01,9.052962020136143817e-01,9.097204131547625972e-01,8.442414152054630305e-01,6.355353115886894777e-01,6.330127863785635078e-01,3.812714934615158979e-01,2.755365862750873140e-01,9.528256214834082138e-01,2.036661076757654565e-01,2.252748851099505845e-01,3.208774111589797196e-01,9.736508915159073352e-01,7.241033280159056007e-01,4.259783095527813757e-02,9.007597701482750185e-01,1.957826108889303973e-01,1.457509729440321922e-01,6.590841279024257648e-01,9.510026820737077502e-01,9.469847323857136789e-01,4.950447877088468007e-01,2.404301183852962098e-01,8.845641845848624119e-01,8.436915656590027179e-01,6.898821420288550055e-01,8.504809445019824166e-01,6.102751499610852282e-01,8.415841337231678709e-01,8.773060062385897862e-01,6.983240724630883633e-01,9.657035766042374458e-01,8.326355581717621579e-01,8.398534151515861801e-01,7.793017231286426538e-01,4.408772241230592415e-01,5.324012391016846868e-01,5.873243395462690586e-01,8.976784010627194554e-01,9.737173838263908365e-01,6.802885830579543658e-01,2.496935980282397050e-01,4.146650420082266253e-01,7.744909571123425041e-01,9.742684342861187563e-01,8.513534708994853206e-01,6.747512391824049827e-01,7.373215204357180808e-01,3.171505887966162840e-01,8.025676384189187607e-01,6.354189176983330301e-01,8.509740952143587389e-01,5.310513141671842074e-01,3.730857021180152000e-02,4.964360315809988600e-01,6.541517419316372761e-01,6.376632372509796198e-01,7.714533615307070935e-01,6.421598390518908905e-01,1.030956295890639307e-01,2.422979387351722746e-01,8.648440648541755316e-01,8.020568885811467652e-01,8.112828300290062522e-01,6.843536280880831990e-01,7.998112359621445400e-01
7.977808838869824282e-01,6.949068476297822761e-01,6.000247746124316439e-01,0.000000000000000000e+00,6.382769802813199611e-01,3.964253435636723166e-01,4.521426853021759951e-01,4.407394827805017345e-01,9.256274899693320291e-02,6.438962736917308582e-01,3.171375360864201465e-01,7.000619255754844117e-01,7.932294165509372608e-01,6.926648860056153767e-01,6.093616624208260113e-01,7.433173772878345353e-01,7.901002394389684547e-01,2.208097065362627509e-01,9.553031532425786398e-01,4.037336117615878406e-01,7.118170641261484244e-01,5.235357993958081879e-01,5.078028991402914194e-01,6.405339750254599451e-01,3.758154966775792971e-01,4.120437015987928331e-01,3.314842052994513288e-01,3.632765401695679103e-02,1.015570143252308155e-01,2.258031677530484838e-01,-2.451335457921591243e-02,4.161040775532030001e-01,6.985043893400786352e-01,7.490052753397776764e-01,7.781074278824446910e-01,9.724803582409326241e-03,5.542829372146658162e-01,4.333094682085341653e-01,8.622563309566713130e-01,7.443706219816379477e-01,5.587089832218131713e-01,7.704004874733216823e-01,5.841967398032544834e-01,7.064916396473811533e-01,6.542618838226128553e-01,6.713433105256207956e-01,4.402102014751760328e-01,9.488383675294841391e-01,5.770826445166820085e-01,6.123771652755463091e-01,4.195697123325258238e-01,2.939401774144491108e-01,6.668006058817086412e-01,6.746154825276257094e-01,4.159774408412117985e-01,7.275235027616795414e-01,6.784723850057627903e-01,7.303503337719712274e-01,9.837520377751076683e-01,5.917683997388925032e-01,3.500036123557528356e-01,4.156478773401454108e-01,3.084131154671209130e-01,9.612861022655512511e-02,9.767820892995322524e-01,6.727124859419061353e-01,5.639990528337270881e-01,5.044873003089328511e-01,7.979252637520632963e-01,4.807744927242075805e-01,6.506482348000574012e-01,4.439006327894502446e-01,6.281531041137653482e-01,2.538896783841421700e-01,4.803321192223662939e-01,6.141146844365169555e-01,8.728957904844447668e-01,2.684825088457497011e-01,2.822816712421494789e-01,-5.444850295273795382e-02,5.248512024005724808e-01,7.517739819779991617e-01,7.116143910103378545e-01,4.268142585864173055e-01,7.187895472827013910e-01
4.978644484614501153e-01,8.802880653311915271e-01,6.009837114440559347e-01,6.382769802813199611e-01,0.000000000000000000e+00,7.430684497807364952e-01,4.280009117959134302e-01,4.702555450517582059e-01,6.400315999862158378e-01,7.674024030152953868e-01,4.674958734154330831e-01,9.759366088178627052e-01,5.117368348091352326e-01,4.090168555188974930e-01,6.633007307235139205e-01,6.808077268024897988e-01,2.440217115967030226e-01,4.530758606976263980e-01,5.119886024141071523e-01,8.522679585558246007e-01,7.096741066073883886e-01,5.564407827658081063e-01,7.380732486638194034e-01,9.854225211453317979e-01,3.934667625570030802e-01,7.567996612451242111e-01,4.753618951962520489e-01,6.189261546091285870e-01,2.804840097740841642e-01,2.479859051364768918e-01,-1.390076682225736826e-01,7.112524110544655720e-01,9.888536313452634952e-01,9.111055407972281639e-01,3.764344447299515228e-01,3.586179048797653590e-01,2.010877801217978711e-01,4.436066295601538978e-01,5.050865496623295758e-01,8.510111430142015543e-01,1.952388592145671564e-01,8.543033635053163266e-01,2.610643870228891439e-01,4.206672396484363308e-01,6.574528464138739148e-01,5.849310911108636102e-01,7.490408719745296207e-01,3.275147199674911525e-01,4.669302860744222183e-01,4.461745036501634232e-01,2.119002961930816498e-01,8.217149088297153181e-01,9.405884218647961870e-01,9.655784932806419363e-01,3.435984059631232990e-01,7.637661001361538693e-01,6.301173379719919865e-01,7.455252411429345027e-01,7.798067964497161775e-01,2.074765044326845054e-01,3.853795758342345446e-01,9.338014119464776996e-01,7.393492477634311388e-01,9.850401262240588984e-01,7.785636904114259238e-01,8.633042018898686720e-01,8.601552092434633368e-01,9.025530635825597114e-01,3.839019050354731122e-01,6.993899508285430500e-01,5.690045601896515093e-01,2.927001166090097972e-01,5.954735365647779721e-01,3.378168799277130319e-01,4.322073638803497486e-01,5.780013436705431218e-01,2.048779121419130322e-01,7.827145807525188737e-01,5.029800880668544583e-01,6.899491451230553851e-01,6.719343210632406915e-01,2.647431161155511248e-01,8.885062254788004266e-01,6.309664469483570182e-01,8.331746786054284870e-01
8.776654044302049096e-01,2.988091665359108307e-01,8.648094340761919296e-01,3.964253435636723166e-01,7.430684497807364952e-01,0.000000000000000000e+00,2.015816164626432205e-01,4.363115156233483560e-01,1.007589442519125737e-02,7.912760518374506447e-01,7.950106331737238907e-01,6.679204357905900169e-01,5.907329830396332859e-01,6.529647763956085704e-01,5.254340085880170319e-01,-4.758260458373508861e-02,7.806418115429225590e-01,5.401362797668231019e-01,5.322672192874042807e-01,1.679328564045860783e-01,6.572285788061200673e-01,6.315639804529681323e-01,6.563273204938753214e-01,6.655442518397783891e-01,4.256955019978400645e-01,7.245120243104646862e-01,3.474105479622163761e-01,4.447024441542311579e-01,6.907595763116295418e-01,1.204246613084057060e-01,3.353641896295633806e-01,6.784189901085140306e-01,6.336535278398275350e-01,2.432135816999662359e-01,7.682772163775973828e-01,8.411491076054702920e-02,3.473725298830092623e-01,9.283949155766537675e-01,7.691815615348751578e-01,7.597306622414461419e-01,2.835712268444056106e-01,4.808874734029022768e-03,8.344899444137687805e-01,9.513329833167278871e-01,3.942818197104877020e-01,7.905952502805051463e-01,4.193927445950079713e-01,6.589961153939748462e-01,7.763308334244533038e-01,4.692179232620027896e-01,7.758946223255829278e-01,7.491343690112197695e-01,7.477447513434939408e-01,7.029572460125980138e-01,6.579282592589739131e-01,7.682599674637939913e-01,4.133419649438206944e-01,6.547093210719296952e-01,9.937906452563369797e-01,4.115825490887560778e-01,5.670565452660286665e-01,5.999233807683479469e-01,5.118154229163238700e-01,6.150283734295194371e-01,7.676804054196235683e-01,5.665926186883938342e-01,3.031293554810167157e-01,9.981558384937105899e-01,6.323898346188978614e-01,4.721278379407474191e-01,6.934590275660332814e-01,4.420265033501718510e-01,6.401635016775284459e-01,5.358561493509227391e-01,2.304189992289096822e-01,6.567559056162994846e-01,4.680631160474931773e-01,4.839592048852073281e-01,1.937626697595963288e-01,2.278479496921699543e-02,5.763432743825191995e-01,7.926405428858651625e-01,8.319619532565452058e-01,1.568829418835066825e-01,6.838412936127913344e-01
8.829100633177124902e-01,1.091725082814904851e-01,8.324548372780724570e-01,4.521426853021759951e-01,4.280009117959134302e-01,2.015816164626432205e-01,0.000000000000000000e+00,5.637646648655206816e-01,5.249725270260806598e-01,-1.757249734634826754e-01,5.003373049403991857e-01,9.388733414558589896e-01,4.359743791196749041e-01,2.204702413447638121e-01,6.493146125084379161e-01,5.463158054029805255e-01,9.952622338416792225e-01,2.660822066031039435e-01,6.823451866647173292e-01,7.071114262620300517e-01,4.550524758828289884e-01,3.058553540879980215e-01,4.509607383700524053e-01,8.393198454036121525e-01,7.526641772354131232e-01,7.437308438970828828e-01,3.586228734073735325e-01,7.939630874762310109e-01,6.888132705536003098e-01,4.626566277515403725e-01,4.422609136247932643e-02,7.691282562398172873e-01,2.447941406538712839e-01,5.840511136861807895e-01,4.932758916718065212e-01,2.138088805096005074e-01,9.460867568689489138e-02,3.176219931333538748e-01,6.836218693137141589e-01,5.753245744583586063e-01,7.893936842389320807e-01,7.012311497637456759e-01,8.577281715738295231e-01,4.873188099832174158e-01,9.487042163926251437e-01,2.463301618987654984e-01,4.055641701051115877e-01,6.795431555757605047e-01,2.520441434190679453e-01,7.245866995706716773e-01,7.262654865842751439e-01,3.330957835193038563e-01,9.796862784184655615e-01,5.546671321943199562e-01,1.747330471006640351e-01,5.071812436079033981e-01,4.384672783502224780e-01,6.590602298610681586e-01,9.101081314940767664e-01,2.703652514073320509e-02,4.665160113082008619e-01,5.634744068405117545e-01,1.995881011997986676e-02,7.807299490622767735e-01,6.624836727441547612e-01,1.835221695041040491e-01,3.010991033446632215e-01,9.217137211993237100e-01,4.266895657867937341e-01,3.335015209506552725e-01,4.591300590191152442e-01,4.338424016404833217e-01,3.830289841230616332e-01,2.496836371380944664e-01,7.676382145434268618e-03,4.689077245189045562e-01,4.954901638490500360e-01,4.083507033511485917e-01,-1.447617147430342310e-01,2.147869079638751733e-01,6.150977262740446871e-01,7.411813118936956268e-01,4.298417480815442948e-01,2.407639953596294735e-01,4.077555329234139325e-01
9.668525820537876569e-01,4.394351021888226461e-01,6.038415131568820593e-01,4.407394827805017345e-01,4.702555450517582059e-01,4.363115156233483560e-01,5.637646648655206816e-01,0.000000000000000000e+00,7.151190158218950765e-01,6.809192471102488708e-01,3.726390914853939806e-01,6.117158738543926333e-01,6.803033837982751519e-01,9.051785134948150402e-01,6.204436207610839471e-01,5.234184039590246140e-01,5.625004817341339169e-01,4.971904938416450426e-01,9.353626946022725042e-01,9.184502970495129759e-01,8.772461700065541379e-01,1.890718621873593852e-01,6.976683452876851765e-01,8.050824736056931830e-01,4.357929995502775045e-01,5.932538437416808863e-01,2.268957855436889437e-01,4.885575263221285658e-01,4.795880012998280928e-01,5.945706791769300725e-01,5.091383860829934438e-01,7.108245495059201113e-01,3.876485371779708200e-01,6.529027403503281368e-01,7.046221638654569519e-01,2.114862764707147735e-01,2.653315968389574064e-01,4.233059861312871708e-01,9.073903027482425054e-01,5.506826574790500972e-01,4.512763721526086846e-01,8.440661744572901526e-01,8.365528684053450403e-01,5.816392476425151781e-01,6.073410411249070551e-01,2.726577034185628801e-01,6.318817590721270694e-01,4.674987506841941087e-01,1.356186353826769608e-01,6.074951167096555027e-01,2.885895919939802656e-01,7.224143993581957357e-01,2.212268747204089725e-01,6.002510032196601841e-01,4.060766191030010797e-01,8.457072281278342762e-01,6.940399846908766879e-01,1.680662230757894449e-01,7.186468555158521676e-01,3.549454471072868711e-01,6.292477000483740479e-01,6.801801550210733183e-01,1.757940445866859255e-02,1.197145362692069170e-01,8.928778445583477330e-01,5.247740639171570853e-01,7.199759568301170587e-01,8.786843387601658284e-01,5.101094867906085240e-01,4.598654861815402728e-01,5.352263644992003577e-01,4.352586966936825008e-01,4.215840957062992334e-01,2.567243414481162889e-01,6.676808850670599149e-01,3.927032103952498576e-01,4.696907905866685162e-01,4.873759941468789325e-01,2.812947839660195348e-01,3.667805928246482550e-01,-4.266070913883648896e-02,4.500452487712658933e-01,7.037920951839151673e-01,7.682782324899337656e-01,7.724119974689668267e-01
8.793345853949847690e-01,6.688420436937488889e-01,9.224206508827150763e-01,9.256274899693320291e-02,6.400315999862158378e-01,1.007589442519125737e-02,5.249725270260806598e-01,7.151190158218950765e-01,0.000000000000000000e+00,7.048882703362807645e-01,7.225202811269419989e-01,2.048721426649764144e-01,8.608490366646754932e-01,5.722029828991082034e-01,6.504019722624011512e-01,4.416621575200717631e-01,6.636649588774181652e-01,3.318861115809330076e-01,5.074643268041370003e-01,9.625002247671210487e-01,6.125195023544978135e-01,6.230365670047015580e-01,6.406972849435216277e-01,5.064994900905522845e-01,5.103955076867934260e-01,7.465424671706772930e-01,8.550202357858117663e-01,6.124689022429601337e-01,5.348065141387943200e-01,3.209333079416964996e-01,1.511544614416978072e-01,5.661209607699252411e-01,7.380204180427166749e-01,9.341273637171811917e-01,8.435228373028237359e-01,6.148549785665603507e-01,1.688520897023175760e-01,7.978294969619177390e-01,9.359656754058434114e-01,4.632816996126793430e-01,3.762677235273397813e-01,1.942888892706889914e-01,4.300073458770921342e-02,3.738040002017336549e-01,6.029787936531435522e-01,7.456349249639527832e-01,8.040506360585107926e-01,6.714032014044684082e-01,4.025898945087931780e-01,7.519966825250747888e-01,5.868456437362813416e-01,6.513788651779102157e-01,1.879720935910201285e-01,4.095499515315542682e-01,8.523163444052103133e-01,8.520792776127028567e-01,6.820338627875505155e-01,6.878697258249281132e-01,6.598389650627323189e-01,5.562854616486007098e-01,4.770300061937962632e-01,7.664721257203818139e-01,7.627533991045079009e-01,6.231285539348326852e-01,9.456550871087824328e-01,6.755683751033281226e-01,5.926358501213927488e-01,5.872881011248908267e-01,5.148073757496529623e-01,6.804358132362013922e-01,6.305799788737542766e-01,1.936497338793262690e-01,-3.553519745641220418e-03,5.635792120382729919e-01,2.431045548707227444e-01,4.765957517618195083e-01,5.804564677054853128e-01,5.206265153640167176e-01,5.658164661156750430e-01,5.106428282934220020e-01,-6.387594521238129652e-02,8.234230797378936373e-01,5.916456541677407310e-01,-5.640634310519035410e-02,2.111954973557863824e-01
8.882610766597915930e-01,6.907030125174993263e-01,7.581283198658240741e-01,6.438962736917308582e-01,7.674024030152953868e-01,7.912760518374506447e-01,-1.757249734634826754e-01,6.809192471102488708e-01,7.048882703362807645e-01,0.000000000000000000e+00,7.278816223341885161e-01,2.158033757895397864e-01,4.568834454191273431e-01,5.415957433317887260e-01,4.806907686701527016e-01,7.223437593303736470e-01,9.161118224527787790e-01,5.288591332836947156e-01,3.084058794932393877e-01,7.491943859570644459e-01,4.973947203472370293e-01,5.583799002086223817e-01,7.807705175443434564e-01,6.093262253590120414e-01,7.184496763605577874e-01,4.237660624490995898e-01,9.341698163529512655e-01,4.872645815598096175e-01,5.298867536238145437e-01,7.003847312967056427e-01,6.341715463742525483e-02,1.864908844373065200e-01,9.175121896190624460e-01,5.525115670517126709e-01,2.825557990786784490e-01,5.513471428154579357e-01,4.047460411280630610e-01,7.991810784011690316e-01,8.406453931723403272e-01,5.553420012133302164e-01,5.160009375322496261e-01,2.106251339737254813e-01,9.739806533718020631e-01,8.543236487060703599e-01,8.615096758869428273e-02,7.283780380181152925e-01,8.246382836412597950e-01,8.294706490510000974e-01,3.296606159320013552e-01,5.701546806290817004e-01,5.946310148615235880e-01,6.205259441940738641e-02,5.802339761935789708e-01,7.095162159195415041e-01,9.982577947908530813e-01,6.941990598579684812e-01,2.535988490508247484e-01,4.756776532847622474e-01,6.269295731878594680e-01,9.408954864596783541e-01,6.999475505961684219e-01,9.719620509354003346e-01,5.917077283746166039e-01,7.241100350294034094e-01,9.418975569638369238e-01,5.715504177237488159e-01,6.950216149730151782e-01,6.346422409577985313e-01,7.552909529799720634e-01,7.894578350256911126e-01,4.933650764642498188e-01,6.222986007450228563e-01,5.132649972055507437e-01,1.477615002994228932e-01,1.394176380867102327e-01,2.903710431197769060e-01,5.679779335546715213e-01,2.015054188217329026e-02,2.929618531626216882e-01,2.962142551096249785e-02,6.725504580841270563e-01,8.185766821258924075e-01,4.957548513250198408e-01,1.924574278613491729e-01,4.139601852820464223e-01
9.080488797277980195e-01,7.448979598970097982e-01,7.034751518231527889e-01,3.171375360864201465e-01,4.674958734154330831e-01,7.950106331737238907e-01,5.003373049403991857e-01,3.726390914853939806e-01,7.225202811269419989e-01,7.278816223341885161e-01,0.000000000000000000e+00,9.931634028657028157e-01,7.158383994163154407e-01,7.773074154600057017e-01,7.665700325138207205e-01,6.176175815245013023e-01,9.171719548555802293e-01,3.422047228656722728e-01,9.069518830783735996e-01,9.723934029679095481e-01,7.828440374507865673e-01,6.120221924696961358e-01,5.797289982006590403e-01,3.445831774478124165e-01,3.770811582250149785e-01,9.589557645841841893e-01,4.369759443222771544e-01,1.145360151097865598e-01,5.647693575826809864e-01,5.393793673120853560e-01,5.958231722933977625e-01,7.637419347769960343e-01,4.026282492278840941e-01,8.936068952832231238e-01,6.772080082758045183e-01,5.583804962168520403e-01,5.838856219020853722e-01,5.015208945649509698e-01,9.313173925422150168e-01,5.389638331053294706e-01,6.352579110307334798e-01,5.957361101974054662e-01,4.314279410174686746e-01,6.899735361062936390e-01,9.169335866190033713e-01,2.463216067862177283e-01,4.141748563288021878e-01,9.769169583720983541e-01,4.418607205868624876e-01,7.997986287144203121e-01,3.441604369572234257e-01,7.113655817978700169e-01,2.451354796615485832e-01,7.292317041105333963e-01,7.284262065694458999e-01,4.818555593715674323e-01,7.251406064444273492e-01,9.276301079310126374e-01,7.723244304045575603e-01,6.149225288901654096e-01,7.969495346680983694e-01,7.281581089565278830e-01,4.621834711108394611e-01,2.056013649989339165e-01,5.055606802211203288e-01,6.508165612683415313e-01,8.835665074809967434e-01,7.652044787652888536e-01,6.252420324800154194e-01,5.021769965087115040e-01,7.482282361868104470e-01,4.366691544539607617e-01,3.456293248973788534e-01,5.829616180778683932e-01,1.000956037923510580e-02,6.752099914802778269e-01,8.218315997869140022e-01,6.039427091360660693e-01,5.790645946736052707e-01,3.802438845030272074e-01,5.389556405557713870e-01,7.495124998527747939e-01,9.207896808071937000e-01,3.557456223227700720e-01,4.021899583952248669e-01
8.803956741864418234e-01,7.134329005347194164e-01,6.272548817516723219e-01,7.000619255754844117e-01,9.759366088178627052e-01,6.679204357905900169e-01,9.388733414558589896e-01,6.117158738543926333e-01,2.048721426649764144e-01,2.158033757895397864e-01,9.931634028657028157e-01,0.000000000000000000e+00,3.618814186130004940e-01,6.585816147203396032e-01,6.735156364046148703e-01,9.794737081729794070e-01,6.151589398489929472e-01,6.911544645769128747e-01,8.273987218656467801e-01,5.519892220954879525e-01,9.463108253237307865e-01,8.971916079213407835e-01,7.333887852726632683e-01,6.131239552513122471e-01,7.778011527306842865e-01,5.194838156438579269e-01,6.373264060836026923e-01,4.242292374029648094e-01,5.998849861691801788e-01,-1.049873122064462344e-01,1.739103362547415876e-01,3.317425313600235182e-01,6.624760302629335573e-01,6.736789560655120912e-01,5.561909697233238248e-01,3.192632298667169022e-01,1.633979626188247769e-01,4.282398528026561957e-01,6.758335657990307554e-01,6.486213342683413430e-01,3.085146878518050251e-01,7.611962352977553747e-01,9.583379587995897175e-01,4.089932562178201780e-01,9.297985478609777088e-01,9.927064831975522807e-01,7.303533995136557433e-01,6.442608358683112879e-01,5.652026415484672217e-01,5.959784921513782141e-01,2.826081346858067000e-01,5.594831554410327756e-01,4.037384231590052108e-01,3.627384222961972382e-01,2.079395215604364355e-01,9.780265789938519250e-01,7.076334365157864736e-01,7.330948029431192392e-01,7.757958175956807256e-01,4.506167116240031301e-01,4.733420405746601167e-01,4.199797974375935050e-01,9.185384541579794115e-01,6.786596950378651627e-01,8.219522424405951710e-01,7.743709433633629846e-01,1.145804172247288782e-01,4.786778276624613082e-01,4.783978061400473436e-01,7.224223057981880858e-02,4.673523288289728184e-01,5.578309753974487473e-01,4.937142653025313743e-01,2.221925524596213841e-01,7.843217844602444755e-01,5.243198324470910165e-01,6.578645356000342170e-01,3.332203738218153521e-01,2.945167125646880879e-01,2.807989798132302650e-01,2.060698544566270662e-01,7.549637774934775392e-01,7.382719321786342936e-01,2.990564984485161726e-01,9.780105023318010904e-01
9.828873962583026813e-01,3.099930674274252729e-01,8.996072500014002937e-01,7.932294165509372608e-01,5.117368348091352326e-01,5.907329830396332859e-01,4.359743791196749041e-01,6.803033837982751519e-01,8.608490366646754932e-01,4.568834454191273431e-01,7.158383994163154407e-01,3.618814186130004940e-01,0.000000000000000000e+00,6.578368484855530163e-01,6.016431255382623799e-01,5.119448402018782485e-01,2.176308368538475702e-01,3.750433067178616242e-01,4.984040458216293379e-01,5.466533734079365159e-01,6.815621493275294540e-01,7.374000547018769725e-01,7.466471639587670683e-01,7.911888656479626469e-01,5.617237191645870764e-01,8.467181087973868481e-01,7.709647767501611737e-01,7.444298710533805430e-01,3.272170285126747569e-01,3.101616211125453049e-01,5.197825340073807254e-01,2.484936670570647987e-01,9.133365944796849600e-01,4.729299302319125986e-01,6.753037165139598175e-01,3.227649694771653199e-01,2.633450896227614302e-01,4.052516697333689022e-01,2.063043437672783809e-01,6.964001193757289876e-01,5.280692496655894907e-02,9.487903843909255563e-01,6.469511280644274498e-01,5.654010036315788579e-01,7.288664734883212315e-01,7.297032819860402864e-01,7.427323219809418564e-01,9.539696886647339724e-01,5.576320882584132610e-01,6.459032887977782522e-01,9.085669264168680925e-01,7.465812195002039520e-01,9.774959106469947034e-01,6.041459786033310797e-01,3.309991296426433860e-01,7.491640468735464298e-01,7.245342980716473757e-01,3.213631331380236711e-01,8.361819796026046525e-01,5.717895412925669829e-01,4.648443939080477705e-01,5.417490066021717343e-01,9.120807742166220367e-01,9.315107459481347663e-01,6.712286871318647874e-01,8.944175063949288962e-01,6.003505488075231433e-01,8.705861774919974039e-01,7.596718688649970463e-01,7.830951050308021522e-01,5.718315239464697441e-01,7.436558076709112175e-01,4.619156845127652122e-01,2.448710343627870656e-01,3.585390720739657366e-01,7.913024453317312190e-01,9.806016579004805944e-01,2.037847562343891028e-01,5.784240553737001606e-02,-1.884239572535143514e-01,5.511912989128979756e-01,8.698347312231082817e-01,4.384245371865266305e-01,3.374443137396284653e-01,9.586303833766235405e-01
8.219363574309112019e-01,7.766219926583507460e-01,4.616249982773492633e-01,6.926648860056153767e-01,4.090168555188974930e-01,6.529647763956085704e-01,2.204702413447638121e-01,9.051785134948150402e-01,5.722029828991082034e-01,5.415957433317887260e-01,7.773074154600057017e-01,6.585816147203396032e-01,6.578368484855530163e-01,0.000000000000000000e+00,6.381717857553570461e-01,9.283884119294201209e-01,4.197322210509004670e-01,8.728181398595975526e-01,7.844060953874323339e-01,6.353587228501844653e-01,6.598263510043329561e-01,7.110986802551096941e-01,8.118691541591604999e-01,8.259785652633498954e-01,7.874691579572110633e-01,7.818093189032750967e-01,5.800414346610902605e-01,7.460449734209815276e-01,5.125404748420501200e-01,5.772581870707710339e-01,1.571420271107035194e-01,6.409989653967507195e-01,6.180148438808252820e-01,4.821948181322522897e-01,6.478641010752468343e-01,3.656663224749701069e-01,4.181655714540466473e-02,2.427137815887068228e-01,6.490204354580877411e-01,1.325961009783949152e-01,6.198666949475336585e-01,8.378086525895938053e-01,6.952873904495701085e-01,2.388561449514212814e-02,9.014361170602412932e-01,2.079794724073029122e-01,6.894992526889200946e-01,8.047551937884488416e-01,6.331661889469637483e-01,4.942444225784125011e-01,7.450241657956040431e-01,6.584289316777580670e-01,9.558940689992312389e-01,5.524658351123666877e-01,9.181443144960832470e-01,6.165964902618830124e-01,7.563445733194630316e-01,9.309939974564048759e-01,4.960222193626227516e-01,1.407782739395331828e-01,2.636838883861704064e-01,9.116930018555429172e-01,6.776169123567348240e-01,4.209965554757637562e-01,6.714529936574755720e-01,9.323317335382748094e-01,1.315343703568357392e-01,6.209970028135435305e-01,7.372666414011275204e-01,5.097336143680377685e-01,6.089790133392471994e-01,9.946647260024875647e-01,5.203847123963387666e-01,-6.417681470838690339e-02,5.311713535034612299e-01,5.780588103496495656e-01,8.201671690468602671e-01,6.651673608047175001e-01,5.134453560808646122e-01,1.034962159972318690e-01,9.758772827828280372e-01,6.463340400028543264e-01,6.676738259605862202e-01,5.613091348249259482e-01,6.329307194792617164e-01
5.549649823409166238e-01,6.203522358419910621e-01,8.561419625886728113e-01,6.093616624208260113e-01,6.633007307235139205e-01,5.254340085880170319e-01,6.493146125084379161e-01,6.204436207610839471e-01,6.504019722624011512e-01,4.806907686701527016e-01,7.665700325138207205e-01,6.735156364046148703e-01,6.016431255382623799e-01,6.381717857553570461e-01,0.000000000000000000e+00,6.284760440501444556e-01,7.566908256252700138e-01,7.274489158966471747e-01,4.456185300509787339e-01,6.045797647581298007e-01,8.476277186812359865e-01,6.197267701662391159e-01,4.651441332463514544e-01,9.004840610647105725e-01,4.499566408761022096e-01,9.683182630327111795e-01,3.114045500209478012e-01,3.498400518599622533e-01,3.349146379181345279e-01,4.146605944404230804e-01,3.739158540964601651e-01,5.282712147456543050e-01,5.033582638535264442e-01,6.199170773577725724e-01,5.074766636902118266e-01,2.345669232301110241e-01,5.413142404273107999e-01,9.889737127351039270e-01,8.313564414864713648e-01,5.947291836100798701e-01,9.585585870787158846e-01,7.941975043520184130e-01,4.372762611620258921e-01,6.847167677462232538e-01,8.217949739468707326e-01,2.629495909213163118e-01,6.898292429733650089e-01,2.190444867970393061e-01,3.960803023939893919e-01,5.067555180544942584e-01,3.680471989752804873e-01,9.069748558766699276e-01,4.772170251436659849e-01,7.846844568353713578e-01,7.233145214782870092e-01,9.444793746558404202e-01,8.531089656466405158e-01,6.207329594762173164e-01,6.005755367873865103e-01,2.907484785745982903e-01,7.192728419996581302e-01,4.675626001100611773e-01,2.142368240892910669e-01,7.377465605594329956e-01,8.734693811290791254e-01,9.373525365463430958e-01,5.134291466012156357e-01,9.963892762844468454e-01,5.771403933404727349e-01,5.226075694298417673e-01,4.804992329169186505e-01,7.892452590465485196e-01,1.599695385517014845e-01,5.497099895526071922e-01,7.839420805896619715e-01,5.464175577282668339e-01,6.814614073179766640e-01,2.487318676755639613e-01,5.252836218829304293e-02,6.492576214635722431e-01,7.362215791469308712e-01,5.388421161754550770e-01,5.280653952101865833e-01,6.507929882882983463e-01,4.534323814833983168e-01
7.670721317521655980e-01,4.914114517244499991e-01,4.159568044347299876e-01,7.433173772878345353e-01,6.808077268024897988e-01,-4.758260458373508861e-02,5.463158054029805255e-01,5.234184039590246140e-01,4.416621575200717631e-01,7.223437593303736470e-01,6.176175815245013023e-01,9.794737081729794070e-01,5.119448402018782485e-01,9.283884119294201209e-01,6.284760440501444556e-01,0.000000000000000000e+00,7.500044878701819240e-01,7.225758137345015264e-01,1.221849005522535336e-01,7.265523652736313176e-01,6.321587300895461503e-01,5.178053933744388715e-01,2.578625342033920576e-01,6.198252146631622050e-01,2.778271678581584747e-01,6.937821408962836500e-01,8.976735979949566069e-01,1.503112994410720216e-01,4.284429076371894518e-01,2.358265284873691248e-01,6.914166039190683399e-02,5.940807923204050045e-01,7.914260492714331185e-01,7.349945944242908258e-02,4.759939597263812550e-01,3.894846162007187251e-01,6.101470188015081231e-01,7.274782019452937787e-01,7.519136117248665929e-01,9.991005656982604455e-01,5.956326280464843137e-01,4.515440392366472655e-01,4.918350003176156782e-01,7.734332759691731063e-01,6.173119685005943325e-01,7.904005438695917984e-01,6.871366017359669121e-01,5.324257255433649805e-01,1.715661271920803158e-02,7.205319212294774012e-01,9.621329633344656296e-01,3.960085694404624768e-01,5.936394458522524786e-01,7.649442717974171968e-01,5.856995368137002389e-01,6.689654052732449951e-01,6.011707456893912171e-01,2.027215682162105403e-01,8.502528004693268304e-01,4.266088374567871266e-01,2.211809115968149664e-01,5.710178099624091397e-01,5.416095585264666390e-01,4.619013162235400261e-01,8.709616841052132408e-01,3.003796738737362082e-01,8.726192590462746868e-01,8.494671395566071315e-01,6.621737793600381838e-01,9.708766281810941035e-01,8.133760944412133931e-01,5.745901669351077129e-02,3.871454484266024232e-01,5.945036376096624053e-01,2.568649491367424043e-01,1.841741287523072923e-01,6.746565711461820491e-01,5.802278422671434122e-01,1.183364179767485425e-01,3.814070078658804430e-01,6.643352674041842487e-01,7.508278002238333304e-01,7.074573234982203251e-01,3.019992555834214443e-01,9.758013796584894539e-01
7.105367532868823721e-01,4.837340595444926117e-01,8.523450841963043922e-01,7.901002394389684547e-01,2.440217115967030226e-01,7.806418115429225590e-01,9.952622338416792225e-01,5.625004817341339169e-01,6.636649588774181652e-01,9.161118224527787790e-01,9.171719548555802293e-01,6.151589398489929472e-01,2.176308368538475702e-01,4.197322210509004670e-01,7.566908256252700138e-01,7.500044878701819240e-01,0.000000000000000000e+00,6.167791092116552409e-01,5.789975170593637532e-01,7.413336145262687804e-01,5.837292766095522056e-01,8.630992734124041110e-01,-1.744306864543472280e-01,4.716197103882375230e-01,4.812258003861335509e-01,6.468228139840077606e-01,7.942337311680618406e-01,6.864684050390512660e-01,2.362603913420075474e-01,2.768396171722766752e-01,3.014613776224738251e-01,6.231619078681822632e-01,1.234122693435720786e-01,4.313130211573489303e-01,3.471105900852162751e-01,2.051887217685950948e-01,1.768479445093126545e-01,6.084992714354034993e-01,7.900593452444180098e-01,6.949971649179960131e-01,5.254857077965724432e-01,4.997920049582796898e-01,5.457837001936666210e-01,7.823438019338626592e-01,4.011082939711789197e-01,6.671961157420959188e-01,9.901887450726408746e-01,8.970472103812401343e-01,9.322000843639819401e-01,8.124885167224622506e-01,8.699087514747457783e-01,5.544478976058742070e-01,8.163177681899679294e-01,4.001573767558431749e-01,2.881602660414419037e-01,8.749008183418142126e-01,3.227839578674894239e-01,7.716755283214125072e-01,9.675226989290984791e-01,5.028080021236301933e-01,2.834936385459333463e-01,8.689854854901886139e-01,7.736030062905219218e-01,5.537023996584591323e-01,2.514618514261367510e-01,5.911909518162045130e-01,6.579474399242368765e-01,9.035955356210977341e-01,7.276028216816626815e-01,5.080173893006103558e-01,7.585057673260844346e-01,7.671028832911054307e-01,6.792791271325138158e-01,7.941255100820026058e-01,8.388161765957437010e-01,7.152969574303865707e-01,9.908706723625678725e-01,6.490796047018128068e-01,6.218687973105859745e-01,4.599996534300574980e-01,7.537371617260650858e-01,6.702665791437401044e-01,8.587801195403398369e-01,-1.598624095608247309e-01,7.775718454764017906e-01
5.405741146548261877e-01,7.948320266948172286e-01,6.627415898707238462e-01,2.208097065362627509e-01,4.530758606976263980e-01,5.401362797668231019e-01,2.660822066031039435e-01,4.971904938416450426e-01,3.318861115809330076e-01,5.288591332836947156e-01,3.422047228656722728e-01,6.911544645769128747e-01,3.750433067178616242e-01,8.728181398595975526e-01,7.274489158966471747e-01,7.225758137345015264e-01,6.167791092116552409e-01,0.000000000000000000e+00,4.571544979088978389e-01,4.248188242870962750e-01,8.302002004314916750e-01,4.586421384096681653e-01,8.410285869185751828e-01,6.421114658436948286e-01,2.719932229885616559e-01,7.480474579615465913e-01,4.003619310586301050e-01,7.835939456591928254e-01,7.862401192001369221e-01,2.248013874556556435e-01,1.819718839001220959e-02,2.650795721755545009e-01,4.653960236525553906e-01,6.402362938642008894e-01,4.739051616228327490e-01,5.343690795167166385e-01,5.165539891900189362e-01,1.400467591947082702e-01,7.491624523828688265e-01,8.179086360641494302e-01,5.188466403369180746e-01,8.556898523326840200e-01,8.889206795277512230e-01,3.984787839878625171e-01,6.410134292186351335e-01,3.455891656528139455e-01,6.656458469014775448e-01,2.876862618698132756e-01,4.849835398410738407e-01,1.828694024734883739e-01,8.913704115282748974e-01,8.461716543576535132e-01,6.907159216890922382e-01,5.898552072362943655e-01,5.871282439589934343e-01,5.999950767515671579e-01,6.847517292577885994e-01,9.015750468003762563e-01,4.644680850475144118e-01,4.566372974523005834e-01,5.958987270403635073e-01,4.120707095928843877e-01,9.008945251217831407e-01,7.538632909034488350e-01,6.665527849566057483e-01,6.274884151991378944e-01,6.181420602901281924e-01,7.936687769474342069e-01,4.843336079866651933e-01,6.746588732715961267e-01,8.773769325338147684e-01,5.972250874024608303e-01,7.680517491600770130e-01,5.017655136977710040e-01,7.438144387127954005e-01,9.813839510523462151e-01,7.207437040168761522e-01,3.832500218206555953e-01,3.475146480472689481e-01,-1.638518881537786576e-01,5.309034692332195160e-01,6.021084670443161979e-01,2.154769593343806855e-01,6.508198456826486122e-01,7.815062210848116031e-01
