0.000000000000000000e+00,7.839078377862191971e-01,6.955418375334448955e-01,8.028031753793106740e-01,7.026758847944989395e-01,2.269997192822647558e-01,9.013932740274335220e-01,9.499959665334491987e-01,2.350753892732572736e-01,6.414324922811620588e-01,9.478787921552201956e-01,9.559297838601714670e-01,9.172371684464285524e-01,5.002363650941991091e-01,7.032081235743085079e-01,7.009874900075826476e-01,9.387877570721887555e-01,4.294702055140944275e-01,8.067010389004104498e-01,6.468936126642197415e-01,9.154824492505591049e-01,7.905293261139365590e-01,9.576372574132941962e-01,9.725472403233790253e-01,7.085165889832135688e-01,6.077429434806779218e-01,6.113240494351682708e-01,6.958877244792552874e-01,2.843114718711710343e-02,7.816199755676370708e-01,3.081600463591154804e-01,9.197826220437173017e-01,9.988217908852845550e-01,4.009740733816993807e-01,6.677973302453743543e-01,2.477157905462527843e-01,5.142598873265628034e-01,6.422451842008666256e-01,7.721963868546638521e-01,4.071596643917345659e-01,2.734322837843835563e-01,2.488457641603713522e-01,8.911417698518072639e-01,7.581422466750566969e-01,9.135427137265142994e-01,9.727493641063799101e-01,3.740985614509414470e-01,7.893904177242818676e-01,6.740389239693175272e-01,7.570019646884340592e-01,7.524812653346578672e-01,7.086064380863281720e-01,7.824369483975235351e-01,3.954455178043662089e-01,4.889435529845034267e-01,7.455982877867748382e-01,7.667361608181125776e-01,3.158128791471284669e-01,3.776766422693265679e-01,6.274644884839452041e-01,3.665911031468208070e-01,9.849172712958615961e-01,6.201839854246933292e-01,8.442815191347552428e-01,9.948888994842518541e-01,7.671301665873775377e-01,6.960174575037494371e-01,6.822119797646504225e-01,9.858053229628357395e-01,7.662352359083417497e-01,6.181017044737321386e-01,7.946786448717315654e-01,6.077927452577224221e-01,5.642267282756581182e-01,7.797612857026791078e-01,9.577850861038774699e-01,5.310139763827534942e-01,5.709642825493629337e-01,1.495438307571956837e-01,5.559623727844783536e-01,9.946623414395797669e-01,7.578795776095816894e-01,8.345442513061662737e-01,4.917690313567774085e-01,5.657850759991949197e-01
7.839078377862191971e-01,0.000000000000000000e+00,5.094521377402870810e-01,7.981672146150720071e-01,4.837769277820762048e-01,2.099745052188639050e-01,5.298965132122842592e-01,5.584577573376011683e-01,9.125386012833046623e-01,7.291038487339971397e-01,6.845767017277842870e-01,6.859457993284981958e-01,2.993865759828164830e-01,9.397538447461224465e-01,8.960995858968364702e-01,7.780295485070842787e-01,6.705356401252530185e-01,5.190995180520521224e-01,7.617954153957390284e-01,6.337894420479102120e-01,5.865789564929044797e-01,6.774814156430644108e-01,6.083531320677050269e-01,3.055828286494219337e-01,3.751569744402564188e-01,5.366471498202487478e-01,6.238781575068301777e-01,9.307682035028191914e-01,6.976107958228788819e-01,4.509426374061815124e-01,7.591204352097098706e-02,5.152824665586320796e-01,5.254705527249631247e-01,8.966186628420286242e-01,5.374810546853995286e-01,3.514735603759934213e-01,3.674706634308878561e-01,4.015628909653520817e-01,4.683731196452818879e-01,4.393221866084400795e-01,6.143424236094856550e-01,7.317185108962901419e-01,9.192846646739445404e-01,7.535893489632807807e-01,7.222522728821941795e-01,6.876820727497472419e-01,4.381850535591209628e-01,7.806484917424695302e-01,4.241926470498079138e-01,7.697095077196880464e-01,5.389076949753168755e-01,6.712011348901054664e-01,6.402661030224725547e-01,9.645528040852880958e-01,7.476387578703633796e-01,4.852782706005976388e-01,5.284361166916005104e-01,8.023400301770202692e-01,7.400929782184114680e-01,5.360489902926326433e-01,6.720269548447814767e-01,7.163627191781475334e-01,6.619005659880552450e-01,7.223183112245765702e-01,6.830051906375789184e-01,4.233137450415462300e-01,7.389034039207433846e-01,4.381584226034213603e-01,9.711101187448459293e-02,7.777107541373480259e-01,9.295896389600510901e-01,6.128182861910284052e-01,1.202234752029457954e-01,5.872458477868168769e-01,6.737278285407179990e-01,7.078607890911206013e-01,7.196727643437872413e-01,3.185162177294975638e-01,4.671483969670702785e-01,3.296589816870238998e-01,4.641449909745375413e-01,9.219433457802624909e-01,8.425842476002362025e-01,5.115433769087145421e-01,2.333302131014982073e-01
6.955418375334448955e-01,5.094521377402870810e-01,0.000000000000000000e+00,9.111063049306457051e-01,7.293840046173934999e-01,8.697365591084463832e-01,4.322965839784110864e-01,9.820895389216832694e-01,3.159576271290521765e-01,8.014083789849471562e-02,8.090339857524961875e-01,8.267568575925547947e-01,6.557192036952469438e-01,4.001513666989544582e-01,6.860967682687006963e-01,9.334267073974064077e-01,9.946563050336647560e-01,3.352221471730266744e-01,5.352365747142457941e-01,6.838272596781684864e-01,6.633250067349130141e-01,7.639124893193172117e-01,1.682799298547630329e-01,8.404444395749072205e-01,7.951712188631832046e-01,3.656367514456831946e-01,8.709571182982371873e-01,8.091646388132940348e-01,3.823207457000887821e-01,6.305373710102727403e-01,2.939273135511485391e-01,7.245580655592502861e-01,9.921490404463104706e-01,6.437734161937807009e-01,5.155261768628383034e-01,4.472338679214004631e-01,7.973487350206803770e-02,9.182333592161321389e-01,9.093703771790410118e-01,8.125061836585290020e-01,4.992257745452320372e-01,5.969304427039201499e-01,8.061611705236643166e-01,8.598027640908864067e-01,9.296683494053228358e-01,9.572779832207665152e-01,9.142107452755526831e-01,7.477285722891995334e-01,6.149812689709955871e-01,8.501231163528786272e-01,7.902619739196400372e-01,9.440627525519342811e-01,9.130195773255407321e-01,6.006682943998631341e-01,3.782857794288126962e-01,4.869139259188891011e-01,9.432574719486007675e-01,6.652769124924867716e-01,9.393243858740221164e-01,6.534481541190554355e-01,5.215392887095494645e-01,9.130412304314849958e-01,8.806497975962599423e-01,9.929536839258222836e-01,7.407303138417344890e-01,6.273335192138601579e-01,9.482704840412514713e-01,8.566563594341822796e-01,7.199458874062303337e-01,4.647487817634470275e-01,6.125949258578980983e-01,7.144746062225657557e-01,2.010269061476785413e-01,3.503811999020441104e-02,8.474886927866127628e-01,7.541998344450288050e-01,7.950425970209967774e-01,5.916305597297428776e-01,2.288225572405529484e-01,4.568311283501866882e-01,9.947997882414266746e-01,7.933067662097132988e-01,2.123053089741117061e-01,7.279924010873899398e-01,8.375988614489990880e-01
8.028031753793106740e-01,7.981672146150720071e-01,9.111063049306457051e-01,0.000000000000000000e+00,9.599311622235853214e-01,5.292082376519260389e-01,4.024664931995236006e-01,-1.957534692256732156e-02,7.987528714623981507e-01,8.099530055418169283e-01,6.406899308876053967e-01,6.222302036572512351e-01,7.550636370197407743e-01,8.822534788326973354e-01,8.466029992108972113e-01,4.217747916077968506e-01,5.139506684062410402e-01,5.058317925681968807e-01,4.471441650845965343e-01,7.686448379915700180e-01,6.162173152485173055e-01,9.680316618764728265e-01,8.343362280527095998e-02,9.375809142292350629e-01,5.970069132682904733e-01,7.915025447671854009e-01,3.953572911741819462e-01,4.606245544208142362e-01,3.112782489761358740e-01,1.172952001638208341e-01,3.571879922609807467e-01,3.385440653802166411e-01,4.387536998519549480e-01,2.837906271223658017e-01,7.051281474905667368e-01,4.832213190073699760e-01,2.564800852236718276e-01,7.500905721638100321e-01,9.177571642615878211e-01,8.806473377290631177e-01,5.863725448417245190e-01,6.403231706880717633e-01,9.514232100949665538e-01,3.593291681372157154e-01,2.583128452963571742e-01,9.736037681487141882e-01,7.599636228189989851e-01,7.269339484304873089e-01,5.482602366229329949e-01,6.682880148296611589e-01,7.315953769249924354e-01,3.481855709162202661e-01,7.216257941008917820e-01,7.577883313865361181e-01,4.880905618216656583e-01,3.494028396663790836e-01,4.468671055826469174e-01,3.671699344989852731e-01,9.746164508198743581e-01,1.595591727583307584e-01,7.522569048030128824e-01,5.905480875343052105e-01,5.610666632210903337e-01,4.399269352251228282e-01,8.962374661692938949e-01,6.413277464160251906e-01,4.095224599706934754e-01,6.362111488446311469e-01,9.503061309763768394e-01,9.297344091681474243e-01,5.721372480263096083e-01,7.910731334749065979e-01,2.649136550812079549e-01,3.754808242810503960e-01,6.343352031061569862e-01,7.951721212854307996e-01,9.745220905455467264e-01,6.466340398801595502e-01,6.037184038009651976e-01,2.083076801453973559e-01,5.572111231068255233e-01,9.730459979731598263e-01,6.256400630683364161e-01,3.522715387094414452e-01,7.488411188567607457e-01
7.026758847944989395e-01,4.837769277820762048e-01,7.293840046173934999e-01,9.599311622235853214e-01,0.000000000000000000e+00,6.427734443517666429e-01,2.181258154662350235e-01,4.206192803001054248e-01,2.360869833163983800e-01,9.403516487398330126e-01,7.790012972499457122e-01,7.980786134171405921e-01,6.841143399610667419e-01,6.832102584088920461e-01,4.080141247664418880e-01,2.556641067458733096e-01,8.166621542548435642e-01,6.085623395614766507e-01,3.996234608295612389e-01,6.634679990603804534e-01,7.140721385141898248e-01,6.545364519917407087e-01,7.781542409185934206e-01,5.756659238639076914e-01,-1.091394584757158781e-01,3.045630637002357255e-01,4.577816734145391808e-01,5.575912545344838961e-02,1.691938670296612435e-01,7.751069167068090904e-01,4.150673820241546075e-01,2.207694300374603014e-01,9.537405787118510281e-01,6.142924937095418647e-01,7.587830954202929856e-01,4.867106490645674577e-01,4.725063572501277398e-01,2.096448919266942768e-01,5.930208732219729439e-01,8.344444971062245919e-01,4.254879148944104017e-01,6.558041545157284880e-01,5.748729797821815479e-01,5.765088008758979532e-01,7.945800126172886113e-01,4.121412228160531432e-01,4.178101120070084606e-01,5.581263193515663135e-01,-9.508168136511516155e-02,2.444756922026037338e-01,4.440544573099101111e-01,6.963508049794454591e-01,6.174983419593510492e-01,9.941529715103779585e-01,8.740173809053661813e-01,9.790402614641930956e-01,-1.147713626720717056e-01,2.033890261847208225e-01,7.830988598255388400e-01,7.916239553600001866e-01,4.100691033566508104e-01,3.522774335187174310e-01,8.634151337241492419e-01,2.428732029592855016e-02,6.773320787212643301e-01,2.818222433178990682e-01,6.415305555449705155e-01,4.752847664084909884e-01,5.829649404578256533e-01,1.836162180434883495e-01,9.721722496356212107e-01,6.563615903538082552e-01,9.970183914529327784e-02,7.387850492248512202e-01,5.051541950436723161e-01,6.665580988465023005e-01,7.878944635132676400e-01,7.382377130061563708e-01,2.092819949142724623e-01,2.935234380339749594e-01,3.559628771385179441e-02,3.185659113493864436e-01,9.675624645462634899e-01,2.504432484439904627e-01,7.743080455979294285e-01
2.269997192822647558e-01,2.099745052188639050e-01,8.697365591084463832e-01,5.292082376519260389e-01,6.427734443517666429e-01,0.000000000000000000e+00,5.094565424793985331e-01,5.498746829802692027e-01,7.117818166842044825e-01,6.868634567312674744e-01,2.255205969969919788e-01,9.484151684477268862e-01,5.348274390873324347e-01,9.238994012913605003e-01,5.914354089310647211e-01,3.849670796907705417e-01,8.595155707950362656e-01,6.117781943129575462e-01,5.548981228829529266e-01,2.065505942571220221e-01,9.308253768644085824e-01,3.896964060203438329e-01,4.325609804610711095e-02,9.208636339309321794e-01,5.583993627013945638e-01,7.085762240126339817e-01,9.706997026853967370e-01,7.994159560369287210e-01,5.747804447013601381e-01,4.201963301922117533e-01,2.615288201651016498e-01,7.363000347844748106e-01,8.241499159148183429e-01,8.207485424757261505e-01,5.793837173448674882e-01,4.836106875046309317e-01,3.629717102003612306e-01,1.850089504452454292e-01,4.053734197927864602e-01,6.833728111476337075e-01,7.381422120115233021e-01,5.405255709123706342e-01,8.891163240620694186e-01,8.175842984261397772e-01,5.892598166423556050e-01,4.146835802951493455e-01,9.868062173545629756e-01,6.592331505767544675e-01,7.761874572961371399e-01,6.312440619749364323e-01,5.475223898889993723e-01,6.859546353684935482e-01,6.748387467248155858e-01,7.536074879933111204e-01,6.796831128789930787e-01,6.474161878573784223e-01,8.379971278749925867e-01,9.011519800356475596e-01,7.608250076314063692e-01,6.193421978902467068e-02,3.138258317276778619e-01,6.572669276583079645e-01,6.943754186809563134e-01,7.032523877792492550e-01,5.987799640465615303e-01,5.014127208096234023e-01,6.791643876037348759e-01,9.978983026585097615e-01,7.276408701616465802e-01,4.373761846237117501e-01,7.078039864039410434e-01,3.734986740971858454e-01,-7.527135871734226547e-02,7.556931553593577711e-01,7.753729267135370806e-01,7.161362214040528640e-01,7.145882769613105534e-01,4.435148976694310852e-01,3.361403096405899404e-01,1.637577884034946141e-01,6.553221197773788642e-01,7.762361943956991306e-01,7.948187832135192865e-01,4.910004904329701714e-01,7.703455792471328722e-01
9.013932740274335220e-01,5.298965132122842592e-01,4.322965839784110864e-01,4.024664931995236006e-01,2.181258154662350235e-01,5.094565424793985331e-01,0.000000000000000000e+00,2.358645686269874031e-01,7.520934876392016966e-01,2.053472325534834719e-01,5.577428975715638115e-01,4.925123611449975791e-01,4.083933551309441023e-01,5.126890114148977551e-01,2.175034224252718473e-01,2.897046026324420209e-01,8.045323854654619078e-01,2.468936132875453882e-01,3.942522277285117616e-01,8.985565584375355686e-01,7.351615104777345922e-01,7.279912273205683126e-01,1.888855964406211119e-01,7.903655211512348178e-01,4.081413807457708043e-02,5.606590743188005765e-01,6.660878131902925325e-01,3.512904239999252165e-01,4.937488953060425456e-01,1.743189740847629066e-01,2.994660046351132476e-01,2.938125190355360128e-01,3.147977281336363786e-01,2.502755360401370810e-01,5.004010832708231105e-01,5.357195722943499661e-01,-1.299369651728321529e-01,5.635753596623397366e-01,7.857380521671283313e-01,2.189986051693035285e-01,3.482847199947382011e-01,2.902775660418265291e-01,4.294234473096828486e-01,5.183705602318966488e-01,4.298042452712976802e-01,2.925205337085009516e-01,2.872556718629563077e-01,4.881053395940122552e-01,6.199719262086688110e-01,3.470298992859625065e-01,5.750923873662556751e-01,2.501669242343509403e-01,1.158053293828518460e-01,5.659592808816998888e-01,7.491565426961149798e-01,2.170009994573867673e-01,3.718785944506920460e-01,3.632226999156549230e-01,4.429752739004055306e-01,4.549294941704576378e-02,5.415161387456515207e-01,1.384020314575683530e-01,5.011421793826771331e-01,7.030740604330982801e-01,4.686503112199737475e-01,6.735162152673682678e-01,3.448207782709049041e-01,3.361367595794469976e-01,6.244146821375639034e-01,4.868395168936744399e-01,5.520851445816014058e-01,6.242942856335076396e-01,6.762969861507203140e-01,2.240494769240483630e-01,-2.575973070732093251e-02,6.795339610176736045e-01,7.722563011185609172e-01,2.596655074774355532e-01,3.888390402550895297e-01,2.910647091669986697e-01,5.551197066080719722e-01,8.375317672925506329e-01,4.397795517821466715e-01,4.376083123920719298e-01,5.662985159240305766e-01
9.499959665334491987e-01,5.584577573376011683e-01,9.820895389216832694e-01,-1.957534692256732156e-02,4.206192803001054248e-01,5.498746829802692027e-01,2.358645686269874031e-01,0.000000000000000000e+00,6.952965764766549928e-01,5.613466385626619815e-02,2.825366671453562462e-01,7.492278561234859691e-01,6.726182120535736386e-01,2.537505317784672365e-01,5.732950238677876342e-01,4.289708176939295847e-01,6.191212308694072908e-01,2.017417700750704646e-01,7.202612478433219056e-01,8.689129307508229871e-01,8.304061841823855428e-01,6.357829974857129862e-01,4.842124746308102967e-01,6.720786837031433869e-01,7.184359731373367586e-01,5.054452149923848170e-01,2.376031959858337927e-01,1.841834930579190344e-01,3.083325360770671764e-01,1.200646775784481868e-01,3.669350776044688622e-01,6.684760753111462783e-01,9.476844808325161074e-01,3.107548141317693635e-01,6.897723317142481214e-01,5.801429252748987464e-01,4.831431183605374713e-01,-1.621631278971162327e-01,5.417420172513252030e-01,1.381767261767084809e-01,5.614756103981469737e-01,3.319560683440427873e-01,7.863412819731468995e-01,5.343722862528064166e-01,8.291874244467634103e-01,4.174372441856226135e-01,6.388630380699007461e-01,3.861291206866337977e-01,7.715174963240939432e-01,6.393048064139784659e-01,3.982085898241446986e-01,1.095023725501155509e-01,7.561322437862532109e-01,5.455665575066547257e-01,4.216966097451169126e-01,3.347545522823103803e-01,5.439510448637940865e-01,4.444202381212152830e-01,8.834466133840730429e-01,2.079964995977502396e-01,5.748318278397585024e-01,6.954425656213933937e-01,3.722701681314067867e-01,6.549093300366622961e-01,6.284120567438408189e-01,3.176019088939093793e-01,4.940077878411741064e-01,7.868880566324016890e-01,4.049740988442470102e-01,9.172873353041228750e-01,3.753276329568975278e-01,1.457839777853329188e-01,5.253219720031815365e-01,5.851680199662857573e-01,5.449495563700207379e-01,5.253579974716769962e-01,4.229707878056668813e-01,2.183435652942083416e-01,4.621464736520184413e-01,4.474936206574469111e-01,5.251174161025521370e-01,3.214455903147148685e-01,7.877866408217331085e-01,1.198833268034852351e-01,4.266601536625733715e-01
2.350753892732572736e-01,9.125386012833046623e-01,3.159576271290521765e-01,7.987528714623981507e-01,2.360869833163983800e-01,7.117818166842044825e-01,7.520934876392016966e-01,6.952965764766549928e-01,0.000000000000000000e+00,4.745157903618895112e-01,5.857608301098663484e-01,3.385702351001076416e-01,5.057567909742887169e-01,9.042236921239087399e-01,7.218612190619156932e-01,7.634406696268254411e-01,9.970682065921244730e-01,4.518096852468143632e-01,4.123670282862562653e-01,9.316444996078423468e-01,3.617332275582606504e-01,5.269107551002524259e-01,6.630573593428775725e-01,4.502915628825633343e-01,7.064543600990850214e-01,7.320936432661460103e-01,6.767356547610474671e-01,7.859860770573146027e-01,4.984356980564058071e-01,1.703748920948588708e-01,-2.688793787921839873e-01,2.943783972561538342e-01,9.456678958789689338e-01,7.314337258989628276e-01,5.464715893694185311e-01,5.405948811602045989e-01,2.488446123419295608e-01,1.189802983125532593e-01,7.014086563502918148e-01,4.712737334259480271e-01,4.277515425643669822e-01,7.142373450972847593e-01,4.547133633949333453e-01,6.220863945597107092e-01,7.462416967188987282e-01,7.405307128109561710e-02,4.072925781644970988e-01,2.349833666590927239e-01,7.732934367440938983e-01,7.829079773368853301e-01,4.455315091409994266e-01,3.567878850642515198e-01,6.303688396405068284e-01,6.819547026654508848e-01,6.795487436701772577e-01,7.357641188727485071e-01,4.452720916443773658e-01,8.876227198014914332e-01,8.147015159802998285e-01,1.500000018471403795e-01,3.641321459660953330e-01,7.175390113878342691e-01,6.101256534922379071e-01,5.603023528074564386e-01,7.717672942686887305e-01,5.334449394636505692e-01,5.243294758037396752e-01,8.763937458072031950e-01,6.830923568866386075e-01,6.182298446809074699e-01,7.115244646795325645e-01,5.221363480954994696e-01,4.113638869134024767e-01,6.499746276889120100e-01,6.451216312013909882e-01,4.755183689839154182e-01,8.226534799001736786e-01,7.513439395330960835e-01,7.953211012813700131e-01,5.251991675293417039e-01,6.197544054344759079e-01,5.119588976313530493e-01,5.289182496417992319e-01,4.235445492897438879e-01,4.039737216717931290e-01
6.414324922811620588e-01,7.291038487339971397e-01,8.014083789849471562e-02,8.099530055418169283e-01,9.403516487398330126e-01,6.868634567312674744e-01,2.053472325534834719e-01,5.613466385626619815e-02,4.745157903618895112e-01,0.000000000000000000e+00,5.691652542402124704e-01,5.576350809622844240e-01,6.788406620230693633e-01,7.961239071647385757e-01,7.868273210589388222e-01,7.470450402940707058e-01,8.769972868860445026e-01,4.138725129019329430e-01,2.961015484674183185e-01,7.243059721069720069e-01,3.051777179479180369e-01,2.389400550521183497e-01,6.245021973111548608e-01,2.798965887397495966e-01,9.087045501798485247e-01,4.327137799219533676e-01,9.016811151604987584e-01,6.710158136928972006e-01,5.090877882607016680e-01,4.167636175424289657e-01,5.485637458307328629e-01,5.927734241739841536e-01,7.450150071565637688e-01,3.583244443164357307e-01,2.918001194283700306e-01,3.806168045822145851e-01,3.958791096401638177e-01,6.990887174507348645e-01,6.281838657515629309e-01,9.072454969460757024e-01,6.748115920134467594e-01,2.396748674656453415e-01,7.821780312285774306e-01,7.473276743762675700e-01,8.311090273217652813e-01,5.491347310978935692e-01,6.029357084076750750e-01,4.836589163187713369e-01,4.877406561626874137e-01,6.250649277808602022e-01,6.562611689633455203e-01,7.750045115977934884e-01,5.620015598062749751e-01,3.883763233099827294e-01,8.333782175033843664e-01,8.252929348770373652e-01,7.098687975695754382e-01,8.779901546226051012e-01,8.615339300549182955e-01,-9.466030232852186421e-02,1.739076951843885471e-02,9.534634778153139312e-01,9.965285531476595349e-01,4.637646550804725432e-01,6.248414947170979339e-01,4.055688487629015571e-01,6.562001218267805580e-01,8.832342497762865063e-01,6.741143689780239034e-01,6.350524854166204047e-01,7.224650177395534056e-01,5.219677959090969210e-01,4.065000221761572163e-02,5.328549540648688243e-01,3.268726835491736482e-01,4.191342495049466543e-01,3.662416632650420389e-01,4.791293122240642965e-01,-1.272133979938717407e-01,4.417887474457138919e-01,6.944950361473073430e-01,6.793463128221588487e-01,8.535379262497435615e-01,5.914910834628620551e-01,4.732203442405280569e-01
9.478787921552201956e-01,6.845767017277842870e-01,8.090339857524961875e-01,6.406899308876053967e-01,7.790012972499457122e-01,2.255205969969919788e-01,5.577428975715638115e-01,2.825366671453562462e-01,5.857608301098663484e-01,5.691652542402124704e-01,0.000000000000000000e+00,9.731091211847394673e-01,7.662294870904169386e-01,3.442011233538864179e-01,7.396963689310251944e-01,-6.987642223885140447e-02,3.338824680781274923e-01,5.006987729629774897e-01,4.725030547205608666e-01,6.948999744952834012e-01,8.083504717221704494e-01,5.980992155740749716e-01,7.820535780846296081e-01,3.630225687101541476e-01,5.413582749784207060e-01,7.023695324620364833e-01,9.686628679408120224e-01,3.918798050915753839e-01,6.148294298751247888e-01,5.044642391744644794e-01,2.100732358328411820e-01,2.720687724152763276e-01,8.034181945792394641e-01,9.683568460546263523e-01,5.901387609622072983e-01,2.432871293329182949e-01,3.953728051725423631e-01,4.675476591891750688e-01,8.045344734105392970e-01,7.981551414063831063e-01,3.055961158881385087e-01,6.426643146413562047e-01,6.685802980179547106e-01,5.306883491313876267e-01,6.695005225785733982e-01,7.284255930945664481e-01,2.657865377085475989e-01,7.643691874523819152e-01,5.653639708953894782e-01,2.037846025134388284e-01,1.973551611560308006e-01,2.712368160179615129e-01,8.829946672486148618e-01,7.795768695577465213e-01,5.014155042703393184e-01,9.991926271881172994e-01,7.639304626243592633e-01,5.534432508536032413e-01,8.613341970688579430e-01,5.420689239919805891e-01,3.334017605873283996e-01,6.049926985277124247e-01,4.980177411150196742e-01,8.233643763106134328e-01,4.771875045092143219e-01,4.302730906192393789e-02,7.394182904093632436e-01,8.307514962370498024e-01,7.375854631486224999e-01,6.210720231971217364e-01,8.484002041594522758e-01,6.664304257057436232e-01,3.982786830551692248e-01,5.870202109057313100e-01,8.639453228764378823e-01,8.604598249088025730e-01,8.834418138798986186e-01,7.575294287625617962e-01,2.186742516789806634e-01,2.958771102998035696e-01,7.312218216091932455e-01,7.097334225028509858e-01,5.960260314057330699e-01,5.763046661220180278e-01,6.615451327050023700e-01
9.559297838601714670e-01,6.859457993284981958e-01,8.267568575925547947e-01,6.222302036572512351e-01,7.980786134171405921e-01,9.484151684477268862e-01,4.925123611449975791e-01,7.492278561234859691e-01,3.385702351001076416e-01,5.576350809622844240e-01,9.731091211847394673e-01,0.000000000000000000e+00,7.147035124310282539e-01,9.081868153781668118e-01,5.495271964674099952e-01,9.787600098251530989e-01,6.032484897900503018e-01,7.152179256258406337e-01,8.450033133537472319e-01,7.712524574558800028e-01,8.703063766074098373e-01,5.599660731180482465e-01,5.454155125088082645e-01,8.306538098825753114e-01,2.616060012468461940e-02,4.488515425486778176e-01,8.490018134524031090e-01,2.223932285456605429e-01,5.590197367743414691e-01,3.020158868725428825e-01,7.766464621531168344e-01,4.408762823080623616e-01,7.878446991439813640e-01,7.333570049441676675e-01,9.070459760985711828e-01,1.932162983033560710e-01,2.614325083047615017e-01,9.357483133862039282e-02,8.435966376174499626e-01,8.853718746061529643e-01,3.774143638259625511e-01,7.348631766108285612e-01,7.492134425624159544e-01,5.635966668817729008e-01,9.853266952968455783e-01,4.732019991013573512e-01,7.053294799775823298e-01,1.164406090701217839e-02,6.125172282991167005e-01,4.041391846232592622e-01,4.707137235725092350e-01,6.529943640194120213e-01,6.707751965803327998e-01,4.768045730841213858e-01,8.171600992663393681e-01,5.093846308025755665e-01,5.391856804742769516e-01,4.681402638414356443e-01,5.550746178696921440e-01,-5.614258208139777384e-02,3.482813198156622936e-01,4.947401184784994133e-01,6.847099659798603355e-01,2.162698459353036562e-01,6.725872889055122261e-01,4.562831366431668867e-01,9.481432197760825131e-01,5.812248838943543383e-01,7.661676079087453850e-01,6.401473049820878281e-01,1.117540689495540446e-01,2.075659567811994066e-01,2.694805116815792156e-01,8.752797732287681542e-02,7.562967640550641857e-01,4.041552746893914416e-01,9.940483085508216021e-01,6.598180877436727876e-01,6.171117634657480311e-01,9.112267372712335237e-03,5.328812132671479906e-01,8.518506216997905334e-01,2.596727823246560707e-01,2.782740345305984575e-01,5.588952867472593011e-01
9.172371684464285524e-01,2.993865759828164830e-01,6.557192036952469438e-01,7.550636370197407743e-01,6.841143399610667419e-01,5.348274390873324347e-01,4.083933551309441023e-01,6.726182120535736386e-01,5.057567909742887169e-01,6.788406620230693633e-01,7.662294870904169386e-01,7.147035124310282539e-01,0.000000000000000000e+00,9.449149111088693820e-01,4.218795724583834228e-01,6.231180277501364717e-01,2.190092745156358989e-01,6.731758356124343257e-01,6.956847445088972792e-01,3.377938203803811379e-01,9.841711792573778483e-01,2.322494180865594393e-01,5.278302523540212565e-01,6.166742386829863198e-01,6.372012032410693250e-01,4.006534222195632378e-01,9.674279291953836735e-01,6.952963851331117606e-01,3.366734940147557698e-01,6.331164293364062168e-01,5.137489751249928460e-01,5.242411743322380469e-01,8.199061719444183938e-01,9.308386673073083539e-01,6.521514237433827521e-01,4.448751726608491941e-01,-2.245734424143017161e-02,9.683835561988073382e-01,5.270989898105737925e-01,5.638889765170915780e-01,5.968397393488530378e-01,5.438413018376467845e-01,9.027448015585589625e-01,9.135588856468185304e-01,6.597565572869943384e-01,6.439268421613081328e-01,3.365517496168061728e-01,9.647293250157741307e-01,9.429762152953977683e-01,4.446046122630089026e-01,4.190873686762521810e-01,4.548188477310244893e-01,8.744873177069653059e-01,7.258394092737828762e-01,7.408523711915454557e-01,6.703595016016341557e-01,3.654613485886494262e-01,7.790646009584660803e-01,8.621222238335126686e-01,4.674665206523251348e-01,3.053343714603282688e-01,6.409499184027570573e-01,6.687493759985255748e-01,5.353767681013388291e-01,8.299970093301123342e-01,3.232004067966891547e-01,7.031789250841476990e-01,2.603394311750231171e-01,2.130911378092883723e-01,6.155332527600975157e-01,6.224786709092019477e-01,8.002511796808604583e-01,6.992244781543930365e-01,6.636968764016792921e-01,5.358906901078022145e-01,1.707867898986902278e-01,8.887636863922715458e-01,8.734560084145939207e-01,2.509870596983378999e-01,1.362943949843700986e-01,7.339546413796713686e-01,2.359650593917187733e-01,4.859623569671176480e-01,5.833294590964057669e-01,7.276735103402294236e-01
5.002363650941991091e-01,9.397538447461224465e-01,4.001513666989544582e-01,8.822534788326973354e-01,6.832102584088920461e-01,9.238994012913605003e-01,5.126890114148977551e-01,2.537505317784672365e-01,9.042236921239087399e-01,7.961239071647385757e-01,3.442011233538864179e-01,9.081868153781668118e-01,9.449149111088693820e-01,0.000000000000000000e+00,7.166157215047641582e-01,9.234887795106480057e-01,6.233737692047730539e-01,4.829147549319188770e-01,6.871675529067654553e-01,4.558157364371921427e-01,8.973461667934897745e-01,4.780186627226428731e-01,7.185237000328749124e-01,7.884687476314129473e-01,5.272682852899422956e-01,5.976631819603301921e-01,6.340698853358087694e-01,9.067620575640994440e-01,4.251940152460374489e-01,4.062003251464278430e-01,4.252183170906642662e-01,2.426491389639828244e-01,4.506918400376557776e-01,7.185588194007099805e-01,9.024217216269597719e-01,-2.253184034901023203e-01,3.128458256846727847e-01,3.526035335448990393e-01,9.456833040177070604e-01,4.861477719147924148e-01,5.113138901684227688e-01,8.271216200723545686e-01,7.772269724371997368e-01,4.579464987971564316e-01,8.509627527031289329e-01,7.143656307668587724e-01,8.477346512115970789e-01,7.993047817287635137e-01,5.591330564507722700e-01,7.194562381604566736e-01,6.679714233507900722e-01,6.091967536340865408e-01,3.935018231149511880e-01,2.607501905685265520e-01,7.038025767028042168e-01,4.383920902154094246e-01,7.279235880457629593e-01,7.387026170736012975e-01,5.295451578815546512e-01,4.460882669190478489e-01,2.142283898287923871e-01,8.182448458372909572e-01,5.832775178929681115e-01,6.448598074139655356e-01,9.892550167718316967e-01,5.853149515015894089e-01,8.038922236330023896e-01,8.100078346834146403e-01,5.358614714909567533e-01,5.749920100882786045e-01,5.840162607665246863e-01,6.484933494858267089e-01,5.822302674106201170e-01,3.050765747558096819e-01,2.989091993492259403e-01,6.545408092732880601e-01,3.126932342221802608e-01,8.070700462116741081e-01,7.853907282032819570e-02,5.120327612626722757e-01,9.150484572863888388e-01,5.478248570097600245e-01,9.035813973968871426e-01,6.383237983473634136e-01,8.065327685947220049e-01
7.032081235743085079e-01,8.960995858968364702e-01,6.860967682687006963e-01,8.466029992108972113e-01,4.080141247664418880e-01,5.914354089310647211e-01,2.175034224252718473e-01,5.732950238677876342e-01,7.218612190619156932e-01,7.868273210589388222e-01,7.396963689310251944e-01,5.495271964674099952e-01,4.218795724583834228e-01,7.166157215047641582e-01,0.000000000000000000e+00,6.914755689158702534e-01,5.735530988270178820e-01,6.392307534089740617e-01,9.516541969238637710e-01,8.575190163397413690e-01,8.866210564820483642e-01,5.932791001813564336e-01,6.699856179265225586e-01,6.789118189778771129e-01,7.479985064898834191e-01,5.604773630518478100e-01,6.154575432766724585e-01,4.354769898981438181e-01,4.407856218257767411e-01,4.677958255397718923e-01,5.414238839937659531e-01,2.226644922979426067e-02,6.912417600906616277e-01,2.181901334811935378e-01,7.079971157335573917e-01,-1.211707183959383066e-01,3.019273224553193358e-01,5.084844822330831793e-01,7.184958327547055212e-01,6.821467048731957306e-01,6.702621519173476150e-01,2.191182310735222682e-01,9.224812212883506390e-01,2.007510920324167281e-01,9.185741215185043718e-01,9.151553505550097389e-01,7.947439299129818169e-01,5.519039260571882988e-01,6.257239796874166649e-01,4.446640024050416140e-01,7.556506794793852455e-01,5.540651636096248778e-01,2.862518108503768755e-01,4.024321156215961981e-01,3.326121386273384051e-01,7.527956941229901888e-01,6.210204458103723013e-01,6.611047156830427429e-01,3.890474056699027017e-01,7.956265746495611024e-01,5.732549018813115627e-01,5.138664224570782535e-01,7.679526262790876689e-01,4.929571865073617554e-01,8.176088972839035129e-01,5.931306614436379077e-01,1.215450311376796988e-01,9.160341771737994243e-01,7.177523430869731103e-01,7.669722997982305612e-01,9.966093086831722125e-01,5.041479751208790550e-01,2.733645042835687322e-01,3.131529375567819184e-01,3.345605390774293308e-01,7.083244336869042312e-01,4.483913354834593856e-01,5.687775553502401049e-01,5.929234296818937100e-01,9.897340176153918145e-02,5.437949466465447079e-01,8.525008884844450519e-01,3.159067393230745591e-01,-7.724705130343095805e-03,6.872372693902188967e-01
7.009874900075826476e-01,7.780295485070842787e-01,9.334267073974064077e-01,4.217747916077968506e-01,2.556641067458733096e-01,3.849670796907705417e-01,2.897046026324420209e-01,4.289708176939295847e-01,7.634406696268254411e-01,7.470450402940707058e-01,-6.987642223885140447e-02,9.787600098251530989e-01,6.231180277501364717e-01,9.234887795106480057e-01,6.914755689158702534e-01,0.000000000000000000e+00,2.351930308775991574e-01,-1.716324634898083457e-01,9.016486405284904748e-01,7.748162821602446737e-01,2.877250047967983004e-01,4.501101071907342432e-01,5.357146453328950342e-01,7.500938702998956042e-01,2.791315616679650446e-01,2.986115921559576725e-01,2.150326439746969576e-01,4.163479796210148298e-01,4.028924402031356933e-01,3.541304830910498858e-01,4.553152887177665531e-01,6.547110986815406486e-01,6.470844538422071412e-01,-2.366823053810254152e-01,5.238575989438281066e-01,1.818010301253277228e-01,2.668640401514487115e-01,3.372302432127284311e-01,9.153935462473943296e-01,9.425055058519595796e-01,6.470495457576074250e-01,3.389159681546448089e-01,9.523639552396073737e-01,-1.015968071084818181e-01,5.538320335443216447e-01,6.234913717459759086e-01,7.281366283270060968e-01,5.070302111493792951e-01,9.801394012941681000e-01,4.106875773033966670e-01,7.895193458949423260e-01,5.287299240300733505e-01,-1.259357872824491964e-01,2.765841345342697766e-01,7.022054187146741233e-01,9.208785761548163862e-01,4.946606977531737281e-01,-3.537020448116221516e-01,7.270573133002949939e-01,4.245179986385685944e-01,4.782865979659470246e-01,9.008095865532265156e-01,5.347257197353528779e-01,8.150699119875504106e-01,4.029698048277108868e-01,7.672592954261300280e-01,6.007773498767923215e-01,9.968326947687239370e-01,2.878226972385347637e-01,3.328004683841925271e-01,7.131928173938015814e-01,5.407686095207102639e-01,4.858942120024135058e-01,5.681899339855963627e-01,3.119812206413483668e-01,5.462956315317926692e-02,7.505891232617817321e-01,4.544667757078541537e-01,7.036580493103676559e-02,1.100695102114605251e-01,2.859853301773705031e-02,7.984906620360885388e-01,8.795585147692492889e-01,5.183392936285396990e-01,2.018330581187878781e-01
9.387877570721887555e-01,6.705356401252530185e-01,9.946563050336647560e-01,5.139506684062410402e-01,8.166621542548435642e-01,8.595155707950362656e-01,8.045323854654619078e-01,6.191212308694072908e-01,9.970682065921244730e-01,8.769972868860445026e-01,3.338824680781274923e-01,6.032484897900503018e-01,2.190092745156358989e-01,6.233737692047730539e-01,5.735530988270178820e-01,2.351930308775991574e-01,0.000000000000000000e+00,8.740581744271073150e-01,8.538913149006497338e-01,8.986925908712399824e-01,9.472972505736987348e-01,8.867962047222660571e-01,3.864640560230921951e-01,9.704305008713088876e-01,5.458686984143880094e-01,9.417386808351548844e-01,6.322661686703484607e-01,7.191025256482546091e-01,5.698833387216418155e-03,2.368060212627303429e-01,2.766504262731063757e-01,9.428245596726300137e-01,5.374607016097314727e-01,2.159350183522274758e-01,8.059604424295497838e-01,5.122002439865581680e-01,5.849453716655146351e-01,6.440621914956558003e-01,9.564709707724415866e-01,3.038718207973823970e-01,3.098753300510253064e-02,8.755995741386880526e-01,7.509119973477013099e-01,7.644847533968369691e-01,7.899153628362938218e-01,6.824995466254825116e-01,7.492062613477629140e-01,7.782596922299025444e-01,8.566724635353407669e-01,6.149116835957795235e-01,4.313313754494422225e-01,7.582168251544590953e-01,9.130510338497144218e-01,6.526051828032591873e-01,9.252358489139620445e-01,7.401920654892246709e-01,4.627980800468154965e-01,5.494116333901739591e-01,7.420241165359356961e-01,4.757613010357012451e-01,2.883523501542497591e-01,3.211315931951020941e-01,2.619281803463763270e-01,3.152228516225275001e-01,5.417473134146759683e-01,8.233192179887452999e-01,7.455385319178955417e-01,1.061710926538833866e-01,6.396818285926381131e-01,4.676073192938602907e-01,8.578654965918175446e-01,7.630091187061398550e-01,7.038821413993849863e-01,4.094484014399301652e-01,6.881491590510179224e-01,1.028068833926010506e-01,9.749829951636929115e-01,7.525738834856416926e-01,2.584268141939169428e-01,2.276496052210819077e-01,6.806773560132456380e-01,7.168448417165970143e-01,6.548357277302756518e-01,2.238868727529097491e-01,4.866313246885059507e-01
4.294702055140944275e-01,5.190995180520521224e-01,3.352221471730266744e-01,5.058317925681968807e-01,6.085623395614766507e-01,6.117781943129575462e-01,2.468936132875453882e-01,2.017417700750704646e-01,4.518096852468143632e-01,4.138725129019329430e-01,5.006987729629774897e-01,7.152179256258406337e-01,6.731758356124343257e-01,4.829147549319188770e-01,6.392307534089740617e-01,-1.716324634898083457e-01,8.740581744271073150e-01,0.000000000000000000e+00,4.476276112144683683e-01,8.714781837900372752e-01,9.632291428123846977e-01,-7.931002898519862176e-03,7.090433623330339996e-01,6.454460894404002724e-01,4.956642921967329141e-01,4.579801961730328719e-01,9.548729779291850184e-01,9.652117231003627396e-01,5.421566552806930117e-01,3.083695386005594341e-01,3.002845149175084605e-01,7.441678502350047575e-01,8.062223355227889909e-01,6.748916178586168435e-01,3.426126297020625211e-01,5.920344566296610322e-01,3.308228359874278990e-01,2.988218517721625833e-01,7.588181747898431473e-01,8.685567501772888388e-01,3.066376591477352753e-01,8.261203655505819921e-01,4.858589828412970268e-01,7.109101518739461278e-01,1.052972588594381781e-01,6.041462408051988531e-01,9.832411209420415243e-01,7.444540057904366348e-01,5.909713587996145989e-01,6.069108667163624071e-01,7.045976983974607810e-01,7.968995455160057251e-01,6.177123416737882039e-02,5.044306983772182118e-01,4.436487734452584375e-01,7.395142843123736487e-01,6.590684564012726510e-01,7.331758156379781788e-01,9.992290542515216423e-01,4.726315085837482499e-01,3.863771812992404242e-01,6.458007603288118403e-01,7.796788154672528171e-01,5.250690913644947555e-01,7.721140877461798446e-01,5.476843119242433833e-01,7.920093762027433648e-01,5.745864413811000437e-01,6.122048961943167555e-02,5.302463325365234237e-01,6.510333465974641465e-01,7.312947747021180112e-01,5.121051017377916681e-01,4.907294403943175398e-01,6.869642820156518503e-01,7.297297154288469034e-01,7.578557965147443287e-01,4.920415730118471997e-01,3.387837327748953187e-01,-1.268932630047183430e-01,2.172470580320746136e-01,9.577490937431085705e-01,5.689853072703084935e-01,2.985500139815660536e-01,7.470647504862832911e-01
