0.000000000000000000e+00,8.095045702970102841e-01,7.219888803970564428e-01,8.761704266378178563e-01,2.978159075516276788e-01,7.805671058881729074e-01,4.651838870971639617e-01,9.899462414555098011e-01,8.945071696537573169e-01,9.933167880939327565e-01,8.955442197355318878e-01,4.316549832991097846e-01,7.794392013462527746e-01,6.634605729139892993e-01,7.106981327703785212e-01,7.881646943755233892e-01,8.084317450178131192e-01,4.256851962875457529e-01,7.839519861825279268e-01,6.660020704699010086e-01,6.681748312165219916e-01,3.899162129158750822e-01,5.940977517004449870e-01,2.440475309102393964e-01,5.978337571544944939e-01,7.482097946866010929e-01,5.054371914272784982e-01,8.276616483941336977e-01,5.556906800109479017e-01,2.473466045956814185e-01,5.769930623638019895e-01,9.781145014268006754e-01,4.261049041338352272e-02,8.542843364514817184e-01,8.361351722558652000e-01,5.787272066565616324e-01,4.442968937390190387e-01,5.874212628997652619e-01,9.382712760398002061e-01,4.575774773205100177e-01,5.566308024495814077e-01,7.830729424597707711e-01,6.496476541923694725e-01,3.901028764327877374e-01,5.039805012070418533e-01,9.142818669842797119e-01,9.390842087829972540e-01,5.552882679428137180e-01,9.688748431225699953e-01,4.968571872201344997e-01,5.695946850625142055e-01,4.466721788434500628e-01,5.280342023877876434e-01,2.307712712303356395e-01,9.152336127260572995e-01,4.771079512059464567e-02,7.401372833703202536e-01,6.961167921251707469e-01,6.381934907173313354e-01,1.945204409358208264e-01,3.930551738831964403e-01,8.074186732139010392e-01,8.621758532418604126e-01,6.789241751423116256e-01,6.511581177815377597e-01,8.246813788641228493e-01,6.499576003430652671e-01,6.305866649572726690e-01,5.778063284524647125e-01,9.310733813275046122e-01,4.234278236613372437e-01,6.209560358913681632e-01,3.697507022624768602e-02,2.500827523970235444e-01,7.842863547825572601e-01,8.199755541738480424e-01,3.187983311478485016e-01,5.848988131768209087e-01,2.985757668933775588e-01,-2.536882214099355215e-01,9.140333131438442837e-01,7.504722518519124641e-01,6.576149106195029459e-01,-7.687368216110654351e-02,8.198829385511999801e-01
8.095045702970102841e-01,0.000000000000000000e+00,4.030796812388570682e-01,5.901907090774390907e-01,7.391865264391773716e-01,5.994279768404804365e-01,4.633766726541832526e-01,3.055151841670749047e-01,7.873916171754140603e-01,7.249555299814935960e-01,9.037733983739351107e-01,7.696225415379959189e-01,5.171979333318822425e-01,2.956990218922462832e-01,3.073045982391026110e-01,5.357941624415163417e-01,4.997798151859130233e-01,5.612719657256149963e-01,5.539562940189508566e-01,7.740848760036548315e-01,5.552576038072207787e-01,9.081841669760575275e-01,6.744609275338664389e-01,6.402842111259257063e-01,6.472494945340625527e-01,7.685475202271218054e-01,7.646356264117568635e-01,4.058513931346793835e-01,5.589395626368589554e-01,3.654589839261062484e-02,3.503560050845837548e-01,4.342056761963213329e-01,7.057536869654751355e-01,6.290345163051094257e-01,5.300327931538275639e-01,4.671075996321909507e-01,4.215996191837841911e-01,6.264649079476596327e-01,7.382527481626672827e-01,7.936979543375510815e-01,9.505247451593430430e-01,6.648736282750395965e-01,9.906424401441609184e-01,1.465552549407149463e-01,7.274014572915941113e-01,6.524421716510615532e-01,7.237105371689633859e-01,9.630238627757942149e-01,5.255860016596707318e-01,8.074432272316470760e-01,8.832887460360714371e-01,5.425555362542915372e-01,7.760507957336446605e-01,9.487817934355576854e-01,6.339816948115613027e-01,8.654425548427859827e-01,1.546584325172189744e-01,7.857721779478822333e-01,4.807310317079844242e-01,6.483269212964469785e-01,1.963807649665130772e-01,4.643388989924155941e-01,7.010039438277418933e-01,5.568448345325565096e-01,8.549386609962094097e-01,5.017162253474406475e-01,1.291866589033229817e-01,5.004628990082409246e-01,6.504750787164834680e-01,8.932549239709309807e-01,4.164304967096302823e-01,2.526204874543604428e-01,6.603647617118177937e-01,6.989362963468116474e-01,1.216237621372557448e-01,4.345048687293127099e-01,7.871628861513564335e-01,7.849775549074378134e-01,2.268399671287671115e-01,2.107125637934090800e-01,5.622824637241212731e-01,6.481159331001459245e-01,4.079575913951168920e-01,-2.419110610346569823e-02,8.756095205182212737e-01
7.219888803970564428e-01,4.030796812388570682e-01,0.000000000000000000e+00,8.521159413235661617e-01,6.020266244963721203e-01,7.602372811392479335e-01,6.913303648785807942e-01,9.815337976331792724e-01,6.204956987982044314e-01,9.566331187448982032e-01,6.697583043211087217e-01,4.928822392465490587e-01,9.892150312543562807e-01,9.042721842609036109e-01,7.280534178173734272e-01,7.346420019978685545e-01,8.826929504200000665e-01,9.511403381770052734e-01,7.589373446567213577e-01,3.583057615979996502e-01,7.189355207192458241e-01,7.383856152983681032e-01,9.563600099093260143e-01,8.410077592655991197e-01,8.506765616330171920e-01,8.470791635384116169e-01,6.357592417739031943e-01,6.356727644510035136e-01,5.005444389445541375e-01,1.008773761265689545e-01,5.069107275498376808e-01,9.237632246793626711e-01,5.749632111794178435e-01,7.929393169941795216e-01,6.732238629012180509e-01,4.383641309606178815e-01,4.111531429016398453e-01,8.008874764323417050e-01,6.350462376285224142e-01,4.902944430051013325e-01,3.050245127021014024e-01,7.035579832369028841e-01,9.728814128952709694e-01,8.529126696106948957e-01,7.864516467440891834e-01,8.575806551610676287e-01,5.936931582465203583e-01,8.216884214249167151e-01,6.653993657524051031e-01,8.663040286724940087e-01,5.964597387704533293e-01,8.407719893832492630e-01,7.497517237384014877e-01,9.132689900278313511e-01,6.907931893305898630e-01,7.627906083010073113e-01,6.604672575052440431e-01,6.637383064310362624e-01,9.685893682831535623e-01,2.602238852811571967e-01,4.452449059334563919e-01,9.925149144482630081e-01,7.740782759624903475e-01,6.605428034764129208e-01,6.676022907976898457e-01,6.540961113005450134e-01,8.950439985959459666e-01,7.081508178300127687e-01,8.821310664473137608e-01,7.788566793981133163e-01,8.005253700068829525e-01,7.958303632854887288e-01,5.249082261348553269e-01,3.282505721953885569e-01,7.692649095749908295e-01,7.590938440390202491e-01,5.543695290032917278e-01,7.071439739822866777e-01,4.639157038310491865e-01,5.743048317385200940e-01,5.910581935620987659e-01,8.128859980617690884e-01,8.297704810903514527e-01,9.287436854708068790e-01,8.558363237022801329e-01
8.761704266378178563e-01,5.901907090774390907e-01,8.521159413235661617e-01,0.000000000000000000e+00,7.371765405607928479e-01,9.072302391761311036e-02,9.104081797537083576e-02,6.409459825990170279e-01,9.904585450035832128e-01,8.902424361906338124e-01,6.731353549034526651e-01,2.245821528223840846e-01,6.136944537816819700e-01,1.494048429582856830e-01,5.623987539953346770e-01,7.532981200591056803e-01,9.041590086197841547e-01,8.307912693882285593e-01,9.977518192340446568e-01,5.371673108817193176e-01,5.411125904516496110e-01,9.568863857182279276e-01,5.744691401144675913e-01,9.075466211939482442e-01,1.925476487337651754e-02,7.568701227504298634e-01,4.265172945269520288e-01,7.086096328950498568e-01,4.910179911893698401e-01,5.870749777075664477e-01,4.995305053049707289e-01,9.420240032219662218e-01,1.178075952395292725e-01,6.928495451777590963e-01,6.995949618704982997e-01,1.629418774543765769e-01,4.982284805657293814e-01,6.534456022928288865e-01,6.816446871734375135e-01,6.506160612014035838e-01,6.919681075311885365e-01,4.655871124568807806e-01,7.470142216992516904e-01,8.540833363794120281e-01,-7.166360635291571524e-02,6.339059156205630874e-01,7.856343485913566127e-01,9.840304554365272294e-01,2.918484536200090518e-01,3.892602834430817227e-01,3.938398420010504886e-01,5.003866024862828610e-01,7.730245043452337317e-01,3.290778644966922961e-01,6.416964085913057225e-01,6.198946225948397393e-01,7.733886013949407001e-01,7.725800496208923285e-02,6.854498018847773322e-01,6.851096740454842848e-01,3.681380404450917965e-01,7.617166923487395103e-01,7.040302164728927670e-01,5.480847778596794617e-01,9.002237298067841120e-01,6.324058717543563635e-01,7.016797068152555994e-01,9.904587194574494546e-01,2.718680997860956072e-01,3.109784645708975614e-01,9.813034584980165898e-01,6.785381866434605502e-01,5.359656808651791504e-01,3.838854954469760328e-01,4.477635241623967866e-01,4.459515420397638374e-01,7.862980449690246676e-01,2.382543990849665394e-01,7.502575624404351773e-01,2.423872567064291536e-02,5.950514973827003562e-01,7.716277984173912641e-01,8.701922267379627041e-01,4.522340267051263574e-01,5.931878358966210518e-01
2.978159075516276788e-01,7.391865264391773716e-01,6.020266244963721203e-01,7.371765405607928479e-01,0.000000000000000000e+00,8.991841718431005104e-01,7.653716722235501813e-01,5.518178224992502656e-01,4.350774868783761629e-01,3.852199087335776984e-01,9.345987667852353464e-01,9.598907985002494980e-01,5.462086894182986985e-01,9.074490985077545702e-01,8.571129029384274567e-01,4.770792960112811287e-01,7.154448317176659300e-01,1.819754530540076687e-01,6.318466244909199947e-01,5.214203841567829345e-01,9.079143336443147305e-01,6.513870132690255943e-01,4.236733812296648582e-01,5.693500805147312382e-01,3.294465631361752633e-01,7.516370713978790530e-01,7.867813754944864568e-01,4.620820793474342825e-01,3.106918829713937735e-01,4.519187944118143174e-01,2.236103906626729643e-01,5.563213636060808653e-01,2.201998092681204944e-01,7.024803579840558365e-01,7.542189506800269783e-01,5.343229218901479616e-01,4.204465926578826451e-01,2.327106446893669189e-01,6.997865478203866285e-01,7.417683253221998285e-01,6.695952866169828377e-02,7.056179575104219726e-02,7.504328452330017996e-01,5.093898334576048015e-01,9.393891572039492210e-01,7.939354450924329676e-01,5.765609924867971525e-01,4.583503763423777411e-01,5.378034406780606291e-01,5.374483200396275029e-01,6.582873003914680998e-01,7.513423045270046785e-01,5.453245483513180503e-01,7.408077504325801810e-01,9.428555823845238271e-01,7.801013197277795186e-01,5.788474111789454479e-01,6.486166133923021437e-01,5.391079925465200873e-01,2.688929959836582895e-01,7.646244711705442176e-01,5.160179917372809122e-01,4.572573841114114801e-01,5.417164835685203128e-01,4.058499665885462182e-01,1.296493340231454072e-01,8.700911591084643515e-01,8.527491699898612776e-01,6.630138904920608311e-01,8.327824760077198185e-01,7.485311623899317812e-01,2.549687642097649420e-01,5.688861110937787346e-01,5.778760570313873357e-01,6.722760401577688727e-01,6.585252091361223359e-01,4.587175413907103594e-01,5.567264011980724847e-01,1.131139693051444600e-01,-1.678173747801932070e-01,4.191800238926804978e-01,8.926058425276057751e-01,7.941088511954076390e-01,-1.652348166546718233e-01,6.939756689409894985e-01
7.805671058881729074e-01,5.994279768404804365e-01,7.602372811392479335e-01,9.072302391761311036e-02,8.991841718431005104e-01,0.000000000000000000e+00,3.661309399997826342e-01,3.671628721406511309e-01,2.238665363049253121e-01,5.990481263363452991e-01,8.337240703128635522e-01,4.434878358664294251e-01,4.125548917782829728e-01,9.097888320186683364e-01,2.512574347146507292e-01,6.928968300100122324e-01,2.598263547858519762e-01,8.143140339100044534e-01,6.152865435150473017e-01,8.341677518006741510e-01,4.548515340234906557e-01,5.325371341503444267e-01,9.999978137626274188e-01,7.009631752055623943e-01,4.165655269863000054e-01,5.084083841618320943e-01,8.865170157762808367e-01,2.966370385100474683e-01,5.093528727281700086e-02,4.885227902886118967e-01,5.529259127544982055e-01,-3.278905001476561942e-01,8.614393938793308836e-01,4.365559051689889558e-01,1.031142399381643343e-01,3.451800574069779914e-01,6.272739502346327822e-02,6.748368344543547170e-01,1.137644952380142405e-01,6.560344337431366357e-01,3.248706072000821510e-01,7.500573000649850552e-01,8.765947147064072631e-01,6.670711903158319522e-01,7.353258143251819590e-01,6.055847661460376230e-01,7.711957587475328779e-01,8.176173084416573644e-01,7.853462515786213682e-01,7.438965947447551130e-01,6.909645879817603031e-01,2.347616184570212039e-01,4.067020388327696745e-01,-1.323009451937681713e-01,9.454090597125699436e-01,9.322690197994085715e-01,7.561175147794152451e-01,9.758760316307292237e-01,4.606121553743168229e-01,4.145032166257049400e-01,3.415226020163324439e-01,5.686533755999515494e-01,6.770155453359634201e-01,7.773370310932357086e-01,5.475943805744533099e-01,7.116642561078061480e-01,5.559749961223441339e-01,6.817372917031816471e-01,2.783561491570683000e-01,6.321117797526963900e-01,8.709789558868968884e-02,7.738081399665712734e-01,6.473147560533483169e-01,3.701503284340507127e-01,3.527601720688388620e-01,8.058316739735021939e-01,7.159042857789913450e-01,3.016847003094667024e-01,2.666541670978650469e-01,4.488154981950209788e-01,8.924275338836921145e-01,8.379380342166549145e-01,9.707128470693771050e-01,4.167342933591210441e-01,6.658381855751112077e-01
4.651838870971639617e-01,4.633766726541832526e-01,6.913303648785807942e-01,9.104081797537083576e-02,7.653716722235501813e-01,3.661309399997826342e-01,0.000000000000000000e+00,2.234418992579123853e-01,5.889595664886844162e-01,2.019523157460177687e-01,1.884301657904808580e-01,7.486377840307334441e-01,7.105169622982862032e-01,6.819392369806889231e-01,4.391289591479322629e-01,8.734293420708006961e-01,8.800428628922571939e-01,2.476111701350749428e-01,7.411727789416876488e-01,7.934744431884120930e-01,7.263177303969723386e-01,1.098888936916926455e-02,5.743027396281384922e-01,9.521248571567821894e-01,3.597024517490083340e-01,6.802928925352047518e-01,7.460302325496875886e-01,7.704805454952088350e-01,6.281896898557073339e-01,1.554011226421622149e-01,2.210042406456736441e-01,5.713292481133050993e-01,1.240649272711875500e-01,4.232707050049469011e-01,3.611328863806760325e-01,2.167639935682822983e-01,5.823327617471801138e-02,1.328677333145470429e-01,7.847523605466926178e-01,4.886835082550037845e-01,3.139152945517896809e-01,7.246722357157932004e-01,7.975585193366132586e-01,9.492036156575324179e-01,8.759042197429025567e-01,3.781644666878610783e-01,5.267316434202803377e-01,5.559286891888652882e-01,4.490263560103520679e-01,7.739846296032653061e-01,4.117466292366654401e-01,7.343265595334197426e-01,7.574511593949099231e-01,5.593231032205996378e-01,5.020239938100802268e-01,6.216625711550564093e-01,5.870322538368167864e-01,4.849301775307998108e-01,3.025624068613140816e-01,5.306002641575860990e-01,2.484374059852466343e-01,6.517400488198359376e-01,6.787809952165609895e-01,4.262981904350489071e-01,2.722567054569401401e-01,5.290065545491966503e-01,5.356958432480880550e-01,2.096136125593371091e-01,2.969729805245956422e-01,7.814544554762374862e-01,3.438010968708028470e-01,3.432524156702181362e-01,5.269567266781263193e-01,4.651540257465734407e-01,6.797582166143004700e-01,7.388369088477387825e-01,7.357630494026493606e-01,2.986055246661379892e-01,2.299185153533664927e-01,8.399622558099582859e-02,7.841186362331943327e-01,6.250809767813039208e-01,5.258415386319057472e-01,4.410570145047453261e-01,6.505597958816907722e-01
9.899462414555098011e-01,3.055151841670749047e-01,9.815337976331792724e-01,6.409459825990170279e-01,5.518178224992502656e-01,3.671628721406511309e-01,2.234418992579123853e-01,0.000000000000000000e+00,5.479024005423227539e-01,1.278822682073968986e-01,7.022864632918620620e-01,6.980341591632247544e-01,4.297764468903291779e-01,8.067310304046607095e-02,6.876069559389983432e-01,7.109317193521995648e-01,7.554513994782794395e-01,3.526598416235915967e-01,2.851668832328234093e-01,4.835793258298132224e-01,8.975989972852066456e-01,4.605238444738011250e-01,3.138048631911244946e-01,9.677369918013679628e-01,5.404342865232052429e-01,3.507369638576995907e-01,5.990555171880735941e-01,1.153219185021198828e-01,5.883225847139578191e-01,3.069026558744242239e-01,3.683225415959411331e-01,6.734310350328023276e-01,7.425803073828554091e-01,2.026558682989633708e-01,7.372871250687987876e-01,5.800287071304766062e-01,5.804082703010683408e-01,-1.733803908853748244e-02,6.846504785747490329e-01,7.710716804612118835e-01,5.531472860682425940e-01,6.880595780456512101e-01,9.627331639585672285e-01,5.600104164290801156e-01,9.873822796951626790e-01,5.119735850436329949e-01,5.286317506111548603e-01,4.917883357407663025e-01,9.265651078132330909e-02,7.607977416907522050e-01,7.667455811942333055e-01,4.567432358881551857e-01,1.132020253298726131e-01,7.940213924231247500e-01,5.308183821507598266e-01,5.798913540743317885e-01,5.737527034191980402e-01,4.765357778561368773e-01,4.082874055024975357e-01,7.884708122098169625e-01,7.918041453387040240e-01,2.600432230680114198e-01,3.898444726004671179e-01,4.133280661935867517e-01,5.310361304517321468e-01,4.468501326654648192e-02,2.264178272979702478e-01,7.401802097153425963e-01,4.233558919922787434e-01,4.802738297462040284e-01,7.282725235561530175e-01,7.033492392047053787e-01,1.644399781326251128e-02,6.800160295915902431e-01,7.654803750993218747e-01,4.469590348427175952e-01,5.986419639185700525e-01,4.889408744016657815e-01,3.978903502558994720e-01,5.186588614966421984e-01,5.937884313048090723e-01,4.191550784455319034e-01,5.957994362689814638e-01,4.611685967815939979e-01,6.023734457503481243e-01
8.945071696537573169e-01,7.873916171754140603e-01,6.204956987982044314e-01,9.904585450035832128e-01,4.350774868783761629e-01,2.238665363049253121e-01,5.889595664886844162e-01,5.479024005423227539e-01,0.000000000000000000e+00,5.578904530762849312e-01,5.048415893518178876e-01,9.598486054321919703e-01,9.278982382544719021e-02,8.718380186200205828e-02,6.076497909715203871e-01,4.329793526452737629e-01,9.825551884321180873e-01,5.638569059186329113e-01,4.528406174600019263e-01,8.430047093678101344e-01,3.106634713273637716e-01,9.386203224499152231e-01,4.361845016420174970e-01,7.428178469185320321e-01,5.073651575686720649e-01,7.992744543198628815e-01,9.585905540551684645e-01,2.319469567420792133e-01,4.353973070692955250e-01,5.652092050099363219e-01,4.563922163927769393e-01,7.382425708788188379e-01,5.758923320221221998e-01,5.676370428278075808e-01,4.979149360222123732e-01,4.317661891011166375e-01,3.234028722920147536e-01,6.301850306735644613e-01,7.588535548320393120e-01,6.627616975149661638e-01,2.102553147774438858e-01,2.551448218747255914e-01,6.779548894829170447e-01,9.654283262125632481e-01,8.566597171183558679e-01,6.246668441570212282e-01,6.923709996110105624e-01,7.111130037650265079e-01,7.915103822151420276e-01,7.679062559928946374e-01,5.849983715933826378e-01,5.251196897310854705e-01,7.067469649737587734e-01,4.566674903580161815e-01,8.068027925939477152e-01,7.828760379269066316e-01,7.174561293014271035e-01,9.632997107486376831e-02,5.043952088309745507e-01,4.076984730947788571e-02,3.044191009585824892e-01,4.260309435480293949e-01,2.079372705415810096e-01,9.311442813810929531e-01,6.936704365599617450e-01,6.815456037577839465e-01,7.966476874649023321e-01,4.256769749624699228e-01,8.018538181150781652e-01,7.353279882284400326e-01,4.906058691407847450e-01,6.575483362562021261e-01,7.397226358528485868e-01,2.533357357615968475e-01,3.585489502475259216e-01,8.204334084082463008e-01,9.464520455528400156e-01,2.195951844013654952e-01,2.825407116835672028e-01,4.324754931225836541e-01,4.948464512343296873e-01,2.567191090509900464e-01,6.575944648008652527e-01,2.153159830029472976e-01,2.955728090490434834e-01
9.933167880939327565e-01,7.249555299814935960e-01,9.566331187448982032e-01,8.902424361906338124e-01,3.852199087335776984e-01,5.990481263363452991e-01,2.019523157460177687e-01,1.278822682073968986e-01,5.578904530762849312e-01,0.000000000000000000e+00,8.824943153027474674e-01,9.532765552830148037e-01,5.505587669989822075e-01,6.178858678571979013e-01,7.993262906763556330e-01,2.326324265223585763e-01,3.959041037503705507e-01,7.945536198193917654e-01,5.920195252450263235e-01,6.345500005192911130e-01,6.669111404265213316e-01,6.482589843944123187e-01,4.359042756764536231e-01,9.963588698809346944e-01,6.190570271005053637e-01,6.820559836663643294e-01,8.550443315975780889e-01,5.120177254992109850e-01,3.110265406862137705e-01,5.003838889932986644e-01,2.155207813688591600e-01,4.355147373505428021e-01,4.488454538560718854e-01,4.346984979511271940e-01,5.942412601740686418e-01,7.597828491706017928e-01,4.770262828935732946e-01,2.063510348111778081e-01,8.483547031598126509e-01,7.508007496365941558e-01,2.773551528648605657e-01,6.503538700647782944e-01,6.654156994293730643e-01,8.633373153362614572e-01,8.938350171641431530e-01,6.105117990671619088e-01,9.661016038972681796e-01,7.319609804738191894e-01,5.865177784306547792e-01,7.336247136113485112e-01,5.352613587233162606e-01,7.840035444624509076e-01,2.649397317971623478e-01,7.798060068650437548e-01,6.842364913810211613e-01,8.420950781753916425e-01,4.588575403054287460e-01,9.864074164471009487e-01,6.658251551063404383e-01,3.686232847734722817e-01,3.398984957667158247e-01,5.140966083336121484e-01,7.399920678984842626e-01,8.515279133835753633e-01,6.137782687001227533e-01,4.954971455164671190e-01,2.972820985605632016e-01,8.628765995660884203e-01,2.175243746720540716e-01,7.206475329863917256e-01,9.094519874770071732e-01,7.259919178255781480e-01,7.662689495793254535e-01,1.295152065413038844e-01,3.248553701621766376e-01,4.141951871362945514e-01,5.475496848407929162e-01,4.585360975038353382e-01,3.831187573478673225e-01,3.942156749167297081e-01,2.101336923653119859e-01,8.158817978958442518e-01,6.140710498075375723e-01,7.440529485546347743e-01,4.935370397397462194e-01
8.955442197355318878e-01,9.037733983739351107e-01,6.697583043211087217e-01,6.731353549034526651e-01,9.345987667852353464e-01,8.337240703128635522e-01,1.884301657904808580e-01,7.022864632918620620e-01,5.048415893518178876e-01,8.824943153027474674e-01,0.000000000000000000e+00,3.094660204636570655e-01,7.924761427748802101e-01,8.572932364592125154e-01,3.371508814352448535e-01,8.700404228926008621e-01,6.538594039802212432e-01,8.349039888455589420e-01,2.787313271010186666e-01,6.473412480549612935e-01,9.838647299293310500e-01,6.674034658767349359e-01,4.810141633082720691e-01,5.449035659281211696e-01,4.064541139485004506e-01,1.823111641535442307e-01,7.541599481561750418e-01,6.217457618065789227e-01,-5.561513080860797098e-02,3.859283830887835220e-01,2.592564007332571752e-01,5.590606909035518157e-01,7.833062111533597438e-01,6.042951693393330270e-01,3.693386943582405157e-01,5.001645226556250545e-01,3.365111365836719326e-01,2.385064262581472472e-01,4.148792226238411374e-01,9.789737080109930378e-01,4.642496484757048791e-01,7.335988113093034890e-01,7.924658914835200907e-01,4.125848163233169497e-01,7.507355777687904075e-01,7.861633143574613403e-01,7.561396688547006306e-01,9.799284084617313484e-01,2.893084421749447799e-01,8.039987548697211661e-01,7.051495043317704825e-01,9.935937100676737188e-01,6.415706204981307392e-01,7.019210036681580167e-01,5.231884529898447322e-01,8.395951911352792507e-01,6.708654369985060928e-01,5.794711333263028452e-01,7.481827210832843189e-01,2.775243423901800899e-01,5.779773421715491688e-01,6.179986486432487158e-01,2.554849015777899690e-01,4.083793352829922507e-01,7.931644411850042875e-01,5.872374136454679983e-01,5.473811007181089705e-01,8.546870509074200317e-01,3.911070613869860324e-01,3.360150122576279763e-01,7.373835845603315953e-01,7.908152493880862277e-01,2.913884914096342982e-01,4.550684398341462433e-01,4.749840745418161259e-01,5.146781377727758233e-01,6.048254435488508163e-01,2.419269129686763553e-01,5.641250230679336619e-01,4.934142822706901743e-01,6.323224899700020663e-01,7.068120453344379772e-01,9.774644016263668300e-01,3.224650226160563626e-01,8.183965140149845885e-01
4.316549832991097846e-01,7.696225415379959189e-01,4.928822392465490587e-01,2.245821528223840846e-01,9.598907985002494980e-01,4.434878358664294251e-01,7.486377840307334441e-01,6.980341591632247544e-01,9.598486054321919703e-01,9.532765552830148037e-01,3.094660204636570655e-01,0.000000000000000000e+00,7.818469577808246918e-01,8.353447114392917872e-01,7.127504723365152284e-01,4.055829468234507518e-01,9.340799228148016775e-01,8.220099651873618019e-01,4.402794127442946626e-01,2.016484594056380253e-01,7.073271606169005965e-01,5.588297845069498671e-01,1.378550820539460597e-01,6.350321520909538719e-01,4.831651556807115555e-01,4.339750123181015939e-01,7.104362108988768743e-01,4.150743675207421157e-01,6.507400266910459141e-01,6.033088340862591270e-02,4.771288123766107558e-01,9.223633802660187175e-01,7.487598146478442462e-01,8.643923481482481685e-01,4.133665429831197002e-01,4.094025366014802242e-02,5.123885009937680923e-01,6.973067701891723091e-01,7.798264556254932423e-01,8.556897568871630888e-01,5.438444038353296150e-01,8.426981836771703094e-01,9.718971796618804948e-01,8.592924674066628743e-01,8.156403820631047408e-01,8.251214802444997165e-01,9.444314175398786926e-01,7.859061324467492282e-01,4.857322222087210317e-01,1.759014648881992438e-01,6.159690957438308523e-01,4.983556529795399315e-01,8.421503771285220319e-01,6.458060421741721457e-01,7.558824681514482169e-01,9.915269826882131543e-01,5.395547506080606848e-01,9.665519467071357340e-01,5.717385716322157529e-01,4.035474182124970111e-01,6.960829158921442161e-01,5.430318264871889511e-01,4.547378492890008506e-01,9.258468436334786889e-01,7.647650742849183558e-01,9.391068395249579925e-01,6.537399138718109626e-01,8.847738209722981750e-01,6.229381251218972793e-01,5.097444538951262372e-01,5.850744163954499921e-01,9.552782219468751723e-01,2.317369076746962908e-01,2.166452651447640654e-01,5.134565877704813097e-01,2.667169742811077437e-01,7.310136614882797312e-01,2.930327113603359290e-01,2.559568872765398129e-01,4.129485909885876049e-01,8.893015472278038569e-01,9.950237455624126870e-01,1.086861193063215769e-01,7.965337624071258116e-01,3.654248770496593135e-02
7.794392013462527746e-01,5.171979333318822425e-01,9.892150312543562807e-01,6.136944537816819700e-01,5.462086894182986985e-01,4.125548917782829728e-01,7.105169622982862032e-01,4.297764468903291779e-01,9.278982382544719021e-02,5.505587669989822075e-01,7.924761427748802101e-01,7.818469577808246918e-01,0.000000000000000000e+00,3.834866018287995670e-01,8.321254136967546344e-01,4.102911349333265845e-01,3.664724132426369074e-01,7.806908104423326833e-01,5.074829905890552162e-01,3.620239944609286997e-01,6.221022937987672474e-01,4.570639925779175772e-01,8.741043225645850345e-01,8.171790839101170656e-01,3.269371274180139786e-02,9.051408583609503733e-01,4.761756318293337564e-01,5.994144434336012850e-01,2.320585572557356535e-01,-7.683716946403737480e-02,4.935264281582399937e-01,2.754639177752019608e-01,4.280291379983107158e-01,7.426016742434145002e-01,6.698028538965551393e-01,7.419548327339406946e-01,2.857679608405321384e-02,4.229702469008439492e-01,9.811047575587922287e-01,5.128996588219281172e-01,4.517008061341982184e-01,6.827476206496890798e-01,9.223686822587818801e-01,4.119365902405831559e-01,6.146618566660798644e-01,2.003269218625923498e-01,9.168892201412432996e-01,5.009756053461729142e-01,9.813575065776216633e-01,8.994164324029367830e-01,5.774875760867688168e-01,5.964357022365018857e-01,8.513107826440536874e-01,6.775855213365702401e-01,4.480394953167534111e-01,8.134084660860982918e-01,5.784320496597031847e-01,9.205170843995430507e-01,6.065649718095408316e-01,5.007323527276086317e-01,6.739137324483982505e-01,4.431160552852353995e-01,7.304851115176269616e-01,8.426370902694075848e-01,7.873656229958339026e-01,7.376713584035627935e-01,4.671829626833447491e-01,8.999487701098431991e-01,4.543914112759008250e-01,6.328872919012120679e-01,8.374627279831199367e-01,7.424667591444238379e-01,5.742778252231741654e-01,2.777910538242339689e-01,4.270699656513478604e-01,8.166234031894903378e-02,5.151593883604299595e-01,7.294160835359123629e-01,9.018957714619341148e-02,6.537028267793569825e-01,6.556296379143596864e-01,9.987203433941347352e-01,7.105087904427122014e-01,6.624822374146815962e-01,7.959935778965219200e-01
6.634605729139892993e-01,2.956990218922462832e-01,9.042721842609036109e-01,1.494048429582856830e-01,9.074490985077545702e-01,9.097888320186683364e-01,6.819392369806889231e-01,8.067310304046607095e-02,8.718380186200205828e-02,6.178858678571979013e-01,8.572932364592125154e-01,8.353447114392917872e-01,3.834866018287995670e-01,0.000000000000000000e+00,5.340292489758324823e-01,4.805964864503113332e-01,7.323881958315749952e-01,5.624116848634447274e-01,9.367082192203921576e-01,3.902960238019823613e-01,8.926934718553104497e-01,6.435869851965259070e-01,4.734578990889887207e-01,2.819922288546959921e-01,7.916096496084248368e-01,4.351502013770383037e-01,7.517209282512661295e-01,7.218074998345911375e-01,4.174536367748580834e-01,2.522929549832721441e-01,3.263512826470830186e-01,6.228542813361795938e-01,9.587929899499680886e-01,5.317145320267189224e-01,9.639164004992382129e-01,2.122894318761796295e-01,4.063362015278551564e-02,8.541537690949182471e-01,8.489940315024945283e-01,5.497873435510336471e-01,4.879277515513839591e-01,5.234182334724395425e-01,6.877440564758408037e-01,6.359446538096464874e-01,4.429471532281060164e-01,2.180955259618120867e-01,6.736710238006070606e-01,7.058075785829395210e-01,6.119844802540378437e-01,6.781617801174992799e-01,8.128361722607704287e-01,7.657635701664042838e-01,4.349697396400473148e-01,3.375182119969318828e-01,9.028736067473392968e-01,4.695073542708038117e-01,6.090766593806250517e-01,8.178547032547407447e-01,6.284485089370500654e-01,5.514139204085007906e-01,2.391372553300403492e-01,4.259464757254268763e-01,6.267576323225622081e-01,6.221030646032499334e-01,7.500939541638160790e-01,7.690328483124625469e-01,7.231414950885143300e-01,9.902602243805708193e-01,5.506414776034980196e-01,9.322168556075131063e-01,6.913485617830062990e-01,8.500242460718646642e-01,7.671875352596951858e-02,3.165168337894680439e-01,7.605195847700091383e-01,6.791022323036450814e-01,8.582534691746279698e-01,6.980767999943466862e-01,1.626117952508039366e-01,4.258093268028404488e-01,8.635331659712280894e-01,2.279722564836040299e-01,6.571872500996714939e-01,3.171197305059209604e-01,8.754261385016477437e-01
7.106981327703785212e-01,3.073045982391026110e-01,7.280534178173734272e-01,5.623987539953346770e-01,8.571129029384274567e-01,2.512574347146507292e-01,4.391289591479322629e-01,6.876069559389983432e-01,6.076497909715203871e-01,7.993262906763556330e-01,3.371508814352448535e-01,7.127504723365152284e-01,8.321254136967546344e-01,5.340292489758324823e-01,0.000000000000000000e+00,9.187887784867382335e-01,9.763436057698373638e-01,6.369516349585623294e-01,5.949575704440552837e-01,8.722678838579697169e-01,7.059509133800223601e-01,3.788463042389123014e-01,6.620333695971671872e-01,6.976711050089658972e-01,7.157772736820489090e-01,5.974291011843892996e-01,4.363935591050638330e-01,7.393287405195997364e-01,5.794161916497861942e-01,4.548432180468063302e-01,3.473904686921649443e-01,3.473836359785278383e-01,6.894321611109800463e-01,4.188468007864811771e-01,3.771421563944554745e-01,4.473306266924702013e-01,3.535829989535985707e-01,4.273150795697999715e-01,8.742569868833515168e-01,6.676922482183940133e-01,2.570240978833722156e-01,7.544264231095160200e-01,9.106723633700630760e-01,2.047276226804668475e-01,6.357197634573402700e-01,8.564331792411744582e-01,7.261589135717105847e-01,5.569366369292353403e-01,2.967479179694117453e-01,5.262227553648198830e-01,5.919550766929460028e-01,6.241811383952734493e-01,6.383625921348778931e-01,4.569786147268251608e-01,5.711735636374970504e-01,5.676532179500514141e-01,4.643752218949831478e-01,5.382018310691951690e-01,8.183642922880490778e-01,4.754904390635491529e-01,7.492942901629503494e-01,5.281907452419695170e-01,5.750641812527789165e-01,7.461430564868544169e-01,6.113513672182319114e-01,5.843669980282157894e-01,5.562640599599588676e-01,8.832571425617578020e-01,7.343356550477011524e-01,1.313594033483606871e-01,5.515068641800491278e-01,5.576035757329662612e-01,2.994542068582153882e-01,3.341749666850509226e-01,7.253743560148006031e-01,2.846378524454375447e-01,6.515123730180647499e-01,5.280567381941714267e-01,3.565065930109461156e-01,7.423728313895672226e-01,3.971125475339041255e-01,9.259533586986958831e-01,4.067606645668709331e-01,7.237641779656273089e-01,6.382266034172476843e-01
7.881646943755233892e-01,5.357941624415163417e-01,7.346420019978685545e-01,7.532981200591056803e-01,4.770792960112811287e-01,6.928968300100122324e-01,8.734293420708006961e-01,7.109317193521995648e-01,4.329793526452737629e-01,2.326324265223585763e-01,8.700404228926008621e-01,4.055829468234507518e-01,4.102911349333265845e-01,4.805964864503113332e-01,9.187887784867382335e-01,0.000000000000000000e+00,9.052806453983994750e-01,5.890593862968879213e-01,7.757828587086004757e-02,6.030913007154719008e-01,6.810692427656361847e-01,7.273346594984433366e-01,2.071730036940882536e-01,7.394545945103945250e-01,2.357183715699681104e-01,9.774529572230687968e-01,6.032851709011651797e-01,9.785740041264892053e-01,3.997772094253352893e-01,3.692831637954108182e-01,2.188482976430530524e-01,6.056084968401909130e-01,4.915140851776045872e-01,9.161329630423430403e-01,7.871216511587082465e-01,4.223980265093933983e-01,4.072397148429083291e-01,5.397427401637313604e-01,6.143035349866836636e-01,5.593437860129989447e-01,4.287145237134100118e-01,7.913347208108407749e-01,4.605566985460516904e-01,5.189164655684634919e-01,8.622841685792352884e-01,9.670868484216202932e-01,2.243377772649615409e-01,5.200116854317167192e-01,6.907252116839014411e-01,4.871399336370222377e-01,5.013300369336549656e-01,9.312441780382275658e-01,9.024533088857907837e-01,3.270243498043418073e-01,9.262380607414936184e-01,7.382283933689002264e-01,5.643574731893113983e-01,4.859208731683945515e-01,6.136469968525052332e-01,5.937109266039379829e-01,4.718079606428520756e-01,5.719513493009149574e-01,9.736787684713630320e-01,6.610758260441530476e-01,9.068162152383401065e-01,4.047677713868126914e-01,7.520737107409118938e-01,7.742362598673873109e-01,6.648549425521143030e-01,8.920928601913018507e-01,8.187906526455911438e-01,1.875179632893501369e-01,5.333786489514931173e-01,5.928532934503596419e-01,6.466920622850256262e-01,9.108627188208393566e-01,6.830826150399661456e-01,2.817191493521713497e-01,9.629286687705308420e-03,5.308231450243835470e-01,5.334216810143665999e-01,7.471932342105426228e-01,5.028531265352045310e-01,2.477462811048766755e-01,-2.075455364410658254e-01
8.084317450178131192e-01,4.997798151859130233e-01,8.826929504200000665e-01,9.041590086197841547e-01,7.154448317176659300e-01,2.598263547858519762e-01,8.800428628922571939e-01,7.554513994782794395e-01,9.825551884321180873e-01,3.959041037503705507e-01,6.538594039802212432e-01,9.340799228148016775e-01,3.664724132426369074e-01,7.323881958315749952e-01,9.763436057698373638e-01,9.052806453983994750e-01,0.000000000000000000e+00,8.320747917592855591e-01,5.786530001829039982e-01,8.810587782069760898e-01,7.354435911536183479e-01,7.161619489273804984e-01,7.043096274383030542e-01,8.534927567631819256e-01,6.127637251046166300e-01,5.403269698903844231e-01,3.529218479889900673e-01,7.981281493216368927e-01,4.514262327386515672e-01,1.093881162078047488e-03,4.239399924486050852e-01,6.492613372728712751e-01,9.379117959357942125e-01,5.151564886361459372e-01,3.493247088628869124e-01,6.513176259439855675e-01,5.781374962664868056e-01,7.072614673621300252e-01,6.522112605487608850e-01,6.311523240285722425e-01,6.677346683745526423e-01,7.744512271298344963e-01,7.389875307996566223e-01,8.915978817197204309e-01,9.691625559980079352e-01,6.942175376711493540e-01,9.734624376855475214e-01,9.843635547994528112e-01,4.634490320763552385e-01,4.532755246053611353e-01,9.289759495428446812e-01,6.121424609986649834e-01,4.554640073353301566e-01,8.641251297776560980e-01,7.376486658383574202e-01,5.617737492359947682e-01,7.879788451587527165e-01,9.593247165986131808e-01,5.503554757752281423e-01,2.535055419437799440e-01,7.432621042258543698e-01,6.549789945559978399e-01,9.446284554021873170e-01,9.515961889646955552e-01,7.832397019193275689e-01,9.419301028833206857e-01,4.364288826221570106e-01,9.499645601353100544e-01,6.970931502697300663e-01,3.048673212038155445e-01,5.935122412931248537e-01,9.864725678250063634e-01,3.371200843306363520e-02,4.687928852459332663e-01,2.358183854377373934e-01,6.708217354582023395e-01,5.779162086884169769e-01,4.361428725893956027e-01,2.401766454560302633e-01,4.019968433672381769e-01,2.848085562990824160e-01,9.846785958112675985e-01,8.745360250179192718e-01,5.521712661978774861e-01,4.294448953791290408e-02
4.256851962875457529e-01,5.612719657256149963e-01,9.511403381770052734e-01,8.307912693882285593e-01,1.819754530540076687e-01,8.143140339100044534e-01,2.476111701350749428e-01,3.526598416235915967e-01,5.638569059186329113e-01,7.945536198193917654e-01,8.349039888455589420e-01,8.220099651873618019e-01,7.806908104423326833e-01,5.624116848634447274e-01,6.369516349585623294e-01,5.890593862968879213e-01,8.320747917592855591e-01,0.000000000000000000e+00,3.098502982286559515e-01,6.853424893455030142e-01,9.301495354685116457e-01,4.142864078970254771e-01,5.276123788892316258e-01,6.244829020009969867e-01,7.071470674086172137e-01,1.751178092416529886e-01,2.438608197457008409e-01,6.559417900446083971e-01,7.795543426483519944e-01,5.216974626270279303e-02,3.155875793611746527e-01,2.134174728611518690e-01,3.528135178685634088e-01,7.642279396798052904e-01,5.436202937875240782e-01,4.212030119654935206e-02,5.354227283516965752e-01,7.217366356977096276e-01,7.820986120057434876e-01,9.522174453412690642e-01,2.933987244260480298e-01,7.164530405388481737e-01,6.784850184816397789e-01,6.196883896062231889e-01,5.974134459020583598e-01,6.872786740517563553e-01,5.771276608964439614e-01,7.401519971077383797e-01,7.290032359626896774e-01,8.760725399292186300e-01,4.263629420554566618e-01,4.022206820259547899e-01,5.238532698123008480e-01,9.276559345261558009e-01,7.096633890958164992e-01,4.447894684177648439e-01,7.933839745540207655e-01,6.814770529603537685e-01,4.843394973659403413e-01,4.372138640596773818e-01,5.849403582895006393e-01,6.215942931631627255e-01,6.330765671147633444e-01,6.276237579494907681e-01,6.623946179823079206e-01,2.113218659519412179e-01,8.086893585643490923e-01,7.086457904960832277e-01,7.717524710476838523e-01,6.392328240239963932e-01,8.181378437674701187e-01,7.370895879907867210e-01,5.724804823664816356e-01,4.222521933483718848e-01,2.762195108180633407e-01,4.098236044060366567e-01,4.041518680011526587e-01,5.602620145805197183e-01,4.365672725443864866e-01,1.678382385572436131e-01,1.549779866812689699e-01,3.187817028016589616e-01,8.497577476036271005e-01,3.778065367307442690e-01,5.882268088651026322e-02
