0.000000000000000000e+00,9.550586299984129557e-01,8.687065070318719107e-01,4.171140205602737461e-01,7.765467845014459858e-01,2.990835756243055421e-01,3.571305497859382228e-01,6.551933935658937891e-01,6.309719320887425820e-01,5.890186855203565219e-01,7.674678459164223643e-01,8.341874435832039580e-01,4.636395175912746969e-01,8.043729662056099405e-01,9.726366307005075429e-01,3.859766212537006913e-01,4.855521183886439829e-01,2.910703627412045691e-01,5.593521276634597639e-01,6.253294730667383616e-01,3.074467264800526123e-01,4.439333517357405556e-01,7.764369421270417293e-02,5.255057380457778260e-01,6.707279143961379919e-01,3.669220162881259295e-01,9.361334696753084161e-01,8.234034424849163702e-01,4.294016048083966197e-01,4.676115465286053707e-01,5.611079426429956829e-01,7.854926170741566294e-01,6.649804210136558424e-01,6.323914342497467533e-01,9.631031891411011570e-01,3.989201206243021547e-01,1.592618542459849351e-01,9.988872841926804691e-01,7.939933324332001385e-01,3.900324982043121835e-01,5.147957038837468469e-01,9.901688485272066576e-01,7.892706837424501298e-01,3.516744039638137753e-01,7.688570825989652358e-01,7.839860989859567253e-01,7.252796468494797644e-01,6.417716357844593933e-01,6.062295095631443642e-01,7.852795941951488112e-01,7.615896524054337480e-01,8.461061628628185893e-01,8.199760940002175369e-01,5.907451809007135957e-01,2.746387281720257811e-01,7.027281812318380005e-01,9.660887464338194786e-01,4.932486188096295021e-01,7.875458277941174146e-01,3.400181339587814433e-01,6.971581132980917417e-01,7.435368994162658840e-01,7.377576516264963136e-01,2.217609770124753799e-01,7.308177308715185783e-01,9.464136974057613116e-01,6.122378519612899916e-01,8.809851287537245890e-01,7.110984043509336328e-01,3.998792105001840458e-01,5.175439140335791333e-01,7.461820474798781522e-01,7.627768825236040939e-01,1.683654037940801595e-01,7.081109371366542948e-01,7.984552562026314693e-01,7.075750240340160646e-01,5.059777578655104691e-01,-8.273699975833009868e-02,1.959062644730113212e-01,6.645697284249461045e-01,6.645702300416220787e-01,6.531516213326991060e-01,4.204333935390340282e-01,2.980675561717918698e-01
9.550586299984129557e-01,0.000000000000000000e+00,8.967099722615849977e-01,3.922193188075411840e-01,5.905867473909351961e-01,4.963161371086147744e-01,5.777213399363331225e-01,6.942695023650294894e-01,5.400182863525885280e-01,2.659881621801331031e-01,7.825652326545675663e-01,2.823719010635733495e-01,4.498666759889121125e-01,6.586579911448992020e-01,8.251593818424389770e-01,7.637630354071618388e-01,7.065980162671803289e-01,9.244955207069623926e-01,9.917319907381172417e-01,8.961891970917215122e-01,7.480401976565898003e-01,7.824148175816769690e-01,5.055048245752244984e-01,9.685145176964589098e-01,8.651902097875764364e-01,2.890478797381386133e-01,9.505679836669729266e-01,8.090858607469064712e-01,4.447778759358295697e-01,-1.073644303555201657e-01,4.889667526079974347e-01,5.671253851186697746e-03,7.264197295028891332e-01,5.446095469480154438e-01,4.252017374726500543e-01,7.889799378548030262e-01,2.695024483070072030e-01,5.103564596959018207e-01,5.095246480495129182e-01,6.825156867635200353e-01,6.144218697991028488e-01,5.068840309984035120e-01,2.687056508489961137e-01,6.342593537371438162e-01,3.663349287157560141e-01,9.963016326319025229e-01,9.043947653879017556e-01,2.492268855516004411e-01,2.045373348852265738e-01,5.820184302008342137e-01,4.175983899637982222e-01,-7.107716194020763378e-02,8.077747726833320874e-01,4.088989362520525361e-01,6.277746008548786838e-01,6.018795805397979537e-01,2.369224656418810471e-01,7.479178367772225666e-01,5.246389973457576961e-01,1.600827785913874202e-01,5.425633904238148508e-01,6.072560235325357159e-01,4.406654937316881737e-01,2.276575239687275362e-02,2.494462830046524637e-01,1.392692370377106303e-01,7.250396931681524215e-01,4.278042742000091603e-01,8.355976414437465971e-01,6.356312454757970798e-01,4.805666589727956017e-01,7.802703448212806592e-01,5.547892727541381408e-01,2.954086184063536846e-01,5.098053596712874835e-01,8.174410492322780053e-01,7.762546173928819293e-01,6.869866987048124374e-01,3.668805922699572841e-01,9.469790648893122720e-02,2.352780370428621814e-01,7.987726594087000143e-01,6.415661002728085816e-01,8.005530683849650941e-01,3.452665879397892601e-01
8.687065070318719107e-01,8.967099722615849977e-01,0.000000000000000000e+00,7.185212858282459258e-01,7.928552770543602080e-01,9.980845760207812667e-01,7.086382308945738950e-01,5.662111548857976517e-01,4.308615717852047888e-01,6.816295426650521572e-01,8.850366770748134826e-01,5.325556758568036342e-01,6.623963175450531260e-01,8.096534337174103868e-01,9.280390660204678177e-01,6.051995635360173376e-01,8.874304399357432205e-01,7.953713984478907317e-01,8.567878633373000596e-01,3.896205951816842372e-01,8.361079925504710797e-01,6.247441628184405849e-01,8.934578827137393819e-01,7.157008240050299896e-01,8.492194717902246115e-01,3.928967927136787219e-01,2.728035364166470078e-01,6.464844001640164262e-01,7.137212397845638101e-01,2.400628173759297435e-01,1.997848637323001997e-01,5.959834562458865559e-01,7.087669942647879529e-01,5.690180567398513967e-01,8.938337935418139146e-01,1.687950012367946118e-01,3.997291861949215930e-01,9.561721972224506150e-01,6.209926585402614219e-01,6.103805506278668913e-01,5.227306085405259983e-01,2.884451219415256062e-01,8.358561780979416600e-01,8.147769245276403893e-01,9.798859091509695141e-01,6.550492056498897764e-01,7.474924700963417878e-01,7.523499459453625304e-01,7.300639152221736206e-01,4.200277323891400960e-01,7.772629447933051550e-01,4.770837581183223763e-01,8.216619416500104967e-01,6.918080502631633877e-01,4.078706069988738414e-01,6.959823674643621505e-01,2.928649256471939633e-01,9.505793982309108658e-01,6.249619977875155996e-01,4.332622926948377917e-01,2.112240707371410842e-01,8.638773323235776624e-01,7.364711898654389133e-01,4.474149701529125389e-01,-1.338043814511615248e-01,8.036024925813340936e-01,6.880764967699286583e-01,8.851397676369017198e-01,9.695909810481571078e-01,6.469432770983977177e-01,9.128553582323027937e-01,6.970318147918821428e-01,6.416588822678324089e-01,3.382237401985319636e-01,8.656728826805559773e-01,3.494014166007406441e-01,2.658269342697585080e-01,6.473434709578678170e-01,2.198674391937482098e-01,2.930248463548996707e-01,8.301098077785801221e-01,7.333249052938924928e-01,5.845654365997112745e-01,6.728791706200309974e-01,6.825764198252805004e-01
4.171140205602737461e-01,3.922193188075411840e-01,7.185212858282459258e-01,0.000000000000000000e+00,4.132155891698978678e-01,9.850803068517753891e-01,5.581899581187059756e-01,5.290883858296012709e-01,9.293428817062738823e-01,5.571801583053502815e-01,3.728272246777954990e-01,6.694824743170644243e-01,6.602517771497878885e-01,4.986883424719612545e-01,9.267560963802404794e-01,6.279085888238686852e-01,6.176992751536701798e-01,7.950950121898912037e-01,4.318483659667924357e-01,9.812936399535225895e-01,2.585594644499084604e-01,9.629912816717350887e-01,5.968843304426352248e-01,5.463610271785267480e-01,4.439279065329085339e-01,9.967824542469159999e-02,6.143792569105748225e-01,4.894476283210378309e-01,6.768717900498842643e-02,4.641046529433828227e-01,2.788839082676859427e-01,6.959207539793667019e-01,4.355725659495876534e-01,9.891561172671885505e-01,8.379028920908830891e-01,4.908011408206889858e-01,6.860837270053494752e-01,7.019963016202677153e-01,6.282908801644475627e-01,9.083524615659331891e-01,5.749968591130947271e-01,9.575127103722834709e-01,6.124105621400043331e-01,5.845154838798251040e-01,9.097138600551597509e-01,3.512230959832265409e-01,7.601035224364005582e-01,6.289622757040057577e-01,2.447676115263133223e-01,7.795961662068945364e-01,9.703465952367843483e-01,4.942339088161400995e-01,9.788177201629082447e-01,9.696398931067188309e-01,7.063561391827540836e-01,9.216274588807664703e-01,7.386861376519830991e-01,4.151758216667126855e-01,9.856611466304097124e-01,4.723203935956572508e-01,3.824671132034401788e-01,4.772694643446863116e-01,8.316873297960734046e-01,5.643569073336081043e-01,9.290664594052843173e-01,8.110813306364440534e-01,9.640548731861517950e-01,3.426768120480851998e-01,5.169790414345668550e-01,2.385220071730194402e-01,7.896702576886004410e-01,9.034327290160749646e-01,4.435418013023852968e-01,7.481756088875074484e-01,6.403505386182056780e-01,2.455071439702092850e-01,6.656958466959631560e-01,7.266044563669343814e-01,5.763425582368130184e-01,1.636473877127072596e-01,4.585980456369556646e-01,5.836927194957018949e-01,8.821068609894470169e-01,4.744712794674798007e-01,3.158712650243341580e-01
7.765467845014459858e-01,5.905867473909351961e-01,7.928552770543602080e-01,4.132155891698978678e-01,0.000000000000000000e+00,4.439113769006319821e-01,4.112052982669121143e-02,7.019102666062891904e-01,5.493280535226057193e-01,9.886188625262359864e-01,7.515842274985824467e-01,4.330486642719421075e-01,7.922184176595966631e-01,9.200476634970605749e-01,-1.564351989961922651e-01,8.275771496542290162e-01,9.900483654182009596e-01,8.514487385844033973e-01,5.760176190206236502e-01,8.639722957564760497e-01,7.970895216225276636e-01,5.734188438858176529e-01,7.498054895802113151e-01,9.487200506459120275e-01,6.307271149008207844e-01,6.155621501234714854e-01,6.603619048168799521e-01,1.569370777797388650e-01,3.213413780427216704e-01,4.548164088240136960e-01,5.516413981887909879e-01,2.923822717836673801e-01,7.837841860965976126e-01,5.510569493090763382e-01,6.239698622508785819e-01,3.468343248455579286e-01,4.242438082749215855e-01,3.602994768982111240e-01,9.099595204950590155e-01,5.662505526417931367e-01,2.913283745942863989e-01,7.130677417783231054e-01,7.184429870035918819e-01,8.833070634552453448e-01,7.632366555837984956e-01,4.142173485834164670e-01,6.092925597556270167e-01,4.590721152403320349e-01,9.349569680008149586e-01,7.123500459911514815e-01,4.144688574072351583e-01,4.941895393951571402e-01,5.455062256254342712e-01,6.359394326086901250e-01,6.172203635823122481e-01,5.915116483661834179e-01,8.290371089282868589e-01,3.156288115557122076e-01,9.793365596978611531e-01,4.776196224599292828e-01,2.936540360461026289e-01,-1.310242729840576104e-01,6.416595566054089650e-01,6.772577439467963867e-01,8.332390643271689878e-01,6.167836858761458485e-01,2.362763408619439343e-02,9.781074959125548585e-01,6.138131929725219038e-01,9.162242063580144924e-01,6.928981766909825257e-01,4.309870851951725368e-01,2.564975407511328465e-01,3.276002658500281606e-01,3.685167095254052172e-01,6.222869001815757306e-01,3.428407213527299158e-01,3.151935367672469845e-01,4.264092049511186144e-01,-1.274571968504275565e-01,6.822138634293201109e-01,9.438446932248909516e-01,5.174667963544818949e-01,5.947854700380396098e-01,8.032718563131843181e-01
2.990835756243055421e-01,4.963161371086147744e-01,9.980845760207812667e-01,9.850803068517753891e-01,4.439113769006319821e-01,0.000000000000000000e+00,4.608943658650810904e-01,5.817002041419004899e-01,6.567261884166009089e-01,9.268127210885868106e-01,6.763063382982109628e-01,5.747685090960360510e-01,4.165694823872961861e-01,7.038893183657009001e-01,9.552738194069940736e-01,7.435139915825522694e-01,4.199312727898160125e-01,4.777409865864579164e-01,8.430276733811524759e-01,9.583295485948937209e-01,8.293369184537318084e-01,6.209527912218060219e-01,3.542608525566496303e-01,5.405564801931641572e-01,4.374341546841398198e-01,5.735365581419817893e-01,4.220047010674774501e-01,7.402074278894014148e-01,1.404578036602604774e-01,2.277727642311850875e-01,3.386626227667300371e-01,2.356412512417733474e-01,4.755859729262872926e-01,7.034653119106707431e-01,6.726157918144407555e-01,4.011662294835168785e-01,4.836674752858317050e-01,2.066498334354160415e-01,3.160433638385862221e-01,8.303799014634983822e-01,-1.910582287492537945e-01,5.676271457862779313e-01,6.193744246350515459e-01,7.219725729371625489e-01,7.742037182645511439e-01,9.282027370940855171e-01,4.820731277796508341e-01,6.456248077198021296e-01,7.602460555069943116e-01,7.843292222313967832e-01,8.242346104144027130e-01,9.699921604866249547e-01,6.157289189033603449e-01,6.658036808349161451e-01,7.605834972621430268e-01,1.971232021026200487e-01,6.491917453931532744e-01,3.818140706146566643e-01,2.865007469031141119e-01,3.217917302251500633e-01,6.811703619943872967e-01,7.517914905553028104e-01,6.973355091605291101e-01,7.549734162896508671e-01,8.825796098074892848e-01,7.128229959243992386e-01,-9.802265348789196420e-04,5.667949464344066435e-01,2.703454781923564365e-01,6.010385640225409665e-01,9.819755625722610404e-01,7.413586413898102245e-01,6.414657233793302771e-01,4.449337594166544174e-01,5.329309846123750916e-01,7.684045437154818359e-01,5.546771631897657873e-01,6.885951671616484804e-01,3.250435327473054636e-01,7.913732202480745492e-01,4.165961359946985243e-01,6.141837692670957249e-01,8.207042430433643121e-01,7.410003774940974175e-01,6.353563061602920392e-01
3.571305497859382228e-01,5.777213399363331225e-01,7.086382308945738950e-01,5.581899581187059756e-01,4.112052982669121143e-02,4.608943658650810904e-01,0.000000000000000000e+00,9.755703262316771374e-02,5.897062524398886119e-01,1.697111570307782147e-01,7.954477287642889305e-01,7.803576648306870256e-01,3.419900101076779886e-01,4.361246035563913215e-01,6.932178780262521212e-01,4.826047444895670835e-01,6.541281100024345374e-01,7.038237083321006171e-01,5.072879129244205476e-01,9.448339582654863289e-01,8.552626052502458887e-01,2.633509703601807361e-01,3.191644157419517569e-01,9.308685945168211351e-01,5.045206668231140279e-01,6.737245802026946562e-01,2.390544067769269088e-01,2.231019641861620439e-01,5.971666567815841348e-02,2.260107729122206865e-01,2.610503786718677000e-01,5.331152937062779706e-01,3.568147369263856561e-01,7.926204708400728105e-01,3.751046980322413904e-01,7.997177983390582057e-01,5.279977357691697515e-01,1.801896592166081223e-01,7.794570092433925623e-01,4.373142178861761376e-01,3.458318313275469125e-01,5.366962032777625735e-01,6.334577451953070648e-01,5.572413693900285514e-01,5.558720375684346182e-01,2.546062562709481836e-01,5.689905298819908364e-01,7.312590083378017747e-01,-2.461340746173150407e-01,6.183397755627698666e-01,6.102017750372175087e-01,4.721251988807992905e-01,6.850773318883726093e-01,2.562433529431384915e-02,9.521659340349164502e-01,5.150017829168933581e-01,6.952796607744026192e-01,4.430769368303278388e-01,4.497718768627990693e-01,4.474283086351374394e-01,4.467625804852990989e-01,5.195722469552590539e-01,4.823800427380466882e-01,4.108698392622287532e-01,7.847205910854152533e-01,4.806561717270130263e-01,7.108448781041186715e-01,7.415256948749049393e-01,7.644167072846207445e-01,7.046224859119684103e-01,9.632462980120164442e-01,6.934554208854855073e-01,7.521533812605657454e-01,1.666656948618796541e-01,2.123992772130744444e-01,3.693914211942093129e-01,7.098377591791644736e-01,-2.600139023315600761e-03,6.319762369252516221e-01,-4.914420509249828317e-02,4.541309163607016308e-01,9.985612750846291075e-01,4.464144933488564115e-01,-3.606282286759364131e-01,6.701815546406573176e-01
6.551933935658937891e-01,6.942695023650294894e-01,5.662111548857976517e-01,5.290883858296012709e-01,7.019102666062891904e-01,5.817002041419004899e-01,9.755703262316771374e-02,0.000000000000000000e+00,2.822222546815152389e-01,4.151879427741306805e-01,9.181960593567159989e-01,4.243657630604438236e-01,6.904655704998738930e-01,7.810493605676256390e-01,3.288921615388135100e-01,4.213930472735606392e-01,7.288227324834654075e-01,8.176030160582197226e-01,3.247749029389520592e-01,9.530030368987367773e-01,2.223644188913460884e-01,4.697890898341121058e-01,7.106498134199359384e-01,7.416530330074735389e-01,4.063445886858628731e-01,8.705877869545202152e-01,6.098248510553431201e-01,5.843382968350765427e-01,6.340591516817845053e-01,2.277985045747553672e-01,4.668568165440023510e-01,4.083370653503270997e-01,6.507938889461528653e-01,3.246135570288161687e-01,6.481319082265760700e-01,4.791558831955760045e-01,4.505607665079859325e-01,7.256535854940091568e-01,6.939911375775965618e-01,6.958956695355618116e-01,5.058031999043581806e-01,7.031815169916280084e-01,7.901870786505558186e-01,2.318902560197341756e-01,4.602478298171574500e-01,5.995456559095099225e-01,2.596060077912472064e-01,2.837659960401954784e-01,7.437629531683180861e-01,7.878332762355277907e-01,9.196451799369286251e-01,2.280478934786118461e-01,4.671963968945422874e-01,6.597936186918109680e-01,7.799107739381307969e-01,6.291783765937039030e-01,6.905885688095237951e-01,1.871043892348088489e-01,7.020444571418135160e-01,2.744672885962113895e-01,6.704278324752093177e-01,5.623929806022058830e-01,2.402746143025782655e-01,4.751070498689454746e-01,4.098959684835797312e-01,4.214649455104301778e-01,7.839515856703516139e-01,4.613718584868363171e-01,6.855749756989327759e-01,6.329179419277307650e-01,6.223579214957027927e-01,2.568455732030300309e-01,3.781993062781473514e-01,3.217003630912443346e-01,6.250149104004767420e-01,2.365859971179447019e-01,4.849039916767501346e-01,2.896003813771395041e-01,9.631028247504536122e-02,1.172857746802168227e-01,1.458014564631124055e-01,5.371204048176297929e-01,7.085395339845107499e-01,4.760274654799346861e-01,7.868540709685900580e-01
6.309719320887425820e-01,5.400182863525885280e-01,4.308615717852047888e-01,9.293428817062738823e-01,5.493280535226057193e-01,6.567261884166009089e-01,5.897062524398886119e-01,2.822222546815152389e-01,0.000000000000000000e+00,7.950999983101951774e-01,2.259467496479597992e-01,2.956721509795609548e-01,4.196380807503728438e-01,3.126329818621881862e-01,6.536747863629800426e-01,7.966617470478302154e-01,4.551996649708509590e-01,5.764680741176528844e-01,6.766238591323198159e-01,6.291691520703436291e-01,7.246517150296691856e-01,5.901312705685830551e-01,3.522644129441143690e-02,8.232482209898390746e-01,6.101034318525526690e-01,4.781841437306496578e-01,8.121606298637713550e-01,9.837777560341334215e-01,5.069398568511733760e-01,3.823925988890302108e-01,2.478114401187327120e-01,4.847936957232316102e-01,6.870995728417749193e-01,1.929190674966210425e-02,5.716158213018456280e-01,5.182022998697964900e-01,2.602789929410478376e-01,7.931531716685680244e-01,6.195044634182569343e-01,3.786088452637378921e-01,5.244925085684236654e-01,7.335187362440360737e-01,8.564022446851837778e-01,2.954819993152754121e-01,6.903662923900313331e-01,9.674453910127572831e-01,2.936835134210389886e-01,7.216973266913855323e-01,7.086913349007697427e-01,2.450723333253743974e-01,1.438216284888194640e-01,4.502423878743337382e-01,3.153241361015507449e-01,4.100792033846702989e-01,7.923886696640400906e-01,6.627480802444047914e-01,4.694224378990664581e-01,7.168826118732781749e-01,7.377665088883540445e-01,8.733162343894687596e-02,5.642235373592403569e-01,6.975424933025935470e-01,6.603248085867736705e-01,6.153635880195154062e-01,9.607775137662906140e-01,6.196332636087967805e-01,4.347489320732909612e-01,8.475808875503562101e-01,3.744657074203174701e-02,8.256097050087499722e-01,5.391547930460238724e-01,1.280519936251942326e-01,7.520707741140419955e-01,1.720747316969364615e-01,1.353177314921802654e-01,4.172075399633632387e-01,5.018783668596362713e-01,6.344855176453598755e-01,3.905858122990302772e-01,-1.548075677236303571e-01,5.318776652549968009e-01,6.463002640005408583e-01,7.391191634513206710e-01,5.515894243456063162e-01,2.174304433257866209e-01
5.890186855203565219e-01,2.659881621801331031e-01,6.816295426650521572e-01,5.571801583053502815e-01,9.886188625262359864e-01,9.268127210885868106e-01,1.697111570307782147e-01,4.151879427741306805e-01,7.950999983101951774e-01,0.000000000000000000e+00,6.164736779734725225e-01,7.455167180298292173e-01,9.276075435843444961e-01,6.103474605670878850e-01,3.216306323517885701e-01,3.643649110638561006e-01,5.491603919160437108e-01,6.155331647155141139e-01,3.815006170265953234e-01,6.579005971309435097e-01,7.784357005961551890e-01,4.158147142110480421e-01,4.914668032731328573e-01,9.223879972728831200e-01,7.430589450627154147e-01,6.363783285809302415e-01,4.185918328543626332e-01,7.624514831214013189e-01,1.555399806261469897e-01,6.237966946882798069e-01,4.674767510559788564e-01,3.437053283437827567e-01,6.057045487590351218e-01,-1.875741173033683151e-01,5.688414105483974303e-01,3.311742608601587756e-01,2.109193705807510810e-01,6.897223941946011294e-01,4.439180467983614431e-01,7.213544367378399436e-01,3.125554420896673458e-01,8.101520278281452159e-01,7.284543458235128721e-01,2.623299283078295852e-01,2.226561179714043326e-01,4.758586297511070429e-01,9.633480774125759982e-01,6.309863098428812878e-01,6.061260884448696484e-02,4.793845204684391570e-01,6.409808250306969768e-01,5.488791332991829197e-01,7.189773888512250855e-01,3.049670800569965756e-01,6.287541766133034615e-01,2.234968832618817458e-01,5.752941199097263425e-01,5.098731761492482084e-01,8.235674078054868730e-01,7.179704255058049212e-01,3.654106942813399872e-01,-6.324195746745700508e-02,2.585639110811047137e-01,6.124282331117572031e-01,4.724333284550552015e-01,5.353046039164779391e-01,7.323065553951221274e-01,7.019262339010334806e-01,2.572409264850268329e-01,6.454113238087582083e-01,7.532309812679094385e-01,6.780680882307239532e-01,3.230199381900236699e-01,5.483742899373773572e-01,2.186314017881150207e-01,3.918428229893284875e-01,6.998334906306499237e-01,3.411398088601862444e-01,7.284289515035340112e-02,5.477677361764657915e-01,5.372217198978709307e-01,9.805726835411248121e-01,8.751941298249299450e-01,6.525863191501211080e-01,5.703466729393051882e-01
7.674678459164223643e-01,7.825652326545675663e-01,8.850366770748134826e-01,3.728272246777954990e-01,7.515842274985824467e-01,6.763063382982109628e-01,7.954477287642889305e-01,9.181960593567159989e-01,2.259467496479597992e-01,6.164736779734725225e-01,0.000000000000000000e+00,4.659184302654353349e-01,7.454145460588877947e-01,8.824275596525307241e-01,1.065825363049194840e-01,6.982792734139179336e-01,8.009748256847025738e-01,7.022862163712285666e-01,6.428209060235478001e-01,5.566341461592964057e-01,5.393360738459533898e-01,6.496425113843942167e-01,9.577998889483816392e-01,8.666105918045022838e-01,7.605357781340134071e-01,7.349518007806707942e-01,6.190531694930219153e-01,5.554944326085042849e-01,6.550627352614791787e-01,7.719323337076079428e-01,9.707630317022526711e-02,6.003415833293425097e-01,2.135096603147247918e-01,6.301533898337497996e-01,6.034908344180887063e-01,2.820870877428893753e-01,9.667829149432489999e-02,4.738132195317334427e-01,9.436621725946541250e-01,7.424692844658574709e-01,7.510351726854398446e-01,2.778272974302806175e-01,7.615548580192115224e-01,3.237677549377033226e-01,7.955104092815086236e-01,7.043794827284275417e-01,3.630664433751757958e-01,7.070885560473453291e-01,5.642679845082343437e-01,7.283786395330857921e-01,-1.429951288883884453e-01,7.840991860733345087e-01,6.035125568680745900e-01,6.206728416262519143e-01,3.549718364108155888e-01,7.573005842498894413e-01,7.680148474377316292e-01,5.116194854296731709e-01,5.139498925323471301e-01,7.145557833060008912e-01,3.456729598872991804e-01,4.471167372008383323e-01,6.997799905905188744e-01,5.427189294052324753e-01,9.338250763378245223e-01,-1.894935262711771318e-01,7.760457504637058301e-01,6.479101483488755031e-01,7.497883099274040841e-01,7.715965854721101858e-01,9.259410630126447828e-01,4.652326313279073200e-01,5.962613153033433644e-01,5.770585413870876756e-01,3.078452282141801999e-01,9.255596164546364690e-01,6.570474537794764869e-01,6.113415149355921896e-01,2.296335962439013945e-01,3.402496854598975329e-01,5.122829227107709160e-01,6.532326700932818975e-01,8.008513241434667140e-01,2.976366198806850161e-01,2.432835640225530227e-01
8.341874435832039580e-01,2.823719010635733495e-01,5.325556758568036342e-01,6.694824743170644243e-01,4.330486642719421075e-01,5.747685090960360510e-01,7.803576648306870256e-01,4.243657630604438236e-01,2.956721509795609548e-01,7.455167180298292173e-01,4.659184302654353349e-01,0.000000000000000000e+00,6.502666565806893839e-01,7.831649258342554543e-01,6.760086405021272782e-01,6.998687653318159674e-01,9.733226770103350356e-01,7.369010701655314133e-01,9.753752924628413812e-01,7.188459180498645296e-01,7.204922137984830499e-01,5.328015393966137880e-01,7.188663643991726193e-01,5.075738583519056046e-01,5.702099845291450642e-01,4.766055670497857388e-01,4.627974324937516593e-01,5.397538581508929401e-01,-1.030388623712952811e-01,7.010256502428402481e-01,3.692053941938981398e-01,7.363359404834428634e-01,6.988027533395518853e-01,6.930273669454751762e-01,8.978895766844627868e-01,3.587157267399794236e-01,1.469342231564951529e-01,4.052212649064015904e-01,8.708002273590179643e-01,5.419636038961970215e-01,-4.831879289001070332e-02,5.844025018369400915e-01,7.590384206365243802e-01,2.378122232578485928e-01,4.179600093396533822e-01,6.613391184897950970e-01,8.142455941990606183e-01,8.879331372782148790e-01,7.047175881687660626e-01,1.304798532796090926e-01,6.174576940418170512e-01,5.068232638057300621e-01,9.472027886795552076e-01,8.776248197462928058e-01,2.734448946662662236e-02,8.091590600033310432e-01,7.560186377697495352e-01,5.840915873553707144e-02,7.481729348413230785e-01,3.501329825230075077e-01,7.283169543750884767e-01,4.135022205693957287e-01,1.323974092350624077e-01,6.080290024220572631e-01,6.606892433503810391e-01,4.692973100978644618e-01,6.244280928032993616e-01,3.312670362093836918e-01,4.543563169008597025e-01,6.561304884834420204e-01,9.825354157249250875e-01,7.123934527428186225e-01,1.791314249929203684e-01,2.010399143708718472e-01,7.410167438236917037e-02,9.358515470046928630e-01,7.659612699497796440e-01,8.083826677676619887e-01,2.008700074855371553e-01,1.405638187919333315e-01,7.532659134081169938e-01,7.630092936788459568e-01,5.085392055534739830e-01,1.625537507099518442e-01,5.395301506537338865e-01
4.636395175912746969e-01,4.498666759889121125e-01,6.623963175450531260e-01,6.602517771497878885e-01,7.922184176595966631e-01,4.165694823872961861e-01,3.419900101076779886e-01,6.904655704998738930e-01,4.196380807503728438e-01,9.276075435843444961e-01,7.454145460588877947e-01,6.502666565806893839e-01,0.000000000000000000e+00,9.622798348684983294e-01,6.139766375976467572e-01,6.552104041026257653e-01,8.897071460420507005e-01,9.701223421009984582e-01,9.956109701719710880e-01,8.807671691870538888e-01,7.786069752920242726e-01,9.666982413470188717e-01,7.298586621102576277e-01,3.928979687781986030e-01,4.921294850800101983e-01,7.734019089457424556e-01,3.255444699107002959e-01,7.139832912692412048e-01,4.419831139112790352e-01,6.419645781348085056e-02,3.779827940201100356e-01,4.650218172454279597e-01,6.029078098576131639e-01,8.673410597068321737e-01,6.643037066753150199e-01,7.374994129183878311e-01,7.785731103177460088e-01,7.941943263867697889e-01,6.106464602073179426e-01,6.707301964125684801e-01,3.108251816948691126e-01,6.629460525389259118e-01,6.186732320158550014e-01,8.100934011527177736e-01,7.424155189845128566e-01,7.747681969667484791e-01,8.652934246376148275e-01,7.326562057125334260e-01,3.949484516267249834e-01,8.106749057986422091e-01,5.743042133804808769e-01,7.952228825146692159e-01,7.398697948663351953e-01,4.652596262234552360e-01,9.599792456753321046e-01,5.688315627226403493e-01,2.823947527643590472e-01,9.932577243711279147e-01,4.503776865836778831e-01,5.634185106742021221e-01,7.522101436230214100e-01,9.343141247080498646e-01,1.352920741766135415e-01,9.091914167707564332e-01,7.212695089537470849e-01,9.845953984147439719e-01,5.811747372042695980e-01,9.382790199417313515e-01,4.832537334618632885e-01,7.350011195038359535e-01,7.321409111513068613e-01,9.788578738298713278e-01,5.454838240114449066e-01,2.232128599669085459e-02,7.192732746829995083e-01,8.345681418679166130e-01,8.756335220887392357e-01,5.607567104088024834e-01,6.823946941140291989e-01,2.790884298885722981e-01,4.730149767523994520e-01,4.617654870102162468e-01,9.669187373690307785e-01,5.334117133746896222e-01,7.735166448149766172e-01
8.043729662056099405e-01,6.586579911448992020e-01,8.096534337174103868e-01,4.986883424719612545e-01,9.200476634970605749e-01,7.038893183657009001e-01,4.361246035563913215e-01,7.810493605676256390e-01,3.126329818621881862e-01,6.103474605670878850e-01,8.824275596525307241e-01,7.831649258342554543e-01,9.622798348684983294e-01,0.000000000000000000e+00,7.600955292143845021e-01,1.989308535590836868e-01,8.070326866380903574e-01,2.202898614547052769e-01,8.594934237125531062e-01,7.908578265389460960e-01,9.579781032903134097e-02,4.116638666606292629e-01,4.434150594550487767e-01,6.637018635870123306e-01,2.588146631591494717e-01,6.149069669138838012e-01,7.145083266522359589e-01,5.289125955097115916e-01,5.691566968403096727e-01,3.100996448462002286e-01,3.884180759360372770e-01,2.443820586326599931e-01,6.290358581574896357e-01,3.723282115804190662e-01,8.250101787115212693e-01,7.880439724034882243e-01,3.715105599434714856e-01,4.309555508078794506e-01,7.151769076654258539e-01,7.815047523913197791e-01,6.208969689289142169e-01,5.777680161485173604e-01,9.811419679428508012e-01,3.494492865516296010e-01,7.066278369473829590e-01,6.501903114669473904e-01,6.038592695235566188e-01,6.622370780792423695e-01,5.059480836749176147e-01,2.306924628135448296e-01,1.759932727588176260e-01,4.342565026513502957e-01,4.005781310860738742e-01,7.472462545588096638e-01,5.182570581888106265e-01,6.050756811174899941e-01,7.447167657272810715e-01,8.526768884962263595e-01,4.435979892516220269e-01,7.573355769099845425e-01,3.887518243755125891e-01,5.346211811012361315e-01,9.007579599616520882e-01,3.177707148214757304e-01,8.601069899121789319e-01,1.209791516995315092e-01,6.120874398811568806e-01,4.357655905902864668e-01,9.886701755375129075e-01,9.199818884953383513e-01,7.298105466422230014e-01,4.674585123496189931e-01,4.357774117912946998e-01,6.005932055982329265e-01,4.657450902403874604e-01,6.814980888739627929e-01,9.375552414419721092e-01,6.315904668890202078e-01,-6.031288771690515582e-02,1.759370822073798024e-01,9.969361889602983418e-01,8.092752106175173932e-01,8.434096948365762403e-01,9.920855070090622840e-02,7.595080924528163635e-01
9.726366307005075429e-01,8.251593818424389770e-01,9.280390660204678177e-01,9.267560963802404794e-01,-1.564351989961922651e-01,9.552738194069940736e-01,6.932178780262521212e-01,3.288921615388135100e-01,6.536747863629800426e-01,3.216306323517885701e-01,1.065825363049194840e-01,6.760086405021272782e-01,6.139766375976467572e-01,7.600955292143845021e-01,0.000000000000000000e+00,6.733628071123680670e-01,3.651859573189736863e-01,2.013425775551052621e-01,3.607996364383414534e-01,3.614288280237665241e-01,3.860527487600692309e-01,9.668354639547660501e-01,5.481387573644890265e-01,3.470075076500639399e-01,7.383505717740492802e-01,4.581871730309431956e-01,5.376380144155886720e-01,5.674254991545742977e-01,7.702069695786968317e-01,4.575483180299609876e-01,1.428461487014720810e-01,4.175038007794281691e-01,4.970008309771297705e-01,5.957845103925263341e-01,3.941489572145138731e-01,3.441259198096796590e-01,2.825808627988304553e-02,6.848756979786728705e-01,8.739489944568360480e-01,-8.570520746514626031e-03,1.030328941747401805e-01,5.213838881487646848e-01,5.539120901214557025e-01,6.714131292223864955e-01,9.518106956369917215e-01,8.319821666122794168e-01,3.874450027172249289e-01,5.346975380666983968e-01,7.915597656491220047e-01,6.827400849956651863e-01,4.277781081037201338e-01,6.043373007313753709e-01,7.145795973375064225e-01,6.915525998618353709e-01,7.411265778018023831e-02,3.761718251910530775e-01,9.727030004362789972e-01,7.604451429424677888e-01,6.234115122028739409e-01,7.728052829652617417e-01,7.467142702181192027e-01,4.096151393513598471e-01,6.143673374631997142e-01,6.916466070961367896e-01,8.693114404198055700e-01,3.118231950154544130e-01,3.568701764626077688e-01,6.776900448591838266e-01,4.481665533627344211e-01,9.962119746318753855e-01,3.179661906242963187e-01,7.360916438779063764e-01,5.996314546557717229e-01,4.145370783357572031e-01,6.053727385339644496e-01,7.915635423276550231e-01,7.116292140432778357e-01,7.008526548829693281e-01,2.666376707934976498e-01,1.807261077753690159e-01,7.359016232037853822e-01,6.257100578543847158e-01,4.517046180207417994e-01,1.250396069943063015e-01,5.681682888879631133e-01
3.859766212537006913e-01,7.637630354071618388e-01,6.051995635360173376e-01,6.279085888238686852e-01,8.275771496542290162e-01,7.435139915825522694e-01,4.826047444895670835e-01,4.213930472735606392e-01,7.966617470478302154e-01,3.643649110638561006e-01,6.982792734139179336e-01,6.998687653318159674e-01,6.552104041026257653e-01,1.989308535590836868e-01,6.733628071123680670e-01,0.000000000000000000e+00,6.741482381929808643e-01,9.613237177482856222e-01,7.864034103439423440e-01,8.181172292485580089e-01,6.645248988079444086e-01,3.380772243058209892e-01,2.040805300801366295e-01,9.770841454545478033e-01,5.135701789125568517e-01,2.585790741162033446e-01,5.612743688172303624e-01,9.270916760538469026e-01,7.100301811689763154e-01,6.202840079164134712e-01,1.815927596226710738e-01,7.602718652136534194e-01,5.350296599986961166e-01,6.040150946876982063e-01,6.024354880457871708e-01,-7.492835159026131620e-02,5.106421777653331606e-01,4.609148099515830155e-01,7.657546164983314307e-01,4.655703012597126600e-01,4.623763060717516193e-01,5.218540890072351779e-01,5.371619682080985836e-01,4.876257029594682213e-01,6.169531388487233814e-01,4.699463422809446178e-01,9.506663697522967915e-01,9.534246726029779184e-01,4.007330618143465500e-02,6.627218780885667515e-01,2.087302748960879473e-01,7.044560132037880340e-01,3.093752971731562607e-01,-2.612043274448111463e-01,9.576982698465734689e-01,7.026535429876613614e-01,2.570458728677565974e-01,8.046960979556104787e-01,4.520127834132748879e-01,2.056432752209297887e-01,3.250378999820469073e-01,6.263483602521598970e-01,4.089428153760626961e-01,6.046066245091743507e-01,6.781151712607412785e-01,2.577311173413244783e-01,5.089627685355632147e-01,8.965777329781362548e-01,5.831985017554527362e-01,7.260507965096258953e-01,7.095384044089271258e-01,2.381921574140981601e-01,4.721068706392487213e-01,5.854864878569554509e-01,3.619431921910245403e-02,1.000613330149346947e-02,6.418724084411241426e-01,3.373598214064563866e-02,2.970240877657291945e-01,3.047619804249053210e-01,7.930307176739724850e-01,7.465034166378817782e-01,4.564770633042621317e-01,2.655475722622948065e-01,6.486579163109904567e-01
4.855521183886439829e-01,7.065980162671803289e-01,8.874304399357432205e-01,6.176992751536701798e-01,9.900483654182009596e-01,4.199312727898160125e-01,6.541281100024345374e-01,7.288227324834654075e-01,4.551996649708509590e-01,5.491603919160437108e-01,8.009748256847025738e-01,9.733226770103350356e-01,8.897071460420507005e-01,8.070326866380903574e-01,3.651859573189736863e-01,6.741482381929808643e-01,0.000000000000000000e+00,8.398348330135225748e-01,5.875515101556983977e-01,4.121566478542892376e-01,9.138753011513189861e-01,7.058524287244934969e-01,6.693091229607708303e-01,7.587650492762163523e-01,6.108369085987471747e-01,6.579513188603333118e-01,6.476910761639487202e-01,6.325307392273585849e-01,2.564475077168667516e-01,1.872047345167945631e-01,4.483589770701330024e-01,7.079180843076088303e-01,9.597812361788837787e-01,8.995839019767467581e-01,9.451988173325635012e-01,3.281199695566709984e-01,2.385258568054727524e-01,6.562825825444373873e-01,9.832952366271283662e-01,6.748791677570209480e-01,3.275413337281006254e-01,4.727913938212559009e-01,5.130158873658775542e-01,6.222905236948901297e-01,6.471549378129788366e-01,8.406945677436611364e-01,7.014984917484897720e-01,7.866934512070319352e-01,2.146127257213564232e-01,3.652913449949288793e-01,6.239880456145674437e-01,1.941918137211609552e-01,9.906206152929519781e-01,2.309208334441862354e-01,5.450310006879773850e-01,9.150955336022090769e-01,7.106715226902576843e-01,6.319474964734466127e-01,9.745726305435400416e-01,4.764460448564317163e-01,5.976826125114261812e-01,4.743438476769175072e-01,4.387437271107891834e-01,8.149222881247234485e-01,9.729022719486104531e-01,6.580718857995274673e-01,5.686403991622697163e-01,6.580920637962333064e-01,1.840900320784885913e-01,6.050621798827401365e-01,5.583619216834611043e-01,4.661317062144849088e-01,3.501377881196960917e-01,-1.494706882843901963e-01,5.847206747992874654e-01,7.966767167849954090e-01,5.368767010025099484e-01,7.981819298782830696e-01,1.917406425058100772e-01,2.874051577816151282e-01,6.367369215222177248e-01,7.324631226909518178e-01,6.357990473744133952e-01,5.507654405159272404e-01,3.402259710201999132e-01
2.910703627412045691e-01,9.244955207069623926e-01,7.953713984478907317e-01,7.950950121898912037e-01,8.514487385844033973e-01,4.777409865864579164e-01,7.038237083321006171e-01,8.176030160582197226e-01,5.764680741176528844e-01,6.155331647155141139e-01,7.022862163712285666e-01,7.369010701655314133e-01,9.701223421009984582e-01,2.202898614547052769e-01,2.013425775551052621e-01,9.613237177482856222e-01,8.398348330135225748e-01,0.000000000000000000e+00,4.939899136679305469e-01,7.283512868916337535e-01,9.740755400113254581e-01,4.312421998777922760e-01,5.575983368390043937e-01,6.043780731300361087e-01,6.280401809577486061e-01,2.130456208200721679e-01,7.700363272174730600e-01,5.036362131761781269e-01,2.127246687935749059e-01,7.001838895078865699e-01,5.913846092853290992e-01,5.913452703061419236e-01,6.551613096370606515e-01,2.215370431138743643e-02,7.743417602602475913e-01,4.198120049780768026e-01,2.271133968365038058e-01,4.982707836983110705e-01,7.165552917483570816e-01,7.481327268662006924e-01,6.188396518673415780e-01,8.147124634059420556e-01,9.583956103466590992e-01,7.497199900426709807e-01,7.217751840756061465e-01,7.923380037692422384e-01,6.451714008934139599e-01,4.790233647776829806e-01,2.630203466588693084e-01,3.132314198530259941e-01,4.429305163326460182e-01,5.493748930496200611e-01,5.755670966450228132e-01,2.482438229139003472e-01,7.214267007141024202e-01,7.629160992474138814e-01,7.197149014501733610e-01,8.090849312299221996e-01,2.135381078376383523e-01,5.111502783252372950e-01,1.528524029597869427e-01,4.379721557635594120e-01,9.881322723124656981e-01,5.821304722708904311e-01,6.293626874154994999e-01,6.193776159595617559e-01,5.541632112788481557e-01,9.028262173640271282e-01,7.985842576733200859e-01,1.547789504661888915e-01,7.637264765359511598e-01,4.428617852167959779e-01,5.487133992265260662e-01,4.207682567634108972e-01,4.444633424039931557e-01,3.599918736410512299e-01,9.744660174493923188e-01,2.081287165251193561e-01,1.524012692884915421e-01,5.162273009721845413e-02,4.766409712141449484e-01,9.681754345039181864e-01,2.502844946153948702e-01,5.748321523664878807e-01,8.678184007112750564e-02
