0.000000000000000000e+00,8.930044674129289373e-01,9.765720838043479013e-01,7.136810676591447411e-01,9.642524800216645264e-01,6.342378176604159812e-01,4.702643956981189532e-01,9.821254788537761016e-01,7.737697007533692606e-01,9.570227168872982304e-01,2.131528715071319691e-01,2.664368520873081625e-01,7.607545514895550642e-01,5.460909244730844936e-01,8.803980853521330419e-01,9.368993453640261926e-01,7.425653920065502511e-01,5.927960662434739181e-01,6.101741187151147328e-01,7.114903718041987180e-01,4.187304620940014432e-01,9.576232464899423480e-01,7.995700583454080634e-01,4.153310622700652766e-01,7.901897382421358973e-01,9.419219090919696002e-01,4.279674265747643869e-01,8.585978274641209440e-01,3.252914754489911742e-01,3.782514417045733657e-01,4.771242534783444733e-01,9.860134236141235853e-01,7.545415205646484047e-01,6.760613642146494628e-01,4.290645038327640659e-01,3.888633118718703430e-01,4.201209416638151395e-01,9.911134302436176435e-01,5.176567312088440342e-01,6.554254827533062544e-01,4.921688933219399709e-01,7.044772150528145760e-01,6.632813931515391115e-01,6.994904152239407313e-01,9.324093516237916823e-01,2.962483476709778518e-01,8.099776807243652677e-01,3.926065069948566633e-01,5.064162112547373473e-01,9.079610928445699392e-01,8.979326674420158305e-01,9.309445554755988450e-01,7.568347038955562933e-01,9.525658003643598937e-01,8.249318591831774627e-01,6.934310281067116444e-01,9.792300052879384653e-01,8.769618469209126133e-01,8.620515231229699538e-01,7.434471423024606729e-01,4.827491809972278003e-01,9.472401342142504621e-01,4.434847399270686608e-01,6.226958592114879565e-01,8.786572962728979030e-01,6.990587496715150451e-01,7.338896355383746073e-01,4.658292053324854520e-01,8.704833706372805402e-01,5.272080439359556614e-01,6.112614993462373025e-01,9.606882402860331682e-01,4.945772343130815374e-01,3.596712682383611526e-01,7.990446301658593597e-01,4.465368768989831372e-01,9.337198158493209554e-01,6.028498715842499633e-01,2.704754797464396510e-01,3.483506007988712572e-01,9.091732795035832870e-01,8.456019507558851789e-01,8.127809196445561213e-01,4.569468701419640566e-01,3.425137389320399017e-01
8.930044674129289373e-01,0.000000000000000000e+00,7.911012461827453546e-01,2.413206665239079340e-01,9.945223864983441242e-01,8.987087801500216466e-01,6.130922499448352436e-01,5.344483328955756951e-01,4.607130030653308617e-01,7.110251095817210487e-01,9.421574826803416070e-01,6.047155358725488927e-01,9.702162355077377232e-01,5.629015643362399457e-01,7.171466437499066648e-01,7.733762761327247492e-01,8.256707515557257793e-01,6.615299602363762244e-01,8.533406737610882420e-01,2.722525805923832753e-01,8.989084529672692891e-01,5.080217904904602566e-01,7.259871793660781503e-01,4.243080634657945827e-01,7.522986162250804298e-01,4.993537401418585153e-01,5.054640848978863010e-01,4.694684740643736975e-01,6.508245886012684611e-01,7.247407810257284755e-01,4.796044939605791924e-01,5.919913467832997878e-01,7.354968418829432864e-01,9.678925391173067716e-01,7.206356810622427389e-01,3.043838381236255164e-01,1.715548641734546687e-01,8.980413129967474983e-01,1.419784629938757869e-01,7.833091861200112138e-01,5.926351480932985361e-01,-6.968666653841351644e-02,4.365296913784345034e-01,5.243043561056254243e-01,4.379102242831572900e-01,7.467513046022969392e-02,2.369486843874334947e-01,9.095063051326257586e-01,4.160966577915682363e-01,7.734222352402313483e-01,7.548222116436149598e-01,2.001891869780481614e-01,9.356128358787701993e-01,9.525183130456743585e-01,7.649465195904792125e-01,9.611128534001631696e-01,6.702717831912301527e-01,7.728166610601303610e-01,4.862700498643014457e-01,4.801663441950680400e-01,4.486129643874567363e-01,7.978039659033986375e-01,5.696375624106318064e-02,6.440546668649149709e-01,8.956705898130102872e-01,7.285998980757851795e-01,7.811513230181571510e-01,8.112595536190618795e-01,5.328972838853706095e-01,4.261557153564634048e-01,5.175848566022405173e-01,6.898638176531816102e-01,6.168555261494425013e-01,2.150379407089941242e-01,5.469666088377200808e-01,4.312763541214361673e-01,4.906737841347084683e-01,4.933409616151475663e-01,2.352245059992087994e-01,5.539293937469892404e-01,5.476739672561168337e-01,8.131082296839289292e-01,7.509964563154016837e-01,3.781509218900807046e-01,4.008853907411467632e-01
9.765720838043479013e-01,7.911012461827453546e-01,0.000000000000000000e+00,6.727599120654011999e-01,9.677196406711670029e-01,4.083802083831538088e-01,4.467641683494447125e-01,8.092203474174983757e-01,6.423323102657556571e-01,7.184987370490332204e-01,9.519100060881696690e-01,2.284339973434575399e-01,8.315639553428784136e-01,4.644573541486692880e-01,7.515625673636423532e-01,9.748223629489497499e-01,4.023552312636483608e-01,7.811631249824203538e-01,9.052899636433178188e-01,8.741232983819876567e-01,2.807887049026680515e-01,5.210757844766195079e-01,9.605653187105889224e-01,4.057565268847596052e-01,4.039059764304486211e-01,6.410625198514139367e-01,7.957971268231373019e-01,9.616661042153594741e-01,5.580562784461391423e-01,3.568122512890316012e-01,2.392003358888027953e-01,5.614478519744735552e-01,7.152782618760696876e-01,7.496176690539254617e-01,9.114390197718500453e-01,7.766380938739725348e-01,3.737136761497990289e-02,9.696988221044512413e-01,6.677491160845205886e-01,9.521602294470943306e-01,3.770506151799981609e-01,6.743655518291153950e-01,9.991540671575502852e-01,8.593666916621829355e-01,6.797997960939821116e-01,6.134351920840371841e-01,9.877226231154180303e-01,6.780638898127905323e-01,2.196992563172000257e-01,6.537282879591033158e-01,7.892101902003788583e-01,8.818713052088765769e-01,6.515995054662476749e-01,6.808063881314091459e-01,1.341865569490875432e-01,7.118411727029030356e-01,6.636621335439809588e-01,4.992606451923928268e-01,4.021405412455704154e-01,8.417196180194910227e-01,7.965524501780182343e-01,5.883537410909489562e-01,4.065660858314154580e-01,7.929877026998546352e-01,7.752284600881362842e-01,1.621407322927595762e-01,7.583587296692808621e-01,5.551874551775243249e-01,2.622606307119480507e-01,9.875224318892599218e-01,8.778035510969427468e-01,9.040086115383757503e-01,4.691664894474045777e-01,3.641983416969433174e-01,8.927895502806196815e-01,7.643229789235471694e-01,4.329133477205462932e-01,8.234993730640839393e-01,4.847646233529754323e-01,3.070356559161275256e-01,8.990430755490468329e-01,4.632019931630309006e-01,8.047881269289202111e-01,8.236755187670928846e-01,5.400211041274338708e-01
7.136810676591447411e-01,2.413206665239079340e-01,6.727599120654011999e-01,0.000000000000000000e+00,7.394827936530847801e-01,9.038471657410230842e-01,4.999419253389937867e-01,5.794281630682374118e-01,9.643320069591019283e-01,6.195109938387367565e-01,5.697579393195739694e-01,6.028244033333458596e-01,5.122244720201921675e-01,6.649643332632528825e-01,7.754334717041169167e-01,7.018938282200906098e-01,7.105470326288187977e-01,9.029873201056189957e-01,8.338243820289623631e-01,5.228594641366639539e-01,6.386481781207202779e-01,4.445736759123357640e-01,5.338711286242151521e-01,8.767698823985404788e-01,7.542604670118938648e-01,5.991669408491544502e-01,5.806770558759668521e-01,3.985789997031103926e-01,2.724073829058788476e-01,2.091129470093138765e-01,4.597373484244522690e-02,6.304257348287508611e-01,9.290808803953507500e-01,3.550140952576865128e-01,7.092221584326766637e-01,4.287878520632794066e-01,3.355686737160117755e-02,3.314160078961764788e-01,4.831479751320805205e-01,9.814943269449278862e-01,3.907071819812361069e-01,6.006788539936435134e-01,7.737336578358798844e-01,8.707895185900734747e-01,7.912764082356404938e-01,6.631860278570840261e-01,8.392994329497751593e-01,7.570447431438516173e-01,5.972025587874031372e-01,9.040738272331330094e-01,4.644511437183449498e-01,7.550667254222092062e-01,4.895997825905141210e-01,2.935823383384844609e-01,7.167366178659179132e-01,3.100923155622645755e-01,2.954257841530461004e-02,6.816903302802738152e-01,8.468225433472801322e-01,7.927977243618177239e-01,5.327899270498529516e-01,8.130335971366061676e-01,5.751219616579421601e-01,4.514989430050857511e-01,6.289059712067939234e-01,3.376033226165591761e-01,7.851543173484403226e-01,9.268620359976597056e-01,4.019897363658184730e-01,5.492973854163318848e-01,8.983440349424549609e-01,6.647331337209354540e-01,6.707152465870998004e-01,2.762210257137178160e-01,5.297612974779986050e-01,6.978767933569849369e-01,5.152799064060262779e-01,6.991964271150823418e-01,5.110982875084936206e-01,4.664873723849419229e-01,4.505550018537543000e-01,4.445142117940824589e-01,1.386273452174997256e-01,2.005787322348892843e-01,9.896003007158619136e-01
9.642524800216645264e-01,9.945223864983441242e-01,9.677196406711670029e-01,7.394827936530847801e-01,0.000000000000000000e+00,4.763697273077612815e-01,3.898184238903851240e-01,8.674248648701563535e-01,5.508843629078581383e-01,9.301085738801991853e-01,2.405810996075226638e-01,3.212482100481642844e-01,2.812667710383501829e-01,4.890305524592453712e-01,2.959048593118046577e-01,8.597774228564035726e-01,9.564471635287267182e-01,2.829011989666261884e-01,2.894773483003718617e-01,9.051216225507687785e-01,9.908809071988929906e-01,4.619550780388267386e-01,-6.478627009654872038e-02,7.767436571897666786e-01,4.382534637515105302e-01,6.826270745614393398e-01,6.913281329202209946e-01,6.497642901213364075e-01,3.700814980192640435e-01,4.234534690455882266e-01,1.134188898365496301e-01,3.360493522926847332e-01,5.304248473912054340e-01,6.328229727530115811e-01,7.734090618171933773e-01,4.649594725177139121e-01,2.327500743384682547e-01,3.637971079292441900e-01,4.803158344359458320e-01,6.245832498830292678e-01,4.022476036048199255e-01,6.884931753022860423e-01,8.422310669990138443e-01,8.676267985855594667e-01,8.067332067091886882e-01,5.044085893548738708e-01,4.339001646370014287e-01,7.104395155404145124e-01,5.406660695588811905e-01,4.533717589907336198e-01,4.813453859512661914e-02,7.026114125504027141e-01,6.240941973042833935e-01,6.829301734125171608e-01,6.417045615467498187e-01,4.812426739804860909e-01,7.982253934255565397e-01,6.274153610143008430e-01,3.482855857769511232e-01,5.209531913137197545e-01,6.667617488743434739e-01,4.548412652049941829e-01,2.705538661374676801e-01,7.090764355172093358e-01,8.030532151288789500e-01,7.655827545786152433e-01,6.284320971576505821e-01,8.943958065330083196e-01,6.046427728532998147e-01,6.658979892630516595e-01,7.783809620091892700e-01,4.166935543202476278e-01,4.024264412787148526e-01,2.556246238239672300e-02,6.244080429582508085e-01,6.800489734223499338e-01,4.199154234903347271e-01,3.692029641003484741e-01,5.827365912627312516e-01,7.905744888359458322e-01,6.925114745448514020e-01,8.597801134213786112e-01,6.844567186103882594e-01,7.558656916502088929e-01,7.190287053916797344e-01
6.342378176604159812e-01,8.987087801500216466e-01,4.083802083831538088e-01,9.038471657410230842e-01,4.763697273077612815e-01,0.000000000000000000e+00,7.373792325762230648e-01,4.669447126477553889e-01,4.889380427389627970e-01,4.557337126496667223e-01,8.870673878067283358e-01,2.790212018927048510e-01,5.023145827374105865e-01,8.416504519723297939e-01,5.958661270475311689e-01,6.666464154136833020e-01,8.090575595681571697e-01,3.254788057778687516e-01,5.171778617506852527e-01,3.471605587485198097e-01,5.023643039430074619e-01,4.544332521065939656e-01,4.225141164046923858e-01,9.910081023762162822e-01,2.283754256999625809e-01,7.032694882107730638e-01,9.143083643321217036e-01,3.372045147879396687e-01,5.356434161715366987e-02,4.074517437337223380e-01,4.703023480110777310e-01,5.815650333051261001e-01,9.894618623342137376e-01,5.578324458821696252e-01,7.210128055749274179e-01,7.428421743983548708e-01,7.553024069038289934e-01,5.954110284685200094e-01,7.500786789750003569e-01,8.294184691417237909e-01,5.765150889708187121e-01,4.822971715358699840e-01,7.858874708730633207e-01,7.444761096672202205e-01,8.149377593284723442e-01,3.839432337085612046e-01,4.172034187506595826e-01,7.281427705283945173e-02,7.706417264516347565e-01,7.646609132545651999e-01,2.260502462348789876e-01,4.054928816528853286e-01,9.774375678314485283e-01,9.743435506378066435e-01,9.171999234567113080e-01,5.689845970719038526e-01,1.011477113933607723e-02,4.058959289680419413e-01,9.380894417201323110e-01,6.653429481549086866e-01,5.539340940656704015e-01,4.144357846531968037e-01,6.333626679462543985e-01,4.413105400765022224e-01,8.959724175259378143e-01,5.948197664867874712e-01,5.220046332271751632e-01,7.033184758187930319e-01,7.474172352554049326e-01,7.060540026573866035e-01,6.584697154560310572e-01,3.686512971544894102e-01,4.064721192497942615e-01,5.129589618742762536e-01,3.157318208852266106e-01,8.574753851560747986e-01,3.102775250471239699e-01,2.411443676299782624e-01,2.900336160028147980e-01,-3.386674524118860052e-02,9.694022174435975581e-01,9.258260796186714714e-01,8.289010310925940539e-01,7.490402036749677084e-01,8.780768953319576520e-01
4.702643956981189532e-01,6.130922499448352436e-01,4.467641683494447125e-01,4.999419253389937867e-01,3.898184238903851240e-01,7.373792325762230648e-01,0.000000000000000000e+00,2.541471381920562544e-01,4.342830123100957507e-01,4.656397673443507523e-01,2.867738753877268620e-01,5.723041623837404890e-01,6.173990872078223280e-01,7.173871061993041254e-01,3.183737249381230483e-01,4.016531964065034321e-01,6.440102188994197840e-01,5.392206727834141233e-01,3.419454113802471440e-01,5.444672991965063824e-01,9.594947774625832704e-01,5.924426481907938552e-02,3.394856126988241712e-02,9.950996793057267364e-01,6.062309925616113926e-01,7.238693341125896907e-01,5.080173182742621085e-01,2.518394647468502057e-01,1.585579270242595540e-01,2.419355990776696497e-01,-1.834140474117227915e-01,5.629626413304174293e-02,6.756361297998909610e-01,5.470530074210054883e-01,5.661313745329379366e-01,2.059638443929731610e-01,9.816161466838169147e-03,4.989819364974779625e-01,4.393138007982376747e-01,7.274940758683630104e-01,3.049472537815683393e-01,6.619495297097364173e-01,-7.921914703719425133e-02,1.789874204125942447e-01,7.682689073656634449e-01,6.919499742692204469e-01,5.182892515894412799e-01,2.972623440744485701e-01,2.871898165752000409e-01,3.810033517694757510e-01,4.782497934267413431e-01,6.376564405700141380e-01,3.954557161106309060e-01,4.173852716934249862e-01,6.670485979964664303e-01,2.592151140576692270e-01,2.420399897133382050e-01,4.561050027120315264e-01,9.516047357517906091e-01,3.297709892647800178e-02,5.500075819941165900e-01,4.479940833092865837e-01,5.556877059844910205e-01,9.859583355413730210e-01,6.954688023679248543e-01,5.003842079122874376e-01,2.782652792641601147e-01,7.051428918031787951e-01,7.898516086172302497e-01,3.156143583621360826e-01,3.748347910056442078e-01,3.923743415112839195e-01,5.204684666812861016e-01,7.733014556067835388e-01,5.572000882849585945e-01,6.205793544377001814e-01,6.264905544348010613e-01,9.913837479129909980e-01,4.387667598679620973e-01,4.332182565615810832e-01,5.072262460786772786e-01,9.425501044656656724e-01,5.951822789383477419e-01,4.881266199214485124e-01,2.780353855830080545e-01
9.821254788537761016e-01,5.344483328955756951e-01,8.092203474174983757e-01,5.794281630682374118e-01,8.674248648701563535e-01,4.669447126477553889e-01,2.541471381920562544e-01,0.000000000000000000e+00,5.312245915353821513e-01,3.810080101537880459e-01,2.684018496498318807e-01,6.666417689144878977e-01,9.322910556592358677e-01,8.217539776785633965e-01,5.511502629104981787e-01,2.740470797159715310e-01,4.671549812599722906e-01,5.198227475264214498e-02,5.487058286197008528e-01,6.341219164027931399e-01,9.770432526446314325e-01,6.377456477326765016e-01,6.866964932025697577e-01,4.060392188910478817e-01,3.638629562260715655e-01,4.307417105738022278e-01,2.792573211579266745e-01,5.403440619512005494e-01,2.541034444089396716e-01,2.065866314814550075e-01,3.609759630562774380e-01,6.931840517689196179e-01,5.813905026323687997e-01,5.776234464384293332e-01,5.398459418108195740e-01,3.362317092738210667e-01,5.177314042677543249e-01,6.804065957096920858e-01,9.365963271232939924e-01,4.129165703013951694e-01,2.304068510462853603e-01,7.891505613345338455e-02,2.853460826541870388e-01,3.432700258244192337e-01,7.856951715321824903e-01,3.452092320837836792e-01,7.720185381339462749e-01,5.759458425148242799e-01,7.030255910653407381e-02,4.241522199158219708e-01,6.967350133052560013e-01,7.415746039619526275e-01,2.343636929324278417e-01,5.535419930518017395e-01,6.205064663453165874e-01,3.894993175164499499e-01,4.958380106420094968e-01,2.276828571924731093e-01,6.856106338948173562e-01,2.755784381678292871e-01,2.641707026564508176e-01,5.485605165699325436e-01,3.619219899683105979e-01,8.155647522603948207e-01,7.100182254152793693e-01,7.159885099265487218e-01,6.901428887054305017e-01,6.412655391037948016e-01,7.310809801231876737e-01,4.231515113014444052e-01,1.275418800985908263e-01,6.068556829814838460e-01,3.894060175257890721e-01,5.233824021854518449e-01,9.275333763005754184e-01,5.547728870153738612e-01,1.726284715662849967e-01,6.092228661499126119e-01,4.908497756804324208e-01,4.018784608015002480e-01,4.236706155735020518e-01,9.443085636047059417e-01,5.819213673320522764e-03,5.813290375567915502e-01,2.462688201402155053e-01
7.737697007533692606e-01,4.607130030653308617e-01,6.423323102657556571e-01,9.643320069591019283e-01,5.508843629078581383e-01,4.889380427389627970e-01,4.342830123100957507e-01,5.312245915353821513e-01,0.000000000000000000e+00,6.712164205078635648e-01,6.368256318850105124e-01,5.447892406285194111e-01,3.787835471409649601e-01,4.936456515277853896e-01,7.629251969776404962e-01,9.053019131446584655e-01,5.936041597869519126e-01,5.084774901629787180e-01,5.342019796606037874e-01,8.792620350159052744e-01,7.301666584517734204e-01,5.976215666199828913e-01,9.455306387204642782e-01,6.899440478832148393e-01,4.224726621457567388e-01,3.050438790372315689e-01,1.249153077945376195e-01,6.902685959720222808e-01,5.860827776538718448e-01,2.022155226659008154e-01,3.637947821161330308e-01,5.426305254338326112e-01,2.186337876071286490e-01,6.231126031842609825e-01,5.746158000212977512e-01,1.082303373761461796e-02,6.207432353006555603e-01,6.399038536431826962e-01,6.832133374780126056e-01,7.562660794885343041e-01,2.660266511135824241e-01,6.694078919817130213e-01,2.470922341588031867e-01,6.945808336727461452e-01,6.743911632287116209e-01,6.701978806397160815e-01,4.337352697443551119e-01,6.354195797078675545e-01,2.098667090817165903e-01,4.064675214326080033e-01,5.435898694475668202e-01,6.359872439745916095e-01,7.512483295534863048e-01,3.022445072109471442e-01,4.902205808552504429e-01,8.513003593306418537e-01,2.800178793846503367e-01,5.595987230444841171e-02,7.560015645510963500e-01,4.999217792847914787e-01,5.817263797388384505e-01,4.291091983412674282e-01,3.818036858262120470e-01,6.312867277960659829e-01,7.371036138462863097e-01,7.323914676761091869e-01,6.076356704363554684e-01,6.337055277871845860e-01,2.023963382374496800e-01,3.116686942034954319e-02,4.431042581364198485e-01,5.691799856954754544e-01,3.563403694540036026e-01,4.384441725685331304e-01,4.353504719024663405e-01,5.229772340883014348e-01,7.171401938716397417e-01,4.124611879536161929e-01,3.947818801753530948e-01,2.379409711350259915e-01,8.282896957522811743e-02,4.784620689662461013e-01,7.554083686106146667e-01,2.802804189784211530e-01,4.077181895964018810e-01
9.570227168872982304e-01,7.110251095817210487e-01,7.184987370490332204e-01,6.195109938387367565e-01,9.301085738801991853e-01,4.557337126496667223e-01,4.656397673443507523e-01,3.810080101537880459e-01,6.712164205078635648e-01,0.000000000000000000e+00,7.023430887639681153e-01,2.950026091644903925e-01,3.474195484516339194e-01,3.737375430413278909e-01,6.968839487981001168e-01,5.037557616068992772e-01,8.794338637065496345e-01,5.741129415814562043e-01,5.440028415744034840e-01,8.305808973878808787e-01,5.986682232383446767e-01,2.161633776768272508e-01,4.364961431174593232e-01,9.036128882649364646e-01,2.723102396162876415e-01,8.813358838291869279e-01,4.226597293499796404e-01,7.694801517045080086e-01,2.880140609606722801e-01,6.991865808640507218e-01,2.628631476570310599e-01,5.533584420781497704e-01,7.907683120236619345e-01,8.502099929114883547e-01,7.193681001197943514e-01,2.680597126121220253e-02,5.173758227126686871e-01,5.291984765269058810e-01,2.897615773739284917e-01,4.029375456514307507e-01,7.213826368778275544e-02,6.978818956824366371e-01,9.136701812663868827e-01,7.747242957370166216e-01,7.693007551852404369e-01,8.679149749440329131e-01,5.718143276485163629e-01,6.425125588080616845e-01,2.077441488387136437e-01,3.076917213725138822e-02,5.889337343816576364e-01,-1.803724149123468179e-01,6.547131681577059714e-01,8.369490520105753451e-01,7.446564964033566270e-01,7.714518123096173463e-01,4.883240444277947567e-01,2.266502802660960159e-01,9.505531268046536475e-01,2.047001570981106799e-01,4.456293750446217450e-01,5.758584560971214961e-01,5.283949162440260139e-01,9.301139057042002722e-01,6.617780752280548739e-01,5.429755390359164435e-01,2.739978559542457504e-01,9.217180792744136264e-01,4.513038509655598052e-01,7.597925503339557629e-01,9.686802050071502412e-01,1.040107798447365700e-01,3.718000618405375435e-01,5.709298101356499178e-01,6.336140011392039639e-01,3.077256082440928409e-01,5.944079852748440640e-01,4.143468432605588725e-01,4.149083655480628741e-01,2.312463261130204839e-01,5.175903193974551453e-01,8.546296243822557592e-01,8.185677761965818311e-01,2.030640397383679796e-01,5.756723286718117283e-01
2.131528715071319691e-01,9.421574826803416070e-01,9.519100060881696690e-01,5.697579393195739694e-01,2.405810996075226638e-01,8.870673878067283358e-01,2.867738753877268620e-01,2.684018496498318807e-01,6.368256318850105124e-01,7.023430887639681153e-01,0.000000000000000000e+00,6.300586813696720245e-01,5.340469236370896100e-01,7.945971888601470745e-01,5.954003768857112355e-01,7.841882601381043871e-01,5.595296017820332590e-01,3.680641301597246118e-01,5.672652888787803604e-01,8.148110562652243205e-01,4.343205785726896861e-01,7.145085805803356171e-01,5.126614588110026682e-01,5.220173565362651313e-01,4.479725906797521473e-01,3.566932040171620910e-01,7.044746530529047979e-01,6.847604795969584046e-01,4.722180705636076503e-01,6.726709704999571660e-01,5.723746486016525470e-01,5.890718073100233987e-01,3.769568883969702799e-01,7.208276664213466578e-01,5.057233910264976595e-01,4.332899391597432870e-01,-1.849866495290750368e-01,6.120493129293962387e-01,7.219342798921322135e-01,6.319581639582265709e-01,4.936190393232005313e-02,2.648952641370645456e-01,7.731971210669867922e-01,8.843922070248628753e-01,9.079572848640863336e-01,6.140327295764953508e-01,6.342787066666208950e-01,9.644111417466609826e-01,5.168250000292364810e-01,9.663051360453193128e-01,4.263651562487291713e-01,9.994870072320423127e-01,8.352652118657295510e-01,7.860323760240734980e-01,9.810466227519895055e-01,9.452324534752986063e-01,4.930995313437759320e-01,8.778103421700166054e-02,5.877325394961174787e-01,2.627094563649347014e-01,4.971734765246904608e-01,7.058528553541322248e-01,9.473819400664220680e-01,4.495708767621200974e-01,8.392624447438747914e-01,5.468485986701178136e-01,9.000528983291760099e-01,8.321068920063499075e-01,6.720861205508653624e-01,7.139632606084751476e-01,6.448399331932235246e-01,7.488902933990613242e-01,4.607906699229110670e-01,3.400575712055944333e-01,7.411052550675431005e-01,5.690570675154164038e-01,4.939116308565539848e-01,2.919432934662459234e-01,-1.952728394869732154e-02,2.522845553814530017e-01,-2.538997998267347733e-01,3.437053435388005562e-01,2.054988911601013934e-01,6.339034283670407222e-01,7.530113675389287220e-01
2.664368520873081625e-01,6.047155358725488927e-01,2.284339973434575399e-01,6.028244033333458596e-01,3.212482100481642844e-01,2.790212018927048510e-01,5.723041623837404890e-01,6.666417689144878977e-01,5.447892406285194111e-01,2.950026091644903925e-01,6.300586813696720245e-01,0.000000000000000000e+00,4.788532520436152851e-01,7.484308168175436426e-01,6.070814624917033608e-01,9.572704690137598948e-01,6.781542087454686119e-01,6.724842639883994444e-01,9.329526936861052278e-01,5.707070350252154700e-01,4.988379468366401781e-01,2.225890296885659758e-01,5.947784530696792471e-01,4.299630603731026124e-01,5.144965191778401170e-01,6.062001723261275510e-01,1.126905899736423688e-01,4.323397278272604893e-01,5.144109219225330154e-01,3.440230625238629436e-01,5.695902499872348423e-01,5.290263855918059255e-01,7.361897638592505011e-01,7.165788305409932502e-01,6.178668480490615567e-01,5.427946480412020325e-01,4.993197680648581716e-01,8.821513122307783616e-01,9.812403183493105807e-01,5.561499504897007284e-01,5.529212966292371689e-01,4.461569317661167045e-01,5.840601369987843405e-01,4.380992368798669045e-01,6.897377351885095598e-01,4.807261323751809701e-01,3.699783245595664738e-01,6.655267241239821718e-01,7.675139727217735741e-01,9.796882847165090391e-01,6.341854957214659860e-01,6.359757306217393991e-01,8.536890660051086321e-01,2.365132315008330599e-01,5.041943179024909183e-01,8.484171432871784324e-01,5.594256326590266726e-01,3.914886359006530259e-01,7.147055274608591358e-01,2.757119138571281769e-01,2.747765238178818126e-01,4.862229654881277119e-01,7.084607092471255640e-01,9.475025768848013286e-01,3.696342852158581715e-01,7.221724758867609228e-01,6.249248581100904643e-01,6.326676611941082218e-01,9.348814308660238215e-01,2.947346685512217124e-01,2.634966035423528807e-01,6.261656092515260896e-01,4.047297264048423382e-01,9.538254483206363987e-02,6.838956188861824437e-01,8.517504616408317908e-01,7.362430369419906695e-01,5.419082617461883356e-01,4.977529554331521638e-02,2.990080785771198624e-01,2.311301696352267565e-01,3.316958260561763683e-01,9.791860784880548341e-01,7.378181716170387761e-01,5.532697409919919984e-01
7.607545514895550642e-01,9.702162355077377232e-01,8.315639553428784136e-01,5.122244720201921675e-01,2.812667710383501829e-01,5.023145827374105865e-01,6.173990872078223280e-01,9.322910556592358677e-01,3.787835471409649601e-01,3.474195484516339194e-01,5.340469236370896100e-01,4.788532520436152851e-01,0.000000000000000000e+00,8.994970506134501997e-01,7.214763453687684791e-01,6.059611272297701356e-01,5.517891163290484791e-01,5.088493731089920313e-01,8.964721037874446852e-01,2.643800711121413460e-01,9.840535859034327260e-01,9.924740495850842281e-01,5.363516996672218484e-01,3.377929207400323097e-01,6.417774423416138241e-01,5.408908700416503734e-01,8.681092665119968244e-01,6.686235067559621603e-01,-1.239602721548662828e-01,-3.041406184766445864e-02,2.060697112107482687e-01,5.589421286815641210e-01,7.151261596335070081e-01,6.608398969164226422e-01,4.671338548894757303e-01,2.311840702597822983e-01,6.469252005123082849e-02,3.360342042891669712e-01,4.649152690795406717e-01,4.380677364226203130e-01,5.914290938463053759e-01,7.167801607173571732e-01,9.918948973804340152e-01,3.165528264555099724e-01,6.559558447559720173e-01,6.087364469320256655e-01,7.044482074182796261e-01,6.002027191174903464e-01,7.315496896777413660e-01,5.473153572742627260e-01,6.125575939867243802e-01,6.427366687472289009e-01,5.367431646294820169e-01,6.909988104997413227e-01,4.427771411375303057e-01,4.343131502461928251e-01,4.256754425637764849e-01,1.315117634801918900e-01,9.848968413784131570e-01,2.932221291101735350e-01,-9.840120832530301065e-02,7.803527963723367877e-01,4.028401950514348684e-01,5.342593289044250682e-01,6.202249775805750431e-01,9.000017654185678007e-01,8.162639458130933612e-01,7.497519377014125741e-01,3.299643235692210075e-01,-6.189123632862394975e-02,3.714875674564509511e-01,4.935553134986790935e-01,2.282990732376806720e-01,5.670298681427758947e-01,5.465919294324489419e-01,6.250735899827823960e-01,7.753598259128113845e-01,5.767263828755250232e-01,1.887243072778865549e-01,2.929682501469345057e-01,5.485190376011038760e-01,6.629358858556735346e-01,7.693701906930250356e-01,2.316715919086601849e-01,7.639189572457875110e-01
5.460909244730844936e-01,5.629015643362399457e-01,4.644573541486692880e-01,6.649643332632528825e-01,4.890305524592453712e-01,8.416504519723297939e-01,7.173871061993041254e-01,8.217539776785633965e-01,4.936456515277853896e-01,3.737375430413278909e-01,7.945971888601470745e-01,7.484308168175436426e-01,8.994970506134501997e-01,0.000000000000000000e+00,4.942372192231784811e-01,3.534185769343401451e-01,4.937396717345154951e-01,7.271811228393590953e-01,5.108226289838316836e-01,9.379328701224342035e-01,8.319063123145810090e-01,5.258440842838706386e-01,4.923271166415160716e-01,6.547265113645243106e-01,5.012183434090000667e-01,6.507770788389219963e-01,2.831966741188279291e-01,5.040570677296525304e-01,7.084705796274787248e-01,4.838743051936872930e-01,2.987431282063128246e-01,1.693663796859080362e-01,7.386555658392511825e-01,4.043061958440544168e-01,8.050174430013835591e-01,-1.378198169231190096e-02,6.576051003018598129e-01,6.782023700268039468e-01,8.170643330060566312e-01,7.827182866722500743e-01,7.794998493762331782e-01,4.008850888660872025e-01,5.826274817967762587e-01,9.670604156370872229e-01,8.110249122128320165e-01,6.983308763055441348e-01,9.291088136407085196e-01,7.486392054346928671e-01,9.606789545593967805e-01,6.476005536524706008e-01,9.594527923222743171e-01,8.671491340501904510e-01,9.358143403890684109e-01,6.611361405356750431e-01,9.282957990187883368e-01,3.517980136891732390e-01,6.290427939781485511e-01,7.816402820281775909e-01,3.657936094550526818e-01,7.861581848032851427e-01,1.680491247236977903e-01,5.202339966258577864e-01,9.657070546167254577e-01,8.800185068948847000e-01,4.349091239780225049e-01,8.228057937439582359e-01,7.991304920359647568e-01,5.474985073371358979e-01,4.839265951616905648e-01,9.537312310190115827e-01,8.852126158773093723e-01,9.422431691525240405e-01,4.203445400468111548e-01,3.291852559569750092e-01,5.068019465075024321e-01,6.891116987597328825e-01,7.653083828137814404e-01,4.492540367830373804e-01,7.779268557367440273e-01,5.611531509405920382e-01,4.893832187167259096e-01,6.658791970776994917e-01,8.164002138638981609e-01,4.738861806861742187e-01,9.900864096455213037e-01
8.803980853521330419e-01,7.171466437499066648e-01,7.515625673636423532e-01,7.754334717041169167e-01,2.959048593118046577e-01,5.958661270475311689e-01,3.183737249381230483e-01,5.511502629104981787e-01,7.629251969776404962e-01,6.968839487981001168e-01,5.954003768857112355e-01,6.070814624917033608e-01,7.214763453687684791e-01,4.942372192231784811e-01,0.000000000000000000e+00,7.887603153458899730e-01,9.990159240711655730e-01,3.854291252072125085e-01,8.232102701492540753e-01,6.169135412505729610e-01,4.730311763768591526e-01,6.959046808041978727e-01,7.966950780112502795e-01,8.308248623878380368e-01,5.581926031381611031e-01,2.049421042856204300e-01,3.312686269817086138e-01,6.646872729562967042e-01,2.298566904967520863e-01,2.214007716376777124e-01,6.323531225447716342e-02,3.724998744761813807e-01,5.248247281054447821e-01,6.781018821872513147e-01,7.020479873496514311e-02,2.465462585565376674e-01,5.401500112197129555e-01,7.218678691388926705e-01,7.587304243512980051e-01,3.114823781505550726e-01,4.601102939553538551e-01,4.021992317368043302e-01,6.190731200658361466e-01,5.517174673107200222e-01,2.018772494814843610e-01,5.626719284037891011e-01,5.634951672378596399e-01,6.299608392333905238e-01,7.855053548513302175e-01,9.935372395184165484e-01,5.448567538911757158e-01,4.819397096654949308e-01,7.071222388451355867e-01,5.872064709768665125e-01,9.778710925450713187e-01,6.662872247808429016e-01,2.369624765315209713e-01,5.608108348612701466e-01,6.338180790037618584e-01,1.400081485563524908e-01,5.599046473209220443e-01,5.719343921511735873e-01,6.878651245293865291e-01,6.672398303837163702e-01,8.590322871264908233e-01,5.647569785208694793e-01,6.509145941752720876e-01,9.547004167103488870e-01,4.295599576347139403e-01,3.644281686854966562e-01,8.093155689607175463e-01,5.838141158857936830e-01,6.469111964166858186e-01,3.759446088738641611e-01,3.167003405224363410e-01,4.211893619816181045e-01,4.090692151582056013e-01,7.127045627062548183e-01,3.147950651402570688e-01,6.214351290913759929e-01,4.333392519881122951e-01,5.254907209740902196e-01,6.910582203217247033e-01,5.360400757773488012e-01,4.827514021784445331e-01
9.368993453640261926e-01,7.733762761327247492e-01,9.748223629489497499e-01,7.018938282200906098e-01,8.597774228564035726e-01,6.666464154136833020e-01,4.016531964065034321e-01,2.740470797159715310e-01,9.053019131446584655e-01,5.037557616068992772e-01,7.841882601381043871e-01,9.572704690137598948e-01,6.059611272297701356e-01,3.534185769343401451e-01,7.887603153458899730e-01,0.000000000000000000e+00,-9.553246033289691796e-02,2.365862733383675420e-01,7.413233213126937393e-01,7.495770802869297089e-01,6.500346326443318112e-01,3.265351461788397469e-02,7.742650909250559099e-01,6.219995391106453164e-01,5.307052204602638046e-01,7.309354222382846711e-01,5.817190779506264953e-01,6.049056369155926260e-01,5.783356582589812556e-01,7.195793792546677503e-01,1.871069612976904162e-01,2.169071607845009519e-01,2.098796598150114989e-01,8.699399967581505910e-01,7.097674626293799527e-01,7.791253639972746114e-01,1.549404310426329145e-01,5.042531189401758818e-01,5.913546231915800533e-01,6.185037738846060895e-01,6.630457987740396852e-01,7.018736238982125064e-01,7.389965724554400373e-01,8.783928637495981295e-01,6.494734132812676197e-01,5.300533407575319655e-01,7.412426122639899084e-01,4.253024044593197717e-01,5.545402449226191077e-01,6.357742501224048493e-01,6.958554642032845905e-01,3.226036234478276143e-01,6.372646222255631265e-01,5.478498802316505989e-01,4.804154266979539512e-01,7.467275659277923250e-01,2.348195717892415935e-01,3.158341621674592425e-01,3.965693937955175885e-01,5.580872858586288787e-01,6.618980160144599667e-01,4.938880682857028082e-01,3.113238370972687963e-01,6.186397047889566903e-01,8.540342391111414022e-01,5.578048772630080920e-01,8.726670380806837990e-01,8.104323988030375236e-01,5.912400170909617447e-01,4.845043507664750781e-01,9.784855849112349402e-01,3.014300357237578165e-01,7.299421406663204603e-01,2.957174650705313712e-01,6.264142243843843216e-01,1.017998167180096669e-01,6.404581629104850737e-01,5.595104264334038735e-02,9.744268885489195675e-01,3.699461910725066471e-01,4.598967663987045262e-01,8.208312714359115025e-01,6.138970654609477995e-01,7.816662626942114667e-01,8.500455841478875563e-01
7.425653920065502511e-01,8.256707515557257793e-01,4.023552312636483608e-01,7.105470326288187977e-01,9.564471635287267182e-01,8.090575595681571697e-01,6.440102188994197840e-01,4.671549812599722906e-01,5.936041597869519126e-01,8.794338637065496345e-01,5.595296017820332590e-01,6.781542087454686119e-01,5.517891163290484791e-01,4.937396717345154951e-01,9.990159240711655730e-01,-9.553246033289691796e-02,0.000000000000000000e+00,8.039977652089286275e-01,9.378105839943646771e-01,6.324052434868987493e-01,6.373028631032406910e-01,9.587576207323681432e-01,9.166917767181268495e-01,4.856019445938296042e-01,3.253146391243916247e-01,9.130626777335126842e-01,7.389662328887778298e-01,5.124770836560139653e-01,5.585158454531120586e-01,3.809180390933563087e-01,1.208325021174482122e-01,7.724689851688716358e-01,7.679419197464620872e-01,8.195104469524168156e-01,6.219009496233892653e-01,4.290437769851714878e-01,4.270558171063834618e-02,8.367030879798436072e-01,6.078021953705250446e-01,9.746957453340293620e-01,1.960446179252539611e-01,7.191854023891073311e-01,7.438356054218300262e-01,7.656144448138424430e-01,4.127472887167683013e-01,6.383512588670310350e-01,7.031824028045898789e-01,8.732932704431518589e-01,7.254510020064058873e-01,5.229507366277854619e-01,4.081943313769808013e-01,6.765903183481207783e-01,7.415363426922538803e-01,8.084458548832592628e-01,8.514755476192463757e-01,7.539787166897171655e-01,9.909484368865426607e-01,6.488995718895900211e-01,9.335721179818871063e-01,5.925594334190484869e-01,3.805891806295640389e-01,7.702340942266031609e-01,6.132102965977471731e-01,9.454649538484685145e-01,8.176692462440481313e-01,6.630179729690686974e-02,6.692123688945394999e-01,2.884526559738658236e-01,4.751463422959044669e-01,5.152564887665552762e-01,2.399119828635715990e-01,6.891066795967580871e-01,2.578958393687044715e-01,5.299076304446342922e-01,6.249794865882887240e-01,8.789165064594771648e-01,7.461961109937595982e-01,9.208490634832521282e-01,7.171976614939654660e-01,1.856346024568228392e-01,3.967598792955578380e-01,8.370778512222891710e-01,8.900473484858090201e-01,2.619673906129420526e-01,5.708433537959435311e-01
5.927960662434739181e-01,6.615299602363762244e-01,7.811631249824203538e-01,9.029873201056189957e-01,2.829011989666261884e-01,3.254788057778687516e-01,5.392206727834141233e-01,5.198227475264214498e-02,5.084774901629787180e-01,5.741129415814562043e-01,3.680641301597246118e-01,6.724842639883994444e-01,5.088493731089920313e-01,7.271811228393590953e-01,3.854291252072125085e-01,2.365862733383675420e-01,8.039977652089286275e-01,0.000000000000000000e+00,1.208003512525575585e-01,8.383158890010496966e-01,5.690259860915031220e-01,6.333164154363672971e-01,3.622322218189885090e-01,7.352762533963848046e-01,-1.986777875091987611e-01,7.624622862419550007e-01,6.593732109484663484e-01,4.356655349042702352e-01,4.596230176864630756e-01,2.492057244663322124e-01,-9.874485253937816120e-02,5.518153023716760863e-01,4.684048325200856899e-01,8.182166154207070052e-01,7.789037083049402677e-01,1.060675462171169481e-01,2.314638084467682266e-01,3.760186386203960840e-01,3.842692296510644701e-01,2.491577266530789481e-01,2.656954670598925539e-01,7.513717850080400273e-01,7.976590549569677613e-01,3.321324489837117477e-01,6.622895851309976711e-01,6.551075480716118671e-01,8.335124154366336802e-01,7.830001805038152574e-01,7.759414376419830894e-01,6.196762120451850819e-01,6.419901143228886609e-01,5.766955465106221590e-01,7.860610205800555583e-01,2.121555893575140517e-01,7.169784840491003619e-01,3.135954310703688019e-01,7.616672386491832869e-01,6.435493336789184227e-01,7.955413080412052640e-01,2.838972076998571570e-01,7.357078642376988498e-01,1.572624571665581783e-01,7.506172742237180451e-01,6.103426446450685994e-01,5.921992884079316788e-01,7.513183887646049941e-01,6.256011393351746941e-01,9.869353572382122408e-01,2.061432817789072280e-01,6.195020110031661531e-01,7.093495451580056343e-01,4.719846390846861306e-01,7.020983944831029611e-01,2.837183876285082063e-01,2.343000246926942587e-01,7.824503177014813238e-01,3.887075255352744341e-01,7.238137673978801701e-01,1.009760689330190114e-01,5.012562765953568755e-01,6.383244683068578507e-01,9.401756500715344744e-01,9.300324589843877998e-01,3.330533162023419091e-02,8.498056459558056552e-01
