0.000000000000000000e+00,4.472433414656123429e-01,6.048127037825550278e-01,5.522245017877396300e-01,5.152956237054251432e-01,9.295288435016235695e-01,7.044997732505990928e-01,7.253659695256807760e-01,8.901783594922478837e-01,9.845533341337977529e-01,8.782285011652717355e-01,9.246462227742007212e-01,8.934837057545699235e-01,7.849782864626556611e-01,9.999524049482935162e-01,7.754768366433579807e-01,2.724490472221064996e-01,9.480221157243673424e-01,4.072907879169820333e-01,7.884195973343999242e-01,7.118136848271979789e-01,7.413124455646850075e-01,9.286245955938886576e-01,7.943699257071505926e-01,6.382698052167476988e-01,8.558719703812732726e-01,8.565069824253235264e-01,6.867824009429386312e-01,6.246196782118800250e-01,2.730652356544585602e-01,3.761136405675359340e-01,9.581919814785432310e-01,8.728231955205165704e-01,8.988537533853495631e-01,6.058394639817985539e-01,2.785912515813248058e-01,4.135202322443898848e-01,6.098680021469987667e-01,7.049309309544826707e-01,8.282766954109266333e-01,7.584713412009306266e-01,7.269811863243793582e-01,8.148883152764455629e-01,6.465664838909996881e-01,8.792254394962613073e-01,6.131356183977947349e-01,7.154585025558195532e-01,6.302244115936624924e-01,6.745147983359874866e-01,5.012462701463713532e-01,4.598200575634578957e-01,8.956308187543406962e-01,5.119856731869686373e-01,6.389741780614075495e-01,4.974899980022302604e-01,6.029940305575066661e-01,9.800925278031368260e-01,6.979939931929628472e-01,6.653807588755529245e-01,5.077064813308987956e-01,4.293940371945522694e-01,4.943819431891766092e-01,5.231246425315148052e-01,8.567137544438748753e-01,5.973389406135425350e-01,8.610533803393607410e-01,5.531502352930329769e-01,8.289909364245942047e-01,9.703483965060983873e-01,6.648114752210040335e-01,4.771330404304388040e-01,4.188580834937576380e-01,5.065364802728949956e-01,4.202242530018545086e-01,7.034057203747833276e-01,7.230570451653659525e-01,6.716679051547860269e-01,6.742080204410551003e-01,5.687399854937633670e-01,3.408970225374277074e-01,9.364973692904920988e-01,6.021644200206778264e-01,1.209423503781356657e-01,6.463767622975341576e-01,9.605097103365221045e-01
4.472433414656123429e-01,0.000000000000000000e+00,5.087428893569165833e-01,3.127053200705497971e-01,9.420938965094426409e-01,4.690238968691601285e-01,6.591145680940136975e-01,4.097790549752876599e-01,7.418933037933600483e-01,9.692635924714214646e-01,5.951326113758759195e-01,5.261301944787553087e-01,6.492518429006650660e-01,8.741197330988367264e-01,4.689619474745283512e-01,4.021700365257616094e-01,9.274270870180625348e-01,8.875053465646217665e-01,8.868529044987772947e-01,7.476220241121348531e-01,9.300669597028679014e-01,5.633249992148761098e-01,2.641828503694081398e-01,9.200807588926044334e-01,4.594635208159172923e-01,7.823455394273430841e-01,5.762713849334766270e-01,1.306891620033054646e-01,4.174881134089442059e-01,3.590514726280450986e-01,5.112007228577414297e-01,6.735405462537182864e-01,3.426708866394140296e-01,8.844626544791983624e-01,3.442152037701204925e-01,3.894219364563926145e-01,-2.001372884061678736e-01,9.343565288711596084e-01,6.459672516063933445e-01,5.227716904759718286e-01,2.407521003362952106e-01,2.976056352590258358e-01,6.090808514699567189e-01,9.826294873634264793e-01,7.321076027857178481e-01,2.502841668158370947e-01,2.139645820191873882e-01,7.031701288847466147e-01,6.851146247170848413e-01,3.568633667688007050e-01,7.716712982922858677e-01,5.566356813082916632e-01,7.821387589981907418e-01,4.124914370910673367e-01,6.190990397548193913e-01,6.431458157310081525e-01,3.450282910464389508e-01,8.005192038716020253e-01,8.521432969907282162e-01,5.057346313890024314e-01,2.713460457835332185e-01,7.012695239798548696e-01,-1.102638942314408954e-01,8.754493881275675626e-01,9.538503750266111858e-01,4.095046008791288217e-01,8.541722934671871492e-01,9.726184349842067478e-01,7.341118458648344669e-01,2.485278393238433137e-01,4.923542032015090220e-01,2.670137473824146235e-01,2.717272887368934464e-01,3.073170496947250641e-01,4.820277136577916233e-01,2.057991973904150507e-01,8.073019813726588501e-01,5.296214130872605175e-01,4.624432834327247832e-01,4.955426029466484805e-01,4.495645084828066573e-01,-9.411637496069084896e-02,5.113134830886988391e-01,5.653413893752297081e-01,7.093570274669033227e-01
6.048127037825550278e-01,5.087428893569165833e-01,0.000000000000000000e+00,8.383442838356214288e-01,8.523133325239677927e-01,5.225582191038856683e-01,8.960495679037371319e-01,8.736562101972971117e-01,4.702630768594327493e-01,7.302234954932849131e-01,9.122185811607020911e-01,6.792921333124471994e-01,5.677836440306838206e-01,7.438956544197201648e-01,9.706704445572028606e-01,6.777561847166428954e-01,7.455650953595592823e-01,6.710740244482318317e-01,9.908060995267737869e-01,6.268897063840123129e-01,8.909103687133267391e-01,2.669153110184754318e-01,3.797197045747026101e-01,8.294292596317558441e-01,6.746559704046344308e-01,9.094649431837766862e-01,5.575286951493155785e-01,9.076564693240606330e-01,4.142657675476776324e-01,1.871484585556077440e-01,1.620832910217958611e-01,4.100964855509784956e-01,8.495359753210676157e-01,6.886909817094499786e-01,8.145047430882553785e-01,4.436798557526525077e-01,1.411437876165048122e-01,6.931015135371358937e-01,6.104085964819573329e-01,2.790999408809213267e-01,4.006145654968253922e-01,7.308548025910808210e-01,1.028968732908094874e-01,5.313911787077564286e-01,2.246440730896047955e-01,6.289313330973784755e-01,9.408686739336250549e-01,6.609741036248040214e-01,8.095414488650377605e-01,7.001817239300308637e-01,4.858990776233773623e-01,7.178051991908601659e-01,5.673507234796191234e-01,4.695854042101980097e-01,7.615629624095309191e-01,5.135983066721150347e-01,3.830805524513045679e-01,4.093067458343055964e-01,6.771376242882555241e-01,4.473538770921332564e-01,3.077424873777235836e-01,6.285019214810642074e-01,7.326600961391780409e-01,4.385393361840524973e-01,6.329089685981740265e-01,9.361135123346103759e-01,6.913998503213889535e-01,2.293655396563461790e-01,9.491006729006582487e-01,2.528241936480224994e-01,9.788633258684212857e-01,6.709370519085984252e-01,5.834934394580709727e-01,5.932660455164840974e-01,6.878021892518847435e-01,8.873824538408673357e-01,9.284847421138088253e-01,9.249625969258362668e-01,5.587400468603822556e-01,-3.416049588443105245e-01,7.514892543246564083e-01,8.767351030812053914e-01,7.098548376131873505e-01,4.231598944015112496e-01,7.092988110071920538e-01
5.522245017877396300e-01,3.127053200705497971e-01,8.383442838356214288e-01,0.000000000000000000e+00,7.676077059687783644e-01,6.992423119094473005e-01,3.450134228241035217e-01,5.983323158669158204e-01,7.560779769664486283e-01,8.306571567433301828e-01,9.162033722949481929e-01,5.714343338602492217e-01,8.369855482469339414e-01,6.500494045627881468e-01,6.549926109260246765e-01,6.763432960480403322e-01,9.949166786956240571e-01,8.438323936167746453e-01,7.729743611541309845e-01,6.667255808348211410e-01,6.317982784569105004e-01,8.834309924566550176e-01,6.326231523308597504e-01,6.924953157942056459e-01,2.707574155120455184e-01,5.888667800248541528e-01,9.283896499229985499e-01,4.926507340905814103e-01,4.448358649387776365e-01,1.778982113292639777e-01,7.602082557336979907e-01,3.469017580759795605e-01,6.524791356423065292e-01,4.511569155640867135e-01,2.746745645160703075e-01,2.422626123797811948e-01,7.639456418006336236e-01,4.677542032352272061e-01,3.007126884369044628e-01,7.200987930505630130e-01,7.883738502821822924e-02,5.317228147984435216e-01,7.683031951054677400e-01,4.624778276656568710e-01,5.771970397028178823e-01,7.988429526476565901e-01,8.433091922370097304e-01,7.219760827396334291e-01,4.845621738300192050e-01,7.785879082431967912e-01,8.082833122090055111e-01,9.441065723382128239e-01,8.565737035222487084e-01,4.552607829111405269e-01,4.400575097153382464e-01,4.607671473471907087e-01,6.853655013381741989e-01,2.469674801588337409e-01,5.713523685352968062e-01,6.736090623280750478e-01,5.711601983434926311e-01,3.892575368017680004e-01,5.490320417959795307e-01,6.874324121143400301e-01,6.796873907686454830e-01,8.238192332435756438e-01,6.981084705096065601e-01,6.816959404464327799e-01,7.190536552132685832e-01,6.025151467038531994e-01,6.269556032099103948e-01,3.742752309813328626e-01,1.000237563407031099e-01,3.178707323028562293e-01,5.927271306295792686e-01,6.969166472305899918e-01,7.026763810959895107e-01,7.130495421630522745e-02,2.988586129195950347e-01,2.458591226723801371e-01,4.560156103433808950e-01,4.068631512220869939e-01,-1.200656158015106501e-02,7.606520364069431217e-01,8.923435661834542287e-01
5.152956237054251432e-01,9.420938965094426409e-01,8.523133325239677927e-01,7.676077059687783644e-01,0.000000000000000000e+00,7.965015379903902515e-01,6.338047257015428926e-01,9.883829248022274472e-01,6.925612686796476236e-01,5.750228737685261216e-01,6.253780532634123368e-01,4.109602221265732935e-01,8.168167618330588464e-01,7.004676703862426912e-01,7.992903078226850644e-01,4.437045093286818842e-01,5.670234118355467201e-01,5.050592294230958901e-01,6.122267710535650442e-01,5.355822185870634522e-01,7.310104540022098751e-01,3.165158681519265604e-01,3.317892097596646939e-01,8.565219863693864788e-01,2.625761634413182333e-01,7.595872623096485698e-01,8.677369382928149522e-01,5.809481855673034323e-01,7.181663298714077159e-01,5.140679936330951882e-01,5.574910474536336480e-01,5.311728535599304912e-01,7.387631415196873608e-01,5.238558693384660625e-01,7.832399410088307645e-01,3.858759137957904484e-01,5.193835257593950594e-01,4.305346268691402356e-01,7.462974210231498873e-01,6.086868769245546984e-01,5.246103599521585448e-01,1.435248412695863673e-01,4.988546424976377791e-01,2.860516911764783843e-01,7.822468048021012921e-01,4.522007294564946989e-01,5.943408961119583944e-01,6.330254355789516341e-01,1.799169155046039248e-01,7.738951063632831806e-01,6.233481761038033309e-01,7.637655153905202887e-01,6.093934736651295259e-01,6.271114746197981038e-01,9.208004525494166703e-01,4.457310163028944672e-01,4.685680503273513264e-01,7.831304060602417572e-01,7.820084604273777051e-01,-3.762690822570508020e-02,5.840622244974226218e-01,6.531815926891479940e-01,8.744037406792271039e-01,9.037040124259602125e-01,6.995070387520082589e-01,7.884260649394672082e-01,7.652553893162369336e-01,8.524752297421619440e-01,7.587010145018953100e-01,2.970258254252423624e-01,5.063922543100246587e-01,9.483791980741055339e-01,5.340851874027013890e-01,4.659265763062594989e-02,6.447266339691155590e-01,4.447596134226297626e-01,9.371284523622931406e-01,3.062184911247081698e-01,2.483655713744188920e-01,3.428270152797486814e-01,7.116224094542894507e-01,5.114224955904814740e-01,6.536793652264659693e-01,6.431376662636221209e-01,8.196433296020273485e-01
9.295288435016235695e-01,4.690238968691601285e-01,5.225582191038856683e-01,6.992423119094473005e-01,7.965015379903902515e-01,0.000000000000000000e+00,4.274469193597227878e-01,5.849991580002545932e-01,4.494089576118969198e-01,8.804565080848221204e-01,2.216839702465879525e-01,6.702927660127561138e-01,5.769563555194061610e-01,1.181395342131455195e-01,6.500709811526017567e-01,6.009255350131927909e-01,7.586112828851722112e-01,9.144821928813232637e-01,2.945595607334776656e-01,8.458420631433911652e-01,9.186607459761626515e-01,5.693678674640105797e-01,7.303798214058012661e-01,6.517982329424063526e-01,2.036133885982263636e-01,9.092708646647090776e-01,3.781073690141541488e-01,6.405960044326202141e-01,2.730940663656164502e-01,3.300780817639605846e-01,2.042094306066080389e-01,7.560611275640142237e-01,3.419598122874987212e-01,4.637100317652729231e-01,4.944652886223882549e-01,3.539953579858743371e-01,5.246495369403312292e-01,1.186476507535834390e-01,4.455487897847813517e-01,5.075518578552413729e-01,7.853753392166208380e-01,2.954661649376079668e-01,7.974636099978400505e-01,3.043222158161956736e-01,4.141225063229682646e-01,6.524260878230153660e-01,8.352427491930158876e-01,5.949637249975290310e-01,1.072489727237402324e-02,4.904694892832777570e-02,3.632585873967729695e-01,6.274407198641770433e-01,6.782889233732648515e-01,6.577425230929295763e-01,8.316889895318450021e-01,7.734682809958074445e-01,7.155368195490416916e-01,7.879646481017943405e-01,8.993919352028624248e-01,1.257039685167939992e-02,7.100600205302332046e-01,6.868014837529223815e-01,6.085421412320493051e-01,7.397436847660253667e-01,8.706551664494419640e-01,1.343825102973570662e-01,9.679614764541820682e-01,6.218799151808001024e-01,7.942436756008161014e-01,2.412483145104194759e-01,6.314594339351300434e-01,9.946397859195512670e-01,5.746374221447303476e-01,4.378696840778837918e-01,7.784210695595191742e-01,5.297048401236094106e-01,9.849713790563511262e-01,5.010767166643340653e-01,3.648602593071771927e-01,4.459595151254916456e-01,5.416065864204017144e-01,3.375726950040678354e-01,6.552084927470769316e-01,2.143051151975201296e-01,9.227649440351203269e-01
7.044997732505990928e-01,6.591145680940136975e-01,8.960495679037371319e-01,3.450134228241035217e-01,6.338047257015428926e-01,4.274469193597227878e-01,0.000000000000000000e+00,4.904427525614224459e-01,1.798426242521310447e-01,5.182149471346020331e-01,8.864145942232328768e-01,2.432355391033463599e-01,2.129731578180465990e-01,5.769150419871186264e-01,4.003406871703651393e-01,5.509543777036274292e-01,7.646818321943157359e-01,3.996482613434790832e-01,6.980276705948419425e-01,7.378863203123550152e-01,8.169311920938266969e-01,6.625612022823642588e-01,3.054471443119470275e-01,6.914371902858831298e-01,3.787886688255702738e-01,6.602340054184583362e-01,3.441266100171573861e-01,4.479306782292709066e-01,4.341674742823684596e-01,2.822888652418928390e-01,5.088812613289042108e-01,7.516288906707181416e-01,8.575823388133376746e-01,5.175271352178719697e-01,5.295823562365233883e-01,1.321656559159709032e-01,5.914333620299723204e-01,6.715212398191361398e-01,6.372511003507631555e-01,4.499174188681959730e-01,7.124147687387882844e-01,4.431674437092198993e-01,6.100901640580602692e-01,6.846158019157863039e-01,9.838919218202547556e-01,-1.962123064245548942e-01,4.911168524908189892e-01,5.473639456263570402e-01,2.491631601799743911e-01,7.891510732404599660e-01,3.967522149780741136e-01,4.513916403862739402e-01,5.473831241662909797e-01,7.037248112153059454e-01,6.539538557046489231e-01,4.753640321097241106e-01,5.365683805231793446e-01,7.490472748464811481e-01,7.268595097096008928e-01,5.230731045622757369e-01,5.965628698577274402e-01,5.424774253673423363e-01,5.833622183290483321e-01,7.433403278513981416e-01,9.483264569158780244e-01,7.451234671178571523e-01,4.141837265376356880e-01,7.780207578666591406e-01,4.192173877774736379e-01,6.423525173606177141e-01,9.275528535383562034e-02,3.941303688436303410e-01,7.532010119471050924e-01,2.353413598809118434e-01,4.692492133522235820e-01,6.369957972621314024e-01,4.060813579555176411e-01,5.428749017493861295e-01,2.825141184296668384e-01,2.223413564558943123e-01,2.135863738892967156e-01,6.891387619272351106e-01,7.924842355583046061e-01,4.160854537791428553e-01,-1.522883470509663328e-01
7.253659695256807760e-01,4.097790549752876599e-01,8.736562101972971117e-01,5.983323158669158204e-01,9.883829248022274472e-01,5.849991580002545932e-01,4.904427525614224459e-01,0.000000000000000000e+00,5.928925428696227851e-01,5.017842750129540841e-01,5.959767224865279989e-01,2.049002090714428792e-01,9.664442324767328341e-01,9.439496777865716837e-01,3.638567184877365412e-01,4.441988995872022672e-01,8.506799488952934141e-01,4.359203478347727923e-01,4.633669486634792167e-01,8.604541443817856905e-01,6.817306408097651982e-01,2.640805167289471678e-01,7.288874186256835142e-01,8.542095225737378339e-01,5.307444449571547818e-01,7.087175696873875275e-01,7.152527405381895464e-01,7.385800343035688886e-01,4.953448595582335412e-02,2.090660015580212971e-01,-1.131463198418842520e-01,4.580007464804800033e-01,2.065992934067302500e-01,7.583221097446510850e-01,3.471699442217067166e-01,4.763862832239004197e-01,1.986715271601244281e-01,6.400254758117286391e-01,6.915819146682601337e-01,3.127383220047032508e-01,4.655068906229714032e-01,2.086204620827930012e-01,5.522687871203558752e-01,6.572526475979151295e-01,9.326012823548410768e-01,3.397989442927970560e-01,3.951345692097728568e-01,4.894160558054135302e-01,6.920314654126225040e-01,7.491607643671551742e-01,7.178451544700591436e-01,7.274412055443375547e-01,7.695558784556120191e-01,6.721454671333433328e-01,6.507703448324484441e-01,6.727395666946069941e-01,5.903186045724000408e-01,5.557222057622066558e-01,3.900339616799748388e-01,5.966872144897256147e-01,5.951215417376113370e-01,3.598834428026456145e-01,2.867508383502380132e-01,4.072907275031107388e-01,8.274569127315034578e-01,4.497977436005056173e-01,6.733486130095405198e-01,8.831756440198509361e-01,5.994366766470355934e-01,7.030169460287802874e-01,6.215766779395922592e-01,-2.743613169655678696e-02,3.565856504192945198e-01,2.006377847778963719e-01,4.247997013248524523e-01,4.006256343674894915e-01,7.991574286773073243e-01,5.061535016068074988e-01,3.746248874403534934e-01,2.445124075582352785e-01,7.594107375273120297e-01,7.445665872236227889e-01,4.417175763468543792e-01,5.164278138689807340e-01,6.958285760242011175e-01
8.901783594922478837e-01,7.418933037933600483e-01,4.702630768594327493e-01,7.560779769664486283e-01,6.925612686796476236e-01,4.494089576118969198e-01,1.798426242521310447e-01,5.928925428696227851e-01,0.000000000000000000e+00,3.839128969908652822e-01,5.326998587947162633e-01,7.786103868394571581e-01,7.783359429028250398e-01,9.257740668567577824e-01,-1.216254693759631911e-01,7.993601038603787012e-01,9.394993601592039889e-01,4.831499137439412284e-01,5.109366301412994193e-01,5.017074728531061290e-01,5.432681590807983962e-01,6.677378041681979459e-01,6.478424920254641783e-01,5.443376974472425855e-01,3.103633441332285386e-02,7.474693263012301969e-01,7.551671399427868359e-01,5.387557091969882306e-01,5.332507024307534538e-01,7.122240104344104150e-01,5.662035257139397260e-01,8.811784965570557127e-01,2.249960595660219220e-01,2.787345701579054258e-01,5.769152356554172467e-01,4.908184196351670359e-01,3.077390307360898872e-02,7.068774272746365384e-01,5.723885743179337737e-01,4.213687939745758282e-01,3.692721030753898237e-02,5.483123068832547187e-01,7.070698428739287111e-01,4.724163015715370229e-01,9.437172352567178013e-01,9.612860077310962925e-01,4.763362852540515280e-01,7.512973850738992043e-01,4.794587558306070418e-01,9.630905585242028888e-01,4.955748326341499199e-01,7.969506890857447345e-01,1.917221951862675411e-01,7.528208096655191195e-01,7.962508113376067787e-01,8.855443570698603439e-01,2.091336836695469881e-01,6.262842635629792820e-01,6.849896680176527086e-01,6.048143295611324577e-01,7.000722656019571222e-01,6.457798374265797392e-01,2.320513886291797889e-01,7.551279223364406601e-01,6.470717494372174583e-01,7.982771614502690571e-01,3.861654863316721364e-01,9.380042894874884851e-01,5.423804289550698821e-01,2.593956471591067348e-01,3.075577107626575324e-01,7.200123656097078273e-01,3.060131880200398502e-01,2.645710393567368146e-01,4.684874390309657910e-01,6.601316080573456091e-01,6.112972334670482288e-01,6.612427406382032080e-01,1.561056537273040057e-01,1.018241493156772787e-01,1.758202986148187374e-01,5.229368886653392723e-01,8.273866933586250250e-01,2.999421726677706790e-01,5.124590493138734271e-01
9.845533341337977529e-01,9.692635924714214646e-01,7.302234954932849131e-01,8.306571567433301828e-01,5.750228737685261216e-01,8.804565080848221204e-01,5.182149471346020331e-01,5.017842750129540841e-01,3.839128969908652822e-01,0.000000000000000000e+00,5.080427274492783640e-01,7.201787638397446623e-01,6.204618185563830490e-01,9.751154221448913306e-01,6.837353924181467368e-01,7.130281735702563850e-01,9.799174978777676071e-01,1.635019956459617396e-01,4.520429766214565936e-01,5.023704154460579829e-01,6.534404444290539127e-01,2.094025241935966730e-01,6.004632298181392658e-01,8.617304465470798647e-01,2.292771651700755697e-01,5.093821673238505543e-01,6.056168696614210312e-01,8.180904188740318883e-01,7.891940934965550047e-01,8.779105317035671430e-01,5.176197859913501675e-01,3.674971353357848192e-01,7.508104691734078795e-01,6.342012769752010115e-01,6.115029794827869791e-01,6.908667688691016995e-01,2.723826975422038998e-01,5.498666282253017457e-01,4.126881908858006653e-01,2.944154596794156808e-01,4.339997309027370659e-02,5.096882848915068598e-01,9.934107285261327414e-02,3.540881555713912832e-01,8.499016801048028258e-01,9.336309001620000103e-01,8.091619272279431119e-01,6.788743570832180829e-01,2.560518544358567072e-01,4.522585973574861362e-01,7.776200454994000033e-01,6.577378140201288748e-01,8.735991620032548255e-01,4.869112401635595777e-01,6.149350520932281849e-01,8.539076573355115496e-01,6.139885060689390661e-01,5.200698814684754367e-01,5.885484044522497626e-01,5.365175164346118741e-01,6.710091370227571073e-01,6.670302384180059052e-01,6.614476736936293344e-01,9.226353181360198441e-01,3.594054024167847583e-01,1.754409189717875406e-01,7.151849684416158315e-01,7.428248500876801774e-01,6.472539366440301922e-01,4.599679530079601175e-01,4.076600721018214801e-01,2.354680584526354648e-01,6.945092474979580599e-01,1.391429660251950612e-02,3.467991842894559973e-01,3.349689473678454377e-01,6.553896469776154809e-01,4.946887951598538669e-01,-6.151244318795073829e-02,3.528329023393382280e-01,2.251784350040098026e-01,7.512420949775582280e-01,7.287860879075993559e-01,6.337959778292474589e-01,5.461244445416048032e-01
8.782285011652717355e-01,5.951326113758759195e-01,9.122185811607020911e-01,9.162033722949481929e-01,6.253780532634123368e-01,2.216839702465879525e-01,8.864145942232328768e-01,5.959767224865279989e-01,5.326998587947162633e-01,5.080427274492783640e-01,0.000000000000000000e+00,5.096442670646612605e-01,1.866315700568367819e-01,5.858452079674805191e-01,7.299745726926469835e-01,6.980900688830400380e-01,-1.187740848814718281e-01,6.033972112340901806e-01,7.628098662155669007e-01,9.260972307833357231e-01,6.790379869569109772e-01,4.708625575700242649e-01,6.195601365134250083e-01,6.977902260245505417e-01,6.646300846812517316e-01,6.921111060961078199e-01,6.511006829841463617e-01,4.539984234632718496e-01,1.724982702501842713e-01,1.672992878134650363e-01,1.475947348279109395e-01,5.218940625641714792e-01,9.355666961604386378e-01,5.741481117503856035e-01,2.445615706682170432e-01,1.842842072637432826e-01,3.409793620705509065e-01,7.475570832833277057e-01,9.937400978199597557e-01,1.125567217529617470e-01,7.845915543395550751e-01,5.513512299955062312e-01,8.677783008492734318e-01,9.354862013031020052e-01,7.997837688852118543e-01,7.652186972172364543e-01,1.555214700488503632e-01,8.367926407161594415e-01,9.990679366866809241e-01,4.297447681923011187e-01,6.141676288643728165e-01,4.151060560510582143e-01,6.717744695716889591e-01,9.732733656428455005e-01,7.992222732043794409e-01,7.646568283519368237e-01,4.404333728042761908e-01,4.897527202453332840e-01,4.904678403007375342e-01,5.847032289587780207e-01,5.886684270031695698e-01,8.891788060942784622e-01,4.837259493062044391e-01,5.419856116166236193e-01,7.201622826071265582e-01,7.474275762340648610e-01,4.002947634074375260e-01,5.612336650193696652e-01,7.122933333707247572e-01,9.473674144216759352e-01,7.377541008970867065e-01,7.267695210407623119e-01,5.959717814973577443e-01,3.218133964105159839e-01,4.258362146929186576e-01,5.505001916187129973e-01,3.863794496574564086e-01,7.474482536882585126e-01,3.009564150308526309e-01,4.771166166153771870e-01,6.875222246493274403e-01,9.715707477427559802e-01,9.373321413825679294e-01,7.050996750971252336e-01,9.294334792149724356e-01
9.246462227742007212e-01,5.261301944787553087e-01,6.792921333124471994e-01,5.714343338602492217e-01,4.109602221265732935e-01,6.702927660127561138e-01,2.432355391033463599e-01,2.049002090714428792e-01,7.786103868394571581e-01,7.201787638397446623e-01,5.096442670646612605e-01,0.000000000000000000e+00,7.304727223514074774e-01,5.406785304157664118e-01,4.102373237594841848e-01,6.469582787844170291e-01,6.495482592159074198e-01,7.744966845379953613e-01,7.741201233529120262e-01,8.167262048011080244e-01,-1.460835011888239054e-01,6.949925289680921603e-01,1.189266273172393668e-02,8.963388500581260798e-01,4.414526199729469913e-01,4.716278208509241954e-01,5.932441690714167493e-01,4.603625198006444097e-01,5.507678531148032519e-01,7.936589375789504519e-01,3.352731338130776617e-01,6.275270655266651509e-01,8.675430590759136695e-01,6.176496679704859272e-01,5.283858904479952212e-01,4.355758668047684523e-01,2.604632422618001764e-01,2.236006265955316485e-01,9.543795420181035993e-01,7.274337158236187095e-01,6.703033467531728240e-01,6.569922045574058123e-01,9.183117223901562376e-01,6.852819409277491891e-01,9.379126806482639411e-01,7.225165300873450658e-01,9.282442896567999480e-01,4.442365821792251257e-01,6.861432970191153613e-01,7.225776903251124317e-01,1.031697311230291292e-01,4.479513579179050242e-01,7.217721875385040287e-01,6.133542570669960892e-01,3.566792259106765783e-01,6.120090873911475660e-01,7.135689320310296679e-01,5.330697252439269285e-01,7.025702907710175138e-01,5.150516643165252706e-01,5.825621163556713444e-01,8.197611243798240688e-01,7.316341486040162101e-01,4.713193971524708425e-01,7.570717322993117948e-01,2.320188958467967466e-01,5.992549245498408617e-01,6.106730040771025658e-01,4.944098925952158385e-01,6.384835307156585538e-01,4.076989957281567101e-01,9.883596214533268975e-01,5.231244486639451408e-01,5.905372995706408279e-01,5.002176974232775963e-01,5.089207436624488823e-01,4.644064337855818292e-01,5.579070171219259189e-01,3.361806114610445539e-01,-2.750478730446431208e-01,2.443162186718152440e-01,9.685704212586864204e-01,8.829794735303713171e-01,3.547034761912263301e-01,4.815264491221191712e-01
8.934837057545699235e-01,6.492518429006650660e-01,5.677836440306838206e-01,8.369855482469339414e-01,8.168167618330588464e-01,5.769563555194061610e-01,2.129731578180465990e-01,9.664442324767328341e-01,7.783359429028250398e-01,6.204618185563830490e-01,1.866315700568367819e-01,7.304727223514074774e-01,0.000000000000000000e+00,6.903361072770995976e-01,9.251399979793082373e-01,5.420220330061185088e-01,6.912666428164213617e-01,3.892351265959466122e-01,6.965398052966054188e-01,5.496312543262016348e-01,4.504345977858831840e-01,9.649764176578804475e-01,3.680076591845941048e-01,9.192632062717337460e-01,4.358383659584787462e-01,4.503750715623973666e-01,9.793150688673457616e-01,7.950117813926076415e-01,1.327358639486879155e-01,4.908304764244620921e-01,4.755594712865899298e-01,7.105099364463930423e-01,4.922196592970522477e-01,6.028224885822535128e-01,2.528897565382486334e-01,5.878060661870829762e-01,5.454359289615631212e-01,8.040237310164921603e-01,8.256097074373305311e-01,7.750889779355851772e-01,4.639985920802116581e-01,6.065425874993227717e-01,8.570476282171705096e-01,8.403971834774299765e-01,8.118548446646481898e-01,6.744061450723040085e-01,2.465525026707496292e-01,6.236532118185090789e-01,3.746593330433368729e-01,9.718893428672483736e-01,9.951004890338572828e-01,9.368586981095933242e-01,9.438498213688961691e-01,7.062817203310679526e-01,5.200002969871377889e-01,7.262100270934849222e-01,3.256329736717937795e-01,9.344893198329610184e-01,2.275929362214850760e-01,-8.095303497759803735e-03,-5.005889389282539015e-02,5.522948092690356248e-01,4.320121073243494147e-01,7.139018446085108049e-01,5.962375700552532409e-01,9.267341199797896056e-01,2.003921418231195128e-01,7.021644678174698839e-01,7.079259180788272099e-01,7.528371601725639684e-01,6.832712690475082340e-01,6.998382222709464973e-01,1.451204584431620703e-01,2.059522303243201125e-01,6.515888917292447235e-01,3.851829037611286255e-01,5.095146462074906513e-01,5.837251782680136225e-01,2.714848016896293514e-01,1.750885604199523826e-01,5.506270013097516181e-01,7.288589020134392804e-01,5.158326963031580892e-01,1.260347107529765365e-01,6.310632156071679377e-01
7.849782864626556611e-01,8.741197330988367264e-01,7.438956544197201648e-01,6.500494045627881468e-01,7.004676703862426912e-01,1.181395342131455195e-01,5.769150419871186264e-01,9.439496777865716837e-01,9.257740668567577824e-01,9.751154221448913306e-01,5.858452079674805191e-01,5.406785304157664118e-01,6.903361072770995976e-01,0.000000000000000000e+00,7.904794786902349379e-01,4.503400440440497587e-01,6.245506369030863203e-01,7.434781926818666564e-01,4.743943979766099828e-01,6.150865160926253239e-01,7.715613497978812685e-01,9.975489877117963422e-01,9.904357765857644269e-01,7.120126717057472243e-01,6.583609275358193180e-01,4.021697177005923440e-01,3.689324622315330315e-01,6.369336055615930636e-01,2.499463145665745401e-01,3.178796534972232468e-01,3.549914821821988364e-01,5.842811816602637709e-01,6.914061572754810481e-01,7.618473871535551556e-01,9.974341566639107759e-01,1.749971246180477835e-01,2.623726394538159618e-02,9.075575573885307223e-01,6.722133125648469543e-01,8.419240286132924078e-01,8.783542070509323119e-02,6.487788724068284107e-01,7.785006245247636514e-01,9.641392886010912155e-01,7.203139881381820375e-01,6.161426355058350346e-01,7.694016739355701295e-01,7.307434433826778264e-01,6.691299815657302252e-01,7.842336807718078839e-01,9.586933663836818553e-01,7.378980388036691096e-01,3.092895994982290953e-01,7.141422554906845521e-01,8.621100235309420157e-01,6.785971765491443097e-01,7.654309156606574627e-01,8.226600818832203732e-01,8.004350872497330016e-01,7.342268380155739793e-01,2.695511519288670277e-01,6.808197937425609636e-01,6.290354886769294884e-01,6.276732113004243052e-01,8.825613922268652489e-01,8.250824730628114612e-01,7.348227856612231657e-01,6.345264618688569724e-01,6.177213333131521544e-01,4.161853477642466492e-01,8.627002046717250350e-01,7.264702233418314226e-01,7.080208983352545005e-01,7.188988679044487906e-01,6.080015292274039140e-01,7.789656687771684407e-01,3.973822694425709345e-01,6.082270859303617883e-01,1.680891588674288117e-01,5.235785936519290473e-01,4.736785188708139693e-01,4.973972751484907473e-01,7.668491282484038996e-01,2.578782186469357751e-01,5.237009251264489462e-01
9.999524049482935162e-01,4.689619474745283512e-01,9.706704445572028606e-01,6.549926109260246765e-01,7.992903078226850644e-01,6.500709811526017567e-01,4.003406871703651393e-01,3.638567184877365412e-01,-1.216254693759631911e-01,6.837353924181467368e-01,7.299745726926469835e-01,4.102373237594841848e-01,9.251399979793082373e-01,7.904794786902349379e-01,0.000000000000000000e+00,3.266017638149797397e-01,9.768883955165535982e-01,3.389325570182635250e-01,6.025192483103005703e-01,7.048286905796209423e-01,2.984754847632711816e-01,4.433447477490580768e-01,6.804607021992681304e-01,9.439741794875147196e-01,5.897514443672653428e-01,3.956668645453211841e-01,6.200685713238706098e-01,6.067419174795103398e-01,4.244016285017169765e-01,3.872357903990475414e-01,3.173737057291938224e-01,4.370594307634856901e-01,5.505596372125438620e-01,7.564332557150736935e-01,3.851164899562264932e-01,6.352098238013517140e-01,1.452599020214995261e-04,5.815841110046180429e-01,8.259538698763043696e-01,9.838893983734587900e-01,6.369534740687795571e-01,2.109929542584431661e-01,9.991458957883202485e-01,6.060326580182464618e-01,6.996789003089312065e-01,7.600290007294880912e-01,2.027477643215695458e-01,3.773400919903252548e-01,5.462369826480153456e-01,4.914515932966313505e-01,4.909735285143088657e-01,5.484119569011693951e-01,4.399241324099327222e-01,3.003747774350863375e-01,7.353075327945266526e-01,7.118932402132335246e-01,3.963729628940214633e-01,5.834278145812903382e-01,9.458028695438540634e-01,1.442577859729387846e-01,2.662485747871239442e-02,5.837118056317220915e-01,4.463583556536411256e-01,3.577417126978590378e-01,6.032511789658038248e-01,6.753450082094066831e-01,7.683489868046957660e-01,5.043277334355962260e-01,4.385302452402732865e-01,5.379867616413895881e-01,6.067999643477843819e-01,7.610434213862241615e-01,2.553196032394220993e-01,2.189111189203475916e-01,2.747250590105094203e-01,4.838370610929069171e-01,5.693132607968718339e-01,5.251561040735576169e-01,2.351833212128189021e-01,2.483597991674966754e-01,6.186706370996311044e-01,6.463994844673436324e-01,5.399744658968420596e-01,4.731948960546257243e-01,1.088247329268683949e-01
7.754768366433579807e-01,4.021700365257616094e-01,6.777561847166428954e-01,6.763432960480403322e-01,4.437045093286818842e-01,6.009255350131927909e-01,5.509543777036274292e-01,4.441988995872022672e-01,7.993601038603787012e-01,7.130281735702563850e-01,6.980900688830400380e-01,6.469582787844170291e-01,5.420220330061185088e-01,4.503400440440497587e-01,3.266017638149797397e-01,0.000000000000000000e+00,6.081038669550241638e-01,7.458161824798927864e-01,2.755607110670347804e-01,4.959778091979578085e-01,7.803061654858846063e-01,4.430744048345354180e-01,6.300395758596616380e-01,8.737189792672326316e-01,7.626913056038286953e-01,6.945157507067700742e-01,4.958188394041411762e-01,4.291417633857680936e-01,1.269954726510556797e-01,5.778672487014540060e-01,5.441665484051380064e-01,6.600258029740108112e-01,6.026956765409881012e-01,2.240303056636607990e-02,1.116540500216293003e-01,6.842184459268567664e-01,4.578546884306232134e-01,3.235815957334228776e-01,3.144023364070817061e-01,3.072721762624303077e-01,4.684633803688045828e-01,3.559802738817244849e-01,5.587913345818427135e-01,7.367308277760885593e-01,9.580830955141890204e-01,9.869808796760752845e-01,4.520772503849441182e-01,2.870547953357254767e-01,7.563531621266992300e-01,5.388552282426156692e-01,3.138527681513260115e-01,1.616590406840069105e-01,9.439570900996612224e-01,8.633854665279993013e-01,8.667421282954518302e-01,4.630985845599315254e-01,4.044813510362276765e-01,6.510776466435049814e-01,9.379164211891706238e-01,4.409754192821010998e-01,4.918604453069082560e-01,7.718995806559711959e-01,9.121073757183388864e-01,9.276483481181918567e-01,9.239423293109990665e-01,5.073462728181240555e-01,6.709740575622521463e-01,4.382941706152451711e-01,7.693982402637187246e-01,3.726601901372649239e-01,4.573532941194675128e-01,7.478919913874576553e-01,1.962638123158795822e-01,1.215339006708761049e-01,-1.512782653548498668e-01,3.471425718728211873e-02,6.425242887275413040e-01,4.207690565230764457e-01,7.438082981767557555e-02,3.105161155793875194e-01,6.266633087164419358e-01,7.511954084701346623e-01,7.036644334759396546e-01,4.704999493628299057e-01,3.466658886952530549e-01
2.724490472221064996e-01,9.274270870180625348e-01,7.455650953595592823e-01,9.949166786956240571e-01,5.670234118355467201e-01,7.586112828851722112e-01,7.646818321943157359e-01,8.506799488952934141e-01,9.394993601592039889e-01,9.799174978777676071e-01,-1.187740848814718281e-01,6.495482592159074198e-01,6.912666428164213617e-01,6.245506369030863203e-01,9.768883955165535982e-01,6.081038669550241638e-01,0.000000000000000000e+00,5.269179252709930150e-01,7.067391026045088953e-01,5.781930419157501611e-01,5.261084486767243495e-01,6.717467981412550415e-02,8.453293402381417687e-01,4.187541424190115991e-01,8.083419697889671074e-02,6.268330116100179206e-01,5.449066916929959925e-01,6.258303242790167475e-01,3.012803136848620222e-01,2.870728933997490628e-01,6.213524146229519873e-01,2.642714399339541886e-01,6.487223060282450993e-01,3.123891162297858237e-01,7.073943563480784569e-01,2.051193680704990474e-01,3.412061707815404188e-01,4.883918020941905858e-01,7.124044712212272978e-01,6.014617194169012970e-01,7.537949564532648861e-01,7.455595050401726542e-01,7.298339910914637407e-01,8.658971027048529834e-01,9.513699158310776616e-01,9.711313260028329175e-01,7.949258188456947982e-01,6.100451583136041744e-01,3.015480402209493871e-01,7.092348715936156456e-01,8.799912643161791337e-01,9.685240328345359195e-01,5.733565878214588185e-01,6.404892689790337990e-01,5.004297541684660233e-01,7.625784313657076874e-01,5.594392784278277020e-01,3.770744936966202721e-01,4.237718817985507980e-01,3.206035724107816343e-01,7.076895695773367523e-01,9.324874204828836888e-01,8.107989146823439963e-01,5.711318663313644794e-01,7.019868865562850502e-01,5.909397497444454084e-01,9.824213718493295389e-01,4.309478550424264975e-01,2.406081407959139717e-01,6.422363235331008946e-01,6.855845321277176385e-01,7.797222512736121658e-01,3.313686813028750011e-01,5.545027271757209109e-01,8.546675091489763787e-01,9.506558361316411188e-02,8.529462992215058881e-01,9.112512218615460569e-01,2.203044244570987187e-01,2.210782455603475805e-01,9.918789377121663975e-01,6.870688796730479719e-01,4.062910336118428223e-01,4.443037692201236566e-01,2.665912466165514250e-01
9.480221157243673424e-01,8.875053465646217665e-01,6.710740244482318317e-01,8.438323936167746453e-01,5.050592294230958901e-01,9.144821928813232637e-01,3.996482613434790832e-01,4.359203478347727923e-01,4.831499137439412284e-01,1.635019956459617396e-01,6.033972112340901806e-01,7.744966845379953613e-01,3.892351265959466122e-01,7.434781926818666564e-01,3.389325570182635250e-01,7.458161824798927864e-01,5.269179252709930150e-01,0.000000000000000000e+00,3.257177247046842972e-01,7.960456097655479457e-01,6.510956798947060697e-01,2.165557253767144696e-01,2.972124264213141798e-01,8.360868629258801921e-01,2.408964134670339152e-01,5.116114682039976103e-01,8.781269035437534454e-01,6.418651449330092795e-01,2.093093702635778208e-01,6.501963258950143043e-01,4.903210775830141310e-01,3.780013406527287234e-01,2.669073717834625770e-01,6.642911984687184246e-01,6.016929146042477861e-01,2.158734655890742204e-01,2.951348119286869576e-01,6.424255589101146580e-01,6.188919348589262404e-01,7.568485867344948437e-01,5.389860533630187467e-01,4.480159877107265376e-01,8.776277031447803356e-01,7.161093815845365196e-01,8.443474189644919470e-01,2.241007202856364899e-01,6.065092524946807950e-01,7.480692521620670998e-01,4.114464643236596664e-01,6.053575173406029464e-01,2.543973629493316291e-01,5.593659685792085057e-01,5.508452829969535669e-01,7.050667975094444540e-01,2.206782950035995894e-01,7.660369274878294776e-01,4.051624879815902691e-01,4.883393432827471403e-01,6.859236742274377185e-01,7.900551997707558893e-01,4.311022480798173406e-01,3.942886276303925186e-01,4.765029983405553171e-01,6.202717711144757340e-01,9.389099283526916029e-01,5.469381801769949147e-01,2.014897288355708138e-01,5.104647628808243187e-01,6.746983207346951561e-01,5.945182277733982446e-01,9.542932843820240985e-01,8.881419756555081202e-01,4.844179454124455941e-01,3.648482026370573061e-01,5.694960000740911799e-01,6.218020243784250223e-01,6.436723475664916094e-01,5.573836923829901258e-01,2.330854757077472916e-01,2.060947816695639090e-01,3.505931065398230073e-01,6.371320523700764182e-01,9.002729305459150622e-01,7.931716513364804599e-02,6.067395123667541634e-01
