0.000000000000000000e+00,8.195731383670187276e-01,9.784224746593783717e-01,8.914171382871288740e-01,5.606811689436151935e-01,9.069688802315558629e-01,9.812479495479354830e-01,8.509995091733035810e-01,6.043244010764532437e-01,9.874041434629368119e-01,1.899176363698714953e-01,3.155559810786713881e-01,6.367168933592478597e-01,8.573713739434597469e-01,4.881343562284375936e-01,7.742616982544550108e-01,8.512171529079020083e-01,2.538874543356336444e-01,4.563182354271994590e-01,6.785405976551135421e-01,4.089595709748833907e-01,9.505389525244772875e-01,9.570429673100977475e-01,8.504120931566314656e-01,5.198070739981411892e-01,9.181355365967486248e-01,4.522220735383784551e-01,6.793555441130600947e-01,6.743943400002877508e-01,3.718165395326873401e-01,-4.706806651791253793e-02,9.033065067014667271e-01,6.329182704749892752e-01,4.991690879270246906e-01,9.960574529549857115e-01,5.813649476878141042e-01,5.526014859924208711e-01,7.645027015478144117e-01,6.047787745863348885e-01,4.477520101872290992e-01,1.253726129733057915e-01,7.920757931189663648e-01,4.065562050655705528e-01,9.540175619628827874e-01,9.691208829902052679e-01,8.231204292023868163e-01,8.851918166823399270e-01,6.094576513693421571e-01,9.675262422903208037e-01,9.847104118535610073e-01,4.906456820509407790e-01,5.348460100851344379e-01,5.324525419487393663e-01,6.563160380910892933e-01,4.690182670361183193e-01,7.453317358156471562e-01,2.726213822800984676e-01,7.041989390120052539e-01,5.807580856219651810e-01,6.351042326656388681e-01,-8.391318876626915890e-02,6.735939733617581915e-01,9.566897164572063517e-01,2.178731750924365052e-01,6.623457972630046875e-01,7.449230070154192473e-01,6.463196774340398409e-01,5.043728140667180782e-01,1.232250599255624302e-01,6.628188342660079613e-01,4.513661280444810631e-01,4.472555933240432435e-01,7.159864889914937525e-01,4.235842709088060154e-01,7.162884344910629419e-01,7.743538839460837320e-01,9.101946341794874273e-01,9.371979805541588160e-01,4.077168231975132895e-01,2.901297145058978882e-03,4.887829243911678834e-01,9.104132811212121146e-01,7.206476131647920891e-01,7.635880591610083590e-02,7.042191122322566388e-01
8.195731383670187276e-01,0.000000000000000000e+00,6.464442487114272495e-01,5.460146739426173790e-01,1.445130754218173774e-01,5.695143967040954269e-01,1.352036482359001146e-01,9.936117141732518920e-01,9.572481031650816874e-01,9.824219130402356281e-01,6.853932484425967475e-01,2.185718536396049350e-01,6.989720688309405405e-01,9.312340327068150403e-01,3.859066227879588695e-02,8.622557394069984005e-01,9.111224453005108970e-01,-2.572780409557542947e-02,9.717347184910554159e-01,9.409784912345684482e-01,7.563314916579534364e-01,7.692955804516007356e-01,5.236934853397126055e-01,8.481757712719873998e-01,3.353782112778439517e-01,4.449739233493452129e-01,3.203100999550503314e-01,4.989296522016773983e-01,7.287238077229023503e-01,1.875896500805003531e-02,3.356620366847633541e-01,4.714070234858229180e-01,8.213383891964619599e-01,7.193317096209670414e-01,6.420208806064193752e-01,7.785406042874954968e-01,2.135344644668749070e-01,7.700955245532543625e-01,5.655151623796309535e-01,6.125092511016045904e-01,7.321585682468847445e-01,8.080960251574702546e-01,8.645392079755263026e-01,4.614447650647163224e-01,5.599400828879268488e-01,6.088457782042983046e-01,6.885754478189889394e-01,6.945429282774899793e-01,7.851017742800249222e-01,3.541059076831681862e-01,7.607894034178671605e-01,4.801225898236849976e-01,6.321137769247716642e-01,7.865696059292774933e-01,3.906821831048292171e-01,7.704248452685931170e-01,6.034174568872505695e-01,9.519851494917683787e-01,6.699854455433520428e-01,4.123850309535267988e-01,2.269286987894412189e-01,8.004372915616606576e-01,2.968425749715125073e-01,6.484179698034522321e-01,7.446729235039624140e-01,3.376421622478305018e-01,7.579110103673447618e-01,9.753409580743523932e-01,3.272933639794580740e-01,5.264473062937413683e-01,7.708216511733382292e-01,6.525287016862216793e-01,2.283595891297066083e-01,4.195691890237688293e-01,5.321309554717530421e-01,6.856814755402186323e-01,1.107976905357033748e-01,7.814215065904979163e-01,3.762326024940257918e-01,7.943880623951447839e-02,4.409781223734650091e-01,5.315575362348530231e-01,5.078358710584096603e-01,6.806996323444057806e-01,5.971099916776608785e-01
9.784224746593783717e-01,6.464442487114272495e-01,0.000000000000000000e+00,4.461466037142273189e-01,4.295574692235024639e-01,8.324616248455450895e-01,7.795776926970910958e-01,9.413623378031981126e-01,9.392534828755634280e-01,8.157948004710027234e-01,3.555409160400726520e-01,6.823310310185423111e-01,4.473455569070191595e-01,6.321793741469795558e-01,7.975701240142376580e-01,9.318793799374729403e-01,1.744693322880828124e-01,4.386801037027370231e-01,7.224818077641549374e-01,9.016312018795614724e-01,8.098196251738191132e-01,5.727561672044435559e-01,1.818152080890676064e-02,6.741071250507003620e-01,9.183799218355820360e-01,9.591632112979942004e-01,2.658834923886789214e-01,9.763111238604682551e-01,5.891749688520002692e-01,5.483169688517559870e-02,2.960909217158691487e-01,6.378620014075995215e-01,9.330085589804892887e-01,5.742141701229105388e-01,7.342314823951674452e-01,3.056646575766444052e-01,1.261611676863889746e-02,7.717798232505204137e-01,6.598847793605799872e-01,6.459688293471590459e-01,3.909218924337746204e-01,5.663093206687700443e-01,8.593830193465108458e-01,7.543906966840497885e-01,8.819911033868593764e-01,8.339590731977791771e-01,6.378450892998127619e-01,9.000659331653226847e-01,6.254529651454622252e-01,8.014784534385682724e-01,9.614080201324436414e-01,5.349575688929321116e-01,7.046801288320388990e-01,9.318691214092943431e-01,6.604539242037124058e-01,8.582599865692477348e-01,7.463657853964409394e-01,7.091392345698698252e-01,7.988023443947978031e-01,3.365470277312552355e-02,4.659803515205462876e-01,7.809981372703026503e-01,7.534039016697506863e-01,4.904890558208033213e-01,6.398160046010291646e-01,9.155614765920668807e-01,7.749206986825237786e-01,8.776270254497687828e-01,5.178627112902931540e-01,8.232706347694558335e-01,7.192642656274437218e-01,6.023668187862585288e-01,2.139923115910362661e-01,7.862805591667698657e-01,6.757277059158575128e-01,3.244861424833231367e-01,5.703880281675716146e-01,9.887151866422012603e-01,4.424105977488155816e-01,2.985730109641270280e-01,6.942397475797532636e-01,5.054840066517708452e-01,9.297196731596488739e-01,7.132051102785614827e-01,9.502350345852009772e-01
8.914171382871288740e-01,5.460146739426173790e-01,4.461466037142273189e-01,0.000000000000000000e+00,6.694804078234820599e-01,8.395891613350114913e-01,2.116595931354079418e-01,3.030298967321645165e-01,5.109712113927747934e-01,4.429214585084332301e-01,2.432698159745443345e-01,5.678356503152145462e-01,3.365074856566460104e-01,5.781671470701917892e-01,7.717549399227101592e-01,3.329571864104724499e-01,5.896161990757671223e-01,9.867082458462219652e-01,2.872027017308113606e-01,7.854419000586174704e-01,5.177255601039332245e-01,6.851183135469194330e-01,6.764480843850325664e-01,9.634051366472685674e-01,5.853348525969720439e-01,6.671369279958516696e-01,6.120196048858788096e-01,9.431987461023965125e-01,1.272826715701398659e-01,2.694793579003340045e-01,7.449654539657327712e-01,2.002939776393046767e-01,7.466545042958070422e-01,8.826634550616316854e-01,7.318175756830214151e-01,4.509525010777844511e-01,1.659685257537815151e-01,6.295879562807202845e-01,6.743252820976100015e-01,4.998597345539454451e-01,3.066554168777396727e-01,5.641846113299027188e-01,6.330117245335339371e-01,5.020702773750359560e-01,6.310632331473948753e-01,7.378703330322430309e-01,7.625885840045546482e-01,2.076070022490084099e-01,7.416848456980306148e-01,8.837906419658413393e-01,6.889932914667826758e-01,7.031356940434516645e-01,8.779076092406552512e-01,7.597150484350499999e-01,4.982738358498126074e-01,7.429713980096894765e-01,8.767498559013058301e-01,4.466365492694260864e-01,4.884003398554278563e-01,1.014708421880201050e-01,4.592248876214266029e-01,3.299235759840812854e-01,8.107606771016467873e-01,4.762483452723292876e-01,4.995883543186989684e-01,5.231951721381149500e-01,8.854988480986256683e-01,6.298841650587256868e-01,5.582331631968493468e-01,9.824703481397709659e-01,6.218558357284632576e-01,5.652268924588861321e-01,2.667891697001261164e-01,7.754187096964556547e-01,6.140012131673825424e-01,7.190180922185193113e-01,7.499017453974523573e-01,4.297748504342595588e-01,3.656552630753651112e-01,1.443009080195633009e-01,4.629116371478405045e-01,3.680050619243800947e-01,7.970877557219342435e-01,5.553519206374916140e-01,8.049474182512630360e-01
5.606811689436151935e-01,1.445130754218173774e-01,4.295574692235024639e-01,6.694804078234820599e-01,0.000000000000000000e+00,4.625099903617245212e-01,2.403807589008859769e-01,5.945483057138909455e-01,2.406049799837683967e-01,4.869000904123637063e-01,6.505703978571673041e-01,6.676872457470968136e-01,8.742015131714531151e-01,6.090960652263024411e-01,7.681790605010045958e-01,6.030075020019299847e-01,6.900449656459908265e-01,3.606524179413714837e-01,7.945701236604669759e-01,6.507705242376646826e-01,9.902673113083353407e-01,7.087516852564120784e-01,4.622348157140328540e-01,4.318426658957959519e-01,2.446818947533208333e-01,9.684116973588643429e-01,6.961566684550645201e-01,7.105319712385181896e-01,4.695974585796310885e-01,3.303169250635000775e-01,4.242386090671037557e-01,5.623623544724347667e-01,4.190517390761024918e-01,7.106713299776755699e-01,4.212038981534613202e-01,4.068086829968509122e-02,6.685628337639752949e-01,7.022449102940844234e-01,8.955812321519953656e-01,7.488090720078135476e-01,2.102404032275560219e-01,6.200090700052318660e-01,6.181465564023276293e-01,4.200729460018416406e-01,8.610892473261472224e-01,7.704901601407412315e-01,4.057476122903927451e-01,5.178455732931819266e-01,3.686552822877975366e-01,6.491773216694098902e-01,6.847451613014028382e-01,3.255912031150420827e-01,6.126508255958414972e-01,1.129176045065112127e-01,4.973184993374289986e-01,7.632712993702778226e-01,7.358062725844848329e-01,2.663738138328610172e-01,4.427364641680163748e-01,2.069772468785330277e-01,5.456705334352889292e-01,6.645970621521706256e-01,6.930818024598077720e-01,5.903132591562858522e-01,6.519835177760001654e-01,4.338875793401095193e-01,8.383046750819739268e-01,7.731262350952502471e-01,6.623216341086153314e-01,1.098309136042585066e-01,7.973467122477871927e-01,2.218591218645239727e-01,7.434116019991963142e-01,4.738432550238367291e-01,7.060324984680619309e-01,3.733229666403089508e-01,6.577651493435346941e-01,7.775674664551430748e-01,2.455697609280167726e-01,6.822433617907905923e-01,6.952279192458280521e-01,3.193462735933498831e-01,6.767639399301270675e-01,7.833796381236487472e-01,5.015055180812443281e-01
9.069688802315558629e-01,5.695143967040954269e-01,8.324616248455450895e-01,8.395891613350114913e-01,4.625099903617245212e-01,0.000000000000000000e+00,9.511774898548894797e-01,4.462625542126408273e-02,6.664878704874935833e-01,5.210565771226557397e-01,5.488247707148307120e-01,4.566613233880879585e-01,7.466893757634696094e-01,7.540177184149468026e-01,2.855498470558480717e-01,3.369258080699785163e-01,5.825488233104743063e-01,7.072193776221237238e-01,6.639904709997909160e-01,4.693879422420688119e-01,4.322942569201101981e-01,4.914919299099996808e-01,9.893064148767579669e-01,8.286028359983224068e-01,3.263591371855374956e-01,3.538354993669833859e-01,4.327403540599045195e-01,6.663958226394918194e-01,5.106373929140218815e-01,5.412526606371979021e-01,2.739823383500920584e-01,6.980807546585052759e-01,3.675712531352052781e-01,7.897737795156470897e-01,6.458096255946631503e-01,4.388658076799019092e-01,3.371690294686999767e-01,4.299322698017322697e-01,8.857103877186905949e-01,7.276810009457137518e-01,2.356252939622215103e-01,5.337976056155081528e-01,7.494920190076820310e-01,7.774303055693395637e-01,3.375857685900365834e-01,7.628943259687908096e-01,3.041566350193973811e-01,8.011047671192391695e-01,7.989585873294547946e-01,5.239771982236316461e-01,4.032346188539723264e-01,6.471211211004772590e-01,9.793145553220602428e-01,7.710890654864648308e-01,6.693283661713025356e-01,3.452993431280523273e-01,5.448641039262358543e-01,4.830731305841359235e-01,8.228676283833806782e-01,5.452639598315631719e-01,7.642037583480111307e-01,5.837597081545936595e-01,2.370969913957922948e-01,9.929723620106571946e-01,4.280002683058968249e-01,6.797803976085670108e-01,6.144765201457587089e-01,5.182505780355362024e-01,8.936283208507574960e-01,7.006163986748400463e-01,8.202224314484610757e-01,1.648250803726702407e-01,4.520592601790194287e-01,2.635914900393774296e-01,6.183056564277655820e-01,7.450330253470230923e-01,7.040792011811206619e-01,7.392781264139319797e-01,1.341579404620904803e-01,2.080090793054970022e-01,9.427201817868834377e-01,6.712428588943604169e-01,4.686235143588922680e-01,6.514672398390104480e-01,4.188840554093297142e-01
9.812479495479354830e-01,1.352036482359001146e-01,7.795776926970910958e-01,2.116595931354079418e-01,2.403807589008859769e-01,9.511774898548894797e-01,0.000000000000000000e+00,8.858814187608267110e-01,-1.835654624987306804e-01,3.233030605533021018e-01,4.109390808441713561e-01,6.247670668482654399e-01,6.737121495441602548e-01,4.649851552379419273e-01,4.881474618365817530e-01,3.858046868861780831e-01,7.387297173629208125e-01,4.162333577922527339e-01,5.133266954863839882e-01,6.237418387496131977e-01,6.439793855617259588e-01,7.479656997342729596e-01,8.658988660907691592e-01,8.695258648667636425e-01,4.981768989676672588e-01,7.752338757442234218e-01,1.081971665613503941e-01,7.957088135346875868e-01,4.807963576811550288e-01,1.916972768385552806e-01,2.045821090728316416e-01,2.358031358009982370e-01,7.270067551094595570e-01,2.934045278824152780e-01,5.180709475822287136e-01,4.805260969106343039e-01,1.338539342991499070e-01,8.536674816118127174e-01,9.865994627073536583e-01,2.692521851569344427e-01,1.781882335932766237e-01,2.116956478260608177e-01,7.688415192723732083e-01,5.712763570582737316e-01,9.703624465957503276e-01,4.836884944165163458e-01,5.768147438474693356e-01,2.251278094338123592e-01,3.407336957618284368e-01,3.767128815462008617e-01,2.828055546577749046e-01,5.474243492916441856e-01,8.309018305322541931e-01,1.657805407610424275e-01,7.432471059279283088e-01,3.745075762702873012e-01,6.644465966455088690e-01,6.449305544933749967e-01,6.559427800298351929e-01,4.431791059026426449e-01,3.465302067653824869e-01,2.042554447249838034e-01,4.555499715725195853e-01,3.263461727899487075e-01,4.900206787443153189e-01,7.230654254733455133e-01,6.547124956812844232e-01,9.208078670276520494e-01,4.219863145114121639e-01,2.326133215393348941e-01,3.019938095047619564e-01,7.507048866826175892e-01,2.537161608109018696e-01,1.619077870775549877e-01,4.451556546824983474e-01,7.412032762639698680e-01,4.542877777122335536e-01,5.657480976398434613e-01,8.779304930664906526e-02,3.540541598438780024e-01,4.561511693504147757e-01,1.639533761077806850e-01,2.159517304213917355e-01,5.879425948693453030e-01,5.301700080506515089e-01
8.509995091733035810e-01,9.936117141732518920e-01,9.413623378031981126e-01,3.030298967321645165e-01,5.945483057138909455e-01,4.462625542126408273e-02,8.858814187608267110e-01,0.000000000000000000e+00,3.551174912749741619e-01,3.974807557771796729e-01,4.478837922141707395e-01,4.705823136763202519e-01,5.195570818964486692e-01,4.236150476500855078e-01,7.982572277479310641e-01,6.600732226122657531e-01,5.732639307890684544e-01,5.154158085620542673e-01,4.810519973699383112e-01,7.237961571759986557e-01,5.541617923556551029e-01,5.787798977487871310e-01,7.785030144751016179e-01,7.762390157105157895e-01,5.764727108745114625e-01,7.590517513216663570e-01,5.188212001716545618e-01,2.557354281561101672e-01,4.094992706114763403e-01,4.222982084888913246e-01,3.472972118165027489e-01,4.730636169228386034e-01,5.678025657728824616e-01,6.739961450339335691e-01,2.620382531129651360e-01,3.658783007819851330e-01,1.226621832170635140e-01,4.136543804763325172e-01,6.968063585961062900e-01,2.711484914247627720e-01,5.172437768988991103e-01,2.663594808950204285e-01,8.171088349573076837e-01,4.517113041172067800e-01,9.506384375813712317e-01,6.397854440342448656e-01,4.715792583694515261e-01,3.292612783174645452e-01,2.174207829309547368e-01,4.551439234197114936e-01,6.205438669400262786e-01,3.554407130664427594e-01,2.742304716297358502e-01,7.742083721351762371e-01,6.677269207430465148e-01,6.594771701142647657e-01,6.668308736322956509e-01,4.601102525247852126e-01,7.932293449185496836e-01,3.942232765681720208e-01,5.444573974715907760e-02,3.402817444180648021e-01,2.297758193563466389e-01,5.084942428498647748e-01,3.787241433129885926e-01,3.704010552772617482e-01,6.729549791379501045e-01,7.615242820743504115e-01,1.858893009736369561e-01,2.600183747160908498e-01,2.265767060403097166e-01,-7.231729109896434249e-02,7.539946846069082165e-01,1.639935203224231752e-01,2.334785279844570072e-01,-6.885378652371820785e-02,5.671173673985071551e-01,9.319370628946332946e-01,7.853158952975104468e-01,1.722594857624157039e-01,7.905338993989101670e-01,9.288790856544962837e-01,5.331100955400531749e-01,4.021367251035848911e-01,6.585432682221448175e-01
6.043244010764532437e-01,9.572481031650816874e-01,9.392534828755634280e-01,5.109712113927747934e-01,2.406049799837683967e-01,6.664878704874935833e-01,-1.835654624987306804e-01,3.551174912749741619e-01,0.000000000000000000e+00,6.999483536782892257e-01,2.690665243874582613e-01,6.397610552440169407e-01,7.069277235073935239e-01,9.476728211367775323e-01,8.480495404948845684e-01,2.954835216321727298e-01,8.532304268932826563e-01,3.941260233743218988e-01,4.552819642342926243e-01,6.826239804120841637e-01,7.631029490453866693e-01,4.069442366655230403e-01,5.180076247153433400e-01,4.525409326858979009e-01,4.036995500142281368e-01,4.151746862179863662e-01,9.533967123172611968e-01,5.901607541742723839e-01,6.794898009595783384e-01,5.115682210366330196e-01,3.441122310769389459e-01,4.435350477641554212e-01,5.460522908943052922e-01,5.842379649855109491e-01,7.537569727026283833e-03,3.361038033553080950e-01,3.835087368966661470e-01,4.234880037456127400e-01,4.149666683628727704e-01,5.077798680523614161e-01,6.287029148182831095e-01,6.966360170725724998e-01,9.173255802107953549e-01,6.589672249928091308e-01,9.964393616703481893e-01,5.548734725917428001e-01,6.529630238802814901e-01,7.516040977278376500e-01,9.355328440606150431e-02,2.346646360915412566e-01,8.269129571149560487e-01,7.669561980277097568e-01,2.597923851967147146e-01,5.851528488158859176e-01,4.179888058929658312e-01,5.064156258318733839e-01,7.010786275513063437e-01,4.115176021654202709e-01,8.989544544603405019e-01,5.451779314451061786e-01,6.137634709454491411e-01,2.896844185866830901e-01,4.189120779514037829e-01,6.667514382038892684e-01,5.513737909554301542e-01,2.504074498791258874e-01,1.340458419390262723e-01,3.149592758917384994e-01,7.976435888153139420e-01,6.652473968283173500e-01,8.507503052061290427e-01,4.814602920915506679e-01,4.834169180801891064e-01,4.770822860398726828e-01,3.586281521163142694e-01,4.917153594133998329e-01,6.616842925991935076e-02,5.151065632622089385e-01,6.165665315994064422e-01,2.650791876671664826e-01,7.462518343915469643e-01,7.171072829660434245e-01,3.175698761263968661e-01,7.222755670366209912e-01,7.585150293495798168e-01
9.874041434629368119e-01,9.824219130402356281e-01,8.157948004710027234e-01,4.429214585084332301e-01,4.869000904123637063e-01,5.210565771226557397e-01,3.233030605533021018e-01,3.974807557771796729e-01,6.999483536782892257e-01,0.000000000000000000e+00,6.238493225803529718e-01,6.189462366804298066e-01,9.267720564445471876e-01,7.301336615011746467e-01,3.200546997279334338e-01,7.628268364516270772e-01,6.052691872549726959e-01,5.750092367977421848e-01,7.947106468576874416e-01,2.815000237872641864e-01,6.323603544067171178e-01,4.851543402769282198e-01,4.785410153266307920e-01,7.983756260829720786e-01,7.510137768533176050e-01,7.113017739947317120e-01,8.315908941034153568e-01,7.625750086395703953e-01,-6.758444060164300882e-02,3.814950945543818528e-01,2.495295416513850228e-01,-2.639969606596312413e-02,6.060344411660373298e-01,7.807843674608574425e-01,5.677496329668139108e-01,3.709693090510435276e-01,4.248309627249336473e-01,3.332546256677306751e-01,6.043386270841332175e-01,8.220613284151968569e-01,2.551483880124952308e-01,7.241965709887738800e-01,9.144480919062172308e-01,2.173514345173810924e-01,8.563009133791457117e-01,7.998751672333130891e-01,1.844026026369620652e-01,6.492812270813853592e-01,5.865616611268013036e-01,5.737773283749356690e-01,2.216667364394644957e-01,7.043486160478928948e-01,5.112427930287217759e-01,5.875028855870760847e-01,9.315698625244349662e-01,2.127597369784539061e-01,4.597484508500713218e-01,2.198796913014084420e-01,5.394844991863596562e-01,2.660801760373752295e-02,2.412093960649840108e-01,6.806909034932573377e-01,7.972699289245219756e-01,8.501619927715211578e-01,4.577608850371743254e-01,1.010996614241333044e-03,7.393868197618460592e-01,9.660270830985027146e-01,4.980355074022673190e-01,-1.305042595965909269e-01,9.229758963885053014e-01,5.744110321226215676e-01,5.540750027956731216e-01,5.823855535843518449e-01,4.823319527908456195e-01,7.060244639142994050e-01,6.674628549795869059e-01,4.117840993891123125e-01,2.285221094494493954e-01,3.042675466882653890e-01,3.518453423272678848e-01,4.551871864777490284e-01,9.148408241776260219e-01,3.434798257175368796e-01,1.739424226150318997e-01
1.899176363698714953e-01,6.853932484425967475e-01,3.555409160400726520e-01,2.432698159745443345e-01,6.505703978571673041e-01,5.488247707148307120e-01,4.109390808441713561e-01,4.478837922141707395e-01,2.690665243874582613e-01,6.238493225803529718e-01,0.000000000000000000e+00,4.480567892452508860e-01,6.388249297028378848e-01,5.014016572413689810e-01,8.076309177104021853e-01,2.592749732183591838e-01,4.562500923786155238e-01,7.507814748099412849e-01,2.436269190548063512e-01,9.655003175917586944e-02,2.188350207777882417e-01,7.652290102414109896e-01,7.041255028772261948e-01,9.585626824751684039e-01,6.974727758243888243e-01,5.090871362917960274e-01,6.569864229323765237e-01,7.835558489177726349e-01,2.511405398315737503e-01,2.011277309242583411e-01,2.047010841300061501e-01,4.494043438789713241e-01,5.616890293854268634e-01,6.093717707537676942e-01,4.475986773890628379e-01,4.060762490868069507e-01,4.149135130187835974e-01,4.629210817042748172e-01,2.029561496135177390e-01,7.362339276231879559e-01,2.615807104372434161e-02,3.337082802759211431e-01,7.853170601831300779e-01,4.194864887524160091e-01,9.565715693006962006e-01,3.876292644059716741e-01,8.562098941524953766e-01,4.149697579000987124e-01,5.863752358868491443e-01,7.218829535613185966e-01,6.712657725601284264e-01,7.760437383110935228e-01,5.479928897769017482e-01,7.876179923464777799e-01,6.442317814368951900e-01,6.434039976718766152e-01,4.989661561909705112e-01,3.478387603522999916e-01,7.149017103270026707e-01,6.690180726117882504e-01,1.017648824032147542e-01,4.627093417578710399e-01,6.612862854288561465e-01,5.089121995394328968e-01,6.492756868144069493e-01,2.206422301771488459e-01,6.142381931169854647e-01,9.752269102909600917e-01,1.575069058008321254e-01,6.073679346154151615e-01,3.729631991450284567e-01,3.160964201349065750e-01,4.012287126542888327e-01,-4.901620224885039345e-02,2.245056515086998050e-01,6.104715845387600481e-01,7.165963699744352100e-01,4.568108290182987807e-01,2.295547926418176898e-01,4.575458662982843233e-02,5.355339600968980207e-01,8.822567605009931091e-01,7.277141022821864702e-01,2.816608501540455167e-01,1.433857615582834477e-01
3.155559810786713881e-01,2.185718536396049350e-01,6.823310310185423111e-01,5.678356503152145462e-01,6.676872457470968136e-01,4.566613233880879585e-01,6.247670668482654399e-01,4.705823136763202519e-01,6.397610552440169407e-01,6.189462366804298066e-01,4.480567892452508860e-01,0.000000000000000000e+00,8.871839062912810769e-01,7.176801097189852152e-01,5.881800135178891775e-01,6.556971525885955110e-01,8.233619833416212508e-01,5.394186042287818506e-01,3.458123506891619958e-01,6.644927980693473568e-01,9.797703830828945470e-01,5.728663328735809079e-01,6.036824468481302164e-01,9.301890313006876410e-01,6.390718800286032675e-01,6.255357651038235822e-01,6.949607546585330198e-01,3.252257152238976490e-01,5.151497928242919633e-01,-1.427787211038370752e-01,5.681636499207110003e-02,-1.546592224902075541e-01,8.015526521242144486e-01,4.295502735479327372e-01,4.663333932489276412e-01,3.698939623029379731e-01,3.587243502132285156e-01,2.870447086490022226e-01,8.106082081986605292e-01,6.525836542875648183e-01,6.124618615813665068e-01,4.630598826294162196e-01,6.886635237410012600e-01,7.175982343395350682e-01,6.958496755080176843e-01,7.276553567476544693e-01,8.181549705173731812e-01,3.681297701816912404e-01,5.655047748065786806e-01,6.073635260414592674e-01,9.202900542640196635e-01,4.290191837380141204e-01,8.787753758715829422e-01,4.155253779345399745e-01,9.710704161138370427e-01,7.503783553658859296e-01,6.121118427259354400e-01,7.781487333603018808e-01,2.106679113824419525e-01,2.537030367599343306e-01,7.239670467826668787e-01,7.974211281478105207e-01,6.563202452078565896e-01,3.130766610299302866e-02,8.388300164132328485e-01,4.613798942241438272e-01,5.739837963181264602e-01,6.812670297354621596e-01,7.131703007497456337e-01,7.584525732887688054e-01,6.539571285550468405e-01,8.145655541827920842e-01,4.404287032012898506e-01,3.665562176002013506e-01,8.145455410440090027e-01,4.684783460298311830e-01,6.804581798151774219e-01,6.801561539575369242e-01,4.483753752269948323e-01,1.131340384258477522e-01,5.344413018942083538e-01,4.259735833543918382e-01,7.994641213283077974e-01,7.735624797308416900e-01,6.375130099850250254e-01
6.367168933592478597e-01,6.989720688309405405e-01,4.473455569070191595e-01,3.365074856566460104e-01,8.742015131714531151e-01,7.466893757634696094e-01,6.737121495441602548e-01,5.195570818964486692e-01,7.069277235073935239e-01,9.267720564445471876e-01,6.388249297028378848e-01,8.871839062912810769e-01,0.000000000000000000e+00,7.252637371638624986e-01,6.060019842908311860e-01,9.628783115673288096e-02,8.982540587974973123e-01,8.409246765068667528e-01,9.564088069834584260e-01,9.258707799241261416e-01,5.875573425070882427e-01,6.426391111925522370e-01,4.573562385228515659e-01,7.289276716809394152e-01,5.222422624497197186e-01,4.828225337142705298e-01,4.641370949526215095e-01,4.553736175963402633e-01,6.998057599378822990e-01,3.847687123595040504e-01,7.019440954851614844e-02,3.603948544468525972e-01,9.419193264961074341e-01,3.669325730029092680e-01,6.745611629792944708e-01,2.914205973343981793e-01,2.390007387554289042e-01,9.327563878374495188e-01,6.528856979632030599e-01,7.090191630146303048e-01,4.068428476169911323e-01,7.564528193490788199e-01,8.208914202657071613e-01,7.832128253537362639e-01,8.538409055756015498e-01,4.871029329072866232e-01,5.690837488935832633e-01,9.025829624868672019e-01,6.710081048288273342e-01,5.432735161310788818e-01,2.529395801142485523e-01,7.447212168706850433e-01,5.547147760084031320e-01,9.565007747030163099e-01,8.832722294167266730e-01,7.089461140978935427e-01,5.355371558723376335e-01,9.871406410555981781e-01,8.510973244534894011e-01,5.381627850730297258e-01,4.737032775887825009e-01,9.160261655385817381e-01,9.016167009631413931e-01,7.199182857641241995e-01,6.131607120005435618e-01,2.897035095996666754e-01,6.908199003529221782e-01,8.775095404365179652e-01,5.254769521654054643e-01,3.957026294907952102e-01,6.616157653534512351e-01,8.132216065819678485e-01,4.268657328380884852e-01,4.106102722685020523e-01,1.443167072029591658e-01,7.945000235526336052e-01,7.305047076795267991e-01,1.883199368022064613e-01,5.648475158031529553e-01,3.887903219016841661e-01,5.767915557380601799e-01,7.961753877281736447e-01,6.910706483221710217e-01,6.898448320046494109e-01,5.136299433499453837e-01
8.573713739434597469e-01,9.312340327068150403e-01,6.321793741469795558e-01,5.781671470701917892e-01,6.090960652263024411e-01,7.540177184149468026e-01,4.649851552379419273e-01,4.236150476500855078e-01,9.476728211367775323e-01,7.301336615011746467e-01,5.014016572413689810e-01,7.176801097189852152e-01,7.252637371638624986e-01,0.000000000000000000e+00,4.344244889727696401e-01,8.933866959211468339e-01,2.138098357695937257e-01,5.825493257550015125e-01,8.851644474445894417e-01,6.494755954759562355e-01,8.700432802138565735e-01,7.751337056044772522e-01,9.385062391181228092e-01,8.953931434277658807e-01,5.193823623719950877e-01,5.676514722321897022e-01,9.561603966049592174e-01,4.025800580263302897e-01,7.248687214669651269e-01,4.167539433067567467e-01,4.491228200293908013e-01,4.025504368750909556e-01,5.164489045805639167e-01,7.405062636684262012e-01,6.745046798089535667e-01,2.958165180852270759e-01,3.269588893580791522e-01,7.873547776663136766e-01,6.895988692589924973e-01,4.358342199858848964e-01,5.360558439786609064e-01,4.980595415777022694e-01,9.424053467402981887e-01,5.452305649862594361e-01,8.088818893291780388e-01,6.654494697532442604e-01,9.071954253251713896e-01,7.034097007019304293e-01,9.105630511734748023e-01,7.512816435857837538e-01,8.029708201850034310e-01,5.202594465704430959e-01,6.373909441319480784e-01,5.189166571329077993e-01,6.724888612421722200e-01,4.383988795618771750e-01,7.160277613345852332e-01,9.336317780501032226e-01,1.208558912581544909e-01,7.189580661249644900e-01,4.352508521550285669e-01,5.685917736157853897e-01,4.379349570195075203e-01,3.656989174455054226e-01,8.408357968556210427e-01,6.382650860763871004e-01,6.003379465095575185e-01,2.757264216935756407e-01,3.657038287142716504e-01,5.666073685413453020e-01,8.619418404405148060e-01,5.662848354313516630e-01,2.570278701423250323e-01,1.986415030825519901e-01,7.719762376138363802e-01,9.393554141188955597e-01,9.496335116311863667e-01,9.164176627090747651e-01,1.899115203315590028e-01,9.519835734966282381e-02,7.760751701681041226e-01,7.429382399668410519e-01,6.610510424910950311e-01,5.590138840401981390e-01,9.235840588648439597e-01
4.881343562284375936e-01,3.859066227879588695e-02,7.975701240142376580e-01,7.717549399227101592e-01,7.681790605010045958e-01,2.855498470558480717e-01,4.881474618365817530e-01,7.982572277479310641e-01,8.480495404948845684e-01,3.200546997279334338e-01,8.076309177104021853e-01,5.881800135178891775e-01,6.060019842908311860e-01,4.344244889727696401e-01,0.000000000000000000e+00,6.163861042724256833e-01,5.195399012519786863e-01,7.167572252436027469e-01,4.357115961955358996e-01,4.021411923111275488e-01,7.757084057389204146e-01,4.008058271047301169e-01,5.886753609651124153e-01,7.086128748597412264e-01,4.720377996323223968e-01,3.464574514512400727e-01,7.220820308188536929e-01,4.278302803131162069e-01,3.965525469737388731e-01,3.543918732684031569e-01,5.777104364670487824e-01,2.382872107102850801e-01,6.733980791170015578e-01,8.597079429375864557e-01,1.904106181261668029e-01,6.783931480326328423e-01,3.349783167577082832e-01,5.841683633939311893e-01,5.569844579262104300e-01,6.265987380418892583e-01,2.780794524172441884e-01,5.971524502065501672e-01,5.582456727376016170e-01,4.300180548498853117e-01,2.289921250050564183e-01,8.622831071233845179e-01,5.541565359315177020e-01,1.470737076698331591e-01,2.158829322691909192e-01,7.850963920848684774e-01,6.058247936922152022e-01,7.908226323067576446e-01,8.723769538431294102e-01,4.591819386531040825e-01,8.788363542663631955e-01,6.737982677771885420e-01,4.495389131342448774e-01,6.084426925925254803e-01,5.926789536660361790e-01,5.978233018899168361e-01,3.724498584739437818e-02,3.720858267978014444e-01,2.387996812744604958e-01,5.814608264864173925e-01,5.046813256313550378e-01,7.031251782001873840e-01,6.069876975020059851e-01,5.934489903716121395e-01,4.136658850731478876e-01,2.839992515870236600e-01,9.013440394288496638e-01,6.617217609178491777e-01,4.160721372853926625e-01,2.292178127364944695e-01,7.238416780609994161e-01,2.504674002895683205e-01,8.276019269963172942e-01,5.933574031237565105e-01,6.832938507705396125e-01,3.866310702245809861e-01,6.671867103576645253e-01,7.708105707059873524e-01,5.868127271297012282e-01,4.407256443067367191e-01,6.101855380990715005e-01
7.742616982544550108e-01,8.622557394069984005e-01,9.318793799374729403e-01,3.329571864104724499e-01,6.030075020019299847e-01,3.369258080699785163e-01,3.858046868861780831e-01,6.600732226122657531e-01,2.954835216321727298e-01,7.628268364516270772e-01,2.592749732183591838e-01,6.556971525885955110e-01,9.628783115673288096e-02,8.933866959211468339e-01,6.163861042724256833e-01,0.000000000000000000e+00,1.133871702536105031e-01,3.778435771697038481e-01,4.905129634334168820e-01,4.539111187928183688e-01,8.186450253959161039e-01,5.167701798624296794e-01,8.987001859859876651e-01,9.283957189802823085e-02,4.351310491731534835e-01,-1.991539698083293897e-01,5.362053477344511654e-01,5.497630007528501173e-01,3.144041891073168227e-01,2.855679155786746692e-01,3.206902712417650236e-01,3.003112050375294495e-01,3.243691377740200998e-01,4.203583848905425580e-01,2.265938797109765535e-01,7.226674028145796402e-01,5.228912333187407668e-02,5.290456907747371762e-01,7.974949827363597699e-01,7.914401909262277490e-01,6.696595862902706697e-01,9.477298680381449625e-01,2.667290100643563977e-01,7.587963016631467106e-01,7.279023640463737621e-01,8.440225495378002041e-01,6.514288843897546588e-01,1.551873991737119374e-01,6.545250109208013978e-01,6.569671494958951863e-01,4.526735949159313432e-01,4.902374218790878091e-01,7.687919871558928087e-01,4.797790612765042151e-01,8.213562886027763188e-01,9.916912988125331507e-01,4.443466654056315024e-01,6.357501209087192962e-01,6.337179943901638524e-01,2.701509045848593527e-01,3.001145543241819924e-01,5.439059695714554277e-01,7.014871573251592052e-01,6.598640286527847065e-01,6.177502125891611851e-01,8.828488342541100931e-01,7.995622059348252986e-01,8.562039270250363376e-01,6.193806944759047139e-01,8.168549297688342259e-01,5.534785639408212887e-01,8.224837968386280451e-01,4.809735384096097688e-01,2.548335737268654644e-02,2.233269824939546067e-01,4.811421159833948469e-01,2.772688937142930854e-01,7.169226055114102936e-01,5.353958839566212990e-01,-1.623846743884449495e-02,4.710808559500235804e-01,9.396196735123012456e-01,7.538193400323214277e-01,7.960340988365366410e-01,8.254265712292047086e-01
8.512171529079020083e-01,9.111224453005108970e-01,1.744693322880828124e-01,5.896161990757671223e-01,6.900449656459908265e-01,5.825488233104743063e-01,7.387297173629208125e-01,5.732639307890684544e-01,8.532304268932826563e-01,6.052691872549726959e-01,4.562500923786155238e-01,8.233619833416212508e-01,8.982540587974973123e-01,2.138098357695937257e-01,5.195399012519786863e-01,1.133871702536105031e-01,0.000000000000000000e+00,9.122334989379773384e-01,2.255497350559179104e-01,9.726871836729484855e-01,4.377381395173092216e-01,6.413125614061032653e-01,3.096847569885788909e-01,9.794110616817383042e-01,1.991741008956301739e-01,5.835026388579056533e-01,4.385182545107008667e-01,5.282875238590908351e-01,4.535083685610735715e-01,5.811663767428087990e-01,1.760307199138549106e-01,7.653267916742656496e-01,5.537312255539256212e-01,7.256315862188233989e-01,3.773000466348906956e-01,2.666879708542547744e-01,1.502820972543506550e-01,5.244482586055647655e-01,3.596504539384032251e-01,6.856473964605674931e-01,2.729734555154080811e-01,3.347919556961808096e-01,9.722299842528978608e-01,8.278369633899635982e-01,9.931718216607278160e-01,9.169006573261803128e-01,8.935477079399337663e-01,-1.555649058508476457e-02,6.442474136717207811e-01,7.273113237858850333e-01,7.385167782521306901e-01,3.890985236360178234e-02,8.491302893817648245e-01,7.469530622653306473e-01,9.833583149461652129e-01,9.770526076483425637e-01,9.831594724978156563e-01,5.100573867494324620e-01,9.289801348304417283e-01,3.228204542653447806e-01,3.651482732689517174e-01,4.112948326862666537e-01,7.663577726602311957e-01,9.661295068726997171e-01,6.095849877939130135e-01,9.530876566009005568e-01,7.238796838330996408e-01,4.245600117073066171e-01,3.743641599882187032e-01,7.728103387041330707e-01,7.852708942178647789e-01,8.091093114379911411e-01,2.373984199918873772e-01,4.209682391515498501e-01,8.776010079102286587e-01,4.623043778731621978e-01,3.034880016268250436e-01,7.644928699630468838e-01,-3.439030682574240050e-02,4.024970705076480471e-02,9.467383628099675097e-02,5.170813495957530259e-01,6.184969022921169568e-01,3.749911223594922793e-01,3.767973370263104638e-01
2.538874543356336444e-01,-2.572780409557542947e-02,4.386801037027370231e-01,9.867082458462219652e-01,3.606524179413714837e-01,7.072193776221237238e-01,4.162333577922527339e-01,5.154158085620542673e-01,3.941260233743218988e-01,5.750092367977421848e-01,7.507814748099412849e-01,5.394186042287818506e-01,8.409246765068667528e-01,5.825493257550015125e-01,7.167572252436027469e-01,3.778435771697038481e-01,9.122334989379773384e-01,0.000000000000000000e+00,8.477787763744155658e-01,8.732137959311850883e-01,7.006036835413902431e-01,4.790169105181198983e-01,7.492650066529866759e-01,5.179087529465838946e-01,6.552966431843857409e-01,2.974083140856858057e-02,6.720471482891677839e-01,4.996119298923950014e-01,4.604267321002313840e-01,3.864653421273174239e-01,3.309358110416594223e-01,5.821157216330783424e-01,7.742079529926382958e-03,7.888727117412726031e-01,3.760690137353841500e-01,2.956898948188207421e-01,4.285080023821760120e-01,7.819607280348432887e-01,3.078126545696201477e-01,6.554227812790274221e-01,2.845907790967462381e-01,7.882044502740934711e-01,2.054120278595933380e-01,5.648136720736589567e-01,9.405363988667690689e-02,4.856692109204909791e-01,6.625409345925801219e-01,7.965598953477807109e-01,5.198616219438921826e-01,4.445103073008356276e-01,4.303359939149309366e-01,4.284854458329708238e-01,7.468078546975260856e-01,7.216963271523358925e-01,9.189230721263013102e-01,9.384256510370836413e-01,4.773984429912798699e-01,4.283494990860169382e-01,8.377701177204766037e-01,9.807704265679699773e-01,2.210789070330625439e-01,7.764872922931527477e-02,9.735613579840808329e-01,9.388794180479682616e-01,7.939442537072219919e-01,6.912301989128976087e-01,6.533682521386694475e-01,8.587497512194011140e-01,6.465787024696679763e-01,4.769422236566996931e-01,4.493399929181319044e-03,2.220473645243469796e-01,2.713073828698859824e-01,3.195800176549955518e-01,4.157706563859526749e-01,7.968202532297261609e-01,3.112549649425017106e-01,3.586567457784615165e-01,1.285903296471420376e-01,3.111265771704760930e-01,7.923128937524958060e-01,7.324073680702345435e-01,3.646527151149687729e-01,4.520354930606762522e-01,5.773972292561662112e-01
