0.000000000000000000e+00,6.637292077354848274e-01,4.409558467468275289e-01,6.693972356519065636e-01,8.496964130893885914e-01,1.277189162987235338e-01,8.468014509233239284e-01,7.391775034769174635e-01,9.538988731328876813e-01,8.930037614565368154e-01,8.796932078525763199e-01,8.063789132409870941e-01,6.286945302570788874e-01,5.280982488505122641e-01,7.012700036595792552e-01,6.518483829812744546e-01,6.891112628597624301e-01,6.618165939004579945e-01,9.880269661702476558e-01,8.062177043084557404e-01,9.309683916075031096e-01,6.508307521257326034e-01,9.076562695974295103e-01,9.109067948239152335e-01,8.760571204035342285e-01,8.643088494565220881e-01,9.049419250214503219e-01,8.133852142496573734e-01,7.764795787469103150e-01,4.404441689243757119e-01,4.887352426197622557e-01,7.439752967589341459e-01,8.867705080639741722e-01,9.522603676314929100e-01,6.681027252286572127e-01,2.989824585029731696e-01,3.559778530402789576e-01,7.975198964321247308e-01,5.862607986226024970e-01,6.213858599844938047e-01,7.134749852321583541e-01,7.781789336207241004e-01,8.805394184777504130e-01,6.025233959278598617e-01,9.821933215029807762e-01,2.275403474882951860e-01,8.510328969462102044e-01,6.304357600934037409e-01,7.757717576687425121e-01,4.493339258667312652e-01,8.678354957600096231e-01,7.222271422805391916e-01,2.081652081433472690e-01,4.157611183302752367e-01,7.817142891548942707e-01,4.750281998990915633e-01,3.053795268683320296e-01,7.047153629081427395e-01,5.924244151602033881e-01,5.937548828571439508e-01,1.143760471769562082e-01,1.930231745471089333e-01,3.575773969459635770e-01,8.032964918273448607e-01,9.988583469518907965e-02,7.485399476471362723e-01,8.243713204482259194e-01,7.970828983785145372e-01,6.314172214747262313e-01,9.774610960286239658e-01,8.761263161322387916e-01,-1.721556576941143946e-01,5.555541748773917821e-01,3.054644470420067037e-01,7.082854755186781537e-01,9.613654668933294678e-01,5.539826333935752301e-01,8.912658896420549981e-01,5.824092921118588784e-01,5.813143387739693191e-01,3.889735271755242474e-01,5.229174465970822805e-01,9.456074261461389074e-01,7.428563145219764241e-01,8.124413771443153021e-01
6.637292077354848274e-01,0.000000000000000000e+00,9.810084393852602780e-01,8.966626739316970740e-01,7.910822091225361286e-01,4.752552893136120504e-01,3.491634398095456726e-01,7.373940060803541030e-01,3.996277459241323049e-01,8.702919935662296602e-01,8.096193574197626530e-01,6.846131083923095995e-01,3.219956160172620652e-01,5.430962977775526390e-01,4.365352570755902106e-01,3.270073462559639627e-02,6.189466839375181717e-01,9.192294822189377435e-01,4.833293445178765135e-01,4.901794309087523227e-01,8.983640678540152358e-01,6.412919186557948237e-01,4.971847191133006993e-01,7.571930491867723267e-01,4.833481089013196841e-01,6.530876276720547491e-01,5.420296400108970403e-01,6.036531025913571824e-01,4.895638005482628730e-01,4.255114709040468401e-01,5.709307909338532383e-01,6.144385724952767802e-01,8.539047746016649176e-01,7.680339072063736561e-01,6.549518712611839266e-01,3.808963054914457080e-01,1.895159074228953966e-01,5.985277385901519587e-01,4.868405573211078696e-01,1.752299378241294336e-01,6.032524290512162324e-01,4.214552625469893954e-01,7.283151249536093941e-01,4.839312828871160099e-01,9.506870027192572126e-01,8.342294852728808774e-01,6.849610279560395254e-01,9.893624600859560747e-01,7.915075235766426687e-01,4.625049879610579895e-01,9.986456393007759891e-01,8.876746898442514633e-01,9.488794673723764950e-01,9.579907972886302081e-02,8.504894407279925961e-01,7.273185233689803963e-01,5.375017501210602733e-01,6.041491577172616312e-01,2.174017971320067466e-01,2.510212136530526328e-01,4.672479978732232420e-01,7.428789350293516502e-01,4.258520814563148127e-01,6.247659279803043919e-01,6.277784054147458326e-01,4.648172583246084483e-02,7.974752007494119166e-01,7.558915744393515102e-01,6.224969687875352431e-01,8.160972149349443594e-01,8.642823530331246173e-01,2.009275284691560415e-01,8.473722756502032050e-02,4.267546643894978287e-01,7.686228805155870258e-01,7.145039331117678527e-01,8.952591453102232144e-01,7.565742872458949275e-01,2.469521601186209503e-01,3.456283738877510142e-02,3.886035070659205060e-01,6.989461264214589242e-01,7.740382011086368585e-01,5.177055353002832927e-01,1.927359366967918430e-01
4.409558467468275289e-01,9.810084393852602780e-01,0.000000000000000000e+00,6.410359456283410973e-01,3.604328938784623348e-01,7.709692149612582535e-01,9.303902211307537584e-01,6.270734632384245000e-01,9.633697418769866516e-01,5.344673628550896671e-01,8.067358267799098481e-01,7.045205313621609733e-01,9.563543888394216985e-01,4.462734363243487379e-01,6.437811372587347591e-01,8.878339018057691545e-01,9.650439551675684680e-01,9.482454361264449627e-01,9.174697428606291005e-01,7.288381737898612656e-01,5.589317247572177516e-01,5.790527922331020205e-01,8.298365115342826170e-01,8.535100197407083922e-01,7.507878390989792816e-01,8.354982452588435304e-01,8.727817780420912275e-01,8.110602464764328223e-01,6.916765247032690134e-01,7.966179727846829373e-01,-1.324023841074974395e-01,5.942821555394472988e-01,8.346567237186791610e-01,6.834088460988702041e-01,4.607685655641153288e-01,7.010221608788291814e-01,1.169415939931351955e-01,5.284330073951913898e-01,7.616072225338783586e-01,8.519311179134979595e-01,3.474520286118215617e-01,7.982896733248194820e-01,6.927308950030248713e-01,6.940027502168192308e-01,5.856862243920704092e-01,6.491273998647253407e-01,7.679018576579195177e-01,7.741042774808657434e-01,6.784684570897007161e-01,6.555042848491091645e-01,9.593907353703479135e-01,5.354737604611508467e-02,8.289276012596304977e-01,9.511893447730369600e-01,7.901816054626947805e-01,4.800991604374617028e-01,7.932942402025614514e-01,9.852363626810569652e-01,6.582998845843071045e-01,6.435825629892912847e-01,7.828971385524328142e-01,7.109484801022152300e-01,8.698655780632608137e-01,6.203799643539347208e-01,9.234841146023982095e-01,9.472967004172540006e-01,9.525060717774520569e-01,6.501277615655648434e-01,7.982743471174242877e-01,7.890359465071900003e-01,8.313739671362881944e-01,6.952387641592939760e-01,3.356825867812524011e-01,3.266543642737712583e-01,9.960894081952132995e-01,8.392672158732088494e-01,6.601027413161163482e-01,6.741064234125900834e-01,5.839071431765346931e-01,3.112013479787945069e-01,8.243191758245741463e-01,8.605102958381792844e-01,5.913989997287230072e-01,8.650867779158676329e-01,6.046781235528843057e-01
6.693972356519065636e-01,8.966626739316970740e-01,6.410359456283410973e-01,0.000000000000000000e+00,9.176636804720245122e-01,7.894510822664470018e-01,7.403962403179452645e-01,2.949679673610857700e-01,6.190714425395537068e-01,5.572612435923665064e-01,2.113355994039919916e-01,9.215253038042859890e-01,9.368312814340457040e-01,8.555741194468206023e-01,-6.996642977439698763e-02,4.585296284217338925e-01,9.819669560377082274e-01,3.585101282809131651e-01,4.384596248804323859e-01,8.494875849014771330e-01,4.820814667704393375e-01,7.899158859626039808e-01,5.438428302213607068e-01,7.093290903143647519e-01,6.774359034219891162e-01,4.737959088803274099e-01,7.022156079412905649e-01,8.801235522453156879e-01,4.951445221184348489e-01,3.276955559631499204e-01,8.474234733520847121e-03,7.893130752216328538e-01,8.104646858274735521e-01,8.182849520443670199e-01,8.037895128558746327e-01,5.978758758834055165e-01,6.593126051307802715e-01,2.602003503013603503e-01,5.396438119900534014e-01,6.722161109511999300e-01,3.584823337272472488e-01,4.854112550203293353e-01,8.367782252045228297e-01,6.928800868698169468e-01,2.987451057318150083e-01,8.924921947183225290e-01,3.370317209242448125e-02,3.865323036929638745e-01,7.096233232203920105e-01,7.798524782701738989e-01,6.894448065958818095e-01,6.434136511582448925e-01,6.965030786127609508e-01,7.834594605886016083e-01,7.769571714524873274e-01,5.136004728347122184e-01,9.236209087756760416e-01,7.399787336622982714e-01,8.468763154134276716e-01,3.427631408100938470e-01,6.002276545763699511e-01,2.059988481364027346e-01,5.087788863026728725e-01,7.698991286582623772e-02,7.195796698346940135e-01,7.809732116156409276e-01,6.845233938289674303e-01,6.115631393627088963e-01,5.468031470258375437e-01,6.381453162480859032e-01,5.005311560431181528e-01,7.910884877713465491e-01,6.515948667061858268e-01,5.316079260577717402e-01,5.671428005018473023e-02,4.615025447037844897e-01,6.408854436266588905e-01,5.141624371631910995e-01,2.733788452890414944e-01,2.734909206084965572e-01,7.210414350410728757e-01,6.566062313945724149e-01,6.320499308881091238e-01,3.112635224229993169e-01,3.700217764369196916e-01
8.496964130893885914e-01,7.910822091225361286e-01,3.604328938784623348e-01,9.176636804720245122e-01,0.000000000000000000e+00,4.744952187207059913e-01,2.129695934329202678e-01,6.573285449152060922e-01,7.307245437964841051e-01,9.487059090226166447e-01,6.848148997198272303e-01,6.808400813155222053e-01,8.699961496682209194e-01,6.682619771553502952e-01,9.353472081496303492e-01,7.959242608244894157e-01,9.953360292302422252e-01,8.432440844842971073e-01,8.266235627449831647e-01,3.314042514768329450e-01,8.881917718702913023e-01,5.780921306801841686e-01,6.850950799550061809e-01,8.130737003250443351e-01,4.237703739977393691e-01,4.799121512090258612e-01,4.335731734335314114e-01,3.442467483045063559e-01,2.212903682967373997e-01,6.393167306032621067e-01,1.818163947673234748e-01,6.877000848939587296e-01,6.833911302963282530e-01,5.413057642741692099e-01,7.003733618452516740e-01,8.264537273887564983e-02,7.191931265185227407e-01,5.502593958409640607e-01,7.577961891760923718e-01,6.263848646515334240e-01,9.865986042732735606e-02,5.554071079018057383e-02,2.291430767592940454e-01,8.306628105422689812e-01,8.885610356248312414e-01,8.314492005332098090e-01,7.194117049794139518e-02,7.146216031662112611e-01,2.659472247748946860e-01,4.573152431160698583e-01,4.868015790204430204e-01,8.850159357365210422e-01,1.383431284572080033e-01,4.481804145972538844e-01,8.838599695491622388e-01,7.955064509854896659e-01,7.244314938895248801e-01,1.142695519582566203e-02,7.829704869271956191e-01,6.311118424217581069e-01,6.260380958428974907e-01,6.694287910332098468e-01,2.452641281325702860e-02,4.578112262568174162e-01,7.203561841119385800e-01,4.116369951891884482e-01,6.974859214663213791e-01,7.432235832664695341e-01,7.381650006243108131e-02,7.716812776112567107e-01,9.818267986674606984e-01,5.347675636578801406e-01,-1.684793641931780495e-01,4.350861206099460587e-01,7.596984926005774241e-01,6.593306381497465729e-01,6.080931801790923075e-01,4.092576290974545561e-01,2.383977037158660217e-01,1.010960757201939259e-01,5.136400366257009020e-01,5.964243647373090873e-01,6.309450650406798200e-01,4.975315725060199812e-01,6.745547922080697978e-01
1.277189162987235338e-01,4.752552893136120504e-01,7.709692149612582535e-01,7.894510822664470018e-01,4.744952187207059913e-01,0.000000000000000000e+00,5.318712444368347558e-01,3.996146854947876248e-01,6.705495837830596217e-01,6.082154067377328888e-01,7.101274184964924130e-01,7.149503660376838043e-01,6.114551643231147526e-01,4.995837708855491721e-01,7.237718206918037911e-01,7.718102990343744807e-01,6.166370000727260381e-01,3.430884269762091154e-01,7.980530226158208951e-01,8.293101670010684101e-01,6.402870068793475866e-01,3.474632740555499977e-01,4.648516680801437762e-01,7.887674357981961926e-01,1.536383664820402117e-01,9.313014317333130343e-01,6.088318241567033384e-01,6.952672635938522694e-01,7.506839010105544885e-01,3.767714531759216445e-01,5.601343700125005487e-01,5.522811957823927642e-01,6.985938937153592931e-01,6.845235918079973780e-01,4.796925995422874900e-01,9.228168777813597345e-02,1.334502776042086614e-01,4.507569884936210025e-01,8.033713018391273053e-01,7.130184653061184541e-01,7.090596355195871725e-01,4.790407559523594538e-01,8.377072623691853570e-01,6.735634489675830228e-01,6.053889695987850761e-01,4.184189326722850266e-01,7.256562360424906322e-01,3.920001848211213114e-01,4.564039315533593988e-01,5.967912140909923391e-01,3.895296372316814359e-01,7.859025994660159276e-01,6.150169653767268985e-01,7.224256442001093514e-01,5.481330722254005305e-01,6.259128007512154701e-01,6.423594086317805374e-01,6.370400253484259645e-01,3.544084914234378880e-01,5.617439281230651726e-01,5.954196658743142745e-01,9.507812255685086367e-01,6.398393613992295892e-01,8.162654004240020855e-01,7.507937638116801704e-01,3.534158957364970099e-01,6.827216504567699129e-01,8.144043588156892888e-01,2.779958617306100832e-01,7.073722332895324705e-01,7.515439472870907300e-01,7.898222022025362943e-01,3.014224221856642849e-01,4.190247177475182605e-01,2.312501213314138160e-01,6.099642253151085214e-01,6.750602898008790653e-01,5.979038735039539365e-02,6.832193438305647071e-01,2.969312668722949300e-01,2.254333739860441832e-01,8.212935333893657264e-01,7.981855809916882372e-01,4.141268045009962040e-01,6.195314449785623845e-01
8.468014509233239284e-01,3.491634398095456726e-01,9.303902211307537584e-01,7.403962403179452645e-01,2.129695934329202678e-01,5.318712444368347558e-01,0.000000000000000000e+00,6.423245345449841714e-01,4.052510664440466259e-01,3.426242426281265741e-01,1.047944069457737853e-01,-6.504535753630041883e-02,7.988863344889900464e-01,6.677002906833812146e-01,1.744658916421182315e-01,5.111573886281105539e-01,9.863807861227407159e-01,4.982475571979335105e-01,5.338226921342044129e-01,8.584695137581965785e-02,6.214642518665384197e-01,6.335553959336176488e-01,4.189370331828835559e-01,2.520546756619848616e-01,3.834356900903979071e-01,3.274207877603998451e-01,3.313929324909415091e-03,5.023843866214953158e-01,6.219550446268153898e-01,4.316290534260358580e-01,4.084198477704833463e-01,2.399163603135432976e-01,6.178033950146657460e-01,5.342950759217408585e-01,5.254711458588898765e-01,3.836185378282093716e-01,2.530749878712146295e-02,4.331490211304729332e-01,2.101608147141618144e-01,3.678489898151899307e-01,5.034494558041704426e-01,4.584709815804627886e-01,8.845068024892163150e-01,6.999886568477873272e-01,9.227868522702723508e-01,5.282672522240617896e-01,4.032877695281160135e-01,5.699644142170304795e-01,8.319977225384256325e-01,5.808088283504385663e-01,5.562363562118739502e-01,7.826300558312342392e-01,5.319663228857347548e-01,2.165518382366161121e-01,4.806076567585865766e-01,5.428538650909948693e-01,3.013753603424877414e-01,1.863423354760623263e-01,7.127585401369668228e-01,4.181194511762794663e-01,-1.471571743915306985e-01,2.495752239652128668e-01,-5.556726413273924137e-02,5.027580194002002623e-01,8.809631700049239678e-01,1.070938084928557549e-01,7.090432895860160345e-01,9.946686456255169340e-01,4.668208672583026297e-01,7.452377138951239433e-01,-3.234716708420397047e-01,5.241955616356377412e-01,-1.017732594386452916e-02,4.616427083254795449e-01,6.580034196474113806e-01,5.108591501899328868e-01,1.048068958613794857e-02,5.997616451751515143e-01,6.254514620595805763e-01,7.226293016157807614e-01,5.039418840391788335e-01,9.783116258902756490e-01,2.941643625662196948e-01,4.285279033732996568e-01,4.113648556602839124e-01
7.391775034769174635e-01,7.373940060803541030e-01,6.270734632384245000e-01,2.949679673610857700e-01,6.573285449152060922e-01,3.996146854947876248e-01,6.423245345449841714e-01,0.000000000000000000e+00,6.797866525659852777e-02,3.928901639119135591e-01,7.072658458479550436e-01,3.749101796761076244e-01,4.504742259635708401e-01,2.715847689433710799e-01,5.185359609982217455e-01,3.409952287274862215e-01,5.926682698286561690e-01,5.550975021658031139e-01,3.970135201011262827e-01,5.287759743772381116e-01,8.948412150548630262e-01,1.064428859092258206e-01,2.773050800480261202e-01,7.674900571212519562e-01,6.434360666766472114e-01,5.020692959589123650e-02,5.720865834776485137e-01,7.871032205064962817e-01,2.269901967804884013e-01,4.985958418434632278e-01,3.244557554856633552e-01,6.883486840958235042e-01,5.552698270318376927e-01,7.721827430949126381e-01,5.619020212195959818e-01,2.516175432478082730e-01,2.799773409642010713e-01,2.556912808799232661e-01,9.680186436677068462e-01,2.934137759849223537e-01,6.867119722798560311e-01,7.728902303994907852e-01,5.440906184560678760e-01,4.327808467473738818e-01,7.447226077392751220e-01,5.880010112518050391e-01,5.536538468046432460e-01,4.190422664648362772e-01,4.797372804577050842e-01,-8.187653299446599753e-02,8.737221993015237276e-01,3.848828174889243336e-01,5.985891017454727514e-01,9.886144149618845134e-01,3.420750181800571443e-01,2.474163076169528797e-01,3.221216560825869157e-01,3.613812848520872589e-01,2.580062057071154102e-01,4.995343136539415196e-01,-9.784787143187302638e-02,6.229215803372274707e-02,7.503396726754203439e-01,4.810951970271603595e-01,7.882473327914926164e-01,5.901156927982573741e-01,1.099546505338949293e-01,5.925048282211766715e-01,5.599426736017156792e-01,4.438173222461872514e-01,1.318231440374059427e-01,7.163609429545977347e-01,3.684293952652327730e-01,5.761519940792956262e-01,5.730577447892724052e-01,5.680502224811067036e-01,9.188218967077546040e-01,3.264716158682927638e-01,2.740236618286573944e-01,1.053496491193026824e-02,9.540564953823917893e-01,7.978583375850292203e-01,7.017228179046816061e-01,6.433932369140307195e-01,1.707866948298982779e-01
9.538988731328876813e-01,3.996277459241323049e-01,9.633697418769866516e-01,6.190714425395537068e-01,7.307245437964841051e-01,6.705495837830596217e-01,4.052510664440466259e-01,6.797866525659852777e-02,0.000000000000000000e+00,7.757344050139048930e-01,5.305682146976662406e-01,6.967463916419545100e-01,6.892237549489831361e-01,6.487148203440123995e-01,6.328049380938178814e-01,5.798893557742594851e-01,7.752959546762719922e-01,2.482647632686703354e-01,5.627825693717305455e-01,8.426997513058859246e-01,9.783830741507727469e-01,5.215055525261912406e-01,-7.234576306394027712e-02,9.947930098958890355e-01,7.341380707646384396e-01,8.507870469659759571e-01,5.039243979082540514e-01,4.374163062106915523e-01,4.267763043950095064e-02,3.428985326307574244e-01,1.936964975871126038e-01,3.406633683196702567e-02,5.668700901971865935e-01,7.979268557289413977e-01,6.597199250706187179e-01,5.583809036748572652e-01,-7.877809830070249542e-02,4.130362543299982425e-01,6.681322892003614955e-01,8.925233792042226444e-01,5.771659209442927541e-01,7.824337785037428494e-01,6.811044682273774686e-01,6.708529877368130112e-01,6.214171822119090027e-01,9.841737139834645376e-01,5.682879304585657376e-01,2.403555841445606800e-01,5.942553219384946184e-01,5.078534629722194493e-01,6.406356277294985579e-01,7.061404205268523304e-01,7.338887700574578954e-01,7.225545443556159464e-01,8.919290105103231392e-01,4.380869473058368602e-01,3.658329721825409053e-01,7.574902163041636882e-01,5.421505807621590511e-01,2.463002125436742906e-01,2.196136518923184622e-01,9.150267313451533324e-01,5.015105514626972960e-01,9.545765199476348162e-01,7.097024038094211784e-01,2.557188012006837985e-01,2.705036114518516444e-01,7.293068470143592164e-01,4.793465434741698838e-01,8.088396213579315264e-01,8.479193729856848716e-01,4.065867462601568949e-01,3.038934783658442940e-01,2.935782668962830244e-01,4.087061224044232777e-01,4.951838351782316128e-01,5.384388805922716292e-01,1.541625206405184967e-01,5.585158596423189792e-01,2.798003002633491776e-01,7.311187260062399496e-01,9.472528275176921309e-01,6.632758736595742999e-01,4.146760950475484320e-01,7.646289361483986635e-01
8.930037614565368154e-01,8.702919935662296602e-01,5.344673628550896671e-01,5.572612435923665064e-01,9.487059090226166447e-01,6.082154067377328888e-01,3.426242426281265741e-01,3.928901639119135591e-01,7.757344050139048930e-01,0.000000000000000000e+00,2.731721759141196304e-01,6.426783112877882953e-01,7.895250710695438379e-01,8.969469274597946518e-01,4.224166297531840031e-01,7.930500431619396107e-01,6.438682576857051032e-01,3.105396265830974167e-01,5.558007162442495375e-01,6.179651681304957345e-01,4.371848582482459888e-01,5.953009527427435277e-01,3.044134263984016320e-01,3.769382685350114448e-01,2.170234519713725996e-01,5.002529702003553069e-01,9.713452686138442926e-01,7.710585552699777967e-01,6.139495881599892346e-01,5.809613818319975254e-01,3.127776239066286101e-01,4.382709177766606068e-01,7.038125954171151610e-01,4.416930828098881712e-01,7.832914769576855285e-01,2.814782610826704889e-01,5.495916984544236064e-03,4.886710684938577742e-01,7.814714350619225147e-01,7.252525532941958009e-01,6.622125562346088401e-01,4.975401079346269406e-01,7.345369404838124616e-01,6.716652697739249334e-01,9.085289419597663008e-01,8.542283263340251231e-01,8.519897372416330716e-01,5.598302504077736774e-01,4.505420496775528472e-01,6.706366109864214664e-01,3.048680978321494095e-02,4.927330416941201330e-01,3.198186138238117704e-01,3.727837884209551644e-01,7.145759018734619827e-01,7.969754452979572745e-01,6.732516343125505287e-01,5.703876433946183377e-01,7.278068346161141733e-01,5.351791075959775323e-01,5.355233981452964809e-01,5.036613603763016034e-01,5.545491220105895902e-01,4.170919840778058441e-01,9.916474985980724410e-01,7.394678684223906506e-01,7.208253956261743145e-01,8.873479546810222329e-01,7.646589392922983341e-01,2.415147615146472082e-01,8.473618502256720086e-01,5.401650263553614550e-01,3.746174621530190540e-01,3.535334731166851485e-01,1.657458534892135640e-02,2.758591078179802869e-01,8.363816663191362411e-01,-1.798775930746959184e-01,5.895133823311985433e-01,1.088522368693538578e-01,3.342583782177486196e-01,7.557039585958458261e-01,8.360957850204423503e-01,5.207066641624327197e-01,1.260132956638867485e-01
8.796932078525763199e-01,8.096193574197626530e-01,8.067358267799098481e-01,2.113355994039919916e-01,6.848148997198272303e-01,7.101274184964924130e-01,1.047944069457737853e-01,7.072658458479550436e-01,5.305682146976662406e-01,2.731721759141196304e-01,0.000000000000000000e+00,2.571481366761227960e-01,4.088097426596557504e-01,6.519517613818103241e-01,4.847784775640295862e-01,9.381409234381625772e-01,8.963679833186679602e-01,7.117212725465960066e-01,7.808062237703289332e-01,5.548334476910812274e-01,8.485421437168965131e-01,2.357079513191696341e-01,9.280390480670435149e-01,9.529427807403810791e-01,-1.521693484281667619e-01,8.709202250618649499e-01,6.986587255606842017e-01,3.048587823224460647e-01,4.599887459507880916e-01,5.288397697883387982e-01,3.206593046772327482e-01,2.150997915833702256e-01,8.946103117277867112e-01,5.227862563259294548e-01,4.251791642289524109e-01,5.104249104675721016e-01,2.116189162929114354e-01,7.626913550899834249e-01,7.318238288131177771e-02,9.620276403189087500e-01,4.587869427699161062e-01,5.864564330071684317e-01,3.309200386898892288e-01,5.511377420498753121e-01,9.688125645895971916e-01,7.167039292846816290e-01,6.737378754550291671e-01,7.826821779961162795e-01,9.597427517137154807e-01,6.585382968143188576e-01,6.326101954002048000e-01,4.054509529846022087e-01,6.180086494666546804e-01,2.676623785622079255e-01,8.342208971060282030e-01,4.775677556743244678e-01,5.125124856156005881e-01,5.178977383650225086e-01,7.117883187564151282e-01,4.565665645145711715e-01,3.160830399116800749e-01,4.353227394572036224e-01,7.358544954572466823e-01,6.476500335746379067e-01,6.299135184878699167e-01,5.234792812624058378e-01,4.040879091177670412e-01,5.501900470639442542e-01,6.798973559406467082e-01,4.010873147036743136e-01,7.067886700838268421e-01,1.308160494169691712e-01,4.162501146238388738e-01,5.650050424945074479e-01,2.265687608727182112e-01,6.539742995217514565e-01,9.101513244134894487e-01,2.919707024707390852e-01,3.228998670519545033e-01,3.366742579922084033e-01,4.773225302049079466e-01,3.173393233832026983e-01,6.692449928968486894e-01,7.804955619243791887e-01,4.097359447243556496e-01
8.063789132409870941e-01,6.846131083923095995e-01,7.045205313621609733e-01,9.215253038042859890e-01,6.808400813155222053e-01,7.149503660376838043e-01,-6.504535753630041883e-02,3.749101796761076244e-01,6.967463916419545100e-01,6.426783112877882953e-01,2.571481366761227960e-01,0.000000000000000000e+00,9.352286024484558480e-01,2.172559017227760070e-01,5.755795520841240354e-01,1.195977530837501884e-01,4.541451890465391661e-01,1.893429745437006650e-01,4.821657398668545147e-01,5.719805276002959404e-01,7.268181933958207663e-01,2.905440112251239659e-01,7.344542074633279016e-01,8.339582293685725567e-01,2.455452505924612394e-01,7.555445340775762686e-01,7.327012741394808293e-01,7.854018949511278880e-01,4.517617705092195624e-01,3.767506458698499650e-01,3.717983407773308158e-01,7.460218082149450147e-01,5.815955485571191463e-01,8.672194576249205866e-01,7.337344502198592799e-01,8.046523182243581207e-02,5.189639102267535886e-01,4.882254177863861178e-01,7.909813097314843944e-01,5.536125943135510319e-01,6.534132963955054940e-01,3.949949712243533417e-01,9.023435429499526705e-01,6.564058073520142589e-01,4.895339628749046934e-01,6.669121459692856080e-01,8.141186708160473851e-01,7.359166840246735841e-01,6.313255041702897641e-01,3.034892118619798573e-01,8.785432348977137984e-01,5.043410807888640823e-01,9.701887474807956435e-01,5.143503649624209251e-01,1.717122134823344803e-01,6.626946861143505618e-01,3.189599099274779692e-01,5.129332656718873507e-01,5.531709650017569979e-01,5.626706891630239848e-01,5.598526111213983913e-01,8.653239906201746212e-01,7.554900457708924044e-01,4.909338583045351201e-01,8.921334203950865849e-01,4.868440789873175745e-01,5.940959886646419719e-01,6.102683448858984283e-01,3.046302305407654343e-01,2.462807283330042674e-01,8.588409623588559860e-01,8.135780708996671606e-01,3.568112188121167483e-01,2.315508308114216374e-01,1.253296223192708163e-02,6.962600693877540881e-01,4.141396127773949165e-01,5.687471419721660260e-01,1.918639291741221498e-01,3.351409061214933871e-01,7.984660674425826388e-01,9.052806112631196500e-01,5.361479232320206512e-01,-1.505595934405255520e-01,6.543823113201747699e-01
6.286945302570788874e-01,3.219956160172620652e-01,9.563543888394216985e-01,9.368312814340457040e-01,8.699961496682209194e-01,6.114551643231147526e-01,7.988863344889900464e-01,4.504742259635708401e-01,6.892237549489831361e-01,7.895250710695438379e-01,4.088097426596557504e-01,9.352286024484558480e-01,0.000000000000000000e+00,6.255681822191933028e-01,9.946993782027954145e-01,4.224224332617603217e-01,8.313994481317839025e-01,2.149448768277971156e-01,3.854370516878570241e-01,9.024200502444190697e-01,7.344619383392136935e-01,6.383831828214133752e-01,5.050052579433694788e-01,4.027330637909040112e-01,4.986746552765804474e-01,7.554155319651928435e-01,7.992563139729793598e-01,8.894111533145487858e-01,7.853272199006712251e-01,7.267501956527803175e-01,7.310510837930981332e-01,7.543341216944342564e-01,3.264629980652452024e-01,5.314632448861618119e-01,4.601008012587726737e-01,1.603917678520092593e-01,2.807381242286509648e-01,8.753784166623183038e-01,6.956953625064663527e-01,2.894465764508296624e-01,5.066237547396409413e-01,7.643817658413211147e-01,8.312068987499889872e-01,7.490127912385783349e-01,3.596778858368044895e-01,8.962655907446346326e-01,5.232279340830903180e-01,9.675647143240535542e-01,4.115886637565419059e-01,6.255282980521120750e-01,4.711508880139290145e-01,2.826303308215276089e-01,7.806688692452936618e-01,2.483012777592003006e-01,9.012265674497690338e-01,7.636250763917475926e-01,9.682768778613487504e-01,2.769404925562451991e-01,8.192977961921559249e-01,4.722733104706609564e-01,4.680977256621464688e-01,1.616391027736652393e-03,9.395716146595926022e-01,7.732965946565228954e-01,6.437591019338506637e-01,7.049915868280788311e-01,6.344941853314639557e-01,8.831633755928121055e-01,4.717422414035554734e-01,3.265343350393749011e-01,7.231362234806201217e-01,5.095145422766164112e-01,-1.786050507669588172e-01,7.020835123140837242e-01,2.109010486442039478e-01,8.075992380374633628e-01,4.538994258488340261e-01,4.045931252124504440e-01,5.689209844284464079e-01,2.084345446601916230e-01,6.377595371707764915e-01,8.514637725428972903e-01,9.904599927566893891e-01,6.415310226410311234e-01,5.416146129328481829e-01
5.280982488505122641e-01,5.430962977775526390e-01,4.462734363243487379e-01,8.555741194468206023e-01,6.682619771553502952e-01,4.995837708855491721e-01,6.677002906833812146e-01,2.715847689433710799e-01,6.487148203440123995e-01,8.969469274597946518e-01,6.519517613818103241e-01,2.172559017227760070e-01,6.255681822191933028e-01,0.000000000000000000e+00,7.828372056112092858e-01,7.787516160696732470e-01,4.838938785226672423e-01,9.185556628825034542e-01,4.967560787568343073e-01,-9.542162620147773278e-02,9.968775837480330360e-01,8.677007797417705115e-01,7.881512868240243552e-01,9.229740939702997249e-01,5.359901409136483830e-01,8.199630445637923204e-01,4.156926767073499951e-01,7.394555977214596343e-01,6.698819104314965855e-01,9.871448393026545365e-02,4.106394024269314214e-01,5.956398284251089859e-01,7.130583296385759606e-01,8.731126161718926193e-01,3.703577427937725375e-01,3.428919597094504113e-01,5.950612575211018662e-02,2.075569043944387460e-01,9.124153471253645398e-01,7.409025148247180281e-01,7.812098614555313958e-01,4.743813252127151436e-01,7.417160348567835015e-01,4.628828350029552396e-01,9.250099101150539571e-01,4.780488344941931089e-01,5.306196766787740771e-01,9.858669242060508209e-01,9.853992221058851531e-01,7.716373956272799539e-01,7.620962081678870348e-01,7.639227290115326863e-01,6.732756754660977894e-01,9.678438146515523366e-01,2.081634519328544042e-01,7.932664277343352000e-01,4.066194793435952137e-01,5.035559904847023427e-01,5.692441614813170681e-01,4.757412260684356076e-01,5.211364999463471426e-01,8.431604502112209909e-01,9.756095218514005962e-01,6.740497522552112430e-01,8.636286598118012581e-01,6.621175018685072633e-01,4.120693017912440692e-01,6.628840427284866665e-01,6.465158461041431437e-01,7.664894567500390998e-01,7.020352311570616788e-01,7.137394736795001915e-01,4.937931441272829236e-01,3.318040576696273947e-01,5.911806848095066957e-01,9.224328993710858571e-01,9.551208674753888239e-01,8.433237083431194270e-01,4.711781589520977476e-01,6.768359244111706863e-01,6.729054817348180118e-01,7.662371753665190299e-01,3.853152902417835146e-01,7.070033641857154105e-01,6.446006930225169906e-01
7.012700036595792552e-01,4.365352570755902106e-01,6.437811372587347591e-01,-6.996642977439698763e-02,9.353472081496303492e-01,7.237718206918037911e-01,1.744658916421182315e-01,5.185359609982217455e-01,6.328049380938178814e-01,4.224166297531840031e-01,4.847784775640295862e-01,5.755795520841240354e-01,9.946993782027954145e-01,7.828372056112092858e-01,0.000000000000000000e+00,9.806857637334089883e-01,8.190099173045788383e-01,6.608778911607838813e-01,2.629060400623653426e-01,8.021755845914365635e-01,1.258335125544761401e-01,5.043373004591579223e-01,5.759504306357107195e-01,9.539711248683582223e-01,5.684391221778543057e-01,7.280368869920531560e-01,5.659909465474983747e-01,6.552843468976405905e-01,2.005419240721442731e-01,5.763109775884113217e-01,4.767673668111143126e-01,7.742426202376082589e-01,7.841742566277285498e-01,7.029723402904802798e-01,8.547365688132703143e-01,2.194503758362634782e-01,1.210065524161279549e-01,6.265464254234119901e-01,6.996193279174558466e-01,4.533454179482099833e-01,4.429167016181002614e-01,5.061303609580615204e-01,2.344852264457153446e-01,6.609144534235369406e-01,4.883592533866096264e-01,6.913409873730259614e-01,5.597798222018549597e-01,7.448575088990067039e-01,3.349680548351694487e-01,4.762467680686316429e-01,5.885297846996639937e-01,4.293490376268173647e-01,7.141477716999112824e-01,4.216927448194130457e-01,9.572609939342640040e-01,7.205795111900403782e-01,8.028309780651297078e-01,6.307405301656463514e-01,8.432028078750446465e-01,6.347425894316900685e-02,1.269967525674662867e-01,8.345112640678348237e-01,8.042652942194564725e-01,9.839750726521570012e-01,6.706608176297139678e-01,7.476779247349547575e-01,7.755403421299863487e-01,7.257758619814383971e-01,-1.451170017122733469e-01,6.922763872519298589e-01,8.291157481804183327e-01,7.099836951832693144e-01,3.571941960147823059e-01,1.653896993835387019e-01,5.104423005564706628e-01,7.955517714670591323e-01,5.973840556803168278e-01,5.194298094576420555e-01,4.485764863923962786e-01,4.387340880570168578e-01,5.212029288867429111e-01,7.150268921061958549e-01,7.368333383907685885e-01,4.294484874899259230e-01,7.748314758192617058e-01
6.518483829812744546e-01,3.270073462559639627e-02,8.878339018057691545e-01,4.585296284217338925e-01,7.959242608244894157e-01,7.718102990343744807e-01,5.111573886281105539e-01,3.409952287274862215e-01,5.798893557742594851e-01,7.930500431619396107e-01,9.381409234381625772e-01,1.195977530837501884e-01,4.224224332617603217e-01,7.787516160696732470e-01,9.806857637334089883e-01,0.000000000000000000e+00,7.026316347169347942e-01,-1.624743356914790104e-01,1.346127787193184266e-01,8.144666094563476344e-01,6.176079582344344843e-01,8.870247458131635954e-01,-5.020541366410036233e-02,4.301433701964321732e-01,4.128569698472974725e-01,7.118335196234123474e-01,9.655421695821088113e-01,4.288664837878077285e-01,-1.455169304391094875e-01,4.064781438103606259e-01,3.541012115191017329e-01,4.800630880416781321e-01,5.288208142426117364e-01,2.500006216818462246e-01,9.463190024702543557e-01,3.350116252213155010e-01,8.889203768041545328e-02,3.074266261361398023e-01,6.419378296344655510e-01,9.545869011634968704e-01,1.360546690282458948e-01,1.252264325753577878e-01,5.188848039271785062e-01,7.452556755462274030e-01,2.014830041402696781e-01,8.785816132806579803e-01,7.701717908956871028e-01,-1.096683892652187270e-01,5.606869994056642992e-02,7.067141090489211797e-01,7.939595484225207001e-01,-3.236000437605016100e-02,5.813370669578833416e-01,6.335735752357266604e-01,6.361922258306464961e-01,6.973940185482142562e-01,4.131410206210895386e-01,7.980575762781930704e-01,7.288573526733109487e-02,4.521456567517265213e-01,2.138272890372401036e-01,7.545250746156459964e-01,8.757926301902181354e-01,6.821844582641837240e-01,6.546985039827446506e-01,4.162114182693062436e-01,4.927786965634459726e-01,7.441807278885165244e-01,3.341984482077644536e-01,5.071597872719573186e-01,5.574976045324767648e-01,4.485926826740501694e-01,3.291633513542726597e-01,2.147181398035665489e-01,3.771189423057308421e-01,7.271728459195142547e-01,4.651705042114035460e-01,5.900677158510087006e-01,7.557530472710151104e-01,3.227725068461490543e-01,2.797156872547104656e-01,6.753388956142215571e-01,2.063129751886738639e-01,6.348388140177918526e-01,7.523274001839066472e-01
6.891112628597624301e-01,6.189466839375181717e-01,9.650439551675684680e-01,9.819669560377082274e-01,9.953360292302422252e-01,6.166370000727260381e-01,9.863807861227407159e-01,5.926682698286561690e-01,7.752959546762719922e-01,6.438682576857051032e-01,8.963679833186679602e-01,4.541451890465391661e-01,8.313994481317839025e-01,4.838938785226672423e-01,8.190099173045788383e-01,7.026316347169347942e-01,0.000000000000000000e+00,4.323345547913255427e-01,9.558111698022312419e-01,6.721929328143629867e-01,9.574347875501649785e-01,6.215662618683231999e-01,4.960142345095143179e-01,3.929336656960427110e-01,4.506657836436668285e-01,6.035082179233118849e-01,9.401061428004877651e-01,8.114858905800965694e-01,3.500587828603795582e-01,1.273582828729767080e-01,2.999236477660930378e-01,1.613838875330020350e-01,9.352279799674716454e-01,9.680622895980366405e-01,9.968714652640165985e-01,6.762508561391167294e-02,2.720603825235390905e-01,7.351582132016498683e-01,8.256335303686471727e-01,9.466712461523018041e-01,6.401679460027207558e-01,7.273716511301329124e-01,7.702036444352691191e-01,8.077048887900183383e-01,7.757121406004046094e-01,9.455249597694468378e-01,8.014798499508619667e-01,7.526339353796399623e-01,3.796513434205648907e-01,5.820133439903010242e-01,5.792566845926632180e-01,9.130892803259655910e-01,7.646883816224865349e-01,6.834077568948161430e-01,8.973287707397873403e-01,9.001763409568844798e-01,7.871441555785307909e-01,7.929079648682081372e-01,7.525075556314053671e-01,7.480279409912530264e-01,7.453143208920831597e-01,8.971198966164019017e-01,7.346388100396271659e-01,4.079688132983882998e-01,7.497504142472766198e-01,4.264141802044172924e-01,1.198931790364495681e-01,2.744550332270182524e-01,7.797212475306105617e-01,6.218372621136036837e-01,8.857529551879765872e-01,6.334103710303659041e-01,6.546978535006281463e-01,3.435744334730375105e-01,8.590049247949131939e-01,4.371115507548204437e-01,5.340556010974035761e-01,6.147573209192200849e-01,3.790472303923526631e-01,2.316119031607459522e-01,7.025954696033804847e-01,5.672165959781146904e-01,4.683485880267669876e-01,5.037924265248148181e-01,7.306341409542186360e-01
6.618165939004579945e-01,9.192294822189377435e-01,9.482454361264449627e-01,3.585101282809131651e-01,8.432440844842971073e-01,3.430884269762091154e-01,4.982475571979335105e-01,5.550975021658031139e-01,2.482647632686703354e-01,3.105396265830974167e-01,7.117212725465960066e-01,1.893429745437006650e-01,2.149448768277971156e-01,9.185556628825034542e-01,6.608778911607838813e-01,-1.624743356914790104e-01,4.323345547913255427e-01,0.000000000000000000e+00,6.151653073248750658e-01,4.738336909353834669e-01,7.631531596732309408e-01,-8.615475094128555167e-02,6.269833344350872473e-01,9.324073978578768518e-01,5.471993418528130482e-01,7.349311875470412314e-01,7.542125809449823359e-01,7.840634537461113052e-01,8.751355092186745566e-01,3.004074517484882703e-02,2.028079582319744500e-01,3.266036923178252671e-01,3.374892432065575987e-01,5.177367145072958587e-01,5.841923261788158905e-01,1.457673445363637243e-01,-1.709261821688989880e-02,6.548248897964599191e-01,7.402053804774625378e-01,8.766326529029702108e-01,3.836666073392720477e-01,6.659159083287844449e-01,4.759194745462682619e-01,4.862331086335823227e-01,6.639667730374647636e-01,9.414439829162900564e-01,8.108456634788975270e-01,6.563431876816665511e-01,7.765879564037945215e-01,8.572204133706977647e-01,7.549238163455803674e-01,5.866750577991449722e-01,7.341669746310196532e-01,5.957812854442920969e-01,8.733187550027483592e-01,7.341532934423139478e-01,7.244527150905025747e-01,5.744768173358372199e-01,6.076067001934881695e-01,6.066672653875769816e-01,1.455086626674800543e-01,7.514520878445534180e-01,6.647088716096198613e-02,6.063574337026232941e-01,6.589794497771168658e-01,5.203476328261968931e-01,3.453684438615305385e-01,9.949186503490634603e-01,6.576114321563174547e-01,5.414450792984073502e-01,6.314987161660837733e-01,4.828613212911858077e-01,2.704987247551283169e-01,5.516810519228477760e-01,5.345580305926180831e-01,5.676944849142869787e-01,7.923703048953687489e-01,6.662200494653250926e-01,2.957738516676935436e-01,-3.272245132195391037e-01,5.726920935706995008e-01,8.439097694626663815e-01,1.445122066179867215e-01,-1.425299362923989066e-01,5.069506424490791696e-01
