0.000000000000000000e+00,4.592678656922364322e-01,4.884665173902896229e-01,9.474724571418839947e-01,6.369547320869024531e-01,8.177497962185410474e-01,9.406385716226475235e-01,7.097237782621937940e-01,6.989391893418053225e-01,2.930211795564049426e-01,4.846005691039878549e-01,3.612877447383865959e-01,8.746064963499912137e-01,7.407622361539978328e-01,3.305586844387926604e-01,4.293480483166108863e-01,5.665537485527462058e-01,7.390813458806951841e-01,8.279680592960100283e-01,8.770652804989960138e-01,6.386065894889496608e-01,4.777137647728146308e-01,5.768881284374695051e-01,9.622914389296677307e-01,7.726207809530586390e-01,3.693204493825588686e-01,8.832411741745180844e-01,6.329619290368867501e-01,-1.133589438289734630e-01,3.561206311709470551e-01,3.913274490093570646e-01,4.522897148221503572e-01,7.610687767587813735e-01,8.706522354485086712e-01,6.432483900422372169e-01,-7.865193066517710274e-02,3.991805780670489856e-01,9.007799738317656679e-01,8.039887122268474240e-01,5.103002712039539368e-01,2.425971566504357135e-01,3.715073794134828855e-01,8.506007428561327410e-01,8.879567991992803888e-01,9.465041954241204536e-01,9.520734777027497486e-01,8.716588591716482037e-01,3.156280272502942075e-01,6.930617592831822549e-01,3.080289333751273784e-01,8.076156837255752396e-01,6.495766852262758739e-01,6.714614523992796791e-01,7.514142328380635227e-01,5.249623694120979511e-01,8.604955426544763641e-01,6.262464432397512049e-01,8.293725235033214682e-01,9.295531724677486007e-01,2.322600899723071266e-01,4.955633193404825887e-01,8.469268573892424490e-01,8.900205704064108048e-01,6.597049606271656597e-01,9.463146292302586637e-01,6.190988992021135839e-01,7.555461890184235196e-01,4.223538356079782896e-01,7.255745010260479244e-01,9.687816623766680735e-01,8.460788149665654512e-01,5.209926476764874526e-01,2.358674525651557885e-01,4.517124072556385483e-01,7.402313967914679882e-01,7.282841502036699888e-01,9.770746462668246091e-01,9.949808562594153472e-01,6.498880139433983461e-01,3.032902952666861607e-01,8.592303284381782591e-01,7.085024436404432358e-01,4.888770668425334587e-01,2.902113868287118370e-01,6.481518133427954798e-01
4.592678656922364322e-01,0.000000000000000000e+00,6.264986292144708591e-01,6.948200043428015560e-01,7.188442355964007602e-01,5.716922251353715456e-01,6.218837073577858643e-01,3.839807665112370261e-01,7.234857314184771626e-01,8.761872346157663083e-01,7.000721406066942043e-01,8.281418236063385896e-01,6.471738379595016744e-01,7.553936829046548063e-01,5.637026875046319274e-01,7.924515510851192213e-01,3.557581050647473653e-01,-2.294521966556322123e-01,7.144985675242138123e-01,4.137015182948116654e-01,6.347333122847758080e-01,3.966059146406122338e-01,6.184590671981818888e-01,6.167550265141279464e-01,7.060817850668498208e-01,2.086583853109753306e-01,5.432564500305795407e-01,6.115896568973241409e-01,5.284889873229769996e-01,6.180257984582218644e-02,7.149243335025530222e-01,3.065579229621128166e-01,7.320975780054456150e-01,6.074247581144248675e-01,5.461269307304347231e-01,2.609455436745474755e-01,3.796948394665171089e-01,3.506420640488135954e-01,6.340628655921553003e-01,9.301645388412858040e-01,1.329989613315066821e-01,5.812667262753699049e-01,5.043494881250990547e-01,6.113470874942793509e-01,5.726037370356610312e-01,7.784651548375935981e-01,7.799202744533714204e-01,3.130976216495545139e-01,9.001324782188326878e-01,7.141310594099770093e-01,2.651815664960183172e-01,7.693707243062867240e-01,1.357219476819770121e-01,5.365368939780099655e-01,5.539795695455530522e-01,8.182539540154116775e-01,2.595139918478699473e-02,5.651780251024035584e-01,6.109095725418127731e-01,4.556696876353370507e-01,4.525602362502337273e-01,7.541367570358060712e-01,7.433024318964616128e-01,7.152005796114356828e-01,8.352262081718513365e-01,7.275668789775664447e-01,6.015392279357741900e-01,7.311661890725210666e-01,5.672965920724164501e-01,5.626948919321829168e-01,9.614160781693955604e-01,6.896248858829109318e-01,4.654083246904074378e-01,5.080710118787966634e-01,5.692309804430326636e-01,7.102076506177424919e-01,3.398948337971586797e-01,9.247564295126293743e-01,4.396127809257368013e-01,5.310223905768161196e-02,5.014274079791239958e-01,8.739759064863303895e-01,8.794496099669621980e-01,7.344556004391973314e-01,9.398198226175223935e-01
4.884665173902896229e-01,6.264986292144708591e-01,0.000000000000000000e+00,4.165008075774351837e-01,9.347841946644506184e-01,9.161222592418977184e-01,2.343371545705200121e-01,7.129930138473897783e-01,6.450573906567363958e-01,9.409104592590853411e-01,5.841567732029084858e-01,3.363935943989140309e-01,5.312104534992129201e-01,9.843450759554775997e-01,8.549309937465421338e-01,8.984578376304239722e-01,9.031217612782438398e-01,3.717552335255859264e-01,9.309319140516810753e-01,9.403857264569126517e-01,8.948125837979981068e-01,9.093205034322443536e-01,8.756369764831016811e-01,8.109968415089614524e-01,7.390582637721171411e-01,6.783970618965404764e-01,8.956755826467338588e-01,9.850449356780954790e-01,2.007402864453038949e-01,3.712601523899518030e-01,6.579362358856108983e-01,6.433472760119798295e-01,8.005790423964506131e-01,7.223788265969773859e-01,8.306144696328291444e-01,2.089873166766439971e-01,1.065400874402789855e-01,8.743773600464346263e-01,3.522630717472837736e-01,9.111499003064809088e-01,2.696500633335010000e-01,6.361468932706577650e-01,9.439018297863179807e-01,6.897992639233749834e-01,3.564908997656227596e-01,6.448327737173076279e-01,5.898239539920703267e-01,5.651682369893984426e-01,4.895351467232590403e-01,7.883568676559473687e-01,9.275660443412855338e-01,7.073317746381930782e-01,7.452297008861268335e-01,7.670576383563708633e-01,9.426731059871874541e-01,7.096307365314787896e-01,8.031075473707958157e-01,9.133441243629332185e-01,7.724185569638536419e-01,5.027168943797315492e-01,3.683607544007839740e-01,6.991478952855540996e-01,1.947991360617924994e-01,5.522624055807836552e-01,6.862911883404114732e-01,6.129829027948019426e-01,7.087308846809808882e-01,4.939447429837470205e-01,9.339172234054295973e-01,4.954138438516225706e-01,6.795433258759941975e-01,8.891510737272102505e-01,5.473199986793080285e-01,3.689430231240128366e-01,9.679614889150753854e-01,3.427085893851218312e-01,7.849301066761118495e-01,8.326834981895184784e-01,3.257673187981121043e-01,4.644907823449653805e-01,8.857179711445015702e-01,7.579241217561688559e-01,8.878096747764057106e-01,6.790900542432659615e-01,6.615367552536894902e-01
9.474724571418839947e-01,6.948200043428015560e-01,4.165008075774351837e-01,0.000000000000000000e+00,4.131238751521588981e-02,8.104207719501586027e-01,7.129321261188357184e-01,4.893832512122013867e-01,3.549700680407801290e-01,6.551645496254128176e-01,2.257821564657706281e-01,5.369320206049634780e-01,9.738314941167576233e-01,5.296608100254982521e-01,6.018369257428427543e-01,8.511538296220628741e-01,4.652156181122925060e-01,9.527251165776783326e-01,6.896870068541591792e-01,2.626818393719843048e-01,4.888731164294430886e-01,6.247314361790922144e-01,6.243103149533443252e-01,6.694457250930967440e-01,4.933167169226922999e-01,7.101640402281799158e-01,6.539063043519328655e-01,4.440170636261560055e-01,4.653380407024958476e-01,5.257850185315141589e-01,2.622550536666004226e-02,6.559871513763696482e-01,4.371068826451771083e-01,8.665202810449437187e-01,7.489060290077460547e-01,4.876141320186128114e-01,5.533006323639333424e-01,9.356903497394071234e-01,7.830930419925190566e-01,6.551698337585969423e-01,4.531650835975348235e-01,6.253693462411062665e-02,8.275062037299588669e-01,6.404804252996992853e-01,8.140002923655828004e-01,7.826535381677206527e-01,9.252250835056720080e-01,6.480993540218611404e-01,2.359573813174359325e-01,4.267772228915734378e-01,3.056168924486295513e-01,3.372472082333605181e-01,4.970231221960080825e-01,6.766125268174757457e-01,9.280003632625128951e-01,7.796994697952921438e-01,9.184612519232338013e-01,9.279823290558752991e-01,8.941614227862190178e-01,-1.728881210520327727e-02,5.403171653457509160e-01,8.648982990094983281e-01,4.448004311961509805e-01,9.353629568140252593e-01,8.573179951110259100e-01,8.976842392019194206e-01,5.580304270371292397e-01,4.689541079640406895e-01,5.336532178923586445e-01,4.893240509331695520e-01,5.466522032561320632e-01,5.745325940753810423e-01,3.730210241994859066e-01,5.777494081359662026e-01,5.030469336765367450e-01,5.528340771438076118e-01,4.420224412788059110e-01,8.594622687064624733e-01,3.721305302450583219e-01,-3.238870905862514804e-02,6.519234737910860611e-01,6.210493772501817222e-01,9.305333664835325758e-01,1.621906947303746183e-01,8.121475472306274312e-01
6.369547320869024531e-01,7.188442355964007602e-01,9.347841946644506184e-01,4.131238751521588981e-02,0.000000000000000000e+00,8.535336563519841935e-01,3.908484373592565064e-01,8.363881767526951116e-02,7.407371367460192646e-01,5.818505570411792727e-01,5.063295384050567893e-01,2.985176072788232049e-01,3.461448159533382363e-01,4.007255924452577944e-01,7.050659849608604812e-01,4.015953484730899054e-02,6.593033064599571613e-01,6.424477484919401959e-01,7.002768457712785777e-01,6.255934045772904017e-01,9.694592272504380936e-01,2.910813897642517412e-01,7.961227158719370867e-02,8.673369557486437786e-01,3.572160093183638363e-01,7.345101134262649323e-01,8.660309042624794174e-01,8.762003947378063096e-01,6.529711090092678027e-01,7.767965377081316181e-01,4.141872135209205830e-01,5.259838259723716991e-01,5.636413576348555665e-01,4.480543981274582310e-01,3.076929530883925068e-01,-1.140344003509444898e-01,1.680940648433158491e-01,5.935011712146326390e-01,7.989173424550460867e-01,4.606764604272896024e-01,3.893390120544967803e-01,5.752762805097088039e-01,3.555900443356252438e-01,4.827268250412347639e-01,6.828894040730744130e-01,9.114223110559301899e-01,7.899977040324298594e-01,5.628079043471977405e-01,5.976997001725050662e-01,5.544524962012759017e-01,7.585206005239140126e-01,6.215630313909914495e-01,9.584748363297113105e-01,6.935442882571378753e-01,8.001647742419882858e-01,7.172300495233440154e-01,6.912907948263855573e-01,7.896085830097104852e-01,8.195932833860340994e-01,7.514955594800895033e-01,6.624308934593342579e-01,8.036892864290042793e-01,3.980811733390792195e-01,4.187671384936569874e-01,6.855047896101831295e-01,6.990689774237043297e-01,6.625864937880560079e-01,9.397463722904505490e-01,6.743721467025303173e-01,8.373994560590691805e-01,6.465176878294395246e-01,6.902781795988104374e-01,4.049170199352283839e-01,3.222538960983305500e-01,6.751662300818976892e-01,2.846842073096368386e-01,5.391000962607903624e-01,7.942063326645838472e-01,4.400476767899484387e-01,-4.806206854829087050e-02,6.172871633744988484e-01,9.965479795091858328e-01,8.309274156297502545e-01,5.636295896841779784e-01,4.232065368700363428e-01
8.177497962185410474e-01,5.716922251353715456e-01,9.161222592418977184e-01,8.104207719501586027e-01,8.535336563519841935e-01,0.000000000000000000e+00,2.773324203774053531e-01,4.475589469290376377e-01,5.334485053158718459e-01,7.000954787000214230e-01,4.756776507508393426e-01,5.334461780421885235e-01,7.219623576787430608e-01,7.652023107821205317e-01,7.741039699360087178e-01,8.071488002155373653e-01,7.322138982674919472e-01,4.753186901370285433e-01,7.424819066638704834e-01,3.267305662512242082e-01,8.776334603223224784e-01,7.516558542166532630e-01,9.967937833751671084e-01,7.451019541035143190e-01,3.847651067256624424e-01,5.655262040513950872e-01,3.834989481208317397e-01,3.244033103100904536e-01,6.619319292190693760e-02,7.684771452553266213e-01,7.597053675582717824e-01,5.083169926208660483e-01,6.374760776510773885e-01,5.790221154662307246e-01,7.541760267745131197e-01,3.699404006678228690e-02,5.178173520730410262e-01,3.497274433667870719e-01,7.117842016447304410e-01,4.815737963181621617e-01,7.379804960004407999e-01,2.767465371903728988e-01,7.321452439664106748e-01,3.148142939982468969e-01,7.337718793713132737e-01,7.821134839192007693e-01,9.103478861806303390e-01,6.126923258762907443e-01,9.343929595383531073e-01,5.379639621514601400e-01,7.508217648402553124e-01,6.914751854261385056e-01,9.305220419217127281e-01,9.047192275563911146e-01,8.423486713335464060e-01,5.236398624547388136e-01,7.143976564662876116e-01,5.034781549479582230e-01,6.180664334472003585e-01,5.925505723284208992e-01,6.428743061539592407e-01,4.244045008156295817e-01,6.025604308854131119e-01,6.327608479154693821e-01,4.214178782398446677e-01,4.585718473187006539e-01,2.808947466329966836e-01,9.492562656456171588e-01,6.901912522589809251e-01,6.738552965093768110e-01,6.669722228729496605e-01,2.711863110573168312e-01,3.270341685272655230e-01,4.541002048315956330e-01,3.018223248588907115e-01,8.722818560096843310e-01,2.320089180309731769e-01,1.828782715204294862e-01,3.661160197976264796e-01,2.399805336997708483e-01,6.846282087493010815e-01,9.098140710018418620e-01,6.094112283692142418e-01,4.578710127893866333e-01,9.094270882462565098e-01
9.406385716226475235e-01,6.218837073577858643e-01,2.343371545705200121e-01,7.129321261188357184e-01,3.908484373592565064e-01,2.773324203774053531e-01,0.000000000000000000e+00,7.244882974448489943e-01,6.329906051030144143e-01,-8.711558067447390530e-02,2.669651066025389152e-01,3.738844428504345396e-01,4.141245261109217646e-01,2.671579339786678831e-01,7.890249744024766532e-01,7.567215915557654604e-01,5.321204144511184619e-01,4.443353774769706610e-01,4.736387560850991441e-01,7.620017845169994031e-01,7.676453573107169248e-01,4.991217915692545137e-01,6.423951842083721608e-01,8.560236357608441704e-01,4.229176579239596334e-01,5.326289601510354466e-01,6.871586233109581165e-01,5.488391200721961516e-01,5.003101096547946103e-01,4.754181500819291140e-01,2.320078313324083416e-02,5.603896129617181865e-01,2.871210563018335438e-01,5.858543698356394325e-01,5.565517094296359435e-01,3.556407424465521938e-01,5.570175131485731734e-01,1.341218591724361309e-01,7.851607445189446102e-03,6.396589306120477048e-01,5.909553493163145488e-01,5.269566254539186367e-01,9.753160179062325685e-01,4.758038261827667315e-01,5.555996912434362223e-01,4.872440707589084097e-01,5.097171382734119183e-01,4.924239427082158227e-01,4.661468295704482290e-01,4.527635290263150314e-02,5.784018984596667190e-01,4.376708721037356753e-01,5.202410891102962065e-01,7.160261710452480166e-01,6.422373686492319766e-01,4.977736632203509926e-01,5.290763157201475719e-01,7.132807047013163260e-01,7.722709366376608875e-01,7.657430910087326473e-03,2.561695098066904541e-01,2.450068422074327124e-01,2.636308462307556666e-01,5.423660534485127416e-01,7.151428610334480407e-01,4.608692693640050186e-01,5.045485748281649530e-01,6.770527944222307637e-01,4.020575744350289860e-01,3.262784237007928523e-01,7.639065465867369564e-01,2.008549787151908961e-01,2.418638184053442663e-01,1.857976162663362574e-01,5.343725035248082511e-01,-3.200351702410259014e-03,4.949308525639685707e-01,4.559808458411698240e-01,1.766859578043118995e-01,4.794693531087707572e-01,3.151831008068629036e-01,5.687130535188362757e-01,1.036748131047904309e-02,2.621676031469932777e-01,7.275742539673526466e-01
7.097237782621937940e-01,3.839807665112370261e-01,7.129930138473897783e-01,4.893832512122013867e-01,8.363881767526951116e-02,4.475589469290376377e-01,7.244882974448489943e-01,0.000000000000000000e+00,9.386725815806675755e-01,2.530978644816811451e-01,4.888495592216011709e-01,5.269380459932195837e-01,9.967021212142155306e-01,8.037091691305761065e-01,1.761056292887509256e-01,2.988511703605350456e-01,6.178934951565147049e-01,7.724160900695565823e-01,3.864727203772755360e-01,5.514203385220100007e-01,9.977681182472242227e-01,9.446709061813964858e-01,3.212798596156867248e-01,8.271449490410812677e-01,5.016933005902580733e-01,2.521868053362430820e-03,5.115462200440009655e-01,4.884344460566494295e-01,4.213689038429437872e-01,4.146362723094669800e-01,5.965419445572588408e-01,5.244456481491945876e-01,8.187113940197401352e-01,4.191036593287955636e-01,3.390826631305579042e-01,4.320754935361379584e-02,5.298208737531393542e-01,6.279021060405987065e-01,6.060972067905873173e-01,7.555864149397533147e-01,5.077648477279748246e-02,4.216165931523551125e-01,6.241582773453713262e-01,7.422740832332666017e-01,9.831942247215393893e-01,2.651741377993149795e-01,4.161761440150253955e-01,6.918432469129880413e-01,2.824955190894232193e-01,6.056469511076445489e-01,3.667587893238817287e-01,5.427315252721439665e-01,5.167809650717969383e-01,3.418368803931646216e-01,7.195789589456037527e-01,7.350875860357556357e-01,1.512056561179395686e-01,2.475979523476634081e-01,4.988338924522338624e-01,4.286285280166279854e-01,5.764681606087190130e-02,5.135952207925127411e-01,2.552707765986444999e-01,6.596508469367369232e-01,7.203141145362947917e-01,7.244118341689497198e-01,2.340447086898354567e-01,8.528486605141726296e-01,6.136448549293863630e-01,7.837904836668546649e-01,6.985506633056095538e-01,2.838015269528088025e-01,1.710900392101663003e-01,5.393925126971292894e-01,4.766945742265786823e-01,8.058512959361392447e-01,6.239688958165174881e-01,6.937903602261528135e-01,3.233246427605336315e-01,3.177594428740674881e-01,5.090337911623598055e-01,4.809239625284758568e-01,6.581604341713001016e-01,7.292920528128177954e-03,9.723122714235821196e-01
6.989391893418053225e-01,7.234857314184771626e-01,6.450573906567363958e-01,3.549700680407801290e-01,7.407371367460192646e-01,5.334485053158718459e-01,6.329906051030144143e-01,9.386725815806675755e-01,0.000000000000000000e+00,7.012022031702882519e-01,6.338748684436493752e-01,8.849412601566477576e-01,7.293541886466927693e-01,8.042623251797346162e-01,9.710145067751725367e-01,7.861587107796558227e-01,7.934815600962061843e-01,5.515379630285300872e-01,6.129033639119491061e-01,7.438849123945427966e-01,7.677257963787188499e-01,6.986555863784449372e-01,5.915668987059550243e-01,9.893522794092818318e-01,7.069387841944057005e-01,7.852236871866207224e-01,8.739366194429325496e-01,5.850463464608288700e-01,2.025733687760335466e-01,5.185477604310503308e-01,2.719155393174118585e-01,4.244306152937228349e-01,7.616204656051072108e-01,7.733664061557976588e-01,6.352531835644145142e-01,7.022698723728896253e-01,5.116349695423899613e-01,4.920994898542909168e-01,2.565447175377216782e-01,8.196252842123472604e-01,3.134835743804945118e-01,6.057263377305975860e-01,9.631371115687941131e-01,9.197238756967437423e-01,8.107838011331035544e-01,7.576169739285391058e-01,5.248635836932359355e-01,4.463867493606919479e-01,6.929696850272003550e-01,5.589087456463668335e-01,5.335740956101768795e-01,5.455989343408996772e-01,7.491246823278150391e-01,9.574792969409064991e-01,8.785858832136805852e-01,5.380785128505021220e-01,3.271142587133086810e-01,-1.492317014860064517e-01,6.212540383195401805e-01,-1.289568057113484878e-01,7.024717558544472107e-01,6.519615059122375600e-01,2.508222536910256761e-01,8.605883203469191223e-01,3.187201987147914028e-01,7.362366085879388233e-01,7.786957113540252662e-01,8.381334672835439870e-01,4.622892090438813217e-01,5.374548219397264903e-01,3.879456837037776884e-01,6.922755503515343189e-01,7.893806436695550710e-01,3.625429956390948671e-01,2.095322008551901150e-01,7.890959084583423211e-01,5.269050121300448142e-01,9.235085338642350372e-01,7.336325477865062172e-01,-8.226342340384100449e-02,4.787621928617533107e-01,8.239437569009119278e-01,4.888939308163929298e-01,2.327546742820575387e-01,5.214355102959906674e-01
2.930211795564049426e-01,8.761872346157663083e-01,9.409104592590853411e-01,6.551645496254128176e-01,5.818505570411792727e-01,7.000954787000214230e-01,-8.711558067447390530e-02,2.530978644816811451e-01,7.012022031702882519e-01,0.000000000000000000e+00,6.037010262397470850e-01,9.240142958932031636e-01,7.995303486515952240e-01,4.345483713813423909e-01,2.706534634743681389e-01,8.056431857396921803e-01,3.538663531359051984e-01,7.259281120321916525e-01,8.497560396150942719e-01,8.018663029372349316e-01,9.464169617522844025e-01,4.062419784971538772e-01,8.310760903909183428e-01,8.294792311755754266e-01,2.014905806238194153e-01,9.246992213586276987e-01,7.028058843874277484e-01,6.951760153812404086e-01,6.314078957380464541e-01,5.300727425627546063e-01,3.831503389215477062e-01,8.797704106111390310e-01,6.462756483665483831e-01,6.792411705494434404e-01,6.889058466171262829e-01,5.659802698642483199e-01,2.274302770191792278e-01,5.181516752531644121e-01,4.690074238369567605e-01,7.564978185966741986e-01,2.339837316494611241e-01,6.683589495775030809e-01,7.828470185799816239e-01,4.645821160468804334e-01,3.009012055153413301e-01,7.950682390404208988e-01,2.218828302346156564e-02,7.678874273866046485e-01,9.673758182558870322e-01,7.058121150838082558e-01,2.680477460502364573e-01,2.178455367383535790e-01,7.102744734570828333e-01,6.559851326943019201e-01,6.455154387769853619e-01,7.122617394187221729e-01,9.334437181998319621e-01,9.163654659915367873e-01,4.122865805299977815e-01,5.777357577934836286e-01,2.691277256553729069e-01,2.459412960530099890e-01,6.584741613364146762e-01,8.038353984093762339e-01,8.904361525343671424e-01,6.375298494614591860e-01,3.150624926315658270e-01,9.475085344422810030e-01,5.264549690900283130e-01,4.881971514851954907e-01,7.113807463139008025e-01,-7.894293042787303705e-02,6.825663737800554687e-01,3.019990284025394489e-01,2.725233795558376082e-01,9.526862759516409040e-01,6.229549714223934220e-01,6.294668664820148862e-01,5.759554386209801979e-01,4.819339423568169689e-02,4.714993565633465167e-01,9.221244610074004200e-01,3.785979326376104348e-01,6.757907543054344490e-01,6.647487358989426776e-01
4.846005691039878549e-01,7.000721406066942043e-01,5.841567732029084858e-01,2.257821564657706281e-01,5.063295384050567893e-01,4.756776507508393426e-01,2.669651066025389152e-01,4.888495592216011709e-01,6.338748684436493752e-01,6.037010262397470850e-01,0.000000000000000000e+00,2.171009839568436850e-01,6.527576219504935828e-01,9.953698207474872550e-01,9.713165365120475236e-01,5.301611282259109936e-01,5.742079942149069804e-01,3.615911001572781336e-01,5.308633482631595069e-01,7.882875736292461744e-01,6.678163533981001931e-01,5.791833926400249410e-01,6.397261627934613948e-01,8.052303292843832061e-01,1.130968185885542487e-01,9.656554362945769521e-01,8.044779851392058756e-01,7.663832313312385347e-01,2.577588944616946431e-01,7.065715209935004015e-01,1.879256828893785536e-01,7.043958254999429514e-01,9.829234502772586923e-01,7.544943783761397516e-01,5.147461734930944832e-01,3.411689400375200742e-01,1.237538575159727455e-01,4.556080413894439407e-01,9.891619031852265653e-01,7.785116709596444640e-01,4.889907954122035133e-02,6.748758539483312724e-01,4.963693611200382660e-01,3.891555920786785583e-01,8.994630447282724317e-01,5.179745448552847131e-01,7.489786006007654873e-01,6.694858089283538538e-01,3.180064817843074598e-01,7.888563528673846470e-01,3.531708375581217307e-01,3.683485471488872065e-01,9.656696449027920570e-01,5.202904299341863936e-01,7.628390715491205620e-01,6.733503302761197906e-01,4.913227796199932662e-01,9.298953992291006942e-01,7.922399155881838517e-01,5.907744528508112047e-01,3.611214948575947048e-01,2.794699357590619826e-01,2.636388418553345936e-01,6.815013141481868209e-01,4.396824441161853447e-01,3.668292347555249799e-01,4.865871765258928394e-01,6.738015802652879138e-01,4.785044763296298909e-01,8.213692628492762493e-01,9.510121646380661486e-01,4.285683851556859048e-01,-4.866165204396588617e-02,2.555192144481580607e-01,6.227129884404521976e-01,5.577106816245429588e-01,5.297503698621995882e-01,2.960086317043732484e-01,1.949502985483769490e-01,6.355179568308039206e-01,7.975511872760896459e-01,5.585958363904166557e-01,5.602914656416593253e-01,7.589597838119883644e-01,6.290745493880413042e-01
3.612877447383865959e-01,8.281418236063385896e-01,3.363935943989140309e-01,5.369320206049634780e-01,2.985176072788232049e-01,5.334461780421885235e-01,3.738844428504345396e-01,5.269380459932195837e-01,8.849412601566477576e-01,9.240142958932031636e-01,2.171009839568436850e-01,0.000000000000000000e+00,3.175913952996437528e-01,9.247719245499359531e-01,3.557062299740781919e-01,7.077667316737332737e-01,6.559809319861341637e-01,7.276382171873945204e-01,1.109723112352496988e-01,9.596912319084879295e-01,7.440131530451622455e-01,2.179236913548235899e-01,7.536703017029838803e-01,9.617714531254846211e-01,7.142099800454152492e-01,7.401187299547736798e-01,5.796524420587823023e-01,6.313552207205257449e-01,4.560852550051949228e-01,1.428859854296446741e-01,5.402501912562066577e-01,2.303175911434917622e-01,7.086466237787264477e-01,7.254454011370572442e-01,7.768323005785567892e-01,3.669982312087139986e-01,4.137568741499957903e-01,5.146929132283289965e-01,6.605354857688870984e-01,2.268074656404726608e-01,6.788628193407265643e-01,6.564409945143556691e-01,6.018737712778721161e-01,6.792822337256153586e-01,4.098250875042195318e-01,7.965968591906509300e-01,4.021784432784266117e-01,-4.703455533831479851e-02,2.154209159393901396e-01,4.606438870245981310e-01,3.424273147662380556e-01,5.865571490607396354e-01,9.131674647081254870e-01,4.257278473141982711e-01,9.658681897349387091e-01,7.284266191788005829e-01,4.921110377658317603e-01,6.408839669319797983e-01,7.744034755250580604e-01,4.705927651937308331e-01,5.569729570084445136e-01,5.119100371927869375e-01,9.266457925921161021e-01,3.674055676995734432e-01,6.868867149839982256e-01,8.157364432903354556e-01,5.091542118065623956e-01,6.664712038219575696e-01,7.796515405342477889e-01,4.764889207261834847e-01,2.273773029442487936e-01,7.122833521169379400e-01,2.642611957273557355e-01,1.528398076458599986e-01,2.309148174606260873e-01,6.145409516842114117e-01,8.784015496669891343e-01,2.715966479770313691e-01,5.998767273208676087e-01,1.908210869521523578e-01,6.156278366685847825e-01,6.583037086219688527e-01,6.093688010049777004e-01,2.363251933102158975e-01,9.740334827118294347e-01
8.746064963499912137e-01,6.471738379595016744e-01,5.312104534992129201e-01,9.738314941167576233e-01,3.461448159533382363e-01,7.219623576787430608e-01,4.141245261109217646e-01,9.967021212142155306e-01,7.293541886466927693e-01,7.995303486515952240e-01,6.527576219504935828e-01,3.175913952996437528e-01,0.000000000000000000e+00,6.339154362013910138e-01,6.667636394740170669e-01,6.444474482036510743e-01,8.303887969257319757e-01,5.898245475925398829e-01,8.708983618587645692e-01,7.357015166934346428e-01,6.560982570486448839e-01,6.466177196725100274e-01,2.018023698436431645e-01,8.409075042494451591e-01,-1.403665552822908613e-01,6.263972193071490890e-01,9.835967017931974699e-01,4.769346695104891842e-01,6.572559049231286865e-01,4.364320259187490225e-01,2.715601761163673467e-01,4.230860525614326129e-01,8.188029087034855991e-01,7.028332937660790591e-01,6.850421613812576194e-01,3.420705248263145037e-02,1.694225506161485262e-01,5.648535451348635217e-01,8.181478535479187464e-01,9.386160832983794222e-01,3.299480904982307061e-01,2.709129209930852822e-01,9.834792897958244406e-01,2.462372756607434099e-01,6.350005217702830995e-01,4.855203749769494981e-01,8.787785330351047808e-01,8.694925944841930265e-01,2.438905048491610272e-01,4.122211289507138332e-02,8.995959139807283567e-01,2.527197228073531088e-01,7.721029250969654312e-01,7.196175401421405216e-01,7.649421973886205706e-01,3.660590282133574513e-01,5.010454277641451792e-01,5.816297707923208105e-01,8.915284878370139943e-01,2.524360551688972776e-01,3.899726653995053693e-01,7.790666532501235864e-01,1.078379160487851485e-01,5.884233165648746766e-01,7.372735657293034706e-01,5.145334652476479115e-02,2.574176345343235917e-01,3.254998097383803302e-01,6.217119381983714499e-01,7.502647110851073942e-01,2.148008714862698898e-01,7.171075602515014635e-01,7.232002165310756903e-01,6.300146584607081435e-01,7.416558850087353605e-01,4.809445504640267322e-01,7.778642138978916210e-01,8.746670892352156335e-01,2.828210592829477621e-01,1.568713558266400798e-01,6.315207948059464726e-01,6.791394105662718061e-01,1.821269864754618828e-01,4.315284842786316633e-01,4.243071008518690679e-01
7.407622361539978328e-01,7.553936829046548063e-01,9.843450759554775997e-01,5.296608100254982521e-01,4.007255924452577944e-01,7.652023107821205317e-01,2.671579339786678831e-01,8.037091691305761065e-01,8.042623251797346162e-01,4.345483713813423909e-01,9.953698207474872550e-01,9.247719245499359531e-01,6.339154362013910138e-01,0.000000000000000000e+00,5.194100712798770392e-01,3.179670962958918712e-01,5.029488058305413567e-01,5.937904429261077199e-01,4.837956337066561252e-01,8.398738836267165553e-01,4.334892649612047122e-01,6.011016208238338931e-01,6.924684688366261609e-01,8.513889799837249805e-01,4.075909631747787754e-01,8.509874930533272153e-01,8.671499518922117788e-01,1.457879035728295615e-02,2.231189405732767472e-01,4.006839351083549827e-01,5.784676280555054451e-01,4.133491553882404634e-01,5.789441557791341619e-01,7.190873426473141095e-01,8.785080025531918357e-01,5.487572679525229979e-01,2.499091365765426231e-01,7.590602580670131605e-01,6.246573567559317031e-01,6.770810065784444998e-01,2.475022295078494472e-01,6.935908204457984505e-01,8.059723368931425158e-01,6.497335437534859093e-01,7.620344459668434434e-01,4.628089714476950611e-01,7.228356866591056917e-01,9.004399312598021510e-01,9.901713260160061036e-01,7.472170590910525156e-01,5.436640291369922995e-01,5.414809327573594233e-01,6.537986200959826633e-01,8.547343343731742538e-01,9.553767845313575480e-01,7.727921744371416546e-01,8.667667528144844535e-01,5.564921878450216353e-01,4.835727904666496380e-01,5.815834199982558017e-01,2.750333932786185320e-01,7.076660426692494843e-01,4.473002776836134675e-01,7.739319489500364746e-01,7.190705796481470236e-01,9.300431260462621585e-01,6.709089487976418464e-01,7.843128082107921895e-01,5.270121291125559049e-01,4.421797105801357763e-01,6.475411704159490522e-01,6.666891482923378298e-01,4.191736075542783491e-01,3.644180205296459335e-02,4.778877837360939740e-01,9.823198972340672075e-01,6.372340687559590044e-01,4.131539329014404238e-01,2.919714160641388445e-01,3.306389374457733288e-01,6.648717091210055719e-01,9.969404381019842942e-01,5.616114233648545895e-01,5.684672349899162480e-01,4.912261032894824631e-01
3.305586844387926604e-01,5.637026875046319274e-01,8.549309937465421338e-01,6.018369257428427543e-01,7.050659849608604812e-01,7.741039699360087178e-01,7.890249744024766532e-01,1.761056292887509256e-01,9.710145067751725367e-01,2.706534634743681389e-01,9.713165365120475236e-01,3.557062299740781919e-01,6.667636394740170669e-01,5.194100712798770392e-01,0.000000000000000000e+00,5.995518753117295985e-01,5.683726498708137065e-01,4.780352919587304017e-01,6.365909836972516792e-03,2.051302366878181849e-01,7.382957660138310674e-01,6.210243688825464181e-01,8.808949992574653665e-02,5.606129720730937960e-01,7.497932092088311906e-01,7.650181009037284596e-01,2.096325161489608624e-01,6.658767320850772498e-01,7.472775196551378896e-01,7.336042110093202728e-01,3.918674184397215043e-01,4.908369152822453230e-01,4.509975717365706793e-01,5.908554545138384739e-01,5.245374667565887439e-01,4.672641509225161638e-01,3.250884167956203386e-01,5.680524948244011219e-01,3.036308794769733144e-01,2.970243714201150076e-01,5.455654530457787477e-01,6.090490018296037533e-01,9.594643359821244388e-01,1.003250227362069841e-01,7.065284483194760323e-01,7.381479838183524489e-01,2.229638869819643501e-02,6.492259291189561576e-01,6.671714145639702220e-01,6.096604514859427226e-01,7.843935935877426324e-01,5.158355344439140566e-01,6.672511180991193003e-01,7.411402027945043214e-01,8.393805702113565914e-01,2.716613099808564691e-01,5.658547643769886726e-01,2.027290507031360156e-01,7.958431378236677789e-01,6.233905328634359311e-01,1.601274463645459278e-01,6.446140388014414135e-01,7.702173992650660495e-01,6.633550622019975807e-01,5.382609133909390664e-01,4.759395207853689413e-01,7.379041167780246990e-01,8.423377145686835599e-01,6.355888454961442502e-01,7.761431381179568767e-01,6.722656004301141852e-01,5.216094828181536691e-01,5.459451967025724661e-01,2.057585913065564376e-01,1.211345892709209809e-01,6.079081053893228281e-01,9.467324878200665816e-01,7.139350362533833927e-01,3.665469262561988906e-01,3.452115465700558161e-01,7.125723975681224065e-01,6.627336042964501184e-01,6.640905489925932326e-01,5.439292228689177056e-02,5.606701305086547737e-01
4.293480483166108863e-01,7.924515510851192213e-01,8.984578376304239722e-01,8.511538296220628741e-01,4.015953484730899054e-02,8.071488002155373653e-01,7.567215915557654604e-01,2.988511703605350456e-01,7.861587107796558227e-01,8.056431857396921803e-01,5.301611282259109936e-01,7.077667316737332737e-01,6.444474482036510743e-01,3.179670962958918712e-01,5.995518753117295985e-01,0.000000000000000000e+00,4.782790108710269217e-01,8.514916872291232730e-01,6.840627545073530991e-01,2.706388611530753385e-01,9.485077596508628694e-01,6.656995424752487622e-01,5.273803893100389439e-01,4.953025863764454195e-01,5.412332472353494905e-01,3.832492568956915591e-01,7.632601729996779660e-01,9.801094226192420544e-01,3.869524064203341274e-01,3.457399201613689521e-01,4.846716113767810530e-01,4.008144813581874799e-01,7.111513964551829936e-01,-6.236171887656266621e-02,3.037978386780504358e-01,2.234129303997664517e-01,2.329283538009797871e-01,7.697761666206075493e-01,9.844560938413726703e-01,7.135403463439063954e-01,7.481139480953886700e-01,7.146547362849227092e-01,7.618767657811893468e-01,8.236678590574793013e-01,8.131421138756330658e-01,5.283906238964350965e-01,8.233730740807310156e-01,7.277997611120532451e-01,-6.188674562174562022e-03,2.346974704278007029e-01,2.052302832366915131e-01,7.057208072476681693e-01,9.451941085917220375e-01,3.313910785571047013e-01,8.619911462429874494e-01,4.559417702467418732e-01,2.339772954442229935e-01,9.271534872367039881e-01,8.363769744109541548e-01,4.016939821646300368e-01,5.907336498558988236e-01,2.287475887420819531e-01,8.648078868520063800e-01,6.057872679893941958e-01,5.952205552778169206e-01,4.592786981712341232e-01,6.955412056768137674e-01,2.707334171138676693e-01,6.533492856380459513e-01,3.651296532944688922e-01,9.276266452307574406e-01,5.763058693719533832e-01,4.819653444863898906e-01,6.966358026746979348e-01,7.581638112999319334e-01,2.298775380384998901e-01,4.474077189611487815e-01,5.252243719850042680e-01,8.965866485702724820e-01,8.943688285508340219e-02,5.442665327143582088e-01,5.038340311187943232e-01,9.722293768279516302e-01,5.650229013462971794e-01,4.961901347678053797e-01
5.665537485527462058e-01,3.557581050647473653e-01,9.031217612782438398e-01,4.652156181122925060e-01,6.593033064599571613e-01,7.322138982674919472e-01,5.321204144511184619e-01,6.178934951565147049e-01,7.934815600962061843e-01,3.538663531359051984e-01,5.742079942149069804e-01,6.559809319861341637e-01,8.303887969257319757e-01,5.029488058305413567e-01,5.683726498708137065e-01,4.782790108710269217e-01,0.000000000000000000e+00,4.626529634728868690e-01,8.247534860186459538e-01,7.691326508256870476e-01,6.157837043945800781e-01,5.792608433301251747e-01,8.268655992562506940e-01,6.883969466968187234e-01,7.617144873881224187e-01,6.659996993743370064e-01,6.016955576181640675e-01,4.022881398737437886e-01,7.665370744363854127e-01,6.161874913853379043e-01,5.098839810793794891e-01,9.882873226368137365e-01,5.576316765513722462e-01,3.455809026844852694e-01,6.038964582833699080e-01,4.932714493400193190e-01,2.862476812059976394e-01,6.261418343224293137e-01,7.889822974477513906e-01,6.355227088524653123e-01,2.862518301116801500e-01,5.686454251258621362e-01,4.808134095276486719e-01,9.164138687302395558e-01,9.507969430801721522e-01,8.576879955564967739e-01,6.408353121820700160e-01,8.918637462211400635e-01,9.381019561577512711e-01,6.371228911311905829e-01,2.187186972748281499e-01,6.257150863800647889e-01,9.488046423174533173e-01,6.867211121186788114e-01,1.994690277585776939e-01,3.152380970749254496e-01,6.731061281742506397e-01,6.279557145467445922e-01,7.606287573833677707e-01,4.877266274673906082e-02,4.858159875507506720e-01,6.420933279547942352e-01,3.287548679892100534e-01,8.310089910887670239e-01,8.844058929943575675e-01,6.743372969482470669e-01,5.479047933680749605e-01,8.576500058771281410e-01,4.235192944319322028e-01,6.961388530843646283e-01,3.044566541304126184e-01,7.168840172957452461e-01,2.643050745762838827e-01,1.525312685394855095e-01,9.084774748174173978e-03,6.908692952956482225e-01,6.974248199144489346e-01,8.288468474240776596e-01,4.840862445893990840e-01,5.131328568795454625e-01,6.309922404217119807e-01,8.993388031620109802e-01,8.013847724894203051e-01,3.254392250510385609e-01,4.749069404352990742e-01
7.390813458806951841e-01,-2.294521966556322123e-01,3.717552335255859264e-01,9.527251165776783326e-01,6.424477484919401959e-01,4.753186901370285433e-01,4.443353774769706610e-01,7.724160900695565823e-01,5.515379630285300872e-01,7.259281120321916525e-01,3.615911001572781336e-01,7.276382171873945204e-01,5.898245475925398829e-01,5.937904429261077199e-01,4.780352919587304017e-01,8.514916872291232730e-01,4.626529634728868690e-01,0.000000000000000000e+00,3.677296639825053948e-01,7.422711904166731101e-01,7.043431008386582537e-01,3.359808452841883675e-01,3.066990583047611851e-01,2.318208148888091791e-01,5.555821316067921511e-01,6.736076196475031530e-01,8.223021243223345156e-01,5.284272349946137481e-01,7.918244273173341563e-01,2.395431895298871239e-01,4.932682323218743337e-01,4.706999314243736632e-01,5.640904539720659194e-01,8.324589491298572952e-01,6.792926379682013849e-01,7.235312455127076436e-01,1.795738510709686264e-01,2.896000010227750554e-01,8.140429989864167437e-01,7.838533804714432618e-01,2.092055177150796696e-01,7.163136795405288249e-01,5.677117672942455506e-01,8.240367053850322643e-01,8.870943107271723749e-01,9.892865204240072208e-01,8.302717985470025042e-01,8.864653399518919175e-01,4.145757185150195090e-01,4.770149368799091461e-01,5.295841556464566668e-01,-2.505404063479412802e-01,4.430272180110974567e-01,8.663142368803438131e-01,4.721621426137262434e-01,8.662578401806683148e-01,2.500183713089417226e-01,5.183231438039729300e-01,5.998802187091692995e-01,2.883162351229047182e-01,5.086495275912131797e-01,7.629123764614545999e-01,5.054252585788059360e-01,8.596748101522719843e-01,4.179576248406587924e-01,4.257147603820758963e-01,9.872030027271669894e-01,2.880489491668613566e-01,6.216605203952721981e-01,6.393989665586649052e-01,9.633364627772944555e-01,4.995426138079723799e-01,2.454575475722595435e-01,5.205242583548628232e-01,5.287313739894304865e-01,7.337773687818744950e-01,2.998050191241247719e-01,4.841621542417675617e-01,5.738967876165299575e-01,1.735817729162803802e-01,5.280619110634882096e-01,6.100943654649069181e-01,3.607458442335987892e-01,5.007665806495720240e-01,5.553241413364450318e-01
