0.000000000000000000e+00,7.132210146138668883e-01,9.120612720933642947e-01,9.292273707405541705e-01,8.606348634181862911e-01,8.072377035524057609e-01,9.110683599992815129e-02,5.724833788696753745e-01,-1.839942199901622999e-02,7.227905097461888584e-01,4.762579281082534588e-01,3.661016921612093022e-01,8.857460410929203221e-01,6.675464221307102486e-01,7.615410185182674985e-01,7.584704485241349214e-01,7.586612220927855255e-01,8.882772754154455441e-01,4.743194631758355650e-01,9.421506115765727607e-01,9.521887671222911687e-01,9.789320647180426160e-01,7.483296319427683585e-01,6.689427148181927851e-01,7.779038480593400973e-01,5.136279820008121666e-01,5.418181465169790156e-01,6.300236094029909584e-01,2.497100439145021333e-01,3.373724516965010967e-01,3.039974124966689506e-01,9.681826484654485476e-01,4.194462565497328876e-01,8.617358110147415040e-01,5.316482410989664675e-01,4.784377706065822133e-01,4.292568412687960411e-01,3.841427146113947089e-01,1.634630719949939637e-01,5.904859773019619507e-01,-2.079682720311532007e-02,1.433838520388031612e-01,9.862474767312645607e-01,9.108642328147664724e-01,9.600877784782104740e-01,8.516063335117289856e-01,4.779094888753520065e-01,7.616832258913844855e-01,8.169532575167726129e-01,4.082562091368132640e-01,9.667209999473882487e-01,7.156204572577988809e-01,9.282643040255909028e-01,8.358911043818537667e-01,5.090753357900225096e-01,6.245454077563162842e-01,7.614052481212456591e-01,2.151148713198222928e-01,8.598701688937502308e-01,4.248806074406696887e-01,4.310392178731938806e-01,7.997493784651534821e-01,6.830467340480960159e-01,5.694990307298086751e-01,8.215621536594257535e-01,5.461224495710341742e-01,4.537753383696643827e-01,7.706516822919662335e-01,7.433904583416902634e-01,8.248178183351626558e-01,6.101940124379927610e-01,8.399416271465164341e-01,3.160790584281770732e-01,6.799759730238663646e-01,6.833041299168862714e-01,4.048833316968640794e-01,6.134156201162866973e-01,8.249781036982856142e-01,1.473176414772419951e-01,7.907060016150802007e-01,7.396839801675363368e-01,2.801194295727741368e-01,9.346565485192391831e-01,3.572009561222305729e-01,8.121150947527217001e-01
7.132210146138668883e-01,0.000000000000000000e+00,9.181708898979961120e-01,5.550317558906038284e-01,9.478313854487874224e-01,3.789723609842775565e-01,6.085034827759558951e-01,6.368986674795900083e-01,4.749666011903458940e-01,7.427685221202454668e-01,9.690304720436322405e-01,6.301433973544688927e-01,8.478209537113978733e-01,5.133993701003105592e-01,6.089244617494921075e-01,7.311857628955816812e-01,6.060241972399330601e-01,4.341807518076751249e-01,6.445209747693564362e-01,6.323077345983139086e-01,5.728486637255150171e-01,6.768529120128686793e-01,8.971284315991687741e-01,8.809076850952770599e-01,2.132896711221979047e-01,5.171918205793560874e-01,7.240069144093442821e-01,8.178856918329370229e-01,4.070779107378270645e-01,7.517355419886960488e-02,4.062235528864979184e-01,5.723837283152313216e-01,3.057976579748856727e-01,2.375909777246689170e-01,4.425455230443510746e-01,6.543473978992297990e-01,2.616511802428573841e-01,3.045586811711865627e-01,5.413969059322847333e-01,2.579125420234191224e-01,7.465219361126977926e-01,7.030624148936972517e-01,5.274002957020970106e-01,9.126210802825869273e-01,6.211957073420252273e-01,6.534865450346263316e-01,6.192691452576128963e-01,8.393465908489413652e-01,3.332292201068594029e-01,7.048365205924098653e-01,7.789737571094915713e-01,3.114624510809513858e-01,9.703895119290554261e-01,6.949225493254498343e-01,9.096663736798384914e-01,5.502000281245731372e-01,7.029454405585567889e-01,5.015127171617743684e-01,5.831567267392462339e-01,8.220331009811645551e-01,6.613398778892877194e-01,5.879175545901099698e-01,8.314109080416943742e-01,7.192407146868515788e-01,7.708631545369244442e-01,8.265494986352203144e-01,4.684298736000584995e-01,6.947605293974319363e-01,6.628930775602840386e-01,6.320639245181137733e-01,7.856419202613839081e-01,6.748206989160754343e-01,2.941226188752913973e-01,2.113040853510076977e-01,6.300350484953455288e-01,6.898185609100303539e-01,4.582982520996488618e-01,3.322288210271679976e-01,4.650057446492413815e-01,4.872743918295618371e-01,6.912006620212822749e-01,6.859433005902045855e-01,8.763135610815602217e-01,1.629955327142219579e-01,6.843660829404194512e-01
9.120612720933642947e-01,9.181708898979961120e-01,0.000000000000000000e+00,8.136130617802432852e-01,8.055175323021934730e-01,8.542029810451019500e-01,7.120342773878662879e-01,7.868246713495010702e-01,4.270391587953830670e-01,5.805448790820770810e-01,5.666458126555395935e-01,9.365167783445516037e-01,7.259780329412922617e-01,9.823638082801755544e-01,9.487022967068683421e-01,7.283302652590889492e-01,7.337960898780764296e-01,2.642964578303603762e-01,9.843201324475383540e-01,8.997884664868709415e-01,7.822298782064054379e-01,7.203866650198937904e-01,5.426628174218214307e-01,9.506081332202769296e-01,6.973131564010619510e-01,6.779349495179186613e-01,2.409927478173638782e-01,6.160702576574862421e-01,3.954683660468280015e-01,5.054551913017860665e-01,3.376980358034092355e-01,5.019076575656661321e-01,9.466802900492332640e-01,8.309582690420489470e-01,5.128963720285425465e-01,5.422333832323312786e-01,1.359901453833917695e-01,7.044837244663585407e-01,9.216484433733427295e-01,6.039830389404772237e-01,6.171523548963517847e-01,8.754446075776068925e-01,6.651533392237445330e-01,6.293250464795248078e-01,7.100876945025567100e-01,6.640413642051236076e-01,7.305662065914679815e-01,6.148298191688116310e-01,8.398598563243772075e-01,7.948347634788568428e-01,2.345236701099099597e-01,6.328196161548782506e-01,8.536276334948282862e-01,6.201353632474452260e-01,9.820418811695966754e-01,8.873685177287754522e-01,7.575086902290489865e-01,6.268690681767824513e-01,4.897182865492439308e-01,6.735408873714237021e-01,6.379771138526474372e-01,7.402145335051772967e-01,8.368333381557639949e-01,9.832187521014708054e-01,4.579821558277032967e-01,6.719282449555341596e-01,8.010736602365901016e-01,8.966294707778491579e-01,9.277016291109890789e-01,8.421443049449017781e-01,4.226413780447386692e-01,5.658020017988384387e-01,5.866758799441407213e-01,4.559947704654689349e-01,8.272867837600861307e-01,8.460319918154597385e-01,7.653389093370244201e-01,3.793962039442699830e-01,5.618312534161713501e-01,3.655685103547241521e-01,9.182451380896020643e-01,8.413171201222177098e-01,6.597201943077499742e-01,8.601704192113162062e-01,7.623995768015539021e-01
9.292273707405541705e-01,5.550317558906038284e-01,8.136130617802432852e-01,0.000000000000000000e+00,6.834248506027916781e-01,7.277413671311353527e-01,3.437251301751102495e-01,7.084765540270357986e-01,7.081246438914080565e-01,7.161481771633093629e-01,2.145561239978402424e-01,7.337813142958575785e-01,9.102150253677254721e-01,6.708595814599498386e-01,5.313075732408351071e-01,5.932231644064559495e-01,5.145075961235515694e-01,5.384129675995663611e-01,8.262759228862144312e-01,6.289474548434759171e-01,3.101356265774060650e-01,3.843621939677537291e-01,8.635195532923665152e-01,7.139038673402676727e-01,4.992891906292328263e-01,8.651294403374467645e-01,5.420539707857765510e-01,7.650243934471148144e-01,1.038162958204161407e-01,6.818252915779469125e-01,2.577779853895941220e-01,7.056175617947902934e-01,6.402253483105901921e-01,7.626965026339681542e-01,6.054911084815968181e-01,3.212670189986596703e-01,4.045269551244571327e-01,4.468893430753822504e-01,9.254833649231624104e-01,6.350522232528459377e-01,1.008555553104028696e-01,5.675717597081016974e-01,8.902448499500407175e-01,9.985800060342080453e-01,6.614172005585732261e-01,4.684995008064242183e-01,5.888267849577906166e-01,2.020115847099096529e-01,1.964707241754241884e-01,5.925472066462871279e-01,7.050141785774579617e-01,6.021218378322769071e-01,8.473721074300848422e-01,8.485435053291794372e-01,6.061782173254965933e-01,6.582341633668771230e-01,8.102626086493108781e-01,8.217637868335695428e-01,6.669734813285508324e-01,2.110752815328517940e-01,2.561943580472469950e-01,6.543314669351004698e-01,6.016123816899351384e-01,4.634396521350409026e-01,5.849370992947849901e-01,1.775089007482378023e-01,7.292491383392505355e-01,9.752530357785089699e-01,3.427643288783857045e-01,6.442064327360534914e-01,7.501053768663038523e-01,5.280271156440776714e-01,3.496070054108478264e-01,4.639540756555377565e-01,2.051977999297397159e-01,6.009652456918087582e-01,2.051637629117009087e-01,9.607340557384570490e-01,3.333604552101387952e-01,6.840798744803239240e-01,5.378660722772771186e-01,8.508104953027337825e-01,7.905984652108024591e-01,1.951671747511140864e-01,7.503283449570311570e-01
8.606348634181862911e-01,9.478313854487874224e-01,8.055175323021934730e-01,6.834248506027916781e-01,0.000000000000000000e+00,7.785485528302111824e-01,5.323854280749217294e-01,9.443720309153971204e-01,7.633053679683756698e-01,9.787522001639585856e-01,9.340077847867800376e-01,6.133388369377534843e-01,2.473959005540527778e-01,5.773303836394043653e-01,7.624478979663775746e-01,3.641253470585084084e-01,8.050121863649510878e-01,4.498510382545770070e-01,5.824817439472768088e-01,6.620937852160204695e-01,6.096352576141575996e-01,-8.120908332347295810e-02,2.103675423586445770e-01,9.540178734584183751e-01,1.035880013751962030e-02,6.839931004736695686e-01,7.970846772587465434e-01,9.463761107350596724e-01,1.609778233906965506e-01,7.179008519545843070e-01,6.465654324578680168e-01,5.357809451652724153e-01,8.201336265862306796e-01,9.139723064041880285e-01,5.893065711210876412e-01,2.261275179104711985e-01,1.383295086823649045e-01,5.877248719680737699e-01,6.924653293057146941e-01,1.932611659450612362e-01,4.086534328524542570e-01,2.041391773847202606e-01,9.645776227336396724e-01,7.213084056082512685e-01,8.827354365640781575e-01,8.701103341101019684e-01,4.941373695949662914e-01,8.995596752479205760e-01,3.237726173501694338e-01,7.517136948013083408e-01,9.592055487371391465e-01,7.298966677300262607e-01,6.681846084285493204e-01,9.154147635522550397e-01,8.833414839688283893e-01,5.661171383872195539e-01,7.860443611852521162e-01,5.179506138753662420e-02,5.852988342775072850e-01,2.827137007011773506e-01,4.348402220631297777e-01,2.613214474048737301e-01,9.185639180101800028e-01,7.841188304644335361e-01,9.462795185421175592e-01,-1.408631483843472421e-01,7.362268684480501868e-01,6.241379453579906089e-01,5.759464241759530978e-01,6.844934915315781243e-01,4.661141159750867846e-01,6.358127706070311191e-01,4.732447531718625422e-01,5.964725367306003001e-01,4.706750613366176283e-01,6.217188449009315443e-01,7.994695485938998480e-01,4.364194352119755704e-01,3.589078941291555802e-01,4.252414881933940238e-01,5.545995510521473104e-01,5.232029682316959862e-01,5.166570227388190828e-01,2.168391016106503422e-01,2.089781552374839202e-01
8.072377035524057609e-01,3.789723609842775565e-01,8.542029810451019500e-01,7.277413671311353527e-01,7.785485528302111824e-01,0.000000000000000000e+00,7.200285711802432154e-01,2.236510508441828526e-01,4.674555192391735559e-01,3.005744109203938863e-01,3.668006756253261447e-01,4.808391262434775215e-01,8.071243753495753737e-01,6.260802973764340029e-01,4.062421329040480922e-01,3.761932347716273606e-01,7.794785082370188078e-01,5.592292963400623540e-01,3.614688821881728575e-01,8.729273727355522094e-01,7.550028532600931985e-01,4.741878803957936261e-01,3.543194620029131992e-01,6.323655896266389131e-01,1.800718291853695974e-01,3.811239754302987448e-01,8.873693654067507097e-01,3.359107737122681847e-01,2.054872613609660947e-01,3.695023830803401133e-01,5.759550275221990701e-01,2.659808984121254105e-01,6.775423631607726538e-01,9.859077213494734648e-01,3.710889099880624320e-01,5.696812942595117502e-01,4.193263914472396547e-01,4.009913896898044117e-01,6.701734089606797840e-01,7.275192510208214891e-01,7.743858862947705646e-01,5.370218459712144954e-01,9.161712519846062497e-01,6.482025253246370688e-01,9.623548444927993994e-01,8.539602253364866336e-01,5.144470476052007690e-01,7.323218480874609249e-01,6.414461214320112958e-01,6.734645719672613939e-01,7.235021396585139541e-01,9.008875288500366452e-01,1.669897456788769219e-01,5.209401368245241137e-01,4.204211104336660343e-01,6.274577603706334994e-01,6.262526877528039604e-01,8.712060516072716032e-01,6.910176025167790170e-01,6.633147877772943568e-01,1.953688560974848609e-01,7.910479799910812293e-01,7.901967726550565008e-01,7.469789911467012988e-01,7.820076485869629224e-01,6.396947828770085942e-02,9.790412880000260998e-01,3.687088122073942653e-01,4.646322742494795599e-01,7.528541416417304788e-01,6.723231776224883882e-01,4.757835352963137310e-01,5.275257212573946086e-01,4.104824700040274887e-01,6.567045953940591207e-01,6.020964822143737294e-01,8.695129369720370205e-01,4.628386320454238589e-01,7.741839834244766960e-01,4.630594785139010572e-01,5.358454115400680395e-01,7.304325912390804421e-01,6.624959523841216225e-01,1.462567674560586728e-01,7.856938570793599030e-01
9.110683599992815129e-02,6.085034827759558951e-01,7.120342773878662879e-01,3.437251301751102495e-01,5.323854280749217294e-01,7.200285711802432154e-01,0.000000000000000000e+00,5.397342903733682862e-01,5.016173818835754084e-01,2.528892616756807654e-01,7.407819259193892947e-01,6.613915254181044201e-01,7.589208941258736019e-01,7.111078790475431344e-01,6.457148380807667953e-01,-1.713763343050415666e-01,6.675566961262259236e-01,6.993548625555773279e-01,5.590687465818137136e-01,7.819440769988095230e-01,8.744158682433712526e-01,7.234669445494231743e-01,7.903720645514704657e-01,8.725585765809653616e-01,8.454090426341238917e-02,-1.605528431576389026e-01,5.830408939859141881e-01,5.161444497061478121e-01,5.597455123129384535e-01,2.987228258638758294e-01,9.805339522129380425e-01,3.258237090610573983e-01,4.834177130504772602e-01,4.354189096058735942e-01,5.983860987464502124e-01,6.338381158036789920e-01,6.553540432264806093e-01,3.672525088801890103e-01,6.024098237569545100e-01,7.257780738738419668e-01,1.235703510338342498e-01,-1.316233742857904898e-01,8.239848103361558929e-01,6.722684110857899409e-01,8.457336903683349005e-01,4.375020591627334920e-01,3.146098411550272145e-01,4.200485580708543942e-01,4.798563858956715333e-01,7.834803654344718593e-01,6.330050190039294700e-01,3.647294390173223544e-01,6.169718058636149971e-01,1.278427171571368086e-02,4.316250721189798800e-01,7.176537052230103075e-01,5.289078539057406880e-01,7.240915838830075391e-01,6.787177373448812778e-01,5.325178585449775737e-01,3.544716000002113843e-01,2.423971558443370755e-01,4.792112240341150353e-01,9.850040573693834567e-01,7.441091003613033994e-01,6.799410151660556512e-01,1.588736542546301533e-01,4.170162601649577416e-01,5.420480805149079373e-01,4.267814093709501044e-01,8.556528942715433406e-01,2.573916385257725703e-01,6.838804437370967770e-01,2.114706714815023370e-01,5.942000167697272239e-01,2.107678851767874062e-01,2.567600579595368804e-01,6.171479400255731607e-01,2.541256590715595398e-01,4.471071048179782181e-01,3.126065761220154782e-01,7.964245892512938907e-01,7.502803221315144100e-01,3.780139846302909556e-01,4.057071020784562831e-01
5.724833788696753745e-01,6.368986674795900083e-01,7.868246713495010702e-01,7.084765540270357986e-01,9.443720309153971204e-01,2.236510508441828526e-01,5.397342903733682862e-01,0.000000000000000000e+00,4.586000180819351235e-01,4.323495467896467659e-01,5.492616985513971706e-01,4.930445652121195343e-01,8.583781255324455239e-01,5.078723243491631845e-01,7.078205876066572255e-01,4.829171959102855349e-01,4.835440585876949471e-01,5.173026442263012337e-01,3.988318916267134528e-01,7.070606988085720301e-01,5.772325781115270615e-01,2.917316539209031945e-02,8.383624685207833327e-01,6.204207756242635652e-01,7.053062157660965337e-01,5.885410301204136996e-01,7.745860244807272199e-01,9.437837720363889682e-01,5.440069160037902529e-01,5.288262022158668474e-01,2.920163328622548682e-01,2.353652756059036177e-01,3.283348293801280349e-02,2.526711775563741380e-01,3.637966216442374279e-01,2.831661414542032684e-01,2.820501521177561088e-02,5.555192716659888008e-01,6.548850453675314487e-01,4.348057030487127439e-01,6.208206993548093244e-01,3.110997738837357196e-01,6.329269741991010445e-01,-1.983955734081771505e-01,6.071428003384364835e-01,9.377012962776183347e-01,2.956824270825929024e-01,5.029403934921691244e-01,6.454801205896347760e-01,6.376337536119499605e-01,3.072391105396578004e-01,6.654964466661236200e-01,-1.978138333170462171e-01,9.481092101896899660e-01,8.846833056992172706e-01,9.326769941828648713e-01,4.756165818724089611e-01,4.546864264893756835e-01,8.320138027961696547e-01,2.752027150865131166e-01,7.588643689786104263e-01,7.937214981302394001e-01,6.331949290484292225e-01,8.138151079765797435e-01,4.503572052246747059e-01,1.900244099513314355e-01,6.445967784876716067e-01,8.379518976887455617e-01,5.119444548734480849e-01,5.798559097798309248e-01,-3.896656708577353467e-01,7.350099444601105869e-01,4.668800719771691865e-01,5.583581144549111253e-01,5.034609999349559661e-01,7.821072493926615188e-01,6.510156937693063472e-01,2.718903977153309670e-01,3.622263548570754388e-01,4.740340061067099819e-01,3.907578147626162290e-01,9.949051641909046895e-01,7.197318068375333500e-01,-5.842128446497479866e-02,4.563026743929434192e-01
-1.839942199901622999e-02,4.749666011903458940e-01,4.270391587953830670e-01,7.081246438914080565e-01,7.633053679683756698e-01,4.674555192391735559e-01,5.016173818835754084e-01,4.586000180819351235e-01,0.000000000000000000e+00,5.560022685544173671e-01,5.240259991399127681e-01,2.979168056398447950e-01,7.525085799096677963e-01,4.052608509813616089e-01,4.117216723146728263e-01,2.827241592029126060e-01,6.349486050006121207e-01,7.126438847754772432e-01,3.376874276802432906e-01,2.189115777732754675e-01,7.662418547809120017e-01,4.793510367413528206e-01,6.011382207481700268e-01,7.761270843787914098e-01,4.489981334256380463e-01,8.871763350841169737e-01,7.094354648990183199e-01,8.874747661881841887e-02,5.723245882882415092e-01,4.253020648929793368e-01,1.277415820378368649e-01,4.542636589990288742e-01,7.384986667291336682e-01,6.281797305247921459e-01,3.569153716107172913e-01,1.466384943683895770e-01,3.002921112401683024e-01,5.546128397305059021e-01,6.288249218541037688e-01,7.417096897920490983e-01,2.196116651665024344e-01,6.039008025640449917e-01,7.792531153114569120e-01,6.256734199487622439e-01,8.740430653599144950e-01,7.904669346738266711e-01,2.048480510303743729e-01,2.643873816627566042e-01,9.514989085311800765e-02,7.651534778615753929e-01,-4.052849668792102289e-02,4.431119064647461303e-01,3.042670833689660181e-01,6.115122525250227259e-01,6.643866172246654100e-01,5.640055179516361150e-01,2.011746970404522383e-01,9.007605368988528260e-01,6.398530055543527606e-01,4.857265847089086153e-01,7.369186719180744749e-01,6.171036923710433442e-01,5.422836397745263159e-01,8.480467828777387140e-01,9.340078495880642651e-01,6.130153534053848219e-01,5.724030869780483144e-01,7.643344081658580702e-01,6.381966360270979743e-01,5.404858830336956022e-01,5.127954234878986384e-01,4.749834295138093410e-01,6.136328711855648654e-01,2.169387664474403676e-01,6.708118035730228357e-01,9.927152366357501201e-01,7.873711277306113532e-01,2.684064538565838487e-01,-6.205204549850490414e-02,3.523530610228489124e-01,7.972868144887734765e-01,4.244136953818993252e-01,7.296980453706085612e-01,3.615189373491011215e-01,4.297061385465086314e-01
7.227905097461888584e-01,7.427685221202454668e-01,5.805448790820770810e-01,7.161481771633093629e-01,9.787522001639585856e-01,3.005744109203938863e-01,2.528892616756807654e-01,4.323495467896467659e-01,5.560022685544173671e-01,0.000000000000000000e+00,3.634996775634923849e-01,6.927518624611761489e-01,7.045853292024470971e-01,8.329979131257599922e-01,7.031853808088898150e-01,7.318348143133849293e-01,5.256302868157184394e-01,6.149777426067775110e-01,1.908651563926153788e-02,7.668593104917860170e-01,9.035358956617948190e-01,4.501744293547040310e-01,2.007719581355046912e-01,9.238886985986600742e-01,7.692909700510108806e-01,8.170764459015382730e-01,7.537430460486014283e-01,7.735963731392890841e-01,2.436811119662958547e-01,5.492772362804896336e-01,1.589644055302026279e-02,1.684979889720600033e-01,3.379246946261236229e-01,6.530392377707618934e-01,5.542070171628427078e-01,5.982142766410043500e-01,4.419802327839489897e-01,6.897467579081887346e-01,2.301664671686533270e-01,6.604627909308403710e-01,7.070254155508191030e-01,5.484951534454904909e-01,2.912292101465918104e-01,3.508338323831031169e-01,9.985559409882704962e-01,9.413580420979930086e-01,7.696073292896296048e-01,4.009693222339767993e-01,6.282732266384210007e-01,2.623121430755671057e-01,6.844757652430635275e-01,9.820088365497577909e-01,9.251188591985146648e-01,4.374005671368560999e-01,-6.593430371957900715e-02,8.951867372563032665e-01,5.094060504177146953e-01,7.025610273927578309e-01,2.547127090206024458e-01,1.260677479408889023e-01,4.157600979261700802e-01,8.991161729829658666e-01,7.500560400168139186e-01,3.274093902301070114e-01,6.166402971706036462e-01,4.780836105002555514e-01,7.717724477733419741e-01,7.572174030585813176e-01,7.786336792286228103e-01,5.673052771612923095e-01,8.101763663814773864e-01,6.333321665128880396e-01,6.561917185919858841e-01,2.678738294778270079e-01,5.882342022294893003e-01,-8.938357681401713772e-02,4.929196547189451105e-01,4.705890773572923846e-01,2.525719246699615894e-01,1.812744809703071558e-01,8.773945831630450831e-01,8.469576240284933943e-01,4.681754522625470871e-01,5.216639806653567968e-01,6.295423497130423485e-01
4.762579281082534588e-01,9.690304720436322405e-01,5.666458126555395935e-01,2.145561239978402424e-01,9.340077847867800376e-01,3.668006756253261447e-01,7.407819259193892947e-01,5.492616985513971706e-01,5.240259991399127681e-01,3.634996775634923849e-01,0.000000000000000000e+00,4.750414077256350787e-01,6.981283219276025465e-01,2.865583954363211117e-01,4.148497990097034238e-01,-1.972603733691893346e-01,6.450466285942476619e-01,6.766468479931637692e-01,6.428331650824826715e-01,4.286698037550357721e-01,3.999916041113115717e-01,5.569627855300033348e-01,6.996015241413056085e-01,5.397134936533469762e-01,4.312477956047047201e-01,3.833403646668057663e-01,3.208266703649828022e-01,9.222648426904561658e-01,3.340538344083757161e-01,3.108381021654996190e-01,5.870714759880358846e-01,6.665066490629685259e-01,7.992388165186449234e-01,9.310554441229146327e-01,6.997555840798729276e-01,1.584878684778990854e-01,5.365269334680484725e-01,5.753368819736288664e-01,5.412112237607249465e-01,7.116428492285046259e-01,1.832859760404501048e-01,6.919952996759444197e-01,8.997978573742290154e-01,3.028978082367332902e-01,7.926700413655205502e-01,7.099090906382995447e-01,8.246243673566280297e-01,4.552881092039379740e-01,3.729189056300127314e-01,4.032256517322291844e-01,9.194565446645180939e-01,1.799659347320146235e-02,7.689424761545472498e-01,9.439831244454666148e-01,4.758699857781792386e-01,7.413441349301916894e-01,4.186610316054482084e-01,7.535209920644629911e-01,4.542699158710858387e-01,3.236092844689549275e-01,4.448756615473055120e-01,2.581645847855407183e-02,5.227607818116962735e-01,6.658553180878247213e-01,8.617128338146091693e-01,2.286454731683413844e-01,7.552097067117686802e-01,4.950779511171293779e-01,3.417392109562001901e-01,6.342587812036115658e-01,9.980625386337608207e-01,4.478457714796202915e-01,5.122396425698052536e-01,6.134510144243887630e-02,3.069443383602107334e-01,4.137130089035073732e-01,8.809535451909014103e-01,6.947104578648509721e-01,6.226743781373754727e-01,2.201737488925545050e-01,7.630709210142009313e-01,4.588951086331729545e-01,2.851378259429810935e-01,4.586348452246054586e-01,3.519570549709216678e-01
3.661016921612093022e-01,6.301433973544688927e-01,9.365167783445516037e-01,7.337813142958575785e-01,6.133388369377534843e-01,4.808391262434775215e-01,6.613915254181044201e-01,4.930445652121195343e-01,2.979168056398447950e-01,6.927518624611761489e-01,4.750414077256350787e-01,0.000000000000000000e+00,7.631645980425730835e-01,5.177537156954664654e-01,3.184003756508848593e-01,7.339341703904074254e-01,9.900254354935884571e-01,7.734504478856898402e-01,6.792525121558883328e-01,7.394823482294639039e-01,9.826897903979282534e-01,3.658942316581650922e-01,8.798530813742113654e-01,8.125889841723513696e-01,1.170670660420663894e-01,5.812213283543556930e-01,8.586403445332049245e-01,7.095079765155588580e-01,2.087430136914733281e-01,5.295530135318918807e-01,4.032978579973625632e-02,5.716366909710635102e-01,7.237608582054029238e-01,8.499739305200308959e-01,3.289341986631497683e-01,-1.693425231760125604e-01,3.449174553856128034e-01,6.516466449765165869e-01,8.076779382936095653e-01,7.411420690357622965e-01,4.886621366122203547e-01,5.477084955710335157e-01,5.996490174693100972e-01,5.320942056700530554e-01,8.343784243373182363e-01,1.144822375978210849e-01,7.308768675947517890e-01,7.060927196881738865e-01,6.327480610380212811e-01,4.793422977296150078e-01,8.741428402539112019e-01,7.273443050196768400e-01,4.626002255910647287e-01,6.571588215618870965e-01,6.789786740276166910e-01,8.442990353073621668e-01,5.357143217569599880e-01,5.598970818922504034e-01,4.919204653427213803e-01,1.265352506485566131e-01,5.372814103685681353e-01,6.112177823573934354e-01,3.423561172587378798e-01,4.844642790187517756e-01,7.638779183604404999e-01,3.006344088336300735e-01,5.665475350275512856e-01,8.337617663460566986e-01,5.009570276940502609e-01,9.644581798167913833e-01,7.816241588203037827e-02,8.531282121698149368e-01,2.856470322256334238e-01,5.126600854657565876e-01,7.295118986891471202e-01,2.981370499681219588e-01,6.585733635266330932e-01,4.654378601354965395e-01,3.596728475992511664e-01,3.788039992808100997e-01,9.923175528668115586e-02,6.630560855173340817e-01,3.937608235385758881e-01,4.505798090048403481e-01,6.714119688218879167e-01
8.857460410929203221e-01,8.478209537113978733e-01,7.259780329412922617e-01,9.102150253677254721e-01,2.473959005540527778e-01,8.071243753495753737e-01,7.589208941258736019e-01,8.583781255324455239e-01,7.525085799096677963e-01,7.045853292024470971e-01,6.981283219276025465e-01,7.631645980425730835e-01,0.000000000000000000e+00,7.543647311360009988e-01,8.912926732371319050e-01,6.746791875446060960e-01,6.071966957883460081e-01,4.369036784780924720e-01,8.049293953771410326e-01,6.039667275291433768e-01,4.393414782842898214e-01,8.703512233977684920e-01,7.933210234230114732e-01,6.062388675003087535e-01,6.541343219459050395e-01,7.494836866904848183e-01,6.282383873543585517e-01,9.613609466885219001e-01,8.672439459584979984e-03,3.893117867298948598e-01,5.783500663241423201e-01,4.896260642766676052e-01,3.775428756690640819e-01,6.478703885583030342e-01,7.203396672881230423e-01,4.497927046800676565e-01,4.598401842534854955e-01,5.209730031142062456e-01,9.742383452202483252e-01,9.540299329043732124e-01,7.376843889137298937e-01,9.920819208844661174e-01,6.102797008383146204e-01,8.777663805290930599e-01,8.860971387235351271e-01,7.080696674958603110e-01,9.061389320642032619e-01,5.547447708441275438e-01,5.232564499431798799e-01,9.876733439461735653e-01,8.774918281653155683e-01,4.942728381051389452e-01,6.136288452028304530e-01,8.387599452977914094e-01,5.620912044622368153e-01,9.503402031144769779e-01,4.812439732284803928e-01,6.846326748779383298e-01,2.790356704859705550e-01,3.470765826632319362e-01,5.112012649028484512e-01,7.910210777157071771e-01,9.391029851983705434e-01,9.654520155812916782e-01,5.362366855971802959e-01,6.387067508094717017e-01,3.963463756864591958e-01,6.558287386944852138e-01,4.259649711597407462e-01,5.553817661440233477e-01,7.853294540394708534e-01,7.715875956487656673e-01,6.217136375387932734e-01,2.801718139756897985e-01,7.951041940180041401e-01,7.887588915918145593e-01,4.576152792964238158e-01,2.825998210027982557e-02,3.692002285911589743e-01,3.951751848087782237e-01,4.998472033483983279e-01,9.945810341908651875e-01,6.851635535323219450e-01,2.153435042734496707e-01,3.974839816575281293e-01
6.675464221307102486e-01,5.133993701003105592e-01,9.823638082801755544e-01,6.708595814599498386e-01,5.773303836394043653e-01,6.260802973764340029e-01,7.111078790475431344e-01,5.078723243491631845e-01,4.052608509813616089e-01,8.329979131257599922e-01,2.865583954363211117e-01,5.177537156954664654e-01,7.543647311360009988e-01,0.000000000000000000e+00,9.122759816911203412e-01,9.937340480892611350e-01,8.378896581179140490e-01,7.944696929758154891e-01,3.639978196807769351e-02,3.742967682511975647e-01,4.935118406693253523e-01,7.382490711256857185e-01,9.678870920063539218e-01,7.690698220656635442e-01,7.518821665678241395e-01,8.224453997616776313e-01,3.128758225425876116e-01,6.398738653523337039e-01,-1.640139389551009685e-02,5.864315917496261410e-02,-2.725045291885550558e-01,7.987167674522837046e-01,6.870127996641934853e-01,4.485635156222845255e-01,2.250745593243541065e-01,2.990427563192449290e-01,5.379301063416486173e-01,9.266029301293661202e-01,6.801455629428809768e-01,5.850944415747705296e-01,2.765798294236038735e-01,4.958092733877216274e-01,5.663288077517580899e-01,5.160305009497718753e-01,9.383528048511021735e-01,3.625696279685737267e-01,4.001207850113289721e-01,8.088810496248308723e-01,6.182886630157247154e-01,5.982915124635415083e-01,7.704006577270980927e-01,9.087510744652277372e-01,7.894280119460628242e-01,6.155004549631614141e-01,6.217792537400054220e-01,7.501627892669322506e-01,7.895342056096984473e-01,3.654326071110328700e-01,6.401185600566901002e-01,3.625554712673738633e-01,2.330625887179537670e-01,8.321425129965631662e-01,6.263284755168970763e-01,7.907222981782764393e-01,6.752991905468922473e-01,8.415461793357601472e-01,9.637435420892165316e-01,9.003126295186243411e-01,7.339428035749102630e-01,7.911677137716133235e-01,6.709673583077018222e-01,5.755796449340133680e-01,4.737434930629943475e-01,3.371346387908890074e-01,5.665980879068657217e-01,4.596737555423229815e-01,8.928081709750381734e-01,7.792960744027342956e-01,2.449403440273230093e-01,3.867338694946537148e-01,4.095281897225511170e-01,7.616148090497381062e-01,6.715454233816183782e-01,7.441471656477318675e-01,4.305898337340733906e-01
7.615410185182674985e-01,6.089244617494921075e-01,9.487022967068683421e-01,5.313075732408351071e-01,7.624478979663775746e-01,4.062421329040480922e-01,6.457148380807667953e-01,7.078205876066572255e-01,4.117216723146728263e-01,7.031853808088898150e-01,4.148497990097034238e-01,3.184003756508848593e-01,8.912926732371319050e-01,9.122759816911203412e-01,0.000000000000000000e+00,5.445648635637783119e-01,4.287588348186052167e-01,8.834153235079482691e-01,1.434798155709153533e-01,5.525887634619915945e-01,7.384819613335682487e-01,6.184094549818979214e-01,5.259049709520910998e-01,8.041168987219042830e-01,5.213841384955139047e-01,1.172319454110761772e-01,7.676977684567011240e-01,5.665279477339284497e-01,6.152737390780432802e-01,3.885174696822893958e-01,2.807256030596464447e-01,2.916338219687993338e-01,6.325574008731060793e-01,4.985265266436476050e-01,5.153568998988167227e-01,2.893707087601393941e-04,1.190313982637857954e-01,6.748458509385228954e-01,5.059030099811495651e-01,3.243251404359510648e-01,3.242477052942124294e-01,5.096807146466371119e-01,6.626765553251681151e-01,5.515237569913226112e-01,9.526982240968778770e-01,8.855314020754107007e-01,6.240397076591467362e-01,8.202408852126048533e-01,5.335658205883564431e-01,7.522084589912867436e-01,7.824364871623519235e-01,9.884222055492946080e-01,5.643203845681481479e-01,1.333063707811776299e-01,3.154245824826276690e-01,7.425414331401551937e-01,7.222974993880811878e-01,6.150692655020726374e-01,6.943596587595106673e-01,6.032755237102067625e-01,3.461413682217329146e-01,5.398147092410572334e-01,6.408560475578792826e-01,8.233989295865403735e-01,1.264626041958529824e-02,8.849647035090234537e-01,2.957126428016488284e-01,9.929917937174916887e-01,1.842769619483775045e-01,4.771115122458798319e-01,9.100259484263026888e-01,2.187851484354757237e-01,9.143055732137589375e-02,4.000883397918580942e-01,-4.776241475888096111e-02,9.642420580493452631e-01,6.341460637407136947e-01,7.143709398801409982e-01,4.697373218498910319e-01,3.579808252776106592e-01,7.760785996858549085e-01,7.015835761820267136e-01,6.184413061638619480e-01,5.856328171556962614e-01,6.650083710108005697e-01
7.584704485241349214e-01,7.311857628955816812e-01,7.283302652590889492e-01,5.932231644064559495e-01,3.641253470585084084e-01,3.761932347716273606e-01,-1.713763343050415666e-01,4.829171959102855349e-01,2.827241592029126060e-01,7.318348143133849293e-01,-1.972603733691893346e-01,7.339341703904074254e-01,6.746791875446060960e-01,9.937340480892611350e-01,5.445648635637783119e-01,0.000000000000000000e+00,7.281625392547695919e-01,9.657702360001555464e-01,8.792284836296886397e-01,7.928010043585314026e-01,8.712805816711945983e-01,7.652498691946034715e-01,4.261840464331465572e-01,2.926408358298275281e-01,3.944326359461732823e-01,8.342135111341455467e-01,7.425508959374733653e-01,8.566783470919925314e-01,-1.175051820444509842e-01,5.053212646802108798e-01,2.848967462993540756e-01,4.542464416085892909e-01,4.567237357608216475e-01,9.278763920093917594e-01,3.128846615235385958e-02,3.053349156059922409e-01,4.267750442790686494e-01,5.530259263580522555e-01,7.470639290345977290e-01,7.536175390099516536e-01,4.085309752542936601e-01,8.977480994552167193e-01,4.236313903418025828e-01,6.465353234627650991e-01,6.509830632830161390e-01,5.968920449273311668e-01,5.053376725105382938e-01,4.217391257957396888e-01,3.015347045461692632e-01,8.580399799618760870e-01,7.744640809549903082e-01,6.755787843359357669e-01,5.047484568997001597e-01,6.311121547482936300e-01,6.583380365847979476e-01,6.639433966017053157e-01,6.198899535970227026e-01,8.323153046750735307e-01,7.914165608185557144e-01,2.384136026827321786e-01,3.667546727297130715e-01,7.793123348773529635e-01,6.516504367786144503e-01,6.499071907531440706e-01,8.450433115980127141e-01,6.710055871883509049e-01,6.899580634282951319e-01,9.822097973865754339e-01,4.067709457752032853e-01,2.027468850350762630e-01,8.075884498652694532e-01,4.247545596216013575e-01,4.377569925442612586e-01,2.479094523109916515e-01,6.150529523045172864e-01,4.414305123244062767e-01,9.420710422401940010e-01,4.609570081279363851e-01,4.387969408715190478e-01,2.812670993598627711e-01,3.961215931199988383e-01,6.705292173217090035e-01,5.497486927160227799e-01,3.403806652762443319e-01,5.109705928690106980e-01
7.586612220927855255e-01,6.060241972399330601e-01,7.337960898780764296e-01,5.145075961235515694e-01,8.050121863649510878e-01,7.794785082370188078e-01,6.675566961262259236e-01,4.835440585876949471e-01,6.349486050006121207e-01,5.256302868157184394e-01,6.450466285942476619e-01,9.900254354935884571e-01,6.071966957883460081e-01,8.378896581179140490e-01,4.287588348186052167e-01,7.281625392547695919e-01,0.000000000000000000e+00,6.003324853790341642e-01,8.998609655934539653e-01,5.801764324449034671e-01,9.255248548513654860e-01,6.431729188041013234e-01,7.659164061154251080e-01,6.537890301151202399e-01,4.847907384690459676e-01,8.355808208195880660e-01,7.785660043212490056e-01,5.367467986001860369e-01,1.535838216910994092e-01,2.241792864590290771e-02,8.769467768205763125e-02,4.751264318735191061e-01,5.712350359147566614e-01,7.051064817132013385e-01,9.390807006985929517e-01,5.068229505949345404e-01,4.322044801086979415e-01,7.768821091849631433e-01,7.082151810856600616e-01,8.863542718692751787e-01,4.450227246274663373e-01,6.569068085038631821e-01,8.996163551326318286e-01,7.501773056840391751e-01,7.229446180070400740e-02,7.698320559631954829e-01,7.741491329325023152e-01,5.568411698488248129e-01,3.739911482948526378e-01,7.490081786036680844e-01,7.114932725773663869e-01,2.158759645254792192e-01,6.149470924282700590e-01,7.295125429520628035e-01,9.622133817196338867e-01,3.229186981072229012e-01,6.788645164371482910e-01,2.888999544798993013e-01,6.011774405011504063e-01,5.166752062542754320e-01,6.170369070372354603e-01,8.262892292657817439e-01,7.233129581383953566e-01,9.761286032680747127e-01,7.062877126402163919e-01,6.104921083984452546e-01,8.215588262124687846e-01,4.805389921418702359e-01,7.429823114089074698e-01,7.792144716169111529e-01,5.454021824088528536e-01,8.533516516259684881e-01,3.526450361647852083e-01,3.216619705755041081e-01,4.444986180248277630e-01,4.486540124082160630e-01,8.258403461440185778e-01,4.508055250853003626e-01,4.807197386302663467e-01,-1.533933394676636475e-01,6.857928445344468882e-01,6.950073969866120693e-01,8.021031929990422027e-01,-1.709368110607934477e-01,2.506726481104102344e-01
8.882772754154455441e-01,4.341807518076751249e-01,2.642964578303603762e-01,5.384129675995663611e-01,4.498510382545770070e-01,5.592292963400623540e-01,6.993548625555773279e-01,5.173026442263012337e-01,7.126438847754772432e-01,6.149777426067775110e-01,6.766468479931637692e-01,7.734504478856898402e-01,4.369036784780924720e-01,7.944696929758154891e-01,8.834153235079482691e-01,9.657702360001555464e-01,6.003324853790341642e-01,0.000000000000000000e+00,6.790004687923018034e-01,5.549035791561931497e-01,9.065518308878048881e-01,2.692123053648436959e-01,6.109142611871963835e-01,8.553300061444082392e-01,3.378604112195843778e-01,6.492916504347046036e-01,3.623051683217008989e-01,4.604050287100104888e-01,4.571593573509910580e-01,5.464992427741008907e-01,5.194690183254910831e-01,4.854181975238425206e-01,7.366777102016409673e-01,9.745076807076239467e-01,4.798894712544466423e-01,2.165661493984582520e-01,3.543148029486514750e-01,3.874186564294257451e-01,7.889954502402224401e-01,8.727084575709656011e-01,5.286504765154288465e-01,4.066969999028234861e-01,6.077039319157566677e-01,7.493254307528802727e-01,8.329989382042993773e-01,7.638437408496540071e-01,7.369091079696871160e-01,3.927743864818029063e-01,4.118456125282749514e-01,2.314733193742372075e-01,5.906199088952934773e-01,7.928056040888642464e-01,4.012574102352469696e-01,6.474856844888252638e-01,9.323184910695738736e-01,5.671783110534168726e-01,8.633115723285841314e-01,3.161869072457759722e-01,6.132184880977963326e-01,4.924028871747344605e-01,-1.920542310656520313e-01,3.690744020074835374e-01,6.572556823408752802e-01,6.550833968211535741e-01,8.507779414889982128e-01,7.758209174971624211e-01,6.583254263515647686e-01,6.455081928613652931e-01,2.315141989674782963e-01,6.284792459474519699e-01,5.345005348407377843e-01,6.880389828562829546e-01,5.858062709502720455e-01,5.279721795496067349e-01,4.861256269650257589e-01,6.527853840168620358e-01,6.141038830795048087e-01,6.456730334986470199e-01,5.239090879353152097e-01,4.474513997568264623e-01,5.914206090250533343e-01,4.213413720345379754e-01,7.480245215750715992e-01,4.458085086042449241e-01,3.879448756254636477e-01
