0.000000000000000000e+00,6.301226990446208154e-01,6.866410417417351253e-01,9.368733741783837887e-01,6.148094750945627407e-01,6.604699545296836005e-01,9.592406444966264933e-01,6.749323266636033658e-01,5.476890746965132895e-01,9.449498679638712595e-01,7.357769506649154412e-01,8.668437105990844938e-01,9.959209773565402823e-01,9.330901990604021368e-01,8.966410316280354342e-01,8.793505484443298048e-01,8.235384192509122014e-01,7.032966296105535031e-01,8.113340452526773827e-01,3.707768957235663132e-01,9.442755394809698721e-01,8.512512750081920876e-01,4.474845049626464122e-01,4.897919104706840443e-01,6.629775719867182504e-01,5.857726922530306357e-01,7.752823028424807861e-01,8.281593419901909225e-01,4.403894893442704683e-01,3.930946428939809945e-01,2.662356614730995719e-01,6.361667644593048676e-01,5.385677415470292440e-01,7.033326528482326534e-01,7.602814475830453889e-01,3.833654635302007341e-01,1.059534821916647933e-02,9.324348615265832807e-01,8.772650557895140810e-01,9.165911153487467100e-01,6.050497583381642119e-01,5.590426576600662223e-01,2.747963537074525897e-01,2.576575783107668549e-01,8.009268905324906651e-01,7.919512795840806252e-01,9.049171779692687378e-01,5.996648677721476695e-01,8.069650757918835904e-01,5.931148141181075140e-01,9.546461598758296807e-01,8.459750292366209345e-01,5.770293636374697055e-01,5.749878536417072361e-01,6.919636431402755861e-01,8.147289004101977428e-01,6.649417272762614406e-01,9.304632419485076023e-01,7.974614978658360886e-01,9.399030739988803451e-02,2.115720585972300505e-01,4.461518555796575858e-01,5.239042968302765058e-01,8.589477279032271539e-01,5.349770877109352174e-01,4.849187397924136222e-01,3.575198095510516150e-01,-1.691184083406681304e-01,7.930031197944887866e-01,5.365862453107368424e-01,4.079811616386686546e-01,9.762611735932975598e-01,6.027613307358421491e-01,4.136797477365704578e-01,5.733864940045081404e-01,8.194333211257580629e-01,3.550811807799658659e-01,6.272268876837399088e-01,2.919816541011491795e-01,2.912064388248846725e-01,9.095968119760038384e-01,8.923418485701259950e-01,4.106840065418270180e-01,6.648827362397822238e-01,7.772968034330783871e-01
6.301226990446208154e-01,0.000000000000000000e+00,6.032719575907662390e-01,6.409682677855261801e-01,2.125531857878522612e-01,8.159410699771527664e-01,7.168951463914681188e-01,4.933288419656184365e-01,6.012328969804389134e-01,4.482480056522780698e-01,1.462337701897393205e-01,5.352064700217566973e-01,7.541226919098734660e-01,9.698163028425013099e-01,4.365133375895320356e-01,7.351177275929449140e-01,9.811713655854239491e-01,2.952386315183718746e-01,7.138919981172691109e-01,8.438957804242619432e-01,7.889129572189088613e-01,3.447772538836856304e-01,8.844362640265417408e-01,-1.765245312890767193e-01,3.852498017913693618e-01,7.865317203061610307e-01,6.241297837277807181e-01,2.813179877097071180e-01,6.261547510824098106e-01,4.568211889618443156e-01,3.949661130685840904e-01,4.297856894592806953e-01,6.593005590811895633e-01,7.152443691776815271e-01,2.405397903269768656e-01,5.818692069289254087e-01,2.885924953207854582e-01,7.019936621854107051e-01,8.695631325568222714e-01,4.824502031478278274e-01,4.448853519754367158e-01,7.728650543758152081e-01,7.346316906866761087e-01,7.564077918688172364e-01,5.393435412729338241e-01,3.287723117242746795e-01,3.025076554504276816e-01,8.473683280813232299e-01,3.573539639115478339e-01,6.326507817537152523e-01,8.083880032036774299e-01,3.164470665260882831e-01,4.313183149868872190e-01,7.408854492970785577e-01,7.459137302974063743e-01,1.580374629163448230e-01,5.595482374886978638e-01,7.455587125000014970e-01,5.079079802718493575e-01,4.824424541380184506e-01,-1.712758488219015829e-01,9.500954650829003256e-01,6.603365830909329048e-01,6.056628753706221335e-01,4.325923044734597545e-01,5.237062015719946562e-01,8.429237203586397165e-01,-1.985621304056257030e-01,6.521811405350453894e-01,5.832295505701085014e-01,6.608857746843803671e-01,8.010874053809513562e-01,2.448103039476949017e-01,3.882123324564089595e-01,4.166759773338721828e-01,4.260204130187475458e-01,7.066505704552241696e-01,7.813705850184163859e-01,3.637241035300150527e-01,2.951934436169111886e-01,4.840037124442836958e-01,6.342784393305103130e-01,8.494353705351463946e-01,6.402738232879556790e-01,4.355526945973333119e-01
6.866410417417351253e-01,6.032719575907662390e-01,0.000000000000000000e+00,7.626965435739094801e-01,8.525477515587919219e-01,6.066554528289955783e-01,6.167559976193175419e-01,4.013429574832737545e-01,6.391585661268350815e-01,2.163606046287539775e-01,3.172158718924211751e-01,8.344970923176302513e-01,7.366260528826275022e-01,6.815144967181507862e-01,8.209589556896951246e-01,6.941328796446795124e-01,6.369407628224753593e-01,6.467137547241639250e-01,6.838230865281024196e-01,5.514852703781356613e-01,9.377501839183679522e-01,6.874494965061164198e-01,6.831454872109739007e-01,9.383867346105860818e-01,7.255957371197849781e-01,6.080040556930554896e-01,8.577409565167364303e-01,7.809286049939261343e-01,3.117670795702780495e-01,4.875800974442267011e-01,1.488866490730338110e-01,6.960012731803766339e-01,8.154092161758906832e-01,6.688912113131963988e-01,7.924310207346126900e-01,2.824108549348163799e-01,3.361086756868628678e-01,8.333850949060124247e-01,6.927540337255488900e-01,7.350920160228416878e-01,7.954013268674218207e-01,9.991321235658030542e-01,8.699782981097688994e-01,5.009460995624681612e-01,9.869222839522815427e-01,9.721644387382487595e-01,6.914527281126923164e-01,6.648016018901968804e-01,8.457812874430572503e-01,6.179068156828345648e-01,8.284424053369616736e-01,-1.775228144572748579e-01,5.402988429138533277e-01,9.527380131440654765e-01,9.551523661613701144e-01,5.567818227497298711e-01,8.111767143249921652e-01,6.265666328842052213e-01,9.697748828701894253e-01,3.838041390456515822e-01,5.879065371744834900e-01,4.347385881056115564e-01,4.250037049568324843e-01,4.534663703003840585e-01,8.239219564121345041e-01,9.292463330965574642e-01,4.224039294146236245e-01,8.797909627313194036e-01,9.698275521629181606e-01,8.134088785492334939e-01,9.031278030354751296e-01,8.990732457197569971e-01,5.589610522463466236e-01,4.779827362711117078e-01,3.550965760747402111e-01,9.782576873997015365e-01,6.557450205081111205e-01,6.171644383792797006e-01,3.604450797216384172e-01,2.347897559367445042e-01,9.103461332326258093e-01,9.848281428702296836e-01,8.384004368729263135e-01,7.442350928736217730e-01,8.899330489883990891e-01
9.368733741783837887e-01,6.409682677855261801e-01,7.626965435739094801e-01,0.000000000000000000e+00,7.131081980565625589e-01,3.108629129543423741e-01,6.466093419772620532e-01,7.976248729298971440e-01,5.543822855371263181e-01,3.847954909297641723e-01,8.585770217066648335e-01,4.047159433664974104e-01,9.612140009500836912e-01,1.976769011940200382e-01,4.321300422101269634e-01,6.548830698122540817e-01,6.625221818229066750e-01,2.232579897780330447e-01,6.092883287970843886e-01,9.132409930961177258e-01,4.280805158736062932e-01,7.769253757766902968e-01,3.855759947441077529e-01,2.994178993363433849e-01,3.013460675956805557e-01,6.014502619385091453e-01,7.453875755119124813e-01,6.906226263557033729e-01,7.567574484079592212e-01,3.529471286254365348e-01,2.675209374198408985e-01,5.607944018813421083e-01,2.204093022820352021e-01,3.477678153086538049e-01,3.966939271429832381e-01,5.613595799513075857e-01,2.252243319689415657e-01,7.577609113485345160e-01,9.543357611223866055e-01,2.192797115303985467e-01,1.503194191671649582e-01,6.380230376420656935e-01,9.358472484657059942e-01,7.421197903824697795e-01,7.244756460115108210e-01,9.855662777467477653e-01,8.668561299616444060e-01,5.073172394225711201e-01,5.144759367183651122e-01,8.852844822613729070e-01,7.020586637140917574e-01,7.949588880981520722e-01,4.435434762444175338e-01,8.167515255599983037e-01,8.959103644290243862e-01,4.172231924870817843e-01,7.145228553805307303e-01,4.480783264332732774e-01,7.156889159976608239e-01,2.465852043098452628e-01,5.321150566032484264e-01,8.736062012759781004e-01,6.672677523798991039e-01,7.205736921062795286e-01,6.390836761278352318e-01,7.643707316825454345e-01,6.586123538067119032e-01,6.009080228539424029e-01,4.950852645401822572e-01,6.269298257288205001e-01,6.913979025104945997e-01,8.784310245400523964e-01,7.068602046147176576e-01,2.081312529728018834e-02,4.306252161757568864e-01,5.862081827400914547e-01,9.327026114768072196e-01,6.280896714434958117e-02,2.335652993371525876e-01,4.277974344427127873e-01,7.631335368398773911e-01,7.467052273466683321e-01,6.691581295958528575e-01,3.816687469745109196e-01,6.933628465142629427e-01
6.148094750945627407e-01,2.125531857878522612e-01,8.525477515587919219e-01,7.131081980565625589e-01,0.000000000000000000e+00,9.906560920842604201e-01,2.962463583058085326e-01,2.580661744197344509e-01,4.274735300523592185e-01,7.301689663774884043e-01,4.969352860019187190e-01,6.567736723645413166e-01,8.861058040060059149e-01,8.680672962705078266e-01,7.013834351764552943e-01,6.165677538356733045e-01,5.218037258881060847e-01,9.506573893198955183e-01,3.155738574102014971e-01,7.070910608829493738e-01,6.630057510484153038e-01,6.298521781053051383e-01,2.232030767849111086e-01,8.780282330680918568e-01,3.851546962708801147e-01,6.244295927848867445e-01,8.684316290402401828e-01,6.023133013443296990e-01,2.778268694352763468e-01,3.082324002648133554e-01,3.257105211407449463e-01,2.200929855423235382e-01,7.286140602024605561e-01,4.369837680242121825e-01,7.936211302449145411e-01,2.729045800995608673e-01,3.510747596618436495e-01,4.018008369741545294e-01,4.612254686989825658e-01,8.214456773293077330e-01,2.016903696216552910e-01,6.258212640461845444e-01,7.109202934899541138e-01,6.875530944238519293e-01,6.641698796589210474e-01,8.247399310579967002e-01,3.176690976849457781e-01,2.234185965793477335e-01,1.490891860250021794e-01,7.865575765785647322e-01,5.044597652918632047e-01,9.213688287184452763e-01,8.762842114996710619e-01,1.002610878347030693e-01,5.761763656702020286e-01,9.992854184432162779e-01,8.583127956368574729e-01,9.479333353682770635e-01,9.348359062556430565e-01,1.685859214664748029e-01,3.441466211518633411e-01,3.318693159095486012e-01,2.782769508994732965e-01,6.125512584779706504e-01,7.002786061270549478e-01,5.807589140911484371e-01,6.831191761662378514e-01,7.938714209520307818e-01,2.288716613614277251e-01,9.517538924543720302e-01,7.609384514137029765e-01,2.695538160362832003e-01,3.823585519555425805e-01,2.107745979777071732e-01,3.347391635808309451e-01,4.192626718496020866e-01,7.732640276395200685e-01,6.452381772353280587e-01,2.109281962502240204e-01,4.403026218389514690e-01,3.741234456212584325e-01,4.970339343612297789e-01,7.926099417661367497e-01,-1.594155102991681450e-01,4.569449503637056376e-01
6.604699545296836005e-01,8.159410699771527664e-01,6.066554528289955783e-01,3.108629129543423741e-01,9.906560920842604201e-01,0.000000000000000000e+00,4.232326780785422016e-01,4.934071964264141186e-01,2.924631991025596900e-01,9.061635795811984195e-01,5.455779725706131345e-01,6.969174022747831598e-01,7.864738553849732750e-01,2.898492241253520785e-01,7.666788451343834465e-01,3.730008625305024084e-01,6.045817605785451798e-01,5.330547779500053318e-01,1.961343087364752491e-01,5.950894431186948275e-01,6.610889318695459815e-01,5.782880861419266161e-01,5.268537278979114058e-01,9.192696965140723098e-01,6.905325062230620592e-01,6.441610430680180244e-01,3.331136016468754235e-01,4.316953332162880574e-01,5.609717802679234921e-01,-1.685946534911264560e-01,3.125298233588906793e-01,-3.210625638721065211e-02,7.787127638766007109e-01,6.731852331520956634e-01,3.098808043083624009e-01,5.779048715585626272e-01,3.734652801826616741e-01,7.328891954449060497e-01,4.812503268160942538e-01,4.681993518943687316e-01,5.278728781367492129e-01,3.292866458370607985e-01,8.318939370674419687e-01,6.333870720085841288e-01,8.566400931631784621e-01,7.157345612063950036e-01,7.772768612830269763e-01,7.585982321885645918e-01,9.371448528067426453e-01,1.969158432923805435e-01,3.965462294608732702e-02,3.859665517252660050e-01,7.539761735706503876e-01,1.083866278449124032e-01,3.353720144182424923e-01,8.735832181804839003e-01,-1.822520165616313692e-01,5.623581025769469610e-01,9.427098021886028967e-01,4.381179941058191418e-02,4.940446093278161865e-01,4.044098136076261785e-01,4.811207512762515348e-01,8.630413907326071055e-01,9.572242393756237311e-01,7.609915853114841422e-01,6.732595954652601522e-01,7.715401917475479543e-01,6.245079010501237704e-01,3.854524199295393805e-01,7.254351793059664599e-01,2.511806956106283906e-01,5.107033011606527950e-02,1.968717291732396124e-01,4.275865807281785669e-01,7.326287233443846691e-01,8.811514329609931861e-01,7.670057621715679064e-01,4.444534969682089054e-01,1.599038402679744605e-02,7.299389270907477023e-01,7.444895381885201224e-02,3.153556590314632313e-01,2.899970193066013224e-01,2.514148395482735943e-01
9.592406444966264933e-01,7.168951463914681188e-01,6.167559976193175419e-01,6.466093419772620532e-01,2.962463583058085326e-01,4.232326780785422016e-01,0.000000000000000000e+00,6.751013819024335172e-01,3.724512840072824460e-01,3.356809913938922918e-01,2.169869677140938424e-01,2.397838103632861373e-02,2.643246844411266672e-01,7.631664999214868850e-01,7.350342255116733003e-01,3.908557316832880213e-01,5.780523793490267570e-01,2.634081503805403290e-01,7.983947414423683275e-01,6.336458898531239781e-01,5.076755943097993606e-01,5.110311795684756575e-01,5.112078444696880331e-01,3.863397572134543156e-01,4.899634870897489058e-01,5.248328553668584612e-02,5.369047078623510050e-01,9.621933472765747952e-01,6.334763691822550280e-01,4.941448477158879582e-01,-1.587641289012856338e-01,4.603479620707293662e-01,1.318522180329190219e-01,3.689604999948693509e-01,6.675958233441868783e-01,3.824372762555724448e-01,5.150084367532448137e-01,4.623209918983446909e-01,7.904115700094609398e-01,5.418646372362281305e-01,2.082798834594141169e-01,7.854167590309356628e-01,6.764285864053453112e-01,4.867419168950630759e-01,9.512935462893243876e-01,2.424058874363673177e-01,5.372296072367315212e-01,7.884675920078487721e-01,4.463229765789640258e-01,2.593331127913248713e-01,9.896615841547671266e-01,4.138012321191721909e-01,4.832220844206474575e-01,6.280287747196936499e-01,8.299032455671980779e-01,2.887159889712523908e-01,5.844167415612104843e-01,4.016157324717075650e-01,9.067257355733638891e-01,3.894780335528469362e-01,4.362584988554444321e-01,7.860677808170681846e-01,9.093978457715690827e-03,6.912091284648334000e-01,8.872108903175600636e-01,2.100408544145592471e-01,4.591029439002305423e-01,8.943423318628419549e-01,3.667125097863829231e-01,2.112616960815468514e-01,4.054295197393227301e-01,9.058284543678085665e-01,3.135820360066312595e-01,3.348837608651804576e-01,6.207469182659859364e-01,3.198661616349804948e-01,7.522709791443216165e-01,7.500684407163928924e-01,5.837563949375809136e-01,5.988398212052653546e-01,5.711085090712257895e-01,4.751345693217292054e-01,6.019864761287047061e-01,4.278354283542238345e-01,5.549335536962149984e-01
6.749323266636033658e-01,4.933288419656184365e-01,4.013429574832737545e-01,7.976248729298971440e-01,2.580661744197344509e-01,4.934071964264141186e-01,6.751013819024335172e-01,0.000000000000000000e+00,6.845306698655160282e-01,6.399396893840280098e-01,9.596772635917225625e-01,3.368491453191521101e-01,6.296548764215219585e-01,9.124589671320679773e-01,6.373746174909429296e-01,6.598553452110891282e-01,6.924750793438477769e-01,-2.758475208907534837e-02,4.350993780575262981e-01,7.759131643764403119e-01,4.874562076038079228e-01,5.042280776979571888e-01,2.065632128729046335e-01,2.776409691522481737e-01,4.092039967101619435e-01,5.489613595830880044e-01,9.899142165083856248e-01,6.477306008702176099e-01,7.550245002537947503e-01,4.549334636497281426e-01,4.776456586931221437e-01,7.033527644802415324e-01,7.111373578641961846e-01,3.788623368822682247e-01,-3.101420980235126135e-01,4.264638133388575225e-01,2.682932854164508663e-01,3.576481126225251050e-01,7.389917374197687572e-01,5.966031985851633079e-01,2.197673025507553557e-01,4.060024020994692506e-01,6.160000167260105686e-01,5.141778638995001538e-01,7.297130742283787219e-01,6.344541756012045397e-01,4.786005482947330858e-01,4.605916570211788796e-01,6.230028431655887378e-01,3.723795750074399558e-01,5.072811199427272877e-01,7.306379505109019679e-01,9.132679858357648506e-01,1.226587530349692312e-01,9.993634997511036122e-01,6.235261693874765143e-01,2.134893182148178692e-01,4.000313833369509853e-01,3.203989181870242064e-01,5.608860723129828196e-01,9.908844539515122840e-02,7.848314260260549347e-01,1.228546152376060012e-02,8.151423824732105805e-01,8.063809236603302066e-01,5.955784696871826434e-01,5.498934866504852081e-01,6.729571923132742217e-01,7.818741817622343326e-01,9.864595365384536407e-01,7.856623561034796754e-01,2.872479559436965091e-01,-6.060797193933389893e-02,7.965098804456430259e-02,2.600400992905722020e-01,2.296614690171260853e-01,4.934749135756649197e-01,5.987827616414712617e-01,2.044953413054885205e-01,7.371318091987300557e-03,3.091779508085006900e-01,9.658651732791726507e-01,6.586820097248019534e-01,-4.342275980101208965e-01,4.666213604660726655e-01
5.476890746965132895e-01,6.012328969804389134e-01,6.391585661268350815e-01,5.543822855371263181e-01,4.274735300523592185e-01,2.924631991025596900e-01,3.724512840072824460e-01,6.845306698655160282e-01,0.000000000000000000e+00,6.171234977754619377e-01,4.162419665067588759e-01,5.121702052744145917e-01,5.096431941367907115e-01,6.622137793908270398e-01,5.607602666426282356e-01,5.015289400920837082e-01,7.961043979340853838e-01,6.691816365406391132e-01,5.120670511153170290e-01,4.006060187504120740e-01,7.908292930189854131e-01,6.156320272661979232e-01,2.738863502311301712e-01,8.342610123263961563e-01,6.070176538519165277e-01,4.548654113824586176e-01,2.467545644246448289e-01,7.500257507457577244e-01,9.448475862826152261e-01,6.068006006987674006e-01,2.727072227878268307e-01,4.517184795624399896e-01,4.597446700255902741e-01,-4.009952498808141974e-02,4.693711182816644456e-01,1.833867316418612559e-01,3.330699251295836105e-01,7.919573828487661560e-01,6.933138059686724253e-01,1.836188136446733898e-01,4.083587809468857133e-01,7.028034239735972966e-01,7.309055675844269295e-01,2.274049846830616395e-01,6.631821020315658011e-01,7.596242059146534054e-01,5.649767197686227371e-01,-1.993008288559331986e-01,7.698943513839346942e-01,7.042330126145772695e-01,4.986153180840937615e-01,6.455338757556039475e-01,6.062470113308754405e-01,5.540242501334096126e-01,4.906587408924664162e-01,6.196336538044369124e-01,4.111544122576007987e-01,4.149376834210334875e-01,5.191615265472686591e-01,7.337369985076964696e-01,5.005598716655129676e-01,7.194328940372458625e-01,3.383973802490189420e-01,9.297271406068554622e-01,9.756725438044631105e-01,8.017346762030852503e-01,7.863652102963709645e-01,5.482900185037384855e-01,6.738263232870078667e-01,5.544993420800193862e-01,9.107434910515861404e-01,9.072431540349572554e-01,3.057745796251359893e-01,7.087085260597350000e-01,3.463344529147162620e-01,5.538985271656776677e-01,2.986561862663357769e-01,6.971956867416941872e-01,3.495420219065296097e-01,6.583131541000497577e-01,5.350035908355456060e-01,2.038272595944147225e-01,4.971345533510595494e-01,7.949831310245066840e-01,4.084001359748478666e-01
9.449498679638712595e-01,4.482480056522780698e-01,2.163606046287539775e-01,3.847954909297641723e-01,7.301689663774884043e-01,9.061635795811984195e-01,3.356809913938922918e-01,6.399396893840280098e-01,6.171234977754619377e-01,0.000000000000000000e+00,4.233759494875546370e-01,6.030588358060517962e-01,9.066138789237202511e-01,2.732981427333553426e-01,7.530698930252089918e-01,9.048185460387183632e-01,8.373747568343592462e-01,4.539445494186967744e-01,9.537737125099291502e-01,6.771590450302432673e-01,8.670883708994905348e-01,2.793871503011684521e-01,6.740878503305900438e-01,9.605592987885187561e-01,8.720165285943933808e-01,4.555382303089043905e-01,7.730247340760405539e-01,3.949192201944173863e-01,5.016750771726810054e-01,2.156145198200258850e-01,5.020986332285855003e-01,6.313889250356999883e-01,8.464935058478560981e-01,2.941849025807625195e-01,5.853227499490021302e-01,-4.770239432972650517e-02,1.082851693044483699e-01,6.795918494829803480e-01,7.483701864137515258e-02,5.949326162390258244e-01,1.545414520575600359e-01,7.581973765294525158e-02,6.350138906347960743e-01,6.460001592640622903e-01,8.554250110906702620e-01,3.990614696635391145e-01,8.257951210437532996e-01,4.884732552426047647e-01,5.183201358780753498e-01,5.121799130749365991e-01,9.973085960799870087e-01,6.783229035477528202e-01,4.861557330152130874e-01,5.369917700123640891e-01,4.630362061723623524e-01,6.772245038569255637e-01,6.685216559968896188e-01,-1.926246307951314241e-01,7.563875222792081354e-01,2.624637737439974305e-01,2.945121818934098856e-01,2.113509630435688250e-02,4.618842418041845255e-01,1.987804938217664907e-01,7.166808914049610513e-01,7.675197429351406919e-01,8.899461446618214255e-01,8.663741069615693569e-01,6.958162376531003002e-01,3.191830258387160502e-01,6.804180155677014286e-01,7.764034778659850700e-01,4.365466473452045415e-01,4.750162701490220352e-01,-1.718302043451035432e-01,6.885254224244827803e-01,9.020978723378770825e-01,5.907683278130864135e-01,4.025437483135046457e-01,2.917076085767112414e-01,2.131910761788776698e-01,7.935100245137578501e-01,7.997352388763204756e-01,5.588932636131037635e-01,7.079167599085496310e-01
7.357769506649154412e-01,1.462337701897393205e-01,3.172158718924211751e-01,8.585770217066648335e-01,4.969352860019187190e-01,5.455779725706131345e-01,2.169869677140938424e-01,9.596772635917225625e-01,4.162419665067588759e-01,4.233759494875546370e-01,0.000000000000000000e+00,4.488020524506067255e-01,6.889065787150635556e-01,8.356928009575885774e-01,9.849450269922226386e-01,4.743611070019359555e-01,7.474559871057440130e-01,8.839615185084079840e-01,9.655057728555379581e-01,6.114336234860060504e-01,8.039836644845422819e-01,9.617276862404868787e-01,6.154327533666720251e-01,3.801944993637840220e-01,3.975738412821104850e-01,6.824526244063111591e-01,5.406375075213549763e-01,4.582979467120608663e-01,2.957081516699359702e-01,2.279890260157340642e-01,5.498352554161405337e-01,4.081051992617780177e-01,8.687568145073689685e-01,6.640059876196994226e-01,4.239513760394106323e-01,4.093556473496887671e-01,2.299388642612070488e-01,7.371963510396593033e-01,4.838607329382005884e-01,7.065567161194754586e-01,5.962033930519298197e-01,7.703490021259700171e-01,9.349724038934202897e-01,6.735838495645792845e-01,9.944358232812411380e-01,9.947411893769330105e-01,8.721530648801765206e-01,4.735225378068533830e-01,6.742164391819138736e-01,2.110474884216458347e-01,2.085934307462687931e-01,6.212127125675268591e-01,6.137460228271233165e-01,8.404191480938199010e-01,7.272311716278496707e-01,9.308517111904173191e-01,4.282597864386081810e-01,1.231994031397240646e-01,9.261683388364299052e-01,7.607787714470037876e-01,5.773701441200603801e-01,8.769010475000872384e-01,3.310363138199774458e-01,5.843130111913158453e-01,9.869240670713311792e-01,6.775349481281055519e-01,6.130797830131147208e-01,4.497271142040391578e-01,6.555712269099457368e-01,7.175396090141383798e-01,5.481927234695352924e-01,4.288745015331070498e-02,4.883838601648197164e-01,4.387370762876198205e-01,-1.421844849753101936e-01,7.339768524934378036e-01,6.828214597401844888e-01,5.631116703341343399e-01,2.063791488428009524e-01,1.414920788121511452e-01,6.385599005352453617e-01,9.532188306859856741e-01,6.156014389787742846e-01,5.717757668734186893e-01,2.039732337646272264e-01
8.668437105990844938e-01,5.352064700217566973e-01,8.344970923176302513e-01,4.047159433664974104e-01,6.567736723645413166e-01,6.969174022747831598e-01,2.397838103632861373e-02,3.368491453191521101e-01,5.121702052744145917e-01,6.030588358060517962e-01,4.488020524506067255e-01,0.000000000000000000e+00,6.063473297782405735e-01,7.165873327556401273e-01,6.489681204195161257e-01,-3.152442657492054989e-02,2.735762061282335789e-01,7.669351984523540278e-01,4.623300695466516230e-01,6.906423462618888065e-01,4.439531062155822605e-01,8.913834271191591885e-01,6.783433398100765510e-01,5.520309347128752320e-01,5.384228073458113828e-01,7.506170791471168391e-01,8.587551411712558425e-01,7.465648862086958493e-02,3.158210164035940015e-01,-8.471053210196000105e-02,6.677364577542185264e-01,4.555011973451781326e-01,4.395318856213009107e-01,2.991612718158566664e-01,3.409134134177910780e-01,6.367190541271271487e-01,3.764037711461035718e-01,8.372545894167868763e-01,3.740141587008615209e-01,6.658523704892996831e-01,2.528891108117333197e-01,3.637591748825816929e-01,5.960484261643619330e-01,2.423533632393196080e-01,7.020819375408134944e-01,6.546581677873245519e-01,6.015177677161607228e-01,2.486951129382423964e-01,7.691409048379991287e-01,3.381586763824669939e-01,4.846704307962967917e-01,2.820653945875253310e-01,6.305258545554445204e-01,6.094931228646262023e-01,2.845054395295795180e-01,6.416891231176576893e-01,7.323434775629121818e-01,6.612843551277644005e-01,4.998105690274006752e-01,4.208424298546930009e-01,4.879944851504337544e-01,4.459990347328258720e-01,8.174422162536577607e-01,7.597199698825763958e-01,7.513515065280279570e-01,7.383411990177601858e-01,7.957635371618112519e-01,6.833099759190354172e-01,5.935337406625769141e-01,7.720821071046091166e-01,6.519841747216320593e-01,4.998680686698620534e-01,5.974893070959033103e-01,5.696212324480897093e-01,3.795001942217948177e-01,5.034280421874983702e-01,7.119947177475308697e-01,4.819579847590212407e-01,5.766336940384153564e-01,1.037442339236893663e-01,5.570287468496456507e-01,7.644243309504856754e-01,6.770877877821155355e-01,1.835208077515652070e-01,-7.402118635742699349e-02
9.959209773565402823e-01,7.541226919098734660e-01,7.366260528826275022e-01,9.612140009500836912e-01,8.861058040060059149e-01,7.864738553849732750e-01,2.643246844411266672e-01,6.296548764215219585e-01,5.096431941367907115e-01,9.066138789237202511e-01,6.889065787150635556e-01,6.063473297782405735e-01,0.000000000000000000e+00,8.099029955040515372e-01,4.883696466173347295e-01,5.719972861327695668e-01,8.419119611072487519e-01,2.054114175309809665e-01,5.923124055264608057e-01,5.907860550307535430e-01,7.034790399843542374e-01,8.349332916328631171e-01,5.452135839143942286e-01,7.019735515700363804e-01,6.628714784113707292e-01,7.601545114265855219e-01,2.816725305957323844e-02,7.880248980399463532e-01,5.297292806132584131e-01,4.512609166622810059e-02,5.939306654430949184e-01,4.252301723761161556e-01,9.195428654300111804e-01,9.734905921891061631e-01,8.356197674091945249e-01,4.378453742748517064e-01,6.924401463870716311e-01,5.682306362410980416e-01,6.108874401270636412e-01,2.388522937348482589e-01,2.207259827951754960e-01,7.441202202657662967e-01,4.441357492301571397e-01,7.694511913230553946e-01,3.944323545518917812e-02,6.903525642478117730e-01,5.718838290861631979e-01,9.149512419034789845e-01,5.718618782781492715e-01,5.331014069159296653e-01,5.080158232741904811e-01,8.225580604311814037e-01,3.978887063641862731e-01,7.010530841367769161e-01,6.402670064564530694e-01,5.214281378573519810e-01,5.639516034433023073e-01,7.982304326808826733e-01,9.000648296045083985e-01,5.235767951594152425e-01,5.869078142889883054e-01,4.047276806146666850e-01,5.060481216807153348e-01,1.017236418412566512e-01,4.008264450931777745e-01,7.649648922106572213e-01,4.341967688402202930e-01,2.254681494669203423e-01,5.619411006531167541e-01,4.677605042293552784e-01,6.616487534069577237e-01,9.710261333316873023e-01,1.923865727519349089e-01,-1.220884017139089450e-01,7.082054984845985723e-01,7.197772498274049857e-01,4.217942437620640916e-01,9.936770819507274588e-01,4.253178529206482761e-01,3.742593233074467118e-01,4.352117138642460636e-01,3.280621894570224795e-01,4.343663929707471949e-01,1.375235189158644789e-01,7.990651735763411034e-01
9.330901990604021368e-01,9.698163028425013099e-01,6.815144967181507862e-01,1.976769011940200382e-01,8.680672962705078266e-01,2.898492241253520785e-01,7.631664999214868850e-01,9.124589671320679773e-01,6.622137793908270398e-01,2.732981427333553426e-01,8.356928009575885774e-01,7.165873327556401273e-01,8.099029955040515372e-01,0.000000000000000000e+00,9.140127513149636229e-01,4.306726288503174849e-01,7.117521155969015467e-01,1.631634355508855272e-01,7.445961375105435431e-01,9.167304632308863610e-01,7.062728694696456255e-01,7.880186563047096859e-01,5.560374586252444518e-01,2.147637741459822169e-01,5.204943841249476399e-02,8.156088112109713961e-01,6.428041854538646405e-01,7.536520146980204560e-01,3.755680389491705684e-01,6.016626373805203931e-01,6.551221369662532101e-01,3.404971863963497380e-01,6.750715637545708914e-01,2.015131741711310709e-01,4.208035655681210407e-01,5.715648626319979053e-01,7.182394564399759151e-02,6.628680604558461198e-01,5.983115019448560501e-01,6.964104377840132365e-01,5.102133133962918343e-01,5.340999498421288294e-01,6.693146224141940381e-01,6.964740090288681351e-01,5.019406702628957939e-01,2.768003338446688999e-01,3.061180635234806990e-01,6.997569373803911308e-01,4.108212756693350176e-01,7.523483769819259148e-01,9.222940562984229818e-01,5.650828298613528311e-01,3.368831160960210624e-01,8.644133338839383729e-01,1.824196974705722119e-01,7.019015282134426492e-01,9.883953189855361199e-01,6.175072916231191256e-01,6.348791905811277392e-01,7.636407862153171688e-01,4.104882798086935125e-01,6.205189129352546296e-01,7.804311333326919842e-01,2.041087751554732654e-01,7.103674540619170363e-01,5.198052065864799953e-01,9.953443856295112191e-01,7.370765501790225160e-01,8.516006134967929464e-02,9.896263607409867546e-01,7.378180037250737788e-01,7.895055232661398747e-01,4.899079180909936548e-01,4.251178928758479469e-01,5.947550029278274586e-01,8.058469385236648463e-01,6.920679977580308506e-01,6.706411038323865093e-01,9.977822343122473570e-02,4.873769669443128172e-01,9.593207514492799737e-01,8.978514025175005075e-01,2.314685125610662364e-01,7.361139189410057515e-01,6.813115872779657023e-01
8.966410316280354342e-01,4.365133375895320356e-01,8.209589556896951246e-01,4.321300422101269634e-01,7.013834351764552943e-01,7.666788451343834465e-01,7.350342255116733003e-01,6.373746174909429296e-01,5.607602666426282356e-01,7.530698930252089918e-01,9.849450269922226386e-01,6.489681204195161257e-01,4.883696466173347295e-01,9.140127513149636229e-01,0.000000000000000000e+00,4.585570990577383377e-01,8.399208273512024370e-01,8.093072821582297793e-01,6.573746242320214206e-01,9.766008829869641250e-01,1.227152681431157577e-01,2.257481263570982610e-01,3.707197795390774209e-01,5.802178940672229057e-01,3.835977660040467696e-01,5.937704281615741042e-01,7.443931009042509261e-01,6.254196942991180341e-01,7.936207903118506213e-01,6.475631965862467254e-01,2.221964149677433525e-02,2.865542646001251748e-01,9.466195288122920826e-02,7.824835041654449874e-01,3.720873125823894179e-01,1.593519008828238603e-01,2.369540290003717409e-01,5.558719146436803538e-01,4.662600878713119568e-01,5.648011042824099270e-01,4.781025780510733680e-01,7.273912660527709351e-01,4.244134917648819116e-01,7.729736037334411503e-01,8.578917225811852898e-01,9.699037943638197934e-01,5.271178101390742166e-01,5.602102430948352474e-01,6.807215928840900654e-01,3.617468550407372252e-01,2.464375113480438417e-01,8.570621900722482644e-01,8.320245902044762776e-01,5.458399323899065791e-01,4.104266794244185723e-01,4.051572218668022529e-01,6.315038174998256482e-01,8.091841408640250144e-01,7.313269917706184398e-01,6.279319055444606557e-01,1.061728736254162336e-01,7.226927271809366893e-01,3.496544893101553031e-01,9.018012774545252075e-01,9.360714178016927844e-01,6.242328116985572661e-01,3.285283827887944819e-01,8.287518065484480445e-01,7.123372637922641415e-01,4.873284156309771187e-01,9.963042646868338625e-01,-1.027293620079672842e-01,1.814106642785391355e-01,7.387411018855973843e-01,5.190219347628067803e-01,2.867130203120178411e-01,8.237273253858798938e-01,5.035808168871112045e-01,5.198899399108024566e-01,2.282437247524107815e-01,3.453031221344975421e-01,6.945863356041671599e-01,6.409427339709444782e-01,2.682073225775417069e-01,3.988087974301023353e-01
8.793505484443298048e-01,7.351177275929449140e-01,6.941328796446795124e-01,6.548830698122540817e-01,6.165677538356733045e-01,3.730008625305024084e-01,3.908557316832880213e-01,6.598553452110891282e-01,5.015289400920837082e-01,9.048185460387183632e-01,4.743611070019359555e-01,-3.152442657492054989e-02,5.719972861327695668e-01,4.306726288503174849e-01,4.585570990577383377e-01,0.000000000000000000e+00,8.227089123930594328e-01,7.924473417981292567e-01,2.677120359260933835e-01,4.616737643476515607e-01,8.990075769477967604e-01,3.511931773081965469e-01,4.571121596220258376e-01,4.542002147581109539e-01,7.285290953209011544e-01,1.027161659912284586e-01,3.148186695843965821e-01,-3.427400514439669088e-01,5.000322847142907312e-01,4.546126012345484413e-01,6.750216263977636133e-02,2.711572643207272870e-01,6.982805308215025430e-01,9.738185467107212112e-01,2.257598003654459531e-03,5.063882011640542524e-01,4.443715571952486232e-01,4.498059472814783244e-01,7.370250803085881541e-01,1.294325486409398651e-01,3.330927076657376196e-01,-3.668350768734146561e-03,9.030907153950542554e-01,7.470070215423741007e-03,7.772006167244980279e-01,7.102860829661182818e-01,7.930913296060806417e-01,2.785007642064515343e-01,8.929507805230142425e-01,1.222405777139442817e-01,4.101486314056198013e-01,1.045131551418057060e-02,4.312701108696358476e-01,5.527021831273418728e-01,8.556594818006036940e-01,3.480371022580970308e-01,3.539154720457459713e-01,8.992173898095696671e-01,9.682745246744053347e-01,6.665318356525094801e-02,1.443853893307426028e-01,2.085594366696730817e-01,5.097533987344042838e-01,4.552595776281905260e-01,6.356847694770056956e-01,8.803428795700588561e-01,5.451047486151573418e-01,6.632845309655853727e-01,4.102038729037333908e-01,3.108286034795327835e-01,9.103401459010954655e-01,4.796373218085641654e-01,-2.236873903954927911e-02,3.284146770617719924e-02,4.317505216472061202e-01,6.082968849440854031e-01,6.023275588391516777e-01,5.987066178953246443e-01,2.170220312330288781e-01,3.670752422933094561e-01,7.194757770303768230e-02,9.928957349450490133e-01,6.154734106413596306e-01,-7.950836026341380480e-02,8.919956952976456632e-01
8.235384192509122014e-01,9.811713655854239491e-01,6.369407628224753593e-01,6.625221818229066750e-01,5.218037258881060847e-01,6.045817605785451798e-01,5.780523793490267570e-01,6.924750793438477769e-01,7.961043979340853838e-01,8.373747568343592462e-01,7.474559871057440130e-01,2.735762061282335789e-01,8.419119611072487519e-01,7.117521155969015467e-01,8.399208273512024370e-01,8.227089123930594328e-01,0.000000000000000000e+00,7.378298093169269878e-01,8.817962127909806380e-01,7.521110013086482748e-01,9.271036099042543333e-01,6.929083095883833421e-01,5.435112046661065843e-01,8.018630411065071906e-01,7.229792543057218801e-02,4.486196370190586591e-01,4.338529285776398514e-01,7.454963480838867618e-01,-7.537197663282581284e-02,1.810225594349228473e-01,4.940374026127806739e-01,4.899522890028543687e-01,7.341495438280030150e-01,7.489037396443154471e-01,7.715049323875278198e-01,1.083062892751722600e-01,7.867701383824429184e-01,7.608968943420927333e-01,9.752486240280980878e-01,6.115573720608944441e-01,6.455069375461399694e-01,6.992649761791841501e-01,8.065773045887807413e-01,6.083485596239917026e-01,3.156214110759334446e-01,9.013738758456215638e-01,4.789474056821110826e-01,6.248422591829049244e-01,7.701362806178623233e-01,6.184454187298851213e-01,5.488839365528458414e-01,8.272221313299871204e-01,8.520227692489097393e-01,9.314021687526962134e-01,7.355192890725860133e-01,9.209774908000080140e-01,6.343167387621795328e-01,3.104466049859619936e-01,2.750066687795569842e-01,-1.635079257042108547e-01,2.008490816103655763e-01,5.290147315012344587e-01,7.776732158452066557e-01,5.424232140949952763e-01,5.742142830290779543e-01,-9.186886657073056739e-02,4.534875518749696410e-01,7.009917394958172787e-01,3.217483528298458184e-01,6.545809650505596267e-01,8.352689705535090159e-01,7.260468098822236982e-01,3.633898111702138500e-01,4.039227456274338546e-01,7.176833041817104464e-01,5.532832705567576337e-01,7.240283692787348180e-01,5.861139418890970454e-01,9.795883209769741529e-03,6.707005909268066723e-01,1.880077870483902736e-01,9.379774193200686172e-01,3.058345787757016931e-01,2.598095500737506169e-01,8.344224338739992808e-01
7.032966296105535031e-01,2.952386315183718746e-01,6.467137547241639250e-01,2.232579897780330447e-01,9.506573893198955183e-01,5.330547779500053318e-01,2.634081503805403290e-01,-2.758475208907534837e-02,6.691816365406391132e-01,4.539445494186967744e-01,8.839615185084079840e-01,7.669351984523540278e-01,2.054114175309809665e-01,1.631634355508855272e-01,8.093072821582297793e-01,7.924473417981292567e-01,7.378298093169269878e-01,0.000000000000000000e+00,4.346191229474887785e-01,7.108645526632388911e-01,7.401356601994543150e-01,4.334144502069810501e-01,3.308417196135290395e-01,7.137607803887754399e-01,6.288705808936049246e-01,7.283064980674809341e-01,5.184022189462547114e-01,5.025730979772179419e-01,4.580858395915420878e-01,2.809744481788223336e-01,2.768792050409578653e-01,7.409770147524038508e-01,4.373776771549985343e-01,2.196621264967601461e-01,5.131637543880175345e-01,1.600764715309173636e-01,6.500777308190422987e-01,4.662977104219534485e-01,3.183412187984514530e-01,4.389330164956305458e-01,2.627406364294224694e-01,4.719516201181592763e-01,5.292617561629735512e-01,7.231835210683471571e-01,5.497755767789640480e-01,1.041240188148336715e-01,5.713107364869707272e-01,8.342898236809226375e-01,4.354446790537709888e-01,2.780522692854683897e-01,2.374622960010723260e-01,5.200568353818368905e-01,8.693196047887756794e-01,4.803245771612608128e-01,1.773731513461532794e-01,7.867007973185606851e-01,7.425509956891794827e-01,6.991975988181481361e-01,6.301257442968165590e-01,5.535170818071311061e-01,3.159716815114940736e-01,3.979997574994620924e-01,5.512596720036891940e-01,8.722440256945849235e-01,4.125591067574244097e-01,2.811839979068637141e-01,1.620452567089910589e-01,4.877262662514201819e-01,2.000485625315319704e-01,6.715191603247078200e-01,7.524786724369882940e-01,6.307993776318229218e-01,3.193403812527929597e-01,1.117613207476916282e-01,6.997052089848926348e-01,6.768216687760366668e-01,7.332648694330550221e-01,4.126357091898320006e-01,2.308829417021590891e-01,-1.481951417524350334e-01,4.065282343711532631e-01,3.603982124556078803e-01,4.947385193925281088e-01,5.826168555746118471e-01,5.437080855487188558e-01
