0.000000000000000000e+00,9.341097596526930502e-01,7.545952126376817004e-01,4.435236099479044625e-01,6.322187048238006035e-01,9.140559297851835741e-01,9.420720159132192073e-01,2.039809420204616308e-01,9.207705291787809943e-01,8.643488164938034624e-01,2.206181321305655807e-01,7.034084725225530077e-01,7.815818799973528463e-01,5.194387854694403339e-01,7.276115669797492691e-01,4.768264061975459045e-01,8.024043511938585560e-01,9.487461507107259884e-01,6.808442221210284639e-01,7.073529287977010638e-01,9.863413771264972763e-01,6.277039497930116951e-01,6.830588108978467021e-01,8.213791928542473197e-01,4.889978881074261707e-01,9.926846803555151588e-01,8.882104883280421692e-01,8.655621760933316367e-01,1.777610541345700235e-01,2.903673617086502956e-01,9.420651038871710736e-02,8.797180600603221601e-01,4.647658867992459641e-01,9.179795816504646710e-01,7.399980677382970162e-01,2.454405179360479861e-01,5.620346024141165131e-01,7.425663278448713621e-03,4.113187414798852859e-01,6.741636645839274022e-01,6.744915398712700849e-01,8.647537917252637873e-01,5.149847904464983639e-01,9.854680684228056542e-01,4.861650005957511289e-01,7.545806372777938975e-01,3.359239359378717316e-01,7.348294440475997558e-01,4.498325418247552943e-01,6.288870337448893011e-01,4.016477897981382550e-01,8.036252794945180078e-01,4.392496947387716788e-01,6.228573304404705357e-01,6.346842333154067983e-01,3.522871811131461639e-01,9.279651018722404610e-01,8.473385678976527169e-01,9.813544414066478483e-01,8.544552368567740475e-01,4.317622356408365447e-01,6.182775620269584937e-01,7.549739688760580547e-01,8.567205047173531707e-01,7.560888467272658398e-01,8.270818512417861257e-01,8.367599135655990894e-01,6.361995365962527238e-01,9.735827175597302485e-01,7.024292702709059588e-01,2.141613752711111762e-01,7.039311130121234106e-01,2.990040679337298557e-01,4.619158941744644364e-01,5.172443513299448403e-01,7.731082279970619142e-01,6.842815777852002679e-01,7.836986039277851201e-01,4.927346718336250708e-01,3.925918385906731478e-01,9.075633089051869939e-01,6.270950477485240926e-01,5.822186782138520922e-01,5.853898337258862661e-01,5.385385157585832472e-01
9.341097596526930502e-01,0.000000000000000000e+00,7.235754775422559293e-01,3.577839352627708580e-01,8.720632654741524714e-01,6.035584818068350232e-01,5.015476329176415948e-01,7.660227371159492593e-01,5.765028620468388709e-01,7.174340824413388829e-01,7.410738506286350669e-01,2.346163906194264626e-01,2.558304450952457731e-01,6.726668541550824276e-01,5.541746077522798908e-01,1.828268762841359918e-01,9.321592675556861218e-01,8.041221264196879437e-01,7.092070450002980753e-01,8.947645150387480983e-01,7.082922472877847264e-01,7.172747737751981045e-01,9.948723953612506055e-01,9.446196261263624105e-01,5.977483620952153132e-01,7.491185650703050536e-01,6.134203742530758285e-01,5.768439872868180718e-01,3.025523519160894792e-01,7.251755084275506025e-02,5.197185740347162186e-01,2.985153830086048621e-01,7.027292963538799009e-02,4.925385611462332891e-01,4.487791253673887870e-01,5.006845257579204400e-01,1.274498368824558692e-01,9.210806352707443523e-01,5.359096363560345022e-01,4.958406308203177071e-01,5.177940512076829593e-01,7.295255294969917870e-01,8.375928150522258253e-01,7.931781745100029424e-01,9.826365997150143805e-01,6.218216742586675227e-01,4.263468896693259902e-01,7.526290911916848625e-01,7.897330863060949557e-01,7.454951133675362662e-01,9.153793465256011563e-01,2.955658834231869592e-01,6.689826596514213408e-01,5.187696689169253306e-01,9.806198254843705442e-01,5.546563279577497729e-01,4.544276418096259706e-01,5.384479955027091647e-01,8.608310102699625599e-01,2.056143303524157473e-01,2.084880216522277119e-01,4.055211492282655983e-01,8.905619563805626804e-01,7.567454851031458762e-01,6.813667681585620084e-01,8.662407210145033343e-01,5.207481789868032562e-01,9.097469621948239826e-01,4.107465301666197166e-01,4.207329485536950298e-01,7.985619871120230862e-01,3.400079683985403056e-01,2.852743005569006174e-01,3.482878500309061209e-01,4.838849675872621270e-01,3.431739355720755391e-01,4.794943856379497715e-01,5.762056268604557330e-01,4.815744337352440008e-01,1.365874945534008567e-01,4.416602132469569369e-02,8.987558218034733537e-01,6.187050486017258155e-01,5.121897846779935870e-01,6.900089431436245979e-01
7.545952126376817004e-01,7.235754775422559293e-01,0.000000000000000000e+00,9.190166202311150778e-01,6.804166570043976847e-01,9.516667871571407034e-01,7.472776051008666043e-01,3.582126905783992177e-01,1.833266652120382201e-01,4.451900292402832804e-01,7.709788137009250253e-01,9.770560768709928290e-01,5.473173281343710617e-01,8.810605212060225455e-02,7.314249661887829435e-01,9.088682936540680712e-01,9.498930578788642443e-01,7.426886343058587414e-01,9.963840307714791900e-01,7.438334848548101563e-01,6.867019156304076111e-01,5.671704917077972086e-01,6.031834236959841000e-01,7.189628194410132567e-01,4.001567910942352424e-01,8.546616438227055967e-01,7.167484432297140939e-01,9.673346795957625810e-01,4.654561812061526194e-01,7.362417943014688548e-01,2.049442936889482314e-01,5.688214031322001984e-01,9.307470687405327014e-01,8.660323659092947768e-01,7.298169742320914644e-01,4.256207108712065090e-01,5.817147312388157854e-01,7.462442555239189312e-01,7.094298869119672890e-01,9.714917422217868026e-01,2.771671666022720304e-01,8.986000376587433003e-01,4.962918753190820320e-01,3.111450582234358553e-01,9.696139883404930604e-01,6.483209240200595858e-01,4.147564620399936675e-01,2.711225036476131445e-01,9.029166282081957373e-01,8.477868434289279609e-01,9.660507443175184727e-01,6.175154280056981415e-01,6.384097291323908019e-01,6.536057693514432110e-01,6.836592657219178193e-01,6.914070852298748182e-01,6.621253566393253687e-01,8.981829260824945038e-01,9.269805206015870880e-01,6.172856336259904264e-01,4.932544522141341092e-01,5.531080465587319139e-01,5.192787389021883415e-01,9.173332119302792798e-01,8.833334503950954764e-01,8.448817030990689592e-01,6.855319767465531955e-01,6.399759839283407636e-01,9.744961015890111211e-01,8.217100985695362514e-01,9.985599704616563432e-01,4.565923815801631869e-01,3.099735876462869077e-01,3.455211629832924403e-01,9.726431106008790461e-01,5.127225438080619258e-01,8.824143309962494408e-01,7.753014649855020091e-01,3.102357066516081008e-01,2.993078600707788084e-01,6.471337433459956046e-01,9.667664970882825504e-01,7.558022291996973063e-01,4.493046628641572671e-01,7.027638632844809274e-01
4.435236099479044625e-01,3.577839352627708580e-01,9.190166202311150778e-01,0.000000000000000000e+00,6.240085564696936649e-01,4.436799168373664615e-01,4.765916381167853433e-01,2.983930881555685866e-01,8.782351837849107223e-01,7.488321036561693678e-01,9.401652431853472214e-01,6.289336062173990216e-01,8.659080251168584930e-01,5.697275136728523481e-01,5.774587092537675215e-01,6.884496617943545171e-01,8.266041924811502462e-01,4.162288335622743030e-01,2.261443030128771903e-01,1.405232763236941851e-01,8.521379876466897985e-01,7.146022103769407163e-01,3.638043424561188122e-01,7.373942263889379234e-01,4.078917043885515459e-01,4.744676833751362288e-01,7.202765066863392462e-01,7.114698437790444308e-01,6.324410722127329354e-01,1.008110045120695908e-01,2.632649505101913867e-02,3.711196000407210316e-01,8.243118778675473726e-03,6.512044826539823417e-01,6.521682452652993733e-01,8.898689514060938166e-02,5.752515322314134538e-01,7.478180084943261141e-01,5.692439079422376702e-01,7.823220291072021659e-01,6.689184885848669104e-01,4.533979475082181021e-01,5.542851253276626089e-01,9.341058966087670834e-01,3.556847673489383910e-01,3.825709295306599644e-01,5.034341325186024729e-01,4.338452424135655350e-01,6.025794181894373880e-01,2.428508904150380454e-01,7.579463004698532291e-01,5.283197114687815388e-01,7.494738696689683399e-01,6.646827872246607871e-01,8.197014561385619347e-01,6.295609297235815749e-01,7.849240417492694410e-01,6.056400089108194829e-01,9.962296329528295136e-01,2.857651994332310874e-01,6.570351975346766515e-01,4.265078457722139005e-01,6.739308964333585728e-01,8.531886710282259312e-01,3.197330339542137079e-01,9.636170664545352649e-01,7.018494749975622282e-01,5.498449097398138141e-01,6.831518432781314987e-01,7.541500325290262374e-01,7.122968665795232912e-01,2.269531989934510385e-02,6.957043276067582660e-01,5.528095698158155269e-01,4.932291413412423497e-01,7.797715183720775878e-01,6.172755082540909433e-01,2.297605563893104774e-01,7.697904525409174359e-02,2.808559420730521450e-01,2.728516942937989076e-01,6.938153360816128323e-01,5.930519352137286759e-01,3.972891757130836421e-01,5.043667178104438431e-01
6.322187048238006035e-01,8.720632654741524714e-01,6.804166570043976847e-01,6.240085564696936649e-01,0.000000000000000000e+00,2.983370746687462605e-01,7.939742503185844846e-01,5.375403683613089179e-01,7.730488333184978300e-01,6.654048814076101159e-01,7.274022553613193054e-01,8.632133602164552277e-01,5.440423602362721711e-01,9.727823284900320999e-01,5.325688504696944880e-01,1.546422487956413128e-01,7.987263162196063249e-01,6.431454852079194762e-01,8.509806124855818776e-01,7.081284796154282413e-01,8.514589358561027721e-01,1.308108862578780396e-01,4.298593234524947793e-01,9.104539198359415941e-01,6.982761363292782075e-01,7.381137248047083821e-01,8.722829776394229739e-01,6.520572645196132111e-01,7.543632208525893335e-01,1.152460741976681080e-01,2.528918979566260328e-01,6.889249228693923310e-01,6.697932436935031264e-01,5.882571351635585977e-01,7.409823646311415324e-01,2.142912559611690748e-01,8.380279601601990647e-02,7.375967269011810545e-01,5.067379108423233358e-01,4.654583888403708847e-01,5.518851694643337469e-01,7.608274703772959224e-01,8.370257092187058934e-01,2.289858212817623140e-01,9.198441809377684297e-01,5.699556089347742605e-01,7.713337937247162213e-01,2.952760717805630875e-01,7.415539914432538460e-01,5.194653908637023587e-01,5.666513731545563815e-01,6.372908317619131457e-01,7.515696716308367664e-01,9.670741963609659209e-01,9.456653723050676419e-01,4.809128565361116547e-01,8.291788207450199177e-01,4.429401343889976528e-01,2.080583806581454420e-01,4.352813156460029476e-02,4.615576361279540296e-01,7.533146351268252827e-01,7.452933527945021508e-01,9.142128701666657475e-01,7.384737270889164540e-01,-1.748768375338829728e-01,6.060466915062437954e-01,2.300695730009515161e-01,5.335618121907812483e-01,7.236240096084136653e-01,9.134239930665233320e-01,4.208430820331989786e-01,1.223017588827670678e-02,3.502242366819750541e-01,3.868045818813609094e-01,6.796615241540611141e-01,4.867896743127916315e-01,7.784030977903019233e-01,3.644195518201077677e-01,2.809724947720256272e-01,2.456867157811575275e-01,4.811307114305947152e-01,6.908788809929596875e-01,5.501551718996396945e-01,2.718280384311804188e-01
9.140559297851835741e-01,6.035584818068350232e-01,9.516667871571407034e-01,4.436799168373664615e-01,2.983370746687462605e-01,0.000000000000000000e+00,5.904203948179406192e-01,3.329043618744970678e-01,2.498974158010500157e-01,5.307322918377836984e-01,7.142217071521275162e-01,9.364191972285227372e-01,7.050558237169286535e-01,7.770128596511411967e-01,7.533429561128607288e-01,7.180332043169159739e-01,4.894061748643571685e-01,6.691584603017087796e-01,9.924821930839694550e-01,9.096205413860161126e-01,9.469516494441936327e-01,3.466492618216229782e-01,6.177905399116763174e-01,8.653050143257485782e-01,3.986257520312079805e-01,6.930564577049442843e-01,8.930944420470305900e-01,5.758445996349627061e-01,5.502973571548027687e-01,4.036812508502831687e-01,2.895601421276167708e-01,4.883656231905114109e-01,2.050916960976450765e-01,9.701456375914954133e-01,2.465278867698251219e-01,4.776814863177193393e-01,5.202821418819452148e-01,6.239496989212686140e-01,9.464856300427919589e-01,7.297589870788619981e-01,6.321296262011927292e-01,5.458983173556951618e-01,5.686904558138379251e-01,5.319304099237038841e-01,7.217069469494766798e-01,9.520750670783819647e-01,7.608932890755306655e-01,9.903901116596699472e-01,4.459074772783398477e-01,4.401887524327662837e-01,2.399825478324461581e-01,5.911504932064083340e-01,5.809566815203716095e-01,7.940522982471645008e-01,5.544435029016155925e-01,5.680921125146886075e-01,6.203109314497927684e-01,5.554375428688875793e-01,9.745683166482281834e-01,3.319448678579354217e-01,3.886283574793697460e-01,7.640134379843247503e-01,2.163597589353548345e-01,6.365543642959722304e-01,3.533252468709754401e-01,7.577187493399852869e-01,4.625591397697275120e-01,7.302813263371547015e-01,7.175624606150259044e-02,4.769465725815977830e-01,4.353878271722551041e-01,6.586211162826096643e-01,2.867448609247836844e-01,1.838356453717975292e-01,5.539657999692507717e-01,4.420480110577614807e-01,7.214550623887733272e-01,5.637881437230207737e-01,-9.192548579474765780e-02,3.220751392272991342e-01,7.172941383038454743e-01,3.779858077920726922e-01,5.291665696454923573e-01,5.015953681142767406e-01,4.124528563412699356e-01
9.420720159132192073e-01,5.015476329176415948e-01,7.472776051008666043e-01,4.765916381167853433e-01,7.939742503185844846e-01,5.904203948179406192e-01,0.000000000000000000e+00,5.873395832130303695e-01,3.654989857760759797e-01,7.288243920550383503e-01,4.210936166725111063e-01,6.432399695714863253e-01,4.680076854270736053e-01,6.646904755674754028e-03,6.677343852920381018e-01,1.597892899394123267e-01,7.815820178044238231e-01,6.214645951329077489e-01,7.519764040085568091e-01,8.242541859987224662e-01,5.366758779584945849e-01,5.836807641379418987e-01,6.509383791157576926e-01,8.206617790058297057e-01,7.567811999502156439e-01,8.701440102285068479e-01,2.866976090468686955e-01,6.819173399656507373e-01,3.741169129572393670e-01,3.837228077243542979e-01,2.065123091168698521e-01,4.470908264283454114e-01,7.124072899356868049e-01,2.334207771383417784e-01,1.088842682974998227e-01,1.890791856373725821e-01,1.944599766344456415e-01,2.824947138655856671e-01,6.673647915331162306e-01,6.693573642424356374e-01,5.175505470069399205e-01,9.242428704047225274e-01,9.816029645001295156e-01,8.263492306821006439e-01,6.296068940634517164e-01,6.940708780205468997e-01,6.099633513547824126e-01,4.960797815552240309e-01,4.175087780866653109e-01,4.727401661350008055e-01,-1.877268573949136543e-01,7.053085747848139020e-01,4.902397482582098731e-01,5.849656398714619954e-01,7.145710965791776115e-01,2.809237574134940130e-01,1.146851713248319832e-01,3.508503485195579863e-01,9.881094167997426236e-01,3.080265880422842217e-01,2.751294181481722667e-01,-1.471971422868026402e-01,3.789588605701542656e-01,7.368975578340045685e-01,9.520821391810541101e-01,2.570614924811381874e-01,6.166528019036175978e-01,8.619206466248817700e-01,7.374713189476675979e-01,3.741194223540932340e-01,3.046065760331341243e-01,5.159130607611420727e-01,2.247038116073146186e-01,2.259048918599214362e-01,-7.407816708503434100e-04,7.584847366745415265e-01,5.406844421308572013e-01,7.675511923995846919e-01,7.056215214513463785e-01,3.026308905112505276e-01,4.841350771719464818e-01,5.523488567273847627e-01,3.178909010532519064e-01,5.470638880762683787e-01,1.999474860169176138e-01
2.039809420204616308e-01,7.660227371159492593e-01,3.582126905783992177e-01,2.983930881555685866e-01,5.375403683613089179e-01,3.329043618744970678e-01,5.873395832130303695e-01,0.000000000000000000e+00,4.428602807244496620e-01,7.975346363394948401e-01,2.356630587491898576e-01,3.690715993349923951e-01,9.100572744234989297e-01,6.422986040891505155e-01,7.006916688465358867e-01,4.927784227000850392e-01,4.586902036196080501e-01,7.766131843714272343e-01,5.331679127684375574e-01,7.714780254137765247e-01,8.109354175877163673e-01,5.414442162460438857e-01,5.641507542674093628e-02,8.904425459038952662e-01,6.890042895937771306e-01,9.727747234118121478e-01,3.630513779321301593e-01,6.052756266384263784e-01,4.170317474948078140e-01,5.805436362603860756e-01,1.354097485457363692e-01,6.131497327326170810e-01,7.082732615933009512e-01,7.126262079233969260e-01,5.533487514854895650e-01,5.208845486322304374e-01,2.610114634305805148e-01,3.336834625781391339e-01,6.259950125530768794e-01,7.825939873607092867e-01,4.293653268508721560e-02,5.043805029626434733e-01,8.469564253644590313e-01,7.098886090944103167e-01,8.719860816614358745e-01,4.356305197526442741e-01,5.000080815899047293e-01,5.283143285325087035e-02,2.156428836306223118e-01,6.142255938657881220e-01,2.679955934883784252e-01,5.749672285820847106e-01,9.742103752752819812e-01,2.732394663069009910e-01,7.325412952483788542e-01,8.080208275370673876e-01,5.202066938959637454e-03,7.010283584855813155e-01,8.716153712808031306e-01,6.405972728848770004e-01,1.500853651592276017e-01,1.536453766666179832e-01,6.337214492114500164e-01,1.774268595459898012e-01,6.313938871115059026e-01,7.851393822081849105e-01,4.980017017317124317e-01,9.853786946626024168e-01,5.459890048515111394e-01,5.233860174387988673e-01,3.159007610028832236e-01,5.143055097419107352e-02,5.732551515661599151e-01,5.352371445035213338e-01,1.892589952323511238e-01,6.433097334341785212e-01,8.450555947180389271e-01,2.194735605520524435e-01,6.657453356568391323e-01,4.682035150222343955e-01,6.194957751616830821e-01,8.426005014283105554e-01,9.572249526351241933e-01,8.922813303101716498e-01,1.897612909719730567e-01
9.207705291787809943e-01,5.765028620468388709e-01,1.833266652120382201e-01,8.782351837849107223e-01,7.730488333184978300e-01,2.498974158010500157e-01,3.654989857760759797e-01,4.428602807244496620e-01,0.000000000000000000e+00,4.729871639604498190e-01,7.985836488939939137e-01,5.317712008736907858e-01,6.452071511179658936e-01,8.813750114825290582e-01,5.890861585912962051e-01,4.547310182021025438e-01,5.410780632576829285e-01,4.469438209253646099e-01,6.319568766211738353e-01,6.641274308175247887e-01,6.575945785040303582e-01,5.847562942621756799e-01,6.502800826632474385e-01,6.674681258899812786e-01,4.863504766178545768e-01,4.208246455752449044e-01,6.525612347539946345e-01,4.838070485577263824e-01,3.529780273687773695e-01,1.819448408625487235e-01,6.241864645167969350e-01,3.252839441582584534e-01,3.601881436452642471e-01,9.147128905019586975e-01,4.606647549234869077e-01,5.752974541305551082e-01,5.751057657878926727e-02,6.428823814440594031e-01,9.189039089175027319e-01,5.551737860504153410e-01,4.869914327279187827e-01,4.186422116378174518e-01,6.190762679363154275e-01,7.963662489091141161e-01,9.119339860635115036e-01,7.110692009717992645e-01,5.235882842527896930e-01,7.429228616215181047e-01,3.210297610937201118e-01,4.325746592218947528e-01,4.475255704761029185e-01,8.179958679462633331e-01,5.414803992435841540e-01,7.829823069744089592e-01,7.445558511178211880e-01,8.677233147771461486e-01,6.308382264494207803e-01,4.764739357827351696e-01,7.083082762643709840e-01,2.521884740730529484e-01,4.486990119814072697e-01,5.535712922454075757e-01,7.102590149335478165e-01,7.400499364701372818e-01,9.273934543670161457e-01,5.316179769634635788e-01,6.218879967854950008e-01,8.804182223907059957e-01,8.862632758421923329e-01,5.511058610377154166e-01,7.733155778073045328e-01,6.642418618819905252e-01,5.883539919866102030e-01,4.000489356945237107e-01,2.125243011318533326e-01,3.771668837526656604e-01,9.345724192440553191e-01,3.694988154251751533e-01,2.557574827353366609e-01,4.880817442117740823e-01,3.605005607367152143e-01,8.495754336704925969e-01,7.012205063103839064e-01,5.406847480933225647e-01,6.359911772497366389e-01
8.643488164938034624e-01,7.174340824413388829e-01,4.451900292402832804e-01,7.488321036561693678e-01,6.654048814076101159e-01,5.307322918377836984e-01,7.288243920550383503e-01,7.975346363394948401e-01,4.729871639604498190e-01,0.000000000000000000e+00,5.711811854901032159e-01,7.145445444061461204e-01,9.723491241643011929e-01,9.520794097748705997e-01,6.727196464567158918e-01,4.451344084949407920e-01,7.179571963227678877e-01,5.947825225873626387e-01,2.739419677698572420e-01,5.345716032807857898e-01,9.187043724336589889e-01,3.690721845693095693e-01,7.421804120942225858e-01,4.993862009009819580e-01,1.237547609974045254e-01,2.456347541427789660e-01,6.241719353127023195e-01,5.725290392230371062e-01,1.443493081141321022e-01,5.426535734157897917e-01,2.315114911887486068e-02,4.226823958277374782e-01,2.042460895561585554e-01,6.662484204946257371e-01,5.584400479883567803e-01,4.126701416832561087e-01,3.249724861077054050e-01,5.502362598597005938e-01,7.197700458734472839e-01,5.671429812774045898e-01,1.702649873382766910e-01,2.408244130544390793e-01,9.001574320934058182e-01,3.736834414930997328e-01,8.666441641016207065e-01,7.733664331427615446e-01,4.817632410740678162e-01,4.172785356380130928e-01,7.489202149435221223e-01,2.511791596182388897e-01,2.502972057853889432e-01,5.958017300431083241e-01,9.137232335181456611e-01,4.497099669926437615e-01,7.372186293543008251e-01,4.968378599740946866e-01,-2.171846758240805753e-02,5.786168853672387646e-01,4.122082961085462016e-01,4.146410686263247158e-01,4.792400041455206483e-01,-3.815904795121582982e-02,4.810085394799487046e-01,4.847957685812543938e-01,8.910642738072659386e-01,5.102938149334544926e-01,6.583658822197668847e-01,9.647225773122589665e-01,6.321333116866473256e-01,7.019041541888452196e-01,6.781648279806048452e-01,6.426284389351882842e-01,5.654681922197404287e-01,4.900250177165221266e-01,9.950691558562059225e-01,5.100739266060094756e-01,4.716043814738454243e-01,7.521897087567335216e-01,1.308772091086184974e-01,5.704502223303640207e-01,3.856817520360630303e-01,9.591046454710594471e-01,6.786432570811340437e-01,9.968003727141185877e-01,6.605374009574519478e-01
2.206181321305655807e-01,7.410738506286350669e-01,7.709788137009250253e-01,9.401652431853472214e-01,7.274022553613193054e-01,7.142217071521275162e-01,4.210936166725111063e-01,2.356630587491898576e-01,7.985836488939939137e-01,5.711811854901032159e-01,0.000000000000000000e+00,5.705088264892317351e-01,7.427373885113732754e-01,6.629303506911732313e-01,4.818172789405171241e-01,2.202435030061155596e-01,3.485051852482841384e-02,7.360408898380428333e-01,9.767288841167494073e-01,5.936675870642522668e-01,9.006194748506227699e-01,7.883685790817653860e-01,8.128611250333254157e-01,5.210710589571573292e-01,2.989554648789834457e-01,7.204699059985664178e-01,4.965766647416677282e-01,6.132106193513184866e-01,5.710361474666356685e-01,2.072202350590023889e-01,-4.708189264588294454e-02,6.551255079911918466e-01,5.333429571906953548e-01,2.435665829168395524e-01,7.445661003775440046e-01,7.796416301220665535e-01,2.273844316226588946e-01,5.652053088793974611e-01,6.882227300915788604e-01,7.610388476015634840e-01,7.958161241990256984e-01,5.389657853343713390e-01,4.528472206062863492e-01,8.143072618455078349e-01,1.612713182717584459e-01,6.270731890495838678e-01,6.324685683649975410e-01,8.011836414036561660e-01,5.774192103251853947e-01,5.283496962990406054e-01,3.982950929067733403e-01,6.294535803851425415e-01,2.646757613065375270e-01,3.388621161286007877e-01,7.103906314985796167e-01,7.944204443418931838e-01,4.171445842086554667e-01,5.372311247132163237e-01,6.060224537311290627e-01,3.389599177993537493e-01,4.923670277785507365e-01,7.239467252527143071e-01,4.790831497455879107e-01,8.835505031453224634e-01,4.581154769919668079e-01,5.327847946193489115e-01,4.972917601691059786e-01,7.643506039509754268e-01,5.354615228589779674e-01,6.711554389463239012e-01,6.343431207421034168e-01,9.146873680121934136e-01,4.004692456268605927e-01,5.746246371312678791e-01,7.719461224905274088e-01,7.206680090399997241e-01,8.263389499537967531e-01,5.541646975440592815e-01,1.194686039681383677e-01,7.126147083327901699e-01,5.563968662943750143e-01,8.720780511867459728e-01,9.176583202712940146e-01,3.797588751671917562e-01,6.964936890924655621e-01
7.034084725225530077e-01,2.346163906194264626e-01,9.770560768709928290e-01,6.289336062173990216e-01,8.632133602164552277e-01,9.364191972285227372e-01,6.432399695714863253e-01,3.690715993349923951e-01,5.317712008736907858e-01,7.145445444061461204e-01,5.705088264892317351e-01,0.000000000000000000e+00,6.074840901826928929e-01,4.604569921413539380e-01,5.297931343189021813e-01,6.422531033409837331e-01,5.374970304590035441e-01,2.882240958132654685e-01,8.712618717745724828e-01,8.550438241652136284e-01,8.743382778887108797e-01,4.314373337051528035e-01,7.021856961877083192e-01,9.059343295217053837e-01,5.614228735154797034e-01,7.806621639426071235e-01,8.495680525206525946e-01,6.495241604726662565e-01,4.009001573391025031e-01,6.811679595373572038e-01,3.788260079163591199e-01,7.696718825237406358e-01,6.740443503948309045e-01,7.317816164938750756e-01,9.988408985861488287e-02,6.804849722252799271e-01,7.648913174134166493e-01,4.539358541511266942e-01,9.692618569691739960e-01,5.400081782127907903e-01,2.081741857938398665e-01,4.277319223819429084e-01,9.104844935931346583e-01,5.209998840679290755e-01,7.012246104721920892e-01,9.502757811014239664e-01,6.636642913754140505e-01,6.305566681577607913e-01,5.484084642664216469e-01,4.263646586243928227e-01,-2.772710245569041665e-01,7.268844402687837380e-01,7.798435437939577053e-01,3.664643684145345026e-01,8.884151936538087213e-01,9.444335292113815727e-01,8.761315261069423377e-01,7.131430930172312221e-01,6.803618557554865776e-01,2.270139315031345917e-01,7.629370974990683507e-01,9.135033538040407963e-01,7.651194324186482154e-01,4.604460624482915598e-01,3.777255295096404453e-01,4.622380095902446362e-01,6.028284140430757443e-01,8.707714283550180845e-01,7.255240016612429788e-01,7.109748529111376003e-01,6.178553516203765250e-01,8.252719779792909716e-01,3.867565889129231937e-01,5.728978176137692335e-01,6.579633327822782540e-01,1.622055836747767765e-01,8.015737644361227154e-01,6.157973228534079357e-01,3.749161857680414212e-01,2.801798307768422758e-01,-3.627196966154587754e-01,7.990614304890716335e-01,9.441851461489416675e-01,2.045954152119008884e-01,5.845889713364452733e-01
7.815818799973528463e-01,2.558304450952457731e-01,5.473173281343710617e-01,8.659080251168584930e-01,5.440423602362721711e-01,7.050558237169286535e-01,4.680076854270736053e-01,9.100572744234989297e-01,6.452071511179658936e-01,9.723491241643011929e-01,7.427373885113732754e-01,6.074840901826928929e-01,0.000000000000000000e+00,3.566928452300426322e-01,3.418448003831690007e-01,7.667908380726681239e-01,2.718199553261046453e-01,6.216346911313349599e-01,4.829348048072504285e-01,9.610614815554284762e-01,6.620063502773645414e-01,5.141951135853821686e-01,7.314471996674168919e-01,9.811092468794399002e-01,3.199088325016494205e-01,6.914760207855901175e-01,9.402146502486501412e-01,5.845274432917895169e-01,1.760351247486986459e-01,3.891336996587626551e-01,8.735190319933539005e-02,2.430358897879247304e-01,9.424417774286296678e-01,4.402216460311580981e-01,7.131356060644531425e-01,5.901122997367417300e-01,4.898803071597744863e-01,7.554160043071007635e-01,1.390010841405129871e-01,7.327712854957694200e-01,5.625325422324620739e-01,7.188346502343189171e-01,6.778042143410842879e-01,9.158370698819348066e-01,6.844205846054080000e-01,6.566198758822705539e-01,8.912888382450097069e-01,7.287659326628181944e-01,2.149552883453321461e-01,5.188623942662643485e-01,7.067537467083219171e-01,7.542171281194409715e-01,6.421070584819481564e-01,5.576824052231255102e-01,6.871678514879533406e-01,9.424117329372008189e-01,5.863143997559521203e-01,7.967578467580598289e-01,2.764714000585030695e-01,3.054402334493613869e-01,7.370013607035518222e-01,5.788390139771222298e-01,6.644623055055948191e-01,5.112290595654894743e-01,7.123242890875997047e-01,9.316866144801905225e-01,4.683995598139710781e-01,5.065943691700235396e-01,4.811442180357104470e-01,7.250546529972146104e-01,5.702804951045263859e-01,7.551864592968432488e-01,3.012440410753671194e-01,3.395915691392770164e-01,4.544180494250136815e-01,6.936022008432009001e-01,2.306509741550100967e-01,4.504520826450796323e-01,3.060725800518209194e-01,3.577722522568578256e-01,5.673776172540665463e-01,5.509936775088071226e-01,8.380374050101480066e-01,7.960307612102602848e-01,8.144548153495931864e-01
5.194387854694403339e-01,6.726668541550824276e-01,8.810605212060225455e-02,5.697275136728523481e-01,9.727823284900320999e-01,7.770128596511411967e-01,6.646904755674754028e-03,6.422986040891505155e-01,8.813750114825290582e-01,9.520794097748705997e-01,6.629303506911732313e-01,4.604569921413539380e-01,3.566928452300426322e-01,0.000000000000000000e+00,8.969525829230796665e-01,8.516881080308233987e-01,7.839502947589254145e-01,7.392994427424450787e-01,7.326287607528504386e-01,9.504714287263210659e-01,3.308754803190975258e-01,9.626620395121152640e-01,7.754113209234479998e-01,7.126146186988875364e-01,9.524617591537598571e-01,6.715521028703259621e-01,7.156427290802872543e-01,4.761720489359452801e-01,3.737181083479587107e-01,4.595027364122317159e-03,4.258610022597322242e-01,2.532052703588935638e-01,6.753268776473947410e-01,6.072392589361236270e-01,7.784163498675757964e-01,5.512365668525409657e-01,2.921102459380783278e-01,8.037645641724574519e-01,2.835952456640928321e-01,7.647553976917409457e-01,4.851242463333175214e-01,8.516868665985928288e-01,9.364590501567041647e-01,6.944816042760697528e-01,5.406042263653033642e-01,9.679862909415481997e-01,6.627407786651119403e-01,6.266051146125874993e-01,5.186275541121814214e-01,8.602738806860721343e-01,6.790119854190166393e-01,9.180360361282793313e-01,9.071684169169754730e-01,9.194118538085016556e-01,9.850174720978008835e-01,5.964633463955398840e-01,7.779905938006064225e-01,9.836828710715336266e-01,4.918894422969548597e-01,5.396445631221371553e-01,4.950355038695170018e-01,2.414672650540996002e-01,9.660874556085404796e-01,4.754645498612092847e-01,6.555174681401632064e-01,8.234019150788060015e-01,6.741771837743484319e-01,7.555594573740874731e-01,4.149247379110110878e-01,8.354421553578952331e-01,8.044465223005600185e-01,1.173300817573686844e-01,5.010393756496523965e-01,5.264390815484550901e-01,5.160655401267464359e-01,4.021229444629045857e-01,6.285093349902635129e-01,4.388663798447671183e-01,6.439275569373742458e-01,6.364239839123917442e-01,3.871316327269639368e-01,5.097889540746076698e-01,7.385177166777951996e-01,3.721130070821861979e-01,7.895728097178865701e-01
7.276115669797492691e-01,5.541746077522798908e-01,7.314249661887829435e-01,5.774587092537675215e-01,5.325688504696944880e-01,7.533429561128607288e-01,6.677343852920381018e-01,7.006916688465358867e-01,5.890861585912962051e-01,6.727196464567158918e-01,4.818172789405171241e-01,5.297931343189021813e-01,3.418448003831690007e-01,8.969525829230796665e-01,0.000000000000000000e+00,4.725777301897474136e-01,5.360214111574281848e-01,7.097718729652748859e-01,8.576048975381042050e-01,4.038431928148716321e-01,8.041420302040848123e-01,7.672581342590369946e-01,7.470749550156570162e-01,7.306503873936278648e-01,5.097032314145556464e-01,7.785489047206266555e-01,7.133896397781447352e-01,7.823094296253280122e-01,7.495504584339458543e-01,5.812504140652430262e-01,4.884416343244231129e-01,4.728694059747175493e-01,5.775320115542743604e-01,5.098391489315857728e-01,7.910182954350157836e-01,2.049619906574835504e-01,3.409307287441893375e-01,7.262893272699006975e-01,7.807610070975091743e-01,4.683041422037202417e-01,5.506875151441937843e-01,7.070453011748922822e-01,3.816087679177184722e-01,6.495620705792092275e-01,3.889827448672414922e-01,3.030608332504778346e-01,7.020906690939551220e-01,7.777648821715695826e-01,4.682897418178419424e-01,6.923745002496994871e-01,6.354256556003604617e-01,3.034885885973015451e-01,7.749526171507794547e-01,7.525002405635581315e-01,7.967318515582919591e-01,6.586945210048467114e-01,4.666688766094395646e-01,2.054081982627803116e-01,9.805237311823873370e-01,5.882221627537094211e-01,1.142394380522347014e-02,7.473836320799422950e-01,6.508330885173114755e-01,8.359591217029078702e-01,7.641016251175410945e-01,5.412984182349191986e-01,7.257715233096111440e-01,9.736388080728565209e-01,7.523840376593898815e-01,6.837672301289648980e-01,4.924970956710958969e-01,7.504777335588188603e-01,5.355986654471338593e-01,1.643576318988748718e-03,5.883456651233663903e-01,4.913210136770936320e-01,8.637202620065858039e-01,5.981679086974713844e-01,2.546328420269810544e-01,5.000052912202574973e-01,1.652414479889791621e-01,4.301085173887552182e-01,7.268773582698144775e-01,7.010827080691817148e-01,7.992322772975770651e-01
4.768264061975459045e-01,1.828268762841359918e-01,9.088682936540680712e-01,6.884496617943545171e-01,1.546422487956413128e-01,7.180332043169159739e-01,1.597892899394123267e-01,4.927784227000850392e-01,4.547310182021025438e-01,4.451344084949407920e-01,2.202435030061155596e-01,6.422531033409837331e-01,7.667908380726681239e-01,8.516881080308233987e-01,4.725777301897474136e-01,0.000000000000000000e+00,3.153973009250568560e-01,5.089224568332525456e-01,4.328813739254858683e-01,9.826178028954805077e-01,8.297220879462137155e-01,4.735277924309868602e-01,8.434098653234587406e-01,9.876331086914599267e-01,4.300298202956855942e-01,7.872481777954813964e-01,9.646387667114267872e-01,3.590407548794244397e-01,3.724362882236693650e-01,9.333294393422582047e-01,1.414428262605583742e-01,4.427057745726796223e-01,6.674934626702853091e-01,7.731473396803097975e-01,5.680992955226329411e-01,5.558345718169160898e-01,7.644883670504241113e-01,4.064336450360644393e-01,9.130704170000366604e-01,5.641358675528274080e-01,3.133643697981096654e-01,4.876155785742122273e-01,9.327845298570851540e-01,3.753909270135299403e-01,8.709187455675417855e-01,2.153939202830895405e-01,5.897819612130283939e-01,7.930823819086780802e-01,5.487585405985441200e-01,4.843808914435173696e-01,6.870725574049038054e-01,7.872908610112284711e-01,8.235195152442470468e-01,4.434626397271926312e-01,8.246358182223106903e-01,7.327117940056512291e-01,6.649520286289889448e-01,7.790946533637133076e-01,7.767372490880787295e-01,5.230582503184750820e-01,2.587304231215042383e-01,2.824090443991394972e-01,8.287495158085236291e-01,6.952797347376732384e-01,9.654549266866736534e-01,7.045423204603660228e-01,5.610541677333833466e-01,7.185194663812486393e-01,3.770814634144524224e-01,9.824355978977828974e-01,8.736782991031915024e-01,4.755963673593478075e-03,1.566788046817891855e-01,5.652565485436011894e-01,4.918456917032311138e-01,2.020664725912723614e-01,2.299142038331724036e-01,1.991398355616990357e-01,-1.247037467525724530e-02,1.284971144374949525e-01,4.030206551068342691e-01,9.020510343518537422e-01,9.694643292408113844e-01,5.615251965431817815e-01,8.038782399988623206e-01
8.024043511938585560e-01,9.321592675556861218e-01,9.498930578788642443e-01,8.266041924811502462e-01,7.987263162196063249e-01,4.894061748643571685e-01,7.815820178044238231e-01,4.586902036196080501e-01,5.410780632576829285e-01,7.179571963227678877e-01,3.485051852482841384e-02,5.374970304590035441e-01,2.718199553261046453e-01,7.839502947589254145e-01,5.360214111574281848e-01,3.153973009250568560e-01,0.000000000000000000e+00,6.085443882161648554e-01,4.331999462492397424e-01,9.020936903496055148e-01,7.693513058694815276e-01,5.429927896216417693e-01,7.318256576299355665e-01,7.203952793731552839e-01,8.649464543409222106e-01,9.644572661163540728e-01,7.134007536193596177e-01,9.469078204688701206e-01,6.744414389420273492e-01,3.711479949454068450e-01,-1.963745854682839576e-01,5.076883893962540473e-01,9.090254810558309195e-01,6.218487938830606909e-01,8.373105099017812414e-01,5.225338318490604372e-01,1.227447780904463298e-01,5.796503305306228704e-01,6.445940083896326556e-01,6.866060770122062173e-01,4.449720682452003584e-01,4.951090285751402198e-01,7.867937278114066624e-01,5.915027984695766516e-01,7.250063692856680841e-01,4.034723122722879141e-01,5.359576709028113228e-01,8.607669156118786802e-01,6.895809835834498802e-01,8.262977611677352341e-01,9.543711090389950247e-01,6.007847408808058010e-01,3.504746689037134821e-01,4.408679922115425476e-01,7.375722811957954317e-01,4.902754102440123884e-01,6.920773513018466661e-01,9.371188808842350060e-01,9.551816487047495308e-01,3.361189202413953914e-01,3.560784042962689688e-01,8.246569917783895809e-01,4.502292945552390790e-01,2.948017877384821461e-01,8.266164165427867250e-01,4.835854534274978689e-01,6.191758743538501308e-01,9.426064542704934990e-01,4.792737198325173753e-01,4.119558230312863056e-01,6.124699630444845333e-01,6.016315279247219650e-01,4.941431129089596808e-01,3.466792003400521738e-01,9.562787003513236739e-01,9.334195224996246765e-01,2.691832232638170508e-01,6.464041129783291151e-01,2.400363275574223798e-01,7.069983174471394793e-02,2.244207565243740432e-01,9.837214683509758473e-01,8.373919332779984348e-01,5.485075934675833764e-01,5.125721290325333523e-01
9.487461507107259884e-01,8.041221264196879437e-01,7.426886343058587414e-01,4.162288335622743030e-01,6.431454852079194762e-01,6.691584603017087796e-01,6.214645951329077489e-01,7.766131843714272343e-01,4.469438209253646099e-01,5.947825225873626387e-01,7.360408898380428333e-01,2.882240958132654685e-01,6.216346911313349599e-01,7.392994427424450787e-01,7.097718729652748859e-01,5.089224568332525456e-01,6.085443882161648554e-01,0.000000000000000000e+00,6.314140554337556166e-01,6.273436681782038615e-01,9.041625958813116481e-01,2.991699847963626424e-01,7.329847477646400655e-01,7.745743944863592301e-01,5.636151827986073393e-01,4.950600196604039160e-01,4.618038669867865487e-01,4.360947814758643348e-01,7.633881645850060411e-03,2.483399991759302483e-01,1.457115212676724225e-01,4.559515884593110524e-01,4.133316505895386905e-01,7.779545103793459315e-01,7.606571331329844421e-01,5.317777791825871736e-01,4.792602302192709995e-01,7.450771427971276673e-01,6.015482949556855141e-01,9.965248328209164175e-01,4.106574846385303013e-01,3.377412040630226597e-01,8.998887560634702965e-01,9.596737525545285807e-01,7.674342939730146584e-01,7.220073332427547896e-01,6.356172842628137198e-01,7.050484136074595121e-01,9.532641051155995582e-01,3.537488152519652207e-01,6.997914511522522751e-01,9.167115696563379323e-01,6.846424928966101664e-01,3.638359997961826964e-01,8.365169548647211420e-03,7.582672413558394497e-01,7.689282335221409026e-01,4.219057968317282969e-01,8.153207922084888537e-01,5.710359721211523132e-01,1.743250402441493263e-01,5.326350801938177781e-01,5.372148499426497859e-01,5.495373963094505321e-01,6.269707073191034263e-01,7.652592324247305955e-01,4.827293921785344444e-01,8.640649116072249836e-01,6.902839768740228754e-01,7.212204004681752600e-01,6.456753799672207972e-01,3.998518693812510572e-01,4.774373848733001191e-01,5.240584368923203451e-01,6.033105910490884627e-01,3.051651737159407629e-01,8.847826609104811890e-01,7.618944490083522370e-01,4.059391488513163226e-01,4.582102516235328493e-01,3.923708810461996876e-02,9.744170828379368210e-01,8.752715143481459847e-01,4.010716295903608564e-01,6.265226545275534020e-01
