0.000000000000000000e+00,6.398858068952589795e-01,7.229081576868272574e-01,7.339446615802758256e-01,7.636019363496593382e-01,6.637003992148988729e-01,7.599313214831551200e-01,6.125142383778916511e-01,2.373446468578762902e-01,7.480951048007177251e-01,4.217061870364101628e-01,6.647891279257267527e-01,8.005532995044279954e-01,9.874503724062794197e-01,6.746654299182646142e-01,3.559208186035908161e-01,9.252599456955667989e-01,7.319158915269169396e-01,8.083957758446081998e-01,8.454152326263396633e-01,8.164160999081311321e-01,6.576133526943479524e-01,8.667586832923126483e-01,6.072823727142294681e-01,9.635372059670631595e-01,5.350183543504493100e-01,6.571774645699209882e-01,7.382821957063683271e-01,8.143746425432735192e-02,7.478906827360196630e-01,3.003231998509955369e-01,6.224875774485455482e-01,7.991053246860733150e-01,9.408693330037042335e-01,8.276058485262994813e-01,2.786328563211933895e-01,4.367913841773166106e-01,6.810607208685215408e-01,9.484017646545557234e-01,4.570474664724399338e-01,5.845606567474516124e-01,9.153278702570500913e-01,5.521231150026195689e-01,8.150064328738761965e-01,5.479504213709363025e-01,7.935969108368516878e-01,6.306036758443089862e-01,7.529426018845619684e-01,9.605009431583496626e-01,6.817084862636152431e-01,4.253451138785028229e-01,5.499557778251026319e-01,6.700382566950222607e-01,7.483587614965589996e-01,3.801413661808811240e-01,8.480912171989158921e-01,4.948774960999852146e-01,4.107734306554302606e-01,6.018437596595153094e-01,3.779692874201427966e-01,2.985267061278447098e-01,6.801907611357020933e-01,8.669850937710272820e-01,4.971938678392640032e-01,6.651305526379613919e-01,9.216419560190134419e-01,5.028011685353533933e-01,2.284754204416687973e-01,7.655606214748044147e-01,9.800656151082706158e-01,4.191047270055479057e-01,8.290685079663658863e-01,-9.978228957346577110e-02,5.747509438813966920e-01,8.894084711343647198e-01,8.137395921743447724e-01,9.503751563477220721e-01,5.908628405067302136e-01,2.633341336305513591e-01,-1.213929954313353043e-03,4.979286709802897004e-01,9.358190852604888477e-01,4.267031314364124750e-01,5.640075452066508621e-01,8.508823417048960724e-01
6.398858068952589795e-01,0.000000000000000000e+00,8.212975321837003850e-01,4.546137381196154736e-01,3.864353380112169334e-01,7.652009535557122710e-01,5.947477397568101676e-01,2.284061519391442779e-02,4.337660689188337915e-01,8.435134782888599192e-01,5.240021961295673325e-01,1.723888422421243627e-01,6.429075335437913763e-01,6.784642098588491432e-01,3.676535195470214124e-01,6.546702014155436622e-01,6.963512003689973362e-01,7.253766122325088217e-01,7.796651183371411387e-01,1.055593634978858469e-01,9.798791596457934183e-01,3.338054818919541922e-01,7.477730801145811013e-01,7.113738878719463310e-01,4.383229664736529863e-01,1.906136409420468025e-01,5.832606077927288135e-01,8.216177075881292424e-01,3.124119343915519043e-01,3.946708451165146236e-01,5.372635045822985456e-01,6.800024830248743157e-01,4.002155542914273556e-01,8.171267366346879335e-01,4.284757363373905004e-01,7.621289996909468289e-01,5.020044743542861898e-01,5.651456019725534796e-01,6.611821056204916225e-01,9.619147558775230644e-01,1.913978993239641158e-01,8.791273517649773606e-01,2.398191997234797035e-01,9.775308153912445341e-01,7.054512420037523102e-01,6.095357482140277838e-01,5.465100066660816269e-01,9.349929576166948753e-01,5.069246365371705698e-01,6.562029962750214329e-01,4.884601255690149690e-01,8.727951552925096168e-01,8.283723479525092470e-01,7.619019154827104678e-01,6.624956788617702985e-01,9.158019400100709806e-01,7.429809806253132587e-01,4.794364211429468225e-01,2.595038667264204513e-01,4.421718811448593911e-03,7.589902410179999448e-01,1.596586946616014024e-01,9.548380996609047155e-01,9.785292440705370964e-01,5.107247554573427495e-01,4.364512461550923428e-01,4.176235480227920571e-01,7.255363337012473712e-01,5.563376228906974363e-01,8.389373333269001254e-01,6.194850461863965485e-01,5.011380813127319644e-01,5.924792239134233363e-01,4.826585856566852906e-01,3.139286418749440699e-01,9.917949162452478484e-01,3.733736744679897468e-01,9.858040539768773147e-01,6.048958842148351167e-02,4.034295249311068421e-01,7.402963953009384923e-01,7.414801798249377462e-01,9.249860466579927776e-01,2.690186370835901952e-01,5.637901362538888517e-01
7.229081576868272574e-01,8.212975321837003850e-01,0.000000000000000000e+00,9.422275045104056002e-01,8.135820637554123103e-01,8.923323172886037380e-01,6.708459473083976388e-01,5.388113550226287796e-01,7.190812967095019381e-01,7.979880711787070702e-01,9.315232602566340114e-01,8.432988937625935932e-01,4.367420113261676340e-01,8.354272782305023348e-01,9.417015149957010944e-01,6.876126448319783702e-01,6.953218213381257007e-01,7.579892309142777229e-01,9.022316632129971925e-01,8.634205654376956307e-01,2.210341681660289992e-01,7.689873441864313042e-02,9.090671540001575845e-01,7.502576485552583385e-01,4.488528209873112185e-01,6.332167271420339194e-01,9.890699300395178195e-01,9.549918530663118466e-01,1.938191553240208864e-01,5.394538154400618790e-01,2.039868249353533058e-01,9.743313645997213612e-01,3.516853889292271829e-01,2.071447390501337527e-01,9.599597423457668643e-01,6.872679984579044277e-01,-6.411357965466399356e-02,5.834810021721733575e-01,9.815364890354665306e-01,3.826170166799546801e-01,2.423251233580716313e-01,8.041058801302302106e-01,5.341525505405072538e-01,7.259024799696049968e-01,7.235590224263778181e-01,1.298741928609613017e-01,9.799960670113099237e-01,9.241360473130587616e-01,8.909103383576362223e-01,9.963649590576818538e-01,7.973270366999043457e-01,8.944818192817781677e-01,7.460521988097537083e-01,8.834681769169443477e-01,6.687331450068513261e-01,7.890817532045397709e-01,9.222689880324922429e-01,7.884871308880609941e-01,8.424875621247738255e-01,2.317167338603736415e-01,4.037651212417342483e-01,7.423556464032762259e-01,6.223242019362815736e-01,9.647140619589804622e-01,9.689340549457106100e-01,7.745566796918426089e-01,6.254240839466629343e-01,6.354434242039275205e-01,8.165908261268228774e-01,7.931461012041831626e-01,7.633224119516790473e-02,6.096306107465712110e-01,2.970157156292199119e-01,5.460358601554284874e-01,9.686530944994822256e-01,9.670777036704811813e-01,7.134588434005720847e-01,2.943332968270984673e-01,2.743374611898035109e-01,5.362854299569854710e-01,4.332307019672430592e-01,6.962340192565880104e-01,8.823979704443595251e-01,9.469802469781418708e-01,7.048155956617540019e-01
7.339446615802758256e-01,4.546137381196154736e-01,9.422275045104056002e-01,0.000000000000000000e+00,8.552707934356802433e-01,5.301783825649537540e-01,2.820792084399481592e-01,4.598241896354792746e-01,5.830369674750546238e-01,7.964795631681688137e-01,6.713845878538790002e-01,6.499200659627227816e-01,6.589739139644228416e-01,8.171039758032541123e-01,9.603815779571135414e-01,5.571674048884511787e-01,8.421391255071761783e-01,7.923580313930060903e-01,6.686320205449741705e-01,2.186289264934175303e-01,6.078340260148411556e-01,1.611120475689177267e-01,5.474823578967379367e-01,8.053152573463334685e-01,5.280002879657460513e-01,7.589912997539518535e-01,4.880065387741896465e-01,4.900769286397736457e-01,4.140585771829543016e-01,3.851952236456781531e-01,2.230133209841669850e-01,3.461677598771324416e-01,8.737436565538359012e-01,6.486445530512815472e-01,7.780034312774531946e-01,5.004379836374285295e-01,5.758149754923058694e-01,7.748225675095616882e-01,6.221316412981505728e-01,8.784345147669661014e-01,3.675216593678135024e-01,4.797672197076496836e-01,6.174830418493097994e-01,9.326895671756577633e-01,2.388589370311257620e-01,6.361475160416902863e-01,9.473020422468837465e-01,9.034304921853286707e-01,5.432623097001236800e-01,7.676019349560718741e-01,8.797491173007641052e-01,7.510693540108079880e-01,6.932957837569029280e-01,6.472909478661648119e-01,6.923833788142602641e-01,4.389100578625131921e-01,6.550317747238153521e-01,2.757665095099898211e-01,9.448028645142572124e-01,5.270070519477411120e-01,4.638759913121422995e-01,4.166644949983342450e-01,9.910286425226648710e-01,9.031124588690362387e-01,6.456414332909770071e-01,9.034684462373370195e-01,4.743739623179659692e-01,8.649774774825857993e-01,3.337491617384947262e-01,6.355425049583200980e-01,7.140546715947182488e-01,4.348916033876633613e-01,7.961865432989960745e-01,4.709522966141121980e-01,4.147997375330386705e-01,9.025453450636974351e-01,9.323181283707906442e-01,6.213378917107691413e-01,4.193183521092989641e-01,2.494009980271345572e-01,8.318293942261683060e-01,9.311690686497231528e-01,9.704096770365659985e-01,5.956192147317044272e-01,5.767976592726659080e-01
7.636019363496593382e-01,3.864353380112169334e-01,8.135820637554123103e-01,8.552707934356802433e-01,0.000000000000000000e+00,9.991800273881573657e-01,3.245713091651784565e-01,7.349431912105105491e-01,6.417689716134973299e-01,8.792606411973448166e-01,7.621146837714459776e-01,9.861654246311523098e-01,4.445074538788055807e-01,6.244933770938423390e-01,7.238919971370527673e-01,5.592952829523725189e-01,2.199951795533522936e-01,4.328680077701057421e-02,9.234879000410529670e-01,6.786858204320977972e-01,9.134457184317148482e-01,7.862493668477343878e-01,4.841606509101866740e-01,6.085500314994825022e-01,3.005743918666813341e-01,3.099927007455900996e-01,7.381774084245869005e-01,7.978467927665736648e-01,2.765547198490780900e-01,2.599051165944948338e-01,-4.900557306057293228e-02,5.548794259413333263e-01,7.136537170184411583e-01,7.578836591190307725e-01,2.855051754218318472e-01,4.532834238264915050e-01,4.091126202732790484e-01,7.482061260755226151e-01,5.928669432433748554e-01,6.454705151542653452e-01,7.644090486766488834e-02,5.010437116986545814e-01,5.674296829765305139e-01,4.535874646992157366e-01,1.768131145510651869e-01,7.458644649393155746e-01,6.445351152624250179e-01,7.594477743285743543e-01,6.645007345889792916e-01,4.606514064717870949e-01,7.740607575142732788e-02,4.712401724482179199e-01,9.790399995321471538e-01,8.903529839976073168e-01,9.885310645289941966e-01,4.778614804447733344e-01,2.654548980160550964e-01,7.949531741981961108e-01,5.783019316913172725e-01,5.149072140389423513e-01,3.059308837780242984e-01,6.478198634007441559e-01,7.771556503862659948e-01,7.424245665782792658e-01,7.140540765811517199e-01,7.620913140658549523e-01,8.814464668091549493e-01,9.978273788332122640e-01,2.152543979023618104e-01,7.936382882808963590e-02,8.903291011049089265e-01,5.856862346556566123e-01,7.122711267678735192e-01,5.550842448110118177e-01,7.264602537451160247e-01,9.107221157557611191e-01,6.626406343729580595e-01,6.543911206085404331e-01,3.069311096810547479e-01,2.313681673392395943e-01,4.673452776702113343e-01,5.658668903799369820e-01,9.118006090006490760e-01,5.139764299845077655e-01,4.406491388029536993e-01
6.637003992148988729e-01,7.652009535557122710e-01,8.923323172886037380e-01,5.301783825649537540e-01,9.991800273881573657e-01,0.000000000000000000e+00,4.602294974510329206e-01,8.128327813793216894e-01,5.039521691604215148e-01,7.775712198738031766e-01,4.737383047695076232e-01,3.062608727504638750e-01,6.533498721569941381e-01,9.646476516949400448e-01,3.030811672598596740e-01,7.422777071561691420e-01,6.329356097064773312e-01,9.147524273295896124e-01,8.749461152834736577e-01,6.916554523143463307e-01,9.034302219781871202e-01,6.352905871148015748e-01,4.589861484517180346e-01,9.971817831780236396e-01,6.587624846393824729e-01,4.304621213290950044e-01,4.309989295890609973e-01,5.513718853354905303e-01,4.554269180053635013e-01,2.862090182314074860e-01,1.569439140770834129e-01,3.436729675451989929e-01,5.194144057532392722e-01,2.466881967895896699e-01,6.587600214371189811e-01,3.441191870731829527e-01,3.129951137699558267e-02,4.973863767327250107e-01,6.049747599609167636e-01,7.304304865060584628e-01,4.773026003019403274e-01,2.560439053064628157e-01,4.888189322372533119e-01,5.719173396623233874e-01,7.523215313418656347e-01,7.589100424595757177e-01,8.308153248512051281e-01,5.732128278608147331e-01,2.256507869555438861e-01,-9.007172128759470542e-02,6.961480589435266042e-01,8.143874791722063300e-01,4.690663091586789180e-01,2.637655722653167167e-01,6.419795348980392724e-01,7.064638939502535520e-01,7.259777169595893476e-02,3.254502808396500524e-01,8.288886501254982830e-01,2.144214500420374425e-01,5.952178458782262371e-01,7.761351827802398518e-01,6.464068803065571300e-01,6.654726031025268718e-01,7.695316369738152140e-01,6.825157853801325780e-01,3.503587869795479759e-01,6.403735435053439229e-01,7.558326304896295644e-01,5.618685015474337296e-01,7.587032053412522403e-01,5.094160659514028744e-01,4.515033253017596282e-01,6.910225856353358065e-01,4.702385337931350162e-01,7.628716563202230239e-01,5.213107331870422412e-01,4.082380571759793297e-01,3.486627113739877437e-01,3.766389245014080123e-01,4.805694043511354874e-01,5.575072133824253706e-01,5.254573640740572982e-01,5.938573391881689645e-01,5.874594273030806502e-01
7.599313214831551200e-01,5.947477397568101676e-01,6.708459473083976388e-01,2.820792084399481592e-01,3.245713091651784565e-01,4.602294974510329206e-01,0.000000000000000000e+00,3.016381317408003970e-01,6.620037594213626919e-01,6.288914955176703181e-01,3.319015348596191517e-01,9.142751482977742317e-01,7.428728655427150329e-01,4.490855806863778832e-01,6.862124585994006098e-01,2.815535514920138316e-01,8.129239496316158498e-01,4.070348377352177027e-01,2.249851947247698825e-01,4.583573917766360362e-01,6.504228553882558383e-01,4.674816761322402314e-01,6.146918800075754641e-01,2.884987568299833827e-01,5.288353699768134630e-01,7.463583449839983341e-01,6.540819299469322612e-01,6.298203363917356246e-01,2.545060606152603211e-01,2.745644654658312422e-01,5.678522720962205783e-01,6.155103089086901846e-01,7.225830931957313297e-01,4.222314760226277830e-01,6.103867877026245559e-01,3.563100964842916829e-01,2.899831410535144705e-01,7.045160013375327823e-01,7.301037575890693132e-01,3.348211012330618574e-01,6.207446607949851369e-01,6.770416815339409533e-01,5.856312952116649040e-01,2.380619447508805775e-01,3.929371931150523745e-01,3.144152132045570092e-01,6.514331106696200635e-01,2.843825845009992359e-01,7.015652087092446587e-01,-1.262587451088253987e-01,2.479374347789037869e-01,3.196191542153735687e-01,4.505912613967680280e-01,1.565088473537922520e-01,8.578969814313781583e-01,2.441880137493144809e-01,5.076537872948014840e-01,3.746777634384638178e-01,9.677304256645338221e-01,8.634548992086257813e-02,4.651434253251151563e-01,3.333834546462401960e-01,2.494655823105847159e-01,9.535733919521497404e-01,7.203196604603820941e-01,5.456128148114102183e-01,6.847493914115746483e-01,8.201254331410574583e-01,6.932978239495425354e-01,7.402490618094130781e-01,7.480075348992512030e-01,1.245984398888763667e-01,5.347320149042854576e-01,-1.289437169536147842e-02,3.352285491205637680e-01,4.748058565220829585e-01,4.726478162605158850e-01,7.459372469368740211e-01,-8.315257640704470932e-02,-1.192420036443916503e-01,5.934490406235675142e-01,9.947078156224613554e-01,7.095810366013572956e-01,4.400447712861851879e-01,7.320888081306748951e-01
6.125142383778916511e-01,2.284061519391442779e-02,5.388113550226287796e-01,4.598241896354792746e-01,7.349431912105105491e-01,8.128327813793216894e-01,3.016381317408003970e-01,0.000000000000000000e+00,5.132907346392738823e-01,5.589801602351567311e-01,7.187851999449489382e-01,4.900148085099723660e-01,7.475956822304197225e-01,8.482686490921254041e-01,2.880681888243393773e-01,5.859061443583601925e-01,7.019204726828560670e-01,6.644695615165178149e-01,6.122321423449178512e-01,5.994115239152092434e-01,6.755301620617091274e-01,6.990077633316535977e-01,6.541792053992195877e-01,9.951152527290947347e-01,9.982722954484054556e-01,6.643282583383203210e-01,4.863639809834507388e-01,9.600679337150050952e-01,1.439695958836556822e-01,2.583154955020341981e-01,4.752344034305204246e-01,5.078674678004732046e-01,6.573803270471167970e-01,8.337108291771603286e-01,3.303921521533239591e-01,7.410247117857147181e-01,6.906159804001175961e-02,7.988235513304287050e-01,7.380520502981380293e-01,5.971200711760473734e-01,8.320736483393256777e-02,6.609745801531132781e-01,6.306700395287315741e-01,6.341642449882206600e-01,7.653681226920010516e-01,7.932011940776834136e-01,5.389009485384956832e-01,1.703433448794080263e-01,4.345480278672318453e-01,6.586753819674739940e-01,2.678611843730002162e-01,7.888918970133902420e-01,1.433400535956623478e-01,1.529555712059370298e-01,7.828225735952734077e-01,5.524469767757642646e-01,2.900455256338962395e-01,4.544636924243554144e-01,9.198386075434882292e-01,2.344086970289586680e-01,7.819920854642862240e-01,7.287574646989052329e-01,8.159882165596958892e-01,6.893078979024341857e-01,7.831213252272486436e-01,1.387861944847300910e-01,2.274939872841278132e-01,8.223758142249195657e-01,3.176891454269445969e-01,2.362319570172486949e-01,5.626153122565586973e-01,4.881370248265086698e-01,-1.393892140196331675e-02,3.482406942617633505e-01,2.718526247320680045e-01,7.931061285080029943e-01,3.713009176756885132e-01,6.118125971780064010e-01,5.663837650712563176e-01,4.070211601475719476e-01,5.421164348222549112e-01,6.573479374008910359e-01,6.326857909766058219e-01,2.118542742101790499e-01,6.779636274101499271e-01
2.373446468578762902e-01,4.337660689188337915e-01,7.190812967095019381e-01,5.830369674750546238e-01,6.417689716134973299e-01,5.039521691604215148e-01,6.620037594213626919e-01,5.132907346392738823e-01,0.000000000000000000e+00,4.556767633235040416e-01,7.386560952876829456e-01,2.573433133855718147e-01,4.922908217579723966e-01,6.960580863223408965e-01,1.967769806770269803e-01,6.830470079150492424e-01,7.591415749295137294e-01,1.290114574397965286e-01,2.433626108788786435e-01,5.089038473705586041e-01,6.622517001616916588e-01,5.977505909819009755e-01,7.163391508234987493e-01,7.705558517805031205e-01,5.097107245916211449e-01,7.745240116141262066e-01,3.298047001744611739e-01,9.916787591716689221e-01,4.910974059104012291e-04,1.864704718109916337e-01,5.309073555045988879e-01,3.070407474137246684e-01,2.630452177700963734e-01,3.606342556489111062e-01,3.019772220112907357e-01,4.221523260646280473e-01,1.070364163577101346e-01,5.530297319167272185e-01,8.651064548619198380e-01,7.975837253794738624e-01,4.066035772032711160e-01,7.104401774687103543e-01,3.617752895502922006e-01,6.112962671599393438e-01,9.401724411272163184e-01,8.997017998257902383e-01,7.299204884402936688e-01,3.638874749533175801e-01,7.036109594079855700e-01,1.226638594089362044e-01,4.002044733716488834e-01,2.665275201751840517e-01,4.213732096928329285e-01,6.471507076751495946e-01,5.338044346166826992e-01,3.828338099503951764e-01,4.713457318546839803e-01,7.319985008441753926e-01,5.066239737629515405e-01,2.206144094456805593e-01,1.660417001175530372e-01,7.246205221701585986e-01,3.390309110177127105e-01,5.649497806168538583e-01,9.328006830016473128e-01,4.798789287293180328e-01,3.132774219504523283e-01,8.232182275580239850e-01,5.884873604153182391e-01,5.114497477850991070e-01,5.945518366237809715e-01,5.146358423445899222e-01,4.481091967212931793e-01,2.505309437729110189e-01,4.676513733579480969e-01,9.883410764072999566e-01,9.565024536990368587e-01,3.130088067616797476e-01,3.426347376983171489e-01,2.073704734633054769e-01,7.801258584622692283e-01,7.697001523153763625e-01,7.848825605169871267e-01,-1.045571928045732624e-01,4.329835539894685836e-01
7.480951048007177251e-01,8.435134782888599192e-01,7.979880711787070702e-01,7.964795631681688137e-01,8.792606411973448166e-01,7.775712198738031766e-01,6.288914955176703181e-01,5.589801602351567311e-01,4.556767633235040416e-01,0.000000000000000000e+00,6.236475229123105146e-01,4.257872017847776913e-01,9.344732628985120693e-01,9.585498622361936505e-01,4.792020761276345464e-01,7.159679301598892431e-01,8.797406190844363483e-01,3.839697319629995498e-01,7.532167369357993802e-01,8.967150667537503450e-01,8.229103981606987750e-01,4.665546066744997722e-01,9.123920140035448600e-01,9.533818082937537408e-01,1.921294167217579563e-01,3.200660971502475305e-01,4.075827072246676064e-01,8.892088839908147690e-01,6.368634235149266409e-01,5.686604657798423057e-01,2.485529370898622026e-01,4.178348563070580779e-01,6.036880804227919839e-01,6.247803002066140143e-01,5.558782521779589425e-01,4.366969962084132906e-01,3.460365270861814335e-01,7.148299046174645399e-01,2.826101086674513430e-01,6.274904247056444229e-01,1.726505615646348746e-01,2.412567065794697929e-01,8.051669175826361435e-01,5.973434037503633220e-01,6.156178937420136998e-01,7.356869124445443164e-01,5.813240217301359758e-01,4.860297322186407643e-01,5.588875035157765403e-01,5.904382534659086135e-01,7.623725665451146494e-01,8.029506228890680442e-01,6.752244957003925574e-01,2.210953329102683940e-01,7.465872633672259173e-01,6.787060537421050199e-01,4.942977464207434779e-01,8.559723806254667666e-01,6.956335303468159648e-01,5.647517661097533059e-01,-8.735923649081295261e-03,2.615759358383736299e-01,7.192657676216610563e-01,9.563840606268758648e-01,7.548487252775220036e-01,3.771464031352549373e-01,7.088691193707750138e-01,7.692750641601272532e-01,4.054094702696014463e-01,6.882082668836360106e-01,8.043250809438219351e-01,4.320548836594250153e-01,6.902154932225953443e-01,2.083868472300189345e-01,4.851084129534627420e-01,7.012138462321951815e-01,5.748608538614108365e-01,2.662691811770446226e-01,5.097726850609962668e-01,4.512845810277276160e-01,5.359358472462019130e-01,7.710944643938253407e-01,2.058358185175145905e-01,5.075016959896062607e-01,1.235557269671287983e-01
4.217061870364101628e-01,5.240021961295673325e-01,9.315232602566340114e-01,6.713845878538790002e-01,7.621146837714459776e-01,4.737383047695076232e-01,3.319015348596191517e-01,7.187851999449489382e-01,7.386560952876829456e-01,6.236475229123105146e-01,0.000000000000000000e+00,4.029161031792636294e-01,4.644971292693200748e-01,8.497277976305536162e-01,8.980218226869920439e-01,8.856225385270346528e-01,6.224583252821999091e-01,6.127890884689096707e-01,4.366530752230440848e-01,8.875662517919967742e-01,7.173157532408999115e-01,3.960204883335319836e-01,5.416770511840031110e-01,7.594199539496181428e-01,9.916156370694000355e-01,9.226418994200977775e-01,6.011169487306022852e-01,6.184745902093632397e-01,2.694115512283310476e-01,6.280741790135372371e-01,2.997296484997590826e-01,4.364303728764434842e-01,7.064653534437433935e-01,6.483140145565668977e-01,5.067667516468986610e-01,2.625445508647138992e-01,5.389177536833984483e-01,3.927280343579901412e-01,8.250788737279720619e-01,-1.968663942976423831e-01,6.952734573870628099e-01,7.031578882598810143e-01,5.143162087377587399e-01,6.038695191423993913e-01,8.136417121057647472e-01,7.528159463248402794e-01,8.433507630712058223e-01,3.836556517990727944e-01,5.295704257665370118e-01,5.163322423883903722e-01,7.722340453659135573e-01,7.115471091231805323e-01,7.493029620986672024e-01,3.688818415596171185e-01,7.267078696043275388e-01,6.214074008317005404e-01,5.337929657017461693e-01,7.017443413302973942e-01,2.357701933569153474e-01,3.574827860881248931e-01,2.368290692955284105e-01,6.260446523433990107e-01,6.562028152608381237e-01,6.952038722305520224e-01,2.836373586019207971e-01,6.617657916258248285e-01,7.363722465828134167e-01,9.370740781761347504e-01,2.610980979182003781e-01,6.093813912783805353e-01,6.332099121190488678e-01,5.656402365981038072e-01,4.079821033386702989e-01,4.298047848404978333e-01,-7.093083206925790418e-02,9.458837615604189786e-01,8.445108381023600508e-01,4.234068065366438094e-01,7.693033800716290171e-01,2.117444002995358954e-01,2.868146221309481048e-01,6.125960922194697567e-01,6.130351051691719233e-01,5.157500352017289069e-01,5.229163532529107483e-01
6.647891279257267527e-01,1.723888422421243627e-01,8.432988937625935932e-01,6.499200659627227816e-01,9.861654246311523098e-01,3.062608727504638750e-01,9.142751482977742317e-01,4.900148085099723660e-01,2.573433133855718147e-01,4.257872017847776913e-01,4.029161031792636294e-01,0.000000000000000000e+00,5.970133095802354628e-01,4.605142248896251234e-01,5.068438184343773134e-01,9.745053387788026322e-01,6.696115437332081921e-01,7.357444589789352563e-01,8.482500848565904805e-01,6.765587685645944038e-01,7.739631823737972427e-01,5.197056687624309612e-01,6.278639720561098869e-01,4.362529703757252464e-01,4.437304613414897458e-01,4.112605690101510114e-01,8.186338940603899994e-01,7.528516315553955840e-01,2.143983628469182945e-01,6.701117914738442538e-01,3.328237845055649347e-01,4.467103703795459180e-01,7.683181184299182620e-01,9.131368291166849227e-01,7.242780804170885212e-01,2.929065056332386119e-01,5.582198318637535683e-01,6.192602979133362551e-01,6.622012506437924273e-01,9.716945448237807037e-01,7.110233677008871434e-01,8.704218969055581567e-01,7.202300424867826845e-01,7.695758082806311018e-01,7.269867605032087621e-01,5.553842960713938348e-01,7.121444439983874997e-01,6.658542027759664084e-01,6.765184833044874946e-01,4.863620865315269604e-01,6.735214846143802170e-01,6.003040496774504353e-01,4.868472068782793150e-01,7.851593186298853055e-01,6.788913267130174400e-01,7.300401775196779797e-01,5.191368204341177961e-01,8.885091523234502908e-01,7.769713521480827723e-01,7.820242520424935950e-01,4.906846519679651242e-01,1.887442022988951862e-01,9.229125214095561525e-01,9.265036636892208799e-01,7.225907779374772799e-01,3.758219684384516146e-01,8.762165508323872531e-01,6.789366557453588857e-01,3.343557534067551767e-02,4.373178901029958765e-01,7.342653798154734623e-01,8.670117813655410233e-01,3.730074623688063307e-01,4.120237988129490381e-01,5.798410147791290825e-01,2.260689737214273964e-01,7.842970611503149447e-01,6.986902610460106189e-01,5.199119179163674137e-02,1.001161380972161452e-01,3.885722288969513105e-01,7.801351664226081617e-01,6.141595812244172725e-01,3.657360677898341406e-01,6.656817753015138450e-01
8.005532995044279954e-01,6.429075335437913763e-01,4.367420113261676340e-01,6.589739139644228416e-01,4.445074538788055807e-01,6.533498721569941381e-01,7.428728655427150329e-01,7.475956822304197225e-01,4.922908217579723966e-01,9.344732628985120693e-01,4.644971292693200748e-01,5.970133095802354628e-01,0.000000000000000000e+00,4.630514160729283235e-01,6.511891445126196665e-01,7.086169138258285871e-01,6.174567839157909521e-01,8.447298298953023199e-01,8.421656165669711980e-01,8.074321324637461217e-01,9.509709851445116158e-01,8.106720236100160015e-01,5.566022030704432799e-01,8.318912492506741474e-01,2.111244525225174640e-01,4.710771242168783068e-01,6.672581894266966795e-01,6.129193773561257830e-01,5.442851914132458280e-01,-1.758220987704617322e-02,2.752892315170034632e-01,5.727367107025835846e-01,8.777935548183475323e-01,7.016179855359030437e-01,7.656372302347573822e-01,5.848310487042034378e-01,3.902917060816483152e-01,5.479202563474980803e-01,7.365467102170709657e-01,9.297421623984256644e-01,7.336037751740192014e-01,7.817798467288876729e-01,7.000354587814453522e-01,5.048171235141692970e-01,8.006822650082320303e-01,6.119852047330754941e-01,6.711357582461797699e-01,2.142645404078589721e-01,1.068183768434068787e-01,6.539113714846894743e-01,7.031389821022556719e-01,9.815105168931858026e-01,7.321475885399202355e-01,4.673565743697892794e-01,5.994517748061081175e-01,7.963864525226960200e-01,7.720756691419166096e-01,5.852690802421641747e-01,8.924404430457885118e-01,3.110371464133122599e-01,2.762208582934311263e-01,8.613341876827856902e-01,7.792801453513151788e-01,6.732082369316112480e-01,8.553487245671654859e-01,9.872347431300450005e-01,6.565409532983712548e-01,4.776551724159100454e-01,1.379187271149670824e-01,5.847562643507882019e-01,7.245103600337340355e-01,6.183967587324122883e-01,3.392845426406714271e-01,5.688347451961180967e-01,3.189743867359517981e-02,8.709878099865222545e-01,5.919071224938514675e-01,7.027713162344499942e-01,2.042518239913260203e-01,5.053731284897702292e-01,6.719359536978348757e-01,6.095513325653819647e-01,5.578182322352895905e-01,1.303425301178095519e-01,6.114215643920226650e-01
9.874503724062794197e-01,6.784642098588491432e-01,8.354272782305023348e-01,8.171039758032541123e-01,6.244933770938423390e-01,9.646476516949400448e-01,4.490855806863778832e-01,8.482686490921254041e-01,6.960580863223408965e-01,9.585498622361936505e-01,8.497277976305536162e-01,4.605142248896251234e-01,4.630514160729283235e-01,0.000000000000000000e+00,9.620156958042409556e-01,9.198479810466083650e-01,2.509733020978552331e-01,7.436620566227551965e-01,4.996254998022406912e-01,9.849462372053831016e-01,5.493255977890854069e-02,9.596720723353455718e-01,5.325951599312586104e-01,6.141957704620492065e-01,2.237621161386421087e-01,8.878054556362465766e-01,9.302857056008055903e-01,2.981442912404408396e-02,4.148733835636045364e-01,7.028580651521854072e-01,2.515140930517301698e-01,5.654468978283068159e-01,8.810060595196952393e-01,4.253629408225801344e-03,7.953468860461576639e-01,5.367701566530385104e-01,5.379331803056085493e-01,4.654057843323016197e-01,5.434421923131340648e-01,4.277766628471205701e-01,-3.877135022211764537e-01,6.853638820832945733e-01,4.451302458101603632e-01,6.348407581757030682e-01,8.420598110342052411e-01,7.297637473822364829e-01,5.121765768822408305e-01,8.946869896467521954e-01,4.469134720287676887e-01,2.591644419484990802e-01,6.090818749379949271e-01,8.851587402764508061e-01,6.096215249357931354e-01,7.858415156455823558e-01,3.790342380380136156e-01,8.989064636260004626e-01,8.791008582048106534e-01,7.161248689533471490e-01,9.700108185094042934e-01,3.336632075966844413e-01,4.626154539252839148e-01,8.097184738677425386e-01,8.224833782767265733e-01,3.296059177479153668e-01,9.001968471993037069e-01,6.390512266383649997e-01,8.584293709280723661e-01,7.890577126350752923e-01,6.067557857420988743e-01,6.114109412131988330e-01,8.415981883206637981e-01,9.404566960222157102e-01,5.429415919002729130e-01,4.082110043733477855e-01,1.909053082544885371e-01,4.294998882011381580e-01,6.834814312317630813e-01,7.475218877220540792e-01,5.921985759823714668e-01,2.167399618450399634e-01,9.950153197714152187e-01,8.952641963569589745e-01,2.415592229610881436e-02,7.703109940139586387e-01,7.302557270142169266e-01
6.746654299182646142e-01,3.676535195470214124e-01,9.417015149957010944e-01,9.603815779571135414e-01,7.238919971370527673e-01,3.030811672598596740e-01,6.862124585994006098e-01,2.880681888243393773e-01,1.967769806770269803e-01,4.792020761276345464e-01,8.980218226869920439e-01,5.068438184343773134e-01,6.511891445126196665e-01,9.620156958042409556e-01,0.000000000000000000e+00,7.501908144518777410e-01,7.313292895813050531e-01,2.352437819901488647e-01,7.721236628583616479e-01,4.963089802356224212e-01,6.670183672348293236e-01,4.611012471141586744e-01,2.693705417357364351e-01,7.569412795612638911e-01,1.605660786339599133e-01,6.744404066542104559e-01,9.543939996802951464e-01,6.750888683076505803e-01,1.744799877047122361e-01,5.508099093981814187e-01,2.061924844306210480e-01,6.143849406814544389e-01,6.754919741794725985e-01,1.960639722471167051e-02,4.971188434047908999e-01,6.506918411818275461e-01,4.413232299142397924e-02,3.768610011367244939e-01,3.537477891696417798e-01,7.164045892714772101e-01,2.794659769988855347e-01,5.250027870662580254e-01,6.944051544055575009e-01,7.546635361559433930e-01,6.464162300010724005e-01,5.286671949227105261e-01,4.010563469603437015e-02,2.729280139595154919e-01,1.046329645959679921e-01,7.717329103095649234e-01,7.499899488165996386e-01,6.479665916594090636e-01,9.430188043436004142e-01,3.813254594901303030e-01,9.944906865792628725e-01,4.841553829061419068e-01,3.467486944401930726e-01,4.396742876147859413e-01,7.545718884164033247e-01,4.209482666263528738e-01,6.648514689021132185e-01,5.418888965963626347e-01,5.471651767224990914e-01,9.760098129963112878e-01,9.927147678230960892e-01,7.237867003047401271e-01,2.883440471010920159e-01,8.503510264316858080e-01,4.020212185300381935e-01,6.767253233593816253e-01,4.821024778777263098e-01,-1.368538734417092395e-01,4.445339989357688371e-01,5.672723666603464165e-01,4.839328031572074362e-01,4.219297237128596945e-01,4.603746903859102235e-01,2.270551256502702231e-01,5.015164257982083207e-01,4.935130676968137453e-01,6.628215905615391090e-01,6.275287033658172309e-01,6.434331745099315381e-01,2.293194194260579910e-01,4.546317197234669982e-01
3.559208186035908161e-01,6.546702014155436622e-01,6.876126448319783702e-01,5.571674048884511787e-01,5.592952829523725189e-01,7.422777071561691420e-01,2.815535514920138316e-01,5.859061443583601925e-01,6.830470079150492424e-01,7.159679301598892431e-01,8.856225385270346528e-01,9.745053387788026322e-01,7.086169138258285871e-01,9.198479810466083650e-01,7.501908144518777410e-01,0.000000000000000000e+00,6.927111272039376821e-01,9.853249380039050820e-01,5.213681252966391177e-01,8.511468976571373579e-01,9.048718785989535718e-01,2.910588699583595007e-01,4.106686187913648478e-01,9.154997073038516620e-01,6.857549433574956499e-01,4.921707897398684417e-01,7.095073078242207787e-01,7.906507832608992148e-01,4.883074669663916567e-01,1.469748835004285048e-01,2.005896801263412910e-01,5.517057353628928018e-01,9.026931399430458969e-01,9.565592053613698742e-02,1.877426580810767076e-01,5.838615477066868564e-01,5.420850248076927169e-01,4.361437615450450833e-01,8.262387577728393939e-01,8.722669575082898641e-01,5.691179059002122731e-01,6.418151905390652168e-01,9.007941181790449781e-01,6.775292103907335495e-01,5.627559439824755261e-01,9.028170901827384798e-01,5.385968017441633560e-01,7.218516245571185985e-01,3.885725845504018339e-01,6.352925558443275333e-01,5.012922407161568561e-02,2.348716403456659052e-01,9.220999813962384994e-01,7.999394597213881353e-01,4.143328301745255460e-01,3.041971301419787999e-01,3.829054358205324915e-01,7.223463687424482860e-01,4.684629512620428482e-01,2.319582677523267245e-01,4.639279964576800142e-01,4.470829133615565332e-01,5.607736827395912727e-01,9.049022590695834367e-01,8.365894388992860531e-01,5.653934137013059136e-01,6.592857413114141529e-01,8.349754836177183392e-01,7.906062704615464121e-01,7.650040506381161620e-01,7.538487398771687165e-01,9.301396585810594031e-01,9.242936180547578484e-02,4.192026819933116766e-01,3.281353419659471804e-01,6.771765778873148900e-01,4.049717759449532051e-01,6.401060799145440461e-01,9.555557517785258359e-02,5.436090963209353477e-01,2.942821731083566927e-01,9.767887466505139615e-01,9.821344388678403536e-01,3.262423242635236198e-01,7.073624004270956389e-01
9.252599456955667989e-01,6.963512003689973362e-01,6.953218213381257007e-01,8.421391255071761783e-01,2.199951795533522936e-01,6.329356097064773312e-01,8.129239496316158498e-01,7.019204726828560670e-01,7.591415749295137294e-01,8.797406190844363483e-01,6.224583252821999091e-01,6.696115437332081921e-01,6.174567839157909521e-01,2.509733020978552331e-01,7.313292895813050531e-01,6.927111272039376821e-01,0.000000000000000000e+00,6.620048386150765296e-01,-9.248519838117746916e-02,7.737974776207521277e-01,5.260243568702061001e-01,6.272594760275407300e-01,7.168049405386335282e-01,8.506519550138663677e-01,7.440164693540766150e-01,2.243189065530838411e-01,2.957949380827677999e-01,2.093121208877208317e-01,5.964467971709235261e-01,2.665809045154950985e-01,5.562028713904558774e-01,4.790864515878540120e-01,5.150852455430414700e-01,8.060559973082053187e-01,6.211829090140257303e-01,2.241544170033150096e-01,2.445480251097433833e-01,6.310313748989048177e-01,3.340999136560069416e-01,5.265508910993675906e-01,4.783720643671122708e-01,4.201555652140666064e-01,9.054079238060375179e-01,6.181372686901336344e-01,9.929555288989052597e-01,8.961832475465994485e-02,9.993534339314315007e-01,6.386541401781637983e-01,4.391547679705485319e-01,9.031017036326121072e-01,5.234609331090158690e-01,6.002887254720155052e-01,7.100429803761864056e-01,6.971794817150901435e-01,7.241015717364033266e-01,3.758950632767106281e-01,6.307540580117306783e-01,5.622627375433872920e-01,8.932325544166606068e-01,1.773058155548713488e-01,5.485645511307336575e-01,7.383630189185823589e-01,7.717644033230570688e-01,4.459390939879597782e-01,8.264702828052017392e-02,7.730186178138165332e-01,8.159390305141768218e-01,6.291933879464217672e-01,4.777617212638515243e-01,7.841819325159491427e-01,9.606643860213843755e-01,6.339866954227767470e-01,5.990972353213900314e-01,3.526105246043081953e-01,4.801208022214915050e-01,9.068664344867084504e-01,7.946223215708898557e-01,4.418239128245243230e-01,2.889407459244037746e-01,2.459176936862816076e-01,9.712761750032610220e-01,7.128680867025651846e-01,7.947432599052802749e-01,4.323128285823985006e-01,8.000627238993768264e-02
7.319158915269169396e-01,7.253766122325088217e-01,7.579892309142777229e-01,7.923580313930060903e-01,4.328680077701057421e-02,9.147524273295896124e-01,4.070348377352177027e-01,6.644695615165178149e-01,1.290114574397965286e-01,3.839697319629995498e-01,6.127890884689096707e-01,7.357444589789352563e-01,8.447298298953023199e-01,7.436620566227551965e-01,2.352437819901488647e-01,9.853249380039050820e-01,6.620048386150765296e-01,0.000000000000000000e+00,6.038512710240671044e-01,7.704619778729348001e-01,4.527356736114773739e-01,5.108266978084143872e-01,7.594392308915224321e-01,5.539685765951527507e-01,5.981534773922072556e-01,7.139655589694317017e-01,5.883263078170113403e-01,5.377268228403900840e-01,5.277637332401545756e-01,1.908842040961183928e-01,3.376715707544261091e-01,6.191931689331904298e-01,6.811722111418007097e-01,7.755405717427810153e-01,6.337096023276805878e-01,7.593133792989642528e-02,-4.326445891092511875e-02,2.933363905502388638e-02,8.400631146266132054e-01,5.634701802400831072e-01,2.303560366139308924e-01,7.354803395265555599e-01,9.345070237171597682e-01,7.243617063575406023e-01,6.844651594511365067e-01,6.344309867266024749e-01,6.422304848406504840e-01,6.567564903703259072e-01,4.436384680915833045e-01,7.273131548496869492e-01,5.165669450816418040e-01,3.885579989030542025e-01,5.652417320678415624e-01,7.224538270961352593e-01,5.500267794779460928e-01,5.991391951933346949e-01,1.482217912395385473e-01,9.508497806380894479e-01,6.201945393745552648e-01,2.458388354505982032e-01,4.406478128600210264e-01,6.052331083585589244e-01,6.271088781570498538e-01,7.686154007324713655e-01,5.611993136607512644e-01,4.244343210276522171e-01,4.922588887569965405e-02,8.488207392079284430e-01,4.357326235891466615e-01,6.191968464298450714e-01,9.327344107169140974e-01,7.453834077630789867e-01,2.114920617440821660e-01,-1.966973482237978632e-01,1.257509766399201590e-01,5.487641764217621176e-01,7.017740086642386688e-01,7.014374593832686244e-01,5.385109399826548682e-01,4.049979551144455847e-02,4.497735179039492048e-01,8.053616078460457128e-01,9.377204852778131539e-01,5.956426199065972815e-01,6.908695053524775975e-01
