0.000000000000000000e+00,7.428791954388771490e-01,3.440848415958582818e-01,6.781568845795863387e-01,6.595381663929047455e-01,7.593889295364920633e-01,4.536076715035100571e-01,3.986269490508696500e-01,2.738266856981948494e-01,9.635806665393551462e-01,5.170697800433128322e-01,8.476313590024955325e-01,7.349920495316529800e-01,8.847206380781656998e-01,8.132731310864598218e-01,8.834209341136476379e-01,7.178645355608972434e-01,4.928056220086870498e-01,6.197190146608543282e-01,1.652577402750118885e-01,8.053048922311935032e-01,6.655703326357440552e-01,6.553962880705119787e-01,9.975095609369376559e-01,5.109723254710023532e-01,7.738455300661948311e-01,8.262996407285919664e-01,8.379427823284568699e-01,3.346913686882727057e-01,7.600467268681552202e-01,3.783019196564336162e-01,6.774946784825603974e-01,8.077710200348369174e-01,8.614688436030967233e-01,6.735204916460417746e-01,4.173591033060443101e-01,2.097244344963533624e-02,2.921270145674162433e-01,7.423675150810322698e-01,9.437418837846069941e-01,2.587363396171336594e-01,7.847011251198540149e-01,8.476341956650642606e-01,6.010690517806782651e-01,6.813543091398013285e-01,5.924285505331206014e-01,4.889814215015840237e-01,6.678447334572330529e-01,7.773672491843321986e-01,3.622923884584610121e-01,7.081775223962940569e-01,7.998270696994211892e-01,-1.929958408312535956e-01,5.635270353227704865e-01,9.656151393533776162e-01,7.715814288863103165e-01,8.845249795558332018e-01,1.530710655968516888e-02,2.163194022725562771e-01,7.098750383238758843e-01,6.902101904818357392e-01,4.787930309839389942e-01,9.210402419146095365e-01,8.043867405635329870e-01,8.955733763801650982e-01,6.613501139579551769e-01,5.048666384335882551e-01,7.716205707316408091e-01,7.215340076208944797e-01,6.061302802612470453e-01,3.995830575024652553e-01,7.550049529774912616e-01,3.598584811845076947e-01,3.442266306115454588e-01,3.821603336445564825e-01,8.429148324739592635e-01,6.991925329212789197e-01,4.244422350672388822e-01,4.001436774797881291e-01,2.087343293459319182e-01,8.956038438117507328e-01,4.503706962021355453e-01,8.646723285158782746e-01,1.088129145164116046e-01,7.751266926653006539e-01
7.428791954388771490e-01,0.000000000000000000e+00,9.595431336898960772e-01,6.706066555548306773e-01,5.742188161311572170e-01,3.290438298716658050e-01,7.126453203123725988e-01,4.710167951272171694e-01,4.105952624369069159e-01,6.725738597750052783e-01,9.581586004982640681e-01,6.386368997796297853e-01,8.318107422466451961e-01,5.183775787031983384e-01,8.526361119348815354e-01,-2.078214160055513737e-02,5.523058595923364678e-01,7.129478266747333315e-01,8.881046972269218687e-01,5.580343467320537654e-01,8.816765922974319214e-02,6.445916924000401060e-01,8.029435782999314597e-01,8.556039517200120237e-01,7.621921824179460625e-01,8.479313230762726139e-01,9.983524826170705468e-01,3.885741072650854555e-01,2.169351186066712789e-01,3.957076009893079060e-01,1.449636150538954060e-01,3.022232118618962682e-01,5.697354034293288239e-01,5.918153713270073446e-01,7.161798117975312072e-01,2.906593347261854920e-01,-2.749197886597232188e-01,1.150074260467053855e-01,3.591699542528967726e-01,6.368907331652899906e-01,4.066231733112322111e-01,3.171978924525639676e-01,6.384030461852496785e-01,-1.327354439477743675e-01,6.942110857070054042e-01,7.657526682594026912e-01,6.497489068037962667e-01,9.082786031687719586e-01,4.333960260980141976e-01,6.648934890467644854e-01,5.294866844230348146e-01,5.812718785174013636e-01,3.431492994606505365e-01,5.169601616305850023e-01,8.713666643391421163e-01,5.708976243183845334e-01,5.326210805983091490e-01,6.227887808673101544e-01,8.446770764226216865e-01,4.309094521238665543e-02,4.180857920671423589e-01,5.323923049818546360e-01,8.004133977257754662e-01,9.497245379035171853e-01,6.629515877769551757e-01,8.607970321691849058e-01,5.576834793302119092e-02,5.038659130814140408e-01,7.935205411481136561e-01,6.271126417433571243e-01,7.239493523187882085e-01,9.894772281202223185e-01,-1.135550452163654744e-01,3.652466624015132668e-01,5.073251306721514586e-01,6.331256854773984477e-01,5.778572918476641007e-01,3.295522729921520622e-01,2.369886477368667588e-01,1.143197165263689641e-01,6.355558977201244408e-01,2.685041102514222899e-01,9.150969243866631242e-01,6.453918403677959548e-01,8.100861751762336027e-01
3.440848415958582818e-01,9.595431336898960772e-01,0.000000000000000000e+00,4.451720844720651882e-01,7.544472963758962480e-01,3.756519988681907840e-01,6.698995914968014498e-01,9.183998958467909368e-01,9.042600833128636717e-01,7.835162251180258774e-01,6.569215811212381073e-01,6.346799271854272062e-01,3.924717625169850121e-01,6.110648361257351446e-01,3.287657876551003389e-01,9.555724821138933400e-01,7.241394334211581629e-01,9.768986487112814032e-01,3.985447811121049511e-01,9.460000615673740398e-01,2.005081595292919072e-01,6.279745254711621705e-01,6.592660257566214099e-01,8.333579489395841478e-01,7.215247918157224882e-01,6.154283835720417706e-01,8.892090982312983449e-01,2.507938450563907962e-01,5.953497111507051187e-01,2.040815282811332954e-01,5.976846994567011073e-01,6.887337316457081693e-01,6.185277749426598692e-01,9.239807215882200886e-01,2.215933250329360782e-01,9.666903045799713975e-03,7.057604888242688945e-01,7.161060861784283027e-01,6.099708709757030167e-01,3.561592539933402524e-01,7.137260394738941249e-01,7.777354759714862897e-01,6.960009648216403111e-01,8.219590920491099961e-01,8.914038052425234948e-01,4.463292640798080524e-01,7.559864200650500132e-01,8.072601786309873129e-01,6.349170888148565339e-01,9.729973181884977729e-01,7.519262272387605694e-01,7.066611409987473280e-01,7.677239079745651340e-01,8.852382087684697032e-01,2.197374319482433835e-01,4.593748855670025666e-01,8.013641071400807725e-01,9.406365300846276645e-01,7.906998613849873792e-01,4.344513313635334217e-01,4.267549230534023463e-01,7.555126840080100825e-01,7.325663073861354846e-01,4.010262711493949306e-01,9.325426888743804099e-01,9.931337837149507575e-01,9.013496505707032647e-01,8.814249861163557798e-01,9.052493106567487402e-01,9.431126338798628828e-01,6.302979651441698028e-01,3.567787172323644840e-01,5.416844348486456184e-02,7.537792304644614916e-01,8.667470719796461776e-01,2.907376155179872690e-01,7.745043729919223185e-01,7.288252734133360278e-01,5.257226035743786108e-01,2.111784325850113719e-01,6.750910815095552131e-01,6.064653818286944720e-01,8.441028537441535029e-01,6.078531927142811764e-01,5.726067779693159165e-01
6.781568845795863387e-01,6.706066555548306773e-01,4.451720844720651882e-01,0.000000000000000000e+00,5.513444384459753600e-01,7.251260797372365285e-01,5.469139331638076529e-01,5.875626592742566601e-01,9.175611646574649560e-01,5.415229663767475721e-01,7.627620388597686762e-01,8.255077605958729969e-02,9.014878524759745160e-01,4.455372716315648129e-01,5.774644444039632729e-01,6.510863243063541583e-01,8.654247165117290308e-01,3.343404709618389425e-01,4.184611943201664852e-01,9.324715982310077811e-01,4.524919564784133375e-01,5.123137649397779825e-01,8.062774012525294465e-01,6.065992749889727031e-01,2.668105798061107259e-01,6.860059799594604435e-01,4.705215288278046248e-01,6.395286423146282484e-01,5.544037868945753678e-01,4.563593395758929749e-01,-1.156115570274754284e-01,5.695039120178618797e-01,8.824912014406138816e-01,5.199867913323716895e-01,4.370566461094315125e-01,4.534936938562876274e-01,1.290159103899926885e-01,-1.404337293822818800e-01,7.478197668845060209e-01,5.290209333065729602e-01,2.776360181287071405e-01,6.724781023389672097e-01,6.790352984005174619e-01,6.001078787029439088e-01,2.384517686515529866e-01,4.337076210380096941e-01,8.070878629810405158e-01,3.319503969232702745e-01,6.971529573316282979e-01,3.043136621136899311e-01,9.491046586815879982e-01,3.421151652497354534e-01,6.427154254259885846e-01,9.434472742742385787e-01,8.998517519462658765e-01,9.730200566946288765e-01,7.053453322826150895e-01,6.862959506143540001e-01,9.083847764797137181e-02,3.907717951379497956e-01,5.166049793022644554e-01,7.061435455990116017e-01,9.813336971947358434e-01,6.104301141665904318e-01,9.319436415353845593e-01,2.473069261369704175e-01,3.360558822612756957e-01,9.825451146237226263e-01,6.544159666112610019e-01,5.645988483910602262e-01,6.557027859705084616e-01,6.213085956021042744e-01,3.744457263682101633e-01,1.787562280300224460e-01,3.868078649555798942e-01,7.615797905024855874e-01,4.936072616716946637e-01,6.197271214866413303e-01,3.523455809804619809e-01,4.942263178248695876e-01,5.758509568425456138e-01,8.235209369293101656e-01,9.827220648031637085e-01,3.444956285358453663e-01,6.107999165550469511e-01
6.595381663929047455e-01,5.742188161311572170e-01,7.544472963758962480e-01,5.513444384459753600e-01,0.000000000000000000e+00,4.492889075833825241e-01,6.212703192553781228e-01,5.129672564433945814e-01,6.046777116892233517e-01,9.240776415870713412e-02,6.949792449963565488e-01,8.218398480022877095e-01,8.496226494385239469e-01,7.140951986755285086e-01,3.795515420329879097e-01,8.510598377786018354e-01,4.714335212510671891e-01,6.725766050418081621e-01,4.650682159357372725e-01,7.579732932077329899e-01,4.812518369428381293e-01,4.674790807809098836e-01,8.033415702124235835e-01,7.415266840558067951e-01,7.310962620614951391e-01,7.523564267587351528e-01,6.210724161567505730e-01,8.719530988106123370e-01,4.563623037853234976e-01,2.868840336196613050e-01,5.855154955421827401e-01,2.269886074946615429e-01,6.726082611790384913e-01,9.011354684374967006e-01,9.210668193425316508e-01,4.604945565872283764e-01,5.302047958780998771e-01,7.274711706834664504e-01,9.225139478926950298e-01,6.411057155668309360e-01,3.252156329397728474e-01,6.838003472452319764e-01,6.893485751340320267e-01,8.219698198319873583e-01,8.963252113689630374e-01,7.036838112611923934e-01,9.831155458719448292e-01,7.789790717834670364e-01,5.386824813534633050e-01,5.237726243112174052e-01,5.683042423462209003e-01,6.931093319733164781e-01,7.935248908765299980e-01,9.532931585736255098e-01,9.371666654677881514e-01,5.007547264516900576e-01,5.940968994266546677e-01,3.323649255431083693e-01,7.841650647700261212e-01,8.188872851232277261e-01,2.601240231971386208e-01,2.067689519066390758e-01,8.365712897048982466e-01,6.894093180735448856e-01,7.428675429938292885e-01,3.033676745842362465e-01,7.464888723491087674e-01,6.118052161663695143e-01,7.759501682783955800e-01,4.700929656741488216e-01,9.935918393012821426e-01,4.003723398714595372e-01,7.451953381123846976e-01,5.850136687928859658e-01,5.351792966516839556e-01,8.261690620094239712e-01,9.784057606548230979e-01,5.349572814656848863e-01,5.869178255309227543e-01,4.575412958624183735e-02,6.950071793886291038e-01,9.162106980232522790e-01,7.975441768619091487e-01,2.672563167154349273e-01,5.064214088255767354e-01
7.593889295364920633e-01,3.290438298716658050e-01,3.756519988681907840e-01,7.251260797372365285e-01,4.492889075833825241e-01,0.000000000000000000e+00,7.251787711673933767e-01,3.325082847034510625e-01,7.244565913653817635e-01,5.428029384850177053e-01,9.842087072434310135e-01,9.313633560445794268e-01,8.787019918152932929e-01,8.597028113042839426e-01,7.240420967618086401e-01,2.400402914090770112e-01,4.381963418688119005e-01,6.312746508076020335e-01,8.010153178606326252e-01,9.416206329994837310e-01,8.618247425662667327e-01,7.316765297682863434e-01,8.703152339576851748e-01,7.184816478921733918e-01,8.188556222633982529e-01,4.845316206770052814e-01,6.301744560598905309e-01,6.086833712500775428e-01,5.176890929773362293e-01,2.661917169961811602e-01,4.342765873409240029e-01,4.535930249076106646e-01,3.148847553088870432e-01,6.813906384057948351e-01,2.567994828796302809e-01,2.563646004556036639e-01,4.144942259256029216e-01,2.003099426657170279e-01,8.147804470889192796e-01,6.430167936189414846e-01,5.925408207336479993e-01,4.676083070957196552e-01,7.178069772135459159e-01,8.433451741291191350e-01,1.545145809934656000e-01,8.041018783470654796e-02,7.157425665101797563e-01,2.773474330025690326e-01,7.311150604091615213e-01,4.002464259839417782e-01,4.757922437218431999e-01,4.160701623718793263e-01,4.568723267840530400e-01,8.320545721182901477e-01,9.593316157732110216e-01,6.262830284580458429e-01,5.061907904603504260e-01,4.029134430762277286e-01,7.573116677665180374e-01,4.746368860059365646e-01,4.318615596600920981e-01,4.531681376033295239e-01,9.052953034843342905e-01,4.643048030363143286e-01,4.341916162357722930e-01,6.510414194571940705e-01,4.679505182057097645e-01,7.699788873698070191e-01,5.208998994435833918e-01,2.140715010310279172e-03,8.430000733932030421e-01,9.185351096056652009e-01,2.606296672864528707e-01,3.305702628436379964e-01,7.034499228778974267e-01,6.331174933805596705e-01,6.283324083532052517e-01,5.761002489587024877e-01,5.703372403717901773e-02,5.981794924375614109e-01,4.746320927910300802e-01,7.509116283951983162e-01,6.157408280520740851e-01,1.459913384370807934e-02,7.912437401342495846e-01
4.536076715035100571e-01,7.126453203123725988e-01,6.698995914968014498e-01,5.469139331638076529e-01,6.212703192553781228e-01,7.251787711673933767e-01,0.000000000000000000e+00,8.248927174043220178e-01,4.651496921070503721e-01,6.751883078473489008e-02,1.908604881601575487e-01,3.176474967397465710e-01,5.871637144366128602e-01,7.157837642973856607e-01,8.798733813519642455e-01,7.605642141223615260e-01,8.891906241120719478e-01,4.084355541664950184e-01,6.631887485088007184e-01,9.281678421973991178e-01,5.731338581229727946e-01,7.832780626684108238e-01,7.962853667101105204e-01,9.840090413370150557e-01,2.827844523386642828e-01,4.226737011665960830e-01,2.440125629582823030e-01,-1.741837316490052467e-02,7.959399008294304467e-01,5.866564149567348174e-01,4.575849753876633508e-01,1.436722911181613840e-02,4.797694976313708337e-01,5.040452747508424869e-01,7.780695430502482246e-01,1.005011767662310068e-01,5.614020783228126366e-01,6.257188679879494009e-01,6.513799284589112393e-01,7.997514192676126177e-01,4.823545028728166151e-01,5.173151989832376341e-01,5.798638052378806140e-01,4.883949712765678908e-01,3.599814055034099569e-01,5.937369556749289012e-01,7.192209015063303346e-01,3.705164573071096923e-01,7.745825315339566197e-01,4.810514941254619981e-01,2.561474021019468639e-01,7.752068113706493957e-01,3.108645555263172544e-01,4.948499949012216126e-01,5.370959509374367835e-01,4.020127948162174336e-01,8.714584111808165723e-02,2.783823356531096027e-01,9.409155196910762298e-01,1.309330698157994410e-01,2.049409811346300236e-01,9.534854833718250378e-01,3.175968047620887358e-01,6.010778625003136977e-01,5.094422328089960317e-01,2.356850495051809324e-01,5.183804298546039746e-01,8.693313911985958153e-01,6.771816976208426819e-01,7.941715421930879426e-01,5.827517482888615596e-01,7.182786383166737121e-01,7.621257739993205771e-01,3.436658795966782837e-02,5.318586598189791737e-01,7.664282854975494885e-01,4.845218578381532692e-01,5.174825301501493335e-01,2.676917869603849254e-01,4.341765319864134831e-01,2.172833705608643862e-01,7.601827278447503833e-01,2.765747590406897882e-01,4.369847125372605667e-01,6.659826166375811818e-01
3.986269490508696500e-01,4.710167951272171694e-01,9.183998958467909368e-01,5.875626592742566601e-01,5.129672564433945814e-01,3.325082847034510625e-01,8.248927174043220178e-01,0.000000000000000000e+00,-1.505477843981281594e-02,7.005622499472007325e-01,2.771107415282220154e-01,6.293277589438027730e-01,4.105139037777761346e-01,8.139462201457753343e-01,5.387896362639197356e-01,5.530551813958793916e-01,6.520437924926421047e-01,6.732795082304590673e-02,4.519827670592998503e-01,8.985477138528121799e-01,7.810074753231744937e-01,7.945352293254108744e-01,2.827220151657783287e-01,9.787851916426821841e-01,6.570406281431138140e-01,9.351943971797865851e-01,9.395928909491365610e-01,2.599601065998679017e-01,4.976993023374702285e-01,4.756631918094159084e-01,-1.772466621326375114e-01,3.045615037352580878e-01,7.950091333570097341e-01,3.506071182420619214e-01,6.408028993307076648e-01,1.412174648045921577e-01,4.495192457842606681e-01,6.473345602463607129e-01,7.022445227507012611e-01,6.148934357103003068e-01,7.386452307051224464e-01,3.537164885928489877e-01,6.106257250292662642e-01,4.018657981978019378e-01,7.278193122435637763e-01,5.785254024456862876e-01,4.911443034416506093e-01,6.236278562138271031e-01,5.308326937743561569e-01,7.526762671173459207e-01,4.138138300542427150e-01,4.745182959590569238e-01,5.519054513722925215e-01,4.282685084081115368e-01,7.960939105774248459e-01,7.449313566347072202e-01,4.474750497777641445e-01,5.973888566246596810e-01,5.702265764830586336e-01,4.032004102679388469e-01,3.047838059539753064e-01,7.467214866701050724e-01,7.367653903560984485e-01,2.239088973550095174e-01,6.306717938034923643e-01,4.818222392198140414e-01,7.538770480752163827e-01,5.193125420155371152e-01,8.358763978309316500e-02,2.165758585268484637e-01,5.640554429114253976e-01,6.461149320365894289e-01,7.218670261408075550e-01,3.925784688828910518e-01,6.064452399165762841e-01,2.207946618592848687e-01,3.887064332055085725e-01,7.364624347217593181e-01,4.882685046278392171e-01,5.974962623495300162e-01,1.975377551243447105e-01,9.825280036038512854e-01,4.619806372369699710e-01,4.619080626515176813e-01,8.950354454557237771e-01
2.738266856981948494e-01,4.105952624369069159e-01,9.042600833128636717e-01,9.175611646574649560e-01,6.046777116892233517e-01,7.244565913653817635e-01,4.651496921070503721e-01,-1.505477843981281594e-02,0.000000000000000000e+00,3.943779694893705390e-01,6.469613941894510889e-01,5.060255945412969192e-01,8.328273012684295207e-01,4.595955708392625572e-01,2.049395619647727262e-01,5.260422090151695151e-01,5.664516219658702889e-01,3.726213090838493835e-01,7.791869725718201245e-01,6.834659235062402471e-01,4.255916944540643065e-01,2.401570370493541218e-01,9.467913530102014530e-01,7.229728793763599004e-01,5.596219335885870283e-01,7.722470565935311004e-01,7.934843703745698695e-01,6.628334329087012255e-01,2.258140966906431457e-01,4.967629256061614207e-01,1.717334902119001527e-01,4.377401649229027414e-01,7.568829334178157620e-01,9.665991431476080864e-01,9.303395874267206267e-01,4.296169397156866521e-01,8.142981170926273660e-02,3.050004282538318900e-01,5.406508144597071963e-01,8.813660290165040712e-01,7.293806340820161438e-01,6.658523327172464201e-01,9.696585824008144838e-01,7.386414500558071694e-01,8.030539104899160341e-01,6.164605175066607545e-01,1.804180115014807351e-01,6.823792941713408000e-01,3.426873855157174797e-01,5.727479808059798838e-01,7.996259826226868039e-01,5.010743305790905655e-01,5.032201950233194943e-01,3.677805951034173182e-01,3.688689620816587578e-01,6.704988268446592237e-01,7.941643272700622536e-01,6.561530305073293157e-01,8.686564245722825373e-01,5.319734685267013541e-01,2.948730322759983702e-01,2.543549649912006938e-01,7.475532830086349945e-01,9.876569774291822368e-01,7.272955385687558394e-01,4.917104688530530288e-01,4.315599893195064540e-01,9.575958812418312593e-01,5.265062872504646663e-01,2.635919956676737730e-01,6.372170759227641090e-01,5.820203087197034497e-01,7.906069722242836662e-01,4.579004045148874491e-01,7.262344832957228213e-01,7.313185515980866747e-01,6.979229956978664218e-01,6.083814823342459377e-01,2.538152616888196267e-01,4.223604168786121438e-01,5.663689463914994837e-01,7.542234041525940347e-01,5.696900808267186811e-01,1.606924491205040662e-01,6.812163470983412412e-03
9.635806665393551462e-01,6.725738597750052783e-01,7.835162251180258774e-01,5.415229663767475721e-01,9.240776415870713412e-02,5.428029384850177053e-01,6.751883078473489008e-02,7.005622499472007325e-01,3.943779694893705390e-01,0.000000000000000000e+00,6.659600357733822529e-01,6.559142941675988325e-01,7.917143094530695313e-01,7.552795992701555328e-01,6.441899813549698539e-01,1.223103673390310980e-01,4.555969162595568944e-01,3.192193032998006386e-01,6.504342640007768628e-01,6.926649948958281122e-01,4.405104334894373586e-01,2.615675723867062485e-01,7.787334838657776759e-01,8.836552722112476221e-01,5.510858716209326991e-01,5.165651327954691174e-01,7.079038042010400433e-01,7.542631713967882234e-01,4.939194613660429223e-01,7.984883359772493305e-01,4.216960759868857433e-01,4.456544730308339419e-01,2.822973820183073967e-01,7.586901575414833898e-01,4.051784726626309063e-02,3.735772347521510994e-01,3.602835910794042196e-01,5.927560337364879972e-01,4.759706811368365487e-01,7.027343487977211201e-01,5.669458304526807657e-01,8.447578432093008072e-01,2.541354285649618516e-01,6.073280689544259259e-01,8.994059019980490399e-01,8.770025736667528271e-01,9.105858384840131992e-01,6.627576940075334822e-01,2.030795420824049458e-01,6.245492247661325047e-01,6.043225309029398584e-01,4.895302262127087523e-01,7.669780672919918052e-01,7.031921346234963899e-01,9.823583790579246688e-01,6.667740954602021652e-01,7.790294432602574703e-01,5.067713218937575093e-02,1.452995545963055302e-01,2.406228799246010880e-02,4.984016673965014355e-01,5.753502261537490892e-01,4.655736612991154266e-01,6.175926514985287108e-01,8.205555279467353635e-01,4.687293993361691946e-01,7.998148247656644561e-01,6.181098389764583256e-01,1.306135522964461948e-01,1.728804698860730016e-01,6.525289517241171788e-01,7.590149499388950671e-01,7.685607057863865776e-01,3.049706834182766002e-01,9.161658540724642030e-01,5.111317419526553163e-01,7.086444140804920577e-01,6.178122652378559287e-01,3.541933463949081817e-01,4.870841857857874935e-01,3.208249476711370618e-01,6.131746642292145166e-01,8.328222248404362205e-01,5.622691856242294506e-01,5.872447406934271363e-01
5.170697800433128322e-01,9.581586004982640681e-01,6.569215811212381073e-01,7.627620388597686762e-01,6.949792449963565488e-01,9.842087072434310135e-01,1.908604881601575487e-01,2.771107415282220154e-01,6.469613941894510889e-01,6.659600357733822529e-01,0.000000000000000000e+00,5.522095888672557962e-01,5.318029727631270465e-01,2.672739963916550554e-01,6.883797592989485681e-01,4.158802705264403876e-01,8.896025150224929900e-01,3.242409846680616714e-01,7.290988781051531697e-01,6.489672409470585990e-01,7.289205751514854503e-01,6.123781711737907862e-02,8.850590803007218899e-01,7.003383652804627824e-01,6.951182087696509138e-01,7.257727435822746154e-01,5.987986871239576736e-01,4.830496165617557125e-01,3.982424198408055505e-01,2.635612984102169709e-01,8.192128462655284826e-01,1.470968629232499159e-01,6.077461616171039305e-01,8.479702642438564641e-01,6.302862222729138653e-01,5.046646068790814343e-01,2.693543003320108542e-01,7.548108786447947915e-01,6.632400160361805463e-01,6.837727184076612952e-01,2.675946087366262161e-01,4.004041641136829033e-01,5.505264261853419772e-01,2.225470021620193084e-01,9.904855455017209653e-01,7.351832915542240166e-01,5.269669034826178766e-01,9.319935521523015076e-01,1.285431425412249806e-01,6.437453879145975666e-01,6.667747547593889657e-01,6.030168755500235900e-01,6.882126231952395701e-01,6.739595231773318762e-01,7.657928831305343964e-01,6.283795768730050524e-01,5.555823081062285507e-01,2.483519852414393103e-01,4.315799550233980764e-01,7.257810727612675761e-01,6.007701763647645965e-01,5.760487313097990558e-01,6.080083738830549533e-01,4.063992535782907090e-01,6.373887573444044774e-01,3.200373677774921988e-01,6.389584189057635477e-01,7.649566746661379257e-01,3.149310706133009452e-01,7.573369491866541736e-01,7.228192600821913283e-01,4.103634080325012645e-01,4.224241285059801010e-01,2.856166095607216571e-01,5.033974248202398583e-01,4.682350992487505081e-01,5.633061221633792748e-01,5.302051834617865778e-01,4.904516198420969531e-01,3.308771656446862774e-01,3.125549787545631175e-01,7.158552981300772000e-01,4.630744307790716774e-01,3.419392311572952980e-01,4.707036890784673799e-01
8.476313590024955325e-01,6.386368997796297853e-01,6.346799271854272062e-01,8.255077605958729969e-02,8.218398480022877095e-01,9.313633560445794268e-01,3.176474967397465710e-01,6.293277589438027730e-01,5.060255945412969192e-01,6.559142941675988325e-01,5.522095888672557962e-01,0.000000000000000000e+00,6.313111389690048147e-01,7.896941552975340617e-01,6.511449948283276612e-01,5.495844113466854530e-01,7.850730324875071497e-01,4.647519553027801287e-02,4.829464347592530848e-01,9.047578397137657769e-01,7.688235898374315980e-01,4.047996024349787558e-01,8.054982481970268671e-01,7.143805652578298915e-01,6.204069058701485728e-01,4.242164570894640385e-01,8.829477621845898128e-01,5.524609325610538857e-01,7.357183860218852178e-01,5.304174579368267084e-01,2.520531453852024040e-01,7.746198047613968019e-01,3.158954905270527913e-01,7.875404072904257369e-01,4.831515268824093656e-01,2.038250193011791889e-01,5.434638205977417869e-01,3.409099753920313836e-01,7.194017997002665199e-01,5.279047690529796721e-01,4.312741637116593307e-01,6.615818313178842835e-01,8.523642804614506296e-01,7.983443162202596977e-01,8.873935788963875915e-01,9.198594508546872328e-01,7.597192358612592233e-01,6.308633378237603617e-01,5.330124152192072806e-02,5.083298161065828991e-01,6.672139259499356712e-01,7.618684122718213381e-01,7.880679418092406685e-01,4.783562771058212926e-01,6.557291777539041577e-01,7.305435124663435253e-01,7.780425355211163518e-01,-3.198489387868153067e-02,5.548822983155523580e-01,2.986961373850340884e-01,4.666162407344285890e-01,7.884114674095696884e-01,4.794440644893950276e-01,9.816803987657092279e-01,6.136339796532472857e-01,5.599203347951320353e-01,5.351582594957836614e-01,8.967911994785700003e-01,7.873839138179385966e-01,9.031033004773604267e-01,5.605758835021288355e-01,7.823775478124654903e-01,4.654609702128508775e-01,7.303002566520041539e-01,8.777326176229441335e-02,6.653710757849826685e-01,4.247412642170669272e-01,9.714249144451586604e-01,2.818532875429226592e-01,7.858229561886669323e-01,2.515045746729475673e-01,6.133111263114775502e-01,6.893915738982877572e-01,3.283467603397162704e-01,8.503143303381623941e-01
7.349920495316529800e-01,8.318107422466451961e-01,3.924717625169850121e-01,9.014878524759745160e-01,8.496226494385239469e-01,8.787019918152932929e-01,5.871637144366128602e-01,4.105139037777761346e-01,8.328273012684295207e-01,7.917143094530695313e-01,5.318029727631270465e-01,6.313111389690048147e-01,0.000000000000000000e+00,6.666665410720089557e-01,6.867975261777237161e-01,5.564577522414648758e-01,5.523591185624162625e-01,6.358447672942970641e-01,3.348405439924748705e-01,6.037190573070148059e-01,6.523314436776914693e-01,4.166395297022228439e-01,7.055647079493740925e-01,5.712083911028473793e-01,6.905119609347865062e-01,6.705504868778379146e-01,9.993663608955651867e-01,3.833181087825430766e-01,1.953249167639013462e-01,7.758779580842875001e-01,1.754775082150996646e-01,6.970061553506327057e-01,5.184724844295041102e-01,6.983521937740143626e-01,7.973952137091527836e-01,6.839923650567617530e-01,2.105857395454979741e-01,7.929168404579012286e-01,2.440963066323142139e-01,9.062073698936162769e-01,2.021891600301677916e-01,5.531562140942227757e-01,8.579528880861291285e-01,2.986889804647948621e-01,4.761288121114854999e-01,8.714543895465662882e-01,6.875723029618476811e-01,5.673470518076370039e-01,5.692003986037089680e-01,9.342715743841993881e-01,8.061596998164283212e-01,4.349203193170231851e-01,3.806417353574373386e-01,6.709786413051499476e-01,8.146626878408441685e-01,6.270724174136818041e-01,9.704097398115707485e-01,3.518517673964518533e-01,9.314151870316800252e-01,7.653268839796747436e-01,5.950952174307631154e-02,7.877871137952940916e-01,7.537280342071289718e-01,9.417108804060695393e-01,9.341376819497237971e-01,7.863746982533078578e-01,8.411196965437667261e-02,9.422568110664308882e-01,2.439841117942330162e-01,2.780587393293657006e-01,3.973733599824949003e-01,9.757620814336169790e-01,5.043215880459758216e-01,1.444605091038934364e-01,4.920803509217863692e-01,5.451811557781736095e-01,9.295904859815360410e-01,6.721377094301697053e-01,1.005299785678668428e-02,7.382824320816090691e-02,4.958100231766378041e-01,7.649400718953152101e-01,6.397341630803627943e-01,3.134962983933273772e-01,7.318251592665442340e-01
8.847206380781656998e-01,5.183775787031983384e-01,6.110648361257351446e-01,4.455372716315648129e-01,7.140951986755285086e-01,8.597028113042839426e-01,7.157837642973856607e-01,8.139462201457753343e-01,4.595955708392625572e-01,7.552795992701555328e-01,2.672739963916550554e-01,7.896941552975340617e-01,6.666665410720089557e-01,0.000000000000000000e+00,7.077564843796032568e-01,8.130661193099140149e-01,6.963104615687072396e-01,7.456539204604533122e-01,8.736821137262776871e-01,6.817487968821369648e-01,3.166196370730644527e-01,7.905112371672434746e-01,7.177459193403925575e-01,9.978846115387722815e-01,3.486441366706576339e-01,8.647816599616239275e-01,6.173957420481804848e-01,6.691049386529924758e-01,5.166610730998792977e-01,6.340864876097008773e-01,4.025733576357370391e-01,6.656748610330056604e-01,4.744921466795839482e-01,7.464398726420753416e-01,7.186548599111949320e-01,6.695100161327167954e-02,-6.525306912117839753e-02,9.094036640886346001e-01,4.654877170970618261e-01,7.932218971703335342e-01,2.163346377762127848e-02,5.276803959787449427e-01,9.454903874925830731e-01,7.647689428417312474e-01,9.789459067802664949e-01,7.043536939954819776e-01,5.821974692884606117e-01,4.571264864225937918e-01,4.842304260833478757e-01,3.817956246125249753e-01,3.418476030170198854e-01,5.856502214012028196e-01,7.623232462695321843e-01,9.895468420401848375e-01,3.637560482072586532e-01,9.823619451668866853e-01,9.803397301368882433e-01,9.635584663206022693e-01,4.016009327936831408e-01,5.248243543337454131e-01,5.942267908102880636e-01,6.796036240181652088e-01,7.612215886591578995e-01,7.136202423679181006e-01,6.922311438769351843e-01,7.739471319203869992e-01,6.654238324106303004e-01,7.837912004622569206e-01,2.536433577715649923e-01,2.144728640536143760e-01,9.764900701261671756e-01,8.434921507829405973e-01,4.934630125538987944e-01,5.580167881487558823e-01,6.820501046114750832e-01,7.643576151566674470e-01,9.600276468650210671e-01,7.270557437978378834e-01,1.300689786416129451e-02,3.598180427927556990e-01,4.780616722883542224e-01,7.422150988884919087e-01,9.680451646160834756e-01,5.859827103377003299e-01,7.376202383727227252e-01
8.132731310864598218e-01,8.526361119348815354e-01,3.287657876551003389e-01,5.774644444039632729e-01,3.795515420329879097e-01,7.240420967618086401e-01,8.798733813519642455e-01,5.387896362639197356e-01,2.049395619647727262e-01,6.441899813549698539e-01,6.883797592989485681e-01,6.511449948283276612e-01,6.867975261777237161e-01,7.077564843796032568e-01,0.000000000000000000e+00,7.609609398252191736e-01,5.554038449969933566e-01,7.804037738442418659e-01,6.146136812625804247e-01,5.228779742243092610e-01,9.307551110034544273e-01,8.281680815254338635e-01,5.944302556185594444e-01,8.344938627576988788e-01,5.646228930378748290e-01,7.082746406541674533e-01,2.383428871454463804e-01,4.801231114702038116e-01,6.761600643375518249e-01,1.079175920386539062e-01,-1.083809817858139429e-01,3.390989204990259021e-01,5.520617783196748452e-01,6.276353140728007096e-01,6.962981148858046199e-01,7.840753585132160808e-01,5.145805891598309589e-01,6.093613731999606431e-01,2.407079743298122243e-01,8.519861076524574139e-01,2.732043539074260341e-01,9.039491894188027565e-01,9.463606564569315704e-01,6.490227193561634023e-01,6.646605620386765167e-01,9.577512539201862296e-01,7.121621751832285518e-01,4.263151174601598203e-01,2.921147616724586449e-01,3.466492725445231571e-01,7.580849330802839070e-01,2.097025771637559821e-01,7.424280950465248496e-01,8.944066366934850798e-01,6.424503817524742644e-01,5.782534909940995060e-01,9.696201904501794422e-01,6.326230910761373449e-01,9.919124981756027859e-01,2.894017018320276802e-01,3.733349133327872327e-01,6.531651033445519117e-01,6.018976991470217364e-01,9.756495574862839026e-01,7.714883226801536598e-01,7.346593026050934894e-01,6.517225523449974300e-01,8.044367185887750793e-01,4.772656653267485782e-01,5.571625071235929427e-01,7.437021595207805591e-01,7.144680952101870597e-01,3.627769432347941470e-01,5.556722516982743887e-01,5.518177881692014619e-01,7.201878390800312557e-01,8.420589278691110735e-01,3.807586978341364059e-01,6.456389007910035005e-01,-6.102684635649369138e-02,2.951017728932129880e-01,8.884892385945405424e-01,7.544597282598632937e-01,2.892648196971070451e-01,8.774984197546329412e-01
8.834209341136476379e-01,-2.078214160055513737e-02,9.555724821138933400e-01,6.510863243063541583e-01,8.510598377786018354e-01,2.400402914090770112e-01,7.605642141223615260e-01,5.530551813958793916e-01,5.260422090151695151e-01,1.223103673390310980e-01,4.158802705264403876e-01,5.495844113466854530e-01,5.564577522414648758e-01,8.130661193099140149e-01,7.609609398252191736e-01,0.000000000000000000e+00,6.011782456216712145e-01,7.209826413977051818e-01,7.813914757545553647e-01,5.308666237585254466e-01,6.306884807951874672e-01,6.217988637782578820e-01,7.185352714392398976e-01,8.110841332052581842e-01,7.868063591622411757e-01,2.251082346293189484e-01,6.079552201867755024e-01,4.347771098242657617e-01,2.938564332871277385e-01,3.306939472610569974e-01,1.549695276920846909e-01,1.304573938609705601e-02,8.419863404729290846e-01,6.512424170235039389e-01,5.427302699527956076e-01,3.848049847288763647e-01,5.146831176362076654e-02,4.917562275092194901e-01,9.130017463750915718e-01,7.134441350925964098e-01,3.405853791759324567e-01,8.995036133186085081e-01,7.991115685082128550e-01,3.387793026564508425e-01,8.561272200121585740e-01,7.205121960105822509e-01,7.755661106603755073e-01,3.704766331105093791e-01,2.923928788296066283e-01,8.582678146154655296e-01,6.015800793956656012e-01,6.274951427194026543e-01,4.781667950358396979e-01,4.815835202770245571e-01,6.116817149220300509e-01,7.835102218452589806e-01,9.235728074244807795e-01,8.338720626878864950e-01,2.156676975384253792e-01,4.915834371661181174e-02,5.792031369730008539e-01,6.826792064668710802e-01,9.745306560445291533e-01,6.559616209042580248e-01,8.479149314131191328e-01,8.428603494277829844e-01,7.093427153270795982e-01,7.668927251788738575e-01,6.491932328649367978e-01,4.900641301742252320e-01,6.788901789599046666e-01,4.909774629716303074e-01,4.676614525278615653e-01,7.815941702041460104e-01,2.624840065067430284e-01,2.895362746376515251e-01,4.153367685678385768e-01,6.482668743861402794e-01,6.957960064128221322e-01,4.870809912147431309e-01,4.178548635453386284e-01,8.059599652441861162e-01,4.975277300784743950e-01,5.101477275681550738e-01,7.684504977983432905e-01
7.178645355608972434e-01,5.523058595923364678e-01,7.241394334211581629e-01,8.654247165117290308e-01,4.714335212510671891e-01,4.381963418688119005e-01,8.891906241120719478e-01,6.520437924926421047e-01,5.664516219658702889e-01,4.555969162595568944e-01,8.896025150224929900e-01,7.850730324875071497e-01,5.523591185624162625e-01,6.963104615687072396e-01,5.554038449969933566e-01,6.011782456216712145e-01,0.000000000000000000e+00,9.302098875677160539e-01,7.407429448464597499e-01,6.841193982455094913e-01,4.854926094085054156e-01,6.183079151202955925e-01,6.844971432441098180e-01,8.372362338382376423e-01,6.402885615797166974e-01,2.935473386042517507e-01,6.080085514696739191e-01,6.592415978277860189e-01,4.012506032135412237e-01,5.710607026166389932e-01,5.929204668614181939e-01,7.849154002665590379e-01,9.304388085511791084e-01,6.526106783149591140e-01,5.110264136994969730e-01,2.609923170254680458e-01,4.031939080718383028e-01,7.904250033923518881e-01,4.589055485114497679e-01,8.243741693610570076e-01,2.447229773059139968e-01,6.328375964277450638e-01,4.738589274141563612e-01,5.974949335726605915e-01,7.572581723257126862e-01,8.116062240227155389e-01,8.816437586757537304e-01,2.357932094784420118e-01,8.311416755547971214e-01,8.746353669328561509e-01,8.292045308339434095e-01,4.198662760373017555e-01,6.810337510683067697e-01,7.987779731471209566e-01,6.474677994068824827e-01,5.421233651413578380e-01,5.503101862027176550e-01,9.487082257154317855e-01,5.190470767218107184e-01,5.840662999672063815e-02,7.449284811379601745e-01,3.447199345774796253e-01,8.578043476571665105e-01,6.837112613495764935e-01,6.725379761187693095e-01,2.902656936639864682e-01,5.922518423186695635e-01,8.409139551382035505e-01,4.042275385205405108e-02,6.608128529253989303e-01,8.686768309737136207e-01,4.438818724898825896e-01,7.232692116528537385e-01,4.672471797357223844e-01,7.388373308996565303e-01,9.117824134704743955e-01,5.411576395608701517e-01,4.737127567720405552e-01,2.210400125381121739e-01,5.267849363944733243e-01,9.883215173365015316e-01,2.745502582979361672e-01,5.817293252155284478e-01,3.692832500131381090e-01,7.289297530060991903e-01
4.928056220086870498e-01,7.129478266747333315e-01,9.768986487112814032e-01,3.343404709618389425e-01,6.725766050418081621e-01,6.312746508076020335e-01,4.084355541664950184e-01,6.732795082304590673e-02,3.726213090838493835e-01,3.192193032998006386e-01,3.242409846680616714e-01,4.647519553027801287e-02,6.358447672942970641e-01,7.456539204604533122e-01,7.804037738442418659e-01,7.209826413977051818e-01,9.302098875677160539e-01,0.000000000000000000e+00,4.454045748420552564e-01,6.232446651482815847e-01,9.825198328686701732e-01,-4.424843339260786657e-02,4.785201057533926550e-01,9.245566155162237010e-01,6.021279213670311936e-01,7.504549825596629198e-01,4.646783193903552545e-01,7.178855361565472659e-01,9.968620989351630879e-01,1.918454261761460278e-01,4.893638625261868547e-01,5.385857806790677049e-01,7.717052598005096353e-01,6.074873690502666790e-01,4.129853740024618247e-01,5.400132490900660942e-01,1.587320928636823947e-01,6.380293032352263305e-01,4.196185606990268657e-01,4.697222475829664345e-01,4.766453452060713247e-01,5.875658868356967712e-01,6.111744607714958422e-01,4.665131565821384885e-01,8.418091770314264366e-01,5.912149526473924332e-01,3.135554469595843718e-01,7.582472345009724224e-01,9.415974850371746641e-01,4.747179057664572266e-01,5.510314955081495603e-01,7.399587779463202564e-01,6.536845644688475954e-01,6.307402236299216591e-01,7.296200457715991128e-01,7.440329966679184448e-01,5.956075749170570699e-01,2.570310192665018478e-01,4.813266142525408631e-01,3.764178011757318143e-01,2.844951586498557505e-01,3.956916934173070333e-01,6.844504052850663989e-01,4.025619582869460755e-01,8.929058621481087421e-01,7.426550194215052469e-01,6.670853506779530484e-01,7.953693996585953219e-01,9.438515331032543143e-02,5.471645944824361507e-01,7.522792211593209988e-01,3.348639918261134829e-01,5.567812379686890578e-01,3.532732289644520129e-01,6.022546264951899042e-01,5.734514828387764496e-01,2.288646848388257160e-01,7.092849999798518379e-01,-9.810572277770894523e-02,4.599622398400762813e-01,4.978218813246515495e-01,4.188608303616649930e-01,5.430052257856425868e-01,3.245155167711314403e-01,6.049424667424345703e-01
