0.000000000000000000e+00,6.810109371170967041e-01,6.254345784559202093e-01,4.035611942033867638e-01,4.562871480199353069e-01,8.877817420960372186e-01,4.711927871502680776e-01,6.439182800500302672e-01,7.644062997512554025e-01,5.667602988846803802e-01,7.864449467986051046e-02,4.759870340375134123e-01,6.570844365003915000e-01,9.759399433267833546e-01,6.019062799639666173e-01,7.967390320236916734e-01,6.088261550311476755e-01,7.565959753154325451e-01,6.859915919039789589e-01,7.348753354163914953e-01,9.261362059962089388e-01,7.550474987648084779e-01,8.355322588731954880e-01,7.108042318886316213e-01,9.386516893152496710e-01,8.803862987633328530e-01,9.682151374232305097e-01,7.080144010436683066e-01,4.135073567794045335e-01,2.908789354569508157e-01,4.641667763918826406e-01,9.167535069336485432e-01,4.666484720366089189e-01,7.009364803777856645e-01,7.265934906575711727e-01,2.396757700675030966e-01,2.193217882469253588e-01,7.163988583450773273e-01,6.462861952186033099e-01,8.380545878919535285e-01,3.211508926129795216e-01,9.284735921626425803e-01,7.203978333899798692e-01,5.506594362086514316e-01,6.431833011003025291e-01,1.036130517939407580e-01,4.193457791512748556e-01,2.093647502001549088e-01,9.136010849534927925e-01,9.632054207354276976e-01,8.112136235879936486e-01,7.712165757339302097e-01,8.911191158678515301e-01,8.910355296449322671e-01,6.023513118836274494e-01,4.888340128025265852e-01,9.960696096211457684e-01,6.167182622450622098e-01,6.481517209519412903e-01,4.432176387507624216e-01,4.325538688255798903e-01,8.345478763438652914e-01,8.130412565417068915e-01,7.883792685296339142e-01,7.084412893703957437e-01,9.330606318269472066e-01,6.043579531511090730e-01,8.422651707737168758e-01,4.301769737261455506e-01,9.439521727227097037e-01,4.752667864411036502e-01,7.486539470576032418e-01,3.685380158594901978e-01,4.905103722522349274e-01,5.110960189196829262e-01,7.173588669578350174e-01,8.701429723282677609e-01,9.819085667752343038e-01,4.070562657590330313e-01,3.675261326799961203e-01,7.916795791440575103e-01,9.648797063947787134e-01,9.609210928716740430e-01,4.977155583188676569e-01,3.304376285483438536e-01
6.810109371170967041e-01,0.000000000000000000e+00,6.633439912305685304e-01,9.874791726034461981e-01,6.585067100928051476e-01,4.840175969094145936e-01,6.683856381972130833e-02,3.178169459949456988e-01,7.321148650454728513e-01,4.594324524634266216e-01,9.790320399843307486e-01,2.109779572617425658e-01,9.713753030200770189e-01,9.263744569217502445e-01,3.805091446773735120e-01,9.120771371986799991e-01,6.011593849281846591e-01,5.171487777389058849e-01,7.954523442491803209e-01,6.652824091811992968e-02,8.736677545999800287e-01,9.867933727286836154e-01,7.777846065988014423e-01,5.715924906484033396e-01,4.719080320119889982e-01,4.941970585922556558e-01,7.014793120954885275e-01,6.445237557277694318e-01,3.145695043785289857e-01,2.570429954549743878e-01,3.271567487901358984e-01,1.945180913626856078e-01,5.022784670218671810e-01,6.078344782682751912e-01,2.649724106948067037e-01,3.542290682872428764e-02,4.952202282126979549e-01,6.905001447331526876e-01,9.098811065013794330e-01,7.243825454439463130e-01,3.279890912583185436e-01,6.751031627475443386e-01,9.847525164166871514e-01,4.891288283741254683e-01,4.502786519157317424e-01,7.335401916923280918e-01,6.612475888953910363e-01,9.754987726532482473e-01,7.524654021124455028e-01,6.679237671816459221e-01,5.606075356046490432e-01,6.462580255065966117e-01,6.980421438711206239e-01,3.534376720729673904e-01,6.752548130703175389e-01,2.498498181403670526e-01,2.938966019356669124e-01,7.041132650405935722e-01,6.694504511434717919e-01,2.874739022352411077e-01,4.122385821123836225e-01,4.811791758133940333e-01,5.056746075238622851e-01,8.232085305967913325e-01,4.426363292685787099e-01,4.979639379555783063e-01,4.579430108857070469e-01,8.456661513226820803e-01,7.555797364451583009e-01,3.256099644969582818e-01,3.198630323253952579e-01,8.302140990720624503e-01,3.899289743958993942e-02,4.476604320236471923e-01,3.311357526155108699e-01,3.154884673668026940e-01,3.653525062026100612e-01,1.323955898791876196e-01,4.840469747739368778e-01,4.758107199151336841e-01,3.079245521409426090e-01,7.838318089055511528e-01,6.982025894203541805e-01,3.251293577843426125e-02,5.093344336607759093e-01
6.254345784559202093e-01,6.633439912305685304e-01,0.000000000000000000e+00,8.474939492135008523e-01,5.260408320354448275e-01,6.159976058247345065e-01,8.254358889664037413e-01,6.560685316342522722e-01,8.521212144908347774e-01,9.193207162636314322e-01,9.618788016384040018e-01,8.464981179997965732e-01,6.572683949479547483e-01,4.862806341543702282e-01,8.609784957525727922e-01,4.089340596299170794e-01,7.984818841254337496e-01,6.885253857091599983e-01,4.558923755580855386e-01,8.915264930208122163e-01,7.879144439322772753e-01,2.426780524967663000e-01,4.557960382809898570e-01,7.205948752595597862e-01,6.549413279365839946e-01,7.733281881492120036e-01,6.252986518225578383e-01,6.757347536509545893e-01,3.485767978178694326e-01,2.009256839564319552e-01,3.481799550850836478e-01,4.496072896884198422e-01,4.806577005119676005e-01,6.537683228125799051e-01,8.900896691080295575e-01,8.118495175460907487e-02,3.827313662164224528e-01,8.259158224284813832e-01,4.150346404115132781e-01,8.898558027900955736e-01,5.857348132074294833e-01,8.043240131660600589e-01,5.721557167484730977e-01,8.038087534686016999e-01,6.210699642519006414e-01,5.257380060557703683e-01,9.747504194383060927e-01,9.077302550522677871e-01,6.189741276006972548e-01,9.342146222907738995e-01,7.352817317987828671e-01,8.313196886058237256e-01,4.299709496614289028e-01,9.974509984433983512e-01,6.274715033005505704e-01,8.313636077505340838e-01,8.501342647308753886e-01,9.076648687588996234e-01,8.758354902241933804e-01,4.780153509778561349e-01,6.890515744639904572e-01,7.726093348590594712e-01,4.478203865252581850e-01,4.980588419134625022e-01,2.979549613322380885e-01,3.066761241263148419e-01,9.481277274290798029e-01,5.265556003570445176e-01,6.586172275830071143e-01,6.817314429217081750e-01,9.005428571508525826e-01,2.733357255958311915e-01,5.511871172816688036e-01,2.545359127211225814e-01,8.681631053403829901e-01,5.751447677955169313e-01,4.094503002244656020e-01,5.089338386328037256e-01,1.251303884793873028e-02,7.745121298692776435e-01,3.750052667925518612e-01,5.616677527542530690e-01,9.196142777573281801e-01,6.955404692698341496e-01,5.740462031070814319e-01
4.035611942033867638e-01,9.874791726034461981e-01,8.474939492135008523e-01,0.000000000000000000e+00,6.580276679265713025e-01,5.038448814082261418e-01,5.853133349140929864e-01,4.187035086954873364e-01,9.529240326345078671e-01,7.158621362680457345e-01,6.793520432757066407e-01,5.210692093679248904e-01,3.211684017409184300e-01,5.533586270136351404e-01,2.413497903876589690e-01,9.657500450001155201e-01,9.887634398578466488e-01,4.841908251981664746e-01,5.974666456379699175e-01,5.215452294500702024e-01,7.911025211752718000e-01,7.218630005178188203e-01,5.826693841395588214e-01,7.313976991067558941e-01,6.310844566098778863e-01,8.040610048630723039e-01,9.033139098171206749e-01,9.438087382361284305e-01,4.773390329256021469e-01,4.573202783782385206e-01,5.363585889706035115e-01,5.845910544125656472e-01,6.334800445065662533e-01,7.385212168572060643e-01,6.449469873559904309e-01,7.336379365871643632e-01,3.303822235681050379e-01,3.222304630174112616e-01,7.686702724818725851e-01,7.967780412619880348e-01,5.290395637043703303e-01,5.558534947935169779e-01,5.459303729051929732e-01,8.928701947631720870e-01,4.447078352547378932e-01,7.688734270100499035e-01,4.350099010400182431e-01,3.272085436772140810e-01,5.458219392130643222e-01,-1.866128107001357728e-01,5.262363444934026191e-01,5.742060883370849744e-01,2.182801484283309335e-01,6.085571876018991411e-01,5.936746161697655788e-01,9.611066484334067628e-01,7.927516971652269484e-02,8.440138658893191481e-01,9.803960711273934647e-01,7.687325065117305289e-01,9.437288394753120535e-01,8.901887015337237585e-01,8.191268052332684180e-01,4.574707707692219905e-01,6.097711689217324427e-01,6.972757956986098682e-01,5.901726399932818445e-01,8.445834277192553197e-01,1.044754796509610520e-02,4.988975800904917879e-01,6.223644666788631374e-01,9.872877565763583663e-01,-2.415804027627272144e-01,3.249383853894684537e-01,5.705182105922478319e-01,9.787203629634617652e-01,8.865848679220613704e-01,5.662143077545902514e-01,2.129318608056986473e-01,6.884885779418974117e-02,6.418147944859036169e-01,7.707703120808373498e-01,9.350314978443374780e-01,1.729702260067611796e-01,9.686719625228609187e-01
4.562871480199353069e-01,6.585067100928051476e-01,5.260408320354448275e-01,6.580276679265713025e-01,0.000000000000000000e+00,6.108788081699223493e-01,4.960634990810158795e-01,3.972684247307295413e-01,2.986170777420096845e-01,4.362590139480586049e-01,7.705272637800438806e-01,9.797488637167340864e-01,3.857720233285814038e-01,1.985866514935335225e-01,7.073057675729328420e-01,6.718439736498452719e-01,5.265805683116577818e-01,9.187196866823014174e-01,6.984370321324305797e-01,3.665084698364210469e-01,7.626385501115631183e-01,3.140074678129719521e-01,6.917206573399665714e-01,9.375475090810644341e-01,7.855011380481164984e-01,6.232979705525641956e-01,7.733877707423543191e-01,7.630611564323979135e-01,3.069233491634621447e-01,4.882286243534242343e-01,-2.253657378881751550e-01,7.445833515537643166e-01,9.617785177851280176e-01,4.915558327680222828e-01,4.220078903528865499e-01,7.755554148635688261e-01,2.563108145292519180e-01,3.297348093184090390e-01,6.588725753605711999e-01,6.278148916438770488e-01,6.151324724673211675e-01,8.001451165872518478e-01,5.302455651056519059e-01,7.703630026197494374e-01,5.534767673662907006e-01,8.429184377610710044e-01,4.851315011689232293e-01,6.003818943619094739e-01,3.856639096590369631e-01,3.776852832417094685e-01,7.062025836794812994e-01,4.412009011410391590e-01,9.443712615631177920e-01,6.943471517449208985e-01,9.921760733906397345e-01,7.977814812669774547e-01,7.069666754382479823e-01,7.092880213844583448e-01,5.684938389206085629e-01,2.996221720713196368e-01,-1.796088458527432818e-01,1.774130729006916096e-01,4.872845957560629215e-01,6.548892103022269096e-01,4.454502081373004629e-01,7.458458459467499635e-01,7.253641758059933276e-01,8.602331089391792585e-01,7.623762732723401436e-01,5.031762814497039438e-01,8.102626995181079206e-01,2.082771364724143176e-02,8.009667402201635367e-02,2.717513426916015051e-01,6.162855563126066194e-01,3.477637810500444626e-01,5.314374932109307004e-01,2.694656116152300829e-01,4.002089579535672570e-01,4.896860836464008160e-01,5.663481160671062220e-01,7.411725541000881989e-01,7.583694375750011929e-01,4.032767373934231236e-01,7.684734718931344188e-01
8.877817420960372186e-01,4.840175969094145936e-01,6.159976058247345065e-01,5.038448814082261418e-01,6.108788081699223493e-01,0.000000000000000000e+00,7.465129330279972608e-01,6.252966159157928860e-01,3.832743591775143455e-01,4.413948887974655233e-01,9.691811453588827785e-01,8.303489320259598294e-01,7.791942037066419413e-01,3.131012689957874962e-01,8.183562675647876317e-01,7.871774553779282702e-01,7.317486196578651958e-01,4.243924384978943753e-01,9.094879970322039542e-01,8.988081916652587156e-01,5.475046207823182076e-01,4.225375066325832707e-01,7.675767934137285309e-01,6.729073257775495254e-01,5.293668927589800788e-01,4.483505242083921094e-01,6.320229717201959474e-01,9.696181025905536988e-01,2.759668490528392470e-01,5.457553662975669351e-01,3.601817797786519559e-01,5.524019726657822815e-01,6.949592477995547579e-01,8.162093702224000324e-01,3.110577529429179866e-01,4.428743641906027206e-01,4.891667775945007790e-01,9.491094250641789465e-01,6.115770994063952637e-01,9.219993916742843520e-01,5.600195117878824513e-01,3.957871178674904900e-01,6.935539774958370263e-01,4.570031651174035758e-01,6.532969906428536255e-01,9.169328499499792562e-01,8.502100687500780962e-01,3.623903987230506774e-01,7.219718435520194877e-01,6.474647084613395220e-01,5.933124454687569438e-01,4.340675164733120983e-01,9.429923599132141732e-01,6.137902733689648560e-01,7.156732484836968444e-01,7.704573992444525565e-01,4.896012140355067155e-01,4.879693113065649568e-01,9.046032920290845158e-01,3.589651528799678859e-01,1.467125658449486281e-02,6.079873853374222481e-01,7.089571185815543020e-01,4.845309290544470016e-01,9.969664348496696249e-01,2.336300274235319496e-01,6.490375019416603219e-01,4.272550143674455625e-01,7.990969396683811343e-01,4.847134778777947295e-01,1.354350189994057707e-01,2.233187197554579451e-01,3.975200007447155515e-01,3.078983744657163291e-01,9.774223930522407677e-01,6.390839675073239912e-01,7.364820557656951427e-01,5.483115179423633245e-01,3.797826982860768030e-01,1.843957297050868947e-03,5.178721948205022851e-01,6.293564917782613621e-01,6.285067465821954080e-01,6.660495880035670335e-02,7.025173307034870973e-01
4.711927871502680776e-01,6.683856381972130833e-02,8.254358889664037413e-01,5.853133349140929864e-01,4.960634990810158795e-01,7.465129330279972608e-01,0.000000000000000000e+00,5.301224299149683850e-01,2.740429797108919763e-01,7.842293777781200736e-01,6.125859469953720549e-01,7.729386048420677779e-01,2.716293600349330428e-01,2.807698256978607976e-01,3.597617190243173613e-01,7.023962656801870930e-01,2.514347847499729394e-01,2.251723615042406368e-01,2.051492166423291852e-01,6.888064838226731768e-01,8.572424509194312980e-01,5.349354795059754197e-01,4.059115794961901669e-01,9.736598967117583436e-01,2.794705816804252119e-01,7.644284338172858684e-01,1.241572890103398025e-01,2.783264134971106807e-01,7.229126338292936049e-01,6.343543753217195658e-01,3.327571381278577878e-01,3.264144205455569159e-01,3.772626828801242671e-01,2.984761451003805077e-01,6.021359193629525208e-01,4.325507791700577975e-01,3.350213454657879897e-01,7.627198617048762674e-01,7.949323712210984993e-01,3.414090727312365514e-01,5.819709764209735070e-01,2.839395520935212858e-01,7.977906683697424395e-01,3.616747573820106032e-01,8.333446090978376963e-01,4.923147068177048391e-01,4.766707596142074621e-01,7.358307248296311887e-01,5.998957670061690894e-01,2.019246884116166485e-01,8.407080103603847832e-01,5.651486854792320269e-01,7.603069132390538609e-01,3.943312553308678803e-01,7.004437495663290436e-01,8.452109168069719125e-01,7.252544761902883497e-02,7.826788884426404413e-01,5.881965806715543366e-01,4.402064902983027217e-01,6.963481739923411684e-01,4.736207770545548812e-02,4.418546602319028405e-01,8.888811178023907633e-01,6.496593982082486951e-01,5.304366259664272665e-01,6.438705417885136617e-01,6.692713031136221513e-01,7.390510614228329445e-01,4.894584404107893416e-01,6.658675953964444671e-01,2.377010583512341180e-01,5.518221780583629776e-01,2.185490266823133729e-02,3.666120232189814532e-01,6.205140549038552500e-01,5.347786476620350893e-01,5.734090705834496982e-01,4.891395963677322989e-01,4.690066361171880693e-01,7.206081779352025984e-01,4.351831971364290841e-02,4.112041153794262494e-01,7.192519618078516697e-01,3.883842129970830337e-01
6.439182800500302672e-01,3.178169459949456988e-01,6.560685316342522722e-01,4.187035086954873364e-01,3.972684247307295413e-01,6.252966159157928860e-01,5.301224299149683850e-01,0.000000000000000000e+00,4.590359919810073630e-01,7.650822958647938155e-01,7.218084253478993517e-01,5.605487002333424673e-01,5.887239500154908267e-01,9.710341793765988605e-01,4.863459778654023458e-01,7.293048573140108459e-01,9.759081266443996316e-01,6.725234498452390408e-01,3.561318788741404395e-01,7.109786318474456968e-01,5.575915392582494468e-01,7.313766833354583552e-01,4.581905786812244807e-01,4.716942541594472127e-01,9.432736081286091645e-02,5.815661527978874812e-01,6.443559815249022549e-01,3.824619393079476959e-01,2.500402633559543619e-01,7.568579150755644358e-01,5.544057608148429406e-01,-1.301203579857594939e-01,7.082987915923257827e-01,4.514505383617988810e-01,5.480182743723198691e-01,2.037188378052283769e-02,3.161259614813392016e-01,7.586793878336365315e-01,7.745103750639452667e-01,5.353717751538422664e-01,1.749092610397487077e-02,7.610075929847820442e-01,9.594140176611658521e-01,5.473538558124937392e-01,7.632835608311191455e-01,8.622519931618249922e-01,6.182615160610043237e-01,6.283312994258863915e-01,2.976947217858391115e-01,7.606737091877568968e-01,2.509312079348482993e-01,5.282653773623772198e-01,5.055187507878243780e-01,4.578986763892448630e-01,7.980470529033014682e-01,7.650083038816881675e-01,8.171142228288094111e-01,2.940594853414119081e-01,7.237313152928522841e-01,3.132660014543814375e-01,5.628211524429534984e-01,5.053270304103721910e-01,3.573116986802845618e-01,1.709773254588398961e-01,7.209607865323146569e-01,7.706579339417543029e-01,5.020401853308696927e-01,7.620373337349379828e-01,3.305520548705260797e-01,4.732371040734514867e-01,4.181570769192262116e-01,4.977076754019399418e-01,5.043737575171874932e-01,5.394618982712261479e-01,4.258592524777375377e-01,5.488272438468491110e-01,7.793475531782478871e-01,3.924188172450215895e-01,2.158745237178594789e-01,4.574716621310924713e-01,6.147355507604128633e-01,7.785689569541299759e-01,3.326108951593872431e-01,4.155734436702697154e-01,3.602119713390188327e-01
7.644062997512554025e-01,7.321148650454728513e-01,8.521212144908347774e-01,9.529240326345078671e-01,2.986170777420096845e-01,3.832743591775143455e-01,2.740429797108919763e-01,4.590359919810073630e-01,0.000000000000000000e+00,2.685779330801008058e-01,2.814829785544241125e-01,6.741887515228051075e-01,7.219588183321878905e-01,9.882724219441429980e-01,7.196516613953513053e-01,3.680546776124461461e-01,5.684041912988224698e-01,7.492789842296987413e-01,6.718225473124290748e-01,7.131332120917767137e-01,8.426732780478257689e-01,5.949732201075575988e-01,8.894550890776846686e-01,9.865979835884625126e-01,4.519783220007372176e-02,7.710794564740146573e-01,7.007911726287447962e-01,7.954837346899398254e-01,1.519177079079691295e-01,6.732718477176594662e-01,4.889789125107695256e-01,4.811765726123045650e-01,6.837726835731484654e-01,2.127936920785208630e-01,5.307073245501127134e-01,6.166184458287500558e-02,7.321640034511017747e-01,7.432699978041085176e-01,6.763770846778487389e-01,9.332925143182591032e-01,6.257145320743411065e-02,4.071656471291332791e-01,9.525279457578295084e-01,8.640240458919663524e-01,2.303106883726655507e-01,7.390751490514533284e-01,5.380839087618720651e-01,7.502896112033036191e-01,4.304601755366115334e-01,7.197007619203906748e-01,7.939331077083511268e-01,7.734556382478874337e-01,8.120744792265096601e-01,5.909090612141633114e-01,5.809009344499352911e-01,3.858760709483726181e-01,7.909436678498840134e-01,5.663812452947143417e-01,6.664651174012403700e-01,4.348306246317750756e-01,2.617602125768452304e-01,4.090618025136062430e-01,4.464655597955982103e-01,9.665402830966928205e-01,9.613453910688074533e-01,4.487344021147331996e-01,4.919221802179628011e-01,2.253772433241372358e-02,7.220926124859622375e-01,5.139581920871544307e-01,4.999681152893079572e-01,5.169617974175401143e-01,1.290256979271826865e-01,7.274025853283851983e-01,2.862464395695950015e-01,7.019373414679032086e-01,6.828862471065981765e-01,3.241984770327532295e-01,4.143743358358040196e-01,-1.730339861542438684e-01,2.156181714763580060e-01,3.926060540442457558e-01,9.753540053250795427e-01,2.881311702414978693e-01,4.417460124849152958e-01
5.667602988846803802e-01,4.594324524634266216e-01,9.193207162636314322e-01,7.158621362680457345e-01,4.362590139480586049e-01,4.413948887974655233e-01,7.842293777781200736e-01,7.650822958647938155e-01,2.685779330801008058e-01,0.000000000000000000e+00,6.885996976777121192e-01,5.927530107138115900e-01,5.039593133296500493e-01,9.909357725851947185e-01,9.935086578227654286e-01,5.507598932468638075e-02,3.622606131874676061e-01,8.308665001862343136e-01,4.782318151905122772e-01,8.484526993678731532e-01,9.874754756959364110e-01,2.080922967620403574e-01,7.394289151424088269e-01,9.193048240083007139e-01,9.172518007340335622e-01,1.133648210722790900e-02,7.908190202379836720e-01,4.225552372626757425e-01,4.149030376866277292e-01,-1.615792261551655951e-01,3.947638518251601614e-01,3.161442971049104878e-01,4.121336139430401557e-01,6.575828963225651691e-01,7.894302313815416694e-01,5.240833754991922611e-01,1.342610851163809071e-01,4.423000969932358029e-01,4.474183387739628093e-01,7.806452712086794365e-01,4.939300918547662612e-04,4.596276124053324530e-01,6.866842809472426534e-01,5.000467287612417877e-01,8.314800243824620463e-01,-1.574456970675025269e-01,9.885645609740709716e-01,4.907678994891234714e-01,5.862166567200459699e-01,5.019553609802666072e-01,3.505149342161634207e-01,9.168133854580372555e-01,6.010679960480063144e-01,7.557518216875568351e-01,2.839620492180492950e-01,4.495744548845858057e-01,5.666738043283642279e-01,2.624794013031143680e-01,5.558189591376443417e-01,5.170624802277679066e-01,6.733031507226372447e-03,5.015371790339415714e-01,7.752280009762206880e-01,4.243453683688617195e-01,8.159854539556911091e-01,2.708123562284089902e-01,5.073793370881550802e-01,4.859821222331746071e-01,4.157294234985059456e-01,7.512825836574776872e-01,4.803636096838903025e-01,6.154937162284229712e-01,3.355920454621832416e-01,3.687965936738384354e-01,7.254301857004272769e-01,6.723931998760193096e-01,6.977143356238268979e-01,5.121265257073470689e-01,7.025030020113115503e-01,3.405119697293740866e-01,7.828390133250553440e-01,7.694245127135700413e-01,5.188200198577984645e-01,4.161459651250090652e-01,7.025086469494767893e-01
7.864449467986051046e-02,9.790320399843307486e-01,9.618788016384040018e-01,6.793520432757066407e-01,7.705272637800438806e-01,9.691811453588827785e-01,6.125859469953720549e-01,7.218084253478993517e-01,2.814829785544241125e-01,6.885996976777121192e-01,0.000000000000000000e+00,7.685676427851021453e-01,6.744472371888985407e-01,6.941117213376278849e-01,2.088040416653418052e-01,9.514023493994147040e-01,6.028996208826701286e-01,4.552656140085863390e-01,7.725464309329294066e-01,2.889529799706025415e-01,9.006584035095326346e-01,2.436183233236546009e-01,6.401613484075895366e-01,9.033491739817909316e-01,7.924280292291441263e-01,7.638198951929000557e-01,9.676488544610590825e-01,3.811482028241111042e-01,3.346718477302959016e-01,2.097050388260581488e-01,1.820605272374168360e-01,5.719612023979643300e-01,8.258089513168654916e-01,8.317021818440312186e-01,8.980326106923369744e-01,3.968110403741290093e-02,5.105939291580975370e-01,5.748176947721239660e-01,-1.856940153855283770e-01,3.409268134178234082e-03,5.155195391924507486e-01,2.403603686116386196e-01,9.701519787587338239e-01,9.240199190624144299e-01,7.537472501350364062e-01,4.880283223275256876e-01,9.559134504061581605e-01,8.186156848774664985e-01,4.307647265571434292e-01,7.863075718729926056e-01,7.639471234687340850e-02,6.819978805342812311e-01,9.193213091370444623e-01,7.616154300298052515e-01,7.229496423349826006e-01,6.830900884767197034e-01,6.415870613349893281e-01,8.695436387909746268e-01,9.356773755828615702e-01,9.063479524604162174e-02,2.913072503572126104e-01,6.414506281369871665e-01,8.575420636139352570e-01,6.498558012754963586e-01,7.320771691659135882e-01,3.930046770867622330e-01,4.680652168967008864e-01,7.376582825026531953e-01,6.682008917261541558e-01,9.270094485336924928e-01,8.617789012526209103e-01,5.185475639609242737e-01,2.193038012604769382e-01,3.997247999764613202e-01,4.317365770487515686e-01,5.514674709525433371e-01,6.359497284033017728e-01,4.687210909525210689e-01,4.004908558404808305e-01,1.301355210686847286e-01,6.982781194161121752e-01,4.333066688512466902e-01,4.668175547443818574e-01,8.803195789217635459e-02,2.987699829698164944e-01
4.759870340375134123e-01,2.109779572617425658e-01,8.464981179997965732e-01,5.210692093679248904e-01,9.797488637167340864e-01,8.303489320259598294e-01,7.729386048420677779e-01,5.605487002333424673e-01,6.741887515228051075e-01,5.927530107138115900e-01,7.685676427851021453e-01,0.000000000000000000e+00,7.540385611477115058e-01,6.012949458838772188e-01,4.347307472745353674e-01,8.979227542713763555e-01,6.783691615928884033e-01,3.743402095863643808e-01,4.436510367895675766e-01,6.780837856754119430e-01,6.953873057392785384e-01,4.270363116879125620e-01,5.566280549522729659e-01,9.883218157300195372e-01,2.948968135877856611e-02,5.851024495506058909e-02,8.567941602876615326e-01,7.069857943202977335e-01,4.433424434169616069e-01,3.359064333279966896e-01,2.004654949030862388e-01,3.333859544265042052e-01,6.096590774683654512e-01,2.663749538753107937e-01,7.311581534367265212e-01,3.664164212254198971e-01,4.646614031782392296e-01,6.240577080611880989e-01,6.654978633629731188e-01,2.137703752070301555e-01,4.435088246154052505e-01,4.541254630562500672e-01,8.896576359610905982e-01,4.183967897582566153e-02,9.091621159819980313e-01,9.649627310902696431e-01,5.694033947369551152e-01,9.592693868347321740e-01,2.603184007206188477e-01,7.010576948921620755e-01,7.430507336716423161e-01,2.610414666264153638e-01,3.298280770340078494e-01,1.222821999052486758e-01,8.283587223825522594e-01,5.122851692787048217e-01,7.259610946864583081e-01,8.061176310365724129e-01,2.273326516929170538e-01,5.385927596060338107e-01,4.798793403875940000e-01,6.428698690083270995e-01,4.089515063382124227e-01,7.380521374641920707e-01,6.478901371851778501e-01,5.185410030546180327e-01,8.650863611391161889e-01,7.069096448822703715e-01,4.008432579790283112e-01,3.629276055922428523e-01,6.333496230675305094e-01,6.667929065851330162e-01,3.830344034538915032e-01,3.621598508092418456e-01,3.487105149134710480e-01,7.225299712480673930e-01,6.992934170583907649e-01,4.977335292029012037e-01,4.670443233426007090e-01,1.241713981050369675e-01,7.510784853495539037e-02,6.421585490807576457e-01,4.329516486266040687e-01,3.822975990735650309e-01,6.751636985739623009e-01
6.570844365003915000e-01,9.713753030200770189e-01,6.572683949479547483e-01,3.211684017409184300e-01,3.857720233285814038e-01,7.791942037066419413e-01,2.716293600349330428e-01,5.887239500154908267e-01,7.219588183321878905e-01,5.039593133296500493e-01,6.744472371888985407e-01,7.540385611477115058e-01,0.000000000000000000e+00,5.846113395987502237e-01,3.604693100254172111e-01,4.571364280360099563e-01,5.975987470306066696e-01,5.350762534032255102e-01,6.253168372157387189e-01,6.403300838569353504e-01,7.940784569313469321e-01,6.987567175833725441e-01,8.591874191865712662e-01,6.403278883588736647e-01,5.301419314512022529e-01,4.865535247914780093e-01,7.672630777743473240e-01,7.538086945267579164e-01,4.633862713269405464e-01,5.497734759552909134e-01,4.137140338415835616e-01,4.992266027847092058e-01,2.113856048116311004e-01,8.846775703855633832e-01,6.207398636360142996e-01,2.526303877967722156e-01,3.561593077028849530e-01,6.456985683344950155e-01,4.919733846627215579e-01,7.544386809031665697e-01,7.482305265085612556e-01,9.919367079358034633e-01,4.898237163506769520e-01,9.088818435122714146e-01,3.585557563095462807e-01,1.096411133165597074e-01,6.310491061373652011e-01,5.854830691463419612e-01,7.810562556019549074e-01,7.619902977208369288e-01,4.260595736686775270e-01,3.447351126145657002e-02,9.468366239190509903e-01,4.620763579878324201e-01,7.992138110089705982e-01,6.301664017331947143e-01,4.851085493429379003e-01,9.066791053687245361e-01,7.419521253922962689e-01,4.867247495840794635e-01,4.234836832946083096e-02,3.351581746963790964e-01,5.863337622001112415e-01,9.961042460409266219e-01,9.603618979224285424e-01,9.618937921216212938e-01,7.996326398481755637e-01,8.162862195908312524e-01,6.982435058991581789e-01,8.197405902705702241e-01,7.347674556459247164e-01,9.792312359648431830e-01,5.820150281205060949e-01,8.603294040240361262e-02,8.271190387535990451e-01,3.899603935881561928e-02,6.268811556552855713e-01,3.266321800858664748e-01,5.070360642468273449e-01,2.546345906155802474e-01,4.217029671334952545e-01,9.952443338796261862e-01,7.697061046608482116e-01,3.522201688020389354e-01,4.386620468348317314e-01
9.759399433267833546e-01,9.263744569217502445e-01,4.862806341543702282e-01,5.533586270136351404e-01,1.985866514935335225e-01,3.131012689957874962e-01,2.807698256978607976e-01,9.710341793765988605e-01,9.882724219441429980e-01,9.909357725851947185e-01,6.941117213376278849e-01,6.012949458838772188e-01,5.846113395987502237e-01,0.000000000000000000e+00,7.498055027090347879e-01,9.698659760186950640e-01,4.131095932387827130e-01,6.249963799306090806e-01,5.011267920224764527e-01,6.730841876273718771e-01,7.644345918628010494e-01,6.234128719663185603e-01,4.182949102702203104e-01,4.163536472823247125e-01,8.069455742563894640e-01,9.409000515602334858e-01,7.975069213921802680e-01,4.979674505964185038e-01,5.615671124252896718e-01,1.881239217268582675e-01,4.668644449863320056e-01,7.010126814307655607e-01,6.894747583332130336e-01,7.020812255408638292e-01,6.570636974574515232e-01,6.418113062561354720e-01,-3.126359493915500942e-01,4.817906059393621265e-01,7.802822199993559860e-01,8.010567552145482217e-01,3.129113289218977134e-01,9.164849711463486370e-01,2.028258378724581701e-01,7.039180776008966411e-01,7.844309976710875931e-01,8.514321578991417283e-01,8.234526784788689380e-01,7.242686609044919344e-01,6.645029582687611569e-01,7.103212798068810896e-01,7.985387583423744218e-01,5.446291686510591479e-01,6.662492555301122721e-01,8.897241868317308233e-01,6.274498196634494818e-01,4.725941202168820743e-01,7.288293951416804362e-01,7.418247611815809162e-01,4.390069114969238351e-01,1.999254083690056027e-01,5.872425028911005818e-01,4.385854712480264372e-01,7.350762241947679243e-01,7.667188832026834433e-01,8.337106046572437812e-01,7.978892396312556867e-01,6.997989850980305127e-01,6.817413903290097110e-01,7.923113186444084022e-01,5.302656658923234900e-01,7.003084683324182214e-01,4.511125122920392472e-01,3.836153533594234277e-01,1.847269493155694331e-01,3.957064726366229523e-01,6.950821611773233544e-01,6.151854665230541697e-01,8.041006524951764822e-01,1.028790352283954351e-01,5.467062410738379730e-02,8.939315386838061483e-01,8.520079450374992147e-01,8.128320185834575495e-01,2.901261226784669356e-01,8.022682279303116060e-01
6.019062799639666173e-01,3.805091446773735120e-01,8.609784957525727922e-01,2.413497903876589690e-01,7.073057675729328420e-01,8.183562675647876317e-01,3.597617190243173613e-01,4.863459778654023458e-01,7.196516613953513053e-01,9.935086578227654286e-01,2.088040416653418052e-01,4.347307472745353674e-01,3.604693100254172111e-01,7.498055027090347879e-01,0.000000000000000000e+00,5.636393640113639414e-01,8.469224377481577859e-01,9.912942737259109460e-01,7.248094798209303580e-01,7.876387938274489464e-01,9.880152409195324115e-01,5.448218989239939081e-01,3.524606054521051135e-01,5.804499822928651520e-01,6.154632057951652246e-01,6.102562607694126395e-01,5.010981075443964317e-01,3.385588215886400354e-01,2.164630469649805877e-01,3.929007778208372104e-01,-1.060706823114471731e-01,6.314757176403864580e-01,4.820832684664292378e-01,6.773051815316726287e-01,5.223000776954788149e-01,6.937945247807588700e-01,5.822228083539897625e-01,1.443697288075798668e-01,4.527143876607361284e-01,2.098273109481439413e-01,3.797035768917452758e-01,5.336993821605349186e-01,9.888142365975174375e-01,5.790301056461137907e-01,8.860075771444166914e-01,5.894712569726338058e-01,6.071405446133094630e-01,7.367306467822376526e-01,7.691244633359975991e-01,3.254235365389587797e-01,1.488441722054268945e-01,5.768136798304552837e-01,6.370244795954403960e-01,7.755660564316660954e-01,2.481846532535063321e-01,3.152140259654446774e-01,5.450680667785845479e-01,-4.617535459562011058e-02,5.983409765995357787e-01,1.447037152066493193e-01,1.273183083730422271e-01,7.620281208649006821e-01,5.330152242629022652e-01,8.395688297087250396e-01,8.294437754445865840e-01,6.963630532487925517e-01,8.861378396318042583e-01,7.476841359923067643e-01,5.989301022141080288e-01,4.353464634299240021e-01,8.074586171716513494e-01,6.935874256705141239e-01,7.727180649680096547e-01,5.568493302786000632e-01,5.237154585819575603e-01,5.685956612546837485e-01,7.366029565353322539e-01,6.367490453392259386e-01,7.053849420402260595e-01,3.979420557858122098e-01,7.379085075105084046e-01,7.376097960372139939e-01,6.326554499504863927e-01,5.565482632086236059e-01,6.482863505749859589e-01
7.967390320236916734e-01,9.120771371986799991e-01,4.089340596299170794e-01,9.657500450001155201e-01,6.718439736498452719e-01,7.871774553779282702e-01,7.023962656801870930e-01,7.293048573140108459e-01,3.680546776124461461e-01,5.507598932468638075e-02,9.514023493994147040e-01,8.979227542713763555e-01,4.571364280360099563e-01,9.698659760186950640e-01,5.636393640113639414e-01,0.000000000000000000e+00,8.603755161472383950e-01,3.403392945888111809e-01,5.752782061505005151e-01,4.805188943866885443e-01,6.711642710247985866e-01,9.111367110801419367e-01,5.932222209663715606e-01,7.067139389585558318e-01,2.494120623487991462e-01,5.252704200656014288e-01,6.340592652488121761e-01,7.435386627055646791e-01,5.663280058417141660e-01,4.682225130187284146e-01,1.552830981834665558e-01,5.386022144835038716e-01,4.911757456062287308e-01,8.416149884256504121e-01,6.181050123452610512e-01,3.492552938681460217e-01,4.226739544755792055e-01,3.922261692880695261e-01,5.034400922279044233e-01,4.449999390018417045e-01,5.991277589437303819e-01,2.929545440092540809e-01,5.621123087594296353e-01,6.553447408348253012e-01,9.323535527175311755e-01,7.579549344757317009e-01,6.908915121142122917e-01,4.494523323523647584e-01,7.615622911649049254e-01,2.227014547508187337e-01,7.352988937891822285e-01,2.670786967149387237e-01,4.950327992099335939e-01,3.550550040663648654e-01,3.176953023747542959e-01,9.208224454478719512e-01,7.684278813362497296e-01,7.204846934451927254e-01,8.362719544592639442e-02,8.040592716061309986e-01,5.076950395700620122e-01,4.964863663024537965e-01,4.617839308342160942e-01,9.226917815450104143e-01,9.201641567302689673e-01,7.044549451608617119e-01,4.693557444580338522e-01,9.133229661728576865e-01,4.746493291822941329e-01,6.784897512766765448e-01,5.000134467236249103e-01,5.995934584706641424e-01,7.476668796153167207e-02,4.009360743518610715e-01,4.649982508962671734e-01,-1.655594453453943515e-01,5.377458353542475811e-01,8.588183733744237935e-01,3.425072813515019354e-01,3.386749422532724790e-02,5.265384291729425792e-01,8.327411307923274775e-01,5.143155608437179893e-01,4.024169657597781447e-01,9.236335013598537813e-01
6.088261550311476755e-01,6.011593849281846591e-01,7.984818841254337496e-01,9.887634398578466488e-01,5.265805683116577818e-01,7.317486196578651958e-01,2.514347847499729394e-01,9.759081266443996316e-01,5.684041912988224698e-01,3.622606131874676061e-01,6.028996208826701286e-01,6.783691615928884033e-01,5.975987470306066696e-01,4.131095932387827130e-01,8.469224377481577859e-01,8.603755161472383950e-01,0.000000000000000000e+00,1.173195090704370891e-02,8.053955125051531772e-01,7.720104244475533006e-01,9.420910775724130604e-01,7.042968188790703632e-01,6.660028922263339091e-01,8.139311725777841344e-01,4.873144882483056994e-01,6.494664740134954428e-01,9.189408071477636053e-01,7.261119179659643041e-01,6.040731046519050296e-02,4.352791833750148665e-01,2.034518236468312383e-02,6.093090809442551770e-01,9.541340490798173590e-01,6.937464101205751410e-01,4.202394495575966227e-01,4.330319564308831026e-01,1.671605763963256441e-01,4.726784277023591829e-01,6.272784636173164285e-01,7.417879952942193489e-01,3.161188040015048273e-01,6.160043526373057965e-01,6.629472385537629187e-01,5.243441343111749919e-01,9.055009802800821905e-01,6.138954033822847656e-01,7.625302039218889716e-01,5.753339345754866496e-01,5.865379176278686657e-01,5.717502213874590122e-01,5.303809265981387355e-01,3.331323142921850944e-01,3.775656272387128976e-01,9.464811184282069245e-01,7.082764264083339922e-01,7.673670879895353458e-01,7.151256981433653515e-01,7.707161670844242529e-01,6.836534615085024802e-01,1.737334144851468976e-01,2.181414912670725792e-01,6.890406527432493267e-01,2.115789269431511410e-01,8.621561175271184041e-01,8.119363468954856611e-01,5.030343656930309493e-01,4.477720551701479534e-01,7.765012175125541871e-01,5.632596897833528349e-01,9.058910623166599452e-01,6.550723605107593439e-01,4.938030553194506789e-01,7.625850026675584648e-01,4.192412757073090690e-01,5.535282472971934098e-01,7.877270268172278378e-01,6.757546615955829783e-02,5.630537752595696777e-01,2.464777554579213326e-01,3.651608505436764185e-01,9.901783708117330995e-01,6.708828332797741600e-01,3.529561065380257823e-01,2.061865875568780759e-01,8.419646424608738799e-01
7.565959753154325451e-01,5.171487777389058849e-01,6.885253857091599983e-01,4.841908251981664746e-01,9.187196866823014174e-01,4.243924384978943753e-01,2.251723615042406368e-01,6.725234498452390408e-01,7.492789842296987413e-01,8.308665001862343136e-01,4.552656140085863390e-01,3.743402095863643808e-01,5.350762534032255102e-01,6.249963799306090806e-01,9.912942737259109460e-01,3.403392945888111809e-01,1.173195090704370891e-02,0.000000000000000000e+00,4.782567467512263693e-01,6.685262236781958078e-01,8.067905317060554138e-01,7.181887980772381219e-01,9.131294072191403766e-02,6.083309282770744675e-01,2.911587021405828146e-01,6.496544659188927540e-01,6.503594628307090009e-01,3.146798038788022334e-01,4.367294146467359806e-01,3.776324331303021475e-01,3.551890583189416528e-01,3.899734423375270653e-01,5.791898524521112979e-01,7.134645624215997239e-01,4.064448896304692083e-01,2.676525926188652593e-01,-4.118198693812247235e-02,6.424639640464906432e-01,6.672230600775437281e-01,7.787070368376691754e-01,3.316651038047178091e-01,5.794662285108472810e-01,9.744404452891830548e-01,2.850183687957973389e-01,4.065337157694323689e-01,5.768887731560883303e-01,7.337713328983667127e-01,7.761672841200970563e-01,7.271010776198089109e-01,4.111147728338749863e-01,7.356917652275954955e-01,7.816011938718991914e-01,7.577857424902301187e-01,4.618380100137666755e-01,4.450652766574583197e-01,8.612359272618723693e-01,6.447979695954344503e-01,7.144540970732851104e-01,7.211971841914822656e-01,2.776978260116687025e-01,2.337401203358531188e-01,7.450832631030999131e-01,5.207960860758232835e-01,6.695142591035592172e-01,8.499828249308675199e-01,7.184931219856051099e-01,7.553927171587999645e-01,4.413991823190758224e-01,6.904457773891022887e-01,6.238461722236711138e-01,2.030096164013550086e-01,8.414793312764683453e-01,5.038462493227089389e-01,4.919355975788992086e-01,2.863770742523230606e-02,4.840815250718660256e-01,9.770790996637168657e-01,5.488260664621644747e-01,3.742391153227256351e-01,6.515708068063759129e-01,7.426535157176772373e-01,4.101036981658332664e-02,6.394382537769744967e-01,1.688129184780438191e-02,2.415526069767661432e-01
