0.000000000000000000e+00,7.928376296991190841e-01,8.335599633554636734e-01,4.167435950074788731e-01,3.740914538173182313e-01,4.437871520664907199e-01,4.590244133455836928e-01,6.606516370034734020e-01,1.241449494191481789e-01,9.943350613637610413e-01,9.016981273615092274e-01,8.601724013331819851e-02,7.719314175324818450e-01,7.217585844376875892e-01,8.647317782417111021e-01,9.239011026868617638e-01,7.249874967799128100e-01,9.271142745311029554e-01,7.804949073024218809e-01,5.085370459674826149e-01,9.705157745827607263e-01,4.737768552785011078e-01,8.803821855277973452e-01,4.693571907157945144e-01,7.909612571848316787e-01,4.595177080641079104e-01,6.589752929943588633e-01,8.836431158905463379e-01,5.239881575761735633e-01,3.563134342390835707e-01,1.142665983302456056e-01,7.838633906906727900e-01,5.790551127380811902e-01,8.320887751006126321e-01,8.739892768939082623e-01,6.418245358624030672e-01,3.667746851230149208e-01,7.941577951868957763e-01,3.377223121638536218e-01,8.784148070058070967e-01,1.476594838489756201e-01,7.889004863159579939e-01,9.849636922350665236e-01,7.268390872856659302e-01,6.170733016288216799e-01,6.294363194016983076e-01,4.992919666788551702e-01,4.131945525442473066e-01,4.759553492398009844e-01,7.799253240566990097e-01,7.271774375741446583e-01,5.108684465198477520e-01,7.633744682204466336e-01,6.844549487186822878e-01,7.059264073362371272e-01,8.792373934853118245e-01,7.289665197277476194e-01,9.219225691331259798e-01,8.393236087396843681e-01,3.147053220096111548e-01,4.861184371716647523e-01,6.763636932171215310e-01,9.137684193894562990e-01,8.215747818433319916e-01,9.896234085314224993e-01,5.505604790491890332e-01,3.168739476004156508e-01,6.697352621708494436e-01,9.423886376141042964e-01,7.301944454908535498e-01,7.619151616056629717e-01,6.304403401872699098e-01,6.543380275231081011e-01,4.907501530287533553e-01,7.501649133948707915e-01,7.882636762816086495e-01,5.002882914624304789e-01,5.942882000910092444e-01,4.666351288238972939e-01,5.258009253163803409e-01,9.138317774540367644e-01,9.164286385298350268e-01,3.091073617136733120e-01,3.332903977561445519e-01,7.282266164618405035e-01
7.928376296991190841e-01,0.000000000000000000e+00,5.188423970974481714e-01,8.758957331026397952e-01,2.037162974555793427e-01,8.272311844129378589e-01,9.464618436463918816e-02,7.987743682404444545e-01,7.434275141375921159e-01,9.188371576246506800e-02,8.022462036789745898e-01,6.919329155128631781e-01,5.537601220922204748e-01,8.544025564986730270e-01,4.866986483851905021e-01,3.768886973199129242e-01,9.478725752765551071e-01,8.664282140307709712e-01,6.129663179452947697e-01,7.560502741222376866e-01,4.588565918532970245e-01,7.102332472082388826e-01,8.694450819048292756e-01,7.264725560363678447e-01,4.212427910091894878e-01,2.270062204977571496e-01,2.836620944472191264e-01,2.969470051010739131e-01,7.877692137648448778e-01,2.109926745739672260e-02,6.381759296573649154e-01,5.933967299906093285e-01,6.053048894243634459e-01,3.381676387980543375e-01,2.920818028590760340e-01,4.560801361944027965e-01,3.988707756820269457e-01,7.138955323346064530e-01,8.465636921635528722e-01,9.951491356109095632e-01,3.053534859439292481e-01,5.109388526115160589e-01,7.605881004917619537e-01,7.656224689725175114e-01,3.518430419667798459e-01,6.926481322600654966e-01,7.887322321366103672e-01,9.282097532640567472e-01,4.616070982379517074e-01,6.915728115173693791e-01,2.457274599159334216e-01,3.857650769723831585e-01,5.966611657205909136e-01,9.945291309191835183e-02,7.966625685807229296e-01,9.801064879122115547e-01,5.926186315911929903e-01,-3.130764645115911016e-01,4.985673457035366685e-01,2.484126333472113646e-01,3.108549682903241629e-01,6.828417251705360957e-01,7.307263498944303048e-01,8.433368062046480151e-01,2.476904941346881883e-01,-9.948040053433859775e-03,7.208245881472146177e-01,6.368364869435445552e-01,7.288300507511089599e-01,6.806772724510442574e-01,5.843859198314678149e-01,6.710180126726856820e-01,3.438836657129361041e-01,3.486177972929561664e-01,4.354970606276528100e-01,5.404690138720642523e-01,7.356710687340993760e-01,3.789833854189621487e-01,3.198343007010921446e-01,5.293208583674753331e-01,7.037850078161925760e-01,7.931699413605720617e-01,7.347649972137519914e-01,6.277199167913146693e-01,7.097197340131199406e-01
8.335599633554636734e-01,5.188423970974481714e-01,0.000000000000000000e+00,9.273888658797337925e-01,7.998516530031486438e-01,4.509849127897653243e-01,3.767691727915561950e-01,4.871913330592966274e-01,6.818729541829192664e-01,9.497906798994013577e-01,4.628519347285176000e-01,2.750949007095173093e-01,8.846497726256834504e-01,9.262929151783215742e-01,1.612797599239345625e-01,9.055783349107158209e-01,6.021266032922196754e-01,8.447766363014326263e-01,2.923888419949032813e-01,6.294478951684755463e-01,8.183298095859943277e-01,5.649070970766866262e-01,3.692083421394291021e-01,8.294424442095044148e-01,6.080637545492995066e-01,9.619687893307377058e-01,7.753690089656356532e-02,6.644212118770569386e-01,4.218108335963913769e-01,6.334379619655381433e-01,2.680910179344801469e-01,8.736939072804295048e-01,6.729954558721696900e-01,3.552718028532366595e-02,5.752082887917748799e-01,-1.318416052544165717e-01,5.938303065650252233e-01,5.962415868740349456e-01,7.015278762626320219e-01,5.635440339067815385e-01,4.727213265998282399e-01,4.585912327863049809e-01,9.988227306718928666e-01,9.523067539297095374e-01,9.970381908599710297e-01,3.529947234338977058e-01,4.799114919687469394e-01,6.578206762754960080e-01,8.997354430669914915e-01,8.593569867602409706e-01,9.869418885042545719e-01,7.647714436259417381e-01,6.485369724305732886e-01,9.954889654317585768e-01,6.516720005419280870e-01,8.025456305660175760e-01,9.613457125657103308e-01,9.770912504759615702e-01,7.494403871714833132e-01,4.332329099417866480e-01,2.530695632426190333e-01,7.042703524000476500e-01,5.404032286414740538e-01,6.840026955688842669e-01,5.124566794544906934e-01,7.317861133005876262e-01,7.704813405918589098e-01,6.093773474867294482e-01,7.240562042705839252e-01,5.170275574859595213e-01,6.134469886708747710e-01,6.650904988560315534e-01,3.642279484615466578e-01,4.139151012420829723e-01,8.734884248303397269e-01,4.014511977312132940e-01,4.151228192173000986e-01,5.034896342122553436e-01,4.912294910896527478e-01,6.781366233086549844e-01,6.622348481167823486e-01,6.922776499945376694e-01,9.166989609384516013e-01,6.990232305366950172e-01,7.091698193031709119e-01
4.167435950074788731e-01,8.758957331026397952e-01,9.273888658797337925e-01,0.000000000000000000e+00,7.717994024222609717e-01,7.793430012351850733e-01,5.332514354645343652e-02,5.818293742955060743e-01,7.684544214682272889e-01,6.392073718580212338e-01,5.556867974122180476e-01,3.493319637362863328e-01,6.147776097991803912e-01,5.838998206202883345e-01,7.517607961766620273e-01,6.294150449289256377e-01,9.772411983933629864e-01,9.185667327185941256e-01,8.619649097387545034e-01,7.093078896019445745e-01,6.277469200378049674e-01,5.835423740144778382e-01,6.355689145227153558e-01,5.275531281374052917e-01,6.185055761507559646e-01,7.609822178975285401e-02,8.742579460124921820e-01,7.071210070939070169e-01,2.838299121044784989e-01,1.117225003436289610e-01,2.860735778168688181e-01,7.356828790526036554e-01,8.594553657005417069e-01,9.000207931572573594e-01,7.734003063009103895e-01,4.874958624186856437e-01,3.655489649808071340e-01,4.617817165275542313e-01,4.073776993400549662e-01,7.417843490999327383e-01,4.960705539870956526e-01,6.109259394134280985e-01,8.179534263639192115e-01,5.166004007473145032e-01,7.800540210196186264e-01,7.405163548734227108e-01,5.920356262532099345e-01,5.165108662873951761e-01,3.721860275508910854e-01,2.733994785857065124e-01,5.708255767732620667e-01,4.048533800234647151e-01,7.688369338530428587e-01,8.577780430534709399e-01,2.757475667667889097e-01,8.619950153655081548e-01,4.569579403119496397e-01,5.496707236581108713e-01,6.933792280710805445e-01,-1.641217417498760101e-01,5.913783661952465298e-01,6.242007786913906786e-01,7.155417556801737522e-01,6.125361464603141792e-01,4.918739640073830355e-01,6.628657822585376502e-01,4.850596153314700731e-01,4.006659721020507381e-01,5.315680623880910671e-01,5.521640241338953148e-01,6.634926091021940975e-01,9.370309794577267315e-01,6.751263421049673585e-01,7.328183631636269180e-01,7.358236235748822907e-01,6.544721159103542574e-01,7.984298662058624263e-01,4.286459963209233726e-01,4.382096820523341818e-01,4.651587145558630509e-01,3.708205848061236765e-01,8.503945391486144034e-01,8.300215738651403052e-01,3.737081741912989807e-01,7.560944515228962270e-01
3.740914538173182313e-01,2.037162974555793427e-01,7.998516530031486438e-01,7.717994024222609717e-01,0.000000000000000000e+00,7.320725151675473441e-01,3.952593368638481763e-01,3.271431178157990782e-01,4.759903164446136481e-01,8.577655351639463799e-01,4.037709809833553432e-01,7.029246811199723055e-01,5.276436948454839015e-01,2.672647984024255075e-01,7.201020124459859284e-01,5.920727585820403371e-01,9.833535480317672217e-01,6.754051266901910378e-01,7.630742648765090896e-01,7.738284578852518969e-01,8.335615622001706360e-01,7.920184760646005184e-01,8.630714581211411662e-01,7.346260981681272950e-01,9.765061982583516098e-01,7.237982116752511574e-01,6.608933325566036521e-01,4.453146728726565806e-01,3.782446305865450054e-01,5.244400863849804084e-01,-3.841639478662937646e-01,5.201849934559376054e-01,9.019858816911517918e-01,5.638744725865680874e-01,6.620583027247809449e-01,7.174721428362702547e-01,4.965900888554323767e-01,2.956095120346134419e-01,8.220826376530737667e-01,6.906293747343994482e-01,6.923282917362616473e-02,4.007873948305071266e-01,7.792604957709250435e-01,6.571508439579215599e-01,8.915397438135654884e-01,7.098253015577119518e-01,8.736546638091650108e-01,8.302896032816688976e-01,5.088194392596189219e-01,7.132258191011684456e-01,5.171274279832760445e-01,8.754712541140965976e-02,6.750424868140841861e-01,6.348647631182120499e-01,6.992227537137939430e-01,4.819959002236552936e-01,8.264781829335523522e-01,4.787926310004563257e-01,8.379472283476205874e-01,2.008156546165254519e-01,3.489123522115092912e-01,7.149896609863486407e-01,5.413738584292457912e-01,6.605096930219636064e-01,5.244832953927228703e-01,3.039713685285341249e-01,7.038191786044353249e-01,9.895464392297552703e-01,5.620470862133246648e-01,7.999020870402069328e-01,6.867510888655614654e-01,7.666035519726435155e-01,7.744778011737322165e-01,1.317815904044985220e-01,6.078463173301414946e-01,7.477390064964526406e-01,3.013051510408837341e-01,4.982007033241191846e-02,3.785895606744463238e-01,1.344129303920138796e-01,4.451997996746031028e-01,4.988312603988017679e-01,4.219643530476369087e-01,5.940305358409676550e-01,5.635422692087431740e-01
4.437871520664907199e-01,8.272311844129378589e-01,4.509849127897653243e-01,7.793430012351850733e-01,7.320725151675473441e-01,0.000000000000000000e+00,4.725316744948074299e-01,9.755273405155293620e-01,3.963464633394707670e-01,6.636242463657228141e-01,9.155705455702271012e-01,9.039258585724855299e-01,9.459267684561689649e-01,9.144413155789742342e-01,7.242733256862772251e-01,1.221607999350910606e-01,-2.825299121599311736e-02,4.390877067321529159e-01,4.866946154508883238e-01,7.770108411862377551e-01,7.336337170510642824e-01,7.268885472655650659e-01,5.393482423768675149e-01,7.086205181829456912e-01,4.778325884007971203e-01,4.933955881673046662e-01,7.197188439578194874e-01,9.258114015864542523e-01,3.024795244958262685e-01,1.721756555412906620e-01,1.108395106467435359e-01,4.325087379195586279e-01,7.057327529852993608e-01,8.475373300660363762e-01,7.429881080202204169e-01,7.851730589252846615e-01,2.128433011894676763e-01,7.797281720896926949e-01,9.842883738314609499e-01,4.438836368949309885e-01,-8.808479278587612316e-02,3.502333565583334307e-01,4.483389331893028462e-02,-6.058560657735578836e-03,8.394223155858885344e-01,8.932980387133416800e-01,7.584368875344994487e-01,6.591764462470316444e-01,4.732187070344964219e-01,5.861590384254908859e-01,3.556789628222850608e-01,9.719805565993883123e-01,8.841896877149147960e-01,6.709653915436817329e-01,6.223174125585201333e-01,4.283693252522791095e-01,5.815961389710756491e-01,9.808449821917444300e-01,5.634758984516815561e-01,-7.413153377669573496e-02,3.718781646919686601e-01,6.854600567931580235e-01,5.771465646324124288e-01,8.437750475047886001e-01,5.653214580702270453e-01,4.439832974958356493e-01,2.913175572933899837e-01,6.095728448317512260e-01,8.303192220208166496e-01,5.865140230297336554e-01,9.790523093568981317e-01,5.231330849490020141e-01,4.944460574740568992e-01,3.384329862206649775e-01,2.214011868866478383e-01,6.874671047389578904e-01,5.069975499858062618e-01,7.194251160807745293e-01,3.004620180616779934e-01,3.546116056942300032e-01,7.136570452748841609e-01,7.937326258669754608e-01,4.411624968738877550e-01,2.000250932154364059e-01,5.813446624284946962e-01
4.590244133455836928e-01,9.464618436463918816e-02,3.767691727915561950e-01,5.332514354645343652e-02,3.952593368638481763e-01,4.725316744948074299e-01,0.000000000000000000e+00,4.991394680777153092e-01,5.982319891819265489e-01,7.780133752369683409e-01,2.830957786081945704e-01,2.436407773182938108e-01,6.363258769390794933e-01,6.686672514127027789e-01,8.229896824474701444e-02,4.703221194601071575e-01,2.293457537458061801e-01,7.303503908287360957e-01,5.702041017728639583e-01,8.711304659095444602e-01,9.161275665059153139e-01,2.817456795152201154e-01,2.320636826342882542e-01,7.984624950160320589e-01,5.476541245707134964e-01,3.477220656622742045e-01,5.111062403006682020e-01,5.902626135500410598e-01,3.059698281198731107e-01,5.525552998548842742e-01,4.322036324564985099e-01,7.389481699718476460e-01,3.843505865417612410e-01,7.119932236294608252e-01,7.543065649491149660e-01,1.113141757336942039e-01,5.398157144371308336e-01,7.886723872366712129e-01,7.146698149833551339e-01,5.697034214673626362e-01,3.582072342238634133e-01,-1.570577819238861972e-01,7.371603530680798100e-01,3.255685570668994111e-01,9.899557830069261044e-01,1.720244515323678114e-01,6.119599911997135600e-01,6.174236195778812775e-01,7.789551216719297067e-01,3.348813067066494509e-01,5.092703928247223066e-01,5.631641685408729225e-01,5.487425196893418455e-01,8.943161396678869224e-01,1.591313056985784735e-01,7.754216148278971765e-01,7.143702768852092655e-01,3.459573820860741833e-01,8.899237767621571704e-01,7.140822507146281639e-01,2.339998645118559206e-01,7.023142375546250760e-01,4.832928477693156366e-01,9.745178023284080115e-01,9.711887420626706957e-01,-1.351110812533264371e-01,6.249318432969021009e-01,8.389854318200670180e-01,6.530652273140898911e-01,5.255588481505961695e-01,3.839116382787906567e-01,4.657262977558223049e-01,1.174502786994410103e-01,-3.833831293995126899e-02,5.417001934142779973e-01,5.983971117251192240e-01,6.432449358076529622e-01,7.308917586194166871e-01,5.324514831127981074e-01,8.379922102790689220e-02,5.677826196412548709e-01,8.951547754689742620e-01,4.375819864631388389e-01,5.395665778808437230e-01,4.488605900100869905e-01
6.606516370034734020e-01,7.987743682404444545e-01,4.871913330592966274e-01,5.818293742955060743e-01,3.271431178157990782e-01,9.755273405155293620e-01,4.991394680777153092e-01,0.000000000000000000e+00,6.409477422152028980e-01,7.564724687209262166e-01,6.973599725799759508e-01,5.247252094911363240e-01,9.277827871055200903e-01,6.706904382085294714e-01,7.694336723553975022e-01,5.002519411602804889e-01,7.717733589787660886e-01,-6.811158561162236613e-02,4.808565869476966737e-01,5.886005130562310672e-01,4.917916628365629483e-01,6.990263840475223756e-01,9.877224588690581841e-01,8.109761207461598786e-01,7.886158716890079301e-01,2.921794539809021707e-01,6.404402980664919420e-01,5.575091190421139764e-01,3.267223756605703855e-01,9.100118225466452548e-02,2.588636778748554246e-01,4.444883971518767130e-01,7.361200079176002387e-01,6.844320109588667433e-01,4.300491326544068627e-01,-2.131845091075321441e-01,7.473376425997983741e-02,4.594110315488215135e-01,6.310685990907364262e-01,5.839182347990614641e-01,4.558664763142283860e-01,4.340109695486043528e-01,2.601139654126334855e-01,7.972750682637672615e-01,8.190779209781390291e-01,2.584435036698601307e-01,4.000713547550128202e-01,4.095929391297142286e-01,4.274796277267106648e-01,5.438849289722949010e-01,5.461168827827361100e-02,6.276300029641156408e-01,4.651778335571830070e-01,6.132347794946330088e-01,2.038132552892938931e-01,9.607757416493428737e-01,8.264721642096312104e-01,7.738076781654171787e-01,6.543790149094724784e-01,5.166180155355263315e-01,7.690481738711743565e-02,7.813621302931377244e-01,3.168438072296517749e-01,6.412644836468340825e-01,1.732146049178040215e-01,4.867146686930982624e-01,7.512173235965508011e-01,7.148125618497829237e-01,3.484283674613184445e-01,6.769447727378777868e-01,6.365945487388162405e-02,7.102633765857877535e-01,1.549983533341583453e-01,4.950197907248439777e-01,6.851996211300728223e-01,5.210401891640346200e-02,6.290162751840435718e-01,-1.556726555333514672e-01,6.819653840139355827e-01,5.708745863762317019e-02,6.436759533368935360e-01,6.255327020607848176e-01,7.984762650414798379e-01,2.920807093864933313e-01,2.000242670862131464e-02
1.241449494191481789e-01,7.434275141375921159e-01,6.818729541829192664e-01,7.684544214682272889e-01,4.759903164446136481e-01,3.963464633394707670e-01,5.982319891819265489e-01,6.409477422152028980e-01,0.000000000000000000e+00,6.626090571025793352e-01,7.666088845921847916e-01,6.482540066348697616e-01,9.664480071403680483e-01,8.788070739931311826e-01,4.018293560256140928e-01,1.941564523411522247e-01,5.506239129881260741e-01,6.508183351991581045e-01,8.769355504537160728e-01,7.128753948017931830e-01,7.894820232226023027e-01,6.199645340659885040e-01,6.766827067421543607e-01,8.834820010001365187e-01,7.741171401975944777e-01,8.423140597392700935e-01,4.207424891368402586e-01,5.274151069691184190e-01,2.062079522093108741e-01,4.733374810234790564e-01,5.569976709404980131e-01,6.213743608263500029e-02,4.272160959087956122e-01,5.269390673453506757e-01,4.240265635798066146e-01,4.121685013325308011e-01,5.045708655629644879e-01,2.028979122860361806e-01,6.256183406439562722e-01,9.281876494150939072e-01,4.621732830911299272e-01,5.942121765405623535e-01,1.786251471155216597e-01,8.012617104037940141e-01,4.258799097300049463e-01,8.399341335458629931e-01,8.958545273697335887e-01,7.845948434603302601e-01,8.469370093517767373e-01,6.905780546724179514e-01,3.441241113935966656e-01,2.211053519469318718e-01,4.760558849745192833e-01,6.004406806448395750e-01,-8.573233868029978000e-02,5.880249565413371293e-01,9.224455760787502179e-01,7.375496426789575066e-01,9.875175315652104935e-01,6.106444455297411755e-01,7.156302713878734956e-01,3.084381737120656108e-01,7.558004375691182997e-01,7.999672566233277937e-01,4.630588727084146705e-01,5.283215584756348893e-01,2.244875480339442175e-01,8.952375070056542983e-01,7.855241943487586420e-01,7.601421775634651379e-01,4.124482207641892439e-01,3.704737318587598693e-01,4.443400494333614170e-01,5.366145710398505519e-01,6.503483121029668412e-01,2.842950808051591394e-01,2.674193632815022870e-01,5.407580720560948295e-01,4.704326790498215005e-01,1.772346306326745280e-01,1.835051688025249317e-01,8.556907418733599169e-01,6.397008202773715180e-01,-3.528632433966228943e-01,5.349403996604998879e-01
9.943350613637610413e-01,9.188371576246506800e-02,9.497906798994013577e-01,6.392073718580212338e-01,8.577655351639463799e-01,6.636242463657228141e-01,7.780133752369683409e-01,7.564724687209262166e-01,6.626090571025793352e-01,0.000000000000000000e+00,7.408980138043675945e-01,1.970158687533114517e-01,9.676763455986723272e-01,9.745954191704162550e-01,6.585741078306655005e-01,5.474642404550494890e-01,6.599565603139464498e-01,8.381069064613728692e-01,3.990201369083725691e-01,3.924572882582202382e-01,6.786858532336667027e-01,6.217309356539796328e-01,5.980816984537915548e-01,4.934907618394898110e-01,5.438697710548499042e-01,7.605597672532999898e-01,6.030551179479004542e-01,6.263963788969375557e-01,2.109587775527069220e-01,4.820160836902544488e-01,6.622124564490478038e-01,5.899595765566343353e-01,9.596624263996919035e-01,5.052775561874606192e-01,3.989025619152499758e-01,7.646052754148127129e-01,6.884659699306316938e-01,2.673157369585071885e-01,9.505044637431190324e-01,-3.871417886867253855e-02,4.255705807065367496e-01,4.351607548636950984e-01,9.865915982310820009e-01,5.891300624917190643e-01,9.857271370134934596e-01,4.504054077311816506e-01,7.517937799743205085e-01,8.435055129370018223e-01,7.571230699253641561e-01,4.488200036588421149e-01,6.319682116760186874e-01,8.518011328123378245e-01,5.833305522720125813e-01,3.803799980825562921e-01,3.837050342165650996e-01,9.400363391363425469e-01,7.942524836522361076e-01,8.373231354261272408e-01,5.131393633732790338e-01,6.745328014615131762e-01,4.668501319361216817e-01,7.293186287474784368e-01,7.303141240415711444e-01,7.704610587409709277e-01,7.477686816317087315e-01,8.634788973035891768e-01,5.827386853548815332e-02,6.706767398383873813e-01,-7.352604575684565380e-02,3.659732473332881209e-01,4.471492481629050220e-01,3.571067255413172270e-01,4.974707343161999806e-01,5.348466856391870250e-01,1.559825976825270633e-01,5.224856044644823339e-01,4.605029192192618970e-01,5.539446110742504148e-01,8.149633010291422452e-02,4.470074698302778371e-01,4.435130572626671541e-01,4.613904408821255521e-01,2.806526512946574958e-01,4.526780340608319575e-01,6.018714372278267666e-01
9.016981273615092274e-01,8.022462036789745898e-01,4.628519347285176000e-01,5.556867974122180476e-01,4.037709809833553432e-01,9.155705455702271012e-01,2.830957786081945704e-01,6.973599725799759508e-01,7.666088845921847916e-01,7.408980138043675945e-01,0.000000000000000000e+00,7.245977920661131888e-01,6.212537658289635223e-01,9.390881537037577553e-01,5.778937328920645822e-01,5.297668268002734271e-01,8.027906869127355849e-01,3.849949815286722865e-01,5.342073494545277468e-01,8.406609652644007058e-01,5.886704437998655504e-01,3.608501173304192178e-01,5.710308142968762990e-01,4.680138451912121411e-01,6.135682648380017534e-01,6.234007885508151547e-01,6.178530775216989346e-01,7.080127167895300389e-01,4.705899870871010915e-01,4.880163190077122515e-01,2.010015749352879744e-01,5.624035627491330569e-01,6.862789282545028735e-01,4.037002265442681259e-01,5.976769153167520443e-01,1.798341555224939325e-01,1.060381566631021268e-02,6.642781760174372163e-01,8.581557422786366685e-01,9.962149036261833679e-01,7.531515836546209819e-02,7.743012255126531240e-01,2.183640504095108181e-01,2.465274881455579298e-02,6.508248203410105237e-01,4.862979886802245577e-01,2.566681701512305014e-01,6.057391348692524602e-01,2.331261693701545956e-01,7.124581211785793178e-01,6.369099426661564145e-01,6.809371886878142766e-01,7.643435259764084222e-01,6.982505907290401659e-01,6.618765904097455577e-01,7.788712564541193650e-01,7.034182128483765783e-01,8.221845576516848553e-01,6.783842392372516628e-01,7.660859583405765783e-01,2.214608020783362663e-01,4.769550828350861416e-01,7.422541014798353931e-01,9.561523160123074350e-01,8.918266369224492340e-01,6.597805510722419831e-01,4.442310542564028020e-01,7.932546411390898333e-01,4.804928668342219877e-01,7.907389827027908602e-01,5.546484543069181150e-01,3.194988094444580762e-01,3.840940883347109258e-01,4.316344567287559997e-01,4.750558466161826088e-01,4.932064197563419961e-01,7.635458033944328982e-01,7.503064476950536132e-01,5.366807461797280798e-02,2.587935581090916037e-01,4.475050652410865748e-01,5.083713389218609269e-01,6.606140542727914067e-01,6.749570536790016062e-01,8.468888659852759071e-01
8.601724013331819851e-02,6.919329155128631781e-01,2.750949007095173093e-01,3.493319637362863328e-01,7.029246811199723055e-01,9.039258585724855299e-01,2.436407773182938108e-01,5.247252094911363240e-01,6.482540066348697616e-01,1.970158687533114517e-01,7.245977920661131888e-01,0.000000000000000000e+00,9.386834768756331382e-01,7.825400167878755475e-01,2.027584700224511205e-01,-2.479769617748873167e-01,8.204763638880224752e-01,1.847023822429205708e-01,7.368065249711022169e-01,7.483342616760315646e-01,9.640553157728102285e-01,1.235263249557114751e-01,7.394663078346862539e-01,1.473582135488694655e-01,2.087964520128921808e-01,6.309206701604641587e-01,5.777709852329364626e-01,6.515706704975993135e-01,4.959210806341161071e-01,7.967224314841174770e-01,2.291878082517044557e-01,4.131200919226988844e-01,6.709374178525868704e-01,8.911386235342175777e-01,5.317200997192017553e-01,1.043222650233541354e-01,4.346900223700968513e-01,5.155884674715491833e-01,6.664416932445015318e-01,9.491868278432891159e-02,6.886411694965811625e-01,5.081064754097750491e-01,6.405769480909933034e-01,8.055432466583297701e-01,2.705596608968220962e-01,8.285766055608808633e-01,8.739505597148830018e-01,7.344860652422411373e-01,5.854679388024655040e-01,6.929187613804329571e-01,2.666710784683565261e-01,7.689566553358221368e-01,5.782747668442148603e-01,5.240221214311435727e-01,6.576684144874782589e-01,7.594985080141407607e-01,6.128724633882128847e-01,2.048252054499508645e-01,7.277765969449501160e-01,4.398028920887394055e-01,4.357722063239239385e-01,4.154355447866531770e-01,9.933866902502842544e-01,6.942495405752789894e-01,5.656252508033321469e-01,5.130639406666495095e-01,9.465363601738677746e-01,9.323890666223457746e-01,7.628482502270632626e-01,5.794289681076175702e-01,6.414960771569833131e-01,8.747553714526401514e-01,3.214516388883511544e-01,-3.057256871785041241e-02,3.752422038749414490e-01,5.040612640077160034e-01,2.980106778140658719e-01,2.849609112421309653e-01,2.787161987410138320e-01,3.584217681402538380e-01,3.990766415988500349e-01,7.436773044107327646e-01,5.043849043374212249e-01,7.188594593709367597e-01,4.838848686266421506e-01
7.719314175324818450e-01,5.537601220922204748e-01,8.846497726256834504e-01,6.147776097991803912e-01,5.276436948454839015e-01,9.459267684561689649e-01,6.363258769390794933e-01,9.277827871055200903e-01,9.664480071403680483e-01,9.676763455986723272e-01,6.212537658289635223e-01,9.386834768756331382e-01,0.000000000000000000e+00,4.527208133306405702e-01,2.122589819820761836e-01,7.821992805501474244e-01,2.313203571966095107e-01,5.603365684369916444e-01,4.699850751080208444e-01,5.696449091351372118e-01,9.487798453372213725e-01,4.975232029067637174e-01,6.541466615304714072e-01,9.291831360846515286e-01,3.447328144179598874e-01,5.503729276800732872e-01,9.470375471829415304e-01,2.694259611449189573e-01,6.698830803791491206e-01,-1.635302941820951372e-02,7.699544076121576097e-01,3.448599989750523731e-01,3.897403625170391961e-01,2.890518465363289824e-01,9.317026088355300217e-01,6.364069972838317657e-01,6.877973028218480056e-02,8.052834036124771888e-01,9.450453288154128106e-01,6.096753269567575240e-01,6.178824246866547742e-01,6.357601351401809264e-01,7.688745944704022950e-01,6.821028554166900237e-01,7.718099574615768788e-01,6.995292897536654619e-01,5.856446828634674917e-01,4.118068680042900054e-01,4.526512174852408976e-01,6.449204175480548473e-01,6.860336473563152238e-01,3.815693807161797679e-02,6.537419758114736412e-01,5.568624479311601316e-01,4.597427691164063246e-01,4.295138664104137249e-01,5.484541174713369882e-01,4.106351289731123844e-01,6.062949276430178447e-01,3.453926570103118543e-01,5.752606671463643684e-01,9.572438322734816429e-01,5.097157269685708147e-01,4.681223499373224906e-01,7.294134512240760815e-01,4.556647811192579001e-01,4.811505611682881933e-01,6.989651131761238645e-01,5.608966144158853417e-01,8.754021372506751719e-01,6.088243455256445724e-01,2.220061956150827520e-01,5.937145629133659952e-01,5.870593918656167309e-01,2.359939224831007210e-01,3.921882882382773383e-01,8.030014955154161083e-01,2.268922321654762153e-01,2.893976585043497307e-01,3.502255030256151147e-01,5.919840403535641116e-01,4.403296647285975252e-01,7.685721508855463124e-01,7.176368598594284887e-01,5.069010538879583638e-01
7.217585844376875892e-01,8.544025564986730270e-01,9.262929151783215742e-01,5.838998206202883345e-01,2.672647984024255075e-01,9.144413155789742342e-01,6.686672514127027789e-01,6.706904382085294714e-01,8.788070739931311826e-01,9.745954191704162550e-01,9.390881537037577553e-01,7.825400167878755475e-01,4.527208133306405702e-01,0.000000000000000000e+00,4.611291646456697757e-01,1.406763471374042340e-01,6.255472809632820486e-01,7.538470093752559498e-01,9.414050537240081784e-01,4.622444630016178113e-01,6.078001491086199026e-01,2.333342036399412289e-01,8.367622437150293857e-01,6.045670776366921517e-01,4.061337886826505983e-01,9.660815494493573130e-01,7.519378305670619822e-01,4.115630659515703837e-01,4.751425734867448791e-01,4.628006050418297379e-01,1.641333968644809183e-01,6.076169813996641356e-01,1.987352391956206943e-01,4.960571371533585294e-01,6.955887243540137543e-01,5.590793324161026367e-01,1.829271433061228636e-01,6.479643845541137592e-01,6.737035333297027861e-01,7.832638933462507946e-01,-1.153713740971043372e-01,7.161982864052702791e-01,7.719405932989505947e-01,7.983546162354069331e-01,6.737459929179970830e-01,9.909703940045425652e-01,3.907379087094682846e-01,8.591028448078047441e-01,7.275093180723052333e-01,1.059325181893971957e-01,6.000283946098038390e-01,6.622654828292455775e-01,8.077498646733750620e-01,6.037144102172750104e-01,6.488626515772433212e-01,9.962669642823387406e-01,7.468270087474967456e-01,5.342224850093105770e-01,8.836762517597746003e-01,3.901117266935135164e-01,4.367541981303698084e-01,9.936847808245409253e-01,8.275912906790244827e-01,6.808045819095642770e-01,6.125387694763815283e-01,6.914403541348995708e-01,9.337636454296627253e-01,6.888423122427606016e-01,5.411425541358099167e-01,7.519932125833467262e-01,6.524686559319573531e-01,9.121734214823046250e-01,3.101720948159590874e-01,2.373288813093032135e-01,4.302743012579572368e-01,6.313915555873211849e-01,6.771757725450125998e-01,9.255140729382688169e-01,2.712938653861365554e-02,1.823151202150383177e-01,4.514099324986169393e-01,9.944616575106992595e-01,6.674527782553389965e-01,7.958451178867379516e-01,4.987675277593863199e-01
8.647317782417111021e-01,4.866986483851905021e-01,1.612797599239345625e-01,7.517607961766620273e-01,7.201020124459859284e-01,7.242733256862772251e-01,8.229896824474701444e-02,7.694336723553975022e-01,4.018293560256140928e-01,6.585741078306655005e-01,5.778937328920645822e-01,2.027584700224511205e-01,2.122589819820761836e-01,4.611291646456697757e-01,0.000000000000000000e+00,8.045747496908738361e-01,9.481710817231018273e-01,5.750900375988524660e-01,3.404794578652315939e-01,4.402173675717445667e-01,7.513708681424490221e-01,3.486448499249584776e-01,4.213826316425992591e-01,1.936238290924379157e-01,4.676560878283744782e-01,6.840579784024554133e-01,8.834757468819084414e-01,4.819018961291230418e-01,1.341864863522655160e-01,5.936859475377789241e-01,3.127380961295697093e-01,8.379488591649637552e-01,5.704711200695427031e-01,5.073726244530396556e-01,4.942486366913400597e-01,5.086499098362436966e-01,2.170495642089808330e-01,7.333974370539914078e-01,9.188881166369275988e-01,8.142822520739847469e-01,6.869225804695380244e-01,5.087474268894516261e-01,9.927967442137490828e-01,3.286903254309966327e-01,7.092504911225734343e-01,4.702008963232822691e-01,3.032584519509665677e-01,2.300513440255272379e-01,5.015072077236271131e-01,4.901652257426508674e-01,6.277354215525996484e-01,-5.883648611536387851e-02,5.430331958729663899e-01,3.644533230870874441e-01,8.773358901317828140e-01,9.651000534702558475e-01,6.977312824299271021e-01,-2.703765736951054266e-01,8.861383240064988343e-01,6.896932362002180517e-01,4.653410820365936895e-01,6.527454192184570791e-01,6.470910269037934981e-01,8.994858002810152131e-01,6.905629799978044714e-01,7.766435617021816284e-02,2.688466511705848716e-01,9.873755656663597557e-01,2.500065536503248143e-01,6.551561018726648200e-01,6.123750090383859312e-01,3.521826906443292771e-01,2.235852473912621763e-01,1.904859096702083976e-01,4.677786872126715734e-01,6.085321164011725514e-01,7.893627847601549785e-01,4.845055527661203398e-01,6.648383660798568018e-01,1.032847834557356903e-01,6.406005958568030678e-01,9.194245723424130379e-01,4.329754998911322650e-01,6.972003187421016435e-01,7.132966506489409886e-01
9.239011026868617638e-01,3.768886973199129242e-01,9.055783349107158209e-01,6.294150449289256377e-01,5.920727585820403371e-01,1.221607999350910606e-01,4.703221194601071575e-01,5.002519411602804889e-01,1.941564523411522247e-01,5.474642404550494890e-01,5.297668268002734271e-01,-2.479769617748873167e-01,7.821992805501474244e-01,1.406763471374042340e-01,8.045747496908738361e-01,0.000000000000000000e+00,3.629119160180592218e-01,5.837617914596734403e-01,7.034661182041433980e-01,9.687742634116077722e-01,6.394192201501611716e-01,4.678532033965981385e-01,-2.920507302214717660e-01,6.997640413330414866e-01,3.596609251215740488e-01,5.037476325074380368e-01,9.297287769094128018e-01,4.958553031177977410e-01,6.818193732189564704e-01,7.047737466966579323e-01,1.304101464965803647e-01,-1.591595919552949157e-01,6.975148891618407898e-01,8.727942796645014045e-01,7.159138021807222030e-01,7.222367655913306539e-01,2.877646939209866916e-01,2.559186533291532561e-01,8.504212146251272086e-01,7.394124262298802652e-02,6.860188713235235713e-01,5.007443997077696413e-02,8.429005469591741573e-01,2.314648050973930060e-01,9.816030811806620848e-01,7.293308284233579464e-01,8.077854977557619165e-01,4.073184853850690956e-01,6.445089915237999234e-01,7.290148233130159250e-01,9.752941336451738108e-01,4.156720624051366553e-01,4.117134611569572833e-01,9.789085016865091415e-02,6.259959650890123406e-01,7.733310518604227246e-01,4.277436910421646976e-01,6.279135886712728931e-01,7.878121041180321527e-01,2.066874245539294941e-01,7.914966488532915179e-01,1.631052394625834012e-01,8.136590293789580652e-02,7.056205103395863931e-01,7.493865683910904130e-01,2.435795493857482730e-01,9.106979351870785333e-01,8.898247569080856012e-01,2.418528172967506495e-01,4.886770001083857728e-01,7.019982021358266433e-01,2.357870917692471147e-01,4.663288412968485397e-01,3.888366737634394443e-01,5.276426799211602070e-01,6.104283959007922311e-01,5.134177465588877221e-01,6.264508238619908020e-01,3.341684181436476164e-01,3.499835483213713933e-02,7.989630967641991877e-01,6.207424908073211345e-01,6.323784897014751438e-01,1.102457439677371476e-01,5.658992677361257551e-01
7.249874967799128100e-01,9.478725752765551071e-01,6.021266032922196754e-01,9.772411983933629864e-01,9.833535480317672217e-01,-2.825299121599311736e-02,2.293457537458061801e-01,7.717733589787660886e-01,5.506239129881260741e-01,6.599565603139464498e-01,8.027906869127355849e-01,8.204763638880224752e-01,2.313203571966095107e-01,6.255472809632820486e-01,9.481710817231018273e-01,3.629119160180592218e-01,0.000000000000000000e+00,8.042663544783017482e-01,4.646431283996531048e-01,6.779139637026991849e-01,4.096773470350716373e-01,6.851318654844195111e-01,8.923040035648117652e-01,8.918953163595252365e-01,3.868281281630592261e-01,6.978877598447871256e-01,8.187788845880629163e-01,7.467249209339308358e-01,2.013244811825038449e-01,-9.497410795947407169e-02,1.912163955599706366e-02,6.510744854511637536e-01,7.019236587604790190e-01,5.062238665518822289e-01,8.330516718010960719e-01,7.812438947444799719e-01,5.846074364145914526e-01,4.138786701499770349e-01,7.972550474663383513e-01,9.525049758886540152e-01,4.063948432867190985e-01,6.697729219316934934e-02,7.574554212094437577e-01,5.310112492901120085e-01,6.011151628140878334e-01,8.364899843743526242e-01,5.965782377720345586e-01,9.211310813833784028e-01,6.103833089320068739e-01,4.793910401893634043e-01,9.696450068348732021e-01,3.311159776933051413e-01,7.610434622094842672e-01,9.504447760200130935e-01,7.019892823033956342e-01,3.455331610128830055e-01,4.474447895180778678e-01,6.959404183594160020e-01,7.118348563272666185e-01,4.539047155723639482e-01,6.146268344681997675e-01,9.866710264142239950e-01,9.602912092120332588e-01,4.780419629461499786e-01,7.485698690316422432e-01,9.846555234049640948e-01,6.185140894487539676e-01,7.158678483443149387e-01,2.553251592946612081e-01,9.950464426437453103e-01,4.072623481848348659e-01,6.806603982980924394e-01,7.997012241081116191e-01,5.334419879095685380e-01,5.811743652886083300e-01,6.985728372924907559e-01,3.712441122163673279e-01,2.056436304733590681e-01,2.430705157285920903e-01,1.203434238001282464e-01,6.413315857549126697e-01,3.976970457333455222e-01,8.980206710623737099e-01,7.535426271662868380e-01,2.624700351163004042e-01
9.271142745311029554e-01,8.664282140307709712e-01,8.447766363014326263e-01,9.185667327185941256e-01,6.754051266901910378e-01,4.390877067321529159e-01,7.303503908287360957e-01,-6.811158561162236613e-02,6.508183351991581045e-01,8.381069064613728692e-01,3.849949815286722865e-01,1.847023822429205708e-01,5.603365684369916444e-01,7.538470093752559498e-01,5.750900375988524660e-01,5.837617914596734403e-01,8.042663544783017482e-01,0.000000000000000000e+00,6.093851619087912175e-01,3.588330609479233879e-01,6.682468732013874257e-01,4.410017119942677977e-01,5.940571147449350553e-01,6.501920359375570335e-01,7.041179797698290388e-01,3.827731277410365562e-01,7.028399308130599543e-01,6.239210966024566485e-01,2.675533642035775039e-01,4.717796639927213653e-01,2.680523218027450749e-01,6.653149540146567897e-01,4.516045632024261458e-01,4.208910252628424997e-01,7.929990164176051182e-02,2.530928568454240413e-01,7.682271737914248000e-01,6.605445116267983918e-01,3.107071987896554144e-01,9.486352217945112075e-01,3.219068907949619307e-01,2.671234451377404451e-01,2.331732770251957187e-01,5.000378436590023901e-01,6.340447807010582970e-01,7.313127723966534877e-01,8.440381873444603444e-01,7.907443432451001231e-01,6.113571784343992954e-01,4.505849919724268515e-01,2.940537324605764224e-01,4.832857697797749985e-01,7.030281388597201531e-01,6.485661468736554358e-01,5.228085205257647639e-01,5.845799441379259109e-01,9.756560272080916363e-01,7.917283453356354084e-01,5.548416285965543926e-01,4.786811718612711819e-01,5.815530115125017163e-01,4.769252767708837548e-01,5.017177224939287639e-01,4.024035659857963521e-01,6.153045679743760488e-01,5.823935517920980631e-01,9.241466228505712532e-01,9.248130394308096136e-01,7.776120633564933549e-01,3.282968730886037800e-01,6.847853312187237584e-01,3.790250683272572418e-01,4.595099756628787668e-01,4.930927973884641213e-01,1.680071601408395510e-01,7.547073933894155040e-01,6.065888175718777697e-01,5.204745631681217954e-02,4.979412052392114818e-01,3.899596228890930272e-01,4.641183189606151727e-01,5.249406087334860249e-01,7.642075120633081697e-01,2.308405368673580871e-01,7.492177911789190681e-01
