0.000000000000000000e+00,6.458935291225964548e-01,9.428960819594301990e-01,6.293478036633525230e-01,6.244476729160064465e-01,7.152123173036435411e-01,2.334294124772861856e-01,2.689203638762094339e-01,6.933702649868023205e-01,8.761380823129866213e-01,4.881616332508715850e-01,8.961795289494938199e-01,5.514551241047580543e-01,6.555853505060471598e-01,9.942482755835585495e-01,2.929471354666565719e-01,8.719948300335940150e-01,2.525832858619684318e-01,4.636198336908339268e-01,7.151894180351033858e-01,8.133674485842817825e-01,7.792557593217842582e-01,8.580004565739905997e-01,8.528547539984523418e-01,8.323614617681429628e-01,8.625537444084298011e-01,6.673749732124950595e-01,5.218465786919709304e-01,1.995253080564953485e-01,2.499655353203347474e-01,4.989683537689060255e-01,7.878791649187064650e-01,9.402156994048416205e-01,6.208238443800682127e-01,4.945346064772829786e-01,3.928480631540016976e-02,7.052157586099290221e-01,5.142437650698650220e-01,7.195655187511518225e-01,2.111279679599545323e-01,5.014112209001232445e-01,6.241297398321666856e-01,5.345225291293066450e-01,7.877846343932124462e-01,5.958069965832768489e-01,8.645725898130370846e-01,8.430291713574923351e-01,9.350701739145947933e-01,8.580611461617175806e-01,9.445224625310629785e-01,5.537248265895950983e-01,8.455394188321143645e-01,6.103147696380258891e-01,4.161022671296803477e-01,9.283969146475292700e-01,6.642356735319931982e-01,8.919860834807100680e-01,6.734859908902729453e-01,9.695393857919545333e-01,5.802379638139740781e-01,3.577168374097816628e-01,9.354143350587107442e-01,9.209398872457250640e-01,5.026971937789528333e-01,9.961073850631831927e-01,7.591227447408835927e-01,9.412676972745896986e-01,7.355856520560715150e-01,9.967261683857415733e-01,4.431237781208200999e-01,8.726302490563784264e-01,9.571646657333684471e-01,2.133190052261504932e-01,-1.617600623945989191e-01,8.547005843037582817e-01,5.121552103880289142e-01,4.649086339962608116e-01,8.662545020038302512e-01,1.485628357023850155e-01,6.538013923147345530e-01,8.111064060291849342e-01,6.202076828290147281e-01,8.188541091028059826e-01,3.642659194679332968e-01,8.437360777450988447e-01
6.458935291225964548e-01,0.000000000000000000e+00,6.284856978600475985e-01,9.806398889222419646e-01,5.494598109961640331e-01,9.873051389406588552e-01,7.230314855446787758e-01,7.704585901124073599e-01,7.821475940423137097e-01,8.723607668701467421e-01,2.979608247380597930e-01,7.456506705344247976e-01,7.467839223711241203e-01,9.441123838196814333e-01,4.758061031588718959e-01,5.929388806893097774e-01,6.322531716188937168e-01,9.485407991729919441e-01,1.297843115123558100e-01,6.118474818942580828e-01,8.225966025109576751e-01,7.282252113028844231e-01,8.222287826913693420e-01,8.092226504475443782e-01,4.561449289565394638e-01,4.906108959027674077e-01,6.898953923502673113e-01,5.821357175479190404e-01,4.875330478250261557e-01,5.765374075703415535e-01,2.023869739406247981e-01,4.106383695282883051e-01,7.916212036306430333e-01,6.759870428328742520e-01,7.229339874617818351e-01,6.013774876869552033e-01,3.520688939433683218e-01,6.640306710462191564e-01,7.038642149649159130e-01,6.864159656290135247e-01,7.153576494707936106e-01,6.414771342961512746e-01,6.261168169752245882e-01,4.885611970492014650e-02,9.766828570391870024e-01,7.530380351725020072e-01,2.964879025597755846e-01,6.615964505185230049e-01,7.081865810274039497e-01,5.654851712953219423e-01,9.213724364019368895e-01,7.060671353634245806e-01,6.343439047829597666e-01,4.875101696061171497e-01,6.847562753082991893e-01,9.112967623537937545e-01,3.271700533947913270e-01,4.721940888260849345e-01,6.858366634681969387e-01,4.256898865242044749e-01,2.001687886137522854e-01,4.103952085666229266e-01,6.926975321767773197e-01,6.106024962980908244e-01,9.118016662705739073e-01,6.024170704663546205e-01,8.960642491823813671e-01,3.223453348766039395e-01,3.048456304163364439e-01,4.785142330370016905e-01,5.508492161348260696e-01,9.836489490442013039e-01,5.424144277265927627e-01,5.798823892037918704e-01,2.099065658892542152e-01,7.659891259458316837e-01,6.684750077307539673e-01,4.755562914348598902e-01,6.048145512097378163e-01,4.133674782909013690e-01,5.466651353245522982e-01,5.673187584329900668e-01,6.688447415495626380e-01,3.577008459190315071e-01,6.183699271523631635e-01
9.428960819594301990e-01,6.284856978600475985e-01,0.000000000000000000e+00,6.642551547998623018e-01,7.375395719855196708e-01,5.332186857195277963e-01,4.872887213435286302e-01,9.410400035082095993e-01,6.509644996441634746e-01,6.686454575328599770e-01,9.859892754730594788e-01,2.840662120019151748e-01,5.425875030065492322e-01,5.593611744085944526e-01,6.667533911187296658e-01,9.765397178489958474e-01,9.844552919620254139e-01,7.030721028121531546e-01,8.533010521032901030e-01,9.371251202096971822e-01,7.433046326262611192e-01,6.246330969223723439e-01,9.932553151817919979e-01,1.786888840656054578e-01,9.688594463552775427e-01,8.812917294520330458e-01,5.780975390304787798e-01,9.757860932232955697e-01,4.442310582828480903e-01,2.257345125190966806e-01,5.005584555423294724e-01,5.770928301558793105e-01,8.826703408580850452e-01,8.548668344288730125e-01,6.782026103306578735e-01,3.545112250903651452e-01,4.868125692644537095e-01,7.893823217658424429e-01,8.564288027211182097e-01,6.704681942621105728e-01,1.877675576709740835e-01,4.359177711725401583e-01,7.646097736006900458e-01,7.888564414977949912e-01,8.316032989655216534e-01,1.064039110249783981e-01,5.159354088605271338e-01,8.305545171485561040e-01,4.561791757529208291e-01,5.242297127157515835e-01,6.698603975772533525e-01,8.752603355634959170e-01,6.114423264375512534e-01,4.131060229202666578e-01,8.062199377761831709e-01,9.435467640705759163e-01,7.736986480543258660e-01,6.415743044081912982e-01,9.677860390844391647e-01,4.603913917564912417e-01,4.120972927373480754e-01,8.615497244421752576e-01,3.912685817074548211e-01,6.260694881344808227e-01,4.904499408200676536e-01,7.015880905086481212e-01,7.573857984097447371e-01,8.236348967716060621e-01,6.492449972045151174e-01,5.142541297094607167e-01,6.934563413349962291e-01,7.981702954357974278e-01,4.428267819762806701e-01,-1.018875699441521010e-02,8.032151846378307036e-01,9.367529609368253629e-01,4.420447187114054377e-01,6.058306305232299405e-01,3.325343686698071233e-01,3.033361584484596807e-01,2.182572670873793863e-01,7.661038333766903019e-01,6.725350941337471244e-01,6.687573989335297009e-01,5.197196843019491475e-01
6.293478036633525230e-01,9.806398889222419646e-01,6.642551547998623018e-01,0.000000000000000000e+00,4.461735412320740335e-01,4.809758380213701168e-01,6.626017917935050905e-01,7.402689358918019824e-01,2.436916522241367733e-01,6.504515240579790136e-01,4.408730006810464563e-01,7.553038025925067345e-01,2.464548248577942968e-01,4.021504937822542591e-01,9.465129796115258065e-01,9.197375005987186158e-01,6.041691377366796845e-01,3.150923450328499964e-01,6.707123770872792656e-01,7.753795335600411898e-01,9.801931567215339536e-01,5.218398587886663442e-01,5.426194599792227846e-01,7.906581165735413474e-01,4.753011442731003289e-01,4.391328461855364407e-01,4.802999517288429887e-01,7.942484318439768654e-01,5.693495250366708005e-01,3.199712028504319572e-01,2.943523479864916803e-01,4.378013235652289947e-01,4.491148385994294667e-01,7.769140810759429527e-01,4.449859227653805149e-01,3.283995254312399581e-02,4.200719040285769146e-01,6.770995510998137901e-01,5.706315929837904033e-01,7.137767604571200186e-01,4.578417445781873818e-01,7.395935294309387009e-01,7.034252539362517709e-01,6.172877251520474395e-01,9.196885370009442173e-01,6.284427430850040297e-01,7.227928241225559658e-01,4.326995508013362635e-01,7.956902810678547766e-01,4.881358875866734226e-01,4.141466099201676077e-01,1.950741771465680785e-01,6.505918574045774783e-01,7.526211853716369138e-01,4.833394495761755838e-01,4.968408856198624490e-01,7.384242521980723950e-01,-2.039179524086111861e-01,4.245442007411123764e-01,6.866402531817759058e-01,9.663506592359883893e-03,7.254976777488183481e-01,7.502481975011310311e-01,6.788120454620806266e-01,7.966661992482932941e-01,9.034890724272948148e-01,5.306808005719219068e-01,8.515179929423674077e-01,5.650246178707316602e-01,6.454096848898045469e-01,7.526605378256598922e-01,6.050301124917287776e-01,5.466738267459934075e-01,5.571875336790973465e-01,7.696358228436049886e-01,8.395721368989618183e-01,7.778891940170111763e-01,5.917738231538084426e-01,4.001921913671102615e-01,6.041848309518141336e-02,2.978938430113795000e-01,8.902104194807138882e-01,3.672309436792818294e-01,5.907032570359016521e-01,6.994657432495651195e-01
6.244476729160064465e-01,5.494598109961640331e-01,7.375395719855196708e-01,4.461735412320740335e-01,0.000000000000000000e+00,7.705923069787327107e-01,-1.937223443975230608e-01,5.885418286580477165e-01,3.383101656907322452e-01,7.457434067050058291e-01,9.798903442496785798e-01,5.938707216577479020e-01,9.822205591022854509e-01,4.822346514822324348e-01,4.036389899259466563e-01,6.482397257561298698e-01,6.364208672115989618e-01,4.796957774698599741e-01,6.369963289320210720e-01,3.524871750051412622e-01,4.336329753654371011e-01,8.586713677180470849e-01,7.119308328935223251e-01,9.707332037584234241e-01,4.189048302730208340e-01,6.400909214368842859e-01,7.184882556883736004e-01,5.694448808931396044e-01,5.487594339007152433e-01,-1.207847793859316982e-01,5.249781803555179094e-01,4.744544048550230486e-01,6.317643195336090089e-01,7.905292096956603176e-01,1.192915559931852221e-01,2.165285886101863122e-01,5.858353621347230922e-01,4.804616881202298240e-01,2.107219094230719236e-01,6.775640177846677936e-01,1.788803100552223135e-01,5.641005180970357635e-01,7.989602195823485298e-01,7.872332650656335140e-01,1.640256420076156851e-01,9.153300434187746637e-01,4.797925908709368970e-01,2.017244196793662736e-01,2.621885286077484944e-01,1.747926711719597348e-01,7.673097654068739004e-01,1.470777376532907688e-01,7.808734569720123808e-01,8.896629854208464305e-01,6.585660341856058864e-01,7.685284307565217743e-01,4.467393353760927277e-01,7.266311962379237155e-01,6.767462230869845108e-01,-2.619734882965962797e-03,2.037736017852129766e-01,6.708313592444067330e-01,5.992230707138466173e-01,6.687646348222280324e-01,7.866169745922581003e-01,7.792346560280940526e-01,4.874780421075942671e-01,8.222528024444373251e-01,4.060182438118448700e-01,5.019513790983892720e-01,9.819767126598203388e-01,4.677807951788348073e-01,5.335849408122569359e-01,7.791343388432327988e-01,7.583462802157405758e-01,9.280929489277633948e-01,6.504302014048660707e-01,6.238911259967437895e-01,5.569346053500773275e-01,7.700659517051692271e-01,3.473329585566961586e-01,4.824790884976641325e-01,4.014320038463100593e-01,2.553038193662970357e-01,7.563217707040957860e-01
7.152123173036435411e-01,9.873051389406588552e-01,5.332186857195277963e-01,4.809758380213701168e-01,7.705923069787327107e-01,0.000000000000000000e+00,6.625185422890775833e-01,5.752634541690864189e-01,8.953239237973751319e-01,5.360669691170113493e-01,4.089629375670845168e-01,6.799533843982545900e-01,4.273128528570979134e-01,6.491848219290761168e-01,5.170369229793561061e-01,8.176211822213749203e-01,3.073949168195897474e-01,3.423290301625488974e-01,7.770101059214400419e-01,9.819495360276310203e-01,3.422078865874833564e-01,6.018944174581276618e-01,3.048141670233792122e-01,8.410107291636333970e-01,2.275196669602509991e-01,7.046068357994759168e-01,8.570965538906972769e-01,8.541860917224730620e-01,2.388568314240497037e-01,3.228189842915432095e-01,2.854705384035260418e-01,6.664427153288665640e-01,6.156249919998202369e-01,9.140407971385012820e-01,3.526852776991470373e-01,1.796843605924670073e-01,-1.843428204173806761e-01,1.201450754452045716e-01,7.091658599086448911e-01,7.271752095141967853e-01,5.608720358589077692e-01,9.014545179488716586e-01,5.082349981807985362e-01,9.916517777417079849e-01,8.198611750318119951e-01,5.176614830211773155e-01,8.373428187435265624e-01,4.601743976804794634e-01,-1.139887411229106584e-01,5.884777223609211072e-01,4.943329285991253652e-01,8.589279881441295172e-01,6.496061129261215816e-01,4.371346896647636537e-01,4.536237610027628042e-01,6.111124441901719662e-01,8.685134238309921706e-01,9.834002491420466008e-01,5.152824347099995705e-01,4.024831418616333645e-01,-8.968851581662085071e-02,2.538930346201879185e-01,5.952636924906019589e-01,9.436822812011379513e-01,6.171210907768041043e-01,2.638170719093355654e-01,6.458607140004440916e-01,8.755523222248650095e-01,5.900711205908598656e-01,4.448972352182866685e-01,6.015141153308766198e-01,7.548036594337167449e-01,4.723890754709446638e-01,1.046945460488299534e-01,4.383605521482479839e-01,9.988730251120041537e-01,2.077356742826546587e-01,5.258104752701009410e-01,5.955012730894866657e-02,5.596571135794823348e-01,5.999888804375682616e-01,7.006224106546813379e-01,8.342734667743685328e-01,4.715730887397934779e-01,4.880233474518653747e-01
2.334294124772861856e-01,7.230314855446787758e-01,4.872887213435286302e-01,6.626017917935050905e-01,-1.937223443975230608e-01,6.625185422890775833e-01,0.000000000000000000e+00,3.088923017810165650e-01,7.665780823548927758e-01,6.290259687106882769e-01,6.001642900347342602e-01,5.677404948682082120e-01,-1.093460033475930487e-01,2.379735419705703847e-01,2.686821320634663057e-01,7.332848832532738725e-02,6.120764724403920942e-01,9.170882691553835508e-01,4.178582400487504955e-01,9.863183412800933247e-01,6.346723863070673488e-01,3.667295944051700562e-01,3.324234586036827199e-01,6.501262730644512544e-01,3.922602161183325609e-01,5.605926141875128277e-01,7.613117608167790928e-01,5.376373061332259118e-01,2.230000641287823715e-01,5.533813308045254509e-01,2.531573808889178157e-01,9.945765422041348280e-01,4.621382753195030779e-01,3.144870506110748754e-02,4.883685628045861815e-01,1.753328905345674371e-01,3.111713185814786176e-01,2.408627303472942183e-01,4.709049968317315926e-01,2.597009491683666682e-01,6.452530563080047799e-01,5.164208991974952312e-01,9.542615618730849736e-01,5.474564743022862778e-01,6.857659636658149926e-01,4.348549100107435561e-01,5.289116537343634405e-01,5.930713978618509241e-01,4.814507030010951594e-01,4.953000895586945340e-01,6.790308321351521403e-01,5.825356349392358801e-01,1.635156772914436729e-02,5.198708892257279945e-01,8.948949273351447520e-01,5.322786622562630798e-01,1.210880100634979945e-01,5.949820606513964716e-01,5.260383311610922208e-01,1.733798197590543655e-01,6.224664400622138549e-01,6.820035206733215949e-01,-1.115897239963737214e-01,6.875525507701603090e-01,7.311247295819713887e-01,4.495379315436309198e-01,6.123042987550774141e-01,9.348812812260276495e-01,8.948546530196471727e-01,4.489912635149433395e-01,5.795211050976994960e-01,5.052589720473222856e-01,8.885619712592261743e-02,4.547033839755221796e-01,6.414492465057766157e-01,4.947928552411844927e-01,2.153317230437688246e-01,4.262404483085896478e-01,3.092693494891306516e-01,-3.011898751247010786e-02,-1.824061684738981781e-01,8.243934851693329735e-01,5.785657089671164544e-01,5.496551611823046191e-01,5.559911411673101878e-02
2.689203638762094339e-01,7.704585901124073599e-01,9.410400035082095993e-01,7.402689358918019824e-01,5.885418286580477165e-01,5.752634541690864189e-01,3.088923017810165650e-01,0.000000000000000000e+00,6.257462207582872304e-01,2.120636241161414359e-01,5.831784949836801291e-01,6.936924049665372793e-01,9.222308469600729586e-01,6.577939012046488676e-01,5.949915587100191861e-01,8.003530933264249025e-01,7.483818284151626532e-01,6.220420794598421343e-01,7.296779715537144995e-01,8.902784698227208526e-01,9.269997888191678914e-01,8.188854754423460780e-02,5.191267578612422939e-01,4.848237825865919226e-01,5.069268030541116410e-01,4.211925564159084145e-01,6.703385390776306352e-01,5.065050062222904437e-01,3.139571962201337385e-01,4.734280833095003693e-01,-1.014997637180320850e-01,1.133029974720515254e-01,5.869334335925382451e-01,9.379687386935112725e-01,4.780136782192074829e-01,2.905155583265595087e-01,3.785939773789973595e-01,4.318026632747890559e-01,8.487859823432662987e-01,4.766714181499182024e-01,5.976381330980317097e-01,2.540067772306857097e-01,6.146700616977291975e-01,2.030612959724906463e-01,6.706637124238910008e-01,2.211664152140038198e-01,9.550213414336702344e-01,7.554139692136560003e-01,4.272077479255380617e-01,6.139429284212458704e-01,4.674669071066452353e-01,3.038075097911848710e-01,5.703056804344479591e-01,7.914659783610364929e-01,5.845072285603648554e-01,7.103990922047247469e-01,8.289913721462102147e-01,2.720067003693826257e-01,7.678465693001609305e-01,2.018592228929360077e-01,2.859942225793933868e-01,7.082724984513135702e-01,7.056407789115803908e-01,9.650513660954176398e-01,8.391538831800651188e-01,7.851934873781456492e-01,4.228611828296712227e-01,6.453634729168203910e-01,2.797955677268091912e-01,8.493522835215596700e-01,6.451960549393792599e-01,7.297730989685073943e-01,7.194411107845358755e-01,3.857386001342646420e-01,6.992801140629508749e-01,-9.749245950653552539e-02,7.983719846450967328e-01,7.414500271295083600e-01,5.117897665617781033e-01,5.628243558434831151e-01,7.788999228380664164e-01,8.107330514879634853e-01,6.953104422586386946e-01,6.754256108393859037e-01,4.713813159984291956e-01
6.933702649868023205e-01,7.821475940423137097e-01,6.509644996441634746e-01,2.436916522241367733e-01,3.383101656907322452e-01,8.953239237973751319e-01,7.665780823548927758e-01,6.257462207582872304e-01,0.000000000000000000e+00,6.053637536035951783e-01,4.838349115303118286e-01,2.266068350836801526e-01,8.714666606951742001e-01,7.913812790698149247e-01,7.783297924638001852e-01,6.969579226684399220e-01,7.171946290398942825e-01,6.090178934916269382e-01,5.582308936346012107e-01,9.561074031805888440e-01,8.358362267477139618e-01,3.265623281813689882e-01,-1.772264736239135274e-01,8.224413885158884385e-01,6.392826390886559018e-01,8.485568016024714888e-01,8.287402652770587963e-01,2.345678932363706448e-01,3.832169246511771821e-01,2.377112330612460855e-01,3.818914678822037390e-01,4.909730967083008046e-01,5.943947646568514820e-01,3.095343636128089493e-01,7.815706438738898587e-01,1.971104208239229383e-01,5.133058113459655347e-01,7.727453835776562086e-01,8.144038296577441605e-01,2.772775422496051578e-01,3.308575946443040872e-01,6.322270734059555197e-01,8.868637167905211172e-01,4.684494435719579464e-01,9.116856446323052809e-01,4.207260012162645779e-01,4.022393624669757251e-01,5.587879311330361531e-01,6.602379821647971214e-01,3.559397323604623353e-01,6.293793563809464420e-01,7.435313608152538389e-01,8.216037199039875061e-01,1.252105011419913649e-01,6.952138327725907452e-01,7.303128392785179779e-01,-1.370665696002904554e-01,7.010748462716379636e-01,4.189091257926053635e-01,4.536092591523636086e-01,6.863135747822853849e-01,3.456236438017736834e-01,7.563296937524454089e-01,7.044814027561207004e-01,6.305017988637179327e-01,5.593046864324545675e-01,4.441859194985726123e-01,9.073933255454398328e-01,4.268853670113735843e-01,5.507074479938891542e-01,7.457818765857436860e-01,4.567396009615792285e-01,4.146145077834774151e-01,5.077444109030693209e-01,6.592599110317653999e-01,7.672131615210669997e-01,6.056806940127814620e-01,4.818913205109717768e-01,6.652981256858220283e-01,3.951751918462262370e-01,5.737009597378520676e-01,5.675482913773396421e-01,5.723684555612076341e-01,1.652765653348647890e-01,5.164928471122887110e-01
8.761380823129866213e-01,8.723607668701467421e-01,6.686454575328599770e-01,6.504515240579790136e-01,7.457434067050058291e-01,5.360669691170113493e-01,6.290259687106882769e-01,2.120636241161414359e-01,6.053637536035951783e-01,0.000000000000000000e+00,7.112500189373268666e-01,5.596349154098017031e-01,8.983272865087070791e-01,7.107805695855144990e-01,7.544080785739641914e-01,4.806868574432395791e-01,9.425057585822245176e-01,5.406637497729446240e-01,3.964191366898301427e-01,7.071376230835154653e-01,7.537986076074482122e-01,7.044117864354821901e-01,7.938357297328161311e-01,6.454714017272129567e-01,2.037768713077256488e-01,7.243335672033629491e-01,7.248952614209155376e-01,4.791082911717013393e-01,5.953123932995599832e-01,7.101316362712645214e-01,3.594710649727806961e-01,3.191035808830459120e-01,5.997694804522510914e-01,9.330645532439643119e-01,4.669002476679970370e-01,2.339146089994074140e-01,3.202765408770685829e-01,3.898991506743181845e-01,6.231824980358215971e-01,4.259056847534574142e-01,5.207790991928958890e-01,6.269974600426918565e-01,8.509169454806401189e-01,6.597556391832752887e-01,6.391442060047676232e-01,6.418837690649867866e-01,7.556528767927805923e-01,3.045558788830562413e-01,5.874486561583802668e-01,2.418511536245112059e-01,5.933099280126465924e-01,4.261178742965674449e-01,8.700827554363663729e-01,8.131495375266268866e-01,9.301122432139256047e-01,6.541109496687369518e-01,8.941561693211040884e-01,7.404757910300954205e-01,4.580267780757230067e-01,4.753823491885880159e-01,2.834325326436867853e-01,6.043477398530590072e-01,6.268166737317016901e-01,9.253883541195702112e-01,7.311469740828673292e-01,5.022804187053910852e-01,7.280421125719667153e-01,7.926635021217176558e-01,5.636028095117184833e-01,7.577622848236760245e-01,4.394993873602559553e-01,6.816612072290142432e-01,5.899271993963713934e-01,2.506239062395038131e-01,7.032162514761952643e-01,5.675648349614889066e-01,7.415476352508905133e-01,5.502814463314644744e-01,2.124378374196253527e-01,1.656446607141629501e-01,6.059620873550419784e-01,7.575369965437022124e-01,6.613158505032591394e-01,3.805619888368385606e-01,6.035804047901470737e-01
4.881616332508715850e-01,2.979608247380597930e-01,9.859892754730594788e-01,4.408730006810464563e-01,9.798903442496785798e-01,4.089629375670845168e-01,6.001642900347342602e-01,5.831784949836801291e-01,4.838349115303118286e-01,7.112500189373268666e-01,0.000000000000000000e+00,6.361124261732695739e-01,4.087097300075809292e-01,9.103316489931767563e-01,3.130642738196422470e-01,5.432658689969283028e-01,9.981416882706553029e-01,2.332740612729860830e-01,2.499249437328801560e-01,5.554093623772206056e-01,9.203306205804012707e-01,1.674507446848988723e-01,7.371515916043448469e-01,1.755616079694174159e-01,6.508502962216705656e-01,1.522818802240437086e-01,9.493878082792381878e-01,6.016463417513679968e-01,2.034994494693339873e-01,6.987290037244007213e-01,8.680868522808226836e-03,3.762020785175910764e-01,5.993485097556876529e-01,4.144818626794766203e-01,7.691871984987850297e-01,-1.681740169469137236e-01,6.639985867448254531e-02,8.640999470178319930e-01,3.895946793554375676e-01,8.318509556558394413e-01,5.756455117694112555e-01,6.752037806164534750e-01,7.207351556592346276e-01,7.531399948383827869e-01,6.538141972324403861e-01,7.948974316427389608e-01,5.952064839878612457e-01,5.768571084085203360e-01,7.538033629719407269e-01,5.306116489105507927e-01,6.052096532565235387e-01,9.871930489973086420e-01,7.253948996039918384e-01,7.125210959143908340e-01,8.364423035381135518e-01,7.266846772234352159e-01,3.357859274563785856e-01,1.414640097760704041e-01,4.357016578621026870e-01,5.229012919902620293e-02,4.688210029486492014e-01,5.848275556974047440e-01,8.175632686507259272e-01,9.251273535692605687e-01,8.818369559897182297e-01,7.945722917364456128e-01,3.564018848890468938e-01,8.605176977368131919e-01,5.696904711278552025e-01,5.019864167493277574e-01,4.939163610431830387e-01,4.536138327971391826e-01,4.486587523214526363e-01,6.569709947704840403e-01,5.728308278138286580e-01,3.543782090799215689e-01,6.409670823146673690e-01,5.370173583529351813e-01,5.079077485005867483e-03,1.410369845173786441e-01,5.725169235085045827e-01,5.975531951435584244e-01,7.194164528675800474e-01,7.938671642862555888e-01,1.185306481587611593e-01
8.961795289494938199e-01,7.456506705344247976e-01,2.840662120019151748e-01,7.553038025925067345e-01,5.938707216577479020e-01,6.799533843982545900e-01,5.677404948682082120e-01,6.936924049665372793e-01,2.266068350836801526e-01,5.596349154098017031e-01,6.361124261732695739e-01,0.000000000000000000e+00,5.748892498802031792e-01,7.505602259308565838e-01,4.324049550674562425e-01,2.737457736684094090e-01,8.135287870206029393e-01,7.398452439922136303e-01,4.430852156213755388e-01,4.643283311522981016e-01,9.778392694570778865e-01,5.760010672938555842e-01,2.628817363137029850e-01,7.469421076673173898e-01,5.289262757862150943e-01,9.254175373680808558e-01,5.194606096242844195e-01,6.368926180785152713e-01,4.013277921767834377e-01,3.820082738644273168e-02,3.516901772217239097e-01,6.390326498897500596e-01,5.212929777402399711e-01,4.714086716585914605e-01,1.099161200282625234e-01,2.226076620466375666e-01,6.740726341971092772e-01,3.055593432922660280e-01,4.935934556028326314e-01,3.953090541748912612e-01,5.960430499310563901e-01,5.471515885306250659e-01,3.393504051275943456e-01,3.810816956189199689e-01,3.254672884612537231e-01,7.476026217421678499e-01,8.828184271906396319e-01,7.787417268240504065e-01,3.411866989519050097e-01,2.555862630323510465e-01,6.596421809651920043e-03,6.324096200086460895e-01,6.606125177893056311e-01,5.065648093919935535e-01,7.127971277802929162e-01,9.125890331127013422e-01,4.171307519888427517e-01,3.160420622644093402e-01,6.473357101729511065e-01,4.758460292944743375e-01,5.698352559020809505e-01,5.912517780633426145e-01,4.482199114494987979e-01,9.897866402797815821e-01,7.464871377561258514e-01,6.813145834831231262e-01,7.716921605868891643e-01,7.654538391598783020e-01,6.430658782689386843e-01,7.210391573699037604e-01,7.941065939723881417e-01,6.888854615683627225e-01,4.379701204344642052e-01,1.028096084458836323e-01,6.646565930618638651e-01,5.070157429089079404e-01,8.126206820167908296e-01,-4.484185078592456408e-02,2.440769046494436767e-01,2.345442040273741369e-01,8.512082324773839748e-01,9.740205006310074243e-01,7.387066286703058982e-01,1.734029416480674657e-01,5.947353779749949831e-01
5.514551241047580543e-01,7.467839223711241203e-01,5.425875030065492322e-01,2.464548248577942968e-01,9.822205591022854509e-01,4.273128528570979134e-01,-1.093460033475930487e-01,9.222308469600729586e-01,8.714666606951742001e-01,8.983272865087070791e-01,4.087097300075809292e-01,5.748892498802031792e-01,0.000000000000000000e+00,7.447512038140666757e-01,9.063984107779123889e-01,9.041691100601979558e-01,8.842260345056750515e-01,6.008523969788411856e-01,2.667242214632690733e-01,4.995400987511297575e-01,9.899939577387053546e-01,4.312308989833080752e-01,6.744929982352757536e-01,4.335264960345537877e-01,5.480786733582648784e-01,7.881516689365650752e-01,8.072369968225594494e-01,8.420376408555947378e-01,3.396338322969375545e-01,2.216580548353020708e-01,1.790761646416022257e-01,7.505858654155215248e-01,5.415215128645070042e-01,8.918035876505593373e-01,5.985548112137406562e-01,5.739830009564655944e-01,4.712474637744090700e-01,4.562726349806867088e-01,2.647903009118655615e-01,8.338525699385191947e-01,4.628731156304687344e-01,2.348714330746959622e-01,7.755583433451102016e-01,5.802524743715254951e-01,8.202621753495098478e-01,7.130331177252117181e-01,8.084509662493071236e-01,4.310668697721863896e-01,9.278788096035948119e-01,3.819941546331651061e-01,6.060812348488661128e-01,4.873404165784140929e-01,9.828961746014582834e-01,6.452908015778968664e-01,7.484934190994785297e-01,7.533289148687888348e-01,4.582418043134623420e-01,8.788668998939432875e-01,7.756105768985781523e-01,4.297412960139254667e-01,4.838460920708655966e-01,9.325676978571753040e-01,5.481218604358641944e-01,7.591053809764033433e-01,8.435424333186394286e-01,8.297606661689034269e-01,2.446908970111785764e-01,9.497665935532845216e-01,6.085489214652682888e-01,7.470779290485645152e-01,9.077133265789026906e-01,6.737359491898282648e-01,2.048124452907093551e-01,2.759447272203182089e-01,4.096488767816376941e-01,8.523282183315510352e-01,7.391914088131197325e-01,7.820011838051657005e-01,1.904094401175894791e-01,-1.725297476859040946e-01,1.662140502228282024e-02,9.303818748197874022e-01,2.394781329132213699e-01,2.753882839907554891e-01,4.954759241423129512e-01
6.555853505060471598e-01,9.441123838196814333e-01,5.593611744085944526e-01,4.021504937822542591e-01,4.822346514822324348e-01,6.491848219290761168e-01,2.379735419705703847e-01,6.577939012046488676e-01,7.913812790698149247e-01,7.107805695855144990e-01,9.103316489931767563e-01,7.505602259308565838e-01,7.447512038140666757e-01,0.000000000000000000e+00,7.547395226037512117e-01,5.420303450399397566e-02,8.726815542662433867e-01,7.760907827089812416e-01,9.383564338258287840e-01,4.403456857547644043e-01,6.672650594787626899e-01,3.454222548370590173e-01,8.940206336883250726e-01,7.038810379963418296e-01,4.875150012349395157e-01,9.282067667803963751e-01,7.868731764711041077e-01,4.913831863308781855e-01,5.433681072712595039e-01,7.997847641508187833e-01,3.591529009720900167e-01,7.243294667692654620e-01,4.254155260131279315e-01,6.586906412987258985e-01,6.599910337008998429e-01,2.273613193110733399e-01,4.364574288929509160e-01,4.115929165267678269e-01,8.796496196196066375e-01,8.619611442288903636e-01,2.492193376304311925e-01,4.186781139780714200e-01,7.866217532466812656e-01,5.382448892529813067e-01,9.344174888011615998e-01,7.076906600953154491e-01,4.858231138361494006e-01,6.145243700021163491e-01,4.054439418325689881e-01,9.386564242845885087e-01,7.321864971029780067e-01,7.857216134971717336e-01,9.325144643093410401e-01,7.463827247933072506e-01,2.901946358743845988e-01,9.432018746951876809e-01,9.326961222165299770e-01,8.673646580978628950e-01,9.062519034075974256e-01,1.991656839496795672e-01,4.197899587062609572e-01,4.358373869451726002e-01,6.960970518818628827e-01,6.666089206692097369e-01,8.637932880069340014e-01,6.607490757702755291e-01,6.813322546295406124e-01,8.494314838509150478e-01,4.462629882281013982e-01,6.436960748430928803e-01,9.601696756591306947e-01,5.968950799688279574e-01,2.634140824004532200e-01,5.741601559927301812e-01,2.125947590153232092e-01,6.675890883927911856e-01,6.993464607202719563e-01,2.260953526863865581e-01,6.739123585000592609e-01,1.906115996134589985e-01,7.071506030078378302e-01,1.225650285452200700e-01,6.805173400503573555e-01,3.225771781065930321e-01,7.067045153430905335e-01
9.942482755835585495e-01,4.758061031588718959e-01,6.667533911187296658e-01,9.465129796115258065e-01,4.036389899259466563e-01,5.170369229793561061e-01,2.686821320634663057e-01,5.949915587100191861e-01,7.783297924638001852e-01,7.544080785739641914e-01,3.130642738196422470e-01,4.324049550674562425e-01,9.063984107779123889e-01,7.547395226037512117e-01,0.000000000000000000e+00,7.491062182182088858e-01,6.268613081475242765e-01,3.242919170214318969e-01,3.505168960642406767e-02,3.459629424669078412e-01,7.919498270806846207e-01,7.437799560422977407e-01,6.107177805899672851e-01,4.916862833414377687e-01,4.492645654887326701e-01,6.719938537208591800e-01,9.442116068048919120e-01,7.704529757329794393e-01,-8.691609000665502516e-02,3.701677640230257027e-01,5.788364430344197231e-01,7.362129398142972514e-01,6.578130044164929302e-01,7.147864772194427729e-01,4.308855327432890570e-01,4.125837027343530194e-01,4.924850330747578275e-01,5.741756525291594748e-01,7.025701743201961946e-01,7.691027596315395121e-01,4.667561270823519237e-01,5.936955331676170289e-01,5.658185782809070918e-01,6.377088171401885663e-01,6.199025103926758540e-01,9.327144777745767223e-01,4.705101580390692595e-01,6.894551743152526058e-01,4.521306753402976608e-01,6.593695208041229217e-01,7.216973458462355717e-01,1.758244092640987022e-01,4.357145160246044813e-01,7.293044172811626868e-01,7.035660849178282383e-01,7.277073533314739606e-01,5.173364502898497586e-01,5.263764742356373816e-01,3.133417207353658696e-01,7.654942445919462601e-01,4.725941483719071634e-01,4.362090528185838534e-01,3.872280424168252910e-01,3.556888978892531750e-01,7.892897243305310173e-01,5.636209062085788535e-01,2.763604141874154152e-01,3.389223725379592045e-01,4.221504969816674419e-02,6.041392848100404223e-01,6.136486386697835860e-01,4.645011814117586124e-01,-5.055451242380601395e-02,4.925975733274295387e-01,7.678602162644873053e-01,6.256672421193177902e-01,9.275009006693755165e-01,5.916692876304743276e-01,3.252116182434244274e-01,5.741962680541864428e-01,4.411537691132808026e-01,9.784459483549652337e-01,6.191640339822237493e-01,5.905121940892519433e-02,7.589024017154025747e-01
2.929471354666565719e-01,5.929388806893097774e-01,9.765397178489958474e-01,9.197375005987186158e-01,6.482397257561298698e-01,8.176211822213749203e-01,7.332848832532738725e-02,8.003530933264249025e-01,6.969579226684399220e-01,4.806868574432395791e-01,5.432658689969283028e-01,2.737457736684094090e-01,9.041691100601979558e-01,5.420303450399397566e-02,7.491062182182088858e-01,0.000000000000000000e+00,6.259443732306586572e-01,4.522330085106340998e-03,2.692721046959224984e-01,4.686002207869705005e-01,2.680625405932939298e-01,6.004914289583735965e-01,1.387629913399179848e-01,9.943018369572066417e-01,3.727615258217158445e-01,9.230294941561405508e-01,6.886991489028427837e-01,9.734504325874241415e-01,2.736906507802296384e-01,4.688060418703196564e-01,5.717669878356025359e-01,8.010674062492136871e-01,3.265344786928593424e-01,2.168035008586916557e-01,4.537142416329835726e-01,3.946906558655547403e-01,2.183689070224298923e-01,5.814039753471897942e-01,7.291386810497317850e-01,7.832050428976653489e-01,3.729855612318750957e-01,2.317613327000446755e-01,7.196979176202255024e-01,4.183152667249774304e-01,6.754544074817308008e-01,2.735360195812830408e-01,6.406008162826565266e-01,3.165377942139775413e-01,4.284050833694881266e-01,2.216191856480053402e-01,6.544428915179514306e-01,2.136617011249432596e-01,7.396454985120476389e-01,3.224821533430493048e-01,9.634156337425057171e-01,2.146169762207561504e-01,4.599780227066790905e-01,7.898260878055001211e-01,9.433266638958583972e-01,6.014872586008963851e-02,7.805651465247814835e-01,9.725219683890903299e-01,4.318676550244016088e-01,4.615186812658443327e-01,7.316284578100561431e-01,3.434060713342714233e-01,5.167317462037246401e-01,7.183168050412511718e-01,6.688084410854417960e-01,1.170674124274902472e-01,7.590203543573397216e-01,8.720148687073788762e-01,5.447496255136072829e-01,5.184345490481755414e-01,3.118490422861561751e-01,1.481276513149397123e-01,5.874896345847409052e-01,3.021343667393662225e-01,3.484121834647976312e-01,1.586927883165497877e-01,2.438448452386996618e-02,6.019887280432594245e-01,5.955929297466800998e-01,4.186228364799870483e-01,7.663405420655998723e-01
8.719948300335940150e-01,6.322531716188937168e-01,9.844552919620254139e-01,6.041691377366796845e-01,6.364208672115989618e-01,3.073949168195897474e-01,6.120764724403920942e-01,7.483818284151626532e-01,7.171946290398942825e-01,9.425057585822245176e-01,9.981416882706553029e-01,8.135287870206029393e-01,8.842260345056750515e-01,8.726815542662433867e-01,6.268613081475242765e-01,6.259443732306586572e-01,0.000000000000000000e+00,5.298267440009035711e-01,4.821266324287955540e-01,7.237895711691108014e-01,6.148299872219293860e-01,3.885439245703188604e-02,7.118217898046210745e-01,8.002916454552551073e-01,5.559856336152841916e-01,9.405011751219081173e-01,7.224585594763575092e-01,7.895842868537845671e-01,4.982543269708682443e-01,1.556471963154383298e-01,-5.883917333274718553e-02,9.837621205867860263e-01,5.780656647067274889e-01,6.646950731700695947e-01,5.824511963308833806e-01,4.912705062580178389e-02,-1.002283709103289344e-01,6.715685964240289962e-01,8.936280684594622992e-01,7.058398851678506780e-01,-1.195522706446752736e-02,2.872943633680687392e-01,2.401646195369149805e-01,9.029094561035687638e-01,4.773796944875096648e-01,2.881460644601033794e-01,3.444037639922503669e-01,5.603885244941984034e-01,5.380962503380108952e-01,4.084079851551563611e-01,6.428299926127920561e-01,8.848892554519176556e-01,5.077294807218980521e-01,4.865009148578227638e-01,3.870540988243210689e-01,3.765519457981310048e-01,7.591044403546106656e-01,9.183671924925349561e-01,3.955106680984378231e-01,4.672287175208860166e-01,4.445532154609161402e-01,7.983379747035838081e-01,7.300995359722864952e-01,6.025573284514998962e-01,6.012352636060305233e-01,7.067270063076653841e-01,4.996677735720447822e-01,9.351968370467936831e-01,5.570168318790837958e-01,7.070950212393817269e-01,3.467635338034267267e-01,6.578525022217042162e-01,6.403346771656320824e-01,3.428198363127263892e-01,3.792548610886264937e-01,6.060791863281609348e-01,7.119477692827917981e-01,7.911098020096929417e-01,4.241371126443327921e-01,3.128315810032178401e-01,5.400861771671389144e-01,6.686431781005899300e-01,7.169348010711027452e-01,2.014935073344884808e-01,3.478914448968536410e-01
2.525832858619684318e-01,9.485407991729919441e-01,7.030721028121531546e-01,3.150923450328499964e-01,4.796957774698599741e-01,3.423290301625488974e-01,9.170882691553835508e-01,6.220420794598421343e-01,6.090178934916269382e-01,5.406637497729446240e-01,2.332740612729860830e-01,7.398452439922136303e-01,6.008523969788411856e-01,7.760907827089812416e-01,3.242919170214318969e-01,4.522330085106340998e-03,5.298267440009035711e-01,0.000000000000000000e+00,-1.740496353191409162e-01,7.062446181592756389e-01,6.535185422794799193e-01,6.221060469336798793e-01,4.548687854313112622e-01,9.477945952700949084e-01,7.712498192572879718e-01,7.925905697836406194e-01,9.901114538730071413e-01,3.251005523311947254e-01,3.322228823347645466e-01,5.829897523715006358e-01,5.097973570496484585e-01,2.468003122103986646e-01,9.648920954069645228e-01,9.708700778300383138e-01,7.284405618000373561e-01,5.991566683112223846e-01,5.421809185307994161e-01,2.651463524150128592e-02,7.058135073727607178e-01,7.841201367411955170e-01,-1.242826586029751740e-01,9.966533188587474168e-01,3.522425866166186137e-01,8.054655330830694515e-01,6.447696765086927684e-01,7.576850308420373104e-01,4.975455290219432669e-01,5.958986004608766152e-01,4.787117518490157098e-01,7.689636939716401054e-01,4.487803660371980641e-01,2.646489963316075444e-01,5.766228991743588272e-01,8.540245507669346203e-01,4.440731464445384913e-01,6.434184386890946517e-01,6.608788690237619168e-01,7.912415909045986684e-01,8.340469524740823370e-01,4.790618786712418919e-01,3.636433629788334287e-01,9.357422202269136680e-01,6.638800990930250334e-01,4.158599237531434567e-01,9.868923415875219263e-01,4.932487810303592402e-01,7.557496832437811118e-01,7.000556549623236924e-01,7.109970709454660476e-02,9.128408649834265920e-02,6.721140900547484254e-01,5.818643928780653507e-01,6.758924749385597508e-01,3.662391389692475352e-01,3.125298400925446418e-01,4.493084888862794446e-01,6.272484424326255636e-01,7.102683291742643013e-01,3.281424430103423856e-02,5.564059528074176697e-01,4.813026672197308065e-01,5.540413509556030291e-01,5.785330296201504074e-01,6.688509628692493880e-01,7.319195960904427700e-01
