0.000000000000000000e+00,2.000680237300881958e-01,7.451375874211586536e-01,8.977308969535264804e-01,7.098857717762502295e-01,3.291907153368553995e-01,4.289691524387103660e-01,9.086926337847273105e-01,8.677449514853220469e-01,5.893190764229807588e-01,3.919356371166454744e-01,3.308494357845475076e-01,7.002331128978389607e-01,6.752219627760103204e-01,6.552000312446710772e-01,5.813132229999524725e-01,9.512432308446892026e-01,9.441275470301156991e-01,9.261899587483284346e-01,6.405133941513050377e-01,9.918007997248632357e-01,2.362254795758361725e-01,8.182951555187665260e-01,9.237798725643977527e-01,6.849384197931182028e-01,5.247689216258843992e-01,7.251796589913004354e-01,8.731284283050851081e-02,4.335115550344809110e-01,3.183056270116897402e-01,5.533984097326776208e-01,5.027903969784189853e-01,8.128234580984055047e-01,7.609326739222308511e-01,4.384186610164944042e-01,4.140155387908065476e-01,2.824916589693313718e-01,-9.823597567523784102e-02,4.983393303805984664e-01,6.344852821144508770e-01,1.287173485035945086e-01,8.639182172892575506e-01,9.697822698137542607e-01,9.111801793805547334e-01,6.812203724636549662e-01,6.985548807754099476e-01,6.018580488469746914e-01,9.504375296797424877e-01,8.835959305593833468e-01,7.179270163278415051e-01,9.804176333734901938e-01,8.115246687621151533e-01,7.872496147370521280e-01,7.477625744859334178e-01,7.551774940118732848e-01,8.779786224534127381e-01,6.708067612769558208e-01,5.137422478576559870e-01,9.876281202440980733e-01,2.542750157049618043e-01,4.790597225043091711e-01,7.068740248594553854e-01,4.108911868199423556e-01,8.864448241237028459e-01,7.609680667996689962e-01,6.473803481722026909e-01,8.752731025012627786e-01,4.384653349052308746e-01,5.912906519110727732e-01,5.012085247829710655e-01,4.510247065830003121e-01,7.983196953946678498e-01,7.016383988950836148e-01,5.108948125641006310e-01,7.433640020609455501e-01,7.222310837936397609e-01,7.751579760714226719e-01,7.152601191337597530e-01,6.010701790498620412e-01,7.535272709127694979e-01,6.213155635966293167e-01,6.307262129827809760e-01,4.866337678141821055e-01,1.481861164323627911e-01,9.853478493824727735e-01
2.000680237300881958e-01,0.000000000000000000e+00,9.282924987627426683e-01,8.054574534171752287e-01,6.664780298623379506e-01,9.825953086924753554e-01,4.571936469551031723e-01,1.924088953663833923e-01,4.994133667047309100e-01,7.455752702250717512e-01,1.004925048200047827e-01,9.417049367346784772e-01,7.459982858907482361e-01,6.462940312695562017e-01,4.961612781971569408e-01,8.139296707006633547e-01,7.794891762295542703e-01,5.727813681778777255e-01,8.892619717607973540e-01,7.014908047866119656e-01,5.826414036947040742e-01,4.040538308489122210e-01,8.682546143291697271e-01,8.996081072143434776e-01,7.447205649565371566e-01,4.898289948378070080e-01,5.736015582240908683e-01,7.497446502747682207e-01,4.911855800656099724e-01,6.917246472615449226e-01,-4.517576337302918188e-01,5.114904219341819269e-01,3.984515610162628896e-01,9.858139706426258808e-01,3.752075189038457381e-01,1.692410818433851549e-01,3.806274899233624831e-01,-3.905257557302459492e-01,6.934998088595637489e-01,4.947802452837968268e-01,4.038737071652702681e-01,8.638249533060089469e-01,9.811279285599754374e-01,4.196887354843553131e-01,7.721992789886518160e-01,7.657631868078725867e-01,3.640589054602270114e-01,5.188149217819932879e-01,3.402911375932233806e-01,8.110556904387332677e-01,5.081940478826958429e-01,4.436202555165001948e-01,3.309234887392149549e-01,6.247763157244563548e-01,4.785582882467760424e-01,5.168740588400420055e-01,6.701880930607804210e-01,6.301897692656540650e-01,5.958223515183973529e-01,2.845787212342364425e-01,2.237066906056097981e-01,4.831515435033821304e-01,3.480801029983071615e-01,7.252454673532543472e-01,9.138013485369255173e-01,4.636144755611333323e-01,8.198002805994246689e-01,8.581604231490641554e-01,4.608442989493452546e-01,4.519069889408991458e-01,6.448379103139814106e-01,3.192407104366956072e-01,2.749918853084296622e-01,1.636442991098961408e-01,4.466625278743800442e-01,4.565513432673521943e-01,6.017310832723916647e-01,7.994543406987463241e-01,4.331245851892167598e-01,5.683915164862543001e-01,5.073166048912669535e-01,6.834714820570743088e-01,6.671795993646698619e-01,3.177404164644757056e-01,3.874198630096155338e-02
7.451375874211586536e-01,9.282924987627426683e-01,0.000000000000000000e+00,7.967228823522864989e-01,5.343932756737833634e-01,9.080552383559284957e-01,8.239087621271724560e-01,9.221121283945450386e-01,7.948550447802610330e-01,7.611278067436513250e-01,8.245840968532323068e-01,7.987594404689772887e-01,8.528842311939631715e-01,2.747685275419715634e-01,8.646424579416059908e-01,9.839680759857901693e-01,9.138290244545096419e-01,7.350805373872177917e-01,9.960352063823605384e-01,8.041886291188211633e-01,5.843721609468108813e-01,9.763696173539484491e-01,8.094140779862163404e-01,5.517685211692262559e-01,8.574530671787635727e-01,9.444162917889002973e-01,2.214463713544465723e-02,9.473428063015481015e-01,7.197282885044756773e-01,3.028796022985740244e-01,7.078428746026842466e-01,4.147402970839935143e-01,9.545922997370092089e-01,5.521481040044099453e-01,6.906565541564926303e-01,5.881106335861150392e-01,4.938036955873840728e-01,6.474659340421540232e-01,3.962957322486542200e-01,5.444751661710210966e-01,2.943729765514541685e-01,6.978438852080390831e-01,6.173749036540820967e-01,7.449075352240153158e-01,7.519016325528560252e-01,6.141026606179371683e-01,8.417268597014310183e-01,8.274243675849085600e-01,7.485696495316871424e-01,5.942029794301038059e-01,4.882272131055981346e-01,9.937778975011185567e-01,9.209913160761727946e-01,6.323813929596456829e-01,7.037447807178128789e-01,5.872861467490477771e-01,8.012230823808452751e-01,5.597985881319014201e-01,8.286685159037299186e-01,6.672388135342048887e-01,3.813788594046789715e-01,7.016821938963491156e-01,1.735846362671285836e-01,8.132366684477834173e-01,6.025076954908511473e-01,7.004946885704865789e-01,9.081636498829290804e-01,5.388557548095351812e-01,7.476157761065594931e-01,8.300772286384818788e-01,6.220211466490291885e-01,8.286265721384546978e-01,1.973462053507123171e-01,5.817514328133954749e-01,2.378771138051963274e-01,5.463082859410587355e-01,2.747628584806330876e-01,4.924158520188197663e-01,5.429747780187084150e-01,2.165753943596615272e-01,9.973117459792053552e-01,8.383403661193511436e-01,8.779054433536847002e-01,5.417111658869017132e-01,6.770411342041096070e-01
8.977308969535264804e-01,8.054574534171752287e-01,7.967228823522864989e-01,0.000000000000000000e+00,9.616088216829379309e-01,2.056265059719669386e-01,5.576944211842942423e-01,6.885847938587688066e-01,3.255758104629569161e-01,9.175281355996112165e-01,5.545480499743085101e-01,7.367099900581269845e-01,3.388472140067124716e-01,7.155056725928197192e-01,4.027983945631145035e-01,9.244819791334717429e-01,6.435081788180643247e-01,7.453871117494900167e-01,6.275766275972771702e-01,7.876232683586052996e-01,5.424294816074535230e-01,6.845151009653160923e-01,7.063969014570757876e-01,2.604106590212662727e-03,7.760433873915929537e-01,7.566285433680002281e-01,6.216757286164982244e-01,6.194879325487991917e-01,2.426959131383097934e-01,3.235934065937827175e-01,2.250553306029823286e-01,4.677236227908327937e-01,7.422891725930721440e-01,7.825042905092152168e-01,7.042949572005451353e-01,4.607377798123276635e-01,4.307040343663186971e-02,2.050016468383969170e-01,6.852066647601983140e-01,6.526945887914136213e-01,4.890772545648990333e-01,9.916066410732289338e-01,8.397441056356846900e-01,7.216082763197593231e-01,9.829799822956062361e-01,6.142800832460303395e-01,3.281098163858008343e-01,9.558530142852997846e-01,3.429804600911262602e-01,8.989012276039055616e-01,6.729122900641170135e-01,6.157097795302211019e-01,8.557883614152356211e-01,4.561434492263073404e-01,1.267494296466533943e-01,9.505830878464945899e-01,4.238353403816010889e-01,7.218624139942281248e-01,8.357531179509555264e-01,4.802992803626872642e-01,4.103264199936936807e-01,7.810095239193468597e-01,7.720172631266642993e-01,8.074560754070722046e-01,6.227901816586465245e-01,4.185311705431134510e-01,9.166054645252680322e-01,9.377734502100879554e-01,-1.276771629391318663e-01,4.885073462134100764e-01,4.218348154222215096e-01,7.671882620478421844e-01,9.885788096512999890e-02,7.067308297034878839e-01,5.428479917044247705e-01,6.873955393312045636e-01,6.220423130704413328e-01,6.526889154527724113e-01,5.145880393275328313e-01,3.860513418013457043e-01,3.954741560942652834e-01,7.369060819587001099e-01,7.075985650805377558e-01,5.725775447893201031e-01,5.159081334289156162e-01
7.098857717762502295e-01,6.664780298623379506e-01,5.343932756737833634e-01,9.616088216829379309e-01,0.000000000000000000e+00,4.533770497310732339e-01,2.184533669032271141e-01,3.823564246236148961e-02,4.668957109642368764e-01,2.086679674638224902e-01,5.970056900321680793e-01,9.306114500658712041e-01,4.317330164886009070e-01,5.381303381697297716e-01,2.603138758275899134e-01,6.370793988390596185e-01,6.168184550283077883e-01,6.140426532481800814e-01,9.176373676562773474e-01,9.185054489983495163e-01,6.060017548749393468e-01,7.616852767707692484e-01,8.251476768095695746e-01,3.638480415563803971e-01,4.581964023790549567e-01,6.488859871459117246e-01,3.012888749150314793e-01,6.242714124670697418e-01,4.531903545584322068e-01,5.558284166405622617e-01,4.689192347780079539e-01,3.798020709851384069e-01,5.696015101379082735e-01,6.614956522196175914e-01,3.563115072392697424e-01,6.382085714931191589e-01,5.155600331355261190e-01,6.050540376837706402e-01,5.938811246701705127e-01,5.773452936231899812e-01,4.863375756892156510e-01,6.427910371237501863e-01,1.650271817217823234e-01,7.004097644399569500e-01,7.669070100475979812e-01,7.137247392929305656e-01,7.555228370324093001e-01,4.048223017810531621e-01,4.958384107229536486e-01,5.215191067939001224e-01,5.327686681185677120e-01,6.461794852253253119e-01,6.461836537221490318e-01,6.167729781217816676e-01,7.299687390555439359e-01,7.320775585197309976e-01,5.433729753546440167e-01,7.276133920957290613e-01,7.702738494120373591e-01,-6.903635354347939512e-02,7.047454660878368360e-01,6.160870211031792554e-01,8.384797656612534844e-01,7.533750016786517900e-01,3.980806614178009628e-01,2.423303089820401379e-01,6.958914150830282086e-01,7.178564892590065805e-01,4.874243150000829861e-01,-6.977195475430211791e-02,6.238743745194161860e-01,3.828765054260988565e-01,4.762733858853103186e-01,3.812509524893804569e-01,2.001494893833217215e-01,7.203606760889635918e-01,5.927808274358388196e-01,1.325848272539188466e-01,7.331825266533609220e-01,2.905801442639407983e-01,5.043411287933957654e-01,8.871604506321579819e-01,4.340586370379860282e-01,5.128739875347296806e-01,6.356877568249224009e-01
3.291907153368553995e-01,9.825953086924753554e-01,9.080552383559284957e-01,2.056265059719669386e-01,4.533770497310732339e-01,0.000000000000000000e+00,1.369473508277316565e-01,6.409795987851046872e-01,6.790785915781225590e-01,9.221002440943304457e-01,7.476877780245176908e-01,7.965107767264795191e-01,7.964762216211311863e-01,5.852402896998455395e-01,4.949168276680524503e-01,6.578554366681902410e-01,6.334267252756746736e-01,3.944441027978716763e-01,3.687142439138001437e-01,8.283309413685581157e-01,9.941042501046825075e-01,9.427868250323051535e-01,4.202418587261025906e-01,4.831021191234627921e-01,5.699177474159584644e-01,5.662839257972597240e-01,8.703915056092146330e-01,4.953818081911604554e-01,5.288990077405282264e-01,4.805250901468385849e-01,7.993181103026639200e-02,7.956267405532853054e-01,8.908545402631130594e-01,6.866397536300125060e-01,6.950278696986940119e-01,6.626249255185010512e-01,5.317435593415980044e-01,3.681096291370586360e-01,7.726079039150453021e-01,2.178964011920065391e-01,2.318056416772698580e-01,7.261501276618581580e-01,8.320234587283411587e-01,3.076316450251271317e-01,9.200269910746881052e-01,6.639991232097005591e-01,1.364397424443517665e-02,8.926843951596723503e-01,5.457635639029287944e-01,4.581803031237170476e-01,5.347751541862082458e-01,4.664789694249428798e-01,4.139845401553342574e-01,6.631293430198075267e-01,5.057990758898307515e-01,9.406696657962591024e-01,5.626925600327054022e-01,6.095280769202977567e-01,6.364210504220269016e-01,4.740743131468348470e-01,5.963033362783490832e-01,7.861032893326204141e-01,7.740026881482773291e-01,7.507104126238970387e-01,8.322101675682983535e-01,6.499711031706960629e-01,7.234817790055415587e-01,6.786917313183838951e-01,6.143682645976139556e-01,6.681362957537625435e-01,9.826803067270104552e-01,4.448942283063535563e-01,2.533567287431363613e-01,3.820719734753956764e-01,2.337141194105776254e-01,5.134310571865946526e-01,7.706299189215330969e-01,8.791893467738600698e-01,2.536821228733871503e-01,5.638626936453869920e-01,4.185895186992071304e-01,4.066137719649684512e-01,8.783154945044349127e-01,2.187412983547743495e-01,2.242462197067183194e-01
4.289691524387103660e-01,4.571936469551031723e-01,8.239087621271724560e-01,5.576944211842942423e-01,2.184533669032271141e-01,1.369473508277316565e-01,0.000000000000000000e+00,7.840566378875346576e-01,4.034860259841260288e-01,4.106968448334346045e-01,7.371022202078898466e-01,4.892083607517884736e-01,5.186959606101678721e-01,7.326729816164855302e-01,6.172526278260938026e-01,6.547338072228395811e-01,6.035262546073351109e-01,6.640436833760710034e-01,6.312166365574787275e-01,7.461364105976987515e-01,4.462644205570706624e-01,7.847835710499353468e-01,2.503268835162386630e-03,6.097567976137804324e-01,4.859980779909192083e-01,6.360002024026452094e-01,5.149575463240874118e-01,1.946214292131988044e-01,4.493592628473790374e-01,4.062603573171788551e-01,5.222867119258535196e-01,7.606366981662957549e-01,2.709366150082330726e-01,2.986784695647022314e-01,4.579067310161407112e-01,3.210413722626596078e-01,5.777523336967889112e-01,5.070384299052346222e-01,9.580771004396246848e-01,1.027249997017479627e-01,2.530013110379292218e-01,2.018674827754576850e-01,6.321679168739419152e-01,2.740654408354463722e-01,6.508371073490140102e-01,3.356601417315481228e-01,6.490416362871506140e-01,7.534463174239649508e-01,5.618884477159045154e-01,7.475220287266253205e-01,3.741129530761051480e-01,1.434628619234418201e-01,5.425369356281355415e-01,6.710199291136248467e-01,9.455728350044008135e-01,9.809224292900427244e-02,4.014216938897301468e-01,3.168987678330935642e-01,7.931110090362197829e-01,4.093552581494637188e-01,3.737912390218141312e-02,6.617957302033541378e-01,5.420338315928453499e-01,6.807025840173659414e-01,7.239953327893628998e-01,3.714729118952129205e-01,5.393244236359002741e-01,5.074082912577857485e-01,6.780324981382338523e-01,6.490447831401711110e-01,7.057682055597659376e-01,1.884972018249675418e-01,4.089871241210210062e-01,1.102394152854489218e-01,7.985615925201524634e-01,7.434034722468430001e-01,7.553883359994665314e-01,2.309114882480811093e-01,2.279669220442491206e-01,3.342695008181724159e-01,3.692822005970313182e-01,8.673234690382164436e-01,3.668333104389483457e-01,1.477625011108967337e-02,4.346456355036519281e-01
9.086926337847273105e-01,1.924088953663833923e-01,9.221121283945450386e-01,6.885847938587688066e-01,3.823564246236148961e-02,6.409795987851046872e-01,7.840566378875346576e-01,0.000000000000000000e+00,6.194896756453707187e-01,4.765622026011093748e-01,3.786425873131085140e-01,4.890601405690852554e-01,6.460880172209175765e-01,8.264784076099584986e-01,7.979210250073026645e-01,6.951603204227344568e-01,6.632573476956434844e-01,4.851633808575839257e-01,5.252303508766111850e-01,9.681263185555974982e-01,6.278539845960958710e-01,3.832374577241771108e-01,3.728366920285065556e-01,5.078084194011120989e-01,5.060601602397236665e-01,9.934320430714517203e-01,3.107977370074239687e-01,3.726062002470957868e-01,6.986049062432427847e-01,7.004517331076150211e-02,5.929059045026277008e-01,4.952275979090816627e-01,4.477914254181972198e-01,5.106610419931699729e-01,1.078381070087777865e-01,2.708598122708222311e-01,3.572009933299921114e-01,2.552488322317133518e-01,5.774420567133016213e-01,6.993945026584358349e-01,5.515246943436248328e-01,2.620313369106431756e-01,6.737834812703900056e-01,7.696027400009548547e-01,9.375556817341745841e-01,3.733958513991614825e-01,6.610252206987318191e-01,6.790941448978842221e-01,7.788616065944147238e-01,7.923787839769735886e-01,1.648726708454649470e-01,7.620034758327650648e-01,7.252525829204297114e-01,4.220022543436849349e-01,7.913032247740736658e-01,9.582387353218076165e-02,4.524318648067234272e-01,3.578423989392020554e-01,7.047239136487670752e-01,2.099657677708461345e-01,4.882502301597236305e-01,2.515086869226265676e-01,6.827327537873977281e-01,9.014045265178187716e-01,7.960975668585318354e-01,2.343520168700381490e-01,3.065161836148990737e-01,7.150507211388149598e-01,5.655519301233998819e-01,4.208569568338123013e-01,4.581374410298647004e-01,7.428357968117191845e-01,1.669965192278409782e-01,5.103321033993333394e-02,1.534318128371623402e-01,7.022902319184799458e-01,3.071852011892237805e-02,3.920740074817540832e-01,-1.537538372722725422e-01,9.951350614836114439e-02,3.167234039617438102e-01,6.218262767807755109e-01,9.754564767624942512e-01,-2.997033210059621422e-01,5.410639743303207599e-02
8.677449514853220469e-01,4.994133667047309100e-01,7.948550447802610330e-01,3.255758104629569161e-01,4.668957109642368764e-01,6.790785915781225590e-01,4.034860259841260288e-01,6.194896756453707187e-01,0.000000000000000000e+00,7.994740469364758351e-01,7.080007682691800142e-01,7.275389351463504850e-01,6.599454394161564652e-01,2.830924944072863991e-01,5.654620959111266165e-01,7.854353678198533473e-01,7.684254865100053067e-01,5.065695473991116415e-01,6.013563782775032118e-01,3.733119174394406992e-01,8.099647180173689121e-01,5.618099782132792708e-01,8.399384257157005429e-01,3.627643910475933375e-01,2.854699300056493527e-01,7.856597567324048459e-01,9.071056198348416144e-01,4.314055209065564833e-01,3.195683022824060138e-01,6.896289340837582493e-01,4.626647892448146893e-01,2.268414934697876861e-01,7.372498254077046731e-01,6.617459989254971253e-01,3.211676377186234443e-02,3.463196579087172711e-01,1.320851942278162272e-01,5.172381200135138801e-01,2.142804725730825255e-01,7.418048276531649110e-01,1.481253303546307964e-01,6.600769104530240794e-01,9.603248690256187547e-01,3.368444456535646392e-01,6.258445360800700408e-02,4.416138311787571880e-01,2.885352994503129764e-01,1.640626885464013529e-01,3.892795470632645083e-01,4.213179400582672263e-01,7.712945666512689424e-01,6.232620828138313307e-01,8.881344994051184605e-01,5.610114100852958696e-01,2.596158361024727412e-01,7.194254517576530450e-01,7.251620800251128429e-01,6.111417965698171528e-01,7.937883491334545294e-01,4.363901826083612101e-01,4.952060027975366818e-01,4.819864530048997286e-01,5.091806070762697756e-01,6.219868059739850352e-01,6.547209007659755553e-01,7.994509301511153465e-01,5.967257066737636784e-01,1.637427079139798791e-01,2.229748198220539157e-01,2.034159730238357944e-01,2.684044901889773849e-01,1.506025421636527084e-01,4.767610805740766233e-01,1.001772350250945964e-01,5.759974849345517178e-01,5.027093473735367857e-01,6.117019289680737382e-01,2.623792987764146378e-01,5.010612002885367344e-01,-2.215073555379132308e-02,5.165668276613363252e-01,7.395539158727043594e-01,7.727577993013419189e-01,3.985238644753112958e-01,2.739960762247513060e-01
5.893190764229807588e-01,7.455752702250717512e-01,7.611278067436513250e-01,9.175281355996112165e-01,2.086679674638224902e-01,9.221002440943304457e-01,4.106968448334346045e-01,4.765622026011093748e-01,7.994740469364758351e-01,0.000000000000000000e+00,6.351340158671427982e-01,9.415422361518194228e-01,7.551836819615785901e-01,7.511635612887556102e-01,4.733969604515106955e-01,-9.861301770416996959e-03,7.863154842774762177e-01,2.873058664623635017e-01,6.402984542988836569e-01,8.437101201992883714e-01,7.193272835950930144e-01,6.003900247664167855e-01,5.985253315523590967e-01,1.150124079597446419e-01,4.891402378037585930e-01,3.390529130445998907e-01,7.141162571416838079e-01,3.173874905762788523e-01,4.592527199892864065e-01,5.536378227455286405e-01,1.957062759336346824e-01,4.991707141940086023e-01,7.147996188500527204e-01,6.799328635516012076e-01,5.594049108313661200e-01,5.657463221020948563e-01,1.444560928443457404e-01,5.300364914218735901e-01,6.063560596469941277e-01,3.185832367621683203e-01,5.467633086101939544e-01,7.341177712703135239e-01,4.244023209072552705e-01,4.293971355968002057e-01,4.159021377978649459e-01,6.981239687558664642e-01,4.685804902445562248e-01,5.559393654400265339e-01,5.037030861719338226e-01,7.540262800341142047e-01,5.934326846015098855e-01,7.826428239818339350e-01,5.931258846786821026e-01,7.992152254831668134e-01,5.197743487933659257e-01,5.161673272233481269e-01,7.245976700999476883e-01,4.160740251113750343e-01,4.065191458162751431e-02,2.798657145099303525e-04,5.815207421202053251e-01,6.865649964369787694e-01,5.636281995489402785e-01,8.431158456216854002e-01,7.984269402172894381e-01,-1.766144908823871484e-01,3.269705118986881986e-01,7.123322210509344110e-01,1.938155270752902615e-01,7.428202775726724383e-01,6.296480572929094022e-01,6.653692304441852778e-01,3.588779290381012843e-01,3.090655127742522046e-01,4.541022257710037313e-01,5.073853618129415821e-01,4.850466940533825766e-01,1.361119668138673910e-01,-8.948438788172596858e-02,6.027688394822364182e-02,1.906722801096039921e-01,9.351615105794222060e-01,5.976318963789262195e-01,5.613045836610061068e-01,5.162386468304267506e-01
3.919356371166454744e-01,1.004925048200047827e-01,8.245840968532323068e-01,5.545480499743085101e-01,5.970056900321680793e-01,7.476877780245176908e-01,7.371022202078898466e-01,3.786425873131085140e-01,7.080007682691800142e-01,6.351340158671427982e-01,0.000000000000000000e+00,8.149232149088043720e-01,6.682577186819775861e-01,9.941108739269586270e-01,6.574363719884177559e-01,9.696509924968816918e-01,6.612323151542158772e-01,5.748924002335329408e-01,7.450695193986174303e-01,9.328878196065513162e-01,4.182247693696239388e-01,5.911155321747909586e-01,5.591562024492588989e-01,5.396078350725125317e-01,4.202735868732861979e-01,8.030795707700332242e-01,7.802477758997885537e-01,5.357277773305866297e-01,6.621045646592682576e-01,3.752221754229483341e-01,1.367004910449976796e-01,2.537038686021990674e-01,9.567646853920346306e-01,2.391811805753042974e-01,4.373663512804099041e-01,5.414563385094531833e-01,5.037397898145468123e-01,6.798296239894880966e-01,6.398661919675564524e-01,1.984714084012894342e-01,4.101748870380231837e-01,8.324123020485447721e-01,8.693429574130705495e-01,3.638300473129573165e-01,2.044104554107998850e-01,7.724909734953638862e-01,6.567159132293921564e-01,6.466008190061026673e-01,5.467140190072615757e-01,8.246573073432175160e-01,3.507236236327094248e-01,6.539103897447593461e-01,4.266304672428457012e-01,5.745076777078270691e-01,4.629250134652809212e-01,7.628103501933533037e-01,4.164275843076252204e-01,5.728237212477299556e-01,1.381727019421318259e-01,7.815768278282586579e-02,4.218641366887090349e-01,7.826568495070209686e-01,8.883153059615215286e-01,9.170878593213543928e-01,5.174184855943478878e-01,5.733818045976301070e-01,7.080196007148740200e-01,7.030017553949361453e-01,4.215794650803431076e-01,5.279972406707553745e-01,5.647508493827783083e-01,5.238321238376546507e-01,4.927199194903162383e-01,3.965709920930664545e-01,9.608527315326762519e-01,6.157089362406852340e-01,7.344534667138249429e-01,5.427137272519003686e-01,6.031823008999522839e-01,4.463371031790404619e-01,5.640354508326521632e-01,4.861806202155999346e-01,2.319744141296960771e-01,2.878278193686428788e-01,4.801713742045615185e-01
3.308494357845475076e-01,9.417049367346784772e-01,7.987594404689772887e-01,7.367099900581269845e-01,9.306114500658712041e-01,7.965107767264795191e-01,4.892083607517884736e-01,4.890601405690852554e-01,7.275389351463504850e-01,9.415422361518194228e-01,8.149232149088043720e-01,0.000000000000000000e+00,7.295917947052532604e-01,7.925364475966920619e-01,9.774238482349528745e-01,3.657715374588795809e-01,4.501048365722945532e-01,4.202999902399694454e-01,3.370815486345134504e-01,7.918251463461545292e-01,6.971247591286247047e-01,5.974190908992633720e-01,3.809537827507877283e-01,9.618685351578586396e-01,1.976052057260594685e-01,8.254614704547363901e-01,9.052362833015040744e-01,2.356238146092937968e-01,1.982011404717233249e-01,2.509795493451290604e-01,-1.310931728642960592e-01,6.674888297035144191e-01,8.013944713781250284e-01,6.075156506719594507e-01,6.156241387118703834e-01,6.701328750669411916e-01,1.758108019017349255e-01,3.708810165331630770e-01,8.493427101608838070e-01,7.367781537229806110e-01,5.723857034482913164e-01,1.520183725904671324e-01,9.822125136688847347e-01,5.887438064006744742e-01,7.590690911497770532e-01,9.452378421805011088e-01,6.284724748832236640e-01,6.675533347860188593e-01,5.187711462255941708e-01,5.203507806013259185e-02,7.530214594684763174e-01,8.345211505922157415e-04,6.465367019031705853e-01,7.478201089309827188e-01,2.975079213180282789e-01,7.304676967409111654e-01,4.094055516977398446e-01,8.180230801521678474e-01,7.765197255182453295e-01,3.878056247609124041e-01,5.553905708488052761e-01,6.489799859163215556e-01,9.145262013227881681e-01,8.964639111211515354e-01,8.824796206920456632e-01,6.879892337275514969e-01,4.534233409392900982e-01,7.790498347349466002e-01,7.012020037587257670e-01,5.249566684708496522e-01,7.034617377984263564e-01,7.776845594039466514e-01,4.041587327478589065e-01,-1.454142446702360036e-01,6.534529129943338344e-01,6.846219581007182420e-01,7.362315197012417878e-01,3.590989142081817409e-01,5.978310476513127858e-01,4.172415625724790189e-01,5.157374224368800331e-01,6.772186767609849056e-01,6.671481003879964344e-01,3.141988250604402233e-01,1.594939278329401133e-01
7.002331128978389607e-01,7.459982858907482361e-01,8.528842311939631715e-01,3.388472140067124716e-01,4.317330164886009070e-01,7.964762216211311863e-01,5.186959606101678721e-01,6.460880172209175765e-01,6.599454394161564652e-01,7.551836819615785901e-01,6.682577186819775861e-01,7.295917947052532604e-01,0.000000000000000000e+00,3.438057594066739053e-01,8.427646853803276716e-01,4.558115228085869441e-01,6.956105965096304189e-01,6.692573483429313796e-01,6.501867608893268091e-01,4.644829237345841633e-01,5.598454302670865523e-01,7.940681782557097446e-01,8.089208449870438633e-01,4.396026363759444333e-01,6.934000542779242826e-01,9.138310151025190731e-01,3.745796818778677206e-01,4.835739723392032952e-01,4.981469714850268460e-01,5.791945211021171103e-01,3.618794817936441532e-01,7.092089508626434613e-01,4.052945930231594551e-01,7.950232591973932506e-01,8.407707924995289073e-01,3.848485737032915077e-01,2.822385177055650868e-02,9.823412236857195223e-01,8.266149360355855569e-01,2.011200963072669601e-01,5.201096214343435831e-01,9.724500581996051718e-01,9.130298099328765238e-02,5.925745661731764979e-01,3.666835888789304887e-01,4.938754911093523048e-01,6.114836063543989120e-01,6.728294820404320253e-01,2.550518420181596135e-01,2.767682723471992512e-01,6.141979916702986486e-01,4.323568655312593489e-01,6.031660512667819107e-01,4.824749090147745778e-01,7.131243270837889225e-01,7.721654971771430009e-01,6.387989627013649363e-01,8.220845284832718480e-01,7.134561346066132792e-01,7.202264054942277838e-01,5.530301666403760752e-01,5.572632509718945526e-01,7.811849287724067503e-01,6.778670648049592851e-01,9.294330845458490531e-01,8.036149999195462135e-01,4.087826648598088530e-01,5.268139981782352654e-01,5.430997470437802788e-01,9.391168444904876011e-01,7.758397623466148918e-01,7.723833164129438877e-01,4.070668047653544508e-01,4.923987048288549495e-01,7.936261887641491430e-01,7.983526290954312543e-01,7.120344105831176718e-01,6.509265616209730654e-01,-1.091090055212267929e-01,5.851746419840668789e-01,3.358694900812881357e-01,5.540505702560469814e-01,7.969430969161378497e-01,5.539940226333125439e-01,4.609252038466802870e-01
6.752219627760103204e-01,6.462940312695562017e-01,2.747685275419715634e-01,7.155056725928197192e-01,5.381303381697297716e-01,5.852402896998455395e-01,7.326729816164855302e-01,8.264784076099584986e-01,2.830924944072863991e-01,7.511635612887556102e-01,9.941108739269586270e-01,7.925364475966920619e-01,3.438057594066739053e-01,0.000000000000000000e+00,8.492703612857257500e-01,6.052708792939300864e-01,9.328639186281983964e-01,4.549741504712140339e-01,6.400782880841530131e-01,6.068425967889816697e-01,6.123464441283281712e-01,9.094828066136457778e-01,6.434525491654771168e-01,9.131166006973940874e-01,7.231226681011451163e-01,8.161950163978803907e-01,7.712362146931207585e-01,6.104174986962570548e-01,2.119238023557946105e-01,2.616628124352908882e-02,5.207399376162757942e-01,5.214778169390104079e-01,7.944835187560598255e-01,8.563802942120201100e-01,5.818953283344604488e-01,4.131595022123497607e-01,4.222204330966513597e-01,7.526964031847133141e-01,4.754454772892810488e-01,7.112276682943832196e-01,1.691655609289019202e-01,4.359570348884793667e-01,6.857349624257910170e-01,9.873955843968007517e-01,9.802819638136018865e-01,5.735201084041796626e-01,9.797994822286971717e-01,9.790412999413222739e-01,6.875858571506361372e-01,6.497509528569405113e-01,6.348787769898656119e-01,4.322926563318653659e-01,5.770187675169891062e-01,6.081223888014193335e-01,6.051754892901038962e-01,8.660580202975173281e-01,5.096203731156681016e-01,8.088357069421371337e-01,6.830840276413286949e-01,5.876126555469753932e-01,2.562142503923005021e-01,8.961411435053778796e-01,6.453092081056703844e-01,7.147739068831971965e-01,7.025356708363513780e-01,4.616212692885992563e-01,6.179366516625213190e-01,9.890649034109146864e-01,-9.559269238457050732e-02,7.876356788923253305e-01,5.706307757059221331e-01,6.490838988287341849e-01,4.207533889067768818e-01,4.052018671075060530e-01,5.694755520623069334e-01,6.715723980765768708e-01,7.470956775176373910e-01,6.671591401085719131e-01,4.989311774612151251e-01,1.908089128140310620e-01,6.493660783627523969e-01,6.554609441928246349e-01,7.721853048607325576e-01,-1.197490690451826767e-01,5.059643332941762273e-01
6.552000312446710772e-01,4.961612781971569408e-01,8.646424579416059908e-01,4.027983945631145035e-01,2.603138758275899134e-01,4.949168276680524503e-01,6.172526278260938026e-01,7.979210250073026645e-01,5.654620959111266165e-01,4.733969604515106955e-01,6.574363719884177559e-01,9.774238482349528745e-01,8.427646853803276716e-01,8.492703612857257500e-01,0.000000000000000000e+00,9.293815440490419411e-01,8.842285087844332647e-01,7.824683740406073174e-01,5.926326389002107842e-01,6.637366936312526500e-01,6.660508269185591024e-01,4.734204789119186851e-01,5.965652944377058953e-01,7.174744044568601709e-01,4.506827409142949437e-01,4.924118887760600694e-01,6.540052780019214307e-01,6.949311915321959576e-01,7.402169038175382410e-01,3.817888267487289378e-01,6.616619291428047500e-01,8.880049071932298865e-01,7.529803824548110258e-01,5.550762252121563822e-01,7.543063611984835992e-01,4.301356950286917558e-01,-1.334929746952274177e-01,5.089092288725225455e-01,9.889030333998877209e-01,4.221925258984096097e-01,5.990380001444264302e-01,6.591377152352797530e-01,9.074245080656327955e-01,4.577859961892774554e-02,6.193552308017157282e-01,7.257755993953570739e-01,4.480510475556673256e-01,7.273506573187552560e-01,4.422104338663242484e-01,6.988987143720931661e-01,2.618071293822906154e-01,6.539114289816860999e-03,9.390797298583530850e-01,7.440048225517750247e-01,5.200349149606553478e-01,6.772209861073504866e-01,5.630557508983902171e-01,4.643777263430987623e-01,2.032446975484797913e-01,4.751077490606768206e-01,3.448934724645664751e-01,6.947755485979253409e-01,7.858984234047836637e-01,6.918214975470445838e-01,8.345575798075759444e-01,1.912002068408035771e-01,5.679533046301851185e-01,6.766168550351631117e-01,2.675684481230791167e-01,3.962860506960821372e-01,8.373948663139421100e-01,6.710924563173741308e-01,-7.946602581708869795e-02,3.302902683801207662e-01,2.613855350103629349e-01,5.677111576541586935e-01,6.562299473211758993e-01,5.323097865943339224e-01,-1.368915219847366138e-01,1.775957141110466042e-01,7.514109871275223007e-01,7.067724953381627762e-01,6.870683219405531172e-01,6.558074539007141546e-01,6.995821975933360637e-01
5.813132229999524725e-01,8.139296707006633547e-01,9.839680759857901693e-01,9.244819791334717429e-01,6.370793988390596185e-01,6.578554366681902410e-01,6.547338072228395811e-01,6.951603204227344568e-01,7.854353678198533473e-01,-9.861301770416996959e-03,9.696509924968816918e-01,3.657715374588795809e-01,4.558115228085869441e-01,6.052708792939300864e-01,9.293815440490419411e-01,0.000000000000000000e+00,9.050035473546579334e-01,8.107886855552415284e-01,5.226093187983983368e-01,7.476350167082844722e-01,7.530252895389759615e-01,2.825048283734764576e-01,7.613250393090826851e-01,4.366794334943204792e-01,7.372004969968352084e-01,7.642136410603432850e-01,5.234850971165999622e-01,5.398783100109276756e-01,5.328044897169663674e-01,1.510379972082520660e-03,5.912244327953914969e-01,4.774477277911473028e-01,7.703591300868497527e-01,5.088837543475775993e-01,7.680369350033053877e-01,2.058948379968318920e-01,5.204001753500711036e-01,6.791917837249501488e-01,9.325036880635106940e-01,9.829005261543209970e-01,2.565858404294999451e-01,4.449889254537782723e-01,8.595509338480700201e-01,7.758567771223926490e-01,6.287336327101071820e-01,6.515061990890892440e-01,3.536274295117309840e-01,2.906189507021121957e-02,9.431972404947469579e-01,5.598642118613436081e-01,5.080670951750140274e-01,9.425070285484897781e-01,5.034793212641938132e-01,7.825227598633032189e-01,3.818945607445197732e-01,8.049684532950268645e-01,2.501738205507896828e-01,3.852886727221949137e-02,4.026144143695619682e-01,1.105331249142884192e-01,3.904469060790073387e-01,6.442055684369818458e-01,6.075319913487365886e-01,7.687185817052777370e-01,7.414502768500350616e-01,7.089471004582950098e-01,7.883928665573367578e-01,4.799783948847946569e-01,5.127391532382635786e-01,3.643570325871298698e-01,9.122091185683577352e-01,5.479315644102227267e-01,2.681266702301333682e-01,7.795416917194996076e-01,6.383506776588839804e-01,4.690621388276047243e-01,6.175472622303753711e-01,2.005262149048600007e-01,4.907404571962730166e-01,7.210854906239322348e-01,4.336896869471375537e-01,2.469445426044857006e-01,1.626599948939305151e-01,6.286406694764149483e-01,8.217125822926542034e-01
9.512432308446892026e-01,7.794891762295542703e-01,9.138290244545096419e-01,6.435081788180643247e-01,6.168184550283077883e-01,6.334267252756746736e-01,6.035262546073351109e-01,6.632573476956434844e-01,7.684254865100053067e-01,7.863154842774762177e-01,6.612323151542158772e-01,4.501048365722945532e-01,6.956105965096304189e-01,9.328639186281983964e-01,8.842285087844332647e-01,9.050035473546579334e-01,0.000000000000000000e+00,8.766088325196583764e-01,7.065794626700979686e-01,8.216669522663593295e-01,9.301116187790560152e-01,8.871598670986640123e-01,7.305583002045531460e-01,9.417257192208615679e-01,1.570783139684307494e-01,9.324291246756574170e-01,5.064352327676757692e-01,6.076680765950692731e-01,8.841654338572427774e-01,4.834481291660921443e-01,7.742434790891404572e-02,1.733221232523689606e-02,4.534428347097456125e-01,7.233697344011299490e-01,7.057734257831732583e-01,3.206476937915122560e-01,-1.672978242408223737e-01,7.331222478810678345e-01,9.124722057117252705e-01,7.217162571764886847e-01,5.724209226901659786e-01,9.735043272590589991e-01,3.012644129246291325e-01,6.738989635284095003e-01,9.503283873916545943e-01,4.903600919194003871e-01,3.042111769892107964e-01,4.942971738119408265e-01,6.306375557527411635e-01,6.209569145989509709e-01,4.502513034644179402e-01,6.154670709215919189e-01,4.139702381776481088e-01,6.307568208111681285e-01,7.770281564827117293e-01,4.608794055542415058e-01,9.096182820363575283e-01,9.599462118554902279e-01,9.805523016356949562e-01,6.025506033700784858e-01,2.675245552709764121e-02,5.138777679425324818e-01,4.160454310517701648e-01,6.840854773940167055e-01,6.965076272031689442e-01,6.947058149663075666e-01,7.097568647754508575e-01,7.526921501969864314e-01,6.090293977496468170e-01,5.762152625797645200e-01,8.518200582798634013e-01,6.205035612390513711e-01,5.576291076218845566e-01,5.610549689624130254e-01,6.023439139597750458e-01,7.628762681018256275e-01,6.171799778240023571e-01,5.620686761138629084e-01,1.301846560930607077e-01,2.760224576854674594e-01,7.830445899552060940e-01,9.559942248355149941e-01,7.774499600540801802e-01,2.461757794566197532e-01,9.236189020560489071e-01
9.441275470301156991e-01,5.727813681778777255e-01,7.350805373872177917e-01,7.453871117494900167e-01,6.140426532481800814e-01,3.944441027978716763e-01,6.640436833760710034e-01,4.851633808575839257e-01,5.065695473991116415e-01,2.873058664623635017e-01,5.748924002335329408e-01,4.202999902399694454e-01,6.692573483429313796e-01,4.549741504712140339e-01,7.824683740406073174e-01,8.107886855552415284e-01,8.766088325196583764e-01,0.000000000000000000e+00,7.133665178869508586e-03,1.253527526941752013e-01,9.194040226614659250e-01,6.317114046840995867e-01,6.056519053389348706e-01,5.377843606563084133e-01,4.848552357013725667e-01,3.167084194611979875e-01,6.621240234843496220e-01,5.987897583455488171e-01,2.898628290872926616e-01,6.447045044926495716e-02,5.698056598341449952e-02,4.316375788393414514e-02,6.486154706084141797e-01,7.831915244307626756e-01,5.311525796193174997e-01,4.416785957276824770e-01,2.050729704755838712e-01,9.018379475969323655e-01,9.131412716848119615e-01,5.535059115265247298e-01,5.855596568104843858e-01,8.484276456848829362e-01,3.053968204327188185e-01,7.629517097112556989e-01,6.606893535922877536e-01,7.467069277719935450e-01,2.420500274343076741e-01,6.437128167222955222e-01,5.002473918980769874e-01,6.498960057940734725e-01,7.639055540562987856e-01,5.541657364397455376e-01,7.808902402999823300e-01,7.143886993036094868e-01,3.673260993937500496e-01,5.353449514666053233e-01,6.584381150413116668e-01,5.210984686318467229e-01,9.878075694364445436e-01,5.844771262324033323e-02,4.746390623141417686e-01,5.823523485959891666e-01,5.772004453608075014e-01,5.414340306614557896e-01,6.679237123641672547e-01,8.860046034511709356e-01,6.856575608406617617e-01,9.349206319451479619e-01,7.708552186946528995e-01,6.571307952388550921e-01,9.810274117179361708e-01,5.147779284433663394e-01,9.530787309404852026e-02,3.454958903658035263e-01,8.831902250740928384e-01,5.494097594824520758e-01,6.497039280856467536e-02,7.125685022090177956e-01,5.178811027074602391e-01,7.877995352512405791e-01,6.279509901481192813e-01,7.026502695181925384e-01,7.792496170346597806e-01,5.233452843617816264e-01,7.339869521354063231e-01
