0.000000000000000000e+00,7.968664681885639922e-01,7.194572907800189654e-01,9.025365894141280654e-01,7.647968525463650913e-01,4.596851583187096524e-01,7.191618989202013257e-01,6.872488229509328139e-01,8.330980875981618405e-01,6.303556738090736467e-01,4.784568191892171196e-01,8.672471071733806047e-01,8.606652374680390238e-01,4.738734916174930922e-01,9.496678733974985853e-01,6.553535414825756300e-01,6.810279167693846780e-01,9.234087128330079608e-01,9.517748362267745010e-01,7.828540378912943742e-01,9.820661798800576214e-01,4.319749425719049962e-01,8.000171998383943661e-01,7.172200225219795833e-01,8.753917443106826735e-01,8.414929378233535484e-01,6.785922623524551778e-01,9.894602674832884137e-01,5.899901065941147715e-01,4.221656257364574949e-01,2.315115294705719917e-01,4.818213490864645121e-01,8.270990216938417516e-01,5.553775361597648175e-01,2.852126692645943207e-01,6.382857870725661131e-01,4.002067715022093464e-01,6.548172703220719315e-01,6.962721479707952854e-01,7.985834418084148956e-01,2.054374190093797292e-01,8.510499764661817457e-01,4.558820976761685517e-01,7.526943038656621621e-01,9.285224525193919165e-01,5.269145455797769051e-01,9.174970604478976943e-01,2.088669491853032134e-01,6.411543460020132645e-01,9.193466672376366944e-01,3.209681398319780277e-01,8.379751218642141897e-01,4.244465792153135353e-01,5.950624676006828206e-01,8.783798219053928769e-01,9.823906192319280528e-01,5.810907312076116771e-01,6.212786757075472455e-01,9.968277514424559449e-01,1.905364791311279227e-01,3.955321775654644934e-01,9.833722993773199583e-01,2.700065321138278018e-01,6.847905331337682533e-01,8.600167653583792315e-01,6.175392068924415723e-01,6.615393181582245319e-01,8.058783364941093375e-01,-1.655215008686829747e-01,8.134186621955015184e-01,5.885948902745594680e-01,7.162043520213188241e-01,2.014528596765006729e-01,6.835545252360127888e-01,1.196090279428149161e-01,9.814885859694785220e-01,9.142232292341191391e-01,7.358486408620520391e-01,2.621367925065689608e-01,4.186498975879051065e-01,5.771043336116248312e-01,6.158395172174674359e-01,7.350652602306166905e-01,5.666986399744516206e-02,5.947402465209628009e-01
7.968664681885639922e-01,0.000000000000000000e+00,5.451093862503444409e-01,4.399921978088731089e-01,7.494934287756744862e-01,9.293402846935022721e-01,6.951110311717725310e-01,9.827710819977810708e-01,6.591930202776419279e-01,4.348858129980448864e-03,7.841889771833344680e-01,6.336471835632270233e-01,1.635203530496304181e-01,5.547232317002113167e-01,4.421012152822156316e-01,5.067638045453696227e-01,7.310380420863767936e-01,5.811840713427035565e-01,7.144757239787470349e-01,7.849100471716115024e-01,9.724317591673096173e-01,5.980732369427018691e-01,6.186454594800352424e-01,7.788128015017933281e-01,4.789414813494051737e-01,8.234646622159237372e-01,6.801571752950325012e-01,4.905451686204235218e-01,3.720972867377594917e-01,5.829366656131937940e-01,3.833963017416295860e-01,7.228750768400551419e-01,6.245203379234379737e-01,4.630179736097986276e-01,6.083920141879808341e-01,5.023329836891713418e-01,4.419855892528531394e-01,4.775519243337769115e-01,7.509613728795188070e-01,9.675289717408207535e-01,2.298907014745330823e-01,6.802999591524281353e-01,5.969267237264831438e-01,4.478088220185524881e-01,6.016676829298813756e-01,5.419299420237628784e-01,4.686832636752022996e-01,3.557957041528597708e-01,2.667050202973701989e-01,4.810126279820141626e-01,6.821380890662446239e-01,4.768685003612597728e-01,9.045258177317733184e-01,7.100490629554764288e-01,7.534646607959681885e-01,7.338193786758441250e-01,4.192690245108452451e-01,6.444401095730225570e-01,7.954368591901781471e-01,4.000005078115009272e-01,3.907002528371049110e-01,7.467638939981056101e-01,5.139118268328691785e-01,9.612527768077551160e-01,5.320865603901092644e-01,7.002244534974173540e-01,5.629632013657676071e-01,8.205223293669520190e-01,3.619183837037416307e-01,5.119293501603108254e-01,3.868701936766832938e-01,3.615850009701560008e-02,4.474996047514721575e-01,5.838733597375644901e-01,6.962488523094860771e-01,3.396372141045052029e-01,7.703665494558591398e-01,6.549859439660283833e-01,4.117406933090608789e-01,5.629184648256666534e-01,4.760543671748436179e-01,5.097608752925756326e-01,4.414765012303896730e-01,7.141435602584421671e-01,6.041583441105645713e-01
7.194572907800189654e-01,5.451093862503444409e-01,0.000000000000000000e+00,3.080290434724651250e-01,6.368241287072538004e-01,5.859575806482985039e-01,5.394973943671466099e-01,4.170292740660312969e-01,9.839106833714689193e-01,6.878173218381339327e-01,6.108040212505770894e-01,4.094338000337147121e-01,1.040616310887083062e-01,8.677771535849081452e-01,9.359892288677377215e-01,8.425172696820283358e-01,8.616214484701730791e-01,5.057761726970000371e-01,6.893818457760361174e-01,6.341371368624033611e-01,4.731113787971197859e-01,5.009008829840061461e-01,7.093969095586487583e-01,5.586625303637640094e-01,6.135573794896428401e-01,8.731633655140377259e-01,7.221692806836081946e-01,8.430603074571445532e-01,5.558796993318735336e-01,2.583215956775594679e-01,-5.457352234878889985e-02,4.294601309955367041e-01,3.939653771542147576e-01,8.569497289078805702e-01,9.143219775939388505e-01,5.393865036047343908e-01,7.954243710599480099e-01,7.920724681547083312e-01,9.916172378586900482e-01,8.914043218783632705e-01,7.342171046149505997e-01,5.487361103811904117e-01,6.058614359277041395e-01,5.093823441599566459e-01,4.689393092734530089e-01,8.493583321126341179e-01,4.323319762934784705e-01,3.633609656046793424e-01,4.561028441033807002e-01,5.546447364869835361e-01,9.349060846048120599e-01,7.117519646118074528e-01,9.204495986701514143e-01,4.982216177668500889e-01,7.287021937293677309e-01,4.634029001494299194e-01,6.662586909939780533e-01,3.032868452915669644e-01,6.511757690288679790e-01,3.878421365795090697e-02,6.456569138656718110e-01,6.398608097010989315e-01,6.005885167082657405e-01,5.300992489357346793e-01,5.326601307747094172e-01,5.750887032590559222e-01,5.094521791057903259e-01,9.426914910500618916e-01,6.243003055305216265e-01,5.233339599632569339e-01,7.619928419478078085e-01,5.998999650635744585e-01,2.734149120178215875e-01,5.659845062971060603e-01,8.629919720707724951e-01,6.351378681752853916e-01,9.394694102560644522e-01,8.870178343584215197e-01,5.446872389112946689e-01,5.887045640687679215e-01,6.745892548466794203e-01,5.468924803018223590e-01,9.763990383561327313e-01,8.319123213070737100e-01,8.448532502549094270e-01
9.025365894141280654e-01,4.399921978088731089e-01,3.080290434724651250e-01,0.000000000000000000e+00,4.914183067843841402e-01,7.664714674430276320e-01,4.025318793310946330e-01,6.394811073562716164e-01,7.419876861573519999e-01,8.553160386629123924e-01,5.781007041291416071e-01,6.451910202729698174e-01,3.810356165850750099e-01,9.446634550050767576e-01,5.646680809902496767e-01,8.174417638389619434e-01,6.651248414076467164e-01,3.233514735541024865e-01,6.536412179009825074e-01,7.232102069708341574e-01,8.157522665321238486e-01,2.281741692649283393e-01,6.240847081467416624e-01,4.965248063045533677e-01,9.589602212684001925e-01,5.284732248353914974e-01,7.508066936704358429e-01,8.287230832653421642e-01,3.788824947704180213e-01,5.917572713569736464e-01,3.396819268386385704e-01,3.642768834822091573e-01,5.607824590269492315e-01,6.546855640500620632e-01,6.717331230428886801e-01,3.857190550371489834e-01,5.672607209980179421e-01,5.061478072871922196e-01,4.279246999171348320e-01,7.917088057862374795e-01,5.759457091439317278e-01,5.926248418168174048e-01,7.359575324873526281e-01,9.327422801315277123e-01,8.313437192064534464e-01,8.219368471842877222e-01,8.659637131320195857e-01,5.787001350108156306e-01,5.807493207719736095e-01,7.497506570887813027e-01,9.139554049623540566e-01,4.923051375801658636e-01,5.941776544352240785e-01,8.954510187148631006e-01,9.817656761739080862e-01,4.951074276800300211e-01,6.148070622160858312e-01,7.203134997850413335e-01,8.612389791298001862e-01,5.061659878843171034e-01,7.519458749493747041e-01,9.373640648515823015e-01,8.432841666309308648e-01,8.695706015021076318e-02,9.616305938652599528e-01,7.592579959158677338e-01,5.186649733013948271e-01,9.318359311600205031e-01,7.280440186053047658e-01,5.356515835527808633e-01,7.269750084407028412e-01,7.801411409116378870e-01,1.802655942494142335e-02,5.880540774062776865e-01,7.167698555712648245e-01,6.962957633172740524e-01,4.790476194616535288e-01,6.610388202101924460e-01,2.259168080901653719e-01,-8.666390296925530201e-02,3.206817997093148742e-01,3.198818208430038168e-01,9.374750341881605831e-01,6.435971609055447518e-01,8.125310298785548557e-01
7.647968525463650913e-01,7.494934287756744862e-01,6.368241287072538004e-01,4.914183067843841402e-01,0.000000000000000000e+00,6.435062237333192270e-01,6.922837979234242045e-01,5.087294045606557402e-01,9.897231833107698051e-01,6.581400778405478436e-01,7.935711678978731864e-01,9.582669238698128256e-01,7.652565131523301201e-01,2.464567632603435476e-01,7.219420960655158481e-01,5.611235976962842820e-01,5.915114284547544621e-01,5.415919315988275695e-01,7.960652576136337810e-01,3.130134622992970794e-02,6.023058091720169260e-01,4.962998157801186139e-01,8.300860602029255242e-01,4.971591279228211868e-01,7.724291387567421285e-01,4.449923852075883812e-01,4.430573518619144169e-01,9.897250727640605206e-01,9.140764550804573174e-01,4.660017408238261716e-01,2.750687086195249820e-01,4.522998324859772712e-01,8.078379608128891665e-01,1.322358933120735824e-01,4.638809082990690280e-01,6.852884733282180729e-01,3.731364877193802387e-01,7.611765786956038449e-01,9.458954442225280257e-01,6.977842801602380796e-01,4.641438634224775289e-02,6.521538201585713734e-01,8.600965935711074595e-01,7.709687649886541871e-01,2.041232061124480524e-01,8.850514227377815901e-01,7.682344579373817650e-01,4.903643728747035246e-01,9.463461808749118465e-01,7.799201168553325791e-01,3.670256052984947059e-01,8.237420281483074369e-01,6.469672640988712864e-01,6.592018186650974165e-01,2.709561502781914211e-01,4.327336207800235868e-01,7.456127690443793421e-01,-2.462834618452868496e-01,9.460144362737945567e-01,3.928514096813537360e-01,3.097308522031902434e-01,7.881476263250351000e-01,7.927629443552681732e-01,3.546095206469201955e-01,8.989397065043503998e-01,4.806442993774776573e-01,4.203382205968863583e-01,6.738964925731050215e-01,2.683611161244018328e-01,6.664428461018587768e-01,6.353426654421556741e-01,3.510552160229921670e-01,2.419855880138544468e-01,2.291944666943669107e-01,7.863373640246261731e-01,8.830443681669727374e-01,8.045219322465012313e-02,4.094253635926636270e-01,3.614134044886648800e-01,1.207117115327425022e-01,2.602366898427216357e-01,3.919398471582791754e-01,6.580734982678818623e-01,2.420825719489680949e-01,1.824601007742551462e-01
4.596851583187096524e-01,9.293402846935022721e-01,5.859575806482985039e-01,7.664714674430276320e-01,6.435062237333192270e-01,0.000000000000000000e+00,3.328330647292510047e-01,9.920245382013617164e-01,6.045817871190815040e-01,6.118888118958922817e-01,2.872389373216359676e-01,6.547875833966612102e-01,4.179220824682392532e-01,8.589257440973182556e-01,7.072313192940492543e-01,9.840655431997655800e-01,6.807861916619917242e-01,4.717776298177494554e-01,4.804701384413401222e-01,8.718131844035648115e-01,6.241446979610409951e-01,5.063233266227192830e-01,6.586391742741155575e-01,4.750722913974905759e-01,7.825266928282827994e-01,7.817614561710549692e-01,3.278456707322595642e-01,5.846254921724821640e-01,6.793560227223356396e-01,6.637255661642491589e-01,8.605350602424340911e-01,6.505323276023534662e-01,5.385725438074649984e-01,4.803541140114006569e-01,4.941208456017822659e-01,3.216560388958027428e-01,1.599659580007000148e-01,7.332528062674957825e-01,7.123417985540725361e-01,8.228426877731844780e-01,4.133846638721311306e-01,5.361964588194924053e-01,7.411125258984745390e-01,8.995042109197296520e-01,6.336931321918595206e-01,7.612875052049882241e-01,6.223831666341439472e-01,2.506023688473474342e-01,5.398206755105004057e-02,5.202936825350821248e-01,7.614900929441867916e-01,7.616004365115770502e-01,8.066380885509292220e-01,9.349016857329337515e-01,6.366264987045329171e-01,5.413629288002903550e-01,2.244887424726108582e-01,4.919919943582021782e-01,4.907412909365020948e-01,7.409343780579250582e-01,3.254941392928998312e-01,7.179222555324796806e-01,8.915224925634152031e-01,7.170480786503790060e-01,9.298018969752641638e-01,5.468727673306361670e-02,6.998957915418169140e-01,9.215981054261488392e-01,7.600371649211908887e-01,4.207327057994132424e-01,8.193481110276116253e-01,2.599612196559535349e-01,3.146278452137535320e-01,1.947814469934384118e-01,6.084890590230871421e-01,6.238210452716355103e-01,8.912318238621503852e-01,1.340782520497681707e-01,3.924916367199751122e-01,3.562866093036803905e-01,6.969998642359507279e-01,4.923163182246138581e-01,9.476882261721457645e-01,5.029641739061423422e-01,8.570812527273845571e-01
7.191618989202013257e-01,6.951110311717725310e-01,5.394973943671466099e-01,4.025318793310946330e-01,6.922837979234242045e-01,3.328330647292510047e-01,0.000000000000000000e+00,2.898742429329658199e-01,3.169584833735037965e-01,3.859304513021045713e-01,6.136373115514210941e-01,3.895420882849042199e-01,7.197372483458315262e-01,5.662660111822871434e-01,3.420392975233440547e-01,5.543550389506766152e-01,7.338901512992911380e-01,7.498761681422465575e-01,3.476532170770365027e-01,7.873082576715640934e-01,6.300315694331647398e-01,3.605062890548214188e-02,4.151186155596158778e-01,6.041629553251443019e-01,5.944070624163253491e-01,4.254819125048848738e-01,3.176876488286906608e-01,4.095048699423447514e-01,2.918454721440388311e-01,6.938492255160870481e-02,1.693675756477706906e-01,2.344559745244670090e-01,7.220808036268697716e-01,5.179129656222358769e-01,5.486632536243378766e-01,5.581329315394488733e-01,1.682987975084749843e-01,4.657846308333748464e-01,9.771313459530691636e-01,2.688625155601229166e-01,7.368753718892078197e-01,4.957516691095890105e-01,3.887148064077399212e-01,3.056349461081575014e-01,4.333770346936128837e-01,6.351191783159620963e-01,3.193898932519976808e-01,4.321380539465726200e-01,7.635716542424764164e-01,5.526419564252711414e-01,7.518935294958857263e-01,4.783653867292223527e-01,1.708282886009626356e-01,5.394994712628130573e-01,7.318584309761428930e-01,4.474879298326375210e-01,9.547503226500914097e-02,2.610037631823824977e-02,6.077838673155593341e-01,3.441632779302385980e-01,5.979810592351207932e-01,2.699338521013650016e-01,5.322022228030338920e-02,9.891337505340617176e-01,8.255642868110706356e-01,2.738712598790778441e-01,2.165654193343609923e-01,5.812561203965225243e-01,4.810561722486078606e-01,4.432171842349014179e-01,5.633357023947582753e-01,4.627142966039157201e-01,3.869656527078115804e-01,4.136401783472478666e-01,2.441718156905959281e-01,2.781278601590286281e-01,-1.787341376455638953e-01,2.665329208289622942e-01,3.188558432377040508e-01,4.959499753303263647e-01,5.287502380043821448e-01,6.063613916674490678e-01,4.289815847142821603e-01,4.511720616610240264e-01,3.549356844277681278e-01
6.872488229509328139e-01,9.827710819977810708e-01,4.170292740660312969e-01,6.394811073562716164e-01,5.087294045606557402e-01,9.920245382013617164e-01,2.898742429329658199e-01,0.000000000000000000e+00,2.538463790410706578e-01,3.162255758791532867e-01,7.861840678646588865e-01,6.257868322871437128e-01,9.833919753588199475e-01,6.280057963759485551e-01,4.640811519389518441e-02,4.079375053035591003e-01,6.350765879924713531e-01,7.831358192950279573e-01,3.653960559816180620e-01,8.440228994600216250e-01,8.204169822581068861e-01,9.244990461790707492e-01,7.581340729298287062e-01,9.698347384664200987e-01,7.608281888775044743e-01,5.044366380224840629e-01,6.381014331571583931e-01,5.151486987713149723e-01,2.772754533669665733e-01,2.554377200212723520e-01,3.215917255064748570e-01,3.503193341422921048e-01,6.630883526319152343e-01,7.951589788374253676e-01,4.344359451388346560e-01,4.759500239205082250e-01,1.265677612116277162e-01,7.161073617175567341e-01,9.340680717127844979e-01,3.347612652192413218e-01,4.826447563183018930e-01,9.725308106105468031e-01,7.406804416018206716e-01,4.677497006167160576e-01,7.018200481259442292e-01,4.543478883188019624e-01,3.347396702773357546e-01,5.733226580491358471e-01,6.436029636575764101e-01,2.736530307816869012e-01,9.116158269427201422e-01,5.622555754290461394e-01,-1.796068332775960230e-01,4.546708893311002808e-01,2.726681765109944533e-01,6.285849100305956894e-01,4.800586190546119458e-01,6.524219848009173983e-01,7.635463606520319635e-01,4.297133850431146262e-01,7.181669034638814564e-01,6.272858327885044716e-01,4.824208217859987102e-01,9.454794232126380038e-01,9.370746000200506076e-01,4.110061292759063512e-01,7.395535612148246285e-01,9.678221110705962360e-01,4.664632789522999978e-01,3.939344262573395428e-01,5.987266213082522714e-01,4.873672945609737739e-01,5.310465897561942317e-01,7.359712759779650504e-02,1.576979912894215796e-01,6.383682113177835404e-01,5.773143671883913530e-01,6.206837417471082752e-01,7.971255759516338024e-01,1.788865605806607972e-01,6.815715648811974114e-01,5.270778828874450594e-01,5.263579224714607374e-01,6.544626903488501846e-01,5.798124348338429268e-01
8.330980875981618405e-01,6.591930202776419279e-01,9.839106833714689193e-01,7.419876861573519999e-01,9.897231833107698051e-01,6.045817871190815040e-01,3.169584833735037965e-01,2.538463790410706578e-01,0.000000000000000000e+00,3.068130769980007555e-01,1.302232941653953813e-01,8.258832627380494618e-01,7.242681546192623054e-01,5.588412322778467667e-01,5.674683599710350634e-01,6.818111026244502160e-01,6.353147659710208783e-01,2.052410802192355110e-01,7.810547276719133070e-01,3.411851955420322491e-01,7.452188380983578719e-01,2.007679554093339813e-01,2.342514881292643569e-01,4.904003279650432923e-01,6.342963616461239074e-01,5.649527442341020222e-01,6.185702515026925141e-01,1.339121660067044417e-01,7.208662931227682868e-01,3.320203008986855053e-01,4.282206630448973650e-01,6.052415810273423791e-01,6.647768464442060932e-01,9.460872395532036183e-01,5.141324907950649559e-01,-1.600275911787321648e-01,-1.558383108862058664e-01,7.023718287533659010e-01,2.414120355756614877e-01,9.622181159500525771e-01,3.304199138394972035e-01,7.847728718721744823e-01,8.022089311832055758e-01,6.538671231195284372e-01,7.781885573243340071e-01,5.734384998456253379e-01,6.778524951375828334e-01,4.746647151614439841e-01,5.881736397950912965e-01,4.060570270994647291e-01,6.222328730572024291e-01,3.304005548605526421e-01,8.454972036646427602e-01,5.917748735807709659e-01,7.370022616041922714e-02,7.765334142709683363e-01,5.970012993959515901e-01,6.099984039136570058e-01,6.916423208384084864e-01,6.405884364830789490e-01,7.531219016353709605e-01,9.439523325936243214e-01,5.700175641574624086e-01,2.901795525113576857e-01,9.456780141323526401e-01,7.006340536023450971e-01,6.718112097272763705e-01,6.934369426331757902e-01,2.642015092080007843e-01,3.668609535873328387e-01,5.399168884102729660e-01,5.436901301265841813e-01,7.507618789425806183e-01,1.862595433185920690e-02,7.910605759632998168e-01,4.905840438275350102e-01,9.628529461024509795e-01,2.921942852619516806e-01,3.958987761996662913e-01,2.129048575445125491e-01,6.499641531609079426e-01,7.216422324415572298e-01,7.777030450304317499e-01,5.094017629338466469e-01,7.837568874765152849e-01
6.303556738090736467e-01,4.348858129980448864e-03,6.878173218381339327e-01,8.553160386629123924e-01,6.581400778405478436e-01,6.118888118958922817e-01,3.859304513021045713e-01,3.162255758791532867e-01,3.068130769980007555e-01,0.000000000000000000e+00,5.916337841140677511e-01,7.158117912447043985e-01,6.765690600244158581e-01,6.758026054295417362e-01,2.169198751960215443e-01,2.227625764801007269e-01,4.863652434967695726e-01,7.407869386290348857e-01,7.903836394244734276e-01,9.640097673288018365e-01,8.029728177938351141e-01,5.594023767875753173e-01,4.434741930370605933e-01,7.554555439190394628e-01,3.931938654213206763e-01,1.228313108969205508e-01,4.059472451019220940e-01,7.607840118781696859e-01,4.069755496826350516e-01,-8.283397910087039739e-02,2.897063275511975178e-01,7.916846766762754006e-01,3.581735291779197805e-01,3.878866637577799148e-01,3.340943163211582689e-01,6.390296376425226299e-01,3.335218537142845552e-01,1.560685454237247805e-01,6.302410652757536313e-01,7.441592211284882019e-01,4.251035592264885143e-01,4.939090032683268738e-01,6.974444462236878417e-01,3.210360672182748648e-02,8.154057515837075387e-01,7.768171484805375115e-01,6.276605481669491615e-01,6.656017622112155863e-01,6.946083562432028846e-02,-7.900376796497936283e-02,6.651070238584585459e-01,7.866195426258515422e-01,6.554500270550335239e-01,6.511090277361814005e-01,8.819721763464172248e-01,8.509331009893867925e-01,7.675370781825632260e-01,-1.384602122241824218e-01,9.567100937840292696e-01,4.831157157690778581e-01,4.871123830733608551e-01,5.539491676469904258e-01,6.175992198287836299e-01,6.254930395070540383e-01,9.087199546134098194e-01,2.934542032890630203e-01,8.671002141784978426e-03,5.733929438805783763e-01,5.706318485104851235e-02,4.475499440380520944e-01,9.097460776566388407e-01,4.706903641458848320e-01,5.790696677136074610e-01,1.650021447481958281e-01,4.986018332983866985e-01,7.019080076587057571e-01,3.895542912599666563e-01,5.975975677354089521e-01,3.285304262489758820e-01,3.012982964219352855e-01,6.911321192893957743e-01,9.461770481719542492e-01,4.804502277680934852e-01,6.719476558642354380e-01,8.726075442548220096e-01
4.784568191892171196e-01,7.841889771833344680e-01,6.108040212505770894e-01,5.781007041291416071e-01,7.935711678978731864e-01,2.872389373216359676e-01,6.136373115514210941e-01,7.861840678646588865e-01,1.302232941653953813e-01,5.916337841140677511e-01,0.000000000000000000e+00,5.235465789421378524e-01,8.347436853440020066e-01,4.687810562869242359e-01,9.846107804383852358e-02,-5.535091478428624812e-02,6.724306401146515899e-01,5.747235990446359910e-01,5.197468061685700524e-01,8.709363028321891465e-01,4.547456755935101458e-01,8.346067262562395506e-01,4.712342421805877368e-01,6.287895361727079413e-01,6.933331847022858874e-01,6.238076299976751393e-01,5.140790145667109012e-01,5.878231163040996687e-01,9.024538761873131254e-02,2.755778532030572214e-01,5.906997081077334233e-01,4.919820206504819660e-01,2.133810899934196759e-01,7.820533754599799936e-01,6.930772695201730116e-01,7.590042440855284678e-01,4.121435356239701031e-01,5.634417548832272304e-01,9.132564274980543573e-01,6.262474419790169389e-01,7.332403824696123174e-01,7.280204424799447960e-01,2.915431684747898933e-01,8.195671451380132089e-01,4.816818422789187482e-01,6.889942582292277740e-01,7.771313496847478408e-01,5.004338353378047222e-01,1.999561820524748401e-01,8.928796591752617973e-01,7.074468811184694284e-01,5.624571771852253654e-01,7.203845618691626651e-01,6.834460752958445573e-01,6.318687802037855628e-01,7.856690828508196001e-01,8.693515870687604785e-01,6.071832708243277699e-01,6.534354034670226685e-01,-1.648538743203042389e-01,7.107348267029313105e-01,6.927909298721760534e-01,2.591094532681336160e-01,8.489039555876540799e-01,6.744346290838607594e-01,5.608844642421633164e-01,2.640880861487086562e-01,9.704501624779620084e-01,5.358780822842283964e-01,7.606070085230748345e-01,5.629245540743140763e-01,7.818448303698845026e-01,6.878360306302108151e-01,3.855671360912846235e-01,3.214400584341414735e-01,6.992638969416482553e-01,3.851917957022408245e-01,7.686718501376775814e-01,2.749078778078798413e-01,4.632238914458874923e-01,7.496517136719734742e-01,4.317554886312194862e-01,1.040774019755905527e-01,6.374175376359428880e-01,6.747192040570981764e-01
8.672471071733806047e-01,6.336471835632270233e-01,4.094338000337147121e-01,6.451910202729698174e-01,9.582669238698128256e-01,6.547875833966612102e-01,3.895420882849042199e-01,6.257868322871437128e-01,8.258832627380494618e-01,7.158117912447043985e-01,5.235465789421378524e-01,0.000000000000000000e+00,7.358734577470955607e-01,6.535387742294092028e-01,8.438750855280465757e-01,2.726089355681114434e-01,8.792951036907602491e-01,6.689833781018048597e-01,6.634216489731121769e-01,9.951169559082261307e-01,4.319140035883218265e-01,2.594458461798671012e-01,3.149373883019621623e-01,6.893581620822186729e-01,5.380375852409585713e-01,2.265402641957339758e-01,6.865019210346915424e-01,4.165304697505559650e-01,1.110648730376343069e-01,6.709272456664490125e-01,3.034576932157289075e-01,7.735024750227081913e-01,6.121146759987455832e-01,7.719012138825865899e-01,6.538892900287834875e-01,2.169431862819773960e-01,5.587670722786253208e-01,5.856822625237458890e-01,9.173438513366645175e-01,8.568491746699561373e-01,5.319412273603272290e-01,8.804372995348295206e-01,8.762215106317039481e-01,2.369364375608049300e-01,5.037892787317596044e-01,6.848655270286921892e-01,7.351794551023588253e-01,7.283503909172417412e-01,1.530758548550680276e-01,3.912523195856422165e-01,5.786081007634944484e-01,7.326154489926430813e-01,3.350672999099180149e-01,4.312995095459310479e-01,6.526286474178004671e-01,8.310374005599524549e-01,6.951427538174014265e-01,4.069185629367422230e-01,3.456088239597103762e-01,5.633027512568733464e-01,5.686602004647384190e-01,2.579422123254841992e-01,3.891891860789378765e-02,6.770251442767832861e-01,6.811496063728084138e-01,4.015303027914268741e-01,8.542477764741081003e-01,8.112439507399233918e-01,4.661061586542571966e-01,3.868631053803086584e-01,9.136532793162294164e-01,7.671077189532314877e-01,5.660262592473194188e-01,3.228312175904338166e-01,6.464016919954786999e-01,6.043178221322546007e-01,6.301622741783223791e-01,7.531020130074570496e-01,7.455490635859908233e-01,9.243945182664417559e-02,4.528831443519238387e-01,8.618278539019852413e-01,7.875541899542808366e-01,2.004612235961882385e-02,2.613995045485965618e-01
8.606652374680390238e-01,1.635203530496304181e-01,1.040616310887083062e-01,3.810356165850750099e-01,7.652565131523301201e-01,4.179220824682392532e-01,7.197372483458315262e-01,9.833919753588199475e-01,7.242681546192623054e-01,6.765690600244158581e-01,8.347436853440020066e-01,7.358734577470955607e-01,0.000000000000000000e+00,4.630957374652774350e-01,7.747573942999308461e-01,4.592862062652185440e-01,4.920014723239499177e-01,7.701513008722130627e-01,8.765134749630072442e-01,3.503048597737504766e-01,9.415242924364716215e-01,9.327114641844106435e-01,6.785760957997443166e-01,6.145077120211275279e-01,6.106394154255082585e-01,6.926480962681693665e-01,6.183797806001952724e-01,4.004198205495874130e-01,3.700948582134483411e-01,1.584630303357265901e-01,4.766116902303772496e-01,9.387383032992462351e-01,7.525374214564327646e-01,6.510320978636117140e-01,4.136001790337359152e-01,5.492864444471123875e-01,5.803670488959222773e-01,4.915330185214464853e-01,7.533347782029203854e-01,4.345908301888798952e-01,4.744791071576375807e-01,4.417625691897018592e-01,4.249450059756192943e-01,5.449149504779993158e-01,8.867400571423676992e-01,6.732561571428794522e-01,8.496048244639045066e-01,5.897023774726268819e-01,4.115473126214214683e-01,7.812330978516088820e-01,8.821285664098722501e-01,3.130884864495914743e-01,1.371607712991340829e-03,3.980397999114719809e-01,6.319113160391118811e-01,2.998542020659511476e-02,4.405088765842761767e-01,7.403080691468338914e-01,8.767278711539767677e-01,3.599323747077897706e-01,2.429428759710554886e-01,8.019614065210004528e-01,9.275631720024017923e-01,9.941801224500774747e-01,8.639747629058203149e-01,5.325577130278915661e-01,4.451774739492823096e-01,7.990546449248820959e-01,4.055668614692862217e-01,7.654186823952191521e-01,8.064666934963953260e-01,4.545595156502794110e-01,3.743341339062709050e-01,2.660603185811704630e-01,4.754410827941850659e-01,7.693214385854034720e-01,1.170402362129845664e-01,8.428850981797327835e-01,3.943457725964811256e-01,2.054808227728584513e-01,5.952621950561109987e-01,5.259657587328946393e-01,8.667257711325873082e-01,8.463774359119317081e-01,9.174580437584475279e-01
4.738734916174930922e-01,5.547232317002113167e-01,8.677771535849081452e-01,9.446634550050767576e-01,2.464567632603435476e-01,8.589257440973182556e-01,5.662660111822871434e-01,6.280057963759485551e-01,5.588412322778467667e-01,6.758026054295417362e-01,4.687810562869242359e-01,6.535387742294092028e-01,4.630957374652774350e-01,0.000000000000000000e+00,2.758610572219646340e-01,2.642415158643502959e-01,3.556261058983465340e-01,5.719945195195296206e-01,7.859234961692269650e-01,9.309284988390550408e-01,7.390359225860649861e-01,5.720436190054252190e-01,8.709093747057995438e-01,5.161166341552210213e-01,7.529531542579241954e-01,4.533849446770963909e-01,6.117741273698268367e-01,4.331694124218912756e-01,2.106340156190608381e-01,2.115144464058768548e-01,6.760062999418683938e-02,3.685874255824729828e-01,4.409340603429671712e-01,6.563221388673764478e-01,3.287258557788981794e-01,3.417661705983290332e-01,4.203383117952076420e-01,5.347099809433871753e-01,5.801185844396397062e-01,6.660014020479780861e-01,4.270982217985022644e-01,7.027390296490150234e-01,8.601936224889799032e-01,4.744877034855468079e-01,6.343952550709985871e-01,7.679609102613634830e-01,8.163704771367611412e-01,6.767077259605684958e-01,7.024051655190580723e-01,7.038677268949276034e-01,7.858134136142743698e-01,6.347299274114658330e-01,6.057493296874475464e-01,6.262501724624948141e-01,9.474794443428065094e-01,9.214596463862387843e-01,4.003483200698798594e-01,8.028745214979025047e-01,8.368282446905150884e-01,-1.523542986486338680e-01,3.275037898379451473e-01,5.499957939827732067e-01,9.059525493409681385e-01,9.293251417161094707e-01,6.429969571033868903e-01,2.571298188679514984e-01,6.690371682279367960e-01,6.913020340421434096e-01,3.164988681936098947e-01,8.843240896880417701e-01,8.757874475702773776e-01,8.381157758769426369e-01,4.210842943131785088e-01,6.235684121812895553e-01,1.662465111960356734e-01,6.721697717253167781e-01,9.130927780995071741e-01,5.624796634316063804e-01,2.409505779542285286e-01,4.737802985049419657e-01,6.317455842232605479e-01,1.742657199888812403e-01,9.520947860667710039e-01,4.737970877413768545e-01,4.908391610001487382e-01
9.496678733974985853e-01,4.421012152822156316e-01,9.359892288677377215e-01,5.646680809902496767e-01,7.219420960655158481e-01,7.072313192940492543e-01,3.420392975233440547e-01,4.640811519389518441e-02,5.674683599710350634e-01,2.169198751960215443e-01,9.846107804383852358e-02,8.438750855280465757e-01,7.747573942999308461e-01,2.758610572219646340e-01,0.000000000000000000e+00,4.229545247650490225e-01,2.144912229178656538e-01,2.526082908426852125e-01,7.874734116321366884e-01,4.970514328918926861e-01,8.179799982725723950e-01,6.169219467371602761e-01,6.444866308203622829e-01,6.479203265070341278e-01,7.123182623400953206e-01,2.753504824025200248e-01,7.238092312014265950e-01,4.720996895766215173e-01,1.315020653210721979e-01,5.113357479162399244e-01,3.453358327034679043e-01,6.088198647196497726e-01,4.951260856078769645e-01,6.294603696477844013e-01,7.661732430668793947e-01,1.778317391108321099e-01,4.567614313468617571e-01,1.912404293818702194e-01,7.671334250599357585e-01,2.305082132965703690e-01,3.939101725891337447e-01,5.178951687879193022e-01,6.941597661406414543e-01,4.368054555616049384e-01,4.858013704975528424e-01,7.159505989981799212e-01,8.343112356174278155e-01,7.883822456583805538e-01,7.010448549191209411e-01,5.509399117320092909e-01,6.038281175231556830e-01,6.464511202442800863e-01,9.660824452945355745e-01,9.970303734530985285e-01,4.874781713748476131e-01,9.345379220308105417e-01,6.177514394011551779e-01,6.535862054489640638e-01,9.083246002615888992e-01,1.640674261277339646e-02,1.352153465644573560e-01,3.779500740518965118e-01,9.037593589411483386e-01,7.852210873353381304e-01,3.813994503147462023e-01,4.366054489072103695e-01,7.686349505088758693e-01,5.461636670648133407e-01,4.773391391242362558e-01,7.823783321047070860e-01,9.675797189556021305e-01,6.080554104598021592e-01,6.893087093223486672e-01,5.551858102320127442e-01,4.583546565474659884e-01,7.497944769703502876e-01,3.041405128820934833e-01,6.195926947275571806e-01,-9.461219903111951768e-02,2.222522868882488567e-02,7.276274845637707989e-01,7.812612373830828127e-02,8.328841345151006825e-01,4.172952152952298377e-01,4.051007809999518372e-01
6.553535414825756300e-01,5.067638045453696227e-01,8.425172696820283358e-01,8.174417638389619434e-01,5.611235976962842820e-01,9.840655431997655800e-01,5.543550389506766152e-01,4.079375053035591003e-01,6.818111026244502160e-01,2.227625764801007269e-01,-5.535091478428624812e-02,2.726089355681114434e-01,4.592862062652185440e-01,2.642415158643502959e-01,4.229545247650490225e-01,0.000000000000000000e+00,2.277293628761780861e-02,7.084248241653645639e-01,9.927409540168339319e-01,6.480731511563520009e-01,8.743896409306353146e-01,2.287433641583823674e-01,3.258158821416848872e-01,6.723335899173508157e-01,4.387061813348584471e-01,9.926147193196440677e-01,8.607468611853172913e-01,6.616668161184527941e-01,1.804647984172823572e-01,2.470691451974444675e-01,2.546745942643043881e-01,3.537732136250744674e-01,9.173434181462336579e-01,7.669045805383860603e-01,3.366636269361027445e-01,2.542892847496780462e-01,-1.672973060749710639e-02,9.654609920248568011e-01,4.823537055962873188e-01,3.303727148589041818e-01,4.176099111537625586e-01,7.741064263048613725e-01,7.948024113069734886e-01,2.381079412814586516e-02,4.268421971405250148e-01,9.869156061311030737e-01,7.811002505863779977e-01,6.746394630853442820e-01,5.206717995801093402e-01,4.140780894160522863e-01,8.799119842772551436e-02,6.988050959807446949e-01,4.650916365089359794e-01,7.083450030705474854e-01,8.828478670699764219e-01,4.464817546435954077e-01,7.766391612470145978e-01,6.464970693816233238e-01,9.037867475105750836e-01,5.523568172820350064e-01,1.494515516449129444e-01,7.888619204416252861e-01,2.514914120296017908e-01,8.189975629559083092e-01,8.936640963987810826e-01,7.728987301036749358e-01,7.733360605285930500e-01,8.877552603663511066e-01,7.818004680903137826e-01,5.590846456372353668e-01,4.648745709148715544e-01,2.490810461776951645e-01,3.132924000472456227e-01,4.219594247458656189e-01,7.127823122265085354e-02,8.865934813284963578e-01,6.503519455228160551e-01,6.354889204749438747e-01,2.253888990121566127e-01,4.301072004927522507e-01,7.701848577502605764e-01,8.241662977183493721e-01,5.803581357675645647e-01,2.941622144334287148e-01,9.138164773287866804e-01
6.810279167693846780e-01,7.310380420863767936e-01,8.616214484701730791e-01,6.651248414076467164e-01,5.915114284547544621e-01,6.807861916619917242e-01,7.338901512992911380e-01,6.350765879924713531e-01,6.353147659710208783e-01,4.863652434967695726e-01,6.724306401146515899e-01,8.792951036907602491e-01,4.920014723239499177e-01,3.556261058983465340e-01,2.144912229178656538e-01,2.277293628761780861e-02,0.000000000000000000e+00,8.230892720382546601e-01,6.383475003576060125e-01,8.586061797080035696e-01,9.145201893020913353e-01,7.753479662921829441e-01,5.506260712619670539e-01,9.720001009977918827e-01,7.213739156454161972e-01,7.560156979593533055e-01,6.288182833023937546e-01,9.660975277654398896e-01,2.815607564826125842e-01,1.056010403409350928e-01,2.315403569141446516e-01,4.532779250841480478e-01,-2.895859461244759681e-02,6.648422159334982373e-01,9.164666885248969885e-01,1.796946122396758747e-03,6.158721115599067319e-01,7.125486987948345119e-01,3.266532348872552838e-01,9.838146952734042605e-01,6.943781885795339281e-01,8.546941951217613687e-01,5.016523422243344132e-01,4.930911499274543974e-01,3.342254803480966818e-01,4.085677279963282893e-01,1.910297490442018908e-01,6.858485173648019018e-01,1.978320021990256083e-01,4.583474248861500455e-01,9.109292310346335242e-01,7.537038763682357700e-01,6.609509044852689419e-01,5.550310058491462195e-01,7.964046345945143823e-01,7.022835541091210221e-01,8.183678476923204048e-01,8.049481962672978552e-01,4.314293899572038127e-01,4.538382828227021659e-01,3.494763080485420170e-01,2.313412046694786339e-01,6.759577905089181327e-01,7.788048619886451807e-01,6.700171448970080323e-01,6.180200035779888079e-01,6.452836574707879747e-01,8.038900652588825135e-01,4.889354141922430674e-01,3.758361357203244824e-01,8.193132742080926345e-01,2.554571312815510087e-01,3.407166473161525877e-01,7.762197193717211841e-01,7.952051976321685700e-01,6.750877140737606696e-01,9.359577272667085612e-01,4.341214807771402451e-01,6.051355024439328822e-01,3.547570678096196306e-01,2.425720517588290104e-01,9.163181557359785234e-01,5.008960315212234171e-01,7.321216280107112340e-01,6.684649009338974324e-01
9.234087128330079608e-01,5.811840713427035565e-01,5.057761726970000371e-01,3.233514735541024865e-01,5.415919315988275695e-01,4.717776298177494554e-01,7.498761681422465575e-01,7.831358192950279573e-01,2.052410802192355110e-01,7.407869386290348857e-01,5.747235990446359910e-01,6.689833781018048597e-01,7.701513008722130627e-01,5.719945195195296206e-01,2.526082908426852125e-01,7.084248241653645639e-01,8.230892720382546601e-01,0.000000000000000000e+00,4.525752060622817430e-01,8.900373812139064089e-01,4.437175797948852973e-01,6.866366623117639012e-01,3.937933691203840958e-01,7.602518183490794002e-01,4.510107723626068377e-01,8.601846623851655549e-01,8.443434953898831807e-01,7.434762115791986314e-01,4.754430976671965015e-01,5.026064673832020269e-01,5.308781955310399869e-01,7.584687503242623086e-01,7.140528097556584353e-01,7.908330276419086591e-01,7.039993357062596102e-01,1.448987288686411634e-01,2.520639503449695895e-01,4.691154257003830597e-01,8.875068510585492065e-01,-1.218100726802033573e-01,6.630366789317190257e-01,3.721257535497651814e-01,4.951251813573155358e-01,9.250907815706901349e-01,8.146309721699351858e-01,4.013573986041281128e-01,8.496768490185289124e-01,8.575124069315712694e-01,7.910598211394603840e-01,7.393115111311925336e-01,8.609888081683025884e-01,1.115851379060916471e-01,5.074713040884780701e-01,7.990854488432390657e-01,7.751002031216684962e-01,7.260788285577999268e-01,4.018857984510636472e-01,4.451696140434257543e-01,9.329967983363658401e-01,6.308540065328852586e-01,6.620010047673714759e-02,2.058172056291322494e-01,7.075568322725572790e-01,5.403110417795431442e-01,6.760394668031141086e-01,5.436114023221687575e-01,6.259848250068472675e-01,6.187703286604467889e-01,4.530735799349052684e-01,7.134352812339208594e-01,6.327030955914150212e-01,3.359658272640995147e-01,5.685907113516844857e-01,1.298455299013339115e-01,9.367960748854190500e-01,6.728388874526327612e-01,5.967535902022775840e-01,4.239428946387849839e-01,3.240049862851694940e-01,4.147454893684643373e-01,2.831453643378052942e-01,6.895792026843600153e-01,7.427153782245409230e-01,3.256849628370703797e-01,8.177251071169941987e-01
