0.000000000000000000e+00,4.777471394260848214e-01,7.858346954178763166e-01,7.096726031945077562e-01,9.182708645169375128e-01,6.597311132066776551e-01,9.540841718067272215e-01,7.235410261964794199e-01,9.388974512913527137e-01,3.487125383603694173e-01,7.616082199630000993e-01,4.450891936007289051e-01,7.271724094850807729e-01,8.091399538286083715e-01,6.926032643072762562e-01,9.424489508264420889e-01,4.110333924986955267e-01,4.114828616556295282e-01,4.129458474040629268e-01,9.194557539168044524e-01,8.405525246913859716e-01,8.766008058251534285e-01,9.921053736133111922e-01,6.664712271420306644e-01,8.320163747310383995e-01,4.418946930273562335e-01,9.730590798397910079e-01,5.905758546356596472e-01,9.598651559135730205e-01,2.859327458459596238e-01,7.995936164435749061e-02,6.808564777240359023e-01,9.847150517835270289e-01,5.843127178572702363e-01,4.564303253305642682e-01,2.215209431308222954e-01,3.884156853730877934e-01,9.920165648134957603e-01,5.589862819052386911e-01,6.135329247190253188e-01,4.587307530753281792e-01,7.355795659329442682e-01,7.485214053528854716e-01,6.802035795131484708e-01,8.949294284758535500e-01,2.783962709376738287e-01,5.896462392292484145e-01,7.054551461661147105e-01,6.464061577090485233e-01,4.098848243499751409e-01,6.818641838387859977e-01,4.547533386539799882e-01,8.560607281564577287e-01,7.771302362056760060e-01,8.132854935748125014e-01,7.042064892799968501e-01,8.443438467436759076e-01,8.426663031873710130e-01,8.908572971211715652e-01,2.142013563276627675e-01,6.715907514519633414e-01,7.398961662034531095e-01,9.895633333448534685e-01,6.033199039732305424e-01,7.399060381353610161e-02,9.601378417858538183e-01,8.428559738079912655e-01,9.661234399362766956e-01,9.435579119698972450e-01,9.270688014804563393e-01,9.934340908421732674e-01,9.984146543340883806e-01,6.153579135364365404e-01,3.955397449832079859e-01,8.295377791619719110e-01,8.256031233517157064e-01,9.279990426903260703e-01,9.694676920713756196e-01,-2.624348670423953811e-02,4.655150986920720269e-01,6.871711617094933278e-01,5.085982704907162644e-01,4.862427917771905972e-01,9.811626949114892193e-01,7.004826251471758525e-01
4.777471394260848214e-01,0.000000000000000000e+00,9.392267739377090363e-01,7.327157054473170117e-01,8.127407399200867744e-01,8.733657774449211653e-01,2.770805860949515642e-01,4.063387409375222026e-01,4.622709239656966340e-01,7.400186442480585214e-01,9.860139196627595304e-01,6.962462214869754584e-01,8.199851343516941782e-01,5.514092262625983620e-01,7.177190801557892241e-01,2.689966706013220410e-01,7.618527500822420695e-01,8.272806046124430157e-01,9.623666089694489223e-01,9.176185046591779360e-01,4.594807476998056250e-01,2.907561691978696738e-01,8.280948130322304257e-01,9.334072290683805839e-01,2.173300855141965804e-01,5.776883584179153264e-01,7.458804772280830386e-01,8.283770974887755267e-01,5.969344377798665446e-01,2.668746606700652668e-01,1.135315768258303715e-01,3.514363621503477919e-01,7.592909552383623195e-01,6.577731343857057267e-01,6.685421633228677551e-01,1.394407226118696969e-02,5.666676320253293264e-01,7.366335648820683257e-01,8.310973812975019914e-01,8.722868009387252375e-01,7.632213598584269842e-02,6.323018728197035143e-01,7.983133790751892889e-01,8.100857586155968404e-01,9.616991411791273592e-01,3.444060533146958702e-01,4.979708543433679635e-01,6.296189166804730952e-01,7.107639749263464646e-01,4.436021359139574183e-01,6.905782240035155395e-01,9.369013640412144905e-01,1.381476147878719085e-01,7.217459181134286972e-01,6.460898604227679476e-01,7.444814097960754662e-01,2.087488154137313590e-01,4.869420063872786919e-01,7.683959626425853617e-01,1.356127887679213773e-01,7.201101476210586272e-01,6.867263518577374493e-01,5.362139051944027068e-01,4.211465995895750103e-01,5.715211004486173696e-01,7.912289167551868063e-01,6.437833160921533349e-01,5.434517805173554317e-01,5.838272433580642407e-01,6.472555691649677367e-01,4.021055433007679758e-01,4.198924819591856039e-01,-7.761780490640252106e-02,2.133744075649625649e-01,4.671341248610079711e-01,4.419350175999184893e-01,8.773794827633292215e-01,2.097676025312886772e-01,3.330067905502566150e-01,3.507766806080491184e-01,7.709127521896322888e-01,8.596437187220393739e-01,8.614415834744597600e-01,-1.968795370489193342e-01,4.506374094421837784e-01
7.858346954178763166e-01,9.392267739377090363e-01,0.000000000000000000e+00,7.433054326093638808e-01,7.335319772513113623e-01,5.590410371307461546e-01,8.521315328620512330e-01,6.650575430184133552e-01,7.383754774145919741e-01,4.114236275144737554e-01,7.574302320369542540e-01,6.886571425971483862e-01,9.113576075688545330e-01,7.526241530391368784e-01,9.417363214206777577e-01,5.009386582109957020e-01,6.168980821651468549e-01,5.531788831823504227e-01,9.660005241713435220e-01,7.005947081081494998e-01,8.308254011742791656e-01,2.748517448641851768e-02,6.901110680119073582e-01,4.245706152134669509e-01,7.065562612589540992e-01,7.585487981910218336e-01,5.249322141573871114e-01,7.881546238140707539e-01,2.075124047673288508e-01,4.208639945345682420e-01,9.017858704123349334e-02,2.075014038030641994e-01,7.510787316168473504e-01,9.027481779187271904e-01,3.504993131667727968e-01,5.035380092456744894e-01,1.484681782606094569e-01,6.733056331730343791e-01,8.269678984501585006e-01,7.778142409829083004e-01,2.672683781734009334e-01,8.806284139265743161e-01,9.827554083348138958e-01,6.811315420706874901e-01,3.807229603314387090e-01,3.158731006837542932e-01,7.274736195719165854e-01,4.932411661174317397e-01,3.777483163214915285e-01,7.265147635045628993e-01,4.631521992928481213e-01,8.167691991874144186e-01,9.442276577571639962e-01,8.709445098512138550e-01,9.209370588578107419e-01,9.817011317734519737e-01,4.232266899507020064e-01,4.113994059052229479e-01,9.064171547421026043e-01,3.280704661197643146e-01,4.598804748592079661e-01,6.394168937367386008e-01,6.340823595923594791e-01,4.365501884709557801e-01,8.554833602614884125e-01,7.363674152026302711e-01,7.434666372263168954e-01,9.939050748338434937e-01,5.740286869209911824e-01,8.410515197068634263e-01,6.535022396850698190e-01,8.208299340493186991e-01,5.270731450007872798e-01,-2.789743080953160925e-02,6.224514499587058269e-01,6.016239173018659292e-01,8.448950303437121612e-01,9.619490689470824307e-01,3.638245351396842686e-01,3.654343564850632831e-01,9.969003306561752265e-01,7.485433198442620339e-01,9.901103864339427796e-01,5.812969356949063693e-01,8.807379248644663372e-01
7.096726031945077562e-01,7.327157054473170117e-01,7.433054326093638808e-01,0.000000000000000000e+00,5.528014155464803236e-01,9.397407949556065843e-01,2.296851631720464026e-01,4.829637568041120765e-01,9.723751451614444097e-01,7.443869752673606399e-01,7.783690446475525215e-01,7.903528071466502380e-01,7.011802876375151650e-01,5.956525013002235136e-01,8.635004368450137635e-01,7.867482911967943471e-01,7.466711146499056539e-01,9.042044121445189653e-01,1.927558275656088282e-01,7.379018758111332010e-01,3.184930018498175475e-01,4.453848671631556733e-01,6.580884930711623504e-01,9.587523822603694068e-01,5.510180449707636763e-01,5.512519974775482723e-01,8.416160990571091016e-01,8.608844886326384449e-01,5.415343953371616337e-01,5.606545902240188672e-01,4.279752953811680749e-01,2.127466068693635859e-01,6.822247895476557522e-01,5.127899339544274016e-01,8.551080229056500226e-01,4.073432198067957755e-01,4.412843606659846984e-01,3.298250581119472891e-01,8.740056665936716263e-01,4.016055314307275248e-01,5.596743709541227713e-02,5.631691059064563021e-01,5.186600031979978764e-01,7.883359547059325401e-01,9.045059126855327092e-01,7.108393433148756380e-01,6.680011621483801232e-01,5.422888957230304063e-01,4.561143749149745297e-01,7.079716859296892872e-01,6.834113838661388662e-01,5.891621518036187499e-01,4.214890398531471183e-01,7.470347492065189110e-01,3.587436246498405534e-01,8.256054919055444419e-01,7.461201447240841667e-01,7.889173905679719434e-01,9.264369905239763225e-01,7.051978123995324976e-01,5.755907848701219409e-01,6.650908764239847892e-01,3.197314207055363400e-01,7.884439553292434955e-01,5.726555031483545610e-01,5.047289402069226050e-01,8.496707611011176109e-01,9.714596895978652169e-01,4.035628365115461746e-01,7.086446142397602177e-01,5.063876741323570796e-01,4.809897326692545994e-01,3.935911505194938931e-01,7.168662596527906050e-01,4.923159045011343826e-01,8.246107593527395307e-01,7.061980001618460845e-01,5.788072873957077480e-01,2.884642433683297716e-02,5.980427996790569356e-01,6.424112567160908949e-01,8.724607658183207715e-01,9.685254804649908733e-01,3.004993150366820354e-01,8.098729623771935282e-01
9.182708645169375128e-01,8.127407399200867744e-01,7.335319772513113623e-01,5.528014155464803236e-01,0.000000000000000000e+00,8.414667719723739614e-01,7.371349434932206179e-01,6.573264231991531314e-01,7.290992371244173764e-01,4.805158805359052709e-01,6.334422883527989212e-01,5.900093858808350689e-01,7.286835046419474216e-01,2.417521017785158044e-01,6.871129712449342009e-01,2.921740849079152436e-01,9.178495836483349102e-01,2.581118043262957754e-02,8.907532515772170756e-01,4.667763358438367094e-01,5.040441886691005013e-01,7.485386074542187407e-01,7.511130637828123957e-01,9.867234054695777079e-01,7.963725802734635817e-01,7.387480859814063994e-01,7.445974966755947166e-01,1.664934667834086224e-01,6.913093550232207729e-01,7.588554247171442890e-01,4.572569212971174246e-01,8.782839374809296995e-01,8.683612148407982012e-01,9.865869093201714568e-01,4.205209109079947605e-01,4.319811596345568550e-01,3.745275664091576168e-02,3.323662094391038879e-01,7.450888772006658556e-01,7.121398831770533455e-01,5.357880806807856500e-01,3.818441318549292696e-01,5.546762510843865623e-01,8.237908774543076795e-01,5.115602253418140011e-01,7.674655853199393585e-01,2.722382917167922023e-01,7.146487720463948756e-01,6.451601211115244316e-01,7.773382187685808908e-01,4.795027574720627794e-01,6.559950501327043160e-01,6.195412632211655390e-01,9.730314199134231234e-01,9.747600574589398992e-01,9.257459096393685360e-01,5.993223446773410235e-01,-1.987349106033657331e-01,2.963962867004164004e-01,5.209226505775427229e-01,5.959898954718629849e-01,6.074136312927161940e-01,6.709734933544420077e-01,6.508882721018431905e-01,8.372140037451425432e-01,3.639771517568933801e-01,5.494036434014483161e-01,8.838942890523574514e-01,4.825516106649584414e-01,3.842875063136736991e-01,3.875843249239150912e-01,3.133272825705771814e-01,6.495597442140472744e-01,2.491542938677444863e-02,3.237014422486226284e-01,5.573715748614975762e-01,7.842175769966485133e-01,6.983483345196991321e-01,4.369925117962217276e-01,7.868258739641809107e-01,3.011807983945168354e-01,8.478212756283618479e-01,7.348112504918559162e-01,5.621870800331409956e-01,7.101786245787859997e-01
6.597311132066776551e-01,8.733657774449211653e-01,5.590410371307461546e-01,9.397407949556065843e-01,8.414667719723739614e-01,0.000000000000000000e+00,6.671883311584619891e-01,9.211756941711950475e-01,6.190490864772141277e-01,9.096329684153287021e-01,5.927853531791096309e-01,4.716816602357469801e-01,5.068090986992923597e-01,4.814858735791989197e-01,1.149611103047277760e-01,5.349733984381216390e-01,5.401243168960313534e-01,3.014604735341446240e-01,5.863836332050066380e-01,5.998496539888107382e-01,8.366785103631569909e-01,5.404792419067261378e-01,6.978603985084065320e-01,5.430462901436816647e-01,1.265130650020092618e-01,3.314744295785283512e-01,7.423640977194508883e-01,6.525243910697478000e-01,1.606464349577765294e-01,3.751184962255081912e-01,4.149556003376999591e-01,4.594902761604090502e-01,5.512831299147240571e-01,9.264184196537244009e-01,7.185733706461263637e-01,2.576387005179724410e-01,6.338190081061851888e-01,3.504921915154353140e-01,7.243911357440790955e-01,7.461611427357386361e-01,5.469296115607586994e-01,3.288591936960996720e-01,7.387204695767973783e-01,6.203620948808068469e-01,6.508623811030354034e-01,6.034265050604953329e-01,6.423547055805021166e-01,1.122960439587180476e-01,4.267187315238054057e-01,5.518184337741989243e-01,7.483619544702099224e-01,4.385849262308475494e-01,5.312912290219160560e-01,4.780322712943727570e-01,9.309476184180989766e-02,3.143458448214790923e-01,5.996652424932049641e-01,5.583037260035675908e-01,9.016956755430023396e-01,9.078597952593896458e-01,2.001645882741192317e-01,6.712469472459972053e-01,7.012631374850240018e-01,7.023347623804486739e-01,8.431979942143353890e-01,7.328620766125116814e-01,4.024160246507392236e-01,5.285444746391129156e-01,1.338861682484265847e-01,2.697378148679460130e-01,9.020914828578479039e-01,7.766184570268759302e-01,3.432682629471790481e-01,7.409428110912138488e-01,2.597248672746133025e-01,7.240871850426923162e-01,5.068427324276187917e-01,2.340504352558940016e-01,6.212548948318584729e-01,4.482575023521775393e-01,-4.782835568268942184e-02,5.716956518174041157e-01,-1.123464837791185028e-01,5.123634599862629813e-01,7.831764063011940058e-01
9.540841718067272215e-01,2.770805860949515642e-01,8.521315328620512330e-01,2.296851631720464026e-01,7.371349434932206179e-01,6.671883311584619891e-01,0.000000000000000000e+00,4.686472496188122672e-01,5.653457407199596885e-01,7.872936709655323773e-01,5.500486076971049521e-01,3.016256561643325673e-01,8.903058326175760095e-01,6.920110842388497163e-01,3.248619735276896403e-01,5.366892026311007591e-01,6.239707021460016989e-01,5.638477534638362126e-02,1.364914806406847536e-01,5.969455730328108167e-01,2.265758792969380653e-01,7.953523104239161867e-01,-1.290103445104875401e-01,9.522204659846089658e-01,8.663685967598210302e-01,5.989580498538933373e-01,4.218627597415440800e-01,2.784708645791886261e-01,4.850271055155668809e-01,5.463003690267402845e-01,-1.416623105171163632e-01,7.667929266076385364e-01,3.355113592136113043e-01,6.329760416626508679e-01,1.647873635752535038e-01,3.469597391166036604e-01,2.194947949971008394e-01,6.378859691890346184e-01,6.388680604291954168e-01,5.199873409762668652e-01,6.439934015201344009e-01,5.086867291598622387e-01,5.809778775230394210e-01,4.157938312075323273e-01,6.370577164950420590e-01,4.984237934146306115e-01,3.370171008975417770e-01,5.505188253392740982e-01,6.893995270713201284e-01,5.780352400607788876e-01,5.549974054403704615e-01,4.458264786134542024e-01,5.836217133725971618e-01,4.127192295638602015e-01,8.849671633313419550e-01,6.839199644582012461e-01,2.716845747484024076e-01,7.265228945166347652e-01,2.697721670242548275e-01,3.361701329664728011e-01,1.190483834427417814e-01,1.571341481650307403e-01,3.568430356459368347e-01,6.329886639936718185e-01,6.319122018422244080e-01,8.771649516624321352e-01,7.881326400362108631e-01,5.323858215733396904e-01,7.191839945052866945e-01,5.483492212949061528e-01,5.987017452718386146e-01,-5.680568915980990785e-02,6.562084752202461679e-01,3.204656655132312459e-01,7.836221207269757905e-01,5.431534323928306485e-01,5.422184097210278608e-01,3.141187190627933168e-01,5.954109013199982980e-01,2.137955450037448968e-01,1.014332597388809543e-01,9.105142999348161403e-01,6.172415221912181948e-01,5.815603009706890036e-01,3.842577419935810923e-01
7.235410261964794199e-01,4.063387409375222026e-01,6.650575430184133552e-01,4.829637568041120765e-01,6.573264231991531314e-01,9.211756941711950475e-01,4.686472496188122672e-01,0.000000000000000000e+00,7.394449487289964651e-01,7.785405579356456940e-01,2.171468819353401802e-01,7.866727535054396370e-01,6.335828194744517194e-01,6.161546485104448800e-01,7.588306426437800845e-01,1.098062679284777521e-01,6.557353683678046607e-01,3.706481194797343059e-01,3.285327826873443713e-01,6.527851745137807082e-01,8.188005729862539717e-01,4.517473092578551674e-01,2.054899345359130769e-01,7.187594049907919391e-01,4.056352474651003792e-01,2.901898494495081526e-01,7.504220078663493831e-01,2.337608687134389296e-01,5.350429934811015142e-01,2.836121131549873553e-01,3.521310085559699044e-01,8.834142413655730053e-01,4.464082775701692651e-01,7.484453118037002195e-01,4.330997800484242544e-01,5.912057103172150274e-01,4.483849176005415549e-01,6.301822800521810208e-01,9.254268272789232253e-01,5.173612871825095105e-01,4.381118974766207153e-01,4.960019023276443506e-01,9.832510175480780878e-01,7.084324809456706840e-01,8.483159996813843806e-01,6.234635334106013449e-01,4.739875353750719333e-01,7.485167503990365345e-01,3.213481187720982346e-01,6.044777694156416858e-01,2.774138346148439238e-01,6.255172595551340420e-01,8.638356379536229479e-01,4.782433219639575239e-01,7.928970751182951027e-01,7.493586448260119992e-01,8.241200479854908778e-01,3.232199714727527207e-01,9.115703991043363486e-01,7.308153916777466730e-01,3.199713071424510336e-01,7.775989349650281879e-01,1.611604352948138863e-01,-7.926852620946650552e-02,8.146132429834294086e-01,2.329504026761477220e-01,8.311953624186673162e-01,9.049557552689877493e-01,6.687393392480084353e-01,7.707397287677614228e-01,7.934814630963683557e-01,2.595001332742404299e-01,5.174376190700178541e-02,3.426425626870918117e-01,8.709299918254106432e-01,7.109136187991448308e-01,6.739818691408999696e-01,5.285626398775205015e-01,6.747223484075115518e-02,-1.232835687682611314e-01,4.686730881694946005e-01,5.978104423198722372e-01,7.358130664102947582e-01,1.101084263688545672e-01,4.796592117247362452e-01
9.388974512913527137e-01,4.622709239656966340e-01,7.383754774145919741e-01,9.723751451614444097e-01,7.290992371244173764e-01,6.190490864772141277e-01,5.653457407199596885e-01,7.394449487289964651e-01,0.000000000000000000e+00,3.290166417016018863e-01,6.039227763931479531e-01,5.560326180114122385e-01,6.071469479620831278e-01,4.163445363945712518e-01,6.749256256229212436e-01,5.653982233876625463e-01,3.193330994493410735e-01,6.291217936571513736e-02,6.904210056138043727e-01,5.531225607330192418e-01,9.239228728182420358e-01,6.670442894960844082e-01,1.916914448406856208e-01,7.288327979402100532e-01,1.604141131173419665e-01,4.045421015552013722e-01,6.714608736696866531e-01,3.049066258827914377e-01,2.231954370216728267e-01,3.289054057223630423e-01,4.373129123112088901e-01,2.877102496510913210e-01,5.773910783094720056e-01,4.775465289269168467e-01,9.346487436560245721e-01,5.902358733330577145e-01,5.251734198174353718e-01,5.634002854477435651e-01,3.837423073926504724e-01,6.635864945293841188e-01,3.169303759018132771e-01,3.325651083969911048e-01,5.681765726126316585e-01,6.648307795654134766e-01,9.497364757283910386e-01,9.383909421940468398e-01,4.528834561148304405e-01,5.059814421875656887e-01,6.559014587008132890e-01,5.148483609020881868e-01,6.635127345407026977e-01,9.593450969078294310e-01,7.398681503830504269e-01,2.438706221263868823e-01,2.704168784540479376e-01,3.597963018667260648e-01,6.325765288538316433e-01,9.707935538611597304e-01,4.825756814952670837e-01,2.101847759407234340e-01,6.060605052498505008e-02,6.331045024495686180e-01,2.287974810644894941e-01,1.098457813563987195e-01,6.557516406362775552e-01,4.450600025556841755e-01,6.511213609568138327e-01,7.660643374329938471e-01,6.197864561473168665e-01,7.860652308463669247e-01,6.707739550995498456e-01,4.899326932378409993e-01,4.120799518757912727e-01,3.005245702031364985e-01,2.209591351428082662e-01,5.501049102276795999e-01,7.770447041761017193e-01,5.654569003293037355e-01,5.469815995272657716e-01,1.595583686859354186e-02,4.835776727828813848e-01,7.994096468659828147e-01,9.864201634976690336e-01,6.589990440988333642e-01,6.312340916246650391e-01
3.487125383603694173e-01,7.400186442480585214e-01,4.114236275144737554e-01,7.443869752673606399e-01,4.805158805359052709e-01,9.096329684153287021e-01,7.872936709655323773e-01,7.785405579356456940e-01,3.290166417016018863e-01,0.000000000000000000e+00,7.621156703234999163e-01,6.369578712398008546e-01,3.825989271901029665e-01,6.815065463344068819e-01,5.308496483902421792e-01,7.042741410407458158e-01,5.927675344146993153e-01,8.250074519492762715e-01,7.237769916485102817e-01,6.557561050692339855e-01,9.280111192850564183e-01,5.653455158574898221e-01,6.616995086192649644e-01,2.386376602801021651e-01,5.378407009843058084e-01,6.653659471725982266e-01,8.086092573849492648e-01,9.749553979638492240e-01,4.365424209301203562e-01,4.090931572650766124e-01,1.632460008863492393e-02,3.035437661884082261e-01,3.967419983317191923e-01,6.813172663342013102e-01,6.084686746693011017e-01,1.092092489779823289e-01,3.074468345172008399e-01,2.012458644463326896e-01,7.062345131663267939e-01,4.091054534028254475e-01,3.016452089034074024e-01,5.356233294305371428e-01,6.254418896972612218e-01,1.416037300007050304e-01,8.929653909424276614e-01,5.559240367013291717e-01,3.425326016111203686e-01,7.573825550607407031e-01,5.566738122624994567e-01,6.461412461623144976e-01,6.222279888567423534e-01,5.030968707341078039e-01,7.888217643780929267e-01,-1.725658104703145512e-02,6.093098819460841531e-01,7.990802951753754879e-01,5.704749459111345677e-01,6.039487762475440613e-01,6.731669386519880671e-01,6.902886772911450697e-01,4.878955262058912168e-01,3.442387113955754918e-01,4.526920133836555005e-01,4.830894643426292823e-01,7.980531907758708909e-01,6.037493721659165091e-01,6.144341235972355930e-01,8.317539773689794913e-01,7.440653429833127275e-01,6.235718499264569781e-01,9.849557698156758967e-01,5.712613784526653360e-01,7.556630583861040362e-01,7.123192591987054234e-01,1.481347866276716552e-01,4.196945002140441972e-01,6.027381387038104332e-01,3.964209805725018576e-01,3.670854508835076357e-01,7.547132310494988894e-02,5.766673017562155001e-01,4.103596060171368909e-01,2.883693178582505956e-01,3.838509078032433797e-01,8.875633571784374842e-01
7.616082199630000993e-01,9.860139196627595304e-01,7.574302320369542540e-01,7.783690446475525215e-01,6.334422883527989212e-01,5.927853531791096309e-01,5.500486076971049521e-01,2.171468819353401802e-01,6.039227763931479531e-01,7.621156703234999163e-01,0.000000000000000000e+00,2.005113518579808018e-01,9.955643018250115439e-01,9.908677670467755938e-01,7.619811617186041941e-01,9.486009845510450234e-01,9.613046102076400201e-01,5.358160630995052465e-01,8.882926467319132713e-02,9.207998231460818861e-01,7.505593958563302470e-01,7.394015914962991376e-01,6.312223107337532335e-01,7.248483348878266286e-01,5.173329287919283814e-01,6.265171055721122650e-01,6.046256777697138762e-01,5.546608082995454492e-01,-1.137684581529389005e-01,4.124944009003782552e-01,3.552102113908049974e-01,7.964336430986924675e-01,6.012240916312928674e-01,9.199016290784969296e-01,2.999300142173963457e-01,-6.327961181230024046e-03,6.575864464197173076e-01,5.770869058188194956e-01,7.179398902430655927e-01,4.349385666716116816e-01,2.066311979906020613e-01,8.422835197650292427e-01,6.111322002022020472e-01,9.725904117535755233e-01,6.946160761318719290e-01,9.298522779462606858e-01,7.375024645029866210e-01,9.191614278299879981e-01,6.352629659916373406e-01,4.984334586624001306e-01,4.102210985342620853e-01,6.172997141158242940e-01,7.427537164358339883e-01,5.812573263320163219e-01,5.654648752309465731e-01,6.740469838466305319e-01,2.814096516753159527e-01,2.632092281060858796e-01,4.113250049936698627e-01,3.412124158300860466e-01,3.393215486267991965e-01,2.804390165159528769e-01,7.238810175207147646e-01,3.991264670519989455e-01,6.926927796128051762e-01,6.148885915973888450e-01,2.821567565879592454e-01,4.768702414962061598e-01,4.270212392037438520e-01,6.562245221110871718e-01,6.889738552422628448e-01,7.485909897420260917e-01,3.486321782858060048e-01,4.119372557136328217e-01,5.741898718741682561e-01,5.169650733017533417e-01,7.186265737305821411e-01,3.525202076635195469e-01,2.364001143686747797e-01,1.262766749416574796e-01,6.267028242208428912e-01,8.375820794987117734e-01,5.430075557536272468e-01,5.937083128668360077e-01,6.498699353336077067e-01
4.450891936007289051e-01,6.962462214869754584e-01,6.886571425971483862e-01,7.903528071466502380e-01,5.900093858808350689e-01,4.716816602357469801e-01,3.016256561643325673e-01,7.866727535054396370e-01,5.560326180114122385e-01,6.369578712398008546e-01,2.005113518579808018e-01,0.000000000000000000e+00,7.338652460372101505e-01,7.224207656451233639e-01,6.848196342792048918e-01,8.634206943108215793e-01,4.635100185665871342e-01,6.324459277048644079e-01,4.634769328617874828e-01,7.906389899491070850e-01,7.059917910168095334e-01,6.942116331777652416e-01,8.407218694632681011e-01,6.136917829579465744e-01,-3.521244660565142626e-02,1.178890700731536484e-02,8.487929116705175137e-01,6.770186503159494329e-01,2.177946354672254947e-01,7.219502536260602454e-01,4.854644954282447689e-01,5.156949926633764836e-01,6.850511317718598336e-01,6.269307491833768786e-01,3.540102632776755409e-01,-1.541460622707180872e-01,3.716356973522510487e-01,2.980921305000535093e-01,5.476174226524694877e-01,4.795364632133039540e-01,7.272145356904801128e-01,5.025229459489337636e-01,7.888472476521408705e-01,9.217332245887976949e-01,8.175886513535881583e-01,8.659364475693364094e-01,2.396359422344823131e-01,7.463146669248823528e-01,4.920823857177958338e-01,3.067876731367118470e-01,5.619136235910221489e-01,4.920749994372844438e-01,2.850950905141536040e-03,6.816813808927006946e-01,6.833061231991752749e-01,7.013287182057577063e-01,3.810071409745061088e-01,9.164702838011934416e-01,6.920086782935547243e-01,3.131994572322056580e-01,5.691010941662686534e-02,6.808898188698256915e-01,7.295912403598989737e-01,8.405634392467642435e-01,9.964476987876691449e-01,7.331472669017271571e-01,6.322399391503056298e-01,9.423634215686687021e-01,5.347611430875300886e-01,9.149653085054156865e-01,8.721785725791270094e-01,2.064509291027109283e-01,3.277107344815877732e-01,3.348825230486890403e-01,3.393825435244051530e-02,7.573813240834665894e-01,6.625968445445740151e-01,5.034100294499034289e-01,7.089915793118949372e-01,5.566511643666149922e-02,6.979857335975628851e-01,5.360882465355356619e-01,5.335768120363622025e-01,4.146529819856999421e-01,6.498454084110967255e-01
7.271724094850807729e-01,8.199851343516941782e-01,9.113576075688545330e-01,7.011802876375151650e-01,7.286835046419474216e-01,5.068090986992923597e-01,8.903058326175760095e-01,6.335828194744517194e-01,6.071469479620831278e-01,3.825989271901029665e-01,9.955643018250115439e-01,7.338652460372101505e-01,0.000000000000000000e+00,9.516145994807848618e-01,7.107534922632322560e-01,5.292320001590363754e-01,8.655008472298973965e-01,5.265835143044158562e-01,4.449736616019967506e-01,8.481458360824573051e-01,1.612804631586822190e-01,8.077842405149681104e-01,5.093928691909310746e-01,8.981191049755768985e-01,1.210565338120241953e-02,7.212755527352432416e-01,6.709580125541236839e-01,9.281756505893630216e-01,7.276923720623150738e-01,6.747675812883899837e-01,2.443292447417881041e-01,6.177080097204101783e-01,8.721477770149724806e-01,8.300125305465386738e-01,6.655723718970223413e-01,2.923609430999143388e-01,4.509032466052944055e-01,7.258524210896291073e-01,8.830155744667105289e-01,1.051531375087068343e-01,3.404213003781971780e-01,4.870343918827782503e-01,4.956660355617655833e-01,9.317380690679457622e-01,8.885035193842687473e-01,7.470884242226926153e-01,4.266299737173750994e-01,3.793499725639854492e-01,-1.164302174779119764e-01,7.929188960047273138e-01,5.470923296736835972e-01,8.733721814547864559e-01,8.961651838817972227e-01,8.777025973808397774e-01,4.952734990186431485e-01,6.656958318742982605e-01,5.343222227981044847e-01,4.082372575446021612e-01,9.963638876781060194e-01,4.738468117447967032e-01,4.135325930456969501e-01,6.111861717537092620e-01,5.351622968065185004e-01,8.372244208569679103e-01,7.017428245800088060e-01,5.644874322599225946e-01,6.788141097373010524e-01,6.652214780675451689e-01,4.498504617161848684e-01,7.320388614769521851e-01,6.697816637001657858e-01,4.966106071675838174e-01,1.555195667511488633e-01,2.584761419750601363e-01,3.412241040594841124e-01,5.281755409478735563e-01,4.468390630074057235e-01,7.704509370921830413e-01,1.753455145461587927e-01,4.798207263676609879e-01,6.431322700258561564e-01,9.188914427816579078e-01,7.065602229384928545e-01,3.340657898996670094e-01,8.338073952874346384e-01
8.091399538286083715e-01,5.514092262625983620e-01,7.526241530391368784e-01,5.956525013002235136e-01,2.417521017785158044e-01,4.814858735791989197e-01,6.920110842388497163e-01,6.161546485104448800e-01,4.163445363945712518e-01,6.815065463344068819e-01,9.908677670467755938e-01,7.224207656451233639e-01,9.516145994807848618e-01,0.000000000000000000e+00,6.287088981020277911e-01,9.611341515354632214e-01,8.916367640242950365e-01,9.849526837214896968e-01,4.667482180652930968e-01,6.964175168250470449e-01,7.246960178334818092e-01,9.752470150762826417e-01,9.152215758925342781e-01,9.458168999315911263e-01,7.349468793088104190e-01,7.548366317133139436e-01,6.728109396042717405e-01,5.833986911988933155e-01,3.045601971119695772e-01,7.800427206231420607e-01,5.912540908947605534e-01,5.313576046904968653e-01,7.929672233885483035e-01,5.887398496827730421e-01,7.151531040323814148e-01,4.775766720654712749e-01,1.968753459748505685e-01,7.672709486840454396e-01,7.972965828062468230e-01,9.862552135068788361e-01,3.785563618057100621e-01,4.287399055926983116e-01,9.688849577853528849e-01,8.263853643942060678e-01,6.037066260829578868e-01,6.589930838250162015e-01,6.671389036983229603e-01,6.912006303281944541e-01,8.295043589329298417e-01,7.552116802073743917e-01,6.856463501347320744e-01,7.951637755822165143e-01,7.951799713576654938e-01,8.552052806927363804e-01,8.899359491220945051e-01,9.955940565749460403e-01,5.344978406239885294e-01,6.280530066841432113e-01,7.414831671984232209e-01,-4.077310212453696958e-02,-4.714808719579899332e-02,9.123666234703884381e-01,6.466565512843336361e-01,7.016574109252974312e-01,6.833604189359961945e-01,4.829312786017927461e-01,9.772093157142028863e-01,9.936973954765655481e-01,4.937173257008257710e-01,4.035588508823565457e-01,6.315859066188627136e-01,8.878449446980262172e-01,6.511916780144504369e-01,1.226717972111255606e-01,5.163349354996064067e-01,8.933962442146308192e-01,4.800766727898049813e-01,7.537449659414293679e-01,2.973983015006447239e-01,5.914895483724916803e-01,7.391059711715680658e-01,4.850265416055222212e-01,7.728820356503803835e-01,3.439722882034873530e-01,4.141248068500432700e-01
6.926032643072762562e-01,7.177190801557892241e-01,9.417363214206777577e-01,8.635004368450137635e-01,6.871129712449342009e-01,1.149611103047277760e-01,3.248619735276896403e-01,7.588306426437800845e-01,6.749256256229212436e-01,5.308496483902421792e-01,7.619811617186041941e-01,6.848196342792048918e-01,7.107534922632322560e-01,6.287088981020277911e-01,0.000000000000000000e+00,7.739166175579539342e-01,7.183800832899237543e-01,4.834813946765570414e-01,6.274544419920403682e-01,7.569451883847283513e-01,9.782425437106710975e-01,8.043193083625254092e-01,2.966460437372362979e-01,8.268954748976070634e-01,7.055623378668156587e-01,7.511512875253544275e-01,4.974331501769555519e-01,6.780813534342902127e-01,5.780279108846836378e-01,5.841263111113185191e-01,3.199050133753842395e-01,4.454410708827432480e-02,4.374150292726522449e-01,5.289611007208065985e-01,6.597077731257804389e-01,1.978134010366894291e-02,2.646337379903882514e-01,7.284648120446050035e-01,6.078071490569399993e-01,2.670873356795888109e-01,7.608023168985057483e-01,3.081812479689022277e-01,7.500496183626287339e-01,7.649710854643698710e-01,9.328935085930801785e-01,6.585679287882801880e-01,4.083897490753152781e-01,2.503242313464776325e-01,6.142312998878828312e-01,5.904691063777589566e-01,5.165750972066964763e-01,5.143772136591792110e-01,2.298256079671037178e-01,9.514719513935300244e-01,4.539197348016955069e-01,8.561036043841057097e-01,2.141412544962396636e-01,6.370939944897734408e-01,6.353287351045533438e-01,3.262776476237216894e-01,4.332835615655282191e-01,6.753160065196173178e-01,4.795975677491993716e-01,6.854577296503606698e-01,9.175898909775679346e-01,4.351105064790987687e-01,7.172014172661308473e-01,8.713687179969227259e-01,1.037910776751219677e-01,4.733458449517350952e-01,4.057930722189815875e-01,8.869881762237573630e-01,5.342389295576169816e-01,3.589820417372961425e-01,4.957551097708579602e-01,5.552522289795134430e-02,5.774297398166452489e-01,5.328774959323221427e-01,5.992917712659321383e-01,1.809833752365186677e-01,6.588174593094139331e-01,8.373225829435461121e-01,6.438491565402717498e-01,7.066451692384337901e-01,6.203069146211157570e-01
9.424489508264420889e-01,2.689966706013220410e-01,5.009386582109957020e-01,7.867482911967943471e-01,2.921740849079152436e-01,5.349733984381216390e-01,5.366892026311007591e-01,1.098062679284777521e-01,5.653982233876625463e-01,7.042741410407458158e-01,9.486009845510450234e-01,8.634206943108215793e-01,5.292320001590363754e-01,9.611341515354632214e-01,7.739166175579539342e-01,0.000000000000000000e+00,8.174828023156729406e-01,7.699178357289182539e-01,3.856298320650400901e-01,2.198379553342656167e-01,8.921475394383691082e-01,9.726529713303053715e-01,4.251482942048970259e-01,2.265488660092121742e-01,7.506293110760156040e-01,6.209677350933278106e-01,4.299817349312861081e-01,8.159692704414662767e-01,4.358659094648307253e-01,-3.620689934155510437e-01,5.473249676131322072e-01,4.263698418635626375e-01,9.191985274972980235e-01,5.887484259643793738e-01,5.179403579271963931e-01,6.494748807228928333e-01,3.703671341459852107e-01,2.314988121044151692e-01,9.306725595640477078e-01,2.245172263641068838e-02,4.288261577861833262e-01,-5.908129732991407312e-02,1.832510907953690746e-02,8.440215103272779018e-01,9.378143250289895372e-01,7.173587504330541931e-01,9.190985418740840185e-01,9.308457240189230708e-01,2.271562283264046966e-01,6.552571879071429350e-01,6.922198243463254519e-01,4.744706852408467346e-01,6.118306315656402150e-01,7.865479278792669726e-01,3.775798735177858800e-01,6.053742945798262776e-01,7.095868952903737759e-01,7.783111337398038732e-01,2.023694269579758009e-01,1.969149954209879483e-01,3.190790114587245263e-01,7.229404684580158502e-01,7.300811280221328747e-01,8.370382052595075617e-01,4.383250789358501542e-01,1.553570028334950726e-01,5.239516029139102971e-01,9.508657821389333575e-01,6.778808272689987868e-01,-1.379243461360810663e-01,5.698558803481010848e-01,4.889006574763027357e-01,4.078963401330051308e-01,2.843780089851096760e-01,4.922061910819114372e-01,-1.792609995888598540e-01,7.642985379681438429e-01,3.312140625054380560e-01,6.354499473874227755e-01,2.110550835107356249e-01,6.333150583448804438e-01,4.319449054000948918e-01,5.055090152942706139e-01,3.980675535185640435e-01,5.393220133567075969e-01
4.110333924986955267e-01,7.618527500822420695e-01,6.168980821651468549e-01,7.466711146499056539e-01,9.178495836483349102e-01,5.401243168960313534e-01,6.239707021460016989e-01,6.557353683678046607e-01,3.193330994493410735e-01,5.927675344146993153e-01,9.613046102076400201e-01,4.635100185665871342e-01,8.655008472298973965e-01,8.916367640242950365e-01,7.183800832899237543e-01,8.174828023156729406e-01,0.000000000000000000e+00,6.377281141553323707e-01,6.104020624375576798e-01,6.229544691603621231e-01,6.454278452546620137e-01,5.061006841532692535e-01,6.303425200846879406e-01,7.426761511994054432e-01,5.802199272000756469e-01,8.740000861521589615e-01,6.316363593252747322e-01,6.183896602779176410e-01,2.444955354470888798e-01,5.789740625371621041e-01,-1.111941941614819490e-01,5.096459309606303778e-01,9.852573484848864416e-01,8.337808379225264410e-01,8.395427712977588941e-01,-1.235269255728024679e-01,4.598119424986158998e-01,4.090817216282168767e-01,6.019853716804850485e-01,5.078939393187916762e-01,3.506894179548565305e-01,2.443097728958019271e-02,7.051271353411870946e-01,3.226095842885512988e-01,7.080335781907922676e-01,2.285348721661666360e-01,7.085522294419628331e-01,7.820094810545005215e-01,7.500551017492628203e-01,4.845231483957371799e-01,5.928885091330846624e-01,4.280321109995067763e-01,7.760669200887425623e-01,9.095918491231060887e-01,3.906159831087608891e-01,6.218456426606078224e-01,5.677483357888145621e-01,8.857303338655665437e-01,3.333797613982138475e-01,3.949414005530349492e-01,2.857665691231413563e-01,7.336001789643269433e-01,4.051690357156711997e-01,9.135355117131944702e-01,6.777832983133680322e-01,6.504130575565620909e-01,6.586218511919101903e-01,5.711493988175034842e-01,7.325626779225249408e-01,7.943432932649230338e-01,9.886446474343155710e-01,4.029937881410156075e-01,4.770908883452417149e-01,3.255935972824582914e-01,7.957033938665116768e-01,7.792252195450638519e-01,6.765696758653847454e-01,4.502240855618699356e-01,1.630075948391828122e-01,2.180756082094286175e-01,6.733629287359156335e-01,4.777716822364466154e-01,3.818936481657606574e-01,1.721665134556948362e-01,5.225830749162047040e-01
4.114828616556295282e-01,8.272806046124430157e-01,5.531788831823504227e-01,9.042044121445189653e-01,2.581118043262957754e-02,3.014604735341446240e-01,5.638477534638362126e-02,3.706481194797343059e-01,6.291217936571513736e-02,8.250074519492762715e-01,5.358160630995052465e-01,6.324459277048644079e-01,5.265835143044158562e-01,9.849526837214896968e-01,4.834813946765570414e-01,7.699178357289182539e-01,6.377281141553323707e-01,0.000000000000000000e+00,1.995776200964438640e-01,4.821919556232340254e-01,7.289621102196177649e-01,6.117198510755559315e-01,7.529194301621088270e-01,5.960081022138810081e-01,5.413223618502460699e-01,7.870873861590856890e-01,8.014659637052523600e-01,4.648427590712564395e-01,6.608503214637484469e-01,6.728800902169269627e-01,7.964011372326876836e-01,1.023128406126856960e-01,4.366398131774045233e-01,5.821654897082130242e-01,1.277241783046750845e-01,5.306580469779091924e-01,3.453042979065217843e-01,8.007416068522235086e-01,7.808040267503243426e-01,7.933048567935316875e-01,2.677264695584988807e-01,2.733588549338778484e-01,9.608170403578565333e-01,6.556767336604408802e-01,5.045849814913524467e-01,5.123076314789895003e-01,2.678665242056306739e-01,6.904784266106092083e-01,7.229710578879149363e-01,3.309338222974276822e-01,5.869816254347890450e-01,5.546284932236411613e-01,6.807324144885449346e-01,7.499931743639449699e-01,7.350021970296012341e-01,7.322861899237068650e-01,-1.684746065436709961e-01,7.977552244908863166e-01,8.707206009673558178e-01,5.844201691371311291e-01,3.055987199658753983e-01,6.468420398393180948e-01,4.648845975072815051e-01,7.036279843443337123e-01,8.553548148930216755e-01,7.716470563348156730e-01,7.243102580316931327e-01,3.626316788655255530e-01,7.600589305209990432e-01,6.605490180453570392e-01,2.046794248315495501e-01,6.561122236060601409e-01,2.619797106465593384e-01,4.530599031858996706e-01,5.819950759958711917e-01,3.500392682685371515e-01,7.405206121643320705e-01,7.041614226286209144e-01,4.141207797646190292e-01,3.902289613374224087e-02,3.102977314202570724e-01,2.583702402957301913e-01,-1.417501780629036034e-01,7.729787743345239992e-01,5.759005042387277395e-01
