0.000000000000000000e+00,6.739999074830980152e-01,9.827329482967582797e-01,6.501986644463078058e-01,9.134297786561932364e-01,5.802755115029503141e-01,9.496387597345314902e-01,9.189185475497899658e-01,4.477228839893776513e-01,6.880525063411655484e-01,7.092106476909104673e-01,9.099559680503442882e-01,5.229715408056321291e-01,9.242278570760712464e-01,4.674731230142040728e-01,9.789011399178468853e-01,6.552116345906057182e-01,4.997855140744029145e-01,7.282614129101655509e-01,6.950076049035770476e-01,9.507867749739796759e-01,4.199889862385908779e-01,6.487756171681858808e-01,4.043394559315353631e-01,5.983023337984252343e-01,9.827619024502165512e-01,5.841991379799966744e-01,3.064793470788461649e-01,1.287300063062742639e-01,3.727815025492160483e-01,5.949747085630776589e-01,7.632197996153212705e-01,7.597217588195829263e-01,9.839891593750865750e-01,6.039522260195245851e-01,4.797066179644483008e-01,3.072022827899901221e-01,4.126105505817138086e-01,9.627479196144551610e-01,9.824338107761783068e-01,3.669005398634961335e-02,2.404649997934796557e-01,8.380291560922643601e-01,1.451686280329758660e-01,9.978513508608382043e-01,8.200515229179328180e-01,6.828691698667388454e-01,5.992323470877580771e-01,8.673580550793367205e-01,8.170208564707217569e-01,8.446657826912077338e-01,7.335293654844214917e-01,8.558866634418685893e-01,6.936483882095320075e-01,8.061924016180400665e-01,7.876433268499490881e-01,8.861315696672129594e-01,9.086622344830572739e-01,7.646492457085897199e-01,-1.011414799693471922e-01,5.249668173886716804e-01,2.636203518758844511e-01,4.313632794817516269e-01,4.466975806684186368e-01,7.033543543444255031e-01,6.850976069134019353e-01,8.444043041312335740e-01,7.342851519192169496e-01,6.034410000845472632e-01,4.861170287408223545e-01,3.606643067046271245e-01,1.772542648468690696e-01,3.511447422223090142e-01,4.036694707227341805e-01,6.188241446998868911e-01,8.087098948247642971e-01,7.604301289480663861e-01,4.682226325478512918e-01,2.881143135555951917e-01,1.538965107450368519e-01,6.301754357113116267e-01,6.887914183585784889e-01,8.283683155714073321e-01,7.467789308591195052e-01,5.687213255603085216e-01
6.739999074830980152e-01,0.000000000000000000e+00,6.826723502776385066e-01,7.215254211129439321e-01,1.871143679583515129e-01,6.731626866718489755e-01,7.055360941334098968e-01,2.732766452085600428e-01,5.915667339817188841e-01,9.223683017063890599e-01,7.920560513881589326e-01,8.886635789871235591e-01,4.677700434366882098e-01,6.980235083635988325e-01,7.701193809428990011e-01,6.908509851303468174e-01,8.382723358325551155e-01,7.334801240343253870e-01,6.363128773967946517e-01,7.271864555156908327e-01,7.297576267715067955e-01,2.855558048469962196e-01,3.015271974926427845e-01,5.724237409302401769e-01,4.056126931070156982e-01,1.705521872106982306e-01,4.966944709576772699e-01,7.251054351654359076e-01,7.072511942298949361e-02,6.934317314231480678e-01,-1.712396514840061057e-01,7.696327389674818553e-01,9.007374368999828684e-01,4.219868952050714883e-01,7.487685415651677001e-01,3.476608852916676096e-01,1.891026919036210285e-01,8.494482900892872390e-01,4.435280183124918896e-01,8.004490170044856745e-01,8.367318613737691202e-02,4.492610034617530168e-01,7.056536276221404558e-01,4.612633718626613089e-01,2.131607835216141056e-01,6.927578426450551330e-01,2.675494077757984424e-01,8.850588688199559906e-01,2.713300766198565306e-01,5.169671988512749561e-01,2.014360985796272985e-01,3.400235522997839821e-01,6.315409698330857191e-01,6.191822574029146597e-01,3.822357036564141275e-01,7.836597479741657102e-01,5.913138247216296328e-01,6.653839033754943566e-01,9.357970648113972389e-01,8.669221384558419008e-02,1.417648653307880535e-01,1.441974791892275676e-01,9.661788459590856526e-01,6.182870546636213271e-01,5.813616700000654447e-01,4.277191211309493979e-01,9.430457643106564536e-01,7.559837520664219879e-01,6.804658148259650208e-01,7.003664805416467409e-01,6.755624626185806614e-01,7.747009335241199501e-01,2.739890127298794664e-01,3.331505431159524910e-01,7.779758201405903018e-01,7.788428062171980359e-01,9.239685503738970240e-01,5.070313824654635315e-01,3.635800774780471034e-01,2.358659254031211794e-01,7.138568387157478989e-01,8.347721185534595634e-01,7.057683283459432744e-01,3.671241945359245140e-02,7.690264036459246721e-01
9.827329482967582797e-01,6.826723502776385066e-01,0.000000000000000000e+00,3.672460700722746108e-01,8.205483686827612644e-01,5.230705504409232098e-01,6.571300535073685278e-01,6.580801894638221849e-01,9.925086772800061352e-01,6.076670479680084114e-01,7.657704703691289305e-01,5.809690789125242505e-01,8.845252312406278739e-01,2.552393135081930109e-01,7.129491453957436109e-01,9.836299676028170680e-01,6.181045134489304704e-01,4.469568708991089045e-01,9.135241872569991317e-01,4.949258356703432615e-01,7.063529858508027504e-01,2.744687628758774034e-01,9.338669264963942451e-01,8.676386433013560939e-01,7.147069611116483312e-01,5.847174212207447708e-01,8.487539071138834323e-01,9.595879907630080474e-01,7.944627417280532289e-02,6.328565866394787048e-03,6.249550916625948860e-01,8.108688166205229031e-01,6.864017321126065774e-01,8.306317739014009716e-01,5.263180746451437964e-01,7.361422525656775573e-01,5.393648443598686448e-01,5.647398842871094171e-01,7.730476996951590740e-01,8.358997474822978946e-01,4.704254392618325564e-01,7.218746264248258049e-01,5.835643223486202125e-01,7.114177106500552128e-01,5.975726165157038139e-01,2.713227938035526199e-01,8.020903707013401496e-01,9.002869647354601046e-01,4.709277465230713444e-01,9.163096929866831886e-01,4.246060898304321318e-01,4.342546356182231393e-01,7.624201046361578360e-01,4.344644517146528107e-01,1.537298250944634515e-01,9.207743267144509192e-01,8.141735921743769033e-01,8.438262319617348961e-01,4.675681630660543653e-01,6.680718489076628019e-01,7.369970400031164992e-01,6.669643782206913230e-01,6.737048307753231713e-01,3.494487388503221270e-01,8.534107382617377446e-01,6.327927432157409715e-01,8.443787605700613375e-01,7.973564488385492810e-01,2.887341246815226525e-01,9.588440717539583602e-01,4.627209624053190695e-01,7.578998482263357150e-01,8.942998706357058181e-01,2.274078814355856570e-01,5.526506047240955510e-01,9.614929050276527223e-01,5.587783054036797870e-01,8.114528909732138251e-01,-2.971279868835676186e-01,3.673730416585319070e-01,8.533717506559511667e-01,7.324086533924911713e-01,4.634198393038279074e-01,8.747296609503796283e-01,9.236806698419679496e-01
6.501986644463078058e-01,7.215254211129439321e-01,3.672460700722746108e-01,0.000000000000000000e+00,7.509788020388461494e-01,4.654215990448526963e-01,4.431675312143291690e-01,7.378386272957447867e-01,6.893003192991389305e-01,6.220206605637677022e-01,5.062258310832066233e-01,1.790510606141935968e-01,7.354296740866775872e-01,8.941935231291079367e-01,4.091202483759819319e-01,7.493833259116626788e-01,6.645374296498340883e-01,8.208874358943951677e-02,7.129418206051031381e-01,4.511952098630645502e-01,8.636771941889401782e-01,9.950165260325762873e-01,5.218929957051668955e-01,8.047585626449363927e-01,4.238630376127038857e-01,6.417425957168584327e-01,7.783092888864320269e-01,5.978874440806667412e-01,7.274761692656863676e-01,-2.481956528749562629e-02,6.860267185003619816e-02,4.925408511712008747e-02,4.746431597809456782e-01,9.191116290549378176e-01,8.046389825368006621e-01,1.415294237097465269e-01,5.500211727591133859e-02,2.704566102177486386e-01,9.305762557497606613e-01,5.430279856630300106e-01,5.694893899554749339e-01,3.590914260116265799e-01,8.733000733540648985e-01,4.832181171262427966e-01,2.065894302974147223e-01,7.438000699364802903e-01,9.780390807515417784e-01,7.979181337578458155e-01,2.426223104308673495e-01,9.209215232382290672e-01,3.499279979933631601e-01,6.021920745906453876e-01,6.595433581489179575e-01,4.775724120257568983e-01,2.373403253952810488e-01,4.445852305171398844e-01,9.996484727376104829e-01,6.561403364244837721e-01,5.338263459063450345e-01,1.913055424977033459e-01,2.491508062626623388e-01,7.203538388023993377e-01,8.279752930419229662e-01,3.500658895724199082e-01,6.120928203717912464e-01,7.103536555978432476e-01,6.574105598615890278e-01,9.916326695791597423e-01,7.310297422931487654e-01,5.084231273596867551e-01,7.537461050975967636e-01,5.803938000724534474e-01,6.386322822047828529e-01,5.174009856605613633e-01,5.779719957131402852e-01,9.312873613232820480e-01,9.528750467407207658e-01,3.015741845543139510e-01,2.992460742283074016e-01,2.944660426518859453e-02,5.308570415700761824e-01,8.751711344741837095e-01,8.290143587456373364e-01,6.404963784147095218e-01,7.735817423874158383e-01
9.134297786561932364e-01,1.871143679583515129e-01,8.205483686827612644e-01,7.509788020388461494e-01,0.000000000000000000e+00,9.120782574221338868e-01,2.927381858525884839e-01,5.703975046843783314e-01,5.357358668857932216e-01,7.027832526169871530e-01,2.576187498803637066e-01,7.557799587488680526e-01,2.834531426404331977e-01,5.882820691597936968e-02,4.353822052439184076e-01,7.932173011762371218e-01,9.459699621683369530e-01,5.744948923604911162e-01,6.137703179497243644e-01,3.530150233123203751e-01,4.054894231520620451e-01,6.690269263413721745e-01,4.613688747025710413e-01,5.150873317145429064e-01,4.803076966684152183e-01,3.063455763992976033e-01,7.436999515936895122e-01,5.463664715646509018e-01,4.693476846447475759e-01,-1.856308779304098322e-01,4.459167001492477245e-01,3.227086032380365732e-01,2.065761348444787315e-01,5.843729715565127991e-01,4.094066978600578444e-01,8.676129623229351939e-02,5.085330148781278536e-01,2.283063812151803207e-01,7.519970062346150730e-01,6.026292171042008095e-01,8.028982766945476079e-01,5.731352836052518995e-01,9.938687599642822557e-01,5.993754514615486917e-01,9.511928884007809781e-01,3.789148588473301160e-02,6.901772817986694397e-01,6.800105407200597307e-01,4.697884756855539856e-01,5.898203074221955999e-01,-1.773480826314733361e-01,4.149134084543394385e-01,7.566208517719876792e-01,4.251855478994222559e-01,8.726188108925535536e-01,6.469803310902449978e-01,5.652111242148962766e-01,4.764982564673180265e-01,6.503613862122126221e-01,3.030394479082924586e-01,2.094058819519210579e-01,2.950639765075339649e-01,4.683514501261395457e-01,9.895160822791995159e-01,3.468021475935877396e-01,7.962366509977283346e-01,5.573698549972385674e-01,9.286306263633588021e-01,9.597917161025081023e-02,5.470051034354281860e-01,9.872761636636256943e-01,4.880275699344068241e-01,2.778786446368232133e-01,2.801166377462528390e-01,7.246873971157827832e-01,7.587406890862486986e-01,9.176973541084645358e-01,5.490203208006089186e-01,2.429567006564604392e-01,3.982465850030806886e-01,7.349481200249112778e-01,7.017365303612498328e-01,7.034019012025294684e-03,1.790805383311937782e-01,2.578177095410837394e-01
5.802755115029503141e-01,6.731626866718489755e-01,5.230705504409232098e-01,4.654215990448526963e-01,9.120782574221338868e-01,0.000000000000000000e+00,4.534374727619008838e-01,7.411834111247502799e-01,7.461110636685324149e-01,6.150679771436480259e-01,6.225249683264875156e-01,7.275860186864678836e-01,7.109981554084680022e-01,6.255244157833331764e-01,7.723530200133452706e-01,2.994733262198638890e-01,7.686225981663969975e-01,4.652760983396546646e-01,6.236847588650364926e-01,5.944477278820807786e-01,5.472891737119185418e-01,3.992029498439708113e-01,2.313658372980374189e-01,8.956647291307449077e-01,9.507576538273629918e-01,7.540031793750945344e-01,7.229665937782303597e-01,3.258933717102819871e-01,8.318765275542850945e-01,3.709438009585863671e-01,2.290296049348433116e-01,5.711722224326372110e-01,7.390300633085328252e-01,2.532012074714453109e-01,6.249408602703133697e-01,5.732461805538473509e-01,2.020908907640322771e-01,5.829392421300260141e-01,4.990595056873832203e-01,9.258360162512755398e-01,3.150689572200135458e-01,4.734744170635027949e-01,9.555551523530068092e-01,3.167259601599905494e-01,3.709381106316789189e-01,6.684496766294143466e-01,8.684395999641828512e-01,6.021779810296463697e-01,3.917723904120993250e-01,3.403534391738408660e-01,4.056333232480618944e-01,7.289358694072782807e-01,4.080254391566984773e-01,4.486913011551584840e-01,9.677521659876595628e-01,5.741556697094833961e-01,7.725788149268628668e-01,5.443874407526675396e-01,7.068771603876801146e-01,5.643547845571484922e-01,5.313243698363554479e-01,7.332699223436693892e-01,8.206117194904332113e-01,7.003789029111262554e-01,9.528812231509642405e-01,4.973481054066894447e-01,7.963161506983768012e-01,9.213838718327826971e-01,2.546368479820918518e-01,6.924088528639373852e-01,7.563759460464999362e-01,4.006853851015697021e-01,3.644169907688625809e-01,2.223128564045859512e-01,2.378956079302657900e-01,6.060631131285014739e-01,7.347118887727415171e-01,7.646979360353276522e-01,6.826771201299823566e-02,4.220172388003969322e-01,7.749138302891052099e-01,7.394234777215014098e-01,6.798184042595670773e-01,-1.290841361435016155e-01,4.030759601855018470e-01
9.496387597345314902e-01,7.055360941334098968e-01,6.571300535073685278e-01,4.431675312143291690e-01,2.927381858525884839e-01,4.534374727619008838e-01,0.000000000000000000e+00,4.769681739367929163e-01,2.296778824574319811e-01,5.124952528377094141e-02,6.811050143997400275e-01,6.874709424438956162e-01,4.099081518700676829e-01,6.364887086549623207e-01,7.165330625912754714e-01,6.755329212251295345e-01,8.842106060470269480e-01,7.793020900272891183e-01,6.689967194363559688e-01,8.478707413307542406e-01,7.275069865982306538e-01,4.355082520298361737e-01,6.120237859595721863e-01,3.637385045469601619e-01,3.957515847783766860e-01,9.761320531366725062e-01,5.987081454416824933e-01,6.005597055080896807e-01,2.339575246709777179e-01,4.330751536679338098e-01,2.403549085369992011e-01,4.480861951141950628e-01,7.403247260793609508e-01,1.587824564618131040e-01,3.866275869048509395e-01,4.619213818588849274e-01,7.384097088895946737e-01,4.907913130509078403e-01,-2.199819718571605076e-02,6.206986033812624814e-01,-3.879217951050201729e-01,4.452355887161018044e-01,6.682284214913185583e-01,6.009573914571493258e-01,8.849345094781563281e-01,7.847797300190225700e-01,6.041988923151600521e-02,5.740306816530194034e-01,5.177281140517489000e-01,7.836317315428523722e-01,3.275561967357172866e-01,6.977294013240457060e-01,3.117529479096168843e-01,7.511546669686768318e-01,7.355650424194222214e-01,3.613745228490956585e-01,4.541091471346845321e-01,4.640918846696230338e-01,5.943443030791994985e-01,3.837745805273101718e-01,7.401027899595401527e-01,6.703685924054093581e-01,1.094708523369784248e-01,2.149785718371741428e-01,4.106189285803153455e-01,2.500381464490815386e-02,7.221939021244345724e-01,7.273626741604344303e-01,2.639126292061305112e-01,2.236923207887497322e-01,2.552704011420942054e-01,2.776740542758902031e-01,5.378515010709107314e-01,4.215807736999650501e-01,7.880000255612094051e-01,7.638891701646194354e-01,5.562656394851190900e-01,9.411310995129794355e-02,3.133222913311346502e-01,-3.029586770676160334e-01,6.678173255051815804e-01,7.412702357821377985e-01,3.495351053847201017e-01,6.807825256603009523e-01,6.891280197038420763e-01
9.189185475497899658e-01,2.732766452085600428e-01,6.580801894638221849e-01,7.378386272957447867e-01,5.703975046843783314e-01,7.411834111247502799e-01,4.769681739367929163e-01,0.000000000000000000e+00,5.762434000824835367e-01,6.472442064699782671e-01,2.386189958586907300e-01,7.956968549715188743e-01,6.191469515523795319e-01,6.095468712231969510e-01,5.646294035028693870e-01,5.280513968693946181e-01,8.303375250230855542e-01,4.715967306874178644e-01,7.514648052023744640e-01,4.926483165274860854e-01,6.691500634577651763e-01,1.853169707770901953e-01,5.920007083732425901e-01,8.449796848600356070e-01,4.441366792092726890e-01,2.923117515944395617e-01,5.897444727068832382e-01,7.264781963245999785e-01,2.131106027866901398e-01,-9.713220074720771424e-02,2.345978305871524727e-01,6.400312039817833698e-01,3.117764290392843751e-01,4.001529153462816124e-01,5.595241215693059766e-01,-1.855940365282821025e-01,3.826981947637717596e-01,7.997312618968674958e-01,7.157728283614628317e-01,5.366603050986271661e-01,5.395516189070077573e-01,4.199465464467956877e-01,4.213809932724961738e-01,6.776434065373841964e-01,8.239174402955151688e-01,7.407975166009928003e-01,3.698604103856140135e-03,2.119097836841332405e-01,5.063011264340436801e-01,5.228839848885064034e-01,9.533418256471292151e-01,3.239907774475662694e-01,6.504018495882882833e-01,5.074044888718525215e-01,6.450689777468421315e-01,6.996565635689919738e-01,3.501259295485025236e-01,6.017566298178862461e-01,6.266485884428414366e-01,4.732724098092009890e-01,4.308880202135237369e-01,2.712564804378044814e-01,6.699498371710652656e-01,9.638819829670765005e-01,5.633844959546333575e-01,8.819377095533126321e-01,3.618216830491673974e-01,7.563014875454160402e-01,5.115418090499316284e-01,2.687581125891373435e-01,2.873537634281598252e-01,4.913432136903870262e-01,3.967251108040356078e-01,1.098063520549435873e-01,5.610407733050977175e-01,5.964805402745330110e-01,5.888823563513434500e-01,2.330514328704536009e-02,4.641866034620450304e-02,6.039212859721523885e-02,5.325796936943275606e-01,4.631214465038988592e-01,2.297062727926299508e-01,2.432890781166390515e-01,1.679843992571594391e-01
4.477228839893776513e-01,5.915667339817188841e-01,9.925086772800061352e-01,6.893003192991389305e-01,5.357358668857932216e-01,7.461110636685324149e-01,2.296778824574319811e-01,5.762434000824835367e-01,0.000000000000000000e+00,3.722769213787707754e-01,6.812161208303552096e-01,6.346085042832250167e-01,3.641928805383065626e-01,7.673258113771799227e-01,6.306829280259904635e-01,2.122993198425911776e-01,6.949364407053150172e-01,4.034769498446038050e-01,6.751466294198664730e-01,9.638818900558189240e-01,8.668223350105267455e-01,5.433997124399977396e-01,6.678931953737834437e-01,9.769710199782974946e-01,3.992194583888394321e-01,5.988012676700624759e-01,3.925869296680278842e-01,3.151405140579585651e-01,4.991557908858924586e-01,2.765330499669675923e-01,5.597723843482762529e-01,1.480204250778050790e-01,9.496976550484743651e-01,4.457036124828173684e-01,7.482336304616128420e-01,4.065479698612810000e-01,4.621101216171403792e-01,3.993554327114863800e-01,6.577473234812570846e-01,9.172768497717150860e-01,3.459475823361715108e-01,5.804041400348453061e-01,7.330033555548205459e-01,9.153277593865929429e-01,9.662667578429756654e-01,5.026164502405537915e-01,7.004502264911853793e-01,2.093546148264703033e-01,2.999380430440583556e-01,6.399279802444040044e-01,4.179537375835641333e-01,2.094230024327255191e-01,7.422704774255126647e-01,6.146385818716225691e-01,9.043833867787001157e-01,8.415436525844673943e-01,7.047012745903687980e-01,6.807053044342384895e-01,9.656943209269067685e-01,5.733485984743178498e-01,1.643952068412943002e-01,6.867660838062097373e-01,6.563753411371184843e-01,9.314363135848801045e-01,7.013305297341324573e-01,5.705674953333748078e-01,4.333508639468616197e-01,4.689829012797931407e-01,3.046851580355549038e-01,9.923723181400785354e-01,6.325674081012458982e-01,7.346103245826335337e-01,5.799310564465688378e-01,3.643115633028153888e-01,4.884202666101510326e-01,7.059067685182386365e-01,7.301341596910524423e-01,5.550015528812966004e-01,6.119091848750274343e-01,5.222459199176312516e-01,7.395015003807572374e-01,5.792894465203528576e-01,3.475057248271382071e-01,7.083928925592281045e-01,4.078799705513801444e-01
6.880525063411655484e-01,9.223683017063890599e-01,6.076670479680084114e-01,6.220206605637677022e-01,7.027832526169871530e-01,6.150679771436480259e-01,5.124952528377094141e-02,6.472442064699782671e-01,3.722769213787707754e-01,0.000000000000000000e+00,2.528045420521237707e-01,5.219460436358162037e-01,3.531778960924183974e-01,6.223355061788630183e-01,6.650876505453898746e-01,7.199130269571063501e-01,3.628997167509634414e-01,3.204629099036736539e-01,7.643709848092942183e-01,6.764802644128943276e-01,5.580621246201696861e-01,9.338393656445770352e-01,5.487668172516151355e-01,4.521522607985285491e-01,7.324028435600916653e-01,7.386753974246108578e-01,7.309795126407547805e-01,9.626653369982218766e-01,8.177016166924293561e-01,6.196863087491392141e-01,5.200171788070125922e-01,7.737621190236314561e-01,7.701398307821826217e-01,5.673986190999449342e-01,5.862561054831092466e-01,5.934971324759109601e-01,6.142059818182966646e-01,5.723868728302552444e-01,9.317139606156330522e-01,6.159915939181569433e-01,1.939799484858836243e-01,2.138685325082712307e-01,9.966388729782369449e-01,4.025744949130405370e-01,4.911537660109473458e-01,6.969230699950937913e-01,2.562796157641256678e-01,6.081719439293356011e-01,7.584596198859718807e-01,9.298787190428195459e-02,4.055360736124958287e-01,9.809250709741604846e-01,8.691567610187452830e-01,6.156607369867761470e-01,6.951599519983486797e-01,6.573159446783378712e-01,7.857306921248228271e-01,4.000113830057086539e-01,7.103047713330193913e-01,-1.525924356193104903e-01,7.405981312211038503e-01,6.144772958459728818e-01,6.578484914906908010e-01,9.038743170195542298e-01,9.514278689371203912e-01,6.726051761806581819e-01,6.173717904057720585e-01,3.448083643656756903e-01,4.961866623006234711e-01,8.832981471296744713e-01,8.098586172298223307e-01,2.146526595408222993e-01,1.972399994150616509e-01,3.474056222370306424e-01,7.978483633958686205e-01,4.325645545576192186e-01,4.487782216614516484e-01,7.460921239738961264e-01,5.049685236303533831e-01,3.228213758717095594e-01,6.289330412888808342e-01,9.399692574756457475e-01,5.887745499508452163e-01,6.440233579400978653e-03,4.085692282846296181e-02
7.092106476909104673e-01,7.920560513881589326e-01,7.657704703691289305e-01,5.062258310832066233e-01,2.576187498803637066e-01,6.225249683264875156e-01,6.811050143997400275e-01,2.386189958586907300e-01,6.812161208303552096e-01,2.528045420521237707e-01,0.000000000000000000e+00,6.609710045225454245e-01,7.263439572867130822e-01,7.100570017892552377e-01,9.260177943897074382e-01,9.604082058800805788e-01,7.240163001499095863e-01,8.618768055377734605e-01,9.555076343757221702e-01,7.860511403889997029e-01,8.345240167730392233e-01,3.880510246933654983e-01,8.119485498589200656e-01,5.842729754069355685e-01,4.048352045877069982e-01,8.919511906493600151e-01,4.085003173044425839e-01,9.267903825820490438e-01,6.098134730637063683e-01,1.942169411301299664e-01,3.033228036572913622e-01,5.171923212507339995e-01,3.548478525209480261e-01,7.038665900638954032e-01,6.463764600508259406e-01,4.567509025262991296e-01,3.090166667273999135e-01,6.413587438979876376e-01,8.958787776574910211e-01,6.641327539113917044e-01,3.619878875193384138e-01,5.697039448485721191e-01,7.521214283716669557e-01,4.096137990033941190e-01,7.089497896204980387e-01,2.039870973518101704e-01,4.469811201703932091e-01,7.258889362616735008e-01,5.000570421012711098e-01,4.459936329388271559e-01,6.836022214018901977e-01,6.338668923537680300e-01,6.472989475063495313e-01,5.335346426793673436e-01,2.192342909819109953e-01,2.280093177974271135e-01,3.336078372980928464e-01,-1.905706483956045028e-01,8.523483527330149023e-01,4.633016421460666168e-01,2.776034799596039382e-01,3.958357421345847782e-01,4.418882656041351886e-01,4.424698999275930578e-01,7.521050901402561717e-01,7.747807774144702675e-01,4.248166596115726112e-01,8.826295805927414362e-01,1.643382852235124036e-01,7.153386702845797585e-01,9.087693776554378600e-01,7.610930967856931462e-01,4.820242900715389633e-01,3.233388384187618203e-01,5.222979404260031933e-01,4.983383302434399864e-01,4.733496941715788497e-01,4.202748986397585318e-01,6.658668223081062321e-01,2.391743812381580958e-01,5.349291146456980339e-01,7.932252701894144664e-01,6.731492934659351057e-01,3.748284222205686689e-01,5.490448769345642743e-01
9.099559680503442882e-01,8.886635789871235591e-01,5.809690789125242505e-01,1.790510606141935968e-01,7.557799587488680526e-01,7.275860186864678836e-01,6.874709424438956162e-01,7.956968549715188743e-01,6.346085042832250167e-01,5.219460436358162037e-01,6.609710045225454245e-01,0.000000000000000000e+00,5.089926378851978850e-01,4.244442910396264423e-01,5.587615608338406537e-01,6.408412434552234194e-01,8.170890368874157428e-01,5.747808514446484107e-01,8.395053664869930321e-01,6.969020397409506629e-01,6.802216845530605349e-01,4.780560744939728601e-01,9.086055146685282358e-01,5.491632149630861770e-01,2.567618884058359141e-01,6.085004874377671902e-01,8.250904048551860326e-01,7.037186920697743320e-01,3.298683677431409056e-02,1.333645435573415916e-01,5.701566198136311936e-01,3.851867728797756518e-01,8.678052457783351770e-01,6.899104721415985075e-01,5.312459677450873663e-01,-1.480122745790675709e-01,5.398206130763785193e-01,2.287895524215138865e-01,6.122380445826962614e-01,9.443620582580213307e-01,4.963895761256997829e-01,6.928170548911483095e-01,7.742097572173942677e-01,9.776013387008574140e-01,9.023747391189216316e-01,6.018945035343982175e-01,7.664052593210219921e-01,7.691136351763372403e-01,7.837455019949888246e-01,5.234528798353970114e-01,4.305733962686497107e-01,4.689895531010298546e-01,5.435926435308886528e-01,3.956942686540345644e-01,6.940433537428295496e-01,6.547504232364969035e-01,7.169570975593679840e-01,6.531415818291277375e-01,6.914464223060083903e-01,9.552387604753485029e-01,3.394104652440325665e-01,9.291789676940932080e-03,2.578346020257917814e-01,9.504825830221796945e-01,9.859267949453436319e-01,3.952456607661097854e-01,3.282142823810831889e-01,7.540761473257707737e-01,-1.725106400009371044e-01,2.159237963082250578e-01,7.656838076720859920e-01,2.299636754163599806e-01,6.814533234343690404e-01,4.117120116835291110e-01,9.376434674246073575e-01,1.025307354776153201e-01,9.985985119728244541e-01,6.475016086884930466e-01,3.558840147010216004e-01,2.053211873802473497e-01,7.001052187867680132e-01,8.642189831144070356e-01,7.015230259065647900e-01,4.676920997046304374e-01,3.804301557821785362e-01
5.229715408056321291e-01,4.677700434366882098e-01,8.845252312406278739e-01,7.354296740866775872e-01,2.834531426404331977e-01,7.109981554084680022e-01,4.099081518700676829e-01,6.191469515523795319e-01,3.641928805383065626e-01,3.531778960924183974e-01,7.263439572867130822e-01,5.089926378851978850e-01,0.000000000000000000e+00,8.898103250950847309e-01,7.392470276508806837e-01,7.170294522492587364e-01,8.701183532039218349e-01,8.558944609215649590e-01,2.940342298292631384e-01,7.935053298189469473e-01,9.969840417484157058e-01,8.183570107056313825e-01,7.392255648340847474e-01,8.801764335564592479e-01,7.037717083997757639e-01,4.232221910676970400e-01,1.438090510148688494e-01,9.883167764930285148e-01,3.842958605245366810e-01,7.897075182856242437e-01,3.342952941067153794e-01,6.246262666349086112e-01,6.425195674803700907e-01,7.202182948200743784e-01,7.068486702983606262e-01,3.953430006429433652e-01,2.819427908907048419e-01,6.645889486664386947e-01,6.900740474789537338e-01,5.154692677842530601e-01,3.227206714471422266e-01,9.411975121228506325e-01,8.543359905312342129e-01,-1.921538314822808791e-01,7.032718814828923248e-01,6.320154457481322874e-01,5.536930474143076930e-01,6.406944113080170755e-01,4.346664489973358636e-01,6.777034167167432788e-01,5.596117705362128047e-01,4.259576975049423342e-01,9.076630811921310160e-01,6.542768211214575746e-01,9.284595758355920214e-01,9.158444182556895186e-01,9.603198192485855600e-01,6.727070205837867301e-01,5.645259209301514147e-01,4.799421132108320776e-01,4.154973641767473191e-01,8.141844759268673792e-01,7.980155429744582030e-01,5.900431528419031180e-01,8.869205234904145030e-01,5.168582523512998961e-01,6.970296649649915244e-01,8.659955912805863409e-01,6.603551746607939643e-01,9.907418718535814239e-01,7.361398964731706851e-01,7.164638292820730836e-01,2.350819630881804678e-01,6.091016604628013420e-01,1.083326553700624806e-01,3.907734570735539315e-01,7.064949103786397622e-01,9.941801528152885981e-01,2.815294344592061404e-01,1.779265568715664714e-01,7.432502951185431250e-01,7.353286218395218565e-01,7.936466356515050613e-01,5.809563402070565957e-02,4.415495599833585971e-01
9.242278570760712464e-01,6.980235083635988325e-01,2.552393135081930109e-01,8.941935231291079367e-01,5.882820691597936968e-02,6.255244157833331764e-01,6.364887086549623207e-01,6.095468712231969510e-01,7.673258113771799227e-01,6.223355061788630183e-01,7.100570017892552377e-01,4.244442910396264423e-01,8.898103250950847309e-01,0.000000000000000000e+00,7.208762458381436922e-01,7.968390149401139988e-01,6.854559508185209538e-01,5.772315798181885116e-01,5.862960239675947260e-01,8.069103474037591095e-01,8.647299257354459368e-01,6.333887757697450605e-01,6.560429143622241721e-01,8.148696893178130063e-01,5.798953572977841864e-01,9.141034043374062223e-01,8.210403127791058298e-01,1.783039553418204123e-02,2.549255121249290879e-01,3.900059874216467160e-01,4.821371873110444906e-01,2.270342783193050051e-01,7.024003128498986781e-01,3.113681646103954037e-01,8.801355138171124137e-01,8.330226705465394038e-03,3.181328910035957080e-01,9.320740197254581139e-01,8.204157072089868219e-01,8.320827440538006714e-01,4.063443368215073903e-01,9.828454972157012470e-01,7.071972595084756730e-01,4.118983731391371861e-01,2.936431769263674330e-01,8.584309533966294481e-01,5.788899888853267228e-01,7.883700174194605559e-01,6.057187719921807156e-01,4.972753253818087416e-01,9.849207767021515014e-01,2.723699099878434948e-01,6.078989028190285859e-01,8.268252959702799831e-01,9.280683026990355078e-01,6.705623051783278221e-01,1.971717815319654343e-01,4.771270991249652593e-01,9.181007886245248217e-01,3.587283259191111906e-01,6.439546187870247573e-01,6.915076164394491354e-01,9.727960153394106246e-01,2.110409846914952925e-01,8.504788808473413564e-01,7.576051129981606902e-01,7.090557923758523673e-01,6.030024851105928452e-01,5.798012441343067813e-01,7.475154220763334800e-01,7.473512671929869455e-01,1.747260860007735506e-01,3.083767529818431385e-01,7.964458383044110690e-01,6.449608509812148061e-01,4.199097743436661645e-01,9.536017698998847658e-01,9.802810725962436411e-01,-4.755790045193517002e-02,5.353801647215463699e-01,6.076100603966604341e-01,7.575274639447108216e-01,7.633886603940420734e-01,7.392017380384550140e-01,2.532922873093937030e-02
4.674731230142040728e-01,7.701193809428990011e-01,7.129491453957436109e-01,4.091202483759819319e-01,4.353822052439184076e-01,7.723530200133452706e-01,7.165330625912754714e-01,5.646294035028693870e-01,6.306829280259904635e-01,6.650876505453898746e-01,9.260177943897074382e-01,5.587615608338406537e-01,7.392470276508806837e-01,7.208762458381436922e-01,0.000000000000000000e+00,2.461664662858892849e-01,6.261261239818273205e-01,8.883654342597425702e-01,6.244297029830528922e-01,5.397652283541205520e-01,8.147437952380057746e-01,7.102967376263523702e-01,6.657617331709905217e-01,4.345510253055447358e-01,5.865728165788740567e-01,4.000535300735247324e-01,5.887984037259031966e-01,4.477018701904234010e-01,5.418905606164763356e-01,5.821658474901497682e-01,1.492236082295679556e-01,5.203641027560534926e-01,1.186069077819729006e-01,6.591649731485379471e-01,5.240811843512196422e-01,6.440649572555575686e-01,1.113484775952495731e-01,5.989745807971478264e-01,7.158802808201868428e-01,3.339239304986978407e-01,5.866345838956259495e-01,9.521507760945358001e-01,9.827237640543176056e-01,8.816687309375713655e-01,7.026393448319993018e-01,5.720862233066207336e-01,6.335785249438469213e-01,6.157730976350188623e-01,5.352036924764216330e-01,6.110917701299133364e-01,4.197672291202342865e-01,7.674266562408316172e-01,4.583333901269884270e-01,4.939638918631130138e-01,8.942047945876173687e-01,8.108231117149927725e-01,6.119971172718415842e-01,5.585389808441317827e-01,6.414396595613560681e-01,5.591547209503459070e-01,3.732187316253178233e-01,6.793885478975780767e-01,2.453194011897379678e-01,7.334691659895145044e-01,6.599471254812061538e-01,2.860113586822706777e-01,7.285610520210099583e-01,4.878387946378393014e-01,4.373330737657596390e-01,7.600718040075755688e-01,6.983503247331211972e-01,3.368447174952986511e-01,5.742929844422696162e-01,3.068397659545170075e-01,4.434332731679809236e-01,4.348717171130860870e-01,9.508446912029435705e-01,7.732391104620960354e-01,2.520562303222999567e-01,-1.802028872378571012e-01,5.363014961569774197e-01,6.029436486261737782e-01,1.947918142761503879e-01,3.347871783023261827e-01,5.265904114095557587e-01
9.789011399178468853e-01,6.908509851303468174e-01,9.836299676028170680e-01,7.493833259116626788e-01,7.932173011762371218e-01,2.994733262198638890e-01,6.755329212251295345e-01,5.280513968693946181e-01,2.122993198425911776e-01,7.199130269571063501e-01,9.604082058800805788e-01,6.408412434552234194e-01,7.170294522492587364e-01,7.968390149401139988e-01,2.461664662858892849e-01,0.000000000000000000e+00,8.019629005329420579e-01,7.012529715059814261e-01,6.728351636484888321e-01,8.965651750013483579e-01,9.381721031415809486e-01,5.419185553163459179e-01,8.300441784403451706e-01,6.558800937783433316e-01,6.026707537173623397e-01,9.508778099112561444e-01,4.387009850643427966e-01,8.500962165072051269e-01,3.225334983558235113e-01,4.106667318016787860e-01,3.401563652462307602e-02,3.569692647729221235e-01,5.177890027952839480e-01,6.432951554168679920e-01,3.586407208889693665e-01,4.800266843868341571e-01,4.671977499792424049e-01,7.771536050152592079e-01,7.770901786282425894e-01,7.573670999261906678e-01,7.076118053580533473e-01,3.830992141333742218e-01,6.090810489015537899e-01,2.785522213610202025e-01,4.190997631275577562e-01,9.207406388375577455e-01,6.695369518293191602e-01,5.805885425230457031e-01,1.650258819315262304e-01,4.597178537013992816e-01,7.255712062586213706e-01,7.753424818701377674e-01,8.605266852833466373e-01,1.921927513785490760e-01,6.762313566144014798e-01,7.701680543232294340e-01,8.340487509114598019e-01,4.290656176539181521e-01,3.427513798442594628e-01,3.788762161053374489e-01,4.847956792241911450e-01,5.256314135258751685e-01,5.711139877785602614e-01,5.512891927904856049e-01,7.842453094221371046e-01,2.151625720413902487e-01,4.734127989381287094e-01,4.750525264984530316e-01,4.744837032787900255e-01,1.889338486030501807e-01,8.112305902529790558e-01,6.607453698965747302e-01,4.645291357714546043e-01,4.623104505946276088e-01,2.923142619540011200e-01,1.344564789646511549e-01,2.955036283203755776e-01,7.461872826434688966e-01,2.405725195538939432e-01,2.335351681896489506e-01,5.861103534452878350e-01,6.356040150421813362e-01,3.335213475555762752e-01,-4.233644269769804014e-02,6.635779221438606879e-01
6.552116345906057182e-01,8.382723358325551155e-01,6.181045134489304704e-01,6.645374296498340883e-01,9.459699621683369530e-01,7.686225981663969975e-01,8.842106060470269480e-01,8.303375250230855542e-01,6.949364407053150172e-01,3.628997167509634414e-01,7.240163001499095863e-01,8.170890368874157428e-01,8.701183532039218349e-01,6.854559508185209538e-01,6.261261239818273205e-01,8.019629005329420579e-01,0.000000000000000000e+00,7.989295892383160291e-01,2.221091853268633842e-01,5.400891675430443684e-01,7.776792986721039469e-01,7.399778052241210435e-01,4.439279902976996928e-01,7.215304812519823807e-01,5.881148343071277429e-01,4.529664227363008333e-01,5.433985616131725704e-01,5.136953729130043778e-01,7.825679403175603843e-01,7.961329999965027771e-01,2.124533086138642168e-01,9.653972778505033325e-01,7.050813498900188048e-01,6.432716537705956972e-01,6.180568801144833424e-01,2.249660632796342263e-01,5.814498117854225434e-01,8.014856074682104037e-01,2.543091035759573182e-01,6.851781559728798987e-01,5.285788606181986982e-01,9.759878433594675329e-01,9.387642744029389696e-01,2.132295075670219142e-01,8.622871796744850936e-01,5.436567783895044359e-01,7.139781852113350480e-01,-3.866962367379556120e-02,2.911707742998968090e-02,4.613050707607133788e-02,6.842545979744382167e-01,8.124432306615902988e-01,8.748668004434777545e-01,6.953156296066475006e-01,5.842269864765800014e-01,5.412653421732456227e-01,5.040418978492493540e-01,5.208931102872406127e-01,6.443305907754097728e-01,4.963375029879311118e-01,4.348427828384078264e-01,2.442805473428230623e-01,5.143814107262640878e-01,6.059208270200682200e-01,7.066279058794531220e-01,7.049134944907411437e-01,8.352030693116185844e-01,6.248527800093938156e-01,6.322377101337601779e-01,6.310444206278694734e-01,7.866548002167477183e-01,6.168817603677596573e-01,5.524320691137156736e-01,4.024228721777919349e-01,4.050101043784380961e-01,7.436615048093796476e-01,5.123402539701120695e-01,7.544010050870194606e-01,5.925074268439899372e-01,2.883985994596831581e-01,9.615418954376684368e-01,5.256310875199659005e-01,7.241663514632408205e-01,4.678703882375417206e-02,3.705783311230925747e-01
4.997855140744029145e-01,7.334801240343253870e-01,4.469568708991089045e-01,8.208874358943951677e-02,5.744948923604911162e-01,4.652760983396546646e-01,7.793020900272891183e-01,4.715967306874178644e-01,4.034769498446038050e-01,3.204629099036736539e-01,8.618768055377734605e-01,5.747808514446484107e-01,8.558944609215649590e-01,5.772315798181885116e-01,8.883654342597425702e-01,7.012529715059814261e-01,7.989295892383160291e-01,0.000000000000000000e+00,4.760056946528382626e-01,6.063495027422212136e-01,8.661479774634213147e-01,6.699129289205631999e-01,8.692696001462659749e-01,8.601326029400424567e-01,2.808563671003960760e-01,7.770678414408349610e-01,2.864930411153019385e-01,3.424705699244000590e-01,3.005089309082418780e-01,7.901310304195319212e-01,2.505126703062884874e-01,7.782666847355252937e-01,5.615022329669299150e-01,4.516386751236060593e-01,4.401615122596320706e-01,3.729693630420248263e-01,2.237015791131971576e-01,3.887154292709369408e-01,5.551029581110924482e-01,7.885619598312418876e-01,4.774477724547327995e-01,6.439528832432228622e-01,7.361553675956219456e-01,9.897983033350594706e-01,9.684868416687094639e-01,4.359171267485409396e-01,5.327889724096728230e-01,-8.671203618870428065e-02,2.608342314980262033e-01,8.000060558619028761e-01,5.947822136214571120e-01,6.993807228846138369e-01,7.278400462891100320e-01,5.290211434361271614e-01,9.044134705574594646e-01,6.423939327705874280e-01,9.386270293033950329e-01,9.807949821265358192e-01,6.030892482567685731e-01,6.801422570717656768e-01,7.654054535805665527e-01,7.422998116645922462e-01,9.188705002066644978e-01,9.151760978698750826e-01,6.283887597818198500e-01,5.614631661896034576e-01,6.526502983571976779e-01,8.425909006714913385e-01,5.241176028788034902e-01,5.126546257925526096e-01,7.806572905098931869e-01,6.785965738702047778e-01,2.359259142918854746e-01,1.292235590935144895e-01,-4.768875308054590367e-02,6.192057492297458055e-01,7.319231018566931812e-01,3.296118832090629835e-01,2.962872317921291243e-01,1.566969664993836039e-02,7.223081244647693300e-01,6.416959869648082293e-01,6.962356862555391102e-01,2.358347732493677740e-02,5.389229787788353265e-01
