0.000000000000000000e+00,9.595948751485470218e-01,6.438470867244722173e-01,7.124964363212551444e-01,7.572001266023652422e-01,5.624392840021860129e-01,9.173491453427556896e-01,1.532086384408454516e-01,8.523625612267151652e-01,9.646789726208752080e-01,3.477698857550779454e-01,6.535855830716221782e-01,6.786181047595005733e-01,7.633345059912447494e-01,6.214833817704955576e-01,9.521917069609353579e-01,8.947318497617832156e-01,7.935729724022165810e-01,9.005335467380457537e-01,7.752044593173222919e-01,6.144725357608775695e-01,8.260496062199480516e-01,9.854642644837890986e-01,5.214415577003580493e-01,8.932589321698797269e-01,5.882244594831281814e-01,9.410280051270382140e-01,6.571799711855107473e-01,7.329079733714678468e-01,5.797788397372067859e-01,4.812337361390899293e-01,7.892075629284998062e-01,5.354018386367040971e-01,4.643815111643228022e-01,6.489724677651057538e-01,2.378059989029464860e-01,-1.045306692481687560e-01,6.729905159067747222e-01,9.821560781405954677e-01,5.419604947684171226e-01,7.214546675692649069e-01,8.124673251661757023e-01,6.130726247352352720e-01,9.454617080288056918e-01,7.606263713216003808e-01,7.953541046040664142e-01,8.681020684072757732e-01,5.248273880852923901e-01,8.840469274546464140e-01,6.406942736745421252e-01,5.994890980235529909e-01,4.698184293059145533e-01,6.478215859997384918e-01,7.363806383955343593e-01,9.816374244993796294e-01,7.010691919530447347e-01,8.827421361164771163e-01,6.805546447532172527e-01,6.867272660862822065e-01,1.212213980340572095e-01,7.561126822803790892e-01,9.317805418219982094e-01,5.450264676729685842e-01,9.004243392779440747e-01,9.795569209704935165e-01,6.291988034306624789e-01,6.301618902220073037e-01,8.386538980738520443e-01,7.701818827820174906e-01,3.489551626609180834e-01,7.404774183302520463e-01,2.531879984167814124e-01,3.670213953876713120e-01,-2.392437430394953601e-01,8.654672811286030498e-01,8.278387717468730367e-01,9.477424483161214219e-01,2.659011646393720230e-01,7.477133205261050630e-01,3.083570411028628902e-02,3.468888816592367030e-01,8.156041131082464313e-01,6.690067389083059757e-01,7.972083758688461863e-01,7.828933569135336779e-01
9.595948751485470218e-01,0.000000000000000000e+00,8.521573902127747013e-01,8.679077792678191461e-01,7.000387208145694151e-01,9.492430970785221689e-01,6.948168054389892712e-01,1.461179928642021009e-01,4.951701102699572754e-01,5.809919801411788098e-01,6.650796910570896392e-01,6.111247492564243489e-01,8.633225890730905627e-01,9.297569455387284520e-01,7.548773763391966041e-01,5.201339675924999684e-01,4.998810875042521418e-01,9.705124300711378549e-01,7.350384544590273794e-01,7.156223899398104216e-01,9.445503130590301444e-01,3.171079315494080841e-01,1.840241724325674955e-01,6.244286862735792809e-01,1.531021535441623449e-01,4.621518290952968400e-01,4.000714918151724864e-01,7.229001161442252243e-01,4.861260406792144995e-01,4.846750152334056705e-01,8.110027618137799488e-02,7.775945417904748247e-01,4.930239344108074406e-01,9.371296692694299768e-01,5.537315335220354129e-01,6.642745872081354808e-01,4.092961784976611450e-01,5.612712177203456054e-01,4.826840740898623028e-01,6.237140970711929633e-01,3.250358114958942224e-01,5.479780295929550515e-01,4.331989873175215999e-01,5.006399978621446367e-01,8.958170379472559786e-01,8.903229151520688500e-01,4.312440696121572214e-01,4.393008204820357809e-01,7.279760257652419242e-02,7.140738544994377213e-01,7.466350799359383617e-01,7.392122407945231899e-01,4.639499886214090707e-01,7.143866337909517972e-01,6.666075910613040723e-01,7.568776745392605809e-01,9.054510321962981889e-01,5.573846080192621510e-01,4.452338717417376746e-01,7.173323605134828140e-01,2.981577874157779195e-01,7.917817419276365065e-01,7.669262280818170963e-01,4.566366836895726089e-01,7.086700948503017461e-01,7.013677736840286947e-01,5.770581734139316188e-01,6.945705104566662902e-01,4.402854318743686379e-01,4.171161608729562764e-01,8.100591291389857007e-01,6.788566210559896508e-01,2.074823325158085541e-01,6.894743081619620906e-01,5.903373912357769981e-01,3.928619422848870224e-01,9.247517717504857293e-01,1.986664498026207981e-01,4.707444428919694279e-01,4.520142961237057500e-01,7.332864198580308912e-01,6.392047507647794502e-01,8.855581041754307936e-01,5.958383987698743223e-01,4.667647141930066357e-01
6.438470867244722173e-01,8.521573902127747013e-01,0.000000000000000000e+00,9.364898527402474304e-01,5.430510068451717132e-01,7.181070917482549332e-01,6.017820626837370179e-01,8.239343009335988732e-01,8.456970457266806962e-01,2.197137504575347178e-01,7.784597448233701034e-01,9.986950919151436068e-01,9.534895908551744848e-01,7.039883884078074194e-01,6.005816205573677458e-01,9.984305018544092913e-01,4.860932116939284398e-01,8.609451130671914587e-01,4.849920162476011876e-01,3.209947414741957106e-01,5.126102020140497206e-01,9.590620965479035309e-01,8.335405589588913422e-01,7.303737025218232093e-01,9.745073988963131040e-01,7.415353357196714512e-01,4.020792923133488239e-01,4.477469598562120456e-01,2.593292360274112029e-01,5.650572961463935506e-01,2.405116503365824776e-01,6.744599601744459827e-01,8.615715371780945375e-01,4.712648246183173129e-01,9.011890888011667711e-01,7.480674662293416155e-01,6.719323768783828088e-01,6.925514302541376788e-01,5.711380481726731073e-01,8.432379956319479009e-01,3.234878915955833323e-01,5.510622893098073849e-01,7.235136939492189390e-01,6.926679517553332444e-01,7.571626962664780303e-01,7.930331566864685655e-01,7.353479701404186386e-01,6.382072085492832558e-01,8.782738964765277601e-01,6.276646297678680764e-01,6.321089796134974348e-01,7.558830742609961018e-01,8.228594208626009987e-01,9.301254794192177489e-01,5.710109087673886918e-01,9.045333252338223495e-01,8.562883261683339464e-01,6.829473859087071830e-01,7.156303210038080787e-01,4.667310231241194041e-01,1.322466038742373950e-01,9.291398979002126746e-01,7.348111567631006036e-01,9.711963066880329176e-01,9.387889687644269676e-01,7.628511945226217339e-01,7.455056336272972706e-01,8.386440156170135163e-01,7.509934604650175816e-01,9.547379020201383071e-01,7.053898278943242506e-01,4.373693505584245189e-01,7.892332132141535173e-01,4.729512104394548166e-01,6.980213934220784733e-01,7.043016166933742384e-02,9.779446126070731049e-01,7.209208694599509304e-01,4.957349996376448908e-01,5.951374164448060000e-01,6.022966292407493372e-01,5.017502279665190246e-01,7.999116462306178343e-01,8.699535754880622918e-01,9.383126259818774795e-01
7.124964363212551444e-01,8.679077792678191461e-01,9.364898527402474304e-01,0.000000000000000000e+00,6.140580073902829339e-01,7.951808172193008950e-01,5.578082134209760845e-01,7.281055429504524890e-01,3.695917548228662142e-01,5.965925256605497662e-01,7.337813905055382557e-01,6.309473695393145176e-01,7.846216771916318944e-01,7.091059979174536565e-01,4.466609122977178714e-01,8.158670859773282658e-01,7.245305119069074262e-01,9.308589102742514942e-01,6.662585133707807916e-01,8.846287917375212917e-01,8.949515284009793570e-01,8.326847540733331998e-01,5.797894786622030949e-01,2.408265823460049582e-01,8.287782339265806764e-01,8.790388331623284479e-01,7.513027592294951873e-01,9.490527443036853583e-01,3.103373513212531742e-01,2.660133759650986640e-01,4.345353052334660626e-01,5.091755466884690939e-01,7.705355574114181039e-01,5.771234106665152908e-01,4.647595065910326007e-01,5.503843138207902275e-01,2.733770866271461042e-01,6.209245070696634006e-01,7.066954672454901498e-01,6.049653673448864843e-01,6.352943116878859708e-01,8.020587208097668119e-01,8.696587588957708226e-01,6.289837460435933059e-01,6.012671541659637686e-01,8.334032783724780735e-01,6.921951658985494582e-01,5.952541453466306809e-01,2.734164782177429531e-01,5.035707590527446209e-01,6.106930284316673951e-01,9.781751858665919119e-01,3.757809016910166888e-01,7.082276252100749847e-01,8.199196381911705300e-01,7.561169534645844070e-01,6.790857888784521679e-01,8.817160898859282003e-01,9.184794020011001203e-01,5.982592926306151693e-01,5.711031003297756259e-01,9.909017436085197916e-01,8.423180024609329131e-01,6.800417054102797509e-01,8.997494296568604444e-01,2.255753184823650059e-02,2.491307715857455085e-01,4.115293761177342136e-01,2.468326978435589902e-01,7.936742132530441030e-01,9.595985025782591826e-01,9.286922653557085905e-01,1.739213542274593294e-01,6.293680788715733110e-01,2.769284418633836120e-01,6.454309468903888236e-01,5.535500360593597069e-01,7.407168428959274298e-01,7.313160964582567924e-01,2.225000079984152113e-01,7.033085783598188589e-01,6.499756908001017575e-01,4.262853690670030393e-01,-1.767731413162832721e-01,7.179634218608191842e-01
7.572001266023652422e-01,7.000387208145694151e-01,5.430510068451717132e-01,6.140580073902829339e-01,0.000000000000000000e+00,6.096324917445979930e-01,5.067498102397294257e-01,5.315679918588999131e-01,7.349779353233492074e-01,7.947005022417361619e-01,8.516880238182278351e-01,9.960028544058996403e-01,9.706617410930555856e-01,5.121149097758629365e-01,6.010199226750096990e-01,7.052553539148385120e-01,4.734092638952090426e-01,6.735434440184074889e-01,9.300181675890462074e-01,8.134667245075342112e-01,9.254777037183287147e-01,6.197418118635689144e-01,6.971317294907565243e-01,2.532384874090439775e-01,5.914687066045705155e-01,5.276446634348499476e-01,6.887402243907086996e-01,7.759597768730017719e-01,9.143745386675000697e-02,2.278075099869451836e-01,5.914540580160866368e-01,3.089202830417918655e-01,3.753085659911540306e-01,3.711181395270861105e-01,4.720883646070373474e-01,2.385495967723939292e-01,3.739466149322092509e-02,4.285824924283681558e-01,4.226805554406871668e-01,7.801595368048714896e-01,4.409353164822295557e-01,4.713981348967792862e-01,9.932945578859262437e-01,5.701524631556758038e-01,7.210997759649918626e-01,7.577470188486504776e-01,6.300958144392075910e-01,8.475021914194401651e-01,3.696260825964038932e-01,6.254647887411107776e-01,3.042389270522605771e-01,2.814886388843407805e-01,6.532808960730973613e-02,7.398671326155987771e-01,5.910775092681213039e-01,8.420551028210130351e-01,8.439484833023448429e-01,5.324688019038718023e-01,6.692916413975181777e-01,7.999280554483477745e-01,1.539745354419906065e-01,9.419543550748554761e-01,6.170990824367437178e-01,7.550778720303763514e-01,5.647788110008179485e-01,5.987558055465689311e-01,7.504747383702110586e-01,8.858361431441724720e-01,1.694675456544110503e-01,4.290911479601225431e-01,4.458630212693088790e-01,9.749280009150782522e-01,3.756417114451947592e-01,8.485396998227322241e-02,3.877373327166715872e-02,9.312788839263984597e-01,3.689832024023577128e-01,4.749093050877659095e-01,4.679682444246509587e-01,3.847283700930640427e-01,6.976611011485166491e-01,7.549302803950477259e-01,5.770379867023122111e-01,-1.452731392422669243e-01,6.523598865526509805e-01
5.624392840021860129e-01,9.492430970785221689e-01,7.181070917482549332e-01,7.951808172193008950e-01,6.096324917445979930e-01,0.000000000000000000e+00,1.048596418189540191e-01,7.690905033966392024e-01,6.869287001020554229e-01,9.685676112696064433e-01,2.748258956521187901e-01,7.645130164320801391e-01,7.826442809188491889e-01,8.364967779880800869e-01,5.941654939626275223e-01,9.016329590355983692e-01,2.909446427000381696e-01,4.664671927528222795e-01,6.546946662061857436e-02,6.336618038006944786e-01,9.921354840488809668e-01,6.111390757147402431e-01,6.045198899828365668e-01,9.283123660607930372e-01,4.581611780283054713e-01,9.249975490748442164e-01,5.245723771920173251e-01,7.369657530718425331e-01,4.931657657992772337e-01,3.226145820429889843e-01,1.575256164360783473e-01,4.957867652411131476e-01,4.699594374566444244e-01,9.308730772157766120e-01,3.919230796777391224e-02,3.556021910653536233e-01,3.858740046960202341e-01,4.544111190194976557e-01,9.340854823331792289e-01,3.112571736776541531e-01,1.550490076854216248e-01,4.877258626406749675e-01,3.603754079028625990e-01,6.587304403349081294e-01,6.047660952707233362e-01,6.189278447538006933e-01,6.735902595292380113e-01,5.473235138238552455e-01,2.870551211753148424e-01,4.973577879048835526e-01,7.573275062810300717e-01,3.083244324984441564e-01,3.207662993635566617e-01,5.551461792963606756e-01,5.775549047356950405e-01,9.647861692170081049e-01,6.950727302258223883e-01,2.920532949222708896e-01,6.430770420469227311e-01,4.646433269283298806e-01,7.866589053767200079e-01,5.301601041245180834e-01,4.684082164749754362e-01,1.888180155271420024e-01,6.746773023776588829e-01,2.927610281542181170e-01,6.027471977717535623e-01,8.696444241521243956e-01,3.394881953712438061e-01,3.642958574776379854e-01,6.490027373809043043e-01,9.160661305041061242e-01,7.697725619156962074e-01,4.611092990957149085e-01,4.018985018087840033e-01,9.808111789717888218e-01,6.323017608226352282e-01,3.811667929053891291e-01,1.921334409494347972e-01,1.492891434549645790e-01,3.561201418850937772e-01,8.376056769011588354e-01,7.950129424356674468e-01,5.940774102030526027e-01,7.762612056360727042e-01
9.173491453427556896e-01,6.948168054389892712e-01,6.017820626837370179e-01,5.578082134209760845e-01,5.067498102397294257e-01,1.048596418189540191e-01,0.000000000000000000e+00,5.947536889407658567e-01,7.289167700183712961e-01,5.384955136137273835e-01,4.939588362011646527e-01,6.028192541850606601e-01,6.261823408074014274e-01,7.268007335240436184e-01,7.685106180928531483e-01,7.499121286341496884e-01,3.032006816000014093e-01,7.516469427950636106e-01,6.016058335075646912e-01,7.358351683218460337e-01,8.270754328444051007e-01,6.950382518799262943e-01,9.868682708669751502e-02,8.472839345771914221e-01,6.686513812076863017e-01,4.584061773114237459e-01,2.284470830896690452e-01,2.003287716135785101e-01,2.759071023042378723e-01,1.190755591932680935e-01,4.837335004016813378e-01,7.372915775098454194e-01,5.473678530478143234e-01,4.739015854331447009e-01,3.275623754901061391e-01,4.927261820039232632e-01,5.776859382485109023e-02,7.742074433393262289e-01,8.891107659203899560e-01,7.822270534195244762e-01,7.952978023489926107e-01,3.340963671820904590e-01,8.930845581777645537e-01,4.275208545963440354e-01,7.010612059407086427e-01,2.156193904389159532e-01,2.649450592132764903e-01,5.339378002679709967e-01,8.104230596554549970e-02,7.951282854650427723e-01,7.865141893017619790e-01,4.629117330746391201e-01,7.394369809553777984e-01,7.338978070809799581e-01,1.053002017374374266e-01,6.632533548530300527e-01,5.314123825499093012e-01,3.744502962276707869e-01,2.787290622028318898e-01,8.577859024103203778e-01,5.618052500887545930e-01,5.658105596678414395e-01,7.745639679362846808e-01,2.310298131251897757e-01,7.444782571109118674e-01,-6.172959902580454905e-02,6.285166406726111488e-01,6.279062910765895733e-01,1.236139489915020068e-01,6.291587917697188947e-01,4.709319622058149024e-01,7.299343093720385145e-01,4.603352789294083425e-01,4.488849322380608631e-01,-1.212361882747019642e-01,7.732699302330469093e-01,7.454417645663948822e-01,6.531157753517098374e-01,-5.393455481213652036e-02,3.489910723401559167e-01,4.272232308850529292e-01,8.528127570960238879e-01,5.161134328628285139e-01,4.247202224243886715e-01,6.200148679866855916e-01
1.532086384408454516e-01,1.461179928642021009e-01,8.239343009335988732e-01,7.281055429504524890e-01,5.315679918588999131e-01,7.690905033966392024e-01,5.947536889407658567e-01,0.000000000000000000e+00,7.141159544217408062e-01,2.787588065143753457e-01,6.090800909259053153e-01,6.550335765830801460e-01,5.834977644007761644e-01,5.955377827933058255e-01,3.585109882596936304e-01,4.014027067977589125e-01,3.802986613041013375e-01,7.739633425611160966e-01,5.751790366143441080e-01,6.584595008376468162e-01,7.987338657320112167e-01,3.201298348555303708e-01,5.056066552792118918e-01,9.893462598978641775e-01,7.412602125421459132e-01,3.105878062201191669e-01,5.465281272469986185e-01,7.908579136828324252e-01,3.287205565990483080e-01,5.935133198376578711e-01,5.242021760049303536e-01,4.648282097274657465e-01,5.797791008069095309e-01,7.994158737901007061e-01,5.121504145990146695e-01,5.751997140824972599e-01,5.638013696892436588e-01,5.592909510321706357e-01,6.045742533162143939e-01,5.458520064227444513e-01,4.560753854006609487e-01,8.087233381263398968e-01,7.870374215599600376e-01,7.882545478849942722e-01,6.852278338629642640e-01,2.517652989595944302e-01,5.671417122828942281e-01,3.390787448247254421e-01,6.753911621229241602e-01,5.537492885486289262e-01,9.751068506813869163e-01,5.873592438664493320e-01,8.701991909951496684e-02,6.508728502721150555e-01,7.392633996894388826e-01,5.159618723684065156e-01,4.286224521795284348e-01,4.689819331199370778e-01,7.192403029842175943e-01,4.127892200646142706e-01,3.503143493777869377e-01,4.223995854458548749e-01,6.465848111554974853e-01,7.090425801188211530e-01,7.476560609249824907e-01,6.354435326107854554e-01,4.755840219397610147e-01,6.458978259372475383e-01,5.806867805567500485e-01,7.986262303886253466e-01,6.983718731134632707e-01,8.409575558828552566e-01,2.902364851786559674e-01,2.032081864858311104e-01,9.576266476127163196e-01,2.905352339878422008e-01,4.965355405275607703e-01,5.480103549989973066e-01,5.110416589557176259e-01,4.456092194366468306e-01,4.283516706677250041e-01,9.286983276911106033e-01,6.557380378706419988e-01,2.784911244684748488e-01,9.087466677877137355e-01
8.523625612267151652e-01,4.951701102699572754e-01,8.456970457266806962e-01,3.695917548228662142e-01,7.349779353233492074e-01,6.869287001020554229e-01,7.289167700183712961e-01,7.141159544217408062e-01,0.000000000000000000e+00,7.109384848483440988e-01,6.764910725008511649e-01,7.941740308380769164e-01,6.562535598251744151e-01,4.987022861338151758e-01,6.472158769962110814e-01,4.776716317503476583e-01,1.746466518226564846e-01,4.003055573898816055e-01,3.315500237728566946e-01,7.833720485100683639e-01,4.140684259117204946e-01,7.764152292429156166e-01,7.692222986020486042e-01,8.730467698615093086e-01,6.881316633449685582e-01,6.956304949179130670e-01,4.308367215167110964e-01,6.339108186391553268e-01,2.171212363159586434e-01,-1.401442288767953959e-01,3.271448611552661978e-01,5.215549946698636585e-01,1.535014504280152181e-01,5.839497670536974994e-01,6.836903434475495311e-01,4.158223938795581054e-01,3.869139199970750287e-01,4.654621287955874598e-01,6.262655605977970330e-01,9.881094073783853737e-01,5.753257813185537195e-01,9.018522037613191378e-01,2.351996446304071564e-01,5.547195579627257900e-02,7.079640579244531606e-01,5.230913387177923424e-01,5.400422782319214132e-01,7.475175711323903682e-01,3.181708867905486127e-01,4.499811538377518350e-01,9.157314458432724846e-01,1.632544974294641571e-01,4.039980893706587861e-01,4.793854317783760588e-01,6.168813800242021195e-01,7.496568886265121412e-01,6.584358668024224981e-01,9.435543483931609909e-01,5.051600073536437474e-01,3.222460689141373180e-01,4.122761644337885056e-01,7.089247037240106186e-01,7.769241083295355121e-01,2.080769944035064101e-01,7.299934771127970512e-01,4.958956317844522288e-01,6.602768123503217623e-01,8.327400657803207817e-01,6.521813907008260358e-01,2.675655643439754927e-01,6.814117732417402928e-01,5.095717198187704744e-01,7.196035831427044505e-01,5.213844840951764592e-01,4.489579655862706575e-01,1.096039026927536630e-01,7.945317243782792360e-01,3.487892143016614321e-01,2.318012745237945649e-01,2.911576026216536328e-01,3.563731196953754538e-02,5.505646291768674372e-01,5.203132580227666226e-01,4.117529697835362601e-01,3.550120391142186360e-01
9.646789726208752080e-01,5.809919801411788098e-01,2.197137504575347178e-01,5.965925256605497662e-01,7.947005022417361619e-01,9.685676112696064433e-01,5.384955136137273835e-01,2.787588065143753457e-01,7.109384848483440988e-01,0.000000000000000000e+00,5.503900636041928474e-01,6.747902323556160820e-01,8.766989356488168461e-01,4.592325599829191196e-01,5.027453240897232778e-01,6.108669678842671980e-01,7.200447443785653601e-01,4.244929749249042317e-01,7.208264169392681886e-01,8.406644687634891033e-01,6.114116156805413649e-01,7.616285602090172580e-01,4.322029239760665220e-01,1.725316330200881154e-01,9.053594577695075474e-01,3.161139093883128526e-01,6.720535356111347891e-01,6.448626819870524329e-01,2.714668341836168897e-01,8.749146710181432071e-03,5.649544191773775426e-01,-1.469271042605275190e-01,7.732683808358894462e-01,5.445609217178154493e-01,4.984895513724201255e-01,6.886378346688512009e-01,2.274111763692348090e-02,4.089392883213526231e-01,7.378445483029079099e-01,7.101875596417885905e-01,7.472153801701564291e-01,7.136098084708835110e-01,5.617475090076284872e-01,4.430630888642714260e-01,1.206530965673983657e-01,5.817489392937773562e-01,1.693746547088730292e-01,4.136909554697907332e-01,5.062249096993264308e-01,4.817228908300635881e-01,7.853838530273400398e-01,8.617487881801746408e-01,6.217527168826860740e-01,6.018334896028552095e-01,6.279916852647651204e-01,8.952711810597142605e-01,7.127306582109754762e-01,2.076040221231002791e-01,5.059533848814964374e-01,3.600331283595326615e-01,-6.012969663897307915e-02,7.590937633217839098e-01,9.054968152560376460e-01,9.881448768143734629e-01,6.838575685717511732e-01,4.599580975790960036e-01,4.233902457653102025e-01,8.648969639078212257e-01,3.985593900728791050e-01,4.365257078416630021e-01,5.048304082496568590e-01,9.088002151907339510e-01,4.069531022253823349e-01,2.396865352355235790e-01,5.943851164344990945e-01,4.285230065153676215e-01,7.843388573307178424e-01,3.573919769046557393e-01,2.305327690894881099e-01,3.957650232789227118e-01,1.413443052239709008e-01,8.137214049259459125e-01,5.489448746270270130e-01,3.893660681495790810e-01,6.236288879454318090e-01
3.477698857550779454e-01,6.650796910570896392e-01,7.784597448233701034e-01,7.337813905055382557e-01,8.516880238182278351e-01,2.748258956521187901e-01,4.939588362011646527e-01,6.090800909259053153e-01,6.764910725008511649e-01,5.503900636041928474e-01,0.000000000000000000e+00,7.629329782410321226e-01,8.054980543181171626e-01,5.131023353944698107e-01,6.497269419016247216e-01,1.589769035538762532e-01,3.652015410875184553e-01,4.492887101652708326e-01,8.336098341439230897e-01,8.758909481240690909e-01,4.714357357648144009e-01,9.507646118122676793e-01,8.273224123694888910e-01,3.838079155432077560e-01,2.287632867672798609e-01,7.359632168536767161e-01,8.620398214870487186e-01,7.477551144354585011e-01,2.661959217813903433e-01,2.682014432984470842e-01,3.535916235994708279e-01,4.161009203218632990e-01,1.475344008723732669e-01,7.048905457939648178e-01,4.702133958949161752e-01,-5.447385707925436749e-02,-1.801851672030961860e-01,6.933522556436789719e-01,4.278643265556968944e-01,4.556407503106634782e-01,2.445158147183153496e-01,7.191772318480472714e-01,9.708048787805105828e-01,4.871573784060247436e-01,9.912222687466840654e-01,8.252079009426224188e-01,4.503170816221475081e-01,7.241030365014067272e-01,5.969890457513634674e-01,7.135944168116021835e-01,7.379449370078173809e-01,7.772090673158147389e-01,4.163559312617136077e-01,6.209684256081725584e-01,3.151235022160004395e-01,9.781310738843677077e-01,5.907364475270313608e-01,4.898244588207912864e-01,2.958248633766077940e-01,-6.540314912391853586e-02,4.284893865135971924e-01,2.391731633783369670e-01,6.366141081832047410e-01,4.828830463689495200e-01,1.061816588497898756e-01,5.637116543530876767e-01,8.329275355292174998e-01,5.452633670064657156e-01,7.768201588790510925e-01,3.668839118415013201e-01,8.319218894526239083e-01,5.046435725082084600e-01,5.993530859137961020e-01,3.152849093873725250e-01,3.794440416033145747e-01,6.893934276268283146e-01,3.171719243592642790e-01,9.050284311689091865e-01,5.728518482732402051e-01,6.658866548411060404e-02,2.632857006434001779e-01,8.909345592670154801e-01,5.993466890132823632e-01,5.470169085863905156e-01,7.737064078481751261e-01
6.535855830716221782e-01,6.111247492564243489e-01,9.986950919151436068e-01,6.309473695393145176e-01,9.960028544058996403e-01,7.645130164320801391e-01,6.028192541850606601e-01,6.550335765830801460e-01,7.941740308380769164e-01,6.747902323556160820e-01,7.629329782410321226e-01,0.000000000000000000e+00,5.210172978106992758e-01,7.697467473749864952e-01,6.078104241111235151e-01,2.146860819487541039e-01,6.976092054021715283e-01,4.233695561378658656e-01,6.493128776252299339e-01,3.677264834952584938e-01,8.636582914502871633e-01,6.267145127676461147e-01,9.247571142822225143e-01,7.825222424758989659e-01,6.817679261546117919e-01,2.322399051434804185e-01,7.468321865307517848e-01,5.588774725442103852e-01,5.039767297705589622e-01,4.007357311287466084e-01,5.846552443219168449e-01,5.721372312514035885e-01,6.065804771816141194e-01,6.225559849706329141e-01,7.505377941482660464e-01,5.760644532037050292e-01,4.178324253294621871e-01,6.680000957642777681e-01,7.191841592187637744e-01,7.419834165038974305e-01,5.794022361284616451e-01,4.185536007980387718e-01,5.842969246428229013e-01,2.700854876617204137e-01,9.102089216415476525e-01,6.824900164158193006e-01,9.376461718192333761e-01,6.593117928741676348e-01,7.378929312717453781e-01,7.299709340932180046e-01,5.169554953332612390e-01,6.143302802604974078e-01,8.191474261847405680e-01,4.837058357528886687e-01,8.301541853641403179e-01,5.246862039698401148e-01,2.065824061696066583e-01,3.791713821944666662e-01,6.084500810345525590e-01,7.060480439424926535e-01,2.283771198782515444e-01,3.475459925219047674e-01,7.942491458856590913e-01,7.697830272939907292e-01,8.908510668579816549e-01,5.993147036822612517e-01,7.907099990528635436e-01,7.860238230573572960e-01,2.061158433530458911e-01,3.355514896467206576e-01,9.916109574987703734e-01,8.568245027176616402e-01,6.472023207293901015e-01,2.219721079641197303e-01,7.054451040786138272e-01,2.276324561331846130e-01,6.148190278762007965e-01,4.906818212649147748e-01,3.482336339262581681e-01,5.611473616194790903e-01,5.306791985549416113e-01,6.001443470353732268e-01,5.979480932553928874e-01,3.797986879270865423e-01,8.902767776752771312e-01
6.786181047595005733e-01,8.633225890730905627e-01,9.534895908551744848e-01,7.846216771916318944e-01,9.706617410930555856e-01,7.826442809188491889e-01,6.261823408074014274e-01,5.834977644007761644e-01,6.562535598251744151e-01,8.766989356488168461e-01,8.054980543181171626e-01,5.210172978106992758e-01,0.000000000000000000e+00,4.587079078936360244e-01,3.735152149380679409e-01,9.275722695948953600e-01,3.885032012314729166e-02,7.161199916005872579e-01,6.103537999710122453e-01,6.772431212364656838e-01,7.950049385980604288e-01,9.309734309421137111e-01,8.752396288253885270e-01,9.581369026000438049e-01,4.446305960162773574e-01,6.092427947762099061e-01,4.422765826924995314e-01,5.233392728173412722e-01,4.114737109212157073e-01,4.130585230279214537e-01,1.499204493676714600e-01,5.722665762680573254e-01,6.999719109018335272e-01,8.057593200092223462e-01,6.861534349722907544e-01,2.754539610750735834e-01,4.710360973087066028e-01,7.747369031061647204e-01,7.337364208477802352e-01,7.516766341965038789e-01,8.382758302900322755e-01,9.485442846493529201e-01,8.558757352337542645e-01,5.092715353001766587e-01,6.109584543622819108e-01,9.989591813303184686e-01,1.585835170099532052e-02,7.502274125795223014e-01,7.131544930424448259e-01,5.028950780505196949e-01,9.310629734704083393e-01,3.182081161600414099e-01,7.768196689622965945e-01,6.250452698724218159e-01,4.289057453555062960e-01,7.290556927389749697e-01,6.616712811740009803e-01,9.878752487270110461e-01,9.173312712150546444e-01,5.383590979134726950e-01,2.204919476893024144e-01,9.225276648990581307e-01,7.045041434619389031e-01,7.261178302686334129e-01,8.112009838461439193e-01,9.520609984402701453e-01,6.092607364253322944e-01,9.765263696693613493e-01,7.465384058683487423e-01,3.305874726299188326e-01,4.138654371898973783e-01,7.026568395616912266e-01,6.923894127057145242e-01,8.742049719391656315e-02,6.370820348675743094e-01,6.692813930939223166e-01,4.275269017597909671e-01,5.767705221146863792e-01,3.823849843581542673e-01,4.573515294468663006e-01,3.276850662380106360e-01,7.733071348267325229e-01,2.802737321393938275e-01,5.674093239154787138e-01,7.272947625214323253e-01
7.633345059912447494e-01,9.297569455387284520e-01,7.039883884078074194e-01,7.091059979174536565e-01,5.121149097758629365e-01,8.364967779880800869e-01,7.268007335240436184e-01,5.955377827933058255e-01,4.987022861338151758e-01,4.592325599829191196e-01,5.131023353944698107e-01,7.697467473749864952e-01,4.587079078936360244e-01,0.000000000000000000e+00,5.169684350255165928e-01,4.887078257256747826e-01,7.538808071733216210e-01,5.963020114898655022e-01,9.318535327779072786e-01,6.525968899444809512e-01,4.057560463945912299e-01,9.984848877647430898e-01,5.197735874056792493e-01,7.044187243202711946e-01,5.336009108866521800e-01,6.447306027179888765e-01,9.829345927560051432e-01,4.419531742105669569e-01,7.189131274546716188e-01,6.624299628304766152e-01,5.066342127813096008e-01,3.173319339335511913e-01,9.185058183113189445e-01,8.328910483796341246e-01,8.332486320106679001e-01,2.187192446853129246e-01,3.894676737153675017e-01,7.391684764636798910e-01,8.681761602663354838e-01,9.814635452703175389e-01,2.322378674232536411e-01,4.094188988299402587e-01,8.157188321510743245e-01,4.050845013693311625e-01,9.992317468292561955e-01,5.831742032985030022e-01,5.593239532168630124e-01,2.149842158880984067e-01,6.630285099748159938e-01,6.838102659066686018e-01,6.449397922583743892e-01,4.955424739311720672e-01,8.768960117802224730e-01,7.690768170927195779e-01,8.004203441014032805e-01,6.234708157079127400e-01,8.964696273031602658e-01,6.804237906636130262e-01,4.798819508471273698e-01,4.369403304108409047e-01,3.172989465401734877e-01,9.341725225246878539e-01,9.489775842192134103e-01,7.996303517058740429e-01,7.052779870955319108e-01,9.484914658857406256e-01,7.854563123539323177e-01,9.827951649624214747e-01,6.285888568959022704e-01,6.737690183614581940e-01,4.503771704710839430e-01,8.381571035855730489e-01,2.181951442544244057e-01,5.396876014826147427e-01,5.291816496069177145e-01,7.074399209402085775e-01,9.931773800200063285e-01,3.421093654763189273e-01,3.684765880397051219e-01,2.654003199636656429e-01,9.297643574666011324e-01,4.059225925686793524e-01,6.274480520806607897e-01,4.893777573645679002e-01,6.909846799808888607e-01
6.214833817704955576e-01,7.548773763391966041e-01,6.005816205573677458e-01,4.466609122977178714e-01,6.010199226750096990e-01,5.941654939626275223e-01,7.685106180928531483e-01,3.585109882596936304e-01,6.472158769962110814e-01,5.027453240897232778e-01,6.497269419016247216e-01,6.078104241111235151e-01,3.735152149380679409e-01,5.169684350255165928e-01,0.000000000000000000e+00,5.241994659827651226e-01,5.497692699430463126e-01,1.747946035411529486e-01,4.128773877842622508e-01,7.314323893613787764e-01,4.374175279743903744e-01,5.802119492839199477e-01,6.934392825901170010e-01,6.178144012179873634e-01,6.998429842197791961e-01,7.992404279164012637e-01,6.298126761423568087e-01,3.697463483490985858e-01,4.553245981265312547e-01,4.796296733811845070e-01,3.526538499693884221e-01,5.091563288212179739e-01,6.198579804140487148e-01,5.504208090194462333e-01,2.304037586446010255e-01,2.242108990608998320e-01,-8.996625070619439224e-02,4.175859650029933867e-01,6.052657861446042453e-01,6.124778819897913618e-01,4.530836080580939451e-01,2.637363139991342198e-01,1.351781365504769496e-02,3.841113310604081232e-01,9.226445861238378177e-01,3.389637381404889682e-01,1.611909470045253256e-01,5.173371328112675860e-01,4.153321656755693536e-01,6.106261284424902014e-01,6.038209404308414463e-01,5.494507311111521686e-01,5.148077688012947517e-01,2.508142205582414297e-01,9.043057431580728833e-01,7.861329640334531188e-01,6.851222657922404480e-01,6.045202768141085814e-01,5.479225023676299600e-01,2.978462904849402682e-01,6.539874156833789254e-01,3.374006607018131820e-01,7.044992114148087570e-01,8.549176260860410492e-01,9.378971708844159316e-01,3.940418670420536840e-01,8.105182423442526263e-01,8.006015254286710237e-01,5.916029985696904525e-01,7.284805066568421639e-01,6.035720232417146613e-01,9.591296653815915008e-01,7.332682692741668840e-01,4.087693949179985187e-01,4.388045206564499812e-01,4.484654329788324012e-01,5.411785693564312716e-01,6.506211431016506452e-01,-6.413626209511524845e-03,2.404368512335855468e-01,4.951230207696789010e-01,3.593311976334799818e-01,5.611205484999031157e-01,2.958771801099320808e-01,4.270946511239521182e-01
9.521917069609353579e-01,5.201339675924999684e-01,9.984305018544092913e-01,8.158670859773282658e-01,7.052553539148385120e-01,9.016329590355983692e-01,7.499121286341496884e-01,4.014027067977589125e-01,4.776716317503476583e-01,6.108669678842671980e-01,1.589769035538762532e-01,2.146860819487541039e-01,9.275722695948953600e-01,4.887078257256747826e-01,5.241994659827651226e-01,0.000000000000000000e+00,6.477957541468311042e-01,1.587990369312104466e-01,-3.062902835051020678e-02,9.896536992995759174e-01,7.026384961816559693e-01,6.660256085950791438e-02,6.273691851503562233e-01,2.687561416698429628e-01,6.356724143848664355e-01,8.812436598664504794e-01,6.184209806404907805e-01,5.234198915475282154e-01,3.161027595873753260e-01,4.992384315003280115e-02,5.652152323764652042e-01,2.982644890775821844e-01,1.724188811335145843e-01,2.785109378096128907e-02,5.075793902545693292e-01,3.912876097662901786e-01,4.735948491685795236e-01,6.812838158734246807e-01,6.853591786041292044e-01,9.203507249762598041e-01,3.876141286469194092e-01,5.640858305685567675e-01,9.087752003481051055e-01,9.078823217137028667e-01,7.580004695813413740e-01,6.380352729451355120e-01,7.531271940593065040e-01,3.243334185127317859e-01,3.506422168524994665e-01,6.279766051245834202e-01,7.120860358287601777e-01,8.207040230615703091e-01,3.538480024850281236e-01,9.571512434533127056e-01,9.111234632273942369e-01,4.906666277310077762e-01,6.166467001318153285e-01,7.975722486148701940e-01,7.927643174446853402e-01,5.109590644631121364e-02,3.924314199961764782e-01,4.656838361387424796e-01,1.096608406134871594e-01,7.514528059556704331e-01,8.129224292234128457e-01,8.747989262560345036e-01,7.617960495592087655e-01,9.029152900764215728e-01,7.127829466452026974e-01,5.462189940003551181e-01,4.614807684801018328e-01,3.384904044885007623e-01,5.188014946651086090e-01,1.493444292560584807e-01,5.476607495359936406e-01,6.327888593560265784e-01,7.570318083824797428e-01,5.064599798883177018e-01,4.094078072965035564e-01,1.706521698249491292e-01,5.723263816026334938e-01,4.446551804236701932e-01,6.691930000778701926e-01,4.019429716615061793e-02,7.026597624616470750e-01
8.947318497617832156e-01,4.998810875042521418e-01,4.860932116939284398e-01,7.245305119069074262e-01,4.734092638952090426e-01,2.909446427000381696e-01,3.032006816000014093e-01,3.802986613041013375e-01,1.746466518226564846e-01,7.200447443785653601e-01,3.652015410875184553e-01,6.976092054021715283e-01,3.885032012314729166e-02,7.538808071733216210e-01,5.497692699430463126e-01,6.477957541468311042e-01,0.000000000000000000e+00,8.154137378964857463e-01,6.189403921851879264e-01,9.299925064666185737e-01,9.642644722072430952e-01,7.675408671171097819e-01,6.493572322510118289e-01,8.478169971676636774e-01,4.491019796357865190e-01,6.414679096335917929e-01,4.018596356943271442e-01,7.928254498804656603e-01,2.480483567894601338e-01,3.652172100043423741e-01,2.354406152837402177e-01,6.478386199360147701e-01,9.120503729459747966e-01,6.675601405382417530e-01,6.042363249191906593e-01,7.986111565780286137e-01,6.192788670331629275e-01,7.165403738844787762e-01,7.804371507166761868e-01,5.213259203300830702e-01,5.968939314638329607e-01,5.894153993347337472e-01,3.610854908909193473e-01,3.569783405881302718e-01,6.325904555494628045e-01,4.254081020490695919e-01,7.509964850210586462e-01,9.678424893121877481e-01,4.927304991802635703e-01,8.353725343664430980e-01,4.336486686281313951e-01,8.967802196885306110e-01,4.893754470821355396e-01,7.951961188133535030e-01,7.021144950423812148e-01,6.280187116584958762e-01,6.722874444598985200e-01,6.740290990716873987e-01,7.186581016371594854e-01,2.833563266309916950e-01,-2.274450665324689869e-02,8.096930329561582429e-01,9.579104612088835680e-01,8.483186369067048371e-01,6.471691219287252217e-01,6.709635399717528426e-01,8.475848011610688237e-01,4.144988028051320161e-01,7.067843347744123816e-01,9.777596771979955026e-01,7.675305497923122777e-01,4.076244468888498007e-01,4.552179197066539285e-01,5.583365182400007454e-01,6.586432880840622506e-01,9.933154176042828798e-01,9.403276710079651046e-01,7.505879820138730008e-01,5.110045928408547544e-01,3.339860597861006586e-02,7.882130059494222296e-01,8.579008774550438421e-01,5.796897828548952525e-01,4.819721077484553362e-01,4.607991676269177495e-01
7.935729724022165810e-01,9.705124300711378549e-01,8.609451130671914587e-01,9.308589102742514942e-01,6.735434440184074889e-01,4.664671927528222795e-01,7.516469427950636106e-01,7.739633425611160966e-01,4.003055573898816055e-01,4.244929749249042317e-01,4.492887101652708326e-01,4.233695561378658656e-01,7.161199916005872579e-01,5.963020114898655022e-01,1.747946035411529486e-01,1.587990369312104466e-01,8.154137378964857463e-01,0.000000000000000000e+00,4.747365455955079860e-01,3.215431589220507647e-01,8.012279613919055521e-01,4.313935768084325439e-01,6.403873611579440350e-01,8.852535222391268999e-01,3.015905570236447966e-02,9.128315630527001900e-01,9.320185624542650649e-01,7.831374273497511140e-01,3.419959548719871956e-01,5.506932567014605207e-01,1.793027669434949789e-01,7.177596212781836016e-01,6.502592404919215197e-01,7.969893309924622748e-01,3.257635316935708625e-01,5.979397053088273406e-01,3.799696161810119377e-01,9.976689821752182663e-01,5.402696332179205418e-01,1.698406495785041992e-01,7.089679192075409864e-01,4.119709521220591419e-01,6.993969265492193665e-01,9.757999052297563480e-01,6.766201720908028294e-01,3.162133073886678192e-01,8.590154734217184673e-01,5.223659968285969679e-01,5.652047335039205311e-01,5.039223563755905744e-01,6.968654093293663587e-01,7.950065767126406335e-01,3.474655780509861014e-01,6.520941788245218085e-01,9.610653628501965029e-01,7.239369667816085707e-01,4.173119542397829007e-01,5.536275720806125289e-01,6.985818598084904130e-01,2.710162658350822040e-01,7.953804552668151118e-01,6.258600812401398095e-01,9.552762173616822228e-01,8.101952188432773871e-01,6.772712229387509719e-01,5.528382863199374775e-01,6.884211770749774084e-01,7.129973582503742469e-01,2.519796406807487954e-01,1.513832581766112462e-01,8.095766975199710780e-01,6.210594077585572803e-01,-2.963309837638579691e-01,4.228637004188626758e-01,4.097137160714252602e-01,7.183355048009756327e-01,2.956033517749134254e-01,7.708555079043186709e-01,-3.249136515262310287e-02,2.681273858145076794e-01,2.077533660024107331e-01,6.834524019730869870e-01,7.168159783894980652e-01,7.745569194127713275e-02,8.647580640748052661e-01
