0.000000000000000000e+00,6.237684747238294580e-01,5.753051515322923359e-01,6.192979828676535847e-01,9.866150721192212814e-01,6.790359573994033671e-01,3.686174844114713522e-01,5.539281180083872602e-01,4.201576841934529516e-01,4.458867168777687073e-01,2.370243251001587503e-01,6.789213593175212891e-01,9.617233621820195921e-01,2.895391110279223468e-01,8.753034509097534777e-01,9.786883618243978900e-01,6.326215487844267793e-01,8.964396534949294892e-01,1.904394109260332257e-01,8.606101453534060752e-01,4.268693384262578494e-01,7.803164941468439253e-02,9.830072902677351454e-01,8.101096076257188194e-01,8.656014581730960833e-01,6.082830911617579384e-01,9.687629859830103607e-01,7.511698175675152189e-01,1.052305563214737255e-02,1.705115341760314873e-01,4.412286738782090212e-01,2.675358668354799185e-01,7.982477636539444532e-01,7.615905573664473183e-01,5.516820764738393779e-01,4.407825360805965320e-01,4.984800401178389739e-01,8.519872071575718131e-01,7.597221082755521993e-01,7.194466011727226329e-01,7.732556338631882964e-01,6.355434260520492762e-01,4.412270309715521921e-01,8.524503542021755198e-01,9.288236797547294588e-01,6.160001917152747586e-01,7.514501487894198473e-01,6.944452818666206895e-01,9.026066395804760445e-01,6.302272805163527947e-01,6.201822269593472159e-01,7.878623919833069866e-01,5.908032865228818320e-01,4.318274513262491121e-01,4.712510259725363193e-01,4.016794025910901400e-01,8.600254782483339744e-01,4.599664671521307979e-01,6.106295182170653479e-01,5.870979389585577746e-01,2.311044785110103195e-01,6.949772094021493540e-01,6.751495022442408622e-01,6.270647119416381532e-01,6.174209691782205356e-01,4.433482911159838391e-01,3.578592948198514589e-01,5.339345508815479535e-01,8.423745098947487131e-01,4.512845401445073068e-01,9.714986956536344476e-01,5.016732683993062603e-01,6.143388759547661060e-01,2.711077899942058167e-01,8.705429916126381507e-01,8.702768953372945759e-01,8.485272387495893520e-01,3.749345068899019306e-01,4.397013807512124006e-01,3.148320312413945277e-01,3.736565754269060013e-01,4.316255939787808082e-01,4.559853217888248933e-01,7.898181149003522528e-01,8.053048740024290053e-01
6.237684747238294580e-01,0.000000000000000000e+00,4.672253858348632272e-02,6.165790937042635589e-01,5.320746927620885192e-01,4.546549587727741204e-01,7.900463008695761680e-01,6.414897866478113109e-01,6.238283059799154540e-01,7.978063113720661459e-01,6.863591104714781288e-01,6.601310454045630216e-01,4.889061773509593700e-01,9.420922045293449454e-01,6.853250307619876969e-01,5.957723529307050736e-01,8.851177492979409589e-01,4.467209883202982179e-01,5.351711613686106483e-01,7.514068556128202792e-01,7.355697358184276613e-01,6.057187146176508108e-01,6.509839076482211162e-01,7.882262080550997974e-01,7.453928680355595970e-01,3.440585334647681126e-01,6.641806759412743899e-01,5.385600298792173612e-01,2.951630319485656906e-01,4.036937141456066747e-01,3.157033920205760125e-01,5.365633035647890958e-01,4.850247765775858033e-01,1.906378641215915673e-02,8.482437098499773231e-01,7.402312765487836232e-01,1.646653815701255574e-01,5.642680566352352711e-01,7.383661061412503113e-01,4.761497516368499161e-01,4.462333107043623959e-01,6.115244862048396790e-02,8.278311235576747418e-01,2.937013502290833356e-01,6.535563289767065687e-01,7.073386720469179156e-01,8.842093189539937947e-01,5.583214210340817774e-01,4.827409333225926580e-01,5.862602467163443576e-01,3.933335800974123164e-01,6.612141664874570113e-01,7.374531506394506053e-01,5.134619880247907053e-01,9.527918208151665569e-01,7.422423549037135970e-01,4.994289565496666805e-01,2.579601308826195982e-01,1.612009116633554284e-01,-9.966710168299483530e-02,6.184732846147229512e-01,4.465366695309944123e-01,6.862146596920297714e-01,7.208532900212296646e-01,9.074708180383642686e-01,6.453901812551490202e-01,5.926949997189102648e-01,9.776588621899739984e-01,4.385507985129859509e-01,5.417795096956681267e-01,6.948926780350181964e-01,5.340907916656816301e-01,4.896910381304196425e-01,4.234141823568024487e-01,4.510513269493586774e-01,5.346987051756871834e-01,6.015371426732872839e-01,5.778502772442296598e-01,6.743646640570297723e-01,3.833571086923803772e-01,1.781760652475036233e-01,7.287767738057980837e-01,7.851349087039232177e-01,3.321932573304300362e-01,5.611460060822258678e-01
5.753051515322923359e-01,4.672253858348632272e-02,0.000000000000000000e+00,6.807349483911689925e-01,7.300228027746468173e-01,8.795796511255328243e-01,9.272359856629489583e-01,6.545045549936013840e-01,4.695297666417865834e-01,9.603017395689895652e-01,1.646806844205547515e-01,6.036557132348371324e-01,4.421857023978980061e-01,7.668778147154605707e-01,7.310997687185321059e-01,7.773796405683472965e-01,6.398487222158106835e-01,8.716570260005935822e-01,7.245729652830488199e-01,4.998310611829422934e-01,9.487954418696039616e-01,6.850032501619728320e-01,9.990682767220584459e-01,7.340268740781812351e-01,8.870361287609378476e-01,3.016884442700983882e-01,8.638915496973321728e-01,5.404398481549929079e-01,4.435157842838274300e-01,3.823996363319179942e-02,-1.367563278072300714e-01,8.448446852556319442e-01,1.356063477270741391e-02,9.661144419117494442e-01,8.110361840137141343e-01,2.683763206750585106e-01,4.159276107873468575e-01,5.638211477782818504e-01,7.146025418955351816e-01,7.243935074222567216e-01,2.669584696084222886e-01,6.963711692237701811e-01,6.652454527605260459e-01,6.126964086915988039e-01,6.397548277955882323e-01,8.373125277941744216e-01,8.964923003471084728e-01,6.497990872429987297e-01,9.777407859065407880e-01,9.709492927157969966e-01,7.885369865551952184e-01,8.804384861954754893e-01,9.999522446689421695e-01,8.979987269288506324e-01,6.922154027633242723e-01,4.948777044509654610e-01,7.118249358929243931e-01,7.286670028233422913e-01,6.195014907260675274e-01,4.044606118424095564e-01,3.235547528673107243e-01,7.903862588223512509e-01,6.476485028274334699e-01,9.445900314804633879e-01,6.427715709154877555e-01,8.632819025932984003e-01,2.811627981733322845e-01,4.961154437742144596e-01,7.262230289171018871e-01,8.040468349944903670e-01,6.885898660679247163e-01,9.547885511349654131e-01,-1.790955453148492249e-01,5.266591994856789638e-01,8.874251083546353946e-01,8.032749313274799574e-01,4.085529647286328392e-01,5.446298398735365254e-01,9.197461754079547802e-01,1.358810464511018834e-01,2.966276364391353670e-01,9.974570967782776520e-01,7.629202941997380583e-01,7.723513155335919311e-01,3.512476392321877139e-01
6.192979828676535847e-01,6.165790937042635589e-01,6.807349483911689925e-01,0.000000000000000000e+00,4.418254246329752499e-01,2.343375133849161587e-02,4.986233697457404523e-01,4.789637334735594720e-01,7.020582288658939740e-01,8.874632759751537314e-01,5.219963140046923744e-02,7.687274643025666654e-01,8.665013036017112924e-01,7.937505684002352790e-01,4.741558934503610767e-01,7.504188236298585668e-01,6.524636395382567011e-01,7.859728910428162019e-01,7.720121890730644587e-01,8.170802946956192692e-01,2.529775929957337466e-01,2.688369462072528471e-01,6.172899355132109855e-01,9.421270479131627074e-01,6.939264558403842598e-01,7.736715309536466023e-01,6.991875125825005588e-01,6.619498591192120029e-01,4.137558131920114346e-01,3.837754982777304980e-01,1.696730710860942792e-01,7.772820645742617440e-01,8.900181920459402374e-01,2.341382440993442504e-01,8.006727119587421226e-01,5.934798486296549713e-01,2.446057919524850799e-01,7.647188289527160343e-01,2.170865393815051558e-01,3.206618441251178342e-01,5.203874421516947457e-01,6.225138235592627689e-01,1.350509459324303607e-01,2.873332795676822871e-01,5.807786298246114809e-01,8.762341682779799523e-01,7.257002624768777999e-01,7.955366342674620173e-01,4.196615305939475071e-01,9.977659543397849884e-01,6.661109006376111363e-01,9.080307760145881479e-01,6.891432453918249212e-01,5.716837524810957083e-01,2.956741605698418596e-01,7.053602062245333260e-01,7.403238774272499212e-01,4.125942072140344474e-01,6.370696033422806881e-01,5.232705343287096661e-02,3.514772937553224397e-01,7.638543844840577357e-01,7.996894732538941675e-01,6.157231144456555283e-01,7.198493687576207334e-01,6.944426821871263478e-01,8.138618266836294968e-01,9.871209616118414854e-01,4.843200825359635919e-01,9.659173772768655519e-01,8.257288668894401384e-01,6.280869102948987148e-01,2.529912276958786732e-01,5.295603915566988729e-01,5.810510328849219919e-01,8.680779453433783432e-01,2.910224874107301130e-01,8.728814279770107376e-01,1.409828228966247543e-01,7.487688455961470924e-01,5.518482635987559393e-01,6.625358936779610630e-01,7.104897796588701686e-01,7.521251340407245078e-02,7.575367509772670260e-01
9.866150721192212814e-01,5.320746927620885192e-01,7.300228027746468173e-01,4.418254246329752499e-01,0.000000000000000000e+00,5.118936404666932782e-01,5.247801199739482447e-01,7.795060837390295205e-01,2.991973369816418593e-01,1.770329028431376628e-01,8.935771647683440344e-01,6.480758349217229375e-01,7.623957854253229360e-01,9.345674186622855428e-01,8.765813792354462120e-01,7.581666577769156090e-01,8.405010736426311579e-01,9.843460728139852289e-01,7.643679581877453888e-01,9.768003824536014568e-01,2.467833027576054605e-01,4.984929822381193310e-01,9.150794218010036563e-01,8.588547820340921568e-01,7.796576315702018478e-01,8.104909861684069794e-01,7.242096542031351003e-01,6.325111681330060076e-01,7.999080924171040330e-01,2.695116322454310653e-01,7.342860159542108356e-02,1.729769289269517119e-01,5.569965863137671391e-01,4.669182773594648950e-01,2.644549239890525705e-01,3.387714778763132317e-01,1.894760819973864141e-01,6.404715793213197061e-01,9.863869011326946712e-01,4.157620695754147833e-01,3.880906318561202495e-01,6.597420686978267002e-01,4.974423498389148879e-01,2.294294302129121776e-01,4.652371327619606589e-01,4.201184025590476434e-01,4.650362981906637216e-01,7.443085101865203335e-01,5.173418857375826629e-01,4.560571566292139223e-01,7.575362240084526633e-01,5.050681928427523948e-01,7.107409697255820946e-01,6.080920356082374356e-01,7.564211308848889370e-01,4.362821955941226237e-01,7.746261321567744496e-01,8.182112942056696259e-01,4.032932054614672968e-01,7.762112670562636429e-01,1.992473277500328432e-01,3.680784201442128811e-01,3.903298044870896488e-01,3.979702214427471851e-01,9.165974161365707529e-01,4.572670051804758051e-01,6.060210254843935163e-01,4.416307992655888470e-01,7.654802924678436593e-01,8.024746435641131326e-01,6.684721934606105975e-01,1.250726131880526282e-01,2.351191050470741728e-01,2.725785868192321937e-01,5.752663326808207800e-02,4.945919258316289202e-01,3.149107927965061338e-01,9.405783006978886140e-01,5.411154897119823115e-01,5.637208237643697162e-01,4.839093412084485291e-01,6.555754955511232662e-01,9.899551555110862600e-01,1.082352878079663877e-01,9.814475591717992664e-01
6.790359573994033671e-01,4.546549587727741204e-01,8.795796511255328243e-01,2.343375133849161587e-02,5.118936404666932782e-01,0.000000000000000000e+00,4.931539216760477129e-01,4.858426054430082797e-01,7.153091390979935404e-01,7.882815893478475333e-01,4.979907678700240536e-01,9.640511662372189261e-02,8.132310771624992052e-01,-6.257466206356979144e-02,6.989606574801663363e-01,2.602983488172399065e-02,6.625316223231846324e-01,3.330741470079717770e-01,7.214566701472271415e-01,6.794072481024561183e-01,4.125934499725153470e-01,3.129881416143764916e-01,8.072499147431038136e-01,6.693598771547427662e-01,4.480850046680713850e-01,7.734325932268684145e-01,9.633625591534580312e-01,1.810229249199977186e-01,6.418966065010127675e-01,5.930285276822742091e-01,3.025606704785210876e-01,7.279229585046745887e-01,9.404239692201719070e-01,7.146064183823498395e-01,8.075307423816793229e-01,2.519867260042330526e-01,5.945915433132147321e-01,3.057934201204179914e-01,5.181883903291476523e-01,5.634859775671577919e-01,4.394730901943532109e-01,7.186346822106652876e-01,5.069814137085338901e-01,4.385964205275085792e-01,4.464558535122887251e-01,8.930358857621850666e-01,2.541482414963790459e-01,4.281470833664970388e-01,3.902137823498639246e-01,5.731758501722223897e-01,4.995072942277302142e-01,7.698428742038616601e-01,7.709784798274382789e-01,4.034053465568849806e-01,7.915994218848068087e-01,9.982866692840852707e-01,9.867969873539017556e-01,4.243202356650493390e-01,8.836904516535204479e-01,3.082457615597721245e-01,3.453809454835928827e-01,7.187260502854440070e-01,5.749877645397157844e-01,8.621593496472166329e-01,5.833946102914943088e-01,4.579890544616110892e-01,6.993202178618781462e-01,8.215872369178711665e-01,7.318169252772670497e-01,6.843347547100974149e-01,4.082734076275496005e-01,5.293601102633043592e-02,4.015277435057948985e-01,5.822349237777736386e-01,5.292305135225461310e-01,6.798697032357936543e-01,7.874903427653255905e-01,7.588362117184629385e-01,4.157938788060983049e-01,4.573926902991802268e-01,7.636950636088152278e-01,7.743184734724949392e-01,6.728522951369135807e-01,-9.131774795808073053e-02,7.377000907298921772e-01
3.686174844114713522e-01,7.900463008695761680e-01,9.272359856629489583e-01,4.986233697457404523e-01,5.247801199739482447e-01,4.931539216760477129e-01,0.000000000000000000e+00,3.335114668651723568e-01,3.562950555106071948e-01,6.778599971182891482e-01,4.670597502269867030e-01,4.340351704047439307e-01,5.745830717815814115e-01,6.977485623688722827e-01,-1.591507041374057296e-02,7.966527098863793732e-01,4.976382696878912659e-01,3.827009309300832274e-01,3.476796720286492309e-02,6.547274381592664838e-01,5.219194263186086591e-01,3.466112754176980948e-01,3.490832706588706813e-01,9.834306873027659490e-01,5.157708635604502101e-01,5.262888635752137612e-01,7.600203697453302709e-01,1.383432625838046104e-01,5.233978611511721502e-01,7.148960675171341927e-01,5.903566259500029334e-01,1.021305623623684627e-01,7.698823117873173638e-01,3.467373965686902926e-01,-1.529138712898559238e-01,5.590917325338784494e-01,6.309541030845236542e-02,7.724052422162742682e-01,8.479596579545042312e-01,4.464418307772613503e-01,1.560438777224010531e-01,3.562804206321605327e-01,7.912897711812232338e-01,4.924629073115706079e-01,6.841572461375902137e-01,7.266985890331103537e-01,6.515338708549280877e-01,5.779352732906702095e-02,4.159659223405252210e-02,5.388975410025234059e-01,6.832026009485873130e-01,3.744370408873045619e-01,3.469111981747844409e-01,4.008872353652992993e-01,9.959572117323992613e-01,4.254063042059727517e-01,6.862452370678251423e-01,6.284584727488671252e-01,4.164190721565362296e-01,2.326009789619385149e-01,3.209794680984483922e-02,6.221159230067292434e-01,1.214347924312044781e-02,8.669194318673515420e-01,8.336655627910565247e-01,7.471267932180645222e-01,2.790082102616895376e-01,9.615827512152018697e-01,6.423893370439723860e-01,5.784232182553550317e-01,4.182302541034357835e-01,5.179178853653858550e-01,4.138191918101588040e-01,4.948932325767012586e-01,6.713861734050614594e-01,5.200726672218228819e-01,5.350700589733592416e-01,5.848960519303152417e-01,2.683081824734835363e-01,6.171507967178749832e-01,4.365280759556411372e-01,8.209801932911900968e-01,2.957948316630890084e-01,1.817452404941128849e-02,7.462447226954187496e-01
5.539281180083872602e-01,6.414897866478113109e-01,6.545045549936013840e-01,4.789637334735594720e-01,7.795060837390295205e-01,4.858426054430082797e-01,3.335114668651723568e-01,0.000000000000000000e+00,5.957694250645966250e-01,7.164509269143248815e-03,2.071433184387665438e-01,4.942287189815067205e-01,3.960493900944502821e-01,6.202695408618594947e-02,3.814577608659243113e-01,4.248607993080778522e-01,8.354665427707120839e-01,9.836780735752568283e-01,6.322651209068715916e-01,5.557319372790366918e-01,8.411494827846632827e-01,7.210748977521626024e-01,-1.117520133504157354e-02,6.523699741564874532e-01,5.841598033804198398e-01,5.202460340641964498e-01,2.083371829808549625e-01,8.188609784893233767e-01,2.805102419983414030e-01,4.951414189643247310e-01,3.638687182425111577e-01,5.670543729103688646e-01,6.351229357620777893e-01,3.059542278665600690e-01,5.479895398050089739e-01,2.798324462048640271e-01,1.149445671206944103e-01,7.652159462554574132e-01,3.990192688300384649e-01,6.051316113512961170e-01,7.911470852479269844e-01,6.437622955386039791e-01,6.085334117513923058e-01,7.806174459422721146e-01,8.661188113387071619e-01,5.862072592756752965e-01,4.350439701509627444e-01,5.205111658843883937e-01,4.328611821853315944e-01,5.815159994603147364e-01,7.797893589255331381e-01,5.429700919320890051e-02,7.115637668066187027e-01,6.849165097611279451e-01,8.474136421030031840e-01,7.490463097208831522e-01,6.006892138984293306e-01,6.417908958376148387e-01,5.737030096242224930e-01,5.021359801158392644e-01,4.356913368761987093e-01,7.313839388606429015e-01,8.919507380583718836e-01,3.075288345781868604e-01,6.796978111615382678e-01,2.133484847157258169e-01,6.735140817695211002e-01,6.526000534855415092e-01,4.014132733854843260e-01,3.215803048892402205e-01,9.279458515084754167e-01,2.263460610583297727e-01,5.281099478245314671e-01,2.291607239671755725e-01,2.655725702534765809e-01,4.961836809361568346e-01,6.233730525896769015e-01,3.630868600415890213e-01,6.014383397553072497e-01,7.614007633317521062e-02,7.743509569710131935e-01,8.370050690100473423e-01,4.579223893028672721e-01,2.538938345764404914e-01,2.777684420145525857e-01
4.201576841934529516e-01,6.238283059799154540e-01,4.695297666417865834e-01,7.020582288658939740e-01,2.991973369816418593e-01,7.153091390979935404e-01,3.562950555106071948e-01,5.957694250645966250e-01,0.000000000000000000e+00,4.977576323838829864e-01,5.099544533171636029e-01,5.486030264630519238e-01,6.346290398612433048e-01,6.794305859663585245e-01,7.472755107380635309e-01,4.668841377390445246e-01,9.067549492926183508e-01,2.821846629029097220e-01,5.500112442679313540e-01,7.656911657406249017e-01,7.954397975780869157e-01,3.336916149083772876e-01,5.870654677394817611e-01,7.651063282165235790e-01,2.394629303140481391e-01,2.494700187497869703e-01,7.565419403028029732e-01,5.071122425255384369e-01,5.483019978905496750e-01,5.015599358871770663e-01,3.235442216622106959e-01,6.628004313047206608e-01,7.206100211267612021e-01,9.861802248639923718e-01,3.359246356522428423e-01,4.165150224462759176e-01,6.076727855360152253e-01,5.661247193513038178e-01,9.820752191689118282e-01,9.890030283804083222e-01,6.370831448691519627e-01,6.590105863222571747e-01,7.287370065247446016e-01,3.969520510493560611e-02,9.753521897148691444e-01,7.300818065869912887e-01,5.604042470226866524e-01,7.841871815678388424e-01,7.172223981108248880e-01,7.058909981157259761e-01,4.812764844471653092e-01,5.913842677435170447e-01,6.845887312099752098e-01,7.404813716228062503e-01,2.549645971585943194e-01,8.435228401872947313e-01,7.709505809361749673e-01,7.191731735869213438e-01,4.297243600761008198e-01,4.398486056704905556e-01,3.215737777057018354e-01,6.203200716929411218e-01,6.064016195801150144e-02,5.960920766456989650e-01,3.761831230238035229e-01,4.759352949361398966e-01,6.153139567353612671e-01,2.692457185758533877e-01,4.870534633194265051e-01,2.900968031125522595e-01,9.220630518739999504e-01,7.944582891996422314e-01,3.284337262767334509e-01,3.217518763667824855e-01,6.063736002008203174e-01,5.693804211371039647e-01,7.289842520106737389e-01,6.132681639591909262e-01,5.935360242702890643e-01,7.919403301119989358e-01,4.633503236319148622e-01,8.262285444370606191e-01,7.862307390783432881e-01,-1.944906183064712413e-01,2.827625345192473771e-01
4.458867168777687073e-01,7.978063113720661459e-01,9.603017395689895652e-01,8.874632759751537314e-01,1.770329028431376628e-01,7.882815893478475333e-01,6.778599971182891482e-01,7.164509269143248815e-03,4.977576323838829864e-01,0.000000000000000000e+00,6.032142464889584943e-01,5.722360250201046217e-01,4.896355367707527773e-01,5.352571829836484385e-01,-3.819191491454809739e-02,4.164305046637474805e-01,9.892772323557226244e-01,7.769958953571369786e-01,8.286327503392068028e-01,7.411135881112476120e-01,7.522913968745096325e-01,4.104273745468202117e-01,4.536604771450751250e-01,8.176484509779941012e-01,5.778422253020842891e-01,1.824061519519790675e-01,5.878908923669697861e-01,8.631856282080226928e-01,5.074911181008663341e-01,5.106500347806487428e-01,2.236900128741980409e-01,6.521778810050699038e-01,6.825805018056227969e-01,4.946282116043779209e-01,5.859349826615681822e-01,4.888098751969172095e-01,1.449506131566087874e-01,5.167567220344501111e-01,7.481213632505639977e-01,6.666040847995469143e-01,-7.733520979903546477e-02,5.291046816902211791e-01,3.872888538725647312e-01,1.327019093868640753e-01,6.218968137129450291e-01,6.264090880177388687e-01,9.882160891201714481e-01,4.182383410601511198e-01,3.104935197824710835e-01,2.040647325992767935e-01,5.883866559998069956e-01,5.961483339780415669e-01,4.122829683531821776e-01,5.285789355592538374e-01,6.402215671895131743e-01,7.199962490259630421e-01,5.784292470243032058e-01,7.372828403824402965e-01,9.841264017959608923e-01,9.749700062973022385e-01,4.759465480960330397e-01,3.388062430515708101e-01,4.290008409729861305e-01,8.898843274695212857e-01,9.692106226057468632e-01,5.532594250026925398e-01,-1.130591053456995593e-01,9.407320223055605224e-01,5.621448139162394941e-01,8.241235527778328906e-01,9.337588130191105673e-01,2.661303432389546253e-01,1.638714172258348423e-01,4.872060036251247839e-01,4.740423003691160431e-01,7.857252960201321912e-01,7.112103518059291751e-01,7.475879158101756961e-01,4.241996345893035980e-01,2.540027978023905453e-01,5.800703921636275462e-01,6.514317801079725356e-01,2.621334028764655266e-01,5.574248231882505955e-01,9.898609745713391472e-01
2.370243251001587503e-01,6.863591104714781288e-01,1.646806844205547515e-01,5.219963140046923744e-02,8.935771647683440344e-01,4.979907678700240536e-01,4.670597502269867030e-01,2.071433184387665438e-01,5.099544533171636029e-01,6.032142464889584943e-01,0.000000000000000000e+00,4.818984364461394998e-01,6.504546748745220208e-01,5.005697814489683539e-01,4.977043131810116039e-01,6.397674834737369087e-01,6.532667569125155671e-01,6.942976293214156991e-01,6.949655331624161603e-01,2.038527525467707380e-01,7.002657630752379125e-01,4.150652128632538185e-01,6.722106541662429269e-01,8.384922512206549605e-01,4.765884809639051034e-01,4.173141314880066122e-01,1.975800631747326175e-01,4.566347617506730239e-01,5.524265332250360983e-01,4.622283909876926944e-01,4.704131241437219946e-01,2.088841542887586722e-01,9.405572950010304689e-01,7.912890602781683658e-01,5.296998105916599364e-01,3.086344722939925456e-01,4.279308748024081566e-01,5.099060067206231950e-02,9.637508926361253447e-01,6.326467949122399625e-01,5.296376513028897698e-02,5.856369294532256520e-01,6.133953542377528212e-01,8.235654102603233717e-01,5.451101677928319456e-01,6.698547836228423424e-01,7.162731299417524067e-01,5.786576653912375301e-01,5.935162258096527976e-01,4.261453740931910317e-01,5.809371862922628749e-01,5.834327840614920158e-01,8.806112785752345795e-01,4.621944017199595689e-01,5.917332877195961016e-01,5.640633505804093506e-01,5.158864508728102649e-01,5.717920970550410820e-01,8.705110651233427532e-01,4.210046214686324895e-01,7.218443136266334825e-01,5.902110763138737060e-01,4.823456151176180873e-01,7.740268954010438573e-01,8.140336224195028336e-01,3.947388017456965881e-01,6.338140339705734538e-01,9.937153842768331469e-01,8.758432905600092022e-01,6.277845360249852957e-01,7.183672642685933196e-01,6.303083549568363475e-01,1.175165329887955037e-02,4.365233373796508776e-01,6.673664090257823422e-02,8.173109172966842584e-01,3.615824393056691344e-01,3.745592739523567749e-01,1.894282718533916443e-01,2.993528077518067265e-01,6.795769010702379376e-01,6.433929950659503794e-01,3.235529684729010480e-01,5.759712175047311256e-01,6.052198518647552428e-01
6.789213593175212891e-01,6.601310454045630216e-01,6.036557132348371324e-01,7.687274643025666654e-01,6.480758349217229375e-01,9.640511662372189261e-02,4.340351704047439307e-01,4.942287189815067205e-01,5.486030264630519238e-01,5.722360250201046217e-01,4.818984364461394998e-01,0.000000000000000000e+00,4.474931127682402754e-01,8.848946494516103378e-01,7.047290965006367536e-01,2.541850728839579743e-01,6.186086165637493250e-01,6.762809007000700756e-01,7.235636463916810257e-01,6.965392544791569884e-01,7.502140958482816924e-01,3.848354863513284152e-01,7.881829633612839059e-01,5.828108019252098426e-01,6.994317305656805317e-01,6.739769447522648838e-01,7.619329980866096363e-01,5.339373431549485627e-01,2.995182093295739034e-01,4.047891486302546138e-01,5.949996301400675147e-01,4.398437408159036610e-01,8.174735860968095347e-01,4.343784113012648662e-01,-5.010303256370890468e-03,7.889267271774036416e-01,4.677417356766785383e-01,7.860054905745991194e-01,2.593704942640724376e-01,5.878902734715969469e-01,6.205377076868983099e-01,7.431627979845448762e-01,9.333953791927492860e-01,6.816298033287002678e-01,6.160980578861308121e-01,2.752615000598666040e-01,6.227058072961377810e-01,6.382240095791545942e-01,4.072081068833238171e-01,4.795691775992098060e-01,3.057704109397685333e-01,5.305996808781400231e-01,4.250400019052569256e-01,6.287628262644630039e-01,6.969496882874969268e-01,2.906882234817717015e-01,7.635205328923161394e-01,7.512363803207116053e-01,6.910045419437879088e-01,2.374311950278667760e-01,5.209688577691916622e-01,5.422250822135040726e-01,8.445327270937749153e-01,6.068631967866651156e-01,4.583444442541704800e-01,1.585661949934016879e-01,7.111742655908930288e-01,8.954354400089056254e-01,4.923092517344745261e-02,5.915206107387398493e-01,4.410104015498092500e-01,5.837666100994178819e-01,2.653333592782136652e-01,2.712619107299880927e-02,6.788164579125772757e-01,6.439010088140226795e-01,9.123621352115762750e-01,6.946084207027705126e-01,3.499522865692098472e-01,3.948779369258339500e-01,-1.646771132969807594e-01,6.149543349140947912e-01,2.914711158321005580e-01,3.333369120534079855e-01,7.610283017843620934e-01
9.617233621820195921e-01,4.889061773509593700e-01,4.421857023978980061e-01,8.665013036017112924e-01,7.623957854253229360e-01,8.132310771624992052e-01,5.745830717815814115e-01,3.960493900944502821e-01,6.346290398612433048e-01,4.896355367707527773e-01,6.504546748745220208e-01,4.474931127682402754e-01,0.000000000000000000e+00,6.033892372627065459e-01,6.466658931546348521e-01,4.358101231144064780e-01,4.255366057352641951e-01,3.078060982596331208e-01,9.351156594894999285e-01,6.119580082225973827e-01,4.995392135951930435e-01,6.204250263765054285e-01,7.926769559626039019e-01,6.438303941835565869e-01,4.678495715417744227e-01,6.857054962156809985e-01,9.296302654685807410e-01,7.820701278746297058e-01,2.912666135139143631e-01,3.079975673109137113e-01,4.252824747565728813e-01,2.782623641479360366e-01,7.837270008965364632e-01,6.324324074192747558e-01,7.435614589377788075e-01,4.188789552152494267e-01,3.519857646283663932e-01,6.283177312519753199e-01,4.611012645881144567e-01,3.623036390360743209e-01,7.837581710123338319e-02,7.398473461378167748e-01,9.178266058295305729e-01,5.548667249899644771e-01,9.900411539795922478e-01,4.877399367899010185e-01,2.221462666300543509e-01,5.364783479493668850e-01,7.137595157611380525e-01,6.462056515601219964e-01,9.396058929623118949e-01,5.035658057438281432e-01,1.356639823846031989e-01,7.126052085752235810e-01,9.401699856175060876e-01,8.579466514135415389e-01,8.833113683597306753e-01,6.804155680389234462e-01,4.453736744796698566e-01,2.487981555191346450e-01,3.228277408423316786e-01,9.811378372409125248e-01,9.261973757157204723e-01,6.266736954326894704e-01,8.224642763705489745e-01,3.891741582937958688e-01,7.470366651347564169e-01,4.785266821843272567e-01,5.754272091464585070e-01,5.094661832746213426e-01,6.048160030002437404e-01,6.852190081977913572e-01,3.263245944409448596e-01,1.464057131727934946e-01,6.157714343733364792e-01,2.071403459758883459e-01,9.858746566505845188e-02,9.834184859614978347e-01,5.294384652061291385e-01,4.996817657815736946e-01,1.880372737628571156e-01,5.306343694453181659e-01,6.220369322686677416e-01,5.011181629642087465e-01,6.218744812389334076e-01
2.895391110279223468e-01,9.420922045293449454e-01,7.668778147154605707e-01,7.937505684002352790e-01,9.345674186622855428e-01,-6.257466206356979144e-02,6.977485623688722827e-01,6.202695408618594947e-02,6.794305859663585245e-01,5.352571829836484385e-01,5.005697814489683539e-01,8.848946494516103378e-01,6.033892372627065459e-01,0.000000000000000000e+00,6.501703792311652741e-01,6.331645494566913168e-01,6.135137309635311231e-01,7.050293913966344528e-01,7.493415572857743401e-01,9.736900960214468492e-01,8.944089392689509310e-01,2.017100831549387963e-01,-1.877233049270173593e-01,7.494184396083779509e-01,7.569376806847831762e-01,5.934787614366943131e-01,5.529136543506180113e-01,9.427923126260737696e-01,5.772828952128332691e-01,7.018623192727748705e-01,2.724134628981563222e-01,5.549760557178748943e-01,4.956293253371140684e-01,7.350333941061052423e-01,8.602970761424972856e-01,6.041647901720170744e-01,3.778836733699075801e-01,7.924149190246380092e-01,2.191652479755369920e-01,5.816933209065755506e-01,2.883878607025430196e-01,7.742324127101145592e-01,6.988402321216848900e-01,7.050432232808394595e-01,6.245529342491354940e-01,6.183149901783608904e-01,9.773944286351670119e-01,4.510496722460838881e-01,4.668168212952466534e-01,4.850292627094302533e-01,8.567872319384661761e-01,7.781458227725511767e-01,9.138309384286704695e-01,7.698029217673035829e-01,2.996464759698096447e-01,2.153607246461418379e-01,6.568158613328949347e-01,9.578018053304133694e-01,4.171542390909938613e-01,7.807854358723399502e-01,5.530125140606172440e-01,5.960499344024963175e-01,9.352299292153554156e-01,6.416070199154894071e-01,9.161808631224428456e-01,6.320264412373068907e-01,4.916390403811773946e-01,7.789218152995347477e-01,7.593023224174708652e-01,4.005805819743043505e-01,7.813138927980443071e-01,4.844190216517976766e-01,7.398558602373261905e-01,5.191754469401725913e-01,-1.323591081522821067e-01,8.261419806200690497e-01,6.367202861701828365e-01,9.710176058659176768e-01,4.980107088078042921e-01,2.488889830862955066e-01,4.911668928387861732e-01,4.220294975214642919e-01,6.345894623962857750e-01,4.476457035355946856e-01,4.397860726999491821e-01
8.753034509097534777e-01,6.853250307619876969e-01,7.310997687185321059e-01,4.741558934503610767e-01,8.765813792354462120e-01,6.989606574801663363e-01,-1.591507041374057296e-02,3.814577608659243113e-01,7.472755107380635309e-01,-3.819191491454809739e-02,4.977043131810116039e-01,7.047290965006367536e-01,6.466658931546348521e-01,6.501703792311652741e-01,0.000000000000000000e+00,6.118171363300893839e-01,6.778809623649073579e-01,6.723801916062341899e-01,5.934856064837294998e-01,7.797640562537416775e-01,7.620089923958064393e-01,1.674378167850914048e-02,6.699587460014453377e-01,6.167366950619017629e-01,6.185282866919803446e-01,6.878702332455240986e-01,4.301938770794740963e-01,7.087127402871161719e-01,4.638139029499577237e-01,2.922666241199196602e-01,1.286111702701675649e-03,5.677216476114956833e-01,7.022638956471843885e-01,2.638120825575291373e-01,6.756951843922447409e-01,6.283714485501364910e-01,2.657566113179712364e-01,5.529466649420460289e-01,3.485490220114521032e-01,3.848697927107921357e-01,6.405807977057732527e-01,6.693937644442553569e-01,8.720097559950173993e-01,7.932303392934372255e-01,9.541746506998103339e-01,6.898032737153747540e-01,7.504557912589689961e-01,8.266268269675712821e-01,6.196631833532777467e-01,4.807859705209110435e-01,6.365443578779561573e-01,5.088727716389723765e-01,6.441325516855862521e-01,7.735024222659788729e-01,6.518805621374028636e-01,7.644947457561431792e-01,8.575819847442345267e-01,4.693062739562724461e-01,6.444378587157402194e-01,1.466438509607219665e-01,4.423505468665713258e-01,5.032712041903765199e-01,6.975805049885150932e-01,6.512342832448514418e-01,8.878527695550400001e-01,4.461465158992018454e-01,4.139242933674229796e-01,6.552558132875170305e-01,3.580628079045725665e-01,7.873871888136326769e-01,4.648932554339979539e-01,3.359632848105898462e-01,6.318188486411329130e-01,1.472686270987715040e-01,4.948121014597595124e-01,5.501716959380986705e-01,4.155756264956886881e-01,6.889608756341331075e-01,2.390529706318893777e-01,3.140335059857910505e-01,-1.267269898628711200e-01,8.855140381409194461e-01,3.385388358562221311e-01,4.257661358003241858e-01,6.054240331086365723e-01
9.786883618243978900e-01,5.957723529307050736e-01,7.773796405683472965e-01,7.504188236298585668e-01,7.581666577769156090e-01,2.602983488172399065e-02,7.966527098863793732e-01,4.248607993080778522e-01,4.668841377390445246e-01,4.164305046637474805e-01,6.397674834737369087e-01,2.541850728839579743e-01,4.358101231144064780e-01,6.331645494566913168e-01,6.118171363300893839e-01,0.000000000000000000e+00,7.248171725465704096e-01,6.838903150638839801e-01,1.522664238058065167e-01,6.324047163639712199e-01,5.643703493683179806e-01,-5.800023178715121852e-02,8.778424471765501336e-01,8.831982292690611080e-01,3.063240257544853629e-01,4.471331162603841558e-01,9.022468512923906836e-01,8.948534146448381410e-01,4.506263785882334005e-01,3.648135633048967263e-01,4.516198898568197229e-01,4.524402347882768294e-01,3.689593996662658970e-01,3.086350035302580230e-01,4.630908226321981958e-01,3.119285740332125023e-01,9.750565984507969519e-02,6.507640196896242735e-01,7.589762095459522406e-01,6.424729580853599797e-01,2.816990250045027233e-01,7.916112056518007645e-01,7.895859659156652111e-01,6.660187333641394147e-01,4.545768790253930658e-01,3.122018788043841031e-01,7.393332404969572558e-01,6.000244128187137704e-01,5.112352318557263908e-01,3.901628176329342557e-01,7.070341771030823619e-01,6.015818277109105106e-01,5.067739981480571254e-01,-1.674431780191511510e-01,9.300870748342263683e-01,5.044044723537568498e-01,4.957549945443136541e-01,8.172969222166476255e-01,6.504604045619066799e-01,1.922665037823721168e-01,-8.670797420444999182e-02,9.814547297344543564e-01,7.130125092123071884e-01,8.547827308876534413e-01,2.691597989516836265e-01,3.235988955093612174e-01,9.130483990092050917e-01,8.606892531996367390e-01,6.350047948260510999e-01,6.737854992848668623e-01,2.830338928208010474e-01,7.972348100036769081e-01,5.064386969615960465e-01,6.162003015216775959e-01,7.105473180382579912e-01,6.409241703153810699e-01,7.462704972833804629e-01,2.135602807463743702e-01,3.942282153628762220e-01,1.663249529340979915e-01,4.530569163960335710e-01,7.988666940276893946e-01,6.398927736628401419e-01,6.721392439790542239e-01,3.839865161097855140e-01
6.326215487844267793e-01,8.851177492979409589e-01,6.398487222158106835e-01,6.524636395382567011e-01,8.405010736426311579e-01,6.625316223231846324e-01,4.976382696878912659e-01,8.354665427707120839e-01,9.067549492926183508e-01,9.892772323557226244e-01,6.532667569125155671e-01,6.186086165637493250e-01,4.255366057352641951e-01,6.135137309635311231e-01,6.778809623649073579e-01,7.248171725465704096e-01,0.000000000000000000e+00,7.029421166418131639e-01,5.388514905675880762e-01,9.802792230002204121e-01,9.843920565792614319e-01,8.111023415421519944e-01,8.583794679471233868e-01,6.187719603309010941e-01,1.779054225072569662e-01,7.824023029842228638e-01,9.189536078108045958e-01,6.192378163705810623e-01,8.578104313503366087e-04,5.042672892603256019e-01,2.534142786027049898e-01,9.008588351305222286e-01,5.242025179479393726e-01,9.117339108100017686e-01,6.254582301830226010e-01,5.533618034255434193e-01,1.072342653740524510e-01,6.060295356167345604e-01,5.300558830713092417e-01,9.719108093497899059e-01,5.617321594121490458e-01,9.241349080560535834e-01,7.432711577025526983e-01,5.258150709254958421e-01,9.587076094522682945e-01,8.365114752815981936e-01,7.170244266633911678e-01,9.887617484060700068e-01,8.697108957093280246e-01,7.599058753771128494e-01,7.576161308505142689e-01,2.022968632634097319e-01,1.964063439754232532e-01,2.813739504891539234e-01,6.590524572402252090e-01,5.843224931835867553e-01,1.638425985986575670e-02,7.082909838100703848e-01,6.604556018259510886e-01,1.612979496263747259e-01,4.303139968381545222e-01,5.991473774085568360e-01,9.063181352134469515e-01,7.112488197635712384e-01,6.903206716055977354e-01,4.394708545779670295e-01,6.034531077792465448e-01,4.616709133036698276e-01,4.922900813749491733e-01,3.793398436818841146e-01,7.336502891929448378e-01,3.241271395577788872e-01,2.449508936828957706e-01,6.353636946813013830e-01,7.971477638506183627e-01,8.596392480285046656e-01,1.823080095358978747e-01,7.081342091787355963e-01,7.731143291339566126e-01,5.670386767550759100e-01,9.220423693432167056e-01,9.999786419289400374e-01,5.704075188328883161e-01,5.348255736453184639e-01,2.188042325866884907e-01
8.964396534949294892e-01,4.467209883202982179e-01,8.716570260005935822e-01,7.859728910428162019e-01,9.843460728139852289e-01,3.330741470079717770e-01,3.827009309300832274e-01,9.836780735752568283e-01,2.821846629029097220e-01,7.769958953571369786e-01,6.942976293214156991e-01,6.762809007000700756e-01,3.078060982596331208e-01,7.050293913966344528e-01,6.723801916062341899e-01,6.838903150638839801e-01,7.029421166418131639e-01,0.000000000000000000e+00,6.368734511599208892e-01,3.157249996313167273e-01,9.356189405306346574e-01,8.555670858401031031e-01,7.724016945867594464e-01,9.477904334928817232e-01,6.148486962690374869e-01,9.834323162268636676e-01,8.695417758825261245e-01,2.098886075303879328e-01,5.498364449266014420e-01,4.459796165764430831e-01,7.811263413402079470e-02,6.037193643687531752e-01,7.883844496430532089e-01,8.896173242932389202e-01,4.223950965787297562e-01,4.467610056100606575e-01,4.016850268189897100e-01,5.977023492553722450e-01,5.684278834846500095e-01,6.880942826552961522e-01,7.218903105775105189e-01,6.181564998130816280e-01,9.102634060521339610e-01,7.394898707505902502e-01,6.006167582736484656e-01,6.031054453617863409e-01,8.256666129133332088e-01,5.315503944372834688e-01,6.224905506948790190e-01,4.642384177461942318e-01,4.457684078472660127e-01,4.039111076064507144e-01,7.285032784484579693e-01,7.108378554099545887e-01,4.019689268868435472e-01,3.113288196583450379e-02,5.578748227242421587e-01,2.239819858298676691e-01,6.195536977640129228e-01,4.910528383543971143e-01,2.385156230507272102e-01,6.797002341981059903e-01,4.705964421165307887e-01,5.400051464753065078e-01,9.698851389759433061e-01,2.309671435673407713e-01,2.411905805903248878e-01,9.121781679002046728e-01,5.498784537238496917e-01,5.647789164135841311e-01,7.521186956206584728e-01,5.402312307971715022e-01,4.558444904386491636e-01,1.960310020213805737e-01,7.947780393847823088e-01,4.035676609503545675e-01,4.245251652184091062e-01,4.596945063222956374e-01,1.121728531216475838e-01,2.677671449392077241e-01,4.974330167350947685e-01,6.254708118087880520e-01,8.218191529387730565e-01,2.582626096612058442e-01,1.398135252356450531e-01
