0.000000000000000000e+00,6.632170931628758037e-01,7.685976850406004424e-01,8.503478534751739426e-01,3.600725631936660398e-01,9.080373769860163868e-01,8.234518257948792996e-01,9.057669240935540822e-01,7.936286065042469362e-01,7.582431117098532569e-01,7.376270951351945326e-01,8.422409581486338670e-01,9.907529844345910330e-01,9.081589443914158677e-01,7.688937988755149000e-01,8.541324779057658523e-01,7.451606693715394636e-01,5.967928611739796718e-01,6.306519099565167652e-01,8.119799994145615596e-01,9.839321027642817796e-01,7.504918932302102608e-01,6.576868290374078274e-01,6.386673042968895597e-01,5.560359610685489118e-01,5.032472774506907554e-01,7.675997693686358314e-01,4.369960264069961409e-01,1.360604771728958218e-01,2.787634341804887672e-01,4.055599810865201937e-01,5.179622259875866774e-01,5.848158624829764562e-01,6.872080991459577071e-01,5.334024862641179032e-01,5.286037662067327725e-01,3.311878475595122495e-01,7.179192133287178867e-01,3.674451550519594045e-01,9.603516337728841279e-01,4.675009904344874512e-01,9.570691109907093486e-01,6.454504840873632743e-01,8.648871956430665975e-01,6.084097377737464063e-01,4.118709657077840869e-01,6.569252187131029430e-01,8.154682695137188686e-01,9.415205963945536549e-01,9.739250072301228744e-01,6.811850524546430030e-01,8.062185030956441345e-01,8.540638346946427539e-01,3.914082775590734253e-01,6.778745303739557304e-01,7.523215362140188711e-01,7.957470357703894104e-01,5.187749488584147972e-01,4.011070772701811338e-01,4.860125215342935845e-01,4.569077255610136667e-01,8.745800337027649363e-01,8.861402640028834821e-01,7.087143951607087766e-01,6.658537948562611719e-01,8.624688106892079986e-01,9.481695166215758919e-01,3.199806111635074557e-01,4.427605661627001532e-01,7.985656426201113156e-01,4.825920564015119263e-01,5.612015130367367099e-01,2.721833574232344621e-01,7.011886115848535717e-01,6.696948124165756910e-01,8.576181627525880646e-01,2.146980711971801514e-01,7.324720916410473182e-01,5.199325892976952579e-01,7.499552436790757337e-02,9.261551335744473423e-01,7.518213140903096114e-01,9.306946171101516674e-01,7.645625238728841477e-01,6.564891756346535878e-01
6.632170931628758037e-01,0.000000000000000000e+00,6.222925973533917077e-01,8.225566292136710089e-01,5.302909096741566242e-02,8.282760008795512219e-01,-1.574696954446915820e-01,3.855380383447792880e-01,5.069541751496562387e-01,7.941167600211663791e-01,5.190420303977668626e-01,8.678717230264765270e-01,8.555409903870386801e-01,5.292490341375596374e-01,6.669065270169720616e-01,7.391536746346132336e-01,6.996291470495483722e-01,4.862232630664242716e-01,7.523842441751682486e-01,3.595808738296029095e-01,9.067081829190075659e-01,5.503831200330511209e-01,7.805856779100265319e-01,4.689324691721898364e-01,2.917670894773782830e-01,1.934294154888564765e-01,9.437473973365999580e-01,2.771769203284086824e-01,6.645164890551148451e-01,1.462204626833327886e-02,2.442022876897402550e-01,6.793127322555375658e-01,5.800903193774664679e-01,3.719172862806523483e-01,7.217746181590775079e-01,6.467571074196423186e-01,4.851549891563980976e-01,4.199923255978001979e-01,9.718128134654651085e-01,4.567111921992463297e-01,3.535240406696023019e-01,7.498442395236658564e-01,6.867134142308046751e-01,9.954980266537507561e-01,3.493121137350583272e-01,5.726227396536034409e-01,8.057334374276918787e-01,9.022070681839220452e-01,5.697726202108722715e-01,4.699921319757300875e-01,5.473864629212316091e-01,3.514468984016893560e-01,5.044128342051538150e-01,6.977069999067725403e-01,7.658686377842351956e-01,9.473361376864135597e-01,6.276351034300010623e-01,9.939931554190157836e-01,7.388670829301893228e-01,2.993762952352545526e-01,2.066748096120172851e-01,4.347106630165640251e-01,7.405423871990964857e-01,8.408701539436935768e-01,8.411195586066084751e-01,6.561854741227433063e-01,5.114864081536369955e-01,9.961283968886466278e-01,6.215278729411044534e-01,8.497818008964236336e-01,2.270650343057277754e-01,4.258529399896506806e-01,4.710593501235085245e-01,3.524216451117515581e-01,2.992054649419916834e-01,5.110295665853850644e-02,2.191717260225282682e-01,1.217915000605341719e-01,5.513088987654553019e-01,5.561127729052594004e-01,3.798052638471335340e-01,9.481511507405502304e-01,4.686249586572973080e-01,4.502309292785267592e-01,7.106264000747933851e-01
7.685976850406004424e-01,6.222925973533917077e-01,0.000000000000000000e+00,9.813457148455417833e-01,4.727705006190658921e-01,6.894408829078354506e-01,6.978746536605175965e-01,8.821995160242194212e-01,7.575833047226346872e-01,8.559897394554789596e-01,2.937604324772869480e-01,8.011816288833305544e-01,3.523332381141878744e-01,9.064722484384852841e-01,9.758512307591231671e-01,6.857166244971009128e-01,5.443849682040510229e-01,8.426997787346955926e-01,7.503485320727538710e-01,9.765041616674200453e-01,6.070784633344771253e-01,7.254880534877606868e-01,5.263235026041184206e-01,2.409366720393582018e-01,6.448390937067297601e-01,8.432389234650679022e-01,9.586819040870597775e-01,7.293036740856457811e-01,5.392665366215222411e-01,5.496847151447550317e-01,6.598214952821132018e-01,4.735049473099182671e-01,4.133577751638215503e-01,4.458257040367213375e-01,9.795126026964814381e-01,2.231340812672476526e-01,4.441986601473849050e-02,8.346841818037393779e-01,8.054469424473450490e-01,6.379448319351121999e-02,7.575663360976521155e-01,8.365295763999529566e-01,4.841241840573609623e-01,8.998383481410108242e-01,8.820287730592034636e-01,7.820209417264802898e-01,8.008450728413923914e-01,7.164889629918014258e-01,7.183246373042363464e-01,7.581074912351550843e-01,9.458114484356894280e-01,9.321835853513846804e-01,4.751662663527721486e-01,2.420195516822849779e-01,7.392988930306566564e-01,4.212065382119906110e-01,7.815970161702655572e-01,8.797308698103964986e-01,8.484293807860003866e-01,6.031784476111524684e-01,-8.936142101916819125e-02,9.496860707797130097e-01,4.099983265851624981e-01,5.721589902028778596e-01,5.746213262598098837e-01,4.170388543507080881e-01,7.512856880784511970e-01,7.673804210976822304e-01,8.871711188425532857e-01,2.980770144929762444e-01,6.942802031053667555e-01,7.312109605744439023e-01,5.069543649257850504e-01,5.244715589280632972e-01,7.978993945552953493e-01,1.609904635539953222e-01,6.481147312576062136e-01,8.847512018259231503e-01,4.364570698055519338e-01,3.852154271025598486e-01,8.263703113020840485e-01,6.381774369752509779e-01,9.219155343695570881e-01,7.791759850919077746e-01,8.151263412674850661e-01
8.503478534751739426e-01,8.225566292136710089e-01,9.813457148455417833e-01,0.000000000000000000e+00,6.685514043635570891e-01,6.769318655259172202e-01,3.280833209831210961e-01,2.597556396635377074e-01,9.459702169820467521e-01,4.353427735580106539e-02,2.936281129612131613e-01,8.724982635283436982e-01,3.671970967401337327e-01,5.713781211442920949e-01,6.071288393081508694e-01,3.736767491280933440e-01,6.350618618670716975e-01,4.657781430802589995e-01,7.964208623391640929e-01,2.937706310155387968e-01,6.236392257697366270e-01,7.294611923836717970e-01,9.653678835195086405e-01,9.148661449426755965e-01,5.585116211384147933e-01,6.124820600573249729e-01,6.930171160957423471e-01,9.688490578255344321e-01,5.514059537761878405e-01,7.050020546976221159e-01,1.158114844934880205e-01,6.000481471168500613e-01,7.148444001067048026e-01,9.431890043391537581e-01,6.512586203642447558e-01,6.810272991701709078e-01,5.079671413016332293e-01,2.567462805788029989e-01,6.010916824321408392e-01,6.837628245284731454e-01,5.794969540099360605e-01,5.197585445148518168e-01,6.722599566586270337e-01,7.935545202761621342e-01,9.185632721668175460e-01,7.043790506059227630e-01,8.225036257328900424e-01,6.541976549570088784e-01,6.626403863592865706e-01,6.929721522414467039e-01,6.455886685441839523e-01,4.597909887832493103e-01,6.028057274806140065e-01,8.279047850760994365e-01,7.376286995486099896e-01,4.579998249199967453e-01,6.072807731399935127e-01,7.817003814653437077e-01,4.338784861619830457e-01,4.410088490741331246e-01,4.363257047895732210e-01,2.038678944105083435e-01,8.098097162992415887e-01,9.634091802810947902e-01,3.095844549034285076e-01,7.163695585717052561e-01,5.925542973100088595e-01,6.157172333695455357e-01,4.566611652388288256e-01,5.717930902171670660e-01,7.531843250853950122e-01,9.825582721827212929e-01,7.562442314079463879e-01,2.578677801450770524e-01,4.515820885036989085e-01,7.608982238375752161e-01,7.479914872559589867e-01,5.745974981037110796e-01,3.170164830583103166e-01,3.637144241613017304e-01,7.960255125510384833e-01,7.296514060462395701e-01,6.245179906644936496e-01,9.037739527124975802e-02,7.618786892321343096e-01
3.600725631936660398e-01,5.302909096741566242e-02,4.727705006190658921e-01,6.685514043635570891e-01,0.000000000000000000e+00,9.158500961138086316e-01,7.741130147294138508e-01,2.113823203018716512e-01,7.077068549009304377e-01,7.848134783937736891e-01,6.665921833746701886e-01,7.385110979371117823e-01,5.178098695548802866e-01,5.151857973995388473e-01,7.142601346169431542e-01,7.812893098028232952e-01,6.513249800969143077e-01,5.519513832040050527e-01,7.561869147787229073e-01,4.845402630360589602e-01,8.913542108237199058e-01,4.255611244079525735e-01,7.641000780311520968e-01,8.952018027227518493e-01,6.430847706095823568e-01,4.659044398785982533e-01,9.304145059542171525e-01,7.134607776496383336e-01,4.612228393842164320e-01,4.167142500672836869e-01,4.321726275655697336e-01,5.851089314307651446e-01,3.830638778249222387e-01,6.199966977033137816e-01,8.635844943748174352e-01,4.064188870581465496e-01,1.398406835155309724e-01,4.716811901959945263e-01,8.831163944707619562e-01,9.217283263072213462e-01,2.021606161001447133e-01,9.834051720957491804e-01,7.082535460703446306e-01,7.505122675729807291e-01,6.584809653794975182e-01,6.725258274575602879e-01,6.841073061682271250e-01,5.918271462442393771e-01,4.150527602345322475e-01,7.444208038044822784e-01,6.467089012968788575e-01,6.797218506007074446e-01,3.768942354557254237e-01,9.691709928331151414e-01,1.867758945532210224e-01,8.786781388958616601e-01,7.505872865135272409e-01,5.563869403453055584e-01,4.316613718241059106e-01,2.740329826950674841e-01,4.057700968913513506e-01,3.535024541514715235e-01,8.789192269627901233e-01,4.089720524888736941e-01,9.248516687319772167e-01,2.909392425335827759e-01,8.889523290685621415e-01,9.242525848290322754e-01,3.228758039108344247e-01,3.598278555916620824e-01,2.609305367032641043e-01,5.036919385529352589e-01,2.385073147824983419e-01,2.775764773478420766e-01,3.748628098977724310e-01,7.719336938691067074e-01,7.595463407867488748e-01,7.326082131895687022e-01,4.576651458081725243e-01,5.833493796668577369e-01,4.499206179048344523e-01,8.262413578003314774e-01,4.775233831954767694e-01,2.788868132813537293e-01,9.792913007458867725e-01
9.080373769860163868e-01,8.282760008795512219e-01,6.894408829078354506e-01,6.769318655259172202e-01,9.158500961138086316e-01,0.000000000000000000e+00,5.873254391425608567e-01,5.923193905921225744e-01,3.985921082612747801e-01,4.748156136985940967e-01,5.869118525064492831e-01,7.355002403025040492e-01,7.154036133335799352e-01,8.807744799823750137e-01,9.993717956594848628e-01,4.257224115246733276e-01,4.638676480481082054e-01,7.254180148965576613e-01,9.161644453780282138e-01,9.706903193235694172e-01,6.570964009760095204e-01,5.180500797865295048e-01,4.513710516204055279e-01,9.514792628596874247e-01,5.819783312894921679e-01,5.371660607091781614e-01,3.287123191393842569e-01,9.600096917938997221e-01,-1.904118770473372246e-01,5.079533003607548253e-02,-3.074936920039672561e-02,6.247239950827716548e-01,6.984673018197640193e-01,4.742852762997017968e-01,6.384715282680533122e-01,5.254638971380062307e-01,3.466468087479523397e-01,7.877848204995370196e-01,7.321367318994913553e-01,1.875229832992241497e-01,1.506415377898910335e-01,9.413320317843175689e-01,8.720362707946952563e-01,6.952713846119150665e-01,6.082787589092060188e-01,8.513930828638778259e-01,8.294051492204349563e-01,5.136555529694702971e-01,4.609349987254817704e-01,4.808799468079566486e-01,2.127816562479062090e-01,9.141300454301550804e-01,8.918620720497287824e-01,8.939882243753920488e-01,7.320979317990856661e-01,5.189599948835364046e-02,8.637236231202761738e-01,8.363678672077407006e-01,5.049086220039616935e-01,5.514289644935691515e-01,5.882014413711560419e-01,9.580135695886626834e-01,9.525765422569226759e-01,9.753927015565557745e-01,6.212864020248125563e-01,6.630845549676591677e-01,6.669520247318089234e-01,3.143806488130242438e-01,2.468601565069060422e-01,6.069095192181857001e-01,6.369120768745666350e-01,7.715100431032975159e-01,2.694232590481978606e-01,5.400747534991920951e-01,7.787130097989185540e-01,3.705213267834150948e-01,9.317281043106995231e-01,5.058334854329364916e-01,6.001634843921584972e-01,4.237570670916804283e-02,1.602008046717566872e-02,8.463898324407311824e-01,5.440092929601243465e-01,5.987213526738897063e-01,3.480598953630008596e-01
8.234518257948792996e-01,-1.574696954446915820e-01,6.978746536605175965e-01,3.280833209831210961e-01,7.741130147294138508e-01,5.873254391425608567e-01,0.000000000000000000e+00,6.370720872226955933e-01,6.131279890156952073e-01,2.978020131945497972e-01,2.763753688865103197e-01,2.701611208736139913e-01,5.698635704318142370e-01,3.494357892079271721e-01,5.773197690279099348e-01,7.918989099497926176e-01,7.623518864337146539e-01,3.406949976722986051e-01,3.774170152918906451e-01,7.759695870990617195e-01,6.233385304720002740e-01,5.766898256638491871e-01,6.253989508841716338e-01,7.603254963707615222e-01,3.963799943663565140e-01,2.469624957566375900e-01,2.401534670219493961e-01,5.212973530243947273e-01,2.864090882365316060e-01,6.246430468293568961e-01,1.247422288373194466e-01,4.749122089846303796e-01,4.464159890771741135e-01,6.459462672557092500e-01,6.255150275304657281e-01,2.096985809528889022e-01,4.765510021296767151e-01,1.187859900993440548e-01,9.160777960534425279e-01,6.801686912124644824e-01,4.920660990039929517e-01,6.206169070532838727e-01,4.270878893140465649e-01,1.486628475850708953e-01,8.836321970682791127e-01,4.985956407439530169e-01,7.989170961527473080e-01,6.336499006510611931e-01,1.960705302631097491e-01,5.842394045332819363e-01,5.279827401646826068e-01,5.031515964814734510e-01,7.481329886992210687e-01,6.730517931355459726e-01,7.460761642752151701e-01,7.509257611149038336e-01,5.439569760622514627e-01,6.769990324610158927e-01,9.595079155170942453e-01,2.275364934859062660e-01,2.895172819582617629e-01,7.348585465664795313e-01,7.502127386060030156e-01,6.225631545437080305e-01,8.673181375844659646e-01,2.847780418024263849e-01,7.735816874236053353e-01,7.867953028026795081e-01,7.460008342408026571e-01,3.099786405875103457e-01,7.158373352269178369e-01,5.703320601536671086e-01,6.063955985326224818e-01,2.448123222623136419e-01,4.810040259037270394e-01,7.177970572929657234e-01,5.174332827561042292e-01,5.842676218227498275e-01,3.535324357561392405e-01,6.351671531251252834e-01,3.816219848803882320e-01,8.832090778001852049e-01,5.528819602219728901e-01,3.827210771416866275e-01,4.234407811610150230e-01
9.057669240935540822e-01,3.855380383447792880e-01,8.821995160242194212e-01,2.597556396635377074e-01,2.113823203018716512e-01,5.923193905921225744e-01,6.370720872226955933e-01,0.000000000000000000e+00,5.476761080856492603e-01,6.112878285907539233e-01,1.156369077918278782e-01,4.999867412003415890e-01,6.712549507146895467e-01,6.710919037633673589e-01,9.145386509231290262e-01,2.780370977122768594e-01,2.559718718034190155e-01,5.759669778389274741e-01,3.635116703084245726e-01,9.302016968712927270e-01,9.729226345484077720e-01,2.877461103884978444e-01,5.906088748779583231e-01,4.469140140477366185e-01,7.191905291448241755e-01,4.914904051242665606e-01,3.450909090589032169e-01,7.232052509637165727e-01,4.236317700374653272e-01,5.221028735672073040e-01,5.197631884563013172e-01,2.296945855537801395e-01,6.953080559039664932e-01,2.154516864819276400e-01,7.765674866268770238e-01,4.280800576137062663e-01,2.998755930458216201e-01,7.399691157284444820e-01,3.812840573295290802e-01,6.494407708518823430e-01,6.497699953403847095e-01,6.466537875983271455e-01,8.007645421082042470e-01,4.332940429738608157e-01,6.406226288648351197e-01,4.745257121220399776e-01,5.977027372105946368e-01,6.351494475391784578e-01,2.886614518539515895e-01,7.384020154832078298e-01,6.904227393382675881e-01,6.178689006465657441e-01,5.032513840858621190e-01,4.181553495438991574e-01,9.153446335244256327e-01,7.393430467084707303e-01,9.562389304102317800e-01,4.892708980373957073e-01,2.115717483522812636e-01,2.965955345545334687e-01,3.648255773891685427e-01,4.646564851374032079e-01,7.370207189716073692e-01,3.147375693480881642e-01,2.618109474748325782e-01,7.858365862668882373e-01,1.975808620683074390e-01,7.578508750273810213e-01,3.306242824632622535e-01,4.460513451889777659e-01,5.248673239315158057e-01,7.822239281705993807e-01,4.702827596536350852e-01,3.190909407559183175e-01,3.577205497941502443e-01,6.819692599261957255e-01,5.249366760423125333e-01,2.263461746358649829e-01,3.282243059835914245e-01,3.806330290200485855e-01,5.976830212362558292e-01,2.376493553386463398e-01,9.084259985871846466e-01,5.688320122956390668e-01,5.990001292115302300e-01
7.936286065042469362e-01,5.069541751496562387e-01,7.575833047226346872e-01,9.459702169820467521e-01,7.077068549009304377e-01,3.985921082612747801e-01,6.131279890156952073e-01,5.476761080856492603e-01,0.000000000000000000e+00,7.049273472004139451e-01,6.518487712432085024e-01,5.836399115909507440e-01,5.840386982842193930e-01,9.090556059490978447e-01,5.877774958366448477e-01,7.380071275825555999e-01,8.816726529764995490e-01,5.166632400725472696e-01,5.856056945220197152e-01,9.326906323552476286e-01,5.838248797553998726e-01,1.207486609512039843e-01,5.781800149968258085e-01,8.300891495729968428e-01,3.952311484522900153e-01,4.844300406611196652e-01,4.862257020049340350e-01,2.978224425140393317e-01,4.016770842786999696e-01,5.991471758162040251e-01,5.682158132178758425e-01,2.061214405951648510e-01,4.704465637841100945e-01,7.152111473246481888e-01,7.176292737653410247e-01,4.694618828847783587e-01,7.415922079157937219e-01,7.487498135599139903e-01,6.594731334460436356e-01,8.147472302970891755e-01,3.165311850032401786e-01,4.397049034087693320e-01,7.178047359599881716e-01,6.044006955171217221e-01,8.376719125224418860e-01,4.717491527930626760e-01,3.280619083944097403e-01,6.994155469187867125e-01,4.524196557920990291e-01,7.637893530244522777e-01,4.365609176942103486e-01,4.318906607473528281e-01,8.736672414612652871e-01,5.263586971601976749e-01,9.113792053427406392e-01,5.418047098459745081e-01,2.767771949633505146e-01,7.432829961510980521e-01,8.599252390226724829e-01,4.107992363523392254e-01,4.547014036087225208e-01,7.844748056540020720e-01,9.451622240717482137e-01,4.062312437536094722e-01,8.586063996340057569e-01,7.628613963990266145e-01,6.934057152148856984e-01,9.725698732099952171e-01,-1.412363840747192789e-01,4.921600977288821399e-01,4.992336220888662357e-01,5.860583371935035313e-01,7.037835788796146241e-01,2.902620992500107855e-01,2.526961672068471221e-01,9.642329559819854401e-01,6.667441244749632290e-01,4.227525537681449674e-01,2.399144734348396257e-01,3.171198651602288310e-01,3.482903786325247664e-01,7.441787045316994309e-01,9.624953582947495256e-01,5.571746833557345013e-02,7.386203787949415789e-01
7.582431117098532569e-01,7.941167600211663791e-01,8.559897394554789596e-01,4.353427735580106539e-02,7.848134783937736891e-01,4.748156136985940967e-01,2.978020131945497972e-01,6.112878285907539233e-01,7.049273472004139451e-01,0.000000000000000000e+00,6.727660153403605126e-01,2.023422359794041503e-01,7.646496727525433634e-01,7.239243492017944925e-01,6.288863173726583211e-01,5.640584357281903660e-01,6.408184935418081984e-01,6.843008880906608082e-01,6.018857717784336092e-01,6.705177542768741006e-01,8.686512362496299211e-01,5.717481064299200222e-01,8.413368605376803089e-02,5.094765215087126986e-01,2.699763529425782127e-01,6.428391805521408431e-01,8.785085524966816939e-01,7.111531706385324503e-01,1.506643990845210612e-01,2.652447303370475962e-01,5.515271573358853097e-01,2.795648706340512768e-01,6.559831274615175456e-01,8.155036463042807382e-01,5.760983651274371731e-01,5.540712825130041097e-02,2.583882716211709507e-01,3.148497023261642713e-01,4.641491712242115653e-01,4.251906091425703416e-01,4.926362958785249768e-01,7.474637481637106395e-01,7.912179782299627595e-01,6.270563079258882899e-01,6.483065149372420066e-01,7.080266896241896868e-01,8.876336336892938217e-01,-7.442628112253180106e-02,1.590115600335042234e-01,7.959959346070470954e-01,1.530550430398427975e-01,5.221725491324594737e-01,7.494900785890258321e-01,7.505066124998088783e-01,8.430859818789077087e-01,9.283238980523116357e-01,5.165619068031718220e-01,6.218727996208843756e-01,7.440212240438951463e-01,4.741932384811367585e-01,4.330973680262231174e-01,2.518285100979210656e-01,4.750972673327153450e-01,5.089502156492303753e-01,6.640579048218044900e-01,7.485308599094702142e-01,7.687743719665296460e-01,9.844855698590603277e-01,5.553001954185626809e-01,8.220443240996667678e-01,6.521900804805460528e-01,2.195483466877926892e-01,3.519354040416130536e-01,-1.694644398522568429e-01,1.474388432694438145e-01,8.778321376114476271e-01,9.054379053674054267e-01,2.142571984722276557e-01,2.645485505507563784e-01,7.014074595746645491e-01,5.362268197426430794e-01,9.690790931816675169e-01,7.422181986667694131e-01,5.860565154038903657e-01,9.737904347922390347e-01
7.376270951351945326e-01,5.190420303977668626e-01,2.937604324772869480e-01,2.936281129612131613e-01,6.665921833746701886e-01,5.869118525064492831e-01,2.763753688865103197e-01,1.156369077918278782e-01,6.518487712432085024e-01,6.727660153403605126e-01,0.000000000000000000e+00,3.788463328490809801e-01,4.798553485957349762e-01,7.694187032186186048e-01,6.438395593271754036e-01,2.846821368627681093e-01,2.995344767104528572e-01,9.284767482941966854e-01,7.189404747688380448e-01,7.437886032255978108e-01,9.029651331354926480e-01,2.976425277257322977e-01,6.379044370624988858e-01,6.626043209214453888e-01,3.100032753362270688e-01,5.573051620545259599e-01,6.608857157360509271e-01,9.074160080379616300e-01,2.893846230076820847e-01,2.155471537068495147e-01,5.890524354682579178e-01,5.633984310246324956e-01,8.891373944417700903e-01,5.664395351870484818e-01,7.301226404132822312e-01,3.691237447583952114e-01,2.768166247485136511e-01,8.365469510812398868e-01,8.734445774404646645e-01,6.098727936484686918e-01,5.751390534237683649e-01,5.455782540681823889e-01,8.827983424637578791e-01,3.204765599151530031e-01,7.039371191048677812e-01,7.907607834244314571e-01,9.833849733156102557e-01,8.818754570639965040e-01,4.662013616093592105e-01,6.299029909863510523e-01,3.198417922526782253e-01,1.501370697740556093e-02,4.028460542637328223e-01,6.746909229866777657e-01,5.186717892652230599e-01,8.873618877366166169e-01,7.685997283279132342e-01,1.025903435298551880e-01,1.843711369985815696e-01,4.279047985380854402e-01,3.736323889924695330e-01,7.872909527143389097e-01,2.913458044456137541e-01,6.222482689019777080e-01,8.478961201547429161e-01,4.041729332118134121e-01,4.053786145028421828e-01,7.840359404969198254e-01,2.176645853247494711e-01,6.669075965531970906e-01,8.830005976282991886e-01,5.273617055266854869e-01,4.453540576299730991e-01,1.119774253053051893e-02,6.464021611614885199e-01,6.957370866527483599e-01,5.148773675505826652e-01,4.293417089594721014e-01,-4.720084159265883206e-02,6.448735052799910994e-01,7.158462139742340913e-01,8.253470866718740639e-01,9.009684300681243263e-01,3.347566757060861375e-01,2.036078041871466904e-01
8.422409581486338670e-01,8.678717230264765270e-01,8.011816288833305544e-01,8.724982635283436982e-01,7.385110979371117823e-01,7.355002403025040492e-01,2.701611208736139913e-01,4.999867412003415890e-01,5.836399115909507440e-01,2.023422359794041503e-01,3.788463328490809801e-01,0.000000000000000000e+00,4.417605263336099042e-01,8.937040971598826378e-01,6.286065762743455743e-01,3.520519665190016134e-01,5.666803016384887037e-01,8.154892105393034551e-01,4.177950472477705568e-01,6.253606563817689645e-01,9.318952038894983136e-01,7.428597614306813313e-01,7.186274403078438677e-01,6.602866545241976581e-01,4.170538550256028265e-01,5.823335984079113237e-01,7.342927353805072110e-01,6.867289226565049809e-01,5.654749627647903676e-02,6.824255306129972665e-01,2.184288924493917039e-01,4.028350014887517871e-01,3.871783563738682155e-01,8.706319386592384912e-01,5.537393429536486833e-01,5.416106973495253829e-01,5.377087050379736333e-01,6.307581663325931842e-01,1.169286181254382967e-01,6.738368332610090716e-01,5.202346446446604045e-01,6.089966486369966514e-01,4.648467556195588490e-01,6.496615524802473729e-01,6.710584078696743004e-01,6.249060229400174027e-01,4.859785272442281312e-01,3.933116203439203096e-01,4.926350059243290724e-01,2.895854152248719671e-01,8.362956601579638605e-01,6.643495245494881463e-01,7.102703518579837061e-01,4.695107237885690621e-01,6.324975212837958827e-01,9.723818525818236358e-01,3.769871872908783783e-01,4.194430595103499360e-01,9.274280064051056982e-01,2.787641909171340582e-01,-1.394506057791664033e-01,7.876896347906435780e-01,7.327965886042434596e-01,9.355313193501471059e-01,4.429267936907861913e-01,7.297293213925849509e-01,7.825028559858346888e-01,7.254353501877159882e-01,6.535767195157515808e-01,3.615933594840757825e-01,8.294952126706836015e-01,6.010028677665086860e-01,4.625021904696144937e-01,4.900574511737859074e-01,5.093846886109593131e-01,4.530803265257122292e-01,7.133168899787150075e-01,5.125428344332397801e-01,5.764570387464286183e-01,1.710649697056704222e-01,3.829625348545152574e-01,7.101753284959991808e-01,8.416252995087216693e-01,7.647877173536136164e-01,8.881690936709207840e-01
9.907529844345910330e-01,8.555409903870386801e-01,3.523332381141878744e-01,3.671970967401337327e-01,5.178098695548802866e-01,7.154036133335799352e-01,5.698635704318142370e-01,6.712549507146895467e-01,5.840386982842193930e-01,7.646496727525433634e-01,4.798553485957349762e-01,4.417605263336099042e-01,0.000000000000000000e+00,9.448787591476230929e-01,8.844271842818987039e-01,5.992472037613547631e-01,6.994815162810857911e-01,8.599570658041205684e-01,7.964907749946337212e-01,4.293688341823182486e-01,7.082479422485965515e-01,8.712928404109081537e-01,5.182432103043324023e-01,6.497370909566229091e-01,5.552814304066922002e-01,4.064531832584836746e-01,4.606177884008518242e-01,7.174047325506276440e-01,2.696591793277892668e-01,9.473251180509932590e-02,5.563966153553780991e-01,5.989861469384502035e-01,5.282841225790952944e-01,5.737859639016708035e-01,7.359693471126917963e-01,7.692509892613520472e-01,9.836309572293433501e-02,9.017562380616452877e-01,7.915115906264182932e-01,7.253732435337334472e-01,5.124986973365908138e-01,8.944296725241448476e-01,5.494048918747732602e-01,9.270974908728668584e-01,4.321462359557007860e-01,6.738551717286829223e-01,2.442003515979281891e-01,4.612345242903605480e-01,7.115506376811104872e-01,8.957843337028446040e-01,5.033279831282810868e-01,5.440936274868700684e-01,4.633489124898988454e-01,4.358177366414018872e-01,9.683385170082096094e-01,7.210469817464764120e-01,5.243717173677782117e-01,2.764443731707948437e-01,6.378460011132471852e-01,2.841340691698690524e-01,2.193926174294316134e-01,3.535548200150324116e-01,6.742068009147456076e-01,6.009296585666836776e-01,7.116547519949727452e-01,6.223737279109593512e-01,1.890948465428015646e-01,2.234124706557821249e-01,7.496480238903096005e-01,6.388772335595175322e-01,2.077736939094010638e-01,9.019461988454131607e-01,6.754845390720729537e-01,4.016806961675841725e-01,8.269173633414199642e-01,6.026676729135808097e-01,5.441644539543293302e-01,9.633247849342158053e-01,-1.302235964423866521e-01,3.202512281453914200e-01,5.502731118534885946e-01,7.073199447246500959e-01,6.763970805760699534e-01,4.624862206185325064e-01,9.795678960963208892e-01
9.081589443914158677e-01,5.292490341375596374e-01,9.064722484384852841e-01,5.713781211442920949e-01,5.151857973995388473e-01,8.807744799823750137e-01,3.494357892079271721e-01,6.710919037633673589e-01,9.090556059490978447e-01,7.239243492017944925e-01,7.694187032186186048e-01,8.937040971598826378e-01,9.448787591476230929e-01,0.000000000000000000e+00,9.779574878710668440e-01,7.723082459401171551e-01,4.348321442401917314e-01,3.275692029245984571e-01,2.001219111322327660e-01,6.715719855195836363e-01,3.566644521428202763e-01,9.080330539286514124e-01,5.080249530863104601e-01,8.867940409325449913e-01,4.244388007108328975e-01,9.895591044292955107e-01,6.601897586464083867e-01,9.427236458406633712e-01,4.075798523413619034e-01,1.258505934954666783e-01,3.071482043251533844e-01,3.878922169250642593e-01,9.471338635689510177e-01,7.922787607664338871e-01,8.837428496534843747e-01,6.843174710694858998e-02,2.644877443683456564e-01,7.114698171132455284e-01,6.659172849550258899e-01,9.528369711964758126e-01,2.995385576875054801e-01,8.055920271622165618e-01,9.021259607159627381e-01,7.285020344488730704e-01,7.685899794728328072e-01,5.749545881852708984e-01,8.688604374191155610e-01,8.638134916437908428e-01,4.333189602346613212e-01,3.052860882499906503e-01,1.428191991836866986e-02,7.710019908813294798e-01,5.196054712764300865e-01,8.498542851878893023e-01,6.706070169195854636e-01,7.927665679052131598e-01,9.306541742146736684e-01,4.011400760749209149e-01,6.937897578581345703e-01,1.012265347142067978e-01,-1.639110996814637511e-01,7.377077230466807523e-01,7.475679729356348169e-01,1.042319444086911712e-01,7.884058857387004071e-01,7.638740048706056385e-01,5.480081755975543256e-01,6.941680115000326001e-01,-1.336413039027113114e-01,4.214283447569312502e-01,8.857032348049846959e-01,3.200945060709822210e-01,7.126454749545322320e-01,6.110531744433257417e-01,7.448082132588661475e-01,7.673251432856370569e-01,5.509760293065487646e-01,7.927020671020812426e-01,5.072702418037134953e-01,2.067054207241084129e-01,8.305334662763236286e-01,9.203256517479748711e-01,6.433229986889302809e-01,5.139590775371707387e-01,6.304803581848948957e-01
7.688937988755149000e-01,6.669065270169720616e-01,9.758512307591231671e-01,6.071288393081508694e-01,7.142601346169431542e-01,9.993717956594848628e-01,5.773197690279099348e-01,9.145386509231290262e-01,5.877774958366448477e-01,6.288863173726583211e-01,6.438395593271754036e-01,6.286065762743455743e-01,8.844271842818987039e-01,9.779574878710668440e-01,0.000000000000000000e+00,6.763615590916924880e-01,2.079193285799135482e-01,5.830190940699929714e-01,2.209739227853091126e-01,4.573808307069601731e-01,6.984738986248579806e-01,6.832849788135159086e-01,4.293157931785216430e-01,2.740494116227713550e-01,1.974372719782346020e-01,-1.398008907153223956e-01,8.429224955853308332e-01,7.967047020526019097e-01,5.545227023828440682e-01,2.842728282837855280e-01,3.209719976350458026e-01,5.142670755870965005e-01,4.811430263593753365e-01,4.251105680154024791e-01,2.678396745234556953e-01,6.933545897178808870e-01,1.151085401893047894e-01,6.896415537283347996e-01,5.469689761214714396e-01,9.548447702462116160e-01,5.268369559747371200e-01,3.130446605548705685e-01,6.508323484892089006e-01,5.166487619259091391e-01,9.435465784442076398e-01,1.651869802773593410e-01,4.253315466174823478e-01,4.503571384647713782e-01,5.151062823169357818e-01,2.743336419937755233e-01,6.385662933223575921e-01,7.831746274943831576e-01,-4.763958575635568460e-02,3.366867986717420047e-01,6.512222139095420470e-01,6.053714637471218074e-01,3.302266097185949656e-01,1.711296082974942678e-01,8.771594927229685590e-01,7.521809820395767288e-01,7.628957196058112622e-01,6.628100596001876843e-01,6.924046829549239668e-01,6.977109022708284369e-01,7.190272066597619416e-01,4.110654871500966090e-01,6.235211957211114209e-01,9.573894516248987463e-01,5.630438571511281465e-01,7.833758147878445710e-01,9.888622823990007582e-01,6.301023218017345329e-01,2.481483553366694017e-01,4.028314987308735939e-01,5.637739876625911251e-01,6.692642317384616124e-01,4.992102778210452119e-01,4.771540572705053607e-01,6.672716647008459789e-01,1.904103133776740842e-01,7.894576558209276396e-01,7.488470151878527936e-01,5.283699994711690273e-01,7.020943845941299832e-01,4.023135506686718044e-01
8.541324779057658523e-01,7.391536746346132336e-01,6.857166244971009128e-01,3.736767491280933440e-01,7.812893098028232952e-01,4.257224115246733276e-01,7.918989099497926176e-01,2.780370977122768594e-01,7.380071275825555999e-01,5.640584357281903660e-01,2.846821368627681093e-01,3.520519665190016134e-01,5.992472037613547631e-01,7.723082459401171551e-01,6.763615590916924880e-01,0.000000000000000000e+00,9.800697149769770355e-01,-1.105003261496534384e-02,-2.198435516749874807e-02,8.437856185342524906e-01,4.585667924253727379e-01,7.743240894788766537e-01,5.708274124101385683e-01,6.421330028553459135e-01,2.905881871713238418e-01,6.868045730866129128e-01,5.516370878204033268e-01,9.922779995427660760e-01,1.725067246677932653e-01,2.570798573117978603e-02,3.559006829448845277e-01,5.609542371759952406e-01,8.533696414173955747e-01,8.214574686907545331e-01,2.157081568013724526e-01,3.200002775814232425e-01,4.370226941917900731e-01,7.810373627084405967e-01,1.582101569965368160e-01,8.982910966829388277e-01,4.621307859471768809e-01,5.999119282699331146e-01,9.212227308003306803e-01,4.964420440591584827e-01,4.949546478164015273e-01,5.605052472961865595e-01,7.915719647750079080e-01,6.846514240600076739e-01,5.773539593478641541e-01,5.388480492371501285e-01,3.838008610188782255e-01,2.560992055734742090e-01,7.006164078679922858e-01,2.544115971385674246e-01,9.571986406201993258e-01,6.358470276425343126e-01,4.583006377034881118e-01,7.080395404180387375e-01,8.401399104070045309e-01,2.034826226910792235e-01,2.103277602900574528e-01,4.149171363183179473e-01,-1.284243749918880240e-01,8.800994069211139914e-01,3.681686191584824797e-01,7.759541723591015794e-01,3.949096722560094808e-01,2.392459116922689699e-01,8.444896038493462376e-01,5.037948060220838187e-01,7.015621510043156261e-01,4.914038829343110315e-01,4.019391225307313853e-01,2.589399039735681418e-01,5.058014135503563491e-01,6.017259988047639618e-01,7.038276792546268590e-01,6.521319878671144599e-01,5.672467053935699166e-01,3.605032205593949324e-01,2.484436211559720720e-01,6.999594778124182959e-01,4.391128479335385526e-01,6.854293666670473462e-01,9.469617261287859300e-01
7.451606693715394636e-01,6.996291470495483722e-01,5.443849682040510229e-01,6.350618618670716975e-01,6.513249800969143077e-01,4.638676480481082054e-01,7.623518864337146539e-01,2.559718718034190155e-01,8.816726529764995490e-01,6.408184935418081984e-01,2.995344767104528572e-01,5.666803016384887037e-01,6.994815162810857911e-01,4.348321442401917314e-01,2.079193285799135482e-01,9.800697149769770355e-01,0.000000000000000000e+00,4.837814935809267580e-01,4.973249612224589500e-01,4.754935658639520835e-01,6.860248672688712412e-01,4.093750397193459123e-01,7.893684959260032219e-01,6.256889115502121124e-01,4.845875026167709709e-01,7.867148353225609236e-01,6.107299228079029474e-01,5.900757792033830551e-01,3.903488991303647460e-01,2.147995169755894662e-01,3.327345690074695606e-01,9.633716046422184931e-01,6.843812351047970921e-01,5.371219320140239173e-01,4.148968919323727800e-01,2.420530927941395016e-01,1.413423525791143165e-01,6.823058444089448171e-01,6.942540228340218222e-01,4.157855737449708822e-01,5.126766265142680412e-01,4.250252808793144044e-01,6.154745747794589938e-01,4.736091006049107377e-01,6.760835232432034214e-01,5.912598037678672425e-01,7.627622704257916997e-01,6.587282617413734442e-01,8.585754927195334840e-01,5.675915595148744996e-01,8.290096144327674388e-01,7.273088539104927142e-01,3.532212678277866780e-01,5.351430186044439097e-01,6.244087457367987204e-01,7.941113918792106485e-01,6.452008398143671553e-01,8.184129333438086018e-01,7.157365217944914315e-01,4.897138897273478619e-02,4.376139723608923893e-01,6.658583117762671977e-01,6.069720651952049684e-01,4.811163970835284354e-01,7.257152345953491457e-01,4.258223306959287857e-01,8.573655179340986532e-01,5.401038406621865295e-01,5.984097570417943324e-01,5.611817961224998541e-01,6.805120066560803593e-01,6.595139622435419735e-01,2.193002154706069351e-01,3.748833933880481584e-01,6.213897175684317542e-01,6.618026606062290540e-01,9.372772762456260676e-01,4.219611631801239438e-01,5.690446290759684222e-01,-1.110967994725461927e-02,1.493717962760422457e-01,6.068129827936067366e-01,6.951171583497782747e-01,5.363312212504847132e-01,3.128704732864800997e-01
5.967928611739796718e-01,4.862232630664242716e-01,8.426997787346955926e-01,4.657781430802589995e-01,5.519513832040050527e-01,7.254180148965576613e-01,3.406949976722986051e-01,5.759669778389274741e-01,5.166632400725472696e-01,6.843008880906608082e-01,9.284767482941966854e-01,8.154892105393034551e-01,8.599570658041205684e-01,3.275692029245984571e-01,5.830190940699929714e-01,-1.105003261496534384e-02,4.837814935809267580e-01,0.000000000000000000e+00,4.309348300502049423e-01,7.600158206714537901e-01,6.442262138964860441e-01,6.674857859438177998e-01,7.395748471254168788e-01,5.424836718147518777e-01,9.882552820151569994e-01,5.210037706700312299e-01,7.478925741438950947e-01,3.833702816237580246e-01,5.092412215459205527e-01,2.701098120585625484e-01,2.558030069095320810e-02,4.173128083259621257e-01,4.282738664830886832e-01,9.535898470644069702e-01,4.620425527007996913e-01,6.185579467761055383e-01,3.243139797281925363e-01,7.775321315817121937e-01,7.680507930621504054e-01,9.912364201216548043e-01,9.758200264718874806e-01,4.453533703524360510e-01,8.037244336407016743e-01,6.809655082627501521e-01,5.263157850685842298e-01,6.448943124060219079e-01,4.192971122215259361e-01,5.401229483407555820e-01,7.052619053959956474e-01,3.744733671902392702e-01,8.632292844073934379e-01,8.695136815784423323e-01,9.377563297636203332e-01,5.529279333996293122e-01,9.953273912286255687e-01,5.836123371793384695e-01,5.083847238923421274e-01,7.860278475107405072e-01,6.537666769103286368e-01,2.325648293717361981e-01,5.766295254294317996e-01,7.513832347498181630e-01,4.789059839942024777e-01,9.543326650429666547e-01,8.006475921956988095e-01,6.782169871198966415e-01,1.666109072718570394e-01,6.573490660127347951e-01,4.413533691473098264e-01,4.623155124434164542e-01,2.265302053839550467e-01,5.740305062636342770e-01,2.892912695195717365e-01,4.301900667497534636e-01,7.590175966250509720e-01,3.036967452598591799e-01,6.392321146864342607e-01,5.191643727061808766e-01,2.195801139209721531e-01,7.376426652761687575e-02,4.923698901279985884e-01,5.275930472956360529e-01,3.614949144028458683e-01,1.602649467763533619e-01,8.508193750588999293e-01
