0.000000000000000000e+00,3.623645457190727281e-02,7.049060660031946091e-01,6.942120596475234162e-01,9.532016903482618542e-01,9.206110608947689622e-01,8.684572733349096296e-01,9.220643201747805717e-01,6.322875618624642646e-01,4.199081542472188344e-01,7.331975301911919374e-01,8.648926509419733177e-01,8.756370975523961597e-01,9.012600770831019625e-01,5.227024852552087930e-01,5.441067315613211663e-01,6.384839703969811264e-01,7.122531965642422414e-01,9.451559001544191929e-01,9.153272059869964616e-01,6.143504870112540539e-01,9.560353275070631041e-01,4.965121393243175918e-01,8.051097617918150373e-01,7.195255505378566063e-01,8.660608605897407442e-01,6.943622648260802110e-01,7.174758319716156851e-01,3.636861142082263854e-01,7.339629070047334336e-01,3.582103151609847824e-01,7.149925592356547455e-01,7.654329178456980021e-01,8.740365579950046815e-01,5.556086584318289390e-01,4.095129783289739867e-01,2.215252836648753595e-02,6.313878693587974267e-01,8.810684989204168316e-01,7.480905880435511079e-01,5.583329906648604180e-01,7.148199083690940370e-01,8.496868280941733964e-01,1.080223831775938975e-01,9.325573028137410514e-01,8.362859454224460531e-01,7.676458557243084346e-01,7.241218831730836802e-01,9.348016453627759903e-01,8.249298923912532500e-01,8.240332275082161706e-01,4.724323965545066950e-01,8.017507086750025325e-01,6.828138637361724772e-01,2.509477987420737355e-01,6.586592284974893685e-01,9.343426112187318555e-01,9.443216131708696004e-01,7.029969269145587285e-01,7.907515428523306245e-01,2.610022169935810599e-01,6.436171266800052582e-01,6.985684945127423884e-01,4.675898821818437190e-01,6.951660462449482658e-01,8.394373977675958498e-01,2.893015976660658906e-01,7.039333829154971189e-01,8.197418446175510631e-01,4.463840663007623277e-01,9.542041068764091083e-01,7.999665247033809212e-01,7.080753652383364955e-04,4.010256606734521334e-01,7.243635486228305886e-01,6.218853631646555913e-01,5.608438285177895777e-01,5.361757377475036002e-01,3.703998216671627874e-01,4.088854256863925229e-01,7.080379396417451066e-01,3.391332373568340941e-01,9.304296780088113783e-01,4.153765747042883483e-01,4.214181471628145048e-01
3.623645457190727281e-02,0.000000000000000000e+00,9.611893624905070155e-01,9.536640202506608821e-01,2.160964268000188093e-01,5.240780453168198960e-01,4.244700258292999351e-02,7.630714638671176608e-01,7.248491432117252220e-01,9.321024156547536021e-01,6.813049520685340310e-01,-1.249139981476769384e-01,9.764864272080738816e-01,9.418253293433711537e-01,5.186529770655566862e-01,2.979846257295167278e-01,6.801595125203576675e-01,1.477717041636404660e-01,7.977790945205109896e-01,6.279392156173742023e-01,5.646993923110360525e-01,8.751193517676479905e-01,7.761375241722396900e-01,5.144504088355563720e-01,7.370707616526329664e-01,5.038163540994289313e-01,6.439703794407372062e-01,2.852535124155038959e-01,5.923718137046442012e-01,-1.340855336407840159e-01,5.800825927431570994e-01,3.317305119515172596e-01,9.567308116562849296e-01,6.426456606161454754e-01,6.201570264762329421e-01,4.878295256347874309e-01,2.395746176162798502e-01,3.409050090618862550e-01,7.556420954164069226e-01,9.080476649187612104e-01,7.454658081510383560e-01,5.916841080732533342e-01,6.206696736203549669e-01,8.794263291107735636e-01,2.084452913470895841e-01,4.196756412309457507e-01,8.487389650083010384e-01,9.571410024315036846e-01,6.238629114376005314e-01,-1.303253744503485856e-01,6.691660931227201292e-01,8.664170404686616367e-01,5.361606848449568252e-01,6.511418928625526403e-01,8.677942705533866485e-01,2.570928381592909040e-01,7.531434384761017675e-01,3.171022905220598487e-01,6.731954078202285752e-01,2.580021829792268351e-01,1.651688561273065847e-01,7.515603893076177044e-01,3.238283393202659455e-01,3.632290240028989148e-01,7.996561526434405875e-01,6.871988512515991854e-01,4.940817742568526794e-01,8.927660526165719368e-01,5.984870282949503739e-01,3.342371491196608480e-01,3.417474710485991496e-01,6.101234678265063938e-01,2.063923612293357690e-01,1.347522841162604734e-01,-5.605061514389939048e-02,5.035108262468863671e-01,9.865248940121789101e-01,4.718811771431286051e-01,4.905446982626384678e-01,4.541194670923969640e-02,4.829729227956703896e-01,6.528167527171605533e-01,4.586216021476855476e-01,7.987114792146251530e-01,4.588138053725742127e-01
7.049060660031946091e-01,9.611893624905070155e-01,0.000000000000000000e+00,8.948006423947137966e-01,8.275380407664304494e-01,9.250419367308705398e-01,6.055953176207177213e-01,3.126600115737876440e-02,4.711842774721229365e-01,4.191060277455642691e-01,6.342749793785139589e-01,7.101822950622941333e-01,9.051430513511350417e-01,9.422173267922251405e-01,9.319496888408547175e-01,8.894390435487417035e-01,4.838752507631077782e-01,8.458476836054596992e-01,8.633942372329037607e-01,5.627534308251882500e-01,9.805410458930647888e-01,6.166760492642663349e-01,9.293546788147626359e-01,3.620175156113251136e-01,9.652009831874042156e-01,7.583349339850521398e-01,9.520958714009939428e-01,8.704152891779446399e-01,2.702798760641234206e-03,3.086051461252384831e-01,2.245648996151855814e-01,9.394725843317031089e-01,6.472203595040005863e-01,4.136622427086684151e-01,8.723084026770289157e-01,7.131734674543670494e-01,1.185507913534672997e-01,7.721385019642080794e-01,7.970185148172976852e-01,3.726921642722504924e-01,5.849323598791751344e-01,4.870830759148168099e-01,3.022075090405102471e-01,7.333471115156884323e-01,6.090916189703756700e-01,5.226692011412200634e-01,4.159721871869674348e-01,8.866746622983256998e-01,6.572156158664309578e-01,9.791787777182985320e-01,8.841991327172231685e-01,4.070999270458746100e-01,7.131016819610537238e-01,8.569959939358346990e-01,7.139203085621153022e-01,9.195113003919369588e-01,6.982375855885982752e-01,6.149780346507547346e-01,3.789735943203962343e-01,5.914907968506846192e-01,2.471896732910515704e-01,7.751056351350285034e-01,7.698813374771605877e-01,5.436814721736811240e-01,-1.475430324821790096e-01,9.884101405701195553e-01,9.128807778316578858e-01,8.533691774724905255e-01,7.812614443948453502e-01,2.967185646017412304e-01,6.541510739031405341e-01,9.406502662167602891e-01,3.861638743348870251e-01,5.456326686533059522e-01,7.325030347502384798e-01,6.525002476620337388e-01,7.567538498048689277e-01,7.709240942058019908e-01,6.135925928079204450e-01,5.986320868582220012e-01,8.891358395923727453e-01,6.375330400477868809e-01,9.453515651037585066e-01,5.527194420432035571e-01,9.170381814199299875e-01
6.942120596475234162e-01,9.536640202506608821e-01,8.948006423947137966e-01,0.000000000000000000e+00,2.478307305265163296e-01,7.397103510384288594e-01,6.785233550367817390e-01,7.321155017157513489e-01,8.073988810712449116e-01,8.081615027443195265e-01,6.264960003016655232e-01,5.958641921727081403e-01,8.724828752005278076e-01,3.005406634317734360e-01,8.870559735772117760e-01,3.079763698407878090e-03,6.648568189260964933e-01,6.928703078823859052e-01,2.616301041582075326e-01,8.933710290443840352e-01,6.344925838085057057e-01,9.149405960023867523e-01,9.765153086181116437e-01,6.613723468758263557e-01,2.254769253723628852e-01,5.993708139529856371e-01,5.834802941763169715e-01,7.175287338236813195e-01,1.778328734865314287e-01,2.388888038690441529e-01,3.131045918433009723e-01,3.691859179373337962e-01,5.278740748919761305e-01,6.577795231232187456e-01,8.916445802810087917e-01,4.107724069743804995e-01,6.926833535996635392e-03,6.288325410096935464e-01,9.776442892843114629e-01,2.711899291473198192e-01,8.319195827511015329e-02,7.188168327333981367e-01,7.322810360526070816e-01,6.643805979383912153e-01,9.450583523376210326e-01,9.864013666737976305e-01,4.200478468295706369e-01,5.517634929795267595e-01,4.925822962256365400e-01,4.189704595911863949e-01,8.146976808683981108e-02,6.630772024844779899e-01,4.363462799090451760e-01,8.304635409767238130e-01,6.388816395702234807e-01,4.124571062330527615e-01,3.961913141679985206e-01,6.403052288316579688e-01,6.566800578916381914e-01,2.989943917273212848e-01,4.993731214897121351e-01,3.957944035370271618e-01,6.043869507275938524e-01,6.886873529613263267e-01,4.369026617192478534e-01,8.222523691173379001e-01,5.620970307507957564e-01,4.421434924621820972e-01,5.450759607619610758e-01,5.116025998551068099e-01,8.983178384044695486e-01,6.265049350000121420e-01,5.118611756633534293e-01,2.778721695694791882e-01,2.313862866108831740e-01,8.661437404573540944e-01,8.394234653758431142e-01,5.375745797892899080e-01,4.931545883592824975e-01,4.633554048582259055e-01,4.865652157773133202e-01,7.406036321055530225e-01,9.027456097173151006e-01,7.291283752955104447e-01,9.109400494089562317e-01
9.532016903482618542e-01,2.160964268000188093e-01,8.275380407664304494e-01,2.478307305265163296e-01,0.000000000000000000e+00,7.990879358414592071e-01,5.363407175369125923e-01,3.141091531332456110e-01,6.345077754517722823e-01,6.300609396499728954e-01,2.458818812770481310e-01,5.222969791366350867e-01,3.669713594174792703e-01,7.172594461043438896e-01,4.673198734283727784e-01,7.340452276605037296e-01,8.689206267339308898e-01,6.111560168930741943e-01,9.981596125177867318e-01,7.829634966582146305e-01,6.437688348156762608e-01,7.528364398418112557e-01,8.672125804036963093e-01,7.617295646007768983e-01,1.187995915513100631e-01,4.498459017086708367e-01,7.047986148667366724e-01,2.016295600621376971e-01,6.990589137281352228e-01,5.286859912086367963e-01,2.224357887396794520e-01,6.413535182747993613e-01,9.573861499184119772e-01,5.892125505899385995e-01,5.926865448093294741e-01,-1.995631917243419762e-01,3.507892391233746743e-02,4.282239852793211510e-01,8.007899913839851003e-01,7.444025566173317898e-01,-6.252169470151935915e-02,6.726499031467136902e-01,4.002562615178573702e-01,8.028502905463879014e-01,9.689987157131491058e-01,7.986238593382138928e-01,7.995751862525795062e-01,6.316381529330924449e-01,4.974791036134062483e-01,3.729158315418161784e-01,6.025256853880932573e-01,7.248228201169835128e-01,9.663006819143424853e-01,8.059073841649622150e-01,-9.385862069620400094e-02,7.183201777753231987e-01,6.888201714116000129e-01,7.775884362525806726e-01,5.040437770114609695e-01,4.945832038138230358e-01,3.407764526374158498e-01,4.432807199368675732e-01,4.624234100125685920e-01,6.226987479339489706e-01,6.951640572429514942e-01,6.233212263943832543e-01,6.451375471042388732e-01,7.242253875283253262e-01,7.651295518069106683e-01,9.794913752325482559e-01,6.717124441978260529e-01,9.435638283479156341e-01,3.534347157273505236e-01,4.641478101555627372e-02,4.730094413181957780e-01,5.434169655402991683e-01,5.588087105001702248e-01,1.256988828259840985e-01,3.607687693432165554e-01,3.902513792232810141e-01,6.456704984699989103e-01,7.672309653062467927e-01,4.503482564507244046e-01,2.949051813915269937e-01,6.094104837083668125e-01
9.206110608947689622e-01,5.240780453168198960e-01,9.250419367308705398e-01,7.397103510384288594e-01,7.990879358414592071e-01,0.000000000000000000e+00,5.626747252316652848e-01,6.030700839816951486e-01,3.751097922423592967e-01,9.548634499078740845e-01,3.944425591767535266e-01,4.682455538571048681e-01,6.918504034787298362e-01,2.602780669602500208e-02,5.841420615439154584e-01,8.325110852921503435e-01,8.646365500760155864e-01,6.230727114430278935e-01,4.061150161140664738e-01,6.605140679120447000e-01,9.681783656838492957e-01,2.625978471393800029e-01,6.823992885736683833e-01,7.161512089588528696e-01,4.385500155046349047e-01,7.369362121088290918e-01,5.516832036968817299e-01,4.628605509537069285e-01,4.290408087479417598e-01,3.430055638788784833e-01,-1.678099087970909564e-01,6.704092984642925357e-01,7.378131352522698978e-03,8.633420000753968537e-01,6.950966358984944637e-01,7.402992653905500486e-02,2.058599907608515966e-02,6.293549288498920813e-01,8.650202397115973607e-01,9.360706540699060829e-01,3.158052551105312578e-01,9.360138982646740713e-01,5.706168697766679232e-01,2.805939995374944762e-01,4.079546079981128393e-01,6.061763842527183588e-01,4.975751304636728545e-01,6.966446829842676269e-01,7.741281046483654560e-01,4.507930921765372356e-01,3.236524639056832520e-01,8.706024357726980245e-01,8.346845880370246107e-01,4.136953324287470091e-01,3.732767095175433814e-01,8.040401070221528945e-01,3.952222562724525545e-01,-1.773772297667108866e-02,2.065274308487144717e-01,6.125314974832386516e-01,1.940790474789663989e-01,4.318974749404183022e-01,8.197418557623428192e-01,8.182575445736018915e-01,5.516250497329471258e-01,1.324797505940758791e-01,7.399506187900771748e-01,7.467717683334396117e-01,4.659811406532666234e-01,6.694930168672934556e-01,3.715125252453331806e-01,6.136299344822798707e-01,5.937955503053026218e-01,2.736474835551859774e-01,4.111997867258706529e-01,5.867092058171163860e-01,7.051102740703714122e-01,2.387159914752391976e-01,2.692093697988603429e-01,2.354361607559731506e-01,2.911540177225613313e-01,9.698462558427829450e-01,6.944307833010964215e-01,5.837192593927784667e-01,7.138111791292862662e-01
8.684572733349096296e-01,4.244700258292999351e-02,6.055953176207177213e-01,6.785233550367817390e-01,5.363407175369125923e-01,5.626747252316652848e-01,0.000000000000000000e+00,4.962476049767470809e-01,5.165505648728091481e-01,5.404231542761783746e-01,5.000045268220217887e-01,6.763886320290408705e-01,3.563252244231152610e-01,7.548445547261656285e-01,6.079619855824234254e-01,5.308791579395315541e-01,2.901556636290072433e-01,6.944912588505719464e-01,7.639375130621886001e-01,7.494760347769087172e-01,6.870146287450213940e-01,5.800315284119261783e-01,3.806510227377589706e-01,6.483286946299315900e-01,1.672257302017500225e-01,4.151282151956619537e-01,7.263567648497797347e-01,2.108306985599527061e-01,7.133269248831414222e-01,2.633362609217624883e-01,1.484422155585242153e-01,5.136344186221150077e-01,5.600023788705534855e-01,3.315936007041940248e-01,5.640156432654860330e-01,5.455378291131008917e-01,5.802342079372396072e-02,-1.186566394525764012e-01,6.021221957231605026e-01,4.744211884104412302e-01,4.007073537861856605e-01,4.764736472372241294e-01,6.122058872353547399e-01,6.979791871810882009e-01,7.608369147735688509e-01,2.659864376207865533e-01,4.537094576603982188e-01,3.500881832018581941e-01,6.397374088823648552e-01,5.470794296933905176e-01,3.322480015316655044e-01,4.823987797324242321e-01,5.448906327499868363e-01,-3.641331279551635047e-02,5.673421419914643771e-01,4.240777706380856049e-01,6.183135399894765794e-01,3.347285902872670221e-02,8.359118025752618752e-01,2.183255237625745804e-01,4.186765084473025866e-01,1.343300699902023713e-02,2.679714038606872961e-01,6.883902077239899553e-01,7.780885078737168614e-01,6.739238252298520582e-01,3.332193662520347988e-01,6.844226905493108193e-01,5.511991507054575523e-01,1.173633030064462207e-01,5.908897143370501759e-01,6.651756874204279857e-01,7.057406300544771804e-01,4.532214718733291181e-01,7.974047693484194455e-02,3.674075033073957441e-01,6.640521757395427827e-01,5.150031896914929463e-01,5.502019294989748399e-01,3.803968680970953864e-01,5.487449816766636346e-01,7.806787918078534894e-01,5.809801590126971726e-01,6.559318342977922267e-01,2.365312146318777065e-01
9.220643201747805717e-01,7.630714638671176608e-01,3.126600115737876440e-02,7.321155017157513489e-01,3.141091531332456110e-01,6.030700839816951486e-01,4.962476049767470809e-01,0.000000000000000000e+00,6.223897387705229489e-01,7.565373262585368686e-01,5.117814653923262735e-01,5.531796922714077303e-01,4.388947840656302612e-01,4.070879735337671335e-01,4.333446637838651583e-01,3.587896403461142136e-01,3.087100251749912427e-01,3.549413585416200112e-01,7.767870743268255884e-01,7.036913555084050031e-01,9.846455931706025178e-01,4.308605901286509665e-01,2.002149033362578823e-01,8.683703495668620986e-01,2.067641034238376727e-03,3.787651792238924120e-01,2.721621720173298953e-01,7.267827472953725110e-01,3.839616578479082554e-01,5.673061458772504090e-02,2.268386747475659715e-01,5.865822811349346022e-01,1.633660153423389938e-01,5.072710114305563067e-01,6.427576106575635384e-01,-3.164674503450326526e-02,2.209145056935820361e-01,6.412217787788703216e-01,4.681748725859607996e-01,7.778785013429120321e-01,2.591981026702266377e-01,4.830251265446360298e-01,6.786110397027754759e-01,7.626300618248240681e-01,6.214892242818432777e-01,4.899857744205348142e-01,6.567730207712921819e-01,6.790737864058451478e-01,9.198279953110228835e-01,7.249435608321210811e-01,2.244900517702367038e-01,6.331561575241062556e-01,5.390202859388291134e-01,4.657987963803233433e-01,7.066510561659293810e-01,4.960323593766789996e-01,6.497553325813546499e-01,5.812376581637199724e-01,7.420029321219955287e-01,-1.338008205308246490e-01,5.177104843363462550e-01,6.082730424088461652e-01,3.625254740479161297e-01,7.681114080206856709e-01,5.643918384206209060e-01,2.861124547065966306e-01,5.835731945691415845e-01,9.298736134645438911e-01,4.051260325964563536e-01,4.182701822232931521e-01,4.480299651667363214e-01,7.670363644464146535e-01,6.502717172737522144e-01,3.407314337131931992e-01,7.061792540590630107e-01,5.566070054738604389e-01,6.729230302743984815e-01,1.244540425597582961e-01,3.480243823637680922e-01,-5.017755628389404254e-01,4.245448727271236011e-01,6.586181411404676833e-01,8.609439244250927104e-01,2.436659439937154670e-01,5.818850591281881091e-01
6.322875618624642646e-01,7.248491432117252220e-01,4.711842774721229365e-01,8.073988810712449116e-01,6.345077754517722823e-01,3.751097922423592967e-01,5.165505648728091481e-01,6.223897387705229489e-01,0.000000000000000000e+00,4.181084905239711991e-01,4.973652753874568400e-01,6.721654137806098994e-01,4.462005946791419153e-01,3.143265001339823894e-01,9.758140193940421925e-02,6.479241451881252445e-01,9.054891106928487643e-01,9.005690696121651517e-02,2.061407331698915379e-01,7.191846313579409733e-01,4.100627584447470997e-01,6.938263143930796240e-01,5.764225685181082470e-01,8.722461793781913775e-01,1.600290044680095086e-02,7.174293317218422006e-01,5.507751679062909966e-01,9.794027853183190357e-01,4.530008735755166605e-01,1.590193444286361890e-01,1.775841916596538825e-02,6.632751146098212480e-01,5.996751663407683397e-01,7.385950391309399343e-01,3.389434921947024892e-01,3.656417081692832083e-01,2.001432496289101692e-01,3.814673252354779942e-01,9.896269326191649007e-01,8.975286426585104005e-01,5.094072685816141144e-01,2.678738807262481258e-01,7.228773830608727913e-01,5.101120211178578057e-02,4.163763957937131610e-01,9.549641553430153751e-01,6.244288589552129398e-01,9.674060151840070398e-01,7.641175786793061864e-01,3.577426735985879680e-01,7.604499422369130901e-01,6.679275284378253241e-01,9.061067105237780028e-01,2.666897577812858411e-01,4.772510689764075664e-01,8.856129895161062304e-01,2.061731866665317443e-03,3.407443901433465649e-01,6.273610041308008700e-01,6.915495645016337400e-01,4.919800410647480748e-01,2.751107670129641081e-01,4.864478054642199512e-01,7.923592489898978464e-01,6.484372126175896867e-01,4.762871543735268665e-01,5.344206310359290724e-01,9.381559642088743711e-01,2.871053907004639250e-01,3.384268133917162080e-01,5.921187887800163363e-01,5.929184149248660773e-01,5.421304506252406785e-01,-1.132527720018522421e-02,2.022397861092801175e-01,4.184994519142077318e-01,6.017654144199530153e-01,3.459164351271267757e-01,3.398491076115145448e-01,3.403015720686236589e-01,5.285503597030181133e-01,9.151915596268059838e-01,3.744852733081601714e-01,1.426316940649978438e-01,5.322584609984447601e-01
4.199081542472188344e-01,9.321024156547536021e-01,4.191060277455642691e-01,8.081615027443195265e-01,6.300609396499728954e-01,9.548634499078740845e-01,5.404231542761783746e-01,7.565373262585368686e-01,4.181084905239711991e-01,0.000000000000000000e+00,7.325409596956726777e-01,5.212327393552257382e-01,7.834514531108586199e-01,3.095667999699596162e-01,3.482254946607610258e-01,8.995678161984865806e-02,2.164993776059188080e-01,2.624899615931217678e-01,6.844350265984177062e-01,4.145349070310093698e-01,6.936337078840191239e-01,5.481096524925007651e-01,6.307012379715107864e-01,4.053951180593127757e-01,5.882988837158007467e-01,2.018596055908621623e-01,9.440265410617478814e-01,6.060582801601160918e-01,4.611994411548397954e-01,4.201045610289802501e-01,6.480453465532827195e-01,6.415882636312973952e-01,7.805969444065209428e-01,6.396797041579027621e-01,7.380407407614212323e-01,4.004892946087934558e-01,-1.761210563442995314e-01,6.348382945428964197e-01,6.366928190119834907e-01,4.326712585806791744e-01,5.150070791704669526e-01,7.281551095657184947e-01,6.970726986517458146e-01,6.515250843286010118e-01,5.366758751431236485e-01,9.858969750349951822e-01,4.606201470521877894e-01,6.773967274550697359e-01,5.861741696553479652e-01,1.221812136507220564e-01,7.495251080315012970e-01,4.990004766304702022e-01,4.695372033840615189e-01,6.666209774243760933e-01,7.323979269165403760e-01,7.604625040960630855e-01,7.592560607186711330e-01,6.441886366074027759e-01,4.415708672678565483e-01,7.233745435980702965e-01,4.533738277934714067e-01,4.235791830549075487e-01,4.988163090200344318e-01,7.401824527558483746e-01,9.852275859948886882e-01,3.988080854005041642e-01,9.363086438219535568e-01,8.480117765839773059e-01,6.053763043591470216e-01,7.700636655083225035e-01,9.893298169996609381e-01,8.683672534042558011e-01,6.755328040815923307e-01,3.056906239824700999e-01,7.439679500297646797e-01,5.147577606350675072e-01,4.507429696700868127e-01,2.866786728793800920e-01,7.149344355358748793e-01,6.788132926506267317e-01,3.874777196568259807e-01,2.179968692426446919e-01,8.618758154301325858e-01,1.618695586557454824e-01,5.099880825301821297e-01
7.331975301911919374e-01,6.813049520685340310e-01,6.342749793785139589e-01,6.264960003016655232e-01,2.458818812770481310e-01,3.944425591767535266e-01,5.000045268220217887e-01,5.117814653923262735e-01,4.973652753874568400e-01,7.325409596956726777e-01,0.000000000000000000e+00,8.573225672839548395e-01,8.904926186729007487e-01,4.196712098076018638e-01,6.563225632829524647e-01,7.960347442478956648e-01,4.752184993604399166e-01,3.278103947950499197e-01,6.813012610489104226e-01,9.777673594007569857e-01,8.296181669548624571e-01,9.978679334357832831e-01,-2.581507274545952191e-03,5.229367056733482677e-01,2.517345678729016600e-01,3.516329268557322196e-01,6.128687029592010393e-01,8.166594694103859187e-01,7.138246858809345063e-01,8.125089923116463053e-02,4.482332749133477456e-02,3.245614088654438234e-01,8.071916755389495490e-01,3.254767669896497795e-01,5.301272824186946675e-01,2.233984686804312836e-01,2.253227757871592227e-02,3.592497380686800468e-01,6.473994540692598054e-01,6.570058749403713261e-01,6.552845249521614956e-01,6.199136459638034946e-01,6.292426678508294957e-01,3.057614296044189883e-01,6.978214117047851772e-01,6.399714254748762876e-01,7.855293331643627974e-01,9.100470712842615439e-01,3.430304981727611002e-01,7.344495375578774521e-01,1.062206359910685960e-01,3.725872772347187944e-01,7.967298967584437452e-01,8.091991503969323540e-01,5.911637128367042138e-01,6.114386581987970581e-01,6.040245966764268282e-01,3.371113923938284240e-01,7.209100779390764657e-01,2.619795963055008281e-01,2.275602613607687341e-01,5.296220608521775564e-01,7.070471732959725530e-01,9.793188002059762809e-01,8.428263781795357623e-01,7.548121443598899694e-01,5.396890714409585676e-01,9.737777014421912236e-01,1.421591162282024590e-01,2.243635135443902973e-01,2.086230729586684429e-01,1.910534673294759511e-01,4.632626939160473523e-01,2.196716371848043414e-01,7.146307956087838420e-01,9.587526342949304059e-01,5.423196354264980812e-01,5.026879183305084098e-01,4.499374884266328922e-01,1.540065058580637747e-01,6.706302895829465704e-01,6.712995755850054147e-01,6.586634804648240360e-01,5.752714213758329809e-01,6.977852006033161691e-01
8.648926509419733177e-01,-1.249139981476769384e-01,7.101822950622941333e-01,5.958641921727081403e-01,5.222969791366350867e-01,4.682455538571048681e-01,6.763886320290408705e-01,5.531796922714077303e-01,6.721654137806098994e-01,5.212327393552257382e-01,8.573225672839548395e-01,0.000000000000000000e+00,2.276023237204780891e-01,7.772820489248506437e-01,1.041891222997915617e-01,7.987103886066142522e-01,8.236555364675089974e-01,9.993132030531256538e-01,5.518586231634370343e-01,9.634539080986873616e-01,9.286854055495177285e-01,5.794153274453310853e-01,7.937741152880317674e-01,9.351441528252025792e-01,3.959866561957493536e-01,6.387550874568883597e-01,6.986637026027747721e-01,4.094393302809876123e-01,6.838783564254546921e-01,4.933828797085840212e-01,5.019278853025487264e-01,2.765702504582139842e-01,6.252050012627126119e-01,6.134674471356991177e-01,3.869352233367467364e-01,6.632624115190802749e-01,1.404469222637089454e-01,2.492717401124608378e-01,1.509933817990820673e-02,8.324203357709126783e-01,5.198061880645556965e-01,7.387166094007068251e-01,8.503888638499260688e-01,6.405815516059875092e-01,8.329200957557512108e-01,3.873845237920230389e-01,7.640835737170483810e-01,7.763435415973602982e-01,4.945239866635691151e-01,4.696235162193294621e-01,5.341863636998178677e-01,6.598493278220136649e-01,3.537715512698288434e-01,6.053908913931645985e-01,8.423368984172052709e-01,9.596048594427624145e-01,6.513648277190644542e-01,6.109854446519727977e-01,6.950729624283739083e-01,1.427916146689156285e-01,1.562271527743265553e-01,5.231252502032398555e-01,5.365199878889114204e-01,7.148797116923197859e-01,9.765517533033066799e-01,4.989652775725706979e-01,7.229372434511933676e-01,9.231453436248429067e-01,2.672075443553824092e-01,3.081887337357166468e-01,6.574667879223624611e-01,5.380165159634693328e-01,5.783350247751967155e-01,3.901163219299993434e-01,-1.347342750645920129e-01,5.165468426885155839e-01,7.831725754276535056e-01,4.123569695145976044e-01,4.681516959869076733e-02,3.958108856478785853e-01,7.172942971731799400e-01,5.262578543942093567e-01,7.537006356568928256e-01,8.572490390030140447e-03,3.570506505548789455e-01
8.756370975523961597e-01,9.764864272080738816e-01,9.051430513511350417e-01,8.724828752005278076e-01,3.669713594174792703e-01,6.918504034787298362e-01,3.563252244231152610e-01,4.388947840656302612e-01,4.462005946791419153e-01,7.834514531108586199e-01,8.904926186729007487e-01,2.276023237204780891e-01,0.000000000000000000e+00,3.296400518646339095e-01,5.278904139364272163e-01,6.119089119574000479e-01,8.054910303138228533e-01,5.171521015987909919e-01,8.383062431775991641e-01,5.588526315604586125e-01,6.642226279345938567e-01,4.193746570684177000e-01,2.788642610609750605e-01,4.525751654496332765e-01,5.106433439116261352e-01,5.859492895269551305e-01,8.004994104166195390e-01,8.845978733629268342e-01,1.939717031194753694e-01,2.657339898110182008e-01,1.202069202082737959e-01,5.345475837750370829e-01,6.205817697060044269e-01,8.021220404913866897e-01,5.452747662542027918e-01,3.346145075792037460e-01,-1.656383346719030036e-01,8.527839301092565716e-01,2.394648884760897933e-01,7.103115796065385679e-01,1.300644364379409390e-01,9.297697314527338941e-01,9.352927467892319102e-01,7.314773824862959017e-01,4.252954046871641469e-01,4.223201685329266430e-01,2.967686711304433622e-01,4.383521357186961898e-02,6.170374862962689777e-01,6.576891070097888869e-01,6.838329911294248609e-01,5.648835703173734624e-01,9.581728321981808350e-01,1.966512707427868489e-01,9.870813843281310840e-01,5.781266584482011028e-01,9.533532652363730930e-01,8.195945984165076137e-01,6.960501276411261706e-01,4.463424755571430147e-01,3.295712952685184161e-01,7.110667420412023487e-01,3.545810769733486190e-01,5.379249318864913754e-01,6.941396641324746319e-01,1.482936704442966713e-01,7.542178220563791058e-01,7.244325322513851528e-01,6.928760802558715792e-02,4.999396427060702197e-01,5.058205431818998399e-01,8.089309019331638595e-01,2.830016301963403369e-01,6.702134018867373921e-01,3.893225541967486603e-01,8.456783177218963887e-01,9.826454855659809695e-01,6.654957036785531521e-01,6.871549848819156203e-01,3.527858724545243074e-01,4.523577346158992318e-01,6.157860567959583253e-01,9.633569046499723676e-01,5.069125666548305320e-01,7.881140782766701269e-01
9.012600770831019625e-01,9.418253293433711537e-01,9.422173267922251405e-01,3.005406634317734360e-01,7.172594461043438896e-01,2.602780669602500208e-02,7.548445547261656285e-01,4.070879735337671335e-01,3.143265001339823894e-01,3.095667999699596162e-01,4.196712098076018638e-01,7.772820489248506437e-01,3.296400518646339095e-01,0.000000000000000000e+00,6.079095313570375136e-01,7.426972704480324650e-01,4.968968200217444009e-01,5.094166107013960998e-01,6.478773968875380929e-01,6.180752666207686152e-01,8.394075306873284292e-01,5.499949889003807879e-01,5.220016698841734026e-01,6.217933074846605512e-01,2.171483506312782141e-01,7.869081403501680949e-01,8.935350998155727753e-01,2.047316764465466621e-01,4.235423810552533808e-01,2.191769234973587610e-01,3.472942638469100896e-01,5.956197243811671704e-01,4.706532565720768502e-01,6.706977258840514100e-01,4.009034964725612382e-01,3.511638527302359813e-01,5.298804095175433382e-01,5.748098247032562558e-01,7.725623277783131293e-01,8.600473978639300299e-01,3.471635273752147199e-01,6.300647479916324789e-01,1.014241267012500336e-01,4.453062026571018017e-01,9.334662255910600726e-01,4.549187631923403141e-01,7.944411423854290666e-01,4.240426906784662275e-01,7.497115998772517775e-01,5.415889283658802400e-01,7.387039526443857085e-01,6.729642733864593662e-01,6.471912323416202373e-01,3.796845137823796623e-01,6.686868800914075317e-01,7.585967841740286488e-01,5.268940474780446914e-01,4.584140749171892737e-01,4.312037289951042296e-01,2.083263255647363754e-01,2.184983215363207887e-01,6.195395387818629640e-01,9.114310559978701098e-01,4.153788585094655983e-01,8.421919568273770196e-01,3.664621722576427154e-01,7.358195384934681504e-01,9.003887626645298292e-01,5.489186081803790751e-01,4.935900651138013240e-01,5.198278721553410975e-01,8.333926239822841975e-01,4.267955714435876513e-01,5.628298088795361531e-01,1.892803189503364791e-01,6.121662573110954186e-01,5.156860255446678032e-01,8.133895071280757838e-01,5.465056087399384754e-01,2.579191856686216533e-01,6.994593587374844379e-01,7.817797638452765874e-01,4.600183645861688486e-01,4.558274347159574913e-01,5.591994693170542208e-01
5.227024852552087930e-01,5.186529770655566862e-01,9.319496888408547175e-01,8.870559735772117760e-01,4.673198734283727784e-01,5.841420615439154584e-01,6.079619855824234254e-01,4.333446637838651583e-01,9.758140193940421925e-02,3.482254946607610258e-01,6.563225632829524647e-01,1.041891222997915617e-01,5.278904139364272163e-01,6.079095313570375136e-01,0.000000000000000000e+00,1.264230666575021436e-02,5.775428986754798516e-02,6.141529820163135200e-01,7.427573998691781032e-01,4.948053621938527935e-01,7.124253202989906386e-01,6.846457493387597681e-01,6.845746577912620312e-01,4.233219230354064444e-01,4.004533167481054701e-01,7.862827407713521843e-01,7.331978723849592594e-01,7.444075453961626065e-01,2.036492519537059231e-01,5.662635701142456623e-01,8.130412836082992478e-02,4.277836270038804511e-01,5.452116205438983787e-01,5.444553981453111868e-01,4.064186501586108946e-01,4.843707189550825465e-01,6.421886399714149714e-03,5.790928266316184431e-02,9.598066360777959272e-01,6.346383114296074712e-01,-9.821427236829924357e-02,7.532012719185932070e-01,7.431608210880913390e-01,7.122176228300861611e-01,9.366230257615140165e-01,7.500390782424203318e-01,5.465965420563972943e-01,4.809227544313326996e-01,6.990532431103909650e-01,4.994443033463913384e-01,5.500187625353293308e-01,5.002480910188490393e-01,8.826567504765966410e-01,6.707873297947675173e-01,6.905297182886140916e-01,4.455803987782564479e-01,6.839086482714601400e-01,8.161913657997639238e-01,6.915149982461402667e-01,4.554330436962695239e-01,7.282546920468049301e-01,7.670261397342253984e-01,4.771090371426209287e-01,9.730534662182658279e-01,9.964839860087117973e-01,4.730714249644414893e-01,4.211098434720891293e-01,4.854703787823396177e-01,2.306716911422034832e-01,4.767162227562982690e-01,4.876163067320202771e-01,6.273737107704032701e-01,2.888227438905017208e-01,-9.277049052235179782e-02,5.734140458678714802e-01,6.999187635726524803e-01,5.054213518440340280e-01,7.025573894192936875e-01,2.329539565000953716e-01,1.726530716466507798e-01,4.797506762581046913e-01,9.061589194544008574e-01,3.653852229310561306e-01,1.023538948586888986e-01,7.386385252376301835e-01
5.441067315613211663e-01,2.979846257295167278e-01,8.894390435487417035e-01,3.079763698407878090e-03,7.340452276605037296e-01,8.325110852921503435e-01,5.308791579395315541e-01,3.587896403461142136e-01,6.479241451881252445e-01,8.995678161984865806e-02,7.960347442478956648e-01,7.987103886066142522e-01,6.119089119574000479e-01,7.426972704480324650e-01,1.264230666575021436e-02,0.000000000000000000e+00,8.991168387288182018e-01,5.294778155097928929e-01,9.908331942218155941e-01,4.332535746879045968e-01,6.098402669487578143e-01,5.527991765361552901e-01,2.109709681986750018e-01,8.918259192040045580e-01,4.710578406661043993e-01,4.026083567034234867e-01,1.564634506998861252e-01,1.542462191653164449e-01,3.859524453702696811e-01,2.681191370584721234e-01,5.931411716393926170e-01,5.209645933808001450e-01,4.150429012990665134e-01,4.296804512499942663e-01,-1.741642617689382333e-01,3.703607484054540766e-01,-2.812639801111310733e-02,6.243471188177769360e-01,7.078872881160145347e-01,3.976534633994368018e-01,6.878297707794025495e-01,2.707142321306902355e-01,8.602612720989911699e-01,4.413774896428895866e-01,6.850019858457029320e-01,4.662269603109047145e-01,6.794500247682889738e-01,3.566048493960133348e-01,4.789687199438735776e-01,4.861867342400666980e-01,6.613714981148690608e-01,3.717100843176915914e-01,5.280345045633346723e-01,7.046351814886807619e-01,6.297746656664701126e-01,7.199023151638257456e-01,6.941111610954711075e-01,6.558130963859463147e-01,8.212734671576863432e-01,4.812486961010510322e-01,4.865447877133446397e-01,7.746478862497386819e-01,3.810393498522696154e-01,7.459862497518348068e-01,7.512793635634185119e-01,6.723024476888581624e-01,2.370102809954038880e-01,4.008730094966851953e-01,3.786449288701442262e-01,4.282223060622633581e-01,7.305784845666585259e-01,3.460282645876829877e-01,7.041013470400285801e-01,4.441981362730022531e-01,1.652078398818976057e-01,6.243091965103038099e-01,6.307342147759380513e-01,7.998457305459389932e-01,5.293989532812202331e-02,5.612976335216981472e-01,5.778553589083412767e-01,6.365721037802862803e-01,8.356670979738137772e-01,1.312159598340062461e-01,6.417254386663675536e-01
6.384839703969811264e-01,6.801595125203576675e-01,4.838752507631077782e-01,6.648568189260964933e-01,8.689206267339308898e-01,8.646365500760155864e-01,2.901556636290072433e-01,3.087100251749912427e-01,9.054891106928487643e-01,2.164993776059188080e-01,4.752184993604399166e-01,8.236555364675089974e-01,8.054910303138228533e-01,4.968968200217444009e-01,5.775428986754798516e-02,8.991168387288182018e-01,0.000000000000000000e+00,6.274392427015310636e-01,8.823486840310943435e-01,9.886938025518839934e-01,8.400155293090030284e-01,3.600018162097323726e-01,4.389338031392313044e-01,6.311095726210228518e-01,7.649286750982989824e-01,3.214192042183013909e-01,6.456929162966281721e-01,2.208556616236230785e-01,6.706276639826638242e-01,5.232574313721195525e-01,4.352466454537465279e-01,6.665292050228608378e-01,7.375548585633103782e-01,5.644685957932422671e-01,4.294277121239613026e-01,5.036529351637607510e-01,5.794992384654330531e-01,5.350885872971340440e-01,6.560301775728143436e-01,8.690512991029195611e-01,6.475624948890397192e-01,2.659685505536344419e-01,9.587602565342394634e-01,5.350116273112667242e-01,9.802043346573962035e-01,6.254825007350161004e-01,6.546342322371003775e-01,5.023411252462034460e-01,3.706988361983156732e-01,5.441560017495636892e-01,1.315784231406028626e-01,5.999272071245413951e-01,-1.445756355087485789e-01,7.516614244192393324e-01,5.500202858520977234e-01,5.069653716470523541e-01,5.359913425046846092e-01,6.719857637448378718e-01,4.437749259975486971e-01,7.180187069500385544e-01,5.035212261525366939e-01,6.771964061788841027e-01,3.968466696691925200e-01,6.750763296296256044e-01,9.975207556035239342e-01,9.542959270549069561e-01,4.390748545016198157e-01,9.681831194863456114e-01,6.592802898714991144e-01,6.536016139283850057e-01,8.697366510381968618e-01,4.440401282749246170e-01,3.361324128445644099e-01,1.452939231030279943e-01,7.705955764392522500e-01,5.568601158459967060e-01,4.735963786699934341e-01,5.455607586296128408e-01,2.303928147352659050e-01,1.168259210482347765e-01,5.256494907475424139e-01,6.016496955174461814e-01,7.575948658056713692e-01,4.524734292802067848e-01,9.329569624756672841e-01
7.122531965642422414e-01,1.477717041636404660e-01,8.458476836054596992e-01,6.928703078823859052e-01,6.111560168930741943e-01,6.230727114430278935e-01,6.944912588505719464e-01,3.549413585416200112e-01,9.005690696121651517e-02,2.624899615931217678e-01,3.278103947950499197e-01,9.993132030531256538e-01,5.171521015987909919e-01,5.094166107013960998e-01,6.141529820163135200e-01,5.294778155097928929e-01,6.274392427015310636e-01,0.000000000000000000e+00,8.164724028896711561e-01,6.655303623087733822e-01,7.802083225257813170e-01,7.445885732983149596e-01,-1.644896552918663213e-01,9.458898491593424884e-01,3.281239227184752361e-01,2.208802663943396916e-01,8.195102894848675934e-01,-2.554056215258532214e-03,5.090309537300456988e-01,5.970893719610284034e-01,4.572473625664089103e-01,3.852693560244604409e-01,8.267903936739863235e-01,9.986317034548575222e-01,9.403159291459948221e-01,2.028716065967965387e-01,2.746920539993295551e-01,5.362515201465398729e-01,8.457503797754071240e-01,8.906208519447305072e-01,4.951772381560602954e-01,8.578412662633688734e-02,9.161264657512905307e-01,1.230085657623485873e-01,8.290426368915835287e-01,6.267538459467381085e-01,9.697501242498136609e-01,5.321194425723770882e-01,3.152759041400279294e-01,5.891174951930487902e-01,7.481539026478386534e-01,6.992614408879844756e-01,9.231210734218273650e-01,6.483005829339085757e-01,6.089397093766794056e-01,9.475809664066094928e-01,1.359711134154381051e-01,5.587537221902134643e-01,7.452961970403958469e-01,5.480701073904212794e-01,2.380016817776293425e-01,4.962668549870699053e-01,5.629721072743679722e-01,9.799649138810598847e-01,9.863002732238002057e-01,7.704908328086881864e-02,8.338573951765982928e-01,2.598244885240512114e-01,6.383429107860044693e-01,9.031964329024955163e-01,8.528373714323774779e-01,4.926165497492762113e-01,4.840384140929758772e-01,4.865629471079409296e-02,4.368746411872673763e-01,5.883874879983599371e-01,5.974689167853569627e-01,6.806789982385126336e-01,6.379966395570859650e-01,3.561745207886672926e-01,5.354233034454922713e-01,4.226100221697574044e-01,6.512509360209666198e-01,4.436474083493265330e-01,6.187453479661353395e-01
