0.000000000000000000e+00,9.449534475956319346e-01,9.780392537522643037e-01,7.524797827039485520e-01,8.214708970456019443e-01,8.244375532667563844e-01,6.390051722432750214e-01,6.159687786921236308e-01,2.644962108224390152e-01,6.279097164966438438e-01,7.003675730394843812e-01,4.913318373156423391e-01,6.345021992067361172e-01,9.999451129077530087e-01,3.451912474033026479e-01,6.756487650658038469e-01,8.210061436046350858e-01,9.458882322634891704e-01,8.839471849194570074e-01,9.469564016777169968e-01,6.107229934917984826e-01,8.505260353581829413e-01,7.100828581550212570e-01,9.631768588987941193e-01,9.216186195661290048e-01,9.761523722366824973e-01,8.927961730917046701e-01,4.499123593112382413e-01,3.058116000319729411e-01,1.567146670653409846e-01,5.504437055319182370e-01,6.323060302343052053e-01,8.541726689848041509e-01,9.666940680862557977e-01,9.884105194736804156e-01,5.522940305012091766e-01,5.868053473935853637e-01,9.815722746370745266e-01,7.682767563038919167e-01,2.179523968201820261e-01,2.571610595777422126e-01,9.076978361617199509e-01,8.173960994299031002e-01,3.640581475698080327e-01,8.847471977789956865e-01,4.757226370509786695e-01,9.231083937861460642e-01,5.033126289732241521e-01,2.337929008384472263e-01,6.822172175386099768e-01,5.285745734049105415e-01,7.648283719148210036e-01,8.009867959961400885e-01,8.778655469443807924e-01,5.609024303618628249e-01,7.858337524262298812e-01,4.298514446730041794e-01,1.384627973316184535e-01,3.114345229572796914e-01,4.735472652152236117e-01,2.124892760541235437e-01,7.933669162868471902e-01,6.919701735558329014e-01,7.604463684510894828e-01,6.801734011221659548e-01,9.417129735552902670e-01,8.009413348732600246e-01,4.487072393480023291e-01,7.569959172821301152e-01,9.648389424513497126e-01,7.463788154823155496e-01,7.381006093887492181e-01,2.673870844431554539e-01,3.870400357354227827e-01,8.742951751727277010e-01,7.986730862756443727e-01,9.480272694393226951e-01,6.173933280036703053e-01,5.211371184229229847e-02,2.905905056287176880e-01,6.340983453669369885e-01,6.813676875238096065e-01,8.356732509264453990e-01,7.163529949836748567e-02,1.438996947868248222e-01
9.449534475956319346e-01,0.000000000000000000e+00,8.945643831470938556e-01,5.269663647681099850e-01,8.770724123300869257e-01,7.244067130054028247e-01,5.270413624087577631e-01,5.203203571784222881e-01,3.387289026770883282e-01,2.556729502747040472e-01,4.912077264924932796e-01,8.882070859855056844e-02,5.066886370022734010e-01,6.944606919027691561e-01,7.216998243308418992e-01,6.541237169247676730e-01,2.173142480451658032e-01,7.147994067132038554e-01,6.487717055925770193e-01,4.178931893775637008e-01,8.044625987224436336e-01,5.990720710129421311e-01,7.936814566881429389e-01,1.009580485769144692e-01,7.425648392096693140e-01,5.169024720565593700e-01,4.315394063526488688e-01,5.924424883516457019e-01,5.693750540437249041e-01,4.821150149021629638e-01,5.197821146616321553e-01,5.340354126453931149e-01,9.619816976657702412e-02,6.022974426938094705e-01,4.357026457345768433e-01,5.084065236592069104e-01,4.845444613570574766e-01,5.703003977099365684e-01,6.262931966620082225e-01,6.748653899110481635e-01,-4.384580194614684512e-02,5.073025744616604937e-01,5.017868697667451361e-01,8.436889341102287165e-01,9.927485626207295244e-01,4.159347510386217639e-01,6.028516556078012956e-01,5.034523406640861731e-01,6.065518682262398542e-01,6.519236525232707802e-01,6.265110575170734775e-01,6.140077120982891934e-01,4.313419537231493739e-01,7.583253050643532500e-01,3.747626210366229449e-01,8.703713660047741607e-01,4.703474728792850779e-01,4.379369229517302009e-01,7.187428619746272229e-01,8.163357937752968585e-02,7.051750207739881926e-01,2.359055647086485130e-01,8.271550068985779047e-01,9.139107253551844723e-01,8.908939614397910489e-01,4.909266780035110300e-01,9.383034676712675992e-01,7.795470849677822445e-01,6.775561377614781611e-01,3.253686353674236087e-01,8.282909971319346587e-01,5.731868094025809324e-01,2.819717849015421773e-01,3.045293696373007619e-01,-4.030722904703651355e-02,6.573063691785347995e-01,2.914830610262465482e-01,5.594718107091581905e-01,1.813930178226370593e-01,4.274281016723899818e-01,5.181229200081737263e-01,3.875231956298296199e-01,7.056435232539409741e-01,3.542898638699070180e-01,2.238685074497278882e-01
9.780392537522643037e-01,8.945643831470938556e-01,0.000000000000000000e+00,9.155629193421623846e-01,9.069368241142323761e-01,8.074218243861529531e-01,7.735302675119942739e-01,3.286072368847477998e-01,5.885480820178399242e-01,7.937639184243560075e-01,6.786641848105406938e-01,7.945350335150288545e-01,7.495796668777285898e-01,4.512077387053052280e-01,7.985375855491848585e-01,8.467107079608623410e-01,8.116215218876565718e-01,6.910071229123280201e-01,7.476545949602243502e-01,6.578090807055826383e-01,7.251648188103321235e-01,6.799330523058223497e-01,9.486152584482243633e-01,7.577054290067517517e-01,4.804964269526804665e-01,9.018836343302564229e-01,5.610265010674733155e-01,8.363338476487476303e-01,5.653116444256323092e-01,2.815007120537165730e-01,4.086225742666413363e-01,5.747331017299508460e-01,8.193888655093745088e-01,4.265808742096651174e-01,8.606785596243056169e-01,8.754864989771662942e-02,5.850704644360003037e-01,2.248340365341589542e-01,8.062017733050453883e-01,7.034879785279020137e-01,4.834175760432191105e-01,6.630366952234758582e-01,6.270165253038185726e-01,8.208490418568569202e-01,4.112245403203972915e-01,7.888175701747675017e-01,9.580817940584090975e-01,1.229930919397684008e-01,5.175343213241387907e-01,7.892764286453380906e-01,6.186923369282862906e-01,3.699730287720166544e-01,6.266519009594029299e-01,9.935796131570189260e-01,3.759843827480077172e-01,6.196775734588445550e-01,7.704810199671425774e-01,6.812277871920289218e-01,7.453667753532946527e-01,2.371191491690137487e-01,4.749857742432685992e-01,7.615284859324846778e-01,4.500409901193894169e-01,6.782831942606424303e-01,8.459502765154921500e-01,5.807547870501297282e-01,6.308102025208623953e-01,2.823751700094151440e-01,8.331519837177570054e-01,7.838504690029135524e-01,6.393509822736643811e-01,9.480640908052423432e-01,3.818323830188043999e-01,3.851111030698347593e-01,6.390536659154171240e-01,5.897051107978994455e-01,5.578724169844005987e-01,8.575338668098615447e-01,3.937785668921709586e-02,5.090034058379123705e-01,4.093878424322425214e-01,6.789247855485858185e-01,3.518737166350682788e-01,8.740634067112273975e-01,9.914992396887584158e-01
7.524797827039485520e-01,5.269663647681099850e-01,9.155629193421623846e-01,0.000000000000000000e+00,8.827904817749229194e-01,5.559489649380532361e-01,4.405215330061731938e-01,2.548822894524853666e-01,7.392706647710520773e-01,9.209198409098324767e-01,9.111230953300871738e-01,3.752904856096768715e-01,3.265665901470380383e-01,6.764600696309402972e-01,8.936574196998403607e-01,6.528306865481383614e-01,4.181756086081024337e-01,6.512693764018894216e-01,1.969041904545991706e-01,6.002751170133748815e-01,7.507496583777455434e-01,6.772090766029497111e-01,6.259389893696937213e-01,9.664926774038486990e-01,4.540586842685435109e-01,8.314552842456164328e-01,8.428465832728950780e-01,9.875318334189950864e-01,5.476177515311889676e-01,1.323844663188249449e-01,1.001256008053622443e-01,1.002582569813479374e-01,7.309668916441459663e-01,9.104246791978010123e-02,9.907088250237912064e-01,2.533825700709353979e-01,3.264120280123308793e-01,7.997947325754304337e-01,9.006339501995791474e-01,7.317740706691265862e-01,5.405904718221483662e-01,7.013286540332537289e-01,6.618471093706818076e-01,4.107475422041468871e-01,4.460832970251327745e-01,8.431253219016858758e-01,8.081729275542304247e-01,6.842620422309905193e-01,8.955954272926200943e-01,4.594459105769975182e-01,1.598554422716433887e-01,8.620852199667796700e-01,7.124904993136703668e-01,4.804855524225443153e-01,7.128542324503668315e-01,8.246152506069515109e-01,4.791039266965946841e-01,5.075755529224144080e-01,6.916189146255420361e-01,5.359469746840699322e-01,3.928228742189737721e-01,8.717172951299321237e-01,6.484672165340717997e-01,7.528757524713786120e-01,8.066603629928773556e-01,4.072467495153217487e-01,7.013836103425975521e-01,6.240215568998553897e-01,2.909469748830802449e-01,6.618820066698590798e-01,7.484481898902599628e-01,6.186972189080232054e-01,4.079587378865101033e-01,4.528191505615561385e-01,5.510925883128302560e-01,7.724539974185421487e-01,9.848019574260447051e-01,-2.417254105058394553e-02,5.621411943552756529e-01,4.573978514151758046e-01,2.397540087484860971e-01,8.064835050628558211e-01,1.073710220201356050e-02,1.426624346911457841e-01,9.409521702999668058e-01
8.214708970456019443e-01,8.770724123300869257e-01,9.069368241142323761e-01,8.827904817749229194e-01,0.000000000000000000e+00,6.862462795964986428e-01,7.228746603412812277e-01,6.876007129715869803e-01,6.096797817296885080e-01,6.954629984259280695e-01,6.579580669141567029e-01,8.084491418189347911e-01,5.603773667099390954e-01,9.370636888229946782e-02,2.231894427950353033e-01,6.707096933386809123e-01,6.999173856163916074e-01,9.385054971713752137e-01,8.685566564787712274e-01,5.322328154094015940e-01,7.699133799943365108e-01,5.827792795743683696e-01,9.891968695531023759e-01,6.906122362479355514e-01,5.882323657512503745e-01,6.691325591388433969e-01,8.292067815026048505e-01,8.819291506065016772e-01,1.991297309472843391e-01,5.026927976867560099e-01,1.841521881114136505e-01,5.589046213018316472e-02,6.514176619397030743e-01,3.620578977893383343e-01,7.799532347870650195e-01,2.172761691344296808e-01,-1.372512711635788807e-01,2.183190635089316267e-01,8.862018887532984168e-01,7.954134830200896289e-01,4.951813507354793087e-01,6.452633369617736259e-01,8.279832835537088709e-01,7.866775947182418349e-01,4.832611306060845546e-01,7.247213443150491308e-04,9.798437056719336846e-01,3.620339156739877384e-01,4.419915950947583827e-01,7.380839672515662198e-01,4.737805310468820030e-01,9.486757345315226519e-01,2.399488539688754141e-01,7.926840607647296366e-01,8.170808700885949794e-01,6.029455929186503527e-01,2.661460000829625194e-01,6.531802082713580315e-01,8.248619149192091271e-01,4.014472213223644337e-01,7.289230084175737368e-01,6.007856977782997099e-01,7.426442204279218862e-01,9.703057772609697818e-01,6.114111841109637346e-01,9.767657469330477404e-01,9.179264491284200300e-01,8.792666320127346946e-01,8.451342000797246179e-01,2.578893683051579067e-01,8.351530778384230747e-01,6.334880200942926143e-01,6.121883123922174930e-01,-1.769084044663275235e-01,4.645592729563291501e-01,6.108893592577879783e-01,8.889848200547080248e-01,4.313686730436738781e-01,7.292489313863141920e-01,1.392654393706723170e-01,5.237604606733127222e-01,5.366471934142518219e-01,6.332147853349083810e-01,8.703409200372536764e-03,5.936167993414178667e-01
8.244375532667563844e-01,7.244067130054028247e-01,8.074218243861529531e-01,5.559489649380532361e-01,6.862462795964986428e-01,0.000000000000000000e+00,6.620276506207879441e-01,3.362629690310569019e-01,4.086216373310532779e-01,4.166936040108603079e-01,6.340331314476471691e-01,1.361835411363474524e-01,9.265940223951192323e-01,4.709070718928507482e-01,6.124259989952810512e-01,5.411548014473889223e-01,5.762481883482235556e-01,2.593739455545842620e-01,8.621562196349383811e-01,7.360572490511534394e-01,7.691770760279859065e-01,5.773036408082725668e-01,5.098445242736675542e-01,7.819843638887706838e-01,5.576661456008391755e-03,8.907074639251086889e-01,1.750616722904456135e-01,6.941670443507312882e-01,2.217660371462867597e-01,6.760630284996045347e-01,1.325790194663553634e-01,6.992066010133682896e-01,6.296685059795436024e-01,7.553791913438184791e-01,2.450027086944267241e-01,5.348985974378392960e-01,1.103447226608806064e-01,7.671263503661449601e-01,7.708720393967993800e-01,8.050503578390570958e-01,2.086551558312181934e-02,6.858410130771900315e-01,7.962053405159612574e-01,8.816752516638685089e-01,5.457899129040298947e-01,8.251442764302731048e-01,7.464851893083185308e-01,3.070951749741395176e-01,4.703018313502488335e-01,7.863414843187898073e-01,4.317092975079413475e-01,4.681875710990274775e-01,7.143696361555234020e-01,-1.848317797958549391e-01,3.864631723343370240e-01,6.205108637909977354e-01,6.721908032464396499e-01,5.580037240553397115e-01,6.690768332415206743e-01,6.491726131829782531e-01,3.665251507926841068e-01,3.071097266857313324e-01,6.828971030604572556e-01,9.910445826365992250e-01,8.688347227055788213e-01,6.446278607714508446e-01,8.256727693522920575e-01,7.404995808329810636e-01,4.111605743846395433e-01,9.533363025008019243e-01,4.600524684059098535e-01,6.298384839734674223e-01,4.287499863167024694e-01,2.926325501003546603e-01,7.090561834881473624e-01,6.481323740662652266e-01,8.683692369036829506e-01,5.461723954172340578e-01,2.273761072345584222e-01,1.840695957562861473e-01,4.407411517372349929e-01,7.835344348553123783e-01,9.582465115648397536e-01,7.682167082607513908e-01,7.685814769591575724e-01
6.390051722432750214e-01,5.270413624087577631e-01,7.735302675119942739e-01,4.405215330061731938e-01,7.228746603412812277e-01,6.620276506207879441e-01,0.000000000000000000e+00,2.275946596144140521e-01,7.947638476238352290e-01,6.802773265984297657e-01,6.954293900870386347e-01,6.550623941934973216e-01,3.246327404864697286e-01,7.985571696758345661e-01,5.093732506907902025e-01,6.704020808540447351e-01,7.824014216800156962e-01,9.387529724312922152e-02,2.101733820326401880e-01,5.126157787819642930e-01,8.274503682720896203e-01,4.817078024835613204e-01,5.794785037961336371e-01,4.965632217446563912e-01,4.333289569736787361e-01,4.909710185672528371e-01,4.133673539293004073e-01,4.249736307242871214e-01,5.903768146533994177e-01,4.680296593773301539e-01,4.343971841205859219e-01,7.509223804171265559e-01,4.937671441162256869e-01,3.199871318268617815e-01,2.390658459785123535e-01,6.372227092395355008e-01,6.538189117532726691e-01,2.290332244529545702e-01,7.005670578625953215e-01,6.796157973954627396e-01,-1.282202095668008579e-01,2.098769092901948408e-01,5.404628605173010802e-01,9.761593197706641689e-03,8.849230307700102216e-01,5.018251601079297686e-01,2.628177840980521207e-01,3.253298681944598592e-01,2.507862167174661483e-01,7.388831353482718800e-01,4.225822181483012141e-01,5.835786354900049933e-01,7.578405263022133243e-01,4.578788635843102361e-01,7.769091794289325614e-01,6.574352402215333235e-01,3.000809851446555321e-01,7.451114458055156931e-01,3.330043372143211000e-01,3.710934280806252872e-01,5.259605190901402993e-01,1.796425266445242086e-01,2.208653715832249176e-01,7.512260085558523093e-01,7.163787808615180719e-01,5.156614206461798133e-01,4.004920100804509331e-01,8.120913433246718105e-01,5.222089121416138013e-01,3.093142377645630159e-01,5.862641865455843204e-01,3.419704824418855482e-01,2.217829090843509987e-01,3.328982976084300938e-01,7.943270537759539174e-01,7.172740918315508030e-02,5.101447674345587213e-01,4.285025164548698640e-01,4.303765066483739021e-01,1.054918036864768704e-01,4.132933162661199811e-01,9.039166326307545019e-01,6.464403863405271400e-01,2.245541733345713664e-01,5.965755325335821979e-01
6.159687786921236308e-01,5.203203571784222881e-01,3.286072368847477998e-01,2.548822894524853666e-01,6.876007129715869803e-01,3.362629690310569019e-01,2.275946596144140521e-01,0.000000000000000000e+00,3.366176778021346960e-01,6.007725656654447910e-01,2.330993644678480137e-01,7.526778561232497777e-01,2.876535397290013174e-01,7.987482680062174545e-01,5.635943619015071349e-01,1.768783110945933434e-01,7.988891317770321354e-01,6.804479276640967855e-01,6.466035366646440963e-01,6.895896162660097861e-01,2.837323601984811372e-01,5.553218190559674472e-01,7.412928929999239580e-01,6.839936974251917823e-01,4.978304660996084596e-01,4.457901635924766959e-01,3.302944776246863334e-02,5.169003663263465054e-01,4.672787195469201293e-01,7.504343938218153154e-01,5.712267828165512595e-01,2.457422968680532949e-01,6.466530426492727024e-01,5.426483372922338289e-01,5.158263048045330645e-01,3.858688703692141342e-01,5.656966956468902907e-01,6.689210628763573308e-01,9.395270671255808725e-01,4.488323086018257135e-01,3.614723039307051189e-01,4.783704815043015035e-01,8.048701861303283467e-01,7.411790414339489708e-01,6.957843797931386742e-01,5.386496460310961076e-01,6.577310899001163058e-01,6.095377524597522800e-01,5.928847144555521309e-01,7.091710753205755502e-01,4.896756529725442841e-01,4.799031873881844379e-01,6.357083107271112032e-01,7.828760338135960506e-01,8.699794098279889365e-01,7.957476998691277448e-01,9.423577885605656235e-01,2.250584610996560486e-01,3.981386746535033883e-01,7.492812077775158341e-01,4.493994574612641402e-01,5.209887237266375148e-01,4.204743567008406568e-01,7.141556284847794256e-01,9.751427517319393168e-01,2.793538552046255508e-02,4.379255298585667533e-01,9.960112093763304753e-01,5.987094955004395452e-02,3.775481624177884354e-01,7.142739157884255841e-01,5.878113418556667469e-01,7.454663961847132203e-01,4.393693196090184272e-01,7.890569576811123920e-01,7.027170623155091223e-01,1.902874208488125329e-01,4.095213706819734734e-01,5.488895710364040115e-01,-2.619384978028849176e-01,2.853881275796253947e-01,9.103460672824780220e-01,6.694227168381283732e-01,7.605944652550613583e-01,8.034192825073876998e-01
2.644962108224390152e-01,3.387289026770883282e-01,5.885480820178399242e-01,7.392706647710520773e-01,6.096797817296885080e-01,4.086216373310532779e-01,7.947638476238352290e-01,3.366176778021346960e-01,0.000000000000000000e+00,3.480604843013209715e-01,7.963333443520888011e-01,6.134926242081217840e-01,4.910651701549175741e-01,4.028862457760479798e-01,1.314665258076128662e-01,1.310294617495779690e-01,6.100363356013693839e-01,7.583009586571238803e-01,4.916814475061461187e-01,7.876407383901096182e-01,9.576614789112853909e-01,1.612865883472688056e-01,3.666073082934104832e-01,7.449674054549361157e-01,7.519084546198511187e-01,6.525591524986931180e-01,4.714549269627161254e-01,2.477955435402718898e-01,4.427001671161926444e-01,6.358568754093441543e-03,6.236872690070234537e-02,4.295458390345574529e-01,7.638394758900302062e-01,6.317655605711168798e-01,2.304771954422435432e-01,3.066221636334490741e-01,4.428931521140302974e-01,4.938735113555823286e-01,9.100721787147845188e-01,2.547228966983726695e-01,2.600595285295494996e-01,8.222111507288311083e-01,9.485119210859304095e-01,3.892859283542880466e-01,7.260285837394070407e-01,7.916160497752877667e-01,5.076952263807769095e-01,9.993305002516515989e-01,4.459127128497022974e-01,7.497472576167688585e-01,6.175794352138634924e-01,2.740091000214824324e-01,4.534229923810084162e-01,4.171154216011200289e-01,8.003607504814211904e-01,8.367810793582334261e-01,2.502320580920576187e-01,6.666238699185145222e-01,6.122230102074374125e-01,4.905932695870338089e-01,1.354075627239459123e-01,-1.760412747019247659e-01,4.929740268866980024e-01,3.840333730164453563e-01,6.640210656316071214e-01,4.246950137456259600e-01,6.352243322725752428e-01,9.165948615445336234e-01,7.613665022471046706e-01,9.857748872891891612e-02,7.244930870868349082e-01,5.679571675243837436e-01,1.976586562050316187e-01,2.526555993821818502e-01,3.382591417784471810e-01,4.665545341200343366e-01,4.033585780661891884e-01,2.846458459000159591e-01,5.470769784416743553e-01,5.133397293089088098e-01,6.601107622757683702e-01,6.517851713782151224e-01,8.484046654347772165e-01,5.502533723176342151e-02,3.339093798618525399e-01
6.279097164966438438e-01,2.556729502747040472e-01,7.937639184243560075e-01,9.209198409098324767e-01,6.954629984259280695e-01,4.166936040108603079e-01,6.802773265984297657e-01,6.007725656654447910e-01,3.480604843013209715e-01,0.000000000000000000e+00,4.652166866472236539e-01,5.215662075114869678e-01,7.376594931116261522e-01,9.674440371536465744e-01,6.223843117406078207e-01,5.180431631870963116e-01,7.675565006169438043e-01,7.139664088239351392e-01,5.584784238697693137e-01,7.584130712128518415e-01,9.117885060466973668e-01,7.833403397946083757e-01,6.345983677355195862e-01,7.008463809306204606e-01,3.080214413186767031e-01,6.560029501623014792e-01,7.099586621455290514e-01,5.523993145927059700e-01,4.943658457381429616e-01,-1.938088703783383271e-01,4.547142909467197236e-01,6.243747321142752993e-01,3.686358229360846006e-01,8.891303074097475223e-01,6.867240585160403477e-01,4.331950978225531101e-01,1.285373976017427089e-01,2.241111441846038999e-01,6.937423797851155483e-01,6.068875690518870103e-01,4.580974939890610775e-01,7.783058322372091720e-01,8.397932470906004365e-01,7.220946388911588798e-01,9.234920434904135833e-01,4.474271246153943005e-01,9.773113797392484203e-01,5.288361675781810822e-01,6.563417933705266716e-01,6.554865235539856227e-01,6.080958898399404511e-01,5.274442124606482096e-01,8.643819830822881967e-01,1.989130955332532036e-01,8.822711128473580411e-01,9.448081518093440767e-01,5.843345642046744448e-01,5.235429388079682056e-01,8.292357927899082215e-01,6.512169707471392455e-01,2.899392896416214671e-01,5.895274512588796201e-01,5.244936792616790022e-01,5.861232453020921440e-01,8.022953759995886669e-01,4.074824976112786934e-01,8.475225092216770451e-01,9.668981366920864629e-01,4.844085919400243356e-01,6.339989615263599276e-01,7.886711574351166210e-01,5.125104171176655399e-01,7.135683055518838858e-01,3.895120102728535372e-01,6.810967063442538993e-01,3.120773094723298113e-01,7.094014246414462876e-01,2.370937528020227725e-01,2.236002929123018790e-01,5.457379701690436846e-01,6.426288984111583336e-01,6.835011573132827589e-01,6.814283962136498118e-01,2.036448291255459064e-01,5.882866546096612304e-01
7.003675730394843812e-01,4.912077264924932796e-01,6.786641848105406938e-01,9.111230953300871738e-01,6.579580669141567029e-01,6.340331314476471691e-01,6.954293900870386347e-01,2.330993644678480137e-01,7.963333443520888011e-01,4.652166866472236539e-01,0.000000000000000000e+00,9.044550358189474837e-01,7.341670373043488462e-01,6.813541825658908646e-01,5.897464501368911982e-01,6.406685409229186945e-01,6.444986623606004938e-01,7.968338951986329022e-01,6.216507898359558970e-01,8.440522162046628640e-01,6.685686164779227614e-01,7.275901431912493167e-02,5.814386807460023565e-01,6.338944366148583365e-01,3.669351950578029209e-01,6.251281629214450186e-01,3.437872430369001142e-01,5.451138465002494105e-01,7.465500178163049227e-01,7.372139766197658428e-01,5.593378256542776983e-01,5.413610693860896328e-01,6.086762872581944483e-01,9.833890483646620106e-01,6.108625847005128007e-01,2.939817766074567240e-01,2.660473284317306231e-01,7.478683059945981926e-01,6.511153305052644891e-01,6.478620736279308012e-01,3.321964826496698331e-01,5.082409265269174359e-01,6.660624259508085565e-01,6.361230789427770871e-01,7.819527348538337641e-01,9.499329390470298007e-01,7.932184706605405200e-01,2.777470406701478822e-01,5.205262811739533313e-02,6.829971409799404647e-01,4.622340756073159973e-01,3.772376623877586876e-01,5.248805347580840497e-01,5.425605794952480521e-01,7.311190145987719324e-01,4.268459893952869511e-01,4.956136142316466819e-01,5.020376676845187403e-01,7.433511242446199097e-01,2.255736867671462587e-01,5.550405809148324376e-01,5.069525937333249077e-01,4.624482151790577644e-01,5.019130741376852667e-01,9.257065423427432993e-01,6.160003600173826754e-01,5.962177767907994586e-01,6.178458429115178951e-01,3.829396133963319793e-01,3.355386500160609797e-01,5.337101789928906381e-01,2.678695979145089834e-01,2.978659913835968176e-01,2.742247269108789021e-01,1.311829801022178776e-01,3.947961761549052540e-01,3.894805383264346998e-01,5.292235825758109247e-01,4.485445096171832291e-01,4.078350067300353099e-01,5.994972952670950539e-01,3.335740436315443036e-01,5.747067128581259121e-01,2.894098359541596999e-01,5.197326037035653323e-01
4.913318373156423391e-01,8.882070859855056844e-02,7.945350335150288545e-01,3.752904856096768715e-01,8.084491418189347911e-01,1.361835411363474524e-01,6.550623941934973216e-01,7.526778561232497777e-01,6.134926242081217840e-01,5.215662075114869678e-01,9.044550358189474837e-01,0.000000000000000000e+00,3.403660459015774853e-01,6.104017686397207321e-01,9.927611541322447497e-01,7.439034440900852418e-01,6.120918847257307283e-01,4.265689584350028651e-01,3.335684315668140942e-01,9.396351223411124609e-01,6.266472341706378346e-01,2.821331700381117247e-01,6.880478559883713707e-01,9.218349209448503112e-01,5.457732021032232206e-01,5.443337862884941591e-01,8.588705697447615028e-01,2.207436820824317525e-01,1.880136772739323392e-01,2.637257356496561234e-01,5.020097709931620189e-01,3.661764544927439968e-01,5.298316834028713451e-01,6.366355581922024109e-01,5.189548174910825207e-01,8.607459609378403931e-02,3.873900205839633237e-01,8.197381428718013563e-01,6.637007376351757859e-01,5.787220289702473819e-01,-4.680088469050122657e-02,7.828243796008018673e-01,1.978905933504443992e-01,3.077121612210889645e-01,4.067226945935565330e-01,4.791891335857569878e-01,6.821895964240861643e-01,2.719925819142922085e-01,4.991474705354465025e-01,5.830470049417806333e-01,6.864367378621435423e-01,6.038555314128064566e-01,6.312716615068240111e-01,8.521773872093267865e-01,7.210698046425244589e-01,4.625987794628299565e-01,9.687589426826314076e-01,1.321898663737888224e-01,9.628547349579275050e-01,4.137537684390071302e-01,5.063483604565389706e-01,2.455565654345221172e-01,7.915518960856895436e-01,6.522666069951458256e-01,8.256592564378806287e-01,7.732570612827032175e-01,5.841950887329123709e-01,7.600380193325395606e-01,5.839660369218956371e-01,6.064855632166233912e-01,7.431208271400345788e-01,3.236566526321806303e-01,4.624019499737775374e-01,2.659498854705616422e-01,6.575133108119406433e-01,9.490261572857403571e-01,7.423100449887161112e-01,-5.466359108253776578e-02,2.600306077692914886e-01,3.543937039732887317e-01,2.428861691253394461e-01,7.323295494635861935e-01,4.287800883733051682e-01,5.525024081130889275e-01,5.070372260175209922e-01
6.345021992067361172e-01,5.066886370022734010e-01,7.495796668777285898e-01,3.265665901470380383e-01,5.603773667099390954e-01,9.265940223951192323e-01,3.246327404864697286e-01,2.876535397290013174e-01,4.910651701549175741e-01,7.376594931116261522e-01,7.341670373043488462e-01,3.403660459015774853e-01,0.000000000000000000e+00,7.080792867674386981e-01,8.082096478866560574e-01,8.001047906450923231e-01,7.661221053765687738e-01,7.617873508948687089e-01,8.135318135008781093e-01,6.592221960174284856e-01,4.892876758406516924e-01,6.170694314635858380e-01,8.810393929562698734e-01,9.430597917323038093e-01,7.161598177816379529e-01,6.187958185658439803e-01,8.822011046408936297e-01,4.730960145007229167e-01,1.408410430371061228e-01,4.968867928700333725e-02,5.316680825877953542e-02,5.507240713227773421e-01,4.787970393713967820e-01,4.281743657363464850e-01,7.944206767302868233e-01,4.132102761890676379e-01,4.797972523781349197e-02,6.662592389251007496e-01,9.965844480105328085e-01,6.293147176224974659e-01,7.074175872099238704e-01,6.499837097262605168e-01,6.516661204476894564e-01,7.678289533107230946e-01,5.016311367453213377e-01,8.008952102713764454e-01,4.783107169784148183e-01,3.499108053452688605e-01,3.272748698597004458e-01,8.399049642624067946e-01,5.208977552292068935e-01,3.592702674816239949e-01,6.422853810081270431e-01,9.821573723358987262e-01,8.503568790379576470e-01,9.506819652554061584e-01,4.788721555612882597e-01,5.850624258676687672e-01,6.374689644629916163e-01,4.605141071993237301e-01,5.456975709715594647e-01,8.422659281807898246e-01,7.689234945405660770e-01,8.862774559582168310e-01,7.314179336968666956e-01,5.103120610000104751e-01,7.410714650110408197e-01,2.393678591703967962e-01,4.232378563783010389e-02,7.461615194819122276e-01,6.029518313350540337e-01,8.490167006023228158e-01,6.779725964578765529e-01,7.825829982943535157e-01,4.517949130086745813e-01,5.474676920097466537e-01,7.070916900518522397e-01,5.798032510996584676e-01,4.669951400702373467e-01,2.140023579150147626e-01,5.251178960695683795e-01,9.112093152135685159e-01,7.938381695235552371e-01,2.664152903684502416e-01,2.074842916094199186e-01
9.999451129077530087e-01,6.944606919027691561e-01,4.512077387053052280e-01,6.764600696309402972e-01,9.370636888229946782e-02,4.709070718928507482e-01,7.985571696758345661e-01,7.987482680062174545e-01,4.028862457760479798e-01,9.674440371536465744e-01,6.813541825658908646e-01,6.104017686397207321e-01,7.080792867674386981e-01,0.000000000000000000e+00,6.439736948109313630e-01,7.124255856924646135e-01,6.476770226728376656e-01,6.561183286689270533e-01,6.320562018459638942e-01,6.211650368880989870e-01,2.951957170935844421e-01,8.448313627600304576e-01,7.097298610434856769e-01,5.435272948058558207e-01,4.186056750697326745e-01,7.404989454512180824e-01,6.235829680617522852e-01,7.947411888526385582e-01,5.837480842935161007e-01,1.720270454347872513e-01,2.772395300238151838e-01,6.282301884329996033e-01,7.619001784149369572e-01,6.350878170340054085e-01,4.985446245935838960e-01,3.375037872454411669e-01,4.306411368576452681e-01,4.498414323121743275e-01,8.422622091593677807e-01,9.553331496197997597e-01,1.766342318900652186e-01,7.065561936093407436e-01,8.358137994855503461e-01,5.773697224722528221e-01,6.685961562779361156e-01,6.276980205347193476e-01,5.671017583311575017e-01,7.684700815582261590e-01,2.668607031610197300e-01,8.947772094671172516e-01,9.030514468062815769e-01,6.875981656964824662e-01,4.322222474339600939e-01,8.455539221372241343e-01,6.451575554507005261e-01,6.858968632253464870e-01,4.155490750574344361e-01,6.500354221753511519e-01,7.572439332584721683e-01,6.306648295235395274e-01,3.099282811087487044e-01,6.151899117089564273e-01,6.890371032588785694e-01,5.441442052271397989e-01,7.461938357596821225e-01,5.065200659961025531e-01,7.694453747191318804e-01,8.127900425225381698e-01,3.257159176198175521e-01,7.898278751750975601e-01,7.728518425492075794e-01,8.908295094379999890e-01,4.845544104133095997e-01,4.287690030075770320e-01,2.864331182979593660e-01,8.471088050788674328e-01,5.692622628835495302e-01,6.873826869297540165e-01,9.910376587406542759e-02,2.595507148320199686e-01,5.531474946664463044e-01,6.232342388495035745e-01,7.886601118811542577e-01,6.827537812395934047e-01,6.109356950542018660e-01
3.451912474033026479e-01,7.216998243308418992e-01,7.985375855491848585e-01,8.936574196998403607e-01,2.231894427950353033e-01,6.124259989952810512e-01,5.093732506907902025e-01,5.635943619015071349e-01,1.314665258076128662e-01,6.223843117406078207e-01,5.897464501368911982e-01,9.927611541322447497e-01,8.082096478866560574e-01,6.439736948109313630e-01,0.000000000000000000e+00,5.418960403948023391e-02,7.157395212741961554e-01,2.154649958936070142e-01,3.821436071559799474e-01,5.614515364385133100e-01,6.392065542827016777e-01,6.296157337413067490e-01,4.436577231364030593e-01,7.872630753103958545e-01,2.454692849255056541e-01,7.164512326864728164e-01,4.752003288323502495e-01,7.461735501317829922e-01,3.584106804539860525e-01,4.531833575167901196e-01,3.763010586601804874e-01,7.438805200904632375e-01,6.891320381279034679e-01,5.050131919521779755e-01,3.030214303455460167e-01,3.265541630643117310e-01,5.880435049689620719e-01,7.634703006729796071e-01,7.375519593500259319e-01,8.438570362691142357e-01,5.106351884445108347e-01,8.446219002700183776e-01,4.622503905528511092e-01,4.106210798290421682e-01,6.535916691280192481e-01,6.597125094983720128e-01,2.809507143912773897e-01,5.102509605421359229e-01,6.496482817836528589e-01,5.188407338604924535e-01,5.779353614810118778e-01,5.419872880820240102e-01,5.925774661908406182e-01,3.390190237247509009e-01,9.634687955972787154e-01,7.620341695958473549e-01,5.082678940903460063e-01,6.998430040031721200e-01,6.722358276182437420e-01,5.720680690037265315e-01,6.417625247050227077e-01,4.529435864997032879e-01,6.413830451486404183e-01,8.108092992870740146e-01,2.376456268519682447e-01,5.087824684940686071e-01,9.246340218721114113e-01,8.226274999250097197e-01,2.347319971340188494e-01,6.121000893368671036e-01,7.312239526388643052e-01,8.744592009336902283e-01,3.785226594247054210e-01,1.325765406394546764e-01,2.040214101943576552e-01,6.111402472411141540e-01,6.784399004629410035e-01,4.988305414851840758e-01,5.413513449118960708e-01,1.183897573602282621e-01,4.353960476902480337e-01,6.391266043019695475e-01,9.133873242866014097e-01,3.600205211550895901e-01,7.631667897988055893e-01
6.756487650658038469e-01,6.541237169247676730e-01,8.467107079608623410e-01,6.528306865481383614e-01,6.707096933386809123e-01,5.411548014473889223e-01,6.704020808540447351e-01,1.768783110945933434e-01,1.310294617495779690e-01,5.180431631870963116e-01,6.406685409229186945e-01,7.439034440900852418e-01,8.001047906450923231e-01,7.124255856924646135e-01,5.418960403948023391e-02,0.000000000000000000e+00,6.145217898806704104e-01,7.426040294790251517e-01,4.281208324147356414e-01,8.460245550016132210e-01,6.306664952822733650e-01,4.651992826625329647e-01,9.318471148079917610e-01,9.215820454172737319e-01,5.053885779406854795e-01,7.245724309177705713e-01,7.585877561537920366e-01,8.287639120214616018e-01,7.466342995480288458e-01,2.647438901350167573e-01,2.941810202908244909e-01,6.900105394437724415e-01,9.437305562763387279e-01,5.406818850068508819e-01,7.844249875035560482e-01,2.248549396328313188e-01,4.765426793654783388e-01,2.099930344292517959e-02,9.172926679049623333e-01,7.556131733217377189e-01,5.283479351216872066e-01,5.423684327742780420e-01,9.867573897602160971e-01,3.064558309097727418e-01,8.156956253806434409e-01,7.181364274633101896e-01,6.328504451475310821e-01,6.088978860353934097e-01,3.780226016673692291e-01,7.702335113255331933e-01,1.911109861269955079e-01,7.029073042132651938e-01,8.047713577462495271e-01,2.192399539821961452e-01,7.571026046757147743e-01,5.191552380473440920e-01,7.481222732147785326e-01,7.176970110823833737e-01,8.245678998006866767e-01,6.296204800700228033e-01,5.897943125234270667e-01,4.519070216044223098e-01,9.956178924265385310e-01,5.884907899652723762e-01,7.945160339439689690e-01,6.690244898640458349e-01,7.494614113983686376e-01,6.068746602519984323e-01,7.860907067896122369e-01,3.231488835810394367e-01,6.932513004729037309e-01,7.884498633070413653e-01,5.198746364820581167e-01,3.775451146677285541e-01,2.695978474639657008e-01,7.486328751643316348e-01,6.485699991048998747e-01,5.898313022857504251e-01,1.809390412108661250e-01,4.353431631058068407e-01,4.412044135720958882e-01,9.808458858088382470e-01,5.789851953379832050e-01,6.656181734770726111e-02,4.209370825581443820e-01
8.210061436046350858e-01,2.173142480451658032e-01,8.116215218876565718e-01,4.181756086081024337e-01,6.999173856163916074e-01,5.762481883482235556e-01,7.824014216800156962e-01,7.988891317770321354e-01,6.100363356013693839e-01,7.675565006169438043e-01,6.444986623606004938e-01,6.120918847257307283e-01,7.661221053765687738e-01,6.476770226728376656e-01,7.157395212741961554e-01,6.145217898806704104e-01,0.000000000000000000e+00,4.207768042911374518e-01,5.612562842682304876e-01,9.851956228920675240e-01,6.702420831312652094e-01,6.018006596070464287e-01,8.446014113130573264e-01,9.912980337533069397e-01,3.548607769949767010e-01,8.057259881446842131e-01,6.447089484903636425e-01,7.922466238636809432e-01,3.602161934610558780e-01,7.800365233440281765e-01,9.995073291574341212e-03,3.991125597992840612e-01,7.959443876010152685e-01,4.216689255052514240e-01,-1.309467093575850116e-01,4.853928967068641409e-01,1.997485257071940357e-01,4.491914915683754006e-01,7.392010764205112494e-01,8.859926327583027561e-01,4.795663114505951397e-01,4.993429884261340601e-01,5.058166083213081476e-01,5.290970603884935786e-01,8.995665453064274342e-01,6.839341391752836730e-01,7.375274859441118824e-01,7.540568399196956317e-01,6.473869316933420492e-01,4.187583552684312482e-01,6.863769234153550558e-01,8.471335799059342975e-01,6.658851967674606076e-01,8.732773313375834512e-01,2.659260485393651896e-01,7.111249720123143936e-01,9.803879170417694189e-01,9.911529137493038100e-01,6.255882870147245756e-01,5.032824518125751379e-01,6.406847513088744783e-01,3.115834078898310766e-01,7.314361086080451990e-01,3.571835211926261966e-01,3.734921815644741683e-01,5.414207603254015400e-01,7.961720550527562335e-01,6.980097516768006827e-01,2.631906313652504492e-01,4.731810829348175318e-01,7.523813100695647682e-01,6.684122886860701662e-01,5.284904656770147424e-01,4.674846654702176640e-01,6.681061446941959359e-01,6.197857208075058244e-01,6.891958902560694211e-01,7.484098829932538388e-01,5.874843191999502556e-01,2.084475792319082088e-01,9.032282339281725303e-01,7.975951439691274514e-01,4.710510912784794391e-01,3.662039825863125930e-01,5.954317311988224226e-01
9.458882322634891704e-01,7.147994067132038554e-01,6.910071229123280201e-01,6.512693764018894216e-01,9.385054971713752137e-01,2.593739455545842620e-01,9.387529724312922152e-02,6.804479276640967855e-01,7.583009586571238803e-01,7.139664088239351392e-01,7.968338951986329022e-01,4.265689584350028651e-01,7.617873508948687089e-01,6.561183286689270533e-01,2.154649958936070142e-01,7.426040294790251517e-01,4.207768042911374518e-01,0.000000000000000000e+00,5.059269396843727451e-01,6.728205780786127299e-01,2.174963430967213340e-01,4.506006707940043987e-01,3.401255020143576502e-01,6.594657717558143339e-01,7.371611666160262644e-01,3.058350682021882538e-01,5.437717134982662515e-01,5.201389576574920737e-01,4.973445260079868424e-01,5.364061661579753171e-01,3.803621883085389621e-01,4.725999975810045717e-01,-1.389622217092593981e-01,6.158166441700954064e-01,3.680823869502718448e-01,-9.044106476180015231e-02,2.097187529393523542e-01,5.855940943526416476e-01,6.800774808038742014e-01,6.470144107818268098e-02,1.609916054025139764e-01,7.820318256175097238e-01,5.722531324174052747e-01,7.240218657087048593e-01,6.530158249776591983e-01,3.529380330209169747e-01,5.614042760240685048e-01,6.129542606910861613e-01,7.479725781182506861e-01,4.681121716299529445e-01,4.574647488445937049e-01,7.569048138324621089e-01,4.289779197993305315e-01,2.598214663210098307e-01,6.829990322062583497e-01,8.865993443909100380e-01,9.511771467512083467e-01,6.726691931629735777e-01,9.532619342642385529e-01,7.891621128351187231e-01,2.857992565695160470e-01,6.550302596907587871e-01,5.990962333520468697e-01,7.188020147688234385e-01,4.518026737006573534e-01,2.101615628682756698e-01,8.026783666704769837e-01,6.271408994809054560e-01,6.976524881438136427e-01,6.255600551081440530e-01,7.635513223183976184e-01,9.043571225206997743e-01,7.393962457395206744e-01,4.672565253566910437e-01,5.056031123272356487e-01,7.124326347584468699e-01,6.695738184634807411e-01,5.034428944622337809e-01,2.067747648773423930e-01,3.190797338656311544e-01,4.741420343264940440e-01,5.430379510727951775e-01,6.056236019389386049e-01,4.874701838793124020e-01,6.355090129315354996e-01
