0.000000000000000000e+00,9.845771435168988450e-01,9.669899440314549954e-01,9.501077643926340022e-01,6.550327920541061388e-01,8.760241324720406952e-01,1.400519457302796811e-01,6.506707613669472368e-01,7.510812758403421219e-01,9.307554159455260212e-01,9.843786094255451147e-01,9.889526164000994601e-01,3.882300049430597033e-01,4.573570129679838114e-02,8.524792610884321942e-01,5.747642590621687697e-01,9.739911976022566087e-01,6.976818390688592775e-01,8.720138928145806378e-01,5.773575130829530222e-01,9.402357116412172200e-01,3.274777630717241594e-01,8.258650540796420580e-01,2.261114384483819406e-01,7.482487384810394548e-01,6.971956037329088973e-01,9.498003844488993597e-01,9.566837580035845168e-01,5.045031241780008058e-01,3.528306816334045859e-01,6.620709301864860508e-02,8.256377138372869018e-01,8.101473557771291523e-01,8.895627669266373827e-01,2.245252420112480163e-01,5.182164887273035259e-01,5.220942020627707958e-01,5.278016810697394590e-01,8.195501951398559415e-01,7.065485244299654077e-01,4.982926706605802503e-01,9.786563677899864366e-01,9.929375187917089951e-01,6.687366203220814764e-01,7.567130638426997624e-01,8.193997773460720557e-01,5.286296263664547190e-01,6.118024357982043693e-01,8.208612527646067525e-01,9.485329719061972309e-01,4.382190672609831972e-01,8.951167114653013623e-01,3.879613015553302624e-01,8.960066240582885699e-01,4.298987079682501378e-01,9.703745381304160755e-01,8.144745084666716872e-01,6.788173679144817729e-01,7.634431059603943304e-01,9.061939869801647340e-01,1.174961329508204255e-01,4.141608944715528540e-01,5.591670266263618627e-01,4.519822112229582856e-01,5.950884129865120498e-01,8.200235438923498821e-01,7.228342192732120086e-01,7.207675740004952925e-01,6.458852224228541772e-01,9.370910214465774102e-01,5.596539636094198800e-01,7.741104311589558362e-01,6.250619354040167774e-01,5.433107208634695429e-01,7.574136699546891727e-01,4.628292714768545424e-01,6.170902481364031189e-01,5.126641795046881223e-01,5.554981250599112519e-01,4.521130420383368542e-01,3.879505848352853281e-01,-1.646551733443556709e-01,6.038824426469135975e-01,2.861718831196319868e-01,6.384663951224363032e-01
9.845771435168988450e-01,0.000000000000000000e+00,7.527466599121775959e-01,6.932912272567458567e-01,9.438339457587682224e-01,3.449270030901013806e-01,8.070831290742334074e-01,3.681684542270525773e-01,4.746676249615244259e-01,8.046742242414665069e-01,3.659372809054235454e-01,6.828878751910015810e-01,5.949032001542815529e-01,8.899048621112450874e-01,2.067789866924967246e-01,6.008334772462465834e-01,4.626643458192398750e-01,8.420065857709682633e-02,3.923690979233673826e-01,4.113996045151694370e-01,5.669306021661757455e-01,6.094270277845902362e-01,3.508744697774339727e-01,8.715203582506637625e-01,4.694704057577564482e-01,8.633751046648420191e-01,5.653524904810842688e-01,5.527166566831658301e-01,1.492075524332006631e-01,2.086636978665922793e-01,5.814709417292833749e-01,7.779714837651656723e-01,7.921883539736569446e-01,5.636128269160447513e-01,4.846298607182669693e-01,6.277660419286089644e-01,4.288467578404845382e-01,8.386204747545956684e-01,9.648696553748632443e-01,5.571765518869096212e-01,5.679490905699080550e-01,7.525435923070482591e-01,8.237081116011444326e-01,9.750267511587686897e-01,7.381163925170355355e-01,8.533964125458954886e-01,6.491326296857490297e-01,9.697884073856770648e-01,6.997135358608078670e-01,5.314846114406681643e-01,5.043531243555422483e-01,6.616845036378282696e-01,5.682341921250643191e-01,6.181312578838812355e-01,7.093473992244897497e-01,8.679008320804241228e-01,8.310387177124249902e-01,6.199011934022639059e-01,7.875287008328575311e-01,3.923013161607469268e-01,4.072895754904782284e-01,6.362150274859882382e-01,4.108034079940915406e-01,6.308123201672598546e-01,8.369239726223122178e-01,2.924089383028050104e-02,7.077283423640354787e-01,9.724242205109350223e-01,4.495794001091981684e-01,8.371484153923673954e-01,5.208956650926463983e-01,7.282245705788888968e-01,5.448412982484440725e-01,6.787198878755540399e-01,5.307392077822772891e-02,6.505554808761404573e-01,9.785288964494289754e-01,1.226192291518057864e-01,2.578972867212350750e-01,3.954933583024504706e-01,2.400483580854908816e-01,6.831982444709473468e-01,3.361585186211306642e-01,7.131250981363728147e-01,6.586385705894413078e-01
9.669899440314549954e-01,7.527466599121775959e-01,0.000000000000000000e+00,9.799847255625074860e-01,9.399259169622778964e-01,9.177797885927572175e-01,7.568100844429279661e-01,9.296532426355204048e-01,9.997648701373401670e-01,7.393109740726335755e-01,7.078046875698468243e-01,7.214332860518355428e-01,3.368234531332667814e-01,6.783795313571820973e-01,7.827170202450233205e-01,6.676487749804909111e-01,9.314800522775250613e-01,6.099552861305905793e-01,7.514324045690570220e-01,9.732865938374717363e-01,7.528722783248461559e-01,7.166890859216106247e-01,7.345384176962603817e-01,9.414529176792317822e-01,7.462809383975529398e-01,8.037167389707700060e-01,6.855504424080484105e-01,7.971717698108433670e-01,3.087385294600963337e-01,3.796915903714913609e-01,8.409474002639186208e-02,3.819397590263906746e-03,5.241038617928065468e-01,4.841677556461002618e-01,6.288623619426955136e-01,7.923544874987363817e-01,5.720829417654341720e-01,8.392768925010563041e-01,5.645392332515866141e-01,6.767310760363139110e-02,3.959201478574821964e-01,7.861388616614861657e-01,4.627702014443044742e-01,9.251333306260135503e-01,6.459694510764478759e-01,9.016291195893161303e-01,4.163428379422470793e-01,8.178352038838740956e-01,9.551285327514467127e-01,8.347447567886656650e-01,6.314013455085593085e-01,7.853911462239538954e-01,8.609427771915547645e-01,4.090939053020759553e-01,6.958758584984510165e-01,6.677648013617366596e-01,9.318702984558751012e-01,6.997808140044272651e-01,2.242944531569835698e-01,6.059229105330149467e-01,5.037085325027306215e-01,2.071597435845043411e-01,9.236829902123848690e-01,7.038409981779033542e-01,9.370522873013923393e-01,5.056604882835905590e-01,6.765180019066349137e-01,8.578392597094580685e-01,7.797014126451777827e-01,9.055317392625789052e-01,4.709246159337341364e-01,8.448690144514028333e-01,1.716653642884685693e-01,5.365828320719163713e-01,4.257072307491734930e-01,6.595243813239578534e-01,8.107444332641593476e-01,6.365066064963620374e-01,1.829337969310235457e-01,1.987914373893182318e-01,3.890019955761483406e-01,5.989590175931002181e-01,8.467036826451531661e-01,8.769466524289484255e-01,8.883741543279934927e-01
9.501077643926340022e-01,6.932912272567458567e-01,9.799847255625074860e-01,0.000000000000000000e+00,7.902899128932412420e-01,3.845790888008743247e-01,3.238090600638612315e-01,5.630663191288731717e-01,8.572523771688416172e-01,3.874546700239068220e-01,8.495926222682335105e-01,7.301839613988687638e-01,8.419140829612966614e-01,6.335744205557829467e-01,2.227218093571209923e-01,9.951793085037006215e-01,5.514397842580244236e-01,7.947368540822372651e-01,7.089853370024280510e-01,8.659547829172432598e-01,4.308124053798489950e-01,7.368636363800751266e-01,9.818859666519451634e-01,6.229619570067436163e-01,4.374515752283364978e-01,8.160622533005227330e-01,8.765786392528293058e-01,7.580180523609305610e-01,2.007679481462919246e-01,2.171223755201284189e-01,7.684132658870979071e-02,3.629559907069164204e-01,4.796516336485672216e-01,4.473986868564031050e-01,6.047402438855271622e-01,5.732155255051567533e-01,1.563433523038234019e-01,5.315204140036160485e-01,6.859805225354036473e-01,4.060978772116078939e-01,4.916763439717554696e-01,7.725472650559040977e-01,7.113289401628255515e-01,8.856460611886243228e-01,9.135496829592768542e-01,4.027526059343162212e-01,3.498269692050078872e-01,9.016374342800398400e-01,7.079927477731418062e-01,7.268056015242740919e-01,8.149024255256455129e-01,8.408655617774944968e-01,7.286231081154274092e-01,8.875192655912990114e-01,3.510747766147330751e-01,3.220636755259327355e-01,9.408482715591397483e-01,9.279188884410145555e-01,4.137724852028962230e-01,1.741919757355968046e-01,5.490048063616921326e-01,8.490333876279572145e-01,4.588451368723543422e-01,5.674788272472749417e-01,9.276170937355650015e-01,2.374979353418762429e-01,6.714047221091279383e-01,8.648112325192636174e-01,5.086305232333131476e-01,4.421015271125792734e-01,2.528511020356339900e-01,7.061905042048161052e-01,1.187686182475334723e-01,7.082429083961050420e-01,3.234509122643445256e-01,8.221291322926469469e-01,7.803829321155212329e-01,5.722025555454418599e-01,1.443137495768307133e-01,4.565146829703318754e-01,4.943068789230136151e-01,4.656486542453138755e-01,5.889945531022515723e-01,4.059017924337552374e-01,6.878677996539530604e-01
6.550327920541061388e-01,9.438339457587682224e-01,9.399259169622778964e-01,7.902899128932412420e-01,0.000000000000000000e+00,9.939938861071415666e-01,7.039181256403111153e-02,5.025019395885678142e-01,3.582456042686442688e-01,6.675834603439847470e-01,4.007261013672981376e-01,2.846409716118432076e-01,4.737340738071195712e-01,9.963778906676333813e-01,6.750771167256410799e-01,7.499663967488554572e-01,3.479938224587441065e-01,4.653709875240444882e-01,8.949348939161947403e-01,8.255020750736888901e-01,9.671683995689105418e-01,6.860743221349195897e-01,8.231530144490943890e-01,6.503935862614664831e-01,7.468187198143527716e-02,4.849721046369961375e-01,8.043682381654253533e-01,4.704186438724123343e-01,3.920562188839655793e-01,1.189857479445452920e-01,3.576971981881236218e-01,4.729246310028523137e-01,3.732847419035278946e-02,9.806546449421258416e-01,5.876873886457762985e-01,3.983219069278090552e-01,1.848867818168086763e-01,5.576500480995371101e-01,6.172787588619103039e-01,8.385085030648772308e-01,4.826709937017096275e-01,9.263979258495376456e-02,9.979130598624581516e-01,9.323416246861805368e-01,4.711681219816546973e-01,9.436811894473347007e-01,2.052387358399732353e-01,9.950138181068756138e-01,4.372555285509383549e-01,5.493163048158272721e-01,6.361365983939228919e-01,9.614832049269406156e-01,4.420135957026120055e-01,9.884816046721214278e-01,8.912971785077358211e-01,8.095465123876900426e-01,6.245406127663405416e-01,2.521655382737195694e-01,9.729813036906870272e-01,5.480628497950350564e-01,3.782759149746804384e-01,6.531243342907915306e-01,7.088169638290885421e-01,7.581397166489287631e-01,4.291389450216865353e-01,3.807473700276613471e-01,5.603200579310617657e-01,7.905504417291843167e-01,-5.692303582514823823e-03,6.333694154213705962e-01,8.693868467635739172e-01,9.503948041796692614e-01,6.858754790939675106e-01,5.497990291370593585e-01,4.944007306047923378e-01,7.297983491228856590e-01,3.148048207909089347e-01,3.835571856259358814e-01,5.506228768247248828e-01,4.675836645900944832e-01,5.086139087273975345e-01,9.458078887321855754e-01,7.669921921671516429e-01,7.309980747474980056e-01,7.988464655555314042e-01
8.760241324720406952e-01,3.449270030901013806e-01,9.177797885927572175e-01,3.845790888008743247e-01,9.939938861071415666e-01,0.000000000000000000e+00,6.233503721019300059e-01,4.171259748088864128e-01,6.040748022182809152e-01,6.880646725305690492e-02,9.566272782494975591e-01,7.006160427112684275e-01,3.248291471759437443e-01,6.866250478984231576e-01,5.223249268302367909e-01,5.933054157813234530e-01,8.360523745497620007e-01,7.254408233279627805e-01,7.640371451800284097e-01,8.787644896195058175e-01,8.393565514010192796e-01,8.428901791103792229e-01,4.058883733312291797e-01,7.425516350396408338e-01,4.440418294464975602e-01,6.131719375237162373e-01,7.344272038953822967e-01,4.766782080976520453e-01,2.724929994087963991e-01,4.673165550385725009e-01,-1.102889193197166412e-01,2.231818386813201605e-01,8.544785440484209404e-01,7.146616105905608807e-01,7.843694186396410473e-01,7.829940145839462406e-01,2.874908162674292833e-01,-4.528428563427258635e-02,7.056415087853530332e-01,4.550610455827913681e-01,4.488039496164428765e-01,7.818444128675159366e-01,6.677430389424590107e-01,6.488018992050778033e-01,7.640776371891749852e-01,5.540800139309279282e-02,8.115439515391410508e-01,9.723045160746106585e-01,9.490492428622117060e-01,6.632670248294867399e-01,3.713523024740691958e-01,9.141517073784499736e-01,4.838539082283774828e-01,7.401965548135619466e-01,7.164498862958794678e-01,8.392764382303221637e-01,6.199934048749194959e-01,9.926247020971428192e-01,6.607246475808015163e-01,9.947609839280835420e-01,2.411516491978208943e-01,6.203376463749924463e-01,2.976359326824263851e-01,6.945315185175399142e-01,8.673078284125077531e-01,4.992457795508973839e-01,5.472517058510818488e-01,6.181843214019787647e-01,7.936316706960717671e-01,3.433004606462358721e-01,7.881083964644220938e-03,1.161981338147869969e-01,1.318437345987519271e-01,3.941147108521477760e-01,5.652492403552293876e-01,7.410837919832223841e-01,7.000960780714549081e-01,6.677406337573519313e-01,4.145592356917925381e-01,7.647728910802882307e-01,4.197318403003812426e-01,8.007251046295221775e-01,5.607610905955555669e-01,6.954199256858408784e-01,4.202949808324226155e-01
1.400519457302796811e-01,8.070831290742334074e-01,7.568100844429279661e-01,3.238090600638612315e-01,7.039181256403111153e-02,6.233503721019300059e-01,0.000000000000000000e+00,7.966638260688216899e-01,4.911145759919272602e-01,1.714607525553738521e-01,7.710556620207335010e-01,2.790664426146515220e-01,6.114319537250415548e-01,5.349478604997353060e-01,6.332751465239249145e-01,7.194533986310660545e-01,7.017784037541774378e-01,3.950453551702027832e-01,6.872286631330458695e-01,3.622841643477802132e-01,9.941554623892173703e-01,7.579767897138049992e-01,4.523154144951495037e-01,8.915377937292785493e-01,3.669428514433344946e-01,7.743071338871988507e-01,6.527212695224542394e-01,5.736003858457486837e-01,8.108724262217335832e-02,2.231275817739120093e-01,1.383354870621318067e-01,9.925187703766040759e-01,6.590748907021217740e-01,7.352419392969735679e-01,4.065653995777677165e-01,5.592774122315560259e-01,5.885353612468806617e-01,5.289339893041117291e-01,8.000467995937635690e-01,3.475223306025289616e-01,4.521150639333013088e-01,2.701961197826823757e-01,5.578860270799255172e-01,4.477446440217277002e-01,6.476333058293822775e-01,2.957005301561183574e-01,7.635457113060394319e-01,3.094698128501835455e-01,3.105252581216507712e-01,4.039054675400376437e-01,5.552936021771781583e-01,4.040129756634273650e-01,5.285758723854898644e-01,7.280423649758498428e-01,6.738313127492432386e-01,4.878038720622542845e-01,5.616538523743138667e-01,2.165784155018945500e-01,4.440257876184480201e-01,-1.917857022407132572e-01,7.801913246975890059e-01,2.003220479416172317e-01,6.057256892492043354e-01,7.498871729359682936e-01,6.382858849271904056e-01,2.899483093711854864e-01,7.880845290902069866e-01,3.114836428344632813e-01,7.742713815082408191e-01,4.950104093900994373e-01,6.629739652423728424e-01,-6.343303225637936249e-02,2.019259816578491962e-01,1.264297736871838052e-01,6.238920533778570254e-01,4.228021674891010440e-01,2.206790294516106088e-01,3.954669963860836801e-01,2.979773139174801133e-01,4.399962112708484807e-01,4.567319934295657746e-01,4.392735072875975089e-01,5.250034845493668501e-01,3.721499739058162781e-01,6.066535773060129921e-01
6.506707613669472368e-01,3.681684542270525773e-01,9.296532426355204048e-01,5.630663191288731717e-01,5.025019395885678142e-01,4.171259748088864128e-01,7.966638260688216899e-01,0.000000000000000000e+00,5.674356618129299257e-01,7.236772946896761205e-01,4.476328849523587561e-01,5.581961302101015043e-01,6.915710378082537968e-01,6.654435505404888707e-01,8.189909404550804739e-01,5.162909983139247760e-01,9.332090507539632096e-01,4.373405222044122742e-01,1.345600254186485045e-01,4.481279512164250689e-01,7.524776351003995556e-01,4.377842569556686381e-01,1.817865888374333716e-01,6.141436017410998316e-01,3.406328768300820875e-01,7.562826834230006456e-01,5.377288930039333392e-01,3.211833590439955310e-01,3.367498612469544406e-01,7.174525577491479567e-01,5.646765720621607088e-01,7.533328496766138471e-01,9.713253936287458146e-01,2.570067763952299522e-01,-4.285172516274082799e-02,7.597373607800277373e-01,2.014621509752443917e-01,6.794972731265180865e-01,9.871694112549883604e-01,2.930462974461625278e-02,-7.350284367916964934e-02,7.515680001877045324e-01,1.093868842279114295e-01,2.981086973177139998e-01,4.903377282194146813e-01,6.191062877889572796e-02,3.453261547822026323e-01,9.468295657367853391e-01,5.209309939846172854e-01,5.626869072297060459e-01,5.352614238024278048e-01,3.765439949217505022e-01,4.963771388558863573e-01,8.513778277959548335e-01,4.564593252782110921e-01,8.773288080927575949e-01,8.270542492822784419e-01,4.667277273226943524e-01,5.657052201926785484e-01,5.216280728471406336e-01,5.500214844105774104e-01,4.607163812660939883e-01,7.320459834514789765e-01,6.411296720202863675e-01,6.588047815957775999e-01,6.106081360819806125e-01,2.004155760422978161e-01,4.710051151863364760e-01,-3.398721189164435885e-02,6.903584056919984668e-01,2.857463168801120390e-01,5.983597596652423523e-01,5.858730601305136565e-01,2.376492095592796783e-01,4.699784238238541856e-01,5.604515951757103043e-01,4.893099461903182013e-01,5.002968788408025391e-01,3.189324859376651000e-01,6.482302731491329517e-01,-2.743367981155336865e-01,9.390048664662711264e-01,7.976980378397270366e-01,3.139261106988994188e-01,5.407646134298340623e-01
7.510812758403421219e-01,4.746676249615244259e-01,9.997648701373401670e-01,8.572523771688416172e-01,3.582456042686442688e-01,6.040748022182809152e-01,4.911145759919272602e-01,5.674356618129299257e-01,0.000000000000000000e+00,2.358487655381224790e-01,2.681374017635828055e-01,4.595989572757867014e-01,3.788393399201466227e-01,4.726285996120944688e-01,6.894751858552455870e-01,2.652848327675457196e-01,9.683461754371520680e-01,7.647009542872597043e-01,6.176916492706945316e-01,6.129739481797011891e-01,9.151387208281316354e-01,2.838767682792483482e-01,7.291876724066902460e-01,7.720815845816918488e-01,4.133939204317338967e-01,6.509515702073677135e-01,9.490534723510243298e-01,2.773700306632051471e-01,5.493141974969343311e-01,4.227092500724667912e-01,4.804387927323179597e-02,4.374504998311327109e-01,4.523930868075454192e-01,8.705833629811846608e-01,6.111886919249288203e-03,7.731739093541303287e-01,4.937529248066890863e-01,5.597604933769699809e-01,9.392086091462745756e-01,5.126510264029920938e-01,5.791260196336610599e-01,3.493513906865819418e-01,7.027728538772342048e-01,7.056434731612347411e-02,6.629835125912332261e-01,7.100726973648835427e-01,3.538927645633502816e-01,5.652974793516185592e-01,4.710656080341172336e-01,4.073380525375593919e-01,4.113514742773939359e-01,7.907123008097783901e-01,4.404683700741712782e-01,5.551078683870056540e-01,2.254550377726486643e-01,7.052452631900075763e-01,7.853632656141278368e-01,-3.053727609730147452e-01,5.498728980314995241e-01,3.015879170716256885e-01,4.860582943059459926e-01,7.118677028408390006e-01,4.810916899130263658e-01,7.145764510110533818e-01,7.198502583793315868e-01,2.634494716266301828e-01,6.411808035114815452e-01,6.132009145784502735e-01,5.172132641935746067e-01,6.991761400432996432e-01,2.005186091581689645e-01,4.800295372239855030e-01,7.388678260573674494e-01,2.815962679488807630e-01,7.623878550982611246e-01,6.567087517778162908e-01,5.086782412966308620e-01,3.032356438495674711e-01,3.102937532210489624e-01,1.750384444987099497e-01,4.010462170019554184e-01,7.568935491451933562e-01,7.037987411593193965e-01,-1.176528949334600949e-01,5.378556357403324606e-01
9.307554159455260212e-01,8.046742242414665069e-01,7.393109740726335755e-01,3.874546700239068220e-01,6.675834603439847470e-01,6.880646725305690492e-02,1.714607525553738521e-01,7.236772946896761205e-01,2.358487655381224790e-01,0.000000000000000000e+00,7.262628047779251528e-01,3.256210140640184991e-01,7.298166247186959055e-01,6.587280057881957918e-01,7.059490847534011237e-01,2.567491638116984332e-01,7.003733788712936947e-01,7.630726628557771285e-01,9.651692872071050422e-01,8.095433399035231181e-01,5.903376606340935417e-01,4.524195425840438767e-01,8.813887260989268224e-01,7.901801929499547850e-01,1.517961363170325928e-01,4.323499021562269284e-01,6.757995966895650186e-01,6.344895791917608552e-01,7.745302023233328059e-01,4.709689906545674876e-01,6.635670922150153084e-01,5.602970526553806563e-01,6.560382052220865567e-01,8.743793426065797902e-01,9.293905099840104045e-01,3.069227825818158784e-01,5.024887353350140362e-01,7.100361982427007002e-01,8.876235046974717546e-01,6.121372852374573625e-01,5.005428046003143061e-01,4.474283459882618108e-01,8.867301451105558119e-01,6.528393422698640647e-01,3.214693506804743306e-01,9.336222498016503168e-01,5.732021965162220623e-01,6.293381635046834122e-01,3.699121002623239618e-01,3.717204529437763139e-01,7.515829649463855455e-01,5.492083595501008331e-01,5.738612215712215470e-01,-1.807469012878718806e-01,9.712252407205040905e-01,9.458551188468619086e-01,8.983321285837388981e-01,5.673228443694491308e-01,4.358205605591077836e-01,4.262652578111796875e-01,7.649432115527717846e-01,4.595700779230844635e-01,5.489910892715409441e-01,4.287405286499303414e-01,8.300123797561209660e-01,2.401841951524250340e-01,8.192032955638499647e-01,6.682080614238093963e-01,5.344435744260023213e-01,4.243489681302065608e-01,7.022668621729196703e-01,8.089533570358595771e-01,-1.972742319661569821e-01,6.680878021762857166e-01,4.723766843305633456e-01,9.446954399375729894e-01,7.166661330719876766e-01,8.165801006362780612e-01,2.894835630929666337e-01,3.467055633157938299e-01,4.831912058006136435e-01,9.464143546358246839e-01,4.858423367896567147e-01,2.396065421527547312e-01,7.423879623386213655e-01
9.843786094255451147e-01,3.659372809054235454e-01,7.078046875698468243e-01,8.495926222682335105e-01,4.007261013672981376e-01,9.566272782494975591e-01,7.710556620207335010e-01,4.476328849523587561e-01,2.681374017635828055e-01,7.262628047779251528e-01,0.000000000000000000e+00,2.557754606075020587e-01,7.091384050860747301e-01,5.143484358018014513e-01,4.008249491781376017e-01,4.317157857627850204e-01,3.899101921361430856e-01,6.780608932195043570e-01,5.516425438826457750e-01,6.353798474082013037e-01,6.506513388939556553e-01,6.060749032572507744e-01,3.978022197540339588e-01,5.071942198926623346e-01,5.585764570965010556e-01,7.909341867076942201e-01,5.374349236860902490e-01,4.412672098563235057e-01,5.197457861643391963e-01,4.175629405826060125e-01,2.997940520700356215e-01,2.268995334555532761e-01,8.180680927175459916e-01,6.488035067231479047e-01,2.997906342827565962e-01,3.452417649788533383e-01,2.603303406027994704e-01,6.303837085745644941e-01,8.718367847058221543e-01,6.384630267003527093e-01,-9.808611530009866963e-02,7.487119781041839950e-01,9.694725514655317955e-01,6.832469028172858394e-01,6.551771691152703525e-01,2.312403993277833969e-02,8.703767438388435584e-01,4.514786434614733168e-01,5.337363472498113381e-01,7.588721349907235902e-01,7.179943465808541481e-01,8.647864777506834022e-01,9.277632171406342554e-01,7.305787466311035594e-01,6.243427173645494932e-01,9.840540945936245842e-01,6.874231889569990539e-01,5.829437733811118072e-01,6.745567631745552628e-01,5.557241929650488244e-01,-3.320674941388801482e-02,9.827927288003808215e-01,4.873405054906416178e-01,6.469073509287165402e-01,7.702744319958996222e-01,5.995881882587494882e-01,5.936361906151929047e-01,8.855575744586960951e-01,4.870007677055424589e-01,8.402765540116137188e-01,7.328156336027340512e-01,4.111413843548185065e-01,5.432946010285502059e-01,4.186320646927120803e-01,3.055143080192661564e-01,5.484108100141438236e-01,9.462299474605179173e-01,4.686609092712930025e-01,4.315004218910682976e-01,4.036057494057322392e-01,4.014158763940736119e-01,7.043032550902006417e-01,9.220992987301142030e-01,4.925211758979828325e-01,8.078845060901056474e-01
9.889526164000994601e-01,6.828878751910015810e-01,7.214332860518355428e-01,7.301839613988687638e-01,2.846409716118432076e-01,7.006160427112684275e-01,2.790664426146515220e-01,5.581961302101015043e-01,4.595989572757867014e-01,3.256210140640184991e-01,2.557754606075020587e-01,0.000000000000000000e+00,1.435155492993927806e-01,8.340877920278261248e-01,7.928484398805160094e-01,-9.472516281963760942e-02,6.489251413947386693e-01,6.091793537196488195e-01,4.300820641752288731e-01,8.337048968757134748e-01,7.920245944606355559e-01,4.136775615345063550e-01,6.234164029485069758e-01,7.066759478118220805e-01,5.881289794654751546e-01,7.794886721386500295e-01,5.380241925450094387e-01,9.249383326675020278e-01,6.411574514683968662e-01,5.775690450320440927e-01,7.314258474689778744e-01,2.962068446155099455e-01,3.751486204938949687e-01,7.228215138527639416e-01,4.260134660427761788e-01,-1.367433043981405860e-01,2.813721583108697022e-01,8.220570430379825488e-01,7.650762926349067294e-01,9.663384257370516428e-01,5.806028517669744593e-01,4.164735964291979009e-01,9.470815779434003101e-01,5.315300763154128250e-01,9.727782246354816920e-01,9.503819921047822472e-01,3.477992438825117105e-01,8.534782226892215773e-01,5.481763827184313875e-01,7.613649055680824507e-01,6.038499219917130567e-01,5.399683573615706722e-01,2.497516040012219274e-01,7.648854721009088475e-01,6.140253388357439501e-01,6.070473709173631605e-01,7.049952317832646198e-01,5.181977557811990875e-01,7.099854723468150830e-01,2.764170031045131148e-01,2.458004752833269912e-01,6.887771126376016628e-01,4.016319059548768000e-01,6.005575050832335782e-01,2.727742921500697637e-01,4.313413723489201157e-01,6.635953965822959377e-01,8.044401805179072218e-01,6.248208698007918782e-01,8.751914508713199981e-01,7.020237565122087187e-01,6.586477814082039028e-01,2.283186217247453464e-01,3.490089673481188703e-01,4.605820206580044651e-01,5.251678353882208716e-01,5.555885355580689744e-01,4.062850535763726789e-01,4.459529438563590298e-01,4.751312351164118652e-01,6.707734773728835087e-01,9.240505201209303632e-01,8.467990153989919389e-01,5.285024631034936915e-01,3.326398990960843793e-01
3.882300049430597033e-01,5.949032001542815529e-01,3.368234531332667814e-01,8.419140829612966614e-01,4.737340738071195712e-01,3.248291471759437443e-01,6.114319537250415548e-01,6.915710378082537968e-01,3.788393399201466227e-01,7.298166247186959055e-01,7.091384050860747301e-01,1.435155492993927806e-01,0.000000000000000000e+00,2.163885127010479192e-01,5.609065411769387222e-01,7.068855787433686588e-01,8.314077369430737940e-01,8.783422438885220007e-01,8.694890283794772801e-01,8.339354048362471739e-01,7.339398061820959773e-01,4.707905533943714804e-01,6.343221353543655461e-01,9.444724127750927511e-01,2.735677649692680458e-02,4.182095053052668071e-02,5.307262185715524438e-01,3.512716575853356282e-01,3.628836224286668966e-03,4.712883881486822912e-01,3.124718346070637365e-01,4.831879224464954437e-01,7.912744145975371124e-01,8.926525173232765509e-01,6.455868313628669863e-01,6.860272718595276098e-01,3.249677896777164454e-01,7.857242258070685770e-01,9.292289079787295902e-01,3.198787542448162657e-01,5.114046204499853587e-01,7.717350337586960096e-01,2.572737558156033000e-01,7.697630425472783422e-01,7.293789670711642303e-01,7.353113760236715812e-01,7.120249797595159524e-01,9.403772778151517908e-01,8.450291470524948778e-01,8.169727250573756150e-01,8.313378215283293571e-01,6.931960100389286117e-01,4.575638890974458306e-01,1.663566248143355519e-01,6.118105866242586899e-01,7.763155523885819642e-01,8.655705290443080901e-01,7.765518977845345949e-01,9.536476613674441660e-01,4.526078296818102364e-01,3.620762884196866982e-01,7.999427303368366049e-01,9.061706465163825719e-01,6.107720651443258042e-01,6.182823267188083394e-01,7.095274693424876711e-01,8.363175489590677358e-01,6.597257153401158147e-01,6.169612568992500767e-01,7.166694081842139852e-01,4.603882801891625576e-01,7.984600428155094187e-01,4.296351072048499864e-01,5.426618091073549532e-01,5.640646287542770976e-01,7.448415048436154429e-01,8.202126587144036307e-01,5.834707921864659141e-01,4.539792563254918534e-01,3.063409076498205819e-01,1.198475573960707252e-01,2.254754470226423280e-01,8.953092488925804560e-01,7.721490390770439083e-01,5.908305618339372289e-01
4.573570129679838114e-02,8.899048621112450874e-01,6.783795313571820973e-01,6.335744205557829467e-01,9.963778906676333813e-01,6.866250478984231576e-01,5.349478604997353060e-01,6.654435505404888707e-01,4.726285996120944688e-01,6.587280057881957918e-01,5.143484358018014513e-01,8.340877920278261248e-01,2.163885127010479192e-01,0.000000000000000000e+00,6.234548403043101983e-01,4.029447273222451775e-01,7.797002365247138744e-01,8.560049837550267604e-01,7.723926369411145965e-01,4.487223241716945532e-01,9.768238757345697465e-01,2.722852802129667182e-01,8.859406878486351111e-01,8.358707990268163801e-01,-1.052672592186691958e-01,6.750894457075374833e-01,9.590040717462799957e-01,9.033304193403431936e-01,5.521801186811557960e-01,7.612830750013552805e-01,1.809962402382001845e-01,3.339697720500946904e-02,6.211697926456661856e-01,9.530196831182646822e-01,4.487150539892035828e-01,1.129786093678750575e-01,5.369380310113376353e-01,4.133013466809209446e-01,5.844478415633502788e-01,6.189953663947896922e-01,3.249352628537026666e-01,6.929864328682437957e-01,8.867691504456851614e-01,6.925017529809764927e-01,7.950049342727368851e-01,5.790311212268803853e-01,9.093294740412124488e-01,8.656160005351259956e-01,5.161559077962093456e-01,7.036525875014194575e-01,6.446528650912788372e-01,9.984282531678763117e-01,4.601230420136148136e-01,6.632404964531009028e-01,3.020396775029160485e-01,7.463687847588108548e-01,4.657514601036655821e-01,8.137485065342418000e-01,7.157111294110169997e-01,7.688910720068928839e-01,1.594105909299596280e-01,7.785150603682740034e-01,7.089267193178224735e-01,6.158804963202612059e-01,6.179042507575600585e-01,8.626894938165905469e-01,6.244320171485964188e-01,5.691729447370952322e-01,5.153544861974670432e-01,6.327975313193159312e-01,8.726815642179737154e-01,6.220786336375557779e-01,6.426025976826963415e-01,-1.699802698623784358e-01,1.009873426992977108e-01,4.949484921944476978e-01,9.787698971082697819e-01,7.671101626383697303e-01,7.660223387969820052e-01,2.964514590564660823e-01,8.937828342312111873e-01,5.424613708646448540e-01,7.038947080182428317e-01,5.272489244601361591e-01,7.866697491560110667e-01
8.524792610884321942e-01,2.067789866924967246e-01,7.827170202450233205e-01,2.227218093571209923e-01,6.750771167256410799e-01,5.223249268302367909e-01,6.332751465239249145e-01,8.189909404550804739e-01,6.894751858552455870e-01,7.059490847534011237e-01,4.008249491781376017e-01,7.928484398805160094e-01,5.609065411769387222e-01,6.234548403043101983e-01,0.000000000000000000e+00,7.435489338203917775e-01,7.350025132040988174e-01,4.509859538470252782e-01,7.104867949178194086e-01,4.038637676479150951e-01,8.840377074924153922e-01,7.698575754960943485e-01,8.781024137612361002e-01,8.778699143977560793e-01,6.477220207140521602e-01,6.682787894252820715e-01,1.570091524620774726e-01,5.328787145481846954e-01,2.090972008744138300e-01,6.849248811029273742e-02,-1.381183301721717882e-01,4.289176968906188159e-01,4.766409449797111009e-01,7.833706303295493445e-01,6.357324946671593091e-01,5.818279387270930414e-01,-4.451901126895760341e-02,6.470133894874275926e-01,2.765609121463607489e-01,7.064859827547275151e-01,5.502019950365093504e-01,4.325382305311306630e-01,7.295147046474615982e-01,4.038277162026461808e-01,7.173410011205183512e-01,8.680760282002495387e-01,3.885111558415746957e-01,4.343756093405342633e-01,2.060980212752172580e-01,2.753503871827194249e-01,6.376103207113541504e-01,4.248224033897780028e-01,7.721895157977884949e-01,6.844123073010610625e-01,9.365818437560939902e-01,6.125481781157164907e-01,4.648352266752787676e-01,7.531157897938692836e-01,7.154693298738838969e-01,2.246849634177881805e-01,7.899282126831502771e-01,7.203081208540431657e-01,8.612439762546502120e-01,8.626242088372948480e-01,8.273298542249093446e-01,-1.685758673842455146e-01,6.209974553149345544e-01,9.708263954884335245e-01,6.071855361186762057e-01,6.161378566041317839e-01,5.919558527291075567e-01,5.040223177522590303e-01,3.892308774180837094e-01,3.477879253478214361e-01,6.703211620698541484e-01,4.963322425802358939e-01,8.548242822782889938e-01,2.241036062912651894e-01,3.934022340087675040e-01,3.546856870346266621e-01,4.540859486701556702e-01,4.549966642619635016e-01,7.323484594822278204e-01,5.717544577439337417e-01,7.463506813278631968e-01
5.747642590621687697e-01,6.008334772462465834e-01,6.676487749804909111e-01,9.951793085037006215e-01,7.499663967488554572e-01,5.933054157813234530e-01,7.194533986310660545e-01,5.162909983139247760e-01,2.652848327675457196e-01,2.567491638116984332e-01,4.317157857627850204e-01,-9.472516281963760942e-02,7.068855787433686588e-01,4.029447273222451775e-01,7.435489338203917775e-01,0.000000000000000000e+00,8.206906163526597187e-01,5.647154883242417878e-01,1.031152363898291818e-01,6.481594581955192336e-01,9.522554266850495885e-01,5.573383809795792176e-01,8.763764775124230910e-01,9.028799592842420285e-01,3.548964104317580137e-01,6.061433632354710221e-01,8.692883340576257334e-01,8.234597867934995152e-01,1.509672317507977091e-01,-3.324972746527832257e-02,2.451226300920610612e-01,4.276629691336524264e-01,5.585811185845938054e-01,9.602979071818582568e-01,6.037636340458353290e-01,3.878144839427886126e-01,5.113895883631066619e-01,5.275696168629779859e-01,6.912597382073235597e-01,4.093887700452388256e-01,1.122287361533399752e-01,5.394080276515229588e-01,8.400098811440852575e-01,5.444417644611059259e-01,9.778698789133117852e-01,7.365655147565886018e-01,9.273714716130314617e-01,8.739019590945545923e-01,6.453356302431997316e-01,4.172987679735432609e-01,5.665235233963963890e-02,6.062401496569127524e-01,7.989694660365522783e-01,3.317409145238896517e-01,6.350454589057252797e-01,8.300227404092052064e-01,3.073933341025407162e-01,4.584467415976566929e-01,9.600416968109002358e-01,-1.705494291806225471e-02,3.532588055268397476e-01,2.378619360724825160e-01,-1.737679115358066462e-01,8.898322531110435252e-01,8.704874163550361255e-01,3.323251227681902620e-01,4.005835914092769068e-01,6.904897415350322865e-01,7.615372969657612234e-01,2.852990344137770196e-01,4.415015205896527517e-01,5.047880685700470993e-01,5.731239854083093332e-01,4.088376459264100315e-01,8.361869280688787320e-01,4.789417921208196094e-01,4.162044835749068201e-03,5.724553697630045956e-01,7.263496297595657403e-01,1.404439689889155629e-01,6.683447206090806780e-01,3.387385520566741359e-01,8.902635771133680098e-01,4.929646696130089989e-01,4.451571042345792151e-01
9.739911976022566087e-01,4.626643458192398750e-01,9.314800522775250613e-01,5.514397842580244236e-01,3.479938224587441065e-01,8.360523745497620007e-01,7.017784037541774378e-01,9.332090507539632096e-01,9.683461754371520680e-01,7.003733788712936947e-01,3.899101921361430856e-01,6.489251413947386693e-01,8.314077369430737940e-01,7.797002365247138744e-01,7.350025132040988174e-01,8.206906163526597187e-01,0.000000000000000000e+00,4.239806836967719428e-01,3.946350931650728366e-01,8.288760957533707341e-01,5.323315154402044058e-01,6.131419038018314227e-01,5.702097317032822632e-01,9.708144958711703021e-01,5.055703162398258455e-01,8.323555424429326388e-01,8.198677336645399105e-01,9.248086470314471619e-01,2.825991529230958421e-01,1.708507002707072009e-01,5.912687003192313995e-01,6.168424421782785494e-01,8.116969805517387782e-02,6.571814440626752019e-01,9.603058122413321573e-01,5.910393878792654654e-01,-3.242684356915069288e-01,4.511852953415207979e-01,8.571365779249651151e-01,8.212848817002370572e-01,2.308658308774931556e-01,4.170227246421013834e-01,7.232834463310748863e-01,8.434942813254912020e-01,9.234938549825144616e-01,9.777264846114878116e-01,6.697881523866200393e-01,9.616520190085180442e-01,6.672215612863221512e-01,5.786125627713889497e-01,7.306773500057068826e-01,6.119396576787909936e-01,6.041923252757792628e-01,8.632944857079747347e-01,5.159551281228760278e-01,4.662908257381699895e-01,7.762617331166853374e-01,6.599356352514993418e-01,8.399939749159296420e-01,3.085053266472379541e-01,-2.751267868592488508e-02,5.098956527921839621e-01,4.935927928371126039e-01,5.535324906363982000e-01,8.548640366253766887e-01,6.019856468298112606e-01,9.854601406614724723e-01,9.163787139225281209e-01,1.899692603867104701e-01,6.733740516877669835e-01,7.429259309172258074e-01,7.395629967843766472e-01,2.828607704114569632e-01,1.782169324775618457e-01,4.759699732434270469e-01,8.743062120541607030e-01,9.422677145037668955e-01,6.829909977934158771e-01,5.073759251686329463e-01,1.424674474498255072e-01,4.850521577349593549e-01,9.242774669701223633e-01,4.994119891129252253e-01,5.795508078698511367e-01,8.350090224268748029e-01
6.976818390688592775e-01,8.420065857709682633e-02,6.099552861305905793e-01,7.947368540822372651e-01,4.653709875240444882e-01,7.254408233279627805e-01,3.950453551702027832e-01,4.373405222044122742e-01,7.647009542872597043e-01,7.630726628557771285e-01,6.780608932195043570e-01,6.091793537196488195e-01,8.783422438885220007e-01,8.560049837550267604e-01,4.509859538470252782e-01,5.647154883242417878e-01,4.239806836967719428e-01,0.000000000000000000e+00,6.529574083060435408e-01,9.410695045416959115e-01,9.520958493474318551e-01,8.856371833663747584e-01,4.123958580796982520e-01,9.429255088245253047e-01,5.242176019142457122e-01,2.917673900502818496e-01,5.647719737848444499e-01,5.640157388059062749e-01,2.019517496083841901e-01,4.366964988259535718e-01,3.846726767767116861e-01,6.724284108719517095e-01,3.026475127936193443e-01,8.102838794196631778e-01,9.870253429151359947e-01,7.823062295189757709e-01,5.399805695695211183e-01,-1.211587731570808457e-01,7.690747905707263632e-01,3.024008248013782540e-01,2.170489175282425687e-01,4.040953683099969274e-01,6.219416432341707823e-01,6.624431156768784135e-01,8.459003737703850723e-01,6.352987117510979775e-01,9.893525998242436170e-01,4.255013106960084390e-01,2.540760595171538683e-02,6.633530777251234190e-01,1.198226874212498932e-01,2.687300896954106788e-01,3.666160014913356635e-01,4.398797760272328827e-01,5.763593994667908227e-01,5.157665905600793410e-01,3.924851914873375147e-01,7.474130905763983757e-01,6.663263724851754555e-01,3.774769249915365110e-01,2.826206183306033681e-01,7.738888832697149445e-01,6.263516170420788676e-01,7.145336165432470965e-01,6.057113108828925396e-01,8.278784183002972918e-01,9.991790109474872894e-01,4.144960620044445543e-01,2.531628001114790139e-01,9.012506818474141923e-01,8.389213649403067796e-01,2.942935882847243501e-01,6.894523649698957035e-01,4.766979161121274178e-01,2.665530672629765618e-01,2.943911854603493139e-01,4.441160402569059307e-01,3.705066849266258622e-01,4.680207806982074614e-01,7.449335937077172787e-01,5.422041687809321386e-01,7.045991465155136968e-01,6.287277868440322992e-01,5.793453009774484075e-01,4.716658612880066381e-01
