0.000000000000000000e+00,8.252444349747554142e-01,4.571650210979438245e-01,8.664239172882547413e-01,7.424931773018281778e-01,9.876008108775236050e-01,6.059430742036854278e-01,2.541768516650741994e-01,8.135472936934647903e-01,8.660893446266604290e-01,6.556886879296051074e-01,8.167399343910812792e-01,9.061200311455729350e-01,9.405316665750953486e-01,8.306193070310957660e-01,3.525637425186325391e-01,9.939918255798461111e-01,5.693519418087625850e-01,5.368764451529111081e-01,6.681247774863033895e-01,9.890513367087352403e-01,7.041349008253073860e-01,7.557529824868992607e-01,6.647802873195174378e-01,7.104221656121172401e-01,4.206391286137031171e-01,8.303201756478225670e-01,2.145865169707455999e-01,3.960874773586600672e-01,2.318692899957446873e-01,-2.987522238498340199e-01,6.189542465689927830e-01,4.691020338407135837e-01,6.474900438322244156e-01,6.938267334370360473e-01,-1.783572149255179540e-01,4.552995225655533384e-01,6.290716054221766607e-01,4.055968486625359803e-01,8.204635318928855670e-01,7.551826301408448572e-01,7.842679412030519881e-01,7.168536046128478612e-01,7.352694927308622841e-01,5.745015259111735384e-01,6.741142492455515223e-01,8.952605512712259461e-01,7.832325993103397277e-01,8.814883782879184837e-01,7.844699950355735751e-01,7.899972582665419907e-01,3.136709561627921694e-01,8.844722125617346942e-01,8.936299587347039663e-01,6.349805148181479897e-01,9.744597559705160394e-01,3.844052666941857321e-01,9.426422696884272368e-01,2.369986869625385628e-01,3.255881828617630536e-01,3.028464836514640490e-01,7.360311467247149242e-02,4.445046629453439091e-01,8.237323943911915025e-01,6.925597903242687314e-01,7.352141478968693411e-01,6.390650893766338658e-01,5.459171259542499044e-01,5.168835070596364822e-01,5.650745541533268579e-01,9.174567910622948297e-01,2.799776622874217691e-01,4.721413066566821914e-01,-3.111777946354510327e-02,8.267414288421681690e-01,9.315424880159910437e-01,8.672335092407097434e-01,5.110502396619482912e-01,2.162103734667449317e-01,-1.381866558668383704e-01,8.875236650232044555e-01,6.041413231928686178e-01,8.254827560950850351e-01,-3.411356180104330171e-02,9.761958598644766560e-01
8.252444349747554142e-01,0.000000000000000000e+00,4.715183355835767531e-01,5.897964726847008121e-01,5.930398255898678972e-01,8.321388332631245444e-01,5.497692159351612595e-01,-1.820314645332348769e-01,6.747866100631387809e-01,5.869576905309215054e-01,5.154287530285600605e-01,8.736404305366552991e-01,1.948302493174474681e-01,9.279539445115996266e-01,6.036126305997724373e-01,5.328254335480057113e-01,9.292506614911348883e-01,9.821863148821631251e-01,4.219862828967225754e-01,9.239508812329808585e-01,6.823721552980481775e-01,7.674049110373999394e-01,4.803093512679674215e-01,4.825953849787422145e-01,2.444455474694929853e-01,4.060384243151329842e-01,8.785608086211517120e-01,6.011264319657685373e-01,6.683949444965443520e-01,5.038126996789458190e-01,2.952544909661705685e-01,2.910639467200726305e-01,2.905204141017059261e-02,2.450116111180066780e-01,7.533431451340900642e-01,4.446784610148742933e-01,1.940098156734437751e-01,-6.731973085294809533e-02,3.435027076303133198e-01,8.705512228207576975e-01,7.390627781537997265e-01,4.419833773483158312e-01,9.055686729899065091e-01,6.914858579552418671e-01,6.670667558923606411e-01,8.393176880463734113e-01,6.229549278252984879e-01,8.775432036791095403e-01,2.214412345893820300e-01,4.774772797807253499e-01,5.695645878746761204e-01,5.501778822402749736e-01,7.479613379494255421e-01,4.093236610684453103e-01,8.694731635382406676e-01,6.909392276141461675e-01,4.121311836911117354e-01,-7.626834688249958805e-02,9.558709002985992242e-01,8.096170085920734172e-01,3.910236175521783486e-01,7.259887348598634826e-01,7.421245151771739268e-01,8.724038605511209576e-01,9.346602510958512688e-01,8.861940547521205414e-01,6.794147489565018905e-01,7.775617153370816270e-01,5.173500950078513405e-01,3.980655495604773497e-01,3.712432338352004146e-01,3.658467504968931916e-01,6.443138351309646294e-01,3.824864443012712112e-01,7.277628621728789993e-01,7.091086315779436822e-01,8.592242964346356038e-01,5.340087591467107542e-01,1.150714314933091453e-01,4.775186942721042493e-01,2.353831799488055876e-01,9.089802952425770632e-01,9.188338807545884945e-01,-3.422307981979075264e-02,6.709936221125791800e-01
4.571650210979438245e-01,4.715183355835767531e-01,0.000000000000000000e+00,9.126868064593699481e-01,4.339747661794078337e-01,3.585722657611722930e-01,9.639144699976140984e-01,6.890301056539991365e-01,5.133296884760817358e-01,9.958897061301481557e-01,9.855536516611920206e-01,4.177250959577550327e-01,7.396630532616788045e-01,8.919149964912442830e-01,5.091584258227231929e-01,4.116729849689104159e-01,8.858368611130236214e-01,6.747898994080144819e-01,5.418039776504586236e-01,5.111764999553495281e-01,3.717031389816004561e-01,9.600244963068944593e-01,7.464845087863218875e-01,7.761368635176243425e-01,6.029805650407027429e-01,4.952809563630909406e-01,5.874105690024546966e-01,3.110974505531631795e-01,3.255230935739586440e-01,7.901106599503547878e-01,3.881582978671000439e-01,8.406564363280243368e-01,5.655695348305049830e-01,9.307599629401286379e-01,6.494228168409660329e-01,2.940906730841816308e-01,2.529911170080387794e-01,9.764075835838421646e-01,6.714037655967787233e-01,8.813186278774354232e-01,2.027006828334728394e-01,8.187532273426588736e-01,8.752802717158417734e-01,8.464036406759432030e-01,8.264502707227225908e-01,5.753346056170938194e-01,8.031144285271700767e-01,6.403789999790717724e-01,6.317962429987408202e-01,7.352183887659780037e-01,8.000961961428807445e-01,7.202581724481559311e-01,8.529498555451620057e-01,9.804135187521586525e-01,6.912926162698901367e-01,2.138746780263109382e-01,9.016435334540207069e-01,8.619299063589457299e-01,9.056581104143148764e-01,7.999887056265736485e-02,4.689512620514823538e-01,8.797889526099644808e-01,7.162895458610667454e-01,8.703992476352486740e-01,9.146182625424134072e-01,8.230997108111591798e-01,9.231989482711732142e-01,8.308870834783684822e-01,6.406734645678526796e-01,6.059723600329948168e-01,4.317205590694971895e-01,9.437124412359539916e-01,7.424902157051133100e-01,3.051251265869687757e-01,3.556969619898127100e-01,9.150158750967752885e-01,8.729548522936365629e-01,6.968623386848572521e-01,7.072357058267763064e-01,6.401453626649274142e-02,8.590730383208484700e-01,9.113036844842301587e-01,8.329703890985307169e-01,5.441811649146611751e-01,4.244914558233416901e-01
8.664239172882547413e-01,5.897964726847008121e-01,9.126868064593699481e-01,0.000000000000000000e+00,9.470469181821085103e-01,6.800785576418384437e-01,-1.499562695521055589e-01,4.331673970694029374e-01,5.513598695883372702e-01,6.283037596521926504e-01,9.099336355378006003e-01,6.893644030878169904e-01,7.998011744575017276e-03,5.341307561349140087e-01,4.271857729685008542e-01,4.101772631332300523e-01,2.152563164128227235e-01,4.713603976035550813e-01,4.102687044677657546e-01,8.542819880565087898e-01,8.587341207023215794e-01,7.015846016422705445e-01,6.619668016553532652e-01,9.585339722574341970e-01,4.358927981126970996e-01,9.530616558036872910e-01,6.118607482389127883e-01,6.771845813539444370e-01,1.614051592346933683e-01,1.718281228099064473e-01,5.260466142178232829e-01,2.566643757514703861e-01,7.739707029002437233e-01,7.142079006303390099e-01,6.847139600040620389e-01,7.869504003396595726e-01,5.897300149486190968e-01,6.529353582575466719e-01,7.794440458543194783e-01,4.676919677806662401e-01,2.746398962614999273e-01,2.873745886240720582e-01,6.877426364903239664e-01,7.703612524958280972e-01,9.758636974475667358e-01,7.903492535190657087e-01,2.048903736940605458e-01,7.920744162326629478e-01,5.089559863461168288e-01,6.848444868348682046e-01,7.169614574763402137e-01,7.789058752127475671e-01,5.282750815742482953e-01,7.506645130964779700e-01,6.926314710627267113e-01,8.905775774680833035e-01,2.005256623123298776e-01,8.937444958040692278e-01,5.864870511316260249e-01,7.823000246076164954e-01,1.983511610695437022e-01,2.569704515694536395e-01,6.125278877495843322e-01,7.723253835319362492e-01,3.003323252272432353e-01,5.265891350394370507e-01,6.607695559044908240e-01,3.531182236813203978e-01,8.131175067871833084e-01,6.444318306336639379e-01,6.407947276783501067e-01,6.252317507842186650e-01,4.439651936842606283e-02,4.182014488252551176e-01,5.285842211970515070e-01,6.385587014721242349e-01,8.066108324976538624e-01,4.439519597945905116e-01,4.284691109901883066e-01,-1.910807062886070717e-01,4.361288412577769558e-01,5.658169567398985134e-01,3.162420961289516552e-01,5.991146052181088866e-01,4.047636515481844999e-02
7.424931773018281778e-01,5.930398255898678972e-01,4.339747661794078337e-01,9.470469181821085103e-01,0.000000000000000000e+00,9.099966282149978269e-01,7.752740068621339908e-01,3.183940917760879064e-01,5.945188818848674561e-01,2.810347730184782900e-01,7.994556579814477981e-01,6.954975640296363615e-01,5.445656359981612127e-01,9.489971992140326940e-01,8.321529947303281105e-01,7.840416629289008732e-01,8.318192434367781551e-01,9.287007855838849135e-01,8.136566286298075878e-01,7.709848738771447607e-01,7.947737318288639052e-01,3.290639394068020085e-01,4.247696299599487690e-01,6.822028165569847813e-01,7.321003210738384892e-01,6.388975448214747610e-01,7.213102934328448068e-01,2.228224435283056581e-01,6.568938283343761508e-01,2.803454117398751499e-02,7.043313524734721165e-01,5.862645133875135084e-01,4.755112413274558136e-01,8.235867636056870555e-01,4.105585815397714278e-01,3.315651360023266214e-01,6.404580935300223654e-01,2.579925634574548043e-01,3.061173425847726337e-01,8.958981814311895997e-01,1.857266199256925598e-01,8.062407456606244249e-01,7.252603099931752562e-01,1.436168533001602465e-01,8.669715310735889302e-01,8.621213670918781435e-01,8.902784853512462071e-01,9.997692333515770802e-01,5.188166194432876077e-01,2.249141102027610584e-01,2.473579750174080827e-01,9.485609544998432341e-01,6.445530773727017326e-01,3.626757565745751810e-01,7.893727794663654151e-01,8.848813492125660873e-02,5.174318805326414417e-01,8.030504965029846565e-01,7.995871116799349587e-02,7.883412073833572231e-01,4.325380111879064682e-01,7.081405164517228235e-01,7.429814175263256271e-01,7.006691665194441088e-01,4.065861030963372480e-01,3.244544782222313906e-01,9.196768063886477940e-01,4.449773518823231799e-01,4.500106011244267012e-01,7.901689371443354482e-01,8.176313941379209638e-01,9.745428186070900223e-01,4.227077477405544181e-01,5.631193838076501423e-01,2.645729693291642426e-01,6.056945672791790303e-01,7.606054161205819675e-01,7.810282171303254417e-01,2.414165712063893743e-01,7.210679881724169592e-03,6.244310381111806141e-01,5.414020280557626519e-01,5.606296483303072620e-01,4.931241733381520609e-01,5.205448394231354525e-01
9.876008108775236050e-01,8.321388332631245444e-01,3.585722657611722930e-01,6.800785576418384437e-01,9.099966282149978269e-01,0.000000000000000000e+00,5.237902852831812783e-01,7.539598977610251218e-01,4.086107943202045290e-01,9.765208065571460150e-01,6.148086685509647209e-01,9.708177772543111761e-01,6.709716343767853086e-01,4.327870739625665486e-01,5.132402182937916280e-01,6.297553355527915064e-01,5.560855624581916290e-01,6.796728216892244934e-01,4.731866225943899273e-01,6.822601530319613028e-01,6.128004060188435576e-01,6.997153445390629223e-01,5.865100999309402763e-01,6.625290251552871101e-01,6.444353733697975040e-01,6.271103614429390793e-01,6.619000824237203373e-01,2.380826625083646564e-01,3.044410247206847941e-01,2.258161765279312339e-01,1.822965929854761802e-01,4.289010133297463945e-01,7.810183407739829109e-01,9.565599008091202338e-01,6.460508116058726324e-01,3.124465064313987073e-01,5.197249725949908417e-01,4.003213250483923791e-02,9.442585413186382892e-01,9.945377030907427418e-01,5.849102491271787052e-01,9.314984965601224021e-01,7.737211573554692023e-01,3.387598572068915570e-01,6.022063886442835523e-01,7.058451386901456459e-01,6.853032884127487900e-01,9.717211686178139907e-01,5.860306562323331914e-01,8.067217441529821453e-01,4.471818463587075021e-01,9.080084900517454427e-02,6.000611647378973901e-01,3.103423535284326532e-02,4.936660431866649601e-01,7.334781706186956907e-01,2.285059555530718767e-01,5.161975860436297525e-01,6.980168409909112137e-01,5.465540360524017149e-01,3.306185027140743360e-01,3.779062488473716730e-01,4.820378814348457164e-01,8.028593179515457479e-01,9.680873231582979299e-01,5.926686377425749441e-01,4.077611726313394303e-01,9.547267158183931901e-01,8.373689595340965131e-01,6.872546278948764575e-01,9.176264421360378343e-01,2.523316872205749739e-01,2.584053588458386508e-01,2.563381703444814752e-01,4.861542554500832281e-01,7.460645845000218879e-01,6.773251468028682609e-01,2.773112100831956472e-01,2.499943175621020808e-01,4.291216238577399977e-01,5.222383952078358815e-01,7.641268306956999767e-01,7.338851503151704314e-01,1.020343213961600048e-01,3.627430173359136312e-01
6.059430742036854278e-01,5.497692159351612595e-01,9.639144699976140984e-01,-1.499562695521055589e-01,7.752740068621339908e-01,5.237902852831812783e-01,0.000000000000000000e+00,3.942109127503233834e-01,7.771754291232498835e-01,1.689770332769462702e-01,4.706155284887746371e-01,3.867970758816601240e-01,3.777300080234564650e-01,1.335125571824133661e-01,5.735792049485602950e-01,4.602840484820011069e-01,7.422384736067961786e-01,4.989866282809316544e-01,4.705462407198767183e-01,8.301697192348532761e-01,8.235733027139492402e-01,1.120439948425564353e-01,5.968522624602851101e-01,6.032767704909317574e-01,5.767590267585305241e-01,5.440288623280113978e-01,7.122980607279296716e-01,1.233307787743935860e-02,2.556258149249941991e-01,5.806996578079339777e-01,3.322595745699841174e-02,5.232147617866307332e-01,6.371822392173813743e-01,4.618174076072128487e-01,7.188385369344030273e-01,1.181121549835319473e-01,1.252265186987475132e-01,2.275189069050052582e-01,7.643427221084505563e-01,7.887326906232378088e-01,9.114466441081174874e-01,7.639110557239737753e-01,8.495821940887835488e-01,3.375809825432765088e-01,8.461531035985359050e-01,6.251585408939772659e-01,5.745511499733919614e-01,4.992277114406478145e-01,5.289930259031829785e-01,4.093243675919177038e-01,4.486554133942009526e-01,3.989192096523784814e-01,5.480182536327824483e-01,7.584433968314218122e-01,9.089163068364024545e-01,3.396362285290333571e-01,5.666300976952214352e-01,6.526331681698129827e-01,2.447960609934073939e-01,5.338456033095696496e-01,5.309961895653851904e-01,9.786950750868179671e-01,2.083834324401220295e-01,7.866205160953476661e-01,7.499769806716564124e-01,7.522593105344600461e-01,4.214454228596312690e-01,6.389753392504901042e-01,4.395336230231400299e-01,4.218789796964864114e-01,4.503056104438912244e-01,5.852198454047056186e-01,3.043628654119844290e-01,5.120449114799425772e-01,7.996132350643800901e-01,6.296896469939488039e-01,3.774463089925922388e-01,-3.932798258223615950e-01,3.354350691108554106e-01,-7.613394479909356416e-02,4.225713938241561496e-01,8.655472293710413378e-01,5.166349906599664310e-01,4.703129859608112806e-01,6.497972282664165045e-01
2.541768516650741994e-01,-1.820314645332348769e-01,6.890301056539991365e-01,4.331673970694029374e-01,3.183940917760879064e-01,7.539598977610251218e-01,3.942109127503233834e-01,0.000000000000000000e+00,6.430639891364068328e-01,1.280610084320484565e-01,5.322060466154245884e-01,7.349871129258953584e-01,8.594030081670829269e-01,5.946690015537507978e-01,2.205667343319226981e-01,6.169369735505353392e-01,5.546947157409433116e-01,5.933163831167207469e-01,9.461810523010170115e-01,5.181663579498740901e-01,7.752130432013804029e-01,6.477325789585745008e-01,4.697989241104473801e-01,4.744350992668633360e-01,6.886863100489279965e-01,5.933120594440551843e-01,4.860170647800677313e-01,6.016473415608769582e-01,4.596465497504036435e-01,5.686485769086531139e-01,5.534037450987952522e-02,6.568791636656243771e-01,4.588021747166117215e-01,4.954235284504802661e-01,4.374872630308322963e-01,7.602298558979904142e-01,2.343043590048267677e-01,6.796288500336654659e-01,6.608351678292055942e-01,6.597707534459216205e-01,7.522812303980516146e-01,3.665135972822096133e-01,7.073189022117173375e-01,6.025755818259025398e-01,7.790410288264628669e-01,6.435064022261175465e-01,7.768760021504852453e-01,7.348673548884314677e-01,4.818477997308659999e-01,4.950988631240159643e-01,-8.668043352858698092e-02,8.611600734314517336e-01,2.083130711207272223e-01,6.707341393677903607e-01,5.039383826787754428e-01,6.856989511540566573e-01,2.538378802935008505e-01,8.057582113754353514e-01,7.998449724535565686e-01,5.279358732267457333e-01,7.396962855157488415e-01,2.259010091503363404e-01,7.896478565260361959e-01,5.491492241132047702e-01,8.634836281566243832e-01,2.835168223116190100e-01,7.986463829155167060e-01,8.033790065046200191e-01,7.122772805918554662e-01,4.407957466023875726e-01,3.576779883441056906e-01,8.558833873745363974e-01,3.692944305604748401e-01,4.421242975309595535e-01,9.343155103812516016e-01,4.493549385570348442e-01,4.925002038627911416e-01,7.547771965704531683e-01,3.402459121422883870e-01,6.985385287948181476e-01,4.556384017345547766e-01,7.427577547980995787e-01,4.761167551523673991e-01,5.877239430780116791e-01,1.953300050542436106e-01
8.135472936934647903e-01,6.747866100631387809e-01,5.133296884760817358e-01,5.513598695883372702e-01,5.945188818848674561e-01,4.086107943202045290e-01,7.771754291232498835e-01,6.430639891364068328e-01,0.000000000000000000e+00,5.350422033659625320e-01,3.151454308442247498e-01,3.975318873033562572e-01,9.564482455668932293e-01,7.153270071073588587e-01,7.576099780672955752e-01,5.806828704763811189e-01,4.040084505618400934e-01,3.950792343920992433e-01,7.873005491766663644e-01,4.587898450423959495e-01,6.766375141364200374e-01,7.259933816293457909e-01,4.482885298804153984e-01,6.638875578367332553e-01,6.697449235590851035e-01,7.490998206542237581e-01,8.528259601221873654e-01,4.104041243265457162e-01,3.539690369832618755e-01,2.800537284835871166e-01,2.254729355450636463e-01,2.748720592018385478e-01,7.521478719193367413e-01,6.369394778273501645e-01,6.136255445057647862e-01,4.273941054539728279e-01,3.369657715872864112e-01,5.253459688669432914e-01,5.006057011455232741e-01,4.369023946522413437e-01,5.690832040566010663e-01,5.795359240911455156e-01,6.602738675927338763e-01,8.586206205018107607e-01,5.772638917921754098e-01,4.832050716072388008e-01,7.851401118708210003e-01,3.747472982155719556e-01,6.334813819455351602e-01,2.671208779594370641e-01,7.307798543661463420e-01,1.271779967512391696e-01,6.250169364485183565e-02,6.837268154181314062e-01,6.817234553755883164e-01,5.085448935302105955e-01,7.205024894225949827e-01,2.881591189769061589e-01,9.481608044790181822e-01,4.882477791452434213e-01,6.945020461930124789e-01,7.715332816974200814e-01,3.662483334011368274e-01,8.246052654599100862e-01,7.220262491853082221e-01,4.932365683160492287e-01,7.138207968376304446e-01,8.359284262684196776e-01,6.810306646461985469e-01,7.086306282811294377e-01,9.597273186627700570e-01,8.367179996069871173e-01,1.087290343755837330e-01,5.781907531074781392e-01,4.145017106683218100e-01,2.733066107596945904e-01,7.387338743739682023e-01,2.034740029253570004e-01,5.964577442695563336e-01,6.883822126062012492e-01,4.068538514238330128e-01,7.287479898031657966e-01,4.396974279267732433e-01,1.337119040956034066e-01,4.605501629927798435e-01
8.660893446266604290e-01,5.869576905309215054e-01,9.958897061301481557e-01,6.283037596521926504e-01,2.810347730184782900e-01,9.765208065571460150e-01,1.689770332769462702e-01,1.280610084320484565e-01,5.350422033659625320e-01,0.000000000000000000e+00,9.152855500167849101e-01,6.052407480824202324e-01,9.633185313316411369e-01,6.260451585104507277e-01,4.646289566072607236e-01,6.067208466107550935e-01,2.615319116335539373e-01,7.699223103438879168e-01,8.258603833473512346e-01,9.682156925316457441e-01,8.092953877525653761e-01,2.737507996087027995e-01,9.796759221877504586e-01,7.425340446840682507e-01,5.675749035511205021e-01,4.650559516229267332e-01,6.345260723461061403e-01,6.640994713587873299e-01,5.509211589961631184e-01,5.467613786110343543e-01,1.998308194053062259e-01,7.326735812529457936e-01,8.448819007845329576e-01,7.868101243652816379e-01,5.467968519388317628e-01,4.498509173243145365e-01,2.396585904472436357e-01,3.518667612780163045e-01,8.048501528786171644e-01,5.104888274210765964e-01,1.474140899176748787e-01,6.710433111001810058e-01,9.181030144459232378e-01,4.340138865099436583e-01,1.932044129217813933e-01,7.031596878397987360e-02,6.251818377892388590e-01,9.279587106937091656e-01,7.845913739413648003e-01,2.564355232053728284e-01,9.626055845964294200e-01,2.070045052791383566e-01,6.824806824254375792e-01,5.151340616860421440e-01,7.765271556508134276e-01,6.437260489601324132e-01,7.025101084243350336e-01,3.933113570390742719e-01,7.066082422483077607e-01,1.852268349689118465e-01,6.860797922702827067e-01,4.262983760027592162e-01,9.945246782290408927e-01,7.315909674755307623e-01,2.037507054918415161e-01,4.971822974160745590e-01,8.550089120214872107e-01,4.656612214533979999e-01,5.673762291868018615e-01,7.878093159424008896e-01,2.697991722710234574e-01,7.301284381859409756e-01,4.507655529630436586e-01,2.447897064050775784e-01,2.307497460373405529e-01,8.668418172986651626e-01,-1.067989137767125091e-01,7.664375006397116108e-01,4.130841659413312938e-01,3.588969559942465498e-02,2.539408815605270764e-01,8.000550931386378739e-01,6.625107640171725709e-01,5.605976773930302359e-01,4.299596200072112739e-01
6.556886879296051074e-01,5.154287530285600605e-01,9.855536516611920206e-01,9.099336355378006003e-01,7.994556579814477981e-01,6.148086685509647209e-01,4.706155284887746371e-01,5.322060466154245884e-01,3.151454308442247498e-01,9.152855500167849101e-01,0.000000000000000000e+00,6.117646655739473749e-01,8.903200321379969306e-01,7.777023440026838985e-01,6.444497409126510590e-01,7.721798602766233310e-01,4.834434567174195063e-01,6.573738175020393815e-01,8.197237147646857514e-01,9.608718127827342581e-01,7.140230506137383859e-01,4.367436028197728692e-01,9.009440322944373136e-01,4.496382272132756208e-01,4.580761260381933653e-01,7.288493897425999402e-01,7.203361520548912100e-01,4.283572822369742239e-01,3.159714412595749922e-01,4.727591221279060507e-01,3.018715531884680892e-01,5.270309160021204864e-01,5.733116936790609852e-01,5.266677003466541107e-01,6.739821896668249934e-01,4.023639263861011339e-01,2.818731248346860729e-01,4.579428319655563517e-01,6.037560370513053165e-01,8.411359191068044083e-01,6.003667520057484053e-01,5.700854664137350314e-01,6.657460109032619089e-01,7.753591151399581438e-01,7.198462427359172411e-01,5.728503377038589583e-01,8.438639024864669214e-01,5.053086305756256946e-01,1.215215562692711498e-01,3.921397175443428473e-01,4.132700091791406960e-01,7.046481817494940625e-01,5.375654301470298435e-01,9.176945935756247730e-01,3.957591510901007359e-01,4.647696765302130606e-01,7.877032268516379609e-01,2.272360403312761179e-01,6.802569502686132141e-01,4.114207596063309547e-01,1.452965696887849878e-01,7.084128451379559932e-01,7.613419701882877533e-01,9.800477306592093596e-01,8.676249400693055724e-01,7.483299620446410838e-01,7.552533079457975917e-01,7.484148619299737515e-01,2.931145499183726577e-01,7.617937091249928905e-01,4.858285501385545269e-01,2.539730555587470517e-01,3.944049245150427208e-01,-1.819866585185535013e-01,8.503534644465347014e-01,1.957182985003252662e-01,3.198365591231396854e-01,4.157577789748055919e-01,3.239885628746639878e-01,3.847119774907387102e-01,5.183894369500030574e-01,6.154808761832114561e-01,6.029273077681460702e-01,1.558703633147199841e-01,5.982831003862131292e-01
8.167399343910812792e-01,8.736404305366552991e-01,4.177250959577550327e-01,6.893644030878169904e-01,6.954975640296363615e-01,9.708177772543111761e-01,3.867970758816601240e-01,7.349871129258953584e-01,3.975318873033562572e-01,6.052407480824202324e-01,6.117646655739473749e-01,0.000000000000000000e+00,7.887724104544896475e-01,6.628420177515768064e-01,4.023371733141045126e-01,2.955147687830073262e-03,2.628946667345661847e-01,7.556391517034384275e-01,8.988463614270979507e-01,9.320262275262682916e-01,4.892960494280516048e-01,4.908874608642179727e-01,5.339776717546498297e-01,8.874331776536612537e-01,6.626386995422131054e-01,4.412681431077528638e-01,6.755749325139283057e-01,8.113012561859035410e-01,6.746271943975351570e-01,6.840924225957906168e-01,3.249951754933931292e-01,5.270148561602200354e-01,4.087104482095023084e-01,1.017123891836659300e-01,6.755375874329722086e-01,3.604609535906402179e-02,7.482289273738602642e-01,6.470613993593360425e-01,9.653258331437571949e-01,4.788921080825589427e-01,2.555198495119946900e-01,3.983621790301326016e-01,3.686593402060451830e-01,5.800936791085768984e-01,4.964787539943198436e-01,8.864398269039125422e-01,5.174280903563009959e-01,6.972739436289230319e-01,5.383264178832565250e-01,4.238872566126047348e-01,6.924597876665727902e-01,6.902702940958822531e-01,6.452597203299736961e-01,2.467001207719727307e-01,9.311362965470219022e-01,2.945507279498407183e-01,5.209271550041997267e-01,5.719159331762995180e-01,6.599332295010040816e-01,-2.437082889750480375e-02,4.111109928819348669e-01,6.168748571938195147e-01,7.666521826457426414e-01,7.504216747018225275e-01,4.017900060964418874e-01,4.138673438060038179e-01,4.068953280424382202e-01,7.501033571340822714e-01,5.955947606540108463e-01,9.540661298041246408e-01,9.982184073031556970e-01,5.803440660244504334e-01,4.377170680603091890e-01,3.717742505770466055e-01,5.164618781069745257e-01,4.828608951918558212e-01,4.739721287099607494e-01,9.560689079818940339e-01,6.506169850174823299e-01,1.709038508400206988e-04,2.737157397154383887e-01,6.664044003612875633e-01,4.862385919780226051e-01,5.210590870249000028e-01,4.713776247890422710e-01
9.061200311455729350e-01,1.948302493174474681e-01,7.396630532616788045e-01,7.998011744575017276e-03,5.445656359981612127e-01,6.709716343767853086e-01,3.777300080234564650e-01,8.594030081670829269e-01,9.564482455668932293e-01,9.633185313316411369e-01,8.903200321379969306e-01,7.887724104544896475e-01,0.000000000000000000e+00,9.575859936154356156e-01,9.399260174745011076e-01,6.387376823300278117e-01,7.291426899877413437e-01,7.466473761420479027e-01,6.667353079952860195e-01,7.821016483444791501e-01,6.623001188191397492e-01,8.919575752939891133e-01,4.982794305498361442e-01,5.966069185110185469e-01,2.925250518583775161e-01,9.442556751406361304e-01,9.432047118013374698e-01,9.053328921828058817e-01,2.122667113136939565e-01,6.255605906428739482e-01,4.728222236122441302e-01,2.102474164088252162e-01,7.229763823468318140e-01,5.672504541978211634e-01,7.969058462860829639e-01,6.533214985813411424e-01,5.038997368906927843e-01,7.081341442542379294e-01,7.406402791955399856e-01,9.305109563069595691e-01,5.398159575604012383e-01,7.628574193964043904e-01,7.859127283158229282e-01,8.803781811418851522e-01,9.004369613746199263e-01,6.303054359066012635e-01,8.220245488194084515e-01,7.537119434514528704e-01,4.398066392896081700e-01,5.452742790001519069e-01,7.012911643560796326e-01,7.764706642932817093e-01,6.108796925342508954e-01,4.578524706994585025e-01,8.352276433937234623e-01,-1.614476675236462822e-01,7.989310860714607943e-01,8.998416753660322120e-01,5.070933266170187803e-01,1.738159085874791121e-01,6.013403875073293214e-01,6.257702950730938962e-01,6.622863475640872188e-01,9.233651775803836115e-01,8.403546187317525451e-01,5.022031757760377912e-01,9.895195459635578450e-01,4.044436071226004126e-01,5.099734374862381348e-01,7.489287010589984472e-01,7.029495744403568835e-01,6.583040514404521204e-01,6.409010987370948875e-01,5.420207075629535076e-01,6.924714400310093554e-01,8.671134210851190183e-01,9.868258230328083025e-01,6.390696962842390416e-01,3.147769883145387082e-01,-9.950544146414568025e-02,6.422265256947885526e-01,8.778700703800450533e-01,4.260384853759580093e-01,5.995165396741386488e-01,9.385183632699779510e-01
9.405316665750953486e-01,9.279539445115996266e-01,8.919149964912442830e-01,5.341307561349140087e-01,9.489971992140326940e-01,4.327870739625665486e-01,1.335125571824133661e-01,5.946690015537507978e-01,7.153270071073588587e-01,6.260451585104507277e-01,7.777023440026838985e-01,6.628420177515768064e-01,9.575859936154356156e-01,0.000000000000000000e+00,9.885064827661366182e-01,6.944002459609034394e-01,9.595968030644992375e-01,8.091061265813361825e-01,6.131165004866188095e-01,7.038320592939735221e-01,6.098318732815107834e-01,7.646068301814548107e-01,8.406272131840585304e-01,7.780627729518506674e-01,2.427959562650035819e-01,8.188765467735078518e-01,7.149812758196683049e-01,8.275998110100206695e-01,3.059203954867339426e-01,4.847350068374489673e-01,2.837388587892999414e-01,5.040957243694046408e-01,4.616979257584196139e-01,6.816644486833606242e-01,4.877077295451321959e-01,2.348108562420307410e-01,9.196722632687302779e-02,6.746608750539327959e-01,9.351032263534857503e-01,5.640031832917818955e-01,2.838075339992903179e-01,5.127267946281325317e-01,6.244919792833438787e-01,4.385895073793605881e-01,8.643680236678282780e-01,8.343653615496555709e-01,6.073745081155768055e-01,9.817442690286837248e-01,4.128986972763202812e-01,8.938310030391196648e-01,7.686584275192087645e-01,8.929178476274866050e-01,3.140065121339806198e-01,4.901848557058101075e-01,7.145508144788258464e-01,5.398225521953650130e-01,4.517944545633892917e-01,7.932584546602432507e-01,4.852966696452647444e-01,9.884074870044055050e-01,5.669700117966611774e-01,6.215793950341097496e-01,9.926430106975137058e-01,9.102221541437789387e-01,8.589564449077912167e-01,9.167354569197225800e-01,9.983099341712753372e-01,7.114269260536989492e-01,1.958056359981269756e-01,7.342636038503934648e-01,4.113359674699115787e-01,5.014840915412779321e-01,2.888865917828402630e-01,5.500755327780936232e-01,2.465964244808206973e-01,7.017617837353691268e-01,5.516716037910727177e-01,6.114937939695513913e-01,5.733313773443876604e-01,2.859831455150454449e-01,6.952127120307256547e-01,8.818270344411232031e-01,4.027005951566272612e-01,7.651480302605340178e-02,7.615410294843427685e-01
8.306193070310957660e-01,6.036126305997724373e-01,5.091584258227231929e-01,4.271857729685008542e-01,8.321529947303281105e-01,5.132402182937916280e-01,5.735792049485602950e-01,2.205667343319226981e-01,7.576099780672955752e-01,4.646289566072607236e-01,6.444497409126510590e-01,4.023371733141045126e-01,9.399260174745011076e-01,9.885064827661366182e-01,0.000000000000000000e+00,4.627602814491227901e-01,1.262379931567666203e-01,5.641348311694354134e-01,6.163342173561422443e-01,6.466792835746387746e-01,8.098497369572630333e-01,2.382517206621196926e-01,7.748243974688461266e-01,9.126313203535555418e-01,1.199856850154595450e-01,6.341696960286531404e-01,6.902073931842089838e-01,7.166849342229371089e-01,4.048930408025421812e-01,3.508041512010873220e-01,5.299836086035357718e-01,4.306218901619792150e-01,4.508503819128812373e-01,4.180560398956549295e-01,4.951526190846485820e-01,4.643589930226418860e-01,4.271719632481683626e-01,7.227854262965585086e-01,7.438236147359484907e-01,7.049556460416467329e-01,3.849397537390162882e-01,6.062957695965501825e-01,5.918363735482350396e-01,6.601906208679679811e-01,8.724453011719079942e-01,6.362244343229073174e-01,7.062232001869828135e-01,7.963307234318601768e-01,5.785346946915226329e-01,4.640904600874813379e-01,5.565554369953118474e-01,7.328149482216381738e-01,5.509834339946575454e-01,5.466754538312270650e-01,6.788607441850027513e-01,8.195494912277525579e-01,7.836099889638048488e-01,5.886736751036429904e-01,2.285205954134333362e-01,5.231288357494222607e-01,4.886443973807534369e-01,3.743427885786890785e-01,6.327005926602421448e-01,8.881628054309427256e-01,8.607774427422412167e-01,8.882634499157027186e-01,7.616137203084847318e-01,9.931648052970010188e-01,4.444757183368300835e-01,7.949313978261778324e-01,5.222559408117015689e-01,5.229384432026685792e-01,1.490064324246288263e-01,7.034498296312629018e-01,1.606517363631776441e-01,3.024921569081823192e-01,5.099812325487947939e-01,5.246766205457857879e-01,4.017498339450301659e-01,4.709079019491283491e-01,6.806955012068891531e-01,8.477984981310631163e-01,8.023591098484127437e-01,7.886463216815624566e-01,5.225252924020239442e-01
3.525637425186325391e-01,5.328254335480057113e-01,4.116729849689104159e-01,4.101772631332300523e-01,7.840416629289008732e-01,6.297553355527915064e-01,4.602840484820011069e-01,6.169369735505353392e-01,5.806828704763811189e-01,6.067208466107550935e-01,7.721798602766233310e-01,2.955147687830073262e-03,6.387376823300278117e-01,6.944002459609034394e-01,4.627602814491227901e-01,0.000000000000000000e+00,4.178125362100416074e-01,8.526853793039175233e-01,9.553185665999480713e-01,7.672434137209989125e-01,6.889376184264519587e-01,4.653722241761251155e-01,6.452719964648825357e-01,8.866222057696889758e-01,1.437600194340289510e-02,9.809863646720244912e-01,8.289048975116776186e-01,5.234971083158941330e-01,4.440565750332376993e-01,3.073719473016643389e-01,5.944921772802760351e-01,1.964226641872176549e-01,5.610604049367506896e-01,9.685070753418771883e-01,4.194332387140411456e-01,4.491683954239662491e-01,1.906186612765177479e-01,7.863073259654433933e-01,8.900564428328100464e-01,8.970763618080731527e-01,4.228062016529361977e-01,5.450137832274676297e-01,7.341979334743489183e-01,6.204760676888115833e-01,7.410207112566098431e-01,9.887898680349371805e-01,7.547666123692846618e-01,7.510466513106613951e-01,5.619839914252227064e-01,4.658340334930596849e-01,5.513684289676350492e-01,9.632600678264116034e-01,9.025938143472135300e-01,6.117665648976444714e-01,6.153859538111897676e-01,8.608577936351564652e-01,5.295217379715011496e-01,9.155890229236481881e-01,5.045337705939179074e-01,9.559732065465331718e-01,4.911477709674166858e-01,6.777524965735103324e-01,6.441990493512901317e-01,8.854478350512248186e-01,6.282780911528702550e-01,7.838314474772229978e-01,3.920221964665537850e-02,5.417018226677038362e-01,5.022365364932974696e-01,9.980935957797867353e-01,6.660853636259946864e-01,9.217100083680797029e-01,4.999650618920999379e-01,2.107980208009678780e-01,4.481456751014323281e-01,2.014558500693604259e-02,4.155916958440020181e-01,4.117423907528909299e-01,6.699150588988223021e-01,3.064408916911500191e-01,3.381317841576121641e-02,8.450079675026541670e-01,5.054908056389743054e-01,6.524607776879323140e-01,4.123622120252212198e-01
9.939918255798461111e-01,9.292506614911348883e-01,8.858368611130236214e-01,2.152563164128227235e-01,8.318192434367781551e-01,5.560855624581916290e-01,7.422384736067961786e-01,5.546947157409433116e-01,4.040084505618400934e-01,2.615319116335539373e-01,4.834434567174195063e-01,2.628946667345661847e-01,7.291426899877413437e-01,9.595968030644992375e-01,1.262379931567666203e-01,4.178125362100416074e-01,0.000000000000000000e+00,4.568725166891954292e-01,5.409711453962944283e-01,5.397752520687018052e-01,8.392138664930636205e-01,5.468088545857372473e-01,7.777309147413240531e-01,8.715609733063822695e-01,2.373331369793477974e-01,4.505858387490486727e-01,8.750190350213855606e-01,6.524250681008405550e-01,7.626612518890847348e-01,5.502915951894216118e-01,4.149704291336191453e-01,3.532641878154766379e-01,6.015677155416003785e-01,4.962653002047456297e-01,6.734745700320164952e-01,5.771030280477590368e-01,5.985252390687415547e-01,9.703895864975174979e-01,6.992672729162139333e-01,8.046955690997095179e-01,4.435837299309844939e-01,7.048817379608833811e-01,6.966177060567712021e-01,8.299789861807731484e-01,9.930816281283174618e-01,9.845748150071752525e-01,8.513417886075865804e-01,9.015937328458226707e-01,2.003351854947872657e-01,1.196442864785305926e-01,9.797785372209275589e-01,1.401277664275727419e-01,8.809608953009768761e-01,9.825163609778391205e-01,7.209671536928172753e-01,8.188127289452766799e-01,9.585554516471018749e-01,3.267842468311376591e-01,2.226207172310661619e-01,9.082868519685821651e-02,5.348317303003931045e-01,5.126614996249141409e-01,7.864584413653161743e-01,2.560398263868514657e-01,6.932948661807680768e-01,6.709014709824335787e-01,7.528696392118632286e-01,7.306071130854737694e-01,5.469363251018508620e-01,8.113471425656982872e-01,2.113824285526389457e-01,4.509289054751491888e-01,2.820133930477543016e-01,3.691733498943136071e-01,7.705689066818431909e-01,2.903479919199004056e-01,4.125049510593354896e-01,5.941770459505963942e-01,3.765813729087648110e-01,4.578668335938663181e-01,6.860680285797038369e-01,6.644615403495044426e-01,6.823622760883548688e-01,3.680672819124777839e-01,6.933622517085614723e-01
5.693519418087625850e-01,9.821863148821631251e-01,6.747898994080144819e-01,4.713603976035550813e-01,9.287007855838849135e-01,6.796728216892244934e-01,4.989866282809316544e-01,5.933163831167207469e-01,3.950792343920992433e-01,7.699223103438879168e-01,6.573738175020393815e-01,7.556391517034384275e-01,7.466473761420479027e-01,8.091061265813361825e-01,5.641348311694354134e-01,8.526853793039175233e-01,4.568725166891954292e-01,0.000000000000000000e+00,4.511922564018374104e-01,6.845787206827085303e-01,8.585711832013133149e-01,4.271501185811407142e-01,8.923425482890230409e-01,7.252870817338474829e-01,7.626147338543364240e-01,7.016764486873635631e-01,3.851135294638337037e-01,4.800544938694592534e-01,7.547752785060846126e-01,3.717497527292287773e-01,5.878049877952855606e-01,7.417451610609819834e-01,5.277652304940559924e-01,3.241246032694338197e-01,3.773167701715293143e-01,5.844119386364524660e-01,3.460633568940145732e-01,5.921726583545836586e-01,8.185734430753456303e-01,7.733171711268995718e-01,4.995208794839091082e-01,9.336471164553277191e-01,4.141883213253382268e-01,4.081555305208747209e-01,8.198765904643144919e-01,2.396714441283505359e-01,7.788117946440231698e-01,4.662280511769726909e-01,5.236382829169421438e-01,8.966821073808534104e-01,3.939892509929627251e-01,4.450524615441807663e-01,6.761757252418657549e-01,7.192564432612654768e-01,2.471958727901899244e-01,9.057322677710721859e-01,9.607315586915995409e-01,5.837760919943947302e-01,9.716868491908033922e-01,4.422760062416344895e-01,3.595751376714988456e-01,3.849876001590517988e-02,4.769085088660592886e-01,7.263971927715862087e-01,6.257621673333864099e-01,7.830063143264862635e-01,9.471692531096531642e-01,2.898931750298524013e-01,2.020546052223387568e-01,9.613872344894673905e-01,2.403085459281309455e-01,6.985428387941804429e-01,4.743945782665926481e-01,3.268327107438076529e-01,1.949744791583425119e-01,4.065526016257764996e-01,7.768617427934831898e-01,5.072584021616511896e-01,2.997054615565171720e-01,1.763980449161428876e-01,-1.723415571700529225e-01,2.395588408126863855e-01,9.089271754954849625e-01,6.555521262805279192e-02,3.971391422945207417e-01
