0.000000000000000000e+00,5.540166479539758715e-01,9.348972378001352279e-01,7.842284193026043404e-01,-1.827600707570559146e-02,2.406298387036783226e-01,9.321618707647990609e-01,6.094078929866807437e-01,9.230312199177432841e-01,5.960718462141704199e-01,9.911895978333438162e-01,2.807027136829594594e-01,7.486498261400120757e-01,7.555321070062389621e-01,5.612495530589147741e-01,7.642430056146167772e-01,6.341542744098613849e-01,4.496853404392924802e-01,8.393190916072420515e-01,6.639808138718492625e-01,9.477139308882817081e-01,6.581753743165733583e-01,8.987171799596821442e-01,8.459650093811115212e-01,8.199377898434958567e-01,4.743245341849641750e-01,6.515003063319831922e-01,8.903419554119209600e-01,4.197409618949732302e-01,2.892555177546916600e-01,6.127251250670998073e-02,6.404129645350716826e-01,9.299562593629970841e-01,6.582867759381164641e-01,7.165955343054609683e-01,-1.069493430453746785e-02,4.024853314750072020e-01,7.357820596126716239e-01,7.663297934618371610e-01,9.913967638910077262e-01,4.598973667764368889e-01,7.358305546642667228e-01,9.690568737166591617e-01,6.566634113616044433e-01,4.805444499435092554e-01,7.213618775727558274e-01,6.801439287634681863e-01,9.466681015209031935e-01,5.394295769109765937e-01,3.434936837805510068e-01,4.141122876383674933e-01,7.064427696616937258e-01,8.089796256888828196e-01,7.006266213326124426e-01,5.092147260700798928e-01,6.785863385155935790e-01,6.868440510493348805e-01,5.535845739563163281e-01,5.119019312998837057e-01,2.892075665108713445e-02,3.601164737412365646e-01,3.750266869372494982e-01,9.010630921710699459e-01,6.846497496916077452e-01,9.441779847750502164e-01,8.545196308040877708e-01,9.495438490091848704e-01,5.824126587019047285e-01,8.011422421695558738e-01,5.137391751985407318e-01,8.458715078150800259e-01,6.658523106725735552e-01,4.849806958386153055e-01,5.215225260734634993e-01,5.204606112154938069e-01,1.628413897197880378e-01,7.333960053335709661e-01,5.912014488341899021e-01,1.456341324722892350e-01,9.210027224911794541e-02,9.253300559510381218e-01,7.422626890064735194e-01,7.657830712480209190e-01,5.157305898181403503e-01,7.422568711499744065e-01
5.540166479539758715e-01,0.000000000000000000e+00,6.725345391924902883e-01,8.158916210593972762e-01,5.650505387086439679e-01,-1.181699667829752554e-01,5.238190512966482970e-01,6.759350026355464003e-01,6.481331138680381798e-01,9.933909924918138401e-01,1.991898314436235107e-01,5.600029646582362908e-01,9.388239591118762162e-01,5.851496051179333469e-01,4.517784951265289561e-01,2.579120891066200277e-03,9.531459748828685630e-01,2.526302500454921662e-01,7.766250356371444674e-01,6.995577330766253876e-01,8.342148182686243141e-01,5.509378484379585661e-01,8.172162217882729118e-01,4.877246023144068410e-01,2.406248443216703614e-01,4.532817434004359769e-01,4.990774732330451879e-01,2.847172760417356896e-01,5.039484968160171663e-01,3.140795073996340836e-01,3.991696440412022540e-01,7.613262850335926757e-01,7.607223826825114665e-01,3.712272479333582620e-01,3.716422337019085198e-01,7.216427068687828461e-01,1.922916412532685027e-01,5.131675655459910779e-01,5.424849162503927458e-01,9.444095930070244282e-01,4.293774032000839957e-01,7.776539744420413180e-01,7.019565624551992178e-01,2.263416189263815492e-01,7.200734876304739629e-01,4.532938914309797007e-01,7.205034713827078718e-01,7.176651322322391557e-01,7.406274673136523656e-01,4.507433661877842113e-01,5.821885449414500036e-01,6.561977473960708407e-01,9.336392943756813834e-01,5.608155592343431195e-01,4.703629858186258450e-01,7.501734149262639928e-01,4.611516543102021082e-01,5.230876982739617320e-01,7.357716787567949446e-01,3.317998474510329143e-01,2.671828067069984547e-01,5.701278966452255625e-01,5.468719814709724902e-01,7.802166297740398271e-01,8.312824565908331076e-01,2.285364858000649979e-01,7.822546104930253597e-01,8.210931582789828820e-01,5.048581985082726264e-01,5.600822186133038727e-01,4.203115400540726188e-01,6.811357105884802143e-01,6.087091435317996124e-01,6.979989026034085775e-01,2.247979582128185605e-01,7.608187324783455274e-01,6.798265447107724180e-01,9.325258789797288284e-01,1.287466196047818145e-01,4.855113127313679944e-01,7.045499070821612531e-01,2.583733468491578034e-01,6.340391086533669895e-01,6.487992298093291366e-01,7.397271486179205491e-01
9.348972378001352279e-01,6.725345391924902883e-01,0.000000000000000000e+00,2.661761941365647366e-01,8.947822179876409043e-01,5.472709817126433229e-01,8.159306153033148989e-01,6.168161997571927069e-01,5.720229020494597139e-01,4.570512139041859601e-01,9.175209667026356097e-01,5.522617052150261552e-01,8.034958836262559023e-01,8.591415599764599120e-01,9.388608770232070855e-01,5.227760316054385070e-01,9.984287517878599472e-01,9.540698089454189290e-01,2.433402794093702526e-01,4.400591634340994540e-01,6.024779726218619791e-01,7.025447547407539517e-01,6.349353366228898121e-01,3.358091814806000164e-01,9.405382511532601741e-01,8.851174736059225223e-01,7.742450610353565077e-01,1.444007454180311345e-01,5.552154799266781904e-01,6.918308965505121089e-01,3.487412262320561673e-01,6.143622211811640144e-01,9.913129433829607207e-01,9.166725320617994388e-01,4.716585209570831605e-01,4.064814914115155720e-01,3.834395078798366052e-01,7.784601725533428773e-01,8.195039272660352703e-01,6.895294150496005248e-01,5.149332644616392285e-01,5.048039926645812026e-01,9.495709459217579473e-01,9.138376691772028826e-01,8.066044074643345940e-01,9.205560173544462543e-01,9.674391205984130826e-01,7.439675764851958473e-01,5.220168846629895665e-01,5.955767526131487966e-01,7.338719125792133591e-01,2.400023647302128027e-01,8.711360916968367007e-01,7.932035420176710705e-01,7.783048548864117677e-01,6.278870149515813903e-01,9.317779159257724153e-01,8.926247122738975026e-01,8.352214969863553939e-01,4.643196821804972396e-01,2.170068707536046415e-01,8.845861732306663505e-01,9.813261664332952883e-01,6.477021093306285504e-01,9.278003563693895117e-01,9.662574413867506262e-01,3.629860264823139282e-01,9.970596183603461782e-01,9.931874356514782676e-01,8.303017211661480879e-01,8.806674409827812688e-01,8.979337489129910477e-01,6.341136056860687820e-01,4.776536378972440211e-01,5.262490316248119582e-01,9.685605201162421629e-01,9.359919291260351271e-01,2.164897361523132335e-01,7.254620303070320464e-01,3.782285098107932564e-01,9.892008177376367950e-01,9.611855933171679078e-01,4.502677992301527543e-01,8.215040398866646498e-01,3.842425600975746258e-01
7.842284193026043404e-01,8.158916210593972762e-01,2.661761941365647366e-01,0.000000000000000000e+00,8.390434594366145138e-01,4.171746166293411884e-01,7.619231963092136795e-01,6.576151889838555142e-01,5.844917385270046450e-01,8.497349404172758192e-01,9.603422434137142139e-01,2.240328158691086424e-01,5.645313046058131334e-01,8.846900949720011287e-01,5.590026025815291177e-01,7.810082141076902795e-01,3.759975935142933490e-01,8.994025297796861551e-01,5.632940722911792264e-01,4.163757548791134910e-01,2.559496997219016801e-01,6.287289779065509121e-01,7.775030314593767145e-01,9.204614648849434033e-01,5.547833007997583499e-01,5.353040727233234763e-01,8.103777125269006065e-01,3.832806225617777507e-01,2.162011764637021272e-01,-1.045117829742971960e-01,2.547611418050832466e-01,2.167706242051234133e-01,6.262114792301045618e-01,9.478104361593815419e-01,3.062941732997669919e-01,5.646092202568744334e-01,-3.727113183447594569e-02,6.198073106430801449e-01,6.543763916773540634e-01,9.180147941276588508e-01,2.869446703489477724e-01,5.153070516339296470e-01,3.112595302897454008e-01,2.826332251184467959e-01,8.650718007639406348e-01,8.455634248744433590e-01,7.355637052912716856e-01,7.563371399362200931e-01,6.356128915661168888e-01,3.984265315749467851e-01,9.391903601790823064e-01,9.346251391416883214e-01,8.528761420792265735e-01,8.733861604674558743e-01,2.887329119420333212e-01,9.175876159955386191e-01,1.179289257267587543e-01,6.303372689443428323e-01,9.602006554867219545e-01,-2.607196660279004208e-02,2.847828744648204236e-01,8.271512140633244803e-01,6.327921284664060897e-01,9.201320069110577871e-01,6.866839296004418891e-01,7.521062038375897485e-01,5.294130481257103282e-01,9.008728037809551337e-01,4.616731400766724835e-01,5.955565436926071321e-01,6.871075139766761319e-01,6.524612276786637688e-01,7.657892434342901122e-01,6.055683291352536024e-01,7.672705725170605451e-01,7.675743524075383517e-01,9.883786501343718722e-01,6.516131714314509216e-01,5.596927316988081769e-01,1.836636498393820482e-01,9.563925913426462033e-01,8.096125317641151842e-01,5.155294022407806986e-01,-9.131968732593095939e-02,4.048802261966112370e-01
-1.827600707570559146e-02,5.650505387086439679e-01,8.947822179876409043e-01,8.390434594366145138e-01,0.000000000000000000e+00,6.056621680271579988e-01,5.761981900831059100e-01,6.681328319600381427e-01,6.944705509883626338e-01,5.938255697958636503e-01,6.311650016091761017e-01,6.638612299904611547e-01,8.423847860015879485e-01,7.613614493196904087e-01,9.764452957647791198e-01,7.529692245498148528e-01,2.373247025056793857e-01,6.220073338678684394e-01,4.590441350030990408e-01,5.462778797986022061e-01,8.372761904807149991e-01,7.792600693142514023e-01,4.485000086595318236e-01,9.817444954807131863e-01,4.420548194640270823e-01,7.221145933869927980e-01,8.294082986273282332e-01,5.405900804575828333e-01,6.601522499105093589e-01,5.982187244731081988e-01,3.006741359039130090e-01,5.866728950949835486e-01,7.126628692921203045e-01,1.578806368217025025e-01,8.650172777854862050e-01,1.055149639105426723e-01,3.939926605127916370e-01,7.929677625271884800e-01,8.485260242984851153e-01,6.690149903491939831e-01,2.487430652844367096e-01,7.525606346993596318e-01,9.212881268822566971e-01,7.431859923743109331e-01,7.753099683592121760e-01,6.712192832157318767e-01,5.153167927951808336e-01,4.042310757783820763e-01,2.253622656460952389e-01,5.659619047238682032e-01,6.672846139689562195e-01,5.034909451760637422e-01,8.501036433320977581e-01,9.238578621098901822e-01,9.683792046120540675e-01,7.884903708936519262e-01,6.187534182697189689e-01,4.717587400961006927e-01,5.304458367011409825e-01,2.285393476915844324e-01,1.857104264868588428e-01,5.560643927218313909e-01,8.725136971464992897e-01,3.818304933304803583e-01,5.533268962157489312e-01,6.654729986526748686e-02,9.574949745630709774e-01,7.655827902390366368e-01,6.052693373992298342e-01,9.834468921533781050e-01,3.237624665094158694e-01,7.457275105572971352e-01,5.135474393518654201e-01,9.697335788330128936e-02,7.619167138160016783e-01,8.486323210693608177e-01,5.766223085921585723e-01,2.846375248066370656e-01,2.655381039245197083e-02,1.704215856573505772e-01,7.768669277840156706e-01,9.850325365742967909e-01,8.562118083429282045e-01,4.146965312833543749e-01,9.717691513627392252e-01
2.406298387036783226e-01,-1.181699667829752554e-01,5.472709817126433229e-01,4.171746166293411884e-01,6.056621680271579988e-01,0.000000000000000000e+00,3.673181201757796943e-01,1.668110565052341107e-02,1.340410932491406526e-01,4.537567331263775983e-01,6.141109605371398716e-01,7.359677323555425810e-01,9.446988986605624472e-01,6.336415468302650789e-01,4.357025059759236374e-01,7.342163813587258003e-01,7.226049704778367833e-01,7.859017909215449960e-01,6.580522409815506846e-01,2.570308675229529549e-01,7.101627358921950295e-01,8.154448549575524785e-01,7.756619931185038119e-01,5.798826894584648839e-01,5.906310289518788004e-01,7.032655607429136868e-01,6.370230112315165005e-01,7.025322366232976679e-01,6.322642976554053718e-01,4.863860447130766151e-01,3.761770124532900494e-01,3.080944211286236190e-01,6.337523540019880386e-01,3.810285337876639367e-01,5.011601079778865708e-01,1.977212909870377788e-01,5.141288953515886773e-01,3.999286739304064864e-01,5.407414358843964930e-01,6.405995915956457232e-01,5.978356941244867412e-03,4.363995451593733477e-01,6.804032243740526509e-01,6.820471228236967276e-01,2.247441838294462479e-01,8.072385519161880962e-01,5.509198594056042841e-01,6.630407099165827045e-01,5.691525854322390110e-01,2.259718187916877064e-01,9.790526469115963248e-01,6.595840724502385344e-01,7.066791963021441525e-01,8.754535874048863242e-01,7.400067415337355792e-01,6.770779617332158828e-01,9.507153070642956338e-01,4.749575149956184461e-01,5.414412295393266072e-01,4.227254682824070353e-01,5.599223033155650286e-01,7.800743452106749798e-01,4.835461899384967954e-01,5.306639318373236325e-01,7.793449633066698023e-01,4.186000121585070621e-01,7.239349071132827884e-02,6.185225337264794732e-01,4.031566957107852733e-01,8.222384161706211003e-01,3.409687001966509312e-01,7.457674233834437061e-01,2.225569696220453253e-01,7.413560283201040546e-01,9.403259280053583025e-01,7.925579173359607044e-01,4.458703834347832462e-01,1.969406360764251740e-01,2.982837802357306556e-01,2.233418772492475612e-01,5.868156664302540682e-01,6.474657984182156101e-01,7.467271923767107022e-01,2.244179173221527435e-01,6.438380434861861179e-01
9.321618707647990609e-01,5.238190512966482970e-01,8.159306153033148989e-01,7.619231963092136795e-01,5.761981900831059100e-01,3.673181201757796943e-01,0.000000000000000000e+00,4.674899841385016797e-01,3.779317768631316188e-01,7.376594212123298577e-01,6.650923759213680508e-01,4.598100182296440686e-01,4.570350898381809190e-01,4.257671668861219283e-01,6.326756062415281878e-01,-1.886715122419945212e-01,8.289232925466476498e-01,2.145589967259588504e-01,4.166513502291691595e-01,8.475133965154267868e-01,9.987087332990582933e-01,5.082029798663199038e-01,3.111306794344367854e-01,4.292775912482164058e-01,7.333204977897460619e-01,3.313147766300567620e-01,-1.107531500196287239e-01,7.494431906990665082e-01,6.615054151586762243e-01,3.067015124544994475e-01,7.530559023574382449e-01,6.739241978591142823e-01,6.883997157593917393e-01,6.094091720122490896e-01,5.197237906609999403e-01,3.431875418053929039e-01,5.761186241107524308e-01,5.414439326974238575e-01,7.292654989234722551e-01,5.772014540902368207e-01,4.065424545097305886e-01,5.300867954323826847e-01,6.616490626246833706e-01,5.254062924278606328e-01,5.675785737319281044e-01,5.637575870457594007e-01,4.206386640372850039e-01,3.357762944817549444e-01,6.556039034085563433e-01,4.160980316095416187e-01,6.850228657239241237e-01,5.457008344790681420e-01,5.058215779524096734e-01,6.155379540714164266e-01,4.820254562029340217e-01,5.821457643423458839e-01,5.644063309506598403e-01,4.977826649555153748e-01,4.870843293636159532e-01,4.100829705404402947e-01,1.842778927149274215e-01,7.308992756053235285e-01,5.791679407354647369e-01,6.141269250963267146e-01,7.960785563194512360e-01,4.070501368280041721e-01,7.886873255085534717e-01,4.884756144776018494e-01,2.643194201359861384e-01,2.846790271863478550e-01,3.845010607214490728e-01,7.613431195878755942e-01,4.710542750566832915e-01,5.469678634941613216e-02,5.023346389739725693e-01,5.878514728499302233e-01,7.679665984601543594e-01,5.730715174224619846e-01,3.062253863651160923e-01,6.551562214367367964e-03,5.497197858480199484e-01,8.107146836806741197e-01,3.417815111507847003e-01,8.517055930384941076e-02,2.687271439064000678e-01
6.094078929866807437e-01,6.759350026355464003e-01,6.168161997571927069e-01,6.576151889838555142e-01,6.681328319600381427e-01,1.668110565052341107e-02,4.674899841385016797e-01,0.000000000000000000e+00,4.568635160854402355e-01,6.773817094272007733e-01,2.392942192868384998e-01,4.390713416821236392e-01,7.165879915887275464e-01,2.808938178287416765e-01,4.072257471977958065e-01,6.491017190764312161e-01,2.530830551373426385e-01,3.042272926312873382e-01,4.278783026429873182e-01,6.357169435411016423e-01,6.454653846573006337e-01,7.615624716008889683e-02,2.785977639315591059e-01,8.433108056724333279e-01,6.608161067764999341e-01,3.093264631680212040e-01,2.629636459889443945e-01,5.285939758284626810e-01,4.015476592724703808e-01,4.724703853086730243e-01,5.373338931093410986e-01,7.917399082176035385e-01,4.914766451839394090e-01,4.259486448283925641e-01,9.062551363485842337e-01,5.723581155124697339e-01,2.063427786059794378e-01,6.794725516133749421e-01,4.827319405740850278e-01,2.652090430608555760e-01,8.194012819625362543e-02,-1.427021173924278019e-01,6.812069875713563372e-01,8.469546816802083766e-01,6.009450572709478244e-01,2.743966663275308471e-01,3.109140091619901902e-01,7.178725013643892927e-01,5.751645720914277948e-01,5.469557463192575852e-01,6.261247928869462243e-01,4.035518438164463206e-01,4.829766580736557513e-01,2.957676473616248081e-01,4.249512589480849978e-01,9.610848478421178953e-01,2.017437978573826951e-01,6.797756115473656546e-01,9.374210432880936139e-01,6.813115196878057889e-01,-3.929429646852020119e-02,2.876142667599687619e-01,2.174916458732063795e-01,5.329449906040727436e-01,8.961709790760429284e-01,6.066648327217346592e-01,6.632824162677244395e-01,4.669901183613985318e-01,7.007937267908731505e-01,4.299901238273102777e-01,7.798008600914118071e-01,3.702908464029662783e-01,4.416541215230112005e-01,2.129506839387501627e-01,1.826623545142703198e-01,4.590768112723013217e-01,6.494500579677794372e-01,4.177408382432751810e-01,-2.445259878764893813e-02,-1.359008671131122781e-01,3.204432170628882526e-01,6.654424508165095453e-01,7.485599925333283888e-01,3.032855408026855493e-01,7.444284862344079379e-01
9.230312199177432841e-01,6.481331138680381798e-01,5.720229020494597139e-01,5.844917385270046450e-01,6.944705509883626338e-01,1.340410932491406526e-01,3.779317768631316188e-01,4.568635160854402355e-01,0.000000000000000000e+00,5.886358958332564839e-01,7.454271627214819063e-01,7.970060981570252778e-01,8.770293737357659491e-01,3.509145632304423446e-01,4.716389454005895376e-01,5.267260484433160528e-01,5.413644909994839161e-01,4.539283100473758270e-01,5.722969550404515271e-01,6.851055638640297651e-01,9.294053396694031965e-01,7.949238901886382935e-01,3.248720627932487615e-01,8.743585912588660580e-01,5.090518375618753311e-01,7.927415244856654830e-01,7.540606234680879982e-01,5.003199956321340292e-01,6.834358388693863029e-01,7.417210591742715575e-01,7.335539012931237002e-01,5.562378923580701962e-01,4.854735779262689954e-01,3.217015600972364386e-01,3.072138813615183928e-01,2.603359092341007708e-01,7.011808672843661272e-01,5.074725982903531829e-01,8.186579380589045218e-01,6.355017886118111692e-01,6.120028387592504893e-02,5.005708317180965761e-01,7.825663587032791746e-01,8.590982691674344807e-01,9.207533914210729309e-01,9.633820766709630945e-01,5.747736646192314058e-01,7.659592319447160458e-01,3.288630983680320558e-02,6.617854118680390751e-01,9.232483187726209239e-01,5.621395248658415111e-01,4.633031802002992583e-01,4.598861364903019666e-01,3.212100589990060096e-01,4.185964357609608388e-01,5.766110506815137482e-01,5.036076666226756426e-01,3.010932066592888479e-01,5.118671652451479703e-01,6.680869184707473041e-01,7.289870337011703505e-01,7.644391575979410103e-01,9.073508822206339808e-01,7.224520690567595160e-01,5.266452487567169216e-01,5.729713732670274062e-01,9.556601378232990607e-01,1.790037539309852210e-01,4.401816686953081703e-01,6.371465115007810542e-01,5.026793347054593353e-01,5.868557371566367475e-01,4.190846069955124209e-01,2.607661669807334603e-01,3.337813000454510903e-01,5.065868951028821288e-01,7.229016085817179249e-01,3.627343980119986933e-01,2.754917624320951108e-01,3.890062934099171033e-01,6.209757431280441553e-01,3.302516821806751324e-01,4.552510932175429237e-01,4.863407408513826247e-01
5.960718462141704199e-01,9.933909924918138401e-01,4.570512139041859601e-01,8.497349404172758192e-01,5.938255697958636503e-01,4.537567331263775983e-01,7.376594212123298577e-01,6.773817094272007733e-01,5.886358958332564839e-01,0.000000000000000000e+00,4.426693417876045866e-01,1.679261102492363156e-01,4.503852859033040112e-01,3.578346228846613353e-01,5.303342417821717003e-01,5.131261809862458501e-01,4.919352643507608480e-01,3.346711576278547234e-02,2.014366749844212490e-01,5.487495911114474989e-01,9.219826191588937903e-01,4.670882744606609238e-01,7.691283010163261213e-01,8.417516341295525617e-01,6.378903224050137544e-01,6.823931761940523755e-01,4.750916063301544034e-01,4.202227076559414409e-01,7.620543345556283210e-01,3.217896063721556454e-01,2.447528513205129153e-01,6.533083970195301404e-01,6.763891083590534148e-01,7.551722777371934203e-01,7.074490927455566736e-01,5.380755907448324660e-01,4.048035945242848266e-01,6.164203604624459709e-01,5.105730578629836813e-01,5.017695331808963433e-01,4.912248892500800102e-01,6.827763915808789941e-01,6.345231157712731829e-01,3.819054765811266683e-01,6.585503691243641544e-01,9.596048869340676468e-01,9.738943769336156908e-01,3.803570726358993515e-01,8.653655538841411587e-01,-9.129829513056543500e-02,4.934430125264077649e-01,6.446519902097699317e-01,6.853016270937202226e-01,3.693783603999195031e-01,7.454287366035609042e-01,8.069651645128901318e-01,2.684674508341403087e-01,6.702812181774586708e-01,3.953894164093836316e-01,1.852751501982619342e-01,3.028075975148396548e-01,7.734707289694967569e-01,7.011130342047732222e-01,4.069388209375699450e-01,6.922655738143443926e-01,7.521033544804612836e-01,6.721692291602082703e-01,9.601613703523361742e-01,2.580592840745564720e-01,6.798014472611543235e-01,6.029000551228743676e-01,3.848744918775980350e-01,3.244704307816151378e-01,5.460938410351157124e-01,4.675978467976682484e-01,6.191074137957364165e-01,6.217550128275310950e-01,5.792057494471269941e-01,1.640328012220739970e-02,3.363749934095144889e-01,2.893851738082968694e-01,4.249795759058068167e-01,6.813599604759384976e-01,1.397028410808260623e-01,6.657770401370896041e-01
9.911895978333438162e-01,1.991898314436235107e-01,9.175209667026356097e-01,9.603422434137142139e-01,6.311650016091761017e-01,6.141109605371398716e-01,6.650923759213680508e-01,2.392942192868384998e-01,7.454271627214819063e-01,4.426693417876045866e-01,0.000000000000000000e+00,8.744964426973748095e-01,7.316485252114831583e-01,7.521139601309229095e-01,6.839447587882225843e-01,8.247348358032341453e-01,4.368861582035947766e-01,3.046664346306549032e-01,7.659380070739313373e-01,9.629509774120632581e-01,8.802668373452731121e-01,9.623820304965478023e-01,6.233751809510579278e-01,8.327287651672329316e-01,2.115246244749102167e-01,4.844930684661834519e-01,4.805974054430401377e-01,6.181564666843299971e-01,2.725899997996715785e-01,4.149780304936919184e-01,4.236957221993821188e-01,3.309791826160264350e-01,9.302424808062889072e-01,8.829942295878075997e-01,4.975422491512413448e-01,3.849108024473053002e-01,5.003509849914019592e-01,4.236235471877612957e-01,8.067335928713806892e-01,7.555047600849037481e-01,4.930061847161665289e-01,4.315621515180771972e-01,4.738935323107947850e-01,4.191569149808964112e-01,9.125489370365993391e-01,6.256239392560135615e-01,9.277318806161251041e-01,4.596703143317090734e-01,-9.017464358326382490e-02,3.100180847219273228e-01,2.083212279550019086e-01,2.324895698487670359e-01,4.780198027664140925e-01,8.998898385000669853e-01,6.381047827636991965e-01,7.775427862203936336e-01,8.854354803882535929e-01,4.292413869055332065e-01,7.875559960398560433e-01,5.149248934927600496e-01,3.266196906325096738e-01,2.112667552145565952e-01,4.852636147463515459e-01,3.565083036828866625e-01,4.047694439581792092e-01,3.853629824332501230e-01,4.606407202075313845e-01,8.862923701054307157e-01,6.783247266611164283e-01,3.150820405261468005e-01,8.337464217664691812e-01,5.509832395199216748e-01,4.635554902845704373e-01,7.030666841508776965e-01,4.610846175971773930e-01,8.274257563686704398e-01,9.564890066786655431e-01,3.146793718563872799e-01,3.239252342902461668e-01,3.139691806246371342e-01,7.490652725675668311e-01,7.660471279741454254e-01,5.062944101302108146e-01,5.035705852381104908e-01,3.163320713867217027e-01
2.807027136829594594e-01,5.600029646582362908e-01,5.522617052150261552e-01,2.240328158691086424e-01,6.638612299904611547e-01,7.359677323555425810e-01,4.598100182296440686e-01,4.390713416821236392e-01,7.970060981570252778e-01,1.679261102492363156e-01,8.744964426973748095e-01,0.000000000000000000e+00,1.789073207600050397e-01,6.575521509329569358e-01,8.967397490784037029e-01,8.729968546106856575e-01,2.760380014917895863e-01,5.548132467119245570e-01,9.729382034960535330e-01,3.315114543317486673e-01,9.912177997770735827e-01,5.932743154691675347e-01,5.622744588824483136e-01,6.563193076542388482e-01,5.912671911286870863e-01,6.784355970614334153e-01,7.575376825257160718e-01,6.469678202435702463e-01,7.109796209480401252e-01,3.633478663615424820e-01,2.124904304026442592e-01,5.613410586956242287e-01,5.384347153183366430e-01,4.690168314687051532e-02,7.897146477156902211e-01,7.708083577705379108e-01,4.340748285939131090e-01,7.509295875791853758e-01,9.495588970054935629e-01,7.929270713762429645e-01,5.998040360209031530e-01,5.490790316948275240e-01,7.187123349612072332e-01,7.553637746345582826e-01,9.182054107117171293e-01,7.164002510957271364e-01,8.159457179056993636e-01,8.694246185072991295e-01,1.680941309473573883e-02,7.629310417991792548e-01,2.106921953203038655e-01,4.337072678446116103e-01,5.868660730711990903e-01,2.749049582026638627e-01,4.467184972602417647e-01,7.576330837970709497e-01,6.281225641534914361e-01,3.061455297994608027e-01,9.505686550891190301e-01,6.032815389772581277e-02,5.811604016363456360e-01,7.137026793020371240e-01,3.513053396296660358e-01,8.704924652905239313e-01,4.050747236950124064e-01,5.002194168386440154e-01,4.964868329676842551e-01,8.287405186853981087e-01,6.954308505961730447e-01,4.166370570105871751e-01,6.711192755558390566e-01,7.356501473564796001e-01,3.453543973211221640e-01,5.737674827481511475e-01,1.495843117494344565e-01,6.071826916669335050e-01,7.723243697933271923e-01,2.536076629871645838e-01,2.828148923340287890e-01,2.741033039610083627e-02,6.672483486009718190e-01,6.886401702465921870e-01,2.478709243171814403e-01,4.927478964736352607e-01,7.782768585457575661e-01
7.486498261400120757e-01,9.388239591118762162e-01,8.034958836262559023e-01,5.645313046058131334e-01,8.423847860015879485e-01,9.446988986605624472e-01,4.570350898381809190e-01,7.165879915887275464e-01,8.770293737357659491e-01,4.503852859033040112e-01,7.316485252114831583e-01,1.789073207600050397e-01,0.000000000000000000e+00,4.018933960162541785e-01,9.929376820565225525e-01,7.305865410496101831e-01,2.285988115452815550e-01,8.260357459348403042e-01,4.513892554036548765e-01,7.714032933659036306e-01,8.740771207958724087e-01,4.428067530333044122e-01,7.830117545269344587e-03,8.078952697864739685e-01,4.303853096630874120e-01,6.623795355077144453e-01,6.748727076746067199e-01,5.292216702167834574e-01,3.899404779022465073e-01,5.507015936874182227e-01,3.081175696924917107e-01,4.857080147698371042e-01,5.882114890841634303e-01,7.978880852264669254e-01,8.816206040756355833e-01,5.053345286073092080e-01,-8.559049552936734417e-02,6.867952096252111227e-01,6.114670395352135301e-01,9.428500923825910984e-01,5.376417505729166324e-01,6.990952252406622547e-01,6.766938557603734417e-01,9.902193349779790932e-01,8.626974314690849521e-01,9.509253231051233435e-01,6.800629379174625289e-01,3.679392784774302427e-01,5.895337054768731155e-01,6.474230619359943040e-01,6.873537700169518594e-01,5.829208866077144613e-01,6.049711379075592976e-01,9.465786500771626866e-01,9.289088174949398091e-01,6.296875990633680198e-01,9.741613491497870259e-01,6.682111754911164159e-01,9.004728085686516392e-01,1.044303719354462007e-01,1.383390169916452195e-01,6.414499119927515869e-01,5.670278062203318870e-01,6.217651071136059970e-01,7.279574830025575816e-01,4.347962163906080590e-01,2.385424567793698047e-01,7.806106108369953445e-01,6.822246155313363980e-01,9.844211640379358919e-01,7.224382086621955468e-01,6.301627760521675281e-01,9.047131705915081867e-02,4.434536093160688641e-01,9.063063379294423738e-01,6.492025180356526537e-01,8.497769205698753048e-01,7.781279633187572209e-01,3.644244566555450704e-01,3.236430279571769764e-01,4.982919544318233362e-01,7.420482955114386936e-01,5.950727558560922059e-01,6.737411262196802038e-03,4.763631287254321833e-01
7.555321070062389621e-01,5.851496051179333469e-01,8.591415599764599120e-01,8.846900949720011287e-01,7.613614493196904087e-01,6.336415468302650789e-01,4.257671668861219283e-01,2.808938178287416765e-01,3.509145632304423446e-01,3.578346228846613353e-01,7.521139601309229095e-01,6.575521509329569358e-01,4.018933960162541785e-01,0.000000000000000000e+00,8.371904702966357359e-01,7.462959916440707886e-01,7.543115763346249780e-01,7.267882105094261025e-01,6.123253305846263483e-01,2.621824302089661995e-01,6.398687105472106174e-01,6.188463456293257225e-01,5.332067223596292926e-01,4.715687313766995237e-01,6.708703705944996099e-02,6.188788830980102018e-01,6.438075709992010509e-01,6.525943077008123927e-01,3.829726173739388395e-01,1.260870143027857937e-01,5.563913952316710265e-01,2.354019557798771589e-01,6.696960863508361061e-01,5.164878651146598276e-01,4.385087574341857142e-01,5.118899777903708204e-01,4.577389052668649483e-01,8.896897933996635865e-01,9.538857581206575675e-01,9.815688098537503903e-01,2.563407294426862104e-01,7.751372939906588933e-01,8.363647965064699985e-01,6.394614173735140294e-01,6.428141123850433791e-01,6.317938562222138454e-01,4.747349081441713525e-01,4.048206706374865571e-01,9.141925887481613389e-01,5.067376315113337748e-01,7.176897235309354084e-01,9.350384454657649780e-01,6.271078221986121637e-01,6.075993556222611947e-01,7.860278976568687570e-01,7.818157316973511906e-01,9.608252257537840402e-01,4.325273849183923769e-01,6.719044185637008670e-01,4.025359164839218962e-01,5.084718836917571094e-01,7.466650827150544956e-01,9.973013187529829182e-02,9.264131780728008803e-01,5.660260106140317937e-01,9.538583272444950412e-01,3.654766415087752351e-01,5.380470375654873294e-01,5.448483205560107345e-01,3.427924527934559373e-01,8.637183628384206280e-01,6.342165008129959647e-01,5.514772191385397537e-01,4.058478644856208795e-01,6.604534554020650983e-02,5.737992930591473417e-01,9.189925097706959090e-01,7.447229617820294578e-01,2.606949437205219877e-01,5.031147370838013888e-01,7.871953853185202910e-01,9.167011453694622336e-01,5.031405965678202863e-01,1.809425893526437068e-01,8.941131110377600333e-01
5.612495530589147741e-01,4.517784951265289561e-01,9.388608770232070855e-01,5.590026025815291177e-01,9.764452957647791198e-01,4.357025059759236374e-01,6.326756062415281878e-01,4.072257471977958065e-01,4.716389454005895376e-01,5.303342417821717003e-01,6.839447587882225843e-01,8.967397490784037029e-01,9.929376820565225525e-01,8.371904702966357359e-01,0.000000000000000000e+00,6.752495393426349857e-01,5.802298888872462479e-01,6.652913226657288792e-01,5.655001433544440959e-01,5.648980940233419012e-01,8.801161561493515695e-01,7.631241869220201091e-01,3.755772883140065521e-01,9.813509306843800628e-01,3.494998221878170552e-01,3.158403591627332307e-01,9.165976160961777364e-01,5.413376658177883050e-01,8.273255637278893737e-02,7.490485436672824626e-01,-1.009314562019143630e-01,6.792956964603351633e-01,6.311566120250646783e-01,6.749956035360066275e-01,5.281931013848537582e-01,3.045911941145726387e-01,3.539784492241934144e-01,4.736833031766772839e-01,6.882786120730750579e-01,8.439595550160980952e-01,2.017796324365414007e-01,8.705115438147981166e-01,6.930040131565107231e-01,6.118716283823559809e-01,6.485092184128993242e-01,6.473656633418749529e-01,7.266991372844274766e-01,3.536461218422158881e-01,4.664550124153091226e-01,5.399723275319974203e-01,7.409521069779856361e-01,6.257384242418272402e-01,6.140303567987140942e-01,4.049400913411574932e-01,7.085107249094422244e-01,7.814382281741121261e-01,7.667745383133832693e-01,-4.279932942182219646e-01,6.965632726401148611e-01,7.919104048893801373e-01,3.423899774254757222e-01,5.709086006242666267e-01,6.833484146319067642e-01,9.289164260811152429e-01,5.363500535865818319e-01,9.279047051621985842e-01,7.590050610623452210e-01,4.796469675347744266e-01,4.923122243838143897e-01,2.033451229197560939e-01,7.539059037920220474e-01,7.527799270232109485e-01,4.357573279196560456e-01,5.360606679796842133e-01,6.121533135493013589e-01,8.508915074976303172e-01,8.824600713779855443e-01,3.677094863037096983e-01,5.278745273620155665e-01,7.517207813295188057e-01,5.117682842153792322e-01,8.974854418131400502e-01,1.873606197790721462e-01,6.389335758749480343e-01,4.195945132694383628e-01
7.642430056146167772e-01,2.579120891066200277e-03,5.227760316054385070e-01,7.810082141076902795e-01,7.529692245498148528e-01,7.342163813587258003e-01,-1.886715122419945212e-01,6.491017190764312161e-01,5.267260484433160528e-01,5.131261809862458501e-01,8.247348358032341453e-01,8.729968546106856575e-01,7.305865410496101831e-01,7.462959916440707886e-01,6.752495393426349857e-01,0.000000000000000000e+00,8.565850302493688284e-01,4.600065473192802568e-01,5.207590647752546875e-01,7.909558844634123620e-01,6.010324191335795208e-01,5.931740399834815047e-01,5.633685018695535618e-01,6.585160241030226791e-01,5.247350417038310066e-01,5.921953764745895299e-01,8.620173489118025945e-01,6.919099957128390654e-01,2.263951930314562488e-01,3.784783745474047389e-01,1.409823334404369244e-01,1.678011624960787651e-01,7.600348188685318584e-01,9.203802169283391565e-01,5.340261736222456923e-01,5.652882757411196168e-01,5.513239823725382127e-01,2.746592718865240590e-01,6.068281436234529425e-01,4.532195118048673033e-01,2.061284335905226583e-01,6.138451229952147647e-01,4.142521998493445823e-01,6.643036216247150128e-01,7.153405947098858686e-01,7.919448805003141967e-01,5.573875317326579815e-01,9.443095393093053902e-01,5.365139794325425315e-01,2.289052400814495791e-01,4.107466418480116288e-01,-3.260096325498029746e-02,4.851204518605002902e-01,-3.599697673241019080e-01,9.517521584342902852e-01,6.439984121530594186e-01,4.818407057682433936e-01,5.968249495176708441e-01,8.895250390649308558e-01,4.389323558998396990e-01,5.424542857760819015e-01,6.887468014130051497e-01,3.379679205962076161e-01,9.862454679013469283e-01,7.367162890217621163e-01,6.757441720651604644e-01,6.479125604527060656e-01,8.667343267356129033e-01,4.832624393565652654e-01,8.719154497813427218e-01,6.840704207953697269e-01,5.857973867937726897e-02,7.184442017195693531e-01,5.882234641747541293e-01,4.975132941939291453e-01,6.388316437481987853e-01,7.900348961477652310e-01,2.122661324216700840e-01,5.000807088347245521e-01,1.570058924604690598e-01,5.088917571739941526e-01,9.297999359399433672e-01,6.885955260103056030e-01,8.182337086393076664e-02,5.970176534982887251e-01
6.341542744098613849e-01,9.531459748828685630e-01,9.984287517878599472e-01,3.759975935142933490e-01,2.373247025056793857e-01,7.226049704778367833e-01,8.289232925466476498e-01,2.530830551373426385e-01,5.413644909994839161e-01,4.919352643507608480e-01,4.368861582035947766e-01,2.760380014917895863e-01,2.285988115452815550e-01,7.543115763346249780e-01,5.802298888872462479e-01,8.565850302493688284e-01,0.000000000000000000e+00,8.370354699383727448e-01,5.805026008392668579e-01,4.130580120169987657e-01,8.355839471421802056e-01,1.070473696091277377e-01,6.075251192879305151e-01,9.227152594217462589e-01,7.351776692335272312e-01,4.972520311447313213e-01,5.996908876359641205e-01,4.108813616667143509e-01,4.391383888047173389e-02,3.648436639154737371e-01,3.614932107551763751e-01,5.727926230913316097e-01,6.321708866876537547e-01,9.484710769007074216e-01,7.003245518800577107e-01,5.831213546459665942e-01,-1.083293651664342244e-01,6.050492486066799680e-01,6.614108184965633574e-01,6.657460137158147662e-01,3.388864280727260647e-01,8.120248091423231118e-01,4.614244028804359576e-02,4.406289327994979965e-01,8.956498618217757501e-01,4.604887079998568056e-01,2.484681951666618260e-01,2.796090434491473875e-01,5.287490814350135349e-01,9.193780304337934028e-01,9.069922300682191629e-01,6.968212848239780932e-01,7.200118538797334322e-01,4.156346495632305960e-01,4.992906563831441824e-01,6.434645056859439327e-01,7.197917790743710853e-01,7.646203443211605499e-01,5.121152923319527428e-01,5.690209121882010557e-01,3.832014940470842568e-01,7.054430380927552147e-01,3.031588985333129038e-01,7.352742298565644319e-01,6.041386935323038720e-01,4.309973675566636242e-01,4.595825871368066640e-01,4.403922552842203797e-01,5.806318802276929647e-01,6.463272019015943171e-01,7.900238919536612947e-01,7.374012762752213401e-01,4.046570629034235145e-01,5.141079061329912880e-01,9.694286045922603234e-01,4.380074156076679825e-01,6.405663220857744644e-01,3.293070399662924586e-01,4.803027164438531393e-01,4.125136419093402562e-01,6.105891341515943260e-01,7.629814791432359966e-01,7.368793910215576393e-01,4.907772909290272767e-01,6.722549984141925616e-01
4.496853404392924802e-01,2.526302500454921662e-01,9.540698089454189290e-01,8.994025297796861551e-01,6.220073338678684394e-01,7.859017909215449960e-01,2.145589967259588504e-01,3.042272926312873382e-01,4.539283100473758270e-01,3.346711576278547234e-02,3.046664346306549032e-01,5.548132467119245570e-01,8.260357459348403042e-01,7.267882105094261025e-01,6.652913226657288792e-01,4.600065473192802568e-01,8.370354699383727448e-01,0.000000000000000000e+00,8.590974632900338914e-02,6.283784358792896541e-01,6.336287847630807102e-01,1.250493505377870684e-01,7.801204139948080263e-01,7.830729828808609128e-01,5.503721728932278179e-01,4.736764227393984727e-01,4.706396172985869431e-01,4.009350647564897119e-01,6.931363562477204088e-01,6.260322974961204379e-01,3.763462409942324172e-01,7.739336294272007866e-01,5.345843855710906700e-01,6.338813300551729979e-01,6.986018090520745849e-01,1.482149662631597753e-01,2.192521602389439495e-01,6.098166642239442048e-01,6.214206168164426725e-01,1.479395463172639147e-02,4.711995132024302674e-02,2.909613731231000533e-01,8.070302498946263503e-01,6.854734310245089723e-01,8.284645226298440468e-01,7.001749780238607501e-01,8.066621575651931053e-01,6.312952829324379733e-01,4.348595969872384170e-01,7.721523840020224627e-01,3.169545074567337029e-01,1.635865987273260602e-01,5.004702391119957294e-01,3.468058865659890411e-01,7.067790045385148323e-01,3.610392881127622577e-01,5.550165206592279077e-01,4.570566086077381129e-01,6.672208703404094443e-01,6.051245330681326307e-01,3.368880997694422286e-01,5.388189600151527259e-01,6.436198505721617558e-01,6.931374649122303833e-01,9.072464530018209405e-01,5.891681359144935737e-01,4.354614679863468840e-01,7.845063159719039003e-01,5.270005536780242306e-01,4.095563276925742180e-01,8.035099486422093706e-01,7.693111142346402698e-01,7.212164755067609345e-01,1.436877336880399703e-01,5.155316876172241214e-01,9.483684503822127354e-01,6.508538999719990503e-01,6.113388513855396722e-01,2.383912737183384034e-01,6.889297655480793869e-01,7.957225641295853080e-01,9.967603842703451900e-01,7.798207476669567484e-01,3.528892259209897020e-01,7.805313954673573917e-01
