0.000000000000000000e+00,7.034413503431593551e-01,2.665125903098579663e-01,4.532990657805223145e-01,6.638564932112546169e-01,7.504824468355709710e-01,8.659395848924996697e-01,8.100533163134501224e-01,8.068402731311291598e-01,9.029215362738107764e-01,8.521539494941678949e-01,8.701171383455503783e-01,7.860062986864211343e-01,8.744540963313842674e-01,5.303854114830895972e-01,8.537793663947756961e-01,8.417706344486018954e-01,4.010343380437939032e-01,8.023844438853050542e-01,6.866557647803388509e-01,7.611183447265653657e-01,6.415184049359261564e-01,1.278967228728358496e-01,5.605600352423554256e-01,6.046433703898721479e-01,3.867451345500569904e-01,9.637519775212133322e-01,7.936568048907945983e-01,1.307437277659797004e-01,4.121468390828319506e-01,-1.102623205194800532e-01,7.311538679691289566e-01,6.085322689119206929e-01,7.980596974584959202e-01,6.247579275187625791e-01,3.199643519601534369e-01,8.167131566652015284e-02,7.057646724181027009e-01,6.779574959571664783e-01,4.041364989384103046e-01,4.337752240474779808e-01,7.147683639105344433e-01,7.935603595969963342e-01,5.825876253628812229e-01,7.944379534719506752e-01,6.330770754221806129e-01,2.744849690608188730e-01,8.549481941551122510e-01,8.332502215898921483e-01,5.425986660910511183e-01,6.691206995736268537e-01,4.426009417835532478e-01,7.559326764376584906e-01,5.494436271284020012e-01,7.320729237503452724e-01,4.920879382389780066e-01,5.807940700949776325e-01,4.129465151733512918e-01,4.467863413030541131e-01,7.480750924265480162e-01,2.958236044324015213e-01,8.818405144761831682e-01,7.545343212294781665e-01,5.928236579849340826e-01,5.452889120874220286e-01,8.729913801283453179e-01,6.932684400843740491e-01,7.672065285584911409e-01,7.987702028562950751e-01,9.648484567418548208e-01,8.132663274900665540e-01,8.505239246798823594e-01,4.554472770581368124e-01,2.213106168799569284e-01,8.942422693134374212e-01,6.819089659039775375e-01,8.139078395689925971e-01,6.016592953074946237e-01,3.312502732374554837e-01,2.157042464822498118e-01,6.392515444254303070e-01,5.479823046924319208e-01,9.658947637106473083e-01,5.670203724928334355e-01,4.886136685768132648e-01
7.034413503431593551e-01,0.000000000000000000e+00,7.669715619775674398e-01,9.680416518206286236e-01,6.222054903842797607e-02,9.709843621447058482e-01,7.123247659195497405e-01,2.326318540431024373e-01,2.385854085881798092e-01,8.648819726728336210e-01,9.242955590423459489e-01,6.861102583335340066e-01,8.316310236533416278e-01,6.860826466897979037e-01,7.603396113785995114e-01,6.043439058000104058e-01,7.418960381232478918e-01,7.766384255725785613e-01,9.597024979707509118e-01,5.611532892339263778e-01,9.470438827461824527e-01,5.115998680923687925e-01,4.685694065775802830e-01,7.750739073260222156e-01,7.662814827165769227e-01,9.414863070247083687e-01,3.001389252854762546e-01,6.110038701518133442e-01,2.872826203918657506e-01,6.654175976163806405e-01,5.416073239540895173e-02,7.936976556626509360e-01,5.366266683448570607e-01,9.379518978736229862e-01,4.864360809566094512e-01,2.389263016582902077e-01,5.894969709766266774e-01,6.827031230820514995e-01,6.039464540891015254e-01,4.722026779034074750e-01,5.531442726249038433e-01,4.474340897551409846e-01,2.232727758607361834e-01,4.809229832038984798e-01,6.791683151117742234e-01,2.078860759096813893e-01,4.430832166927570204e-01,3.537355580590096915e-01,4.276467565448994756e-01,4.013622647353360939e-01,3.700371429589068839e-01,4.227280273625246276e-01,6.134675530380250263e-01,7.445101584039297560e-01,2.910080314717309324e-01,5.856584936206379322e-01,4.790972267042856725e-01,4.417077351895579707e-01,2.888803601205113813e-01,7.706179531859429499e-01,7.701436921081505904e-01,5.869126630449406079e-01,5.091005003610458157e-01,2.416292566766465588e-01,6.735249082414153099e-01,2.280580271450137197e-01,4.349008227681110395e-01,9.747334400753184802e-01,8.430360391218257865e-01,7.860501528635450708e-01,5.347389541367649768e-01,2.087350673700663073e-01,5.253974577788774747e-01,5.029435126595308558e-01,7.907096174989034498e-01,3.582957046434726012e-01,2.460442473059712420e-01,7.797665898340417900e-01,6.440143984551025547e-01,6.092580760100785309e-02,1.815795426944737112e-01,8.109020763313100622e-01,8.076903743694089366e-01,2.651519734158439556e-01,6.104218768047230403e-01
2.665125903098579663e-01,7.669715619775674398e-01,0.000000000000000000e+00,8.296023085008208398e-05,2.500225055949078512e-01,6.840551234416936133e-01,2.817939935283482189e-01,9.801865032926433408e-01,1.972052636688457206e-01,3.992332254224492116e-01,6.858660752873633193e-01,6.756490204477216821e-01,9.977471455194929506e-01,9.480780741354919439e-01,8.292015585542406031e-01,9.817467517345261907e-01,6.560745124782310089e-01,8.478421179173575295e-01,4.831366777715168648e-01,7.957658772890572330e-01,8.929419305457687583e-01,4.209762930657113267e-01,5.383670382901544205e-01,9.633031786717172196e-01,9.135937423986939532e-01,8.470736203874493775e-01,7.402809786987603058e-01,7.187593777517743421e-01,5.560012445123797553e-01,2.803819281926039908e-01,3.547141169002960281e-01,8.600521645292622530e-01,6.576391081651599135e-01,7.449285840307551254e-01,6.699267261245532568e-02,4.480358253266297774e-01,9.040787497456170829e-02,3.362480311561302226e-01,4.992019823785069921e-01,7.870225898797399422e-01,7.047063285850421188e-01,6.594827333653530133e-01,8.143157013393352850e-01,9.669918578685767763e-01,7.437348373097797394e-01,2.683402527027117790e-01,7.564080678504148114e-01,7.824758219344891685e-01,6.822536321098876533e-01,8.726546327185393803e-01,8.831721747808604084e-01,4.084478081179984121e-01,6.995367116383567341e-01,6.761543362151678505e-01,6.622680604375049684e-01,6.271041832466545118e-01,9.298310939243956685e-01,7.548773683033410675e-01,9.032026798326209249e-01,4.645194094076062763e-01,5.138777215423981914e-01,7.650939641699359139e-01,5.840902002862797815e-01,6.392561827998929358e-01,3.249817315944510954e-01,8.608073450646657188e-01,8.629437782033806403e-01,6.454253186444687262e-01,7.116762003104705192e-01,4.484025468969147776e-01,7.501447743200571061e-01,9.527908292096380904e-01,4.188933706619499819e-01,6.641786582253839111e-01,6.325921660201263563e-01,7.766317236283899472e-01,8.109123664667112763e-01,9.345019043987049523e-01,2.106293120074631819e-01,5.104570168139298536e-01,8.587323323897864125e-01,3.240594699982659588e-01,9.160512289039557388e-01,8.274014767719773955e-01,9.723844471569021986e-01
4.532990657805223145e-01,9.680416518206286236e-01,8.296023085008208398e-05,0.000000000000000000e+00,3.720365804962124656e-01,4.324392656913635391e-01,-8.018400832505712117e-03,7.050838792153006906e-01,6.700516878317360758e-01,9.289797465123161846e-01,4.599625604233769649e-01,8.575851691401122912e-01,6.550942281539509082e-01,4.472618917648084058e-01,6.184616676416280212e-01,5.924620994327751689e-01,9.420806870666584842e-01,2.686002025932798798e-01,6.435865018932533932e-01,6.804023404502900219e-01,4.800907544581957676e-01,7.830830175904752721e-01,6.539495363757709123e-01,8.425953352036876787e-01,6.457815004719227314e-01,5.274403358820243248e-01,7.387552303381244023e-01,7.581250393400611465e-01,6.640432535055136587e-02,2.498154769025244248e-01,3.775496119353450308e-01,1.154991184919823555e-01,7.003178026221251740e-01,9.661947679118070287e-01,4.695175715973822217e-01,4.724899195849007194e-01,3.332543445792702785e-01,5.190725578815477137e-01,4.548432175217843043e-01,6.419533500997691711e-01,6.603833519607946734e-01,9.890803646422295925e-01,3.217080157612311475e-01,6.226201930979378130e-01,9.563640234303938392e-01,2.415160665011661378e-01,6.270626120142041016e-01,5.642255461098963920e-01,3.004638722092741743e-01,6.528255185257151316e-01,1.594097409927369702e-01,8.829832191141450126e-01,6.658594814251213023e-01,7.667031632114180706e-01,7.373907980629539338e-01,5.998899506890922328e-01,4.689502962547047460e-01,9.036116354045613530e-01,3.426295397208587445e-01,2.252301131426086012e-01,3.727723404574501131e-01,7.595106072669817188e-01,5.341904661304145430e-01,9.998104562960616892e-01,9.917571631488101280e-01,7.008609403422069173e-01,4.360882156336350346e-01,6.525816066677818661e-01,2.528542089581690133e-01,5.083748351182533209e-01,7.116259937006510494e-01,3.858246588415775724e-01,4.537315514889099233e-01,2.858985256444351863e-01,7.397730181372522695e-01,9.500929660152559464e-01,2.054664548925442813e-01,3.727454446182305592e-01,7.432411453386866818e-01,4.128887492892571176e-01,7.784904922449767950e-01,6.958211325380532497e-02,4.216673535628552294e-01,2.642338864322676950e-01,4.436074416451553648e-01
6.638564932112546169e-01,6.222054903842797607e-02,2.500225055949078512e-01,3.720365804962124656e-01,0.000000000000000000e+00,2.911952972705393883e-01,6.391867518407148285e-01,-3.849723152503009005e-01,4.645328995296538199e-01,5.663212871919587332e-01,8.118752327956284542e-01,8.069731235792075852e-01,8.944146665969707755e-01,4.955843784790103235e-01,6.463287549966172385e-01,6.920963413837475375e-01,4.417919554357990775e-01,7.558637822368371451e-01,5.633297936443533160e-01,7.392758652245127182e-01,7.461643447702586140e-01,4.640677551090223174e-01,6.885036708515032133e-01,7.586832951758092358e-01,3.854423653020150331e-01,7.160578516947831984e-01,9.230566125805631517e-01,7.863857986604018135e-01,7.223711379986661463e-01,2.079091725200524210e-01,3.094107077941860573e-01,7.922708967768540278e-01,8.715316216868972399e-01,7.397915161937589357e-01,2.661265574486602059e-01,1.306389901427265354e-01,3.411802049848304819e-01,3.903012612699068296e-01,9.315880539565337681e-01,5.508069932226321574e-01,2.792961406273658520e-01,7.202296318582714907e-01,6.890089345405210342e-01,6.149777493898359593e-01,6.191892910724643428e-01,2.300512406340141369e-01,9.198516835364285438e-01,5.946525968731621870e-01,3.142037655061570844e-01,5.104509588298670186e-01,2.336104902820796692e-01,6.387755785221418403e-01,6.970807773424512188e-01,6.797049201801007579e-01,6.540211663322724744e-01,7.583918453145426231e-01,6.314955973187932337e-01,8.401416382882558320e-01,2.162828799685996561e-02,6.154185253587567406e-01,4.652683059548792799e-02,3.078259162579711772e-01,9.674369109500638997e-01,4.220638430918746131e-01,4.101534820918971702e-01,7.498903131153827895e-01,7.439153901396986512e-01,8.743454502568116515e-01,-1.255130227484580474e-01,6.994429962897595887e-01,6.380867087945167881e-01,6.896679170141279958e-01,4.077955877269732188e-01,4.314637743253397772e-01,7.942606882188151252e-01,7.749901705512449723e-01,9.189539777673514376e-01,4.906299794875465525e-01,3.086891190773562443e-01,3.768929105178351890e-01,5.489106548118714013e-01,7.531427046241619960e-01,8.331659304786652731e-01,4.866771930852719086e-01,9.078497582732167892e-01
7.504824468355709710e-01,9.709843621447058482e-01,6.840551234416936133e-01,4.324392656913635391e-01,2.911952972705393883e-01,0.000000000000000000e+00,4.092973577140565089e-01,2.717461675331186433e-01,4.721204383767720891e-01,4.337915901780440286e-01,3.740638854649595002e-01,2.571202038601250739e-01,7.684362445117491891e-01,7.321882208887002808e-01,5.102152895116297548e-01,3.788823232864830803e-01,8.333309912776458717e-01,2.936015117028323296e-01,5.923343146006542215e-01,7.928353997093267047e-01,6.968602096554830094e-01,2.656907601743079828e-01,3.678129400095977442e-01,9.092823142972152883e-01,3.262957687879590729e-01,2.209745646868571389e-01,3.078313739700368479e-01,7.789982964939028420e-01,5.726583081389106100e-01,6.359504421799432039e-02,7.438476471326418427e-01,4.550966632100483245e-01,2.183145962683189778e-01,9.882548102255248601e-01,2.538137340440406176e-01,3.181511459137205400e-02,2.736910892901720516e-01,7.932515166505651472e-01,7.135413626475922699e-01,6.673842259565704316e-01,3.003413132686775233e-01,7.278749283247469837e-01,9.903992728777301080e-01,5.973310331856102051e-01,9.199778934467528480e-01,7.869479141304802639e-01,6.998958086634081699e-01,6.083890569232316414e-01,5.714243568741926849e-01,3.803827092751161376e-01,6.089667307666262186e-01,7.442342169656227524e-01,6.387058115426875737e-01,7.638916482260935670e-01,8.472706624039956225e-01,9.719478115496476001e-01,9.456713180860525370e-01,5.702356208868593068e-01,8.327701473461519566e-01,5.055611441465928529e-02,3.485757617778338924e-01,9.761670234237015409e-01,9.700618454088695275e-01,8.365827838727761812e-01,8.884564028580335115e-01,1.707339059827393257e-01,5.343965612232235429e-01,9.580427393566929295e-01,4.483576050720819994e-01,1.891954514387969022e-01,6.526536898373536122e-01,7.714343472604311414e-01,4.940329668237788963e-01,4.939023478815333101e-01,3.640144561831074044e-01,7.136688890795372942e-01,7.919749471230906890e-01,4.400162590193003043e-01,5.635702907717202725e-01,2.605192286936019452e-01,7.399217260298289744e-01,6.524207841460696322e-01,5.093093162395948559e-01,5.805853797277047423e-01,4.323710768338317467e-01
8.659395848924996697e-01,7.123247659195497405e-01,2.817939935283482189e-01,-8.018400832505712117e-03,6.391867518407148285e-01,4.092973577140565089e-01,0.000000000000000000e+00,4.946067145325960812e-01,5.508110926652747263e-01,2.928207502359856385e-01,5.121482272930744095e-01,4.676365682336061091e-01,5.450014842007471216e-01,5.996944659076874906e-01,3.567497870942119009e-01,1.125057782366534241e-03,7.685874143545921022e-01,6.989719513362333547e-01,6.470888066288080775e-01,7.344803619306785603e-01,9.783555511809088889e-01,4.476901064394121499e-01,4.383469899159408989e-01,7.005056683595535238e-01,1.567007249851848361e-01,7.482739788555300420e-01,4.810695369206593464e-01,9.956706850430437905e-01,2.117404948472940973e-01,4.740905567123453457e-01,2.200259271505469461e-01,4.803508538601756195e-01,7.419522867518759668e-01,2.308711302200108229e-01,-1.314304186645413042e-01,7.453988058258478322e-01,7.015511810854665464e-01,3.891057821451583965e-01,8.057025625470991548e-01,2.861325498475842388e-01,1.264643614287018492e-01,3.295753070935569795e-01,8.029696745985926976e-01,5.263842109081814380e-01,6.511860505646501762e-01,4.611538755337864504e-01,7.577389936713536667e-01,5.456905172057004982e-01,5.657445225414519108e-01,2.042777115070647798e-01,3.093040590311046945e-01,4.751024277658183470e-01,2.694053221885192029e-01,5.082834796597326399e-01,8.277537493946116598e-01,1.112632389994532983e-01,7.027753312793048046e-01,5.529801468104300621e-01,8.256030537166829664e-01,3.990747017302365141e-02,4.918004519601145152e-01,8.146520433182106169e-01,3.441115081033775946e-01,6.139395489991845700e-01,6.602926916931072254e-01,6.636626564717611476e-01,6.577491304100885339e-01,8.112868311672284394e-01,9.739470252069583056e-01,9.651527258071888049e-01,1.427506193343589802e-01,3.392674805798042703e-01,2.009449743992427206e-01,6.794429312188778880e-01,5.182498910947580528e-01,3.040085025501881311e-01,7.661234808245549477e-01,4.879384144370150223e-01,6.306666015496685818e-01,8.128395886748136789e-02,5.441791295209557067e-01,8.583257307329483776e-01,1.447018334875873335e-01,4.425419966179955367e-01,4.104528872832696740e-01
8.100533163134501224e-01,2.326318540431024373e-01,9.801865032926433408e-01,7.050838792153006906e-01,-3.849723152503009005e-01,2.717461675331186433e-01,4.946067145325960812e-01,0.000000000000000000e+00,3.261949467415592441e-01,6.967814414666518852e-01,5.084197017706794108e-01,2.691020964876033039e-01,6.969562101086657080e-01,6.164706662993691966e-01,6.713383699368631330e-01,5.384134432416703975e-01,4.134987089245580894e-01,4.264597976798736312e-01,7.908642505900214115e-01,8.483600234691921482e-01,2.652971029729076502e-01,3.476936787516142768e-01,7.650062691378389790e-01,4.892119021480551555e-01,3.424995275165769182e-01,7.331872382863546984e-03,5.528585203454599029e-01,6.758336160042807128e-01,2.211101863461262251e-01,3.781902383341020357e-01,2.108658207069773749e-01,-1.359259300232795176e-01,4.055872819264988438e-01,6.550372210369187487e-01,8.906583417496004573e-01,5.557760558842730347e-01,3.058356463412476578e-01,-9.246544796515918097e-02,3.212637048909698922e-01,7.520128926033075034e-01,1.061356732538837333e-01,3.445938272156170989e-01,7.404255566395302468e-01,6.560897929178115540e-01,7.264854328050575072e-01,7.277911131887077056e-01,2.539348120395835684e-01,2.054876939845906303e-01,3.901518124588686520e-01,3.785136919515224574e-01,7.847391106418034612e-01,4.548935193060217874e-01,7.202566687727639527e-01,4.133997208453611405e-01,5.870974950475230658e-01,2.373216956735250405e-01,5.894264022715531848e-01,5.240535081972763631e-01,8.768587785854372596e-01,4.964184531126792921e-01,2.289718498866263607e-01,2.903134086478645348e-01,3.432142204905891392e-01,8.863269204514109267e-01,9.666423732949827041e-01,4.160798621409339537e-01,3.456876467433205313e-01,6.875780255847125932e-01,4.746509476736280875e-01,5.769498474653393938e-01,6.298988333148672902e-01,3.179007040985899757e-02,6.224084897116697324e-01,2.766558811701299025e-01,8.362315149226635935e-02,7.453325497716506431e-01,4.083697780616864503e-01,6.125421066605782894e-01,1.399646485691227460e-01,1.802831384181029784e-01,2.932908401799645404e-01,7.276382815831383688e-01,1.842780129969474601e-01,9.618387769441835156e-01,9.602694030306067052e-01
8.068402731311291598e-01,2.385854085881798092e-01,1.972052636688457206e-01,6.700516878317360758e-01,4.645328995296538199e-01,4.721204383767720891e-01,5.508110926652747263e-01,3.261949467415592441e-01,0.000000000000000000e+00,7.482354694150630259e-01,2.731317498584115988e-01,1.593073491418000101e-02,8.640012593286442444e-01,6.744899097691584577e-01,7.555133069195798523e-01,8.221403753348635046e-01,5.514893720311809799e-01,8.656410224491321026e-01,3.362459297890412757e-01,6.509242337008533941e-01,9.771736889357055533e-01,6.736580891742619537e-01,4.345110978077320052e-01,5.488684669736166866e-01,1.437632304355325186e-01,2.413339914207244807e-01,9.925180018503578783e-01,5.944259352573142419e-01,6.336930551237494047e-01,3.650207471938088366e-01,5.018097128252305694e-01,7.789281902240663413e-01,4.887141640888823524e-01,5.768956215932307119e-01,2.930780256872570488e-01,5.319591890383763566e-01,3.601420381437580032e-01,7.488023181737293310e-01,7.094716246811739735e-01,5.872633049423343632e-01,1.954730766942780473e-01,4.803002826855007346e-01,8.471676739464830685e-01,7.579032620041634694e-01,7.088411359114447086e-01,8.938213948780343587e-01,8.507743913677933145e-01,5.503256242219003447e-01,7.282012435591100896e-01,6.507803713690614167e-01,5.919988573370393858e-01,5.587401885597654827e-01,7.585167403395398633e-01,6.230217425517254881e-01,6.373631812463356194e-01,7.922149623173008193e-01,7.945400079220090728e-01,6.146523222875807102e-01,5.306598067618769621e-01,5.048799670081344226e-01,2.059049910307234887e-01,7.029076548061835572e-01,6.660507644649391601e-01,3.401852522180739413e-01,8.789326798368060079e-01,6.183127512956523297e-01,5.584440465005061638e-01,9.022098604626900276e-01,7.073204803054684575e-01,4.622410615195216010e-01,8.414955024767207803e-01,7.578099208085674610e-01,2.841509210243345004e-02,2.058399541227525220e-01,5.998288873248442954e-01,6.250137776189907957e-01,-1.662699615071425718e-01,6.666324120869695502e-01,1.084450195029671576e-02,-4.493706138977360265e-02,7.894920595368998262e-01,6.681332577305822973e-01,-2.801402834464078451e-01,4.025660770587838333e-01,7.173635437874918974e-01
9.029215362738107764e-01,8.648819726728336210e-01,3.992332254224492116e-01,9.289797465123161846e-01,5.663212871919587332e-01,4.337915901780440286e-01,2.928207502359856385e-01,6.967814414666518852e-01,7.482354694150630259e-01,0.000000000000000000e+00,4.398822160673304671e-01,5.337829012505760362e-01,8.182680255720358176e-01,7.143182303347559436e-01,8.380664426564625735e-01,9.883478657978839177e-01,6.302392180196055849e-01,6.771747386927320367e-01,7.513548516973342917e-01,8.781110595967889232e-01,4.430948016632186293e-01,7.544029672366256989e-01,6.502705871893991185e-01,6.582446387710968461e-01,7.709007806416545705e-01,7.656921052550832441e-01,3.097560533146067607e-01,4.246183733255275428e-01,1.713882655997198828e-02,2.505541993245976040e-01,5.131383897209353950e-01,5.459340507195903358e-01,2.760831015866522797e-01,5.159050483859853875e-01,7.435997900447816056e-01,6.037009447055244893e-01,1.233593829522215968e-01,6.263719320419049996e-01,6.589009747443076437e-01,7.632712254231625026e-01,7.596342456450565495e-01,5.226523292988688452e-01,7.370933090608408067e-01,9.481052275722415823e-01,9.594033670249982881e-01,8.847379636310764850e-01,6.546323181151354476e-01,6.533743362186792414e-01,6.545402959561340550e-01,1.674562593670441413e-01,5.651998749670318345e-01,2.421473750005393999e-01,4.399871543386841277e-01,6.710282670886617007e-01,8.746193586420705213e-01,5.092218590464899775e-01,2.831575885855791008e-01,6.851233106010607976e-01,8.929214284145968739e-01,3.630089249805789064e-01,4.008855843925768214e-01,7.009698339875077844e-01,7.356952022987883755e-01,6.531193355497825204e-01,8.333222461678969628e-01,5.809236532798077723e-01,7.780052155788332868e-01,7.558150285127051005e-01,1.299545553039155033e-01,1.282155767498236454e-01,2.906527123011841129e-01,7.895659465966970991e-01,6.079922507097950540e-02,2.237458925335574222e-01,7.247254409934946739e-01,7.038939125724750223e-01,7.130253028029843732e-01,6.924100149922287617e-01,3.246834645571942124e-01,6.716672023583908357e-01,5.148142050432455985e-01,6.074249897371980511e-01,4.937102710138495665e-01,6.537685665856058925e-01,4.945308946354613489e-01
8.521539494941678949e-01,9.242955590423459489e-01,6.858660752873633193e-01,4.599625604233769649e-01,8.118752327956284542e-01,3.740638854649595002e-01,5.121482272930744095e-01,5.084197017706794108e-01,2.731317498584115988e-01,4.398822160673304671e-01,0.000000000000000000e+00,6.795806835313400462e-01,4.403206670494751451e-01,4.035181669943425087e-01,6.923069064507971770e-01,1.720024194515201443e-01,9.350004187553019319e-01,7.759917801315117103e-01,5.442666941087570542e-01,8.708248445961237483e-01,9.318455108410625964e-01,7.694840879624270658e-01,8.660286168561801556e-01,4.960377046905553589e-01,3.732836085777730406e-01,5.868489661989284567e-01,7.905109323306604985e-01,9.587101496564196523e-01,2.112799351235707390e-01,5.637474684931814695e-01,2.846157920698357269e-01,5.514985881463311257e-01,7.260478137294523737e-01,6.727631693490579989e-01,5.614258703283117047e-01,5.867205821073511185e-01,1.190378000118523238e-01,4.606281160270053188e-01,5.222644427508277287e-01,6.985746282774594196e-01,5.432621117338787275e-01,7.161712983757427819e-01,9.838066261571980498e-01,7.861949041933431470e-01,7.696718579523479375e-01,9.808727614327517053e-01,8.812220213543167091e-01,4.207172285284421220e-01,5.522059410433219906e-01,5.260531995389383653e-01,4.335977126045616470e-01,7.165848687154833252e-01,5.287986602767864586e-01,7.747567835680372328e-01,6.776367471602594561e-01,9.845044163499603318e-01,4.753256382030286997e-01,7.870856936839223383e-01,4.102045190209921977e-01,5.207276544814225527e-01,6.602756043920727791e-01,1.416012364600275353e-01,6.939787565536433833e-01,8.218183660854576633e-01,4.628406746335905764e-01,6.414877129576874726e-01,4.244150246947823168e-01,5.584937128829284836e-01,2.263027784412224297e-01,9.093104195702952364e-01,9.574746464936576551e-01,7.316521774813521117e-02,4.544661571632108710e-01,2.841426087339297135e-01,2.067873400325061506e-01,7.724841929545180896e-01,5.402213851118166099e-01,2.353261351115904509e-01,5.250887926245744186e-01,3.112144594641767514e-01,2.436042850988484609e-02,6.304702398234227623e-01,6.512155784358635291e-01,5.944450940020831187e-01,4.003845831734295091e-01
8.701171383455503783e-01,6.861102583335340066e-01,6.756490204477216821e-01,8.575851691401122912e-01,8.069731235792075852e-01,2.571202038601250739e-01,4.676365682336061091e-01,2.691020964876033039e-01,1.593073491418000101e-02,5.337829012505760362e-01,6.795806835313400462e-01,0.000000000000000000e+00,9.197394625498613863e-01,5.891729647973915629e-01,6.455904107177378171e-01,7.814931750299061730e-02,6.266048031723806533e-01,8.486858091962099504e-01,8.470244532921582525e-01,5.882125867009813103e-01,4.599142252107291662e-01,6.092948843261664083e-01,6.616469609095229076e-01,6.612129799866485191e-01,3.258677193132626382e-01,6.995995100150796953e-01,7.786489871134620877e-01,6.969132900743654213e-01,5.677709400758578218e-01,4.232356872039708673e-01,8.660576692704441415e-02,-1.822819412896598545e-01,7.468619844352335502e-01,4.750601251756385035e-01,5.421377779124341156e-01,3.390378908139208836e-01,7.128587223430089825e-02,3.179249246964439002e-01,5.755563825654359533e-01,2.300289479895320233e-01,7.131457334612891774e-01,7.024843387770541847e-01,8.507281104359263324e-01,9.847284583542385006e-01,6.266424995163538680e-01,7.574603844633019945e-01,7.343947492686893064e-01,4.575309969348298478e-01,4.310935590790790917e-01,5.663574287852989331e-01,6.203816126153108845e-01,8.414466333890571192e-01,4.439388518663416328e-01,6.116183783516824235e-01,6.999588295687845241e-01,9.235069480821163079e-01,7.629337569251778417e-01,6.265319423447129887e-01,7.015715019059111102e-01,5.710870502029866125e-02,7.991811162076263297e-01,6.462649658461728785e-01,5.246758438636198729e-01,6.548369550217124635e-01,9.589903343861245766e-01,7.799741399958928234e-01,4.991175197706950173e-01,3.173576949938106129e-01,6.557763666855513929e-01,8.855077922514726918e-01,9.481530662281445476e-01,7.346767109434539922e-01,1.647189116877029735e-01,5.630458645503980675e-01,2.487312991413480057e-01,3.408081605348199927e-01,3.313661464294065939e-01,4.819190302250214719e-01,9.366471594512021381e-02,-6.278188098776052439e-02,6.685522584314265160e-01,7.362323082771145000e-01,4.508593008755183429e-01,5.396500110929717264e-01,6.281429539173952747e-01
7.860062986864211343e-01,8.316310236533416278e-01,9.977471455194929506e-01,6.550942281539509082e-01,8.944146665969707755e-01,7.684362445117491891e-01,5.450014842007471216e-01,6.969562101086657080e-01,8.640012593286442444e-01,8.182680255720358176e-01,4.403206670494751451e-01,9.197394625498613863e-01,0.000000000000000000e+00,5.981606505748137126e-01,9.987211916757724461e-01,5.311104465981582035e-01,5.156848941052879498e-01,6.551272023539205236e-01,8.723431857574603931e-01,8.977637042725840066e-01,8.147932084001107134e-01,4.853241688294825107e-02,2.911773164110543766e-01,5.047285966023882242e-01,6.820717904279899324e-01,7.370622273977521788e-01,8.637261396640240063e-01,9.237991059487804524e-01,1.913838145290628345e-01,3.158261632367419525e-01,5.178490927407141120e-01,5.982909707806538524e-01,9.120115684812334367e-01,9.126071249303283617e-01,7.531699012581716257e-01,3.790023140887842645e-01,-1.261181740899665615e-01,8.351322630520474632e-01,4.202583802631301713e-01,4.848376599183581992e-02,7.174249182499559119e-02,6.203847357519253203e-01,6.478342157385323929e-01,9.166746462076161839e-01,7.835474081663497126e-01,9.332585835626793225e-01,6.846034812973053052e-01,7.996382687396179634e-01,7.226700686304878829e-01,3.663257883087856492e-01,6.589818936511699921e-01,9.126196762515175198e-01,4.191087012406762846e-01,6.990454798972317585e-01,8.476303142389941536e-01,4.435581696520383699e-01,7.487937532643578198e-01,6.350256647608238936e-01,7.277997083160205882e-01,2.388085923075785877e-01,6.577110397635358430e-01,6.373239556537381167e-01,8.211514028061551729e-01,3.593581472930249543e-01,8.544370808687818952e-01,5.068202869401933208e-01,5.692984762799616627e-01,7.101991731507142358e-01,2.443594260461847134e-01,4.628829028769560483e-01,6.788270936444185111e-01,7.186016299476050140e-01,2.538052799519004976e-01,2.138508112672981853e-01,3.220431139717495062e-01,3.856463058612650818e-01,6.090610089231113244e-01,6.827173056275935847e-01,2.320149297897328156e-01,5.648551862385942091e-01,7.547468275241440150e-01,6.495415852829183878e-01,8.908114050263228334e-01,2.758739086100949756e-01,6.542468417881375231e-01
8.744540963313842674e-01,6.860826466897979037e-01,9.480780741354919439e-01,4.472618917648084058e-01,4.955843784790103235e-01,7.321882208887002808e-01,5.996944659076874906e-01,6.164706662993691966e-01,6.744899097691584577e-01,7.143182303347559436e-01,4.035181669943425087e-01,5.891729647973915629e-01,5.981606505748137126e-01,0.000000000000000000e+00,2.211733350041200918e-01,6.690245700978012522e-01,4.327526753003198001e-01,2.921959029372176442e-01,5.026963240445018188e-01,7.304550968148793011e-01,9.720958750912890300e-01,2.066763186157703214e-01,5.992904068334363732e-01,6.364479579486576055e-01,7.024156572070608950e-01,7.734982180738695368e-01,6.586314713905359053e-01,6.451248952432766526e-01,7.580797461933198589e-01,5.178526896153659020e-01,1.951426402973324981e-01,5.374028761033486923e-01,9.924364525449360652e-01,5.066494754880332962e-01,5.893457279414879846e-01,5.872284290747503688e-01,4.747060633316784184e-01,6.543338090186481271e-01,7.851730164938381940e-01,3.930475200514867984e-01,7.578181138442341425e-01,5.729692068851697240e-01,6.893370924331285732e-01,7.703831207126331515e-01,8.222670891192140896e-01,8.029094606984344962e-01,5.939998220268849494e-01,4.667948989085400902e-01,4.290876229241394890e-01,7.121723256944690883e-01,6.555502687677930984e-01,5.076813630624231743e-01,8.777932483220294291e-01,9.248528287262356429e-01,4.532592586703154125e-01,6.172007166863467953e-01,5.649229784016166489e-01,8.457121330106427415e-01,9.631759405015324349e-01,7.842400888895488809e-01,3.758409728237667724e-01,8.637257194577329100e-01,4.878346539476438593e-01,8.538884153490560180e-01,8.117493651200785587e-01,6.074903912355732460e-01,9.726617342063731408e-01,9.616520008245863504e-01,7.347570108220886631e-01,8.244849242637217746e-01,2.729556110816577230e-01,6.391357904687401392e-01,3.423202042595000494e-01,2.353645754963167025e-01,6.544968989855051156e-01,7.728417813845078754e-01,7.974263148965105019e-01,7.797919006562621380e-01,5.324905125827503749e-01,-5.469101328340292278e-02,6.475181214276383157e-01,7.694277114024695718e-01,5.320557616805245971e-01,5.054085359780985387e-01,7.029356332387097783e-01
5.303854114830895972e-01,7.603396113785995114e-01,8.292015585542406031e-01,6.184616676416280212e-01,6.463287549966172385e-01,5.102152895116297548e-01,3.567497870942119009e-01,6.713383699368631330e-01,7.555133069195798523e-01,8.380664426564625735e-01,6.923069064507971770e-01,6.455904107177378171e-01,9.987211916757724461e-01,2.211733350041200918e-01,0.000000000000000000e+00,4.964945248091724439e-01,6.658752325223924462e-01,6.429081377620841087e-01,5.239001188888896543e-01,5.303013385369077515e-01,6.844114408247117254e-01,9.415539708394912166e-01,6.187850755396013813e-01,9.866574459998611601e-01,1.418216937245594944e-01,5.171454326265813028e-01,7.236684161210378274e-01,6.208748345169019522e-01,7.931901748325443924e-01,4.507405281384631035e-01,5.221354266478011041e-01,5.362216035133360315e-01,7.320227155454070989e-01,8.235331859454199099e-01,2.954745880440549088e-01,6.607220404678246783e-01,4.175738997924470230e-01,9.607807111430474167e-01,5.636914354348683265e-01,9.508007910910807325e-01,3.321898357688339298e-01,6.878012433872132680e-01,9.285166339259962598e-01,7.554704271476809785e-01,3.809698419195116648e-01,4.945702003672908242e-01,4.967817748001674971e-01,7.235261132725578914e-01,6.184033910144349014e-03,7.037761714495891496e-01,3.437070005177755849e-02,5.937688605923518992e-01,6.167104226438594461e-01,5.406406681060781372e-01,6.535073358499394747e-01,8.666340678524184771e-01,5.927513850151434616e-01,9.444511145524479012e-01,4.971987063200704049e-01,5.035990942703668649e-01,3.151555471050053736e-01,2.515054357461768419e-01,-1.570432170666781757e-01,5.763260790665852840e-01,8.443891162521722782e-01,7.257001832057811130e-01,6.435158474929851824e-01,2.577372580797760993e-01,2.114274690493587461e-01,3.910013197039116095e-01,5.282192841571724529e-01,2.442353281923899389e-01,3.724331475405144865e-01,2.716180937195916134e-01,6.644511578475250646e-01,5.644541614717509814e-01,5.558578496583045370e-01,5.901788688254790971e-01,7.384337251456906115e-01,7.751629615755790681e-01,6.990065325042310596e-01,4.524041511243094282e-01,6.688135243776422989e-01,4.219478713822872873e-01,4.692769040958065241e-01
8.537793663947756961e-01,6.043439058000104058e-01,9.817467517345261907e-01,5.924620994327751689e-01,6.920963413837475375e-01,3.788823232864830803e-01,1.125057782366534241e-03,5.384134432416703975e-01,8.221403753348635046e-01,9.883478657978839177e-01,1.720024194515201443e-01,7.814931750299061730e-02,5.311104465981582035e-01,6.690245700978012522e-01,4.964945248091724439e-01,0.000000000000000000e+00,7.362103130454449307e-01,5.819135138980089383e-01,7.369591133779812564e-01,8.688648304804045264e-01,7.567502010777377164e-01,7.223603799565557759e-01,5.057545077656456778e-01,8.915082349955675278e-01,3.194583238998442987e-01,4.997778314229223695e-01,6.560995919151444422e-01,1.146067136356637151e-01,2.177518330621368847e-01,3.266655275671827563e-01,8.817528330766107036e-02,9.437402217543494620e-01,9.918572000949199552e-01,9.565506030118872127e-01,5.609668352068654107e-01,3.840732443213175085e-01,4.761275559226136878e-01,4.141454966780647728e-01,4.044284866265512868e-01,7.997555320424645231e-01,3.588896020612091231e-01,9.675503980791775316e-01,8.532954905230322185e-01,9.576597211893886907e-01,4.851673343722735510e-01,-3.318883500119096386e-02,7.990757782032076317e-01,8.338320106406873489e-01,2.184626354175500940e-01,7.414708292949143686e-01,9.442201505796206096e-01,5.307319622150555860e-01,5.097046844059742732e-01,9.547572724736170802e-01,3.582196791634479904e-01,3.909768271061634382e-01,4.728076371999243577e-01,6.143590748775784594e-01,7.576831710142020171e-01,2.025634688969139841e-01,-7.167150884990236559e-02,5.132133074354410240e-01,6.647070990704369020e-01,6.025552276090763160e-01,8.023570203327068384e-01,5.262300181995898107e-01,6.769573846671487205e-01,7.716977332917039911e-01,5.301640903594199150e-01,7.697891520965711720e-01,9.443127014924665996e-01,5.659357989423839941e-01,3.491695219987868137e-01,1.529739444453484531e-01,7.746395098955722869e-01,4.985462187739678197e-02,4.865861418568149799e-01,6.043599393845126011e-01,4.462446450976800816e-01,3.362063937800612301e-01,-4.979992095521859619e-02,6.071428877061824103e-01,5.763384683653796081e-01,4.580204915260838172e-01,7.502328031612132131e-01
8.417706344486018954e-01,7.418960381232478918e-01,6.560745124782310089e-01,9.420806870666584842e-01,4.417919554357990775e-01,8.333309912776458717e-01,7.685874143545921022e-01,4.134987089245580894e-01,5.514893720311809799e-01,6.302392180196055849e-01,9.350004187553019319e-01,6.266048031723806533e-01,5.156848941052879498e-01,4.327526753003198001e-01,6.658752325223924462e-01,7.362103130454449307e-01,0.000000000000000000e+00,5.900729018217564237e-01,9.255578271332652873e-01,4.797803163991286035e-01,9.555743350811872761e-01,6.825548495090200118e-01,4.263582357769685194e-01,7.756741542424341329e-01,6.254842183584460313e-01,6.643853022078383130e-01,8.937609537245098101e-01,4.787136142028314278e-02,3.985501011144476635e-01,6.791371061188945513e-01,1.098164236974106950e-01,6.341265014863924909e-01,7.257844101362391775e-01,4.325771993395440274e-01,6.353520647057402382e-01,3.928043015056994491e-01,1.126420062308240433e-01,7.152881794283754147e-01,6.113346120776624870e-01,4.611730653275810665e-01,4.669325629115840259e-01,6.130127126740327892e-01,8.875195302173096712e-01,3.919844414917468267e-01,8.176758986172776300e-01,7.664503850393755702e-01,4.911893516921606029e-01,1.496189380948843572e-01,7.466860318654173767e-01,2.733529116188596064e-01,2.893130920795908834e-01,3.216201103539767514e-01,7.103752385376802536e-01,4.129803751763658770e-01,4.939588656885300355e-01,8.598281989093496946e-01,5.562621941056089536e-01,7.032385863842218754e-01,8.737776699187658203e-01,5.854563027124484176e-01,5.062334128437023795e-01,8.919077889171841411e-01,3.217271506943016890e-01,7.665395560070379366e-01,7.366744652395056381e-01,9.233034617563916635e-01,8.413135121254685656e-01,5.757452067933924722e-01,4.004071797823688383e-01,7.645502264467822773e-01,9.676623280845190189e-01,5.529102670456954582e-01,5.619752525740173699e-01,5.046744003789070954e-01,8.902288749807948376e-01,1.056899720171193408e-01,9.841449457557103209e-01,7.433293725702856403e-01,4.001780992218930688e-01,1.747540770634713747e-01,2.677086130694421029e-01,6.115178481355042495e-01,1.036187303114977365e-01,2.636729803148316065e-01,8.939997651654086885e-01
4.010343380437939032e-01,7.766384255725785613e-01,8.478421179173575295e-01,2.686002025932798798e-01,7.558637822368371451e-01,2.936015117028323296e-01,6.989719513362333547e-01,4.264597976798736312e-01,8.656410224491321026e-01,6.771747386927320367e-01,7.759917801315117103e-01,8.486858091962099504e-01,6.551272023539205236e-01,2.921959029372176442e-01,6.429081377620841087e-01,5.819135138980089383e-01,5.900729018217564237e-01,0.000000000000000000e+00,7.046536698404096688e-01,5.345718262709459045e-01,8.781680901911912418e-01,5.279218540428246564e-01,3.728564979827706516e-01,9.981965026387649154e-01,7.727990889642308847e-01,2.207394811405986590e-01,7.222048082367102939e-01,4.747407638502390559e-01,5.487082567624567142e-01,2.563140144277533672e-01,5.836218110482147559e-01,4.912165751524637525e-01,4.450869590101414475e-01,8.426046290225696067e-01,3.160283709400953378e-01,3.409567870845369164e-01,8.979629059233036614e-02,2.305299225486262538e-01,3.622608880365227879e-01,5.522239867760359022e-01,5.969192242151732941e-01,2.876880051791248505e-01,4.309060362948628486e-01,2.574615501570897691e-01,5.053543779203036879e-01,1.431599733593458311e-03,6.835159447693782697e-01,2.150174722760959389e-01,3.560295973484558507e-01,7.670401571682348152e-01,3.150958286547638210e-01,3.613792370930562492e-01,9.153837413176080240e-01,7.222355265119873025e-01,5.059859454436066439e-01,1.539167509233720921e-01,4.182013803869329971e-01,5.169976779357895458e-01,5.756055585079173920e-01,7.440519902456369516e-01,3.147652548899286251e-01,2.875269451082052563e-01,6.628729676986759856e-01,5.848891415645970371e-01,4.579296505861271127e-01,4.935496989730429052e-01,7.595829854843815232e-01,7.849567284821390434e-01,5.920368641153646028e-01,6.077221088931611392e-01,4.571971321946591837e-01,5.082223052225913751e-01,5.079324311513393475e-01,5.030303877327514384e-01,6.686196348159947345e-01,8.088687161806448200e-01,4.095663816401814983e-01,9.173637471174768132e-01,1.169987605450553692e-01,3.941049865762018545e-01,6.653310466535635737e-01,8.545714819751595304e-01,5.662482880217400982e-01,7.902631601439497055e-01,6.987401845458934835e-01
