0.000000000000000000e+00,8.496132699347488382e-01,6.568634419789275425e-01,6.448673420321862082e-01,5.212168338348743823e-01,9.356847415200488793e-01,7.925150557941611495e-01,9.518587222993040164e-01,6.161829087447099340e-01,8.968554114259508214e-01,7.785107541424881594e-01,7.470835174638728038e-01,8.679531540453668814e-01,6.365999963655799565e-01,7.718993777275768853e-01,5.832477046561536094e-01,7.065192527774851738e-01,6.369740852761608396e-01,9.190337286897366509e-01,6.902220340162970036e-01,8.829209154187983577e-01,6.613272480191340064e-01,6.757843219420835990e-01,8.995298976679838576e-01,6.719666473146546082e-01,3.245645032846425360e-01,8.901890460908241653e-01,8.461587855259915525e-01,5.933497694035156922e-01,6.384813574959854465e-01,4.553580093531301998e-01,7.254593294284139571e-01,8.897370775264688003e-01,6.932741690303673154e-01,7.855587055879962310e-01,2.730367206053244677e-01,5.041152320631969719e-01,6.356291882773986712e-01,3.452079563663265627e-01,8.290484313460452226e-01,4.750694043046748138e-01,7.400805195380301127e-01,2.214434675887170523e-01,6.162394932677193182e-01,4.143449312805486118e-01,7.928518526665854216e-01,2.148382389723890173e-01,7.848801477162737905e-01,9.160634108295483413e-01,6.636185328976884623e-01,3.581116219920524868e-01,7.021664473940408824e-01,9.666898959751856202e-01,7.475266215605581577e-01,6.766706432116422754e-01,6.647714178884837066e-01,6.169551394312551285e-01,4.197548984083082080e-01,7.983542787831136023e-01,6.683515711048851893e-01,1.936795298508270646e-01,6.599126048762962160e-01,9.263933011653675553e-01,6.730519542112594067e-01,2.343370956397466953e-01,7.126428643929606510e-01,4.510196913433735522e-01,9.457852520164081733e-01,9.501659772759420974e-01,4.901836990387327120e-01,4.666417324036317149e-01,6.969907671218260603e-01,3.145494084650370392e-01,7.482863829734627270e-01,5.088351826083378215e-01,6.476905136116746231e-01,4.500014065563317511e-01,9.733722758333793745e-01,6.474543715423460855e-01,2.093511966242701805e-01,5.051430616549624775e-01,6.534167594667055212e-01,6.102234426733749162e-01,2.272646925269203311e-01,5.300789792214042340e-01
8.496132699347488382e-01,0.000000000000000000e+00,8.767335958673823093e-01,9.269343393456312974e-01,7.208161804753392410e-01,8.182281536081069673e-01,9.077194881452288477e-01,1.710224542553823168e-01,7.497053806815672239e-01,4.375553292175588527e-01,7.707312659934508758e-01,9.387550004331950415e-01,8.335762621325083499e-01,7.948100708305760875e-01,1.366378586487030922e-01,6.941073683653826709e-01,5.878884326318145614e-01,2.546817811179458158e-01,9.940873029033115982e-01,5.017036475793456018e-01,4.089575244324891168e-01,5.153374920099139667e-01,6.972486932974836238e-01,2.265236278117107038e-01,3.295510457732884202e-01,7.837036347746094700e-01,5.710616462040485342e-01,4.416570671825785221e-01,3.505286671821716826e-01,6.758300662199050457e-01,3.685210381575336758e-01,2.746015515597166612e-01,5.812534711920406272e-01,4.341620464011655689e-01,4.857983908961450714e-01,6.458219555249576915e-01,-2.672786973361498397e-01,7.295049486131666150e-01,8.753038479941962491e-01,6.464223000824802501e-01,2.599159808239246416e-01,9.285512056208068410e-01,2.293304108076903158e-01,7.163166956429283250e-01,8.639415594186867775e-01,6.346751328168974693e-01,6.450774622628604460e-01,6.664428819407045568e-01,5.052029197468226318e-01,7.496740600872442428e-02,9.886615702433143582e-01,8.331662744713307367e-01,4.395316010411253194e-01,9.741672951497648558e-01,6.548313957688851605e-01,5.540915017952527943e-01,4.688207997020071849e-01,7.982910000005842832e-01,4.948548624076996028e-01,7.929012338880292443e-01,7.819209871598797879e-01,2.097320454570268944e-01,5.348802548406093038e-01,7.370708861538164403e-01,1.144749202599177340e-01,3.490942661326762453e-01,7.678851109763760174e-01,8.577997673842814308e-01,7.796596462751944623e-01,6.357390846599425549e-01,5.420783291128130621e-01,4.036431532016035995e-01,5.497982787281152639e-01,9.831364589089275352e-02,4.569602531282394575e-01,6.796776048494258538e-01,7.034906820844019082e-01,7.458538949232620396e-01,6.627155659967634005e-01,3.339666549060857914e-01,8.360645133098739690e-01,3.990883381913464811e-01,9.373576900339236628e-01,7.694325386189585503e-01,7.539263849603922152e-01
6.568634419789275425e-01,8.767335958673823093e-01,0.000000000000000000e+00,6.852957899721140445e-01,7.373728002938472192e-01,4.162517000631725805e-01,4.913527003677496952e-01,9.957998684627118458e-01,5.554764568644900979e-01,6.548999425871391278e-01,7.524281914599185717e-01,5.411129786569018885e-01,6.057570653463365540e-01,8.180614146194691294e-01,8.823154324699288287e-01,5.209768716924553233e-01,4.930625780897681665e-01,6.968587598801081473e-01,4.860944337744526056e-01,8.683629799545438122e-01,6.794449491312841705e-01,4.226665792527807275e-01,8.945338869952884631e-01,8.779867907549318007e-01,6.753129899121407265e-01,7.461493816778870247e-01,7.359780601318937077e-01,9.911925338114015993e-01,-1.193858337079687915e-01,5.719645648413298478e-01,5.941768658835657746e-01,4.275665184124388674e-01,8.168622201731818855e-01,9.146532770765610776e-01,6.974827510180279244e-01,3.067625050541397114e-01,4.612301018841784006e-01,9.170123979934848846e-01,9.211251363231247602e-01,6.233567955469834221e-01,7.797396970071011069e-01,6.739041957816643835e-01,5.827506673743969579e-01,6.589360375694849337e-01,8.994348008389549953e-01,5.966777367979501090e-01,8.646481398720500255e-01,7.682247132803968759e-01,5.862732464580228120e-01,7.299715769484117489e-01,5.666159890636891516e-01,2.491389984314754946e-01,9.825917059864962555e-01,6.943918144503743450e-01,7.872145512427415337e-01,6.393123625317727043e-01,7.132118349546529013e-01,9.214485593964329979e-01,7.760442953836801383e-01,4.355183642368340435e-01,4.078690499457049423e-01,6.205994894913967608e-01,6.339897192684281757e-01,8.611273997197351759e-01,7.531268853696149179e-01,4.930270544625998952e-02,5.921458862165398518e-01,6.630615385061142675e-01,6.846888742700097952e-01,9.869635884680446614e-01,4.424670100124156180e-01,4.024911330902511963e-01,4.995216035402955668e-01,2.387196693698602490e-01,3.911424320247837150e-01,9.237602710535010031e-01,7.944900334336111314e-01,4.499591694050690815e-01,5.428694730084712150e-01,5.115124291638302456e-02,8.171406967385661524e-01,3.727780644861690695e-01,7.900727456000741222e-01,9.096185627451928157e-01,7.344031312219772012e-01
6.448673420321862082e-01,9.269343393456312974e-01,6.852957899721140445e-01,0.000000000000000000e+00,5.226576785770958855e-01,9.968470037317872512e-01,6.247019394611759147e-01,6.660304889207950829e-01,6.908352425537230834e-01,6.836641944776351565e-01,8.167132920580748578e-01,9.894403901010130342e-01,7.175127413000744747e-01,7.340405146560847749e-01,8.520018405825557917e-01,2.102986881596775048e-01,5.349288446160072041e-01,4.678238587864982367e-01,5.231227919144550986e-01,2.196925686955527868e-01,6.831507480389563680e-01,4.289983564366676161e-01,5.895531088825166632e-01,6.886961632052542859e-01,7.029976738722041318e-01,7.590854190182764194e-01,6.235448554308722358e-01,6.510134035755312798e-01,2.473270144754573796e-01,4.098064515221933601e-01,6.038519006263919353e-01,5.157655478349404410e-01,9.304198030318147072e-01,8.630864069935482163e-01,3.950496894485527877e-01,3.765249441065957603e-01,4.990478707056481000e-02,3.279395169063804572e-01,2.829389222099199519e-01,8.640273600302086354e-01,2.087500726371263882e-01,2.806131449883003670e-01,6.467509032368528032e-01,8.600103409872290605e-01,8.037621147996653059e-01,8.438333640680851372e-03,9.251998145929645201e-01,3.654707807554444798e-01,3.414213283303443314e-01,5.883382707388067345e-01,4.753868461115176580e-01,7.386593680825648267e-01,2.488783944116534086e-01,7.156677903259187623e-01,4.783472603007903889e-01,3.755486117721246742e-01,7.677746407177787891e-01,4.237939734096153876e-01,5.676327677245420755e-01,6.042429496872744332e-01,1.714238247432060547e-01,6.177255974433646379e-01,9.737464545286754758e-01,5.261035306902972497e-01,9.988054958747930590e-01,3.776036245952103521e-01,3.073449308444715644e-01,6.542553652248186413e-01,4.365860689920141313e-01,7.951417650411654048e-01,5.702881248078917054e-01,4.360402633848018961e-01,4.552112749259579760e-01,5.615946986302263744e-01,6.069481296146314042e-01,4.850129784504227937e-01,7.806000701742180636e-01,8.149881541466788004e-01,9.807857020190142994e-02,5.729057566640816113e-01,3.855406352701493677e-01,7.782000036531832032e-01,5.881710554401142765e-01,-1.982565399033361375e-01,2.340486637691978067e-01
5.212168338348743823e-01,7.208161804753392410e-01,7.373728002938472192e-01,5.226576785770958855e-01,0.000000000000000000e+00,5.131829966908915130e-01,8.976667425353314078e-01,4.603990168236421487e-01,6.608964146714646493e-01,9.304042768338806058e-01,2.099724290034273022e-01,4.175968190691087822e-01,6.826165924338435387e-01,4.181114666008400316e-01,7.397715020279735931e-01,1.734742025694630818e-01,5.700365047837896437e-01,6.522112415332068647e-01,7.424903242263254377e-01,5.326092441306344849e-01,7.281737790002986710e-01,1.158765989865948032e-01,5.416650735931153315e-01,8.205368831308370581e-01,6.965572868694712705e-01,7.123848342100425057e-01,8.158234554297121299e-01,4.809269723670868135e-01,6.788402589484641148e-01,2.047395451656838505e-01,3.895517430836321626e-01,4.768381570374936596e-01,6.182455420687407166e-01,6.015782718875206658e-01,6.543823698792043952e-01,6.880181874549714527e-01,3.608847601926401527e-01,4.776022304322053991e-01,7.397224513180394867e-01,4.132318311121266907e-01,5.612509157572079799e-01,2.245297408654214899e-01,7.784930211039217118e-01,3.704813026872209036e-01,9.868729640984261753e-01,5.428890697154435951e-01,4.658798337188915784e-01,5.007715623363937496e-01,5.551189690979619895e-01,4.157964648637560434e-02,8.202870380395639316e-01,4.677357503215574530e-01,6.322773431484092210e-01,4.839593765413321425e-01,8.475233918708766634e-01,9.584597878729423925e-01,5.390249592879815532e-01,7.311080140530500371e-01,4.148428452487021856e-01,3.795640414978879162e-01,5.883906756412142780e-01,7.804149768341732685e-01,9.483019159095857908e-01,7.993106568737680107e-01,8.431423687914136877e-01,4.592905947451730864e-02,7.663586212247407436e-01,9.444809411972996394e-01,7.688829303668690551e-01,9.869370962523014157e-01,7.383289986279474304e-01,1.139502207510014777e-02,3.975932126836043690e-01,4.382666505029610970e-01,9.028033565676228944e-01,8.559266592119605388e-01,4.107089642796160067e-01,2.043665039697460384e-01,-9.134622175069523342e-02,7.083217451577991097e-01,8.390382743563922219e-01,9.959520668304906454e-01,9.983173718483446812e-01,4.666567197184848803e-01,9.168409356446058922e-01
9.356847415200488793e-01,8.182281536081069673e-01,4.162517000631725805e-01,9.968470037317872512e-01,5.131829966908915130e-01,0.000000000000000000e+00,6.017044631124921494e-01,4.657136004129874274e-01,5.946867265522797208e-01,5.089337710497996436e-01,7.758461361303695680e-01,3.886176077446126254e-01,8.330735210378663602e-01,4.223972807722861655e-01,3.942728424505789198e-01,9.671172514830587152e-01,9.084321707916155342e-01,8.439187430671886148e-01,7.470512697973028526e-01,7.455358686565852766e-01,8.632155828986163293e-01,7.014113452483046185e-01,4.636030310632091589e-01,7.007479376349586841e-01,6.642744650253472605e-01,5.810677067552605379e-01,6.682815871472876923e-01,6.284367273878865845e-01,9.195993601809665519e-02,3.956743097838244516e-01,5.146500624654438694e-01,8.634290975974328042e-01,3.901511708564256442e-01,8.438475174038191362e-01,3.468643072373741032e-01,1.346234007716211045e-01,5.546109311952718279e-01,9.628951551268656317e-01,5.488477400119244898e-01,7.300894832455318006e-01,1.121281088096578449e-01,4.120309913863884899e-01,4.054722664730751602e-01,2.604904321323520122e-01,9.825941165631958407e-01,6.859642042402059881e-01,6.467405396810504969e-01,4.957500553827453027e-01,1.644409703050681570e-01,2.629636040075298276e-01,8.280895323002224195e-02,7.601239055061107530e-01,2.913026834644063534e-01,6.951123021445301253e-01,7.495720847206777115e-01,4.235456160262230929e-01,6.898970320772122022e-01,5.569555883614309977e-01,1.815494270994456594e-01,3.134617594662830742e-01,7.221635078445005629e-01,7.343014615641808573e-01,6.153856948763838375e-01,6.013671556285015152e-01,5.220857034701389399e-01,3.702049993491083879e-01,6.451556545126672093e-01,2.399349079091713244e-01,4.617358415908346947e-01,7.551383008000184249e-01,4.248008504741520031e-01,7.823536801977366562e-01,4.342361967021519109e-01,8.811457123217932008e-02,5.930253563338030443e-01,5.308035421047220259e-01,7.465570716020379916e-01,6.692381920370842341e-01,5.690163821766252017e-01,2.189992141225802214e-01,9.170420239958574360e-01,5.684512973447596318e-01,5.667546756305253952e-01,-2.515066551842025100e-01,6.527301129972546967e-01
7.925150557941611495e-01,9.077194881452288477e-01,4.913527003677496952e-01,6.247019394611759147e-01,8.976667425353314078e-01,6.017044631124921494e-01,0.000000000000000000e+00,5.387430941339945711e-01,7.476078199358111576e-01,5.194463131309583481e-01,6.136958484687996540e-01,9.829763431382735339e-01,4.379582372069609764e-01,7.972907112551674835e-01,4.232864555193067979e-02,5.546615428159598071e-01,6.038135135482269877e-01,5.294016369129832533e-01,4.825211189108334353e-01,7.551205595169877549e-01,6.036483184370246002e-01,7.676317923386291042e-01,5.586387780739472675e-02,6.296431796654331503e-01,5.328730605762594941e-01,1.012749799933041345e-01,6.906279927268621499e-01,7.216728311924917039e-01,1.753211467228900089e-01,7.602383852514861262e-01,-1.326817292933940573e-02,7.323081887664921741e-01,5.074344677762697708e-01,7.051186469330666950e-01,7.357526659375953626e-01,3.491670688313810444e-01,1.780638879950685316e-01,6.956031955632620001e-01,8.177417303119980385e-01,7.787972704164582982e-01,3.255455212462134984e-01,5.762631785543728125e-01,9.018617027451568680e-01,3.940561949816447918e-01,7.096165551275994687e-01,5.752147897568520296e-01,6.901900581552030678e-01,7.036631113735374310e-01,5.931602332486834994e-01,7.513515593292159345e-01,6.348847799712873385e-01,7.805487935636555852e-01,5.613677592661912019e-01,4.834832576679570781e-01,8.265382908138246831e-01,3.002870859878151721e-01,4.258974183092512633e-01,2.463458961802889036e-01,3.338666283512928823e-01,7.297302594304091450e-01,3.999662746676063696e-01,7.008389244718855604e-01,4.433726508512619291e-01,8.995634422582118317e-01,6.620433107796647176e-01,2.651003628776755772e-01,5.896297272244803711e-01,8.874854800424033519e-01,2.566442147670031648e-01,1.268642978051280623e-01,3.099799885755792350e-01,-9.694943935796689061e-02,-3.539696001135188008e-01,4.631638883010381069e-01,3.363131555503643400e-01,5.209815981747758507e-01,7.702698188359307085e-01,6.799964879829133446e-01,4.723591390499618514e-01,2.369400112320626806e-01,4.445165171608032595e-01,7.868341171435787595e-01,3.882640794167149245e-01,7.639513414314377249e-01,4.386399366929706889e-01
9.518587222993040164e-01,1.710224542553823168e-01,9.957998684627118458e-01,6.660304889207950829e-01,4.603990168236421487e-01,4.657136004129874274e-01,5.387430941339945711e-01,0.000000000000000000e+00,5.726364836789907820e-01,2.758547553753376569e-01,4.422784988227870251e-01,9.311484052223066854e-01,3.975049819250133787e-01,6.011387700631632969e-01,3.364206140298576786e-01,3.699619037744299455e-01,9.307527423323145310e-01,3.895156563353177059e-01,5.070379138417939746e-01,9.126892886529284210e-01,8.197000007873779248e-01,7.045117985773017288e-01,7.436610079983427823e-01,-1.416105606622301283e-01,3.529825020592245455e-01,3.524659743429779946e-01,4.017361819863585759e-01,-2.237790364869676751e-02,2.040313631780295289e-02,5.656188344615774577e-01,-3.767274515862515383e-01,3.303138593879088036e-01,7.799412043499461822e-01,6.691146218904885368e-01,6.716658231670155077e-01,3.924240634055488064e-01,-1.884510713883671973e-02,6.275574106572219257e-01,8.922321354451087094e-01,3.938127252829733971e-01,4.112301188904078919e-01,4.818671560312149382e-01,7.140401581300533929e-01,6.099264255493829223e-01,9.742926368790769676e-01,-2.771051850445616083e-02,4.434627055425223174e-01,4.378970925454442331e-01,2.696926036008410743e-01,2.516158216048685059e-01,1.169950577601371472e-01,2.242531522004633238e-01,6.750456832926124973e-01,3.160278639573459447e-01,6.810925313314027951e-01,8.482324747824829814e-01,4.957559933838117106e-01,1.608655683476503950e-01,5.880901919536826172e-01,2.945483431987562239e-01,2.035836477897658425e-01,2.252805086143571389e-01,9.314861081569124623e-01,9.987625856457094109e-01,4.598790290749411591e-01,1.029627257388171097e-01,6.160171245474568846e-02,5.302560016019113309e-01,1.157304608332743179e-01,7.778230842001556677e-01,5.549691266525692557e-01,7.418295612745633427e-01,2.174070614507907506e-01,3.544049712867054502e-01,4.858037222702970004e-01,2.155903236014330704e-01,2.089372026477176458e-01,5.411265034392143125e-01,6.755948321535509837e-01,2.548670024031787773e-01,2.740076640657995166e-01,9.329916032347594923e-01,7.240263483851854254e-01,5.295941096853494789e-01,3.203880235956008127e-01
6.161829087447099340e-01,7.497053806815672239e-01,5.554764568644900979e-01,6.908352425537230834e-01,6.608964146714646493e-01,5.946867265522797208e-01,7.476078199358111576e-01,5.726364836789907820e-01,0.000000000000000000e+00,4.929931520281984891e-01,7.709564764678764615e-01,7.690240270646629961e-01,4.548369636023805868e-02,6.028021391030418119e-01,8.326946731927487022e-01,4.419355854288446461e-01,3.399265816406286111e-01,5.832350515003128510e-01,4.339920192658840992e-01,7.912886132101937253e-01,8.461848636194999607e-01,2.344589394624787826e-01,5.629836255465150430e-01,6.335602354081590892e-01,4.766747250172156392e-01,2.905765910288360954e-01,7.245720605077340393e-01,4.619575511451600169e-01,2.815986581626784280e-01,2.479715589923177088e-01,7.138860265671398420e-01,6.035803003811880396e-01,5.164404894812056890e-01,5.519035418756639277e-01,6.587717201126074285e-01,1.131695375385384922e-01,5.943976087068651992e-01,7.154107291914573175e-01,5.052843180419230862e-01,9.174437935814399037e-01,7.075818684462420460e-01,5.411902440166272976e-01,9.027523943405908469e-01,-2.490139443057093338e-04,6.396270893377118405e-01,6.511626477615013453e-01,6.636937196390112481e-01,2.266829181506401780e-01,6.042880557772800643e-01,5.364418869340370488e-01,5.421215296255008642e-01,1.379582347790402411e-02,6.077840603569331090e-01,4.836484706014351209e-01,6.460700392512591650e-01,4.187251411013734881e-01,3.124887547462254500e-01,3.913662038605953963e-01,9.650098061449889908e-01,2.322152769009986906e-01,4.109983955739276995e-01,6.581604613539162596e-01,7.461608701001806176e-01,7.397793234031461163e-01,1.909867461331793415e-02,5.786151412531945759e-01,4.927401682343633404e-01,2.338755725890347414e-01,5.671232620282496972e-01,4.377258982559829037e-01,4.007669130940694768e-01,7.117906019738436951e-01,5.038188528802906019e-01,2.563288184361310340e-01,3.019001047905514046e-01,5.397974330200228099e-01,9.193076001795779106e-01,2.618517871005716091e-01,3.910286502214985749e-01,5.688896010477956233e-01,3.939340515265142839e-01,4.691497889321877834e-01,1.924119858777758596e-01,6.635222326973514440e-01,6.421371288115998999e-01
8.968554114259508214e-01,4.375553292175588527e-01,6.548999425871391278e-01,6.836641944776351565e-01,9.304042768338806058e-01,5.089337710497996436e-01,5.194463131309583481e-01,2.758547553753376569e-01,4.929931520281984891e-01,0.000000000000000000e+00,9.794839088291517060e-01,7.844919392600604446e-01,6.809149682750329502e-01,7.006151740268441452e-01,4.968400879150240423e-01,4.903630868814876642e-01,7.992723058421655757e-01,7.080569448734984617e-01,6.238958564052412559e-01,5.250074065341706619e-01,4.918885219304308665e-01,7.446357992037891949e-01,4.595142889437497935e-01,7.708616668227359359e-01,3.223675584349974810e-01,8.649552591462541518e-01,7.047153137685975288e-01,6.104352608093889243e-01,2.034382219050600848e-01,2.682728663669111668e-01,1.337259930810493491e-01,7.685291041057721317e-01,6.716063919421455530e-01,5.153970800141725039e-01,5.628688161584082250e-01,5.568698677782437656e-01,3.640768225546107129e-01,5.164154455587752768e-01,9.153484020947615374e-01,7.107325763909151384e-01,5.189173508326925255e-01,6.329402612127015271e-01,7.459743799867553093e-01,6.041805234806700842e-01,7.891318437498402449e-01,7.037011337477275807e-01,5.837892481031526914e-01,5.350998133155251413e-01,3.622964424629374625e-01,5.337805460066912255e-01,4.219605336690706032e-01,3.383131524382154698e-01,7.948428837933186886e-01,2.662716492186740225e-01,9.237901378146873288e-01,4.356978721261665077e-01,7.546201750634315975e-01,6.540387305941265383e-01,5.733975058049710638e-01,5.969731717076028898e-01,2.981419826574243093e-01,9.395602638006871343e-01,6.413311050563895721e-01,9.169899913572209238e-01,4.903666729388404533e-01,5.826379748032739503e-01,6.290494838989478810e-01,4.333163607797454464e-01,7.511089415526841506e-01,2.353427258724201387e-01,5.076227050217247960e-01,5.508790177605721317e-01,7.919345912140781651e-01,1.995315070584472994e-01,4.853114234752698986e-01,4.339562087595337236e-01,6.653033395301640729e-01,6.981738117590065018e-01,3.612060689198631769e-01,6.591506094950927430e-01,6.988758375219903396e-01,5.746145692103257208e-01,5.879723210228274821e-01,5.395539860880060878e-02,3.441924715659086531e-01
7.785107541424881594e-01,7.707312659934508758e-01,7.524281914599185717e-01,8.167132920580748578e-01,2.099724290034273022e-01,7.758461361303695680e-01,6.136958484687996540e-01,4.422784988227870251e-01,7.709564764678764615e-01,9.794839088291517060e-01,0.000000000000000000e+00,5.405250054117993752e-01,3.848088882283822176e-01,4.660600093416404910e-01,8.402721147760037201e-01,5.166167161873653768e-01,7.038069287288426512e-01,3.451571313099464078e-01,9.947115939127578743e-01,7.811769245186809263e-01,6.225283430629134918e-01,6.424572940766426488e-01,2.668935524346794930e-01,7.901000029887477183e-01,2.657538405214977528e-01,2.880349714245509229e-01,9.512155258355697862e-01,2.994431333002976481e-01,2.935213427080971549e-01,5.852743699021769608e-01,3.125701974402906869e-01,5.428557509879848864e-01,7.208102140005455682e-01,4.087576150547332920e-01,5.328184143366344605e-01,3.843454929647019402e-01,3.830285029347246795e-01,2.363049535184535976e-01,8.602560352525061571e-01,5.571511617163772412e-01,1.802847691293702204e-01,7.485732476776181255e-01,5.060610497069381042e-01,9.924901612488519209e-01,6.860328767498700131e-01,8.791398052639842753e-01,9.429480398670101460e-01,5.443197473253861274e-01,8.445727539271389306e-01,4.625884253695434212e-01,9.115271276199816697e-01,8.738028133192635716e-01,6.770116879102728857e-01,8.169863890764863523e-01,4.869951776750412464e-01,4.480014897769810656e-01,3.589210385080643384e-01,6.164333492360944966e-01,7.365554835020375890e-01,4.832905116090938091e-01,4.338991242736794374e-01,7.134884271632643271e-01,-1.669789098049953568e-02,9.296161355038562446e-01,6.014872799722954522e-01,-1.881640234968328107e-01,4.584079032149630528e-01,8.668521232510486563e-01,7.431272516417364304e-01,7.861290919147385647e-01,9.596115324043286154e-01,7.017409679720896243e-01,7.477570923744657483e-01,5.819555108159607526e-01,2.934145796055020461e-01,6.081845758281129166e-01,5.587970171454783586e-01,2.565634243244215851e-01,7.243956943142395577e-01,6.032750931025979702e-01,7.280747842565062911e-01,7.426577018801525654e-01,2.928117072636320373e-01,2.702936603186887332e-01,4.413582795876970222e-01
7.470835174638728038e-01,9.387550004331950415e-01,5.411129786569018885e-01,9.894403901010130342e-01,4.175968190691087822e-01,3.886176077446126254e-01,9.829763431382735339e-01,9.311484052223066854e-01,7.690240270646629961e-01,7.844919392600604446e-01,5.405250054117993752e-01,0.000000000000000000e+00,1.696599925091164807e-01,5.420582669343966264e-01,6.168262089777610813e-01,9.077171668626957679e-01,7.607747061194235216e-02,2.786776599710016900e-02,6.415351401601010473e-01,8.236637373282319485e-01,2.098482461255484766e-01,7.911701750041439940e-01,7.258843953178812924e-01,7.820293928565738018e-01,6.478278523375980980e-01,2.546673569653949976e-01,5.309446390178402808e-01,7.001314529406358345e-01,4.584277857706924864e-01,2.259534707167826784e-01,5.913609097858064656e-01,4.922306950024106786e-01,1.569697115027932632e-01,7.259150069767053015e-01,4.138506489727070137e-01,2.636407171385481973e-01,2.459031674475034568e-01,4.132631709984399548e-01,2.222590077305796052e-01,9.006132203412705595e-01,3.510548613476320856e-01,7.625332332022642934e-01,6.064168346076186378e-01,4.415399065122252442e-01,3.992301880819379978e-01,-1.639581522643879796e-01,4.587577783694501976e-01,9.949173410675231644e-01,2.262507739416013963e-01,5.316137015339063021e-01,5.566074660493597337e-01,8.811679870360915601e-01,9.809987111617254341e-01,6.016168321706608646e-01,1.308107309306199076e-02,9.389527821611010072e-01,4.548224886352175145e-01,3.201534518332754264e-01,2.311691686844559723e-01,3.970077745142608361e-01,5.939564253939244587e-01,7.551315004149081744e-01,4.226208036431356452e-01,8.363396956455626530e-01,6.265418918534895187e-01,2.648903461322153485e-01,9.512341636875190076e-01,6.154471897724242968e-01,2.325931659937998941e-01,7.156438206672230962e-01,6.714040032201237240e-01,5.502086462383126708e-01,4.307131329501818762e-01,3.351209790182947401e-01,3.882638224449178055e-01,5.054236330717553072e-01,8.864436949777754204e-01,5.627941719194259340e-01,5.546247646803297293e-01,3.729038492351474110e-01,1.966655351553609765e-01,8.974456528379047837e-01,5.305262332170691542e-01,4.674990117158376313e-01,7.200036296090442933e-01
8.679531540453668814e-01,8.335762621325083499e-01,6.057570653463365540e-01,7.175127413000744747e-01,6.826165924338435387e-01,8.330735210378663602e-01,4.379582372069609764e-01,3.975049819250133787e-01,4.548369636023805868e-02,6.809149682750329502e-01,3.848088882283822176e-01,1.696599925091164807e-01,0.000000000000000000e+00,6.511736175478078925e-01,5.386880273158543009e-01,2.664895624279927100e-01,6.191248331910524927e-01,9.609967889000458063e-01,7.890483295168164712e-01,7.278114643812264584e-01,7.606998598287033619e-01,6.945019236582352651e-01,2.587431478920425645e-02,8.888124227421509982e-01,5.329416727915136098e-01,4.440231041854662553e-01,2.204021089827676583e-01,8.874787575850514587e-01,1.982885836464724216e-01,3.807138581812993250e-01,1.787846565300028612e-01,5.522711769937937998e-01,5.919482245869948089e-01,6.991103944862293584e-01,7.568884353082936389e-01,4.029366140570840582e-02,4.972262332663725526e-01,7.281328319363735702e-01,4.400617089495050260e-01,3.614081140710267981e-01,6.864360081544506054e-01,5.476485418171462838e-01,9.899849676855170255e-01,5.690641026931028135e-01,8.358457704947872546e-01,6.898972953609974201e-01,6.959211480044624754e-01,6.955847033514674926e-01,6.132751491815252587e-01,2.390300316297531424e-01,5.373272691639600085e-01,8.578270275251265176e-01,5.620422545407588455e-01,6.569885007063880344e-01,7.297476626933976362e-01,9.809643044367033493e-01,6.999217930365997375e-01,8.571626820956792514e-01,4.832383719661714760e-01,3.476790294800964909e-01,3.599620748025455508e-01,8.090193854206522150e-01,4.059013168539049587e-01,8.462064561492159687e-01,4.289664141174393541e-01,8.077845671192691590e-01,8.427865195443189350e-01,5.375557505783699064e-01,5.936613634840004483e-01,9.357131161708210909e-01,6.154930796278869076e-01,3.427592613386321041e-01,7.255752270417030747e-01,4.715809328911762521e-01,5.646342840091465032e-01,7.779871107635664140e-01,8.069408679187475286e-01,6.551255932763431211e-01,2.793320906658773861e-01,2.993851821794394352e-01,7.230917082326953071e-01,8.345595904031523071e-01,5.131364238115357912e-01,5.734061542758676078e-01,7.536368994254245557e-01
6.365999963655799565e-01,7.948100708305760875e-01,8.180614146194691294e-01,7.340405146560847749e-01,4.181114666008400316e-01,4.223972807722861655e-01,7.972907112551674835e-01,6.011387700631632969e-01,6.028021391030418119e-01,7.006151740268441452e-01,4.660600093416404910e-01,5.420582669343966264e-01,6.511736175478078925e-01,0.000000000000000000e+00,5.644458969168605345e-01,7.907982867967413565e-01,7.208745193744283686e-01,4.936655173382983874e-01,6.030932565995658079e-01,6.388941121080824459e-01,2.668118088745243810e-01,4.642065937651124186e-01,4.949776815951790199e-01,8.289871798440213713e-01,2.832761503224600075e-01,9.828786712391547331e-01,4.980152359971551923e-01,7.925066108953418009e-01,7.215499455265248496e-01,3.439597721587708268e-01,2.933399209234230920e-01,3.366851100733657676e-01,4.906650475884298257e-01,5.281129796141786903e-01,5.843902816509172204e-01,3.860388959289207111e-01,2.980886967492146211e-01,2.229177035795757711e-01,2.349116435841193673e-01,7.266072346344434330e-01,5.730259772034840271e-01,2.510917557123224508e-01,6.573653689586901328e-01,8.420783455345215440e-01,6.098181099414738959e-01,9.418018238992168500e-01,8.763409763567393540e-01,9.945901386709857794e-01,8.298628751906188539e-01,5.886976645410464393e-01,4.857130941282612469e-01,8.565965523202483389e-01,6.267957161897569351e-01,7.324885522382093006e-01,8.449735355164816886e-01,8.591661173494502535e-01,9.584519377984137556e-01,6.708689334922171010e-01,3.928337495645949362e-01,7.731893744815071523e-01,3.052172483669018943e-01,8.723723648516097384e-01,4.829473425130320074e-01,6.476181746444036325e-01,9.206893164987993705e-01,5.197661690226418330e-01,6.570948857008348520e-01,3.906088146769660652e-01,5.983715094623165420e-01,6.053561303600610843e-01,3.461002507079688484e-01,8.487163848701997360e-01,7.726193063415210949e-01,7.545265444643737274e-01,3.140048420110353455e-01,9.941222566527969651e-01,6.737886948300680912e-01,6.877460488275495276e-01,7.745771674955533037e-02,3.075353621929522996e-01,6.612893836123548974e-01,6.899923610727674017e-01,3.498055009862786058e-01,5.484244329078241664e-01,5.945381475961752926e-01
7.718993777275768853e-01,1.366378586487030922e-01,8.823154324699288287e-01,8.520018405825557917e-01,7.397715020279735931e-01,3.942728424505789198e-01,4.232864555193067979e-02,3.364206140298576786e-01,8.326946731927487022e-01,4.968400879150240423e-01,8.402721147760037201e-01,6.168262089777610813e-01,5.386880273158543009e-01,5.644458969168605345e-01,0.000000000000000000e+00,-4.193911713297351906e-02,5.694291372755995173e-01,8.937765419031900027e-01,2.316910033301841643e-01,8.942814629687306782e-01,7.423754666559188031e-01,6.951727367902368337e-01,2.637498501516194471e-01,9.413893563121371599e-01,6.426522118340979306e-01,5.007668347176174040e-01,1.179403534035206036e-02,5.717733590609563876e-01,5.459215076642518621e-02,5.941881358514080613e-01,5.236270367343616450e-02,2.467749862353159629e-01,7.098485997654482293e-01,6.844274162748902324e-01,4.598204141188167449e-01,4.514417679892915869e-01,4.340228907749272835e-01,2.401272599619951598e-01,5.763829014856245436e-01,7.464902713563221770e-01,1.568664318431055027e-01,3.875100011320870008e-01,8.184781787719836998e-01,1.632719704710509645e-01,7.403230420134923051e-01,2.053813567576597277e-01,2.235183724506801251e-01,6.302103773427532030e-01,8.479939460672986096e-01,4.726888245989282478e-01,5.967901327983146098e-01,3.236598184270630396e-01,5.009225757599043982e-01,6.480605255194223924e-01,4.645073336216159476e-01,6.442721483274269634e-01,9.712511069244120776e-01,7.348315637913962473e-01,6.437745800883366565e-01,5.378358877222477741e-01,7.941339646851746092e-01,7.423301118555780675e-01,6.656385448897817261e-03,9.353610326723141855e-01,8.304484613745898303e-01,6.845285493690431711e-01,1.397830874270195867e-01,4.022274462857329258e-01,5.110398822314550227e-01,7.230537735302648983e-01,8.916559468319267268e-01,4.739392684445866699e-01,6.481942811785390557e-01,2.873642424864868428e-01,5.531752171374859639e-01,8.086510425695939697e-01,9.836209151245499660e-01,2.966693355553637335e-01,3.361478126959672741e-01,3.194421575023334015e-01,4.699592523429205193e-01,4.505281866734366925e-01,4.729968734386947871e-01,6.323297660579315638e-01,7.445246116409118819e-01
5.832477046561536094e-01,6.941073683653826709e-01,5.209768716924553233e-01,2.102986881596775048e-01,1.734742025694630818e-01,9.671172514830587152e-01,5.546615428159598071e-01,3.699619037744299455e-01,4.419355854288446461e-01,4.903630868814876642e-01,5.166167161873653768e-01,9.077171668626957679e-01,2.664895624279927100e-01,7.907982867967413565e-01,-4.193911713297351906e-02,0.000000000000000000e+00,5.036663583089115992e-01,8.733211985591515791e-01,8.083395748292545591e-01,8.106229759566985216e-01,6.756711417278763454e-01,6.229301715772187498e-01,5.782943154883685155e-01,6.177399474734943663e-01,3.258548358027048009e-01,2.287362678808857186e-01,6.195592387325397077e-01,8.724207073043117600e-01,4.338961743457101505e-01,4.574557039978529027e-01,4.459004525100582206e-01,6.577402449698867004e-01,6.489521422444366472e-01,2.138470148476199761e-01,1.394888149690645118e-01,6.958293071591394874e-01,5.041488748140725562e-01,4.220606606799015559e-02,6.535782433784823597e-01,5.082232013381763336e-01,2.834372560597635538e-01,5.776357190916389106e-01,6.843556818155843713e-01,8.670241156883370381e-01,7.509394132817590606e-01,8.694903911547671171e-01,6.681936486483099902e-01,4.160476746958192695e-01,4.063473256479185891e-01,4.952378424131876899e-01,4.179740698915528907e-01,2.515867997524010719e-02,4.593530028583640568e-01,1.671051104698951240e-01,6.469223293332162505e-01,9.683805315706195405e-01,9.801109544570679732e-01,5.229467578967101904e-01,1.436453889039703558e-01,4.613421936375087795e-01,5.446229094809349469e-01,7.941696684554631069e-01,4.652347947796634520e-01,9.538542086357959526e-01,8.805225713603073157e-01,3.039399206148506449e-01,3.589440552002282070e-01,7.156802840912160901e-01,4.191018602187155939e-01,4.447874577899560977e-01,6.706580448735046662e-01,9.626462784306134557e-01,3.726354091358595744e-01,-1.884828754540004980e-02,3.819404136977649911e-01,3.652418584882802244e-01,4.846484100513750448e-01,5.171453719172828256e-01,7.304395180486703554e-01,3.369104242843834474e-01,-1.698478408018463948e-01,8.801168601145428205e-01,3.619546474200143749e-01,3.299833749778487979e-01,5.868377709775125517e-01
7.065192527774851738e-01,5.878884326318145614e-01,4.930625780897681665e-01,5.349288446160072041e-01,5.700365047837896437e-01,9.084321707916155342e-01,6.038135135482269877e-01,9.307527423323145310e-01,3.399265816406286111e-01,7.992723058421655757e-01,7.038069287288426512e-01,7.607747061194235216e-02,6.191248331910524927e-01,7.208745193744283686e-01,5.694291372755995173e-01,5.036663583089115992e-01,0.000000000000000000e+00,8.153708239636671129e-01,6.332623178518780316e-01,3.334778957374355257e-01,8.380022437723543272e-01,2.834781073497101289e-01,6.677026410698114756e-01,9.316191979559762526e-01,3.106323784844285951e-01,7.709713609233782572e-01,6.354158920120673848e-01,4.312455548738621247e-01,2.473794631357021934e-01,6.403219945476125163e-01,2.292467633700622232e-01,6.882787386974742461e-01,8.201424180630437766e-01,4.748212859843722322e-01,6.366405206664098315e-02,2.360367403653736429e-01,5.266904346123826297e-01,9.450228607167898698e-01,8.398810737944959470e-01,5.297687196751662553e-01,7.926975029987877175e-01,4.380554531511613447e-01,7.318038836833480332e-01,4.574553126577171613e-01,9.722237199726974088e-01,6.418363816550753942e-01,3.427484855471317760e-01,9.588041631497026263e-01,8.703176938637334770e-01,7.595991723220929526e-01,6.213515977589977313e-01,8.412001825056062421e-01,8.813645858853138559e-01,9.210801815176498097e-01,4.837017084142516965e-01,8.382745020651691803e-01,6.099329867010185868e-01,7.986929080061918595e-01,5.659265265172530590e-01,-3.877287230138815044e-02,7.609527996858365118e-01,9.128152435141080323e-01,3.250543846102731810e-02,6.131150878380875469e-01,5.224974902580632463e-01,8.548205102609025829e-02,5.366102558786161048e-01,7.250911261948778108e-01,5.691678671650783894e-01,4.366915905000369191e-01,6.720107752651462985e-01,4.922182658157711610e-01,5.386467304373598886e-01,7.536171268451873351e-01,7.800497156263819232e-01,5.554810154450146031e-01,6.571798744621425437e-01,6.579812483605300688e-01,7.283013124378993064e-01,6.878888264742637204e-02,8.907167117273279144e-01,8.630452451012848858e-01,9.138164076614692100e-01,5.426237678363464711e-01,6.494380710099147969e-01
6.369740852761608396e-01,2.546817811179458158e-01,6.968587598801081473e-01,4.678238587864982367e-01,6.522112415332068647e-01,8.439187430671886148e-01,5.294016369129832533e-01,3.895156563353177059e-01,5.832350515003128510e-01,7.080569448734984617e-01,3.451571313099464078e-01,2.786776599710016900e-02,9.609967889000458063e-01,4.936655173382983874e-01,8.937765419031900027e-01,8.733211985591515791e-01,8.153708239636671129e-01,0.000000000000000000e+00,5.432731014225736232e-02,9.551087551082615423e-01,9.876891400385381381e-01,2.057054846799885872e-01,5.573230072874799657e-01,7.166725949287789943e-01,1.826312289379081882e-02,7.468300285066326039e-01,4.929883771244407686e-01,6.575002806546668133e-01,1.294519070814838801e-01,6.856140948341528096e-01,3.950904496827739587e-01,5.846470970361468122e-01,1.042211112859303679e-01,5.154232359842948474e-01,4.495998526100737358e-01,6.431530353395507049e-01,6.824548762102237154e-01,6.207509721902958466e-01,9.571551504386928144e-01,6.792844849249592976e-01,7.627958178937447320e-01,6.356618760365339016e-01,7.233706190218796017e-01,4.799853198258434150e-01,9.031655462666731138e-01,6.559583275413276571e-01,4.056810045157935307e-01,2.507456956420887617e-01,6.622517709494588622e-01,4.217911276338709992e-01,4.603705181919178213e-01,1.118754638212789421e-01,6.807993352799746045e-01,8.122523303066085942e-01,8.387647828568505215e-01,9.114694764300795837e-01,1.669781691669472087e-02,5.769147363403906992e-01,7.408805261884223725e-01,6.091453206509590546e-01,4.690873932336125374e-01,5.072647837394181902e-01,4.084272730940242124e-01,4.512086541419128016e-01,7.577261286065750667e-01,4.980999336467270000e-01,9.108655847497739710e-01,5.212829543679975419e-01,2.654656244900118756e-01,7.116671657076781843e-01,6.959859275053060790e-01,5.938364056337070984e-01,3.868313624779695648e-02,2.157340271359853567e-01,1.025486707401133263e-02,5.531505974584935981e-01,7.404848474684682103e-01,2.128388885770345074e-01,3.064688740096319641e-01,3.221152770982332880e-01,5.393969751596008333e-01,5.816675298298605856e-01,7.839589621154180454e-01,6.971395957733429460e-01,3.847888166960625744e-01
