0.000000000000000000e+00,8.517680198401500480e-01,7.868714913382668374e-01,5.840553793539584593e-01,6.674893550518767871e-01,7.436319614093966912e-01,4.024528736587587030e-01,9.853006691059049693e-01,8.736209813188731133e-01,8.716076131344582256e-01,9.067631786598969734e-01,6.981235919492758679e-01,5.098616318474011866e-01,9.916846833507528824e-01,6.303111489249519916e-01,6.982099650709634453e-01,9.472249891473968342e-01,8.513762560496502818e-01,1.984260974741830497e-01,9.051592400423013052e-01,6.257350365637176504e-01,5.717581567766389927e-01,9.022831102949894211e-01,1.127637654746467821e-01,7.535746551379982616e-01,6.269278455796492011e-01,9.760883426191763190e-01,5.673234875728604409e-01,7.162416018217768743e-01,8.454616867023129201e-02,3.816327643206648412e-01,7.213061523602134484e-01,3.934245224735193336e-01,9.624505675658110437e-01,9.988913964053528494e-01,5.521972034594460066e-01,5.477345829798823118e-01,6.935999856003063346e-01,7.335264996765924472e-01,9.414207181839548966e-01,5.434325453951329710e-01,7.659231442067304663e-01,4.730053583494311376e-01,9.799493151593559048e-01,4.417986068110043019e-01,6.011472714205613466e-01,6.423750980133855482e-01,6.657346775134295180e-01,7.778171093174309769e-01,7.948411118984124446e-01,9.203364084107164000e-01,7.807702786708849985e-01,4.342834959859057098e-01,7.476442639548138702e-01,6.199908828110493042e-01,9.855519046031180341e-01,7.804864232999347839e-01,8.343084461718858202e-01,8.126929919874427144e-01,5.985530642212580910e-01,5.374699520289535348e-01,9.750907787863960507e-01,9.511198643972145206e-01,8.512838844678591865e-01,9.955276500820884333e-01,6.391186047644693558e-01,3.772812489604125408e-01,6.126920696409339229e-01,5.661984850031362981e-01,8.993009674843643886e-01,9.383575170662383780e-01,7.539237590026099944e-01,5.816518864763173952e-02,7.186215267812278151e-01,7.296390052597159226e-01,5.013169908991714774e-01,7.273020144703219447e-01,9.701070716237606417e-01,2.121229959572697443e-01,3.308014069839695370e-01,8.243998163342957097e-01,7.174832931679306913e-01,6.691324859043197293e-01,2.232373142666993771e-01,7.289701619657131815e-01
8.517680198401500480e-01,0.000000000000000000e+00,4.305777497440656520e-01,7.343305001286093425e-01,4.990735513497589482e-01,3.936340207961368520e-01,6.149447376395933418e-01,6.998323153739131885e-02,6.192357644921349102e-01,9.045342234620288302e-01,7.136107259895108079e-01,6.001580693128151234e-01,7.782023546389718049e-01,8.278491804943394206e-01,8.339602403462709201e-01,3.146085481773941428e-01,6.264314433000862659e-01,5.148725848317388110e-01,8.730164857337547879e-01,6.959775704933028884e-01,6.274357351031067953e-01,4.542469097005858436e-01,8.677765818172487045e-01,9.894835792588980716e-01,5.964431951722641845e-01,9.808987167953946429e-01,7.029612840811585439e-01,7.468422779430237135e-01,5.821935366801259670e-01,5.013933450159129279e-01,4.118394374546204273e-01,5.261809737725522407e-01,5.991921073596914171e-01,5.536484606818501408e-01,3.114982241418783326e-01,4.577788454976449151e-01,-3.409311175883800171e-02,5.399780914730820669e-01,8.703290147744759953e-01,6.909280638116187534e-01,4.859370121844601154e-01,9.446702520698021521e-01,8.235590205368158445e-01,4.314773303509761293e-01,8.827040903018459339e-01,6.812832129036525686e-01,8.892988810434035996e-01,4.343078570859706944e-01,5.602129423400220576e-01,4.336920617574444581e-01,7.605632170805465275e-01,5.098509446762223840e-01,8.067821722633650161e-01,7.547830223967705310e-01,6.977038308816074785e-01,4.374199845420461696e-01,4.399340836935891064e-01,6.599715702790599492e-01,6.557304949759965584e-01,1.510189063235767423e-03,2.423177919896808974e-01,4.381982943815533882e-01,3.797504333759000317e-01,7.574860878552371890e-01,9.363177561733654342e-01,7.422034837617637326e-02,4.443507621373550820e-01,9.950692356813850559e-01,1.952037136895667935e-01,2.210408285919407967e-01,9.650727354282272463e-01,9.294572415138208088e-01,3.094041547249287705e-01,1.229431504940927712e-02,6.927602262679946055e-01,7.022674582494935480e-01,8.379592209320015916e-01,5.566721657319880778e-01,5.670667425350921498e-01,3.697646570109734965e-01,2.998007847500913092e-01,9.378692125514450639e-01,7.989852207443796095e-01,2.966532903815103928e-01,8.866899782457262624e-01
7.868714913382668374e-01,4.305777497440656520e-01,0.000000000000000000e+00,6.671318932038221572e-01,9.724207528169649395e-01,5.518220893349211620e-01,5.755355868827044530e-01,5.486880747241439371e-01,8.414782022787877791e-01,6.744488141949968041e-01,8.265150708374002786e-01,8.356791361483637548e-01,9.841617268444229349e-01,7.043234956127335522e-01,5.425042464550462462e-01,5.692333600065507815e-01,4.521021248601519438e-01,8.104244195739283008e-01,6.493381689602300000e-01,9.162810003254600044e-01,4.393925867186818102e-01,8.686570718864582430e-01,7.725546306380870476e-01,7.200472246531974818e-01,7.999936894455169645e-01,6.026099697581386305e-01,8.733692608755317943e-01,6.583094340384074705e-01,5.288452816341762119e-01,3.596786434506302754e-01,4.636507157670058943e-01,6.193273047478379256e-01,4.177369300594984680e-01,9.240526124051631207e-01,9.852684819270434158e-01,5.301849507938989348e-01,3.282427885217463759e-01,6.995187064443351144e-01,6.252731745298416577e-01,9.045510604693102197e-01,4.013283549508904202e-01,4.204910156685558453e-01,5.797401128731084485e-01,7.343557050804589981e-01,8.326766935739847719e-01,7.976429600288459376e-01,4.122632962516408206e-01,4.944344510441554125e-02,8.381343101552164443e-01,8.772177845565161114e-01,7.934539694562445789e-01,6.255840144199433794e-01,6.564395145520519614e-01,6.473922369128431997e-01,7.186267920571675072e-01,4.321822184441338477e-01,9.366259368894888082e-01,7.570248773602984427e-01,9.474820397460886889e-01,5.052472149263561585e-01,6.182109268740370034e-01,8.324726648381339800e-01,9.195354874541972201e-01,6.869258827709969761e-01,7.636688430257414506e-01,7.657715221906408187e-01,7.202282243960254071e-01,7.132086484281738858e-01,3.589156594072696604e-01,8.383426131603592957e-01,4.000416886207165401e-01,9.615114880028314825e-01,3.615707272434541819e-01,4.533529025003829038e-01,9.584884220626972429e-01,6.383969724295970316e-01,7.985327440697300716e-01,9.163448359776931174e-01,3.859499634177862015e-01,5.816844050754682582e-01,7.700274781905008803e-01,6.703151489011685005e-01,7.873840364473689846e-01,8.371747664752756668e-01,8.333050436028839325e-01
5.840553793539584593e-01,7.343305001286093425e-01,6.671318932038221572e-01,0.000000000000000000e+00,7.762131421361690986e-01,6.312105900336960618e-01,3.698244337383300717e-01,8.846049642010361813e-02,6.889510256719033610e-01,5.487384514576846284e-01,6.365903740810920919e-01,6.312187135516219572e-01,5.720571169251312815e-01,4.331170372842219618e-01,4.308579328803744390e-01,3.019810164455495327e-01,5.057219087823163761e-01,8.492856580559048352e-01,6.315681158290470387e-01,8.755017005205172342e-01,7.824947705384553975e-01,2.005340871028679361e-01,8.379172608337879247e-01,7.024042971360917598e-01,7.157954272781318350e-01,1.330019991199243301e-01,7.441841364129587744e-01,8.136640000576443876e-01,5.157028528077960416e-01,1.161713583840615904e-01,3.364952669457843548e-01,4.268724903630861656e-01,7.197056094061045073e-01,5.426484300327208965e-01,5.843989407105314449e-01,5.563132088753607318e-01,9.818093615005883679e-02,3.805831524765219687e-01,5.512286646118242928e-01,8.969946108349448055e-01,5.926487814429799439e-01,4.400447772469973651e-01,9.418152252611551312e-01,7.597902941499903307e-01,6.059101206041868082e-01,6.821043050061278423e-01,8.695621193732540055e-01,6.594182516956039741e-01,2.261850198380125354e-01,1.794473643299585031e-01,5.817538501769491388e-01,2.170376583175945284e-01,5.333577868787786613e-01,9.096800808519976966e-01,6.021299325726546803e-01,5.214525555059510431e-01,4.981886435589699125e-01,5.253953061563362281e-01,6.017585042290344299e-01,4.717372592450156388e-01,5.401535469277769508e-01,4.455028031298836066e-01,7.602441143590927819e-01,8.535528499627942356e-01,6.765392334577389200e-01,8.284543191639267556e-01,5.052127516422194597e-01,8.176841202484188553e-01,8.602512566875133437e-01,3.868118305620289465e-01,4.575093592034208956e-01,6.353509653294503456e-01,4.470285905658472614e-01,-5.351528411349407155e-02,4.368235153342983068e-01,8.099563966327201214e-01,4.504822272154211937e-01,4.058046504644001740e-01,2.735759213085980912e-01,2.278029996736970209e-01,6.140665153212488958e-01,9.673710389411667165e-01,6.200540850596124587e-01,5.485194157846393637e-01,6.136804702677892687e-01
6.674893550518767871e-01,4.990735513497589482e-01,9.724207528169649395e-01,7.762131421361690986e-01,0.000000000000000000e+00,6.801813402996834679e-01,9.471593976058123587e-01,1.834363029055609551e-01,7.144879161231502129e-01,3.062791458207265727e-01,8.833830916306055769e-01,5.054494017971982167e-01,3.977356725420257977e-01,7.520818199910931368e-01,5.494032462227583791e-01,9.652543080814374177e-01,5.849386060007717436e-01,8.597322714738506733e-01,7.050229507445172628e-01,8.456220308382367268e-01,6.907432780556462815e-01,3.006255185401150443e-01,6.071222490361061208e-01,4.208788973973910386e-01,3.304897914281856863e-01,8.935534669646523209e-01,8.209829297063379050e-01,6.229509774109545095e-01,7.609431283752677855e-01,2.264335035479203284e-01,2.568833202641287450e-01,2.320087768640240189e-01,6.942483836412963738e-01,9.085590156744466350e-01,3.978446303766857151e-01,3.419046644841637894e-01,5.365577538764328969e-01,9.896043619436546424e-01,4.827767596710120235e-01,6.314886547356935997e-01,4.005521305266929732e-01,7.648745656106674673e-01,4.364045276102739290e-01,7.228182155619998772e-01,7.994817967112761714e-01,8.014336485472534077e-01,9.642689920942619786e-01,2.779645549255013171e-01,1.640087213172225500e-01,5.098558727481096176e-01,5.174992742740660567e-01,6.324129254275938639e-01,6.950525990563551915e-01,7.804688221812416948e-01,4.517480744697053296e-01,8.492087154267022875e-01,1.624200340342863980e-01,4.519528582280685769e-01,8.881680768030540962e-01,9.409576589165120908e-02,5.114019931047606438e-01,4.394816360353229201e-01,7.118767260152969456e-01,4.925048393890847365e-01,2.087480315754640103e-01,7.922342353914617608e-01,5.646882495758869247e-01,4.445501858085914582e-01,6.467205416520410699e-01,7.327258710476157733e-01,1.846095939314530421e-01,6.898787446062120132e-01,6.377046302730033922e-01,3.920428402663035383e-01,5.173284798606754553e-02,5.213819012604974379e-01,6.425494914127721779e-01,4.322892071814071757e-01,4.269561504779824379e-02,1.110459196387114655e-01,9.154113450135752394e-01,8.684726319773996561e-01,1.940025452604622891e-01,4.503457780683466916e-01,4.388918609729527409e-01
7.436319614093966912e-01,3.936340207961368520e-01,5.518220893349211620e-01,6.312105900336960618e-01,6.801813402996834679e-01,0.000000000000000000e+00,4.358459706078269269e-01,3.537060055359749211e-01,4.853932277865762729e-02,7.452185238459583250e-01,6.134630638319916729e-01,6.369624080187954451e-01,3.733932968693269294e-01,7.224483229658196226e-01,5.858545829020920248e-01,2.915210574123971443e-01,5.862916284550225843e-01,8.077434376045372622e-01,7.724195426913237350e-01,8.566514680172226948e-01,4.394676550455954844e-01,4.205801546364816845e-01,9.241270040415066056e-01,9.577106108699178222e-01,5.216413267492719941e-01,3.177900085148921416e-01,8.036926845473676417e-01,5.516076136968209864e-01,7.150488132093204552e-01,2.314318588642101659e-02,3.423998632612547111e-01,1.214515976952018905e-01,4.203285143481619857e-01,6.150574819244005731e-01,2.820926108267428067e-01,3.614064961712595281e-01,2.796893316868940271e-01,6.523013224731435411e-01,8.328292670574777290e-01,5.767444897311291285e-01,4.992634743346406889e-01,3.708211844029199455e-01,8.890828596018272023e-01,3.338078815222407236e-01,6.026850630143920640e-01,4.052063265938257164e-01,4.976488516341276425e-01,2.350105937097283493e-01,5.232254036227551586e-01,9.445951336421427591e-01,5.203852520578213792e-01,5.840926300688558115e-01,5.977587104600624590e-01,7.669112269945203009e-01,6.920293372611797666e-01,9.150288037393012885e-01,6.849799075545427440e-01,7.946995391783195917e-01,2.034107674956357747e-01,-9.211796543510281099e-02,3.677211451679182064e-01,6.583623957966857621e-01,4.927615649445693524e-01,7.820970922087497890e-01,4.308420102323219369e-01,2.918477999621296171e-01,7.460741453013290947e-01,-5.756813658728590632e-02,3.419777473558850422e-01,7.001663960651550722e-01,5.770245487547904784e-01,5.437728240541294111e-01,4.275341416233529035e-01,2.113136572665147428e-01,5.661920933620009366e-01,4.881147052941003928e-01,6.367763591173762894e-01,7.130376636724502504e-01,4.696100012589836670e-01,1.650277829614501535e-01,4.949977728586214543e-01,5.773470466891544861e-01,7.192833399804962058e-01,9.261456117621919004e-01,5.305948315712430974e-01
4.024528736587587030e-01,6.149447376395933418e-01,5.755355868827044530e-01,3.698244337383300717e-01,9.471593976058123587e-01,4.358459706078269269e-01,0.000000000000000000e+00,2.468029148164552766e-01,3.018301230446098216e-01,2.411076334601405802e-01,6.349800481307203981e-01,4.002396250373847497e-01,8.714759694613506413e-01,2.429618670529125057e-01,5.405165974574303034e-01,6.763492338263281667e-01,8.029568003057373504e-01,1.737180076092078584e-01,6.496984132308442073e-01,4.447193169162851900e-01,7.121009252793188971e-01,2.048159984508794718e-01,2.171604325232468491e-01,9.364704567319762640e-01,6.899309281043862763e-01,7.679855273172181418e-01,6.657787177919824995e-01,3.293959192710490536e-01,4.927439618212820505e-01,1.544058775443735709e-01,3.469431468704322480e-02,7.687668865011446639e-01,3.944628047128572179e-01,2.641268614543308413e-01,5.622191472469082463e-01,-8.870331429494410225e-02,2.037057058499918416e-01,5.197838596714112747e-01,9.206035531298062402e-01,5.280705372246043972e-01,7.026763747495424761e-01,5.278003535116696510e-01,9.003602036351315840e-01,5.595831221115704635e-01,6.129092381542818879e-01,8.250653487230956706e-01,4.846159483521073619e-01,3.674668490873618243e-01,5.095566138252433097e-01,4.970955270124367553e-01,2.465943578434899863e-01,3.216159195080973143e-01,4.535195617575271676e-01,5.671701390841571433e-01,6.652467162506916498e-01,5.585845746232325215e-01,7.261697965909550412e-01,7.133545408322660153e-01,7.522542924919498608e-01,7.884783144533642485e-01,-2.389392734411127650e-01,3.764431610612930523e-01,4.715632102693033123e-01,6.319262790841126964e-01,6.660525205136162974e-01,4.152219834253318420e-01,5.173808436532103538e-01,4.150214857589793471e-01,6.468660404892003779e-01,6.143544052254352739e-01,1.463244702733846880e-01,1.071524335987647930e-01,2.124523837399873716e-01,4.800445854949300650e-01,7.535268791051705772e-01,7.058933522226384927e-01,6.087390652037378835e-01,6.620946591812182369e-01,4.467217369491153223e-01,4.021663512458000800e-01,6.430780612694145804e-01,5.919272773466971449e-01,3.720569471333964318e-01,5.537421420545960427e-01,7.798224986723877317e-01
9.853006691059049693e-01,6.998323153739131885e-02,5.486880747241439371e-01,8.846049642010361813e-02,1.834363029055609551e-01,3.537060055359749211e-01,2.468029148164552766e-01,0.000000000000000000e+00,3.578810794411413365e-01,8.514934755955179402e-02,6.805119648661557274e-01,5.926524890488674702e-01,5.366363703506675797e-01,7.250944799427546661e-01,3.523172923666726963e-01,3.655013591877854795e-01,7.214796213291979621e-01,4.733027568465161261e-01,4.355577521573419930e-01,9.566226461414670812e-01,1.199237518061697753e-02,4.809321098358137342e-02,7.651634471157934270e-01,6.764672615694953262e-01,3.793885727191507184e-01,6.484831930576804293e-01,5.528000659907019720e-01,1.168483134472481644e-01,5.995467416114794723e-01,3.862386385513728593e-01,2.846238951671602457e-01,4.420893699210975414e-01,6.607723567563408285e-01,3.843541309301976017e-01,5.881961627804604964e-01,2.665876540453926968e-01,2.260946721631576506e-01,5.808817455845765032e-01,7.438569348196731879e-01,5.878866044422155213e-01,7.845625226694333820e-01,7.341567431335697114e-01,9.129226335190012698e-01,4.765461903481215122e-01,8.942005513581864351e-01,4.194325600028125933e-01,5.217658796413078282e-01,3.074221656654548829e-01,3.184842675975007031e-01,3.474444960949691907e-01,3.264415100203091336e-01,5.986829631666299445e-01,6.790583810809687204e-01,4.404243753679012996e-01,9.422852022677352668e-01,5.042377508172796174e-01,6.722080149322220421e-01,2.685627651530035354e-01,8.171362159248901635e-01,3.993638470795691786e-01,3.702354342214552174e-01,4.090594130356260960e-01,6.271896245464004815e-01,6.636035478020143596e-01,7.569937999408302698e-01,5.386197648882955491e-01,-9.114007222156063348e-02,8.863103583841505095e-01,6.925162482688534960e-01,5.191017169427722955e-01,6.589068660461279148e-01,2.521706915846338992e-01,3.749984526134600982e-01,4.218987417017220354e-01,2.792933099869785440e-01,9.108949385471242222e-01,5.623510343655029331e-01,4.795056808147263316e-01,3.540182265791222971e-01,1.544978337921576184e-01,2.554883308759838267e-01,9.364053799187300742e-01,2.400635345921112163e-01,2.807140502749161382e-01,4.121514038601677421e-01
8.736209813188731133e-01,6.192357644921349102e-01,8.414782022787877791e-01,6.889510256719033610e-01,7.144879161231502129e-01,4.853932277865762729e-02,3.018301230446098216e-01,3.578810794411413365e-01,0.000000000000000000e+00,4.698398460268230492e-01,7.672181589089563936e-01,8.533675225333745562e-01,6.766979420428438363e-01,6.637527174644013428e-01,4.309834714597305383e-01,2.272793385027983282e-01,9.367007770331531313e-01,6.624059415843901455e-01,4.534791554603681552e-01,4.639728703305435742e-01,9.056969166919718317e-01,6.349323251731889828e-01,6.211583292612576912e-01,9.804710834994737612e-01,2.113835064162244426e-01,5.396508052409494383e-01,5.992674431063296225e-01,7.365568984883444914e-01,1.038285702717429704e-01,7.051974095090458583e-01,1.381331006218352309e-01,4.365000201632368571e-01,6.698835395704757500e-01,6.000684927396450208e-01,3.795728183477410922e-01,-1.089776137788778659e-01,7.330766410737539485e-02,7.259125079389394664e-01,8.884208022418501605e-01,9.268253924898344209e-01,1.690118795103414950e-01,7.788926546997027023e-01,7.226661786192214443e-01,7.830881809072308408e-02,6.854601928411399037e-01,3.042337994529232814e-01,7.541381419290417165e-01,7.417728546358373087e-01,5.809136953977418472e-01,5.921929862321435589e-01,4.517219904375598949e-01,6.674152976089153810e-01,6.333733210002953085e-01,8.446409277821667061e-01,8.724242568023690136e-01,2.482729362846416987e-01,-2.748311734646062821e-01,7.748071357605730292e-01,9.287351728618148394e-01,8.224060901573061050e-03,3.503354356826131055e-01,5.860697005364738921e-01,6.721839773708725430e-01,5.070106709921106125e-01,2.836835026978553609e-01,7.513964233013268323e-01,7.442586490015724587e-01,8.975098622788201252e-01,6.907803840299560072e-01,2.490051206693598973e-01,6.478445426315865285e-01,5.426006487117871480e-01,5.254935464113790200e-01,5.946537339112869525e-01,4.299630242795276502e-01,4.882598805010830434e-01,4.162386676744644909e-01,7.729555231478344446e-01,1.987612079211069915e-01,7.558329551269274971e-01,6.647037233477504081e-01,7.492789034196362108e-01,7.600723930580597365e-01,4.053025403455023934e-01,7.158711541159551439e-01
8.716076131344582256e-01,9.045342234620288302e-01,6.744488141949968041e-01,5.487384514576846284e-01,3.062791458207265727e-01,7.452185238459583250e-01,2.411076334601405802e-01,8.514934755955179402e-02,4.698398460268230492e-01,0.000000000000000000e+00,4.304319399348255915e-01,8.275913137969403977e-01,5.423100086243400064e-02,7.811548199191888919e-01,4.711196815155821449e-01,6.623501994959444250e-01,4.072146510146240628e-01,7.415620420726455331e-01,7.407125547145457789e-01,6.221123085150569443e-01,8.732722207099030687e-01,7.878660691299321783e-01,9.111772453239911362e-01,4.637202616888141393e-01,3.295414528990731062e-01,5.819817957596897795e-01,9.559437974352948952e-01,7.886552067432374136e-01,7.954463436401555398e-01,3.557666949359539199e-01,3.344304064901985063e-01,5.671700364168613673e-01,4.531330389772634248e-01,4.088188510081404159e-01,6.144317485938520784e-01,5.377814921252142000e-01,1.300143877480874066e-01,-3.020319461380788217e-02,8.316556764318524531e-01,8.017329082053348266e-01,3.914299224791472076e-01,4.909617939376448303e-01,6.410511905798507160e-01,3.944978980266757862e-01,5.248632172708472821e-01,6.336477045766101268e-01,7.815528674467843162e-01,8.054129237232007243e-01,6.183664175927586770e-01,4.061894108944030801e-01,5.219144168771361336e-01,4.692568591521802113e-02,7.817808158254000439e-01,5.310711944767523285e-01,4.686704994434079397e-01,5.202668295357386619e-01,6.157832292985017109e-01,7.087094573221033311e-01,4.884113790762090734e-01,1.366771931752443769e-01,1.430823231397448936e-01,6.948690971354186674e-01,1.658725889438279755e-01,3.397476433238494353e-01,9.330119576145280424e-01,9.890941318900874357e-01,2.845005473509829574e-01,9.936996807129301335e-01,4.264789790829449645e-01,7.755653062173770707e-01,7.518976570424545924e-01,6.204622717867775972e-01,5.580156622561516233e-01,5.730179830026758125e-01,6.102153270997520140e-01,6.474640394186682579e-01,5.976562680610899569e-01,5.791522815356986431e-01,4.918882147797069559e-01,2.844504282066182554e-01,9.202152571742150400e-01,6.324405262078379719e-01,9.856035319987970222e-01,3.586066484429364376e-01,5.810887838229161773e-01
9.067631786598969734e-01,7.136107259895108079e-01,8.265150708374002786e-01,6.365903740810920919e-01,8.833830916306055769e-01,6.134630638319916729e-01,6.349800481307203981e-01,6.805119648661557274e-01,7.672181589089563936e-01,4.304319399348255915e-01,0.000000000000000000e+00,6.609608116448437709e-01,8.316050515368197393e-01,7.825477428752034559e-01,4.665841108676181959e-01,8.851068951576898103e-01,4.963723686125380286e-01,7.125038633658385967e-01,5.868110671428414804e-01,5.876464849746529939e-01,9.233080683178032100e-01,5.288508215798892742e-01,5.961267026127941016e-01,8.748417536041124265e-01,7.788147781622363208e-01,7.466978176499783348e-01,8.144626109417500981e-01,4.868713200945853359e-01,2.026535123783674008e-01,5.392416435151852205e-01,4.184445657611274849e-01,4.074415581588546331e-01,3.599782389099081548e-01,4.455834008279805913e-01,5.140763448307339445e-01,5.230249429705807751e-01,2.771141657496301036e-01,7.334023825087849779e-01,9.196109757246055949e-01,9.127628182955934699e-01,3.075264769194615555e-01,7.405478583504808698e-01,4.194387774325957774e-01,1.425917847660518878e-01,7.411214269888957151e-01,9.233960113939831960e-01,7.358826869431990270e-01,8.925601773117325388e-01,2.729932773969698800e-01,8.460590192236382423e-01,5.176992358130390048e-01,4.518559672157044238e-01,7.784324838520036982e-01,6.261153898661854234e-01,6.530113121650413799e-01,7.441778444557032302e-01,5.816579827980481454e-01,2.269937292244129101e-01,3.798312159184473735e-01,5.490199970644875638e-01,3.292818563023753864e-01,4.316889121720945410e-01,6.522261765732717542e-01,8.637327170566483359e-01,5.265218138696813321e-01,3.846137665476195844e-01,7.541713882887390863e-01,9.475233358289028018e-01,5.378661395533759215e-01,7.471380449873539220e-01,4.924067403510515306e-01,5.928499222160282800e-01,4.607571770657227228e-01,3.363800689345309292e-01,5.200604675489934881e-01,8.035558214005598110e-01,6.015854745466543418e-01,3.685723473312825793e-01,6.475082823736878490e-01,1.381242775442353687e-01,3.407803214474546261e-01,7.843619289543809492e-01,8.279683953186115497e-01,-5.062655911200494852e-02,2.101176700160005129e-01
6.981235919492758679e-01,6.001580693128151234e-01,8.356791361483637548e-01,6.312187135516219572e-01,5.054494017971982167e-01,6.369624080187954451e-01,4.002396250373847497e-01,5.926524890488674702e-01,8.533675225333745562e-01,8.275913137969403977e-01,6.609608116448437709e-01,0.000000000000000000e+00,1.947720343781717267e-01,6.339558744974871374e-01,9.672824526137181467e-01,4.024713651245368645e-02,5.317926184155756797e-01,7.663757893154119483e-01,2.047211267880133523e-01,8.394354447768390681e-01,6.256722929833248292e-01,5.573356285290173018e-01,8.831076350322090152e-01,5.442592570320372580e-01,3.528192172484254097e-01,8.503319073526127703e-01,7.785080995787267977e-01,7.554751276991837905e-01,3.821317577588126402e-01,3.532440617525621218e-01,5.285368270705119720e-01,7.286375989459430436e-01,4.122328204640757221e-01,8.006773213255909960e-01,7.637605828317969303e-01,8.872864289719879782e-02,1.067652274459327533e-01,5.452996878850733253e-01,4.296354046032677676e-01,5.844599321233339140e-01,2.487119692381435931e-01,7.830605002667468950e-01,8.257111307207126716e-01,8.688799165629523813e-01,9.509417359932998970e-01,8.440572056615477381e-01,8.767320885287337440e-01,4.121379966061277655e-01,4.652126018194464585e-01,4.762084093448181177e-01,2.188042917826376610e-01,9.812666702671655194e-01,7.105171121501450138e-01,7.412698932992916045e-01,1.651355550907059044e-01,6.408869050178429561e-01,7.730489547968876218e-01,8.135834654457921866e-01,9.855304905428085016e-01,4.682826586850174500e-01,4.603450924476775730e-01,2.529809173725383609e-01,6.581628228148861393e-01,9.095339276101532811e-01,8.620848394559428307e-01,3.401566626776656443e-01,8.765026742009065508e-01,7.881818977536010351e-01,6.048534605432777100e-01,4.383822177233239747e-01,5.599554555845747128e-01,4.018927763433530753e-01,5.732253752531579760e-01,3.438694767654955076e-01,4.475042605002568785e-01,7.975555675654002474e-01,2.607436169680558691e-01,5.858165763356227851e-01,7.823354413126070162e-01,1.213671737731007449e-01,5.003210525911235829e-01,7.520808191802942355e-01,4.466975279630288065e-01,2.188872646099810915e-01,3.804746502486106574e-01
5.098616318474011866e-01,7.782023546389718049e-01,9.841617268444229349e-01,5.720571169251312815e-01,3.977356725420257977e-01,3.733932968693269294e-01,8.714759694613506413e-01,5.366363703506675797e-01,6.766979420428438363e-01,5.423100086243400064e-02,8.316050515368197393e-01,1.947720343781717267e-01,0.000000000000000000e+00,9.221594431585143914e-01,9.845909156972071363e-01,4.686674352586724379e-01,8.158023851491390532e-01,7.631360743848073502e-01,6.552274534420645669e-01,4.163128336595646184e-01,5.840566776064565202e-01,6.299834596256358443e-01,8.548910234890272353e-01,8.834715057379789460e-01,5.408626557391463807e-01,3.134452695178249759e-01,5.913460228856041168e-01,5.058903347445340565e-02,3.528082405826308277e-01,2.429825884570559202e-01,4.658728616084568674e-01,4.383152629944401246e-01,5.246834488947584862e-01,9.978694595685141389e-01,9.666727311495069142e-01,7.607407616450129195e-02,5.048768053607651796e-01,3.322101418434204589e-01,6.562756095939374923e-01,6.680669151849676357e-01,3.751819313616345242e-01,9.035391976176965212e-01,5.711568226748557908e-01,9.650845416653577313e-01,7.963015419963554997e-01,9.862373755264006725e-01,8.521007160343561093e-01,2.248658609038671485e-01,4.517128916553400653e-01,7.923402975649747049e-01,7.578440758834490421e-01,5.205917740073885414e-01,4.870459548616508649e-01,8.788870330902370798e-01,6.802786787633385845e-01,6.977279929114671431e-01,7.214438157476109614e-01,9.397502207462603563e-01,9.780756450858035800e-01,-8.247870007535740289e-03,5.053585029435874176e-01,4.691619562454608650e-01,6.144161906145155783e-01,6.021387443608751111e-01,7.582741018458836191e-01,6.697763463633648051e-01,8.915121572737587652e-01,9.400794547535660239e-01,2.070513136146848732e-01,8.411116413200188102e-01,6.968406314807931157e-01,7.641826030412974813e-01,4.924802920205959000e-01,-8.279713348885728297e-02,7.651058769142935478e-01,8.170872947053888780e-01,6.074215413919971107e-01,5.601037238532680096e-01,7.739870029179487521e-01,4.918907539703408771e-01,6.744445028741614667e-01,5.309284832451163227e-01,6.576557617805911526e-01,2.673630337759972941e-01,5.296430091140238439e-01
9.916846833507528824e-01,8.278491804943394206e-01,7.043234956127335522e-01,4.331170372842219618e-01,7.520818199910931368e-01,7.224483229658196226e-01,2.429618670529125057e-01,7.250944799427546661e-01,6.637527174644013428e-01,7.811548199191888919e-01,7.825477428752034559e-01,6.339558744974871374e-01,9.221594431585143914e-01,0.000000000000000000e+00,4.758436743224137011e-01,8.179820780811312142e-01,6.329215806109896869e-01,2.496055721108091097e-01,5.349976901470079316e-01,6.999392477899970544e-01,5.444337329023720695e-01,2.286586165715560892e-01,8.206624485173561467e-01,4.066335174929899265e-01,5.655559938431780065e-01,7.524728391519641679e-01,8.323919927931929807e-01,8.937296212480878577e-01,4.395932846157388774e-01,1.360900725417957535e-01,-1.389690194755571484e-01,2.597316268051440558e-01,7.354115399940259756e-01,9.139931883817991043e-01,7.599138356235890512e-01,4.011272046696805482e-01,3.826244987776439288e-01,4.162967360594083122e-01,6.542390275514748943e-01,8.812650607735892372e-01,4.503782495969644306e-01,6.724923673722582596e-01,9.413984541367912406e-01,9.791565413136147367e-01,8.862463532374456054e-01,8.789424000218908350e-01,8.278804196116443803e-01,5.469230609733305437e-01,3.962194041613893436e-01,4.814114238853245409e-01,8.047409118764682345e-01,7.908653464237980213e-01,5.373580824747158369e-01,4.515500820397309045e-01,6.627700142010151119e-01,8.436470554897159690e-01,5.262528312915411011e-01,7.774270011028836525e-01,5.799040404389299574e-01,5.968278806560252114e-01,2.568981758833480122e-01,6.095332583306054541e-01,3.772681679209034522e-01,6.810970181517933542e-01,8.315437275763670755e-01,4.186861636488312666e-01,5.922283171548863301e-01,7.326584698165883314e-01,6.678407453413147676e-01,7.735994108847931150e-01,4.520696279601470469e-01,8.520124173251114597e-01,6.290493776904058087e-01,1.955445570594619709e-01,6.945432553786375918e-01,6.142364150563173197e-01,8.007208381289763199e-01,9.710591860915347429e-01,1.015699890285787221e-01,1.735304964196525968e-01,5.250951756708784890e-01,7.920101534070387306e-01,7.293302526160427846e-01,5.037491200207783182e-01,8.335191584119124864e-01
6.303111489249519916e-01,8.339602403462709201e-01,5.425042464550462462e-01,4.308579328803744390e-01,5.494032462227583791e-01,5.858545829020920248e-01,5.405165974574303034e-01,3.523172923666726963e-01,4.309834714597305383e-01,4.711196815155821449e-01,4.665841108676181959e-01,9.672824526137181467e-01,9.845909156972071363e-01,4.758436743224137011e-01,0.000000000000000000e+00,9.725185990826165083e-01,8.678038334524431630e-01,4.767418639401617697e-01,7.381554187312808768e-01,6.627494243196602186e-01,1.119766945705063660e-01,6.919818929573774424e-01,2.711430181367086023e-01,4.634954396231838469e-01,5.031478445980407388e-01,7.116447387496330768e-01,6.810943487774772098e-01,6.626952754306960625e-01,1.090416542526917720e-01,3.333423192884266695e-01,6.370690031753750704e-01,9.047828992398454506e-01,2.537121851634869252e-01,7.166046128929031145e-01,5.744289422540127532e-02,4.256188402073552424e-01,6.058673241588823366e-01,7.585374453855748822e-01,6.473673756178832672e-01,5.074991992357541504e-01,5.190827551409904483e-01,5.416477200963443206e-01,6.286325243093751070e-01,8.553091524373549470e-01,2.775688737607029943e-01,8.946117020916211082e-01,8.963250746044018058e-01,6.184886773359229428e-01,4.974159014225644770e-01,6.857022046159300110e-01,3.906033581378584030e-01,6.123003145481635823e-01,4.411419343842054031e-01,2.132020229844915626e-01,6.258292668855159890e-01,8.644498582435333756e-01,4.190117007533681881e-01,7.677260032319227490e-01,5.221011257028869146e-01,5.549737144521706966e-01,3.036366727458381654e-01,3.672259280600759235e-01,7.113183584756463951e-01,5.308426504906528232e-01,9.014787082538754381e-01,5.230744403184245384e-01,5.335597072190924051e-01,8.115065315271638990e-01,2.131464374995382660e-01,4.734428998774128372e-01,9.259634665375301443e-01,7.918315389555569128e-01,4.321478404429531794e-01,4.930357126515349520e-01,6.602196421061072851e-01,7.066493928352278742e-01,2.443861256369299906e-01,5.286169026392285586e-01,5.862188620363987246e-01,5.446787933275395455e-01,6.551067251602215036e-01,6.602744713611079508e-01,2.531169367858020491e-01,7.565905626211821833e-01,6.523823543256853652e-01
6.982099650709634453e-01,3.146085481773941428e-01,5.692333600065507815e-01,3.019810164455495327e-01,9.652543080814374177e-01,2.915210574123971443e-01,6.763492338263281667e-01,3.655013591877854795e-01,2.272793385027983282e-01,6.623501994959444250e-01,8.851068951576898103e-01,4.024713651245368645e-02,4.686674352586724379e-01,8.179820780811312142e-01,9.725185990826165083e-01,0.000000000000000000e+00,5.677116028987664320e-01,3.934470148289401781e-01,9.752993960076431490e-01,5.547182641250281154e-01,6.605283117941641580e-01,7.183971756726473812e-01,7.309575319083732037e-01,6.962052903383114666e-01,2.028521542171722314e-01,7.674774005097242391e-01,9.757778424071572587e-01,8.907973586520652187e-01,4.036256590107963893e-01,5.583292911788737545e-01,3.177091371766397332e-01,7.107410762310597541e-01,6.445764214963940475e-01,9.934509195099276990e-01,7.263333574951447158e-01,5.409630688971516638e-02,4.059923698568149719e-01,4.592763352216991390e-01,8.779093425920451166e-01,4.424359044272807018e-01,1.651472019458809226e-01,2.536221183479512448e-02,6.473752383408639677e-01,8.906823396655302316e-01,9.890414296330860555e-01,6.100634469654749870e-01,7.564991696016996059e-01,7.522456391722420754e-01,1.015429166178962762e-02,6.406970426213935976e-01,4.774666651990393529e-01,7.065819163302918815e-01,6.926718917863320391e-01,2.545002570610786080e-02,4.501712761788640438e-01,6.335387984132905270e-01,5.564388548048128103e-01,6.894180853074276527e-01,7.025071736917429810e-01,6.602972747841551193e-01,4.352537674345528518e-01,6.662337864843770330e-01,6.392573146182520816e-01,9.802262766964701113e-01,6.420309916375848136e-01,3.625096611768269250e-01,5.298086025671282506e-01,4.587181277580962835e-01,4.337467545823698867e-01,2.473022099883263047e-01,4.394621319033463758e-01,5.216233782057471124e-01,2.171991214989285324e-01,2.938271125913000659e-01,5.960857016135415187e-02,5.354094447356989583e-01,7.876862217448161729e-01,7.076223517911712779e-01,2.269980597725571314e-01,6.052710773127699673e-01,2.563662247519643000e-01,6.525940993413149593e-01,6.126721052795495170e-01,6.152336646930084418e-01,9.645012037213223088e-01
9.472249891473968342e-01,6.264314433000862659e-01,4.521021248601519438e-01,5.057219087823163761e-01,5.849386060007717436e-01,5.862916284550225843e-01,8.029568003057373504e-01,7.214796213291979621e-01,9.367007770331531313e-01,4.072146510146240628e-01,4.963723686125380286e-01,5.317926184155756797e-01,8.158023851491390532e-01,6.329215806109896869e-01,8.678038334524431630e-01,5.677116028987664320e-01,0.000000000000000000e+00,4.335355017030609881e-01,6.257772124088805121e-01,7.116869772001047645e-01,8.530167596186057910e-01,5.832197093619986283e-01,7.093730837256232435e-01,9.473097737468439972e-01,5.178783292293034357e-01,7.942046359320952265e-01,5.181358943807947703e-01,6.394559043990031277e-01,5.843108000600508722e-01,5.054293138752740111e-01,3.444113228744097865e-01,3.125126875652322611e-01,4.992495922001690678e-01,6.220112573487404095e-01,7.001499646007613986e-01,3.431618373141877565e-01,3.862306851958834802e-02,8.011623996896779509e-01,6.614497699950340204e-01,7.423785871361762156e-01,2.967545076835728657e-01,2.896020931495109085e-01,9.072369807450224588e-01,4.316918927811551621e-01,8.984812133905438758e-01,4.286870582733570134e-01,8.647270721963423723e-01,4.980868321663740605e-01,5.613526105923576370e-01,8.229554024249194910e-01,9.426736643736267629e-01,7.915519357491798136e-01,3.391196571120353997e-01,9.204858365147901011e-01,5.489311064525806971e-01,5.858140242970325540e-01,6.446933615527314920e-01,3.557090779436854477e-01,9.999352775264307436e-01,1.383120885861529870e-01,5.381668372545949097e-01,5.631517261612346559e-01,8.343322324810906743e-01,7.706268023060004468e-01,9.596914574023458488e-01,4.194160092272119500e-01,4.139427851786590118e-01,6.967198895334383302e-01,5.408682203651766773e-01,6.030483816561741373e-01,6.261855551573587420e-01,7.635547020102693150e-01,2.558388702603184295e-01,5.331820017484647511e-01,9.419475054797626923e-01,4.848588653638677970e-01,6.803367354473609518e-01,7.528271654019582648e-01,3.353335294992456500e-02,3.201633318013067941e-01,9.025249366647372096e-01,4.189905823060419143e-01,6.566796696738873562e-01,7.929008930654500575e-02,4.370833262582444201e-01
8.513762560496502818e-01,5.148725848317388110e-01,8.104244195739283008e-01,8.492856580559048352e-01,8.597322714738506733e-01,8.077434376045372622e-01,1.737180076092078584e-01,4.733027568465161261e-01,6.624059415843901455e-01,7.415620420726455331e-01,7.125038633658385967e-01,7.663757893154119483e-01,7.631360743848073502e-01,2.496055721108091097e-01,4.767418639401617697e-01,3.934470148289401781e-01,4.335355017030609881e-01,0.000000000000000000e+00,4.533881977413943276e-01,9.142914872734047016e-01,9.734366246952173007e-01,4.069395670863844572e-01,6.954549873465261101e-01,9.914622540521931260e-01,6.861123090134846336e-01,6.373305887008822168e-01,5.797053456749391431e-01,6.671097167609276735e-01,5.019192193049970552e-01,4.710539761778567147e-01,1.288520219019360646e-01,3.429884608047925054e-01,7.958971510811408967e-01,2.660076082398550312e-01,7.273179928620346901e-01,-1.060256949788505876e-01,5.723169322773595802e-01,7.786144346720138554e-01,8.316107350778773055e-01,2.435368220566334896e-01,6.195502702246139526e-01,1.075430061956781647e-01,6.536330949326172313e-01,7.530877977984515859e-01,9.079620827240996173e-01,6.322720229558297378e-01,8.319893106208554601e-01,4.610518082437846110e-01,6.677075543832164950e-01,9.280109832707295059e-01,4.352057502153621193e-01,9.981089529606580468e-01,4.687942898598524977e-01,5.345885273482836597e-01,5.725957029586182800e-01,4.387525544430490032e-01,6.779080810847432081e-01,5.980395098560136180e-01,6.071952142769004857e-01,-1.076017765594575876e-01,4.412520469835500281e-01,6.499141047107012126e-01,4.432034022384536143e-01,7.050373255990608490e-01,8.493942034203207925e-01,7.515390884636040658e-01,6.967349872509882580e-01,6.403682512867545640e-01,6.549260566439333298e-01,4.425975582530087826e-01,7.353189673807980498e-01,4.528613744744835468e-01,4.879102416087648386e-01,4.561292321164046037e-01,4.488643407321948886e-01,8.135938722302353820e-01,4.687966569005237449e-01,3.695666767930862878e-02,7.958324602938857684e-01,4.910635193128550791e-01,6.923249738224426242e-01,7.377457173594362816e-01,3.352835814089498712e-01,1.249859572146051756e-01,7.726737662583994526e-01
