0.000000000000000000e+00,9.917241326391303957e-01,6.643683200118681853e-01,9.918638170767851703e-01,7.951035941100477178e-01,7.831002071774179063e-01,4.086036835307024773e-01,5.477078339624897457e-03,2.403975104590283796e-01,9.534515114383057544e-01,3.563869550601114211e-01,5.617215220480469284e-01,6.027329621940286097e-01,5.545749902268568565e-01,9.067244893292715213e-01,7.673726763636622428e-01,7.124021933649343774e-01,8.139666525027305921e-01,9.142830980887614034e-01,8.325938295199223349e-01,8.009338694281884496e-01,7.528185849972657273e-01,6.418908060382666481e-01,6.764679328046229179e-01,6.973161347555286715e-01,5.149877163655522949e-01,2.495712436431370140e-01,4.207902166857899751e-01,2.544487264932850379e-01,6.479599643542874876e-01,3.942673603146422678e-01,4.335133918738067749e-01,6.744778260080372956e-01,6.390055038676816235e-01,6.045086023732003655e-01,5.567494259968364112e-02,3.867219746871143338e-01,6.567363123121391366e-01,5.187450232548159734e-01,6.392479468117161501e-01,4.935608900230567531e-01,7.653686589742711988e-01,8.818330637548358331e-01,9.225197106607789799e-01,8.125833305734180279e-01,3.145277466700076019e-01,2.447562040038251674e-01,7.696397203212034244e-01,4.166392102925919882e-01,5.859705666395804702e-01,6.976761089602728783e-01,5.286965858259019546e-01,5.603160847228453312e-01,7.827736334215018577e-01,9.718560702913145999e-01,9.237531769001076087e-01,6.258788459142702321e-01,7.875992112845731086e-01,6.881777586998042429e-01,6.983814771434275759e-01,2.584205855093933968e-01,9.993738745653977240e-01,8.042653871565502710e-01,4.287306474509570142e-01,6.434830036777121620e-01,8.955566034676829545e-01,6.269265925233092895e-01,4.538246444739630348e-01,4.136587828358877506e-01,8.939909615489374239e-01,7.742916260764001191e-01,5.011291802414535868e-01,5.088872040304717181e-01,5.057104218305870091e-01,6.733629205020459363e-01,7.397016528046972406e-01,9.273849750183360552e-01,9.721150647541574319e-01,3.329768101618099108e-01,-8.166890602798650145e-02,9.600284919825700092e-01,6.566786750924040739e-01,8.701743210842740606e-01,5.361279024228577939e-01,3.199896625776601500e-01
9.917241326391303957e-01,0.000000000000000000e+00,9.697514338429940040e-01,7.899544560967234341e-01,7.285600272609280559e-01,8.498696353356728350e-01,5.604854523001352451e-01,2.964315664654267879e-01,2.053954065127859274e-01,2.726937861394229667e-01,5.365444736881246346e-01,9.509694968661570602e-01,7.513950931782052978e-01,7.739003852668033812e-01,2.474089593860860359e-01,6.401048932347763731e-02,9.635221453182394313e-01,9.964366259610039078e-01,9.423815813289169174e-01,9.378766345309335062e-01,4.231885260218077871e-01,4.118886599535925841e-01,2.332323904388816094e-01,9.140672925593935627e-01,4.374081493753759209e-01,9.937235341624044427e-01,5.920554872691029535e-01,5.660490435730681780e-01,4.708488344017821570e-01,5.535493730867252493e-01,5.596909702523453767e-01,5.079468059936255164e-01,8.254006687039587842e-01,6.879662635230061607e-01,6.786082426243393861e-01,6.567169877844518666e-01,3.204274508020935053e-01,6.324181055401806306e-01,6.479942346449378832e-01,4.316365719330187978e-01,1.185315716068778696e-01,6.653100980829049771e-01,8.918698966404577932e-01,8.312760459207279018e-01,8.640871682623857408e-01,5.484107633350563393e-01,9.677642913022861393e-01,2.951640532784973736e-01,6.618978648745803550e-01,5.836350733219993758e-01,2.107023013992487259e-01,7.387715498759892530e-01,8.591585059676771774e-01,5.123332315670356962e-01,8.794981653959431656e-01,9.747413125306949588e-01,3.980193189849370872e-02,4.917006775739444779e-01,9.824941429133040582e-01,6.433741709340359272e-01,4.263623604689692481e-01,2.869095685765263859e-01,6.378426699742029138e-01,2.066363796647947559e-01,6.791890213438218638e-01,7.208172487073228885e-01,5.403722501559218294e-01,4.835303480272192256e-01,5.955261952494144140e-01,6.840933575706744652e-01,7.296483216507801961e-01,6.973957385821676347e-01,5.119051682189870722e-02,7.446434996398588746e-01,4.267233879449409684e-01,6.967557402434410019e-01,1.010546941592272568e-01,5.616310630878237342e-01,4.813119267798070533e-01,1.527181853582775251e-01,7.035786913935907494e-01,2.715989886549176058e-01,5.854275737150659298e-01,3.056104342259994278e-01,4.614110325728599804e-01
6.643683200118681853e-01,9.697514338429940040e-01,0.000000000000000000e+00,9.840749006269651211e-01,6.354692578269987013e-01,6.005845051325908734e-01,9.154721122165645486e-01,5.505403418900262080e-01,8.337331182874351265e-01,6.090004391395512640e-01,6.211757236876331856e-01,6.456163391583590316e-01,6.165038518506740228e-01,2.272023192275780534e-01,7.889173799167994439e-01,6.823284328667821308e-01,6.907174777874686145e-01,1.771665450922269014e-01,8.121904240626082183e-01,6.578807783488305194e-01,6.535912918254981330e-01,2.109750309033726068e-01,7.124414267861277628e-01,3.175786534941050787e-01,4.620282511287614469e-01,6.628436333616738452e-01,9.718524608244197838e-01,8.717791223395896516e-01,3.755706275491545454e-01,5.525543734521312089e-01,2.230430656980086634e-01,7.409095532308112020e-01,9.562103034607605245e-01,7.759648280722190039e-01,9.234651511556021264e-01,2.636842940937673685e-01,2.988984260619651501e-01,8.213981222177398900e-01,7.800155933946664177e-01,6.535023242994663084e-01,5.805035128739649553e-01,6.546904947822073106e-01,6.402838626253083421e-01,7.344267453148863867e-01,9.569018847836485708e-01,8.848802719217783164e-01,4.804641149352236185e-01,5.639177527479590779e-01,7.935688632264883413e-01,8.412522525462005074e-01,4.069601524680969695e-01,6.905352227119521125e-01,9.097238175753261658e-01,5.187429372562949448e-01,4.064960357725200257e-01,5.079328276580765689e-01,8.578481493119866075e-01,7.950225870306125708e-01,9.104052145734305990e-01,9.858612704089657619e-01,4.323796634359646784e-01,6.795267414430976594e-01,5.170563497898158500e-01,2.936527604855484475e-01,4.541339331950797753e-01,9.971970658450428626e-01,9.403823507073397758e-01,8.201053868233562083e-01,6.436651632487689900e-01,9.000514364879208529e-01,8.438724373157232561e-01,8.261675810008909382e-01,3.205221856990667639e-01,5.411457491963804767e-01,4.647355861189927939e-01,7.875319466395331869e-01,5.398018828789403756e-01,6.877857649785361627e-01,4.086077600310091817e-01,-7.251098298283364940e-02,3.492429055238551738e-01,5.336224231002392182e-01,9.977984642098406409e-01,2.820616375314022317e-01,4.942207112548783754e-01
9.918638170767851703e-01,7.899544560967234341e-01,9.840749006269651211e-01,0.000000000000000000e+00,1.316982985298944565e-02,4.105562424095785534e-01,5.444846057434564734e-01,6.200319911630697289e-01,6.086899660161680936e-01,6.474254510941376273e-01,6.157103770217145500e-02,9.445116948226610631e-01,6.379917929551334188e-01,5.846028581640874133e-01,5.508215553627795469e-01,3.114546618592128335e-01,5.055723004625904959e-01,5.836215454046320694e-01,4.823013416047035040e-01,9.947953952944108558e-01,9.774778476171465114e-01,9.434114012894226908e-01,8.533542717894877505e-01,5.990238113039204615e-01,4.345635268745116214e-02,9.265087995299345902e-01,9.124290538598782696e-01,7.931242538345335547e-01,4.693875753854843125e-01,6.446752324627034181e-01,3.023598013674557161e-01,5.426502840365773350e-01,2.137659431356622730e-01,6.556131265384210760e-01,4.686152402282253160e-01,4.182448693984489596e-01,4.848230849337875070e-01,4.015573160467277858e-01,3.383535244487095306e-01,9.755956739193814009e-01,2.739815579451747030e-01,6.930888570537422355e-01,6.701926585241974044e-01,3.700151158305371446e-01,8.922693623617465875e-01,9.926762614006452434e-01,9.113813106513954931e-01,8.301513691707522735e-01,4.647395891101685494e-01,7.654835829866010188e-01,7.290299772288337810e-01,9.967484937314252669e-01,7.688175178730959347e-01,6.587278750376309722e-01,7.416577254166617506e-01,3.396997203338830706e-01,5.881979138709927390e-01,7.516523816658746693e-01,8.174222149048224750e-01,3.465832883075494614e-02,7.569939810741577180e-01,6.415146626102891103e-01,9.958287397392246998e-01,7.758728156591573333e-01,2.777261905921498686e-01,7.462732965768137383e-01,4.554036326222722919e-01,5.677484883527749160e-01,5.277499908950248342e-01,8.950049172893833616e-01,6.978228298475257496e-01,2.079913458201602672e-01,7.551907592657716162e-01,3.311197407170039103e-02,7.631449896393450727e-01,8.611607150040324621e-01,6.592770731597799028e-01,5.268147234652916788e-01,2.271565646313798703e-01,5.245638094972018828e-02,5.916260102395145548e-01,7.163834414849892251e-01,6.363724140963443465e-02,6.292170440224396089e-01,7.043423868283006373e-01
7.951035941100477178e-01,7.285600272609280559e-01,6.354692578269987013e-01,1.316982985298944565e-02,0.000000000000000000e+00,7.136864883020057615e-01,6.995096576648540676e-01,6.435132668294621938e-01,4.954752585456755898e-01,6.303039660833994473e-01,2.257611284761505133e-01,5.682650660570777168e-01,3.470824524396765032e-01,9.286948947716109348e-01,3.020673654394778196e-01,7.166134469963117981e-01,8.757379552155224456e-01,6.461108888698423591e-01,2.547178142376956000e-02,6.928305992255744394e-01,9.263808637009994795e-01,4.928740782754826855e-01,4.942022523699135528e-01,8.484345666486907689e-01,6.768995096180100424e-01,3.008634003664601431e-01,4.306946943640430625e-01,7.683579820309014430e-01,6.029203984439270858e-01,3.028866353137359413e-01,6.345332268082093385e-03,6.177778820647071845e-01,8.711342322978249397e-01,5.388355947722353045e-01,4.565638858002515343e-01,3.714774574471887414e-01,2.666782512520374793e-01,4.294822914945644055e-01,4.257117560991530714e-01,6.428988220194118419e-01,5.227234009214239974e-01,6.539193627032271472e-01,9.648840900848608682e-01,1.650913621724682812e-01,4.325771973751239008e-01,6.084000648386875820e-01,8.728085170022001904e-01,7.069453750830618777e-01,6.437095595200280629e-01,4.774885367631065414e-01,4.771190816032269133e-01,5.132243700781471407e-01,4.699082230831799212e-01,7.918314322083261914e-01,3.744595707868486612e-01,2.035173372962200203e-02,7.423105262510010238e-01,2.567850568935953204e-01,9.327348083627583497e-01,8.005376930239281874e-01,5.103030609511808313e-01,5.429895487769303974e-01,6.389748873768539283e-01,5.447467238288871139e-01,8.658480493092260977e-01,8.671892583623602713e-01,7.003206401416997018e-01,8.741948492272575422e-01,7.755283179270487937e-01,9.299888119797752317e-01,5.450445514144768300e-01,7.681350796761737820e-01,3.688964014079130216e-01,2.599108325382293305e-02,3.868309352568916060e-01,7.132347841440925817e-01,6.511269901035878771e-01,3.659697903267964403e-01,1.495759775842643025e-01,4.176447976269664908e-01,7.912997235788219452e-01,7.612012752275149063e-01,6.846260556382094409e-01,2.345846122263375577e-01,2.723372395028245685e-01
7.831002071774179063e-01,8.498696353356728350e-01,6.005845051325908734e-01,4.105562424095785534e-01,7.136864883020057615e-01,0.000000000000000000e+00,4.606768451490327321e-01,5.742265942638378196e-01,3.042421622101419976e-01,9.887457935201127146e-01,6.169523304541448816e-01,3.682470523155108588e-01,9.741705648662404293e-01,5.378986261760080323e-01,5.562140857629906954e-01,4.699641667442611137e-01,7.677572228469689009e-01,5.831740769171144256e-01,9.352806945995186805e-01,8.067783062661147975e-01,6.652786314504022247e-01,6.459440735846089243e-01,5.888994427063711790e-01,6.377621129837750258e-02,5.135793478031689396e-01,6.905026890414223129e-01,3.831561476120548537e-01,6.754060877754388681e-01,1.558742301799227459e-01,4.611830914468754150e-01,5.153934910560156180e-01,5.321792697723751742e-01,7.320464010662677268e-01,4.844899947240752791e-01,5.530611006238448368e-01,3.830770855042738843e-01,2.414253937853166332e-01,4.930264457517246068e-01,6.424938354617287795e-01,7.060706913330994094e-01,4.214163348715645463e-01,5.372018809144661899e-01,8.605957795902510199e-01,4.770852463934541765e-01,5.935091536116436917e-01,9.240821053906461691e-01,6.563581634588461222e-01,2.967525939199088802e-01,3.825608273910515167e-01,5.478198512380114682e-01,4.517182185494164615e-02,9.699427055029775646e-01,7.286392660081990602e-01,4.703966585095158415e-01,9.307754414295996703e-01,5.597172182817695685e-01,7.815895044017837634e-01,3.009257626797414154e-01,6.859854208588896940e-01,2.959715319956742752e-01,9.296305483890374699e-01,3.669834474673473457e-01,6.360388291888008361e-01,4.165244226720267173e-01,4.719189381279852435e-01,4.175177708841227298e-01,7.661451534901686511e-01,5.976335271570834551e-02,6.795150521724461212e-01,5.016886108468375793e-01,6.568388653783610032e-01,1.480813483475044434e-01,5.534135840746758905e-01,1.746819352890700561e-01,4.223874546898217508e-01,6.908414353757678095e-01,5.727651558101313212e-01,6.046140283642459368e-01,3.768275739427328075e-01,1.805677770537473248e-01,3.985494838166440679e-01,8.838207794528114558e-01,5.178092851318975010e-01,-1.399670332946631734e-01,4.887044159071194382e-01
4.086036835307024773e-01,5.604854523001352451e-01,9.154721122165645486e-01,5.444846057434564734e-01,6.995096576648540676e-01,4.606768451490327321e-01,0.000000000000000000e+00,4.990544401813052366e-01,5.752437921641788687e-01,1.316833571392317381e-02,1.152302400962942619e-01,4.797888997623031004e-01,7.082796440299724550e-01,1.970687204722435526e-01,3.904146473742307055e-01,6.814975894839416792e-01,5.426700718710504301e-01,4.654268782586337139e-01,5.640681850572302203e-01,6.342790124100281535e-01,3.078930615394145920e-01,6.595976991819669788e-01,7.819806696997243511e-01,9.140759729397032185e-01,6.549105945180516697e-01,5.264761576398602205e-01,4.532412067081697526e-01,4.836007677633297752e-01,6.253184927475493593e-01,1.139685342087018438e-01,1.314798297900610091e-01,3.993439114391115208e-01,4.880311442327001648e-01,5.316747253486505675e-01,2.329456827545874908e-01,2.253385412661925158e-01,1.920724997392697642e-02,4.699328113374001692e-01,7.760610067527298206e-01,7.253165005698470891e-01,6.914759740496718710e-01,5.988955702374049173e-01,7.669827993601382454e-01,3.562865660812455371e-01,8.243770894461700527e-01,7.196187635585942211e-01,4.571170948098361997e-01,5.108043866613078965e-01,4.820499054586143695e-01,4.106698716791181147e-01,2.265602869171491618e-01,4.268669958021999999e-01,1.031721074485298789e-01,7.988033258992881525e-01,9.231770355420780838e-01,7.599673441057264167e-01,7.421661369780560014e-01,2.569667526349866948e-01,2.442457665612434159e-01,5.947890664368149505e-01,3.942261200931885812e-01,5.392142205351195816e-01,6.567045326974303432e-01,6.755790828312869811e-01,7.925720273227532253e-01,5.061806410206175499e-01,6.575389130841038376e-01,2.055745121832571187e-01,4.979045873967222757e-01,9.636602212371839227e-02,4.136032938507086532e-01,5.725870485620244699e-01,3.150480033211125463e-01,1.377674549962109862e-01,6.390081615410079241e-01,4.924571273264169435e-01,-1.408191411798035975e-01,6.703876896465289503e-01,7.896717851402490496e-01,6.003565067386266163e-01,1.915229487623797411e-01,3.224590947141763864e-01,9.739482967303532135e-01,2.487528459066036535e-01,4.567340079572114742e-01
5.477078339624897457e-03,2.964315664654267879e-01,5.505403418900262080e-01,6.200319911630697289e-01,6.435132668294621938e-01,5.742265942638378196e-01,4.990544401813052366e-01,0.000000000000000000e+00,6.394393027303642008e-01,5.134944535109958741e-01,5.900806597169208079e-01,5.755621309538911934e-01,7.873946553031856421e-01,8.666941531586072056e-01,6.596486478766830919e-01,6.004736648816714206e-01,8.980214509654408372e-01,4.131965939785801067e-01,7.370291347003916638e-01,7.154554652367969281e-01,9.861138357043401914e-01,4.342499476466031849e-01,6.632096595724088495e-01,8.308658994423906430e-01,4.369115482720337673e-01,3.099023194511826840e-01,6.199310977147376445e-01,5.258647438836689947e-01,1.342965493192858073e-01,5.219248135583706150e-01,3.337080023930717454e-01,4.735354358858239188e-01,6.745541693752179491e-01,4.278744818105671976e-01,2.845985588147957879e-01,7.939750418743436455e-01,1.867686755940731885e-02,6.218905257381681650e-01,7.656043734320776561e-01,5.028137001076353751e-01,5.104003982517828497e-01,4.540277413329588119e-01,7.415689335312850572e-01,2.053509895969822807e-01,7.224831346346408667e-01,7.972765235809818885e-01,5.624840243018291996e-01,6.117753718496026227e-01,7.641468836381383190e-01,4.574922447535634817e-01,6.291959153117663295e-01,4.528456642041314151e-01,4.488660603896446055e-01,6.622818588016365915e-01,4.120624793681944009e-01,6.549519527006266717e-01,4.019398031250093206e-01,3.889058609103818176e-01,8.137557550991405542e-01,5.946079645271518110e-01,5.443592514886259615e-01,5.871902175167980076e-01,7.322576342184418108e-01,9.567095036344198666e-01,8.686053948635655830e-01,7.295035372745610758e-01,6.869148550357248029e-01,7.473523358329843269e-01,2.637877390364132824e-01,4.219845447494923185e-01,7.583035273187206382e-01,6.770594311223244732e-01,4.106363362868311606e-01,5.474263774061053356e-01,6.832004643187116200e-01,2.798608226372232832e-01,1.153275171403368021e-01,7.643822757352555231e-01,5.039158827466079238e-01,5.370636588469608341e-01,4.928800399460470660e-01,6.067602819922012225e-01,8.338952652364577389e-01,1.204139582026257371e-01,7.039672801122203172e-01
2.403975104590283796e-01,2.053954065127859274e-01,8.337331182874351265e-01,6.086899660161680936e-01,4.954752585456755898e-01,3.042421622101419976e-01,5.752437921641788687e-01,6.394393027303642008e-01,0.000000000000000000e+00,7.401095806228081830e-01,7.382527959933555817e-01,3.044197071378419439e-01,1.710920153364648977e-01,5.567422082645948622e-01,3.233406281561388984e-01,9.021794889533005790e-01,2.449487314562392160e-01,6.503172359541261605e-01,3.479223826060143798e-01,8.730758092693753358e-01,6.520210533428809629e-01,6.764402111467976431e-01,6.300304884982648179e-01,7.603659292659873392e-01,3.989850363334635497e-01,8.517403201820800129e-01,9.093774734487137801e-01,2.742711469494992782e-01,5.974156258915714890e-01,3.783001223054014428e-01,2.289197817983495420e-01,5.054714795338817179e-01,8.187081243091408611e-01,5.417108893239165335e-01,8.809883337799236935e-01,1.508253344255778283e-01,6.323834497861065274e-02,7.932326498987357644e-01,6.445361129531697042e-01,6.801810442874285378e-01,4.055903465523041235e-02,4.946540855062676600e-01,9.324333641708240084e-01,6.387591332690609747e-01,4.118213463615292280e-01,7.356391013371027521e-01,9.315003489994775343e-01,4.908568262973825869e-01,5.247449456671455792e-01,4.457761539601471368e-01,5.432672736340701247e-01,3.960282272728778974e-01,9.099929476074675172e-01,4.158011639990074615e-01,9.189354382522413323e-01,6.884621416567423546e-01,9.068353357619328703e-01,4.203228205999829381e-01,7.158865071727216201e-01,1.616528844765844630e-01,2.712046754205972854e-01,7.741980481376081746e-01,7.664447886541163601e-01,8.760195549052028907e-01,8.624792435705633808e-01,7.867706493177891724e-01,4.284651867834485817e-01,8.502215684461070788e-01,3.816608402546515233e-01,7.837031239159248930e-01,2.855221690102819343e-01,3.616826309997175359e-01,5.124181666814545677e-01,1.263795286019027131e-01,3.770422473475559810e-01,4.877544156962737021e-01,6.426076316411826195e-01,1.269969405199068702e-01,3.341572609099439095e-01,3.831836558801960946e-01,4.120221553490855393e-01,6.288104411086196111e-01,4.241514747002660402e-01,4.889911789665341013e-01,3.995479188555337569e-01
9.534515114383057544e-01,2.726937861394229667e-01,6.090004391395512640e-01,6.474254510941376273e-01,6.303039660833994473e-01,9.887457935201127146e-01,1.316833571392317381e-02,5.134944535109958741e-01,7.401095806228081830e-01,0.000000000000000000e+00,3.371607132237287030e-01,4.217744724653496591e-01,6.861566182308114215e-01,5.748918392093752550e-01,6.990398477200571170e-01,1.227359305384610466e-01,2.961360849497436942e-01,8.963923146251859819e-01,3.213542527142890792e-01,5.526475232898200307e-01,4.812781822219444061e-01,5.875373532924521580e-01,9.890164671223073967e-01,6.357526422502269847e-01,2.722209513577192874e-01,4.218890938785132549e-01,7.313112451190879604e-01,8.555592035065604506e-01,4.836837992026452038e-01,2.478822920291267329e-01,2.707205679550122590e-01,3.677904556178408502e-01,6.513812829960903272e-01,4.515546485179195435e-01,8.223377057554737135e-01,3.542321387827388479e-01,2.687224367043582474e-01,5.198217237219263098e-02,5.920639759083214937e-01,7.344323688756485558e-01,3.582135157388262603e-01,4.819680839916796744e-01,9.315603129742376920e-01,4.215377336265329622e-01,7.185374183325535791e-01,6.505615933506290194e-01,7.351250435092673285e-01,6.941633350623599430e-01,7.981390750523517097e-01,6.063139564887483068e-01,6.688190168625574028e-01,6.324501120999709292e-01,6.607152386164381053e-01,6.201005170289812796e-01,8.164456666193343759e-01,7.331666697951564338e-01,6.621336641471152751e-01,5.877294517598100621e-01,5.840715904664366409e-01,9.192959056139027307e-02,1.607296319128913020e-01,8.942319023870842765e-01,5.074974167100801958e-01,7.770470995262328540e-01,8.078082297702854353e-01,4.998306952976728779e-01,7.949793270786761346e-01,9.684792888429222257e-01,5.763714767811068951e-01,5.064026139649679958e-01,6.638810175274407754e-01,5.420193312298910993e-01,4.154619371406875761e-01,-1.486778146172995640e-02,4.748924343051800223e-01,7.730690818288741273e-01,7.149569715941376247e-01,5.635277004560637071e-01,5.731811575631009514e-01,5.757069231875516779e-01,7.199937105248012115e-01,9.181049930336452336e-01,9.292435635890435863e-01,3.326616205678679661e-01,8.504101696413837175e-01
3.563869550601114211e-01,5.365444736881246346e-01,6.211757236876331856e-01,6.157103770217145500e-02,2.257611284761505133e-01,6.169523304541448816e-01,1.152302400962942619e-01,5.900806597169208079e-01,7.382527959933555817e-01,3.371607132237287030e-01,0.000000000000000000e+00,8.644620744192067496e-01,7.560916949712407353e-01,7.990581247454251468e-01,2.907267252869091267e-01,4.306166030491471730e-01,7.557923247652941212e-01,4.110866882021506075e-01,6.718276220565030377e-01,8.422472747060707476e-01,9.449172336382691828e-01,6.634908521319041741e-01,4.652965547583243766e-01,4.190834174409002189e-01,4.466478802952698612e-01,6.566074534362913440e-01,6.973897772852356569e-01,3.082521472258523687e-01,4.918710066814060977e-01,3.065588855164936288e-01,3.701813117596503000e-01,7.379621948450030278e-01,9.303674230670671008e-01,7.979829685105513937e-01,6.806706619535973779e-01,2.074759649536049022e-01,3.851042612554722577e-01,7.625598579198218374e-01,6.672035125998805327e-01,6.481601786458691672e-01,6.760543280228509255e-01,5.477894520608418416e-01,7.153999206998957749e-01,7.013082508512380464e-01,7.796754267368574132e-01,9.406219498748888963e-01,5.942443931487666475e-01,8.020880134108369086e-01,2.755539474743874395e-01,5.104307685938138661e-01,4.073822639576329396e-01,6.038031887306868351e-01,9.663898553197020069e-01,6.519861305446821298e-01,8.563503861033308073e-01,4.379190873969079911e-01,3.668598088600855123e-01,6.285905925117233339e-01,8.384162290945329499e-01,4.825790433227966636e-01,2.099100575028715610e-01,4.090914038724355328e-01,2.500901518046965144e-01,2.491768319107344198e-01,4.583021110101561657e-01,5.907699492560996024e-01,8.988214662153755086e-01,6.601497801537380417e-01,2.366584429050404004e-01,7.477529416850989818e-01,6.698658260908876283e-01,2.457332365806045860e-01,1.499668146324073248e-01,6.456514420263077536e-01,8.414973513162841146e-01,7.255132560341831516e-01,6.249807931343515088e-01,4.996768714766746666e-01,9.260859642367294531e-02,2.362463054032251930e-01,3.999859159775849271e-01,8.877853057636283518e-01,8.679551353173172723e-01,6.818451698372807179e-01,5.285780124535580660e-01
5.617215220480469284e-01,9.509694968661570602e-01,6.456163391583590316e-01,9.445116948226610631e-01,5.682650660570777168e-01,3.682470523155108588e-01,4.797888997623031004e-01,5.755621309538911934e-01,3.044197071378419439e-01,4.217744724653496591e-01,8.644620744192067496e-01,0.000000000000000000e+00,9.025723980625721676e-01,3.512105330505028711e-01,4.204779772099039303e-01,5.113617929722096278e-01,9.412397826155709524e-01,4.936624861851326984e-01,6.477528992942098718e-01,8.906079383986661435e-01,8.319992150042000434e-01,5.532915331831316230e-01,4.235312805558000826e-01,8.077524466617999055e-01,2.183074086993502250e-01,2.242128091191568709e-02,6.470748154891654558e-01,8.431994896499661607e-01,6.292154163922916710e-02,7.536528175704167998e-01,4.853768822201726674e-01,7.356346232280602804e-01,7.474614250068691845e-01,5.798517116279875427e-01,7.762294749640137326e-01,4.270401174257034138e-01,2.185027286496024346e-01,6.247894143383015964e-01,8.456495954258858028e-01,5.763949906335585904e-01,5.495952405028319276e-01,7.685852715723233697e-01,4.065860163675503319e-02,6.193873602923364308e-01,9.446952283419416396e-01,5.069117332359631689e-01,8.854638113812310918e-01,6.981205703103388061e-01,7.369117763827689460e-01,3.414909278580480212e-01,4.206087426360711201e-01,2.711144539818706733e-01,8.583956871310162162e-01,6.212745854926711164e-01,8.825150162997907888e-01,3.952238287468891054e-01,6.395287434587562103e-01,7.515527157647238221e-01,9.213382609479472407e-01,4.554174702845307232e-01,2.155815701526019590e-01,9.690656677510866013e-01,9.578216676636031046e-01,9.164904698254400239e-01,9.750590648219060741e-01,4.805918983457684868e-01,3.240491368437060649e-01,8.588266920521370196e-01,4.085804312905023106e-01,5.564410862425389626e-01,7.749958446356418618e-01,6.666290335844323733e-01,1.763941328534349151e-01,3.683891107574144841e-01,-2.353639392481754189e-01,7.064941948068848010e-01,7.011031677086845271e-01,9.256322441147386837e-02,7.631481424114342493e-01,1.062584047155564343e-01,7.631933144268316926e-01,8.811160903045692772e-01,9.334681815257813708e-01,5.586887816774658289e-01,4.647118128340814724e-01
6.027329621940286097e-01,7.513950931782052978e-01,6.165038518506740228e-01,6.379917929551334188e-01,3.470824524396765032e-01,9.741705648662404293e-01,7.082796440299724550e-01,7.873946553031856421e-01,1.710920153364648977e-01,6.861566182308114215e-01,7.560916949712407353e-01,9.025723980625721676e-01,0.000000000000000000e+00,2.102226330854105041e-01,4.609877504419443439e-01,7.085599102520859782e-01,8.477979751016844201e-01,9.104657076282545169e-01,7.268589074891569357e-01,3.759115414409642808e-01,4.317100387223965496e-01,4.374638113340884038e-01,7.942774056489734225e-01,8.172214824235441988e-01,4.046657912908400712e-01,4.486799994974137173e-01,8.738652705204146276e-01,6.970009721468201080e-01,2.539305443548168228e-01,4.736519462290664784e-01,5.633764598653494549e-01,2.403083012087716130e-01,6.482590729077504221e-01,9.586332963830037635e-01,4.318237632644084667e-01,5.192573937326672162e-01,6.099856208933438634e-02,2.913754860915196421e-02,4.763760871673448083e-01,3.581069766588808045e-01,1.665243800731446844e-01,5.774671877295067812e-01,6.554253731128040217e-01,3.817840347369473308e-01,9.516937677733292578e-01,7.455427046963130078e-01,9.669484683860247731e-01,9.651140170651812955e-01,9.184347392292686596e-01,6.378776273410041719e-01,6.521566550663711048e-01,6.905909261358255113e-01,8.278923140347353993e-01,6.005389236744916870e-01,5.114374573196975859e-01,5.636227460619562812e-01,5.718896929753534142e-01,7.634048887438183995e-01,6.207560541536982779e-01,5.114365984839315260e-01,3.131852530157123171e-01,7.283709756537856128e-01,6.050294769472197576e-01,8.422843173283474094e-01,6.215189378836678546e-01,6.668209705558907352e-01,6.434981144780640427e-01,4.144946574682112361e-01,7.390738475313343159e-01,9.989600820005496429e-01,5.813237864950345779e-01,4.368417114475717788e-01,2.745579256755570352e-02,2.267083079251913103e-01,2.491160041908504763e-01,2.473317756730887829e-01,5.247038428912761399e-01,6.497198695442232275e-01,4.199201550715883080e-01,3.297645021737806159e-01,3.303472876388385132e-02,4.268337259636714731e-01,6.465964402055829341e-01,3.665474555088228392e-01,6.274190434016417850e-01
5.545749902268568565e-01,7.739003852668033812e-01,2.272023192275780534e-01,5.846028581640874133e-01,9.286948947716109348e-01,5.378986261760080323e-01,1.970687204722435526e-01,8.666941531586072056e-01,5.567422082645948622e-01,5.748918392093752550e-01,7.990581247454251468e-01,3.512105330505028711e-01,2.102226330854105041e-01,0.000000000000000000e+00,4.409464987265048208e-01,3.389035883557576234e-01,7.507986731223627030e-01,5.315180925161869796e-01,9.341973008752807450e-01,7.310377532473845141e-01,2.198813171949244860e-01,8.959484643724875408e-01,5.471224703329627959e-01,8.622902706050588062e-01,7.990928612271479548e-01,5.419909349343541294e-01,6.886692395421158963e-01,5.067367816637972089e-01,4.426725053835728896e-01,5.111019426027330059e-01,2.164186554446380362e-01,6.707590052499867728e-02,6.084500635432655846e-01,1.107544315456920891e-02,7.043763038583821245e-01,4.352140078925300637e-01,5.074378556503411630e-01,5.009897803489097301e-01,4.306536892462702881e-01,5.550861844612122731e-01,2.278561949387437613e-01,8.328635514917347438e-01,9.218523826786904074e-01,8.051811584759978047e-01,7.825581383956092818e-01,9.358050092530421082e-01,6.513275561572577921e-01,6.138563300124340039e-01,8.354897564293843892e-01,8.142593441247314434e-01,2.188429795795400479e-01,9.371833203689372560e-01,8.509946300261936880e-01,6.471085765067846607e-01,6.238076558569817243e-01,8.478609760127819861e-01,4.901434576250325859e-01,9.499772872885403618e-01,6.014308171361103517e-01,5.107629646922341449e-01,5.167108250942611392e-01,8.784568574435278610e-01,7.301216043230001063e-01,7.386933239612953894e-01,7.921090307666813768e-01,5.373779253739949802e-01,3.686313972719571508e-01,5.713627077976317636e-01,3.352210480217825417e-01,8.765458583636506207e-01,7.923448802823281900e-01,6.659849478561437053e-01,7.025138427347130676e-01,5.666696215983646479e-01,5.271086132796483081e-01,5.473628637971130750e-01,6.172354090826689399e-01,6.493924356402571707e-01,6.477384224803648394e-01,7.788365429994396072e-01,7.092528015876985448e-01,9.885015227297739848e-01,5.017635307530848854e-01,5.437391771881131541e-01,4.934645125680623967e-01
9.067244893292715213e-01,2.474089593860860359e-01,7.889173799167994439e-01,5.508215553627795469e-01,3.020673654394778196e-01,5.562140857629906954e-01,3.904146473742307055e-01,6.596486478766830919e-01,3.233406281561388984e-01,6.990398477200571170e-01,2.907267252869091267e-01,4.204779772099039303e-01,4.609877504419443439e-01,4.409464987265048208e-01,0.000000000000000000e+00,4.275385972348705321e-01,9.613131998767086017e-01,6.750294206473039793e-01,6.899248696632461764e-01,8.095294849799090642e-01,8.053836335683899339e-01,7.463151594387944510e-01,7.990184693431958696e-01,9.923927882783556420e-01,3.474965570547338123e-01,6.097772753655043010e-01,6.269583505463159900e-01,4.326340759984038664e-01,2.280359023071285851e-01,5.338179623662141493e-01,6.547628571491448390e-01,-2.230515599070163058e-01,4.308271783961745149e-01,5.414338752224582274e-01,6.333337482634894267e-01,3.305138910456705270e-01,1.153289909020078358e-01,2.075998494526244964e-01,6.072982015160437452e-01,9.651511743665240894e-01,6.254068933690682952e-01,6.112298797015811580e-01,9.870425484200804345e-01,8.110180757422492670e-01,6.646847456527946729e-01,7.048039816274830338e-01,3.564351299488875968e-01,7.373754048203032818e-01,6.989043999950946828e-01,2.773912585099355677e-01,3.601023209685339510e-01,7.084977738311869500e-01,9.303063515979895781e-01,7.398901149727672433e-01,3.635007095407636335e-01,7.901418933969619474e-01,9.710005135200772131e-01,7.156153313950612549e-02,4.378318630570283698e-01,5.906915646810751985e-01,4.665764948453499095e-01,5.377166446054575388e-01,9.596076869920675545e-01,-1.531127716055205867e-01,9.429082522626409668e-01,7.305388974724540407e-01,5.729517221828654971e-01,6.312445409538254282e-01,2.392691837717892678e-01,6.523928432576893144e-01,6.359946461039500676e-01,6.934792271155492127e-01,1.500800930161294610e-03,8.029101154614276536e-02,1.764733991563684490e-01,4.554993446806955282e-01,7.745103164370568116e-01,6.544558718982319556e-01,1.773799597729654731e-01,3.722047279336797021e-01,5.346318943098656851e-01,6.842918078021635875e-01,6.951156257666298854e-01,2.533529522654672794e-01,5.354405432653535080e-01
7.673726763636622428e-01,6.401048932347763731e-02,6.823284328667821308e-01,3.114546618592128335e-01,7.166134469963117981e-01,4.699641667442611137e-01,6.814975894839416792e-01,6.004736648816714206e-01,9.021794889533005790e-01,1.227359305384610466e-01,4.306166030491471730e-01,5.113617929722096278e-01,7.085599102520859782e-01,3.389035883557576234e-01,4.275385972348705321e-01,0.000000000000000000e+00,9.529319287948263550e-01,7.917719480822710265e-01,3.797960779339532023e-01,8.181097658999415545e-01,8.120531886137459798e-01,7.229839056902354066e-01,9.270003531986049650e-01,9.200545340293454499e-01,4.486797849240096725e-01,6.580586755597892523e-01,6.577635269145107877e-01,8.231499727077139505e-01,2.700986634563815603e-01,3.407376660153837999e-01,1.236190355497663457e-01,4.568206532179244217e-01,8.268771800286122131e-01,5.855215601333849662e-01,7.917473468439704121e-01,6.060663559261660893e-01,6.300142529204048047e-01,4.666411568285108169e-01,5.994300316998184552e-01,5.340094847565930447e-01,6.860966398517024389e-01,3.266915056128045780e-01,7.622820940962145020e-01,5.494298584863067658e-01,7.396349695158291881e-01,8.770490537774371376e-01,7.181311801059309108e-01,6.890812128259171665e-01,6.131013298117022892e-01,5.833177533605545806e-01,2.027050421841464223e-01,3.554873502095490245e-01,4.873351637492158717e-01,5.733970908024482727e-01,7.244854713490606057e-01,9.506723651524571217e-01,3.225605491090088872e-01,5.447342963860513088e-01,6.003109925486316278e-01,1.860259868219553761e-02,7.986577940620449567e-01,4.713426891407206387e-01,8.919102220865893216e-01,8.976137745917388555e-01,6.054255897234642747e-01,5.511179780571422437e-01,9.226486816191431517e-01,9.260925984941321687e-01,4.134118843329616100e-01,3.834920084510751725e-01,6.274317230993796679e-01,5.921815461976234207e-01,6.314703635912336521e-01,3.357096447485264368e-01,2.714844843694484977e-01,8.670642459351549647e-01,5.978482267343694367e-01,6.164378943549012613e-01,4.936283534988402111e-01,5.980911480813106973e-01,4.885241014220469968e-01,8.931309853201706561e-01,9.790367648480202689e-01,5.881275326624872957e-01,1.204526512755772771e-01
7.124021933649343774e-01,9.635221453182394313e-01,6.907174777874686145e-01,5.055723004625904959e-01,8.757379552155224456e-01,7.677572228469689009e-01,5.426700718710504301e-01,8.980214509654408372e-01,2.449487314562392160e-01,2.961360849497436942e-01,7.557923247652941212e-01,9.412397826155709524e-01,8.477979751016844201e-01,7.507986731223627030e-01,9.613131998767086017e-01,9.529319287948263550e-01,0.000000000000000000e+00,4.338684960400735480e-01,8.578718590783863673e-01,7.132345169415601482e-01,9.515507664826915457e-01,6.750663691640046427e-01,4.501380287833733895e-01,9.519083574706372897e-01,5.143147289660462418e-01,6.960076063365854271e-01,9.396780126011373691e-01,8.713042555833053759e-01,5.025509273644632735e-01,3.335314692250331836e-01,3.579566174390541589e-01,6.460327016397552358e-01,8.846436449492934839e-01,7.872767061415371082e-01,8.321889243373545852e-01,2.822421545468524195e-01,7.273821597653929577e-03,4.929308837022119416e-01,9.803410363135041106e-01,9.098753939934401958e-01,6.703759838158377393e-01,8.412032756087655105e-01,8.316343327524637896e-01,3.653493793169256820e-01,7.708804461685168086e-01,9.986101132256632873e-01,7.348616760010432403e-01,5.221713569158837887e-01,7.314689866299717291e-01,5.336282262716816049e-01,6.948889636158624983e-01,6.813566736893601483e-01,8.017291815372312724e-01,6.704824597806740005e-01,1.086732639045998872e-01,5.417813081272497833e-01,5.365100701916337700e-01,9.458554083234230747e-01,7.795437011877005551e-01,2.945365818875134156e-01,3.863953402656990221e-02,9.992269994611716610e-01,6.062931733138282597e-01,4.458484084084337606e-01,9.558176552794288572e-01,6.444494511198288755e-01,8.832479929433465493e-01,9.050599200082922735e-01,4.639916331019968698e-01,9.208511740851355043e-03,9.566719897627529168e-01,5.464625335241002357e-01,3.563843152860475816e-01,3.161117784385639728e-01,8.525148156334306782e-01,7.027676615055958864e-01,3.400761126638557341e-01,9.110082674451412954e-01,2.917208715506507399e-01,3.486485788144262910e-01,3.180095182081060234e-01,9.983159412747321104e-01,6.406102325170051071e-01,1.763561403570984010e-01,6.363475655382635487e-01
8.139666525027305921e-01,9.964366259610039078e-01,1.771665450922269014e-01,5.836215454046320694e-01,6.461108888698423591e-01,5.831740769171144256e-01,4.654268782586337139e-01,4.131965939785801067e-01,6.503172359541261605e-01,8.963923146251859819e-01,4.110866882021506075e-01,4.936624861851326984e-01,9.104657076282545169e-01,5.315180925161869796e-01,6.750294206473039793e-01,7.917719480822710265e-01,4.338684960400735480e-01,0.000000000000000000e+00,6.970438538240448789e-01,8.433047251447576276e-01,4.295754661101049976e-01,9.636640518659945753e-01,8.593010967942585898e-01,7.266094629867917432e-01,2.412829971465929868e-01,2.956680200488068788e-01,9.563781275105325275e-01,1.881323317563404485e-01,3.477057969426279316e-01,4.450211254314854759e-01,5.249108748999253837e-01,4.611635501616405119e-01,7.442323518022260220e-01,2.096479345983671139e-01,5.672999715275979238e-01,5.151820700749956128e-01,5.226307907809818465e-01,1.901043954912923772e-01,7.531967573576776598e-01,-7.278765430196165731e-02,1.543961223686143303e-01,5.356452359606436175e-01,9.259950802196618147e-01,7.400630706510893386e-01,4.020132449711838474e-01,8.654901718632896923e-01,9.643958599478650306e-01,4.687504820061800803e-01,3.416736658336076982e-01,5.659117420089752049e-01,7.173539391082286443e-01,6.050698683153267199e-01,6.379525392111842219e-01,7.490393961473020834e-01,8.652249436470185184e-01,7.563137519331392111e-01,6.782456029316885626e-01,9.217869190299595727e-01,9.877544217777181057e-01,4.806063780804933350e-01,2.836407984762193690e-01,6.029064837848094882e-01,6.410142457341354572e-01,6.735009558704064814e-01,7.647525885682624480e-01,8.917009839928140558e-01,5.151925536213147749e-01,3.549556963574027058e-01,5.306839931615916495e-01,5.246568220913310210e-01,9.402211009949256182e-01,5.589496126162236678e-01,2.243674745252871028e-01,4.794516741586376529e-01,3.143485106151475694e-01,7.039738289869194032e-01,7.661949662589890853e-01,7.480814162853223204e-01,2.435153205409646138e-01,-1.930115707184429097e-01,3.352524484536812954e-01,8.417320000936375779e-01,2.570943168859209926e-01,7.354837092301395041e-01,6.720616996236398188e-01
