0.000000000000000000e+00,8.483953971517516068e-01,8.861458832423834142e-01,4.493890654338115742e-01,6.236924720019594304e-01,7.347820667289386432e-01,7.060506555358417868e-01,4.168744044077978272e-01,9.497386815302529817e-01,5.236542859905005676e-01,8.394775694277105682e-01,7.100753796116245908e-01,7.898683550644965967e-01,5.673687612543378833e-01,4.108945770010755671e-01,4.722845778804894978e-01,7.513706450776499457e-01,7.403827274149177295e-01,6.936101008695274572e-01,3.880527644053459735e-01,7.183718787839862285e-01,9.177695252646923540e-01,5.601835137014370414e-01,8.771791530589316821e-01,7.772881311707905416e-01,7.901877398347447734e-01,9.278751166716662224e-01,9.415764013981329228e-01,3.882385108019325015e-01,2.428163356677649765e-01,3.826632210397933331e-01,9.780544726706399405e-01,7.651972520342458228e-01,8.746437925956724868e-01,6.363513520380003063e-01,6.094717373968151497e-01,2.217277990051462200e-01,6.870696445824602261e-01,8.452978166935852800e-01,8.084826248767103263e-02,3.509913712632011240e-01,-1.580972747417615232e-01,9.537152482599009495e-01,9.267029089951771548e-01,5.209820809315908186e-01,8.474681351500371607e-01,4.203144143582712711e-01,7.963118439931222703e-01,7.607874660126244803e-01,3.370573637248864829e-01,7.740832078147277251e-01,7.392497592023115072e-01,3.088090364153603939e-01,4.283311125231167305e-01,3.447729127192895593e-01,6.663140897212274094e-01,4.820152507025313171e-01,6.264229777652928766e-01,9.678630093786714239e-01,4.516226265809668572e-01,4.102655350851441840e-01,7.128079061322745158e-01,7.713872730228266139e-01,9.573346864059464334e-01,6.412778123894634641e-01,9.452191482662173350e-01,7.953939562993974643e-01,4.474648379374946972e-01,1.649532968084683193e-01,8.034223344514225262e-01,7.101216370367056108e-01,7.143832944685042374e-01,4.552135787191627925e-01,5.315491075982745617e-01,5.062674723665587795e-01,5.527696231474521493e-01,6.297669471412271625e-01,8.338322450625126336e-01,2.090984470263077266e-01,2.242527962716756029e-01,3.429739184980648004e-01,9.717882778873563332e-01,8.714414924628182124e-01,4.660438326913450280e-01,9.629375934804573767e-01
8.483953971517516068e-01,0.000000000000000000e+00,5.788738898660215071e-01,9.539321537811839002e-01,7.438870654534232019e-01,9.194994907011783125e-01,3.106097156378538893e-01,3.320063375995683241e-01,6.504035853927455646e-01,9.067260224993903828e-01,7.151686615260756108e-01,9.094768239061835624e-01,5.204045911272774383e-01,7.475137671019346230e-01,6.426239632217375375e-01,6.594577505524581440e-01,7.608910349795757755e-01,6.174347356112757090e-01,4.242345270563415705e-01,4.485880770066388301e-01,2.177207366305531910e-01,3.770610621107746141e-01,1.525998217184122430e-01,4.342833320099155348e-01,2.051633326387001799e-01,5.808831459498431382e-01,8.282848532932041152e-01,1.241720321340554212e-01,5.871852826014279936e-01,2.842227111563620512e-01,5.187886704964232987e-01,4.620964118504160556e-01,7.974935464403112295e-01,9.861512477973158330e-02,4.361314808779604424e-01,3.358554849898436889e-01,2.187439669351522453e-01,5.422067273814642485e-01,8.193795408548294468e-01,8.246071085762177733e-01,6.711805475493127782e-01,9.769147442044033847e-01,8.749333920376757279e-01,7.917084488793009189e-01,7.583396308504998240e-01,9.948538839454814653e-01,7.787846255223705993e-01,3.176545216074471711e-01,5.166894104569554891e-01,4.079123133649331101e-01,7.763817290667560655e-01,7.124194880276628616e-01,4.251804321342068649e-01,4.750412878464431166e-01,4.944635741582323329e-01,8.087346501102513630e-01,2.207902400689621680e-01,6.430094908368071405e-01,7.166084712315735628e-01,2.420100720907061853e-01,5.947537919995438127e-01,4.771883836508791221e-01,7.972653010921759709e-01,8.119508200072256265e-01,8.694059518549996923e-01,5.160545851090823088e-01,4.563274029988023117e-01,7.028472623706339961e-01,4.076497702581117766e-01,3.418982967720782945e-02,6.268183902251022177e-01,3.550340827465860993e-01,1.691906047894287243e-03,5.187894071675271945e-01,1.574916041691676316e-01,7.572230916293098968e-01,7.765047010999188704e-01,2.515437313910887096e-01,2.117320992020415571e-01,4.902656671711743130e-01,1.774551109351847344e-01,6.587714912256681377e-01,7.164641487147620502e-01,4.540018007404135192e-01,4.127674307596543302e-01
8.861458832423834142e-01,5.788738898660215071e-01,0.000000000000000000e+00,5.306169657104234938e-01,1.164375542329749297e-01,2.708030838658704864e-01,6.163950728447373795e-01,2.728445231848364849e-01,8.612766929870769861e-01,8.477383069693098516e-01,5.076338248510912088e-01,9.311469258269492455e-01,6.871708046001204218e-02,6.811338940316300494e-01,5.286664083659851077e-01,6.412921701588222279e-01,6.434391978431778236e-01,9.228557754879391783e-01,6.642173665067195865e-01,9.018792299759946784e-01,7.646068487361539212e-01,9.154557086813036593e-01,2.619940555609524546e-01,6.596507889937403002e-01,9.978381498995868570e-01,6.728276034197062661e-01,5.724014999801333436e-01,8.857900581141826546e-01,4.606806115504447630e-01,6.761453602552257580e-01,3.265534044131890301e-01,8.304022589115241937e-01,2.357211081785573759e-01,6.252659035971810386e-01,6.745507064218655424e-01,2.405477935299436265e-01,1.992644551535707742e-01,7.057093193336744230e-01,9.076763159979758244e-01,8.848786329586505461e-01,4.476622268967715423e-01,9.314898784755409888e-01,7.697444700749863644e-01,3.832353598864232103e-01,7.889125881479639446e-01,9.861168161643393271e-01,2.496467086800537305e-01,7.236756709406358956e-01,6.931567293221392312e-01,6.414965708841008363e-01,6.989236582720625979e-01,8.386351501542441689e-01,5.805060783858797535e-01,7.478704127481057284e-01,9.940760428829872319e-01,6.874986472559810879e-01,8.555251380777739723e-01,7.329369800771458054e-01,4.905674512797866260e-01,5.406018616490617656e-01,6.894445003811693340e-01,6.996881385902696815e-01,9.463051564095846802e-01,8.660996880649196594e-01,7.478129293035522540e-01,6.799473165343705716e-01,8.841052184443548567e-01,8.400588573036247286e-01,9.233573236569819764e-02,7.752709322629970368e-01,8.623260422391397784e-01,7.176049776889837917e-01,5.371485891931833401e-02,2.450433211018429591e-01,8.561797466664222700e-01,8.246101130897202092e-01,9.928041575528123719e-01,4.378729008317491789e-01,2.173003892202918785e-01,2.501620075437460677e-01,7.747394110711000037e-01,5.982868359012762927e-01,9.289921290077146621e-01,8.361308439412314941e-01,9.572647066541368766e-01
4.493890654338115742e-01,9.539321537811839002e-01,5.306169657104234938e-01,0.000000000000000000e+00,7.766609123618013477e-01,6.963172254168998876e-01,9.955427485561152423e-01,6.674850238779589384e-01,7.963069741538246760e-01,8.843190420244181338e-01,8.490589391573684086e-01,8.814042239564058301e-01,6.018938321085253174e-01,9.690648726152087944e-01,6.080761421884431916e-01,9.301203522057376327e-01,7.108892378310434357e-02,4.029312659604034064e-01,2.935485790488897573e-01,4.497166357587027430e-01,6.685283984709172733e-01,7.942092290900250040e-01,4.520730834374627194e-01,3.702640322454554545e-01,3.163396981702537025e-01,7.527461604826930497e-01,4.108795438489440399e-01,5.722991981596219357e-01,5.102604600522789857e-01,3.172014081178756162e-01,5.140165169652082255e-01,4.377218569569019113e-01,5.337629099392444676e-01,7.478821507609797470e-01,5.134423904278543338e-01,1.283824169779411439e-01,4.286029029982918459e-01,7.249356943603724179e-01,7.019806501473099258e-01,6.648763600452231026e-01,2.884057413294620620e-01,6.980690763521876230e-01,5.333906832978823065e-01,6.090222343659751347e-01,7.957055938189010469e-01,4.663527905100413040e-01,6.963364010664773174e-01,5.695496510465525297e-01,4.105201110130146658e-01,4.487271876154753092e-01,9.926590587745406369e-01,6.480769468313155590e-01,7.869250571845480824e-01,4.972785601108036801e-01,6.409313825530741360e-01,6.090375137225788604e-01,6.586032934085929158e-01,8.867039113210198886e-01,6.763684386630960388e-01,4.532184933171156116e-01,5.295017696830451870e-01,9.190048603422656948e-01,3.869417361773127562e-01,8.822056424754267656e-01,8.416121463758728938e-01,4.207549068852499685e-01,9.419421279771371669e-01,9.253940954935505614e-01,7.055688066413428050e-01,7.787114626114000071e-01,6.935978034212161303e-01,8.679836730057657324e-01,2.100913062099256379e-01,8.767343096869284480e-02,5.193317104125679817e-01,9.282598973013563848e-01,5.935384179542235739e-01,7.956486219611664801e-01,4.380855199696424007e-01,9.472135130098838229e-02,3.348289472348746076e-01,9.725468300329984661e-01,5.585451569558469442e-01,4.217261683286439022e-01,4.062250731903157552e-01
6.236924720019594304e-01,7.438870654534232019e-01,1.164375542329749297e-01,7.766609123618013477e-01,0.000000000000000000e+00,4.252323174325025046e-01,5.579592174080288958e-01,8.295334142326514781e-01,3.240382616094192314e-01,7.832014244193796770e-01,6.432824912767000081e-01,2.006726484977374159e-01,7.797137913344279747e-01,7.172144955413541911e-01,3.088208591940452274e-01,6.973243687147067105e-01,6.972002205853811141e-01,2.841144638748163351e-02,7.079548564680321343e-01,9.571210765153158606e-01,2.257499671670035180e-01,4.740478652519562464e-01,7.378230681383121103e-01,6.868564491657900284e-01,2.884062449272350448e-01,7.744015036378386618e-01,5.899732828378265737e-01,6.021598631841632576e-01,2.738358123019710710e-01,3.566229037918687284e-01,2.612308577737439963e-01,4.924423807254688090e-01,7.682500504650269235e-01,5.299070984487964653e-01,7.450309710600226953e-01,2.702311874806567205e-01,1.916189713190905308e-01,5.610223895354053969e-01,4.050663875082810561e-01,7.996072101419580136e-01,3.063605872930943996e-01,5.586635270172493062e-01,8.127748220995163475e-01,7.540837600483688563e-01,8.333526175702823391e-01,2.561945923223008514e-01,2.869152273841290013e-01,9.501527233659179394e-01,2.202805871498168810e-01,3.687012924886938769e-01,5.916128432519802693e-01,-1.173370921328434208e-01,8.332919268499131560e-01,6.742482750143246051e-01,2.196321899475147388e-01,5.847475855104973252e-01,5.384345517005469928e-01,5.745055962797009919e-01,5.206676264512571928e-01,5.583570805747134491e-01,6.385905852691321494e-01,6.795925278742308562e-01,8.370254523171121175e-01,8.933713114029349089e-01,6.014721020679129060e-01,7.005027110624243436e-01,9.687888181346819838e-01,9.839045062168437772e-01,5.756311441588141120e-01,5.580552746872124992e-01,9.092680699647184284e-01,7.354400076328128089e-01,2.841844927571554047e-01,5.720345346503086237e-02,5.708332156053588236e-01,6.649303316183640122e-01,7.152254912028468414e-01,5.762971355534084461e-01,5.647251776197106388e-01,4.011937308183047834e-01,3.959037144122004026e-01,8.401848820688631037e-01,7.014386740624909411e-01,4.221130979670749128e-01,7.332960323913692013e-01
7.347820667289386432e-01,9.194994907011783125e-01,2.708030838658704864e-01,6.963172254168998876e-01,4.252323174325025046e-01,0.000000000000000000e+00,5.745950964775479175e-01,5.023813703286229559e-01,4.235172486034619599e-01,6.774593756624063268e-01,7.860765415533200740e-01,4.034950253920552843e-01,7.777262542638465614e-01,7.552967609425614848e-01,6.002947444178979158e-02,8.843164820485953648e-01,7.541959237490624135e-01,6.227949640592843616e-01,4.041978461909525588e-01,6.154833636473163727e-01,8.433124841358712320e-01,3.713903376092969610e-01,9.975760030416870316e-01,9.670522845647568921e-01,3.676096420518876196e-01,7.211705178713228026e-01,6.991738583499550463e-01,1.051845217910481606e-01,4.668255997993346895e-01,2.505255677439383599e-01,8.267212346991135996e-02,9.070045707742347973e-01,7.754913476312246257e-01,5.191392317488439101e-01,6.639644245502877851e-02,7.021802165806335649e-01,4.156067274306164960e-01,3.216885995253064845e-01,8.840055667284614227e-01,6.252247708037157459e-01,2.209387135455666840e-01,4.137959907113512026e-01,8.106337801199472448e-01,7.806227650014526676e-01,6.700714686597781800e-01,6.802640600529497039e-01,5.359772855731554930e-01,5.691373991431304402e-01,7.124927263983112935e-01,5.547377840722711451e-01,8.137795763464259480e-01,4.836719319705759523e-01,6.625791335594679587e-01,4.307558993530223868e-01,9.882836062080311290e-01,3.807650919822022084e-01,7.273671436793268663e-01,5.613787385630601978e-01,7.185082099482243967e-01,4.094475485786528979e-01,2.108891677646197449e-01,6.593137695864839110e-01,7.250639090109418650e-01,2.661961352609833464e-01,6.057640273483838600e-01,5.906462041563795839e-01,8.941908860161167372e-01,7.420734899873653312e-01,4.883197036945651770e-01,4.100403074285721150e-01,7.265955456898338660e-01,5.977215571092350244e-01,1.665793392996765543e-01,7.993980706153589466e-01,5.546637893214680926e-01,3.190804816625990581e-01,2.462417004999470638e-01,2.853813494348658164e-01,8.143274604670947686e-03,4.057706367530359848e-01,6.603878438382009275e-01,7.191356491752700641e-01,6.137721116134607913e-01,7.006640848136802546e-01,9.885407272682986690e-01
7.060506555358417868e-01,3.106097156378538893e-01,6.163950728447373795e-01,9.955427485561152423e-01,5.579592174080288958e-01,5.745950964775479175e-01,0.000000000000000000e+00,5.343022280303382221e-01,2.656804447770099165e-01,5.865853196179167117e-01,6.623760480176785759e-01,4.415098168303606685e-01,5.669283419354221865e-01,5.242437571941769292e-01,5.637193205372491578e-01,4.033570426819236276e-01,2.112047270335642435e-01,2.456811076410024275e-01,6.290866897962472670e-01,8.329724117075778533e-01,9.573000839030956222e-01,3.930298768667036535e-01,5.120268290044056592e-01,8.726266585715310997e-01,6.543986516250404062e-01,4.612669707481534820e-01,6.726931344459847750e-01,5.900440226080867490e-01,7.684257148206297128e-01,4.790278042065015951e-01,4.006722266209301053e-01,5.562397745288355511e-01,4.772220773806770122e-01,7.023178536693549523e-01,3.814214627864491725e-01,4.521919273269145445e-01,3.251241928912294160e-02,2.380024593392670584e-01,3.613829713535550159e-01,6.757169623369936318e-01,3.728944285979174933e-01,7.720719975908584276e-01,9.256453264206239151e-01,4.864452202071489206e-01,9.265264316586361293e-01,4.702541302138990575e-01,-3.875333848405707049e-02,5.126298699706487438e-01,3.503506823862659880e-01,2.408430695452204451e-01,5.213429401908507010e-01,5.975876347159100321e-01,6.874522549272563676e-01,5.857439576731136022e-01,7.302273352013484153e-01,7.028316353324166599e-01,2.951505031579205185e-01,5.835744164871130568e-01,5.602186795263432995e-01,4.799506587232715837e-02,4.585143721827865670e-01,5.114030244437149930e-01,2.805471121321047590e-01,8.457537665924669268e-01,9.819068467365454911e-01,2.268454995785596229e-01,4.756315548728939913e-01,7.432323523458719272e-01,4.362074477522448479e-01,5.114219983724785923e-01,2.479855854281745597e-01,4.625122073075065843e-01,3.009052960437556545e-01,1.879060760170324640e-01,5.338549046117128105e-01,5.392262732619774734e-01,4.108601784060856854e-01,4.407698386774160926e-01,3.191955043745928200e-01,6.533052265380490109e-02,2.375462008424151228e-01,8.431512494946075131e-01,5.714290566601117893e-01,2.340079683152973544e-01,3.273330806593993669e-01
4.168744044077978272e-01,3.320063375995683241e-01,2.728445231848364849e-01,6.674850238779589384e-01,8.295334142326514781e-01,5.023813703286229559e-01,5.343022280303382221e-01,0.000000000000000000e+00,4.633662664097537576e-01,7.494236707051729063e-01,5.355052382285024892e-01,7.289557980051779573e-01,4.365581780570611525e-01,4.414466698066717987e-01,4.515208142850251072e-01,7.380725618449978098e-01,9.113606904197658620e-01,7.654178890073753960e-01,3.261305563336509561e-01,5.171509969570134979e-01,9.636107443914213588e-01,5.870176137651982318e-01,7.066808376070347064e-01,6.439877641650972873e-01,7.539324255976800337e-01,3.419572138239543868e-01,4.983586535341474888e-01,2.875302947758112682e-01,4.438351253997750989e-01,4.178681931716703435e-01,-3.336268455338228800e-02,4.437225831174685386e-01,5.341693968138134796e-01,7.478770918701884707e-01,8.948221310735438028e-02,4.968558868227843650e-01,8.361174162635464854e-03,2.880549600914054098e-01,2.881425288747035962e-01,2.666865416682684953e-01,4.068339324849790106e-01,6.682789986363464330e-01,8.989102227005910661e-01,5.588414136533917942e-01,6.545744194740366062e-01,5.354030052655122107e-01,7.484307053408334465e-01,2.039276284418049812e-01,6.471623519566949145e-01,4.483160877258274835e-01,9.421343923250997954e-02,3.827403467730996489e-01,3.025171651577363008e-02,6.331725755248793774e-01,6.432511987076814375e-01,5.232469888714064155e-01,5.750035795591634802e-01,4.443669002184963968e-01,3.205604325570782231e-01,1.179023456129340008e-01,6.951344593672326155e-01,6.906687757505225456e-01,7.626013696449437385e-01,6.980983362843488083e-01,9.210287296249229927e-01,6.326793047912159240e-01,9.891537770857274925e-01,8.605354248876895262e-01,5.458558616199550295e-01,2.329373551432005474e-01,4.555738947881549095e-01,5.047075300117671581e-01,3.215838732072715533e-01,2.283184913818788742e-01,2.600576454119264413e-01,4.470071817876429265e-01,7.584357246237160011e-01,4.757063161335720602e-01,2.872437958551415926e-01,5.831654540792532426e-01,2.373386681638527118e-01,4.632296870803945810e-01,5.580732809390076543e-01,2.136113167821685199e-01,6.271919411943027711e-01
9.497386815302529817e-01,6.504035853927455646e-01,8.612766929870769861e-01,7.963069741538246760e-01,3.240382616094192314e-01,4.235172486034619599e-01,2.656804447770099165e-01,4.633662664097537576e-01,0.000000000000000000e+00,5.989295963656858790e-01,8.358122524368294393e-01,4.847117509479791364e-01,5.855821614936285169e-01,9.070332239553119402e-01,3.348246446420977684e-01,4.212513459321467479e-01,6.479715024332921569e-01,5.038158904683650574e-01,2.858443451202036245e-01,8.380716875239720975e-01,8.448703607332596066e-01,6.897683543546857532e-01,1.077106445575807536e-01,7.834285852978964959e-01,6.253769208773890531e-01,4.649817307806678457e-01,9.398114815057321270e-01,5.671168698965238786e-01,3.684079761483346482e-01,2.490448430216333220e-01,5.058490433457403235e-01,6.138075687693690385e-01,6.705305922939505114e-01,6.654393941551975944e-01,1.106752216250034837e-01,3.258000726601240071e-01,3.433958427126688195e-01,8.739886134643132243e-01,6.571686116253337984e-01,7.848149757513861458e-01,4.458572867864945000e-01,3.903871563235385977e-01,5.105379661607295505e-01,6.531982039960798625e-01,6.210920371219126324e-01,5.595576835076940814e-01,5.668247829964915274e-01,7.710239429640419750e-01,5.963723321456010362e-01,9.196670394418675620e-01,7.467825045009325313e-01,2.060871092405176797e-01,7.848853422407386926e-01,5.596662556304133895e-01,3.558983067739184269e-01,7.095723318853537354e-01,6.549079559823528518e-01,6.965234310977614918e-01,4.931477087564091755e-01,4.042777557395563770e-01,2.674313541122184112e-01,9.243777097857289737e-01,7.963673717483679138e-01,6.702182049344542758e-01,5.417120127639998284e-01,4.660393479874940237e-01,9.299732596503541560e-01,8.852211001930908596e-01,4.728721533274732325e-01,7.154339530417662685e-01,9.079263792261121901e-01,5.556468546673115627e-01,4.850316950599502519e-01,5.481194832250853022e-01,7.883841662523726201e-01,6.010037574769899749e-01,5.104947671467663373e-01,7.760617102336998530e-01,3.487617515615596409e-01,5.372794108787835032e-01,2.782915719772446339e-01,5.693932073711205355e-01,8.005769759397821650e-01,4.373799336119794101e-01,5.988528106394792605e-01
5.236542859905005676e-01,9.067260224993903828e-01,8.477383069693098516e-01,8.843190420244181338e-01,7.832014244193796770e-01,6.774593756624063268e-01,5.865853196179167117e-01,7.494236707051729063e-01,5.989295963656858790e-01,0.000000000000000000e+00,6.547778222711287954e-01,7.330843468957655151e-01,6.334473623928971175e-01,6.744271233865405391e-01,5.927822303983487640e-01,9.747570609422878674e-01,2.188547800085381967e-01,2.631731648228099463e-01,5.657236489415882197e-01,4.841960782532624963e-01,8.223794732313010059e-01,4.959602773213307447e-01,7.456494971636378200e-01,9.588931800378888148e-01,2.723484437351475496e-01,6.449539000347424000e-01,9.388295379012497888e-01,9.618143109516549272e-01,9.645570255111725055e-01,3.304029463662537802e-01,2.653602213891625983e-02,7.508594851007616144e-01,7.074660769697469487e-01,6.424402684199407298e-01,2.892318482926752310e-01,5.646063754953528635e-01,3.106212493633129235e-01,4.097869704485392894e-01,9.157393996195417607e-01,3.185344241453015868e-01,2.631234449290957289e-01,6.610523548214976008e-01,6.250917192441968195e-01,9.421852885254041743e-01,7.138976773052805314e-01,6.425465951775068962e-01,8.658975319273514160e-01,6.510140701944424624e-01,4.783127506202273782e-01,6.917716912142672925e-01,7.254751483940712342e-01,6.611769765848513059e-01,7.128700451263441096e-01,5.347231724201744196e-01,5.680246158909927345e-01,2.275047821621217214e-01,4.678956449054983979e-01,5.957182946334553808e-01,9.103352130751768412e-01,4.934627072123221048e-01,2.640876799950848675e-01,4.101827021399102602e-01,7.742748358505756601e-01,6.589207898173465860e-01,9.104986094092250015e-01,7.163439976363188411e-01,6.186180793609138417e-01,7.529589713158232334e-01,8.789806479011159634e-01,3.786205063027026259e-03,4.861959796393326427e-01,7.369204832855202891e-01,3.206037344197393280e-01,4.791387566361875461e-01,2.093264420043564056e-01,9.609173531622228204e-02,1.877478046192497807e-01,2.626015897794856668e-01,6.515221210862875978e-01,4.582884875231811872e-01,4.711976180724559704e-01,8.342147652340401454e-01,5.924937051134946536e-02,5.172464004278736621e-02,5.571399623182737848e-01
8.394775694277105682e-01,7.151686615260756108e-01,5.076338248510912088e-01,8.490589391573684086e-01,6.432824912767000081e-01,7.860765415533200740e-01,6.623760480176785759e-01,5.355052382285024892e-01,8.358122524368294393e-01,6.547778222711287954e-01,0.000000000000000000e+00,9.554437780141238346e-01,6.118720887429518474e-01,6.483099170060080407e-01,5.352199406368143286e-01,7.281020707298702099e-01,1.038066032469209532e-01,9.862658697044245359e-01,7.419063000826907617e-01,6.689403375778203431e-01,8.802717844288155957e-01,2.742634469142892217e-01,6.344451230048815393e-01,9.469403161084016807e-01,2.405400550377090052e-01,4.704615617162510866e-01,7.667521567936965710e-01,3.363117712624926758e-01,1.345852517430311257e-01,3.414670580629355356e-01,2.515326832478290142e-01,4.291171647523802646e-01,2.450196359702498383e-01,4.721788601905605454e-01,5.352746358729346676e-01,4.474068828387625651e-01,2.343255655879358801e-01,2.295010445590960069e-01,6.289058498791029184e-01,5.763092107970184674e-01,5.193063455856963273e-01,2.091883251094847906e-01,1.367851890616604560e-01,7.030497473267929287e-01,9.550305742985665258e-01,4.524731182987651867e-01,8.176768853738263232e-01,7.247003741097657326e-01,2.552056365325610088e-01,4.762869241463240644e-01,5.623409842239219802e-01,7.477740750532473335e-01,7.518534938063365924e-01,9.878167387438978597e-01,9.588757866027382004e-01,9.548105302817631035e-01,3.841537206623756306e-01,2.955885654634201609e-01,5.908447132222538478e-01,3.717997742223055901e-01,2.224086398723634228e-01,6.438648399497917119e-01,5.234110903265551951e-01,8.281837022003251114e-01,9.865609613351065121e-01,4.132121145294641584e-01,3.110676929156679371e-01,8.504035388725720290e-01,6.582556619202544201e-01,8.877674692460192363e-01,6.263306183384377279e-01,7.331665412025395456e-01,4.458037281564633525e-01,1.904584887005960625e-01,2.188725908415351251e-01,9.392520592614173047e-01,7.885173916141785533e-01,4.959807267983061263e-01,3.229141938465053263e-01,7.053476846128432787e-02,4.984759660190267172e-01,5.834902713694862797e-01,8.503984741172773143e-01,2.339779955686832891e-01,9.023381460894029926e-01
7.100753796116245908e-01,9.094768239061835624e-01,9.311469258269492455e-01,8.814042239564058301e-01,2.006726484977374159e-01,4.034950253920552843e-01,4.415098168303606685e-01,7.289557980051779573e-01,4.847117509479791364e-01,7.330843468957655151e-01,9.554437780141238346e-01,0.000000000000000000e+00,8.753993555472540100e-01,4.420084349559308401e-01,7.541774754599055441e-01,3.493766966951985520e-01,9.614863474116863706e-01,1.258592353838172972e-01,6.021865992752531982e-01,8.026245410297506711e-01,7.889724563633437882e-01,3.129434114154152624e-01,7.175951225572281267e-01,8.584681621626744086e-01,3.008911202791689776e-01,6.315765304813359959e-01,8.458859256643994629e-01,9.289391678572900268e-01,6.793597812638075828e-01,5.695947748071077399e-01,4.803797113944861114e-02,3.612766324309087951e-01,9.789775208696813724e-01,6.282982174139378762e-01,7.226649775325008074e-01,9.676601876248594469e-02,7.354473034050678093e-01,3.493265478770818389e-01,9.683039545795926184e-01,7.285571948509133033e-01,4.918341639657105580e-01,7.089832805093537749e-01,9.751596551153506320e-01,-1.266683502173082398e-01,9.918586043664490148e-01,9.826592056535705666e-01,6.654158331114949920e-01,8.167021692630409557e-01,3.710611012958628940e-01,7.128115499051441706e-01,4.385488427993199378e-01,5.612253062711863860e-01,2.588960145048415859e-02,9.155091769001794111e-02,6.590122254731323181e-01,7.551204812270966293e-01,9.346212646926610468e-01,6.569065910067581893e-01,8.678697523049809792e-01,1.127288268577199271e-01,7.571018991517106667e-01,7.670015218681455194e-01,6.772829835109102081e-01,8.642977867460593933e-01,1.934079164842038290e-01,2.059533407100287150e-01,4.233326753288257915e-01,8.587017763542708071e-01,2.965102249408989032e-01,7.798137931586800464e-01,6.969597624844007244e-01,7.768270450898562274e-01,4.113257744459778986e-01,2.556742431374574576e-01,5.605840602657071736e-01,7.800183881478108816e-01,7.776360219049155420e-01,3.742139575604693791e-01,5.537729332097909296e-01,-8.059476492315602314e-02,7.899740648121098552e-01,4.414471874130875828e-01,3.727008139311603907e-01,4.215306284830070971e-01,8.222347198411008584e-01
7.898683550644965967e-01,5.204045911272774383e-01,6.871708046001204218e-02,6.018938321085253174e-01,7.797137913344279747e-01,7.777262542638465614e-01,5.669283419354221865e-01,4.365581780570611525e-01,5.855821614936285169e-01,6.334473623928971175e-01,6.118720887429518474e-01,8.753993555472540100e-01,0.000000000000000000e+00,7.448412461767905945e-01,6.529050857814998610e-01,8.116124001543443267e-01,4.970127141752140876e-01,7.290378747976339335e-01,7.147368191394608550e-01,3.682644052792843348e-01,7.787519119732988493e-01,6.412697640083909745e-01,8.590878615873553947e-01,4.314755662808102410e-01,3.674349606363432885e-01,1.505352230969017047e-01,7.681456656650603732e-01,8.126008009836226398e-01,5.358679782191189123e-01,7.347239465841870487e-01,3.289141103799779753e-01,6.155950755663675000e-01,7.807425399367784458e-01,9.062640589107967548e-01,8.573122675520433722e-01,2.094887072451118715e-01,5.171481186173747524e-01,8.984933162551078656e-01,2.775653363138994578e-01,4.422782728355085791e-01,4.240236026697220550e-01,6.453112648335617152e-01,6.921941919323010284e-01,6.390743835653788230e-01,9.304463246231797768e-01,5.323357115116024163e-01,5.662086140878830332e-01,2.316186934515025997e-01,3.995662110619538909e-01,5.548159554611451494e-01,9.818102142689676404e-01,4.848202087354823164e-01,9.727896737443800790e-01,2.093934795106208724e-01,8.788534817380685427e-01,7.056389671462069968e-01,8.448973117267519761e-01,3.341543137347808834e-01,4.483697493245839549e-01,2.851628236031203412e-01,5.435551694254201482e-01,7.919478246188643711e-01,7.986361190944861743e-01,8.958139692239491803e-01,4.863640719835894410e-01,7.406129167522004231e-01,9.517373314379035110e-01,6.148078616223577875e-01,3.733323238612100692e-01,9.621355779819034115e-01,8.721617027847681225e-01,7.397793025572507730e-01,3.085446778294775871e-02,2.084471292172711265e-01,4.681025927718162061e-01,9.285067038329941624e-01,5.994809744849773914e-01,6.514107223043730244e-01,7.098341805537395910e-01,8.892659535227109835e-02,4.485141768010236785e-01,9.347043806610746408e-01,9.661844265773447127e-01,6.612259348190110964e-02,6.236074720737615484e-01
5.673687612543378833e-01,7.475137671019346230e-01,6.811338940316300494e-01,9.690648726152087944e-01,7.172144955413541911e-01,7.552967609425614848e-01,5.242437571941769292e-01,4.414466698066717987e-01,9.070332239553119402e-01,6.744271233865405391e-01,6.483099170060080407e-01,4.420084349559308401e-01,7.448412461767905945e-01,0.000000000000000000e+00,8.069743160781699398e-01,5.158869000309866948e-01,7.653516673860933928e-01,9.573966719309185969e-01,9.690625363256775149e-01,9.318004253397936809e-01,4.767341913204886650e-01,4.578603017931044961e-01,7.234601927267708676e-01,5.281944878644624364e-01,5.152150546128253517e-01,7.961058600804311602e-01,8.976732771052126081e-01,9.552746622164483004e-01,5.282838964251612701e-01,2.885570939141716140e-01,1.882204453529235655e-01,7.820836521843804734e-01,6.532576863256253086e-01,5.933378063991059381e-01,7.786868056800708704e-01,7.346113063513792785e-01,-1.801552532483669256e-01,4.749180013452798943e-01,7.321768449788637056e-01,9.940037153043459472e-01,6.304350103527162075e-01,6.349239481973510957e-01,5.247169182368798257e-01,5.016479881628740367e-01,9.110731461264344189e-01,3.579865186134590926e-01,5.242152107096273994e-01,5.536278186968069948e-01,7.622005159774717375e-01,6.478487183647521075e-01,8.112051131125462833e-01,4.097349931037210791e-01,7.153827177587909203e-01,8.586791655428748227e-01,5.719724151133478429e-01,9.180982499500406346e-01,8.851745040254903607e-01,9.640052658903117688e-01,7.836488581305691703e-01,7.169595345374867312e-01,4.660702920342439937e-01,8.376721781138483092e-01,4.682005310207248971e-01,7.822370052209627334e-01,9.173548730500429293e-01,8.899216971201330262e-01,7.440586115911231868e-01,4.456249532570209504e-01,6.966288451126965153e-01,7.276932674067378981e-01,6.468694030265370598e-01,4.630102669945026506e-01,2.641737006831644807e-01,7.915480898546500832e-01,5.250344117223614271e-01,6.228421078615939965e-01,4.447560339727974488e-01,7.491020625731044102e-01,6.591829225054965935e-01,4.044459673754847995e-02,8.170204510585078461e-01,9.721140750144204867e-01,7.017072223050228041e-01,7.005585308953365953e-01,4.125892972830009220e-01
4.108945770010755671e-01,6.426239632217375375e-01,5.286664083659851077e-01,6.080761421884431916e-01,3.088208591940452274e-01,6.002947444178979158e-02,5.637193205372491578e-01,4.515208142850251072e-01,3.348246446420977684e-01,5.927822303983487640e-01,5.352199406368143286e-01,7.541774754599055441e-01,6.529050857814998610e-01,8.069743160781699398e-01,0.000000000000000000e+00,7.267641123300453421e-01,7.059734030619979617e-01,6.055916387772070086e-01,5.381086731360408271e-01,8.610324690846110629e-01,7.550191527713204787e-01,5.080236393282938634e-01,6.518171088512958455e-01,8.290223881126821404e-01,5.222258094352021374e-01,2.244627851694039333e-01,2.751176737378876469e-01,5.538157620050019325e-01,1.896898646212664130e-01,1.191938055032936011e-01,2.751721430888218745e-01,7.715948684263552321e-03,7.443431915474763017e-01,4.681545563140721011e-01,3.661057763576259783e-01,4.965928484748244887e-01,1.583344803360788589e-01,7.869360913288478976e-01,7.522919087539823302e-01,6.039022498223085567e-01,1.845150223629880293e-01,6.401601464022736998e-01,7.023494676177826079e-01,2.811828622675334177e-01,9.162374600527716240e-01,7.387820689388074902e-01,5.175739924334488151e-01,7.824348618490837293e-01,4.056552296336530805e-01,5.821268311666838446e-01,7.776090410098444039e-01,7.991803534217395422e-01,4.080597511208914341e-01,5.234543305696671700e-01,6.067046886064446642e-01,7.092601081540418351e-01,7.207561091078851234e-01,8.897524505739260459e-01,9.509420464497407854e-01,6.404068787364599613e-01,3.065808011518472709e-01,4.327943881456071118e-01,7.387412063939784446e-01,8.788899809119119499e-01,4.290133762173490295e-01,6.919005155956615694e-01,5.089956174201227812e-01,5.497640033571239426e-01,4.685389254313542251e-01,2.445601176869412752e-01,7.210304386578391123e-01,6.221396565606629459e-01,6.341765519628170811e-01,2.701666726824998310e-01,3.746203355028328019e-01,7.272045182686278642e-01,4.625902187050187075e-01,5.857703814359261907e-01,4.082246344299830243e-01,5.386667129854130209e-01,-2.270268416732268424e-02,5.936474173808443666e-01,5.058019567327932675e-01,4.787136998022979428e-01,4.508577265367824105e-01
4.722845778804894978e-01,6.594577505524581440e-01,6.412921701588222279e-01,9.301203522057376327e-01,6.973243687147067105e-01,8.843164820485953648e-01,4.033570426819236276e-01,7.380725618449978098e-01,4.212513459321467479e-01,9.747570609422878674e-01,7.281020707298702099e-01,3.493766966951985520e-01,8.116124001543443267e-01,5.158869000309866948e-01,7.267641123300453421e-01,0.000000000000000000e+00,7.762446895434402805e-01,5.819132955383793382e-01,-6.113196960049319117e-02,4.585207786463750268e-01,6.507429090026242147e-01,4.739640454154556704e-01,8.628640975968512317e-01,6.324257422580434884e-01,1.255151937370102277e-01,4.463641708130864916e-01,7.956979026608699268e-01,4.690636696451808141e-01,3.059541094512761017e-01,2.286023774975308454e-01,5.817745825461324571e-01,3.366561617504990056e-01,8.578023651803712291e-01,8.735843687309613470e-01,4.676261624064856903e-01,4.124086437651706682e-01,7.049480950392456036e-01,4.271827764123966586e-01,7.994768047944714739e-01,8.374001092554609338e-01,1.881065444137883791e-01,4.750247384510573601e-01,6.629650140604661512e-01,6.777102955339014967e-01,7.658822724207381416e-01,7.921321454616140345e-01,5.569008856327473111e-01,3.395471325578985899e-01,6.628410922279975859e-01,5.442590068470145592e-01,2.440222245465729634e-01,7.823760350457319435e-01,3.930627477466023256e-01,4.464809264144791734e-01,7.986055165661898325e-01,7.614960803890640229e-01,4.008070987035270982e-01,4.538456598098843386e-01,6.947410368705014827e-01,3.433282887544547579e-01,3.965238416049670089e-01,5.170301934916768927e-01,2.458930758428033714e-01,7.571980144293067871e-01,7.772696518541081234e-01,1.605130504001714420e-01,7.394675858138733959e-01,6.494661625109837688e-01,4.144333667597442372e-01,1.563630152802890916e-01,7.593401442555961500e-01,8.540792979947215979e-01,7.340072392033726301e-01,6.081930020381661750e-01,1.272300245654935658e-01,3.336670159582008077e-01,5.341942722322218229e-01,7.191926064999641932e-01,2.229200755045492588e-01,2.682403834854336644e-01,7.910701248919616013e-01,3.272105939600880031e-01,6.473619196637195872e-01,5.332285267965793107e-02,1.699548613152646326e-01
7.513706450776499457e-01,7.608910349795757755e-01,6.434391978431778236e-01,7.108892378310434357e-02,6.972002205853811141e-01,7.541959237490624135e-01,2.112047270335642435e-01,9.113606904197658620e-01,6.479715024332921569e-01,2.188547800085381967e-01,1.038066032469209532e-01,9.614863474116863706e-01,4.970127141752140876e-01,7.653516673860933928e-01,7.059734030619979617e-01,7.762446895434402805e-01,0.000000000000000000e+00,7.048459174417630591e-01,7.400760455826074224e-01,4.614457926125173359e-01,7.234888611263501357e-01,6.068173435691355255e-01,4.790208882767446608e-01,1.876731270212738945e-01,6.234030587894739961e-01,4.216944739381848772e-01,9.284917830143248896e-01,8.922349932406319351e-01,5.769202788734616449e-01,5.793311134922072281e-01,2.129755272039098313e-01,6.125393516148084361e-01,3.337204713051628580e-01,5.958904154551226094e-03,7.306480635917997901e-01,3.227135354217949281e-01,-8.297374503896257081e-02,5.741953990319809131e-01,6.847927468614902757e-01,9.927214092021546810e-01,2.394933659853638042e-01,8.255508196545077171e-01,9.452277371117639992e-01,8.041087016702459511e-01,8.328914201322722421e-01,7.389691800896133200e-01,5.601713656632453242e-01,5.434797382807946553e-01,6.712628271431325677e-01,8.605404433255895436e-01,6.653285242818377521e-01,3.800220555092851393e-01,8.708633847851163789e-01,6.765572297288955372e-01,9.373002993520824777e-01,6.486446995019786721e-01,8.863517711883154293e-01,5.064737512208031811e-01,6.142176162198585976e-01,7.338918309732531675e-01,4.920816182980364273e-01,9.620348294877743012e-01,7.787067244163861091e-01,9.170163312489315599e-01,8.490290108763992594e-01,5.597754933132180755e-01,8.906203759900331862e-01,7.447322395608534096e-02,4.884046101409212914e-01,4.459208786848902206e-01,4.266095839326713435e-01,8.574301139748196077e-01,5.310301578475785655e-01,1.388905143637363115e-01,4.075237639450319804e-01,8.814653821158829894e-01,9.779674758067002927e-01,7.887121162947299258e-01,3.971414427956175275e-01,5.728702679629813499e-01,9.288721240248756228e-01,6.071896830841001513e-01,6.215601845023547289e-01,2.838991935994015225e-01,8.217285562210236982e-01
7.403827274149177295e-01,6.174347356112757090e-01,9.228557754879391783e-01,4.029312659604034064e-01,2.841144638748163351e-02,6.227949640592843616e-01,2.456811076410024275e-01,7.654178890073753960e-01,5.038158904683650574e-01,2.631731648228099463e-01,9.862658697044245359e-01,1.258592353838172972e-01,7.290378747976339335e-01,9.573966719309185969e-01,6.055916387772070086e-01,5.819132955383793382e-01,7.048459174417630591e-01,0.000000000000000000e+00,4.316424167635816711e-01,8.973902636535325827e-01,8.216954713411986910e-01,7.726494512759254363e-01,1.235821843046994162e-01,9.848660643976784312e-01,5.010115390445826211e-01,6.927929267722912066e-01,9.799259663926307429e-01,7.310741800842521787e-01,7.820146463519052071e-01,6.896694105728291557e-01,2.570500714478395343e-01,2.766316289940998763e-01,6.838370269937593671e-01,2.744559730011429943e-01,8.551743823343267437e-01,4.327278902464404275e-01,-3.069731553775509325e-01,7.359233577151620409e-01,8.503544147412090970e-01,6.387906280299122663e-01,8.615931594333905430e-01,5.641141872237224186e-01,5.902150682401149373e-01,4.157423697543055630e-01,7.331181979029391949e-01,7.911070355631018014e-01,6.590051628709387987e-01,7.384289309759158870e-01,4.208922532406667028e-01,3.488081933934881751e-01,3.433122110763460189e-01,3.280948836008900082e-01,2.217312547264126688e-01,4.657474882665972871e-01,9.193199087203146602e-01,7.064227207862222579e-01,7.678288891551167117e-01,5.698966363802647761e-01,6.441603031113364297e-01,2.474719316262733448e-01,2.512761818105098133e-01,5.900370243902093303e-01,3.878204979668351537e-01,9.236139312514910493e-01,8.330139996003139702e-01,7.381344216231903177e-01,4.891154501095572593e-01,3.264603807756529807e-01,4.859777576257255371e-01,5.477604344705050421e-01,7.107266194024990380e-01,8.979501064692948509e-01,3.346461800387862118e-01,5.569264389899392098e-01,5.469028746356726645e-01,2.179954246650004368e-01,1.092897120870055527e-01,4.960262444343149779e-01,4.447032900539798494e-01,2.162615635532525726e-01,9.637932734084227182e-02,7.008848848446037616e-01,6.912568507300624887e-01,6.875319854182170287e-01,6.644630402172037043e-01
