0.000000000000000000e+00,6.538736585333534412e-01,5.563688667134643051e-01,5.204615731369943710e-01,7.486122049443724169e-01,8.026346387007905481e-01,5.779310798968082530e-01,6.198005978282428163e-01,2.204632508049624573e-01,3.253390929714017332e-01,8.393249073721431586e-01,4.576532421203178269e-01,8.578186378520611388e-01,6.742772343211802522e-01,4.733150490083716244e-01,5.775417827756013089e-01,9.932577124327977014e-01,7.508796269675768187e-01,7.742529487735254623e-01,6.015092159917794223e-01,7.521811676836617222e-01,9.146173531714606453e-01,5.678517616437644966e-01,9.106733522863613706e-01,8.746712144425814461e-01,4.629357896003278849e-01,8.674968779594118828e-01,9.761294452139208655e-01,2.403680767148576591e-01,6.612845704362383392e-01,3.824687893148800422e-01,6.815934670127339334e-01,7.739669040277629142e-01,5.157155881310142576e-01,9.955803535252454317e-01,3.670340664207648596e-01,-5.091249739772371607e-02,5.276399320723452746e-01,8.254155900213659969e-01,7.046200249817479166e-01,2.410911448578517413e-01,9.054671080247754800e-01,4.115721376482017191e-01,9.249191739623567887e-01,8.867711302551473107e-01,3.662508389668545083e-01,6.568142836489585523e-01,7.400705665375686415e-01,7.436127778919869868e-01,8.236033681534323803e-01,8.500826629303999127e-01,6.390409269623744670e-01,5.089346648061428002e-01,8.437097874955038490e-01,9.170075301391967804e-01,7.176606787115352715e-01,5.217642179530126434e-01,5.279939379453086890e-01,4.550177438276304942e-01,2.277350583015756158e-01,5.672293285800262819e-01,8.553524101012970338e-01,7.829748228027093582e-01,6.420500738189358625e-01,9.698214694085325327e-01,7.067389294623044327e-01,8.421027074258510270e-01,6.938091873958724953e-01,8.075738847434993373e-01,6.254178787501161185e-01,6.591450234164530908e-01,8.934021641968781235e-01,3.483325464470465871e-01,6.790319177086298064e-01,4.559364904574762511e-01,8.617026222534743818e-01,7.525607026754732587e-01,7.747706083873819871e-01,2.440461348832886068e-01,5.324735116339033292e-01,4.575256168885769026e-01,7.505204053975153000e-01,9.953839261090434709e-01,2.730658588108004770e-01,9.376142397780308224e-01
6.538736585333534412e-01,0.000000000000000000e+00,9.243544347068269329e-02,5.493712895469216040e-01,7.583018603488755893e-01,6.553981547784140105e-01,3.228480971918145093e-01,4.640472535904250351e-01,8.622621211789771589e-01,-3.131625903984058823e-01,8.931695510066044452e-01,3.217737733554279500e-01,8.657587351440468870e-01,7.900388577670700574e-01,6.607502625397250196e-01,4.387756201440817239e-01,1.621044368463431251e-02,9.538832767196493423e-01,6.829511329463830993e-01,8.132135322486752083e-01,6.720042300671399405e-01,4.399014241947989956e-01,2.591379813728868498e-01,9.815241171894524275e-01,2.362146841292893373e-01,3.495866252046988532e-01,4.163514915336602451e-01,7.089347748293368667e-01,1.777007018887816758e-01,-1.027872074164770666e-01,2.410259777092991357e-02,5.332882013004707211e-01,7.784032938483617103e-01,9.093581914650219478e-01,4.033435433711584084e-01,3.825640668132229139e-01,5.620930630439177067e-01,4.026831458260342611e-01,3.620685354377284337e-02,8.567295842057106592e-01,5.977520185321667512e-01,1.482612131352307461e-01,9.814599097314655740e-01,2.134229954063480428e-01,8.401805473549185388e-01,6.369336440901425256e-01,9.915567072143214311e-01,4.165141285569272656e-01,5.569179085202169421e-01,4.801507634841136185e-01,5.171830968422073127e-01,1.862483316430553482e-01,6.803020029572890426e-01,8.420178776150347155e-02,8.950880522678473783e-01,8.071281488270731774e-01,6.741124409384230409e-01,5.596023066245201516e-01,7.398921882239128944e-01,4.337334157439609594e-02,3.741916015626132186e-01,4.963655777915690903e-01,4.115687321584673430e-01,4.850422713829917187e-01,7.128911833764740580e-01,2.460962143869966368e-01,9.475415119170738087e-01,9.289946889875151381e-01,7.220933305280335945e-01,3.788724583455126416e-01,6.383768522587223160e-01,8.528006534500172098e-01,2.424837029405645106e-01,2.588826286361018969e-01,2.727191147914662106e-01,4.733427478523615783e-01,7.225963218486135542e-01,2.560010520982590743e-01,3.262035860107460605e-01,4.816751178163734548e-01,7.833215741461930781e-01,5.637929712894951262e-01,5.454343153049213688e-01,5.797818179953763140e-01,8.392803802440121919e-01
5.563688667134643051e-01,9.243544347068269329e-02,0.000000000000000000e+00,8.210277492703482727e-01,6.110256819488798508e-01,8.318765776064986905e-01,5.000382373294489646e-01,7.006022442502006786e-01,9.872426324970758893e-01,9.009152354008642671e-01,8.986819326588220136e-01,9.306872944918440638e-01,7.325545016711956237e-01,4.115781397095806815e-01,5.643733183509610507e-01,5.182958526450154313e-01,9.273236326342887414e-01,9.321143550665773603e-01,8.396061369345468872e-01,4.901120238931675477e-01,2.860509529286169306e-01,8.775272010103200016e-01,8.602929541603377972e-01,8.648950552096925648e-01,9.295713763718782552e-01,6.217453347214272341e-01,7.032364279456911893e-01,6.015541823822706524e-01,4.680483315607179562e-01,5.367251115642615034e-01,6.103156713603097305e-02,9.829770600372280676e-01,8.155855104793958976e-02,8.270782823275693030e-01,9.235550867227684257e-01,2.375338009761396862e-01,4.026596771788638618e-01,8.474922074918209702e-01,2.314150265430081066e-01,4.961924848788484832e-01,3.115939698197521812e-01,6.670167421979940059e-01,6.037366394233887323e-01,7.647384781914733365e-01,8.192252364879285542e-01,5.634811173084890434e-01,3.974356161813967225e-01,8.865795933020881314e-01,9.160794385436514808e-01,8.162922756219175291e-01,9.982761707316505362e-01,6.083935032717358027e-01,7.629953094479822173e-01,9.305312872220736775e-01,6.357108246098026605e-01,5.255626817285397046e-01,8.262232845144055204e-01,6.642061708277937626e-01,9.183372505910398775e-01,6.728898476847257060e-01,6.831702458370316755e-01,8.551950550086144798e-01,6.971955585655584819e-01,6.913067559246270921e-01,6.038624660177882575e-01,6.277738827219659923e-01,7.282712092031994322e-01,-3.687526044208078169e-02,5.993236677659292688e-01,9.879933381036155593e-01,5.786055628861610511e-01,9.087296027663698261e-01,4.126243714336291224e-01,2.217181948514570233e-01,6.013030406415075246e-01,8.568371987030702908e-01,5.994766514624749743e-01,9.192042665069096730e-01,6.111153758590279761e-01,1.420349287617121425e-01,8.800278327079544827e-01,8.107924989640034052e-01,2.787407533539019711e-01,8.995484363719919996e-01,9.827352347840002667e-01
5.204615731369943710e-01,5.493712895469216040e-01,8.210277492703482727e-01,0.000000000000000000e+00,7.402123754086925578e-01,8.768196553043385855e-01,3.289646622424532429e-01,6.354031620325261143e-01,4.559083462432961253e-01,9.433564366735210927e-01,8.880342465710204802e-01,6.265740082418927992e-01,7.846282328146694240e-01,6.676262700529128624e-01,7.068107320957995876e-01,4.650656247076156435e-01,9.273978992976793512e-01,9.430271081011101231e-01,7.679459232688841119e-01,7.364397389751397016e-01,1.565020931145220395e-01,2.132091045366699689e-01,9.955058689942331007e-01,7.373861215735056929e-01,4.839674890361032600e-01,7.944298382117649382e-01,4.212040377634063137e-01,8.490928833966061573e-01,7.412612235154304452e-01,8.607542458291990439e-02,2.779512677419256061e-02,3.527841880783474382e-01,8.673324328982923159e-01,7.382194073686504376e-01,7.455062508058355464e-01,1.461303061234366651e-01,2.835207701123776958e-01,6.963771173267411241e-01,8.860676477734401590e-01,5.009217080455458104e-01,3.854628892055705913e-01,6.242238041680120419e-01,8.404292682088642108e-01,1.290094241815672171e-01,6.298797295888354242e-01,9.917857872031230482e-01,6.903203795818958488e-01,7.418678025734314341e-01,3.472444407943340305e-01,7.215579852520370707e-01,6.209788535776264995e-01,9.174618483914206424e-01,8.111358262269988684e-01,7.197393011019258546e-01,3.235104410546998932e-01,7.783557341050389988e-01,4.979535406285270915e-01,6.010338443137701603e-01,9.770724795967066223e-01,7.505323065705344909e-01,5.565509892290801952e-01,5.483415026576492490e-01,5.406995751334310318e-01,4.791121869048738380e-01,9.058491046538597047e-01,2.550922416903135814e-01,7.299810091352352259e-01,6.456166354479007108e-01,1.274909238481106433e-01,1.566512263047700193e-01,8.231107237350482331e-01,6.415268801851258251e-01,3.013370172023061566e-01,7.620834248485257589e-01,3.453358376928721274e-01,2.201302003179286537e-01,7.570151110953393658e-01,6.869452011085798171e-01,1.453508066430831691e-01,5.780979091131096537e-01,7.743627377716869598e-01,8.800369385707664804e-01,3.967903176165642476e-01,4.830574380413714120e-01,9.308615484429636489e-01
7.486122049443724169e-01,7.583018603488755893e-01,6.110256819488798508e-01,7.402123754086925578e-01,0.000000000000000000e+00,8.174894110089339083e-01,3.717699876117190327e-01,7.514262910674600615e-01,3.191037228322985420e-01,4.462619371960858672e-01,5.697173027690695113e-01,4.465498228144439974e-01,5.105531009225469097e-01,4.845461565531106185e-01,4.002711253275702541e-01,4.367160705660619868e-01,6.048644904817552792e-01,4.907752046506263510e-01,7.058254263864333078e-01,6.299189534757183573e-01,9.417674723284691352e-01,7.927885198509154741e-01,9.669408409295726647e-01,8.727853445669206955e-01,6.178398259079264099e-01,4.357366291374459855e-01,6.340463373373316225e-01,9.489557791291676203e-01,7.610256476798685776e-01,2.964970388484152175e-01,7.416498112969601708e-01,5.052219206703301158e-01,2.710799151009513075e-01,4.990204776771238748e-01,1.425941247388183564e-01,6.762191179908361160e-01,5.078648069717069946e-01,1.341624352070046045e-01,5.777111531502980846e-01,5.882518014272617446e-01,2.387820266801837232e-01,4.180625320110135101e-01,9.938491437306820053e-01,3.716923182235931655e-01,6.134588959224317462e-01,4.535741117284126100e-01,8.466470487133914702e-01,5.885055711314233218e-01,6.391612130488733001e-01,5.918885014586758864e-01,3.430912700278438421e-01,8.402277339233208409e-01,9.847961355115402160e-01,4.177749975671978255e-01,8.412518604287815283e-01,5.317812504606191926e-01,5.325825790200691134e-01,8.708305218346183985e-01,7.796602514988373311e-01,2.110255120807253415e-01,4.206641423436517369e-01,7.811632337455157726e-01,9.281329202827461877e-01,8.104349211962512678e-01,2.876033940814040069e-01,2.408978954363106273e-01,4.709046595392167300e-01,9.450253882595730515e-01,2.244700445851089132e-01,7.577999021263707169e-01,7.549111028614149399e-01,7.405499032507613100e-01,6.359192814521973103e-02,1.799008064884364266e-01,3.949212561871846550e-01,6.309624831611906348e-01,8.129559895812237258e-01,6.561978815021696221e-01,2.263094777482733966e-01,8.509516825035981502e-02,5.634601614942731374e-01,7.569887753041359968e-01,9.990481069404861802e-01,7.457175048790756211e-01,5.065817361333643243e-01
8.026346387007905481e-01,6.553981547784140105e-01,8.318765776064986905e-01,8.768196553043385855e-01,8.174894110089339083e-01,0.000000000000000000e+00,1.000313267127522776e-01,6.782899939830457914e-01,7.800193968237362219e-01,1.276777317217067109e-01,5.574129342109468421e-01,8.596001510392115019e-01,6.697800368830644224e-01,7.426631922920098328e-01,3.809622884879687033e-01,7.619501762313138915e-01,7.293363207693698280e-01,5.151339670737988818e-01,6.782400924574389922e-01,6.484166106648484584e-01,8.686484961166957008e-01,7.229949684256480325e-01,3.129831908955363340e-01,7.199260616297002979e-01,4.416860718443147427e-01,8.570189129626485380e-01,5.774810592188766023e-01,2.779621054548507830e-01,2.289704851222684190e-01,3.740268904354541735e-01,9.732108532732566819e-02,6.172387624068167433e-01,2.257687068496608829e-01,7.910117523607835821e-01,9.263812385826681872e-01,2.157380372828719417e-01,1.360561722064640156e-01,4.232029451763140160e-01,7.903449524072438948e-01,6.875678346413850450e-01,2.070553345047182470e-01,1.050526256414599513e-01,6.462196446894474811e-01,2.631603048470109174e-01,4.562516372008224019e-01,6.989107867446086031e-01,5.013812709467566631e-01,7.646416253253187634e-01,5.692995308735819826e-01,5.118992349605456793e-01,7.033833617445381936e-01,4.341419097787701520e-01,6.386608138670186730e-01,5.569380490847984921e-01,5.951381529458332764e-01,3.939586201402592858e-01,7.785328044252259883e-01,5.646047487978850254e-01,7.310198475110959437e-01,3.284124887358383926e-01,-6.114082466756190493e-02,3.110593883904622103e-01,7.771638963981433168e-01,5.424077098002774155e-01,8.698909802959471360e-01,4.919166215641833650e-01,2.015195593719183997e-01,7.454254312483294953e-01,-1.300550064284548002e-01,7.249499506463009668e-01,4.296897883492495351e-01,7.480852462825178240e-01,2.264206077980108200e-01,3.864091281926976817e-01,3.340680816933484509e-01,7.166121096742278374e-01,7.042081801346451453e-01,4.223830938121517775e-01,1.830897744421035589e-01,1.875558363263516992e-01,5.364124852403924226e-01,4.351743188792919215e-01,2.198673620721983135e-01,3.445215531197755587e-01,7.504307657250063324e-01
5.779310798968082530e-01,3.228480971918145093e-01,5.000382373294489646e-01,3.289646622424532429e-01,3.717699876117190327e-01,1.000313267127522776e-01,0.000000000000000000e+00,7.322500215136614754e-01,7.625533561617735545e-01,7.055096296428050584e-01,5.931133712723719587e-01,8.601164042335641621e-03,3.777608984620777210e-01,4.480390523475182851e-01,5.496339195537383038e-01,4.579956397168741256e-01,4.708915321426444534e-01,7.641987729027721610e-01,5.916956907230186413e-01,7.371592006530486296e-01,8.557883843361622223e-01,5.184250903411233846e-01,7.143370485496697286e-01,5.348244661769101516e-01,6.527903622076678403e-01,3.846849301385175113e-01,7.683192498741889809e-01,8.769465521204986569e-01,1.188311052122743676e-02,7.788946179621800692e-01,2.886770203870631102e-01,5.611707238845314860e-01,4.727105516682746922e-01,6.538399744531576685e-01,5.584201403177624368e-01,4.060274994128965087e-02,3.145642007923096228e-01,7.819479868370281528e-01,5.586531753880412676e-01,4.155514544906017127e-01,4.011000415943496988e-01,2.679922881199396367e-01,7.502220471509435384e-01,6.453411555914974063e-01,4.603807790012143242e-01,7.813438636885360333e-01,5.198191673403863566e-01,7.233517659426094149e-01,6.168905479752903043e-01,1.627709512128043823e-01,3.924254858530126788e-01,-6.537178336973362147e-02,5.448596565933070401e-01,7.293859511637706960e-01,6.125241768061417957e-01,6.819737727836662211e-01,6.744929219888133876e-01,6.262426530220366327e-01,6.171547305690694429e-01,5.762861104617624797e-01,4.733960431536530233e-01,5.054129449328280677e-01,6.010502078040187435e-01,3.768680503506991464e-01,7.700955229179070605e-01,5.985560946285510830e-01,3.154149922247158067e-01,9.770328083063780644e-01,6.583444310657022847e-01,6.074415616641487548e-01,5.821794498996857303e-01,7.628086485147163032e-01,4.942764140867081935e-01,-1.624226939947859272e-01,8.348247503316999496e-02,5.336279734803321961e-01,2.077575655991465153e-01,1.869935678115899058e-01,4.504168733740384067e-01,4.766327475772702549e-01,6.844295223102881028e-03,6.718076898177268719e-01,2.922633340034550553e-01,2.570834408199654253e-01,5.269414230765565588e-01
6.198005978282428163e-01,4.640472535904250351e-01,7.006022442502006786e-01,6.354031620325261143e-01,7.514262910674600615e-01,6.782899939830457914e-01,7.322500215136614754e-01,0.000000000000000000e+00,6.587976801376883573e-01,4.859366952757916414e-01,6.439940707624257632e-01,7.190556127600185032e-01,7.612012464100036402e-01,4.653353573705499846e-01,4.392420258946145850e-01,7.524423106074021872e-01,7.748308925038275286e-01,7.765135470606965296e-01,7.515261503075504335e-01,7.971641082564765446e-01,9.572021136454182955e-01,5.634045155645739378e-01,1.822364730831393109e-01,8.554074335138838192e-01,4.681280858112707999e-01,8.295520379593508409e-01,7.809040105507576435e-01,3.580952019670379793e-01,9.371298175541742381e-02,2.633858282571495124e-01,5.337384888511484959e-01,5.986483249188733202e-01,2.342626581339721792e-01,4.534822589659175951e-01,5.455845559354444152e-01,5.482409404342903914e-01,2.020756274891619131e-01,2.666282172188124133e-01,7.284471728643147070e-01,4.989849226605456156e-01,5.334950754009581964e-01,2.778557128838626822e-01,9.160636613243288151e-01,5.562589578346335273e-01,5.738779513908693897e-01,3.845225369083882239e-01,4.304895777346154917e-01,4.604280502164715960e-01,2.416602966257914986e-01,5.602858970260617966e-01,1.816234143336652451e-01,5.385573352216472820e-01,7.757421846133496501e-01,4.544349466140285010e-01,4.723435385925063290e-01,5.350633528882424716e-01,5.932525866861249053e-01,6.096056438460190074e-01,4.995234127606504870e-01,-1.616058644825841550e-01,5.725628001333784578e-01,2.782004168321818294e-01,3.119127172531315217e-01,7.900687817102594046e-01,9.319158318090237092e-01,3.088067254095468173e-02,7.840333836462493045e-01,6.454105951517024042e-01,5.431161523997933838e-01,4.444293035677041592e-01,7.222826405712252651e-01,6.764347332841825766e-01,3.377527307904972659e-02,4.903267625378412431e-01,6.798650247961567361e-01,5.927463359197252535e-01,6.104787111793781307e-01,6.552621460578443857e-01,4.144416033523965481e-01,7.746233074537828278e-02,8.256163687155787523e-02,8.870383167622232223e-01,8.689677174152257155e-01,-1.753701214553093912e-02,4.208226745678273484e-01
2.204632508049624573e-01,8.622621211789771589e-01,9.872426324970758893e-01,4.559083462432961253e-01,3.191037228322985420e-01,7.800193968237362219e-01,7.625533561617735545e-01,6.587976801376883573e-01,0.000000000000000000e+00,3.453347220801579187e-01,4.349919609380593077e-01,6.933294855220700770e-01,6.428489826062546708e-01,7.965113521732956059e-01,5.728523476236008216e-01,6.215563972679848392e-01,6.742774778477224062e-01,6.411473574373157680e-01,6.774841271851209656e-01,8.373581531041176529e-01,5.204118126013441703e-01,5.862345570763645153e-01,4.034140387569397079e-01,5.106743124535845224e-01,4.989347034932563041e-01,3.249396503451860152e-01,3.623942228294277368e-01,9.907352124795278936e-01,3.347876060016502509e-01,5.699097220702411537e-01,9.875050709882580158e-01,3.931210524801918016e-01,5.166416891862689598e-01,2.014574114320132614e-01,3.317681567689063638e-01,7.620328607314288405e-01,1.131198619646207049e-01,8.053562355490215818e-01,4.092628702576903699e-01,5.988103522224470510e-01,3.759245287517510858e-01,5.714481111473324049e-01,7.916059288018443274e-01,2.951205513827666604e-01,9.465417816506419557e-01,4.161255562023675192e-01,5.369966952135198923e-01,6.435329218611647306e-01,2.315437446015802259e-01,5.263573834759260883e-01,8.717373616348762511e-01,1.929529858886481763e-01,5.397321905345123794e-01,1.116709006363963419e-01,9.664807164643892667e-01,7.946350675721383094e-01,3.128138308497650510e-01,7.525816125558315757e-03,6.685223858739692826e-01,3.515304265191412370e-01,1.042658458467456833e-01,8.550052313198220899e-01,4.737714881517486321e-01,7.433114324731528999e-01,6.955688376845337029e-01,6.219100489166785595e-01,6.438926058021918752e-01,9.268646928040322752e-01,4.625124216186824455e-01,7.282408118771734884e-01,7.726058174693276603e-01,6.687335769032480837e-01,-8.787689093091867465e-02,7.498967155227426185e-01,6.085430050960227710e-02,3.757235136929545360e-01,3.991000897740791808e-01,7.028712349187836439e-02,6.742614410216477561e-01,2.902782633209349261e-01,9.344368673429924721e-01,7.585089947317653625e-01,-4.856803272025489449e-02,1.491038468713363485e-01,3.882247937249625469e-01
3.253390929714017332e-01,-3.131625903984058823e-01,9.009152354008642671e-01,9.433564366735210927e-01,4.462619371960858672e-01,1.276777317217067109e-01,7.055096296428050584e-01,4.859366952757916414e-01,3.453347220801579187e-01,0.000000000000000000e+00,2.769385160206702112e-01,5.550531125705837621e-01,7.013212374460472409e-01,6.936376115564787392e-01,5.387434646292167395e-01,9.919374836348929803e-01,6.145482841703359123e-01,5.606734394454611081e-01,6.127063176877933781e-01,7.572466741509527033e-01,9.081618373905160357e-01,4.179583568221922896e-01,4.865881803155693852e-01,4.752700923526755883e-01,7.222881076468119499e-01,5.903194437170589115e-01,4.574511076816384358e-01,3.929249752281294139e-01,1.037909709500003386e-01,-3.521741005797121571e-02,6.465358373057820962e-02,6.090113729907553619e-01,7.424865727768807933e-01,9.601667622616294473e-01,5.344784873833554606e-01,2.715439131023967834e-01,9.439058915326031807e-02,7.207478063097162435e-01,5.793003549436588351e-01,9.296540347876703914e-01,4.016240257595046215e-01,7.229233606174076954e-01,8.372512135350504980e-01,8.328326122701631418e-01,6.101480088251280964e-01,3.806864788388117926e-01,7.697497772803534311e-01,8.854594610848030012e-01,2.099921576808931323e-01,2.250843516146529277e-01,5.052433472897071010e-01,7.934530296099525648e-01,1.560632617994152926e-01,2.078331882915428752e-01,2.830810165134616252e-01,7.593531572205827196e-01,3.041626818709514679e-01,9.180982434083277965e-01,9.898363564079338817e-01,2.597932207114497793e-01,4.937077978621919327e-01,4.783835611552192946e-01,8.292261891272315610e-01,6.393589991734182076e-01,6.088777812806537293e-01,5.341848285490726767e-01,8.855952859411575506e-01,8.061786820116069174e-01,4.501195420550184734e-01,5.770006511377920866e-01,7.832198453635610402e-01,2.583697460614218233e-01,3.888590308139455165e-01,3.900347613836413485e-01,7.937401633337818341e-01,4.594798767459398747e-01,9.227480526364041369e-01,2.686853017988465320e-01,2.473574756523594931e-01,-1.595059253454483850e-01,3.228371742679377876e-01,7.916135454066784982e-01,8.989398382710409585e-01,6.412504492938063683e-01,4.131158884732296088e-01
8.393249073721431586e-01,8.931695510066044452e-01,8.986819326588220136e-01,8.880342465710204802e-01,5.697173027690695113e-01,5.574129342109468421e-01,5.931133712723719587e-01,6.439940707624257632e-01,4.349919609380593077e-01,2.769385160206702112e-01,0.000000000000000000e+00,2.085613544693793175e-01,6.944508968925504622e-01,5.885509179969179439e-01,6.583125318052254205e-01,3.985831064212087549e-01,5.693533856028220042e-01,6.512092442099305378e-01,9.967360050805430527e-01,8.056698208890548107e-01,7.822555656034726468e-01,2.125804976717193262e-01,3.070256234130914197e-01,7.267963598196864883e-01,5.223291493583948064e-01,7.952634188924843084e-01,9.286178368649502524e-01,3.486612638699322919e-01,5.734856284540186255e-01,6.212905156375847504e-01,6.052780813997585274e-02,2.430004709362773574e-01,6.610158998811265230e-01,7.279617459602792939e-01,6.685545213106599549e-01,3.496585123146520591e-01,7.311215690567909875e-02,5.493001390344924850e-01,6.163272636350468625e-01,5.487266371975515478e-01,5.757922449384637043e-01,2.791512171973942746e-01,2.395626467217329414e-01,5.538457727606230785e-01,8.509104496053772060e-01,9.239696332761557773e-01,8.828049447516125303e-01,3.935799054045743262e-01,3.040604974594671717e-01,4.589674304490836687e-01,4.498273200969164498e-01,6.787000846814665866e-01,4.439670337210277484e-01,4.969481421077611150e-01,9.057817062183132206e-01,6.073065940795877582e-01,7.092969933581451114e-01,2.358441536307674391e-01,5.599772467617277760e-01,2.330612977034717537e-01,4.078899547599528219e-01,6.606741097356172432e-01,9.106212483410202063e-01,6.276510290479806464e-01,7.319667113208920828e-01,7.405987258300262832e-01,7.344363221469155656e-01,4.802804824352815416e-01,5.272931924250588015e-02,3.008984069165232533e-02,6.398274950195117494e-01,2.909125567878100838e-01,4.659141032453942843e-01,-1.099518271616416187e-01,6.816628077147400822e-01,5.088180815653623457e-01,7.585950203101450295e-01,6.425797657820221387e-01,2.890848698185244370e-01,5.320768042110239904e-01,4.881602046954636176e-01,3.918554162907212923e-01,6.107711123455654700e-01,4.868219629396151604e-01,7.071397020229860386e-01
4.576532421203178269e-01,3.217737733554279500e-01,9.306872944918440638e-01,6.265740082418927992e-01,4.465498228144439974e-01,8.596001510392115019e-01,8.601164042335641621e-03,7.190556127600185032e-01,6.933294855220700770e-01,5.550531125705837621e-01,2.085613544693793175e-01,0.000000000000000000e+00,2.241387527425582615e-01,7.260092448670976140e-01,3.729193636928163080e-01,7.828120616103633189e-01,4.191480579458608524e-01,4.560894291336686224e-01,4.013714716750875766e-01,7.004258938410304891e-01,9.580604730796690172e-01,1.344250968839459937e-01,9.269883542860979375e-01,9.384862144254213501e-01,7.084876295158741843e-01,7.611394991441632341e-01,8.961115038171243441e-01,7.344020230584378250e-01,6.657713109923286687e-01,5.347261203408274488e-01,3.626876518442783554e-02,2.117217961911126156e-01,9.436824086301360826e-01,3.066498241545249637e-01,4.434625671481236542e-01,5.378731616358151113e-01,2.656024362835279762e-01,7.181697605166773579e-01,8.287552753398845784e-01,2.663546552106950682e-01,4.210270489710483122e-01,6.561791554356645184e-01,8.242294595302748217e-01,5.888964279957495940e-01,5.230089531210975196e-01,8.308050947017538990e-01,8.627987277067520333e-01,7.619196958831915278e-01,9.592138914458361865e-02,4.027197425134888542e-01,7.986805790082756040e-01,4.778578103358598894e-01,2.423441141965688161e-01,6.717954679028707021e-01,6.553232614297576086e-01,6.178985682553488346e-01,4.096157476040778178e-01,6.201802890608618668e-01,7.706816413559773871e-01,3.249914268711207033e-01,4.422988526098236561e-01,6.924211559732550425e-01,8.813353109949710884e-01,6.726234837445588255e-01,8.161308031011540454e-01,6.311173388076840585e-01,6.504143394339207962e-01,2.531008560175343480e-01,5.348649553084613428e-01,2.792285991403956058e-01,5.972647204595491477e-01,7.759919830200072699e-01,4.717932964662214790e-01,5.514857489558883108e-01,4.178447211520823767e-01,9.859515594928399684e-01,9.513420540080442800e-01,4.983226650010897374e-01,3.248773464458078464e-01,1.250659140819168902e-01,5.742751115799020756e-01,6.187564158812797199e-01,6.085594114423013012e-01,7.688194945954591741e-01,5.413649871280556969e-01
8.578186378520611388e-01,8.657587351440468870e-01,7.325545016711956237e-01,7.846282328146694240e-01,5.105531009225469097e-01,6.697800368830644224e-01,3.777608984620777210e-01,7.612012464100036402e-01,6.428489826062546708e-01,7.013212374460472409e-01,6.944508968925504622e-01,2.241387527425582615e-01,0.000000000000000000e+00,5.928184683622195195e-01,7.038501528102987237e-01,5.304777274426691891e-01,4.321648843960792519e-01,5.663818950330061774e-01,5.254999460869506089e-01,4.333182644000999062e-01,5.230408177636176603e-01,5.689571640342322434e-01,7.086628345486393199e-01,8.434310490577081598e-01,3.739920921850233837e-01,8.133119641146547840e-01,7.649259582162284410e-01,3.891249435957523373e-01,6.076728357380533074e-01,3.877544852760124172e-01,3.804649127351943383e-01,6.806823099701406754e-01,8.489093217761998211e-01,6.694723444927592748e-01,8.148840817655328417e-01,2.510418889676941379e-01,3.748292139626594466e-01,3.469092569732038500e-01,5.729380974077626920e-01,8.134914153714611906e-01,7.575387462502649605e-01,7.678789571154395199e-01,2.006115949834029744e-01,4.222741869011753524e-01,9.681728462367999999e-01,9.730944791947215844e-01,8.844283996664848990e-01,2.824398002391097506e-01,4.553337897000974688e-01,3.401294008411012704e-01,8.793631829397129396e-01,2.145496300604916029e-01,7.522551056152460003e-01,5.094721809798605783e-01,6.598196490578350781e-01,7.403032559979205729e-01,5.886060530693664195e-01,9.035450435035381478e-01,8.053570909326236427e-01,-1.854290344553382597e-01,-8.315401902703273285e-02,8.450866455344152595e-01,5.993153778697956069e-01,6.371089349480838493e-01,7.780399149692489580e-01,8.141660948156110855e-01,3.818670745850798465e-01,8.610105508580475631e-01,3.905306678145026855e-01,9.879279054687567507e-01,8.140784297937020408e-01,8.540338656251671434e-01,1.132134725641057715e-01,-1.716011844317031632e-01,7.354922446137104330e-01,5.685196725969899889e-01,8.219432518032141477e-01,7.412738826420901539e-01,4.429035780161104663e-01,3.573627812314069674e-01,1.462736376068648758e-01,6.227517080803570693e-01,8.205355125049462739e-01,2.397798894007389658e-01,4.885399553448214749e-01
6.742772343211802522e-01,7.900388577670700574e-01,4.115781397095806815e-01,6.676262700529128624e-01,4.845461565531106185e-01,7.426631922920098328e-01,4.480390523475182851e-01,4.653353573705499846e-01,7.965113521732956059e-01,6.936376115564787392e-01,5.885509179969179439e-01,7.260092448670976140e-01,5.928184683622195195e-01,0.000000000000000000e+00,6.168379292286205740e-01,9.923228654134993443e-01,4.436356147388567650e-01,9.916778753513224576e-01,4.186808365490944372e-01,5.989208946253057331e-01,8.772605411429115208e-01,6.882852841813611455e-01,4.085857024651911029e-01,7.214320711036009692e-01,8.941024866929653259e-01,7.348893525362208967e-01,4.803445637592733686e-01,7.901804205552169780e-01,6.979677622058756414e-01,3.541024144662442419e-01,1.297939600215738121e-01,7.859571034136574319e-01,9.662446229178500712e-01,5.093940194412494016e-01,7.870094392957502905e-01,2.026151608417734729e-01,3.065734306922801577e-01,9.706521383888222498e-01,7.267413573321466203e-01,7.981469182876038682e-01,2.893270111508449705e-01,6.792838272730431504e-01,7.978649845672987073e-01,6.906161608874035185e-01,9.166625284716966027e-01,5.918774756795602832e-01,9.736549549344977184e-01,8.566694964717088689e-01,4.085900710601497177e-01,8.176259383405058978e-01,9.172094671114204845e-01,7.637662420790032325e-01,6.713469297706728955e-01,8.255352060450691365e-01,6.740553727920728377e-01,4.248449413453405654e-01,6.093095516772136788e-01,6.805491531610651235e-01,6.033813673118858523e-01,6.790806669429693132e-01,4.825611448426819772e-01,6.155522387229287462e-01,9.092922306034687541e-01,9.422157777106476839e-01,8.922989359939067500e-01,8.231341171907869958e-01,7.486694702444128824e-01,5.363337713465007317e-01,4.040771280543054012e-01,7.227045359101123001e-01,4.037178543082343141e-01,6.552868920854630908e-01,4.991738019623295219e-01,4.440806003930986567e-01,4.677206831097224238e-01,4.706537156425282808e-01,7.955623384903012241e-01,-1.212158937850355556e-01,-1.170283674949009756e-01,3.738774627669207429e-01,9.592963882014944321e-01,8.910459742007434958e-01,5.426997833232278801e-01,6.267524229733584251e-01,6.417369144041021878e-01
4.733150490083716244e-01,6.607502625397250196e-01,5.643733183509610507e-01,7.068107320957995876e-01,4.002711253275702541e-01,3.809622884879687033e-01,5.496339195537383038e-01,4.392420258946145850e-01,5.728523476236008216e-01,5.387434646292167395e-01,6.583125318052254205e-01,3.729193636928163080e-01,7.038501528102987237e-01,6.168379292286205740e-01,0.000000000000000000e+00,4.666517238402635437e-01,5.845891226477709646e-01,4.275114860397553063e-01,5.193445907233832370e-01,3.897709549415017127e-01,9.781915091818769170e-01,2.284790473245887077e-01,1.042156401007565125e-01,8.313199116905113373e-01,3.733359469430593269e-01,4.299797147073664561e-01,7.898820194233187042e-01,8.024855537297985730e-01,5.811141771428949276e-01,1.983820469005979359e-01,7.652635830509919579e-01,5.565047029389060818e-01,6.500494458816263865e-01,8.356957213688104291e-01,3.560233197421324158e-01,1.850492219563495411e-01,2.118686372262037765e-01,4.558006279242082237e-01,5.150350982496665342e-01,6.796807412625611722e-01,7.899511251001218870e-01,8.084157944085708092e-01,4.632764959160990403e-01,7.155884085306851716e-01,1.829767124560614522e-01,4.916002747741747281e-01,6.092961793173429230e-01,8.168251695408873525e-02,5.110218780785528159e-01,3.643466602684342082e-01,2.667784424642880570e-01,5.898848712748943068e-01,7.162649070266673412e-01,7.411525073219809023e-01,5.712291190504171778e-01,6.404397354673370124e-01,1.253170730943326261e-01,2.118033580942555449e-01,4.979694332052247985e-01,2.295928373043746584e-01,3.020917343129432275e-01,7.552666680244107811e-01,2.683658591909896529e-01,8.258158774371028299e-01,3.756106641374901689e-01,4.851948744509764766e-01,6.231006646079721989e-01,5.486304250143969607e-01,4.388038852247682087e-01,5.909519270064359509e-01,6.687525677262594614e-01,7.957553998168271914e-01,6.962124622150657194e-01,5.561833703480340008e-01,5.940638605104119341e-01,7.360106707140502413e-01,6.359719001059603860e-01,5.743367009728684094e-03,2.824012452319055178e-01,8.867045734297498982e-02,7.991676689574624959e-01,9.380975944396947597e-01,8.704692668924073340e-01,5.029105754003665441e-01,6.336767418387496686e-01
5.775417827756013089e-01,4.387756201440817239e-01,5.182958526450154313e-01,4.650656247076156435e-01,4.367160705660619868e-01,7.619501762313138915e-01,4.579956397168741256e-01,7.524423106074021872e-01,6.215563972679848392e-01,9.919374836348929803e-01,3.985831064212087549e-01,7.828120616103633189e-01,5.304777274426691891e-01,9.923228654134993443e-01,4.666517238402635437e-01,0.000000000000000000e+00,7.014445356551645139e-01,6.674073591708604702e-01,-8.617779185639240502e-02,4.385241397238548444e-01,9.531241520669295753e-01,5.444991619850328979e-01,2.603806851101536646e-01,6.935313791738233480e-01,4.584520494001897983e-01,-4.239710326551140995e-02,5.156308977117823877e-01,3.186430405596975546e-01,6.156270708689396409e-01,2.625671404813321730e-01,-8.607158106746920501e-02,4.365704110382319092e-01,7.425384909892532859e-01,7.612733245246666725e-01,2.085542257963589885e-01,6.632809506784952402e-01,2.912890687478586482e-01,6.556840984868884670e-01,8.700933714560670218e-01,7.190905614538017909e-01,4.291716592985352907e-01,3.804211402244354057e-01,6.674940473424352261e-01,3.411646069112680424e-01,8.410896141316701602e-01,6.058464936581100524e-01,4.933597771416201594e-01,2.023399596609430362e-01,6.009942804118882931e-01,4.447267214581721029e-01,4.238733780338750368e-01,6.334180436431653405e-01,7.017074029431196180e-01,2.331779067679473072e-01,8.879541708647660514e-02,7.373870126714335838e-01,-5.652298804492258966e-02,4.199328346222733765e-01,8.314153676254985026e-01,7.219776086277418514e-01,2.523030365304174683e-01,9.210163518395513282e-01,8.871190051513890840e-01,5.463768595864095801e-01,7.036445520445698820e-01,6.202943347339330282e-01,3.245944437282226591e-01,6.180220118777111082e-01,6.991979420781290200e-01,6.237929138107916049e-01,7.014575139562916339e-01,3.030990948512026981e-02,3.335636654822294878e-01,3.452346701930527617e-01,2.752578312822412943e-01,6.934673797873914802e-01,5.399735829525625919e-01,4.145989081205461169e-01,2.075038384657129920e-01,5.125559264001917636e-01,4.819357643427179538e-01,3.277860897476460034e-01,6.191198963172145353e-01,3.714996289996651546e-01,3.116116424829198372e-01
9.932577124327977014e-01,1.621044368463431251e-02,9.273236326342887414e-01,9.273978992976793512e-01,6.048644904817552792e-01,7.293363207693698280e-01,4.708915321426444534e-01,7.748308925038275286e-01,6.742774778477224062e-01,6.145482841703359123e-01,5.693533856028220042e-01,4.191480579458608524e-01,4.321648843960792519e-01,4.436356147388567650e-01,5.845891226477709646e-01,7.014445356551645139e-01,0.000000000000000000e+00,6.149753095057753915e-01,8.925971807100089306e-01,5.160789353440229377e-01,5.271265178045826394e-01,7.906215415703086169e-01,4.705162330125179926e-01,9.062846269932851584e-01,6.867930360020481073e-01,4.392198546534079040e-01,2.957810460597782298e-01,2.724235186554302968e-01,3.784865882787167846e-01,1.689314105278594356e-03,9.783661308346858210e-01,6.061717319322936781e-01,8.540814533919502960e-01,1.637736692745984657e-01,8.138371733084096560e-01,2.418793487927292929e-01,2.836067724786327515e-01,6.013088690840688866e-01,5.199303926392638830e-01,8.837962331039812547e-01,1.093636187385332720e-01,5.955270753585237831e-01,8.024240220300207227e-01,7.552309391327841626e-01,5.698146787800855151e-01,9.575371308072777587e-01,5.247707189749006851e-01,7.215046372331090918e-01,8.134657462708785314e-01,8.593883763588963109e-01,6.613816495155906416e-01,9.989229242887751603e-01,9.253613315136568485e-01,4.292047082278915848e-01,6.510109354794521019e-01,7.606344955619549486e-01,4.234645506552139893e-01,6.492333445065536779e-01,6.345305597788591934e-01,3.358848464990992211e-01,7.986670630442335161e-01,8.484327124624123639e-01,6.349930100752112505e-01,9.153171095832093318e-01,8.084157668522466977e-01,5.272626549556302944e-01,4.883836802794337406e-01,7.604016930586914302e-01,9.663877134913410050e-01,8.993705195081269643e-01,3.206858647757377390e-01,5.420303748967458812e-01,2.140754387981083362e-01,3.886517855586480441e-01,9.689467257890908014e-01,4.342990987864572272e-01,7.861836945702265211e-01,7.339837951123517890e-01,2.315381343127950187e-01,1.070984831592629444e-01,7.450508085498857014e-01,8.342039942318113521e-01,4.510585761957262574e-01,7.678772689614191682e-01,7.868553052349618326e-01
7.508796269675768187e-01,9.538832767196493423e-01,9.321143550665773603e-01,9.430271081011101231e-01,4.907752046506263510e-01,5.151339670737988818e-01,7.641987729027721610e-01,7.765135470606965296e-01,6.411473574373157680e-01,5.606734394454611081e-01,6.512092442099305378e-01,4.560894291336686224e-01,5.663818950330061774e-01,9.916778753513224576e-01,4.275114860397553063e-01,6.674073591708604702e-01,6.149753095057753915e-01,0.000000000000000000e+00,6.778757147741163447e-01,5.267718915979731076e-01,6.457634943820536044e-01,6.184673621145299061e-01,5.800165734666018480e-01,5.772343884934787450e-01,1.380292154018944728e-01,3.196019689704787115e-01,7.344343791202415650e-01,3.086344501241985450e-01,4.757555424348507422e-01,4.342613954387647968e-01,2.369512018293362388e-01,5.847168435220593263e-01,6.030104574572781040e-01,7.288218420682670562e-01,3.632662286683877029e-01,4.165880924738512570e-01,5.670209162411445902e-01,8.866642173431571461e-02,6.036573778940168555e-01,7.402875441829737113e-01,2.169048821206804589e-01,9.088408461541381822e-01,8.556052103303117828e-01,8.908158393870707625e-02,9.655399645415471133e-01,6.686271998098205493e-01,5.947494293230319862e-01,3.271193418766769612e-01,4.636458839730191461e-01,9.556235733200768578e-01,8.013062670214810002e-01,2.107624546975488955e-01,6.184784110372067989e-01,4.652701830072555333e-01,3.940656905293766776e-01,9.749927717560820106e-01,5.632980117086079375e-01,9.874698826581056466e-01,6.978143542226294960e-01,7.848185622076375711e-02,5.597279348729516935e-01,4.272806596686398728e-01,6.072851028514099081e-01,8.931394735343175517e-01,2.360716983028244564e-01,9.889116960615993435e-01,4.640196390229196499e-01,5.835768202025648499e-01,3.658706158020116339e-01,2.505668457976477081e-01,7.755714754007076994e-01,5.679256725776316017e-01,7.826641954669208978e-01,-2.801164401008982008e-02,7.040317150565710280e-01,9.295630940490039462e-01,4.139176888649671038e-01,4.482618524423645501e-01,3.616953414848425030e-01,5.690706369346980598e-01,5.857351126397172258e-01,9.746599798151076577e-01,5.588627835906323504e-01,-2.038385060437897245e-02,6.275992648572619181e-01
