0.000000000000000000e+00,9.642418464303657011e-01,7.184934377194108768e-01,7.340889300442555720e-01,6.320850608228503198e-01,7.375428874260205880e-01,8.117235877769611863e-01,5.226824297471807101e-01,7.479990976603435593e-01,9.048436386096248008e-01,5.288549120257354241e-01,9.009610476255792699e-01,9.426022372891492696e-01,4.100092909645643990e-01,4.645282707457883964e-01,3.028627061328070802e-01,9.335840889750359750e-01,7.894235924056092202e-01,7.277521377892117727e-01,4.072952347455749966e-01,8.154663939735760092e-01,7.344807377563423723e-01,8.391864191626901004e-01,9.316730336623511022e-01,6.306377338640847263e-01,-6.259235876293745005e-02,9.878070969697796411e-01,7.892911637409585346e-01,8.303730893680716374e-01,2.384723793423544902e-01,1.732340091800194659e-01,8.161092441418782428e-01,5.086274109410262589e-01,9.086711598212745544e-01,9.244945913094428924e-01,2.310092621449219563e-01,1.337291309555903307e-01,7.933176258963140492e-01,5.876077412337108452e-01,4.883316216273766996e-01,4.419805151739990973e-02,9.040257331687988618e-01,4.513621327121377647e-01,5.372983879863946211e-01,8.318643339450167984e-01,6.869717747533162777e-01,8.117611847727126406e-01,8.634284789075961086e-01,8.026970233772896535e-01,9.545593041734296014e-01,5.480843292803539990e-01,8.270312812989422113e-01,8.636888267961239096e-01,4.590927205883754136e-01,8.347777903351355500e-01,3.592662981873706585e-01,8.840635515336245920e-01,5.583603293560833736e-01,7.778295454594383873e-01,3.171685451919225573e-01,4.495933258417681988e-01,4.389288627874213811e-01,8.004931454978759797e-01,5.245592459612296032e-01,9.610660433478491749e-01,3.025365604244786288e-01,8.557093304291401026e-01,9.586045019073152762e-01,7.989213976659355065e-01,4.878067279666267186e-01,7.147734571359705136e-01,6.658644519286341934e-01,1.806328620130834561e-01,2.713727447098602807e-01,9.097924068477692972e-01,5.138994349560008779e-01,5.382509096929786185e-01,4.339122637127022508e-01,2.296822166171153812e-01,-9.655669414277669171e-02,5.284972923737651929e-01,2.241686553510933988e-01,6.823144297988719131e-01,3.764565481549935200e-01,4.938223474908182142e-01
9.642418464303657011e-01,0.000000000000000000e+00,3.270720669658662150e-01,2.881675238274272743e-01,4.392192101678361604e-01,7.283413644443953450e-01,8.886061739481897204e-02,4.880697356447699642e-01,9.402611366088198253e-01,7.613717753360440543e-01,7.786845911886656202e-01,2.723661856784275748e-01,8.657218936463250136e-01,8.257258932828805964e-01,6.817207773538013216e-01,5.393101496024612640e-01,7.131724605817870710e-01,7.792693710404956509e-01,4.203105571175166366e-01,7.821781461858413609e-01,8.961399009213740774e-01,3.783831715753772640e-01,9.971731477510040742e-01,9.619699603674785049e-01,2.337725601223611116e-01,9.273397581400271150e-01,6.591081643092445708e-01,7.774653121372361309e-01,2.953573995214943682e-01,7.284611030117170705e-01,-3.007793335749908703e-01,7.347984531295866928e-01,8.784203362242408719e-01,9.953204200460293860e-01,6.359617204025518333e-01,4.526893536207353130e-01,1.768931058757807970e-02,7.647316816015917729e-01,3.178492184891240635e-01,5.848314380056396367e-01,2.864250776763211936e-01,2.007910528172247022e-01,5.863855614112012393e-01,4.035392870473241134e-01,6.863815683275218404e-01,8.842214856045713667e-01,7.525854617437657268e-01,6.279330265437762515e-01,7.633133749090620368e-01,8.057655919416418788e-01,7.297467135376344283e-01,7.229575100059058013e-01,6.746145506832508243e-01,2.511435544401330877e-01,1.506208102549580485e-01,9.254379456677978011e-01,6.755266763052327761e-01,8.441320870922376374e-01,6.327989080523954701e-01,4.581396051580699513e-01,1.919699641419647662e-01,3.533249460840346412e-01,7.494159073502065782e-01,4.722334382589299939e-01,8.276489544072844762e-01,6.791569258522084374e-01,1.221812267017170078e-01,9.534275021609865952e-01,5.509109384960835243e-01,9.158974676546209892e-01,4.338641016994367883e-01,6.535483025473816099e-01,6.890619438838376798e-01,3.095123996847011227e-01,4.190324529037436907e-01,4.151566308717123954e-01,8.061410007845283276e-01,5.925721088460306207e-01,2.735981571338924612e-01,5.248199811275964383e-02,7.238679424912620730e-01,9.230127867925512763e-01,2.109558632298803305e-01,3.627258501530032930e-01,6.946863442019707291e-01
7.184934377194108768e-01,3.270720669658662150e-01,0.000000000000000000e+00,6.874960484763747992e-01,7.563205535188110007e-01,6.480988972640446821e-01,9.059100560192153706e-01,7.738988806912194818e-01,8.572916503053874537e-01,4.469100140072557736e-01,5.146632651639647671e-01,6.771842750192270666e-01,9.963257856089211550e-01,8.367433784318015766e-01,8.031010659835268184e-01,4.566432108141612045e-01,8.548787179695419569e-01,6.753941992097494129e-01,7.160281810153843463e-01,9.592229158382701293e-01,7.959844816565020409e-01,6.544991300735009121e-01,6.442095394247235873e-01,9.853564532195348002e-01,6.403885363093458905e-01,4.070102358888004757e-01,9.887129036925181857e-01,6.611171075738270231e-01,3.585235983257879511e-01,9.207941421145980632e-02,1.955347425931354133e-01,5.676376846499924245e-01,5.970539794862741445e-01,6.766200281237740866e-01,4.865250734995693049e-01,3.123038963886478614e-01,3.284449747299262867e-01,9.857430028689628809e-01,9.855755488465121061e-01,5.362528786072595643e-01,7.517464237414257511e-01,9.803527236905597020e-01,7.693762112378124129e-01,6.300794181901303581e-01,8.090871222796222062e-01,9.176822937769906208e-01,6.229428290208927077e-01,9.156550602921549320e-01,5.915042120429792050e-01,9.945353456093770639e-01,7.036374632111126459e-01,9.389929647694668091e-01,4.308643341355360423e-01,8.518264256862723149e-01,7.400450247973384688e-01,6.223850949276125144e-01,8.123154169786119816e-01,8.325444046325146674e-01,8.480863247769354629e-01,5.762879659621877870e-01,5.521569446407305071e-01,8.029451238152274239e-01,7.952397439079026409e-01,8.693720780633875655e-01,6.348793821292113559e-01,9.047323849160405773e-01,9.590567610009884669e-01,9.643152368250099693e-01,7.596037538505788778e-01,7.255565367209039218e-01,7.124422754738855001e-01,8.981550134398237351e-01,1.019748757009314305e-01,4.638080530162145276e-01,8.426659218171903554e-01,3.572395975008603175e-01,6.041466614666985979e-01,8.930817782502145086e-01,5.825918793213713531e-02,5.807040443414238640e-01,7.670796749823824978e-01,7.595345749240077771e-01,8.822226417393891351e-01,3.299278231732357125e-01,7.187101139960664353e-01
7.340889300442555720e-01,2.881675238274272743e-01,6.874960484763747992e-01,0.000000000000000000e+00,9.822224037809331731e-01,6.524377304919575238e-01,7.447803861171113926e-01,7.868081193156817310e-01,6.920672392779889659e-01,9.282618241130173864e-01,8.903211991643183998e-01,6.575863538422149768e-01,9.774942817856244748e-01,8.410710633142398640e-01,8.449792956124787535e-01,4.405226423533838975e-01,6.709777946177496455e-01,2.847418825320422453e-01,4.894981891826898357e-01,6.842671216615927587e-01,9.806014608700895918e-01,9.587350537826738739e-01,9.516406483468162758e-01,6.694224857155864905e-01,3.244069526074714327e-01,8.007422538720709859e-01,5.729205094227214357e-01,6.916081106100767650e-01,6.167122859998925843e-01,3.978114330846238555e-01,5.988344202979858366e-01,7.158426930232264507e-01,6.036722760078566674e-01,7.701340728530858826e-01,3.859347295927721966e-01,3.135581563147700201e-01,1.211570703057533865e-01,4.883540936029643342e-01,7.122473048717870014e-01,7.410452443084500906e-01,4.071675639289563109e-01,4.205977246648313628e-01,7.305060972400737596e-01,7.185221149392160278e-01,9.398988308645592760e-01,6.725188423599913756e-01,4.047069429175488287e-01,8.503610825434578802e-01,4.854444391540601589e-01,6.480383041452508763e-01,7.087543498646019513e-01,4.348959050762102319e-01,6.030057508788871923e-01,5.785893562553612313e-01,7.187025874396271163e-01,4.699463882026405637e-01,3.023925399512319978e-01,6.213400367004154878e-01,8.353547032027175412e-03,3.085229250347355512e-01,3.739722586778438385e-01,7.696245455022414639e-01,6.811108537491801229e-01,8.320270300599873492e-01,6.040858009676286500e-01,3.551500540620865509e-01,4.288422082100113442e-01,5.588902702623825824e-01,4.135697525417385556e-01,7.399350017539511049e-01,9.053610609943110177e-01,2.053577314887533867e-01,2.160871565787422233e-01,5.420529866516856643e-01,6.891600491313705223e-01,8.976693691500005068e-01,6.308273373450141719e-01,2.286304465482013881e-01,2.188900532136580368e-01,2.837089923097804375e-02,8.113768351253347610e-02,5.064633999067862380e-01,8.357812076693353909e-01,3.356074508048774441e-02,6.905833789291488944e-01
6.320850608228503198e-01,4.392192101678361604e-01,7.563205535188110007e-01,9.822224037809331731e-01,0.000000000000000000e+00,2.650815159896867668e-01,3.297286348807079159e-01,7.970462567467375692e-01,5.847782360902099574e-01,3.850402489277873208e-01,7.293868317013552094e-01,5.224014451920477864e-01,8.455798829504940217e-01,5.381580145805971993e-01,5.984292759323162070e-01,4.179799931317855211e-01,5.396756169132507219e-01,8.986124917379532950e-02,9.920697963425932908e-01,6.117282564690742497e-01,9.603100775937886135e-01,5.810806577407260365e-01,9.172936642574847088e-01,4.361506717021439994e-01,1.392689462666295286e-01,8.224463671799222553e-01,2.141971321336087475e-01,7.940012593085101766e-01,4.950532614539683851e-01,2.513760677023411660e-01,2.901264099521828066e-01,2.801620144043025507e-01,9.679661552377856193e-01,7.440445435491744863e-01,5.473628737159792479e-01,4.281266099830571825e-02,9.146460153151217409e-02,1.560648815158926783e-01,4.328622793837630933e-01,6.436777536128168720e-01,5.762654585713752331e-01,6.977076484199257189e-01,6.673477060016584916e-01,8.676383311126464326e-01,2.782881717200874627e-01,6.847745944845315957e-01,9.704958488319896937e-01,7.208918302887585838e-01,5.926141426817730373e-01,4.911473913726439045e-01,9.613750379297369975e-01,5.196531308890319778e-01,4.022430112715427164e-01,5.094480450935118254e-01,3.961722390116970138e-01,8.560335124129807571e-01,5.797980412982970400e-01,4.039734631569348311e-01,6.097888731097795834e-01,7.180825080127499760e-01,4.441726332617460526e-01,4.731633513022895920e-01,8.152801769475402915e-01,6.904230103950074193e-01,9.036310074625952815e-01,3.543711986123427859e-01,5.981689582160951701e-01,9.368254679224525816e-01,5.233274595265934304e-01,9.714511404488082036e-01,9.499042954259174776e-01,4.881265527727559617e-01,3.795059152433397642e-01,4.179454497423935044e-01,2.675352184126473243e-01,7.565956426938829082e-01,9.449532667215896353e-01,2.573622784889726400e-01,2.276508089096639098e-01,4.633031211284832085e-01,4.713337842179701198e-01,4.408557289006760915e-01,7.284248969333914081e-01,4.543459842138709570e-01,4.142318987055519930e-01
7.375428874260205880e-01,7.283413644443953450e-01,6.480988972640446821e-01,6.524377304919575238e-01,2.650815159896867668e-01,0.000000000000000000e+00,6.180213856331780997e-01,2.327068234216403408e-01,5.419713043960556753e-01,6.192218838130022496e-01,9.554653870187417297e-01,9.305593792882471682e-01,3.781240129234566538e-01,4.644382070733108492e-01,4.482258380226136207e-01,4.739679350975927741e-01,2.278261106541956127e-01,2.865740734154455516e-01,6.247980282267411312e-01,4.454577266507442901e-01,6.198366659754952490e-01,2.828557285452003578e-01,5.638860392563536106e-01,6.852114823004203936e-01,2.973181417984279151e-01,8.129320604216343504e-01,7.110453777213361359e-01,6.799291508058401545e-01,5.006179253022414732e-01,4.902665876559907376e-01,2.756443016131246426e-01,5.408744751511510573e-01,5.020242152723098927e-01,6.088907886512795464e-01,4.252816684974037309e-01,2.807501049956381833e-01,-2.225977385098729111e-02,5.633604914509796613e-01,4.584210969438562433e-01,6.443726378721702508e-01,5.848461079421380937e-01,4.569023731707563818e-01,3.234141117320130099e-01,1.574977426551769921e-01,2.909260052713347755e-01,9.009332062663241159e-01,5.506625970187423169e-01,9.130933685549355028e-01,6.488859823359736101e-01,5.378123564133406864e-01,2.623584915821611796e-01,5.517356491938332219e-01,4.658975528841195479e-01,4.448862389111593041e-01,8.238377284730966643e-01,6.913681776267041057e-01,3.792868201431965902e-01,9.214462570193229229e-01,3.603676107351695412e-01,-6.267331760869584989e-02,3.187322216733560198e-01,5.413995852245837570e-01,8.680951679807494825e-01,9.244725323178274445e-01,7.121192261145660174e-01,5.270298090522576029e-01,4.143904079558335951e-01,8.902462779137801929e-01,1.978470470905188128e-01,6.413419825867605617e-01,6.512910933949380698e-01,6.722469580392554933e-01,3.849772345666921947e-01,4.811028317069866445e-01,6.003304764593999643e-01,7.508749063696510406e-01,6.593714029815238575e-01,6.919478258165205897e-01,3.384021306756356262e-01,3.828080577690341491e-01,6.429129509130431241e-01,8.518395449815137077e-01,5.490173900799435458e-01,5.254907525505102539e-01,6.439844417904251328e-01
8.117235877769611863e-01,8.886061739481897204e-02,9.059100560192153706e-01,7.447803861171113926e-01,3.297286348807079159e-01,6.180213856331780997e-01,0.000000000000000000e+00,4.734151496314607521e-01,8.966342794032515773e-01,5.013604193063417869e-01,5.265296074022254302e-01,4.073169762228842083e-01,6.376485740916441047e-01,3.846986832908044773e-01,2.984459998633628985e-01,3.529914157978993883e-01,6.295859582004443844e-01,3.396104083566660048e-01,5.475324143319831860e-01,4.987579258727538600e-01,1.647578211673924875e-01,8.225310185645399175e-01,4.402487555403333253e-01,6.121707061523842253e-01,7.143076148086465738e-01,1.943191679800386831e-02,4.111387705711236351e-01,6.634407865640434832e-01,5.621538117470209484e-01,6.072964902663372522e-01,1.901647874684420092e-01,5.748963615476089251e-01,4.131617723188798497e-01,2.428172129112640965e-01,2.251483419109434336e-01,-2.959834794239719624e-01,2.717036925675966330e-01,6.350187788370756925e-01,9.547650455784810752e-01,3.456304707451845482e-01,6.274833960973165148e-01,5.301764806743053393e-01,7.495361753831770724e-01,7.508157476722161772e-02,5.187279955493744321e-01,2.428673002618178811e-01,5.551572269204301247e-01,4.009014815094433803e-01,5.184919633621947188e-01,4.873714210732967012e-02,4.393344779146575174e-01,3.858411521094815000e-01,4.942275816823298307e-01,7.991600933823157504e-01,8.840072136214168763e-01,8.180693769827864781e-01,5.410899032389300256e-01,5.181310826401871461e-01,8.836384536335218920e-01,4.716969556552474963e-01,2.988388662330483392e-01,7.822816753922594568e-01,3.605847966893360179e-01,2.141920499547791956e-01,6.182233980775523330e-01,7.690712140027112786e-01,4.869225308184062517e-01,8.669257572099727804e-01,5.248714411642909639e-01,7.081586753832045389e-01,5.002094513620075622e-01,2.584477605978958703e-01,3.852078506157740057e-01,4.122630277466449722e-01,5.494981930953084515e-01,5.125149575802501190e-01,2.004322505978003710e-01,4.920663659998677497e-01,4.824642901717332566e-01,2.837389524887466430e-01,3.881053290888910601e-01,8.919381218320617810e-01,3.029248487878252183e-01,4.726785634991519935e-01,4.706126937779769870e-01
5.226824297471807101e-01,4.880697356447699642e-01,7.738988806912194818e-01,7.868081193156817310e-01,7.970462567467375692e-01,2.327068234216403408e-01,4.734151496314607521e-01,0.000000000000000000e+00,6.680894596183072354e-01,2.298942711864780664e-01,5.175437457666256513e-01,2.874076374416155155e-01,8.806177636692923416e-01,6.097874145533913604e-01,8.916920828019460066e-01,4.357937547463622274e-01,6.175765144174474308e-01,8.991078315112686070e-01,4.338068976357473683e-01,5.596056414021808312e-01,7.415667088244816130e-01,7.420007899426699360e-01,2.789991991098704216e-01,9.780987748981554430e-01,4.779218079587583268e-01,4.579445785035022864e-01,4.937027692298049386e-01,7.740112296160363003e-01,5.213317543004771792e-01,5.417623015496058070e-01,-8.230985530025280994e-02,3.591424532421536586e-01,5.184750154972577185e-01,3.995080415393201939e-02,1.039494523749404098e-01,6.291049839067659466e-01,5.579652685209826046e-01,6.095873807036491510e-01,8.256511146901608367e-01,6.130594804010632837e-01,2.533141357227891022e-01,6.370434048770380331e-01,8.696242073068813916e-01,-1.252537433793445842e-01,9.857474452520296193e-01,7.623611713155405978e-01,4.685262518455177161e-01,5.826977106871145118e-01,3.952723573855749795e-01,2.746372804465836426e-01,6.518684162323949982e-01,7.209376886119092109e-01,7.069919190723016333e-01,4.970237224319652425e-01,7.029979627371755191e-01,6.202860644848421368e-01,5.373706520757357552e-01,7.118601989089039517e-01,9.474927667783177299e-01,1.400350500385109942e-01,4.383656545035682361e-01,8.562334469463328546e-02,5.601058566392198845e-02,4.415613146574874359e-01,4.920115946319551514e-01,5.388219576785922005e-01,7.584084308487676340e-01,6.978597593621985729e-01,7.825151074134633067e-01,2.669762255781080729e-01,6.466463042464222211e-01,4.459760105996007362e-01,2.229119601945613316e-01,5.338120037289084685e-01,3.992796515309927630e-01,6.414967142891787599e-01,4.252896522374127741e-01,3.000934200449024147e-01,1.734252657576180745e-01,4.778415039647053164e-01,6.519377934797039309e-01,9.498958928663343571e-01,7.442560064152210497e-01,5.237820421643059055e-01,8.053077044979755073e-01
7.479990976603435593e-01,9.402611366088198253e-01,8.572916503053874537e-01,6.920672392779889659e-01,5.847782360902099574e-01,5.419713043960556753e-01,8.966342794032515773e-01,6.680894596183072354e-01,0.000000000000000000e+00,7.208625853494943225e-01,5.495078891496680829e-01,6.230494574605672338e-04,7.507202133274832878e-01,8.244614146942291777e-01,1.049486640309505586e-01,4.544954210895316704e-01,3.781245979093106335e-01,2.634092134492909132e-01,8.437128077136429871e-01,7.886727702981395360e-01,9.566999986764157526e-01,5.927457609850625975e-01,3.753274427618071840e-01,7.440152982773700074e-01,6.712915196100806003e-01,5.797190300830149523e-01,3.936348543424671442e-01,5.348966262426081419e-01,-1.614889458147908130e-01,6.779711813277725097e-02,3.484278826953456365e-01,4.367819158559325121e-01,4.265510648951296169e-01,5.706675424049032497e-01,6.886559858196468209e-01,4.220648454916378634e-01,1.170838389015260300e-01,3.885200970672791909e-01,8.076324172116894351e-01,9.048784434206691429e-01,2.875983675842903042e-01,3.670789331464830996e-01,6.494198156280234224e-01,6.837088498840615536e-01,8.758539391512967232e-01,7.976181415375380723e-01,1.204970309018266461e-01,4.198899858632770127e-02,7.496843579044780714e-01,4.628351417521293087e-01,9.699513370431509518e-01,5.335350143084456320e-01,4.143095771777255409e-01,5.990806204646726973e-01,3.299595934496925009e-01,6.080451362026191298e-01,4.164894476785158117e-01,1.874410561679757947e-01,6.801026020163983832e-01,5.531410545760164776e-01,4.280235728259788042e-01,6.617539484737057220e-01,6.559585628272102467e-03,6.701500060189377050e-01,6.510902927745469970e-01,4.821896426847571693e-02,7.263610509776435853e-01,8.060602770570119979e-01,9.798824320567161017e-01,4.573540074523842480e-01,4.279447228541666259e-01,4.731578759181774285e-01,9.834301938685360289e-01,4.219163252177158263e-01,4.026740877804241281e-01,7.555957900924846760e-01,6.570325671690013802e-01,4.019813963432550263e-01,3.258923052872677584e-01,7.595548747465473427e-02,3.344140933912074232e-01,5.939659601907054665e-01,2.134679615632134320e-01,3.114747012269568072e-01,5.463271317546621875e-01
9.048436386096248008e-01,7.613717753360440543e-01,4.469100140072557736e-01,9.282618241130173864e-01,3.850402489277873208e-01,6.192218838130022496e-01,5.013604193063417869e-01,2.298942711864780664e-01,7.208625853494943225e-01,0.000000000000000000e+00,5.655726023144229675e-01,7.321887560199973333e-01,6.525165780053518993e-01,9.099878514626602577e-01,5.093753823450382079e-01,4.083129733078494916e-01,8.965371162627204793e-01,6.904357813782545650e-01,6.815188447766622470e-01,6.619554605261119828e-01,6.300392427340113510e-01,4.826090743210877387e-01,9.095244102265342967e-01,5.237175069318042997e-01,-1.903645504436631553e-01,9.517418059882817305e-01,3.230437364982644555e-01,7.273141990977357585e-01,4.142741198895472099e-01,2.521432032828119230e-01,3.824410562656382906e-01,7.922595851937020983e-01,4.737945152919647018e-01,3.307740655581414835e-01,3.533554790126574585e-01,5.893851882943319520e-01,2.738459961913397578e-01,2.360291795064219378e-01,6.003271697090006853e-01,7.791809286539065349e-01,5.397893844021716125e-01,4.507193895977685827e-01,-2.831258388890489641e-02,6.785861536649701042e-01,7.653818384627282256e-01,7.976539156200647129e-01,8.057967812647606753e-02,5.985496496142171940e-01,5.794470445696979777e-01,2.892255123381994864e-01,4.480050282806979922e-01,6.771007769631178785e-01,3.807357209621822225e-01,6.894651365894165496e-01,2.161523753618678212e-01,7.810157732199727310e-01,9.605344265607378418e-01,6.960241647268153864e-01,5.830248423072057484e-01,2.304902519766792168e-01,6.735290311072994474e-01,3.729555782038925793e-01,5.834858360946233446e-01,9.156076827602638302e-01,4.962475945301943470e-01,6.082204299745295195e-01,7.381482467718363250e-01,8.948896876090193242e-01,7.614706337352930010e-01,4.487737655363816525e-01,6.915513649367118765e-01,6.800058577726308950e-01,7.412219746245456431e-01,4.978470676268503259e-01,5.692276936256840392e-01,4.743553233700760208e-01,5.519270739075395893e-01,1.121455112766586160e-01,2.915855053877769443e-01,3.030606107809633021e-01,6.609667343902436709e-01,6.389188183832027468e-01,6.874863549944336683e-01,7.577982023791878241e-01,6.413104311978989891e-01
5.288549120257354241e-01,7.786845911886656202e-01,5.146632651639647671e-01,8.903211991643183998e-01,7.293868317013552094e-01,9.554653870187417297e-01,5.265296074022254302e-01,5.175437457666256513e-01,5.495078891496680829e-01,5.655726023144229675e-01,0.000000000000000000e+00,6.647311960990673896e-01,6.456820550297126537e-02,6.261436993322629929e-01,6.195904301971236761e-01,1.385368390509132686e-01,7.366653251160476534e-01,7.189683515037896822e-01,6.254576482069428289e-01,9.304732212667825575e-01,2.149542527502978639e-01,8.304269299414851480e-01,6.008581391680283268e-01,8.126983966161360762e-01,5.754975599303623346e-01,8.345670207103101923e-01,9.857531992859457359e-01,4.333127780455210409e-01,6.215387978002999692e-01,5.356863590662603869e-01,3.720359337484598905e-01,7.028149103946674803e-01,7.619036767105602515e-01,4.586693516116371883e-01,5.124584819763942090e-01,7.417993306187526947e-01,1.900149689901827199e-01,3.379749292223304113e-01,6.102401973284461434e-01,5.542899195904100740e-01,3.821582884426564797e-01,6.349571533621003461e-01,9.484284843337031923e-01,6.330612490335814080e-01,2.575062130905637625e-01,3.220304465154200657e-01,8.655215815898763543e-01,5.263136281392535309e-01,2.130193125068333970e-01,7.466294469739878092e-01,4.930419643392087714e-01,3.869162018274208137e-01,4.952792173945006482e-01,5.882430304739382221e-01,9.742774736367811883e-01,7.369883293705532523e-01,4.085159588154934074e-01,4.632348167182543386e-01,6.168607202824510222e-02,3.476510354964396643e-01,2.148410321901577935e-01,6.102021968707722621e-01,4.572841025125836678e-01,3.202734273541136822e-01,4.432812422531547392e-01,5.644717842207332137e-02,5.374891914888515476e-01,8.018994045020242378e-01,6.655457806959533817e-01,8.363190371370849974e-01,4.889221108024762730e-01,8.642323979540009748e-01,4.754423689050439883e-01,3.087319741023514252e-01,2.477762366531013338e-01,6.029327830355114548e-01,9.616135093758988450e-01,5.610520363134762212e-01,1.128742812780275662e-01,3.439397893252950089e-01,2.924398774451588134e-01,9.984307173806568070e-01,7.166268096691641443e-01,5.967906113924497102e-01,6.099254959379177832e-01
9.009610476255792699e-01,2.723661856784275748e-01,6.771842750192270666e-01,6.575863538422149768e-01,5.224014451920477864e-01,9.305593792882471682e-01,4.073169762228842083e-01,2.874076374416155155e-01,6.230494574605672338e-04,7.321887560199973333e-01,6.647311960990673896e-01,0.000000000000000000e+00,6.852491955152829606e-01,6.986468444573529224e-01,7.507707886583337986e-01,3.386335523668826397e-01,7.155639658116972335e-01,6.623981485455586737e-01,8.274563200085658377e-01,6.260355902503788039e-01,4.021223282456553028e-01,3.253839713676957013e-01,6.938735056713573046e-01,9.954328258891711467e-01,5.063348894694807978e-01,8.132431666359705158e-01,5.344240932569005453e-01,6.956218736221994048e-01,6.776326137515961134e-01,3.418421407610574558e-01,4.475784948837516208e-01,5.184531064986017679e-01,5.792040691073948588e-01,9.915783514893422579e-01,6.797559402125230577e-01,4.112782321413072650e-01,4.147802193559309292e-02,2.642597079457983944e-01,3.865181834051014675e-01,5.355967840804713997e-01,5.602582040254114881e-01,8.582175441841464192e-01,9.926735820554761780e-01,5.930585086927611105e-01,7.704606841703726117e-01,4.657515789289711772e-01,4.091008788776058780e-01,4.483742834699375179e-01,5.152558442079641088e-01,6.813610189071539480e-01,7.771044781994287387e-01,3.357084382142538903e-02,6.941608594976252933e-01,6.669544196653416357e-01,4.866258076069955307e-01,5.176847105578052943e-01,5.524558619435864237e-01,7.636675797474654637e-01,1.558361206030407231e-01,4.631656896658327138e-01,6.822623900943528552e-01,5.315678566006707406e-01,3.850180763098024483e-01,8.780252766420137966e-01,6.665714576781530676e-01,5.878528733838900289e-01,3.924449817801802243e-01,5.121131249760755288e-01,-9.116070984893809293e-03,7.214129065262189222e-01,7.446413796701456533e-01,7.980557286301026565e-01,3.828366719677793739e-01,2.614036907516247288e-01,7.917020420940512615e-01,4.565758676469088839e-01,6.960431742517507736e-01,1.743206680275458109e-01,5.069330958571294232e-01,-1.137916129626601325e-01,2.844139507223020225e-01,8.651380179262714298e-01,7.733078885498843036e-01,8.788605001368587910e-02,6.405937176680043255e-01
9.426022372891492696e-01,8.657218936463250136e-01,9.963257856089211550e-01,9.774942817856244748e-01,8.455798829504940217e-01,3.781240129234566538e-01,6.376485740916441047e-01,8.806177636692923416e-01,7.507202133274832878e-01,6.525165780053518993e-01,6.456820550297126537e-02,6.852491955152829606e-01,0.000000000000000000e+00,8.729619128629306779e-01,5.177909667288789208e-01,8.097065925978732537e-01,8.199579876983428273e-01,6.776040195944948996e-01,9.328942412031578924e-01,4.579816449722840521e-01,9.857580244932879765e-01,9.231442011702666317e-01,9.230556636914167834e-01,7.479211015013966790e-01,3.313305281605813946e-01,6.697733646515333650e-01,7.715630710281546900e-01,6.821615193441232794e-01,2.740413286630328238e-01,3.115657491106811339e-01,4.715127625758027685e-01,2.675272811142461946e-02,7.040748318428410313e-01,4.828163673587602678e-01,4.586185590624303754e-01,3.881004617316507477e-01,2.141027965044448866e-01,5.923475480566356977e-01,2.921382917684800518e-01,9.368410827855075951e-01,9.041886307235963427e-02,4.279455050003041494e-01,1.537313752796567456e-01,5.658925720813912097e-01,2.041622037821307079e-02,1.787436722638180431e-01,4.634511728383998719e-01,7.142728743114206136e-01,7.158312828389356008e-01,9.387168108594438065e-01,3.231886653089118266e-01,2.527431710064309556e-01,4.820819318050124092e-01,8.643100462556322361e-01,7.073427227206087187e-01,6.501385529657475182e-01,2.358184022605173680e-01,9.280177021991273811e-01,7.365997911324279057e-01,3.240372968525342956e-01,2.362354822002152577e-01,5.095471699579920966e-01,1.856717818051289992e-01,7.702553290055085267e-01,4.159558561834736934e-01,7.773010835405699259e-01,8.872396969809024370e-01,2.603708203052793047e-01,5.403433344521408888e-01,8.005983318434068963e-01,7.387727798253281852e-01,7.816059519007655387e-01,5.044767305176705019e-01,1.096542824016075862e-02,7.195942538912294406e-01,7.251955173458080051e-01,4.928801945274172702e-01,4.365650774863557571e-01,4.839484282625011180e-01,2.285235498728594439e-01,8.407932960701416381e-01,6.780503430817006461e-01,9.308928676068919383e-01,3.866901817027804111e-01,5.279460614846601674e-01
4.100092909645643990e-01,8.257258932828805964e-01,8.367433784318015766e-01,8.410710633142398640e-01,5.381580145805971993e-01,4.644382070733108492e-01,3.846986832908044773e-01,6.097874145533913604e-01,8.244614146942291777e-01,9.099878514626602577e-01,6.261436993322629929e-01,6.986468444573529224e-01,8.729619128629306779e-01,0.000000000000000000e+00,9.871517973100221166e-01,1.853536441477978969e-01,2.782359304326330052e-01,3.834043989806335540e-01,-7.763678507733108580e-02,6.157855619742582665e-01,4.118979369511271416e-01,4.719636943113035832e-01,9.235974907220841912e-01,8.369177666285285699e-01,9.900983702710567380e-01,7.216162447790549495e-01,6.220453793759271877e-01,8.501768592806346891e-01,3.077234704395105380e-01,6.350453223994774188e-01,4.030799894472728573e-01,5.678948619574365475e-01,4.035676499119966731e-01,7.390291503318446864e-01,6.844162443622796577e-01,3.139059388464848777e-01,5.092624934317833141e-01,7.097250830247955333e-01,8.794120809592749222e-01,7.204555164131504208e-01,4.576487803138042376e-01,8.002725716350738150e-01,7.054000465382984641e-01,7.738951382619012609e-01,3.571897973365197876e-01,6.378454570663417700e-01,6.423497807357212430e-01,9.690005553064590105e-01,7.333562821249446362e-01,4.614832145135463470e-01,9.620434021962345206e-01,7.333381452609036844e-01,4.254550381198047848e-01,6.076337591002509697e-01,6.187834204562926432e-01,4.883635933102201121e-01,5.394583771430320196e-01,9.955069677832241171e-01,6.984719361149928085e-01,2.480747847228817748e-01,7.337490896226767090e-01,8.800949147625476421e-01,7.326655363262083442e-01,4.734449299270274136e-01,2.926103507488644895e-01,6.646214326388827365e-01,6.470088236733618769e-01,6.519961762825541296e-01,7.487618445687327373e-01,5.804375941405957029e-01,9.432848025865595565e-01,5.781848057657617002e-01,7.084830181301182694e-02,3.962134620962550757e-01,3.257517522187514114e-01,8.671485763339402686e-01,9.331195891881618465e-01,8.153062645149848908e-01,6.797198910291564200e-01,2.192597300342247202e-01,7.259269322640552469e-01,9.750314365272372275e-01,4.149367714508585547e-01,4.767579829141581627e-01,4.535081624521281052e-01
4.645282707457883964e-01,6.817207773538013216e-01,8.031010659835268184e-01,8.449792956124787535e-01,5.984292759323162070e-01,4.482258380226136207e-01,2.984459998633628985e-01,8.916920828019460066e-01,1.049486640309505586e-01,5.093753823450382079e-01,6.195904301971236761e-01,7.507707886583337986e-01,5.177909667288789208e-01,9.871517973100221166e-01,0.000000000000000000e+00,3.558242741183712532e-01,7.396065797204407488e-01,9.632561417468924470e-01,4.553053257798244657e-01,5.396985820582311799e-01,9.663303193136288938e-01,4.378079573610601516e-01,7.847058272547955404e-01,3.319579623128128265e-01,4.330724494773074973e-01,5.364218345379873076e-01,4.565145967212707045e-01,5.810484440246506121e-01,5.657034624013948521e-02,3.590983294877705401e-01,6.968544895349926271e-02,5.251968379535549847e-01,7.477910414698998309e-01,4.502517874664404007e-01,4.599582123715740267e-01,6.639282548366771675e-01,2.212507822292156534e-01,2.264818119466898982e-01,9.880830915484135613e-01,2.127458124930937666e-01,9.777360922178018887e-01,7.455333015623462067e-01,6.852323364882166867e-01,7.788880094060965931e-01,9.439568026914754162e-01,5.328119447078960569e-01,7.248505978589673271e-01,7.794107694927916441e-01,6.545220015050315920e-01,2.977302573377352823e-01,6.138016567599038353e-01,7.539963274410864669e-01,7.548302123409599274e-01,6.261800203046659075e-01,5.671116566241500845e-01,6.021658128577732638e-01,4.969984486189653050e-01,8.166530911398224291e-01,4.649390302989153678e-01,5.637180963090711039e-01,6.277568679005758323e-01,2.486901365553555732e-01,5.304399249937689076e-01,7.882352827080347790e-01,8.485175659413981553e-01,5.806465326013081629e-01,8.656092960127007574e-01,7.332587074735570365e-01,6.021452768776232034e-01,6.319420030908787789e-01,7.118945025744133348e-01,7.558660529513163695e-01,2.392692861938854887e-01,1.530178249836325333e-01,6.201812694157982087e-01,4.567500722538012647e-01,5.736240807806540776e-01,6.856200918495142238e-01,2.777313374567509374e-01,1.669345233989462385e-01,5.586795589463575684e-01,4.330117433823451045e-01,8.604226602908713328e-01,5.273162428575192129e-01,6.767404378733629100e-01
3.028627061328070802e-01,5.393101496024612640e-01,4.566432108141612045e-01,4.405226423533838975e-01,4.179799931317855211e-01,4.739679350975927741e-01,3.529914157978993883e-01,4.357937547463622274e-01,4.544954210895316704e-01,4.083129733078494916e-01,1.385368390509132686e-01,3.386335523668826397e-01,8.097065925978732537e-01,1.853536441477978969e-01,3.558242741183712532e-01,0.000000000000000000e+00,7.783902444457413417e-01,6.274675270870221366e-01,9.127931858344749960e-01,9.719726877404980536e-01,9.557540682615557337e-01,5.289743771855697219e-01,5.519901472142139248e-02,7.196506408757739059e-01,6.986075945870302562e-01,6.312912681141400473e-01,5.215331180326024940e-01,7.514118913021242685e-01,4.952696557030877855e-01,6.174695676564075919e-01,2.900794705169364440e-01,5.304561542109057504e-01,3.140183771011502145e-01,5.632310205443438189e-01,3.836183567951345075e-01,6.500772537635831627e-01,2.995183432385420050e-02,4.445460453895548891e-01,4.865561145602363413e-01,7.531231430879792299e-01,5.433409266344929600e-01,9.065673508816129988e-01,8.499632023770465894e-01,7.125642808600020084e-01,7.884439302124314208e-01,5.841964705389770529e-01,9.896706581834047167e-01,6.294556087241961473e-01,4.106050285474117656e-01,-3.237755596158887195e-01,4.185610313405943583e-01,7.018059278736690221e-01,7.404213972871904748e-01,2.250577466392028325e-01,9.108183583104535463e-01,8.882021327271146793e-01,7.714012242807601893e-01,2.204199253493223098e-01,3.359130975173165723e-01,3.617496619266099001e-01,3.103281383728743736e-01,2.191189729618467363e-01,2.364009058090523197e-01,6.422542244409199519e-01,9.560290104336753858e-01,3.303515833870965812e-01,5.845066589116625355e-01,8.584968409579587512e-01,3.052290353565202952e-01,6.062343593212413673e-01,5.779927864876805987e-01,9.816327710109760130e-01,8.165577500284670887e-02,6.358856603968616739e-01,5.372135707121111770e-01,6.893900360732501120e-01,3.855799704315892584e-01,7.679483902742025858e-01,1.624784002114920134e-01,3.999960219860330263e-02,6.377504093154828801e-01,7.597737769833903809e-02,9.424723195666555586e-01,6.726093083036237541e-01,4.598906687337747101e-01
9.335840889750359750e-01,7.131724605817870710e-01,8.548787179695419569e-01,6.709777946177496455e-01,5.396756169132507219e-01,2.278261106541956127e-01,6.295859582004443844e-01,6.175765144174474308e-01,3.781245979093106335e-01,8.965371162627204793e-01,7.366653251160476534e-01,7.155639658116972335e-01,8.199579876983428273e-01,2.782359304326330052e-01,7.396065797204407488e-01,7.783902444457413417e-01,0.000000000000000000e+00,5.409321465092841175e-01,3.880365930541901376e-01,6.939203995961384930e-01,9.952145257599126493e-01,5.295720428000803004e-01,7.655501121202756831e-01,5.279050083650927983e-01,3.326681603849946933e-01,7.381582511105039268e-01,6.789958768435343517e-01,6.399954352001566704e-01,5.734983114333781495e-01,4.034570761448860177e-01,5.864492922857732493e-01,7.515054353378212149e-01,6.528746280120653056e-01,6.100633174436460582e-01,9.765357966499866871e-01,4.596350934991444426e-01,3.482279314575688067e-01,7.718821285533211674e-01,5.490437427621573940e-01,8.900768507808848318e-01,4.757891517584657559e-01,2.236608973267840694e-01,6.809090337433533202e-01,8.325568875681473857e-01,8.241873057954292037e-01,1.016667564437709753e-01,4.308311419981216694e-01,7.582791234155454863e-01,6.363331385178996324e-01,7.996074719832864108e-01,5.451947770424195872e-01,8.966957655134901728e-01,7.053019129918806085e-01,3.830988729735986809e-01,7.499925481213604028e-01,5.740355468824678287e-01,7.511214632421761017e-01,8.959348892595437874e-01,6.111971427856101036e-01,7.826315329139967858e-01,4.511384718200728283e-01,7.450123172381080128e-01,9.192183000284884775e-01,8.666328189583656361e-01,6.172799381781504113e-01,9.265178876147737164e-01,6.265101527217058486e-01,6.060059356071193504e-01,7.282623702587961434e-01,8.363711628506929063e-01,6.081174072076528381e-01,9.323256216935591478e-01,5.710609427378271485e-01,-1.119769742163823634e-01,9.653517590457474373e-01,2.349122786588995204e-01,7.508297304706680331e-01,8.012173661226242860e-01,3.644855921287379896e-01,3.811229402496701946e-01,6.529821787667844379e-01,9.136682826945764502e-01,7.684507204490955701e-01,4.857832050446505012e-01,6.440359447328216635e-01
7.894235924056092202e-01,7.792693710404956509e-01,6.753941992097494129e-01,2.847418825320422453e-01,8.986124917379532950e-02,2.865740734154455516e-01,3.396104083566660048e-01,8.991078315112686070e-01,2.634092134492909132e-01,6.904357813782545650e-01,7.189683515037896822e-01,6.623981485455586737e-01,6.776040195944948996e-01,3.834043989806335540e-01,9.632561417468924470e-01,6.274675270870221366e-01,5.409321465092841175e-01,0.000000000000000000e+00,3.869379792165440479e-01,4.098993045133729751e-01,3.985499046459872741e-01,7.162620634419539778e-01,9.573578312114372491e-01,7.862615783203731334e-01,7.660671717949618653e-01,5.681217186688193310e-01,4.589852205749620495e-01,4.981071035098001420e-01,3.855653017014000483e-02,3.885525720902959224e-01,8.116192092372297162e-02,6.801111384384816994e-01,7.851878026238019448e-01,8.075056320521800668e-01,7.382034428617564314e-01,3.125173601108181543e-01,4.911653972294998671e-01,5.693134864083146951e-01,4.388608142135099754e-01,7.838280395442218662e-01,3.413230181599030688e-01,5.145174202691955578e-01,7.584556939115096874e-01,8.422120338265511874e-01,7.014138373679211780e-01,6.113385511982271092e-01,6.488922149140576856e-01,6.865793188753224197e-01,5.920567179201891017e-01,7.685620570794220452e-01,5.882820055384021529e-01,7.292225012951339957e-01,3.844765614730445979e-01,7.537150803637340246e-01,3.894131665497290173e-01,1.827107941349055409e-01,8.002723016175321558e-01,2.802726593864508509e-01,4.718247607793348841e-01,-1.852320311565054667e-01,4.872219076948240968e-01,6.937236278796008460e-01,3.583348692955330705e-02,7.598750577271846662e-01,5.465214134094922849e-02,7.719721208205060359e-01,7.258141725350248930e-01,3.885696098146952382e-01,1.774417813691811507e-01,3.276974535469601713e-01,7.350555524397314189e-01,6.750712110280716605e-01,5.576959095537713518e-01,5.509363252950214562e-01,-1.295575033625678829e-01,3.707428503392002916e-01,7.578731197534965824e-01,4.055815830825145740e-01,2.797998448850146924e-01,1.490303917903728070e-01,5.556545132053882785e-01,6.607067742549802558e-01,5.641064485525897343e-01,2.709765466363174835e-01,6.992441389337845647e-01
