0.000000000000000000e+00,8.553898354285567329e-01,6.377944499576003734e-01,4.103933854193325126e-01,7.347496778670352668e-01,4.494827211329846528e-01,5.964020807883072539e-01,6.449639060817915492e-01,7.549809469862374112e-01,7.526539094764491677e-01,2.940160102806405051e-01,6.436045590840471231e-01,5.190432553478752098e-01,6.329140773044316104e-01,1.959689865878124770e-01,5.789706544481292294e-01,7.324874461777332035e-01,4.515487926798290585e-01,8.227684711604017487e-01,8.985306423693601996e-01,8.813470255346480542e-01,6.088979735486647060e-01,5.852486520547843796e-01,4.321715239385119922e-01,7.921751191312937923e-01,7.438351311225693818e-01,2.727503581910027397e-01,7.818066525095851427e-01,4.678650225384515804e-01,4.387080294166542105e-01,4.406418324247428631e-01,9.082603439264290701e-01,2.004208444570125536e-01,6.198432246546246027e-01,5.611592810510505069e-01,6.296278250703633006e-01,3.046868653817870198e-01,6.877048179968635599e-01,4.114081317419741590e-01,9.651775565725533301e-01,6.048759401927532586e-01,4.518264453939130343e-01,4.161715661956553181e-01,9.069426540186287244e-01,9.034337651489973142e-01,6.627623296407321174e-01,5.806714590000403575e-01,9.939012815533030398e-01,4.381057109336008448e-01,8.177742255130729943e-01,8.320852742937535629e-01,6.250760747053049071e-01,7.792163158789697786e-01,7.949501131330769521e-01,6.980562924212823095e-01,5.269240819822000876e-01,9.945905705715549772e-01,9.550403503888178491e-01,8.266947588739947950e-01,1.338471748868410305e-01,2.027598796072423715e-01,9.823296613709107117e-01,6.456828468152773226e-01,6.973741366174243117e-01,8.103581975193735465e-01,7.078195690572993692e-01,6.012121205727004591e-01,5.601301798636200147e-01,8.531287903199055167e-01,6.030400987000685831e-01,5.643002046166664121e-01,9.486905212039736801e-01,4.813822702483741001e-01,6.086697932155112900e-01,4.577774264964763473e-01,8.487808958073653764e-01,7.579359541939124645e-01,4.542730206068729681e-01,4.810986322268551163e-01,7.079213008314054756e-01,7.630088630516347337e-01,8.047571760369194305e-01,9.868159780099092782e-01,5.111671089681832925e-01,9.987064192948617025e-01
8.553898354285567329e-01,0.000000000000000000e+00,9.101835242509247470e-01,5.915734154938991907e-01,8.339461123202973614e-01,3.940921048547244010e-01,3.216863885309698690e-01,7.747659428387453362e-01,5.904581431288429272e-01,8.250090661435430794e-01,6.468412172714109731e-01,5.403717705920295655e-01,7.951705886994255845e-01,5.343094646195083453e-01,5.891753466822662322e-01,1.585598674808385289e-01,7.893142797984918912e-01,7.009022096966489590e-01,7.870352809287286533e-01,7.191104384702831087e-01,6.339736655701557755e-01,2.535777914357749685e-01,4.443971738802984239e-01,7.666976028309164803e-01,4.237073319830837459e-01,7.811246580429767050e-01,5.294125348432914269e-01,2.875860786549064851e-01,1.868670451881194738e-01,5.024450525147180491e-01,-1.197171031208613401e-01,5.897690559130397414e-01,3.166019385172101908e-01,6.923110557109009022e-01,7.926589270855726177e-01,6.510732425549701219e-01,3.514579086505151828e-01,6.854467757289470775e-01,6.431124781728752016e-01,1.345459449819913222e-01,6.716792676228739989e-01,7.102573064858709317e-01,6.503167378132505005e-01,3.960985644381990189e-01,5.997185988654232247e-01,9.278678074202633130e-01,7.916528206585460303e-01,6.371934841396952320e-01,5.000752537886095084e-01,5.612801116540868662e-01,9.196747013449955155e-01,2.090277588062264547e-01,5.260761349590437064e-01,8.736074870037848772e-01,6.101846533515790094e-01,4.594241355255497261e-01,5.436007623052530047e-01,3.743435549444144028e-01,8.233999312407576099e-01,3.752468021475462434e-01,3.690595417108881726e-01,7.615142837459774050e-01,6.247971005420325241e-01,8.995605055110716952e-01,3.427154198120345163e-01,9.524281932380127547e-01,2.876817642933742758e-01,6.466883994447932826e-01,7.760479613472406335e-01,3.955479661153010751e-01,8.736227963884493075e-01,8.811307697681662887e-01,-1.650752323178015790e-01,7.375082461366910813e-01,4.446716351687992064e-01,8.890882094419677584e-01,6.242182138678820102e-01,6.016861069862584621e-01,3.272250592575908223e-01,5.035396045712464685e-01,7.579448983328510581e-01,7.467236143874794729e-01,7.246128575686131557e-01,3.310108405505424178e-01,4.721834345292194590e-01
6.377944499576003734e-01,9.101835242509247470e-01,0.000000000000000000e+00,8.253346101098955057e-01,7.745147739632362027e-01,8.758415926111037253e-01,6.394491651910355623e-01,7.373945363488962901e-01,9.969956419503442913e-01,7.070597965755320846e-01,6.391479531963205618e-01,2.857962649224204954e-01,6.232394962307811204e-01,6.098026395269353639e-01,8.724220084811334930e-01,7.384386245958114436e-01,9.266099047214625406e-01,7.304694879565666321e-01,5.739645768336573139e-01,7.197670619551430615e-01,7.857425716386334802e-01,8.533454516841164628e-01,9.868397621843344458e-01,7.314922263004604019e-01,9.042311094932681259e-01,6.230276678080611807e-01,7.497214772531346494e-01,4.900205610075193396e-01,7.677784010621798716e-01,7.785514112310967239e-01,4.747006693617472073e-01,8.329821162866150042e-01,9.488586389387266840e-01,7.630207269376472201e-01,1.501546512504814412e-02,2.414100395348455497e-01,-2.933383534521043501e-01,4.336947887544671532e-01,7.911543003305134825e-01,1.663046466838168647e-01,1.571569466622336764e-01,9.215936816828139699e-01,6.518970765062418460e-01,7.704423540400473502e-01,9.514801932322448641e-01,9.430763008272043946e-01,3.397354512666173054e-01,9.731432372562948130e-01,5.059095087222558185e-01,8.882423675845272371e-01,5.711172943651178224e-01,8.150807105576831635e-01,8.014949958558983401e-01,7.927559316850152360e-01,6.305366591205061599e-01,9.994049830756814856e-01,7.341681938204259739e-01,8.618554199815582351e-01,8.116014293204008023e-01,3.200598724540703599e-01,5.579120448348406924e-01,7.157815110390429725e-01,9.407906851754650468e-01,8.706386017461187343e-01,6.827237029366880483e-01,4.485090549417805605e-01,8.987682618835888260e-01,5.763816815216380451e-01,8.535329295308311526e-01,6.903008471874775287e-01,8.001113857494968062e-01,8.156872045704911534e-01,3.829214577966274513e-01,3.529177002213190750e-01,8.851748590407425565e-01,6.743856692321722468e-01,3.209448210750969754e-01,9.467041112074074949e-01,5.221238652107763611e-01,5.596776110034862653e-03,9.762291667948876928e-01,4.287930034603917862e-01,1.227579772446237838e-01,5.238077145743660346e-01,6.560478363878485819e-01
4.103933854193325126e-01,5.915734154938991907e-01,8.253346101098955057e-01,0.000000000000000000e+00,7.783699022952393909e-01,7.866074746892042224e-01,7.312621360966359285e-01,7.092862620842055321e-01,7.201361850201004611e-01,6.645588482370344829e-01,5.283904815328678284e-01,6.393132651680121237e-01,2.849687833570072604e-01,8.033369202710728407e-01,7.946752508452152863e-01,5.175566918293902363e-01,8.670252657202152102e-01,9.392200400545809291e-01,9.675678912917926588e-01,9.389880312840264143e-01,4.660121645033581395e-01,7.256598819240647202e-01,6.148459138751534159e-01,9.195238408104124961e-01,3.520563578784340342e-01,7.499439769732851868e-01,9.049455073785469539e-01,6.591605185283586632e-01,3.820875126538625932e-01,-1.431435012586186051e-01,-1.241951390277322154e-01,2.501272687965834240e-01,8.330987794864257445e-01,7.075241952418102054e-01,4.572505069202444372e-01,6.372997135853544215e-01,-1.753185312396662865e-01,5.855179118483144762e-01,6.029651073191437671e-01,6.886923457567084572e-01,9.028283505946878007e-01,8.932081552655908308e-01,4.609670182669985405e-01,5.167743425931383694e-01,9.247943776363483082e-01,9.998582182275250752e-01,4.728972680472945389e-01,8.909264838337418446e-01,4.299405694950786394e-01,8.884597681887883569e-01,6.056904810522529825e-01,2.310609661196977860e-01,4.157120167587050608e-01,5.468289260319160183e-01,9.147595971804117765e-01,7.184840143264522583e-01,7.656053349602575109e-01,6.725974200943543035e-01,6.566427250838756668e-01,4.973274886974843323e-01,3.359530436059348507e-02,6.938174951804035873e-01,7.696593572870887856e-01,5.673475955826269290e-01,9.052808361394032444e-01,8.906081396213119117e-01,6.934699134468464976e-01,9.472701479764000787e-01,5.015507172794584356e-01,9.692064658328765070e-01,5.865190733446770111e-01,4.246573299805551094e-01,5.654197002260317323e-02,3.702364160877147925e-01,6.101748285774899472e-01,2.970871195334134907e-02,6.382809199962952151e-01,5.648710992294905808e-02,2.745875583347861526e-01,-3.183670220666579009e-02,4.624096649959161254e-01,7.147432973717312565e-01,5.373319014245023784e-01,2.540506767875346239e-01,2.350149620454599908e-01
7.347496778670352668e-01,8.339461123202973614e-01,7.745147739632362027e-01,7.783699022952393909e-01,0.000000000000000000e+00,5.457090585534765115e-01,9.974184067013409649e-01,7.995346647174581545e-01,4.470786271659815680e-01,4.494382015236097483e-01,4.119803796188805101e-01,8.808166293468258079e-01,9.246627937969009725e-01,6.077736160754360073e-01,5.081089254199046001e-01,1.141171215873961614e-01,9.813473727899155730e-01,7.020604422211743634e-01,6.482568556450907238e-01,9.541591952643169172e-01,8.480758316792993412e-01,2.912526134116739662e-01,6.580365537698100731e-01,7.843273269412800452e-01,7.517482528062320313e-01,8.252625010572091080e-01,9.709883685903490935e-01,6.680875714353267103e-01,7.496979970131549820e-01,3.772836702440084400e-01,3.423293273742326615e-01,7.616298814943239792e-01,4.642248815941885098e-01,6.952068300710907423e-01,7.805537916104398066e-01,7.093585856609659901e-01,7.346393976735512421e-01,2.717921196368009440e-01,7.819478338689813679e-01,7.659664889464214976e-01,5.283722982851790650e-01,7.869600427001546272e-01,4.201302673557501532e-01,9.606055472724716049e-01,6.498057975636254424e-01,6.685077552239639953e-01,4.422474258949802284e-01,7.260972685978520635e-01,4.351311148602916568e-01,4.369402708583004502e-01,2.499751438109257540e-01,9.112985727825414495e-01,-5.041056143471667195e-02,8.706186003573697096e-01,7.702233613081033159e-01,8.064409177921670890e-01,2.767250698215260596e-01,6.832546257435232473e-01,6.898293343750203643e-01,5.705834264523260702e-01,7.164917821363178119e-01,4.621528883753450168e-01,9.222758857319427461e-01,9.334084240150040124e-01,6.779285977080786729e-01,5.473676903519749670e-01,6.881518193029110275e-01,6.195580327858090097e-01,6.076068857399437029e-01,7.298132039917378799e-01,6.286835554936687220e-01,6.915350833240043738e-01,3.665175332040317979e-01,-8.299316725330253830e-02,7.702149315694930554e-01,9.616459268018039408e-01,8.590639293123590869e-01,2.581240010784455197e-01,7.821458171808682858e-01,2.337060026885970920e-01,5.226325661766589858e-01,9.041749823244854545e-01,6.024649529746596288e-01,7.998716922705177979e-01,5.226331375354498210e-01
4.494827211329846528e-01,3.940921048547244010e-01,8.758415926111037253e-01,7.866074746892042224e-01,5.457090585534765115e-01,0.000000000000000000e+00,2.254566649540708512e-01,5.156491515489840527e-01,4.245641290864100026e-01,7.946275822493042984e-01,3.209100108083602354e-01,7.888872775391885250e-01,7.857793564352002491e-01,8.441027777826211054e-01,3.159791372304985857e-01,6.946801090441826476e-01,2.079681166874106646e-01,2.816213372785478786e-01,6.064133041094664778e-01,7.487540009901376692e-01,5.895279822621888322e-01,7.680645984994080022e-01,6.971951967237886016e-01,5.849460903301010317e-01,4.947494852674115262e-01,6.000111623503393554e-01,6.195374227970398273e-01,4.224525394571679859e-01,3.771877398979083251e-01,2.424499074711718993e-01,3.513661751774203035e-01,2.978193028326869274e-01,6.323862430909217291e-01,7.317896448753558047e-01,6.999709067284838326e-01,2.814754174275758691e-01,3.775666856593031806e-01,2.092500494762818408e-01,9.875763211401463737e-01,9.584034741783704625e-01,4.494656024163568575e-01,9.400794240844745353e-01,6.948049283819465183e-01,8.053368644813874155e-02,2.916709800260604557e-01,4.839925012026977669e-01,9.507256372601888827e-01,5.951322861933040498e-01,7.486913501771440549e-01,9.460034231804526073e-03,8.427192731027831618e-01,4.031008054209322955e-01,8.706819471865882010e-01,8.780969787045548314e-01,7.053705317747087644e-01,9.121295829444210357e-01,1.086205672993910271e-01,5.593638002541071463e-01,8.119336098095559784e-01,5.291999888794324258e-01,3.559662663751064215e-01,6.781982398251223954e-01,7.524701886650801974e-01,7.684293065692058278e-01,8.468193202478628834e-01,7.622309211803243167e-01,2.876526653741917627e-01,9.339004516588798044e-01,3.252702495943466943e-01,6.728867975702361726e-01,4.478873046434995175e-01,7.187365187305116976e-01,4.783386049353848257e-01,3.395044280220341770e-01,-6.318879204100003033e-02,1.289237749915780051e-01,2.449642445677736036e-01,6.334668697916754354e-01,4.736544382956812682e-01,4.982526801372930830e-02,3.542662874687655394e-01,6.349183981094594920e-01,5.210053830080798587e-01,6.565620986583466934e-01,8.001109786676317004e-01
5.964020807883072539e-01,3.216863885309698690e-01,6.394491651910355623e-01,7.312621360966359285e-01,9.974184067013409649e-01,2.254566649540708512e-01,0.000000000000000000e+00,6.803651702869530915e-01,4.757997967432228137e-01,3.512574563602425259e-01,4.139022199460378748e-01,6.254041799255530831e-01,5.756589629256142482e-01,7.545396989475754435e-01,3.500468615695325747e-01,5.734715466195203781e-01,1.973327203722035905e-01,1.029969892380797059e-01,6.251801795141488371e-01,4.885973376636823517e-01,7.812038445149571686e-01,3.963038306917373577e-01,9.619339315142615421e-01,6.796221884286079984e-01,6.525665677486959249e-01,2.119089068244650598e-01,6.200817315827505949e-01,4.621148539413540979e-01,2.984028832546423149e-01,7.260502745730865737e-01,2.348035682062803997e-01,6.779847259586928576e-01,2.240035609261016580e-01,3.380348276773608163e-01,5.929983581180846564e-01,5.799677262335092287e-01,4.284180984809352610e-01,4.342265600668184788e-01,8.211365373492300890e-01,5.267630167677425090e-01,3.043999585058075885e-01,5.828313339854068742e-01,8.298918426529656722e-01,6.038752892446547227e-01,7.430984866210312845e-01,6.532844952417448114e-01,4.159398662667095348e-01,5.059719727501285069e-01,3.928510737424628085e-01,2.570200773711222020e-01,7.840572070741813615e-02,6.236663618334362669e-01,6.442725662679428256e-01,4.253818220353474122e-01,7.325832461540660034e-01,7.077006708288248182e-01,7.264399812627522213e-01,2.887064119091347636e-01,8.747897060713741846e-01,1.264642523816036090e-01,1.819579610262775649e-01,7.443787410538892368e-01,4.657659700025249538e-01,8.807327359348031681e-01,5.409268489648746403e-01,5.281559575489438441e-01,4.552945111991208993e-01,6.874549983241801110e-01,8.232011000471399775e-01,5.798566870390109429e-01,4.658055781733242973e-01,4.642925814837482457e-01,3.130786245705118320e-01,1.652651125155292222e-01,5.186270774868079192e-01,5.474923520177833458e-01,2.852370599816463348e-01,5.219444160583708824e-03,2.331085976022735928e-01,7.966228379982882579e-01,1.503482271591605746e-01,9.425268304962306498e-01,7.638351159514371602e-01,4.034338207394144726e-01,3.444349498942392840e-01
6.449639060817915492e-01,7.747659428387453362e-01,7.373945363488962901e-01,7.092862620842055321e-01,7.995346647174581545e-01,5.156491515489840527e-01,6.803651702869530915e-01,0.000000000000000000e+00,2.615498457873772775e-01,2.372608802257998584e-02,6.650658068760123554e-01,3.773683546949748724e-01,7.977619502085836478e-01,4.584373003227427135e-01,-8.334316337071612235e-02,5.263369054816299242e-01,5.185914315325510504e-01,5.141982057099393488e-01,4.276105072328617029e-01,8.116340137541000477e-01,-7.472530472947760960e-02,3.148407682958483944e-01,4.514179567207752264e-01,8.623636986955135475e-01,-2.691409368109265454e-02,7.132952121432120096e-01,7.495018614965248682e-01,3.247344041583473673e-01,2.526899178743075569e-01,5.531051699487763429e-01,-3.026199914504185129e-02,4.726231863552533552e-01,5.861606526664798755e-01,4.872334650188430705e-01,1.054694274011889754e-01,2.459942803405743283e-01,3.863417594219635820e-01,4.136583190749143490e-01,9.510419770066605993e-01,4.716543212414578967e-01,3.240049383271867423e-01,5.797044161004656360e-01,8.317758743912915254e-01,2.948940968305028276e-01,6.658649756811418907e-01,3.453453697787756127e-01,4.270959082964077003e-01,2.711902960586340949e-01,7.555255174823334308e-01,2.214112288346819502e-01,5.233065529938588645e-01,5.209113281856856403e-01,3.751381720335835723e-01,2.355909780080961968e-01,9.058127187742760489e-01,5.307591631033677926e-01,-6.039688986402555471e-02,5.358337916249316102e-01,2.587824883345661853e-01,1.238633658120382591e-01,2.232765270745091235e-01,6.155665755490431490e-01,6.982038843943625395e-01,4.598351540246026214e-01,7.058479137245458057e-01,7.655832902311039412e-01,3.632553569683957262e-01,6.202167890524487026e-01,5.645496208783258307e-01,6.193326605514638539e-01,7.539003145977700715e-01,2.747517143175197754e-02,9.406934687811614737e-02,2.129228474651143066e-01,-8.440535753006545017e-03,6.349274269079981103e-02,4.821175105525010163e-01,7.589831238968723914e-01,2.263927219054956697e-01,2.691966552988787620e-01,-1.555808531189520894e-01,8.207496579247577362e-01,4.296381146330792156e-01,3.870689643667501456e-01,5.593631944636842102e-01
7.549809469862374112e-01,5.904581431288429272e-01,9.969956419503442913e-01,7.201361850201004611e-01,4.470786271659815680e-01,4.245641290864100026e-01,4.757997967432228137e-01,2.615498457873772775e-01,0.000000000000000000e+00,6.474338761020717037e-01,9.216279472895768654e-01,6.965034155492392243e-01,6.955836405430836367e-01,8.821202403724831553e-01,5.644054797243696076e-01,7.689097333958662128e-01,6.732692006465338386e-01,5.019574458116771165e-01,2.897999793520985579e-01,6.634250980216349625e-01,6.384587867339654998e-01,3.024793030242236766e-02,2.517910904453734000e-01,2.816479726756963009e-01,7.804825270409735394e-01,3.510700730427119831e-01,6.916377648322481475e-01,7.124662192712357678e-01,3.631110108715461804e-01,2.303041191145724642e-01,2.969768893484829864e-01,3.492093582147569042e-01,6.125416260990236283e-01,4.074612834771209613e-01,4.751668150579411165e-01,6.092093810111842700e-01,-7.349368562566452323e-02,8.322557319457746239e-03,9.335300684304330687e-01,4.893047974826941759e-01,5.092291474940981999e-01,5.743323537899172049e-01,5.282163545862894605e-01,2.051858774540218089e-01,6.442544982895709316e-01,7.546623703288964924e-01,3.622331810614186076e-01,7.881943302584539790e-01,4.874985804176709681e-01,7.438922525149136433e-01,7.168975290097715503e-01,2.376421121731419617e-01,7.175366212181820691e-01,4.220717990268763042e-01,6.132470211800191695e-01,9.284689488931654466e-01,6.406182467507764988e-01,4.930345349068784300e-01,7.465111457419355556e-01,4.444406085387364591e-01,1.287341944888159839e-01,1.540154237353208444e-02,3.672973137077470973e-01,8.313912607819884393e-01,7.644519149717493578e-01,6.652304950383751692e-01,7.144389579718222194e-01,9.172308430500446530e-01,7.578463481812230951e-01,6.223265287232986748e-02,7.423363263766571407e-01,4.206680770855124041e-01,7.025670241320541853e-01,1.481273298474205247e-01,6.181780616890322211e-01,8.508167995331458178e-01,6.715492898870801808e-01,6.106921475478930272e-01,5.014762305659562491e-01,5.558744543968372476e-01,4.870740350924714357e-01,8.456729007981449442e-01,9.586561103130188943e-01,6.029337662887878091e-01,7.888985980677306609e-01
7.526539094764491677e-01,8.250090661435430794e-01,7.070597965755320846e-01,6.645588482370344829e-01,4.494382015236097483e-01,7.946275822493042984e-01,3.512574563602425259e-01,2.372608802257998584e-02,6.474338761020717037e-01,0.000000000000000000e+00,6.461338754079306579e-01,5.208305947943983050e-01,8.492356605084323551e-01,7.144760117518261788e-01,1.439394633963831382e-01,8.606180215508358877e-01,7.074948137340187904e-01,6.526848445663659959e-01,7.082573901553155249e-01,9.407764200117665343e-01,9.015512159114652535e-01,7.243720503708568348e-01,5.926319252791731884e-01,4.248631194047317039e-01,7.780727548951710260e-01,7.644993597974554245e-01,7.781091943620174201e-01,7.717810527638384599e-01,7.444565211251810144e-01,1.078795000046609553e-01,7.578336431778875948e-01,7.496224517462799497e-01,7.924858784371886511e-01,4.041742233796291051e-01,4.380344848515677625e-01,5.806690103067894126e-01,2.522306890991621309e-02,3.233450349655015987e-01,9.251861645281030944e-01,5.808622599386572549e-01,7.440041570956471007e-02,6.997920412679837776e-01,8.427803952269277143e-01,5.098558735887985804e-01,6.965579791445128954e-01,5.824757520207941575e-01,6.764288230631737564e-01,8.335723376297987652e-01,4.929234128177559238e-01,6.211813151482583617e-01,5.460908690025833012e-01,-1.619865111266945989e-01,8.483477720634212682e-01,6.460763005155802929e-01,8.032208222994153823e-01,7.800630125916471203e-01,6.598270029227546463e-01,4.735589634985263308e-01,6.139342816057583585e-01,2.510078346026523022e-01,5.873416315781204711e-01,2.981627451049755351e-01,4.919773536720027374e-01,5.234737874011115288e-02,9.219084396554585448e-01,6.284921223159148918e-01,6.540094470615069877e-01,7.115937889816635886e-01,7.026581189758700496e-01,6.418856764671697634e-01,8.067835691076935545e-01,5.926812898036442068e-01,2.527126986218219962e-01,5.562361245976545909e-01,6.224259860139965683e-01,4.673428229977327764e-01,2.995278911852454207e-01,6.616004334599449033e-01,3.925117829311374207e-01,5.810247729339514944e-01,4.690023841033617025e-01,6.036247832377660272e-01,8.058351239513903419e-01,6.959263809030045989e-02,8.540255795889128976e-01
2.940160102806405051e-01,6.468412172714109731e-01,6.391479531963205618e-01,5.283904815328678284e-01,4.119803796188805101e-01,3.209100108083602354e-01,4.139022199460378748e-01,6.650658068760123554e-01,9.216279472895768654e-01,6.461338754079306579e-01,0.000000000000000000e+00,9.961556957233204113e-01,7.542392692637588381e-01,8.968362784952568223e-01,9.010870027928279402e-01,7.534713025729874447e-01,6.449209415001537771e-01,9.936963387499083700e-01,7.952973400052010255e-01,5.567907308802428901e-01,6.042367867408436899e-01,1.707528812148058073e-01,2.995216566325848984e-01,9.520915383331266524e-01,6.809742063095322040e-01,8.720935253228805362e-01,6.661931098658899764e-01,7.294945773247849541e-01,3.262702881289852863e-01,1.053288532162547919e-01,5.269639475992865529e-01,6.305504065323509488e-01,7.296814147351972091e-01,5.622672608767820268e-01,5.425289245717291875e-01,2.395354138904201013e-01,2.424186010281401404e-01,5.237401987875878184e-01,8.675002252682364468e-01,3.395057360111873312e-01,2.690014124473407708e-01,6.119066799387372635e-01,7.153924283882224788e-01,8.015540335280740836e-01,5.992183389860277209e-01,7.961926670296067821e-01,5.761094834617619398e-01,7.914610382054101390e-01,6.322108035453898323e-01,3.328168358788815007e-01,7.292302547769775600e-01,6.760911553745057034e-01,7.218935916534211517e-01,8.597038910807324186e-01,6.189069030976486196e-01,3.736267986413193132e-01,6.801402711813404611e-01,-4.261405773890830639e-02,7.830294449522418043e-01,3.560316121028874181e-01,3.123456206521978973e-01,6.085450524960456242e-01,7.676939022713641370e-01,7.995222277613411865e-01,7.796831294939918777e-01,7.528314982873562933e-01,4.427931426662626291e-01,5.642866077535151348e-01,5.538611831794153922e-02,4.874480341658682381e-01,7.873978075032039836e-01,6.404475233303187354e-01,5.572979995383909452e-03,3.597926446160036318e-01,6.846197133036240334e-01,5.292101332102381317e-01,5.297440690768444593e-01,2.436360163539400270e-01,3.935439550946085996e-01,5.131262771979117066e-01,3.795273253952944903e-01,8.098091739231546571e-01,6.826596713082480061e-01,6.556753652909023122e-01,7.937882990877180855e-01
6.436045590840471231e-01,5.403717705920295655e-01,2.857962649224204954e-01,6.393132651680121237e-01,8.808166293468258079e-01,7.888872775391885250e-01,6.254041799255530831e-01,3.773683546949748724e-01,6.965034155492392243e-01,5.208305947943983050e-01,9.961556957233204113e-01,0.000000000000000000e+00,9.956220967237330299e-01,6.521219339603229193e-01,4.106657130271056388e-01,2.656445420209492259e-01,7.084965645344133423e-01,5.209036376765636689e-01,4.685811796739702273e-01,9.310806627095004062e-01,8.039966544418490901e-01,3.197361337183582952e-01,9.416475777503495737e-01,9.085387760140734015e-01,6.798144875549375632e-01,6.585282676396417845e-01,9.257260138072027633e-01,6.499919486042596839e-01,2.663087998850801608e-01,5.868753131679080859e-01,1.005549233844355711e-01,3.185702324313908762e-01,8.051556488819637813e-01,5.193990969704905813e-01,4.919158784076789748e-01,-1.637510711389909557e-01,2.293958907895390920e-01,5.999788927590810061e-01,9.908850947936950204e-01,8.322609460959191630e-01,2.826787576323357976e-01,8.787914845771085393e-01,6.744192129041404193e-01,4.830248579581981616e-01,9.432766385185471503e-01,2.219739580318355332e-01,3.117951294252038208e-01,6.332896822124378655e-01,3.133628675669350439e-01,5.236650438918579731e-01,7.577120374805035308e-01,2.442832288145972419e-01,8.545077279662445235e-01,4.103269318482185568e-01,6.734099063578616873e-01,5.784091516277538592e-01,7.577106166050744385e-01,3.851666758175618099e-01,5.634768288389876423e-01,7.764874304859430421e-01,5.289699629207309517e-01,5.522839985892091796e-01,9.976606323888187466e-01,7.909674293461239625e-01,7.202323242622311189e-03,7.896565296430542169e-01,7.828355855279001130e-01,6.732591283355817691e-01,3.307568652578795065e-01,3.914689554493406831e-01,5.464277033334861144e-01,4.162707950514816790e-01,3.527637756551003090e-01,4.076365551710683377e-01,6.106128920894928758e-01,6.134926274084055997e-01,7.730140734771809852e-01,5.288202163698976221e-01,4.784232590245177108e-01,3.969840557311722362e-01,5.898529969270797091e-01,6.780076209161465250e-01,3.097546509336157050e-01,4.905348782967780541e-02,4.416101495723784298e-01
5.190432553478752098e-01,7.951705886994255845e-01,6.232394962307811204e-01,2.849687833570072604e-01,9.246627937969009725e-01,7.857793564352002491e-01,5.756589629256142482e-01,7.977619502085836478e-01,6.955836405430836367e-01,8.492356605084323551e-01,7.542392692637588381e-01,9.956220967237330299e-01,0.000000000000000000e+00,7.222761110492077474e-01,5.618716996496436744e-01,6.639546426380901201e-01,4.272349371553594288e-01,7.168858778511946195e-01,4.793608476075137542e-02,7.196285236354249548e-01,6.089807416942694118e-01,4.996487107263013483e-01,6.092733128494286499e-01,5.127201606992333183e-01,3.539681753402318387e-01,9.798210359403694003e-01,3.112674596192948062e-01,7.795874235015518572e-01,-5.311106804472207066e-02,4.849486517779609263e-01,-1.046704219889633830e-01,3.844529271046552843e-01,7.343225940172991573e-01,5.057420412996010972e-01,6.255955422114827247e-01,5.734411558161752742e-01,2.836178033975828572e-01,7.360315718867724843e-01,8.067266292247626813e-01,8.160949023927414059e-01,6.935467417920819777e-01,9.828351763731146828e-01,6.873247440827039423e-01,3.518698763458092404e-01,7.741865087414460112e-01,6.629870628018180723e-01,5.803382357113014978e-01,2.692799448086659608e-01,5.246965315931786389e-01,6.814341897217310873e-01,3.440532719619193713e-01,7.253304010111909506e-01,7.955855301200711605e-01,4.691673815534190273e-01,5.705068331085624278e-01,7.041123081534290673e-01,7.157523820382249991e-01,8.459954148224235748e-01,6.384599971687417996e-01,4.311889724368664356e-01,1.133096259299389841e-01,4.352320537745567042e-01,7.125495824476272277e-01,7.749416911583156820e-01,6.450722793787357912e-01,7.865907138007944832e-01,7.421465680909093976e-01,7.264148709032183238e-01,1.174820525802208471e-01,5.772915042798141272e-01,-1.869270839044803734e-02,7.645048168912595976e-01,5.823916436620151238e-01,3.943143111463007777e-01,5.712107301069093701e-01,4.366683203468009200e-01,7.647068276720951907e-01,2.027424972639771672e-01,4.459606558137194643e-01,3.829874820344043584e-01,2.068001926336706098e-01,4.653000561186584338e-01,6.050609992775904944e-01,4.491475613404249390e-01,5.812251583898289109e-01
6.329140773044316104e-01,5.343094646195083453e-01,6.098026395269353639e-01,8.033369202710728407e-01,6.077736160754360073e-01,8.441027777826211054e-01,7.545396989475754435e-01,4.584373003227427135e-01,8.821202403724831553e-01,7.144760117518261788e-01,8.968362784952568223e-01,6.521219339603229193e-01,7.222761110492077474e-01,0.000000000000000000e+00,7.337780641243143442e-01,5.571010361886813422e-01,8.943080442051898338e-01,5.552701139330420421e-01,7.264115687610779304e-01,1.693214593839039162e-01,8.544070936214528400e-01,7.310271158186616436e-01,5.516707192358083489e-01,9.163680787031930342e-01,7.231042220822607725e-01,7.440878365196212929e-01,5.039674834441599804e-01,7.113960149816096479e-01,6.689283273322872425e-01,6.695774922351375169e-01,1.886766696508518359e-01,2.654556662683991292e-02,9.937073295690707075e-02,6.529465006080396039e-01,6.617130504727590790e-01,1.665149429730927999e-01,5.512513641326410863e-01,9.462101193407453925e-01,7.321253502656043244e-01,7.106507015839782504e-01,3.592664960783613637e-01,4.199894090329041596e-01,9.180660122852500604e-02,5.440023646974714300e-01,3.913708760656867125e-01,2.767422267588113272e-01,9.220456954160629603e-01,2.120723889227135728e-01,4.409433376574128371e-01,7.829476546344980026e-01,7.030429360750712897e-01,4.321767653516294105e-01,9.202586781607868804e-01,4.608703540948260735e-01,6.506002368107531852e-01,2.139762020636477302e-01,7.568842492059365545e-01,5.925272461989004036e-01,9.472461624668728764e-01,6.017034820981946863e-01,2.563552628094502572e-01,4.523150048930686395e-01,6.327601295957607785e-01,5.824855122254061213e-01,5.719658452424458694e-01,4.594974300612702511e-01,6.148138204700930309e-01,7.269211079394451991e-01,7.971318518563099698e-01,5.867721949379650637e-01,8.875029143982104962e-01,5.507345050102717687e-01,2.634610095855064449e-01,2.526426890382382218e-01,2.628263128778146607e-01,3.487875521151573288e-01,4.190721939731643642e-01,9.129382926855591496e-01,5.717877694610007389e-01,1.177504768270788427e-01,8.943560622253990955e-01,4.493370084819678367e-01,6.506596094759086180e-01,5.552339753835328073e-01,5.540978899893239662e-01
1.959689865878124770e-01,5.891753466822662322e-01,8.724220084811334930e-01,7.946752508452152863e-01,5.081089254199046001e-01,3.159791372304985857e-01,3.500468615695325747e-01,-8.334316337071612235e-02,5.644054797243696076e-01,1.439394633963831382e-01,9.010870027928279402e-01,4.106657130271056388e-01,5.618716996496436744e-01,7.337780641243143442e-01,0.000000000000000000e+00,7.603695757809368905e-01,8.818942472006449096e-01,7.052380937406462769e-01,4.729380097601401101e-01,5.689656964362231895e-01,6.878775396338466797e-01,4.056169365312873865e-01,7.223362108975761586e-01,9.799935343419609035e-01,4.058190279858055471e-01,7.840380493295243669e-01,7.307343247120681173e-01,6.039999840973567791e-01,5.056368781550620861e-01,7.282367531214317680e-01,3.875364918001414916e-01,6.832951006299742280e-01,4.529565927394428315e-01,4.391289250308380021e-01,3.809121448469350302e-01,2.541017638733140682e-01,2.595373445891487330e-01,5.773089799765308561e-01,7.199071328798066771e-01,6.862899538284384926e-01,4.382970346169338116e-01,4.972040004076458408e-01,9.149862121719841701e-01,7.656044705665046024e-01,4.453040961650213680e-01,7.454065565886979217e-01,4.451644214282092782e-01,6.747798229516277502e-01,5.386599323393368444e-01,7.937072330877298354e-01,4.582829732871269157e-01,7.172524615614125354e-01,5.648004194283566815e-01,6.535570019675718267e-01,7.773449042689697386e-01,5.026471545612523073e-01,5.411639455537773369e-01,8.566419750535728683e-01,5.887560677522329922e-01,3.339384548078763726e-01,6.977004085385113408e-01,6.872619095527761068e-01,5.985471539672171382e-01,9.435280414423596884e-01,6.452409374263643471e-01,7.343088565246347777e-04,7.278965633095374477e-01,6.470784130222976271e-01,2.264491426800194773e-01,9.571312316959907918e-01,7.560037091342892701e-01,6.229585275116293897e-01,4.353172318277109265e-01,5.605592261435698997e-01,3.221403893889520642e-01,4.388667107030764236e-01,6.085171250965367706e-01,6.623771912109820414e-01,2.978944007526974636e-01,8.931611730050499631e-02,4.078049916316283108e-01,5.639950609257488034e-01,6.212058901116429555e-01,4.302236598008006285e-01,7.551479798881671757e-01
5.789706544481292294e-01,1.585598674808385289e-01,7.384386245958114436e-01,5.175566918293902363e-01,1.141171215873961614e-01,6.946801090441826476e-01,5.734715466195203781e-01,5.263369054816299242e-01,7.689097333958662128e-01,8.606180215508358877e-01,7.534713025729874447e-01,2.656445420209492259e-01,6.639546426380901201e-01,5.571010361886813422e-01,7.603695757809368905e-01,0.000000000000000000e+00,9.786123688993704217e-01,1.488360048138814007e-01,1.248943943662439715e-01,8.811211657199619074e-01,6.136799408912922971e-01,5.504828629713105492e-01,7.113249223241794317e-01,4.080416036680159508e-01,4.934464477020582551e-01,5.647657443084882489e-01,6.828178770698163369e-01,7.408715757489794385e-01,5.592268562341471405e-01,7.745211735882742143e-01,5.356242348652853202e-01,6.203772434594092555e-01,4.373107306149318085e-01,3.008229771160652599e-01,6.339484218637720936e-01,2.248353123688197064e-01,8.581449106921744396e-02,7.537722169010486750e-01,7.387303205943253070e-01,3.112296763109526077e-01,3.763089876148921764e-01,6.158219576440248089e-01,5.966729243206987388e-01,4.859848604090334367e-01,5.511041999231993671e-01,9.089186148905333829e-01,7.561993722004094476e-01,2.861045513697479947e-02,1.971174577223962221e-01,3.294617194368273383e-01,3.933173710722587257e-01,6.788885619053893761e-01,3.465780172333536857e-01,5.695899750231809833e-01,5.309509338517903743e-01,7.204074041501900005e-01,6.392077103340959576e-01,6.126361985838196800e-01,3.690415976350241989e-01,1.709411386692471224e-01,2.157451104431753197e-01,5.334139591299079664e-01,4.668320264615035131e-01,7.792003152871752603e-01,2.446169083902420271e-01,6.013911940959074665e-01,9.144013296341565455e-01,5.599717563810568954e-01,3.130665145488144008e-01,8.042817167446943971e-01,5.437053956706454638e-01,6.944558584830539116e-01,4.151515063067102163e-01,2.515727563803505373e-01,7.460862506900278746e-01,2.215685665787797964e-01,4.230759522282051543e-01,3.330548802588350066e-01,5.869198563937719770e-01,2.407385889059674433e-01,6.193079124102569555e-01,5.600470561870328767e-01,5.291891488406659239e-01,5.172393897250180395e-01,-3.057423077777225440e-01
7.324874461777332035e-01,7.893142797984918912e-01,9.266099047214625406e-01,8.670252657202152102e-01,9.813473727899155730e-01,2.079681166874106646e-01,1.973327203722035905e-01,5.185914315325510504e-01,6.732692006465338386e-01,7.074948137340187904e-01,6.449209415001537771e-01,7.084965645344133423e-01,4.272349371553594288e-01,8.943080442051898338e-01,8.818942472006449096e-01,9.786123688993704217e-01,0.000000000000000000e+00,9.394578421473611662e-01,5.715833115285378074e-01,3.219764823029323542e-01,6.956761162924762765e-01,8.485408479937441850e-01,6.192448657486140373e-01,6.768687612868834469e-01,4.235845427219148140e-01,7.481417099253580005e-01,8.188990506340309006e-01,7.127838929491516762e-01,5.638015445269828341e-01,3.210357827946052067e-01,1.956889883456806034e-01,6.090031445150574374e-01,5.598632594533458073e-01,9.919536266288015991e-01,9.222668689102268003e-01,3.601028744603376741e-01,5.756351031421313991e-01,4.602537522042155493e-01,4.291271999201797249e-01,6.773084137899718637e-01,2.546296482044531073e-01,6.218128510497107353e-01,6.671421614208568052e-01,5.136043112966957036e-01,7.369876130189921826e-01,6.130671466002213243e-01,7.257238025764023437e-01,9.448706670658392204e-01,6.868319670790208331e-01,5.724743440030248820e-01,4.377981037797608055e-01,6.655305792781486263e-01,5.298358432533829543e-01,5.979938205562895792e-01,6.638361343154098870e-01,4.229464543475158766e-01,8.456403877921498946e-01,7.985773304060904687e-01,4.127297358921659942e-01,7.084192327228883146e-01,5.759635149164707979e-01,7.579837103576081425e-01,7.086353530724939231e-01,4.789259006441424771e-01,7.437384196773190181e-01,7.917063320296447992e-01,3.575296695645615586e-01,9.735339392431866523e-01,4.220454003241199681e-01,5.716075408294545301e-01,9.543591234586638050e-01,7.480500116350042861e-01,4.363770870917124678e-01,2.994324464951017006e-01,4.426809220117434718e-01,7.287903095066242676e-01,4.603367568665933107e-01,7.721521735615860527e-01,6.100804578164418235e-01,1.737117633755048962e-01,8.156899657186063024e-01,7.246244897492308823e-01,6.721201426531496770e-01,7.956191221687447523e-01,7.598128658005243175e-01
4.515487926798290585e-01,7.009022096966489590e-01,7.304694879565666321e-01,9.392200400545809291e-01,7.020604422211743634e-01,2.816213372785478786e-01,1.029969892380797059e-01,5.141982057099393488e-01,5.019574458116771165e-01,6.526848445663659959e-01,9.936963387499083700e-01,5.209036376765636689e-01,7.168858778511946195e-01,5.552701139330420421e-01,7.052380937406462769e-01,1.488360048138814007e-01,9.394578421473611662e-01,0.000000000000000000e+00,5.003260089288572576e-01,7.640462599260471332e-01,7.221933021847122547e-02,4.772864588138285846e-01,8.076548158588009452e-01,7.096182160791295601e-01,6.618474798384985647e-01,4.208437169234837683e-01,7.546542446311768071e-01,2.281665515349595996e-01,7.717033049452870497e-01,9.936514954949907108e-02,7.436698701466040173e-01,2.089958150856594254e-01,7.867184387691724679e-01,6.038950687716827526e-01,7.332371597816179642e-01,3.998007303386413858e-01,3.574003405195040894e-01,7.775395247902303630e-01,5.804138293271927651e-01,7.384316381617161973e-01,4.270690985280647389e-01,1.505850934512673739e-02,9.769085570413155173e-01,2.347403497496856617e-01,9.889097666008430654e-01,6.431218369117870370e-01,5.998375148288470626e-01,3.559177541936081601e-01,6.548927298954256848e-01,1.952135788919432957e-01,5.147239059735579936e-01,6.496595097896230575e-01,8.674827201717049130e-01,4.944401107526281702e-01,6.571846721934339053e-01,2.653828117807990328e-01,6.830895205960556549e-01,5.884657878253817254e-01,1.511064069221239314e-01,2.937451699434311947e-01,7.604095334423942587e-01,5.278432047010018779e-01,9.687380343160865159e-01,5.636360734791739935e-01,7.361071224250271827e-01,5.192399798223694685e-01,6.714584216537585748e-01,8.186396028171756267e-01,3.752997861976976601e-01,7.137624424182849037e-01,2.855194526055462867e-01,5.287536466425895032e-01,3.951200318372442566e-01,-1.992429194437578266e-02,-1.525692783627355942e-01,5.964254594523418218e-01,8.238939467982476783e-01,3.864216965270729220e-01,6.814479253140360848e-01,5.923111614331977304e-01,4.071060952585579540e-01,6.748453927627761084e-01,5.214888702296121004e-01,6.448109771802826851e-01,9.484394555730434329e-01
