0.000000000000000000e+00,7.254019710898569340e-01,8.967083089946702446e-01,8.310109517302756155e-01,7.137284207518050927e-01,3.602060130504777247e-01,3.297707173853626772e-01,6.606970814232965283e-01,8.558200452457863650e-01,4.662629653791111051e-01,8.424292260498279505e-01,2.462339953748535898e-02,6.315305473164953831e-01,4.620208032342614235e-01,6.718219736923581875e-01,4.981092577817927136e-01,5.385837799238943902e-01,4.755962680609316928e-01,7.177003068548654108e-01,8.923530158292014569e-01,6.568676241887301259e-01,7.434657956045035432e-01,7.258068825959917980e-01,6.110765233461913359e-01,7.349546613556974251e-01,8.087710174975049071e-01,5.953187929319807559e-01,6.729746204540769661e-01,5.491252237084944809e-01,-1.517746370237382791e-02,1.462951574143329381e-01,9.542296128303318081e-01,4.017644882435006948e-01,7.674581969565800188e-01,6.195427046147545802e-01,4.207309767570485137e-01,4.097905907939678460e-01,7.256295387159227284e-01,7.681317089425562239e-01,5.211895132520678597e-01,3.494456610332166147e-01,8.497616949998793023e-01,6.443507390257109391e-01,9.941829205591738994e-01,8.149115232792526475e-01,8.094578307585459376e-01,6.514198078216459908e-01,6.395626669622804794e-01,6.484135462356007684e-01,4.601923483849956198e-01,6.732134122374540119e-01,5.449237954247061477e-01,5.396697319687117078e-01,9.927620070300082755e-01,9.835975234695705227e-01,8.653042251873861446e-01,9.323946106242463339e-01,6.484512240666431282e-01,5.983571875430953035e-01,7.636440616667937720e-01,4.483992509594939002e-01,9.243350118392765769e-01,5.651693015801344533e-01,6.145502920141201475e-01,5.223699637701614273e-01,7.097514173132156712e-01,4.588197408857357940e-01,8.552040273518018987e-01,8.700852778071495042e-01,9.456896500429760044e-01,9.566867814249233604e-01,4.633724901842896648e-01,-1.839523042071381509e-01,5.135438477571673266e-01,4.684351689552206932e-01,8.155932398132897942e-01,6.669713091302651442e-01,4.214335906765592221e-01,2.190098618337313341e-01,1.636121701791723726e-01,7.657523875982749084e-01,7.938983085407551599e-01,9.388924104101572521e-01,6.557677502138813397e-01,9.908182134488476844e-01
7.254019710898569340e-01,0.000000000000000000e+00,8.901008973806708857e-01,4.289102439992253935e-01,6.854778729680076621e-01,6.967317718943131233e-01,4.248077229233485075e-01,3.774621618118564337e-01,7.599443301945938423e-01,6.852049200059107115e-03,7.823017262538716210e-01,7.749273918731256483e-01,6.833073395784444726e-01,4.508243695273297380e-01,3.537512605431816226e-01,4.334116072399187836e-01,8.214161997159622475e-01,5.251218250407703458e-02,7.259880377958579656e-01,8.911534656609260141e-01,8.795358723847439553e-01,5.648764557538180631e-01,7.840094828371229063e-01,9.775856135557949855e-01,3.029083603605909891e-01,1.754435343785827883e-01,6.900203212807939357e-01,9.525699514017365033e-01,2.968744755050685136e-01,3.709168152438901966e-01,3.693637808455474403e-01,5.485256970082015293e-01,7.447984853812998907e-01,7.961992131561039798e-01,4.392681654412513570e-01,2.961556905182331501e-01,4.961618463074335406e-01,7.838722966805364845e-01,7.329102199109589488e-01,6.564685490779011978e-01,3.750280186063863486e-01,4.158151338162403565e-01,8.219388720000357917e-01,2.043064287046828520e-01,8.536611837798324665e-01,7.913920355440599019e-01,7.495170029921143229e-01,4.795838244709225706e-01,4.728998568264299318e-01,5.477935937676270406e-01,3.791341018100085614e-01,5.532238136091526259e-01,6.234018430952991130e-01,8.881919411121118602e-01,8.371064325003676476e-01,9.181385825289669622e-01,6.534766775139403405e-01,6.739653564644763062e-01,8.651931889311842427e-01,5.462798348726782827e-01,2.354589429269103029e-01,8.512237178839481277e-01,8.543002933174439484e-01,8.631400851218448134e-01,8.882176206657954598e-01,7.842351732815063814e-01,9.867721324548865969e-01,3.198325140584903359e-01,2.747371442452053447e-01,9.369472602434671948e-01,6.891010705676855475e-01,9.647024103071214496e-01,1.733701461505399166e-01,4.089586309950718479e-01,4.738221765270647090e-01,9.179277421646855339e-01,4.280242974024610070e-01,7.161002905121123252e-01,4.373034485187792253e-01,1.934539979077422034e-01,6.358021920012068007e-01,4.944720907179360192e-01,8.062530078602633266e-01,-1.903175161318868824e-01,6.483550505680611975e-01
8.967083089946702446e-01,8.901008973806708857e-01,0.000000000000000000e+00,9.546999138573460941e-01,5.121527952447673115e-01,8.883629511059616402e-01,7.310683573807063018e-01,6.653276447654896675e-01,9.297218344158700853e-01,9.066900982311395518e-01,2.409193303273842457e-01,3.307622744052021169e-01,5.258567323050059583e-01,5.549055419853732296e-01,4.665771978348365323e-02,9.492066279263238204e-01,6.081206509349048606e-01,6.836847720185417199e-01,3.870972812053829482e-01,4.138027878769797718e-01,6.388210469865426289e-01,9.225465401489461037e-01,9.208322113439897372e-01,7.669223770542290541e-01,7.381379745291030137e-01,6.454701097625735740e-01,5.234285898030492934e-01,5.938168289790923815e-01,1.384570078401144988e-01,6.999768195005879878e-01,4.282908868166409588e-01,5.975764584091109999e-01,8.954709289572001518e-01,9.247168251345563306e-01,5.432574294202759113e-02,5.766286360871633043e-01,2.826480956806713962e-01,7.993129617842071877e-01,4.038081932054166101e-01,8.961962740718026899e-01,5.858018807687038337e-03,5.230276378577113361e-01,2.948437453451703827e-01,7.658213245632876642e-01,8.709201293690744805e-01,7.951665822741624812e-01,8.122374250491171122e-01,7.915843898097059128e-01,9.897888499172261545e-01,9.403444499010163993e-01,8.219856513784375984e-01,6.971760494675786068e-01,5.192681697177738975e-01,4.442715656193089724e-01,6.597025772788617237e-01,4.863490253143117337e-01,9.262677244470611804e-01,7.753078946951472705e-01,6.293693107102837914e-01,4.387818736741457837e-01,5.213824056552776032e-01,9.387811381506458996e-01,5.215744239352292366e-01,5.691007397548988322e-01,6.519665556068988677e-01,5.852633088858649746e-01,8.344937947055002248e-01,9.702437237257401925e-01,7.304799139648703310e-01,8.589946265346882770e-01,9.744525872199863437e-02,9.452013394482632336e-01,5.878794245047400668e-01,2.627997763154269473e-01,8.141002114361641784e-01,7.185649165136339667e-01,9.250252551963951131e-01,8.987078781192501253e-01,5.678903077939263522e-01,6.324502249907942852e-01,6.000612131255006476e-01,8.951177048987331020e-01,5.690609361392569010e-01,8.262272790908105069e-01,8.412934645516570997e-01
8.310109517302756155e-01,4.289102439992253935e-01,9.546999138573460941e-01,0.000000000000000000e+00,1.521680663885572604e-01,3.907190744020545004e-01,6.698296870481764698e-01,9.173542702515559144e-01,8.060639476873560083e-01,3.970226453441298431e-01,5.108444775432670060e-01,6.749142607358090684e-01,7.411318604042773650e-01,3.509784375116606903e-01,8.951772263001148700e-01,6.746822912559543584e-01,6.998993620937778992e-01,5.416208091951861814e-01,7.334878675843372609e-01,5.657566311716735186e-01,5.179839102195670231e-01,7.410145647727155449e-01,1.899562331718804287e-01,7.922288847280685165e-01,3.436855660023993009e-01,8.264951260441709691e-01,9.430480446910647352e-01,6.210590350261291359e-01,4.617354498198510404e-01,1.183726355009021153e-01,5.124120960111325784e-01,6.570600725787116847e-01,8.520835401871361681e-01,6.547130287209530497e-01,6.067263615326939918e-01,4.515806094480139254e-01,4.409155016587655296e-01,6.544246808625996392e-01,6.785570487773227022e-01,2.758550551730277745e-01,5.914882284531103318e-01,8.124064129445504046e-01,4.400401558935626567e-01,4.258857240105567987e-01,8.370892134318561606e-01,8.252859151199406496e-01,9.669132933759204684e-01,7.789874228203802486e-01,5.538884556411083349e-01,9.708713350709036183e-01,6.454901082411174107e-01,9.034033944643946601e-01,4.034531147988613675e-01,3.178159201347859342e-01,6.163135626154574859e-02,7.787218760663870976e-01,6.061349377121498794e-01,6.800197081806472754e-01,4.247471679464498995e-01,2.445733269476222937e-01,6.429877756682159662e-01,9.577789258326111499e-01,7.854878487673058185e-01,6.832209088271509190e-01,9.167190916019838376e-01,6.069229316385829076e-01,7.262444692078922071e-01,7.210420187229229505e-01,6.301184075184885769e-01,4.222351526686954348e-01,8.486974903756715483e-01,5.990454346860731860e-01,6.053561706604134729e-01,7.288627047680430460e-01,6.718364758664763237e-01,5.770373195389679744e-01,9.469960276846244307e-01,3.878015947793814755e-01,3.491914099417506856e-01,4.966485923715154294e-01,-1.959064979794097883e-02,9.569162875281858049e-01,6.412999525607239182e-01,2.602257102194008298e-01,9.534639450772158797e-01
7.137284207518050927e-01,6.854778729680076621e-01,5.121527952447673115e-01,1.521680663885572604e-01,0.000000000000000000e+00,7.926992735288056480e-01,4.689904491174925472e-01,1.733749704956734916e-01,2.271076750084248252e-01,5.540321782768515835e-01,4.713151958233660621e-01,7.305774037739710680e-01,2.795608255631281680e-01,5.465933478400881729e-01,5.045804155617000797e-01,4.590020786610476411e-01,1.628569553545210213e-01,6.142936273152340698e-01,7.806036817581760712e-01,7.327318605212435054e-01,6.904646792770787744e-01,4.124245613548954137e-01,6.552788021851098099e-01,5.534096190471923249e-01,7.794247719058258195e-01,9.561482105536479592e-01,9.706165523006572426e-01,9.402680591505625518e-01,4.719595706170706118e-01,3.882156979338606817e-01,2.808470646552374550e-01,5.449496325055351864e-01,6.750475081979420144e-01,8.951724025005677321e-01,3.667505134281555668e-01,3.364653056891161453e-01,1.589516458981112546e-01,3.241261875414040983e-01,7.596822307675170638e-01,6.559839770142426030e-01,4.593699496595975984e-01,5.782049925115388955e-01,9.006020886964755112e-01,1.742867461679096230e-01,5.092553234387707795e-01,4.752644270524147840e-01,9.846470018120448975e-01,7.106014631364837575e-01,8.427387885763338859e-01,2.618537944210521662e-01,6.746366858968463331e-01,5.932676259114495476e-01,7.617754326841026380e-01,7.391474840882603647e-01,6.482036085182055762e-01,6.121864443729255756e-01,9.101794092636552591e-01,7.478161640985235836e-01,7.213310217569881555e-01,4.171375612147539269e-01,3.514737460815920977e-01,7.917365606820085944e-01,8.222442550920855409e-01,7.372618444592475839e-01,5.833885648095646914e-01,4.259033003555726671e-01,1.649557488607394373e-01,6.130580456214194118e-01,7.769460428349079795e-01,6.095816855651354782e-01,9.884907891225940268e-01,3.537893641277398693e-01,5.488257917043345424e-01,3.229393498209167657e-01,7.190797380996972743e-01,6.155138263454469350e-01,4.763335624643709187e-01,2.685898968842835854e-01,9.556611697299473018e-01,2.278268042216937406e-01,8.945761827164600000e-02,4.266613148450910664e-01,8.657841700252696393e-01,2.804235939417509260e-01,7.132242339631006400e-01
3.602060130504777247e-01,6.967317718943131233e-01,8.883629511059616402e-01,3.907190744020545004e-01,7.926992735288056480e-01,0.000000000000000000e+00,5.914680337069291305e-01,7.282775119247872908e-01,6.494139690144860033e-01,5.146695564219692098e-01,4.848573621112156062e-01,9.045632367368946491e-01,6.496959772256333254e-01,7.319027539191118592e-01,5.698970930078965935e-01,3.883722168067250680e-01,8.969010013421110372e-01,4.615634022983648999e-01,7.514599996100226331e-01,7.666524130513949764e-01,4.866658997259883934e-01,4.403464166631271270e-01,7.171391864671609051e-01,6.071491539828500761e-01,4.063134005458677311e-01,7.591336729661392058e-01,6.523018958228075093e-01,4.290034896263189013e-01,2.873773732143841686e-01,1.421405637706991965e-01,7.857698354607154378e-01,3.254885119333179588e-01,4.246524235464047559e-01,2.380292674539456199e-01,7.408181900867323311e-01,1.708102355627285907e-01,5.573707167451721345e-01,1.065046629537015621e-01,6.742816626883061382e-01,4.045020253870212912e-01,4.502798693981582834e-01,5.629831510565987962e-01,7.457789799907781347e-01,6.688572078431918033e-01,6.988909616568816929e-01,5.548915395327286282e-01,6.287461019272058138e-01,6.714174185813488460e-01,4.372326685645787636e-01,7.464656770364950233e-01,7.293802947240023427e-01,6.160012687889885319e-01,3.748315661158246881e-01,7.121292482616060626e-01,8.154862117821566336e-01,7.623736113381507362e-01,4.040522230785756896e-01,7.931389028275364073e-01,4.180711711818201892e-01,5.752665092354787568e-02,7.246843174730854993e-03,2.746098379392781230e-01,8.353331496993032790e-01,3.100457401347666009e-01,6.156905413539418559e-01,5.751254498043831820e-01,5.287749587811240159e-01,4.592941271198034969e-01,2.241430471347632125e-01,8.291778774855430578e-01,5.121860366130729370e-01,6.725803385423041458e-01,3.194477028706422805e-01,2.041604891945011380e-01,7.799775635248891170e-01,4.183543589085196857e-01,2.665769642707780940e-01,3.894354908841687335e-01,6.342417979717061005e-01,1.649821104124535864e-01,4.389374889070342123e-01,8.388421673294305103e-01,8.491143978267274850e-01,4.335865952142969881e-01,5.683515647158656758e-01
3.297707173853626772e-01,4.248077229233485075e-01,7.310683573807063018e-01,6.698296870481764698e-01,4.689904491174925472e-01,5.914680337069291305e-01,0.000000000000000000e+00,4.998472474736058713e-01,5.336116339368872641e-01,4.353305846569837101e-01,7.821199572464643257e-01,6.436962196006175141e-01,5.916992167209376152e-01,2.936086179387361050e-01,5.452634768636760443e-01,7.114913771332760373e-01,6.695683484442724875e-01,7.176450592012511009e-01,6.616592338947668850e-01,6.970259420653680538e-01,8.362721573602256431e-01,6.668435259485907540e-01,6.255640596644490570e-01,8.706275995076724339e-01,6.023354387832481338e-01,3.461694202460068315e-01,7.923524245502409080e-01,4.794602525263224058e-01,2.793437891654821925e-01,6.829472448462768630e-02,4.364724182464903290e-02,2.969570447279150094e-01,5.744744525838746396e-01,2.046348787689229176e-01,5.495360496950991713e-01,1.219216592868253290e-01,3.000805869006032967e-01,4.269206260696508104e-01,5.073687088190000916e-01,4.504973234792105097e-01,-1.504931379321245433e-01,3.576151770049572631e-01,7.490494430477872001e-01,6.372523458648849948e-01,8.217499277280281289e-01,3.320252910182655004e-01,5.455104702269180095e-01,7.241269872476071567e-01,5.373226450809137633e-01,5.383590284779489199e-01,1.564315487116654246e-01,7.343419906856201163e-01,7.015756529719465728e-01,1.280556485040458548e-01,6.343406090475472991e-01,4.663977786270802617e-01,1.582703270743407997e-01,3.834035190370813639e-01,6.089921321484316197e-01,5.008574988784452175e-01,6.834466397418355044e-01,5.928800541177514649e-01,5.379539771872861031e-01,7.328749621445110884e-01,-4.635456899145437570e-02,2.330019568481228320e-01,5.592980754874199434e-01,9.722094343364552360e-01,5.671501807929683059e-01,7.930433075604339521e-01,6.247033044834391369e-01,7.774849108271776332e-01,2.482000130432694962e-01,2.236707212340708906e-01,4.669892320696283905e-01,8.550609449528316919e-01,7.743844768336565210e-01,4.369291699679794250e-01,6.482550041228130056e-01,3.232899615377632374e-01,4.484235890321782159e-01,7.996065889633000578e-01,3.591475695331769469e-01,5.848594086155070038e-01,4.149105077897929372e-01
6.606970814232965283e-01,3.774621618118564337e-01,6.653276447654896675e-01,9.173542702515559144e-01,1.733749704956734916e-01,7.282775119247872908e-01,4.998472474736058713e-01,0.000000000000000000e+00,3.563069623844885569e-01,4.719419480746648299e-01,2.149911625551082228e-01,4.392857509939249172e-01,6.941524676395639526e-01,4.312125828430564689e-01,7.386809708331033564e-01,9.086624645630778652e-01,5.198362162458716185e-01,5.876053918029473522e-01,2.797765491857338027e-01,6.307422450480834053e-01,7.755243192665498553e-01,2.711079288305107138e-02,8.040513188151123813e-01,5.435321783318872724e-01,7.483178194631696645e-01,6.534457793055634678e-01,2.507376924538914920e-01,9.519960875898381136e-01,4.808249694092799897e-01,2.325058909632723436e-01,2.816082253709213390e-01,5.574396652066641034e-01,5.963549237408819481e-01,2.777023805311661930e-01,2.683755129060123867e-02,2.897234815640913896e-01,3.789288997063866571e-01,3.441291088715582869e-01,3.094815981699440277e-01,7.308733132588554060e-01,5.041410032824971132e-01,4.862962928375907934e-01,8.817320178037620915e-01,6.714591787307121473e-01,8.123730323749986937e-01,3.964400930480629359e-01,3.032448889457102226e-01,2.057532483134147105e-01,5.473001124145859819e-01,7.089591028567868713e-01,7.464221625564289031e-01,6.171065060431283333e-01,6.593823272321023277e-01,4.842364916397625119e-01,8.526097496498756811e-01,5.710846425908377988e-01,6.796160732975474739e-01,5.105861883233859810e-01,6.106503530567599647e-01,4.175684120155593870e-01,1.564107941064298846e-01,4.631459030785848308e-01,4.158142367230948100e-01,6.073134348611747280e-01,6.492125062486341358e-01,4.013881384088957560e-01,9.653541319730515324e-01,7.279747154408165999e-01,5.797722353641814319e-01,5.731782798518023636e-01,7.450723799247320756e-01,5.764226128348299838e-01,3.743419526163048738e-01,7.375633360392259696e-01,7.119794135812799185e-01,6.694400548154517683e-01,7.113130613439132555e-01,6.894361569913742827e-01,2.389977335409974035e-01,6.291100699248097783e-03,7.317108602964075281e-01,8.888401624825128522e-01,6.662211005802348707e-01,5.250817635688336260e-01,4.351930570579143343e-02
8.558200452457863650e-01,7.599443301945938423e-01,9.297218344158700853e-01,8.060639476873560083e-01,2.271076750084248252e-01,6.494139690144860033e-01,5.336116339368872641e-01,3.563069623844885569e-01,0.000000000000000000e+00,5.977985804694387895e-01,5.025722143405595421e-01,5.714236504710674680e-01,2.944607677054165706e-01,6.645449977645921935e-01,5.081986240166431745e-01,7.271558140888907396e-01,5.646282081347711035e-01,5.674968603614599649e-01,3.773152862632487281e-01,8.376833768170171002e-01,8.714769611957495776e-01,5.197171994198400702e-01,5.651733890261774196e-01,8.873028547996070214e-01,4.401394123464915098e-01,6.660563951478392086e-01,6.731191681933951232e-01,1.447131915964228188e-01,3.127869507363999491e-01,7.204641596617917809e-01,3.572540394369500549e-01,4.253858667317891307e-01,5.991562290018022097e-01,7.627529542652200512e-01,7.381842943961370862e-01,5.189701770916531620e-01,3.455505085273643529e-01,4.265406388824174444e-01,7.759130781259998555e-01,9.258373758192111058e-01,5.905361876322564596e-01,4.568354546605155053e-01,9.211425579924826801e-01,6.375033816253421470e-01,9.011540799137834901e-01,5.153608714988786588e-01,5.110096410412303669e-01,3.197385979214103502e-01,5.259929739531262749e-01,6.706087902263563327e-01,6.880140880805107884e-01,5.816153587549830473e-01,9.575464201269353604e-01,5.728212709581437245e-02,7.110524355895962989e-01,7.632791679854908917e-01,3.110355591169610134e-01,1.625229976040617474e-01,5.094668733449474463e-01,2.293431939538733144e-01,3.574485200562106946e-01,7.688498739362865653e-01,6.921267631868822656e-01,8.587000241644414666e-01,4.428216271362167000e-01,1.042417651719047406e-01,5.313165572163611738e-01,7.876552510102103888e-01,5.498121718621085119e-01,4.842996486091287189e-01,8.537970089890113412e-01,7.817284330356337740e-01,2.902186665357544756e-02,3.360852720110250047e-01,8.328692422422498964e-01,1.764156216109276087e-01,7.780890334916537032e-01,7.889425476336952014e-01,3.868861945341000586e-01,3.293524457798685523e-01,6.292208832457789613e-01,4.064384155682256861e-01,7.420695585473376932e-01,2.709757712824569786e-01,4.659429638068172674e-01
4.662629653791111051e-01,6.852049200059107115e-03,9.066900982311395518e-01,3.970226453441298431e-01,5.540321782768515835e-01,5.146695564219692098e-01,4.353305846569837101e-01,4.719419480746648299e-01,5.977985804694387895e-01,0.000000000000000000e+00,8.387344519353467920e-01,3.109466336825757460e-01,5.059312658196826185e-01,8.181017447390088737e-01,4.482624653686117511e-01,6.828065324926687607e-01,6.900745197563186162e-01,4.441219443855387028e-01,-5.879773953204828207e-02,8.614558032867525306e-01,8.838638822984077326e-01,4.947168977455605465e-01,8.224442344152522733e-01,6.605694424515671237e-01,4.125912981565548199e-01,9.111055682211367523e-01,2.103447061269800855e-01,6.059718281784092220e-01,5.223016064158811922e-01,1.228527858804196460e-01,5.014981348474473188e-01,3.639389834897975851e-01,6.934097700919880092e-01,4.813402308788397033e-01,3.150191870414075224e-01,3.311135821928037348e-01,3.157277559898874486e-02,6.336601059868195440e-01,9.431442863425197887e-01,7.571349859261493620e-01,1.116639439375678999e-01,4.261456565903659066e-01,6.651122544630456712e-01,4.312099798598614253e-01,9.193101377132182339e-01,6.193704974415713549e-01,8.749842813628770921e-01,4.009843198673088693e-01,6.186114034090977043e-01,5.418246481961149774e-01,3.771920890362158163e-01,3.367341787842798584e-01,4.755759196566667346e-01,3.360402786892588978e-01,5.655940514270801911e-01,5.648381886163447163e-01,2.040471617766636825e-01,7.032970921080816673e-01,5.348620778891676197e-01,2.780848550191913349e-01,3.634879277518517915e-01,2.697226135056944862e-01,7.430158040317024204e-01,7.558524321750135222e-01,7.270456713976864993e-01,2.832716231548904062e-01,7.442049212453296647e-01,7.501469417966536435e-01,5.038953408913552368e-01,3.344152601562062621e-01,6.365764378820036873e-01,2.396857938206594096e-01,3.335150584614583469e-01,1.074975884975115925e-01,3.719714363127478163e-01,5.870737009845498067e-01,5.115753935147153708e-01,3.713781556866819766e-01,2.180591046752340390e-01,5.656129696803142703e-01,2.077656785875736656e-02,7.450600708682670881e-01,9.615563391010872873e-01,4.910291115933868578e-01,4.423572798621872582e-01
8.424292260498279505e-01,7.823017262538716210e-01,2.409193303273842457e-01,5.108444775432670060e-01,4.713151958233660621e-01,4.848573621112156062e-01,7.821199572464643257e-01,2.149911625551082228e-01,5.025722143405595421e-01,8.387344519353467920e-01,0.000000000000000000e+00,1.012852803869942475e-01,6.470722144432885514e-01,6.215722918259455332e-01,5.481763662764311817e-01,3.181608507705421807e-01,5.943925031216535926e-01,4.487542279561265723e-01,7.153272795933398598e-01,7.934030626100213590e-01,5.483378442511501749e-01,5.498905213306335416e-01,8.440497660314926209e-01,5.866994133112712895e-01,7.764926592998162569e-01,9.094393183080168308e-01,9.958766297336727469e-01,6.683062249395607113e-01,8.921542222004728850e-02,7.379592086658921524e-01,3.528733901512411952e-01,6.046720968346424030e-01,5.909579590934297411e-01,6.651644882707605788e-01,4.793188198809311684e-01,3.767176948664803238e-01,3.724759176586922571e-01,4.776070843724690151e-01,9.290341146592506760e-01,7.976698736234275611e-01,1.886764185271372074e-01,8.140714790105579857e-01,5.118463017881064170e-01,3.881356896664742845e-02,6.650650987934970670e-01,5.356574740727555461e-01,6.443756236576384522e-01,5.560680217688197535e-01,3.913462627709974884e-01,4.126039817284150590e-01,4.461421148726047448e-01,6.318074569311629141e-01,6.515609170493619207e-01,5.847556643822446887e-01,8.716413398135097745e-01,5.512738311289978599e-01,7.426355118620153739e-01,9.016572207637252312e-01,7.843742683563397211e-01,4.225637781621936484e-01,1.820625639712995236e-01,2.874643507960886746e-01,2.769349843192340233e-01,9.076288273305146426e-01,8.949220803665849377e-01,7.962681690713673266e-01,7.309650485528275121e-01,9.901470614860332642e-01,6.014076385211486464e-01,8.430232351364314036e-01,9.366577791736095948e-01,7.029411453034719592e-01,8.838963876633332273e-02,9.138584763521916121e-02,5.812714525312377978e-01,4.321298036981831570e-01,6.067169742227129792e-01,4.527056257461274380e-01,6.155466963950895209e-01,5.479957836386283310e-01,3.599371098725813178e-01,4.811136957086167287e-01,7.919657342042599746e-01,8.898377103103239927e-01,2.755898587275154021e-01
2.462339953748535898e-02,7.749273918731256483e-01,3.307622744052021169e-01,6.749142607358090684e-01,7.305774037739710680e-01,9.045632367368946491e-01,6.436962196006175141e-01,4.392857509939249172e-01,5.714236504710674680e-01,3.109466336825757460e-01,1.012852803869942475e-01,0.000000000000000000e+00,2.796157312150086560e-01,8.518891953119646088e-01,5.823041899881066241e-01,5.918049414818109533e-01,2.305020302712272873e-01,6.349632575607808693e-01,7.431518474085213599e-01,8.103915946988458074e-01,5.925295713240761319e-01,4.013074421040907502e-01,4.681631373050492706e-01,5.652046253542324372e-01,7.324906659097398798e-01,9.780267048236966909e-01,9.110715338154879994e-01,8.124386673904043787e-01,3.969821520555296690e-01,5.253470037192469605e-02,1.548866356516164777e-01,6.333278838434673874e-01,9.775406527336996110e-01,3.864725639644192023e-01,4.281258956662953308e-01,-1.849231245125027012e-01,5.792024421734166539e-01,3.364928648381302345e-01,9.274751148416531255e-01,2.107474809296818186e-01,2.130068580966774094e-01,6.752735856261214975e-01,6.700729024012159751e-01,7.379205446733679841e-01,8.591806559776345997e-01,5.487994009965151410e-01,6.995589156983851309e-01,5.574620963695376963e-01,7.593786489582594612e-01,7.940654193685204865e-01,2.966046932711038364e-01,4.922074038239538929e-01,5.006554392380890839e-01,3.275387330731399649e-01,5.306605961588736209e-01,5.593332694933376148e-01,7.820427763437469704e-01,7.524242264709107841e-01,6.045158235707093208e-01,3.298525592882254331e-01,3.116182650914481878e-01,7.026419452159669010e-01,2.087426703952604060e-02,5.590821564315205938e-01,7.147862248804177643e-01,2.956279894711578149e-01,7.741191485134564232e-01,9.022121552874805550e-01,8.196273199495522910e-01,6.692834502478761660e-01,4.264079824202404168e-01,7.529277900156327030e-01,6.314426631755373220e-01,3.876400391485190222e-01,2.998746327286060942e-01,4.982752637441669741e-01,5.714841834112998065e-01,2.193120232590922147e-01,4.666618324289275588e-01,6.900188812306755348e-02,2.583819785664331348e-01,6.574596829651218055e-01,5.061337862967836276e-01,3.035415503751089372e-01,8.568203208171246699e-01
6.315305473164953831e-01,6.833073395784444726e-01,5.258567323050059583e-01,7.411318604042773650e-01,2.795608255631281680e-01,6.496959772256333254e-01,5.916992167209376152e-01,6.941524676395639526e-01,2.944607677054165706e-01,5.059312658196826185e-01,6.470722144432885514e-01,2.796157312150086560e-01,0.000000000000000000e+00,9.621110992940760109e-01,7.323831036666601513e-01,6.989745592420293363e-01,6.756583784119828406e-01,7.668566767365629921e-01,6.724795357647924687e-01,5.762964876757057375e-01,8.331004325480586559e-01,9.657084221759257847e-01,5.566138908948957686e-01,7.577980275857820747e-01,1.837842385556408553e-01,7.905207442156626518e-01,2.271038031119287370e-01,7.607847014240036732e-01,4.845696318482700660e-01,2.416356127443995971e-01,2.099290007246813750e-01,6.509197904882074726e-01,2.267280090039824614e-01,7.298897505790737927e-01,6.411154478104980070e-01,5.337495199611703711e-01,-8.295343911594940667e-02,5.384584875608842136e-01,9.755984399835220255e-01,4.576781516380890591e-01,5.457804553186678120e-01,4.978002946604359602e-01,6.386246734991756213e-01,5.681022345245514416e-01,5.594652746444286340e-01,6.108727372322291238e-01,6.410913387376558914e-01,8.078081298864950854e-01,8.149609153653863958e-01,6.767342264403195529e-01,9.626919904493291824e-01,5.065132724190956059e-01,9.467348583049988164e-01,8.885931074573887312e-01,8.834616278040411386e-01,7.999612086821982215e-01,6.434221244156074215e-01,9.004523760819463929e-01,4.060748687668248591e-01,3.030070303955597621e-01,6.185902900871985688e-01,7.103026880069535087e-01,8.327157643224396555e-01,8.907379957166953188e-01,6.546785012629227074e-01,4.106598835432105910e-01,7.894931997461238637e-01,8.749025073849953094e-01,2.268597507541303127e-01,3.605845529772915281e-01,9.051031882577494914e-01,6.434276391782632887e-01,5.728092671276511227e-01,4.657248798793352518e-01,-7.038584458584692949e-02,-7.964097750835032186e-02,4.738193238004987373e-01,6.623265196331080684e-01,4.796677311389794252e-01,3.446192859686367793e-01,6.188479124356195404e-01,7.563045117295310593e-01,7.074823776281218279e-01,5.453260981077155956e-01,7.832455057941236642e-01
4.620208032342614235e-01,4.508243695273297380e-01,5.549055419853732296e-01,3.509784375116606903e-01,5.465933478400881729e-01,7.319027539191118592e-01,2.936086179387361050e-01,4.312125828430564689e-01,6.645449977645921935e-01,8.181017447390088737e-01,6.215722918259455332e-01,8.518891953119646088e-01,9.621110992940760109e-01,0.000000000000000000e+00,8.749845206784944152e-01,9.620175772749219867e-01,5.920393363141898124e-01,8.077179191692730464e-01,2.786110777641912506e-01,5.379665886396929331e-01,7.142586530421811686e-01,9.927162650999219462e-01,7.446268503503055136e-01,5.147861759334189102e-01,6.847321916300013189e-01,4.083853665298486368e-01,4.098736546795989644e-01,4.792485493217005788e-01,7.123415176901738421e-01,4.414592755494899934e-01,2.259022326007715242e-01,9.918042033675993352e-01,8.390926407674722531e-01,2.003859565578635649e-01,4.766658529370393360e-01,2.216063054293709311e-01,3.714463996005363811e-01,5.301969141173414890e-01,9.704216571069275155e-01,4.151146245128943812e-01,5.383568389403126098e-01,8.820623340179678529e-01,9.010481606914608754e-01,5.729345509707106654e-01,6.958452980788197850e-01,4.244197994275790142e-01,6.034437505034075944e-01,8.187433610062364586e-01,7.240324883787572219e-01,4.906918994947505053e-01,2.479788338054465524e-01,3.241692838532468368e-01,8.614691492549666485e-01,4.011058639579942464e-01,6.578304472478068154e-01,7.602704717881003660e-01,5.005838048493135295e-01,5.489772508268264684e-01,8.329583606928252504e-01,4.423046654318406601e-01,2.991026096139881574e-01,9.018941515781137008e-01,5.268995283792898832e-01,6.270438770246000715e-01,9.787891718221561899e-01,8.834709828973315027e-01,8.356228400866708705e-01,9.074635975484316441e-01,2.811534668495374589e-03,6.330955167196956612e-01,7.501534205723768833e-01,1.924791798982740110e-01,6.727510860443811080e-02,4.836197386510509011e-01,4.136370123376180152e-01,2.206509288351249654e-01,7.718862260789605134e-01,4.227363372602188640e-01,3.728636236970420681e-01,1.484985912508551553e-01,7.939692679131717945e-01,7.441416875401025699e-01,5.341775328465502293e-01,4.253136922323769165e-01,7.380673661297127985e-01
6.718219736923581875e-01,3.537512605431816226e-01,4.665771978348365323e-02,8.951772263001148700e-01,5.045804155617000797e-01,5.698970930078965935e-01,5.452634768636760443e-01,7.386809708331033564e-01,5.081986240166431745e-01,4.482624653686117511e-01,5.481763662764311817e-01,5.823041899881066241e-01,7.323831036666601513e-01,8.749845206784944152e-01,0.000000000000000000e+00,5.555706858540616633e-01,7.214873478158385645e-01,6.993282776960951796e-01,4.689125763629374832e-01,9.809237996781923208e-01,7.119861611713435012e-01,6.830704269299260334e-01,6.566113955539745195e-01,6.726918407595063876e-01,6.371337280900846167e-02,1.932190392377080082e-02,6.298869013355359314e-01,6.046198072432094062e-01,3.563598002392135977e-01,2.865930707618288831e-01,4.428808481842248512e-01,7.555060746897470647e-01,6.554918222169375808e-01,6.933854024583430142e-01,6.393417553915359264e-01,6.727504721489603323e-01,5.128020028177860956e-01,4.534212393128002616e-01,6.572931744413049726e-01,6.807361741572883762e-01,1.268580353412003363e-02,8.754870200830205951e-01,5.393410417746401508e-01,7.876493597790285017e-01,7.151340898427711590e-01,9.752485659254492845e-01,7.274198715174896579e-01,6.885687523228299911e-01,2.032961440586187885e-01,5.051716702444987162e-01,7.712660608582564414e-01,4.212228621470258672e-01,7.216085194158528004e-01,7.701770597607815461e-01,7.859262986569445220e-01,6.849108238680736704e-01,2.961707742468138171e-01,3.076160863549410873e-01,8.008241982273307524e-01,4.443868153542042676e-01,1.545297361718159235e-01,6.828244135156781303e-01,7.442180564494467188e-01,6.323971862056277926e-01,8.119511806385403263e-01,-1.933597406947870356e-01,7.520511768209260373e-01,6.157726174629619686e-01,1.533501696216223176e-01,6.470100996482278655e-01,7.706199751795046460e-01,5.428505851043945452e-01,7.490282288561340707e-01,-1.403100953106917459e-01,2.488447684909982638e-01,7.708691533459872680e-01,7.714154324243929217e-01,3.827085594070521735e-01,4.258999618903863138e-01,3.675985609032661472e-01,4.989205040534991364e-01,7.395816863705727551e-01,6.838441912424436664e-01,3.401065645275279659e-01,1.665871852510028006e-01
4.981092577817927136e-01,4.334116072399187836e-01,9.492066279263238204e-01,6.746822912559543584e-01,4.590020786610476411e-01,3.883722168067250680e-01,7.114913771332760373e-01,9.086624645630778652e-01,7.271558140888907396e-01,6.828065324926687607e-01,3.181608507705421807e-01,5.918049414818109533e-01,6.989745592420293363e-01,9.620175772749219867e-01,5.555706858540616633e-01,0.000000000000000000e+00,8.600900702374708606e-01,8.555022228177044941e-01,6.537305095205505623e-01,5.172568510196976499e-01,4.100712795344257922e-01,6.979379434243631053e-01,9.406533768117948391e-01,8.942271491150349805e-01,2.108819991083600853e-01,5.712972417460109309e-01,7.836430346465871333e-01,4.682993429469817226e-01,5.259168920280302695e-01,5.867049536129025356e-01,9.077582467280099002e-03,7.184555751030611281e-01,3.571740597130426687e-01,8.625185279248335224e-01,4.749256138814125228e-01,2.959717339103836720e-01,6.282779869883249324e-01,7.656874384931330324e-01,1.444034480706661572e-01,9.185280038516759893e-01,9.718055344043365906e-01,1.726548778085771896e-01,4.783467042979867023e-01,6.381938313655769468e-01,6.308705831712977385e-01,7.077925454251631221e-01,7.078530332362108490e-01,8.245800781702322668e-01,2.475763218652265729e-01,8.035639758130893595e-01,3.921540676861088315e-01,7.804705149698195621e-01,6.445995501894445923e-01,-1.418573550629689539e-01,5.447807711780076056e-01,4.333230002474697806e-01,4.346901577053353671e-01,8.466559113917977442e-01,4.304946977799023466e-01,5.774278622703072905e-01,6.287671503101863735e-01,6.570997394925570667e-01,4.734195448608746193e-01,8.005093595488758096e-01,6.970126207073038538e-01,7.714596776098272546e-01,6.165936527602153827e-01,8.594383412826188673e-01,6.728872697365475553e-01,3.185649118610217045e-01,8.862812912526943920e-01,8.093566746574430981e-01,2.042792980783697254e-01,5.723222898135071901e-01,6.160437492662707015e-01,8.841094497892804105e-01,8.883501461551331913e-01,3.773806797508877375e-01,6.378676986547988648e-01,2.357501452919109064e-01,-5.609350126108245127e-02,7.122335173560163657e-01,9.064287469145517750e-01,2.418106831867213036e-01,1.317535056425367668e-01
5.385837799238943902e-01,8.214161997159622475e-01,6.081206509349048606e-01,6.998993620937778992e-01,1.628569553545210213e-01,8.969010013421110372e-01,6.695683484442724875e-01,5.198362162458716185e-01,5.646282081347711035e-01,6.900745197563186162e-01,5.943925031216535926e-01,2.305020302712272873e-01,6.756583784119828406e-01,5.920393363141898124e-01,7.214873478158385645e-01,8.600900702374708606e-01,0.000000000000000000e+00,8.791038361903963372e-01,6.704409521285742413e-01,8.279689033012599397e-01,6.820633869578581754e-01,6.162670694643144209e-01,4.619775602329482811e-01,6.263350544527219732e-01,4.640331495590344635e-01,5.815257977975820669e-01,2.153907978821651414e-01,6.498894465264243303e-01,5.637140903446274942e-01,3.749301327167731124e-01,3.455407722146310867e-01,8.408773837517662386e-01,7.416592080834502054e-01,3.984648954816217836e-01,8.267383446693002957e-01,7.983112844989861401e-01,4.628696956501610060e-01,6.359941608478056896e-01,6.650135779650390155e-01,3.349835434878072893e-01,5.581537536265928079e-01,6.150405212591847359e-01,6.089023001806722624e-01,5.678434582958982180e-01,7.293359308063411817e-01,4.345959723712588541e-01,8.770915920743496130e-01,8.056893907862955340e-01,6.734406774661583217e-01,5.074624015505628805e-01,7.353491897605868299e-01,9.349847200009042680e-01,9.720777263700424164e-01,4.026350111538619103e-01,8.548251534040931521e-01,5.617164440213402443e-01,4.995733327908535859e-01,6.822376045082017004e-01,6.278109262470920049e-01,5.253080908763199108e-01,2.942845994273107779e-01,7.120283421678895719e-01,7.062967147764688258e-01,5.363944980366375237e-01,8.787555561768729540e-01,7.300058724800386756e-01,9.279497468319257703e-01,7.741554838348225775e-01,4.365472839512271053e-01,2.021249765073193649e-01,6.087925598840916441e-01,4.642007207572682592e-01,8.194098816264566709e-02,2.977732926404573766e-01,4.928362853508932995e-01,4.723077573590072076e-01,7.832648395104412353e-01,7.539767001208207420e-01,3.816126779645448441e-02,1.159543384284723033e-01,5.256868620558090566e-01,6.634134010202001885e-01,4.350667310873788107e-01,4.914386232770443508e-01,8.889116747027953069e-01
4.755962680609316928e-01,5.251218250407703458e-02,6.836847720185417199e-01,5.416208091951861814e-01,6.142936273152340698e-01,4.615634022983648999e-01,7.176450592012511009e-01,5.876053918029473522e-01,5.674968603614599649e-01,4.441219443855387028e-01,4.487542279561265723e-01,6.349632575607808693e-01,7.668566767365629921e-01,8.077179191692730464e-01,6.993282776960951796e-01,8.555022228177044941e-01,8.791038361903963372e-01,0.000000000000000000e+00,8.339993058043850827e-01,4.920412992462574464e-01,5.067756762389397096e-01,3.477795247035682102e-01,7.608935605793463175e-01,5.341360086127460161e-01,6.114761717767395188e-01,3.908094490006135402e-01,8.687830860888633433e-01,2.477544161086913943e-01,3.177626482051237877e-01,3.233680240950723150e-01,4.153966235195703516e-01,6.563876437403945996e-01,9.442551266025419610e-01,2.895608442743630717e-01,6.257017240912009504e-01,9.029887180712004024e-02,3.212002268867505395e-01,7.264859188996337647e-01,6.222533242664739506e-01,9.974401435352855949e-02,4.892542264959074544e-02,4.403877481446903386e-01,8.813812614390296174e-01,1.208630604592788628e-02,9.954651812270461919e-01,8.283571966577247814e-01,3.250210577330497896e-01,4.538724346539521615e-01,7.863679099131782868e-01,7.108698342664320213e-01,6.690803328517759274e-01,4.881884550688053714e-01,9.316320304675916875e-01,4.937550173170972556e-01,7.810317803962734118e-01,3.299926144061069433e-01,7.653053787058641255e-01,7.108479195560151176e-01,6.841953508269144058e-01,2.331907923695785423e-01,3.143363217433175483e-01,5.615610100186123610e-01,8.706545432233678827e-01,8.586001658464067487e-01,8.887028613073303385e-01,5.066760391603676306e-01,5.924902054661695949e-01,5.088896203547293995e-01,4.713390273794033636e-01,7.878676817337078031e-01,7.890373158476171600e-01,9.971570399872111690e-01,6.568168209763245446e-01,7.607088090066955743e-01,5.016060227670535721e-01,7.356059332502309367e-01,6.019216508687085243e-01,3.310101921942487646e-01,6.365201841140749606e-01,9.670034218694532890e-02,3.899410450065234901e-01,8.364256077794527400e-01,9.923994695501767715e-01,-5.899365939429745964e-03,9.172280037317529500e-01
