0.000000000000000000e+00,7.433051257666023481e-03,4.889716992224465986e-01,6.196663088849824197e-01,9.144448233488415845e-01,9.589592153759844972e-01,7.594447983604759589e-01,8.964575528233442725e-01,6.183692935251694500e-01,5.779822100135733054e-01,8.868726927609261734e-01,9.702621404799067761e-01,4.790516502605117743e-01,4.322282420947639592e-01,5.095857158400984854e-01,9.087024848570715019e-01,6.254225619276498893e-01,6.726256501283698341e-01,6.249129901099415019e-01,5.720765693497440463e-01,9.487198778078980155e-01,4.959720663516037353e-01,9.672756070781507454e-01,9.647075969748680757e-01,5.617560129927212653e-01,8.205183054951955546e-01,7.222570998105002360e-01,5.106055942377433210e-01,4.199547954549730511e-01,5.061775567924549080e-01,4.373806044930983895e-04,6.037707794626249180e-01,7.872448186599907416e-01,5.308451133095404284e-01,8.131474759994088419e-01,6.222107063321354881e-01,1.712724007458469588e-01,7.053837024423809110e-01,7.622460736052572017e-01,9.484056018448321357e-01,5.284099265009856508e-03,6.295311084086302467e-01,7.949717515047827199e-01,8.024540965052935348e-01,7.681160673546856277e-01,6.484670007077472098e-01,7.266049467134437778e-01,7.612594347901877612e-01,4.283441181051522717e-01,5.421151418762308882e-01,7.486921937976879216e-01,8.242785596415483917e-01,6.876705220764806059e-01,8.552012556173429481e-01,1.865943975912270902e-01,8.136244705483071105e-01,6.676297511271469531e-01,6.352502309051063500e-01,9.734987505484753445e-01,5.008338163507773944e-01,4.353753070649272194e-01,8.820123946610016752e-01,7.913067860735526482e-01,6.066686388734356949e-01,9.029901386068971414e-01,9.688171191090831913e-01,6.232969839269680845e-01,8.946751976523699135e-01,9.601168747481889643e-01,7.414307287942778490e-01,9.154540465996067189e-01,4.688740823767024724e-01,5.741129376658580252e-01,4.321285382914896722e-01,7.636087469934527139e-01,4.875585337645520906e-02,5.306359251812767797e-01,8.709760534409413113e-01,5.105959831115508551e-01,4.384838437432739267e-02,8.439648754675026510e-01,8.436219979870449581e-01,7.053436582523732179e-01,2.612600773971902046e-01,6.662275039183097602e-01
7.433051257666023481e-03,0.000000000000000000e+00,6.921499862594467922e-01,3.377517031933236491e-01,5.339313871967880099e-01,3.340558647294277206e-01,7.866047093923846933e-01,1.111747192995687361e-01,6.435830797844719342e-01,6.984032133826613142e-01,5.841846013510507696e-01,7.892426553563630653e-01,6.480553617796913635e-01,6.079910803323286261e-01,7.456215759591664494e-01,7.677346455681345327e-01,2.859147782221012624e-01,9.688922060718490048e-01,5.875655947876186058e-01,7.468086135104845535e-01,9.082208147318100444e-01,2.321817612780632811e-01,7.301306468659336524e-01,8.615618464983478830e-01,1.348709094052267382e-02,6.974251190014907342e-01,7.209851580565368456e-01,5.148089245881215525e-01,4.533814397288529752e-01,5.110102054967035068e-01,1.602729757549045397e-01,6.843967137295188241e-01,6.618372322381259609e-01,-2.756277380946282052e-01,2.951030696469308379e-01,3.047715161458730004e-01,1.321257371539437675e-01,7.086912627456022351e-01,6.919422890554525196e-01,5.988756680736353477e-01,2.543107585617182531e-01,6.208341920335069819e-01,7.729435081697201282e-01,7.802276566252035472e-01,7.782003248464843814e-01,6.146043962241751757e-01,6.798893522799306366e-01,7.142541060603944114e-01,7.517556926471612444e-01,5.439452335724042076e-01,5.903355621002441822e-01,7.055763177788632046e-01,7.946760982748088953e-01,7.676961027034852059e-01,6.529585518040345038e-01,2.508586038640880922e-01,7.699905682793252160e-01,7.878405179396963387e-01,6.023638176850290016e-01,3.313265201215007810e-02,2.556059853798865467e-01,9.882670222023950402e-01,8.611096208251461936e-01,2.478807395272106529e-01,8.580961651287327685e-01,6.575959162045789119e-01,4.259217620736206467e-01,2.829335700100709117e-01,6.355232671147683643e-01,5.392543978764996471e-01,6.906060442107770925e-01,5.429556346528086053e-01,1.196961894462025312e-02,4.636295168497805985e-02,2.507272956533135311e-01,4.468610298969786787e-01,7.032042737192969462e-01,5.061800371972345891e-01,2.171454705613628522e-01,1.458411030800414732e-01,2.400426411680247341e-01,9.651136034502953986e-01,6.447834489206460962e-01,4.070337929644595731e-01,3.305475564113590226e-01
4.889716992224465986e-01,6.921499862594467922e-01,0.000000000000000000e+00,6.210901167255443722e-01,6.229794353244647587e-01,5.952000876545830987e-01,6.243487651338951450e-01,9.693495626158221690e-01,9.237371146243733566e-01,9.670046777914762526e-01,5.436776362661068784e-01,6.234534571587223573e-01,2.299140741974321500e-01,9.671956413241628026e-01,7.129912218796645718e-01,6.606044146947737117e-01,7.506708626351490388e-01,5.354586290460177089e-01,8.416276157860156371e-01,7.580442740024173620e-01,8.826429134281308375e-01,9.722398496134987411e-01,5.792534960359950746e-01,4.459848942112139558e-01,4.855363398815365494e-01,9.871783221186370971e-01,6.942373717629879426e-01,5.645097293496705859e-01,4.736550938579194292e-01,3.680104929461502916e-02,5.700096584450972115e-01,9.172373152765971316e-01,8.415923795606575775e-01,9.419520059371537801e-01,7.598726984406634077e-01,2.596127338821971331e-01,4.346003507222631623e-01,7.122988696516295848e-01,9.098089342792927692e-01,6.123059941729440681e-01,5.413502515602311993e-01,3.770416410492917758e-01,4.361679468795245929e-01,3.311031969585172541e-01,6.205602634661516737e-01,4.184435445419360522e-01,4.318272500433833483e-01,6.179569401624809277e-01,9.175503638831891129e-01,9.471668085783873092e-01,6.188052449234044960e-01,8.733439033511236627e-01,6.484552999027406450e-01,8.122206339193916991e-01,7.243422344993313278e-01,9.797342105193458384e-01,8.364430512832028430e-01,9.310986523003008664e-01,4.342812189662423328e-01,7.253634521809571023e-01,6.311704371322774954e-01,8.525779483561454208e-01,9.964647030436877273e-01,7.343458735856241981e-01,8.612587661348389823e-01,2.636018535218218606e-01,3.356392999836625979e-01,7.978718967573701359e-01,2.685449842832867695e-01,8.122950163111336552e-01,7.973875627860530502e-01,5.648977504376859748e-01,7.943156802827333607e-01,4.218125953928271166e-01,6.941807912149838833e-01,9.390097536438631876e-01,7.087488523002218876e-01,5.045398457067288289e-01,6.369808852034115620e-01,3.437136504778137702e-01,4.042820234526440792e-01,6.056803488153826853e-01,6.620781099957977478e-01,7.959131056859451991e-01,8.456482403820037019e-01
6.196663088849824197e-01,3.377517031933236491e-01,6.210901167255443722e-01,0.000000000000000000e+00,7.813404490700950333e-01,2.853185717261130794e-01,5.056618109178964149e-01,7.031066016322604639e-01,6.338222168548768298e-01,9.763501039081367017e-01,4.425848060696606079e-01,4.210178825995635754e-01,7.017342920920892346e-02,8.353465133925654929e-01,4.936836155733064779e-01,6.514543957364287152e-01,5.078601306678811600e-01,6.671101804845425143e-01,9.385109012407494289e-01,4.490384187825199880e-01,3.488293501374226668e-01,7.713958587045388615e-01,9.248409068331089333e-01,5.571952964163451316e-01,2.278549017958852452e-01,6.013481490822636388e-02,8.815322554934299504e-01,9.306721510146953591e-01,4.265488655624230518e-01,7.069769185770747866e-01,3.557658193498679511e-01,8.356668915929182928e-01,6.939867694212884519e-01,6.976254284697340768e-01,4.751657273326134190e-01,1.347711426093169407e-01,4.934205913440433133e-01,1.045463900337904317e-01,2.588585268089332314e-01,7.070722535357080174e-01,5.716282102003467092e-01,5.878304445190730698e-01,2.863931164308074484e-01,9.364032751021514889e-01,6.367026786081513290e-01,2.883927984739330652e-01,7.333073834385382961e-01,4.596835213052357094e-01,4.228235663954439394e-01,2.776853888136329718e-01,5.799873684312969457e-01,3.785557036011860665e-01,4.022192508458451443e-01,8.612232178418248729e-01,8.505297786122404391e-01,8.452791115605259309e-01,6.033505391912727944e-01,6.631988237514615525e-01,7.571766357396645386e-01,6.287520890975930588e-01,4.118806681464501906e-01,2.891525921786392006e-01,6.442619460748514326e-01,8.142123622461664434e-01,8.614896317056544017e-01,6.641362552023166721e-01,9.446864528794475246e-01,8.331530821882369153e-01,7.499926390089222128e-01,7.891055990131510267e-01,2.613631680504923671e-01,4.919978661074638771e-01,5.529263501319602314e-01,2.904131845594463690e-01,4.575961281361642929e-01,8.498705593309618944e-01,9.355388580881203175e-01,5.482502564166675807e-01,1.725360328197486359e-01,4.504092418184342250e-01,6.693325380560923854e-01,5.442042975729721732e-01,6.105723107560706575e-01,6.311511985562620053e-01,4.154444330979260025e-01
9.144448233488415845e-01,5.339313871967880099e-01,6.229794353244647587e-01,7.813404490700950333e-01,0.000000000000000000e+00,6.261621192119203316e-01,3.066954671260216023e-02,-1.681773034755678631e-01,7.817325247710164016e-01,5.602494780832297794e-01,5.935041614953897593e-01,7.229593378285034122e-01,4.103189291205676104e-01,7.750959750128969539e-01,5.391768398193728107e-01,9.705708418012206629e-01,8.322633398252676784e-01,8.417874030261767171e-01,9.358718112214194917e-01,7.481289580490395608e-01,7.936487578484381356e-01,6.818702454108536148e-01,8.422636241196821416e-01,7.946048001182943743e-01,5.533995649374515713e-01,9.514907855746557175e-01,7.903875039776565581e-01,7.232802899373935723e-01,2.451625507282609862e-01,6.551110844610723571e-01,5.838637197495342157e-01,4.824886311079815138e-01,8.821457766016056468e-01,8.978303907098563741e-01,4.719388540812578525e-01,-1.211169030447031419e-01,3.641383180307804501e-01,4.337534418380441514e-01,8.362362347599660017e-01,6.176759089512736667e-01,3.895948658764652461e-01,5.873101310499120320e-01,6.014390283017944094e-01,6.817496775723055347e-01,4.386909789970296902e-01,5.766217252275503968e-01,7.452964218232669413e-01,7.690110826913636455e-01,3.527088231563662024e-01,6.621787905826395093e-01,5.573713928179355737e-01,7.614947246630301425e-01,4.506966140568802182e-01,4.481726568539400324e-01,4.731423397103517448e-01,7.424022568706423186e-01,6.301310191010895956e-01,8.380204559830212174e-01,7.826608516971562679e-01,-9.730430852516659679e-02,3.680673617393394048e-01,8.658706086306203753e-01,5.300874301844116232e-01,8.900913339443636829e-01,9.664815440601903784e-01,3.349093128938714914e-01,4.607191493282369876e-01,8.948799823432281864e-01,2.814483588947281345e-01,8.893701948645877930e-01,6.811059132777319558e-01,6.765260095542806607e-01,5.569209258672525031e-01,5.855059433249761858e-01,7.716134231362183904e-01,7.951243875172669950e-01,9.266905424475999631e-01,5.276169303642308517e-01,3.087261934368403793e-01,7.588300524923884405e-01,7.451589254857670097e-01,5.684631345501356403e-01,7.482558277900103194e-01,5.056231912692431552e-01,4.477348835458837550e-01
9.589592153759844972e-01,3.340558647294277206e-01,5.952000876545830987e-01,2.853185717261130794e-01,6.261621192119203316e-01,0.000000000000000000e+00,3.361516911604502944e-01,3.192113967137142905e-01,5.357861135902606264e-01,5.043640087676909411e-01,9.973418140409786581e-01,1.107693227662083224e-01,7.072818438638894811e-01,9.926959348571832153e-01,4.204427833081198496e-01,5.091198027188729158e-01,4.030707517109808347e-01,9.947936143000324360e-01,7.072513362236872159e-02,9.234347741581908631e-01,7.549035925177646211e-01,5.143693852567078340e-01,5.679070649328926690e-01,4.977294961151559893e-01,4.479745158081610557e-01,5.163806249501176060e-01,7.830576271582612158e-01,6.160964471793313191e-01,4.344403891079823277e-01,9.570556432694455884e-01,-5.536854731443624500e-02,4.127076816313930419e-01,4.754125962907491121e-01,5.816978853482882572e-01,7.595123913074888211e-01,1.949997830807181920e-03,2.842635493793101431e-01,-3.550042828021213737e-01,9.371298211752208118e-01,3.650413519550030905e-01,5.559386199362350567e-01,4.607348389156114554e-01,9.713982953710806889e-01,9.701712958177414192e-01,3.286456961261033927e-01,3.469969934695430469e-01,7.232772205221302819e-01,2.354299996087941549e-01,2.675005758084330609e-01,2.274933551311339730e-01,4.419514481362324387e-01,5.904235625052092207e-01,5.391881288971464015e-01,2.350830840686334855e-01,6.210737816017491975e-01,7.484215245212724188e-01,7.310728728841109358e-01,8.455582486611443738e-01,6.371070665178898418e-01,5.517769313184748420e-02,2.331041876840286575e-01,7.772632196585489428e-01,6.254178655302912171e-01,6.536729094271157559e-01,8.181932532941014191e-01,7.632742971149080180e-01,7.196147282993987648e-01,7.968197371592049549e-01,6.355853295293611982e-01,6.085925266289973212e-01,6.479601517536406341e-01,5.268359773587576872e-02,5.525220664358775347e-01,2.640319509810942211e-01,3.511517150873664228e-01,4.936546782050296178e-01,7.182066745543687070e-01,5.387991072109572510e-01,3.541522696017408434e-01,-1.170071383820986827e-01,4.684084356548087191e-01,6.197239883385369241e-01,5.073471458803234801e-01,5.356826825207428033e-01,4.488003924441936743e-01
7.594447983604759589e-01,7.866047093923846933e-01,6.243487651338951450e-01,5.056618109178964149e-01,3.066954671260216023e-02,3.361516911604502944e-01,0.000000000000000000e+00,6.583192174364596028e-01,5.116862344849723021e-01,6.371082947979267441e-01,5.720025105699440005e-01,2.053567561254634743e-01,6.469654425039632617e-01,4.911254769280764543e-01,2.864365002615946176e-01,4.054532688398265194e-01,5.554675576446708174e-01,6.917134389643718739e-01,6.831297578029584816e-01,9.787511809440310184e-01,2.076972837785287795e-01,4.186586263569367361e-01,3.988475983379670686e-01,4.891085937482991253e-01,5.681330352388187510e-01,6.797487896726305268e-01,5.129067014980160932e-01,2.456622658060578918e-02,2.865639211921807150e-01,3.462387831603954691e-01,-1.562880812433654065e-01,3.009257262430364843e-01,5.530056006564396665e-01,5.551761505562179400e-01,5.525438873196473200e-01,3.084968000725986093e-01,3.889867982751080699e-01,4.069208711489215591e-01,4.388568136811491494e-01,-7.099357873492898041e-02,3.981435182104200443e-01,6.258397779632838276e-01,7.431075306255920943e-01,-1.935718915316431699e-01,8.075393862773950771e-01,7.830744051286466778e-01,6.284336265280526801e-01,7.131812885101522781e-01,4.606883477815447714e-01,7.483105677366055364e-01,2.927363301986017907e-01,4.860881003721813087e-01,1.622400031280342159e-01,-1.487416922767463290e-01,8.121111739712655320e-01,5.738499581926354010e-01,6.701358702423994007e-01,5.515758147173850379e-01,9.592024626714262814e-01,7.126819867587169677e-01,2.501601268797245536e-01,2.624294825806370857e-01,5.528024110534794922e-01,1.930387835812296116e-01,4.610253065737554556e-01,6.583379010852090651e-01,5.772419824827947910e-01,2.259933330220074699e-01,4.391192103776205835e-01,6.766861586219176106e-01,7.628182821150331083e-01,5.334136380004080857e-01,4.701971803779348980e-01,2.214356842026297956e-01,3.015290047467508172e-01,6.458467236097007458e-01,7.624071299072892050e-01,7.496024355256760696e-01,1.259412743785979366e-02,4.066148266591631533e-01,3.571462833063537845e-01,2.457061887034931169e-01,5.683099963832841661e-01,1.275984745357199024e-01,7.162677547137562550e-01
8.964575528233442725e-01,1.111747192995687361e-01,9.693495626158221690e-01,7.031066016322604639e-01,-1.681773034755678631e-01,3.192113967137142905e-01,6.583192174364596028e-01,0.000000000000000000e+00,4.499996513495513328e-01,8.236041643632893150e-01,3.635942972879365742e-01,4.060113231832225833e-01,7.165944706177752588e-01,8.016330545820500308e-01,6.198500085922670211e-01,8.407576525038390480e-01,5.691150769512175467e-01,7.732194278358897055e-01,4.723104814537689156e-01,6.725892284740098148e-01,4.315492035879155419e-01,5.569569111380788806e-01,3.282139122981871937e-01,5.787539411329649663e-01,7.780393711463580164e-01,2.803230484520748411e-01,6.165644557159899453e-01,6.321182643227988285e-01,2.268533806676366060e-01,5.793980187673901661e-01,2.560990347440759290e-02,6.435366706363903067e-01,7.825230794700708259e-01,4.762618315404065772e-01,4.507876421195070038e-01,5.339679668321983819e-01,5.044395961403690398e-01,6.139206551314039251e-01,9.947708061606789220e-01,4.398912898986040987e-01,3.853278189061707937e-01,6.169324085567001736e-01,3.770654396714048784e-01,7.973318428164231086e-01,9.836462160913751474e-01,4.074401711766800771e-01,6.981259502912373627e-01,4.997898313486366928e-01,4.804175353013259153e-01,4.319516272482322172e-01,6.668376660190186156e-01,6.025250396579696632e-01,2.987340938005755286e-01,4.024890519434469183e-01,9.798712358294334734e-01,8.255213778054460994e-01,7.279741586185599633e-01,4.230480970553586739e-01,6.574778304684336661e-01,3.334996602620300399e-01,3.308972853477257781e-01,5.602867250643043251e-01,2.340684611043618302e-01,8.767155843448161123e-01,7.484552466222117451e-01,5.645180434571277495e-01,7.615038060807144404e-01,8.286011796708944166e-01,6.823175499467345473e-01,5.889989585792343441e-01,7.394817493351476534e-01,1.398953092682098942e-01,4.115834639633689784e-01,1.134751520700523209e-01,7.394204271259174899e-01,9.609077948088055043e-01,7.922210432082967824e-01,5.446438750792284011e-01,4.264036930574706397e-02,3.650380818038811981e-04,7.192056731738876163e-01,1.633497505358588453e-01,7.664540091417629819e-01,2.338496696882099921e-02,4.360214409327475282e-01
6.183692935251694500e-01,6.435830797844719342e-01,9.237371146243733566e-01,6.338222168548768298e-01,7.817325247710164016e-01,5.357861135902606264e-01,5.116862344849723021e-01,4.499996513495513328e-01,0.000000000000000000e+00,2.287300630381741695e-01,4.606038530084934357e-01,5.190052085196272813e-01,5.494040894520548779e-01,7.635004907340431357e-01,5.736818919776947023e-01,8.573993537444298818e-01,9.748028299625896009e-01,5.764164055348219851e-01,6.839912573779723948e-01,5.085978682574203713e-01,8.264328744664580784e-01,6.291573434020552025e-01,5.622014386189952972e-01,8.571033734208185484e-01,-2.184657972076398114e-02,5.471966300659163451e-01,3.981403220216602756e-01,5.222328883252462806e-01,3.460488876079643172e-01,5.495442300119280921e-01,3.408304467490814726e-01,-1.838998486780678010e-01,1.199556217792387969e-01,7.268001228129168656e-02,2.144345529129604022e-01,4.001686017557140596e-02,3.805691427256016057e-01,7.073811489313128753e-01,6.009960578994139047e-01,2.156221213675809933e-01,6.497208649898718047e-01,-1.365229722832985437e-01,8.425690425676419792e-01,7.397941660445406242e-01,6.564547624930632264e-01,6.089800949111060513e-01,6.912798713832111197e-01,1.728600524138079186e-01,4.202305651343096193e-01,2.606077637011379178e-01,6.273985898860019450e-01,5.874427124630112740e-01,4.371054952223756285e-01,1.668640001609588142e-01,2.486492879336309192e-01,6.861533759669015131e-01,9.459311196892750129e-01,3.706469415957480695e-01,9.530857559848835425e-01,4.962603326717293095e-01,4.104207056067581405e-01,6.859617677732861019e-01,8.699275665056356299e-01,7.336474650676767517e-01,4.785447585111265445e-01,2.868528637101284140e-01,6.672400222903174249e-01,4.776239134425998012e-01,7.493354593741704539e-01,5.652052867854455709e-01,2.586314221794264734e-01,3.710095404173961026e-02,5.875039803218526924e-01,1.956118348451107714e-01,1.656232783264973696e-01,7.361278798151991154e-01,6.882070527123642645e-01,4.706000286969865831e-01,3.840404887518823474e-01,3.880317005304239064e-01,6.353016256334222955e-01,6.179642434806911222e-01,6.602814887939383315e-01,5.911626638048800286e-01,9.823861570664922382e-01
5.779822100135733054e-01,6.984032133826613142e-01,9.670046777914762526e-01,9.763501039081367017e-01,5.602494780832297794e-01,5.043640087676909411e-01,6.371082947979267441e-01,8.236041643632893150e-01,2.287300630381741695e-01,0.000000000000000000e+00,7.085573506101450203e-01,2.733610160253410401e-02,8.404366825477623815e-01,6.483143035238903007e-01,7.078939091188993782e-01,8.716298123097619699e-02,2.925124930839541615e-01,7.520699127460513944e-01,4.362679412684051794e-01,8.214299597377285878e-01,6.931876608734665046e-01,2.136208196542224158e-01,6.721172382895116426e-01,7.761828474794447708e-01,7.679961518095723694e-01,8.571958286241379010e-01,6.031909596887726766e-01,5.171731645184477477e-01,4.985603923383660208e-01,7.861832664078775013e-01,4.711604737615461280e-01,4.371186220916685738e-01,4.029801011714503334e-01,2.531192052987149554e-01,3.359217650091336216e-01,4.331296680738599969e-01,2.290149125263381547e-01,6.825252668160227687e-01,2.281763627268282024e-01,7.013229568036959405e-01,7.691695858949920694e-01,4.146168243833650568e-01,6.802537948078253294e-01,4.805076354328529642e-01,6.202432857031742186e-01,7.275131796497381620e-01,6.570142438798338702e-01,7.058510440075926873e-01,4.362617845028401997e-01,4.194410748849031201e-01,2.621136148623220974e-01,5.293810458740080271e-01,8.523599587570684921e-01,5.608211863187783086e-01,3.518842936892514484e-01,5.112127025277416470e-01,6.581042237576535392e-01,9.523582788679044731e-01,9.986575402845170313e-01,2.683787950157802138e-01,-1.533664498642713925e-01,4.340754615552809836e-01,2.179137773197983574e-01,8.058074539692926530e-01,3.091190300410072700e-01,4.588276150102699735e-01,9.859030199489241530e-01,7.433184661354922396e-01,4.673684354773375849e-01,6.349200676155880574e-01,6.012110137322101977e-01,5.510386656725788646e-01,5.210341338234995012e-01,5.307705640172475370e-01,4.817405545525519917e-01,9.425617405309216768e-01,4.818309431202861814e-01,2.697378697552479387e-01,5.609377376933457615e-01,4.428201266282187909e-01,2.614048140160104006e-01,6.393257563465037929e-01,8.286124363836043782e-01,-1.228974881451087436e-01,6.771891905066477202e-01
8.868726927609261734e-01,5.841846013510507696e-01,5.436776362661068784e-01,4.425848060696606079e-01,5.935041614953897593e-01,9.973418140409786581e-01,5.720025105699440005e-01,3.635942972879365742e-01,4.606038530084934357e-01,7.085573506101450203e-01,0.000000000000000000e+00,8.755856344481628417e-01,6.824660664879075300e-01,9.571793311379549196e-02,6.854618848126269315e-01,4.499346101266272213e-01,5.451463486448462348e-01,7.585051328760347156e-01,9.277490433309565354e-01,9.553267173009234448e-01,9.902066875471975393e-01,7.052198203444605129e-01,6.100577128639910196e-01,9.179918108370015428e-01,2.208496761811327702e-01,4.386807944200175058e-01,7.218363681786756914e-01,6.107721318262634425e-01,3.227029846459374962e-01,4.565482690424660928e-01,3.330179890668854004e-01,9.842030367556258152e-01,6.935062475808015936e-01,3.195251720398726292e-01,7.899499758241661507e-01,1.468611058691589588e-01,4.551044321619241440e-01,6.481609190716404179e-01,9.339767694999236980e-01,5.317806933783606471e-01,7.867888410292064316e-01,2.092721864531368603e-01,2.546942530633261037e-01,4.608922624672635027e-01,8.775105359126346150e-01,8.347147580114573362e-01,8.913880975022532294e-01,3.945866650873925963e-01,1.580458460948939714e-01,5.478858898027787472e-01,7.125263376433411677e-01,7.100902025541635521e-01,6.818877292250586919e-01,6.017212176107240573e-01,5.724404937023822582e-01,4.422251023645661916e-01,4.450631649714080762e-01,2.522795123429801833e-01,2.620203706492710838e-01,8.852016554353356881e-01,4.447166250561731538e-01,4.049914801381362950e-01,4.629632416679688167e-01,4.211771912529362338e-01,8.507282633911996683e-01,5.076858187562306446e-01,9.369024512798012072e-01,6.347673590763831530e-01,5.416509831950953036e-01,2.240584622743550525e-01,4.388316141798833114e-01,7.644111200402126105e-01,6.756971203277044591e-01,2.678608831347164543e-01,7.119092245305914668e-01,4.073821524989736931e-01,4.188960440518501027e-01,4.262068623551984285e-03,3.784722832981094465e-01,2.854214235103969544e-01,3.018108146523155316e-02,7.218640264030897757e-01,7.172397569176619525e-01,4.484620550884162449e-01,7.401276597115344913e-01
9.702621404799067761e-01,7.892426553563630653e-01,6.234534571587223573e-01,4.210178825995635754e-01,7.229593378285034122e-01,1.107693227662083224e-01,2.053567561254634743e-01,4.060113231832225833e-01,5.190052085196272813e-01,2.733610160253410401e-02,8.755856344481628417e-01,0.000000000000000000e+00,6.823893602347398391e-01,9.532647557899083246e-01,3.913343921911835999e-01,7.857852688272705111e-01,6.107428197063071718e-01,4.837266350407405380e-01,4.082071985779440193e-01,6.251534769393894964e-01,5.643684236380732688e-01,4.667372877052878843e-01,6.219066135643954718e-01,9.732814599041366144e-01,3.790104174048966046e-01,6.110718736758328218e-01,7.381733626340106769e-01,7.869944579942185214e-01,7.289518291639689174e-02,3.444023516073287938e-01,4.734933307371574362e-01,4.917960665439760071e-01,4.025440533045862024e-01,7.109001165372001996e-01,9.444277977116048994e-01,2.077733268858701077e-01,4.172676205122770599e-01,4.894327281663989337e-01,9.550077419563455239e-01,6.707480374070835527e-01,2.909283521350612967e-01,3.938723653077564890e-01,2.831994729362840024e-01,8.086979773038084351e-01,8.153186900283642125e-01,9.769480646706668603e-01,7.170823285130921709e-01,3.929557710205355270e-01,5.204714415754938539e-01,4.885116427299086572e-01,5.962968627668236987e-01,6.221973559943198007e-01,7.508781945133765623e-01,4.213910936461728873e-01,2.674033774752633541e-02,8.076279091688588485e-01,2.430065698150010445e-01,7.162997786261897648e-01,8.759655782797673984e-01,1.821665441628045889e-01,2.970746429598428717e-01,4.951704044878934008e-01,3.638883447705940632e-01,8.576228168402793006e-01,8.342432258477456841e-01,6.386960226912088423e-01,8.291206586059689521e-01,2.606533675588444954e-01,1.108756759854211266e-01,6.114290492911166330e-01,8.512697820868133647e-01,1.886843648800138884e-01,3.941288379484327309e-01,2.643715891147687125e-01,4.315351318773921196e-01,6.699584397256270751e-01,4.985135200194035221e-01,4.524860757339740358e-01,8.354327224730986878e-02,1.660999450865227045e-01,7.920706703352893285e-01,8.319937795736603858e-01,6.523577280650235677e-01,3.606316546474065410e-01,2.944216989665658368e-01
4.790516502605117743e-01,6.480553617796913635e-01,2.299140741974321500e-01,7.017342920920892346e-02,4.103189291205676104e-01,7.072818438638894811e-01,6.469654425039632617e-01,7.165944706177752588e-01,5.494040894520548779e-01,8.404366825477623815e-01,6.824660664879075300e-01,6.823893602347398391e-01,0.000000000000000000e+00,7.967924550439724474e-01,7.874319238367305518e-01,4.284635502179366950e-01,8.953936375743142273e-01,6.566021886209010283e-01,7.919493988288484054e-01,7.584806343944080487e-01,6.311533655157909317e-01,7.044199099388235297e-01,7.208946598075838263e-01,8.143793266224438332e-01,4.629944106149903038e-01,7.274408031796115726e-01,6.429214840185100144e-01,7.032912204679310220e-01,5.682507510125703876e-01,7.405515106428974814e-01,3.186437581184423107e-01,9.870105601328988953e-01,6.470887968219862785e-01,5.707852311923330424e-01,8.245125884521661286e-01,6.146724245706522982e-01,4.426217463821368603e-01,8.268242392304234745e-01,6.633012035422475305e-01,8.154928328316971564e-01,5.173049810385327296e-01,5.451407179162046646e-01,6.542617637628856953e-01,3.859651293205235145e-01,5.700912032392070339e-01,3.382474693495546303e-01,6.531463537769008898e-01,7.811859565145918838e-01,7.562933099114296231e-01,7.369800929005800860e-01,2.962290953902435575e-01,4.549122852196365030e-01,4.439581793074812155e-01,5.416426353359156121e-01,5.476643552610569454e-01,6.441410621494259026e-01,8.921049949582301464e-01,4.597235960493830098e-01,8.579124001850252368e-01,6.418640215666648885e-01,-1.697327508417206532e-01,6.337973313298292943e-01,6.285932807321070737e-01,7.382367100854041464e-01,5.699898253891866329e-01,7.895564388251749000e-01,9.999214329258410139e-01,9.881760290353329701e-01,5.272254957822478660e-01,6.322725809738495295e-01,7.975124744499354490e-01,9.822737658413954742e-01,4.132797594066909275e-01,3.752583856042525090e-01,5.041688136081264870e-01,8.825981477506820161e-01,7.617831472474212440e-01,5.737469390078253628e-01,4.254094321279748292e-01,1.597819847039393393e-01,7.845623933793635096e-01,9.487095840483565912e-01,8.808285332723039263e-01,-7.119610589375008347e-02,4.023843015708721826e-01
4.322282420947639592e-01,6.079910803323286261e-01,9.671956413241628026e-01,8.353465133925654929e-01,7.750959750128969539e-01,9.926959348571832153e-01,4.911254769280764543e-01,8.016330545820500308e-01,7.635004907340431357e-01,6.483143035238903007e-01,9.571793311379549196e-02,9.532647557899083246e-01,7.967924550439724474e-01,0.000000000000000000e+00,8.024461368759120417e-01,2.401100406745168836e-01,9.602079989652322345e-01,7.571825848855660013e-01,6.278455584570695747e-01,7.177424217695537179e-01,9.934981798515283291e-01,9.705371853069809651e-01,6.984997235655598935e-01,3.363925214975054812e-01,3.351940040197228798e-01,8.230537630783781866e-01,5.717020142853568299e-01,8.417361158697551637e-01,2.051059875406530675e-01,7.240120162151213457e-01,5.579722244330937997e-01,7.865469311383350703e-01,4.579281229668486497e-01,5.477168105811545118e-01,7.645646909870562613e-01,4.253872600069163457e-01,3.510296226873582670e-01,7.717733277497271782e-01,6.509409430291306364e-01,7.764664553845728179e-01,-1.514308726986434706e-01,8.500356789770414645e-01,8.068871730047013635e-01,4.170558861315913912e-01,9.992099500032156634e-01,4.585908565251625157e-01,4.010881135145321630e-01,6.701420660896877379e-01,3.597501115491845702e-01,3.860687132539543098e-01,3.914004188907195259e-01,6.879093803500181403e-01,8.077777528768843585e-01,8.867319613299179393e-01,7.356965362914998918e-01,7.045332561777841729e-01,4.985024340185956193e-01,3.444191203814765956e-01,8.876282619626081338e-01,4.673527814828045690e-01,2.280241017908261336e-01,6.241357231166002606e-01,6.758883700717314147e-01,8.676951224605010671e-01,6.703098886242261356e-01,2.420330251491656370e-01,9.799513308052648641e-01,7.172660530549133107e-01,3.459868754498623966e-01,9.214426024178521413e-01,1.663127601952814061e-01,2.885129778676861489e-01,2.346795936102278879e-01,1.069628807977306001e-01,5.768377647908407013e-01,7.942303578698328703e-01,7.088436922190810563e-01,6.941496417669192898e-01,2.878306999239838015e-01,4.654923900988277574e-01,9.106853536636543289e-01,6.950987201562472961e-01,4.881965845334901299e-01,4.564654979730325968e-01,4.030573127279616918e-01
5.095857158400984854e-01,7.456215759591664494e-01,7.129912218796645718e-01,4.936836155733064779e-01,5.391768398193728107e-01,4.204427833081198496e-01,2.864365002615946176e-01,6.198500085922670211e-01,5.736818919776947023e-01,7.078939091188993782e-01,6.854618848126269315e-01,3.913343921911835999e-01,7.874319238367305518e-01,8.024461368759120417e-01,0.000000000000000000e+00,1.050316458125654800e-01,7.505988967369974230e-01,7.005498147700635059e-01,7.278371190242047817e-01,2.121000690068263472e-01,7.944164532635631382e-01,9.137274210870252045e-01,9.751395731949787926e-01,7.686984895581928656e-01,5.103032855690999847e-01,6.675249289067669567e-01,8.587850066560668294e-01,4.277878841882889471e-01,4.739000405741572997e-01,5.305602246341636352e-01,8.088368050941403820e-02,3.155242814978774235e-01,5.628698579527440238e-01,5.166892878078311879e-01,-1.972191902615970105e-01,1.651049262633672854e-01,-5.785383840147251266e-02,5.777969470399014762e-01,8.407745823796044515e-01,9.169022089841178946e-01,2.210183862789618092e-01,7.539886196325059631e-01,3.715229465168283784e-01,9.962906001983988791e-01,7.065727879829539759e-01,8.994576005745484881e-01,5.555084177096484277e-01,2.839247654887795957e-01,4.873821906826061312e-01,9.172908483015870251e-01,9.272366560491902554e-01,5.301339118196626288e-01,5.785097711976845414e-01,8.462729163408000410e-01,7.634989561270923986e-01,6.010563992041724202e-01,3.391487103523159741e-01,7.113536741769102001e-01,5.769929238202431421e-01,5.190918121179444178e-01,2.336775586934392024e-01,7.478227444149996295e-01,2.332218727558973970e-01,7.277684406197421074e-01,8.127382914412271120e-01,5.608004756434559201e-01,7.048131038343043997e-01,9.795401083480566040e-01,2.991979582654168413e-01,5.801441635352595494e-01,9.968559468424669223e-01,4.525897027566057607e-01,5.532146531742713202e-01,-6.996014895493962715e-02,3.662352091582235514e-01,8.475786978877655198e-01,8.164964234809837240e-01,9.169235653311336165e-02,7.340008792172481034e-01,3.112061114054334166e-01,2.305346865894405683e-01,6.846045687269233238e-01,7.220472551326505561e-01,3.757463345308386660e-01,9.024530922798569277e-01
9.087024848570715019e-01,7.677346455681345327e-01,6.606044146947737117e-01,6.514543957364287152e-01,9.705708418012206629e-01,5.091198027188729158e-01,4.054532688398265194e-01,8.407576525038390480e-01,8.573993537444298818e-01,8.716298123097619699e-02,4.499346101266272213e-01,7.857852688272705111e-01,4.284635502179366950e-01,2.401100406745168836e-01,1.050316458125654800e-01,0.000000000000000000e+00,6.685569502483855731e-01,6.521752903982080962e-01,4.716319600775399357e-01,7.652573583552968461e-01,9.620938334616152554e-01,4.764101213573090909e-01,2.263216531730118386e-01,6.934481066978603891e-01,5.052212103259294818e-01,5.444229767694312994e-01,7.516206985496296511e-01,5.252254260894170246e-01,1.923190762075797228e-02,5.491320992192064709e-01,4.029781682253672503e-01,4.695002064318971602e-01,9.978488575665576121e-01,8.483849181417544294e-01,5.389161551284103041e-02,-1.276140445604583840e-01,6.835068269135169405e-01,7.936828807805207386e-01,5.104007536519418187e-01,6.632900405757391482e-01,4.761421320178111927e-01,7.676693604478496136e-01,6.555401783922868431e-01,5.409153738352713292e-01,6.780164767657812508e-01,4.372501375220268494e-01,7.493158681219609374e-01,2.077230737424332063e-01,4.131530569481606796e-01,6.190316025358405527e-01,3.965644880436068886e-01,4.852550050052082398e-01,9.836521323943723250e-01,3.378093318292159086e-01,2.829987470929595794e-01,9.945453592109564367e-01,5.309374566199647205e-01,4.057291562507831517e-01,6.667141407824492827e-01,2.058681605579180396e-01,4.746109814733552867e-01,7.249567710363139517e-01,7.203011986932770228e-01,3.296621851861961106e-01,8.055125299668750571e-01,9.471707752969605876e-01,2.504796329848226200e-01,7.678224459878889574e-01,3.884955390036168854e-01,9.038887670446872358e-01,7.413378202760838587e-01,4.100764034417883619e-02,5.973760483518536502e-01,6.094190748683097070e-01,6.967560639038281600e-01,5.269357564145055184e-01,4.274786871409538835e-01,5.719655404474990323e-01,3.906175735766592716e-01,1.653428682745556322e-01,1.625360068923059620e-01,5.456704748244750602e-01,5.798267397579099924e-01,1.380052335816701718e-02,8.011353296192080808e-02
6.254225619276498893e-01,2.859147782221012624e-01,7.506708626351490388e-01,5.078601306678811600e-01,8.322633398252676784e-01,4.030707517109808347e-01,5.554675576446708174e-01,5.691150769512175467e-01,9.748028299625896009e-01,2.925124930839541615e-01,5.451463486448462348e-01,6.107428197063071718e-01,8.953936375743142273e-01,9.602079989652322345e-01,7.505988967369974230e-01,6.685569502483855731e-01,0.000000000000000000e+00,7.092587480489553897e-01,7.766913289040456858e-01,4.823141684378480232e-01,7.064037361518654690e-01,4.739488887143546436e-01,7.480561350086062378e-01,8.419552966698097274e-01,5.973885353318965086e-01,6.559485604970698436e-01,9.573776897414448817e-01,9.050699417511777201e-01,6.360292264315307031e-01,1.214626616727436728e-02,5.806300818648690854e-01,5.118485223897912828e-01,3.706185519809659379e-01,4.968279200370018800e-01,7.055078175280495856e-01,2.570773003400453893e-01,4.472311583819045255e-01,4.382386519030460059e-01,5.257805844981779941e-01,4.938687457003290704e-01,5.132154976697010929e-01,7.069372497885973994e-01,9.340256821660480879e-01,6.892184015560420818e-01,9.319161826444113395e-01,7.257353282340889278e-01,6.082367023287786889e-01,9.396214097532122889e-01,9.464243335604214380e-01,7.414456818354657752e-01,7.013576156104183168e-01,9.002438648642081542e-01,6.463086614620023873e-01,6.689915132899091343e-01,5.195945238967099034e-01,2.132116951109080671e-01,7.552408268024979332e-01,6.078862895738690320e-01,3.405900425159151812e-01,3.093454189760376227e-01,3.775812271121426009e-03,8.444698166851507537e-01,7.177033508815907625e-01,6.988033473716436239e-01,7.967487692678976163e-01,8.899096987802470604e-01,4.568630762921942479e-01,8.400726395444770844e-01,6.521465514500921490e-01,3.974511769108832748e-01,9.795116095131015665e-01,3.332913373587038652e-01,6.993062488388825937e-01,2.314895516753985583e-01,6.202163752273035513e-01,6.712707845251327798e-01,9.563691143687201857e-01,6.213424826054654293e-01,2.244685933563101421e-01,5.224844174869707203e-01,4.656250773330795623e-01,8.087060230788420956e-01,7.789335092403698591e-01,1.967009462271821219e-01,5.889928790148240001e-01
6.726256501283698341e-01,9.688922060718490048e-01,5.354586290460177089e-01,6.671101804845425143e-01,8.417874030261767171e-01,9.947936143000324360e-01,6.917134389643718739e-01,7.732194278358897055e-01,5.764164055348219851e-01,7.520699127460513944e-01,7.585051328760347156e-01,4.837266350407405380e-01,6.566021886209010283e-01,7.571825848855660013e-01,7.005498147700635059e-01,6.521752903982080962e-01,7.092587480489553897e-01,0.000000000000000000e+00,2.727277285137997276e-01,6.978325472197359769e-01,6.905786589602170844e-01,6.635020331426411122e-01,2.037786815338772095e-01,7.669255946468177543e-01,6.089722593356794444e-01,6.367208032688476127e-01,7.951579691484362833e-01,5.597336721596734010e-01,2.036638041320389392e-01,7.631835763232751590e-01,4.107495183096626090e-01,5.044560590973508063e-01,4.596535192612074550e-01,7.853521249521547842e-01,6.526051892820996514e-01,7.087835943019709095e-01,7.784392250037550642e-01,6.017355312008909607e-01,8.522177058896545088e-01,5.706211375718209800e-01,2.214976209253726458e-01,6.062619756831202911e-02,7.820608643611035582e-01,6.397121005369237334e-01,-1.346398248644442575e-01,7.073506270826253051e-01,5.423274944288715149e-01,9.138738099404343229e-01,7.092450543086850079e-01,4.132747981515639824e-01,1.966113506498311236e-01,7.470718262276784261e-01,7.390550536657545244e-01,2.952649871683002969e-01,5.650525852566229412e-01,8.042902700959051465e-01,2.451648253035288161e-01,5.482814410844147890e-01,7.539096244133661751e-01,7.069648096441544238e-01,1.374174067407634980e-01,4.927939943346266727e-01,1.914477582872238515e-02,6.194319950563081933e-01,6.570994714205217191e-01,7.561535129320160475e-01,5.031221640914771420e-01,5.930146242208638174e-01,5.031666543222624854e-01,9.899957501105723090e-02,5.526867623976903232e-01,5.659169775311072570e-01,2.168893185141811120e-01,6.440236621951407336e-01,7.889345490803589822e-01,2.525117028381081985e-01,7.655948721236479626e-01,4.200626678067715392e-01,4.166828563405008401e-01,3.543121097891118731e-01,3.164066902136710158e-01,7.229784257049197693e-01,8.045520757206534590e-01,7.456330464045267670e-01,9.665279551102274880e-01
