0.000000000000000000e+00,6.406676094269297961e-01,7.864161790111972028e-01,6.523329311543519804e-01,7.726621840214483727e-01,6.461884832555562230e-01,7.473523478940458098e-01,4.588486425098272092e-01,5.006771884763551173e-01,4.779115717783643524e-01,9.035499408351170825e-01,6.580159930287703407e-01,6.154350430805447525e-01,7.925525445885872600e-01,6.576619928515854419e-01,6.647146370848574515e-01,7.669838361821790240e-01,9.480907549555839253e-01,9.639139676108793298e-01,9.418616508742869708e-01,5.983391429301321285e-01,6.465452010869308097e-01,7.845468970794491348e-01,8.383075136923004989e-01,6.525663699261841089e-01,7.858961403313375893e-01,8.076836443274837407e-01,8.402109455516543202e-01,5.038502825349199243e-01,1.060153634193580080e-01,3.890523385483248830e-01,8.670506794305519183e-01,6.332469114610601579e-01,5.457959048440375049e-01,9.121665389164512749e-01,1.691344654652725821e-01,4.602616548547778796e-01,2.398780205503056318e-01,7.940513338764891849e-01,7.524375337327903202e-01,5.076424641378914915e-01,5.484489447693496889e-01,5.772787395034536528e-01,9.512275460013418504e-01,9.307832640774280630e-01,7.235309259094631074e-01,9.180648318201878322e-01,8.205737579793700442e-01,8.598198402315454514e-01,7.002353558923726240e-01,7.106547375886282936e-01,9.950116842674094908e-01,7.228953809448823709e-01,2.384053539031916746e-01,1.996363893876904744e-02,5.138332951255043524e-01,6.568572240953832742e-01,9.598377721578996713e-01,5.577374316367270657e-01,7.859260159205971874e-01,5.494915086677842897e-01,6.147249385521428300e-01,6.173093911152277569e-01,9.506895462742872560e-01,5.504914017304087803e-01,7.553104463270635671e-01,8.239081846463995884e-01,9.637154339164655248e-01,4.581112026715977725e-01,9.634570752921520764e-01,4.338879531467036976e-01,3.656502008889309097e-01,5.599959144549725432e-01,3.247250315328118475e-01,8.703283109176227494e-01,9.426126648689990839e-01,6.575894185291351057e-01,6.508131195310588035e-01,7.820589224801096639e-01,2.001487309214774468e-01,9.577051880059349598e-01,7.687164588638809581e-01,9.896122702289673612e-01,6.693000220297840031e-01,6.623082775203957828e-01
6.406676094269297961e-01,0.000000000000000000e+00,9.272823197854916932e-01,2.854643033701197430e-01,-8.006341726776512735e-02,6.397293281717807423e-01,2.500844434471113376e-01,5.596479841398263044e-01,5.320498719805654142e-01,8.576641781661041852e-01,8.366637081930610176e-01,5.928979618898071458e-01,8.694432431840473097e-01,5.734918522326318824e-01,2.613989300571835650e-01,4.037311939707886044e-01,9.749867221706139953e-01,7.491663431285788821e-01,8.647280189744702694e-01,7.448376296764184223e-01,8.670892038158040105e-01,6.176067798751777582e-01,1.346150808477042105e-01,4.122135276986814145e-01,4.055548019387494874e-01,9.103757470382717321e-01,9.627560503430057093e-01,5.914861087831839725e-01,2.615345745887773798e-01,4.425244257777401213e-02,4.721439672367309104e-01,4.333462375706990666e-01,4.659905336370736562e-01,8.195632207345302511e-01,4.214591940909496182e-01,2.051508049670734968e-01,6.348514287762956065e-02,-6.995951960133023340e-02,7.502331840709843824e-01,7.866282599280957077e-01,2.414248752345520554e-01,7.178921458687363977e-01,5.665379112690602792e-01,2.180356065929455189e-01,6.224881812062684761e-01,7.247966513775815356e-01,5.140465082005121200e-01,7.089528960467427199e-01,4.396957008913922049e-01,7.043383202639764695e-01,8.671501825748859638e-01,8.755348995481366803e-01,2.099356737295045017e-01,9.400494031562252051e-01,5.174717023139413508e-01,7.018744425219070049e-01,6.671779170962155447e-01,4.255921384260484830e-01,6.033126083467207357e-01,1.164242426136434874e-02,4.407233737060446410e-01,7.707393293944091450e-01,5.494829016228940377e-01,4.295597715362721725e-01,4.458620523208250419e-01,7.441707197033332610e-01,5.616410833876251951e-01,9.855164167607646242e-01,7.189254771435940050e-01,5.626246730567326937e-01,9.863738002819375517e-01,6.202144128296098735e-01,5.725711159969051334e-01,3.264591158123663073e-01,2.879817567374791665e-01,6.335431844786054700e-01,7.426817219171449880e-01,2.406281693460459448e-01,3.063431007211511181e-01,3.164320408683215513e-01,5.486591094674930780e-01,8.138283075686489898e-01,7.693618232160474024e-01,2.668419610502147932e-01,4.493274716184027517e-01
7.864161790111972028e-01,9.272823197854916932e-01,0.000000000000000000e+00,3.921038115648594613e-01,9.755253187841679274e-01,8.900723484385034689e-01,7.981472000692086954e-01,8.857947464858656472e-01,4.398417027076981789e-01,6.166526796525371168e-01,5.312731597043325316e-01,5.952358962146229171e-01,8.619304640962881514e-01,9.458515054712899328e-01,4.257764708772764362e-01,7.913896265199078517e-01,8.440209641937533869e-01,6.878021243919658634e-01,4.504022968847194996e-01,7.662390904434401850e-01,8.810870520359445068e-01,5.238463476958344911e-01,7.263003502199978367e-01,9.090908030375460802e-01,6.953592506537942253e-01,4.109305105871233765e-01,5.487599278925044954e-01,4.160205042417571275e-01,5.704769591249589933e-01,3.025496811611465553e-01,4.152897847443181578e-01,7.774610379791286885e-01,6.870914619002543855e-01,1.549980605813515711e-01,7.792921284033935692e-01,4.387933900885741534e-01,5.502264508639012064e-01,9.661626442492864397e-01,9.523300085778877433e-01,8.357551917141684550e-01,3.434541872498350079e-01,6.441651508702346263e-01,2.687149169803194071e-01,6.331237463949402899e-01,2.294695500042265301e-01,6.019744540964784285e-01,8.671878315973006179e-01,9.506422118249138187e-01,8.422829945771044269e-01,9.495281237767144722e-01,3.011693766560605834e-01,8.162973412094363113e-01,7.987024839053484815e-01,2.938133512599779840e-01,9.508132009568943666e-01,8.080335341790541026e-01,9.838938825760493723e-01,1.077048038359205290e-02,4.526736796372592964e-01,6.345276523079959041e-01,5.350715631843339093e-01,6.470122408230574163e-01,3.266061020307750029e-01,8.939758307349892075e-01,2.623150516961068601e-01,9.087023271214389464e-01,8.243924276479672741e-01,1.034689173806894041e-01,3.700345004457884501e-01,7.244380489904896914e-01,6.208433601986680372e-01,3.559931073679921121e-01,5.372704193629156411e-01,4.244775510220361592e-01,8.407791724658004728e-01,6.018544299990522539e-01,4.542776356161705720e-01,9.813711917461025447e-01,1.508583503001437176e-02,4.211026112050607617e-01,7.198983710646318368e-01,9.262729286047935995e-01,8.301208417043874910e-01,6.829282058244702247e-01,9.424123001735845717e-01
6.523329311543519804e-01,2.854643033701197430e-01,3.921038115648594613e-01,0.000000000000000000e+00,5.302754291901192740e-01,3.448006079155784276e-01,1.688429801402013819e-01,6.673989642239139819e-01,8.450168437226606155e-01,3.122905117258578112e-01,6.698986532163433427e-01,4.388598643166172764e-01,9.912046645498993058e-01,7.870116315669400953e-01,4.334800860631638497e-01,2.156930061955531497e-01,8.331770406992451417e-01,4.247389482391284443e-01,8.227870657450290226e-01,9.371818494753697548e-01,8.971921505628678295e-01,4.931276714459522093e-01,6.453857608955968495e-01,5.167501386761588211e-01,6.899070437350055540e-01,6.181788723500976079e-01,6.273280741451109366e-01,5.588505626577844332e-01,3.136479668802204523e-01,5.053572620329904730e-01,1.062038148366994950e-01,5.231745901825068934e-01,5.113405190232936937e-01,8.775831210421014550e-01,6.745334112319616438e-01,5.785471407675497613e-01,2.616368609055337857e-01,5.661907841459070667e-01,6.105060206267645118e-01,7.856664188045441310e-01,9.987365394297915699e-01,6.439073805054225108e-01,5.494389683328981810e-01,4.881564450487397844e-01,5.084404306697343223e-02,6.288716869981180180e-01,8.438181332919282296e-01,6.543254015504229582e-01,7.925160498152752364e-01,7.658774244754814609e-01,4.361299256971379879e-01,7.342995648118046947e-01,7.604757506400623424e-01,7.414546820063137034e-01,4.411213822032524767e-01,8.998575054363674441e-01,9.840346574766263288e-01,7.556718041311282219e-01,7.902164983609742954e-01,5.342629892347108278e-01,5.681078491090019167e-01,3.940695690828843918e-03,8.712802992486992082e-01,8.993950108001506072e-01,3.444963114358599032e-01,6.162753615669641638e-01,3.663908333302290377e-01,6.226056718218501151e-01,-1.361974732897350826e-01,3.144587629222099778e-01,6.337462251280784331e-01,5.827885311170978300e-01,3.487830692875312222e-01,6.754401193357257860e-01,7.113123452236104205e-01,1.029127248179571713e-01,4.717598837265910561e-01,5.523428400117474935e-01,3.810260992085989784e-01,4.597048991630918180e-01,5.404582469264590516e-01,5.328561888047714801e-01,9.675424729895285569e-01,1.006627242040230574e-01,8.552310883197745683e-01
7.726621840214483727e-01,-8.006341726776512735e-02,9.755253187841679274e-01,5.302754291901192740e-01,0.000000000000000000e+00,3.959530764713941053e-01,8.584461316244247631e-02,5.887257772908291997e-01,6.560296160233469731e-01,2.248090777934302065e-01,7.954788319489376480e-01,9.074184149740087690e-01,9.731084240789521500e-01,8.301905740396340327e-01,6.313581455955455946e-01,7.566122099816499080e-01,4.324367873359809544e-01,9.146572616028211256e-01,7.624475583502913212e-01,7.651637039315775102e-01,9.507609582088869526e-01,7.723414654599543017e-01,6.901672393751843160e-01,8.736310869218892883e-01,5.910210124886393634e-01,7.370124662153650918e-01,9.538706576068837206e-01,6.114601376500585772e-01,5.856512459842897478e-01,5.955080747198471247e-01,3.079903982001100382e-01,4.478072021441434347e-01,2.122682120959692442e-01,5.226734311089777929e-01,8.682037720462905395e-02,5.012142240767945012e-01,5.186613027015279931e-01,4.794636524225414642e-01,4.540138582027922198e-01,6.089093792314863585e-01,-1.227135615000336244e-01,4.081663424913396510e-01,4.374606637429985234e-01,4.608020295564075886e-01,7.360111677404093111e-01,7.266638973650390021e-01,9.152302949102862906e-01,7.715848962105736897e-01,6.524841382380575094e-01,4.574666907106841873e-01,5.395665166297455295e-01,9.115269477955851851e-01,4.058602172418015464e-01,7.229421715924082559e-01,6.150824158744218062e-01,8.270523523820081380e-01,6.425042818304318448e-01,6.567516646996793828e-01,9.322733285817796922e-01,2.553402452051850013e-01,3.984153727873121498e-01,9.486098907338756658e-02,4.264229226861254718e-01,7.901661112631830353e-01,5.554319561465264066e-01,7.867480694156568921e-01,8.799652355692252348e-01,2.347376062816209363e-01,6.942577277063687324e-01,5.729078610718291165e-01,4.486254401616893706e-01,5.883786522415227482e-01,5.133553881239015793e-01,-2.591437642378369155e-02,7.065371000028096704e-01,6.041696575965174176e-01,7.093254149271495113e-01,2.499692653388857488e-01,5.064869434837091511e-01,3.832393221863827915e-01,7.330101514247296945e-01,9.836024098056899145e-01,7.160607970683992018e-01,3.622718871107352134e-01,7.013493520432755313e-01
6.461884832555562230e-01,6.397293281717807423e-01,8.900723484385034689e-01,3.448006079155784276e-01,3.959530764713941053e-01,0.000000000000000000e+00,2.239496199608195237e-01,4.079251761909247764e-01,3.963103105847368135e-01,7.040155208216204441e-01,3.387002678151014301e-01,4.974556807280393067e-01,6.261040741526114894e-01,9.654290154001485824e-01,7.629559842317658047e-01,9.816147799191983214e-01,7.249970024477965236e-01,5.068273937356215786e-01,3.784814842949624225e-01,6.224651231919332561e-01,2.535189328742689652e-01,2.170880351901546823e-01,5.528584619686179868e-01,6.457477007623515508e-01,7.578399114246758828e-01,6.308436637995987750e-01,5.542916243717577185e-01,7.471869084416170592e-01,5.481563307254143647e-01,3.343275922844315406e-01,2.093784553556228001e-01,4.038175749771510392e-01,5.805877690915410838e-01,7.985959519225034331e-01,1.701760595984858071e-02,4.901121855545829686e-01,4.193279677606363137e-02,4.481188160626995431e-01,9.464275491161491249e-01,4.083287884551400904e-01,5.050442596399254969e-01,7.834436891433175232e-01,6.623457455576066133e-01,4.030467298570949986e-01,8.012560392267020770e-01,2.427813307673218346e-01,3.277743349770571024e-01,4.009041713538259999e-01,7.457638874788801164e-01,5.013900842302986272e-01,2.051347671143833318e-01,6.025956148377510369e-01,5.376883492600096348e-01,7.492424243922891636e-01,3.100164939680634113e-01,9.325357596890393452e-01,7.892047985970795931e-01,6.908741155633915110e-01,8.776660613035091041e-01,3.528844133008504080e-01,1.469212005274092847e-01,4.325838242014428126e-01,5.920169520002074304e-01,4.581542059122021837e-01,8.565988820901864198e-01,6.663169678025382403e-02,6.395511670678708516e-01,2.779718692890371656e-01,7.226547229482165324e-01,7.261763258691118494e-01,8.852621226232019191e-01,4.415358517646333358e-01,-1.418057441194874313e-01,-1.751666970463696127e-01,4.814156762890646757e-01,4.125903767530761934e-01,7.483503075319500875e-01,3.812976396778480215e-01,2.741623957750006224e-01,-1.475117241173739269e-01,4.665293231593886092e-01,4.278464764969825418e-01,9.621240398883248446e-01,5.539020536618498580e-01,6.973464766056751696e-01
7.473523478940458098e-01,2.500844434471113376e-01,7.981472000692086954e-01,1.688429801402013819e-01,8.584461316244247631e-02,2.239496199608195237e-01,0.000000000000000000e+00,4.809363319332016773e-01,6.640840277503828881e-01,4.661883748426856044e-01,4.139465254517133985e-01,6.039505666139431961e-01,2.253808055002379795e-01,3.001453174885339581e-01,4.445714734086163578e-01,5.253360118750367569e-01,9.943209928232601413e-01,1.183062725876138366e-01,5.700403124650719189e-01,8.210209938505536043e-01,7.287098362842351351e-01,7.725906333919529967e-01,6.622208631672613643e-01,4.397703856185785631e-01,4.324634352271257143e-01,4.484217163193846001e-01,5.568829014244218722e-01,4.259773635524471969e-01,7.940162689592938916e-01,5.128237675093924031e-01,1.525704162368179129e-01,5.963311923657186320e-01,5.104200950080469701e-01,4.080934230976881461e-01,3.689539852774910700e-01,-1.875231696363185707e-01,5.431793255080741289e-01,4.992329545632229193e-01,5.949965317335481618e-01,4.347922854721115726e-01,4.762822912594655844e-01,5.558160944311558715e-01,7.737265250875640099e-01,4.827842369087737007e-01,8.874196717965058268e-01,6.918971383195849922e-01,6.061330439774997858e-01,4.237029515471753549e-01,5.457233826163103707e-01,7.633281170773700275e-01,8.841320499681049050e-02,2.838738884187443912e-01,6.466279594621755500e-01,5.995478224587296179e-01,8.014604271619379938e-01,2.043818880750229994e-01,2.648539098159181648e-01,6.286007799304558219e-01,8.612519088744251539e-01,7.551224570914523149e-01,4.926423985683741624e-01,2.042600873743185552e-01,3.060738928995076491e-01,6.447165359632849313e-01,8.826598463437123065e-01,5.254735497330351723e-01,-1.606253566651759390e-01,7.461283677128791592e-01,6.358840495946711524e-01,3.167608263223943288e-01,4.642480939218549540e-01,5.273012394655978152e-01,4.848476127429358629e-01,3.715658246576433177e-01,6.857828288559758567e-01,7.286037399838747597e-02,7.840488839112366160e-01,3.494814501938797169e-01,1.247060542888459855e-01,8.412726627075453600e-02,5.987233234726252462e-01,7.129599166546614075e-01,4.828948033058902412e-02,7.370417295263200774e-01,5.357126138447899644e-01
4.588486425098272092e-01,5.596479841398263044e-01,8.857947464858656472e-01,6.673989642239139819e-01,5.887257772908291997e-01,4.079251761909247764e-01,4.809363319332016773e-01,0.000000000000000000e+00,3.259589243100566858e-01,-6.256206677586217957e-02,7.567420288801302020e-01,6.136987958810254939e-01,6.080243520516895872e-01,3.543814514665228899e-01,4.116693040591165587e-01,7.871856953121510181e-02,5.621973877853871926e-01,6.334131900774105928e-01,2.757251697096152476e-01,6.578069005489192156e-01,9.092704401660520741e-01,2.740262723524521382e-01,7.941904766475462729e-01,7.313590647486958307e-01,7.018129626991721493e-01,3.986599853709100749e-01,2.952619483572199721e-01,3.557076369397919047e-01,3.817667765991622497e-01,2.667053883818857329e-01,1.918956175143755882e-01,5.555602217405917198e-01,3.100107774196863564e-01,3.845629536552610528e-01,7.601296335356154399e-02,5.427861047626765245e-01,5.694577095666719657e-01,4.114359551560207162e-01,9.562366234243919738e-01,7.498655855302513995e-01,2.591173270717266330e-01,6.156184825732550214e-01,2.332067513068871167e-01,2.799399331071754093e-01,9.268586776893792401e-01,4.831334639063118441e-01,6.121239001325770035e-01,6.948094743493301584e-01,7.352704066733117827e-01,1.419479109966876977e-02,5.344611317904087722e-01,7.205879813271984791e-01,6.400231207057642813e-01,5.295449756685244314e-01,3.495266945931108094e-01,6.349784747011244512e-01,1.998380949002415974e-01,7.013660064072441136e-01,8.707713401877906767e-01,4.810249438579381476e-01,6.449463011454259487e-01,5.784169302051129780e-01,2.081171080560498265e-01,6.957609333894463344e-01,4.191592552264232219e-01,-1.180542400844738216e-01,2.877935663461789195e-01,6.390227354501811785e-01,7.448199126056638253e-01,6.837202041518638529e-01,4.241612919570522111e-01,6.125668925707745682e-01,2.725008328249022282e-01,1.595382399987579566e-02,2.803988548538922654e-01,5.405598057079425978e-01,7.440601530882585690e-01,7.742072269191953016e-01,7.432335184232011227e-02,7.643522365525329265e-02,4.030215322384941290e-01,7.303894588715257319e-01,6.083640486214486609e-01,4.718332710535738661e-01,6.715797527197567840e-01
5.006771884763551173e-01,5.320498719805654142e-01,4.398417027076981789e-01,8.450168437226606155e-01,6.560296160233469731e-01,3.963103105847368135e-01,6.640840277503828881e-01,3.259589243100566858e-01,0.000000000000000000e+00,6.095502674068047355e-01,5.905374750747154344e-01,9.686639404120740426e-01,7.587068688982172571e-01,6.151122446492501838e-01,6.504777723024991465e-01,4.545869893759119651e-01,6.684149894718778295e-01,4.745015896531273869e-01,7.363274847093839170e-01,6.027011925930602088e-01,9.866440623941620247e-01,7.842326543955250306e-01,7.105895026789714741e-01,4.181214692821229595e-01,6.506133481460919521e-01,4.221947490815631809e-01,6.842442421165987332e-01,7.472656972000261133e-01,3.846976060501473560e-01,3.514114110620391029e-01,3.642051119935046377e-01,6.323102411757247632e-01,7.053716628101824870e-01,4.737733509117676434e-01,1.026067476371961829e-01,6.958683737915365153e-02,3.241498057526140952e-01,2.965717547007208355e-01,6.675451094275748343e-01,7.459740991695267276e-01,4.441305506256065239e-01,5.019304235316719431e-01,8.529712929381368935e-01,6.734385793429149558e-01,7.200562417570401941e-01,4.794714229088921087e-01,7.824384515663567186e-01,6.511084227224859244e-01,4.504025479690177969e-01,5.730399850539817930e-01,4.168171105682709210e-01,9.195478859210763911e-01,6.320302970750434346e-01,7.913408334980644998e-01,4.311586388826860738e-01,9.708523505631900807e-01,2.826326240515679711e-01,9.993497751464227585e-01,5.615010795043726688e-01,4.688598934730948686e-01,4.267761506692351325e-01,5.157655149557909269e-01,2.901282222433864688e-01,7.453141782935707171e-01,7.680398240149137745e-01,4.350071540220089572e-01,9.306127724039867655e-01,4.086359438297575974e-01,6.388858859219220809e-01,6.108547293634509767e-01,9.022814717357008352e-02,5.030220998298005064e-01,1.207262643402920443e-01,2.975521207537394353e-01,6.315561286297776133e-01,4.712776343065470108e-01,6.177801204698672999e-01,2.903047480751400067e-01,4.797803713470672471e-01,3.247580649793542218e-01,8.127495401655251417e-01,9.049399831020198404e-01,7.269838289405001763e-01,6.146647705714444188e-01,7.785601288966400579e-01
4.779115717783643524e-01,8.576641781661041852e-01,6.166526796525371168e-01,3.122905117258578112e-01,2.248090777934302065e-01,7.040155208216204441e-01,4.661883748426856044e-01,-6.256206677586217957e-02,6.095502674068047355e-01,0.000000000000000000e+00,9.218002350025726876e-01,4.316683557503244728e-01,9.558820379318813121e-01,1.583139414700116265e-01,5.809623063373272611e-01,8.700162169448500959e-01,3.229134275916887842e-01,5.946505542521156595e-01,3.186265350204108282e-01,8.353192479718509755e-01,9.872444545125967919e-01,5.442332483546264976e-01,5.220024565611144363e-01,7.856151460341068704e-01,5.481620705623851952e-01,6.831256148097110126e-01,6.739986967922797501e-01,4.760442563478892719e-01,7.857162622993751899e-01,8.006927934769952904e-02,4.760776082082116001e-01,2.752765444704199926e-01,5.852096123446066667e-01,7.967126585179492571e-01,7.316246071519729721e-01,3.256774435032339099e-02,3.269606392479126322e-01,4.339313566783554732e-01,9.809984572131095204e-01,7.919856168339860503e-01,-1.760907121770003969e-01,6.938659238818871700e-01,8.204229678006083049e-01,9.511482952732739360e-01,9.628159154741227077e-01,6.788380350193135016e-01,1.917353001174489646e-01,6.359009059758422566e-01,4.253262141072286506e-01,4.295358541344450054e-01,7.900986299585734951e-01,6.663482676175949138e-01,2.948663414409476990e-01,7.564642298525297015e-01,9.389428576671653426e-01,5.592006353454969103e-01,6.267494059096031522e-01,9.153856662370296604e-01,9.280025318081912555e-01,7.456980076157686543e-01,4.811973963713916946e-01,4.861370037065326777e-03,8.018333707911551311e-01,-1.200015709653719093e-01,6.911836616201152417e-01,7.163705002345898132e-01,6.359900608567021774e-01,4.926123569096827470e-01,5.478993273723240520e-01,4.553853635222582796e-01,5.496394448204265926e-01,4.649517451772975929e-01,4.133679271996307802e-01,4.344219286838116312e-01,3.913654658839450518e-01,4.863230296490833049e-01,5.243481373122649281e-01,4.180402188568647093e-01,4.276312540546967633e-01,2.705106149215739109e-01,3.589830244834015804e-01,2.530131003425388769e-01,5.764658682932497502e-01,5.762104090188007177e-01,3.051743265258509696e-01
9.035499408351170825e-01,8.366637081930610176e-01,5.312731597043325316e-01,6.698986532163433427e-01,7.954788319489376480e-01,3.387002678151014301e-01,4.139465254517133985e-01,7.567420288801302020e-01,5.905374750747154344e-01,9.218002350025726876e-01,0.000000000000000000e+00,6.183890522086985531e-01,9.954016411431587663e-01,6.880518944589354424e-01,7.669799574559983402e-01,8.235320729343651447e-01,4.764982838284440581e-01,7.974907396913555324e-01,4.457155726488264413e-01,4.880658574564928909e-01,8.309067027531278349e-01,4.180744688424207350e-02,9.640713010647714576e-01,9.118551502238440021e-01,3.175904741905539730e-01,6.124862759252496236e-01,4.198624824991210036e-01,7.276424714151580320e-01,5.343126235828217219e-01,5.458880441680127316e-01,2.764406614147206231e-01,7.842275697761230679e-01,5.222050801414687138e-01,4.342073529635848694e-01,6.506430643072562692e-01,7.704369823657710725e-01,4.089930474125116344e-01,2.428005254955092895e-01,9.685055801588471347e-01,6.870966351625305002e-01,5.386140933266498898e-01,9.454930980819795661e-01,6.099360513950934370e-01,4.921002737431572349e-01,7.733293757318316919e-01,6.180907045447281423e-01,9.124659643750638871e-01,8.843955454214358358e-01,5.603072327654464724e-01,5.316139850735615013e-01,5.544465352055187868e-01,7.142232382115186740e-01,7.026690625738647444e-01,1.714221005596749947e-02,7.328224193559863542e-01,9.176208383567062699e-01,5.236082265830220850e-01,-3.075370953926310214e-01,9.086363002080533047e-01,5.724834341123404835e-01,5.536959796609749462e-01,5.497685745438618543e-02,3.854227356933803694e-01,6.738539070188761526e-01,9.821437842569537002e-01,6.482496845227494475e-01,9.277483433683646474e-01,7.675660742021401806e-01,3.185805555553968688e-02,5.956613710461372557e-01,6.762037713232266212e-01,6.293509946037445513e-01,3.813975101725537442e-01,7.637612968992284479e-01,6.004585373046100738e-01,6.497244173451550697e-01,7.843406132305870138e-01,7.034841414276764571e-01,4.160573852790767635e-01,-1.594844584392498543e-01,5.282490419768930412e-01,9.547442298717264686e-01,7.015330342314766154e-01,4.102412233739279879e-01,7.279050999970503311e-01
6.580159930287703407e-01,5.928979618898071458e-01,5.952358962146229171e-01,4.388598643166172764e-01,9.074184149740087690e-01,4.974556807280393067e-01,6.039505666139431961e-01,6.136987958810254939e-01,9.686639404120740426e-01,4.316683557503244728e-01,6.183890522086985531e-01,0.000000000000000000e+00,5.461749812082703492e-01,6.287690621860739792e-01,6.365031166145216357e-01,7.170363975660118960e-01,9.502468402827537464e-01,1.515730847308530693e-01,5.936760050929805743e-01,8.824810396773129506e-01,8.531671116172554470e-01,-1.429512346880714435e-01,6.596776454780770571e-01,9.657736961127308950e-01,5.915984739085937694e-01,4.556620252592458176e-02,6.861563340982159698e-01,7.549296886151370956e-01,5.949150953212571924e-01,2.308591773915719680e-01,2.056261853724586086e-01,4.922469304177002347e-01,6.683878541189158806e-01,6.374119512965482626e-01,2.275656519466462413e-02,4.682686933468311885e-01,1.750536761211381742e-01,6.248508243874519863e-01,6.492795142460083824e-01,4.057544011307206433e-01,2.213243150173536955e-01,5.033263441010722428e-01,2.936733412345661209e-01,6.919605466908304026e-01,4.514539635950219343e-01,6.423620592155746545e-01,9.446612897501778239e-01,6.147986535747522741e-01,5.271146303791813814e-01,5.258534630787121689e-01,6.448615264874297814e-01,6.136333678849460460e-01,6.068654909837516431e-01,6.146558156834939224e-01,9.489786358589942239e-01,6.174348504469658883e-01,7.693769836599104739e-01,5.133314595055622487e-01,4.877490445363045768e-01,3.468096547165281929e-01,7.547354732412904221e-01,6.688604718141126781e-01,7.405423795471219872e-01,6.769695189540337887e-01,7.086364649584959707e-01,4.182518886684890025e-01,7.978392400215668090e-01,9.102490420628593926e-01,4.329126134265745551e-01,6.847117513986772375e-01,8.766132147544704045e-01,2.737062253936546896e-01,3.226471500879559695e-01,1.619438528488978957e-01,5.911431924197655396e-01,5.469163976442326103e-01,2.721350393233682441e-01,4.428904066567408426e-01,7.805449301985546429e-01,5.800915238518749018e-01,4.889412257577679943e-01,9.951086806658541173e-01,6.694923313092904227e-01,4.390966555452628928e-01,5.232389767424383553e-01
6.154350430805447525e-01,8.694432431840473097e-01,8.619304640962881514e-01,9.912046645498993058e-01,9.731084240789521500e-01,6.261040741526114894e-01,2.253808055002379795e-01,6.080243520516895872e-01,7.587068688982172571e-01,9.558820379318813121e-01,9.954016411431587663e-01,5.461749812082703492e-01,0.000000000000000000e+00,5.977118179774569828e-01,7.310810263297852218e-01,3.053314372785418396e-01,5.464111515626954851e-01,3.556721585971019950e-01,4.048250040036515118e-01,9.623165555340992272e-01,7.038785499370042720e-01,5.892416767119263987e-01,9.348682643289277783e-01,6.604817277427568190e-01,5.515897960819317047e-01,4.970673160247370270e-01,8.744940432726813206e-01,7.318594705659304811e-01,1.717678908872331267e-01,2.355142291196670179e-01,2.214935691913697685e-02,5.099764722165739395e-01,4.953730904145054459e-01,7.178180396748101710e-01,7.436765159343824427e-01,5.408704713721920188e-01,2.190610634098890119e-01,7.369904861998227696e-01,2.964954926339802288e-01,8.144420363682802755e-01,4.464962823444074691e-01,3.180057854792929239e-01,9.687319638874293259e-01,2.340842200229149295e-01,7.102157458308484550e-01,9.901297873250107795e-01,4.469354253503941554e-01,6.521014112787288930e-01,4.926591358638007789e-01,7.815249831626163157e-01,7.686359280933273697e-01,4.892244059558804037e-01,8.955507627661484227e-01,6.523939654767411112e-01,2.509364842810231089e-01,3.196522518763572074e-01,9.678290045591636526e-01,6.635773300122762564e-01,3.272804292773759949e-01,4.407997661281574664e-01,1.389377390085555219e-01,6.796875280553008603e-01,8.329852221184925742e-01,-1.856100258203676467e-01,8.652525591369480962e-01,6.574408146742034553e-01,5.310855554020406100e-01,9.502003851667230050e-01,4.134958035419923350e-01,9.312022784564850664e-01,3.741809780683480469e-01,7.070289967223918337e-01,4.979425758257808310e-01,4.696913643133626137e-01,3.869752906436818018e-01,6.366839124314374043e-01,8.688529612721649364e-01,6.071944033389788942e-01,4.156180657073634821e-01,2.380330480880950839e-01,6.265456243681279958e-01,2.799799191294134459e-01,3.467924907841964943e-01,7.895035947306842106e-01,7.795628033110388877e-01
7.925525445885872600e-01,5.734918522326318824e-01,9.458515054712899328e-01,7.870116315669400953e-01,8.301905740396340327e-01,9.654290154001485824e-01,3.001453174885339581e-01,3.543814514665228899e-01,6.151122446492501838e-01,1.583139414700116265e-01,6.880518944589354424e-01,6.287690621860739792e-01,5.977118179774569828e-01,0.000000000000000000e+00,7.680744362118413493e-01,9.990629617903630244e-01,5.897992907892087855e-01,4.520508270902346415e-01,5.908278653714092027e-02,7.656953825267771574e-01,7.040932175415268723e-01,7.225661125242253124e-01,9.105484349204953087e-01,8.097152178417363899e-01,4.766064902445165674e-01,9.734017088352778790e-01,9.255764755687464485e-01,7.186307258031524592e-01,2.835948861034084945e-01,-5.625750956802469394e-02,6.397685375501738388e-03,3.116655620497318369e-01,5.550842864207150562e-01,6.586657459214873001e-01,4.247147589854106675e-01,4.863158116472168224e-01,4.730188054420930155e-01,7.683366133905084050e-01,5.852908256044815349e-01,9.677144452380941342e-01,5.172571147543081338e-01,8.194788286410055189e-01,8.518907603193362488e-02,8.563016152631149902e-01,2.259594053337461994e-01,9.074562667700591945e-01,4.687471541194952462e-01,9.568338585518456618e-01,6.369105147066815853e-01,8.647110351987548071e-01,9.399090404814610666e-01,4.752373872906213159e-01,5.585658217806716008e-01,6.503122713325710791e-01,5.634075817535569852e-01,4.277202311351502306e-01,6.140471322221900952e-01,8.882310464563498709e-01,3.101613548181753055e-01,6.271212253198508169e-01,3.220079790479657422e-01,9.854952418458021723e-01,6.268652106394214663e-01,9.416876838162081542e-01,8.194591605687983060e-01,7.288713422961208277e-01,6.261434697456792486e-01,9.643998208121576932e-01,4.492095411090569201e-01,8.028225610443282534e-01,7.456211527223566282e-01,8.667326588103028140e-01,4.567466870843723825e-01,3.667938761266111292e-01,3.053038257901964925e-01,9.860611901268653279e-01,2.193581226705137444e-01,3.154166907389478469e-01,5.175399356156730191e-01,2.535863966776890632e-01,6.437155091425428299e-01,7.517139462893253077e-01,7.338035339062186635e-01,3.223322107349374521e-01,7.171139665979726630e-01
6.576619928515854419e-01,2.613989300571835650e-01,4.257764708772764362e-01,4.334800860631638497e-01,6.313581455955455946e-01,7.629559842317658047e-01,4.445714734086163578e-01,4.116693040591165587e-01,6.504777723024991465e-01,5.809623063373272611e-01,7.669799574559983402e-01,6.365031166145216357e-01,7.310810263297852218e-01,7.680744362118413493e-01,0.000000000000000000e+00,6.268255288965629557e-01,7.200505343942622538e-01,7.472014628911288758e-01,2.876829472061518955e-01,9.155759611507419127e-01,7.534444077863881040e-01,7.645385396469148720e-01,4.758153550579352631e-01,9.643790907930159806e-01,3.975363543374013653e-02,9.758370221832834979e-01,6.784023156973785218e-01,5.202116324224952404e-01,1.410749264686609050e-01,2.178697924477616676e-01,5.112138216423796067e-01,5.999602907042402844e-01,3.475549803869802390e-01,4.787253288387508521e-01,5.526161473819822811e-01,-7.374316480637219118e-02,4.337128540204133742e-01,5.487284093041597810e-01,7.617750968914613896e-01,5.560681068422779205e-01,3.402668381831122080e-01,7.116862295781322123e-01,7.270778582010625213e-01,5.439033848294569928e-01,8.427092331255763291e-01,9.455790162303705504e-01,7.009805484251273588e-01,4.113656123799306896e-01,7.175489651971216354e-01,2.587345894798936952e-01,5.139495662073011450e-01,2.141275611560821135e-01,2.662470578762059503e-01,4.318507088750384026e-01,7.356287412932871472e-01,7.335835242415300606e-01,7.395293790358226094e-01,9.056050807175353157e-01,6.491561312992543131e-01,2.423651824302792690e-01,5.748505474710583485e-01,5.023688713105887160e-01,7.250378102971061223e-01,6.279394041646442215e-01,9.969561619903822836e-01,4.009047439756155962e-01,4.735322403786157430e-01,7.538462087386849086e-01,5.835056882575733184e-01,2.816045708773903811e-01,2.731168187391427304e-01,3.754847312511477853e-01,2.976468573706521348e-02,4.674238069787450267e-01,8.469514017098955794e-02,9.456168808762537292e-01,4.782305306566820846e-01,6.835789929491741246e-01,7.135373436210047382e-01,3.981273443728349237e-01,7.132874801144081234e-01,6.817834748770622566e-01,9.414547535284030211e-01,6.125278333586627877e-01,6.248269812827641490e-01
6.647146370848574515e-01,4.037311939707886044e-01,7.913896265199078517e-01,2.156930061955531497e-01,7.566122099816499080e-01,9.816147799191983214e-01,5.253360118750367569e-01,7.871856953121510181e-02,4.545869893759119651e-01,8.700162169448500959e-01,8.235320729343651447e-01,7.170363975660118960e-01,3.053314372785418396e-01,9.990629617903630244e-01,6.268255288965629557e-01,0.000000000000000000e+00,4.960503069615632699e-01,8.279341880450360458e-01,8.179248043117030020e-01,5.700768866572036853e-01,5.184725684979204496e-01,5.333210754344993587e-01,4.507700670828407863e-01,5.059142124786912831e-01,6.584733105281619370e-01,8.316445874559075246e-02,8.081493037784105438e-01,4.436771348255778014e-01,4.537689655506946251e-01,5.622931092509453332e-01,2.613744474767424886e-01,5.065222990494180344e-01,9.810180635027303531e-01,5.428465709503295100e-01,2.117036613454462979e-01,2.520859680496858810e-02,4.398409346695535405e-01,6.953784727135969845e-01,7.181008078037769415e-01,2.055836017981544361e-01,7.082494173886687561e-01,9.542979962605049327e-01,6.777545655371270961e-01,6.880581827899653335e-01,9.174016264974106383e-01,7.226731864450367526e-01,4.331326724775534376e-01,2.080363567556452464e-01,3.669581613285598509e-01,2.437285185491361028e-01,6.606214794560107961e-01,5.288522741735965926e-01,7.589844983635894993e-01,4.961014377647237072e-01,6.451068837401111589e-01,6.254489378214781459e-01,2.675001463343624208e-01,2.776515636539174103e-01,2.161249517702777123e-01,2.326403126833702095e-01,3.161747917020998194e-02,5.920827422768986104e-01,6.355608073241654221e-01,7.830065033452199286e-01,5.544729504826386712e-01,2.580459905413716795e-02,2.604958454658142797e-01,7.080433349959138756e-01,4.947251944281048086e-01,6.824478738033842307e-01,5.945097024326890800e-01,1.545022346424740345e-01,5.578073306296920109e-01,3.161428057722535101e-01,7.429589220774948100e-01,5.865060371818662244e-01,8.812392498372622063e-01,7.264337779421045083e-01,5.670653293167896569e-01,2.619034600303355997e-01,6.155922267001733283e-01,8.367281093756711030e-01,9.204650995148372372e-01,5.449262672067156643e-01,3.026033220620527597e-01
7.669838361821790240e-01,9.749867221706139953e-01,8.440209641937533869e-01,8.331770406992451417e-01,4.324367873359809544e-01,7.249970024477965236e-01,9.943209928232601413e-01,5.621973877853871926e-01,6.684149894718778295e-01,3.229134275916887842e-01,4.764982838284440581e-01,9.502468402827537464e-01,5.464111515626954851e-01,5.897992907892087855e-01,7.200505343942622538e-01,4.960503069615632699e-01,0.000000000000000000e+00,8.782198270090619818e-01,6.856423448789430442e-01,9.411779428900995947e-01,9.864716379057619777e-01,2.698115245993786271e-01,9.112136698577094629e-01,6.804661134456587712e-01,4.354858442416144060e-01,6.414056184879219913e-01,4.173866845654367053e-01,7.458226313110893901e-01,2.984664976696175809e-01,4.352553783928878595e-01,3.031328508358013818e-01,7.487825099175163812e-01,3.133002464767379869e-01,8.048131024122240351e-01,6.506343444503769335e-01,4.448911295648338982e-01,3.720445909439547005e-01,6.367236925798692715e-01,7.606676756820920371e-01,6.926123055821060692e-01,7.932118863621438754e-02,9.814837122137669567e-01,4.865478461420142398e-01,6.485437347173481637e-01,9.977699131814891098e-01,2.072439106495486960e-01,6.502340553959536917e-01,6.104460003892949738e-01,7.917123609014563579e-01,4.816871264186938228e-01,9.239345519140260699e-01,5.053764988976082728e-01,8.101440501961444385e-01,7.836619530029429459e-01,7.785430867402735045e-01,6.761398567670577897e-01,8.914024488070041441e-01,6.374030547585310957e-01,4.889552441708162611e-01,5.673457378458728328e-01,2.163221707284321976e-02,4.347812395566149068e-01,4.388000175995214747e-01,6.098015403079974917e-01,6.770880469521035616e-01,2.754646791828920804e-01,6.417172698758589755e-01,4.642124947288214232e-01,6.316082576774808555e-01,5.528398973144463824e-01,6.266011882595022842e-01,6.486035729910234471e-01,9.716213346967075837e-02,5.543770034473863850e-01,7.221619447661570268e-01,9.844863023138792357e-01,7.973171389982733892e-01,6.858365911051014230e-01,-1.447638231437586298e-01,2.452358682921697564e-01,6.835575550443826476e-01,5.235850827297757748e-01,6.499440525866506668e-01,5.570407475037983946e-01,7.951778745779500834e-01
9.480907549555839253e-01,7.491663431285788821e-01,6.878021243919658634e-01,4.247389482391284443e-01,9.146572616028211256e-01,5.068273937356215786e-01,1.183062725876138366e-01,6.334131900774105928e-01,4.745015896531273869e-01,5.946505542521156595e-01,7.974907396913555324e-01,1.515730847308530693e-01,3.556721585971019950e-01,4.520508270902346415e-01,7.472014628911288758e-01,8.279341880450360458e-01,8.782198270090619818e-01,0.000000000000000000e+00,3.675051219413910664e-01,6.788658310759252412e-01,9.282599149480437184e-01,6.921033073576368100e-01,3.194216510625256245e-01,5.359760069233332480e-01,2.409341626486826982e-01,6.774580610075636722e-01,7.810446428060141555e-01,7.547969503822761217e-01,2.943604367451167492e-01,3.677109945998902280e-04,9.128035250730742733e-02,5.693953480928809485e-01,7.977728965585124676e-01,5.309238751475030549e-01,5.868878922634021000e-01,4.586784898067337024e-01,4.303271102125002523e-01,5.028998346450800350e-01,4.929302733029151118e-01,9.366534520156433175e-01,3.233462784992612860e-01,9.022328114220364847e-01,5.069242185888549884e-02,3.608344920440430537e-01,4.429816069957215330e-01,6.970864680559942794e-01,8.856539046277587257e-01,6.704834510728070462e-01,1.859141285386152198e-01,4.644311968156110693e-01,2.687958830316599101e-01,6.553476477687675272e-01,6.258021953180181729e-01,7.273388527713933183e-01,7.500851275758577685e-01,5.528079593449668483e-01,4.363538118328383342e-01,3.785376380003870334e-01,6.138560877945997696e-01,4.793447179260992841e-01,9.759076534319255369e-02,7.302624609611213513e-01,7.164547208860436722e-01,7.336074216497892042e-01,5.690843753679863948e-01,4.763730868786512640e-01,2.005476963290127590e-01,8.586490215610979027e-01,1.220190647638006998e-01,4.117967739082687428e-01,4.317122977108333592e-01,2.230882808404901219e-01,6.615561200561299593e-01,6.974958126973377359e-01,3.779056840797992978e-01,4.500583002313454095e-01,5.527843506026056675e-01,5.905257508337294903e-01,4.999186014555003221e-01,5.238223890128951288e-01,4.211415579948564192e-01,7.476407359780758988e-01,6.368955582449791208e-01,5.993998056333065261e-01,4.106686263779152912e-01
