0.000000000000000000e+00,8.340024413775556367e-01,7.861094827913940319e-01,7.439897944038139643e-01,3.275223390168257032e-01,8.244027139309174634e-01,6.542577653415189154e-01,8.194424960643401645e-01,7.315741719362026663e-01,5.332056486350420510e-01,6.102778076849005862e-01,8.587578801614836888e-01,7.314403205228705573e-01,7.351758848689629033e-01,8.917374219578670935e-01,9.760135900742352710e-01,7.575330248763283425e-01,3.743335418691624561e-01,8.575709110752105513e-01,6.347344780628851879e-01,4.728649840373845281e-01,7.939241215066238366e-01,4.237378898105312319e-01,7.556116611115269999e-01,8.205765234905786354e-01,6.808376092228921594e-01,7.616237096188174238e-01,5.012299750808695276e-01,2.317130492160220656e-01,5.995963507854154551e-02,3.074553071076326916e-01,5.095763265890205229e-01,6.915619918131975519e-01,8.046530354225338577e-01,4.726634173120071170e-01,4.199629957520416013e-01,-1.232438428645039330e-01,2.657875539676970433e-01,9.165876221668434187e-01,8.460508727646912641e-01,7.150396378483085957e-01,7.348591460804426712e-01,7.864001840080983019e-01,2.107625064881322730e-01,8.114635207442522091e-01,8.529296140116764402e-01,7.317984675752651214e-01,8.379334674202968403e-01,9.637756814790585658e-01,8.619243185520359951e-01,6.362851253304976362e-01,4.506774979919063728e-01,7.417552968178816597e-01,9.465906915611075334e-01,3.953190208180111798e-01,3.942115331140947365e-01,6.995107607897032009e-01,7.009591927305030001e-01,6.686010755363271940e-01,3.882098369536048921e-01,5.358744592844004728e-01,6.506055734150171244e-01,8.130856317821153478e-01,8.285230602080184692e-01,7.566910236368082909e-01,6.453118551385653712e-01,4.310334277188709318e-01,4.371880414150792205e-01,7.034139845954260339e-01,4.679566800122159642e-01,7.269540503999366576e-01,2.064626061930770751e-01,5.433017007521896702e-02,1.846787691441831580e-01,3.670818467158829534e-01,8.322514203927658949e-01,9.197244478504413845e-01,3.351664811603004557e-01,2.257535270076564127e-01,3.622554231592821639e-01,6.001898015916663498e-01,4.571733628868897004e-01,6.438497173788663153e-01,6.605935692682346483e-01,8.493178675682959700e-01
8.340024413775556367e-01,0.000000000000000000e+00,3.206929988029326162e-01,4.563118157373540762e-01,7.633472307850135419e-01,6.057285022335151536e-01,5.843763219651765262e-01,6.115603831740710206e-01,7.106141577920552788e-01,3.459770653908790239e-01,5.060483553401274870e-01,6.338954089118884472e-01,9.148623675039142533e-01,9.231677181149432476e-01,4.999775063630080285e-01,9.311606074368614649e-01,5.047175480251054891e-01,8.592612464869816558e-01,6.291160558529650393e-01,2.873708583467338706e-01,9.688381555617735508e-01,6.384126844832376246e-01,9.673065676006302738e-01,7.652095686235441674e-01,2.508185629616320189e-01,8.628117182014352071e-01,6.897459809719458379e-01,8.135930824416952589e-01,3.366390943819627668e-01,4.283186015446103223e-01,4.790541400433956376e-02,6.483147324520919241e-01,9.020898669185585250e-01,8.191341675921498533e-01,4.776936250355860447e-01,2.821510897987513089e-01,4.607514575161360537e-01,6.366848941179044097e-01,8.255496809319935458e-01,8.663857857463336254e-01,3.619703274261845127e-01,4.064678293423284461e-01,5.233307706233669698e-01,6.282385208973265689e-01,9.800228495595617595e-01,8.625873214992348936e-01,4.181717066118401660e-01,8.451341438077606405e-01,7.596889388697042333e-01,3.477894734645502473e-01,1.475134281141182446e-01,4.288982099814457882e-01,6.007904099252576735e-01,7.399699741763037242e-01,7.207451883067446108e-01,6.865107043696299094e-01,8.003065982181647442e-01,9.239632807895036271e-01,9.614295126174534634e-01,5.485872067410652031e-01,2.176424992039042716e-01,5.687669543572873021e-01,6.441116006205708233e-01,3.205192662451782359e-01,6.291548391858742262e-01,1.308512070844946862e-01,6.252515672764434873e-01,5.671309986276256154e-01,4.298857012764848440e-01,9.563096768502544753e-01,6.327596790855568587e-01,5.300915351218621341e-01,6.134576405637561791e-01,4.720748679244874957e-01,2.752483557356145694e-01,9.873397250770941103e-01,9.528172308702108628e-01,7.751888381573412978e-01,3.452222501441277736e-01,2.649537332289947922e-01,9.130527899378559908e-01,7.240721103046383611e-01,5.282769438091712288e-01,7.580922952034275797e-01,4.275151032213663216e-01
7.861094827913940319e-01,3.206929988029326162e-01,0.000000000000000000e+00,7.085844089935476875e-01,4.834473427519650479e-01,9.228725859258775088e-01,7.769267612451722371e-01,7.608807113554670876e-01,4.230698231594694492e-01,6.991079770088268752e-01,8.498222440024550961e-01,8.575770999177766418e-01,2.050196894086579735e-01,7.399510781374839530e-01,8.070040665274366143e-01,8.556988041175012105e-01,9.116278433417078775e-01,9.813987921533049441e-01,9.237401192284215856e-01,3.883786909537745302e-01,4.525540063013687164e-01,8.854528350917655333e-01,8.744807783959589464e-01,8.489286717379294078e-01,6.975038968460801625e-01,5.788298805150683402e-01,2.160589669320908401e-01,9.853998690555322293e-01,2.138256637413988304e-01,2.756767833624848563e-01,3.171554143828662631e-01,2.502712867853505441e-01,9.586895530038161972e-01,8.550262939608327395e-01,8.787395427842581430e-01,4.459940849390142126e-01,1.395696455326201069e-01,6.796572007829908557e-01,9.991251797174486304e-01,7.818646698042849286e-01,7.442544155341879186e-01,7.393867017068800340e-01,6.384714673872275981e-01,6.488554718871596405e-01,7.384571469708355318e-01,9.456853160164926386e-01,4.211406709017860295e-01,7.366886775900152173e-01,7.081705483815998736e-01,6.300290647385133891e-01,7.494424321678276879e-01,4.217117057169451622e-01,5.377120808804571883e-01,4.131904987851806599e-01,4.189300500605162569e-01,6.809181146979806920e-01,6.424628326755813523e-01,5.530824977250491381e-01,8.251828055917551641e-01,2.951238575885553606e-01,7.454092874265659807e-01,8.096406915084222167e-01,6.982317518330688477e-01,3.284528844117614588e-01,9.258278077444781484e-01,5.447304758259011725e-01,1.789893136381233985e-01,2.624153874575884671e-01,8.632025216817083013e-01,2.389032539959607404e-01,8.235846423903838698e-01,9.365756736596125842e-01,7.362593486725375058e-01,3.421933591337378289e-01,7.295728132701336799e-01,8.247414569089425163e-01,7.207496629997381943e-01,6.512830755779275282e-01,2.188572716290921316e-01,2.594354325954362217e-01,7.233507122391729105e-01,6.838579988204981364e-01,8.952900329774591270e-01,8.045539105780590283e-01,6.254453158023064452e-01
7.439897944038139643e-01,4.563118157373540762e-01,7.085844089935476875e-01,0.000000000000000000e+00,1.904418336366423548e-01,9.192839770436160851e-01,4.604228698250634189e-01,5.045986033376992363e-01,2.475084608070441672e-01,7.499280665491562248e-01,9.070007081830802065e-01,8.783546938786508385e-01,7.090944264513170392e-01,6.631691723645370962e-01,8.531788583942315762e-01,9.738089601455808264e-01,9.406586536463540371e-01,4.384979419059101269e-01,9.005959744673587286e-01,9.454190104352923063e-01,8.833979550909589751e-01,9.996622412712008465e-01,8.083799882283314586e-01,6.081741515977303614e-01,4.785741990128672962e-01,4.085954091295234125e-01,7.574235705641008121e-01,5.068296565885086480e-01,2.239486989633648062e-01,4.484942425894544171e-01,3.076527861712078371e-01,5.404433295858013242e-01,4.083301541189494621e-01,7.004512886627722867e-01,6.977002210666845006e-01,3.406392987067042091e-03,2.828194285854799261e-01,4.936849286620756949e-01,9.858361008321565588e-01,3.162321755603156315e-01,7.542675626353865237e-01,4.240925131380844926e-01,6.691304893872225268e-01,5.489864780116303633e-01,5.383899706042800659e-01,5.307958940012788007e-01,8.120560787980852790e-01,4.815695057009934388e-01,7.291967289458272106e-01,5.976667457855286969e-01,5.237693602879093246e-01,7.899079885947145330e-02,5.786860806027072091e-01,6.948686221133104635e-01,6.243220022048497075e-02,6.394131286915062384e-01,2.558264457920828017e-01,8.069697697828569494e-01,8.280445981045387871e-01,5.706414463664170045e-01,4.025780780892609934e-01,4.086847525717047236e-01,8.635300772592552354e-01,8.211526048218021900e-01,4.168414616605842227e-01,7.389833938410660108e-02,8.183326785131472825e-02,8.049467076698246792e-01,4.427605984215568502e-01,6.880074942924840897e-01,6.715976886362670095e-01,7.858102914022834229e-01,6.681614740670304142e-01,4.040448028176894524e-01,6.404767163509724748e-01,7.566700652176481245e-01,2.691683866397231450e-01,3.707993830968687732e-01,-1.812184674004715390e-01,7.343082140022205717e-02,6.837781436364773757e-01,9.426540729618273495e-01,5.841837043056754553e-01,5.333955693045117075e-01,7.792198406630745922e-01
3.275223390168257032e-01,7.633472307850135419e-01,4.834473427519650479e-01,1.904418336366423548e-01,0.000000000000000000e+00,5.728969569750450574e-01,3.250712892662610543e-02,3.786462914986532535e-01,7.622576812173706973e-01,8.252743470115908586e-01,9.427844103874571946e-01,9.333489629405693488e-01,6.415012124193578691e-01,5.724773869198863663e-01,8.476847223235910445e-01,8.740989543683951313e-01,5.022173133787263266e-01,1.609429558817453698e-01,4.144744827467297110e-01,9.396750966736068245e-01,9.530178367821102725e-01,4.867869331934399080e-01,6.104713317255568983e-01,4.329192236333082588e-01,1.988742419362157232e-01,4.554444273988825231e-01,9.628087789201249524e-01,4.067682885586864083e-01,7.622896138379743336e-01,3.422760089992358257e-01,5.346236480881625397e-01,5.809750436661595963e-01,8.897521701485546775e-01,6.305773475915856796e-01,5.983352331082051334e-01,7.131553921736820678e-01,7.497920504400630570e-02,7.556746889404835077e-01,5.753479035376416473e-01,7.701659494963636332e-01,5.376204171673480969e-01,8.812314388183368763e-01,7.058948318701604441e-01,7.874812168923456257e-01,9.225267027759168625e-01,2.491687567627092481e-01,8.174834372995093412e-01,7.287655496561089574e-01,7.150425785976509685e-01,4.719380063669403880e-01,2.926526652831973885e-01,4.966364570309922399e-01,9.482765698442010560e-01,4.776240113502834284e-01,7.107162331664818034e-01,6.870666034314875104e-01,7.562811094901641384e-01,7.726789241963391008e-01,9.303962997154880954e-01,2.862724333462078330e-01,-9.072326801382450678e-02,2.237411523835358684e-01,5.809343147086605263e-01,3.247432603245191673e-01,7.329530689928571707e-01,7.086830433170556720e-01,5.568133636757061078e-01,6.694312879779529268e-01,3.429961805799377483e-01,8.604256648949998310e-01,6.755183781606632909e-01,4.344327782702557816e-01,4.394136869723097583e-01,6.377314763769889039e-01,3.991217191953603249e-01,6.467042138344779589e-01,7.754571583692496661e-01,6.350333336499975889e-01,3.852005176886272309e-01,5.306331123889829193e-01,4.578099035658697580e-01,6.865007772337621272e-01,7.835912270879378250e-01,2.511989103284498759e-01,1.849053171907595328e-01
8.244027139309174634e-01,6.057285022335151536e-01,9.228725859258775088e-01,9.192839770436160851e-01,5.728969569750450574e-01,0.000000000000000000e+00,7.671035379998110137e-01,1.437091161995711353e-01,4.187767083180015670e-01,4.729591301238562639e-01,8.529654731161994130e-01,9.266156355270078748e-01,6.560074020146863250e-01,5.997413445150201472e-01,6.464990380381946400e-01,7.461749816954372783e-01,4.799871908799156067e-02,2.595599929778351078e-01,9.305704890935321272e-01,2.300539727749559282e-01,4.350418853871063085e-01,6.695635147431089340e-01,4.501408235951734893e-01,6.263374099803137307e-01,5.587272114504647780e-01,9.120665591234582426e-01,7.826973523074289840e-01,6.061080989343435865e-01,4.853904783995626193e-01,2.084259289365268386e-01,-1.465668280619052133e-01,7.323915071552841161e-01,5.029720115391802526e-01,6.536135029935910001e-01,2.040146712226152403e-01,4.153399154921587622e-01,5.603777064461065160e-01,6.536959963491600911e-01,3.536834807081276066e-01,7.646598999329291546e-01,2.670219941108887829e-01,6.425903959689989176e-01,6.766967627341895497e-01,6.233527928586136690e-01,8.192821311964118003e-01,9.817391961364139163e-01,7.123440725192636824e-01,6.974990180053870503e-01,4.230464278158900804e-01,4.549869148545122033e-01,7.641597234180811382e-01,6.061240990941664242e-01,4.388159810034670261e-01,9.328741527642658848e-01,9.364812085443832146e-01,9.983142352720596469e-01,7.841163877903376545e-01,9.472705169252122470e-01,4.710565370323342993e-01,-1.757687752999769482e-01,1.475840016872614069e-01,4.082258914196393307e-01,7.502285262028831614e-01,6.362303223031260391e-01,8.722519481807080588e-01,4.662478005313608342e-01,8.222504250929230096e-01,6.707771722243618395e-01,5.798875735282313926e-01,8.489200818819125915e-01,7.680501701588828833e-01,9.643133072004759221e-01,-1.080720748999478287e-01,5.197648916658871299e-01,3.919752782534856594e-01,4.302507250082912571e-01,7.890271597672360304e-01,7.486315152968509024e-01,1.662631580088493877e-01,4.368190963750553379e-01,6.503267335253046788e-01,8.422100523371039982e-01,3.211845466136019067e-01,3.455713595583309594e-01,7.494559272501291058e-01
6.542577653415189154e-01,5.843763219651765262e-01,7.769267612451722371e-01,4.604228698250634189e-01,3.250712892662610543e-02,7.671035379998110137e-01,0.000000000000000000e+00,3.945838558270995389e-01,6.206651371058408140e-01,4.400954293465892397e-01,2.232296351766883957e-01,6.126435591620472687e-01,7.640530080776386512e-01,6.305776569084490246e-01,4.990575412751748208e-01,-8.153951541551400506e-02,5.739302745403499495e-01,1.844720962238695083e-01,3.015052900313285322e-01,9.125658083609696769e-01,6.548197560071904455e-01,-3.091786770645441051e-02,3.813154207522905237e-01,5.884148217562801264e-01,4.416091212103790964e-01,7.608026719328746523e-01,2.933145089833581465e-01,2.296987421280953789e-01,3.668527351223220823e-01,5.511723786945732506e-01,4.170674748215471572e-01,6.511603764026845376e-01,6.469840415795584665e-01,3.749677298837020833e-01,3.303776529233662940e-01,3.393069892918024744e-01,3.019582159646603259e-01,5.893264997073869305e-01,7.222028378794028702e-01,6.989469040061023763e-01,3.003323079999504208e-01,6.465030790205235078e-01,6.050881403471399800e-01,2.571113603380702495e-01,7.084438647357952368e-01,3.772809254704004855e-01,4.430138057335876733e-01,6.241719943271992754e-01,5.803530493158143289e-01,3.226796077963828835e-01,3.372199233429672982e-01,7.806192796675650580e-01,8.846496172062843222e-01,3.199581660188578480e-01,7.045194528590976724e-01,6.235635629375476663e-01,5.295915536062117956e-01,3.532316249459220847e-01,8.678412468802980673e-01,4.684328793198472840e-01,7.152735426471068525e-02,6.259327236001070993e-01,4.645096428309692937e-01,6.550941010152542265e-01,9.992431396545067290e-01,6.426717856558779030e-01,6.602232276043975556e-01,4.794607818306624858e-01,7.188771527217524548e-01,6.126176259137431357e-01,9.068398845882997827e-01,2.836908485641154165e-01,4.956582675992465270e-01,4.291004210885730474e-01,7.434282858403928884e-01,3.948379053111644721e-01,6.770253747137985334e-01,2.689166524931909663e-01,5.553602934116635970e-01,8.546151696503614947e-02,5.158048798522161249e-01,6.100906317476010310e-01,3.323731544716873598e-01,1.186845193678102844e-01,6.464420035519136132e-01
8.194424960643401645e-01,6.115603831740710206e-01,7.608807113554670876e-01,5.045986033376992363e-01,3.786462914986532535e-01,1.437091161995711353e-01,3.945838558270995389e-01,0.000000000000000000e+00,4.406063903256396408e-01,7.909627493758504269e-01,2.718080631655824808e-01,6.703865859378087544e-01,6.799264395259985161e-01,5.866000092379546338e-01,7.735225752183580994e-01,7.311121208658030168e-01,9.444900829698725797e-01,5.953172574363375658e-01,8.799611177291977171e-01,2.274903209306720631e-01,4.462655378382097138e-01,8.705763430194474184e-02,4.778025502465036434e-01,9.596733929093034243e-01,2.099323915434609944e-01,4.323290415614144955e-01,6.275055296196417887e-01,3.673701931702164636e-01,2.434691559557219942e-01,4.878851346428292324e-01,5.001254958527067140e-01,2.014494293661032720e-01,6.294907873928755615e-01,4.343964530487691156e-01,2.704551405803796160e-01,-1.623268567708167909e-01,1.913742358341317951e-01,8.166183652668190796e-01,9.995566233449676430e-01,2.461357313849480422e-01,5.436261835379180285e-01,5.715359157918766808e-01,4.936817296555826573e-01,7.860388233384714152e-01,8.630176570853086426e-01,7.074846805048919940e-01,4.394455686376664283e-01,2.923903255183399885e-01,7.860328093407009664e-01,8.242305678278744052e-01,3.476296008057875309e-01,6.765481739464318522e-01,7.995786382943756987e-01,1.094467341278818617e-01,6.965371527104008420e-01,6.035729573734868181e-01,7.427431977820897480e-01,4.940220928735864492e-01,6.251168784490808150e-01,4.389109620594999206e-01,2.020750099379604037e-01,5.221553547388317895e-01,7.121815084989746580e-01,9.870368453912040652e-01,7.721454303243014961e-01,6.890160859025543649e-01,6.350929032478980218e-01,9.221786068863313535e-01,6.140219657783855256e-01,5.688613690988222338e-01,5.925235041296973426e-01,7.247857926718840327e-01,2.260595415303826294e-01,4.042858397094769018e-01,5.286598348737845399e-01,6.437516923501908073e-01,2.166120322176527946e-01,4.498587036914558079e-01,3.534699415752754481e-01,2.248889818850891842e-01,4.559232484771059135e-01,9.931631183345865921e-01,7.890484593379322176e-01,5.798623058644277739e-01,5.765386903568722188e-01
7.315741719362026663e-01,7.106141577920552788e-01,4.230698231594694492e-01,2.475084608070441672e-01,7.622576812173706973e-01,4.187767083180015670e-01,6.206651371058408140e-01,4.406063903256396408e-01,0.000000000000000000e+00,6.642337511360330016e-01,4.993508573302095632e-01,3.932341012756558341e-01,9.639887828297659667e-01,9.121157883974825298e-01,4.000592234810105841e-01,4.709074461560016078e-01,6.540632375993189473e-01,5.524606971802356048e-01,5.951222150737335292e-01,7.798497911759814105e-01,8.997638769428154548e-01,7.576367562867331040e-01,4.975868285527699775e-01,9.549774298660880234e-01,3.959208400008678019e-01,6.415866904395386427e-01,2.198282624439083788e-01,4.826547383856414491e-02,7.662338957532470740e-01,5.062592220267948528e-01,3.425378690380694868e-01,7.027552395279478281e-01,7.840158688359599726e-01,4.295205256801241100e-01,3.235643321304902398e-01,2.552829786116126987e-01,2.524317014901602749e-02,7.874771502634252407e-01,9.186635264694211767e-01,7.151503313459899314e-01,4.473004186724593434e-01,9.788291996923220717e-01,9.982665260585938949e-01,6.300356982488664048e-01,9.272181069906672013e-01,6.102748034484752893e-01,1.995275514196673261e-01,5.517071915527660408e-01,6.176851685517122936e-01,7.886785104677174196e-01,4.830770554292030394e-01,4.148513736219794912e-01,6.872823321547147923e-01,5.829152074984382814e-01,4.474414407220988488e-01,7.174693400248615127e-01,6.942744533638512960e-01,8.832615775577269401e-01,8.539214986285259545e-02,8.063550729726649824e-02,5.581106845346489598e-01,6.296013252471562849e-01,7.569841436833423254e-01,6.080655940337384990e-01,9.860056087667857794e-01,5.529741766230596989e-01,4.479388963732595097e-01,7.991372971145993542e-01,-1.470438403597467414e-01,6.943654193398917096e-01,6.656060999457328320e-01,7.647148224901718638e-01,4.771825138925635534e-01,4.845157312780773440e-01,5.829655301857290528e-01,6.485477669533457057e-01,7.785542693044603668e-01,4.486079927544801005e-01,4.741578291372814391e-01,1.787964203234547744e-01,6.597382588164708572e-01,9.367124378492548420e-01,8.191435890188084601e-01,2.380946202001724132e-01,2.617817847811163001e-01
5.332056486350420510e-01,3.459770653908790239e-01,6.991079770088268752e-01,7.499280665491562248e-01,8.252743470115908586e-01,4.729591301238562639e-01,4.400954293465892397e-01,7.909627493758504269e-01,6.642337511360330016e-01,0.000000000000000000e+00,4.584767139684621795e-01,4.819334905818223880e-01,6.856626160366517952e-01,8.010477084549908477e-01,5.361065404841327542e-01,8.066142445511936473e-03,8.735372579599011145e-01,7.790963535654789052e-01,1.165087539738318689e-03,7.782591273371101126e-01,6.006739174183850505e-01,4.757243501083490145e-01,9.057292075430709577e-01,7.805202607389598590e-01,4.495051116507648992e-01,6.792277117139888798e-01,4.142094107211635734e-01,7.033989360947827674e-01,5.961834780731297689e-01,3.599863552000686084e-01,3.103880035978702212e-01,2.024402941382073828e-01,8.689948631356519959e-01,3.399864562415511604e-01,5.826831404716370510e-01,2.921876472180951478e-01,4.583793764911529012e-01,5.232555062735386731e-01,6.450817261263906977e-01,4.071471313833658900e-01,5.911669000634083293e-01,6.588294656100039948e-01,6.663056204664208337e-01,2.784243769977984839e-01,8.422684375333593376e-01,6.696431283190614758e-01,6.333863972631965655e-01,9.301058636390625578e-01,9.949552140438358006e-01,4.440854350414975005e-01,6.115558960113057774e-01,7.376603559721957026e-01,8.804808122319405239e-01,2.356531435681384345e-01,7.756728924467488628e-01,8.582177640773323013e-01,7.815201358498315987e-01,7.764975191574085001e-01,6.056024481712634078e-01,4.854319336861406264e-01,3.015370694305787302e-01,4.641318229512996218e-01,3.045453341587589513e-01,7.287132344032793974e-01,3.738897618840074655e-01,6.521777594554408752e-01,8.975593303818425461e-01,4.528315098045513909e-01,2.608652740880282317e-01,6.167866220525034526e-01,8.095785832557391704e-01,6.267895173847425339e-01,4.487277118554708899e-01,5.207443874728657773e-01,6.181835576696722567e-01,4.230741721932659849e-01,6.782127908183680498e-01,3.285652678840054186e-01,4.291600423162596489e-01,2.964294904186483004e-01,6.516561002226362032e-01,6.406519615467034523e-01,7.744482299855059981e-01,7.074682695709586522e-01,3.724642335554808059e-01
6.102778076849005862e-01,5.060483553401274870e-01,8.498222440024550961e-01,9.070007081830802065e-01,9.427844103874571946e-01,8.529654731161994130e-01,2.232296351766883957e-01,2.718080631655824808e-01,4.993508573302095632e-01,4.584767139684621795e-01,0.000000000000000000e+00,8.057382406968306432e-01,2.263391039741970978e-01,7.475132221733358229e-01,5.595897092428308017e-01,8.067191085952201135e-01,5.914418191960093552e-01,9.673073459644485617e-01,5.731388760735079968e-01,5.056281127135484610e-01,8.748289026076322417e-01,6.292594211443554020e-01,8.901400989736500957e-01,6.084612825801157809e-01,7.918290970791936889e-01,9.643843368778326486e-01,8.223137716264614649e-01,6.953675396202271264e-01,5.523257551077075389e-01,-1.395219796721357819e-01,7.779816189615245126e-01,4.120993554165222061e-01,6.669058077387509664e-01,4.918043090997337718e-01,2.805282659314900506e-01,3.738730039024164009e-01,2.007455772476882810e-02,3.262230692555032618e-01,5.917848927902618072e-01,6.567206064855770631e-01,3.448391351873917321e-01,7.206909962971442818e-01,4.455063622283300662e-01,4.952817110587104388e-01,8.204038022790203222e-01,6.659250718379894352e-01,4.385640399680692525e-01,9.803869286620048307e-01,5.378985236855167162e-01,2.056989414050547360e-01,5.114809203261099224e-01,7.834784961684837512e-01,1.933235623130043213e-02,8.045013865553465315e-01,5.780337528597476737e-01,7.352631471741523095e-01,6.403927112590797055e-01,4.764432263836316239e-01,9.948444322123313199e-01,6.049230019452810359e-01,3.857361040312812239e-01,3.328891267654384700e-01,7.934297306656601378e-01,4.600009328487262295e-01,9.792029824326039522e-01,6.847617008911744962e-01,7.658026727415742085e-01,8.962432584196817764e-01,4.067921596404115991e-01,2.855257044333874838e-01,6.308835663325139675e-01,5.073790765297800931e-01,2.450755304602373896e-01,4.725946004361830655e-01,5.235998433835304944e-01,4.639063279051951483e-01,6.562446939264811041e-01,6.087077984357812666e-01,1.896876698774481174e-01,2.492571545878926320e-01,5.373141849822328231e-01,9.584102715652557114e-01,7.389823330046734196e-01,2.106405818949729225e-01,1.930711827090734467e-01
8.587578801614836888e-01,6.338954089118884472e-01,8.575770999177766418e-01,8.783546938786508385e-01,9.333489629405693488e-01,9.266156355270078748e-01,6.126435591620472687e-01,6.703865859378087544e-01,3.932341012756558341e-01,4.819334905818223880e-01,8.057382406968306432e-01,0.000000000000000000e+00,4.409186176037655502e-01,7.642088386069825212e-01,6.435619515604336094e-01,9.694698570127751047e-01,7.823397651373135142e-01,7.467912426627365541e-01,3.979607989119388067e-01,3.602438399738405739e-01,7.361956919100468566e-01,4.460487223133841050e-01,9.223370066602329942e-01,8.936330862160586364e-01,-1.106275273517821761e-01,6.990689418615342321e-01,6.967630077862568827e-01,5.298860330515658967e-01,7.400730126325177904e-01,4.329995909200599069e-01,5.329962975503897971e-01,2.829038299615781460e-01,6.540828356078627337e-01,8.480457952068809480e-01,7.079249839744746753e-01,5.002545739635188005e-01,-1.744943661462179940e-01,6.270067451849664630e-01,7.661716564088353332e-01,7.626761190348871899e-01,7.935813445883397321e-01,7.548172724496962083e-01,9.742505298247789991e-01,9.805813879167025737e-01,8.351609010223497442e-01,7.876221938809471190e-01,5.231306257507304380e-01,8.120562518723555279e-01,4.407519546330503357e-01,5.970337665178699904e-01,6.835040558920250087e-01,5.480167870140851827e-01,7.057789568709811334e-01,9.862289408485063191e-01,4.289345568865822189e-01,6.138059882243485088e-01,4.065866950620390385e-01,2.742088201715072726e-01,8.714408422816196653e-01,1.235403902339711896e-01,3.422210977694049028e-01,6.723191895892823844e-01,4.944813514304566837e-01,8.733037565101506861e-01,8.920272584202212363e-01,6.707354307387446424e-01,6.612005908696523271e-01,7.471371007638397677e-01,4.801563060824704521e-01,5.698156364251728556e-01,7.660175558887557523e-01,7.629380005564505574e-01,2.350442259422766966e-01,8.585178510493521320e-02,2.297293765540420196e-01,9.281927599931379946e-01,6.182132406251477086e-01,6.827020477962614242e-01,6.048173203870574888e-01,4.176955487093814701e-01,7.694625047250540639e-01,7.818988764267141844e-01,5.192143848402358541e-01,3.625587955098777959e-01,9.470897987571242904e-01
7.314403205228705573e-01,9.148623675039142533e-01,2.050196894086579735e-01,7.090944264513170392e-01,6.415012124193578691e-01,6.560074020146863250e-01,7.640530080776386512e-01,6.799264395259985161e-01,9.639887828297659667e-01,6.856626160366517952e-01,2.263391039741970978e-01,4.409186176037655502e-01,0.000000000000000000e+00,3.211804514083353990e-01,5.169206086996068761e-01,5.557152172958749192e-01,9.722199618844922231e-01,9.121452064796659043e-01,9.440023056263338042e-01,9.142051645374047464e-01,8.511600330130965064e-01,3.898109562705289743e-01,8.844322710642743557e-01,5.617877542253448819e-01,3.477140889391400203e-01,6.954278325272610362e-01,9.454761490040900496e-01,4.081251909881749573e-01,2.064379704700918250e-01,4.933841417333346135e-01,1.571869367300713638e-01,5.439878677949261387e-01,3.434138036627600310e-01,7.793529174898046197e-01,4.349000917004833822e-01,4.355160762483748504e-01,5.582322066068439170e-01,8.297677142888951751e-01,5.079152947682121777e-01,9.400292800819445294e-01,7.681854139100008361e-01,6.159447433529041671e-01,8.184550467046167732e-01,4.025678841912821992e-01,8.289478084947767833e-01,8.817811249133986617e-01,4.199226673535832455e-01,8.771029932260748785e-01,9.872052436143061716e-01,4.936095163389769142e-02,7.662109693839843638e-01,4.121959171372386321e-01,8.793972349182317405e-01,9.112210326564998963e-01,7.302621606271623156e-01,7.649447452826633187e-01,9.910514782409401979e-01,8.553005327647444922e-01,4.554996636825496825e-01,3.247626425402980188e-01,4.937072332793394080e-01,2.345417913831823464e-01,7.959508795872520803e-01,5.688603692381047905e-01,5.358506825197073553e-01,7.304507000093202196e-01,5.021242464711477282e-01,7.348747235628856345e-01,3.656407493180591217e-02,5.824424967147421306e-01,4.311507540329145849e-01,7.100748762767020716e-01,7.928637908376023891e-01,7.739915004697973666e-01,5.635517648278292047e-01,7.445792436537304049e-01,7.979840704233009951e-01,8.021946177468536332e-01,-1.574825751320782508e-01,6.608600764377134951e-01,4.900815668995614494e-01,8.040270814947462208e-01,8.414641951175081402e-01,3.604889654757472139e-01,7.301478729342814056e-01
7.351758848689629033e-01,9.231677181149432476e-01,7.399510781374839530e-01,6.631691723645370962e-01,5.724773869198863663e-01,5.997413445150201472e-01,6.305776569084490246e-01,5.866000092379546338e-01,9.121157883974825298e-01,8.010477084549908477e-01,7.475132221733358229e-01,7.642088386069825212e-01,3.211804514083353990e-01,0.000000000000000000e+00,7.760924921714290603e-01,6.522128536644790087e-01,6.403970247353096834e-01,8.682883763968417545e-01,6.919692788244948822e-01,8.317047991313092359e-01,9.283160632430724757e-01,6.758521188496587895e-01,5.492705919281430926e-01,9.411322451261586730e-01,2.197494974302647286e-01,5.152604732266100607e-01,8.617517257497869787e-01,9.910092169689810326e-01,3.371229593351883491e-02,3.172896061915414512e-01,5.499198139482815995e-01,3.228914229066696118e-01,7.020545557443175211e-01,5.384344043539739388e-01,6.954220937789762358e-01,4.654658441708743322e-01,6.492450864321375192e-03,7.077303590997777727e-01,5.681713180714369482e-01,8.459448440437702388e-01,4.246883388083054767e-01,8.903626202786851795e-01,5.446691316090943591e-01,6.452904106330253908e-01,6.749822747665800149e-01,6.494236320791862971e-01,9.793409036211293550e-01,5.579919144304590350e-01,7.299331482669146887e-01,6.646585995550325920e-01,5.349880191039763089e-01,6.625690294322745810e-01,6.427919741047358748e-01,6.356969935460570209e-01,7.547518683597973510e-01,3.077812967949311029e-01,5.091468740077056410e-01,9.045100376401585818e-01,8.447296712575775857e-01,7.061116401746998505e-01,4.368387021243518853e-01,7.580632163664962064e-01,8.185260504802274184e-01,6.526820438748399678e-01,7.170974840191135513e-01,7.963915450646277261e-01,1.550124963311032555e-01,5.608722012930968948e-01,9.639150582283513291e-01,7.898350460581659016e-01,8.358662717673700504e-01,9.458059532859632856e-01,3.651090871027094092e-02,4.238475379632913875e-01,6.600045199971811272e-01,6.206601939599463158e-01,6.223761664616090927e-01,6.304979485145807416e-01,4.824631005129765837e-01,5.989813170174425050e-01,6.926233069828539035e-01,6.575458804515038613e-01,5.508601444801888292e-01,5.478026713868247022e-01,7.693972847120194025e-01
8.917374219578670935e-01,4.999775063630080285e-01,8.070040665274366143e-01,8.531788583942315762e-01,8.476847223235910445e-01,6.464990380381946400e-01,4.990575412751748208e-01,7.735225752183580994e-01,4.000592234810105841e-01,5.361065404841327542e-01,5.595897092428308017e-01,6.435619515604336094e-01,5.169206086996068761e-01,7.760924921714290603e-01,0.000000000000000000e+00,4.139346030870293403e-01,4.608142513642264348e-01,6.766535869402907633e-01,5.751040954587697263e-01,9.459940342170967131e-01,6.031272211700304808e-01,5.893539094797237698e-01,8.109126405771788226e-01,7.682150765802510106e-01,7.560637316368941097e-01,8.709153995663675429e-01,6.759491026751272003e-01,3.981887399585036791e-01,6.367599798723190263e-01,4.744505161483672517e-01,2.553394615859377326e-01,5.235899510022560266e-01,7.480936661257233666e-01,5.569155978774535942e-01,9.148296033779969028e-01,4.427991540673155701e-01,2.040148511386206676e-01,2.478487792355832942e-01,8.639633310624856843e-01,7.036673712463553665e-01,3.981916443020006025e-01,7.039682556619721865e-01,4.060225648723997938e-01,4.726135845186130724e-01,8.504943815210959102e-01,6.475159536971771823e-01,7.042012442080296530e-01,7.563256128107873622e-01,6.218870677759563703e-01,6.605127921039826155e-01,6.466048210069214042e-01,4.963756486926202416e-01,7.941302041412012791e-01,5.044698805998300006e-01,6.678319305726124755e-01,9.218396352608966282e-01,3.400313713254521919e-01,6.028254796568173202e-01,2.047056669492720582e-01,4.704559998662340981e-01,3.412978654237773801e-01,5.121391693685275470e-01,7.164132985760192085e-01,9.827207065716506706e-01,6.907947457965545324e-01,7.794982572714279634e-01,2.156260962037505613e-01,9.214124668154390907e-01,4.422594524074536237e-01,5.196871415392840809e-01,7.865254087949732353e-01,6.420294080225725786e-01,4.820511193230726105e-03,3.871782917588821871e-01,5.613352867080397823e-01,2.054759528438361293e-01,7.122069988480325131e-01,6.581074324452873547e-01,3.361026576702911273e-01,3.895084747875342535e-01,6.835848463658458218e-01,8.772203535022906618e-01,7.683203197226334824e-01,5.012977868670684956e-01,2.516889516756970480e-01
9.760135900742352710e-01,9.311606074368614649e-01,8.556988041175012105e-01,9.738089601455808264e-01,8.740989543683951313e-01,7.461749816954372783e-01,-8.153951541551400506e-02,7.311121208658030168e-01,4.709074461560016078e-01,8.066142445511936473e-03,8.067191085952201135e-01,9.694698570127751047e-01,5.557152172958749192e-01,6.522128536644790087e-01,4.139346030870293403e-01,0.000000000000000000e+00,6.779607676010095396e-01,8.283450147382978024e-01,6.920222265767296266e-01,8.587954395472395808e-01,8.127049877842115189e-01,6.822507168015771173e-01,6.672260823523523676e-01,8.620181782079497923e-01,2.356778591730922523e-01,7.671119366714431731e-01,6.993135978477140746e-01,-1.640316272323128766e-01,2.060247463854441852e-01,2.560063802707508995e-01,8.564343675297103609e-01,7.063425176394048099e-01,7.096092836546176175e-01,9.752411682278999683e-01,7.404842365119128633e-01,3.294499711317553370e-01,1.993859865141345000e-01,7.039105745455980223e-01,8.138897837351842801e-01,6.906122350755877770e-01,2.641101393084591686e-01,6.497810094240183965e-01,8.057313978632890672e-01,3.610699427871766898e-01,7.238284012319669003e-01,7.557236653842349661e-01,2.353313829871917229e-01,8.728835429162817849e-01,5.823661562181770002e-01,6.846030472097790476e-01,3.642323370342036570e-01,6.262006821634518161e-01,4.059476398416438370e-01,2.369899074780807413e-01,4.905775882327508275e-01,6.356548555454875071e-01,8.497145973480473291e-01,9.959276061911670475e-01,4.481076634352736954e-01,1.596173681700958358e-01,2.994327262533138731e-02,6.146071200075530205e-01,6.035801760086668688e-01,6.000029343267635484e-01,4.002857145094056435e-01,9.702919175605374813e-03,5.599859266338520492e-01,6.318334093333204393e-01,7.914032544639100220e-01,7.445722708576608673e-01,6.109982857309634863e-01,7.679483498347174919e-01,3.800791862545730426e-01,6.399705808173565824e-01,3.933592335358945258e-01,5.838260371586539987e-01,8.822467056365208560e-01,5.655680271188432418e-01,2.058727556337972275e-01,4.184058504920426524e-01,3.337953105027541278e-01,4.921237255358197338e-01,9.823180215909321777e-01,3.214388245587523896e-01,2.568661457661494674e-01
7.575330248763283425e-01,5.047175480251054891e-01,9.116278433417078775e-01,9.406586536463540371e-01,5.022173133787263266e-01,4.799871908799156067e-02,5.739302745403499495e-01,9.444900829698725797e-01,6.540632375993189473e-01,8.735372579599011145e-01,5.914418191960093552e-01,7.823397651373135142e-01,9.722199618844922231e-01,6.403970247353096834e-01,4.608142513642264348e-01,6.779607676010095396e-01,0.000000000000000000e+00,8.648572734311474886e-01,6.169303603927533963e-01,2.674978020747020846e-01,6.003574431045475279e-01,6.697944214260047602e-01,7.312200181916157504e-01,6.836950032802813215e-01,6.066545187092287073e-01,3.615893073800180435e-01,3.110550518472336989e-01,4.049625498277438229e-01,4.240034425187642064e-01,4.813405638272141296e-01,4.700617631040855393e-01,4.028779035255134477e-01,6.701386423379498414e-01,4.127218975741564488e-01,7.809941054099057700e-01,2.438636142785145233e-01,2.703409200897455844e-01,7.828827231019610533e-01,6.177699528774399651e-01,7.122943765582705478e-01,1.791519045445830460e-01,8.097882325121987801e-01,9.534382844503561660e-01,6.811097654953813807e-01,7.574687127218659999e-01,8.948685949687460450e-01,6.347001948794610549e-01,3.737797966598359611e-01,3.515560172808097628e-01,7.926765684077816676e-01,6.872599400238903478e-01,3.855916618558364872e-01,6.514704255929234522e-01,4.404592239035184376e-01,7.459080079540868491e-01,6.588740497105900484e-01,7.421440776681504925e-01,8.904682041779971025e-01,4.663907722082846208e-01,3.584367823924479168e-01,7.768747570947081016e-01,7.886928011840232955e-01,9.896661876983897654e-02,7.494901270903964186e-01,7.570877593811071726e-01,9.850982758148560947e-01,5.233714012059973442e-01,5.597737094991195317e-01,4.810371085326460849e-01,1.192175305522211876e-02,6.367578970447438369e-01,7.190893556135977693e-01,3.755362444758276741e-01,2.201739954232835306e-01,5.811064380550063913e-01,8.613299274653218873e-01,8.223744302145427065e-01,5.672262543684452041e-01,5.628760032423743009e-01,-1.615679112582057986e-02,1.395710546519063067e-01,6.483352111689010266e-01,-1.032504482101700843e-01,1.284276654507932047e-01,4.035635132653082602e-01
3.743335418691624561e-01,8.592612464869816558e-01,9.813987921533049441e-01,4.384979419059101269e-01,1.609429558817453698e-01,2.595599929778351078e-01,1.844720962238695083e-01,5.953172574363375658e-01,5.524606971802356048e-01,7.790963535654789052e-01,9.673073459644485617e-01,7.467912426627365541e-01,9.121452064796659043e-01,8.682883763968417545e-01,6.766535869402907633e-01,8.283450147382978024e-01,8.648572734311474886e-01,0.000000000000000000e+00,5.782555598219893955e-01,3.541320945758761329e-01,5.874529462016674364e-01,7.875532523659636297e-01,7.090086405293758443e-01,7.252296818191048544e-01,5.929859356488869082e-01,4.568501610651461431e-01,8.954580985017344119e-01,5.803345097183787438e-02,5.442083205541210500e-01,6.925609550439171258e-01,2.602036265501302958e-01,5.504503236479383332e-01,4.007965241688411506e-01,6.775276283749778194e-01,9.100331078110227567e-01,6.371965899909235453e-01,5.567177407703902681e-01,-1.355374094992503053e-01,6.879368096542923805e-01,9.311566726116375925e-01,4.150940793319196076e-01,7.043592411355774630e-01,5.397862104240134240e-01,4.860603922370269614e-01,8.839793129103092895e-01,4.671854962557197011e-01,4.369629508073262780e-01,2.371102127771873569e-02,2.005545216139737463e-01,3.742421754578026949e-01,5.608780486435713808e-01,2.415456759897818551e-01,5.431300652899095915e-01,7.345826186021567894e-01,2.744994819062669400e-01,4.419645470595701675e-01,2.261620790191541386e-01,6.205514540412108149e-01,4.016884263211464856e-01,1.211093973128778978e-01,3.822673951664299907e-01,2.334118276962514060e-01,1.118114681556507534e-01,8.721988293317869401e-01,9.943703763110942617e-01,7.817515508068314523e-01,4.911778896044874387e-01,8.510629070129824836e-01,5.334953276944087719e-01,6.251982499381610880e-01,9.817291135661408985e-01,5.664858679090033489e-01,5.066427164334278421e-01,2.736836628818830053e-01,1.308925621753485036e-01,8.826154183821309784e-01,1.672578596621238922e-01,6.846646262012370254e-01,5.300267904118762807e-01,8.007309065072237830e-02,5.811747644112099653e-01,4.353260860201338400e-01,7.410257654204789324e-01,7.983543146946738833e-01,6.093907597278034327e-01
