0.000000000000000000e+00,7.084206761865358137e-01,8.167858469508727515e-01,5.999948302563969937e-01,7.656922981450922094e-01,6.212781565936094097e-01,6.432227793932097093e-01,7.961880484575281081e-01,8.829234364545562874e-01,7.278639814164034050e-01,4.316622744200813155e-01,7.808091041273375055e-01,8.729909938669475622e-01,9.627630721517745904e-01,9.910666936872072341e-01,7.423571651040814512e-01,4.237354946777325271e-01,8.058734944752414808e-01,7.240402747483121182e-01,5.255129885345872776e-01,7.172974893106115468e-01,7.135250446286829362e-01,9.033750242849845069e-01,8.399264522036220537e-01,7.784332730467404815e-01,6.468832537066028232e-01,7.181094484243512044e-01,5.443716318817948263e-01,5.264486926343922013e-01,2.864914529298675516e-01,1.273241389709886540e-01,8.358037138632677943e-01,8.371362820861930620e-01,8.958666151676968337e-01,4.107761116545001201e-01,3.416323636452108237e-01,1.756343055964354749e-01,4.566145224152120541e-01,6.773634712663858526e-01,6.378305162930265615e-01,5.058515870347508603e-01,4.652758618704884164e-01,8.925270964232214777e-01,7.324431535441768837e-01,9.192905093147815121e-01,6.335099032882680614e-01,9.286274947146067049e-01,7.202771259171516505e-01,6.414132675519392812e-01,7.425692255065338143e-01,9.188249433230922802e-01,7.080409159270789621e-01,6.390442040559689563e-01,4.141822916307660862e-01,8.134235132240699162e-01,6.810452856024094004e-01,7.572352702902143129e-01,9.347848601721562289e-01,6.734058908811451083e-01,2.850580973542266583e-01,2.445722382224094216e-01,7.788565596963615834e-01,7.568913925538179877e-01,5.348876545934002635e-01,6.929960519607128999e-01,8.308828053896967214e-01,8.326120558601360910e-01,7.516173075346683774e-01,4.323393468458251454e-01,8.784886425951247135e-01,8.642501672813094338e-01,7.540629618932446210e-01,6.832901495461228825e-01,4.043652133403034532e-01,9.869060310118052959e-01,5.943480207113509550e-01,2.934972047195169020e-01,6.464775218992903083e-01,5.913262344729145470e-01,3.181034462929166473e-01,7.404991624965804320e-01,6.831312373402190774e-01,4.338737583337831105e-01,2.520058829147358015e-01,5.600848626505199324e-01
7.084206761865358137e-01,0.000000000000000000e+00,6.703608261210586283e-01,9.132817154010361982e-01,4.222600980639211188e-01,6.342622742241783573e-01,3.628667691797564654e-01,5.500560335687723068e-01,6.220843823055676181e-01,4.086966961574008406e-01,6.113632573143720217e-01,7.211666635063264108e-01,6.245929553003222168e-01,7.785042088138596217e-01,6.043607236360701851e-01,6.109568121950713637e-01,7.535974330754906525e-01,9.023296390416618573e-01,1.809679925833632685e-01,4.620526195941816461e-01,5.576754765966914773e-01,5.925029348445239874e-01,6.116859308007421836e-01,3.928112046851086614e-01,9.449776374229718057e-01,7.019041214561325681e-01,8.023172494919972308e-01,8.312142376703683944e-01,7.922689833341043375e-01,4.671959654946603591e-01,4.149919124795456438e-01,3.125494360408508920e-01,1.589436317234839136e-01,2.265707841553495361e-01,7.200269195316615356e-01,1.004404303191883813e-02,9.343103601844759964e-03,6.579728525305419407e-01,7.257403655331087222e-01,6.534713659559230337e-01,3.348945473658181404e-01,8.740624340179019569e-01,6.500158790467337466e-01,2.522027051376114493e-01,6.332341569954611504e-01,9.070643601208682183e-01,4.812966067136643655e-01,4.197400851190536963e-01,2.418670982361557642e-01,6.594942506646941371e-01,5.579406056536254654e-01,4.026934410419971688e-01,9.505613540803043993e-01,4.108327262327789442e-01,1.021387631129491436e-01,8.701607262981383428e-01,6.389508796732368268e-01,8.123821228903854719e-01,1.885773693171640675e-01,4.018701667167845493e-01,6.758081383193805802e-01,7.871091979337608846e-01,4.044738385774331868e-01,9.085165727818742543e-01,6.960812672801133250e-01,2.031069293998173375e-01,7.973323616814549375e-01,5.934792687099529340e-01,5.036683509675905501e-01,9.838677996472318110e-01,6.555606218345555458e-01,7.113722147638147364e-01,1.265646784037114114e-01,2.639301671866992050e-01,4.572290574615151537e-01,5.024830844402344843e-01,5.056884693552623489e-01,3.203311539186459722e-01,1.840390089763280779e-01,3.165507538026229167e-02,5.663746715114237329e-01,8.298612358980526071e-01,9.867977745429005187e-01,4.372102200230593150e-01,4.409866500899077280e-01
8.167858469508727515e-01,6.703608261210586283e-01,0.000000000000000000e+00,6.696502322215731606e-01,6.450004431371848534e-01,9.074072430530752964e-01,4.231220102022856255e-01,9.324062358428618635e-01,8.737049255779331114e-01,7.729763490428189776e-01,8.920526175090509602e-01,8.037877827906957096e-02,9.248031680517975195e-01,8.798041018110802636e-01,7.941741553841779044e-01,3.980230316254497192e-01,4.915989453475250182e-01,8.705366232632967272e-01,9.285684189384638687e-01,7.635810200501984557e-01,8.998864116155121939e-01,8.419004042309696789e-01,7.118174150166759473e-01,6.653513964013819670e-01,8.868017518693681600e-01,8.919166200549152324e-01,8.723546249526246132e-01,2.462042727833460565e-01,7.001211130537995375e-01,1.543277270715905369e-01,1.728685376633557202e-01,4.051206663744241210e-01,6.046316307931061118e-01,5.333365386412231013e-01,9.031216128363100948e-01,6.868149893255549587e-01,3.152626156071192121e-01,1.598538276453891072e-01,8.177693686207007095e-01,4.508145795767606323e-01,5.452877519802834527e-01,8.901905906044335071e-01,8.458038542040225982e-01,9.296098675935744460e-01,4.935681384039637409e-01,8.637509785715201671e-01,8.809442764668824477e-01,7.227711825538085666e-01,8.418234517685676543e-01,9.797224323870579177e-01,9.498125610607839331e-01,3.593730358721115570e-01,8.201883970592940276e-01,5.197477650874352539e-01,9.916158438997410007e-01,5.366201056682649018e-01,9.289649254392398081e-01,8.152785017626958952e-01,7.838727096578059772e-01,3.973072952735153263e-01,6.808200602113892996e-01,3.249400420844585913e-01,7.835054930799919548e-01,7.666794594681153319e-01,4.211232417974332121e-01,6.047973427054127438e-01,8.131550840053560769e-01,6.411649624120081548e-01,7.463009217689905439e-01,7.533378234651746386e-01,2.033766660247152136e-01,4.764913028055605682e-01,3.501297494734452731e-01,-9.054723678915496676e-02,6.359101068650381272e-01,9.371121134020015120e-01,9.864928611339975895e-01,8.514501097150471987e-01,5.166767041942513794e-01,5.090864640777312822e-01,1.589563673188163495e-01,7.185193562063669770e-01,6.989551849356088198e-01,6.080078878624998184e-01,6.390090974765073595e-01
5.999948302563969937e-01,9.132817154010361982e-01,6.696502322215731606e-01,0.000000000000000000e+00,3.896580422305535030e-01,6.313086393606582858e-01,4.450289128580973697e-01,5.118674803890447267e-01,7.291138944080776119e-01,5.139470457024200023e-01,7.435307723040817107e-01,7.257038244806699456e-01,5.818903371247798884e-01,5.302005054865426281e-01,6.278074459136430141e-01,7.927820811619565866e-01,8.556347730373313754e-01,6.179779315134015238e-01,8.961055400812732996e-01,7.163698137011843547e-01,4.626718420093477446e-01,5.567950594054598135e-01,5.264005481343598802e-01,3.816517888350211551e-01,7.626397886648186297e-01,2.364261008514973450e-01,7.288341967917610909e-01,5.907049634166491314e-01,5.132387516374650183e-01,5.741406610827655133e-01,5.367010634430668947e-01,9.825670444880217624e-02,4.934935516226053864e-01,6.877789252691043353e-01,6.171970295940780726e-01,4.935222213423968718e-01,1.985267233598416448e-01,4.704432736982743779e-01,2.104975075005520169e-01,3.233414210365473940e-01,5.196418050401100386e-01,7.664608501288371345e-01,9.337564435260463647e-01,5.471451553823161174e-01,4.531557606046201503e-01,8.428642467924600812e-01,9.906523395148327804e-01,9.431653362234794225e-01,7.350268852478634152e-01,6.673409491220337886e-01,6.394975923785801708e-01,4.479210252725617236e-01,4.402526614895827528e-01,8.209041359087011491e-01,6.418152418813346527e-01,3.785677892186943838e-01,7.650231890813687929e-01,4.674768644586290156e-01,6.802714231197988237e-01,5.353834689956531445e-01,1.901935553383450606e-01,9.854862883463740841e-01,7.905091803329197253e-01,6.004216535004479605e-01,8.367190744296294502e-01,2.368912548839463561e-01,3.316983953571375210e-01,4.915415206302908846e-01,4.832569112259742505e-01,7.773670710069267020e-01,7.250059781269110326e-01,7.022924620322558154e-01,5.524873755540833375e-01,2.539905329878208162e-01,5.426141514345711458e-01,5.927732204464291055e-01,8.263935051476604121e-01,6.592880528063057577e-01,3.107090224001409773e-01,5.395622141212861322e-01,4.932212392661591838e-01,9.014998760416322865e-01,7.936679993578297232e-01,2.551404224357385342e-01,6.370882369774059084e-01
7.656922981450922094e-01,4.222600980639211188e-01,6.450004431371848534e-01,3.896580422305535030e-01,0.000000000000000000e+00,3.759535092468240247e-01,7.002204624975532088e-01,7.056747091502694191e-01,6.847270802104455933e-01,6.772816845627677163e-01,5.448675129766793468e-01,6.388057680414855888e-01,7.513840379516418810e-01,9.336004850519209475e-01,5.515261819576375846e-01,5.430136462413118759e-01,6.115077628620405603e-01,7.264086836964092075e-01,7.413520637283390613e-01,7.306895608053510793e-01,7.212431709042649297e-01,7.662314852199056947e-01,1.828360821225357979e-01,8.866551986274646691e-01,4.429335017976617772e-01,6.514032225544106325e-01,4.275231278368243348e-01,1.346517455015336651e-01,5.509437382511581660e-01,4.891772654594508385e-01,1.354643153841164072e-01,3.631282555636264897e-01,7.783738032412708119e-01,9.169797303059362692e-01,5.710487093286685800e-01,7.731138202265781523e-01,4.826883997148922467e-01,3.774844726096257541e-01,9.760389972670098224e-01,9.987393879282879805e-01,6.797324638741792935e-01,5.644868146168173784e-01,6.533653363315786722e-01,7.554742009838766315e-01,6.100607017485678574e-01,1.264938626373427466e-01,6.830711956606380086e-01,5.144820971085543038e-01,6.571163085593185738e-01,4.493477809480473373e-01,3.528651228562295072e-01,4.900218765636019658e-01,5.781158608455685410e-01,7.737270847471290347e-01,4.601427815044434877e-01,9.154955788743935896e-01,7.225620784425434984e-01,8.652770389788123628e-01,5.356599176243155291e-01,4.088009712934378981e-01,3.674715411521766173e-01,5.284505116789072199e-01,8.500245379367222798e-01,9.837512806515471553e-01,3.079834109658087793e-01,5.783644945290749018e-01,9.219883054901080177e-01,7.395592011568106194e-01,5.932714299105228406e-01,6.773375212692172020e-01,5.654102474342981299e-01,9.538713772643436783e-01,2.966954352687104501e-01,2.784361818694205404e-01,5.314602780016145500e-01,5.011072676016480321e-01,6.771452615938133857e-01,5.910289452773059143e-02,2.481155980240365988e-01,3.198570927100504724e-01,3.370438908011916812e-01,7.189391344083418955e-01,3.966448289710814423e-01,2.130749759936542143e-01,7.890159462522925438e-01
6.212781565936094097e-01,6.342622742241783573e-01,9.074072430530752964e-01,6.313086393606582858e-01,3.759535092468240247e-01,0.000000000000000000e+00,3.999782632958289730e-01,4.177092484596712230e-01,7.598867675810344613e-01,8.153795598544382184e-01,6.570940283642712210e-01,6.510773355975635335e-01,7.772566178107316315e-01,7.191700626709816024e-01,6.087019034926099970e-01,7.878265226692542367e-01,3.925272666171903957e-01,7.433874248826177755e-01,7.871164293607624263e-01,6.117575978868325937e-01,7.410042068410904736e-01,8.443418309561822044e-01,3.450585310793709004e-01,7.829363216848729268e-01,6.670565539634427665e-01,7.094738657315190489e-01,4.714927901642370078e-01,2.229085515800484640e-01,6.744410806134835956e-02,6.564518694921717135e-01,5.950950416096612017e-01,6.985459184478979289e-01,6.410406208204961764e-01,6.227506566549861899e-01,7.836615022509694217e-01,7.290653486604459221e-01,3.303806415477947844e-01,2.239594990733038138e-01,7.176912582470527102e-01,6.791944963519980227e-01,5.253409518043120618e-01,5.007518200410573384e-01,8.903784300081656333e-01,2.983950633810841246e-01,7.234517385055481142e-01,8.799697430598709680e-01,-2.042336734841198875e-01,6.255287304397690873e-01,6.952285085556219046e-01,4.668787390170140439e-01,6.797406490356784348e-01,4.221042016757113879e-01,8.768143856501863231e-01,6.900471460683256231e-01,9.688050302285982074e-01,8.601189531769470875e-01,6.950382355733224493e-01,1.507864068350721898e-01,4.238607067625191904e-01,4.741808829870389763e-01,2.949178862941659318e-01,6.577854585191765802e-01,7.356993618562570614e-01,4.319025479271884072e-01,8.402629356578147357e-01,4.929149971582240108e-01,7.649953622498750772e-01,9.822147067266986387e-01,7.241200321771392723e-01,9.777792773159752482e-01,9.699956262042777055e-01,5.981622257135101872e-01,7.356459689031651372e-01,-3.120868648740710016e-02,7.772191786785717094e-01,5.151922317801944651e-01,6.725037206061009742e-01,8.918719250220950023e-01,4.588069925542477279e-01,3.108364244657991771e-01,4.663125951939642855e-01,9.329721996256067351e-01,1.800211812985657300e-01,5.783892083192908595e-01,6.488461966693936933e-01
6.432227793932097093e-01,3.628667691797564654e-01,4.231220102022856255e-01,4.450289128580973697e-01,7.002204624975532088e-01,3.999782632958289730e-01,0.000000000000000000e+00,7.721028781967848031e-01,7.621933611026836530e-01,9.179865343923273580e-01,9.875061787341425923e-01,7.530917850354228449e-01,6.208540531080728453e-01,4.088026284053641879e-01,6.581581314929851878e-01,2.261936148295947968e-01,4.022021813688381742e-01,5.026217103605730152e-01,7.988420403626817282e-03,9.781673376123766195e-01,6.207966109864468951e-01,5.614620974119624019e-01,7.353756414226007010e-01,4.179048075590950373e-01,4.854352569798709438e-01,3.824168617987855345e-01,5.845191330246859440e-01,4.654216097599098156e-01,4.970439411317568168e-01,3.365700531804829421e-01,1.872125866467859792e-02,8.758216942239701597e-01,6.432001113023062544e-01,7.334960085760964255e-01,-1.127282941215441703e-01,2.663724464078523479e-01,3.540486182905773216e-01,5.323704163549934920e-01,8.476773686464595947e-01,7.887353628961827345e-01,5.773776177415006483e-01,2.090523525417510298e-01,8.411268658080852667e-01,8.857636863863496690e-02,6.173282055465650897e-01,2.287133094936273370e-01,2.078377158562486893e-01,7.223778988828427616e-01,4.214160229882808473e-01,2.782788592160873598e-01,5.827906540522358458e-01,2.759000169180771955e-01,4.086020514694989614e-01,5.870545699859280875e-01,6.586915273043929542e-01,2.879419013791196802e-01,2.993705283826895713e-01,7.173480896469588419e-01,4.810926122886496903e-01,5.412923181189537303e-01,6.863171730368844425e-01,4.564691253792728665e-01,6.676728056141687517e-01,6.722702707530057165e-01,6.145066220611373753e-01,-1.593513931173558551e-01,9.473818712056228386e-02,4.631404324603696221e-01,7.721569755860133721e-01,-1.056317650207594522e-01,8.484788714062989623e-01,1.295080674552277766e-01,2.691270850631127254e-01,4.079644525763160279e-01,1.143070220001278364e-01,7.432086504747019706e-01,2.819714436308710104e-01,6.888990147418544430e-01,3.605822659848354483e-01,4.208289448214205253e-01,5.559064406512115308e-01,7.507816587375552020e-01,5.184020382965551788e-01,2.700216922575359724e-01,6.563596630145085431e-01
7.961880484575281081e-01,5.500560335687723068e-01,9.324062358428618635e-01,5.118674803890447267e-01,7.056747091502694191e-01,4.177092484596712230e-01,7.721028781967848031e-01,0.000000000000000000e+00,7.377481983801233989e-01,9.914646552068340224e-01,7.222793970320953161e-01,2.705974923553962075e-01,4.841730150847792791e-01,8.251261316553241132e-01,6.599158724869920167e-01,7.004988154115227017e-01,7.030356222974438740e-01,7.600949692184580941e-01,5.059614514283742315e-01,7.300049426001670172e-01,8.553068707331538123e-01,2.675704204155885946e-01,5.238297393731378149e-01,3.158483181764873970e-01,4.175540691893592782e-01,6.219767197852441587e-01,4.913588215536122128e-01,7.052464225404806442e-01,2.980143210294160516e-01,-1.166800908147387072e-01,3.563667679724076276e-01,2.184368504733684435e-01,6.158530300647493405e-01,3.820327888442034414e-01,4.797957419142505620e-01,1.287793076811726001e-01,3.460927293194547283e-01,7.922404211293530008e-01,8.504111583419591280e-01,5.262840206718482072e-01,8.043181589328676773e-02,6.222802355726064771e-01,7.526113974828668729e-01,4.324178402814047861e-01,6.514019973271414354e-01,2.828879200409543104e-01,7.143136499095364966e-01,1.685294501458563798e-01,6.675178645590904569e-01,6.370947829351032432e-01,3.460435847108740415e-01,4.978873164389742700e-01,2.993930158534670594e-01,7.099466314003760603e-01,8.227332108673807154e-01,6.224886913670949484e-01,4.944817474155761561e-01,6.140251207677533962e-01,4.984244406048269904e-01,-4.317743278897723247e-02,7.335639269577345356e-01,3.539656048662249699e-01,4.018637891032577070e-01,2.181953736081769513e-01,6.865087878385197628e-01,6.172374936347845287e-01,3.983377945984852841e-01,6.058756857857220401e-01,6.536543121105962140e-01,5.690303584555036487e-01,1.752773815061725859e-01,4.021629528756702210e-01,5.035635543861921581e-01,1.886159926995893410e-01,2.090023432321777286e-01,6.904782555643631525e-01,6.332777590540143997e-01,2.487457095937306850e-01,1.030352932507361263e-01,3.398030485742613571e-01,3.916594017813327389e-01,8.057933177251163093e-01,4.353941882433671751e-01,-1.697913665171038589e-01,4.010998048297734764e-01
8.829234364545562874e-01,6.220843823055676181e-01,8.737049255779331114e-01,7.291138944080776119e-01,6.847270802104455933e-01,7.598867675810344613e-01,7.621933611026836530e-01,7.377481983801233989e-01,0.000000000000000000e+00,6.935968246920042324e-01,5.131571185828757153e-01,4.423604884277791416e-01,7.024185380984843130e-01,7.738400248604868636e-01,3.714023677233325715e-01,5.697438210326689623e-01,3.831293264910121676e-01,2.926154159947711997e-01,5.800466803914900993e-01,2.160168334280946068e-01,7.319854559871084021e-01,4.716526287823746832e-01,7.517675438314302960e-01,8.261072870466443785e-01,5.992131759850254369e-01,5.597969412690180224e-01,8.031246867354921992e-01,5.097772167072486260e-01,5.178887658089843804e-02,5.156811646766885915e-02,4.928290750192672043e-01,6.827464658578863421e-03,4.269693407243981831e-01,8.346859307192713295e-01,4.470029004561383301e-01,5.455920034673559238e-01,1.777194159814390051e-01,2.385204685763456789e-01,9.329916062766848706e-01,7.006634540634094632e-01,7.020403946223543468e-01,2.253548925186358298e-01,8.908311044533636647e-01,3.047460015658121635e-01,5.671866028648291369e-01,7.742309713863770870e-01,5.265387662297092985e-01,5.712481115020570099e-01,7.595805487649031074e-01,5.050147229915640246e-01,5.061663227884584115e-01,7.862703952944953834e-01,9.206503707941215975e-01,5.662491397614556332e-01,5.904951638373678868e-01,4.489800469418988027e-01,4.380340844520490551e-01,-2.806263026291916374e-01,6.742293362083574548e-01,3.040030946963864222e-01,3.004838583688730913e-01,4.958907331516959616e-01,3.307321179514974840e-01,7.631885435426815079e-01,5.723794485227988726e-01,7.434990055781539597e-01,7.154068689427633965e-01,6.582807400696288891e-01,6.859433811451287610e-01,5.115192900790321850e-01,9.616897521973495344e-01,7.071387710770843382e-01,7.269885315256892078e-01,4.936370744674857258e-01,5.109226197584408879e-01,1.159635785632630034e-01,4.715351868525512469e-01,1.577130403853183316e-01,-1.781724249671843285e-01,6.116431717637938088e-03,4.536430055613246415e-01,6.369079304931080099e-01,7.337694488340331667e-01,3.551067369403105856e-01,3.823878703914460053e-01
7.278639814164034050e-01,4.086966961574008406e-01,7.729763490428189776e-01,5.139470457024200023e-01,6.772816845627677163e-01,8.153795598544382184e-01,9.179865343923273580e-01,9.914646552068340224e-01,6.935968246920042324e-01,0.000000000000000000e+00,7.728002488636139811e-01,9.539788160894057123e-01,5.196419835998410397e-01,4.146915017461919040e-01,2.279901578803218698e-02,3.005712938535145540e-01,7.072116275118172091e-01,7.235919192439397296e-01,7.960091560530466737e-01,7.018276620996829473e-01,6.673020191937899526e-01,8.908606847349496149e-01,5.822553336770508459e-01,8.164508735339764955e-01,5.215745140446893524e-01,5.099437107181137296e-01,7.615404346152682136e-01,6.968175758256320851e-01,4.793952256057253392e-01,5.791673690595451340e-01,2.389117812067625135e-01,2.656775994547818653e-01,7.291613804602792293e-01,2.438032092095324121e-01,8.434236257864826669e-01,3.391709973260265132e-01,3.545369049212543366e-02,2.590721343719470937e-01,8.744310333454460293e-01,2.012617279709297269e-01,3.448228353384310552e-01,3.936016286678541976e-01,7.116479979652503562e-01,6.190749327575514327e-01,5.572938336229015244e-01,7.132697529136996506e-01,7.793375192889604453e-01,6.086899750244362250e-01,3.546296903256209720e-01,4.390593750395213601e-01,7.381447327664513169e-01,7.291896749165496239e-01,8.573047264659303668e-01,9.160297527811004370e-01,4.229742891755552403e-01,6.927237057759484395e-01,3.950938933561576327e-02,6.881628459446322843e-01,5.789900732693716023e-02,2.217008465845950460e-01,7.395756239216056960e-01,5.364980236488736676e-01,9.029693964707925513e-01,9.379300811634220247e-01,6.493222326247135578e-01,5.019942621735304922e-01,9.718822671175055827e-01,6.069764601391945957e-01,2.086499227713886628e-01,4.501480397692789182e-01,6.758291140312475687e-01,7.725399883352612740e-01,5.149018625109402780e-01,5.435904431072395848e-01,4.872036865423792773e-01,2.347874580686832580e-01,6.324689618130704405e-01,4.901839772651152005e-01,3.831716446747749361e-01,4.690396058164267856e-01,6.808629421162937234e-01,5.114791015148586473e-01,2.982509944007997182e-01,4.117468818214025106e-01,4.423222020858194603e-01
4.316622744200813155e-01,6.113632573143720217e-01,8.920526175090509602e-01,7.435307723040817107e-01,5.448675129766793468e-01,6.570940283642712210e-01,9.875061787341425923e-01,7.222793970320953161e-01,5.131571185828757153e-01,7.728002488636139811e-01,0.000000000000000000e+00,4.960922757814173467e-01,7.915137236260572084e-01,2.020019184926276079e-01,2.912441462406201165e-01,1.143501724603234737e-01,4.920634280291872886e-01,6.303305099711474790e-01,7.640606277102381938e-01,6.350249437912103279e-01,8.448307990309944504e-01,4.860019542656612290e-01,9.256297489074246654e-01,4.204537968402332071e-01,5.213627408000294228e-01,5.953436556456217499e-01,9.705629110857895148e-01,4.359471100130190013e-01,6.819587168034014768e-01,3.002346891438308907e-01,3.428944993600878677e-01,7.631785883192868658e-01,6.840487820211978987e-01,9.524536805148919871e-01,7.368457091844989870e-01,3.681446827764603968e-01,-4.159437322549919269e-02,4.207907091599348837e-01,8.638349289959567079e-01,6.984965716686065695e-01,2.960461701782540200e-01,5.428546988559344033e-01,8.793942455632401956e-01,6.190004935809507725e-01,9.011064060123262776e-01,7.980349887507889317e-01,4.941256995884146241e-01,4.177064929095328227e-01,-7.537451241906140131e-02,1.242839090096271165e-01,1.853696403929972203e-01,9.448652493613085568e-01,6.806496163601275518e-01,6.109072600316761692e-01,8.538986990361164819e-01,5.946388461591796126e-01,6.179816488780421890e-01,7.850617011790025357e-01,7.512120842875260607e-01,1.454453294809086583e-01,7.029307251010800117e-01,6.880539901706957950e-01,4.571493983469531730e-01,7.225356238720115343e-01,3.077418501978724796e-01,4.019575743585306338e-01,7.744971805403031428e-01,6.836288403733075114e-01,4.832574042809557047e-01,9.577907880720659684e-01,6.805530572510803955e-01,5.814561101286765954e-01,2.291534045862169203e-02,4.715075622436928349e-01,3.650653872476533612e-01,3.533478829146070033e-01,6.155567842930699252e-01,3.747545645925732805e-01,5.110428924543778395e-01,1.421819876256208703e-01,3.695542954326996865e-01,6.424814174301458625e-01,4.159576819212112420e-01,3.676663589839695989e-01,6.388806188882754089e-01
7.808091041273375055e-01,7.211666635063264108e-01,8.037877827906957096e-02,7.257038244806699456e-01,6.388057680414855888e-01,6.510773355975635335e-01,7.530917850354228449e-01,2.705974923553962075e-01,4.423604884277791416e-01,9.539788160894057123e-01,4.960922757814173467e-01,0.000000000000000000e+00,7.385796374808684117e-01,6.535464599301531452e-01,3.446405833129015939e-01,5.829536639387591368e-01,9.432323036153958951e-01,6.617438717308551377e-01,6.937416768313018345e-01,7.909840188496393143e-01,7.012482496870533488e-01,5.472286397589235518e-01,9.909123189554325251e-01,8.027745774527851319e-01,5.715257361561708604e-01,7.272671764920345394e-01,7.929912255608687621e-01,4.025347966600207328e-01,1.595954853233620963e-01,2.499716868530693081e-01,2.023084515019095142e-01,4.179616065514416001e-01,4.781526758037885627e-01,9.132029353919369763e-01,9.113100104185823946e-01,1.612128927468174933e-01,4.458653344234901339e-01,6.218183655733360293e-01,6.131941193694239178e-01,6.369568694865590519e-01,7.596192137355944896e-01,4.021075784453433943e-01,4.197655588360236223e-01,9.675384100124426734e-01,4.737610523607189705e-01,5.484532087296924985e-01,5.272842428378450297e-01,6.733012651391938608e-01,2.868198176408756628e-01,6.737533135359975445e-01,3.615490529117554863e-01,6.051958618109604116e-01,8.053419648383607354e-01,3.459462502825069175e-01,3.272734366297485042e-01,-2.249967250663253981e-02,2.851938378734507618e-01,8.298337342833745911e-01,3.260644891202119644e-01,7.103351854140380617e-01,7.925800314862448959e-01,5.885358981656408917e-01,5.975966460261075142e-01,8.710623370102201779e-01,9.817238122886586815e-01,6.510930152933182002e-01,2.741103373610410676e-01,9.863252164575240233e-01,7.011135601059907962e-01,7.582759613397759280e-01,8.501625434770675449e-01,5.418882294325026994e-01,3.334374275845828350e-01,3.491278150335779679e-02,5.811644877758861960e-02,9.985020253649933286e-01,9.104920999250484259e-01,7.784503628323251601e-01,5.779826061301288620e-01,2.559526585677106558e-01,4.972222577861503123e-01,9.734907927039441189e-01,9.794552117983047479e-01,1.050574803735836310e-01,7.752071011239431986e-01
8.729909938669475622e-01,6.245929553003222168e-01,9.248031680517975195e-01,5.818903371247798884e-01,7.513840379516418810e-01,7.772566178107316315e-01,6.208540531080728453e-01,4.841730150847792791e-01,7.024185380984843130e-01,5.196419835998410397e-01,7.915137236260572084e-01,7.385796374808684117e-01,0.000000000000000000e+00,6.697858542971522056e-01,4.099953521963982106e-01,6.438332603316618830e-01,7.905089517348887762e-01,5.729690968767174875e-01,4.232792828025565557e-01,7.439211500527709298e-01,5.796418119366654187e-01,6.016566315715791147e-01,9.377390605764643894e-01,6.449634826206437355e-01,4.068949258915501854e-01,7.300627428816763853e-01,1.383238809223201471e-01,5.870613299597094992e-01,4.885521050105147700e-01,7.619675147184201691e-01,1.296979059313762839e-01,1.080921511018679941e-02,7.597093587221759314e-01,2.558463407769629439e-01,5.747880577358522869e-01,2.615106613322530985e-02,-1.073808712679895361e-01,6.965544580734208679e-01,7.963980196894115959e-01,9.138189861873089459e-01,4.027674415535721364e-01,8.177305468221930385e-01,4.112054303553268619e-01,2.504767413650715868e-01,9.058051594630915915e-01,3.624672784874107823e-01,1.859544078240106812e-01,5.970314643894396589e-01,9.766716435955226094e-01,5.059126130810218669e-01,3.280539849182658174e-01,3.949857133715436452e-01,7.258700888482760849e-01,7.844763483915492275e-01,5.170564249392078926e-01,8.811011244154409727e-01,5.877030759569819018e-01,8.153127466637830612e-01,7.184571133275459154e-01,1.976010064841604791e-04,4.241530442877050611e-01,9.442068676184199871e-01,6.871416490101130981e-01,8.509901774844031985e-01,6.986235981354226299e-01,7.626509174137676705e-01,8.617173595069479441e-01,5.217812559613486112e-01,5.893710526201904054e-01,6.761428062287883067e-01,6.014690854089274064e-01,6.116943279281898960e-01,5.348478148155952905e-01,6.145842413360353973e-01,3.116634234633679501e-01,6.554239932477567976e-01,3.311359095820952669e-01,9.752818076785234602e-01,3.385524501864709546e-01,2.943273454233484854e-01,5.060701740065471910e-01,7.390754153356932088e-01,4.912047829332373272e-01,3.634100821612204490e-01,2.048027841025926998e-01
9.627630721517745904e-01,7.785042088138596217e-01,8.798041018110802636e-01,5.302005054865426281e-01,9.336004850519209475e-01,7.191700626709816024e-01,4.088026284053641879e-01,8.251261316553241132e-01,7.738400248604868636e-01,4.146915017461919040e-01,2.020019184926276079e-01,6.535464599301531452e-01,6.697858542971522056e-01,0.000000000000000000e+00,9.875038022480469024e-01,8.195312481792601522e-01,9.587308910271319373e-01,3.864816492863272224e-01,6.723888401738629117e-01,6.313254798434883019e-01,4.937291883304585904e-01,6.041147454742142875e-01,8.319602414014969360e-01,2.502021143128501657e-01,3.055158394996538851e-01,9.033826593871995270e-01,6.303155161583352539e-01,8.595505912223067035e-01,5.448039522722279981e-01,4.877823242002304188e-02,1.438721073279270735e-01,7.695348407526058088e-01,5.590495604373361127e-01,7.127672304396015512e-01,8.721977903603981286e-01,3.054674415522207753e-01,2.401172510060757548e-01,6.962316313929837186e-01,8.896818268537887153e-01,8.823721521733373097e-01,3.822948647471416939e-01,6.308700753135343398e-01,5.367033290462914774e-01,4.590490757418245749e-01,4.600481638064090051e-01,9.318139673288458047e-01,7.802992990507946480e-01,9.680365681316623894e-01,9.428342753001821563e-01,4.280119959681071284e-01,9.352758856953343747e-01,5.653201877892910510e-01,5.784092624661587578e-01,7.495951535559340906e-01,9.086424794734105914e-01,8.445998423786668097e-01,8.411319455025104697e-01,6.837368703467009423e-01,4.462513550190428946e-01,3.999582745340535261e-01,5.069860890726199942e-01,2.792321241147269761e-01,3.692419054204558737e-01,4.681944073375902127e-01,7.588813269458313249e-01,6.882455584511538715e-01,8.549319027310385843e-01,4.170004388630931813e-01,4.070147251592450832e-01,7.364179913177348880e-01,7.266570929676042789e-01,7.083015242060916039e-01,6.952931742125957326e-01,6.203559976497764472e-01,4.445615500296402067e-01,7.297083345574357782e-01,5.892446448970061201e-01,8.671065840663554347e-01,2.037128293746270080e-01,1.490796857443603129e-01,8.468929366719629703e-01,6.529042391501267417e-01,6.863729418055287690e-01,4.452663277988103685e-01,8.460254454795645973e-01
9.910666936872072341e-01,6.043607236360701851e-01,7.941741553841779044e-01,6.278074459136430141e-01,5.515261819576375846e-01,6.087019034926099970e-01,6.581581314929851878e-01,6.599158724869920167e-01,3.714023677233325715e-01,2.279901578803218698e-02,2.912441462406201165e-01,3.446405833129015939e-01,4.099953521963982106e-01,9.875038022480469024e-01,0.000000000000000000e+00,-1.914971867622531909e-01,4.146814529499271984e-01,7.322569585077289833e-01,5.335217416533970525e-01,4.292841012133237211e-01,7.552702215603077640e-01,9.262941415667054201e-01,6.797600538805295134e-01,3.239342479307858458e-01,2.198313812575838078e-01,8.671926541909855679e-01,6.874539934542563957e-01,6.620181520312886647e-01,4.132804268922117830e-01,2.866653654805458029e-02,5.958358718605072379e-01,4.049224283538613856e-01,6.938288243088831520e-01,7.232384331289114510e-01,3.201706232482200432e-01,7.092080234963954455e-01,1.670213418346398054e-02,7.825889676119234251e-01,8.855993567504812924e-01,7.742041356824023168e-01,4.920244294566190058e-01,6.724581466460795298e-02,6.609049427311881608e-01,6.434934368412341676e-01,7.925401137378574878e-01,5.211598511091117825e-01,5.545278094955428116e-01,2.898374335849644434e-01,2.585245980456699622e-01,4.608985163185320144e-01,4.219188969368694586e-01,6.982572914547678922e-01,5.388157606572854252e-01,6.850318998738855747e-01,-6.443503192544330904e-02,5.072621277855554611e-01,7.159937691340545474e-01,3.241684031722428805e-01,9.266004223312936938e-01,5.050850155152287746e-01,7.064668277200117918e-01,4.914009266464666736e-01,7.803367740140845221e-01,3.512050007136918728e-01,5.343752521382398868e-01,3.400087308904023442e-01,6.949187623192719654e-01,8.904101074392311022e-01,5.192025244404160356e-01,4.783145303423325667e-01,9.808908193838202783e-01,3.063745102889297023e-01,3.584708178856996774e-01,4.435768993775847657e-01,-1.613246724134068943e-01,5.481146500954143796e-01,9.629417625072718145e-01,9.511523798686093434e-01,6.265651665586098318e-01,6.570950711265723942e-01,5.207711761697298991e-01,5.799481023908729105e-01,5.996830918001042621e-01,3.346581302455320373e-01,8.655689032408778738e-01
7.423571651040814512e-01,6.109568121950713637e-01,3.980230316254497192e-01,7.927820811619565866e-01,5.430136462413118759e-01,7.878265226692542367e-01,2.261936148295947968e-01,7.004988154115227017e-01,5.697438210326689623e-01,3.005712938535145540e-01,1.143501724603234737e-01,5.829536639387591368e-01,6.438332603316618830e-01,8.195312481792601522e-01,-1.914971867622531909e-01,0.000000000000000000e+00,8.123649925595163301e-01,4.814846934460969563e-01,3.496873890745821889e-01,5.476507217464243737e-01,7.941185054611232808e-01,4.113098834545586002e-01,9.952551122020650287e-02,7.720074887455253831e-01,7.276483031653584455e-01,6.086949565236927651e-01,7.179711261572291336e-01,8.552250287225173775e-01,6.122579852546101709e-01,4.900844679291276318e-01,2.467746323010413245e-01,4.011880322538923238e-01,7.626781511894592525e-02,4.017761604775234030e-01,3.502240133121171661e-01,4.216089958243820490e-01,5.468465857789075457e-01,2.112568284038650324e-01,-1.600971543446333689e-01,6.180019461663881497e-01,6.856485325911805262e-01,7.278715042629537724e-01,7.133696138482287230e-01,6.212870770723913916e-01,8.273016964561467068e-01,6.992341567747422104e-01,5.860163122413892811e-01,3.570148451600650419e-01,5.623437224114440358e-01,5.266380736046734068e-01,4.538462630390575625e-01,6.414037905490161950e-01,7.311392968696990291e-01,6.762035757637471223e-01,7.687686983549193442e-01,6.722553430554112364e-01,-6.829984663897600838e-02,6.223133519684405091e-01,8.606274892455917369e-01,4.515567289998875800e-01,6.049776372004503910e-01,4.241267863559391449e-01,3.566605978839388902e-01,8.488127987049401968e-01,7.152629693693632884e-01,8.022461050633229451e-01,3.690439315815453591e-01,6.001286518183603924e-01,5.325346768581227241e-01,1.656244058132615715e-01,8.731147452162625333e-01,7.545802891401434120e-01,2.023577691097069864e-01,1.253863148402270811e-01,2.251399761489820406e-01,5.409227004305197095e-01,5.012470910058646201e-01,9.839907403601898528e-01,5.199901163477593791e-01,-2.190336001157802137e-01,2.949011374071306424e-01,7.935736049486633581e-01,7.382510080662184615e-01,1.140503054587967552e-01,5.274630497117407391e-01
4.237354946777325271e-01,7.535974330754906525e-01,4.915989453475250182e-01,8.556347730373313754e-01,6.115077628620405603e-01,3.925272666171903957e-01,4.022021813688381742e-01,7.030356222974438740e-01,3.831293264910121676e-01,7.072116275118172091e-01,4.920634280291872886e-01,9.432323036153958951e-01,7.905089517348887762e-01,9.587308910271319373e-01,4.146814529499271984e-01,8.123649925595163301e-01,0.000000000000000000e+00,6.944442463903588436e-01,9.262777454830500856e-01,6.836263684248172767e-01,6.299263335442164546e-01,1.207797502351741839e-02,9.312614897827822258e-01,9.228377194495949176e-01,6.672861350171270800e-01,3.354950582729871456e-01,6.915175462850062793e-01,6.988109402849130847e-01,3.818675434404044111e-01,6.037369733865645405e-02,2.466903772192005351e-01,7.188207005978156094e-02,6.716955681348665275e-01,5.848703372383644572e-01,2.535813761676435907e-01,4.977584275209491205e-01,5.473521358556823202e-01,5.211318945544477499e-01,7.776261611486118275e-01,7.605221754622698560e-01,3.168228955748462194e-01,7.341332123987649450e-01,9.231920417043093519e-01,6.705228499636662898e-01,6.456447509027468667e-01,9.516653304038987793e-01,3.324847488778730903e-02,5.904110694351057953e-01,7.663254554083630543e-01,8.752470384477490928e-01,5.774674496496556841e-01,9.079352882947678838e-01,8.541784406531038876e-01,6.871629399513480285e-01,6.389864878847096863e-01,4.861954660800149597e-01,7.408164724897177145e-01,8.805476468958518543e-01,5.806517930250945092e-01,5.989317237306153174e-01,7.145680097765679806e-01,8.236016604746952963e-01,6.516872169816179117e-01,5.042961930757891009e-01,8.697687464418578651e-01,8.156484369578450577e-01,7.927555055230578462e-01,9.809341472708168475e-01,9.693478411123107596e-01,5.805280726050142670e-01,1.817411386593341671e-01,6.603557620569404651e-01,2.252728903301083607e-01,4.216032921561212454e-01,3.296146768892598278e-01,7.513144551610662081e-01,4.447926913680366745e-01,2.502328461920647618e-01,4.850903485156544681e-01,3.348077776648581971e-01,6.588406967752076238e-01,6.132979303807979399e-01,4.998864152417190065e-01,6.084440724469969419e-01,2.434053824667454513e-01
8.058734944752414808e-01,9.023296390416618573e-01,8.705366232632967272e-01,6.179779315134015238e-01,7.264086836964092075e-01,7.433874248826177755e-01,5.026217103605730152e-01,7.600949692184580941e-01,2.926154159947711997e-01,7.235919192439397296e-01,6.303305099711474790e-01,6.617438717308551377e-01,5.729690968767174875e-01,3.864816492863272224e-01,7.322569585077289833e-01,4.814846934460969563e-01,6.944442463903588436e-01,0.000000000000000000e+00,3.277403446790890240e-01,8.168780254739099744e-01,8.705758391747168146e-01,9.867430515669042279e-01,5.855804441868651677e-01,8.813010221634969277e-01,9.129984394136316794e-01,6.553871038567482543e-01,3.562879087110650822e-01,6.658294368748784997e-01,5.812664986446792748e-01,6.304598301519760417e-01,3.240434898729253055e-01,2.183106403308825161e-01,7.002405223229903886e-01,5.208962975009435725e-01,5.469988720759504375e-01,5.383574116363202267e-01,3.788382983418446814e-01,1.855772461226277703e-01,9.345290498379723587e-01,6.923529113043757066e-01,2.419470830754174018e-01,5.345145611625604642e-01,9.181132604336825764e-01,4.466329330947979570e-01,9.958850902731049004e-01,7.063693257022939376e-01,7.913107180110903194e-01,6.682995014667972855e-01,4.430644399186742244e-01,4.182635219505581037e-01,4.426717195003064265e-01,6.465952776553286485e-01,4.639610394450830455e-01,5.418081360080908571e-01,4.199185599414814729e-01,4.728700555100769920e-01,7.277760438982272539e-01,6.423917969619578061e-01,2.802930428861873380e-01,5.285206783029318123e-01,3.847652676137517380e-01,9.897061554109495285e-01,8.273549044654328055e-01,5.781747648461048605e-01,9.155757811321910689e-01,5.675252466145748187e-01,7.431347956763341145e-01,8.891332115465271357e-01,2.011177430429438306e-01,7.199758494896237870e-01,4.067346061048119354e-01,6.102193711896157780e-01,8.952850647745579094e-02,2.148028128557315508e-01,4.707520752026129185e-01,8.752114231479084516e-01,6.032512947647642454e-01,2.193362175019672455e-01,2.659633096665648955e-01,1.389485728380300544e-01,6.253562492332609413e-01,9.038210484958093538e-01,4.674764070387404935e-01,4.463624712730097088e-01,6.318545060747672304e-01
