0.000000000000000000e+00,5.873659219771922846e-01,7.214052807270339152e-01,8.583188579721645617e-01,6.704565775182353971e-01,7.215013606081909225e-01,2.807700152907848801e-01,5.024624763540450623e-01,6.508508487573048118e-01,4.173482139972761185e-01,4.357800322253027048e-01,7.367423236170624889e-01,9.897128014643625793e-01,6.134986582330019811e-01,3.596616176829892098e-01,4.281964954297651227e-01,6.725920970939538446e-01,9.914948063312823967e-01,9.610554922548133483e-01,7.775430177683977373e-01,9.916399518500921273e-01,9.586715720562590803e-01,8.529796042241526433e-01,7.157842460243769578e-01,6.985440277933958608e-01,1.128739267314341765e-01,6.735079066092328759e-01,8.312859478328414875e-01,4.629685471846856082e-01,4.868722911013286803e-01,6.550801565630279821e-01,8.674248158081430127e-01,2.771409324138347507e-01,4.942495873009619123e-01,7.814179628314663617e-01,2.298274747619398206e-01,3.350056131954839977e-01,5.800219456050412781e-01,7.211365190855312246e-01,6.186144845411242210e-01,6.519969659468758394e-01,9.947025060205069158e-01,6.343983854231887154e-01,5.170510142900558437e-01,4.948903560939163504e-01,8.951685999861219711e-01,5.715660381758308484e-01,6.140496685082914574e-01,6.245391362983634398e-01,6.554660099148215124e-01,6.343254911220289616e-01,5.091623720529511177e-01,7.586536831591554897e-01,6.319376085454521119e-01,4.007404611799199046e-01,5.123702497498103803e-01,9.880801018502948230e-01,4.518411421478722434e-01,7.923958489434815289e-02,4.090409622946070689e-01,5.556190000735652390e-01,6.722685894205188140e-01,8.212666901776702888e-01,8.108485593536950420e-01,7.397344678762823866e-01,9.404436291995881270e-01,3.197965984584169585e-01,8.686829450720410239e-01,7.906145584154748995e-01,2.363343606831237176e-01,4.693650250772268273e-01,9.691033808061267907e-01,6.346937024467376176e-01,4.852077147097632048e-01,4.480258502345180749e-01,7.660446360239812069e-01,5.185662750282024058e-01,3.524824963265215660e-01,2.906015071030972341e-01,2.684941068689313814e-01,7.814516242827387327e-01,9.057207815325848399e-01,9.284432285425721076e-01,7.501341369130272163e-01,9.056762565041763802e-01
5.873659219771922846e-01,0.000000000000000000e+00,5.860871813525783125e-01,8.726190342947754974e-01,6.565300335656394370e-01,4.656599656940649257e-01,4.633061036222529960e-01,5.332798598416085278e-01,1.741326797139759394e-02,6.072432767049564806e-01,8.719190884839358446e-01,6.087266194981645340e-01,7.982472338529134070e-01,7.003851247661866397e-01,4.629749807346320578e-01,2.502696664782264740e-02,7.515360176284946458e-01,5.168870514580847786e-01,6.299244643132085875e-01,9.406417559236304182e-01,6.039765093203522950e-01,6.831889585782972008e-01,7.008018126437791651e-01,5.393109169292260585e-01,8.924117815419273514e-01,6.125417022837931214e-01,6.675559552941043862e-01,1.240616601564927847e-02,5.417937372104578708e-01,3.806162300575322011e-02,3.754961939647096791e-01,5.314509783898434536e-01,7.844070329863389590e-01,8.934035015387702394e-01,5.788447266055058993e-01,2.255070526143967968e-01,4.682129170562536746e-01,3.641601883991478772e-01,3.715332298464070759e-01,3.799514985137891210e-01,3.883416426491479445e-01,3.877793007247667401e-01,8.025699047231208416e-01,5.777485375000014356e-01,6.849561983670177101e-01,7.923146147536106465e-01,7.518212397753969434e-01,8.484584459926871602e-01,3.644499504187362904e-01,5.851570324842083615e-01,7.863642145986912135e-01,5.975461343668040382e-01,7.725842754843226245e-01,6.183970527927858951e-01,7.893601136342187630e-01,6.493730014613332546e-01,4.417561737309109726e-01,3.223881193701190750e-01,8.298131763645172354e-01,6.075768470788378561e-01,3.809576811930359685e-01,9.686259242736876551e-01,6.595946895790568698e-01,6.621200867784059474e-01,7.738206137949056318e-01,9.345083418409041442e-01,6.853712460265429796e-01,9.728779717956564932e-01,5.178732525618947591e-01,3.126280171788538009e-01,3.114739070182981351e-01,7.780722819063468076e-01,2.381719163919693016e-01,5.222527732105826104e-01,-1.730678949312141890e-01,4.364757994887671355e-01,7.073124152325680480e-01,8.686627883348141399e-01,1.448139373234038629e-01,-3.008286696699568608e-01,4.537218933682747313e-01,9.768076059250681009e-01,7.676673422097687327e-01,2.342997604252857191e-01,7.925884575482661232e-01
7.214052807270339152e-01,5.860871813525783125e-01,0.000000000000000000e+00,7.110883104922516296e-01,9.826640170813112363e-01,6.748893063761731703e-01,8.087252324565076256e-01,9.370960532513662455e-01,5.373350047995217871e-01,9.202111462516113782e-01,7.185936783843802633e-01,-1.660304822270389224e-02,1.364928545984480691e-02,7.102164398793506805e-01,9.936402088850116998e-01,5.651032125660879757e-01,5.621356003492583575e-01,9.880601056005600125e-01,6.465698914829923760e-01,8.324793873240883268e-01,9.350590604256270311e-01,6.895763188313026593e-01,2.225619547361756823e-02,2.939151771070116492e-01,6.323698475843826383e-01,7.130248707120634410e-01,7.632870501892515813e-01,8.336679317293861358e-01,2.065210285469935014e-01,3.671565548063960849e-01,4.918874482301417439e-01,6.376215454443311392e-01,5.155237110876119688e-01,6.250788787062387941e-01,5.074204154324131189e-01,5.946758503611666580e-01,3.883952755493198794e-02,5.357942346959806423e-01,5.137157871836516287e-01,5.544878864593560941e-01,3.755705603153510763e-01,7.334334935588413540e-01,8.924199483216892492e-01,8.541259289715806835e-01,8.898426503123423315e-01,7.141295960004216958e-01,6.121331663252655986e-01,8.269066443179104997e-01,6.513820454760530509e-01,8.847076995290324986e-01,4.825827944959745208e-01,7.017639895008791484e-01,9.349970131495023429e-01,9.692435666591532606e-02,7.524580561246339006e-01,9.612295433047134408e-01,9.744327375368635469e-01,9.376005287478103023e-01,5.927871985633786922e-01,4.887483154036165178e-02,4.008555779465118873e-01,6.958222102528125452e-01,9.655896384477794525e-01,8.523013948132774908e-01,9.977388171969291397e-01,6.653882930163753651e-01,9.601406311086426726e-01,2.889200944261430815e-01,4.577060407727170932e-01,4.568537211658449393e-01,7.174918699440515635e-01,7.160373849973717952e-01,5.193878497604106359e-01,3.616985367133072060e-01,3.373212626290882366e-01,6.797713072868925011e-01,8.386013245069904309e-01,6.695453100476013164e-01,4.945990325782106956e-01,8.221220708145303424e-02,7.644778164183576585e-01,7.800380767856212039e-01,7.613117768347325010e-01,9.435844738664925790e-01,6.632865892806621977e-01
8.583188579721645617e-01,8.726190342947754974e-01,7.110883104922516296e-01,0.000000000000000000e+00,5.148798817948241346e-01,6.077728589049912200e-01,6.896660136743310021e-01,4.455698796570412568e-01,7.969880349995643876e-01,7.580225984977304599e-01,6.747962979427916119e-01,5.727729268304493360e-01,7.877248147665960598e-01,5.955694016257653267e-01,6.191897858699654256e-01,3.137918229133249692e-01,9.561508152029045693e-01,2.762788771584755443e-01,6.315147661032149973e-01,7.922416028555556711e-01,3.724187711026217817e-01,6.671638430992242741e-01,9.471045757866304315e-01,7.392339327574484198e-01,2.526676645675955957e-01,5.308395938945731363e-01,8.423540049369504512e-01,8.145035640871665095e-01,7.738712727980965322e-01,2.574490327756050467e-01,2.323949275041924944e-01,2.391334674218093814e-01,4.300046684243071238e-01,7.849823434125902111e-01,2.984819215815380788e-01,6.577150257159423974e-02,4.066300903002590394e-01,2.764948102536635699e-01,7.558661253665476254e-01,9.711670705101586032e-01,-2.083451843848297402e-01,7.036670648907892289e-01,6.264466482234172240e-01,7.961689717493645180e-01,7.381643887119534453e-01,7.557364305438482033e-01,3.068665640727439303e-01,8.842436408867149211e-01,5.779807548257543948e-01,4.298469506467171297e-01,6.043687661633735386e-01,9.218996709211669804e-01,7.147438596283197665e-01,8.536229879545268462e-01,7.104631366066694875e-01,4.700380621506995427e-01,6.579886996212811479e-01,7.018299428608016921e-01,1.077842661860446416e-01,4.100845145419437787e-01,5.949697309537571588e-01,5.460787235349573443e-01,4.184386698518295367e-01,4.799052107631613384e-01,4.407668344272684391e-01,4.491632543207957906e-01,8.828028507153236060e-01,5.362930499921332306e-01,7.381326765366050813e-01,8.291061511059392153e-01,3.719884034078259072e-01,5.881945162584810705e-01,3.018533504886424801e-01,2.453256847468737178e-01,4.344504428249250094e-01,6.618655215425764959e-01,5.842575220845293016e-01,4.335008340796914217e-01,6.602276298226834872e-02,2.000966543220362159e-01,2.721396280781971377e-01,7.981978518210079976e-01,6.361361036935884172e-01,7.994746821469974618e-01,6.398509347673239089e-01
6.704565775182353971e-01,6.565300335656394370e-01,9.826640170813112363e-01,5.148798817948241346e-01,0.000000000000000000e+00,2.670733441753735948e-01,6.758942564951736509e-01,3.978168507719272995e-01,7.194479435866434347e-01,2.810930101566810335e-01,8.529931550473945912e-02,8.185441291416654108e-01,7.478734959986329534e-01,7.985989411658009907e-01,3.959196339237465168e-01,6.771043048112498353e-01,6.897527266694523096e-01,7.810512993389215897e-01,9.454311902879278806e-01,8.037800024297200308e-01,8.540346525204582928e-01,4.465494377839338003e-01,6.085516712856912092e-01,9.692106030948985929e-01,3.710283316073305082e-01,4.907100311733365028e-01,7.113782332337441616e-01,5.027414645959620287e-01,2.179811685826504031e-01,2.656130522647062175e-01,3.223118356171122967e-01,5.907244488652869663e-01,6.505061115637672531e-01,4.488128012350244833e-01,6.703292286837109204e-01,2.433412192879145786e-01,-1.079664794296161801e-02,6.144702520605215268e-01,9.816800733060485618e-01,8.094729002613583191e-01,4.259257876780246366e-01,7.834082984304115982e-01,1.888000767092924415e-01,4.056938425515489444e-01,5.159615910880420708e-01,4.375425185630321123e-01,9.176721201407886941e-01,6.079548463912117784e-01,5.656269519958542213e-01,7.436648845230439120e-01,6.665944750581951350e-01,2.830286783290956176e-01,7.401537774367081823e-01,4.361645104763114400e-01,7.949838605815386927e-01,9.239074187828026918e-01,5.151190530200085993e-01,2.245431759802558880e-01,9.609308014017265975e-01,4.018820332074688473e-01,6.122442223682597051e-01,7.823931503859460346e-01,5.590648986330889469e-01,7.330003171927044203e-01,6.325974526936708475e-01,2.225451984185941867e-01,7.871990068474613578e-01,8.389667149113476663e-01,6.413886277368124889e-01,5.254245827891921294e-01,9.749173496177547804e-01,5.495389568635971056e-01,3.232587834218502709e-01,-1.090316817206496980e-01,-1.643114130797620476e-01,7.172309060113460921e-01,9.005896683661708257e-01,5.118839354867309455e-01,1.681341477016803643e-01,1.163244438931654301e-01,4.008684936829211010e-01,6.378099557448493329e-01,6.438349285878718353e-01,1.643234805924508601e-01,1.226924564712039145e-01
7.215013606081909225e-01,4.656599656940649257e-01,6.748893063761731703e-01,6.077728589049912200e-01,2.670733441753735948e-01,0.000000000000000000e+00,4.632632779735252337e-01,2.410676461437887275e-01,6.756640521021538559e-01,7.914446493426876561e-01,4.386960273589799453e-01,1.642337153954685491e-01,7.729648725514344232e-01,5.281209907875522580e-01,7.112169513054068526e-01,4.914262481657712955e-01,4.054027348624729687e-01,-2.139818067161125825e-01,6.484019686718138775e-01,9.604289506442185154e-01,3.708812949264396197e-01,9.746521321013944528e-01,9.737463563921345822e-01,8.705105985781501632e-01,4.902440361385777545e-01,6.943973568937158447e-01,8.719507619708668500e-01,8.094292581498571115e-01,2.720895289512417214e-01,1.118325176661160852e-01,-1.503338430618300081e-01,3.646386241885354318e-01,6.772309909024518682e-01,8.716437772794775052e-01,7.761757089150688182e-01,3.103005733474494265e-01,3.433322093562646837e-01,5.669188359607845173e-01,9.341252266542781069e-01,7.358250539803530277e-01,3.143816618993257039e-01,6.375748045111973017e-01,6.615461671198817895e-01,3.572635856408462596e-01,6.850244180992060006e-01,3.378253939214755919e-01,4.444427416741546510e-01,7.214515163734050995e-01,7.349377484978049102e-01,5.712633405477272053e-01,5.144812472749552557e-01,4.204293060657027237e-01,4.682059130074989750e-01,9.327560123683239501e-01,9.532056428815591786e-01,5.183066201631134629e-01,7.643189448627034643e-01,2.563387083957515133e-01,6.018594762998956682e-01,4.598677590021940653e-01,5.227362378464021075e-01,4.120513818717979060e-01,4.569575592861651048e-01,4.433877909294755004e-01,4.709427602422480708e-01,2.538015184783150580e-01,5.520193776915690576e-01,8.273866046724833723e-01,5.342395136846060932e-01,5.756416604280714111e-01,6.120933322560776491e-01,2.262931000247673519e-01,4.709572189149130450e-01,5.215337951910808956e-01,9.024423851145707554e-01,6.158170718408524369e-01,5.205162045109892333e-01,5.800908818081020879e-01,5.222849296721666645e-01,-1.542745322465819968e-01,7.167237328832339882e-01,8.931003406844220116e-01,9.668506970482804164e-01,6.238152747174494778e-02,6.895482244595624310e-01
2.807700152907848801e-01,4.633061036222529960e-01,8.087252324565076256e-01,6.896660136743310021e-01,6.758942564951736509e-01,4.632632779735252337e-01,0.000000000000000000e+00,2.908459580629345620e-01,1.838832114354986835e-01,5.754027308317753997e-01,2.981352352102813463e-01,7.925513216773667491e-01,6.340025724522173611e-01,4.436446602731354827e-01,5.305866275118238384e-01,6.061920119537886897e-01,9.175336236180259286e-01,4.533583012645825971e-01,4.900981376799731226e-01,4.272099987097983664e-01,2.051771984290387540e-01,5.523823434663166498e-01,7.659697847660071890e-01,6.155525284401630604e-01,2.699662769904599968e-01,4.270516423655847937e-01,2.247048768501544169e-01,5.375139263922271704e-01,3.766899249522425164e-01,2.082598256830807959e-01,5.551083503871868663e-01,-1.644286814677137776e-01,2.861560025179766820e-01,6.147076028894962185e-01,5.371609505594072687e-01,5.113201358651742190e-01,2.379276608661058667e-01,5.801461928103568422e-01,5.552684246255923384e-01,4.964175496491100570e-01,7.031268354708707369e-01,5.906064708800327079e-01,9.924416101002724311e-01,5.582231662081109658e-01,7.189636363471909597e-01,4.955070013754758751e-01,1.856146448135536156e-02,3.548604324868716575e-01,5.939330305400332133e-01,6.200498202287508809e-01,3.877002878499520300e-01,4.083434387932473042e-01,5.029768442293249819e-01,7.310847940146456558e-01,2.279768682784906741e-01,4.339856997492250179e-01,4.931428614968685897e-01,6.058875356831570080e-01,-1.564098570132323451e-01,3.767034083019265012e-01,4.720661632866516300e-01,7.109377371800761347e-01,3.069904161702463052e-01,9.644248070683609786e-01,8.541549390605742698e-01,6.955265911347333629e-01,7.969491514854866177e-01,7.698802287374494346e-01,5.618834164510888574e-01,5.192943553843849536e-01,3.417026479875413525e-01,9.098997214799126043e-01,5.253735748890530077e-01,2.877520630811942204e-01,7.410805076818088866e-01,5.494671635661110276e-01,7.229050236273801833e-01,7.806292542011695756e-01,5.232524728888582333e-01,3.931755623962652768e-01,2.457600961843398324e-01,8.305668826205638844e-01,4.678967952908136829e-01,2.216283609268690502e-01,6.825818232423382925e-01
5.024624763540450623e-01,5.332798598416085278e-01,9.370960532513662455e-01,4.455698796570412568e-01,3.978168507719272995e-01,2.410676461437887275e-01,2.908459580629345620e-01,0.000000000000000000e+00,5.922583073818518118e-01,2.080505784428072491e-01,5.810460900925644712e-01,3.693541360434751675e-01,7.651842838212037368e-01,5.101892033155590589e-01,7.715550626702184500e-01,9.647894608231852853e-01,9.283869443393129028e-01,9.014092711654318746e-02,1.595476430693962833e-01,6.799731168563756256e-01,7.222414217974773010e-01,5.428248870418959093e-01,7.932517353107165770e-01,7.923142893733317038e-01,2.416463806053266716e-01,2.708058845770233702e-01,3.076384698113835969e-01,6.375363953907986492e-01,2.127565140128900023e-01,4.865054645097957042e-01,2.258167104329847907e-01,5.174954145921756288e-01,4.056898088445740624e-01,6.094916486770545205e-01,4.336160234846725414e-01,7.669812159361752979e-01,4.859628684506397955e-01,6.552370320141834847e-01,6.417009412980809735e-01,3.816455841276611416e-01,7.037053835818738445e-01,6.259101797195779637e-01,7.251444239440180128e-01,2.348512228007651192e-01,7.551900245269939083e-01,6.796425042128125815e-01,7.717003165862547087e-01,6.749819920511737625e-02,-9.577705895161775507e-02,9.846974799493896091e-01,3.498593640144433414e-01,4.134154114192340468e-01,2.747578412588492780e-01,7.632347247902930842e-01,8.411736175767503543e-01,6.476827002877142414e-01,8.511344626736927488e-02,6.538255372468343429e-01,8.136250039592445304e-01,6.974507107983841658e-01,6.321035783519569629e-01,6.910681037695276530e-01,4.476966173225637169e-01,6.323923782518708903e-01,3.106050735495846093e-01,5.999481370381147816e-01,5.457562807834033247e-01,5.809075079688358345e-01,5.368683380549161832e-01,6.516444316534418801e-01,8.960105841928891479e-01,4.608075328171253870e-01,1.211134224956560979e-01,6.988600616007719646e-01,3.632379187128090825e-01,5.652024141748338559e-01,7.859668062185872772e-01,7.114456420287601501e-01,1.473566940021809879e-01,5.528563053835400254e-01,5.583737513624520421e-01,7.899472595266870956e-01,6.227284414878816454e-01,1.188768678876277046e-01,6.962472757131961121e-01
6.508508487573048118e-01,1.741326797139759394e-02,5.373350047995217871e-01,7.969880349995643876e-01,7.194479435866434347e-01,6.756640521021538559e-01,1.838832114354986835e-01,5.922583073818518118e-01,0.000000000000000000e+00,4.189489867840653359e-01,6.719060480963851001e-01,7.032175711018807673e-01,4.131053698856209655e-01,9.283713533247538452e-01,4.486650048910056365e-01,2.186041683571973704e-01,7.130400308135821374e-01,5.891271537783611123e-01,4.166231813256330296e-01,3.616520921726655291e-01,8.798575193549413864e-01,4.229919143697533634e-01,4.430513384688576917e-01,6.274965133135769202e-01,6.361408697964150427e-01,4.230669483810777232e-01,2.766949572815687874e-01,9.540981942033912588e-01,3.085489295695372225e-01,5.766422406353128860e-01,2.192172496776685908e-01,3.525825067093137921e-01,5.084956302587562149e-01,2.419795401028930482e-01,6.063496417099938363e-01,5.809782148709145000e-01,2.416924014720122638e-01,7.201483120467618848e-01,8.880553460257977205e-01,5.165880285106531078e-01,2.078116892065184906e-01,4.196683820652501451e-01,7.308635546211611489e-01,2.082343191295466522e-01,7.752137548806402600e-01,4.410671655243001421e-01,6.490984833799092746e-01,5.461565773483264552e-01,9.769497979662391529e-01,7.219660890682939591e-01,6.912652093599536141e-01,5.695079104040566831e-01,5.927719998704468196e-01,7.566245760704183310e-01,7.057620250170649756e-01,6.806732066597492858e-01,3.486708044839035292e-01,5.690044159056965034e-01,6.139767483267927206e-01,2.186667585290021920e-01,1.803762554098502224e-01,8.007107855527219042e-01,5.276886962683585702e-01,5.925456293173798905e-02,3.347880299480172628e-01,4.921750823006670328e-01,4.434964583700741758e-01,9.970819180699149742e-01,6.309049767753291960e-01,2.790556079778944154e-01,6.660406361777160278e-01,3.966337765583665687e-01,2.466110503508836260e-01,7.397967262671053534e-01,5.916728260037383835e-01,5.450088344184816913e-01,7.364044722352807160e-01,7.823283445031572469e-01,3.086082361734012736e-01,3.252031723542050390e-01,6.256394695376193971e-01,7.813325065709659789e-01,7.597009242965621079e-01,7.076791134381472670e-01,5.103056027130935535e-01
4.173482139972761185e-01,6.072432767049564806e-01,9.202111462516113782e-01,7.580225984977304599e-01,2.810930101566810335e-01,7.914446493426876561e-01,5.754027308317753997e-01,2.080505784428072491e-01,4.189489867840653359e-01,0.000000000000000000e+00,3.526631841517872679e-01,7.205458098299628578e-01,2.157552168098047507e-01,8.509586889165344781e-01,6.205999559463407644e-01,6.036963578993237434e-01,5.255502123680305671e-01,7.646467054114348683e-01,3.345824413940565734e-01,8.016103872086483006e-01,9.926744244021302732e-01,6.430314405633275054e-02,9.771183078201832739e-01,7.171381445747403438e-01,2.474259609939238880e-01,7.042617975410110365e-01,5.328716590617915000e-02,6.572749334491767570e-01,4.117360656405048558e-01,6.047833403924113282e-01,2.355212017817050751e-01,7.997835809762681158e-01,2.175717211516914329e-01,1.759746190215915052e-01,6.947850686380321328e-01,-1.469593735001948065e-01,6.651254893935458767e-01,8.608199723895817446e-01,9.191432407798681981e-01,8.701777954916055657e-01,4.743948881814192831e-01,7.633010996819010741e-01,7.847336753307886381e-01,4.283396832987584890e-02,9.754156466714205553e-01,9.318421482090104568e-01,9.374164910405639040e-01,5.426054727964242375e-01,2.821879961654866209e-01,4.224697235476730373e-01,7.995323946296060136e-01,4.007436425040275529e-01,4.836426634636522559e-01,8.904738077057889889e-01,3.538489246447959480e-01,4.812376355187481525e-01,9.344454290128786367e-01,5.095379164877698042e-01,4.742017445035351386e-01,7.226311564410394794e-01,5.049785681010120486e-01,4.356572308785945924e-01,2.204932709142198299e-01,8.852031744732977714e-01,9.270888313817737814e-01,4.859061301957374734e-01,2.062243056846828626e-01,8.629836424277043117e-01,6.317812565783432754e-01,4.778867152338460711e-01,8.728367402264699537e-01,7.715890299154873899e-01,3.164376397406361285e-02,6.314618312527030264e-02,3.899460715612621531e-01,6.516622563328193785e-01,7.799436058182107612e-01,3.968985457209178169e-01,5.731506595355740918e-01,7.886699798795284710e-01,7.826564911603297592e-01,5.822969637053745373e-01,6.425229175195508180e-01,7.812897113090582213e-01,7.212790012752700042e-01
4.357800322253027048e-01,8.719190884839358446e-01,7.185936783843802633e-01,6.747962979427916119e-01,8.529931550473945912e-02,4.386960273589799453e-01,2.981352352102813463e-01,5.810460900925644712e-01,6.719060480963851001e-01,3.526631841517872679e-01,0.000000000000000000e+00,5.824164444847546029e-01,7.526939891823715145e-01,8.053518471371576837e-01,6.922474950337198507e-01,7.366027092599524151e-01,3.385847246370387587e-01,4.924377069585756939e-01,6.839484781542765068e-01,6.457550652408037273e-01,8.941441277679531563e-01,7.991192623333983613e-01,7.622570808263425812e-01,7.250820607342121082e-01,6.929523880657776358e-01,3.930435311176160296e-01,9.850971800044815152e-02,6.545572248834545803e-01,3.995960142138343940e-01,5.184191082059316225e-01,2.330096588208037944e-01,4.039620316226703589e-01,6.970751518163228466e-01,5.803783411865812703e-01,5.498629510445218749e-01,2.593230084147741810e-01,2.944484825140276651e-01,4.162785539415458924e-01,5.942008068873028126e-01,5.845099405615917787e-01,4.006748877377264151e-01,6.970767444436789528e-01,8.545776810619977182e-01,2.218237716200868459e-01,9.578375642802126055e-01,6.934935523611810426e-01,6.463212000036158145e-01,4.998660768066188198e-01,9.841360710208207907e-01,6.972505447482251206e-01,6.558207200148892246e-01,8.551748159209735523e-01,4.764112864970159178e-01,2.228124327872982591e-01,7.994567880204458410e-01,4.894111006906617378e-01,6.772967191090121242e-01,6.329719466470757894e-01,2.495892667076181071e-01,5.644976428828299975e-01,4.253039551519937067e-01,4.558518340975824534e-01,3.919615137114309533e-01,2.122769432275783685e-01,6.837837236908520522e-01,6.410359365463873527e-01,5.116469046304070734e-01,6.091515504071741693e-01,5.075134261714706607e-01,6.923186302004981085e-01,4.514863388882757733e-01,6.920159389935404137e-01,8.515993695064499880e-02,7.120837612130785921e-01,7.995569201158307937e-01,9.370500682131368553e-01,7.279012334120588124e-01,4.681480611896808863e-01,4.731185089648004549e-01,6.286832720432296018e-01,3.237434596163220601e-01,7.299728858880564220e-01,7.669599294607558626e-01,1.956540170310808180e-01,6.738503547987353404e-01
7.367423236170624889e-01,6.087266194981645340e-01,-1.660304822270389224e-02,5.727729268304493360e-01,8.185441291416654108e-01,1.642337153954685491e-01,7.925513216773667491e-01,3.693541360434751675e-01,7.032175711018807673e-01,7.205458098299628578e-01,5.824164444847546029e-01,0.000000000000000000e+00,6.062915799686566798e-01,4.133675014113827317e-01,5.780883016532889496e-01,7.961165896056596747e-01,6.351215413904779394e-01,9.946523897412666848e-01,2.493885665396317064e-01,4.447892305208099306e-01,8.668860483230999003e-01,3.393428640020399456e-01,8.127538817850969988e-01,6.659878765946801726e-01,6.054094181593081547e-01,7.948389565714715221e-01,8.728497488415165595e-01,4.836820578482016186e-01,2.587813130089906544e-01,7.263955123142497028e-01,4.060772348820285704e-01,5.291227781825602605e-01,1.730218686942521997e-02,7.165823752917646061e-01,7.900121117016192240e-01,4.760100804658120577e-01,1.390025152500659611e-01,1.042209329640921868e-02,8.460962513664345153e-01,3.173538708848186451e-01,1.941767032777713675e-01,4.076908736549971768e-01,5.229339569072906091e-01,9.482441219671164934e-01,7.001585462151166395e-01,4.621073339536669322e-01,4.225703538657090697e-01,3.698072314971237451e-01,6.715748853736270840e-01,-1.083849624726472560e-01,4.227114766968934068e-01,5.184456409932378662e-01,5.758290793539698749e-01,4.731991211365775274e-01,6.785633282270414623e-01,8.856681791167005935e-01,4.649771881660998973e-01,2.597220347751336700e-01,9.887629389129818369e-01,5.804073426387348356e-01,4.271435639854389565e-01,5.167269341736753230e-01,2.101118767424989542e-01,7.505506196237075045e-01,2.498679452620469199e-01,3.093468558893771592e-01,9.128822260668448818e-01,7.017889189012930240e-01,5.155442574506935438e-01,9.320467275101321780e-01,7.584154441863599772e-01,6.860307125688159813e-01,2.818763490349722733e-01,1.275458771973961014e-01,9.541581723504783952e-01,5.027791829503099885e-01,2.249026564091808345e-01,5.432651026687007612e-01,3.301099248691138355e-01,3.360627526981693203e-01,7.229313552461820169e-01,9.286725874792992608e-01,7.005837268831391906e-01,2.053468081612430940e-01,4.811380592917443577e-01
9.897128014643625793e-01,7.982472338529134070e-01,1.364928545984480691e-02,7.877248147665960598e-01,7.478734959986329534e-01,7.729648725514344232e-01,6.340025724522173611e-01,7.651842838212037368e-01,4.131053698856209655e-01,2.157552168098047507e-01,7.526939891823715145e-01,6.062915799686566798e-01,0.000000000000000000e+00,9.171840437507982058e-01,7.821788967103178170e-01,6.577282524485795756e-01,8.197760575045389686e-01,5.878511783647215605e-01,7.231324382623335323e-01,7.612647717507966538e-01,6.439684098115555644e-01,9.762642362543408892e-01,2.219956550193021294e-01,6.594937076777250828e-01,2.067383760165484030e-01,8.089703911333996356e-01,7.471572244328716916e-01,5.714403589948693352e-01,2.817078143270616009e-01,3.388458288150115738e-01,5.257882127444429843e-01,5.310006299131837526e-01,5.549702025239943159e-01,5.939212985692610136e-01,6.547558100593645625e-01,4.298116337126597908e-01,2.751937277040357732e-01,6.424604888369255251e-01,8.827969356402681766e-01,5.856964529273662734e-01,3.565425587185746537e-01,9.845783211091095888e-01,9.495110543210262266e-01,2.007924726805562499e-01,9.123267605878085940e-01,7.377319735885724539e-01,6.793259131663615946e-01,4.074189815143154925e-01,6.858781308536725518e-01,8.071338191822821084e-01,2.602085816392680773e-01,8.196027936329620678e-01,9.731537806758582265e-01,5.484307650802081602e-01,4.192403969534700403e-01,6.274558252779974810e-01,9.417639096641184926e-01,5.968707265314736610e-01,8.766773984492813865e-01,6.273272406882836050e-01,1.597292526891915809e-01,7.572471072100295242e-01,7.877440329112304074e-01,8.718381286634633298e-01,8.294934049856511615e-01,4.023820251346027499e-01,6.734954555355356920e-01,9.152680716365338975e-01,6.683941808040008148e-01,9.729874813357534125e-01,8.182135356828211803e-01,6.127289770069956898e-01,5.074975266656833739e-01,2.862463058586300346e-01,5.780753849244808507e-01,4.338863295190649172e-01,7.966555659351148844e-01,3.650260294002066752e-01,4.648911507059451109e-01,1.368687440630291831e-02,4.363847158552982552e-01,8.058457596933557010e-01,1.677522728694619825e-01,1.662373287202848215e-01,8.174167605760260802e-01
6.134986582330019811e-01,7.003851247661866397e-01,7.102164398793506805e-01,5.955694016257653267e-01,7.985989411658009907e-01,5.281209907875522580e-01,4.436446602731354827e-01,5.101892033155590589e-01,9.283713533247538452e-01,8.509586889165344781e-01,8.053518471371576837e-01,4.133675014113827317e-01,9.171840437507982058e-01,0.000000000000000000e+00,4.660793034818740965e-01,7.421102562536822100e-01,6.755836414273549417e-01,8.082663673227081791e-01,7.777559756767538079e-01,7.765795682186042992e-01,7.984447470563167393e-01,8.896081604860627268e-01,8.231793553287218845e-01,3.531241770254834877e-01,6.255523027640957912e-01,6.024861327882523598e-01,6.812654224971631534e-01,6.718833959484220575e-01,1.368054121315924188e-01,4.841846377553726266e-01,6.049451463709922816e-01,9.759821531356736024e-01,3.502725973713246566e-01,5.864823597466377603e-01,7.109521074332307844e-01,6.069388317018440393e-01,2.883281913130827379e-01,5.965356692793468696e-01,5.905362111604841591e-01,8.415668743638200500e-01,2.735037637292466739e-01,7.527420344429354149e-01,4.972743643041136474e-01,6.309905859638085257e-01,6.267707603448381404e-01,2.069026431720916714e-01,2.857380946491329121e-01,9.856814095401099651e-01,7.024170493147241512e-01,8.107297903163281916e-01,6.403851626003547182e-01,8.471336617629205978e-01,7.176978673009417609e-01,7.135625870411123062e-01,7.609610248527665100e-01,8.294965586164494420e-01,5.820845460931036719e-01,9.288673122167809826e-01,7.595147116223569528e-01,5.580023492297030430e-01,3.773602320927800235e-01,7.632795875214559711e-01,7.534675602325544563e-01,6.070350759529861140e-01,5.293528888170884183e-01,9.620673362664436401e-02,9.846252724112688481e-01,7.972366966371551289e-01,2.723970899684215463e-01,9.446089944668273342e-01,7.377972819099311019e-01,5.292415183275867019e-01,5.619383102651933637e-01,4.673599602801222774e-01,4.253104448783769920e-01,7.467198556440680646e-01,7.618194092324651612e-01,8.517496378146360847e-01,4.018936367547826793e-01,4.438255779455861916e-01,4.953668429478012558e-01,6.554699954966933806e-01,8.079783742139284852e-01,5.115383810107317908e-01,5.766349649812124722e-01
3.596616176829892098e-01,4.629749807346320578e-01,9.936402088850116998e-01,6.191897858699654256e-01,3.959196339237465168e-01,7.112169513054068526e-01,5.305866275118238384e-01,7.715550626702184500e-01,4.486650048910056365e-01,6.205999559463407644e-01,6.922474950337198507e-01,5.780883016532889496e-01,7.821788967103178170e-01,4.660793034818740965e-01,0.000000000000000000e+00,5.034779037620336073e-01,2.923987474783247276e-01,7.449840417539542736e-01,5.974381237286880975e-01,9.048918385331899961e-01,8.688112899403926948e-01,5.677388281514019752e-01,6.277928887581912809e-01,7.625984660425404460e-01,7.725712925701053724e-01,3.646709014548421557e-01,9.438937300044581979e-01,5.914999526166118127e-01,2.453580351691742600e-01,4.911676298784521388e-01,4.530660647846028732e-01,2.136579521308950083e-02,9.410790271356379577e-01,2.881884040364933730e-01,3.418119859144609363e-01,3.135785181212011885e-01,5.748187907849146017e-01,7.604485712043440593e-01,3.549161888713409096e-01,6.141363188024508979e-01,4.121664405814394194e-01,5.662073351641789820e-01,6.531587910102707450e-01,5.978169357069319512e-01,2.460625466884891477e-01,7.228013857116595275e-01,4.972384338939885295e-01,-1.483228237793561277e-01,7.530448496672530467e-01,7.032990737686597438e-01,5.783256185755529799e-01,9.523725568623064852e-01,2.055929724950363302e-01,5.190443674451288292e-01,9.066781085436868004e-01,6.995187835939686849e-01,2.882315362711548312e-01,2.418591449591456222e-01,9.393381947229517692e-01,7.407753981238996976e-01,2.278699529711560867e-01,6.825184579174382593e-01,7.361552554170305296e-01,9.040288768477765524e-01,2.110611222162235845e-01,7.082368696337364433e-01,7.796052235319854695e-01,3.029903167605417780e-01,6.164415422482069085e-01,5.580169748668211138e-01,9.028976034653753979e-01,6.123997853126135205e-01,3.703462937723817072e-01,5.512241226386738191e-01,2.916016898640285682e-01,5.860230561774043556e-01,8.252409674555039043e-01,6.259478092626553636e-01,2.281843907526438509e-01,5.851068800546970206e-01,3.407630483936704979e-01,6.741084999225743779e-01,5.521419073394224775e-01,3.181816741255089065e-01,4.863203019020575502e-01
4.281964954297651227e-01,2.502696664782264740e-02,5.651032125660879757e-01,3.137918229133249692e-01,6.771043048112498353e-01,4.914262481657712955e-01,6.061920119537886897e-01,9.647894608231852853e-01,2.186041683571973704e-01,6.036963578993237434e-01,7.366027092599524151e-01,7.961165896056596747e-01,6.577282524485795756e-01,7.421102562536822100e-01,5.034779037620336073e-01,0.000000000000000000e+00,7.128099570680892505e-01,6.792340559799147082e-01,6.776723033240656946e-01,6.956967361275850914e-01,9.906923038850605767e-01,8.331934778650660345e-01,1.034600130929680672e-01,7.217565071599907345e-01,4.671497489129894376e-01,5.615899638254148174e-01,4.898335155573618205e-01,8.169242344426324021e-01,7.890680330852661850e-01,4.833455443806842777e-01,5.965158903714549155e-01,4.132705397853775886e-01,6.010647745212807647e-02,3.396240838233739456e-01,4.530547580171208066e-01,1.330240608581867989e-01,3.958761318868660450e-01,2.321476055445925724e-01,8.066223536231329483e-01,7.653882393546803664e-01,3.054876594154674607e-01,2.264370513936137530e-01,9.776220396060785189e-01,2.658361547137551573e-01,9.966466635876949365e-01,4.338582184905678818e-01,9.494976419752638730e-01,6.725221453151024598e-01,6.454281875991249029e-01,5.784074152889129294e-01,4.604725929059829137e-01,7.405459500652984417e-01,4.014397374308385502e-01,-1.898042479618526346e-01,7.791428077066192559e-01,3.914351700877642948e-01,6.075291085848827377e-01,6.000219774537832729e-01,7.941301480027076476e-01,-1.529211125536620308e-01,6.265893554513116692e-01,4.150511065792469312e-01,6.298839572905782225e-01,8.400549096853170417e-01,6.271918918032112211e-01,5.854933837699604071e-01,5.161073628177658135e-01,6.466839492321529992e-01,7.332308960868514358e-01,3.370844244893700381e-02,8.659257057548951364e-01,6.540388603426285918e-01,2.104770419375894819e-01,4.750145440477842040e-01,7.880479323103100064e-01,4.060966978001881444e-01,6.481443997035731819e-01,9.201339070896672467e-01,1.335290586563342707e-01,3.614050454748863883e-01,2.714871193654691539e-01,8.695157301862210808e-01,8.278295577797412097e-01,3.149659952050523626e-01,9.496228161751202324e-01
6.725920970939538446e-01,7.515360176284946458e-01,5.621356003492583575e-01,9.561508152029045693e-01,6.897527266694523096e-01,4.054027348624729687e-01,9.175336236180259286e-01,9.283869443393129028e-01,7.130400308135821374e-01,5.255502123680305671e-01,3.385847246370387587e-01,6.351215413904779394e-01,8.197760575045389686e-01,6.755836414273549417e-01,2.923987474783247276e-01,7.128099570680892505e-01,0.000000000000000000e+00,2.779449293084527706e-01,6.405446940734826899e-01,8.206465316551049272e-01,5.759335392253870367e-01,5.904778941793100699e-01,9.932553300424149523e-01,6.468203235489603520e-01,4.967235352468905574e-01,9.725138891706464062e-01,7.610119744004506526e-01,4.484416953414199214e-01,2.946825942057547110e-01,7.907072802994169480e-02,3.875414678372084420e-01,1.678445559188134206e-01,7.017443839573275222e-01,4.740194900871567141e-01,6.482012402591066369e-01,6.823600351784444573e-01,4.277499726692955417e-01,3.253692138797524835e-01,5.431857485905521310e-01,6.577458713079546992e-01,4.901019390392434283e-01,5.090489678797278650e-01,5.805169239333759501e-01,5.225535939177553546e-01,6.337279370370052511e-01,2.244887002782646190e-01,6.570549915155674547e-01,7.205093468153365155e-01,9.854508688935738059e-01,5.035573683411029844e-01,9.887122408916928507e-01,9.688498291615396107e-01,7.212457021114891953e-01,6.985476593514787780e-01,3.088717084121287981e-01,9.307595185826055273e-01,7.610435971053368664e-01,6.060568067306949525e-01,9.019545701610357513e-01,6.629700558976022728e-01,4.677726979472113245e-01,2.670177239721869822e-01,7.128761945422684709e-01,9.722023789549536499e-01,5.861050173909621019e-01,2.296213803470492920e-01,5.551575054425731404e-01,6.693705499490965050e-01,6.580951025910795060e-01,7.913346710188793320e-01,6.419887016197283192e-01,5.227521960956076352e-01,5.083541136717466546e-01,4.642275862845079426e-01,9.562337070266406780e-01,8.603063198484069973e-01,4.141932939257459978e-01,7.276384533514264064e-01,2.074733024699143003e-01,3.293076259828497943e-01,3.865312370604769843e-01,9.227652364585183786e-01,3.959971636956530761e-01,6.097737690039577441e-01,9.461890587396529773e-01
9.914948063312823967e-01,5.168870514580847786e-01,9.880601056005600125e-01,2.762788771584755443e-01,7.810512993389215897e-01,-2.139818067161125825e-01,4.533583012645825971e-01,9.014092711654318746e-02,5.891271537783611123e-01,7.646467054114348683e-01,4.924377069585756939e-01,9.946523897412666848e-01,5.878511783647215605e-01,8.082663673227081791e-01,7.449840417539542736e-01,6.792340559799147082e-01,2.779449293084527706e-01,0.000000000000000000e+00,3.471941861485579039e-01,5.064182500798263264e-01,7.071039541320846000e-01,8.260636957479802200e-01,4.249283386560485098e-01,8.572048206987115115e-01,5.607768533546740874e-01,7.458636941568131951e-01,8.385599418149958240e-01,6.112984477978165021e-01,2.135143548587172813e-01,5.270084700900289354e-01,6.500823373427601082e-01,3.525483606699859607e-01,9.266366126072865805e-01,7.725766177866919548e-01,8.843938817491794335e-01,6.195463646667314084e-01,2.394250026076421844e-01,4.614450363624057472e-01,7.670962829062787369e-01,4.279296292956430992e-01,5.507512965989563858e-01,7.875031694440275398e-01,8.388801696121744866e-01,5.412639595503486722e-01,6.601692620317888283e-01,6.856104401394514936e-01,6.036820141072276602e-01,6.219130217020581997e-01,9.957637823012795153e-02,5.557794587436220013e-01,4.201756148401227797e-01,7.010506449625235614e-01,7.401683865567318943e-01,4.805444821625047824e-01,7.244986423912292972e-01,8.051158379609996141e-01,3.737089516527172250e-01,4.764894207919131430e-01,7.118055654078441208e-01,4.581610303607546175e-01,5.389380182265608443e-01,8.934082852520928986e-02,7.863726081562122383e-01,6.704846972096408786e-01,4.698498448700021979e-01,4.468855430663716544e-02,6.051847232029573531e-01,9.198438562264248386e-01,3.977423907970011330e-01,5.504795369846754438e-01,9.700611755231324240e-01,7.720087506503553465e-01,5.743212832296791248e-01,4.913027032282899498e-01,7.151314939745690991e-01,8.194208849174692277e-01,2.435539061359599244e-01,1.790400818232236110e-02,4.967069646197592170e-01,7.651392855799201698e-01,1.977079509353565911e-01,7.613768326250904828e-01,4.684166877613147317e-01,5.014070253484673167e-02,3.545049713989593121e-01
