0.000000000000000000e+00,6.998866495058337911e-01,7.184119157185284710e-01,5.495617023682246582e-01,9.119499125406538287e-01,5.701481929355703970e-01,4.044389535042501871e-01,9.374039178758544200e-01,8.406576634118247959e-01,8.145970750934925508e-01,7.279133496565142192e-01,9.842646562394925525e-01,5.837451874603774016e-01,2.957549080142875542e-01,5.021705435622869640e-01,4.105560362347296932e-01,8.680777752209882792e-01,6.971639510245942750e-01,5.300725044515111062e-01,8.791609385709575619e-01,7.433334474494979194e-01,9.661961314418414659e-01,6.884893412669971235e-01,6.148979035148421923e-01,5.470506172252204147e-01,8.283523634407914393e-01,3.524579414009568756e-01,8.219604843321028920e-01,6.041734121318677042e-01,3.431596875047928513e-02,1.755860982163428563e-01,8.486146406681309706e-01,4.700363132212165840e-01,6.419214060557604240e-01,6.996870848981676660e-01,6.423819077977498404e-01,1.702536201105727676e-01,8.157845238142309441e-01,6.606653566128501964e-01,6.077311249718319042e-01,4.925172360207487610e-01,3.474823958460929174e-01,8.564231871944253394e-01,5.290351345638670821e-01,6.774029481597942937e-01,6.957853844091330675e-01,5.772403586458769720e-01,7.303524461224661923e-01,9.958838998970009904e-01,8.352891986883934639e-01,5.349374700967304275e-01,9.335469552476839405e-01,2.595685617359801967e-01,4.382982948679761126e-01,6.465226184609453863e-01,6.152825319222123834e-01,6.003439166067845445e-01,7.592420511316495535e-01,3.169621902421222992e-01,6.541036835640147151e-01,5.233093713239794775e-01,8.177527076188437771e-01,7.126382266733020110e-01,6.425714742583659156e-01,6.872871232383220841e-01,9.959522788584276309e-01,7.726073099935996114e-01,7.747454413479198942e-01,9.484244590181866164e-01,9.720369051187169873e-01,4.194012454008388957e-01,7.517269192869188155e-01,2.688798750700185369e-01,2.795624358119857544e-01,7.740300886805072667e-01,5.078950868536048491e-01,7.346283166642862961e-01,5.500763626512545912e-01,7.573934671906908944e-01,5.619425593610567482e-01,7.183148096466431820e-01,8.433273745315725822e-01,8.720669392764816008e-01,3.114412743676761020e-01,9.557712498122411526e-01
6.998866495058337911e-01,0.000000000000000000e+00,5.190943926199637071e-01,8.734001702694350611e-01,9.165754858338680533e-01,5.233174301768652725e-01,4.561123113691291642e-01,5.328182018513787366e-01,5.341340128456033565e-01,6.269043812604090382e-01,7.995323550054194151e-01,7.133737114734348683e-01,7.248596404563972806e-01,9.912254761950567428e-01,4.178025299444926288e-01,-1.377878818081127721e-01,9.749451898606280587e-01,7.406109714478960049e-01,4.664189362935860506e-01,7.100680622349294646e-01,9.648244697382023505e-01,5.246707373456265255e-01,7.097641435746137040e-01,8.041031479282182426e-01,4.534116109506758918e-01,7.887930113480901007e-01,7.247052981526093118e-01,9.423327857362560067e-01,4.461187360048277095e-01,2.055561342028488225e-01,7.690203938663245919e-01,5.826074828245718651e-01,5.139022230437182426e-01,7.647075007559549498e-01,9.391451707275471072e-01,6.678434698447119899e-01,3.923025059673144188e-01,6.611548059900074215e-02,9.914571275388630589e-01,6.154998320983233739e-01,5.640379803219117694e-01,4.584348231518031169e-01,9.503398765183969088e-01,7.840403494963911132e-03,7.039588572897793606e-01,6.519304295307185582e-01,8.703006394409680269e-01,7.818686519981883354e-01,4.524681466886877890e-01,5.135599870369210729e-01,5.588843308939833721e-01,9.384424693903667958e-01,5.436508528008947572e-01,6.667398415757800345e-01,7.326035100912142717e-01,6.959112145648309600e-01,5.814241657898585602e-01,1.331841693298269347e-01,4.189718148930434705e-01,2.042560581591669755e-01,4.275490302159982159e-01,6.611159230220267080e-01,9.811224420093307419e-01,9.765446733580867011e-01,6.270248393806830967e-01,8.165449942639644298e-01,3.729755215915421251e-01,8.483503010820221402e-01,5.173690448889243232e-01,6.378201474596892906e-01,6.897943067544911599e-01,7.302432786303902912e-01,6.739124952615771491e-01,-5.729303882275507687e-02,4.405900361995033210e-01,7.646400568959288435e-01,7.670886786786095257e-01,3.988672236237653657e-01,2.019573568104822692e-01,6.243506571697146623e-02,6.657246898434600046e-01,6.021063809960582880e-01,9.365610048355876849e-01,3.291159499096344421e-01,9.754796767990837614e-01
7.184119157185284710e-01,5.190943926199637071e-01,0.000000000000000000e+00,2.811811469247070261e-01,1.157780760946535703e-01,8.814955775059326593e-01,9.858293924374663675e-01,8.182487923058782142e-01,8.385573186502908172e-01,7.131126233865106023e-01,7.277135623483539373e-01,6.989813118856504914e-01,8.034194679644899306e-01,7.709860092026910028e-01,6.980284038352931875e-01,8.643699496937975457e-01,5.013501679550733670e-01,8.081172027777189237e-01,7.000654291489302183e-01,6.595908201894600253e-01,5.507299217345058562e-01,8.145648866649503050e-01,6.413214844260770597e-01,7.826427682866580193e-01,5.555861512327945340e-01,9.956504695452318421e-01,5.754723123286531461e-01,6.047841670013848203e-01,5.985701141632723266e-01,7.883029321916807941e-01,3.876315743300473571e-01,5.605685692379568374e-01,8.625977017868728947e-01,8.623362714692808240e-01,7.591827444460663710e-01,3.657584025474867051e-01,-1.656222797640451994e-01,6.602074460346480933e-01,8.070080066142634179e-01,6.612862782427419983e-01,4.814062537523076113e-01,-1.830502092351677379e-01,5.786985523840025847e-01,4.251383351184200854e-01,8.977846533569542320e-01,7.093433044006366428e-01,7.454834230223424951e-01,9.080518524161016458e-01,6.742661765483406455e-01,9.377247162444340978e-01,6.423825297452824268e-01,9.134546662772019543e-01,7.562930629199353660e-01,8.014431237561517873e-01,7.545337717009560352e-01,9.938092289289439663e-01,7.934973288923441448e-01,7.706518142886654710e-01,7.035152121857088936e-01,-1.787163190439454152e-01,4.634586672334741198e-01,7.916296562445372942e-01,8.486306418395223039e-01,7.009191484399566185e-01,9.685935753731090836e-01,8.476788242022567088e-01,8.030402313611805232e-01,5.698014625792610088e-01,9.823593367808507448e-01,9.312937980735925825e-01,9.099330703416159682e-01,9.164458231491715567e-01,3.554319337186899741e-01,7.944725536390573328e-01,5.687218677782619469e-01,5.497521634298139226e-01,6.214970157304570142e-01,6.289755121612705668e-01,1.318081575524177873e-01,4.074419758570219097e-01,7.425654103315266763e-01,5.476787646773675355e-01,5.730345991841634401e-01,7.419776179462911347e-01,6.012477619488397762e-01
5.495617023682246582e-01,8.734001702694350611e-01,2.811811469247070261e-01,0.000000000000000000e+00,7.051386180356156164e-01,2.685753307834120029e-01,7.938264690114955613e-01,7.570811551011111806e-01,7.926951849215921886e-01,4.964910926975920624e-01,7.425239591171889364e-01,3.599871348608981725e-01,6.201127211347409185e-01,9.530807541620227585e-01,9.267410551217071246e-01,7.182946589125756010e-01,6.021839796372887577e-01,9.627287118403584643e-01,7.481468877381208804e-01,3.252887346192309126e-01,8.521650205994237837e-01,8.389927663720526674e-01,2.591057869650000289e-01,5.757042320117713996e-02,6.695979192009443581e-01,7.989172338923904437e-01,6.504369476607844147e-01,9.147212557061714655e-01,2.056082903322208610e-01,4.783027417055463193e-01,4.260430844321303478e-01,6.693644699940658471e-01,9.829148995041195880e-01,8.916361436930527740e-01,6.556602628341063888e-01,1.836178477575086676e-01,5.949048151287473184e-03,5.174946720601322214e-01,7.488010522078288878e-01,2.904057942741444798e-01,2.717667724966588150e-01,4.189744543345660932e-01,7.547629238434703236e-01,6.233545962247281080e-01,9.952532848676092225e-01,5.818875710682352986e-01,6.359518745962470243e-01,8.142188120037849863e-01,3.922321858046196597e-01,6.473957351732950727e-01,2.122277192711967964e-01,8.110429111944383873e-01,4.613354700157430432e-01,9.943325128470638097e-01,2.579269806430419809e-01,8.315763930864875642e-01,7.252044141428874990e-01,8.250612971810178387e-01,9.169213684341409598e-01,6.227789474266934855e-01,3.008148541162438128e-01,6.200224319403131457e-01,7.294749990249908000e-01,7.655704062584959280e-01,6.403465193872293071e-01,7.120945882515377079e-01,9.219680366687661444e-01,4.635772904552243889e-01,1.409099059744883253e-01,7.999896836142478262e-01,9.571279711029165860e-01,5.874673187244136008e-01,3.787054201045131352e-01,7.736783523421946196e-01,3.852501927324183395e-01,4.234360651965641820e-01,9.054015573183977761e-01,4.316054980192601809e-01,7.682240710476000434e-01,2.516579312548605785e-01,7.007216294081396457e-01,8.519532757486338870e-01,7.975122438511614842e-01,-4.415756608164844721e-03,5.788583885165536902e-01
9.119499125406538287e-01,9.165754858338680533e-01,1.157780760946535703e-01,7.051386180356156164e-01,0.000000000000000000e+00,7.559772761460739066e-01,1.592822417976653138e-01,5.235570841965607736e-01,7.241948456489675223e-01,8.665528191446602024e-01,1.143946520694633096e-01,4.298339416096015886e-01,4.199969703306363766e-01,8.800283883326891488e-01,2.035442749585240352e-01,1.894976287661809256e-01,8.038886739680346505e-01,6.809819220314923260e-01,8.030693490114234612e-01,6.139083239273264159e-01,9.670527288930215182e-01,3.422690563686118237e-01,6.101599557145891833e-02,7.825772460420463705e-01,5.071801795355145304e-01,4.862030089065298433e-01,9.738461905199676805e-01,6.460577636618862751e-01,2.498599346048739345e-01,4.989937258476337956e-01,3.426717386701569334e-01,5.444801774597450850e-01,7.349435765084020300e-01,6.150898628205579977e-01,6.597009108545520695e-01,3.103602316953282814e-01,2.994271920730080527e-01,6.828619596599224684e-01,6.551266161473467964e-01,6.668936312805450184e-01,5.287461571239390201e-01,6.543587910105110872e-01,9.392096207079194681e-01,3.511095424581713864e-01,8.914183460636826428e-01,8.053783775875258399e-01,7.815308918196917087e-01,5.115498789411502267e-01,6.004376735762151363e-01,7.237832068579096445e-01,8.920342814003796583e-01,2.948400649643818094e-01,8.615250497297647359e-01,6.158039118287511604e-01,4.721481477273541394e-01,7.012827616970174205e-01,7.730533636407349585e-01,4.203607462843430009e-01,6.640763283558629437e-01,2.189477552574541908e-01,5.666920066421112789e-01,-9.257205549662114730e-02,7.296921876443901445e-01,4.925741465866673163e-01,8.006212741127314292e-01,7.988716434818710077e-01,7.311074438393070363e-01,8.112488872299705722e-01,5.739568365341914946e-01,4.693897938355392485e-01,9.391790210317993992e-01,2.813858844772825774e-01,7.604690910841724882e-01,5.112493695141289568e-02,4.322775030014961439e-01,9.067936473480102677e-01,8.088660373473545162e-01,4.530593229391572385e-01,1.762932345672157952e-01,6.894260441716311416e-02,2.266249835740635488e-01,8.903632227672260147e-01,7.649679357238802213e-01,5.095437652737859757e-01,7.972203224213818551e-01
5.701481929355703970e-01,5.233174301768652725e-01,8.814955775059326593e-01,2.685753307834120029e-01,7.559772761460739066e-01,0.000000000000000000e+00,4.939085420721789355e-01,8.263395496839204268e-01,3.021626226917226710e-01,6.653337779230408255e-01,6.014363799388737775e-01,7.415997506371385661e-01,7.862686937433187584e-01,1.619311543718755797e-01,7.766348555181307178e-01,8.538181255987224993e-01,6.000105896071692424e-01,7.977226709800663285e-01,5.035540348841288649e-01,9.137628057697461115e-02,7.540842511360844602e-01,7.962599525499890474e-01,5.008898177255416417e-01,7.194706744549114186e-01,1.552797561359613998e-01,7.320501290934338101e-01,7.424816700732466135e-01,3.886449641974177860e-01,3.228021637682173539e-01,4.990476774409124960e-01,2.751219217653913529e-01,5.097659473636227956e-01,7.356745847863488397e-01,3.667616880364060195e-01,7.950548320192847296e-01,7.980151256588227104e-01,2.868170776179014281e-01,7.678805979123058956e-01,4.751418843069575848e-01,9.530789034975900575e-01,2.541279104053660864e-01,6.760792386223455352e-01,6.599555186993555367e-01,6.444125121828946368e-01,6.909973069157069325e-01,1.947395344713059584e-01,9.676351797030734447e-01,5.119968087414197289e-01,6.641330878637544677e-01,3.569067443133315809e-01,9.381351312790987551e-01,7.065361147061918201e-01,8.365293883771787731e-02,4.478855084696913846e-01,5.174199276500598410e-01,9.518686725983729335e-01,7.238173097968418901e-01,4.822070921812157129e-01,3.378404909340514406e-01,2.740610638323024428e-01,6.943141923498605816e-01,9.085633133390502714e-01,-7.761851434577939080e-02,7.083877415418768919e-01,6.842402080463899638e-01,6.346944230464495185e-01,2.321581901833591755e-01,9.255408247936224297e-01,3.897513360281539274e-01,3.434374657033645306e-01,7.754920243751055597e-01,1.117678999489035707e-01,2.036156622039083930e-01,8.614221069946814691e-02,4.898206504317281218e-01,8.686192076913601401e-01,1.821641885752480761e-01,7.804835956396627417e-01,4.466259679351579082e-01,2.059402149266789106e-01,5.097221025118929827e-01,7.970664056327700919e-01,9.280078698885196875e-01,5.847022528159513399e-01,2.387437572228389981e-01
4.044389535042501871e-01,4.561123113691291642e-01,9.858293924374663675e-01,7.938264690114955613e-01,1.592822417976653138e-01,4.939085420721789355e-01,0.000000000000000000e+00,9.295298400994618515e-02,4.749165338497483013e-01,3.800858668296422938e-01,9.267624887738159511e-01,6.096233267768944586e-01,4.031253602401203562e-01,5.062865985030946814e-02,6.114053482451210497e-01,7.584394825948388430e-01,9.755130640073232939e-01,2.935913096910657827e-01,1.311858664416863662e-01,7.426976873551097702e-01,4.252200233055369871e-01,7.237558686226239768e-01,6.437107957538182879e-01,8.207253776237050102e-01,4.075433232582643117e-01,7.801373907876792135e-02,7.132440367070802534e-01,7.488916324314457418e-01,-1.171696204031970195e-01,5.417748583000674412e-01,1.886624784235013674e-01,2.345573799837076534e-01,5.181393517383686698e-01,3.170014008338922079e-02,5.860646372456541631e-01,2.644644549854986981e-01,4.663238266347202177e-01,6.710059366420928484e-01,1.500988394073485555e-01,4.036937435676815622e-02,2.411427057433425392e-01,7.396882284441754773e-01,6.950486128308661637e-01,6.177321284378097799e-01,8.276565505834758696e-01,3.904849168810033966e-01,2.135635111901428851e-01,6.424515423812466874e-01,6.247536742968146095e-01,5.244828714918308155e-01,6.603893733646918340e-01,6.772682076413784058e-01,4.870637774196271419e-01,2.328874822674500966e-01,8.837190649218682470e-01,2.166635065883961153e-01,5.690883304872277337e-01,5.279431714532981657e-01,5.601569482006776290e-01,4.670436853947511069e-01,7.999763022181737293e-01,4.121885631700906716e-01,4.325217243180520810e-01,3.202866521756534413e-01,7.114097155019176721e-01,6.146114507885430678e-01,5.981073400032708154e-01,8.636229765659677593e-01,6.290724683382650229e-01,7.855942810100038365e-01,5.198945549045098646e-01,6.644863818439552539e-01,1.978074393108623652e-01,4.882186826793435963e-01,1.234497891114069157e-01,4.024802715094146777e-01,4.536377288900769189e-01,6.474917942440897578e-01,5.382978958360367105e-01,-1.867460551591364759e-01,4.728953620764653754e-01,8.802747187081755298e-01,4.900153175669474948e-01,7.090886696767340069e-01,3.005544200136820443e-01
9.374039178758544200e-01,5.328182018513787366e-01,8.182487923058782142e-01,7.570811551011111806e-01,5.235570841965607736e-01,8.263395496839204268e-01,9.295298400994618515e-02,0.000000000000000000e+00,2.894813298885910019e-02,6.671217040282656496e-01,2.533780538959796158e-01,6.444585129054062334e-01,8.333725929709102642e-01,5.676552905303603458e-01,4.297684284787023912e-01,6.665906262572749430e-01,2.422072724702382662e-01,7.632624917256835007e-01,4.690468602181361857e-01,5.342233205595643408e-01,6.660506861182253768e-01,2.944307044490769854e-01,4.321061509784506205e-01,9.951811137741120028e-01,6.333533955723520403e-01,8.550148503291686852e-01,3.723076567922422586e-01,5.925991425068564133e-01,6.529691130358777906e-01,3.279582103970457747e-03,5.046695397749040302e-01,2.571178178007337278e-01,7.947598975322583970e-01,6.851132660221121995e-01,7.700197345414052652e-01,3.462123290801392139e-01,8.480675094508999257e-02,2.821393273793831313e-01,7.520329600369416445e-01,3.189626902425045651e-01,4.160450835805645786e-01,2.376248327956556328e-01,9.879185750486000339e-01,3.599008305673970787e-01,7.179777227021906238e-01,5.011430401207728376e-03,1.711238063191600212e-01,4.342948699271523827e-01,4.581667053824391989e-01,6.610732476109353328e-01,5.983081700630173971e-01,3.862647577103215379e-01,6.550354968967924130e-01,7.887109753404397683e-01,7.528931346474655451e-01,3.970448917907215547e-01,5.453130829643857425e-01,7.602528522532809863e-01,7.569137110683894498e-01,2.298198026866176691e-01,4.190305133167178120e-01,3.536156209994326671e-01,4.849858965624304630e-01,8.258104461900565019e-01,8.622379709464996766e-01,5.476957552646850580e-01,4.407432747432894482e-01,7.888586773843897504e-01,4.575389426530003800e-01,9.199057718897427627e-01,6.935508036218465122e-01,5.824690285150696534e-01,-1.228240387082614599e-01,1.818058888792508862e-02,7.527949132689630840e-01,6.504321547034348505e-01,8.578013975700291560e-01,8.048914861125189280e-01,2.034447040614502933e-01,7.012740115025229981e-01,2.932355783093619772e-01,7.923075637730261356e-01,3.638001199907444638e-01,2.146093712554651978e-01,6.038906217987929370e-01
8.406576634118247959e-01,5.341340128456033565e-01,8.385573186502908172e-01,7.926951849215921886e-01,7.241948456489675223e-01,3.021626226917226710e-01,4.749165338497483013e-01,2.894813298885910019e-02,0.000000000000000000e+00,2.264621880846177382e-01,7.833358974647760542e-01,5.835537388372966650e-01,8.249614763712547205e-01,8.038894027787100161e-01,5.356018311969767964e-01,5.896819623172524505e-01,7.770657580573279155e-01,5.283493151115757902e-01,3.957919468145232877e-01,4.290988260625378525e-01,6.884187358860673900e-01,5.341500898792680418e-01,2.433674341624648962e-01,8.377424463120944909e-01,4.044724348293109450e-01,6.416255322841059039e-01,8.784116927773860661e-01,3.227199440858592450e-01,7.364757254571159262e-01,4.507999117924121335e-01,4.999976330461097795e-01,4.552446445162529609e-01,6.155872406609140812e-01,1.857567664733147383e-01,3.281928365815420801e-01,4.046195869813512536e-01,9.561950236919687651e-02,7.630475599518544705e-01,7.157319912199536782e-01,7.975053772481850434e-01,6.400138214653656732e-01,7.137752673974618878e-01,5.035357057342224607e-01,6.722508571398814192e-01,9.940004094348798835e-01,7.289046739664999386e-01,4.310093197924712571e-01,6.825088024953035459e-01,2.573574143303804518e-01,2.438908973008231951e-01,5.722068110830828003e-01,8.928674301024456250e-01,9.531102052413366055e-01,5.613501004768619573e-01,7.332384771935699375e-01,7.576569250527842581e-01,2.637852366781540114e-01,3.000715733143790795e-02,8.063094106314008247e-01,2.841381589031988231e-01,4.675781521866351209e-01,2.419956406619032940e-01,9.468689433514365650e-02,6.290378639286017259e-01,4.730052017988132240e-01,6.617654378471267140e-01,5.177324730651529094e-01,2.692892531188363359e-01,2.113060871033738686e-01,6.462292128226159171e-01,4.408747963233215494e-01,4.620249936882525436e-03,2.153323386268789219e-01,5.759648288479778389e-01,4.756333004346035565e-01,4.298182363434498443e-01,8.836602672598649066e-01,-1.805599648161363702e-01,5.781225081460655835e-01,7.040822433577942352e-01,6.138193016042018391e-01,9.286521302446892889e-01,5.453480172688754957e-01,7.728890001291491840e-01,6.768924511250946907e-02
8.145970750934925508e-01,6.269043812604090382e-01,7.131126233865106023e-01,4.964910926975920624e-01,8.665528191446602024e-01,6.653337779230408255e-01,3.800858668296422938e-01,6.671217040282656496e-01,2.264621880846177382e-01,0.000000000000000000e+00,1.692837897692365812e-01,6.385036126734869866e-01,6.695559658745552367e-01,4.377184544927845145e-01,3.798054420844464985e-01,9.459944567774212221e-01,9.730461572541135862e-01,5.091155885282100391e-01,7.367262480424121573e-01,7.360228692326588051e-01,8.001818960076549914e-01,6.094476776540586060e-01,3.994667473201176655e-01,7.819774715530936060e-01,6.559086141601984110e-01,5.227275029555555896e-01,9.128834729043494578e-01,4.456236038182259107e-01,5.311110084123914499e-01,1.448877854799177356e-01,4.993528214530728038e-01,4.063939191919307414e-01,5.632061363267830689e-01,5.566725601485181807e-01,9.230368600238202381e-01,4.679009806966014651e-01,9.128438941203378953e-02,4.835546389958815805e-01,5.045979357885618244e-01,2.121797358278945667e-01,4.836763748758253767e-01,6.959773008754734924e-01,8.147442704030918303e-01,5.095376771241662273e-02,8.638143760468081078e-01,2.297003174479569643e-01,5.514555814964003932e-01,7.791191838987516771e-01,6.521229100478682650e-01,5.732826514202267187e-01,4.473197313846656864e-01,2.793193223219537225e-01,4.471265941957924261e-01,5.152575451886743929e-01,8.848128426134959090e-01,7.069624351371195381e-01,7.534228449309031683e-01,6.322331905012599229e-01,2.607557175789239623e-01,2.536655473780778935e-01,5.692587513789220122e-01,6.190540582256613966e-01,6.647002788551781283e-01,4.544817810242150480e-01,4.425793990670714440e-01,4.740562755741412060e-01,2.672707254190969106e-01,5.984079966683402141e-01,4.988335934603226884e-01,6.027690874751424621e-01,7.522927688677094604e-01,7.404241689782561364e-01,4.393006535388378486e-01,3.926102759561103106e-01,7.876496786624408164e-02,9.277070387553262298e-01,8.891142722636536933e-01,3.530981165499880170e-01,2.336614262083114291e-02,1.240625667165915630e-02,4.143726817164005705e-01,2.244840722007933054e-01,5.294784739193437728e-01,3.162131985171942050e-01,4.100801503964152106e-01
7.279133496565142192e-01,7.995323550054194151e-01,7.277135623483539373e-01,7.425239591171889364e-01,1.143946520694633096e-01,6.014363799388737775e-01,9.267624887738159511e-01,2.533780538959796158e-01,7.833358974647760542e-01,1.692837897692365812e-01,0.000000000000000000e+00,4.735180912554981525e-01,9.875675289508043520e-01,7.667499368777249691e-01,5.238264325914085973e-01,6.236189681721151512e-01,5.767946678711961539e-01,4.475276063325329678e-01,1.017470073447386547e-01,8.687089457652423796e-01,8.522744465637400735e-01,4.910805751675575426e-01,6.393953203990498935e-01,5.854159697041916299e-01,2.737707893264128556e-01,4.309731355346814730e-01,5.059057626489480430e-01,8.611597029571491646e-01,1.285802609586008394e-01,2.512923329436932418e-01,3.499424462489683640e-01,6.711676411611364745e-01,5.897433304826930067e-01,6.176348560554215661e-01,4.959609462815217640e-01,7.358823347624950106e-02,-1.739296556571805763e-01,7.803185900097977523e-01,2.955020765619124079e-01,7.128381029216122045e-01,4.969423595436694430e-01,3.884874622386318976e-01,4.220495736207541260e-01,4.039807476752833582e-01,4.948217809702579739e-01,7.503107161754624110e-01,5.171052208109866433e-01,7.868065436479494412e-01,7.058014965140194663e-01,5.248475382907029640e-01,6.217043198280888250e-01,8.559579224631381766e-01,2.834915581258492523e-01,6.054083603837323579e-01,8.234633970502815981e-01,4.974361732533990610e-01,5.050129732285911777e-01,3.270243154880907444e-01,6.213938706376495036e-01,2.002279382065985380e-01,4.206431076801381286e-01,8.385261948218595274e-01,4.259321665239022559e-01,7.436701030847876481e-01,8.472999782378257683e-01,4.745378463240204070e-01,2.662528340258989989e-01,2.954394712515143184e-01,3.356620292238374770e-01,6.140371042778390853e-01,-7.335857246465304904e-02,5.917777588372862274e-01,3.585241703203543295e-01,3.325999004105283929e-01,5.991028640382189963e-01,2.010543079563369973e-01,5.914846989695811130e-01,7.177983947296527889e-01,-8.407914440397387668e-02,2.631328456202268185e-01,4.258047075707092621e-01,7.787382748127854581e-01,6.109081574106295376e-01,5.537552138350159137e-01,4.394963444235349681e-01
9.842646562394925525e-01,7.133737114734348683e-01,6.989813118856504914e-01,3.599871348608981725e-01,4.298339416096015886e-01,7.415997506371385661e-01,6.096233267768944586e-01,6.444585129054062334e-01,5.835537388372966650e-01,6.385036126734869866e-01,4.735180912554981525e-01,0.000000000000000000e+00,7.290697421943056478e-01,4.799371062779564934e-01,8.712546936483367421e-01,4.904869484486874542e-01,7.725207933730158238e-01,5.483586723003772700e-01,6.448027358315882029e-01,8.386287294447101193e-01,8.455313276368869868e-01,9.331620160369511474e-01,8.738268106969446780e-01,5.321468959130641885e-01,8.236501216262939185e-01,4.697902293257605333e-01,2.277890791032494422e-01,7.292637082007279448e-01,5.504193269971199287e-01,4.105231963209875490e-01,3.420028743983800634e-01,5.106980460560577306e-01,4.945569521077902708e-01,5.765860437061761656e-01,6.342008019157903131e-01,5.103742468033861668e-01,4.279273056486118665e-01,6.739841656506535550e-01,7.458038803987728782e-01,4.831724436271330192e-01,8.669442500966879905e-02,2.216722132682142909e-01,9.784713036706793599e-01,2.487272005198579161e-01,8.054021483009747850e-01,7.189874093088532980e-01,8.949443533306401521e-01,7.755304328405699943e-01,7.497194482783329228e-01,5.469096139029265835e-01,6.154183694528068127e-01,3.837550923929646807e-01,8.755610670543595431e-01,5.050424817450759329e-01,9.430597703363319262e-01,4.855501890625169015e-01,7.602000720180837057e-01,6.068297592452872591e-01,5.489467649205951316e-01,2.429466183938415458e-01,7.000323723127284126e-01,4.042836898392752065e-01,3.681370434957708659e-01,8.186031643721130013e-01,6.532557948653510138e-01,4.607238214436196744e-01,4.648912663198434547e-01,7.192236481376328427e-01,2.511823536622957431e-01,6.763985176358378038e-01,8.458783953573058012e-01,3.149432887631408162e-01,5.991948929412056479e-01,4.327577717912046706e-01,6.286606266276772992e-01,1.569495800177645173e-01,6.309622344313490228e-01,6.925533592693104978e-01,5.788121546535904827e-01,5.619528180982394927e-01,4.619629333215693467e-01,6.028072749063427826e-01,8.169882753823257682e-01,1.470587155761146070e-01,9.842776336011951344e-01
5.837451874603774016e-01,7.248596404563972806e-01,8.034194679644899306e-01,6.201127211347409185e-01,4.199969703306363766e-01,7.862686937433187584e-01,4.031253602401203562e-01,8.333725929709102642e-01,8.249614763712547205e-01,6.695559658745552367e-01,9.875675289508043520e-01,7.290697421943056478e-01,0.000000000000000000e+00,3.989525454693102491e-01,6.478514784361056461e-03,9.944826471111394284e-01,9.647619827645562696e-01,6.827037402993062498e-01,4.759682844839510096e-01,4.998816841341270356e-01,9.040785882713088251e-01,4.855369662987368273e-01,6.249238219036234998e-01,7.129617361747268012e-01,5.876807268386823324e-01,8.429008852950735653e-01,5.375666989460341494e-01,9.522597749574875925e-01,2.315321169927987977e-01,4.441979015255232421e-01,5.678431573771469676e-01,3.389414226431627375e-01,7.833763584136151925e-01,5.255574681758268252e-02,8.166198293724131752e-01,5.751500547106469519e-02,1.197277591467103969e-01,6.530465367855625702e-01,3.694334885145165170e-01,6.671940519322374641e-01,4.261822262915345716e-01,9.366712719108263308e-01,9.618459288902407867e-01,7.419279454405198759e-01,7.272588040795421316e-01,6.323789228042431265e-01,9.591528574994261369e-01,7.200955974387085456e-01,7.847520204469476957e-01,6.999076172467806334e-01,3.885471653901821920e-01,4.469774390757568772e-01,8.643188423965530998e-01,9.703496039938541706e-01,4.835908033202175327e-01,8.486230026334380394e-01,9.321290820399835697e-01,2.792418889660776560e-01,5.202754241916176525e-01,6.384059632090354208e-01,1.009182912784634123e-02,9.517525128008449409e-01,7.783875117623262341e-01,6.924966635506568657e-01,2.114416394315045689e-01,6.933855380990527895e-01,6.679977455740793157e-01,5.103000669658211974e-01,3.583198175276801623e-01,5.689601866526364793e-01,7.493865709354547988e-01,6.624768418321785868e-01,3.032262876131464613e-01,1.812622253124729910e-01,3.637249350028141093e-01,4.258231612530822829e-01,9.960690307837787305e-01,7.482463065698484739e-01,3.035391291848543727e-01,5.433551592021681476e-01,3.830533000929621235e-01,7.852993044870960615e-01,7.628074970125729992e-01,3.811417408436188481e-01,8.992439155605244094e-01
2.957549080142875542e-01,9.912254761950567428e-01,7.709860092026910028e-01,9.530807541620227585e-01,8.800283883326891488e-01,1.619311543718755797e-01,5.062865985030946814e-02,5.676552905303603458e-01,8.038894027787100161e-01,4.377184544927845145e-01,7.667499368777249691e-01,4.799371062779564934e-01,3.989525454693102491e-01,0.000000000000000000e+00,7.884109191008087381e-01,7.594325036760901648e-01,7.468446354441691248e-01,5.896396187777130926e-01,5.148146464614973272e-01,6.856711795716254887e-01,9.035729554454591250e-01,9.636391952298342112e-01,3.399741189752075732e-01,6.308658877721912139e-01,4.795596470577767612e-01,9.554391872573504418e-01,1.348721459260587563e-01,4.645437737707294179e-01,5.288610335126291417e-01,3.807995465565174875e-01,9.625839440529193602e-03,5.791382639969249180e-01,4.836651691450304380e-01,6.549567834712497483e-01,6.655790767231751781e-01,2.806025578862072489e-01,3.750659175383016519e-01,5.456440451485604637e-01,5.141237929748391222e-01,7.438744757988765555e-01,4.909004552411726507e-01,9.462949181861319836e-01,6.470926742784287589e-01,8.029678841656614496e-01,6.818112418852990686e-01,5.526754820080431729e-01,3.518818994010330381e-01,6.553508849088360844e-01,7.908344439231725920e-01,4.050020556509814629e-01,9.637320148605665882e-01,9.192624150118686721e-01,5.389647155497546693e-01,4.868482251212936651e-01,5.674015148365264549e-01,6.118040378463311946e-01,6.507477660161417043e-01,5.463955473033555998e-01,8.839813179676065946e-01,6.409253495745493856e-01,5.807960968333580887e-01,8.957694657814190276e-01,6.408290064365618210e-01,9.877238276938045125e-01,7.984244813292997733e-01,6.575198371174829637e-01,5.162720087348345865e-01,7.955281654325332408e-01,6.878721398268353715e-01,7.048634071200001738e-01,6.600484463042802785e-01,8.410539572301993783e-01,4.216425151834062302e-01,5.631315202997677627e-02,7.959167595243782367e-01,9.917157734404393743e-01,8.132964463141443279e-01,8.512167893844341249e-01,2.080862204461472742e-01,3.298866748044623209e-01,2.829188723380554604e-01,8.883444663742081637e-01,9.887466092856241895e-01,2.814174962747666431e-01,4.894843433651634990e-01
5.021705435622869640e-01,4.178025299444926288e-01,6.980284038352931875e-01,9.267410551217071246e-01,2.035442749585240352e-01,7.766348555181307178e-01,6.114053482451210497e-01,4.297684284787023912e-01,5.356018311969767964e-01,3.798054420844464985e-01,5.238264325914085973e-01,8.712546936483367421e-01,6.478514784361056461e-03,7.884109191008087381e-01,0.000000000000000000e+00,6.010339757074881772e-01,7.136447246030478420e-01,5.962621248367054871e-01,4.029648314458682545e-01,6.775333186924575868e-01,7.703788738026626781e-01,5.863443062942109707e-01,9.435748351765136377e-01,7.708478120258108746e-01,7.255972968511182897e-01,3.908986849166511401e-01,9.241401304135863359e-01,2.048532091051700199e-01,4.082946529641279798e-01,4.789494149744717433e-01,4.241562508605866144e-01,5.711693512962243702e-01,7.633025595823941245e-01,7.182803853286303664e-01,5.470356161530247618e-01,7.020020952928872626e-01,3.502925244771281088e-01,3.421278778767736783e-01,8.506068687409166218e-01,7.518731304057917342e-01,3.959394515466070352e-01,1.589419351371736955e-01,6.963369659149767354e-01,3.429704992741589020e-02,8.449527740832956102e-01,9.091849640178530922e-01,7.646923362220297005e-01,7.392640895825423053e-01,4.485690322277781639e-01,7.013724929540238184e-01,3.458829798784817111e-01,4.380944692430459586e-01,9.615429585928413347e-01,6.311216332805203999e-01,5.586301756806810737e-01,2.801033254955079821e-01,8.203586035435700419e-01,8.705742587746412298e-01,6.286866962588407715e-01,1.482707531183652394e-01,7.974754599965734603e-02,9.842769866138180168e-01,9.789524919233322242e-01,4.916244849020871555e-01,7.841968999905973847e-01,7.173938959381322977e-01,4.866685708503925012e-01,3.686242087273116086e-01,7.948813819660580648e-01,7.933991916051361670e-01,7.250684149472745865e-01,5.154633051835577628e-01,-6.328674241947498946e-02,3.138493071232733023e-01,4.339776902621074184e-01,7.489735639601986517e-01,7.759360364972458513e-01,5.695324239203420902e-01,2.642653134658797809e-01,4.058458899487963345e-01,3.817091546717240602e-01,4.042477279055989858e-01,2.596678235702798987e-01,6.710769081650832524e-01,4.369680707113727802e-01
4.105560362347296932e-01,-1.377878818081127721e-01,8.643699496937975457e-01,7.182946589125756010e-01,1.894976287661809256e-01,8.538181255987224993e-01,7.584394825948388430e-01,6.665906262572749430e-01,5.896819623172524505e-01,9.459944567774212221e-01,6.236189681721151512e-01,4.904869484486874542e-01,9.944826471111394284e-01,7.594325036760901648e-01,6.010339757074881772e-01,0.000000000000000000e+00,5.668891578091700412e-01,5.145486786265667245e-01,7.860795571149429284e-01,2.700620566777353071e-01,6.476812062106648282e-01,-1.837092426404538237e-01,1.358913240330125727e-01,7.972671222887243170e-01,8.197587221406081870e-01,5.551760270888490556e-01,5.912383540155117245e-01,5.943508867576788868e-01,3.749003145766138800e-02,2.493966631172232495e-01,3.296940626816263764e-01,2.331429000665378726e-01,7.739338550661432892e-02,5.195115831774546056e-01,6.101098058475679098e-01,1.958750347381530144e-01,5.342590842736046064e-02,6.819156867524782673e-01,6.030299495111497432e-01,9.411546292515032830e-01,4.241974479796162822e-01,4.341308218998897739e-01,4.929668845101153885e-01,7.401438071783978945e-01,9.276036549911370610e-01,1.518491141757866980e-01,7.201636256644672329e-01,5.888252627201652212e-01,6.042725892146237898e-01,7.550281031952625899e-01,5.915958278378194990e-01,6.542483593249841523e-01,6.627579456480026110e-01,1.069315201962229428e-01,4.430864357494729289e-01,5.585560573322062572e-01,9.580660930624058658e-01,6.618528908243488384e-01,9.275718583425260899e-01,6.426679609900236567e-01,2.848365533204840205e-01,6.360003449958541166e-01,9.812499604680764431e-01,6.253732945112401298e-01,7.511386607750365485e-01,4.955139664476158057e-01,5.013406544517120533e-01,7.866902130406616678e-01,6.663748338034914953e-01,7.953002349424557194e-01,6.480509279788769783e-01,5.149030563691148199e-01,5.268390080373746426e-02,1.965356416833660969e-01,5.874877075838327301e-01,4.134738032918119366e-01,4.843387640808483052e-01,5.935752200187618399e-01,3.770953033037416358e-01,2.878058801940355793e-01,8.513940242259947500e-01,9.689713676095490502e-01,8.057664204756207482e-01,4.868540959743014596e-01,-8.642655882044436577e-03
8.680777752209882792e-01,9.749451898606280587e-01,5.013501679550733670e-01,6.021839796372887577e-01,8.038886739680346505e-01,6.000105896071692424e-01,9.755130640073232939e-01,2.422072724702382662e-01,7.770657580573279155e-01,9.730461572541135862e-01,5.767946678711961539e-01,7.725207933730158238e-01,9.647619827645562696e-01,7.468446354441691248e-01,7.136447246030478420e-01,5.668891578091700412e-01,0.000000000000000000e+00,4.085746178541762585e-01,8.660714303230960809e-01,4.119518824289020720e-01,8.554141475109845461e-01,7.024949843497830804e-01,9.402323232368318129e-01,3.597573453222142059e-01,3.013048962356038585e-01,5.450165872396914857e-01,2.711111709792176638e-01,8.859290440278160261e-01,3.800835703976875868e-01,2.855916663163152180e-01,5.872501187059339101e-01,8.747512709233693506e-01,7.492303330431887565e-01,6.692458234872986633e-01,5.106889467206140454e-01,-1.983394990533278446e-01,4.326273049227329359e-01,3.930261143408142477e-01,4.781614994945955210e-01,7.240977818653859810e-01,5.635502043751037249e-01,6.287154370884242560e-01,6.087934942679387174e-01,4.562557959273553787e-01,6.260008999855829481e-01,8.967439421336771410e-01,4.380511261429130832e-01,9.309685808509412519e-01,6.600050886292395669e-01,7.681452476213843639e-01,9.148611997877916791e-01,9.013109788663941080e-01,4.205448162444949123e-01,9.466066151457106503e-01,6.272340523209830598e-01,8.043729641856669499e-01,9.976662725094688211e-01,6.452170669047935236e-01,4.294187139860946578e-01,2.214650645152480279e-01,3.877818736936122779e-01,7.934761421071027110e-01,6.524557010199851792e-01,7.962105619610339025e-01,6.330279235863883747e-01,5.677497373416614534e-01,8.589331721814101872e-01,3.845164699314334023e-01,1.637694413348475264e-01,6.582433883713396661e-01,8.748557887127483834e-01,9.364159196425630993e-01,2.631712664905379029e-01,6.234858559128609867e-01,4.049831031215200827e-01,-1.951328250750713200e-01,5.385040557973002073e-01,7.635538803105101913e-02,2.542964267272502799e-01,2.385544535519975029e-01,7.903304616760489232e-01,7.613213431700466272e-01,8.431069878919696947e-01,6.895063161897010406e-01,7.524842261196007520e-01
6.971639510245942750e-01,7.406109714478960049e-01,8.081172027777189237e-01,9.627287118403584643e-01,6.809819220314923260e-01,7.977226709800663285e-01,2.935913096910657827e-01,7.632624917256835007e-01,5.283493151115757902e-01,5.091155885282100391e-01,4.475276063325329678e-01,5.483586723003772700e-01,6.827037402993062498e-01,5.896396187777130926e-01,5.962621248367054871e-01,5.145486786265667245e-01,4.085746178541762585e-01,0.000000000000000000e+00,7.777667521637883219e-01,9.377869178670763528e-01,9.795341404625617088e-01,5.804982789492393325e-01,5.325121789745091982e-01,6.559173524095939234e-01,5.923527136054268505e-01,6.357903270072752244e-01,9.901879334349014128e-01,7.535288876189835117e-01,7.749730123919196245e-01,4.864724441032427515e-01,2.403399504853598878e-01,3.205409234977084076e-01,7.421170933302775330e-01,5.608515939835445607e-01,3.461192145824695254e-01,5.132155296130306299e-01,3.040155935968291701e-03,5.060641405039996155e-01,2.833184221550761328e-01,5.191978662244289833e-01,8.814468576074468986e-01,4.596633248238880531e-01,9.459773626512801847e-01,4.617087366156316097e-01,6.129551135696319486e-01,1.879176577593849595e-01,8.677423900019011205e-01,5.110746152249869834e-01,5.839540066125806228e-02,1.718855372026790729e-01,2.620320288775941364e-01,8.838912591313987654e-01,6.203622694073941402e-01,8.551957227358413238e-01,9.911614523347269667e-01,7.208875225374965501e-01,7.348011347961922457e-01,2.474193317372522793e-01,2.068291182676047224e-01,2.258499258667555076e-01,3.218167175356682064e-01,5.131629052141514213e-01,6.914132366508883853e-01,6.525406346969668814e-01,6.145881161086778066e-01,5.241439557455290776e-01,8.220792273899241165e-01,6.901975549136970534e-01,4.003364715236417126e-01,8.714716167531497693e-01,9.872689197386826931e-01,3.484082372636149172e-01,1.306879157848588602e-01,3.855896113983992013e-01,2.222052588577208554e-01,6.115563202522770192e-01,9.496936676645348907e-01,6.581022096936880450e-01,5.090862279493404419e-01,2.738255636534910331e-01,4.223398137210814252e-01,9.567545045914360724e-01,3.877371559084164063e-03,5.081827350316500125e-01,8.632104150574589074e-02
