0.000000000000000000e+00,9.220679122787629467e-01,8.859758274700790803e-01,6.276868605368571830e-01,7.746265004233778839e-01,5.042663986498702178e-01,6.030708644807482033e-01,8.992171914762140394e-01,8.705810844958918882e-01,6.393474877050903116e-01,3.689021778887603409e-01,6.033276033639318747e-01,9.548759109533562217e-01,6.592110784855045313e-01,7.308683379061234886e-01,4.130050820405458123e-01,5.223612459145610121e-01,7.172895368026370733e-01,4.771235722501162568e-01,6.078971080300920038e-01,8.989943757495294507e-01,9.955442996268792921e-01,8.740153235444173552e-01,9.246374671992080296e-01,5.950356105907153026e-01,8.804432377459382453e-01,9.090928417523645999e-01,8.095788545259067215e-01,5.768627561137267268e-01,5.075145501113439428e-01,2.546225588996084976e-01,7.574349681790277788e-01,9.198411191679015664e-01,3.677437856821078599e-01,-1.260024367236347587e-01,7.731373101583028928e-01,-4.613902851024009877e-02,4.536078692103000520e-01,4.298052374467946635e-01,6.832692899053562918e-01,4.930489781153457596e-02,8.773885940910775005e-01,8.966470721552640688e-01,4.993845267241107666e-01,6.295349428872297759e-01,9.121058206018211045e-01,7.919973216154049256e-01,5.876636207632007780e-01,9.031713034985496824e-01,5.220014777448858112e-01,6.023719640346686388e-01,9.819294362983599367e-01,6.370562059646298625e-01,5.383015023374567720e-01,8.352437461800270579e-01,9.366354489311055076e-01,8.213711512901242795e-01,8.844438162343262189e-01,9.640042694171354620e-01,3.087407234565541225e-01,4.628279320172122291e-01,3.282213078832233455e-01,6.101063622325209046e-01,6.817372736164587499e-01,5.172309327175265148e-01,8.980565504493205342e-01,8.599004906859306629e-01,7.973764103551284066e-01,7.871593389749650393e-01,6.490668456240947792e-01,3.324487454927959051e-01,8.970852730509283335e-01,4.586837875326137959e-01,5.224105220237899028e-01,6.958298549069790173e-01,4.925932472302524401e-01,7.228125439500051597e-01,6.987137108393988161e-01,6.964384668155744196e-01,4.803878444809802639e-01,4.478869866323428872e-01,8.859920053909959847e-01,4.493644190590956322e-01,2.426091810779877067e-01,7.075818398664481812e-01
9.220679122787629467e-01,0.000000000000000000e+00,6.244494877339248351e-01,8.952870601614248969e-01,6.813434043695774101e-01,4.377702999642367754e-01,7.075897316661965419e-01,5.927854803586549703e-01,4.808720707538562400e-01,7.664644647063652005e-01,5.968110117047352725e-01,4.622126743283413441e-01,6.155302368213599884e-01,9.889071251681049723e-01,7.428499013148716079e-01,9.959222512809318140e-01,6.639531769504194436e-01,5.930742199070261345e-01,8.265070267876855059e-01,2.841982456293754566e-01,6.929818553453291896e-01,4.710656120637574662e-01,8.010421610615560128e-01,1.049148440337775989e-01,5.026254658813766873e-01,6.246350850014232847e-01,8.202004969898587516e-01,8.243018223834498448e-01,6.615246801200046212e-02,2.670269474394968423e-01,3.403994909068215335e-01,7.707369266394725749e-01,5.177381703134378288e-01,4.857050704957378562e-01,2.263569596676357487e-01,6.313355021887825935e-02,6.693450462079888474e-01,4.169918990187289343e-02,9.284366313577887553e-01,6.888175989699214519e-01,4.533952685997541532e-01,6.373559527264018865e-01,8.255916894026595898e-01,5.401235224975489135e-01,9.953489485704902773e-01,8.845545745124879788e-01,6.225462726009647341e-01,8.781497002996748735e-01,4.219014684321757969e-01,4.772314158671177031e-01,6.595825225661912095e-01,3.791562155732371986e-01,9.000729802145661651e-01,7.489434785217928825e-01,5.232379717910891070e-01,8.401447874053982190e-01,6.892073412512826902e-01,5.471020817201871500e-01,7.849632350853860130e-01,-1.113723363590850973e-01,5.963563544422354479e-01,6.592254367960661554e-01,9.202090026140039569e-01,8.015522865088292592e-01,8.119696526182711427e-01,4.795639267715071652e-01,8.600825420167471647e-01,9.044558273683397376e-01,6.862484928732961453e-01,6.218548281253059029e-01,3.149947468293619046e-01,8.003065108602206434e-01,2.174108765950847622e-01,5.187601020151632047e-01,5.352191932434148258e-01,6.265524892618224984e-01,7.259956964988231176e-01,4.398734417189091861e-01,7.110672437126477341e-01,1.556124102794945729e-01,7.143235982935294270e-01,4.275462436366712082e-01,6.783263896614137867e-01,5.618084421994129496e-01,6.843879985492439255e-01
8.859758274700790803e-01,6.244494877339248351e-01,0.000000000000000000e+00,9.863385298356350805e-01,5.835647556735209518e-01,7.981518489309824549e-01,9.690257594701627841e-01,7.519771221385405102e-01,8.204236297639027065e-01,6.339146020053056940e-01,4.529633954311427235e-01,9.930280309886659884e-01,1.308354534952079762e-01,7.053019254007451000e-01,6.103179110753003123e-01,9.668427402566579509e-01,6.051993367919524802e-01,2.718880322849960285e-01,3.311826536652137110e-01,9.224759701499090081e-01,9.046144772110905619e-01,7.745816073072676611e-01,9.404433536460021781e-01,9.971729104028611568e-01,5.820388260666349289e-01,7.107757759990422919e-01,6.905984730648995207e-01,8.380121312976852588e-01,6.209943055725875016e-01,2.833401627826609426e-01,5.259928780180639363e-01,8.366925328836560816e-01,2.357452048448372417e-01,4.478162834410962523e-01,8.705819504912347684e-01,7.881317003574400681e-01,3.662874522349119921e-01,8.603275728511626808e-01,6.115324105931587706e-01,5.803272031384009155e-01,1.102377512269269166e-01,8.390991979577920590e-02,5.912691563153097407e-01,8.538087830734928385e-01,4.277453570027356378e-01,9.423662070258201906e-01,6.891669845357925039e-01,9.367515007379847436e-01,5.858980348008572259e-01,7.641456052077054695e-01,7.019551310173661740e-01,6.899050459894739973e-01,9.240821106105622240e-01,7.763885320168091297e-01,4.010699412567956257e-01,6.687351627891531258e-01,6.146752131311904455e-01,7.564714234944445170e-01,7.614608515015940382e-01,2.490924202256125930e-01,5.053659430952619491e-01,7.257705954829823947e-01,8.140039888217214248e-01,5.930851806417501981e-01,9.380316315063186305e-01,8.429587794350832386e-01,5.820042839383343658e-01,4.441090829782672889e-01,4.160057770472604943e-01,8.714390669498243147e-01,8.482984757514718810e-01,7.185040087877792025e-01,5.106420548706938067e-01,4.312727172263000064e-01,7.190193230845088879e-01,5.156205948510119708e-01,2.638948914141032720e-01,5.530478070541009483e-01,7.704924498926123411e-01,2.766184744214623126e-01,7.188194024248636405e-01,6.789196754573335602e-01,6.943491792361724535e-01,4.232514859077962655e-01,9.552425701508422407e-01
6.276868605368571830e-01,8.952870601614248969e-01,9.863385298356350805e-01,0.000000000000000000e+00,3.930847552522013233e-01,7.435949008862356990e-01,5.594358138674626613e-01,4.972587786107688368e-01,9.156914359099493916e-01,4.315903090502685169e-01,5.805983105697999358e-01,6.655485582502677078e-01,7.915297642629477437e-01,7.565181573242174551e-01,4.974123659252853713e-01,7.735829723563253379e-01,5.022084661268021444e-01,5.932770050683944252e-01,9.276246618570304081e-01,9.430661472423255143e-01,9.800464283600383020e-01,7.953371393018048296e-01,6.623128213543995058e-01,7.797496838584432322e-01,3.342963757409296299e-01,6.269579356156359529e-01,7.485753298615571705e-01,5.355483489724942592e-01,4.439443589928185885e-01,2.103859316928133882e-01,4.250798032748118738e-01,4.170964423940209387e-01,7.462725584183371730e-01,8.485949680136822826e-01,6.572888688559404002e-01,1.162644953544934856e-01,4.129839340134550119e-01,6.810313185259340152e-01,6.778619621953493324e-01,7.814907633133322262e-01,4.786650039224229491e-01,6.355630720936072953e-01,7.830915041334352011e-01,7.247294775320113347e-01,9.712821349534475068e-01,6.999321485369786044e-01,6.817939125103588127e-01,7.121244705348359627e-01,7.814847095670850452e-01,9.148175948452759165e-01,5.748602743293365069e-01,4.707377444547535261e-01,9.077661923507580610e-01,7.329351789627940317e-01,7.854188788444336211e-01,7.013102327732639862e-01,7.513677932174441798e-01,9.110163621990292615e-01,6.798943403228301374e-01,3.742811351665912278e-01,-1.422691438166935884e-01,7.954982024562589071e-01,7.362949002145213750e-01,5.867525744865285109e-01,8.344325823452299895e-01,3.864222229263296615e-01,4.869675172243705941e-01,7.469858968855952464e-01,5.048047817775100921e-01,9.120146010718717111e-01,6.228633992690056909e-01,3.889595922280311147e-01,4.174853487917109529e-01,4.577654623743868112e-02,4.449538842120101534e-01,2.882538573108875402e-01,6.443945172975183988e-01,4.460905805848843775e-01,1.479212888851857456e-02,3.130358183917284487e-01,2.669289124311846062e-01,4.155425622371926586e-01,9.261098991997942509e-01,5.882880443292136663e-01,7.111180431713715056e-01
7.746265004233778839e-01,6.813434043695774101e-01,5.835647556735209518e-01,3.930847552522013233e-01,0.000000000000000000e+00,5.387939212472629968e-01,2.370868408404088190e-01,5.320669496479211169e-01,2.377738662849631646e-01,4.799806654579027443e-01,6.977148756890524384e-01,8.289265725264990392e-01,5.269077327072912986e-01,6.695119525878507893e-01,6.040938886317003265e-01,7.366795869485629478e-01,6.721061415988160981e-01,4.337614982309448974e-01,5.800896467683444024e-01,3.200338699782506180e-01,4.863036290938348438e-01,6.748513081786073897e-01,9.466768060696262310e-01,9.991059307799265987e-01,3.179854639500223068e-01,3.812882420365774072e-01,7.762176533292333147e-01,8.393348020810119658e-01,3.164821528251922089e-01,2.285555794247526029e-01,3.279981210223876786e-01,2.315680940081310257e-01,6.068296635396402960e-01,6.806300800795124228e-01,5.480927511418970388e-01,3.901022258825486144e-01,5.334419546947425372e-01,5.266792849771518847e-01,4.095859652134874462e-01,8.561740716079249136e-01,1.499010604400582702e-01,6.094093752484860405e-01,6.149859802958549393e-01,1.901563095657760327e-01,4.769765737093866198e-01,6.187644454446817877e-01,4.937303590597046932e-01,6.955490205323832109e-01,6.692056726883537365e-01,8.516658462425064080e-01,1.062291828885879447e-01,7.898284287883996502e-01,7.282289821361528359e-01,7.198931917930462276e-01,8.349735190894417292e-01,4.412477177233794512e-01,3.560264437009980076e-01,9.234734345880428741e-01,6.593320899156304149e-01,5.434909575922539648e-01,6.167299671100082703e-01,4.909636688868456167e-01,8.768633750824624817e-01,4.706354717239050744e-01,6.041581303381379220e-01,6.426633257311809011e-01,6.945981720010562244e-01,6.510830189781560140e-01,4.366372164681431300e-02,3.970241762930177831e-01,6.897786488944438466e-01,8.657192637779780320e-01,6.581758413608729263e-01,2.578951328948138610e-01,4.380439474886760332e-01,4.859431218553981746e-01,4.796238826713570824e-01,5.287149213350297305e-01,4.945598392161315027e-01,2.574058181938036483e-01,4.156402780479293568e-01,9.645067703783846147e-01,8.810682111142131845e-01,-7.137017672606138508e-02,1.035268202590807207e-01
5.042663986498702178e-01,4.377702999642367754e-01,7.981518489309824549e-01,7.435949008862356990e-01,5.387939212472629968e-01,0.000000000000000000e+00,3.520752014915271011e-01,7.994246503154793793e-01,6.034163765703844939e-01,8.408149823135826484e-01,7.188866258762889316e-01,6.381377767233389342e-01,8.918844307689571815e-01,6.513637443820565753e-01,6.140312654439944451e-01,5.575170774701163623e-01,1.911523566686897657e-01,5.473773280462406188e-01,5.613334534314422530e-01,9.521803965571323802e-01,5.853858600378117338e-02,2.489593352877030319e-01,6.442207713002934266e-01,5.498448734541027116e-01,2.364619076006681253e-01,5.738384727177825440e-01,8.653302864252931936e-01,6.689035745931507515e-01,5.889298904025808135e-01,3.707561221357450476e-01,1.118522105294450508e-01,7.877539768717183311e-01,4.158831974770906270e-01,5.086836304811366283e-01,5.145425141118593615e-01,6.690426593356598728e-01,4.165542908863303362e-01,4.666954358181397700e-01,7.040804243660094830e-01,7.952804456122177790e-01,6.025123523970947748e-01,6.827736737060946526e-01,6.155670480097067410e-01,7.945710344537110226e-01,3.027322744575206559e-01,7.643400200873926575e-01,7.621018778158002993e-01,7.058103596061517937e-01,7.300675052580377633e-01,-2.875027378216787888e-02,7.566668181718764208e-01,9.554102885548039215e-01,6.659743492101415363e-01,9.672711720058718710e-01,8.766234025793628870e-01,3.731787434877634757e-01,5.256434513068225511e-01,6.476179239847099645e-01,9.909014175385499890e-01,6.882351663421437671e-01,2.695800985803041838e-01,5.529561599219779966e-01,5.560209544372508583e-01,3.926410833904078745e-01,7.648712981602754368e-01,5.367913127833394693e-01,3.256578681213715964e-01,9.566792737964125992e-01,6.630955079922099538e-01,5.279364330239122438e-01,8.526949859000795273e-01,3.168944438733310026e-02,1.282539973095259966e-01,3.916889501389659856e-01,3.870187551689979744e-01,7.235624126770868747e-01,6.522750741770005911e-01,4.716020074562286002e-01,3.707454265387011283e-01,1.213821888802975139e-02,6.753077731856873545e-01,8.805947453851969975e-01,8.096136241906239928e-01,9.370320624793940234e-02,3.835255153042548271e-01
6.030708644807482033e-01,7.075897316661965419e-01,9.690257594701627841e-01,5.594358138674626613e-01,2.370868408404088190e-01,3.520752014915271011e-01,0.000000000000000000e+00,6.993302586895042694e-01,4.805135185238023077e-01,4.347099025305170006e-01,5.735670824152626635e-01,6.908715909290499280e-01,2.414950898734319618e-01,7.309426009971462523e-01,3.815746520736270075e-01,7.565722582682772313e-01,6.173519341699128526e-01,5.286900541572062684e-01,-1.602620242299740427e-01,7.058893100590731828e-01,8.817865241220737005e-01,6.185751850922489581e-01,6.120234194203000300e-01,7.710072808397739896e-01,4.571932381283652091e-01,3.335857493910570071e-01,6.226385794856625910e-01,5.840891989833497666e-01,5.404731058470253480e-01,3.292186497723272876e-01,4.746658155910417065e-01,7.844044356965385045e-01,2.213430632350500415e-01,5.450483387268232338e-01,6.050515668545367598e-01,4.629958878677457590e-01,1.787183988328467921e-01,2.103996710493277744e-01,5.174668906560162540e-01,5.714849984877862221e-01,3.347460921362531705e-01,4.166706014597823526e-01,7.653746711936135760e-01,4.684465683781844358e-01,7.599945191001232780e-01,2.802511442508811013e-01,7.498995670599302166e-01,2.824777332628126691e-01,6.879310719814305530e-01,5.141605461534526356e-01,6.660302702910572137e-01,3.991205584888674052e-01,3.002413445369715994e-01,6.530127094282801581e-01,9.510461122024677083e-02,2.299965385614109736e-01,7.012572885877874640e-01,6.689672843087473009e-01,9.955706263785455423e-01,4.477332470330347980e-01,3.975969440932905496e-01,2.517227677644136019e-01,5.990635464910798458e-01,8.443868379963429538e-01,9.836013934295603223e-01,4.739224429619850465e-01,4.883719188934895206e-01,5.605123035888612826e-01,5.038359703833550363e-01,5.961500156014241242e-02,7.676441632917344604e-01,6.743008922757237622e-01,3.733717980526745084e-01,2.011560719051374568e-01,4.495974094837721369e-01,4.731673872231644262e-01,5.952059669671663222e-01,2.831495542381223252e-01,6.260903310367952335e-01,6.555282448475763420e-03,4.786307346612305169e-01,7.151616518372336806e-01,4.344398594488774745e-01,6.596634213282367432e-01,5.879468050584134575e-01
8.992171914762140394e-01,5.927854803586549703e-01,7.519771221385405102e-01,4.972587786107688368e-01,5.320669496479211169e-01,7.994246503154793793e-01,6.993302586895042694e-01,0.000000000000000000e+00,4.588888702645798068e-01,3.981016928108385700e-01,5.268837091543844275e-01,4.403769725039292648e-01,4.042402787522358931e-02,9.034480565769349436e-01,2.358336738888330564e-01,7.766523834661924752e-01,6.701397997884437352e-01,4.972788415360396841e-01,6.997877255881727043e-01,9.152434901817515511e-01,9.260947557856552548e-01,4.004602891930154063e-01,5.847255111066952393e-01,6.234341640277035745e-01,7.039529155543399197e-01,5.086161256955317178e-01,2.252417880901535219e-01,3.127326387248618444e-01,7.087614198705017854e-01,5.052938755196791920e-01,-1.538031711066163987e-01,4.017141504075283365e-01,4.557964050140223544e-01,7.843184439586565748e-01,4.669887429195638262e-01,2.313366394788032854e-01,2.903373846908829936e-01,9.782201045813032625e-01,9.931905382286017048e-01,7.735027514061713072e-01,3.322874249263340629e-01,7.796026573263914461e-01,7.111552549027536640e-01,6.964721331644478930e-01,7.070846737567417772e-01,-3.285468047409441650e-01,2.639989784226525193e-01,3.755589768448252541e-01,2.735336297600538535e-01,9.255476407768122860e-01,5.911918423487741991e-01,4.705103586662949811e-01,4.198858767327838803e-01,6.049440843415971880e-01,6.052596615067373786e-01,7.407691071172222141e-01,3.575980627564339653e-01,7.900452662804606785e-01,8.755611181153026834e-01,5.783839631972126361e-01,2.026503815802440864e-02,5.501906367297315636e-01,4.567238317867737263e-01,6.640554217807972393e-01,6.555982814340040044e-01,6.100327880742461018e-01,3.109929392084380129e-01,6.991257082650366161e-01,4.524573929561123142e-01,3.947053626676567117e-01,4.665732012229521497e-01,9.156176477101094502e-01,4.755610369269993032e-01,5.815751395921854305e-01,6.569585725603319659e-01,4.295409728712320518e-01,2.924868181977612336e-01,5.613938561433197139e-01,5.904771096613520287e-01,3.293480321704248537e-01,7.467476955355458745e-01,6.305982506781340202e-01,6.693290686083257501e-01,5.740755654092340177e-02,6.154200128499069944e-01
8.705810844958918882e-01,4.808720707538562400e-01,8.204236297639027065e-01,9.156914359099493916e-01,2.377738662849631646e-01,6.034163765703844939e-01,4.805135185238023077e-01,4.588888702645798068e-01,0.000000000000000000e+00,3.213567154350179811e-01,6.695744793173957765e-01,7.975740556144808036e-01,6.509026591728013234e-01,7.166184294250059761e-01,5.374298557614962668e-01,6.284847968333100443e-01,8.013508373366544646e-01,3.007977569607943602e-01,7.733824919186740310e-01,5.689091476640003586e-01,7.113980139417919180e-01,5.643958012254413070e-01,4.477472400980985201e-01,1.961048731007693224e-02,5.982005932708472917e-01,6.683711882623861733e-01,5.975448050235170339e-01,7.450537979195739346e-01,3.986420864689000920e-01,1.206586053259769420e-01,-3.486880382299250014e-01,8.655718120456390441e-01,5.111895674934687772e-01,7.450405763948547699e-01,3.356310087924698760e-01,2.338655295384848842e-01,2.405925490778025866e-01,2.926440756795805065e-01,4.808306943571107883e-01,7.273851729966656077e-01,8.233071665224401398e-03,6.296659255673889843e-01,6.690446922158529430e-01,6.169140339831034048e-01,4.065412042390417757e-02,4.325339853679212032e-01,4.932582709708490665e-01,4.470050973250411230e-01,9.654396205641703199e-01,6.868912850884744126e-01,4.380847329587144179e-01,6.087824333378405450e-01,5.581311802635777752e-01,7.829379772158822082e-01,8.912342030168154405e-01,4.492510141850736272e-01,7.542919066948672313e-01,7.220915729661476767e-01,8.375575011971307937e-01,1.635607388136023632e-01,6.948663143338296155e-01,2.511345282542434276e-01,4.889444092238838246e-01,7.340335256831791444e-01,9.254402983430626284e-01,7.823225934821997907e-01,1.798014366958438082e-01,9.185687682240970542e-01,6.935375977112056001e-01,5.806008591414951736e-01,6.341723305790601950e-01,6.973564992114077432e-01,2.829344497164340555e-01,6.500356296688239999e-01,1.384731936864954938e-01,1.280077894732206678e-01,7.694806716779769573e-01,6.839831495615739110e-01,1.286396772688496240e-02,5.729569141734391913e-03,2.242643240360340795e-01,9.805774743876364274e-01,7.092408943164477675e-01,5.408789342082356288e-01,5.684486542007917143e-01
6.393474877050903116e-01,7.664644647063652005e-01,6.339146020053056940e-01,4.315903090502685169e-01,4.799806654579027443e-01,8.408149823135826484e-01,4.347099025305170006e-01,3.981016928108385700e-01,3.213567154350179811e-01,0.000000000000000000e+00,5.728655466527367013e-01,3.481499865123491855e-01,8.277996076838527451e-01,5.254196047408454806e-01,2.753815322951045919e-01,6.861545506222717083e-01,8.726819647892293252e-01,6.210100162470811869e-01,8.385859980625662846e-01,6.537739241003628354e-01,6.664904807657349162e-01,6.836669551614117379e-01,9.423632723000077149e-01,8.681460954336195357e-01,8.139452738473339499e-01,7.016166743349515622e-01,2.376003453575726287e-01,9.840434709829617432e-01,4.364816960409597657e-01,1.469979969664536312e-01,4.131905817189368557e-01,3.089724399499363949e-01,3.991339812727985326e-01,4.680986528550709624e-01,5.049014557714465168e-01,4.775750026488149724e-01,7.010297533331553144e-01,7.340535547149261708e-01,6.614778332191847410e-01,4.495606878581015486e-01,5.785825986571603297e-01,8.710695029756903018e-01,8.906492378011143796e-01,1.110377143130408251e-01,8.941353048571029083e-01,6.339221229226063015e-01,7.845506554975535396e-01,5.505933073527886634e-01,5.457625537110883940e-01,7.099538343645733773e-01,9.124981099927828021e-01,2.279227547517218289e-01,7.759499649824697087e-01,4.769076388459188576e-01,9.611153289235941921e-01,6.906607305008881648e-01,9.323031288495028379e-01,5.893954806108716582e-01,5.824933024167926465e-01,3.921957276095386913e-01,4.022139471100584229e-01,5.688475067006082408e-01,5.466437942763935354e-01,9.149118443065992201e-01,7.203009727901147352e-01,6.131603802238938528e-01,8.298430412656176980e-01,7.449632671886390334e-01,7.454256279506858984e-01,9.503263853476044964e-01,8.763538109344933824e-01,2.544010852210039086e-01,1.480809546685757094e-01,3.353544190626801536e-01,3.173075793645817599e-01,5.006511390393163508e-01,7.283519549657890835e-01,4.276499171816010580e-01,2.868714361461717210e-01,2.107458267355332981e-01,8.314232852976468635e-01,5.188325977008220180e-01,3.664753161270507542e-01,3.955820050091831686e-01,9.809325028786919365e-01
3.689021778887603409e-01,5.968110117047352725e-01,4.529633954311427235e-01,5.805983105697999358e-01,6.977148756890524384e-01,7.188866258762889316e-01,5.735670824152626635e-01,5.268837091543844275e-01,6.695744793173957765e-01,5.728655466527367013e-01,0.000000000000000000e+00,9.662613410519600432e-01,6.924568817684428890e-01,6.879194992356658656e-01,7.555130448181478497e-01,7.769448217637014986e-01,6.723775863851095824e-01,7.451736316738053478e-01,4.413757587618757916e-01,8.177739705237463408e-01,9.154630969901046411e-01,9.268474768565828636e-01,6.626259033557091449e-01,6.654419359965906278e-01,1.445004516100698855e-01,6.577658227239557842e-01,4.636441453498499898e-01,2.404176932419062607e-01,3.429139546332571342e-01,4.657821223619376116e-01,1.463076783596620467e-01,8.765357382454899149e-01,7.478920093820472514e-01,9.642805464783030800e-01,5.356381841056894189e-01,5.190258181785563085e-01,3.747422178065552556e-01,4.878495237926822603e-01,7.914178186013247629e-01,7.868358753391259119e-01,4.478484503661617766e-01,2.210520113428532940e-01,6.685900547472110045e-01,4.863493312008750902e-01,8.213054159574113555e-01,7.154461113812935480e-01,7.508203931853494328e-01,7.987983801185272181e-01,5.800971097888120154e-01,5.643964680158686242e-01,4.091444542107318671e-01,3.836720134086887279e-01,6.403845836812118719e-01,6.846599458696012684e-03,8.830220420190517672e-01,6.687478555804219349e-01,7.003490946850333687e-01,3.239195119087296959e-01,4.853745237846339711e-01,7.217901426023574929e-02,7.890633991130997504e-01,6.841825106738265161e-01,4.732774254477126741e-01,9.566874320224165729e-01,9.453832566997315556e-01,4.738577908077409861e-01,9.162917866789900279e-01,5.272543568118117641e-01,4.593113577849687879e-01,-2.152120090328474289e-03,6.514632115622265296e-01,8.063078451219458653e-01,2.091896446867074766e-01,3.479272651932394655e-01,4.082248232918711528e-01,9.491185460625758408e-01,1.740354924911006185e-01,3.004265840302444701e-01,3.204205649504838771e-01,3.447244133949073364e-01,3.180410668934523510e-01,3.381665424663789221e-02,9.265831562687191214e-01,5.616827786918520138e-01,3.333578617623398355e-01
6.033276033639318747e-01,4.622126743283413441e-01,9.930280309886659884e-01,6.655485582502677078e-01,8.289265725264990392e-01,6.381377767233389342e-01,6.908715909290499280e-01,4.403769725039292648e-01,7.975740556144808036e-01,3.481499865123491855e-01,9.662613410519600432e-01,0.000000000000000000e+00,7.955195853293797748e-02,7.482043419261994455e-01,7.873554942299294535e-01,8.259216733997101212e-01,7.025684405430413504e-01,6.478475022490493007e-01,2.870599191915649273e-01,7.349398653714203089e-01,9.960478006136619378e-01,4.682504587792440942e-01,7.344655461783442529e-01,4.696786984461244763e-01,4.586903236044371224e-01,4.703108992130073940e-01,7.214099221439006504e-01,3.469860771092672103e-01,3.941360980691931415e-01,2.385155828989436733e-01,4.285839406650053807e-01,3.456318763952289097e-01,8.860719547104056737e-01,3.797287645207673146e-01,2.553164939184670579e-01,1.271868401944435678e-01,3.357608944208251289e-01,3.783681042127030603e-01,3.598653423612190316e-01,6.293046635291087432e-01,7.394136594612227276e-01,4.903844016237269843e-01,6.943552701194144472e-01,5.483368808397836025e-01,8.059337922379327113e-01,4.894855748612478297e-01,7.925371625518262686e-01,2.351330464286990884e-01,2.695061266847943449e-01,2.650912128774508547e-01,4.667477136158524886e-01,2.905693055014966220e-01,4.297957266159703749e-01,6.463075363602235335e-01,9.239901883209039601e-01,6.814153132709127592e-01,2.481505317963371704e-01,9.748318172332011144e-01,9.576420519458187508e-01,6.149887432172127522e-01,5.532308060945180239e-01,6.143873238292536509e-01,4.687461615540646775e-01,2.938568401180816636e-01,8.139653327215990997e-01,6.978217108482596132e-01,7.441059804349334783e-01,5.922621238440961555e-01,3.822863660416709330e-01,4.107521234770210583e-01,6.667603340107152166e-01,5.266329392691833089e-01,4.261662929548329370e-01,7.033938733631900364e-01,6.178755909504419774e-01,4.536629230838564175e-01,2.638171616128209829e-01,5.986204946782952563e-01,2.386050708154541788e-01,7.963451447863927335e-01,6.226395551674481776e-01,7.904629045437783219e-01,8.731337866736033071e-01,8.917212390021378443e-02,9.092913458564454432e-01
9.548759109533562217e-01,6.155302368213599884e-01,1.308354534952079762e-01,7.915297642629477437e-01,5.269077327072912986e-01,8.918844307689571815e-01,2.414950898734319618e-01,4.042402787522358931e-02,6.509026591728013234e-01,8.277996076838527451e-01,6.924568817684428890e-01,7.955195853293797748e-02,0.000000000000000000e+00,6.171620935045897260e-01,7.639195941777052745e-01,8.882029738423419252e-01,7.857645713840335500e-01,6.381261740257534454e-01,9.387759691914687732e-01,7.944833302986447077e-01,6.406064530474515628e-01,2.822168053817540878e-01,7.564696154651758819e-01,8.919821828290440680e-01,5.277414856304512014e-01,8.679351653658464727e-01,4.291871763750261248e-01,3.822372793458846119e-02,4.320655649000447185e-01,6.627758489145167964e-01,7.586378329777299090e-02,4.347429541191487057e-01,6.944278187492043397e-01,8.902172002507943160e-01,4.142649897367637890e-01,1.013388322971042754e-01,2.165469846825598954e-01,2.119235443645322570e-01,8.053954852519221719e-01,6.548640843346436036e-01,3.452586428534830665e-01,4.256559334763975189e-01,7.161157936003311741e-01,7.350201984764408447e-01,6.205657290508187485e-01,6.264922418171179341e-01,6.834701878319530133e-01,6.852947904676882640e-01,8.181553564261352385e-01,3.132432664218791074e-01,9.782954375122854263e-01,6.273412344722311129e-01,7.331801674158366922e-01,3.773034264494046774e-01,6.829068921772053491e-01,6.721010989009081893e-01,6.323539987700761422e-01,7.263026812602446647e-01,6.613969971982626150e-01,1.627070929135914293e-02,-8.501757228267403654e-03,4.669909593246744373e-01,4.628063406846072980e-01,5.869979296864276108e-01,7.857061060122574325e-01,7.354212767616838953e-01,8.540462119595030321e-01,5.133783267559184349e-01,4.700794374796068986e-01,6.669230913404760042e-01,9.106138406922762440e-01,5.172349789313966939e-01,3.581782959041881487e-01,2.914862464315120527e-01,3.346171100031709589e-01,8.214484488084063951e-01,7.239580515014324424e-01,9.847854531859876470e-01,2.878088872727170289e-01,4.549989849611876247e-01,4.693096160267115624e-01,7.861265977427450702e-01,4.190962463755136813e-01,4.856002792476005192e-01,9.360280493638328814e-01
6.592110784855045313e-01,9.889071251681049723e-01,7.053019254007451000e-01,7.565181573242174551e-01,6.695119525878507893e-01,6.513637443820565753e-01,7.309426009971462523e-01,9.034480565769349436e-01,7.166184294250059761e-01,5.254196047408454806e-01,6.879194992356658656e-01,7.482043419261994455e-01,6.171620935045897260e-01,0.000000000000000000e+00,6.595473725434963796e-01,7.958131214708095147e-01,8.850664179676114296e-01,1.924494957415778806e-01,9.480746149096017650e-01,9.498607114579780131e-01,5.247058648628513122e-01,2.448771787287684076e-01,1.063330985208660595e-01,2.380867498711398134e-01,4.900241822651097978e-01,5.938244550022220292e-01,7.818218895217399211e-01,4.014005299267237037e-01,7.901865597664408103e-01,3.109975941138378719e-01,4.320726770531265748e-01,8.072416732663574290e-01,7.940443170647772941e-01,7.149858529335755275e-01,7.863768590545565651e-01,4.821773053082169525e-01,5.428889328994294106e-01,7.145741200297205109e-02,7.999887424019747062e-01,-1.502236825963898514e-03,2.596327749651886063e-01,9.255013345544402803e-01,7.785892908754008523e-01,6.495289618289443734e-01,7.493184201418163770e-01,5.541185455330105425e-01,6.975092827296328624e-01,6.700183211801619132e-01,5.984531795683514233e-01,7.301617529795405570e-01,9.269796281436327723e-01,6.839911013788760874e-01,6.086705212168587176e-01,9.793305778284624452e-01,6.434179579368234370e-01,7.575613787555541823e-01,5.331035643249683043e-01,1.311976852672891991e-01,6.499304949630283490e-01,-1.515264411105776698e-02,5.073300049114123356e-01,9.085346233209540268e-01,8.675015769831361245e-01,9.957912177574503865e-01,2.419813049618507184e-01,6.493310021705436252e-01,5.247734651188993293e-01,9.730538213042082551e-01,6.580997096319869399e-01,9.376364034360500366e-01,8.511873813865354910e-01,6.713363442645298163e-01,8.497313511610991854e-02,3.412465994606893593e-01,7.872857395259000857e-01,9.735275135506323840e-01,6.013144181878452565e-01,9.325439001349735690e-01,6.235958965799913711e-01,2.750993865190244358e-01,3.422481316276691499e-01,6.410456403343024467e-01,8.362923650959002142e-01,4.055140057902637540e-01,5.846181865071051753e-01
7.308683379061234886e-01,7.428499013148716079e-01,6.103179110753003123e-01,4.974123659252853713e-01,6.040938886317003265e-01,6.140312654439944451e-01,3.815746520736270075e-01,2.358336738888330564e-01,5.374298557614962668e-01,2.753815322951045919e-01,7.555130448181478497e-01,7.873554942299294535e-01,7.639195941777052745e-01,6.595473725434963796e-01,0.000000000000000000e+00,7.794056850203203712e-01,8.360080490516572649e-01,2.555435449717209928e-01,7.583775792933294957e-01,7.327133245361293623e-01,7.203325127468136468e-01,6.218744179332633681e-01,1.211727704525359245e-01,6.787323039785440049e-01,4.765171377570762146e-01,8.358625087206388304e-01,5.118579883192756474e-01,4.410842722681592720e-01,4.796159380257730698e-01,1.790184093886981742e-01,5.824290736531992918e-01,5.850289894185907169e-01,5.814000730378432458e-01,2.227293045908864400e-01,2.925347615801986434e-01,3.795931202588239683e-01,4.401815800038312299e-01,3.079240976950052278e-01,6.885411409490230783e-01,4.082269357518071295e-01,1.846342098964268430e-01,6.549755558961389834e-01,5.603207700174289707e-01,7.233440629094385343e-01,6.852309053838814279e-01,8.701359577942850976e-01,3.185916788874949557e-01,5.314611336316723555e-01,8.707489319572746522e-01,5.119632177676810558e-01,2.743576984883818737e-01,7.630356735099608212e-01,5.862183175305533123e-01,6.906866716155652952e-01,6.276258758700047347e-01,7.320972077034639813e-01,6.324936775109110121e-01,6.940475368123566469e-01,6.536514804433710690e-01,7.364590900674676810e-01,2.419028146631543863e-01,5.395449757454207074e-01,6.677416173949928258e-01,8.124115414408574765e-01,5.741830091753211684e-01,6.726419970905871404e-01,6.097631177872083752e-01,4.169167905189272716e-01,2.018121766181438237e-01,7.100201211607501950e-01,6.179085537844185572e-01,3.330001991731406097e-01,9.038030859391305016e-02,2.226651414285868991e-01,2.690436263542958506e-01,6.067611723247999800e-01,6.682444262500409904e-01,1.857054907743575234e-01,4.764725562054942798e-01,3.772941728621473922e-01,3.610890306195402299e-01,9.907276391242743063e-01,4.934649199818368914e-01,2.640181915838403226e-01,4.166920662010316634e-01
4.130050820405458123e-01,9.959222512809318140e-01,9.668427402566579509e-01,7.735829723563253379e-01,7.366795869485629478e-01,5.575170774701163623e-01,7.565722582682772313e-01,7.766523834661924752e-01,6.284847968333100443e-01,6.861545506222717083e-01,7.769448217637014986e-01,8.259216733997101212e-01,8.882029738423419252e-01,7.958131214708095147e-01,7.794056850203203712e-01,0.000000000000000000e+00,9.591511357117371572e-01,7.195626795276857113e-01,2.903032051655776158e-01,6.963339805193562437e-01,9.854148602693627579e-01,3.127823694223453854e-01,6.011533288921550033e-01,8.063286744578678222e-01,5.432346957533876752e-01,9.580476528773673728e-01,7.735411143834252101e-01,5.760350984864390789e-01,6.619163401717454986e-01,2.253333175931188648e-01,1.815897067215650751e-01,5.645268276018132747e-01,9.516076815268913469e-01,9.713843945018187931e-01,4.597077198629425099e-01,6.052304284928099465e-01,2.708980480672824598e-01,6.712893442474852090e-01,7.085664353719564046e-01,8.476112534849880031e-01,4.458229996932903116e-01,4.510686790504411792e-01,6.455311804386878460e-01,7.208120451062897116e-01,6.871709988706711236e-01,7.625717829173597750e-02,4.468787476954424465e-01,4.982888247872375720e-01,4.322969497814120876e-01,7.323438326461766401e-01,6.820154586513704764e-01,5.366662341867767250e-01,8.193493148894767097e-01,5.890656819375320596e-01,7.851852479621657110e-01,7.256723720139712785e-01,8.866954070168728830e-01,4.007961223803374606e-01,6.286374490736410525e-01,-1.432474141333679729e-01,6.685076355961374617e-01,6.547025598767896026e-01,5.856494269085132931e-01,9.601170509254072227e-01,6.738325671868837796e-01,4.616238278201283962e-01,8.610308085167708292e-01,4.441343514482000709e-01,5.240644322289071955e-01,7.033220897761809365e-01,9.195994775250037057e-01,9.311839798487894226e-01,4.436503785504980479e-01,4.626405987282522503e-01,7.996919899081273986e-01,3.370184758637302380e-01,7.155122017754107500e-01,3.783060290102511214e-01,5.283594593982009480e-01,-1.835913235717193948e-01,5.497897840386130053e-01,9.577955775123125903e-01,4.379215177729159914e-01,4.163592435557016969e-01,4.857098731655346002e-01
5.223612459145610121e-01,6.639531769504194436e-01,6.051993367919524802e-01,5.022084661268021444e-01,6.721061415988160981e-01,1.911523566686897657e-01,6.173519341699128526e-01,6.701397997884437352e-01,8.013508373366544646e-01,8.726819647892293252e-01,6.723775863851095824e-01,7.025684405430413504e-01,7.857645713840335500e-01,8.850664179676114296e-01,8.360080490516572649e-01,9.591511357117371572e-01,0.000000000000000000e+00,4.684335340742833975e-01,7.822796076889686478e-01,8.246245103824990652e-01,5.385132797145355532e-01,9.855644141538546510e-01,5.524979948448770495e-01,8.992801330431966500e-01,4.075045534831845950e-01,7.256489500799373493e-01,7.103113166178094406e-01,8.247687393942545464e-01,1.645125108187009966e-01,1.343056128036774766e-01,2.358698801707815318e-01,8.115415934963082778e-01,8.158161623917561389e-01,4.176991182781684686e-01,7.659586575705111811e-01,3.259012238297850361e-01,5.726139634625867503e-01,4.867857821865315127e-01,8.194893278106393231e-01,6.869802077779794125e-01,2.807946856267827251e-01,6.222183253834613348e-01,6.035166209623680222e-01,4.281507654087536308e-01,9.656251437907623636e-01,5.657235477334219276e-01,5.683226654787295606e-01,6.273144465974253015e-01,9.113948475951365591e-01,9.808235613866295166e-01,6.465245892985256315e-01,9.393034079911793954e-01,2.378378174141126955e-01,9.574682590198726473e-01,8.361286743642252217e-01,7.368673064781452453e-01,5.310715723039551861e-01,2.452594325022715294e-01,6.861429597057858709e-01,4.427715907831328290e-01,1.536783488534408937e-01,6.904647662511059769e-01,6.471332618340877030e-01,7.159465432010072572e-01,6.197617791978884405e-01,-1.687272475894307511e-01,7.304719683994612689e-01,9.362610439171720200e-01,7.861747183113998449e-01,9.429529791650483883e-01,8.260656861667245998e-01,7.267518354391947488e-01,-1.487875844141627879e-01,4.016325381020370289e-01,7.646606643830540229e-01,8.113672714108506323e-01,6.675156581641202846e-01,5.328859711644227115e-01,7.696504914413001552e-01,4.759457603741901188e-01,2.606975279016456315e-01,7.019433959307794790e-01,7.815408513181378858e-01,2.120528160960926389e-01,7.086552621008231911e-01
7.172895368026370733e-01,5.930742199070261345e-01,2.718880322849960285e-01,5.932770050683944252e-01,4.337614982309448974e-01,5.473773280462406188e-01,5.286900541572062684e-01,4.972788415360396841e-01,3.007977569607943602e-01,6.210100162470811869e-01,7.451736316738053478e-01,6.478475022490493007e-01,6.381261740257534454e-01,1.924494957415778806e-01,2.555435449717209928e-01,7.195626795276857113e-01,4.684335340742833975e-01,0.000000000000000000e+00,7.067225610960938820e-01,7.371961229549806038e-01,6.761081780067690339e-01,9.384662197767198455e-01,5.874033293465544814e-01,9.946036330033926065e-01,5.400842374948231495e-01,6.161255269100224252e-01,6.616507061874528084e-01,4.426086017558454877e-01,2.285420489249495035e-01,7.687964953710724192e-01,1.947224028700362819e-01,5.795143492794299078e-01,3.381499571840725915e-01,5.473173886821232070e-01,4.431588526052895882e-01,5.043789052873691725e-01,2.574165060606328215e-01,3.993436304847671758e-01,7.771793014043503200e-01,7.397924347535700385e-01,5.902091702645176907e-01,7.844110581711916108e-01,8.062873329875240858e-01,9.889747610196666372e-01,9.030762221539709866e-01,7.573780898524922200e-01,7.474885507433508547e-01,4.898925590309051170e-01,9.307402775469035827e-01,7.144232162741046555e-01,7.692382610476302673e-01,4.448817437512825324e-01,6.493672330896025358e-01,9.353300115777146706e-01,6.239293207061434865e-01,7.483254814582693815e-01,7.520010108817056782e-01,5.960250491086569458e-01,3.465052433497328895e-03,5.539726283393953121e-01,2.561273744677502462e-01,5.944710347732882205e-01,5.211758677045078558e-01,2.764471447070481203e-01,5.328960509293123593e-01,7.959712113017286539e-01,1.761382655880060766e-01,7.533344977650244800e-01,5.480860103586424614e-01,7.789368450208775663e-01,6.903141187062374895e-01,3.276108226495538789e-01,-3.999493754700187975e-01,5.244087791909505247e-01,7.844191832074294268e-01,6.315112397555755486e-01,8.009633321817773988e-01,4.816050970577806511e-01,1.381893844999790288e-01,-1.032457526275543103e-01,6.740812634938811998e-01,6.613102298218261899e-01,8.456949217473679337e-01,5.578167502605531070e-01,7.588005795169932011e-01
