0.000000000000000000e+00,9.088610921735971182e-01,9.903913697614639133e-01,8.186486372247343546e-01,4.883868116549288652e-01,5.069029010709732441e-01,5.913194277987212644e-01,8.359333651070184334e-01,8.457843063700257735e-01,7.341583998346494777e-01,5.183080342896031478e-01,8.996068646386952139e-01,4.569236452531204029e-01,4.139319438130369955e-01,6.326649507847805776e-01,7.565427427432100949e-01,6.816487634968425580e-01,9.418237944208290857e-01,4.914588349014117896e-01,6.588766076095591284e-01,5.218495453523194216e-01,6.228022136007965726e-01,8.064531249514577116e-01,6.294706608868375630e-01,6.678485400227643920e-01,7.947694331328192252e-01,9.898757393220636303e-01,6.930935850168274959e-01,-1.520910486024066866e-01,9.700660575096586857e-02,2.010928044964116201e-01,6.554511882168772008e-01,8.614390010539332287e-01,6.100137698829630750e-01,8.395150647991154180e-01,2.778093863409574205e-01,4.230184290736906383e-01,8.974512373376349883e-01,4.115035970814797106e-01,4.337057123661783309e-01,2.107539700736309196e-01,9.589514853064485811e-01,2.572978506853021430e-01,7.707151327429018206e-01,9.375509609350599627e-01,7.415151028248768705e-01,8.676162536341988085e-01,6.307328496553237240e-01,6.910424350123179904e-01,4.763180547864334091e-01,8.181010636950094561e-01,8.604040491572567673e-01,7.534667483897041773e-01,7.898904246660067852e-01,9.729459758935812275e-01,7.877529064179068508e-01,8.000711507777694687e-01,2.414648164119549689e-01,5.030618837562547130e-01,4.550379038300161882e-01,6.261250177744633882e-01,2.294287036192306506e-01,8.506811945417303011e-01,3.039153614572411288e-01,7.829631477400031958e-01,7.356881114319804293e-01,6.251223775923923087e-01,9.981204264343617183e-01,2.284745238346206353e-01,3.546948727979206684e-01,7.630147661349340193e-01,7.235994370627437666e-01,5.449795134216797177e-01,1.877146740129714275e-01,9.272873928787612741e-01,4.084345537916622138e-01,5.387849214998098324e-01,8.800149836920335700e-01,2.379619842701344301e-01,3.333853999508238353e-01,1.634456141470079782e-01,7.591606242142746597e-01,5.753797329848097108e-01,-9.484273320942068763e-02,9.627410861159232391e-01
9.088610921735971182e-01,0.000000000000000000e+00,8.495656458752036677e-01,8.717679969232393633e-01,6.845374304906668428e-01,6.866830031273166712e-01,6.489506211171507388e-01,7.964909933094406203e-01,6.405733934026404119e-01,5.104908916571516686e-01,7.846748109869625676e-01,2.363247157992700020e-01,6.214687214900480594e-01,9.331435125286761112e-01,3.751836334384680560e-01,7.467307227758490651e-01,8.626894994745510914e-01,4.251378326441943023e-01,-9.858882223976718484e-02,6.241656493335994149e-01,9.151740580709800676e-01,8.777602460028761655e-01,5.864041482952062623e-01,2.116271533333294319e-01,3.849337759102348655e-01,5.698983163826945031e-01,6.932161965127561221e-01,6.867133671809146911e-01,7.216901174761619631e-01,7.768568236425333895e-01,7.677032074835543618e-01,5.830431598043903652e-01,5.878966685556307192e-01,3.151297015161650394e-01,2.537020223286819975e-01,7.022407233979681696e-01,9.777532084913796717e-02,4.905306978171222188e-01,8.950621873421814589e-01,9.555310799459767468e-01,5.815880772123592779e-01,8.518633455797074427e-01,7.207184470522759456e-01,6.044925688319735535e-01,6.190494749586775702e-01,8.196951144131339184e-01,8.232224907632358368e-01,1.022498006324994019e-01,4.899504976175065307e-01,4.984430660775456823e-01,2.468972750511815584e-01,9.115386233153912610e-01,8.914130480163823256e-01,6.871161850742844024e-01,7.084653113025980442e-01,7.238448123021232750e-01,4.496825382860794029e-01,6.405404348943186665e-01,6.959615888169373710e-01,-4.196302399392926041e-02,2.225285355491178341e-01,5.134385470363298509e-01,5.922409993013508789e-01,7.831437973085221271e-01,7.951617488992569482e-01,8.415531345083764325e-01,8.398758411078961483e-01,9.615779229590126764e-01,5.117998788708196800e-01,1.657316962223322476e-01,6.138713266221851317e-01,8.019232849408391983e-01,7.753754022456519346e-01,7.297454543723027598e-01,5.112832352198238839e-01,4.452227498885560353e-01,4.265866763123159489e-01,7.501434516933070951e-01,5.260613868462284959e-01,2.391225600256219053e-01,2.233446153683603663e-01,6.923753025728783816e-01,7.844365005062404750e-01,4.282703335060993322e-01,6.910210745647441533e-01
9.903913697614639133e-01,8.495656458752036677e-01,0.000000000000000000e+00,8.865218268450368866e-01,9.103286281536544511e-01,8.874510411413637501e-01,6.647438842919960456e-01,3.590521148454629552e-01,8.740867320717357059e-01,6.976566568993460837e-01,8.571371735902041378e-01,3.606625871581974341e-01,4.412868346487275883e-01,8.163917991478544245e-01,9.240653098864259896e-01,7.619932039345844732e-01,8.482824169465599251e-01,4.120058072370573754e-01,6.021870115042005089e-01,7.141945606633068877e-01,5.328150736867974802e-01,3.791320947718267997e-01,2.905956274366482961e-01,7.823598241069976700e-01,5.132209797572235832e-01,6.875466984430016470e-01,9.777492668164224909e-01,7.621805001547560243e-01,3.964173835654430378e-01,3.169693467207901350e-01,-9.625820558564740503e-02,6.325659180084074462e-01,9.603512817804292778e-01,2.511378536446739473e-01,6.743441956658224878e-01,2.028098699824129880e-01,4.788025684160127637e-01,6.579767164328864659e-01,8.964065929873067384e-01,9.921483451921501162e-01,4.823742142390074483e-01,7.348525218613708443e-01,1.173649869293287573e-01,9.178383994944030455e-01,7.041663504907395010e-01,8.008152707589746289e-01,8.252119721120196871e-01,7.657079485920660344e-01,9.134710043734848295e-01,8.064671973275570060e-01,9.136182997068551526e-01,7.242976691834818181e-01,9.112155793137878268e-01,9.366720575962037554e-01,7.338396158646258716e-01,9.495327405572927537e-01,6.894210906828029950e-01,8.674778005133787495e-01,7.545267871025891360e-01,4.055551617533399433e-01,4.637092151669708340e-01,6.108030336657453985e-01,8.935671116638691514e-01,6.529284686186357378e-01,8.225221122912848015e-01,1.577134428488837989e-02,9.089049791726054872e-01,8.639444240583512569e-01,5.068957901492898710e-01,5.022289254043791340e-01,9.379359355404067733e-01,6.236696236627511380e-01,5.473616560562988287e-01,3.033753904544321256e-01,9.704826731568770848e-01,9.107184265700087877e-01,9.943369461057667280e-01,4.892009655688595027e-01,6.069916585437635792e-01,3.306821447002700198e-01,8.449434399210552504e-01,4.294544679759559891e-01,9.001910669427422018e-01,6.991191353670070940e-01,4.061439825098694389e-01
8.186486372247343546e-01,8.717679969232393633e-01,8.865218268450368866e-01,0.000000000000000000e+00,5.013877607354200183e-01,6.538527866561465451e-01,4.514558707619698019e-01,6.021025013999876663e-01,6.449536352511274773e-01,4.204640945856087941e-01,3.854853268051439130e-01,5.035289583001787417e-01,7.372444134047269060e-01,7.048625209697104710e-01,7.763306823233049325e-01,7.760868407257160984e-01,9.892754193443914490e-02,8.179165683614755267e-01,6.976277380473927536e-01,7.506380110991522914e-01,8.560604315548709931e-01,6.997323900201862790e-01,2.304627394504910609e-01,8.722955939809127202e-01,4.802700377277497323e-01,4.000558955337863432e-01,7.554838946537809630e-01,3.399800148804380528e-01,1.585771177315353497e-01,3.082579216547229883e-01,3.056477484272545619e-01,7.562110173569800420e-01,6.153458544698332533e-01,6.893701124836162375e-01,8.576743400716240195e-01,3.412017778160277293e-01,2.955583986343920389e-01,4.165976522900334822e-01,4.098661807984154137e-01,2.570463974847484456e-01,6.076682858385760166e-01,9.184608033821786144e-01,7.333123687216914766e-01,6.309951332638696897e-01,6.200851211604988533e-01,5.144007062618722870e-01,9.875627586094033461e-01,4.007046780484211368e-01,4.723594553642461724e-01,5.682425035107082634e-01,8.815491732010423132e-01,5.275720902565004394e-02,9.716473022363554257e-01,9.872781456368082686e-01,9.979436532218607381e-01,4.214840391373735340e-01,5.275224363573131070e-01,7.929589074294137729e-01,8.824664000620218163e-01,1.166465804383414462e-01,3.744557417638024743e-01,7.413059633378207280e-01,7.676363406920285737e-01,7.158599206382404434e-01,4.364397627015050851e-01,9.567571700875281415e-01,9.715971170778042731e-01,6.960965860039666220e-01,5.563962765167043134e-01,7.468947973080162228e-01,5.349101492886814135e-01,6.860172697761903748e-01,-1.519319366416800876e-01,5.011118693113605360e-01,7.690837716776129929e-01,2.781294625596224535e-01,7.117643388295505913e-01,3.364775272996231026e-01,4.844484616232485052e-01,1.706844641648048722e-01,5.106719797113984383e-01,7.814986887661582449e-01,8.326308022911448337e-01,6.839411922117152320e-01,7.576432341273582338e-01
4.883868116549288652e-01,6.845374304906668428e-01,9.103286281536544511e-01,5.013877607354200183e-01,0.000000000000000000e+00,5.674974866407991314e-01,5.493427882292609699e-01,4.573012318050941327e-01,5.069828760421682956e-01,6.481026100766096310e-01,7.579386220575792255e-01,7.797997404815996125e-01,9.298690986143040016e-01,9.667986340669590950e-01,6.642596790467563128e-01,9.509644460476093242e-01,7.568693136939759203e-01,7.082902737987564201e-01,7.746075900376048207e-01,7.002967782914597539e-01,8.066515998382087771e-01,5.125949258913395923e-01,7.769825227988239602e-01,9.069925674691537987e-01,4.833904180133775652e-01,3.578485090767236088e-01,8.498218928192777799e-01,9.591894717289232153e-01,3.488777811941818907e-01,5.410397608792916202e-01,5.327194875423626463e-01,4.531689763110169911e-01,7.728210239711443830e-01,7.109874264683460066e-01,6.419574774922838234e-01,5.239315993331032928e-01,5.674988095636528396e-01,7.210066292181070979e-01,7.127696081877358258e-01,8.344261249824100890e-01,5.584569591832944102e-01,6.724879379245205513e-01,6.446899793045677285e-01,4.785044579703660039e-01,8.978611248204859674e-01,3.623373702835852583e-01,2.807078106228955150e-01,9.485910515197054638e-01,2.345409463644770320e-01,2.086564876132150081e-01,5.916243753423787721e-01,3.431316563821327770e-01,8.543898003881565950e-01,9.811131633074945402e-01,7.523238566780482417e-01,6.595830945903852216e-01,6.946683039225138856e-01,8.828960813642093841e-01,4.629643468813888774e-01,7.005419565936027437e-01,7.130879543733644743e-01,4.849124032934611916e-01,3.314780024874501851e-01,8.699937258267168572e-01,8.751007988869877741e-01,4.775678557113643419e-01,8.606336202495941112e-01,8.545829766238465242e-01,2.457426447717266094e-01,2.518912986312260571e-01,7.357723054262734763e-01,4.194464032701777922e-01,1.374130095112136149e-03,4.138684688777602982e-01,7.611762376786382900e-01,4.680183421242990471e-01,9.905825228198652521e-01,5.025823901402719507e-01,6.179466525637179464e-01,4.989227573142476779e-01,4.144895084951348285e-01,4.061704814227024007e-01,3.368495010274482060e-01,7.278688528804173608e-01,2.750118445380720367e-01
5.069029010709732441e-01,6.866830031273166712e-01,8.874510411413637501e-01,6.538527866561465451e-01,5.674974866407991314e-01,0.000000000000000000e+00,6.914700402545662650e-01,7.704482224854770633e-01,2.520015948795560901e-01,7.095641136441491748e-01,2.268141350384117461e-01,5.718972539731383975e-01,4.271437869359566153e-01,8.856222809279045149e-01,4.914157191143931347e-01,7.662162178201684659e-01,7.413100137340900009e-01,5.292031117937919804e-01,6.122177995977174936e-01,8.608199203557140855e-01,8.518156391459826837e-01,5.326274040253458075e-01,8.424451847706021512e-01,8.651307988032231888e-01,9.748611565409609492e-01,9.461961448914939510e-01,5.695885542754582920e-01,6.364665284190285099e-01,3.084990801434067675e-01,2.755259352717567833e-01,4.229787414739815121e-01,-1.238985125064816228e-01,9.291836813445641940e-01,7.167553954005368988e-01,5.107727108180389886e-01,5.989620333215736059e-01,6.514569236726577284e-01,8.538643278859661123e-01,6.771605054499043597e-01,7.492311224853515084e-01,7.443385387735697023e-01,5.257899041660152317e-01,6.058728912345715534e-01,2.321852560911543129e-01,3.949607964051307096e-01,8.149236988771548784e-01,9.807593587268823576e-01,8.450668799346046089e-01,6.856893452694747815e-01,5.758732955610506021e-01,6.962639479222801908e-01,4.208426194003301313e-01,7.656873679816227352e-01,4.321197733348246528e-01,5.684456281666171451e-01,7.623284278700267480e-01,1.108729270641068548e-01,4.574316353329855311e-01,5.864120147362275048e-01,4.005399357161033569e-01,1.461825368851692175e-01,8.132018268528156124e-01,7.083898541753422817e-01,8.196963007748729879e-01,6.772099328509733063e-01,4.053662802063049408e-01,9.884756521434836518e-01,9.291547397418432608e-01,5.064989239146877598e-01,7.423226563038812786e-01,7.398087993315967115e-01,8.647945153657175810e-02,6.151328758512651929e-01,4.439759828850503576e-01,9.125237291128485140e-01,7.923153531547577622e-01,7.503200992230745214e-01,5.189549363981034169e-01,6.356821822868619076e-01,3.829318098336003534e-02,2.991614110159781514e-01,2.718700341867176240e-01,7.657174005987406051e-01,5.668514652198546333e-01,2.161008436788672826e-01
5.913194277987212644e-01,6.489506211171507388e-01,6.647438842919960456e-01,4.514558707619698019e-01,5.493427882292609699e-01,6.914700402545662650e-01,0.000000000000000000e+00,7.489878776692002749e-01,2.236296017892700633e-02,6.119937112159813397e-01,6.218847934289055690e-01,6.227130470922283001e-01,3.738470316208637456e-01,5.040718905996420807e-01,7.969579718478390085e-01,2.846130940972564916e-01,8.950799507623713458e-01,5.111049641972101876e-01,4.417352227605084725e-01,7.710701641176649357e-01,4.365500296280666603e-01,6.481190905074545316e-01,6.345366625251499526e-01,9.314758760561572259e-01,6.217447976415003685e-01,7.015707521347896991e-01,6.375971045717460095e-01,5.109739685014200727e-01,5.499290797875008296e-01,5.931013151905356606e-01,2.750691064187390511e-01,9.367676682777190678e-01,2.343901954521679376e-01,9.312892181309240236e-02,5.005550603742400240e-01,5.699234686897273194e-01,3.269090008043510354e-01,6.355124210441465138e-01,6.451330015101890414e-01,4.569714200251646097e-01,2.134521100765977564e-01,3.608791414012982868e-01,6.074206126341088474e-01,2.560568655286612483e-01,7.555435603632372210e-01,9.890984117705150513e-01,5.496349223996392919e-01,3.847073192635497851e-01,4.630024206294459099e-01,4.491899462841283941e-01,9.369006079876793791e-01,4.231776751551191706e-01,4.223742326498363675e-01,5.937241668604418265e-01,7.151881203380544560e-01,5.555410749469991138e-01,1.346734125590671842e-02,5.123072205057310757e-01,4.455091095569412851e-01,4.294820653686468592e-01,2.939673178110822072e-01,4.876713002495459137e-01,4.296610830268151049e-01,-6.205405329102575696e-02,9.130646059523814806e-01,2.399620463474839427e-01,6.850738474624183949e-01,7.801550918941440038e-01,4.124679939829402620e-01,6.164168814025099419e-01,3.017205607458785521e-01,6.549322895164072511e-01,4.272207325521384935e-01,2.362298140074982622e-01,3.083369972756609401e-01,5.000993218216279734e-01,2.437640969316114681e-01,7.583245246623541158e-01,5.563077498872044391e-01,6.157517774732235161e-01,4.925545242914206034e-01,7.577671797783912533e-01,7.241903527389834672e-01,2.436603681933011828e-02,4.395690129112924671e-01
8.359333651070184334e-01,7.964909933094406203e-01,3.590521148454629552e-01,6.021025013999876663e-01,4.573012318050941327e-01,7.704482224854770633e-01,7.489878776692002749e-01,0.000000000000000000e+00,5.808417821143917470e-01,4.707189407840747242e-01,5.085663306761460944e-01,5.926981890013252041e-01,7.037699185648330635e-01,4.294269485445547097e-01,4.114822551014675756e-01,4.983337612961028507e-01,9.177112468049221095e-01,3.967708661017154692e-01,2.051983440728960550e-01,5.705629846172833863e-01,4.926933923878103472e-01,2.287087935154716312e-01,4.871801808804568368e-01,6.444964186725122834e-01,7.753197892141483472e-01,6.756151422550016328e-01,6.894309417313843058e-01,5.152702245791991320e-01,4.225675646481661940e-01,2.955700679990574398e-01,2.684881123713134254e-01,5.606514360923678941e-01,3.789604971693254498e-01,4.767242229692397193e-01,5.231855384355190708e-01,6.022872879273123425e-01,-1.488127706124887373e-01,1.073862948198367750e-01,2.818605597891516990e-01,4.776095250926445379e-01,5.314930669569410959e-01,4.083726633182897525e-01,7.907707295619391674e-01,4.697071084307294364e-01,9.743968363116322084e-01,4.551944034714691112e-01,3.276304956986031414e-01,5.592404232519699869e-01,6.165430234393879383e-01,6.491305656629835497e-01,5.529261736599129229e-01,3.819064655658613305e-01,5.715453154438768779e-01,8.031478056185695769e-01,8.073283306350003130e-01,4.615742416047396990e-01,5.815741687827211681e-01,5.623774011365911818e-01,6.332739464831720344e-01,4.815742359650143078e-01,5.346549105647623312e-01,4.629834495434901331e-01,1.390548501723617714e-01,6.387757674093171856e-01,7.767622160251913543e-01,9.154886771680682545e-01,4.174946980155767040e-01,3.445871867624112905e-01,2.452930067400143355e-01,6.477560820466453650e-01,5.593556816024221057e-01,7.963967685743859048e-01,2.839291409628788218e-02,4.678463434816234057e-01,3.267454803942216879e-01,8.153105376333009691e-01,5.619087814085987898e-01,3.244421403528420234e-01,7.767361307628495304e-01,1.915385353702218352e-01,6.123123341729848068e-01,7.890042911496127909e-01,7.531717420704883148e-01,2.018074963624800766e-01,5.392956743514125684e-01
8.457843063700257735e-01,6.405733934026404119e-01,8.740867320717357059e-01,6.449536352511274773e-01,5.069828760421682956e-01,2.520015948795560901e-01,2.236296017892700633e-02,5.808417821143917470e-01,0.000000000000000000e+00,5.188386253547301319e-01,7.473469643841230692e-01,5.215715547901249582e-01,7.774971809668198564e-01,7.800443530136685899e-01,4.715513498197662079e-01,9.331015822409970406e-01,8.629222281529344007e-01,5.529715616291653868e-01,3.366188483595486947e-01,6.428759390028898624e-01,9.580337234419586956e-01,4.238362757568754358e-01,5.910436760839814507e-01,7.508820848665461734e-01,6.548207676467815430e-01,1.632237342029115579e-01,9.993295565916280321e-01,2.808615357761058418e-01,5.006456595745625293e-01,2.237835180061730767e-01,4.613594635208521644e-01,3.859355393149118130e-01,9.499365128233939748e-01,4.801715311931884500e-01,4.002343633604606987e-01,2.931521396280465375e-01,3.283209813966511126e-01,9.753493846548977331e-02,8.303882616915577719e-01,8.022529749689992773e-01,1.080483456306991913e-01,2.080312067242128804e-01,9.426832019071414992e-01,9.996985177758939134e-01,7.518367180019667195e-01,5.226841985249667255e-01,9.325911313686052750e-01,4.228173507683055110e-01,4.496075881927275031e-01,7.958594861957575539e-02,7.753565215333135807e-01,4.329511608798325417e-01,7.429429178791756572e-01,2.265951123441843351e-01,6.291989983406967024e-01,8.946363063742475141e-01,6.941633514716165632e-01,5.592211212566642331e-01,9.590099806260430348e-01,1.614304958581400662e-01,3.551190932837458014e-01,7.034634235190728724e-01,6.302722061881446125e-01,9.409962543790811873e-01,7.806788986826522780e-01,5.304274246798150738e-01,9.085519772238039860e-01,8.154210832409104492e-01,4.160506029283669860e-01,9.363032777388959893e-01,7.305080005288301370e-01,9.920600005955655387e-01,2.003963298132302451e-01,5.193873201719403365e-01,6.483689885272222453e-01,4.897984257841991873e-01,9.644964181888918686e-01,5.462592180974360501e-01,6.120154155273480612e-01,4.410709629094934359e-01,9.270424315691538908e-01,6.294227599590732636e-01,5.447355723886214696e-01,4.313032266870354126e-01,4.965821167015805337e-01
7.341583998346494777e-01,5.104908916571516686e-01,6.976566568993460837e-01,4.204640945856087941e-01,6.481026100766096310e-01,7.095641136441491748e-01,6.119937112159813397e-01,4.707189407840747242e-01,5.188386253547301319e-01,0.000000000000000000e+00,7.214691559345753902e-01,5.782324358367488815e-01,7.912177981021288886e-01,2.881135701924500414e-01,5.531177145976864384e-01,6.532852438589887845e-01,3.348350930745325194e-01,9.378726584760392893e-01,1.557475326289685727e-02,3.583360455672062184e-01,8.149867195865156955e-01,7.470403581884121902e-01,4.400482114618193275e-01,4.026704700851971297e-01,4.972206820481075984e-01,5.505579272753615694e-01,6.833664150057221498e-01,4.873543846915790456e-01,2.151111157079384217e-01,4.896682854387671147e-02,6.413590979484062871e-01,2.510320762178290879e-02,6.359930721194599901e-01,9.738119759993357771e-01,2.929954913283471241e-01,3.688028652689668840e-01,3.521396555647414717e-01,3.952864578927954842e-01,7.887444314043181581e-01,8.733041686410658588e-01,8.671062852171698698e-02,9.725666240276416019e-01,9.510774897821052676e-01,7.356757815023883262e-01,9.209455322466238991e-01,8.283772848941879374e-01,6.623321843366247741e-01,3.816522699297106858e-01,2.543429519912622228e-01,5.354129831422941299e-01,4.360181128491850133e-01,3.722239802275351117e-01,8.183350695120605867e-01,2.926044230545801206e-01,7.529073867752130722e-01,6.399206745442975741e-01,5.755850637044161999e-01,4.679795642750164131e-01,6.642497741714228354e-01,5.092295316802993854e-01,3.305529514809379954e-01,5.122163972772970642e-01,6.955113539682328261e-01,8.949951294462662466e-01,8.065172407284263434e-01,5.003755977566564095e-01,4.034757818687007558e-01,6.157682188547171087e-01,7.438576924064785878e-01,6.993313450297805600e-01,8.152866458036337471e-01,3.179692557227029592e-01,3.721161521542711847e-01,5.798413353120681624e-01,4.819431698691640786e-01,5.577809601327925471e-01,2.718528608038276451e-01,5.646805971332231611e-01,8.704602514297210547e-02,5.264775598714687144e-01,8.504042989007974951e-01,9.981700243403383022e-01,8.560811197600428635e-01,3.736484178075316076e-01,7.208167672131653436e-01
5.183080342896031478e-01,7.846748109869625676e-01,8.571371735902041378e-01,3.854853268051439130e-01,7.579386220575792255e-01,2.268141350384117461e-01,6.218847934289055690e-01,5.085663306761460944e-01,7.473469643841230692e-01,7.214691559345753902e-01,0.000000000000000000e+00,6.833712317825638705e-01,9.689781403340922417e-01,3.251468756228508283e-01,7.495411417716895119e-01,6.396204927188059441e-01,9.298370558317917145e-02,7.037290347528738499e-01,4.876386030909646840e-01,7.539027114455706391e-01,8.782548526940680000e-01,7.390741332637909000e-01,7.520182383444923291e-01,6.885874467644356178e-01,4.756556496709277160e-01,6.447752541942646243e-01,6.771581327473683576e-01,8.159785587159229525e-01,3.530034811648071758e-01,2.878654610964425098e-01,1.819944368032220400e-02,8.057711473968554028e-01,5.949740593733383598e-01,6.921724261497134156e-01,7.507594169167055576e-01,7.422639271014821460e-01,3.489992036254512681e-02,8.967795049126737750e-01,7.436450241762887492e-01,7.797195140082546772e-01,4.582868196125958749e-01,4.242509369509920858e-01,3.305321053265461995e-01,4.764709384317474816e-01,8.293374295815136854e-01,8.533957238998339800e-01,4.704382648443973802e-01,4.693771630959161500e-01,8.911456279699565552e-01,4.066531536758039578e-01,4.569492786500303771e-01,2.093452680512069564e-01,8.020116560537968731e-01,7.756960782578332658e-01,3.285867991653906861e-01,5.401539205611054495e-01,6.606326158507562774e-01,1.834978327894576378e-01,9.391639856877382897e-01,1.400568708129044104e-01,7.308829156961528239e-01,2.442792607608861369e-02,7.315057719585802420e-01,2.544140698974076131e-01,7.296612820284709144e-01,8.152877728628604714e-01,9.736973239757040766e-01,4.478493254708513782e-01,1.074994327869925881e-01,9.539883003648018667e-01,9.786298882206229122e-01,6.852094512798454495e-01,6.590930117615653172e-01,3.427627365531691894e-01,2.738323830842414042e-01,4.027051623040744932e-01,7.126079599716584889e-01,5.245677892021367583e-01,3.508487143736216951e-01,5.452174868115966522e-01,1.910528563876146835e-01,4.139250553470514293e-01,3.839436082336316058e-01,5.462710878321870300e-01,6.352852120441142558e-01
8.996068646386952139e-01,2.363247157992700020e-01,3.606625871581974341e-01,5.035289583001787417e-01,7.797997404815996125e-01,5.718972539731383975e-01,6.227130470922283001e-01,5.926981890013252041e-01,5.215715547901249582e-01,5.782324358367488815e-01,6.833712317825638705e-01,0.000000000000000000e+00,9.487934836515222736e-01,7.245099918120051496e-01,5.509733879435811943e-01,4.627757724839787201e-01,8.641814087279293677e-01,4.916733366700494212e-01,2.520046762136614604e-01,8.343319310721648563e-01,5.162571092573206011e-01,7.251704375793520674e-01,6.842578829386556372e-01,8.956220497100393363e-01,7.164619500752671399e-01,6.279923283987935978e-01,9.691637218146165189e-01,6.367575813945609564e-01,1.485012745686085656e-01,4.671806993817321230e-01,5.254507184331216330e-01,3.301766989633069249e-01,7.185993062904879602e-01,1.536033106191438125e-01,5.008747224703926637e-01,5.593541254665467255e-01,1.485560249029309887e-01,5.444261808519786916e-01,6.470104844281189260e-01,8.751566613850660925e-01,6.912818712498748353e-01,5.976797540523695051e-01,6.549205224939177450e-01,8.174715587331849997e-01,9.703219094140737022e-01,4.983515805388203379e-01,6.438053648827297692e-01,4.797368896797206683e-01,3.807720876704308033e-01,5.070901520868841272e-01,6.980190923228223321e-01,6.247516792442847633e-01,4.386039010713926323e-01,3.577449087602953548e-01,3.100055881029503135e-01,7.475643084868436317e-01,3.780115316579722995e-01,3.527174697348048893e-01,6.576543590054486632e-01,3.735312683825672275e-01,6.244193454907970287e-01,1.193707803851233942e-02,5.958150292435355766e-01,6.774715955107710741e-01,7.010950089985699130e-01,7.981483963704401052e-01,2.973337956898561840e-01,1.756957797769300444e-01,6.210945188481276080e-01,6.395077124592826179e-01,8.927966768494239869e-01,2.215273940457212487e-01,-1.460980029593331175e-01,4.734523053294546480e-01,4.352860189990187534e-01,6.287482539198253617e-01,4.194108806975120340e-01,7.930974376773733958e-01,4.321473474018139860e-01,3.113508113259729759e-01,6.882689672599531239e-01,9.445116429398442426e-01,7.237346099105349539e-01,6.922871700120963867e-01,7.876033316430832709e-01
4.569236452531204029e-01,6.214687214900480594e-01,4.412868346487275883e-01,7.372444134047269060e-01,9.298690986143040016e-01,4.271437869359566153e-01,3.738470316208637456e-01,7.037699185648330635e-01,7.774971809668198564e-01,7.912177981021288886e-01,9.689781403340922417e-01,9.487934836515222736e-01,0.000000000000000000e+00,8.334881717400911549e-01,6.593458794124210653e-01,9.466180720392665116e-01,9.558348947125480111e-01,9.132085767449540370e-01,3.092002401789586963e-01,5.248789912145577219e-01,5.723678436322029439e-01,6.567045524645022114e-01,3.546424184554225478e-01,4.893909485026621264e-01,2.144390242699185933e-01,7.976508903932448824e-01,6.394472510296027590e-01,7.993344010889449347e-01,5.058954181925042759e-01,2.829214071384003257e-02,5.580426712531991740e-01,6.651923525373447665e-01,6.780794295824004170e-01,4.109391966010222386e-01,6.435577417109012988e-01,2.013062563690893869e-01,7.145714683618689111e-01,6.404820119186613869e-01,6.554781001780516370e-01,7.745613767472026012e-01,2.962687946753784218e-01,8.756908254687176818e-01,5.850410893220632236e-01,7.134201788237033437e-01,8.789770986360355698e-01,2.985828958496365981e-01,7.697420392369243025e-01,7.330602957790817165e-01,7.951267984535406175e-01,5.071710147496848453e-01,4.109986740852450415e-01,4.999071054223980237e-01,3.030153429874054560e-01,9.887664301465435290e-01,7.567023929709274510e-01,6.214947563675605746e-01,9.094614428044571763e-01,9.394670115237959696e-01,6.292020992347409081e-01,3.162014836659615136e-01,6.914560057959812100e-01,3.073235693082496112e-01,7.887545425382520570e-01,4.986397500289345697e-01,9.050813112620357259e-01,9.404342292183265339e-02,6.912670504637263846e-01,7.417139292377472604e-01,3.207585702483128354e-01,9.625289403948505962e-01,7.674514471133786486e-01,9.245096872676290545e-01,5.012372156156131853e-01,7.607016525013406971e-01,1.264893313439620359e-01,7.595796163984026572e-01,6.314317267064161188e-01,8.890627204603850364e-01,1.991545669949066344e-01,3.127673885795266284e-01,3.136875971993421386e-01,2.024851103441610289e-01,4.636381671097114521e-01,4.623763954983887148e-01,9.554334492525683176e-02
4.139319438130369955e-01,9.331435125286761112e-01,8.163917991478544245e-01,7.048625209697104710e-01,9.667986340669590950e-01,8.856222809279045149e-01,5.040718905996420807e-01,4.294269485445547097e-01,7.800443530136685899e-01,2.881135701924500414e-01,3.251468756228508283e-01,7.245099918120051496e-01,8.334881717400911549e-01,0.000000000000000000e+00,7.140246914242878162e-01,5.572176571592954986e-01,6.696825841879606722e-01,8.918405835939494652e-01,7.471091776133453877e-01,6.166795608519618499e-01,9.077794939788136341e-01,8.298356020147626966e-01,7.039041669217204200e-01,5.099084595502384465e-01,5.588571302588105638e-01,4.257319882455773419e-01,9.687965794668131903e-01,3.592546454284897273e-01,1.045761648857954779e-02,5.461631748875750425e-01,3.339786710006344972e-01,4.806965634639556173e-01,7.776651121923469079e-01,6.714996351015702913e-01,4.340869500570123662e-01,5.536581402398518259e-01,5.819849198712406801e-01,6.415811404861740952e-01,9.538108644778025003e-01,9.043528022326593474e-01,5.579033319465273033e-01,2.683423002345246555e-01,9.004959253677313757e-01,8.836117771930969145e-01,6.641655834891371235e-01,6.803884953455355822e-01,7.427405046801104360e-01,6.391832973699059783e-01,7.204789170828491685e-01,4.701816616892358081e-01,6.116567767813039236e-01,6.236869958217745591e-01,7.964104076168005975e-01,8.868728365877726061e-01,8.732938329355364182e-01,9.872612200724675269e-01,7.836648666349308456e-01,7.302955132015480633e-01,6.368454753860517403e-01,7.991746693123198408e-01,4.087508683005429133e-01,7.300757248700269209e-01,4.539567387274810462e-01,4.379193270605686306e-01,6.504871051755525269e-01,8.290791272239953491e-01,4.192332241522320757e-01,4.089693991103460213e-01,6.136284903986303219e-01,2.200943571339250560e-01,6.995131122687586744e-01,9.981180482494824702e-01,1.900475023888881787e-01,4.703323276921523299e-01,7.783825416000212938e-01,6.904633282203636035e-01,6.241964678022745572e-01,4.262354275887123567e-01,3.750080857481365437e-01,5.542348722112726556e-01,5.272834712041588601e-01,9.079238013737043200e-01,5.422906224725689839e-01,6.511930220671853509e-02,2.712958247573679094e-01
6.326649507847805776e-01,3.751836334384680560e-01,9.240653098864259896e-01,7.763306823233049325e-01,6.642596790467563128e-01,4.914157191143931347e-01,7.969579718478390085e-01,4.114822551014675756e-01,4.715513498197662079e-01,5.531177145976864384e-01,7.495411417716895119e-01,5.509733879435811943e-01,6.593458794124210653e-01,7.140246914242878162e-01,0.000000000000000000e+00,8.254835137313467630e-01,6.102893836911554848e-01,4.981950269461468128e-01,7.684473557551917411e-01,9.562464121046068133e-01,7.457444636666088478e-01,2.341339054118941609e-01,4.603527601068800323e-01,6.451998330298807094e-01,7.833041810730850818e-01,6.984363660387430395e-01,9.844152400482163445e-01,5.295808587909631715e-01,4.174202076330484346e-01,5.911419434317309873e-01,1.549260781355406014e-01,7.481349459026106485e-01,7.220025942669521246e-01,5.854554644071491287e-01,4.361758110706349667e-01,-1.929260041953416438e-01,6.518048460573280245e-01,5.393461834162192048e-01,8.746600590826343335e-01,6.001079628603458449e-01,5.757646080924049281e-01,7.305921954928737971e-01,8.715266679268235395e-01,7.292582294914863317e-01,6.671857128477913790e-01,4.705719366806916382e-01,7.677495636075960528e-01,2.788631640355903052e-01,2.593133719364408285e-01,2.701456352371102154e-01,3.284946970150597334e-01,7.646522437643664682e-01,5.054112884543126016e-01,7.226469840085438801e-01,5.317275551859474980e-01,7.202589024115733096e-01,7.578633257923461652e-01,8.502056154791124420e-01,7.672707182783995439e-01,7.703194021015418169e-01,4.011337106064554181e-01,7.374924118250499039e-02,5.011085590389637856e-01,7.822370388909245520e-01,9.926925200770042590e-01,7.950563325459385489e-01,4.768496755765462281e-01,9.952546720013319970e-01,5.564460160752948692e-01,5.197488162930856692e-01,8.164697295993766923e-01,9.286559682316036790e-01,4.905684825396878779e-01,2.748802444719494198e-01,7.983366636931142901e-01,5.096553932541590948e-01,6.840789395910537030e-01,4.924325179460340429e-01,-1.342672631716049780e-01,1.138254990358805591e-01,2.271690927884490174e-01,4.147336989754144554e-01,8.497579671943140678e-01,5.442073812651549991e-01,4.553317110568283477e-01
7.565427427432100949e-01,7.467307227758490651e-01,7.619932039345844732e-01,7.760868407257160984e-01,9.509644460476093242e-01,7.662162178201684659e-01,2.846130940972564916e-01,4.983337612961028507e-01,9.331015822409970406e-01,6.532852438589887845e-01,6.396204927188059441e-01,4.627757724839787201e-01,9.466180720392665116e-01,5.572176571592954986e-01,8.254835137313467630e-01,0.000000000000000000e+00,6.060147977312621004e-01,8.495073107635775500e-01,8.987737648160581960e-01,6.134110984381339060e-01,8.391324363695842337e-01,5.146493022458603628e-01,3.634750460878406475e-01,6.588030958654519376e-01,5.581782666904818724e-01,9.076758036885604342e-02,8.699012484145326463e-01,5.871196296593770292e-01,1.608066562734163096e-01,3.350383148557216639e-01,3.123400924849852878e-01,4.993011491121394640e-01,4.241089676198490643e-01,6.004963772325435656e-01,-2.195363248276693824e-02,5.761655782390707747e-01,2.327452775451297473e-01,1.726186693411850825e-01,7.548079181783624581e-01,7.244412698771285353e-01,3.460982538546126253e-01,4.744700973243547448e-01,6.656248822788458641e-01,3.919797236589739331e-01,9.504583980163432422e-01,9.756601521157987067e-01,3.055077661663175848e-01,7.472091581147374262e-01,3.410181009078223080e-01,3.733626289288008993e-01,1.706773548777988994e-02,7.988089609513243650e-01,5.763173594261239430e-01,6.534152366747831842e-01,9.595848964890355548e-01,4.850280790204141157e-01,4.123163090993599567e-01,4.451032956360108095e-01,8.788371256588713987e-01,1.204337012298157261e-01,2.884894783338866064e-01,7.694889096875019430e-01,6.724436756996374775e-01,4.511866749276371436e-01,6.893047040237790801e-01,6.617050475689300049e-01,5.102442862192471118e-01,8.000989271282200610e-01,3.429133768761639667e-01,7.567547739600998247e-01,6.146805357037977702e-01,7.329262230489035357e-01,6.089006838660947496e-01,-1.953024534006279900e-01,7.860066988883879224e-01,-3.242277351207960012e-01,4.807122849359735661e-01,4.485590658809565090e-01,4.692714865536773416e-01,3.280348616141669504e-01,6.846388753530250337e-01,7.144040876129064133e-01,6.882861737603154229e-01,5.529624809208674163e-01,7.611382897168239570e-01
6.816487634968425580e-01,8.626894994745510914e-01,8.482824169465599251e-01,9.892754193443914490e-02,7.568693136939759203e-01,7.413100137340900009e-01,8.950799507623713458e-01,9.177112468049221095e-01,8.629222281529344007e-01,3.348350930745325194e-01,9.298370558317917145e-02,8.641814087279293677e-01,9.558348947125480111e-01,6.696825841879606722e-01,6.102893836911554848e-01,6.060147977312621004e-01,0.000000000000000000e+00,6.345746377756766865e-01,5.722675680504329954e-01,6.936472120240210204e-01,9.877521963007440675e-01,3.965316420182920520e-01,7.636259767762803019e-01,5.430971581520291913e-01,6.912676791726735104e-01,5.262631724109952946e-01,5.003902644820719114e-01,2.263852513920617260e-01,4.882250131188530240e-01,4.737042841835212847e-01,3.591585930176166563e-01,1.326212692276269312e-01,8.570181105379538478e-01,9.923813112794803715e-01,3.970520351714203477e-01,-1.913902631363919860e-01,8.179032399065400138e-02,8.083396093972712304e-01,7.276127434936543459e-01,7.647340132211205566e-01,2.831168710423059842e-01,6.341324855755072765e-01,5.914727537759573162e-01,9.110179128096894674e-01,4.798862675508427933e-01,7.185483473890361683e-01,3.603112666248675655e-02,7.418314878349060448e-01,7.044041527167159700e-01,8.397488826404133633e-01,2.413365108372832191e-01,2.148668946908972865e-01,8.603783007274792283e-01,4.249979643487984959e-01,4.425316901733496455e-01,9.414159107119023373e-01,7.342240969995968980e-01,7.519789935101390821e-01,9.067038771296327404e-01,7.853933708811312586e-01,3.011099003132878260e-01,2.719339679448113944e-01,7.134175981912926900e-01,4.472658349566996927e-01,6.725127559807725364e-01,5.326578764928885379e-01,6.375505898073919875e-01,9.069587222135332416e-01,4.405557302579119483e-01,8.121326293771434779e-01,5.295319120746612152e-01,6.100841210095172551e-01,3.339196592789965834e-01,1.917661983309877916e-01,5.810213630561593678e-01,4.507460317859718901e-01,5.532480038936126165e-01,5.610113492993693551e-01,4.142230945029483080e-01,2.111190004251450314e-01,7.982103873606045674e-01,7.833767284428553301e-01,9.152502615842033062e-01,2.939862644871255037e-01,7.643587050933691174e-01
9.418237944208290857e-01,4.251378326441943023e-01,4.120058072370573754e-01,8.179165683614755267e-01,7.082902737987564201e-01,5.292031117937919804e-01,5.111049641972101876e-01,3.967708661017154692e-01,5.529715616291653868e-01,9.378726584760392893e-01,7.037290347528738499e-01,4.916733366700494212e-01,9.132085767449540370e-01,8.918405835939494652e-01,4.981950269461468128e-01,8.495073107635775500e-01,6.345746377756766865e-01,0.000000000000000000e+00,6.629750055535063025e-01,9.502646475089205902e-01,9.475618968672543385e-01,5.454558328212847362e-01,3.567629737010352686e-01,7.799405510414501030e-01,8.884390886291863021e-01,7.697289022319575569e-01,4.510162259336235047e-01,2.555102538620961927e-01,3.219924363885817153e-01,2.949910624074968957e-01,3.050814905161468027e-01,5.139097373577746763e-01,7.005937267003983226e-01,6.595319863120068238e-01,6.615528961181670331e-01,2.819005523473573360e-01,3.825127464726804094e-01,6.561873777314136680e-01,4.258999139710141213e-01,2.732148065482171706e-01,5.703586673332690093e-01,7.750800000410840163e-01,8.606227922107305695e-01,7.708040886739042641e-01,8.791551829518396977e-01,7.743453608783529285e-01,7.520857806908687326e-01,3.196831153316850860e-01,5.938348993189024316e-01,6.653547769060800254e-01,3.715678768506930352e-01,7.934974902695539622e-01,6.732429681559617407e-01,8.135501485627631979e-01,7.800259192523013585e-01,6.167022642779284025e-01,8.454554387056261167e-01,9.135512827594957086e-01,6.042560535638943353e-01,6.294187630810801348e-01,5.669861933064366255e-01,9.760134244301124085e-01,7.950128058426551014e-01,9.269830928949486237e-01,9.984756253437924167e-01,7.468477202371535117e-01,4.541920202090615755e-01,8.686020190780556760e-01,6.661923392727795434e-01,6.564625294470967098e-01,6.569430192869991636e-01,7.274122507575635499e-01,1.197034509765614596e-01,6.342941703264746989e-02,7.774934482241084854e-01,2.364076209183243737e-01,5.552333315249640133e-01,7.073523695020274005e-01,4.428675051844406241e-01,9.893768010128384249e-02,5.980563457745839973e-01,2.100873451681162796e-01,9.308597337558371931e-01,-3.598671883311917452e-01,1.834943959790877877e-01
