0.000000000000000000e+00,8.104651693829414416e-01,7.394343787746001651e-01,7.786184152977466688e-01,7.048376559067487390e-01,7.593855088953073151e-01,7.041669420352921760e-01,8.033643409720166995e-01,4.405516310139578895e-01,9.833941589367709568e-01,9.029578085888100292e-01,7.024279047432770984e-01,7.517036011330758827e-01,8.910341318864463123e-01,4.225868486612442965e-01,7.721845897575696505e-01,7.907680933306969473e-02,2.966092545205910591e-01,6.596792230245946964e-01,7.745400362964881547e-01,8.980997700591971666e-01,4.318208552523146171e-01,8.995670273858573651e-01,7.290802470365153054e-01,8.887554544998512718e-01,7.457035671973463176e-01,7.410998891537172728e-01,6.816388465299625388e-01,-1.403553820653015982e-01,2.575283908772085795e-01,3.991520926293925520e-01,6.225089217472535852e-01,4.388767186094567063e-01,8.053451713656289979e-01,7.035761256061976443e-01,3.568596285750608166e-01,1.930983870763132437e-02,9.320511711427034163e-01,4.343321088839429689e-01,8.214330358247801112e-01,4.109399604900277891e-01,9.273098374870547556e-01,4.503025821813489982e-01,5.194638553570104511e-01,2.535592863382696294e-01,4.482217434854160465e-01,7.506772336662402845e-01,7.394371907365594465e-01,8.733175504468519978e-01,8.517238370953209570e-01,2.884823782071501697e-01,7.138769402172913114e-01,9.498038291567789670e-01,1.656652765459187826e-01,9.038673047854182130e-01,7.239614543139387681e-01,8.158125583000600534e-01,3.606906341043895070e-01,1.713080962359578990e-02,5.707742545515254173e-01,2.659563436075382259e-01,9.771596655213860005e-01,5.479870849604779881e-01,7.180790394128471199e-01,9.613488718545259992e-01,6.753578648475402346e-01,6.271165576810702191e-01,9.000502908669028024e-01,5.530924877086633717e-01,8.051708353149007458e-01,7.051554347802113654e-01,5.799395149779654757e-01,6.104864618338855520e-01,5.789485199117263559e-01,7.522618407918209016e-01,9.535262248084280801e-01,9.131144185599664453e-01,8.135921549270112019e-01,7.996432970476669011e-01,6.347057172294183758e-01,6.905084053839792846e-01,7.102083764940424482e-01,7.360689578844578085e-01,7.617796149183205801e-01,9.114900792512495853e-01
8.104651693829414416e-01,0.000000000000000000e+00,9.579939485243230690e-01,6.617357054495824897e-01,4.267929891543800203e-01,5.602434353304790449e-01,6.583107396746253892e-01,3.837940487653926924e-01,6.848544248606591722e-01,8.455223462582184268e-01,6.684228811690965388e-01,2.883134410365728595e-02,4.724950505381749766e-01,7.659219132008776576e-01,8.629996647692257383e-01,8.324906979573355459e-01,9.883576098726709613e-01,6.499933101905595034e-01,6.454502645644714098e-01,2.519627556947733882e-01,8.040601140420685633e-01,7.969410842314779142e-01,8.315434819154882140e-01,8.052303732962438065e-01,3.497768073994043103e-01,3.004801360746125471e-01,9.728042894939136209e-01,6.055281543140270673e-01,4.611668774822833550e-01,3.486842558402201142e-01,4.002044203537098443e-01,2.537569048386382198e-01,8.536528519164120477e-01,6.334751195868042473e-01,5.764645221904328709e-01,3.773893498147357084e-01,2.417238803129979630e-01,2.083228870346239270e-01,7.753824991405051659e-01,5.886891551793940192e-01,3.189292534528477829e-01,-3.359976590245147277e-01,8.428899443861715968e-01,-7.559384015736556051e-02,8.060783363136859725e-01,4.873219448468087966e-01,8.307964912901415477e-01,6.640732040182513174e-01,7.608091261043501419e-01,7.632128490359741946e-01,5.089359787546783309e-01,4.458545543182823589e-01,3.810005774055710281e-01,4.835341387780939248e-01,5.800289937716505140e-01,4.614776090208958514e-01,4.326882083646719779e-01,6.585182492308075952e-01,4.486645729242443870e-01,-2.654459275949936359e-01,-1.772906648331865065e-02,4.633565743150775962e-01,2.217475255882561114e-01,9.918062760259885868e-01,1.132649752698760698e-01,6.019359016903236270e-01,6.062755061523872335e-01,8.905167962629562117e-01,8.956338096760084744e-01,5.422051380111151397e-01,8.153855334171994373e-01,9.779042673628679516e-01,7.612638653193702920e-01,4.018057348502115933e-01,7.279850415798400087e-01,7.185166320402736062e-01,5.819622020335002421e-01,2.305355413639512407e-01,4.588903480654403233e-01,2.940049084408823954e-01,6.238691893924729337e-01,6.289636362261009639e-01,6.767312869346300275e-01,2.992226820660204289e-01,6.103638788092858869e-01
7.394343787746001651e-01,9.579939485243230690e-01,0.000000000000000000e+00,6.177934991510338758e-01,7.775849803433543261e-01,2.830189594441808176e-01,5.907784453911587574e-01,9.785179499653235968e-01,6.973334370951602690e-01,6.452228622551137160e-01,5.040136915698311126e-01,5.558944493178025192e-01,4.915582687899181513e-01,9.572116939200486785e-01,8.188014709913720157e-01,7.217585331759908129e-01,3.392868104915516825e-01,9.002675540445614910e-01,8.649230063607302732e-01,4.279298033738060392e-01,7.305301165049543632e-01,9.211851016328574948e-01,9.236864392647784472e-01,5.910279370282376377e-01,5.084793985956456153e-01,6.083766344600876064e-01,7.551241785122305705e-01,7.195792256596403869e-01,3.316693347626815946e-02,5.755124315421306092e-01,3.873781763138307022e-01,5.946141010503973590e-01,7.013234205778328123e-01,7.310775447696669094e-01,6.923365594256263300e-01,7.953236127055138827e-01,5.295778667793155092e-01,7.293963226284110313e-01,8.589789315845234308e-01,7.737395928696058078e-01,9.792592275546027070e-01,7.370836513469691820e-01,1.707772895653412171e-01,6.709051605838911581e-01,9.690415189302604704e-01,5.263199812175660686e-01,6.393751674298077114e-01,6.695779202946151587e-01,9.286142913776362917e-01,9.530224843364395459e-01,7.425900249133844389e-01,4.521271031484015435e-01,6.523289435517518609e-01,5.539859799689375031e-01,7.480418556165506772e-01,7.930043086034395117e-01,8.984297590754201090e-01,5.352650687237132665e-01,6.413668934771874497e-01,4.182339646078424011e-01,5.242403380181712841e-02,2.701523207143761707e-01,7.578628783449499196e-01,9.969581833027744144e-01,5.895337646629956740e-01,2.137278635547887051e-01,6.024299460197105605e-01,7.000486151772860044e-01,6.336721761474189973e-01,7.238494761147958867e-01,7.308260441646066141e-01,8.147370190764455788e-01,3.237637324994795951e-01,2.720687014208500454e-01,6.362421828976616567e-01,9.036299108998334662e-01,8.573141756849496087e-01,8.109905773235016602e-01,2.711769634584471067e-01,3.652642455555120682e-01,9.389939857956788316e-01,4.397490609354299806e-01,7.293344328421497158e-01,9.887360728072358551e-01,5.338851495878050857e-01
7.786184152977466688e-01,6.617357054495824897e-01,6.177934991510338758e-01,0.000000000000000000e+00,7.930364044315978411e-01,7.475707701665701421e-01,5.136614565923879328e-01,2.146392317684437390e-01,6.435176377514648660e-01,3.199581502782481435e-01,6.798173549196622201e-01,8.878224108041218310e-01,6.003798950172216653e-01,7.488512279168075825e-01,9.703414774415016764e-01,6.977702332599052815e-01,2.335540365358338144e-01,9.143051008342779618e-01,4.301571447266790971e-01,6.133373496629368482e-01,3.930253379599387142e-01,8.017793563961973513e-01,9.816612861154703218e-01,7.680284560628319879e-01,5.339491877366302486e-01,6.601930698830444921e-01,8.984254678335594768e-01,7.815972889250956124e-01,4.286329424246222708e-02,-8.758868396239040399e-02,5.956527018928333694e-01,6.037439012701530938e-01,6.837985480323223175e-01,6.052172578071363107e-01,9.106662965257180664e-01,4.825269952647179839e-01,4.962038460584674571e-01,6.873439700471332126e-01,9.259581857481139489e-01,9.849394879143791304e-01,9.928759093574018868e-02,9.379632587486512740e-01,7.606052196742145721e-01,4.988216991583192539e-01,3.151634128947194968e-01,9.979714481588830566e-01,4.437537659719177352e-01,2.893484904695601267e-01,7.402824433275196903e-01,7.933933695307413547e-01,3.871700295273329817e-01,7.342917073599329880e-01,5.446445695183879110e-01,5.846201246969727761e-01,8.197661373881784952e-01,6.473195774510688283e-01,6.982756764354702828e-01,5.423468138674233385e-01,9.417002785191387337e-01,7.246949755441388363e-02,5.827563608240542425e-01,4.149610956757602831e-01,6.747400403721034445e-01,2.783091574633033694e-01,6.776052795737248502e-01,6.606649647857034680e-01,7.233656262062828635e-01,2.770454661501066118e-01,3.414585400995381881e-01,9.681322672615879643e-01,6.225702080297873531e-01,4.101136504325287313e-01,3.211064416309185043e-01,5.542744735829501224e-01,5.695878088984414056e-01,9.909029761801340097e-01,6.106612858533071453e-01,4.428963227165775840e-01,2.528284492881638368e-01,2.120179576368272367e-01,3.291781177208992215e-01,5.668268660849442586e-01,7.910801093498621706e-01,-4.657424259205861228e-01,1.280894314444480375e-01
7.048376559067487390e-01,4.267929891543800203e-01,7.775849803433543261e-01,7.930364044315978411e-01,0.000000000000000000e+00,7.848000927774960722e-01,5.446130914231700482e-01,7.252826900875817273e-01,5.069279844596880080e-01,8.503918060615984764e-01,7.356472821403650109e-01,2.862268133925153779e-01,2.101702691683265956e-01,6.773204783731240353e-01,7.176500063125711426e-01,1.417262768598201716e-01,5.317866353765825504e-01,6.181055482409477664e-01,7.398123899129658287e-01,8.994155167494573000e-01,8.125737203196230496e-01,4.454347598885045612e-01,7.878145952962002374e-01,6.923746636125687193e-01,5.826662230775928597e-01,6.827339894974574497e-01,9.260561210514078878e-01,7.341010487331378620e-01,6.304990799139361668e-01,5.482931739588531306e-01,5.644979449971835317e-01,1.520311053409877378e-01,6.596483374325181614e-01,5.172954217006406896e-01,2.296733492371883512e-01,3.872217215251828604e-01,3.577570249849855166e-01,2.326520105476251044e-01,7.548957346384224110e-01,8.499831827766374248e-01,1.935761429680238344e-02,7.163977891310875368e-01,7.656806343421412864e-01,3.257498967067499196e-01,8.747054956535604830e-01,6.005202991575793181e-01,7.063566252862533146e-01,6.444423643027137327e-01,5.089980600892534124e-01,5.052881762928871368e-01,2.756535450485398386e-01,9.922889315269141086e-01,2.620613366460429194e-01,6.857095635409670153e-01,-1.490820663312087402e-01,9.040447316166282388e-01,5.314935919609777848e-01,9.645632284260899914e-01,7.304493507394346219e-01,1.624592909626832449e-01,3.488582443053449555e-01,6.667389473127616206e-01,4.691116623602012980e-01,5.633859732063344339e-01,4.698741393012224044e-01,9.180883831676599494e-01,4.284853580443095389e-01,8.513450710031582602e-01,4.106574255362318016e-01,6.209462564538764662e-01,5.330072652364662433e-01,4.683675135983003113e-01,7.593876982049624358e-02,4.521358659075583319e-01,5.128958247336055098e-01,7.332066325626416248e-01,6.155405045559506627e-01,8.277043694266128515e-02,5.415408494196265465e-01,2.241915329538513302e-01,7.814981191877428124e-01,6.845408318178056728e-01,4.119674999435384288e-01,5.169280768333472942e-01,9.058909110379859131e-01
7.593855088953073151e-01,5.602434353304790449e-01,2.830189594441808176e-01,7.475707701665701421e-01,7.848000927774960722e-01,0.000000000000000000e+00,2.711154076634058052e-01,3.048501283983158783e-01,3.573101762259741632e-01,6.092209919481297309e-01,4.238286150600523161e-01,8.066860672594915460e-01,5.477042262720277499e-01,6.338021680872012453e-01,6.869768087588292715e-01,6.463251759708648070e-01,7.221483567381622448e-01,7.890207860750733104e-01,9.650119137803798708e-01,6.045603089326414548e-01,3.451621169149178270e-01,6.327736644823410694e-01,6.798010483234629975e-01,9.578935677456662523e-01,7.375389773187988052e-01,4.839279940069167174e-01,7.557658644126021841e-01,6.772408987027541682e-01,2.488304833528962035e-01,-1.160970631439192657e-02,2.382489436708706276e-01,7.349300129046278940e-01,4.786203886710619915e-01,6.998599819008644030e-01,5.383664781594820203e-01,1.913893848181731638e-02,6.684596718336053289e-01,8.195685507402800107e-01,4.253249453270644409e-01,5.581245489385069369e-01,3.299591300982921416e-01,2.926340105558598026e-01,6.439663756232429925e-01,3.333703764551071425e-01,2.695544058414478528e-01,8.251928996270559979e-01,9.345596658819085301e-01,8.600609218942915080e-01,2.674946023326223443e-01,2.505704218812031536e-01,9.343203074702784994e-01,7.262313136104047162e-01,5.189512601795599478e-01,6.584701574762564791e-01,7.430781763249620642e-02,4.953398773173558478e-01,7.893661916184827598e-01,7.140178046770723208e-01,5.630159644682943831e-01,4.564800332847671616e-01,7.612647375851379072e-01,4.831137247567577897e-01,3.844278698616286905e-01,9.601023533921841935e-01,5.879841308578656056e-01,6.786333991772678376e-01,5.053573332059253520e-01,7.802375619634230874e-01,7.937051503468292024e-01,7.783779255980227685e-01,7.135729922207419973e-01,8.794143388046146148e-01,2.091703833110311050e-01,3.622893909856386152e-01,5.986376207601074029e-01,3.033898921167744178e-01,5.865027564448215269e-01,6.118288082950166240e-01,2.518671108970285122e-01,7.789336803371275098e-01,6.876127182681327499e-01,9.261183553859595463e-01,7.796546428689924424e-01,1.956817916466705443e-01,4.500131210499561663e-01
7.041669420352921760e-01,6.583107396746253892e-01,5.907784453911587574e-01,5.136614565923879328e-01,5.446130914231700482e-01,2.711154076634058052e-01,0.000000000000000000e+00,4.580742827530084327e-01,4.387437499207524905e-01,1.382571301053790447e-01,1.857836577109251985e-01,9.190173553317547706e-01,6.225215839534229412e-01,4.439879855803590680e-01,6.895155094533147455e-01,4.160762106066602239e-01,6.849809769588891539e-01,4.742675752054797411e-01,1.463332476007782879e-01,6.148371574321703781e-01,6.591380768562878911e-01,4.719900264222923192e-01,6.682981034221532335e-01,9.359217723868908934e-01,3.598143015485013585e-01,1.101057913418035245e-01,4.577413965344686031e-01,6.212249562142407866e-01,7.179334398984942300e-01,9.621566615594411009e-02,-1.687170960499334571e-02,7.976898931146971794e-01,7.686882469119091787e-01,3.701296561829396370e-01,5.097337279630849149e-01,7.422637832539672464e-01,3.615610514514669416e-01,5.200232829508627530e-01,5.622126904784700008e-01,5.931122613728927462e-01,3.552149365682502058e-01,5.539325600514899417e-01,6.507258826641877381e-01,5.953079778737890848e-01,9.269091538241558403e-01,2.308889612665807889e-01,5.730989588827102299e-01,2.325724353971088676e-01,6.618727859313108253e-01,6.073131299571045139e-01,7.304179654215223749e-01,6.632605789564067766e-01,6.096604245345580431e-01,3.546080568837577385e-01,4.655487089046320692e-01,4.952980070042141691e-01,5.270144994049050791e-01,7.913157357651343649e-01,7.044523019327058044e-01,2.874936119669739831e-01,5.791657367355471653e-01,3.256167627740295112e-01,2.772384308232780370e-01,5.375681112001147177e-01,8.290359001304389297e-01,7.662638154255541068e-01,7.466432495028447747e-01,7.189647541886516890e-01,1.817314234725109501e-01,7.496916833270242941e-01,2.451293253882494694e-01,6.316587799580923868e-01,5.402200891822261930e-01,5.510033815053088091e-01,5.001417115927603296e-01,5.319108147802065201e-01,4.408925918826529788e-02,7.474363150858790439e-01,4.344188720172477702e-01,9.835739609871901878e-02,5.569127879707248541e-01,9.315761254616802267e-01,2.345435750604900338e-01,6.572895603762911598e-01,6.351661363477938416e-01
8.033643409720166995e-01,3.837940487653926924e-01,9.785179499653235968e-01,2.146392317684437390e-01,7.252826900875817273e-01,3.048501283983158783e-01,4.580742827530084327e-01,0.000000000000000000e+00,6.933441882983353288e-01,7.115691870647025130e-01,6.441427611524055408e-01,6.179636478075166695e-01,4.857282467357436073e-01,8.745326125311695398e-01,3.636448482068096455e-01,2.698142308684075008e-01,7.789987816143778554e-01,6.452419046238249134e-01,8.292388666341924397e-01,4.931473850478648169e-01,7.254004177836304024e-01,4.005953748014084992e-01,2.896304297142840087e-02,7.584407665338126492e-01,6.655314457613256129e-01,6.432502600807290527e-01,7.685990360846546299e-01,4.676854627355483407e-01,3.634153345192051576e-01,4.289850811673503461e-01,1.020219521138130553e-02,5.380074269550604305e-01,3.812208942902678421e-01,4.622058502489289067e-01,6.735623750136660037e-01,4.128874861770346905e-01,2.272124265588339465e-01,6.260024036031807126e-01,4.159441009784821119e-01,6.981190373526300341e-01,2.723687025155548391e-01,5.888619773775051192e-01,5.861625882698997536e-01,4.431837853589821741e-01,7.583076753382635982e-01,7.207921327487385454e-01,3.934152408247415522e-01,4.698039985424963261e-01,5.493471000552576644e-01,4.175766183065790504e-01,5.551824936738478655e-01,5.440775473597273537e-01,6.453056759939033160e-01,3.402183946561037065e-01,8.070991234212934184e-01,1.622913372680188648e-01,3.277343400610086555e-01,4.198951575253119239e-01,7.923007302643844119e-01,3.082490599173743906e-01,3.810705498477113817e-01,5.812270388523252951e-01,6.097562723148312047e-01,7.434256163446647525e-01,8.149185539512424636e-01,2.591290191015181987e-01,7.345812193092280395e-01,9.165746623796714454e-01,4.702340063803615022e-01,4.860870782070790264e-01,3.376024127542571751e-01,7.019798623361315215e-01,6.091559296966222448e-01,4.168515590146028016e-01,5.560247243403780848e-01,6.514534884554427085e-01,7.515606780734195302e-01,7.424363772356320501e-01,-6.149690264295795683e-02,1.754452533425516769e-01,7.596644267885679369e-01,7.097917564687685754e-01,6.600000468526756592e-01,3.563290200430423438e-01,4.440971589765767558e-01
4.405516310139578895e-01,6.848544248606591722e-01,6.973334370951602690e-01,6.435176377514648660e-01,5.069279844596880080e-01,3.573101762259741632e-01,4.387437499207524905e-01,6.933441882983353288e-01,0.000000000000000000e+00,6.148564207067159781e-01,7.415736641108223726e-01,7.642593106600559238e-01,3.252607774957438358e-01,3.956481759285470634e-01,6.659956981167084455e-01,4.283534768113168023e-01,7.401070697838532109e-01,6.774276228891324969e-01,7.331973815738256350e-01,6.090527148469393470e-01,9.310931573509899639e-01,8.213925741163657923e-01,7.754802134593581364e-01,8.736564416380370179e-01,6.589287283958924490e-01,5.487320896019494132e-01,4.853786735643605965e-01,7.646527124225841465e-01,4.145947559628238022e-01,3.297311270173267639e-01,6.226837914526253681e-02,4.328651590529508097e-01,6.497628411010620830e-01,3.895022438306162682e-01,9.571488650859568681e-01,5.466366447996902078e-01,2.834575693440845034e-01,5.213723906706666522e-01,8.529223232016854839e-01,6.270565048915878181e-01,5.154775312422373856e-01,4.712051497950308643e-01,7.003468263193699528e-01,2.620824189691762229e-01,5.057180207879651279e-01,4.474755396467751112e-01,6.259631926156822290e-01,6.071511640272918564e-01,4.763704396751893277e-01,6.719869049301041564e-01,6.549868790044620637e-01,3.206755172559362932e-01,6.486814070699614687e-01,-9.614535268698377879e-02,8.885674204176093882e-01,6.525065125687525835e-01,7.776193635326544840e-01,5.777819124390293215e-01,5.193133030887578938e-01,7.967308598316599211e-01,3.514351507160131116e-01,5.207097349929804553e-01,4.032198647824196125e-01,7.395487911875827658e-01,6.200387611759858864e-01,5.500492699057291102e-01,3.735017254375679885e-01,8.389599930011876205e-01,2.178132911353839740e-01,7.805004008355910239e-01,2.265781262004523955e-01,4.319188781016320422e-01,5.755765338417883070e-01,5.630058395636706736e-01,6.191454887984438882e-01,7.397612910255519925e-01,7.718086795352251395e-01,6.658618467016064191e-01,4.782649671046401707e-01,2.614889796280959744e-01,3.163853382002190795e-01,3.620244903584194374e-01,7.006178596656081892e-01,7.847623676139402482e-01,8.910869575831659173e-01
9.833941589367709568e-01,8.455223462582184268e-01,6.452228622551137160e-01,3.199581502782481435e-01,8.503918060615984764e-01,6.092209919481297309e-01,1.382571301053790447e-01,7.115691870647025130e-01,6.148564207067159781e-01,0.000000000000000000e+00,5.219767114009838949e-01,2.941146229376753185e-01,3.513343177935925876e-01,6.366892691563771356e-01,9.862550228183266654e-01,4.053680618712073302e-01,5.309101952003086877e-01,6.933064525564831548e-01,4.466308118196148369e-01,7.911445675759705143e-01,4.533830127274070532e-01,3.755049885752628214e-01,5.365475583343775057e-01,7.711045597912706828e-01,4.419866342998996500e-01,6.610023472944134282e-01,6.726880495716165420e-01,4.892213336974371996e-01,-6.008250351539393130e-02,4.630426400347914528e-01,2.286906864772643988e-01,4.190863790239715558e-01,7.371655370638114935e-01,9.751536837643909328e-01,1.471235002959741522e-01,-2.342969734404859450e-01,4.573578438389914180e-01,1.494852385709554143e-01,8.900963207435782509e-01,5.238394633394470867e-01,2.306417383951326339e-01,4.011194556867393457e-01,6.378146907890429596e-01,4.390241996455173656e-01,9.478078360914384826e-01,9.439628494988234753e-01,7.808347979525519511e-01,4.604913510356720696e-01,6.331353704540405580e-01,-1.931939422428421427e-01,3.658247214862023755e-01,6.387528411006841988e-01,7.175260509137293408e-01,8.137159377122580306e-01,5.862277616131823521e-01,8.222220723671439524e-01,7.422841887320552612e-01,-2.068749579280449169e-01,6.485103909513966203e-01,3.063872454842221926e-01,4.602282912543502746e-01,5.425463476005534247e-01,6.978798572158049218e-01,6.726309506441605635e-01,6.744508040166958818e-01,5.879605773250606848e-01,3.164539301641124402e-01,6.000609042704223572e-01,5.029819131120935038e-01,3.492962340358771178e-01,6.711353420214594134e-01,6.265426428742318921e-01,7.067667926017716651e-01,1.774731294768596146e-01,5.045463534054914767e-01,6.761318968194797163e-01,6.544755259620784749e-01,6.529330989921848794e-01,6.561627965048308919e-01,5.986230727689378917e-01,5.445179987508348418e-01,8.614497640822493807e-01,7.825988411352395868e-01,6.033063097347040049e-01,6.298952726579841732e-01
9.029578085888100292e-01,6.684228811690965388e-01,5.040136915698311126e-01,6.798173549196622201e-01,7.356472821403650109e-01,4.238286150600523161e-01,1.857836577109251985e-01,6.441427611524055408e-01,7.415736641108223726e-01,5.219767114009838949e-01,0.000000000000000000e+00,5.423885382148598833e-01,6.721928047303036280e-01,5.044059882207119205e-01,4.562501323588244451e-01,6.298627712309154969e-01,8.346556394814480528e-01,9.374120070637432800e-01,4.611302604455955745e-01,4.470622896540142888e-01,9.256747102556664997e-01,5.162971837846020984e-01,3.070938500556484874e-01,8.480079065161938434e-01,3.710714298493906771e-01,6.881027620958917179e-01,7.564812341901018256e-01,6.084285341028365934e-01,2.900774676369155536e-01,3.219060627906525363e-01,3.389776384003979903e-02,4.587434063820639563e-01,6.096490940828548366e-01,5.001297668214971237e-01,5.751361925083902094e-01,9.206563335305191498e-02,1.214793305622443448e-01,2.257288116722967475e-01,8.050428942329250770e-01,8.510163986604155628e-01,7.058323898500969973e-01,7.455700598497210230e-01,9.891241507259298515e-01,3.214167155852939439e-01,5.847273901376457417e-01,6.281328188807365764e-01,6.021137208003611851e-01,5.483255520465306621e-01,2.205365451599478610e-01,4.515429918415125310e-01,4.525758756904254554e-01,6.467511198171016495e-01,9.461653079442854386e-01,8.696665827017108219e-01,3.054071009311654095e-01,5.673914913855209186e-01,7.928073881287664992e-01,8.990062189642699098e-01,8.618109216865289524e-01,3.993504707591226666e-01,4.072960750687938947e-01,4.766369753551084054e-01,5.863871467936359050e-01,9.416040326590151555e-01,6.311522418565967962e-01,7.382353164729926753e-01,7.720394806474334404e-01,6.045927589420343473e-01,8.839639426356800389e-02,6.347795244429710326e-01,8.201044461022732879e-02,5.066514233347023666e-01,1.469676953997140212e-01,4.916891959663070022e-01,6.776052108659209594e-01,8.590970521515223224e-01,6.643415552775780997e-01,3.093199329210717385e-01,4.192822830663156530e-01,3.896573747016705003e-01,6.198373908158775203e-01,7.335629747717460347e-01,7.905554723029957209e-01,4.296303027039075073e-01,4.621467904355846534e-01
7.024279047432770984e-01,2.883134410365728595e-02,5.558944493178025192e-01,8.878224108041218310e-01,2.862268133925153779e-01,8.066860672594915460e-01,9.190173553317547706e-01,6.179636478075166695e-01,7.642593106600559238e-01,2.941146229376753185e-01,5.423885382148598833e-01,0.000000000000000000e+00,6.176236940915956763e-01,4.606925452224699957e-01,9.359469578865060591e-01,4.469588802841454322e-01,5.281951064068207691e-01,5.872378894286784945e-01,2.862625004262020489e-01,8.864396370773949263e-01,7.544133966280264225e-01,5.707060029349054764e-01,1.264444070447356405e-01,6.193344210384095216e-01,5.834913081361781106e-01,6.927469050752774749e-01,7.674283860376716060e-01,7.494488397187610840e-01,4.871837900732348126e-01,3.410867177018387375e-01,5.860689283185545051e-01,6.015769204296302908e-01,3.961417997192456797e-01,6.577354567385540474e-01,2.767867182035066986e-01,3.779761859232173560e-01,2.366430110954931276e-01,8.638914162314016432e-01,6.060897037859283021e-01,4.662858057415940061e-01,5.823433974574285799e-01,3.557930711921510891e-01,4.082660488795769593e-01,7.120081867534270303e-01,9.451244280161850142e-01,8.868671163242080047e-01,7.069443310891138088e-01,8.064712866495682420e-01,5.796087032353651747e-01,1.116511966728993832e-01,5.707786501728198125e-01,6.235513823808880307e-01,4.077416692669392217e-01,6.123964910393494554e-01,4.817708463182043266e-01,3.999808644129726476e-01,7.757235605789224442e-01,3.667831572251207817e-01,5.005342059523415488e-01,5.833214418541861068e-01,7.239162352554348034e-01,8.814477042091254377e-01,6.307155900196937948e-01,6.078372755650871540e-01,8.732548877647822172e-01,5.624404191813521248e-01,5.893814422207157566e-01,7.016999928456365554e-01,6.951241549970617051e-01,6.342188794709253674e-01,6.190489199764762640e-01,6.018095641218290659e-01,1.036389672384197963e-01,4.162446730883403445e-01,6.975105817966679167e-01,6.220188728517345167e-01,1.842645554958882159e-01,6.738738717949315227e-01,2.876407409628038980e-01,7.707557808878013894e-01,3.937424723942378746e-01,7.977309400490866231e-01,5.896297935452394778e-01,-1.218437660397532346e-01,7.293348833154837951e-01
7.517036011330758827e-01,4.724950505381749766e-01,4.915582687899181513e-01,6.003798950172216653e-01,2.101702691683265956e-01,5.477042262720277499e-01,6.225215839534229412e-01,4.857282467357436073e-01,3.252607774957438358e-01,3.513343177935925876e-01,6.721928047303036280e-01,6.176236940915956763e-01,0.000000000000000000e+00,6.464675019496781694e-01,7.862723240158463467e-01,2.830356679955052801e-01,7.612200725001857515e-01,6.462682114765537778e-01,6.137602476356143200e-01,8.853625346345332936e-01,9.685423874761635021e-01,6.391166549353609616e-01,5.498809681011747053e-01,7.934885368770268066e-01,4.474091499779069281e-01,7.952123980392249436e-01,6.503731695507597443e-01,8.754571034480025382e-01,3.111850029492504444e-01,3.372482516324384338e-01,3.876873758726498420e-01,2.603392969120627010e-01,7.554578084718467368e-01,7.525992692018255159e-01,8.485833603347571197e-01,2.119709978353126120e-02,3.485094946672933069e-01,9.263235136797615121e-01,7.102318174908875958e-01,6.553591197906365462e-01,4.838086937870181847e-01,5.131276040030443575e-01,9.993211734687508230e-01,1.521387930151249790e-01,8.135237010189982909e-01,9.412888726558139574e-01,6.946800837191864364e-01,6.076495078333864486e-01,7.685739764357695236e-01,9.310677880866902179e-01,3.493817214703642815e-01,4.375982235995241054e-01,5.116259849473668853e-01,2.329178885292517917e-02,8.396340638999120198e-01,7.055152039488201687e-01,8.315779779782120906e-01,4.899758612795350743e-01,6.166640446024196365e-01,3.158371782704814112e-01,4.267576248899530023e-01,5.261774762935890193e-01,7.694402308155928738e-01,8.834824591006747996e-01,5.182332498881636607e-01,6.398843477324067663e-01,7.727633861040638097e-01,8.505635270707578854e-01,5.465125396192299645e-01,5.046843546751530463e-01,8.136751281174303685e-01,6.857926357459988020e-01,7.384429544521247113e-01,3.615496869123652757e-01,7.958641919227671391e-01,7.200020419690734697e-01,7.778785527954023005e-01,8.360376882184415992e-01,2.743392002966920651e-01,1.013856612426430187e-01,2.564505843260327933e-01,4.840639777437601987e-01,6.167767436319312457e-01,7.536241798218462629e-01,4.574694843083843554e-01
8.910341318864463123e-01,7.659219132008776576e-01,9.572116939200486785e-01,7.488512279168075825e-01,6.773204783731240353e-01,6.338021680872012453e-01,4.439879855803590680e-01,8.745326125311695398e-01,3.956481759285470634e-01,6.366892691563771356e-01,5.044059882207119205e-01,4.606925452224699957e-01,6.464675019496781694e-01,0.000000000000000000e+00,8.186506244173760161e-01,9.206227902672535768e-01,7.321406592972526939e-01,7.978160835234763271e-01,5.068986689042478400e-01,6.629448596118955317e-01,6.937399500026731891e-01,9.336167417953347147e-01,5.364948113824743459e-01,6.452240969562677009e-01,6.761549248780858168e-01,7.027939670282946638e-01,4.215617850070458861e-01,9.695035890331370476e-01,4.030246687625990143e-01,5.063893597134502267e-01,7.611071384409538731e-02,7.560155880748110624e-01,8.124599731094791499e-01,8.373239518995210240e-01,7.754612961572111551e-01,2.404054371108142463e-01,5.353254150564388247e-01,6.142766758878294153e-01,8.973983434954607707e-01,7.224780063325331181e-01,4.505579880968748063e-01,4.426094172193610898e-01,5.106803785003514173e-01,7.408349150172988118e-01,5.389805147494683979e-01,8.921397567705972032e-01,7.950117853343939833e-01,7.961317089071366926e-01,2.260317948605569116e-01,6.790055136703283534e-01,8.326167546629248406e-01,4.110749470827349539e-01,8.435652483965097037e-01,8.728657409691886748e-01,6.454267988671615885e-01,9.870152250212371747e-01,7.557885435641635841e-01,4.539196319764893794e-01,4.890177701551053913e-01,5.721862157377578528e-01,2.623534119132296949e-01,6.970463079818108865e-01,6.756433816065019471e-01,4.134804541699999558e-01,9.441698356109360368e-01,6.285015852856465912e-01,5.993683382751007205e-01,6.679660524774279073e-01,7.056836426429431430e-01,3.143712080743965576e-01,6.746034161321785572e-01,7.956965167079729229e-01,3.339787354472855130e-01,5.277961198513497071e-02,5.242833229753126600e-01,4.663825728145499783e-01,7.517805670834533105e-01,7.417702547558175930e-01,4.317430904651783363e-01,7.740323838895921682e-01,4.060486866859870370e-01,5.932324445582122241e-01,4.361984636650220182e-01,2.876737357092579161e-01,7.589437740735306415e-01
4.225868486612442965e-01,8.629996647692257383e-01,8.188014709913720157e-01,9.703414774415016764e-01,7.176500063125711426e-01,6.869768087588292715e-01,6.895155094533147455e-01,3.636448482068096455e-01,6.659956981167084455e-01,9.862550228183266654e-01,4.562501323588244451e-01,9.359469578865060591e-01,7.862723240158463467e-01,8.186506244173760161e-01,0.000000000000000000e+00,7.055170538436095207e-01,6.145720527329079363e-01,3.426598218559276376e-01,-2.307086025676699514e-02,7.885625515603482683e-01,8.534625679707099621e-01,6.639763030872216643e-01,7.350475998859455906e-01,1.568332468980317418e-01,4.021912694596491145e-01,7.728994533375266318e-01,5.916043047346422057e-01,7.684118264779389307e-01,1.261738204856207302e-01,6.011137869128557742e-01,9.643408385800023019e-03,7.299423684390869971e-01,6.560242343586790703e-01,3.096727385537889621e-01,1.097623244381764895e-01,3.575820208884176177e-01,7.811436072462064617e-01,7.737681538644629597e-01,8.649304582191752466e-01,5.189062007461039405e-01,7.949589462130401962e-01,3.848037011896383586e-01,8.677206058125239707e-01,4.642610888573401318e-01,9.859226994220623430e-01,4.637528537657764627e-01,8.873952738357274717e-01,7.634405672467963200e-01,5.728719807019185817e-01,6.290698064839556070e-01,4.032251114851989060e-01,2.275177723265635332e-01,4.900039892703326183e-01,3.079412360210762589e-01,9.841514596398903691e-01,4.837537667672707209e-01,4.992080757215323628e-01,5.237949923014507680e-01,5.733799359184967859e-01,6.466496245844847168e-01,7.268289723876708575e-01,2.563452179161730404e-01,7.841466537438717133e-01,6.695747334001254103e-01,8.085306244825316568e-01,6.726617143462232384e-02,5.446402755303085819e-01,5.384687209702114785e-01,5.779721570476870074e-01,2.967973050359818954e-01,8.696920987346834497e-01,6.330224827820081224e-01,7.629747068385110964e-01,5.370766833517331973e-01,5.331227639935929297e-01,7.813719017791128651e-01,9.278933086527090257e-01,4.640138679013183776e-01,4.254344149981926226e-01,5.640605811752728016e-01,9.821864067444389113e-01,7.467061075631422629e-01,6.969915862441695698e-01,-1.582704249575240252e-01,7.575774960227548149e-01
7.721845897575696505e-01,8.324906979573355459e-01,7.217585331759908129e-01,6.977702332599052815e-01,1.417262768598201716e-01,6.463251759708648070e-01,4.160762106066602239e-01,2.698142308684075008e-01,4.283534768113168023e-01,4.053680618712073302e-01,6.298627712309154969e-01,4.469588802841454322e-01,2.830356679955052801e-01,9.206227902672535768e-01,7.055170538436095207e-01,0.000000000000000000e+00,4.242098675362350191e-01,3.682238737509032633e-01,4.501399554578150997e-01,3.233787898392757043e-01,3.613098167610513944e-01,3.536354914579358244e-01,5.456175365685340672e-01,4.409226708994917754e-01,3.944499583819485178e-01,6.695288930227987212e-01,5.999496295306666616e-01,6.258031743297040039e-01,3.398346602409868522e-01,5.024593972366953043e-01,5.009012029439375846e-01,7.240744229919322539e-01,5.101585031091959710e-02,4.460060062930314984e-01,4.831430778841724893e-01,3.590596010347644196e-01,6.610213049526216800e-01,6.380950062669187295e-01,7.875867592856837796e-01,6.548248649359056373e-01,2.378089812163198258e-01,4.928503043284069851e-01,9.942621862177756231e-01,7.765264296379984499e-01,5.534107199893009144e-01,7.666290713623395980e-01,9.373315514486497690e-01,6.174341673776519990e-01,2.718211408635866633e-01,8.335426418396388315e-02,7.916128123396393157e-01,5.754520399052021062e-01,6.633878479265516992e-01,1.496458406078726988e-01,8.257980821839882024e-01,1.599510751805875708e-01,6.837596965459018516e-01,5.217442228596480547e-01,8.007184294677058833e-01,3.944998083851268822e-01,2.447730754467684899e-01,7.025902446358066600e-01,2.431497119503811810e-01,6.131963409609647586e-01,7.494038576385217976e-01,3.181433200072683598e-01,5.617610950232765354e-01,5.922628679164131382e-01,7.752539864319983876e-01,2.810824445506792668e-01,6.294839713486715116e-01,4.109576164687481215e-01,5.984042067345070048e-01,6.024774068497761315e-01,3.245165219029646497e-01,8.272429876533109461e-01,3.850828222398332001e-01,6.316138106148627696e-02,2.792700707689222406e-01,3.521002178121490633e-01,8.188550873828387422e-01,7.799726167664853271e-01,5.945568987497211744e-01,7.299465966062931299e-01,8.141868609498178477e-01
7.907680933306969473e-02,9.883576098726709613e-01,3.392868104915516825e-01,2.335540365358338144e-01,5.317866353765825504e-01,7.221483567381622448e-01,6.849809769588891539e-01,7.789987816143778554e-01,7.401070697838532109e-01,5.309101952003086877e-01,8.346556394814480528e-01,5.281951064068207691e-01,7.612200725001857515e-01,7.321406592972526939e-01,6.145720527329079363e-01,4.242098675362350191e-01,0.000000000000000000e+00,6.621621469357346079e-01,8.148697374717828179e-01,3.450703707043658031e-01,1.702485573655232454e-01,8.864073043446523137e-01,7.173613459738610310e-01,2.669811703684540349e-01,3.318537839062531969e-01,4.100495657204392685e-01,7.361988700869754876e-01,7.616628222220649391e-01,2.137813086831007736e-01,2.401219603236404709e-01,6.192376918604490799e-01,6.515580263093256885e-01,5.065328326421055793e-01,9.492923185474236858e-01,7.878306674251928099e-01,1.141986778250633078e-01,4.677692374183183288e-01,3.362701232284428521e-01,6.595019087927707080e-01,8.057857363898561776e-01,7.127723676240881323e-01,4.153807886999382193e-01,7.008371457480766509e-01,5.140598799979162470e-01,5.036654106689670840e-01,6.450673326680560482e-01,7.736946253856438194e-01,6.653986324599279190e-01,8.669159503756377338e-01,8.578943277308413995e-01,2.328265843220940490e-02,5.347361519000624064e-01,6.354023643023384293e-01,6.267913431918702427e-01,8.345559055307811835e-01,5.369860826907516538e-01,4.142764431973337547e-01,4.740796232151567868e-01,9.784188970545022457e-01,9.264764048925325790e-01,3.917507804255111470e-01,9.467020799631427064e-01,4.872140171293092847e-01,9.402071873939833457e-01,4.436007311722747759e-01,7.156165040561270896e-01,8.995629783310437055e-01,5.086740115188311817e-01,4.097368364498710225e-01,8.140007534383292276e-01,2.638239719833147534e-01,8.811422509572546247e-01,2.872840342886824327e-01,3.055780372048017002e-01,3.734493619177705059e-01,2.873079145868165929e-01,5.657385650415387435e-01,8.816789565096628811e-01,2.937810554962762000e-01,2.361728014626543193e-01,6.008212447786486221e-01,7.775237933192912232e-01,4.538940493205266824e-01,2.974305395335604119e-01,9.471007147164747231e-01
2.966092545205910591e-01,6.499933101905595034e-01,9.002675540445614910e-01,9.143051008342779618e-01,6.181055482409477664e-01,7.890207860750733104e-01,4.742675752054797411e-01,6.452419046238249134e-01,6.774276228891324969e-01,6.933064525564831548e-01,9.374120070637432800e-01,5.872378894286784945e-01,6.462682114765537778e-01,7.978160835234763271e-01,3.426598218559276376e-01,3.682238737509032633e-01,6.621621469357346079e-01,0.000000000000000000e+00,5.052872377040799057e-01,4.498613643074858559e-01,6.700797187219388329e-01,8.163014637489235392e-01,5.003756543834705361e-01,6.732265616514814255e-01,6.374919268592607047e-01,5.611316568644074687e-01,-5.287974808617418310e-02,6.974147365787158881e-01,2.738859439798582152e-01,2.780448134395130944e-01,4.739587200007700507e-01,4.682854826698749084e-01,4.120236072195601063e-01,6.417007724741242702e-01,5.400442748803936377e-01,2.119155998586498835e-01,2.095596230883439159e-01,4.836156060939832968e-01,7.545248863164190078e-01,7.350789447053653891e-01,1.898305924272360723e-01,4.594958507557797001e-01,7.272410658474990353e-01,7.370015485202526806e-01,7.016771389208857901e-01,8.837182845048094926e-01,4.158807552583909661e-01,4.083953475536913902e-01,7.956503330972852783e-01,3.009575382952793809e-01,9.605464009441689807e-03,3.933497070752566271e-01,9.329845123600024603e-01,3.430441931836234470e-01,8.923797985948273004e-01,4.508648613762644697e-01,6.191746264560016311e-01,2.203418216688761699e-01,4.763220528245424301e-01,5.157460821178516674e-01,5.219921208509730182e-01,9.554768158429305380e-01,7.581842783489233240e-01,6.211015240678673388e-01,6.414347644572901963e-01,7.625086927419056915e-01,9.681342701964347208e-01,7.836056577193113437e-01,5.292125281971595818e-01,7.807364668478994352e-01,7.002613611152617157e-01,4.088918556336730292e-01,5.864261678885798190e-01,4.385887944382600434e-01,5.250290997831529305e-01,8.298133935332698830e-01,6.081896298702470505e-01,3.589666691715633906e-01,2.720479874699061051e-01,4.016780594142311811e-01,8.622747244599791028e-01,9.083132777279021575e-01,5.592876942309276123e-01,2.405494450285524388e-01,6.014796016092576192e-01
