0.000000000000000000e+00,3.177610293524346739e-03,8.385211645718049223e-01,8.930248533438871483e-01,7.514821184094002682e-01,3.324721355171312287e-01,5.584857269674244895e-01,6.566643201576668476e-01,9.343968575647896291e-01,8.402056767871489695e-01,2.279833367992243898e-01,3.566804961548597497e-01,9.988680175913252635e-01,7.157631614000905529e-01,8.242965475559032029e-01,2.176563508293195559e-01,4.497620741704586034e-01,6.836308196236350332e-01,9.787907009074572340e-01,6.600546163166149949e-01,8.182532149950225708e-01,3.673813858937485799e-01,7.001998099562783962e-01,8.572078148779129769e-01,7.464842517313503567e-01,7.989354153615878529e-01,7.920262702260620902e-01,8.071730178646476794e-01,7.094401103973968503e-01,-1.394844708759991059e-01,3.328013128537123944e-01,5.893087744011802354e-01,8.664359322448540457e-01,6.840937026494378070e-01,7.905380820454488422e-01,5.189200599856148566e-01,5.728461800722066677e-01,6.655461429612408164e-01,8.435537886743474933e-01,5.831156899098021151e-01,1.553728885718193009e-01,3.369517830886248344e-01,5.716949247029319281e-01,8.973336848531971999e-01,9.542772978390401395e-01,4.372435772068838933e-01,2.059499278432717906e-01,8.822338997635380542e-01,5.664584466817453867e-01,7.990308851562628600e-01,9.995495372428035985e-01,8.389717910678138324e-01,9.899173848724954761e-01,4.502930845278683147e-01,4.348940301784949281e-01,6.610433264549537835e-01,9.144086701542866180e-01,7.796435063537430210e-01,6.163876137244923559e-01,3.692459420458964470e-01,5.694180019605579179e-01,7.420683478407554823e-01,7.926341581741498388e-01,3.363152361011108038e-01,5.107789024348575735e-01,6.064814556425233150e-01,6.693523757931039153e-01,7.369316704886885727e-01,8.699945543576207418e-01,8.637572122290807508e-01,5.694785357264012804e-01,2.137472851520717809e-01,3.963225389187365888e-01,2.215403486650551479e-01,9.717043745191545900e-01,9.151715876180417375e-01,8.325495514114772400e-01,9.374572735415107605e-01,4.090774064530871557e-01,5.192591502079918486e-01,4.405220098776926330e-01,4.887962397293229011e-01,9.944473488412415296e-01,4.262625900156662845e-02,9.363637570667966425e-01
3.177610293524346739e-03,0.000000000000000000e+00,6.256626000749032634e-01,9.064042468585313816e-01,7.185483438503850184e-01,2.543446514908534462e-01,5.954749006432578096e-01,3.640500260269151078e-01,6.373418052670103418e-01,5.058147170269514659e-01,8.107236303676546019e-01,9.171871014519652476e-01,7.059583404711960997e-01,5.894236641853771719e-01,4.453778840049431587e-01,8.977170450010488745e-01,7.525352007192931403e-01,5.335890233075335498e-01,8.120534928367110217e-01,7.063808905759524359e-01,7.199171638730246237e-01,2.374877338967685270e-01,8.482581117362916201e-01,7.629016955505790731e-01,1.585195111856321504e-01,4.716801933442139605e-01,6.772667579508644398e-01,2.376795131325045163e-01,5.606805795307129303e-01,3.564779939640976281e-01,4.856675676946712872e-01,5.460329300441110201e-01,9.562235352577515002e-01,6.032249080005338548e-01,5.680774272300960215e-01,3.573811450432387016e-01,3.364056543361093610e-01,6.017379154392319407e-01,6.425878902079998900e-01,6.504065037451067788e-01,5.713551983725582151e-01,6.494676292617839186e-01,6.502646106243218371e-01,8.139779485810572091e-01,4.572203701468315340e-01,6.917003621689441495e-01,4.704690663431571052e-01,7.004824579032564724e-02,2.782525841705590364e-01,5.408442686465471105e-01,3.737254144316577431e-01,8.354691095644616317e-01,5.399519734763496004e-01,9.028252759229439262e-01,9.440616272709821954e-01,6.810070275933463035e-01,7.001933108913286352e-01,6.120111677177448861e-01,6.502279038393622423e-01,5.405928797559803600e-01,5.697555439323703785e-01,8.438304149198445625e-01,2.409639278093480552e-01,4.545547506689636696e-01,5.559572399022082445e-01,8.863166764439257550e-01,7.139445901600345312e-01,9.396034973943008239e-01,7.842660549670534831e-01,6.965006259691275403e-01,6.124489527700338609e-01,3.718317943943676429e-01,6.351205204830383533e-01,3.336317931485224264e-01,4.800989013254816640e-01,8.766253861836256212e-01,9.391490760128461401e-01,9.934107042880435667e-01,4.291849090500474140e-01,2.536407477100481866e-01,2.304302334980924682e-01,5.540614118299511670e-01,1.504739997838080157e-01,3.584084858816395380e-01,9.332201838737774757e-01
8.385211645718049223e-01,6.256626000749032634e-01,0.000000000000000000e+00,8.282015947275312984e-01,7.679329210410648088e-01,7.182454974813297088e-01,9.150891883785786662e-01,9.718059776870200395e-01,6.556544530277788052e-01,5.191024890644914125e-01,6.683458667487747196e-01,6.634298485180161187e-01,9.122044992713161937e-01,8.535307185997106361e-01,8.941139479532824730e-01,8.113377594851246544e-01,5.668094793058792158e-01,9.727844206903970559e-01,5.634217676481285686e-01,7.007488266878216798e-01,8.394213362340492424e-01,2.856811329209422157e-01,6.128976182115031257e-01,7.183403728205305372e-01,9.379358749898689673e-01,9.224549447521797063e-01,6.191412306368568874e-01,9.347502690569022832e-01,1.999677120318335555e-01,4.210659778495642880e-02,9.259701108481113718e-02,8.776247830466076261e-01,4.708138451694518500e-01,9.821090810740814581e-01,7.981665625693603605e-01,5.768167652877529417e-01,1.325981131086814979e-01,5.731468510891307711e-01,7.581713533336438271e-01,8.233987234423711943e-01,5.559810846266419748e-01,8.181209046949778907e-01,4.333146586717687709e-01,4.363656440080455612e-01,8.535758506776552901e-01,4.351171684334615986e-01,6.474587022767637201e-01,6.123483858904096300e-01,3.918901306092066328e-01,8.078485791119087711e-01,2.980405268264141316e-01,9.496271093695455301e-01,7.005179540465280574e-01,6.861159788498575329e-01,4.800127989692478669e-01,6.277182692253387986e-01,9.280673486692951890e-01,7.861398984990251027e-01,6.975687236009646686e-01,3.570207594477352586e-01,2.263319876449408630e-01,8.601067071816564935e-01,8.339112922406376471e-01,8.492674882230015765e-01,9.428044888542501667e-01,9.833308471212087731e-01,6.791013978313891197e-01,8.686740263932979378e-01,2.415518564414064762e-01,6.346119408364681025e-01,4.023470829045613373e-01,2.398900755809777463e-01,4.180004634112012285e-01,5.676521732135777487e-01,5.894619818615466356e-01,4.906438430289613573e-01,6.786308768129239999e-01,5.020028469960774453e-01,7.353667269267996631e-02,7.811700534726149225e-01,5.953623784924877427e-01,6.869798764953133352e-01,4.616465113391541308e-01,5.790472476847684513e-01,8.405120184499530467e-01
8.930248533438871483e-01,9.064042468585313816e-01,8.282015947275312984e-01,0.000000000000000000e+00,8.165515891626357048e-01,9.929768893532533447e-01,5.289393851170348659e-01,4.512693142254917689e-01,4.454799305902365503e-01,9.783331364529743723e-01,5.189694376550302302e-01,9.894736808317408094e-01,6.706121339073808363e-01,2.832379094145086595e-01,8.744058059840850161e-01,7.483486072473509720e-01,9.229184992180573532e-01,7.557897085552235383e-01,7.417307429214441417e-01,6.157537676891211564e-01,8.479049231051933866e-01,8.899710975523213996e-01,4.006112953591490777e-01,4.468457500742608612e-01,5.516992994706052533e-01,8.195409594523890284e-01,9.842559893399884796e-01,9.865222009079741561e-01,5.968079794779677094e-01,6.833376938871917883e-01,5.881316939175094127e-01,2.171491567462399130e-01,6.464377338740279200e-01,7.015350031842398915e-01,3.124909160464420244e-01,5.148012188476653872e-01,4.969804642333315869e-01,6.796576797598682385e-01,7.404180567311939853e-01,6.532975019007849493e-01,3.249457451889632975e-01,6.980070665612500003e-01,9.506892197126349808e-01,5.788090023120696648e-01,5.623280929601193190e-01,6.103012925118845855e-01,6.326987872586192774e-01,7.136507803209597434e-01,7.147754265371523141e-01,4.284979859072348685e-01,9.114731489113750973e-01,6.364329948897542444e-01,9.865278713315090986e-01,4.224025596121236403e-01,5.670118464837305972e-01,6.797121231371454630e-01,6.057479728472419112e-01,4.733714499258554476e-01,9.448817503346378377e-01,3.587536514144159527e-01,1.986352499745871469e-01,9.401307464461399199e-01,7.704192433244835270e-01,8.302527394599770183e-01,8.522272048515668885e-01,5.930597342874994737e-01,7.730396712179589125e-01,7.897159740826872332e-01,7.463247280528072514e-01,7.466827365644406189e-01,7.552788199572082473e-01,7.444512116429977677e-01,7.468986664415910859e-01,3.037329192511622478e-01,7.035949008732189647e-01,7.823554364780267445e-01,6.795942249176866179e-01,7.425098707418924526e-01,-7.852170505338104678e-02,1.998658309601080985e-01,3.001523080243417851e-01,7.205309000797088803e-01,4.505138547861915477e-01,2.275790809850170016e-01,9.416853695227432874e-01
7.514821184094002682e-01,7.185483438503850184e-01,7.679329210410648088e-01,8.165515891626357048e-01,0.000000000000000000e+00,7.308277705617072240e-01,7.297390077161618471e-01,5.700300940920377535e-01,6.262299110077804709e-01,7.162996997043842295e-01,8.090284812506214340e-01,8.908385953905436638e-01,5.967094029624433471e-01,5.990526754442405677e-01,1.331997775391478012e-01,7.330136926651847906e-01,8.808874432422891809e-01,7.976047963175065814e-01,2.997038214746193807e-01,9.075509815852865758e-01,8.597245998770873809e-01,4.397651453911557984e-01,4.655531149819228109e-01,7.601949686667496264e-01,4.726463708264597718e-01,8.445786096454730441e-01,4.509179179246225466e-01,6.733132383122384379e-01,6.018958868556761876e-01,2.353920566928352220e-01,3.903691802601947369e-01,5.670412763348988694e-01,4.310341833408438683e-01,7.397908298745270450e-01,2.994323828896110484e-01,1.696137151796630604e-01,3.065027376858820984e-01,6.612629036945094629e-01,6.655285037340175069e-01,6.079335466524234954e-01,7.777155105107224076e-01,6.912975582025123744e-01,4.208921096973451403e-01,-1.560510479238423898e-01,6.392546508662596549e-01,4.497064742763783873e-01,6.383125425428403110e-01,7.760349001970303640e-01,6.876526529147932720e-01,7.430399472655399018e-01,7.582567557515180745e-01,2.603901813336330084e-01,7.483263221971805379e-01,8.976817973553737895e-01,8.534186017829407112e-01,7.128003829015582271e-01,4.953891961585445425e-01,8.240522241312970841e-01,4.887534083602917412e-01,3.771158103571180531e-01,4.200228658246545899e-01,2.688482213632888140e-02,8.909021594003233568e-01,5.253278199786649560e-01,6.829643747318925318e-01,7.780237175249746784e-01,6.718308462232486233e-01,9.866718606386295498e-01,4.739018394275724133e-01,4.221335753017696479e-02,8.268780644838241711e-01,7.418916482353598019e-01,3.293877150867045578e-01,2.746279616723740213e-01,6.947641600109042415e-01,4.631949376183570610e-01,6.443053625734250778e-01,2.361977129864966385e-01,3.232679037786473364e-01,2.750111553544523080e-01,5.618747383566103926e-01,1.988080962147744934e-01,5.071699132769702523e-01,5.189783980953788234e-01,5.041321143457304643e-01
3.324721355171312287e-01,2.543446514908534462e-01,7.182454974813297088e-01,9.929768893532533447e-01,7.308277705617072240e-01,0.000000000000000000e+00,5.959100214172800003e-01,6.306579515378391010e-01,1.488541859172145820e-01,6.745242428291525760e-01,4.897639304898507850e-01,8.071740482288330965e-01,9.967591222294587272e-01,3.961635753903842705e-01,8.385060084367698119e-01,5.234294127703758015e-01,8.356345460235102829e-01,4.825139072229496784e-01,9.046390484935135090e-01,5.237916611182357185e-01,8.950129464051245209e-01,5.145372787317766816e-01,5.598400781768199108e-01,7.357073789475313541e-01,7.796238332651890257e-01,5.824359505013053662e-01,9.264123242582821272e-01,8.388884297816536773e-01,6.890120614965729029e-01,3.733194282412294340e-01,3.469730797603028938e-01,4.183400994173571141e-01,7.061524520180054720e-01,6.676596401419067073e-01,4.367327461938078637e-01,7.132740343945243033e-02,5.129647556646965700e-01,7.513061863731659296e-01,2.515581685730431394e-01,1.598020736996712543e-01,4.232523755264769316e-01,6.849834759553062868e-01,5.858674490869750784e-01,7.736792918260854135e-01,6.139197405386592754e-01,3.872196784986685625e-01,4.029127325648172997e-01,8.765463221973401886e-01,2.568607923616560429e-01,2.285315400078840320e-01,8.107280039923306925e-01,8.594171648387410878e-01,6.823466604749652831e-01,6.461673698506049668e-01,7.757318587431316637e-01,5.258999667120198840e-01,7.768826920590177210e-01,4.077975597310571354e-01,6.835967545813638191e-01,9.976406681063787474e-02,2.022684731300962158e-01,4.623193681714717895e-01,4.301914657459126046e-01,6.906902166381767572e-01,8.324309695471543424e-01,1.022158663251618860e-01,7.372970900245827686e-01,3.039987260692958437e-01,6.997736043808497897e-01,7.978332137026764581e-01,7.210519001413605578e-01,7.805708442093721722e-01,3.773502661070346487e-01,6.717381361010418273e-01,4.900548838401945217e-01,7.361569990050085277e-01,7.105599506718011105e-01,7.949577632980574515e-01,4.205400277230204598e-01,3.599107166694373028e-01,5.927407347963087325e-01,3.332085963913574145e-01,8.770293292615990444e-01,6.283883973799584410e-01,3.319773799599334829e-01
5.584857269674244895e-01,5.954749006432578096e-01,9.150891883785786662e-01,5.289393851170348659e-01,7.297390077161618471e-01,5.959100214172800003e-01,0.000000000000000000e+00,4.856271197210353385e-01,5.053314043217257412e-01,5.516488686413576481e-01,6.939060006932084024e-01,5.174081277904540865e-01,7.339119957406221584e-01,6.968675003881031893e-01,4.100340559580424316e-01,5.085919974503795293e-01,7.262279778533797803e-01,5.329107237005024228e-02,5.170002885318374375e-01,5.525117832450565647e-01,9.985522458465534434e-01,4.759778995172272986e-02,4.083260736863965623e-01,8.635933904839279140e-01,2.786389936397641875e-01,4.671205754428749968e-01,5.109339120846559945e-01,2.593747404323243355e-01,9.749299595514763217e-01,4.465599788248592605e-01,3.067206193166297501e-01,3.626347362939972285e-01,4.797347744800346536e-01,7.902291424002511055e-01,7.509234323890994212e-01,2.747801880071154557e-01,5.432683097494818147e-01,5.831642611561688172e-01,7.623982096855146384e-01,4.473367204200953129e-01,4.202690678224000331e-01,6.248871384874047363e-01,6.568511393163739553e-01,3.325378948807539148e-01,9.744328768037376909e-01,5.213161245633982643e-01,5.049305102419157087e-01,6.878459389741540253e-01,6.515171156553610787e-01,2.346573960208899190e-01,1.708986351831633665e-01,6.397986498872761940e-01,5.003144643791619384e-01,5.549672708320574355e-01,6.516813603774250785e-01,4.272573093757116580e-01,2.447598134908954837e-01,7.354882619491245332e-01,5.521180223155841560e-01,4.010869142269702925e-01,4.509892550993565563e-01,6.100137273139928373e-01,6.435434248102228638e-01,8.506499063693746532e-01,8.159346839301065968e-01,2.052203769519539145e-01,5.724091744821453442e-01,4.904542281935282411e-01,5.491583568489853961e-01,6.962070971121618879e-01,5.279910100052686017e-01,5.599485287090404384e-01,3.406175679563984149e-01,3.355304919256680840e-01,4.933379866066484598e-01,4.122288319318332950e-01,7.453981058341002663e-01,7.457674160541138964e-01,3.051010817287551635e-01,4.944063346401456061e-01,4.547416499371360055e-01,5.634701557465777721e-01,4.269936173328719997e-01,2.982004226288536008e-01,7.813695328896873571e-01
6.566643201576668476e-01,3.640500260269151078e-01,9.718059776870200395e-01,4.512693142254917689e-01,5.700300940920377535e-01,6.306579515378391010e-01,4.856271197210353385e-01,0.000000000000000000e+00,3.131434487409570089e-01,2.678260373294746866e-01,8.992100415142411096e-01,7.298721360367083077e-01,9.301912920864277012e-01,7.711905927351596635e-01,3.147849096036376415e-01,6.539728246800224909e-01,6.203595236533219204e-01,5.562541841567256728e-01,2.035817013273968912e-01,8.594739502448058843e-01,2.452788743739657551e-01,7.731161511897549632e-01,5.071900879419958263e-01,4.866644580933428554e-01,5.418036027694321799e-01,9.637189851979190980e-01,5.750014803626676274e-01,5.830236675815366754e-01,3.802352179718465619e-01,4.726828221964782251e-01,1.873720730888471797e-01,4.378322246711589538e-01,5.220643878709936292e-01,5.891396666961654649e-01,4.195199579063092488e-01,2.403000133706802710e-01,3.744686956484076790e-01,7.846766327507432859e-01,2.909900681069781947e-01,4.280934506296289466e-01,5.058974388965278290e-01,4.471036788190372868e-01,6.548025456949740919e-01,1.838648688155975208e-01,9.015789853238895812e-01,4.283199934608251103e-01,5.968603559969025696e-01,7.132608066872733188e-01,6.822703963704664920e-01,5.487316770661260223e-01,2.559800631943595084e-01,4.130226170046297773e-01,7.373736005282264250e-01,6.816357882204604479e-01,2.577231277224090733e-01,4.746385255058165886e-01,7.239526411471781664e-01,6.331508884496920286e-01,5.429903838668416194e-01,2.380071710013889341e-01,6.480515302628202523e-01,6.941010387513029123e-01,5.279651445080247862e-01,8.112560507249327868e-01,5.154259751693941460e-01,4.406676658553900228e-01,3.172613941903555945e-01,3.552530002903147438e-02,2.181391903476946892e-01,2.643630954560763358e-01,9.326508420853063530e-01,5.943428553944852810e-01,2.564118462094260309e-01,2.389076735242289806e-01,7.476185826088874720e-01,2.687732472331971767e-01,3.144267973110592695e-02,4.447258465830695173e-01,4.084002235343620613e-01,1.003568222456081571e-01,5.120194914080089532e-01,6.001692170185701780e-01,6.769404842770311292e-01,2.456933132394294728e-01,2.555428680950166398e-01
9.343968575647896291e-01,6.373418052670103418e-01,6.556544530277788052e-01,4.454799305902365503e-01,6.262299110077804709e-01,1.488541859172145820e-01,5.053314043217257412e-01,3.131434487409570089e-01,0.000000000000000000e+00,3.944799552213654192e-02,6.987069517905143412e-01,7.962088184436819649e-01,8.391320384166890411e-01,8.671032529190502158e-01,7.706856561688856244e-01,6.036879922277285093e-01,7.883122605716232911e-01,4.943883181216158218e-01,5.996619922117845114e-01,5.275010526694181578e-01,9.787504936626830743e-01,3.050741910377585686e-01,4.590233713924621317e-01,6.517986177814980575e-01,2.028236766292938753e-01,4.294173701341336691e-01,5.832217825296520664e-01,-1.990762738585077629e-01,9.259717971233037692e-02,6.805924865156368631e-01,2.411147861718159272e-02,2.503729352119545837e-01,9.737124254118915134e-01,6.003325658228028106e-01,7.861733123918340782e-01,2.295464062755975809e-01,2.817963983878781220e-01,7.483900454490157728e-01,8.201778349604439411e-01,2.290408701236031352e-01,4.199999307838087614e-01,4.655095257178202828e-01,5.289231829882361513e-01,6.086602293286434984e-01,5.675294613259459497e-01,6.309051442177481261e-01,4.441167873291648194e-01,5.332098339370712203e-01,8.179668101141907011e-01,2.648124864487020336e-01,4.285520087288667845e-01,7.866179596254958550e-01,4.989094533475362248e-01,6.848816167974212110e-01,7.672738386669865074e-01,8.768541093770330086e-01,3.382818675538915021e-01,3.990775692237020777e-01,6.831930542943287499e-01,1.334956444843479750e-01,6.806783321681670884e-01,2.703092139953173767e-01,7.411071485523204050e-01,9.915028976653190718e-01,9.084860827905323344e-01,5.003004051245377726e-01,7.766024334479839641e-01,9.178662693475394541e-01,4.672051386436057996e-01,7.785913569828952774e-01,4.540221750514175647e-01,3.751681005690841175e-01,3.776323427299471680e-01,2.085051463053588239e-01,2.687244260232649617e-01,4.122936505187860812e-01,2.445337678943225179e-01,-7.913033704109756483e-02,2.156322842689788188e-01,-1.106391444428233561e-01,2.678024854966789547e-01,7.190615298034496172e-01,8.075987950949152783e-01,7.365284781275652781e-01,5.499163838594027798e-01
8.402056767871489695e-01,5.058147170269514659e-01,5.191024890644914125e-01,9.783331364529743723e-01,7.162996997043842295e-01,6.745242428291525760e-01,5.516488686413576481e-01,2.678260373294746866e-01,3.944799552213654192e-02,0.000000000000000000e+00,1.028775030212114583e-01,6.823195335282623564e-01,7.566615749432185067e-01,5.344843451432791381e-01,4.782723361093854098e-01,2.137685110231919705e-01,6.615491726809094031e-01,3.679250174232678167e-02,8.991753898883558804e-01,3.890094613385333133e-01,4.726078818465432319e-01,7.773814499059606975e-01,9.396672068648757037e-01,1.701029558161016586e-01,7.388040860751556860e-01,6.223592317759739645e-01,7.967323930327593340e-01,5.663217878758768364e-01,3.063252280289222029e-01,4.290322093111604840e-01,2.441968403430480883e-01,7.235572887771014594e-01,4.697359659211142180e-01,7.091072098979435134e-01,4.409644731049400246e-01,5.982037359642864566e-02,3.811933612581672876e-02,4.533823618912859454e-01,6.628840349160251000e-01,7.172326998617756244e-01,2.867957676760690688e-02,2.759413070263882495e-01,6.174892900313615485e-01,8.016624660420179627e-01,8.456321811800076027e-01,7.394957710651619553e-01,9.364277311587922981e-01,9.292640419206111835e-01,8.634142915266350415e-02,7.858490882627082730e-01,-1.106177001066672716e-01,6.305794470988926870e-01,5.602750183831469721e-01,6.523602375230068695e-01,5.586815082360080398e-01,8.319860346310805621e-01,7.862107630116321744e-01,6.566294144860156390e-01,7.676237724774771509e-01,3.426089013092564056e-02,3.082069084737003584e-01,4.288403886422045841e-01,6.214297776070282220e-01,9.530185271338478259e-01,7.087991883187908515e-01,7.663129275903497462e-01,5.186766849994425277e-01,7.958806080687947926e-01,5.260585370463776167e-01,8.945635049632972846e-01,6.115602549499480345e-01,5.004512308509289076e-01,5.630598546677381133e-01,7.985617345261539768e-01,6.336474569540500035e-01,5.582080298114410200e-01,4.985506421152153256e-01,6.176052127874414460e-02,7.115421924908467421e-02,7.584297066416337829e-01,3.283179193838148269e-01,8.833618922282931996e-01,4.423688418040083725e-01,3.157807953222657726e-01,2.841962029520667676e-01
2.279833367992243898e-01,8.107236303676546019e-01,6.683458667487747196e-01,5.189694376550302302e-01,8.090284812506214340e-01,4.897639304898507850e-01,6.939060006932084024e-01,8.992100415142411096e-01,6.987069517905143412e-01,1.028775030212114583e-01,0.000000000000000000e+00,7.914652876216220490e-01,4.097448167705197708e-02,7.482471386695549453e-01,7.113488049429427251e-01,4.531300094386322419e-01,8.921529878773160060e-01,2.236785618659345720e-01,5.846515015232801593e-01,8.135849984120203660e-01,8.793108488903589315e-01,4.519557309513466681e-01,9.718170516443789264e-01,8.219007272835781031e-01,4.224500015690984545e-01,5.776066470107033002e-01,4.107207089809650213e-01,4.436558475587392136e-01,6.342886497691673231e-01,4.760409005243173564e-01,5.704591882865026609e-01,-3.512728748958374170e-02,3.682811858503757252e-01,3.777577110756055179e-01,9.269140151905819192e-01,5.852906857543493935e-02,7.079921675231887201e-01,4.399311749184624531e-01,4.463927479000358578e-01,1.730842383359868231e-01,3.879896302875694980e-01,7.605162999802191903e-01,8.515242905302122800e-01,3.972966576967830177e-01,4.400387861299462910e-01,9.495630881016727809e-01,6.477796517559437639e-01,7.953768239043752519e-01,5.649935473763996185e-01,4.262313216045277575e-01,4.185655015036877091e-01,6.201527504960544501e-01,3.447517334615287643e-01,4.884526431487868914e-01,6.419386138977130063e-01,7.670984122641223424e-01,5.754853864115284656e-01,2.235577811127234527e-01,8.358213402142531390e-01,6.459812178849997366e-01,2.816890523611647046e-01,7.087340018053688295e-01,9.796763476744781984e-01,4.050888620134691087e-01,9.214922689966692504e-01,5.627836605731716402e-01,6.343213900690664042e-01,6.912143192203077380e-01,7.678313052526031246e-01,6.691667316888265660e-01,5.385448043578355826e-01,9.022438386135648303e-01,7.018833795271683940e-01,1.571337785823451461e-01,6.533095015843479736e-01,4.292471987675828271e-01,9.291576350551977725e-01,7.537563141595209348e-01,3.592071763831430342e-01,1.155773897427842950e-01,6.650663774605699574e-01,3.322248878646711923e-01,8.666573049340815516e-01,1.822208570156360827e-02,4.874854093555601176e-01
3.566804961548597497e-01,9.171871014519652476e-01,6.634298485180161187e-01,9.894736808317408094e-01,8.908385953905436638e-01,8.071740482288330965e-01,5.174081277904540865e-01,7.298721360367083077e-01,7.962088184436819649e-01,6.823195335282623564e-01,7.914652876216220490e-01,0.000000000000000000e+00,4.063041045868139300e-01,6.197246021231993529e-01,4.707489641857639517e-01,6.957696697302537814e-01,4.352798741963542772e-01,4.752343978840850025e-01,4.570007815420819020e-01,4.393674835253427724e-01,7.109278319727907469e-01,1.961717407599259388e-01,7.119988755455348706e-01,8.514771162187086961e-01,7.948749925735708599e-01,8.194683974405541083e-01,6.305817545195716578e-01,6.107118477777467858e-01,4.835675903695912936e-01,2.753237170497449537e-01,1.243176042335155662e-01,6.668843866304088319e-01,4.328811003622617393e-01,7.224660235116642237e-01,4.962705449890633669e-01,2.403011568500196815e-01,7.666203845322919208e-02,4.041483209392239262e-01,2.820775850422539976e-01,8.719596278114809529e-01,5.081544117056826515e-01,5.974307247472574467e-01,2.825865527437629865e-01,7.599600100407158942e-01,9.406595878595446214e-01,6.337805214838352352e-01,8.996828200081059546e-01,6.636358616040320957e-01,1.076386466842301354e-01,7.443520318501676281e-01,-1.644723530184941662e-01,5.570925247796347790e-01,7.753984573104019118e-01,1.470240331788746913e-01,6.311653679863062916e-01,9.365408444887185491e-01,7.903456666649641971e-01,5.012267365261081631e-01,8.056091585977301905e-01,-1.508378241649962481e-01,5.400098722756945246e-01,3.971464260646530020e-01,7.795375597367742992e-01,9.525557810801028591e-01,3.461374441254864154e-01,3.492508909759635682e-01,9.885445339140239707e-01,6.486318419375171063e-01,6.221214262796788130e-01,3.525691435211670277e-01,6.153215801724222223e-01,6.840603002523808485e-01,2.460458048762267091e-01,3.216185783562405254e-01,3.672378588613820494e-01,3.910084800558127904e-01,5.465479093357186180e-01,7.407898009293931718e-01,3.434834174329419176e-01,2.997991744921249535e-01,3.464774906658834586e-01,6.928968196665490353e-01,4.909378278093557424e-01,2.012936535389755754e-01,7.531594032786357307e-01
9.988680175913252635e-01,7.059583404711960997e-01,9.122044992713161937e-01,6.706121339073808363e-01,5.967094029624433471e-01,9.967591222294587272e-01,7.339119957406221584e-01,9.301912920864277012e-01,8.391320384166890411e-01,7.566615749432185067e-01,4.097448167705197708e-02,4.063041045868139300e-01,0.000000000000000000e+00,2.112401222510557619e-01,9.388188419446072963e-01,4.329352162876639043e-01,7.277506675248017753e-01,6.296312488224846682e-01,5.031194622266442762e-01,6.152662629914087411e-01,7.396143026086877681e-01,5.663415465551593364e-01,-6.728595639061110689e-02,9.408240625061173867e-01,6.228151762917498724e-01,4.520279717532294517e-01,8.579131940859013872e-01,7.855895742721854536e-01,5.946567125078694449e-01,-7.563249240263775208e-03,2.397968234124930320e-01,7.767465095062435765e-01,6.939632712108978474e-01,8.263929303166845930e-01,4.213512462432758010e-01,4.580345074751231427e-01,5.172145290794671890e-02,8.141485427510248840e-01,6.300486324227988488e-01,4.614603164754453313e-01,4.335261356732023064e-01,5.708868356606769945e-01,7.322485312371134203e-01,6.155099535873759242e-01,7.485724376861981888e-01,3.288126143656775469e-01,7.368287620111932945e-01,8.715388178465164337e-01,6.315388616985374570e-01,7.639887279006073451e-01,4.479445491610504759e-01,2.221212285701494593e-01,4.911837781865633357e-01,5.669310565508691724e-01,6.867294741102896172e-01,8.190584371479237014e-01,6.312222336553799940e-01,7.992684225022936850e-01,5.332946537185654368e-01,3.257807425066011620e-01,5.914609342042898010e-01,6.662180185694878132e-01,5.435267933703648024e-01,6.982517492410272864e-01,9.685961952383904672e-01,6.442619930947053319e-01,6.999191045317780802e-01,6.430557791087074815e-01,4.805341445834750980e-01,6.731555718794052234e-01,4.668157463011053387e-01,6.739515457361181516e-01,6.211237317543476522e-01,5.631612812629237519e-01,-8.180275669203952715e-02,9.621980950857472736e-01,3.665569536666576367e-01,8.022519581674625311e-01,2.801227189133214113e-01,2.059652682965487092e-01,7.623723094608086948e-01,7.448959379403331527e-01,6.697025324371548294e-01,1.574314983671402657e-01,4.619001099586053649e-01
7.157631614000905529e-01,5.894236641853771719e-01,8.535307185997106361e-01,2.832379094145086595e-01,5.990526754442405677e-01,3.961635753903842705e-01,6.968675003881031893e-01,7.711905927351596635e-01,8.671032529190502158e-01,5.344843451432791381e-01,7.482471386695549453e-01,6.197246021231993529e-01,2.112401222510557619e-01,0.000000000000000000e+00,2.442837608319371467e-01,9.690099155226657990e-01,7.996641592761071227e-01,4.212070412957436005e-01,8.574025334484003391e-01,9.400453240613901862e-01,7.447106504290913476e-01,5.235792930789914257e-01,7.667967292150216219e-01,8.362143103888005635e-01,4.499640540373063269e-01,7.954458593836293279e-01,8.781032794242991102e-01,8.667053741776503673e-02,4.458507765060362726e-01,2.333924696563892953e-01,6.030927345320628019e-01,6.408366832490273168e-01,7.947975354028740114e-01,5.785875795123962551e-01,9.854763837040576568e-01,5.947260074464655322e-01,3.773932419159087281e-01,4.715616152420485929e-01,7.332690691834331531e-01,1.197589207233082098e-01,8.150185042714794825e-01,6.585421130173607640e-01,2.911920584434484205e-01,9.533490498253104350e-01,2.396713026283359693e-01,8.673930137523133688e-01,3.388714745666951411e-01,5.813103906021510614e-01,8.530228641528443401e-01,3.593093729474967912e-02,7.154716278339600111e-01,5.846416530073936801e-01,2.097947178680069080e-01,8.135926288486751146e-01,9.879776880659340010e-01,9.017957728787511229e-01,9.916403322396103448e-01,5.142837312079193701e-01,9.575173401018389763e-01,6.842944222960481993e-01,5.417410682587751047e-01,9.591169774123122771e-01,7.208456222615373665e-01,5.817282502698383206e-01,6.476671306052996790e-01,7.269035838449926512e-01,9.861769841599238307e-01,9.772762081005506030e-01,2.793163612916387262e-01,5.301413282506292068e-01,7.164748512447302042e-01,5.326036302834704639e-01,6.624535235045657666e-01,2.977318666164449068e-01,6.324813218083025212e-01,7.984043894600312274e-01,7.840227817078756489e-01,5.700606139960464613e-01,4.878780955050869284e-01,4.218397893577269242e-01,9.206542569199422932e-01,9.228206712882631724e-01,9.652274441756916734e-02,7.074323957064361512e-02,8.534011818926874327e-01
8.242965475559032029e-01,4.453778840049431587e-01,8.941139479532824730e-01,8.744058059840850161e-01,1.331997775391478012e-01,8.385060084367698119e-01,4.100340559580424316e-01,3.147849096036376415e-01,7.706856561688856244e-01,4.782723361093854098e-01,7.113488049429427251e-01,4.707489641857639517e-01,9.388188419446072963e-01,2.442837608319371467e-01,0.000000000000000000e+00,5.990221976665467407e-01,6.232398696975861574e-01,6.796691603928716185e-01,6.429586063965553322e-01,7.370595005055662341e-01,8.712299844953588224e-01,5.018388348998485959e-01,9.798188768766370460e-01,7.616389323697818625e-01,2.554288382296850957e-01,6.734564566149510156e-01,3.836889844856692378e-01,6.581129470323606734e-01,5.092298993523410866e-01,1.474801033106092341e-01,2.460706600399548971e-01,7.853270994527621340e-01,8.676137008391018313e-01,3.596701784201553620e-01,4.190289544604641203e-01,5.826461310503608937e-01,5.666728758400108555e-03,6.281816825525157189e-01,5.987037029466398819e-01,3.912234723285860638e-01,6.023051629963352971e-01,6.168136172833962316e-01,8.053128847211207253e-01,4.946022578615679177e-01,7.652994407405717681e-01,8.825256420788827327e-01,7.175977595081350913e-01,8.628745620173440267e-01,2.552465250111046746e-01,2.903291732018569715e-01,7.349025259245419717e-01,6.032729736298947376e-01,5.640012519183836837e-01,1.974805848087294313e-01,7.539206104693602084e-01,9.920756138639835742e-01,6.533314688464894049e-01,1.580991954373521524e-01,5.787499011992189857e-01,8.266058594801336534e-01,-9.198798497215918135e-02,3.966158647578647556e-01,8.114687702357033239e-02,9.340760904031111256e-01,9.497472757195042359e-01,5.625404477555170368e-01,4.068087343847289761e-01,9.480707477384804349e-01,4.662838392801025855e-01,6.003853470619844312e-01,9.689217877855873517e-01,1.902661613194686629e-01,3.642847630645473234e-01,4.879230977369776179e-01,-6.595881711648041157e-02,5.872803097452429233e-01,4.818894164166379612e-01,5.068743368169905672e-01,3.435761391757936600e-01,2.373244243058616754e-01,6.168661627517926238e-01,7.361316349579571927e-01,2.765874611593982513e-01,7.162000096508155389e-01,2.780258627248785031e-01
2.176563508293195559e-01,8.977170450010488745e-01,8.113377594851246544e-01,7.483486072473509720e-01,7.330136926651847906e-01,5.234294127703758015e-01,5.085919974503795293e-01,6.539728246800224909e-01,6.036879922277285093e-01,2.137685110231919705e-01,4.531300094386322419e-01,6.957696697302537814e-01,4.329352162876639043e-01,9.690099155226657990e-01,5.990221976665467407e-01,0.000000000000000000e+00,7.812598086007824794e-01,7.251182507229061436e-01,1.817713325863792861e-01,6.431302967030692042e-01,7.327012717154490762e-01,7.500548102370800940e-01,7.012404576725494998e-01,9.871292564687105253e-01,4.211208476007186619e-01,2.829064183361730267e-01,1.836528605416230253e-01,7.066143055183624622e-01,3.235196655569105850e-01,3.068603764313859172e-01,3.359876100608786276e-01,7.653676889844909237e-01,6.762384892526608349e-01,7.081035055209787821e-01,2.733314301583648076e-01,4.938536704039660497e-01,4.903438926380790930e-01,2.151644503923479668e-01,7.146508608990479461e-01,5.617013610108655408e-01,4.727925068441629630e-01,9.214820572095814288e-01,3.161309305526848190e-01,6.937527438828985371e-01,6.399124894305923128e-01,6.725592359634005035e-01,4.589444096656684069e-01,2.512093908444085200e-01,-9.033818176594882177e-02,6.228554187986959922e-01,5.690358635009566957e-01,4.491662620799795058e-01,9.827169189645211800e-01,6.863478653918283490e-01,7.993339828535754865e-01,-3.360968263198291228e-02,5.145162914690801781e-01,5.762931787386038618e-01,5.124989137011977114e-01,5.157451919987566802e-01,6.755567731645151230e-01,7.395275468974730204e-01,5.552205926696781590e-01,6.690021879563889939e-01,6.976345824033959309e-01,8.777883542285319640e-01,3.151037634578421898e-01,8.629487376580458058e-01,3.268854652382275905e-01,4.556304186466236805e-01,5.767330209556191800e-01,8.439721199803392748e-01,5.224771597095402287e-01,4.316978570804171911e-01,2.063451695011856990e-01,4.949031118323705680e-01,8.359971279757343332e-01,6.182125626174502786e-01,3.349885043002263085e-01,4.447839141466012475e-02,6.617931253924420609e-01,5.358099196759269489e-01,1.028268080071024909e-01,6.241303851752921794e-03,8.009438869479310608e-01
4.497620741704586034e-01,7.525352007192931403e-01,5.668094793058792158e-01,9.229184992180573532e-01,8.808874432422891809e-01,8.356345460235102829e-01,7.262279778533797803e-01,6.203595236533219204e-01,7.883122605716232911e-01,6.615491726809094031e-01,8.921529878773160060e-01,4.352798741963542772e-01,7.277506675248017753e-01,7.996641592761071227e-01,6.232398696975861574e-01,7.812598086007824794e-01,0.000000000000000000e+00,8.524404216010181834e-01,9.387550841023407644e-01,7.951414220334941385e-01,4.003808337959234298e-01,9.444650579802178481e-01,3.199017643890258999e-01,5.845410613051442716e-01,7.924001183170614748e-01,6.173708557300117139e-01,3.258343540664699889e-01,3.928448164173216628e-01,5.497834336095634988e-01,2.799857433102793114e-01,5.738746855416633208e-01,8.348397077924334386e-01,8.320246573987666316e-01,3.812174263277930963e-01,8.755527810612141471e-01,5.840699090201959681e-02,2.656551883231869082e-01,9.767805488281828818e-01,8.444579932113002174e-01,6.061645966851488820e-01,6.228096142875101382e-01,9.084005913291127721e-01,7.541486105819392716e-01,5.944178666438317826e-01,4.809360774790848447e-01,4.404270125447563577e-01,6.014762244215634546e-01,8.742222373940052860e-01,7.410502277674194671e-01,8.292549434786831153e-01,2.818681196279647638e-01,7.332368666986865957e-01,8.449294884031023356e-01,2.911643545358960639e-01,5.490137140031865481e-01,9.258837003654936115e-01,1.935603787679059107e-01,5.139878544165177310e-01,9.746046432029735751e-01,3.092188259485805779e-01,5.043976560265717168e-01,7.502272441366660827e-01,6.645876676193200883e-01,7.883800441203347997e-01,5.233511404738965256e-01,5.479122112512586629e-01,6.520619607213999913e-01,3.362944830332598167e-01,5.818489141254152841e-01,8.772125572132210003e-01,8.022953962009404805e-01,8.079766817590479100e-01,3.119649104865768185e-01,6.453670354322795788e-01,5.710033437867347850e-01,4.962777156989526817e-01,6.695601519843759064e-01,6.668819947540628457e-01,6.596465145745167812e-03,2.480258909377622556e-01,8.790412562903624494e-01,6.521123813061823205e-01,6.224153322430426849e-01,4.044467298260198129e-01,4.572985104553575209e-01
6.836308196236350332e-01,5.335890233075335498e-01,9.727844206903970559e-01,7.557897085552235383e-01,7.976047963175065814e-01,4.825139072229496784e-01,5.329107237005024228e-02,5.562541841567256728e-01,4.943883181216158218e-01,3.679250174232678167e-02,2.236785618659345720e-01,4.752343978840850025e-01,6.296312488224846682e-01,4.212070412957436005e-01,6.796691603928716185e-01,7.251182507229061436e-01,8.524404216010181834e-01,0.000000000000000000e+00,3.816489715948638284e-01,6.861392135359561939e-01,7.569434834155939207e-01,6.921941324811752283e-01,6.972946569903629710e-01,8.316942994436264947e-01,2.139540029601490756e-01,5.217481326377171325e-01,4.239705696533188628e-01,4.374264433417206499e-01,2.668121909857935625e-01,3.793775935255332410e-01,-2.805741126269889474e-01,4.279928061266405903e-01,4.656756267979219599e-01,7.037283815317368907e-01,4.543838856519497038e-01,1.276630706979937357e-01,5.627720311838526612e-01,7.992794154439992749e-01,7.023448021022619114e-01,9.065458222041016256e-01,4.286767321051424551e-01,7.411451168415552626e-01,8.157868992554565546e-01,8.514100475078334451e-01,-1.242661184555009513e-01,3.646709558622944769e-01,6.358002635402353331e-01,6.253844373600081497e-01,6.804570153359166262e-01,4.197401848576866046e-01,4.181797991774137691e-01,3.569031079667882578e-01,7.783830718324246112e-01,2.473872008673932421e-01,9.193724509284773028e-01,8.886567134410665592e-01,6.430817082732682710e-01,4.526800392517794647e-01,6.947096565330912465e-01,3.544855731145439837e-01,2.028111788996601050e-01,7.032132557227267489e-01,5.739102618830145275e-01,3.431455440139206114e-01,9.233300708987927097e-01,7.935990069389727841e-01,4.756364147736900083e-01,6.695247906410750627e-01,5.769120807208691915e-01,7.697032584856837722e-01,8.163877603431707319e-01,6.138899882609614167e-01,1.179631258424166940e-01,3.587867699580824521e-01,6.549764640192680121e-01,6.170632689448287689e-01,8.655332548180660890e-01,4.066096031861644589e-01,3.055523913850230477e-01,4.669582283936427602e-01,7.215988288072650025e-01,7.605711948856846982e-01,9.198485787846027995e-01,4.794912071645469620e-01,5.173253109661345439e-01
