0.000000000000000000e+00,7.519218141791703669e-01,9.998451858515495783e-01,7.408040557244082169e-01,7.222463252740600748e-01,7.289777306651245015e-01,2.847414813768792685e-01,6.558511046840096448e-01,6.440882958706978245e-01,4.640663310201997294e-01,6.453669245080900785e-01,3.697212162457405027e-01,7.492118562876133314e-01,8.635180139672307131e-01,7.671207279009930602e-01,4.609922952744322511e-01,7.246460301222050759e-01,7.572288636790702743e-01,4.877347522792488399e-01,5.460201376768276660e-01,4.873120557017031618e-01,4.798668761399982330e-01,8.839207421507165874e-01,6.931643954333024382e-01,8.653897746539038760e-01,9.614264534980732080e-01,3.530841145662760860e-01,4.000280893073159261e-01,5.855506446349716398e-01,4.521731583662321752e-01,1.827945894944323912e-01,6.750270992279187032e-01,9.924996736820985710e-01,9.017448627733932742e-01,8.736626282726386306e-01,2.227595975813831952e-01,4.624858957607844157e-01,2.143442772939210816e-01,5.360554444094460802e-01,8.250300231591746192e-01,4.880816010959044271e-01,7.784501287139614645e-01,7.026364210722501058e-01,5.239130600825007145e-01,9.121211374234434732e-01,6.817613766848050760e-01,9.720611046536504762e-01,6.885686962568813296e-01,6.484168016672167134e-01,7.610745991927638787e-01,8.792326153076798212e-01,6.472139282335445110e-01,8.802121465124408406e-01,8.019757823131772323e-01,8.499312799209480795e-01,8.046871082346559456e-01,4.944985654825856947e-01,8.566181230051842510e-01,8.805734652789685146e-01,7.249962960549366509e-01,4.775927627445423207e-01,8.530081607979023151e-01,6.978387617865630110e-01,5.444056149742027007e-01,7.758471530076340716e-01,8.526863999683906847e-01,9.805877358054466697e-01,4.116447618213656123e-01,4.381455117188735593e-01,8.293933627253393670e-01,7.054529281588384215e-01,6.229129979764618241e-01,5.256093710654068385e-01,2.770717687927560235e-01,7.574848285508717360e-01,9.448431787362673306e-01,8.067145885950355311e-01,9.389230770833907336e-01,3.975681549134053583e-01,2.740851542849173650e-01,2.094732458197579583e-01,8.142042296309529581e-01,7.360097571194119670e-01,2.606608132114595078e-01,8.554571610464702935e-01
7.519218141791703669e-01,0.000000000000000000e+00,7.610122595594528416e-01,8.803150827710117809e-01,9.536059217924257592e-01,6.079189019617808887e-01,5.781866500633898731e-01,6.655390115674399976e-01,3.930405270010943752e-01,3.989285866108496226e-01,3.369581154201815171e-02,6.833573111076816087e-01,1.536913631308314543e-01,5.169123312242912549e-01,2.020651030882743560e-01,8.126435808178364972e-01,6.721396259911598392e-01,7.771585233861175723e-01,5.669589735121415286e-01,8.268251283587965128e-01,6.710118693243086740e-01,5.158375326887262302e-01,6.246974623219213596e-01,8.860709404682803880e-02,1.231186137032530548e-01,4.240776271101249217e-01,6.082579204435565323e-01,6.663686905747955302e-01,5.202737687701735059e-01,5.712528332515065532e-01,2.451289021542715774e-01,4.551741737662600706e-01,5.658590710333903928e-01,6.353632262590731550e-01,7.860538786704827086e-01,2.894669786860522565e-01,3.846881724053519691e-01,3.875095451296122623e-02,7.971275633913461611e-01,6.206015478588006173e-01,4.565992599232420734e-01,8.521740148607905851e-01,8.397727352619948071e-01,9.979697252700018284e-01,6.807278267813108297e-01,8.890939918365461381e-01,6.452294835970726616e-01,1.133534704187855180e-01,6.263875829214032853e-01,8.467587866064368862e-02,6.364836614365718681e-01,4.379395093542424733e-01,6.548970381189136436e-01,9.223818198484006192e-01,6.782185074139134295e-01,8.980689488180294555e-01,9.020768851358959006e-01,7.117578216497325583e-01,8.729304680355655099e-01,7.063710485424548047e-01,6.896718317140616561e-01,2.062094110245122069e-01,5.625312046319465020e-01,8.596519320871900405e-01,4.171306321390055305e-01,4.053852447088024946e-01,9.255367594104833007e-01,8.945434155676850185e-01,6.433258728244474201e-01,2.193448880915482291e-01,9.406643044279601185e-01,5.097736504335966812e-01,7.155586167476867265e-01,9.890994837985184196e-02,5.243103740160844906e-01,9.333503527212243522e-01,6.363000249345317494e-01,9.993685036565491675e-01,4.301219980654824582e-01,3.476311977776572748e-01,3.217535118893059543e-01,4.394171583643518009e-01,5.562004003176462819e-01,2.706561357856805405e-01,7.354323019535781158e-01
9.998451858515495783e-01,7.610122595594528416e-01,0.000000000000000000e+00,5.642727631924543408e-01,8.614440696526668440e-01,9.718917464407461626e-01,8.156650928064749229e-01,6.279469850872216874e-01,9.599420017292581431e-01,7.321784070786743204e-01,6.320809511752857324e-01,9.749025264843135252e-01,7.296770673109873595e-01,7.995581712424073562e-01,8.163291073764884498e-01,7.850558002594054674e-01,6.913780974636309917e-01,-3.303162392880631959e-02,7.387917815728564097e-01,8.123522304456901599e-01,8.323168156064110201e-01,4.661035007110307937e-01,4.713141928685343762e-01,9.591560696644396700e-01,9.735176661271368603e-01,4.378901015266123964e-01,7.336730194010231410e-01,5.892406129613777521e-01,3.005880842502510752e-01,4.517967024804646070e-01,3.476713057578186827e-01,8.427383717881229419e-01,6.083046622648230484e-01,9.820637439626205278e-01,5.731178864515119598e-01,2.489998906270353141e-01,2.163744484555245873e-01,9.491479067082111420e-01,7.275778020673997482e-01,8.093350783233808077e-01,8.327041835881447973e-01,9.269306472410252518e-01,6.296699168135402314e-01,8.477223743106878651e-01,6.946384382767539778e-01,8.997401210646641667e-01,9.951107007404136340e-01,4.241341572789040226e-01,7.139025690205652586e-01,5.532702305954774191e-01,9.463017304237958394e-01,7.100616308361156204e-01,7.367366865236421036e-01,8.953269384497681838e-01,6.491939776435128318e-01,8.382345060727840469e-01,5.919032069524401418e-01,5.162424336463403707e-01,8.599640290815566690e-01,7.329143508127224926e-01,5.348186583936953564e-01,2.910623062779255088e-01,9.914225007771998444e-01,7.630891550982286109e-01,5.835110030101529066e-01,8.081084950863769434e-01,6.744748725622380370e-01,9.920802226547094094e-01,7.229734530661647840e-01,6.589888805700147012e-01,8.927641558044148162e-01,8.261681069474938743e-01,1.523839609212848667e-01,3.983214986045082728e-01,3.623420922736695360e-01,6.602107705995384768e-01,7.870104188937807610e-01,3.674604180406241261e-01,2.117140418516214040e-01,3.947226169508579741e-01,8.039177707328422073e-01,5.454227808366741703e-01,2.721234770639481271e-01,7.903944742850288474e-01,6.198372703882402135e-01
7.408040557244082169e-01,8.803150827710117809e-01,5.642727631924543408e-01,0.000000000000000000e+00,7.161501874209726948e-01,3.952802194587616835e-01,7.579608393843801917e-01,5.836953765640426894e-01,7.023073700982170875e-01,4.230281492326141146e-01,3.256551371482032525e-02,7.532942848487775844e-01,8.747868868318406932e-01,8.443454494350944861e-01,3.004636858250933629e-01,4.883840884373419344e-01,7.529086099932272846e-01,7.408518998823045987e-01,9.014770147346738982e-01,6.204886858053811904e-01,7.969606733066227910e-01,2.330900489593511482e-01,7.113628926675388264e-01,9.439823411712934265e-01,5.188640618057329679e-01,8.543794433205544880e-01,5.563151771106230603e-01,8.556373997756734351e-01,5.874248303021363249e-01,2.541558498876481109e-01,4.704649858794345829e-01,2.419249618680150982e-01,2.512850995861130032e-01,6.551715263076188789e-01,3.205728580688547297e-02,2.602761196902876328e-01,4.130928725061338014e-01,4.574918305211590486e-01,8.295717655465091322e-01,5.586499768054075110e-01,4.715678893098190216e-01,4.842591610002355274e-01,9.776534802975128668e-01,5.916899209386238256e-01,8.639971919606093120e-01,7.204910027873986378e-01,6.168138694810015865e-01,7.538301169351027120e-01,6.025706543616825561e-01,4.163642686441476060e-01,2.416939001448359658e-01,4.829542631416363085e-01,5.087250756359411596e-01,4.534775990733894702e-01,3.361191898029920744e-02,7.183106964302562458e-01,6.332335863609970250e-01,6.576474070689607154e-02,6.089602808379178667e-01,4.150009953609735125e-01,5.838552657513403910e-01,7.080637632905004697e-01,8.409933734767228719e-01,4.639559056276137960e-01,6.044187954193237511e-01,6.813027250737766494e-01,6.470533408001256648e-01,4.438425394669145430e-01,7.130426189382661484e-01,8.638358543569913950e-01,6.311607443074516155e-01,7.819515985607219388e-01,2.487587477143151857e-02,5.387852944131404920e-01,4.822392857640039887e-01,6.875342981369453321e-01,5.714232855146605949e-03,3.409532847643722553e-01,6.373261849533638779e-02,4.597444856718055362e-01,7.655708695793481677e-01,6.271910840361485384e-01,5.928524800268126782e-01,-9.460350029771186220e-02,7.209238994603853756e-01
7.222463252740600748e-01,9.536059217924257592e-01,8.614440696526668440e-01,7.161501874209726948e-01,0.000000000000000000e+00,6.502672202959948189e-01,3.996601041020045875e-01,6.792661590746996714e-01,6.893166487391237940e-01,8.425612707049214833e-01,8.457551468572794828e-01,7.429367146988188342e-01,4.504178370271747500e-01,7.551615965731636182e-01,6.369819233136024828e-01,5.016842848165311564e-01,7.143964891751910518e-01,7.960774261991756529e-01,5.958302801849235664e-01,6.172173852206754852e-01,8.363963951356084836e-01,3.688625349445855822e-02,9.836314017250732400e-01,6.627629328413602305e-01,4.372108238721199025e-01,9.554495659008892527e-01,3.900781282066856925e-01,2.736141479373283003e-01,5.580687641020983802e-01,3.615694520793626410e-01,3.621445771590260376e-01,9.219223222783208271e-01,4.518340306218381897e-01,4.102538830778094670e-01,5.741243940078468722e-01,4.711983158718019427e-01,1.131041518394260009e-01,6.057994672708313377e-01,4.171337436148339073e-01,6.491317130868462515e-01,4.640405544048705200e-01,7.146588717461435092e-01,9.192808777242100771e-01,7.974101396311641388e-01,6.993891805501459835e-01,7.461507253836200393e-01,8.879573931658965025e-01,4.582873155075097293e-01,4.527023834162278160e-01,4.397684186406615181e-01,4.902874756529991829e-01,6.280529693725049878e-01,2.008765858695986950e-01,8.495294129770657454e-01,5.720609108173735358e-01,7.847157661843396914e-01,7.233346141736166635e-01,6.419988741618130046e-01,4.551002804777307120e-01,5.157763330913679445e-01,5.052176616122693309e-01,3.812685857847900595e-01,6.827112045797916196e-01,4.271282294019550507e-01,6.796095694136179421e-01,-3.715122039919782626e-02,7.664979966141095558e-01,7.872451017288091268e-01,4.233665112641317174e-01,6.326399995954576916e-01,6.707899617055382846e-01,4.814343312957825582e-01,1.669893736342620283e-01,2.632859919915518931e-01,6.609727714706299384e-01,6.531458983163667131e-01,3.143556002994200016e-01,1.684054760417328933e-01,3.154373990675184980e-01,1.705140361643925628e-01,4.352077188855408285e-01,7.155091927232046789e-01,6.607222571621529372e-01,2.035108415678064109e-01,9.108299056159734342e-01
7.289777306651245015e-01,6.079189019617808887e-01,9.718917464407461626e-01,3.952802194587616835e-01,6.502672202959948189e-01,0.000000000000000000e+00,5.123827394265901836e-01,9.625633622307967485e-01,3.333598080288174836e-01,6.566710895925034208e-01,7.855922998891509135e-01,5.812634076169924668e-01,2.065512423056589664e-01,4.574608241774915096e-01,4.133447975568120270e-01,4.517168589189305972e-01,5.438124753782563880e-01,7.441500075921286816e-01,5.694406524937806191e-01,9.907966836691306511e-01,6.744468458914297804e-01,3.031784275105547377e-01,9.711777278861628560e-01,8.550874079482906343e-01,4.355784229910214522e-01,7.025911539563045594e-01,7.649418725218737336e-01,7.463987049000289087e-01,2.200219000238530787e-01,2.435943606950922991e-01,4.294492711257588136e-01,1.779064710138539840e-01,5.059735996653135226e-01,9.393571871652358629e-01,4.666529721267514974e-01,3.157899989461588897e-01,3.361672463524128379e-02,7.173514115562511506e-01,9.360476818730949500e-01,7.251988101532694797e-01,3.231718487841366838e-01,5.293304106498509208e-03,6.741526866531522000e-01,9.396541003639421463e-01,9.573081105519065659e-01,4.608321770668506456e-01,5.030978120098829054e-01,5.585637915437668966e-01,2.303312496486207839e-01,4.212888351094419281e-01,4.002564627528338859e-01,9.061358066259056487e-01,6.373780532638969598e-01,4.040796332060867524e-01,9.516208721037578977e-01,7.216133018807593391e-01,6.906879509723697907e-01,6.878865136195739804e-01,9.599658105787558515e-01,1.319761843728891049e-01,5.891455427503942133e-01,6.033981075055050436e-01,4.126335819319375542e-01,9.943807797429804474e-01,6.920911419964443922e-01,4.465397058349079296e-01,9.970012523550539907e-01,7.787417367796138912e-01,6.185605571824716042e-01,5.615388943763784946e-01,6.088985393974691851e-01,7.438927129440567887e-01,4.264608157816007217e-01,5.839460316544614615e-01,8.440592442334255985e-01,1.190410920650291637e-01,7.406600317417844082e-01,5.770484975725291843e-01,6.061250206182207112e-01,3.014729600101053175e-01,5.548570165417926470e-01,9.620628872861641812e-01,5.300487948026997298e-01,3.345380277270914027e-01,4.142979909121583537e-01
2.847414813768792685e-01,5.781866500633898731e-01,8.156650928064749229e-01,7.579608393843801917e-01,3.996601041020045875e-01,5.123827394265901836e-01,0.000000000000000000e+00,7.297014741238112556e-01,4.509370837114015096e-01,5.540066680945318067e-01,5.523303165815247606e-01,4.483464967082927966e-01,6.027313193816387082e-01,5.691854542610568224e-01,2.760663428103327099e-03,8.401178114510653161e-02,9.921670095721997207e-01,3.466221593769179821e-01,3.601745847422310742e-01,8.323509765461897247e-01,7.406415125241369024e-01,7.488538692103413608e-01,6.255788166360515268e-01,7.740313154266623696e-01,2.915761258176181037e-01,3.079942115654191737e-01,6.131673101504481194e-01,6.537849600438476738e-01,6.478331009329638679e-01,3.163807459153640256e-01,5.533250969882661657e-02,4.545657655405220265e-01,5.770389402048202721e-01,3.212965496613340646e-03,6.253699308468234630e-01,4.695094408299085864e-01,4.581953672585523107e-01,2.250125026365050185e-01,9.201698619039753169e-01,6.366206267169742805e-01,3.870950363017482410e-01,4.384878265487732185e-01,9.723263573819636019e-01,4.688029897466271523e-01,6.762070111972562358e-01,1.834612494172270791e-01,7.427848386071044251e-01,5.327734081285632195e-01,2.362634538383097671e-01,6.878550103710424635e-01,1.017701076105982927e-01,3.597376134271236259e-01,3.995190730870266105e-01,5.206121250664834665e-01,8.683407042764066386e-01,7.157745356158707883e-01,4.394001048436792511e-01,9.355500800163969732e-02,9.251526992451574172e-01,6.235238808329666149e-01,4.419534206302452306e-01,4.941334117723621966e-01,7.127869453880698591e-01,-1.037777053600781041e-01,8.789891485659996340e-01,6.276935286659371949e-01,4.230355067408729797e-01,4.700745092354667864e-01,3.678137174950912858e-01,5.095751362478476709e-01,2.565678133824224605e-01,6.341074228098151355e-01,4.587408097562188924e-01,7.401255349427768859e-01,4.538070411049308639e-01,7.484182865831742193e-01,5.277429101815003243e-01,6.255826504498316343e-01,4.838286979426359991e-01,4.908720177741947022e-01,5.586856922582146279e-01,5.800606739752236507e-01,3.179173341699697009e-01,5.498084861545009527e-01,2.726376512813480368e-01
6.558511046840096448e-01,6.655390115674399976e-01,6.279469850872216874e-01,5.836953765640426894e-01,6.792661590746996714e-01,9.625633622307967485e-01,7.297014741238112556e-01,0.000000000000000000e+00,1.590249508565950709e-01,5.671952021645911834e-01,7.359184687392776592e-02,4.623143882576524061e-02,6.553107247059508644e-01,5.552384635723762729e-01,1.451816784297413621e-01,5.256506086528267563e-01,4.188283183692147471e-01,2.874345133680849540e-01,8.838098483911430714e-01,4.779110204181746258e-01,4.891697444808302264e-01,4.796242054672460453e-01,4.010921546168046969e-01,8.432555234808751798e-01,5.040940184869026064e-01,5.411725239684703759e-01,5.949032220791066194e-01,5.544200533583845125e-01,5.838836120198687835e-03,1.970002692711832482e-01,8.720528810351063642e-02,5.173933815321105634e-01,3.065969961276718281e-01,6.717927500639675475e-01,7.454470745185379776e-01,2.759638772795572903e-01,4.664222643687105929e-01,1.221437223401516392e-01,7.062907983038051452e-01,2.107067090184272518e-01,5.272062228512718329e-01,3.886844503205078016e-01,8.905616367020159352e-01,4.262192709413274438e-01,6.161625993292743075e-01,8.721646805772850231e-01,2.328029882396812633e-01,5.060317224261836611e-01,5.557122180062332717e-01,7.711673416574085227e-01,2.312843801594238746e-01,4.267288536510761565e-01,7.369943894184650679e-01,6.096440709271941927e-01,7.464326063962091196e-01,7.187918248601017357e-01,4.890829254025778061e-01,6.043199655472804022e-01,9.516921037575910569e-01,-7.722867312723362410e-02,4.732762409794582514e-01,7.412728571398603528e-01,3.201659585949524489e-01,8.932303973398658670e-01,9.960881003357848762e-01,2.504976963688363423e-01,4.283804850260068964e-01,8.184342721952728716e-01,2.210608302203078898e-02,6.076728208246990892e-01,6.063206059141433846e-01,6.742766634652324065e-01,-2.315824217544915076e-02,2.430318541704309110e-01,4.974390867404885896e-01,2.256825179395336167e-01,6.537115996168606502e-01,6.687160193649701601e-01,1.723770543261904375e-02,6.820198992352449752e-01,9.105587972257442875e-01,8.959522864843179057e-01,2.255528498312446839e-01,3.740825547851511224e-01,6.988186859313831878e-01
6.440882958706978245e-01,3.930405270010943752e-01,9.599420017292581431e-01,7.023073700982170875e-01,6.893166487391237940e-01,3.333598080288174836e-01,4.509370837114015096e-01,1.590249508565950709e-01,0.000000000000000000e+00,7.847946238217785586e-01,4.402787258004512427e-01,7.893086813543537250e-01,1.560061068609010226e-01,6.038400531255248005e-01,2.791692453572868771e-01,6.668663363900672048e-01,6.140703735954801123e-01,8.652235063211799471e-01,3.387193660514828952e-01,7.752165891739208892e-01,8.444841563853277000e-01,3.437359473953003342e-01,7.131434034233566921e-01,6.596936614692177070e-01,9.680554006218090590e-01,7.968579947447989031e-01,7.587919660728245086e-01,5.722423768360251906e-01,2.909427763890927165e-01,5.028332698480311169e-01,3.656631381270998848e-01,3.048933051069975808e-01,8.153237167374288719e-01,4.044574411661041591e-01,7.969378173598005155e-01,3.277239236516900078e-01,2.190456749034503658e-01,4.849060440295245855e-01,6.731264778561774076e-01,7.446949526773312122e-01,6.302547223062572312e-01,5.681806294769927712e-01,9.128706384592967238e-01,7.741887076704762061e-01,9.689635491106938225e-01,3.530121563987612676e-01,7.878326024859019228e-01,3.687660906878397205e-01,4.778363683800863626e-01,6.518104081530882166e-01,6.706343681245987565e-01,7.543136613878050900e-01,9.686895910045278946e-01,4.396175309619571037e-01,4.921150931683366814e-01,8.933914638347825177e-01,7.924855736683000806e-01,9.663042570580213653e-01,4.956932277562169364e-01,3.109825985461481812e-01,7.784091077974517603e-01,4.016608388680941166e-01,2.821696293752478171e-02,9.039761510230360786e-01,6.410622267803298691e-01,5.665065142535551379e-01,5.523765653012721044e-01,4.121723899376264488e-01,7.554311420920144515e-01,3.006052708767735226e-01,7.006438001395596249e-01,2.826552618866716160e-01,5.167215434572475230e-01,6.523077789010918170e-01,4.752569087406600112e-01,5.757547637734012902e-01,6.696042016685669340e-01,4.210624081441801114e-01,3.523459355180834640e-01,1.400790598738267390e-01,1.652890647462770257e-01,6.374732046398443597e-01,7.019934209729810082e-01,1.942186146297238125e-01,-4.589341647198830199e-02
4.640663310201997294e-01,3.989285866108496226e-01,7.321784070786743204e-01,4.230281492326141146e-01,8.425612707049214833e-01,6.566710895925034208e-01,5.540066680945318067e-01,5.671952021645911834e-01,7.847946238217785586e-01,0.000000000000000000e+00,9.475098346909269775e-01,5.605747393764938247e-01,9.732554976962208837e-01,4.701221641423867226e-01,5.599065734862997967e-01,7.612206528618934431e-01,2.939111330162914593e-01,6.767799213484164689e-01,2.847789909173236156e-01,4.522549349522489437e-01,8.168633876355946288e-01,9.591913432098821968e-01,6.883299434325573785e-01,8.223416141964016157e-01,5.607559867028829581e-01,6.269554330445883394e-01,8.054181864931236889e-01,6.317649358577955843e-01,1.370672317313374466e-01,3.408251618245843328e-01,4.594426148488974238e-01,5.524983302759388648e-01,9.109222357966357819e-01,5.895569225029985150e-01,8.457956412979691363e-01,3.386400954898141635e-01,5.449645838891870042e-01,8.466550481836732089e-01,3.025781678230575755e-01,8.824349488026340671e-01,-1.330365812156838468e-01,3.894751904028453393e-01,6.835560325044908181e-01,7.301472479929538295e-01,9.138353335891410412e-01,9.975409910646590994e-01,5.207811579863748097e-01,6.845008629525307642e-01,5.121360696645963495e-01,4.542266004017653236e-01,4.681274277503474357e-01,9.445866950218162472e-01,8.703894613727831686e-01,4.216290956926451727e-01,6.741135037590735291e-01,3.069203604987595368e-01,9.047035799285644275e-01,5.241812096518420061e-01,6.090049294461942209e-01,6.801758751294514349e-01,5.103714724348730192e-01,5.177707989449142900e-01,4.044145846166292690e-01,3.702737437413204935e-01,8.775945825043504067e-01,6.956678593481224748e-01,9.829165136772320954e-01,7.612376215293116255e-01,5.645272415414048783e-01,3.333351031930336522e-02,7.886556391788795972e-01,7.012792948764217105e-01,5.131884174355728634e-01,7.090052342976425892e-02,4.912143819632717734e-01,8.816220699854037113e-01,6.929255505088321998e-01,-7.977499818276306831e-03,3.165613492649038130e-01,1.218073923820139765e-01,9.641309648639498908e-01,6.119883379855318717e-01,6.822471792863298301e-01,1.409274315394449528e-01,5.257858402076728277e-01
6.453669245080900785e-01,3.369581154201815171e-02,6.320809511752857324e-01,3.256551371482032525e-02,8.457551468572794828e-01,7.855922998891509135e-01,5.523303165815247606e-01,7.359184687392776592e-02,4.402787258004512427e-01,9.475098346909269775e-01,0.000000000000000000e+00,5.753683315603477233e-01,7.014379452981536200e-01,7.844937252700023844e-01,5.924544259909247934e-01,5.287371871595005768e-01,5.065375618101437549e-01,5.832916111507941981e-01,5.357542536735335759e-01,4.527678469924330540e-01,8.916461471096877034e-01,5.713130335334144494e-01,5.612130409211217863e-01,8.078880104375711912e-01,6.758798116777848808e-01,6.550651390785834360e-01,8.308666394325620042e-01,6.785425468448740283e-01,4.051329475844641093e-01,5.485553577104077538e-01,2.840965055489333424e-01,5.187830570195554047e-01,8.337774565931747039e-01,6.250415521948006203e-01,5.225921169102522024e-01,3.099785428834688772e-01,5.812259565499888758e-01,3.608728294852757701e-01,7.880857876029661035e-01,5.359285965532873952e-01,2.877669027298253579e-01,4.339000090210192173e-01,4.405877273939494132e-01,6.508390533474608386e-01,6.028187885942009050e-01,3.760401632484617340e-01,7.987184418120241158e-01,7.279791837325735315e-01,7.035264141267272286e-01,9.786348539997550278e-01,5.694647331855480221e-01,8.327345587455400322e-01,2.959524455600752724e-01,3.184946993011568694e-01,8.182797870300660970e-01,8.004466327317679708e-01,6.046228830718833880e-01,3.311746834529960548e-01,2.380494144100140930e-01,4.729461037066271523e-01,7.155363531897948048e-01,5.106315464356436795e-01,4.383925156961613889e-01,5.989191260506189218e-01,7.378299215756450868e-01,4.979131935076952509e-01,7.436106042870814781e-01,6.151790063088871108e-01,3.102606391199757008e-01,8.826988366748432790e-01,8.818576961392985414e-01,5.798700112950351260e-01,3.879661774340633640e-01,3.554705419252791598e-01,5.224221246245802641e-01,9.370400382412775731e-01,2.519352313151136946e-01,2.586181078889987495e-01,4.503251209401489263e-01,3.176633747627835569e-01,4.572719382620598627e-01,8.285986188217044912e-01,2.165634429266383998e-01,6.671520238043959772e-02,5.330262106738760108e-01
3.697212162457405027e-01,6.833573111076816087e-01,9.749025264843135252e-01,7.532942848487775844e-01,7.429367146988188342e-01,5.812634076169924668e-01,4.483464967082927966e-01,4.623143882576524061e-02,7.893086813543537250e-01,5.605747393764938247e-01,5.753683315603477233e-01,0.000000000000000000e+00,6.926415813037256619e-01,6.015178906917068025e-01,2.561402936117256404e-02,3.291057865121652659e-01,4.717394300130657858e-01,9.983319760968583090e-01,8.862397278992225624e-01,4.093466413137364368e-01,4.712754516705150443e-01,4.633731285869686634e-01,6.009659777752691667e-01,9.257632613491220130e-01,5.493759728326722547e-01,3.364289701498964780e-01,4.785648720499586783e-01,7.714092252052350274e-01,5.648661624431531303e-01,2.174184591538466105e-01,3.094691925852018910e-01,9.002869840407646818e-01,8.493232219078352685e-01,7.979540798752189357e-01,2.910845329505618584e-01,4.434245580286811372e-01,4.062592430464385673e-01,4.728249890971520375e-01,7.137928671257490754e-01,9.431506465080923274e-01,9.212350067049470681e-01,7.457220095238494828e-01,8.832931960496829271e-01,4.430366642246769127e-01,6.799035579705394738e-01,4.762995300905119578e-01,6.619929156891336541e-01,4.365944649453851190e-01,-8.990346858342050662e-02,4.191371054217151171e-01,6.634148844740038742e-01,2.743209873736452420e-01,7.310235582490249850e-01,6.892325470637771234e-01,7.785888122409575507e-01,6.698739683561218961e-01,7.578337313170429024e-01,7.040049209794495555e-01,9.883541143095002646e-01,4.563035688540766355e-01,5.396000041896322763e-01,4.989197545166936809e-01,6.546157924245761262e-01,7.905964579752347010e-01,8.766797739463241257e-01,4.929077440308423097e-01,4.106025277363326009e-01,6.550120831201273752e-01,5.143861720833982076e-01,6.220875869229729460e-01,3.996500227822072371e-01,3.188089167413561409e-01,4.684863619032471060e-01,5.506391968069717091e-01,2.482003580029147338e-01,4.792915273927202957e-01,5.438980608526817750e-01,7.700521218715566940e-01,2.311812778475326735e-01,-1.574810053593996284e-01,2.294999818744480891e-03,6.260618069598915536e-01,7.308014532761124560e-01,3.291089276768390665e-02,7.418318687063708561e-01
7.492118562876133314e-01,1.536913631308314543e-01,7.296770673109873595e-01,8.747868868318406932e-01,4.504178370271747500e-01,2.065512423056589664e-01,6.027313193816387082e-01,6.553107247059508644e-01,1.560061068609010226e-01,9.732554976962208837e-01,7.014379452981536200e-01,6.926415813037256619e-01,0.000000000000000000e+00,5.209742548448706989e-01,6.499121905540128363e-01,7.492090758549235785e-01,7.019219781464749452e-01,6.401304508664469317e-01,4.352334606334467004e-01,6.503858338883184986e-01,6.595552831557811579e-01,7.505877105016338646e-01,6.017487496474142050e-01,6.289979535771911268e-01,5.642359548162769745e-01,7.447680614496279272e-01,9.598920067475930074e-01,6.872353202371749292e-01,5.431994428308601908e-01,3.654677141655706674e-01,-1.132814915687047896e-01,2.974756692407867775e-01,4.035457823054103832e-01,5.979801632738068751e-01,3.011718872336416886e-01,2.537481861180881926e-01,4.451783089819996153e-01,9.265078892655709275e-01,7.797936084841268212e-01,5.071615188925139295e-01,4.176539987029564971e-01,6.195872611173404154e-01,3.473044363482204466e-01,8.721463553643303834e-01,7.038950305409971131e-01,6.690776859847091806e-01,4.877915088841318358e-02,4.622477079460665661e-01,6.069681288072260594e-01,6.595852271811809553e-01,7.238453241389558590e-01,2.178095411625050881e-01,6.216260232273130848e-01,5.733010499401869353e-01,8.676238794833760481e-01,5.003691954582846213e-01,3.742560610106984154e-01,2.105724177509804840e-01,7.700628598293478566e-01,3.981137224484496140e-01,4.559468787892627106e-01,8.199072788224863739e-01,6.947915982645516686e-02,6.284557580270362376e-01,4.207121752233927703e-01,7.446240895110873836e-01,6.498905751338803771e-01,5.440534822119410530e-01,7.344590856533406154e-01,9.316780076899808805e-01,4.770291504712331210e-01,4.261335554880827381e-01,5.197862798572614462e-01,2.455571821765500651e-01,3.254017299915286099e-01,5.089444217462655295e-01,9.512032937832655133e-01,9.155261850294413861e-01,2.359983457160617082e-01,4.868569558691573373e-01,4.490416499544007123e-01,6.272736253358395242e-01,8.994095892045171903e-01,5.922491767614590508e-02,5.463008066135102148e-01
8.635180139672307131e-01,5.169123312242912549e-01,7.995581712424073562e-01,8.443454494350944861e-01,7.551615965731636182e-01,4.574608241774915096e-01,5.691854542610568224e-01,5.552384635723762729e-01,6.038400531255248005e-01,4.701221641423867226e-01,7.844937252700023844e-01,6.015178906917068025e-01,5.209742548448706989e-01,0.000000000000000000e+00,6.054387004880492640e-01,7.496672703380162783e-01,9.933520326013188795e-01,6.162168730386979876e-01,7.549159432466611142e-01,8.409781835520169224e-01,3.558896127712142254e-01,7.219829368903447619e-01,7.501489822942419838e-01,4.527785457369262745e-01,5.771503219458179457e-01,3.557610851278118491e-01,6.462314890142517587e-01,7.514009181403169535e-01,3.638643354738618774e-01,4.896848272280265868e-01,1.843619710342989659e-01,-1.497051478255369827e-01,7.838262917344326342e-01,2.287181733408736040e-01,6.850360488812252957e-02,8.966654348121286255e-02,2.587213826645536341e-01,2.655958638363269397e-01,5.892473243090089463e-01,7.843203342368687547e-01,6.134852333076764586e-01,7.083977704945326748e-01,3.935073125132947380e-01,2.287055529618439720e-01,8.938600194189901815e-01,3.086344150247032347e-01,6.465322017555907852e-01,7.921220546328535672e-01,3.905828873726330253e-01,5.102323377973021490e-01,5.144261328012922352e-01,7.714882567795047219e-01,2.873544632696592091e-02,8.471962801323247305e-01,5.243827540795920061e-01,4.640788887498270565e-01,6.611039977490515973e-01,9.250583458773964374e-01,6.992782114984192887e-01,4.264969884510323717e-02,4.480548577131989174e-01,9.414342532402810715e-01,7.916204276450243826e-01,3.923176900422473828e-02,6.952953044200715915e-01,9.688028424047268050e-01,8.663179200022874671e-01,8.452680048500871290e-01,4.714848432256374955e-01,3.855962701215901456e-01,7.924193719436538608e-01,7.332892625516382878e-01,5.353289586634366604e-01,5.490639152288657732e-01,6.115871745570901075e-01,8.520091072579475400e-01,8.350528507378629506e-01,7.830245602665630855e-01,3.692657805356003298e-01,4.159918545841380655e-01,8.333358445295484529e-01,4.258454840801970676e-01,5.852726095980728127e-01,3.626860304195179130e-01,6.648418241327360700e-01
7.671207279009930602e-01,2.020651030882743560e-01,8.163291073764884498e-01,3.004636858250933629e-01,6.369819233136024828e-01,4.133447975568120270e-01,2.760663428103327099e-03,1.451816784297413621e-01,2.791692453572868771e-01,5.599065734862997967e-01,5.924544259909247934e-01,2.561402936117256404e-02,6.499121905540128363e-01,6.054387004880492640e-01,0.000000000000000000e+00,3.260756048360715642e-01,5.271943980064883739e-01,4.065331023326904658e-01,-6.794087838436380089e-02,8.996068019531650028e-01,8.158177732756344280e-01,4.966416105322979391e-01,5.633638423350404434e-01,9.155290524066507230e-01,4.855213153654167058e-01,5.917985777628078647e-01,8.346916525762475558e-01,4.124271609652997994e-01,5.815194119885028767e-01,3.862115789499160901e-01,3.792328951490352984e-01,3.011139167421036378e-01,6.830956535665759777e-01,7.089571156308188682e-01,8.953555141197896416e-01,-1.683478774025533031e-01,5.391562901115273254e-01,3.445948889093794487e-01,9.953116888382999017e-01,4.815043821074769803e-01,2.283785465275422200e-01,4.919696985769428377e-01,7.425343011683682715e-01,7.399633331929911240e-01,4.720190247314873799e-01,5.438218608201824678e-01,4.980909704490611434e-01,5.774436315915385531e-01,7.230807479241860847e-01,7.766813757558870268e-01,4.870422121193224152e-01,3.482597027814873791e-01,4.619956888355092883e-01,6.502405894483394011e-01,6.855705088208073894e-01,6.988991160224083954e-01,8.015098388892093473e-01,8.496367697594278123e-01,9.485164391455529476e-01,2.977786218259872442e-01,2.421590865117780877e-01,7.845149809790510353e-01,4.729882741239004873e-01,8.038915108750812610e-01,6.208643447589083930e-01,4.357109773474207026e-01,6.946869182673676146e-01,5.010076359985092820e-01,7.388535978449977115e-01,4.442628487620969291e-01,7.525616111801076702e-01,6.168932777223625763e-01,9.183345876171318534e-02,1.957450232812880664e-01,4.015767044547141618e-01,4.121649932467643662e-01,7.427419419010069523e-01,6.898361778268996547e-01,3.068668149501224685e-01,1.123008598558301700e-02,6.429578276972196527e-01,6.845749683244415351e-01,4.145411757134774833e-01,4.567716959073720995e-01,6.412956046295481549e-01
4.609922952744322511e-01,8.126435808178364972e-01,7.850558002594054674e-01,4.883840884373419344e-01,5.016842848165311564e-01,4.517168589189305972e-01,8.401178114510653161e-02,5.256506086528267563e-01,6.668663363900672048e-01,7.612206528618934431e-01,5.287371871595005768e-01,3.291057865121652659e-01,7.492090758549235785e-01,7.496672703380162783e-01,3.260756048360715642e-01,0.000000000000000000e+00,4.560904984052688849e-01,4.659495466478104087e-01,3.841678451121426363e-01,6.844231443225303746e-01,6.447948628572404139e-01,8.066855609396603732e-01,9.054069469635999123e-01,8.070224357103620294e-01,4.123823893532195806e-01,5.510382032163588795e-01,4.015143108698969177e-01,-2.225263940155070008e-02,7.066320571323353450e-01,5.759644978798333925e-01,1.879289108481792259e-01,3.398616682845294612e-01,6.791505397886582474e-01,4.261486267095268565e-01,7.327267151097511810e-01,5.348115742944576922e-01,4.845831392030634510e-01,1.115956741395923990e-01,7.240993482476694165e-01,4.979971481560953039e-01,4.621907032352131628e-01,9.052556210430680039e-01,7.202853713509693723e-01,6.216722373703811311e-01,9.226915839040839007e-01,5.668258186817589639e-01,8.999780564047100695e-01,4.488395625642220832e-01,4.766571374172756115e-01,5.850242222029119477e-01,3.105617581721813528e-02,5.459234014508401733e-01,8.348536979447660489e-01,8.777096455416223408e-01,4.838530518532487834e-01,7.580252907129382267e-01,9.265301761709947570e-01,2.475123623248666194e-01,7.782463904292896695e-01,6.442245052759985047e-01,6.906609468110845862e-01,7.304320816833260732e-01,5.371137783179373848e-01,8.952962263420877198e-01,8.559665506671920721e-01,6.596747311163758676e-01,5.080655632625640239e-01,7.343326940761474297e-01,6.482021767083228081e-01,2.669391725275473415e-01,-4.703168232721560704e-02,5.765659965395657505e-01,2.077541047178423916e-01,2.833082710969121454e-01,6.793034415583394381e-01,7.612631751664924451e-01,4.077498214901889018e-01,4.241033302816763495e-01,2.411425297380992150e-01,3.763332726231684577e-01,7.866100035439360649e-01,6.304942660627963491e-01,2.805944115786052073e-01,3.705806593418395911e-01,8.702076262424237596e-01
7.246460301222050759e-01,6.721396259911598392e-01,6.913780974636309917e-01,7.529086099932272846e-01,7.143964891751910518e-01,5.438124753782563880e-01,9.921670095721997207e-01,4.188283183692147471e-01,6.140703735954801123e-01,2.939111330162914593e-01,5.065375618101437549e-01,4.717394300130657858e-01,7.019219781464749452e-01,9.933520326013188795e-01,5.271943980064883739e-01,4.560904984052688849e-01,0.000000000000000000e+00,4.306958170990712875e-01,8.117808488605905426e-01,9.910842555789041164e-01,5.064368823726110858e-01,6.773932051803237542e-01,5.381010502917855653e-01,6.162428147499046105e-01,3.803214924054489909e-01,7.641265405628624441e-01,4.995269687770713118e-01,8.478800839773832365e-01,4.201632219134270874e-01,-4.316723482639006626e-02,-6.657088798028051868e-02,9.585610300886520108e-01,5.669393853659443483e-01,5.822968056062679532e-01,4.559607875309252267e-01,5.343268646257472998e-01,5.375125581249020623e-01,8.858894523967527634e-01,9.419087327626459727e-01,4.214057434229235843e-01,2.571063334589850369e-01,7.047170488793471632e-01,4.654409513361607575e-01,9.788940572564066578e-01,1.005517739269356919e-01,3.994090512163626094e-01,5.521469356114344640e-01,7.435249603658981021e-01,4.550310822616678852e-01,9.394082940953181193e-01,8.784964626287394829e-01,6.669714880226362830e-01,6.763198245660978492e-01,9.421647849050200918e-01,7.796712832357372003e-01,6.272264897009774964e-01,8.824545727543178231e-01,9.869755695854256494e-01,8.239114469963685350e-01,3.078169769380910137e-01,5.249957103682284520e-01,5.890457754276876567e-01,4.783416071273589032e-01,4.061896833592963385e-01,9.286643924408307660e-01,7.629089782402124209e-01,6.848645630632036463e-01,8.434637469089876216e-01,7.572905153681581680e-01,7.801450024465437227e-01,3.131567319769905100e-01,4.862538673939200695e-01,4.408562857325885043e-01,7.907139898963968516e-01,5.732201566561702100e-01,5.268451762567857299e-01,4.897240195559227627e-01,6.859594339759028658e-01,3.227005652313558182e-01,1.580250244562393311e-02,2.726899173997962555e-01,9.423137157776155792e-01,6.316307965410621339e-01,2.463518861024771578e-01,9.758921348295459541e-01
7.572288636790702743e-01,7.771585233861175723e-01,-3.303162392880631959e-02,7.408518998823045987e-01,7.960774261991756529e-01,7.441500075921286816e-01,3.466221593769179821e-01,2.874345133680849540e-01,8.652235063211799471e-01,6.767799213484164689e-01,5.832916111507941981e-01,9.983319760968583090e-01,6.401304508664469317e-01,6.162168730386979876e-01,4.065331023326904658e-01,4.659495466478104087e-01,4.306958170990712875e-01,0.000000000000000000e+00,-1.068166520169858691e-01,3.162078647116266517e-01,9.645993236284794436e-01,6.396632094965890580e-01,5.451225595266147028e-01,9.474416398404796880e-01,2.768225258819667634e-02,7.119291633894510030e-01,6.092659620982787683e-02,4.535499388341171501e-01,7.256097477999932099e-01,5.745653056410690018e-01,5.521081218900933951e-01,6.868398119070219243e-01,-1.408328521371633446e-01,5.613590964231981451e-01,5.808334198232598666e-01,3.194982514116097017e-01,4.972212917272603172e-01,-1.840936809376501893e-01,7.880845310657118574e-01,7.407958119213550185e-01,2.577276909291184026e-01,5.716045947263285187e-01,6.620245596507925434e-01,9.428168999223045521e-01,7.318108454282993280e-01,8.078803664098891391e-01,5.027167566011977451e-01,6.951799916485814634e-01,7.711481478577080217e-01,6.956691176279559130e-01,4.297186047664263708e-01,4.727533744274680094e-01,6.273851299395197811e-01,6.909169806765488309e-01,2.946174277966002175e-01,2.501247580177803562e-02,4.707553145608773804e-01,-1.308422257925389853e-01,6.715328548967776090e-01,6.760858569404806229e-01,7.007745510298233338e-01,6.085833869701640086e-01,7.021692283791390876e-01,6.519735539382263134e-01,4.604485622482685225e-01,2.062319062434944672e-01,5.674580186233690871e-01,5.264541996777776234e-01,6.534644673945309012e-01,5.872362192604659858e-01,9.627873638640171983e-01,6.994031151204236352e-01,6.762991439688856854e-01,3.188189581790772942e-01,5.655110900134000529e-01,5.348836373327671145e-01,6.874010908657735008e-01,6.744248918943995807e-01,2.321011886658422563e-01,3.552508871296211623e-06,4.091593100672676342e-01,7.641880223584233134e-01,7.354554481384302234e-01,7.329435673818491814e-01,5.839087966709550770e-01
