0.000000000000000000e+00,7.839146744589199356e-01,6.961214695439761346e-01,7.866652817205742609e-01,2.894951275708115834e-01,3.256223298109039987e-01,7.273978201699000667e-01,3.397382593590209110e-01,7.130022638999419238e-01,5.205677882305870252e-01,3.218378559320987931e-01,3.706245349558949798e-01,7.020364878516104357e-01,5.501551582127187645e-01,9.820959133648553552e-01,9.846429412497497147e-01,7.821815518732339045e-01,6.369352018034046825e-01,6.264938739665979472e-01,6.407476853485671864e-01,8.665601077412103947e-01,5.235930494549678738e-01,8.566023114031682262e-01,8.751170117224584821e-01,3.786704828671791923e-01,6.540489254800427865e-01,6.871999405028760277e-01,8.115919430287231728e-01,5.803407145724945870e-01,3.929374755641081851e-01,2.968460014168906591e-01,7.080481224367238813e-01,8.893359334580203113e-01,6.096136934279221542e-01,8.837343728283262312e-01,3.298937061028425211e-01,1.815608204538663589e-02,3.248889089237408379e-01,8.080407782772898173e-01,3.205591372836377184e-01,1.541699212801634911e-01,9.310071439224689716e-01,6.151066446860757875e-01,9.387523569995002148e-01,3.044402252540764353e-01,1.893382407359986419e-01,5.598908363258841003e-01,8.520449747913534377e-01,7.163087225241840938e-01,2.519822047632424011e-01,6.803114574501104572e-01,7.765320557906495447e-01,8.843137457717441530e-01,5.671117846249188466e-01,9.345608764745954034e-01,8.726081590648573361e-01,5.373004589871820391e-01,5.446687513246131207e-01,2.865693200593303902e-01,7.800650822261123718e-01,2.847852589383874644e-01,5.630997309657469474e-01,4.835171597007376088e-01,7.477610859991453696e-01,8.014076641377938515e-01,8.955320820573250407e-01,4.651088981995536442e-01,7.347981269005513516e-01,7.461061608191814631e-01,9.126775366346389085e-01,6.001743775440342432e-01,8.064853485210062845e-01,5.268371748957770828e-01,-1.649867809126040474e-01,9.908112079684309181e-01,5.920870500941974868e-01,9.974401139225086421e-01,7.208041028019597229e-01,3.572769456220126205e-01,3.279571936646485941e-01,8.346466919525715733e-01,9.234588307409453689e-01,7.241172372980924088e-01,7.280720626651680794e-02,9.546847330816397026e-01
7.839146744589199356e-01,0.000000000000000000e+00,6.740687133077776227e-01,4.374977880872560898e-01,7.773279814087807882e-01,6.717951059616221743e-01,3.365151296581857521e-01,3.440327023733232847e-01,4.934000856371562049e-01,3.990292294945994023e-01,6.786111886338079824e-01,5.474977137852550246e-01,7.232095191594285488e-01,7.731889485139837870e-01,1.284615784504485048e-01,6.638086295911127532e-01,7.011652001980839266e-01,6.343949589877850848e-01,4.634587815191348326e-01,6.764001369448722212e-01,8.584656147168612250e-01,5.762699534323416639e-01,5.242850594880547055e-01,5.049482030070555627e-01,6.692046750744986561e-01,4.208698107121714993e-01,2.710809619551560190e-01,6.736133151960103094e-01,3.639415401807760686e-01,6.046800960660848601e-01,4.620400676085649749e-01,8.413836206036442444e-01,4.711544952091516469e-01,6.185314594779973696e-01,4.357063900089515607e-01,6.424826059391161026e-01,2.781930650529348958e-01,3.643222983608096488e-01,6.713000818106090728e-01,6.866127122873827426e-01,6.444724260604778321e-01,6.385814058013864480e-01,6.462599914080828789e-01,6.627257712626002384e-01,4.161159329496809667e-01,9.766876996198343708e-01,-1.016440643426481799e-01,8.190323498600490248e-01,5.518624208843638801e-01,4.304671861801666055e-01,5.212220724444983633e-01,8.437615863857674814e-01,2.379955295596250520e-01,6.535606210604013588e-01,9.633341282197430688e-01,7.147227560721640671e-01,1.010397749115519300e-02,4.450137585795828632e-01,5.543733475918789511e-01,3.122870353828222090e-01,2.505312029162912180e-01,6.602731534788058854e-01,8.065328398113693620e-01,6.474058231944854747e-01,7.939380082240785619e-01,-3.460023824532430514e-01,4.149662810790594736e-01,4.100000512100314132e-01,4.641648799532316350e-01,3.907815436951958543e-01,8.654061698335896446e-01,6.851742471517897615e-01,2.954048201178876565e-01,3.641399462938999521e-01,3.633167885321751944e-01,1.183075397569741671e-01,4.474039276773452700e-01,6.370522420901481020e-01,4.530846818620453686e-01,2.703012737901601681e-01,2.166202428751452247e-01,7.281256390987926874e-01,3.583783418576840241e-01,5.367876118824022047e-01,9.701266823136640571e-01
6.961214695439761346e-01,6.740687133077776227e-01,0.000000000000000000e+00,7.922633942764900628e-01,6.391228264461534803e-01,5.257765415085641214e-01,9.665880721693302924e-01,9.192633735796527095e-01,9.543170936260501058e-01,7.125841515740495291e-01,9.474036553162761276e-01,6.013150228454827717e-01,4.321101000121497226e-01,7.800646355933819054e-01,1.679199226981425985e-01,8.099550385240962269e-01,9.209017229280382910e-01,9.877755422464064017e-01,4.996572813354784870e-01,8.603610460771506929e-01,7.613036459784709997e-01,9.935699214424361658e-01,9.928527815149028601e-01,9.817908258272122213e-01,4.073299558313288604e-01,7.972645373055328166e-01,8.654850820783315246e-01,2.047423214121884549e-01,7.843093565247053478e-01,4.097607862213196173e-01,4.590480635682894772e-01,8.671448378235940835e-01,7.048321369248807811e-01,6.585670635873204226e-01,3.938101153666214715e-01,5.685132076985389693e-01,3.233607310370794630e-01,8.122664176564612371e-01,7.052153301450290179e-01,8.893212617111359020e-01,7.617150613846616070e-01,7.024870348263099196e-01,4.883280494071827182e-01,4.223902730807976846e-01,6.506025870255113253e-01,7.866227562013226038e-01,7.921851280080002278e-01,8.744409403329016506e-01,8.926815864322990013e-01,3.564593031982165594e-01,6.023148133322652198e-01,6.730304574023260322e-01,2.883158666910638490e-01,7.722278582336223884e-01,6.614462158501476230e-01,5.329765879701862108e-01,4.927766050454739921e-01,7.767765304222447043e-01,3.457810654506098258e-01,6.083762231321772074e-01,5.248701488009708260e-01,7.437530574201425826e-02,6.821761545777205171e-01,8.156864569126485165e-01,6.288519966467851496e-01,6.474978174096497341e-01,6.236853841564672374e-01,2.516894338722175384e-01,3.439109341347268423e-01,9.750492328138338216e-01,8.309104724117611918e-01,7.223289991868054871e-01,9.495179238066440985e-02,4.795035955110604764e-01,8.161163772657652471e-01,3.045781114851366933e-01,3.225091322132331850e-01,7.117578116086495932e-01,6.598199554830761482e-01,5.725466372557890260e-01,6.446075346339994461e-01,6.817985411768924253e-01,9.256357497812957025e-01,7.686570686930344065e-01,6.002578261496787082e-01
7.866652817205742609e-01,4.374977880872560898e-01,7.922633942764900628e-01,0.000000000000000000e+00,6.391825662177619272e-01,4.386842911452726868e-01,5.201603431433496905e-01,7.742687617995740457e-01,6.451520614381294205e-01,8.901772596040263830e-01,4.148509493795751735e-01,6.885819860046842322e-01,3.758820689847477414e-01,5.675200408712359756e-01,8.923506344265138557e-01,2.960980688882253187e-01,6.089292815195402886e-01,5.039155685434929532e-01,9.662978547628011672e-01,8.805122449892955894e-01,9.517910234173583284e-01,5.407367876006764496e-01,6.153862080329020046e-01,7.905461427896032234e-01,5.173818873097161264e-01,7.301872254290076025e-01,8.011980117413494140e-01,7.755134354772368344e-01,3.744652515421277306e-01,3.704014167306258765e-01,6.938155942736194681e-02,4.853583099310883608e-01,7.399099598686583734e-01,7.234467210299752038e-01,6.661496978565990545e-01,3.271562817442278392e-01,2.519630296423487903e-01,6.108772763686721730e-01,9.965256547201526427e-01,6.937846474155323628e-01,4.951880019095927232e-01,3.541340101228424575e-01,5.574674320903481028e-01,7.639145551952355451e-01,6.618593733595977691e-01,5.350867484422648923e-01,9.504600741683406628e-01,5.355516065097639666e-01,5.982476137683568895e-01,5.337308685829217358e-01,9.663960842732278733e-01,4.826397374548717645e-01,5.009476566061843439e-01,8.994314254975100953e-01,4.511517696822079926e-01,6.597381704071929587e-01,9.512616497255965697e-01,7.220657732796854633e-01,8.663647800471567795e-01,4.401398035964269040e-01,3.469468874718457663e-01,8.334822918688528093e-01,4.683050118251645966e-01,8.459330064147405626e-01,9.338114785869284784e-01,6.642308984118596715e-01,6.490392576606553998e-01,9.720447871246659099e-01,3.808809155649200973e-01,7.622080757258419270e-01,6.466527930129020163e-01,5.851781084812708311e-01,1.382882099268014364e-01,4.132102758800632047e-01,4.820985522055070693e-01,6.795701601343501208e-01,5.432294409058123774e-01,7.836906472632074738e-01,5.115369057654782781e-01,-1.958382274322755801e-01,6.958120739798803189e-01,2.546942524967959476e-01,2.880995103094521337e-01,2.317471768376422325e-02,4.535153715341591618e-01
2.894951275708115834e-01,7.773279814087807882e-01,6.391228264461534803e-01,6.391825662177619272e-01,0.000000000000000000e+00,8.201854961091991081e-01,5.311029327746974449e-01,6.852156714090043010e-01,7.502939452671115728e-01,7.458211597182063946e-01,9.233016013226893470e-01,7.475576903157726827e-01,4.763332120762059363e-01,8.647597849817156845e-01,7.759635373968433170e-01,3.054170658380392922e-01,4.299633635920918628e-01,3.217404054134508362e-01,9.257747667289932814e-01,6.847005977424320822e-01,9.377116966253622454e-01,4.054117683493300150e-01,1.028717441610838002e-02,2.668465416721046424e-01,4.306933214542118527e-01,2.102404544848304746e-01,2.933947572066455400e-01,7.258178057492284951e-01,3.590263053026391260e-01,7.015039578331102588e-01,5.976514264362217110e-01,4.642352015654771513e-01,3.446915278753386325e-01,9.303682846855841904e-01,9.955981648311655885e-01,4.909860048101012397e-01,1.644393673308539583e-01,2.465165602971421399e-01,3.396777417408327615e-01,8.448257535805802076e-01,2.861256027073517949e-02,6.723543870894581609e-01,7.006628171898477975e-01,6.010696881399516522e-01,8.577613967355128821e-01,7.187268952794001464e-01,8.514123482391486863e-01,2.971601759570595691e-01,7.232526019600554745e-01,3.650020204840290772e-01,1.191418847560388045e-01,6.830321603136169095e-01,7.242852598789523144e-01,6.860632634293030163e-01,7.228485852362619424e-01,9.789392911544123610e-01,6.867546459137808812e-01,6.725965074560416035e-01,7.136034102503059362e-01,6.667298826032719283e-01,6.512967756035028533e-01,4.189501850578831177e-01,8.304212782533630932e-01,8.402786182581705177e-01,9.911976905591644016e-01,5.924402634527575762e-01,6.751116586873351366e-01,2.088328060221853605e-02,7.675060218645790577e-01,5.159513328339058180e-01,5.942932448835397397e-01,4.868986043842189471e-01,7.201487929894510864e-02,4.388385965160545021e-01,9.896158122279234970e-01,3.046323480321310173e-01,8.218533734765900434e-01,3.976461297316211674e-01,5.384159584507356433e-01,6.115219006427483756e-02,6.768592544814073797e-01,8.234001760977758266e-01,4.757847788690894864e-01,3.557376504960334529e-01,1.485402495603662942e-01
3.256223298109039987e-01,6.717951059616221743e-01,5.257765415085641214e-01,4.386842911452726868e-01,8.201854961091991081e-01,0.000000000000000000e+00,3.051932426818881328e-01,6.631978174989709984e-01,7.588974391209328818e-01,7.510122560920775570e-01,5.936712456604471555e-01,8.292603405469655131e-01,8.762752021878342790e-01,4.586837194059688039e-01,6.401930398451798343e-01,8.284830539712853548e-02,4.203760328689594150e-01,4.849799950308489871e-01,6.336364676856942602e-01,-1.507163638388358817e-01,9.217454649937998346e-01,7.960393034993733519e-01,8.591282684995650287e-01,8.293981276507167433e-01,5.562126169065934045e-01,5.980596806962417133e-01,6.921593147543776414e-01,3.597755975755471125e-01,5.175973612404117796e-01,3.218608558985769363e-01,5.144717542858694426e-01,4.880445359386991755e-01,5.333545824504268840e-01,2.905825852050852864e-01,4.989360922249925223e-01,5.565745845244945283e-02,7.349886307018048681e-01,2.889378648459810517e-01,6.375853664349326877e-01,7.075735741484294739e-01,4.848919488080598583e-01,3.758350404764648212e-01,7.752712019986416347e-01,6.454246781001699018e-01,7.566374547572213283e-01,7.623681395447525766e-01,9.562153780858556607e-01,7.932080103793679449e-01,3.863907950691010118e-01,7.987306160091526275e-01,6.623803001799011270e-01,1.484435473212029205e-02,9.977885575189071599e-01,8.731820762703413896e-01,4.465402641259019201e-01,8.193661774369285222e-01,7.702984764883046287e-01,6.028180416240533912e-01,7.714428116447800132e-01,4.734444255417278313e-01,1.878264308707213448e-01,7.061066714536491373e-01,2.818671168565408669e-01,6.492850684284249274e-01,8.468105451286026542e-01,7.032921816797447212e-01,7.619740654571970362e-01,8.346775897412105349e-01,8.732866963197326582e-01,7.250556390178780619e-01,6.456244711581424767e-01,7.208487907759690838e-01,4.863754020056033078e-01,4.654552896097593484e-01,4.105283384233137101e-01,9.535619382501359098e-01,8.531757253319661727e-01,2.690828857671738739e-01,2.696232389096785420e-01,2.069408223174880879e-01,2.604794379336293764e-01,3.719980608248674714e-01,6.750261868205174043e-01,1.847760887160443122e-01,8.799208138267093915e-01
7.273978201699000667e-01,3.365151296581857521e-01,9.665880721693302924e-01,5.201603431433496905e-01,5.311029327746974449e-01,3.051932426818881328e-01,0.000000000000000000e+00,5.487493069212704411e-01,3.986204484637242418e-01,5.089395147556490251e-01,7.220571205077168375e-02,6.685960695214895333e-01,7.668847846898912968e-01,6.650179299052227933e-01,4.143540077215935868e-01,6.655581991681327469e-01,5.761623301432658995e-01,6.063403375784346405e-01,2.245240530193857720e-01,7.062298132470344880e-01,6.171461432537549419e-01,7.753997260859264440e-01,4.537146220602752966e-01,8.485675652943409641e-01,4.757172913547799142e-01,3.249025536593280195e-01,4.614912429863307075e-01,6.065131290384304652e-01,3.122530626792281994e-01,5.184868742762247518e-01,6.981431746427186891e-01,3.889019743400931040e-01,7.927051345338974597e-01,9.146227903882268029e-01,6.004315845773693372e-01,-1.480239441470645734e-01,1.432155014381304159e-01,6.138277837208854226e-01,6.161109274561540339e-01,5.012718109096327979e-01,7.261740354216155158e-01,5.504236902172301438e-01,6.757867203673741940e-01,6.691214940824323776e-01,5.015550782535259655e-01,7.144411536069119606e-01,5.165294808453024800e-01,4.335517049778699339e-01,2.910326897209255526e-01,2.076526814807821419e-01,4.234288081731457654e-01,5.481236082517657593e-01,4.203934188649589010e-01,6.628836483023259341e-01,9.051443996668993019e-01,5.710187843746225012e-01,3.740573670278577595e-02,4.428518164884221453e-01,5.881036888343531555e-01,5.677493736904671850e-01,5.451044571862924126e-01,1.947406145853875226e-01,4.159728261158304741e-01,9.505838073274504030e-01,2.615787232215912583e-01,5.097667753172553384e-01,2.100412390840443455e-01,4.784870400750235175e-01,4.324818855147621321e-01,8.770356437892742330e-01,5.151426510498173794e-01,6.460227152006136064e-01,3.004050309520223117e-02,2.569700584991135295e-01,7.346705829954263134e-01,6.418154663358810463e-01,5.981292183359572245e-01,2.582442521863611562e-01,2.257460067484080291e-01,2.015552281712034710e-01,3.595405327981688881e-01,5.564946909845474021e-01,6.936844138821555150e-01,3.738593597506957855e-01,8.409400879373570836e-01
3.397382593590209110e-01,3.440327023733232847e-01,9.192633735796527095e-01,7.742687617995740457e-01,6.852156714090043010e-01,6.631978174989709984e-01,5.487493069212704411e-01,0.000000000000000000e+00,7.957175635989228724e-01,4.897512188351681450e-01,2.469866369514780724e-01,6.285614472456017010e-01,5.091969117612161755e-01,3.757850919505748011e-01,6.553134077855792272e-01,7.486663833736737494e-01,9.513376151502039857e-01,2.218448231267677595e-01,7.753737871406786164e-01,7.122310922352641516e-01,4.960312262850616882e-01,4.091384920852657592e-01,4.433984279515721938e-01,6.976053823533826526e-01,7.019689305948436653e-01,7.610733727515629488e-01,9.383665863347351310e-01,7.727113534056426758e-01,5.627178919314843597e-01,3.366687347618790849e-01,6.935433791764027134e-02,2.795052237166750775e-01,5.301912283590968222e-01,6.433486836585955437e-01,4.354397633414330837e-01,3.860118611027932856e-01,6.117924729717315602e-01,1.796861565634662872e-01,9.176509243566265406e-01,7.499882214618583953e-01,5.313383622860353706e-01,6.047663097241612329e-01,4.283492201121387177e-01,4.892870476220139708e-01,8.059247942732242764e-01,8.437051165607926118e-01,7.459226659278602733e-01,4.110808984100548513e-01,9.697382209161393984e-02,5.483651027599537597e-01,4.801247399344151234e-01,9.635312577236532228e-01,6.173931082672562409e-01,5.977957309892653059e-01,3.359601937074135902e-01,8.460475616447169500e-01,3.739785677169883416e-01,7.424492466703043192e-01,9.950622853684523150e-01,4.000860108428949125e-01,4.335906064732315546e-01,2.908014786610590985e-01,4.544608522582412879e-01,2.171086088359277522e-01,4.132047448770288511e-01,9.648463769967876580e-01,7.517584123295372178e-01,5.379406143968891163e-01,5.290381103006953634e-01,4.380807367309589861e-01,5.873635640392937951e-01,7.261373785683569171e-01,3.493343714447860737e-01,7.002335565751176549e-01,1.884539863118800396e-01,5.481231079655876082e-01,6.194945868144901419e-02,8.204788155215059220e-01,3.238204584770911221e-01,1.476426560447471337e-01,4.848969570984512645e-01,5.105847743400022676e-01,4.066264291853470825e-01,4.379128051153724499e-01,5.841155713816201800e-01
7.130022638999419238e-01,4.934000856371562049e-01,9.543170936260501058e-01,6.451520614381294205e-01,7.502939452671115728e-01,7.588974391209328818e-01,3.986204484637242418e-01,7.957175635989228724e-01,0.000000000000000000e+00,6.800666889919768643e-01,5.577582643484875202e-01,7.276685268378959570e-01,6.951299126295783504e-01,4.318584691734145831e-01,7.928811917800715481e-01,3.393120275768556349e-01,7.391933950095435080e-01,6.177308428089297587e-01,2.042253002044054078e-01,7.187052337720215567e-01,8.551895045494104508e-01,4.705661225048538010e-01,6.252367701621126539e-01,5.574963886413312197e-01,7.469878519853713206e-01,5.955777499285331844e-01,8.891144637533797690e-01,2.751585722367415054e-01,4.846602864366211794e-02,2.038335433317688405e-01,3.012018638759212386e-01,4.174401484567092924e-01,7.612658345027523144e-01,3.505388975691310360e-01,7.736209760699821469e-01,2.105871661724267874e-02,7.572974150042509345e-02,-1.261210904419837742e-02,2.486647311570687746e-01,6.912234888224094709e-01,6.034057974293296489e-01,6.477608707034523405e-01,8.260856077150231513e-01,9.850831408227735952e-01,8.503100538128800789e-02,8.564552925383459581e-01,6.938615870548413556e-01,8.839716778146073928e-01,6.652886607458188273e-01,2.407536776844135529e-01,5.904110156878439319e-01,6.371320560856583715e-01,5.774424317043300725e-01,3.886657890353465428e-01,7.380709742138231721e-01,7.011957492633626998e-01,6.531584251516338036e-01,3.435146792101506641e-01,6.809585785055404239e-01,7.736819654392487200e-01,2.495543050045393174e-01,2.877483343297315699e-01,7.645293319981558700e-01,7.782928423651331862e-01,5.301160282913602861e-01,7.371905254946796715e-01,6.938736954089964604e-01,7.643433370627151779e-01,7.520072074107925220e-01,7.135148280897587458e-01,7.144024988641243246e-01,2.535942692018934297e-01,6.514159372091428146e-01,4.042641586039534829e-01,6.361345847857017288e-01,6.096441525966028729e-01,7.024746105677031061e-01,4.358525694045204402e-01,2.887845272129175855e-01,4.585667471779704685e-01,7.358832344348823495e-01,7.453273030904057350e-01,8.445774153527173533e-01,3.239990977842873709e-01,4.323170183010667245e-01
5.205677882305870252e-01,3.990292294945994023e-01,7.125841515740495291e-01,8.901772596040263830e-01,7.458211597182063946e-01,7.510122560920775570e-01,5.089395147556490251e-01,4.897512188351681450e-01,6.800666889919768643e-01,0.000000000000000000e+00,9.877121259258245800e-01,4.485799219699174167e-01,4.651477943901384249e-01,9.760543482194040665e-01,2.597135985927081503e-01,6.499316950748239563e-01,2.313913123990198051e-01,2.356705635000714560e-01,8.328814100467974990e-01,1.400063643159038806e-01,2.651942903436471655e-01,4.534685730552561744e-01,5.703386630631990251e-01,4.507318998342659255e-01,4.028134073040086083e-01,5.162967690491513384e-01,6.175281322672465656e-01,5.970795987155178008e-02,7.370250017372166340e-01,3.020421385566572914e-01,7.035115957159956968e-02,5.943677106904614593e-01,5.850968841925864306e-01,5.458507978095783475e-01,7.451049219430689874e-01,2.625515703936587286e-01,3.091325448556270783e-01,8.369298208450992593e-01,8.048676661490236084e-01,2.224544549286657513e-01,7.797399823838808974e-02,4.463789860728313852e-01,6.016610145757830264e-01,6.204526459525490090e-01,8.479069563008081456e-01,8.132252920255906847e-01,6.675885600356256111e-01,5.934018270516389082e-01,5.234217741478200958e-01,7.716622886315219754e-01,9.918252760747900965e-01,6.004700654600253484e-01,7.878912673786759857e-01,9.380518829790979174e-01,2.722969936364237897e-01,5.336462620519674127e-01,5.169285273311469142e-01,8.369615715429074010e-01,9.679823239688801761e-01,4.578121486918445421e-02,3.037006939129868188e-01,5.608855600906452743e-01,4.479625019214814596e-01,7.333606736569595608e-01,6.565440928002461707e-01,7.281787928949781108e-01,6.598754079665518635e-01,8.233107606444812765e-01,7.147231148390127409e-01,6.459073193537120394e-01,5.072149073839745670e-01,2.413727359681649420e-01,3.562191587683262162e-01,6.013830828168770237e-01,8.678577076340746599e-01,5.874212291377357564e-01,8.987962130343712941e-01,4.603966990983608953e-01,4.093853777125254778e-01,2.905404243783940577e-01,5.296322591808919622e-01,9.144692319605657316e-01,9.309997776305480865e-01,4.945832925628999566e-01,5.899672738023402641e-01
3.218378559320987931e-01,6.786111886338079824e-01,9.474036553162761276e-01,4.148509493795751735e-01,9.233016013226893470e-01,5.936712456604471555e-01,7.220571205077168375e-02,2.469866369514780724e-01,5.577582643484875202e-01,9.877121259258245800e-01,0.000000000000000000e+00,2.886960040085306822e-01,6.431419904307629221e-01,7.225077542661169083e-01,2.944321824813083133e-01,9.812345739428366409e-01,7.360086317413214729e-01,7.282978673742340758e-01,3.360200444852478041e-01,8.318015902473463452e-01,6.919890150012353303e-01,6.294708178764396589e-01,7.028894765147065682e-01,8.175053965423322300e-01,6.939932361616139023e-01,6.353166838283799134e-01,7.448113521719165186e-01,9.760714129321752530e-01,2.100774067644994025e-01,4.937276242619526023e-01,1.025191648765426677e-01,6.491419045156991974e-01,3.938606033474992829e-01,9.605429918671321010e-01,1.989687575391221597e-01,5.883802256847358025e-01,3.664239653638725613e-01,4.554247882987383922e-01,4.618082662723269616e-01,8.350571991195114840e-01,6.818314624268906332e-01,8.750737296625521466e-01,4.808689287348018038e-01,4.600103467628612885e-01,7.561433154744690022e-01,4.457457789900859391e-01,6.645764117732079201e-01,2.361009541069594431e-01,1.352767157972941392e-01,2.386441501413433808e-01,6.656802686767768762e-01,4.466635688943687565e-01,4.479488384818646196e-01,6.810412470445231792e-01,7.699445696320600385e-01,4.233750335922208397e-01,1.292504124667305798e-01,5.248841615004781191e-01,9.783895826191180145e-01,6.891033070825942630e-01,5.195825993372688023e-01,1.066770786941630411e-01,7.868644775131777847e-01,4.701003593341981923e-01,3.481034375454482577e-01,5.174893442174020031e-01,4.289248478779565943e-01,6.175490450800005249e-01,6.294755971254253346e-01,2.750182186712473720e-01,8.833550347841447881e-01,2.790502735721543948e-01,6.510793716063021375e-01,1.217252569893422925e-01,4.511890788194242163e-01,4.655675504326710068e-01,6.732685165421228302e-01,8.455656594295470896e-01,5.242052553235508894e-01,5.974619691834035518e-01,6.076897795993025930e-01,6.945606203146683644e-01,8.592866414036993694e-01,4.177108234252895902e-01,7.510289239334141387e-01
3.706245349558949798e-01,5.474977137852550246e-01,6.013150228454827717e-01,6.885819860046842322e-01,7.475576903157726827e-01,8.292603405469655131e-01,6.685960695214895333e-01,6.285614472456017010e-01,7.276685268378959570e-01,4.485799219699174167e-01,2.886960040085306822e-01,0.000000000000000000e+00,6.808540830156046830e-01,5.905063924242199835e-01,-1.820705360358172431e-01,6.709724101333871538e-01,4.913204180512975028e-01,2.719071708479211535e-01,5.290479374274866808e-01,9.188190956023442046e-01,8.220868557583835834e-01,9.657751579615670989e-01,7.841418555834965831e-01,6.622054715178364859e-01,3.674984195978994173e-01,6.746969583965040096e-01,7.376031228040358378e-01,5.484731320908649010e-01,2.432293714009830035e-02,3.615387252296268228e-01,3.668535591034317589e-01,5.094275896280082705e-01,7.651306059327966924e-01,8.115827967880032690e-01,9.008581603463416965e-01,1.617888224796779628e-01,-1.249405676570119056e-01,2.102423069472736938e-01,6.423506602486774852e-01,6.167073563686075177e-01,9.480660466939411224e-02,3.779966233923597319e-01,6.327845155789233456e-01,3.809081942634490181e-01,5.943743450923990590e-01,3.595024561410635755e-01,9.132684312840553265e-01,7.501453544463595469e-01,8.984069452597530647e-01,4.402707494943460254e-01,5.029399345379973463e-01,4.654701754944976649e-02,5.614036688147139298e-02,5.282314979688272905e-01,6.564664271477586022e-01,5.855488228538137108e-01,6.134896412279685629e-01,6.572545556255295907e-01,7.260904356275741378e-01,7.884270098529966297e-01,5.731520245991221785e-01,7.892898802097573219e-01,3.610088608944685973e-01,4.208053970839423230e-01,7.808744977799343401e-01,4.534116774288744489e-01,8.112782877153533745e-01,5.948668382802354548e-01,6.387788211481022493e-01,4.851656775256167897e-01,7.725451856795444439e-01,5.812277507001512022e-01,6.678114083876524054e-01,5.457753256719548585e-01,1.095204265340214145e-01,4.633758141995950597e-01,3.123270539830669268e-02,5.001398575413230629e-01,8.975352369878345504e-01,1.017044905745347477e-01,8.898553378714478823e-01,7.067616335235602509e-01,9.136090838682761062e-01,5.240933704861265863e-01,6.911396457699275908e-01
7.020364878516104357e-01,7.232095191594285488e-01,4.321101000121497226e-01,3.758820689847477414e-01,4.763332120762059363e-01,8.762752021878342790e-01,7.668847846898912968e-01,5.091969117612161755e-01,6.951299126295783504e-01,4.651477943901384249e-01,6.431419904307629221e-01,6.808540830156046830e-01,0.000000000000000000e+00,7.869555561007710587e-01,6.858934366645773606e-01,9.839063959556274552e-01,8.237631816187275247e-01,8.884425967241204036e-01,7.856519533079276973e-01,7.837231821723678049e-01,6.489326032342570549e-01,2.561818312848294088e-01,6.502098597515004741e-01,8.364155257359396911e-01,3.690392500150531108e-01,2.200692413554300175e-01,7.371833688374072047e-01,3.499911791210345013e-01,5.672108542288387678e-01,2.110888521220138092e-01,-1.436119741616231626e-01,4.600093843267896720e-01,6.800518226126590626e-01,5.941738368234140699e-01,6.956813614654543398e-01,3.189990205573162152e-01,2.014430291976725407e-01,3.221697832071516721e-01,5.516393692732561860e-01,9.032491425774232807e-01,3.581975810931130599e-01,7.908643619002566627e-01,5.020019963705832922e-01,6.958703721230752315e-01,9.166334043564267064e-01,8.884883950642663564e-01,3.116429112287768532e-01,7.708663137680885624e-01,9.187796177220313165e-01,5.390712907527527298e-01,7.922428676370130152e-01,8.282967234200678819e-01,8.773941947319905399e-01,9.972701015466046703e-01,6.006354125242768793e-01,7.944959896840009250e-01,7.401190198657915387e-01,8.442322366759300589e-01,6.060229085259655202e-01,5.457044435070037558e-01,1.406730226362527814e-01,6.615754832818785403e-01,1.240394371865341655e-01,5.074925658401998607e-01,9.238926651587645589e-01,5.597454964020827095e-01,7.945171317348105333e-01,7.076121176698236814e-01,4.952055246056802362e-01,7.063816329078692613e-01,7.192816271426013541e-01,7.686288778313954406e-01,6.484903568749819103e-01,2.594405571962712376e-01,1.950022077714154423e-01,9.467473030236861486e-01,9.412034853904276410e-01,2.348441807000887505e-01,3.725198871783903520e-01,3.113017699868736443e-01,2.110079933856492118e-01,4.517381331812346246e-01,8.715892448945306015e-01,4.503976639873536469e-01,1.957354207848681638e-01
5.501551582127187645e-01,7.731889485139837870e-01,7.800646355933819054e-01,5.675200408712359756e-01,8.647597849817156845e-01,4.586837194059688039e-01,6.650179299052227933e-01,3.757850919505748011e-01,4.318584691734145831e-01,9.760543482194040665e-01,7.225077542661169083e-01,5.905063924242199835e-01,7.869555561007710587e-01,0.000000000000000000e+00,1.103378809397688280e-02,9.266091351415188804e-01,4.497133415086676522e-01,5.013232576436064125e-01,7.868537972917242218e-01,4.942303464442321936e-01,1.808901020503516366e-01,9.716602757406188617e-01,2.442744063610541305e-01,8.175214580786107632e-01,5.641269354262816726e-01,4.375513290868147664e-01,8.610315057193494992e-01,6.986816563757788368e-01,2.746129703525451715e-01,4.819665583908488982e-01,5.722698191531533363e-01,5.924956658485589500e-01,6.976681432878365507e-01,5.160631763120486770e-01,7.361344531913498468e-01,4.418834969304295535e-01,4.084306791595244679e-01,6.295022801346461527e-01,3.655077102995358818e-01,8.271793772312050486e-01,5.674548490343187535e-01,7.213626245618182109e-01,9.664698358155946467e-01,9.522326811189943951e-01,5.020825477021514383e-01,4.494507974637110825e-01,9.111184077583688312e-01,2.831016356998730110e-01,6.808650184311877407e-01,6.158487636294397438e-01,9.562935109080106244e-01,6.845512507470706831e-01,4.706848105155357898e-01,8.327324470180736959e-01,4.357326730371685608e-01,6.993173217017927268e-01,2.448150238459517181e-01,6.460040800665600713e-01,4.938777201624300894e-01,4.368687513337390915e-01,1.017140917485366836e-01,8.880077400511915409e-01,9.426976400983552162e-01,7.672335297961621059e-01,6.632902287845576783e-01,4.709601989543105161e-01,9.850435866153149922e-01,7.286933945389666434e-01,7.431431144238964670e-01,5.505640398124251877e-01,6.318364367784579105e-01,8.061907369611222007e-01,6.606591842547506754e-01,3.778060942891348084e-01,2.071576338960939012e-01,9.623351349177838854e-01,5.280710710867360103e-01,7.444201806597254834e-01,6.164394006049292996e-01,3.910001011851675368e-01,7.331443602101875845e-01,7.236779466817252482e-01,9.582412562887798746e-01,4.228987823585225181e-01,8.373984819261806045e-01
9.820959133648553552e-01,1.284615784504485048e-01,1.679199226981425985e-01,8.923506344265138557e-01,7.759635373968433170e-01,6.401930398451798343e-01,4.143540077215935868e-01,6.553134077855792272e-01,7.928811917800715481e-01,2.597135985927081503e-01,2.944321824813083133e-01,-1.820705360358172431e-01,6.858934366645773606e-01,1.103378809397688280e-02,0.000000000000000000e+00,2.255250238682307562e-01,4.522135741069707726e-01,6.987778952751819705e-01,4.425827544392781365e-01,8.520008935427891839e-01,9.868007356404208119e-01,2.659155985580244907e-01,6.399334459565449162e-02,6.258078882044453284e-01,7.855397224363920294e-01,8.264308388895850177e-01,6.692668691854719576e-01,6.781346345922868446e-01,5.764136063066622739e-01,4.331036023788830125e-01,-2.487053910868602946e-02,4.009644232634246297e-01,7.300481015607396262e-01,9.374945275055124316e-01,2.500567602647857379e-01,5.333078679361039631e-01,2.816958395299069551e-01,3.267517445299786827e-01,7.162937673332054889e-01,6.834031921478929128e-01,6.686627918166104800e-01,4.658187592483799544e-01,9.311356330395226255e-01,7.587777970058535715e-01,8.071082443568501352e-01,9.684690822611337069e-01,6.406780683124084774e-01,5.556919333125800442e-01,3.539038489722771130e-01,6.163482847148015198e-01,7.239571713493976324e-01,4.944279460521207592e-01,8.496823660246606291e-01,9.109594263794281721e-01,6.732493703731888823e-01,4.945039384333617671e-01,3.730577587084437097e-01,5.276253451477052048e-01,8.855328784457399127e-01,4.418772743344103748e-01,3.485318565768588117e-01,6.899395985644521945e-01,9.618854202158229061e-01,6.067037240270245491e-01,4.065991416658193969e-01,6.116178182548374087e-01,6.735668541815733601e-01,4.421419414792771008e-01,5.666523288465676877e-01,7.450570875061400811e-01,7.762352262595386687e-01,7.686937851657019705e-01,4.556898280552435510e-01,2.824859900723257766e-01,6.348765393948025970e-01,7.283056625182322552e-01,6.615902808501488153e-01,5.498347800995213586e-01,-3.541329082824169472e-01,1.349567647949428129e-01,3.510437188030332001e-01,9.223219453134990919e-01,6.851021848759382138e-01,5.327430806735071744e-01,4.791355153146786283e-01
9.846429412497497147e-01,6.638086295911127532e-01,8.099550385240962269e-01,2.960980688882253187e-01,3.054170658380392922e-01,8.284830539712853548e-02,6.655581991681327469e-01,7.486663833736737494e-01,3.393120275768556349e-01,6.499316950748239563e-01,9.812345739428366409e-01,6.709724101333871538e-01,9.839063959556274552e-01,9.266091351415188804e-01,2.255250238682307562e-01,0.000000000000000000e+00,3.264481427696221960e-01,6.270082510373194973e-01,3.063091085841079253e-01,7.214916542657243692e-01,6.201806234510234273e-01,4.635066575908897701e-01,6.113288656028107448e-01,8.782859632967687791e-01,5.612637504957200818e-01,6.727882742105596448e-01,7.446934397466866695e-01,9.184959711403538341e-02,3.839641735919477883e-01,-1.323519827574457242e-01,2.217262348692546070e-02,4.008806066954483383e-01,2.368413609063692582e-01,4.756374891918913606e-01,7.065191209333783195e-01,9.022939196603403655e-02,1.428311334704592539e-01,5.964148732599988678e-01,9.003575535417099873e-01,8.050036681623523593e-01,6.610322658428919862e-01,6.338753222345840932e-01,7.612035933691924106e-01,5.875801574726805532e-01,9.239936879815846549e-01,9.514349318429844438e-01,6.082937678982772711e-01,6.320074197297315122e-01,3.247036773295324807e-01,6.965114977958288822e-01,3.991653685259229922e-01,2.026055610682739316e-01,4.088008262981207008e-01,2.493971760419517181e-01,4.374962348090341013e-01,9.228461011308591866e-01,7.265852677576507546e-01,5.306666386606613273e-01,9.307081948813564765e-01,4.124060459102606435e-01,4.018934798609943848e-01,5.617116095743721615e-01,5.930254744123713007e-01,8.420013573239741866e-01,6.633094335729271540e-01,2.659880851278490499e-01,5.286338166876556333e-01,8.346699973230108371e-01,6.572777012850495870e-01,1.274546603529964350e-01,3.303663864886442481e-01,5.907042186347981616e-01,2.471758098643032642e-01,7.451294216271424631e-01,2.162019440631033351e-01,9.651788631086197778e-01,7.730758122438623481e-01,7.550358734885669332e-01,2.526870509022759448e-01,7.665894204268635104e-01,4.346875469724312269e-01,5.929922434106223994e-01,9.791216367479135263e-01,6.183007005270646506e-01,4.905798299279088281e-01
7.821815518732339045e-01,7.011652001980839266e-01,9.209017229280382910e-01,6.089292815195402886e-01,4.299633635920918628e-01,4.203760328689594150e-01,5.761623301432658995e-01,9.513376151502039857e-01,7.391933950095435080e-01,2.313913123990198051e-01,7.360086317413214729e-01,4.913204180512975028e-01,8.237631816187275247e-01,4.497133415086676522e-01,4.522135741069707726e-01,3.264481427696221960e-01,0.000000000000000000e+00,4.510155102184226772e-01,8.989570068498987654e-01,6.968095134774642263e-01,7.228008245294966772e-01,9.770340243822992488e-01,7.112136078998371191e-01,8.549145813705425478e-01,6.738371780260195010e-01,8.112756143119769225e-01,7.530052967936554653e-01,8.026283851153074300e-01,6.508519725701353842e-01,4.084107992147362198e-01,2.832362917387760692e-01,7.325775806945884483e-01,8.502384335319336239e-01,8.958780094759692947e-01,5.555751743988333047e-01,3.154407523528928725e-01,5.342334887391675391e-01,6.957308994425832616e-01,4.147253505513361915e-01,5.872802247890777094e-01,4.984718428998036188e-01,4.876096383574990978e-01,6.412455348997009308e-01,4.456788738840880559e-01,7.036744377681022344e-01,9.989950957092940120e-01,7.525145954531838877e-01,7.031890757682434101e-01,6.056843705852014148e-01,5.874224579947278091e-01,3.171825855625808321e-01,7.558187181744371319e-01,6.050542828031880704e-01,3.541075017625004984e-01,7.560276540475834306e-01,4.681665670696633641e-01,6.081922487070683392e-01,7.435732051167160961e-01,8.554711587754583180e-01,4.862573801519372574e-01,7.682593569459335026e-01,8.183107771793257657e-01,6.409488271560825901e-01,7.724170646783130589e-01,3.662322970257189114e-01,9.793464998851595382e-01,7.157770756350950725e-01,9.795100392468090167e-01,7.359302464906904984e-01,5.848665507085215598e-01,8.754333980286335137e-01,7.699119152982933922e-01,-1.180958434573369381e-01,2.470931053761365459e-01,5.855242992144994441e-01,9.453506110098244264e-01,5.226147490665247197e-01,9.176013568558150091e-01,-2.810866719969018490e-02,4.433227666233668929e-01,6.762216072569566805e-01,8.696311777551177791e-01,5.580531570084199533e-01,7.899406566530392526e-01,4.234542983277305161e-01
6.369352018034046825e-01,6.343949589877850848e-01,9.877755422464064017e-01,5.039155685434929532e-01,3.217404054134508362e-01,4.849799950308489871e-01,6.063403375784346405e-01,2.218448231267677595e-01,6.177308428089297587e-01,2.356705635000714560e-01,7.282978673742340758e-01,2.719071708479211535e-01,8.884425967241204036e-01,5.013232576436064125e-01,6.987778952751819705e-01,6.270082510373194973e-01,4.510155102184226772e-01,0.000000000000000000e+00,6.383994587606829640e-02,8.356587534675810058e-01,9.039811533574856339e-01,1.660788303313928127e-01,6.271471675853824701e-01,1.480581717010750198e-01,9.043777544688970105e-01,8.698022736805488542e-01,5.915514661789319506e-01,5.379608893933376379e-01,2.293572337439667985e-01,8.741735822539287160e-02,1.349957205560541051e-01,2.349163566992545638e-01,4.646915468927373949e-01,7.924936434688454323e-01,3.572449202085950515e-01,-8.975938067477082227e-02,4.538109566711856637e-05,7.159402726327666056e-01,7.875610938142223461e-01,1.947202666841387486e-01,1.530020089009365702e-01,4.188857620908440493e-01,9.919507974270119766e-01,5.259551758228169227e-01,9.267023941297504175e-01,6.907467259857461572e-01,7.314848315846183002e-01,4.841115321916982239e-01,3.235425680576127228e-01,5.884710276226013947e-01,2.383786348928147725e-01,6.809964156122332302e-01,6.996885219264160627e-01,5.985824363757985545e-01,9.253330484570314596e-01,7.802532672094802946e-01,7.156661721046969626e-01,4.319412944942474519e-01,9.952872801545831205e-01,7.738659690166242999e-01,5.297674409722354927e-01,9.349706966764235183e-01,5.585773934908775384e-01,9.377008661889773000e-01,8.018167667067334081e-01,6.253062497016158572e-01,7.213872388384452439e-01,7.359398081388914825e-01,5.566792474017613346e-01,6.110172698093325749e-01,5.825342006449658605e-01,2.097239560828977611e-01,3.147232462418580456e-01,5.740541860581447331e-01,5.295896377305697733e-01,4.615673876637217399e-01,2.402072149009606972e-01,4.638377514660837475e-01,4.177842405418181748e-01,2.536671308443012862e-02,5.494158251184425579e-01,9.195009090763502924e-01,9.887840700188375020e-01,6.628500089048587895e-01,4.478694101213975265e-01
