0.000000000000000000e+00,2.900675067652962458e-01,8.448655628333663348e-01,9.046285645110959672e-01,9.996121648773863555e-01,5.818501957420925130e-01,4.380835459134909682e-01,8.868762463167164656e-01,7.393903323778556747e-01,9.779382514439879381e-01,7.332451611719905671e-01,9.818365577296847002e-01,2.665703349738500205e-01,7.214043394276177246e-01,5.990132135689989479e-01,6.137141108430975711e-01,8.504566601171635876e-01,8.469692292284812796e-01,7.992323586562924964e-01,9.319786768599025439e-01,6.565930360848218905e-01,8.521324161026440080e-01,6.042849921709961825e-01,9.051013639790543852e-01,8.306963314362014739e-01,6.942170629612109956e-01,7.283825457652367552e-01,8.071054634886002388e-01,4.857965872635869320e-01,6.635327626134905621e-02,4.584045561989835149e-01,7.983815094262923795e-01,9.447811498833589283e-01,5.614826304730242690e-01,6.898174375676128234e-01,4.190122072138418030e-01,4.170564894618243312e-01,6.003236868851631325e-01,7.997884780708446328e-01,8.224792644143877896e-01,2.342412389683236063e-01,6.337648677477892845e-01,8.110535178599994621e-01,9.201826532424555172e-01,3.609650725997358145e-01,3.014362809646916608e-01,6.391236054437972047e-01,5.670633889343631440e-01,4.456612050628114829e-01,8.264314867854469782e-01,7.693878933489401994e-01,9.004995986155922560e-01,7.034621161156653368e-01,9.418016216829572240e-01,6.146335552148822767e-01,7.602292498145311050e-01,7.778887835970562659e-01,9.749926706625384742e-01,6.891318992233100849e-01,4.463135605033070052e-01,3.098254027141444933e-01,8.513954017565256160e-01,6.185731964331184773e-01,8.906620086479438703e-01,-5.992204472719922514e-02,9.925290633800936124e-01,8.831783790217986319e-01,7.795934787596665583e-01,8.296786663947327556e-01,6.595151530425555908e-01,6.689219121198406448e-01,6.893023960959390184e-01,4.680365103906064528e-01,5.859451040519970677e-01,8.114256387851340735e-01,9.036922782986925862e-01,5.932467780574537386e-01,9.576528008726089558e-01,2.947405088854987421e-01,7.109060280414295496e-01,5.968275804648892624e-01,4.927496614508059536e-01,6.308523043123922536e-01,4.103809114574237804e-01,2.567948612553531129e-01
2.900675067652962458e-01,0.000000000000000000e+00,7.932592357065012534e-01,6.667675057067072864e-01,7.907243525473349743e-01,7.913345304764736188e-01,5.341609028879797938e-01,6.530624097459158950e-01,4.045174272200079968e-01,8.752062743097512865e-01,6.299984022531617267e-01,9.940660104480769643e-01,9.082042298746050291e-01,4.169904548142733813e-01,8.357293909183221015e-01,7.140850801195960385e-01,9.173415184391819910e-01,8.346760949678659891e-01,7.434759902280196897e-01,7.944562991078677472e-01,6.624865271740602024e-01,5.054040275618254530e-01,7.038104710282591103e-01,8.176409953068380920e-01,2.542559494340264070e-01,6.098108987177049967e-01,9.640936599771134929e-01,6.684094312994447451e-01,7.009025737414114055e-01,4.328670228150161003e-01,3.975018568315522582e-01,7.730526696288704258e-01,5.301271245851918446e-01,2.970647822039533814e-01,2.563359050740313672e-01,3.841145016058422623e-01,7.380006537273751943e-02,5.188366901699720257e-01,5.741299860494952778e-01,6.903213144323571138e-01,5.852926837299164964e-01,9.465893976589608849e-01,9.991628456140644321e-01,6.629971263550117344e-01,4.695087240204748880e-01,8.355316138246773328e-01,9.406048208012001144e-01,6.989736482471675671e-01,2.485609912721878090e-01,4.586548027549411932e-01,6.617743722889052327e-01,6.518583552203587317e-01,9.000040582994162097e-01,9.455755604952570392e-01,4.869843665486908169e-01,9.107830514274849465e-01,4.090903484303944904e-01,6.050791563426302089e-01,8.774481018458923920e-01,6.046482707042307725e-01,5.545665222890108215e-01,2.722509183032215813e-02,1.554966888401127234e-01,8.256925530181673523e-01,8.346777111201666433e-01,5.419494310389013636e-01,4.171814550441743652e-01,7.168524827661985066e-01,2.088286132554022234e-01,8.880683105561110180e-01,5.157220789833912855e-01,5.220693899803039578e-02,1.715459585980731450e-01,5.168134653209468521e-01,7.776754551691388295e-01,2.150054558419575712e-01,6.902636662366051779e-01,7.413816173316801761e-01,1.398171137017531485e-01,-1.832058989239071511e-01,2.762438048044920658e-01,7.838835621410197296e-01,5.764605087581683440e-01,1.905359880891228097e-01,9.317363687402785422e-01
8.448655628333663348e-01,7.932592357065012534e-01,0.000000000000000000e+00,6.355854036323786982e-01,8.617901028068988278e-01,6.894442512483155427e-01,8.719692373398706398e-01,6.797980481337033698e-01,8.994029442429284371e-01,7.040177800090681171e-01,8.540059805117771186e-01,9.083152491560200215e-01,7.594653198338032762e-01,7.273429541357969708e-01,6.457738197189115681e-01,9.850046512382345520e-01,5.466025880569080897e-01,8.800173811936056190e-01,8.937688262004189754e-01,8.476775002808315529e-01,7.867212045059940317e-01,6.768933919857065273e-01,6.970002876326752972e-01,8.229815372241496840e-01,6.437016630509682091e-01,4.637494851648354954e-01,6.748608464487979575e-01,6.494593243668210780e-01,1.499938419136022105e-01,2.802902495122435167e-01,5.189211412924085165e-01,8.534840390577016489e-01,6.548663659466484877e-01,7.148513570659899008e-01,8.613766469315187191e-01,7.345997836138025150e-01,9.092564198981545678e-03,9.873877793330534391e-01,7.869178756797907681e-01,4.989823742850597599e-01,6.580589087697586992e-01,2.741221768733000386e-01,6.554470535747484172e-01,5.072628391462451480e-01,9.079688049517065096e-01,6.513512086824047032e-01,8.274971596800071438e-01,9.478349930500562515e-01,9.442180517142859664e-01,8.252040323179392622e-01,4.112842154083035662e-01,6.571336230162960756e-01,1.597949081198243304e-01,4.218537807223436409e-01,6.159247078617197113e-01,9.733405306009905722e-01,2.317422689193109411e-02,9.163440433774144855e-01,4.629102019345956442e-01,5.814055032497391640e-01,5.319303534870611916e-01,9.185469091821354404e-01,9.013579783042582338e-01,7.981006054803772010e-01,8.867580464196860301e-01,7.823659958404457493e-01,9.437283335754328428e-01,8.196320646558779011e-01,8.929958933428565615e-01,6.490821811476285008e-01,9.727283396035024676e-01,8.437547830204317201e-01,5.670446241224957884e-01,7.721821004954833034e-01,8.818883227359807231e-01,5.115609595297142542e-01,7.116829388060198491e-01,6.056192713791455073e-01,1.671915774967205337e-01,4.421375392034408991e-01,6.967926273819028404e-01,6.809435597585589139e-01,5.745550873323008734e-01,9.107271611966868408e-01,7.078561668436108567e-01
9.046285645110959672e-01,6.667675057067072864e-01,6.355854036323786982e-01,0.000000000000000000e+00,6.174381272188892433e-01,9.924731467225393899e-01,4.111418106322188293e-01,6.823022824956114230e-01,2.591677890239859616e-01,9.196133586339479971e-01,9.228379780448323633e-01,6.506974392917860284e-01,7.257011918116446081e-01,4.681556316106535998e-01,8.259295535790017739e-01,9.796015946038982847e-01,7.737902175905647661e-01,4.065886165871244184e-01,5.764687413200029198e-01,4.125325361610923114e-01,6.675721782009018668e-01,9.551139293693660104e-01,9.251352814396249791e-01,7.566595999737124600e-01,5.811797987404171417e-01,5.919181784015060677e-01,7.090554890801485932e-01,6.288679308289985004e-01,6.687148024970306359e-01,7.603899293786738900e-01,6.712338852374596376e-01,6.539958097930904657e-01,3.080063039044112199e-03,7.003073658133147639e-01,7.064356904827674422e-01,3.990031054553163647e-01,3.789594288583850862e-02,5.407917460656681552e-01,6.367410697348694359e-01,6.994361863739407825e-01,3.955679132992003799e-01,2.389430088039387057e-01,5.061156330560474537e-01,7.448065939145900316e-01,9.662260991552745759e-01,6.867818402309027181e-01,2.466593778745416327e-02,6.741605437529765155e-01,6.253037060707553607e-01,4.570943597268121716e-01,6.661787745074665423e-01,6.002195192102011134e-01,8.640047723487950249e-01,9.766192176420659399e-01,8.666188314063676401e-01,7.232753002054674862e-01,8.578945938751925127e-01,8.859267442980288676e-01,5.759521386481467609e-01,6.625240967651035984e-01,3.125663547139439502e-01,5.927334941819972780e-01,8.648286741146047341e-01,5.009589212726426322e-01,6.289452149629806144e-01,4.301292377820010171e-01,8.315062202077865283e-01,9.643843452312066411e-01,6.764449146089311915e-01,7.846539455334908819e-01,6.341927540796260532e-01,6.144896364196189564e-01,3.158641722570331711e-01,-1.117303557694078325e-01,6.169291961711470540e-01,8.921157878323968671e-01,5.549985433239795762e-01,4.692495530548923544e-01,3.759528330068919733e-01,7.548796848154079031e-01,9.083431349038326719e-01,5.542289426367175142e-01,3.658563099595726897e-01,6.743687588463669336e-01,7.201803143893197312e-01
9.996121648773863555e-01,7.907243525473349743e-01,8.617901028068988278e-01,6.174381272188892433e-01,0.000000000000000000e+00,5.053885301102409855e-01,7.186746942582842301e-01,6.313377114755324149e-01,3.013495890383343645e-01,7.876843277732475945e-01,8.812782912299169658e-01,6.093842688988977407e-01,7.484863940497421542e-01,4.534781631442497130e-01,6.540876541212128359e-01,5.249405112596174927e-01,1.249458003968165615e-01,5.976536005740933355e-01,6.424737770848965024e-01,6.749735423580507376e-01,9.287327866118315622e-01,-9.960363293963482578e-02,9.126043867267263909e-01,8.962843985526751656e-01,7.068150309041759671e-01,6.699207708640855241e-01,6.143075598879930155e-01,4.008927448683929362e-01,6.350859065752806343e-01,7.940212539889897059e-01,2.216086903243472406e-01,-1.759778132193745015e-01,7.724019475544775526e-01,9.206716295428762908e-01,2.079583410603155769e-01,2.811863283534483116e-01,2.560723132177311068e-01,6.950896284380108092e-01,6.586326749457852570e-01,8.886268288314055352e-01,5.595205938931215872e-01,2.323557905761089171e-01,2.333036737737341770e-01,4.923661881764752613e-01,9.068613920276095142e-01,4.651893459019189048e-01,7.739391789146556899e-01,9.058276314208013602e-01,7.654888422837624606e-01,5.476607558921614549e-01,7.786396231447463290e-01,2.759067706931663810e-01,3.856492837864933798e-01,7.367647359042235333e-01,4.083767190052411955e-01,5.831947455967932958e-01,5.806773546925317886e-01,6.362594552260248948e-01,8.908662322522261645e-01,4.554221523986923086e-03,4.370943745383584766e-01,5.548346142240028200e-01,8.233270594185678748e-01,9.306692194694949904e-01,7.814918427591069916e-01,4.910007312556689540e-01,8.199276170597317170e-01,9.555042466529597434e-01,4.960557146591238475e-01,2.962307943088397511e-01,8.280446098417841849e-01,6.966022999327462495e-01,4.241794131197759721e-01,5.088076388588667065e-01,5.523670234607603868e-01,8.783327637941258370e-01,3.096051559463469660e-01,2.058313986715094024e-01,5.580730014603743627e-02,2.551231417500857690e-01,6.783112960197763830e-02,7.754239811460232890e-01,6.738570162902575156e-01,4.698446463693138342e-01,8.595051550217021052e-01
5.818501957420925130e-01,7.913345304764736188e-01,6.894442512483155427e-01,9.924731467225393899e-01,5.053885301102409855e-01,0.000000000000000000e+00,9.816854808824500012e-01,6.847161666889093334e-01,5.056221012416037830e-01,7.745178378757496818e-01,9.999112268463038466e-01,9.062345396515255613e-01,7.119568848292933128e-01,5.475048122935235462e-01,3.886622355376675442e-01,5.429784009223177499e-01,4.237891694625485761e-01,7.959204156828412202e-01,8.898184886790622139e-01,5.462824006288455880e-01,7.089165962235951524e-01,7.790245208382601261e-01,7.091749368770630113e-01,4.215543047052894288e-01,5.996572015009464796e-01,2.770086110354817999e-01,9.085884330228413130e-01,2.890887433529785167e-01,2.681419732443713344e-01,5.163450690370366969e-01,1.894927852412480462e-01,4.291653552194471533e-01,7.855887227567468489e-01,4.533161168756949522e-01,6.085777852374865127e-01,4.168036491900959373e-01,1.711161181893524341e-01,2.261697936733721437e-01,5.178334878256881657e-01,7.196111109588660959e-01,3.027414544070202163e-01,4.649674452976133576e-01,7.760006971135255949e-01,2.887503232771500561e-01,7.063725275262607850e-01,5.944602647095562631e-01,6.821631096423487195e-01,7.846696861760260600e-01,5.563604594426858618e-01,3.656485042191447432e-01,-1.301417071365590372e-01,7.871849805682620271e-01,2.396641255757458733e-01,5.109098343183856583e-01,9.875047707974957678e-01,9.597379054628782935e-01,3.075145164121899644e-01,7.374751135656451018e-01,4.204888150801778801e-01,2.783450202917290284e-01,3.764162157855165391e-01,6.967209019499813749e-01,6.776151465766323545e-01,3.144900332964644107e-01,6.455598734759122603e-01,7.095159015659281421e-01,6.872439431857946257e-01,4.297221096648477512e-01,2.605303501321989956e-01,4.700314788628476986e-02,8.690160983069209477e-01,7.970076393884260035e-01,4.329147093148734138e-01,4.318734421823958725e-01,6.002422495545766123e-01,8.030113286710413023e-01,9.869280232799744201e-01,5.092212246138823062e-01,1.077104266297412294e-01,4.031818998202933435e-01,6.668863973580639870e-01,5.975547919379424755e-01,8.302453215483562854e-01,6.764973948513874902e-01,7.051908232792019060e-01
4.380835459134909682e-01,5.341609028879797938e-01,8.719692373398706398e-01,4.111418106322188293e-01,7.186746942582842301e-01,9.816854808824500012e-01,0.000000000000000000e+00,6.016397473832677534e-01,5.485076671709733231e-01,7.703252330538724602e-01,6.158251358199726688e-01,9.177539050011919164e-01,7.756326623892607630e-01,2.655234658989134022e-01,7.549124045226037749e-01,7.031287715420012630e-01,4.723981015940300621e-01,5.307194107201482769e-01,5.688310407701973048e-01,6.618910841437742887e-01,8.193684293060802259e-01,5.307581647018144722e-01,1.230537284300834422e-01,7.596371801908573529e-01,4.114484614778157745e-01,7.925688562868568043e-01,5.363108250412282896e-01,4.963970556335052242e-01,4.226407034121875128e-01,4.081892313817092055e-01,2.610618361427751721e-01,4.057644832627204656e-01,4.105661038384448847e-01,2.841660409779699359e-01,4.935459389092456406e-01,4.473710896855119246e-01,5.240654017561617861e-01,2.652194321991004355e-01,7.207730999994848009e-01,7.172843098658763239e-01,6.428880308393920828e-02,5.115413147472169797e-01,7.902977187048749741e-01,7.220000392362876385e-01,8.715675554730026864e-01,2.088988456497574142e-01,2.007242160292467548e-01,7.895606600509730288e-01,6.285134529374473145e-01,4.040805442662511737e-01,8.616465141193703492e-02,7.916429024175587470e-01,4.310803523141214511e-01,4.819686833923310099e-01,9.175586428088100543e-02,5.842242225479424844e-01,6.877118919966895838e-01,7.400340255073549756e-01,4.039238627254311820e-01,4.084992565652182939e-01,2.941563643885065638e-01,5.189676269755666427e-01,7.461707859044187652e-01,8.709636077187902226e-01,6.317716466505017836e-01,6.768918333350434358e-01,8.685237908318007571e-01,7.305421274661194619e-01,4.899414914219568651e-01,5.757465667319370262e-01,6.818393716250265024e-01,6.793062385421744231e-01,3.310788353564940723e-01,3.976517758536807223e-01,7.564895752770061099e-01,5.318381555817902617e-01,7.220642819047773386e-01,7.324425328544775793e-01,4.443498152032115955e-01,4.786358299743048161e-01,5.075341823972102651e-01,9.343176014895357984e-01,2.257636839094246117e-01,4.914131400491549284e-01,6.147867355980564108e-01
8.868762463167164656e-01,6.530624097459158950e-01,6.797980481337033698e-01,6.823022824956114230e-01,6.313377114755324149e-01,6.847161666889093334e-01,6.016397473832677534e-01,0.000000000000000000e+00,5.326151700839417691e-01,5.550855871697972788e-01,2.655339348388830456e-01,5.882478818481977623e-01,6.474464279731847460e-01,8.944198450060826255e-01,3.581352035767910724e-01,3.771166143952365060e-03,2.763150552373658253e-01,5.140437357007401342e-01,2.975435584951904855e-01,9.385972925207664019e-01,9.855431501400152561e-01,7.850791777697425644e-01,2.282051897295088172e-01,6.454997161592909150e-01,6.430776486666952563e-01,5.669971730966087975e-01,5.414791738533359933e-01,6.368985897529864104e-01,3.576187626099330275e-01,4.738869940044671547e-01,3.678883049195438293e-01,9.379082553214420637e-01,6.095804829948334724e-01,3.348095361947640569e-01,5.901975050313625903e-01,5.460985224128173110e-01,5.739203738558890100e-01,7.330561033593832043e-01,9.783333485606837687e-01,8.535647069437701795e-01,3.093046926161382437e-01,-1.331084597534084590e-01,3.663024920226399805e-01,2.816761206577012011e-01,4.454785161541668370e-01,5.342491938109700245e-01,3.251392642627481955e-01,4.745676830910550703e-01,4.603853297178255727e-02,7.436770706126691888e-01,7.766319252150277741e-01,1.031821600972928667e-02,3.460314972320703841e-01,4.743679923965729017e-01,6.356917916453362905e-01,3.059391011777015668e-01,2.003374286516095837e-01,8.395424626939218538e-01,5.125462802970220944e-01,1.522253623287357083e-01,2.273014400731060147e-01,8.304623582466276188e-01,5.829287376988331326e-01,8.448683183832692567e-01,9.111465007928968296e-01,2.279660808212399525e-01,5.356038915252893107e-01,7.916648932492138524e-01,7.218160146127849952e-01,2.562488326206476819e-01,5.233981554762945354e-01,5.479307495386851468e-01,2.834778988038954561e-01,6.387374594610092382e-01,3.571896256416873805e-01,7.657918809297062923e-01,5.401826015242882084e-01,6.931993217937555407e-01,7.890304258573468399e-01,2.417110500434578590e-01,7.125747591078622767e-01,8.865987049281720545e-01,5.566208352717045837e-01,5.178981405935825233e-01,9.665280787850134558e-01
7.393903323778556747e-01,4.045174272200079968e-01,8.994029442429284371e-01,2.591677890239859616e-01,3.013495890383343645e-01,5.056221012416037830e-01,5.485076671709733231e-01,5.326151700839417691e-01,0.000000000000000000e+00,4.294056700449542241e-01,7.430709069439872527e-01,7.080775798366896190e-01,6.643495972685364848e-01,5.281067318938631461e-01,5.846838964061805699e-01,4.415284036382439159e-01,7.838431754637882332e-01,8.352952861947000596e-01,5.955330348885727876e-01,4.530016430546121575e-01,6.614988073164480564e-01,5.799329849476962950e-01,2.652363456782074191e-01,8.133805914130799453e-01,2.852732040451410600e-01,5.411441595415970029e-01,5.818963570452386769e-01,9.431925178300346602e-01,5.270175501627767378e-01,5.462098578983746178e-01,5.740085906785985514e-01,2.143780476455705575e-01,6.896995802993859392e-01,2.608126439581168743e-01,9.236034057998953051e-01,5.996179591369065198e-01,3.962446935860044483e-01,7.520806848617112017e-01,-1.411757172781356040e-01,4.071817695941373216e-01,4.062458463252505703e-01,6.383928943100857234e-01,7.872495632946543420e-01,4.137305243910933128e-01,7.427556732019324759e-01,5.162767796007579069e-01,4.689901345985263842e-02,7.124654923154267738e-01,5.350456548194433282e-01,7.642894723968377546e-01,6.349324254428208025e-01,6.759319458515404555e-02,2.625688569526905547e-01,6.974740399095669119e-01,5.214352118124895297e-01,6.709155346261052033e-01,7.123943597545779882e-01,9.145982748913069615e-01,8.019777371667147214e-01,2.133930173049227164e-01,4.907045145349627768e-01,5.451484345052137748e-01,7.950203349080812165e-01,6.686298269258386107e-01,8.643940209562853694e-01,8.599489003128276687e-01,6.194697197263393518e-01,6.110377167452577529e-01,5.268470069010140477e-01,6.604193851507130786e-01,4.277926705196266055e-01,3.905657563738124116e-01,2.731835145851776447e-01,4.351671722523419716e-01,3.783283261864568425e-01,5.412230899776506732e-01,4.683977294479334530e-01,7.306249730077027937e-01,4.520740814473679925e-01,-1.876896228273767231e-01,8.310602582516332104e-01,6.327583323653308556e-01,3.823313211606480522e-01,3.679780403883565754e-01,5.668583174074482978e-01
9.779382514439879381e-01,8.752062743097512865e-01,7.040177800090681171e-01,9.196133586339479971e-01,7.876843277732475945e-01,7.745178378757496818e-01,7.703252330538724602e-01,5.550855871697972788e-01,4.294056700449542241e-01,0.000000000000000000e+00,7.101378112164380418e-01,6.485849542011109525e-01,7.087055448151605708e-01,8.925502696245021239e-01,1.144381394083421877e-01,5.188231995817810249e-01,8.110844065790814295e-01,2.201710632746441410e-01,7.643177246503143341e-01,7.983943675665035045e-01,7.181853840483192197e-01,6.730408581257429912e-01,4.626027886583952697e-01,9.055862118552440165e-01,6.529691503222547766e-01,7.174379620519701906e-01,3.713855778019937715e-01,4.282286791507525781e-01,1.651489904851202173e-01,7.018936019115432079e-02,1.682488497616128897e-01,4.623812347567912151e-01,7.993234485498311725e-01,5.231791206710058040e-01,6.467123082445387361e-01,6.808846645974336864e-01,5.110215052851017070e-01,7.204819252604766078e-01,9.580075120778945852e-01,3.261270709592608008e-01,1.919527916640449972e-01,7.753391411369064956e-01,6.214076940655322012e-01,6.135110682260322967e-01,9.505754503696568491e-01,5.564053547776974806e-01,7.822452333169881422e-01,1.679792112227310452e-01,6.142909249632282354e-01,6.567221713889868084e-01,6.575957831365988882e-02,7.673414734613901445e-01,2.079684976175953937e-01,4.006327279359656046e-01,4.001269009692492440e-01,4.542556943554714732e-01,8.220913496614262739e-01,7.640093771945790646e-01,9.253890905042928550e-01,-7.543873916041181349e-02,2.920487148663190036e-01,4.655287708065203311e-01,7.748130368805133950e-01,9.275920817603447999e-01,6.519312096638030241e-01,8.247055424353095798e-01,6.526982730727494131e-01,2.469937318270694626e-01,3.181634503882747600e-01,7.654670846810479601e-01,9.726234384304814906e-01,6.045128893168394413e-01,4.889422697210429325e-01,3.112337667211180769e-01,1.042910708189859897e-01,2.503409349292578523e-01,5.072914733676547883e-01,6.823864857282987417e-01,4.005801885276144558e-01,3.177967487139453651e-01,4.706641874141834769e-01,4.706027228086556713e-01,9.673610568680692801e-01,7.380308847704191155e-01,8.770727928094573800e-01
7.332451611719905671e-01,6.299984022531617267e-01,8.540059805117771186e-01,9.228379780448323633e-01,8.812782912299169658e-01,9.999112268463038466e-01,6.158251358199726688e-01,2.655339348388830456e-01,7.430709069439872527e-01,7.101378112164380418e-01,0.000000000000000000e+00,6.285674302265473745e-01,7.666277784352705238e-01,8.355671165533977707e-01,6.477044332911954250e-01,2.415701409901898633e-01,4.581145629216220594e-01,4.862507416273522676e-01,3.959905825525710243e-01,8.997382668566266117e-01,6.447333206345806644e-01,7.693376672352492118e-01,4.444418204071335921e-01,8.970813798434849051e-01,2.356572635260517079e-01,3.737863978081560346e-01,4.445861126925516049e-01,7.912768123292170941e-01,5.484124449704098625e-01,4.300075400524239200e-01,7.801651487543126429e-01,5.754579726445528953e-01,5.927384138531753832e-01,4.114640299346750130e-01,5.037064380992569701e-01,2.888010879208716131e-01,4.397625905208145114e-01,5.755880904689530952e-01,8.331653121125597306e-01,7.910393236893964453e-01,1.114572592050104421e-01,7.727762261776239816e-01,1.176443724692342319e-01,6.706696046705206138e-01,9.973369012869868211e-01,6.022260157855136020e-01,9.151998140847403818e-01,6.717729350902066354e-01,6.632437107520940955e-01,7.283312924300233693e-01,3.983589948959651572e-01,5.548317412070409294e-01,5.315105087403592110e-01,7.820691805856092582e-01,6.766370137609071245e-01,6.918041549056276329e-01,3.025047664315715368e-01,4.529387896094423938e-01,-1.624764264723061735e-01,3.715940230242956721e-01,5.665062356701338064e-01,6.841152460214078301e-01,7.484910918530723878e-01,2.478978883985760162e-01,7.740167618345844547e-01,3.934439860402350608e-01,7.318470183192147260e-01,6.231635207836176971e-01,4.399508124087816441e-01,6.909190028441710707e-01,7.658593574115597491e-01,5.144726231684748630e-01,2.521503661962788412e-01,2.707515493617652647e-01,5.567827245117437096e-01,8.272559780719823674e-02,2.405204995399045920e-01,2.468966808864035967e-01,5.036319239181085150e-01,2.279368821491082886e-01,7.232218965557863921e-01,7.659326442532159440e-01,9.844879307741734031e-01,4.496373335751802092e-01,4.321690772979400186e-01
9.818365577296847002e-01,9.940660104480769643e-01,9.083152491560200215e-01,6.506974392917860284e-01,6.093842688988977407e-01,9.062345396515255613e-01,9.177539050011919164e-01,5.882478818481977623e-01,7.080775798366896190e-01,6.485849542011109525e-01,6.285674302265473745e-01,0.000000000000000000e+00,8.468523102996767804e-01,7.877127280857221248e-01,7.690975992879833800e-01,5.864326282766526566e-01,4.651803436320230967e-01,7.179654123767308382e-01,6.576510371852147818e-01,5.496327034957865232e-01,9.859747401987191129e-01,5.530390804649334413e-01,5.089284651663199543e-01,8.582611347174041727e-01,6.298407121898699224e-01,6.886442670654420173e-01,6.657825424619761012e-01,3.284951581767874829e-01,2.092611989635740355e-01,7.291023960438651752e-01,4.994502581448706513e-01,9.927800803686435138e-01,6.824135864379894389e-01,3.785378241287391810e-02,7.885278373640717264e-01,6.259152464144802641e-01,5.654734470099915811e-01,6.416340101918156513e-01,7.890025521647132667e-01,4.107329994675985585e-01,5.708294450532678255e-01,6.761327319075211006e-01,3.710042033101681319e-02,6.306012154549787141e-01,8.185355270865731780e-01,4.027495833295682282e-01,8.591270487495727970e-01,8.972348576347887184e-01,7.704838835650965612e-01,4.963497795062296047e-01,2.077919604445122304e-01,2.537009512459872385e-01,4.439347944744721497e-01,5.316266862627079259e-01,8.875082428385755451e-01,7.939495287089446407e-01,6.142872562205771159e-01,4.229610243718314733e-01,5.813957838731897976e-01,2.448787570742594621e-01,7.732690429731483572e-01,5.855563259930295361e-01,6.042112809344099000e-01,4.601520988703523551e-01,7.225618584795945321e-01,6.275735854767248156e-01,5.332799010972900655e-01,6.458690941758864490e-01,6.719523686959143483e-01,6.148617363827848514e-01,6.881910487397333576e-01,6.926018105370369549e-01,2.253727870333746552e-01,-1.010594053079303112e-01,2.512869876104935618e-01,6.574822142070660957e-01,9.799191053534328510e-01,6.737564438503722553e-01,5.158401805358157066e-01,5.305477758482424200e-01,4.401177508139877959e-01,9.952579049082310725e-01,7.608081020076468137e-01,1.186598194313253640e-01,5.195435955162726049e-01
2.665703349738500205e-01,9.082042298746050291e-01,7.594653198338032762e-01,7.257011918116446081e-01,7.484863940497421542e-01,7.119568848292933128e-01,7.756326623892607630e-01,6.474464279731847460e-01,6.643495972685364848e-01,7.087055448151605708e-01,7.666277784352705238e-01,8.468523102996767804e-01,0.000000000000000000e+00,8.135342439590146357e-01,8.002382267230661039e-01,4.410820437741082012e-01,4.074374510582752795e-01,8.757736173638136501e-01,5.091434960883339800e-01,8.957023528241314647e-01,7.021137972275622863e-01,3.415435057671218910e-01,6.268797568064901071e-01,9.586040251267927692e-01,2.312136524027918194e-01,7.703278812323968161e-01,6.842766641618782675e-01,8.635703629909093904e-01,2.764469502046116856e-01,7.522655877508283018e-01,4.846031180971975272e-01,5.521864243294368757e-01,6.437225612689521093e-01,8.967429747401370888e-01,4.479826834216962816e-01,3.727090574858231697e-01,2.017553914868155940e-01,9.751177131050489111e-01,7.679658540591753901e-01,6.809430767226258840e-01,3.599365042726661024e-01,7.896701198045734671e-01,9.758660279508486468e-01,8.686121794717506228e-01,7.209993676601565982e-01,6.801377479554057137e-01,7.481693769106523284e-01,7.261204527139818454e-01,2.357629194133481210e-01,9.169666418766646565e-01,4.540710341409343598e-01,3.954465349472409130e-01,9.614476119007511201e-01,6.013749626066021703e-01,8.583234213283679193e-01,7.238829449799382143e-01,6.505000691529435608e-01,6.398734525709093290e-01,7.651050586040886170e-01,4.344159402873832287e-01,5.879996375508168560e-01,9.346543207045149293e-02,-1.121411121927029519e-02,6.193024267061973953e-01,6.982859579598784672e-01,4.869883418319210788e-01,8.260874370732697036e-01,7.737797732613258539e-01,6.115657142597712426e-01,2.583703959431428721e-01,4.368841197316323255e-01,6.322448311041137803e-01,2.048698474692743632e-01,2.143484070543201225e-01,5.840798291026319533e-02,7.231406385184387942e-01,8.095672178048930467e-01,3.021357832821905398e-01,4.712683764339140602e-01,4.951903811185437432e-01,7.039227606053600761e-01,2.637846973935287220e-01,9.121046015650692285e-01,3.388879450564415974e-01,7.344046987344066135e-01
7.214043394276177246e-01,4.169904548142733813e-01,7.273429541357969708e-01,4.681556316106535998e-01,4.534781631442497130e-01,5.475048122935235462e-01,2.655234658989134022e-01,8.944198450060826255e-01,5.281067318938631461e-01,8.925502696245021239e-01,8.355671165533977707e-01,7.877127280857221248e-01,8.135342439590146357e-01,0.000000000000000000e+00,9.996264023536834964e-01,6.627168436362903536e-01,3.285790312481456921e-01,3.065878891881486656e-01,6.221931624856357201e-01,2.465865972034446130e-01,4.522413646994127290e-01,5.030248924049584014e-01,8.155278369723109044e-01,7.934984738751991173e-01,6.343097985016185048e-01,8.023446871172220662e-01,6.844286815048300499e-01,5.313417770647388405e-01,3.480383802756515932e-01,5.521536504158621739e-01,-3.080008824497293407e-02,4.491252765305576156e-01,5.262108013962025765e-01,7.833745636588849148e-01,7.309614616976010115e-01,4.454623199841816206e-01,2.762917391518071586e-01,5.733422516244660594e-01,5.100131560840542866e-01,5.695631384871729930e-01,4.321555432239275740e-01,9.791566295770022244e-01,7.566415437314844006e-01,5.548571595282141278e-01,9.147491672782013250e-01,7.709096503421827284e-01,9.335148674056158447e-01,9.870461668625400975e-01,9.337196055802388095e-01,7.955151319023907597e-01,7.591319354158999611e-01,4.007967673002973963e-01,7.354355556658079829e-01,5.516798182025365316e-01,6.525565142336086089e-01,9.467133476160729533e-01,8.701460206446181012e-01,7.824500692736148233e-01,4.994924144458667836e-01,2.384459790034893500e-01,5.045261115571132438e-01,6.259714979078546682e-01,8.424718625814003881e-01,2.989067952485887636e-01,9.872008939992320542e-01,4.405450604310660045e-01,5.795643373546621735e-01,6.315750773252394312e-01,5.101872576784769464e-01,9.172417482382425602e-01,7.760739042577711189e-01,8.199806614150459971e-01,4.186028790071570915e-01,5.137413009288062105e-01,3.498550125595003557e-01,8.269191460722060683e-01,6.736422459142590302e-01,7.485679023139738542e-01,2.631010691323953932e-01,7.595009532675894848e-02,5.013958846120930568e-01,8.010055083991068914e-01,6.998397441508006356e-01,2.765340240337733624e-01,9.401851935444305308e-02
5.990132135689989479e-01,8.357293909183221015e-01,6.457738197189115681e-01,8.259295535790017739e-01,6.540876541212128359e-01,3.886622355376675442e-01,7.549124045226037749e-01,3.581352035767910724e-01,5.846838964061805699e-01,1.144381394083421877e-01,6.477044332911954250e-01,7.690975992879833800e-01,8.002382267230661039e-01,9.996264023536834964e-01,0.000000000000000000e+00,4.993478213686968759e-01,7.994025472074929306e-01,5.818130223180340010e-02,6.579534287523063352e-01,5.971653092178754729e-01,7.126157013921419203e-01,6.457051314286315069e-01,7.270229665612601977e-01,6.170526086189221937e-01,3.568769446100703013e-01,4.221963288720664842e-02,5.406122360953168338e-01,4.351058027139182438e-01,8.716008242284489782e-02,-1.037947814316206863e-01,5.860991018153609566e-01,4.135364804791057391e-01,1.735539488373890327e-01,7.922674373699495343e-01,4.970822865841358906e-01,1.451995072503579898e-01,3.659610371940622553e-01,6.981733841887018954e-01,3.687637517477355686e-01,7.686651912963031741e-01,5.543270923896039815e-01,1.650732871316001049e-01,9.788927888422591650e-01,3.911198638744076694e-01,8.037036849305753128e-01,4.850411803333181116e-01,6.845106717054061374e-01,7.630269028784073537e-01,2.384889249605811057e-01,5.440268448412214353e-01,4.515329949005656984e-01,6.881713906109059309e-01,8.333687982726153409e-01,7.013832687834581359e-01,6.473988806767811965e-01,9.490071265040792570e-01,1.527262176233830371e-01,4.732758956639752657e-01,6.753155654718326906e-01,1.807650962820910381e-02,5.445510361945982147e-01,5.179865998083960088e-01,4.071354796052991110e-01,8.084966304165236428e-01,8.697593147726757623e-01,5.874817466599009386e-01,7.320771235981988756e-01,3.264399764103479429e-01,4.587516389473451084e-01,7.690459394479534083e-01,6.861378252300562863e-01,9.868771483176184134e-01,6.626464105245033487e-01,7.896009826072208915e-01,4.579308443810047313e-01,5.590600564573001696e-01,6.390096690348540109e-01,3.388420541471046654e-01,7.085610769415898735e-01,3.158258141100745986e-01,8.408946120406615155e-01,4.793792091733030669e-01,7.590488665429675486e-01,2.920491683349216716e-01,2.734885982252044934e-01
6.137141108430975711e-01,7.140850801195960385e-01,9.850046512382345520e-01,9.796015946038982847e-01,5.249405112596174927e-01,5.429784009223177499e-01,7.031287715420012630e-01,3.771166143952365060e-03,4.415284036382439159e-01,5.188231995817810249e-01,2.415701409901898633e-01,5.864326282766526566e-01,4.410820437741082012e-01,6.627168436362903536e-01,4.993478213686968759e-01,0.000000000000000000e+00,6.918896671048895275e-01,6.981144080292492893e-01,7.425988540331696086e-01,9.613520821606057476e-01,8.415369252072505413e-01,4.387824197285504768e-01,9.678362885323172904e-01,1.102277653486984921e-01,5.423462136523391486e-01,6.629206572235325501e-01,9.464666935532961567e-01,2.130606243088062901e-01,1.346836507827580964e-01,5.875165032562325029e-01,2.336134114177027266e-01,6.669887109991015084e-01,6.625814175276295570e-01,7.772307352512162204e-01,4.186883845527821224e-01,5.823843549436125144e-01,6.844116169988774534e-02,-2.831087879740880053e-01,6.935850484215126954e-01,7.783723075081115939e-01,1.730352037685237709e-01,7.966409050425229399e-01,6.083760955210496535e-01,9.598228900240350914e-01,4.907049914295588677e-01,5.112315926732821092e-01,8.261645548774758652e-01,7.826161126895779807e-01,7.095344750404791734e-01,6.720487166308806160e-01,3.394537779875593797e-01,6.448755353543916824e-01,6.069160780317724990e-01,8.100175052995632896e-01,5.005093628379989612e-01,8.340123742695890741e-01,2.665597119632358569e-01,4.038518815018325436e-01,8.613107049716572927e-01,6.926068088339557560e-01,5.173847802681412755e-01,5.882768842314980429e-01,7.632280132226867408e-01,7.281244527691385082e-01,6.907202635426694659e-01,3.529375480578152424e-01,3.241355215982127391e-01,9.145948048559140453e-01,7.294400717822652203e-01,9.481400100135239928e-01,3.565332360909938547e-01,6.663267555746597015e-01,4.888607614528248796e-02,2.676869591587989206e-01,3.736562624869819715e-01,7.630157297047677201e-01,5.817774264268649187e-01,7.524561919089870488e-01,-6.285334728840799579e-02,3.568913941920475730e-01,7.885031386202318027e-01,2.442410415803649981e-01,9.468775689155542463e-02,5.191380545285703141e-01,6.414609001840834157e-01
8.504566601171635876e-01,9.173415184391819910e-01,5.466025880569080897e-01,7.737902175905647661e-01,1.249458003968165615e-01,4.237891694625485761e-01,4.723981015940300621e-01,2.763150552373658253e-01,7.838431754637882332e-01,8.110844065790814295e-01,4.581145629216220594e-01,4.651803436320230967e-01,4.074374510582752795e-01,3.285790312481456921e-01,7.994025472074929306e-01,6.918896671048895275e-01,0.000000000000000000e+00,7.662460628206470004e-01,6.626788568735807461e-01,6.753863356961826714e-01,6.531672171337591370e-01,5.742275518983468441e-01,5.236039683890070240e-01,6.689958778459115241e-01,4.581353763476946894e-01,5.219721387893254683e-01,8.139632564141640048e-01,7.935863831753786624e-01,7.421821581456180539e-01,2.302052088805068564e-01,1.620535621592424924e-01,7.601843817968473305e-01,7.819403089269858498e-01,8.521917851462138538e-01,9.006173263396263229e-01,-4.702337550562263324e-03,5.509658618843067401e-01,5.735118676945868410e-01,2.515901277336557440e-01,7.989376683124286282e-01,4.263041728716260304e-01,4.908921710285506501e-01,8.778176673740708535e-01,8.889713798255343136e-01,8.011382530999485718e-01,8.965566290011669492e-01,8.844216497638476282e-01,5.381540753821792977e-01,7.253157794516944534e-01,9.485390907542230465e-01,4.351858492345530016e-01,7.457598075583691255e-01,9.665830015141274600e-01,9.183335642230904261e-01,6.020280141117211326e-01,8.573477725829617979e-01,8.061763773944803368e-01,5.756959474358842588e-01,6.890345020120740571e-01,6.940868867947956877e-01,7.535712764671791408e-01,1.405824097114325155e-01,8.186880157967684202e-01,7.664952093218602158e-01,9.752905016085779977e-01,6.268688801658960363e-01,6.757386438661090455e-01,6.061809991999438374e-01,6.466053352114944364e-01,6.099737163925372796e-01,7.393396416030199036e-01,6.602346387517441517e-01,9.573851212942133260e-02,5.244436248715900195e-01,4.711766444470396609e-01,-1.256246389947176245e-01,7.703459143045505719e-01,9.377149970674432122e-01,7.869676785910233452e-01,2.788716035925955516e-01,7.374409062544072802e-01,6.492228185382553640e-01,2.649677507591432501e-01,3.234305531012284796e-01,9.391930286626171132e-01
8.469692292284812796e-01,8.346760949678659891e-01,8.800173811936056190e-01,4.065886165871244184e-01,5.976536005740933355e-01,7.959204156828412202e-01,5.307194107201482769e-01,5.140437357007401342e-01,8.352952861947000596e-01,2.201710632746441410e-01,4.862507416273522676e-01,7.179654123767308382e-01,8.757736173638136501e-01,3.065878891881486656e-01,5.818130223180340010e-02,6.981144080292492893e-01,7.662460628206470004e-01,0.000000000000000000e+00,4.570948149819643036e-01,6.799168559278393476e-01,8.812386760371795358e-01,4.687320624142857772e-01,6.012894329553742923e-01,6.514011827800469945e-01,5.362183981680996858e-01,7.705490642455493644e-01,8.851042727311176916e-01,6.879392071381359441e-01,3.332397040437043989e-01,5.950919034180920386e-01,-1.110779169618580919e-02,3.523540947007206547e-01,3.941459145815842113e-01,4.395257119322529271e-01,5.000557035936350481e-01,3.467302775257088965e-01,5.563312328144478514e-01,6.827703294907931930e-01,5.882590120670490030e-01,4.611135228007340880e-01,6.162208352973997938e-01,7.068289511220082755e-01,6.993006707164953761e-01,7.789215678401227860e-01,8.222068599889583718e-01,6.307010869617776239e-01,9.221726901421051226e-01,4.121855207358435247e-01,9.523452281685678145e-01,5.137635303036020007e-01,9.217156195977832533e-01,7.006233308000241189e-02,4.199336029269498116e-01,7.951343448391336999e-01,6.734209125229404513e-01,8.446529967643131576e-01,9.844117238697248640e-01,4.506826087201524222e-01,7.039003132245352790e-01,3.274378546637652931e-01,1.639456214131725931e-01,4.584431894662143736e-01,3.320809459341783065e-01,4.914942102402180546e-01,2.370468920915316524e-01,6.893891070339245308e-01,7.768106827080434318e-01,8.925026828480270291e-01,4.915943758691178056e-01,7.987856886440602988e-01,7.196732766575282270e-01,6.821991999436851639e-01,7.498764447833675684e-01,3.372804435633083298e-01,3.572152002407227300e-01,7.244359217211489010e-01,4.682955299881116362e-01,3.405081627143292655e-01,5.813088059143268760e-01,-2.836690210999470718e-02,5.433524192509787687e-01,7.456475645606623903e-01,5.751057390073591735e-01,1.080078547208679629e-01,6.901466488011198663e-01
