0.000000000000000000e+00,9.218482656047632950e-01,5.637081361779036071e-01,8.838681509842901685e-01,7.601612786746777539e-01,5.071374113893139385e-02,7.450450892400454217e-01,8.764955250928142538e-01,1.249760408009607665e-01,8.881433953755460964e-01,7.042472130115243756e-01,6.096541536643577119e-01,4.989678157001754544e-01,5.351374283200970305e-01,6.212262063207986129e-01,5.959953222347700308e-01,8.225335539843634525e-01,6.860493953197283057e-01,6.715582118512249954e-01,4.803776149026440234e-01,5.246508582939759524e-01,6.866810201834812055e-01,6.647226388435969469e-01,9.806874116846862055e-01,9.278013604452538532e-01,9.562665949369055785e-01,5.132905153836352374e-01,6.788775701068821000e-01,3.714734648444463216e-01,6.288319443635532746e-01,1.547916676141864456e-01,7.811227078446905114e-01,9.450781172609931113e-01,8.742591836241800918e-01,4.187579085836826143e-01,6.896523503347594675e-01,5.213977798008080367e-01,9.914007744490032081e-01,7.728389596287585928e-01,7.940091684487794454e-01,5.111884680194972441e-01,9.140794745948829236e-01,6.671910956229224476e-01,9.305470083809934678e-01,9.354942911597020627e-01,9.416323417800123163e-01,2.975771834696354645e-01,6.063013744445406861e-01,9.988907383861137523e-01,9.903065949242547683e-01,5.754056047780438110e-01,6.176057404657021577e-01,8.896214760953807810e-01,9.558070217097075494e-01,6.561406855510498737e-01,6.632243841405902618e-01,6.581886999739775534e-01,2.018613232447077632e-01,8.382315339505579388e-01,4.357393614568910167e-01,6.504289332553104819e-01,4.141946437392651226e-01,6.327494778764378713e-01,8.994919633518669855e-01,8.027131543546457415e-01,7.953018867784019674e-01,7.372871336618322946e-01,5.587417538397232430e-01,4.378342084494273312e-01,7.901339402955901425e-01,6.479978673982138559e-01,5.615983108959897718e-01,2.024890799351738435e-01,3.316205833775136558e-01,6.460384527387253994e-01,2.428406564507095411e-01,7.444716586665162117e-01,2.230617434775803709e-01,4.392933394016268478e-01,2.053060969988128037e-01,6.040224702166445692e-01,6.119894531307337182e-01,6.515880835522751546e-01,1.463479645449806410e-01,9.323240292626284731e-01
9.218482656047632950e-01,0.000000000000000000e+00,9.906940787619218369e-01,6.394701854985354039e-01,5.469381038787002325e-01,6.293121443892137901e-01,4.290734637085007463e-01,7.678449492509348273e-01,3.250750428776564283e-01,4.727725001722827836e-01,4.633985188699172864e-01,7.498937385298435343e-01,7.907164094271817989e-01,4.261578882219792530e-01,2.639241204183814804e-01,3.153186497515277353e-01,4.517074141648725338e-01,4.314403083823725171e-01,7.584603904448927736e-01,5.394731642796228854e-01,4.182902107087522747e-01,4.306935260826039169e-01,5.524801685221745196e-01,7.592095024183543872e-01,-2.958319002709833279e-01,6.800239785064653431e-01,7.298974941925086002e-01,7.005177545224540170e-01,7.985824803189682797e-01,2.088218969776876599e-01,2.584595989198503196e-01,7.849021197312954223e-01,8.593726679887583320e-01,3.101315124204613860e-01,6.323002309507468055e-02,3.831734007888838445e-01,3.281439151838901058e-02,5.539200829878724308e-01,2.795620237489737647e-02,9.603714603060160560e-01,6.772823936612066831e-01,8.519657695213740389e-01,7.316872042451489921e-01,7.686359016461432603e-01,7.252941355232047638e-01,8.870828551289928754e-01,7.213037999818844304e-01,2.244145770115524574e-01,1.190362420027808038e-01,3.486570137135687197e-01,6.461719657677155171e-01,8.459240831607074407e-01,6.408999055161768155e-01,7.127834122496365943e-01,9.262729505284159615e-01,6.192345119168112255e-01,4.983571426861672093e-01,3.924316585810497249e-01,4.340898994800162503e-01,4.905164355651785435e-01,3.842542258624867535e-01,5.301426146289165420e-01,5.911880586544886462e-01,6.206489201818079504e-01,8.560742864600905389e-01,5.060920315970730554e-01,5.294453172832306320e-01,9.014245420958216792e-01,6.781878607347464616e-01,7.306258526332273240e-01,8.077349316247391942e-01,8.417725407485405764e-01,4.809767996051350636e-01,2.910191536126030543e-01,7.330743003583380935e-01,4.402264092650134408e-01,6.416937808567428903e-01,6.487712303939432990e-02,7.367032896688638921e-01,5.910298667770239600e-01,5.184774411481182232e-01,7.074968304260760288e-01,8.983091495595364462e-01,6.704911507740418664e-02,9.854611200754018197e-02
5.637081361779036071e-01,9.906940787619218369e-01,0.000000000000000000e+00,7.886626691872238304e-01,6.290782407164394741e-01,7.311379222714777804e-01,7.126366691715509960e-01,3.884696526989070975e-01,8.567615669232957476e-01,9.738303509168912964e-01,8.276520550670573018e-01,2.992929622908929721e-01,9.384770963690896028e-01,9.107786254142585802e-01,2.429391491143426812e-02,7.873787852711916502e-01,8.149120678310801669e-01,7.118299314430258651e-01,6.317017602400353260e-01,6.577681454749724210e-01,6.539458811568612528e-01,9.272866326106006252e-01,5.127301670911758036e-01,4.476554808544437325e-01,7.902333741388758437e-01,8.347761303405996092e-01,4.277349186212687782e-01,9.317487530696999531e-01,3.128143876827390590e-01,-1.348109212117998001e-01,3.471440549271977982e-01,8.742574230439738026e-01,9.069516077472958848e-01,4.938529697210658487e-01,7.760851613701145180e-01,7.587117502233622357e-01,2.609607876578964869e-01,7.658473381266850399e-01,7.062572455572828645e-01,5.171640735962694801e-01,2.108349820074315595e-01,6.977986492320230605e-01,9.775408594926729977e-01,6.240741705358779923e-01,6.789704893579370237e-01,5.076560101330180874e-01,7.710613194924765823e-01,7.715032127489920288e-01,9.138798603379026941e-01,7.054554194282016688e-01,2.836305496150949290e-01,9.544596312274618022e-01,5.019065556479704870e-01,7.226159657280977200e-01,7.097496322140456337e-01,6.614566157324494045e-01,8.752519469941829611e-01,9.006615324377723608e-01,9.562211252172627685e-01,3.830486542356599244e-01,8.426561435115734189e-02,9.051576027113146239e-01,4.441003825105082625e-01,8.177316618132355330e-01,9.891987036307885450e-01,7.485441870877207471e-01,9.153743326809165026e-01,7.757636763376132283e-01,9.172172251665904330e-01,6.542104905481369581e-01,8.615607972072452103e-01,9.018584904084036014e-01,4.864983229614915361e-01,3.362994709070552535e-01,9.031106140850400088e-01,4.337111999630322012e-01,6.070298741166241241e-01,9.285131457427298063e-01,6.927596277653337298e-01,1.050998842774123337e-01,9.261462470415553483e-01,6.850591552806938322e-01,5.453752710834444128e-01,8.585683060273646694e-01,2.070199438822381277e-01
8.838681509842901685e-01,6.394701854985354039e-01,7.886626691872238304e-01,0.000000000000000000e+00,2.797795336599762650e-01,4.660383992647670892e-01,4.252253756500626869e-01,3.397775680517771679e-01,5.817107966714720746e-01,6.586809854948568743e-01,5.232427785693469779e-01,9.138492322975331206e-01,9.385111880548138164e-01,2.539280163239305832e-01,7.709902590001043166e-01,4.195393584884471450e-01,5.637407645811087775e-01,9.102428923677339245e-01,4.573825997727232195e-01,7.330661128366299240e-01,9.015085083731364524e-01,7.947624953335776787e-01,7.652085401170247714e-01,4.229350447201867813e-01,2.975539842188656969e-01,2.945171842503247484e-01,-5.123558476999978684e-02,7.432012399694727378e-01,5.350627704383719152e-01,6.876440280270492700e-01,7.706950837318305991e-01,5.833292067825975868e-01,6.768912136914773114e-01,4.466971692487100576e-01,6.817491356224462118e-01,5.861510799593749876e-01,3.061953999218593458e-01,4.887436944065252642e-01,6.677949536864014046e-02,8.326181509858096019e-01,7.562692557510459768e-01,3.054564293994238011e-01,7.115845928901078921e-01,7.643413726452503720e-01,7.039432929356875812e-01,3.262132302860842881e-01,7.511067052086251028e-01,9.774820365108726206e-01,1.703313625476471083e-01,9.869783787129099428e-01,5.371697627886127258e-01,7.820148098208459242e-01,2.965343439388354874e-01,5.352419634402888482e-01,3.601950304584972118e-01,3.335953537819768000e-01,8.139074804884215419e-01,3.413002756303799012e-01,7.434940212137235438e-01,3.582181559924219050e-01,5.600539527973532605e-01,8.218451478090380569e-01,7.408461093811116172e-01,5.442468231084326424e-01,9.386058913906442092e-01,9.129288624024929355e-01,9.767559805524950178e-01,2.411479580443354198e-01,5.853715256745849471e-01,3.107583446284082340e-01,7.452127756102453482e-01,8.226106299657161003e-01,5.091650326572471075e-01,2.060129038996167394e-01,7.394878524364456585e-02,7.308975221022818713e-01,5.123889220642906528e-01,6.254409450838758211e-01,3.580970463154718453e-01,2.471092679849516416e-01,3.254137797752625350e-01,4.078203656542180311e-01,8.285080395946610166e-01,1.353842299201861443e-01,7.215818774035265282e-01
7.601612786746777539e-01,5.469381038787002325e-01,6.290782407164394741e-01,2.797795336599762650e-01,0.000000000000000000e+00,6.193045260536121921e-01,7.322462509345131210e-01,7.750136707528503255e-01,7.519908659438319098e-01,7.158760047471768306e-01,6.359968298291861499e-01,6.369555017535408759e-01,7.883885238130514672e-01,4.721917805210016361e-01,4.679996756822120130e-01,6.439365161929785364e-01,5.164355053163062204e-01,7.962590572931725896e-01,8.966003858378392977e-01,3.014864139369026752e-01,6.683850876757075898e-01,4.415771284562013399e-01,7.378999248973244773e-01,9.459172080488302825e-01,2.220266581841829900e-01,6.823894714645654114e-01,5.975947208102042052e-02,3.792457502569130390e-01,6.649045624929645903e-01,4.790910601721014017e-01,4.260137038284317890e-01,9.073896007356821447e-02,4.881191592485392139e-01,5.308874661350855284e-01,7.006830695080871196e-01,1.037081223696775245e-01,1.078761064033035705e-01,5.380247588752700150e-01,-4.747388921856132704e-02,7.555774619737717357e-01,9.305376935175868613e-01,7.403946855992319387e-01,8.798870536877753112e-01,7.657359162875410075e-01,7.377867349045389433e-01,6.611718973048172909e-01,7.304876253220528026e-01,6.054765859233295355e-01,7.816098487006870599e-01,5.490951463762780982e-01,4.829037399141251630e-01,4.731469275536845376e-01,3.533031167183974808e-01,8.763477127518674026e-01,6.872645282186657933e-01,7.158767672286334705e-01,5.967434514419946989e-01,3.581412578756200116e-01,2.690157725654002130e-01,3.005557430940786201e-01,5.925402161174575522e-01,4.411312782522587850e-01,9.393911082870860518e-01,7.835099309222867126e-01,9.004947163157116519e-01,6.767819483793047208e-01,6.673493399237069301e-01,7.993164708289708376e-01,3.348055163968631787e-01,6.828842516866117096e-01,4.525138113768470971e-01,4.630265069345607110e-01,5.575968335377248231e-01,6.809295317897490207e-01,4.899254252683773458e-01,3.006319316606138603e-01,5.880737186781088699e-01,7.681656848791315051e-01,5.751270376113629679e-01,7.953219423399160437e-01,5.798740302037623806e-01,9.533866611614536524e-01,9.067907564215513805e-01,4.882093811339018319e-01,6.747356767265406674e-01
5.071374113893139385e-02,6.293121443892137901e-01,7.311379222714777804e-01,4.660383992647670892e-01,6.193045260536121921e-01,0.000000000000000000e+00,1.689600661833539075e-01,4.988792733842152827e-01,-1.708035198382054365e-01,8.225847579682773469e-01,7.977729928762824496e-01,5.216476666015983366e-01,5.093584626733439480e-01,4.239692092569465331e-01,3.196961747129561937e-01,2.236769477102762971e-01,5.423400536530644800e-01,9.363856057046605619e-01,9.121984207276799816e-01,7.678973586154226316e-01,6.586344985208059111e-01,7.392894472570414877e-01,2.462823728722230432e-01,9.562615400115725972e-01,7.859109687162397773e-01,2.913209326502238516e-01,6.086185051316538308e-01,5.941397651878854713e-01,4.838411359368979259e-01,7.850390027248457803e-02,2.412394958423628999e-01,2.084055306116799344e-01,6.085400515332338722e-01,4.846635517181639985e-01,4.435435057136058457e-01,5.919606757778824724e-01,7.211843975427048026e-01,3.574166368495546031e-01,6.808430717513033192e-01,4.464213598081030465e-01,4.320715655041791614e-02,2.960015635768712960e-01,9.205764979825669103e-01,5.766886760398127754e-01,8.985839907019741446e-01,6.872018269163744364e-01,5.400719014010286756e-01,2.621588892001474602e-01,4.029532688607025959e-01,6.692959927221842076e-01,2.849309644225256899e-01,2.709287859526270381e-01,6.549945727807193752e-01,7.353860854909080036e-01,4.123130599072655778e-01,5.887534795126788678e-01,2.485305912499916059e-01,4.983744641415558951e-01,7.901486079656487860e-01,1.085274313252724138e-01,3.455405623039499163e-01,7.159403449452758084e-01,8.827487428779452472e-01,7.940418450180125598e-01,6.546876396962517664e-01,5.058296509933137841e-01,4.607025388159525781e-01,7.088855926095641857e-01,6.842971187347176576e-01,5.114724473173667407e-01,6.440541936204318141e-01,4.828835799710419208e-01,6.027934428618322849e-02,2.810335954419090898e-01,4.301608895399672283e-01,5.333364959655174653e-01,6.397842424342071732e-01,4.085036871087715515e-01,-2.157605416821147815e-01,7.654838119700912991e-01,6.313337400784120590e-02,4.876483613089528657e-02,7.248706651207521556e-01,4.551799784223342082e-01,8.944514599284291156e-01
7.450450892400454217e-01,4.290734637085007463e-01,7.126366691715509960e-01,4.252253756500626869e-01,7.322462509345131210e-01,1.689600661833539075e-01,0.000000000000000000e+00,8.232140640829777034e-01,5.555229685596809741e-01,2.338971033604150818e-01,2.377496347428223467e-01,8.726197730610370240e-02,3.292915388916589636e-01,4.894979550625108700e-01,2.763225326175411389e-01,6.845543851553748116e-01,8.151611393539982542e-01,1.195387462940760148e-01,6.244341573005087742e-01,5.054771830593914883e-01,3.710898389876763348e-01,4.679681944634169199e-01,4.840793491689133199e-01,8.155814945838605334e-01,3.933680946805733214e-01,5.958067150270615064e-01,5.718541128945315855e-01,6.626387804463926834e-01,6.852476825149771411e-01,5.170895838408475775e-01,2.204578308871249781e-01,2.989985243452869534e-01,6.369401311094895490e-01,2.554703591033983257e-01,5.486675383758046198e-01,3.587263316447367734e-01,7.835406688568372080e-02,4.428076116019230013e-01,5.058811012219591730e-01,2.298161446792347240e-01,6.478803734137713599e-01,4.708541945253516547e-01,2.177457934913488158e-01,7.004950248302641569e-01,4.609796474583893189e-01,3.293772178508063142e-01,7.149446814336116729e-01,7.051621729732006072e-01,6.293978891973853740e-01,5.859492765034701733e-01,5.018793871624035452e-01,4.602107921909097676e-01,6.263306882748314042e-01,2.109975438307591655e-01,6.053453982234229258e-01,4.225693003969663852e-01,3.277694612895891701e-01,7.211358485783129213e-01,8.474379939259779615e-01,4.026080542939710072e-01,4.376522910802783661e-01,6.163660288686513278e-01,3.058199748839092180e-01,8.375770267935911395e-01,8.445387251381264448e-01,3.046443587176078105e-01,5.308965033918637832e-01,6.559274233127314613e-01,7.920914801262718408e-01,6.541217381458597213e-01,4.147231344046349577e-02,1.671711062662639691e-01,4.860162742197228769e-01,3.895793886047782539e-01,5.315298631927051209e-01,2.986485494086800196e-01,7.228931836643637254e-01,4.834476452073792063e-01,1.529841600708363170e-01,5.622949318660409590e-01,3.407914733867758311e-02,3.038597257770145887e-01,3.600664116873752985e-01,3.169568289272647887e-01,6.938338857509871449e-01
8.764955250928142538e-01,7.678449492509348273e-01,3.884696526989070975e-01,3.397775680517771679e-01,7.750136707528503255e-01,4.988792733842152827e-01,8.232140640829777034e-01,0.000000000000000000e+00,8.258746045769276289e-01,6.778857568258200850e-01,7.946657184149937825e-01,6.325170700546738078e-02,7.999812496785337901e-01,4.162786414523839684e-01,5.094919614907184036e-01,3.669162984749028134e-01,7.549217672353774056e-01,4.883268525077852917e-01,7.534589191108520545e-01,2.387074986273609034e-01,6.555798939916107626e-01,5.979174662505590820e-01,6.536023307696695595e-01,8.044441524263569177e-01,3.739660393120425308e-01,5.985364108970490093e-01,7.472097393997790826e-01,4.498510071019908851e-01,3.198223640926101674e-01,6.306042393553880077e-01,1.238926853147736679e-01,6.550234756002070169e-01,4.405210277349517756e-01,4.885261728891251432e-01,2.389099805679448241e-01,5.438325468273953467e-01,4.111591195888734673e-01,3.875980531509822802e-01,4.062431308399603314e-01,6.875268081909120532e-01,5.866827681173719666e-01,2.011607375869538528e-01,8.315325334158716331e-01,9.572853399052925205e-01,7.835035120397930708e-01,6.036546378047316086e-01,7.603469384828115407e-01,4.691360866575284838e-01,4.881806146107922628e-01,6.267248721237324016e-01,6.947985662360284254e-01,6.381165494399029248e-01,5.449009550631666032e-01,5.200289936481412856e-02,8.906372611607281664e-01,9.959854443406113145e-01,3.770855860121162251e-01,-1.415063601961209228e-01,9.093565660116188498e-01,4.720295470217115152e-01,5.934931212672368561e-01,3.170991219104361547e-01,4.010560186253409043e-01,5.083888636236347791e-01,6.005823173969665474e-01,9.398608460999847702e-01,4.943900415585457675e-01,8.694793796286218734e-01,7.772217680372899284e-01,4.360990214608922444e-01,3.734702162802170378e-01,7.266469139835497471e-01,3.827162876162820138e-01,3.073094110812446544e-01,2.693425620966272693e-01,3.652659158723603472e-02,5.745471921742260069e-01,5.851020250583968130e-01,5.623865530083457243e-01,1.423272003752046044e-01,2.070642078512011097e-01,7.264234643294528171e-01,6.951976131265324987e-01,4.677957764998771917e-01,5.935747292450002099e-01
1.249760408009607665e-01,3.250750428776564283e-01,8.567615669232957476e-01,5.817107966714720746e-01,7.519908659438319098e-01,-1.708035198382054365e-01,5.555229685596809741e-01,8.258746045769276289e-01,0.000000000000000000e+00,1.268726670753704544e-01,7.182672645377288223e-01,2.995872434562092401e-01,7.066615040550892068e-01,5.371642977518427120e-01,6.187934067132754290e-01,5.689880846668385894e-01,3.786675275050068734e-01,9.240413850386758332e-01,2.789911847812230339e-01,7.808997790213937362e-01,6.325882990970772557e-01,7.603697932374477997e-01,4.462277300806259395e-01,8.657281466503193856e-01,2.867751844326311139e-01,5.207799549401765926e-01,8.191948480631976448e-01,6.861666785939332103e-01,1.024094106805454873e-01,5.322375944074655418e-01,1.250539888490390661e-01,5.497298035538659144e-01,2.536034394620778620e-01,7.583765331353473638e-01,6.361428891043201528e-01,4.210732928100535677e-01,3.257338961779748798e-01,5.821239753205580403e-01,5.998869261695375377e-01,7.091358170753787604e-01,3.804277919887153470e-01,2.407777877270381450e-01,9.974338323705220777e-01,4.197505779932625414e-01,1.648719044995239080e-01,4.250788067130391035e-01,3.291802118088118512e-01,7.536624437531959098e-01,4.688451226045755038e-01,5.130566577769545278e-01,9.361228164978739885e-01,4.586977778422929308e-01,3.015277902287711864e-01,4.530695438172216982e-01,6.577413188289664703e-01,4.926521086923491000e-01,6.229978796282180653e-01,8.723747729831887732e-01,5.444068286756976738e-01,3.911296939201258649e-01,7.471466103178125984e-02,4.700200841967728804e-01,4.448924518294078978e-01,8.143875495972544565e-01,8.211262710135417420e-01,1.611615403355858012e-01,5.334657220337402084e-01,9.005008262695931576e-01,5.540367684601679166e-01,5.262024275748862223e-01,7.962731384175429916e-01,5.018236230724704150e-01,2.045982217558205973e-01,2.118502144760575079e-01,4.205279069332945596e-01,3.108825710158980571e-01,4.454027222244975048e-01,1.481816278488537475e-01,1.874965585384646971e-01,2.749573291901126759e-01,3.624956132317772584e-01,6.273091638808820925e-01,4.309770993190781829e-01,5.148994032701889045e-01,7.164670040245001426e-01
8.881433953755460964e-01,4.727725001722827836e-01,9.738303509168912964e-01,6.586809854948568743e-01,7.158760047471768306e-01,8.225847579682773469e-01,2.338971033604150818e-01,6.778857568258200850e-01,1.268726670753704544e-01,0.000000000000000000e+00,6.113925545527402194e-01,4.109967599359463097e-01,3.232786181452950158e-01,5.957779726423320099e-01,4.420977266608249190e-01,-8.730896802777643462e-02,6.854268836617916083e-01,6.262954028828465747e-01,4.284239206790070864e-01,4.845986056848997636e-01,2.911648155499315660e-01,9.062800198844519484e-01,6.149469367230483430e-01,8.226897867283730070e-01,3.898886158536118973e-01,7.187885481207801908e-01,7.053634695339043859e-01,3.298256829030119519e-01,7.031794999061637963e-01,5.111847289817279538e-01,5.903208427973403172e-01,4.404195560215311556e-01,7.543899005858997198e-01,7.887030397287726480e-01,9.545736886898341655e-01,4.372204658574846969e-01,1.746723042849596206e-03,7.288879919430046872e-01,8.135727033109462214e-01,7.389873203837286908e-02,4.879317945458777617e-01,7.858778443315247442e-01,3.593896627904703545e-01,6.622943836828580899e-01,6.389001865319252627e-01,6.654942781687710474e-01,3.372819856621503964e-01,5.098654353115060767e-01,6.029671324021351753e-01,9.624288076593128238e-01,4.414620905824488406e-01,2.893044754901653026e-01,4.031229630776562711e-01,6.548734378732211647e-01,9.267802168643740623e-01,9.335961675200454835e-01,6.586076345143785371e-01,2.492545581534911514e-01,7.005701485176090149e-01,5.735306214292706928e-01,1.669002222638540089e-01,5.361573392950270689e-01,2.960816624296804811e-01,7.631863901181629162e-01,8.670443878627502876e-01,4.684994172617663599e-01,4.172841398133567137e-01,9.803378466381269529e-01,4.502133102855757629e-01,5.611474812265432321e-01,8.652803077222999129e-01,6.415436341517298802e-01,2.665952739486593392e-01,3.295178121626136658e-01,5.560351366205144030e-01,8.704833016340328689e-01,7.658140656069670760e-01,2.786775454594358492e-01,5.011339558468852484e-01,4.518589753587864966e-01,1.693321901070484747e-01,9.371977425261741601e-01,6.109534122654993737e-01,2.199346222695940101e-01,7.813122517371342557e-01
7.042472130115243756e-01,4.633985188699172864e-01,8.276520550670573018e-01,5.232427785693469779e-01,6.359968298291861499e-01,7.977729928762824496e-01,2.377496347428223467e-01,7.946657184149937825e-01,7.182672645377288223e-01,6.113925545527402194e-01,0.000000000000000000e+00,9.603878747569766228e-01,7.666644860237104009e-01,7.559206667939379898e-01,6.100360515144594986e-01,8.732634633610355523e-01,3.120786643788142078e-01,4.757442472925819676e-01,5.869781238788027711e-01,9.997372268179948174e-01,8.680551799535933810e-01,6.601363812844442958e-01,6.253533447572812154e-01,7.800631036954481790e-01,3.670813025316612549e-02,3.701894036191971660e-01,7.129931776116100739e-01,5.195667879317202864e-01,4.764336256769071132e-01,7.395307586822265078e-01,5.991254203244796850e-01,4.571346736845051661e-01,4.710943510391434330e-01,7.903523701690282621e-01,4.164071582982431519e-01,3.507321296413672407e-01,2.317235474418393726e-01,4.786722292926988143e-01,8.741736973502528540e-01,4.579874389954340930e-01,7.678206236486737613e-01,5.158996811422343898e-01,7.241000957490046908e-01,4.409430505847184434e-01,2.175534399440171851e-01,4.900838356052280020e-01,3.057774486908965139e-01,5.992516484926769804e-01,7.719731317228171186e-01,7.516680707661219651e-01,5.053421529409186652e-01,9.305054839059976324e-01,9.324353201723643014e-01,8.352879225881055802e-01,7.690460776337790794e-01,7.336816380829991324e-01,2.657647157648851399e-01,1.588616417925934471e-02,8.624918021389808009e-01,5.067103678287384616e-01,3.000660479159995842e-02,3.927009314798109996e-01,6.806019149707058791e-01,7.726482975624127114e-01,8.579797974627680901e-01,1.273964339652157995e-01,7.120925855917877856e-01,9.257841957348594830e-01,3.278099828452089026e-01,6.135754498939177681e-01,7.458167756586102648e-01,6.279860635809507707e-01,4.344447873757332212e-01,4.075441364261654376e-01,5.584007295000433801e-01,8.338631268964133980e-01,5.153286704266956120e-01,9.524929266109001258e-01,5.877720298284798695e-01,5.167644205018884218e-01,4.120910162577323677e-01,8.355754738629330713e-01,2.624038258120500733e-01,6.653943554312002906e-01,5.272329619479746432e-01
6.096541536643577119e-01,7.498937385298435343e-01,2.992929622908929721e-01,9.138492322975331206e-01,6.369555017535408759e-01,5.216476666015983366e-01,8.726197730610370240e-02,6.325170700546738078e-02,2.995872434562092401e-01,4.109967599359463097e-01,9.603878747569766228e-01,0.000000000000000000e+00,5.542162310045199991e-01,8.385770863971091504e-01,7.120185552631023151e-01,-3.293731419824771911e-02,5.562499214054048569e-01,8.837433525884840213e-01,8.224053318347231967e-01,8.470256877964404962e-01,6.725460939129863647e-01,9.348397772372112335e-01,6.635443594003402890e-01,6.815435024831781874e-01,5.856967491507913959e-01,5.402630375175738742e-01,4.060686077796588078e-01,7.601402561605630215e-01,2.134109156491286741e-01,1.052506889633404545e-02,-1.343460121895356796e-02,7.776043533705958577e-01,7.908903549721960635e-01,5.061189330195280389e-01,4.766774813035951075e-01,4.636714372234729264e-01,2.318376521681527747e-01,4.148603202684260083e-01,9.755685575175170321e-01,8.741457519851612012e-01,2.355438286896824607e-01,5.184000325900406381e-01,6.296420798076677317e-01,4.705008046380395048e-01,8.847702358621278851e-01,6.133788883650446166e-01,5.708106821271647924e-01,5.555804386903838710e-01,6.998033185007249690e-01,4.218830200392251206e-01,2.787375139830434168e-01,8.311602965375722851e-01,7.672831308188712285e-01,7.658008334138362017e-01,4.560013073100961933e-01,6.178464349251087118e-01,1.521965657577940001e-01,9.193502227714012154e-01,8.045320500704820077e-01,4.122569182865702397e-01,8.887579857514174564e-02,4.994140719770408521e-01,4.864978269760140694e-01,4.585378073621595996e-01,1.872394776920562887e-01,6.182197081069347178e-01,5.564120836762829203e-01,8.000973928536750934e-01,1.641821426858610100e-01,7.138476595405441882e-01,8.042600184421557774e-01,2.812887374170421895e-01,9.000985132079098935e-03,1.119373200574087790e-01,6.888175707418213722e-01,2.262631925432465052e-01,5.695677387065329889e-01,7.377029198001091581e-01,8.876244155829962623e-02,1.876692480618446512e-01,8.812115599348313566e-01,5.304701813746593997e-01,9.779016716627073613e-01,3.389303913451734429e-01,5.858255051112136735e-01
4.989678157001754544e-01,7.907164094271817989e-01,9.384770963690896028e-01,9.385111880548138164e-01,7.883885238130514672e-01,5.093584626733439480e-01,3.292915388916589636e-01,7.999812496785337901e-01,7.066615040550892068e-01,3.232786181452950158e-01,7.666644860237104009e-01,5.542162310045199991e-01,0.000000000000000000e+00,7.084163502290674597e-01,7.528021222303692417e-01,9.041701732930811364e-01,6.405632107711489720e-01,6.385461080907496312e-01,6.791432088906880216e-01,8.340126111803923825e-01,2.541302480300525191e-01,7.116959495841048700e-01,1.438188094840160691e-01,3.433824068279496267e-01,7.641903884044873863e-01,5.477962053970055756e-01,7.502335691228477765e-01,2.806968192296881437e-01,7.911104487447352396e-01,2.428921652805480780e-01,-1.883136856519573854e-02,6.372285033816824651e-01,8.608517912093631708e-01,8.390838935195580328e-01,7.789480932706409622e-01,7.696989711018944469e-01,3.699949652763594443e-01,6.652306632266087316e-01,9.956442271050733872e-01,6.510087904932154723e-01,4.983590534239493719e-01,6.557028768251959017e-01,8.625717264466489231e-01,7.360361154173625797e-01,9.877340197727014770e-01,6.533685324278531992e-01,3.737909698000219105e-01,5.194118007398571546e-01,5.327696927027527618e-01,6.527414495074435052e-01,8.914717769325409824e-01,5.247102582033783547e-01,2.387983294084311259e-01,6.696841682438033905e-01,6.631296002459561301e-01,9.587011406626241294e-01,3.548330290569436801e-02,2.291380632611557944e-01,8.449858503170306623e-01,7.194264782361268207e-01,6.512728945436465633e-01,7.395591467242794703e-01,2.853922800327053366e-01,9.266532962248057448e-01,5.428236405813786636e-01,8.696780990512877896e-01,7.738243143103955557e-01,7.799234163318014001e-01,4.292464348231564419e-01,9.948493672728428994e-01,7.032136041803618287e-01,5.667341007747179749e-01,4.827636382318556962e-01,7.680503221331341779e-01,4.061998698248902029e-01,7.803322431707185869e-01,8.559440668921338702e-01,5.483915957073589587e-01,2.897802131509010781e-01,2.811002827247655045e-01,2.890524276682852611e-01,9.282362119945178902e-01,7.912533237856947954e-01,2.025740321945367906e-01,9.672002750882165989e-01
5.351374283200970305e-01,4.261578882219792530e-01,9.107786254142585802e-01,2.539280163239305832e-01,4.721917805210016361e-01,4.239692092569465331e-01,4.894979550625108700e-01,4.162786414523839684e-01,5.371642977518427120e-01,5.957779726423320099e-01,7.559206667939379898e-01,8.385770863971091504e-01,7.084163502290674597e-01,0.000000000000000000e+00,5.007388887382081544e-01,6.187335886034469601e-01,6.372844889413373792e-01,6.247709149529818706e-01,8.770225894077194884e-01,7.402184375098641578e-01,6.067498620118833008e-01,6.099015801025365890e-01,8.172388083066598474e-01,6.270930950979146656e-01,6.486149971740127196e-01,6.439481710287677796e-01,7.045395455514128491e-01,9.850090416816448258e-01,1.065704026046664643e-01,3.121674755052793460e-01,7.540249659730218212e-01,3.217686675777620686e-01,5.039108640281011464e-01,4.475849301317713635e-01,6.104303992528680167e-01,2.753832251890186988e-02,3.110060021841121181e-02,7.301829378776752977e-01,8.714759934871160185e-01,4.305826926156491180e-02,7.779948711728685851e-01,5.652778232325675889e-01,2.529322602942183917e-01,7.637040254962969010e-01,7.126825402785230690e-01,6.756074133472537158e-01,4.729083980010555521e-01,8.543618738365535981e-01,8.579885872016592696e-01,9.059589413266311286e-01,6.009425120167616319e-01,6.919776277009249688e-01,6.934049005227722606e-01,4.697741377528719120e-01,8.664678209312051127e-01,8.756362228767811118e-01,6.912402386565441592e-01,4.436841343668824211e-01,7.299588677886924559e-01,7.876575929456233194e-01,6.704243691382509862e-01,3.684045451265761661e-01,7.053359118818686158e-01,6.450137482189560734e-01,6.619527073169280129e-01,9.229387090537300997e-01,5.137475681437001507e-01,7.969800436809145738e-01,5.979857207250443007e-01,9.128700040382580205e-01,8.459645913826919772e-01,8.274253383034293474e-01,6.694235891504016767e-01,2.450781554976558252e-01,9.948769616134200966e-02,-1.610892313608184023e-01,1.349645754915037854e-01,7.576953490286724158e-01,3.096439984077692473e-03,7.969432973844758905e-01,7.997944845299590488e-01,9.818651278959918960e-01,4.323987885359380501e-01,6.549651961478404338e-01,9.318108082206747467e-01
6.212262063207986129e-01,2.639241204183814804e-01,2.429391491143426812e-02,7.709902590001043166e-01,4.679996756822120130e-01,3.196961747129561937e-01,2.763225326175411389e-01,5.094919614907184036e-01,6.187934067132754290e-01,4.420977266608249190e-01,6.100360515144594986e-01,7.120185552631023151e-01,7.528021222303692417e-01,5.007388887382081544e-01,0.000000000000000000e+00,6.382432712175473144e-01,7.904737762519449262e-01,7.871297898247067160e-01,4.650812161151549606e-01,9.179717497790379488e-01,6.107867819781168661e-01,8.998936973891250579e-01,5.512863371160718895e-01,5.701415962901865697e-01,1.176159447964068988e-01,2.044383969932559580e-02,3.751410488843623936e-01,3.342678038490014547e-01,2.982719603990100499e-01,3.491546087911076013e-01,-3.733942348909412567e-01,3.510824218814880826e-01,3.307392939290105804e-01,7.352747824829255485e-01,8.560302873590285022e-02,4.917509998859462272e-02,5.010162347315346709e-01,7.646077318448993854e-01,2.944930645012883708e-01,-1.950871827435684824e-01,2.343855157402581768e-01,4.432384429956409688e-01,9.605595962479807071e-01,6.928316952968297526e-01,8.394862786776084995e-01,9.054567105491111434e-01,3.316766282704676216e-01,6.301906426100778447e-01,6.161073026096504091e-01,2.271738318987485961e-01,7.135229167235175307e-01,2.221357439343432660e-01,1.320459493682015761e-01,5.032708339697121724e-01,8.250355058231694239e-01,4.188857832408520165e-01,2.167706482985409799e-02,9.028604525553730609e-01,2.674531673038687551e-01,3.748057235180944913e-01,4.519007331224784707e-01,-1.392177084505227536e-01,8.461110262851050390e-01,8.383329278493453218e-01,7.150317447276840488e-01,7.611748587548574640e-01,7.183711612600098828e-01,9.774380924847669849e-01,7.408795988779642849e-01,6.701041942635135307e-01,8.517738591736867537e-01,5.753305136952722165e-01,4.139160623925317029e-01,3.842234875205373656e-01,5.406377516753899659e-01,7.648662376716974798e-01,6.442618501785436491e-01,6.582984795470767647e-01,5.303082181412931417e-01,4.787606360453300347e-01,2.310557973338464577e-01,6.754660632693950673e-01,3.432382382127999731e-01,5.950213616290934704e-01,3.662764126292792355e-01
5.959953222347700308e-01,3.153186497515277353e-01,7.873787852711916502e-01,4.195393584884471450e-01,6.439365161929785364e-01,2.236769477102762971e-01,6.845543851553748116e-01,3.669162984749028134e-01,5.689880846668385894e-01,-8.730896802777643462e-02,8.732634633610355523e-01,-3.293731419824771911e-02,9.041701732930811364e-01,6.187335886034469601e-01,6.382432712175473144e-01,0.000000000000000000e+00,4.886145313721447225e-01,4.429513018571294980e-01,8.383386278526421265e-01,8.888430602362058508e-01,6.180955968133244882e-01,5.420623396203096966e-01,4.010913131828068301e-01,7.780412661574844790e-01,7.281021453306705249e-01,2.194806595934785665e-01,7.180837651438041203e-01,4.787767880426197498e-01,4.618695888311702413e-01,7.495346967087018752e-01,3.398031668553741502e-01,5.632860725730324258e-01,6.587998454022343520e-01,1.050655141613729138e-01,4.052438373236953995e-01,4.354280525683383862e-01,4.239066262255407613e-01,9.538326390372237062e-01,7.372928101141106305e-01,6.194885991519499813e-01,1.448619835416789792e-01,7.716100418368188052e-01,7.723556805702409545e-01,7.645013136196725512e-01,8.941605394966026799e-01,4.181222094731645855e-01,6.985748646707811149e-01,8.354643028526216320e-01,6.221338281961316108e-01,9.892710782777105472e-01,7.614137651410425311e-01,5.028470945186618302e-01,8.073620964189829330e-01,7.776392422219541301e-01,5.867015033696929560e-01,4.611988334449538263e-01,7.565492933953139598e-01,3.003985449875619107e-01,7.508629735589363863e-01,7.460434990876469996e-01,2.984965735731688885e-01,7.932780963456871337e-01,5.075438031761391189e-01,2.237389910757161746e-02,5.122954990369368300e-01,9.940112167638099905e-01,5.050427633266953986e-01,2.499618976978379981e-01,5.672603319515918674e-01,7.697946027117759105e-01,7.014441890917396671e-01,4.205805982607326299e-01,2.701187800857357546e-01,3.964450898251768995e-01,6.468236198450421082e-01,2.523035949738446360e-01,8.224661419715554311e-01,3.923049389268570275e-01,5.919131753800499496e-01,4.023864072616393228e-01,2.038612288460012745e-01,6.572776305263247076e-01,3.230933962137225168e-01,1.589284041628195310e-01,9.278520414361690616e-01
8.225335539843634525e-01,4.517074141648725338e-01,8.149120678310801669e-01,5.637407645811087775e-01,5.164355053163062204e-01,5.423400536530644800e-01,8.151611393539982542e-01,7.549217672353774056e-01,3.786675275050068734e-01,6.854268836617916083e-01,3.120786643788142078e-01,5.562499214054048569e-01,6.405632107711489720e-01,6.372844889413373792e-01,7.904737762519449262e-01,4.886145313721447225e-01,0.000000000000000000e+00,6.893211056641411760e-01,5.612490218754953020e-01,6.446040880237345894e-01,8.991163516793215793e-02,6.764018541528453721e-01,6.826451845238239446e-01,4.207166353572236450e-01,4.812161564858318252e-01,9.010178097819654397e-01,9.161418440012100151e-01,4.513264882232365660e-01,7.544881780154272244e-01,3.497544655719029422e-02,5.755107738888427527e-01,4.631296901656398179e-01,5.914462817799481797e-01,6.129268999658126216e-01,9.190497559721831911e-01,1.259686573687576749e-01,-1.349658034205146462e-01,7.698139208402069444e-01,3.098535609022397552e-01,1.718133692444806515e-01,5.878746008470037143e-01,7.988790863537329479e-01,7.197345773354403287e-01,7.054153923323361886e-01,9.970166696324860300e-01,6.967853195953622736e-01,7.163351886601749818e-01,5.849248442592002162e-01,2.300427662361765879e-01,8.506930243045980333e-01,5.576906010191623464e-01,7.164160391703073838e-01,7.955881271722580195e-01,5.821867778741894872e-01,2.924799709842070272e-01,2.633832647879321698e-01,5.821112739894056531e-01,5.037376217174988069e-01,7.600371369461511595e-02,2.666151222421278000e-01,1.462156519612475281e-01,8.539604923550854210e-01,4.167455852960570972e-01,2.835214672597275998e-01,8.316282733734671195e-01,7.145330409649872649e-01,9.864403342626124616e-01,4.284246644881615218e-01,4.535240614800912229e-01,8.642068141673114878e-01,9.952727986285394568e-01,5.766687587503320778e-01,6.915969562637336310e-01,3.991926749304775535e-01,7.529537019951763055e-01,9.177259640351794756e-01,7.997419354601128516e-01,6.577443575443646662e-01,3.073535712454920216e-02,5.070622370766875164e-02,6.364284829249108322e-01,6.485508914346285181e-01,7.130901679012305872e-01,5.789620668735223630e-01,9.878277410949927173e-01
6.860493953197283057e-01,4.314403083823725171e-01,7.118299314430258651e-01,9.102428923677339245e-01,7.962590572931725896e-01,9.363856057046605619e-01,1.195387462940760148e-01,4.883268525077852917e-01,9.240413850386758332e-01,6.262954028828465747e-01,4.757442472925819676e-01,8.837433525884840213e-01,6.385461080907496312e-01,6.247709149529818706e-01,7.871297898247067160e-01,4.429513018571294980e-01,6.893211056641411760e-01,0.000000000000000000e+00,8.013837421027587560e-01,7.079203626842403008e-01,9.684290173358354181e-01,7.343682057595861679e-01,2.583040779053458191e-01,8.645862507186254931e-01,3.623068855758792006e-01,4.719996532448726967e-01,8.953170520865971760e-01,5.086904314026546858e-01,5.888597098456014312e-01,3.359904251709702194e-01,5.670184005542855399e-01,7.926212709752931129e-01,5.029740369877961914e-01,6.796732278520618564e-01,2.121255752783565984e-01,5.139229693966484991e-01,5.863574010045534690e-01,8.737751083438429767e-01,6.231660312352567122e-01,6.789831194829338834e-01,1.280255804978648881e-01,3.590879816056063989e-01,7.812289158320385729e-01,7.825219900955867613e-01,9.141060303622726702e-01,3.195423667691266734e-01,6.455892228967752278e-01,7.120346415195718537e-01,9.366439871714181409e-02,3.949475966326769782e-01,5.475516042386779914e-01,6.338908779696663665e-01,4.241140895495312257e-01,9.641015123773709616e-01,8.345991128216603272e-01,6.559798383818501444e-01,2.094766497275717954e-01,5.985679871343414504e-01,7.219788211697281133e-01,3.194302739304200611e-01,2.171993505245368994e-01,5.021954463114334244e-01,6.778515942525055182e-01,9.395274983559485094e-01,4.099048802724950535e-01,6.893820600248310448e-01,5.588092397517685495e-01,8.841598163136357158e-01,4.738408528694459942e-01,6.718058280483236722e-01,8.640504754976554569e-01,4.332651117726387668e-01,2.051473659666620264e-01,3.669093178721587467e-01,4.842187889306705517e-01,4.199453902767482649e-01,2.043532995188141743e-01,5.921582920674122175e-01,4.031334918221983199e-01,2.113819909426467858e-01,5.817725569422063092e-01,8.757094809355053799e-01,7.115177247039691233e-01,7.587053242465566782e-01,4.639024142388136207e-01
