0.000000000000000000e+00,9.815498247107922181e-01,9.595365321165683081e-01,9.720522511384812603e-01,9.643936837231794623e-01,7.493783726501543896e-01,5.438064486262602637e-01,7.944039561637715741e-01,9.559402929342484256e-01,6.289740619617782968e-01,4.941775892163364770e-01,9.331428768985704503e-01,9.295078255521114219e-01,3.731506293366896321e-01,8.337538178186980620e-01,9.766163707316988241e-01,6.806313159427646031e-01,2.761285457687868705e-01,6.268387180547679849e-01,9.355808553524754823e-01,4.941771824071213848e-01,7.620825460148024089e-01,9.928956010654558240e-01,8.189516013100505143e-01,6.418942689191995399e-01,5.049964584669294210e-01,9.271548098132864624e-01,7.529943908126097707e-01,4.445785040542056810e-01,-1.799927538011129313e-01,3.799522987602863000e-01,2.022093228152097022e-01,8.901142382158355737e-01,7.443277230182920867e-01,8.302982739781621380e-01,3.069988860568226841e-01,5.893563512920264591e-01,6.106225381980669997e-01,9.441224476260456910e-01,6.560921573954260344e-01,4.975808185160296437e-01,9.758540713887893236e-01,6.841781136817511877e-01,7.489791794873498221e-01,5.701857183894347703e-01,6.846924128752275296e-01,6.628162235814014647e-01,8.435735429411226338e-01,9.427849185440446700e-01,7.294109499414221931e-01,2.670090675200049724e-01,5.159443513738020126e-01,8.110372918349868510e-01,9.167375028157789263e-01,6.487475531527112649e-01,7.159351005018986802e-01,2.238976496140870354e-01,3.524829458318662345e-01,5.634765881057682835e-01,1.758405170898405256e-01,4.793584941303283276e-01,7.233848788122995144e-01,4.087879034011695500e-01,9.314095372842136067e-01,9.908138417070913029e-01,7.461203117781683991e-01,7.954298252161351446e-01,4.113106220522447787e-01,8.655641031554794917e-01,9.460061395326773148e-01,7.319061338156163110e-01,7.530606290653264479e-01,5.336293113045719183e-01,6.009951531828110483e-01,9.967109465911904165e-01,6.161117399742613854e-01,8.592962457571583501e-01,7.880412261286307007e-01,3.778960302032415841e-01,5.502625704237578130e-01,8.730915500756474268e-01,7.868251531997302317e-01,8.618198531056201483e-01,7.204196215999177921e-01,4.990734928105381996e-01
9.815498247107922181e-01,0.000000000000000000e+00,3.132733309930793020e-01,8.845557844449013496e-01,-1.583286531930606089e-01,4.860973063334304567e-01,4.549203047005343503e-01,6.097188511220466012e-01,2.993946878658552135e-01,6.647743851229284129e-01,9.840569941190235870e-01,4.144763157965658529e-01,6.866595561801279723e-01,7.208583118130973411e-01,3.783872970219034348e-01,9.207137885682231682e-01,3.281153506472921366e-01,6.142027602676405351e-01,9.157263144059070159e-01,4.060125862762199445e-01,6.871027520690903279e-01,7.870321462466334239e-01,7.699470630074671806e-01,8.756213179382643652e-01,4.853157349400671894e-01,9.652821042984248701e-01,7.968703034667720120e-01,6.392684746103955984e-01,5.179945967580124044e-01,5.903152128165933821e-01,5.794131997245535182e-01,7.198466331359231196e-01,5.048102558353245728e-01,3.984322303405336552e-01,3.390401430190460585e-01,3.032920257031425093e-01,4.914887777823108150e-01,6.167111542554897241e-01,7.829446709913483460e-01,6.763704554790437307e-01,2.977729409359380353e-01,9.219176797943334778e-01,9.496901046041348327e-01,7.558465255310959918e-01,9.578390507033344159e-01,2.395444675552487745e-01,6.537115865868436959e-01,4.344375454811278958e-01,7.699896246555452128e-01,2.767260233665525537e-01,1.542804314984412839e-01,7.402984618128361470e-03,6.829349224129729334e-01,4.312617739361633284e-01,7.340339785051779309e-01,7.990122212525341272e-01,6.630496097755288476e-01,5.545667643661440493e-01,7.275856775315581171e-01,5.475926449265081652e-01,5.572196171811250043e-01,5.040945086169851264e-01,4.960167253924176456e-01,2.865032980740218616e-01,5.528284709956281517e-01,3.579847465045812305e-01,5.500116205951856019e-01,4.752982466726791144e-01,6.954431006978568641e-01,8.198100126979248614e-01,6.876104959207559597e-01,2.839094879338047717e-01,4.432631597259038131e-02,5.602169822864366822e-01,1.969399388192475953e-01,8.125032739557903616e-01,5.157431064927952002e-01,6.847590031758969964e-01,9.608246236682090047e-02,2.656287187251253901e-01,4.329131363312812564e-01,7.779584666613272859e-01,5.975370111515184712e-01,2.393427692564146225e-01,6.836000292508161991e-01
9.595365321165683081e-01,3.132733309930793020e-01,0.000000000000000000e+00,8.973261693041811871e-01,9.010096746471076834e-01,6.052501228430342550e-01,7.372025262267111190e-01,7.058830745617412639e-01,6.720095903939153903e-01,6.370361021663929479e-01,7.702445137326515701e-01,5.292233860416941660e-01,7.810995028931843054e-01,3.837012154854015367e-01,5.108196636295827542e-01,7.814591043856504715e-01,9.416577805318013805e-01,9.380504854623750166e-01,9.659450987693776192e-01,8.049821793062258424e-01,7.992548386025444263e-01,3.173890609663314044e-01,9.068394203815267618e-01,6.601235061113313041e-01,6.809426826092260798e-01,7.410978256623464988e-01,9.197997190630696762e-01,3.998309420081320731e-01,1.958695792732711993e-01,7.442613734339842413e-01,2.705796197819649862e-01,7.409929656106259976e-01,8.712940812984453220e-01,4.398890113335974239e-01,6.857177184953118232e-01,5.361796523516801916e-01,6.005647005213490264e-01,6.801666721439345586e-01,5.748180645031609748e-01,9.749550291877016051e-01,9.641197167216482011e-01,6.207802177827193013e-01,7.415218820953091150e-01,4.311986595552518842e-01,6.175646998648046671e-01,3.346372204930280758e-01,8.944805695208497553e-01,6.314204206223449356e-01,8.035891604001073052e-01,4.824608332194072480e-01,8.401061686026745079e-01,7.781058084853245127e-01,7.125597680533943823e-01,6.101350618688747840e-01,5.656209819664264060e-01,8.973662754595027602e-01,3.335403049399750519e-01,9.246272296519294498e-01,9.218243883529342320e-01,2.725198047325050332e-02,2.984819054129677143e-02,8.117569644483468849e-01,6.724836357585762814e-01,8.235873908603265070e-01,5.158264170580355579e-01,7.316859324707922774e-01,8.710549975894399388e-01,5.742883891855943279e-01,9.834172333212658490e-01,8.366269963055438241e-01,-1.714871950736487349e-01,7.449808959196482228e-01,2.297789233008309950e-01,3.134293264041229099e-01,9.251680668077256753e-01,5.108103147603852978e-01,9.437909513649623827e-01,6.363397585268594225e-01,5.275785498174556665e-01,4.283561464139622466e-01,7.090366370523393247e-01,4.764061855619525776e-01,9.925592463501002882e-01,6.629409727718407197e-01,9.527210837769815033e-01
9.720522511384812603e-01,8.845557844449013496e-01,8.973261693041811871e-01,0.000000000000000000e+00,8.039555555179569435e-01,8.598525717071470176e-01,2.698115822856096968e-01,7.906636780429986411e-01,7.497802766105030603e-01,3.519230877602450569e-01,5.523649824008212139e-01,6.111809888743624519e-01,6.581988450652564993e-01,3.620490240337144172e-01,6.520686117313932995e-01,4.080855451487806485e-01,8.392008144227373068e-01,9.328970560068670093e-01,6.853359946904213906e-01,8.917793961798935465e-01,4.573725313904213330e-01,6.365897120714552049e-01,7.023777497358838495e-01,8.190076138186695998e-01,4.806639609265498381e-01,7.722459425924834697e-01,8.877603180550610595e-01,5.953382929483724828e-01,-1.942383663127673632e-01,4.404326770731732954e-01,5.393704543154734798e-01,8.428566612263026503e-01,8.600910301015005643e-01,9.003100726920049146e-01,4.976018598896432277e-01,5.832972841114199003e-01,2.627487394441198054e-01,4.166550138914018042e-01,6.362875735300859148e-01,7.199775208809455762e-01,6.092961538100878371e-01,7.663389657980794745e-01,4.299117010802293581e-01,4.825922795889041605e-01,7.944374204755426661e-01,7.585571136999720299e-01,7.037477494440246284e-01,8.370655500852461905e-01,4.846164512477234565e-01,7.540442942215394018e-01,9.785576103673506720e-01,2.425721937633771863e-01,9.951735153204726014e-01,5.282441683065517424e-01,9.214346900426033660e-01,6.840600529421817511e-01,9.343563069103195673e-01,6.854781828286375944e-01,8.706564282498203688e-01,2.669671453672431971e-01,3.953338293156493100e-01,6.055996756120156643e-01,2.647011602974843059e-01,7.407666285560586816e-01,7.279408902091010214e-01,2.155213796389151559e-01,2.257735134880643479e-01,5.576291490286144903e-01,6.834759004335233534e-01,5.043142903371886643e-01,5.936876414692642268e-01,4.547619112117801676e-01,7.493694910964979750e-01,5.639039277636048730e-01,7.519142707653434510e-01,5.999031461010945199e-01,3.737309285011874982e-01,9.000215354761004205e-02,5.631390869462710169e-01,5.921692763624224476e-01,3.098652432859233530e-01,7.206650505595023626e-01,7.537725336076764870e-01,4.230029865888871310e-01,7.484289026162099789e-01
9.643936837231794623e-01,-1.583286531930606089e-01,9.010096746471076834e-01,8.039555555179569435e-01,0.000000000000000000e+00,6.710599821737891491e-01,3.049574360756607261e-01,3.711363900540600724e-01,3.248573391564209545e-01,7.238112136048762135e-01,7.294059128944623271e-01,6.195106899622645491e-01,5.366722655359916772e-01,9.785133967090126061e-01,9.884955577942148297e-01,8.464169794329863272e-01,4.083168068892470970e-01,8.720793736966623300e-01,8.909666997740105510e-01,7.187612711492619155e-01,9.339089703974159384e-01,8.562450611807249645e-01,7.434223335279325218e-01,9.770788819392379754e-01,3.948460635081466052e-02,3.028454369835235083e-01,7.163496564629222574e-01,6.150992556782862719e-01,5.749798982162586114e-01,5.706406278962362633e-01,1.128839055280951159e-01,2.242637360374250266e-01,4.487542873145485278e-01,2.250300019086464154e-01,4.104249591120263663e-01,7.352459537622717534e-01,1.180655856389452134e-02,5.358228751025173597e-01,9.913319000350535593e-01,4.827044007419163951e-01,6.739360378013999897e-01,3.632439657607478001e-01,8.045952708011497867e-01,5.601362399783311741e-01,2.075919189342789184e-01,1.346453516660600092e-01,5.377687516795691680e-01,7.253485116701061663e-01,1.327866314700365535e-02,2.924040538217489438e-01,3.757960331948180244e-01,5.621942556826237114e-01,6.869008501430631242e-01,4.668223745823156245e-01,8.180344156682097800e-01,4.768956389621366032e-01,8.212863228516318337e-01,8.790636476805954169e-01,6.456270670674935097e-01,3.094483097613893174e-01,4.684596975083810677e-01,5.719990517010176134e-02,7.448750193824698052e-01,8.611877465363084738e-01,9.568974004470549577e-01,7.143506615186914210e-01,9.438407457002537804e-01,9.165525692798226487e-01,6.994182288576140660e-01,1.828003751001999744e-01,4.324347526734182989e-01,5.738211250667000218e-01,3.947698020778106498e-01,2.979604395962511809e-01,2.819719643219297800e-01,5.637879790132465097e-01,4.093767980072050561e-01,7.052735167666198679e-01,5.732272137599969675e-01,1.671193655942812828e-01,7.001173730829052255e-01,6.073638261604232813e-01,8.793319847917174803e-01,2.403696360411754496e-01,3.848216087289485499e-01
7.493783726501543896e-01,4.860973063334304567e-01,6.052501228430342550e-01,8.598525717071470176e-01,6.710599821737891491e-01,0.000000000000000000e+00,5.592238052563734962e-01,2.731826630545980961e-01,6.815723685348246130e-01,4.046354691525489988e-01,7.420528341762849811e-01,-2.740389050900915446e-02,6.214588184620861711e-01,1.256172430198639334e-01,5.395157453663115277e-01,2.550054644289849737e-01,4.353076034795475557e-01,4.319710024894221068e-01,4.995715498712618441e-01,7.871404755975559553e-01,7.099408432901829213e-01,7.615686052442116605e-01,6.501366691253256391e-01,7.156820239024286323e-01,7.142124249955683624e-01,7.863033011464898303e-01,3.473554572173332966e-01,4.647612350403454995e-01,2.174523147854363070e-01,1.560389659513677363e-01,2.239114940360993067e-01,3.585033384348965679e-01,7.945289508646313781e-01,8.720121854346100099e-01,5.332513148823305738e-01,2.867370941613539559e-01,3.368356909297105517e-01,6.070667911391673943e-01,9.856079771049131022e-01,3.586075018930596214e-01,5.463701328263506074e-01,5.059878248514602106e-01,9.422470195112370162e-01,7.657825652946457229e-01,8.011743912832930414e-01,6.398630385689585420e-01,2.411627997092501974e-01,9.211872531090161687e-01,7.849951040988341067e-01,4.048467760241365454e-01,4.782229249766241086e-01,5.407158479653426664e-01,5.474764464707559952e-02,4.738245331505534508e-01,9.884191135865094680e-01,7.889303908017608613e-01,5.765751663383366088e-01,9.839578913668894922e-01,1.191055500269016243e-01,2.248327891549147250e-01,3.560336829750079257e-01,2.712643401831656975e-01,4.797494149408480513e-01,5.653012049657427651e-01,6.485894364823560077e-01,5.307311646613425138e-01,2.924190664017238817e-01,7.753993566690378092e-01,4.410687880141800910e-01,6.191993432228909411e-01,9.477188865926182704e-01,6.234518467861220881e-01,2.617859555660176918e-01,3.720452907674912657e-01,4.106725853222596978e-01,8.184774958538117984e-01,3.376651220554224286e-01,7.804794994094538252e-01,3.443871946901757575e-01,3.240969208390636069e-01,3.761080751246830695e-02,3.400427301445584360e-01,2.357289197532515534e-01,3.608277549335956458e-01,2.285908647490558498e-01
5.438064486262602637e-01,4.549203047005343503e-01,7.372025262267111190e-01,2.698115822856096968e-01,3.049574360756607261e-01,5.592238052563734962e-01,0.000000000000000000e+00,5.293870805831502047e-01,7.479495823008972533e-01,4.635252642688379998e-01,6.285211430225916551e-01,5.402093040624642573e-01,6.333804650814576220e-01,3.666933944648095300e-01,5.271786221371877086e-03,5.151494047674257670e-01,8.856402036587947002e-01,4.089106147299162441e-01,4.872430396609674919e-01,9.358155679749126099e-01,7.861686662630033018e-01,5.684638925498707307e-01,-1.955570838381918142e-01,5.388431235311936796e-01,4.853090767349778067e-01,6.857615770789712295e-01,4.892127910339015839e-01,6.168799926541948531e-02,2.043565288406018476e-01,3.960009338142279622e-01,4.420945534944742961e-01,6.242798958395533448e-01,4.608952241262569416e-01,4.947173151495011245e-01,6.497016078200898992e-01,2.326560874221826336e-01,4.177551529098097460e-01,7.030044238565185122e-01,9.665904672366640860e-01,1.969414759903364009e-01,5.429794642292529172e-01,6.537328947567078163e-01,4.309193298025908447e-01,7.045041020102155160e-01,7.520492096500368540e-01,7.798426935056065323e-01,6.695202060308049763e-01,2.956614697597197972e-01,3.669241153193495419e-01,5.360735112338572694e-01,3.529319480666776032e-01,4.139159238172619437e-01,4.514368632566105877e-01,3.642660695466611864e-01,6.700663975290386265e-01,3.253416296895764726e-01,7.206706107716949194e-01,6.416790152037270545e-01,6.851291796841876280e-01,1.984727280378477676e-01,6.243845929893917512e-01,4.926187113974917486e-01,6.064709598389144141e-01,4.589871326163047494e-01,4.614312293964119016e-01,-2.726973531969447695e-01,4.684904420124076374e-01,9.559688968463129211e-01,4.198901331034991524e-01,9.304428293288408147e-01,3.674832330971113947e-01,4.086114091325245834e-01,-2.088489560375494936e-02,5.929583870933979872e-01,4.496411194458430072e-01,8.153334976368330211e-02,5.513597581860033570e-01,4.845902003416576176e-01,5.264351076999361778e-01,7.880828031327895555e-01,4.618468068308948515e-01,7.273485784174016366e-01,5.357747900219966830e-01,4.173839621470236683e-01,1.828268035115473145e-01
7.944039561637715741e-01,6.097188511220466012e-01,7.058830745617412639e-01,7.906636780429986411e-01,3.711363900540600724e-01,2.731826630545980961e-01,5.293870805831502047e-01,0.000000000000000000e+00,3.908719748011458828e-01,8.828312468323623596e-01,6.293354108127544588e-01,2.104300853262580095e-01,4.081091648564828533e-01,7.993765069537508428e-01,5.555284009068386375e-01,7.699261975206500574e-01,7.414679837111826100e-01,7.856063076040218363e-01,7.576468272287008032e-01,7.642213081576042510e-01,3.802258268482288095e-01,5.674173646270018745e-01,4.496561876041523798e-01,8.310429679213561238e-01,5.815803413689424328e-02,7.335277158747792736e-01,1.866996734482686271e-01,9.327601542282422109e-01,1.666542822503229715e-01,9.722294861159307133e-02,5.134821548468532226e-01,4.826183968791512569e-01,2.510197402337878136e-01,6.875979417885880185e-01,3.815966800295864658e-01,2.079332933400175887e-01,5.384226025414020622e-01,6.506559532155591352e-01,4.472845601209800570e-01,7.668170203530896289e-01,7.365807597258134942e-01,5.284127029888154858e-01,7.799691929730975248e-01,4.117080606805111342e-01,9.367292139141881746e-01,2.650610523373015393e-01,2.904746682601164753e-01,-1.407659729522824643e-01,3.592459996097552288e-02,5.772803612152426211e-01,3.054165597357045292e-01,7.437376131430963877e-01,1.025364434989794876e-01,5.074635409984150636e-01,7.005970608254147303e-01,6.996049500712199221e-01,6.449922288242639912e-01,6.129691727010599944e-01,7.060218036696549460e-01,9.035059244209736606e-02,5.866712663225907010e-01,-1.964540760230857885e-01,4.335180191498900215e-01,4.444091021286715737e-01,4.451930587999309297e-01,7.408959029986481593e-01,6.111083248842412718e-01,5.377899445131495426e-01,6.376231556355366203e-01,9.462101196021046601e-01,6.579664570381885680e-01,6.196666969173976469e-02,1.371820108743368738e-01,1.021086618051356698e-01,6.071968094374389224e-01,4.157189035275601352e-01,6.131229247781674330e-01,2.202548149478175399e-01,1.090316149500731441e-01,2.159280233727448595e-01,5.616198004187462622e-01,9.576248505680755585e-01,7.921347370409554944e-01,7.661002464624027120e-01,7.632863812065585618e-01
9.559402929342484256e-01,2.993946878658552135e-01,6.720095903939153903e-01,7.497802766105030603e-01,3.248573391564209545e-01,6.815723685348246130e-01,7.479495823008972533e-01,3.908719748011458828e-01,0.000000000000000000e+00,3.282352483673006693e-01,-7.102441104087775514e-02,2.341772516172207774e-01,2.895017343812289479e-01,4.668256730838084567e-01,7.831855446185849168e-01,7.148436958995755264e-01,9.891509459739619148e-01,5.139416678205119826e-01,9.436842427947014222e-01,3.310079599245056015e-01,3.931336911659558675e-01,7.549687402049352070e-01,2.720131427414905767e-01,6.499811596519783352e-01,5.165865040430538402e-01,6.707533470910855833e-01,6.592872045315605334e-01,4.615319026612215714e-01,1.955560930909229778e-01,2.288625035208928515e-01,2.220934360288237541e-01,6.912424089480715406e-01,5.033542519765983325e-01,6.989675186273893726e-01,3.337413239554145594e-01,6.693610071973581377e-01,4.911871858302899740e-01,6.690722363836799635e-01,4.669434292627466787e-01,6.389777785444039626e-01,4.285643220973976986e-01,2.187960976364290433e-01,2.337666576647629557e-01,4.852731349395773552e-01,5.041705525512643060e-01,9.439354169196854105e-01,2.627139950251772826e-01,6.427880074778286046e-01,5.467358253477663244e-01,4.727976716624883169e-01,8.036907023254127314e-01,9.471719073027140556e-01,3.998902171217674772e-01,4.754858109527599352e-01,9.086529686295763408e-01,7.772124275617622313e-01,6.870578470746933064e-01,8.215827369566588434e-01,6.534430239778351579e-01,2.697936562439900432e-01,5.416109126229078363e-01,7.055040519941089272e-01,3.897717677488592436e-01,7.192407075585043330e-01,5.365026769968641585e-01,6.858198617796935626e-01,5.442780169144428859e-01,9.161636241615266352e-01,1.903275372547097444e-01,5.720542933754325654e-01,7.756738724848749600e-01,5.025892310676892683e-01,2.169437767169020148e-01,6.665443346487984755e-01,2.664565020194835099e-01,3.699782034778422157e-01,6.037787941281992365e-01,2.469000163997997765e-01,7.006036334558186640e-01,5.232035732921083149e-01,7.699935808684258420e-01,9.609261864095504091e-01,1.184833046919585575e-01,5.546712350644777967e-02,4.260507459809170783e-01
6.289740619617782968e-01,6.647743851229284129e-01,6.370361021663929479e-01,3.519230877602450569e-01,7.238112136048762135e-01,4.046354691525489988e-01,4.635252642688379998e-01,8.828312468323623596e-01,3.282352483673006693e-01,0.000000000000000000e+00,5.628793831692413541e-01,5.826635638033643705e-01,5.726037148017707468e-01,4.425932534473298596e-01,4.303656129807422182e-01,7.713488748870733769e-01,4.723888477443902723e-01,4.335396188487709579e-01,3.347982177315862451e-01,9.913622907749912727e-01,5.162867008884296505e-01,4.576412283560003513e-01,7.494899358122926181e-01,8.223804764000695045e-01,1.041719431342729846e-01,-1.059778288872027241e-01,5.307419676122360208e-01,9.843122005977432698e-01,1.729156622836735269e-01,2.563989709887031787e-01,2.927194075233273129e-01,2.552476263723239547e-01,6.591256017035784787e-02,6.732190025890966156e-01,6.830264146837724537e-01,2.583970458303028739e-01,4.239327226920192593e-01,2.291835766763851978e-01,6.613353433093857037e-01,9.972638684487502569e-01,2.107417228269935217e-01,2.167933851057377848e-01,7.725914056381422146e-01,7.323742687246553862e-01,7.965994181188997825e-01,3.107336404194402379e-01,4.761582045221409709e-01,9.911162527244601339e-01,6.229928231932247984e-01,4.092992841312831920e-01,9.316288969471964165e-01,2.627925111747244080e-01,6.606844531774672680e-01,7.553619762997582088e-01,4.039901207765457247e-01,4.321453900158902517e-01,4.841482460860733195e-01,4.496619466460363701e-01,6.211583593597368447e-01,-1.454170963567392727e-01,6.925964651600193811e-01,3.316010607667452814e-01,6.128214621650565075e-01,9.593426154829173269e-01,6.413256609372112171e-01,2.526697541158569593e-01,6.144675970192033931e-01,7.156932816335708214e-01,3.156521941821244237e-02,4.836817121901927918e-01,7.638027078252405122e-01,5.853456823295846156e-01,2.265201536342150990e-01,3.225393290359984122e-01,2.169994571254862947e-01,7.375546205565111091e-01,7.809495739515497359e-01,6.313023740882943713e-01,6.963277061655344102e-01,5.864325730234484224e-01,5.338916434541246536e-01,6.134264146177176302e-01,8.590115802040755311e-01,7.233464367552050467e-01,8.906947965681968338e-01
4.941775892163364770e-01,9.840569941190235870e-01,7.702445137326515701e-01,5.523649824008212139e-01,7.294059128944623271e-01,7.420528341762849811e-01,6.285211430225916551e-01,6.293354108127544588e-01,-7.102441104087775514e-02,5.628793831692413541e-01,0.000000000000000000e+00,7.267516994871716651e-01,1.978393112771841336e-02,4.148690427625267851e-02,1.479573885560736546e-02,6.074218947096137189e-01,5.142382994815414277e-01,9.785112377584803678e-01,4.785249295929756563e-01,6.548073937530867195e-01,9.975978578568557298e-01,4.060720047190646831e-01,5.594663033633138216e-01,9.782089410304368737e-01,3.461876943042432320e-01,7.204446780779087955e-01,5.519732803404848731e-01,4.006681433513732404e-01,3.369403902514278570e-01,7.301524827704970466e-01,-1.461060236300249504e-01,9.867294289338582880e-01,7.780235797025699673e-01,7.464390760068989605e-01,7.626195183254719234e-01,5.395146737503841994e-01,2.085591227556742033e-01,2.352276870680070631e-01,8.341934912871279417e-01,4.928960012287010306e-01,7.651617959706138450e-01,6.227546175069600398e-01,5.468887449661598010e-01,9.128099703542927879e-01,7.519685540237275312e-01,2.107692126376091712e-01,7.305169569159261078e-01,-6.051028761968935132e-02,6.608358804999518721e-02,4.600045936419976944e-01,9.146946117092320527e-01,3.398248825707768095e-01,4.598141120568571272e-01,7.477642200354257529e-01,7.971510447142426958e-01,8.457457264730297575e-02,7.853226428275601467e-01,3.283344694931847330e-01,5.428245864342668980e-01,2.456179981979211835e-02,3.248219103897279636e-01,3.378584657770651867e-01,7.650961721354448963e-01,8.381776528513349422e-01,8.675835706472619924e-01,5.377046239838081387e-01,5.089582482377885686e-01,8.624177796225055426e-01,2.581886417567944014e-01,7.907172573302909679e-01,7.226440440021458800e-01,5.524749867908217427e-01,1.976892890662694524e-01,4.451541318380706769e-01,5.645682030489298509e-01,9.441398715797515440e-01,1.384112091556385093e-01,7.451591185233008563e-01,1.697539613209630982e-01,5.753665880102823982e-01,5.526458719547421294e-01,8.370458542328975682e-01,4.868535838850868713e-01,2.757062223751571284e-01,6.097375254001081712e-01
9.331428768985704503e-01,4.144763157965658529e-01,5.292233860416941660e-01,6.111809888743624519e-01,6.195106899622645491e-01,-2.740389050900915446e-02,5.402093040624642573e-01,2.104300853262580095e-01,2.341772516172207774e-01,5.826635638033643705e-01,7.267516994871716651e-01,0.000000000000000000e+00,8.164223781723478623e-02,4.606671703979652310e-01,5.351372893149475285e-01,7.795951484395664544e-01,7.740112021690463973e-01,5.221650578874594828e-01,4.044961443240943089e-01,7.473738730245631512e-01,4.176145715969531436e-01,7.766438919508759087e-01,7.254256607514033561e-01,9.160901374801949659e-01,7.380429285281884244e-01,6.581024621693231103e-01,9.419692470046187038e-01,5.809769693474032826e-01,7.825083033037689706e-01,5.499514315928901720e-01,1.237388870230155535e-01,5.808467727820642024e-01,6.643105950333085818e-01,6.058386066804511971e-01,2.317667993433432660e-01,2.418296283875650821e-01,3.690913489588097951e-01,6.514989605800807215e-01,8.353378221244205371e-01,6.212111078637519990e-01,6.239706350087951270e-01,2.445302829157147140e-01,7.876173974391929011e-01,8.541164481058796110e-01,8.216959306953047770e-01,2.017859661378890723e-01,9.002642823624070756e-01,8.422423840076729284e-01,6.738805905783783468e-01,5.958418105363646466e-01,3.941572001350955867e-01,8.348297918456146771e-01,6.985545111171992394e-01,5.378785213029235734e-01,6.359736692344809539e-01,7.385519534871251013e-01,5.941730016317412488e-01,4.098656928612547934e-01,2.169124246624817287e-01,2.717685517856449073e-01,6.595446519140499841e-01,6.280749985888870457e-01,4.922749217694760704e-01,9.240358262703395331e-01,8.770106870603471272e-01,3.238761278543025313e-01,6.546037435229734580e-01,9.390584944878991314e-01,5.872632979193410652e-01,4.682877556936779762e-01,4.600731193591002244e-01,9.839546240421863654e-01,7.087384232951399188e-01,4.020207104065015580e-01,5.097841879591448189e-01,3.172834639093665698e-01,9.609623759329475323e-01,2.003925766879221526e-01,-1.211012992222124385e-01,-1.701682150225651557e-01,6.437716658192532693e-01,5.951398318500544793e-01,7.156502614533035711e-01,5.721648974993653880e-01,2.404356788000313050e-01
9.295078255521114219e-01,6.866595561801279723e-01,7.810995028931843054e-01,6.581988450652564993e-01,5.366722655359916772e-01,6.214588184620861711e-01,6.333804650814576220e-01,4.081091648564828533e-01,2.895017343812289479e-01,5.726037148017707468e-01,1.978393112771841336e-02,8.164223781723478623e-02,0.000000000000000000e+00,6.732671969101708953e-01,9.945498175099073412e-01,7.909904442326268770e-01,6.650167010456349281e-01,6.692611918766894208e-01,7.442495397011923419e-01,8.721909045972326968e-01,6.500468814188209432e-01,4.605429996350200450e-01,4.629740261603885187e-01,4.845565608522068857e-01,1.213338335324440770e-01,7.646893050785655843e-01,7.482278712775749518e-01,4.493887215958802250e-01,5.350205720318085278e-01,5.789784581173871292e-01,3.642206659344467967e-01,6.169665587449246758e-01,8.831205816960849830e-01,8.542935466074738082e-01,6.092817919275983485e-01,7.466989226864194640e-01,3.229264068042554947e-01,8.855383608650273519e-01,1.817294303406370715e-01,7.373974467022348378e-01,4.858401677441684940e-01,3.731258204164932257e-01,8.253971661477274013e-01,7.393418513297833616e-01,6.149044644349770383e-01,6.153542069647773838e-01,6.389818216288429831e-01,5.308558790675710348e-01,8.726911988335107617e-01,9.471505730770364284e-01,3.437542658716388200e-01,7.064536170336251919e-01,6.595090521449833432e-01,7.329964100624374312e-01,8.913205473451178973e-01,4.324497480130675697e-01,3.193028120510644774e-01,7.162716260302878224e-01,7.288989376051575597e-01,2.485734489072841391e-01,5.394773056533427313e-01,6.954510397066110405e-01,7.132775629493999237e-01,4.366819012151148538e-01,5.540851157816664152e-01,6.383410144258078178e-01,4.656080602501670995e-01,6.102007934888503682e-01,7.882972905483129900e-01,1.990751418901161029e-01,7.676442101417073616e-01,7.771273925780037839e-01,7.740536085661808841e-01,4.233132012226382690e-01,8.029233310915068200e-01,7.725695644808915352e-01,4.374899453551905348e-01,6.471180791171229352e-01,2.970112364668326954e-01,2.873385688091448231e-01,6.728516513664118959e-01,9.003738531730972605e-01,8.400169311275769157e-01,6.910474524069094848e-02,9.581155136467652822e-01
3.731506293366896321e-01,7.208583118130973411e-01,3.837012154854015367e-01,3.620490240337144172e-01,9.785133967090126061e-01,1.256172430198639334e-01,3.666933944648095300e-01,7.993765069537508428e-01,4.668256730838084567e-01,4.425932534473298596e-01,4.148690427625267851e-02,4.606671703979652310e-01,6.732671969101708953e-01,0.000000000000000000e+00,9.266331287449479648e-01,6.429434553153556831e-01,8.917014723549083755e-01,1.307807582761546517e-01,8.116454212499455423e-01,7.858954026783760982e-01,6.440953000030570363e-01,7.271371363373603236e-01,7.758800277037668502e-01,6.513019773934298762e-01,4.678504337838752525e-01,1.229942985855765614e-01,2.342664776522982717e-01,6.156676291249395527e-01,2.033700299166693870e-01,5.917591143208501547e-01,7.492465599639545060e-01,4.831275840242293396e-01,7.302449549075465951e-01,8.131305813871231303e-01,8.948822738461730264e-01,4.753080953662744967e-01,2.200362758733136748e-01,7.250311903042543360e-01,5.160801825391317932e-01,4.119785156348624300e-01,3.754074465393917315e-01,3.349903448308654275e-01,7.814063809098221736e-01,4.769282639314418315e-01,8.683772662731198411e-01,3.839743289514159497e-02,6.348619605102122643e-01,7.303143279460461157e-01,5.466795516868687699e-01,3.565949681916668612e-01,6.739765977402761843e-01,9.716358499675805671e-01,9.798040437205678410e-01,9.330527876964535006e-01,8.296541495489627716e-01,4.387372764766275246e-01,4.958895100966427827e-01,4.713563593608279811e-01,5.470850258590841397e-01,7.829239376777319404e-02,2.318421877064807124e-01,6.437168929485630464e-01,7.010605386096783187e-01,3.019433268298898909e-03,9.262938890296412708e-01,9.840231566891775028e-01,3.773174870795167335e-01,9.116711249837656794e-01,4.803836504963023835e-01,6.254738429842430225e-01,4.980864501974004988e-01,6.524793884666834076e-01,1.696574509742771950e-02,1.387697122020359330e-03,2.489613006643713947e-02,9.728489179507560092e-01,7.456764201430625683e-01,5.136405727068554805e-01,5.876031480008384600e-01,1.628860152557125573e-01,9.932590036828334856e-01,6.700814235776546557e-01,2.656941248172234316e-01,3.195661323341754678e-01,4.742464064169570337e-01
8.337538178186980620e-01,3.783872970219034348e-01,5.108196636295827542e-01,6.520686117313932995e-01,9.884955577942148297e-01,5.395157453663115277e-01,5.271786221371877086e-03,5.555284009068386375e-01,7.831855446185849168e-01,4.303656129807422182e-01,1.479573885560736546e-02,5.351372893149475285e-01,9.945498175099073412e-01,9.266331287449479648e-01,0.000000000000000000e+00,5.366529032819968847e-01,7.269351659439526880e-01,5.288290297248929850e-01,2.774457045997059113e-01,8.486222855588089198e-01,5.526959719880448763e-01,1.551415916345537660e-01,-1.168848845520062685e-01,8.226500721529608207e-01,3.819202494179040341e-01,4.408759524690622489e-01,7.846650626025681863e-01,3.212525183021567865e-01,3.236281399701803618e-01,-2.817825657279038332e-02,3.835724472797598095e-01,7.602732649235803830e-01,1.571913224140140952e-01,7.156097592118948469e-01,5.471763666876889864e-01,4.013227956420704068e-01,3.626321921204940235e-01,7.536017786169784127e-01,8.379116763734947293e-01,2.299521165857842386e-01,4.982884868915122278e-01,5.615075634282137296e-01,5.378155488240972115e-01,4.012853959443597462e-01,6.213606802867712720e-01,2.443862241762253529e-01,4.636838958703963787e-01,4.618475679057424399e-01,3.646138238280791644e-01,4.087373769017861314e-01,6.253667549436787709e-01,7.762665044392833558e-01,7.948223752794651986e-01,2.201082653799268374e-01,4.243152120352220447e-01,6.313603800973843772e-01,5.797146153156811366e-01,4.776093483652494864e-01,8.787350742652442204e-01,4.004266039169029900e-01,1.811736239882953958e-01,6.091814946504710004e-01,5.160219321769127232e-01,9.442105820736824695e-01,9.265639652502176693e-01,7.548274876850356030e-01,4.363512667747952434e-01,9.624777652442793041e-01,4.012460918437885105e-01,6.541873957024677555e-01,7.927834079957312152e-01,5.400906880803008070e-01,2.604248484850147927e-01,2.087707326452120371e-01,6.659818280904432342e-02,2.381585614572494236e-01,9.282419124168890256e-01,3.726481885629150947e-01,8.830186171911305615e-02,8.172056145398783056e-02,1.286060208353488610e-01,9.716554857713547433e-01,7.857976426956231331e-01,8.890135255493547550e-02,4.361904659087510461e-01
9.766163707316988241e-01,9.207137885682231682e-01,7.814591043856504715e-01,4.080855451487806485e-01,8.464169794329863272e-01,2.550054644289849737e-01,5.151494047674257670e-01,7.699261975206500574e-01,7.148436958995755264e-01,7.713488748870733769e-01,6.074218947096137189e-01,7.795951484395664544e-01,7.909904442326268770e-01,6.429434553153556831e-01,5.366529032819968847e-01,0.000000000000000000e+00,8.767316747950433253e-01,6.157655980180517519e-01,5.663378402425740810e-02,1.158439055897317327e-01,3.665619627760491328e-01,5.900243043220130268e-01,6.102746833141901028e-01,9.621357874662942455e-01,7.938049895568638492e-01,4.061613904665442032e-01,6.395166147512416632e-01,6.863018070851617525e-01,4.397812061507765380e-01,3.208554823015335455e-01,2.262058862816796467e-01,4.252469282924088989e-01,6.451726079723286711e-01,-3.296340903464881067e-02,6.756039568798666295e-01,1.086222350967011585e-01,4.519131852903885416e-01,3.692939638133339586e-01,7.635029879489422244e-01,2.836136689322450444e-01,4.038607266151220121e-01,8.110019553056235786e-02,8.071847910029429363e-01,7.648249682382570747e-01,6.917050029762504826e-01,4.068464586676611705e-01,8.531677232934996580e-01,6.284263346298769592e-01,7.672896189719131677e-01,7.022383314896252227e-01,6.347192910798087340e-01,4.539632698832210544e-01,7.650834160074981849e-01,4.240121383101320141e-01,4.418859965142246660e-01,7.024826463812735566e-01,4.150024016173621266e-01,2.768112932814947857e-01,6.109729355972761677e-01,5.777361827814161410e-01,2.256918971192550805e-01,5.624371089983626337e-01,4.082369384371651450e-02,7.782365284129935112e-01,3.608383127456444850e-01,3.405788477717982543e-01,4.878409370782355592e-01,5.271375805715233787e-01,3.175793591436160690e-01,7.233084588377800550e-01,9.823596124063883606e-01,6.628208280742476921e-01,-1.891564387121137114e-01,6.280339173630143934e-01,5.795054079604894381e-01,3.461988077412680442e-01,6.990963010793624921e-01,4.612854163625283999e-01,7.852057752807080071e-01,3.814583698828446501e-01,5.821000688811266421e-01,6.469718894985725388e-01,8.636731713670205979e-01,7.873510038032959235e-01,2.149471051206240380e-01
6.806313159427646031e-01,3.281153506472921366e-01,9.416577805318013805e-01,8.392008144227373068e-01,4.083168068892470970e-01,4.353076034795475557e-01,8.856402036587947002e-01,7.414679837111826100e-01,9.891509459739619148e-01,4.723888477443902723e-01,5.142382994815414277e-01,7.740112021690463973e-01,6.650167010456349281e-01,8.917014723549083755e-01,7.269351659439526880e-01,8.767316747950433253e-01,0.000000000000000000e+00,7.224554975598630469e-01,6.230596423698906428e-01,5.994377398235158083e-02,9.417505692804166717e-01,5.677450047852881099e-01,6.855109928345543002e-01,9.075810949427123298e-01,-3.485810936925903825e-02,9.309654985113846593e-01,6.426845714766156181e-01,9.112308969235209943e-01,3.520442276422027783e-01,4.948278470225099257e-01,9.262055502253955241e-01,8.258057942203035351e-01,6.025510767812748414e-01,8.846283806702983643e-01,8.825717236116900066e-01,3.291096804703048939e-02,5.854531019318148788e-01,6.405030173646422131e-01,7.984939638398311779e-01,7.803528654188315317e-01,4.039553468082483501e-01,3.475086301366783204e-01,9.918483647154308080e-01,6.176182432125125743e-01,8.637063601891872278e-01,5.032611673191781376e-01,5.171690759960885231e-01,8.857546900594996941e-01,2.580643235652674283e-01,5.373500483100788205e-01,9.539996214172812294e-01,9.412656702066212189e-01,6.811321892439092807e-01,5.933395596204935618e-01,7.415550090421332285e-01,6.693203477203686358e-01,6.603355606708217751e-01,9.322541797610623959e-01,6.608751545996530696e-01,6.929556828780459865e-01,4.604315059739390037e-01,7.129198370642624016e-02,8.357488484394298700e-01,7.867200196320288663e-01,4.708087300175265999e-01,6.642902183092018742e-01,8.426162970594860413e-01,2.940184911604348805e-01,7.072728760029945994e-01,9.005816661471832685e-01,7.675670878459076585e-01,7.333012771342160008e-01,5.033193214717635033e-01,3.765610909159464170e-01,2.093594939254375675e-01,2.187488427616137709e-01,6.248277977254457216e-01,5.648947254243410487e-01,5.850259063074100263e-01,4.827720044589182136e-01,6.390511384587916899e-01,8.333662728429559463e-01,7.531106312548239146e-01,6.726115346501470027e-01,3.589118378045949020e-01
2.761285457687868705e-01,6.142027602676405351e-01,9.380504854623750166e-01,9.328970560068670093e-01,8.720793736966623300e-01,4.319710024894221068e-01,4.089106147299162441e-01,7.856063076040218363e-01,5.139416678205119826e-01,4.335396188487709579e-01,9.785112377584803678e-01,5.221650578874594828e-01,6.692611918766894208e-01,1.307807582761546517e-01,5.288290297248929850e-01,6.157655980180517519e-01,7.224554975598630469e-01,0.000000000000000000e+00,9.085464840659590591e-01,2.358764688192669934e-01,2.103207630133428485e-01,9.458766797022828410e-01,3.896274661028908959e-01,7.298117235687894278e-01,4.178094642277865312e-01,3.545992091567142790e-01,5.620402584459103235e-01,7.748716523198638795e-01,7.271363635680339055e-01,4.578199715690965399e-01,3.123171990641413487e-01,5.214674029316616055e-01,2.578237812183913347e-01,7.336593202393958402e-01,-3.962268312808310822e-01,2.679963127386000843e-01,2.378475182023171708e-01,1.949276028879458611e-01,7.474269869650052023e-01,8.946225116704203950e-01,4.701611192179356857e-01,8.187570126537394577e-01,9.069448334156537950e-01,1.912303523566468433e-01,1.683483191913989208e-01,9.548247628666426401e-01,7.424359845533382574e-01,7.963949922845482421e-01,7.028472114489634492e-01,4.730436179594840196e-01,3.723003754391223524e-02,7.050542052108873525e-01,5.603158276205809640e-01,5.417622897653915359e-01,8.300861018605005803e-01,1.438241983472791086e-01,7.601685687356189991e-01,7.851325521701830734e-01,6.530985633676900104e-01,3.975458381749262804e-01,3.877262213228275245e-01,3.159707084154879664e-01,8.386360999705859687e-01,7.869997474531050807e-01,6.106519704836704809e-01,7.787040035533870919e-01,6.670234759108781830e-01,9.503008545527276141e-01,6.776834784554904845e-01,7.909969222990589355e-01,5.008908107324354653e-01,5.490090399784804953e-01,1.678106392870751806e-01,1.844464969192052481e-02,-1.144652832168109313e-01,8.882684180803533669e-02,5.150642937657440301e-01,4.902107863418429523e-01,3.070911734147795391e-01,1.850468976373150776e-01,5.490362103514279113e-01,5.163919343287517449e-01,4.587557306931528966e-01,6.100179635730239580e-01,7.173673244169262997e-01
