0.000000000000000000e+00,6.280012472318182715e-01,8.977889454730412222e-01,4.734991669106854428e-01,8.754074821079280699e-01,8.878524301581934841e-01,5.043184772190589804e-01,6.576539298163962544e-01,6.932382582562574003e-01,1.270923453973378525e-01,6.115369139128510323e-01,4.109964639108799056e-01,6.912620576169120623e-01,6.053554442362716337e-01,7.846972334665904825e-01,7.605088194639688659e-01,9.446042886982510822e-01,4.451568436781327409e-01,8.834771833364392091e-01,9.100927122128494862e-01,6.777394499097714187e-01,6.070126600992895582e-01,8.477149434851919407e-01,8.696977753446564208e-01,5.650433853190782729e-01,9.150843624544333643e-01,7.897624225985135915e-01,7.245843097742246108e-01,5.527559633035654674e-01,7.640908212943167133e-01,4.211679170021857543e-01,8.064552206433025505e-01,8.099821949451737613e-01,9.939794218951284455e-01,6.331469988056307452e-01,3.884950863483008776e-01,-7.381406712330293440e-02,7.544591408834118162e-01,8.115285215537743069e-01,4.366644266766120386e-01,2.520572975526287340e-01,6.999099580049856772e-01,8.816080211172707681e-01,8.266570869370565289e-01,6.478578988270646821e-01,4.238562915279101562e-01,5.480166732624558446e-01,5.014180524343070378e-01,4.602023681389004750e-01,6.980651274259800365e-01,5.807246753812180806e-01,7.571481911282775812e-01,6.163828247688278861e-01,9.187144739955823702e-01,3.529725462825056281e-01,7.246491572268063397e-01,4.789333957279668375e-01,2.968497331099443914e-01,2.492564561537387591e-01,4.128284567317641943e-03,7.303291987368968341e-01,7.692909604947382185e-01,7.413471203476087457e-01,8.203203587916597650e-01,4.849614810390108222e-01,6.405923306722565158e-01,9.419007396069647431e-01,6.798494238392954747e-01,3.453862070509298166e-01,3.038113083606611697e-01,8.415444467069963519e-01,8.954831800605731473e-01,3.345819090550965491e-01,5.630189734814270430e-01,8.928743951723906447e-01,6.518189253895944058e-01,7.154589823564876383e-01,5.532463183893072678e-01,1.246790978801429750e-01,1.687868218792858421e-01,9.365918706442966091e-01,5.454776236422068658e-01,9.421265603953818957e-01,5.870502168051408010e-01,6.668817490857866792e-01
6.280012472318182715e-01,0.000000000000000000e+00,9.563348456117939378e-01,2.072921141094110076e-01,5.022852107613180461e-01,1.499647760291147880e-01,5.081200740688927020e-01,8.754155010408466442e-01,7.179675773899035773e-01,5.424019763840772779e-01,8.271496833837994611e-01,9.142715898441233779e-01,8.957838659827005445e-01,4.185939947839685260e-01,4.144723818825872264e-01,7.409195251728315501e-01,6.125533034881283090e-01,8.084164410730935169e-01,7.453944995714029131e-01,4.307862485738121472e-01,6.100714809131345673e-01,5.550527115445988979e-01,6.314325793778554630e-01,8.477886488067318815e-01,7.058632427367579343e-01,5.642355673576580077e-01,8.186274715276592451e-01,6.864611866987896382e-01,2.955874844795040035e-01,2.138866415147390732e-01,1.714943996153661665e-01,4.231188538488974693e-01,6.408664627627023158e-01,8.359093170629837699e-01,6.049370707138863601e-01,6.595558211621558309e-01,4.283879117953998672e-01,4.117017574038424055e-01,7.240485182879413673e-01,5.124360434852650581e-01,9.248765996866982197e-01,6.259234333912068182e-01,6.577033535946896770e-01,2.072594201719230311e-01,9.089966850352092509e-01,5.971714111790062951e-01,8.128463875723848098e-01,3.638746172583917637e-01,5.546784876302378597e-01,5.471763328752905498e-01,-1.202168167523796211e-01,4.830657984743760291e-01,6.484295301376958864e-01,7.826778395963129853e-01,8.715791599328457373e-01,9.494438819038519828e-01,7.805107139369142910e-01,2.650976391967649892e-01,8.075244722044107037e-01,3.285230781094236607e-01,2.992045251996964805e-01,3.070744990620981607e-01,4.630612581580468845e-01,6.965964373502853135e-01,5.318733786602102276e-01,7.366220263115672573e-01,6.141676136605158653e-01,7.002809177561933884e-01,8.550844888947597422e-01,7.400932388060265099e-01,5.278350078785353228e-01,6.405209830022938755e-01,7.841931662932657421e-01,3.569811386245207441e-01,3.556955429235659771e-01,6.587929671956770372e-01,5.647564569517649069e-01,2.922980289433398937e-01,8.420910349168929387e-02,4.569390803940823753e-01,4.888833823595468697e-01,6.061446445596463395e-01,8.826639255931678640e-01,7.637746362165745984e-01,5.659927966715769809e-01
8.977889454730412222e-01,9.563348456117939378e-01,0.000000000000000000e+00,8.697652113820275588e-01,6.679838423805580794e-01,8.591390026650207457e-01,7.350301090475227506e-01,4.118256025122438713e-01,9.458071229439543037e-01,9.423284919476859756e-01,9.877201478328716533e-01,6.372430593561269063e-01,9.383923677638970062e-01,6.885787101769687002e-01,7.196308499294526984e-01,6.519127982190927595e-01,7.608451441710026852e-01,5.250914178985706116e-01,6.192167639903267684e-01,5.337611434931626153e-01,9.941082538983030403e-01,6.829953870626371826e-01,7.740653435695395990e-01,6.332526809560377057e-01,5.704379413359357276e-01,6.243993097113584856e-01,7.814298756347459740e-01,9.717106635905741197e-01,5.873403790868100272e-01,5.507073669458317777e-01,6.763171942509568213e-01,3.018697055997711653e-01,7.297308944927162200e-01,6.240596134246160220e-01,7.976799164714627466e-01,2.559974844228725122e-01,4.123990928654432397e-01,7.210425389541308405e-01,3.680897947446093443e-01,9.620485738710606860e-01,4.872990181516429486e-01,9.817827394104550187e-01,9.479459106037160243e-01,7.688186484548436006e-01,5.663334458995987752e-01,7.652434072720211145e-01,5.317354941339776930e-01,7.607767117985979599e-01,6.037100571022989692e-01,7.463865573380779050e-01,2.466412122320662814e-01,9.219517023637442410e-01,8.094149931788731100e-01,6.362320590568945056e-01,6.430474234164968994e-01,9.257626061739866463e-01,6.417041464667546657e-01,9.009464606416515142e-01,6.494556254812319240e-01,2.637812752295947694e-01,6.826417740654501243e-01,6.862846733227340179e-01,4.272964045058616489e-01,6.788804912766057686e-01,6.462656277390516069e-01,5.113892165513735932e-01,9.024500849341458020e-01,7.767600266260594744e-01,9.425710577481439811e-01,9.870309977013834446e-02,7.261002384514456676e-01,8.493678554937995617e-01,1.469839267019631968e-01,5.339360923389082636e-01,9.978909202206394102e-01,8.038913713831514762e-01,7.857446387407438504e-01,6.048832773026301401e-01,3.711273875665976885e-01,3.071879872552520929e-01,4.121386603324306286e-01,8.148738902552251639e-01,6.137610471654361133e-01,6.936188423580070816e-01,8.107683940763010799e-01
4.734991669106854428e-01,2.072921141094110076e-01,8.697652113820275588e-01,0.000000000000000000e+00,8.549977771272792015e-01,7.135931758234174138e-01,6.754688603747744935e-01,5.681117713807992686e-01,6.967380819900291788e-01,7.047324114315427490e-01,9.278282154165928830e-01,9.793226391170226641e-01,8.894919549000077641e-01,9.869194243114889353e-01,5.161255647567952742e-01,6.343405809550565211e-01,6.767931711985742949e-01,7.988735850980948072e-01,9.273916897986312913e-01,9.545561871922655373e-01,6.082093247436664019e-01,8.422519942853311514e-01,7.823286067612953421e-01,9.024887808213252205e-01,7.039252169572797202e-01,9.916448691531403181e-01,4.919358903043525300e-01,6.741834921545424297e-01,5.878500072734170745e-01,-3.269733428223678406e-01,2.294259477225628896e-01,7.534294039854404490e-01,4.830911232041227854e-01,6.625155350499649654e-01,4.848482474736184322e-01,3.410660037901657171e-01,3.358871998154357996e-01,6.608955787872073939e-01,9.364997665067289478e-01,1.539075338746163923e-01,7.914966128550890989e-01,5.760616249356601548e-01,7.655799946316518279e-01,9.280567637796517388e-01,8.918732861145354240e-01,7.496533002333495288e-01,2.623117407002930057e-01,2.296475881312975698e-01,4.682054162591677282e-01,9.127280303810287876e-01,8.407044116477332407e-01,9.855018938047364063e-01,5.267142735730127034e-01,7.157936799501745107e-01,6.595950795894426344e-01,8.216751845668722742e-01,4.909047664342109929e-01,6.564788973860545829e-01,5.341429154999102202e-01,1.050758631835423396e-01,8.970454742843926230e-03,6.503079118924040003e-01,4.133381532599872399e-01,4.520188998056120511e-01,5.694868789387591557e-01,7.826681971626647805e-01,9.270722483023752236e-01,9.841414612491423686e-01,3.977896265386192676e-01,6.801212727626742005e-01,7.769461489353801653e-01,8.958812053696292299e-01,5.795930771767481282e-01,4.591883048944204737e-01,2.094468956853378916e-01,9.375939615998437615e-01,7.561831460177816933e-01,5.360766868776433158e-01,3.007141478524112954e-01,6.311189265312469043e-01,5.234473298498572014e-01,4.886884196181823237e-01,5.947785082013347102e-01,3.367648344739845312e-01,6.865602185154664472e-01
8.754074821079280699e-01,5.022852107613180461e-01,6.679838423805580794e-01,8.549977771272792015e-01,0.000000000000000000e+00,2.375004784580060646e-01,3.841806595394043899e-01,6.561658309650721943e-01,5.789506676625874038e-01,7.952141477016071436e-01,1.673385817502596740e-01,5.264796308254700019e-01,7.765971884074799325e-01,7.147728126288974693e-01,7.196683454985467465e-01,5.470959218859046125e-01,9.481496211887322501e-01,5.783414763893559574e-01,6.461076713238173008e-01,7.018752791641289512e-01,9.513248688623132665e-01,7.865599286786334465e-01,5.850758045568169585e-01,3.973449114184396391e-01,3.161527100905890952e-01,7.021217426769087444e-01,7.322118988678274487e-01,3.570006369743703445e-01,5.289713728025133843e-01,5.043902706988361295e-01,1.783928568887350741e-01,7.590235617070606455e-01,7.860328018936478811e-01,4.292217003031806311e-01,6.410204680013882328e-01,4.171424412297282114e-01,5.969831879322883283e-01,7.034695664915980862e-01,6.347488200186636176e-01,2.169597075621379489e-01,6.023041176795427276e-01,2.918617441205831886e-01,8.865414415009046367e-01,5.869938324863442913e-01,8.234098016374824525e-01,8.247255650117444326e-01,8.278116913636635044e-01,8.869412981045885491e-01,3.284455310721959842e-01,7.491375357430312132e-01,7.232654206330130231e-01,8.991652334487898468e-01,7.021453170839198066e-01,4.412454044335328840e-01,9.561910795972905497e-01,6.801456983925343591e-01,4.269709552909636274e-01,7.150855636440539564e-01,6.572924645824340661e-01,4.689857720783228157e-01,4.106420992901411160e-01,7.352083108443084880e-01,6.730394347640848984e-01,8.906159168614390387e-01,7.768414014388921318e-01,6.212261951587741970e-01,5.489612433697053095e-01,6.265079200279001226e-01,5.142980777623719080e-01,8.746348921401549958e-01,6.092462790032689979e-01,6.193702229559769901e-01,3.165191434276330429e-01,-6.640553174363986177e-02,4.223877936742061467e-01,4.049798023098717947e-01,6.593602874458130980e-01,5.045448058653591028e-01,2.820063078829011527e-01,5.763251176728065861e-01,3.105352509641298164e-01,6.394087080510956200e-01,7.846739407798863919e-01,1.221493706578459931e-01,6.980901373372776497e-01
8.878524301581934841e-01,1.499647760291147880e-01,8.591390026650207457e-01,7.135931758234174138e-01,2.375004784580060646e-01,0.000000000000000000e+00,6.257758110679545460e-01,6.544519563939676932e-01,7.571118244624334137e-01,7.737759783988430451e-01,7.205403107704496657e-01,7.652009846742773291e-01,5.389358398465908806e-01,9.104246724390446799e-01,2.532765822782030996e-01,7.861477195452187816e-01,7.070674060215159651e-01,6.242780225091653090e-01,8.143061548715190279e-01,9.149792804958469805e-01,5.317169644117960559e-01,1.145847159190719333e-01,2.416224446447121643e-01,5.585429678213487126e-01,5.180910358740448141e-01,7.169781466569469242e-01,7.307105213949804945e-01,3.075724359953372344e-01,5.248767064706155033e-02,9.421448890653430497e-02,3.069049417756407605e-01,7.477984810329173504e-01,6.131463499962728214e-01,6.623934325732141470e-01,2.443515049879147472e-01,2.363652290392516953e-01,8.312723040733493995e-02,7.052362091299732016e-01,7.958914691969182220e-01,3.714289081783133106e-01,5.864677034737397765e-01,2.124105098854752183e-01,2.524063482129983438e-01,2.228141651678124113e-01,3.671593251027621130e-01,1.646745605201808127e-01,6.776340059959687911e-01,7.294518872673665388e-01,5.456161630756395375e-01,7.775989561262722782e-01,5.791792373230747470e-01,7.921887649047134605e-01,4.612652191056412776e-01,6.731362349227318909e-01,9.555813238666657217e-01,4.280744587783772426e-01,2.606910565933781565e-01,5.500019729753082842e-01,9.858014644637058677e-01,5.757517351179869403e-01,4.559149330655264953e-01,6.379548896995625995e-01,5.088322691049533830e-01,7.976106215730695004e-01,8.293102275744929086e-01,6.778035534037688548e-01,5.038929952865984774e-01,5.715366278139331069e-01,7.577207318621276277e-01,3.461597977344872956e-01,7.695165967804048490e-01,3.642897506914589689e-01,5.039990827058721257e-01,2.469743108866034598e-01,4.210059624239390064e-01,7.609435018921776317e-01,5.877205420094558930e-01,2.609889346297485924e-01,1.251497802231234524e-01,3.105315770690021404e-01,4.187944181353377981e-01,6.735755035108392796e-01,7.066501492711992904e-01,6.009799074919153217e-01,9.205848947123111969e-01
5.043184772190589804e-01,5.081200740688927020e-01,7.350301090475227506e-01,6.754688603747744935e-01,3.841806595394043899e-01,6.257758110679545460e-01,0.000000000000000000e+00,3.921178953972085379e-01,1.847185054960117645e-01,4.465832182146602936e-01,4.954350869353020825e-01,2.580547629031080259e-01,4.753310000073700525e-01,6.227465032703622949e-01,2.185090548987811965e-01,4.340354672925224033e-01,3.452411734587481629e-01,5.441960152521112953e-02,7.028698176094522188e-01,5.099039331232688710e-01,4.124730778318956292e-01,3.220614776852933625e-01,7.626076014446296902e-01,6.922412641538648881e-01,2.878390507098113060e-01,6.213009356073196932e-01,2.507710944147024668e-01,7.658956275194552799e-01,3.726190795355039942e-01,3.028075925913317201e-01,2.204668979696907116e-01,6.905925680087443563e-02,4.209134227346619239e-01,3.659738363389831162e-01,5.447461740633484650e-01,-2.909705619548751399e-01,4.555018981745694862e-01,5.000785253390931384e-01,2.705939679382174945e-01,3.037241163667455668e-01,4.074558040325539920e-01,5.394920673017230550e-01,3.049066645863204861e-01,5.704464424467647898e-01,4.146118760160508732e-01,5.943498363397401452e-01,7.375775197864038457e-01,6.486649839663359562e-02,2.827867235621548958e-01,3.412024249253100550e-01,6.612898927099357671e-01,5.920240679646213700e-01,6.392830411700397564e-01,5.034196730446554024e-01,8.377440944267409151e-01,2.081120458427794528e-02,6.968395602958586954e-01,4.249502226762126300e-01,8.238148883871527772e-01,4.800797105624405869e-01,5.801247855652478247e-01,7.216318559755617867e-01,5.700027856951630501e-01,7.775973855576304716e-01,6.977632178686739017e-01,7.090270805030356449e-01,4.301633404677706607e-01,9.166812906464590904e-01,2.392921218592012900e-01,4.868390762432953656e-01,7.687941001215372605e-01,6.063506185754934386e-01,1.088457586107286768e-01,3.409088993019661062e-01,2.526035229622925482e-01,4.111748150745430097e-01,4.982511538339757795e-01,7.914897369443946173e-01,7.084263245186963598e-01,5.423401531478821980e-01,5.466746212243281944e-01,8.280815828312255711e-01,3.708348068317036672e-01,-1.225745718617434199e-01,5.616657701778077216e-01
6.576539298163962544e-01,8.754155010408466442e-01,4.118256025122438713e-01,5.681117713807992686e-01,6.561658309650721943e-01,6.544519563939676932e-01,3.921178953972085379e-01,0.000000000000000000e+00,5.351799597508909434e-01,7.819398411164780738e-01,3.373302225152126077e-01,3.707858273487283363e-01,6.944009607739812795e-01,6.869564962401986108e-01,3.591717352816792275e-01,7.087442635929005474e-01,5.346376060298949628e-01,9.473941046311923353e-01,6.759974509216893912e-01,5.865802219867303213e-01,4.494753262939892857e-01,2.578912042137107008e-01,1.334263313680527085e-01,6.039329835840079319e-01,2.156468086517542848e-01,6.527768239466360534e-01,7.621464756579695576e-01,7.446581585672793491e-01,7.739187003815415355e-01,1.511994002916284552e-01,3.549132964588822547e-01,3.866160208082813909e-01,5.527124052689805778e-01,7.602547395321600510e-01,5.144701338797247336e-01,5.357361682586525564e-01,2.846132361696537827e-01,8.469716423435964536e-01,8.592669888074937479e-01,2.700969062431235468e-01,4.972256386448218879e-01,3.572151712719616734e-01,5.651242718835089995e-01,3.801144073076383467e-01,5.541039184724716460e-01,2.286958516892712290e-01,7.564282501462971271e-03,4.487164470646534120e-01,4.489655899040587150e-01,3.137297152357884089e-01,7.635153239715516404e-01,7.847688645251063022e-01,2.328265168344380576e-01,6.110925917969364241e-01,7.613947601971540191e-01,8.029827795401650592e-01,6.102713642825202678e-01,7.120583868231714630e-01,1.905132278734547255e-02,1.287358609318536851e-01,7.623798798479852756e-02,7.597616068802810485e-01,1.573977993387180863e-01,2.409340102960411123e-01,7.715784330457675644e-01,9.142495408476551955e-01,5.396276102503183569e-01,7.500577634971213048e-02,5.066383774054631361e-01,9.869372570455761107e-01,4.948561886039843927e-01,6.650694555989601353e-01,1.122676944223623997e-02,3.075625440693255941e-01,6.588031705801342675e-01,6.746442577143250130e-01,3.170091681808345774e-01,6.286945866719363396e-01,2.315582752453508933e-02,3.750765738697228180e-01,4.931805224402326937e-01,7.650233214970932893e-01,2.782971789544377295e-01,6.917770803522823586e-01,6.968867626049531916e-01
6.932382582562574003e-01,7.179675773899035773e-01,9.458071229439543037e-01,6.967380819900291788e-01,5.789506676625874038e-01,7.571118244624334137e-01,1.847185054960117645e-01,5.351799597508909434e-01,0.000000000000000000e+00,7.317560528141991982e-01,6.452137025728905684e-01,2.482617531029134850e-01,3.698953378007590470e-02,7.244237943059214091e-01,6.307080314937220100e-01,2.879226560323224215e-01,4.080786198440407020e-01,7.361123174621201359e-01,7.206339619256987294e-01,4.987365097440666917e-01,7.742820763414107743e-01,4.859486696264495031e-01,8.718466485055994530e-01,8.283765361528414584e-01,5.718750319026572049e-01,7.134096154427650438e-01,6.350002155333972498e-01,4.651190308294944620e-01,5.103143907590581563e-01,1.956706369745075669e-01,9.006557509311998722e-01,4.935805506613503146e-01,6.444423603019180380e-01,6.844661778480325420e-01,7.293592022565194011e-01,4.539406682417697625e-01,6.571205257416063983e-01,6.856824199742039827e-01,7.924836929504917027e-01,3.048845885760969598e-01,7.162661392460585308e-01,2.337096821355066911e-01,6.229479723014789139e-01,6.199480975528907090e-01,9.832798417349113418e-01,4.217001085766991508e-01,1.326554640209590963e-01,7.640000812773853900e-01,3.194582817040358957e-01,3.033941707508346353e-01,4.321770181187885029e-01,-1.071662168740441234e-01,7.684907968896251829e-01,5.025946195340010858e-01,9.481801184757570056e-01,9.372984220051755466e-01,2.628250196589688170e-01,7.942444896481940519e-01,7.448465004717043092e-01,3.305357409684667735e-01,5.461506132537183866e-01,7.724318967229912847e-01,7.639889359925431389e-01,3.793737051579093578e-01,7.977550591733421070e-01,5.400567951891864782e-01,4.410707807887875309e-01,4.337955045608511417e-01,-1.604810273859201830e-01,2.399880456996029421e-01,8.462457772643032783e-01,6.972411633659397756e-01,7.173060934850498116e-01,3.743208809352622790e-01,4.558885576314058996e-01,9.239388816797550197e-01,8.811610216781284866e-01,3.215517547083465155e-01,4.775082539010723770e-01,7.534789530377522526e-01,5.760300142280334601e-01,7.247823742523176183e-01,6.251301949535890135e-01,1.391791967086839638e-02,7.776624705443768715e-01
1.270923453973378525e-01,5.424019763840772779e-01,9.423284919476859756e-01,7.047324114315427490e-01,7.952141477016071436e-01,7.737759783988430451e-01,4.465832182146602936e-01,7.819398411164780738e-01,7.317560528141991982e-01,0.000000000000000000e+00,1.231785312226692936e-01,2.342666741420494636e-01,9.195109900045628226e-01,7.904858360258978367e-01,-6.589317400231275990e-02,6.628828773448145473e-01,7.343433640489247516e-01,3.511014040699114158e-01,6.218968762816032836e-01,8.140929699841378264e-01,7.775809883016504553e-01,6.077377561196236622e-01,9.729842919296584069e-01,7.437308939826146048e-01,3.641433710804440338e-01,6.795508572947632775e-01,7.733439144546716548e-01,9.210355908642979816e-01,8.249662298342462508e-02,6.819825421962422141e-01,-1.033584795338895190e-01,8.463848369895374812e-01,4.678320699978429364e-01,9.104212632398190896e-01,4.816386457489798545e-01,5.644779911714474796e-01,-7.837945592132768147e-02,4.281952960844361833e-01,6.668219888342131751e-01,5.650933363882693072e-01,5.564324416598629419e-01,2.834996718765073753e-01,8.602008033020878131e-01,9.735022397004529093e-01,4.895530854935397636e-01,4.518967412132330330e-01,6.555452240699688460e-01,5.895764571356452155e-01,7.200069779865881925e-01,4.166577165039261899e-01,6.190267828223995350e-01,7.303937492396642694e-01,5.535496459298235861e-01,3.660262390574420821e-01,4.204288515171560325e-01,8.686117897908309793e-01,9.714360010962830305e-01,5.142941622483848674e-01,5.985748557301954209e-01,2.328972004629311920e-01,3.519690778363687711e-01,5.278453181529199068e-01,5.275055624881369587e-01,8.891777270129161970e-01,7.235879274366145975e-01,7.984726492508531503e-01,5.095537274722993226e-01,9.589242048746494662e-01,9.297718419418394831e-01,3.674668231482401959e-01,9.593982722047804668e-01,4.881394332170534422e-01,4.924399217671150963e-01,6.275974457431524600e-01,4.414859351222133466e-01,3.728755444002916919e-01,5.316672914615037104e-01,7.701677858097747409e-01,3.777090110186323013e-01,-2.492782078626156750e-01,2.475868768616011628e-01,6.582336034737467090e-01,4.163660771597339494e-01,3.759798347601787660e-01,3.880538134126300109e-01
6.115369139128510323e-01,8.271496833837994611e-01,9.877201478328716533e-01,9.278282154165928830e-01,1.673385817502596740e-01,7.205403107704496657e-01,4.954350869353020825e-01,3.373302225152126077e-01,6.452137025728905684e-01,1.231785312226692936e-01,0.000000000000000000e+00,7.790679042359653916e-01,4.861233475280709593e-01,9.930005284882275074e-01,5.402040658269053885e-01,6.510187362929671373e-01,5.178802672278933761e-01,4.616257356576001225e-01,7.528096562419657189e-01,7.023966750025389949e-01,6.682314232109398677e-01,5.850486202308923245e-01,3.883131530620672622e-01,2.318833552275137988e-01,6.489222945008458199e-01,6.390324646819365295e-01,6.012150880985674961e-01,5.650421232893172441e-01,5.512004024169189220e-01,2.902953747916560134e-01,5.866443525218080213e-01,-3.634536571742175148e-05,7.380210132477973417e-01,8.849353699231905512e-01,4.148269549966031589e-01,2.989456491003438243e-01,8.060508908234123027e-01,7.832847043250994457e-01,5.572454292629916983e-01,5.694482791403321364e-01,2.959533992540403502e-01,7.087409075405093350e-01,9.300428500560420364e-01,4.046003879312299323e-01,6.913658167637524166e-01,6.320432906233420800e-01,1.433189550635783349e-01,7.744103809586667664e-01,6.684333572145044755e-01,7.712429156748419334e-01,3.433679112444882886e-01,8.403487707703212184e-01,8.868342469160578334e-01,4.676022326231543680e-02,6.148042900335928262e-01,7.211176139713985078e-01,6.511614363089225366e-01,8.183438856738632916e-01,6.934630316997199007e-01,5.808684221996867070e-01,2.638327310032450579e-01,7.579531132394213833e-01,9.404686716548558145e-01,1.857388977061324165e-01,7.634401078876702496e-01,9.588724908279401202e-03,6.834735261289390795e-01,6.767056126271373540e-01,6.428933473865370285e-01,4.440507647535625324e-01,6.560215627052057297e-01,7.679971817424350311e-01,5.239532796616390709e-01,4.744199347018229207e-01,3.740950510481045321e-01,7.849253468559870273e-01,4.912700587472043634e-01,-2.967766875871735710e-02,5.825501921887515921e-01,3.215244735875604637e-02,3.698208877135022998e-01,6.409668929137333215e-01,9.206500147897542785e-01,5.294519837424005448e-01,5.309407218331426703e-01
4.109964639108799056e-01,9.142715898441233779e-01,6.372430593561269063e-01,9.793226391170226641e-01,5.264796308254700019e-01,7.652009846742773291e-01,2.580547629031080259e-01,3.707858273487283363e-01,2.482617531029134850e-01,2.342666741420494636e-01,7.790679042359653916e-01,0.000000000000000000e+00,7.207241077523530715e-01,7.215071813072991835e-01,5.447889739521916130e-01,5.254934879048790419e-01,6.661005430739819211e-01,6.685584325835733921e-01,4.961786145686073457e-01,9.588080802084210097e-01,4.537849543185994983e-01,-3.244960029880153418e-02,7.543548682574893194e-01,6.951402727097373280e-01,5.486202196627236738e-01,7.869890678071331802e-01,6.534854346031568895e-01,5.650530840107329533e-01,5.405546218658895397e-01,3.343028884382277521e-01,5.121213086381645185e-01,2.430530762248628296e-01,7.843888299891451643e-01,2.613368694938512649e-01,9.176182127688348178e-01,3.148845108356159717e-01,1.222471841449444957e-01,4.795105846682289341e-01,9.729030251960253395e-01,4.720047105620409633e-01,5.577078604408159945e-01,6.104659822687195092e-01,6.566478580982825219e-01,3.317115063362657129e-02,6.544186463789924968e-01,3.497112271914530890e-01,6.282930318297992311e-01,4.648688486618197113e-01,3.823938980929044718e-01,6.736705800331220795e-01,7.540609002077147682e-01,4.191122401813093812e-01,6.462876712268755819e-01,1.032448562296338218e-01,6.132093898808382848e-01,8.329746054397256794e-01,2.731275231285478222e-01,7.065624903469912566e-01,9.178898952968480573e-01,2.777251363484537494e-01,1.741401304405110484e-01,5.223749870417080388e-01,6.497045210373497692e-01,6.235956524609932439e-01,7.826437148108568165e-01,5.530581454958890530e-01,2.437905115863988614e-01,2.831395532144465599e-01,6.492696434343869956e-03,8.406970520449124074e-01,7.623356080000845969e-01,6.192124045700613255e-01,5.060828159730071940e-01,2.535695626877243480e-01,5.490393780536453328e-01,1.291605138502147088e-01,5.970794062989633888e-01,3.339605631119760276e-01,2.598244310683128222e-01,8.788913729253251816e-02,-9.129652932368781393e-03,4.853417154832026514e-01,8.611521947838536306e-01,4.093381128823969095e-01,7.865900478689228370e-01
6.912620576169120623e-01,8.957838659827005445e-01,9.383923677638970062e-01,8.894919549000077641e-01,7.765971884074799325e-01,5.389358398465908806e-01,4.753310000073700525e-01,6.944009607739812795e-01,3.698953378007590470e-02,9.195109900045628226e-01,4.861233475280709593e-01,7.207241077523530715e-01,0.000000000000000000e+00,4.531409553478109031e-01,8.198114055623906271e-01,7.676169443759737199e-01,8.330373554755904353e-01,8.263118476397630641e-01,5.925662103904680844e-01,7.584876349733303824e-01,8.416853547340108488e-01,4.355414104308301670e-01,8.332270441470386313e-01,7.573887684670382869e-01,5.677787868123163051e-01,7.866025399615698133e-01,7.359613422231244817e-01,3.227243370623203433e-01,2.428776078266189631e-01,4.329018699230742784e-01,4.887261105442312070e-01,4.398241390774845216e-01,7.057027457839861739e-01,5.213109791494073830e-01,9.236867973987783476e-01,4.285003444916857251e-01,1.478103253687707286e-01,7.824876001913342316e-01,7.170089951506657400e-01,8.237241333200526761e-01,3.050068978754530424e-01,9.125697211621688343e-01,9.044187471937618072e-01,8.141329097214491384e-01,5.634388366146889648e-01,6.467103218053906755e-01,4.272920111810071253e-01,3.361316555112312532e-01,5.116513931897637146e-01,9.055652203160045044e-01,6.928507913253783013e-01,7.876944907923049133e-01,8.986738690718288902e-01,6.717845479332744674e-01,8.350521532452971352e-01,7.572225767902438509e-01,9.506143853510014008e-01,6.666854655033221944e-01,9.993733223646308339e-01,1.837260385630836435e-01,5.464086846378513052e-02,5.015189674311474333e-01,7.827301698440911615e-01,6.033819587687564434e-01,9.295353639026844306e-01,8.154625157111221601e-01,5.408507171444549844e-01,9.088393907224386892e-01,3.368880116839996219e-01,7.612145898707691760e-01,3.120850516344884640e-01,7.990901575110211930e-01,1.970381012502366580e-01,4.727707744907141407e-01,5.750899314775048676e-01,9.115278183339591278e-01,6.006608136563432732e-01,8.605037661710968067e-01,3.309839734945149159e-01,5.222998812018851966e-01,4.506426775433525211e-01,6.999765525307319880e-01,8.128875819089494970e-01,2.649046729958631219e-01,3.105163936564336868e-02
6.053554442362716337e-01,4.185939947839685260e-01,6.885787101769687002e-01,9.869194243114889353e-01,7.147728126288974693e-01,9.104246724390446799e-01,6.227465032703622949e-01,6.869564962401986108e-01,7.244237943059214091e-01,7.904858360258978367e-01,9.930005284882275074e-01,7.215071813072991835e-01,4.531409553478109031e-01,0.000000000000000000e+00,8.561267238428998949e-01,5.979513902727298102e-01,5.591890414450988445e-01,9.002613682377712534e-01,7.062329592137833734e-01,3.543457478332674437e-01,8.915363514382791399e-01,5.455184081669742779e-01,9.010343879180994220e-01,8.888859180656055736e-01,6.376848121746465647e-01,5.404327920040934430e-01,6.814677592781489546e-01,6.578481415407282373e-01,1.050034814414211315e-01,-2.535499372744443036e-01,4.332296837872933182e-01,2.340973795331552088e-01,9.111847659342550143e-01,6.402150285365847404e-01,7.849523688087418627e-01,3.066876315172425427e-01,5.186821764640519028e-01,6.645041982120936108e-01,7.176669070887213842e-01,6.620329151437481796e-01,-3.117782326368842560e-01,6.074256313755999059e-01,8.401954944871132813e-01,5.647935800408954155e-01,3.092265331348614810e-01,7.907534195157234214e-01,5.380166794456149315e-01,7.278392627036385232e-01,4.908696900061968460e-01,6.185559633835853166e-01,6.030116385226759190e-01,5.219986308461233016e-01,6.254415983642259702e-01,8.771914627066956793e-01,5.076462523807028226e-01,2.291573879963500482e-01,6.798800383840289951e-01,9.351863007968891361e-01,9.155455140995917285e-01,2.298379067618222249e-01,7.879534579089133572e-01,6.272166315895948419e-01,9.065052996665702301e-01,7.815140798058266558e-01,9.868719430494176104e-01,9.954025531011381211e-01,4.946893177822562215e-01,5.755317672186738287e-01,4.107880134539298456e-01,7.668253323697048485e-01,3.834123687556647564e-01,9.934759051186154988e-01,4.842364415005725453e-01,5.062893320907266848e-01,7.572753299706507235e-01,8.872611990231619172e-01,8.172001955545572516e-01,3.805289608065616225e-01,5.959122258429437879e-01,3.898235953659295178e-02,7.016012602207880589e-01,7.869550503195262836e-01,6.240714718988953358e-01,2.026092924329302436e-01,9.855653841900474665e-01
7.846972334665904825e-01,4.144723818825872264e-01,7.196308499294526984e-01,5.161255647567952742e-01,7.196683454985467465e-01,2.532765822782030996e-01,2.185090548987811965e-01,3.591717352816792275e-01,6.307080314937220100e-01,-6.589317400231275990e-02,5.402040658269053885e-01,5.447889739521916130e-01,8.198114055623906271e-01,8.561267238428998949e-01,0.000000000000000000e+00,6.396779191258656905e-01,9.186249590096036144e-01,6.986835094714360928e-01,5.261226902022588803e-01,6.332081060914088733e-01,6.403442284283612507e-01,7.725545115829123288e-01,6.696045926813306570e-01,2.038599189030242398e-01,5.666593042634933131e-01,7.622984997376696104e-01,9.995931591613658185e-01,6.494160389040044556e-01,3.155604838066347062e-01,2.120650853024934335e-01,4.569313474374423478e-01,7.352869765369098864e-01,4.319252967635727192e-01,1.390682281123342967e-01,7.265806336389000197e-01,1.989593175634306321e-01,4.049170195640077186e-01,3.788731479985257278e-01,7.038209055027221384e-01,6.048911373995762286e-01,7.884640604958798038e-01,1.695782652997021023e-01,4.599953145612974970e-01,9.427405759604088331e-01,9.799688644614512611e-01,9.634889721333839141e-01,6.574999781745898275e-01,5.314709933450783019e-01,6.140391038998468387e-01,6.085474617907707939e-01,5.382526513732658335e-01,2.137027455322033087e-01,8.207613667332809282e-01,5.756444638032531813e-01,4.841377266028880078e-01,5.597812104879077433e-01,6.890258025679818488e-01,4.435872204700521682e-01,4.684568014985207585e-01,3.595749942482232564e-01,5.501695887353416081e-01,7.080754244553199017e-01,-1.114685444927885488e-01,7.470609011641327069e-01,8.420512259782984010e-01,5.504557557078434415e-01,5.984725109863726633e-01,6.926127759429183683e-01,5.565366032462950585e-01,6.534016485881901648e-01,7.014799357007619474e-01,9.739272877389218985e-01,2.314309561491376122e-01,7.226427101599915970e-01,4.058611880696271768e-01,1.369690993426521952e-01,7.202864405069935305e-01,6.939965766711949646e-01,2.932107728929229662e-01,3.716724404423106254e-01,3.781798480079563429e-01,9.141840100988501971e-01,8.763187341306357681e-01,2.931255892867066226e-01,6.731703682242093922e-01
7.605088194639688659e-01,7.409195251728315501e-01,6.519127982190927595e-01,6.343405809550565211e-01,5.470959218859046125e-01,7.861477195452187816e-01,4.340354672925224033e-01,7.087442635929005474e-01,2.879226560323224215e-01,6.628828773448145473e-01,6.510187362929671373e-01,5.254934879048790419e-01,7.676169443759737199e-01,5.979513902727298102e-01,6.396779191258656905e-01,0.000000000000000000e+00,8.482066488281061467e-01,5.700004775246338973e-01,3.200581565263490580e-01,9.007663901576427046e-01,9.652569067428081739e-01,5.814153571329578885e-01,3.603132657339592759e-01,6.258500783388690758e-01,2.614706441083181621e-01,7.632867099078533002e-01,2.974922114506907134e-01,9.781172094026386876e-01,4.633846298234505223e-01,4.501983757320639490e-01,2.868234534881416997e-01,5.088357213345905405e-01,6.093336789414272037e-01,5.233275045479935939e-01,6.854857100347009347e-01,6.932283705254602690e-01,2.822999389801690850e-01,5.636539981046415626e-01,4.081609585103772586e-01,7.532203695743715510e-01,7.808500528217948711e-01,9.342048383507525200e-01,3.326574910684307884e-01,5.346007830522069293e-01,6.398269945897675504e-01,4.026519611812142685e-01,8.223231077376708109e-01,5.864565783222556172e-01,5.644650113689895221e-01,6.381639028703417482e-01,5.678512063846981039e-01,-1.919069221215991550e-01,7.160843816168173115e-01,2.513431859335234497e-01,4.580349844816529736e-01,4.634255890554014323e-01,4.266463874368349174e-01,7.105339792539314692e-01,6.601148178588898130e-01,4.797675407015131871e-02,2.481538259230526289e-01,4.583263703252696830e-01,8.900440250873004056e-01,7.532073934514933455e-01,8.437311263133532302e-01,1.236162874193715289e-01,4.365251639082446400e-01,4.370950953393864524e-01,7.285260206228062474e-01,8.892035060891102516e-01,6.374881233081071130e-01,9.690777350175667770e-01,2.060906108084763488e-01,8.191855960407579129e-02,2.531938591586316289e-01,6.431685721906112985e-01,4.047075754636857980e-01,4.667159845274036073e-02,3.408801674865682418e-01,3.549566869567365446e-01,5.175418115741892144e-01,7.291858283079077907e-01,6.920908298783449153e-01,-2.790121674477369917e-01,6.570765489304994933e-01
9.446042886982510822e-01,6.125533034881283090e-01,7.608451441710026852e-01,6.767931711985742949e-01,9.481496211887322501e-01,7.070674060215159651e-01,3.452411734587481629e-01,5.346376060298949628e-01,4.080786198440407020e-01,7.343433640489247516e-01,5.178802672278933761e-01,6.661005430739819211e-01,8.330373554755904353e-01,5.591890414450988445e-01,9.186249590096036144e-01,8.482066488281061467e-01,0.000000000000000000e+00,9.169880495136895071e-01,7.147950346525676624e-01,6.876710548251393496e-01,5.290265852418878367e-01,9.252768446296293359e-01,8.920420566306508370e-01,8.202299560047868754e-01,7.757566406773988010e-01,9.674288525656120630e-01,5.088903619824737268e-01,5.127862660298772024e-01,5.686524493609933506e-01,3.445551522897236096e-01,4.923657694910772986e-01,7.417451749469656797e-01,2.945312213136266344e-01,5.307572744431301448e-01,9.330012305289079322e-01,4.331005427937932306e-01,3.147144266555207404e-01,7.218719009889777993e-01,4.871916642494755201e-01,6.826580672162687602e-01,4.461548996967902303e-01,6.885458119962888368e-01,4.993186126529734481e-01,5.980317107113235497e-01,8.172984618428549286e-01,8.330750446641347340e-01,7.227997047999137337e-01,2.393656130327808662e-01,8.469651321236822128e-02,9.352657887618501809e-01,9.979270613475281770e-01,6.155017430585248972e-01,5.395318900106192972e-01,7.001351154165909030e-01,9.345356384922529625e-01,4.616547420551900816e-01,3.984285847558732829e-01,4.545760066979318004e-01,7.240700086336242514e-01,3.719858028688304841e-01,2.413094945529047908e-01,5.654699792697530647e-01,5.362947302135803174e-01,9.497066980566486460e-01,8.877858437076729947e-01,5.101923622476957076e-01,8.850079817437769281e-01,9.279599272925964648e-01,3.345187652900193376e-01,7.129016150640166138e-01,6.549645472044605121e-01,9.128916649118037352e-01,5.945177730581084896e-01,5.819534238458943243e-01,9.823606773593671626e-01,6.336655569357879658e-01,4.096307488203119185e-01,4.866906319699667027e-01,3.422251229040161880e-01,4.537492576681473877e-01,3.925901648304727654e-01,6.604413988322820339e-01,5.666293733867510118e-01,4.501783975561843842e-01,3.135899506654534763e-01
4.451568436781327409e-01,8.084164410730935169e-01,5.250914178985706116e-01,7.988735850980948072e-01,5.783414763893559574e-01,6.242780225091653090e-01,5.441960152521112953e-02,9.473941046311923353e-01,7.361123174621201359e-01,3.511014040699114158e-01,4.616257356576001225e-01,6.685584325835733921e-01,8.263118476397630641e-01,9.002613682377712534e-01,6.986835094714360928e-01,5.700004775246338973e-01,9.169880495136895071e-01,0.000000000000000000e+00,5.331469613339910874e-01,7.533806712510725534e-01,8.688611350415689216e-01,6.831417412892364371e-01,2.857688204675554733e-01,8.473493629498557445e-01,2.001659347972394309e-01,6.990107430154861579e-01,8.034847318903234337e-01,3.770948010081955903e-01,4.480461617535649865e-01,2.037191512608717558e-01,1.166983412735367320e-01,9.769528937698747084e-01,4.863154773825458799e-01,7.317488883796489096e-01,4.658932078818103228e-01,4.767247481804919723e-02,4.485409603069549500e-01,9.507018054308030708e-01,6.062151594854910952e-01,8.400680701971559028e-01,4.510891499933587512e-01,5.792862561826498391e-01,5.910072678071982555e-01,2.867644704114876153e-01,9.083928749390471902e-01,6.277310748137363561e-01,6.646315059031406847e-01,5.211559909149332537e-01,6.994397175689861523e-01,4.035146741542074422e-01,7.526400289039009150e-01,5.392745885155812990e-01,7.649526323414970186e-01,6.094362885235007354e-01,9.941208071712892558e-01,4.873537911588757821e-01,7.707575777662133421e-01,2.415869437126662578e-01,8.577481433682290213e-01,1.415162960558569291e-03,4.327763296262842618e-01,9.390433462963249100e-01,3.145779562488415504e-01,3.142336445034693004e-01,7.946835904663622774e-01,3.912451145803527153e-01,4.849782473769414515e-01,9.562724687667591983e-01,9.944601666935481976e-02,5.407914959762648577e-01,9.824559806285086960e-01,4.100278630197923269e-01,3.037906315746281560e-01,3.810029371016501187e-01,7.272037222292210279e-01,3.612448089465842282e-01,4.595877062864680562e-01,9.363901039674006332e-01,3.048095204936679958e-01,3.680786195318079823e-01,5.642139639671650553e-01,5.602720818393800428e-01,8.008065992139778988e-01,5.014229859316419180e-01,6.747124387907321719e-01
