0.000000000000000000e+00,7.468830740093665987e-01,7.474666919161498946e-01,7.513894909833054303e-01,8.733934499811744079e-01,6.661474889181968617e-01,6.594876693443409987e-01,7.309509368440739729e-01,7.782935708089779858e-01,8.648199522254367277e-01,8.188425147001066051e-01,8.838548514489102947e-01,9.964526578826418124e-01,5.375202314323799246e-01,9.312080086915136556e-01,7.547247806588384123e-01,5.324129970584862148e-01,9.422942720000835326e-01,7.269481341833861077e-01,7.125608724025600527e-01,9.652022043164764087e-01,6.216626041591223339e-01,7.860907554561760158e-01,7.765453522588052770e-01,8.782732994567112872e-01,6.214242192903333128e-01,8.578252596787309114e-01,5.327467791891642435e-01,7.372452323866880430e-01,3.981713715524238806e-01,5.203555132558513874e-01,5.204038624032498728e-01,6.990071359120344496e-01,6.452399915508206796e-01,8.258904098027943785e-01,3.127555988768037087e-01,4.357538150551074629e-01,8.873006959541547278e-01,7.626523814626309794e-02,7.688558857448039019e-01,1.291571639892356294e-01,9.284744388310500751e-01,9.733083628951022526e-01,4.928143784596477062e-01,9.150410430241143755e-01,8.783964207897262400e-01,1.090656492142019242e-02,9.590038565315208707e-01,7.058904320315207981e-01,1.326620817881045411e-01,9.005597121711147457e-01,9.955878340021240280e-01,7.584324533392912127e-01,7.369002730378948485e-01,9.612202156625586635e-01,8.871114099439917355e-01,8.406335163581279968e-01,9.288238352002865517e-01,8.811524855515618926e-01,4.202750537488173510e-01,5.147748449170516105e-01,9.344529905706981943e-01,9.151517491489919998e-01,5.865510716257040791e-01,9.485172956670239186e-01,6.726196145133691573e-01,9.699365737863923087e-01,4.410787174314268477e-01,4.602912578051584491e-01,7.373120271135021886e-01,6.292258035898404822e-01,9.543074615982120035e-01,4.956682853524248533e-01,2.107227176038838079e-01,4.117402605434438145e-01,4.219635831894421596e-01,6.791658179965791575e-01,-8.513132104151585611e-02,2.470108093516093783e-01,3.043556201860276866e-01,7.558073468717340093e-01,9.927352742866255575e-01,8.670658736150407275e-01,1.567144518397055597e-01,8.845853034340485088e-01
7.468830740093665987e-01,0.000000000000000000e+00,7.431562733890594297e-01,5.786921698779193823e-01,5.198380385517556990e-01,3.923299925870888938e-01,5.018122863090275221e-01,6.277937380511298127e-01,4.161213328616550911e-01,7.282972159130829404e-01,1.482365662417814145e-01,9.822845888245501644e-01,7.593898369260645431e-01,7.364432294292552195e-01,7.619054087088958926e-01,6.807915547512464194e-01,6.425013971744409913e-01,6.371746326243228620e-02,5.948108459179070051e-01,4.833227685305015453e-01,4.019331565788700211e-01,7.335104744465716919e-01,7.737147246263337275e-01,8.141611867789990686e-01,6.881297086203412849e-01,8.270703328109085817e-01,4.149049356951679535e-01,6.817388952028713422e-01,3.995417092658314351e-01,1.581603355018607882e-01,2.638145126821836994e-01,6.786750509843646473e-01,5.630921063921783265e-01,9.642487456862628425e-01,2.620837045450045144e-01,1.207285335712473574e-02,4.269918678942919987e-01,6.084330315326819116e-01,2.208341897636792450e-01,9.117783642148333811e-01,6.335001001125737385e-01,6.270183463159106907e-01,5.797906006164674775e-01,1.144746366740273802e-01,6.310040142758244208e-01,3.860874834519127941e-01,4.162031935207011757e-01,2.154733159214853311e-01,4.660142011644521354e-01,5.851454171548871042e-01,7.227176363054109709e-01,6.908697956559219922e-01,8.628386760795563326e-01,5.395879798068967670e-01,5.926457924394750165e-01,3.863831781316117153e-01,6.588305096022937235e-01,-1.713185678135915324e-01,3.824727839381735217e-01,3.071509560426441410e-01,3.592635392919626414e-01,7.040514923258734958e-01,5.987586484488989225e-01,4.954793342713842974e-01,7.735350064250817725e-01,4.974571267407762454e-01,5.242531399541617843e-01,4.539750554177582331e-02,5.975116530806450221e-01,3.316151668644993222e-01,7.281480078405098144e-01,4.169327909811992861e-01,4.971356388427800588e-01,7.269829832358950528e-01,7.475564077266507734e-01,8.802786438541408964e-01,8.998486309767619318e-01,4.681177790282684548e-01,3.929779784132268472e-01,5.944272081450663325e-01,5.762160315289472923e-01,9.699335950040002263e-01,7.735361420774728991e-01,3.795208671873498973e-01,3.117344762090450416e-01
7.474666919161498946e-01,7.431562733890594297e-01,0.000000000000000000e+00,9.757392154699422449e-01,5.481518293392670937e-01,9.500683219483814224e-01,8.782380092602659616e-01,7.866571127698936960e-01,9.067488602530580089e-01,6.639683655362546011e-01,7.207423059775962537e-01,8.971257751224446242e-01,4.818741022308229982e-01,7.334786997173772249e-01,4.520130248619509405e-01,7.975286017767784230e-01,4.505729049354823545e-01,3.780546144117890028e-01,9.109296471649160898e-01,6.484207341435471728e-01,6.944803349295298744e-01,6.029542896743245173e-01,7.798787028500607788e-01,8.630604851030161395e-01,6.135970116326201484e-01,9.396339938018398730e-01,9.169409883308051734e-01,9.732795235041054038e-01,9.079220265501719567e-02,3.569825479523031087e-01,5.273848794307395282e-01,5.568011598518278760e-01,3.331071920360495486e-01,8.711178149994411868e-01,7.298318939199375244e-01,3.788037851576859794e-01,4.633442029438823440e-01,2.431087604444815975e-01,7.140490182272640762e-01,8.565444761825997677e-01,3.589666987634736461e-01,7.135694905210936412e-01,6.616352907374243308e-01,9.206405310127102615e-01,4.139066926975396576e-01,7.846962087865601010e-01,3.431370553162118586e-01,4.188861069674738036e-01,3.789724769628604051e-01,7.925171666488411981e-02,6.230689494698740116e-01,5.065312698485370246e-01,9.917460384988505684e-01,4.322348658249887121e-01,7.228152152178758394e-01,6.599587400985940100e-01,9.222372078094569492e-01,4.439092248898493520e-01,4.542369206559487144e-02,4.046371568907752292e-01,5.197871611995427132e-01,9.229937549926363616e-01,7.827442123282958297e-01,6.162394108822162320e-01,6.704894967474956946e-01,8.482505745687747289e-01,6.091533444563576039e-01,5.936168900517933000e-01,2.370067134789598795e-01,2.574453447954393459e-01,8.768023488827220158e-01,9.859545595078536007e-01,7.423305999858835769e-01,5.903900932987732331e-01,6.580538471266887957e-01,4.728635900674601489e-01,8.042498748895636762e-01,9.580873731261564386e-01,2.944523207133563081e-01,5.229597628220594707e-01,8.641208878851611708e-01,6.798412593937588344e-01,8.432452422073560827e-01,5.542093698455282658e-01,3.406905949890106644e-01
7.513894909833054303e-01,5.786921698779193823e-01,9.757392154699422449e-01,0.000000000000000000e+00,8.283040971656714380e-01,7.450899872909509947e-01,9.045354717680677004e-01,4.136220718770584615e-01,7.502508456171850248e-01,5.047815501496542012e-01,9.532763536671065019e-01,9.459885763035212614e-02,7.584656013603838787e-01,2.336353208727866559e-01,5.091137706851626143e-01,8.298535691153340332e-01,4.010887813169513039e-01,1.752548541704107010e-01,7.971160940392567618e-01,9.313790044973490057e-01,6.021572123281540012e-01,5.686052118532788358e-01,9.389643693728425555e-01,8.827274290015660885e-01,7.767413082876036823e-01,8.328888869527889538e-01,4.151594680202165266e-01,6.538843338807289740e-01,3.141012323792048422e-01,-1.240175653934805222e-02,4.102794023219912822e-01,4.717538996082822900e-01,9.316403088378757413e-01,3.028879091556925252e-01,4.880360098801896362e-01,3.520789398163373107e-01,1.717727155995738275e-01,4.169532128430580853e-01,9.368845553513638347e-01,8.865470465743440220e-01,3.966484566945567281e-01,4.090409404879865596e-01,6.226903071634571907e-01,7.747385367913485199e-01,6.185678868700688060e-01,7.015702959796356053e-01,5.769383003753254524e-01,5.759081456047812075e-01,6.297312818642328835e-01,6.611364392599714535e-01,6.542595310479611959e-01,7.581117272451096678e-01,9.854582993053502271e-01,5.334547377834746307e-01,9.763810875985370341e-01,7.051436796054623146e-01,7.147207146154290758e-01,6.546405033027632436e-01,8.523182173500833958e-01,3.853819748430490355e-01,4.798482752714070543e-01,6.869750212128939992e-01,8.244563806460615263e-01,5.432780557698976276e-01,7.038518016464222482e-01,8.190181044195395943e-01,8.569527924926120255e-01,4.709933365766270086e-01,2.056168063615346764e-01,9.313670398173250486e-01,4.508548521641440598e-01,8.066022999751846223e-01,2.487928541537340610e-01,3.504463033448834697e-01,5.925142009867963022e-01,4.594292860266020462e-01,9.752836534849427252e-01,7.874589452554972002e-01,2.259126490883832938e-01,3.607812102817624100e-01,7.746036696223302931e-01,9.992970507935001745e-01,5.509349021035502281e-01,5.805073624497627538e-01,6.198127009575055135e-01
8.733934499811744079e-01,5.198380385517556990e-01,5.481518293392670937e-01,8.283040971656714380e-01,0.000000000000000000e+00,6.134051078471229879e-01,4.239168189854445323e-01,7.074728435598314213e-01,5.031008398090929257e-01,9.366133047717365434e-01,2.332345986073428024e-01,6.086134098390749703e-01,8.382063278893649994e-01,6.881203341340969004e-01,4.515108998579278055e-01,2.484885823567657415e-01,6.925127798012021829e-01,6.316218116306299146e-01,7.218828798404224312e-01,8.456216195985724049e-01,7.897218616992870421e-01,2.273309248287996298e-01,7.415508893712396965e-01,6.300102976654586850e-01,7.944072987645576234e-01,1.366422947888364103e-01,7.583422099009734518e-01,8.636980983496582720e-01,6.177804337483943087e-01,5.233212767641610697e-01,3.123707595303535367e-01,5.392011933463315421e-01,9.829918626948683791e-01,9.543199759024455497e-01,7.467516889771365074e-01,7.943952101210183248e-01,5.079677384791714267e-01,2.076910443161439357e-02,6.976418010680242032e-01,9.879093234048552663e-01,5.059528710286342879e-01,7.240437039642242389e-01,5.313118619167144230e-01,8.522518605383044843e-01,9.864526874643376742e-01,8.132337239946111351e-01,5.036909683115438074e-01,7.966272326917164248e-01,4.310721851554501494e-01,6.160695329376243423e-01,6.268895712098140338e-01,6.199305527332360510e-01,4.736946788898940830e-01,7.668861160566317059e-01,8.442496565656643082e-01,7.005038207509008963e-01,6.724453524397200344e-01,5.431754236539196867e-01,8.453515929801105333e-01,5.763079415219362067e-01,6.257730731984227912e-01,2.158963083429451257e-01,8.685657213785731301e-01,8.115113155782841536e-01,6.515700947590233882e-01,4.947581053751213265e-01,6.156648374804667423e-01,8.970922684972868488e-01,4.048798943344044665e-01,4.790286530599157655e-01,7.236854644214928411e-01,6.832590182470171802e-01,7.117240410930781858e-01,2.226202490030239900e-01,3.511722278144070453e-01,2.964095004160871016e-01,7.306876889308233647e-01,5.735453431958539294e-01,-2.779653254013939589e-01,1.647346054364959983e-02,-3.104978628904059290e-02,9.007442391021499573e-01,9.999039070993562817e-01,4.429265348599213947e-01,4.971679129194757629e-01
6.661474889181968617e-01,3.923299925870888938e-01,9.500683219483814224e-01,7.450899872909509947e-01,6.134051078471229879e-01,0.000000000000000000e+00,5.185472138138884635e-01,3.519481930828786131e-01,6.695993471587056156e-01,7.933521983745985828e-01,7.546992761305398867e-01,6.893021880282590441e-01,5.910070759698340948e-02,8.259404499893070462e-01,4.081840211059731272e-01,3.152835147357039292e-01,9.993098459275833179e-01,7.095251084119925666e-01,6.178502080282886055e-01,4.938312627319862425e-01,7.337820705768809404e-01,5.837228210003388984e-01,5.679377036979150750e-01,5.911360754605941015e-01,4.376364254420752053e-01,6.311043920642710470e-01,9.882820144540173102e-01,7.152821480482965955e-01,3.965614118635415464e-01,3.410283582733689700e-01,3.761971873628083135e-02,5.706424632745479286e-01,7.301630712727463779e-01,8.597378040252035003e-01,4.607892467448262974e-01,7.403607773003462178e-01,5.509211063673957742e-01,4.505762159267074352e-01,1.144154620708518061e-01,9.989117232181188299e-01,7.979966441694844592e-01,6.057656459287594775e-01,7.960580815389233234e-01,7.597003488736261412e-01,9.939357713548557793e-01,4.510789917093097068e-01,5.005125474788446605e-01,4.643194561822417965e-01,3.063665076213900051e-01,4.169543141575518530e-01,6.928968416493309634e-01,7.473646180411097628e-01,4.892387059417833695e-01,5.687037971618089660e-01,8.075897084545560212e-01,9.080153334723243264e-01,3.133981812570651448e-01,2.507789797002333287e-01,6.605086200478114122e-01,3.038383302250674545e-01,4.209147417840128913e-01,2.727879710013101366e-01,7.115028419583339092e-01,6.671402230336705985e-01,8.553283086744115638e-01,7.087725774953544944e-01,3.494867452160109189e-01,6.894104508297583811e-01,4.944470240133274075e-01,5.160688884017274880e-01,6.251741687194963815e-01,7.841769922459902453e-01,4.418607800842364597e-01,2.128884211121608860e-01,7.229556670395367868e-02,4.832069466340783714e-01,6.565733033765739357e-01,5.801424522499317726e-01,4.585959902762152818e-01,7.084931393195369187e-02,2.668799117892163286e-01,4.465421748758345299e-01,7.440209450703179073e-01,-1.952843111512969632e-01,7.095257612017609183e-01
6.594876693443409987e-01,5.018122863090275221e-01,8.782380092602659616e-01,9.045354717680677004e-01,4.239168189854445323e-01,5.185472138138884635e-01,0.000000000000000000e+00,7.387785877799016854e-01,1.200685735281828981e-01,-5.091186328400584826e-02,5.025714183652953970e-01,-2.430433497119258712e-01,3.849737667784834949e-01,5.487859198850569831e-01,3.874073969116387239e-01,7.528511314752081018e-01,8.384801577269589412e-01,4.775296092438345852e-01,4.613493271835039655e-01,6.177809824137516781e-01,9.506401534464387071e-01,5.536874186884346294e-01,6.952168926166355511e-01,9.228020922733644049e-01,1.585388718233782246e-01,5.861017940393223880e-01,6.114193817779528528e-01,3.822930020445036159e-01,5.521294629350639305e-01,4.098556052534924055e-01,3.699092058613537848e-01,3.381022241010451790e-01,6.047335115553217344e-01,6.128832564030796126e-01,6.790909347423278453e-01,4.175774288139693646e-01,1.605526667909549371e-02,4.068952510104457687e-01,5.268820779035949808e-01,1.068130269848917568e-01,5.901184917256838691e-01,4.997086830920005607e-01,3.245635772583083112e-01,8.571493501488672839e-01,5.648573933180143225e-01,5.175349716544206391e-01,5.064985278366175292e-01,6.827933177017668775e-01,6.733889257959175811e-01,4.299494438260633711e-01,5.486595380544950773e-01,8.599307849534768566e-01,6.017435993572513020e-01,4.483191745415204821e-01,7.453853607203162479e-01,6.788149384972258504e-01,7.194644627071451748e-02,5.670866227311617269e-01,2.591650426998243217e-01,7.556695355964139216e-01,5.228694584947219948e-01,3.562564890051136413e-01,5.773385209799795081e-01,5.637755211869339700e-01,3.397414244481313794e-01,2.296496049571480624e-01,5.077478245189422923e-01,6.656552964099488046e-01,1.552160646576471736e-01,4.325205751162702894e-01,4.363893268879738829e-01,3.860747391980715593e-01,5.134589843024085498e-01,2.301131474450342773e-01,5.050066732787265034e-01,5.563497573234862381e-01,2.290960892501378021e-01,3.850747474367153256e-01,3.806629337290724502e-01,1.757788934310193785e-01,6.927636243515946646e-01,9.062787325725490950e-01,5.006844555646180472e-01,7.973486718800918416e-01,7.186931336327251341e-01
7.309509368440739729e-01,6.277937380511298127e-01,7.866571127698936960e-01,4.136220718770584615e-01,7.074728435598314213e-01,3.519481930828786131e-01,7.387785877799016854e-01,0.000000000000000000e+00,5.183127769760290660e-01,7.883779075152347326e-01,6.926251890383184895e-01,4.583058341841956262e-01,7.596200355893701905e-01,8.106667875850782634e-01,3.074179509710532887e-01,7.050602918561360566e-01,5.805962334103529354e-01,5.064360242697313330e-01,7.339802396310857180e-01,5.072106948719936614e-01,6.893869555098924851e-01,7.992419306941265233e-01,7.452359581223726437e-01,6.495073077619761825e-01,3.835867398078544044e-01,6.635776493403184872e-01,6.678367363877699692e-01,6.152552719306140228e-01,3.215453638893590038e-01,3.806332598565855818e-01,4.801870297232168072e-01,6.099218602637457298e-02,3.921620017978624251e-01,4.111678728930730498e-01,7.162573262371142446e-01,3.509265491781585755e-01,2.711571527993336117e-01,6.855893339797886066e-01,7.222301937597201960e-01,3.056326785143029801e-01,2.520753407543454006e-01,3.730315332259055983e-01,9.984108569722145443e-01,1.238209584418007991e-01,4.698395346444010912e-01,8.754415189918940410e-01,6.275068068558780077e-01,4.986714001704075083e-01,3.796623577058044208e-01,5.046650094867881631e-01,4.958559398186386802e-01,2.014138880023529643e-01,4.525350729041731079e-01,3.142983606944614872e-01,5.651081263978563474e-01,8.941937280437449731e-01,4.857895081222753930e-01,3.790517308686692788e-01,6.133282691705161938e-01,5.411472536931569710e-01,5.592617005367006566e-01,4.322744908779251882e-01,5.706642478880750158e-01,5.741290982076088234e-01,4.565276464561260350e-01,4.830043525909286650e-01,7.529924221644712645e-01,9.866200513279231865e-01,4.857272111981199569e-01,4.540079345128167909e-01,6.727898998947693388e-01,5.866707461945640523e-01,4.464256721020872787e-01,6.391423028255869276e-01,5.747827962415719139e-01,1.602715309595472912e-02,4.249001246384172259e-02,6.702357503677787154e-01,2.828092995666942611e-01,4.388756092278517928e-01,2.760627647809578145e-01,5.664198583176267565e-01,6.200205258709272638e-01,3.642554773683469582e-01,6.225447748850665430e-01
7.782935708089779858e-01,4.161213328616550911e-01,9.067488602530580089e-01,7.502508456171850248e-01,5.031008398090929257e-01,6.695993471587056156e-01,1.200685735281828981e-01,5.183127769760290660e-01,0.000000000000000000e+00,2.757173658463384358e-01,6.551198021523235715e-01,6.607543287942566623e-01,6.647642243044796784e-01,6.842404281394381949e-01,7.140579588685294077e-01,4.175066846475452009e-01,9.259418152012794945e-01,5.951534596420723355e-01,5.471001610013522809e-01,1.019739861332019104e-01,7.849067464334944511e-01,5.635524628676155112e-01,4.492305226317789280e-01,4.403263135534211115e-01,2.060221328609988245e-01,4.891300777189671045e-01,7.613825386323651578e-01,7.773220523847057528e-01,8.569479459101292385e-01,3.320211477875044115e-01,5.177482373714908936e-01,4.251329763435757192e-01,3.515515787203712383e-01,7.382076458726041235e-01,6.428067998513226078e-01,2.512545673992041539e-01,3.131791151105796089e-01,4.665164458456058094e-01,9.826934462704993711e-01,3.299344554019272291e-01,4.393626836719837780e-01,1.312000547800346029e-01,7.396658542109606493e-01,6.768321611673276950e-01,8.503118878951145820e-01,7.826689644022386538e-01,4.514357986116520616e-01,6.170760083493955772e-01,4.700197865798672048e-01,1.072600458113674160e-01,2.800746768349356985e-01,7.010452986866910763e-01,7.820305003831780066e-01,4.738931659120037554e-01,9.661492290793753934e-01,6.662382813957274941e-01,2.799608343222310114e-01,4.876230804581284106e-01,9.826242164707278404e-01,-4.725279555468631099e-02,9.993265353947268503e-03,2.582504162137160830e-01,4.474130911048384007e-01,9.937164146938297637e-01,4.694101054092871816e-01,5.200806890434557239e-01,2.780086026150740408e-01,2.723658012793099825e-01,7.294445785074282762e-01,7.306001920398024208e-01,7.431652269412696299e-01,9.770007062937554609e-01,3.009147098551957500e-01,2.944052014058627931e-01,7.867219666523816990e-01,2.722000771185226764e-01,6.894354575948515862e-01,4.681807882042997582e-01,3.151231512580083827e-01,-1.636767373439186324e-01,6.449922134200318791e-01,7.210740390488821205e-01,6.497625745432543676e-01,-4.858310501752771682e-02,7.134720603451900622e-01
8.648199522254367277e-01,7.282972159130829404e-01,6.639683655362546011e-01,5.047815501496542012e-01,9.366133047717365434e-01,7.933521983745985828e-01,-5.091186328400584826e-02,7.883779075152347326e-01,2.757173658463384358e-01,0.000000000000000000e+00,6.008230523840382142e-01,3.975320886520539165e-01,6.362610044690126809e-01,7.480505192659928637e-01,7.176970630832529841e-01,9.870059414629105410e-01,5.147382563304794267e-01,4.790803011188937699e-01,4.610064806412431659e-01,6.315350675205591013e-01,8.501681660442164112e-01,6.836604841262534649e-01,5.809032667772108249e-01,8.614512290124033411e-01,6.076672512911402979e-01,7.467288431060490339e-01,8.537584938805966583e-01,7.010204266055073408e-01,3.101356646388810923e-01,3.200933317984779314e-01,1.251227980016882471e-02,4.357226068267381347e-01,5.674190711743347659e-01,6.800295171172665576e-01,2.216038055619272973e-01,-1.118866694232526632e-01,5.345639854520759515e-01,4.408047530367704137e-01,9.767954717746694104e-01,3.892004881736879085e-01,7.049653550479391129e-01,5.884014712438179195e-01,7.491266828070008987e-01,6.491304872857271979e-01,5.942374029200852004e-01,5.772269650244805650e-01,6.569301471385246005e-01,4.793528685174496817e-01,6.890972031324852365e-01,6.415241647179203976e-01,3.784041219554860058e-01,4.997913454763698859e-01,7.292882767375410413e-01,6.084804458278572081e-01,-1.908323431083968624e-01,6.191374990849813909e-01,7.951591259553086877e-01,8.471172326108438178e-01,8.314462304925431813e-01,3.727393085757093605e-01,2.857222887989078752e-01,6.177855302467767373e-01,7.827088565846597179e-01,8.067221264968508221e-01,6.967620683474504695e-01,3.890188468433039559e-01,6.892294488004143682e-01,9.496556208507638264e-01,7.834102225401651243e-01,4.450271745086877284e-01,2.587760925703653236e-01,8.591338391569997013e-01,3.392001892756646431e-01,9.702768323550133023e-02,7.317714805912863829e-01,3.490531435609732225e-01,4.605048878778329469e-01,9.799519071159874528e-01,3.009115641049919798e-01,4.574371637625737619e-01,5.867571612033730677e-01,9.431490697880016150e-01,4.070304486883330464e-01,-7.972082498900975867e-02,5.788927004290118639e-01
8.188425147001066051e-01,1.482365662417814145e-01,7.207423059775962537e-01,9.532763536671065019e-01,2.332345986073428024e-01,7.546992761305398867e-01,5.025714183652953970e-01,6.926251890383184895e-01,6.551198021523235715e-01,6.008230523840382142e-01,0.000000000000000000e+00,6.389793512334616121e-01,8.770376538416920775e-01,8.847354371496969350e-01,7.425611310328836812e-01,3.667316394290841552e-01,8.301966613186464450e-01,7.894898475614686717e-01,8.708002358846769209e-01,8.676628007016897737e-01,6.080297119499379344e-01,3.027771502070896181e-01,7.717390836403570376e-01,9.115904971776156440e-01,2.834062853426914663e-01,4.773003106487130331e-01,2.851147217036235637e-01,7.890363906914095171e-01,5.485806837245890133e-01,3.093247119585107452e-01,8.827850528992312040e-02,6.193368510296750618e-01,4.788592996026529991e-01,5.743127612790792647e-01,5.988348748225678086e-01,3.489458122662956185e-01,3.811892974374418985e-01,-2.897446197557090874e-02,5.109754593183341020e-01,2.070595367604999015e-01,-3.237882359029581325e-01,5.025535060987634806e-01,7.524929239592730301e-01,5.420310237614036630e-01,9.131543063013788375e-01,7.968470071580080472e-01,6.995940846941792746e-01,9.893242708066893876e-01,3.135395421863813592e-01,6.664819924833553788e-01,6.962822978450508016e-01,4.348719150471803130e-01,8.884356341615385899e-01,7.977423307896498450e-01,6.928745318732312253e-01,9.951691890317517775e-01,7.083191675306863555e-01,7.393573877632394487e-01,6.384573918614053767e-01,2.445402938141303939e-01,5.201346343932097271e-01,1.886909177649299663e-01,7.470628291666222554e-01,6.806193201329967524e-01,7.048026044441764171e-01,2.527040337518386970e-01,3.139741511250333517e-01,9.389464913493785758e-01,2.389961707506838839e-01,7.981655583677031984e-01,9.354502741404990829e-01,4.739487357424727043e-01,7.017480714538631981e-01,5.332810711691007288e-01,3.390576700021664114e-01,4.074537887056456920e-01,4.756092294296169198e-01,4.621369551911553852e-01,4.044666720711620478e-01,3.298674636631093726e-01,4.219762297212883428e-01,4.514348418337795210e-01,5.748829799885701863e-01,5.024213831301294064e-01,7.236894944919797235e-01
8.838548514489102947e-01,9.822845888245501644e-01,8.971257751224446242e-01,9.459885763035212614e-02,6.086134098390749703e-01,6.893021880282590441e-01,-2.430433497119258712e-01,4.583058341841956262e-01,6.607543287942566623e-01,3.975320886520539165e-01,6.389793512334616121e-01,0.000000000000000000e+00,8.028336403967749613e-01,3.187914458003757168e-01,3.777218567293653684e-01,6.752783262295152245e-01,-3.332615224607550775e-01,6.631950690039600804e-01,8.757595992255033934e-01,5.511486409490842231e-01,6.225590200235803229e-01,7.420036841176534947e-01,6.765264265730290827e-01,7.571543920862979782e-01,7.343455181046349978e-01,7.662533041396074607e-01,6.801669790343211064e-01,7.027319925515681520e-01,4.993785355207517318e-01,1.657306640664286401e-01,2.264365430451358296e-01,4.659159755190832586e-01,4.843251525169857685e-01,7.428946958010476109e-01,5.088573373734183170e-01,7.351544782186338889e-01,1.636051662400425100e-01,4.913715305007863021e-01,7.647677034727626832e-01,4.320946413148776810e-01,5.984822347056656389e-01,6.738348595231922200e-01,7.251205574794327147e-01,2.144682202504248347e-01,9.979702213396169919e-01,6.063958299426254195e-01,5.687391480989475445e-01,7.493280474723436058e-01,4.300771064402957311e-01,7.251450561408965267e-01,7.468290799056117590e-01,7.528047549337402167e-01,6.732610790515689558e-01,5.840558639716222356e-01,7.016179619800004819e-01,9.151408544172887627e-01,7.244111463814719709e-01,2.406290177803369901e-01,7.786441406233806095e-01,2.634646825581126173e-01,2.185972807947091923e-01,4.228794559611985804e-01,6.802347120283591675e-01,5.562116365966690568e-01,6.192833295594670773e-01,6.948483950729426040e-01,7.371038145215165205e-01,7.861247719372255194e-01,4.457536618269788975e-01,6.526580847249793260e-01,6.132919354134982459e-01,5.776061925457223190e-01,5.218285591449640659e-01,5.866153861417002791e-01,9.035130823966220914e-01,6.041818961771021623e-01,6.875124047805784011e-01,6.071988275413296998e-01,7.384774693922966371e-01,3.783598811113574878e-01,4.783332537833231979e-01,5.558103018541343809e-01,6.671004282858598033e-01,7.318995414594384741e-01,6.156074448385547848e-01
9.964526578826418124e-01,7.593898369260645431e-01,4.818741022308229982e-01,7.584656013603838787e-01,8.382063278893649994e-01,5.910070759698340948e-02,3.849737667784834949e-01,7.596200355893701905e-01,6.647642243044796784e-01,6.362610044690126809e-01,8.770376538416920775e-01,8.028336403967749613e-01,0.000000000000000000e+00,9.388559367389869292e-01,3.055972493925425137e-01,6.378054947133440233e-01,7.855028048247120198e-01,9.669367362210559147e-01,3.770983671898113787e-01,6.961853391126723301e-01,7.155052032008337726e-01,9.453223643236423612e-01,9.867819493841561984e-01,9.576618018973221957e-01,5.652460025885308603e-01,8.202925008372622395e-01,9.467415116035585720e-01,4.395619898580548912e-01,6.385661501558259623e-01,4.388102390740247771e-01,5.329499511907825893e-01,3.972532402590813749e-01,1.809625798177064704e-01,7.738299467155769218e-01,9.938378617436709472e-01,5.148498462236837936e-01,3.865304956930177283e-01,4.318925464138198000e-01,7.992759271797886811e-01,7.316835929069795963e-01,3.596195332027436464e-01,6.378346489683427434e-01,9.085549773161278875e-01,3.494531434418708393e-01,8.791386487930157312e-01,8.720652006231094377e-01,3.054078009639500380e-01,4.486146294108246391e-01,7.958484537005308113e-01,5.459430507125813126e-01,9.727118515605833737e-01,7.062810290667143054e-01,9.260159833788944583e-01,5.557029373147377438e-01,7.987864578361225654e-01,5.166722567415678036e-01,6.856242040346088862e-01,8.580666824971621143e-01,7.003658221342086154e-01,4.192312961974248853e-01,7.191437281231181089e-01,4.371680324098043968e-01,7.544320818186093236e-01,5.659199531817428186e-01,9.191150993611951758e-01,6.436199581141306414e-01,6.466260241648313922e-01,5.063603614727426594e-01,6.803714647424643491e-01,8.339712877507239330e-01,5.757478593240422660e-01,4.865588851307645624e-01,5.865994151877611529e-01,4.737168146822551273e-01,4.804909455459217549e-01,4.800520312238159004e-01,9.531197148199174185e-01,9.084080142478541120e-01,1.654565851112314856e-01,4.107083426592871844e-01,4.742313733092814454e-01,8.084163276181491886e-01,6.727670025231688999e-01,6.651238872536635593e-01,2.124204403085425408e-01
5.375202314323799246e-01,7.364432294292552195e-01,7.334786997173772249e-01,2.336353208727866559e-01,6.881203341340969004e-01,8.259404499893070462e-01,5.487859198850569831e-01,8.106667875850782634e-01,6.842404281394381949e-01,7.480505192659928637e-01,8.847354371496969350e-01,3.187914458003757168e-01,9.388559367389869292e-01,0.000000000000000000e+00,8.123012482186654504e-01,5.586846050767947380e-01,4.052218663088607009e-01,9.979703775784305453e-01,3.452434284733050252e-01,2.940975544991806245e-01,8.072038321669869898e-01,2.336364244993372474e-01,9.724139322338880564e-01,7.873289016874810420e-01,4.178979701427566473e-01,9.545865385895783151e-01,6.539698831787960076e-01,5.192928134212748681e-01,6.958736214988147095e-01,2.968175835607431701e-01,3.065105931802703521e-01,7.813833167800979251e-02,3.740684625488562287e-01,8.055276766110238684e-01,6.022466913466444360e-01,5.216729465618026307e-01,3.879639551132956776e-01,9.445812175878326444e-01,7.097712314396684707e-01,7.994867044696079006e-01,4.227753275044650039e-01,1.153458639518301077e-01,5.299737242923034941e-01,4.647744520345439834e-01,4.905926390015172278e-01,5.236247229557788874e-01,6.834983613421051762e-01,7.487459395309143950e-01,2.915287762894734347e-01,6.360992983697273395e-01,9.322023036164733822e-01,6.023262116052718884e-01,8.641848824611517710e-01,8.736528429850596300e-01,1.676219590186742991e-01,8.823256567489291546e-01,8.860957399828487402e-01,6.575253198542917454e-01,7.143956812336716977e-01,1.236642204578041054e-01,4.227928318172480826e-01,6.147941096470029843e-01,7.752168481532164535e-01,7.299570162616508817e-01,7.244887861079838398e-01,5.943809855389574626e-01,9.886506676878694666e-01,8.460791241271147234e-01,3.018590085926781685e-01,8.452606682081983402e-01,5.724611990516166316e-01,7.878791218605247781e-01,7.108268208820734957e-01,3.731861281319169277e-01,6.247594379331025127e-01,9.883207128616198212e-01,9.168033921345581927e-01,5.487714129759866388e-01,2.534140937200197174e-01,4.004806599579457949e-02,9.463901239774827889e-01,6.048273935954513458e-01,7.560673061934570782e-01,5.469731026268120910e-01,6.323581535793975084e-01
9.312080086915136556e-01,7.619054087088958926e-01,4.520130248619509405e-01,5.091137706851626143e-01,4.515108998579278055e-01,4.081840211059731272e-01,3.874073969116387239e-01,3.074179509710532887e-01,7.140579588685294077e-01,7.176970630832529841e-01,7.425611310328836812e-01,3.777218567293653684e-01,3.055972493925425137e-01,8.123012482186654504e-01,0.000000000000000000e+00,3.006738100614667064e-01,6.039082898679309919e-01,7.065203929557031248e-01,6.140849368159276844e-01,5.093828115302220239e-01,7.535328367406919359e-01,5.843987239275678924e-02,9.301222395589020531e-02,9.162321736912777403e-01,7.860031904092626975e-01,7.153954431401493563e-01,5.823325264922404321e-01,7.903548592938760553e-01,5.231167854870224510e-01,2.807759366694312919e-01,9.532279970252746648e-02,6.993573130165815499e-01,4.226281659790257494e-01,8.265091203048228197e-01,3.371893730363254571e-01,3.933764976083371501e-01,1.508825106769871027e-01,5.799448685172676754e-01,8.494387726949633732e-01,7.785748910901161279e-01,7.286856555707732497e-01,6.611016609289899204e-01,5.836676966557147184e-01,2.015741128817656880e-01,4.050380788210193872e-01,9.938726247536386893e-01,2.660621968774161128e-01,6.862530473503793971e-01,5.501391387297486224e-01,4.497566454751895093e-01,2.953891820993408482e-02,8.567818777048409329e-01,1.842454698505102406e-01,5.348884594741861731e-01,8.700848037078294794e-01,6.317500562341552550e-01,7.827717230115849301e-01,5.957610891951521381e-01,7.431672693498654336e-01,6.117242205473547717e-02,2.530230512070496540e-01,6.149000843362413260e-01,5.179224614205164556e-01,5.372110639085183603e-01,6.280445114007640051e-01,8.921269678478058740e-01,3.830728404521780428e-01,8.230628301830369420e-01,6.682337375247625610e-01,8.634921972937878998e-01,6.428331371880778855e-01,3.125870694104351255e-01,2.994709159331218062e-01,9.593602005493172269e-02,6.490034901784080823e-01,4.389703817315063761e-01,-1.830462975372629253e-01,5.093436281204543059e-01,5.298424975916680157e-01,2.258742145552015135e-01,2.111868852829130450e-01,7.082531584995244156e-01,9.107755736225656706e-01,2.703069659737053487e-01,5.258072974806007327e-01
7.547247806588384123e-01,6.807915547512464194e-01,7.975286017767784230e-01,8.298535691153340332e-01,2.484885823567657415e-01,3.152835147357039292e-01,7.528511314752081018e-01,7.050602918561360566e-01,4.175066846475452009e-01,9.870059414629105410e-01,3.667316394290841552e-01,6.752783262295152245e-01,6.378054947133440233e-01,5.586846050767947380e-01,3.006738100614667064e-01,0.000000000000000000e+00,5.362137848560486475e-01,7.171222283763850625e-01,8.726400028128673547e-01,6.000752548784428209e-01,6.500288867134145221e-01,7.840742693016714560e-01,5.514066080041417628e-01,8.044634692135966825e-01,4.658160461574746836e-01,6.357578152084981671e-01,7.763366762465317983e-01,5.817825705013011245e-02,1.598889778367949266e-01,6.176834667649909738e-01,5.419614871003810563e-01,7.178125202482874556e-01,9.915145896847807894e-01,6.704029552868834285e-01,5.805858553758059815e-01,3.336335185189328589e-01,4.198259216912615943e-01,7.667358688423424606e-01,7.588354866069180193e-01,4.570994654689776171e-01,4.409207683471323969e-01,9.563178381081997026e-01,6.027247524670658052e-01,6.895835352001176144e-01,5.775608214363716630e-01,5.345479243048439910e-01,6.374920826879412195e-01,8.312145789956572051e-01,2.712159937481289917e-01,3.105542604495434289e-01,5.151774157957178524e-01,8.456350080838939132e-01,6.944098670634447634e-01,-2.665292681231334337e-01,9.762381224613572162e-01,9.537027139008678045e-01,4.454705872415576917e-01,1.730560574618637271e-01,7.544275979147938571e-01,5.738939696103519950e-01,5.345723249446469039e-01,5.106891589686447519e-01,-9.898167502040450261e-03,6.067389809314369664e-01,6.395847593125374431e-01,3.674816429175234433e-01,7.885591451200020252e-01,7.891471199088370136e-01,6.442709331744677081e-01,5.528595890471375007e-01,9.884403817323867969e-01,5.434068241115246334e-01,3.456250442498642883e-03,3.706024244105118326e-01,2.428447836515495173e-01,7.927206222765339483e-01,8.366859795863926252e-02,9.688213305389570262e-01,5.650002891408656414e-01,2.583259007644963523e-01,3.860090392848921081e-01,6.963387431987986265e-01,5.740887299897172724e-01,1.772991265179416354e-01,2.070454913419497722e-01
5.324129970584862148e-01,6.425013971744409913e-01,4.505729049354823545e-01,4.010887813169513039e-01,6.925127798012021829e-01,9.993098459275833179e-01,8.384801577269589412e-01,5.805962334103529354e-01,9.259418152012794945e-01,5.147382563304794267e-01,8.301966613186464450e-01,-3.332615224607550775e-01,7.855028048247120198e-01,4.052218663088607009e-01,6.039082898679309919e-01,5.362137848560486475e-01,0.000000000000000000e+00,8.098772612837565887e-01,3.366837546868420850e-01,4.421080112152732666e-01,3.485584890614004117e-01,3.636905211070112776e-01,6.473453880560184892e-01,7.454636707825416098e-01,3.020613303342392086e-01,7.928486940811698691e-01,7.001783649943223997e-01,4.953105647391342625e-01,2.469558505365455903e-01,1.579004782827437281e-01,4.135581715886129661e-01,5.060482359024506271e-01,4.621740946175757481e-01,7.195363243099943684e-01,6.141189470078345369e-01,4.476004357568719172e-01,4.386864880211510664e-01,6.523201610659823402e-01,6.452552153725263917e-01,6.579941376813877030e-01,5.833761038515152819e-01,6.312727897109852160e-01,6.715504823972806570e-01,2.045725953672746233e-01,8.375999865076187989e-01,3.187924020408792747e-01,8.057947367469084909e-01,5.949355457974666583e-01,4.435500314743306416e-01,5.061506433602614985e-01,9.832268635601788542e-01,4.143873547944812441e-01,6.343713051108774703e-01,5.538973779126312724e-01,4.766558610657665174e-01,7.881666594052807451e-01,8.197639027115629640e-01,4.148624940484038071e-01,9.610273092877748002e-01,2.519262653720433787e-01,-1.628829847554867094e-01,7.185632415338563117e-01,3.341120790275589059e-01,6.105543502094823438e-02,7.131829382787319149e-01,5.186419949387386374e-01,8.620380143395959260e-01,9.710364216475841914e-01,7.533491767771171022e-01,3.153930014796904602e-01,7.084838808933184851e-01,9.547864635314800008e-01,1.288048736033423625e-01,7.235330660427188310e-01,9.890600960770818961e-01,8.249026511991689459e-01,3.398206121439583116e-01,6.248936303867601572e-01,2.161469873349642634e-01,7.136075951294492681e-01,3.708122006625952372e-01,7.137271656694872402e-01,8.626290525220949856e-01,-1.288255043047060733e-01,4.542434419404847157e-01
9.422942720000835326e-01,6.371746326243228620e-02,3.780546144117890028e-01,1.752548541704107010e-01,6.316218116306299146e-01,7.095251084119925666e-01,4.775296092438345852e-01,5.064360242697313330e-01,5.951534596420723355e-01,4.790803011188937699e-01,7.894898475614686717e-01,6.631950690039600804e-01,9.669367362210559147e-01,9.979703775784305453e-01,7.065203929557031248e-01,7.171222283763850625e-01,8.098772612837565887e-01,0.000000000000000000e+00,5.531366068843733830e-01,7.689937609974254462e-01,8.240514820428175291e-01,3.789551696196552522e-01,4.564021781153086432e-01,6.633470506168084313e-01,5.990746667216049204e-01,8.162655353383535539e-01,3.700171888861825131e-01,4.346061949271118885e-01,3.974762744297737904e-01,1.127820376394872703e-01,5.649987926113324566e-01,5.017421716500711781e-01,7.502616387172931223e-01,6.757590866153235787e-01,8.299671005655603340e-01,6.872611944999129641e-01,1.211444077322204049e-01,3.521235091547868512e-01,8.985236898559217922e-01,4.440598170928157229e-01,4.777543503675792946e-01,3.092092843778031508e-01,6.240334993180538525e-01,3.256984184974928143e-01,6.062458954930999289e-01,4.651015397924268546e-01,2.744317924005542642e-01,4.432614353371279736e-01,7.842157049327149743e-01,7.006356014298760204e-01,6.607718715714588908e-01,5.085646225104668572e-01,6.713539524233279598e-01,7.954066085161050070e-01,6.829674943535217757e-01,9.204581753399027066e-01,5.876771836431884388e-01,8.987343459491715647e-01,8.590099841804288427e-01,7.329216082444693914e-01,2.582313013231030130e-01,3.729785771038677256e-01,3.507919755289788943e-01,5.426730853652205200e-01,8.030518019691625931e-01,5.040127958436042555e-01,7.690391571939125814e-01,7.850713801470631248e-01,9.389915738416354518e-01,4.589493685605671169e-01,9.409464672174759903e-01,6.492071391279289339e-01,1.809055168459780261e-01,1.847240828406442603e-01,4.557076559020117879e-01,6.960702766389366136e-01,5.018138283750852580e-01,4.935333408803195820e-01,9.763242762946365838e-01,-3.473676346130759041e-01,4.424564938494161548e-01,6.880795764323250907e-01,8.482744612251786887e-01,1.291000375047661186e-01,2.812984252176626843e-01
