0.000000000000000000e+00,7.052573807379596271e-01,7.063309287593100283e-01,4.283121319591947640e-01,8.841217341318342582e-01,4.072132103968514882e-01,9.799051518874127842e-01,6.984985380135420030e-01,2.810377070960911050e-01,9.661943390888878547e-01,7.181982329023196554e-01,8.463566419101409277e-01,5.255264383201160294e-01,8.270419045464407759e-01,5.209353047230156353e-01,7.528690083222238094e-01,1.166600777829293334e-01,9.642982766881761370e-01,5.360541299522120218e-01,7.696349058879470295e-01,7.271004451547294911e-01,3.870813596835319670e-01,9.336870510288617364e-01,7.279430256593274473e-01,6.261055401292033862e-01,9.890776822396406542e-01,8.866410437356991858e-01,9.945439022121186357e-01,5.514840897270053555e-01,5.145213094397046438e-01,5.951979004485998814e-01,8.629032347160081606e-01,5.912366851938393175e-01,7.152142600596418376e-01,8.571881700279306848e-01,5.715618593505497058e-01,5.565917614572810646e-01,4.505806894056640366e-01,4.518604133793377442e-01,8.093900883535208868e-01,8.103983154484203366e-01,9.985721357212252736e-01,6.998168950369775265e-01,9.923005684889907307e-01,5.592881086169501081e-01,7.327228193545134438e-01,6.311412075632285568e-01,9.080803533859257426e-01,6.892049105119676389e-01,4.034146135888771467e-01,7.993404601303497614e-01,3.012309866499815469e-01,5.685281306952565394e-01,7.699446042637047016e-01,9.288533582927503973e-01,5.875126457576185235e-01,1.046722842348414284e-01,6.886802121530184451e-01,6.625597051745548693e-01,5.253953918255489519e-01,6.480835260584418833e-01,6.963546276587706529e-01,5.643669034117875238e-01,5.069474216947991163e-01,6.209343480460343123e-01,6.724842163890103475e-01,4.659993393407240725e-01,7.549771646230905020e-01,9.581929594344313905e-01,5.789892295175220749e-01,2.100976048967808651e-01,6.996060771107349696e-01,2.563180340707503779e-01,2.091295578630660013e-01,3.546361998437063678e-01,7.480693002222745802e-01,7.921084613127169494e-01,4.308966882432023193e-01,5.165670889755971107e-01,2.126342000234009988e-01,5.037862780613555636e-02,7.254928966123583844e-01,8.257847466307077777e-01,5.790660081548866245e-01,7.217999879287861908e-01
7.052573807379596271e-01,0.000000000000000000e+00,4.973830144205956261e-01,9.566396258130086538e-01,6.111460475150020111e-01,7.157082488112590513e-01,5.188648506124557969e-01,5.194508989952746347e-01,5.426341818954268925e-01,9.864905257738735278e-01,5.943818092191783808e-01,4.925537170750127758e-01,5.189090518853892720e-01,9.013359401491416456e-01,5.303733727666078979e-01,3.984626852928727092e-01,7.309194453224608923e-01,3.893592474773531764e-01,2.914383516825452825e-01,6.795717750041850858e-01,6.994453868383291306e-01,4.892541294273122232e-01,7.750254457098735283e-01,4.688983240744938330e-01,4.973358410267280649e-01,4.092523640558576314e-01,7.991862303466614748e-01,6.959555703261741666e-01,-1.269425863128635368e-01,4.730775903380424197e-01,4.674708436111632559e-01,9.364984325084201311e-01,9.641699130821919095e-01,7.722421801942503938e-01,4.746808674517396520e-01,1.354198216714861541e-02,2.509568322168997390e-01,5.841514549061623818e-01,8.165866545729383308e-01,8.018334090848605600e-02,5.372217577612619088e-01,6.887189488455621733e-01,9.962256373070560445e-01,6.038354994792157759e-01,8.715458862904782444e-01,7.872602420355379049e-01,4.937316330363616945e-01,5.263275669286108238e-01,2.879468231411986823e-01,1.710434049052647065e-01,4.223321944512671289e-01,9.988559775001374375e-01,9.650697574390429967e-01,9.810624947060785361e-01,2.227647609342745527e-01,8.841312586295926312e-01,1.427170942706452172e-01,3.861389759928213206e-01,8.340490182496117511e-01,3.693436304240172996e-01,3.681316985675083808e-01,2.360848525871730996e-01,4.688628190000375673e-01,8.673607524756034026e-01,4.701135528010341180e-01,9.540644494491226091e-01,6.773077696534133274e-01,5.748377434581262158e-01,5.427000707169280513e-01,1.857668535478650129e-01,8.725187642954097544e-01,7.767734784474666920e-01,1.161092431652784862e-01,3.172523188792497617e-01,8.587971888626459993e-01,7.404188521963344094e-01,4.365639346539340604e-01,6.394020933728247202e-01,3.405103363911391456e-01,1.620386538911670893e-01,5.459575483067422574e-01,3.367380014014004219e-01,6.608335019214144346e-01,3.376349920457814568e-01,7.094305099848191576e-01
7.063309287593100283e-01,4.973830144205956261e-01,0.000000000000000000e+00,8.015088249763173689e-01,5.958679612388324554e-01,9.861408778474790582e-01,3.691678001600479098e-01,8.784192408902672389e-01,8.638043426568494665e-01,7.271004751467776694e-01,9.984225905042590776e-01,9.009505269280254636e-01,7.251712241036757378e-01,5.756155898407205873e-01,9.014110693553212261e-01,6.240031445500449081e-01,6.548627484145717048e-01,6.901666509102164504e-01,6.152158725441095877e-01,9.074620043580711171e-01,7.032159706274221378e-01,6.458629481011481932e-01,8.146726495197297302e-01,5.382042634841891493e-01,6.978209212317362242e-01,5.433054675873950634e-01,4.664216418412109877e-01,5.517802247123080317e-01,9.757208056389948814e-02,4.585632406853790144e-01,9.924910789872156691e-01,6.318389374111874623e-01,7.631994024712446256e-01,-6.569692858213158071e-02,9.979019705991956091e-01,3.619115556733922823e-01,5.970407645827424670e-01,3.855619800744165548e-01,-3.766591158355256375e-02,6.462214150266387680e-01,4.087973307594641170e-01,7.527579964428310344e-01,5.709454135369359529e-01,4.506478590836056064e-01,3.070232880092996219e-01,9.375364569308926033e-01,8.248143614486699304e-01,9.929502074943433731e-01,7.826343218259511625e-01,9.411007152859720559e-01,9.961892877099300936e-01,8.249809393198893614e-01,5.188919768056191595e-01,6.389354934517497142e-01,9.112749551367892442e-01,6.580202218897743816e-01,8.316287715067267605e-01,6.200525569881355503e-01,9.803114769493592728e-01,4.713431531774626149e-01,3.402215570067479433e-01,9.941376243902527721e-01,9.440115010690757202e-01,5.731890401497244936e-01,4.269748324832000619e-01,7.141681221685955983e-01,6.018262675387018312e-01,6.763812186942178561e-01,9.404562564402697555e-01,9.158585296701481360e-01,6.915687972515462967e-01,9.197440339728831793e-01,3.951060739297506119e-01,4.980711702623529802e-01,4.773879060591125212e-01,5.977332657830578544e-01,7.495778420411123300e-01,9.219566603432522989e-01,6.926302418056126120e-01,3.861292500027254659e-01,3.740859405227591195e-01,4.362953013945829461e-01,5.244265762883562054e-01,8.716245266299440519e-01,2.107367582446407761e-01
4.283121319591947640e-01,9.566396258130086538e-01,8.015088249763173689e-01,0.000000000000000000e+00,7.038675763355735082e-01,9.529501589411153439e-01,5.318168317503478848e-01,7.360207784328542946e-01,6.967339460359196490e-01,3.930939614362788381e-01,2.848255723703433384e-01,8.145463682317400922e-01,7.188909347278980011e-01,7.970168106870609837e-01,4.950983623820987001e-01,6.705349190734894993e-01,7.224855690866419655e-01,2.886893546757522411e-01,4.070878298640723258e-01,9.240735585731734147e-01,7.595797679591334006e-01,7.214707122606870415e-01,4.486879026680050675e-01,7.530235639310958184e-01,5.613316871611910841e-01,5.163290184321994714e-01,7.947091725643035121e-01,6.677752703290937841e-01,3.021290822102936091e-01,3.905273989294709702e-01,4.093923260678266618e-01,5.221198638978461481e-01,1.260125598884200560e-01,5.549485666452912414e-01,2.721974936857372018e-01,2.123443460761733903e-01,-1.168348648472001539e-01,7.452162477866789425e-01,-8.089792313630307652e-02,7.824983127639175695e-01,1.235139821865883780e-01,4.400360367710697274e-01,6.365968575585906342e-01,3.365271082860404883e-01,2.196405651619945387e-01,3.368916521165379180e-02,6.259968784541422027e-01,7.762658062810241510e-01,5.981821158096632951e-01,7.653728795697007925e-01,8.442307990613717728e-01,6.458287817737913272e-01,4.282428190369993448e-01,4.208133890977933111e-01,5.027389063205893738e-01,6.869540333730979054e-01,9.576663310504275328e-01,7.861924661908019640e-01,7.286789218851250638e-01,2.022476933342741423e-01,4.742399944665609546e-01,3.592464581705007709e-01,4.426724491476248802e-01,8.244064782079872922e-01,9.469754080155339260e-01,6.994727184400605369e-01,5.353479246117417434e-01,6.558742907246303266e-01,2.605042701673435657e-01,5.075950887302992376e-01,5.446562594028172555e-01,7.549762146641721960e-01,3.508960524368014422e-01,5.913618504313025159e-01,1.052059910690689021e-01,6.939180355783272081e-01,7.012278703796314128e-01,3.941355381911929578e-01,3.043216622109314873e-01,5.422657851618994940e-01,2.598630085290897784e-01,7.207526009575901949e-01,2.916708840823902804e-01,5.767008043707869680e-01,3.175775246702932098e-01
8.841217341318342582e-01,6.111460475150020111e-01,5.958679612388324554e-01,7.038675763355735082e-01,0.000000000000000000e+00,5.637669614159150910e-01,6.392072723710671145e-01,5.625179656965233477e-01,9.096695515960206979e-02,2.211907122002814974e-01,4.209176152963184925e-01,7.011680666308965915e-01,9.027340459274283413e-01,6.008240069381883819e-01,3.707857978396212895e-01,-1.213667594102661729e-01,4.049241928798270607e-01,6.710772292717225307e-01,6.874923358272029272e-01,5.023534504326502281e-01,3.569493597170109167e-01,4.616865122884815653e-01,6.656535283250102353e-01,5.345445819424602396e-01,7.361985372147934470e-01,8.689938751660096772e-01,8.756256606208790982e-01,2.935979671554127604e-02,5.905592918664339663e-01,4.046607689640644989e-01,3.340869869025482330e-01,8.761480845266749196e-01,6.556023282662076790e-01,7.193085887608011708e-01,6.585825964523499554e-01,5.671077772194819122e-01,2.330565474868487308e-01,6.189167714891523620e-01,5.844261332069836667e-01,7.336989064041171682e-01,9.773849779684017358e-01,5.178499506555128695e-01,9.896620264821121005e-01,5.083986781399144617e-01,9.778926767085931449e-01,6.872398323397557185e-01,8.528500619098665636e-01,6.480664746252224884e-01,4.730317202683542166e-01,6.908243003791538772e-01,4.202559916679956542e-01,7.237401917470260848e-01,9.376341212399831315e-01,2.344607237616728734e-01,4.624139140523107067e-02,8.090832255360960179e-01,5.539683645634896347e-02,5.769316616797490749e-01,3.774033437717485562e-01,7.306837459851028838e-01,5.387887919547401649e-01,8.536678682634526449e-01,7.808263702258044781e-01,6.579219397670095226e-01,2.561554152659781258e-01,7.016085296203290467e-01,9.393032020991873843e-01,4.639126183351554022e-01,4.737914893716269615e-01,3.534644524593771875e-01,7.094054764606440022e-01,4.361834824398039268e-01,5.164211202982567084e-01,5.781607807873516691e-01,1.485161074184614127e-01,6.462518603991275201e-01,4.749764188935312603e-02,6.922494166058998921e-01,-3.864740477239614336e-02,3.342339176336820428e-01,7.444501077305282211e-01,5.963024293946954657e-01,4.716269920547890848e-01,5.430905096440328261e-01,7.668696887157583353e-01
4.072132103968514882e-01,7.157082488112590513e-01,9.861408778474790582e-01,9.529501589411153439e-01,5.637669614159150910e-01,0.000000000000000000e+00,-3.368861388271238155e-02,4.829257633842714004e-01,7.916079819392711769e-01,5.152541714085450142e-01,4.141433021326700881e-01,6.452875992119380122e-01,6.521282506365809750e-01,8.209941048445948963e-01,5.284991718682459094e-01,6.324691607624394196e-01,6.437097031063471197e-01,5.288616732477948723e-01,7.289337460778221311e-01,8.481176680527846568e-01,5.187531380993466446e-01,9.322591799343686869e-01,7.354923688529261261e-01,2.900003824065803815e-01,2.464703593004280713e-01,2.761585403661556692e-01,5.781126060454855331e-01,8.431874309559770353e-01,7.524359749442659506e-01,-9.547765054245690997e-02,2.323329582901610402e-01,4.707047538513239315e-01,7.068631007648734643e-01,6.429111174834413189e-01,7.481866999009505470e-01,3.959689970795259306e-01,5.921025425968191591e-01,3.887230533443869485e-01,7.988817568234543032e-01,2.062993519146817945e-01,2.407380312942578315e-01,9.698555723128080563e-01,3.902853770111450737e-01,7.677750755265285720e-01,9.495146329847561351e-01,7.198919210661018919e-01,4.025729317840449628e-01,7.871645999067040655e-01,3.857978833372207594e-01,5.865779096074307253e-01,4.554679118031608187e-01,6.152079870374123072e-01,4.252908026799946395e-01,7.860548105066349489e-01,7.680654653337591897e-01,8.662871962914461266e-01,2.100824948027053551e-01,7.620940970961000982e-01,9.283879614394208168e-01,3.564344129368353098e-01,4.145697447136654779e-01,4.820896753481844765e-01,6.832227978531950630e-01,8.180197859463712584e-01,8.334182373956612322e-01,4.726037122854958583e-01,3.646969162884097226e-01,9.849214317645701433e-01,3.104584310101625722e-01,4.730517421383130250e-01,8.615112883871761662e-01,2.784627104473307302e-01,-5.082671740999117338e-02,1.155591010493687149e-01,7.493835763950784656e-01,2.508806548769975109e-01,9.569894538692350627e-01,7.616617297555612343e-01,9.968292224324139250e-03,1.525751399270834363e-01,3.698978876040095454e-01,6.414987579831337161e-01,1.609234488418583853e-01,4.239389467990095084e-01,5.777253919012195205e-01
9.799051518874127842e-01,5.188648506124557969e-01,3.691678001600479098e-01,5.318168317503478848e-01,6.392072723710671145e-01,-3.368861388271238155e-02,0.000000000000000000e+00,6.120544233838540737e-01,8.907390979282243937e-02,1.522373521728421775e-01,7.753197070626436371e-01,2.255610389563721119e-01,7.378497516803450562e-01,7.210481372105330689e-01,6.754458124100700678e-01,7.877191855169236590e-01,5.657792213969903283e-01,2.056039056938711307e-01,5.415868153387178863e-01,1.461303168170253186e-01,8.093376476071538761e-01,4.639200259592494713e-01,-6.554511223106868067e-02,7.088972964133564147e-01,3.033525491101786709e-01,2.992376304695609779e-01,4.498835279267878740e-01,5.880314869371572328e-01,8.715860922132614430e-01,2.844163909838020032e-01,3.870437911977406831e-01,4.594018298046976256e-01,7.708333526973120131e-01,4.996979438610520963e-01,1.834817430473930644e-01,6.339296825518060396e-01,1.497209892831385392e-01,4.683238455230275266e-01,6.104211568835999913e-01,9.740720537758550401e-01,5.786065518272831554e-01,6.568512206439671708e-01,9.367855349147917732e-01,6.765897244620699968e-01,4.134560042399924584e-01,5.404503401691360676e-01,1.406787548554523370e-01,5.471514793356618833e-01,4.200735879235065195e-01,5.342649766570096714e-01,5.236605364872006785e-01,4.077228060040627988e-01,4.340593286232256043e-01,6.854928566055433770e-01,7.133453539956177147e-01,4.422719366546680186e-01,3.693029601117190364e-01,7.774790254440051562e-01,5.279175471156670740e-01,4.228812610421533447e-01,3.212119117508407395e-01,6.683899835045600257e-01,3.030271575856083310e-01,6.226473907292422449e-01,4.679568260026972792e-01,2.083763798869218142e-01,2.701665423476734551e-01,6.075928679911939412e-01,1.836330585681745509e-01,2.353848339636290254e-01,6.946762481316657301e-01,5.019419033539366248e-01,2.091117557687715289e-01,4.205599552698012777e-01,4.105772081642476978e-01,7.929024458952620424e-01,6.844649001321737591e-01,2.472219553992706098e-01,7.732981320768628208e-01,5.441522742608041474e-01,2.862703267972235496e-02,8.011183963316218515e-01,5.642393854637508532e-01,7.805371691761001651e-01,7.084070248123270908e-01
6.984985380135420030e-01,5.194508989952746347e-01,8.784192408902672389e-01,7.360207784328542946e-01,5.625179656965233477e-01,4.829257633842714004e-01,6.120544233838540737e-01,0.000000000000000000e+00,6.481991680179594040e-01,5.216774176921202821e-01,3.329017058937927542e-01,7.767536639599921244e-01,6.005987943716363242e-01,6.086285096688690555e-01,9.789377444901193881e-01,5.514546178613024541e-01,7.196253698733303672e-01,2.520992848718733303e-01,6.266302522022054733e-01,4.732205066682401151e-01,8.937747517655153517e-01,5.309979161919311519e-01,1.123437152454793142e-01,6.903390562509512662e-01,2.273956172541534981e-01,5.377632120015077843e-01,4.772563127637218794e-01,6.871226709137017163e-01,4.964828931704239889e-01,4.702180778734538213e-01,4.642048949143371406e-01,6.059105440054564085e-01,7.343391229641762497e-01,4.581247928454877383e-01,5.677165398593206902e-01,1.951312025746497203e-01,4.976688688523104309e-01,6.760597461283737175e-01,8.860886840695999522e-01,5.648138947688612355e-01,6.430065408617281486e-01,6.716316640741744060e-01,3.938428497129744521e-01,4.194197254353682069e-01,8.506201603245077125e-01,3.479569970246468857e-01,7.510703486863612444e-01,4.656125623947520581e-02,7.139290295818708776e-01,6.305804671373334003e-01,7.063908813339065951e-01,4.099881286251620405e-01,6.037113105946608771e-01,7.761032679352160291e-02,7.705245052215458079e-01,3.809416240751584692e-01,7.263701657610517337e-01,7.476305559496477793e-01,9.752260066671518679e-01,7.482137239617135949e-01,6.153502457602547659e-01,6.089415679845330276e-01,5.997234823444694829e-01,9.369461800360212589e-01,9.186976104774431384e-01,9.157113849602692701e-01,6.853299905415132232e-01,7.098492340730215844e-01,4.512629916130972418e-01,2.886905789646637688e-01,7.488766993123970872e-01,6.255565557129721954e-01,3.459775058454986896e-01,5.104358177538410590e-01,7.393753510326170897e-01,4.284013957267553963e-01,4.831566046783363211e-01,6.402709488701137097e-01,1.342795153259877805e-01,1.695163315728335229e-01,5.988627657240651603e-01,8.113031631711202785e-01,5.270253111175307037e-01,5.327071376843457440e-01,7.961253391145768354e-01
2.810377070960911050e-01,5.426341818954268925e-01,8.638043426568494665e-01,6.967339460359196490e-01,9.096695515960206979e-02,7.916079819392711769e-01,8.907390979282243937e-02,6.481991680179594040e-01,0.000000000000000000e+00,3.069619248360711539e-01,5.934134612942763010e-01,4.566437960052257550e-01,9.793575684020060512e-01,6.703214251278006852e-01,6.099429151869079080e-01,5.088565544151298914e-01,9.751546567758728745e-01,7.226311449391233932e-01,8.168539681659088281e-01,5.688258043296676725e-01,4.790987838284908040e-01,7.182416331643912688e-01,5.787868591888569725e-01,5.047603101049339402e-01,6.497605846035399146e-01,4.413622851644169454e-01,7.973707706532329187e-01,4.720395887685304714e-01,5.234694972500473220e-01,5.840220108684319733e-01,-1.848214199046657735e-01,-1.655371230454303622e-01,1.343779614290255553e-01,5.505925307267423019e-01,4.786801029350702952e-01,5.337726931422798193e-01,2.169051035753857826e-01,3.994538914789106387e-01,6.523309537146695369e-01,8.868354128969400119e-01,7.327464377390734418e-01,2.596966583617413282e-01,7.465202791627433276e-01,1.155849009782783932e-01,6.513873606960933760e-01,6.062590368847724509e-01,5.144819306004018156e-01,7.913264686186567420e-01,5.913958052352550343e-01,5.726456798407471016e-01,2.153564901808620591e-01,5.581875201262316288e-01,6.953087452647013222e-01,6.139215516243302639e-01,7.944102025911122800e-01,4.105593856439490041e-01,6.119334239670800590e-01,7.199986316178944579e-01,4.515616444555496378e-01,5.904988622132678611e-01,6.826160744078122455e-01,5.985630284375815791e-01,5.894254837874713937e-01,9.088333052755972474e-01,9.810160113332058174e-01,4.135288120456576122e-01,7.092316463281993499e-01,9.949510114978372677e-01,5.756350893940958002e-01,3.323127262443830165e-01,2.793356076917710706e-01,7.249109558248834073e-01,6.575937136574385722e-01,5.484990324394931616e-01,3.356655614764095796e-01,4.329846922495309003e-01,8.754466914872125471e-01,2.042625647875781769e-01,2.340478201691775506e-01,6.064158538698299211e-02,3.497689181016179205e-01,8.928157752530810898e-01,6.272497567807935326e-01,2.109833258221343599e-01,7.883937255784305709e-01
9.661943390888878547e-01,9.864905257738735278e-01,7.271004751467776694e-01,3.930939614362788381e-01,2.211907122002814974e-01,5.152541714085450142e-01,1.522373521728421775e-01,5.216774176921202821e-01,3.069619248360711539e-01,0.000000000000000000e+00,7.250688937843927651e-01,6.201109731635826572e-01,9.284060233405609930e-01,7.500047812114978285e-01,5.362528940489831308e-01,7.934791571880557282e-01,6.611701535626417492e-01,3.003296017889991454e-01,6.327949281948787030e-01,7.632848899859266956e-01,2.188889597803587717e-01,6.224516239621977753e-01,6.325686858559386172e-01,9.205494593599029551e-01,-2.257245402857072092e-01,2.229840075976377567e-01,7.488522346833224042e-01,8.051189206816742328e-01,4.006179025065719213e-01,5.928537979050903239e-02,4.189750752844297876e-01,7.222283071865124304e-01,7.668983454757176688e-01,9.682982313753513148e-01,6.588477608233894722e-01,4.795471904741955282e-01,1.410454335091499700e-01,5.454217712768638648e-01,9.233853995121142910e-01,2.232408143990955440e-01,5.498803550838475829e-01,5.178335408445839949e-01,9.085183473765022777e-01,2.535485235159665174e-01,4.133072402847682847e-01,8.684624284955615448e-01,4.762626896678059385e-01,5.302819389845093712e-01,3.581129005767488271e-01,7.034669887106032027e-01,4.705247089167045593e-01,6.844649362066776987e-01,5.402792140751090377e-01,5.641646503372399479e-01,7.701761013315427951e-01,6.831088734320881484e-01,5.980184588437620352e-01,4.707462448368681662e-01,4.242789074572279606e-01,3.969163379737025155e-01,3.686725993277039093e-01,5.276925892068100588e-01,7.086876440939663402e-01,6.382275822388199238e-01,9.400294676559033391e-01,7.859471745573101131e-01,7.355507057267671733e-01,8.395396717826384414e-01,9.286013558030813408e-01,4.433208619087265490e-01,4.440750328758268917e-01,8.113467142781362051e-01,-2.173656331451517820e-02,6.453450382108538719e-02,7.530506875258186072e-01,9.340033511156971002e-01,7.683464778471599255e-01,3.740079454822769489e-01,5.415391501932201868e-01,1.648018014593894132e-01,3.287735031865025581e-01,6.097483329917000594e-01,3.080922239973187815e-01,3.892801043123733651e-01,5.816828707076275862e-01
7.181982329023196554e-01,5.943818092191783808e-01,9.984225905042590776e-01,2.848255723703433384e-01,4.209176152963184925e-01,4.141433021326700881e-01,7.753197070626436371e-01,3.329017058937927542e-01,5.934134612942763010e-01,7.250688937843927651e-01,0.000000000000000000e+00,6.142696148067614548e-01,4.339685166211435519e-01,8.178708548192500372e-01,6.080615239796640648e-01,-8.116855544743284412e-03,7.105713243289479841e-01,4.626050033564724218e-01,7.681249400723693110e-01,4.003414049034786926e-01,8.595293301867286129e-01,7.066115394357938007e-01,7.434511702575063996e-01,6.911063583810809208e-01,7.819716157893054076e-01,9.036374894198944130e-01,9.695150448134557397e-01,6.796574152684420334e-01,9.903156240562922819e-02,7.646273734792751187e-01,1.553907997589945578e-01,3.561642260222950412e-02,3.912656963716326652e-01,8.759422654036542744e-01,4.679909441876995424e-01,1.968736181399290686e-01,3.591550039268696093e-01,5.667231441412804438e-01,8.517068264443969916e-01,3.624874365749176652e-01,2.818371516286903855e-01,6.544844223318807552e-01,6.240988389670240055e-01,8.129746482554205400e-01,8.661189358434614460e-01,2.422907774226414346e-01,7.690107980710321200e-01,5.478069944007714076e-01,6.181873981338991131e-01,4.759101260998230276e-01,3.450303878191217644e-01,7.220427480420020805e-01,2.840872087520940337e-01,4.058217991831555849e-01,5.407117192248260817e-01,9.679039690075421642e-01,4.681464484425867378e-01,7.022173122016848179e-01,5.592084645302740631e-01,4.203533305862202640e-01,3.437769438775971631e-01,2.802226877780649716e-01,6.572376136932064350e-01,5.588636641950247563e-01,5.215965462426014332e-01,6.002733703122332676e-01,6.601043642866339933e-01,7.415567297384277889e-01,5.496234815873153323e-01,6.584537493393031182e-01,9.260505617489076524e-01,6.934638103432627654e-01,4.107456748533361290e-01,6.857444339751624929e-01,2.383689973255471717e-01,4.436120494105846301e-01,4.117665938548158988e-01,6.419722466283395157e-01,2.216076690850286857e-01,1.040517091430615687e-01,7.901177868037609908e-01,3.059353720180836289e-01,6.181293405307025646e-01,4.813973136970409739e-01,5.724275521027208935e-01
8.463566419101409277e-01,4.925537170750127758e-01,9.009505269280254636e-01,8.145463682317400922e-01,7.011680666308965915e-01,6.452875992119380122e-01,2.255610389563721119e-01,7.767536639599921244e-01,4.566437960052257550e-01,6.201109731635826572e-01,6.142696148067614548e-01,0.000000000000000000e+00,8.378931502863127267e-01,6.136375444094732678e-01,7.830109867586624306e-01,1.421240739122346108e-01,8.939859681325047491e-01,5.413057560188885287e-01,8.918542615889432090e-01,9.510111162883191360e-01,4.225711815718548037e-01,5.722402253900774616e-01,5.320725661260823358e-01,4.564903753227361194e-01,4.595062045582607446e-01,7.564234243436311900e-01,7.239296760997031566e-01,6.588340819085357625e-01,2.179592842943781916e-01,7.770603824201612886e-01,1.117608744010189920e-01,4.417633857280085508e-01,8.957035439256698650e-01,7.508785184171870020e-01,4.409832208045898483e-01,5.645974425917328343e-01,3.530395770504053399e-01,6.512794675382048704e-01,9.005862909431465724e-01,5.314293875283577773e-01,9.480394983855884583e-02,7.277404843162474934e-01,9.800575198926979592e-01,7.476380161421130044e-01,9.804883599366716052e-01,9.412566251304125275e-01,5.518931077543782759e-01,7.872363771379993214e-01,6.941439378554769002e-01,2.106417660901048206e-01,4.339420774288361149e-01,5.282540225394249944e-01,7.462573013516609066e-01,6.826412516975753908e-01,1.491672967909705161e-01,6.057850596012988031e-01,4.361766549301881457e-01,5.920898101409405312e-01,5.144261642230397724e-01,4.583731036077447474e-01,4.594793654072211186e-01,4.059014949711592379e-01,2.964188290988647445e-01,5.299033155468513279e-01,7.953277660555636563e-01,7.812061837716234303e-01,7.416327220719751701e-01,8.282390883211966370e-01,3.897932901506628856e-01,9.576547106523931596e-01,4.928273872092527874e-01,4.695352715711735292e-01,2.102837763785985747e-01,4.406666672110434724e-01,2.050763245821823066e-01,4.264240988713901559e-01,7.071509315870161405e-01,9.546515336165477539e-01,4.743321179169004975e-01,-6.869105061565938808e-02,2.484127288133865241e-01,6.473279533677525066e-01,7.047566760233577865e-01,4.272254098570356651e-01,6.649930181894880832e-01
5.255264383201160294e-01,5.189090518853892720e-01,7.251712241036757378e-01,7.188909347278980011e-01,9.027340459274283413e-01,6.521282506365809750e-01,7.378497516803450562e-01,6.005987943716363242e-01,9.793575684020060512e-01,9.284060233405609930e-01,4.339685166211435519e-01,8.378931502863127267e-01,0.000000000000000000e+00,9.861903381019835324e-01,9.418280215403107558e-01,6.987991012876531016e-01,5.634721185588412729e-01,4.767534858128891218e-01,7.829849299008703190e-01,7.617232440905746804e-01,9.541702223709735975e-01,6.873157769344681034e-01,7.843180408370284962e-01,9.225438003682069343e-01,2.169849261328171131e-01,3.776321353187267471e-01,7.259934872279060203e-01,8.280832289033357441e-01,8.971274072583743653e-01,5.403150736549434674e-01,2.520702878106980682e-01,6.753858529767640118e-01,1.018907411013725839e-01,6.002545266375777233e-01,9.339009957440724818e-01,3.155205415243412803e-01,2.973000091920455779e-01,5.362273325616367936e-01,7.651917690261427207e-01,6.428769125029067943e-01,5.403867497454537538e-01,4.228000501565920555e-01,9.954724244116142096e-01,9.411300464171235003e-01,8.251674082753177597e-01,6.471577634308625093e-01,6.374010923529496164e-01,5.559646665470711069e-01,4.738256837016867062e-01,6.197917507087599143e-01,5.393734311831270833e-01,9.916585566250240014e-01,7.727576449585076279e-01,4.729466421131899301e-01,6.554793266615190905e-01,9.942031970740036195e-01,8.840897270411004483e-01,4.430216410270662042e-01,4.973797125223816673e-01,7.518758297313217209e-01,3.127244080301935236e-01,5.699886801260624081e-01,6.370467905446207668e-01,7.653364744975357237e-01,9.303185673044412907e-01,6.495170071655806954e-01,5.663880207617708606e-01,6.999194681931349971e-01,4.835979121700050842e-01,1.104341373149964165e-04,4.645368386750375889e-01,5.280730137630702536e-01,6.944290932752706924e-01,2.875655120610504101e-01,6.053338835634285431e-01,8.087121135321387877e-01,5.878386200685995489e-01,3.974286226755646134e-01,3.571057745116305027e-01,3.545212223702074450e-01,7.285601295414083634e-01,7.182949798296812682e-01,5.333943576142700094e-01,1.131407158842499538e-01,8.572178812916130264e-01
8.270419045464407759e-01,9.013359401491416456e-01,5.756155898407205873e-01,7.970168106870609837e-01,6.008240069381883819e-01,8.209941048445948963e-01,7.210481372105330689e-01,6.086285096688690555e-01,6.703214251278006852e-01,7.500047812114978285e-01,8.178708548192500372e-01,6.136375444094732678e-01,9.861903381019835324e-01,0.000000000000000000e+00,9.996852702329108720e-01,3.693742854789769936e-01,8.707733740275547252e-01,6.316026513286046029e-01,7.632433317592592914e-01,5.451111067921061704e-01,7.344867508538970302e-01,7.190718971176326413e-01,7.152670109295077294e-01,2.377619534867433659e-01,4.266919537405168272e-01,9.449921687665696624e-01,9.267215525954196620e-01,5.454231439158940820e-01,2.098398073398095309e-01,4.865005952540785716e-01,2.302880097346445276e-01,3.834859427749434113e-01,2.671502567035861642e-01,5.827452326116988601e-01,6.395894437999722903e-01,7.351123294872592417e-01,5.278138818453003145e-01,9.412632325839040970e-01,6.030147808382402275e-01,7.068378627659085423e-01,9.227867466600265800e-01,6.758862345071915412e-01,6.758024823681307858e-01,6.398042060482137527e-01,2.791992952813608930e-01,8.423219843185051348e-01,8.027585256286602355e-01,7.607478987331790510e-01,6.477117740926334744e-01,6.000411814064753324e-01,7.220030697042567613e-01,2.009380863528492378e-01,6.681349139849965812e-01,6.461995995448059915e-01,5.238457844348090586e-02,1.150444922968335004e-01,3.200927541457259662e-01,9.968502517687809483e-01,4.424037686816075232e-01,1.819662051721182283e-01,4.177781224532597371e-01,5.573727039834631691e-01,4.757718783553836484e-01,3.305421784090029069e-01,5.857340565427754386e-01,7.659567206592294841e-01,6.549647707801934393e-01,9.823488221808238663e-01,7.420470947988803134e-01,6.620720502432011489e-01,7.004199726808358895e-01,6.913621288658243769e-01,7.183868967576945153e-01,5.342058910292661889e-01,6.942380291326625263e-01,4.585854852294244943e-01,5.007848775753384052e-01,6.240985785856155710e-01,5.640933032855394158e-01,3.356499662162249278e-03,9.849019051302371208e-01,9.271257302569697600e-01,7.136976977315033777e-01,9.710037114385663970e-02,4.168549028912271748e-01
5.209353047230156353e-01,5.303733727666078979e-01,9.014110693553212261e-01,4.950983623820987001e-01,3.707857978396212895e-01,5.284991718682459094e-01,6.754458124100700678e-01,9.789377444901193881e-01,6.099429151869079080e-01,5.362528940489831308e-01,6.080615239796640648e-01,7.830109867586624306e-01,9.418280215403107558e-01,9.996852702329108720e-01,0.000000000000000000e+00,6.243912350257309063e-01,6.112980086554357095e-01,7.018718434807055262e-01,7.041610291961196422e-02,7.428436268925432406e-01,6.773414349607220775e-01,-1.937931302007331325e-02,7.844430097274366354e-01,6.696939158286270288e-01,5.219752839230444863e-01,5.611369017304310702e-01,4.205246815668624016e-01,4.245775230299111414e-01,5.483889290660993732e-01,6.447570031154343795e-01,2.748237646575217297e-01,2.180574138414138607e-01,2.296155904659060998e-01,5.558693631727676943e-01,4.924591504811763887e-01,1.848471092032628327e-01,5.625898585282873565e-01,5.321349575087489514e-01,9.187555395669879665e-01,6.786833533221223735e-01,4.247149114619541699e-01,4.043660548798609922e-01,7.626610496914942861e-01,5.864973047448827081e-01,8.863084509141118117e-01,9.483608710967490474e-01,7.054576423313901890e-01,-4.928082797373301016e-02,2.482565131652827717e-01,2.727567933834711966e-01,4.742906491413649284e-01,7.210145816437188993e-01,6.512452768221169697e-01,5.589962023766852361e-01,9.153237432741483381e-01,9.025956434552427909e-01,4.297075662811722374e-01,6.976636804964523320e-01,2.595864588762460956e-01,5.536982342991918493e-01,7.959510548774653138e-01,6.877844873341866228e-01,6.964184375664539406e-01,7.133562895383168678e-01,7.966828646793914226e-01,6.264567546053548819e-01,2.027568680400013146e-01,7.851214020064711807e-01,6.649883035155186306e-01,7.195240860833416185e-01,7.375038246925171848e-01,3.469169148564716920e-01,3.697712635154006833e-01,7.556985861468478172e-01,4.712895069931542502e-01,5.753599068745398615e-01,5.175168223284044577e-01,1.015329328327585767e-01,3.616226146534331498e-01,2.309003942526211550e-01,2.380936519368895554e-01,7.439972531301155545e-01,2.391156471622000457e-01,2.659874671351975528e-01,8.020676360005075667e-01
7.528690083222238094e-01,3.984626852928727092e-01,6.240031445500449081e-01,6.705349190734894993e-01,-1.213667594102661729e-01,6.324691607624394196e-01,7.877191855169236590e-01,5.514546178613024541e-01,5.088565544151298914e-01,7.934791571880557282e-01,-8.116855544743284412e-03,1.421240739122346108e-01,6.987991012876531016e-01,3.693742854789769936e-01,6.243912350257309063e-01,0.000000000000000000e+00,9.787599320449569262e-01,2.532100057743412735e-01,2.744926677481074329e-01,5.790524609711029669e-01,6.777403103147513486e-01,2.273349641070528948e-01,4.542802280130960879e-01,5.807867243205362406e-01,6.016221626022767444e-01,5.918524115814930431e-01,6.348929713759697835e-01,7.106439397126035340e-01,7.535254170967593812e-02,1.966995218738103179e-01,3.248520999429663214e-01,3.197564063740090945e-01,2.857831043943618310e-01,1.474998337395779235e-01,9.522481188221070258e-01,2.403347482365459087e-01,4.231297290940608802e-01,7.697898050987833640e-01,8.500123632684436492e-01,9.910882975823200880e-01,3.779636404542260353e-01,4.871860620715606771e-01,9.354604615340216256e-01,6.545155385217948929e-01,4.338752101400201733e-01,6.092122466681876292e-01,6.610224924701639804e-01,-5.801715266102283608e-02,2.947158375979432865e-01,7.802461178346488113e-01,2.432831535426578651e-01,7.931939711934838932e-01,7.907829939021246979e-01,5.723174625498794743e-01,6.026026936363045872e-01,7.517968359516535859e-01,7.444165542919785050e-01,3.281620188294920304e-01,9.890638406618852407e-01,-1.673651517403846323e-01,7.522636429842312067e-01,4.760877797104258735e-01,2.373386462125915419e-01,2.887892495164477991e-01,7.374805067180906226e-01,7.471536553463928865e-01,7.974756939085297924e-01,5.004270209724882568e-01,5.832587791593789595e-01,5.428502101538630331e-01,3.102189247913312853e-01,1.179538871554250412e-01,7.526201586424974277e-01,5.994152710639968351e-01,3.446941593265875348e-01,8.535545598731082706e-02,6.633873103547447414e-01,3.198686775500699797e-01,7.976527267386777087e-01,8.375546831746563670e-02,3.088724268191214151e-01,9.143156066099002999e-01,1.823624977375935263e-01,1.124499077871652236e-01,7.686140883094556564e-01
1.166600777829293334e-01,7.309194453224608923e-01,6.548627484145717048e-01,7.224855690866419655e-01,4.049241928798270607e-01,6.437097031063471197e-01,5.657792213969903283e-01,7.196253698733303672e-01,9.751546567758728745e-01,6.611701535626417492e-01,7.105713243289479841e-01,8.939859681325047491e-01,5.634721185588412729e-01,8.707733740275547252e-01,6.112980086554357095e-01,9.787599320449569262e-01,0.000000000000000000e+00,9.418365226241914856e-01,7.403931039141886661e-01,8.527398618919226347e-01,7.398300184830308712e-01,8.263649095683985868e-01,8.348401193976699997e-01,7.806757379446367384e-01,5.520705252283715225e-01,5.178140641560831092e-01,4.167274927869991097e-01,6.332333405303453011e-01,3.755118042082980501e-01,2.835332220595752628e-01,4.121705356370847229e-01,3.805793509450926537e-01,6.136759870292016750e-01,4.614238611030514470e-01,7.973097584002063476e-01,8.627437852416870723e-02,-1.432800039539920134e-01,7.778106064023917465e-01,7.777390204625866943e-01,6.276324615843591470e-01,5.440984531250684375e-01,9.187787358877446131e-01,4.450799696843993347e-01,8.211038815868743068e-01,6.292337860127532601e-01,9.834343663205450392e-01,9.606490274377328664e-02,7.961459265620919323e-01,6.347860170912748012e-01,9.185025203713653719e-01,7.682043196316831191e-01,9.986814366334535453e-01,4.340408708905038604e-01,4.376906199758839877e-01,8.941305775321534144e-01,5.115940250934862821e-01,2.585642203474079470e-01,8.049935432199146756e-01,8.591822576156843416e-01,3.652126513897574478e-01,7.391570719671911593e-01,9.391144224746459379e-01,7.193922362730533759e-01,5.186624184915494817e-01,6.790116566697401712e-01,7.895854595322668867e-01,8.955751776562863586e-01,9.680595300053113084e-01,5.392359611211898773e-01,8.237730934402086591e-01,6.914437791665760669e-01,4.674999649979485472e-01,5.692346931990573955e-01,9.785000938806810364e-03,6.569361792904339081e-01,6.103886009024114268e-01,9.472649529220871223e-01,6.534016509931285244e-01,6.119026358158081713e-01,4.208128303060394426e-01,4.555834335327471063e-01,9.900270239662978256e-01,9.155623277610105415e-01,2.188393648500109312e-01,6.627403235456178487e-01
9.642982766881761370e-01,3.893592474773531764e-01,6.901666509102164504e-01,2.886893546757522411e-01,6.710772292717225307e-01,5.288616732477948723e-01,2.056039056938711307e-01,2.520992848718733303e-01,7.226311449391233932e-01,3.003296017889991454e-01,4.626050033564724218e-01,5.413057560188885287e-01,4.767534858128891218e-01,6.316026513286046029e-01,7.018718434807055262e-01,2.532100057743412735e-01,9.418365226241914856e-01,0.000000000000000000e+00,5.227707299061365998e-01,9.714931856943004318e-01,8.627327579285561931e-01,7.182296684090595518e-01,7.218258326969791971e-01,5.744285659144998668e-01,4.859963724026183929e-01,4.360324534289548581e-01,9.921314109325717334e-01,6.377889262839259166e-01,1.461866477053681661e-02,7.373351332625560639e-01,6.149866166009568258e-02,2.090197131428213062e-01,3.117243669703742559e-01,7.148915709791515694e-01,2.636355854356079997e-01,1.599595534003276642e-01,2.187606595820617006e-01,1.714435574958648456e-01,7.757688112252090207e-01,6.014549411110883259e-01,1.441276177766478706e-01,3.555032964652760425e-06,8.316185234416342276e-01,6.844154435344598220e-01,4.271514762532905296e-01,6.157851730791199518e-01,6.236660662263501242e-01,7.537877924509159833e-01,2.743475588578062618e-01,2.307049806764154831e-01,5.376020783057317010e-01,5.670642392955718147e-01,9.214678779373254303e-01,7.084988344295404250e-01,9.772649580714515283e-01,2.734586880806538778e-01,3.559351034735276365e-01,3.981319595361617059e-01,1.828089032763984823e-01,1.045685624731397256e-01,2.396774050750789531e-01,3.780883610721662014e-01,5.357026863304399367e-01,4.477511679647413478e-01,6.640804654348321234e-01,8.851497712186818800e-01,4.123202494223124348e-01,4.871625812075927042e-01,4.257110081763956222e-01,5.235178017017334540e-01,7.277566454928436901e-01,5.703272761187674345e-01,-8.088312400288234782e-02,3.975725893992164695e-01,6.994691467833711318e-01,4.919306900732964283e-01,3.275404909164099099e-01,4.423459011906918925e-01,-4.420636110527584317e-02,1.537095906654775135e-01,3.311069415077512457e-02,8.486583429716554328e-01,9.026008358705011059e-01,2.657501264063956148e-01,7.627477000800830798e-01
