0.000000000000000000e+00,7.829632730801046048e-01,7.708368469188655592e-01,4.509223683688902695e-01,9.889518001609042264e-01,9.153802091589027246e-01,6.990483051004082737e-01,7.041779456212606814e-01,6.162420400753328975e-01,1.917302506536850970e-01,4.781952977644681191e-01,6.086391582085985963e-01,6.428904323413199284e-01,3.444507371715580524e-01,7.610894981475593291e-01,7.153809355427195316e-01,4.956533194029916767e-01,3.710771107554832193e-01,4.703052357336661715e-01,9.141371062012814130e-01,8.600345979249705008e-01,4.721260566086391552e-01,2.679548574168451047e-01,9.659984555336282863e-01,9.471568038315625326e-01,5.563730433856579616e-01,7.353307852998625105e-01,1.942790093547441532e-01,2.910444025008330771e-01,3.177107268071476254e-01,3.511212885064891598e-01,6.710739099802814911e-01,9.241014125906499288e-01,8.110125830438850159e-01,9.448145548932358473e-01,4.919438864483903773e-01,5.933892654906854913e-01,7.469637771829993333e-01,7.228889446371504768e-01,8.351329298161769277e-01,5.368644484776667891e-01,5.119879016301893682e-01,6.075871125012420881e-01,4.933846754426456926e-01,7.922860486099687627e-01,9.216500456531981911e-01,3.110739233296579975e-01,7.217421285645981843e-01,8.817400225263153368e-01,4.375418337066813712e-01,9.620188570698336994e-01,8.076052017709871578e-01,4.223750829578049037e-01,6.049967010635265430e-01,9.237098988008960454e-01,9.027197190943696548e-01,6.970521416168632411e-01,4.787806651476014808e-01,6.363865064614576683e-01,1.710794942603038604e-01,5.519843588539309343e-01,4.455282631295766627e-01,6.505131052800590119e-01,7.289882980564156290e-01,4.671773907629577227e-01,4.391462682390516736e-01,8.577204870773753598e-01,5.643961197941600449e-01,6.156370280550079732e-01,6.897765419914274609e-01,4.858003362642284717e-01,9.360071494230791656e-01,3.110463647646410923e-01,7.095030740873887742e-01,7.065864566848064632e-01,7.512783653835948261e-01,6.017515202124825713e-01,9.198771733730766176e-01,4.373537549826483906e-01,3.974409704232353402e-01,4.306724402877220581e-01,7.324838932010517834e-01,6.542236658471995980e-01,2.790054323416791271e-01,8.142110810856161285e-01
7.829632730801046048e-01,0.000000000000000000e+00,9.674014040162735029e-01,9.376046959006407722e-01,7.356148886043001323e-01,8.858616415696902724e-01,3.772137056244214692e-01,5.191402957485563574e-01,4.073917315009431550e-01,3.497013649308813865e-01,7.268256384592974850e-01,8.168945670070709708e-01,9.224592705508820600e-01,6.417511560807988014e-01,6.135464164066349868e-01,1.980475787163580442e-02,6.049405580658544501e-01,4.192721269506759496e-01,8.120784417623729823e-01,7.785380537866927186e-01,6.123782492585407855e-01,6.807503895296973528e-01,1.464447262301989683e-01,9.026951460396572813e-01,7.524290602558352248e-01,5.497819819041190881e-01,5.268950026086969274e-01,8.668699348829234097e-01,4.925522786612678283e-01,4.050439580530431072e-01,4.869603955761964142e-01,4.164228242571832439e-01,9.566379373910993689e-01,4.211936501664441668e-01,5.554276515310652140e-02,4.728809428696223449e-02,3.607903340869134112e-01,6.298479869552451316e-01,9.799179941615042688e-01,-4.595587125371741744e-02,6.392213826213080097e-01,7.112597701739289402e-01,9.151442422108271302e-01,6.908792666381083913e-01,6.286161134262384653e-01,9.164915464841248971e-01,4.321880683289958114e-01,6.085658061849248401e-01,5.184011322082053841e-01,5.627247702014088748e-01,7.742583128949265259e-01,7.040036931883173477e-01,4.932502679241614896e-01,6.254763799131684010e-01,4.140590821284236833e-01,3.161692361616563751e-01,2.926679405933583222e-01,2.470767969405752162e-01,5.285871229458887210e-01,2.560044000308427381e-01,4.462002564831422657e-01,7.782293675801437161e-01,3.194787360310413771e-01,5.598458153610386123e-01,8.190988771854588180e-01,9.290560063363622056e-01,6.970825875673924976e-01,6.482510711594589026e-01,7.307054649187227913e-01,8.213794496571773518e-01,4.422649958004170601e-01,4.527620457477292137e-01,4.925925881664841022e-01,7.957838037789040364e-02,6.734491615050532953e-01,4.965652043252426484e-01,9.482073614945436546e-01,3.215117890977833293e-01,-1.836786284441087325e-01,5.320111409390814172e-01,9.343119104633779148e-01,9.142836368574164263e-01,6.404558373791442438e-01,5.602250459564682705e-01,3.849443413637840261e-01
7.708368469188655592e-01,9.674014040162735029e-01,0.000000000000000000e+00,9.550009178359368800e-01,6.435212302400027395e-01,6.168418544341379706e-01,7.073282243513808742e-01,7.445852437296672788e-01,8.325543565827736581e-01,3.813437638466522506e-01,4.672274763176375023e-01,9.135227578170332929e-01,9.404993085153088295e-01,8.564556350509318072e-01,9.459056513643701036e-01,8.850916417923477830e-01,7.217705987918103805e-01,4.242163021266457945e-01,8.005315139818929282e-01,9.270482896723147848e-01,3.119197944927339372e-01,7.925168150481691764e-01,-9.638313386237977454e-02,6.550279095211912761e-01,6.237615920437060701e-01,7.720874688638061922e-01,9.652800883969500090e-01,6.565397537383194093e-01,7.862769659955430868e-01,3.825296053717052724e-01,3.872385165306895249e-01,8.514297749883356081e-01,4.940180840217391345e-01,9.072832456833942461e-01,6.841392956686701554e-01,1.683606671319409220e-01,7.184788322141979489e-01,6.218656047735632297e-01,9.754506795695359056e-01,6.834595759684441996e-01,4.743424046182711518e-01,9.890617683419435924e-01,8.640195942218402703e-01,9.719129896026470483e-01,7.914558026767716248e-01,9.543549103632049668e-01,6.036692690452869492e-01,6.131981355213279583e-01,7.565205463799831720e-02,6.471082211106831128e-01,4.557359010785458353e-01,9.633922564171784053e-01,4.961892274876347209e-01,8.423929782070891381e-01,5.820322052762016973e-01,3.071304876391451888e-01,5.874009587697652801e-01,5.070989817778424058e-01,6.598551526770851661e-01,4.196375570787385101e-01,3.622688349164525645e-01,9.005651785555114364e-01,8.512103498284429026e-02,7.139700724816306909e-01,9.464077625318366715e-01,7.651956263130618163e-01,8.691196793134208232e-01,3.332914450372427284e-01,5.410162700387037837e-01,7.944038809876299290e-01,2.272225198799041057e-01,4.058673732422922176e-01,3.375661465883809109e-01,4.825770903345655283e-01,8.860399383858346134e-01,6.476972024304405995e-01,6.282758720536339991e-01,9.114619275438788915e-01,7.223322406977940036e-01,2.611080686705812282e-01,7.010185296896190854e-01,8.107674269785813959e-01,8.302713117628662820e-01,6.220052134672382493e-01,3.847079838733998836e-01
4.509223683688902695e-01,9.376046959006407722e-01,9.550009178359368800e-01,0.000000000000000000e+00,4.037962010156171955e-01,6.312961661996123741e-01,4.871082063634131765e-01,7.251577186018779431e-01,4.981974134022482126e-01,7.764084444496673898e-01,2.244405580255953714e-01,2.949237868330481516e-01,7.214819448536633484e-01,7.623495494605923017e-01,9.172078095004642107e-01,8.651240981260159835e-01,4.774234029575193938e-01,5.643727948703436414e-01,7.868560122836544268e-01,9.391460627877017409e-01,9.093602589906697453e-01,6.183595229291745099e-01,6.416336058634357631e-01,5.457799244142319539e-01,7.450736308143255382e-01,6.081594344007283937e-01,6.900216183094133315e-01,6.470225907277187272e-01,4.666940361258831160e-02,5.946916895062248631e-01,2.700928576832038047e-02,5.926080027440430165e-01,8.400629372957347796e-01,6.105396311180221192e-01,7.939698608794304446e-01,4.398983010683489847e-01,8.282419677104997380e-01,4.321369828196837126e-01,6.489861550569081539e-01,9.575068210670539814e-01,1.355941075279142038e-01,3.340616182853636262e-01,9.426681839342136993e-01,4.835559153847336367e-01,3.828727279929038385e-01,4.806731744251385163e-01,3.581384453367051357e-01,7.472779300376559686e-01,4.217896135417938397e-01,1.228542855092125685e-01,9.017928296848622960e-01,7.837830362032822684e-01,8.131444592402697902e-01,4.034221090280091793e-01,8.706062967449441636e-01,6.572163422652100850e-01,2.758350805874967837e-01,8.696473588445320368e-01,7.251589289059521271e-01,7.093795874418491465e-01,6.735667104823750417e-01,7.244344416933116149e-01,8.700585109375756909e-01,7.184644945278397810e-01,8.673392875140135683e-01,6.033140390319391422e-01,6.945431140164948225e-01,8.762660716281720497e-01,6.834483299299763948e-01,7.360917010151404871e-02,7.645387678259550901e-01,6.573080631966968790e-01,5.043570040340477068e-01,2.156142711714096605e-01,3.384158832224901658e-01,7.925123710713939396e-01,6.440251022729498454e-01,3.528229647800692481e-01,6.791578251246264131e-01,4.248164926673504427e-01,4.508796095535160808e-01,4.799883072875509304e-01,7.799863842798717695e-01,5.465924680969486138e-01,9.528779539069368587e-01
9.889518001609042264e-01,7.356148886043001323e-01,6.435212302400027395e-01,4.037962010156171955e-01,0.000000000000000000e+00,7.566306332738342855e-01,5.779538917254837260e-01,2.590429747798408955e-01,6.559170946808339231e-01,4.253634599270427197e-01,6.300050178080708330e-01,4.014176257586429264e-01,7.340034078166660647e-01,2.561571968606077276e-01,1.375214806679576629e-01,1.091959098024476021e-01,8.823403953125306121e-01,5.722610697360352994e-01,6.965385862383095539e-01,8.083473303168660085e-01,6.288677238530576696e-01,5.127203027050070139e-01,4.322196614274095294e-01,7.357526845701842788e-01,3.284053018048765926e-01,6.416468024744679255e-01,5.016246575086525522e-03,6.954962941195282911e-01,5.696052400508797575e-01,1.106871920822835309e-01,2.663237797736699511e-02,2.080285792686019097e-01,7.932375933349095076e-01,4.935118684526495492e-01,6.582327578685105429e-01,1.207926508057071135e-01,5.127179369327651282e-01,6.891937893911128654e-01,9.920573297614396768e-01,7.840047083824077667e-01,3.772665142943238958e-01,6.797147057824655114e-01,8.157788444693593322e-01,9.980539073079502943e-01,8.719832782569789664e-01,6.719317576141242698e-01,6.166571205630613228e-01,7.409138303546178861e-01,4.603412020369614943e-01,7.696609651861574530e-01,3.371350553602966427e-01,3.013144539827706803e-01,7.574321320485043474e-01,6.023670536117491370e-01,2.387438660750016428e-01,6.233408111630609483e-01,6.946974856945749011e-01,5.046696699204524794e-01,8.925958507964221189e-01,5.728860064141465952e-02,5.482200782097148561e-01,6.987807934166102575e-01,7.132046676915839711e-01,8.398345901347521458e-01,7.029905431971258389e-01,7.181325464440833084e-01,2.182862395959008495e-01,9.376360149974878322e-01,4.667843026283921004e-01,8.070085440748417938e-01,8.886431481017507128e-01,6.224358786551421607e-01,3.487113659667427923e-01,4.792269712615356281e-01,2.259190800433023560e-01,4.033170871343062514e-01,6.553247446204902849e-01,1.307736293458386378e-01,5.808960324781788920e-01,-1.916406209107600067e-01,5.265814289682280158e-01,8.128875701825764022e-01,4.988127316947171819e-01,4.143012850641086819e-01,5.968829974505032165e-01
9.153802091589027246e-01,8.858616415696902724e-01,6.168418544341379706e-01,6.312961661996123741e-01,7.566306332738342855e-01,0.000000000000000000e+00,4.481641151813549051e-01,7.962480636426403358e-01,4.959499975922545545e-01,6.553678383587908662e-01,7.954588102255560900e-01,5.372347326264473866e-01,8.530936441683096838e-01,8.522828657674444974e-01,3.030107764724359609e-01,8.394027448500230859e-01,2.768122114646216492e-01,5.198973900336126830e-01,6.233068879591608935e-01,6.072709429441246476e-01,8.766388202626449466e-01,6.086506933281248255e-01,9.595610373646550340e-01,7.052016767495338234e-01,7.401924745592936006e-01,7.665516730845471916e-01,6.095280517525892838e-01,4.308936493945455526e-01,3.559139509709845495e-01,1.226576969144205220e-01,2.011859958141795912e-01,4.289044083306134958e-01,6.346907593054242902e-01,7.192360634119144835e-01,7.908471050290289961e-01,7.841457136437515185e-01,2.295734132311934850e-01,7.718741653801889369e-01,7.863513864990170354e-01,9.919371776734442481e-01,5.153680569365940434e-01,6.458093133242468475e-01,6.238182186797367607e-02,7.525803961558596988e-01,4.064882420214039338e-01,6.970406566632064704e-01,5.822540102466644552e-01,5.441311982894014854e-01,6.348085153746612086e-01,4.934482598648773366e-01,7.475608814898038190e-01,1.317523586001882463e-01,8.346896184703045396e-02,6.542104574898480740e-01,3.058700901874158995e-01,6.498277582301656974e-01,5.077739593021520781e-01,5.967910417905332165e-01,9.182867842882365128e-01,-1.290043083263213153e-01,5.930779053409591661e-01,2.758723820448405473e-01,7.211645368694781233e-01,8.060374910648725466e-01,6.660472402778846446e-01,7.687389616936928238e-01,6.553680750636422525e-01,8.076302434369270200e-01,4.893191287711377568e-01,6.126542992200201265e-01,9.600587181170612272e-01,4.441709593438567527e-01,5.083646226464531015e-01,7.679096111839931460e-01,3.282445498554739105e-01,3.062654915479272599e-01,4.929292129796465360e-01,7.818666942738320413e-01,4.193371022258374770e-01,6.085399770557329419e-02,6.000478997942340076e-01,6.514701323836553648e-01,9.420399525292156850e-01,6.328101771762553174e-01,2.493015919535565561e-01
6.990483051004082737e-01,3.772137056244214692e-01,7.073282243513808742e-01,4.871082063634131765e-01,5.779538917254837260e-01,4.481641151813549051e-01,0.000000000000000000e+00,5.748102232160701153e-01,9.081132603847880125e-02,5.043004565699664710e-01,5.074439082199775353e-01,4.369337646757174287e-01,7.733433758215468856e-01,3.506229523548748395e-01,7.050569540940421209e-01,8.464139732857048903e-01,7.364173769282231774e-01,2.652077126875144186e-01,3.158827001956442948e-01,9.635957360041905728e-01,7.652487395687607163e-01,2.252037394048845009e-01,1.273454444148031384e-01,4.922214889254838965e-01,4.713981465428097595e-01,7.502417830328891313e-01,3.572981772234782305e-01,7.164840359893370758e-01,1.172470849596707609e-01,7.567299611747673183e-01,4.528374578498755576e-01,2.541591323805788560e-01,5.974045853280665064e-01,5.346155723336523113e-01,4.082254235215455052e-01,3.562280089292419460e-01,4.405532196726671956e-01,4.800026423458453317e-01,5.673837395205223455e-01,7.047039914084862744e-01,3.465379035843883099e-02,6.732727298384183490e-01,9.310531656335487849e-01,1.148446872374242478e-02,6.025093358085803485e-01,-1.736341687284695956e-01,7.931081734502889447e-01,3.052030834333246956e-01,5.321078287977782928e-01,3.005858462175310386e-01,1.902799943754964959e-02,2.910834903855244460e-01,7.959695517836323786e-01,9.250538998927124723e-01,4.732900278332946020e-01,5.071371933602336624e-01,5.395835364548370316e-01,6.563681868309702017e-01,3.444240325607600406e-01,1.304966007764718494e-02,6.167377978854917675e-01,5.988104450493634268e-01,3.174518692215055893e-01,8.961363176672293429e-01,9.422796259747132641e-01,7.301570581639862390e-01,6.507691876762676797e-01,6.634071097425597863e-01,4.887972151584031866e-01,5.759742296165781816e-01,4.305539801068409833e-01,1.721571097057984501e-01,2.528203643686705027e-01,4.334981136464374774e-01,6.519263541147002350e-01,6.903445547807565141e-01,7.893651406160984152e-01,6.949057070890496401e-01,7.876697388255897714e-01,5.348936624777047566e-01,4.236711356989547594e-01,6.147064266912058983e-01,6.062042446172616339e-01,2.074535363223274920e-01,4.204300153474728741e-01
7.041779456212606814e-01,5.191402957485563574e-01,7.445852437296672788e-01,7.251577186018779431e-01,2.590429747798408955e-01,7.962480636426403358e-01,5.748102232160701153e-01,0.000000000000000000e+00,3.603569765629655031e-01,2.599075358811996916e-01,6.670342843374643671e-01,1.423907361935642657e-01,5.175246401230159110e-01,8.383609620447101118e-01,5.472738737496549710e-01,3.114001524160363021e-01,6.402387865898515606e-01,4.544616245339939686e-01,4.085196844440632802e-01,5.260611213042604151e-01,8.979592069779750441e-01,3.219431573569452310e-01,7.613132361487153776e-01,9.598589196572760995e-01,3.809869709149691364e-01,7.722384386298366543e-01,6.784277581876283492e-01,7.945938333199460413e-01,5.497437618993544772e-01,6.296359231814534496e-01,2.447166899178169208e-01,5.754533845783869062e-01,2.836422507345855992e-01,5.947845459984902883e-01,5.671933525582769642e-01,1.604101529328351150e-01,3.807259982418916278e-01,4.613026673100927844e-01,9.873835653035533122e-01,2.486764135615153193e-01,3.895313088903664678e-01,-4.996334945291236451e-02,7.885580299913059754e-01,7.518737255495564487e-01,9.628931753374629920e-01,7.307616352090751111e-01,6.430062496065603872e-01,7.127058241317463239e-02,8.338117323358266164e-01,2.865212982580244705e-01,7.143682220878616596e-01,6.715963804612621324e-01,7.159603400842873278e-01,4.713876900199006070e-01,4.608599577625082655e-01,2.588249939527541565e-01,8.344414612723256575e-01,3.897663980478373036e-01,6.983198818715415923e-01,3.649547267383725924e-01,5.019355580233741954e-01,7.665832790934866692e-01,1.765480235607078674e-01,8.448578317639442448e-01,2.656142101358183183e-01,5.176584425920370824e-01,6.849823768013162395e-01,8.008818215284342346e-01,5.664871434749980672e-01,3.242205549280396948e-01,7.153030779285973750e-01,6.635287286375207705e-01,7.804051153109811123e-01,1.076935794301581012e-01,6.564579942970418802e-01,3.144931131606170660e-01,7.783863476783849933e-01,2.812521712733376256e-01,3.339498132760965743e-01,1.877319749534652471e-01,4.727377683554233601e-01,5.466409515049073242e-01,7.935473478083671095e-01,2.750433799180370120e-01,6.899819834978927480e-01
6.162420400753328975e-01,4.073917315009431550e-01,8.325543565827736581e-01,4.981974134022482126e-01,6.559170946808339231e-01,4.959499975922545545e-01,9.081132603847880125e-02,3.603569765629655031e-01,0.000000000000000000e+00,6.691190362618832932e-01,5.428330175876880936e-01,8.526223277320871263e-01,5.279833764000957386e-01,4.211924159682931545e-01,6.693715661205933420e-01,6.548987923206568418e-01,7.703960755339493982e-01,4.325044944077816589e-01,4.807729262633060885e-01,4.959222731261446748e-01,8.720146113748902250e-01,4.224911474810228995e-01,4.387192586162679264e-01,7.297137447287045386e-01,1.353917677506998596e-01,5.767578776493366144e-01,9.065702473930757899e-01,3.388889241962383947e-01,3.711755969148445855e-01,5.689668077568266202e-01,-1.247573275879628879e-01,5.471144289537069882e-01,3.275631676670227033e-01,7.773621415618185981e-01,4.225811777857335638e-01,3.511187594225566033e-01,3.688991935970833969e-01,3.324827563246117723e-01,5.889230170952310939e-01,4.491517966124633499e-01,5.297772442460658704e-01,5.783345543076472417e-01,6.873762767590958500e-01,6.189563412822001176e-01,6.069245637045707076e-01,7.801604715376436738e-01,6.454424762021171436e-01,3.620062782343732577e-01,6.225745051037826494e-01,5.677279732023055026e-01,4.858734550516012329e-01,6.124323505836667403e-01,5.746306875601751019e-01,7.705568095894149705e-01,4.988490810903788986e-01,3.934110020219698800e-01,8.911651656157232315e-01,8.659860815912151510e-01,8.548508111474190097e-01,4.549045327343916312e-01,1.644086859530991818e-01,4.826128700160545737e-01,4.562862253833133153e-01,6.143862847783867487e-01,7.151046283267858961e-01,3.873257445592864778e-01,4.608841467110463275e-01,9.369444428859542429e-01,6.025319857157978021e-01,5.707971523898338617e-01,9.918111559165916358e-01,8.417707911019640665e-01,4.967537108901360354e-01,2.208587649782240980e-01,7.340123513529609456e-01,6.840606134926285886e-01,7.117351839254528745e-01,2.636062959676195305e-01,1.632657998449559555e-01,5.791248257694492363e-01,4.631656451811764219e-01,7.743204364289911767e-01,5.918631054030811800e-01,2.391232323356634326e-01,7.118770691837046360e-01
1.917302506536850970e-01,3.497013649308813865e-01,3.813437638466522506e-01,7.764084444496673898e-01,4.253634599270427197e-01,6.553678383587908662e-01,5.043004565699664710e-01,2.599075358811996916e-01,6.691190362618832932e-01,0.000000000000000000e+00,8.465848805039364322e-01,7.614794922926566567e-01,9.702882560536405521e-01,6.206326039571641306e-01,5.997725670291573774e-01,3.428003008442566668e-01,4.044034976431289952e-01,6.679267814456038010e-01,7.416696799654316496e-01,8.668736095895855920e-01,6.350594260813119396e-01,4.737716202069880977e-01,6.767531692252656272e-01,5.069256608592500601e-01,5.954021189340983344e-01,7.417844446721137963e-01,7.327265314596637102e-01,7.795443117002055500e-01,5.075461834176986375e-01,1.323828316840047759e-02,6.697400169780975965e-01,5.568275944798528609e-01,5.562540048786882574e-01,7.665513941969267497e-01,7.164193977674242486e-01,2.852962733192664913e-01,4.992905422038728114e-01,9.399823909947296885e-01,3.846512485277923110e-01,2.676029673396442821e-01,3.975951190206205021e-01,3.531510028580729377e-01,4.059103070495085896e-01,4.162082579116342385e-01,9.419477174068049408e-01,9.765621641611066384e-01,5.540153022790776927e-01,5.971192017530750906e-01,4.909100615725441319e-01,4.729616859407158591e-01,6.352943955504071205e-01,5.283193960813366008e-01,8.122891864729310241e-01,8.532925367399234462e-01,4.997489752390802953e-01,6.456915674231177293e-01,6.046330870019034354e-01,4.404832626143768692e-01,7.723394409690653717e-01,3.910677876243981999e-01,2.286231261713718710e-01,8.063997750229945360e-01,3.609308885268523448e-01,6.734019218915303640e-01,5.087833428033073924e-01,5.957158860730330519e-01,6.039896574603805801e-01,7.248070971991227296e-01,4.049757212892546310e-01,9.473332497337454416e-01,5.004004112505535673e-01,7.226492717466912463e-01,2.012815488462314090e-02,5.866218877036331047e-01,4.522256121437032705e-01,6.280533430713114429e-01,7.859515062689649278e-01,5.553073402658442737e-01,4.486906477298228668e-01,4.555883023998725245e-01,4.228382543938787319e-01,9.042242282243331264e-01,6.297426036705552344e-01,3.118045643894843399e-01,6.725388411646879838e-01
4.781952977644681191e-01,7.268256384592974850e-01,4.672274763176375023e-01,2.244405580255953714e-01,6.300050178080708330e-01,7.954588102255560900e-01,5.074439082199775353e-01,6.670342843374643671e-01,5.428330175876880936e-01,8.465848805039364322e-01,0.000000000000000000e+00,6.448194793237000955e-01,7.251979257876095541e-01,9.021625838281428500e-01,5.480794242040966102e-01,6.131728263786194733e-01,8.340536558252029664e-01,4.025342454753124133e-01,9.092517636318825369e-01,6.184165306708268028e-01,6.654749222104642259e-01,5.146244306886783582e-01,7.548599370517992124e-01,6.809067647593168848e-01,4.699644363267076463e-01,1.011551386935997665e-01,5.958148714580194794e-01,5.689664760051178494e-01,6.453997038344317927e-01,1.815970645269167627e-01,5.349598535875671468e-01,2.058045528061326346e-01,3.126144000673845152e-02,9.463885603307067296e-01,8.357650526055131479e-01,6.474409911479550583e-01,-1.760800789515052367e-01,6.217813499761821738e-01,4.813799501994883157e-01,7.456871259589741285e-01,3.963153634758403987e-01,6.333777338577278870e-01,4.270709959130484790e-01,4.631840631325341295e-01,6.763618273861632391e-01,4.436981243440530909e-01,8.292478218124816891e-01,2.093825126977625906e-01,8.922983520446665651e-01,8.938208408329664234e-01,4.687054971220400712e-01,3.322697812092482161e-01,9.928977843810194992e-01,7.896137614557865447e-01,3.016339874128368126e-01,1.428895129649506712e-01,2.273107968874754359e-01,7.383182155350396236e-01,9.618876472703536962e-01,4.663079519588870792e-01,2.037145705780242788e-01,6.606195283229636672e-01,1.131433186177528694e-01,9.108956416559365055e-01,6.570773609731437315e-01,1.012244332500820271e-02,6.548017936129849614e-01,5.208450091790827186e-01,4.463617055461310268e-01,1.284904443575684840e-01,4.947800526214740091e-01,8.746217173649253329e-01,2.993927999099794124e-01,7.634501819127776923e-01,7.405637755033060987e-01,9.511323225581667096e-01,3.902866109065589173e-01,5.152552559470318094e-01,3.959523520302906108e-01,7.850337989993948495e-01,7.831929358946134734e-01,9.987405976435524968e-01,7.498074985015695804e-01,7.679736367111275053e-01,7.793481552028977966e-01
6.086391582085985963e-01,8.168945670070709708e-01,9.135227578170332929e-01,2.949237868330481516e-01,4.014176257586429264e-01,5.372347326264473866e-01,4.369337646757174287e-01,1.423907361935642657e-01,8.526223277320871263e-01,7.614794922926566567e-01,6.448194793237000955e-01,0.000000000000000000e+00,2.105984586603601161e-01,8.116141134817175251e-01,8.811396383707338353e-01,3.435945804289516348e-01,9.171010213621361151e-01,4.279294294305625579e-01,4.994495510562138030e-01,6.488473891856194609e-01,6.148400969626506285e-01,3.696304155818445625e-01,3.094405585848361562e-01,9.044510158099037245e-01,8.233606353733563532e-01,6.157345696809550795e-01,8.568062150849632408e-01,4.452245309490535097e-01,5.386524110449869562e-01,5.656764090825230351e-01,2.824982838506964744e-01,6.682749786300399286e-01,6.410021726269856668e-01,7.572831849972849749e-01,7.816475366143595949e-01,2.847238483802595477e-01,6.293471460453474720e-01,7.979686317653342797e-01,6.846571649226245171e-01,8.395154416860375335e-01,6.075787606392141216e-01,2.888612295503693583e-01,2.401651854695570631e-01,9.811672549072405491e-01,9.526513632409548960e-01,9.824397604743326795e-01,7.372818843959900725e-01,2.363890876933796570e-01,2.095311119103717978e-01,-1.294093035698606342e-01,4.018310113900147584e-01,8.132051385257936804e-01,1.829034428083827213e-01,5.412263447481012735e-01,6.062288065826398897e-01,4.094624900813837454e-01,2.712085928228440412e-01,3.950439470608754777e-01,5.793950081836263255e-01,4.617553107517142208e-01,4.123984718579723485e-01,5.917722857648314294e-01,4.891774616688429611e-01,8.608352540237369510e-01,9.046458112579228716e-01,6.264303634464443160e-01,7.954597746143157178e-01,8.373668775272100628e-01,1.553658002947419792e-01,2.889289321743643835e-01,8.192579314748147379e-01,7.489587014173418877e-01,5.344133915420977710e-01,2.385090841523664629e-01,5.904036162213731620e-01,2.871258303593506866e-01,5.438292034620588744e-01,4.753338339061836115e-01,5.005223042033024594e-01,7.695677887625422819e-01,7.457734507105605593e-01,2.487869419117377523e-01,2.715151746169963687e-01,5.758363530443277867e-01,3.213964973285449722e-01
6.428904323413199284e-01,9.224592705508820600e-01,9.404993085153088295e-01,7.214819448536633484e-01,7.340034078166660647e-01,8.530936441683096838e-01,7.733433758215468856e-01,5.175246401230159110e-01,5.279833764000957386e-01,9.702882560536405521e-01,7.251979257876095541e-01,2.105984586603601161e-01,0.000000000000000000e+00,6.217540181740427441e-01,6.640116492732132114e-01,-1.405337281768314628e-01,9.530083221170244645e-01,4.784273539922968554e-01,5.060819998793586461e-01,9.779347071934239022e-01,2.082516185157556876e-01,8.309509933088378153e-01,1.214014434699473011e-02,8.931209039741627720e-01,7.146965138465173339e-01,8.636104942679014851e-01,3.568335328980852816e-01,7.214991341074423747e-01,2.616648584761085625e-02,4.493945304042840649e-01,2.109687546412595816e-01,4.625727730458276121e-01,4.094681421611515160e-01,4.304565053505547967e-01,7.348359444401223461e-01,5.779990523194666885e-01,3.611541574161196144e-01,4.062029564533181647e-01,6.779505424828895510e-01,8.622858466270476585e-01,5.928548173575899360e-01,3.203343027022786393e-01,9.509719977657553613e-01,5.893658383318477467e-01,9.121100851775053586e-01,5.572024112898978920e-01,7.244706745270168557e-01,8.467438513596375893e-01,9.504725176508148632e-01,4.030679317230337899e-01,6.254684406962267573e-01,7.077355361227006814e-01,7.910773555521817268e-01,7.518234517039049658e-01,7.977053663392413840e-01,7.310283407463533667e-01,9.060902272149586878e-01,6.795140600921152352e-01,6.607657379264024744e-01,1.932578025804901900e-01,7.095919111104078691e-01,7.692113709537909960e-01,7.111983071068000983e-01,-5.729993567831040413e-02,9.894288054706991131e-01,9.436802499522077836e-01,6.102008984413728188e-01,6.554125384659870157e-01,5.823427697503471556e-01,8.954053230158117715e-01,8.260902476768137159e-01,3.456810388707658999e-01,4.663149953676012371e-01,3.253281933179267282e-01,2.747590934666611084e-01,8.398573087217328093e-01,9.712400699532173221e-01,8.525225008111460001e-01,2.211723715096141629e-01,3.901790328195123836e-01,6.011345562821922561e-01,9.065434882051580656e-01,5.270975565282701725e-01,5.303200589165022460e-01,7.813699178552818703e-01
3.444507371715580524e-01,6.417511560807988014e-01,8.564556350509318072e-01,7.623495494605923017e-01,2.561571968606077276e-01,8.522828657674444974e-01,3.506229523548748395e-01,8.383609620447101118e-01,4.211924159682931545e-01,6.206326039571641306e-01,9.021625838281428500e-01,8.116141134817175251e-01,6.217540181740427441e-01,0.000000000000000000e+00,3.196032934748101462e-01,7.327109805595821701e-01,4.182185451654256703e-01,9.085666382277757247e-01,5.890535376490344532e-01,9.833744989488681920e-01,8.869361239213917614e-01,3.441973340621688471e-01,5.330136407001970777e-01,6.233734769874396120e-01,5.083298188717682020e-01,7.516790328506218755e-01,6.469036736089890383e-01,9.075854463882303547e-01,2.508676551425820800e-01,4.916422957735495924e-02,-1.355264993441895882e-01,2.940015255155503746e-03,7.214532810224592030e-01,9.983996892021776981e-01,7.428340062848749481e-01,2.151673101241218800e-01,5.194475096540880354e-01,4.273684981977574071e-01,5.419158896260798386e-01,8.230889397851949285e-01,1.257288359720047655e-01,5.256564423353525806e-01,4.506732634189956066e-01,9.616552057684002452e-01,4.455814140666692347e-01,6.866989008858356280e-01,9.098118992237405056e-01,9.515443073946665553e-01,5.821397695082132229e-01,-1.308134696054221446e-01,7.731855152305037171e-01,4.520819734705699977e-01,8.743240533012460736e-01,4.634524213055716269e-01,4.881644198028824988e-01,3.639150541177109677e-01,4.916796592238765751e-01,7.988140349575679755e-01,6.044994238066234704e-01,1.419894722029336198e-01,6.884613184773739070e-01,8.089998620923378736e-01,7.866593752295086839e-01,6.488736688871636904e-01,3.942622680506117638e-01,6.746967412080475679e-01,8.995096599755706412e-01,8.144081241164340401e-01,3.206682646951246052e-01,6.150100680747918602e-01,7.029205166093261958e-01,9.073392705194611718e-01,3.935347773783944292e-01,3.096990786741882773e-01,7.626187491394238738e-02,6.495430835703146499e-01,7.965123930517090667e-01,6.227729271844807402e-01,-1.369468753130790306e-01,5.641406210627761819e-01,9.755859925225002227e-01,7.615473820371694291e-01,3.855706296819663148e-01,7.033620787921309736e-01,7.298720178583140150e-01
7.610894981475593291e-01,6.135464164066349868e-01,9.459056513643701036e-01,9.172078095004642107e-01,1.375214806679576629e-01,3.030107764724359609e-01,7.050569540940421209e-01,5.472738737496549710e-01,6.693715661205933420e-01,5.997725670291573774e-01,5.480794242040966102e-01,8.811396383707338353e-01,6.640116492732132114e-01,3.196032934748101462e-01,0.000000000000000000e+00,4.979208428402491782e-01,9.771357300188090456e-01,4.234501436297349874e-01,-8.433801901954353364e-02,4.749775630288417538e-01,3.149565392926019225e-01,6.638067911754255146e-01,7.038242742658031847e-01,4.451273628167953800e-01,8.196765193125467031e-01,6.915241175546097407e-01,6.815986366520447870e-01,3.358445231928900432e-01,4.041298474850512634e-01,5.493435367527063073e-01,4.708027419672367042e-01,2.402613808513076044e-01,7.573307796550199367e-01,1.581554418196568987e-02,4.763817724823534161e-01,5.085752150711526642e-01,4.531633439596122748e-01,7.297452076326521597e-01,9.651638032313233362e-01,7.704149730590493794e-01,2.512181796707895209e-01,5.955736740979010735e-01,8.428581518989087806e-01,4.331093571213749938e-01,9.199853183539188350e-01,8.686262304950984614e-01,8.857482421824962593e-01,7.749157209375580058e-01,4.411513300277453142e-01,6.210813643540505913e-01,4.072025097548249151e-01,5.538081247997904688e-01,9.834422213142745006e-01,9.485189771102717771e-01,6.297140404374759193e-01,5.646830474445629910e-01,9.628654334217381372e-01,3.774133123903694598e-01,9.759880830042917399e-01,3.007622173768745855e-01,2.519705115603046441e-01,4.942841139300634401e-01,5.860917341028980543e-01,7.798804176959566181e-01,7.609466436863649985e-01,4.809821992344654462e-01,3.474031151737551060e-01,4.779349957577726515e-01,7.082010823688363876e-01,4.443560766294726849e-01,3.374980378679320325e-01,8.581213669595493254e-01,2.004534500718557211e-01,5.072425943544062177e-01,7.220294584824237250e-01,4.302009844776819580e-01,9.041943825849880767e-01,5.772215289565407748e-01,5.293334784066392462e-01,5.763148465608588511e-01,5.965082477424801244e-01,6.092956178948671919e-01,8.548770581655795731e-01,5.342814601973960853e-01,6.705138477995220558e-01
7.153809355427195316e-01,1.980475787163580442e-02,8.850916417923477830e-01,8.651240981260159835e-01,1.091959098024476021e-01,8.394027448500230859e-01,8.464139732857048903e-01,3.114001524160363021e-01,6.548987923206568418e-01,3.428003008442566668e-01,6.131728263786194733e-01,3.435945804289516348e-01,-1.405337281768314628e-01,7.327109805595821701e-01,4.979208428402491782e-01,0.000000000000000000e+00,1.483316824820380686e-01,4.720157919368683785e-01,8.281647936752024597e-01,7.625598197914034149e-01,9.729100288479474168e-01,1.062304569683616452e-02,1.216368637605519248e-01,6.134596269385651501e-01,3.562800970336355011e-01,4.452023935205371985e-01,3.880872025298555128e-01,6.805505005203282831e-01,6.442950037137582520e-01,4.959556766199237909e-01,7.107139651116885226e-02,2.036194388944854300e-02,6.069668312709557423e-01,4.427482818289565913e-01,2.143336089927763422e-01,-9.937149313461596245e-03,6.908275410737061417e-01,4.012890572574440151e-01,2.563885696846868734e-01,4.579615251474191684e-01,3.524242984736399853e-01,5.093720042055135400e-01,6.375951022797368140e-01,3.967265442090111005e-01,9.449866745321171546e-01,7.075297250969909690e-01,6.310351577337809381e-01,9.728949583516020017e-01,4.186478547739822531e-01,5.958955306362500037e-01,2.223772722046303829e-01,4.801386603182131174e-01,4.323586791333763890e-01,3.268718471490509314e-01,8.157848594567714828e-01,8.647504783754516033e-01,5.697470051621873477e-01,5.124397218101415241e-01,5.886587900018258601e-01,-1.479252915942856628e-01,7.844923682634905582e-01,4.104560068522250527e-01,9.932638230039533278e-01,7.515700838829350028e-01,7.843531791157873911e-01,5.657891566108663728e-01,7.854277562316636097e-01,4.447319606818244675e-01,9.462435147481730313e-01,8.786159776552233680e-01,7.843871367979169396e-01,1.055479686281494828e-01,1.738509753643986966e-01,7.775162206761249140e-02,3.348300357557241202e-01,6.480653623899936822e-01,6.479531669441110919e-01,7.938206718611604540e-01,6.510903326373901345e-01,4.167707507541048018e-01,2.605805068874124664e-01,7.488301185929377990e-01,4.264050625417416529e-01,8.128527478335495493e-02,1.449738840312487231e-01
4.956533194029916767e-01,6.049405580658544501e-01,7.217705987918103805e-01,4.774234029575193938e-01,8.823403953125306121e-01,2.768122114646216492e-01,7.364173769282231774e-01,6.402387865898515606e-01,7.703960755339493982e-01,4.044034976431289952e-01,8.340536558252029664e-01,9.171010213621361151e-01,9.530083221170244645e-01,4.182185451654256703e-01,9.771357300188090456e-01,1.483316824820380686e-01,0.000000000000000000e+00,8.701479910480036661e-01,8.076224767861671650e-01,7.590150416510653697e-01,8.990121619398475650e-01,8.327919638160302673e-01,5.076407419057543668e-01,6.105417182655726860e-01,6.968477678469892078e-01,6.210829460068579833e-01,7.909808321862333846e-01,4.541492274139305452e-01,6.528676308569107689e-02,4.279584208812534790e-02,3.501003440193964922e-01,9.035534896423641493e-01,6.874309503335470639e-01,7.110870381986701405e-01,5.541574461972141874e-01,2.764444452447585299e-01,7.033653765543520509e-01,4.491093149296697118e-01,8.011012670486047371e-01,2.806170760625346650e-01,2.235168584164844985e-01,7.414354890768032336e-01,5.568690849552622169e-01,8.887433756632918680e-01,6.567515792086721094e-01,6.695113482557797369e-01,2.681141800356292570e-01,9.624119263804469249e-01,9.343511648628091137e-01,7.919656392306604342e-01,6.007609107110980506e-01,5.177086325000043177e-01,9.862765939319342312e-01,4.285002739263943927e-01,3.993503875786057478e-01,9.083520621308170950e-01,4.613498923962958131e-01,5.789219378380774383e-01,8.980142697819036846e-01,7.001759406534621144e-01,3.526369017010155260e-01,7.888919220652927944e-01,7.541886209461037271e-01,8.287310168238131158e-01,7.592927181092725686e-01,4.735509967016223731e-01,8.533843271333747538e-01,9.652879956559496932e-01,2.811383762177669388e-01,7.121780976292437781e-01,6.221967109031842913e-01,7.273541053275198731e-01,2.379708500985229791e-01,2.593018587803228026e-01,6.544342339934616781e-01,7.920303141054677587e-01,9.074566935721259942e-01,8.630479590802068168e-01,2.540013699566460170e-01,4.890243412300410153e-01,4.119812333477779198e-01,9.279680959513699756e-01,4.256191875029277094e-01,2.039510202638283864e-01,9.666641138364673314e-01
3.710771107554832193e-01,4.192721269506759496e-01,4.242163021266457945e-01,5.643727948703436414e-01,5.722610697360352994e-01,5.198973900336126830e-01,2.652077126875144186e-01,4.544616245339939686e-01,4.325044944077816589e-01,6.679267814456038010e-01,4.025342454753124133e-01,4.279294294305625579e-01,4.784273539922968554e-01,9.085666382277757247e-01,4.234501436297349874e-01,4.720157919368683785e-01,8.701479910480036661e-01,0.000000000000000000e+00,6.932254141002514025e-01,8.243821960796247073e-01,5.149246382077928841e-01,7.837761050796070439e-01,2.419257607153586787e-01,9.061100687492245065e-01,7.929711460160100422e-01,2.897806404917450118e-01,4.561759351542148955e-01,4.642097672222412763e-01,2.723497263960945602e-01,5.224159379739145015e-01,2.008289073063621033e-01,3.372308481180177342e-01,3.162636141380989474e-01,3.908973841231352386e-01,4.239863030804404409e-01,5.649098220907542434e-01,5.055290539002590400e-01,5.404433571902522715e-01,9.281137405859782863e-01,5.083859681431749378e-01,1.068049379051147635e-01,5.163926217527179396e-01,7.858459032374552899e-01,5.444178264523285016e-01,4.024523391967059771e-01,9.048672735953623425e-01,9.103884038452368932e-01,5.508972085344936431e-01,6.435179299175224354e-01,6.112495416550645100e-01,2.522626265933385903e-01,4.999835455257772843e-01,6.878867566417823376e-01,6.782730539408461379e-01,8.663297974495461906e-01,5.592233823488538258e-01,7.375722815272044153e-02,4.439882358777160198e-01,8.753407061162435943e-01,3.772674281831077669e-01,5.596610098666312538e-01,6.564916597156398304e-01,3.089897649367036037e-01,4.589642282954789487e-01,4.749900984645128443e-01,3.967164651492776639e-01,7.571685622344950239e-01,6.442746856728125415e-01,6.338812613244058092e-01,7.901406613799357714e-01,5.572089506517726720e-01,5.119335033381315903e-01,-4.707154734438867560e-02,2.365074103507845416e-01,6.476700122783838331e-01,8.542740791106458176e-02,2.270039985504301305e-01,1.024471483871705335e-01,3.803189785219952546e-01,3.800080921487929420e-01,7.803772841714901043e-01,8.714588999844956607e-01,6.192914848576612785e-01,4.565018096242484114e-01,4.945510141257643544e-01
