0.000000000000000000e+00,3.180551431851182942e-01,8.523369832590383943e-01,6.751441465915792861e-01,7.531085258706686769e-01,5.871971016027841550e-01,8.592018933746218279e-01,7.112204699325304080e-01,5.931325840459491516e-01,4.184467783057824186e-01,7.284820296841298948e-01,7.033222965516374714e-01,7.274090153694459104e-01,7.652099781594456918e-01,8.679050948112840835e-01,8.324291164646447916e-01,9.374436325848777285e-01,4.653204615343199957e-01,9.968633088547924626e-01,4.041635761802674365e-01,7.274940258134474647e-01,7.690227585280222655e-01,6.402491962721946761e-01,6.089587656295353257e-01,9.270847547720608706e-01,5.798995989702732112e-01,2.014762945940325456e-01,4.379901122257710000e-01,2.178590027363281612e-01,4.049118559632512437e-01,4.815509479794379821e-01,9.020945473014660987e-01,8.336987535881168476e-01,4.434242009931285144e-01,7.871860193259210270e-01,3.162454414344695874e-01,3.907627329666877869e-01,3.278559454209313273e-01,5.639225924661455114e-01,6.721784035062798868e-01,6.009487408284217569e-01,9.003446383895588045e-01,8.334036098199016918e-01,7.639670917731087307e-01,6.479938644888036947e-01,6.638844995947827954e-01,7.303820239585927521e-01,7.384350057241053644e-01,8.741470939153528352e-01,5.450947078630404841e-01,3.354465795556151875e-01,9.980868873344159731e-01,8.422770163315855818e-01,9.259276227260438974e-01,5.947442331599226417e-01,9.234991436483197536e-01,9.254653861378147051e-01,9.784753265326218141e-01,7.670827291708860463e-01,2.475973317874239354e-01,5.050951727369752675e-02,6.323590089419913740e-01,9.616472712215605734e-01,9.361547505321375917e-01,8.730197214016554019e-01,1.805456985350889498e-01,7.345630259147994945e-01,4.804927789334205723e-01,5.812023383927280573e-01,7.325933997954046095e-01,4.485869181439463560e-01,5.960919089442413554e-01,5.315829018954301155e-01,3.386121557306949748e-01,4.466095232226122702e-01,7.084327226264727217e-01,7.772118067683106979e-01,3.878061293442928159e-01,2.496624742369500660e-01,5.064854434851110421e-01,4.407922316730917278e-01,9.263709278925071899e-01,6.136049609737688204e-01,7.943420297578737133e-01,8.415413721218093501e-01
3.180551431851182942e-01,0.000000000000000000e+00,1.170570763432823985e-01,6.451581196104432259e-01,8.404993523736759009e-01,4.502671329685213331e-01,4.400683982884772139e-01,3.416010354287449813e-01,7.594129157630604698e-01,8.998685571954655460e-01,1.819026194059829016e-01,8.760598640217041044e-01,7.614681897180770598e-01,7.594439069393003061e-01,3.303023828126852024e-01,3.047137894850120432e-01,3.876412301711632535e-01,7.066603773508201014e-01,4.594488934123518442e-01,3.499591349104563820e-01,9.110735286613815820e-01,4.853119552508380341e-01,5.711642577139184329e-01,7.199224437458743298e-01,7.861426607715291670e-01,4.314665469008638343e-01,8.223057688272097931e-02,4.659320814191412197e-01,8.896312611678593996e-01,-1.369802867452295514e-01,7.572367086122534507e-01,4.559944924872952332e-01,4.791527105428388111e-01,4.697578134438351594e-01,7.310081782449410204e-01,4.750275229856374959e-01,4.061349959093701889e-01,4.583679727596586817e-01,6.868862997950982985e-01,6.962289195215018989e-01,7.950226210267414828e-01,1.163309376235610038e-01,6.626470681403173746e-01,1.015607707029316659e-01,4.113770969468264482e-01,8.445341439499792768e-01,6.749475728744176450e-01,5.823003999372458050e-01,2.912483676785318498e-01,3.773173625534216313e-01,2.571008212520792813e-01,5.633398351367598922e-01,7.689361606325293419e-01,5.550647031204702930e-01,7.573811791337559107e-01,4.642238160565622107e-01,7.828280635422598666e-01,7.540632331837570090e-01,4.917660429997914306e-01,3.511965751035394101e-01,3.184380773634906125e-01,7.171378156129943893e-01,7.995736069711252281e-01,5.305833199041033454e-01,8.877321729579766840e-01,2.982700806383872250e-01,9.094365715614272094e-01,4.383158008398946315e-01,6.579392835274967544e-01,-1.940196048014954933e-01,9.632182083381148896e-01,6.780162822369336650e-01,6.137820051569797819e-01,2.025702784664399903e-01,3.700188232110692699e-01,8.811490249975451050e-01,5.906267317798923333e-01,2.921126727443992821e-01,2.837843507340527260e-01,1.058946557438033009e-01,4.089174889772578259e-01,6.099808349688894404e-01,8.259836551829528029e-01,3.806446437679509853e-01,7.496052822469911892e-01
8.523369832590383943e-01,1.170570763432823985e-01,0.000000000000000000e+00,9.035332215393736544e-01,7.317065705886655058e-01,8.779332045043295452e-01,7.561594779482641027e-01,7.091194391719475298e-01,6.230468545426571803e-01,8.881476645752983679e-01,8.788697791485233779e-01,8.434609072500639515e-01,2.028571174947526590e-01,3.369662108156759595e-01,8.878977464516287776e-01,6.084197003292333150e-01,7.992661943546326420e-01,2.865263377821022917e-01,6.889676358495433472e-01,7.045798247793851887e-01,8.716948904315904301e-01,1.708422976383905112e-01,9.006542292417235585e-01,7.896758364498306371e-01,6.559112226181185168e-01,7.899825048842140651e-01,6.188519711548403635e-01,9.814706204217735763e-01,1.726510304851680833e-01,2.519002416846122805e-01,5.233701766046072734e-01,9.125185115193535923e-01,6.988390964783837145e-01,4.442899257827037096e-01,7.419265272617534546e-01,3.281613393179295679e-01,4.906231526740365556e-01,5.536259521342503653e-01,9.311863026286899547e-01,9.376569729217204552e-01,-9.588114430486038842e-02,8.171276799308395677e-01,9.538944937321928164e-01,7.587901023456303795e-01,8.350818411107169270e-01,5.323385412938489436e-01,9.842671980061636905e-01,1.535457984219051331e-01,9.560264387043849732e-01,7.400756966499735245e-01,7.798107798654563272e-01,1.370192547107454417e-01,8.587494636461058262e-01,2.600344015543037401e-01,6.028733423234919897e-01,6.559266278218620627e-01,8.524814231007068477e-01,6.532244914179728967e-01,8.691019907001019673e-01,6.770517154873301191e-01,4.832634879606074740e-01,7.863367007762522842e-01,6.117472290135888002e-01,9.854952314701768135e-01,5.128295693228559493e-01,6.474286239630607787e-01,8.028799558209555043e-01,9.185908943765095369e-01,7.189587725292888587e-01,4.860899235822810915e-01,9.788835723109982068e-01,7.311445240785299227e-01,-1.091930588637647359e-01,6.014880067559628118e-01,3.392080955285463606e-01,8.379865092013808470e-01,9.874575669014115098e-01,8.638636537846468011e-01,-6.794713847221531267e-02,1.051276437880819814e-01,5.694680669992567834e-01,7.557277184901017852e-01,3.213373312185242581e-01,5.566915690181201137e-01,8.263759816845414052e-01
6.751441465915792861e-01,6.451581196104432259e-01,9.035332215393736544e-01,0.000000000000000000e+00,4.139492945330752738e-01,6.953298219147703296e-01,7.938132711071723691e-01,7.290325078574031448e-01,9.381226730739296027e-01,4.327995686872788128e-01,9.994554964994839530e-01,6.303087409919474471e-01,8.655831373115470129e-01,4.269362232142509539e-01,7.555602979177112877e-01,1.398555109635841176e-01,5.632704807695544380e-01,2.533267121650286668e-01,6.564764993977085794e-01,9.037080846763456687e-01,6.801183252742952767e-01,9.021765716073831820e-01,4.996481404058637499e-01,9.458851365977037906e-01,3.254509542582657566e-01,6.258933011614856712e-01,6.617586640642063589e-01,7.954408076639072345e-01,9.962458338044533068e-01,1.447302792842425634e-01,8.855413163125558373e-02,4.627015370771694891e-01,7.924538894143183798e-01,9.523722079745678970e-01,7.468726440488349105e-01,2.049631724354926965e-01,4.720212336998739211e-01,6.065321749762926373e-01,5.978886447058454623e-01,5.375042346270813010e-01,3.658569187904080477e-01,6.712070245480459274e-01,4.224022361435260109e-01,2.268739189548040214e-01,4.663592544284971275e-01,7.284787222655504380e-01,8.410125077762231616e-01,7.586608940721237815e-01,7.585234259275873692e-01,9.846911337772745743e-01,6.628759075038502813e-01,6.025866451849012373e-01,5.415521098570323932e-01,6.184425727719633503e-01,6.563285798764726398e-01,9.888711845670566936e-01,6.103755057477201484e-01,7.618581857461085294e-01,4.060181969783915878e-01,5.481354253452151992e-01,3.181415709023506233e-01,4.408414556581767285e-01,7.944176251660053367e-01,6.175105696560755364e-01,7.473448337286878740e-01,8.480039544797957074e-01,8.281386401847928846e-01,7.217348933312381920e-01,4.224583172736461334e-01,7.763524966802439753e-01,8.384631495921734956e-01,9.808694635672509099e-01,3.032255436153277195e-01,4.551900381412527508e-01,6.502478313325692483e-01,8.786469718375357063e-01,6.934566812867281049e-01,3.412234606799112724e-01,2.596915013695759167e-01,3.670445576101084573e-01,4.131079005326921960e-01,6.721352066337009656e-01,7.318296113946547443e-01,5.073667178492946572e-01,8.641849231587808156e-01
7.531085258706686769e-01,8.404993523736759009e-01,7.317065705886655058e-01,4.139492945330752738e-01,0.000000000000000000e+00,7.261821289492009779e-01,5.596477378699074023e-01,2.096497817395243657e-01,5.419503044883898779e-01,5.499943524224238933e-01,8.878742594342751149e-01,7.893924650547201605e-01,4.147981251151132698e-01,8.175328483296244730e-01,5.309343790718899087e-02,9.043831802590043267e-01,7.854590723463118485e-01,6.893782728289462591e-01,3.816286333378836604e-01,7.268202710714023462e-01,6.113205387899931509e-01,8.266665773877148737e-01,7.752939144100030600e-01,7.041264708291988805e-01,3.170528962569403308e-01,4.040323148636312811e-01,6.754877516198219689e-02,3.420957246109820882e-01,6.161559715339310905e-01,3.418795398248765660e-01,2.006830927456695057e-01,8.044619347680670440e-01,8.248696313761620935e-01,7.669686466725986751e-01,4.698626458890569624e-01,3.533614971219917744e-01,2.910735505830880920e-01,9.235895604408987936e-01,9.572418871830986609e-01,4.903765387144942145e-01,5.476136846530921254e-01,3.903470059352055488e-01,6.836665917834658934e-01,6.480825130905829567e-01,9.212187561662129598e-01,7.807290533454324111e-01,6.514918234669856423e-01,7.978725744427833666e-01,6.186045399104868059e-01,7.895809652446248439e-01,7.098994836329544089e-01,9.391827414985429723e-01,4.480231547114030821e-01,9.405500215851055890e-01,7.099599088844052996e-01,1.826301038500143248e-01,3.826641122400109563e-01,6.220859790313691962e-01,5.571508452897848684e-01,1.293072771326364001e-01,4.391889221409877586e-01,7.853292189407193868e-01,4.492697075682676178e-01,4.779426077580256060e-01,7.763268529652276317e-01,3.090704912726478515e-01,8.272627928560390975e-01,9.766338711341553402e-01,6.986200241323776705e-01,-5.396551040467958971e-02,8.807408016366575776e-01,7.852123514815243510e-01,2.140005022916410538e-01,3.511146040342337793e-01,3.476242404333650393e-01,6.844674860562913743e-01,2.300931198522932486e-01,6.039233293762380494e-01,3.542748016498223906e-01,4.557358694531893906e-01,5.878898823156335496e-01,4.475064020906064366e-01,-1.827472625455959232e-01,2.805848077116377959e-01,9.460499938524964403e-01
5.871971016027841550e-01,4.502671329685213331e-01,8.779332045043295452e-01,6.953298219147703296e-01,7.261821289492009779e-01,0.000000000000000000e+00,7.628552590362116526e-01,7.836971222987125785e-01,9.242795105504894027e-01,8.374427061142897255e-01,9.978435825352598432e-01,3.835184504994018084e-01,8.054084655311015695e-01,9.016994207533637340e-01,7.026261041444299416e-01,4.998928455347838029e-01,7.081695590923046124e-01,5.622104715253634089e-01,6.212124252350257336e-01,6.900901080163986956e-01,5.226050472997590957e-01,4.424960615864582114e-01,6.380292919340118107e-01,7.553312169536727794e-01,4.427370364657233770e-01,8.661850028508809585e-01,7.648117085841866780e-01,4.143334200794239752e-01,1.121324371756766552e-01,2.888082533975410704e-01,5.431665485089566259e-01,2.426017365182423779e-01,5.064787533470638259e-01,7.322076212473838108e-01,6.944711087051498311e-01,7.456003130728119377e-01,2.188985159520704937e-01,5.325806468396613313e-01,7.035954499799729200e-01,7.056676007028830355e-01,5.756015331609628527e-01,7.163063821724788838e-01,1.803365975821886735e-01,6.452927253795888163e-01,6.814344384018505840e-01,5.662590228794915914e-01,2.141309130472651978e-01,6.203777765189963933e-01,7.891188425773486559e-01,6.873657179943224449e-01,1.627658984961933286e-01,8.196942830854345718e-01,8.791427410342192994e-01,6.795260774205362786e-01,3.572576429373542362e-01,5.749025354410408628e-01,6.967117983712524110e-01,4.208238372391712168e-01,4.492091858214291022e-01,5.134229991807891524e-01,5.875966024275468547e-01,9.362449593097122991e-01,4.466931546866234615e-01,6.766939086787833180e-01,7.271160512294622125e-01,1.823952483113814305e-01,7.554098239639435164e-01,3.407940124578478502e-01,7.194383889006493449e-02,7.138515673477716650e-01,4.179580178072899721e-01,4.817576471653285952e-01,2.543982959539006217e-01,2.518285620837886762e-01,2.127487091895726157e-01,9.846421303573563710e-01,6.149229480051227048e-01,4.624433231115753218e-01,4.456390961264271589e-01,3.928787015069891142e-01,6.214594838780818087e-01,3.341916829971015579e-01,8.240937916792328011e-01,1.189442821194040267e-01,3.973753506981125838e-01
8.592018933746218279e-01,4.400683982884772139e-01,7.561594779482641027e-01,7.938132711071723691e-01,5.596477378699074023e-01,7.628552590362116526e-01,0.000000000000000000e+00,2.772070851105701284e-01,5.943846816358312468e-01,-1.121853852483814529e-02,6.558502883407650863e-01,3.916450905808357419e-01,3.412933554269387826e-01,3.752770550630347146e-01,6.558837934623842347e-01,6.795621881055673164e-02,8.426900306997976431e-01,4.151611468659721638e-01,4.297011607179618276e-01,6.372942337021539894e-01,8.535920372143861456e-01,2.862731801275156807e-01,8.052290472461328674e-01,6.538244786476554715e-01,3.557258951927307900e-01,5.095737582238830665e-01,6.894044521974131978e-01,1.441755545236480564e-02,7.008892654254388344e-01,1.012644803968612006e-01,3.144463635869800822e-01,6.814963106575010476e-01,6.198076319797969358e-01,5.561287491854194354e-01,4.561966094101395641e-01,2.085069216194355701e-01,-1.037305254627748918e-01,4.332856193034599901e-01,4.159848873445203266e-01,5.588234080975176266e-01,1.578604798676348508e-01,7.663033515509783955e-01,7.345399711413108657e-01,6.503446920127941011e-01,5.612085648202191912e-01,7.952937236398788245e-01,5.643342630214742695e-01,3.095064144276370444e-01,7.136166713457159361e-02,6.627053415656630753e-01,5.232538188276187885e-01,5.610218062110868820e-01,4.302653676062966337e-01,4.848109381533668438e-01,8.629913929709666087e-01,5.465681893652115653e-01,4.059531902928017466e-01,7.018107507387967292e-01,6.761238008000285404e-01,3.876197350572075928e-01,2.700943406369274435e-01,6.078902574334866804e-01,7.090775425688023992e-01,6.052664219275598612e-01,9.722433647011081703e-01,5.364978956036912106e-01,7.515704447474856886e-01,8.501494186855262924e-01,4.036175822520663425e-01,6.043251785771140971e-01,3.735215238370684920e-01,6.408677522986665487e-01,5.517563047377144203e-01,2.855956187109151001e-01,2.896089145773014240e-01,5.635771342073074841e-01,5.429583220896460061e-01,8.036119362441976888e-01,3.341804705655564423e-01,1.290990664235396393e-02,7.071668294438737679e-01,6.891088879571025672e-01,4.143950810919455052e-01,3.071468658758307324e-01,5.959474239766625603e-01
7.112204699325304080e-01,3.416010354287449813e-01,7.091194391719475298e-01,7.290325078574031448e-01,2.096497817395243657e-01,7.836971222987125785e-01,2.772070851105701284e-01,0.000000000000000000e+00,5.613677019297849125e-01,3.178782785996145943e-01,6.946748498160481011e-01,5.037602930500852949e-01,6.983716673681167331e-01,7.019249560412138544e-01,6.105873320044818975e-01,5.680428988106842603e-01,2.977800804195906981e-01,5.316695425268214148e-01,8.864410763809834615e-01,7.086399737174065017e-01,6.010892693191757230e-01,5.480562780334574668e-01,5.435863541768378715e-01,9.697679094329064720e-01,5.402162892563799890e-01,2.865343564612169991e-01,7.247503631308488403e-01,7.945383155253366025e-01,4.373406469396563523e-01,6.475523072265638724e-01,5.319604762662499819e-01,4.452441016899030268e-01,7.339390021840576095e-01,4.893153028935902649e-01,7.622414120154467065e-01,9.320292573535866876e-02,2.286342787370565788e-01,3.171889844422915439e-01,6.569153552801711982e-01,9.405575583965491981e-01,6.922947251693556403e-01,3.599323001997847271e-01,8.388632749038833492e-01,2.433090975756381780e-01,9.664098541623904470e-01,7.288616927900921638e-01,5.349885987751723526e-01,4.938163983826127090e-01,1.825388224420864403e-01,5.170799650611568321e-01,4.232475764327349177e-01,2.341944485153852340e-01,3.753528718873688774e-01,4.478170814150106982e-01,6.864447166204359352e-01,5.109518721722950962e-01,5.846782240228023397e-01,5.544166697312122860e-01,5.180816607423863740e-01,1.050194972314433817e-01,4.579754425478617108e-01,3.621533860435652841e-01,3.772184716517526515e-01,6.165714375993702756e-01,6.711590752453842068e-01,5.529394981615658455e-01,1.946551575069477846e-01,6.456174992726182449e-01,6.036604354009269535e-01,6.569805394035872492e-01,-1.778800223959481341e-02,7.034399669516309128e-01,-3.123929893233381438e-01,2.803966823846465450e-01,2.615263045687283849e-01,7.377158835137205273e-01,6.935933084775743884e-01,5.131973999287028354e-01,3.153834473755006695e-01,4.639985678930683144e-01,5.121747068750432952e-01,5.678110996641698716e-01,9.722546406391921470e-02,6.163444127004293893e-01,5.753813016749617093e-01
5.931325840459491516e-01,7.594129157630604698e-01,6.230468545426571803e-01,9.381226730739296027e-01,5.419503044883898779e-01,9.242795105504894027e-01,5.943846816358312468e-01,5.613677019297849125e-01,0.000000000000000000e+00,7.946479117946796400e-01,5.620728135902250955e-01,9.917597439091320188e-01,3.229668980796123190e-01,7.298963558139901497e-01,4.222770330099175906e-01,5.558320332365552785e-01,3.048570127685760189e-01,5.666984339382536984e-01,5.528711095121188190e-01,2.864495592564920701e-01,6.861072064524595948e-01,4.854562345591241224e-01,7.186409490371504782e-01,8.107385723957443169e-01,6.611081400492337945e-01,3.044435410348827475e-01,4.051514383695919430e-01,6.548803378335616987e-01,3.531225840775517044e-01,7.241368777308125892e-01,2.147229269399696105e-01,2.057412698010980256e-01,5.505252755524220332e-01,6.325123508485742674e-01,5.497601817094501797e-01,2.212255655824356126e-01,4.405738247915614303e-01,1.608951916427390216e-01,4.793222886432627061e-01,4.403423959401339127e-01,3.086373127691288687e-02,4.996832219814585918e-01,4.890270199581476240e-01,4.839647849015862868e-01,8.048506786488219822e-01,4.268589635930700732e-01,7.389137079849183998e-01,7.503951514854971805e-01,4.212779926870935387e-01,7.875572838569778744e-01,7.837822611123664018e-02,9.586239572798586073e-01,2.793191741050433941e-02,5.124487658702607806e-01,5.059476469982535640e-01,6.222476677212900320e-01,2.525431931939984276e-01,8.360130839483658205e-01,7.544221443218313006e-01,7.260939752659689717e-01,5.578843282714236462e-01,8.896696101796953693e-01,5.220741363426144588e-01,2.830719964802627664e-01,9.408660084928981426e-01,5.792551795873543963e-01,7.439352958113257808e-01,6.107938576252293084e-01,6.315404227650871505e-01,7.107979936181977321e-01,6.629433732417525649e-01,3.059904148245547462e-01,5.586558338284932645e-01,4.580503874113209251e-01,4.254248656223428293e-01,6.803624256635514289e-01,7.223252643797380967e-01,8.183979306597147785e-01,4.110590683190831207e-01,3.914118288874289808e-01,6.240789334649531339e-01,7.419486114025704016e-01,8.664883471272881721e-01,2.217497924275038113e-01,5.871548607215560933e-01
4.184467783057824186e-01,8.998685571954655460e-01,8.881476645752983679e-01,4.327995686872788128e-01,5.499943524224238933e-01,8.374427061142897255e-01,-1.121853852483814529e-02,3.178782785996145943e-01,7.946479117946796400e-01,0.000000000000000000e+00,6.404546193397342435e-01,3.181890470025229845e-01,7.224767404108874969e-01,7.136026575857963294e-01,2.385182419297745271e-01,6.202523940550267456e-01,7.372562180515631614e-01,6.433716221080434394e-01,7.809334230187227055e-01,9.779267499975889955e-01,4.871903312518363061e-01,5.311073745100503007e-01,9.656446944510483910e-01,7.643545085379739312e-01,3.375756343357991796e-01,8.753683693003052602e-01,4.703608095774532982e-01,5.287357020430851762e-01,4.181723409716329720e-01,7.029055767126588528e-01,4.120359966341769486e-01,2.664431548063228572e-01,8.364789019172216289e-01,3.761219477378396903e-01,5.412934497479197082e-01,2.621239821922816127e-01,2.491800495459154663e-01,8.076680382836078920e-01,8.902529621368019397e-01,6.886979239027927191e-01,4.343745783545324701e-01,7.980727053915828151e-01,6.406361222509356912e-01,1.936018192428028417e-01,5.523871470985510790e-01,1.357755862818660897e-01,3.141100064945562265e-01,7.277712175551853679e-01,7.872386616055399022e-01,7.323581810295134442e-01,6.652076678046228153e-01,7.222630936542993041e-01,6.478984275820620642e-01,4.691534845554095612e-01,6.746166916099712862e-01,1.438885416005715283e-02,2.964587335028567860e-01,2.196419478478759957e-01,4.363945532985552545e-01,2.632913290293571462e-01,4.208841288698884076e-01,4.616251439356499620e-01,5.492070729299720622e-01,6.901128666282477231e-02,7.640498777573205835e-01,7.621973872184173437e-01,1.603728795900148663e-01,5.556999092296905918e-01,3.254484046206265052e-02,7.605780586538949395e-01,5.724236770873004643e-01,7.770729009901261586e-01,5.963859691884576542e-01,2.835392880693600182e-01,3.198977531979712019e-01,3.250376041492041290e-01,9.114902010597607518e-01,2.015202820754968815e-02,3.639829639427187291e-01,2.963975823930045661e-01,4.315359188731355267e-01,5.375943566590490885e-01,3.389476150043937430e-01,4.168207531581058500e-02,2.733135964381402383e-01
7.284820296841298948e-01,1.819026194059829016e-01,8.788697791485233779e-01,9.994554964994839530e-01,8.878742594342751149e-01,9.978435825352598432e-01,6.558502883407650863e-01,6.946748498160481011e-01,5.620728135902250955e-01,6.404546193397342435e-01,0.000000000000000000e+00,4.482272491936527964e-02,2.548090445324168174e-01,6.805533968214572127e-01,5.614239230986787232e-01,2.490410712283634420e-01,5.686015815253612216e-01,7.356669176852478342e-01,9.419045526783937916e-01,7.358157825632025695e-01,6.645489913035766971e-01,5.841528604671344382e-01,7.401780391136578707e-01,7.240068732750724045e-01,2.941917475862037001e-01,9.608688450949744997e-01,6.805234952494340073e-01,2.055137629680792721e-01,5.350832015404756170e-01,3.369619724011685587e-03,3.352159629905424598e-01,5.540383741104215609e-01,7.866220293050941725e-01,6.006766552377311719e-01,8.042128956347203150e-01,5.252805575490944456e-02,5.155184643687247270e-01,5.768146035930723503e-01,8.021171426674879035e-01,8.586684503485824127e-01,7.507293599555456276e-02,2.084039577861687698e-01,2.091361923242981147e-01,-1.577015219160914083e-01,8.649631031611765275e-01,7.251070816784060957e-01,9.490832823413681840e-01,5.157646465573548777e-01,4.340290961011384896e-01,2.295169015211782904e-01,3.963668279578258513e-01,7.635103529903854991e-01,9.397594328762896021e-01,4.043202244507985155e-01,6.293665506028833789e-01,4.391188561953582870e-01,5.793902189629781541e-01,6.079838075750743087e-03,2.139272183121168625e-01,7.986422958093551960e-01,6.207615699032102974e-01,6.038539650745583520e-01,8.526210343724627272e-01,9.530118007616058540e-01,8.064128643430562571e-01,6.299343648320090416e-01,8.254757890475722393e-01,3.224620979667834897e-01,5.884200325167081580e-01,8.560331100910846258e-01,6.667001967235788307e-01,7.793827037054337215e-01,3.805671479310913652e-01,3.521576281264940933e-01,7.381149912831509452e-01,9.052537864920001676e-01,9.938627781773166081e-01,7.885403083010762426e-01,3.275359841920294501e-01,3.452448325738765589e-01,6.023900458249676904e-01,8.587006613015218948e-01,8.628895509223899474e-01,4.517894475241417962e-01,7.200042019958764472e-01
7.033222965516374714e-01,8.760598640217041044e-01,8.434609072500639515e-01,6.303087409919474471e-01,7.893924650547201605e-01,3.835184504994018084e-01,3.916450905808357419e-01,5.037602930500852949e-01,9.917597439091320188e-01,3.181890470025229845e-01,4.482272491936527964e-02,0.000000000000000000e+00,6.401273518085697223e-01,5.580887895322947934e-01,7.131766004840536244e-01,2.358811304532750230e-01,9.029389749513146990e-01,5.333857613107344520e-01,4.542608060515489488e-01,5.910356879142113495e-01,4.739524289111483601e-01,4.263114685571364748e-01,8.259283800363816930e-01,7.539087848595300567e-01,8.903801783316425689e-02,7.133776247148591043e-01,9.002857862717695836e-01,4.914935592833602485e-01,3.408582513475049147e-01,2.779029440580586541e-01,5.586892354854918752e-01,7.677464834400501426e-01,4.631419002834158971e-01,5.807676749190984200e-01,6.595442472253603139e-01,5.111164302740252019e-01,3.945953507016050632e-01,5.845403928205169519e-01,9.974855953242478535e-01,7.276086701117674416e-01,2.097808802404223516e-01,5.228072561849438360e-01,6.894410855257054882e-01,1.222998332645407749e-01,4.687476146488695483e-01,4.335950054594475134e-01,2.281373748118510625e-01,6.416534929378563401e-01,2.290479624366412725e-01,4.253260489709589365e-01,5.746480773583720891e-01,5.238519782404820191e-01,8.860460739814594033e-01,6.186222720303513611e-01,7.993417319670255150e-01,7.089801043974105488e-01,6.855807927480841446e-01,6.656185528404681695e-02,6.922374890984147600e-01,5.416890589234594211e-01,7.028948327293793596e-01,7.869660159446317804e-01,6.308981972323337573e-01,7.230022893214957946e-01,3.077138476910550868e-01,5.460948677119797923e-01,7.141003249855986112e-01,9.230421171433124128e-01,4.403502019569560111e-01,3.484102337436543184e-01,1.361280196787751084e-01,2.838091028621859135e-01,3.498777340153140791e-01,3.727466745899267186e-01,3.566041775571869299e-01,1.864614919464412379e-01,4.702811408645009017e-01,6.546058731497632621e-01,-1.446744801739491826e-01,4.385747108612545464e-01,7.556470588383144005e-01,6.241538099432899500e-01,9.938042284797761194e-01,2.216868612657564019e-01,7.399337964741591334e-01
7.274090153694459104e-01,7.614681897180770598e-01,2.028571174947526590e-01,8.655831373115470129e-01,4.147981251151132698e-01,8.054084655311015695e-01,3.412933554269387826e-01,6.983716673681167331e-01,3.229668980796123190e-01,7.224767404108874969e-01,2.548090445324168174e-01,6.401273518085697223e-01,0.000000000000000000e+00,6.629530220816167718e-01,1.826199395132114545e-01,8.285386297210204365e-01,6.264111369892257919e-01,9.689536528319877551e-01,4.743236620194950515e-01,9.069755907696013253e-01,7.265169910836946077e-01,6.893311988151291647e-01,9.447622025441918536e-01,2.568365152244499461e-01,2.978976719381443705e-01,8.571818637291495069e-01,8.897047203138273019e-01,5.698278404221710502e-01,3.855295014081453475e-01,2.594427426313427598e-01,4.934863385222510411e-03,5.488479876637946120e-01,6.933029174767900427e-02,7.165330661010733682e-01,5.602794775330898203e-01,2.017350546956714341e-01,-1.220893919891261059e-02,4.555063043876409479e-01,6.921052149798179176e-01,5.305281035206914630e-01,5.038567449582442848e-01,6.750277467948083698e-01,9.467186668108604763e-01,6.339511114993738872e-01,6.152552329004364884e-01,2.880432731464663831e-01,7.320222474330918550e-01,5.148773635438307350e-01,8.508933705096483058e-02,7.411893212887681326e-01,7.355938577520148014e-01,6.458369703402937478e-01,3.010961658373343397e-01,2.014600549839669630e-01,5.963199205049893870e-01,2.791747463397750151e-01,5.269180800272029730e-01,9.551226484195709521e-01,5.092320027996518617e-01,6.067284637171451722e-01,6.342284596781712080e-01,6.413937320197282688e-01,7.979757359565730068e-01,5.607412609507763657e-01,2.292417078772234496e-01,6.634160607702246359e-01,7.842955868358066907e-01,6.089289678024089048e-01,5.525500306377344462e-01,3.855692132784010462e-01,7.083087049374494626e-01,8.503738752744927076e-01,2.882425524033129238e-01,3.817859523151914125e-01,6.043293905099619279e-01,7.696040617435079279e-01,3.869872442135272594e-01,6.225690105370256244e-01,-1.809224268372504330e-01,5.535044240688369310e-01,4.732187407664544820e-01,3.369458348662683900e-01,8.058168370887821563e-01,4.203779312942724777e-01,4.888839104571889305e-01
7.652099781594456918e-01,7.594439069393003061e-01,3.369662108156759595e-01,4.269362232142509539e-01,8.175328483296244730e-01,9.016994207533637340e-01,3.752770550630347146e-01,7.019249560412138544e-01,7.298963558139901497e-01,7.136026575857963294e-01,6.805533968214572127e-01,5.580887895322947934e-01,6.629530220816167718e-01,0.000000000000000000e+00,7.485709689472044293e-01,6.018021161008733078e-01,4.341914968430293231e-01,2.080743361667700408e-01,6.637210279523243495e-01,6.764443072223478293e-01,9.772547219245859562e-01,4.375713627385746651e-02,4.860787272863737463e-01,5.477480864920029058e-01,3.879651781311534986e-01,6.002305967041637880e-01,2.682448048396716689e-01,7.411525322588469189e-01,7.714574467099101218e-01,2.443476031779275304e-01,4.784789352998850692e-02,6.110734139884941296e-01,5.819006699046308517e-01,4.401768743013323992e-01,4.118546768875444575e-01,3.439887877062791643e-01,4.788586384977675525e-01,7.870603856684786903e-01,2.408668555545063483e-01,7.616797451647085992e-01,5.259194932397938116e-01,8.693519834052363393e-01,6.691130133120436474e-01,6.756690645591718614e-01,4.439234156842615797e-01,8.154646527876192597e-01,8.337320716087400774e-01,7.371838167071164127e-01,5.008604838803435433e-01,7.385303694789103757e-01,5.483588156929314339e-01,4.928077187682126659e-01,8.409235724782075927e-01,6.629074740964138179e-01,2.980374846590656546e-01,6.996244537623473869e-01,7.651885003772413985e-01,7.421523680563555381e-01,2.042192841080354426e-01,4.005318738127684464e-01,6.499419986238833546e-01,7.186740263068397416e-01,9.322699532443237125e-01,8.018624657218702545e-01,7.361212949448229237e-01,9.685116758965898187e-01,9.115656670307953346e-01,4.702171252732132989e-01,4.036341090902213491e-01,9.996205100040251867e-01,6.826412063792640650e-01,9.618055321717950967e-01,3.763637842742710848e-01,5.330484001929125526e-01,4.258982633115825367e-01,7.014061544384210256e-01,5.107508109688066456e-02,3.220619270445090887e-01,2.418365281940689782e-01,1.999102737009227637e-01,8.644260627761647386e-01,6.436036371420073010e-01,6.083785157014406364e-01,-1.600889094687835412e-01,5.174572042224978574e-01
8.679050948112840835e-01,3.303023828126852024e-01,8.878977464516287776e-01,7.555602979177112877e-01,5.309343790718899087e-02,7.026261041444299416e-01,6.558837934623842347e-01,6.105873320044818975e-01,4.222770330099175906e-01,2.385182419297745271e-01,5.614239230986787232e-01,7.131766004840536244e-01,1.826199395132114545e-01,7.485709689472044293e-01,0.000000000000000000e+00,4.582230785481390400e-01,7.380197816447841008e-01,1.836052461349100828e-01,5.618246364282695193e-01,4.652406429040367164e-01,3.509127041287326554e-01,7.235013418060003421e-01,8.372441712685863013e-01,6.599974125088763077e-02,2.935583366960027307e-01,6.973302499124450771e-01,3.502783647276214163e-01,4.852769240482233681e-01,5.700023300804046844e-01,5.100830929151842774e-01,1.744317998083806109e-01,6.977828316902902062e-01,3.719511256974159519e-01,7.218355869667194558e-01,5.004998395097208785e-01,3.799800335289291731e-01,6.327840064725913372e-02,6.865266652671854208e-01,3.055951187597642504e-01,8.362663012843695176e-01,9.519066195597188085e-02,5.574634658433700318e-01,4.150029626047134768e-01,4.195907401245657087e-01,6.289609906768373060e-01,5.913964458600140528e-01,6.836130277081771123e-01,6.615257349371442830e-01,2.218490857829302221e-01,3.376042768083398204e-01,4.374805926676070822e-01,5.607457858576767595e-01,3.188909602343087402e-01,3.855878529978009617e-01,4.779829601831226960e-01,6.639946347531894277e-01,7.017334458737170544e-02,6.283989835909641331e-01,6.583186459463163942e-01,2.250697719509620887e-01,6.206134738568939158e-01,4.137074223078786583e-01,7.538742588634244068e-01,7.340770067994459858e-01,4.679829938453878846e-01,3.525497800212970545e-01,6.590883459125436161e-01,6.320026227083650472e-01,2.095848189789626947e-01,7.950683138980703113e-01,9.301660589023199588e-01,5.269999321938099168e-01,3.653633070242465197e-01,4.664346515103707236e-01,7.143353398376445229e-01,5.492916181761567929e-01,6.306304338375233742e-01,5.727066468660841903e-01,2.680667306371948833e-01,1.234226906223576115e-01,6.680493199359075485e-01,5.069141664349374743e-01,4.131307058833578183e-01,5.685260369072602238e-01,5.900688282821928698e-01
8.324291164646447916e-01,3.047137894850120432e-01,6.084197003292333150e-01,1.398555109635841176e-01,9.043831802590043267e-01,4.998928455347838029e-01,6.795621881055673164e-02,5.680428988106842603e-01,5.558320332365552785e-01,6.202523940550267456e-01,2.490410712283634420e-01,2.358811304532750230e-01,8.285386297210204365e-01,6.018021161008733078e-01,4.582230785481390400e-01,0.000000000000000000e+00,4.913455015258891834e-01,2.939014233237364215e-01,4.400974242493115307e-01,4.486315740092929327e-01,8.530695572681058492e-01,6.033315799525815759e-01,5.930181959395857128e-01,-4.626721049536225427e-02,8.521262621057457132e-01,5.171846075603397930e-01,6.328189192109224814e-01,9.985539248744211838e-01,4.529574317148618023e-01,3.916619926486336611e-01,1.064749117203109274e-01,9.604635561111457553e-01,4.513648570506286206e-01,1.488934474149846976e-01,3.028915719033243303e-01,5.621222429952593691e-01,3.280280938884553299e-01,3.887377434700479695e-01,9.901703517344795369e-01,7.173981023436452054e-01,2.538525419941922712e-01,7.370618837023588110e-01,9.332717145996732855e-01,4.732963370467737629e-01,7.952156197596633724e-01,7.592101235635904111e-01,8.887597925553394340e-01,6.838501645843374499e-01,3.871430157412140693e-01,2.550347539472631042e-01,7.176640304764255740e-01,4.975464739630928723e-01,5.899688994560903232e-01,7.759843359400961926e-01,4.225744545105836747e-01,4.606592403856137885e-01,4.204027802935382807e-01,2.612513353778596614e-01,8.686844865014986539e-01,4.521632338066630119e-01,7.550319950893866761e-01,5.724798543913991455e-01,7.769625970670515080e-01,8.431921589072232104e-01,7.220220564907904315e-01,4.935574812296892877e-01,4.552593589723120671e-01,8.031117851645653838e-01,2.657581322987288552e-01,5.393311879465106928e-01,6.392356284527926924e-01,6.262651862203586495e-01,5.277332263409992841e-01,4.033641641195033212e-01,5.574231892547257816e-01,9.084164121892555066e-01,5.808331785539714298e-01,1.213625415094295862e-01,2.334419689954999599e-01,2.735149142910537901e-01,2.791036090298088523e-01,8.750939499451221293e-01,5.821869663989346355e-01,3.796420831433100496e-01,3.559410529208335561e-01
9.374436325848777285e-01,3.876412301711632535e-01,7.992661943546326420e-01,5.632704807695544380e-01,7.854590723463118485e-01,7.081695590923046124e-01,8.426900306997976431e-01,2.977800804195906981e-01,3.048570127685760189e-01,7.372562180515631614e-01,5.686015815253612216e-01,9.029389749513146990e-01,6.264111369892257919e-01,4.341914968430293231e-01,7.380197816447841008e-01,4.913455015258891834e-01,0.000000000000000000e+00,9.159987381578038601e-01,7.781789873158125870e-01,7.721038995352671463e-01,3.430375505188675289e-01,7.105222601573365493e-01,4.615093904518148271e-01,2.944866434055860016e-01,5.313105978287869791e-01,-7.524158154643240115e-02,4.166843730842061388e-01,6.398875045844080178e-01,3.305391732385370984e-01,4.862889855975987552e-01,3.085277007848268305e-01,5.742670527646698275e-01,9.351914999177850518e-01,6.839091071785702303e-01,6.882870986566786975e-01,2.294091821932722486e-01,5.380418799879963521e-01,6.860242217963207212e-01,5.975257197530609021e-01,2.240359450913893824e-02,1.292807744843957607e-01,9.035466973618254682e-01,9.781183407965929888e-01,2.698652017249697499e-01,7.488824819755803830e-01,4.632641326556745653e-01,7.246120429382399974e-01,5.002230314575336623e-01,6.031414283704116253e-01,4.328980232398318417e-01,6.465561468350333740e-01,8.211133677023216837e-01,4.106918811077203135e-01,4.904547120596191578e-01,4.536335460125521801e-01,5.511638692644368342e-01,7.336569736373768080e-01,6.554837333800899168e-01,5.089955871887434924e-01,3.148947617580368230e-01,3.114188982166947728e-01,9.332384996747986605e-01,6.236583894173521880e-01,6.736302809681018466e-01,8.443625798927436588e-01,6.769711340719650750e-01,5.061401660748741094e-01,6.047386426154249817e-01,4.553033469206432260e-01,9.228351178929323773e-01,2.299954709776213801e-01,8.175293204792113411e-01,8.904154917264151523e-05,1.912974576356334389e-01,7.308063485430610351e-01,5.843949078813868159e-01,7.465520886944673196e-01,9.161881392365186505e-01,2.470233996306042124e-01,3.283999983864678285e-01,3.701721001100830577e-01,8.605139076527470454e-01,9.122898465597785167e-01,7.702815552229522744e-01,3.359994006507556752e-01
4.653204615343199957e-01,7.066603773508201014e-01,2.865263377821022917e-01,2.533267121650286668e-01,6.893782728289462591e-01,5.622104715253634089e-01,4.151611468659721638e-01,5.316695425268214148e-01,5.666984339382536984e-01,6.433716221080434394e-01,7.356669176852478342e-01,5.333857613107344520e-01,9.689536528319877551e-01,2.080743361667700408e-01,1.836052461349100828e-01,2.939014233237364215e-01,9.159987381578038601e-01,0.000000000000000000e+00,9.699493049733276528e-01,8.492901809904163102e-01,9.471107015008761731e-01,2.330559220239597495e-01,6.978026705451259026e-01,8.558341086716707569e-01,2.997389627098975828e-01,4.609815818910783514e-01,9.575524659906344827e-01,7.986242896511926981e-01,4.601251159648650502e-01,4.292086717259022133e-01,3.486783302110035843e-01,2.351792613957540412e-01,5.445877538017349639e-01,5.336952536306303063e-01,8.266096805189678820e-01,4.009836645285466128e-01,5.437204224955425463e-02,1.580316847048788276e-01,4.080764664841449729e-01,9.373416448928912903e-01,4.039491836848486117e-01,4.559907864751339135e-01,6.204527895374460922e-01,1.460955810050179327e-01,5.149028322318579542e-01,4.758456749913878570e-01,9.098031483297367439e-01,8.420955356092433286e-01,7.630900678912381219e-01,5.159205048274421168e-01,3.594181143220552821e-01,6.334255938306052602e-01,7.917637393400420720e-01,7.674980483079817395e-01,2.435657065954958678e-01,1.489372100445733940e-02,5.191977804704279720e-01,4.253094887878181574e-01,7.157399192039370917e-01,4.259149619764610595e-01,6.213051897633977694e-01,4.033386909030898804e-01,2.843412306559163216e-01,7.414918815337322444e-01,9.511389939787268100e-01,8.829636824280605589e-01,8.054857975444571494e-01,8.704366423844883682e-01,6.414502905698258317e-01,7.844971705024588182e-01,7.847539505623460920e-01,5.992782105251119873e-01,2.962257084226203180e-02,5.832331619828279301e-01,4.290684929688379223e-01,3.104732956891973483e-01,9.888610694572459447e-01,5.551790228517813341e-01,2.040897701157988187e-01,1.542968862701613597e-01,6.802545476347119369e-01,4.896755443924645790e-01,7.616641613318436699e-02,2.269864125367458130e-01,4.982223643405265245e-01
