0.000000000000000000e+00,9.198856916368237657e-01,5.887075246672555107e-01,5.604410848653931243e-01,6.575016424912728530e-01,8.416501747317770565e-01,8.462546745960167760e-01,2.773786107433456882e-01,4.116314250452105528e-01,8.669931622181605846e-01,7.025543609242878018e-01,7.188028918825568603e-01,3.213973294137514314e-01,7.090583053471954944e-01,8.559489002142797176e-01,6.859772790840814594e-01,6.920308737797034038e-01,8.377259552082209071e-01,7.084014686930715232e-01,6.311438508577653650e-01,5.235121028849268887e-01,3.439770437965335992e-01,9.629880608055012559e-01,7.331006180910717429e-01,7.735677305257528946e-01,8.239949008486774362e-01,9.318417390110131926e-01,7.376250303583391510e-01,3.004229221964498375e-01,2.604488360844521844e-01,5.979579489468431763e-01,8.420686921816330495e-01,8.143770635901911303e-01,6.896521932092768425e-01,7.870919675343588384e-01,2.697248499986591996e-01,5.663616307854426601e-01,4.515875436932066389e-01,4.551534332554484918e-01,7.284003556795890511e-01,5.333020188121184724e-01,9.582790911380009158e-01,7.353755187621663358e-01,8.456362310621808875e-01,9.013723150791582706e-01,6.985345973992662660e-01,8.064229859292458835e-01,5.061495574646502904e-01,7.033781218571327765e-01,9.111507811361667653e-01,2.918346643375817062e-01,5.536272952922318691e-01,7.468744203925929970e-01,6.424138405946238084e-01,6.682917556851375451e-01,7.840818912851450495e-01,7.678213133834993487e-01,6.662654770515328284e-01,7.350293652056971716e-01,6.293428588204251772e-01,4.078792834098143860e-01,4.839732858989621578e-01,6.604698007201983412e-01,6.794134179606956536e-01,6.904604785479149243e-01,6.960358794097587509e-01,7.241402116153898838e-01,7.050539556909676264e-01,9.425359297880654408e-01,8.431237549766447126e-01,6.507967391024597203e-01,7.997313724455501482e-01,-1.198408592580164633e-01,5.667961340846920937e-01,8.316952383662514769e-01,8.876518100532853062e-01,9.979619495350711134e-01,3.108860236049590386e-01,5.430983014137137355e-01,5.091286755208027648e-01,5.391381957794245949e-02,8.516942187660041519e-01,6.987704512157729697e-01,9.548654671748213474e-02,9.306165622254385372e-01
9.198856916368237657e-01,0.000000000000000000e+00,5.262055748386977871e-01,6.288529156929977271e-01,6.281818155724029351e-01,4.975998088074008452e-01,5.997688830976554142e-01,5.500332579114899367e-01,3.941574679586630214e-01,7.743446040726092994e-01,4.088798833553436429e-01,6.955293183913789923e-01,4.809209715864337653e-01,8.267134687965981277e-01,6.786144267642072458e-01,2.202706813884425519e-01,8.374678381824971485e-01,8.516494350026172500e-01,6.823607260568774757e-01,7.513053716352884326e-01,9.493225748957662136e-01,4.622596750894382156e-01,5.356874249802258126e-01,9.558341719994597474e-01,3.188283494696966813e-01,6.673478400202312866e-01,8.725126039383455101e-01,5.243990152936031102e-01,1.376887248660985663e-01,3.302169870416138409e-01,5.827653726576660365e-01,4.086460059437811987e-01,9.986226542530869388e-01,3.447129917291806844e-01,9.523045287765511402e-01,3.519247238941097811e-01,5.518057963348337314e-01,7.521715039013773252e-01,9.590695293700608470e-01,8.616669002370108688e-02,2.085633769776708279e-01,6.946131797154118104e-01,9.561629095223526109e-01,2.683195039725875253e-01,4.215387308278553125e-01,9.289835707843895340e-01,3.641365871107754004e-01,9.795476979992406852e-01,7.678901373839079891e-01,4.665780629282459957e-01,5.118297787034978841e-01,7.387573957269150116e-01,4.843256907089135144e-01,4.744954277377584906e-01,9.376493543435175937e-01,4.037593793974881828e-01,7.715582755121794811e-01,8.751901773073339497e-01,9.766063327777185776e-01,3.323083481206000611e-01,3.079604895903689243e-01,5.468005703269753770e-01,5.719360143266660756e-01,7.076534101282977440e-01,7.155066311543346602e-01,2.545382145049076006e-01,6.785347665232838166e-01,8.496089229387447928e-01,7.772263359339166566e-01,1.915530675539980562e-02,9.346861434318067818e-01,6.199303833585212420e-01,6.931298608792154647e-01,2.447849450425401696e-01,7.529982697662415125e-01,3.512766244279146854e-01,5.486923406418380278e-01,2.077803519417846245e-01,9.572768712832068205e-01,2.617000752185881240e-01,2.897548504132823055e-01,6.352563239651080051e-01,4.223430216096362155e-01,6.953573378226659552e-01,8.587663308376363158e-01
5.887075246672555107e-01,5.262055748386977871e-01,0.000000000000000000e+00,9.621116887256568884e-01,9.135738894684780620e-01,2.254514581470863643e-01,2.794332685610848022e-01,6.079583906689166595e-01,7.515727928941234870e-01,7.961006254259089809e-01,6.951899177624235593e-01,6.322856006323783751e-01,8.110708033128443128e-01,8.572047703342956515e-01,8.570769367226440671e-01,9.054254725634669487e-01,2.486425898935095968e-01,7.894787291826194098e-01,5.575214794170081367e-01,7.567628015594329849e-01,7.728384872871866262e-01,8.769219483794621350e-01,9.591418705748625539e-01,6.538599794643135121e-01,8.691482361256959166e-01,5.388854128005267086e-01,7.625494428135639602e-01,7.949547823208216180e-01,4.298854143697541930e-01,3.119224884522632801e-01,2.472071782842197585e-01,7.817815087562249854e-01,4.981605689423238559e-01,9.302166889948608741e-01,8.797937799980786178e-01,2.481013658239908382e-01,3.226610378579151672e-01,6.978510305990190954e-01,6.672202057712828260e-01,8.060122039890585954e-01,5.786016491005925300e-01,7.768171660448837113e-01,5.734052607145487812e-01,8.977180873774962544e-01,9.867171178794804653e-01,4.399722977023205472e-01,7.272892868953854117e-01,5.218084373020198674e-01,5.317607582667880362e-01,6.002803857605606419e-01,7.109391218029650350e-01,5.124454962428079963e-01,8.380347117178987837e-01,8.102444823228627246e-01,6.827379914813134221e-01,7.503098481675659626e-01,4.889717878867305134e-01,6.212855498769189744e-01,7.989574012704906414e-01,-1.738110715797579475e-01,4.320264184632475191e-01,8.013581686814902350e-01,9.946428629520407405e-01,6.919728132201317106e-01,7.534404534675482878e-01,8.742701595130606407e-01,6.856495629273611225e-01,9.622111820285548234e-01,3.020633693285073584e-01,9.848310708244163436e-01,9.075822118443763742e-01,6.286818706076567898e-01,4.737583897129400423e-01,3.991020322055649494e-01,6.943949484947232742e-01,9.060147624283022560e-01,9.743509922342112883e-01,6.497448853264341517e-01,5.955913832318533441e-01,2.415377638372616376e-01,7.248674970968695952e-01,2.793896973838316811e-01,7.019017777450794471e-01,7.271908174402109681e-01,9.425360658027920335e-01
5.604410848653931243e-01,6.288529156929977271e-01,9.621116887256568884e-01,0.000000000000000000e+00,1.867361535145035112e-01,4.881033997966174875e-01,4.527315713164613009e-01,3.264533863600633801e-01,7.322945172294352822e-01,5.456949155599339907e-01,9.529895517437130259e-01,6.200304684641079200e-01,5.650046037347851158e-01,6.914598939585662185e-01,7.964051102650262504e-01,8.568747373616906193e-01,5.384044522356282725e-01,9.578344578477892002e-01,5.197466100794705390e-01,9.672152611230283581e-01,9.054186860573760764e-01,9.808635598507668973e-01,9.657619406644487592e-01,5.287696707503430904e-01,3.763565641253002747e-01,9.723702814303206710e-01,4.540801156630939195e-01,5.160977184962676212e-01,4.262496214632869873e-01,3.569606054058410693e-01,5.335519625934620480e-01,4.604286340600016736e-01,6.418214694718473723e-01,4.969172633260840466e-01,4.548896071696785781e-01,6.325084647923191472e-01,3.517598185426261681e-01,2.478912638441303218e-01,6.392823110823082633e-01,8.508252789664293436e-01,5.779576801025519961e-01,4.427706375463243416e-01,7.372284186584674437e-01,6.821671997592072545e-01,8.375978576532486786e-01,8.037417014237472346e-01,5.812427954283803100e-01,5.199264788505224555e-01,5.404702637715319558e-01,6.809092292467533447e-01,3.103144506223392551e-01,7.853769105767451908e-01,4.164887300104331280e-01,4.290020728730662425e-01,4.375145376073563686e-01,2.250286975183579119e-01,6.894733497727134619e-01,6.983787158028817998e-01,5.726887426109712464e-01,5.997905795199335310e-01,2.330998853500712842e-01,9.918354334672205841e-01,9.818808659400412031e-01,6.282941846035171585e-01,6.113305198976491939e-01,5.744045069327007313e-01,2.167853628033354352e-01,9.574739779458414368e-01,7.278078550608938491e-01,8.609268769307399927e-01,8.763861817756322115e-01,7.442105044200153507e-01,2.045132586470628788e-01,3.275837759738896571e-01,3.770278829435647072e-01,5.032917428846620522e-01,4.316194320488346281e-01,6.022084143914326892e-01,5.368122174256835244e-01,3.466529170609266020e-01,2.047838937194671749e-01,7.345831714597379491e-01,7.600086164989121595e-01,8.464593649697707001e-01,7.348005887971811312e-01
6.575016424912728530e-01,6.281818155724029351e-01,9.135738894684780620e-01,1.867361535145035112e-01,0.000000000000000000e+00,7.957743131321530772e-01,4.867374725350381848e-01,5.157192863206476741e-01,4.851080905774863838e-01,8.842071219134257642e-01,6.759036510198211944e-01,6.722743938710569189e-01,5.906018427784572866e-01,4.288684707062345725e-01,4.594523309927476817e-01,3.655974246023271368e-01,4.981637159131167003e-01,6.801780244177693113e-01,8.790334411645150947e-01,8.207180388942331151e-02,6.453377472206797139e-01,8.824589914476161923e-01,6.022781429881260973e-01,4.223910243994853375e-01,7.710314572822192236e-01,3.575204596989590700e-01,7.174510648343441765e-01,7.417529592424457752e-01,5.659047983524263525e-01,2.400641436978972754e-01,2.813862040362742345e-01,3.529216490914383053e-01,4.065661901715619808e-01,6.206160391656552477e-02,6.511180785477497235e-01,7.836967205070469733e-01,4.929592128550691066e-01,-4.407448105346534195e-02,1.708552317142464361e-01,7.168636840692982348e-01,5.397517729943865916e-01,5.170321482554454118e-01,7.842842502462434862e-01,1.352091152090195425e-01,6.778798558221558190e-01,2.055972702854765854e-01,4.359001186627635693e-01,6.997084646933060537e-01,4.499369746348285681e-01,4.503094311057526111e-01,4.237429867238287629e-01,6.840746586272345997e-01,6.361058869534143012e-01,7.002596667571533429e-01,9.130644388656004029e-01,8.881962496426992759e-01,9.562139097259888532e-01,5.073697220313527767e-01,7.474784579398974227e-01,3.392330672533749869e-03,4.694735832964586630e-01,5.382509354335767160e-01,9.140069856094050760e-01,8.482511666013503593e-01,3.026666471619014476e-01,7.367911203254258190e-01,7.879178359258638409e-01,6.595991068976900795e-01,5.305757648467417376e-01,7.288600010996836298e-01,7.023489662302312420e-01,6.754118605575496481e-01,4.309434771018915145e-01,3.222048734422310878e-01,4.731438692787577338e-01,6.547880653721878108e-01,7.204589980273263805e-01,7.253685922469701453e-01,2.460005991135213455e-01,4.629194742996031731e-01,7.119064475134779801e-01,6.569600471263356001e-01,5.423358259511800172e-01,2.893828669636889783e-01,2.361127321637034593e-01
8.416501747317770565e-01,4.975998088074008452e-01,2.254514581470863643e-01,4.881033997966174875e-01,7.957743131321530772e-01,0.000000000000000000e+00,1.148364648151427581e-01,2.767754698723682294e-01,3.520399115846155613e-01,5.358467510632168862e-01,6.444044908813271189e-01,6.153966163022829283e-01,9.584304137382435584e-01,8.986552325114959272e-01,4.405243934780962434e-01,8.691346571031206558e-01,2.586526040328239739e-01,6.051040643145300102e-01,9.424938367700488318e-01,5.446243822603000773e-01,6.387386785230509956e-01,2.656339042296947950e-01,7.710414549491134695e-01,7.875963718658128832e-01,-1.562383086270873189e-01,6.620221376913586475e-01,9.578037988767222899e-01,7.277419645574093598e-01,2.169196164401095972e-01,3.050639230421079984e-01,7.806018560106918469e-02,5.168483547053127625e-01,7.379323493665708167e-01,9.003783831958128703e-01,2.654481953402000327e-01,9.970943956533014074e-02,3.644317216829319750e-01,5.432528656026092140e-01,9.729167880383239320e-01,2.118979111098377444e-01,2.684884796075757141e-01,9.039196081128615390e-01,7.198496838708015044e-01,7.087156461403885110e-01,4.663978879419664048e-01,4.580695250317787792e-01,7.227097998053588768e-01,6.625592035855053519e-01,9.582767996246366327e-02,7.558367494164112133e-01,6.261066112312281273e-01,4.792816717854787023e-01,7.968552700757414176e-01,6.982986269467142959e-01,6.269263456489914121e-01,8.212611456037692825e-01,6.184823304112254672e-01,4.385363171864253284e-01,3.832441418508639730e-01,3.982125734858278365e-01,6.382787874207423995e-01,5.612187113148621176e-01,2.870643580940139897e-02,4.996534623819773313e-01,9.661495540294057216e-01,9.360938077204733476e-01,4.201233183314128650e-01,8.052654583358489493e-01,2.845690962635398780e-01,6.136980172491878216e-01,5.490601899269216268e-01,8.811868623542807866e-01,5.233926508629900276e-01,4.449054105433652428e-01,4.847255226080827151e-01,5.686160673074468486e-01,7.333421461885838433e-01,7.017930698607032225e-01,2.089143663465413969e-01,1.060817209916362081e-01,1.422745393282644211e-01,4.102598416509130042e-01,9.428191683603061035e-01,6.676100961930498956e-01,5.552848742201125232e-01
8.462546745960167760e-01,5.997688830976554142e-01,2.794332685610848022e-01,4.527315713164613009e-01,4.867374725350381848e-01,1.148364648151427581e-01,0.000000000000000000e+00,7.085727548746271198e-01,1.117999856160464128e-01,4.752552174918382999e-01,5.660299975420666208e-01,7.497707253145736717e-01,4.764473145884298155e-01,4.122115220332872587e-01,2.833994639545929783e-01,4.980424083919894329e-01,8.204260954031894482e-01,3.563273435167350622e-01,6.178311004379689608e-01,4.403567003931214141e-01,7.134894014902858350e-01,6.923089364570411686e-01,6.443075386024523787e-01,9.926416070246861789e-01,2.098100324349594370e-01,5.686230212684331153e-01,9.982694743673026228e-02,7.059288522730340354e-01,5.823120085219211095e-01,3.483724389541080768e-01,5.162600693772601002e-01,7.227098170236454511e-01,7.907688827811406584e-01,5.573813621468999280e-01,9.199761688787871927e-01,7.777512142801140671e-01,3.515265550040074238e-01,4.289220299941400860e-01,9.956610606390128293e-01,5.373501897639602065e-01,6.081897350704191796e-01,2.795680067966113125e-01,7.563195540025656749e-01,3.965384582822737425e-01,8.670298185617775211e-01,4.286818072998151985e-01,1.986978117216375850e-01,6.170626614831886680e-01,5.381819837621285574e-01,5.217968144506917039e-01,2.738411171884158612e-01,3.052983228694783890e-01,4.883206530266357426e-01,5.547752293485124220e-01,8.494327751307924057e-01,1.856246124477194670e-01,9.523735276098077573e-01,5.052371841895590965e-01,9.326231062808896244e-01,3.031547050247168085e-01,1.834191242919091525e-01,1.014951563537185297e-01,3.788772103217655784e-01,6.302203137330089078e-01,8.940358723489852943e-01,5.306921705786384891e-01,5.787399679976259481e-01,6.453892897399755579e-01,3.144599824529984433e-01,5.539883747418368198e-01,3.506100975102883766e-01,9.368712652351571801e-01,2.364686761194260689e-01,4.576121194288963467e-01,5.991038772756025477e-01,4.569639382203151690e-01,7.029194147390186442e-01,3.172932654586400614e-01,5.532078989445787798e-01,5.331798097089235355e-01,3.847077334079812561e-01,4.415973709214826570e-01,6.125894019197274387e-01,-3.595897812584686326e-01,4.669905431478960089e-01
2.773786107433456882e-01,5.500332579114899367e-01,6.079583906689166595e-01,3.264533863600633801e-01,5.157192863206476741e-01,2.767754698723682294e-01,7.085727548746271198e-01,0.000000000000000000e+00,3.854684690007345038e-01,1.535293730162126148e-02,5.120393188378156157e-01,8.909698599730371260e-01,7.398048455147986369e-01,4.299680939606502772e-01,7.004639517766929613e-01,2.986847047718531600e-01,9.315170108364363433e-01,7.040874903148025554e-01,6.781459898598340974e-01,9.488499117724347176e-01,7.302035828647008842e-01,6.040235337518946590e-01,4.474528479874164133e-01,6.558249935969070465e-01,4.312930588727174053e-01,5.483032100036274725e-01,9.754275051057853529e-01,2.368990476546046775e-01,2.189437988897243170e-01,3.547879644251786813e-01,6.318893886448066766e-02,1.115905427695028096e-01,4.560045361835108335e-01,5.019846516301570416e-01,4.573087290979706010e-01,2.078818858321575258e-01,5.640079150646694073e-01,2.657700019926402257e-01,5.078234985395557732e-01,3.971916258313017423e-01,1.230973239037968237e-01,8.541065546090996774e-01,6.497743936705224765e-01,4.894193913794402384e-01,5.248567339597154380e-01,7.013077034113487374e-01,3.692545198488220715e-01,3.500424179331773633e-01,5.497870134852863577e-01,6.690421009420973730e-01,4.768715266466130309e-01,8.334171885576449057e-01,6.675060345012857610e-01,3.468055706977447583e-01,4.023253944183438069e-01,4.639392934260438417e-01,5.039536299860776225e-01,4.991704969514613177e-01,7.746950388370777985e-01,5.958118599251754910e-01,2.257759607099533716e-01,7.170632289148889393e-01,6.202097799807150258e-01,3.584531944782892027e-02,6.091590262970670855e-01,4.896920654656696792e-01,5.926253798398133377e-01,7.723346130266871556e-01,6.648692504597923936e-01,3.598752983920507909e-01,6.866689754826986736e-01,6.654167334573294346e-01,3.595744668001285005e-01,3.188291352961629133e-01,6.572815082315189850e-01,8.230530993375242410e-01,2.446768698353696259e-01,3.273922665987617497e-01,2.754193841686906619e-01,2.045557052066198367e-01,2.392865585054140543e-01,9.174927101117068551e-01,9.127816537521359352e-01,5.387231760436881345e-01,5.202603718519344111e-01
4.116314250452105528e-01,3.941574679586630214e-01,7.515727928941234870e-01,7.322945172294352822e-01,4.851080905774863838e-01,3.520399115846155613e-01,1.117999856160464128e-01,3.854684690007345038e-01,0.000000000000000000e+00,7.109721433055817830e-01,8.737379058694516587e-02,8.715278179923257040e-01,6.372549579641259010e-01,3.536429887931314964e-01,5.867079679196737230e-01,7.839351849387684590e-01,4.257773416485949869e-01,5.019344006913356582e-01,5.943334877722079579e-01,4.643202489373478015e-01,9.865552083107584913e-01,9.277427132280149369e-01,1.057421468262365744e-01,6.331038623502690532e-01,7.521838889485781277e-01,6.451073771072750596e-01,6.323816973533843422e-01,5.758853531737224696e-01,5.211602424600603189e-01,5.553719348107211129e-01,2.602029074912262652e-01,2.387590363430069362e-01,3.157268053374592820e-01,5.874244479624943782e-01,5.410512178731352595e-01,2.457504983330338622e-02,4.814946303264726613e-01,5.102536063937473942e-01,6.454504013149631181e-01,7.650395988379139478e-01,2.714340715592368780e-01,2.369244399360306563e-01,8.898940144339103631e-01,5.138405698410439815e-01,9.919976046437555262e-01,3.078983179835491080e-01,6.058026509759968370e-01,5.095790428445579057e-01,5.704737376521475944e-01,1.996737772218288853e-01,6.439140835048104972e-01,2.921994215464832623e-01,-1.818000238315603534e-01,7.169969549835870648e-01,9.596043309613624395e-01,6.876882639995566260e-01,7.101857205029253883e-01,3.274511388595000572e-01,7.932183455941023142e-01,4.649096771293190766e-01,2.136129651398773754e-01,9.066199241114772933e-01,2.929748099975288955e-01,7.834936664823416441e-01,9.461478433388350595e-01,8.756290915596923741e-01,4.052730648714906181e-01,5.554566571636904149e-01,2.544494421263284734e-01,7.152905531682131057e-01,9.479381429842248519e-01,6.044807355490262601e-01,3.846186859695917004e-01,4.393955127863585775e-01,4.967134483650417209e-01,3.492501527112559234e-01,7.343259091427055685e-01,2.374737902058535466e-01,5.640494256164385600e-01,5.800010115834509060e-03,7.922081315917441913e-01,6.467111942010399517e-01,5.424985205003726163e-01,5.274610839480706748e-01,4.497874427025230215e-01
8.669931622181605846e-01,7.743446040726092994e-01,7.961006254259089809e-01,5.456949155599339907e-01,8.842071219134257642e-01,5.358467510632168862e-01,4.752552174918382999e-01,1.535293730162126148e-02,7.109721433055817830e-01,0.000000000000000000e+00,2.536976970720808966e-01,6.118135400410181779e-01,9.941189579097989837e-01,5.225159212114325324e-01,8.880453577129915343e-02,7.820974612127185033e-01,2.440173392452527623e-01,7.888090694022231730e-01,-1.197758279932245595e-01,9.489349228034577033e-01,9.439986020048435345e-01,9.097199829091429102e-01,6.012152011523230755e-01,5.637890937081009302e-01,5.520544978050443419e-01,5.026482151300365464e-01,6.776590343303102726e-01,5.211769794575906722e-01,6.593069338680414004e-01,3.652798078650686397e-01,-1.120068288024614889e-01,5.065674695761693824e-01,6.250568498092935465e-01,8.393589627533833974e-01,7.657459590512911696e-01,5.490464687706549940e-01,2.082340281726859366e-01,7.378278873710810704e-01,6.245677172498724783e-01,7.653368941549453242e-01,4.731002128102730353e-01,6.917463648755516337e-01,7.534174398345360180e-01,4.039753054489789719e-01,4.937841207187527726e-01,6.181012632685066732e-01,4.608148394407006188e-01,6.619768339271432378e-01,4.456944573592828696e-01,2.470170778955249336e-01,7.021617374329742756e-01,5.621467286664918461e-01,6.144906665289072700e-01,4.422076618671218484e-01,6.470680765652585542e-01,7.351142734377109633e-01,4.076115221519665544e-01,6.020748287159212175e-01,6.139768316304533569e-01,5.428765054698103665e-01,1.332997122667528289e-01,6.624161909953009131e-01,5.706698927653486297e-01,5.994527655538334221e-01,9.715147431931668853e-01,5.792559699392703099e-01,8.587963900991193444e-01,4.700568370994431255e-01,4.544162236620543083e-01,7.764361430241299988e-01,8.425031887813255738e-01,6.982106590373904353e-01,5.002276588326111106e-01,3.936612638137202413e-01,4.781278024564223905e-01,4.576013812973457884e-01,6.103423495641463470e-01,6.658614655894448120e-01,2.805770331477220880e-01,4.338038258043709350e-01,7.389833891551171874e-01,7.540075741229217421e-01,9.791351691091367826e-01,1.527019088012715187e-01,3.574087355463556603e-01
7.025543609242878018e-01,4.088798833553436429e-01,6.951899177624235593e-01,9.529895517437130259e-01,6.759036510198211944e-01,6.444044908813271189e-01,5.660299975420666208e-01,5.120393188378156157e-01,8.737379058694516587e-02,2.536976970720808966e-01,0.000000000000000000e+00,4.427902172995145103e-01,7.377198082814115931e-01,6.531820978234420538e-01,2.677088518972292053e-01,9.843845924970495709e-02,8.185784120213055459e-01,5.611434623558040347e-01,7.998157979055383615e-01,8.536987788862914206e-01,6.163969087418061932e-01,3.698941289911927832e-01,7.615632995499934665e-01,7.572103777460545970e-01,3.326455302625792587e-01,5.974651868577767200e-01,7.469365447637823507e-01,9.289873267461854489e-01,6.883810329899564540e-01,2.895531554781738959e-01,4.661406547253175714e-01,2.560656727576461900e-01,9.463803327489233030e-01,9.229374746042418032e-01,7.400948171301546807e-01,3.470807373094784154e-01,5.986034752102002976e-01,6.474066224241681322e-01,6.894034958122733370e-01,6.530710308426040944e-01,5.710770504629993916e-01,2.790528780709118917e-01,5.234412512889483754e-02,7.472413049625494796e-01,7.196426107451767695e-01,5.269586452284794609e-01,6.992936393097342052e-01,8.677675972452790765e-01,6.389477853323565215e-01,4.481660620475610979e-01,6.299172347327547383e-01,6.877952407288941972e-01,9.370441108367866256e-01,4.775285121605119532e-01,9.163997680737118179e-01,7.349450661843691668e-01,4.984454959665779450e-01,9.999628496124624011e-01,4.136874478661675680e-01,1.209298285079567770e-01,4.850955502740574854e-01,3.659366144166739110e-01,7.022896822132352890e-01,4.424045404746437815e-01,7.272105319269287493e-01,4.066747778123712687e-01,7.451814540160356382e-01,9.876666899048922588e-01,-5.357877694528279111e-03,2.725122898350542666e-01,9.767679282893122483e-01,2.111074825837075675e-01,4.078639278557992243e-01,3.535712768079124491e-01,4.486691004519480774e-01,7.962953301259274586e-01,6.311383189887643796e-01,2.474137691915536674e-01,2.260819883897367544e-01,7.497231983279801781e-01,5.607796952075280172e-01,4.070561868366849301e-01,5.078066327863094420e-01,6.693253966161276658e-01,2.466463053487206458e-01
7.188028918825568603e-01,6.955293183913789923e-01,6.322856006323783751e-01,6.200304684641079200e-01,6.722743938710569189e-01,6.153966163022829283e-01,7.497707253145736717e-01,8.909698599730371260e-01,8.715278179923257040e-01,6.118135400410181779e-01,4.427902172995145103e-01,0.000000000000000000e+00,8.127837453420048153e-01,7.455218365773926825e-01,9.566074614096529150e-01,6.447458669167491774e-01,4.520763746093705571e-01,9.541962903395240225e-01,4.601909732908955331e-01,7.948018519859969544e-01,1.454035030556921626e-02,7.146942135302292165e-01,6.091253828108745827e-01,8.458131105175520359e-01,2.007830526843174812e-01,8.375831780376056246e-01,9.204465052614633214e-01,6.047423218538746648e-01,5.887323081831248306e-01,7.952289352683930002e-01,3.981689907861058475e-01,7.356856448846778029e-01,8.159179861420416957e-01,7.270206650180150998e-01,5.606637839028028036e-01,2.721091041985438386e-01,3.949333449890974346e-01,4.674064933998636207e-01,1.773064797591254182e-01,6.176602658504803944e-01,3.529058783927374598e-01,7.429564694612810216e-01,9.343680661352826711e-01,8.778370985570185248e-01,9.046351861068554490e-01,9.913102594795988320e-01,7.368210369583700903e-01,3.773899634291738581e-01,4.478211135777518392e-01,6.246623106489583854e-01,6.835315419358393152e-01,4.126592600865540694e-01,8.372858991002887219e-01,5.939764721415765614e-01,4.758824214532199059e-01,5.771429580445118779e-01,7.234912817292022957e-01,9.462333099227664412e-01,7.478010008842108647e-01,2.393101098821640849e-01,4.012810526895111973e-01,6.915413620894028668e-01,5.387610612988213976e-01,9.323143000369578104e-01,3.507224461409719218e-01,4.995499802101632802e-01,8.005468533564018552e-01,9.222259354077982918e-01,2.622739347398119966e-02,8.530489210330528538e-01,7.542496156751292702e-01,6.720091067543354502e-01,2.574083536862052934e-01,4.557270554352226277e-01,4.983639074549547354e-01,3.310783000505825857e-01,6.556867183204253546e-01,4.758706896653592255e-01,3.443913570483689846e-01,5.454647746275201325e-02,5.901273774258113392e-01,8.794222096606669759e-01,5.080010030061882231e-01,6.276911921751975321e-01,5.889939860997259746e-01
3.213973294137514314e-01,4.809209715864337653e-01,8.110708033128443128e-01,5.650046037347851158e-01,5.906018427784572866e-01,9.584304137382435584e-01,4.764473145884298155e-01,7.398048455147986369e-01,6.372549579641259010e-01,9.941189579097989837e-01,7.377198082814115931e-01,8.127837453420048153e-01,0.000000000000000000e+00,7.913003173568938786e-01,7.416666187637639407e-01,4.537928454748536011e-01,6.525422363170058082e-01,6.013852069931043820e-01,5.342325244400631945e-01,6.847648853726980844e-01,4.467494250161428981e-01,8.631053029608859450e-01,5.232197738813904042e-01,4.606704742253994178e-01,7.750352872305941998e-02,1.984760408654656361e-01,3.743024109286321455e-01,8.194025704471760152e-01,5.944464368876718474e-01,3.969332995244184703e-01,6.269189202883052037e-02,4.743299805535227676e-01,7.863258337649301488e-01,7.990768137432182616e-01,1.321389435104580908e-03,2.959551535031790803e-01,2.051990238944613743e-01,7.187739848051105662e-01,8.281932216521963319e-01,5.341076726355442617e-01,3.612604732979132205e-01,5.153467182957457426e-01,9.220990878667297830e-01,7.542619959910923377e-01,9.668102320074841716e-01,6.129108933460903907e-01,9.529730499062639693e-01,5.300341452706190948e-01,8.728252654965870105e-01,6.569400050376752453e-01,3.308204982732692034e-01,7.398981253890667409e-01,9.459620146203615576e-01,8.310541778937379220e-01,9.532608556208944650e-01,8.088054513150284563e-01,2.423252742316849007e-01,6.037398472981844177e-01,7.714598914041801425e-01,2.123333803652542318e-01,3.159818206600065738e-01,8.698872985824572801e-01,5.884238649376888342e-01,8.526242282229352654e-01,7.672736248886542487e-01,4.481952185031515268e-01,7.673045593626429683e-01,9.312177371667940129e-01,7.019854429433397547e-01,6.613124720663137168e-01,7.201141576935764510e-01,3.077992600556652136e-01,7.037224806523133536e-01,-1.774015485777205581e-01,2.440537628620954025e-01,5.757005534581468575e-01,4.890847331733555459e-01,9.571984589748370187e-01,5.044043321852282880e-01,5.302900350766133197e-01,3.281374707646181887e-01,6.113080722544842471e-01,6.964253536534071864e-01,6.077326132432898653e-01,6.062424134897942407e-01
7.090583053471954944e-01,8.267134687965981277e-01,8.572047703342956515e-01,6.914598939585662185e-01,4.288684707062345725e-01,8.986552325114959272e-01,4.122115220332872587e-01,4.299680939606502772e-01,3.536429887931314964e-01,5.225159212114325324e-01,6.531820978234420538e-01,7.455218365773926825e-01,7.913003173568938786e-01,0.000000000000000000e+00,7.701057242347311149e-01,7.168745875419901825e-01,7.128145945414812168e-01,7.134407865915679547e-01,9.642206693233614789e-01,8.690777637344639928e-01,8.345697467017154647e-01,2.593744139802889315e-01,9.742374241870191964e-01,4.297096063813835021e-01,5.214330061144792916e-01,6.834860415344508056e-01,9.839863426208053099e-01,6.058821902751765354e-01,2.859576043419462810e-01,4.463711606243026542e-01,3.517821806582110966e-01,3.777977548558076881e-01,6.778551890470448926e-01,8.815286128175146008e-01,5.872579449798742690e-01,2.458582652220112907e-01,3.149884196417097604e-01,5.099565785484388991e-01,5.200057608041321888e-01,7.280236469297790558e-01,2.551733997920372921e-01,5.403492944946032273e-01,8.831024141280848783e-01,7.723109455802114054e-01,9.017769994865604266e-01,9.641162802865375081e-01,6.254531936205364184e-01,4.083357629770177355e-01,9.440422844109053191e-01,8.400764825327285967e-01,3.922299483442780454e-01,6.121483725405749698e-01,2.896279484460472231e-01,6.791963488349230804e-01,4.760236884398738599e-01,4.901323301473825000e-01,6.357373380602698854e-01,4.517577928764989204e-01,6.842942670833559449e-01,7.253516004587565735e-01,6.550751927195241908e-01,8.167788401023161615e-01,7.092613179554508873e-01,6.883165656365592966e-01,7.264692350703589874e-01,9.539447059263758133e-01,6.311465023255958817e-01,5.318533630978082849e-01,5.090928816535653656e-01,8.732478197439795808e-01,8.613701784328897659e-01,8.752546251067360172e-01,4.185766546494523038e-02,5.031268553104104591e-01,5.904512215416284349e-01,5.297061348183188523e-01,6.407007960559185644e-01,8.828709721509985231e-01,2.245272310692544571e-01,2.725806856284482965e-02,2.942318910991042480e-01,5.937244968505399623e-01,7.639827342869952576e-01,3.843287492422110541e-01,8.548556326538245820e-01
8.559489002142797176e-01,6.786144267642072458e-01,8.570769367226440671e-01,7.964051102650262504e-01,4.594523309927476817e-01,4.405243934780962434e-01,2.833994639545929783e-01,7.004639517766929613e-01,5.867079679196737230e-01,8.880453577129915343e-02,2.677088518972292053e-01,9.566074614096529150e-01,7.416666187637639407e-01,7.701057242347311149e-01,0.000000000000000000e+00,8.654780820239982297e-01,7.173707367612671693e-01,7.079097325182189815e-01,6.839098758905336473e-01,6.974626548690333605e-01,5.033189317433440779e-01,9.765550541816087060e-01,6.919220903651210897e-01,7.063976150547442989e-01,6.814800096006061736e-01,4.905537480857179444e-01,7.397555675440057321e-01,2.865837341552011641e-01,4.788869744492056935e-01,5.264743350679890188e-01,8.331469015937882361e-01,4.926935888287908849e-01,6.171785417837994947e-01,7.039314862363778014e-01,2.770742789327249600e-01,3.118157710732594179e-02,5.596827226246740006e-01,6.319060100586654238e-01,7.526627993973485919e-01,5.721044427338937144e-01,2.702253629258393741e-01,4.173210617107546150e-01,8.179611431339244287e-01,6.477220019784084570e-01,4.121778505081322153e-01,9.398867370743493321e-01,4.336521538788534191e-01,8.412944218670029839e-01,3.395345742629637398e-01,4.064700495209778164e-01,1.630249509212356451e-01,4.093787973791986889e-01,8.049968689866912053e-01,2.808493246976025426e-01,6.213401034434693493e-01,8.726144844717810267e-01,7.316657379688465968e-01,2.617381473989551788e-01,5.604664411329981499e-01,-1.714966953855563692e-01,7.480731007881361583e-01,4.565674818773662880e-01,-5.522879349117271186e-02,9.475300697396458194e-01,9.580513598955527899e-01,2.101496852643814917e-01,6.169287138190708841e-01,6.283726924523225232e-01,4.210143608941518401e-01,2.116109213567023417e-01,7.416284665615303640e-01,-1.614817131302035969e-01,6.510473303811723511e-01,7.715363627963718607e-02,6.208686636265734471e-01,6.392077128138031750e-01,9.168910102114555816e-01,6.421105427449785852e-01,6.827491560935462500e-01,2.925386494057631293e-01,2.889165220457498018e-01,3.575778605829761370e-01,7.771076430219377995e-01,4.014431574287997684e-01,3.467510364317198945e-01
6.859772790840814594e-01,2.202706813884425519e-01,9.054254725634669487e-01,8.568747373616906193e-01,3.655974246023271368e-01,8.691346571031206558e-01,4.980424083919894329e-01,2.986847047718531600e-01,7.839351849387684590e-01,7.820974612127185033e-01,9.843845924970495709e-02,6.447458669167491774e-01,4.537928454748536011e-01,7.168745875419901825e-01,8.654780820239982297e-01,0.000000000000000000e+00,6.030744046471072650e-01,5.588119171781791295e-02,6.036621235084772552e-01,4.854355169362272182e-01,4.971389927291381960e-01,5.841398515245043166e-01,7.728355074180689455e-01,4.558898290788492291e-01,5.562507413019240898e-01,3.076090627613766171e-01,6.542896163361362483e-01,8.758061239623712302e-01,5.514281148913384722e-01,5.943212700508619939e-01,1.622524765002543723e-01,7.138204404399728364e-01,-5.221082480430710993e-02,-5.276936192502243994e-01,6.948806902783143391e-01,3.628837728106670824e-01,4.834284404923042677e-01,6.837875541052198525e-01,5.557610255838317803e-01,2.843564956474301519e-01,5.958973870166599518e-01,-1.609895741270639946e-01,8.767759801858147073e-01,6.576855593559299828e-01,7.523158669235185947e-01,5.019058425017688396e-01,4.929102421939678402e-01,2.610269669128763570e-01,9.191106781013941296e-02,3.482069875763497135e-01,6.249092763738985923e-01,9.770950598106739049e-01,6.202567124862460313e-01,7.094211101197506197e-01,9.293708648041408837e-01,5.106676097984573781e-01,7.414696417233410664e-01,6.743989946851673967e-01,4.835783320460422807e-01,2.215293579862719908e-01,2.964163323737795674e-01,2.392372293341860356e-01,6.539188902360042466e-01,9.291169355463098078e-01,9.403863440882821445e-01,9.884694323488142365e-01,2.082755583491084361e-01,4.815975409190316192e-01,3.986422247956166176e-01,6.109154756183738932e-01,4.664208963012433373e-01,-1.459584763457025813e-01,6.667925718138928426e-01,2.000206737436549531e-01,5.504996615178003871e-01,6.900221971677867883e-01,6.463901547276521553e-01,2.355487056768745258e-01,1.203530151403828657e-01,3.453142100510591533e-02,4.591148501036906304e-01,7.931855510913680130e-01,8.495477438346233923e-01,3.998282951435302990e-01,-5.669202570421675302e-01
6.920308737797034038e-01,8.374678381824971485e-01,2.486425898935095968e-01,5.384044522356282725e-01,4.981637159131167003e-01,2.586526040328239739e-01,8.204260954031894482e-01,9.315170108364363433e-01,4.257773416485949869e-01,2.440173392452527623e-01,8.185784120213055459e-01,4.520763746093705571e-01,6.525422363170058082e-01,7.128145945414812168e-01,7.173707367612671693e-01,6.030744046471072650e-01,0.000000000000000000e+00,8.419458833650108609e-01,7.454614179721910650e-02,4.813322930724734938e-01,6.365830710862413477e-01,5.036714128303725335e-01,7.686926208510822534e-01,9.963311287062099897e-01,4.689846380655409153e-01,7.663175710155067932e-01,4.031687146310776182e-01,7.782483909845268055e-01,6.859454987132770354e-01,1.528658617058396146e-02,6.065502785956554677e-01,4.535730556176327810e-01,5.413993243830813595e-01,8.413610802275107714e-01,4.802942333648121398e-01,6.609112265175637324e-01,5.144184798613438137e-01,5.727765806401532434e-01,8.807530147452707903e-01,3.639254646424650019e-01,2.635469193592170911e-01,7.682160979233444431e-01,8.718166346644679043e-01,4.226821839618725152e-01,7.521324537126011789e-01,5.610430102694026200e-01,6.848977969788963005e-01,9.924585873131641645e-01,5.245974885283447575e-01,6.484336207509668881e-01,7.736297229996347280e-01,7.501543834765431740e-01,4.324970910682605640e-01,9.387931707634609158e-01,8.487051420846448702e-01,7.989477054296910685e-01,7.939897920031693257e-01,6.573137774820785317e-01,7.908837414349501049e-01,2.341860147662611080e-01,3.821165502065126951e-02,6.766163983008546268e-01,6.756814635056324070e-01,8.171867820585573261e-01,6.496105426420430984e-01,6.805758692809443788e-01,4.741600237988499167e-01,8.299789359468258132e-01,3.721793795292580587e-01,6.952267786283303774e-01,3.311386581309041510e-01,7.601022636313546910e-01,3.585214506296047210e-01,2.510086567138901104e-01,6.536780919107220145e-01,4.969498078918849759e-01,5.498654397705682317e-01,8.395703358123075555e-01,3.299461377198442680e-01,5.662757018520985230e-01,7.393611673546489627e-01,3.557596640603225557e-01,1.939300868122038057e-01,4.405826639973925984e-01,6.578145322951877150e-01
8.377259552082209071e-01,8.516494350026172500e-01,7.894787291826194098e-01,9.578344578477892002e-01,6.801780244177693113e-01,6.051040643145300102e-01,3.563273435167350622e-01,7.040874903148025554e-01,5.019344006913356582e-01,7.888090694022231730e-01,5.611434623558040347e-01,9.541962903395240225e-01,6.013852069931043820e-01,7.134407865915679547e-01,7.079097325182189815e-01,5.588119171781791295e-02,8.419458833650108609e-01,0.000000000000000000e+00,7.193533951790613834e-01,6.724255638920892952e-01,8.662501091165629719e-01,7.701956184857218224e-01,5.667603574372338526e-01,2.054785089238593820e-01,5.420996714297571240e-01,5.888608053988884095e-01,3.392255325449392567e-01,9.332120619352810564e-01,6.082026554111734651e-01,5.116091701936053004e-01,3.928019673690421598e-01,4.124752400757980553e-01,2.382970626076408305e-01,5.536065257438852472e-01,5.053063040538245954e-01,4.216716805729128215e-01,5.183944697183957839e-02,7.610725934492441613e-01,6.156537744378220989e-01,7.563834100795536752e-01,4.321637124545540942e-01,7.678440546443523473e-01,9.662206206174992484e-01,5.303451999115100790e-01,8.870431963462648284e-01,3.256698350917970886e-01,4.110756972660310482e-01,6.238786509492031396e-01,5.897128758982952412e-01,5.098319140458078547e-01,4.233833040220589261e-01,4.503392957888217585e-01,4.573173759892546486e-01,4.628346219737892175e-01,5.180234969541684942e-01,8.607610063693003077e-01,5.793098524994850784e-01,4.977647978094186243e-01,5.875158730397790352e-01,3.673763732888603029e-01,2.070858360405338217e-01,6.082048491894507247e-01,8.222170209200810875e-01,9.889949399140282038e-01,7.686133386543870794e-01,4.221445184078334578e-01,5.732783812089514708e-01,7.088675306896105033e-01,7.848801486196237409e-01,7.557410948224406733e-01,6.867990755765109867e-01,5.326734964451461662e-01,7.919242825280353726e-01,1.315604034900801078e-01,7.718934862596180668e-01,4.674133179496848256e-01,5.690698396576970852e-01,3.075083700320033753e-01,4.368897488759142522e-01,-1.274422635034220819e-01,4.596252198248286236e-01,6.797942618527542669e-01,9.907437776852464628e-01,4.799339782480478989e-01,6.652276923134251563e-01
