0.000000000000000000e+00,9.198939506679356670e-01,7.846510160864443861e-01,7.018896264456031542e-01,8.989704447686251987e-01,8.472153851730125362e-01,8.868112586624125049e-01,7.089887816912111562e-01,7.748694248426393205e-01,7.259137355130408364e-01,2.385751252097648989e-01,5.552363979759235013e-01,7.718041140666102029e-01,4.236435495229686765e-01,3.360247002322910848e-01,9.508038826444417113e-01,6.882659432851225834e-01,-1.000902058302146069e-01,4.489089253238218724e-01,5.611899866654140867e-01,8.541799162199119611e-01,8.380059887608395375e-01,8.696067055744240992e-01,4.385552863762131603e-01,2.055941813136367424e-01,8.959304258326680204e-01,7.513981161792767649e-01,4.356476971196315828e-01,1.666602777339376007e-01,7.378672382976781963e-01,3.378715142989596742e-01,4.953508358340620865e-01,5.031789753407380772e-01,6.298306778517538396e-01,7.878118310678363656e-01,3.848183499110351957e-01,-1.098683078325902174e-01,9.315255773968051933e-01,7.065966111604586875e-01,9.188555373870863630e-01,2.295962431828296735e-01,6.254295242978042957e-01,5.239413626493301113e-01,7.432518548235778066e-01,3.377583464270669245e-01,9.996789091251455650e-01,6.307850471222892219e-01,9.811984209966725379e-01,5.023482880894071245e-01,9.930422861628370734e-01,4.802105789879949072e-01,9.283044022666155914e-01,8.812609098214176928e-01,9.420216326196848566e-01,3.095171753657707248e-01,8.441254586996655984e-01,9.993455744886182712e-01,4.944462325666638125e-01,9.760967021527289234e-01,3.704657657646376334e-01,2.861401372607809690e-01,5.422281631428975679e-01,9.232015517283278516e-01,9.613339578837082344e-01,5.885378513815273660e-01,8.849245711833673145e-01,5.993473027442763890e-01,9.981853961718173407e-01,9.392395251240165388e-01,3.981063699312624715e-01,7.838929289509699583e-01,8.190959154204965342e-01,2.212509811936498594e-01,1.628709794581991444e-01,4.971926188736892627e-01,7.928519893926880835e-01,6.817222126757466194e-01,8.853281590193357031e-01,2.393401839735018466e-01,5.652279013489478615e-02,6.504172029777460784e-01,3.877938831303329170e-01,9.979104506683944553e-01,2.090772423677519365e-01,6.422419221222780417e-01
9.198939506679356670e-01,0.000000000000000000e+00,6.829401680923173901e-01,9.089557592591500645e-01,4.684446488482068016e-01,9.834522676984956968e-01,7.011519953723118759e-01,2.220146464099966577e-01,5.983569957089611702e-01,7.373042766666820791e-01,7.715177321553096101e-01,7.284248435367602914e-01,6.469999267270694077e-01,2.368692715961398243e-01,4.710265548389133139e-01,4.357549953603094828e-01,6.373949502408701173e-01,6.342112708001192978e-01,8.415500974506222587e-01,8.421261902695043045e-01,7.776111042614300972e-01,5.158684909664291718e-01,8.767823261591097816e-01,9.441775660869493603e-01,2.296146657157185564e-02,6.764156878108579241e-01,4.759970323915231893e-01,7.417003896386029638e-01,2.793179985148661615e-01,-5.699909248178092191e-03,5.748012601237615371e-01,7.662441833970793370e-01,7.263006180386302191e-01,8.693579565172193657e-01,4.676673844741690567e-01,6.464567682609033694e-01,2.083781658591761232e-01,8.567906984988598040e-01,8.997750725716453513e-01,6.450768895039785678e-01,3.324493903233735059e-01,7.727232615493085932e-01,9.959762368300468793e-01,6.538394496622842444e-01,5.739920046028926248e-02,3.521303952812666616e-01,8.124098150369226667e-01,7.129537292850686159e-01,2.322333042841285278e-01,2.851579730131462154e-01,8.156829618321725928e-01,9.734719669886315874e-01,2.091379764723252654e-01,9.913948722346523912e-01,2.784083717468047170e-01,9.297125702056956431e-01,7.438457658103366787e-01,9.655174888234885344e-01,9.804066158527042774e-01,3.805801980459567746e-01,5.872511415778925992e-01,5.620504066451065261e-01,5.970802067708487204e-01,7.745471285566085662e-01,7.358082529072682565e-01,6.138008332531662559e-01,6.809524328444300778e-01,8.566032837141505096e-01,2.055580650511446561e-01,3.900068460425776262e-01,3.826468900260276973e-01,9.831993761377674224e-01,3.875421955502328375e-01,5.528904747271234932e-01,3.040460105398680168e-01,4.438995218993559422e-01,6.279413312848259876e-01,3.951159436550142345e-01,6.585544373359704107e-01,1.167188207929050203e-01,8.609199452425480015e-01,6.229135124705565962e-01,2.755992900884612351e-01,7.406925814986611289e-01,7.363739177589156970e-01
7.846510160864443861e-01,6.829401680923173901e-01,0.000000000000000000e+00,6.539510083486053116e-01,6.510802306635209424e-01,7.250006192656952564e-01,6.625749614116041020e-01,5.432253544069802764e-01,4.277652568260521537e-01,7.126991259791610744e-01,7.264710381789953875e-01,5.033650756748387911e-01,8.426116111743380266e-01,4.607326294281023360e-01,4.475538936257196787e-01,9.205608580259332374e-01,9.804937208793433889e-01,8.570966623136422324e-01,6.184050386743970007e-01,7.815018019557689044e-01,7.413035012974004134e-01,5.267375122619079031e-01,4.609673820795271992e-01,8.622691704353729891e-01,8.043789869346505972e-01,9.466574699502974255e-01,5.684089764614994600e-01,6.922022751715533051e-01,6.838485061428768441e-01,5.224061422596291138e-01,3.783517488075773816e-01,9.007820155924305405e-01,7.688177308322957648e-01,9.215792793935740912e-01,7.185774944291997146e-01,3.764484191412472702e-01,1.579153474609181484e-01,7.323999171906808714e-01,9.660144114012008121e-01,6.271065401761753977e-01,5.319311177795046364e-01,4.097463685814049100e-02,7.075154106515023633e-01,4.627773805076866309e-01,5.840931414510250885e-01,6.040037905357800163e-01,7.668114381155851644e-01,5.411806391317131038e-01,9.298638412352071558e-01,7.356029177884935155e-01,8.184636347727579642e-01,7.647456560443826046e-01,8.287028954684815263e-01,4.380080613133158218e-01,9.506795168342170310e-01,6.049971755156916542e-01,1.629198036051563436e-01,7.681884059065993142e-01,9.316906572567268396e-01,6.939349167474351265e-01,5.737756031290200953e-01,8.310244347393819231e-01,7.024345619635163906e-01,5.589530679466092611e-01,2.137451527357221159e-01,5.937438377726729222e-01,8.331646383135172806e-01,4.392505210778048230e-01,8.947519864922122146e-01,6.623823382023956707e-01,8.471552549794394427e-01,7.904180334081062353e-01,6.846559330180485015e-01,4.752422211787977746e-01,3.646809275129541117e-01,4.872585687526432840e-01,6.249050847623114358e-01,8.514694535780426010e-01,7.774782717166468515e-01,1.044776307966664847e-01,8.340250775677906514e-01,9.645875896434152885e-01,9.029671789535108628e-01,6.314946503641379882e-01,6.576831236961573346e-01
7.018896264456031542e-01,9.089557592591500645e-01,6.539510083486053116e-01,0.000000000000000000e+00,4.343268697872369466e-01,7.703472592189539725e-01,3.506458854103201572e-01,5.942098244125820772e-01,4.441319215440975299e-01,6.849775118981874522e-01,6.169172399579613275e-01,4.713287056875693493e-01,4.796185984108345957e-01,7.877084760057000423e-01,9.644271383780723683e-01,5.037592980360808825e-01,7.291861665503177603e-01,6.657698816985657686e-01,2.904330518882407008e-01,6.051046706678114839e-01,7.335619634079355578e-01,9.166413605047317725e-01,7.195379665700698535e-01,6.441138339979266547e-01,5.619154554983868399e-01,6.311694229009277013e-01,7.170007769290456245e-01,6.876872305496728455e-01,2.836191624146364720e-01,5.157340088497582853e-01,7.232553416387870193e-01,2.155053223339612467e-01,6.126242147594057608e-01,5.417307024286047712e-01,6.267528655876550836e-01,3.309071402221384073e-01,-1.264623953065124318e-01,-1.654994059394124251e-02,7.704957893395626423e-01,6.189797682610036489e-01,4.181935897311988559e-01,5.095048830240250792e-01,9.781933698594867943e-01,6.295067010431959487e-01,9.095305018447119583e-01,2.935016137747252229e-01,6.332739769274544628e-01,7.788193266439555895e-01,6.277041483851717452e-01,6.423632605108853255e-01,7.693908140198770784e-01,7.691287343620487604e-01,7.157918572304181604e-01,6.651237893590900008e-01,9.176525171807842218e-01,6.202151540860207923e-01,9.443987304581644704e-01,6.647997597673509507e-01,7.082362150155954161e-01,4.570094408168768330e-01,3.692993298546588532e-01,4.950025145462175202e-01,8.398687663331501074e-01,8.910352279447858459e-01,6.596342841322982986e-01,8.801726256937336679e-01,6.893508543398333410e-01,4.662067063970719016e-01,3.458794764686660139e-01,6.850157523373274771e-01,5.796978311827634123e-01,3.873275620181413359e-01,4.982246332821374524e-01,2.594544140283841505e-01,4.201584277331990025e-01,6.898087162510864179e-01,2.002500309871051709e-01,3.334040777178617354e-01,4.648424843331864231e-01,3.919231043109536183e-01,6.664519278543564740e-01,7.098702392088828139e-01,6.717892149965387638e-01,3.831064984264062057e-01,8.479477506143255905e-01
8.989704447686251987e-01,4.684446488482068016e-01,6.510802306635209424e-01,4.343268697872369466e-01,0.000000000000000000e+00,5.082205465473327299e-01,7.089330827303008675e-01,5.817395416731757640e-01,4.686289856474153970e-01,7.193548009396817378e-01,5.352757509349386211e-01,6.994513365979297959e-01,5.125791961775054695e-01,7.316576386572275492e-01,4.095298752208949566e-01,9.481184277896955725e-01,5.817973886553924334e-01,2.252554068892335115e-01,5.275969329887510995e-01,5.969860800527576616e-01,4.977140153245317999e-01,1.033290436679833446e-01,8.341659783172028497e-01,6.501589772843187065e-01,7.979216447169201754e-01,6.118174148261061873e-01,7.001760650578997547e-01,5.735903544074232308e-01,2.627664140987822639e-01,2.522927335834905804e-01,1.823420589480369003e-01,2.979999314801762278e-01,8.491360609188400854e-01,9.941792141567020735e-01,5.266154004195887639e-01,5.274706051658700767e-01,4.178911290803575818e-01,3.998896971574290582e-01,6.503597404508847379e-01,6.549383393258042529e-01,2.808926502892288846e-01,7.555621007790191968e-01,7.578703022505514086e-01,-1.895046626725897521e-01,8.381912789794311314e-01,7.307980849199835482e-01,7.065645945938151540e-01,9.691055464502440486e-01,4.510304239246958335e-01,4.645255702736436065e-01,2.744252788994897552e-01,7.707991557462188226e-01,4.203671164061156262e-01,7.381149501331771834e-01,9.380291683204409203e-01,9.699812921816431954e-01,6.773781180379451206e-01,4.420221235640239832e-01,5.280451408753117359e-01,7.445917387682965405e-01,4.401242377091530433e-01,2.131370962116030110e-01,2.290392260812178504e-01,8.617464716298650629e-01,4.245922358480076486e-01,7.192322935324180211e-02,7.747515066559658159e-01,5.839462925329950149e-01,7.185782837530177991e-01,5.787651346322960633e-01,8.711408795913866410e-01,9.710080394603992637e-01,6.340618682425792213e-03,5.251910032629681924e-01,8.182564635284325094e-01,5.815407666532209641e-01,6.710398488564336406e-01,4.569428785839559914e-01,-1.980371095445723761e-01,2.251708652937133848e-01,5.809241550321895264e-01,9.202593367757739840e-01,7.012328815041903862e-01,1.833092890785113505e-01,4.509666244286868464e-01
8.472153851730125362e-01,9.834522676984956968e-01,7.250006192656952564e-01,7.703472592189539725e-01,5.082205465473327299e-01,0.000000000000000000e+00,3.221003128994212039e-01,2.574863646833051023e-01,3.485162429269063056e-01,5.845870031832598457e-01,6.867666089232510318e-01,5.106035735057802283e-01,3.876527622135100826e-01,7.096908895144237173e-01,-2.749705788733897149e-02,9.802013587631428493e-01,8.965096117856776736e-01,7.039777606191456316e-01,2.128225362058839554e-01,7.030630824278146784e-01,7.767110354467323674e-01,8.262192033524147217e-01,7.661811943649724510e-01,6.806318579564736293e-01,7.758157942056895795e-01,2.120639452985055295e-01,7.924910102288572622e-01,9.535309161266524169e-01,7.777015637216861954e-01,5.129403427649100733e-01,1.375593859817320352e-01,3.037817524805292990e-01,6.313081418859128879e-01,7.909527510534648531e-01,2.691795487024557509e-01,3.873812713033484428e-02,3.395473438891836726e-01,5.561460377408854461e-01,8.797745452122316401e-01,6.304816380962615652e-01,-9.056122750420753098e-02,7.647504784970305947e-01,6.310608469339190618e-01,4.122888120749966800e-01,6.956811786745390469e-01,2.333428232609819353e-01,6.155840298953547673e-01,6.532513266580926015e-01,6.854241451753417813e-01,5.446905235930403766e-01,9.174629851097431121e-01,6.042975670429351354e-01,8.342800974247551737e-01,8.835504452587886748e-01,9.984472392194767565e-01,8.351790785480674995e-01,7.304150378436188307e-01,5.340560160930023503e-01,6.870101137619140097e-01,3.373326729874454033e-01,2.649871157698781565e-01,6.047109009527784629e-01,6.233116016467799003e-01,4.737642437079930824e-01,7.819927866113390857e-01,9.748444117590804314e-02,4.032307286858715090e-01,7.401439425830396157e-01,4.343494918591256360e-01,3.907664955723368916e-01,2.407171288422904620e-01,2.034577492766830031e-01,4.942197885441939054e-01,5.571680577389079847e-01,8.817073440236117277e-01,7.128216660653291514e-01,7.561707631395043760e-01,3.089917512428480006e-01,1.538859449421209336e-01,2.278306424048974835e-02,2.604428298829681299e-01,9.381782401663690818e-01,3.515376968232151178e-01,-2.010466837164126552e-02,6.483914147510300152e-01
8.868112586624125049e-01,7.011519953723118759e-01,6.625749614116041020e-01,3.506458854103201572e-01,7.089330827303008675e-01,3.221003128994212039e-01,0.000000000000000000e+00,4.664588410834239474e-01,3.999003282914563306e-01,7.042773202383929565e-01,6.484752822904444880e-01,4.207676430604789242e-01,7.804246764505530232e-01,4.932941220382363601e-01,3.526738417327212050e-01,4.697232919896722758e-01,5.621885402488983052e-01,7.594355877363569984e-01,3.964842347195396410e-01,6.182417410836845706e-01,5.967586337587394985e-01,2.547808813050496113e-01,3.650327901429273880e-01,7.337792777648539655e-01,8.640596817986666567e-01,4.240503913673713265e-01,6.879396123640287852e-01,4.256153323370072683e-01,2.471919720905679518e-01,1.934672737124833730e-01,3.893937685036089613e-01,5.325395197258779856e-01,2.942792630193291625e-02,6.066488338036243322e-01,4.361751591323916322e-01,1.239657368689287831e-01,5.982736763580502881e-01,4.101001867200752549e-01,8.935296156561697289e-01,7.907521091188867146e-01,2.194689180374331250e-01,4.131946273264266445e-01,9.028637320688198686e-01,6.347679478198143821e-01,6.862787548687599992e-01,3.851055807390078578e-01,5.257700150303274977e-01,6.199134773575985108e-02,3.907933107705848785e-01,2.418506245934350651e-01,3.860731517571034388e-01,6.346512612814974030e-01,5.546157100364939030e-01,7.718202275826633318e-01,7.221732730422242286e-01,3.560071057947092887e-01,7.989190321705205156e-01,3.295949448438679763e-01,9.179165742228456715e-01,3.059346746207888823e-01,7.893153081352464184e-01,3.712335050152555938e-01,4.023404984811876361e-01,4.786022873362057450e-01,8.432253310600306140e-01,5.669107195325594484e-01,7.600443553344491399e-01,6.140869165014755104e-01,5.900812240017165866e-01,2.227907383052809553e-01,3.209556670726390615e-01,6.624802483827643140e-01,-1.947324838995581064e-01,5.567753735350737809e-01,5.785390157352743312e-01,4.793390828285815641e-01,4.206050054873729238e-02,5.826862372288422742e-01,4.648725971830348636e-01,3.437986814160923776e-01,7.653456162275729113e-01,8.593134667896711321e-01,4.714937772070405542e-01,5.376206446435753961e-01,6.499974460434734258e-01
7.089887816912111562e-01,2.220146464099966577e-01,5.432253544069802764e-01,5.942098244125820772e-01,5.817395416731757640e-01,2.574863646833051023e-01,4.664588410834239474e-01,0.000000000000000000e+00,1.579795717748152528e-01,8.016987561341162305e-01,6.929375741102694608e-01,7.963559211229094270e-01,8.252024485222971828e-01,6.446713279116338402e-01,6.738085211954196740e-01,5.464523545977841845e-01,6.147985321243638612e-01,-5.414138807865856440e-02,2.602542285310238124e-01,9.103688681824112505e-01,9.013919664746415927e-01,7.601626327809603012e-01,3.754960962628063337e-01,9.135873986261273672e-01,6.969557113339287513e-01,8.972293661806876042e-01,5.121186104070893919e-01,9.950976696327471505e-01,3.856485495592020807e-01,4.957865462193541406e-01,4.557817985021784812e-01,8.366641402939585248e-01,7.647383748862777164e-01,6.050418807520353548e-01,5.927971811343342168e-01,7.382484124355411792e-01,3.229241994609305388e-01,3.016345718260309283e-01,5.174174325747297187e-01,2.864335465642375844e-01,4.756958686320517105e-01,5.291813807192170538e-01,9.833868727840167079e-01,7.398521230367048895e-01,9.481037988624820834e-01,5.428642327981276772e-01,-1.163793786172315908e-01,-9.037926683716658582e-02,3.405715992522105884e-01,3.016115776333156417e-01,1.165516060395549031e-01,6.551689438699160872e-01,3.905688956722866423e-01,2.993237060397818672e-01,8.037542181893185811e-01,6.509193249570313089e-01,5.248124823694870766e-01,4.523347828321803155e-01,7.901530039698355656e-01,1.478847333227771566e-01,3.317189336140442535e-01,8.486083166494360341e-01,6.658141092493352620e-01,6.079646821364318443e-01,8.660486214514259151e-01,4.007394757659494822e-01,4.132152093372602475e-01,4.187710309634748440e-01,7.078438229634916867e-01,5.577545984043579264e-01,6.158375053097151497e-01,4.569580407269781541e-01,2.175346445478585078e-01,1.493632288396429253e-02,3.653999904557011513e-01,2.894433618456685453e-01,2.698191492759768328e-01,7.421139410899364464e-01,5.266979076102217272e-01,5.790584737373050128e-01,7.964979180643240175e-01,8.946345270738441657e-01,4.337688393174088386e-01,4.944523936379376372e-01,6.961346099318113101e-01
7.748694248426393205e-01,5.983569957089611702e-01,4.277652568260521537e-01,4.441319215440975299e-01,4.686289856474153970e-01,3.485162429269063056e-01,3.999003282914563306e-01,1.579795717748152528e-01,0.000000000000000000e+00,7.733674322121407707e-01,4.276998267018792266e-01,5.027015341314048369e-01,8.479196189144088125e-01,9.672950570759581979e-01,7.025848526923458293e-01,3.796012833762701238e-02,7.292162869631949595e-01,7.019110274672730743e-01,8.083690200089946321e-02,5.577499912194650022e-01,6.186887256700202009e-01,6.352439737861074187e-01,2.662915968439563685e-01,9.801146509599107937e-01,1.226532350050992815e-01,4.261163805089814849e-01,6.866757150509750218e-01,6.477869516360769131e-01,6.973170970316852069e-01,5.338736111619764302e-02,3.190422184672679906e-01,1.040001767604690069e-01,4.332689011270364765e-01,7.195214743733218121e-01,2.501719747892949264e-01,5.421026138988087606e-01,3.190683481760057116e-01,6.933021844060792693e-01,4.030119957438145217e-01,7.136063040090044884e-01,5.854100994885621523e-01,-1.213397478271451557e-01,6.696749321540760302e-01,8.095771933450363056e-01,9.614573768092251616e-01,1.164162867727424056e-01,3.639570633334861249e-02,2.033513537695836593e-01,3.774059587882901412e-01,2.574854712411058788e-01,3.370325756967376130e-01,3.623638851313250586e-01,7.483188747825982867e-01,4.083047256597014951e-01,5.276799164012840881e-01,7.905916196277572583e-01,7.688763557708286900e-01,4.367126062235607842e-01,7.959053833830127545e-01,1.607289457392433729e-01,2.410850263807246263e-01,3.206499605490953624e-03,6.859642173198787773e-01,2.022010685813733777e-01,5.776097733018713543e-01,3.689383496373804805e-01,7.904590386787631040e-01,6.428432641937955605e-01,-4.228607672524037353e-02,5.862585371583456384e-01,5.919221268390073565e-01,4.475660148039227182e-01,6.823258309036537295e-01,2.656949869832114786e-03,4.466475391250036009e-01,6.397692007578008599e-01,7.461942055900966375e-01,8.630186919359268682e-02,1.706555832474659362e-01,1.205425793793790945e-01,3.732687969846902876e-01,6.164937293859751311e-01,4.383109639250479250e-01,-4.964093746573300381e-02,5.321109532777967832e-01
7.259137355130408364e-01,7.373042766666820791e-01,7.126991259791610744e-01,6.849775118981874522e-01,7.193548009396817378e-01,5.845870031832598457e-01,7.042773202383929565e-01,8.016987561341162305e-01,7.733674322121407707e-01,0.000000000000000000e+00,6.771216939241914146e-01,5.422123053634531065e-01,5.321197020856670568e-01,7.354484318459919567e-01,6.348520685632236260e-01,6.112921551210669380e-01,8.440537336596147799e-01,5.674333596670841917e-01,7.917263036225362649e-01,7.847056197342292538e-01,6.916329980059189309e-01,7.671102245628256266e-01,7.431724956010347105e-01,7.689510174752253180e-01,4.792925737837179234e-01,5.523925697159950410e-01,6.727212701582941934e-01,4.083974569155093826e-01,5.792234041617032592e-01,4.562192555368980162e-01,4.444879398089600087e-01,3.711782081624720453e-01,6.716367923718268296e-01,4.193727716953364326e-01,5.315278825530209694e-01,1.653974900674452242e-01,5.587326492034103698e-01,2.174134488095314233e-01,4.041190198847398607e-01,5.328059179058606265e-01,8.721175560209124544e-01,7.351012815734117023e-01,7.098869097515597693e-01,9.889334738256849722e-01,9.523718899409319150e-01,9.854781060213421151e-01,2.167431853352854987e-01,9.653428012856157814e-01,9.316008080523968671e-01,2.438101930962895403e-01,5.689591962247632084e-01,5.886632946987582216e-01,9.699029541668127141e-01,2.091337196012778565e-01,2.306244847767603134e-01,8.456332120929981322e-01,9.587669251324881792e-01,8.410024289590273261e-01,7.510023806375031308e-01,6.965554445485220292e-01,5.471162066099121146e-01,6.426248578283487722e-01,5.284508164253500784e-01,2.205628875823238411e-01,8.436323728628953855e-01,6.870111421454997425e-01,6.308680126675902944e-01,7.145503123084808728e-01,7.770680135344552042e-01,8.688197990030668283e-01,6.842319272467878299e-01,6.041554855275929059e-01,3.654678637744941394e-01,7.298330539283532925e-01,5.905210698819696180e-01,2.540595655573061884e-01,9.881830672082886347e-01,5.904907316680476637e-01,6.485184542568847021e-01,-5.361673958947785201e-02,5.987819370318054890e-01,6.243381694568174156e-01,5.801636489613993808e-01,2.009128344859499316e-01,7.917101908362618179e-01
2.385751252097648989e-01,7.715177321553096101e-01,7.264710381789953875e-01,6.169172399579613275e-01,5.352757509349386211e-01,6.867666089232510318e-01,6.484752822904444880e-01,6.929375741102694608e-01,4.276998267018792266e-01,6.771216939241914146e-01,0.000000000000000000e+00,4.872368371921453889e-01,1.562401176178425388e-01,5.678690779981248049e-01,5.648691061876663921e-01,7.189139786207560112e-01,5.486291474837738935e-01,7.518085646195986627e-01,3.329028858167162319e-01,9.602287032429610569e-01,4.493892516344393240e-01,2.407929491138943168e-01,7.921037613830463897e-01,9.940163299225871496e-01,6.601408735874354505e-01,5.691553099275342004e-02,7.647243513789018232e-01,6.503056590592168895e-01,5.075695346032513822e-01,3.489832687602226757e-01,1.024075890456635912e-01,6.386540272994617462e-01,5.903867185128275352e-01,6.719615987518416933e-01,9.692638285666974607e-01,-1.430330058511033453e-01,3.659428323293998364e-01,6.105102206076216120e-01,7.861706363997117419e-01,5.473262756717443001e-01,5.468253946222122464e-01,6.753205172958164360e-01,8.470901649398943078e-01,6.299897913292769047e-01,6.429424766309819184e-01,4.464286188420619750e-01,7.310053539069683026e-01,6.386493213516839518e-01,7.557003705098755408e-02,7.136825293239210666e-01,2.524097315168410960e-01,5.333557015574648119e-01,9.151942518896377665e-01,7.993940445555054453e-01,8.087712835387378396e-01,4.138800008807941855e-01,7.188334692913442847e-01,5.648350485729269899e-01,7.374057244884713036e-01,9.531084152671005782e-02,4.938022662538540386e-01,2.125759701986685013e-01,7.202094161876251288e-01,7.707421139246917186e-01,7.034401118672357622e-01,7.728993976705694768e-01,5.940815335364300065e-01,7.296097883845842347e-01,4.017210600095810769e-01,7.702851980824594325e-01,8.590323639035436498e-01,5.469614919987567658e-01,4.594100810320898565e-01,3.153193070300254197e-01,6.715505202390755768e-01,5.569027279701428412e-01,7.885009076681210871e-01,3.396654838949875743e-01,1.675330653115391921e-01,2.765006781352020715e-01,6.744897763722108586e-01,9.873808080032687728e-01,6.791314107342291129e-01,5.410888098415310710e-01,5.213508676288307608e-01
5.552363979759235013e-01,7.284248435367602914e-01,5.033650756748387911e-01,4.713287056875693493e-01,6.994513365979297959e-01,5.106035735057802283e-01,4.207676430604789242e-01,7.963559211229094270e-01,5.027015341314048369e-01,5.422123053634531065e-01,4.872368371921453889e-01,0.000000000000000000e+00,9.289558316210205779e-01,5.948821728463337122e-01,5.326608477077020565e-01,7.397127264364549148e-01,6.697880567420713138e-01,4.957323829517443770e-01,3.176221899441444285e-01,8.546231102324313156e-01,9.780246880644787311e-01,7.324549875927722775e-01,9.436449966712462389e-01,8.975146381091468895e-01,8.657962749579245498e-02,8.498996823580127202e-01,4.467762588245411393e-01,9.025034015969813916e-01,5.049733961024276407e-01,3.200720682597242295e-01,5.085938104929145220e-01,5.414929297142814235e-01,2.416635058813305370e-01,7.396566333310116148e-01,7.988739443303585208e-01,7.541964147872077806e-01,2.699230686932270196e-01,2.499810537502652474e-01,6.634691310441834800e-01,6.053778554739491780e-01,4.808079104595688880e-01,4.042359176113658470e-01,7.874479645659258065e-01,2.832393875710667031e-01,7.719736009172111224e-01,7.181605903140858560e-01,6.548438640840819058e-01,3.355873618991730423e-01,5.560179440013256480e-01,5.442260424355025439e-01,7.791447558786398497e-01,7.941891417867076308e-01,9.349217825448576935e-01,6.036387785782446613e-01,6.782527807452750634e-01,3.222394657577714594e-01,5.467350868614695436e-01,9.330476497750733733e-01,5.854497389925469308e-01,1.891824468164615136e-01,-4.204597468139506522e-02,6.864751808208805484e-01,5.803386245789683429e-01,7.643283706752533879e-01,7.527342579402291900e-01,2.777265392514516873e-01,4.147724602725613163e-01,7.812463545899791528e-01,3.324378032572271602e-01,6.205510316095682599e-01,7.020212549989135464e-01,6.066033843194184039e-01,5.305801489036681556e-02,4.804646018719383460e-01,4.801810662973303723e-01,7.948209996980803993e-02,6.968934996399874793e-01,6.619894061167768129e-01,2.074512496558030272e-01,4.392145997888051712e-01,1.528196607428340126e-01,4.334103862272839502e-01,7.137284127176775073e-01,2.764746056432001442e-01,9.691089934413393836e-01
7.718041140666102029e-01,6.469999267270694077e-01,8.426116111743380266e-01,4.796185984108345957e-01,5.125791961775054695e-01,3.876527622135100826e-01,7.804246764505530232e-01,8.252024485222971828e-01,8.479196189144088125e-01,5.321197020856670568e-01,1.562401176178425388e-01,9.289558316210205779e-01,0.000000000000000000e+00,9.695558224432525574e-01,7.522573645471091197e-01,7.204777051947743871e-01,5.077451728145232490e-01,9.345674730987642009e-01,5.493578222087781571e-01,8.702714642375383169e-01,3.004127034772723914e-01,7.181227767763845860e-01,9.899752555233379825e-01,8.327163932254294521e-01,4.118122824776740409e-01,8.412324996888423945e-01,8.835283985260288242e-01,2.235621737804088238e-01,4.895500147224093879e-01,-1.648266222064445063e-01,3.822840441687295199e-01,2.476776728209467149e-01,7.135024009113454246e-01,9.135668649329407032e-01,6.662003097344805225e-01,-8.106677153889482734e-02,5.872615449802833787e-01,8.904822570048490649e-01,4.793982529080762500e-01,8.868410942101941918e-01,9.807965619431475712e-01,6.165973473039870756e-01,5.595585758999180870e-01,8.369533038061862662e-01,8.858952147601573124e-01,9.712737833739621962e-01,8.135481393161535513e-01,5.317893398080361100e-01,9.958076830373266963e-01,4.626874606712187976e-01,3.571865461123610030e-01,6.874315649209855605e-01,7.691325891998816999e-01,7.307510940043528969e-01,6.629888547778821639e-01,5.215447307869780502e-01,7.513743620868853501e-01,3.693608402914494437e-01,8.794638310946996107e-01,3.716827764719438099e-01,2.347641618393313256e-01,9.227033746812483006e-01,7.480722443517793252e-01,6.462687306936457654e-01,9.732884538523127738e-01,7.599641996410870792e-01,7.842429861892543652e-01,9.744170898614381571e-01,6.737468507598863843e-01,7.831263727704093069e-01,7.028400189472624460e-01,6.998764478280786738e-01,-1.653237889886536860e-01,2.487904482224329861e-01,3.160894379716160385e-01,8.919907304726860664e-01,7.813079423823985348e-01,3.123993288635168453e-01,-1.291882144547394640e-01,6.078944354557616059e-01,4.680883192280459459e-01,4.820750264404431995e-01,8.003060387861672398e-01,3.846966336900292660e-01,4.084932892145097250e-01
4.236435495229686765e-01,2.368692715961398243e-01,4.607326294281023360e-01,7.877084760057000423e-01,7.316576386572275492e-01,7.096908895144237173e-01,4.932941220382363601e-01,6.446713279116338402e-01,9.672950570759581979e-01,7.354484318459919567e-01,5.678690779981248049e-01,5.948821728463337122e-01,9.695558224432525574e-01,0.000000000000000000e+00,5.748447397940383841e-01,5.914007700345499385e-01,7.574511842372050330e-01,9.036582639229566727e-01,8.839289948271752406e-01,2.844853556671637640e-01,9.014126423665835830e-01,3.114293940182355502e-01,5.517776870660955346e-01,8.701535403502552724e-01,6.431223932430517598e-01,4.996933498517132644e-01,4.447868326585457388e-01,7.196263548584657110e-01,5.201130972787986195e-01,2.724143073762818612e-01,1.231554737548315598e-01,-5.517398150005059509e-02,7.630119843007887592e-01,8.560339721868329699e-01,3.294813885535636810e-01,-9.900737835183616442e-02,5.689163660058274008e-01,5.622219407361730426e-01,4.539428757204981291e-01,3.577697002774130608e-01,4.485320575783618424e-01,7.541676635792062822e-01,2.996375922223599719e-01,9.254113111684021398e-01,4.169846105809822956e-01,8.950465059470863460e-01,8.739604125650558553e-01,6.288823272920547325e-01,5.153131827781380903e-01,7.849583858782580581e-01,6.006820468012883385e-01,8.856517781316205484e-01,6.115213003447164120e-01,6.755710236182724815e-01,2.971252933164380550e-01,5.218962612292843417e-01,7.807445351863189220e-01,9.850346641216622956e-01,8.603654849359845258e-01,4.003800651748519734e-01,5.076903133510766164e-01,2.011594315388316456e-01,6.894396477581505867e-01,8.304094078161777803e-01,9.563173387812807791e-01,6.478638130234586345e-01,4.645715620689948588e-01,-1.468647302475808991e-02,5.348565068131849731e-01,4.015309182360072837e-01,7.247140952606054842e-01,5.069935418814036643e-01,4.596689616984141469e-01,4.653146596474022068e-01,2.463789739292496228e-01,9.100481548520065189e-01,6.070275172361332405e-01,4.857765386713767675e-01,4.623971828680267238e-01,-1.200072095737680922e-01,6.994095585074149302e-01,8.421853513467600916e-01,4.962041966172776042e-01,5.716244949347568660e-01,7.345822885790460610e-01
3.360247002322910848e-01,4.710265548389133139e-01,4.475538936257196787e-01,9.644271383780723683e-01,4.095298752208949566e-01,-2.749705788733897149e-02,3.526738417327212050e-01,6.738085211954196740e-01,7.025848526923458293e-01,6.348520685632236260e-01,5.648691061876663921e-01,5.326608477077020565e-01,7.522573645471091197e-01,5.748447397940383841e-01,0.000000000000000000e+00,3.487710110733240887e-01,5.467167742442877731e-01,5.620329592914798944e-01,6.994405244203786287e-01,8.066007806671882108e-01,7.812516445404501519e-01,5.062157110524784231e-01,9.533980643337441885e-01,9.419004030246840298e-01,5.278825295049267563e-01,3.103287529277003465e-01,8.331624850989503006e-01,7.757456394953907708e-01,5.914406748301156425e-01,-1.265208392504482138e-01,7.246085623949191090e-01,5.678000321887513024e-01,6.242946658398443871e-01,3.002903951096657087e-01,5.447225326017420821e-01,3.601908850759293901e-01,1.337828563847065499e-01,3.110957896352175012e-01,7.858259613935093535e-01,9.369936275909888090e-01,4.745508798926800220e-01,9.666429627667901814e-01,8.344084553697299622e-01,3.617550577910170206e-01,5.237970330682027997e-01,7.312149225621322746e-01,5.647558455487811102e-01,4.499310482179450510e-01,5.239189441280263093e-01,7.885330749716357168e-01,7.398976571054517448e-01,6.295090875232665084e-01,9.321452206757276926e-01,7.020643492858508194e-01,3.753518087974556661e-01,9.550893865571288277e-01,9.569051054560825387e-01,6.897883501857928756e-01,3.288728421810941382e-01,-1.662589438559550770e-01,5.761608643111209016e-01,6.317785435255582893e-01,4.726439638214137706e-01,6.317482896893890087e-01,9.436203064613775116e-01,5.282559718906736368e-01,6.864791584898248811e-01,7.756704825241973467e-01,2.718188232015976702e-01,3.914031075835886497e-01,2.640484872724322418e-01,4.999792600645646679e-01,3.717037066323970462e-01,3.633078467496339004e-01,5.711248610585758501e-01,4.189438921844652053e-01,-1.141490697302542656e-01,4.971389966415694084e-01,2.839802442901743218e-01,1.076060711592355529e-01,4.430007844491534730e-01,7.252973334393756355e-01,7.474539997712279504e-01,3.457755955999469721e-01,5.411601048700392935e-01
9.508038826444417113e-01,4.357549953603094828e-01,9.205608580259332374e-01,5.037592980360808825e-01,9.481184277896955725e-01,9.802013587631428493e-01,4.697232919896722758e-01,5.464523545977841845e-01,3.796012833762701238e-02,6.112921551210669380e-01,7.189139786207560112e-01,7.397127264364549148e-01,7.204777051947743871e-01,5.914007700345499385e-01,3.487710110733240887e-01,0.000000000000000000e+00,8.751311510205540545e-01,5.220719950181060831e-01,1.962110210353122941e-01,5.237246005669995430e-01,7.001430765564534697e-01,4.320100830424150606e-01,9.295612902926312371e-01,7.401614913224257020e-01,7.024348102923524406e-01,3.640969829409637093e-01,5.785974352521333630e-01,8.144048284871738819e-01,7.725446549763260728e-01,5.984881978892777621e-01,7.776917925944524246e-01,2.639831299089644978e-01,4.182248589213045653e-01,4.476539743481773304e-01,2.203127459525215381e-01,4.429771935958105034e-01,-1.340218299898943144e-01,4.142124221225589875e-01,9.143084820838649485e-01,6.187454379974574037e-01,5.944331898799333214e-01,8.505385854486767760e-01,6.223812977350386966e-01,5.083540558313685009e-01,6.500643296808616967e-01,2.716074690358087351e-01,2.627907305645329483e-01,6.339533372265276912e-01,5.838582284411443224e-01,5.550654872098939041e-01,6.076291429593261295e-02,6.376931624473347604e-01,6.701971615060490217e-01,3.558799370300041315e-02,3.565511893499708623e-02,6.837581876090391697e-01,4.349521746865614991e-01,-1.161475430168257689e-01,9.102866527446160649e-01,-2.619536442133225673e-01,1.429204645042008170e-01,3.034465014118082893e-01,7.081880117174592648e-01,7.554160296027043753e-01,6.427127377107024753e-01,9.350083324468070334e-01,5.849534972809831146e-01,7.843436838281558909e-01,6.751190285985378958e-01,1.933294967216341032e-01,7.807329429375543528e-01,1.899411664113350995e-01,6.338694946144957099e-01,4.109600528058925395e-01,2.830469415365142183e-01,6.742880681698709688e-01,3.781034807315379886e-01,4.893717166088973891e-01,2.373263958341214896e-01,4.362147729883493197e-01,6.184664578429421855e-01,5.169667353112148422e-01,8.368375176365396850e-01,2.319740846985581528e-01,7.972284668910860628e-01
6.882659432851225834e-01,6.373949502408701173e-01,9.804937208793433889e-01,7.291861665503177603e-01,5.817973886553924334e-01,8.965096117856776736e-01,5.621885402488983052e-01,6.147985321243638612e-01,7.292162869631949595e-01,8.440537336596147799e-01,5.486291474837738935e-01,6.697880567420713138e-01,5.077451728145232490e-01,7.574511842372050330e-01,5.467167742442877731e-01,8.751311510205540545e-01,0.000000000000000000e+00,5.611428712212787051e-01,1.709513662032956516e-01,9.950515986669908886e-01,6.719197023238852040e-01,9.528792005238326812e-01,2.119287420686035983e-01,5.392969838495450530e-01,3.235647385931509357e-01,8.895540902595575616e-01,4.236309626144533214e-01,4.059194038161316187e-01,3.782930898123607055e-02,4.780916699308326301e-01,1.421458380247107856e-01,5.341553240131738933e-01,4.783777447542429395e-01,6.272147511149197552e-01,7.805633581627670070e-01,2.261192089348657008e-01,1.773432301842666203e-01,6.333616552718432935e-01,7.846745252497726586e-01,7.539192039289328573e-01,7.915730244458676346e-01,6.605454929399798836e-01,7.887678948152748726e-01,9.379206982754997313e-01,6.219941327642295459e-01,5.489370302196430185e-01,6.139232797505114192e-01,8.273852652981629197e-01,6.792825297857618683e-01,9.698924060665742308e-01,8.878425809684353798e-01,5.393046723068681825e-01,7.161676564469197093e-01,8.490844737209928272e-01,9.643817384120578762e-01,5.928158006415149561e-01,5.584858035945848842e-01,8.456038943021262355e-01,9.646417986412022527e-01,7.779661917036155838e-01,4.535175555872725250e-01,3.088676521477056180e-01,5.150465347192528798e-01,6.543870089790753131e-01,7.991220156118622464e-01,4.631733579451443594e-01,5.722890307467044524e-01,9.554460438477628825e-01,1.863476596209352396e-02,9.499505875299074642e-01,5.968147883225763950e-01,2.859830815036777385e-01,3.953813305622465579e-01,4.535930528404061857e-01,6.000627262678253082e-01,6.092191089388993008e-01,6.360148782781407384e-01,4.728496917419166001e-01,9.588394092232831456e-01,7.482545049481323929e-01,7.124512040946709979e-01,8.113610928109172837e-01,7.238968203731699358e-01,2.588134686078805702e-01,4.241600573095667959e-01
-1.000902058302146069e-01,6.342112708001192978e-01,8.570966623136422324e-01,6.657698816985657686e-01,2.252554068892335115e-01,7.039777606191456316e-01,7.594355877363569984e-01,-5.414138807865856440e-02,7.019110274672730743e-01,5.674333596670841917e-01,7.518085646195986627e-01,4.957323829517443770e-01,9.345674730987642009e-01,9.036582639229566727e-01,5.620329592914798944e-01,5.220719950181060831e-01,5.611428712212787051e-01,0.000000000000000000e+00,6.932799679107404245e-01,8.004676012573948007e-01,7.159599396080204015e-01,7.307085795033221309e-01,3.097712680772795046e-01,6.491867046610551029e-01,6.300712012296583175e-01,4.196512061541137206e-01,9.998487790648191709e-01,3.520275003913269085e-01,4.281434718458880795e-01,4.128347281764237486e-01,1.354272971849888874e-01,3.807066652597546064e-01,6.611207844909767761e-01,9.115990148926974568e-01,3.734201094542614063e-01,5.681828305956699854e-01,2.726509073012876594e-01,9.101111744373743262e-01,1.453597805924552733e-01,4.994472334863528928e-01,1.169530283675457583e-01,7.380064530296728265e-01,8.856649955999947865e-01,7.759748608931108516e-01,4.425817989381811146e-01,7.148277122013809715e-01,7.020233613634137004e-01,6.834022703034894342e-01,6.397165575092098599e-01,3.671916316806814740e-01,2.254496480088387655e-01,8.693739151639666707e-01,8.183954037956133742e-01,3.779280196539807068e-01,5.937373951431276220e-01,8.887425527154074745e-01,4.509888974405421025e-01,6.029898286800963181e-01,7.171123650462344346e-01,5.340524486688140726e-01,5.270040265068284269e-01,2.821320542730766934e-01,5.541901728091012252e-02,7.044860297691457607e-01,6.436448953399163120e-01,7.351803216740275815e-01,6.395936857942626785e-01,6.650126523545079049e-01,5.475218889572459613e-01,2.317364740778009857e-01,6.143753465259340629e-01,7.211957817009635452e-01,5.063195519384884602e-02,1.782667888531199937e-02,4.145722590881130154e-01,7.071148121756001270e-01,8.431618509523658433e-01,4.915213888575697965e-01,5.585378660107792603e-01,5.964205867855704168e-01,5.743936799059901066e-01,7.185531581733600737e-01,8.579624353519117452e-01,1.537582413667456516e-01,3.002778459107423026e-01
