0.000000000000000000e+00,8.219514940222165666e-01,3.341265380099137650e-01,7.271391526376671521e-01,6.252642610483720720e-01,7.081020628746090839e-01,9.538170720390595214e-01,6.900253380831490313e-01,4.681485052589164919e-01,5.119911512713032353e-01,4.946246248003664525e-01,9.244556303747343273e-01,4.208661525177017082e-01,9.689195412506381722e-01,7.439013847714904815e-01,8.567725704535200659e-01,4.858672759565950683e-01,8.243486616325342853e-01,9.095747435323333629e-01,6.154615208774236734e-01,6.823780550008941015e-01,8.467364697586091671e-01,5.911849475609181059e-01,8.143293786640320997e-01,6.100047507817032422e-01,4.426235232435085654e-01,8.179475692959686794e-01,6.723679906799717720e-01,6.712102461837280432e-01,5.890082049712296319e-01,2.961881662901031387e-01,8.173817976123914919e-01,9.044627191620756568e-01,8.421455182840681397e-01,6.821879341376108075e-01,4.335692324514153206e-01,2.216387349756591962e-01,8.305915534147252366e-01,6.292418464404294642e-01,5.115208197658963618e-01,8.758837291801895297e-01,6.704976359385591556e-01,2.046032517554466634e-01,8.437324843543010378e-01,6.366324426286658067e-01,5.991828043268087045e-01,8.814597907413229683e-01,7.035127993583754069e-01,6.102919797792203394e-01,7.182449507817455503e-01,8.522622692900961860e-01,9.296099188537365610e-01,9.682995663140010478e-01,6.140724280394334045e-01,8.102851698809904191e-01,7.707623051233738476e-01,7.336936111109038094e-01,9.857095925710321893e-01,7.616458905511519495e-01,2.054151196257839040e-01,2.310854411800596364e-01,9.576296888831938858e-01,8.138254740459498482e-01,7.573485838843079243e-01,6.981674293370792039e-01,7.477757369686965916e-01,8.228798147717631961e-01,9.053346641668448269e-01,7.308855245740114581e-01,7.163223032116542432e-01,8.736758024061594963e-01,5.551330328599938246e-01,4.216039199140099725e-01,4.022154097571731812e-01,1.710491743618380578e-01,9.751161446362959229e-01,8.322980138565008179e-01,8.399556079960912580e-01,4.717060076949158298e-01,5.913787859183810003e-01,5.048453862423969429e-01,8.756289977566124039e-01,4.549623369090614045e-01,-2.566172684811951488e-02,5.191554041079422532e-01
8.219514940222165666e-01,0.000000000000000000e+00,7.443606576849036705e-01,4.671149641876594649e-01,6.882030656551000325e-01,2.594966752311222979e-01,5.973587359845837774e-01,6.969958535504624519e-01,4.903998467918679327e-01,6.243485833821690312e-01,8.106139334805796404e-01,5.184748133214216459e-01,-7.528421715666316905e-02,4.161233981375648261e-01,6.336819185870885551e-01,1.905515549345674353e-01,8.853194538503195155e-01,6.520324074971661776e-01,5.812133456489680938e-01,9.394277115341345130e-01,9.248841512505184825e-01,4.746134569520515933e-01,8.864591503098830927e-01,7.465126552575029883e-01,3.488090074955506603e-01,3.871761947937939485e-01,8.237952543642810266e-01,6.466703565577788249e-01,7.830582979718524461e-01,4.741754596700024083e-01,1.714063323603582656e-01,5.330877646270395509e-01,2.608541558641400138e-01,3.767235266560461926e-01,5.084695568468523552e-01,3.181097239967196622e-01,6.187810087943591553e-01,6.177754117920803978e-01,7.813108785482330010e-01,7.260419756736715691e-01,3.233511872404409293e-01,6.431936016669389522e-01,7.498898764783006321e-01,2.703871247458262128e-01,8.558080913674476209e-01,7.279866017328955330e-01,5.524243333931420086e-01,6.576830818253150968e-01,5.588999267353966793e-01,7.758146523112621207e-01,4.334649383664979649e-01,6.746739665923313922e-02,3.797623370261921649e-01,8.155651201107397830e-01,4.660134108330373781e-01,7.691773901802667623e-01,7.167806876997923071e-01,6.017525370677854202e-01,8.056466976274639924e-01,2.500449516499655411e-01,4.477254706334664047e-01,5.807852915791332782e-01,7.723082821341205051e-01,9.968500826647499480e-01,4.333705913987150327e-01,5.608042515899946956e-01,6.063517375062115189e-01,8.436063637446815644e-01,4.537271234670586240e-01,2.626431585355010201e-01,6.459893392120065192e-01,4.763067248283078259e-01,4.721629069520691391e-01,3.885717787851781235e-01,3.147786278898003776e-01,6.183888142081209738e-01,4.607550669316478054e-01,7.151206697077251428e-01,-3.478211672444213587e-01,5.338522197925602564e-01,7.299330488886814905e-01,2.564559561099706286e-01,5.329377204649803357e-01,5.090390457461138052e-01,3.938942180330821663e-01
3.341265380099137650e-01,7.443606576849036705e-01,0.000000000000000000e+00,9.732015822912813974e-01,8.136041862457269458e-01,8.927404959757803127e-01,7.975423674147683606e-01,7.403853228564106770e-01,6.883802332596543616e-01,7.696695721385551359e-01,6.982601029548228810e-01,6.352104083712831750e-01,7.346669670476722036e-01,4.139009141594733321e-01,9.304810056283452369e-01,8.990321826209934919e-01,5.734065583847497427e-01,7.059164355134530666e-01,9.229316114810515170e-01,5.439671627255815434e-01,5.916130601660627431e-01,9.628749429045532215e-01,4.434417753722030286e-01,6.290656820026363505e-01,6.224132821126800996e-01,9.354911882449833405e-01,8.685725539933962791e-01,8.891579678314208701e-01,5.898169730200233385e-01,2.128930711423150657e-01,7.625761554473764470e-01,8.754869808930991759e-01,8.115047520969814743e-01,7.363867592056678735e-01,4.757965875484028162e-01,7.901766696362162723e-02,1.654622241457280318e-01,9.586833034320423330e-01,7.735846887244973713e-01,9.040547511097219990e-01,4.365254541722798920e-02,2.172492443644504223e-01,5.729031918749544205e-01,7.155003967672582954e-01,9.222261770502186984e-01,2.452603952837365819e-01,2.423244956617232604e-01,3.694203486599147990e-01,7.901590590162095307e-01,9.430738644654298453e-01,9.257121157606960082e-01,6.251932059490473703e-01,5.022487991339950053e-01,5.580717017322045503e-01,7.744024814680654512e-01,6.466675785602594706e-01,7.105756151874251803e-01,5.778638398816653421e-01,7.742943843241368862e-01,7.189050437295099183e-01,4.480686686091162399e-03,8.346592834239068281e-01,6.437493663787923204e-01,7.405663745120822927e-01,5.043088541905162980e-01,4.069468395129993699e-01,6.963869836211091791e-01,6.533141253109293611e-01,8.658570859924760166e-01,7.496529157700151380e-01,8.893799715982390053e-01,8.274518181481089751e-01,5.660477886078658927e-02,5.640978285775157808e-01,8.451500523717400126e-01,4.368767769709431814e-01,7.119706103465778257e-01,7.181576688547287590e-01,1.581466193635884254e-01,-9.984011956989813363e-02,9.043624808594568076e-01,8.435409241081932574e-01,5.421089585286724688e-01,2.624401033470053490e-01,4.078909401399118395e-01
7.271391526376671521e-01,4.671149641876594649e-01,9.732015822912813974e-01,0.000000000000000000e+00,7.952064480846294803e-01,4.595352797965767122e-01,6.780012487383829667e-01,5.664524415258812562e-01,2.980034131572397160e-01,8.760403098092872654e-01,7.537106831998958700e-01,9.724437205772690218e-01,8.314358757532607225e-01,5.939777513346851112e-01,5.874628734567711730e-01,-1.986040180978369540e-01,8.676322099251669862e-01,6.117862613996393195e-01,7.589708789311722104e-01,6.845328287691292424e-01,4.187431792091733662e-01,7.830242476932741669e-01,6.165750246053864903e-01,6.317496077920603526e-01,-1.808463557314751724e-02,5.116594104391400943e-01,6.780488999911792325e-01,7.012424955995909537e-01,7.673804288208319058e-01,7.365167149363049948e-01,5.772568153567843030e-01,9.709608971703127533e-01,4.245242328371812701e-01,2.328494942685497560e-01,9.858050969581071410e-01,1.874724640732746694e-01,5.581150743527654168e-01,6.031399644994688281e-01,9.901428726393970425e-01,8.600848664094904450e-01,1.624519712185383824e-01,3.649499636439998973e-01,2.628293145780269402e-01,5.287750765639419592e-01,9.850634041285575293e-01,9.458594184209627720e-01,6.582373857418472030e-01,5.833286993664766884e-01,5.491492708544434276e-01,6.418341651277220672e-01,6.844702098635356835e-01,2.379889741895240829e-01,8.920230923506148324e-01,5.174638233775844531e-01,4.800123566828961019e-01,7.895334422307681566e-01,8.458156135402772335e-01,6.004047369040208526e-01,3.508927199264999519e-01,5.206903811413603478e-01,7.947857356925807082e-01,7.677459564986782725e-01,7.940770994027950280e-01,9.328668967998501316e-01,7.839933826470905087e-01,8.893032674637467716e-01,8.511269005002423116e-01,9.005629260360140664e-01,9.164210226127126324e-01,8.173163616764664852e-01,7.686985839027891954e-02,9.880234962279978994e-01,5.614456557943117154e-01,5.751184538956554126e-01,4.369800863425479798e-01,7.444688294684864704e-01,5.601127469650715174e-01,7.380656071480291569e-01,6.544505589399988166e-01,5.270347410025821855e-01,7.211271316352341199e-01,4.760014754260935566e-01,8.619394529561217322e-01,4.619801810556341537e-01,6.362033008202306883e-01
6.252642610483720720e-01,6.882030656551000325e-01,8.136041862457269458e-01,7.952064480846294803e-01,0.000000000000000000e+00,6.431178646721734671e-01,3.277199443046566740e-01,7.972368307975139512e-01,3.054851682454363115e-01,6.960915405087838570e-01,4.652592850219245402e-01,6.061159108227102132e-01,5.521514012903977475e-01,4.065677856758853626e-01,7.360912515916110399e-01,3.888396035792526240e-01,7.113805865513842530e-01,4.019465248051178330e-01,5.899905352267402758e-01,7.359621565221871053e-01,6.158313133630739511e-01,7.580305048530336931e-01,8.777613829772669130e-01,7.846052987976873672e-01,2.588681037439445887e-01,7.989410487160646390e-01,5.714700150146974078e-01,2.349233552843326134e-01,4.181688354424512588e-01,2.679902445175569858e-01,3.527776299884628486e-01,6.550335508328135603e-01,2.736432262498845192e-01,9.607091215589640409e-01,7.433784363005719875e-01,7.592569024131223809e-02,2.349792180168444877e-01,6.061387559457663832e-01,6.467650607443677924e-01,5.613093824145688471e-01,2.716178788757820373e-01,4.880891321303975072e-01,7.925375212277940840e-01,-9.638530789099042373e-03,4.686991510754229817e-01,6.627618557636982821e-01,8.771822393567959564e-01,7.331354304664360333e-01,3.900847531127458190e-01,4.969205383829927158e-01,4.027489163792046245e-01,6.004844052636981733e-01,1.654248773102167183e-02,4.022401503055076377e-01,2.428357845501054324e-01,2.967515796044963849e-01,7.991162101814088814e-01,7.728765444836709353e-01,1.046459919675118977e-01,3.542136374800390897e-01,2.143162211000816941e-01,4.706211849482803133e-01,7.466727446193218709e-01,4.022746618392275542e-01,6.670288988756054582e-01,9.073544056115602219e-01,8.240231837300093787e-01,7.725290517495622122e-01,-1.474118553484349836e-01,4.888970046452631446e-01,7.214842836138796178e-01,4.417685038212375570e-01,2.409259844797011496e-01,2.892592202900305387e-01,5.739159855777172803e-01,8.212283196528588070e-01,5.666460438684104428e-01,4.470393595966862255e-01,-1.156573082232614236e-01,2.299020158143749715e-01,7.433796597969269948e-01,6.789303193688118743e-01,7.847416657281357510e-01,6.642812982449549652e-01,6.011515413842647426e-01
7.081020628746090839e-01,2.594966752311222979e-01,8.927404959757803127e-01,4.595352797965767122e-01,6.431178646721734671e-01,0.000000000000000000e+00,5.341101469742985941e-01,6.618600896972369751e-01,1.128175134393350487e-01,8.107456228512532892e-01,6.363825013784707441e-01,1.735837748169218320e-01,7.557851521398344374e-01,5.364800734759878065e-01,4.215244610106888001e-01,5.853246777235149301e-01,2.062381423504837386e-01,4.908143299405234861e-01,9.099343038085659918e-01,8.026464879981011213e-01,8.093811434023585605e-01,6.381728028044481027e-01,6.654909874917799284e-01,6.590322549871739932e-01,5.376115493378381682e-01,7.803124065488807881e-01,5.590690164863245659e-01,4.194842845534832998e-01,5.061869745422654665e-01,4.027265668345539340e-02,1.266331315417903725e-01,2.020279192657271072e-01,3.503006970861962666e-01,6.346679773105927680e-01,7.887017070937625274e-01,3.046561138967263660e-01,6.955056420371096282e-01,5.555120585867320271e-01,3.968046484552006370e-01,7.893447641492353783e-01,8.444619118510159339e-01,2.411265502824217477e-01,7.592870992534193064e-01,2.270254633665184651e-01,5.934761523732663413e-01,7.118691184030349062e-01,6.104015398984147245e-01,5.346092185375115324e-01,2.165027297222488212e-01,2.266864365632116907e-01,7.877894687785619299e-01,7.184918897484429134e-01,5.974565770681327104e-01,7.867377264672164028e-01,9.004942431679735515e-01,7.345998391354776613e-01,7.280772370603775245e-01,8.737061882436376603e-01,5.440414719349543349e-01,3.817014678703126163e-02,4.759177249629398254e-01,7.077964059850462286e-01,6.131006989524654394e-01,9.364705373029543756e-01,8.447776323842406399e-01,4.820253297338563114e-01,4.870417294949003773e-01,6.730633611767787849e-01,4.350048691396424250e-01,6.072434525998169352e-01,7.422423211771727036e-01,9.539057319703286852e-01,3.474159314727287562e-01,3.051477591373347176e-01,3.281029453247283900e-01,5.355039411535614802e-01,7.282821612302373682e-01,5.217138663300679990e-01,1.094468079229593506e-03,1.051212316515695994e-01,6.687645062092297810e-01,8.756741965363381563e-01,9.348615901101735570e-01,2.507521530124485754e-01,3.760317839274255336e-01
9.538170720390595214e-01,5.973587359845837774e-01,7.975423674147683606e-01,6.780012487383829667e-01,3.277199443046566740e-01,5.341101469742985941e-01,0.000000000000000000e+00,7.706499615066056963e-01,1.564787322872154482e-02,5.021183109068009243e-01,5.271610248659244213e-01,7.589192115806917549e-01,5.563551328896945147e-01,5.425784444487524727e-01,4.801139644767624670e-01,2.837983425966625894e-01,4.454541803786079002e-01,4.681415723451161082e-01,5.531931564912037080e-01,7.983897026128592422e-01,9.821814284925147742e-01,5.455625736640057344e-01,4.356501612062864681e-01,5.626612273767381822e-01,3.199444566951565316e-01,4.754820091609986976e-01,6.185479227827500592e-01,4.689688039851502843e-01,-2.396163218944517836e-01,7.385616403761683380e-01,5.510497064534771727e-01,2.622886572927609627e-01,7.617652768137384012e-01,4.180509124814409394e-01,4.821984661033345415e-02,3.232663479183043864e-01,4.799291686508498356e-01,2.728171692830187456e-01,7.335320749068587887e-01,3.565425411022320884e-02,1.223057901246755175e-01,6.842856849838535593e-01,9.084947637700678813e-01,2.177723357528458248e-01,9.642119866497737002e-01,2.403778450763465746e-01,-8.521239000930144747e-02,6.406210317564487999e-01,6.555726713623262203e-01,2.225074700951442941e-01,2.004921803969064720e-01,7.455448738795159569e-01,7.515058571054646919e-01,6.734023128825953330e-01,6.863849600860392197e-01,7.572271735278730542e-01,2.505995123734492958e-01,7.295185234891135018e-01,2.731815250021501496e-01,2.458964535913149285e-01,6.884570926815006819e-01,3.489244923191344161e-01,5.008605860433326118e-01,9.576335314468462645e-01,9.946419044846768198e-01,3.054998529562220067e-01,5.535354941122804240e-01,9.026530289733426526e-01,3.344109409223026130e-01,4.303236037463983310e-01,4.760218983665295833e-01,-1.610209040716437112e-01,5.409614072127944331e-03,4.267166528434775397e-01,4.677957410922116144e-01,5.683104488621693040e-01,2.259728246052595257e-01,7.683653550252665942e-01,4.335066411060469749e-01,2.175128074150436686e-01,6.036190607556598531e-01,7.607380006082827828e-01,6.339801313475381672e-01,2.837774179708557609e-01,7.632223781636835458e-01
6.900253380831490313e-01,6.969958535504624519e-01,7.403853228564106770e-01,5.664524415258812562e-01,7.972368307975139512e-01,6.618600896972369751e-01,7.706499615066056963e-01,0.000000000000000000e+00,6.275584746729193641e-01,2.457246823579145034e-01,2.797298068384709291e-01,5.812328083401209211e-01,9.542465059950171469e-01,6.270854517656615501e-01,6.935316643262969816e-01,3.491626705196211322e-01,5.134553859378554463e-01,7.324482988478344669e-01,7.008676706069122408e-01,7.835806161192909736e-01,8.364859935023142290e-01,1.946161841382007263e-01,5.469162415421189305e-01,8.844610994362455125e-01,5.036686691779665992e-01,4.451320072934458749e-01,7.278640814135576287e-01,1.269099013869952330e-01,2.481834569674813140e-01,2.972897120957131434e-01,5.373980718760755781e-01,7.446405757135911019e-01,3.054472035065849966e-01,6.883667015881069773e-01,2.814484718104424688e-01,2.812834906238554367e-01,5.073692041527350094e-01,5.900773281441547002e-01,2.298055852907484042e-01,1.470041208374855690e-01,3.264425746662750205e-01,5.170224312780066223e-01,4.941312517732398546e-01,6.978215592141220336e-01,5.227901137937356335e-01,3.921022337357757404e-01,4.779714285844391952e-01,6.636849834333502507e-01,4.476979494279187954e-01,4.753533165040224606e-01,2.413109272328048394e-01,-5.856869241272549820e-02,7.913599475846391229e-01,1.331098192161686844e-01,7.038097776417894247e-01,7.258552511874267754e-01,3.227581260315704470e-01,9.190000857775103560e-01,2.966286483916515948e-01,1.304187857372477444e-01,2.994375733379616156e-01,7.009261732058887917e-01,4.391285170905704360e-01,5.371831846028309876e-01,6.194440918415851094e-01,7.082121204268614356e-01,4.131575278413910923e-01,6.429391737436518373e-01,4.986499635460169000e-02,4.179066856601214575e-01,5.572351631953037510e-01,4.556633024294626799e-01,1.443993484690234419e-01,2.047363879293726818e-01,6.676335983389432294e-02,2.735814036394145776e-01,5.507260071116326650e-01,7.408583549186098516e-01,-1.788366288888739164e-01,3.602789282345979505e-01,2.838880209159598822e-01,5.799066777763585145e-01,3.768715408839837799e-01,2.221875329806770882e-01,7.826170793013011995e-01
4.681485052589164919e-01,4.903998467918679327e-01,6.883802332596543616e-01,2.980034131572397160e-01,3.054851682454363115e-01,1.128175134393350487e-01,1.564787322872154482e-02,6.275584746729193641e-01,0.000000000000000000e+00,4.773605665283441879e-01,3.451121788011657920e-01,4.505930325383363244e-01,5.248978914002343510e-01,7.901741801514809982e-01,9.840280603707871609e-01,2.574976671354621272e-01,9.441743976608343303e-01,9.518277855235918183e-01,4.741364374323023267e-01,9.903089823773552069e-01,9.764086754461096529e-01,4.766892358688384346e-01,2.868431184020502345e-01,8.548439820439488468e-01,6.439617659284351259e-01,2.743366842380882131e-01,4.996240877955693271e-01,1.088174286074572034e-01,2.317340537412484469e-01,7.114457035292642839e-01,1.748827604509910760e-01,6.550460953259613639e-01,9.557311101327640168e-01,8.299771796768831145e-01,7.271754771158367436e-01,5.626947334778140686e-01,5.626694814073240902e-02,5.396495197862548610e-01,8.551692567511317566e-01,9.699975114720862379e-01,1.680015511455179578e-01,7.112222209972286491e-01,4.445127455253309878e-01,4.994937903605088381e-01,7.941359303529685887e-01,7.032539507914440380e-01,6.404237264876959657e-01,4.976246504697409145e-01,7.344462862337035602e-01,4.083015473595831279e-01,2.289842388829738673e-01,3.822624709935322773e-01,6.059671884609258985e-01,6.846562159268901882e-01,6.453810157413357729e-01,6.940457786788487571e-01,4.331966972064199006e-01,5.080274965306408319e-01,9.609770750461938960e-01,5.724875328419665177e-01,5.405672537917833864e-01,3.738141630776942170e-01,5.513356416674461968e-01,7.066275765281981869e-01,2.009780973124064840e-01,7.423814639760359935e-01,5.855667646939044513e-01,4.004147266288853868e-01,7.032730551181159973e-01,6.537491075255947859e-01,7.361243243316308860e-01,7.164601180457882412e-01,2.928853720664744142e-01,4.789578705091876998e-01,2.300509665448879359e-01,6.198171668242221655e-01,7.886339641563342440e-01,7.148246780076515927e-01,4.616756817892646581e-01,3.150774839799068139e-01,7.934135575428000742e-01,6.300346163593747439e-01,7.462845069886927529e-01,7.895502339645251721e-01,2.305584558609470314e-01
5.119911512713032353e-01,6.243485833821690312e-01,7.696695721385551359e-01,8.760403098092872654e-01,6.960915405087838570e-01,8.107456228512532892e-01,5.021183109068009243e-01,2.457246823579145034e-01,4.773605665283441879e-01,0.000000000000000000e+00,4.181766127713213987e-01,2.540488706723501577e-01,4.487383858452740348e-01,6.315029832968791501e-01,3.882779252770562906e-01,8.747156945511465054e-01,5.950191806295179742e-01,6.475249126623888740e-01,5.612597621784891633e-01,8.297804700113332599e-01,9.077243715418551462e-01,5.977599373483870604e-01,2.407178478273620803e-01,7.343383971320914805e-01,3.528221522520452735e-01,4.974103149282815828e-01,3.761300617180285966e-01,8.299407166732234442e-01,7.434886201108421577e-01,3.856411717842632703e-01,5.852577868815680429e-01,9.527635859945984276e-01,9.787120077873452395e-01,5.875471971391121873e-01,7.130632010420906441e-01,5.055128306336537092e-01,3.681715816894877424e-02,7.766620935324111130e-01,1.578076511521350755e-01,6.719629246788385579e-01,7.101709825038644563e-01,6.151106416651942466e-01,-5.063997322822280656e-02,9.823714705151638249e-01,9.747282922295754659e-01,4.939057159063763303e-01,4.738139130196765691e-01,6.869428169629203662e-01,5.816765274820320242e-01,3.827951349888681354e-01,4.157310890399400494e-01,9.548089176531154854e-01,6.432979795458415584e-01,7.238744416455317188e-01,5.218651208977969080e-01,7.717655777136117612e-01,4.344089856511610948e-01,6.921527226560104662e-01,4.413057029636062167e-01,2.125889095651456728e-01,3.258101034920408701e-01,7.793982898808792248e-01,3.286081131010584189e-01,7.124511960949196920e-01,8.539644226211544620e-01,7.780828164957706017e-01,3.501548272248929949e-01,7.339976821890579206e-01,6.927898490507281570e-01,6.692211367956211188e-01,7.181833645577847536e-01,5.849428943325751806e-01,-1.441124148549816630e-01,7.691644454944978060e-01,5.880504675943197812e-01,8.181100824218301426e-01,6.525830046219723846e-01,5.559652425681422816e-01,5.247562515032639929e-01,2.698192383098626523e-01,7.662109582301709354e-01,6.626020791945821387e-01,7.026694501032911822e-01,4.454802823561339054e-01,2.387037287989851042e-01
4.946246248003664525e-01,8.106139334805796404e-01,6.982601029548228810e-01,7.537106831998958700e-01,4.652592850219245402e-01,6.363825013784707441e-01,5.271610248659244213e-01,2.797298068384709291e-01,3.451121788011657920e-01,4.181766127713213987e-01,0.000000000000000000e+00,4.002055193974060621e-01,4.765587181053456134e-01,4.427252912313104916e-01,5.083133610101689959e-01,8.551062085847028760e-01,7.339231055158120798e-01,2.337757415678348993e-01,6.933135906710939933e-01,4.901637556799041673e-01,6.151191265284486898e-01,1.887213654907609131e-02,7.330842906025861749e-01,6.497198415639756641e-01,1.682195772848879001e-01,5.950367686012285606e-01,8.511896284367047594e-01,6.429294944016861191e-01,5.690347773669724996e-01,2.169495759250877065e-01,5.938878859739462612e-01,9.894249033437552132e-02,6.424087723260555327e-01,8.724580676836783955e-01,2.015719292513856176e-01,-1.570429391093561278e-01,3.919737199233395142e-01,3.519951469836702929e-01,6.476267926313172829e-01,3.957072877003230404e-01,5.696258448988941181e-01,2.282031815894271232e-01,5.729514819690922911e-01,2.993371321282389894e-03,6.023065280732166071e-01,7.109200284696627348e-01,2.736513549783968768e-01,7.588525491806347167e-01,2.336861688827953920e-01,2.436797275888446523e-01,6.762967869628253581e-01,1.109015425622042472e-01,8.206689482189839513e-01,8.474959757366294921e-01,9.405154804320280393e-01,9.701658017734481332e-01,4.538245081528075042e-01,6.677601282133567295e-01,6.865975769869729906e-01,1.863054513603558116e-01,4.009973861842003329e-01,8.418773983338376787e-01,9.618093752956569098e-01,6.844732097207667509e-01,5.500955894464221174e-01,5.528681517219549146e-01,2.437171177492383767e-01,2.953223364490309422e-01,2.184256500744967411e-01,4.431794394808522553e-01,5.977159401369047664e-01,8.049487729696909455e-02,4.554374181794908494e-01,2.668026931878534902e-01,7.596248305948269941e-01,6.476349807068636499e-01,7.279866477076716302e-01,9.756628281433661620e-02,4.114846246513576555e-01,2.433719137720622150e-01,5.494737888204431764e-01,9.578518004279469311e-01,9.721094719789198368e-01,2.791540309244660012e-01,8.614074412678889292e-01
9.244556303747343273e-01,5.184748133214216459e-01,6.352104083712831750e-01,9.724437205772690218e-01,6.061159108227102132e-01,1.735837748169218320e-01,7.589192115806917549e-01,5.812328083401209211e-01,4.505930325383363244e-01,2.540488706723501577e-01,4.002055193974060621e-01,0.000000000000000000e+00,5.382088126273658624e-01,7.528422164606366485e-01,7.222542215992056036e-01,8.825770881023365932e-01,8.379729131487962945e-01,7.284472334427580797e-01,7.324997005695087493e-01,8.819476625552479243e-01,7.114150165595405362e-01,4.590646478560106991e-01,7.745617191164213544e-01,8.818283329877801835e-01,6.156598436263375218e-01,8.041825977402785597e-01,4.196656096205559350e-01,7.203946340591733666e-01,2.772336890644860885e-01,-7.253197136181743776e-02,4.326960347773998183e-01,5.155672927127279426e-01,7.411134157292905700e-01,4.603697709525564896e-01,7.018653244494155174e-01,3.004798229906144869e-01,3.567035649656387641e-01,9.495133553802740378e-01,9.292710385350468894e-01,5.437649522280144643e-01,9.738626278967377203e-03,5.880769942005488193e-01,6.013846846813085678e-01,4.929588182324431411e-01,6.091365824299979082e-01,3.405562526484829933e-01,7.059620616349374655e-01,5.474183805911950751e-01,2.229401207673711860e-01,6.527255210949189923e-01,7.224082625039786043e-01,6.478697317268350409e-01,-1.443913713273108912e-01,4.789054141577400170e-01,8.089370901098946742e-01,6.485782068348752150e-01,3.812011933606368475e-01,5.430851685906818993e-01,9.133193483880619468e-01,2.310839062911803354e-01,6.567584280673418595e-01,4.354955358891730022e-01,5.876427783258246773e-01,5.937175446173581506e-01,7.409676626872563343e-01,1.720966755762338707e-01,5.633204590028699776e-01,6.965512650432147401e-01,2.281547630715902442e-01,4.464324942681803243e-01,7.240965066051777699e-01,6.282468663408200538e-01,6.445010370000794353e-01,2.534924058754197684e-01,4.447828030594262461e-01,4.493849716736177946e-01,9.548196591427826618e-01,6.293195418784072181e-01,7.525027117743933180e-01,4.228938647788493266e-01,4.056096525043745293e-01,8.279110772883945257e-01,9.494758087867725127e-01,-3.642696507139919770e-02,6.818478628080031356e-01
4.208661525177017082e-01,-7.528421715666316905e-02,7.346669670476722036e-01,8.314358757532607225e-01,5.521514012903977475e-01,7.557851521398344374e-01,5.563551328896945147e-01,9.542465059950171469e-01,5.248978914002343510e-01,4.487383858452740348e-01,4.765587181053456134e-01,5.382088126273658624e-01,0.000000000000000000e+00,6.567184645656252151e-01,6.628721815610408852e-01,9.198967646376400298e-01,4.147524759375033621e-01,4.953538565239171687e-01,7.403742809435022165e-01,6.333823349813807457e-01,8.323259411619402526e-01,8.477601235215488362e-01,4.537839181345373896e-02,7.540419036312543399e-01,8.486369620068477670e-02,3.527928660803792971e-01,9.987423796674487209e-01,3.923080839262323982e-01,2.488019638960708158e-01,3.973973191753984446e-01,3.528365352329943319e-03,6.878153672131687157e-01,8.450981905789767268e-01,2.643312624083530293e-01,5.767606755188310341e-01,1.118816232457833515e-01,4.855243751177205636e-01,6.765318156626247692e-01,8.710230356772349358e-01,2.503271292368156598e-01,5.444216773110888141e-01,6.566006247163760357e-01,8.557630344741116168e-01,7.381700673149648173e-01,6.988275013543593372e-01,9.776515888354841977e-01,9.002641592913450674e-01,7.778222566664912963e-01,5.918108825736939638e-01,7.444370497034379364e-01,9.089822307031398818e-01,4.898300262870913802e-02,9.594330599583182906e-01,5.851698070392316042e-01,2.342296939857778093e-01,9.157464473120947579e-01,8.193185741487363227e-01,4.026122422975224602e-01,2.718339684020477098e-01,1.225807498139541707e-02,3.100970761620434613e-01,9.438642447006667657e-01,7.061059920712537963e-01,8.304816618162694786e-01,6.149496823629627684e-01,8.956467556422870180e-01,7.343185216385970104e-01,9.750503474559248929e-01,4.228678008660098353e-01,8.745819768812557182e-01,7.403937315870229297e-01,5.484090307885968185e-01,3.799341905532316876e-01,8.924573376021127311e-03,4.865217223080327558e-01,9.744447511916130011e-01,3.471353520847386687e-01,4.056212013619887591e-01,1.982464659797794626e-01,1.552732648524515480e-01,2.414722970828171167e-01,7.857959934498967014e-01,6.438378934291602018e-01,2.014987114007612268e-01,3.169747793112288048e-01
9.689195412506381722e-01,4.161233981375648261e-01,4.139009141594733321e-01,5.939777513346851112e-01,4.065677856758853626e-01,5.364800734759878065e-01,5.425784444487524727e-01,6.270854517656615501e-01,7.901741801514809982e-01,6.315029832968791501e-01,4.427252912313104916e-01,7.528422164606366485e-01,6.567184645656252151e-01,0.000000000000000000e+00,2.539491834386536362e-01,3.543924941774037052e-01,6.518719885043595674e-01,4.777283136302914457e-01,6.444805289860737751e-01,7.314444186548897386e-01,8.768021857193188939e-01,6.138646348102453354e-01,2.209050864865892694e-01,6.876145671413466109e-01,2.489085755822691426e-01,7.647656279122644341e-01,6.345075739534188353e-01,4.714521862704841859e-01,6.156840152957203660e-01,4.303956773432613403e-01,2.874993911452193851e-01,4.592795055419952033e-01,5.641919339087360097e-01,9.333394829809203985e-01,6.556977795514041807e-01,3.423880009001076807e-01,4.947006219082616951e-01,7.920144150613199763e-01,4.707643189765761127e-01,6.125491129672806512e-01,7.353585216032312299e-01,6.187267113242453931e-01,8.681487372861093066e-01,6.578005233698707155e-01,8.045580369177952607e-01,2.351207204748846646e-01,4.625759452285068130e-01,2.458234686913693956e-01,6.341176353562729684e-01,8.908725332727713830e-01,2.825944400121742639e-01,4.195337658045916740e-01,6.083109054919735303e-01,6.783234055278121177e-01,3.215869838505307499e-01,6.439480958383083653e-01,6.479274288817966632e-01,7.692465197676174871e-01,5.588174987885214939e-01,2.246383983957331298e-01,5.997320087209174755e-01,4.539065469138371944e-01,9.174729117378430665e-01,8.854861452184736859e-01,6.113313351643443472e-01,6.024045171617938843e-01,5.099743418601391243e-01,9.583457277165392529e-01,5.250304135810824890e-01,4.154131202641554443e-01,6.430483105926374510e-01,6.579252542493639888e-01,3.857280141136516516e-01,4.775663340917858934e-01,5.354654821086383132e-01,2.029426031098416350e-01,7.084672896256268837e-01,8.727150818130008370e-01,2.567825442755797827e-01,4.139207220068662485e-01,6.668430577077857357e-01,8.395496240636323160e-01,6.276146034136810270e-01,-5.100939037394278119e-02,8.203331070230122091e-01
7.439013847714904815e-01,6.336819185870885551e-01,9.304810056283452369e-01,5.874628734567711730e-01,7.360912515916110399e-01,4.215244610106888001e-01,4.801139644767624670e-01,6.935316643262969816e-01,9.840280603707871609e-01,3.882779252770562906e-01,5.083133610101689959e-01,7.222542215992056036e-01,6.628721815610408852e-01,2.539491834386536362e-01,0.000000000000000000e+00,5.949955994378094415e-01,3.322023433408993753e-01,7.554263736629374115e-01,5.497302345592528505e-01,9.884547653185102867e-01,8.090859013761719787e-01,4.010237841970980543e-01,6.817412370737034877e-01,2.653656737171217195e-01,6.445319531915878475e-01,4.158770510691851552e-01,9.228380762958752204e-01,5.660197556554813492e-01,2.494902392080744213e-01,3.819864076482734627e-01,5.471877460141654215e-01,2.826327475061334304e-01,6.855541427554004974e-01,6.758899154064794690e-01,9.854144195958017827e-01,5.879050346582395670e-02,2.117458475169355370e-01,5.049952624772706677e-01,6.197146700683860976e-01,7.681652514438941370e-01,3.643221771089583116e-01,5.199919285251439760e-01,6.742524873968946952e-01,3.768259787073763301e-01,9.862914105614347671e-01,4.562238743465923257e-02,2.919984867574546006e-01,8.497903240857520579e-01,2.164258759489814388e-01,3.728562616382954387e-01,5.361997316975524175e-01,3.642218414976421403e-01,2.888129821355581717e-01,4.373547563558574103e-01,6.148723967736470231e-01,9.475363516273292985e-01,1.284299374366294211e-01,7.552517977591253207e-01,4.207206704060075797e-01,5.676476739244662451e-01,4.629562981731452642e-01,2.718455266281154525e-01,5.190728891902594011e-01,8.504914562541099343e-01,4.528971253723824142e-01,5.474199822045133779e-01,7.118919941789068062e-01,9.503111683939116094e-01,2.552343688949327283e-01,6.939515867311928377e-01,9.075182572485841481e-01,8.202825249595910861e-01,7.887329451299991412e-01,6.778514968180207045e-01,4.160591467118218145e-01,4.445750220886462434e-01,5.670543683365016907e-01,9.003988480914322245e-01,3.304837884584465035e-01,2.445367636228586994e-01,2.089967872478569466e-01,6.515984608424361113e-01,6.827952602964914020e-01,1.318651158894011688e-01,7.870859127924743071e-01
8.567725704535200659e-01,1.905515549345674353e-01,8.990321826209934919e-01,-1.986040180978369540e-01,3.888396035792526240e-01,5.853246777235149301e-01,2.837983425966625894e-01,3.491626705196211322e-01,2.574976671354621272e-01,8.747156945511465054e-01,8.551062085847028760e-01,8.825770881023365932e-01,9.198967646376400298e-01,3.543924941774037052e-01,5.949955994378094415e-01,0.000000000000000000e+00,1.364083918602831680e-01,5.716502643426268904e-01,6.424705377880686186e-01,9.070240870162779023e-01,4.768011576214926661e-01,3.718987567223869251e-01,5.668065056099420851e-02,8.694964963148162918e-01,4.925090392506317749e-01,6.947480230895826114e-01,5.740053286403441479e-01,4.480489175580556482e-01,6.279037454877359758e-01,2.396528324730805015e-01,2.607398814589964031e-01,4.634362802125281400e-01,6.329120142945894312e-01,7.819054391524089820e-02,5.389908530804038422e-01,-1.635567840136829820e-01,1.633539480243693942e-01,1.481399466906918594e-01,6.286100319393748137e-01,7.912205143320115708e-01,5.437558012734523549e-01,6.538163480445896569e-01,3.738470133750539937e-01,5.116763132829819094e-01,8.567962211602854206e-01,6.312171665963766110e-01,7.232171721964929523e-01,5.293201075926081689e-01,4.986409039794582054e-01,3.795241275579130935e-01,7.523225656731326039e-01,9.953549290066332489e-02,6.645829775318505828e-01,8.276344809460276508e-01,7.633630734735179502e-01,8.141388787754704204e-01,4.360228835557915517e-01,2.436959735740836241e-01,5.007764302206944018e-01,5.703582811732567093e-01,6.164069333754974567e-01,3.191209887180141980e-01,8.984894335200225290e-01,9.729309062048521195e-01,4.322278193053136208e-01,2.330068673030618043e-01,4.053196042638940177e-01,9.701619140544952558e-01,4.285404642961222477e-01,9.489126289740978937e-01,6.220289375559528988e-01,5.685000209787851588e-01,5.182181405132495478e-01,2.995959519230187995e-01,3.313569859771508530e-01,5.690893959969902660e-01,9.760798658012390661e-01,1.174482038528505828e-01,4.448019448201672166e-01,4.549154576019541207e-01,3.765338870576893648e-01,8.578965617828665513e-01,6.427941585898322430e-01,6.636637181694540755e-02,1.767951478005748978e-01
4.858672759565950683e-01,8.853194538503195155e-01,5.734065583847497427e-01,8.676322099251669862e-01,7.113805865513842530e-01,2.062381423504837386e-01,4.454541803786079002e-01,5.134553859378554463e-01,9.441743976608343303e-01,5.950191806295179742e-01,7.339231055158120798e-01,8.379729131487962945e-01,4.147524759375033621e-01,6.518719885043595674e-01,3.322023433408993753e-01,1.364083918602831680e-01,0.000000000000000000e+00,2.763527788323846823e-01,6.800966683139559876e-01,4.547447018102254712e-01,9.018727253779439401e-01,5.344348340364437622e-01,4.424702172691816759e-01,4.647277298868883744e-01,2.864720449523620593e-01,5.189697416643245242e-01,6.809089244050000600e-01,3.015447667588452840e-01,3.321941517539889199e-01,6.661828505834033187e-01,7.954654586638976177e-02,5.264150820265820485e-01,6.736837486873313852e-01,7.249809859628170150e-01,7.837719475079960585e-01,2.072075197501097865e-01,1.779341136254906086e-01,7.243230995552816243e-01,7.815364464638632214e-01,5.089794977642925211e-01,5.636323865963168700e-01,6.301599113202771552e-01,7.826199030987363026e-01,1.576543168701398656e-01,7.411117260940557339e-01,7.194101587096137784e-01,9.999413934243560620e-01,8.664772429323915892e-01,7.049458869271411077e-01,8.233539685361754845e-01,9.502554812342423052e-01,6.869207987079402056e-01,6.944411532434692225e-01,5.910514628834597772e-01,2.158159208756484371e-01,6.428981460387498403e-01,8.079234040279625884e-01,6.268000611645938580e-01,8.649460045081365234e-01,4.037072177120814009e-01,2.772866828374989101e-01,7.256479653149139342e-01,4.556118483874133096e-01,8.996250024826163427e-01,4.941255584154043423e-01,4.799668574836124524e-01,9.778209103044419592e-01,9.391592833347339742e-01,3.797975582886559121e-01,6.651343912583106421e-01,7.130385325504510208e-01,5.049987363865897638e-01,5.658710333455805458e-02,5.769337678983146867e-02,7.117996617719842822e-01,7.709707039422462049e-01,8.676208751069004466e-01,5.694909831320857929e-01,2.055770367109794883e-01,-1.669107320368184433e-01,6.888993195975674499e-01,2.269205714958731357e-01,6.871394932935561695e-01,2.841001006827990616e-01,3.954071252606351505e-01
8.243486616325342853e-01,6.520324074971661776e-01,7.059164355134530666e-01,6.117862613996393195e-01,4.019465248051178330e-01,4.908143299405234861e-01,4.681415723451161082e-01,7.324482988478344669e-01,9.518277855235918183e-01,6.475249126623888740e-01,2.337757415678348993e-01,7.284472334427580797e-01,4.953538565239171687e-01,4.777283136302914457e-01,7.554263736629374115e-01,5.716502643426268904e-01,2.763527788323846823e-01,0.000000000000000000e+00,-7.193587071658333332e-02,8.200894585207915144e-01,6.684167760093076005e-01,6.630942819589791259e-01,4.038135073706597966e-01,6.385813292022778365e-01,4.412415258996938983e-01,7.432731350477790322e-01,7.198901401052324456e-01,1.703252457638614326e-01,4.763174097019559627e-01,2.160798490219102697e-01,4.550093601091265705e-01,6.907092827911794908e-01,4.934966354937701527e-01,2.408311436008600537e-01,7.919083074524702059e-01,5.021377539572269288e-01,4.402804231753736364e-01,5.742966640310265269e-01,8.190468907076856597e-01,7.500548425854896006e-01,3.599420053767122818e-01,8.513336792042209833e-01,9.734478839445446230e-01,7.492306424005116261e-01,8.429778234564409001e-01,8.070842960273456601e-01,6.757915356941689433e-01,8.067603916971672895e-01,7.495868454724339269e-01,4.662845080054823788e-01,6.833797580810595518e-01,8.535367509987716872e-01,9.080422751622895250e-01,5.673639455752328420e-01,9.031658627288808860e-01,3.984390419841521425e-01,7.723285007855275053e-01,5.612340257201940963e-01,4.292546517066915257e-01,6.495032702205810748e-01,2.528509859158872830e-01,1.418152399061540503e-01,6.607955026107554808e-01,6.212286524491393847e-01,7.853390770401339482e-01,6.606253092734652999e-01,8.050932517081875461e-02,7.532180261711283187e-01,9.818905199030567577e-01,1.760768306392075655e-01,6.751771830308521682e-01,4.675674647811287610e-01,5.882406967496111028e-01,3.183212972246192152e-01,6.945430285203120224e-01,1.055470753350631896e-01,4.162977150438060270e-01,9.036457859712848650e-01,3.502301752665374357e-01,2.975325566012494982e-01,4.425304020937172456e-01,9.171699711716487791e-01,9.415072545603238030e-01,-6.266273346231773789e-02,7.094307150947984919e-01
