0.000000000000000000e+00,8.304730051996561668e-01,8.015411635440224947e-01,9.385281791617198222e-01,5.412849262160567276e-01,9.186204620959561584e-01,8.836645009226798964e-01,9.328222813240794054e-01,8.156208901069946782e-01,9.959956030289521811e-01,6.119906525029599198e-01,5.073088674223305006e-01,7.167492530407941764e-01,4.416671485048300205e-01,6.509395635464786389e-01,9.285860727315502494e-01,9.433334363259765487e-01,9.885994960083201999e-01,9.048357588381821248e-01,6.036854476638279232e-01,8.835254984050050497e-01,8.619833921583457403e-01,7.192649718743395759e-01,4.365299998404605919e-01,7.990175963193347775e-01,8.685471411451793911e-01,5.803847536408821561e-01,7.606293768616936291e-01,5.092726943860169664e-01,-5.872707108098632056e-02,2.836500263230514740e-01,3.408894377101339135e-01,8.522042558723603722e-01,9.680956023969724544e-01,5.433233432030637466e-01,4.247649595543023793e-01,5.654313308453638998e-01,2.016122153203216694e-01,7.628855765862696536e-01,7.394795783002121592e-01,3.905766912872971064e-01,5.782713072897888162e-01,6.873306284567253233e-01,7.683371628788248087e-01,9.605905145514825882e-01,6.699197287506367671e-01,5.830441259063700032e-01,7.352494170038008647e-01,8.562544824400291077e-01,6.595732503767481880e-01,8.795566276845002696e-01,9.473757169478914664e-01,7.558823183384972832e-01,2.808259868815037863e-01,9.217884984809531224e-01,3.766040916450641429e-01,7.979855068691248388e-01,4.967026660403156546e-01,7.834264594723505670e-01,5.191083773410031244e-01,5.913436663933762105e-01,2.009143048431604739e-01,9.678677341819467150e-01,6.071910761917420629e-01,5.071032399768143906e-01,6.016345070107350645e-01,5.799427353292332388e-01,8.147060082387559410e-01,8.366824044403828875e-01,7.983399157623806142e-01,5.814342304686608287e-01,6.473190937219229779e-01,4.079255890410503071e-01,1.156769068115785920e-01,6.556566933168507250e-01,8.334296092394388733e-01,7.649399546743468337e-01,3.839971985082306083e-01,7.295908632008724082e-01,5.356810538797845966e-01,7.230916596644829664e-01,7.751675669861627371e-01,2.872578663435674806e-01,5.956426616650208061e-02,6.668719971941887703e-01
8.304730051996561668e-01,0.000000000000000000e+00,5.478949207201377902e-03,7.832012908637390192e-01,8.834427792813007718e-01,6.308391047033208299e-01,2.248667682151333502e-01,7.922596048016098402e-01,2.033277435393811561e-01,7.607622170773995496e-01,4.721511064783594502e-01,9.162132685816968269e-01,4.589825009502371822e-01,5.648045930468132969e-01,6.566020912051394598e-01,2.377737159066128925e-02,5.285775257133067395e-01,8.678982114528210889e-01,9.433235208050335663e-01,6.144904727051941906e-01,7.530406847858612807e-01,4.249075973599856781e-01,5.345183800692649978e-01,5.834663338016238265e-01,3.487793143326102241e-01,6.065237114305264132e-01,4.886339659604006513e-01,1.234857176128489331e-01,7.839613813225717598e-01,2.057314504088063323e-01,3.048029452452246102e-01,2.116859374859221821e-01,5.962802599275842663e-01,7.087943556909027665e-01,4.361076398321844239e-01,2.023437481863315512e-01,2.112592908319042007e-01,3.925134321472132370e-01,6.979562379846044884e-01,1.780082033606429359e-01,7.270171238410322312e-01,7.717669893438546813e-01,7.386762105360950015e-01,1.462828348904893494e-01,8.220411716399426139e-01,7.894375465795709923e-01,6.542980642548287262e-01,4.878559008286219023e-01,4.044671244994698656e-01,6.009044519151874875e-01,3.546143216257702235e-01,7.771036313984148736e-01,6.146823471574296427e-01,1.056771193719266422e-01,3.345981539008607841e-01,2.068496920396902528e-01,6.561696436095020291e-01,8.635276446053301580e-01,7.583991647023973215e-01,7.671294837401865241e-01,3.131772562003089927e-02,1.560244930258146423e-01,7.058377002520899168e-01,8.756084582112375614e-01,9.562013489757130724e-01,4.066413359510119840e-01,6.913575794036020961e-01,6.754273924468661150e-01,4.434328502285138640e-01,4.861185534483443149e-01,2.963350610711655286e-01,6.560122164951226464e-01,7.616924692739210911e-01,2.369227438011161091e-01,7.600301972609930790e-01,9.724101674972224219e-01,6.204177428940089722e-01,4.520097344786822013e-01,2.196017113067131321e-01,-1.708101416131085903e-01,3.712684743606619042e-01,9.296059543092742850e-01,6.241544858284889807e-01,9.792083951223632399e-01,9.844232854389480813e-01
8.015411635440224947e-01,5.478949207201377902e-03,0.000000000000000000e+00,5.363809133080909008e-01,3.742315498195679657e-01,8.600539867316482345e-01,6.629606480584269157e-01,8.556376503201920114e-01,2.685651277211404953e-01,6.940431044641593994e-01,5.599864328637096378e-01,8.407464742303816241e-01,9.774085627824532496e-01,6.912143839312446802e-01,3.268502923838511043e-01,4.754753688349215857e-01,8.413111904368416605e-01,5.284582581298395976e-01,4.449564314751159322e-01,4.285846961998788229e-01,3.545447318010775950e-01,6.540968164861253875e-01,9.839181722662366791e-01,7.530956214726078901e-01,2.623983572735388292e-01,7.081912500133965560e-01,8.134650808026891999e-01,5.264425648568598071e-01,4.614377849773316775e-01,3.316883490174561966e-01,7.032946356975140756e-02,2.952258598164209102e-01,4.836147810409196501e-01,6.514890448048353822e-01,9.529666529697036204e-01,5.326052872919104786e-01,5.062193881631620318e-01,7.615135911718511341e-01,7.253447200094297331e-01,8.476804446324600617e-01,6.020456100100645136e-01,9.653603414853583198e-01,7.179200128383341761e-01,-1.831215525809997413e-01,4.584973690501329968e-01,6.830711873432017134e-01,5.074511215794522689e-01,8.016819412505266085e-01,9.661266100007495083e-01,6.817959808987676951e-01,4.649249179490952399e-01,6.976332188413756352e-01,6.761383478405222913e-01,4.295149723244942597e-01,7.765381999271101510e-01,6.905842437279258172e-01,9.245635435602992391e-01,7.366553093876277991e-01,7.555011639291849823e-01,3.874525522356024876e-01,2.429261465479338189e-01,3.731956722189136433e-01,5.639804973812696520e-01,6.922186832414163327e-01,6.771710974404576699e-01,9.722951754173693173e-01,5.390243822190712297e-01,8.803056117801995040e-01,9.234181063729163252e-01,6.962836663826098560e-01,8.759945878589278090e-01,7.366216700541818874e-01,4.480891215626215396e-01,1.817216688338777475e-01,8.164507454250599094e-01,9.351921254962778374e-01,4.827920571608747546e-01,6.881495652882733127e-01,2.980175186480567284e-02,4.871463652946607104e-01,6.013352641490405937e-01,5.247688284904092892e-01,8.805696311469077830e-01,8.912554074876216648e-01,5.189856448397929256e-01
9.385281791617198222e-01,7.832012908637390192e-01,5.363809133080909008e-01,0.000000000000000000e+00,9.441625558144096653e-01,5.768053052237092082e-01,9.499331502121567405e-01,4.684268721004545832e-01,9.728054491731665809e-01,6.747437302350227650e-01,7.878443733299503871e-01,9.936809343239751957e-01,7.385620442354199344e-01,4.059002424391466857e-01,7.273439665530520015e-01,8.788039250591085372e-01,8.471521506699786208e-01,9.046789563046905291e-01,7.194129962996006489e-01,4.593891511731097443e-01,8.888618762122392214e-01,6.033151626082695618e-01,7.636187878091409420e-01,6.264765010545204627e-01,6.632832090653680845e-01,8.365935464214303563e-01,5.375959083126666815e-01,9.283123712112625325e-01,7.844334740632755709e-01,4.372918655081646788e-01,8.266113151740732690e-01,3.427698030246670857e-01,5.768038713205019263e-01,8.558386351189515295e-01,7.736900467134801840e-01,4.681716106367472818e-01,1.862543499942329039e-01,8.316968599653971062e-01,7.343277568366111119e-01,8.355164648120778637e-01,7.114792182364735318e-01,3.404328344347431479e-01,7.009931571468395184e-01,7.065070925198381202e-01,4.550495235443290931e-01,5.319951676566460064e-01,9.005442433256104495e-01,8.243087664998867137e-01,8.466301392178330332e-01,5.185357706760828078e-01,6.276742870583065237e-01,6.558348142910237488e-01,9.671092852434820530e-01,8.936028736654285654e-01,9.378491953551962856e-01,5.415762673343406108e-01,4.291163192652920344e-01,2.039646946180745379e-01,6.537352511077816342e-01,2.828278360630493982e-01,3.608412320227916137e-01,8.477824434384796382e-01,7.726451245366317000e-01,9.570782923275487075e-01,9.142720503772524543e-01,4.563737926739703243e-01,5.774021495786518798e-01,9.195584072497643424e-01,4.990955057756987778e-01,6.245884621290868077e-01,7.869954621229964253e-01,5.295063787211304884e-01,5.000776656798059383e-01,2.502332647700515889e-01,7.244385558331805086e-01,8.223539046927146323e-01,4.436742296366952276e-01,6.798943653652317343e-01,5.222103401747001383e-01,-1.341703490922703801e-01,2.343558814965066295e-01,5.127315979524675882e-01,6.945412095645865369e-01,2.975113504600416237e-01,4.975706094302284610e-01
5.412849262160567276e-01,8.834427792813007718e-01,3.742315498195679657e-01,9.441625558144096653e-01,0.000000000000000000e+00,5.007593272418559005e-01,4.103331588274944375e-01,4.674658255550961927e-01,6.124865429980314024e-01,4.527654669246603536e-01,9.242880374269860644e-01,4.189370868558207617e-01,6.929763717756703967e-01,7.049962783404291056e-01,6.622481015548795646e-01,9.167095907474815952e-01,7.363502610504422119e-01,1.631870823762562595e-01,8.231805390290478641e-01,6.639595851756049383e-01,9.432720971272049448e-01,7.797606804055365881e-01,5.986004846637623666e-01,7.314408819943647444e-01,7.600710517551806378e-01,6.856396967615462357e-01,7.912321945016669300e-01,8.628397853351482683e-01,-1.905737557207863031e-01,6.004064455909142728e-01,4.097664603692472429e-01,6.026394631642778554e-01,7.775632220413142282e-01,6.790341150492839040e-01,6.086843300519798605e-01,4.101714813026735573e-01,5.904890721124493869e-01,8.950462545236470557e-01,4.258186008137234135e-01,4.787072404519013280e-01,9.375918889190740235e-02,6.510094617831316821e-01,9.869229723865835524e-01,6.526548314794637928e-01,8.620065702388213236e-01,6.899131216997567151e-01,6.496679562523751672e-01,9.981335622506538607e-01,4.354174758904558740e-01,2.177621074139330093e-01,3.433018708281398990e-01,4.336569791885194758e-01,7.868213014237697145e-01,7.070228118405662565e-01,4.504439868116806300e-01,5.695782905403736773e-01,4.591148118469690620e-01,8.251646025871940404e-01,8.028837026093993412e-01,3.669848303810567813e-01,2.041230757981682686e-01,7.955924772462429351e-01,2.732922415012983830e-01,9.306562043343837853e-01,9.410804564733840083e-01,7.595010412396796529e-01,3.248632465695441840e-01,7.123715798735986704e-01,6.179833492259383387e-01,4.374843999357930779e-01,7.682607162274238677e-01,6.475543591093879670e-01,6.698462339592191617e-01,-1.452050802435633226e-01,6.594442344038217163e-01,7.218094312057479200e-01,6.105306769545166823e-01,2.854628334997196815e-01,5.404159373793252508e-01,4.533436783667572079e-01,7.177495479685068736e-01,8.519869807018519703e-01,4.906121613320694741e-01,2.262190236235348262e-01,2.363136283072914678e-01
9.186204620959561584e-01,6.308391047033208299e-01,8.600539867316482345e-01,5.768053052237092082e-01,5.007593272418559005e-01,0.000000000000000000e+00,4.223813691915388469e-01,6.443396569342237923e-01,1.353788522531371163e-01,3.360508053359628766e-01,6.265672505194205266e-01,5.406599650667098800e-01,9.974665009083929501e-01,9.167425039626129202e-01,4.310626114985540713e-01,9.612062735506946565e-01,6.875668808079674621e-01,6.074992731297805815e-01,6.885044942851847871e-01,8.555814270900053975e-01,6.979009437031938878e-01,3.887200971060121302e-01,1.891987473373049899e-01,6.302352149419581107e-01,5.205335607866081737e-01,4.704505452096755524e-01,6.014298517889758999e-01,7.665567659665932787e-01,2.183950080159247631e-01,6.426301229102751034e-01,5.890560918019049907e-01,6.496120336638311343e-01,8.787522622538389283e-02,5.756251424447169640e-01,6.918728981621766749e-01,5.478625932645054056e-03,7.567070917728018209e-01,6.425806119869935662e-01,9.647448126621355202e-01,6.248122518843878259e-01,2.537963339247475414e-01,5.303520409575199768e-01,9.646254055904776026e-01,4.253654508115013444e-01,7.157721123271703068e-01,2.687443981964484641e-01,6.584277911676321704e-01,2.300651213627307248e-02,5.845488515498684645e-01,6.302829711117156064e-01,3.793949383420075483e-01,8.433646241018787348e-01,9.364362037785799453e-01,7.151694601885927316e-01,5.612808631974951501e-01,7.839672779717566931e-01,5.616499801252328172e-01,5.127852785238599109e-01,7.146195776630839269e-01,2.059892615794495230e-01,6.243505695139116574e-01,5.684277587494747097e-01,5.032025127332715453e-01,8.460005986241931897e-01,7.676795593281016128e-01,3.345465448799196939e-01,9.248973163894144145e-01,7.027884226405226586e-01,3.495986513704499865e-01,7.689271249114799645e-01,7.542847594624549901e-01,5.988023694760928883e-01,7.950032546902623398e-01,1.306278363533937108e-02,4.200155717442650705e-01,4.654500030845187264e-01,7.391912917487130086e-01,1.630017750664238541e-01,4.400949484622554420e-01,4.004922025569593869e-01,5.660756130140434106e-01,6.809172681443736996e-01,6.250447334524357190e-01,3.911462419810708413e-01,7.557718126111577783e-01
8.836645009226798964e-01,2.248667682151333502e-01,6.629606480584269157e-01,9.499331502121567405e-01,4.103331588274944375e-01,4.223813691915388469e-01,0.000000000000000000e+00,2.617465569876196718e-01,5.091148665835589782e-01,3.914584355756082212e-01,5.610929136685599561e-01,2.892068892273664260e-01,7.553706529801820224e-01,6.351945162272200074e-01,2.447399383751750201e-01,6.510957343138670250e-01,4.317508910403241584e-01,3.839371558495546788e-01,6.472847287171348274e-01,5.472128393490592879e-01,6.253922209625319972e-01,3.817927722988838091e-01,5.377921079377460112e-01,9.694065911022684556e-01,7.717885916187363637e-01,3.328769032016721807e-01,4.876527750736402433e-01,7.351887207425865656e-01,3.388929072781092788e-01,3.712815082141602829e-01,2.943346538672224622e-01,5.341682620215835176e-01,5.842390565874205910e-01,5.702562516574005702e-01,4.388485993666466772e-02,1.294175493194137105e-01,3.924554188326560555e-01,-2.692101401052231502e-01,6.630815087210536474e-01,6.370636415698809341e-01,7.009875013256120502e-01,6.749811710977910995e-01,6.179196875403734079e-01,9.420612011369775551e-01,8.234787613664729111e-01,4.853242958827360676e-01,5.357350139831793534e-01,7.064536717251065356e-01,6.523124424206923067e-01,3.859918049009209984e-01,7.999294966842900312e-01,4.830401326352031233e-01,8.211652862475311565e-01,3.979278481333969886e-01,1.016773237216886810e-01,4.018995707501707426e-01,5.003489345372865715e-01,7.518595223262540816e-01,6.743799269409267438e-01,5.741523848352616533e-01,1.857519983815287754e-02,4.143982927328881960e-01,6.781671532448152462e-01,7.174840531898746265e-01,9.894635032842589162e-01,3.917533072269401284e-01,2.800667244648880061e-01,6.523943298692935766e-01,4.594806955490669531e-01,2.193717936306876781e-01,1.609394990758811761e-01,2.357433251385292750e-01,7.864003373400747510e-01,-1.018653428867304367e-01,3.492514599793030694e-01,-1.061015182794738665e-01,9.161176354128139909e-01,4.944301491019981731e-01,7.715977746495596978e-01,7.257813664774440676e-01,5.760343087896838687e-01,7.968155015415959719e-01,2.896550252856237018e-01,4.086460514996164695e-01,6.734684549692043776e-01
9.328222813240794054e-01,7.922596048016098402e-01,8.556376503201920114e-01,4.684268721004545832e-01,4.674658255550961927e-01,6.443396569342237923e-01,2.617465569876196718e-01,0.000000000000000000e+00,1.411559624975175786e-01,5.230919334649311025e-01,6.483551058307150949e-01,3.286421385850232246e-01,8.308036722872423896e-01,7.931413038942005667e-01,6.723028382935593017e-01,6.435601610609678058e-01,9.593846853897781690e-01,5.626961073385611245e-01,3.878688545440980295e-01,6.690423009855503977e-01,7.313613273576080598e-01,3.505190578691816383e-01,4.101134195895804191e-01,8.434194682895751471e-01,8.851684840180557012e-01,5.611884504154454056e-01,4.988075380482424048e-01,7.953924857212536503e-01,7.244721650422540904e-01,4.472196776308800525e-01,8.972774541933016268e-01,4.264785795135769830e-01,6.336769028390345504e-01,2.765661604366423942e-01,3.703249707260065637e-01,2.871063044036435974e-01,4.580430974232278518e-01,6.135165151036829911e-01,9.316860103189774645e-01,5.871160571317992627e-01,7.642258469826598288e-01,5.925997286385521479e-01,4.173112846125401898e-01,3.506515942001763309e-01,9.921968799259019978e-01,4.424803367450700353e-01,4.334205986900938612e-01,5.414215029328615092e-01,1.510771510825269504e-01,2.619821248654023993e-01,6.833903013868600773e-01,4.460229094701139707e-01,4.889313485977994644e-01,2.724700285729971805e-01,2.803194603904983762e-01,6.606032096143797938e-01,4.866397388736075080e-01,5.043614734220167595e-01,7.285593023619829633e-01,5.389750657357446073e-01,5.007626503606688040e-01,5.099990655841650788e-01,9.498677623365570089e-01,8.833472904861270347e-01,7.408106069565709717e-01,1.269482663935897759e-01,6.680969865303247879e-01,4.324575270400763949e-01,7.371345790912917639e-01,3.793485546554105081e-01,6.455877821608086986e-01,7.365048900808321974e-01,4.112683821867229583e-01,5.935173541507883233e-01,5.911113761352210227e-01,6.761218063128897615e-01,5.248644132727020573e-01,3.549858529071642232e-01,3.576294966364890193e-01,4.248249498891751852e-01,4.458279403123677764e-01,7.868911231328231670e-01,6.425361843346455437e-01,4.151391502265944222e-01,4.068275584432671788e-01
8.156208901069946782e-01,2.033277435393811561e-01,2.685651277211404953e-01,9.728054491731665809e-01,6.124865429980314024e-01,1.353788522531371163e-01,5.091148665835589782e-01,1.411559624975175786e-01,0.000000000000000000e+00,4.152625249128862328e-01,6.055249321123465922e-01,5.619275359518666191e-01,7.705715489682014585e-01,9.411433008876691764e-01,7.046426847171630703e-01,6.181553007430130586e-01,4.627448189557538116e-01,2.705692533514049147e-01,1.471299632736785268e-01,9.018316425552599380e-01,7.593373790075940155e-01,7.908611799845411960e-01,6.464209555214426306e-01,8.443734102405656694e-01,7.705654905600215487e-01,9.834984951352331306e-01,7.445289371790673183e-01,5.788951433388433987e-01,5.550258829577672248e-01,5.647693116483066822e-01,-1.684494341646693427e-01,4.569761982062172656e-01,3.777128210521719653e-01,7.718466898583966618e-01,7.658368727190170144e-01,4.752962112426996621e-01,-3.039498236489001637e-01,4.842396384464708881e-01,9.517045400713303183e-01,2.302663573459031929e-02,5.008457202332741165e-01,6.666953287005110695e-01,9.011966346688441432e-01,5.796368945554939422e-01,9.911778375056858881e-01,7.781006076561081120e-01,3.272036237369387868e-01,7.112710264572755792e-01,3.932540194641915843e-01,4.273943582757807058e-01,4.548490911598312425e-01,4.940713845450545039e-01,9.593922189098158526e-01,3.714621071577411948e-01,5.034466831803404707e-01,9.626158349264357650e-01,7.156507860050795866e-01,5.179145908562448053e-01,6.582383578914934308e-01,5.577013259315124483e-01,3.873075312066455167e-01,1.752263284892518203e-01,4.806179325926057122e-01,4.987393682052967403e-01,8.640779195054683059e-01,9.469970101269742369e-01,2.895719408579869869e-01,3.128738185258980731e-01,7.859694553401236350e-01,9.796661228803675847e-01,7.518396818770886059e-01,6.768848455426889066e-01,6.080430010882187375e-01,7.324966433718349546e-01,8.651519161243979017e-01,4.627104931248086084e-01,4.735660989793258890e-01,3.445748432969965025e-01,3.263106006084843802e-01,-5.562182538262000486e-02,9.316409388628942023e-02,9.947871740509035554e-01,6.497781412965484282e-01,3.744903722378336575e-01,4.755933532226215288e-01
9.959956030289521811e-01,7.607622170773995496e-01,6.940431044641593994e-01,6.747437302350227650e-01,4.527654669246603536e-01,3.360508053359628766e-01,3.914584355756082212e-01,5.230919334649311025e-01,4.152625249128862328e-01,0.000000000000000000e+00,7.326319728037161694e-01,4.272356805155399506e-01,6.320371130643939184e-01,7.855212848685799720e-01,6.292866628938619256e-01,6.250259190567182266e-01,7.636787488985958827e-01,6.792871040578295494e-01,7.088257848613732648e-01,7.891469926348075870e-01,5.797167516655726827e-01,4.402805860467532417e-01,6.522834483905484149e-01,8.754311204550542236e-01,3.977955450581381891e-01,6.277977212663512496e-01,7.118132001090174965e-01,2.658334630718507396e-01,5.088345942664689314e-01,5.572937426102279046e-01,2.748939319534227654e-01,5.734870472727573443e-01,4.937299528946672567e-01,9.482929902739085648e-01,5.913108243239112438e-01,3.522549050377862256e-01,7.983136143734723689e-01,4.393799254255386089e-01,8.977933230711457879e-01,2.282274193910677762e-01,7.645235459990674665e-01,-8.722999010059299951e-02,6.775167034690665613e-01,6.098932335948543670e-01,6.136511958186735560e-01,6.787526040461310251e-01,7.446804076242642401e-01,6.608370040086700703e-01,2.204370026382363734e-01,3.598410923548031604e-01,5.993360375287521968e-01,-1.019605160089365331e-01,5.838524973700126575e-01,4.124565499819297099e-01,8.745590281195368965e-01,3.614303042409946487e-01,5.440086141293358768e-01,3.179390596319816575e-01,4.219676952316854801e-01,7.723086933974132595e-01,5.574942534920548365e-01,7.008825598717733918e-01,3.707038498350335720e-01,4.833030317464755976e-01,7.007376581301674179e-01,6.960505117586339718e-01,5.367317396912292260e-01,1.704741027861467325e-03,6.979777613926385627e-01,4.358646112226281510e-01,8.477019149542526222e-01,6.033916132984292746e-01,3.722379535619522173e-01,1.475700562555563866e-01,5.432984369988813622e-02,7.672743827850164733e-01,3.327686090101734107e-01,6.091089218762639756e-01,1.364313253925626516e-02,6.497793935870321835e-01,6.565073239216345780e-01,6.142040914555306763e-01,3.109707720090987282e-01,4.584119330291396288e-01,6.321518017347556029e-01
6.119906525029599198e-01,4.721511064783594502e-01,5.599864328637096378e-01,7.878443733299503871e-01,9.242880374269860644e-01,6.265672505194205266e-01,5.610929136685599561e-01,6.483551058307150949e-01,6.055249321123465922e-01,7.326319728037161694e-01,0.000000000000000000e+00,6.894062696727532025e-01,5.227796111713501892e-01,6.725194896347752582e-01,5.814888277186651688e-01,6.086096763670632154e-02,7.917066043945298892e-01,5.270339845162975712e-01,8.626145231572510674e-01,7.704059912605732974e-01,7.777905117687683445e-01,1.824272202739691262e-01,4.752561380362742560e-01,9.334867746532203858e-01,3.687106021187364080e-01,2.266594140552029013e-01,5.319376409357712276e-01,4.741273029305902997e-01,4.861544214148595389e-01,7.954289558396615556e-01,4.230757533683273119e-01,5.394682299853673646e-01,2.943060218787851845e-02,9.610665024819509128e-01,4.144817081553104909e-01,4.576184183608262290e-01,-1.892347087869185596e-01,2.391502701744041004e-01,8.111948759456633073e-01,4.316946074102087083e-01,5.155758301356145878e-01,5.761477209433633062e-01,6.911609610545433879e-01,8.093390812761792619e-01,8.150863729711407268e-01,5.888454405781453627e-01,5.167283323859824806e-01,5.837419669043720782e-01,4.720151925717376296e-01,6.360189906992367304e-01,6.025956803532748207e-01,7.785704183598387562e-01,2.831670504332622351e-01,4.985968807944332060e-01,9.949102402080116647e-01,9.308030207798480005e-01,5.909233460245337799e-01,8.870616771341574003e-01,5.096265645157887353e-02,4.475513850640839286e-01,5.761390187778405725e-01,9.794552873782340630e-01,7.092538424241903172e-01,3.370728062198736774e-01,6.524758582189904565e-01,6.348969411221672132e-01,7.260197382746073069e-01,6.316049806637562547e-01,5.266274943066471259e-01,2.019731515343577699e-01,6.234322332815747103e-01,-9.675155582805188004e-02,2.461088056455031925e-01,3.475502482500635315e-01,5.861724237016830985e-01,9.110832060919040742e-01,6.892556434133824128e-01,-1.539438570928543804e-01,5.447084519094770316e-01,-1.770558343409342483e-01,8.058951034310531947e-01,2.187585973780136472e-01,1.541184961779594742e-01,2.018593636326214136e-01,7.737119537665858582e-01
5.073088674223305006e-01,9.162132685816968269e-01,8.407464742303816241e-01,9.936809343239751957e-01,4.189370868558207617e-01,5.406599650667098800e-01,2.892068892273664260e-01,3.286421385850232246e-01,5.619275359518666191e-01,4.272356805155399506e-01,6.894062696727532025e-01,0.000000000000000000e+00,8.667562232358517749e-01,4.802737391745491302e-01,4.593370088252268224e-01,8.633101423855720213e-01,3.015996516371435288e-01,5.092787211388255519e-01,7.022641783105361135e-01,9.171326827559873607e-01,6.478820832353683334e-01,3.224370799911238650e-01,3.038308704777309965e-01,8.459864679666373455e-01,3.124013448728825137e-01,5.007070648873455099e-01,7.634643717460201096e-01,2.491274939571409830e-01,-3.676816984076470840e-01,1.691509032560709336e-01,-1.382390100318764414e-01,5.610036762906718266e-01,7.290582614507812309e-01,4.566801135976610859e-01,7.827833850808971761e-01,5.355858736037464318e-01,4.975763061012919986e-01,7.522764418738596692e-01,8.927729866633702382e-01,9.548389833075626720e-01,3.807859000863444976e-01,3.725672516953665303e-01,7.001414418712258447e-01,8.915618641264067001e-02,9.419625759281244903e-01,5.279526526456083113e-01,3.462020589438769003e-01,8.039994176592953901e-01,7.412345553352363003e-01,9.026828545481764554e-02,5.294047981237175460e-01,6.204275793266108563e-01,2.027781558439985532e-01,6.431140139055642191e-01,7.468725370190858470e-01,9.006835432706368216e-01,4.857679175360199997e-01,5.506702625586313848e-01,6.805747370555559339e-01,6.807565917534883493e-01,2.329366973552751685e-01,6.816290457540127301e-01,2.162706098786805753e-01,6.535569885923664391e-01,8.101119805832271981e-01,4.825337037359735959e-01,7.474030776624527306e-01,9.551823665094442140e-01,6.541456348213001704e-01,7.239476485567426511e-01,7.916231411469261126e-01,7.347007576074572333e-01,5.252650351885057578e-01,5.571368774680727221e-01,5.385752297852507420e-01,8.225483317961894691e-01,6.336100213715674112e-01,3.306666993457395565e-01,3.775625064951642074e-01,5.684541762860071401e-01,9.452093860876800147e-01,7.001421437284389704e-01,9.394902959156961053e-01,4.867562203552446287e-01,2.079632245029362503e-01
7.167492530407941764e-01,4.589825009502371822e-01,9.774085627824532496e-01,7.385620442354199344e-01,6.929763717756703967e-01,9.974665009083929501e-01,7.553706529801820224e-01,8.308036722872423896e-01,7.705715489682014585e-01,6.320371130643939184e-01,5.227796111713501892e-01,8.667562232358517749e-01,0.000000000000000000e+00,4.831260149215879096e-01,8.779259413157365355e-01,6.934509739825508445e-01,3.129871748342145099e-01,5.654580933071988724e-01,8.489767435980761778e-01,7.899504548334417287e-01,4.372192143503773609e-01,3.821753406305009593e-01,4.820135884200599241e-01,4.694005763531765574e-01,7.437373549099055570e-01,8.714910910950102174e-01,5.939790441386905151e-01,1.402771899148140267e-01,4.505155809800817646e-01,-2.069298569148808609e-03,1.847634108900726366e-02,7.338103950206774362e-02,8.072280670180324025e-01,9.921680230456417782e-01,9.147229511208953001e-01,5.403801467385640489e-01,1.826932813793873678e-01,3.102264262002636941e-01,5.560576951392299794e-01,6.384108429794586037e-01,6.871470128686779644e-01,6.304254857157605141e-01,4.795502588943493238e-01,9.256331590626708516e-01,7.486407991902628289e-01,2.921615032817616586e-01,5.675152648247512310e-01,7.161061890186564138e-01,7.713469956508745007e-01,6.775163227485322404e-01,6.888986551184721474e-01,9.385538536717765723e-01,5.119806114597617031e-01,9.468089653870068734e-01,5.845584050780455732e-01,6.708332289490166467e-01,6.962931284727008618e-01,9.259310020524231799e-01,6.731251115334293544e-01,3.278305637561440555e-01,3.152320829343447373e-01,6.964596420699954438e-01,6.206478404521771353e-01,5.483448560362691460e-01,5.911867147245329912e-01,7.571642865778320797e-01,1.017892042131872260e-01,8.465435884383547549e-01,7.247829034476267474e-01,6.553218329438815770e-01,2.083153605083774840e-01,3.762497231531916619e-01,4.027955506259526808e-01,4.423461638353805570e-01,3.977801028839743624e-01,7.609462338185133401e-01,5.576417545464130709e-01,4.108056171542605606e-01,4.967844724232607923e-01,5.411291655612369134e-01,7.057549011765349434e-01,6.751456247733486071e-01,5.247739790062039278e-01,3.935256165025992625e-01,8.230778045269407928e-01
4.416671485048300205e-01,5.648045930468132969e-01,6.912143839312446802e-01,4.059002424391466857e-01,7.049962783404291056e-01,9.167425039626129202e-01,6.351945162272200074e-01,7.931413038942005667e-01,9.411433008876691764e-01,7.855212848685799720e-01,6.725194896347752582e-01,4.802737391745491302e-01,4.831260149215879096e-01,0.000000000000000000e+00,1.188102754543243246e-02,2.865875280463447972e-01,7.178760370879961883e-01,4.307809911230603972e-01,4.991458349932871852e-01,5.717420091320541964e-01,5.999864194939050765e-01,7.721042056871989523e-01,2.935657505925672872e-01,8.285050713680861545e-01,7.633904811144491820e-01,4.279206570399951559e-01,5.544809986627877718e-01,4.799815854506444546e-01,3.987009323675230199e-01,4.047734492347739854e-01,6.581657093419369664e-01,1.264593192303707647e-01,7.797921945722230408e-01,7.992695460265162311e-01,3.260986788501131217e-01,4.259849604840413445e-02,-1.448059997775757446e-01,9.165201757070332578e-01,7.704443252363545325e-01,6.028436576513631628e-01,7.116430529899255841e-01,9.901701379696949967e-01,9.161393075432129329e-01,8.152200688672988083e-01,8.604371898430831500e-01,7.645066329022972562e-01,7.111846403101530489e-01,6.124830419262975445e-01,2.553229357401341493e-01,9.464275976136274915e-01,5.136327846477598547e-01,7.619874036968428133e-01,3.770155415404850135e-02,7.378503444561793634e-01,6.349912614361341578e-01,8.407100278227597201e-01,8.149004166951558936e-01,4.476926334319638046e-01,6.728801808849695920e-01,1.110519336098008195e-02,5.082107631705684581e-01,6.293880592840299659e-01,7.914115083999991862e-01,1.653860410603818012e-02,6.680744517792077675e-01,3.782080689963507325e-01,7.228781167386950646e-01,9.572757921811669846e-01,4.130018898681909745e-01,5.540169904212490781e-01,2.041494022171441713e-01,7.440309480836558853e-01,5.665408857345999305e-01,5.430745449825370441e-01,7.271860886431644744e-01,9.142986372802086592e-01,4.399465795026604731e-01,7.611558982166491405e-02,1.453701935919149146e-01,6.110940362365637757e-01,9.950117336844123139e-01,9.124127617255879397e-01,4.960596521988884788e-01,3.546757629441806836e-01,4.948362155220243364e-01
6.509395635464786389e-01,6.566020912051394598e-01,3.268502923838511043e-01,7.273439665530520015e-01,6.622481015548795646e-01,4.310626114985540713e-01,2.447399383751750201e-01,6.723028382935593017e-01,7.046426847171630703e-01,6.292866628938619256e-01,5.814888277186651688e-01,4.593370088252268224e-01,8.779259413157365355e-01,1.188102754543243246e-02,0.000000000000000000e+00,5.629349550406945735e-01,4.056323652161898385e-01,4.949843210530852633e-01,7.933884409778835245e-01,2.523922317042868180e-01,8.622045981352737254e-01,5.061949452926879367e-01,4.071178475215494474e-01,9.181829021859132522e-01,5.878510972395490919e-01,4.933704898466504951e-01,5.412828167942638213e-01,7.805057693616443970e-01,3.228208694056350359e-01,6.987563791750240894e-01,1.555045994408397331e-02,7.419255047182093943e-01,2.686265141898293018e-01,6.568374396476470700e-01,7.249403839539872996e-01,2.626672168023550524e-01,4.789255185528223935e-01,9.302291389835555258e-01,7.299476545992323873e-01,4.371890046115042838e-01,4.876333972057533273e-01,5.301454757018272401e-01,7.816277728856880769e-01,2.003827763352988289e-01,8.601656124313565854e-01,7.656834557238121342e-01,7.194461451174485322e-01,7.166992693553618787e-01,2.558703039153569780e-01,3.795560643139922474e-01,9.048591223128010785e-01,8.006010530372194012e-01,6.960022923414808105e-01,3.874272539978900198e-01,8.027073040371188739e-01,7.059954510599478761e-01,3.292394469272624802e-01,4.172683102646782549e-01,6.615549365077236788e-01,5.696230495596331656e-01,5.481163976075872357e-01,6.017834165470158370e-01,8.509905205743488743e-01,9.115109469347378868e-01,8.296488014775352804e-01,7.207213852099872975e-01,6.602652587247135330e-01,9.576821694035407839e-01,2.239443348374557385e-01,5.482324303442366320e-01,6.170792429994771400e-01,9.870012021081797648e-01,4.014311875676261909e-01,1.631361314747707403e-01,4.661453656479881413e-01,9.985400079230125070e-02,7.553425448158098687e-01,3.983079811865285480e-01,6.888031930849420892e-01,2.308378352934794542e-01,6.335084390874022864e-01,2.857379926534659442e-01,6.975603147419647820e-01,4.829718834207833433e-01,6.990411887228987764e-01
9.285860727315502494e-01,2.377737159066128925e-02,4.754753688349215857e-01,8.788039250591085372e-01,9.167095907474815952e-01,9.612062735506946565e-01,6.510957343138670250e-01,6.435601610609678058e-01,6.181553007430130586e-01,6.250259190567182266e-01,6.086096763670632154e-02,8.633101423855720213e-01,6.934509739825508445e-01,2.865875280463447972e-01,5.629349550406945735e-01,0.000000000000000000e+00,3.481228645013968448e-01,7.971225949320417392e-01,5.589587185321999163e-01,9.049027023506840406e-01,6.949449192184938839e-01,5.536305501143889973e-01,6.947108171890360451e-01,6.095030539788247603e-01,4.619671593142516408e-01,8.977770277473062777e-01,9.960767961352763322e-01,2.288718722165537511e-01,7.871170142449955831e-01,4.515100275172674593e-02,3.961488855036506829e-01,1.579908968231076294e-01,6.928605317012056508e-01,7.268801572874882266e-01,4.715382334198084391e-01,3.482927592485221546e-01,1.331101637125564618e-01,7.106845196902599193e-01,7.729591805044221386e-01,7.498197804110315889e-01,1.935904801573016254e-01,3.267622982000135679e-01,9.007868840598700633e-01,5.680208775238752006e-01,6.230755928510020025e-01,3.324900283977794690e-01,5.634901001570089552e-01,5.778479412447395241e-02,5.338783515351529507e-01,4.970457690182285004e-01,4.422139447141547053e-01,4.687844561788230280e-01,7.806457792512475624e-01,9.063307171590013755e-01,6.266160559902925753e-01,6.320793915730051893e-01,4.596469245387659885e-01,5.544149146636196956e-01,7.905313958957338460e-01,5.815258701204464309e-01,7.039696233464051156e-01,6.565647439734250135e-01,9.531030641067103071e-01,4.621450576564994361e-01,7.749277026841462357e-01,9.534639067827439529e-01,5.645801039525703002e-01,9.868308176700665291e-01,2.055072039329096101e-01,5.367091948503787124e-01,6.956059572572010907e-01,9.949156951481454847e-01,4.539636934407226265e-01,3.630506072498862480e-01,2.896267080529318916e-01,7.278738342899531144e-01,9.882961705106128036e-01,4.641585134325618145e-01,3.817923062868689432e-01,6.980339340977188833e-02,6.889324248033266151e-01,4.242474844287757452e-01,6.179206999605962869e-01,-2.339496915256222831e-02,4.028252308972101181e-01
9.433334363259765487e-01,5.285775257133067395e-01,8.413111904368416605e-01,8.471521506699786208e-01,7.363502610504422119e-01,6.875668808079674621e-01,4.317508910403241584e-01,9.593846853897781690e-01,4.627448189557538116e-01,7.636787488985958827e-01,7.917066043945298892e-01,3.015996516371435288e-01,3.129871748342145099e-01,7.178760370879961883e-01,4.056323652161898385e-01,3.481228645013968448e-01,0.000000000000000000e+00,7.123969751406713513e-01,5.554821174576283216e-01,9.098885246816373895e-01,5.472541826582935087e-01,6.159097698456844627e-01,4.803791414111668878e-01,9.500589475231294712e-01,7.400567062273176733e-01,7.502830626691757709e-01,6.231047848189648075e-01,4.571203770383270859e-01,6.797663896887088386e-01,2.624080463387392648e-01,2.380628700588432456e-01,3.894993435002969216e-03,6.403657974132492825e-01,7.876898891588464124e-01,7.839577454834479875e-01,6.492864675810837705e-01,3.457051914023666628e-01,5.398735918249649712e-01,9.850349254244664676e-01,6.192344522279488173e-01,3.110676512528867677e-01,4.170827865490853714e-01,8.041038248384683174e-01,8.027436676012658090e-01,9.620631883120702721e-01,8.432538153744191245e-01,7.034919828786241336e-01,7.364016036805937082e-01,2.402425836629221156e-01,6.379384824889590133e-01,7.149929729442831006e-01,5.724731837450380834e-01,6.973888481789164429e-01,2.458468491796123034e-01,7.832833138325735467e-01,6.165647434351927414e-01,9.043182615031739591e-01,7.015297422038876407e-01,4.328851676131004744e-01,5.442006666254007863e-01,5.944822113301672095e-01,2.090845248315205684e-01,4.785334433634576001e-01,8.742051839107521927e-01,7.587847864317038837e-01,9.870129828929524729e-01,4.884092021850856002e-01,9.342855482033562975e-01,5.746198907885442519e-01,6.682070140139660941e-01,2.154632090359975272e-01,7.516359936154992649e-01,4.904578174162598225e-01,1.438057592362509129e-01,6.625837964284591042e-01,7.620806477864628947e-01,8.805536784132390604e-01,5.025340477739654865e-01,3.000373072859953694e-01,2.878689480028633341e-01,9.001661935083113963e-01,9.553432033027343673e-01,6.785490886277897316e-01,1.522057637558302257e-01,7.078682064809252994e-01
9.885994960083201999e-01,8.678982114528210889e-01,5.284582581298395976e-01,9.046789563046905291e-01,1.631870823762562595e-01,6.074992731297805815e-01,3.839371558495546788e-01,5.626961073385611245e-01,2.705692533514049147e-01,6.792871040578295494e-01,5.270339845162975712e-01,5.092787211388255519e-01,5.654580933071988724e-01,4.307809911230603972e-01,4.949843210530852633e-01,7.971225949320417392e-01,7.123969751406713513e-01,0.000000000000000000e+00,4.525804378343481482e-01,8.501117216306194324e-01,7.387504606403076934e-01,4.514038729419196927e-01,7.269068696029453713e-01,8.342335014283422945e-01,6.583523626949168150e-01,6.236613057685661543e-01,7.358465631510302529e-01,2.966574282643575367e-01,8.984862604770452177e-02,5.323479927536056699e-01,6.499456905638273385e-01,5.496433913352913869e-01,6.123126980575770428e-01,6.147453576946938503e-01,6.823284597752462544e-01,5.335743443350416948e-01,3.638437464055894743e-01,9.385078812894291911e-01,9.457946266243545397e-01,6.514612154928673959e-01,5.141660635749285557e-01,6.226674626059546247e-01,9.371485985732876944e-01,2.574055752965908606e-01,7.981268952358882007e-01,8.356994191685118700e-01,5.313664556128026017e-01,6.447901026241159572e-01,3.324346785180817276e-01,5.587915967137256912e-01,2.766142030424932896e-01,-3.231951833527390017e-01,7.640948846891937318e-01,5.351258829842868714e-01,5.523953827026529817e-01,7.896391583268331793e-01,2.210772437145942793e-01,9.792029126969068464e-01,9.250622302801245755e-01,-1.572264099177034247e-02,5.638786365544259382e-01,4.319836083057879139e-01,4.722779502421183828e-01,7.828863162820165478e-01,2.103694493427716861e-01,9.797841339799758797e-01,4.469250553619228961e-01,6.358802430400138928e-01,-7.895907756169762148e-02,4.774922859639573192e-01,8.749315981251499785e-01,4.361966122204004037e-01,1.070043974181275614e-01,4.628044480253721421e-02,2.083500847041512005e-01,8.958868922086007380e-01,7.759720770453728544e-01,4.279806871246633615e-01,4.507742018586499144e-01,3.875805198978695687e-01,6.898543007976443153e-01,5.057065160591637243e-01,5.438055129469859805e-01,6.169662967758537953e-01,7.551635646645444844e-01
