0.000000000000000000e+00,9.992474655664188576e-01,8.008376751612579225e-01,8.299198133663118204e-01,6.519436119579634648e-01,6.038097087827051235e-01,6.082455345766697441e-01,8.315342962888797596e-01,7.576084859276492889e-01,6.586884529414495093e-01,5.346245703332207500e-01,3.586173934531022844e-01,6.614669876062475584e-01,1.575476277399689429e-01,6.642276304129244302e-01,7.624554058447292615e-01,7.575976198539967621e-01,7.009897493649518418e-01,9.171471277727032412e-01,7.419672650725919194e-01,6.098452130976171892e-01,6.874121344045093229e-01,4.603937868278966672e-01,6.379325817260705911e-01,9.726675882796910200e-01,6.515565540393382093e-01,9.222216669878199324e-01,9.098625556852515395e-01,4.236297913284665650e-01,3.550774007361922613e-01,1.988963079022913749e-01,7.276459947134468198e-01,9.285662451521133898e-01,4.892376251685485178e-01,7.283548384765212713e-01,3.579332804164561677e-01,5.243461762088593714e-01,9.869878541189180954e-01,9.769258758075545224e-01,7.005898668484412672e-01,2.928226288553130718e-01,4.966383259579517095e-01,5.944821938575932663e-01,4.836011819835964731e-01,7.705626769342953652e-01,5.026848507926453546e-01,5.444097199591508840e-01,2.519960029388439993e-01,7.596573220404658766e-01,9.357554859305232675e-01,4.268014245733349199e-01,5.972457515406773831e-01,7.104110261395115700e-01,5.948542927715552153e-01,4.709309461730798452e-01,9.947960615347455349e-01,7.483190899223666204e-01,8.749749920934672964e-01,9.195403764914737987e-01,7.941383088559386128e-01,1.237420019466260179e-01,5.160748264879704283e-01,4.389116749269792450e-01,6.397924808387682738e-01,8.423807923706160272e-01,6.604625449788228408e-01,6.209593758380661521e-01,5.015144317454757195e-01,8.713202005659907989e-01,8.548550275560339029e-02,7.405407753282787775e-01,9.222572297897763116e-01,4.293463726012391457e-01,5.004601156897507952e-01,1.105908706221644389e-01,6.775714214958307169e-01,7.641141739474306416e-01,2.583271630636093663e-01,3.940626116138941093e-01,2.096684323195704136e-01,5.286140780229122704e-01,5.359077873920947699e-01,8.602103974079956528e-01,5.532683035647568692e-01,7.346700230919753771e-01
9.992474655664188576e-01,0.000000000000000000e+00,7.697503299574167679e-01,7.049856235389323489e-01,7.529725792445325361e-01,5.646232707075354851e-01,5.258768769534418741e-01,5.572966355998496685e-02,8.494274379166529831e-01,3.753053958792934575e-01,5.366332311714079317e-01,7.681638407712166883e-01,9.839720383169151541e-01,5.011706477767751133e-01,3.103337450148889176e-01,7.568832741900404226e-01,6.784094826135552703e-01,4.284226311599388937e-01,9.736650829917838923e-01,6.863528601995484424e-01,6.664291759820463179e-01,9.187853024298678895e-01,7.932023889543279305e-01,7.327304783930286280e-01,4.227870257599969372e-01,5.715258901191240248e-01,6.282400849167163459e-01,7.110987302318036996e-01,5.938203929862598818e-01,6.824151986890625299e-01,3.867825357497374217e-01,6.388838550359283719e-01,2.701388684484004044e-01,-1.977392878857878455e-01,3.911930635063201045e-01,1.579862151076648347e-01,3.913726431505554215e-01,3.089754018071922403e-01,8.520551834663672164e-01,7.708400428334470922e-01,7.112417265126896870e-01,6.519764799148450862e-01,7.119871038499721028e-01,5.884140516617224481e-01,7.067906981347281681e-01,9.781295210994707112e-01,8.306647453455284769e-01,7.322205928295474342e-01,3.848934846029358203e-01,4.846058729005904286e-01,8.997217626254053746e-01,5.625993534142262886e-01,9.872704108660222966e-01,7.360431505465809821e-01,9.068793416740932312e-01,7.155115456263785312e-01,4.496275567027113174e-01,7.469101698459148508e-01,4.380483742654412427e-01,6.532770581549297573e-01,3.761661929376922675e-01,2.994838598993491141e-01,9.251445253341376018e-01,4.990935896405940819e-01,3.073459005974684688e-01,4.256142111983720611e-01,7.448477182304997779e-01,5.091368960347413680e-02,7.329359980375773631e-01,6.589870260340492392e-01,7.066090330926133589e-01,9.815947438832965943e-01,2.462406964025453671e-01,1.030693309404475677e-01,5.149234763825858430e-01,8.188954110683485110e-01,7.423606328096412632e-01,9.277731297682862976e-01,1.718614401539069192e-01,1.671785890804785568e-01,4.261264698376389104e-01,4.323536095366795617e-01,3.275896304428562722e-01,5.400474470617067091e-01,-8.082738720439652802e-02
8.008376751612579225e-01,7.697503299574167679e-01,0.000000000000000000e+00,5.284139355991069875e-01,8.184044094187267193e-01,5.754513620513960204e-01,7.793009426379524651e-01,5.654136050955242965e-01,7.849882030838557512e-01,6.680176130144480640e-01,7.150675276309383932e-01,6.973278054331929487e-01,7.714797347573343345e-01,9.635730231600977413e-01,8.132265032556407203e-01,8.538425396363947817e-01,5.012620265994539581e-01,8.599715720831572208e-01,9.718007038041036605e-01,5.436376396022567503e-01,7.547676333080249877e-01,6.492365159335302671e-01,6.450867646815233725e-01,7.284690885881703881e-01,3.208017516398459779e-01,6.377174714907357655e-01,9.902483019918411067e-01,5.890203858187768038e-01,1.851367320589008270e-01,6.043126071296524016e-01,6.298581235845620574e-01,5.720791051367418723e-01,9.192512433492610047e-01,8.112607017373844043e-01,2.112207680189703285e-01,2.896076120361485984e-01,1.131447539701807142e-01,8.667621580263479286e-01,5.934340179017045802e-01,6.368194388241510406e-01,1.217311150936158937e-01,7.388293654621327367e-01,6.464724444224738686e-01,5.293264551534895279e-01,4.057081329426727723e-01,7.914019985810424318e-01,8.611445216257376245e-01,8.108585202262531544e-01,8.187547605172446064e-01,8.335390780355487195e-01,6.884325060371024874e-01,9.128731411964668974e-01,7.881431881225926528e-01,7.923050475687843930e-01,6.091840755257451612e-01,6.655443522378291510e-01,4.633367094840072364e-01,6.266209465580570015e-01,5.631643539211026450e-01,4.275098914924673199e-01,4.570829597586786863e-01,3.553527719567988186e-01,6.784045160145223408e-01,7.249227947734104838e-01,7.495083400156509201e-01,6.549284716827650232e-01,8.776253430196970795e-01,4.033859307649821924e-01,4.267111769976962288e-01,6.075313873533827458e-01,2.733107916246339530e-01,9.957126941317949731e-01,9.399675483937273979e-02,4.124895570142670942e-01,6.005127515155919138e-01,7.710367431832677587e-01,4.809622829998271287e-01,9.434058649966098331e-01,3.937769116957586801e-01,7.115694282474365195e-01,5.163948275108961594e-01,8.000209542901637327e-01,7.676521205713168206e-01,7.726214768423883550e-01,9.329715943977470172e-01
8.299198133663118204e-01,7.049856235389323489e-01,5.284139355991069875e-01,0.000000000000000000e+00,9.153413277242595791e-01,4.381328669346969129e-02,4.404256566965951136e-01,6.557694399916840222e-01,7.572252385766991001e-01,6.862619609798518150e-01,5.024688379739219446e-01,5.422840109797109065e-01,9.296839248598759431e-01,1.598322192784822626e-01,5.826829655744540926e-01,8.018806707679070334e-01,7.636997258606166294e-01,4.373147861066655762e-01,7.045489382473892892e-01,7.419140327732772766e-01,6.108582786969671830e-01,8.861730560630347586e-01,4.282775715560778740e-01,8.495541033389284458e-01,7.062366248559699411e-01,7.043917051875052682e-01,7.670014940452312135e-01,7.761802014903750324e-01,1.609444272870936832e-01,2.984444922737085060e-01,5.896711031915934376e-01,1.800499778325452271e-01,9.372856237735552876e-01,4.446661435837575560e-01,9.933323098240784965e-01,7.725619559804624004e-01,2.257649926033515331e-01,7.220156550345663282e-01,4.134498742620137390e-01,6.707253953078406994e-01,5.321283296428150900e-01,7.206059283059667031e-01,8.971510896865455553e-01,4.264470544028660104e-01,7.994597899981095157e-01,9.635404165544443345e-01,8.899176147247105373e-01,7.055576076898572024e-01,6.704524627913683865e-01,5.413572373131024795e-01,3.895458759097826240e-01,6.758834315011356120e-01,8.521566155572743995e-01,4.922156027533439726e-01,6.840729919207584331e-01,4.475404727600927335e-01,9.224851847689299333e-01,6.707240155872685738e-01,9.763356949282625541e-01,6.746900858130625012e-02,6.853811506071338933e-02,9.437644772976457874e-01,8.156561921249544378e-01,9.951025007561269398e-01,7.651455730974070502e-01,8.066629005876496672e-01,2.431730057077122198e-01,8.499198635792701850e-01,7.235784074817843692e-01,6.769547127269952558e-01,4.586408285685846797e-01,7.997932888585850275e-01,3.140940238162051035e-01,5.252177768070021013e-01,7.842654063271048415e-01,6.008895967824461337e-01,8.821022170671666274e-01,7.945609575357641674e-01,5.282941334419365420e-01,2.829827050759529672e-01,5.323089415327056928e-01,6.806217149635737096e-01,6.770685184779049459e-01,5.087177732046030965e-01,4.804798778703620599e-01
6.519436119579634648e-01,7.529725792445325361e-01,8.184044094187267193e-01,9.153413277242595791e-01,0.000000000000000000e+00,7.548979007812247621e-01,4.377863660256890999e-01,7.355623457838539325e-01,3.338152296597960977e-01,8.861069077121929149e-01,8.069921733442678713e-01,3.063996193739041973e-01,9.383160093407949542e-01,5.504082444896591930e-01,9.748559336580526757e-01,7.106719790680721127e-01,2.458499269996836101e-01,6.186110371857272971e-01,9.420814421498195923e-01,6.138184207300909634e-01,8.265781652030190774e-01,7.564000929713744492e-01,4.284023679921444283e-01,6.171738924862251174e-01,4.342818956482814574e-01,5.281563348438840233e-01,3.297735253786797105e-01,4.869184162135936078e-01,7.933646067362789545e-01,2.009790941729365857e-02,1.774190851879866790e-02,5.199747134529463244e-01,9.443891606008862905e-01,6.701123670802300314e-01,6.360256044419698718e-01,3.974875523917266174e-01,6.564432562445347008e-01,8.092065281697087276e-01,6.391370172439702069e-01,7.023922336699029989e-01,4.483163615684340741e-02,9.840292866436617381e-01,9.890265184967089729e-01,2.191039711487984265e-01,3.545944662087882060e-01,7.875847160572286842e-01,7.295381033570615958e-01,7.027736035678301407e-01,9.797421798160209638e-01,5.229198786922590880e-01,5.338995163323421167e-01,7.611220961758000669e-01,8.158168857018975872e-01,9.608162372685074004e-01,6.343831600214306921e-01,4.797293884599573843e-01,6.707777356239315036e-01,5.728410104315873053e-01,4.589193946501941013e-01,6.229071219450069141e-02,7.678006234883176795e-01,2.965521410945671232e-01,8.172689110233728460e-01,8.823143156747079718e-01,8.640560933625172080e-01,6.934930582967623325e-01,6.379881123916288921e-01,7.556260114766216729e-01,2.168074292986792995e-01,7.792068454126256372e-01,9.749403008193133768e-01,3.923524392767561153e-01,4.080573719067612792e-01,3.768300053762180246e-01,4.535260280920657694e-01,9.916640713855665590e-01,5.947701882639306881e-01,8.285166673974163620e-01,2.091137840650907076e-01,-1.151488991802416817e-01,4.685761266014714654e-01,6.492417852388413513e-01,1.601724194169308613e-01,7.330863583363032010e-01,4.340929206080443858e-01
6.038097087827051235e-01,5.646232707075354851e-01,5.754513620513960204e-01,4.381328669346969129e-02,7.548979007812247621e-01,0.000000000000000000e+00,5.549275808087362760e-01,2.100670561191384650e-02,4.472049155436008117e-01,4.243330536251341822e-01,8.326023406693702222e-01,6.594650415854100833e-01,6.076529662435327106e-01,9.988647387023562585e-01,5.630415412121290153e-01,6.195663376859273930e-01,3.658916222920858274e-01,4.111584128318741538e-01,6.958924362160707755e-01,7.768765854741728205e-01,4.806672240502258830e-01,6.559334453240178719e-01,6.940811121181033050e-01,8.055514460799398924e-01,6.752630189704882380e-01,7.610475523632195261e-01,6.492910125901500962e-01,6.941993823050757184e-01,4.089999466567218467e-01,2.065239923920705878e-01,1.135679250832060186e-02,6.741727719292203158e-01,7.711740224697731794e-01,4.373567746163695702e-01,4.036129700288646482e-01,4.367420201770690347e-01,3.016689342026184217e-01,9.151030269297225628e-01,5.685129175386973710e-01,6.004738296007172682e-01,-1.709668552846283218e-01,5.504712674302971731e-01,1.090474718883376187e-01,7.782241207732671917e-01,9.467255405044407990e-01,9.918206205829586120e-01,6.192676471627828194e-01,8.763957486010297560e-01,4.781751429318505942e-01,2.269764206372235638e-01,8.289950651436057694e-01,6.621195309090657233e-01,4.657588206700101763e-01,8.203566182427728393e-01,7.761437542789053623e-01,8.183816025486281287e-01,7.862930057332093714e-01,4.925315304561546093e-01,7.238889665190879619e-01,4.796940331248116807e-01,3.169601510953039547e-01,7.259994658812185531e-01,7.290302389076983580e-01,4.135809012029529885e-01,9.707390395100919944e-01,6.260939946946307844e-01,3.912036086865924300e-01,8.909527808986659192e-01,6.483304378571111970e-01,4.986227597806164868e-01,9.381843705093508845e-01,5.147027910695504138e-01,2.120040302033848190e-01,1.459097053058900084e-01,6.413746873660944314e-02,5.343877437663504537e-01,3.207984579124840696e-01,5.831234643034303167e-01,4.569075014872083784e-01,7.892091712184290397e-02,3.299190896628911851e-01,6.434608146113941496e-01,9.308175563834951705e-01,2.639847280673733865e-01,6.388283130879975902e-01
6.082455345766697441e-01,5.258768769534418741e-01,7.793009426379524651e-01,4.404256566965951136e-01,4.377863660256890999e-01,5.549275808087362760e-01,0.000000000000000000e+00,2.184815175704771517e-01,3.964734283577364682e-01,2.414566058642657054e-01,2.766937797734266291e-01,2.851552237526644440e-01,4.414838885240846000e-01,6.035017587663845662e-01,7.058802832671857708e-01,6.639157383142710867e-01,6.878444341589105837e-02,2.351709859488497756e-01,3.854837057688567103e-01,3.868503145034691837e-01,9.062093098847293637e-01,6.373658088087336138e-01,2.170216949988145738e-01,8.108783808046018393e-01,6.882430939457394592e-01,1.468849926816245821e-01,6.268228668499840062e-01,4.999265391013322235e-01,5.547035935745437962e-01,6.989339912894347584e-02,3.711711393370720202e-01,9.222720924872733761e-01,2.744957592027970072e-01,7.574589247368326284e-01,2.376531534193851158e-01,5.497767978529060073e-01,2.915631474039644400e-01,7.073854648798607592e-01,6.165881499409567867e-01,2.667484291353344195e-01,4.139637148125738797e-01,2.334929916583581566e-01,7.213957753366105896e-01,2.083092388802075257e-01,5.800563969695843314e-01,7.794942277083334314e-01,5.359405068969080865e-01,2.737354376681035428e-01,7.841074193201161835e-01,7.962558996278685797e-01,6.635474894515870359e-01,5.411993159884277427e-01,5.816597042778615112e-01,-3.911765502655362159e-02,6.385288086012955722e-01,4.081216391265318766e-01,3.428580948160774300e-01,6.769365944253706857e-01,6.107985094251100477e-01,4.740207614170013350e-01,6.611306299500880890e-01,2.000222861040900080e-01,6.214422809803363812e-01,9.664449118205955536e-01,7.795739272981482282e-01,6.512826431975153874e-01,7.637317833344949847e-01,6.591134190883287669e-01,5.705460813422584820e-01,4.100445849271258658e-01,6.987547967411749106e-01,6.693562127718782895e-01,3.140507211097398055e-01,4.826337957119974376e-01,3.168811356719257732e-01,2.622035145266705114e-01,3.925489725018473930e-01,5.650485186290965522e-01,6.779537790824109456e-01,2.562483286220724743e-01,1.700408038375398057e-01,9.871221473157114623e-01,3.615654413111740739e-01,-4.462702460456380305e-02,6.343265579678128985e-01
8.315342962888797596e-01,5.572966355998496685e-02,5.654136050955242965e-01,6.557694399916840222e-01,7.355623457838539325e-01,2.100670561191384650e-02,2.184815175704771517e-01,0.000000000000000000e+00,7.175826293806749634e-01,4.292288772689355492e-01,7.247054181792327299e-01,7.590602058379460892e-01,3.776006326455474404e-01,5.726687866452209175e-01,4.375746052149327991e-01,1.184859919939109246e-01,6.421200247774424552e-01,5.319157583668940870e-01,7.113177825236143281e-01,8.940558219407204188e-01,8.996153932883922399e-01,2.206572128404876432e-01,4.718626847995928131e-01,6.531761767171302413e-01,4.883625737447689352e-01,7.693902960243039768e-01,4.390517685719632635e-01,2.564663194290278114e-01,5.773647561496354497e-01,4.069635466259478029e-01,6.690133100460207149e-01,1.766324079185511153e-01,1.157185170622818532e-01,6.511909785563270159e-01,7.636798386689870322e-01,3.860154905819886961e-01,3.182722473963671694e-01,7.510196102775723581e-01,4.988113628599077920e-01,2.626655335580954098e-01,7.841480976334672670e-01,2.398247604647107123e-01,7.068505138779043184e-01,4.583876979345393732e-01,8.066628197578701309e-01,4.302882486586517286e-01,4.614425000554745471e-01,7.930514837535103112e-01,4.959302643390358645e-01,4.653474005960748228e-01,5.961014526166931171e-01,6.151271044823818368e-01,5.486010281234569019e-01,5.077170094924069454e-01,5.487497080280244743e-01,5.339103606041192274e-01,5.491368519425848804e-01,3.605518541035276359e-01,9.746644737131849867e-01,6.825938525555202974e-01,4.684660753341046147e-01,9.846364789818558005e-01,4.110425438181521396e-01,7.335473494947604145e-01,8.941355963169352883e-01,5.334866665658595242e-01,4.420141482743576433e-01,7.932992884075205087e-01,5.379900456807045206e-01,5.014003699499707256e-01,2.831824049113528807e-01,5.901177549198430988e-02,3.230606006183123213e-01,2.447388697287884995e-01,6.339082506636083414e-01,3.414985573174829647e-01,5.221390340347219494e-01,7.606869187885120231e-01,4.777824133189231270e-01,2.621888427564330049e-01,2.286816564816311348e-01,8.282262762797225619e-01,6.757401386073472738e-01,3.503762646227823185e-01,7.548774580973739434e-01
7.576084859276492889e-01,8.494274379166529831e-01,7.849882030838557512e-01,7.572252385766991001e-01,3.338152296597960977e-01,4.472049155436008117e-01,3.964734283577364682e-01,7.175826293806749634e-01,0.000000000000000000e+00,3.752169435272488807e-01,-1.319470342237079596e-01,5.888607619392727255e-01,9.341469650322439255e-01,9.264906658431060205e-01,2.738436483878000649e-01,5.354732259357132262e-01,7.064278618262725962e-01,7.196900883372396862e-01,1.414136669899222071e-02,8.303721079246541015e-01,9.099485744613700078e-01,5.958186417581469163e-01,2.191787800478928096e-03,4.043851429379212714e-01,5.830135742096388407e-01,8.128390315735457561e-01,4.989991037989183753e-01,6.656329021410195557e-01,6.284357060784535598e-01,4.648871986374207843e-01,3.033761882585990222e-01,4.869056022932113370e-01,3.799944009014735169e-01,5.442581389439451467e-01,2.246895414569509766e-02,2.268212684160000603e-01,2.685048170266690071e-01,5.049351106190153038e-01,2.264546688140720854e-01,8.305116700066008661e-01,5.866926422595135637e-01,6.255519025409713718e-01,5.757508276875910047e-01,6.025129763291207086e-01,9.610773519628498240e-01,7.882267508358680175e-01,9.426770407054095580e-02,6.226100020386982070e-01,3.064478887960626896e-02,6.082869510735211538e-02,2.294440346341435066e-01,6.114286661569390269e-01,4.276125083507042457e-01,7.085721184766666791e-01,8.134393543378161118e-01,6.309504735180969659e-01,3.409175926277803748e-01,-3.195311741621537083e-02,6.166837228986092878e-01,4.247419036350604804e-01,4.875184140932053434e-01,4.385673655810928828e-01,-1.814068122097422797e-01,7.495295943104220981e-01,9.721608576993039375e-01,5.758703389585512200e-01,7.987766654476122774e-01,9.048909723227398505e-01,7.151557464731372882e-01,6.567694017995053812e-01,8.174579374516507402e-01,6.068860859647038364e-01,2.613050564253596164e-01,5.424533285407322492e-01,7.523944543666241103e-01,5.148940025652714025e-01,5.330489642579010479e-01,4.867102988323005475e-01,2.466690711977835293e-01,3.154764352210274736e-01,2.160247436467264970e-01,4.764989839571588393e-01,7.664283028404711429e-01,2.851294692173768075e-01,4.934895118955550664e-01
6.586884529414495093e-01,3.753053958792934575e-01,6.680176130144480640e-01,6.862619609798518150e-01,8.861069077121929149e-01,4.243330536251341822e-01,2.414566058642657054e-01,4.292288772689355492e-01,3.752169435272488807e-01,0.000000000000000000e+00,6.973557664374246956e-01,5.165565296404690532e-01,6.090114791334607647e-01,9.350767010535381285e-01,2.423637927329098940e-01,6.597135100119649875e-01,2.415664042877193052e-01,6.072357896471951566e-01,7.795144975435450707e-01,4.337089284160743907e-01,8.024159015688607788e-01,6.880191756158999805e-01,9.063673064837695081e-01,8.582681094652098164e-01,7.578380217933963214e-01,7.077317684205897130e-01,9.673952399828313897e-01,4.312806456056768600e-01,3.479779778577988258e-01,4.055711217260835610e-01,5.107380127231799793e-01,5.468588482198860623e-01,5.755647458508291736e-01,6.469844460271945152e-01,2.194006861452358625e-01,5.310701790541285661e-01,2.822502050053349310e-01,2.716501130022627719e-01,9.740017157318059393e-01,5.328871088027684610e-01,2.397058368492257785e-01,9.342627068447458827e-01,7.925112153459786812e-01,4.294337416425823561e-01,7.294922072527564305e-01,8.942681407094753565e-01,2.556970353693371889e-01,9.029155122979158898e-01,4.442087283352267879e-01,7.808710832326358764e-01,6.497280558290015051e-01,4.675887501234243793e-02,7.065798473887727749e-01,3.868766194827344407e-01,6.628675058598765268e-01,6.482196233873408486e-01,4.684622339414464820e-01,5.267974456924704452e-01,3.886745034452592784e-01,2.612999776095718540e-01,3.265962638004857310e-01,7.275401164429217138e-01,4.283993771925148075e-01,6.191490288835235223e-01,8.799244563319290613e-01,5.508531181351320472e-01,7.274988376114864819e-01,6.230778296894603496e-01,4.183200677472116435e-01,4.047853312733504239e-01,4.293589955837692207e-01,8.393205012124673736e-01,4.766632742098061426e-01,5.555569733728028536e-01,7.763496316071032410e-01,7.112930325240837126e-01,7.361711895153955076e-01,4.451494969446533334e-01,4.914640413763246563e-01,-1.209823247879030228e-01,6.065292564519463303e-01,9.631216638869884994e-01,6.268397338270883523e-01,4.042968162778171060e-02,8.616189995946038627e-01
5.346245703332207500e-01,5.366332311714079317e-01,7.150675276309383932e-01,5.024688379739219446e-01,8.069921733442678713e-01,8.326023406693702222e-01,2.766937797734266291e-01,7.247054181792327299e-01,-1.319470342237079596e-01,6.973557664374246956e-01,0.000000000000000000e+00,5.717237794310341403e-01,7.533157166969496332e-01,5.883595226736730854e-01,2.944442538015034083e-01,7.358974407465609380e-01,4.757729838143695544e-01,5.432098718610947063e-01,6.260378883072614808e-01,9.080421377292158258e-01,6.428864966746878906e-01,5.014378183843053449e-01,7.996734015114022043e-01,3.191080604115427710e-01,1.043981595776974913e-01,3.481653055803029528e-01,8.458465991929515759e-01,7.066156172662499957e-01,7.330714244931115786e-01,7.390214527999560135e-01,5.964605852694437882e-01,5.304708234376338538e-01,5.766669038757843424e-01,3.518628722521756069e-01,7.078675758424541886e-01,6.049758329289685044e-01,3.493011723743596475e-01,5.382830211261016018e-01,7.889281864840553826e-01,4.203043550651694993e-01,6.962876505256160309e-01,9.461634340765125994e-01,8.077999413833497622e-01,1.832710091471072555e-01,9.973396584597041814e-01,8.232831061129500805e-01,8.036065318745814201e-01,2.954208513433714822e-01,4.848963753386885678e-01,7.682379369167128269e-01,7.242246524068364222e-01,8.196776740067845957e-01,8.542288697634605743e-01,5.845364797511319876e-01,5.729791639904061595e-01,8.725000582115843839e-01,6.012223117202479816e-01,6.357649664463072003e-01,7.836036677445064047e-01,4.445162617823265605e-01,3.360408894452986406e-01,7.040482287613604173e-01,6.393857032545965380e-01,8.663455253665176548e-01,1.802539860350060030e-01,6.848535966273259223e-01,6.260518332003510711e-01,6.505150962673114101e-01,6.309952011389277082e-01,3.391972753874434865e-01,7.382495808067729426e-01,7.779859303965765971e-01,3.151038023808888644e-01,5.788011713602593256e-01,1.982981253653240128e-01,-1.819386002159052995e-01,7.617720961553393622e-01,6.064897165045847194e-01,7.760510455417243270e-01,2.237214425947696150e-01,5.098711178861076165e-01,7.227773690431684717e-01,3.360442914559911287e-01,2.064560965812229643e-01,6.615304916713065086e-01
3.586173934531022844e-01,7.681638407712166883e-01,6.973278054331929487e-01,5.422840109797109065e-01,3.063996193739041973e-01,6.594650415854100833e-01,2.851552237526644440e-01,7.590602058379460892e-01,5.888607619392727255e-01,5.165565296404690532e-01,5.717237794310341403e-01,0.000000000000000000e+00,7.623996761268729827e-01,2.807014303867924054e-01,2.504094366675677641e-01,5.141016010288067539e-01,7.157819510491049142e-01,2.958321293486443904e-01,8.672269560189548310e-01,7.919405969822803648e-01,7.012576343295213732e-01,9.158864378022247843e-01,7.650350404685712924e-01,9.384662153595173528e-01,2.509616699433387388e-01,9.622432310615629536e-01,7.730936177649578855e-01,6.536883983666036402e-01,4.365554890753433614e-01,6.284815414716595772e-01,3.442792388616502386e-01,5.239603073249682330e-01,4.664185488768425314e-01,6.003311751906476035e-01,6.013738961380480363e-01,5.844868304453112451e-01,3.191881568248783330e-01,9.443539484060314848e-01,6.501911690601419602e-01,7.021791661890164349e-01,4.266106855332565395e-01,7.904332005173022591e-01,7.499945483463661411e-01,8.184157610792426318e-01,9.740659412354641944e-01,7.336631187334098358e-01,8.739623587273981364e-01,6.101831871104128613e-01,4.677829803412867360e-01,9.650559646703242844e-01,5.205921935381675469e-01,7.909730178977837367e-01,9.955714410723893737e-01,5.633464017307833194e-01,5.399752033065631229e-01,6.176272444314089283e-01,2.242810690017255359e-01,6.371353518547890893e-01,6.635223719536988973e-01,5.385715274669853336e-01,3.276985709967041860e-01,1.100526231535986083e-01,5.014639641241122048e-01,7.175380210491500987e-01,8.364926046493124101e-01,5.894814830454936372e-01,7.306842454202914228e-01,7.961870442820698779e-01,5.026490451916223456e-01,7.558717878058465178e-01,8.612789751943865646e-01,2.779073417339608665e-01,3.628311051229164419e-01,1.096907052098148316e-01,3.056436340987501166e-01,2.957653558967379137e-01,5.438434479001809096e-01,4.216871663881355259e-01,-1.299334228550482750e-01,3.378106453462985659e-01,2.151412435249958621e-01,6.545941123723806321e-01,9.140501848536243257e-01,5.359763343062846630e-01,8.208597094455208909e-01
6.614669876062475584e-01,9.839720383169151541e-01,7.714797347573343345e-01,9.296839248598759431e-01,9.383160093407949542e-01,6.076529662435327106e-01,4.414838885240846000e-01,3.776006326455474404e-01,9.341469650322439255e-01,6.090114791334607647e-01,7.533157166969496332e-01,7.623996761268729827e-01,0.000000000000000000e+00,8.934926884516720680e-01,7.424541743264101434e-01,6.389331648584493095e-01,6.863305837774962281e-01,9.234075207283748421e-01,6.598077357758798112e-01,3.844399368096131919e-01,5.457365819291791764e-01,7.025356238678367449e-01,8.177505138867187107e-01,8.405431536894288902e-01,3.534202855541297705e-02,4.882722735755513632e-01,4.229788254852877571e-01,5.147603510678868677e-01,4.892674987468607628e-01,9.101755794246364772e-02,4.709004816943174743e-01,5.528658459368072098e-01,8.287210702849074906e-01,9.690562736259187293e-01,6.291432824895064613e-01,1.240856505789010716e-01,3.631717505593609063e-01,7.309109186866162844e-01,4.661553127238123873e-01,5.272503023888244211e-01,2.904548383893490460e-01,4.375612460585136532e-01,6.475679987734725973e-01,8.209268460704787218e-01,7.201662902656048582e-01,2.557015994641702039e-01,7.604383412184044511e-02,8.809173407885230178e-01,6.026706990806348641e-01,9.083457887124133379e-01,6.869241170809381458e-01,6.081732699135163900e-01,6.006122751774592983e-01,3.131331944964951264e-01,5.462595637353401257e-01,8.845905135825801180e-01,2.333241610765080798e-01,6.018333162228154398e-01,3.918748399388345405e-01,4.660814450549632948e-01,4.125319351185643968e-01,7.878079466083662830e-01,4.852714208655466432e-01,9.967555253122339920e-01,7.118362684533110496e-01,6.488670854352831530e-01,9.886497082988476848e-01,8.632909465818114914e-01,6.216921112380144887e-01,6.127002895755899736e-01,8.568968119611247714e-01,5.421186218754979746e-01,2.818696036432352670e-01,3.312312165961761590e-01,6.304733960066654097e-01,6.806656272097802995e-01,8.966209542429587342e-01,7.798990797962421784e-01,5.294129135528495844e-01,-3.388416731004400551e-01,4.796767145202616156e-01,5.400002231170173417e-01,4.478427205624147533e-01,4.395236130475870251e-01,2.702005493770807676e-01
1.575476277399689429e-01,5.011706477767751133e-01,9.635730231600977413e-01,1.598322192784822626e-01,5.504082444896591930e-01,9.988647387023562585e-01,6.035017587663845662e-01,5.726687866452209175e-01,9.264906658431060205e-01,9.350767010535381285e-01,5.883595226736730854e-01,2.807014303867924054e-01,8.934926884516720680e-01,0.000000000000000000e+00,5.400106185473674270e-01,8.137927707972578695e-01,2.589320106015599587e-01,9.521993972018666375e-01,1.228041102232195619e-01,9.118738737592851917e-01,6.336795717091731062e-01,8.067455197518575982e-01,9.860193935374993446e-01,7.945739051268390085e-01,9.365296492558748687e-02,3.886932917575693369e-01,9.254375599924290485e-01,9.912128146837688725e-01,7.026637071842773974e-01,2.670277548473431461e-01,4.252738413714668431e-01,2.900579825374517418e-01,7.989475080599195422e-01,7.514324209270383248e-01,4.827619140174793100e-01,5.011147621328134738e-01,5.451744782576696258e-01,9.863035315335068054e-01,2.317963125944284275e-01,9.843722118832629597e-01,4.496706017758730356e-01,7.158557267813423497e-01,5.968177849644347166e-01,6.574776962356564391e-01,7.067422783807196796e-01,6.058643584987601916e-01,7.411230352229335461e-01,5.608561187783221991e-01,9.720023718540233837e-01,8.170585135672390198e-01,8.511160971959876864e-01,4.014142075340760285e-01,3.133513740439269890e-01,4.250899857226437817e-01,6.063357408605895005e-01,9.074410915417920886e-01,6.852173194286914626e-01,9.815830911731373565e-01,1.792451932422544636e-01,5.747605914313665965e-01,8.150773569322654344e-02,7.282367742190347659e-01,7.651912216588350191e-01,6.880858375747672673e-01,3.545647345586585564e-01,9.101533695770405163e-01,9.039874872743678402e-01,6.124400829053721074e-01,6.953972699336656849e-01,6.925665059155268199e-01,7.149348204707534071e-01,3.837387900262228535e-01,5.213693669542999176e-01,2.526075641862255416e-01,5.314678361320386291e-01,7.528294906233881645e-02,9.965436357092281039e-01,5.452565606148768174e-01,7.909577445770074045e-01,1.265034745780745373e-01,8.481338215859074436e-01,4.025992143817746505e-01,5.377263425111858952e-01,5.164936408063270923e-01,8.929814568323620749e-01
6.642276304129244302e-01,3.103337450148889176e-01,8.132265032556407203e-01,5.826829655744540926e-01,9.748559336580526757e-01,5.630415412121290153e-01,7.058802832671857708e-01,4.375746052149327991e-01,2.738436483878000649e-01,2.423637927329098940e-01,2.944442538015034083e-01,2.504094366675677641e-01,7.424541743264101434e-01,5.400106185473674270e-01,0.000000000000000000e+00,5.367807869340384119e-01,4.013126633115088326e-01,7.452392115807142670e-01,7.738292668053037282e-01,4.240951931257034846e-01,9.426662911066776562e-01,4.578465106341194635e-01,5.683479299904041770e-01,5.975351719699274478e-01,1.936220205750035506e-01,5.015350576445279929e-01,7.269483141681473137e-01,4.829975734434066026e-01,5.557443943037598810e-01,6.227496774959102588e-01,8.073542583241236081e-02,5.750064200906154221e-01,7.077505584709348208e-01,9.319846965046645337e-01,4.639605046816194789e-01,5.210768104007359458e-01,9.458278507019882153e-02,7.892248653826345883e-01,5.069346642421771465e-01,3.713482984932882092e-01,3.629662090567060684e-01,6.517809964130718559e-01,5.471605561195553857e-01,6.637001814684352352e-01,4.341988691837412873e-01,7.393071348803077480e-01,9.104330505189183187e-01,6.035088790972256145e-01,6.578042683769043109e-01,4.503806149348324461e-01,4.114497207591766292e-01,4.795321735519957884e-01,5.423239153103324162e-01,7.920940743409353724e-01,6.846244147312208206e-01,7.022761915331159344e-01,5.336979216488042521e-01,-3.130648879506832127e-01,6.797011847041896093e-01,4.632290202591409778e-01,4.455184459460603263e-01,8.540139565409310407e-01,5.520211553719142072e-01,7.141745735816885654e-01,7.734618787368570114e-01,6.375247217791524257e-01,7.570051586292256829e-01,9.032811351018952273e-01,5.664922482157237482e-01,2.318711098864982834e-01,4.079066794678297136e-01,6.193878127880168005e-01,2.748938077607191999e-01,9.426503337198931243e-02,5.141754850882664929e-01,7.541313886883102002e-01,8.408875512526365892e-01,2.676705647496084306e-01,4.952539747580013696e-01,8.507001489232435265e-02,4.867077468965483877e-01,6.630952110289799195e-02,8.131120187140014055e-01,5.145308615262070839e-01,2.405793201695127226e-01
7.624554058447292615e-01,7.568832741900404226e-01,8.538425396363947817e-01,8.018806707679070334e-01,7.106719790680721127e-01,6.195663376859273930e-01,6.639157383142710867e-01,1.184859919939109246e-01,5.354732259357132262e-01,6.597135100119649875e-01,7.358974407465609380e-01,5.141016010288067539e-01,6.389331648584493095e-01,8.137927707972578695e-01,5.367807869340384119e-01,0.000000000000000000e+00,7.399912321610578880e-01,-3.981071382883499821e-01,4.839268569224683958e-01,6.650012926327319995e-01,2.172011764241114362e-01,5.441124668362293804e-01,9.014288372624302825e-01,6.646802384632179983e-01,4.399297560093656800e-01,8.359069344451319772e-02,6.918546399514147183e-01,3.530927203409358617e-01,2.346100416110232789e-01,2.271164171930754594e-01,1.081402661362264594e-01,7.004672249340417878e-01,4.447384561225582456e-01,2.236154977314291081e-01,4.675767830579560247e-01,1.135590753845403394e-01,1.140190796562552261e-01,5.097401079504859656e-01,5.181915853624472490e-01,2.378280723262449770e-01,5.555021745758094154e-01,5.004697608268834363e-01,8.069551104577810108e-01,6.522509739226884928e-01,7.672113081213380870e-01,5.053569906340968920e-01,5.243871462737251798e-01,9.656005221866971189e-01,8.670056428334707022e-01,-8.524201223237257152e-02,2.560625828686344807e-01,3.277010482263418290e-01,9.912812018641543599e-01,6.522206027218269142e-01,4.492086218924650765e-01,9.561020545513372326e-01,5.301501269796479177e-01,4.592513567214621117e-01,9.886817491626272991e-01,8.974272745010902774e-01,3.017682619146844769e-01,7.319464710408445374e-01,7.083934035371156068e-02,9.267222552347853526e-01,7.796439059950684980e-01,5.290564545337237412e-01,7.386572907332553672e-01,4.934755903482928030e-01,3.100877707084419010e-01,4.311925524074232130e-01,9.038560942365028161e-01,5.905925838018755147e-01,3.060077391106914846e-02,3.027067474874192143e-01,2.529140752637745182e-01,9.677503677355155931e-01,4.012835183867741184e-01,6.113636781738484016e-01,4.765056010837958045e-01,2.930498259071117606e-01,4.154275545085715504e-01,9.969560572403054488e-01,8.580611059674805308e-01,7.341566725724540943e-01,4.140045716706525214e-01
7.575976198539967621e-01,6.784094826135552703e-01,5.012620265994539581e-01,7.636997258606166294e-01,2.458499269996836101e-01,3.658916222920858274e-01,6.878444341589105837e-02,6.421200247774424552e-01,7.064278618262725962e-01,2.415664042877193052e-01,4.757729838143695544e-01,7.157819510491049142e-01,6.863305837774962281e-01,2.589320106015599587e-01,4.013126633115088326e-01,7.399912321610578880e-01,0.000000000000000000e+00,3.321540854048866676e-01,6.888272673477361385e-01,9.363391855735457847e-01,8.507588848591920438e-01,6.505844724985134775e-01,4.359959795291110662e-01,8.758193419314077577e-01,3.881746200257393253e-01,8.993374995373495384e-01,8.548551038788899659e-01,6.819757901271835676e-01,5.862375726275430576e-01,3.541289488419325782e-01,3.082105980867783090e-01,9.798687800254587410e-01,4.070742708799083287e-01,6.916196357621667845e-01,5.491784798140600943e-01,5.629931651784207958e-01,5.556751029928941321e-01,9.863694081595271168e-01,8.717458864518644601e-01,7.608824474618801625e-01,6.522535576969495930e-01,4.475475469202603307e-01,9.084123569887463390e-01,4.613093992005892763e-01,6.647189646360088799e-01,5.787680192395733281e-01,6.954836406450707331e-01,7.372282142184048981e-01,7.285822801025947371e-01,8.449112550835536917e-01,8.601541958736000915e-01,3.808847445880140237e-01,7.584049669690892115e-01,6.333694580245592398e-01,7.181020752375850691e-01,4.988607231912743356e-01,7.543258672997215086e-01,6.151586832045962128e-01,9.153993052761494331e-01,3.102266047217335232e-01,6.608104601236111098e-01,9.640068448270735502e-01,5.891052994733835257e-01,8.986332940783922085e-01,9.870257147514052143e-01,9.776807414029473620e-01,5.558152621507814750e-01,6.164881796435848216e-01,4.220293990966644260e-01,8.749485050572554101e-01,4.116617936209992501e-01,7.368553859467705802e-01,6.594558406241185500e-01,3.934169576387130940e-01,4.374811655882629990e-01,9.281184693389430418e-01,8.956324454456315864e-01,3.037876544706794024e-01,2.429157916330310640e-01,3.202889641024573436e-02,6.197102332455112217e-01,9.299105687216000504e-01,4.675265024600632757e-01,8.648970013546012359e-01,8.574249352429430537e-01
7.009897493649518418e-01,4.284226311599388937e-01,8.599715720831572208e-01,4.373147861066655762e-01,6.186110371857272971e-01,4.111584128318741538e-01,2.351709859488497756e-01,5.319157583668940870e-01,7.196900883372396862e-01,6.072357896471951566e-01,5.432098718610947063e-01,2.958321293486443904e-01,9.234075207283748421e-01,9.521993972018666375e-01,7.452392115807142670e-01,-3.981071382883499821e-01,3.321540854048866676e-01,0.000000000000000000e+00,2.813925937472937511e-01,8.092179722304024825e-01,8.601210958393703532e-01,3.549936539371942867e-01,4.128835583382258756e-01,5.045309664491510748e-01,5.089435678095655113e-01,4.271916037944046285e-01,7.114623924609269068e-01,5.537353442579837637e-01,2.046491071131893158e-01,3.803536069168150791e-01,-1.393876417894316100e-01,4.977554459963425271e-01,6.385461630971489555e-01,7.651670948945723527e-01,7.237167319192627790e-01,4.631007694050923718e-01,5.329646072817619817e-01,5.074979664654047373e-02,5.759961701941368473e-01,3.055810160648594342e-01,1.303617599657883597e-01,7.040618457490924742e-01,7.760358577506465405e-01,5.605090929888314477e-01,8.048681620490200084e-01,7.777133140235427122e-01,4.454809370560187665e-01,7.835146152991212531e-01,2.917704875030700529e-01,5.804048219059767533e-01,-1.777829720442720141e-01,5.285043165135780985e-01,5.251022260103257455e-01,6.273900317673694049e-01,6.385590295263687821e-01,9.623417659325507190e-01,4.442753899783279392e-01,8.224544863445848453e-01,6.624868992760238884e-01,6.444072403682554739e-01,3.877381871687174408e-01,5.137076052902151968e-01,7.330472160648275892e-01,7.142472734764481190e-01,9.008410147857059957e-01,7.421407957155455870e-01,7.141262873613762885e-01,9.621385773043557021e-01,5.238004071209910739e-01,5.108431451113498722e-01,3.876651105572447298e-01,6.825810712732942598e-01,2.056770896786164760e-01,-1.228327455534775070e-02,4.681279709629117547e-01,6.756999726301646803e-01,7.907155424027960677e-01,5.173873315518631166e-01,1.889071127349613577e-01,3.916467285705919621e-01,4.195947915746984225e-01,7.826655069752248561e-01,5.359824260455248179e-01,5.829624977309350031e-01,6.361164255716074134e-01
