0.000000000000000000e+00,5.537912371782974796e-01,2.625749554598715285e-01,7.125583223641247521e-01,7.244609413197983239e-01,7.661640922871310044e-01,4.574174074209854113e-01,6.199926020661353787e-01,6.861799718502068490e-01,9.205066830524418764e-01,9.165364547156836794e-01,8.977945211179909624e-01,9.590701669403223217e-01,9.233926811778397914e-01,9.749209203365905019e-01,6.744687826669862885e-01,9.603268519904917255e-01,5.241839898924874896e-01,6.820971337633746634e-01,4.171692784635577800e-01,9.658967879817978996e-01,8.405400283659264504e-01,3.309331304737767043e-01,9.428030822182212889e-01,6.564388144744972564e-01,8.777509967435725979e-01,8.552736480162840271e-01,7.339551049278918438e-01,3.691274579571173220e-01,3.406651923363892553e-01,2.629462848387667528e-01,8.888973015971600722e-01,5.206605168825728658e-01,7.957156215470313487e-01,5.313311548851483712e-01,3.189214188464354893e-01,4.566022041645904639e-01,8.411511367890729396e-01,9.465609990929557682e-01,7.930163665057878841e-01,5.684757352854699075e-01,9.828985257387354846e-01,9.801416785817670396e-01,6.767194972706711553e-01,8.599327530382316898e-01,7.996541573733393360e-01,4.491570017457873210e-01,9.364421354356752270e-01,9.887932882638591492e-01,6.903194295882547626e-01,6.511774039896274235e-01,6.503110177145217108e-01,7.341198738440856131e-01,6.920727054245539023e-01,8.084790918029167717e-01,5.050245958375969568e-01,2.116692391253427452e-01,4.577373393919757505e-01,8.932655309358356055e-01,3.756173492718993812e-01,3.403700908827708149e-01,9.233091813234662881e-01,9.557691597322508503e-01,6.025749920844105656e-01,7.521666779039487549e-01,6.798537807140914158e-01,7.420132589412385959e-01,5.672993552462805011e-01,3.124653481210358241e-01,4.909820068826072914e-01,5.182268678737944612e-01,9.318350157191223060e-01,6.591933144459716232e-01,3.226094537198936352e-01,6.444130960279399467e-01,9.187552941224136349e-01,5.974824302654696551e-01,7.910397646617290945e-01,6.224817860990481400e-01,2.848275877722710736e-01,9.287778119570576640e-01,9.241304077136676121e-01,4.352338907981997407e-01,7.533147728759767014e-01,2.039715525403074936e-01
5.537912371782974796e-01,0.000000000000000000e+00,8.921149199963372967e-01,5.751631295842298819e-01,9.940422931902517245e-01,7.626493144896497878e-01,6.815689679032754800e-01,2.879379879825751942e-01,4.062003962294840065e-01,6.440055679995320137e-01,7.655537167081052363e-01,3.880035164489503696e-01,4.139694503852340834e-01,9.168121516427076845e-01,2.009384480124689829e-02,9.615397735085102759e-01,4.625327715789406824e-02,4.828922925262446597e-01,9.068792993496129773e-01,8.218600624102909702e-01,4.674262764370641920e-01,6.922288410752345245e-01,2.747718782195996412e-01,4.108603871563006327e-01,3.267328848432771715e-01,2.596538050165099754e-01,4.173244846322063939e-01,3.346454194547811012e-01,-3.014457014768356924e-01,4.134987680923480347e-01,5.703034359607819237e-01,5.973815949553664684e-01,9.666166140927792139e-01,7.988501792080959785e-01,6.235591767701783583e-01,7.017789900202232589e-01,1.637900115737599416e-01,6.332407689284696994e-01,7.973574663361888692e-01,4.705899803833186179e-01,-2.451894281244840212e-02,8.003974670206780440e-01,9.356263161130328188e-01,-3.712147326862249019e-01,6.708456663614509319e-01,3.278897996528754577e-01,7.238757382825903308e-01,4.500925495063647364e-01,3.260906300109819300e-01,4.198362154702886540e-01,7.698788099380586836e-01,-2.780114400770336558e-01,6.453951720248594093e-01,6.291872897336314718e-01,8.742634727676029671e-01,7.864908357697449892e-01,8.126297326016385103e-01,4.004480034688882584e-01,7.519596040580546203e-01,6.491182136808325565e-01,6.168274573300573937e-01,6.126861993906673742e-01,6.689075150377264967e-01,8.906218341388919546e-01,7.950402729875095664e-01,9.483911969899085914e-01,6.952134718198035301e-01,6.735458919761283525e-01,7.393304419459065802e-01,2.267467696896955653e-01,5.736313992965970110e-01,5.057252408459902426e-01,2.293019290653886821e-01,7.040678389606175314e-01,9.094084038116897473e-01,3.565857935323230032e-01,6.733054748745089801e-01,4.980310292404580008e-01,6.312715707033771106e-02,3.096814238324436253e-01,4.500936599843742836e-01,6.910077643332614983e-01,5.423539702573817456e-01,4.146835760559214878e-01,7.183671473846365840e-01
2.625749554598715285e-01,8.921149199963372967e-01,0.000000000000000000e+00,6.441123414315802487e-01,4.945602011438129386e-01,9.204821450148816808e-01,8.259180414331038778e-01,9.753254545487967109e-01,6.949694627748326248e-01,4.584697291633653138e-01,9.224344857482924542e-01,5.058531089968242300e-01,4.236903374743370421e-01,8.923880486747721719e-01,3.502275366433952875e-01,6.079995014805723574e-01,6.198143546572754126e-01,7.908996287870377895e-01,6.382777969789060757e-01,1.411699820117254534e-01,6.829303905061432367e-01,6.608324860110308396e-01,6.989694658298367669e-01,9.869840889029386499e-01,6.691002892508441935e-01,7.808305747080965808e-01,8.853836659206043569e-01,9.443661361022082090e-01,2.816464723840217399e-01,4.813212549985346755e-01,5.955839951318304681e-01,6.412449092763679026e-01,7.612514687577425221e-01,7.060902029291384885e-01,6.534740537893839463e-01,5.346955415608871665e-01,4.740023515706142665e-01,6.897445869198611801e-01,8.165430924572725235e-01,9.019225144170244235e-01,5.776140906613356218e-01,8.294624824131469065e-01,7.085727605658878048e-01,9.315704343547137611e-01,6.695779446386697087e-01,4.564591259874403728e-01,5.966261003947987973e-01,6.965845298353821047e-01,9.692284454555243345e-01,9.603252536988626797e-01,4.393995947398011137e-01,6.044081038961816033e-01,7.273005418084914631e-01,6.933374565555712188e-01,7.963330183333376944e-01,4.248162567778612786e-01,5.452428676572113053e-01,8.278048623410964035e-01,5.842405028169240788e-01,6.158564962131496401e-01,-7.245777804642888897e-02,6.010571488134728302e-01,6.405181618975337443e-01,9.675957584633482211e-01,5.487515575610539820e-01,2.452419954814331338e-01,1.413401285513207484e-01,8.293805167013252877e-01,9.515777563232041825e-01,6.744280963087865288e-01,4.329147731995582893e-01,8.076034058690809703e-01,2.948095888163483336e-01,2.776025604889810761e-01,7.300818699857970495e-01,6.526529925534367838e-01,7.820852768790935716e-01,5.420020460584225042e-01,3.999526074386823837e-01,3.604592934143778793e-01,4.860819082744675668e-01,5.120632365980495315e-01,9.679350550650727136e-01,9.512343222740808901e-01,8.916776605119135501e-01
7.125583223641247521e-01,5.751631295842298819e-01,6.441123414315802487e-01,0.000000000000000000e+00,9.707488287884687983e-01,6.244851105193832685e-01,6.987049305638831642e-01,9.745649104813995933e-01,6.506604352003472203e-01,7.540020521490911065e-01,6.266464399241894467e-01,6.612279711425083084e-01,5.380227251312541537e-01,9.861802957151544202e-01,6.045179404142784207e-01,5.085207066201032911e-01,5.611328846085629207e-01,7.391673386145735103e-01,6.039531247960240323e-01,7.674890660599861247e-01,7.639941257209803549e-01,9.633282512668684960e-01,8.216794800543985033e-01,5.759574362012132021e-01,-1.860306574728095019e-01,9.516684576079909030e-01,2.702589230080227889e-01,7.238585960829785337e-01,6.265627496554154741e-01,6.571236314304987891e-01,2.719437665139832205e-01,5.532070771036231571e-01,6.693594060652762190e-01,8.830375539887738157e-01,4.131966695020765079e-01,1.824230301299928914e-01,-1.873601622320999749e-01,6.658417659440878378e-01,8.345555951136020001e-01,3.816863023025240942e-01,5.153645533074585616e-01,8.891671844284001480e-01,4.369340594236921227e-01,8.685820048159924589e-01,9.881650741548377859e-01,4.680153097242322757e-01,6.014886586809430336e-01,4.077049806747358174e-01,1.739442112857024214e-01,2.473512308773208601e-01,6.368466598978380633e-01,7.133245990249504898e-01,9.878674412172727681e-01,9.926911501797864856e-01,4.072215597809702992e-01,9.028047154751598358e-01,2.625413396676338218e-01,2.903503693689775678e-01,2.439833833520020923e-01,5.793155311192388357e-01,4.783405986551230171e-01,9.926492648877884850e-01,5.321693199902229887e-01,9.330623339464627630e-01,7.646766896931940227e-01,8.964920133735340135e-01,6.477545550030140431e-01,9.009862424034766892e-01,7.147197300902050632e-01,5.567552324059177327e-01,8.996663375225900650e-01,4.777923171691588755e-01,5.852285007080390011e-01,5.711395894402129247e-01,7.552279239016387313e-01,7.389407103071463645e-01,6.520983652291792998e-01,6.800312760202478213e-01,2.013277373049028873e-01,3.740094902774898644e-01,5.008975444355475704e-01,1.638345747595842672e-01,8.290165340077776390e-01,6.355209304601755482e-01,4.253930036269329418e-01
7.244609413197983239e-01,9.940422931902517245e-01,4.945602011438129386e-01,9.707488287884687983e-01,0.000000000000000000e+00,5.992663733314074204e-01,5.587550148339457401e-01,7.030956925333273766e-01,2.730845576897103499e-01,4.054735126127568257e-01,4.610085424656502617e-01,9.229357866560011781e-01,3.447927147569590511e-01,6.895117025450636650e-01,7.400645220333043062e-01,9.532635509898768067e-01,7.925766056886129896e-01,5.870661410536697211e-01,6.656043298694983568e-01,5.665012820896534462e-01,4.244960013491914097e-01,4.075946042546141346e-02,4.866488941319186967e-01,9.853696047727791285e-01,2.593437367310994501e-01,7.868211161460648695e-01,6.929665050024602646e-01,5.492164184120247317e-01,1.148839074487135840e-02,1.390441271608119089e-01,3.691447761333511157e-01,5.337878599539300772e-01,6.070304554266191532e-01,7.504315823184083412e-01,6.516933625250438400e-01,5.858326932866391168e-01,5.283133599060539920e-01,3.601907052536623688e-01,7.337835043638090138e-01,9.394849343069691106e-01,2.251623600937902314e-01,7.939224771479110876e-01,6.014153470356664588e-01,7.153117190471228737e-01,3.333604959279755642e-01,6.607116041255510774e-01,6.101191212612814274e-01,5.085330009483992608e-01,3.129793843102559592e-01,5.743204617483156360e-01,5.040406483844314112e-01,7.181751660923271219e-01,6.243813138929752427e-01,7.614788055816766876e-01,8.166895343264193308e-01,7.150963895736625053e-01,-3.214578201140858016e-01,7.779236315814302971e-01,4.114164880320081430e-01,3.430465581828577859e-01,8.364602975743326008e-01,3.134648025395564974e-01,9.026583144628695932e-01,6.517300701956019182e-01,4.257206805837004948e-01,8.073424863300698862e-01,9.492125236198560856e-01,6.273371906195862602e-01,6.209342653036759030e-01,8.450550808186858553e-01,7.800321296685999162e-01,4.309577605111341581e-01,5.887380296925704970e-01,4.958062574796013866e-01,2.998293618680545891e-01,6.266610193859653011e-01,7.281132048828352632e-01,4.404464300408804656e-01,7.208737749049238808e-01,5.751857364318710975e-01,5.618462177593146478e-01,6.312241766805632981e-01,4.052592786381133960e-01,1.695090679070678785e-01,4.948877276371594913e-01
7.661640922871310044e-01,7.626493144896497878e-01,9.204821450148816808e-01,6.244851105193832685e-01,5.992663733314074204e-01,0.000000000000000000e+00,5.669316383187845698e-01,2.147037658294352336e-01,4.348453809846044016e-01,8.007422580949872248e-01,8.755402334186268565e-01,6.673960900209584546e-01,9.931878737352748399e-01,4.120738219096248822e-01,3.065701238851677446e-01,2.712029365466067654e-01,6.327045322987756570e-01,9.625003941053641432e-01,6.535424131155683769e-01,2.590963586298276611e-01,9.981565671464269762e-01,6.063339730191905641e-01,1.691842614337847328e-01,5.282129501972224750e-01,3.555624351198825028e-01,6.087918627529644855e-01,6.282921953117767133e-01,8.843114930006279462e-01,3.173501506737228528e-01,4.672173317652935642e-01,3.237348475840458317e-02,6.018351169051415761e-01,9.583848741048026643e-01,7.969821578035088949e-01,5.534467829596840804e-01,2.828314325653399353e-01,6.575980276579336259e-01,7.752128245470957420e-03,3.956886596572005699e-01,4.745432368446769744e-01,2.777006340787986916e-01,1.111389226147322662e-01,7.714316953932129906e-01,6.134581388891181541e-01,7.417028770028886164e-01,9.125003582960766746e-01,7.351432354032788608e-01,8.804220209589170842e-01,5.645811233933427653e-01,4.161307794712179042e-01,7.134013932428890925e-01,5.405230305557068293e-01,7.240954380387786271e-01,6.944745752757710555e-01,6.343987600394103143e-01,6.236764742709794973e-01,1.071595809475436346e-02,9.678409226490602979e-01,9.042887803542916103e-01,5.560730887131987155e-01,5.604107161680540461e-01,3.151449312559650440e-01,7.769158928132287034e-01,5.184892435497909791e-01,6.745608473001770689e-01,5.843726370447854812e-01,7.184033730980418087e-01,6.280339851755796232e-01,2.614971233629479475e-01,7.264698464943392109e-01,1.111294051253602089e-01,3.308507717025063743e-01,1.191649844051869273e-01,5.012053445869044666e-01,5.917141894390300916e-01,7.293811126098236342e-01,4.180078985088375165e-01,6.239797287202559772e-01,4.369606159879767526e-01,3.016039137288255012e-01,6.668761466766245372e-01,6.462401706483639208e-01,5.619052886654848367e-01,5.289872641077660864e-01,7.819924159638759198e-01
4.574174074209854113e-01,6.815689679032754800e-01,8.259180414331038778e-01,6.987049305638831642e-01,5.587550148339457401e-01,5.669316383187845698e-01,0.000000000000000000e+00,5.870246673782300029e-01,8.413702847457410483e-02,7.047263010736779520e-01,3.761058419234409866e-01,2.284863784770550521e-01,6.248596526637906212e-01,2.153418007911062637e-01,7.135971597060153382e-01,4.109152462012509721e-01,3.489354543003494458e-01,1.425943683195459721e-01,5.533682031409005164e-01,4.415513231842695396e-01,7.220882243462838357e-01,4.278854784584474880e-01,5.767872928889519191e-01,6.206202831249117979e-01,5.076141472233878238e-01,7.125965227500744570e-01,-4.258029670870033812e-02,7.764793317310885179e-01,1.672861569987428298e-01,4.753780672804017171e-01,5.961346691696212119e-01,1.779106261557251989e-01,5.723262631921097743e-01,7.306331420919602859e-01,7.537042463844954021e-01,2.759941846962492562e-01,3.683576182563633727e-01,-2.882451538793304735e-01,6.190293779737067181e-01,7.341596931030137663e-01,7.144559965495815845e-01,4.445805045457664195e-01,7.046304944973567075e-01,5.551871227061176972e-01,6.281145711934430498e-01,5.101970481537935198e-01,5.853289247313231414e-01,5.647397610192335105e-01,7.048119885546085817e-01,4.001424832689416400e-01,-1.265310300044592551e-01,2.386350812794026388e-01,4.721067743810917205e-01,2.809799490937723299e-01,5.199265274731259545e-01,6.892267094156949714e-01,3.218191904077433718e-01,1.347590497237265150e-01,5.032929557608565307e-01,6.983037916272939460e-01,5.816004500904995433e-01,5.626725538776657931e-01,4.754443613890532716e-01,9.117943549251750213e-01,9.909790229844345211e-01,3.424763169821325448e-01,2.835793668679179591e-01,9.808198863128472222e-01,7.631718965019486101e-01,4.933533461169875567e-01,3.298559075890390435e-01,7.163874227119756410e-01,5.176587075187493170e-01,6.819493665529846593e-01,6.131009063547532278e-01,4.779918484669124501e-01,4.755065408770589030e-01,4.531504926433696512e-01,2.108308887548849819e-01,4.719374721058767208e-01,6.095846283785365527e-01,7.146766932344787993e-01,3.622161209273387916e-01,4.914748001386783915e-01,6.296844650156845358e-01
6.199926020661353787e-01,2.879379879825751942e-01,9.753254545487967109e-01,9.745649104813995933e-01,7.030956925333273766e-01,2.147037658294352336e-01,5.870246673782300029e-01,0.000000000000000000e+00,5.715044929039603261e-01,6.771805776893113915e-01,1.796741586562990711e-01,9.126967539660492124e-01,4.853674376071517305e-01,7.973922982200671861e-01,7.576324306256645436e-01,5.889134407059214427e-01,8.609047674559393570e-01,3.431696417071222749e-01,7.346584489333992662e-01,8.451974914175403031e-01,1.218751843473510760e-01,1.946204485577385235e-01,1.985227079565889119e-01,6.448131383179304121e-01,2.296791034780478191e-01,7.045217280287200401e-01,5.495872903270307974e-01,5.567027325132736237e-01,5.864306623814291575e-01,6.710932002659057982e-01,2.813791232619371474e-01,7.948062786619954911e-01,8.009745017516211041e-01,4.892286762904240471e-01,6.411532242555982863e-01,3.387714619411182904e-01,2.822789577326246802e-01,6.710026502342268939e-01,6.605945945251603391e-01,7.045046938256183111e-01,3.581109015468250112e-01,7.145040343528831217e-01,6.237089343027195643e-01,2.412559752194055884e-01,-1.048747902386325259e-01,3.891006144270543476e-01,5.532152419523306275e-01,5.554661257307319522e-01,1.947477378279354188e-01,3.166085169451040571e-01,5.978080914889525310e-01,4.923788653606256949e-01,4.221570587139831243e-01,6.797434047256993850e-01,4.786551948638739784e-01,6.570103877052986263e-01,5.075414996058255079e-01,5.847977509813506725e-01,5.831411050751753589e-01,2.823481149493233811e-01,4.674948545017075241e-01,6.991059237757627498e-01,5.409351166231388675e-01,5.572070482403477243e-01,8.938891788628530177e-01,2.200957857119950900e-01,2.729800238226722797e-01,6.376373680290993162e-01,8.960261080574750611e-03,4.420177885341625146e-01,4.436513984781630393e-01,7.071969866651027781e-01,3.309122216105396808e-01,6.003544514773041518e-01,3.873623337302167791e-01,2.724615631363781487e-01,7.125946393673547874e-01,3.023071214831300479e-01,3.456980002595981261e-01,7.068047868428516123e-02,4.405045967818250752e-01,5.999513341507451969e-01,8.573726807082269197e-01,4.479874627191392511e-01,4.330150900761056687e-01
6.861799718502068490e-01,4.062003962294840065e-01,6.949694627748326248e-01,6.506604352003472203e-01,2.730845576897103499e-01,4.348453809846044016e-01,8.413702847457410483e-02,5.715044929039603261e-01,0.000000000000000000e+00,8.954482849930016641e-01,6.507361698958877838e-01,7.831712810717853523e-01,8.880477603067581382e-01,7.608294044137298151e-01,3.009906747654848003e-01,4.590344091458040676e-01,9.654226549977460436e-01,5.677940502720755234e-01,4.149968325817234849e-01,9.716353225863939569e-01,9.328992767168423628e-01,4.671443787769679057e-01,8.858259494877344098e-01,6.147478654429215927e-01,2.128212628301861253e-01,7.656384657157602192e-01,8.643284509406169436e-01,5.950309038905765568e-01,3.056788836334604076e-01,4.818514379524928559e-01,3.802980554426346194e-01,5.994997062868273607e-01,7.689411030126821478e-01,5.081269034294660925e-01,7.983561121345619238e-01,2.277000223127536305e-01,3.110712059636328020e-01,5.584453626379476399e-01,6.934552312466998325e-01,9.813582530374431734e-01,2.686717909331511056e-02,4.638664140220530863e-01,3.225059861492070024e-01,7.673231049514234181e-01,9.577454154923259466e-01,5.941448427192534965e-01,4.687376964241973809e-01,7.794762750360523240e-01,5.651937090433805100e-01,7.091253370726627869e-01,4.931412615220895912e-01,8.292696539244227560e-01,7.725845226567888968e-01,4.184568191167041262e-01,9.499340085541213563e-01,7.971951014161210436e-02,6.184362137843728568e-01,7.301685035943726865e-01,9.434246259712756322e-01,9.764169877060480118e-02,7.696443776641941348e-01,5.096640898503248529e-01,4.832792878178575613e-01,6.475900908757503682e-01,8.759415334778744011e-01,5.587517641857207007e-01,2.146816162573794706e-01,7.660793637833659409e-01,3.504036873482020420e-01,7.000376573050456352e-01,6.173793490939863959e-01,6.042655197400441658e-01,5.424218933716893343e-01,3.959206231649570196e-01,4.473740599320686906e-01,6.482429190247859241e-01,7.746847854928142763e-01,2.931228315441096188e-01,4.527122492675134668e-01,5.532815678382175043e-03,4.447750080989520405e-01,6.924041128811186940e-01,5.891935855084530216e-01,4.444423902333270449e-01,4.239920907293813213e-01
9.205066830524418764e-01,6.440055679995320137e-01,4.584697291633653138e-01,7.540020521490911065e-01,4.054735126127568257e-01,8.007422580949872248e-01,7.047263010736779520e-01,6.771805776893113915e-01,8.954482849930016641e-01,0.000000000000000000e+00,9.730893373099929189e-01,8.752853885931780598e-01,9.499105590856230519e-01,6.967737355892633655e-01,7.561410985853981304e-01,9.716327053825164484e-01,3.280322020313758413e-01,4.790555432793212054e-01,9.863435392249392253e-01,7.849542670808159484e-01,7.785040143399302170e-01,2.070422328878683549e-01,9.295067655393447481e-01,6.586087806694225222e-01,6.349293584298116855e-01,7.892270738030843225e-01,7.298549326849230745e-01,5.529313201141119460e-01,6.408521781337161993e-01,2.893544495599617572e-01,-1.014069688530994662e-01,2.581588023735945092e-01,7.742794485008458460e-01,9.945221467467180165e-01,3.894564921191761009e-01,5.291937964181153697e-01,4.604811726364943514e-01,5.596079030489634620e-01,3.579059299413911432e-01,6.651665359936064226e-01,3.411947685191886181e-01,5.397011529806188257e-01,6.444519811770230699e-01,6.549061639169242444e-01,9.482590710375545795e-01,3.299452715855401008e-01,6.836908186794453668e-01,5.542830926352957377e-01,3.071869829696795007e-01,6.070160325951451386e-01,5.646416216829224233e-01,6.758179031105236989e-01,8.985336779486843284e-01,6.910465441747651871e-01,6.702833121558851026e-01,9.343088286370075934e-01,5.924010138166345696e-01,9.114895643592678398e-02,2.685444417288416208e-01,6.339383313694835209e-01,5.421255671650287988e-01,2.113516484546778540e-01,6.279971015854842742e-01,7.056433475328757199e-01,6.257428559809011803e-01,9.637861135537632018e-01,6.926089268172375135e-01,4.961365609980118441e-01,7.409617498807810065e-01,9.089257671343296818e-02,9.470267512598933290e-01,4.077265310946272536e-01,3.269856932092780610e-01,3.924419259487972322e-01,5.270910472046621553e-01,1.793494143691342912e-01,6.827644217423702866e-01,7.449489572207846910e-01,4.814233538761498732e-01,2.131809146149466205e-01,5.093834860102015583e-01,6.067563870818105665e-01,6.519607595253631427e-01,2.801052346330565879e-01,4.941975910922401516e-01
9.165364547156836794e-01,7.655537167081052363e-01,9.224344857482924542e-01,6.266464399241894467e-01,4.610085424656502617e-01,8.755402334186268565e-01,3.761058419234409866e-01,1.796741586562990711e-01,6.507361698958877838e-01,9.730893373099929189e-01,0.000000000000000000e+00,-1.464445777594619857e-01,9.596253101058235258e-01,8.592935350871075961e-01,5.921335610969885588e-01,8.168709902329039929e-01,6.121669888193742581e-01,8.826031980055961679e-01,4.629855190531601550e-01,4.528985870845091410e-01,6.764531144815020269e-01,8.792359286468253154e-01,6.989651945711111702e-01,7.038876116860377508e-01,-7.245141661204934636e-03,7.636210006028320008e-01,6.688373781171090826e-01,4.265898390400381657e-01,4.365800733235847830e-01,4.476152908205610070e-01,3.543509089490082253e-01,2.564092453606175992e-01,7.811956012805234550e-01,7.911403083487410504e-01,6.543608359308421552e-01,5.117481831206520670e-01,3.971489170823039316e-01,4.690345100150501434e-01,8.343148019772070878e-01,6.566742539116897648e-01,4.572472796812117046e-01,6.005845345148722592e-01,6.779404351332051215e-01,2.270789005126380433e-01,9.429235705313150362e-01,4.546155375492625939e-01,8.520668225551952801e-01,8.223070524675665238e-01,7.904638466163849131e-01,6.813622278079788375e-01,6.109885561930256115e-01,3.492510200212720628e-01,8.695055648500667200e-02,6.909565786682404509e-01,4.676723578399696324e-01,8.721369047091737103e-01,6.976554956216557413e-01,6.206455269965399646e-01,5.205009797393352899e-01,2.287953595316625788e-01,-1.472742694854759782e-01,4.674789622439182724e-01,8.034784666616883175e-01,8.943082306937182313e-01,8.383837834154204138e-01,5.382632078550571020e-01,4.549253963714461335e-01,4.054246556605765051e-01,2.020028341085436663e-01,6.293286347248840951e-01,8.509849470717179010e-01,2.659546919584341862e-01,3.739898636498797946e-01,3.806057230443073980e-01,2.915684856377583900e-01,5.079800733052278749e-01,9.661991811189438728e-01,5.981748586938164802e-01,3.161437919446966616e-01,7.957673135740044312e-01,-1.795799489776887525e-01,8.656018473395576951e-01,8.966557944116569923e-01,2.131538818502579091e-01,7.565624898338857429e-01
8.977945211179909624e-01,3.880035164489503696e-01,5.058531089968242300e-01,6.612279711425083084e-01,9.229357866560011781e-01,6.673960900209584546e-01,2.284863784770550521e-01,9.126967539660492124e-01,7.831712810717853523e-01,8.752853885931780598e-01,-1.464445777594619857e-01,0.000000000000000000e+00,7.415174453547439537e-01,9.860467292428847230e-01,6.128686757856159906e-01,6.042468722747995624e-01,7.516798602685450525e-01,1.876944336356965726e-01,1.881692193519013956e-01,4.810746215320187424e-01,8.677488830525487140e-01,5.960437005205042604e-01,4.814411972947184037e-01,5.899530000172794608e-01,6.647383163860295374e-01,6.277293414556953666e-01,7.908420401720867021e-01,7.203530910997444359e-01,1.851610966435690564e-01,2.805523793966782087e-01,4.608857854465591708e-01,3.800803424414043730e-01,7.047689304842151836e-01,4.422701057872330255e-01,9.783425024585337137e-01,6.588161099240228413e-01,3.825382922733320396e-02,5.220771057294860684e-01,9.201011999287591614e-01,2.949661099621182503e-01,4.859103430958047198e-01,3.169751503616586308e-01,9.410385063684587603e-01,5.362556770500085390e-01,5.220836383307047024e-01,5.921125637514781381e-01,9.946155703993634356e-01,6.436019436349286194e-01,5.563708796519092337e-01,4.022750797913194898e-01,7.805947460020975504e-01,6.244922929304101977e-01,6.333243507169626918e-01,2.309507582795339853e-01,9.466515867290590247e-01,8.878148857633892943e-01,5.090237498930043625e-01,8.958552881160064540e-01,4.329165242489917409e-01,6.301080106083574162e-01,3.374693281727416672e-01,5.162808578893621769e-01,9.554095506207397337e-01,6.081837846030700989e-01,9.355518653845100729e-01,6.508962472518700082e-01,3.658354763396250431e-01,9.596488666635781817e-01,1.803550754646709997e-01,6.975618465132988888e-01,5.656136237859353821e-01,2.618086777965918932e-01,1.520224962594786122e-01,6.626298747490714236e-01,-1.547971939816628062e-02,6.679963781509575815e-01,4.236973524775066169e-01,8.239752700215410286e-01,-1.606467634449342818e-01,3.317790418792018192e-01,4.441576655994292078e-01,6.380781022285257897e-01,6.814068479185244609e-01,2.131804196155771131e-02,6.702074877571758682e-01
9.590701669403223217e-01,4.139694503852340834e-01,4.236903374743370421e-01,5.380227251312541537e-01,3.447927147569590511e-01,9.931878737352748399e-01,6.248596526637906212e-01,4.853674376071517305e-01,8.880477603067581382e-01,9.499105590856230519e-01,9.596253101058235258e-01,7.415174453547439537e-01,0.000000000000000000e+00,7.950659842045734171e-01,8.421355095018745462e-01,7.227746695164749546e-01,7.673110884344134242e-01,6.177198357282795982e-01,8.920338554713520551e-01,7.709509480951448612e-01,3.280389638076290915e-01,9.767308028619426929e-01,3.711951006271788644e-01,9.836152371305422193e-01,2.960293326285713400e-01,4.756100198565649251e-01,6.713577295962243063e-01,2.139013868125811402e-01,3.936394443130610821e-01,6.812500052956756980e-01,1.888105008954822084e-01,3.251805513417942439e-01,7.425154006783256655e-01,7.797476349138789953e-01,5.900491883875010890e-01,3.881455613559696705e-01,1.744605950415897833e-01,9.902544538277213704e-01,7.669892787246732624e-01,3.265527924455284836e-01,7.438006989012924119e-01,9.740076890754701955e-01,7.945229015464924105e-01,9.201057902721290205e-01,6.262684159993988642e-01,4.433249019338393881e-01,6.834174422437658825e-01,9.429827992478279075e-01,7.470039305189219991e-01,7.112293799246731663e-01,8.517478924245027727e-01,3.023493985967861120e-01,9.471473174800496553e-01,7.478912668899310168e-01,7.467632114848710145e-01,8.281880038445287306e-01,7.025388643222312268e-01,5.273015756061474324e-01,2.966940774102213574e-01,2.655657489769978619e-01,3.919468428579304664e-01,8.719199800267019018e-01,5.024157876751839114e-01,4.671367640356590134e-01,6.940398709358970297e-01,9.639794032776918264e-01,6.634404569937557561e-01,7.079816912530990658e-01,6.100183039748175995e-01,9.176663070303856529e-01,-1.341228056092053089e-02,8.743493502327333022e-01,4.352521235752186413e-01,4.808097834724603392e-01,6.074629278791678910e-01,7.313507986907386016e-01,5.416749898469350732e-01,7.332828732039621267e-01,3.250988318381906605e-01,3.562498720965889820e-01,2.094100921159968431e-01,6.730785215916699205e-01,7.168753741135277524e-01,7.219932843392462551e-01,6.518284129688433071e-01
9.233926811778397914e-01,9.168121516427076845e-01,8.923880486747721719e-01,9.861802957151544202e-01,6.895117025450636650e-01,4.120738219096248822e-01,2.153418007911062637e-01,7.973922982200671861e-01,7.608294044137298151e-01,6.967737355892633655e-01,8.592935350871075961e-01,9.860467292428847230e-01,7.950659842045734171e-01,0.000000000000000000e+00,7.958708462735509803e-01,9.071544495267082064e-01,5.948441272810331970e-01,3.157701145648167396e-01,9.907882613321630227e-01,9.202047309740216674e-01,7.495677826010400668e-01,7.099412466112932085e-01,6.085765231981660195e-01,7.951839379355803983e-01,6.598897507065051293e-01,8.802015079315386181e-01,8.035019186333711705e-01,1.325065190134629978e-01,2.603903952933735999e-01,2.184291997346734238e-01,3.463389291507111833e-01,6.862758341162799036e-01,9.284643436082611334e-01,4.260695973933348313e-01,8.140830383787395208e-01,6.059683645463119772e-01,4.124921497196305520e-01,6.406842504969570973e-01,6.358522515167667200e-01,6.808819612933483256e-01,2.346732989041782624e-01,8.962894874517201016e-01,9.449880508366891307e-01,7.814241011993650066e-01,8.518640308393903293e-01,9.382076977190556555e-01,7.873862501641281098e-01,6.060994584139762775e-01,7.471493197903356087e-01,9.822532008126739766e-01,6.012900805431645734e-01,4.069159405498431470e-01,7.693439806420456772e-01,4.867401156009090735e-01,8.101261764206958427e-01,9.471804847517752979e-01,6.073053138563092590e-01,6.406421010500576996e-01,6.856834618378905288e-01,3.125000378242398513e-01,5.598278333586699240e-01,6.516370408634919453e-01,6.657301168180925766e-01,2.744791946352269640e-01,8.325431413334551944e-01,8.717144152075755326e-01,3.829220898005873952e-01,8.447838129725275813e-01,7.466931592209646862e-01,6.215671443001847818e-01,6.626978994436556469e-01,6.987705751414446942e-01,2.453508480484288823e-01,3.956532212781047608e-01,7.068875526100788509e-01,7.840299087196306305e-01,8.094181214045902406e-01,7.168485938336434105e-01,5.702633885305520289e-01,3.789330906208254746e-03,2.953557280788064454e-01,4.393513663146741965e-01,6.277862860660436972e-01,3.983517263492382110e-01,9.777536500002070863e-01
9.749209203365905019e-01,2.009384480124689829e-02,3.502275366433952875e-01,6.045179404142784207e-01,7.400645220333043062e-01,3.065701238851677446e-01,7.135971597060153382e-01,7.576324306256645436e-01,3.009906747654848003e-01,7.561410985853981304e-01,5.921335610969885588e-01,6.128686757856159906e-01,8.421355095018745462e-01,7.958708462735509803e-01,0.000000000000000000e+00,2.519426593272802717e-01,7.880770409043615921e-01,6.861789365272394914e-01,5.078685674660583516e-01,8.092822071435848974e-01,7.913284404597162869e-01,6.519167734191688712e-01,4.610441087009178873e-02,7.804542561288416724e-01,1.472377276801740686e-01,7.634219379946052264e-01,6.987891932227082714e-01,9.487730081108887159e-01,5.344280389883594440e-01,7.375947314473365601e-01,4.553271089205513933e-01,9.574976595930477785e-01,5.608838232673167834e-01,3.850867061914504119e-01,3.764327652059561435e-01,7.601607418557270179e-01,7.840967654505839324e-01,5.570429893151978007e-01,9.774383405993690710e-01,7.907449064884940482e-01,4.290051064792158586e-01,6.992189923316843858e-01,5.696781049153569754e-01,4.646678714437322277e-01,9.510373109394140156e-01,9.077791476587586672e-01,7.345078896512401423e-01,6.396929757809888262e-01,7.062940970404042451e-01,3.671573180971003381e-01,7.010719956843065592e-01,5.307563754124884348e-01,5.094926856324216713e-01,4.681740437734087656e-01,9.618517432940516532e-01,8.084082927972269239e-01,4.175931560124159780e-01,6.240316146764490757e-01,9.440876153318461528e-01,7.538096341272054746e-01,1.932261476828570634e-01,3.581394687823163947e-01,5.972560260074566418e-01,5.173155518435389455e-01,7.215666229317719838e-01,4.216025646802399884e-01,7.523513432430234404e-01,7.910568180624529822e-01,4.774764891354526530e-01,8.872127531852408433e-01,2.928096538155819939e-01,2.133590833580599200e-01,6.813234117267524814e-01,5.723856120938268788e-01,3.027468583143886338e-01,6.511280834537752638e-01,1.787036767588245367e-01,2.196070483936357343e-01,4.610820808074002075e-01,1.411306346915600363e-01,4.171430990252626980e-01,1.426836182569245215e-01,4.182713348936294429e-01,3.100133480113607676e-01,6.032410189983566928e-01
6.744687826669862885e-01,9.615397735085102759e-01,6.079995014805723574e-01,5.085207066201032911e-01,9.532635509898768067e-01,2.712029365466067654e-01,4.109152462012509721e-01,5.889134407059214427e-01,4.590344091458040676e-01,9.716327053825164484e-01,8.168709902329039929e-01,6.042468722747995624e-01,7.227746695164749546e-01,9.071544495267082064e-01,2.519426593272802717e-01,0.000000000000000000e+00,7.561463347324368645e-01,6.745758629245248716e-01,4.314461286829339159e-01,6.651434907890847459e-01,2.326588317063933709e-01,4.228357967284315233e-01,8.076938677724017079e-01,8.974061043739139931e-01,6.324754001489805155e-01,8.375096538891100284e-01,6.435329065009752769e-01,9.730082027155140256e-01,9.975596964013064838e-01,5.623612686981542819e-01,4.917659866669542024e-01,1.488241255867640278e-01,2.207855501672929266e-01,6.728120891884289412e-01,7.938228788635340871e-01,1.013286554235223874e-01,2.500182899548133442e-01,4.572861233011366044e-01,6.231321462235523967e-01,9.321933739609030711e-01,5.073769397278599103e-01,1.487995235099698055e-01,5.683051062128539055e-01,4.739325794519344548e-01,9.462162617149206811e-01,6.695862802144261217e-01,8.910364725761292792e-01,4.464496034161407056e-01,4.050668277281116447e-01,4.816983239227937696e-01,5.998540898491110385e-01,7.365098061895881676e-01,4.718207273094225940e-01,3.918475035080519753e-01,3.112261582929868875e-01,9.049855587215963615e-01,3.732547213699672906e-01,7.413592629784205856e-01,8.002572200419934001e-01,6.967609709895153935e-01,7.718766871921921569e-01,5.962684070573380790e-01,7.218173054571758174e-01,6.846992836939873595e-01,9.169290397398750514e-01,1.951043611721116622e-01,6.454817647321211549e-01,9.274254017300580522e-01,4.662609195043829757e-01,2.353936788925577728e-01,7.795986179886803535e-01,6.889081648171677674e-01,4.209906533581010413e-01,2.044917132897527412e-01,3.027189690826284085e-01,8.761101938521931309e-02,6.039929185862712435e-01,5.744913343321971233e-01,6.292573198952494673e-01,2.578444718404984126e-01,8.064604105917002608e-01,6.895853479629148186e-01,1.300591492956988116e-01,3.563020058077867036e-01,6.034276787674349718e-01
9.603268519904917255e-01,4.625327715789406824e-02,6.198143546572754126e-01,5.611328846085629207e-01,7.925766056886129896e-01,6.327045322987756570e-01,3.489354543003494458e-01,8.609047674559393570e-01,9.654226549977460436e-01,3.280322020313758413e-01,6.121669888193742581e-01,7.516798602685450525e-01,7.673110884344134242e-01,5.948441272810331970e-01,7.880770409043615921e-01,7.561463347324368645e-01,0.000000000000000000e+00,2.000893859893336790e-01,6.558923601649380153e-01,5.970183149089205443e-01,8.236355607593829342e-01,5.338428679941814581e-01,5.849437833258744890e-01,6.421958897839210589e-01,8.311477082624248169e-02,3.408590024835227439e-01,7.087218255642516729e-01,3.618850892477314396e-01,5.928410824029074488e-01,2.755931765922032817e-01,8.549356887624213197e-01,6.534809450328744607e-01,5.560370528816211966e-01,5.683560763557468087e-01,2.628081557887730346e-01,4.304817652013841478e-01,-1.362185008684651533e-01,9.013939359255428441e-01,6.516951549134630817e-01,6.204663408662609569e-01,5.613096085243771682e-01,5.580272295361324852e-01,9.887049391903102169e-01,6.007204242693623408e-01,6.670141630602607341e-01,4.272883948767965401e-01,4.733721751004143496e-01,9.062561476723033360e-01,8.404979863787822580e-01,4.221294761595517642e-01,5.610807893680067604e-01,7.753373162437083854e-01,6.158935022658087455e-01,5.167745997497514843e-01,4.786703862544314791e-01,6.065161104893842525e-01,7.976132301781253542e-01,4.893090616826124561e-01,4.825098672366897046e-01,4.346235648227358972e-01,1.659719681964944016e-01,8.104287854502471022e-01,6.371000271321468622e-01,9.890162970676608101e-01,9.598531690431348906e-01,9.354679018973416360e-01,8.230833375488751935e-01,4.452638706382275324e-01,2.055013533309556495e-01,5.884939129882844622e-01,6.827675621951098117e-01,5.286365851439943642e-01,3.728946391433115015e-01,4.293498629535628108e-01,3.471970230067863428e-01,2.603223850823834229e-01,4.552481491605062658e-01,7.751659520398069825e-01,4.317299146316152525e-01,1.567811371782316665e-01,4.457562189582314205e-01,6.205430287273883128e-01,7.831635838853594489e-01,2.384391882151031816e-01,7.308275093988425564e-01
5.241839898924874896e-01,4.828922925262446597e-01,7.908996287870377895e-01,7.391673386145735103e-01,5.870661410536697211e-01,9.625003941053641432e-01,1.425943683195459721e-01,3.431696417071222749e-01,5.677940502720755234e-01,4.790555432793212054e-01,8.826031980055961679e-01,1.876944336356965726e-01,6.177198357282795982e-01,3.157701145648167396e-01,6.861789365272394914e-01,6.745758629245248716e-01,2.000893859893336790e-01,0.000000000000000000e+00,7.665720471604391406e-01,4.201681128342207305e-01,5.942655865411823335e-01,6.084210668695618773e-01,5.603151851114627213e-01,8.867407569345303608e-01,2.615975847520113362e-01,7.577976265496437769e-01,8.397417867477017239e-01,7.618069836826326657e-01,4.864806354741291750e-01,2.518948715498434687e-01,5.335008349492812441e-01,3.805207419512348643e-01,7.911888650903935449e-01,1.189664129729299247e-01,4.932725543902177767e-01,2.060724980115861416e-01,4.829678419668362865e-01,9.067735296488328711e-02,6.480551261222377013e-01,5.080343431166660650e-01,6.690887466939728911e-01,6.627905663661285418e-01,9.271269526622368806e-01,3.716331286254058730e-01,7.036312915922595668e-01,2.452012754626191060e-01,4.712824056646860438e-01,2.587401660783754109e-01,2.692677034663121249e-01,4.977460045745313866e-01,2.304953570124090578e-01,6.759480668846858942e-01,7.824225017658640313e-01,7.904707121932149638e-01,8.169377659648866530e-01,3.211376110366112036e-01,9.593965460899788189e-01,3.799158634145298752e-01,8.173397114527632956e-01,4.769974820820886974e-01,7.975149272574602044e-01,5.906564530806187596e-01,5.013884658109065695e-01,8.489441320573597460e-01,8.335554575777306408e-01,8.004470279942983713e-02,4.803545290725228512e-01,6.774146722409823962e-01,4.480536356544619347e-01,3.107719508543090037e-02,8.137623266404996336e-01,2.876453723347606184e-01,2.819247340985974737e-01,3.344859320724913321e-01,6.115358098514970253e-01,5.309790892483505775e-01,5.310437957032776435e-01,4.771193936678821967e-01,2.607985519726484513e-01,4.638887307193555465e-01,6.849138081572910819e-01,8.710996888791762149e-01,4.671891814791164221e-01,2.891918139194042947e-01,5.865010797414476063e-01
