0.000000000000000000e+00,9.827151033420948867e-01,8.942451884376710902e-01,6.944332319444962431e-01,6.616604204488798491e-01,6.098406869696907373e-01,3.001251306908635508e-01,8.100442570170444112e-01,2.842420550677361435e-01,6.728939738929657910e-01,8.305780264850283201e-01,8.986661721461629559e-01,7.987898556222120527e-01,4.767629646810779276e-01,5.201861876552129615e-01,2.629622824681883131e-01,7.612430350286669700e-01,9.014507665780945311e-01,4.277697930352981071e-01,7.855280729058720102e-01,4.889737188953083846e-01,7.314685507015505905e-01,5.592428573278196424e-01,4.932273830161507111e-01,7.673141695117411398e-01,7.155664907450635104e-01,7.051018192811897567e-01,8.705941301634272378e-01,5.072115035934108285e-01,3.296964687529326810e-01,-6.644223676834551395e-02,8.143198418834430852e-01,9.896767841750708783e-01,7.198745120822190868e-01,9.567927268274338815e-01,4.017582343022586544e-01,1.063570244578922012e-02,7.331133881100695415e-01,3.304447624266431127e-01,6.141311870413797003e-01,5.681689311642161844e-01,7.185901293407996882e-01,6.301457520602409268e-01,5.209749921689204033e-01,9.104822169014262778e-01,9.921442136125682154e-01,7.179291830205954961e-01,5.565820208705261063e-01,4.273540996285301041e-01,7.010344910657760886e-01,5.592361199488246060e-01,8.223540883651920819e-01,2.483462344892048423e-01,5.574333341258401742e-01,6.866744006919328625e-01,7.640781599509181010e-01,3.756699023979009899e-01,-3.479286670945158644e-02,9.398316098606880331e-01,5.905691397640988605e-02,2.482291376963182972e-01,8.445370707934012344e-01,4.090141433271003990e-01,2.463435488093264625e-01,9.959166211248027256e-01,6.026628272163927491e-01,9.682990688422257186e-01,6.130246501727072417e-01,8.661630094283758741e-01,7.121268721086737585e-01,7.150168634604044948e-01,9.368166873549207407e-01,1.540373245494432441e-01,6.396188665842698073e-01,7.439378174504884811e-01,8.057560905045620947e-01,5.864669382703571188e-01,9.060785308591329246e-01,3.895764600548978773e-01,3.863595066811132961e-01,6.961237218675333516e-01,8.703901612209760108e-01,4.006058770528433399e-01,1.418637889283791420e-02,2.582613991503401873e-02
9.827151033420948867e-01,0.000000000000000000e+00,6.133291957390716309e-01,7.087694075554219486e-01,8.533412958450388164e-01,7.723044661236948549e-01,5.949537349525871877e-01,4.236784862955148556e-01,5.008042647695045702e-01,5.318657723341669863e-01,8.846374498538177589e-01,8.120057427537885619e-01,7.673992109132627970e-01,9.719384935427010097e-01,5.371689120297746811e-01,1.285365460603527521e-01,7.325445415660558623e-01,8.201337453846349046e-01,4.122078069580873971e-01,9.098318185496797605e-01,8.516404070665940518e-01,2.070192141503985617e-01,8.122032426868040778e-02,9.370447582438979905e-01,5.971358950381622233e-01,6.852580182630633177e-01,7.413596980313167384e-01,1.963599284934255951e-01,2.511490234131941168e-01,7.686024850255301910e-01,2.405179209606218005e-01,3.111473400086759433e-01,3.791316546858956027e-01,7.923176434522620770e-01,6.672893672391364550e-01,2.641202488311438779e-01,9.535181092569208205e-01,3.334731555507539774e-02,9.665272601600760627e-01,5.689514279633144378e-01,5.287662339984997573e-01,7.404019501334322406e-01,6.099576637555068626e-01,6.688450732737224458e-01,6.457292593603963793e-01,4.998297215252989201e-01,7.419828096399698758e-01,9.664409147838134428e-01,6.867080795426540041e-01,6.974767337521273758e-01,4.197427925281375094e-01,2.499717671631351279e-01,5.597139656654669393e-01,4.079292842584562040e-01,1.993731355085767154e-01,8.465755767642290097e-01,4.002605612909670985e-01,6.855607316701305409e-01,7.633168085303869699e-01,5.278864007374058920e-01,1.397653574267986032e-01,7.307944127189605066e-01,9.609106574507541021e-01,7.299022472758780467e-01,4.177700870596935956e-01,3.921616566016937755e-01,2.226349350631325330e-01,8.974467327225787994e-01,4.547582067016781582e-01,4.893771256370925693e-01,1.042480784698416457e-02,1.265086476571437683e-02,3.904649653157132860e-01,3.393961537200232970e-01,4.349299917579989572e-01,3.551938589605188046e-01,6.825108180804279057e-01,5.726530947764278956e-01,-1.932506065064124035e-02,2.717182144029781643e-01,5.757537988709813259e-01,9.686434336119984501e-01,6.079474944148428595e-01,2.149599058999718260e-01,5.886967679009753873e-02
8.942451884376710902e-01,6.133291957390716309e-01,0.000000000000000000e+00,7.460215687587398170e-01,7.329529052924861343e-01,5.174774708678322455e-01,9.242076527887022053e-01,5.358194421937719776e-01,7.575268999210743592e-01,6.882937064366008162e-01,9.992511295111146108e-01,5.921914215271451010e-01,4.173063243611275785e-01,7.039736344308329397e-01,8.666003455850822546e-01,8.198541208345010434e-01,5.094711683853302420e-01,6.109232527535685131e-01,6.444086150527262857e-01,7.930977457267289754e-01,9.946622063264920488e-01,9.685298362909957604e-01,8.821346087129050551e-01,9.571608375776605726e-01,8.487390819294031719e-01,9.965239079396432942e-01,8.585022608863586147e-01,7.099537433222721239e-01,2.413486592371335560e-01,2.170827204316131964e-01,1.927425807922771295e-01,3.306681019521546805e-01,8.133953364508762496e-01,9.020825150870356302e-01,4.823468633537772443e-01,1.535747695765233567e-01,9.397573285192091508e-02,9.214783710431444508e-01,9.158611705278957293e-01,6.407488764913644719e-01,5.894896715346059635e-01,8.130917677003877131e-01,7.157350743493628986e-01,9.505280342667696836e-01,6.550077064992310127e-02,6.306798242887239336e-01,8.584351970266991261e-01,9.912259965118237481e-01,4.135709829367345547e-01,9.747200579238708418e-01,5.884392403667848548e-01,8.654000504771355295e-01,4.708897840437048510e-01,8.905866559274405736e-01,5.599683227321147205e-01,8.978618972206771076e-01,7.755039234428325878e-01,9.086068889365234158e-01,7.877303272406230850e-01,6.007378743434562685e-01,5.552479076653481505e-01,4.614388893785297818e-01,8.100902848687967506e-01,2.052722391588734374e-01,9.134108072992439542e-01,7.221560048354078720e-01,7.588792292481070234e-01,8.724286452985799967e-01,7.942970576889628598e-01,8.483066148167981435e-01,9.899145754705795941e-01,5.664507459433942849e-01,8.731123761069922162e-01,4.356334530859709564e-01,6.586103989709785056e-01,8.335741276004213773e-01,1.490437430565870747e-01,9.562738377331065909e-01,3.210865697845078359e-01,5.461429440121945422e-01,7.005021632793096975e-01,6.454947793592936689e-01,2.763620656242580242e-01,7.938906085931618506e-01,6.603110711217470286e-01
6.944332319444962431e-01,7.087694075554219486e-01,7.460215687587398170e-01,0.000000000000000000e+00,8.465388663013005965e-01,5.245845833787141643e-01,3.902816172032608569e-03,7.270740914345477091e-01,5.216468480174929478e-01,5.264195744498508800e-01,8.614926908218052404e-01,4.585404100057077215e-01,3.300810986234246069e-01,5.658694878893948399e-01,9.745854530713442543e-01,4.477637048232064876e-01,2.846118815062471663e-01,7.846635506313122121e-01,9.892577384735249391e-01,5.595987839827376575e-01,7.897711968851621744e-01,9.000725038319622451e-01,2.341478416170756638e-01,6.676306836996654948e-01,4.727763774924555462e-01,7.372245295392878539e-01,6.801830410972640184e-01,6.105485355830768679e-01,5.420882177783254985e-01,1.382046814090272073e-02,3.819973140517013421e-01,3.053198288027270668e-01,6.933314671601544799e-01,9.520722056988274451e-01,4.753394623065544389e-01,4.382914197908328591e-01,3.092396860628901512e-01,7.370149281292848187e-01,8.936314810039536205e-01,3.360438075099203559e-01,2.412058878174895005e-01,6.857905978239097200e-01,8.366696994274849253e-01,9.593834965795836611e-01,9.585864200830493953e-01,7.533284763680229146e-01,6.158083088478143452e-01,7.815666648213487333e-01,7.084027936873550368e-01,8.316578071644368242e-01,6.213406774396045273e-01,6.139295118502329229e-01,7.825030604415208479e-01,9.293122811678684592e-01,8.252488922609378941e-01,7.147905696164912337e-01,5.889200244670851347e-01,1.714333892229602252e-01,3.466113435111617957e-01,3.820673862611297100e-02,4.187628810716392813e-01,5.296490674153268019e-01,5.127735763993712670e-01,6.360678895820667256e-01,3.941453947116312362e-01,9.644125805616385883e-01,6.874899923266059032e-01,9.707040781377379579e-01,4.881987309454960400e-01,8.990698312861716834e-01,9.853937123602808379e-01,9.520626738245542287e-01,7.479092085147138746e-01,5.033769870651952916e-01,4.831454909346766247e-01,6.780829549834953285e-02,4.211490273895929226e-01,6.166086159253583165e-01,1.742637346422855615e-01,1.188844564646942825e-01,1.260136958051378923e-02,6.816271102580330199e-01,7.389753976261930202e-01,2.131021626690739190e-01,6.034590390228415924e-01
6.616604204488798491e-01,8.533412958450388164e-01,7.329529052924861343e-01,8.465388663013005965e-01,0.000000000000000000e+00,6.791149234163897930e-01,6.682521294738252848e-01,5.555575883635781587e-01,3.120054457764380174e-01,4.971007035087811055e-01,7.015876280524805386e-01,7.725525747396477794e-01,6.244692295239813173e-01,8.631427568204343981e-01,3.225416320702300110e-01,9.819856409866957181e-01,5.573601014570095380e-01,8.544792153879847696e-01,7.366036099649985180e-01,9.849101751979412178e-01,6.776868390104884288e-01,3.263983967312643619e-01,8.237564050180086195e-01,9.538951022677650826e-01,2.410693240426227679e-01,5.938240553178439907e-01,6.856313833477497566e-01,7.719362861569614154e-01,3.540801502008399382e-01,7.186042123687348404e-01,4.810934899446887014e-01,4.041704371950943786e-01,6.258683327082082970e-01,7.094806210116214595e-01,9.758064725439660192e-01,2.709633827118437255e-01,4.606963600502733125e-01,3.575270842999047627e-01,9.443353475524725038e-01,6.850848958879507400e-01,8.820135100264930861e-02,5.167292777944854087e-01,9.607650579055173612e-01,5.330315549817290499e-01,6.175160163027583193e-01,5.675630894008980576e-01,7.011816736783229587e-01,5.739721971806088785e-01,2.904994823578063712e-01,7.887857382583982613e-01,6.063412661437623807e-01,8.864926390572861470e-01,6.062187636892059084e-01,8.425282555916048244e-01,8.543913382650120125e-01,6.328831991385072131e-01,7.310939286569932694e-02,7.873276697769278076e-01,4.334872429903737223e-01,4.215934068842158711e-01,3.297211829156970753e-01,4.839802549479764737e-01,6.352932958872329339e-01,6.979427155348659761e-01,9.452528961369043303e-01,6.100702915950266814e-01,7.238828446435299213e-01,5.030374493060014718e-01,6.535484844237036128e-01,7.738462726133638059e-01,8.125418716586245704e-01,6.835161605679085373e-01,4.956255481971076349e-01,3.838663419410823785e-01,7.288590290279360895e-01,8.373621154537880251e-01,2.915739665231402156e-01,4.702568745904788239e-01,5.355275171116796740e-01,3.858432319001928734e-01,5.728323019120414028e-02,8.501926320676036486e-01,5.893678667726551801e-01,2.732942655159111833e-01,6.056379514451600832e-01
6.098406869696907373e-01,7.723044661236948549e-01,5.174774708678322455e-01,5.245845833787141643e-01,6.791149234163897930e-01,0.000000000000000000e+00,-3.224672853644669490e-01,2.491026093519081164e-01,8.870530728422935107e-01,6.110372274855001562e-01,7.229516260805548544e-01,2.722215309291243779e-01,6.863100108895413554e-01,9.695632903421597115e-01,4.303837655610804336e-01,7.059450902765111724e-02,8.232681479316753537e-01,1.072106720575577432e-01,8.263221596999823504e-01,6.719239911329659698e-01,8.264503377885251689e-01,5.556967355575035405e-01,6.983708710071269143e-01,8.810395958109430437e-01,4.108773921098620163e-01,3.434810601785547313e-01,5.973327185180061782e-01,5.343409159478639259e-01,3.928521363729231552e-01,7.493936740444984146e-01,3.950645464092340520e-01,4.563177087629942119e-01,8.330463741227276397e-01,6.350314167057677928e-01,5.234485399100937686e-01,4.287323230075602010e-01,3.110203568835094856e-01,6.445974309623444531e-01,5.400016681694944642e-01,7.043515756604746825e-01,4.275950123768937350e-01,4.307656897675176677e-01,9.488907639573760378e-01,5.519106376670129821e-01,6.547422408485036316e-01,7.222193477346539048e-01,2.105957909054597677e-01,4.330051830244967537e-01,4.619318572855585225e-01,6.146152466232528422e-01,7.204252298900658547e-01,8.473576224205261465e-01,3.211606427035199607e-01,9.410573448890141579e-01,9.612249649269649643e-01,4.252647533264367063e-01,6.543593630949573470e-01,5.971808702994942930e-01,2.630222217523098815e-01,2.135104565909785035e-01,4.533048232437468794e-01,4.572657138518375630e-01,9.053949908368349453e-01,7.709103147864977412e-01,8.102012551262848250e-01,2.411183635873240250e-01,8.576422950709293724e-01,6.526404353905048694e-01,3.390186047178883610e-01,4.002435419242689196e-01,6.636945567373196964e-01,6.911375982534130324e-01,4.523676997413208500e-01,2.531245303551713510e-01,5.002416658181750853e-01,4.411474178126482265e-02,4.735937316976766009e-01,1.007066836176822577e-01,4.930066588777278769e-01,1.226316020005868146e-01,3.852146099976185845e-01,6.561359692903601104e-01,2.187903151934308954e-01,7.234945783461944613e-01,8.494150378050563388e-01
3.001251306908635508e-01,5.949537349525871877e-01,9.242076527887022053e-01,3.902816172032608569e-03,6.682521294738252848e-01,-3.224672853644669490e-01,0.000000000000000000e+00,5.639237809198022200e-01,4.167501267095272688e-01,3.051718402672130570e-01,3.622647490640346080e-01,-2.938589940448488314e-03,5.419534958703642324e-01,6.429895499998408148e-01,2.251017063876845081e-01,4.560417377836947228e-01,4.437318655536167111e-01,5.478030135773642728e-01,3.365101338667757513e-01,7.271439373866063205e-01,7.171071875903153314e-01,4.673705988374077247e-01,6.113309072879309358e-01,7.614119010011051181e-01,7.030968250423899057e-01,5.279968078184609226e-01,5.544185558157156413e-01,4.957751777759905609e-01,2.806961267504186619e-01,3.116310311595720250e-01,1.305154762712999461e-01,4.994804021312492792e-01,1.076478239574231027e-01,5.329144667863104923e-01,3.286524661160795668e-01,4.737754894683722240e-01,3.878487284869398533e-01,7.074947146746041193e-01,6.929605079628932129e-01,2.738778822654522327e-01,7.371140314659591075e-01,4.573007728287693530e-01,5.078232759797721707e-01,3.264805080653814251e-01,8.946445555344013645e-01,4.631017984306554647e-01,4.793330297310859356e-01,2.308285108352588211e-02,7.167904768808662785e-01,3.500598835315949509e-01,4.198812055816958377e-01,5.431412365154952848e-01,3.044577531312896990e-01,4.849787556113090981e-01,5.284312077773681837e-01,8.334645283080847067e-01,5.877027544919278812e-01,2.275920999215050311e-01,7.752413076940437575e-01,7.787760334446248711e-01,2.775138518895130524e-01,6.901159868792444696e-01,6.318645043739102851e-01,8.142706315777271664e-01,8.084342161065096732e-01,7.521616777729481229e-02,6.378851515841099662e-01,6.677812594007657143e-01,7.169265329738273573e-01,3.884682024871720651e-01,2.671036208654916644e-01,4.904189755114754523e-01,5.858200752223681196e-01,1.492462202288682427e-01,4.521848842416995029e-01,2.463717930835441217e-01,6.455867519287312728e-01,7.237781864113757013e-01,6.043104132264538464e-01,4.186858150450478155e-01,9.983071665773678438e-01,7.366173685231642843e-01,6.416649528277833525e-01,7.921948499047353209e-01,6.617410061963975298e-01
8.100442570170444112e-01,4.236784862955148556e-01,5.358194421937719776e-01,7.270740914345477091e-01,5.555575883635781587e-01,2.491026093519081164e-01,5.639237809198022200e-01,0.000000000000000000e+00,6.484746363244393574e-01,7.765116915109031570e-01,3.629924928092896907e-01,3.884911403767110638e-01,1.470603852797900540e-02,6.852192473948021112e-01,5.113424289656802735e-01,2.345746374376529442e-01,5.770699608845962780e-01,2.194774294051900776e-01,4.201362249622381806e-01,6.699158026243462460e-01,9.158359393646847701e-01,3.074878171848207109e-01,2.857064613172972667e-01,7.904835850582094814e-01,7.907768334184264170e-01,7.292572032926640802e-01,6.600715758006968636e-01,3.002322669844585956e-01,7.807494570748592100e-01,4.589479522568044034e-01,7.336468409969003346e-02,4.881632237668921404e-01,3.949311928991264264e-01,5.005045061704711529e-01,5.529134728449384140e-01,4.689537922758190147e-01,3.037583662774201443e-01,4.556490535266896069e-01,7.251183616415641797e-01,7.682589921157585433e-01,4.974930815752455215e-01,2.661214303535940906e-01,5.405173721063061265e-01,5.543817242899894415e-01,8.763769214440343402e-01,4.486727009827570778e-01,3.824521669405592239e-02,4.731316916476799861e-01,2.746560706057362133e-01,2.034945022026026229e-01,7.269577551771029267e-01,5.167193782234805743e-01,8.849149438028787173e-01,5.171384269007485157e-01,5.019682654766298713e-01,6.699757482337740377e-01,7.328099975528993282e-01,7.751071405006700887e-01,6.774987009478807831e-01,4.788408624157546312e-01,2.900438108190819472e-02,5.567554244588064360e-01,1.489911931569042614e-01,7.505937552429510218e-01,9.168383643854143283e-01,7.811575427136985272e-01,4.563899579825630437e-01,7.128797241124090744e-01,3.549960331468860475e-01,3.065063117228116196e-01,6.222068038449456440e-01,2.247219606456087038e-01,3.415404341006800237e-01,5.316826618879415545e-01,4.061490058676739956e-01,8.123291854552262548e-01,7.476563917990375341e-01,9.653616810688342431e-01,3.449889650870964775e-01,6.931788834311203296e-02,6.305329478040656577e-01,8.562384557002611363e-01,3.682718334307788499e-02,6.493129860533253250e-01,6.150357733663331938e-01
2.842420550677361435e-01,5.008042647695045702e-01,7.575268999210743592e-01,5.216468480174929478e-01,3.120054457764380174e-01,8.870530728422935107e-01,4.167501267095272688e-01,6.484746363244393574e-01,0.000000000000000000e+00,4.548752659531232756e-01,7.194886981411838800e-01,5.033608910736655506e-01,6.801721845315360504e-01,5.003759486097519860e-01,6.964665869054410541e-01,2.326560051392753681e-01,4.042074813428026547e-01,5.613464576863489430e-01,5.465279095317356894e-01,9.790593589510756534e-01,9.023700309544266940e-01,6.068912110998938569e-01,9.728395271712545478e-01,6.391268730951410459e-01,4.912314867679236641e-01,2.039225041406520222e-01,6.304429640443792726e-01,8.702884497521786722e-01,4.139028766264097325e-01,-1.653239571879570879e-01,1.911218106167486552e-01,3.390241121823385773e-01,4.443449789033268593e-01,9.010769113762518989e-01,2.798533651892783913e-01,7.310472946600097277e-01,-1.948099481058408466e-01,6.805728693136670060e-01,7.420030687859593410e-01,4.139427475532674316e-01,2.517146439616614328e-01,7.870804969083968761e-01,3.745622585022246875e-01,6.130155359670234061e-01,9.947998253429433113e-01,5.029948538306868722e-01,8.906420558466836557e-01,9.967530913916562429e-01,4.059834020343516814e-01,4.075492016790621674e-01,5.557629159980949085e-01,8.192945433522449417e-01,6.241955033684247756e-01,6.535520375534003001e-01,5.655794577049425564e-01,5.877814491023916066e-01,2.851835367398412036e-01,5.340819627021519134e-01,2.069984369965700011e-01,5.977423614925511108e-01,4.208071038791708074e-01,7.219397945255443538e-01,5.359867819200456740e-01,7.655477675399503523e-01,8.039609767987807576e-01,5.810550718412559323e-01,7.059663416094857924e-01,9.528070635257706034e-01,1.556465031162233836e-01,4.095913099436616078e-01,5.855718236165103896e-01,2.123262655937231957e-01,5.013003304429621831e-01,2.538527449851873952e-01,7.136732550064930902e-02,4.962405468426298594e-01,7.210098704088244714e-01,6.736564405379025233e-01,4.111454656601246649e-01,2.602731591796773047e-01,2.337386686528274971e-01,8.714850376587861547e-01,9.407025399559055812e-01,-9.686612006895428673e-02,4.594214614248051110e-01
6.728939738929657910e-01,5.318657723341669863e-01,6.882937064366008162e-01,5.264195744498508800e-01,4.971007035087811055e-01,6.110372274855001562e-01,3.051718402672130570e-01,7.765116915109031570e-01,4.548752659531232756e-01,0.000000000000000000e+00,3.006134803683872536e-01,6.289059825749018229e-01,6.270172805578514419e-01,4.818845447422098749e-01,3.969004440155788904e-01,9.069559967471809703e-01,7.748305147755896183e-01,6.815848783191651439e-01,4.178283215147929885e-01,8.831743824785185382e-01,8.046087814527415061e-01,7.985959706054055474e-01,2.532710849170249912e-01,6.475216551004263632e-01,3.041643887433831406e-01,7.747069340428169859e-01,8.392895641290363251e-01,3.094087804178627388e-01,1.315567549048707596e-01,-1.280353534525117132e-01,3.433336361540376691e-01,4.916648266660866295e-01,7.345284463674697228e-01,7.709517068770176396e-01,4.836688828709777010e-01,8.801554527763622016e-02,1.086809112087911422e-01,6.962378920884787492e-01,3.947732460105375929e-01,6.493136425101145859e-01,7.371608412385382003e-01,5.225435485364657850e-01,9.046997812105108672e-01,4.343850871593275820e-02,5.217023858340732456e-01,7.857522724876981890e-01,4.245863660797728478e-01,7.906964094695073664e-01,4.063139760422747604e-01,4.670214273744033862e-01,5.649798795736051815e-01,8.644894108952145828e-01,5.655082043446862938e-01,6.969105810828066794e-01,7.230021792043026529e-01,6.655317170929118120e-01,8.767650463633913649e-02,6.096254473628641701e-01,6.993202166609421289e-01,3.490804852534672986e-01,1.129628500583145789e-01,7.837461629205196845e-01,3.847482572890671415e-01,5.098457858438867341e-01,6.010210511750527784e-01,2.052290444699120253e-01,8.051621305777402204e-01,6.007686555398971118e-01,6.841138430310399476e-01,4.995190196048220899e-01,9.647531897618586427e-01,3.352162731309560884e-01,3.899642015123832017e-01,7.396371551012215217e-01,5.759613569380694909e-01,7.471132591955539359e-01,2.442074627836662570e-01,7.597705711630922121e-01,4.925512110405105282e-01,1.486041106306439097e-01,5.155414784669776207e-01,9.341280596790600965e-01,9.418807131682865874e-01,4.536728911446578638e-01,6.744391523002469802e-01
8.305780264850283201e-01,8.846374498538177589e-01,9.992511295111146108e-01,8.614926908218052404e-01,7.015876280524805386e-01,7.229516260805548544e-01,3.622647490640346080e-01,3.629924928092896907e-01,7.194886981411838800e-01,3.006134803683872536e-01,0.000000000000000000e+00,8.426368700437237846e-01,4.756539998250635115e-01,7.693682044027101430e-01,6.017629541710296515e-01,6.032927229052900131e-01,7.898986750669576562e-01,9.130409979399388698e-01,3.803189400329984871e-01,8.108852177593608435e-01,6.940591868677978837e-01,2.507600809792687353e-03,7.944630162641120874e-01,2.241919699565297353e-01,6.540907630720451671e-01,7.894918739913268091e-01,8.972951255329475462e-01,6.227272653006846737e-01,3.756794864522812194e-01,3.340115088711155256e-01,4.251683738025158754e-01,6.572192244151074947e-01,5.455195989756947972e-01,8.430428029934774470e-01,6.432900552382869730e-01,3.907276968762070646e-01,2.515069620177010773e-02,2.862278229841673793e-01,6.712055926442849207e-01,7.897925373132568261e-01,3.223642532727017396e-01,5.704565742438556519e-01,4.724283783899341227e-01,7.245505502897766625e-01,9.775526367246234472e-01,9.474982708236668882e-01,5.605688314642502945e-01,8.372495189374169478e-01,5.555308990505114508e-01,8.936977978895093155e-01,5.607961459877118804e-01,9.294742810316937165e-01,8.366340177063636974e-01,6.443576009305804764e-01,6.061331758283940996e-01,9.418628933552625204e-01,3.865702528643396585e-01,6.799475870614197781e-01,2.520807390270743964e-01,-1.436529669262523456e-01,4.554293957457686837e-01,5.754163424241803826e-01,5.898656134909278093e-01,7.965853929610531292e-01,2.401162709717366561e-01,6.421875472134555007e-01,7.281067949911970150e-01,9.106616353701876276e-01,6.900464705580646729e-01,6.483452918368772799e-01,5.082478930881323409e-01,8.138306982033045589e-01,5.838291400179488333e-01,7.715491851872940954e-02,3.877976972482326534e-01,3.162645619649106510e-01,6.703181792640571235e-01,2.483356063463819097e-01,4.958542638367428035e-01,4.126346227669266398e-01,6.270634752197628004e-01,9.324595300381316454e-01,3.502179533887093132e-01,3.637609071264569227e-01,3.974010017500397840e-01
8.986661721461629559e-01,8.120057427537885619e-01,5.921914215271451010e-01,4.585404100057077215e-01,7.725525747396477794e-01,2.722215309291243779e-01,-2.938589940448488314e-03,3.884911403767110638e-01,5.033608910736655506e-01,6.289059825749018229e-01,8.426368700437237846e-01,0.000000000000000000e+00,4.688292431556448370e-01,7.520512322443062558e-01,6.754292506127662632e-01,4.119849974710289020e-01,2.066176849253787418e-01,7.252346340441325756e-01,5.250541225775099408e-01,5.126486937159219215e-01,8.112767144641918060e-01,5.207224563688717112e-02,4.218819150764039350e-01,4.033783401530893764e-01,4.195383111660080933e-01,6.559509513083265908e-01,8.036352092503495914e-01,6.712814141693165260e-01,3.607332956847641992e-02,3.160227981828780952e-01,3.817075318717908505e-01,7.233571548425619113e-01,9.421651356099187691e-01,9.496576904474777203e-01,4.303745226079341291e-01,5.038527640410683794e-01,4.924882049211634638e-01,7.621539891256916555e-01,7.225575155807925087e-01,7.262229510655201503e-01,6.197520376070589365e-02,4.983591385638642679e-01,5.891096015159283938e-01,3.215639917928859726e-01,6.423958240514989759e-01,7.358596383588632550e-01,6.610425503905653644e-01,1.498215083681799821e-02,5.530469074570202315e-01,4.843253371289178988e-01,6.075242442207486882e-01,9.841462039351986935e-01,4.713549914193772006e-01,5.648776073504121475e-01,6.869775942433448135e-01,5.912383388991778732e-01,7.414925034387622738e-01,5.804389173410778868e-01,8.898147296192960853e-01,4.898598238630975654e-01,5.237008117463750612e-01,7.185212580345767819e-01,2.437475538870622627e-01,6.554413185365730588e-01,6.995472333993917324e-01,5.929721676923325191e-01,6.258577897376061960e-01,7.684204221320135586e-01,4.091217735525176091e-01,5.046187042133419842e-01,8.492635414135736305e-01,5.071708244269225174e-01,3.932979686222611015e-02,2.827587094353219976e-01,2.930573525837813498e-01,6.998752314214742309e-01,4.969891779290122602e-01,5.100059678207070624e-01,5.920084454090485115e-01,6.740377895623676785e-02,2.621885850835390941e-01,2.049872430327312756e-01,8.387885460360393619e-01,1.753079299804183311e-01,6.713185016096574476e-01
7.987898556222120527e-01,7.673992109132627970e-01,4.173063243611275785e-01,3.300810986234246069e-01,6.244692295239813173e-01,6.863100108895413554e-01,5.419534958703642324e-01,1.470603852797900540e-02,6.801721845315360504e-01,6.270172805578514419e-01,4.756539998250635115e-01,4.688292431556448370e-01,0.000000000000000000e+00,9.630438121286545305e-01,5.612624547949237597e-01,8.962923779063423080e-01,6.313363520392356598e-01,3.907690453482548509e-01,5.142476919078609043e-01,9.497933958282127609e-01,3.092215902736384359e-01,7.047070878656229720e-01,9.709587157092398613e-01,8.414874621781701647e-01,7.331626853642276842e-01,7.887343854711623692e-01,4.171883432015637272e-01,6.564523555388460663e-01,7.146547458399247210e-01,4.505966818542815333e-01,-2.546608486960783013e-02,5.335865673680479926e-01,2.299227574858604961e-01,6.356478601546915463e-01,2.889784355445516595e-01,5.645373415111660798e-01,4.310816540592283808e-01,9.276987115402794970e-01,4.109741785591132790e-01,6.754293013438730231e-01,3.281175967067333499e-01,6.668659391342300902e-01,5.802751496118376817e-01,5.314306310357923557e-01,9.064603766837153742e-01,8.725525516361160028e-01,4.049194200598967008e-02,6.085196035126526626e-01,5.542567634937772825e-01,8.843873949594990291e-01,9.779859912741357686e-01,6.504027052738274861e-01,7.898664282773795731e-02,7.019940869279197582e-01,7.514641351822962667e-01,3.522846847223793931e-01,9.712774900779597154e-01,8.849595290339988818e-01,2.067319199415021957e-01,3.338336475101529865e-01,3.091179796237717436e-01,4.449719965096924912e-01,4.141629572433745965e-01,4.884732281673253018e-01,5.772479329620913147e-01,9.128918594890021998e-01,7.023554065886884468e-01,3.423838338723076413e-01,4.304229224349793159e-01,7.309937980716316730e-01,5.950607229812518995e-01,7.740082006382075219e-01,5.781202649115959602e-01,3.182850492232369155e-01,6.971478693495521961e-01,7.622239997265063405e-01,8.342174997475528819e-01,6.328332928194360107e-01,5.601287124368564685e-01,4.758961711716809539e-02,4.074401352969795886e-01,6.965314604916461594e-01,6.028069725292131142e-01,4.499712568745852237e-01,4.353902605848714580e-01
4.767629646810779276e-01,9.719384935427010097e-01,7.039736344308329397e-01,5.658694878893948399e-01,8.631427568204343981e-01,9.695632903421597115e-01,6.429895499998408148e-01,6.852192473948021112e-01,5.003759486097519860e-01,4.818845447422098749e-01,7.693682044027101430e-01,7.520512322443062558e-01,9.630438121286545305e-01,0.000000000000000000e+00,6.630668095785423599e-01,4.178177801810500358e-01,9.473463384051110658e-01,9.904189978033783870e-01,8.964643716901191661e-01,5.055129758688355901e-01,9.051115999159754510e-01,9.895362433245822320e-01,8.394557784463692052e-01,7.854079601468114680e-01,9.533687585065385717e-01,7.672993393051965594e-01,9.268059513579974817e-01,2.562014127642204264e-01,3.586867762449168495e-01,4.623552932528840476e-01,5.420566479119470760e-02,4.208596786502294407e-01,5.318245415267456311e-01,6.874735704024750316e-01,9.462537324502253711e-01,4.064882745602882985e-01,2.752007309046052286e-01,9.250407396982341934e-01,7.305261335009635149e-01,7.328663554510016498e-01,2.331277192119476094e-01,7.424861249412799680e-01,9.628709746132725344e-01,3.574050051375530224e-01,5.303170060273910691e-01,7.589849356805000724e-01,5.050953469867157652e-01,6.381941654253380225e-01,7.082334800102981776e-01,9.417388268002006013e-01,7.542865990842093638e-01,5.852200415232146069e-01,5.316527306207377013e-01,8.019158701313441329e-01,1.531015726465641096e-02,4.785508823479783791e-01,9.885597168606379270e-01,8.349004471208985034e-01,4.537884130604689092e-01,7.591174832777423109e-01,7.895127535430117582e-01,6.572046863894835944e-01,7.145499438977671591e-01,8.944054864486696843e-01,4.031643264398210857e-01,5.313274057655039684e-01,5.519783452568590709e-01,8.993757604184748899e-01,7.205370976670597560e-01,9.635972517419986172e-01,7.444910151366765927e-01,6.719915072121994681e-01,4.636038927299251933e-01,6.008765487733475075e-01,5.241123301145276248e-01,7.219536399297580287e-01,9.063500714223838850e-01,4.210419138779528669e-01,4.818622134181936856e-01,2.767105876619639360e-01,9.730634158250668353e-01,9.536460224793579243e-01,9.012439465944573902e-01,5.343323923157009547e-01,9.364800117310874139e-01
5.201861876552129615e-01,5.371689120297746811e-01,8.666003455850822546e-01,9.745854530713442543e-01,3.225416320702300110e-01,4.303837655610804336e-01,2.251017063876845081e-01,5.113424289656802735e-01,6.964665869054410541e-01,3.969004440155788904e-01,6.017629541710296515e-01,6.754292506127662632e-01,5.612624547949237597e-01,6.630668095785423599e-01,0.000000000000000000e+00,6.786487230392184156e-01,3.735615884558093347e-01,7.175324096143077535e-01,8.996867642384993868e-02,2.705020873375861834e-01,2.276797190954354677e-01,4.090542075828736968e-01,7.225876914640610993e-01,5.360923352302784384e-01,2.027112978119754438e-01,6.879408056028747387e-01,4.907108981382326540e-01,4.520284625527264954e-01,-1.743384210876171292e-01,2.916305916531958253e-01,1.261250095615829014e-02,2.235717322252783190e-01,6.072506639696009234e-01,4.388939106986066707e-01,7.028018569961730355e-01,5.076551299975137210e-01,1.187305626861955565e-01,7.375323396494656292e-01,6.231364689531494472e-01,4.604471519136624780e-01,4.419507865580370454e-01,7.881351562176510672e-01,6.268224547137309921e-01,5.540727297839836973e-01,6.003423288021151327e-01,8.201225522519239863e-01,3.951879848606323908e-01,9.905384563747446913e-01,6.141075703758051008e-01,5.326473023762900993e-01,2.085574047121947494e-01,4.589413845735721420e-01,5.658745864204426379e-01,7.902055547388224799e-01,9.656314340718948896e-01,5.553390467213057402e-01,8.809495056986972328e-01,8.374082580499489503e-02,9.419161546590066880e-01,2.735672265890966015e-01,7.070338574914390717e-02,7.070767712454113507e-01,7.496072744464199467e-01,9.373154313817986250e-01,7.173981166081200289e-01,8.849800354142708381e-01,7.184503323588241619e-01,6.035262440987717580e-01,5.169553622391105385e-01,7.270272238448777236e-01,7.574201393470081367e-01,4.742012402420738848e-01,4.549425030884951537e-01,3.244306426016803080e-01,9.959949972155071052e-01,4.814389404158257446e-01,2.551916835997526944e-01,5.117123739035537300e-01,5.833407515228558049e-01,2.364991093697901281e-01,4.582086371792392088e-01,7.163637057281174725e-01,4.895144974965046636e-01,7.381310171851050983e-01,5.279607783482251904e-01
2.629622824681883131e-01,1.285365460603527521e-01,8.198541208345010434e-01,4.477637048232064876e-01,9.819856409866957181e-01,7.059450902765111724e-02,4.560417377836947228e-01,2.345746374376529442e-01,2.326560051392753681e-01,9.069559967471809703e-01,6.032927229052900131e-01,4.119849974710289020e-01,8.962923779063423080e-01,4.178177801810500358e-01,6.786487230392184156e-01,0.000000000000000000e+00,4.260369680696053374e-01,7.432982432015031726e-01,4.453260354483034034e-01,9.398737272409539711e-01,6.055026309039890364e-01,4.303324489694974053e-01,9.045219410003716431e-01,7.043785404336062594e-01,5.589159116795416882e-01,1.596634020194991621e-01,5.460454344185383668e-01,6.673468377060908230e-01,5.963436545639899666e-01,5.745584833680983383e-01,3.302036977985488564e-01,5.072471328195498064e-01,2.691859915195846664e-01,6.068096249672308984e-01,5.350871192932775688e-01,-1.037141334178389440e-01,2.378798349381622823e-01,2.795200551391517352e-01,7.821830026741376507e-01,7.222568655726891995e-01,5.568894425432475703e-01,7.717149701893076807e-01,8.904925230158755589e-01,9.616283393342810459e-01,6.931712742437263763e-01,6.834557496175108771e-01,4.865150273811548187e-01,5.545634063760346288e-01,6.563187182796409447e-01,7.897221852174115542e-01,5.640147607759148363e-01,7.030517592417035999e-01,8.568422004016642557e-01,7.814924381659911212e-01,7.554502445072635020e-01,9.654160137497761474e-01,6.725194338209978806e-01,7.454535129874654276e-01,6.085488683886800532e-01,3.932980200915368596e-01,4.823278228617437491e-01,3.072008416349912840e-01,1.909593749208831348e-01,9.710875558634326499e-01,5.918127288577188505e-01,9.586911833228671798e-01,6.728973568372321745e-01,6.933512046812619900e-01,4.229055038627998475e-01,7.725335025473634154e-01,9.624068637565659223e-01,6.189871057249166642e-01,5.785006760245533508e-01,1.610933062091036705e-01,6.676599526120358119e-01,1.071491341932837710e-02,6.581372718634866947e-01,7.966449173435530273e-01,4.807957033181062267e-01,2.539916240198419883e-01,2.634152308711540935e-01,9.645196191377131134e-01,7.158420235199330905e-01,1.757433805302398011e-01,8.899453057255450883e-01
7.612430350286669700e-01,7.325445415660558623e-01,5.094711683853302420e-01,2.846118815062471663e-01,5.573601014570095380e-01,8.232681479316753537e-01,4.437318655536167111e-01,5.770699608845962780e-01,4.042074813428026547e-01,7.748305147755896183e-01,7.898986750669576562e-01,2.066176849253787418e-01,6.313363520392356598e-01,9.473463384051110658e-01,3.735615884558093347e-01,4.260369680696053374e-01,0.000000000000000000e+00,6.990385702794371658e-01,7.165382088043849018e-01,9.763431573892722426e-01,6.067333651155270013e-01,7.461010478906513477e-01,8.118531132306440190e-01,9.556853894628415391e-01,3.197330593878862648e-01,-6.828122612867032482e-02,4.463450564418707245e-01,5.578427138094688154e-01,3.019228464868063955e-01,7.642584323940252444e-01,2.088812021771632443e-01,4.352027605479341643e-01,7.431335033657961997e-01,7.851049504689813219e-01,3.371821868868438710e-01,6.929011826305409016e-01,6.313800744879170812e-02,6.623945736619336611e-01,9.119553341796331480e-01,3.724335433783640403e-01,-5.229134897911649760e-02,5.485083824655632156e-01,9.153461677007411756e-01,6.257685736707708779e-01,5.544868637576972903e-01,7.808375255588233532e-01,8.395591385374729931e-01,6.768030517282970226e-01,4.412254609347655565e-01,3.862052296787271688e-01,9.666584115876954986e-01,5.312562460243162032e-01,3.137172739323634829e-01,8.935149224905674092e-01,7.436012322482781212e-01,7.497854443389979640e-01,7.939931930409235283e-01,7.101976853517598665e-01,9.952706946133257349e-01,1.461800874185162635e-01,5.917852510140476641e-01,5.927102414257756635e-01,2.914277303542222031e-01,3.076853951478486504e-02,6.025764042703466439e-01,4.526788152450225144e-01,9.216870676685104957e-01,8.409680935530111645e-01,3.841937169411871467e-01,6.145410770885202378e-01,4.282686217086415503e-01,2.112739193331400478e-01,4.883037507753233974e-01,1.990220878727916864e-01,9.728405446522889743e-01,4.026499249158983496e-01,8.012830109453418226e-01,8.133964214370045243e-01,6.739029682381063591e-01,-1.953833555840141789e-01,5.230246646611486083e-01,4.936052003182904713e-01,7.094497065664200353e-01,4.269182063451675835e-01,6.248894355123344457e-01
9.014507665780945311e-01,8.201337453846349046e-01,6.109232527535685131e-01,7.846635506313122121e-01,8.544792153879847696e-01,1.072106720575577432e-01,5.478030135773642728e-01,2.194774294051900776e-01,5.613464576863489430e-01,6.815848783191651439e-01,9.130409979399388698e-01,7.252346340441325756e-01,3.907690453482548509e-01,9.904189978033783870e-01,7.175324096143077535e-01,7.432982432015031726e-01,6.990385702794371658e-01,0.000000000000000000e+00,5.148368192062610094e-01,1.202750273957680360e-01,8.509533723541899963e-01,3.744207768602654252e-01,5.667416023067393116e-01,4.047583438515339749e-01,2.433097435175143319e-01,3.655184261108606059e-01,6.807748513371468801e-01,5.162921173653571838e-01,5.226094950506834369e-01,1.212561423177406783e-01,4.676393708460112597e-01,4.491098305098597532e-01,4.933506197502670609e-01,4.920800454156876169e-01,5.400149327477183903e-01,3.466176014434935171e-01,5.331944003184041492e-01,7.169766483676488500e-01,9.886495559457173510e-01,8.130568048412238902e-01,3.048724391967631564e-01,4.421241052589515719e-01,9.525019639685743389e-01,4.651583200186059086e-01,8.788283728882391177e-01,9.890758823120863186e-01,2.687488226316682716e-01,6.801312681826401363e-01,2.366539148505353296e-02,4.753173268362202997e-01,7.709810901385703019e-01,4.638217693132444253e-01,4.166692980432427640e-01,7.685970090494741447e-01,1.318476038575243647e-01,7.794124232792419837e-01,9.715408899935413789e-01,7.069302683858696978e-01,7.808745781612009829e-01,1.360381175301413337e-01,-6.771999992595842399e-02,4.805431789872609549e-01,9.438381679751467468e-01,8.709403745685621034e-01,7.987484031697954512e-01,3.635695492541586304e-01,3.078692198971949567e-01,6.437627751238808038e-01,5.367505008788706622e-01,5.567094270510173359e-01,6.117451614137302540e-01,9.850897276313786977e-01,1.957710982661703680e-01,6.723783048375029381e-01,7.681081685602260123e-01,5.021416610096164357e-01,3.387328919996194232e-01,4.208733490724428927e-01,5.327835577026482916e-01,8.020925257453215274e-02,3.625056276091872531e-01,7.095264783272595688e-01,5.041262255731706610e-01,5.932567780977249239e-01,4.914636634773753010e-01
