0.000000000000000000e+00,7.946948174136732046e-01,9.046945171597534641e-01,5.632341836932356349e-01,3.890710319105841197e-01,6.926888100446402241e-01,9.290843395203006727e-01,7.553769071562161930e-01,4.929543076829424608e-01,5.767155408100730352e-01,8.132508264976255896e-01,8.513129594015398371e-01,8.344107156775318890e-01,3.535851804112065677e-01,9.496005887402866330e-01,8.438228599211943237e-01,6.932329537506394246e-01,9.178540458107338207e-01,9.365184821202987564e-01,7.270514115980830638e-01,6.803010328646863503e-01,8.224579890170281571e-01,6.884571127608565266e-01,6.271922747673748244e-01,4.242531566113147967e-01,9.441997540055895310e-01,7.402284852460138120e-01,7.032900710222557139e-01,1.080233537994084864e-01,7.991183325367290369e-01,8.480279379841398901e-02,8.461124785594974496e-01,6.383759541345221944e-01,9.991148721614123707e-01,8.856105988148175179e-01,3.031884710359332158e-01,1.570436455522391250e-01,4.399273931703301388e-01,7.075962105344201225e-01,6.991187594038014153e-01,2.944283873872319823e-01,8.034348447455834652e-01,8.583129784711740484e-01,4.073731285170403837e-01,6.407756553239323249e-01,5.172962210465533728e-01,7.343644338776091907e-01,3.453305289364047570e-01,9.389167806381132353e-01,9.899151291061064617e-01,8.280942082865442311e-01,9.917151033214175460e-01,4.668147445179041677e-01,6.092789772018698535e-01,8.492335901706961065e-01,8.693580596568616370e-01,5.810777507917683771e-01,7.930658094546050307e-01,8.491862531023677274e-01,7.762535186451877678e-01,2.701916946638052708e-01,8.299222399211316770e-01,9.933912523575398890e-01,8.213933762671558059e-01,7.567080530312113584e-01,5.830014420735479819e-01,8.915140251986917175e-01,9.956711133209236175e-01,9.617291706120099093e-01,6.284950956747267226e-01,9.584471214435308362e-01,6.517600819324119721e-01,3.079072818116407317e-01,2.228242881146463295e-01,7.828540250503618347e-01,8.983296183570730342e-01,8.363836470936577561e-01,4.570012849654461751e-01,2.346024532998210455e-01,4.090813797409924985e-02,6.015348395901223277e-01,4.942021233699830374e-01,5.969881773685996595e-01,-8.563814356459839572e-02,8.042459629922747988e-01
7.946948174136732046e-01,0.000000000000000000e+00,9.116661746927580134e-01,7.408142693268928713e-01,7.582877072602681734e-01,4.052402825352797167e-01,3.189312795875671736e-01,4.059044719030850401e-01,7.140276700472195648e-01,6.516909907942143310e-01,7.905529604375021169e-01,5.400824823694224674e-01,9.488043860791651740e-01,6.954640235320649344e-01,4.495854592589016430e-01,8.649350466953649175e-01,8.566909759765377608e-01,7.516519437090285471e-01,8.584455295697772659e-01,6.166804454829969417e-01,5.898339539813730603e-01,5.599433721836640787e-01,6.663961812698098175e-01,5.425240986336035132e-01,2.892829303826797149e-01,6.525130356846637891e-01,5.298873243013579870e-01,2.005156909567171186e-01,5.918444418108508298e-01,3.986198286999453333e-01,5.959333493328354825e-01,7.676468920378900496e-01,5.350055816393582964e-01,7.550784099574907593e-01,6.816851033306565721e-01,4.910446091779605698e-02,2.760102036687897553e-01,6.453504189485437248e-01,8.037001072718883421e-01,9.036430868086090529e-01,3.280996800772695288e-01,4.126961531534885097e-01,7.453272317548210735e-01,-1.905903123146740485e-02,5.558618160476381798e-01,5.345149122332357727e-01,3.712034659688735472e-01,9.791957299846443252e-01,4.494373705621985682e-01,7.500209514465696614e-01,6.013650004081763090e-01,4.800675476129191988e-01,5.465094733912330138e-01,2.775539039718673551e-01,6.344861297481602103e-01,2.885772220985829417e-01,8.728882397874888621e-01,3.324132631506497848e-01,7.621295241389109965e-01,4.210861463397425064e-01,2.542960308945481640e-01,7.625360606341344827e-01,6.302088629917721452e-01,8.840509372969729274e-02,7.462521288887877802e-01,8.434781004687751382e-01,2.134293072042777462e-01,1.319088283145817275e-01,9.069118876470356749e-01,8.803842468292305545e-01,6.529649247243997090e-01,9.709936878683238515e-01,4.520650168210100239e-01,2.944457942635713144e-01,3.992310978997680171e-01,7.085225381715857251e-01,3.211002792540993411e-01,4.771571217415399024e-01,8.384644313156508488e-02,3.690570397427519467e-01,4.128076562431925445e-01,8.256024612232895077e-01,9.288760996075460241e-01,2.011496110463291132e-01,6.615901878960056548e-01
9.046945171597534641e-01,9.116661746927580134e-01,0.000000000000000000e+00,8.223934789691349501e-01,7.847240185922809141e-01,7.279616070095633606e-01,7.525493294994474169e-01,8.613885591315075807e-01,8.959272578205992321e-01,3.311196077574418695e-01,8.183762535376881697e-01,6.520482070192569202e-01,4.829644117383314339e-01,2.141659895073748654e-01,7.170922879000657391e-01,2.073460705485346556e-01,7.038007582276079033e-01,4.807549578751043606e-01,9.192634948671644102e-01,5.541634075843663298e-01,8.941257068243104733e-01,8.890136032984921055e-01,9.234291841053203775e-01,7.510381809292053790e-01,4.946252347693844142e-01,9.161311581140108018e-01,5.161618926507288707e-01,6.845277448618440896e-01,2.368903782319410067e-01,2.556240769890536502e-01,-1.619799347617325858e-01,2.097416454272605091e-01,6.950096350978695048e-01,5.395700098074149853e-01,9.183532362081746614e-01,-1.261588028175361642e-01,5.883408334392773442e-01,4.586048424612873542e-01,7.730968369865534040e-01,7.926725560236536072e-01,1.247646650014203884e-01,9.562260531838076005e-01,8.709916406151547719e-01,8.431425649204686845e-01,6.697463474434650621e-01,9.400664387217108064e-01,9.226402956032190295e-01,6.108663115947203792e-01,7.077183108853356552e-01,9.125832598401345530e-01,7.087998154680046348e-01,9.195150885752664260e-01,6.240825300576046120e-01,8.141471636013271063e-01,9.545716992496888764e-01,9.017267033898310746e-01,9.220217042930189955e-01,4.922686423601919103e-01,5.103977948309357249e-01,3.468407733867941989e-01,4.402274967292089114e-01,4.707528285672476498e-01,5.455200286937197385e-01,5.896907613102055912e-01,4.266405517934319658e-01,9.970492031996088800e-01,6.726931360862760112e-01,8.788368807604721722e-01,9.603226235014319379e-01,9.145929475862634161e-01,9.163379408925469427e-01,9.139977071093059457e-01,3.944005861995395490e-01,4.518093903716351445e-01,9.662248441206078287e-01,3.686156555100749133e-01,9.798417593068755593e-01,6.090477862206113979e-01,2.882927451013285181e-01,5.799003409186699320e-01,4.620342215012661069e-01,9.896523729802306768e-01,6.054847836596581878e-01,8.719261384912297963e-01,9.086565908247278278e-01
5.632341836932356349e-01,7.408142693268928713e-01,8.223934789691349501e-01,0.000000000000000000e+00,7.407905895965117837e-01,7.719717296242859517e-01,7.734540757285004453e-01,4.342956458953710075e-01,7.095161719489485597e-01,7.369213092219680794e-01,8.592990244463143412e-01,5.215198751199590088e-01,6.551170007312567822e-01,9.215886595016830052e-01,7.019732427963021326e-01,7.949039077652330088e-01,5.387293175535791123e-01,7.058610904451541046e-01,6.784900797037851650e-01,9.037069252945552078e-01,3.557210600314339999e-01,9.818219223142554686e-01,7.544687319778948797e-01,7.630763854197005758e-01,6.585095032202641363e-01,4.238480509171836941e-01,8.799354277014628245e-01,5.107102614218429482e-01,3.008950198676826338e-01,2.264564287011187615e-01,5.802396635829389915e-01,4.247857285318066278e-01,7.037131287379905231e-01,9.319797219411081191e-01,6.473147724440008188e-01,6.311468002459851290e-01,3.131793116158673174e-01,6.217098082254510771e-01,7.105643893104242048e-01,5.855591210195637553e-01,7.671245774180928123e-01,9.631050166449884875e-01,9.658454497874957578e-01,7.420241106093619088e-01,6.836293518243430345e-01,6.601028112410115556e-01,5.735123055982224161e-01,8.946867900437905918e-01,7.153776870818415734e-01,3.792585022918740778e-01,9.585558990737285123e-01,9.288184339490738184e-01,8.865370493304890465e-01,1.303340797666232287e-01,7.158760010986071620e-01,4.824151026676157805e-01,7.913551963974210235e-01,4.602634587998281623e-01,9.535296065600421533e-01,5.239398691852009682e-01,3.339645593628307596e-01,4.844328950946854007e-01,6.116773424024912753e-01,6.471766560469001117e-01,9.715516947432617512e-01,4.201313917018087984e-01,4.216914752127988719e-01,4.672484855113820390e-01,3.991461284546322097e-01,4.168126097624580591e-03,6.544027460281516273e-01,6.786939722143504605e-01,8.166946623912343384e-01,5.994237176579206849e-01,5.895251923692232943e-01,2.836005912721997757e-01,6.268776802802243919e-01,5.506422155934143081e-01,4.473450301362963955e-01,5.950607181672247503e-02,6.766969299796016246e-01,8.453351897874537002e-01,9.187093692527832367e-01,1.982476756665796092e-01,3.001598165088001924e-01
3.890710319105841197e-01,7.582877072602681734e-01,7.847240185922809141e-01,7.407905895965117837e-01,0.000000000000000000e+00,4.126648324353953123e-01,6.051620211554991080e-01,7.034681104184039580e-01,6.837928549867305916e-01,6.983856459281715390e-01,8.080405691836270998e-01,6.974064013543093132e-01,9.136739526796885391e-01,7.494917336488231552e-01,5.200707475069652475e-01,5.532092090712578125e-01,7.644077014789731894e-01,7.259123824323631124e-01,1.212071949739629145e-01,6.080842526623861932e-01,9.763697873001385696e-01,4.421388265651012284e-01,4.294311514393760465e-01,6.577092468792506974e-01,7.873371556109269864e-01,8.272500127398626502e-01,5.200567270886869986e-01,6.698641290954761018e-01,5.302126056145174404e-01,1.666565676200324753e-01,1.426736709654541913e-01,7.865734886529561765e-01,7.149470026709275894e-01,9.592179360987480585e-01,5.706894379733064016e-01,3.113903863824210028e-01,4.659634979942124944e-01,7.267889320379505858e-01,4.308653215628760469e-01,6.344652412188558355e-01,1.639494186353329663e-01,2.403569602898951996e-01,4.826134795207132067e-01,8.237845946590210966e-01,3.522653195367001500e-01,9.668241812156896930e-01,7.802299948846895816e-01,7.463399772325660653e-01,6.264175202705711820e-01,5.750773174012022704e-01,5.489727970169383520e-01,7.204331393116967241e-01,2.345401597622863155e-01,8.482868588117898900e-01,8.648828293990014071e-01,9.010871857609019653e-01,7.608699459395623643e-01,4.942414401214316744e-01,5.702027746019815435e-01,4.108744574847376235e-02,5.773833509790414764e-01,8.063657290641039754e-01,6.110798024222914293e-01,7.142453388796717872e-01,5.616402529557886769e-01,2.036648926959050976e-01,3.597012278770075344e-01,7.798379752176158863e-01,7.038498586846240190e-01,5.592002750410428602e-01,5.760734428389929773e-01,8.942083600523711429e-01,4.513193113659317857e-01,3.577600096292762322e-01,8.753398151210461942e-01,4.707531423382148583e-01,8.824194770226851947e-01,4.102783457104630660e-01,3.960794452497057305e-01,4.877493130641558094e-01,4.751646276557802695e-01,7.703064486063422311e-01,7.598897204691890117e-01,3.758605029534715092e-01,4.484922074448253748e-01
6.926888100446402241e-01,4.052402825352797167e-01,7.279616070095633606e-01,7.719717296242859517e-01,4.126648324353953123e-01,0.000000000000000000e+00,2.923131700089914298e-01,7.377550889249433475e-01,7.102881717542199880e-01,9.349023532185742891e-01,7.395188174645890289e-01,7.701968896114899099e-01,5.018270866861298529e-01,6.480037631640829243e-01,7.838769590107499408e-01,2.367751561160069407e-01,8.499636247769004616e-01,6.599509998678076972e-01,7.475205438813269376e-01,9.153472824558636090e-01,7.353596160527591241e-01,4.989036262062117588e-01,7.508208940828990929e-01,4.115869337029251507e-01,5.551248763963589905e-01,4.151942239395492451e-02,6.177216104816516395e-01,8.061973580057384403e-01,5.386559804779167404e-01,7.143674122335618160e-01,2.893070845950754810e-01,4.965271189583554401e-01,-8.856346536280063075e-03,7.879634205173248196e-01,7.040246600606171468e-01,5.786702781751531521e-01,7.431471862956269270e-01,7.695101286757093373e-01,7.863763610505996038e-01,5.607965336284521651e-01,7.064475791969797580e-01,7.952768537674713700e-01,8.409065382915992259e-01,6.947891891247414131e-01,5.549365623984641172e-01,7.472860105820195997e-01,2.710653280037202406e-01,6.999671665901286977e-01,5.586366244437398487e-01,7.565799273979569861e-01,5.427404949207996765e-01,9.184431639341285036e-01,9.931434342308016472e-01,6.833632980249236821e-01,8.859321351094470165e-01,7.912496523650731639e-01,5.952129034194629797e-01,7.588612264763540116e-01,6.965508328609376631e-01,2.853176885340924507e-01,-2.008486039908582987e-01,2.281005756369010318e-01,4.240865277634115471e-01,8.204861272168134656e-01,9.894597990595064285e-01,8.812335710959671164e-01,7.218384247233222695e-01,7.054603929307632360e-01,3.468405895608486222e-01,2.464891681013125502e-01,2.876538727923605432e-01,7.501240336599575009e-01,3.752762310796764478e-01,4.351415101322651524e-01,7.299219401001475482e-01,5.614100228350402677e-01,7.259915904270141107e-01,4.005119565941387405e-01,2.803976117869280693e-01,2.508191200758335127e-01,5.448610727111389274e-01,7.607719328051913976e-01,6.879245092022432395e-01,7.328642929476576473e-01,5.644252479514884069e-01
9.290843395203006727e-01,3.189312795875671736e-01,7.525493294994474169e-01,7.734540757285004453e-01,6.051620211554991080e-01,2.923131700089914298e-01,0.000000000000000000e+00,-2.609031384773123352e-01,7.780606231919808824e-01,3.203711300898081094e-01,3.109690671520125016e-01,4.776406250843859835e-01,6.000700944900256850e-01,5.318183790328716576e-01,5.245028862441504236e-01,8.964547074133372151e-01,8.100825819171864062e-01,4.019543600902386604e-01,1.558402446462876512e-01,9.726153498468930181e-01,4.693500111787579643e-01,6.053364334562579829e-01,6.999465158286562183e-02,6.729886807983030961e-01,3.380914513926122078e-01,6.730681524898296519e-01,5.349792531980224197e-01,2.825477838181650325e-01,1.925123423700078606e-01,5.493443248224003650e-01,7.833432493418204245e-01,2.115317472949672095e-01,5.972706203268478564e-01,4.948168251664069595e-01,7.996549219623972915e-01,5.059643384171145231e-01,1.646508618726599815e-01,5.825088290667229662e-01,7.366245650869246431e-01,5.778715146894113364e-01,4.703070034365024465e-01,5.427810109743207434e-01,7.965534145101760277e-01,4.655999268831173543e-01,6.954716567424683582e-01,5.292360572609452474e-01,4.957207548844180245e-01,5.429057678106744556e-01,5.688387349493180256e-01,6.494362808473967963e-01,2.159520675550610225e-01,3.573092886366487364e-01,4.162691788310152741e-01,7.455216058124533030e-01,5.245712656111813921e-01,2.543363461061158848e-01,6.656624617534043775e-01,5.100875150038736150e-01,5.740584105749251265e-01,2.483182341056656972e-01,6.352283113636710832e-01,9.725122091222609955e-01,4.435715532997998589e-01,9.367218968362560627e-01,5.968283561440588247e-01,7.294448098683159465e-01,3.040990465577876889e-01,2.864297854428625723e-01,7.481903203463974306e-01,4.696077505317064471e-01,6.366749169695505861e-01,5.964487709279973071e-01,3.733970210242849863e-02,1.586048819065871973e-01,5.382570043787722192e-01,7.451237552663587671e-01,4.313007732352954204e-01,3.973550657066289848e-01,5.859655289032968950e-01,3.025798740130862877e-02,1.988032918537615823e-01,6.865890453260733439e-01,5.771713635239936746e-01,3.183243371544807743e-01,4.150400539799335986e-01
7.553769071562161930e-01,4.059044719030850401e-01,8.613885591315075807e-01,4.342956458953710075e-01,7.034681104184039580e-01,7.377550889249433475e-01,-2.609031384773123352e-01,0.000000000000000000e+00,3.245769199254216475e-01,2.711863767008427795e-01,2.002572003786798061e-01,4.034473945799320060e-01,9.093823012796001803e-01,4.303098323529335745e-01,4.494048382073743686e-01,1.033606387904654200e-01,8.611853533548052830e-01,8.885498135387515095e-01,3.781721029125492683e-01,7.186219515082902243e-01,8.171288879861285936e-01,7.246585782690984079e-01,6.968870244005204162e-01,7.034006268679511287e-01,6.125801249345019794e-01,6.177202651694584379e-01,3.613740587165086282e-01,6.774423782491119095e-01,3.116760666386257927e-01,2.137561035258620235e-01,5.330047437872922345e-01,6.194011018773585286e-01,2.360038313723815673e-01,4.919545333239433438e-01,1.836755207975704351e-02,1.190508007851523858e-01,3.198817895988939064e-01,4.663166886295133651e-02,2.550737977284348035e-01,2.145357338455713692e-01,1.828179230935982336e-01,6.247257311283838099e-01,4.327279422814971355e-01,3.993317037917055723e-01,3.804685947423823711e-01,3.290443727925437822e-01,4.612549638361967408e-01,6.361091868688524553e-02,1.041174712626284984e-02,5.874372203322011377e-01,9.016943334248227471e-01,2.757042674698457208e-01,3.977123673487702460e-01,9.783564898616952110e-01,9.268766122672660313e-01,5.325094590973544761e-01,3.351810552197211912e-01,3.473219022178264392e-01,4.113102656558677017e-01,7.426863333234853259e-01,2.626865365161432098e-01,4.715563867771326856e-01,4.875432326273147488e-01,6.412473454955026630e-01,8.355196767584528450e-01,9.678416141239487569e-02,6.806439111980338019e-01,4.239080367823702122e-01,5.736782023246482787e-01,5.817387949413908022e-01,4.759363684009839668e-01,2.835215845519858391e-01,4.868473863006181901e-01,4.689118701089606822e-01,3.833791105183905756e-01,3.959428505537322396e-01,5.714872198320797292e-01,9.833604839234784123e-01,5.214038134472817054e-01,2.988576880539032810e-01,7.535804496047437961e-01,2.666158599879889235e-01,7.881261570270509109e-01,1.985249803969847682e-01,7.852617503557605128e-01
4.929543076829424608e-01,7.140276700472195648e-01,8.959272578205992321e-01,7.095161719489485597e-01,6.837928549867305916e-01,7.102881717542199880e-01,7.780606231919808824e-01,3.245769199254216475e-01,0.000000000000000000e+00,6.151078693037562717e-01,7.186255501661616973e-01,7.379435513201202390e-01,4.010588884557300116e-01,7.164827680906464824e-01,5.979205423788256368e-01,7.245161025527711018e-01,6.167122080210653001e-01,7.576248197592359013e-01,6.850924637938160533e-01,8.402875940559997314e-01,6.847882373694512692e-01,6.007339495909597149e-01,3.252018522599017247e-01,4.004392898274136137e-01,1.784250074451434465e-01,7.673739294103546493e-01,4.445498633619909268e-01,7.797988708578047490e-01,7.820951743402935197e-01,3.174239860256378165e-01,3.265583086533117574e-01,4.899017634893244599e-01,7.410139985941120999e-01,7.345948031539643042e-01,5.509013347064852795e-01,3.604557210635619402e-01,1.342835893397540670e-01,7.120004638484663806e-01,8.191230894518851668e-01,6.369778008469271224e-01,8.356529222111594990e-01,6.394602824079425041e-01,7.862642488376647698e-01,3.923612700722705071e-01,9.522561105799207670e-01,5.496360140058988986e-01,6.674434662927961615e-01,4.892785637819706546e-01,3.214479018960585410e-01,8.396284486387861623e-02,4.527671933529570092e-01,7.035547990328598900e-01,9.257336366706563346e-01,7.099674009740205571e-01,6.196125121804864078e-01,4.430852841219333205e-01,2.922996305605325418e-01,6.108592299388041491e-01,9.713100052241739613e-02,6.162642183623248116e-01,7.741669546130918178e-01,5.914189649659132852e-01,7.818991552565438541e-01,4.704492871702252166e-01,7.591309369818235453e-01,1.608747634870957288e-01,8.245187181624832329e-01,8.078874682988895772e-01,5.409042208995534784e-01,4.120912726671487336e-01,7.278154038303885631e-01,1.362284875859030853e-01,3.531212650251025487e-01,6.664003502630094777e-01,1.060150083200266241e-01,6.691735942950617355e-01,7.447533599664213355e-01,2.126846178649714481e-01,-6.781054766706035020e-02,2.743914239011275291e-01,4.315387678587226383e-01,8.012195592205572092e-01,2.017822881810196756e-01,7.219080922596890493e-02,4.984793795746551015e-01
5.767155408100730352e-01,6.516909907942143310e-01,3.311196077574418695e-01,7.369213092219680794e-01,6.983856459281715390e-01,9.349023532185742891e-01,3.203711300898081094e-01,2.711863767008427795e-01,6.151078693037562717e-01,0.000000000000000000e+00,4.079652392022395935e-01,6.565302752388104679e-01,4.336585607915459661e-01,7.183444000751332270e-01,7.760286469316129976e-01,8.711513807592339287e-01,7.751459445708979157e-01,7.315169235973942863e-01,9.940220178727425804e-01,8.495572927287731169e-01,5.368828552470875648e-01,7.966028170292636101e-01,9.332442891377080718e-01,7.068668725857749635e-01,9.164991637041798311e-01,7.402139433011643010e-01,6.043884103181247358e-01,5.508574306638754914e-01,3.984059800049579714e-01,9.297437981769798854e-02,2.946767176203100025e-01,8.656671765541235075e-01,8.730826374375327825e-01,9.052128886321365586e-01,5.239304809991869316e-01,8.587559760315198465e-02,4.670590264560011695e-01,2.865562629146900520e-01,6.347484597271167983e-01,8.050771090256763074e-01,4.891024013861456909e-01,4.444185287925181971e-01,7.576417424541598278e-01,8.253507318654205172e-01,9.758363957488629392e-01,5.565138001906326792e-01,9.437175468717271531e-01,6.698503909336044337e-01,5.707866687364738789e-01,7.464928462678779297e-01,2.032686498809668785e-01,6.420793208371649019e-01,2.168301007250327261e-01,9.655264859339246497e-01,8.722240579888199674e-01,7.679982084840727419e-01,4.437587856487165139e-01,9.502814293977327464e-01,7.985845045322870206e-01,2.546083033005598351e-01,7.239474317463744368e-01,6.686181550364537207e-01,-7.012316118517589181e-02,6.585315232360723359e-01,5.988202929728835278e-01,6.432574181528594170e-01,6.012472898002134691e-01,9.917998243448575835e-01,4.188782130157714945e-01,7.337597392313708333e-01,7.314913131258015122e-01,4.141348970541897101e-01,2.501629603056599871e-01,4.530491219775161782e-01,7.827809353724046737e-01,3.327494125461889773e-02,5.916262101350378000e-01,6.170850935972915785e-01,3.688013018364494355e-01,3.018213381307792778e-02,2.781453069737987449e-01,8.020528235270957262e-01,6.977247194281661624e-01,2.606941549007176229e-01,6.195119123144956497e-01
8.132508264976255896e-01,7.905529604375021169e-01,8.183762535376881697e-01,8.592990244463143412e-01,8.080405691836270998e-01,7.395188174645890289e-01,3.109690671520125016e-01,2.002572003786798061e-01,7.186255501661616973e-01,4.079652392022395935e-01,0.000000000000000000e+00,1.287924454711277256e-01,4.911476131675607815e-01,4.446457148856268193e-01,4.837876959748756422e-01,8.251663577361026958e-01,7.094974539539299352e-01,5.903154968112471757e-01,5.858576114797846568e-01,9.792951061844605842e-01,3.835075620644075034e-01,1.966605455527564161e-01,7.436977323451740007e-01,8.365684391113322738e-01,-8.231029705868581070e-02,5.665354669206710270e-01,6.778429975716528944e-01,7.554627680770995557e-01,6.237699000012879580e-01,1.817148247613978862e-01,4.493550852758154135e-01,3.416289514837982377e-01,1.900915448577897848e-01,9.463874051154120837e-01,4.255604289224760306e-01,2.580099229793977877e-01,3.544379822283855175e-01,4.203046669628630605e-01,7.517453299886848184e-01,8.139492982576098656e-01,4.141764382120146082e-01,7.391024363315135126e-01,7.877093989835801668e-01,9.926721526172790355e-01,8.911745549552724244e-01,9.120594818873118959e-01,7.485295081033407349e-01,3.667285325109141958e-01,5.357252620192203274e-01,7.106444950450525599e-01,6.420885586035003367e-01,7.492659048480319051e-01,9.492939591808199351e-01,6.705666115475421574e-01,4.471471867925306265e-01,9.996080597610841334e-01,4.910169166230462512e-01,2.147590939301238233e-01,8.672520759379297450e-01,1.174301765811655296e-01,2.098151898892355871e-01,2.572783271782857484e-01,7.300879487782654387e-01,2.020607185963035068e-01,3.820302810881953670e-01,6.694020787046534027e-01,9.639392961733523890e-01,7.968555618160758636e-01,1.282430607917426912e-01,6.208133209154168553e-01,9.939556499462511852e-01,5.390877223671816099e-01,5.065980345424919706e-01,6.063310921244473989e-02,5.545593502970733724e-01,9.149850761686173506e-02,5.957399770756655055e-01,5.442657375879336179e-01,5.474947674112153884e-01,1.613758026588054673e-01,4.478734111530444095e-01,7.679022150186198825e-01,4.337874269908685854e-01,3.729432782957399217e-01,7.256965746598441624e-01
8.513129594015398371e-01,5.400824823694224674e-01,6.520482070192569202e-01,5.215198751199590088e-01,6.974064013543093132e-01,7.701968896114899099e-01,4.776406250843859835e-01,4.034473945799320060e-01,7.379435513201202390e-01,6.565302752388104679e-01,1.287924454711277256e-01,0.000000000000000000e+00,9.470373171423305259e-01,7.418667900694310147e-01,3.737341911995195609e-01,7.161343886373160439e-01,6.063710490051213986e-01,5.821720083204991181e-02,4.838251592277768021e-01,4.781229032300730042e-01,8.681485112300182383e-01,2.086970795488598818e-01,4.597693594315355736e-01,7.062354490393497608e-01,5.587204410990511683e-01,6.056478728592386007e-01,2.073562915918356342e-01,6.385795624814811777e-01,4.901836276664196523e-01,5.177127342007070698e-01,1.786177218619748944e-02,-1.086300674435469737e-02,6.668070027933578059e-01,8.996859227233008349e-01,7.962218479820528660e-01,7.007640324755196604e-01,3.954331463861341378e-01,7.847589280706335213e-01,4.509485088795177066e-01,5.124736723845573216e-01,5.025973238553009814e-01,7.920238425257433157e-01,7.880622372659098485e-01,9.372453947848646827e-01,6.079652301126596825e-01,4.076091410867076492e-01,4.735574278398428372e-01,4.630274578630185767e-01,5.341338742777366200e-01,2.931667342653493935e-01,6.230598702492020635e-01,7.300516141330658515e-01,7.837687244131614772e-01,4.066218785632361721e-01,8.032576469074055314e-01,9.943367875699578029e-01,6.621960022959497705e-01,9.732092905426467100e-01,5.700389985505345258e-01,5.237206391556638030e-01,4.189417309518399524e-01,-1.548988632427972245e-01,5.663745839041196550e-01,5.803144219589035924e-01,4.343603956282279244e-01,4.210804555005215888e-01,8.016313258896657912e-01,9.353646943912702350e-01,6.379372020108182717e-01,4.015677266097773535e-01,4.612189433347366752e-01,9.763719128814474235e-02,4.196100504172388668e-01,3.695628698061051987e-01,5.449892663134555670e-01,5.261571537323599390e-01,5.674378317348487410e-01,5.228209108802353011e-01,5.976563582885252926e-03,5.474582021836883472e-01,6.058945150000876190e-01,2.255164761183772737e-01,6.139153767575795673e-01,2.348946072176950894e-01,9.972969028505532796e-01
8.344107156775318890e-01,9.488043860791651740e-01,4.829644117383314339e-01,6.551170007312567822e-01,9.136739526796885391e-01,5.018270866861298529e-01,6.000700944900256850e-01,9.093823012796001803e-01,4.010588884557300116e-01,4.336585607915459661e-01,4.911476131675607815e-01,9.470373171423305259e-01,0.000000000000000000e+00,5.302818574045599087e-01,6.285739946514724563e-01,5.675927950251812293e-01,7.432605338167563858e-01,9.163960084019739938e-01,4.513395061483939097e-01,8.757061321898312878e-01,6.087116137701614749e-01,6.661723724252869294e-01,6.957184313859592351e-01,7.680170256641825066e-01,6.817517472967862258e-01,6.446939418818978806e-01,9.383383715025743754e-01,6.974493234040372025e-01,5.927524060201387890e-01,3.820983053561717302e-01,5.074316606265418805e-01,6.721925034366633689e-01,9.930909529685902903e-01,4.229586866250031885e-01,6.637701189536584501e-01,5.960579699629338091e-01,5.127117564213049539e-01,3.191955949413222138e-01,9.032703818993861322e-01,6.740117220348514904e-01,2.737910627525321772e-01,7.505811569945272099e-01,8.340543531430053559e-01,8.710199065508420491e-01,7.483281635762880635e-01,9.477534598743527772e-01,2.498652215970803836e-01,7.774934908945522194e-01,7.276246729913146138e-01,7.962630756628341633e-01,9.337882782504879353e-01,6.223041486562223001e-01,5.766415933763049395e-01,7.217440740519416309e-01,6.409815740731744649e-01,8.331452668900996006e-01,7.319430601135498149e-01,5.305132935450451726e-01,5.434942965285648464e-01,5.279903189917851680e-01,5.383938697731447398e-01,6.594034225968599117e-01,5.878739025887098624e-01,7.359474830895210706e-01,6.850696032139264036e-01,6.862039325622061314e-01,9.934194123527380071e-01,8.651840215181214599e-01,4.811557785179196856e-01,8.735944803785360424e-01,6.068396725082002563e-01,2.913876058987397988e-01,3.668367077278347210e-01,-6.792542461658016006e-02,5.427862402805343489e-01,7.123451568766084874e-01,2.463370173739000968e-01,6.401683737984991129e-01,2.401085880547536022e-01,3.910635918362839192e-01,3.787846953529517835e-01,9.417787950613616399e-01,6.058383270503252538e-01,6.890422568396280256e-02,4.257105021036188819e-01
3.535851804112065677e-01,6.954640235320649344e-01,2.141659895073748654e-01,9.215886595016830052e-01,7.494917336488231552e-01,6.480037631640829243e-01,5.318183790328716576e-01,4.303098323529335745e-01,7.164827680906464824e-01,7.183444000751332270e-01,4.446457148856268193e-01,7.418667900694310147e-01,5.302818574045599087e-01,0.000000000000000000e+00,7.755559395603091044e-01,4.684358803104429203e-01,9.940934577625973878e-01,9.257854668526774855e-01,7.857282342370061068e-01,9.515349535372086276e-01,9.271810984340846939e-01,5.081245306447879084e-01,7.917416500040312943e-01,6.360884673858598903e-01,7.943645728244261850e-01,3.916159876131419804e-01,6.568080152948119199e-01,7.462389420897520553e-01,4.568175837946048534e-01,5.128905401419699139e-02,5.899925222037669809e-02,6.607107427306460057e-01,1.769743402371455610e-01,6.185531496435140442e-01,6.412690599882562292e-01,3.759567991472613224e-01,2.197061413945096686e-01,7.739822342377075115e-01,4.312664856884244613e-01,9.907744615527016574e-01,5.151167196269602622e-01,9.885449392872216468e-01,6.793539592440198671e-01,5.105234732282183385e-01,2.340814854320092397e-01,8.055541983611659296e-01,7.018276381018851984e-01,6.047429729197355552e-01,6.779042296991347749e-01,7.909452675809556244e-01,9.641632690756550828e-01,4.932311700789057674e-01,9.210079255247951568e-01,6.794994594579111258e-01,4.536922205254974583e-01,5.248352446157346085e-01,3.324594327867618215e-01,8.830597038040149949e-01,8.240446888484925791e-01,4.397759052198130791e-01,6.814425283809766309e-01,2.995963903808537276e-01,7.052697621931713901e-01,3.881120244052856383e-01,6.608375515661859545e-01,4.279800992292942530e-01,5.817938783759737387e-01,7.811210204181509575e-02,7.907294767765511434e-01,9.410064542576477287e-01,6.441455472141258687e-01,4.760207655414698813e-01,4.577563747386818038e-01,5.739896765099533615e-01,3.480192809389736075e-01,3.406574470165576463e-01,9.060681055169969023e-01,6.018353620306401419e-01,1.009298998153415616e-01,4.759786896863961170e-01,9.303376159821433733e-01,4.580756012555383117e-01,6.088265012318893055e-01,7.460733440130111749e-01,9.547913368669671552e-01
9.496005887402866330e-01,4.495854592589016430e-01,7.170922879000657391e-01,7.019732427963021326e-01,5.200707475069652475e-01,7.838769590107499408e-01,5.245028862441504236e-01,4.494048382073743686e-01,5.979205423788256368e-01,7.760286469316129976e-01,4.837876959748756422e-01,3.737341911995195609e-01,6.285739946514724563e-01,7.755559395603091044e-01,0.000000000000000000e+00,5.663136758283248140e-01,3.384387129484649481e-01,5.315404994740805522e-01,7.899717674511625987e-01,4.719257866937053292e-01,9.902128235529050748e-01,6.945488730984465953e-01,6.165795144403904970e-01,6.674032630346068418e-01,3.774317778357806352e-01,4.370720146946999174e-01,4.157896827047656285e-01,7.926297904608937683e-01,7.275195825882614653e-02,5.516313828616647985e-02,2.706709579831123036e-01,4.101066628186043617e-01,6.523168893701306592e-01,6.556838146790572308e-01,5.042593756718308784e-01,-5.871367992152656812e-02,3.966366905722565894e-01,4.486238784132314805e-01,9.860515295498251120e-01,8.570592612959898604e-01,2.962495306078841706e-01,5.521775176307331945e-01,6.945872876670731166e-01,7.915035694372519748e-01,8.426675329030410833e-01,9.355006871084270426e-01,7.924969094191196550e-01,5.792691532879158389e-01,4.021853974363696071e-01,1.720037894809063328e-01,9.433782212331389694e-01,5.917583976330985651e-01,4.529953137869001667e-01,5.894131085556877370e-01,7.833632505563027371e-01,3.267248202040222704e-01,3.337002963344604112e-01,3.287837966531906853e-01,7.818106144009343561e-01,4.294983255520637977e-01,7.765255329985554927e-03,4.537223480347267190e-01,2.398173063554599749e-01,9.067189386957816843e-01,8.338723487014725322e-01,3.774273389738180828e-01,5.131241640984605112e-01,6.774538021223888151e-01,2.248965731736257967e-01,4.061428322718242390e-01,5.325356528676504775e-01,7.974501015859015718e-01,6.435899936149971357e-01,2.316674582466090038e-01,1.328765066705548115e-01,7.664074705810228760e-01,3.203764110520148645e-01,3.995465012720114117e-01,4.484197673454516364e-01,3.733345899824407343e-01,7.597186268508527851e-01,4.974006769548600659e-01,7.055762920408493732e-01,3.588458182071679881e-01,6.890322186313372343e-01
8.438228599211943237e-01,8.649350466953649175e-01,2.073460705485346556e-01,7.949039077652330088e-01,5.532092090712578125e-01,2.367751561160069407e-01,8.964547074133372151e-01,1.033606387904654200e-01,7.245161025527711018e-01,8.711513807592339287e-01,8.251663577361026958e-01,7.161343886373160439e-01,5.675927950251812293e-01,4.684358803104429203e-01,5.663136758283248140e-01,0.000000000000000000e+00,6.821117215886834950e-01,6.394207239519740238e-01,3.499004898983719136e-01,8.277462626105261956e-01,8.894674363332382150e-01,7.934491907289633605e-01,8.438644408951713194e-01,6.990778353369756504e-01,6.907151059059777332e-01,9.411863758028082838e-01,8.393011367465673667e-01,-1.604225433356223640e-01,5.985585743420306359e-01,7.292974478224905077e-01,5.655086495205269292e-01,6.695289123249761332e-01,5.431067711484315330e-01,8.322710769415163634e-01,5.103120260342762782e-01,5.232646427188769600e-01,8.659670778139767766e-02,9.296472643191561192e-01,8.283515880016021349e-01,7.408980878997930564e-01,1.303541303560818154e-01,9.689575992833974194e-01,8.245375702908147586e-01,9.367186536422261733e-01,9.429022834559140920e-01,5.475858133766340341e-01,2.908401042678905868e-01,4.899555609118854127e-01,1.799799095147082140e-01,5.003186326864627054e-01,4.172044919308015576e-01,3.687314107536227015e-01,8.095127577811229713e-01,1.704422818514678417e-01,7.099331529994478140e-01,8.438697639868761868e-01,3.550378254326415628e-01,1.751468647361308917e-01,4.221076751473990529e-01,6.808899914788686392e-01,5.240275430054256445e-01,8.890619219341628909e-01,7.241647496195454670e-01,8.812523638532695491e-01,8.210312089125513246e-01,6.644295619286254562e-01,4.194983412063515438e-01,5.919109718697965761e-01,5.807844323453319468e-01,6.223918570601825323e-02,2.273117853281193534e-01,7.700647787668291055e-01,3.595715081654857759e-01,5.997723158163927870e-01,7.308933772455444844e-01,6.949264290072892924e-01,2.570508026811721969e-01,7.856559447283613107e-01,4.813302119388279676e-01,3.412814560204924241e-01,6.528096631348125900e-01,7.734202571383141933e-01,9.931861205075951382e-01,6.720839188176124246e-01,8.687009793590485529e-01
6.932329537506394246e-01,8.566909759765377608e-01,7.038007582276079033e-01,5.387293175535791123e-01,7.644077014789731894e-01,8.499636247769004616e-01,8.100825819171864062e-01,8.611853533548052830e-01,6.167122080210653001e-01,7.751459445708979157e-01,7.094974539539299352e-01,6.063710490051213986e-01,7.432605338167563858e-01,9.940934577625973878e-01,3.384387129484649481e-01,6.821117215886834950e-01,0.000000000000000000e+00,6.445104995992085861e-01,2.353701771152588162e-01,9.707249855695133656e-01,6.055415453055856823e-01,7.710364984872879468e-01,5.224222133154352576e-01,5.681462027658690239e-01,2.888358591765822769e-01,4.985735580053279881e-01,6.358689451648319446e-01,6.725699938671061417e-01,3.835582259332230848e-01,3.822106172525230883e-01,2.415741994758890399e-01,3.663780552169574323e-01,7.915358012532812682e-01,9.918436001658832435e-01,4.150140370533912382e-01,6.587549118041378104e-01,4.044763191345467912e-01,5.269476535266974793e-01,6.224563267261873367e-01,6.389165811764182523e-01,5.989446628546700735e-01,6.322713778999213829e-01,2.682756732268530842e-01,9.947138270860677034e-01,7.442892004947669893e-01,6.872257660614478070e-01,6.022834787701358827e-01,2.159825694410316133e-01,5.173100399733285837e-01,4.993999725812127144e-01,6.720407552108929039e-01,8.961473435942493015e-01,9.648124774259075886e-01,8.461765678700171600e-01,6.360828309698681737e-01,7.619076960584715286e-01,7.777215875695110414e-01,4.938410636283935840e-01,6.543711224713718577e-01,2.399331059086985407e-01,3.681544759313821746e-01,5.907957353411196211e-01,4.933194678881637207e-01,8.010764029007928499e-01,8.774859438275135481e-01,3.277737634116518750e-01,5.481589449046174733e-01,3.741773978171707427e-01,3.818185098290362012e-01,6.971120920800083498e-01,2.093680843079462894e-01,4.635718392975387570e-01,6.701196804664174556e-01,3.360788349382616280e-01,6.479781637739903122e-01,1.467820077694912961e-01,7.577841759260193211e-01,6.029263331637561008e-01,5.352512982076368386e-01,4.996937225686733930e-01,3.371154448118725000e-01,5.049775478769567005e-01,8.308367133133665039e-01,6.679197639643675855e-01,6.230696807518514291e-01
9.178540458107338207e-01,7.516519437090285471e-01,4.807549578751043606e-01,7.058610904451541046e-01,7.259123824323631124e-01,6.599509998678076972e-01,4.019543600902386604e-01,8.885498135387515095e-01,7.576248197592359013e-01,7.315169235973942863e-01,5.903154968112471757e-01,5.821720083204991181e-02,9.163960084019739938e-01,9.257854668526774855e-01,5.315404994740805522e-01,6.394207239519740238e-01,6.445104995992085861e-01,0.000000000000000000e+00,9.815145264792100033e-01,5.516372765139085921e-01,4.527933413753594261e-01,2.235743949091560379e-01,7.977939322959576307e-01,9.207799163984429214e-01,7.342400517694656070e-01,8.519338444575714764e-01,5.429616375238224268e-01,3.106069271031849377e-01,4.662136083414896159e-01,2.060028733211655971e-01,3.105355073445408357e-02,5.829425541149142465e-01,4.095864354568186094e-01,5.072547034798761123e-01,4.358807120700504134e-01,1.880872872113843186e-01,5.598572712208335078e-01,4.088949993122512061e-01,4.488490508699157777e-01,9.418189019575368137e-01,7.754247819855402124e-01,3.863599960572431380e-01,3.277474227721596245e-01,6.246389976579838077e-01,9.011580760264706891e-01,7.599937355922931070e-01,5.340178067148133589e-01,4.113098414729593477e-01,5.078462350185881657e-01,1.471500312374788011e-01,5.923973127135671035e-01,2.791304058336283589e-01,5.868844480029334898e-01,8.653787219437359957e-01,4.502857641767243346e-01,5.556956556171397388e-01,5.902419810203530792e-01,9.874550813623612644e-01,5.946245555545086603e-01,2.724686628428507618e-01,7.933862545839294178e-01,6.020208354346974211e-01,5.895649934663563796e-01,5.973655081968691771e-01,4.337704419892086105e-01,6.527011587686166738e-01,5.968453451202431204e-01,5.575367979976603161e-01,6.645993382886644651e-01,5.809345723966590214e-01,7.627128869453856375e-01,5.528287244744867213e-01,5.972931015097541207e-01,4.574221623218002741e-01,3.458192939818244271e-01,9.959691559075165568e-01,7.114123878259656086e-01,6.955155062467407445e-01,2.681308048712363057e-01,4.119353413839648703e-01,6.192542091585736541e-01,9.828596496183201747e-01,7.245422077229519697e-01,7.996532613292153258e-01,2.676026175176478283e-02
