0.000000000000000000e+00,2.235540462327766098e-01,4.787770134878330808e-01,7.540218306295550788e-01,8.606457340016746560e-01,2.335701103215011010e-01,7.141035634381033281e-01,7.512535430595553843e-01,5.153215999862004182e-01,9.817968451063007196e-01,4.141883850063138306e-01,8.605092629190784770e-01,9.422226796219095313e-01,2.740441239419613151e-01,7.331812148746191804e-01,8.894009010208041577e-01,7.792380994681896711e-01,7.539804683367103966e-01,3.863924983774280064e-01,6.871433286980898059e-01,7.291831204269778599e-01,9.307094854678829021e-01,9.507359046623296006e-01,8.687178137039665016e-01,4.557220629166610082e-01,7.356140395333156112e-01,7.680172443076416222e-01,9.555757218215454873e-01,2.440689118866610358e-02,1.189992036500550771e-01,6.221654375048327745e-01,6.815036840277208796e-01,5.710478229522306659e-01,5.712552187047643670e-01,7.083018527839223255e-01,2.315449869398997218e-01,6.191490133121739792e-01,7.903153787942458486e-01,2.906665378641776210e-01,5.992239586282075425e-01,2.726511969786835077e-01,7.661902210078543884e-01,7.784792130413503708e-01,4.528856093059641097e-01,6.981918293178697166e-01,3.114942837257735353e-01,9.333716651440179257e-01,9.234887284917262518e-01,4.586839088109140872e-01,9.986719995645342296e-01,9.963320136112195913e-01,7.276866258317902236e-01,5.267183199964328155e-01,8.728598905520783546e-01,5.443459053351757948e-01,8.230260071253853171e-01,6.182910126768715875e-01,6.890039460679516781e-01,2.283785721453535644e-01,2.730372910806772579e-01,4.845286131445917799e-01,7.706265180344236132e-01,8.252458947868862582e-01,5.038855050011236125e-01,6.725810231311475373e-01,3.963856421126914498e-01,8.325157814295173209e-01,6.202163924772673420e-01,3.489038061299788440e-01,2.529485168464624678e-01,8.646994855399259272e-01,8.491291979491989439e-01,2.192016932061508494e-01,4.958327404321745124e-01,8.555757938115358119e-01,6.786492278534598244e-01,7.913011893463015589e-01,6.055093610084458788e-01,4.485924601985347704e-01,1.990771430425200203e-02,8.981055149240159130e-01,9.056276480425750064e-01,3.966917650047685484e-01,7.436469419043369999e-01,2.937284081905489064e-01
2.235540462327766098e-01,0.000000000000000000e+00,4.830137449151835627e-01,8.013129897863068285e-01,8.711157103076233588e-01,8.318297345579983570e-01,5.764557301218433683e-01,2.064996029638391517e-01,6.975319375266610944e-01,4.130438917816507960e-01,7.005526081355318846e-01,6.994941076021282678e-01,3.764703449869329366e-01,7.965498494508738148e-01,6.716292000033199372e-01,4.324343724315033999e-01,9.122908171203001348e-01,7.406500154794422031e-01,8.975063410257168028e-01,5.860196879818204696e-01,4.744927878480531547e-01,2.146235869855251388e-01,9.646572371590201866e-01,8.848858366273091303e-01,4.333576685139228224e-01,6.780822398729673406e-01,7.524664041291022620e-01,8.359875882224996335e-01,2.247774104208167256e-01,5.751277171120124931e-01,1.440005529632215897e-01,4.818599500403807911e-01,7.829961874747151107e-01,7.496128697476852620e-01,9.838891800965425816e-01,3.001184417112149894e-01,5.512684165274907011e-01,2.117522410442298497e-01,5.234654899828140584e-01,5.122351673821247120e-01,7.165537277414026907e-01,3.974019082637106903e-01,4.842103981012181313e-01,6.607689078097128688e-01,7.141464011690729086e-01,8.442204739300136485e-01,7.788100837410313337e-01,-3.843658524862470505e-01,4.577909316217088631e-01,3.300542005955585667e-01,4.075079641388652807e-02,6.853548545103261835e-01,6.599668900861911380e-01,9.461310786753900359e-01,8.036821178255380005e-01,6.816229635563620937e-01,5.987538822823694762e-01,6.317001195858542584e-01,4.297350581259531954e-01,4.347123116475072879e-01,2.412817104780760197e-02,5.740314110557626082e-01,9.284470173034790053e-01,9.846563621328241478e-01,8.929532010723641999e-01,5.200330773317187738e-01,4.997130766787609146e-01,6.309749508676347762e-01,4.869336137835146849e-01,3.685131425011192174e-01,5.955796957966744132e-02,4.672873884868459227e-01,4.929922757600549432e-01,6.911271776625396712e-02,5.073022416337200635e-01,9.225354033914482388e-01,4.354830551684708562e-01,5.001666134576449041e-01,5.169791533521436167e-01,4.362672591911801456e-01,6.017466060784104620e-01,4.941396075141395450e-01,5.651683856907978587e-01,4.030020843370851757e-01,7.170539703071094895e-01
4.787770134878330808e-01,4.830137449151835627e-01,0.000000000000000000e+00,6.007108997258190364e-01,9.189155229190164587e-01,1.846262684432520285e-01,3.417093621383439084e-01,6.846566155878094362e-01,8.340790700454030482e-01,7.435561380914362806e-01,2.195856660009606331e-01,9.258924420368394026e-01,8.449667300581492624e-01,9.973220741802919509e-01,3.487066746595994249e-01,1.586535957267665997e-01,9.257604743795837532e-01,1.079418998098271854e-01,1.629277729793787433e-01,8.360018249857534833e-01,7.521915346261407453e-01,7.772808403400215393e-01,3.023367178718483483e-01,6.120867361305585286e-01,7.827123096686052772e-01,7.634797296811273171e-01,8.413950824166288589e-01,7.614924532266432733e-01,7.414630440685514579e-01,2.891203893822227866e-01,4.932823870547359268e-01,2.077715616445014457e-01,8.605338831277240530e-01,8.368697606505312026e-01,5.810475322758785754e-01,4.676617494754122251e-01,2.375782184920627871e-01,9.462495909269940109e-01,7.267615436940026985e-01,5.285901301286556331e-01,6.915104112437518991e-01,9.511199635235823013e-01,4.268721990726901394e-01,5.515691240514594140e-01,7.020145073050068074e-01,9.607829152147842056e-01,5.663487601810640593e-01,6.720458551798924596e-01,5.630344946734857636e-01,9.962763039606390425e-01,7.043983762660266379e-01,7.139770210628150204e-01,6.043518253798447759e-01,6.159270401687085839e-01,8.016346249910171196e-01,5.634357913137463258e-01,9.405879838531803205e-01,9.564966930113990573e-01,4.537634424222166118e-01,4.492812526492418468e-01,4.906651704399513370e-01,5.125321548830112928e-01,9.838786089118731759e-01,5.112750041290946568e-01,8.075054124688924029e-01,2.390646462100138314e-01,2.175778172121749787e-01,8.589188047372707802e-01,6.774260289819116210e-01,7.296770291390786145e-01,7.454319924449825940e-01,7.355437221833758255e-01,3.652053056653644658e-01,2.549675279907211989e-01,7.871400092956796213e-01,9.913233135558354725e-01,8.825562655478829122e-01,6.165746787357738734e-01,6.219558182728768259e-01,3.846251476949723580e-01,5.219577715343924895e-01,7.741937377644121376e-01,3.950787172068973563e-01,8.067054750524419449e-01,9.352036296078324318e-01
7.540218306295550788e-01,8.013129897863068285e-01,6.007108997258190364e-01,0.000000000000000000e+00,5.290305767530454339e-01,6.339056420241190315e-01,6.375886127177212703e-01,6.724161670868786800e-01,3.823472235459933755e-01,6.551063964352078495e-01,5.769784600051346413e-01,7.971085243860258629e-01,6.669280097873580004e-01,8.219000802552380858e-01,7.752899389261100893e-01,7.661538296670524772e-01,8.234052899094168598e-01,9.530076829883962208e-01,7.145790887027755334e-01,6.022173544508797605e-01,6.350869808570532848e-01,4.287008833501596006e-01,5.335851782380964803e-01,7.338818198828909178e-01,4.263094715147733860e-01,5.266001036804546231e-01,2.430665951432358363e-01,5.594131669500026494e-01,6.093254106436658546e-01,5.533712699904289600e-01,1.530128587921760486e-01,2.068323777399484475e-01,2.508264260622570796e-01,6.223344508461363667e-01,7.610688898886563969e-01,2.243220531239405457e-01,6.193547000038437389e-01,6.915885908466694598e-01,7.688454438622250864e-01,7.636796880090884754e-01,6.207176448635119970e-01,5.199601996712845953e-01,2.786642702816856110e-01,6.923038074215972504e-01,6.732790483602313358e-01,5.613706334242226648e-01,4.128987329788657012e-01,7.417856671965448179e-01,1.685653844588835548e-01,6.110170838067243704e-01,6.532709635777959045e-01,5.421193159446524579e-01,4.195028269796011178e-01,1.912292752552956776e-01,9.346992513723030305e-01,7.567902472854715068e-01,3.906581568859477938e-01,6.312800862153677972e-01,8.458367419985672875e-01,7.706115351227911248e-01,6.787193588595550331e-01,8.769043282240878145e-01,6.889498643876105222e-01,6.900120233063441466e-01,4.238734241656676449e-01,6.726658894860938487e-01,4.072168309067875080e-01,6.097201028843730608e-01,7.494866021548243218e-01,6.866332802597077123e-01,8.528434085951506205e-01,6.705230419160326250e-01,3.246130564951958952e-01,1.317407918070334916e-01,4.558783924174043545e-01,5.147583764903257419e-01,2.948682122932290151e-01,9.307007154231186075e-01,2.804391952750915906e-01,2.535503826292895280e-01,5.879629331001154924e-01,3.252938591148426539e-01,7.448369741421346779e-01,4.713388038419757953e-01,8.685235962477034777e-01
8.606457340016746560e-01,8.711157103076233588e-01,9.189155229190164587e-01,5.290305767530454339e-01,0.000000000000000000e+00,5.065280912021077331e-01,2.817033350141102122e-01,2.400355465042173786e-01,9.247475417311968870e-01,1.467142689157111268e-01,8.343792061291837037e-01,4.306067046935150300e-01,7.672554050056987762e-01,5.659681998539832781e-01,4.887961247435557155e-01,7.167548978028109863e-01,5.019844696010064000e-01,5.413784257873279770e-01,7.850780982316919454e-01,7.271015351098985002e-01,9.361247495238771421e-01,5.542122920354568549e-01,7.663293891158591276e-01,9.710748489973146658e-01,5.280100443449188274e-01,6.988003108927999252e-01,5.247759386007823101e-01,9.459331015450571645e-01,2.223908812288410974e-01,6.066030865860722043e-01,4.010542357429529581e-01,3.822082603664956335e-01,6.633357839879240325e-01,7.812682024073123177e-01,6.529126698769549542e-02,2.441745443472567376e-02,2.060545037312984940e-01,2.046952992522866610e-01,7.602785324247911536e-01,4.807571546996325385e-01,2.143840610065291252e-01,7.367538143880069113e-01,5.586815079510349946e-01,2.192734398778542759e-01,7.925075004335548901e-01,7.210571777359955359e-01,8.199900627784098006e-01,5.762554834624621369e-01,9.792928562959846150e-01,7.544752619138567207e-01,2.304217252257538817e-01,5.552231129483861105e-01,7.610208909362148333e-01,7.114050908846039079e-01,8.501993807969421280e-01,5.057573549654736933e-01,7.999840643511934024e-01,8.123620976166617824e-01,6.708054441384370126e-01,2.394173472596366481e-01,2.417725890256615384e-01,2.646010422559020303e-01,5.748296260206922081e-01,4.345329566794755571e-01,4.282831180999124299e-01,4.856744499318296771e-01,7.696623536783434583e-01,8.303642289235416696e-01,4.562123722010629767e-01,6.113886463110224101e-01,7.283546160681535486e-01,5.773615749853254764e-01,3.468896523107553032e-01,1.683500468475325196e-01,2.172003709792656445e-01,3.953552796286586846e-01,4.732727110059772868e-01,1.364380337921692332e-01,6.933435476687119792e-01,2.462111874310521642e-01,5.823552858338949534e-01,7.869737348574695757e-01,9.806019224857343008e-01,8.537195921731173254e-01,6.977924315176791126e-01
2.335701103215011010e-01,8.318297345579983570e-01,1.846262684432520285e-01,6.339056420241190315e-01,5.065280912021077331e-01,0.000000000000000000e+00,4.069320041606126065e-02,7.335409319568340081e-01,4.508396464319754382e-01,9.550276492357618885e-01,7.741749118339916746e-01,5.467599974935462015e-01,2.354532929529932483e-01,5.129191352680682048e-01,4.577512301584643062e-01,9.783971004380804803e-01,6.062144858041540463e-01,4.474301533497738737e-01,4.782090947186783403e-01,7.423425827137405397e-01,5.904912121396921343e-01,5.406139380134937777e-01,6.170093783745541627e-01,6.402578089603619960e-01,5.372196255021002287e-01,6.242817852023087033e-01,8.800713440825885803e-01,7.048695437642948924e-01,2.359159593623829099e-01,4.264494638517621894e-01,4.506615930146524729e-01,5.404733432306279006e-01,2.683991998313103311e-01,7.715734627943395818e-01,6.094445870700742063e-01,-9.450157664779383626e-02,7.569296307212465547e-02,4.560398989447377871e-01,8.318037001388821627e-01,8.320397462529880439e-01,7.136333871486373326e-01,9.855885345359385319e-01,7.384718888447575624e-01,6.964639817285791512e-01,7.220364616404584268e-01,3.818027337197387738e-01,6.407047403673847841e-01,6.394024954080727019e-01,-1.917329039102838584e-01,4.308415924818966292e-01,6.244258938205303755e-01,6.413495583444556170e-01,7.965246854528303944e-01,8.166682720466900136e-01,7.448491331384506919e-01,7.641355170427307497e-01,6.541397969524582745e-01,4.807976005521881202e-01,8.164284154510833558e-01,4.271775827630235889e-01,7.313728536022714444e-01,7.046077552729954618e-01,7.359644465236171440e-01,8.095346503795091131e-01,6.381170420248895025e-01,5.423053315156373122e-01,6.191776022277916125e-01,6.675229222363250337e-01,4.315153349256334314e-01,2.970376411735787814e-01,8.426968958456219072e-01,6.592972267640681006e-01,3.801686405668952551e-01,2.730378763841598833e-01,4.401271013918515163e-01,4.850893579128354172e-01,9.515610586977586438e-01,3.498169396884606153e-01,5.730181594345881146e-01,3.616820585220921203e-01,4.209007770186397601e-01,9.293499701132020840e-01,4.483514991148396800e-01,1.097177691554300782e-01,6.544503880220295944e-01
7.141035634381033281e-01,5.764557301218433683e-01,3.417093621383439084e-01,6.375886127177212703e-01,2.817033350141102122e-01,4.069320041606126065e-02,0.000000000000000000e+00,7.169972673934480456e-01,7.004881212799942691e-01,4.736329744724661617e-01,3.657263462815147914e-01,2.465306971129043456e-01,7.803460989590165209e-01,7.697219832248353155e-01,2.050152371260888784e-01,3.809382637753350176e-01,2.150208837872383261e-01,7.370796495121186842e-01,5.086682916333745696e-01,6.018157737900335924e-01,9.819646356693783051e-01,7.463549609843821431e-01,1.576619927693697909e-01,4.346123796699687958e-01,2.043474896260817353e-01,3.939661505465217317e-01,5.782385301149932655e-01,2.430290257826350220e-01,7.796790472304001574e-01,5.399877744490507725e-01,3.958185824384739537e-01,7.613048510299423588e-02,2.314954367396247770e-01,6.374075448651220777e-01,4.509830688022473111e-01,2.524409679186880862e-01,3.252674694016932655e-01,2.616576745238392010e-01,7.554170242459954387e-01,3.104170724346018151e-01,5.839907078691466413e-01,1.218751937936549262e-01,9.147846216539752273e-01,2.056018642656456119e-01,7.603164658767229689e-01,2.282343402070992067e-01,5.076797991175655556e-01,4.495888411931525108e-01,5.076598872201442125e-01,4.873878473472851303e-01,6.059405473152824628e-01,5.768157419521878770e-01,4.362954569865348797e-01,4.450200698400038068e-01,8.517250776505942422e-01,5.581535707241622735e-01,5.523153507447693400e-01,7.916811262683429717e-01,7.555640018390916701e-01,1.404459412153447884e-01,5.897129139805263875e-01,5.445731963965869810e-02,3.556773656921445315e-01,7.901572152403225635e-01,9.952540566081871098e-01,1.685813438510584961e-01,6.256174672267840187e-01,6.421235436992284162e-01,1.213754493114762578e-01,7.902309299222565198e-01,7.439815814247761061e-01,2.963874815904896654e-01,4.735572063209225746e-01,2.956349441752346152e-01,6.589176393609241789e-01,2.623200995937208235e-01,3.387049470209810842e-01,2.661780045713801890e-01,3.228659815676122036e-01,2.583339033675055019e-01,7.046314918633278523e-01,6.238384808984078767e-01,5.420248795742913517e-01,2.243283843156667900e-01,1.328327222869280788e-01
7.512535430595553843e-01,2.064996029638391517e-01,6.846566155878094362e-01,6.724161670868786800e-01,2.400355465042173786e-01,7.335409319568340081e-01,7.169972673934480456e-01,0.000000000000000000e+00,9.473923473885887958e-01,3.534578766526133009e-01,5.138795854590916257e-01,4.043547940231464466e-01,8.699856946796675761e-01,7.773498204313100679e-01,6.935333245472410368e-01,5.363057307591911904e-01,4.074673065290915774e-01,6.056061303540473117e-01,2.777902006630930121e-01,9.057055881887569049e-01,7.669900124206407988e-01,4.877946712176483568e-01,6.547423792002773357e-01,6.720996411499543521e-01,4.612218132284357508e-01,8.531223940606900147e-01,6.593505794552767529e-01,7.566537672927832192e-01,6.658374277530564322e-01,1.713769466624949778e-01,5.350126286687403310e-01,2.856601816163857888e-01,3.595243113863528794e-01,1.694401349352866459e-01,9.522251811968077684e-01,2.086818831948571429e-01,5.549452126343554781e-01,2.007350644011088869e-01,8.507743016306729134e-01,5.316406356399786537e-01,5.237214329844137595e-01,2.433069367312477582e-01,9.639147115294468549e-01,6.484620671391195801e-01,5.392622478307423917e-01,7.282310896643258147e-01,5.920872997516724023e-02,3.158960964825435758e-01,6.175231050301983604e-01,2.144186355433533864e-01,4.000840417122419890e-02,2.560917251902107283e-01,4.111853000684633219e-01,8.524321130791018275e-02,8.390900481377620013e-01,4.526839646323786437e-01,7.364805853426539262e-01,7.495482104066253370e-01,8.796393682030847483e-01,3.326304073086836649e-02,5.406094105215550893e-01,6.377314870057916307e-01,6.832526715910574033e-01,9.842152200531563144e-01,9.063400085756466718e-01,4.867865828646708026e-01,9.805991473952195836e-01,9.055012216482289933e-01,7.173201310522923091e-01,4.595074034886523773e-01,5.605269795429610458e-01,7.290152867477388554e-01,1.261881296917092277e-01,-1.507260042230396946e-01,5.710198244967146231e-01,6.422578825147678971e-01,6.894335817827873525e-01,5.254143574594386523e-01,3.638912092806781962e-01,1.777459039313931954e-01,5.632525660136808998e-01,4.107081848284919734e-01,9.860089890950488600e-01,3.335751606504226974e-01,6.783219611927395754e-01
5.153215999862004182e-01,6.975319375266610944e-01,8.340790700454030482e-01,3.823472235459933755e-01,9.247475417311968870e-01,4.508396464319754382e-01,7.004881212799942691e-01,9.473923473885887958e-01,0.000000000000000000e+00,5.038273970254961709e-01,7.446687522133780268e-01,5.912237666884547771e-01,7.914406597196546045e-01,4.210357872399901891e-01,6.102479691408970730e-01,4.510450467046325240e-01,6.235175694710102245e-01,2.830852142279620121e-01,7.225579757695683725e-01,6.587965823067342130e-01,4.728536716786931882e-01,3.543993043979813962e-01,7.173789334837705756e-01,8.268018951217244172e-01,6.758296494516895514e-01,5.996391055661904890e-01,4.769361969598097661e-01,2.203002051990178567e-01,5.559653131096947698e-01,-3.128928976227773884e-01,5.786940633523439681e-01,6.988799305627280134e-01,1.808593957891998505e-01,3.968351767579986200e-01,1.819651790899490251e-02,3.299663685829573589e-01,5.415391342278867981e-01,6.881529290929109255e-01,3.095672698704718950e-01,8.897076692850538482e-01,2.311486663127354513e-01,5.617780193383927756e-01,4.156148327692696376e-01,4.318861413793409487e-01,9.095908152285155923e-01,5.444395584044097181e-01,1.351926520233543982e-01,6.327405017628454642e-01,5.488362768967659511e-01,7.056612849970944623e-01,7.554511054290620198e-01,7.791431023986981064e-01,6.142929221698031350e-01,7.066451619800659945e-01,8.921793031288224318e-01,9.441136862183034939e-01,6.978324154912459720e-01,6.191528026740475976e-01,2.578097979230383752e-01,5.003312424199507502e-01,3.381970515186732973e-01,5.463117957461363083e-01,5.905492921717302446e-01,4.779109038799476128e-01,9.905652620139632214e-01,5.842849840319248589e-01,4.228172638854419407e-01,4.363374571627502974e-01,9.122753160646378534e-01,6.983784692484342749e-01,7.538285729488601872e-01,2.039602836520959250e-01,2.742522766111630261e-01,4.266338855212155057e-01,1.000345526685801900e-01,7.436828495483466250e-01,6.031158539041673317e-01,9.799277601634186485e-01,3.771073832032706408e-01,3.182768862501099139e-01,4.340385370210534943e-01,7.519498927818992762e-01,3.127703500851346519e-01,7.224254253110594659e-01,4.216662500155500815e-01
9.817968451063007196e-01,4.130438917816507960e-01,7.435561380914362806e-01,6.551063964352078495e-01,1.467142689157111268e-01,9.550276492357618885e-01,4.736329744724661617e-01,3.534578766526133009e-01,5.038273970254961709e-01,0.000000000000000000e+00,4.216438824024510423e-01,6.241168346660801447e-01,4.141977219685176181e-01,6.680041935138776310e-01,3.997520855367977521e-01,8.483646785151039982e-01,6.207053006198675060e-01,8.889117997126115833e-01,4.495251670145207767e-01,4.248255119098805488e-01,8.606793662209433204e-01,5.468484997422295990e-01,5.813622675452971844e-01,7.793536330605579376e-01,2.981058512188159981e-01,9.342534972503770963e-01,3.221877619619679112e-01,7.469311022708949865e-01,5.517611944991313022e-01,5.911356602362805024e-01,3.041783611475255000e-01,5.577444290968222029e-01,9.657369297220794735e-01,7.021814521404876608e-01,6.573530497934367833e-01,4.626724353376807652e-01,1.499672621908494929e-01,5.733050694514830736e-01,9.832915143574683103e-01,5.047871268094913377e-01,3.098773789819852520e-01,5.409106989233893881e-01,9.207004095145437939e-01,6.890948095153405228e-01,8.238472370597702543e-01,9.133516423099509174e-01,7.334756453594489800e-01,9.309938522553190543e-01,6.122702895874048146e-01,2.638362782855048772e-01,2.029873749491759860e-01,7.141191654982769199e-01,9.284334908626238336e-01,7.754737790960525290e-01,2.052675098153187438e-01,7.931652779706377387e-01,6.576364837319889078e-01,5.645324997486108609e-01,8.857400065795658639e-01,6.173133383189459700e-01,8.387332251284713713e-01,7.480678282511049604e-01,4.847504733225780904e-01,6.662616282034352633e-01,3.091366670746975576e-01,6.231044672588059719e-03,6.889663422156044881e-01,8.105061509957421917e-01,4.338851767907854207e-01,5.821432228548871768e-01,8.770718586901051772e-01,4.419199482636860243e-01,3.803859752381600345e-01,3.396618080840499987e-01,4.464462929034537786e-01,7.907223501052054182e-01,4.277515445652557702e-01,6.722878818618157615e-01,2.864022997535050075e-01,2.587786721173389592e-01,7.277075854804104793e-01,8.214628714622619343e-01,7.182583514937653790e-01,2.500882460288088027e-01,6.991539583372488043e-01
4.141883850063138306e-01,7.005526081355318846e-01,2.195856660009606331e-01,5.769784600051346413e-01,8.343792061291837037e-01,7.741749118339916746e-01,3.657263462815147914e-01,5.138795854590916257e-01,7.446687522133780268e-01,4.216438824024510423e-01,0.000000000000000000e+00,9.256730472227000517e-01,5.995864151379352025e-01,9.336766032033257945e-01,4.610870427499867419e-01,7.757664900503384864e-01,6.931667278830788703e-01,4.395528686071608626e-01,7.848145730500152295e-01,5.059904670933317306e-01,7.529530973817744055e-01,3.440598959365533949e-01,7.203679361018264782e-01,6.083979545791706744e-01,5.554628286879426113e-01,7.969644362973504759e-01,5.485274965869575414e-01,6.098547794363932129e-01,4.363914815290766414e-01,5.242281970547925107e-01,3.410163962232775070e-01,2.729006607659948402e-01,8.423407652323720018e-01,5.880614932680428009e-01,7.440101628389311772e-01,2.954907732616958438e-02,4.797402774781828749e-01,6.669604503223613978e-01,5.512669430634793422e-01,6.687565353576814253e-01,6.898528536922303722e-01,2.913041668604616774e-01,1.710722231170173080e-01,3.657328572039513642e-02,8.758814912279211384e-02,9.598126277990846056e-01,4.366986854231416637e-01,7.959067587803682065e-01,6.608143968794224499e-01,2.510742648073439609e-01,7.566993755337020344e-01,4.686289331372959222e-01,4.507080581256541763e-01,6.393371542910777361e-01,7.784276282990121310e-01,6.372916468916053345e-01,5.513525652125601528e-01,9.554595867291120204e-01,9.090939824797860114e-01,2.912262226747681648e-01,3.363826168000124683e-01,6.534961116345127108e-01,1.602340115994111691e-01,5.076323168693186449e-01,9.355709685525941399e-01,2.270652544950435836e-01,1.847258459001251962e-01,9.852869266981418850e-01,3.726974963824048470e-01,6.907613759902639927e-01,9.401781415142431708e-01,5.349732147285772843e-01,4.860963340987898840e-01,3.247044024246403815e-02,4.302638930493848934e-01,6.667488340924135892e-01,8.921687503019529730e-01,3.378895625124384017e-01,3.934958410201938594e-01,1.938456499557067447e-01,3.092010736360947254e-01,9.388349220478271473e-01,3.484303246625058970e-01,4.835858537541030122e-01,8.602091196448571342e-01
8.605092629190784770e-01,6.994941076021282678e-01,9.258924420368394026e-01,7.971085243860258629e-01,4.306067046935150300e-01,5.467599974935462015e-01,2.465306971129043456e-01,4.043547940231464466e-01,5.912237666884547771e-01,6.241168346660801447e-01,9.256730472227000517e-01,0.000000000000000000e+00,7.333772903559169221e-01,7.352085567040542724e-01,7.136914521522225163e-01,1.384929467242955459e-01,7.960059334143707588e-01,7.030962059352211524e-01,-1.434966774355395103e-02,6.473145958014330237e-01,9.656599927673228390e-01,6.009394117264367230e-01,7.989743594735891907e-01,6.726152577713856440e-01,7.921613243801095550e-01,7.693130413309020588e-01,5.596079911597506840e-01,6.517209185134565930e-01,1.020265078993746050e-01,3.596227996073420030e-01,3.536407073376252597e-01,6.873180171064862121e-01,4.069888589716716409e-01,7.481370690152123748e-01,7.847754266323014871e-01,4.476297981248087421e-01,3.006745703991721697e-01,7.408485919974279188e-01,9.104301793713125424e-01,3.017847542352098400e-01,5.509477582708877108e-01,8.368583532659171764e-01,9.596965726445849665e-01,2.391192497033264586e-01,8.599741305268416847e-01,2.771121647902036189e-01,5.633549648379412300e-01,8.897285064844537850e-01,3.254459082255094504e-01,3.116902353457843278e-01,6.017387192640123450e-01,7.456950469445432494e-01,8.972038361224162761e-01,7.203280004545178361e-01,9.422927636361155823e-01,9.215227771280556368e-01,5.175313821669083048e-01,9.721970330650696601e-01,7.238346051812268866e-01,3.378911417734904443e-01,6.097383682903821933e-01,3.673083239601452332e-01,6.600906635832375358e-01,5.229895883734581030e-01,7.523438871867690336e-01,5.538484507450421868e-01,9.382913656527980262e-01,4.608771721335731542e-01,6.418499644270103666e-01,5.056522041768093390e-01,7.749438230981273712e-01,9.979872679018297887e-01,8.398993150800732055e-01,4.022442952256013449e-01,6.744710068613525289e-01,5.324483194324390878e-01,6.164490973740398561e-01,3.466823806485580528e-01,3.486154434609903263e-01,1.326112297290892306e-01,6.844919681819444657e-01,6.557745447722957977e-01,7.298875898445796873e-01,6.455540432606614587e-01,7.329892434987137495e-01
9.422226796219095313e-01,3.764703449869329366e-01,8.449667300581492624e-01,6.669280097873580004e-01,7.672554050056987762e-01,2.354532929529932483e-01,7.803460989590165209e-01,8.699856946796675761e-01,7.914406597196546045e-01,4.141977219685176181e-01,5.995864151379352025e-01,7.333772903559169221e-01,0.000000000000000000e+00,7.426134857995736471e-01,8.737684699617173090e-01,7.095844458879815297e-01,6.075933069821347621e-01,3.868557496298991039e-01,2.234406638836702041e-01,4.576094122122363883e-01,8.723572059730249073e-01,7.337409891290954667e-01,7.241590189898828855e-01,8.945687493688629921e-01,4.538044319045966279e-01,9.048830072638452959e-01,4.402246045950051756e-01,4.867204389423669952e-01,3.684207399942474037e-01,2.899992466834882543e-01,4.316741576916252598e-01,3.037611795920673874e-01,6.193240778381690070e-01,4.642107851083183134e-01,4.964159086084753980e-01,1.634559730416261791e-01,-1.103125613021691681e-01,8.733317669143603190e-01,4.782598659562166121e-01,9.546018922108685523e-01,3.532205496073160811e-01,6.609708911170184553e-01,6.697609096001572171e-01,5.971147018439936227e-01,3.269303039187180238e-01,2.877770733954064242e-01,6.564652183094829008e-01,5.007863936891201462e-01,3.153921025497897213e-01,7.917048951989282823e-01,7.095171464838333497e-01,2.748303188217214865e-01,2.298472964084412040e-01,8.439266860091972910e-01,6.225219798741060684e-01,5.759429081001942174e-01,8.995576940214891071e-01,8.882344289698108630e-01,8.272962814418378663e-01,6.833743123044091483e-01,4.839624489048517386e-01,4.319955146444444116e-01,9.050468397386560726e-01,8.670750727674929603e-01,8.982219194610780999e-01,9.140168266267632013e-01,3.324458134497534356e-01,8.116415455158746406e-01,6.942005299377190797e-01,8.542987183244703520e-01,6.780258352364769703e-01,9.042441590803828033e-01,8.941287079823723172e-02,2.998574532445303920e-01,2.551808165025972741e-01,8.163512132128852850e-01,8.965363843917660558e-02,3.259836839461052183e-01,7.702324374294859943e-01,4.141079252922749698e-01,3.069334576600937226e-01,8.518988971479842798e-01,6.299142245358174685e-01,1.418172572050103442e-01,8.426763028341753836e-01
2.740441239419613151e-01,7.965498494508738148e-01,9.973220741802919509e-01,8.219000802552380858e-01,5.659681998539832781e-01,5.129191352680682048e-01,7.697219832248353155e-01,7.773498204313100679e-01,4.210357872399901891e-01,6.680041935138776310e-01,9.336766032033257945e-01,7.352085567040542724e-01,7.426134857995736471e-01,0.000000000000000000e+00,4.658312938314941309e-01,9.808893363417785505e-01,8.163364698379032003e-01,6.024804971080222060e-01,6.346001465230701744e-01,8.104228852917918502e-01,9.759930097575177932e-01,6.443484492632074456e-01,6.889394914666194802e-01,6.941151893316428456e-01,5.335797911949112793e-01,6.547102772663684345e-01,3.623308773370035318e-01,4.857547465032925338e-01,4.864058968986876841e-01,6.212292297125818763e-01,2.704297667172402830e-01,6.200698089045953987e-01,7.697205238764286417e-01,7.607693471588986567e-01,6.401096320929959838e-01,1.552819385295676341e-02,3.591437815651720156e-01,4.822186487182841819e-01,8.825484762949753481e-01,1.068065146736708465e-01,6.611577739245098062e-01,9.569502574046843124e-01,6.412455850073395247e-01,7.461992296711678074e-01,7.822325623504380321e-01,5.715072352177199555e-01,7.295686534054907080e-01,9.071080890083587089e-01,9.719507822589763535e-01,4.147560037991572801e-01,2.331582863731461452e-01,4.802220816938096437e-01,4.252839285853317608e-01,9.008651933341556006e-01,5.511743369646834312e-01,7.516509801644418731e-01,5.303296374986209427e-01,5.982003504678432559e-01,6.625265215397544427e-01,8.313931677254160837e-03,2.374235015593737230e-01,7.852527708897260039e-01,7.621910577623470795e-01,4.907082152532196151e-01,2.339088561867430083e-01,6.884249021644976985e-01,3.013318202934699430e-01,4.693785523812727956e-01,4.654051941535057857e-01,6.594820159803065351e-01,5.653558403660767784e-01,4.406810240657684230e-01,5.476749297318643794e-01,4.713082745084465341e-01,2.586509748713078927e-01,6.604363649742230891e-01,9.450466371551964340e-01,4.603894447623977926e-01,2.641626009117986063e-01,5.182093762950924498e-01,6.804530419343485237e-01,5.536966886987330083e-01,9.591713489028954598e-01,2.050913725016535460e-01,4.107068756524255293e-01
7.331812148746191804e-01,6.716292000033199372e-01,3.487066746595994249e-01,7.752899389261100893e-01,4.887961247435557155e-01,4.577512301584643062e-01,2.050152371260888784e-01,6.935333245472410368e-01,6.102479691408970730e-01,3.997520855367977521e-01,4.610870427499867419e-01,7.136914521522225163e-01,8.737684699617173090e-01,4.658312938314941309e-01,0.000000000000000000e+00,2.680335791562836745e-01,6.734480269114485607e-01,4.707986787727195255e-01,5.203605099032656556e-01,9.903337345309721762e-01,5.349832846282595034e-01,6.941152850587174461e-01,3.793514880612868234e-01,4.637772676593387433e-01,5.239529606886159652e-01,6.166038536746885068e-01,7.826950508456463895e-01,2.863498342868480151e-01,4.531457653375573491e-01,1.270171592273531824e-01,1.038513303209089023e-01,7.191685737002310175e-01,5.357861626404047950e-01,7.786107611582371302e-01,5.671470040119341860e-01,5.479068477409848592e-01,4.034120409079489655e-01,8.766468852708375614e-03,9.108736103265721029e-01,7.584445488883042596e-01,7.290448500513979635e-01,2.724039720951443311e-01,8.260890439119676909e-01,7.125737866750854188e-01,6.372010255167552817e-01,8.463551643529715340e-02,4.496464071580560939e-01,5.106037784031696170e-01,7.122602585397317387e-01,4.103591279810721026e-01,7.305363166330052227e-01,4.579120681710439622e-01,8.319938188568219983e-01,7.227414443071571437e-01,7.522141417759719006e-01,6.756526127568871498e-01,3.056357886196096607e-01,7.311738730296855060e-01,8.129220802911664157e-01,4.667789846617212968e-01,5.008517042446246625e-01,7.530709646296098736e-01,5.603282426171773967e-01,6.975653735511687659e-01,6.609931171229165292e-01,5.548085630723493811e-01,2.037626415404204250e-01,7.451376172830148636e-01,5.855885086719253563e-01,7.731395201497370806e-01,4.417561186815679442e-01,6.760338383770762016e-01,3.055127972965059335e-01,7.801777391184171462e-01,5.980076614290075199e-01,2.327717213657441719e-01,5.749949493891360897e-01,5.708509716010208290e-01,3.958103797546376201e-01,5.791253244123589772e-01,8.141762090482372594e-02,3.383908751723090358e-01,6.469909666928396197e-01,7.846157924145665818e-01,7.155172159762092088e-01
8.894009010208041577e-01,4.324343724315033999e-01,1.586535957267665997e-01,7.661538296670524772e-01,7.167548978028109863e-01,9.783971004380804803e-01,3.809382637753350176e-01,5.363057307591911904e-01,4.510450467046325240e-01,8.483646785151039982e-01,7.757664900503384864e-01,1.384929467242955459e-01,7.095844458879815297e-01,9.808893363417785505e-01,2.680335791562836745e-01,0.000000000000000000e+00,8.091450049753190488e-01,1.669154975222811310e-01,9.869312899885096524e-01,8.814940857754930414e-01,4.425440240863843244e-01,6.367026303587198788e-01,3.398639642420211437e-01,9.146071377896217713e-01,1.753268303228471270e-01,4.313536728508826634e-01,6.332083807616838422e-01,6.828922736589212450e-01,5.805078933093859028e-01,4.859007704475120648e-01,1.183394323288647493e-01,5.467977297952284488e-01,1.049724286142424828e-01,8.266342294466936247e-01,3.930825726880501358e-01,5.467200888394698755e-01,2.076052080986417192e-01,4.468435021933729878e-01,6.153471343354197653e-01,8.890375542278823318e-01,4.386488388840652508e-01,2.723073916144104212e-01,7.304945200573107478e-01,3.393991249916646358e-01,4.829795565035556182e-01,8.323406570009991290e-01,9.203183370380457751e-01,5.141898937451361284e-01,3.515342628795453117e-01,5.131961913870983771e-01,7.956426175240060017e-01,5.746994885960082788e-01,5.271739729849578282e-01,5.835811889547992681e-02,4.824993830109622350e-01,6.542553116608311736e-01,6.279828885347643608e-01,2.165626882465760406e-01,9.456530940110546846e-01,6.069666359394432220e-01,4.415340848290357223e-01,7.261728008533971934e-01,4.947980437930356579e-01,6.580248794121476008e-01,8.624816599001190465e-01,7.421969674276409634e-01,6.255637692211836187e-01,7.580958228567939994e-01,2.207516233743544443e-01,-1.737581542907638554e-01,3.418960346750566925e-01,6.188751332320847620e-01,4.265411942311283511e-01,5.203057242634259172e-01,3.710364881301985718e-01,9.919129738186571732e-01,8.852056543814674772e-01,7.600322005493267419e-01,5.928195029543430472e-01,3.821346572020686283e-01,6.648416100382228411e-01,3.177380200710309133e-01,9.158843258091329265e-01,2.558191208265493954e-01,1.246540414704041810e-01
7.792380994681896711e-01,9.122908171203001348e-01,9.257604743795837532e-01,8.234052899094168598e-01,5.019844696010064000e-01,6.062144858041540463e-01,2.150208837872383261e-01,4.074673065290915774e-01,6.235175694710102245e-01,6.207053006198675060e-01,6.931667278830788703e-01,7.960059334143707588e-01,6.075933069821347621e-01,8.163364698379032003e-01,6.734480269114485607e-01,8.091450049753190488e-01,0.000000000000000000e+00,8.254498952301567716e-01,7.488114782328589847e-01,9.792941585590587694e-01,4.151288359889244717e-01,6.755349854668361020e-01,7.299717253191941868e-01,7.570483179391767070e-01,5.240236006661391777e-01,7.584107421352626055e-01,1.700198132201040935e-01,4.344529105688201276e-01,4.939529669118282729e-01,1.605114748357839571e-01,5.844916999168290328e-01,7.200542932823333908e-01,9.872837915191376990e-01,8.728602478773378470e-01,8.637008932723632126e-01,4.571538425853745591e-01,5.522111819932784549e-01,6.060715620524831371e-01,6.073542021183059303e-01,7.278659428056243330e-01,4.791245921915173178e-01,7.022327173141199586e-01,7.351608547009779171e-01,3.480529483474567032e-01,7.413741724674310918e-01,2.319849878470157944e-01,2.956381744883191387e-01,6.534142552433732654e-01,6.126285897673908742e-01,9.424964965314344134e-01,6.300761095883309348e-01,4.751964351157420552e-01,2.396269008446503812e-01,8.749850279878673698e-01,1.937097696744645436e-01,9.955814047176066994e-01,6.129035631026810149e-01,4.670611244262873329e-01,5.941913426351095318e-01,2.838397666099020666e-01,4.886732160196867181e-01,8.891714646582351556e-01,5.152266897892611164e-01,5.716841617964266709e-01,7.998983581079851524e-01,8.818713210275821446e-01,2.880784632552144675e-01,4.186484967911388577e-01,3.789146031444038387e-01,2.996117587684652972e-01,7.824022311060048196e-01,6.106335168015238901e-01,3.761949356004206102e-01,2.658058242273259042e-01,5.649109619126398973e-01,7.247337395339332744e-01,8.884308532708421469e-01,9.137587315655412157e-01,6.665387971069298700e-01,7.808745237532949135e-02,4.444826009849845994e-01,9.142524754575037660e-01,6.210971807363744324e-01,5.169051926032646183e-01,4.954261477969020278e-01
7.539804683367103966e-01,7.406500154794422031e-01,1.079418998098271854e-01,9.530076829883962208e-01,5.413784257873279770e-01,4.474301533497738737e-01,7.370796495121186842e-01,6.056061303540473117e-01,2.830852142279620121e-01,8.889117997126115833e-01,4.395528686071608626e-01,7.030962059352211524e-01,3.868557496298991039e-01,6.024804971080222060e-01,4.707986787727195255e-01,1.669154975222811310e-01,8.254498952301567716e-01,0.000000000000000000e+00,2.097763353363314986e-01,6.770098091327163559e-01,5.511715924932083510e-01,5.596683840328351422e-01,4.867487131490485508e-01,4.089054943293556899e-01,7.985643280307346270e-01,6.563177236476039900e-01,6.115152032313219133e-01,5.232389877897720698e-01,3.349681112762133983e-01,1.119799798996500562e-01,3.871735569785053066e-01,6.198696550249885862e-01,7.587722078542098458e-01,7.826496584154678526e-01,7.524767807043268864e-01,2.934911394951644215e-01,3.526498247277845000e-01,7.258129633699625938e-01,5.595580276706371148e-01,8.354381872535109332e-01,5.938488132787633766e-01,7.086303825437149095e-01,9.348029113177729332e-01,7.463941428513438670e-01,7.884430561878112975e-01,5.370505510177572273e-01,6.507418910829414482e-01,6.124963722797999166e-01,4.683931097834375668e-01,7.687899036488813342e-01,1.970588172783560854e-01,5.672002751202656068e-01,8.570823173578042686e-01,5.279098960345012248e-01,2.018461551630768569e-01,9.465671443821623843e-01,7.632793688001902055e-01,7.649259070515248560e-01,6.867422455835587858e-01,5.954989971144970529e-01,2.886482789799064141e-01,4.943691852694894751e-01,5.108154635637175423e-01,7.635018240639742659e-01,6.502703686763275925e-01,2.034862231337887517e-01,2.606929402546893093e-01,6.644487242554562023e-01,2.838369977505511565e-01,2.281340571158539388e-01,8.358132591748550499e-01,5.548545090389414014e-01,5.648178042611929905e-01,4.561935246740841943e-01,2.613842027973591886e-01,3.873623972882547228e-01,7.232506510836800295e-01,2.912356895751624930e-01,3.417100074978928204e-01,3.003266838881856193e-01,4.704447895159293291e-01,6.658330779723529158e-01,8.773742742206386280e-01,6.970073404614846035e-01,4.423384364697289794e-01
