0.000000000000000000e+00,6.325966694597340290e-01,7.668455759196557420e-01,8.445387522124111479e-01,7.898665713520336418e-01,6.773895501978149936e-01,2.056051489717161396e-01,5.033426007144823355e-01,7.038756249011406396e-01,5.387616338677296834e-01,8.673316299601729895e-01,7.316513257171914919e-01,5.505543806822316144e-01,6.057396886940691512e-03,6.313897278721173345e-01,6.224605186603603402e-01,8.808871916841886085e-01,6.277391079185337119e-01,7.764244289704850255e-01,5.000492414091138871e-01,8.460733778598581445e-01,5.932075448225053727e-01,3.520789479447992143e-01,5.976009564056310452e-01,8.482282486659054044e-01,4.791441985537247539e-01,8.507239498303746927e-01,6.863971204387497860e-01,6.822941695296196318e-01,3.608409275082128942e-01,2.350206253386749045e-01,7.952291752842328976e-02,7.345914412379214165e-01,7.563277238567072125e-01,7.389721694929096696e-01,5.192340764078571258e-01,4.380338323670985301e-01,5.685037851515737373e-01,5.847165706627422965e-01,-1.784772721711913313e-01,2.478652484947493628e-01,7.988576973775476375e-01,9.528661609357326201e-01,7.805576707647025048e-01,8.447702437799785580e-01,8.912103207000493521e-01,6.543195002102916158e-01,8.083366687867544753e-01,9.058117068253926929e-01,8.101230720192932333e-01,3.833079435817302594e-01,6.752718505432457885e-01,9.772543019767984118e-01,6.017565351603545443e-01,5.464949094713859035e-01,5.685248575742192223e-01,5.522839100905712062e-01,8.078026080672806586e-01,5.579878803114459718e-01,7.935641456308830666e-01,5.352627751589549288e-01,4.226391605851114175e-01,8.780037639341208289e-01,8.058301170241732869e-01,9.021080327921754405e-01,6.925747437182406818e-01,5.899168466467807903e-01,3.151420240217218116e-01,7.529760980746617038e-01,8.223717424178320634e-01,9.755907257075818739e-01,7.013930750662780156e-01,1.679108849051015317e-01,3.228591738937460209e-01,9.146640925880676898e-01,4.578917955937112372e-01,6.333332868568772867e-01,4.879754692101326841e-01,7.683970509382168634e-01,2.554602171452379777e-01,7.266688193479192703e-01,6.970966394305044833e-01,9.097908318990329812e-01,8.608932455668278916e-01,8.306516107238525182e-01
6.325966694597340290e-01,0.000000000000000000e+00,6.427925091184854001e-01,9.268128527811473338e-01,2.933953117786984865e-01,4.200544957472620022e-01,3.701049635818017269e-01,9.538988901087099848e-01,3.826618072374660673e-01,2.396788526250340223e-01,4.272911065182485868e-01,8.336492239417673256e-01,8.615415398347300302e-01,7.009241915351142049e-01,7.473303139127929207e-01,6.780211376027491799e-01,3.736367067126079577e-01,6.728481082394077717e-01,8.109089880703502784e-01,8.036696741648071685e-01,8.911421207855578785e-01,2.680190835921553716e-01,5.180475223313297795e-01,7.453530630958546954e-01,5.861926639911423376e-01,1.356799088109605922e-02,2.512258238689784040e-01,7.215778649402599942e-01,5.424284703705189309e-02,5.231359015626464437e-01,8.033898882520573714e-02,4.130375773950752949e-01,7.142349220614824246e-01,2.354846421925657352e-01,2.366136557010892483e-01,3.687520888878434433e-01,1.588840406965488783e-01,8.578684847312330053e-01,7.656592395177346244e-01,4.043226826551989950e-01,1.978001885213532818e-01,3.832458587450722765e-01,5.121926141962936940e-01,8.543138910462895197e-01,4.024995405457308939e-01,8.490954515052526741e-01,3.988360474702689062e-01,5.200339176687459597e-01,7.559546236418053233e-01,9.678131773972890040e-01,4.669246123069915599e-01,4.569231560287012606e-02,6.403294588085339800e-01,7.465447472692783304e-01,6.763948563776880363e-01,7.166750425019174919e-01,7.293535280675358390e-01,5.959413616894282395e-01,2.441554785894430868e-01,7.497113744466592511e-01,4.397560864920430079e-01,2.572818184187772861e-01,5.904831329492299385e-01,4.330548654198256298e-01,8.584667116711055534e-01,6.859822928735128666e-01,3.957043922099513500e-01,8.009329585387524597e-01,2.941224183963308536e-01,6.034024605442288580e-01,8.244098810263563726e-01,6.066181991638307514e-01,5.105347920301650522e-01,5.876547059061128231e-02,6.886799559379240820e-01,2.265833365282794998e-01,4.532994524344370890e-01,7.938495780701676496e-01,5.901284480548267819e-01,1.314573126737210995e-01,6.464397418594215461e-01,9.203960072641816925e-01,6.125137591955757133e-01,4.432794709340917572e-01,5.745332463556509506e-01
7.668455759196557420e-01,6.427925091184854001e-01,0.000000000000000000e+00,2.540931988176977838e-02,9.647612636115316942e-01,7.828959873251070123e-01,9.626626880825933652e-01,8.491389091609299333e-01,7.686737946150230538e-01,7.924302326593877233e-01,4.995597383059080521e-01,6.493332907391846653e-01,5.818112718056537291e-01,7.271184820269324112e-01,8.093904504492033247e-01,9.602797684314985371e-01,7.486256620045373955e-01,4.117747445525081762e-01,7.791643825364563680e-01,9.792032338484084608e-01,7.218366648180296608e-01,9.318261228686741671e-01,8.258691696642685987e-01,8.213927758444942162e-01,7.359183244412755842e-01,8.914883889533169459e-01,5.770659954888396337e-01,7.828547357405976070e-01,4.106789401715588150e-01,5.969520143699762471e-01,7.514966954360816076e-02,7.381854629280888425e-01,1.482701660212333850e-01,8.600827080965502969e-01,6.779683354652621396e-01,4.900259454986590768e-01,3.117621862847091418e-01,9.266311152403137186e-01,6.649289982316419767e-01,9.372485490284429011e-01,5.923599576554334778e-01,6.532586124492302249e-01,9.288509637237220007e-01,3.707832161877895327e-01,7.138098054674415494e-01,6.401427957404278724e-01,8.591569725639075505e-01,8.046646444248851671e-01,4.043133688621648458e-01,6.425107498635524994e-01,5.722785161271835008e-01,6.487343886065322085e-01,8.860275019559369358e-01,9.656613184084709145e-01,9.242537476439961486e-01,9.824140791392226291e-01,8.397879646005557142e-01,9.094757467022739350e-01,8.522075375327096136e-01,7.576635204246598976e-01,7.562736883881818750e-01,7.028229248564697995e-01,7.338362498831741965e-01,5.796459613347336726e-01,6.541878370666505127e-01,4.717095018337923440e-01,8.106222079320424267e-01,8.287532637463638219e-01,8.210824171032503616e-01,8.167475760445234156e-01,9.718876633538454657e-01,4.244215064604910381e-01,6.086871515947654965e-01,1.618202905966469873e-01,9.633283202808189394e-01,6.529274662162077858e-01,8.977875088707346074e-02,8.770909083578803944e-01,5.675297064904358812e-01,8.110011892777971299e-02,9.466485098719776836e-01,7.585614454180562571e-01,7.034678228764674746e-01,4.169673030975309946e-01,8.356237902986566324e-01
8.445387522124111479e-01,9.268128527811473338e-01,2.540931988176977838e-02,0.000000000000000000e+00,4.601135167343373134e-01,6.740817310331137513e-01,5.218834810755801357e-01,5.833813336113826686e-01,9.299007486004799983e-01,7.309166008145770999e-01,9.857802717721066976e-01,8.254729092001559243e-01,9.805212722197397257e-01,5.875661329447684489e-01,7.652643247388019043e-01,7.438088951834376239e-01,6.704918969560715869e-01,6.701310759015617347e-01,7.884823021599051129e-01,6.392785623939246653e-01,6.988958210496266643e-01,3.614789838719290049e-01,7.943380925006595650e-01,8.652862639973082359e-01,1.760689175295926112e-01,9.418810027067443524e-01,3.893030641643600576e-01,7.971874278581172479e-01,-1.706492547417439720e-01,6.054017584262670892e-01,4.558964344181864470e-01,7.334640508636049994e-01,8.640512229994469218e-01,8.608426298131275356e-01,6.413570439684993518e-01,3.317956436938516163e-01,5.037292245269948676e-01,4.184761527900767719e-01,9.001873811593451569e-01,6.983445966770523983e-01,4.750806749589115419e-01,4.748965645825438675e-01,5.883320440456655254e-01,5.902858837955186067e-01,7.506719116539827263e-01,7.403431643247684324e-01,5.857269497233577038e-01,3.580793728104136320e-01,5.419803948944670324e-01,4.982331174642815608e-01,8.389692352570741196e-01,6.993801693499104299e-01,9.685254292617844207e-01,6.549606648193208036e-01,3.486368467371309676e-01,7.828656604704486988e-01,8.812417908772248731e-01,6.481364328566706634e-01,4.025194881438668992e-01,1.603435474637635583e-01,7.118578553024016431e-01,8.339960511758076622e-01,4.931076255227472838e-01,9.035063321998503261e-01,7.702108501121953665e-01,9.312054216279237462e-01,9.488820278841021416e-01,5.197617326968758666e-01,5.503876106072628227e-01,6.183776021140143797e-01,5.737695610177888650e-01,7.337429714798158198e-01,2.985940061448933980e-01,4.874285949083651537e-01,3.078673816810417740e-01,4.875907925601088433e-01,9.135368846318656644e-01,2.937766776469596941e-01,3.878333065641998978e-01,4.700718223220499148e-01,4.101250755083803989e-01,9.628261196709858583e-01,6.870528707781293765e-01,5.334145518170307909e-01,7.694099059363110893e-01
7.898665713520336418e-01,2.933953117786984865e-01,9.647612636115316942e-01,4.601135167343373134e-01,0.000000000000000000e+00,4.333433555394270442e-01,6.837321828545221969e-01,3.718770492667120564e-01,4.122470292210686504e-01,8.528208627415817533e-01,5.847749236974713050e-01,4.249999442855589837e-01,5.609055463188836743e-01,7.178249400567089378e-01,3.585680976609851855e-01,2.546682816648712655e-01,9.607064090442317683e-01,9.772546440436491455e-01,7.975384042476175717e-01,4.969958352933918633e-01,4.229505225190928752e-01,9.164537330413049521e-01,6.230314108626814340e-01,9.796818614599301922e-01,2.406978582641467468e-01,2.819862866914882304e-01,4.918376374840729426e-01,7.958462951786990924e-01,4.287930489772150411e-01,7.858105478541973499e-01,5.190999759305291450e-01,2.958790671867893574e-01,6.490877614113210736e-01,2.777780329232484302e-01,5.002776599314424644e-01,-1.438178552987205427e-01,-1.687087056537964203e-01,7.343403013982009453e-01,9.850311955575530298e-01,6.420169883187382132e-01,6.972629571670098114e-01,8.506116486010030231e-01,6.382524604623533993e-01,9.032342130221215903e-01,7.184884945984836291e-01,9.197447442813975194e-01,7.064713073341417626e-01,3.655083149259447106e-01,4.928455158140918613e-01,6.799384730797793930e-01,3.501440991772122868e-01,4.676645838945536204e-01,8.132515102589001899e-01,4.016581789882738285e-01,7.566871667337110585e-01,5.197476533771487883e-01,9.833018322208082473e-01,8.820424101230580627e-01,8.937103870491357460e-01,2.195925663774627445e-01,3.363778840974693818e-01,4.158607005062478490e-01,4.743668878817295376e-01,9.943275157222177807e-01,7.201622965009645272e-01,6.013987675337633121e-01,7.132735875205307163e-01,6.363983127539476481e-01,4.369280465145357617e-01,5.749793602845367779e-01,6.130147768859237623e-01,7.900082682561354597e-01,2.202469935721357019e-01,6.443105560901105644e-01,7.441574817973125588e-01,7.748610256226573512e-01,3.084203814617771378e-01,9.937705661544661284e-01,7.854747868755435070e-01,2.969890338097482263e-01,1.568672133871595875e-01,6.582727553933593878e-01,9.488049484049424498e-01,4.706903385428058972e-01,6.108433943030869839e-01
6.773895501978149936e-01,4.200544957472620022e-01,7.828959873251070123e-01,6.740817310331137513e-01,4.333433555394270442e-01,0.000000000000000000e+00,2.765956936493405016e-01,4.970286682222351815e-01,5.275828275036786863e-01,6.905779014703631313e-01,6.799585539252273048e-01,6.449119858441922926e-01,3.840096208895334984e-01,7.059849735877939958e-01,6.007932674265670236e-01,9.606083503211622077e-01,9.206778624290989921e-01,7.438050464484289304e-01,9.241392339660906563e-01,5.089587231695017477e-01,8.680029809207212566e-01,7.814933430372452694e-01,5.504877819551102780e-01,7.474299505795768406e-01,7.249488292343158058e-01,6.106285987405986049e-01,8.881687198783726478e-01,6.388505636370864771e-01,7.621073929087270882e-01,3.414073282877109206e-01,3.356711043425377600e-02,5.060824351994803738e-01,6.723471141774126636e-01,6.926109862087050928e-01,6.530483527868377047e-01,5.047451848176107841e-02,1.570188235807052912e-01,7.230851888727950483e-01,6.900287429125815386e-01,7.856305924785433881e-01,3.883166545215549492e-01,6.745680952920393159e-01,8.507653406120015971e-01,3.751195737114443873e-01,6.563769293550734130e-01,6.419645340405827350e-01,3.263918767073812344e-01,3.554005293455205772e-01,3.396971981174845556e-01,9.998503535037046586e-01,4.778867743154512904e-01,5.223004551366703385e-01,6.255083027267733797e-01,2.308354663005626195e-01,5.278170340412540185e-01,9.993367135187860573e-01,6.556344199336135992e-01,6.017957441257192341e-01,3.209243063420761377e-01,-2.638904668620081773e-02,5.533209987944216757e-02,1.851445140033947286e-03,4.312613989881867171e-01,9.368448815187342404e-01,8.796568060795622035e-01,4.915937097059449590e-01,7.664879275885105869e-01,6.322512372176769535e-01,4.332175765235211640e-01,6.727396841223224344e-01,3.217888421166759105e-01,7.208851386739348888e-01,5.498868458221567446e-01,2.461399823621931438e-01,5.452208962258887626e-01,5.773203122976626744e-01,6.473308726597672980e-01,7.622031322587627944e-01,6.866318112262476125e-01,-4.343226341322142803e-02,4.943029949569666126e-01,6.169421250215308961e-01,7.786601228589521417e-01,3.751338728924605292e-01,5.864069244729169794e-01
2.056051489717161396e-01,3.701049635818017269e-01,9.626626880825933652e-01,5.218834810755801357e-01,6.837321828545221969e-01,2.765956936493405016e-01,0.000000000000000000e+00,7.273543602611227676e-01,7.360126422027180038e-01,4.452448869082851202e-01,4.174216750812572707e-01,4.205303900203128942e-01,1.256385667947326756e-01,6.196813185974372473e-01,3.177785437082069064e-01,7.862465637936116858e-01,6.640812064457316533e-01,1.881172144859655270e-03,2.440865709256339611e-01,6.699332795409853603e-01,9.348210007908823727e-01,1.719670456146982773e-01,3.270061697639662368e-01,5.250797294904009371e-01,6.235598119673976258e-01,3.969285408962527351e-01,2.877614045549835575e-01,-1.210641906435587223e-01,2.496197074545395966e-01,3.401113240919810821e-01,-1.393727853942346717e-01,9.870906713437409552e-01,6.187253782666013446e-01,3.143211874591285149e-01,5.026450166351108528e-01,4.381386637847800025e-01,2.831055181099608742e-01,-3.472040409968238373e-02,8.892488290611113566e-01,6.215128058919409115e-01,4.072109518254054539e-01,8.803478469848080579e-01,8.807321346507618332e-01,9.656481940774042094e-01,9.368856429512162354e-01,5.937521710326438829e-01,4.264558430509973186e-01,4.170505056453911452e-01,4.430227363915848482e-01,3.707363719112607425e-01,4.818729551503187492e-01,5.375266986910802736e-01,5.409036993750585554e-01,3.063765049299050358e-01,8.415923265526460417e-01,1.605863670294780388e-01,5.861112986144444426e-01,7.785708831790986162e-01,4.357932650643468464e-01,3.686046357459393796e-02,4.209651155190709537e-01,7.015105923133320154e-01,4.386649185649671434e-01,9.495434597162206725e-01,6.920911081512330920e-01,4.774511558031424019e-01,2.178430491749367426e-01,9.388888443076865986e-01,6.253118695534463090e-01,7.412810942700990280e-01,5.055259249558500256e-01,7.936645541747158195e-01,4.789879380419114208e-01,5.651784240370461010e-01,9.950524194226054719e-01,-2.610604314663345082e-02,1.365475185733114050e-01,2.293211024643475038e-01,4.050089177841366128e-01,5.676059861469779921e-01,2.442988536651871379e-01,6.183727376676408927e-01,3.315462269971921616e-01,1.779966697887731472e-02,5.815607698738155529e-01
5.033426007144823355e-01,9.538988901087099848e-01,8.491389091609299333e-01,5.833813336113826686e-01,3.718770492667120564e-01,4.970286682222351815e-01,7.273543602611227676e-01,0.000000000000000000e+00,7.068973903497467459e-01,2.334046739477113053e-01,3.860543715166588896e-01,3.447578986194274053e-01,4.101766792556088559e-01,4.776589231485064979e-01,7.060302212351805828e-02,7.829848484418963084e-01,7.660188040782152097e-01,7.067360850741393197e-01,4.131435134790221175e-01,6.404526432052596308e-01,8.592076632872799324e-01,5.150988983227414719e-01,5.077073446464689388e-01,4.647976455301148224e-01,3.742392988948789467e-01,4.395097860832744008e-01,7.610876408273351545e-01,5.525462833725409695e-01,3.929396107642475489e-01,4.079222320993402540e-01,1.730075396404997731e-02,9.767881202683756925e-01,2.010920477709082221e-01,1.944584395658932041e-01,8.589169522572146498e-01,2.769012941322896992e-01,3.374901981567131337e-02,7.716166900884695590e-01,7.802896499794177432e-01,2.533056167308554985e-01,6.576814671081470109e-01,8.556116847617925014e-01,8.938323530627612090e-01,7.040126565457748287e-01,7.071237363974666179e-01,4.002138945730117636e-01,7.972803268028750834e-01,4.429226048772008095e-01,5.833617268843578341e-01,4.511577031408405269e-01,8.791353306858363803e-01,5.177044584500720692e-01,4.239352322437123233e-01,7.341047998929699503e-01,7.472710126189763269e-01,8.708221440698482585e-01,2.728317501288859970e-01,3.743362343048832752e-01,6.474961389507628562e-01,5.153010262315163015e-01,1.504190703582508615e-02,3.697912325327352701e-01,6.815988080257023851e-01,8.254019471147369114e-01,9.755737703103484204e-01,5.157754723790843876e-01,2.774033353296729842e-01,7.105047596030745760e-01,5.538298452543184425e-01,-3.141376282123387043e-02,4.474449717152594319e-01,4.564869699969018035e-01,5.679931145866625730e-01,5.855028815368674699e-01,5.190519234431818507e-01,4.175327942837347983e-01,4.889446500302276899e-01,7.726095514228830119e-01,1.600224361655194771e-01,6.696816364270575805e-01,4.977172204568873770e-01,7.448400431821011747e-01,4.104616182854090578e-01,3.562289603493711682e-02,9.373702624560108498e-01
7.038756249011406396e-01,3.826618072374660673e-01,7.686737946150230538e-01,9.299007486004799983e-01,4.122470292210686504e-01,5.275828275036786863e-01,7.360126422027180038e-01,7.068973903497467459e-01,0.000000000000000000e+00,4.114705670076357347e-01,7.322260191274578833e-01,3.203842862029314675e-01,7.052880140624646632e-01,1.764401726272580850e-01,7.555781347123560199e-01,7.791410192215557640e-01,7.074806681915852824e-01,5.307916733170368051e-01,4.557022853581302324e-01,4.051005663051320815e-01,7.507792900969073591e-01,2.178334104823541062e-01,4.690743750007191348e-01,4.013805570849522386e-01,7.595805953534301436e-02,4.163806409657516694e-01,6.352506657632013276e-01,5.662379747105925620e-01,2.901561992138284099e-02,1.164068030602689596e-01,2.879576884114390389e-01,2.520183261982265610e-01,5.974043266134737573e-01,6.541176231673054842e-01,5.853574218757794378e-01,7.684811396064749056e-01,1.366139091097361147e-01,5.181647361787782291e-01,6.128895269388828781e-01,7.372373623550820820e-01,4.377800920017269060e-01,2.140547069123523993e-01,7.609684205472054819e-01,7.961232578145625016e-01,7.303931868511048808e-01,6.822215106172616617e-01,4.238648354314628053e-01,6.905058858568752234e-01,3.248943689257284828e-01,5.496149047743165150e-01,9.592256661769682502e-02,1.506599405883543019e-01,2.251891278183237866e-01,6.923494565750670793e-01,9.416618859035199574e-01,7.043973387377117090e-01,5.335608656437139663e-01,9.503039746577697233e-01,9.503964264256680172e-01,5.385455732169805998e-01,2.365593610607869268e-01,8.960149113556730160e-01,4.411288408562763497e-01,6.568016604147720594e-01,5.148505540368621958e-01,6.812233073036666475e-01,6.999962733864729669e-01,4.383032652050751765e-01,4.686317256777845497e-01,2.129983062153883722e-01,3.390223123684079631e-01,8.123200865896211820e-01,3.961890263047079114e-02,3.373365957040519447e-01,9.394152699035450693e-01,9.212425553077965290e-01,9.087076007527359334e-01,-1.898956282700455800e-01,5.106189592857792725e-01,3.142877372277427805e-01,4.080879998456439506e-02,4.639869842213714679e-01,5.588818100072110440e-01,3.703145244505642308e-01,5.614787322981484863e-01
5.387616338677296834e-01,2.396788526250340223e-01,7.924302326593877233e-01,7.309166008145770999e-01,8.528208627415817533e-01,6.905779014703631313e-01,4.452448869082851202e-01,2.334046739477113053e-01,4.114705670076357347e-01,0.000000000000000000e+00,8.132584741427475450e-01,6.786185395786078489e-01,9.317196701251526658e-01,8.533609145733022094e-01,9.738864942100143862e-01,9.120153957706024217e-01,8.023948782150678305e-01,9.454221816474134288e-01,3.591921354979887848e-01,7.715959951212513213e-01,6.320850671709564716e-01,9.175239189246892080e-01,2.161266309437046007e-01,8.409647230539099017e-01,4.228044997040834585e-01,9.373850951842589430e-01,7.257334425730631589e-01,6.162784446801230498e-01,7.601949240559248144e-01,2.455388099691113712e-01,2.801390231277276488e-01,8.953101360946830178e-01,4.989435696922813190e-01,6.693680133910695496e-01,6.269090121941057747e-01,2.678141429704400944e-01,4.862566147289605900e-01,5.209617165117679249e-01,6.178307337832439350e-01,9.263882909932114051e-01,4.047739615811627445e-01,1.979234935757499120e-02,6.504037624126111083e-01,4.453483204596800915e-01,9.260444117325422608e-01,8.485177916879631521e-01,6.470526757529964090e-01,5.383169253631695517e-01,5.753161099431274711e-02,5.187982188915649662e-01,4.081616828386407936e-01,7.165849990607411346e-01,6.249403957837926793e-01,2.800287279761557446e-01,9.478646732841002898e-01,9.003743331309678188e-01,5.209587334682452830e-01,6.192622103697867919e-01,6.883800913152883227e-01,5.682507327852163170e-01,1.545750912881972139e-01,6.331724190106841066e-01,6.235491448100789480e-01,2.461385698655831900e-01,8.826923506146087117e-01,4.333308276503263778e-01,7.072686705147107622e-01,6.362003377135093674e-01,7.722025283074778201e-01,2.708018516708931012e-01,3.743818604262979521e-01,6.881734571733997274e-01,2.081595753334584131e-01,3.341557117164736246e-01,7.752459585145941023e-01,3.194723286072979618e-01,8.174924010805787455e-01,4.076793506672701239e-01,4.522434850080006563e-01,5.700630857615072156e-01,5.707063842538759868e-01,6.807090212117636874e-01,7.240751645840747264e-01,5.252292901004054215e-01,5.900049276392435038e-01
8.673316299601729895e-01,4.272911065182485868e-01,4.995597383059080521e-01,9.857802717721066976e-01,5.847749236974713050e-01,6.799585539252273048e-01,4.174216750812572707e-01,3.860543715166588896e-01,7.322260191274578833e-01,8.132584741427475450e-01,0.000000000000000000e+00,9.409953411016809266e-01,6.089802395591095152e-01,7.442786781687572573e-01,3.894317432916358790e-01,3.958555512506521379e-01,9.087767311033576600e-01,7.599441925051646507e-01,6.968464679285482632e-02,8.576942416023085602e-01,2.025987378291825569e-01,7.911176062900453498e-01,8.724366892075908764e-01,7.857412580544955727e-01,7.430478990398314831e-01,8.300458779669993570e-01,7.223843125510815977e-01,6.407773990573905065e-01,1.925524021055302903e-01,2.121383834389466982e-01,3.537934273727539880e-01,3.158037889329781134e-01,7.150486959615127702e-01,1.487262115524717598e-01,3.689406118725268025e-01,2.375892533390510097e-01,1.126989751190856509e-01,7.680618316925805766e-01,3.077137307060699989e-01,3.827730656504654272e-01,3.883559659903414452e-01,4.039431540371092311e-01,6.309196831072241274e-01,7.612274084755082937e-01,9.037286214310300547e-01,5.151535913999368832e-01,5.954516217464693728e-01,4.713554072766655278e-01,9.229428181640150219e-01,3.058043195820596694e-01,3.950653983925577206e-01,4.522226255598041922e-01,8.800052306296424209e-01,4.361719812721631118e-01,7.025321203825899419e-01,6.345793107614485784e-01,2.339624249013943225e-01,6.429323354533508228e-01,5.815790910294393878e-01,2.641730627284910593e-01,5.560304305889787191e-01,8.145192984245253065e-01,6.705927976709310512e-01,9.908309169251402482e-01,5.450608211047456297e-01,7.285434937303560954e-01,9.591926394412307877e-01,7.705762167799994344e-01,2.517476137710717987e-01,9.084401312882527391e-01,7.549362830260027968e-01,2.563648174792629852e-01,1.805023519930223641e-01,5.300424636009235524e-01,9.988202431902231115e-01,8.477799269143576621e-01,6.809848522059920306e-01,7.149460292313301046e-01,5.094368257478338879e-01,2.741843006183957224e-02,7.924699505864576388e-01,3.751982869020433764e-01,2.103740798559776692e-01,3.528685810836546533e-01,1.924806364560152083e-01
7.316513257171914919e-01,8.336492239417673256e-01,6.493332907391846653e-01,8.254729092001559243e-01,4.249999442855589837e-01,6.449119858441922926e-01,4.205303900203128942e-01,3.447578986194274053e-01,3.203842862029314675e-01,6.786185395786078489e-01,9.409953411016809266e-01,0.000000000000000000e+00,8.554960662360195922e-01,7.881218907926131889e-01,6.183125074143278610e-01,2.120070008058780320e-01,8.858820996777120316e-01,7.620711502056984887e-01,5.768221662888838308e-01,4.019803477901944810e-01,8.401321565775126121e-01,1.544365876396590620e-01,6.068915819303176695e-01,6.449301435348671063e-01,-1.104365243161379018e-01,7.847870380576977833e-01,6.441763084072338330e-01,8.116014215687555877e-01,2.907414499785540563e-01,1.435214568682890435e-01,4.606636043378756762e-01,6.077517257988599431e-01,7.286055600611311966e-01,3.809495622211331312e-01,4.274801318307188680e-01,2.253457555978136961e-01,4.191505892475076434e-01,7.376230742610987434e-01,4.798975137558521009e-01,9.346440989750238737e-01,6.077255276308540788e-01,4.058314193466249775e-01,9.609490787922899679e-01,9.082403979094721969e-01,4.510223547280421963e-01,7.912088931478403753e-01,2.987931222785232821e-01,7.504113149051018228e-01,4.133003134769256404e-01,8.400471029988167970e-01,5.382170539957299438e-01,7.588726064564237372e-01,7.619672411446161142e-01,2.332289477787472531e-01,8.390316421864965069e-01,4.577098305523261135e-01,5.581804816198920882e-02,5.576195735660345321e-01,7.088721690380521689e-01,3.370987309146886712e-01,6.135193027039931649e-03,7.132558421397466875e-01,3.667714382057921663e-01,8.557777831670203561e-01,6.582022047289353139e-01,2.687528633082898466e-01,8.443912017071751874e-01,8.002465985249535008e-01,6.803349645689106273e-01,4.044600042503063153e-01,7.040831778401619445e-01,5.327958161101291612e-01,7.517549814474280279e-01,6.675429692455969732e-02,4.845985081578867981e-01,6.892936570187195855e-01,6.936637463019587058e-01,3.871660230870270780e-01,3.406941822646895046e-01,4.633469705462452959e-01,2.800400284240432969e-01,6.831365605212850189e-01,8.675729164392490533e-01,5.237805031625868413e-01,5.707817794668446076e-01
5.505543806822316144e-01,8.615415398347300302e-01,5.818112718056537291e-01,9.805212722197397257e-01,5.609055463188836743e-01,3.840096208895334984e-01,1.256385667947326756e-01,4.101766792556088559e-01,7.052880140624646632e-01,9.317196701251526658e-01,6.089802395591095152e-01,8.554960662360195922e-01,0.000000000000000000e+00,5.459741884229525333e-01,7.689813932475010327e-01,6.256968493746785098e-01,6.260007333100614524e-01,7.811001986242082085e-01,8.284823406135712887e-01,6.807998315968556424e-01,6.165596025461065333e-01,7.813036302488262086e-01,8.560557264690914492e-01,6.768929171060524830e-01,9.149717442332914175e-01,1.036010250544289052e-01,8.209805264951722803e-01,6.243937375022302616e-01,4.605384283197805906e-01,2.539475186525224082e-01,9.595803457072035192e-01,5.630921477697008459e-01,6.429451430691724978e-01,9.404347478582288922e-01,6.479808759139893404e-01,4.600463386015891110e-01,4.907554842536904216e-01,4.794383575985114998e-01,9.751398349125713905e-01,2.126198578890672042e-01,5.802164257040840489e-01,6.060155212424235271e-01,7.707897129570356887e-01,6.074627933996726847e-01,6.271729677268728098e-01,6.913703734216528618e-01,5.729323581211873684e-01,9.536518414527476173e-01,6.277004785214453930e-01,2.812417854056743494e-01,9.970909284500505398e-01,6.895188836471487503e-01,9.079088073454848473e-01,5.442528504093404607e-01,2.390651830644904274e-01,8.715979567296923136e-01,2.928451758658098814e-01,6.828963901508574574e-01,7.288271412010964845e-01,1.156477959537595690e-01,6.794539664297923054e-02,2.057324145347279587e-01,5.175747317534291625e-01,4.046950984039723309e-01,7.448700787926822997e-01,3.526332492381814010e-01,2.600754863946044826e-01,6.341974086167283531e-01,5.717577373650151173e-01,2.262283473058815386e-01,5.707995682413724570e-01,6.289975466287182071e-01,7.331934809502050898e-01,1.342634789531283734e-01,6.169105765603302149e-01,9.124182318181045526e-01,8.804126580948279379e-01,7.133100032473917995e-01,4.827391662203626144e-01,5.607919376950767365e-01,3.288172956738280028e-01,9.587826470925339128e-01,6.499926317126776543e-02,5.765528109568458515e-01,7.562634007784937440e-01
6.057396886940691512e-03,7.009241915351142049e-01,7.271184820269324112e-01,5.875661329447684489e-01,7.178249400567089378e-01,7.059849735877939958e-01,6.196813185974372473e-01,4.776589231485064979e-01,1.764401726272580850e-01,8.533609145733022094e-01,7.442786781687572573e-01,7.881218907926131889e-01,5.459741884229525333e-01,0.000000000000000000e+00,4.708715926362454923e-02,7.782890758211431503e-01,6.385584118141997001e-01,8.240589797807585937e-01,7.560268953211721765e-01,7.733962233414358733e-01,7.730771289678070035e-01,8.568113846391514077e-01,8.555028186402370283e-01,7.101648738022328100e-01,4.800968656213135954e-01,4.914589722450728448e-01,9.789219989202488925e-01,4.120058335290364138e-01,5.978491264618466250e-01,4.683826587404643638e-01,5.123609112161131574e-01,6.761300761747093269e-01,7.314411038308705759e-01,4.508252422258412495e-01,9.017455693184733834e-01,3.324253311180563886e-01,3.063785137911140821e-01,7.178747719683659101e-01,7.355348792163128868e-01,7.244286243566451233e-01,5.340656908203980091e-01,9.231225408133583166e-01,9.453706434381672352e-01,8.454441114537962765e-01,8.023355364259994182e-01,7.359487487689626573e-01,8.258188961354232527e-01,9.000563672415685668e-01,8.676352631863420983e-01,5.590929993696001077e-01,6.777600445190393730e-01,8.581834399792139800e-01,6.940352884143023982e-01,8.103966139393109502e-01,7.356660492489643932e-01,6.167313392961580876e-01,3.110840398968298670e-01,8.674533560842485613e-01,6.283377967596968094e-01,6.457451878049034200e-01,5.985231965995063685e-01,9.369692758362488938e-01,6.189872438701746749e-01,7.972409104761479792e-01,7.144586111189656918e-01,4.720509932138154396e-01,6.437168248604276943e-01,6.232077266756967937e-01,6.569335952403003720e-01,3.294423163536805976e-01,5.708236285419450162e-01,4.228779860274898827e-01,5.056883125940004886e-01,1.899450652042319887e-01,1.376290616200606942e-01,9.001578187850305390e-01,3.245210025475839810e-01,9.824075840308735819e-01,3.918727202026018874e-01,6.614518682259180604e-01,5.884725379294418746e-01,2.690932312677049021e-01,4.744312231770055899e-01,2.809412142169144810e-01,4.603419883804629742e-01
6.313897278721173345e-01,7.473303139127929207e-01,8.093904504492033247e-01,7.652643247388019043e-01,3.585680976609851855e-01,6.007932674265670236e-01,3.177785437082069064e-01,7.060302212351805828e-02,7.555781347123560199e-01,9.738864942100143862e-01,3.894317432916358790e-01,6.183125074143278610e-01,7.689813932475010327e-01,4.708715926362454923e-02,0.000000000000000000e+00,5.218639575821789611e-01,2.319629566809234267e-01,4.329811777866005018e-01,6.141750792818253535e-01,9.931771370978895730e-01,8.080097327398909623e-01,8.774797485265529717e-01,7.693796728725692535e-01,6.354976171336688129e-01,1.804900308429102694e-03,4.105255968094447261e-01,6.474471496453454433e-01,6.168291754620357503e-01,4.113646014862376021e-01,3.908731338594542137e-01,2.102390030661252518e-01,6.052687358551830377e-01,3.518649290117755735e-01,9.980968569250951994e-01,5.264618288671695234e-01,1.351262454332500806e-01,1.633441743516864941e-01,7.223491730041513570e-01,9.407270109376827394e-01,9.554625075635219122e-01,3.333986340226610667e-01,7.080386627455126369e-01,4.249807271585704926e-01,6.310736283306956906e-01,7.871517062524722164e-01,6.377358239102060011e-01,7.482087309508973494e-01,6.583834269802179007e-01,6.768921541277761467e-01,6.522496492121078182e-01,3.670686748865754911e-02,7.619544730427105783e-01,6.876917325291822536e-01,9.876282043722826032e-01,2.698193133656588971e-01,7.693784352805688176e-01,5.626705982827611141e-01,6.591467105854076358e-01,6.605501690259982794e-01,6.313568990320108654e-01,2.094662787719023950e-02,4.068234721214862293e-01,5.940672995254043798e-01,6.586525015899462598e-01,4.538023850534596559e-01,1.222280286153589746e-01,9.727158963723810947e-01,6.353128187518994885e-01,5.806181894489446105e-01,5.326203549504172630e-01,7.138147103726254494e-01,3.262166778375672482e-01,3.712035601271163610e-01,3.472157452622512963e-01,7.846469864000684691e-01,6.410446008473562607e-01,6.935368119909205431e-01,4.182210286892898976e-01,9.961314432357806781e-02,5.810689515577001085e-01,5.499850311860945418e-01,6.165907155692708086e-01,5.613826604870922887e-01,4.343364388941419740e-01,5.583989564917424264e-01
6.224605186603603402e-01,6.780211376027491799e-01,9.602797684314985371e-01,7.438088951834376239e-01,2.546682816648712655e-01,9.606083503211622077e-01,7.862465637936116858e-01,7.829848484418963084e-01,7.791410192215557640e-01,9.120153957706024217e-01,3.958555512506521379e-01,2.120070008058780320e-01,6.256968493746785098e-01,7.782890758211431503e-01,5.218639575821789611e-01,0.000000000000000000e+00,4.001394272945477115e-01,-9.048374274607004497e-02,3.308894898348768709e-02,7.964988146318540130e-01,2.989730270641279275e-01,5.086825543571309449e-01,6.851882831732406531e-01,5.482144834986956150e-01,5.442572108608219050e-01,7.456825718412362081e-01,9.216593322742961947e-01,2.439017512485694428e-01,8.695272478230866575e-01,1.543751623935721295e-01,1.742397583264806149e-01,6.688905550218118279e-01,9.916936605042124819e-01,3.613026261444955978e-01,5.124011308441556167e-01,4.242959146789118674e-01,-1.193462855779582471e-01,7.157521861797313534e-01,2.843778184048104674e-01,7.040009387981687183e-01,4.664158881606945695e-01,2.105260963675758545e-01,6.815223253302045148e-01,-6.253313952662134523e-02,9.650581901423945785e-01,6.864182925171369298e-01,4.297389436739158519e-01,-3.208723750747891068e-02,4.032229331674117567e-01,2.665208508159368495e-01,3.438920639333163942e-01,4.213955824398720740e-01,9.262311766428832360e-01,3.057953245395704789e-01,8.924033051376516479e-01,9.973842296281786313e-01,6.565236102447709055e-01,8.493748792913056178e-01,6.530530047454468079e-01,4.055839463409946499e-01,5.103622685820610738e-02,5.207152554073086748e-01,6.630419208252321672e-01,9.841359566866607622e-01,7.918791949875383374e-01,7.263537388677077100e-01,6.096928600136597431e-01,9.977420194372601525e-01,7.191892414268963307e-01,6.815264380169843150e-01,9.201333091449889201e-01,3.177713274099779328e-01,4.972198904619830051e-01,4.576966334079477644e-02,4.212079951396656141e-01,7.544425981711968543e-01,3.819238961169844626e-01,4.007039340639552694e-01,1.127006694297754200e-02,5.843005566487790015e-01,7.719294582943746486e-01,9.265551958306073033e-01,7.690909376267893727e-01,6.770396211518728835e-01,3.470903728526376630e-01
8.808871916841886085e-01,3.736367067126079577e-01,7.486256620045373955e-01,6.704918969560715869e-01,9.607064090442317683e-01,9.206778624290989921e-01,6.640812064457316533e-01,7.660188040782152097e-01,7.074806681915852824e-01,8.023948782150678305e-01,9.087767311033576600e-01,8.858820996777120316e-01,6.260007333100614524e-01,6.385584118141997001e-01,2.319629566809234267e-01,4.001394272945477115e-01,0.000000000000000000e+00,7.681965590613837325e-01,9.141002406156913951e-01,9.341873408879313168e-01,7.098273237458969653e-01,4.986791334111456697e-01,4.817626363312163540e-01,8.962066106139920940e-01,5.572480084674156231e-01,9.444259093556877094e-01,5.043193425123665419e-01,4.835779161091738332e-01,5.801605858032403695e-01,4.311637738562978939e-01,5.161137215551903079e-01,4.707932332750103255e-01,7.153020525103455096e-01,4.462072935292448750e-01,5.732248004771811623e-01,7.759141754642551181e-02,5.126256834230329407e-01,5.620460592519203047e-01,8.929372789678696742e-01,6.463128713570218675e-01,4.414837482123909473e-01,6.954134848772345334e-01,4.774712680288031863e-01,4.705354783265899843e-01,6.481129899334411304e-01,7.203489058893357555e-01,7.749998491566930658e-01,9.333693737923658418e-01,4.721833585560495927e-01,9.076473499108421716e-01,9.293662274345848573e-01,6.412750646791097742e-01,3.676648354292650911e-01,9.636913698657787464e-01,8.189495860972246799e-01,2.258371671646757783e-01,6.966345419007226036e-01,7.602647351429678846e-01,7.387913781145847292e-01,4.434209357418625319e-01,7.765930915742562668e-01,4.413898880982738970e-01,8.895897443612629241e-01,7.872628557062721910e-01,9.671604251678146413e-01,9.092922788502980636e-01,9.646876339812120449e-01,9.956099060972763981e-01,5.847462342437094174e-01,4.859419614455408043e-01,9.847596352215300941e-01,7.305969246415237039e-01,6.896054352798809406e-01,1.076758573198439810e-02,9.086807342106010266e-01,8.718348987964659180e-01,6.312327272677537016e-01,7.604022986548422125e-01,3.229870760017461429e-01,4.160108615273486188e-02,7.759100843949768844e-01,4.127053666289519640e-01,7.901646134473524485e-01,6.829224915377812843e-01,6.944206970891836361e-01
6.277391079185337119e-01,6.728481082394077717e-01,4.117747445525081762e-01,6.701310759015617347e-01,9.772546440436491455e-01,7.438050464484289304e-01,1.881172144859655270e-03,7.067360850741393197e-01,5.307916733170368051e-01,9.454221816474134288e-01,7.599441925051646507e-01,7.620711502056984887e-01,7.811001986242082085e-01,8.240589797807585937e-01,4.329811777866005018e-01,-9.048374274607004497e-02,7.681965590613837325e-01,0.000000000000000000e+00,7.367633114651527260e-01,6.974943965406068536e-01,2.378032778964946636e-01,5.355510254157872518e-01,3.191811115959274359e-01,9.618932479628727883e-01,3.702306540708031335e-01,7.824469845497793452e-01,7.704949464162653694e-01,7.272928322645216825e-01,5.265430279665015423e-01,3.336285015007405819e-01,1.004654091926652781e-01,5.577268518188527313e-01,3.825043729875376997e-01,5.058251644777478351e-01,2.334480578613122026e-01,7.388608702016353780e-01,1.349531094694637889e-01,6.328643351496032743e-01,9.085233608690325147e-01,6.474197814792881367e-01,1.256945424507904252e-01,6.396265768740586610e-01,6.808362272041822427e-01,7.804559324552116095e-01,7.713035998446339248e-01,5.261963453666714807e-01,4.791066131107031278e-01,2.921967917746452481e-01,3.573236467999394428e-01,7.954684611620383983e-01,5.208254954929258940e-01,4.102843365092634920e-01,6.284633060164387386e-01,4.163283218550153375e-01,5.797259931076136352e-01,7.187172796963586796e-01,7.947665036503834823e-01,4.990664624952365624e-01,1.816563407128634067e-01,3.910907801041997311e-01,4.431334171494107910e-01,5.470055035420409162e-01,6.874516599329357769e-01,4.930062991485048562e-01,1.657368797549480799e-01,6.047979519435661144e-01,8.549285971790233640e-01,9.391974151107431723e-01,7.873736523130812071e-01,2.419281392125993413e-01,9.123653153123293391e-01,5.082367491992115793e-01,7.498859624808589253e-01,5.589296278677940988e-01,6.281720406516545507e-01,8.121358600890855595e-01,7.305324525284941917e-01,7.559924921791787433e-01,3.870951395231059244e-01,5.754760679527798350e-01,2.990794297387217027e-01,7.536012876916462488e-01,5.571465936826877074e-01,3.613374640743041155e-01,7.816119475428813246e-01
