0.000000000000000000e+00,5.503874364267524744e-01,5.273057194766974654e-01,6.759792354941319692e-01,7.543692172546945240e-01,7.359189132723028548e-01,6.425730254698909238e-01,4.196808194815103144e-01,4.681667904505459332e-01,4.072941934352914961e-01,5.171750964616983470e-01,9.352420034805343230e-01,9.821760259862759579e-01,9.489176529851571784e-01,2.160419052914834270e-01,7.567974817218161565e-01,1.470780010783527825e-01,5.402958585619177523e-01,6.947056238667658201e-01,9.596905973848304239e-01,7.767513463459945200e-01,4.745066772839128810e-01,9.547503246738255900e-01,7.247945226081702330e-01,7.016779093407146117e-01,6.111870048855220228e-01,3.531436904283615646e-02,2.078461174787517574e-01,7.777587680430131378e-01,-3.780056517238433722e-02,3.942099048383344018e-01,8.476899974281569827e-01,9.154928692612372965e-01,6.495630390646278673e-01,9.083378100989338844e-01,6.751141200713166590e-01,6.597490579817114620e-01,3.898285341785699409e-01,4.895153434584740282e-01,3.980446198360300114e-01,4.977347360720185687e-01,5.959675825764855217e-01,3.755513335042115486e-01,7.373298095510092409e-01,6.705385514198114461e-01,3.044432078279782350e-01,9.880487415003698093e-01,5.189862656710459987e-01,9.358603945114991607e-01,6.161121114726498815e-01,8.812547961565466714e-01,5.167000044752660948e-01,4.778911265894835170e-01,8.917102021397650402e-01,2.245898982728901094e-01,1.849843125459182946e-01,6.605724876093841402e-01,9.159371869442128888e-01,6.508188412203321782e-01,-7.069043775233468940e-02,2.383195038638227792e-01,6.673825131791742971e-01,3.079742777327624248e-01,7.064341569673612264e-01,4.511971337102366197e-01,7.255969256083862895e-01,2.944410350659179554e-01,7.790241603125120928e-01,9.124050000615921974e-01,7.103748951650102894e-01,7.213610666527459081e-01,8.021819869243996814e-01,3.839808500639422251e-01,4.000655434297031854e-02,9.726550365934751863e-01,7.514859340112989283e-01,6.819076687431555595e-01,5.397258144961327719e-01,2.458398716727919209e-01,3.594035313495723694e-01,7.355192036829716340e-01,7.811084344128432777e-01,6.272026180256855543e-01,2.564126585693001781e-01,8.626645361155167446e-01
5.503874364267524744e-01,0.000000000000000000e+00,6.847121682112587981e-01,7.293754245222927590e-01,7.576228716390338569e-01,2.525368171919661342e-01,5.044285405522258570e-01,7.157842599567447728e-01,9.535860158125682995e-01,7.395317918160637660e-01,8.251348417693015955e-03,6.190858652944979390e-01,8.579802313785612755e-01,6.251077136991838312e-01,6.164362226694432012e-01,6.241364929433036446e-01,5.669915826118139268e-01,6.748582997519453341e-01,3.595491528452978702e-01,3.695168969260413938e-01,8.876863452347788508e-01,6.621807544920949029e-01,7.376667475975520194e-01,5.916198035392435939e-01,5.224726950553680860e-01,2.424763005391000203e-01,8.522337660816575733e-01,6.385473480762255960e-01,4.738402687636991129e-01,1.940525780239821339e-03,5.433742167347941493e-02,4.190479777921173321e-01,9.341487980512195310e-01,3.842850849109841205e-01,5.188692538387024156e-01,4.701840498918577471e-01,5.207632231157637293e-01,4.527993953597824195e-01,6.246324931572435624e-01,6.200180893079328959e-01,6.946887051656406298e-01,4.606687222784844327e-01,7.790488652102780520e-01,7.795632245374124469e-01,9.587460668875885661e-01,6.407301585742564143e-01,7.175171660947000651e-01,7.090862908928954877e-02,4.667844558697840651e-01,5.512931903594020522e-01,7.496922801819156934e-01,8.529570838477115169e-01,9.118192883094644596e-01,7.620403676069521515e-01,7.155530146705870731e-01,8.772546750228862322e-01,5.239995015649318022e-01,6.716440102415799362e-01,6.701644013185723558e-01,5.092103854322955758e-01,4.141388512781882247e-01,7.732824126883269811e-01,5.837819933906617242e-01,9.003898905760161497e-01,6.679305910109982758e-01,6.451716891279114519e-01,3.028127539421197056e-01,9.885764359109533439e-01,4.395775252538429156e-01,5.598268482542779756e-01,6.957375522731957806e-01,5.137212478758506062e-01,4.814009475042261288e-01,3.036879163700818562e-01,6.854530474567163134e-01,6.561217381185803221e-01,4.415097225854572316e-01,5.924151133478308129e-01,2.362397254554577108e-01,2.707836516115155745e-01,6.917482440004179001e-01,6.946001650917774661e-01,5.063154718564656376e-01,5.401211255425600322e-02,3.655739320125941383e-01
5.273057194766974654e-01,6.847121682112587981e-01,0.000000000000000000e+00,5.654138307578345790e-01,9.995364589537900635e-01,8.754309200511519728e-01,7.747394502315355647e-01,7.243854753391012480e-01,7.698443754574277875e-01,2.170105065346725481e-01,5.700999391624638202e-01,9.228799856147184011e-01,1.858078195367970364e-01,9.122489427883377910e-01,8.350346578227012539e-01,9.087722349567061153e-01,4.077555557153221266e-01,6.415115669633990603e-01,6.165144448929327226e-01,8.400473675246874494e-01,7.692169730736788669e-01,8.740614728378983678e-01,8.489707485152024891e-01,4.510940370540060251e-01,9.396559184970638690e-01,8.620251305136352737e-01,6.712090951651212833e-01,9.567630532535835730e-01,4.978227384745059214e-01,1.975757244086096542e-01,2.973849787120994709e-02,9.825700877703744673e-01,8.993740160646875870e-01,8.452524818195286116e-01,9.694051448243727886e-01,3.287135508907736425e-01,3.077902771078093180e-01,9.174760902201208879e-01,4.292526375386640503e-01,6.256300519816246908e-01,8.819284345473250575e-01,9.209147620423783209e-01,7.174760875318555442e-01,7.134717027807168099e-01,7.310746279925210978e-01,4.888351876534618445e-01,6.540910378447646334e-01,9.703552545613607361e-01,5.283296796784000549e-01,5.211725239938529430e-01,4.439256722987260373e-01,7.857183162158991596e-01,5.528711762930575979e-01,6.085364446694034868e-01,2.620826349788211163e-01,7.169395275815612090e-01,9.636624831756511744e-01,9.687561589471629375e-01,6.309444504486907412e-01,1.010472787970463637e-01,5.432991940809716036e-01,2.082393148229969015e-01,9.455406118652316394e-01,9.045241092076866662e-01,7.521596260926535216e-01,9.046032559156539365e-01,9.319355697703032293e-01,7.368686828645973907e-01,9.466344187379183150e-01,8.094163558753117993e-01,7.409980166059400020e-01,7.644659096766279749e-01,5.785759756559745171e-01,4.510495512301194720e-01,7.777279587627712321e-01,7.550548437262238899e-01,9.572218345891529978e-01,8.042679982468425859e-01,4.663176295260407778e-01,3.264522938523052309e-01,7.398750645925878944e-01,6.847749983378037530e-01,6.210959599169620926e-01,7.166828858593815577e-01,6.572169982842307467e-01
6.759792354941319692e-01,7.293754245222927590e-01,5.654138307578345790e-01,0.000000000000000000e+00,7.159440432290976597e-01,9.614624042353331346e-01,4.753962482573024784e-01,9.820542331025345906e-01,4.477134882412064226e-02,8.977352872785807625e-01,8.251877768046779194e-01,5.774349747507065977e-01,6.949642354325838989e-01,7.443017238847989825e-01,3.282480077753981984e-01,8.361999580775957286e-01,4.493849036319244039e-01,1.639757811594063086e-01,6.220650556981242030e-01,9.695903444798052995e-01,6.581941312813937017e-01,7.895003145171277659e-01,7.081971466797303272e-01,9.431367945704318689e-01,4.430865145773911218e-01,3.401064793326610269e-01,6.099097487722782152e-01,7.339738831804382135e-01,3.744216295743716949e-01,4.829419219261065765e-01,3.220758205056351020e-01,5.196401129645107364e-01,6.902698895814000091e-01,8.710738072302550705e-01,6.448593261212436367e-01,1.347097999906602672e-01,4.984633210957335470e-01,8.863812735048582914e-01,4.364849563059582382e-01,7.695521101913851414e-01,-8.816829435981732299e-02,8.975774793500705950e-01,8.917381821760927973e-01,7.591162089779494027e-01,9.631951807364452778e-01,6.170389027513895064e-01,9.744676668687193288e-01,5.136229895438371162e-01,6.914129160233812854e-01,9.284091478939175968e-01,6.965233985003633777e-01,7.538663275613429748e-01,5.701200524048199991e-01,8.187074420640529926e-01,8.484687859274414601e-01,7.857675072370902125e-01,5.272072771039520989e-01,6.335028879886257513e-01,9.991837043028584109e-01,7.199385247256754328e-01,4.541075369775263715e-01,9.183445968217649469e-01,8.251258179214024935e-01,7.992015881836291857e-01,5.662631419581493075e-01,6.781908684413952004e-01,8.750610144986890049e-01,7.804868210102968717e-01,4.154850388745769951e-01,7.419475063402014570e-01,9.676910026510268104e-01,5.836363702384046448e-01,6.514384190198472258e-01,7.699403126134973796e-01,4.617078048428390202e-01,9.479135457810970999e-01,2.413190966042434715e-01,4.440462739343800647e-01,3.267389163974010469e-01,4.775213143229195545e-01,5.503497095353186985e-01,8.471843620844576872e-01,8.414476189355654112e-01,2.658651084696297615e-02,3.033410760482986301e-01
7.543692172546945240e-01,7.576228716390338569e-01,9.995364589537900635e-01,7.159440432290976597e-01,0.000000000000000000e+00,8.476314445300396905e-01,6.715761073210303467e-01,6.970028174241876817e-01,2.003917620469809202e-01,7.028806554014943586e-01,7.266793500168752251e-01,4.194890241788316043e-01,9.812853999954612716e-01,6.456902273316982299e-01,4.375707343875081534e-01,4.607175316695625300e-01,8.294284476386853955e-01,3.613866288064457311e-01,6.911545008062286444e-01,7.601859313613044122e-01,7.733314648361823140e-01,5.953965442740094538e-01,7.188275079375561205e-01,9.526315617771948796e-01,5.086313411570162479e-01,8.826001389201466596e-01,5.774295628476766584e-01,3.078830438512913936e-01,5.122774023359791817e-01,2.470859232695542251e-01,1.444879110170952108e-01,7.710540281926500095e-01,7.773891184933141574e-01,4.543949595038029310e-01,7.957994338539524648e-01,3.747321049578571928e-01,6.537669142541084888e-01,4.257186540496062377e-01,5.794943383021504690e-01,1.779735881831938926e-01,4.715427114928814056e-01,2.157778304607901598e-01,3.524037780579719614e-01,6.359255809456990649e-01,5.767705295640679353e-01,7.933242541785762159e-01,8.481604707059215986e-01,6.415821658095819391e-01,6.184396789901920322e-01,2.438074314970300471e-01,5.763561665146439417e-01,7.840335563816336339e-01,6.343147517107687872e-01,4.168077916289943396e-01,3.150890534889383421e-01,2.060759834007253599e-01,3.212222297160685081e-01,8.197115239265667652e-01,7.775703018851457538e-01,6.234196735738831152e-02,2.132889491008897187e-01,2.639220996511839612e-01,6.334062012566675781e-01,2.058634706103188161e-01,6.145136638838760712e-01,3.380377044082709670e-01,6.347300290537009060e-01,2.438294209852002181e-01,9.434128873222437095e-01,4.856708388232391371e-01,5.914331318995629250e-01,5.583649191399697731e-01,4.904638175686959999e-03,1.775572439761587962e-01,6.841521505553957994e-01,6.921296054677166243e-01,7.332820761905560758e-01,3.868706111119263880e-01,3.913303649080644986e-01,-8.854871521432383652e-03,6.474846828138040022e-01,7.665979990344048423e-01,8.532468555100420904e-01,5.856891857371085974e-01,8.523381258926430171e-01
7.359189132723028548e-01,2.525368171919661342e-01,8.754309200511519728e-01,9.614624042353331346e-01,8.476314445300396905e-01,0.000000000000000000e+00,7.045441178158260431e-01,3.397110420941950037e-01,5.445190853074711734e-01,3.896358670395285717e-01,6.010345844587315911e-01,6.613505278826196099e-01,7.978292527264013723e-01,2.285532097365398640e-01,6.243681469401879403e-01,6.524923658883177713e-02,8.079443911978086978e-01,5.563065579110226810e-01,7.553546877552866912e-01,7.514174193864793239e-01,5.407281386647696531e-01,4.016678595863585888e-01,5.045040283488128052e-01,9.065356153885383295e-01,5.742515551341758062e-01,8.096481811111951865e-01,6.526955317870865025e-01,5.473217472304832132e-01,-1.859991483127146905e-01,4.991356683726498322e-01,4.334372963615651386e-01,3.585422323650530596e-01,7.465765988324228886e-01,2.504380264759404895e-01,2.556567786043899004e-01,1.399869670560043300e-01,1.720357662099665508e-01,2.961013622740917284e-01,6.206242387969207464e-01,7.309089857185684380e-01,2.257306153375968905e-01,4.640347433138914957e-01,7.523386760566158626e-01,3.417522825230989159e-01,9.679118960969617103e-01,4.153755623397092367e-01,5.995367207235922091e-01,8.826616669206923671e-01,7.807455897089788932e-01,7.379629686874965566e-01,2.214744665331636608e-01,7.996956648937127987e-01,7.417856417699533189e-01,6.004201504889232766e-01,5.923020582614981766e-01,6.176919199221119205e-01,2.491697759025950365e-01,7.207932559466434519e-01,8.114176479392636310e-01,4.805148114375092927e-01,1.738636995988379064e-01,4.758365376680572245e-01,5.098982086636822952e-01,6.030192169027726035e-01,7.810051353590122813e-01,6.819896077113506427e-01,7.596435138050986469e-01,8.641179346183093177e-03,4.512940867396104672e-01,4.881776721882807313e-01,5.150047645907011029e-01,6.474001495376109361e-01,3.897690263123280707e-01,2.079120963799114818e-01,5.877509428902774058e-01,6.180044325250524384e-01,9.650173082041193506e-01,8.277017222192539769e-03,1.678403718412397327e-01,1.160739148056839087e-01,4.390321205725126186e-01,7.114682010669851620e-01,5.636469577060030378e-01,7.748772163639460198e-01,3.425727816625616651e-01
6.425730254698909238e-01,5.044285405522258570e-01,7.747394502315355647e-01,4.753962482573024784e-01,6.715761073210303467e-01,7.045441178158260431e-01,0.000000000000000000e+00,5.941515684385954010e-01,1.647568517123169096e-01,2.760297311388711927e-01,1.521115844438964970e-01,6.135951635440818341e-01,5.991463571557009704e-01,6.385902100808822368e-01,5.447955319687267650e-01,3.395395884269396536e-01,6.481322001450281478e-01,2.041139518589265844e-01,5.193377161134019593e-01,9.363534003927000970e-01,7.111127549630544831e-01,3.504645149784123559e-01,4.091665145251845437e-01,2.451461363673711480e-01,3.542728111975098626e-01,3.193924960682387182e-01,7.957452313600663629e-01,7.242694751249967311e-01,2.065457784955765930e-01,-3.301827263561429859e-01,7.961517766677059793e-01,5.294212121451999931e-01,6.620981140028794343e-01,6.082412570621928971e-01,6.538900503890927585e-01,5.158341196558886566e-01,2.200492667982516526e-01,4.488948653022544755e-01,8.877598079161533873e-01,5.022191504382014227e-01,6.686310887720373630e-01,3.057404160703975915e-01,9.146573252042777824e-01,5.087233444541365834e-01,6.175693310394466673e-01,5.425688204834541173e-01,3.842251839182974082e-01,4.826612656746002150e-01,5.160974450102915334e-01,5.586106057482448373e-01,1.910986608852994206e-01,2.859556845811216386e-01,1.182256975597380244e-01,9.748629874640483139e-01,6.939726360818000428e-01,8.175770246252203055e-01,5.792483958073277872e-01,4.752018829186500093e-01,2.730817738729532929e-01,7.932398497655086533e-01,2.418041554543974014e-01,5.886456095306547009e-01,8.362906949226138753e-01,3.640347940173919161e-01,3.533604239370263800e-01,7.684563654844023262e-01,2.522633020296046746e-01,4.030461071093001113e-01,6.543106273879863988e-01,3.923389275935594833e-01,9.645476138246096565e-02,6.168673132477556775e-01,6.649707635331618683e-01,5.906098259040171161e-01,3.407949624866272176e-01,6.167647560228395331e-01,4.776131682955119806e-01,9.117695241905356962e-01,6.857923504278347071e-01,-1.920003579029451457e-01,-5.454688238128990729e-02,5.165916437725004418e-01,2.670719862125257027e-01,6.422986078491951245e-01,1.627490272427647156e-01
4.196808194815103144e-01,7.157842599567447728e-01,7.243854753391012480e-01,9.820542331025345906e-01,6.970028174241876817e-01,3.397110420941950037e-01,5.941515684385954010e-01,0.000000000000000000e+00,3.256732549724214998e-01,5.772942936806449987e-01,3.294161277328619963e-01,4.418419045961214930e-01,1.661540002571032515e-01,4.938566352819916960e-01,7.414620413636652252e-01,2.534579960240882501e-01,2.729620879534553901e-01,3.150700318125134597e-02,5.286008507173043380e-01,5.791335027780797340e-01,6.033640224975410637e-01,2.407704219979675542e-01,4.474022301803480262e-01,8.002139113651746127e-01,1.728004908890170555e-01,6.626543761034695557e-01,4.074361518521129044e-01,3.308516985364573504e-01,5.897350247565703169e-03,-1.129509055563520936e-01,2.698168196911894245e-01,2.416080659300199884e-01,7.815778556328498716e-01,7.853274046476859116e-01,3.876965325647061533e-01,3.761717113200475637e-01,-5.525454948718863668e-02,4.134578639041666115e-01,6.903449665173591043e-01,6.727301721957459346e-01,1.351774110022421482e-01,5.431017270991602697e-01,5.466077618778764080e-01,6.627648637993621694e-01,9.774541455189363903e-01,5.801047158636759571e-01,2.269188323093963566e-01,7.699139452855991994e-01,4.691097539605113553e-01,4.055423077343963123e-01,4.947130619426804432e-01,6.533182208695961224e-01,7.761616450682541357e-01,5.153136829302498167e-01,5.254560870040220211e-01,6.620635174124209765e-01,5.158388698107776449e-01,7.794474784244477261e-01,5.820878094112427181e-01,1.210266133776245756e-01,1.939053997866260759e-01,6.086803438435399727e-01,7.021828655507355021e-01,6.759469437651429713e-01,8.987555038645357319e-01,7.785427380813008114e-01,4.490340732761385900e-01,6.251035653801421121e-01,7.629742388267701791e-01,5.100241396924397597e-01,2.310312055513335794e-01,6.058564862720980937e-01,4.998803653710075512e-01,4.658876806021734485e-01,5.032189080264921621e-01,4.640040565571447173e-01,5.615694476480435071e-01,2.311212588904860143e-01,6.290542243678448608e-01,4.093328961259566912e-01,6.526522584494188761e-01,8.191928895334230631e-01,7.062429019547975528e-01,5.041251116236252772e-01,6.238862105900380151e-01
4.681667904505459332e-01,9.535860158125682995e-01,7.698443754574277875e-01,4.477134882412064226e-02,2.003917620469809202e-01,5.445190853074711734e-01,1.647568517123169096e-01,3.256732549724214998e-01,0.000000000000000000e+00,2.585179084482462364e-01,7.733153934363696802e-01,4.944807056150384295e-01,6.425256176553506560e-01,7.544201696361758636e-01,7.413327544754242382e-01,7.329098693230429173e-01,9.110586054876060880e-01,3.906835347923203194e-01,5.865191127543777361e-01,7.572868033219292139e-01,9.610396702103363165e-01,5.463796613582336814e-01,5.704707420133557916e-01,3.503422026971724224e-01,6.937384644459869687e-01,1.992052030023994114e-01,4.512935911465270067e-01,3.349025412556472237e-01,4.154137567629196948e-01,-4.666631142537910892e-02,3.464507377215960693e-01,4.966417819711852477e-01,4.275828859700139817e-01,4.601968453321346186e-01,4.333020375330041141e-01,2.638913417826360686e-01,3.848649191162138439e-01,5.774856538728267985e-01,7.566634585656140111e-01,7.650432850764286030e-01,5.686548909335029656e-01,1.431946941897051240e-01,7.525886459757508140e-01,7.442173323051646250e-01,6.990450668789430777e-01,4.875596753678246298e-01,5.938268957748094046e-01,5.710394247265206946e-01,2.075416121410023629e-01,7.010941279268374515e-01,8.113757983842281307e-01,4.460375238493305416e-01,6.612769277490249120e-01,5.596150995944466633e-01,6.223055913506162495e-01,6.042198404925239741e-01,5.828729157123881954e-01,7.065660095293985199e-01,6.506745080920699476e-01,2.717579061686410946e-01,3.503629308788466235e-01,6.776662352078013374e-01,5.467989588748164431e-01,6.777888778155127802e-01,7.207925379136447264e-01,2.930243636723202094e-01,8.324163970675745317e-01,9.081181521386614275e-01,4.119075817484790236e-01,4.374711815298038542e-01,8.889551847199725909e-01,4.328346297372873686e-01,7.661658464267085966e-01,2.981311989556258424e-01,5.908346448359311776e-01,6.064035797024017738e-01,6.374705018898365605e-01,5.534118029388341853e-01,1.178328812038266504e-01,2.322463015131995268e-01,6.153890493151606966e-01,6.097188272480923432e-01,9.327817726504477047e-01,5.145834738863379609e-01,6.705627393682032089e-01
4.072941934352914961e-01,7.395317918160637660e-01,2.170105065346725481e-01,8.977352872785807625e-01,7.028806554014943586e-01,3.896358670395285717e-01,2.760297311388711927e-01,5.772942936806449987e-01,2.585179084482462364e-01,0.000000000000000000e+00,7.602631276396000226e-01,1.023960007062875432e-01,6.284782386617052685e-01,5.113946973062529766e-01,2.997261667444074407e-01,3.672193668012373458e-01,9.036946046269207500e-01,5.925903262246612346e-01,3.220689845999386014e-01,7.775459381574802986e-01,6.034275765628149824e-01,6.098438799157388512e-01,8.471543528855328686e-01,6.056001782424964563e-01,4.014368168819987814e-01,8.263462950517106442e-01,4.428183828606666039e-01,3.705909877339934599e-01,5.527264938906877312e-01,6.664199110448394414e-01,5.207320412507692176e-01,9.083973135853851133e-01,2.294476992663170845e-01,8.141115169321212486e-01,7.581451466349287127e-01,2.655953625286313069e-01,-4.376194292743595948e-02,5.238390716812904024e-01,4.640894710522477928e-01,3.651334534231146511e-01,4.686000197921589283e-01,7.623290849795333335e-01,9.690641987793093826e-01,6.744155839583924061e-01,8.311280791188034867e-01,7.373294597791294480e-01,6.229541122156060373e-01,7.398449952330488077e-01,5.948576872402164817e-01,6.438332657923512281e-01,3.503812121916654032e-01,6.857569221318370323e-01,8.576317041902893346e-01,7.427883814939317819e-01,7.317588600366370377e-01,6.328027984311509480e-01,4.701353829313598687e-01,8.174103891557791268e-01,4.130458409287682819e-01,2.080758371796140593e-01,5.416903952103230280e-01,4.955200779226694441e-01,2.717656641022944131e-01,4.925105436901203726e-01,8.817379761933166193e-01,5.519966444188619814e-01,4.027966088006887935e-01,8.145040146518379709e-01,2.600742101067144429e-01,6.579797736866739299e-01,7.409741100778896028e-01,3.252310478325513565e-01,4.724283303034162440e-01,3.385551143962842180e-01,6.459996177825347297e-02,5.466168748910018582e-01,7.866809063735520358e-01,4.936128012910928620e-01,7.055228273601413802e-01,1.037470942825126363e-01,3.118990473844654998e-01,8.827487163274215787e-01,6.075270032650615937e-01,3.654621567661642256e-01,5.165691053614913653e-01
5.171750964616983470e-01,8.251348417693015955e-03,5.700999391624638202e-01,8.251877768046779194e-01,7.266793500168752251e-01,6.010345844587315911e-01,1.521115844438964970e-01,3.294161277328619963e-01,7.733153934363696802e-01,7.602631276396000226e-01,0.000000000000000000e+00,6.500698766337104084e-01,8.770527412045506788e-01,5.163150472469335561e-01,9.759585902946554814e-01,7.764818336355012729e-01,8.083680969430135921e-01,4.942961166566746667e-01,4.261492781123124574e-01,7.682796900650931127e-01,7.617357844677876688e-01,5.271395568342696070e-01,6.444352922217482238e-01,8.658240369026216632e-01,7.407833254044666749e-01,7.598612429420416037e-01,7.555787320398835716e-01,4.787642723859610872e-01,7.034186817279938220e-01,7.516121637311340420e-01,-1.431079989440880440e-01,5.053019457941949621e-01,7.946297079085378190e-01,7.277548383840488633e-01,5.998285623294214997e-01,7.999383789479587170e-01,1.828044894695912692e-02,7.424119843809744435e-01,7.713918959191454761e-01,7.719992125043109166e-01,5.643578291889217446e-01,7.609431722253914288e-01,9.193059354682040496e-01,5.175756763191265986e-01,8.960274185220344911e-01,9.522857025752440308e-01,4.652788591044229038e-01,6.532726139091626916e-01,2.141752756694590143e-01,4.796448179234701903e-01,5.112855741703865586e-01,7.747820111425981482e-01,4.442034228120043671e-01,4.532894295462411294e-01,4.464352384738912161e-01,4.319616716435734638e-01,9.668375958910392365e-01,6.349323169690095359e-01,8.823174559033576392e-01,2.130180298105673053e-01,3.971821684355666404e-01,6.859004575345492016e-01,9.018271623220703859e-01,6.567014959609617231e-01,8.286735765498342010e-01,4.946630382961322847e-01,2.701508204573257466e-01,6.607065636777262885e-01,6.772687017262499776e-01,8.651263154999950800e-01,6.256026763881136210e-01,4.788156374612226318e-01,7.920760392567969266e-01,2.008834405429778258e-02,7.435762765062325919e-01,8.372829874783036530e-01,6.408542820179052857e-01,2.881677684930298855e-01,5.345147881940148782e-01,-1.061633093396460586e-01,5.253494427440110748e-01,6.243588156241838272e-01,7.330932679148188802e-01,5.001108828478605384e-01,4.468558746033235995e-01
9.352420034805343230e-01,6.190858652944979390e-01,9.228799856147184011e-01,5.774349747507065977e-01,4.194890241788316043e-01,6.613505278826196099e-01,6.135951635440818341e-01,4.418419045961214930e-01,4.944807056150384295e-01,1.023960007062875432e-01,6.500698766337104084e-01,0.000000000000000000e+00,4.783237253361510843e-01,6.091593959605658970e-01,7.515320215422178762e-01,7.690481710367180757e-01,2.840787821742914998e-01,6.478374903403261165e-01,4.414861634196421969e-01,4.547005197861555548e-01,7.343360934373610593e-01,5.623729823804898276e-01,2.415107241519759418e-01,8.711019811939055835e-01,7.510546043433921071e-01,5.173440766980654804e-01,7.845149996702751594e-01,5.668990688847416193e-01,5.064921819431225103e-01,1.440438334813831378e-01,8.418495735803610547e-02,6.366942484638050681e-01,4.315457525068418232e-02,9.589263162166972165e-01,7.699492968670917925e-01,7.658005725976125833e-01,2.981565591719719244e-01,6.330771654973902374e-01,4.879710556306308677e-01,7.952773432562607603e-01,2.509890168185233694e-01,6.085739761848359963e-01,9.072644564692726732e-01,3.856202163268970251e-01,5.553106485964829364e-01,8.476356919409967494e-01,7.528772126225888872e-01,6.203759001900930325e-01,5.312526566786027749e-01,7.498584194225654809e-01,4.093360591095533962e-01,2.290192072011686397e-01,5.638596016087211726e-01,4.316562939246941233e-01,5.652900814794615814e-01,6.326310725491054443e-01,4.026432956410176955e-01,7.626245361355836749e-01,7.376446874122049024e-01,2.307478784942547656e-01,6.170497920586319740e-01,8.884562159998988795e-01,7.191493490712812520e-01,5.226275001729170366e-01,6.281274711575094427e-01,5.255359465501747707e-01,8.283399940828948260e-01,4.245491645862825569e-01,4.097752742940393156e-01,4.642077264414109505e-01,7.046310900510749375e-01,3.076066178338106027e-01,5.854078923024051972e-01,3.683106443885292292e-01,3.722059889962091583e-01,4.560963685181640970e-01,9.386973674699891079e-01,5.136828891278917286e-01,4.106021360461626357e-01,1.402376086927298593e-01,6.334526829735080966e-01,3.076512485349757187e-01,4.603966371117571010e-01,4.926608747325925686e-01,6.600709827894198911e-01
9.821760259862759579e-01,8.579802313785612755e-01,1.858078195367970364e-01,6.949642354325838989e-01,9.812853999954612716e-01,7.978292527264013723e-01,5.991463571557009704e-01,1.661540002571032515e-01,6.425256176553506560e-01,6.284782386617052685e-01,8.770527412045506788e-01,4.783237253361510843e-01,0.000000000000000000e+00,4.331294856770494528e-01,8.644225531307589971e-01,7.040334038263054151e-01,6.710698109290926805e-01,8.435762649483737885e-01,8.097326647613414252e-01,7.572214969013937313e-01,8.990591924334621066e-01,4.827582424275953521e-01,8.948860760778742929e-01,8.271273398440203151e-01,-9.714920176934209450e-02,7.665919928947468875e-01,6.049801520411418609e-01,3.467708812991985856e-01,4.939154604419488948e-01,2.299747659763170249e-01,4.963763008479153971e-01,2.653560252457467517e-01,4.121700852472381937e-01,5.022573944315558148e-01,5.634625509676023380e-01,-4.428594147659958846e-02,3.318388561583625607e-01,6.264190105708495881e-01,8.992072903074135315e-01,6.280952593079638380e-01,5.353180740607096366e-01,5.091293893105259816e-01,7.112474786668022686e-01,5.377769876786544501e-01,9.546170753616213256e-01,7.303970323652743124e-01,7.545332572193023113e-01,7.444020321145816688e-01,6.067629811942132356e-01,8.455418399138523444e-01,2.471841541963246958e-01,8.106384046975659841e-01,4.998543450270803157e-01,7.418618198972738442e-01,5.037619461703801704e-02,7.744048011367352657e-01,5.173816553460601764e-01,6.968047658663452104e-01,6.340227233499690085e-01,3.042683532950285485e-01,3.489324997936135153e-01,6.413755358549249053e-01,7.131727943520232982e-01,9.464663867337680392e-01,6.028364719835309637e-01,2.694051166643800510e-01,6.107767959991801110e-01,2.134312241839278201e-01,5.034828908878657971e-01,5.024298510339899604e-01,-1.809196108555118365e-01,3.238660286110136011e-01,7.407440391218406139e-01,6.910150156006068523e-01,7.578290784181512807e-01,4.366647929975493447e-01,7.567696263004017876e-01,5.134747211008546808e-01,1.430603224779898319e-01,5.264607740736177988e-01,5.463401316403252439e-01,4.882535724588377146e-01,8.705151498036355351e-01,3.543837049819924950e-02,7.557180202246303047e-01
9.489176529851571784e-01,6.251077136991838312e-01,9.122489427883377910e-01,7.443017238847989825e-01,6.456902273316982299e-01,2.285532097365398640e-01,6.385902100808822368e-01,4.938566352819916960e-01,7.544201696361758636e-01,5.113946973062529766e-01,5.163150472469335561e-01,6.091593959605658970e-01,4.331294856770494528e-01,0.000000000000000000e+00,8.772254331349150780e-01,3.746044143184719122e-01,1.077571001332071690e-02,9.923158114732758550e-01,6.963585862200409871e-01,9.346701741049884271e-01,4.107509795642305117e-01,9.842978454370133745e-01,8.471121922215857358e-01,9.499955181713327645e-01,8.685852258140464022e-01,6.064905508523704691e-01,9.073270946533870118e-01,5.232774762644862854e-01,5.167439686043416858e-01,5.745854606236430184e-01,2.688365654154636908e-01,4.378295352993274991e-01,8.698792881553628620e-01,4.400472179417401764e-01,2.377719542801504105e-01,2.822474319961928435e-01,5.549665760596895758e-01,6.657072514741462221e-01,4.344864105560489187e-01,6.704360177766308659e-01,2.183258180785187241e-01,5.144161788544601155e-01,6.860330291903935507e-01,5.269515694350074275e-01,9.399697996710242309e-01,6.244506793934577749e-01,6.100646253811800035e-01,9.445719556936061911e-01,6.582135708434506682e-01,7.760166227417717444e-01,6.063801872695505635e-01,6.955252186553797511e-01,8.727869124648147681e-01,3.354707545778519429e-02,9.001803209297017938e-01,6.914948167930604628e-01,4.743000530997091846e-01,6.379542928095116583e-01,9.528064052163726094e-01,3.541426740239895787e-01,4.886484841466555151e-01,5.683725728666515487e-01,1.015108751275078103e-01,7.491321381593301076e-01,7.730760122857167627e-01,5.320023012423122921e-01,7.403205825566206988e-01,7.064170551984149116e-01,6.687635283620202431e-01,9.867905240192549332e-01,5.383120153298273092e-01,6.023513776913859141e-01,5.997140334566337661e-01,2.897907279324383190e-01,5.343259459859086569e-01,7.581381863362099960e-01,5.127786719016801387e-01,6.410542119466083877e-01,5.771490432030619289e-01,1.249763105778863709e-01,6.667920483463394277e-01,7.221499959551220815e-01,7.296354920131208344e-01,9.704885202780204612e-01,8.331724548717446277e-01
2.160419052914834270e-01,6.164362226694432012e-01,8.350346578227012539e-01,3.282480077753981984e-01,4.375707343875081534e-01,6.243681469401879403e-01,5.447955319687267650e-01,7.414620413636652252e-01,7.413327544754242382e-01,2.997261667444074407e-01,9.759585902946554814e-01,7.515320215422178762e-01,8.644225531307589971e-01,8.772254331349150780e-01,0.000000000000000000e+00,6.345085228025811874e-01,9.128946866021950823e-01,5.655950308997277354e-01,2.448913719474479778e-01,4.718405169961579215e-01,5.612533224314258939e-01,4.620275871432579229e-01,7.938835083459117037e-01,6.515434354838854913e-01,5.025831339242119444e-01,5.662517833831990366e-01,5.499245048751226772e-01,7.526855187161781702e-01,3.655858139955328046e-01,1.206924830331195519e-01,5.189882034562809388e-01,2.500214101525423116e-01,4.346323598446665271e-01,7.391010071270746051e-01,5.953454683729901831e-01,2.177401209263342130e-01,3.964875835538332893e-01,7.256646551044263482e-01,7.054373449885555925e-01,1.668106440657095568e-01,7.997344946541811161e-01,6.002753738431215735e-01,4.457409510056395963e-01,9.155731605543652174e-01,7.346717020518473973e-01,7.391252155945994273e-01,-3.626918250964183965e-02,5.832737450534926094e-01,7.239302217016891916e-01,8.011346428775483197e-01,6.854618439127749818e-01,6.206303501930292565e-01,7.374697354119313930e-01,2.196664718231905455e-01,7.417220880570273289e-01,9.544350342913610064e-01,7.730925901140844880e-01,5.402902664384046094e-01,1.716278995318258338e-01,4.179885031489660174e-01,2.233658777221661229e-01,6.003692554747807053e-01,6.030223826849170354e-01,8.158169951656796259e-01,9.401184857105384651e-01,6.014757468255433892e-01,-9.361125251540955428e-02,4.991334621520366333e-01,5.763192028688400859e-01,7.311691611786802492e-01,9.996197188307249792e-01,7.758187008254261441e-01,2.096160398266662672e-01,4.300358471581917641e-01,2.124107117555456281e-01,6.322228378368611734e-01,8.014413361546652848e-01,3.416220607726946357e-01,2.041917674358588175e-01,3.208477835665997091e-01,7.815077790473057284e-01,7.794504896284046858e-01,2.658355357147631493e-01,3.170512197090835094e-01,6.204513543571694711e-01
7.567974817218161565e-01,6.241364929433036446e-01,9.087722349567061153e-01,8.361999580775957286e-01,4.607175316695625300e-01,6.524923658883177713e-02,3.395395884269396536e-01,2.534579960240882501e-01,7.329098693230429173e-01,3.672193668012373458e-01,7.764818336355012729e-01,7.690481710367180757e-01,7.040334038263054151e-01,3.746044143184719122e-01,6.345085228025811874e-01,0.000000000000000000e+00,7.310902479102033835e-01,4.970036250761271646e-01,9.008825943916158874e-01,7.743438458778783007e-01,6.022466884034669565e-01,5.157716239984273532e-01,2.323050255783159490e-01,7.673554573323281280e-01,6.244407983515358751e-01,4.742243489058377559e-01,6.115964240769360405e-01,8.701281719249717161e-01,1.240439456208331515e-01,6.346421211374028148e-01,6.812441531181983034e-01,3.043415384011626257e-01,7.231467510065222593e-01,7.932676261728499600e-01,6.065161458164722852e-01,5.996167109872925227e-01,2.965959069094108447e-01,9.093486238614680861e-01,6.174325650355750872e-01,6.074761906014719548e-01,4.255002556839869166e-01,7.137968029426676742e-01,9.637435184027770552e-01,6.196362615440828003e-01,5.130709038878412676e-01,4.683078769284226284e-01,5.584875976975001155e-01,5.573181746203808018e-01,6.594205310043301793e-01,3.669695211180800665e-01,2.978280767943599638e-01,5.250644309134948617e-01,4.561406605276107085e-01,2.005889338920411602e-01,7.331976126862370657e-01,6.444515358048763520e-01,7.229763731820205708e-01,8.978362883107120496e-01,2.150736962766761629e-01,6.832576140106451090e-01,2.889388110286523759e-01,6.142988523053453109e-01,4.590080851619427471e-01,6.705262797279827325e-01,2.446119019782372339e-01,6.861337167587212571e-01,5.501010553026396410e-01,7.691500436757662262e-01,5.623660636766214527e-01,6.182736169510225643e-01,6.322534703402942213e-01,1.691448979526416485e-01,5.284797874271119911e-01,-3.798816830729035976e-01,1.693377410808300995e-02,6.849901409022924881e-01,4.207308654475809817e-01,7.597124101719842093e-01,-7.754918001148673745e-02,5.607818915248417024e-01,6.096429153651723443e-01,3.833886471929006667e-01,7.049040125157637338e-01,2.639187751117604286e-01,4.519386360267750868e-01
1.470780010783527825e-01,5.669915826118139268e-01,4.077555557153221266e-01,4.493849036319244039e-01,8.294284476386853955e-01,8.079443911978086978e-01,6.481322001450281478e-01,2.729620879534553901e-01,9.110586054876060880e-01,9.036946046269207500e-01,8.083680969430135921e-01,2.840787821742914998e-01,6.710698109290926805e-01,1.077571001332071690e-02,9.128946866021950823e-01,7.310902479102033835e-01,0.000000000000000000e+00,7.192199417331441857e-01,8.361014801580634037e-01,2.685542331377003822e-01,9.491197746961170800e-01,9.652988098612991230e-01,6.349424519644040199e-01,5.600128322401902725e-01,6.979388435927725842e-01,6.304826631838597040e-01,7.374901200605112894e-01,9.078911313670073868e-01,5.127665134331538255e-01,2.283616699157285657e-01,3.353199680489554746e-01,2.771625682865179741e-01,5.662838600774233733e-01,5.748166675181511920e-01,9.094381492288219349e-01,2.970666504944774466e-01,-1.043958853844671048e-01,4.651003763000297053e-01,7.214622349170557447e-01,6.342881673020043243e-01,4.783703207171604022e-01,5.675741105583556045e-01,8.822537385388615760e-01,8.337608595820606983e-01,8.112383961361329110e-01,7.337725708592014451e-01,2.562319984725403565e-01,9.343146275214727625e-01,7.915245827832135816e-01,5.071044468663579163e-01,4.161615892162290331e-01,3.345409222805914018e-01,1.395159059299221349e-01,6.662729432978056199e-01,6.261416567185361659e-01,8.269350185083265137e-01,6.456189325168764093e-01,2.232796857883240782e-01,3.918443738811140942e-01,5.900027585629693538e-01,2.846033784214821449e-01,9.633596434264931618e-01,6.643405243136473182e-01,9.904824314532889584e-01,6.831402832190713870e-01,5.897586569690715930e-02,3.610656578862784238e-01,8.254795166510293658e-01,5.502338577114290752e-01,6.550747865377540835e-01,5.270315358822610374e-01,9.401521847705769375e-01,3.754360427650423326e-01,3.238476573660039604e-01,-1.103479347347512823e-01,6.234297629779024241e-01,7.348326725571996398e-01,6.909701197667619255e-01,3.922355611050185598e-01,4.604314251815769254e-02,6.798703458125736621e-01,4.072005752940879852e-01,6.937494567831371528e-01,2.493797069553451984e-01,6.063849977452657747e-01
5.402958585619177523e-01,6.748582997519453341e-01,6.415115669633990603e-01,1.639757811594063086e-01,3.613866288064457311e-01,5.563065579110226810e-01,2.041139518589265844e-01,3.150700318125134597e-02,3.906835347923203194e-01,5.925903262246612346e-01,4.942961166566746667e-01,6.478374903403261165e-01,8.435762649483737885e-01,9.923158114732758550e-01,5.655950308997277354e-01,4.970036250761271646e-01,7.192199417331441857e-01,0.000000000000000000e+00,3.494295844336402501e-01,8.654552430967104026e-01,7.527096372755440745e-01,7.022073129672503633e-01,4.327134736566989326e-01,7.771520380479634005e-01,6.619126960158377981e-01,5.000206378673808238e-01,9.148361261375269615e-01,3.996545297540933794e-01,5.230601055736762151e-01,2.668661923726972640e-01,3.210969961945451256e-01,4.727921444958700370e-01,4.667629414931346865e-01,3.703796304531337125e-01,6.046037210086597780e-01,3.022396169338760208e-01,6.406710597925779904e-02,8.047032456458504956e-01,9.533181840151914166e-01,3.225446644051872536e-01,5.182949112854918772e-01,1.026091443560701692e-02,6.058154308199690252e-01,5.684432069988576419e-01,9.658093112444430250e-01,4.487957357413057125e-01,4.192631873491395877e-01,7.691696557582314853e-01,5.125505778903448606e-01,5.059600260382743908e-01,5.309796438703177079e-01,7.817979104111723032e-01,9.177284301664059285e-01,7.284734219778513653e-01,7.684602463103206160e-01,9.225706338477844826e-01,7.324726907463618986e-01,-1.990284058086289887e-01,4.986479017715014228e-01,1.596079741014152231e-01,2.809604340002441747e-01,1.030233965576966559e-01,5.483780824356417893e-01,9.109074581697310657e-01,5.644826026510916250e-01,5.748769423148999413e-01,7.933497827004564185e-01,8.005483089663421037e-01,5.081389571734044042e-01,7.873139401999944553e-01,6.565060711748819111e-01,7.697943527953425846e-01,6.693867366740033908e-01,5.214631790311086146e-01,5.032724988275637523e-01,8.424682391962137196e-01,4.423091001626064389e-01,7.331959849348546054e-01,4.084350096762529025e-01,4.034253554058900293e-01,4.029151661030190290e-01,7.032719033371740425e-01,7.097261410906164913e-01,2.153854706332150593e-01,2.276260002423895756e-01
