0.000000000000000000e+00,8.839062621419152554e-01,8.661017094660117266e-01,9.363252528618744019e-01,8.027094499942619699e-01,6.785007957719786376e-01,7.718723129498126223e-01,9.178707896334481475e-01,7.216113215852102414e-01,8.766128408982564180e-01,3.225157957586339275e-01,5.927631852502583953e-01,8.176304550834523344e-01,9.914856584099962511e-01,6.073509836235978510e-01,8.081082416973177640e-01,8.509573722029786236e-01,7.115543335620896359e-01,7.066213336566598002e-01,4.871677744085167183e-01,9.802114826071751663e-01,9.356923383753541490e-01,8.311286170308647137e-01,8.623256765544279334e-01,9.832305051687587616e-01,8.277343461168304994e-01,5.505146791702649756e-01,9.252315651319021894e-01,3.996243571217990287e-02,3.926274398016049716e-01,4.482301350359252368e-01,9.215712486560977412e-01,7.538730479369033510e-01,8.682216846708273872e-01,5.812185454312185362e-01,5.377825749758973206e-01,7.796708570810905181e-01,8.741612720773279666e-01,6.712865346427038249e-01,7.476318206173635517e-01,4.692061770750020067e-01,8.428377063164175231e-01,5.889573327542826364e-01,5.136485407807230841e-01,7.421186193534236031e-01,6.388578419851306256e-01,8.897835529724608117e-01,7.197546767985874006e-01,8.825581846713592693e-01,5.444039827616520277e-01,5.294373694371301564e-01,8.278380042629120972e-01,6.027561627184795379e-01,7.288632538717918496e-01,6.223587274485493648e-01,7.774121383362481152e-01,6.013510844942077105e-01,9.146005863297188565e-01,5.177465438131095832e-01,1.488218402373824301e-01,3.129536772702403713e-01,6.331321348669903815e-01,6.435005720090060111e-01,7.006374700197163241e-01,7.489627944420900185e-01,8.643470859368054260e-01,2.142557625682672273e-01,9.004724207573986394e-01,5.992438577411068890e-01,6.157151068675470462e-01,9.043266319229853467e-01,7.573557731964257744e-01,5.809673282352143531e-01,-3.978543330712742687e-01,8.483013878631612270e-01,8.016336738514703297e-01,4.582971351343974598e-01,8.630654714615184631e-01,2.705668952212798017e-01,3.018489429345414532e-01,9.578677524118202058e-01,5.436176139766064619e-01,6.778034929962333255e-01,5.889817495121262292e-01,9.650719889204617541e-01
8.839062621419152554e-01,0.000000000000000000e+00,1.715669161961166367e-01,8.928789302006959749e-01,5.329265421254865132e-01,8.953674502563192528e-01,5.239745754928467614e-01,6.808905336991450952e-01,5.003923631790873072e-01,3.035803431276684616e-01,5.092154510419327762e-01,4.617114662326862740e-01,5.816632916807925602e-01,6.267544764520662781e-01,9.353441294068510770e-01,5.526025484638985574e-01,6.492469275963884678e-01,6.139892200969834235e-01,9.525848604579452150e-01,9.692077512455445909e-01,7.774343248096988734e-01,8.015458606653045326e-01,9.772308467334032134e-01,9.729532595763937808e-01,6.037233727615695100e-01,8.888351064437036708e-01,7.673665556954756273e-01,9.846282138182178567e-01,4.262449554410019936e-01,5.164903995811218618e-01,3.718631210538177190e-02,1.795725878830825226e-02,7.206466239893841719e-01,5.419121969722621168e-01,5.861324247795732800e-01,2.781745972058238259e-01,-1.250414356908837454e-01,7.058641405985418560e-01,1.344362280670588772e-01,7.281538015897015548e-01,6.066408911991980624e-01,7.308862571519918472e-01,1.781804612214719641e-01,6.632014763227492837e-01,8.083772077316716542e-01,7.874101370018858903e-01,7.708249712398959064e-01,1.062975406499714337e-01,2.388613621862497038e-01,7.195471409487836922e-01,3.089672787420129629e-01,7.248197063846307797e-01,7.821143121200641035e-01,3.265410085430815734e-02,2.975583049307705674e-01,5.518546209247046086e-01,3.489614464074811684e-01,4.114518975042003035e-01,4.961039111441170046e-01,4.917603356242116752e-01,5.105255799803510852e-01,7.656507463870618757e-01,8.574004614661451251e-01,9.849596601444032817e-01,7.256676342657970569e-01,9.824162250412435959e-01,1.217929403958447065e-01,5.206271403258726505e-01,3.688980510719628292e-01,8.607613981284902849e-01,4.426640156161745221e-01,5.601182944317967261e-01,3.286016314866160859e-01,2.232712495623369597e-01,3.620263530375490424e-01,5.309510898412359570e-01,8.714443154977397077e-01,6.088257808693425810e-01,6.649079810482243502e-01,1.965140090282688490e-01,6.542354687940601377e-01,7.604119780456415345e-01,7.474737125556613071e-01,4.507904316807136991e-01,6.372932141624813029e-01
8.661017094660117266e-01,1.715669161961166367e-01,0.000000000000000000e+00,4.292825583221809294e-01,5.019089056769099333e-01,4.762905822978193426e-01,6.927712469351451352e-01,3.324888656773086204e-01,9.467432622607301340e-01,9.902159860681800652e-01,8.419007155160014300e-01,6.430842932009825930e-01,9.713581590958757506e-01,6.642861561380445368e-01,9.993230188413093629e-01,9.934954802553130904e-01,9.313202208102033808e-01,6.945261968334828229e-01,9.076723785564502212e-01,5.506546928509207239e-01,3.539088430631782689e-01,4.358601447746791591e-01,6.211041245233299701e-01,6.051076973380838941e-01,4.369824759321755403e-01,9.102212367572355411e-01,3.691557744404430075e-01,6.815134180080079096e-01,8.355583947352256402e-01,2.931764438370872972e-01,5.519745979452157503e-01,8.148058131328504983e-01,7.572432297295819126e-01,6.520820853833256825e-01,9.550454377533202921e-01,2.561260305906185586e-01,3.225015561679045462e-02,6.634124977362931830e-01,5.245656186650178299e-01,5.206489739279558382e-01,5.635062438590596745e-01,8.056737444700421413e-01,9.201501221334701386e-01,7.832634869968374547e-01,7.243070451850547320e-01,2.198676792743043396e-01,6.644493482416586883e-01,5.212063971748602809e-01,9.227449257778599367e-01,7.294514139198750025e-01,8.286537216340740253e-01,6.045846205579633592e-01,8.014677342555189821e-01,3.272790894535740902e-01,4.076671570661389854e-01,8.126014081376190523e-01,4.393397830347639532e-01,7.415530384442159395e-01,6.898785356019071502e-01,7.547434656618712268e-01,3.046051728430858585e-01,9.215024393595387942e-01,2.304156392984402779e-01,1.391904335103618662e-01,9.133887570392689170e-01,4.604865300452943289e-01,9.090838994241056126e-01,2.117328383176061146e-01,5.026075394124865925e-01,9.046027485940547619e-01,6.248209774585172793e-01,6.857467525715558176e-01,5.512909389406055460e-01,5.182004416086676279e-01,7.686916962457288616e-01,9.707626540772797963e-01,5.291518718782322050e-01,7.314461802220801889e-01,3.896865250706261774e-01,-7.443505885555962154e-02,6.751650357082079612e-01,4.436620942803640721e-01,4.163252154650997627e-01,5.367958373149827045e-01,3.157274586942362959e-01
9.363252528618744019e-01,8.928789302006959749e-01,4.292825583221809294e-01,0.000000000000000000e+00,6.514235200183589036e-01,6.167548983200583645e-01,2.452754927864872481e-01,4.937924892339420890e-01,2.227174973454016105e-01,7.143893601055504305e-01,8.816992326153628712e-01,6.306234314882592784e-01,3.492082634253071971e-01,8.887448446436059246e-01,5.813632040928491396e-01,5.520273622697334792e-01,7.190572164617059503e-01,8.261047545717086216e-01,6.686558248082651312e-01,8.258214088948838683e-01,4.956852512717708770e-01,7.750621632592269439e-01,9.178128776454201887e-01,5.087808471442889502e-01,4.426190285045666362e-01,4.821298294788814998e-01,7.965251814811366016e-01,6.788577783916897035e-01,6.268989254773759123e-01,4.120913561738889785e-01,5.176405286607511647e-01,9.556731836947826020e-01,6.785835328682501277e-01,6.787797677374982630e-01,9.092983523379625233e-01,6.765422482587883923e-01,1.804889774336275801e-02,5.266057574447775558e-01,6.799509920904823757e-01,9.586914951175652400e-01,4.812654823913565250e-01,6.895336822035251778e-01,9.992372878555506599e-01,5.392843897162010736e-01,9.729644662329730576e-01,6.756099221180918990e-01,4.618345087621648082e-01,4.836334853253487776e-01,7.500109454345879056e-01,8.546175306386109005e-01,6.867378205463035012e-01,1.697155286893696491e-01,4.859034580624080890e-01,4.000924268236530912e-01,5.602569123050197275e-01,6.777530736208783324e-01,9.767210635185618051e-01,7.435446329296352408e-01,4.748596119007400529e-01,-1.727067245771795323e-01,5.153692170653328963e-01,6.358815298787185988e-01,7.937837745735321082e-01,2.885887364232392893e-01,8.682337058640304805e-01,5.727953700025133488e-01,5.781205538018059364e-01,9.012476218551765950e-01,6.806246438765486406e-01,4.001087790157899504e-01,6.610135983544923599e-01,9.011978038737170627e-01,3.680027408760672691e-01,1.964553905565064873e-01,9.890075896493509544e-02,8.601696455233901473e-01,8.690588657559978891e-01,4.774364305227670746e-01,2.324577945969156512e-01,6.772903944609180715e-02,7.173563473024869852e-01,9.987542726234366341e-01,7.224188528802402143e-01,5.646523436602950419e-01,5.822425270436051292e-01
8.027094499942619699e-01,5.329265421254865132e-01,5.019089056769099333e-01,6.514235200183589036e-01,0.000000000000000000e+00,7.562838261405990803e-01,2.939651777345261285e-01,3.763997760534064652e-01,5.496048542371592127e-01,6.671250105175626777e-01,4.907453627383960293e-01,6.235826146080570842e-01,5.287207913837491668e-01,7.800207546635473665e-01,3.862990921649850362e-01,5.778318133456606942e-01,2.324192787841430352e-01,9.597472949235951178e-01,6.778984441604881672e-01,8.298132528547380593e-01,7.412768968002554359e-01,4.009439199642905183e-01,8.747163815290536215e-01,7.441397992332769995e-01,7.350932371996928838e-01,4.452829025655634099e-01,4.930536891842098313e-01,6.852724586324048239e-01,7.275028088685067118e-01,3.164220020598890182e-01,4.008117413466931733e-01,7.845909822352600260e-01,3.894787268559306570e-01,6.186371385872598827e-01,1.337405633958238527e-01,7.311013764204361554e-01,2.794304408661389960e-01,1.841950785244078626e-01,8.507235502712165998e-01,6.982293496438879421e-01,6.594560153293935745e-01,9.742219050659437496e-01,4.414491669629633797e-01,7.265015793595507310e-01,6.272945090772279464e-01,6.300673470988031877e-01,3.767133801473731003e-01,6.571759876706531056e-01,3.540016253593595286e-01,5.819988796804205222e-01,4.639133765105141194e-01,9.634831836903380298e-01,6.280826747979578739e-01,9.363816588895295112e-01,4.951264917059171045e-01,7.731814925108277947e-01,5.656347000936408076e-01,7.825706796945048893e-01,6.736601275285860613e-01,6.903082929264103829e-01,4.436274651015013615e-01,-1.724486839241085034e-01,3.542905403547905729e-01,7.191308140398480209e-01,6.282240200764719340e-01,4.741127761902725335e-01,7.217297642235330768e-01,8.071117254792812279e-01,7.283160376523548640e-01,9.117715013525282686e-01,9.009169269844234940e-01,8.915133341871267492e-01,-3.301588039849948086e-01,1.635275961305685255e-01,4.458045949539672370e-01,7.708144036615569572e-01,6.341273771689168726e-01,5.405096117377802267e-01,4.158591717829350221e-01,3.451522845085769342e-01,2.696839835911148398e-01,4.086321155405539529e-01,6.536705539088805139e-01,4.016054364272396704e-01,6.267700360638989165e-01
6.785007957719786376e-01,8.953674502563192528e-01,4.762905822978193426e-01,6.167548983200583645e-01,7.562838261405990803e-01,0.000000000000000000e+00,4.751131453728340559e-01,7.230319967940375125e-01,3.152629878611980518e-01,5.690041303885341462e-01,8.078541924559862197e-01,5.019290770409574609e-01,7.592383722674100888e-01,8.038133552590439601e-01,6.886709316580900131e-01,4.586033693789712817e-01,5.650677352253161700e-01,6.637715535958517155e-01,6.482317970703287413e-01,7.583797813495278817e-01,7.222698923062887966e-01,3.189251642941128839e-01,8.694006349942987599e-01,7.559578857910618233e-01,5.283349922209800154e-01,4.776541930526726487e-01,7.285447418822754706e-01,3.176975420908688674e-01,5.660123651604539452e-01,2.074836681103291516e-02,3.655174314946970093e-01,5.802831274429239850e-01,5.878028349648667383e-01,4.255559966984744924e-01,4.898187705768662359e-01,-6.132254198181671945e-02,2.047343079260875998e-01,2.579107544645106165e-01,4.592264018988339580e-01,6.036745871038344813e-01,4.890257865242927937e-01,8.050772885671129975e-02,9.665698364354264882e-01,8.001319021773307671e-01,9.617331406918049330e-01,7.456199299762356070e-01,4.763914647002486236e-01,6.011923785189192682e-01,8.617109294391093188e-01,9.950964864384195252e-01,5.358814988567519588e-01,4.304444807483278068e-01,2.429974155413918424e-01,6.496474541400998337e-01,4.238439420001662294e-01,3.481592997868684924e-01,5.779871991500010742e-01,5.471604359162756115e-01,6.788080047480775647e-01,5.856605540254359310e-01,5.400368611327364121e-01,7.971700571073829789e-01,7.038436682784545706e-01,9.339844534319973191e-01,5.758659555839870103e-01,7.732729189855295227e-01,6.257241693918387249e-01,6.206835612661520951e-01,5.145026475147698175e-01,7.134615199281446607e-01,9.760340084583565279e-01,6.477413836014918047e-01,4.031683919079606104e-01,5.046077211929358430e-01,5.409805537971589251e-01,3.675914654945788840e-01,9.120148618334992241e-01,5.337185883679080867e-01,3.667685839866915987e-01,3.900159860474269324e-01,3.404819705404243946e-01,5.669789103261051455e-01,5.113835413077888470e-01,5.828542063742792045e-02,4.153371186177090557e-03
7.718723129498126223e-01,5.239745754928467614e-01,6.927712469351451352e-01,2.452754927864872481e-01,2.939651777345261285e-01,4.751131453728340559e-01,0.000000000000000000e+00,5.108246261296545132e-01,5.680077234790369411e-01,5.008516298733448613e-01,3.317279544327279561e-01,5.791433813819475418e-01,7.550350766037438044e-01,6.272579495917766090e-01,4.546742124895336024e-01,5.499662648768148809e-01,8.514035769605949877e-01,9.073785011507986553e-01,3.978528706711722540e-01,3.419923967204716031e-01,6.402194152708575725e-01,1.367093560947005987e-02,7.992672139156200561e-01,5.160369990862171408e-01,4.549561784235038875e-01,1.882621301055818208e-01,6.571873240350732948e-01,4.599134432848741016e-01,4.612624069161914697e-01,3.444327607420211157e-01,1.146475753986285345e-01,5.041392237040885904e-01,2.355561817431378879e-01,2.659316083064672265e-01,4.790073497956546245e-01,2.388263692152189643e-01,3.936081574931413751e-01,5.759295095199101766e-01,8.164590155717432740e-01,5.116921589727758679e-01,5.192665024577642896e-01,6.305838819301279319e-01,2.109877775836221381e-01,4.267680892627354061e-01,8.638378958629209237e-01,7.828515232185302430e-01,3.680101640998383328e-01,5.774519918205964775e-01,2.655460350885242571e-01,4.433928106519429146e-01,6.939715117146496581e-01,2.993827183205221010e-01,6.809310021430662330e-01,4.520554791878833023e-01,8.335262458029244481e-01,2.810763840055032770e-01,5.087620151513044808e-01,5.493294621766580121e-01,9.809546054633035972e-01,4.191003356984497608e-02,4.454838294385621289e-01,2.501289953069757988e-01,1.046872486002235897e-01,7.901812405551942309e-01,7.486598062315652502e-01,2.550535181071823532e-01,3.137733923932534141e-01,7.873618673275013524e-01,7.060322037690967001e-01,6.072370741801529359e-01,7.986907476238349624e-01,6.017507117882506806e-01,3.200043822482286915e-01,2.842429563942959758e-01,3.796821120228902613e-01,2.939322539023568881e-01,1.350232398886842267e-01,3.614666235481417411e-01,2.139095254841150706e-01,5.415344331415160584e-01,5.105994660385205774e-01,8.786253099261794874e-01,5.804384282479871926e-01,2.847554881853426867e-01,1.741475012434382519e-01
9.178707896334481475e-01,6.808905336991450952e-01,3.324888656773086204e-01,4.937924892339420890e-01,3.763997760534064652e-01,7.230319967940375125e-01,5.108246261296545132e-01,0.000000000000000000e+00,6.519498888392262215e-01,5.131903768824725987e-01,3.646248474065122425e-01,7.776230699922395129e-01,6.150250213642735053e-01,6.943459608598645527e-01,6.769271820356093095e-01,7.161436417483316719e-01,4.195309194444503675e-01,8.193111881853626377e-01,4.023057498612463978e-01,2.860514052040241673e-01,8.083309968521269484e-01,8.351714358440663621e-02,6.337568157031976401e-01,6.653525266853044240e-01,7.119797555859250782e-01,6.105877139405865295e-01,5.891553185864384368e-01,9.434373069021868563e-01,4.888103119493494297e-01,2.949334818745511511e-01,5.823372038577485643e-01,7.195261337362484078e-01,3.420536343276014968e-01,5.775057683073551162e-01,5.583296402735808961e-01,3.021698062053994605e-01,2.540307820040327846e-01,3.506139696803205474e-01,6.575850633287280145e-01,5.135873481721845435e-01,3.206798470981545579e-01,7.165928661594928029e-01,8.088823062142000975e-01,7.872544663341934923e-01,6.978746238827319148e-01,4.655849223176811158e-01,6.373829291659520724e-01,7.834434672904900809e-01,3.014612087311434596e-01,4.361157664839337422e-01,2.492600191561843981e-01,5.908275390424579943e-01,1.487723108758346180e-01,4.245622116887093900e-01,9.012629678521097976e-01,7.037887297243857754e-01,3.259293956419255789e-01,6.670191359369470607e-01,6.399104387864998911e-01,3.132606759016275944e-01,7.626242246875283293e-01,-1.804350302224414782e-01,7.259752147301887781e-01,7.579271411317423102e-01,6.802670183543479965e-01,7.126497118022031563e-01,1.207593081023110582e-01,7.228243179753535141e-01,4.127400341915299364e-01,9.492405660551970215e-01,5.732209743920105849e-01,6.202799576081811095e-01,5.372348455959785607e-01,6.914031212304307950e-01,2.617588862313028897e-01,7.033829410048872965e-01,7.367641708037584447e-01,7.062029189839534871e-01,3.300870247155417436e-01,3.358745529181510481e-01,6.672794591382592566e-01,2.505103076670717743e-01,5.986344358831490187e-01,-1.347954509581787419e-01,6.205855113431882897e-01
7.216113215852102414e-01,5.003923631790873072e-01,9.467432622607301340e-01,2.227174973454016105e-01,5.496048542371592127e-01,3.152629878611980518e-01,5.680077234790369411e-01,6.519498888392262215e-01,0.000000000000000000e+00,5.869881486025502193e-01,4.462369698669679252e-01,5.442017070370293030e-01,4.015335120716156392e-01,4.043221568641363062e-01,7.560097763552634520e-01,9.994317116387465560e-01,6.796732163876511024e-01,3.272142398992409218e-01,6.831266892709428884e-01,7.274401361156760393e-01,6.337884279271511767e-01,2.827512186000331607e-01,6.840962972927712160e-01,7.045708705300659513e-01,5.729466600002957044e-01,7.730960982984794727e-01,1.077772434281293185e-01,4.419671707821850037e-01,5.725868239432390094e-01,4.707343566019743797e-01,2.170363129236500543e-01,1.004940554174772738e-01,5.668406870526262464e-01,7.909161924922776254e-01,9.292650625840950251e-01,5.777696163845666977e-01,4.559433243837751060e-01,2.279878456921892171e-01,6.811718428187394370e-01,9.990136692777344951e-01,4.464413710896322773e-01,8.279224520749550731e-02,6.780236668181615078e-01,6.165271518745643053e-01,1.625554461162043995e-01,9.535241980870697853e-01,4.335704738188794205e-01,7.177476246549790995e-01,5.405037816136446654e-02,6.164134726706272938e-01,2.833006262329651470e-01,7.674342287796049877e-01,8.117586989178193768e-02,6.945740424393178625e-01,5.105879230356467069e-01,7.029670082169390266e-01,4.284261675024704230e-01,7.483370046374517859e-01,8.555634142095109862e-01,5.348241945195436609e-01,2.131726371403258047e-01,6.806540974832456792e-01,3.792706576713906763e-01,7.764483640487860328e-01,9.342740558981239563e-01,8.765317907364977845e-01,4.239697992066708276e-01,9.112182167448200643e-01,-1.442065362683025431e-01,8.170464905212655726e-02,9.937134502454991747e-01,5.097340495352031819e-01,1.115122893253213121e-01,1.796164900322876623e-01,3.234331265094340102e-01,1.763259554657418404e-01,6.849989322396496938e-01,5.087688468297797695e-02,7.467830518248730343e-01,1.593230279182206721e-01,4.755333832881821210e-01,7.608820495595614020e-01,8.500128478374051610e-01,2.429280755789033630e-01,5.845428984109739545e-01
8.766128408982564180e-01,3.035803431276684616e-01,9.902159860681800652e-01,7.143893601055504305e-01,6.671250105175626777e-01,5.690041303885341462e-01,5.008516298733448613e-01,5.131903768824725987e-01,5.869881486025502193e-01,0.000000000000000000e+00,4.910541868682813393e-01,4.077111921529295580e-01,9.670561649468764065e-01,5.550675988590906274e-01,5.868631281146767797e-01,8.646192872194476964e-01,-8.405722717165599323e-02,6.754092718659281402e-01,5.174418795768899182e-01,9.809080401809232574e-01,6.425753338251554148e-01,5.269982763877913978e-01,3.632076604274104281e-01,5.417425863149446519e-01,2.274616225150904170e-01,7.269966260002362901e-01,6.385654809376428709e-01,6.585621797550182954e-01,3.327719920677714716e-01,3.881245285135833667e-01,5.665784422953894506e-01,6.031087700963555509e-01,6.635681646577016313e-01,7.433480692191412054e-01,5.884196508566597039e-01,6.324199508568629780e-01,9.282035294029522543e-02,7.085955098802930729e-01,8.435602536029899179e-01,6.878735006203772206e-01,2.822162112139806611e-01,5.606825777711630376e-01,2.692064407214588284e-01,4.747847767491209514e-01,6.671323016302007636e-01,6.298005266089464760e-01,7.357636142131076529e-01,6.280072507530833903e-01,6.965167867189192563e-01,4.738369928269581255e-01,8.118309964982992621e-01,4.451766655010443441e-01,6.171568308412110904e-01,2.595243878616122768e-02,6.968130901014041312e-01,7.994666110137147452e-01,5.051836720833779992e-01,-2.225019282055514525e-01,4.801430719744381737e-01,7.704544252338043631e-01,4.363908906893828599e-01,6.145047816970364840e-01,9.742300669899330856e-01,2.325265380750184130e-01,6.941684487435507700e-01,5.737117670625595522e-01,5.007357173863982158e-01,8.385478484108299657e-01,6.782086580305676238e-01,7.358223540856130285e-01,7.851031724461235983e-01,9.198963743095711632e-01,4.805796093935510438e-01,5.467512267506738910e-01,7.966796792445962616e-01,7.306133872044810740e-02,9.980264185235296903e-01,2.011993147194940657e-01,3.700069399848733287e-01,3.322496807928825846e-01,5.844079776786411662e-01,4.294954594276818582e-01,8.110775590920028533e-01,5.689711007964757261e-01,5.416288894521792407e-01
3.225157957586339275e-01,5.092154510419327762e-01,8.419007155160014300e-01,8.816992326153628712e-01,4.907453627383960293e-01,8.078541924559862197e-01,3.317279544327279561e-01,3.646248474065122425e-01,4.462369698669679252e-01,4.910541868682813393e-01,0.000000000000000000e+00,7.378842807463534825e-01,9.300417840265081670e-01,4.365013479914686689e-01,2.413534276425533531e-01,6.348788431396350518e-01,8.561309657579384558e-01,7.951667212055926193e-01,8.555407723195529446e-01,7.913689321583985414e-01,4.487343085645773555e-01,5.178971594284472735e-01,5.141165281086702565e-01,8.636895242593400912e-01,2.388575525919211517e-01,3.020939860336500637e-01,6.728027678295244174e-01,5.804381030651215578e-01,2.499433248750129455e-01,3.413366795853600699e-01,3.738774507424709737e-01,5.564200413926454480e-01,6.400269795975053189e-01,7.210983403499159339e-01,7.979828120387331136e-01,6.800992774500442817e-01,8.490095033108513434e-02,3.125352663881600379e-01,9.804424661112797201e-01,3.320446553651357213e-01,4.712750577225036097e-01,6.336237802843142086e-01,3.767491832654790151e-01,-1.341030109368115952e-01,8.386607389189741912e-01,6.300104714710018650e-01,5.701185318201751340e-01,5.625102539229868137e-01,-9.318884439616409443e-02,4.281531150151810516e-01,1.640658691600951347e-01,6.897825606367176121e-01,6.931756221371914162e-01,6.150504700456556062e-01,8.010051695832588470e-01,3.957915787503959448e-01,5.205860674642321939e-01,6.282114791378310414e-01,9.165005107979843357e-01,6.241296815834955769e-01,2.699528615609285143e-01,7.888070689459840690e-01,4.673381646695267122e-01,7.062434865886473290e-01,3.644600577858521095e-01,4.066360688245248545e-01,8.307862901951026946e-02,6.725517574019562739e-01,3.483395979576896506e-01,2.091106253785592894e-01,8.986352436907069086e-01,5.479428356956718149e-01,-9.774510252555150547e-02,5.630492670946792844e-01,1.364695891168472286e-01,7.142665493721851444e-01,9.084071176480748022e-01,4.778932348773674010e-01,5.696196462273842576e-01,1.468023302816276188e-01,5.116005814142535746e-01,7.469501208750757293e-01,4.259904792552801078e-01,3.197969297747670914e-01,4.239295898256257855e-01
5.927631852502583953e-01,4.617114662326862740e-01,6.430842932009825930e-01,6.306234314882592784e-01,6.235826146080570842e-01,5.019290770409574609e-01,5.791433813819475418e-01,7.776230699922395129e-01,5.442017070370293030e-01,4.077111921529295580e-01,7.378842807463534825e-01,0.000000000000000000e+00,8.034184124751303502e-01,6.610794662496279894e-01,2.770723104141161186e-01,2.225965037204797881e-01,9.426791483954901629e-01,3.513688005926326463e-01,8.468561642627802089e-01,9.524877700023535176e-01,6.655003455833008452e-01,7.586129998652659800e-01,8.281242408174060987e-01,6.145553622406780825e-01,5.434406445432276023e-01,4.788917147803670171e-01,9.543598894772931107e-02,3.291468073523526883e-01,2.447931194353984985e-01,6.253310369760958221e-01,5.724100416728984397e-01,7.414374991233311230e-01,3.677961804980810490e-01,3.963656894850123846e-01,4.626596262913511559e-01,4.023044551569092686e-01,3.144803502763407477e-01,3.241645873142517398e-01,3.932516217934613478e-01,7.245242270651490735e-01,1.114955482997286307e-01,5.086323162989087043e-01,4.069955511740439014e-01,7.357337162627973770e-01,7.667063292393205831e-01,4.311861104140863876e-01,7.785181435831460828e-01,5.718627115723636800e-01,2.674130035723623622e-01,4.927759042383713650e-01,6.814017766845338331e-01,5.437107568576405869e-01,4.771782951346993928e-01,5.940558770070669681e-01,5.907146276301391552e-01,6.679592043789698286e-01,7.730089744153145759e-01,7.610567523202319551e-01,9.426511114105057265e-01,-4.093253567940935422e-02,6.311537063131613667e-01,3.221335997705369047e-01,5.445276836917232188e-01,6.029695246031240297e-01,4.611063150745037253e-01,7.416637827819108075e-01,7.886561137498190321e-01,5.667080851119711271e-01,2.760513341766893669e-01,6.629294648245647181e-01,5.185692770454823908e-01,9.226931256423092087e-01,6.596516519338807560e-01,3.445149581496533275e-01,2.442829237446634272e-01,5.792210004095681847e-02,8.147499677785798866e-01,5.923362811252503857e-01,3.991326671752725708e-01,5.226697974317540130e-01,4.305826677468447272e-01,6.642653737993741148e-01,6.204037536690800714e-01,8.938726773050631458e-01,6.985342901282707295e-01
8.176304550834523344e-01,5.816632916807925602e-01,9.713581590958757506e-01,3.492082634253071971e-01,5.287207913837491668e-01,7.592383722674100888e-01,7.550350766037438044e-01,6.150250213642735053e-01,4.015335120716156392e-01,9.670561649468764065e-01,9.300417840265081670e-01,8.034184124751303502e-01,0.000000000000000000e+00,7.153447601404046008e-01,7.467968067551221667e-01,-5.004662474934917782e-03,7.488079750257141676e-01,7.853410757633518813e-01,9.688571722073364700e-01,5.684458020767695352e-01,3.898091684537867696e-01,7.378204710977541714e-01,7.915445409025205770e-01,6.968960610034642400e-01,3.015278997801454919e-01,8.727097695906952390e-01,7.580226778729016734e-01,7.058108790384360898e-01,-1.929829177310673216e-01,9.793359302649701226e-02,9.241636125530845736e-02,2.938633114381515310e-01,2.890660480985811701e-02,7.681613121606225558e-01,4.349313625476263212e-01,5.315763402747827326e-01,4.995533482187899943e-01,4.166237701770382218e-01,7.367327996899111220e-01,4.219488310281633847e-01,5.034643487383658883e-02,7.725435139243554961e-01,9.329679279575155970e-01,6.661753341885137125e-01,9.552783763153719354e-01,6.595963600358032419e-01,7.023167335128162048e-01,7.383060899045326142e-01,5.896512640533106975e-01,7.265996636809182174e-01,4.539717690606889233e-01,8.575444338519696563e-01,2.387153470559000012e-01,6.398534990099703501e-01,9.524641923676830935e-01,4.311853756673959537e-01,5.856060352274355257e-02,6.925327879492050309e-01,6.205757501502275897e-01,6.760093761402330426e-01,3.222660799863801689e-02,9.562577190075779443e-01,6.259828654779253654e-01,6.765341509027770206e-01,8.091520077687875956e-01,3.440017934116543774e-01,2.852774755567035192e-01,8.930217206446434686e-01,4.783813829028458198e-01,4.876109066443808371e-01,5.589543281464022240e-01,3.133450498975225429e-01,6.864073981849408979e-01,5.672455470268971123e-01,3.549672879454618402e-01,6.278691100749443921e-01,5.832840872619015071e-01,7.197427104322676739e-01,4.817759467892987479e-01,1.681546361278565271e-01,3.408212616899586322e-01,4.479593133268394145e-01,7.990614910982900554e-01,2.380661281392510153e-01,6.758997294272299783e-01
9.914856584099962511e-01,6.267544764520662781e-01,6.642861561380445368e-01,8.887448446436059246e-01,7.800207546635473665e-01,8.038133552590439601e-01,6.272579495917766090e-01,6.943459608598645527e-01,4.043221568641363062e-01,5.550675988590906274e-01,4.365013479914686689e-01,6.610794662496279894e-01,7.153447601404046008e-01,0.000000000000000000e+00,5.877879189099535218e-01,8.986333329501985379e-01,8.916124237190823365e-01,9.427004102182383605e-01,7.231198258681256208e-01,8.430878102668213359e-01,8.523462228687513909e-01,5.241914422554330155e-01,7.054448958728916086e-01,6.993485924571455348e-01,2.904615027680887418e-01,8.166725629472167958e-01,6.703161073356843636e-01,7.722621424903843845e-01,2.299891768552116689e-01,3.068241334768558315e-01,7.747062958022173096e-02,5.709540175772298554e-01,7.482423228970396245e-01,4.461718768620491771e-01,7.099951850494224947e-01,5.152191653271906979e-01,3.130618045179155984e-01,2.128522952625302445e-01,8.514448352444665691e-01,9.720634464662234464e-01,2.814922518279204811e-01,5.567408895495206123e-01,9.480263776260802189e-01,9.739377581317636423e-01,6.912605252499809394e-01,5.718534568496649317e-01,9.378084102523239762e-01,5.492116795012566000e-01,7.223237237462916127e-01,8.707841420107171881e-01,6.247566835934481588e-01,5.415585008465562122e-01,5.412752532298072961e-01,6.448683160671233594e-01,6.104163508081282830e-01,5.885610143374147007e-01,9.789171523139397202e-01,6.736262861955509829e-01,7.396902496822562734e-01,7.673946399536838436e-01,5.736652050483399545e-01,7.436140968427207287e-01,7.113096584358870045e-01,6.265106460480560635e-01,8.787559536278519712e-01,1.472966265545832820e-01,4.937601778391737528e-01,6.946383526447813539e-01,3.751780437742974206e-01,7.825879352370309627e-01,6.868994298730958237e-01,4.758344362245559567e-01,2.042786779512610063e-01,2.694176490050816941e-01,4.043450673758788860e-01,9.855893970646891766e-01,7.164105937412295066e-01,8.769720090328252393e-01,2.428228486644594952e-01,3.024782155004426820e-01,8.307472337495005466e-01,9.084109030448229705e-01,3.984527644886735054e-01,3.084626052335029400e-01,8.308378104312262868e-01
6.073509836235978510e-01,9.353441294068510770e-01,9.993230188413093629e-01,5.813632040928491396e-01,3.862990921649850362e-01,6.886709316580900131e-01,4.546742124895336024e-01,6.769271820356093095e-01,7.560097763552634520e-01,5.868631281146767797e-01,2.413534276425533531e-01,2.770723104141161186e-01,7.467968067551221667e-01,5.877879189099535218e-01,0.000000000000000000e+00,7.982413777453338799e-01,8.478924957735501922e-01,6.194121047101281974e-01,6.062133954361774713e-01,5.365753218222597543e-01,8.115432498027234098e-01,5.774673153901335176e-01,5.376379530204276058e-01,3.475718274126036178e-01,3.401527706144172880e-01,7.151403921373691297e-01,7.881717794670137778e-01,5.820650600008677733e-01,5.346055872679715826e-01,4.438154554055988021e-01,2.982280785482612773e-01,7.557955034828225394e-01,3.963976418378229449e-01,5.814612602252775542e-01,4.597915654187057499e-01,7.508495434075997121e-02,-1.766295139945336101e-01,5.700174283047365620e-01,9.766583741204730718e-01,9.694117382225823087e-01,4.001692237010030517e-01,6.336452968859306312e-01,4.176244538325609712e-01,4.402329068417186742e-01,4.425737732197295160e-01,7.410896512616902410e-01,7.603368266232257699e-01,4.010698064541983188e-01,5.420795763300835235e-01,2.793503637187633171e-01,6.106609851926236843e-01,3.180385588072487391e-01,9.888064748177642915e-01,7.940020184002427595e-01,3.007466576481088172e-01,5.822647584542858246e-01,7.250188171016266336e-01,6.148917989693482022e-01,4.849791247929650106e-01,5.521538908670173829e-01,7.879511345108398679e-01,2.369786319788054207e-01,4.219030811998871755e-01,4.544798103168307679e-01,9.912942832463620402e-01,4.374993228640267073e-01,9.080669147515230133e-01,8.420553420325669336e-01,3.936322774939940983e-01,2.011732085468850850e-01,9.509143430845219402e-01,4.222869319061796634e-01,5.991487658787494341e-01,5.364270743898483795e-01,6.534912714806916378e-01,2.421917324670640748e-01,7.747754771596030432e-01,2.980657517749313312e-01,4.778154202907062276e-01,2.861991773226104652e-01,2.231068523286514893e-01,8.783387809351217435e-01,5.418417763142420185e-01,3.886773966583916273e-01,8.960674941377691494e-02
8.081082416973177640e-01,5.526025484638985574e-01,9.934954802553130904e-01,5.520273622697334792e-01,5.778318133456606942e-01,4.586033693789712817e-01,5.499662648768148809e-01,7.161436417483316719e-01,9.994317116387465560e-01,8.646192872194476964e-01,6.348788431396350518e-01,2.225965037204797881e-01,-5.004662474934917782e-03,8.986333329501985379e-01,7.982413777453338799e-01,0.000000000000000000e+00,4.139402551904354799e-01,6.810496010042214055e-01,5.953474567660682615e-01,7.922236821467805168e-01,5.675585222068744162e-01,5.787495543799530129e-01,4.255866324954286073e-01,6.462198775338212631e-01,3.645194395376142316e-01,4.204599997111541088e-01,6.728951459434640014e-01,3.941269109556561068e-01,4.103884788345535939e-01,4.017570799703995554e-03,6.124100077256284802e-01,4.782214466644375550e-01,4.043720545447602732e-01,6.139553341405274978e-01,7.360918180652853415e-01,1.316989945052967903e-01,2.027056899965971049e-01,1.362210775365088611e-01,9.559868350775715395e-01,8.059435260504719256e-01,-1.794333935744374942e-01,6.525416578267478895e-01,6.122325817884912702e-01,5.618579090049603542e-01,4.122646721927042401e-01,8.657011948214565766e-01,7.595798946258458528e-01,4.155119038015815391e-01,5.680435184530288617e-02,7.842681594672231693e-01,5.100281843534839599e-01,2.236553522905770832e-03,8.197902363399710290e-02,2.426086857433762956e-01,4.498636227475863447e-01,6.795603319409944110e-01,2.552837371217213658e-01,4.476385357430054945e-01,6.454340101402307184e-01,6.987113775305591190e-01,3.101072751534673655e-01,9.866073741748122572e-01,3.157787054933713922e-02,6.942893986372867809e-01,7.389908718894750983e-01,9.479198347954769233e-01,4.423233000690942052e-01,7.773756116189256549e-01,4.791573983383845547e-01,5.931435781205980362e-01,7.546102855809790899e-01,2.411386293814210546e-03,3.465002120038562783e-01,5.330999238482275748e-01,4.767233771584931112e-01,9.307624594183792066e-01,9.991435250508206023e-01,5.819650223587299331e-01,6.306122476417280742e-01,4.679375290774632767e-01,6.459085599291086721e-01,8.548776959814183840e-01,3.682846139500858262e-01,4.257197187776560754e-01,9.073017804213180382e-01
8.509573722029786236e-01,6.492469275963884678e-01,9.313202208102033808e-01,7.190572164617059503e-01,2.324192787841430352e-01,5.650677352253161700e-01,8.514035769605949877e-01,4.195309194444503675e-01,6.796732163876511024e-01,-8.405722717165599323e-02,8.561309657579384558e-01,9.426791483954901629e-01,7.488079750257141676e-01,8.916124237190823365e-01,8.478924957735501922e-01,4.139402551904354799e-01,0.000000000000000000e+00,8.121183313107106505e-01,5.405410465437263667e-01,8.059941048131104013e-01,7.895942592328069054e-01,4.255288389247151026e-01,6.866185957176180743e-01,8.877287995557959777e-01,4.439919546470402767e-01,4.651350175449818769e-01,3.581298927981514391e-01,7.525781233316837238e-01,6.815088436452820808e-01,2.716910687222710563e-01,4.967076869660171368e-01,6.011459389305623402e-01,5.222353662231556115e-02,7.887824183837889302e-01,8.057006176854274448e-01,5.487200198671290385e-01,3.028927288112739369e-01,9.262304604056124102e-01,6.029071284994415025e-01,3.782477606831894379e-01,2.277843298180693143e-01,8.676911310681608702e-01,3.411932596647422322e-01,7.423771664783774815e-01,6.942509524086676320e-01,8.369565096364114387e-01,9.869504866190310644e-01,5.781942203370282751e-01,6.485414179980644178e-01,7.925815926824734126e-01,9.920240341013412122e-01,4.005482484801382581e-01,9.463051805912269243e-01,4.819980319161210613e-01,1.291784397264328366e-02,4.772497186474898290e-01,6.406752924977892061e-01,8.980644028247714017e-01,6.985932042278609755e-01,9.229129852036144221e-02,4.231372796678516401e-01,7.884717065184564389e-01,3.478959558619301173e-01,9.227239436568016595e-01,7.646407960666598003e-01,2.422679702722256856e-01,7.547527363027790592e-01,9.200158432362023353e-01,6.406982622499323154e-01,5.506016705626362029e-01,7.484434908279459231e-01,5.187419349039953387e-01,7.527098003508453372e-02,3.522770319802944194e-01,4.436043251356266981e-01,7.545762838455630783e-01,9.082544630958485632e-01,9.894657632288292870e-01,3.827812272893670320e-01,2.594729405777367326e-01,7.292816575263735279e-01,7.831635410957581422e-01,7.901295557585612528e-01,7.255604679946928703e-01,5.713666169910854853e-01
7.115543335620896359e-01,6.139892200969834235e-01,6.945261968334828229e-01,8.261047545717086216e-01,9.597472949235951178e-01,6.637715535958517155e-01,9.073785011507986553e-01,8.193111881853626377e-01,3.272142398992409218e-01,6.754092718659281402e-01,7.951667212055926193e-01,3.513688005926326463e-01,7.853410757633518813e-01,9.427004102182383605e-01,6.194121047101281974e-01,6.810496010042214055e-01,8.121183313107106505e-01,0.000000000000000000e+00,7.386663309416012513e-02,3.530148073783765383e-01,8.579248056766544117e-01,7.328624424303438190e-01,2.352287350342401051e-01,2.340110998958480071e-01,5.803690657600421021e-01,8.430049764732755468e-01,9.415323831468307425e-01,6.010097977447104167e-01,3.369756380911014260e-01,5.089338983252043036e-01,3.594668002836026721e-01,9.834559319998847915e-01,2.872903814505103903e-01,8.945886801928027987e-01,2.259733364085101948e-01,4.228065024274929029e-01,2.338706539895352154e-02,5.502507205184264949e-01,9.912382152707948091e-01,4.883061029321336122e-01,6.079473334629743597e-01,3.205707687409521944e-01,9.038562497688356068e-01,7.684881410843379390e-01,7.939723433247243278e-01,9.580467906645513398e-01,1.909327596375022251e-01,7.051006782798163730e-01,5.775965713778579563e-02,7.359187619471699859e-01,4.709755920099347737e-01,4.771588654911819716e-01,9.459879097599314113e-01,7.566239954102345067e-01,3.960282385349252199e-02,3.988098976414926611e-01,5.434280307386631925e-01,2.333950181125301060e-01,7.797694327811716120e-01,6.656022735630831022e-01,2.001955027029295453e-01,6.428552529400752835e-01,7.459588912792721738e-01,7.029099011681697595e-01,7.258142484204502809e-01,7.263494638753826838e-01,6.754803896856892420e-01,7.519429695293932125e-01,1.869692951050832275e-01,5.913660553027473288e-01,5.250708022202097425e-01,7.335587205878936201e-01,7.568857355113711716e-01,3.285402211023501495e-01,4.200645129025479818e-01,1.587963321157721819e-01,6.932638643597203165e-01,6.688679082774036111e-01,5.329690033505742885e-01,3.012536965331447103e-02,5.546355851300232009e-01,3.579975040434075773e-01,5.366038723778105979e-01,5.454621751446172562e-01,7.763009741186223112e-01
