0.000000000000000000e+00,7.343024069100165807e-01,8.148163570068960304e-01,6.604219202260630528e-01,9.592004465750194608e-01,6.254505350846464307e-01,9.807051381732003748e-01,4.154075507010833168e-01,6.724999693425633973e-01,6.447371584126347921e-01,8.345884666761431703e-01,7.140195229052773707e-01,4.048748550970572291e-01,5.129783515381109993e-01,8.530104904445684477e-01,5.634350580802829356e-01,7.713548792006055255e-01,9.087044651792691718e-01,8.565658028745641861e-01,8.697266355562496276e-01,7.999250856784126951e-01,8.628476467613065415e-01,6.333379972997681406e-01,8.485977022081107046e-01,9.618395714650100903e-01,9.879188492669563892e-01,4.997552721843050438e-01,9.338483531771577528e-01,3.842339535911112325e-01,4.811726034156514897e-01,-4.622542620763936405e-02,7.304551313439006099e-01,5.919093519551952287e-01,9.901514114737643979e-01,8.063631323875734003e-01,4.396303292865750278e-01,4.119014337553331684e-01,6.299290140388154047e-01,5.674823035169451746e-01,7.543340290772544421e-01,5.451698206304915750e-01,7.533547804623305089e-01,7.862427114419020535e-01,7.927115505421760133e-01,6.737137372067759644e-01,6.869982068012817633e-01,7.419031489064723539e-01,4.347339331429994069e-01,5.804477024839537203e-01,9.712901404365292812e-01,4.174269077885937040e-01,5.987705544919010858e-01,6.133809634465338112e-01,8.370225855783390845e-01,6.222026639695386052e-01,8.011722306368890267e-01,5.688574492070017641e-01,9.370546128132435371e-01,8.239735667105335670e-01,4.359719268760546829e-01,3.573856785645212475e-01,5.279460014038773741e-01,9.115265558772440713e-01,7.652680973143785037e-01,6.558548786271223285e-01,8.350080188440565099e-01,2.972188933761653606e-01,9.800065026473084862e-01,9.866063623796195170e-01,2.523292942111942661e-01,5.659702775436263877e-01,8.214585362605189012e-01,2.199059731372085547e-01,3.450619638613201812e-02,4.472490425292929284e-01,9.286354926987929748e-01,9.812785393349533480e-01,3.988810768791529182e-01,2.864573733910188436e-01,4.263481715427415719e-01,8.698713003590144988e-01,8.356156677155393009e-01,4.202153786738173080e-01,-2.463461514030995947e-01,7.665535806517034256e-01
7.343024069100165807e-01,0.000000000000000000e+00,3.806685476364468634e-01,8.424396057756785572e-01,2.361521594989635653e-01,3.164039369083395670e-01,4.185172006108064391e-01,7.067212716094585234e-01,5.688363394285264052e-01,2.920207630760879858e-01,9.867370907459411811e-01,4.580353117236772853e-01,6.550259872676291728e-01,5.183674051178962516e-01,9.684915554125873571e-01,6.796604247326976100e-01,6.384374451713784593e-01,9.140913105476725642e-01,5.979690722813112425e-01,4.082304139014367728e-01,6.090328041217656363e-01,5.128273541301391347e-01,5.315568927675555777e-01,6.368912293209904041e-01,8.243144391948994398e-01,6.866453364275580951e-01,7.984985697763782309e-01,8.644292054166698991e-01,7.789483132043651947e-01,2.248440527486036955e-01,-6.335467814022108235e-02,4.817013636639213003e-01,3.659865296648341926e-01,8.404448817915655123e-01,7.991462517441687563e-01,1.011018096975393465e-01,2.218793463848333647e-01,9.369440554337000737e-01,5.419108354295349983e-01,7.374645485472532958e-01,5.076992280687134818e-01,5.043345055414025779e-01,8.210674841341308872e-01,5.022422949123078739e-01,5.492792231911777234e-01,7.992066582040493472e-01,4.486607824706225767e-01,4.639019939761318545e-01,1.124097240180193941e-01,3.280828378740547335e-01,2.285878191110632396e-01,6.769423630742580356e-01,9.837350414047961733e-01,5.805119020870019853e-01,7.718034147249001053e-01,2.076961610498692101e-01,6.615778864327571673e-01,6.791408240067120516e-01,7.554794505350056477e-01,3.880373255786985220e-01,4.405958549872537877e-01,4.572372690631077430e-01,5.159412577007550516e-01,8.633217747942699694e-01,6.128255377673325066e-01,6.600384318403134110e-01,1.083827707711132460e-01,9.728370664542689283e-01,2.228032431278282044e-01,5.612297734230649038e-01,4.994628449313656682e-01,2.625665803888386773e-01,1.747090159608264553e-02,-2.371383363230255004e-01,7.494067255748543266e-01,6.666169261092186327e-01,7.943109741582830008e-01,5.129087434789159072e-02,5.049249101828610087e-01,4.379816631705276686e-01,2.537811440804096930e-01,7.713651554972801305e-01,9.321807696062226478e-01,7.475642274772171803e-01,2.252277116435236481e-01
8.148163570068960304e-01,3.806685476364468634e-01,0.000000000000000000e+00,7.134641437468820513e-01,6.957324375212662337e-01,9.505766842562757279e-01,1.957296948637423650e-01,5.506604205182844547e-01,7.862242113384321218e-01,7.969215234929765135e-01,9.158568404369654692e-01,7.730514920296963632e-01,6.952109174243689127e-01,8.879066165412489164e-01,8.293857303060864217e-01,4.572729864660632360e-01,6.898074709278719796e-01,8.335261438665906297e-01,6.803933075549957188e-01,9.624663815231492281e-01,4.119308484382053770e-01,9.046919866868436966e-01,7.632258944662771993e-01,6.832092080325862238e-01,6.004106044883075199e-01,3.083788401126080769e-01,3.504661579384246162e-01,5.395088188437864307e-01,8.106717009603547908e-02,3.520672924371627266e-01,1.263230948859135061e-01,7.036245626674468845e-01,5.202501335951088546e-01,7.017892013950471908e-01,9.979564079686458200e-01,3.901934613318919221e-01,4.538900850300119916e-01,8.584348952375577824e-01,9.106246115780778361e-01,6.968071633723184055e-01,5.372631277655963711e-01,6.948245110432321736e-01,7.669770102152070335e-01,7.885182877845010596e-01,3.731942544152746510e-01,3.382960397739116498e-01,9.195586941166686845e-01,7.330966788284994928e-01,7.659835949585357406e-01,6.969202412849615502e-01,3.964416752768799013e-01,6.693992354134752354e-01,8.193889985395615971e-01,6.715472566806451882e-01,6.814089753143919292e-01,2.789256739121435680e-01,7.018412075359937718e-01,8.466673016323016387e-01,7.401511361362221875e-01,6.988336362464677709e-01,6.695528111371925606e-01,9.597096159159332895e-01,9.421868611914016034e-01,7.640180975138084474e-01,8.455790258362633205e-01,4.780193884983274244e-01,6.264386698483742633e-01,5.007233387808505132e-01,7.622024489160070804e-01,4.906593953097634353e-01,7.644947867449731760e-01,7.804854823232990624e-01,3.665781725770848043e-01,1.356988130664069370e-01,9.943407075905081882e-01,9.396218636897376575e-01,6.642523503050140610e-01,9.924578543980886458e-01,3.001506215490413187e-01,6.692359573143109586e-01,6.721495785115612076e-01,6.984989130275151004e-01,4.730649021013905164e-01,6.862006411261398764e-01,7.836669710889341278e-01
6.604219202260630528e-01,8.424396057756785572e-01,7.134641437468820513e-01,0.000000000000000000e+00,9.392643223456597079e-01,9.407162410559469778e-01,5.595903962049385560e-01,5.024965724937298095e-01,7.320201882518817538e-01,8.804117951720324964e-01,6.623542837259659422e-01,9.091325632462164963e-01,5.465613588258549926e-01,8.341191380050783089e-01,5.858728241776230972e-01,7.800653227326133088e-01,6.974163016366755619e-01,4.154012647286247084e-01,6.480286713911209695e-01,6.632487534561916087e-01,4.477934048026767089e-01,6.466840861980416300e-01,9.877734163868061579e-01,7.508914914364819282e-01,6.802386711447990786e-01,6.351686297603267306e-01,6.410353017132430775e-01,7.927578053530719426e-01,-1.755244738422777062e-01,2.866693835531253232e-01,3.299323002850377828e-01,4.481939534046892604e-01,9.292716329343184700e-01,3.750174064291403875e-01,6.058282620343006242e-01,3.509671282683471394e-01,3.882435976524364896e-01,7.581938046996796743e-01,8.836218759719378646e-01,5.212385915075981035e-01,2.802689577808392674e-01,7.734418151841832012e-01,7.460458350637875213e-01,8.899852561813705876e-01,9.560263368086265867e-01,8.944584617582471697e-01,5.147387152543192457e-01,6.484853308782919656e-01,6.983556969390776192e-01,6.466625722842712642e-01,5.984628934114035737e-01,9.727979333772709403e-01,2.224119557832592020e-01,7.304701610308820259e-01,7.492794813806737952e-01,6.224784659228552730e-01,8.182226174898864501e-01,4.159090917061559201e-01,3.907745092480379157e-01,4.504757736388128597e-01,5.181284393352124651e-01,8.493645556220403847e-01,6.277325662131153505e-01,6.920626905843371146e-01,9.296497501588550927e-01,9.884578063002890103e-01,4.448403934278528093e-01,6.272645701656200945e-01,8.154295096586392511e-01,6.355608804115822075e-01,6.993669065913110661e-01,9.415034723572447417e-01,5.243523758364467824e-01,-1.317926133504693786e-01,2.609819677838637886e-01,7.367666743358356474e-01,7.186497929215748259e-01,4.713986148643846130e-01,4.104139388552532908e-01,-8.790051258353170915e-02,4.115240380800860298e-01,3.107971189488822894e-01,5.683441980429677631e-01,-9.104245537976549119e-02,9.513859571293176165e-01
9.592004465750194608e-01,2.361521594989635653e-01,6.957324375212662337e-01,9.392643223456597079e-01,0.000000000000000000e+00,9.468570265424461896e-01,2.103510311785820597e-01,2.284468801458677256e-01,8.615095446108710364e-01,7.332257823696780585e-01,4.575766210674179213e-01,9.968991816098622394e-01,7.122381979499788907e-01,6.782793676907277192e-01,5.911243712162341790e-01,9.273284022812805505e-01,5.730762502070595454e-01,3.597876972923381711e-01,6.138153951747283843e-01,7.875101549347897079e-01,2.160741015952020172e-01,2.258240276577025973e-01,5.169750684536683627e-01,5.821591773192329455e-01,6.393668876629091669e-01,8.535888512407051598e-01,8.582989819390713926e-01,4.929795843393680599e-01,6.800732077062062730e-01,4.450664793444798484e-01,5.269245730263707461e-01,7.512643404326480034e-01,4.103637880735449411e-02,7.506068119297801822e-01,6.474819740966281101e-01,1.898317983177164603e-01,3.435260889327602651e-01,4.491727616675355583e-01,9.141783676337102982e-01,2.645087357993000654e-01,4.806213065708409005e-02,5.948370186889612166e-01,6.787028302050244211e-01,6.227361479998199112e-01,9.954809548210316050e-01,5.215021179653986927e-01,3.085113555640744964e-01,5.427008021193390208e-01,5.012902585381762664e-03,3.821123798057109999e-01,2.558472083586565415e-01,8.369523173716717501e-01,6.288032617431655869e-01,5.978380879856959318e-01,6.083192765800694568e-01,8.670060569463424738e-01,7.702360834386040578e-01,1.892171407721736642e-01,9.301813561823712995e-01,5.787466990357459373e-01,4.342336681067091031e-01,6.350225662438269136e-01,6.129580616066865328e-01,6.620305370116985610e-01,3.472932544212086192e-01,7.513263834739625224e-02,7.804505217509607462e-01,9.226367058930834419e-01,2.768426453771079543e-01,2.650358736515685543e-01,6.232597787952786073e-01,6.406037845541352471e-01,2.883938060820420146e-01,5.542244381257317443e-01,2.674622635692867206e-02,4.020369469450251754e-01,6.754289659200344298e-01,6.650006290617180849e-01,2.915573763731342805e-01,3.777739081748289207e-01,7.125383803978759811e-01,6.243027185785053890e-01,2.694669019135924048e-01,4.901956082071985410e-01,4.111447318784766103e-01
6.254505350846464307e-01,3.164039369083395670e-01,9.505766842562757279e-01,9.407162410559469778e-01,9.468570265424461896e-01,0.000000000000000000e+00,5.003698890484351569e-01,7.695611215405877559e-01,8.843999977432018822e-01,8.655545803747622946e-01,7.424435373330469101e-01,8.314484637198517047e-01,6.733493157389860428e-01,6.406131463073814203e-01,2.154174019437913035e-01,4.015902927899023256e-01,9.351829287521451484e-01,3.275551691430100831e-01,4.416337470931076536e-01,8.327617430383912334e-01,5.961501223696908935e-01,4.599961032138604744e-01,6.238038910227293732e-01,7.978300589412227195e-01,3.579715235259839923e-01,9.147784956479994012e-01,7.936473771740464311e-01,4.444702203494218518e-01,1.252612414640500160e-01,5.653868670314666778e-01,5.343848152512356009e-01,5.791121381214938690e-01,7.132658081638121664e-03,4.243774156441572631e-01,5.382230615860822409e-01,3.858111304869246139e-01,1.544600486841341824e-01,4.941061148311498008e-01,9.086277529848179046e-01,4.998383485674905424e-01,3.908204401089258040e-01,4.150874811842473755e-01,9.629916719818821802e-01,7.829178893116692795e-01,5.625369152613449719e-01,7.438065390150712108e-01,7.109577430771572004e-01,6.575679627434891650e-01,7.893062094834459863e-01,6.526038985203612697e-01,7.608701578718588543e-01,7.321237031867077194e-01,5.388494920980947400e-01,6.928824698678470728e-01,7.327094479546600869e-01,7.901916849450487668e-01,7.523466022919398366e-01,9.799706849674861830e-01,5.948384816668623731e-01,6.896434414868363172e-01,4.661413504862683688e-01,6.651142558354803391e-01,2.878216594060281075e-01,4.916747664667192597e-01,8.760035942488871852e-01,5.036905932262049079e-01,6.341962287352449490e-01,4.363372975659915998e-01,5.563201741122942856e-01,4.735235129783353369e-01,7.648376560182458261e-01,7.687889729235616310e-01,7.607063030305115658e-01,5.650812114268233266e-01,3.287624964635835756e-01,6.852397344779915800e-01,8.881889204949678929e-01,2.453065986188695813e-01,2.534267587173765213e-01,2.498220583893876190e-01,4.385269302782353051e-01,9.822479590674080274e-01,5.669254155044172183e-01,3.891924327598541566e-01,9.097427170412528685e-01
9.807051381732003748e-01,4.185172006108064391e-01,1.957296948637423650e-01,5.595903962049385560e-01,2.103510311785820597e-01,5.003698890484351569e-01,0.000000000000000000e+00,6.907003702187362038e-01,7.522372838748554447e-01,6.793094584471550679e-01,7.836814987557705336e-01,4.965720029276092795e-01,5.145433581503238152e-01,7.405936772383063804e-01,4.267860865984873797e-02,2.044359214401714475e-01,6.386001496442144099e-01,7.966774089786726742e-01,3.643018560120684368e-01,8.352039913469753163e-01,7.987560788987054794e-01,3.549583239622062791e-01,5.332194357289349318e-01,5.748559227833828222e-01,6.480749697051273461e-01,4.935628048622769937e-01,1.756417579666339490e-01,4.335211956203695594e-01,2.682839790002534697e-01,2.632417598035738937e-01,4.634973381077776011e-01,6.007486301149069785e-01,2.161169795596659671e-01,3.753216389247191476e-01,2.066716363964857944e-02,2.779129445364301176e-01,5.857631917986243497e-01,6.610217192595752023e-01,6.245629985724383548e-01,8.230727774153170917e-02,5.163713693572409280e-01,2.092625217593917786e-01,2.877417819133579191e-01,8.381026725624987073e-01,6.634264730717490677e-01,5.304612191448078162e-01,7.622920379420710102e-01,6.132076633704784951e-01,5.964715668416187278e-01,7.832143623809822985e-02,8.757229548216509674e-01,5.679251344395488399e-01,7.219693494311827386e-01,2.163210929676200045e-01,6.307087081820481611e-01,4.844995202168536630e-01,7.436825247596581256e-01,5.555917091339759306e-01,7.593240110937411469e-01,4.782737538642997666e-01,5.709886105337534934e-01,7.032299044380152520e-01,3.654380400352848501e-01,7.554694189220126921e-01,8.549169615361733587e-01,2.722063667100623752e-01,2.417987098323075013e-01,3.762810013924103858e-01,2.237580623208389186e-01,4.539597876378265173e-01,2.961497129204223033e-01,8.918377719024974670e-01,3.521853767411612379e-01,3.628035166581018434e-01,3.048939604203059761e-01,4.416560510823923091e-01,5.276065435457728547e-01,6.000102865344660863e-01,2.845211436220179135e-01,7.002284365261335353e-01,6.126831593403607723e-01,7.775278561865307525e-01,3.110764327991912825e-01,2.883752371682696825e-01,3.246302150366763284e-01
4.154075507010833168e-01,7.067212716094585234e-01,5.506604205182844547e-01,5.024965724937298095e-01,2.284468801458677256e-01,7.695611215405877559e-01,6.907003702187362038e-01,0.000000000000000000e+00,6.121576149748987339e-01,2.916898254855908035e-01,2.693704426441422273e-01,7.884438850964077261e-01,4.188399715220100239e-01,5.236704243848924190e-01,6.313841971433903355e-01,5.473238523100161235e-01,8.496164324620030239e-01,7.926992473656825355e-01,2.390080954995947582e-01,9.361704500398532192e-01,6.408056135360579164e-01,2.136736521058528182e-01,5.893279408327029012e-01,3.813869206387400235e-01,5.859097016737379038e-01,5.762652459752789502e-01,5.652512661143122008e-01,5.803509053654187788e-01,5.268972873809889546e-01,5.154334109078360093e-01,2.967727224001011077e-01,5.912047481706081964e-01,7.649854197517137466e-01,4.481581232722890440e-01,7.974658286826172837e-01,2.496920949882883989e-01,4.559555877455884754e-01,4.448265952992014327e-01,9.316204512296351048e-01,5.293321610670684851e-01,2.321116514946933163e-01,2.734850082337784150e-01,8.770881712137700292e-01,2.895684296493446497e-01,5.687370330223804338e-01,6.967346294298502052e-01,5.659713237698669186e-01,4.243482095376285845e-01,2.516710170675175995e-01,4.049088691519778793e-01,6.597790660956205366e-01,6.115998947923595441e-01,6.306409459638930848e-01,4.732146630308013413e-01,9.920814832447362175e-01,4.247485185532226537e-01,3.565431243538371153e-01,7.073908811838932609e-01,4.927303551897503908e-01,7.727138257215865336e-02,5.400581380344184890e-01,5.311140879082745236e-01,6.898997802382851319e-01,6.858568388838331975e-01,6.726349557401193335e-01,7.102780447527020646e-01,6.856493163840062799e-01,7.666410379023974597e-01,3.262379836879570894e-01,6.149324629456193181e-01,4.298887267643321519e-01,5.867839307490144707e-01,3.969994323166222139e-01,5.606338472880145751e-01,5.181852991104032302e-01,9.002949579629663246e-01,5.642515648543326989e-01,5.666482117069908675e-01,7.160618002582701536e-01,3.448953197834555562e-01,6.238619663637067214e-01,7.474358393032152215e-01,3.331096906213794062e-01,2.896433302370726715e-01,7.116364465058785393e-01
6.724999693425633973e-01,5.688363394285264052e-01,7.862242113384321218e-01,7.320201882518817538e-01,8.615095446108710364e-01,8.843999977432018822e-01,7.522372838748554447e-01,6.121576149748987339e-01,0.000000000000000000e+00,5.114798288735188381e-01,9.907355127583451493e-01,4.752832101123423136e-01,5.804103852711981482e-01,5.601673327684395520e-01,7.323466806532780149e-01,2.627426611059704431e-01,2.607457101033794356e-01,6.327860737642378997e-01,6.448803279528626531e-01,8.786791902975882307e-01,6.330580381058843464e-01,7.826716797016608496e-01,4.918655584774792588e-01,6.860340661229881176e-01,7.701600976988844938e-01,5.915681027167962736e-01,6.299197142640111657e-01,5.272097728757542123e-01,7.193033082991155958e-01,1.463229216230934049e-01,4.227808760986060399e-01,5.602585645095432554e-01,2.793284102277563963e-01,6.621714119266356446e-01,5.609493964042752134e-01,6.592414906299526312e-01,2.687816855142640682e-01,2.438150360009594952e-01,4.727268845599758018e-01,6.221210789738500502e-01,4.147510972045825861e-01,3.755222725896049107e-01,8.833751472718068820e-01,7.536628455673084481e-01,8.688262846752764501e-01,3.818196638791740427e-01,7.435205674063229964e-01,7.382156864786493244e-01,7.184906327498220557e-01,6.545752496229196860e-01,5.969522613835273050e-01,6.475219986617964940e-01,5.547065346046824441e-01,4.016243856605019036e-01,7.205768088339138400e-01,6.716833352563464921e-01,7.134733529985268774e-01,7.199056224632123246e-01,9.314412521512016596e-01,1.388393521931161750e-02,6.093742723439171671e-01,4.403424897821374140e-01,7.777028177688882771e-01,7.727382899044799025e-01,4.598359233443710115e-01,1.727275954703224592e-01,6.057099620597486411e-02,9.168416335011883023e-01,2.309379059910887932e-01,9.682575495338227034e-01,4.467525860314318087e-01,-6.380383988842580623e-03,3.984194045779303472e-01,3.599602973645915638e-01,7.718446726675430858e-01,5.478942501512924501e-01,3.499832049060081496e-01,4.291197664456277150e-01,3.038009578408285005e-02,4.758419616542201580e-01,4.970641700586013734e-01,6.371778268523934363e-01,4.976953085549140066e-01,2.153422411377436951e-01,6.641909233828733328e-01
6.447371584126347921e-01,2.920207630760879858e-01,7.969215234929765135e-01,8.804117951720324964e-01,7.332257823696780585e-01,8.655545803747622946e-01,6.793094584471550679e-01,2.916898254855908035e-01,5.114798288735188381e-01,0.000000000000000000e+00,2.554166580938512787e-01,6.508536742533599373e-01,3.244497366839859120e-01,6.614062168405446807e-01,7.845215830669690638e-01,1.668356652001696527e-01,9.850948740087961397e-01,3.000045325995225887e-01,6.434081580029952230e-01,7.335698693083396726e-01,4.331438153347251241e-01,4.478142444283251256e-01,7.489180287349718190e-01,8.050954596121504547e-01,5.564157497283710452e-01,1.205172659557475212e-01,6.908052353029954240e-01,3.818887790787575121e-01,1.352546816651703232e-01,1.924270054889680170e-01,3.121439451816825916e-01,3.227007263276661653e-01,7.316832278452423122e-01,6.964930933875675967e-01,6.666813943693763456e-01,3.617146861570607608e-01,5.024662122194986091e-01,1.665471137297256932e-01,3.194262650499328782e-01,9.861936161455456817e-01,4.646428191553403364e-01,2.927859703266688096e-01,2.453333624816726732e-01,7.671452508776195611e-02,9.084566275338307184e-01,2.470094109098787682e-01,6.522720408667113112e-01,8.430221045739699770e-01,5.327236886603488042e-01,4.665356948163011941e-01,5.881210811495072299e-01,5.781797459732307409e-01,2.431786996491893671e-01,3.445292367028718328e-01,9.737285999657092628e-01,8.936658785906815838e-01,7.828215977878628662e-01,4.251078065461526556e-01,6.680671573398566654e-01,6.895066256182713627e-01,1.900642517250449304e-01,4.637257810134720049e-01,4.848751155012236413e-01,6.275176218598238487e-01,9.805658925479302512e-01,6.389200059768974649e-01,5.519683654101567027e-01,7.896709094039661148e-01,2.540269962731530606e-01,9.975323592263194428e-01,9.827679176365474722e-01,6.430861402249671288e-01,4.510410773241928517e-01,3.224401985389970804e-01,4.425657709912345639e-01,4.624237361519641931e-01,6.478615944549165340e-01,5.107881619322619526e-01,4.061833064509506874e-01,1.092886320335988287e-01,6.988555372820310918e-01,4.135915044545336317e-01,6.634957350728650782e-01,5.168915563192351126e-01,6.294049912071384423e-01
8.345884666761431703e-01,9.867370907459411811e-01,9.158568404369654692e-01,6.623542837259659422e-01,4.575766210674179213e-01,7.424435373330469101e-01,7.836814987557705336e-01,2.693704426441422273e-01,9.907355127583451493e-01,2.554166580938512787e-01,0.000000000000000000e+00,9.775930129817205216e-01,7.267855453396939724e-01,8.581742163318164529e-01,2.084664190188614263e-01,7.748023045156424704e-01,6.718839672407180830e-01,5.436804681621449920e-01,9.134296391268077464e-01,8.517874540128813621e-01,7.400842385496290143e-01,6.691382369520010309e-01,7.143649492661612310e-01,4.508018380223072774e-01,7.553507831527581651e-01,6.122941301798446867e-01,6.414917839031510916e-01,7.755712166497923388e-01,7.947093502750458560e-01,5.193088014156251875e-01,4.469004081902232944e-02,4.289460010741614759e-01,7.597415729496572734e-01,6.590068662920111064e-01,4.679643629058614640e-01,3.692095148717147168e-01,3.116707856502438090e-01,9.177925574278604781e-01,9.292808502074560995e-01,7.289037886221128026e-01,3.168812171722346638e-01,3.565825096818877604e-01,4.498619238324146896e-01,6.648963549357739256e-01,3.113959725927981648e-01,7.923958659275414096e-01,9.032835865358723737e-01,1.050235372626243252e-01,4.059431704326643686e-01,6.497429169294091089e-01,5.530086009569029626e-01,7.397087983912740139e-01,9.130875458283644885e-01,2.816698552173125814e-01,4.889516125696384830e-01,8.757235228041554409e-01,7.771112702137755734e-01,5.231626167077194633e-01,2.601541536368427443e-01,3.001349727732285574e-02,5.074644838727533358e-01,4.722337451751417170e-01,7.986234583386763175e-01,6.230810926613534750e-01,7.186939689541024245e-01,-1.639617483201458448e-01,4.745188696538994999e-01,9.001689042639023919e-01,5.891497689087950018e-01,7.198972152569655947e-01,6.291404328022794923e-01,7.939987383159977652e-01,7.097083649020696772e-02,1.046062101594887328e-01,7.016824160366336161e-01,4.164806164791989285e-01,4.123062332806115560e-01,4.421454487840948411e-01,2.443468149816189761e-01,2.181903285209993437e-01,3.610450655790130026e-01,8.516930484690982128e-01,9.878998272525623126e-01,1.509057696053556219e-01,6.361972750264852650e-01
7.140195229052773707e-01,4.580353117236772853e-01,7.730514920296963632e-01,9.091325632462164963e-01,9.968991816098622394e-01,8.314484637198517047e-01,4.965720029276092795e-01,7.884438850964077261e-01,4.752832101123423136e-01,6.508536742533599373e-01,9.775930129817205216e-01,0.000000000000000000e+00,3.249368045884273304e-01,7.360460490892850594e-01,4.855930913234816071e-01,8.075583482596053742e-01,3.858853085523693549e-01,6.536342853274289544e-01,6.228512553690477294e-01,2.991107803158904455e-01,7.010362264511112995e-01,5.531692092786695270e-01,7.916094384491587643e-01,2.743689766728918955e-01,3.128262952898268612e-01,7.691653804920329796e-01,6.584107625984993994e-01,4.947799198304916324e-01,4.997298504171777678e-01,4.454323874040692632e-01,1.648741543022398115e-01,2.959920624245466758e-01,4.363116420895670755e-01,5.005179176338017122e-01,2.010496438961567323e-01,5.366934446569952000e-01,4.440606688250228751e-01,5.773113820833098986e-01,1.364589505307672312e-01,9.695220536466815364e-01,8.720733879240920583e-01,7.660943719710866517e-01,8.359408451497448711e-01,3.398666729949707532e-01,3.125867628976763402e-01,4.393470424441155986e-01,4.182232433754561329e-01,7.564745753980822718e-02,4.100659034871541042e-01,6.562142643862739488e-01,7.667350009122756438e-01,7.234478098800266599e-01,9.937120572796072082e-01,4.175169049737311178e-01,3.004615579638492129e-01,6.192489195788432044e-01,4.589979766305271047e-01,6.384803347401308837e-01,6.958144005904278728e-01,7.351728346734307529e-01,7.690800878230319437e-01,7.627131463431834346e-01,3.664539714687824468e-01,6.712245116121072774e-01,6.796160356656328894e-01,5.647154375104294077e-01,7.728908831484532227e-01,6.289242558628281854e-01,1.632387736550854063e-01,4.092445184612906184e-01,8.664555723349374183e-01,7.989416336709929123e-01,1.951735349176796919e-01,-3.589981639937483981e-02,5.955858873742716497e-01,4.376947455053623592e-01,7.809977726883658988e-01,5.740313659072284747e-01,3.698751044181642911e-01,-1.051964922732638863e-01,7.235268145375394200e-01,9.864272217913161445e-01,6.700426809926740557e-01,6.023754348664888125e-01,7.332805197821095078e-01
4.048748550970572291e-01,6.550259872676291728e-01,6.952109174243689127e-01,5.465613588258549926e-01,7.122381979499788907e-01,6.733493157389860428e-01,5.145433581503238152e-01,4.188399715220100239e-01,5.804103852711981482e-01,3.244497366839859120e-01,7.267855453396939724e-01,3.249368045884273304e-01,0.000000000000000000e+00,2.740047868876798742e-01,6.282410507008782119e-01,5.065984850829277075e-01,7.991891696079678198e-01,9.256759461189709715e-01,7.894710109378632046e-01,4.218430148354750386e-01,9.162820113201928240e-01,7.561684227616861653e-01,6.728717681568996412e-01,9.873394879607431118e-01,7.652618671043646126e-01,8.337705097139682664e-01,7.944207472717510488e-01,4.060798230465028080e-01,1.496783955268103095e-01,2.292808423122098538e-01,5.404596124933305767e-02,6.229750814577919016e-01,9.067198222583641165e-01,7.128384448191860123e-01,7.652000436891774893e-01,2.958746783219535770e-01,5.896053819597224521e-01,7.676835448126704264e-01,4.912427325106127340e-01,2.943275636808473927e-01,4.147511680765540998e-01,5.689363014688588738e-01,6.339592291482702979e-01,7.841154039995226199e-01,8.108136860519034039e-01,8.398590657035366336e-01,7.179342833517142752e-01,9.382021354228931020e-01,6.605593668614517799e-01,1.570109314885356766e-01,6.871439745159668711e-01,4.667333015542276531e-01,7.716654235337296885e-01,7.904516024702257226e-01,6.292295005138979214e-01,6.504668052052173799e-01,7.398119852563304066e-01,6.224070831792218872e-01,5.815407936523332433e-01,4.909611157102862222e-01,5.994888897569110586e-01,4.160138632525934299e-01,2.138401489044077786e-01,5.862461403584875441e-01,7.696410805288922408e-01,4.149303460990014791e-01,5.799692660251380971e-01,9.238524965265132449e-01,2.928940692781663580e-01,1.606073307982064102e-01,4.278511814231760191e-01,5.473102226315771368e-01,5.967799201396370989e-01,1.448078088951077480e-01,6.620177463788460281e-01,5.239282077787137393e-01,6.709015786957059913e-01,7.581271011253228886e-01,6.302067453274866615e-01,3.626232044904140750e-01,2.735626922385602788e-01,6.570952783140162623e-01,6.030540514702863453e-01,2.558331052355486412e-01,6.935548976601612070e-01
5.129783515381109993e-01,5.183674051178962516e-01,8.879066165412489164e-01,8.341191380050783089e-01,6.782793676907277192e-01,6.406131463073814203e-01,7.405936772383063804e-01,5.236704243848924190e-01,5.601673327684395520e-01,6.614062168405446807e-01,8.581742163318164529e-01,7.360460490892850594e-01,2.740047868876798742e-01,0.000000000000000000e+00,7.239034658066562100e-01,5.220704251431562692e-01,6.214399479748484723e-01,7.061870737506421580e-01,2.684422457269485252e-01,4.514971826283806777e-01,3.393053168702065414e-01,8.953165503311959483e-01,7.379122620920059994e-01,5.817594813533910614e-01,7.467463530422053797e-01,9.757470571409703197e-01,5.262045938918882282e-01,9.102824883669263789e-01,6.736492127972164567e-01,1.355690722489828193e-01,7.405527476994397951e-01,2.230933072289872088e-01,9.198859404907728798e-01,6.265381364895002969e-01,7.447050658703511239e-01,1.032668247920908028e-01,1.259470371726367499e-01,7.336878148038672443e-01,9.208844836131984124e-01,9.640434373448864003e-01,2.369810796708937961e-01,5.886035096358481766e-01,8.891340805157972316e-01,6.486804689912297750e-01,7.955783050257032585e-01,8.801945547721015117e-01,2.963770403031970035e-01,7.393912437159618767e-01,3.801976275186423337e-01,7.939731182008676891e-01,2.578248466342601408e-01,4.316236489859863190e-01,5.615289291326106547e-01,7.033287247957220600e-01,7.391515199740659181e-01,4.730898708860377666e-01,7.025403421527497416e-01,3.765709637713542390e-01,7.470674337037539470e-01,5.008055048919948793e-02,2.778952268767344580e-01,8.743176721332694967e-01,7.770660384397960474e-01,6.709612987067463674e-01,4.768357123655517782e-01,9.151613067652840661e-01,5.029377849872135320e-01,8.498375044608689199e-01,5.369654960054566217e-01,2.444206892402459863e-01,8.247367849908183723e-01,9.878690616607068709e-01,5.038705576014603782e-01,-3.272020246118598763e-01,7.149391328213077212e-01,4.670810603595879629e-01,7.946711509924221373e-01,6.297890313730684086e-01,5.146784029825747231e-01,9.995164847140769471e-02,4.556035826291457425e-01,4.960905620017086459e-01,2.971355393287929414e-01,1.616497218501657118e-01,9.477788859788356390e-01
8.530104904445684477e-01,9.684915554125873571e-01,8.293857303060864217e-01,5.858728241776230972e-01,5.911243712162341790e-01,2.154174019437913035e-01,4.267860865984873797e-02,6.313841971433903355e-01,7.323466806532780149e-01,7.845215830669690638e-01,2.084664190188614263e-01,4.855930913234816071e-01,6.282410507008782119e-01,7.239034658066562100e-01,0.000000000000000000e+00,7.885097443778027460e-01,4.596393969123392931e-01,7.298470194171249315e-01,6.209926940780279292e-01,4.127241508336370046e-01,7.324890945348252469e-01,2.746293172132259208e-01,7.309064975391725838e-01,7.030225604633910663e-01,5.029120922222826140e-01,5.499228090101215827e-01,6.364725843691388940e-01,6.152225427881424791e-01,3.459142357261757450e-01,3.955192116418334014e-01,7.861490449173039741e-01,3.559053366811012475e-01,4.678369008791354866e-01,7.495876106146126538e-01,2.915567231281799288e-01,2.991784808969659704e-01,4.725535205426111829e-01,5.027545942350241104e-01,8.436508450293771499e-01,6.554300352813757780e-01,4.799870333473771900e-01,6.345192710690021887e-01,8.811695726600694556e-01,3.879292700096519386e-01,6.690747503198003487e-01,8.516067953779087318e-01,4.143242404129782730e-01,3.084676306902808252e-01,6.880045107019696626e-01,5.007654120747936366e-01,6.422209909905636227e-01,7.738446277150259345e-01,7.720886562211267679e-01,3.581182789598993388e-01,9.083605658566522578e-01,4.851900025792345028e-01,6.144836723102735654e-01,1.877383365739042700e-02,3.776774104138018728e-01,5.818182077848496059e-01,7.626247711274150021e-01,2.216121357748289111e-01,7.791849721391854722e-01,6.880927914708998561e-01,7.645075714905640307e-01,6.639348310684602961e-01,4.550110062528167632e-01,9.679094441268587534e-01,5.028115661530658809e-01,4.268868153709385327e-01,6.730869722913892517e-01,4.796473606019666103e-01,7.991038731282997798e-01,4.690521215208533490e-01,3.701780923819935065e-01,7.786491168011027142e-01,3.561835229475217579e-01,4.758479640377552555e-01,3.238454766698235510e-01,-3.641742395437054802e-01,6.237328829193093949e-01,7.027237142870359499e-01,8.224496134578052065e-01,8.645925530550285787e-02,4.615590343612362978e-01
5.634350580802829356e-01,6.796604247326976100e-01,4.572729864660632360e-01,7.800653227326133088e-01,9.273284022812805505e-01,4.015902927899023256e-01,2.044359214401714475e-01,5.473238523100161235e-01,2.627426611059704431e-01,1.668356652001696527e-01,7.748023045156424704e-01,8.075583482596053742e-01,5.065984850829277075e-01,5.220704251431562692e-01,7.885097443778027460e-01,0.000000000000000000e+00,8.192033175546666879e-01,-1.708044440100071060e-01,4.104907473693740760e-01,4.280145010157924146e-01,4.699940704434821259e-01,4.444185803082243980e-01,3.066612877102671275e-01,8.326994578370530142e-01,5.731036675172784811e-01,5.966622282534617128e-01,6.099960426355398591e-01,1.222449055210997754e-01,5.891825634868197437e-01,4.737758495682269921e-01,4.639339517884785158e-01,8.842746269552426153e-02,2.321405396849090808e-01,8.986189163287816584e-01,5.213011822122421979e-01,2.448195671674886498e-01,1.695225193334128910e-01,-3.156331815476059455e-01,7.787954309914147943e-01,7.404760476047996809e-01,2.950939057814836453e-01,2.255716999997585681e-01,7.474913638780003033e-01,2.134224245296554578e-01,3.745239885710004435e-01,4.192938806149489328e-01,8.977886241705154147e-01,6.917519563065637200e-01,6.381868815088459490e-01,4.531615392695842459e-01,4.032263173636025377e-01,3.135239713813406937e-01,2.330221183188659340e-01,6.020133446686262157e-01,6.041125075944097089e-01,5.655776426936818257e-01,6.021691818906124150e-01,2.633308912343820252e-01,4.190359601028437186e-01,6.255649391535191839e-01,3.292312340059413422e-01,6.120687254157057833e-01,6.074439774511187773e-01,6.447770939672088364e-01,5.549853593167023424e-01,6.644650778492796617e-01,2.165303293910372795e-01,7.896816414651821603e-01,3.897789442956046124e-01,3.512930172505660531e-01,4.635427127960088933e-01,4.523110048915071069e-01,3.655868789481321324e-01,3.208878591706595951e-01,7.375505506318830173e-01,2.446486731431261330e-01,6.983157993616223580e-01,4.662335012460904204e-01,1.583451455740105540e-01,9.539131742650215628e-02,6.524650162805484266e-01,6.056000209994628625e-01,6.544049870743303687e-01,5.593526337238020618e-01,5.503031278740813104e-01
7.713548792006055255e-01,6.384374451713784593e-01,6.898074709278719796e-01,6.974163016366755619e-01,5.730762502070595454e-01,9.351829287521451484e-01,6.386001496442144099e-01,8.496164324620030239e-01,2.607457101033794356e-01,9.850948740087961397e-01,6.718839672407180830e-01,3.858853085523693549e-01,7.991891696079678198e-01,6.214399479748484723e-01,4.596393969123392931e-01,8.192033175546666879e-01,0.000000000000000000e+00,4.685939013075218762e-01,5.102906807306083481e-01,4.364737873209330044e-01,8.742007893763619197e-01,3.078474244007264882e-01,6.974772888069101784e-01,7.800931123752594676e-01,1.804392137858661926e-01,8.246313904439572795e-01,-1.282544351965821949e-01,9.077606077971139831e-01,4.725942575143223801e-01,3.623839460826266401e-01,1.863462987146528027e-01,7.374977370050201930e-01,6.509654541648225434e-01,7.768256337563910208e-01,6.295957769032429763e-01,2.149437342803057205e-01,5.163673033087581299e-01,6.266306241676874444e-01,6.187796687938161844e-01,5.248834305739832340e-01,6.440924537849334053e-01,6.748444277383893741e-01,2.991814173149075495e-01,8.367210771284504522e-01,7.893992826775342309e-01,9.799666077711941536e-01,6.020887062352437979e-01,5.959844660305719799e-01,4.683242695784314291e-01,9.671955017262845455e-01,7.147491648114396856e-01,7.745484193436673603e-01,3.866061085221197402e-01,4.581893128883144373e-01,7.211000272432284142e-01,4.571543844320590244e-01,3.192718350272937822e-01,8.011871755721773347e-01,9.468249767072778322e-01,7.063010056526310976e-01,2.194090113463059710e-01,7.108646476641199419e-01,4.714755445828455738e-01,9.359240526745791211e-01,5.310863334247383216e-01,8.232282210752546181e-01,1.165066118082283969e-01,8.957518100845099918e-01,7.987531329908292843e-01,7.012899778207659640e-01,4.634517493580378455e-01,5.039821282624739052e-01,5.839416167865305596e-01,1.232701166036280355e-01,6.931453091129901045e-01,4.064496273899521617e-01,5.368002008897106991e-01,7.911901555861413637e-01,2.125093380523892239e-01,3.265033553319411919e-01,8.750196628069475402e-01,8.724190871495861588e-01,5.098828965714823358e-01,-3.764182486117652604e-01,4.196780990474956452e-01
9.087044651792691718e-01,9.140913105476725642e-01,8.335261438665906297e-01,4.154012647286247084e-01,3.597876972923381711e-01,3.275551691430100831e-01,7.966774089786726742e-01,7.926992473656825355e-01,6.327860737642378997e-01,3.000045325995225887e-01,5.436804681621449920e-01,6.536342853274289544e-01,9.256759461189709715e-01,7.061870737506421580e-01,7.298470194171249315e-01,-1.708044440100071060e-01,4.685939013075218762e-01,0.000000000000000000e+00,6.904277905502437251e-01,8.734516993282164243e-01,6.480670267621783109e-01,7.012070165325351434e-01,6.672151583204863901e-01,6.734345994489678855e-01,2.289854835533372268e-01,5.246363000414266953e-01,7.685136382381503317e-01,6.915447490026136457e-01,5.587874767558421718e-01,1.444268629902618339e-01,2.850966686080424473e-01,2.864122253629681758e-01,9.082882510342443760e-01,6.583618402327968688e-01,4.755338920548666803e-01,3.669534681032880497e-01,4.095922664517677170e-01,2.627948594214073522e-02,6.141329019108363596e-01,4.269168336682561127e-01,4.342239680069844843e-01,5.242869689543119271e-01,7.976658526485749245e-01,1.030686670627723456e-01,2.599513454213192021e-01,4.589785197354989688e-01,6.438845766774191626e-01,4.531017380379570025e-01,3.444560694724840277e-01,5.161545948134426132e-01,3.893483938178470688e-02,2.367883819548098900e-01,4.279435370631649027e-01,7.077089740160642517e-01,5.770672126590337125e-01,4.213056452447768163e-01,4.017049791665107117e-01,7.821307647512881767e-01,4.993320494548603161e-01,-9.965130828982339539e-02,7.899953347772827872e-01,6.199305407883948238e-01,2.760870468812039458e-01,8.432536278707579713e-01,6.568019438719803205e-01,1.775132757717173826e-01,7.195796686772355510e-01,9.506400225646912672e-01,4.566655235956268988e-01,4.535410711940554562e-01,7.651389731690492191e-01,6.026081641309765091e-01,2.825878546400121261e-01,4.670141954046784782e-01,7.826675180338331650e-01,1.961489401293374513e-01,3.912188403454928132e-01,6.388219799119294606e-01,3.185118326460280591e-01,1.812151296890130991e-01,5.686835327253288996e-01,4.045690078614738172e-01,8.158047880981397215e-01,1.535197108733495908e-01,8.896987349820381086e-01
