0.000000000000000000e+00,7.484401382177775508e-01,5.343415354292940789e-01,4.454826295275202130e-01,8.728774954558203847e-01,9.956200670684509646e-01,6.790204401040340620e-01,9.663867093939744191e-01,6.254724106639903969e-01,7.602564994295493150e-01,4.967720607234004659e-01,4.993915327134856308e-01,9.493052036399475258e-01,9.617125448790244668e-01,4.298131027175153829e-01,5.678643965760613588e-01,5.372003160358957974e-01,9.321572858585776000e-01,8.137107190763819276e-01,6.040486132489838456e-01,7.494991882036299291e-01,6.951761846378706755e-01,9.564564379398590166e-01,4.681444971450494097e-01,9.746086572979065776e-01,6.954743875179771884e-01,7.017129165789717238e-01,6.684267310316830413e-01,7.126484944008938394e-01,1.783144173078030775e-02,4.248763631975730481e-01,8.334985248440701655e-01,8.145536748762449708e-01,7.301543855296604990e-01,6.905316895774507024e-01,2.267153142208155336e-01,3.051220319142218529e-02,7.224331292218528766e-01,7.794888731527680470e-01,8.133712606597538475e-01,2.485611765832218822e-01,9.333033842451695650e-01,8.907146736222045780e-01,4.226486544990568639e-01,7.682717636886609025e-01,4.747196640459003247e-01,4.068719346469402698e-01,4.251981487164211426e-01,7.341984614288974420e-01,6.779505413717030748e-01,9.875889022776069837e-01,8.650127653268702144e-01,7.598323970983468234e-01,7.393969326950660115e-01,2.474670349060565377e-01,8.411615208478918637e-01,4.410583837871618340e-01,4.268877208654147659e-01,9.868042535409758953e-01,6.172503681261040098e-01,5.750679150951758523e-01,7.454645499330332659e-02,9.124459788177265995e-01,7.039402537154020312e-01,6.032143991003334760e-01,6.797809244721786381e-01,6.155872333670346919e-01,4.710702149262695482e-01,7.559933886439700323e-01,8.396319604246769153e-01,6.098624768173696031e-01,8.887125924427339285e-01,3.409565488379310283e-01,4.738478600717395128e-01,7.862206348625309094e-01,9.709974345343647117e-01,9.920573623839201716e-01,6.019155845730392862e-01,7.764230040125441601e-01,4.318218143431575839e-01,5.925167456425847190e-01,8.370710169036065240e-01,3.711037136441867057e-01,5.188228444400611039e-01,9.177926013619431833e-01
7.484401382177775508e-01,0.000000000000000000e+00,9.487199308072753468e-01,6.914005528944073831e-01,4.873495930466284487e-01,5.739404061850890137e-01,5.714074126868105008e-01,2.611600751804874498e-01,4.947990658596170821e-01,4.465367290524551724e-01,8.575915371373018514e-01,7.519374178896520711e-01,8.840659787378978285e-01,7.423728234980033758e-01,6.939861730043658250e-01,9.245851492503828206e-01,5.309802292435132909e-01,4.572487474955699294e-01,5.439284936820385497e-01,8.190442503432356913e-01,8.475985539751031972e-01,6.282116191880068312e-01,1.162491613383024314e-01,9.040927859085116092e-01,2.716299680687752072e-01,4.151309697598085657e-01,8.101191079698284447e-01,8.389340054712947081e-01,3.230677181347423321e-01,-1.971148078515078672e-01,2.019823931319839061e-01,4.134566350588263495e-01,4.826552334719373394e-01,1.368439442709716569e-01,5.481362537664467016e-01,6.319717010669836377e-01,2.376800631281469900e-01,8.306794675654221027e-01,7.034877708181421774e-01,4.980313941015015455e-01,1.560834197322360506e-01,9.913725713136622986e-01,8.622128451542432348e-01,6.904082537171478406e-02,8.078412797645364574e-01,7.609300402838841126e-01,4.270019761502867328e-01,6.420418570452263163e-01,5.550272965685789650e-01,2.253195129466943614e-01,7.710536694168917959e-01,8.779610727497735301e-01,7.813431884693541329e-01,5.980844505743896367e-01,4.901009014854089685e-01,6.437664223653789541e-01,5.869387140946329406e-01,5.790200506127348712e-01,7.406947858819911135e-01,7.916563821297516457e-01,7.171626833171894644e-01,7.104436258491919620e-01,5.765148332572026524e-01,5.238042404842737643e-01,2.323772397772007337e-01,9.171587743189544284e-01,2.882643144980190919e-01,6.527915454065443823e-01,-3.499937729937885322e-02,8.291658396023220412e-01,3.791945156508967907e-01,7.983759666116154730e-01,4.496203644612795647e-01,3.534944231714570728e-01,5.592721549659482871e-01,5.801004566023337805e-01,5.304061689707310068e-01,5.605907400268583807e-01,5.510915059938096272e-01,5.389549343386382252e-02,6.599423663894768977e-01,9.780974532502447749e-01,6.694309292145306234e-01,2.237687005509569338e-01,3.622862098471037878e-02
5.343415354292940789e-01,9.487199308072753468e-01,0.000000000000000000e+00,8.983169524893490632e-01,9.799839768385079086e-01,5.207566110329313602e-01,6.168894426530321384e-01,5.299890660676258580e-01,7.328988510743877915e-01,6.302679511456158457e-01,9.920446271975160712e-01,2.370410940081094653e-01,7.947049514799295888e-01,4.373703885361458488e-01,6.749963109310294085e-01,5.598979214170084484e-01,9.063878592036074267e-01,7.066861873267955563e-01,5.118302917447729028e-01,4.971495501666873817e-01,8.190237437465860415e-01,8.493957596839646351e-01,4.946713994869485487e-01,7.548236584817594741e-01,9.322580583506089313e-01,5.619089948885480634e-01,4.133895087374114818e-01,3.845278347577011369e-01,4.861908793790677974e-01,1.318840287226075436e-01,4.544244306496976471e-02,9.445042269274335212e-01,9.494186693056407833e-01,9.576585594477272645e-01,6.952745512746378864e-01,2.690995088367497678e-01,2.865092265758673040e-01,6.860471005413598666e-01,4.637679216504642654e-01,8.735847383333662508e-01,7.988802256178035854e-01,9.674189943127071700e-01,4.740382153001670984e-01,7.592197560628763942e-01,5.985332424543783336e-01,9.149465917703468731e-01,9.632549277283634082e-01,4.930703846674022173e-01,8.762638577219300506e-01,9.818603735035815738e-01,9.441842263116236866e-01,7.361739148891506268e-01,9.555028210214456807e-01,9.877852097911918872e-01,8.612426873339774636e-01,4.359935609456285777e-01,7.112516014073338999e-01,2.048130571642175213e-01,6.580582787223918650e-01,5.147016367121736158e-01,1.773742085415246431e-02,8.179045903641155579e-01,8.888681838542544789e-01,4.634776321637796292e-01,8.668957680551199196e-01,4.331654788723426908e-01,1.471802781782679537e-01,8.303563276741531274e-01,8.276724340453548434e-01,7.912426325336032740e-01,6.367515629944102695e-01,8.184971983303316323e-01,4.383315676216478773e-01,3.850822453472925178e-01,2.559602432648426795e-01,6.107835107827738197e-01,8.296330217048011324e-01,9.813252902562882296e-01,3.330097899258880334e-01,4.539799535802632735e-01,7.999458319385264193e-01,7.105184052165114394e-01,7.421146763872936702e-01,6.496833943652191579e-01,5.639088261532376745e-01
4.454826295275202130e-01,6.914005528944073831e-01,8.983169524893490632e-01,0.000000000000000000e+00,9.530508315099366357e-01,4.218654006471234119e-01,6.517881445072133406e-01,7.651107332131998895e-01,8.441921127841378603e-01,7.975279579352196890e-01,4.099509269983602211e-01,7.644436377868217836e-01,6.487543385453783396e-01,8.532329235001343548e-01,9.635016108433612780e-01,5.263010875905462793e-01,7.514327157809519431e-01,8.135690355956947117e-01,7.790577429811974125e-03,6.229890658960297589e-01,4.979066185589828275e-01,4.791527413449034323e-01,4.941255813198487390e-01,9.370803087827629385e-01,2.644989015889989137e-01,4.405957634485018759e-01,5.128671896895595772e-01,7.304523210302028557e-01,4.967068373418858096e-01,4.647496392297471579e-01,2.174174845652450672e-01,5.496882668248523895e-01,4.936243039926598297e-01,5.204308463284031960e-01,7.005195962423713674e-01,7.259538216425286405e-01,9.186280565282721466e-02,9.294461066122620130e-01,9.759740732906714289e-01,6.471595176632286561e-01,3.282494188319847739e-01,7.589736233096688878e-01,9.953388941506254861e-01,9.917378803668114307e-01,9.743799450620749258e-01,4.031441488006426432e-01,5.436890757126884299e-01,8.984003221273920703e-01,7.287836985247021504e-01,5.232714385430470294e-01,7.139910040808318259e-01,6.323251530259631492e-01,8.659850995745083102e-01,5.125212025704753982e-01,4.101470751628653599e-01,8.645408779099654772e-01,6.944627698370001712e-01,4.909152110426069637e-02,7.068831730697642257e-01,5.514119050376032893e-01,6.964365048557945581e-01,2.984230707861110776e-01,7.838879625225317893e-01,9.610691795627472889e-01,7.192427183869275487e-01,6.267692916204361531e-01,6.627998788857105694e-01,4.305500567520443300e-01,5.859127267113996007e-01,5.684197226777850664e-01,9.917070539316662492e-01,6.774493091242067555e-01,3.366614552622742007e-01,2.765526131259266052e-01,6.379334508702323436e-01,5.457913426771264787e-01,9.864623893166221125e-01,5.415528189357017297e-01,4.462665366926197863e-01,-1.623842573730241434e-02,2.582617527220805176e-01,2.790453503190749029e-01,6.716470751922565263e-01,5.669773015122255844e-01,2.080873601615952362e-01
8.728774954558203847e-01,4.873495930466284487e-01,9.799839768385079086e-01,9.530508315099366357e-01,0.000000000000000000e+00,7.978062960706413520e-01,4.882417960242637078e-01,6.684681466195376842e-01,7.173703110024797214e-01,2.299745288110689734e-01,4.225812186967463080e-01,6.712322695098560388e-01,3.055463569233750620e-01,7.448776019933419645e-01,7.172461499441004085e-01,6.938963662607465777e-01,4.917910417804867707e-01,9.856408002178443928e-01,9.145715382418315720e-01,6.376772219449698964e-01,8.062408320099202497e-01,7.853402422286620554e-01,1.383468795756057079e-01,8.355135822238868304e-01,9.563482725209988544e-01,4.860188369570653810e-01,9.255586648977063291e-01,3.566992632291619003e-01,7.617207538725629945e-01,-2.098492148004937607e-01,3.208199581086360608e-01,5.876342049236431553e-01,5.162033181039058505e-01,7.115347404201733950e-01,3.216811575737786311e-01,2.509155769779553014e-01,3.192711710115102575e-01,4.507303497715694496e-01,9.161103036088945606e-01,2.416192377767768795e-01,4.262065567772128916e-02,8.793646343799115250e-01,9.350213170626044956e-01,7.534068150256216789e-01,8.680393675286017796e-01,7.637781260298273089e-01,6.924383787687723446e-01,6.813761741068753430e-01,7.424803238921684478e-01,6.443053818379363973e-01,5.682116323689734294e-01,2.654137202650498351e-01,8.312934011412519419e-01,9.162429070042955592e-01,6.317814664507058753e-01,5.826254912427503152e-01,4.048879919628892710e-01,8.695723578246099539e-01,4.267907916759263176e-01,7.586019652425388671e-01,6.191569777093637317e-01,6.033642123210409824e-01,6.156921758975640868e-01,6.120453242966041874e-01,8.565699491148636158e-01,8.160400641171442482e-01,4.877711983294674702e-01,9.498736246620241852e-01,5.934863465825642725e-01,2.085320663198060864e-01,2.831440018538103343e-01,2.746553418483971276e-01,2.460052425714751023e-01,2.734429791136193666e-01,5.863722429736617503e-01,8.471077576517436203e-01,3.033163401192460334e-02,2.073639139846561452e-01,4.131308384131828770e-01,5.665971414034929321e-01,2.264428175618561079e-01,8.086017911232511457e-01,3.989760866814034274e-02,-3.162270250580234698e-02,9.660971001650263679e-01
9.956200670684509646e-01,5.739404061850890137e-01,5.207566110329313602e-01,4.218654006471234119e-01,7.978062960706413520e-01,0.000000000000000000e+00,6.143520094521516262e-01,6.111839001511484293e-01,6.645891489538232610e-01,6.283838534696526423e-01,2.276844764989574554e-01,2.298820845183479067e-01,9.895188277762430040e-01,5.629926360729603507e-01,3.350267895371635829e-01,8.489084296579727518e-01,4.744766189368482268e-01,6.552854766761646577e-01,7.717913149818508289e-01,5.601919536532663502e-01,7.750960802059313481e-01,6.066894588297427893e-01,9.487633467862796044e-01,4.309598055203961442e-01,4.052705940489821357e-01,2.665108461560919961e-01,8.191745806754116010e-01,8.742934477830587303e-01,6.742253160521459454e-02,3.317170092928126701e-01,2.366656101386726829e-01,3.681686625713697092e-01,6.996014504439844739e-01,6.665670565030547001e-01,8.432607427730380856e-01,4.258902141688228338e-01,1.337587555909023340e-01,6.858157894218699369e-01,7.143231187400490567e-01,8.086547001221398023e-01,2.335670291929938525e-01,6.109821017514857067e-01,8.886876006533602768e-01,8.234642659501245632e-01,5.625249125697184827e-01,6.455452607258683750e-01,6.036576644764600763e-01,9.161227496970802964e-01,1.624216525863249327e-01,3.347856954157629739e-01,5.235022867529890434e-01,7.330911772870735144e-01,6.067786352983318698e-01,4.153766218271957023e-01,4.359877138602237800e-01,7.322922322059860489e-01,1.288523748197696328e-01,7.263404271283151470e-01,6.282663509341450681e-01,3.287397267114043897e-01,2.910745694130756345e-01,7.437914613085692128e-01,4.566255254472472713e-01,8.975111633074509543e-01,9.098693959230663708e-01,6.075342127256513347e-01,8.504750470251749572e-01,6.924367988327303491e-01,5.997370295706876409e-01,6.393636275765838262e-01,6.752625849276183700e-01,9.225477150462028098e-01,7.799328721189820179e-02,4.741304166573184764e-01,9.296656546749259009e-01,8.765942551911114489e-01,9.856952144274099270e-01,1.402251782396884139e-01,5.906207008097970057e-01,3.606563453285326348e-01,5.507236381326989783e-01,3.278587804762564950e-01,6.043318632021448256e-01,5.066287164868028547e-01,5.800576769240483044e-01
6.790204401040340620e-01,5.714074126868105008e-01,6.168894426530321384e-01,6.517881445072133406e-01,4.882417960242637078e-01,6.143520094521516262e-01,0.000000000000000000e+00,3.511112077311185908e-01,3.002973081737988492e-01,5.044028986914501633e-01,3.188982114522929678e-01,2.607344103014108683e-01,6.361231186617014588e-01,4.554570786495752421e-01,4.225792969450885561e-01,7.908916169584561118e-01,7.023092144866073250e-01,1.522773280969644816e-01,7.802671713841519141e-01,3.418429524788023643e-01,7.229966294704803786e-01,4.522137068896019962e-01,4.022937405113514719e-01,6.608814742713402524e-01,9.800295981276672119e-01,5.396299495362526510e-01,9.121542026256033997e-02,2.037880841338672866e-01,3.199825511974343506e-01,6.340492338985871390e-01,2.090628640844452990e-01,1.450658352241735172e-01,1.124267496472897421e-01,4.026865090879910847e-01,5.312574606786208964e-01,1.386165643438395934e-01,3.415103799443670596e-01,5.365964745639000277e-01,9.919044029589738631e-01,6.154498159289530923e-01,3.180906228288837290e-01,3.709469194107820611e-01,7.335526495624026255e-01,9.738735770024196103e-01,8.827036940253957242e-01,3.814581342580528611e-01,6.652089435660402117e-01,3.250399050054676442e-01,3.179100991891080641e-01,3.662114013555856640e-01,2.223203338555000408e-01,2.368853522359009034e-01,4.583843206409747295e-01,3.416209991720443595e-01,7.951872285632595183e-01,5.393091962245485371e-01,6.920887600124462358e-01,6.519482541439889367e-01,7.676780161716554307e-01,5.989348880876976811e-01,6.152688145604834347e-02,5.191907369450030618e-01,3.483343317370844044e-02,7.086860294062127252e-01,8.481377475940466981e-01,4.176272253574495052e-01,1.109693420764072957e-01,7.634080644125648130e-01,7.457579460417328443e-01,3.304115543951686718e-01,2.330751262240541022e-01,3.807313189655625596e-01,2.375990528956148373e-01,3.360789023246870677e-01,2.528998121703309732e-01,6.841952366865543533e-01,7.826925653248764103e-01,3.069940929990431222e-01,-8.715764086317491499e-02,4.848457562575564372e-01,7.903855493300857571e-01,5.214371860040339923e-01,1.669632385755364656e-01,2.021796783211711190e-01,6.865999431970373212e-01
9.663867093939744191e-01,2.611600751804874498e-01,5.299890660676258580e-01,7.651107332131998895e-01,6.684681466195376842e-01,6.111839001511484293e-01,3.511112077311185908e-01,0.000000000000000000e+00,5.569380493205902116e-01,4.291423106999975312e-01,2.516517673846061509e-01,1.727214297752500960e-01,9.460696018343666136e-01,7.773046064901689700e-01,2.166689063970536899e-01,5.635067828114981303e-01,6.536874695908336808e-01,4.144365035406295528e-01,3.609208300662392066e-01,7.548394285041770679e-01,6.947765699885694035e-01,2.886405204682785386e-01,-7.147199814203408774e-02,7.114526529809208633e-01,2.279956858264017006e-01,6.799388125795479132e-01,-9.670776373253169023e-02,5.341309794503867892e-01,4.685898504237945850e-01,2.499362624592734172e-01,5.907590558107249645e-01,6.672493869022078083e-01,5.576736815471386999e-01,5.630181089569310515e-01,8.371301300481203134e-01,3.666295769853781250e-01,4.538474477370414983e-01,2.036690330358566225e-01,8.705906340717739500e-01,5.129727357624381812e-01,7.893579919217805774e-01,6.979297893121372276e-01,7.855474283959607007e-01,6.235059772370075137e-01,8.542904495478160776e-01,7.305130885965316345e-01,4.195439576301947526e-01,5.778998463945901332e-01,7.340636850355437559e-01,5.419943299069522880e-01,3.046788220300740146e-01,2.369168527295949789e-01,5.473892342119839327e-01,5.124538842525330207e-01,6.400984789871833058e-01,1.686585208270977021e-01,6.979452381978623610e-01,5.823195562498800770e-01,7.952119578936178712e-01,4.941362871660453376e-02,4.820541372302492578e-01,4.775804768366475606e-01,6.489161969231149740e-01,9.358980008954862484e-01,9.208206806265295530e-01,7.897334760354639549e-01,6.790663809011836527e-01,5.690719713825803661e-01,7.830245565196849444e-01,2.087766376779356947e-01,4.473188620851450970e-01,1.753525328155949303e-01,3.680587793915753858e-01,5.293180369017568276e-01,5.429234671139036017e-01,3.300260371938258941e-01,7.078683747101421897e-01,7.522067495696965755e-01,7.141434626900673432e-01,3.139799073087419234e-01,5.995509351378310869e-01,7.033075450429958630e-01,6.821400977039735469e-01,1.968281515118602276e-01,4.865096378610516553e-02
6.254724106639903969e-01,4.947990658596170821e-01,7.328988510743877915e-01,8.441921127841378603e-01,7.173703110024797214e-01,6.645891489538232610e-01,3.002973081737988492e-01,5.569380493205902116e-01,0.000000000000000000e+00,7.594075907043993379e-01,7.012140394428473256e-01,7.389105216212807914e-01,4.107654759103906983e-01,8.766430608897537446e-01,6.581221974448714374e-01,6.422260429531811976e-01,4.195186531850790823e-01,6.786328004782686829e-01,5.172164009654753869e-01,6.078065830891858923e-01,9.181381592109564282e-01,6.612338192952671445e-01,7.259768388125059646e-01,6.862464084742055936e-01,2.922097002282478262e-01,4.093459804649382527e-01,6.787161532204939451e-01,4.566212815562391003e-01,4.783625739672252575e-01,2.430978162037458756e-01,3.441074991536708927e-01,1.781452451422391864e-02,5.249105201167515444e-01,7.935459603707757381e-01,3.873065696009113656e-01,7.884000940207664954e-01,6.903431498997820992e-02,4.132516686683511131e-01,9.771042859589942342e-01,6.512897520013016806e-01,2.101455414744673456e-01,6.209152505326523963e-01,5.803305007178534147e-01,9.549774997855874359e-01,9.808931722909792761e-01,7.200193152761145132e-01,8.462114557129543080e-01,7.572534736677474232e-01,5.442033522492308872e-01,5.829892981872324409e-01,7.095475404176755374e-01,6.687624643646475908e-01,4.216127893503278656e-01,4.506000927868054062e-01,7.543122857241328916e-01,4.011121998383785914e-01,2.717692034268777701e-01,-9.318489684957048658e-03,7.823117166597598482e-01,6.712948166685037688e-01,3.715410068297957391e-01,4.054757980649721372e-01,1.643612119935572990e-01,5.350186263242205920e-01,7.702226822493356551e-01,7.225990383160675323e-01,7.445546406205045820e-01,8.521139652638326512e-01,3.950838700344525556e-01,5.268382610881634509e-01,7.076402171215416814e-01,2.214544145429006849e-01,9.835396945276625447e-02,4.163755353683560312e-01,7.429403142967588858e-01,6.956315626833796673e-01,6.368256005317891599e-01,6.277778406606580042e-01,5.163138390752429752e-01,6.377392577326090883e-01,6.931325677384381212e-01,8.859723597230539927e-01,8.310613413157509344e-01,4.093793377196846550e-01,5.013184738910503313e-01
7.602564994295493150e-01,4.465367290524551724e-01,6.302679511456158457e-01,7.975279579352196890e-01,2.299745288110689734e-01,6.283838534696526423e-01,5.044028986914501633e-01,4.291423106999975312e-01,7.594075907043993379e-01,0.000000000000000000e+00,4.609993884656976570e-01,2.254846480753907312e-01,7.087323769323349287e-01,9.699947720778018256e-01,6.622948998189804870e-01,5.859416648493327440e-01,9.910582005025120322e-01,6.165733560617343567e-01,8.981020252894345024e-02,1.403584100024538039e-01,9.549192446859062766e-01,6.615523007516723730e-01,9.029610138404365882e-01,8.928621278423382046e-01,7.660442227941146598e-01,5.499868067615295564e-01,8.192761688121850128e-01,8.682428425198013278e-01,2.885405935152823842e-01,5.012945281287952692e-01,1.582070205890713233e-01,1.553426254248736482e-01,8.352895712353763935e-01,5.339883578508342055e-01,3.575608430878097765e-01,2.665061168894554133e-01,2.128211952060334033e-01,6.321038809144777781e-01,9.349350765360724402e-01,9.076938597498663830e-01,5.524531909498248128e-01,3.878293797181454616e-01,8.855012235016239686e-01,2.853879858255798374e-01,9.796697306167112540e-01,4.760456867654407342e-01,5.675979953147869406e-01,8.257220948078127787e-01,5.622932247932355132e-01,2.860682476349713510e-01,2.140294102474387117e-01,5.618874403400748729e-01,1.260675199962466714e-02,5.705211517324674242e-01,6.996242581449284570e-01,8.515021251705633398e-01,4.441746395061216268e-01,9.303368252497861146e-01,5.913076044433627221e-01,5.553972130243054472e-01,4.514974827876972463e-01,6.404596882967373839e-01,6.617543300962865915e-01,6.057162518406923324e-01,9.529691762691179235e-01,5.212784914400511171e-01,1.787418714605026326e-01,9.651397383142261699e-01,5.643871217762195247e-01,2.494474734692165852e-01,9.667553671209010435e-01,5.263077580013992840e-01,6.258371637435078405e-01,5.282085490776745607e-01,5.939481515864390992e-01,2.037149389919833964e-01,8.235248314703046413e-01,4.576888569646345162e-01,3.721188464104814297e-01,3.995455313768122574e-01,5.818450596580504453e-01,6.747457489135497699e-01,9.008972582690553121e-01,5.095597036061455531e-01,5.134770242014290442e-01
4.967720607234004659e-01,8.575915371373018514e-01,9.920446271975160712e-01,4.099509269983602211e-01,4.225812186967463080e-01,2.276844764989574554e-01,3.188982114522929678e-01,2.516517673846061509e-01,7.012140394428473256e-01,4.609993884656976570e-01,0.000000000000000000e+00,5.720010469841217970e-01,3.282336714460268312e-01,9.641933839891733138e-01,7.670031912356731763e-01,7.294474291099717345e-01,5.664086511194668105e-01,4.847307725373547482e-01,8.255166764844346083e-01,7.377819919966845941e-01,9.999183546045344873e-01,5.338399231234960407e-01,8.415484303027271906e-01,7.955366036553627174e-01,7.312870893244836079e-01,5.849085786275081134e-01,9.827342462416066571e-01,9.119708954009436708e-01,7.122293472385387014e-01,6.211475611556427356e-01,1.015477025088243751e-01,4.643158084729180901e-01,9.026504882674376562e-01,8.012063854337876379e-01,8.816180674268427886e-01,4.554896740357213258e-01,1.818371392367627015e-01,6.727220694176084814e-01,8.759827089846514703e-01,6.317759655418799802e-01,5.755290411675666462e-01,7.713313136294630556e-01,9.216984294653113308e-02,4.104212575531832607e-01,4.746702136247531456e-01,6.807466441715352978e-01,6.990690756314356102e-01,7.620486855998037656e-01,3.437741039502734131e-01,7.316814124758372895e-01,6.096576231775180377e-01,8.169122643019247620e-01,5.783817678054965494e-01,5.340139963858433481e-01,9.280847682661483855e-01,8.887026477410505665e-01,7.166720309996150728e-01,5.424914380881091791e-01,4.101552490482729962e-01,7.178145785208918106e-01,2.792757370901490788e-01,7.582280837593942391e-02,7.305333380676406474e-01,7.730677458248518263e-01,8.800572219597233570e-01,7.939266809975500383e-01,8.882254636983546447e-01,2.066890354913530348e-01,5.257488562102115015e-01,9.271695982057897023e-01,4.321955773077457708e-01,6.362368767344326326e-01,7.253023284507826851e-01,2.752496647958510012e-01,4.211853608114941028e-01,3.679203563661190973e-02,6.748306602317201142e-01,4.594927038660245322e-01,5.830843544710226922e-01,3.544974275324183077e-01,7.975541012952271913e-01,8.687331369854813801e-01,4.595047331631111898e-01,3.718937524846890885e-01,7.475377418543320829e-01
4.993915327134856308e-01,7.519374178896520711e-01,2.370410940081094653e-01,7.644436377868217836e-01,6.712322695098560388e-01,2.298820845183479067e-01,2.607344103014108683e-01,1.727214297752500960e-01,7.389105216212807914e-01,2.254846480753907312e-01,5.720010469841217970e-01,0.000000000000000000e+00,6.778584701441248139e-01,8.192377944342129625e-01,2.312366695950826834e-01,6.810061289575619625e-01,9.658217598707097284e-01,2.264795736090399469e-01,5.732992708976005769e-01,8.051424040753695222e-01,5.051916383994186077e-01,6.378924854411111012e-01,6.046565244252837257e-01,6.024916035477222431e-01,2.243471038325510758e-01,6.766157770335013977e-01,6.718081379636521300e-01,4.513111519656864967e-01,5.443465067260951917e-01,5.528328492204392930e-01,2.546628691241747955e-01,5.277139958514499574e-01,7.787046838493799639e-01,4.482174349649909462e-01,1.739199343836515532e-01,3.677080975488916104e-01,2.966886611999641765e-01,6.991057293371732984e-01,9.582245834414229169e-01,9.751853319813598153e-01,6.563657999811005617e-01,5.100381316255853115e-01,3.472636804044615388e-01,4.337363942825673835e-01,8.279690556391329226e-01,5.365277477166701114e-01,4.252535623867347847e-01,6.447864139302406615e-03,2.782855848740362625e-01,5.029745447930309421e-01,5.960773412593163290e-01,7.372837172715772658e-01,8.459634706230499956e-01,6.380345601336490091e-01,8.850548293910779352e-01,2.281540653485384373e-01,7.146978036250869470e-01,8.969711971377554161e-01,5.580905005478600245e-01,1.369339496464318795e-01,2.340376927177711674e-01,8.404752974611060523e-01,4.698335716100306425e-01,1.546196798441812348e-01,4.480307586328888814e-01,2.721331785658078761e-01,1.881660391139888533e-01,9.644591702744972350e-01,5.846638608136910387e-01,4.746489338864408603e-01,7.666378486063891717e-01,6.370357096095305982e-01,3.266841464615153345e-01,6.198963404872558369e-01,7.884139600037374240e-01,2.932707673932392067e-01,7.093707741708638048e-01,5.632345237104021685e-01,4.804702657020097356e-01,2.947241952003587517e-01,5.358784608507334291e-01,7.987317778902046639e-01,7.304688449838265818e-01,5.777654807856126284e-01,6.299759684181793773e-01
9.493052036399475258e-01,8.840659787378978285e-01,7.947049514799295888e-01,6.487543385453783396e-01,3.055463569233750620e-01,9.895188277762430040e-01,6.361231186617014588e-01,9.460696018343666136e-01,4.107654759103906983e-01,7.087323769323349287e-01,3.282336714460268312e-01,6.778584701441248139e-01,0.000000000000000000e+00,8.649874769182192003e-01,7.588112190560571957e-01,4.002385620813270206e-01,8.762174807257693265e-01,6.649539899958164524e-01,3.535054996843937092e-01,6.773414902872798571e-01,9.301494589986987194e-01,5.237437734621737118e-01,8.328726796914888153e-01,2.435302129435716334e-01,4.102706817909856918e-01,5.888265479682169845e-01,9.113692061165749037e-01,4.226399237312177815e-01,5.181423416129117276e-01,5.459326255765181157e-01,5.916760126471074521e-01,4.241958804458788035e-01,8.194295450361958055e-01,2.491652715391294015e-01,5.770457971488863747e-01,3.979215286053381512e-02,3.704181751284128521e-01,2.303046070237958209e-01,6.725190083243279826e-01,8.619315205013903247e-01,2.862431657221086723e-01,7.906655414284593508e-01,6.781540810985400292e-01,4.631433601054667504e-01,4.474797663523031876e-01,3.790291043615198752e-01,6.332794996714337099e-01,4.395450005105009383e-01,8.385615205056502486e-01,5.258309460423489234e-01,7.073126252679126091e-01,4.538234025697371887e-01,6.808578962510120069e-01,7.833034271139958093e-01,6.347677678678634861e-01,9.411332541450173617e-01,6.330836435206059765e-01,9.560188388096367840e-01,6.216641303511494243e-01,7.588955013984290954e-01,1.932432544580694189e-01,9.800458610303803830e-01,9.199177544543210017e-01,7.378721104405940867e-01,4.826304926391367656e-01,8.067729474442416615e-01,5.564785264553511190e-01,6.658098029045639299e-01,4.355659692633241931e-01,9.072341069921613377e-02,6.804364601833577941e-01,4.390967122342936957e-01,2.258747438577989874e-01,3.942082741685629665e-01,2.431280202375238342e-01,7.478221841597298969e-01,4.783686586902003435e-01,8.450117774814257521e-01,1.946837959040601529e-01,5.125574759299003080e-01,6.231411037447468493e-01,9.755560712636704990e-01,9.525749142908740419e-01,6.915965790086001652e-01,6.082696213063213397e-01
9.617125448790244668e-01,7.423728234980033758e-01,4.373703885361458488e-01,8.532329235001343548e-01,7.448776019933419645e-01,5.629926360729603507e-01,4.554570786495752421e-01,7.773046064901689700e-01,8.766430608897537446e-01,9.699947720778018256e-01,9.641933839891733138e-01,8.192377944342129625e-01,8.649874769182192003e-01,0.000000000000000000e+00,5.045290269350373169e-01,5.521794500722549959e-01,2.294665094048585485e-01,6.368110737068322091e-01,4.577134635615546787e-01,3.893593160566760636e-01,5.582576316276955941e-01,6.595660139015411261e-01,5.057438857300038393e-01,5.566850958802728178e-01,5.262409357676908206e-01,8.454005626575107346e-01,3.174607951227399472e-01,7.736102318423503377e-01,5.990528281989878634e-01,7.745518912607758377e-01,3.596914716972892528e-02,7.010250906437583973e-01,4.295396805842166543e-01,6.719701050667419295e-01,6.776308442373029095e-01,6.420489139217377961e-01,6.386983995327570607e-02,8.338101071880094084e-01,5.751353908755394428e-01,6.454670014084079588e-01,4.985990843935329542e-01,7.120336494352528245e-01,4.593828230025781556e-01,8.176346953917831284e-01,7.593921030453738563e-01,8.506650811968732295e-01,5.916128109940061996e-01,6.485272807984392429e-01,9.795895777277529026e-01,9.952427580374915150e-01,4.300543035920674773e-01,6.683049809454197909e-01,6.215101332494965547e-02,9.305917793567075602e-01,2.839307504596923493e-01,9.822437603802917083e-01,3.549076558813822890e-01,8.935565371074265517e-01,4.140500943714454651e-01,5.106911336932251633e-01,5.117316531845095273e-01,6.572397937783631683e-01,7.768965623588010017e-01,7.558407814020210447e-01,6.672242494799199841e-01,6.687169175147205102e-01,9.800787338894613177e-01,7.518629834193044648e-01,4.949559928517711649e-01,7.704646051313925881e-01,6.422939860763998698e-01,4.500187683092926050e-01,7.219710504332864653e-01,3.357782272750228225e-01,3.392088737431180334e-01,7.604836049616616744e-01,9.749352462293583432e-01,4.391061093115954939e-01,2.684834918613880905e-01,3.903284951769447897e-01,7.537168591181230282e-01,9.070051721262109012e-01,4.370243730750769107e-01,1.891563757590752903e-01,3.828976094182336976e-01
4.298131027175153829e-01,6.939861730043658250e-01,6.749963109310294085e-01,9.635016108433612780e-01,7.172461499441004085e-01,3.350267895371635829e-01,4.225792969450885561e-01,2.166689063970536899e-01,6.581221974448714374e-01,6.622948998189804870e-01,7.670031912356731763e-01,2.312366695950826834e-01,7.588112190560571957e-01,5.045290269350373169e-01,0.000000000000000000e+00,7.638324312030425611e-01,4.831215522107306093e-01,1.749589528750533085e-01,6.337522574967268119e-01,8.693602640773826495e-01,8.475582371680436822e-01,5.841418647879715875e-01,7.490486802839987357e-01,4.560200826168885890e-01,2.881120232947017024e-01,4.196704428214530491e-01,9.945441875225804473e-01,6.114695701032252240e-01,4.546195031659049923e-01,5.155582269349958668e-01,5.759447095190165511e-01,4.668864238730776051e-01,2.085059608243874651e-01,5.610631055333258344e-01,1.806640326812289921e-01,3.086354033921759887e-01,5.998314370038870802e-01,2.129145270491984709e-01,8.728707470598509044e-01,9.605677678276356435e-01,5.365868357544203437e-01,6.177009539112938707e-01,6.731539197634153204e-01,4.657900585325042697e-01,6.823176572873227430e-01,6.749272312913863203e-01,7.870151181111659788e-01,4.685173090875507373e-01,4.990046287945604786e-01,7.177640627529168205e-01,-9.451731482680142404e-02,7.975174186796081255e-01,6.158211008999604497e-01,6.712092751562808157e-01,5.051903375050947886e-01,4.960717671125410844e-01,6.248739073449675052e-01,8.074550526595904998e-01,4.015848819013337900e-01,3.163309297505716433e-01,4.122426397780140639e-01,5.506200992736176580e-01,7.101631642645737097e-01,7.641780116583393179e-01,8.367694060265852274e-01,7.519216906622886443e-01,4.682554722899568977e-01,5.193788019318520410e-01,7.735357796320159185e-01,2.404964635071754064e-01,6.857744315067034746e-01,4.259841849951243042e-01,3.918467013661135478e-01,2.000919377448062975e-01,1.151935537494453432e-01,5.435165022983641236e-01,7.480745251284807995e-02,7.799657377884288145e-01,3.303603619150584647e-01,6.496405693844770068e-01,4.143434389336164148e-01,7.832253930467664160e-01,7.038590321286976037e-01,6.299657289541411576e-01,9.759171749331626566e-01
5.678643965760613588e-01,9.245851492503828206e-01,5.598979214170084484e-01,5.263010875905462793e-01,6.938963662607465777e-01,8.489084296579727518e-01,7.908916169584561118e-01,5.635067828114981303e-01,6.422260429531811976e-01,5.859416648493327440e-01,7.294474291099717345e-01,6.810061289575619625e-01,4.002385620813270206e-01,5.521794500722549959e-01,7.638324312030425611e-01,0.000000000000000000e+00,7.362716882949743580e-01,4.195579565946772616e-01,7.260005270351839179e-01,7.330554642568538615e-01,1.479511970960574185e-01,7.134885167110089910e-01,6.928918260666923068e-01,5.690938688448345939e-01,6.024812718208401030e-01,3.413208845745363540e-01,8.129279270416046588e-01,7.582086725592120935e-01,5.756351213734064443e-01,4.632012231810483383e-01,2.250499491429882037e-01,2.062516401321282111e-01,5.804933275145433003e-01,7.488750661304129919e-01,5.009082782285826374e-01,2.095416452742173419e-01,-1.784411491906989777e-01,7.116244960712291290e-01,9.992906989263277140e-01,9.955122723057101553e-01,1.237018113578718451e-02,3.775791680555372620e-01,5.454220871262154269e-01,7.185154597665203147e-01,6.374759810708847674e-01,9.526569709298351452e-01,7.797135383211857285e-01,3.244568680110617720e-01,5.121024813833051637e-01,5.935582268466073064e-01,7.749086059356444789e-01,7.660410725954148736e-01,6.258246115093072381e-01,6.687339293558010045e-01,9.641516309444984056e-01,8.363234376219114141e-01,8.432122894137308311e-01,5.758929209539978000e-01,7.179297614092547963e-01,1.299869669209275658e-01,7.271542634729388777e-02,4.866419459045389639e-01,6.387303524677658828e-01,2.752435812277801430e-01,4.808723410386742669e-01,4.325082894257272215e-01,5.615645369081112559e-01,9.763641605731503414e-01,5.135131875860328154e-01,5.623732013564997079e-01,3.167071148129436131e-01,2.776288809566115345e-01,1.530818875394531764e-01,5.328400822933991865e-01,4.307641303691442936e-01,8.017489081298052600e-01,4.127086673902831127e-01,5.373392155279990146e-01,-4.342035175635533539e-02,3.533394412966869291e-01,7.379806541905329365e-01,6.537779013088325097e-01,2.834281213403489486e-01,1.216143806546030187e-01,9.732947884793268223e-01
5.372003160358957974e-01,5.309802292435132909e-01,9.063878592036074267e-01,7.514327157809519431e-01,4.917910417804867707e-01,4.744766189368482268e-01,7.023092144866073250e-01,6.536874695908336808e-01,4.195186531850790823e-01,9.910582005025120322e-01,5.664086511194668105e-01,9.658217598707097284e-01,8.762174807257693265e-01,2.294665094048585485e-01,4.831215522107306093e-01,7.362716882949743580e-01,0.000000000000000000e+00,7.285480720226693574e-01,7.542118907856788512e-01,6.935211737647813957e-01,7.161746687549892521e-01,5.962122903045399269e-01,5.111756829157729776e-01,4.593600406603926545e-01,2.936802002579949611e-01,8.334630497498195512e-01,6.050274612535631036e-01,4.660785579500140163e-01,2.505960442567315427e-01,-1.970946457072352831e-01,6.406712205646406533e-01,7.949200928844035730e-01,8.583625116429083324e-01,9.502244502256529390e-01,2.154542359490734527e-01,1.795311929262345119e-01,4.519656145202113340e-01,7.851974193601635177e-01,9.818943281317941141e-01,2.470411728489040892e-01,5.360518811411296713e-01,7.559362107397070707e-01,8.259820472791153945e-01,8.243466669382965017e-02,9.416415809432929773e-01,7.258766097156311714e-01,3.445342731116054491e-01,9.519655137118681054e-01,4.851387491139011465e-01,2.316892082594795843e-01,9.267743087438944372e-01,6.099302537935697988e-01,9.430697381933006440e-01,6.004005696670160486e-01,5.465521672969561040e-01,6.785755700241626887e-01,3.076077775848484741e-01,4.203811048988445043e-01,4.958632909619788420e-01,2.955475841792337688e-01,5.045456024625804003e-01,5.295262128365352261e-01,4.551682524709756428e-01,6.148096028062145502e-01,2.337222486206012029e-01,4.877706253053756269e-01,4.473349640909243252e-01,8.250662374594053272e-01,5.743306255970965779e-01,4.813310069322417895e-01,8.289891825567927697e-01,2.288985248689094365e-01,2.767065130482617152e-01,2.866820855187559025e-01,4.941640423947364913e-01,3.569310575740044511e-01,3.548661506437409408e-01,5.788001020402826491e-01,2.258359327784165704e-01,3.738651924891809447e-02,7.460676599903888206e-01,9.858436122846557792e-01,7.494873753694260010e-01,3.016857376311531946e-01,8.036025789705714129e-01
9.321572858585776000e-01,4.572487474955699294e-01,7.066861873267955563e-01,8.135690355956947117e-01,9.856408002178443928e-01,6.552854766761646577e-01,1.522773280969644816e-01,4.144365035406295528e-01,6.786328004782686829e-01,6.165733560617343567e-01,4.847307725373547482e-01,2.264795736090399469e-01,6.649539899958164524e-01,6.368110737068322091e-01,1.749589528750533085e-01,4.195579565946772616e-01,7.285480720226693574e-01,0.000000000000000000e+00,4.743638639397408929e-01,6.413069399872046716e-01,9.624035076036809855e-01,2.869697866831926181e-01,6.273318978908066779e-01,7.836165693914651786e-01,4.178068863316586889e-01,4.858128778439638196e-01,6.255334321274989007e-01,6.732541291299511954e-01,2.338016443666997013e-01,5.805846725595652513e-01,5.581031955697648428e-01,5.315808520543037208e-01,2.583973168848859858e-01,5.972144112927090243e-01,1.679377290686955571e-01,7.094943154020993958e-01,3.060337408658330149e-01,6.248223027788393225e-01,3.005216465509976675e-01,6.066804361678493906e-01,6.705069060169754902e-01,5.846954629792734393e-01,7.366822812100081164e-01,2.546583955773745189e-01,4.413710024903473306e-01,4.568365457613469682e-01,4.729942937478968101e-01,4.766028348993839314e-01,4.332902442849562719e-01,7.165422839111871278e-01,4.433712827733959361e-01,7.208911098938186601e-01,6.520955158806862606e-01,4.828786768488868564e-01,7.134645601351512489e-01,6.565409155237410532e-01,4.111094442835791507e-01,4.093534006473287246e-01,4.337738265918665848e-01,3.076346822281100790e-01,6.082176459865924478e-01,2.067793264592530378e-01,5.060204000083114995e-01,6.805775447871191819e-01,8.324132633278582549e-01,7.859184116246189511e-01,2.345723492303216362e-01,7.828523577861004057e-01,4.386115154636678892e-01,7.575753789871625399e-01,6.514422136802592300e-01,6.548995228598893936e-01,-1.449372912090445553e-01,3.021126720238186403e-01,1.035833784629105470e-01,5.128870511876902905e-01,5.289077522021835565e-01,7.246874381486725358e-01,4.707135710329979350e-01,4.798243975155637164e-01,1.706375172884715477e-02,6.314162582941180712e-01,7.564572850958927175e-01,5.294670179646752128e-01,5.854690561126052462e-01
