0.000000000000000000e+00,6.726013095856280266e-01,7.872434941332394631e-01,8.035393598227812406e-01,6.212673816618671241e-01,7.756509162518725464e-01,4.583085326486138200e-01,5.341091163418114629e-01,3.114633700083102585e-01,6.924536398641102375e-01,9.508300772400549716e-01,4.002911675411860437e-01,7.084479768704373681e-01,6.062483811132041156e-01,6.338199021040895609e-01,8.021147049776310434e-01,7.534597577694106540e-01,6.587642471228147834e-01,4.657631277792031455e-01,7.363238468595062480e-01,7.017132378996928654e-01,3.593342362885582064e-01,6.079232012342278280e-01,6.690294935858327463e-01,1.350090535117342283e-01,7.015425445176807218e-01,7.590826297965105329e-01,7.198323724398064671e-01,4.820640560308597777e-01,2.437320580722067143e-01,4.784060827066754507e-01,4.910773258127709706e-01,9.148915326942961279e-01,8.426409860116609307e-01,8.473394400632456858e-01,4.729683869605390001e-01,4.476772187998664942e-01,2.865006946974384475e-02,8.301777922592371572e-01,8.683619240292770325e-01,1.577424794033346622e-01,9.372881714184240209e-01,8.809928034725347246e-01,6.741208602137646055e-01,1.726448920069725002e-01,8.461024369711280801e-01,6.502849004060563542e-01,9.864898217566641092e-01,6.118606652579048344e-01,5.707337386632113096e-01,3.750050643678590895e-02,8.540068296573566364e-01,7.985374470055361940e-01,5.985329514706294596e-01,4.228532323168733287e-01,6.408116414122342341e-01,4.790286310531283731e-01,6.281803903905125441e-01,7.860346468599821446e-01,5.804187086273515650e-02,7.918658347361713368e-01,6.580122862139523576e-01,7.371533009389805713e-01,8.318494266227542955e-01,6.548289873993681232e-01,8.896184675284987131e-01,7.319517021558294978e-01,6.553692356182839740e-01,8.251567123982861407e-01,7.210951674702406056e-01,8.319973185802141957e-01,7.435700022120008690e-01,3.713484360752565827e-01,5.310848736940426695e-01,7.532711309195938565e-01,9.901759707894821627e-01,6.005446905514267852e-01,8.150351560736430745e-01,5.601317569104885541e-01,7.030083338153331196e-01,7.404312851573816578e-01,8.032066732819505006e-01,3.709677295661542029e-01,3.290039758315559393e-01,5.611807463297174836e-01
6.726013095856280266e-01,0.000000000000000000e+00,5.739618909171934069e-01,6.590422197318117625e-01,3.371725918881959272e-01,9.328717480948415242e-01,8.902893295000912852e-03,5.464186396672106039e-01,3.382032220285289409e-02,9.591695812727510928e-01,6.205525758860804819e-01,5.004898771028040150e-01,9.497938340026486070e-01,5.375009254317014706e-01,3.739354719336521193e-01,2.076057118516121125e-01,3.557493509904778861e-01,2.259084869805415563e-01,7.663333035581816333e-01,6.134420089593706216e-01,7.739824318275150272e-01,7.978722030443363700e-01,7.036474696532458717e-01,7.639931754531656960e-01,5.188737803912668589e-01,9.826899913492967986e-01,6.614404490021779104e-01,8.024973508711737979e-01,6.576712633850196887e-01,1.079550786253716255e-01,1.910773823073005084e-01,5.227537933731097874e-01,8.870920577012662012e-01,5.547737229961203775e-01,6.643222351511551826e-01,5.817752459629627060e-01,2.208649424351705470e-01,6.631091272811689974e-01,4.315876447882364131e-01,9.191298961236656906e-01,2.543421970964009349e-01,9.970492166972219072e-01,9.356431351308743816e-01,3.447936035915447617e-01,8.504675740978585585e-01,7.463588345693167314e-01,6.929415486978796057e-01,8.308496079142084767e-01,7.492411959555358436e-01,2.656380762892097125e-01,5.704203204392541693e-01,7.063878758791971579e-01,6.017431954526034632e-01,8.702897747366484804e-01,7.912515160608252218e-01,4.253149221750761599e-01,6.045784483537660625e-01,6.839532265935005517e-01,5.391215760764429543e-01,1.033330701321024114e-01,7.072881474975863947e-01,5.921217652477396287e-01,2.239957927563206996e-01,8.488137369302251045e-01,7.962227733408604458e-01,6.152067057280168755e-02,9.077461115906143574e-01,8.949592424818335612e-01,-1.140877507458888940e-01,2.980176145210978733e-01,7.909679457895195664e-01,7.480568709935170313e-01,4.309682925322546043e-01,1.653694015018143393e-01,7.824845413433967334e-01,7.080949731288432858e-01,7.260495998542040308e-01,6.845094201852619520e-02,1.844592764323038370e-01,2.641195013265989489e-01,7.996774083338186179e-01,9.613608566530829069e-01,4.959622873183032743e-01,5.734013709705383377e-01,2.124939916835181242e-01
7.872434941332394631e-01,5.739618909171934069e-01,0.000000000000000000e+00,7.556993441744149775e-01,7.421603699432186563e-01,9.765090513615837242e-01,6.913433559891269953e-01,7.620166646462878113e-01,8.053022261027379392e-01,9.517368608068017544e-01,6.542140792067283606e-01,8.321819744274020492e-01,3.595041948458084224e-01,7.500717617184121666e-01,8.996004194455490266e-01,7.369553701921101041e-01,7.294769036699124687e-01,4.834171380370977933e-01,9.735341947369453575e-01,5.141295192618732246e-01,8.515420457458072745e-01,6.568953298187208967e-01,9.332004660258885753e-01,7.621387030341821855e-01,6.122481836672795108e-01,7.263060921877049214e-01,9.342332604779862715e-01,9.863708093311522873e-01,5.564887475149320889e-02,5.294149571526990394e-01,8.048603164012879327e-03,4.974420868032068399e-01,5.275863545176219249e-01,7.406957631089245986e-01,9.668698278446805627e-01,2.534027144381811869e-01,3.350376812648015457e-01,6.283734269611440659e-01,6.148695162955880589e-01,6.492651232884902868e-01,3.341307171048020219e-01,8.400317492280469089e-01,6.396355983950661184e-01,9.483163328234806011e-01,9.941880428873640652e-01,5.701918215186834171e-01,8.546445699246598693e-01,2.266714280212128174e-01,3.783109875925758786e-02,6.494453188699433888e-01,9.589919810907245878e-01,7.671696407299088971e-01,9.052232527868149248e-01,8.047579258409167657e-01,6.229624155332207369e-01,4.369550112046383106e-01,6.101962778394760534e-01,8.943252501179966840e-01,9.963127638195217184e-01,5.275717407304781892e-01,3.887615941799523744e-01,6.117794018461402139e-01,3.231662032067754708e-01,6.476820552300504019e-01,1.108811019019594890e-01,6.553101701795019940e-01,6.637750138791976839e-01,9.623325207253309310e-01,7.358277822049309469e-01,7.895991633732375448e-01,9.803735819606949065e-01,9.479638260559263285e-01,6.487079013796840377e-01,4.337492962552697562e-01,6.026338790208083385e-01,8.557660941661328069e-01,8.453670486105036019e-01,7.804592832665889768e-01,6.535620884291430954e-01,2.178729918619834449e-01,8.997725574388347747e-01,3.376382859300765538e-01,7.269027459289258974e-01,4.744017799902438548e-01,9.650529826333115180e-01
8.035393598227812406e-01,6.590422197318117625e-01,7.556993441744149775e-01,0.000000000000000000e+00,6.214680367667179128e-01,5.137414969221061334e-01,4.527765690942938126e-01,3.596868442160061630e-01,8.875213762688448638e-01,8.663601643278826536e-01,5.763747608020909352e-01,7.463718977541139443e-01,6.930004917904124540e-01,3.331430717771394212e-01,8.083635835559832561e-01,7.498745596673273006e-01,4.014369799763490843e-01,6.450626109636548033e-01,2.693163715496644794e-01,7.695351883999275167e-01,7.613534796614795930e-01,6.365588790359859583e-01,7.549782568613833122e-01,6.813220235934980273e-01,2.467980473559920965e-02,4.852060129160079005e-01,4.114405155606496445e-01,9.912688057832929056e-01,7.746941374400553304e-01,3.649612706699617570e-01,7.560818842445938825e-01,2.491355817529565531e-01,9.160204214808287393e-01,3.334000417293839780e-01,7.609712653416502715e-01,5.359482767741838849e-01,3.467634314105565857e-02,6.702750875866706481e-01,9.936405933442535865e-01,9.828028719082901876e-01,1.066010469841668362e-01,8.275984749101324978e-01,5.941112678152169480e-01,8.361211348973360824e-01,8.828944506853878549e-01,8.980683908521583936e-01,4.305943568807363286e-01,8.615650018711036306e-01,6.353609245054568921e-01,8.374290479643538010e-01,5.046937589977800176e-01,2.245793261780332506e-01,6.436307663253794109e-01,9.941118037813445607e-01,7.647663525656491768e-01,9.635080316943405165e-01,3.426437202176742525e-01,9.974402309145162793e-01,5.838336621154401884e-01,5.065490957201794764e-01,5.030015841544945854e-01,2.357452208036509567e-01,2.365136692309392774e-01,8.125381761244332424e-01,4.748991068928977710e-01,4.725890678270070477e-01,5.217147946605235065e-01,3.816555643021037891e-01,4.712534093733581897e-01,7.191894199231471108e-01,8.131035842416814985e-01,8.118807756378831897e-01,3.252717885989480084e-01,2.144054605498159627e-01,4.741985968934953055e-01,7.050566850610062719e-01,6.190808789276512902e-01,4.758241045373000633e-01,3.377931912602693543e-01,4.557437573470832226e-01,7.630691242089786552e-01,4.258242985553938320e-01,8.269129010142908243e-01,-3.146247022283604755e-02,4.919152164672601080e-01
6.212673816618671241e-01,3.371725918881959272e-01,7.421603699432186563e-01,6.214680367667179128e-01,0.000000000000000000e+00,2.524284284725046845e-01,4.053713552554324417e-01,1.056750622869867817e-01,7.284772130376927501e-01,3.763875500067763724e-01,3.388565873498986525e-01,3.052935708773498735e-01,7.272946170790333120e-01,2.179921204263915169e-01,7.709393951177813120e-01,3.157289428851439705e-01,2.711445815164939543e-01,9.306792796974645565e-01,4.398389467998614077e-01,6.041385343304037647e-01,2.245245474833624799e-01,5.349335078954147171e-01,4.945487975481983045e-01,9.574055370039107338e-01,4.344813629448917025e-01,9.893549785011430675e-01,8.747947872949284331e-01,5.515938197212998384e-01,3.981011465937001059e-01,6.992404479689931507e-02,3.417531681877030714e-01,9.141971009776010959e-01,9.899413159018074504e-01,6.148304879894320729e-01,6.961751429832873095e-01,6.985446946670514912e-01,2.135998211268721469e-01,7.831499139231997697e-01,6.911716753112012723e-01,8.553122229020595491e-01,2.627454580321165745e-01,8.312452265546035335e-01,8.754183935017824103e-01,5.530877944619333464e-01,5.531458636919821537e-01,3.971378733999886279e-01,9.112463668191642663e-01,2.688596861820232720e-01,6.077209695516269106e-01,4.597707642742621115e-01,4.340794459539709105e-01,6.634024790176908937e-01,4.012957681626162509e-01,2.638110996380289563e-01,9.530142016953647710e-01,7.421503598327916507e-01,3.543006428792403462e-01,7.021901944960518005e-01,9.601007766327278592e-01,6.407905183719083686e-01,6.818254154999207062e-01,2.339531376301665078e-01,7.846052601636928081e-01,7.334735540684569344e-01,4.921338375472729676e-01,4.996733283011713378e-01,6.924563099037231995e-01,7.803615654849231920e-01,5.674178595432507466e-01,4.483357252598773046e-01,5.342090940399868426e-01,7.155570083260806014e-01,-9.072651629588303346e-02,5.792183189679138700e-01,3.422601109087531901e-01,9.311137847444146409e-01,9.661303718000318064e-01,6.212923088958554052e-01,5.521989997614566992e-01,-8.666238380296698018e-02,3.022924248945002557e-01,6.201849609906734395e-01,2.862595556304957656e-01,2.362967901606738141e-01,-8.445173440547171229e-02
7.756509162518725464e-01,9.328717480948415242e-01,9.765090513615837242e-01,5.137414969221061334e-01,2.524284284725046845e-01,0.000000000000000000e+00,2.516133863535149340e-01,5.250586594912771687e-01,4.801932989135471730e-01,4.149787082163757801e-01,1.563568491446691855e-01,7.342653602244790800e-01,9.486516071515471715e-01,9.595671317725887883e-01,3.957995082577864254e-01,9.980868923289982764e-01,4.970174616702803805e-01,2.593307848164714824e-01,9.303769191608055600e-01,2.910545117926342518e-01,1.970446026041997589e-01,5.253559375838624534e-01,9.668589515613756902e-01,5.672023784756879961e-01,7.920895063866835173e-01,3.381168247761024981e-01,9.179678145480959506e-01,2.378667204976459837e-01,2.624468056278093653e-01,1.029566446991856399e-01,6.024863514549890775e-01,5.331199826680486087e-01,6.216030827987175655e-01,2.379318640408074892e-01,4.765715346636130167e-01,3.414552466122546259e-01,5.061345995366781647e-01,-2.212667560696505720e-01,6.507057891600258603e-01,5.738513640305996644e-01,5.090469588396516754e-01,8.193325767403069060e-01,6.066215764206859262e-01,6.495428029664709335e-01,6.162389765416751430e-01,8.528433278957039398e-01,8.027578049144417083e-01,9.441204477297820974e-01,7.858423426514051791e-01,6.340668130023610072e-01,2.742942146606768272e-01,4.457893498597922388e-01,8.567147220361799320e-01,8.018552135121408408e-01,8.236106288185703894e-01,8.052449774005288052e-01,2.966517035239492062e-01,8.713201603592601874e-01,9.375022203513174723e-01,2.807762334529095849e-01,6.444186247197312145e-01,3.104219190820372079e-02,3.411833132794521717e-01,6.077640802788500940e-01,4.901388748500979942e-01,6.365441505577607018e-01,9.756505346222299480e-01,4.514789095560626797e-01,7.097213056902853534e-01,6.512861575123572999e-01,9.720595279865552607e-01,4.257697792009392246e-01,5.158737269448839813e-01,6.728805364078490614e-01,4.076888653052822553e-01,5.687230817581894193e-01,6.573696968477332758e-01,6.130968906818305975e-01,5.022313173985155921e-02,5.477360217314234392e-01,4.413232330137359383e-01,4.685837595449449111e-01,4.145274451347700229e-01,-2.565432783727233934e-02,7.464264017474588897e-01
4.583085326486138200e-01,8.902893295000912852e-03,6.913433559891269953e-01,4.527765690942938126e-01,4.053713552554324417e-01,2.516133863535149340e-01,0.000000000000000000e+00,5.400636822272010251e-01,5.609494821948266541e-01,4.533388516519332723e-01,3.072326990646536138e-01,3.228420028046442569e-01,5.867340592424948875e-01,6.456142884517802605e-01,5.728396827014610171e-01,4.747987863243696149e-01,7.953685855689891504e-01,4.567872967547617624e-01,6.692928503870037016e-01,6.412884078422652623e-01,8.889813168951805622e-01,3.333645457369923681e-01,1.731887518378134316e-01,9.861335872346951303e-01,2.738532097619790218e-01,6.676045957922839280e-01,5.206850153200796028e-01,3.521413410930759325e-01,4.060692198905811456e-01,3.355608710643129822e-01,1.292056246998212199e-01,5.094992723074148744e-01,7.045083901390586378e-01,2.326891928108367202e-01,7.469049347679797002e-01,4.708223102675425098e-01,2.269472760219082841e-01,4.678891240973567234e-01,6.351881001130527116e-01,6.342856924209546721e-01,4.106831770045191732e-01,5.859445133563206953e-01,6.809155120223973068e-01,6.803388214594736638e-01,4.375183058596934793e-01,1.511096329433110445e-02,8.716363554451675988e-01,7.146299319738447231e-01,6.702209915887821223e-01,7.303042552803776788e-01,5.486227179527402020e-01,4.685278683263981447e-01,3.254311687638855588e-01,5.957790889667753387e-01,8.856127967951002988e-01,6.652114160552228261e-01,6.286261519950578913e-01,4.500758324779779995e-01,5.790152712121409140e-01,-1.850274008286929284e-01,3.586936877473947405e-01,3.254201086338788240e-01,3.852014027708522415e-01,6.338202131287947738e-01,4.498107997586083262e-01,5.597779098433044442e-01,5.682060832833086828e-01,5.338720499900113658e-01,5.014516553985025604e-01,4.866591436445535379e-01,-2.923517238188412248e-01,4.932325990154664552e-01,2.337013702371659729e-01,-7.824681533578778381e-02,5.251576930355599249e-01,-9.119857487111310279e-02,6.613850708452966298e-01,8.244082491741898389e-02,2.735059868401033545e-01,2.507432518912031810e-02,5.437869491827057589e-01,6.130941228222602790e-01,2.901497140507686145e-01,4.098565772061801837e-01,6.188451858638251146e-02
5.341091163418114629e-01,5.464186396672106039e-01,7.620166646462878113e-01,3.596868442160061630e-01,1.056750622869867817e-01,5.250586594912771687e-01,5.400636822272010251e-01,0.000000000000000000e+00,5.472334494661703630e-01,6.442550291116706518e-01,5.987580050176053437e-01,2.758257241848177665e-01,2.723377695436243195e-01,3.657219641773377106e-01,7.059028263682655124e-01,7.130859927441353108e-01,9.352930834966821649e-01,4.420437514235371901e-01,6.184124471726409888e-01,5.504911772677959503e-01,9.126379750791647760e-01,7.673894718882443566e-01,5.134391321929610008e-01,9.193501155943946124e-01,4.939415404126591969e-01,4.131385561237453929e-01,7.395507095623717886e-01,8.228297752176593205e-01,4.574537995164443815e-01,7.965807287979356222e-01,3.250541343262108862e-01,5.281620310441125232e-01,7.510862003139794352e-01,4.907420503574757009e-01,7.289628314877291126e-01,6.540941801171831216e-01,2.887307319330747468e-01,6.028710987499562579e-01,4.777368060555341467e-01,3.461111084158822737e-01,2.543531126915468676e-01,3.871928613732007751e-02,6.517197933765050966e-01,7.545645664120080864e-01,6.256726781984544017e-01,7.031835479284569423e-01,7.555369628637381707e-01,7.781021447429902205e-01,6.867330123962960275e-01,4.952817453960191019e-01,7.613696988176452685e-01,6.879235340752649641e-01,7.934725035635870061e-02,8.940390774985477185e-01,7.196718899077099163e-01,4.700794076267238442e-01,3.438835706940114312e-01,7.477901647209437286e-01,7.210133050862072013e-01,5.015540386701022868e-01,4.748330082347481107e-01,5.602762878880587216e-01,5.473987644296639532e-01,8.264248371609727029e-01,6.903080646208372695e-01,6.510409933427528939e-01,6.487396836092506058e-01,6.389683338662639489e-01,7.757919391090657424e-01,7.761825718219901304e-01,2.622863629478556780e-01,6.079803223009290214e-01,1.944990992610776404e-01,4.996628088618458308e-01,4.520745077695064729e-01,6.556281796045112520e-01,5.196012202392192858e-01,6.916716638574710307e-01,3.551780146436861463e-01,2.956970987981316079e-01,5.307744232821960395e-01,6.743991651285280442e-01,4.061120715020567484e-01,6.992646844218176616e-01,5.454814692365602680e-01
3.114633700083102585e-01,3.382032220285289409e-02,8.053022261027379392e-01,8.875213762688448638e-01,7.284772130376927501e-01,4.801932989135471730e-01,5.609494821948266541e-01,5.472334494661703630e-01,0.000000000000000000e+00,7.200509599477723510e-01,1.471087581262006394e-01,7.149613785353020612e-01,8.926559854086055790e-01,6.591800300762099551e-01,5.421698604460345461e-01,3.549895520393944182e-01,7.078318874227825797e-01,6.623125551664665878e-01,5.034405907961420068e-01,9.444508120736820889e-01,2.611314790249938400e-01,4.292633175716606408e-01,2.901804631090491027e-01,9.014525905844206211e-01,2.482246902848327386e-01,9.518313605985662118e-01,6.417166027556179264e-01,9.825862168133325802e-02,2.320555350355006999e-02,3.744605650883788828e-01,2.528978099666825408e-01,1.240454463167798976e-01,2.538894861246863144e-01,2.720296784709036464e-01,3.078355842644499019e-01,4.603517286656792495e-01,1.188425985972233062e-01,2.195158226758932851e-01,7.791701524319414318e-01,7.406387671822063368e-01,4.027216114833533922e-01,3.130658674999771129e-01,8.972817974835691768e-01,6.262299347581284925e-01,6.817159547599811464e-01,4.340282664059565421e-01,3.915137047995591590e-01,4.514615841428145648e-01,6.288016501385409462e-01,3.125226447148758413e-01,5.800728547743139174e-01,5.694061690561638134e-01,8.636634377803686924e-01,6.283388404923530013e-01,4.041073241553256312e-01,9.505164685250044876e-01,5.056746257487029217e-01,6.170352352329278034e-01,4.828008262843735965e-01,2.596825736438498899e-01,2.906577388159609088e-01,7.384690245666991615e-01,2.226678660333230031e-01,9.597339585936381923e-01,8.198907225581886227e-01,8.245526294856988514e-01,5.806154876428097911e-01,7.653246782840528173e-01,2.137983977930406343e-01,7.956469577548400673e-01,8.597681263424070686e-01,5.711081623982983135e-01,3.936918192212566225e-01,2.458466532235610014e-01,2.646400770874154373e-01,4.082168977802446697e-01,7.105277243037939616e-01,5.496753415524970876e-01,4.117878370566321333e-01,1.485383247355522296e-01,7.148854673737792265e-01,7.376443541116934899e-01,9.258532115394548789e-01,1.118198060321876908e-01,4.381892653928186609e-01
6.924536398641102375e-01,9.591695812727510928e-01,9.517368608068017544e-01,8.663601643278826536e-01,3.763875500067763724e-01,4.149787082163757801e-01,4.533388516519332723e-01,6.442550291116706518e-01,7.200509599477723510e-01,0.000000000000000000e+00,5.584795819835681741e-01,5.306514349840414368e-01,6.063552836219684439e-01,9.541267570134053244e-01,6.386991636047780752e-01,6.297414066903109786e-01,7.088515929266252513e-01,5.221838683911008694e-01,4.202827464622490572e-01,6.471144449219055073e-01,9.712106905914992261e-01,7.800149372128750702e-01,6.955662453131258305e-01,5.568870422752760785e-01,6.738929081956027689e-01,5.394282561512451224e-01,6.645472625671733358e-01,4.966603283713121320e-01,2.111422006944330132e-01,6.504900139454449226e-01,7.044989103880308079e-01,2.324968595206930444e-01,8.755859657034305021e-01,9.344371323963569509e-01,1.483010301726563895e-01,2.763164272587308457e-01,2.627301132456207333e-01,9.166044563135398171e-01,9.507276067217849125e-01,4.663706162450211301e-01,3.341924055932773419e-01,-4.200181476394843072e-02,8.936680897649194044e-01,2.109521360114237354e-02,7.685885800876086915e-02,7.336923393075391875e-01,2.948178503103502934e-01,6.896924530468510062e-01,3.151870612287291928e-01,8.216587621637242433e-01,2.030854849016273111e-01,6.845634695005283765e-01,9.222882873218274380e-01,6.212057206050918268e-01,4.786322723761925468e-01,5.015540915901691710e-01,4.104748990076256820e-01,3.273233106182223962e-01,8.603873505936674437e-01,4.907734162504786002e-01,4.271643799720918344e-01,5.337676281864773831e-01,7.888610065659954484e-01,7.247648586114584512e-01,9.491067655358972344e-01,3.970382982388561688e-01,5.983419804920498963e-01,8.770685753824281061e-01,7.084309175413743276e-01,5.570249142619062566e-01,4.945626492018246334e-01,7.599063153171129459e-01,1.668991903083912876e-01,2.263990478946593943e-01,7.584987500510878000e-01,5.155240847418602890e-01,8.699335789338104030e-01,5.338607139592908002e-01,7.702028213693370429e-01,7.290506753275636243e-01,7.329660579971395418e-01,9.790781374492869560e-01,4.803274629372824012e-01,5.585259818407759536e-01,6.766917531236600336e-01
9.508300772400549716e-01,6.205525758860804819e-01,6.542140792067283606e-01,5.763747608020909352e-01,3.388565873498986525e-01,1.563568491446691855e-01,3.072326990646536138e-01,5.987580050176053437e-01,1.471087581262006394e-01,5.584795819835681741e-01,0.000000000000000000e+00,5.037050244189990034e-01,7.200974055622065828e-01,5.330238083315599340e-01,6.298922196197365153e-01,7.887022148819122780e-01,6.930440865872407041e-01,6.369570108934479169e-01,6.875541063070935710e-01,6.704213077919568553e-01,3.116074737904223624e-01,6.277007383179143973e-01,7.304524602738748928e-01,8.824567083906259546e-01,5.729614896774096744e-01,5.700164321795286870e-01,4.120705085234028786e-01,4.049891722362529145e-01,3.099887265752320209e-01,6.335108312912992590e-01,-1.160928740420744398e-01,6.425428067124471232e-01,7.605042577579936847e-01,2.255987561897506988e-01,3.166978638274560720e-01,4.791298363971309149e-01,3.771540737373549890e-01,3.414843435288795748e-01,7.895808500838707999e-01,8.707576580817173451e-01,6.822746587030472654e-01,9.305302489013032030e-01,4.211564636469380951e-01,-1.607236661753512208e-01,7.102042890841123723e-01,6.294560676310029246e-01,7.711583228555101144e-01,5.044831892612712254e-01,5.940041379456937332e-01,7.047278312919130761e-01,5.983100452624189325e-01,7.013161198328425883e-01,7.287571838360796216e-03,8.078846927622016505e-01,6.246028688059910294e-01,9.753010840055224007e-01,7.868829375213615140e-02,6.284291597227599224e-01,2.750510270694411230e-01,7.709934806870840651e-01,7.537587372753483672e-01,7.534820825844082415e-02,9.538421572313199315e-01,5.658963574027715548e-01,5.840053443062658278e-01,4.057083682692138593e-01,7.752424655942262710e-01,9.033590169055374375e-01,8.983213943907704391e-02,6.278403886388537192e-01,9.981725714425091489e-01,9.786707516938688567e-01,7.835018350130706910e-01,1.459451964620403774e-01,3.952799332762804707e-01,6.917785148976598464e-01,9.732791299684141473e-01,4.364636051151247198e-01,7.310236455217472562e-01,2.163931189740848082e-01,7.035508305215008029e-01,5.157502431730517367e-01,2.767790776601667946e-01,5.172724163221938953e-01,7.641419317568333147e-01
4.002911675411860437e-01,5.004898771028040150e-01,8.321819744274020492e-01,7.463718977541139443e-01,3.052935708773498735e-01,7.342653602244790800e-01,3.228420028046442569e-01,2.758257241848177665e-01,7.149613785353020612e-01,5.306514349840414368e-01,5.037050244189990034e-01,0.000000000000000000e+00,6.180767129876016952e-01,6.799900489917259927e-01,3.285220808450920460e-01,8.837830469880254558e-01,8.059705904119283115e-01,6.990947752067526721e-01,2.179934217768722260e-01,2.529251819780319321e-01,6.246183739588170303e-01,7.291330929789205939e-01,3.225623129936081579e-01,9.674636388231028228e-01,6.311979316315058375e-01,7.636291813859222843e-01,4.713534579759833809e-01,3.566372244069211384e-01,2.643511758037569437e-01,5.776815218994544310e-01,6.441739693260482846e-02,2.441991305190372163e-01,5.677563370379752339e-01,7.593589964653945090e-01,5.025292313668999755e-01,4.831080805640351472e-01,4.719222976586562868e-01,7.661044899379263473e-01,9.333295974134904194e-01,3.306541109611640383e-01,4.002455072882853959e-01,7.104312148998775944e-01,7.178784232219788120e-01,4.652000381551897323e-01,9.266807480545344866e-01,1.167330782447550952e-01,6.121632874387316070e-01,2.614854349317918270e-01,3.500895738980480676e-01,4.882628078935674631e-01,6.515626514471229980e-01,7.701050030159450888e-01,5.906541748322668983e-01,6.082907499195501222e-01,7.918586377472978111e-01,7.642045873320290061e-01,7.521663405662663004e-01,7.836931383074478008e-01,6.971556269597025679e-01,2.100892585764325970e-01,5.579472729620571503e-01,8.501801300651885551e-01,2.023870163351988438e-01,5.251686114783209458e-01,6.023188480331368444e-01,4.037467162504289053e-01,6.060291770198473760e-01,4.816992688950793577e-01,3.093041898241145060e-01,6.087158079370136310e-01,9.528751901568492944e-01,4.015197349019040685e-01,6.634122205201804512e-01,5.023975976945658367e-02,4.772338713180424019e-02,4.446600616573674891e-01,8.473925931893114827e-01,7.712073694778354138e-01,4.572059866857992594e-01,6.091813656191712445e-01,3.216144389707176754e-01,7.616025694806262125e-01,5.738477174856834173e-01,4.450291231354125410e-01,8.326082681451454359e-01
7.084479768704373681e-01,9.497938340026486070e-01,3.595041948458084224e-01,6.930004917904124540e-01,7.272946170790333120e-01,9.486516071515471715e-01,5.867340592424948875e-01,2.723377695436243195e-01,8.926559854086055790e-01,6.063552836219684439e-01,7.200974055622065828e-01,6.180767129876016952e-01,0.000000000000000000e+00,9.086314460708379004e-01,9.086322956365217030e-01,5.291767322686179442e-01,9.148107934674212238e-01,9.273313497976911624e-01,8.871591422672832072e-01,6.744797604834221749e-01,9.880646747838012223e-01,4.305023355875774865e-02,9.548307750380204961e-01,9.785694586981537046e-01,6.185523239836867582e-01,3.020345455311709837e-01,7.334998626376512121e-01,9.336061148564603895e-01,5.081804146209526474e-01,7.748090136967359376e-01,7.416727115545951841e-03,6.680896904418710536e-01,7.305359936131176068e-01,7.516786879755263939e-01,7.690812564315812061e-01,2.854024792286740664e-01,3.863475188666563170e-02,9.069583256522429915e-01,8.127202250184102361e-01,6.427955089935786237e-01,7.556164238390387089e-01,2.139225529781920709e-01,8.400064104296599554e-01,8.893125809775879187e-01,3.003680358911734460e-01,3.819756845283811542e-01,6.366737209227197880e-01,4.024076276546511566e-01,9.266774635919958758e-01,6.305203135679060544e-01,5.477249514400418517e-01,4.139743596298129935e-01,9.436727432788178938e-01,3.597015739414368696e-01,3.796345953149834473e-01,6.207479532722329774e-01,9.675177407073156655e-01,5.772693106367209337e-01,9.468747185959007773e-01,7.034250228774402425e-01,1.610165818466198773e-01,9.172712454545877137e-01,8.726496414986779637e-01,8.554949202330508484e-01,9.891837966259140469e-01,5.211205495552861944e-01,9.288520456725229968e-01,9.182061489840425139e-01,4.114822044471613260e-01,4.528332891833993235e-01,9.607442159740585685e-01,7.109518735993818339e-01,5.017092692323732450e-01,2.969361005397878617e-01,6.970501837285192348e-01,9.686029578405228602e-01,6.057627723853109547e-01,4.403728987928821614e-01,3.460708002772780456e-01,5.043705845626780260e-01,6.851790594367317411e-01,7.463709689544232306e-01,7.826295896629644755e-01,5.225607424715795757e-01,9.446078631862583341e-01
6.062483811132041156e-01,5.375009254317014706e-01,7.500717617184121666e-01,3.331430717771394212e-01,2.179921204263915169e-01,9.595671317725887883e-01,6.456142884517802605e-01,3.657219641773377106e-01,6.591800300762099551e-01,9.541267570134053244e-01,5.330238083315599340e-01,6.799900489917259927e-01,9.086314460708379004e-01,0.000000000000000000e+00,4.965706014539437718e-01,3.156514369752180804e-01,5.799136239517912461e-01,4.397796368307885784e-01,5.673124148903594399e-01,9.797014127913967751e-01,8.222361055880682557e-01,7.452578505019442634e-01,6.828321938993011653e-01,8.025849900563080119e-01,2.664323101236725222e-01,7.111987998157143220e-01,6.752198032308925901e-01,9.413413500739911122e-01,2.505927736664821937e-01,4.627168243893405863e-01,1.993036862021675404e-01,5.208949715662561930e-01,5.437295255024687801e-01,6.115391334954174418e-01,2.384540075413328908e-01,4.034531723054547436e-01,5.535907623742138128e-02,8.442725931032003528e-01,7.041685707232969715e-01,5.700692222202197179e-01,6.008139572952298467e-03,6.246990425636572697e-01,6.917483262046990600e-01,5.200617305614985142e-01,6.214535619892606055e-01,7.268299590252691456e-01,8.550466600018349350e-01,4.617291692482933252e-01,6.382165486686188771e-01,7.405649743194584467e-01,6.909272373119182964e-01,6.076342313788644089e-01,3.715580289614210940e-01,6.885549588646708852e-01,7.250085812499417193e-01,4.134912634914332252e-01,7.468180023811833435e-01,8.259589727045977270e-01,6.197155810010283039e-01,4.172258184742916320e-01,3.437843946954997065e-01,4.526087346430521241e-01,7.230415107654646345e-01,6.857581155916030458e-01,6.422855141729072459e-01,5.950206457893513212e-01,8.033859349752179302e-01,3.115716158174176575e-01,6.341967486985473634e-01,4.189743099153165895e-01,2.184497449187322027e-01,7.844127761810357757e-01,2.887244668302252348e-01,7.983521543028144762e-01,4.037444045088982580e-01,8.555015114227101369e-01,8.286055460664738526e-01,7.609768983655392782e-01,7.054924255781949149e-01,3.012118526089718751e-01,6.550326151141115938e-01,8.635656330114576118e-01,7.466791695126823170e-01,2.164234281882495281e-01,9.166055731487811054e-01
6.338199021040895609e-01,3.739354719336521193e-01,8.996004194455490266e-01,8.083635835559832561e-01,7.709393951177813120e-01,3.957995082577864254e-01,5.728396827014610171e-01,7.059028263682655124e-01,5.421698604460345461e-01,6.386991636047780752e-01,6.298922196197365153e-01,3.285220808450920460e-01,9.086322956365217030e-01,4.965706014539437718e-01,0.000000000000000000e+00,2.415859860854371322e-01,7.384728340595291263e-01,5.541612852439049552e-01,9.359293717792832590e-01,4.635830583065287391e-01,8.517070336822164522e-01,9.077983913033278451e-01,3.698205011070867521e-01,7.095785625731039215e-01,1.850289444318762300e-01,6.636709176209836247e-01,5.610565412423096365e-01,6.279486874916335726e-01,6.058369326284155365e-01,-2.330254485067123627e-02,3.633378224022915104e-01,6.128594306773649247e-01,7.976093690271188752e-01,7.134707584125256075e-01,6.609501677641025363e-01,1.676848980571431502e-01,2.763008991824176808e-01,-1.623750895056427779e-01,7.907422103947390202e-01,8.658048675142979711e-01,5.346970836830688967e-01,6.173453540255517957e-01,7.678868069705619970e-01,7.056293897294837469e-01,7.385270353363498907e-01,5.866971926124898706e-01,7.932151172704751119e-01,6.366141904428661569e-01,9.477915090594788428e-01,2.777487142508952567e-01,4.416639485726531755e-01,7.793858192686855535e-01,9.145453907784634184e-01,7.341379900208765408e-01,6.590195907526241736e-01,7.878659452581192602e-01,4.929510189659473962e-01,6.591259535977554984e-01,7.301144244797677096e-01,7.290832972116818578e-01,2.379872633117549319e-01,7.133436596484538095e-01,5.340251070868904382e-01,9.634365337853748601e-01,5.589749788408499009e-01,2.012097271118317432e-01,6.328995370773161655e-01,8.549907248905276314e-01,5.932925379220123085e-01,5.381397318995211343e-01,6.444961057029512386e-01,6.680454023844700773e-01,1.203538732762765434e-01,1.426527867554529538e-01,2.100509915142521611e-01,8.342474884561669191e-01,7.746669908867767074e-01,4.053119756240209370e-01,3.859253424632185236e-01,-5.541291048683025244e-02,7.854013926583374161e-01,7.977718421363522161e-01,7.960159568192191060e-01,2.852358638505978483e-01,6.049655990737120570e-01
8.021147049776310434e-01,2.076057118516121125e-01,7.369553701921101041e-01,7.498745596673273006e-01,3.157289428851439705e-01,9.980868923289982764e-01,4.747987863243696149e-01,7.130859927441353108e-01,3.549895520393944182e-01,6.297414066903109786e-01,7.887022148819122780e-01,8.837830469880254558e-01,5.291767322686179442e-01,3.156514369752180804e-01,2.415859860854371322e-01,0.000000000000000000e+00,7.044037036720670608e-01,2.073585428524368779e-01,6.951545253044929540e-01,9.591588461264821674e-01,7.622317016950168611e-01,5.110784570705124708e-01,5.854918907736801348e-01,1.297285921793611407e-01,3.849594142219689430e-01,4.933289221274862468e-01,6.330616397484866154e-01,7.441086560885623591e-01,2.816863329323525678e-01,4.050708422774877970e-01,-1.444201227753009464e-01,6.368460025883706521e-01,5.695954807539084230e-01,4.402033914066310061e-01,7.568503411999958352e-01,1.197316824417095082e-01,5.298562310964378685e-01,7.592092398672892761e-01,5.116977752577789307e-01,4.909105710995553817e-01,4.673389099223421717e-01,7.752179909950689396e-01,8.531133744604836311e-01,6.082212940324245309e-01,6.883693274400807249e-01,6.469816225454240177e-01,6.745975284649758930e-01,7.295868497811258679e-01,5.825981289772661498e-01,4.087611438122574770e-01,5.493147877839199555e-01,7.496977117875094354e-01,9.937314861368942154e-01,7.170020676423548567e-01,4.388127115999704841e-01,5.973338522678572904e-01,5.652817485327708003e-01,1.022096049431393816e-01,6.656463339392587608e-01,2.985058384163811751e-01,2.355324329305073794e-01,9.296774444190851749e-01,6.061786673788130964e-01,7.506639229872331676e-01,5.813510656908899010e-01,1.454300154169974602e-01,5.306372817921783946e-01,8.786783283903364383e-01,6.960899240730487048e-01,8.164663457296809090e-01,7.886865203989698037e-01,6.151545571068398610e-01,1.922708153009653198e-01,3.958510587117626267e-01,4.316197106087856783e-01,2.178455909696397630e-01,6.788907857562744841e-01,7.277088985158335355e-01,3.161020562013208135e-01,1.223772503450534926e-01,6.635062955144550578e-01,5.487471490068873692e-01,5.652246711133610546e-01,4.673451429401471735e-01,4.664146997148784779e-01
7.534597577694106540e-01,3.557493509904778861e-01,7.294769036699124687e-01,4.014369799763490843e-01,2.711445815164939543e-01,4.970174616702803805e-01,7.953685855689891504e-01,9.352930834966821649e-01,7.078318874227825797e-01,7.088515929266252513e-01,6.930440865872407041e-01,8.059705904119283115e-01,9.148107934674212238e-01,5.799136239517912461e-01,7.384728340595291263e-01,7.044037036720670608e-01,0.000000000000000000e+00,4.363170841172395731e-01,9.833244286158615566e-01,8.531146206118515041e-01,6.270578131939475997e-01,6.113956025913704906e-01,9.278696946176213656e-01,4.848649741703082161e-01,5.468972926658706157e-01,9.731952774147626384e-01,3.734109948883004293e-01,8.401700811725290041e-01,2.708705687693258295e-03,3.967135321929505798e-01,5.963116093521976524e-02,3.330494794373461964e-01,8.800698773863205870e-01,4.976887682079264019e-01,4.591549127884931303e-01,5.623680092664795627e-01,3.773820031427843613e-01,6.555026792490248333e-01,4.661280885451010159e-01,8.036948126097869238e-01,2.854843580345891585e-01,6.252246751747280173e-01,9.102807358515591085e-01,7.921650090407665878e-01,6.964590346085540729e-01,6.610619194987071845e-01,4.666349343444303743e-01,1.463409635310762014e-01,7.603239436415726304e-01,4.088117774835186014e-01,7.154876463937968056e-01,5.437962425499907049e-01,-6.394882053526795840e-02,8.436028571706220003e-01,5.954626917165124489e-01,9.237602064974267391e-01,3.487625025396446921e-01,5.451713934036577225e-01,6.939398152323491553e-01,4.787047216852162723e-01,4.196482583072246308e-01,6.781661062624546599e-01,9.398962291435589700e-01,5.179427401261244013e-01,8.541976868873845108e-01,7.233937102759702142e-01,8.134276199861434353e-01,8.524093655002489278e-01,2.780054579656587865e-01,2.983306095845193046e-02,9.248087353000160604e-01,9.403435898152274763e-01,5.778923781935146192e-02,5.195962170444559103e-01,4.992049885471247506e-01,7.035312452765781766e-01,7.967522933080345426e-01,6.889252248216358732e-01,6.135784380856791342e-01,5.439250781385207914e-03,3.162767477802337357e-01,5.466102410913834531e-01,6.532784836099527759e-01,4.422339974986978506e-01,6.471070023522055292e-01
6.587642471228147834e-01,2.259084869805415563e-01,4.834171380370977933e-01,6.450626109636548033e-01,9.306792796974645565e-01,2.593307848164714824e-01,4.567872967547617624e-01,4.420437514235371901e-01,6.623125551664665878e-01,5.221838683911008694e-01,6.369570108934479169e-01,6.990947752067526721e-01,9.273313497976911624e-01,4.397796368307885784e-01,5.541612852439049552e-01,2.073585428524368779e-01,4.363170841172395731e-01,0.000000000000000000e+00,6.392098123560214784e-01,6.967261603715140250e-01,9.857522287471436329e-01,4.297178134046532039e-01,6.340977516073139642e-01,8.630928003052069641e-01,4.042170656524709527e-01,3.638502531363578818e-01,8.174366865626392364e-01,6.053784084062476811e-01,3.662268026805622356e-01,5.382351195476863248e-01,5.661400647107819317e-01,2.599164512690601003e-01,5.356272619130190149e-01,4.420704980088147606e-01,1.131361536415765034e-01,3.612051667437006786e-01,2.486488209353206469e-01,7.988233462192113610e-01,8.930718720277455169e-01,7.227481524196676110e-01,4.652768425318028478e-01,4.000877871644857864e-01,4.328283947227733464e-01,5.710231603350264251e-01,7.937125953718123794e-01,8.592234607421946890e-01,4.086002813705068570e-01,7.023955507806759480e-01,5.256561894179121452e-01,4.621171921523258286e-01,5.849869602798137835e-01,3.403408871456287121e-01,6.691604043118531964e-01,8.182982089440195006e-01,6.974755823847609282e-01,1.589469507721815444e-01,9.854542298039004056e-01,8.602041576206455042e-01,6.330853954613626655e-01,6.696623972160783422e-01,1.568508528491106002e-01,7.163311172881117184e-01,5.314886602303875440e-01,9.328840941283664812e-01,7.752730341896922894e-01,5.296472518433783527e-01,6.741653205054783937e-01,7.012141918840654187e-01,9.226131702779741817e-01,7.934543229537879272e-01,9.004174682511799643e-01,5.673563413844927572e-01,4.452134319018952180e-01,2.227652920433326744e-01,5.113471928330740601e-01,4.034004557613575237e-01,4.497948533270106353e-01,7.557927418066574532e-01,2.552259349501470043e-01,5.034672209949633270e-01,6.269739544461374603e-01,8.029873331690785543e-01,9.386867536756910990e-01,2.680436981566867716e-01,1.796279734278192763e-01
