0.000000000000000000e+00,2.361486039897547906e-01,8.018792260868333743e-01,8.235136511540704918e-01,8.341372249687305507e-01,8.120484396694896967e-01,9.618508947525967745e-01,6.635793034548571612e-01,5.169843935866610396e-01,7.970226677181071473e-01,7.044529149739710006e-01,5.847538137917986933e-01,6.581330161267062717e-01,6.329380173026869505e-01,9.534915093601725733e-01,7.113846831885390909e-01,6.433212548339489745e-01,8.115004925683022563e-01,6.187899885082086548e-01,7.050835890269401274e-01,2.598168585732549829e-01,4.067434851816467689e-01,4.977208126304222824e-01,8.998437964404358835e-01,3.834149953298189306e-01,4.205677656295111477e-01,4.210168384363666139e-01,6.968486686832604526e-01,4.462631046837841620e-01,3.764345472179231877e-01,4.288425124973762603e-01,6.236867606600721148e-01,9.434471543997848819e-01,6.166104560776498600e-01,6.837416303588008670e-01,4.935383628821916890e-02,5.336457798860658741e-01,9.675852449123381049e-01,4.133083390958978143e-01,9.606262156618818882e-01,2.414922510405111966e-01,2.338976419128435125e-01,5.077986775469310876e-01,9.246954280469517062e-01,5.691376332792603687e-01,6.732900611053622697e-01,3.808593985755301947e-01,4.932786520627667759e-01,8.456905901283038318e-01,9.524678497318165293e-01,7.434198812793929578e-01,4.791206160114716006e-01,8.130872576147397668e-01,9.874175007819951944e-01,4.880155171343266152e-01,8.302367861814936578e-01,9.551916563446644082e-01,5.594066270086801573e-01,8.126598053005199551e-01,5.212915432383704584e-01,-9.917905452340031180e-03,5.782365657975028217e-01,9.145724603308484912e-01,7.167709190453595003e-01,9.900803480398049361e-01,9.917533998656444805e-01,6.891841960505824538e-01,4.675769644633784861e-01,-3.946143455314002346e-02,8.489168253555811061e-01,4.920914055654959651e-01,4.590916454692988702e-01,3.172329259744735008e-01,7.555661374186835033e-01,9.462096299893828499e-01,6.732793614938290538e-01,9.128705945568533764e-01,7.476516902507709394e-01,6.774162471991067580e-01,4.263236185038828396e-01,9.757247372917678963e-01,6.700758587838390179e-01,9.485144488849974742e-01,6.080983845379599462e-01,5.551459585874406466e-01
2.361486039897547906e-01,0.000000000000000000e+00,9.902803690882369114e-01,7.736299032110224294e-01,4.992602570954157160e-01,4.494276691718113170e-01,2.601117839973730028e-01,4.289580428042346072e-01,4.523133960542964349e-01,9.963557609853984642e-01,9.302904854206264229e-01,7.888551116740328828e-01,7.013055496936966282e-01,6.177301212216927961e-01,6.464897899511725665e-01,7.647949849034145764e-01,6.391117121114550104e-01,8.264874414149392390e-02,8.631285198640348266e-01,2.832861053093677084e-01,9.721698197240742356e-01,8.020749913462915659e-01,6.100861225975948710e-01,6.652796036303368910e-01,3.014445095989817247e-01,2.716317380560006045e-01,6.990844730867725731e-01,5.135554456428274017e-01,4.885279071945747842e-01,7.509640611676700050e-01,5.435481650471303272e-01,7.687548609037320180e-01,9.044104666799609449e-01,7.821772190029441241e-01,2.691116539220025916e-01,6.607561153535370657e-01,6.694205850977168193e-02,5.946610089863448856e-01,6.313825504310084380e-01,5.106167220246893290e-01,5.413804156129240625e-02,3.710011009032180285e-01,6.096936440270268598e-01,6.080602691719458885e-01,4.307360418328447516e-01,9.018622341165761780e-01,8.324493233973370154e-01,3.213619785728969447e-01,7.541255445715293604e-01,4.718138777842106890e-03,5.843150198814814900e-01,9.895719320101612482e-01,9.859240657355921034e-01,-2.391010407250141467e-01,9.831182507287099526e-01,7.501254588922826594e-01,6.863933900091875318e-01,5.988942781115064173e-01,9.370281252591178278e-01,7.386738833869855858e-01,6.180608771958951975e-01,7.257985895050127478e-01,7.422782410531001407e-01,4.865456481398760524e-01,9.054701727658807098e-01,-1.915044357399173225e-02,9.912409215506936544e-01,8.003410675632426363e-01,3.808863342883644920e-01,1.510353822961121306e-01,7.202204865344935536e-01,4.904382017395357285e-01,6.436754645912159400e-01,2.131900488075404165e-01,4.984842991670365708e-01,5.577174244283332749e-01,1.757997480503942223e-01,6.212621282637451614e-01,1.781901872335238945e-01,3.538432154835041699e-01,5.101513665238116557e-01,7.408639029506747242e-01,9.132811966295200090e-01,5.130441672746746118e-01,6.192614444886078706e-01
8.018792260868333743e-01,9.902803690882369114e-01,0.000000000000000000e+00,7.064835325377499808e-01,9.842663898534799172e-01,9.032835658585817162e-01,6.758800297827276538e-01,4.770444685513153260e-01,2.036136806779516584e-01,9.229283679822007924e-01,8.967203805126053862e-01,-4.417617182120692210e-03,7.374508881595260856e-01,7.060980728873991197e-01,8.484909617450540065e-01,3.373358071703048133e-01,9.641151590200905952e-01,7.331810495105051118e-01,7.162781802381392726e-01,7.427573774704074872e-01,6.135694906380989577e-01,5.476150182382291121e-01,6.021578377686012118e-01,5.764808530950287224e-01,7.512008598298454132e-01,6.299447669150268769e-01,4.223630880638456486e-01,9.016958287678248363e-01,5.022682593697442854e-01,3.565074787567502623e-01,2.445296156127802212e-01,8.307942711758219412e-01,8.850922915698932192e-01,9.619052917334474095e-01,8.656540325810733183e-01,4.894143000373167296e-01,3.593394720941254228e-01,8.888654945147967945e-01,7.643010975403072838e-01,8.010371735007500993e-01,3.254356579470527727e-02,8.696042292528114448e-01,5.237186430695670580e-01,8.836090092362466342e-01,4.562344255059220810e-01,8.565081456588615749e-01,4.001748989926943167e-01,9.632438948869430639e-01,6.043272466181458524e-01,7.049273781456495414e-01,2.564322463549489894e-01,3.343955056999501907e-01,4.761390380353427432e-01,7.326034185277147115e-01,6.520743918134873640e-01,6.763924328305574996e-01,7.859529425457953966e-01,6.768945208462280316e-01,6.730191429780074674e-01,6.603079838493732812e-01,4.173405255625148302e-01,9.149329022627601393e-01,7.924059001948222658e-01,6.197044559743881686e-01,6.741999821959769879e-01,4.132914436517585721e-01,7.258152809460493016e-01,9.758091081599196137e-01,6.285147418701124700e-01,5.552613336397543842e-01,8.088166730567687424e-01,6.891762412106029467e-01,7.270967193113123672e-01,2.556294637057453523e-01,3.495568253617687970e-01,6.558019799900255409e-01,9.204262329367416395e-01,8.784990062913733411e-01,5.377898523102701001e-01,3.701401303935138998e-01,5.588256312841579643e-01,8.498425590229320425e-01,5.207827514022803639e-01,8.905814897493576909e-01,7.898729392449986841e-01
8.235136511540704918e-01,7.736299032110224294e-01,7.064835325377499808e-01,0.000000000000000000e+00,6.500960201248635606e-01,8.760848406584136328e-01,5.225576164754051067e-01,3.323223883451957850e-01,8.043799125869152133e-01,5.219613021893813043e-01,6.014939834193184787e-01,4.859302464113602893e-01,6.771734116112397839e-01,1.365853920799880439e-01,4.462783873926611244e-01,7.731693942380570839e-01,4.962360229304908499e-01,9.871960787010742866e-01,8.452851690142187957e-01,6.360570303321013697e-01,6.930447801486300241e-01,9.053494360960923082e-01,6.928669387415743453e-01,7.088358206409469675e-01,4.580625649097970764e-01,1.768494374969278513e-02,6.258429589283946992e-01,8.882613737444413626e-01,5.597075422959343349e-01,3.182996851502098434e-01,5.451679366997642662e-01,9.239223520505313036e-01,6.458346252712794389e-01,7.218872872319925804e-01,7.147028423108346962e-01,2.540303560790818094e-01,-1.181267027357123245e-01,8.206456245010400607e-01,6.684561043769055022e-01,4.842481804477677398e-01,4.109357487596675407e-01,2.875957315843328810e-01,6.751578518154002229e-01,6.227559353977412115e-01,5.589601446102532289e-01,7.928382422835397181e-01,6.562184079009382165e-01,9.379548949156335524e-01,6.583423458251116411e-01,6.565588704478670934e-01,4.742796453503669296e-01,6.272226673454727175e-01,2.620467012826030451e-01,8.294262023625053049e-01,7.839409396444128042e-01,6.859886721445135338e-01,9.945697322803170870e-01,6.875858545921911258e-01,4.579663202724140181e-01,2.998266425176665528e-01,6.874840334326451918e-01,7.973462802107069702e-01,5.284232013266976224e-01,6.991283277404501950e-01,9.742420577331948328e-01,7.639181963526607833e-01,6.737670114316192116e-01,5.292365873843156709e-01,7.708014428455072231e-01,9.171089697429850585e-01,9.389921998245467361e-01,6.481061022769958324e-01,7.397426256588932603e-01,5.367426288747492169e-01,1.547908836316992387e-01,7.007565732719091001e-01,5.816539471390722582e-01,4.872210653739037500e-01,4.749829993578698617e-01,-7.163722995948443306e-02,6.093412178225013909e-01,6.244504645102523233e-01,4.199540388926978896e-01,6.760785445737229615e-01,6.363129482416626237e-01
8.341372249687305507e-01,4.992602570954157160e-01,9.842663898534799172e-01,6.500960201248635606e-01,0.000000000000000000e+00,6.162971748987960963e-01,6.808315887178530978e-01,2.635058995666486048e-01,4.507612959408525133e-01,7.689443965025251071e-01,4.210225512611998622e-01,3.238953879837170313e-01,8.568790305548991126e-01,9.208575179887164008e-01,1.235978242763134949e-01,5.932158723815396106e-01,9.337924609963001998e-01,4.524076817654906213e-01,5.873822973670281833e-01,5.709372794254854444e-01,9.970665949066269684e-01,6.639802541737512831e-01,8.558392483430664610e-01,6.886939200648338755e-01,-7.989852134943724316e-02,3.640279877156056276e-01,6.141295807105666693e-01,4.392835883717344236e-01,5.711206784979883100e-01,1.237966131680084125e-01,5.863489118049846072e-01,6.841220155131937097e-02,6.150820966769826592e-01,8.320901496123563890e-01,7.924209782763582677e-01,2.630564465386138195e-01,2.616650977726336924e-01,5.298011542881707614e-01,5.987489956298044369e-01,7.325064056083377961e-01,6.853601590969566892e-01,6.662094828445273009e-01,5.430076693822571965e-01,8.162928887835769753e-01,5.261961475851547609e-01,6.907501307254213518e-01,6.964786422147123401e-01,7.156076087955965948e-01,5.524114128171313531e-01,5.970473000900479166e-01,5.737921000189410980e-01,6.011704754364508574e-01,8.709417331269737605e-01,8.121913647291776339e-01,5.855057266029296548e-01,4.289866497395389833e-01,7.028083771302664484e-01,4.452246041035363144e-01,2.828107707218834310e-01,7.778461961990509321e-01,2.130434060764772874e-01,5.290135617695469472e-01,4.292048129628822095e-01,2.230934172195480625e-01,5.811656861639331595e-01,2.491790432004302447e-01,5.763655547350628183e-02,4.746421165950532872e-01,3.333350888529548195e-01,7.586960181821886806e-01,4.520429964751793150e-01,4.962818570348940805e-01,2.488715778195741135e-01,4.165046054620594185e-01,4.184234875392668918e-01,6.688964696840291602e-01,2.647208935718678990e-01,4.737527164435981764e-01,6.581287965954979446e-01,2.877411770694724980e-01,3.282884706200632774e-01,7.307855282485080650e-01,8.651788091746080989e-01,7.791690194522268298e-01,5.675938718881412548e-01
8.120484396694896967e-01,4.494276691718113170e-01,9.032835658585817162e-01,8.760848406584136328e-01,6.162971748987960963e-01,0.000000000000000000e+00,3.388829530096029163e-01,5.821280270116051536e-01,4.663133046970016071e-01,7.147596998712114624e-01,1.598383902915194790e-02,2.266200800871860932e-01,6.605087458581152537e-01,9.964088797732348901e-01,7.606719595622554175e-01,4.053437187106551653e-01,6.679330480769068989e-01,5.192537158647122508e-01,5.830870911337601159e-01,9.604328431848225822e-01,7.295788589536540414e-01,4.526117114347836812e-01,6.068271762706273220e-01,5.491555111822272739e-01,8.605077798401129519e-01,4.423093241175699575e-01,9.252943350750503226e-01,7.662315428913066828e-01,8.544628094308737154e-02,8.571534403407195246e-02,1.391927710722966338e-01,2.077581030184121602e-01,9.718817632314881161e-01,6.067614882901184448e-01,7.128026213636978747e-01,-1.781615904400806472e-01,2.662420850171574593e-01,5.131789370705924780e-01,8.384452555387493788e-01,5.765230858186248808e-01,5.678714045873071159e-01,6.630378884364658276e-01,7.665368357311527214e-01,7.795813651631827712e-01,2.074741502736862919e-01,7.226776394557962169e-01,6.621561420211541371e-01,8.511293603243839101e-01,5.875971822794014976e-01,5.917029703340375146e-01,4.230414392517624078e-01,6.770697026670133845e-01,6.866426951573862958e-01,5.577257466073672898e-01,6.464200155690456029e-01,4.695466765988274283e-01,5.306642416409457219e-01,4.243879671414672594e-01,6.005364130811889911e-01,5.300766409907702315e-01,7.896936958645549565e-01,5.779546030640382304e-01,6.302265023445533521e-01,8.116149829138962213e-01,5.375960831706968479e-01,5.832259584903508598e-01,5.992486083882293535e-01,8.593302552684450868e-01,5.253433895276454768e-01,4.169372124178917782e-01,5.016015231614430192e-01,3.689557932129203938e-02,2.446299253576002253e-01,2.020792927488185842e-01,4.900841454189787116e-01,3.979566619878884826e-01,-1.797326291099003992e-01,9.194092833306746204e-01,7.575642471332039163e-01,4.096606910190838668e-01,4.205902872764814004e-01,8.206640033124094069e-01,5.000616287204665555e-01,3.487198977458136340e-01,9.731826699872860864e-01
9.618508947525967745e-01,2.601117839973730028e-01,6.758800297827276538e-01,5.225576164754051067e-01,6.808315887178530978e-01,3.388829530096029163e-01,0.000000000000000000e+00,4.927111658275612482e-01,3.315083570216392217e-01,6.875688119037157708e-01,5.633666581052406697e-01,5.889342167447713106e-01,4.845051823518725653e-01,4.476541568653085168e-01,7.633279413687701909e-02,6.494107175157093348e-01,6.402188082752554577e-01,7.950141783212545388e-01,4.183180788508045200e-01,7.461659337303900852e-01,7.086055622463868220e-01,7.005688237836290577e-01,4.984061798910849883e-01,6.362731569657263941e-01,6.176133690974866530e-01,5.475930128836968835e-01,2.641197143962631944e-01,6.623176104412555887e-01,4.841819930355892865e-01,6.232329638728134613e-01,1.313212566142597237e-01,3.245528616107110631e-01,6.177046505413996691e-01,6.533668568128073728e-01,4.996563309905144301e-01,5.518060270962831249e-01,3.349012753982668622e-01,8.692303062756689958e-01,6.556356105333809303e-01,7.679555404358899828e-01,8.623186522450060343e-01,7.519611151920941872e-01,8.994104914302823994e-01,6.007784440326365827e-01,7.976788662985534462e-01,6.213317242076408231e-01,6.399903941545184161e-01,7.088853201076462662e-01,4.767283334013751595e-01,5.076444054755191448e-01,7.861335782152810703e-01,6.082823777673180832e-01,3.590094029506100681e-01,7.357707147513250501e-01,3.048243924493459489e-01,6.115407848592238071e-01,5.563105699384698344e-01,5.270948433979633085e-01,6.465073112042701853e-01,2.564076862502948639e-01,2.990148539557392349e-01,7.307322988896624016e-01,9.945200705731555013e-01,6.939075170651577418e-01,8.618467763888391087e-01,7.831649265728595211e-01,5.175148701986548305e-01,1.130918959217993153e-01,3.808961750772154042e-01,7.948981009821847188e-01,6.175956206792233560e-01,5.998070225326310734e-01,4.639928557957078148e-01,1.166286485212886248e-01,5.382051555928450970e-01,7.350937163187358792e-01,6.024556171897824663e-01,2.827844918239636463e-01,5.766068085647124697e-01,5.104006459783817506e-01,2.345251644527558132e-01,9.645312445324616402e-01,2.378319518433576474e-01,5.559904162299685870e-01,6.847821663058483166e-01
6.635793034548571612e-01,4.289580428042346072e-01,4.770444685513153260e-01,3.323223883451957850e-01,2.635058995666486048e-01,5.821280270116051536e-01,4.927111658275612482e-01,0.000000000000000000e+00,6.648561366119714044e-01,4.597849218017316941e-01,6.061690451046566341e-01,4.582522544324532099e-01,1.414027696687034374e-01,3.036938447980774836e-01,6.713387500040950417e-01,6.205976680764712095e-01,9.506823813506771748e-01,6.835510616081402757e-01,3.575243197013810992e-01,1.245033238869842213e-01,5.912771265750532690e-01,4.405448691445160714e-01,6.549692932671064005e-01,8.099742961887230752e-01,4.385027173898644048e-01,3.334507533412845448e-01,2.198129337191163102e-01,6.610399675148839194e-01,4.125755311082093257e-01,5.197214002277952272e-01,2.871250425794226180e-01,6.090596466706909018e-01,8.599347940850535776e-01,5.333586652598190092e-01,3.344292310322517503e-01,4.880552209362357674e-01,4.683073835153926390e-01,4.105331485631800170e-01,7.476774107641742662e-01,4.260873695187770704e-01,4.679473505486480556e-01,2.653898571918342775e-01,7.740083472636700712e-01,6.095562898924405948e-01,6.402968330779033046e-01,6.090794890257879013e-01,2.093508232151052861e-01,4.750041071799011028e-01,5.096709054586436860e-01,5.569053367553733480e-01,7.760622782769166506e-01,6.203702127093853047e-01,2.798150752314260137e-01,2.738632270103077970e-01,6.273041690864942233e-01,8.666289880951176805e-01,5.934774415269408188e-01,5.578805524382667302e-01,6.134712585026327325e-01,3.871033504999705221e-01,3.427000261049079621e-01,2.007512872260869830e-01,3.375656692325526009e-01,6.519567534990298174e-01,9.779881009766001609e-01,2.015953951915909204e-01,4.266147581686174917e-01,4.347900043858551888e-01,7.876134934020161404e-01,5.743829768331489838e-01,4.779340155579800964e-01,2.949262305762622716e-01,3.118315577738131616e-01,2.132191035925601885e-01,7.926055587099825051e-01,4.354634727453952081e-01,4.196536660400863039e-01,5.322023649207301421e-01,2.758017669592849330e-01,2.473474852673003543e-02,5.121309298566150137e-01,7.567648979053260838e-01,6.386918046483799349e-01,5.185059437999639531e-01,3.812862470835872708e-01
5.169843935866610396e-01,4.523133960542964349e-01,2.036136806779516584e-01,8.043799125869152133e-01,4.507612959408525133e-01,4.663133046970016071e-01,3.315083570216392217e-01,6.648561366119714044e-01,0.000000000000000000e+00,5.466721289323087651e-01,4.855359299767483261e-01,4.581681603570602612e-01,5.945616342210393590e-01,7.245561824749421342e-01,2.303028818557811275e-01,7.925013297903928944e-01,5.522158257876094156e-01,4.990167022361845506e-01,5.912604328669879283e-01,7.223230703649619056e-01,9.341090832669877164e-01,7.604044276625616661e-01,4.319398180389514286e-01,5.307602812503350309e-01,5.817367192184180746e-01,7.129671446201113483e-01,9.339908006316336442e-01,7.827312550987160222e-02,6.399990661784304979e-01,2.247620333915055779e-01,7.438406874054520612e-01,4.967349646910292349e-01,4.260420091059486380e-01,4.513018492169745821e-01,3.249680520067890210e-01,7.600001351035338137e-01,3.146803544987705203e-01,5.246450302563433477e-01,8.260341757358559134e-01,9.950194600765376318e-01,4.537133818765370363e-01,6.300196723065866200e-01,6.177029639285367413e-01,5.827815912488076844e-01,9.957025094547562460e-01,7.752882693316031082e-01,6.709600347258584119e-01,4.107899256621426187e-01,1.812597150453620909e-02,5.261835453756156245e-01,5.338046767729515141e-01,6.361764602353943143e-01,9.045473824554675080e-01,3.036384803619075479e-01,9.289254262112653926e-01,5.613077527795726773e-01,-1.804939288050205204e-01,6.537714088717091476e-01,5.232854322233033706e-01,6.356562659145282845e-01,2.598714093687153337e-01,7.207086922568863852e-01,9.919909364148300490e-01,6.765460058626572293e-01,8.467800799698054215e-01,2.563231975645570149e-01,7.177135788004014305e-01,6.106906726812315611e-01,4.433062366394387999e-01,4.263321214445960350e-01,4.831721111479708175e-01,3.671825708346270756e-01,5.687987468088434584e-01,3.984634125184908227e-01,4.666060412119058531e-01,7.870250025837444152e-01,6.647749944750348527e-01,7.878745763768546517e-01,3.602596638897953563e-01,7.719296713107950403e-01,4.959350992092292354e-01,3.194813552766261888e-01,4.851275155640015213e-01,3.318159589709145374e-01,5.922521829122773251e-01
7.970226677181071473e-01,9.963557609853984642e-01,9.229283679822007924e-01,5.219613021893813043e-01,7.689443965025251071e-01,7.147596998712114624e-01,6.875688119037157708e-01,4.597849218017316941e-01,5.466721289323087651e-01,0.000000000000000000e+00,9.668063894020808569e-01,9.673074137718168375e-02,3.935326851703004891e-01,9.898712263611655349e-01,2.124066581350403660e-01,2.014887134697585513e-01,6.225983389696100323e-01,8.681321201334505355e-01,4.409826856964433883e-01,4.463910428641570394e-01,9.876154766691891407e-01,7.929673346219708874e-01,7.300372943748990595e-01,8.031356093026232879e-01,7.157023430593075775e-01,7.180799584885456666e-01,5.253172369338346970e-01,6.642617776746502223e-01,7.411245530239469748e-01,4.315660262788037493e-01,1.841741694649048078e-01,9.674939146085335118e-01,9.425072613387613929e-01,7.196984460810964546e-01,7.562465955272544837e-01,3.858276845189118620e-01,4.107165140073792409e-01,1.188884146877462050e-01,5.312242053504112604e-01,6.676296447982871252e-01,3.179658051017307807e-01,8.883932484470171698e-01,9.468236646241473542e-01,8.372658737093932046e-01,9.078422431308217355e-01,6.707698572166920226e-01,4.792695131442750722e-01,6.270815155550826248e-01,6.946255818652892211e-01,6.539670182134906806e-01,7.020783991707724159e-01,8.153116031324221247e-01,8.494263087046223237e-01,4.182810278726636910e-01,2.219092595930578782e-02,6.556137024391374135e-01,5.313276512344822233e-01,6.001484150130823592e-01,6.193603423078759551e-01,2.607271535277936314e-01,2.634768178121128512e-01,5.020596197561525420e-01,7.304478450121096866e-01,3.698236455576816573e-01,9.128721099882557422e-01,4.397667370248727892e-01,3.437573144972699835e-01,7.442147072661865481e-01,7.016315223798327283e-01,3.553850691174857968e-01,3.973950977091988968e-01,8.119667513176977991e-01,1.139352244077651427e-01,4.430611049510294608e-01,5.262199475596592846e-01,1.805350070200494872e-01,7.669856733117652592e-01,3.066166232747247200e-01,5.856484407639507284e-01,2.848225542603222138e-02,7.741384109083961906e-01,9.368019100191605775e-01,9.230616427465352380e-01,6.183040262482740745e-01,5.584243623653435407e-01
7.044529149739710006e-01,9.302904854206264229e-01,8.967203805126053862e-01,6.014939834193184787e-01,4.210225512611998622e-01,1.598383902915194790e-02,5.633666581052406697e-01,6.061690451046566341e-01,4.855359299767483261e-01,9.668063894020808569e-01,0.000000000000000000e+00,3.307753039350335156e-01,5.155519190225515969e-01,4.277686081561267173e-01,4.880102600388261935e-01,2.001144932202263138e-01,4.302828600630338451e-01,3.298339073064967542e-01,7.854338517934014163e-01,4.612533307870362309e-01,8.804940042250368748e-01,7.238617103995268476e-01,7.202031300769470290e-01,5.351773188708993656e-01,4.380523962439695218e-01,4.349182821340345506e-01,6.884420096609372708e-01,5.150400209645821237e-01,1.942546708661630483e-01,4.973870760870697794e-01,5.057398795872549702e-01,4.003999492660902382e-01,6.572642505941492796e-01,4.233643966896795119e-01,4.098843279333707068e-01,3.254027766421461743e-01,4.613471838329131214e-01,7.065190466817909964e-01,6.076625395614015934e-01,4.970695199227311845e-01,6.072816032458894231e-01,9.396429028264613459e-02,9.078657686194407939e-01,8.410122084732465364e-01,8.569011848719095825e-01,7.799803667365662330e-01,7.174654713758092939e-01,4.356688615079854499e-01,7.008241847770494415e-01,4.770327743279064170e-01,4.318484959094287534e-01,5.808408826687151416e-01,6.835510281455356996e-01,9.611335672959463450e-01,6.628265107829511837e-01,2.011540131987610835e-01,3.646950358688630933e-01,7.139808807071582608e-01,2.950258740467098795e-01,2.002654829014696991e-01,5.709789701368669368e-01,6.559180631747093537e-01,9.508485780740605353e-01,4.587612356477966391e-01,5.752363709687158266e-01,9.911118794683415612e-01,7.049145276454763520e-01,8.173063448030265521e-01,3.067409140145035962e-01,4.537385724556526889e-01,5.182777095831665459e-01,5.105566526129372562e-01,-1.953615513372995993e-01,5.570852267049783979e-01,5.028010565696123813e-01,7.279547193772839542e-01,3.112972240958311043e-01,2.945257482744502719e-01,7.699148062693855765e-01,2.928267679634142251e-01,8.719738450819088105e-02,9.794805984158251322e-01,7.316345597387226007e-01,7.098396943296289008e-01,6.782440672040073171e-01
5.847538137917986933e-01,7.888551116740328828e-01,-4.417617182120692210e-03,4.859302464113602893e-01,3.238953879837170313e-01,2.266200800871860932e-01,5.889342167447713106e-01,4.582522544324532099e-01,4.581681603570602612e-01,9.673074137718168375e-02,3.307753039350335156e-01,0.000000000000000000e+00,6.059480659474650865e-01,6.005704422370440332e-01,4.279274582713313291e-01,4.888278738627588882e-01,6.710241917808256185e-01,9.088404517232995250e-01,5.575969349120295515e-01,7.069978121016740058e-02,4.265176441479782143e-01,2.255547138295900533e-01,-1.176551919111741423e-01,6.121690767067388128e-01,5.247493959544242692e-01,6.128891375335409064e-01,8.060371817926796911e-01,3.935759206537092214e-01,4.705357289083737515e-01,7.187264168330698144e-02,2.948589412235257390e-01,4.281828504096638066e-01,8.751729440500004564e-01,9.890427221173434535e-01,2.626885489118525596e-01,4.022132790099922639e-01,-5.031214432928701741e-02,6.007864810116341214e-01,7.206875422565245382e-01,7.752550585486536194e-01,2.696305421319972195e-01,2.819906825056444633e-01,9.957713076107936878e-01,9.186162789261462791e-01,7.583864315449835303e-01,5.892176983732155815e-01,6.920782399498910387e-01,7.949902222728989498e-01,4.473694663271727268e-01,9.015243765878578897e-01,2.647362141615406950e-01,4.186868578973742538e-01,6.448332437632581238e-01,4.058381712257456697e-01,5.289790533293391439e-01,7.930026221853059276e-01,2.704938805892271314e-01,4.083509117208166672e-01,2.313949496893184798e-01,2.345998011648861015e-01,2.143777522878391184e-01,6.693409521801604312e-01,7.769819601823634292e-01,8.887657960910264610e-01,6.948291230992608147e-01,5.108007608159002011e-01,7.929206137885622674e-01,9.352615390796883421e-01,5.843248273666885595e-01,8.795381457521824764e-01,5.147615621991113999e-01,3.255484218172873812e-01,5.022193221293279608e-01,1.774282503052146132e-01,5.717322784111920075e-01,7.294734395571976782e-01,4.007211714919517997e-01,7.008722766004792382e-01,6.798045261538510076e-01,3.954233756555853851e-01,4.418612024687620377e-01,8.248055327850032370e-01,6.691529378531839711e-01,5.333495925670164173e-01,6.681860268068755548e-01
6.581330161267062717e-01,7.013055496936966282e-01,7.374508881595260856e-01,6.771734116112397839e-01,8.568790305548991126e-01,6.605087458581152537e-01,4.845051823518725653e-01,1.414027696687034374e-01,5.945616342210393590e-01,3.935326851703004891e-01,5.155519190225515969e-01,6.059480659474650865e-01,0.000000000000000000e+00,8.110490176542001217e-01,6.170399628614364751e-01,6.341675837711692187e-01,7.895298606007610243e-01,7.747760849959417495e-01,4.179182667656000660e-01,7.163623951806367129e-01,4.509586441165153725e-01,8.146071179312853738e-01,6.355885815777019276e-01,5.956663851198862325e-01,6.205154074760035332e-01,4.303330530656294672e-01,5.456328326213006896e-01,8.472819342028120593e-01,7.843502592445064092e-01,9.530724477877985934e-02,5.760448914424721734e-01,7.312080975317354348e-01,6.100900811618156228e-01,5.492889492847536914e-01,7.728189939485362592e-01,7.489337497859058779e-01,2.711698948992912195e-01,6.259730595593947511e-01,5.808859914907609223e-01,8.929320867196258726e-01,7.493948164087886887e-01,9.540461881127142441e-01,8.107057463946829579e-01,6.164543730115892295e-01,7.108919734166139204e-01,6.413952471505375286e-01,8.147891026841287410e-01,4.846427837787962156e-01,7.278864001074447643e-01,8.642901883171518751e-01,6.683063876974124629e-01,8.874409351244835209e-01,8.263219418013547646e-01,6.312428706669230838e-01,9.150326271256123967e-01,9.806945211530062601e-01,7.926705370126595485e-01,5.488691299701687898e-01,6.680853697149655712e-01,9.034638716777443346e-01,2.110043362593989058e-01,7.621158313543476837e-01,8.582472639744944676e-01,3.911482180577831036e-01,6.392567603588553693e-01,5.790154028833413014e-01,6.736106891078265102e-01,9.400191580201623376e-01,2.126684140273403245e-01,6.642019020218894454e-01,5.892922198985880433e-01,9.209876084251356065e-01,7.207494554855401470e-01,2.769393815427916850e-01,5.733897066125317465e-01,9.678683821230980033e-01,8.736415691132685124e-01,6.601417989955151722e-01,2.665709594634375901e-02,4.412045901652980051e-01,7.028516346285238470e-01,7.441346117884748423e-01,9.383473977200047500e-01,7.057445990444440875e-01,6.628832929412239450e-01
6.329380173026869505e-01,6.177301212216927961e-01,7.060980728873991197e-01,1.365853920799880439e-01,9.208575179887164008e-01,9.964088797732348901e-01,4.476541568653085168e-01,3.036938447980774836e-01,7.245561824749421342e-01,9.898712263611655349e-01,4.277686081561267173e-01,6.005704422370440332e-01,8.110490176542001217e-01,0.000000000000000000e+00,9.299859876840754769e-01,8.358579882057851629e-01,5.907028065739995393e-01,5.485083415591291978e-01,8.208557767427681062e-01,4.477201737669156967e-01,9.017468005838474854e-01,7.877159141739982495e-02,6.032045364357204731e-01,7.927926810962179216e-01,6.250220046988694822e-01,8.407630769196747789e-01,7.861461956983823995e-01,9.844751198075897269e-01,1.959079675595152004e-01,6.958891334782416616e-01,2.137179824051761989e-01,5.136110558707299711e-01,6.363611106785719285e-01,4.946474238511947008e-01,6.212615522188087436e-01,3.126733097657455884e-01,1.124034398850900784e-01,9.141670237894642392e-01,6.854162795837767108e-01,6.550656984507260416e-01,5.180252511243504943e-01,4.746000366001662529e-01,6.163723464757587811e-01,7.520126173641843437e-01,5.938131017315726456e-01,4.704453404753760060e-01,7.437774113317930924e-01,8.053391529171777252e-01,7.304199199910414997e-01,3.856707204779419307e-01,8.329621265054779622e-01,5.034852684277337787e-01,4.575845246450602755e-01,9.521961405475187767e-01,6.355822247943924141e-01,5.539881927473819800e-01,6.609354369746285318e-01,7.979249213250600992e-01,9.539524328670280218e-01,4.033985589796492688e-01,7.985303835863331035e-01,6.938383686180602528e-01,9.964439468087613605e-01,8.443915480679173857e-01,6.759524947368075187e-01,5.962564594264838647e-01,5.355735541751150963e-01,9.950527843605383449e-01,9.667583685857303877e-01,4.767021545509379510e-01,2.439815199456825678e-01,3.043301917290672787e-01,4.959975469740247611e-01,5.815317058281014306e-01,3.150959576377693749e-01,5.967319687892533864e-01,6.130179776056576824e-01,6.919779891082736833e-01,3.055941731406480733e-01,1.720695546218245775e-01,6.873167020284559614e-01,6.263380436259301520e-01,4.116446117339268018e-01,2.161589243378395087e-01,5.098855112314367721e-01
9.534915093601725733e-01,6.464897899511725665e-01,8.484909617450540065e-01,4.462783873926611244e-01,1.235978242763134949e-01,7.606719595622554175e-01,7.633279413687701909e-02,6.713387500040950417e-01,2.303028818557811275e-01,2.124066581350403660e-01,4.880102600388261935e-01,4.279274582713313291e-01,6.170399628614364751e-01,9.299859876840754769e-01,0.000000000000000000e+00,4.736384578911311261e-01,5.681191023914314853e-01,6.253990635510678908e-01,4.565468586022739528e-01,4.383524152426955256e-01,9.046772575732971999e-01,5.206753429268460298e-01,5.570773979008355470e-01,6.713736651632731256e-01,9.220332907850932180e-01,7.265118415058080537e-01,8.343831874485844180e-01,7.841373481696765069e-01,3.949311098462531255e-01,-1.008792940904890134e-02,3.660080630030930759e-01,7.738468573646899440e-01,5.202633526974032030e-01,5.285509488594966054e-01,5.290511814203048280e-01,1.192190548899609431e-01,4.207251302498776768e-01,2.191562125739672240e-01,9.427992618053039342e-01,7.599208883672649018e-01,7.167397613155329639e-01,6.840876904020678495e-01,8.398015727011046705e-01,7.150228800919850025e-01,9.310696692455963097e-01,8.395599261877261243e-01,4.382489516787569372e-01,4.508210776440293444e-01,4.769844267522276304e-01,4.355073055500076062e-01,4.954121364374811654e-01,7.652052401932967207e-01,5.781409815425668786e-01,9.765834265029915695e-02,8.926097914722631588e-01,7.090042815242911800e-01,7.661878475752260664e-01,3.781219681769112939e-01,9.131838231449608267e-01,4.240589574662716466e-01,4.078009706413154856e-01,4.052225188929581279e-01,6.971232668372142616e-01,5.410310531982468474e-01,6.987432971537913540e-01,7.304584378466862926e-01,2.255726596589021082e-01,3.277071417631663985e-01,2.930308234338829809e-01,5.339304582603613403e-01,6.756773300827393358e-01,4.120833483240697870e-01,2.185299069918671955e-01,3.947748038463906317e-01,5.653314234951001271e-01,9.626557901520446103e-01,7.412906190589843014e-01,3.866865372415356772e-01,5.032446876876398578e-01,5.219224168211901160e-01,8.208656304726958952e-01,7.158435152354867270e-01,9.184383797588703269e-01,4.885231101133459819e-01,8.379899310063995133e-01
7.113846831885390909e-01,7.647949849034145764e-01,3.373358071703048133e-01,7.731693942380570839e-01,5.932158723815396106e-01,4.053437187106551653e-01,6.494107175157093348e-01,6.205976680764712095e-01,7.925013297903928944e-01,2.014887134697585513e-01,2.001144932202263138e-01,4.888278738627588882e-01,6.341675837711692187e-01,8.358579882057851629e-01,4.736384578911311261e-01,0.000000000000000000e+00,9.337038059391540301e-01,4.847497925784612915e-01,8.381570072389770143e-01,7.169292810014039619e-01,8.692545760494805318e-01,3.072334929828078876e-01,5.010884670847167710e-01,7.179325744536713128e-01,3.130857493901816890e-01,6.909818502675251217e-01,7.918290159942273920e-01,9.398668332724260388e-01,4.327038272733818025e-01,3.259577772077338897e-01,3.526311234691513752e-01,4.857844071727371316e-01,7.940435890537460573e-01,6.480580136178493156e-01,7.988862530843453547e-01,7.548486573822690282e-01,1.613121977771459215e-01,4.349001744592986829e-01,4.776780694209579736e-01,4.267200481463599426e-01,5.654310886095749167e-01,7.402856900756136227e-01,8.912995943122213882e-01,7.552728489515105892e-01,9.689292824837718587e-01,8.724041948472569530e-01,6.501325903022936448e-01,7.674134281220078568e-01,4.554049095809699632e-01,4.817787477298208221e-01,3.988290730869811229e-01,4.108104886984522697e-01,7.259884829124709782e-01,3.236439262619257295e-01,3.613813649517733650e-01,9.505543209123474835e-01,7.616611193426808812e-01,8.404475978332757169e-01,7.745996052071252302e-01,3.463385741768880699e-01,4.709380257318421248e-01,5.485494694189122500e-01,-3.945656317144246583e-01,9.024693039587815546e-01,7.637847732088883790e-01,1.264280303728411992e-01,6.056168614176916654e-01,7.800458307719738693e-01,1.114108423498544193e-01,5.542473872748855390e-01,7.381236436286260361e-01,1.464052990574890023e-01,2.019130837224966946e-01,4.606452347866837327e-01,4.461060609110301667e-01,9.664776890599185988e-01,6.754755708620869825e-01,2.776926600946486579e-01,2.850095948877197638e-01,3.698693457537217677e-01,3.942341042685346131e-01,5.347797715716950950e-01,5.821136864032812053e-01,6.054578658580977990e-01,6.430987058494272990e-01
6.433212548339489745e-01,6.391117121114550104e-01,9.641151590200905952e-01,4.962360229304908499e-01,9.337924609963001998e-01,6.679330480769068989e-01,6.402188082752554577e-01,9.506823813506771748e-01,5.522158257876094156e-01,6.225983389696100323e-01,4.302828600630338451e-01,6.710241917808256185e-01,7.895298606007610243e-01,5.907028065739995393e-01,5.681191023914314853e-01,9.337038059391540301e-01,0.000000000000000000e+00,4.693511907365974234e-01,2.183992441197698253e-01,6.116446695769509612e-01,9.675797884667688420e-01,8.705649597110179938e-01,2.211586836642683573e-01,8.562371743669285884e-01,5.589459932315052892e-01,5.327182596671494741e-01,6.835200872652511528e-01,8.246317721793474664e-01,7.276911338440444910e-01,5.270316829338230757e-01,5.566287025335869831e-01,9.958390981559482880e-01,8.491889088353309079e-02,5.550890682091711437e-01,7.497508146824140018e-01,-1.865186398295148873e-01,3.588778006235204820e-01,3.070846450749029621e-01,7.113813689212079572e-01,6.044285881592751375e-01,2.565905785058320010e-01,7.098686418392345931e-01,9.484289596545889545e-01,4.258331355317723221e-01,4.953812741580727042e-01,6.638535389002009346e-01,8.711464403168498460e-01,7.615098998905226457e-01,7.509425288690864120e-01,7.187927048955031761e-01,1.667438930561269406e-01,8.244297807810552214e-01,4.015449661137239223e-01,3.841549077393603961e-01,5.899143469570360399e-01,3.196621329550277113e-01,6.470494229739228720e-01,9.626490085671388641e-01,2.958907625590866952e-01,7.861786730511126642e-01,4.299839599429954307e-01,8.471193707612095780e-01,7.934496989319246296e-01,3.954721338433099809e-01,7.042618105640503501e-01,8.677253837521643476e-01,6.811691499819283457e-01,6.713030691273085271e-01,4.866271263645043366e-01,7.656312480328025805e-01,6.790261780947055570e-01,7.080661742028495631e-01,3.309982474177757261e-01,3.458137124319921041e-01,6.264633282906219014e-01,7.359798727648579897e-01,7.956147280348409012e-01,7.885686683449912859e-01,5.869420992239016144e-01,1.298562054159077828e-01,4.645571429359479643e-01,6.843386235932159556e-01,5.242048699527770417e-01,3.933281706304796455e-01,9.591724372209894378e-01
8.115004925683022563e-01,8.264874414149392390e-02,7.331810495105051118e-01,9.871960787010742866e-01,4.524076817654906213e-01,5.192537158647122508e-01,7.950141783212545388e-01,6.835510616081402757e-01,4.990167022361845506e-01,8.681321201334505355e-01,3.298339073064967542e-01,9.088404517232995250e-01,7.747760849959417495e-01,5.485083415591291978e-01,6.253990635510678908e-01,4.847497925784612915e-01,4.693511907365974234e-01,0.000000000000000000e+00,7.609940268666762764e-01,5.693838682962765185e-01,8.455424717536679236e-01,5.992428898075913279e-01,6.981550626059493947e-01,6.959219750748439903e-01,6.951550948184136158e-02,2.816554604663046857e-01,4.147033564299335007e-01,6.623151158420543805e-01,3.954329988016134223e-01,5.694150692933910296e-01,3.952292395623307475e-01,3.845071732389687691e-01,3.503129829708263587e-01,6.427918799179057618e-01,6.342889966451423778e-01,3.093288066524057522e-01,2.826634568190140584e-01,5.493921103504681991e-01,3.108690558840521145e-01,9.877862119211289205e-01,3.225226998444953308e-01,4.712329899981760883e-01,8.862902079773932185e-01,2.888525486937581002e-02,9.680916554281819852e-01,3.157238261665729073e-01,9.825135913112084118e-01,6.938982274378834303e-01,5.022002861135600460e-01,3.507998423929068466e-01,2.577829061895097751e-01,3.262079797889005373e-01,4.176929868463887807e-01,8.268545740880771655e-01,5.780998313250609311e-01,7.122321415123389343e-01,5.372064922775611207e-01,4.996960685026278215e-01,4.856709488696727139e-01,3.064753070149829339e-01,6.489745145477605615e-01,5.541893050033322998e-01,7.099808472827244810e-01,8.261536302504292051e-01,8.082381226060300072e-01,4.742724891302639301e-01,5.517216617813858193e-01,7.323750249912014398e-01,6.332370954473884872e-01,8.551505166314372630e-01,7.314756517088623067e-01,6.866783088949526270e-01,6.934721360031533832e-01,5.787178591472428302e-01,2.771124284753460065e-01,3.272706696355672795e-01,4.268460712875547514e-01,6.135057946006351459e-01,5.023305317310350349e-01,2.730614068494435775e-01,3.029760932790259709e-01,8.295202812820111626e-01,2.209948536410318576e-01,5.611481368666522140e-01,6.370408472941303524e-01
