0.000000000000000000e+00,7.078348361004536127e-01,9.795065193659777680e-01,9.063867807367180784e-01,9.459965040061035779e-01,5.164480471591725852e-01,6.651953883070756135e-02,6.659339510570391196e-01,7.301027071896444287e-01,3.379257759247855653e-01,7.294624316947856402e-01,5.279067896743170341e-01,2.433129023612251307e-01,7.913052753930610583e-01,9.653622200036546808e-01,3.181175003669581280e-01,2.876813050159927609e-01,7.009846182788485036e-01,7.899346493841484795e-01,3.775488681886383091e-01,7.468961901387428659e-01,6.779146448818772486e-01,4.225118494057156227e-01,8.082497019478190881e-01,8.380315663967479178e-01,7.044243767319894323e-01,9.995705861828638739e-01,5.611923547186034034e-01,2.105574295756816317e-01,1.440644197909079216e-01,2.960831982880594571e-01,9.405250416990609263e-01,9.299473228916720347e-01,8.487024321444907038e-01,2.474105478766336352e-01,5.454907407930957852e-01,5.450382576460533098e-03,8.063291189795748215e-01,6.969813630262448045e-01,9.776706399837824524e-01,3.582507795703211984e-01,9.392438501752072844e-01,7.000348233735230741e-01,4.959535477815742444e-01,8.752366189807558872e-01,9.201400024866077665e-01,9.041510402674232116e-01,8.693442007038140185e-01,7.918145721074758558e-01,6.534620527723662420e-01,7.108925179004967898e-01,4.544939592930678507e-01,3.837018914269144654e-01,7.142310497778587841e-01,3.491152037847771172e-01,6.606161724777599442e-01,7.192940996388319519e-01,7.796155673915367013e-01,9.133947428354908249e-01,3.076028666288472269e-01,5.473481111373292851e-01,5.899689700005329440e-01,3.430977211121404302e-01,6.608590570861387903e-01,7.825851116330881929e-01,6.767917415592737962e-01,5.642857697791809901e-01,2.879005013784427525e-01,7.568242701829287489e-01,9.578984851004490597e-01,7.388356727257618939e-01,2.331442694872145338e-01,4.300626538978602302e-03,3.891729699047384861e-01,7.248666679491835296e-01,2.851786513092930964e-01,6.607149430776988464e-01,9.947748018145439186e-01,7.457971106952905327e-01,5.701471029465313700e-01,4.635286922374582397e-01,7.150554457176725442e-01,5.829537963057902505e-01,5.497794461508898056e-01,8.928424011938909111e-01
7.078348361004536127e-01,0.000000000000000000e+00,9.650157690702220181e-01,4.303580926668894024e-01,4.501172539365291270e-01,7.610659416804983479e-01,8.766457197451811290e-01,7.818705495849416209e-01,8.063259904033370784e-01,8.205896893307549345e-01,9.638403154665118322e-01,2.966362941234036432e-01,2.599610987156089625e-01,4.105179782102217345e-01,9.045173947868709874e-01,3.379874216143321508e-01,4.803356663485125466e-01,8.688051056818768547e-01,7.949063611505835514e-01,1.516355522026888863e-02,7.515638810235061307e-01,7.160573368907666714e-01,7.517602340572755448e-01,9.536769411124964568e-01,5.687776791573651014e-01,2.698910503801544292e-01,7.939502584887039305e-01,9.370167049495037315e-01,8.412909376814409201e-01,3.027749401864867074e-01,3.609585552245397899e-01,2.421816463544505527e-01,3.689078972178836402e-01,3.295053618159433650e-01,1.027097446051013045e-02,5.441727186938120076e-01,1.067176164640548652e-02,5.692983538428381118e-01,5.470690658467394218e-01,6.490718881739419022e-01,1.998630888152168328e-01,6.136075215360377033e-01,8.205068759428054692e-01,9.487585619159399908e-02,8.908896639169353593e-01,9.046360559641350996e-01,6.484851764551320397e-01,6.105026546378641283e-01,4.906281458551815522e-01,4.815492361035042523e-01,4.289999537748039882e-01,8.500458094018841226e-01,7.469512516884165843e-01,6.886020870999706167e-01,9.266722831983137398e-01,7.098570363123188898e-01,2.638811275559058700e-01,7.706444893551998021e-01,4.956391662652826491e-01,2.918434667063176113e-01,1.093503999079379896e-01,6.668651511251217912e-01,6.410455944121962180e-01,9.627042848913086592e-01,9.126647981702298296e-01,5.136712734087489629e-01,5.211228731183514817e-01,5.637049137610377070e-01,6.997368126747445238e-01,6.132279732191141530e-01,7.695381182466247694e-01,7.772264981733780775e-01,4.791431099534956828e-01,5.346043320795630382e-01,7.866094501825212637e-01,4.495593762176892938e-02,4.123074312449998002e-01,2.620131706380293690e-01,4.738916845005730072e-01,3.361958252073791176e-01,9.394889338148301183e-01,8.307661734825355637e-01,6.505041141459428911e-01,2.094368317316652184e-01,4.690343811243562477e-01
9.795065193659777680e-01,9.650157690702220181e-01,0.000000000000000000e+00,6.331414123930367843e-01,5.127916627073679789e-01,9.036692602609233127e-01,6.567395514668541434e-01,4.265104910448455633e-01,8.933123374188508548e-01,9.790983229512151276e-01,4.295316421060336731e-01,8.336155863960563739e-01,6.918530822309691963e-01,7.862129265379638188e-01,9.717071061086697270e-01,4.237689549998797101e-01,4.892651034320517622e-01,1.568394580945273731e-01,4.992783561013681148e-01,6.107451991900698651e-01,8.807671438524614649e-01,5.446731712061896324e-01,4.518003992511012146e-01,7.296645631344783611e-01,7.280624007206535353e-01,9.042010761675575159e-01,6.103496856294891026e-01,7.894466332353557991e-01,4.083062173232804293e-01,4.777226026404066683e-01,-2.559347844096739322e-01,6.798322780004059096e-01,8.054267169695621398e-01,8.778617741484295856e-01,6.923624870623242833e-01,2.892205023122987884e-01,1.199537498684254411e-01,8.721331753079807347e-01,8.046393458477942850e-01,8.653729956717657323e-01,6.377611284873785369e-02,7.085787175113515968e-01,9.456962170502997145e-01,5.304444229952198775e-01,7.566257178113781068e-01,6.184763289516967966e-01,6.890142339895097834e-01,9.618263387915915175e-01,3.771752119065434061e-01,9.851932713658518859e-01,7.518037248437355879e-01,6.841393078100602709e-01,8.380004214536624918e-01,7.449593301138870416e-01,8.964646854935622855e-01,9.004339690010968456e-01,8.843431350260003709e-01,5.840412600525366482e-01,6.963758561117449064e-01,1.680034419718780536e-01,5.968947918321911850e-01,8.352804779841360716e-01,8.465046501787074629e-01,2.229852308550611117e-01,6.391875233774449994e-01,9.204348037141636407e-01,7.939998569929458405e-01,7.739546346442415237e-01,3.104633613531432301e-01,7.474624020213077591e-01,4.235621929239510863e-01,9.758292560067124422e-01,3.539129368700606459e-01,3.062268892502280626e-01,9.241403814781317116e-01,7.175613608614694883e-01,7.713804739419014567e-01,7.706961625955035533e-01,-1.093594597886352326e-01,4.714307803509055206e-01,6.997809098577520981e-01,6.271423737115385810e-01,8.456360775778528627e-01,4.636567740129384774e-01,9.306715356067412070e-01
9.063867807367180784e-01,4.303580926668894024e-01,6.331414123930367843e-01,0.000000000000000000e+00,5.572127511084818963e-01,6.631584142949182858e-01,2.062254832412765970e-01,-1.250910238329242252e-01,8.393382922587970807e-01,4.666986944155316896e-01,8.426944057493616080e-01,7.516848118661889622e-01,9.107504193604030185e-01,6.257686215654231221e-01,7.275605123814310460e-01,8.818974697535403307e-01,6.209106323074299327e-01,5.452993868338318340e-01,7.222905669132272388e-01,7.046283792010353819e-01,7.077145185789927018e-01,7.414851028582321035e-01,6.632251520578275050e-01,9.384425782508662994e-01,7.059740204803164332e-01,2.118894793480939065e-01,8.247812300132363328e-01,9.784776026921635506e-01,3.902586552168870737e-01,2.263628454610438490e-01,5.661334517563578750e-01,7.911244819518795657e-01,6.697305270766045204e-01,3.156767972208703310e-01,8.885976333402225702e-01,5.910967561597746389e-02,-3.269680269891658830e-02,5.673744820836859049e-01,7.500144541251381192e-01,5.477580668793000651e-01,3.443667038470924480e-01,4.536905016952134106e-01,8.708497937149941581e-01,5.612124086960026403e-01,7.523972067556280452e-01,7.824814149181383849e-01,8.043048383101945031e-01,2.452386511997989849e-01,2.452587301342185055e-01,9.269103694681768424e-01,6.300373966019796601e-01,6.115330606443533101e-01,5.524542831808437748e-01,9.562406922414685706e-01,7.449871714504994191e-01,2.194507466907167359e-01,2.886790464951820567e-01,5.392210241910444513e-01,5.835056378723743054e-01,3.173499675001838494e-01,2.135768978640699978e-01,6.961211711007432301e-01,6.715932783752901480e-01,6.398413733491500333e-01,7.256642707365664746e-01,9.437318581876017465e-01,5.951142534203011092e-01,8.881768994950980378e-01,6.935648956557920464e-01,9.240546342462985230e-01,6.097454472523816671e-01,9.911400822084217577e-01,5.802297810119909638e-01,-2.299762819689214199e-01,2.122191665648218428e-01,9.900554484540663447e-01,1.469768850645336300e-01,7.750225036259106304e-01,3.086420897179666945e-01,2.202519023097190831e-01,3.116708812402461115e-01,5.888342589387612902e-01,6.652639397909028141e-01,4.037168675018906749e-01,7.753346400753414747e-01
9.459965040061035779e-01,4.501172539365291270e-01,5.127916627073679789e-01,5.572127511084818963e-01,0.000000000000000000e+00,4.307376117582190633e-01,7.257917433832531406e-01,6.772325103842242733e-01,5.764881645660892007e-01,5.434725730255451914e-01,9.233462743384647231e-01,4.634788758101603956e-01,8.100039683313344785e-01,7.561045021989890591e-01,6.594892090729473910e-01,4.983062305052859964e-01,8.700361425865987819e-01,4.288193149194391429e-01,4.170296301002678896e-01,7.000954943126063146e-01,5.987850523794930879e-01,5.478352311393883678e-01,4.038138737972434833e-01,9.837352375627683720e-01,9.467003939170373084e-01,9.414373368437348732e-01,6.563595320069542938e-01,6.621374432593783999e-01,2.705162217434655125e-01,5.531358244400571555e-01,1.845353749571730928e-01,7.701847524154108449e-01,6.584226057359711115e-01,7.677563700127071344e-01,4.417034292092328340e-01,5.365719922644415218e-01,3.727489055156335551e-01,5.499363358641287114e-01,4.842550877010621257e-01,8.141754549654122153e-01,6.284163509964894034e-01,4.963426799981601190e-01,4.896002384301022525e-01,3.867330839002239840e-01,7.563305515516124400e-01,7.975072910355620603e-01,8.004555947361808865e-01,7.747590841519111926e-01,4.383800726696071015e-01,7.361088180763917244e-01,3.117699750819065418e-02,5.849506167152775937e-01,5.334990521070579472e-01,4.479660337241322954e-01,7.872481499089756252e-01,7.651081478754031551e-01,6.148952254887650737e-01,3.808714610038376192e-01,9.582085799225235068e-01,1.382907581546468645e-01,2.681058287164703735e-01,7.818639059197103336e-01,5.671949696263997032e-01,5.792957362620221318e-01,7.926574806423416497e-01,7.943780057614771017e-01,7.710579461875530782e-01,6.677608670815911029e-01,4.560160257232913072e-01,4.615592189797837475e-01,5.311717633527234250e-01,3.717624082942768693e-01,6.345447465103413176e-01,9.582300208669210229e-02,-5.861510018197479965e-02,7.355407238161764116e-01,7.547456273417780803e-01,5.477692554995967633e-01,6.286319542159499729e-01,1.732183015916437530e-01,1.664636616883570508e-01,9.342636819112883906e-01,6.221822760241596528e-01,5.766980027224324346e-01,6.241110634006449276e-01
5.164480471591725852e-01,7.610659416804983479e-01,9.036692602609233127e-01,6.631584142949182858e-01,4.307376117582190633e-01,0.000000000000000000e+00,7.702122853924936452e-01,6.331397825383323630e-01,5.441952914728257484e-01,6.285421739191474622e-01,7.206339316863754618e-01,7.088290405114306969e-01,1.546288547160285520e-01,7.631078290705275435e-01,6.372817085821878003e-01,5.434952370616691342e-01,9.672952813977143682e-01,2.183104563137854837e-01,5.965659961934550726e-01,7.027278415550908264e-01,8.888662997004825872e-01,3.397675162779594665e-02,7.866785940436352709e-01,5.301030674012441324e-01,5.683271922774720819e-01,8.266721142288084856e-01,9.400829728994453127e-01,5.562942231837526563e-01,6.422163009362170660e-01,7.456666014262212094e-01,5.106296828173173541e-01,6.831952973937869267e-01,6.649417342077934556e-01,9.296949988056695258e-01,3.319621949014804896e-01,-1.466374973116615910e-01,6.359882032266025442e-01,6.332037354295158016e-01,5.352154838421404603e-01,9.026434024747990170e-01,4.178833541259474038e-01,5.264980941560795102e-01,7.112228730493014295e-01,8.807459223502841494e-01,7.808059691742137431e-01,6.517815306251590890e-01,2.660941452190365153e-01,4.931246106778468530e-01,1.488707890126217126e-01,2.840899255767677101e-01,4.526416124613855119e-02,6.861823841036338578e-01,6.981305631871531636e-01,7.522494821838036083e-01,7.811063033829706015e-01,2.090293881139075605e-01,4.758220960232991681e-01,9.830307947478584829e-01,9.932864387604417589e-01,7.727618273847031150e-02,4.692655839074591495e-01,7.926578248517619496e-01,2.238474402183570910e-01,5.271277499324754645e-01,1.359804733357652430e-02,9.672771703947642408e-01,7.469533079723377211e-01,7.776176948687953949e-01,4.120806294970679184e-01,2.251880777682594426e-01,7.921698129632589458e-01,7.890139677495965342e-01,4.853903894539999819e-01,4.485017975193035800e-01,3.403752167344742396e-01,2.554670774782431542e-01,5.544981141995481977e-01,3.007668705470286086e-01,1.878463655533409993e-01,4.137237255430137317e-01,5.177823453255573360e-01,7.026272511496756135e-01,7.888639584208607669e-01,5.461740990266773510e-01,4.374717764480013371e-01
6.651953883070756135e-02,8.766457197451811290e-01,6.567395514668541434e-01,2.062254832412765970e-01,7.257917433832531406e-01,7.702122853924936452e-01,0.000000000000000000e+00,5.177868859447709582e-01,7.735164387117137164e-01,2.475466910175773416e-01,7.895305998672208503e-01,3.046994352086034377e-02,1.117234068202239798e-02,4.057845980480652148e-01,9.144425548286494454e-01,4.623424994058737969e-01,9.580673847707217305e-01,4.967785564297059753e-01,6.009982531737428912e-01,9.718886110911335585e-01,8.361584597048484779e-01,5.204016301858104265e-01,-1.298023218844647220e-01,7.770534317360486831e-01,-6.511324612150565239e-03,6.011244401324645770e-01,2.238371498450331121e-02,4.879839444600839737e-01,4.347814471844485551e-01,4.335986984362726337e-01,2.276425228740129036e-01,7.743429149210494522e-01,5.931737556712854964e-01,5.053277590810486553e-01,7.911050536229156105e-01,6.300836490589889483e-02,3.840428705259940623e-01,2.873205793813462527e-01,6.664107120511122417e-01,7.328692389183451006e-01,4.490922595197065492e-01,3.725647649309812848e-01,5.267846950432313324e-01,7.640114075856616616e-01,8.877517351250595601e-01,6.513882621923721139e-01,6.985601325714452248e-01,6.449409952904263665e-01,2.666301562207558651e-01,2.781250299687153538e-01,2.520708452757729479e-01,7.141402294398968564e-01,6.183838316321416118e-01,5.165596428353719238e-01,5.517579398061507323e-01,8.926462257605599637e-01,5.417455484738120663e-01,2.565548304309880900e-01,8.971816281443076857e-01,1.252937058009007121e-02,7.002584723258262756e-01,7.119841018101809027e-01,7.326590908339423169e-01,9.072350039400127741e-01,9.423231582299672615e-01,7.410524946908343402e-01,5.780361816278967169e-01,8.530117874869533878e-01,5.910736697343567103e-01,4.967602743135385857e-01,7.853979119804064268e-01,6.236428872559481862e-01,4.278789951396106406e-01,1.132957545235508401e-01,4.828592757470904218e-01,3.804584527462308574e-01,5.720943424681411704e-01,7.449182154875791939e-01,2.693032139938902336e-01,6.347139625010912445e-01,4.083199623562335234e-01,7.320697455959732647e-01,2.317142081406351473e-01,5.441698667834169445e-01,4.179579667881472282e-01
6.659339510570391196e-01,7.818705495849416209e-01,4.265104910448455633e-01,-1.250910238329242252e-01,6.772325103842242733e-01,6.331397825383323630e-01,5.177868859447709582e-01,0.000000000000000000e+00,7.084561025033461190e-01,6.238785144431854279e-01,6.043241566216174254e-01,5.548153148271081081e-01,6.358768156776450908e-01,8.556613061224490613e-01,7.180889099055368652e-01,6.116001091860485683e-01,5.936314364376493735e-01,5.862348279644241655e-01,5.683893176832022220e-01,9.930626213620726839e-01,9.489081945077397773e-01,7.143671822183914610e-01,5.291044174770385133e-01,8.894609381503888468e-01,4.384526457813890388e-01,4.805253665420262665e-01,2.328560510436963882e-01,5.558585089937170265e-01,5.621188317314925742e-01,3.721072073563538862e-01,5.713678419027142796e-01,6.816268573635644312e-01,5.233342970579064612e-01,5.548013598533502178e-01,6.624350748693588198e-01,4.702176021480802270e-01,5.001671791390580601e-01,6.424769697903630339e-02,7.005521051637240149e-01,5.448962359282798484e-01,-5.244986254625641497e-02,9.117395394954050936e-01,6.236909028221636619e-01,3.057350266531195793e-01,4.078462682320339039e-01,3.110884908816225480e-01,7.563524204694211939e-01,6.710207506379815001e-01,6.334190994620851889e-01,1.121470121364977479e-01,2.326515914270013974e-01,3.376557624953351322e-01,9.710120837925345638e-01,2.591526145579556295e-01,8.942915006767643282e-01,7.282088362571472739e-01,7.873310471429260105e-01,5.616114887766383568e-01,7.155285769097179394e-01,2.027179145136641103e-01,2.946687608065634567e-01,6.900209257283197450e-01,4.838167667246925374e-01,6.895046701203921824e-01,5.854333252653654007e-01,2.020821013626963591e-01,8.022439429691057278e-01,7.986968878066449395e-01,6.316336883051836271e-01,6.314369658294785026e-01,9.765947440128456281e-01,3.615518784485595161e-01,3.488194930485583045e-01,2.307634628814973499e-01,8.445487200917867199e-01,7.956025493630269896e-01,3.546190671628196567e-01,7.549467680074558595e-01,1.978838985277033002e-01,3.791543481140239313e-01,2.993706872323614876e-01,6.719855932375389251e-01,8.720291494751510886e-01,7.247909517307056237e-01,3.216210999792412095e-01
7.301027071896444287e-01,8.063259904033370784e-01,8.933123374188508548e-01,8.393382922587970807e-01,5.764881645660892007e-01,5.441952914728257484e-01,7.735164387117137164e-01,7.084561025033461190e-01,0.000000000000000000e+00,7.953112800688506567e-01,5.467728097674828813e-01,7.019024019639948930e-01,7.605975784782177396e-01,7.019091330604296797e-01,9.575608497676912911e-01,5.161936896081882331e-01,7.896216079352491590e-01,9.009758880297019656e-01,4.119672803837360897e-01,8.613943881640457878e-01,5.897952925845248995e-01,6.542762283239762500e-01,8.500077223687956263e-01,6.591285199672940465e-01,4.488636111597073541e-01,7.545911620229579508e-01,9.573305160483014387e-01,4.656518279784735426e-01,5.874873181429788316e-01,1.478843474094638510e-01,3.552618783884586851e-01,2.421583611185767204e-01,7.268640080616454169e-01,5.184743293844241707e-01,5.920547772187412239e-01,7.304850693584432619e-01,2.753841297251155562e-01,4.943188477185062046e-01,5.502369225511132278e-01,6.251810539016123824e-01,-1.512074786426611528e-01,5.008000611807569280e-01,5.843665252092544726e-01,7.824874945528077497e-01,8.335989071663191252e-01,1.052239731668145467e-02,4.160001994530380665e-01,2.319698672114024474e-01,6.475113405869784566e-01,4.658031010389756393e-02,6.762062175138954245e-01,7.852214517036789632e-01,6.303280648718717627e-01,4.661312270062904495e-01,7.268219290615967054e-01,4.812655084161965302e-01,6.001609292345688740e-01,6.583297398974597980e-01,6.721158384357601712e-01,4.847233827988187693e-01,5.781075516902733913e-01,4.138860940819515943e-01,2.679514452743654296e-01,7.096545052782814444e-01,4.475730880519737109e-01,6.950658564369847081e-01,6.901285208539946758e-01,6.504116661153176437e-01,5.740098774396041881e-01,3.459902581125277043e-01,6.024472002625104183e-01,9.062539900940574933e-01,5.078577072438588136e-01,5.249099792482863069e-01,4.203159633950434015e-01,5.129285924443452993e-01,5.000880396963762742e-01,5.233933793330490802e-01,5.792687202400281787e-01,8.079648743813849787e-02,3.627808938236675163e-01,8.489044691007402443e-01,5.118790960623054165e-01,6.201751229248315678e-01,6.842784454820548534e-01
3.379257759247855653e-01,8.205896893307549345e-01,9.790983229512151276e-01,4.666986944155316896e-01,5.434725730255451914e-01,6.285421739191474622e-01,2.475466910175773416e-01,6.238785144431854279e-01,7.953112800688506567e-01,0.000000000000000000e+00,5.872552789072520429e-01,6.679142416721978170e-01,5.692368223761784529e-01,5.513632504178676008e-01,2.433158703436452686e-01,8.020947378438522124e-01,6.836615423286082072e-01,5.351781593720310592e-01,2.905014531339648043e-01,7.858673392401059887e-01,7.547852993620158824e-01,6.937905245568322110e-01,9.629518347763126318e-01,8.112689064954792251e-01,-7.580268256748187716e-02,4.974347837983322806e-01,7.173112812944156813e-01,6.617202620397268920e-01,3.421670503939583385e-01,2.798237495009813780e-01,2.265054109070132327e-01,7.052345914847472086e-01,7.694205063860728444e-01,7.475911952559345375e-01,7.172755860228113844e-01,7.090037888858201354e-02,2.095007003063980092e-02,8.313584249537807613e-01,6.031729128564760067e-01,8.886070318422607528e-01,2.934862757031595493e-01,7.948938581733897557e-01,7.194735288387470451e-01,5.507974171727640922e-01,4.814302316840461948e-01,6.144748818495818776e-01,6.471286334771783055e-01,6.330844389729665123e-01,4.688202895105328949e-01,5.658190967086321743e-01,2.064185528473664877e-01,6.248965433623061561e-01,5.654877885212824529e-01,6.715847342854768254e-01,4.961946749666143464e-01,7.276255591227789310e-01,6.753879221900642715e-01,1.256642739445078816e-01,8.852963967124687361e-01,5.927266452689137211e-01,7.176535600172962992e-01,7.489558295669129784e-01,6.109559145683682996e-02,9.874942326133908654e-01,5.260093398337731818e-01,4.483347479382192025e-01,7.064555822232478910e-01,5.766868060513254957e-01,7.015414937028676690e-01,8.364765083781506849e-01,9.295992942455212349e-01,7.657289816762210544e-01,3.322480741591523623e-01,4.709405346334527738e-03,2.664668706040121404e-01,8.145468072495361256e-02,4.230651685405915630e-01,3.973607744008055276e-01,5.397670509113388082e-01,7.449043967299650015e-01,3.693619286215699127e-01,6.583923483088641726e-01,6.009748849882510235e-01,2.161106641948443152e-01,1.358752868574175654e-02
7.294624316947856402e-01,9.638403154665118322e-01,4.295316421060336731e-01,8.426944057493616080e-01,9.233462743384647231e-01,7.206339316863754618e-01,7.895305998672208503e-01,6.043241566216174254e-01,5.467728097674828813e-01,5.872552789072520429e-01,0.000000000000000000e+00,7.694271468995196317e-01,3.540872988631229568e-01,6.402927495437770178e-01,9.277983866724138703e-03,2.390589009317605207e-01,5.763407487314993194e-01,7.660670437731531557e-01,6.858724570871448378e-01,5.363030572347118330e-01,9.446379211584740032e-01,6.344144269352239851e-01,6.527007689661368239e-01,6.143736867408825519e-01,4.338572447190646164e-01,5.849538405635040100e-02,4.708241101679635499e-01,7.805795436974560797e-01,2.235284709783817159e-01,4.971758522814559433e-01,4.876701247777000259e-02,6.252344995986778287e-01,7.635957220051483585e-01,7.009211961550207981e-01,5.697553912950501509e-01,2.078048968241731076e-01,3.126842112320862288e-01,6.867486498721705468e-01,4.478472241123310771e-01,6.137634783903110902e-01,2.317735083621220993e-01,6.588604472200872975e-01,7.849955421683456613e-01,6.488436429950350526e-01,9.759755993498606674e-01,7.980046719344229267e-01,7.946340569415197841e-01,7.368983731339361354e-01,3.707679239149417882e-01,5.871785749886915262e-01,4.185777047463902223e-01,5.983777840668285108e-01,7.307053709130921781e-01,6.053919703934202978e-01,2.827300351343638996e-01,6.439580878397486163e-01,6.225345865769181808e-01,7.440158780180059495e-01,9.346924771600680915e-01,4.312166054397871817e-01,1.635926784540186751e-01,4.556564596600509165e-01,4.340603927672642692e-01,7.496367963924314148e-01,9.198796678057026277e-01,5.132740836751973346e-01,5.762772926909532911e-01,6.138988495443118421e-01,6.420905804417306184e-01,4.617737142031421715e-01,7.340820371895147023e-01,7.751772456086196694e-01,2.558021027512922818e-01,3.303188721421320695e-01,2.004605734870369971e-01,4.056983617362927563e-01,4.581256532350374000e-01,4.978612929633978168e-01,3.100238488751576038e-01,9.636795901090625116e-02,3.650520466737259273e-01,5.117434891946347486e-01,5.048603194217177181e-01,4.222703220964917903e-01,4.464147178983259856e-01
5.279067896743170341e-01,2.966362941234036432e-01,8.336155863960563739e-01,7.516848118661889622e-01,4.634788758101603956e-01,7.088290405114306969e-01,3.046994352086034377e-02,5.548153148271081081e-01,7.019024019639948930e-01,6.679142416721978170e-01,7.694271468995196317e-01,0.000000000000000000e+00,8.729590236944988479e-01,6.549010108344206493e-01,2.893380173210812201e-01,2.327409493303183030e-01,6.334080052542887529e-01,4.385838240369874241e-01,3.718534131162033463e-01,8.026936314165665776e-01,9.350944221299720693e-01,9.374828855610570777e-01,6.621633633732382229e-01,4.592089515220920681e-01,4.095884720318676564e-01,9.102627129975642273e-01,9.744217361125715460e-01,7.125498805737261465e-01,7.244485172349927060e-01,3.296255869899047397e-01,1.996107514866548582e-01,2.270545623010473690e-01,6.307057537676848957e-01,8.534744207378043290e-01,9.343320018439871255e-01,2.026963896628580231e-01,2.337648340100529076e-01,2.400355680888378307e-01,6.843754655554321609e-01,5.147344966144180578e-01,5.744016426562932320e-01,6.467193974111342669e-01,7.965600475652807599e-01,6.969567755767303030e-01,5.737579272570854094e-01,2.351790194208488172e-01,6.609665902481697275e-01,7.646738788406857168e-01,6.518484048584797241e-01,3.151841816927974382e-01,4.204287882598766179e-01,7.385967630924415994e-01,9.761797602691885123e-01,6.499592498536926888e-01,9.584169943125117053e-01,2.231113395559074508e-01,7.079982968339878502e-01,8.401619476035617762e-01,9.458461658434532682e-01,6.804751985417738236e-02,2.353373499185190953e-01,6.982746922325592243e-01,5.100308212990913859e-01,6.424037451564204027e-01,7.763201378074446879e-01,5.956018931580295828e-01,3.864166967014366350e-01,4.106291686835121801e-01,1.661799250777526993e-01,6.063339378018753889e-01,3.462906736334235847e-01,7.416120238465679915e-01,6.379499361248240630e-02,4.518118464060453809e-01,4.920661030925639334e-01,1.109926111626098888e-01,6.045706643887817089e-01,5.404960378908389984e-01,4.521023368539483361e-02,3.401659400664417410e-01,7.020387679904752654e-01,4.392891342467136195e-01,4.402378518071065061e-01,-1.272785765425658855e-01,7.227382099359751511e-01
2.433129023612251307e-01,2.599610987156089625e-01,6.918530822309691963e-01,9.107504193604030185e-01,8.100039683313344785e-01,1.546288547160285520e-01,1.117234068202239798e-02,6.358768156776450908e-01,7.605975784782177396e-01,5.692368223761784529e-01,3.540872988631229568e-01,8.729590236944988479e-01,0.000000000000000000e+00,8.628342743575321272e-01,4.163430136951503102e-01,9.756533286071862598e-02,6.190310173155499918e-01,9.407467032212787350e-01,5.465333524175964852e-01,9.134997298980775948e-01,6.568934918592148620e-01,2.870997142843011440e-01,2.888109974611209330e-01,7.839492369842697705e-01,5.583424660281596230e-01,7.344961028408468762e-01,9.593598132313030380e-01,9.712367213028828550e-01,2.689291975050119854e-01,5.347159822441029942e-01,5.118531996713505672e-01,5.637039180504050950e-01,9.051384698928157668e-01,7.978681166515235734e-01,7.897084638170006610e-01,2.212814524157334650e-01,4.079101796854314732e-01,7.068788930512520663e-01,7.891379264645561609e-01,4.240649949843968147e-01,2.608018265718396456e-01,4.052240458505513288e-01,7.375310992496737494e-01,5.344922212037708231e-01,6.242808134994738412e-01,4.853353162902456636e-02,9.937718261419887789e-01,6.843259187276866662e-01,9.024250670385655093e-01,7.994733618060647640e-01,4.565535295095988211e-01,4.185013990960002039e-01,5.729646898360364338e-01,6.057846239897273222e-01,4.301039916024975707e-01,8.127388545810936282e-01,6.706071675469527094e-01,4.217815386277154466e-01,9.898712942929547287e-01,2.665082967383032297e-01,2.639397266175611545e-01,6.119092139798901764e-01,7.692627149550854693e-01,8.482335313077563610e-01,6.540817074744754711e-01,9.093554960164942358e-01,7.551732302222229354e-01,2.510438533400332628e-01,6.187006839614362930e-01,5.557898105476480888e-01,5.029023415342930292e-01,2.116379214177587786e-01,3.141324934427820459e-01,1.921859520852609027e-01,1.282238061066179602e-01,5.717588165650157039e-01,5.736151554761967919e-01,4.259837344887601462e-01,2.748715994312503352e-01,2.699804459109003130e-01,4.336229832394299377e-01,7.989778084822445336e-01,5.676226743528129948e-01,3.426420869611217501e-01,7.790596000947916933e-01
7.913052753930610583e-01,4.105179782102217345e-01,7.862129265379638188e-01,6.257686215654231221e-01,7.561045021989890591e-01,7.631078290705275435e-01,4.057845980480652148e-01,8.556613061224490613e-01,7.019091330604296797e-01,5.513632504178676008e-01,6.402927495437770178e-01,6.549010108344206493e-01,8.628342743575321272e-01,0.000000000000000000e+00,4.912192883430224200e-01,6.237434098270860927e-01,8.072526397002119936e-01,8.684079169377407759e-01,4.454520638579431702e-01,7.188595007057866360e-01,7.956322607756266541e-01,8.961342039521968950e-01,5.322565059200572435e-01,7.605297831276129905e-01,6.878989733651398319e-01,4.266118279669857127e-01,9.003830165145890740e-01,9.662588367436819592e-01,6.074584212492271096e-01,-1.515383856163318166e-01,3.537083211573094355e-01,6.430394438953395131e-01,7.377755612335030744e-01,5.185101818433333065e-01,7.277200973157491593e-01,4.564409683946651919e-01,1.919171850593637263e-02,9.170815156544409597e-01,6.124511921192034025e-01,9.383394528595385697e-01,7.366495821148807410e-01,3.978400399455713776e-01,8.455865418824484170e-01,7.022258459021923915e-01,6.980209183897714276e-01,-6.082253358379899333e-02,6.255278767246303939e-01,7.570146542892162156e-01,9.258701237441184784e-01,7.751147755205054501e-01,8.734863760829635337e-01,7.673647706033303040e-01,4.448354891316038118e-01,6.149095926004345403e-01,6.115219549390866760e-01,4.792920250486036315e-01,3.900360564674002495e-01,2.846396854719271952e-01,9.579286461106794048e-01,4.311425746054316221e-02,4.708679706072992355e-01,8.558626798056909735e-01,4.694356284104685972e-01,7.975150125321147643e-01,7.097778685064174420e-01,6.354998746069299154e-01,7.257884920293427022e-01,9.388114819738446748e-01,8.578956805676616337e-01,9.185185686205620259e-01,8.717945895781091803e-01,6.012810157733734506e-01,1.546927122525105780e-01,2.031723352845885011e-01,4.366292631773642796e-01,3.746551883690901752e-01,4.125877451457355960e-01,6.443294939943171595e-01,2.157940211143619114e-01,5.547194982324626933e-01,6.933936005197812724e-01,7.387973942775014624e-01,7.546133130508397846e-01,2.667805486456176212e-01,9.374226578263405996e-01
9.653622200036546808e-01,9.045173947868709874e-01,9.717071061086697270e-01,7.275605123814310460e-01,6.594892090729473910e-01,6.372817085821878003e-01,9.144425548286494454e-01,7.180889099055368652e-01,9.575608497676912911e-01,2.433158703436452686e-01,9.277983866724138703e-03,2.893380173210812201e-01,4.163430136951503102e-01,4.912192883430224200e-01,0.000000000000000000e+00,6.549591471766078588e-01,6.381806895943877844e-01,3.214239616595361837e-01,7.948260726694678091e-01,7.540947359944902839e-01,5.123761396081154551e-01,4.706994413389022913e-01,2.867618124999256612e-01,5.173554844186781798e-01,5.005175791188684054e-01,2.899863665516533295e-01,7.565597749218945234e-01,7.092732028151584878e-01,7.663138584452502400e-01,2.405880952632183378e-01,1.600405703621170517e-01,4.091971566039600550e-01,8.133211116996386103e-02,8.078605040397731640e-01,5.042589151200582709e-01,-6.854132811871282982e-02,1.588588643815107282e-01,5.051075672487629342e-01,7.310812510070749948e-01,7.403722427472105849e-01,2.009114143032026678e-01,1.655769098725862754e-01,8.745268662733826082e-01,7.967112605670896297e-01,8.747557620873610551e-01,7.201665154288057202e-01,5.782113359375936623e-01,6.415473674561045225e-01,2.253808554179317636e-01,4.307633074269401341e-01,7.457218994884807772e-01,7.540380769939160066e-01,4.067465773423086794e-01,1.091672538731967013e-01,9.833922986660934562e-01,5.530940656236279507e-01,8.349664091639388275e-01,9.985204106507332700e-01,7.102904845916137022e-01,4.838276017168515741e-01,5.273588592873871272e-01,5.697334075840467804e-01,5.505618533052114572e-01,6.047524765874146002e-01,3.959949481759272860e-01,1.587377504692852048e-01,4.854659740624740760e-02,8.058099435449628256e-01,5.240822496603436687e-01,3.005311747177470960e-01,6.951236163243790234e-01,7.555011769477441019e-01,4.294154577024523189e-01,2.729781970761746002e-01,5.683317401665560764e-01,4.585756301532923351e-01,9.346196283819478978e-01,3.092290557357849079e-01,-7.386540909143193834e-02,8.042588787510550341e-02,7.393573579836556497e-01,9.359891497241386027e-01,3.230325082632974354e-01,2.271357399980449832e-01,2.779828349303314905e-01
3.181175003669581280e-01,3.379874216143321508e-01,4.237689549998797101e-01,8.818974697535403307e-01,4.983062305052859964e-01,5.434952370616691342e-01,4.623424994058737969e-01,6.116001091860485683e-01,5.161936896081882331e-01,8.020947378438522124e-01,2.390589009317605207e-01,2.327409493303183030e-01,9.756533286071862598e-02,6.237434098270860927e-01,6.549591471766078588e-01,0.000000000000000000e+00,9.201469131302858484e-01,4.310115180052004336e-01,6.194012548513050387e-01,6.970802769251814857e-01,4.968355918515333647e-01,4.656972211433209052e-01,1.536452532992009234e-01,9.213579756525714926e-01,7.581414233201970720e-01,-7.714072465365412468e-02,7.171451209986353659e-01,6.209128890574850956e-01,5.586692621222917321e-01,5.354636159378087790e-01,3.760300677408985326e-01,1.082247348970430956e-01,7.956266933515803164e-01,5.121115533187847735e-01,7.399365082134882199e-01,5.994960097855300818e-01,-1.558922738144887243e-01,7.103900171717607570e-01,6.408854596932496150e-01,5.132741699964495918e-01,7.451960776547258414e-01,2.318301318994516191e-01,9.062145123823699411e-01,2.865714887322409199e-01,3.287437311053865718e-01,9.631039978647865096e-01,7.304287889977689741e-01,6.319251395038032459e-01,9.217992927382282486e-01,4.829888985158201642e-01,6.782566374101238749e-01,3.041239612522936286e-01,6.374250954642337597e-01,4.523829070648951456e-01,7.686587955112587078e-01,9.961678671218388015e-01,5.846854016072695615e-01,4.204212653467126470e-01,7.546529801201149468e-01,5.645298127386220166e-01,1.488701754200812688e-01,5.839044092681728859e-01,3.278517140356640436e-01,4.139169967752394097e-01,8.566088252056885954e-01,1.724438919406102166e-01,5.670266253522298072e-01,8.421481706144513524e-01,6.119008314608238575e-01,5.426534240997490377e-01,8.802555805784159082e-01,9.695092903293877074e-01,3.355549700922951795e-01,9.417254493316069841e-02,3.240123589814692950e-01,6.988146730792142991e-01,2.188256455960137237e-01,4.371463745400403500e-01,3.857510528918171033e-01,4.577182672574164335e-01,3.211627843171617758e-01,2.650111632606230172e-01,2.984194082471854359e-01,1.217784987741511032e-01,7.246244811367338334e-01
2.876813050159927609e-01,4.803356663485125466e-01,4.892651034320517622e-01,6.209106323074299327e-01,8.700361425865987819e-01,9.672952813977143682e-01,9.580673847707217305e-01,5.936314364376493735e-01,7.896216079352491590e-01,6.836615423286082072e-01,5.763407487314993194e-01,6.334080052542887529e-01,6.190310173155499918e-01,8.072526397002119936e-01,6.381806895943877844e-01,9.201469131302858484e-01,0.000000000000000000e+00,1.139743213277164824e-01,6.454402671826929838e-01,9.374380117702393322e-01,7.960536353896632278e-01,9.269410812951038858e-01,6.717737287833460691e-01,6.466549741184152156e-01,5.065538490655281390e-01,3.322533254211300635e-01,7.109572973329545409e-01,7.476442069071427277e-01,4.265956701446890764e-01,3.394413957720269215e-01,5.812622894273264951e-01,6.460886994243552062e-01,4.800595103487702575e-01,8.130734890101669610e-01,6.667332515422370598e-01,-3.216081344260326991e-01,3.892298775752006668e-01,9.658400959486937998e-01,6.489102580149060939e-01,4.875182500128844021e-01,6.602391787319142891e-01,9.018657514943644316e-01,6.084105141588117549e-01,4.447141298457780723e-01,8.349073362217643846e-01,8.909216669335842109e-01,2.595436436203400477e-01,9.065882817370523039e-01,1.882849750527368360e-01,8.946788856155605263e-01,9.757113618142312372e-01,9.359508812451295956e-01,7.493394025103570222e-01,6.622389614041342965e-01,6.309857002166426865e-01,2.727431335625896125e-01,8.901796350356087073e-01,7.398413568035653309e-01,6.304240952481307003e-01,5.230109298440788201e-01,5.608786202076330163e-01,3.350198297737625452e-01,6.012479746807530834e-01,7.821677065232186532e-01,9.091652092603142998e-01,5.198122708990990937e-01,8.397012435033841538e-01,7.391820346593535040e-01,7.071827016148628520e-01,9.551110395885862303e-01,3.378681558910836547e-01,2.928265677271713052e-01,4.041061634260215696e-01,4.855341588910089268e-01,6.273594432470446236e-01,6.004482459417838092e-01,7.376675453223805468e-01,7.934469536200713380e-01,4.394119004999954559e-01,5.410226284717601919e-01,9.218483767968971287e-01,7.224685827607010280e-01,7.116761626336851609e-01,6.336718481939996872e-01,7.002099732227723416e-01
7.009846182788485036e-01,8.688051056818768547e-01,1.568394580945273731e-01,5.452993868338318340e-01,4.288193149194391429e-01,2.183104563137854837e-01,4.967785564297059753e-01,5.862348279644241655e-01,9.009758880297019656e-01,5.351781593720310592e-01,7.660670437731531557e-01,4.385838240369874241e-01,9.407467032212787350e-01,8.684079169377407759e-01,3.214239616595361837e-01,4.310115180052004336e-01,1.139743213277164824e-01,0.000000000000000000e+00,1.712213699693900804e-01,4.674752705683462572e-01,4.291237484277501402e-01,8.176450069803975484e-01,4.640200216569514424e-01,8.185916718396829550e-01,4.958386369528683391e-01,6.335742080345567739e-01,8.837207681952928828e-01,5.395756694080418026e-01,3.908558376062681167e-02,4.916846603456246911e-01,2.568704242854554232e-01,6.633361759745052266e-01,8.381763590988418056e-01,6.218577398050568750e-01,4.885044119331680146e-01,6.044133459815975717e-01,1.278450117368463979e-01,4.619048377074749800e-01,3.366791080996153207e-01,1.720645809609909760e-01,5.419039543111839885e-01,5.141247105315691623e-01,5.585519753747409943e-01,8.594266113656300332e-01,7.448107556814900221e-01,5.497045839259669942e-01,4.373920293847393115e-01,9.196108217349756586e-01,4.005576763514210881e-01,4.459438629796136921e-01,4.228952541065780224e-01,6.981093823404862508e-01,7.839450846224460534e-01,-1.633515588520730311e-01,7.709807645262113374e-01,4.723354227667744265e-01,3.113273835837894743e-01,8.763980662996403437e-01,6.481258647267768014e-01,2.923359371447150079e-01,6.799371041676558480e-01,6.282872103837167099e-01,6.907531739203151000e-01,8.541586068012304578e-01,4.029245735902140524e-01,7.529812112506095723e-01,3.202970021760109254e-01,9.743985625729750799e-01,7.055245244836282348e-01,4.974224365530394154e-01,5.835539742212587644e-01,8.437069560210712638e-01,2.887745796836893586e-01,4.608907253499333612e-01,5.652086337038207953e-01,2.437592557599863874e-01,2.447604384685564960e-01,7.976450321964698720e-01,2.354029150473417042e-01,7.396202057081795456e-01,1.855578883380504251e-03,8.717161934206552054e-01,6.504475889956126133e-01,2.721493761357907104e-01,5.714429341146621821e-01
