0.000000000000000000e+00,9.371374333482865859e-01,8.461188390771967605e-01,8.537767189168234960e-01,6.687035426500813617e-01,5.679002637957374366e-01,9.362103278086353342e-01,5.537874884853574153e-01,7.938211869558602363e-01,2.864008305937815746e-01,4.851943489801542331e-01,7.417983415092948007e-01,9.008674186647742665e-01,9.755730595592900789e-01,9.784069089650695439e-01,6.950280345348656130e-01,4.382377059119867413e-01,8.059296594846572237e-01,6.306152489640479697e-01,7.066731305875187941e-01,7.045467643573939398e-01,6.511903533416697476e-01,9.838893935571368932e-01,7.841405300520830624e-01,6.202827355791216135e-01,8.874627410362021518e-01,6.029997586357029871e-01,9.723046392253501535e-01,1.241739160526138391e-01,4.989111876057799461e-02,2.647007163991979550e-01,6.699683953749200338e-01,8.109252504584013588e-01,5.795827370193717964e-01,5.812960591626530338e-01,3.771472907955639720e-01,4.822834796141742264e-01,9.852742897847046599e-01,3.679022893262683391e-01,5.342285885883796270e-01,2.838304672524491479e-01,3.425413627344204848e-01,5.818867658156876566e-01,9.676187504468725109e-01,5.955684539554852996e-01,9.163686926593501703e-01,1.827997884305800902e-01,6.420381701345867498e-01,5.065849662076784554e-01,6.717677479918020556e-01,7.769897166873936944e-01,5.034344746925691894e-01,7.019254242062492599e-01,8.837149837656580464e-01,7.963252166862014869e-01,6.643763034904932585e-01,8.816905783527415608e-01,4.705977020872130767e-01,6.270994696981112559e-01,4.851139131684861772e-01,2.272418409213472490e-02,8.548070060972317030e-01,9.573297799784208362e-01,7.059559558344358221e-01,4.769857647431617886e-01,9.417912038366752503e-01,7.818507490410320226e-01,3.154874429770325173e-01,7.501260167783896371e-01,8.220913935074772860e-01,8.288252352453245875e-01,1.551538251285944914e-01,4.346462669364659082e-01,3.379660394005062907e-01,9.385741633042334886e-01,3.258418264918878648e-01,4.060625649502922485e-01,5.878164770668825589e-01,2.296992254316520543e-01,3.798260263127908321e-01,8.732454433191049192e-01,8.666064970532716405e-01,8.572155791148587944e-01,2.143948126365571513e-02,6.679487059958645334e-01
9.371374333482865859e-01,0.000000000000000000e+00,4.066311671575674747e-01,7.927380722206937014e-01,6.883161489389723053e-01,4.472831232001233670e-01,5.934477385676463213e-01,4.752008290608182861e-01,3.099086850583304686e-01,6.968287229688053808e-01,5.844051968955581433e-01,5.161302128680256285e-01,5.433400823506348010e-01,7.672317019610093158e-01,6.894316188021685221e-01,4.022605445313034989e-01,7.312523580416510072e-01,7.048554462158094225e-01,4.014810310716101505e-01,6.438472644896064967e-01,9.855276836278277219e-01,2.110614689200014660e-01,7.900576257239945166e-01,8.435958873923025125e-01,2.983684565116950793e-01,8.546814806301450407e-01,7.177519465747113081e-01,4.642382034546679859e-01,6.638514041159579993e-01,7.831002721029602931e-01,2.547802240088365422e-01,4.981966486776605585e-01,9.664337729158942736e-01,6.457137621795250304e-01,6.418872077404913501e-01,4.562885783992398081e-01,3.454178127589252467e-01,4.041598760147209202e-01,8.731332818774235616e-01,8.322919831678677882e-01,1.473443051485146538e-01,5.355580426793732363e-01,8.365856844747396881e-01,4.848415663884610982e-01,8.650958452072613492e-01,4.921833695627623739e-01,6.405480734730382153e-01,7.268129331481378852e-01,4.380614653752997745e-01,3.317011212792539410e-01,5.446209022314146830e-01,6.333424725612092354e-01,8.659207102355409580e-01,8.488252090302437214e-01,6.743337687850181617e-01,5.978984517374448526e-02,5.494301894966947541e-01,2.253881395984822233e-01,6.673087276841290771e-01,3.958838880088152989e-01,1.945709867547004701e-01,5.103604354126054510e-01,6.395774834244131180e-01,8.679231041671464641e-01,8.982618437367650976e-01,6.570817204548368151e-01,7.904445836691478267e-01,5.895473492674716542e-01,2.465869380577605519e-01,5.234027521249315917e-01,4.860338943205034234e-01,7.070374474521616825e-01,3.886190732059188191e-01,1.907559618461472373e-01,6.711054525185709829e-02,6.182807456373317079e-01,3.075359533243563481e-01,5.866553358053674394e-01,3.544402698089421655e-03,1.005611519146017152e-01,4.159774659036873379e-01,7.247941085323013066e-01,9.736236236576811809e-01,1.240752406409520586e-01,6.935460440670360160e-01
8.461188390771967605e-01,4.066311671575674747e-01,0.000000000000000000e+00,5.281095041558053760e-01,8.701839402554141234e-01,8.477780290011538433e-01,6.975131206088254210e-01,9.364624213580078349e-01,5.922128015843918236e-01,5.720661994214536472e-01,6.143852815381959376e-01,9.581274337692947674e-01,1.595797356760637609e-01,6.347860483999803183e-01,8.641568762692168892e-01,9.357991095165616446e-01,3.338805362906979157e-01,9.500936886755855237e-01,6.899824799239904216e-01,7.762678324361000914e-01,6.928896882683348579e-01,6.051692198060559802e-01,9.617368642332404516e-01,9.109195043290837512e-01,7.235654386688269435e-01,6.986863677777521708e-01,2.944747322147984736e-01,7.863194651526005385e-01,4.614845164833634300e-02,6.222919261287795933e-01,7.018941259545737055e-02,8.228439673296635837e-01,9.377744651148820498e-01,7.863731299150154008e-01,6.239815441198297563e-01,4.851073393934158262e-01,4.615417636631343745e-01,8.607570740364631767e-01,3.048964781135474200e-01,9.946747512133780056e-01,4.615199440279290632e-01,7.695844954711801300e-01,8.345705629209581033e-01,7.332805780919881000e-01,9.739522306380944405e-01,6.445443477249180875e-01,6.866363795952394877e-01,7.703036680325789920e-01,7.871285480502568932e-01,6.591187166225498384e-01,4.091997925314739826e-01,9.440714345118655926e-01,8.402411522604074090e-01,9.986391406428341000e-01,6.252257617160084102e-01,9.453860195139611733e-01,5.230629979647450911e-01,6.090927704095701056e-01,3.343476202889713589e-01,5.945345224309523946e-01,7.657248066079606064e-01,8.286392783722914546e-01,5.188941965700715198e-01,6.561661978152159014e-01,8.527142171716282082e-01,9.511478066640541851e-01,4.453493781355594150e-01,6.423855434727988589e-01,5.442810034260928687e-01,4.011739262424450780e-01,8.027304227012949100e-01,6.208609996760326988e-01,3.912486641299395274e-01,4.458799500198638577e-01,6.103648384620076195e-01,6.386379757485939335e-01,8.761282647342136798e-01,8.820913006520096911e-01,3.676402940360007920e-01,-6.869034497769679892e-02,2.531230504341696053e-01,8.107425274327471065e-01,8.368418344439055856e-01,8.429834227241853606e-01,5.199306666020757639e-01
8.537767189168234960e-01,7.927380722206937014e-01,5.281095041558053760e-01,0.000000000000000000e+00,8.421203091645131922e-01,7.126195650917676039e-01,2.400986511908967114e-01,3.564315465004562755e-01,9.209939882563784597e-01,6.457116837410409316e-01,7.720090869072420148e-01,9.981625883451914483e-01,9.148962735201741081e-01,5.258109568354623065e-01,5.653572405595642669e-01,2.466476330088182289e-01,9.152720205786859520e-01,7.973629582319397002e-01,6.613476120688264182e-01,9.627255507462355588e-01,6.830965216482393076e-01,4.114090726172553447e-01,6.561266272090855445e-01,7.980124969585302708e-01,7.372781466525558658e-01,4.176804317354414486e-01,8.413190644155815745e-02,7.518561733752175957e-01,7.061118218907200816e-01,4.365778292240396485e-01,6.067269617389010883e-02,5.744369526797438175e-01,4.805452409830507365e-01,6.891264758249584510e-01,8.585175715291052390e-01,2.333935411179544062e-01,5.711042334213425331e-01,2.753403934337846359e-01,6.458201960666464236e-01,6.026268932302257797e-01,4.636517151883775556e-01,9.440939853184486807e-01,9.705634214164787776e-01,3.627491115408510991e-01,7.631198572769257726e-01,4.037608162649201082e-01,3.997291977223511594e-01,8.621576611901008436e-01,4.107804940172256059e-01,6.736350044329209030e-01,6.774433435491772348e-01,3.826149660898856553e-01,7.595703840595007250e-01,6.532172865558374397e-01,7.130432913141473428e-01,8.961422172217888837e-01,6.712154384164545906e-01,3.304356852957995860e-01,6.259463100914338662e-01,4.445069880790474270e-01,3.029477704780776381e-01,2.709826801275303509e-01,4.895920448104575939e-01,5.262248523615431495e-01,4.450378288900200263e-01,9.257353700409072239e-01,8.065577384203570510e-01,7.828018956657156746e-01,6.619119596446680631e-02,9.422164705474238566e-01,8.572580640541370700e-01,7.865816993913633537e-01,4.921917691755058888e-01,4.925810561825656464e-01,6.656500612775692050e-01,6.264961228078080868e-01,8.044036955576264747e-01,3.085706987485649089e-01,-5.562741645707730553e-02,4.788716644134333178e-01,6.156728527626679215e-01,9.530445205948130383e-01,5.807295001970029791e-01,3.108563393841169420e-01,8.885503779601378049e-01
6.687035426500813617e-01,6.883161489389723053e-01,8.701839402554141234e-01,8.421203091645131922e-01,0.000000000000000000e+00,5.315130397049877553e-01,5.312039632981427895e-01,5.485673207598578127e-01,4.415400802486224574e-01,9.476252403211280484e-01,6.844801326463372249e-01,5.668539060420214604e-01,9.607329268461325400e-01,2.707884717906576255e-01,7.246063986869593077e-01,2.803204810778496814e-01,4.280068782947219486e-01,7.769844945409833947e-01,7.668988990330816158e-01,5.561667480437708644e-01,9.000359651653596638e-01,5.567202746728758811e-01,8.855838613512302393e-01,8.542077035279972419e-01,4.302628343405368594e-01,4.056172019470762891e-01,5.297821078222757496e-01,7.798807639119458290e-01,4.198841184840348406e-01,1.366839640453274551e-01,5.806820098169198641e-01,3.074599389698360330e-01,5.238237972381575291e-01,2.302791276692613409e-01,5.902755330949095436e-01,4.744747487100416383e-01,6.790811861111649694e-01,8.209654050618609977e-01,6.855535691545102672e-01,6.247635322905854549e-01,5.494617003068329453e-01,4.086254059270324479e-01,7.011858138570106203e-01,7.087923192376885950e-01,8.509059642266171286e-01,6.352083238132619769e-01,7.842615562020311959e-01,7.567653474754629794e-01,2.969587784146046072e-01,5.052727456891421554e-01,7.917562077532983578e-01,6.502037256953757671e-01,6.257823984516026616e-01,5.618669273112703033e-01,6.989680941447246054e-01,9.355771203836573680e-01,3.112185440900208655e-01,9.888100437718283509e-02,5.675908118094921129e-01,5.927043359660105759e-01,3.944961325784515083e-01,8.960527858659715905e-01,8.508881098914642394e-01,8.530902225299119568e-01,7.667515854980103684e-01,7.838880375514856169e-01,8.040237982592653987e-01,6.396697926570675818e-01,4.707397177438193969e-01,6.758778211604538066e-01,5.262312694461243057e-01,4.343268925902853961e-01,4.791681232439788385e-01,5.918301871329660901e-01,5.758200598346734367e-01,7.962997554084633167e-01,8.173659706429869942e-01,7.157223711809342914e-01,1.017129636264961362e-01,5.388343552127303759e-01,6.302142688009056970e-01,6.971894424250253408e-01,6.018208785222441959e-01,5.480212158020533186e-01,7.278371315996615687e-01
5.679002637957374366e-01,4.472831232001233670e-01,8.477780290011538433e-01,7.126195650917676039e-01,5.315130397049877553e-01,0.000000000000000000e+00,5.500766530199709958e-01,1.939762497855518630e-01,3.641845151665780156e-01,6.698229288977539664e-01,9.454571350108094130e-01,4.202686543778582501e-02,7.996704431265559965e-01,4.834184398687149664e-01,4.329442421086449611e-01,8.822848402266231238e-01,4.963794483705303295e-01,6.870312830019066341e-01,5.482616348910590576e-01,7.847156743267761358e-01,4.340122277040399379e-02,8.002312880756068392e-01,4.119528952086315421e-01,6.375925382448774936e-01,6.832192511067014529e-01,7.985868585045341472e-01,4.316290300084112408e-01,8.362405506689342127e-01,2.609026773881739647e-01,6.335019641572902094e-01,2.647866920509373001e-01,7.539472619328846381e-01,2.593501753535164545e-01,8.469699733051719859e-01,6.846446138487091160e-01,4.640851952778452527e-01,2.840703768547114261e-01,4.207282035868485925e-01,5.109074350256483932e-01,4.374525263542260456e-01,4.319711863535867780e-01,8.843002290138353150e-01,7.558316274786942568e-01,4.258045926548610360e-01,7.428554187697790079e-01,7.429489262761368451e-01,5.111188370045945950e-01,8.606680462610032389e-01,6.452046174101475629e-01,4.389293592563427993e-01,4.894758618218926216e-01,4.916303609911734096e-01,7.543720557961822726e-01,5.767439985818134662e-01,5.859326924511963908e-01,9.882301470618476413e-01,3.109997679449710839e-01,5.301194706436724857e-01,3.386841759478181890e-01,1.042846748244151966e-01,7.156144678033436735e-02,7.815806987773217251e-01,4.245633769210916397e-01,3.230777504852834214e-01,9.487534680163756118e-01,6.592218438087626975e-01,6.307079188584651108e-01,9.493985664591003681e-01,2.955187929102341404e-01,5.538758301472430645e-01,4.981255110384487650e-01,4.083837521728573283e-01,6.371358070531227824e-01,4.615633707393871910e-01,6.779493210033767925e-01,6.413929921008372226e-01,7.660805590793580144e-01,3.830353333920828440e-01,7.861022463749557376e-01,4.097354385004309818e-01,6.803918704592868405e-01,7.756913972179375616e-01,6.655683631935213063e-01,1.146275536200512674e-01,9.525845237796983778e-01
9.362103278086353342e-01,5.934477385676463213e-01,6.975131206088254210e-01,2.400986511908967114e-01,5.312039632981427895e-01,5.500766530199709958e-01,0.000000000000000000e+00,5.325766220147971630e-01,7.835366863391998171e-01,9.077988832236384420e-01,4.304804249802205579e-02,4.531436021748673770e-01,6.053948265057443878e-01,6.347630208137269303e-01,7.387103068725900945e-01,3.028276600710388400e-01,9.643842726349056704e-01,6.091145590344310135e-01,4.414625233579766994e-01,8.786105313244237935e-01,8.825554257832900484e-01,4.788241143208190054e-01,5.605433126731861337e-01,6.723705159448469804e-01,9.340026560050884719e-02,5.179265736673207554e-01,3.454385587141930447e-01,5.187803037214513413e-01,3.082997907106780344e-01,6.003275718047634824e-01,5.060477566284637962e-01,3.612723375078368271e-01,6.147042882265741914e-01,3.821302750228320888e-01,4.652680686497435714e-01,2.599599181828829986e-01,5.571333894746874904e-01,6.638768445583753675e-01,8.869111968303684534e-01,9.964345046955940255e-01,7.577430667787969920e-01,5.304663079150792049e-01,7.230643575343126406e-01,4.722008071400027318e-01,4.044782227385626538e-01,4.037895589144519515e-01,3.711815909237526911e-01,4.229510114885778882e-01,2.251069028953291695e-01,3.326331648114598805e-01,1.548527775481354229e-01,3.185921627087717756e-01,7.442080542404901911e-01,7.735325006721653907e-01,4.982067629663577413e-01,6.771839126671791442e-01,6.093452313041717305e-01,5.613662577261074871e-01,7.487821295767022045e-01,1.072867687676262727e-01,5.735327056475674201e-01,6.043901838531974269e-01,4.361214172189009641e-01,8.769001838581018671e-01,7.888051764842800573e-01,2.237270250037639296e-01,2.588882142626433014e-01,7.081453245999492774e-01,4.292377878490309939e-01,7.549746388427213128e-01,5.611606841020631009e-01,6.970060485690136032e-01,-1.425932328730580845e-02,3.413239535550774972e-01,6.984402468479659065e-01,2.017669245114395438e-01,5.527223316849514401e-01,6.996189722603727290e-01,7.944227245195303322e-01,3.800974448579667042e-01,5.129739805814713671e-01,8.802035899820035425e-01,2.534240348869407078e-01,6.019708592649474221e-01,2.883834803555033743e-01
5.537874884853574153e-01,4.752008290608182861e-01,9.364624213580078349e-01,3.564315465004562755e-01,5.485673207598578127e-01,1.939762497855518630e-01,5.325766220147971630e-01,0.000000000000000000e+00,2.711425511957714085e-01,7.518363522281450440e-01,3.310296331884207133e-01,6.444946482889082340e-01,8.491681598158372646e-01,8.504752562144486383e-01,7.685481386400263570e-01,-5.643068916386323464e-02,3.835163133895274079e-01,4.198444022703059497e-01,3.082739247397364157e-01,8.790757381009566274e-01,7.887436772484449632e-01,5.663182082943469808e-01,7.900560477726359387e-03,6.887890269088318140e-01,2.224510416440323712e-01,9.002575841036754012e-01,2.155612190214918067e-01,7.179317671411874491e-01,4.011578455466623394e-01,5.213840330359056363e-01,7.037385325327696894e-02,7.966035792109146252e-01,2.090478574306049997e-01,3.460365174497730956e-01,7.595069450708594738e-01,4.231160846492104111e-01,1.624361937093688202e-01,5.434166486793706730e-01,7.352926709973628405e-01,7.962011587332756823e-01,4.129389413762047378e-01,4.201836656239508194e-01,5.844997793857360513e-01,7.179699338914679041e-01,5.248861432929742277e-01,6.644645133665791903e-01,5.265686763504920931e-01,2.538737242065371991e-01,7.201637235884601473e-01,4.957630242309907231e-01,3.133393510790531411e-01,1.862342134704587648e-01,9.288687818475891422e-01,2.867357559711291581e-01,8.700740151673674871e-01,7.891032713669112741e-01,8.291918194587065694e-01,-1.585782157900503253e-02,9.752808739543872285e-01,3.291187873746044268e-01,5.888203865779298996e-01,3.274842421751200661e-01,7.944282357430046959e-01,6.781648312972985426e-01,8.045956319754050678e-01,9.023533197415998242e-01,2.134181108170331576e-01,7.209329381284832472e-01,7.925548597653002680e-01,7.281433728825402740e-01,2.048739267570587330e-01,9.424870322409094336e-02,5.521281372348030292e-01,7.111134421932265859e-01,4.485088610471264503e-01,5.832215808830435444e-01,7.157415283423981256e-01,2.645688851145082121e-01,3.342072877413024834e-01,-1.137246858774249858e-01,4.011790274926569921e-01,7.033660489655199077e-01,5.864394443079141706e-01,2.479183035469039731e-01,4.388871242099449677e-01
7.938211869558602363e-01,3.099086850583304686e-01,5.922128015843918236e-01,9.209939882563784597e-01,4.415400802486224574e-01,3.641845151665780156e-01,7.835366863391998171e-01,2.711425511957714085e-01,0.000000000000000000e+00,4.608486153875869240e-01,5.976404283771559189e-01,5.212960699860487157e-01,7.520931564667524549e-01,9.985213875976497455e-01,4.561514549116336137e-01,5.909024204398187763e-01,8.471830616949146409e-01,3.425746107770241689e-01,1.425209995064181667e-01,7.217282130414582886e-01,6.896833194926851318e-01,4.222460228762334178e-01,7.090944372192790057e-01,7.583393817081860444e-01,5.522084159115108193e-01,2.819060383100421285e-01,7.791370069141418941e-01,9.804555023278048731e-01,2.301400927802740026e-01,-7.716605878681470632e-02,4.778629333668595880e-01,6.234440853734206645e-01,5.495918890351881858e-01,2.984952410971447034e-01,7.060207601241251796e-01,-4.168817022128246119e-02,6.774406680664262215e-01,6.711466752307273520e-01,8.965209136622239727e-01,6.918323117461385729e-01,4.371274450412745982e-01,7.341884433631662432e-01,5.771837034580373782e-01,1.319704096049035547e-01,9.235919651990086576e-01,9.203149903006724308e-01,7.786547179329114110e-01,4.332306340735840311e-01,6.861323087219292072e-01,6.714763120849354117e-01,5.749190953501301937e-01,9.691306998137354523e-01,7.940511154628387969e-01,9.431428079483759053e-01,2.591119438653458618e-01,7.665048990583555044e-01,3.652052536370496982e-01,2.909335741610536430e-01,8.455306457755469296e-01,3.020595526004734022e-01,1.872941823817246276e-01,2.621316030720977075e-01,6.253809162148417089e-01,7.770098495569041086e-01,3.200684587539757708e-01,6.842813516961759879e-01,5.320890987129625049e-01,7.398383023259917923e-01,5.301780101758567509e-01,4.958419074694818129e-01,7.061275471499998124e-01,4.024676122710141302e-01,6.916097477471916388e-01,1.496478749481310877e-01,5.833658112373196758e-01,2.300738194434965300e-01,7.508679525556267720e-01,7.351918526000095211e-01,7.971346135409151587e-03,4.196322629496043177e-01,5.906472985697895917e-01,8.948336598019528410e-01,7.145177612952258173e-01,4.107933535671028924e-01,5.096883238843747943e-01
2.864008305937815746e-01,6.968287229688053808e-01,5.720661994214536472e-01,6.457116837410409316e-01,9.476252403211280484e-01,6.698229288977539664e-01,9.077988832236384420e-01,7.518363522281450440e-01,4.608486153875869240e-01,0.000000000000000000e+00,4.757372085922889071e-01,5.634674456106618656e-01,5.989446187697953228e-01,6.812638185505486277e-01,4.441858993207879469e-01,5.178143234205071499e-01,8.407949177441028654e-01,4.710013894215063779e-01,9.691498212497979825e-01,9.163821816453217028e-01,6.179735726842130461e-01,6.149291632245758032e-01,4.769539967219790788e-01,7.117477199419988132e-01,4.565565543951274896e-01,5.913030899189043454e-01,7.204469298957417722e-01,7.268892863014361216e-01,2.199493431214623040e-01,6.051475671743060669e-01,7.571397020785204379e-01,4.704555498229408550e-01,3.846968791218890321e-02,1.906018634143856194e-01,3.378130109515172230e-01,2.095864485237432517e-01,3.536520755626898493e-01,3.078831925315307361e-01,5.983415382943476635e-01,7.577564945800584484e-01,7.622447350946094380e-01,5.407109349041500090e-01,9.654486454558968145e-01,1.166516013810310441e-02,7.721774967246579635e-01,4.791519570174760934e-01,7.245404638383012852e-01,4.174969576227588464e-01,6.108742333000581892e-01,7.481183882256166040e-01,3.882265562854514407e-01,8.703823560113173041e-01,5.933643671668563657e-01,6.169545836715321085e-01,7.111591197980151602e-01,7.402430868546624465e-01,3.734394582287682285e-01,2.916811951937388070e-01,7.177134350630259840e-01,3.099510972749285331e-01,3.962238643398811044e-01,6.302738765351671990e-01,6.791505195771924130e-01,8.113676460537011526e-01,8.633853146339213191e-01,5.310352820034396348e-01,2.073422425975291195e-01,6.231145987191892832e-01,3.389014449296893217e-01,9.974154911258195089e-01,7.106032703258687855e-01,6.951577072841074179e-01,1.522757548239992570e-02,3.249812545255632568e-01,4.420450112039839285e-01,4.456541412457860063e-01,8.920366317199809325e-01,5.356513451781087509e-01,3.460116893372074953e-01,3.357853621042013459e-01,6.312795829604054276e-01,7.698089830895795682e-01,4.706664608463982380e-01,4.879596612730037197e-01,2.830714533128430577e-01
4.851943489801542331e-01,5.844051968955581433e-01,6.143852815381959376e-01,7.720090869072420148e-01,6.844801326463372249e-01,9.454571350108094130e-01,4.304804249802205579e-02,3.310296331884207133e-01,5.976404283771559189e-01,4.757372085922889071e-01,0.000000000000000000e+00,5.157651021357144705e-01,2.441056455941821579e-02,8.721777111724480225e-01,4.762474012474920970e-01,6.804952849782099911e-01,7.890323442834213941e-01,4.876740960259780544e-01,4.725987590937311689e-01,8.646182880614492472e-01,1.479727385434140285e-01,2.471106873962311823e-01,9.622964254244184001e-01,7.281844224510175545e-01,3.704712084253701798e-01,2.662301837727876208e-01,4.796598549591047922e-01,2.140974782504994137e-02,2.806366048745752018e-01,4.499822612034342639e-01,-6.209442399676065594e-02,2.777024178203915117e-01,7.029289034970306327e-01,2.295178015132087190e-01,7.747875466172546854e-01,-9.508087042055247962e-02,3.062506916089553499e-01,5.617111629918510873e-01,7.005114296755555747e-01,6.948694129477844816e-01,6.495526978710719490e-01,7.718294547047884757e-01,8.017798629241971176e-01,9.540456555265549587e-01,7.768226190326050773e-01,6.432729173226725550e-01,6.394037749934459169e-01,3.752854933100351342e-01,6.898514814911723692e-01,4.399381185377505554e-01,3.377099814414495915e-01,8.273417951874220133e-01,7.669011653527655348e-01,4.196849262761910282e-01,9.149700804240193941e-01,6.149236689401205158e-01,2.919976543164165550e-01,7.694400132571357354e-01,9.678943474275150116e-01,1.874415454291580019e-01,5.073176485811631276e-01,1.313335295760027603e-02,3.580247630030974348e-01,7.253694176314153808e-01,8.202033994904602832e-01,7.022172521657495947e-01,4.570729450776322977e-02,9.913180929120632978e-01,5.561101729641714231e-01,2.178444138967343124e-01,-9.959565483780424833e-02,3.408460072523692430e-01,3.289450695085791576e-01,3.993211220217004476e-01,6.351753563291596683e-01,9.270376606564323385e-01,6.806870041823038786e-01,4.611130016224491146e-01,3.644170166095270780e-01,1.080293463562680689e-01,5.630687346317642117e-01,7.466487829620360728e-01,5.915932860719929076e-01,4.900722691364136074e-01,6.712367140350294914e-01
7.417983415092948007e-01,5.161302128680256285e-01,9.581274337692947674e-01,9.981625883451914483e-01,5.668539060420214604e-01,4.202686543778582501e-02,4.531436021748673770e-01,6.444946482889082340e-01,5.212960699860487157e-01,5.634674456106618656e-01,5.157651021357144705e-01,0.000000000000000000e+00,6.152272189371940092e-01,3.805637085509061546e-01,4.695989722477922346e-01,9.052264026165968147e-01,6.811170657671916651e-01,4.571679799713443404e-01,6.830403537805815883e-01,8.812236651250813235e-01,7.243506429089052734e-01,5.863971762196406035e-01,3.356037676250933632e-01,9.836386345482499571e-01,-4.688064258144267193e-02,6.673132573331073125e-01,4.111131514676389376e-01,7.422936155959031224e-01,8.545989027860104725e-01,3.815524651229461606e-01,2.253596270205216745e-01,5.410815473461437763e-01,6.658534864849949830e-01,5.014299832843058802e-01,3.658032183165687012e-01,2.116316082411826005e-01,2.593590840640682127e-01,7.464132817923470054e-01,9.531194769945661172e-01,7.734083882952538236e-01,4.146789869031289877e-01,6.894766351658280223e-01,6.915605015959670476e-01,8.422362819342050777e-01,3.792326858075256713e-02,3.476652247907203730e-01,8.116527459695115354e-01,6.196488447918893083e-01,2.646886516080959595e-01,7.850218593854559890e-01,2.043973862158271759e-01,5.696867234989010376e-01,9.802964311596911173e-01,7.272320199819660713e-01,5.653695580132822585e-01,7.909474609859130645e-01,4.464292943591101070e-01,4.487157114514345180e-01,7.931002108632696501e-01,4.090263444768583168e-01,4.966235131169777772e-01,9.528831924274653309e-01,6.040516491620764317e-01,6.524298672645766350e-01,6.632552816836542187e-01,7.128822970565247275e-01,9.729644306730125258e-01,7.274536221693632676e-01,6.933999784142184097e-01,7.996072464794317103e-01,4.348000597444171000e-01,4.391327982011010156e-01,7.965587868322338005e-01,4.037785270663095671e-01,9.758799622165120757e-02,5.006122979022119557e-01,7.529731305369391503e-01,5.125946466714768057e-01,7.928440517112824715e-01,5.829300949750888805e-02,6.842912624655459464e-01,9.270930783490960447e-01,6.324389599901024672e-01,1.531368313948305859e-01,4.958538214901873631e-01
9.008674186647742665e-01,5.433400823506348010e-01,1.595797356760637609e-01,9.148962735201741081e-01,9.607329268461325400e-01,7.996704431265559965e-01,6.053948265057443878e-01,8.491681598158372646e-01,7.520931564667524549e-01,5.989446187697953228e-01,2.441056455941821579e-02,6.152272189371940092e-01,0.000000000000000000e+00,9.729615528236782440e-01,2.591466480369620795e-01,5.029294384431618470e-01,7.685996728631757646e-01,-1.601234228665474046e-01,5.780611305785309240e-01,7.665709069240802531e-01,7.322480965055048197e-01,4.030145513214005715e-01,4.439397716020538343e-01,7.354842574613158490e-01,7.285886580823309755e-01,6.043445513019993776e-01,8.538396974464796951e-01,5.557118644653105122e-01,5.291685002210376743e-01,5.989725425834141470e-01,5.258487881007132270e-01,6.342242001075401037e-01,7.899164277880251772e-01,5.711203410503221667e-01,8.333292069983658790e-01,4.846181837289547101e-01,5.990508556834234222e-01,6.981943042750616835e-01,1.092332240611209732e-01,6.633589242726634083e-01,1.386202069132055903e-01,5.573182896041503076e-01,5.709378583866894230e-01,7.139689986012256462e-01,6.307372829542782222e-01,5.054854215027619890e-01,5.250040464516824157e-01,9.607248583034848632e-01,7.318568329709487230e-01,8.791713934546847575e-01,7.134911816148172825e-01,8.934592203734805782e-01,2.988449882956795700e-01,7.447963956954323228e-01,6.014343880897735639e-01,5.218868050429152916e-01,4.038869748224475087e-01,4.595034508030433340e-01,4.544486626547166730e-01,7.068143404917555384e-02,2.372373239824873137e-01,7.942133470885827107e-01,6.956265415940522390e-01,5.628237829095447120e-01,6.149095613742164845e-01,7.591263362916937929e-01,7.620981966419761999e-01,6.951869158957945105e-01,3.964046338984646145e-02,6.103868962607686965e-01,8.034272591503311967e-01,7.652360819069643494e-01,7.542841122464298831e-01,2.253143144238389795e-01,3.042704748362248246e-01,5.332722741668373123e-01,6.350717937658841850e-01,7.900069879393459837e-01,4.489830310990900464e-01,2.249557040854791856e-01,8.279266335577980529e-01,6.646985772740771070e-01,9.253806845586510788e-01,2.721851795262810181e-01,8.105145358374399311e-01
9.755730595592900789e-01,7.672317019610093158e-01,6.347860483999803183e-01,5.258109568354623065e-01,2.707884717906576255e-01,4.834184398687149664e-01,6.347630208137269303e-01,8.504752562144486383e-01,9.985213875976497455e-01,6.812638185505486277e-01,8.721777111724480225e-01,3.805637085509061546e-01,9.729615528236782440e-01,0.000000000000000000e+00,7.653938581559590615e-01,8.213072013508229130e-01,7.454222202529080521e-01,6.911541722629910289e-01,4.196685965625724934e-01,7.603410162085030288e-01,2.142742938656714835e-01,9.413306462902901739e-01,7.281266104498199665e-01,9.194820965171597305e-01,6.985533178486570405e-01,9.649155173964336640e-01,7.081346961824194208e-01,9.683257913193186184e-01,5.256272563049244617e-01,4.800697554938870848e-01,4.098758083836443467e-01,5.416966497729243102e-01,7.657186591848710311e-01,5.920135738143244425e-02,5.399554029194774118e-01,3.842753044797150297e-01,1.494272842706137749e-01,6.819178278170056062e-01,9.656326087065754127e-01,9.245572337726145618e-01,3.215100349816420455e-01,4.377141305070139099e-01,8.763577097324865006e-01,9.647603718856908595e-01,9.271472609057809233e-01,3.329394747429675894e-01,8.794824732152984881e-01,1.282336261850452741e-01,8.020364594769318067e-01,5.227189553889393103e-01,5.641683977910161296e-01,6.153573925944455514e-01,4.163578567919642981e-01,6.431952177875190912e-01,6.736930734309881652e-01,9.216724850906785615e-01,8.290161048349793393e-01,6.957743112573280264e-01,8.615257106454042857e-01,-1.840642356919533762e-01,7.372223417488250607e-01,7.007152679148450636e-01,3.680072338268494114e-01,6.506395371173712139e-01,9.551739885215093651e-02,6.593891745381889047e-01,6.419038755106039051e-01,4.288626190426717555e-01,7.153193131102666968e-02,7.536455648447455413e-01,4.043116823523884573e-01,7.462920347207576688e-01,6.248967700611168796e-01,1.353910592870950225e-01,7.089359072112593196e-01,6.564215857687423217e-01,7.351406988165503087e-01,7.142126362392273720e-01,8.086081799225906808e-02,4.911521039576770553e-01,4.305884582445069220e-01,6.077911200760378607e-01,7.017192163805487937e-01,7.543978041798352074e-02,7.338835415688051977e-01
9.784069089650695439e-01,6.894316188021685221e-01,8.641568762692168892e-01,5.653572405595642669e-01,7.246063986869593077e-01,4.329442421086449611e-01,7.387103068725900945e-01,7.685481386400263570e-01,4.561514549116336137e-01,4.441858993207879469e-01,4.762474012474920970e-01,4.695989722477922346e-01,2.591466480369620795e-01,7.653938581559590615e-01,0.000000000000000000e+00,9.725235433379405547e-01,9.094791378203338494e-01,6.918051304652504951e-01,7.152631181824375961e-01,7.100992889176325207e-01,7.508376160157018697e-01,4.993105806369058652e-01,7.503703612384997612e-01,6.279765908677126252e-01,4.234965379975409450e-01,4.362456314534903790e-01,6.910183844321894364e-01,6.820796903257801969e-01,6.220041566391656951e-02,7.160650045912548833e-01,2.926090254928778167e-01,7.334690461181465615e-01,5.737021769518129144e-01,7.528741766499955634e-01,4.751520509008076987e-01,3.123031038594080711e-01,3.200343915089900459e-01,6.451240725059274039e-01,8.493555600595686927e-01,7.819900785376079355e-01,4.944935873254423520e-01,2.474153257174941112e-01,6.960668821624370617e-01,3.452061260555193689e-01,6.320825811127360749e-01,7.258811010868433389e-01,3.298383735308918485e-01,8.731543013993902855e-03,8.425613004193583944e-01,7.462427510399919361e-01,7.847749371700314391e-01,8.263463381164436461e-01,5.078271721218811097e-01,3.626410327563550640e-01,7.049679903653431889e-01,6.909102087028160533e-01,6.727378744781911113e-01,-1.346593580632147735e-01,7.412648403007464637e-01,4.392287952451842115e-01,5.744157224086072766e-01,5.228460781821655523e-01,5.331163617358374712e-02,7.482459193287219756e-01,9.640477148146777697e-01,6.043224482341941206e-01,9.576011919588747201e-01,9.201739358580701689e-01,9.245823651043656444e-01,7.430290131496437578e-01,7.431389113893002163e-01,4.206460734638070020e-01,4.283030542718235974e-03,2.067380954564877749e-01,5.413306506675440444e-01,2.306467114921196271e-01,7.593772068768291916e-01,5.952558606245290651e-01,5.438537483295733388e-01,6.710549919458407009e-02,5.585949284295109729e-01,8.368369527024732690e-01,5.678625497013840562e-01,1.067095571242032692e-01,3.744110583828685890e-01
6.950280345348656130e-01,4.022605445313034989e-01,9.357991095165616446e-01,2.466476330088182289e-01,2.803204810778496814e-01,8.822848402266231238e-01,3.028276600710388400e-01,-5.643068916386323464e-02,5.909024204398187763e-01,5.178143234205071499e-01,6.804952849782099911e-01,9.052264026165968147e-01,5.029294384431618470e-01,8.213072013508229130e-01,9.725235433379405547e-01,0.000000000000000000e+00,7.054623591170285923e-01,7.823433921526543600e-01,8.382084308725115118e-01,9.041805006086757190e-01,6.926362958341857334e-01,4.184366688604119755e-01,3.951956076987774846e-01,2.444985657776196641e-01,6.708086133711794741e-01,2.815055128338109780e-01,6.576821649705351103e-01,8.297412057686236464e-01,3.834252625626275446e-01,5.330809642297306139e-01,2.535579475792673065e-01,2.040071356173814299e-01,8.125895114730932178e-01,2.370401401265602725e-01,3.652620485931036276e-01,3.843025590582834217e-01,3.245464115641355507e-01,4.946420808931550339e-01,8.113505336497772724e-01,6.290888818614367439e-01,2.746747949766199515e-01,2.186632550267611497e-01,9.803002574214675358e-01,1.032299516997429722e-01,9.072650903998706884e-01,5.307644434800256050e-01,4.787319073964724780e-01,9.157040668018202600e-01,9.321912034821946413e-01,6.272145873459089582e-01,6.536742288686334668e-01,3.771175550202815474e-01,6.851975843965122381e-01,7.658659596485960508e-01,7.887565954561095438e-01,5.067738882437546888e-01,8.780185437219584221e-01,6.797569519477190125e-01,1.775575640517265963e-01,3.979462782416639532e-01,2.128922497682498860e-01,7.465257365317066185e-01,2.074466432416537109e-01,6.894746220391141378e-01,7.864388178271854990e-01,3.047288143569761854e-01,6.723946988885174392e-01,8.889381169404871885e-01,5.552527115840093508e-01,8.795414698450962909e-01,8.243346601496209791e-01,6.038876203650976882e-01,4.824645411721535382e-01,2.468996420656077717e-01,2.237854889379630730e-01,1.990712636043947548e-01,8.517283976950719149e-01,5.611068109696835116e-01,2.103894364168404918e-01,2.847203824704269692e-01,5.190299494206188635e-01,8.331963686984011908e-01,9.737133449111968764e-01,2.460212470732485723e-01,7.274461300990368029e-01
4.382377059119867413e-01,7.312523580416510072e-01,3.338805362906979157e-01,9.152720205786859520e-01,4.280068782947219486e-01,4.963794483705303295e-01,9.643842726349056704e-01,3.835163133895274079e-01,8.471830616949146409e-01,8.407949177441028654e-01,7.890323442834213941e-01,6.811170657671916651e-01,7.685996728631757646e-01,7.454222202529080521e-01,9.094791378203338494e-01,7.054623591170285923e-01,0.000000000000000000e+00,6.144107837519201532e-01,9.907686739436788459e-01,7.294340510687108425e-01,4.353927108633227627e-01,5.392306038174581317e-01,9.580773398235233884e-01,4.478542545316762657e-01,5.539106850637220969e-01,3.456306475364039343e-01,7.691045874899266055e-01,7.487801042453378075e-01,4.258662187432620816e-01,3.901279599368359108e-01,1.523536564029113749e-01,6.605057551529727178e-01,7.391640522690425819e-01,6.189010640282150977e-01,6.851765099577752371e-01,3.772523937648347703e-01,2.850845680330691412e-01,7.830530063530796170e-01,5.275292272976802588e-01,7.117974131251713077e-01,3.540583318723137252e-01,3.133914636082427707e-01,9.126635455133469410e-01,7.088098520473693487e-01,4.551636819277140034e-01,4.332105728953603574e-01,7.855509123246771086e-01,9.391016326531936853e-01,4.017787594037344201e-01,8.926138127751230833e-01,9.170199074773275338e-01,8.772562782172281803e-01,3.092038736468114557e-01,-1.143891888028877035e-01,6.861592569061484292e-01,9.291728440892724761e-01,8.774973747115188960e-01,6.537416168645302506e-01,9.063806249015429195e-01,2.519683323441805345e-01,7.577383939518966827e-01,9.368231414332069962e-01,9.432961618403630233e-01,8.386746623951446544e-01,9.274011745831731712e-01,7.343654572027509264e-01,7.287177700405540470e-01,9.849650278633732547e-01,6.734631232734020756e-01,9.076604890460313602e-01,8.196761446024510844e-01,7.233343593816022876e-01,5.883379290048904586e-01,5.636337592954354658e-01,4.513845394295735169e-01,4.918586045030926557e-01,6.551241875303689399e-01,5.255374411854174532e-01,7.899880260376312968e-02,1.733447857518692903e-01,6.359607702040923627e-01,9.523404896591999291e-01,9.079785927319719008e-01,1.902179136657782266e-01,6.994224207244328362e-01
8.059296594846572237e-01,7.048554462158094225e-01,9.500936886755855237e-01,7.973629582319397002e-01,7.769844945409833947e-01,6.870312830019066341e-01,6.091145590344310135e-01,4.198444022703059497e-01,3.425746107770241689e-01,4.710013894215063779e-01,4.876740960259780544e-01,4.571679799713443404e-01,-1.601234228665474046e-01,6.911541722629910289e-01,6.918051304652504951e-01,7.823433921526543600e-01,6.144107837519201532e-01,0.000000000000000000e+00,4.733247337730729920e-01,5.079582237718586191e-01,4.550993614784528130e-01,4.673175888976251469e-01,3.985831241599894215e-01,6.650086733693737484e-01,7.153091367599858641e-01,5.804240900845842877e-01,9.541478677011038245e-01,6.940291099791509044e-01,5.651116525215542641e-01,7.290442864982780158e-01,2.693732514023511326e-01,5.016510623874153030e-01,6.947592119302350433e-01,6.264607055749576991e-01,8.998118307802943638e-01,6.078299883661353320e-01,2.993208836532065265e-01,4.517485966542649223e-01,9.326917133712741004e-01,7.773036332166707862e-02,5.796018487148808518e-01,7.632213592719943041e-01,7.787085475257849998e-01,4.405255743536882207e-01,5.821735137253785108e-01,4.203235365811502922e-01,8.945998500957191846e-01,6.827976247334456295e-01,3.748404246877987678e-01,6.042652613695282948e-01,7.046500435152943664e-01,3.808097957588090221e-01,8.260745926567553132e-01,3.470600381269288714e-01,8.604749189366365236e-01,6.359159689998115095e-01,5.384419391617889517e-01,7.804636498965404900e-01,6.165584909125945146e-01,3.321524019779020787e-01,4.627884367737349902e-01,1.659997148658700628e-01,4.724621231390871423e-01,-1.083232321060211278e-01,5.754836845674843326e-01,3.515539849149630358e-01,6.530101169520002857e-01,8.068407821836210969e-01,9.572027576360133683e-01,2.639852044904323347e-01,2.462105477753870897e-01,4.587289545604564256e-01,-9.370000278270244898e-02,4.079716937707958957e-01,4.241101576964977915e-01,7.329191550077500672e-01,2.023667221284238538e-01,3.592139053781532310e-01,3.158169851604020195e-01,7.076491712191552985e-02,5.821455789908575040e-01,7.474398744898537172e-01,8.497833905104861252e-01,-9.809323161573463290e-02,6.664982689779731517e-01
