0.000000000000000000e+00,8.403388318526232581e-01,8.987048578361563900e-01,4.377667357947179205e-01,9.846760179827714898e-01,6.193795872897560617e-01,9.693890313852406848e-01,6.062665299324759838e-01,8.781180326412748594e-01,7.109624081517742500e-01,6.886883445909363077e-01,7.757944208884807180e-01,4.919508200025064504e-01,8.628254920421670748e-01,7.635502155326401308e-01,6.054848202821510039e-01,3.227410831517836254e-01,9.107308922139049079e-01,8.793204484021811540e-01,8.449816790572584058e-01,6.738409824489803857e-01,4.563127554143135423e-01,6.434498724285512283e-01,9.809786294210071089e-01,9.359976927996187523e-01,8.355837843480853344e-01,8.956108784609170259e-01,5.389397114708927017e-01,7.314041861720961268e-01,3.023874790383367928e-01,2.439629770948553988e-01,2.775662561132339334e-01,6.371106774166406250e-01,6.447157046940739100e-01,8.555755390621224699e-01,4.187613966042815772e-01,4.237516519384141311e-01,9.054830542558116591e-01,6.925784337106030142e-01,2.255527533742759938e-01,6.344007380500975568e-01,8.004547453015516956e-01,9.010142583977092112e-01,8.809794304086447925e-01,8.405381670288755158e-01,9.047569816943789034e-01,6.543478075826169027e-01,7.972348621685314551e-01,7.156656256590936405e-01,4.533085964503714149e-01,7.995831803424516826e-01,7.768540526316599637e-01,7.415482869839853386e-01,4.981490266956789537e-01,7.996899498991856259e-01,6.828426707524483108e-01,7.378057432205040733e-01,8.161999593913810136e-01,9.970811234379960419e-01,5.584022074677238434e-01,4.675686579108592200e-01,7.422429522262171675e-01,6.981808916158867007e-01,8.247564489296212997e-01,8.139561030170970879e-01,8.593036086515796201e-01,6.239931368310861481e-01,5.054666282784417985e-01,6.453250586304253300e-01,5.351336639127091122e-01,7.046203136180422266e-01,7.594242716222681100e-01,5.765931217685577037e-01,3.938361082287363257e-01,3.170925188746429590e-01,5.313403584264602131e-01,4.251605099645313635e-01,4.266506924092176578e-01,2.396470439330211921e-01,3.605856122538215192e-01,9.344657492129491150e-01,7.274635009325267632e-01,7.825695542865362953e-01,1.901191248185610805e-01,7.536916546665256567e-01
8.403388318526232581e-01,0.000000000000000000e+00,8.681796365080166611e-01,4.893053920546860391e-01,9.683638041679025754e-01,3.571764778405842611e-01,7.038343802768263213e-01,4.666404001522332368e-01,-1.328585935562011655e-01,6.842900112201771856e-01,8.765831936500018129e-01,4.918655083289281693e-01,6.122639906757574302e-01,5.873396552278473681e-01,8.002254947415275987e-01,-1.251624733565975811e-01,-1.220472989651700813e-01,9.697683839689180685e-02,3.810838826496824594e-01,5.685282104248249313e-01,5.782838053795273936e-01,7.744875162173274763e-01,4.976967454432815186e-01,7.542857377774729866e-01,1.423683300072498270e-01,8.655197205510221092e-01,8.572823323962910358e-01,5.933073579194823033e-01,7.082609378439678194e-01,3.267642322977004632e-01,5.580073302282290149e-01,2.249316295369096497e-01,6.648529465502830416e-01,4.621249550679144558e-01,2.720272645246173959e-01,3.610581601839462640e-01,5.989363440753553425e-01,6.451945135418183375e-01,5.330005043100518591e-01,2.540173662777500674e-01,5.424853262084178285e-01,4.035698695252137175e-02,9.130620680020623547e-01,7.201012427031110441e-01,9.279898885601494118e-01,3.304716746228505420e-01,9.276024443953776455e-01,5.737202776128523807e-01,8.123365122594325971e-01,4.550336577639965685e-01,5.326415869268964487e-01,9.217991626124719673e-01,5.594541127594524488e-01,7.394987936282710894e-01,5.924373265212894424e-01,8.362807509244853943e-01,4.054955570525826669e-01,7.725394422796507676e-01,7.974502737548893050e-01,3.867700832004317135e-01,3.732170597440271353e-01,6.736515160553229187e-01,1.898145645447769370e-01,4.694949561034577612e-01,9.014025220134644911e-01,8.343186768512318441e-01,4.731054212251091240e-01,9.058539762421933261e-01,8.566827186814380823e-01,3.062503819182009202e-01,8.831962116858524947e-01,7.848926095697333905e-01,7.810073387927505273e-01,6.162333287445752594e-01,2.429884662658775840e-01,5.175867046418395345e-01,9.013295234556866209e-01,4.065627975818397188e-01,4.886402474244913030e-01,2.381917349319807586e-01,2.754760070482187850e-01,7.810251029568070491e-01,9.769992883124253291e-01,4.952423557173082358e-01,7.796114550391672893e-01
8.987048578361563900e-01,8.681796365080166611e-01,0.000000000000000000e+00,8.724166579899568230e-01,8.064942609029743803e-01,7.831734603244058235e-01,8.708496599844514074e-01,5.202605283434912353e-01,8.703244777198249071e-01,3.753215075098498277e-01,8.817515859056248573e-01,6.449465103064044857e-01,8.149367977179771128e-01,9.477730152674384012e-01,5.709979089441008515e-01,4.428443812252862988e-01,4.901160791909466297e-01,9.693659987958321844e-01,7.396679704946056422e-01,4.313215494178632148e-01,7.041985036339060144e-02,7.397817315898617130e-01,6.307048796793037759e-01,9.465761353852050197e-01,7.301392403449776802e-01,9.491660052270399772e-01,7.145213193670938434e-01,7.368292342909144033e-01,1.349031383525496897e-01,2.839474162136828572e-01,3.594728899787232868e-01,6.126517761586546262e-01,3.285212852903997005e-01,7.179933543134681129e-01,7.917922044977687701e-01,4.959214831413832347e-01,5.985252552291143724e-01,7.964248096917234676e-01,7.659490268027808746e-01,6.796462134464109628e-01,5.379637600211621962e-01,4.953401833129982279e-01,7.278179127077639698e-01,7.717072614148807741e-01,7.634290840525969069e-01,6.084595012359694799e-01,8.381074243475672425e-01,4.359701429025716335e-01,9.765575215452819702e-01,6.179880715495646992e-01,9.077363196616569097e-01,8.837900933354839728e-01,9.002041847471522473e-01,-1.446626388274088182e-01,6.841962601862713322e-01,5.318598546133888050e-01,9.785288946579664415e-01,7.623135116856305515e-01,9.274775723759186574e-01,4.328930893219820053e-01,3.439959810526950768e-01,7.863366140542541460e-01,8.470903229269169943e-01,6.906918527907889294e-01,6.847615457216393864e-01,3.719110236478984644e-01,7.951747122219310349e-01,6.046974930934289061e-01,9.436405085686986327e-01,2.304802897892256619e-01,8.565786042574545789e-01,4.737899916809497625e-01,5.696635086555830174e-01,4.620566006029807604e-01,7.520944125494183341e-01,7.029947939513867539e-01,8.432088809012783237e-01,9.318724665988353806e-01,9.519790410283138216e-02,1.680376162737631796e-01,7.647335758164793829e-01,8.266710101417548140e-01,8.594852526755747402e-01,9.599969043783285194e-01,7.459737623693227793e-01
4.377667357947179205e-01,4.893053920546860391e-01,8.724166579899568230e-01,0.000000000000000000e+00,8.451523931299145254e-01,9.376674283205049809e-01,6.302411871079647288e-01,7.548817590116282394e-01,9.158057700880070096e-01,9.144644842334905821e-01,8.972395170503246753e-01,7.178521541402371753e-01,1.891985771997634069e-01,5.351834213903069459e-01,4.329038761901423116e-01,7.274741850012569344e-01,5.821251934131062011e-01,8.300543462157047303e-01,6.051660330731564175e-01,9.635584526145872797e-01,5.500932620376808302e-01,9.193004738323055092e-01,8.531539860291210697e-01,7.205456790156057334e-01,7.680979687192077687e-01,4.039514606983607425e-01,6.497695802123581998e-01,8.718357333820416777e-01,5.711360935930672733e-01,5.211891701431314861e-01,9.791464223513937637e-02,5.597149787560097289e-01,6.657535619122377790e-01,6.222502883828828768e-01,9.423455668736360202e-01,3.885258016635213529e-01,3.308084762201921603e-01,4.900663691922343412e-01,5.772821469254764137e-01,7.871161509895041597e-01,5.323151484268522360e-01,6.915756142735306478e-01,6.665259931272468075e-01,8.773611391529433368e-01,8.505354269339368001e-01,8.751375559200793575e-01,4.972059873813772235e-01,7.439334309622877006e-01,6.194787271992139299e-01,3.271290599834239532e-01,5.435835833036719578e-01,5.194589270800431535e-01,5.434232292170624312e-01,1.044752775474298012e-01,4.847775216093255790e-01,9.882022366557012827e-01,6.674717299607449972e-01,6.931028473882900887e-01,9.991679727647558851e-01,5.200900816195654919e-01,1.547388717476195774e-01,6.340005916850243173e-01,6.808589482728533149e-01,2.717920270175865349e-01,4.107088133367922111e-01,7.346594338742827857e-01,6.399054530164668408e-01,8.258359358724437493e-01,6.560673122674175461e-01,8.934678846677116537e-01,7.853990874733018934e-01,5.095256708053647055e-01,7.777793027364250378e-01,2.037037183789063011e-01,2.484570874293804965e-01,6.582094826442309587e-01,7.106317671217519116e-01,5.061077069074236823e-01,7.983061725549883691e-01,2.487304447592966761e-01,2.811681133834491586e-01,7.727238180188867878e-01,6.436489373095182209e-01,2.877125701981886330e-01,8.198241664256324945e-01
9.846760179827714898e-01,9.683638041679025754e-01,8.064942609029743803e-01,8.451523931299145254e-01,0.000000000000000000e+00,7.947217456113672140e-01,5.239629058222330382e-01,4.569891464607216403e-01,5.683749284485368758e-01,6.926184780995903179e-01,8.363437994065252568e-01,6.692799427321871608e-01,4.434785249304866728e-01,6.303275765888728399e-01,8.060211098017051601e-01,7.189387609684505520e-01,5.883704528490674157e-01,7.739343652049618383e-01,6.661818477063833344e-01,6.205899244720912700e-01,6.706749360285051420e-01,6.912135513470947235e-01,8.790169941432105505e-01,9.768529747036766020e-01,6.581049991331238136e-01,5.411396236434344864e-01,6.263471298787190999e-01,6.558896355111412113e-01,3.577326253252404165e-01,2.554551965867094543e-01,5.743731928803290643e-01,4.621160098482513523e-01,9.893995560771733366e-01,4.955818796736057297e-01,4.587347184794033916e-01,3.580004209509474178e-01,1.824225089498803520e-01,3.098616352741333513e-01,9.941497415761867407e-01,6.240936758143197371e-01,1.775216047059406943e-01,4.808786750274987032e-01,4.358520055188925824e-01,3.474648923666708022e-02,7.661799039378756060e-01,5.997280053000764166e-01,9.654992948385686669e-01,8.688307579023760718e-01,7.316004240301879902e-01,7.256438200615620282e-01,4.848363803796569838e-01,5.704869916842347788e-01,7.004534334811655105e-01,7.799809407642287473e-01,8.283543960484268665e-01,7.803601198728837840e-01,5.738343277509968532e-01,-3.404036151070830574e-01,8.711089047713667100e-01,3.131095649395531089e-01,2.475021904729501065e-01,7.589904286301862868e-01,8.025708631292386430e-01,7.116138600217021271e-01,6.228662421977309016e-01,3.843796702586437797e-01,7.018203362026673719e-01,8.534807513559106162e-01,5.871357488550229542e-01,3.022727949145538884e-01,4.344959028595623551e-01,9.426667601831434373e-01,2.481506563168900670e-01,7.972207005406373170e-01,3.082059921567654737e-01,4.347015413230650993e-01,5.441844231235002383e-01,4.441269581235235409e-01,4.956873454438784909e-01,5.912025873052502156e-01,4.363704047468047187e-01,2.072509870597494253e-01,9.191286554597510872e-01,5.620364772442636436e-01,6.183586858276286513e-01
6.193795872897560617e-01,3.571764778405842611e-01,7.831734603244058235e-01,9.376674283205049809e-01,7.947217456113672140e-01,0.000000000000000000e+00,3.043148385476676099e-01,5.497074849948204722e-01,3.483515637111205820e-01,5.301222218381036466e-01,6.246236626864265506e-01,4.287869461442601615e-01,6.920956441618337784e-01,5.928935555092478271e-01,7.432233713992097979e-01,7.774431123946575761e-01,6.240025996627278637e-01,9.228472388543525196e-02,9.572386529012264500e-01,7.166397601366355508e-01,7.312216094620280771e-01,6.072672910582972428e-01,6.033222869347968365e-01,8.005893786803193191e-01,3.018289659364988831e-01,6.337081519425457055e-01,5.154172169700993456e-01,6.376463849370102022e-01,3.055822270148248476e-01,1.484369819912757238e-01,6.004433996773150817e-01,7.224320398373883512e-01,7.654463805064116722e-01,5.053027723993664955e-01,2.156577096073271638e-01,3.276189583863592381e-01,1.608383200803489010e-01,5.273963103160255184e-01,4.935374352776251694e-01,5.574537575228850628e-01,7.741373708211807259e-01,5.739357902927411104e-01,6.610982536539909971e-01,9.966563186894099591e-01,6.927153752153735189e-01,9.394459805729180601e-01,8.573600812665631565e-01,4.517960764756414616e-01,2.890970348268967482e-01,5.237044265414567690e-01,4.622238186356484313e-01,4.676228512437505813e-01,4.445579920322048073e-01,6.074158984094299996e-01,8.165233290515675479e-01,3.026922009665861668e-01,5.994129660037179619e-01,7.124549299849695094e-01,6.620285200981723683e-01,3.101186984022729076e-01,4.098487760316643636e-01,3.181469556582944280e-01,7.117337313777726271e-01,6.280520117274305258e-01,6.479866346142002520e-01,5.778752712255181834e-01,4.273615953226382880e-01,6.257798860889300929e-01,2.594132767635413672e-01,4.006396936182229362e-01,2.903093169824175201e-01,7.108085527733636333e-01,2.445139999537047915e-01,2.901392698069528708e-01,2.623145103105831710e-01,5.761934872586129686e-01,6.681859447463190937e-01,7.832627005923369357e-01,4.877549240798899066e-01,2.827396708102720702e-01,7.162846235240327708e-01,8.556655720502536200e-01,4.220488814511836329e-01,5.606397173242041454e-01,4.024131481806632604e-01
9.693890313852406848e-01,7.038343802768263213e-01,8.708496599844514074e-01,6.302411871079647288e-01,5.239629058222330382e-01,3.043148385476676099e-01,0.000000000000000000e+00,5.458404014807376470e-01,7.060230362645337765e-01,2.716757625832675327e-01,4.544429464658998330e-01,8.255383673120847421e-01,6.699979871118566521e-01,2.490653007848453726e-01,6.455035959524270117e-01,3.403982429153886713e-01,5.610784095614036460e-01,3.735359288762439833e-01,6.730768700025383522e-01,5.666662379630893476e-01,8.015712328701747325e-01,4.377946444310182317e-01,3.732419502196775429e-01,7.105862169002777895e-01,2.488488092017404341e-01,2.434494071588417241e-01,9.243081204669250095e-01,1.142483552383394968e-01,3.243865068679046004e-01,3.552412734204390965e-01,5.999654767976217995e-01,6.687136433126631418e-01,6.143699272542160195e-01,6.726783388527984853e-01,7.596702557868437733e-01,4.007661785439198820e-01,3.990433556531547965e-01,4.185440895512646531e-01,6.092065637162105141e-01,7.328045908114728668e-01,2.132603336074555544e-01,3.452946057194966056e-01,8.036549142224492792e-01,7.701051683684463356e-01,7.552826480075285343e-01,2.283126370535339400e-01,6.047953831360560750e-01,5.839747497405686216e-01,4.506450536099761428e-01,5.837618051748995063e-01,6.439687995261705877e-01,3.309473206127588885e-01,1.061941644000898438e-01,4.456238685935496879e-01,2.531899995775805379e-01,5.032672491635542533e-01,4.155900843611340378e-01,7.622611440930369131e-01,6.292524409912454431e-01,3.962401551085225071e-01,4.709964705801147344e-01,3.225219123022697310e-01,6.636997059793827702e-01,9.961390485205809942e-01,8.831491265996201934e-01,6.526196713816952988e-01,7.682242127552120214e-01,4.281459422423351535e-01,2.323249495696582123e-01,4.253132470979638091e-01,4.722370030401367713e-01,2.413446749589298057e-01,2.330121991453477093e-01,7.701865033123819204e-01,5.455123307308947789e-01,4.831360759001349647e-01,5.478571111444274777e-01,7.547959000285003883e-01,2.748371741481329678e-01,8.533711355841683277e-02,4.911103301901184048e-01,9.823598621390721153e-01,3.530064492839059542e-01,3.751449341255650438e-01,7.682762993939771246e-01
6.062665299324759838e-01,4.666404001522332368e-01,5.202605283434912353e-01,7.548817590116282394e-01,4.569891464607216403e-01,5.497074849948204722e-01,5.458404014807376470e-01,0.000000000000000000e+00,2.296780715721447597e-01,5.784551125375864133e-01,8.677404367535131169e-02,7.741607078296126598e-01,5.860194331856951599e-01,7.358617444461684753e-01,7.635653551565629860e-01,6.868328009444281124e-01,3.924524237030026508e-01,4.608799990096733579e-01,6.431621958849430554e-01,7.042787196166814256e-01,6.428526100579331493e-01,3.909380068144314713e-01,2.220762153869678401e-01,9.316450586155903268e-01,6.506270842423598211e-01,7.656760544531967527e-01,8.928406686315188967e-01,3.357334184869072979e-01,2.730539335939915491e-01,2.071177966611247312e-01,5.217356114391562549e-01,6.439198129075256460e-01,6.376833924735545445e-01,4.656366554656454770e-01,7.317687782810908814e-01,2.028451513232763237e-01,2.430837959055174580e-01,7.289759680152336774e-01,6.150104841422593394e-01,-1.449389497930402559e-01,6.391806540000410930e-01,6.339152944948670543e-01,7.529507368324233063e-01,4.917060134803837856e-01,2.194203844017208749e-01,4.753973732112421469e-01,6.851783881518928865e-02,3.547631245303165537e-01,6.374139421963258556e-01,1.246037034633718232e-01,7.159017710422547198e-01,6.584547427549864995e-01,5.204649181268539149e-01,3.895957763622780456e-01,8.115505979369096456e-01,6.515670547978424931e-01,5.246060926551248116e-01,7.800286409136081289e-01,7.777926618991626295e-01,5.419954609765648135e-01,6.318474382643100018e-01,2.109060130860146709e-01,4.822308221902943393e-01,7.075079339392886801e-01,4.885754444933232965e-01,4.573685542018185446e-01,3.031759553297541654e-01,8.071184396895586532e-01,4.861158799399365460e-01,2.272923916224449670e-01,3.943523857864906779e-01,3.181128077049464320e-01,7.719941157633408713e-01,5.261144843669141036e-01,7.937525685627555561e-03,5.180103120211499990e-01,5.499115461755494927e-01,8.821371660638167161e-03,4.630115574265663558e-01,1.912971760701573931e-01,4.516223260485961455e-01,6.157247395557163827e-01,6.965443150533010552e-01,6.840892224883828865e-01,7.911027622700474993e-01
8.781180326412748594e-01,-1.328585935562011655e-01,8.703244777198249071e-01,9.158057700880070096e-01,5.683749284485368758e-01,3.483515637111205820e-01,7.060230362645337765e-01,2.296780715721447597e-01,0.000000000000000000e+00,4.420989644175784550e-01,4.535047083111409250e-01,7.204244416416248908e-01,5.082778305021834475e-01,6.916734848740391239e-01,7.380249192114415324e-01,4.318043663225732964e-01,6.966481509609846468e-01,4.607630564706955423e-01,4.691342559931267475e-01,8.902325423890941059e-01,6.918531510071631585e-01,4.477157200358621303e-01,-1.101445183276626022e-01,9.544449595784635365e-01,-9.624217767549471392e-02,5.346516193135875117e-01,5.327836820734681567e-01,5.110744828617654889e-01,3.279960088444753286e-01,4.239307283274683646e-01,3.939182684034185922e-01,3.072357082757247726e-01,4.751048541437025152e-01,4.531039559648385451e-01,5.990702545491805031e-01,4.458788851386620844e-01,4.100295519797028110e-01,6.219080242102159595e-01,4.147558767910739519e-01,9.023263897285385138e-01,6.456788977083899317e-01,4.948642906288355237e-01,6.382198422985484454e-01,6.875587770946974819e-01,9.674707275445453281e-01,9.070095786702274676e-01,5.139408341406658254e-01,2.635036236119071562e-01,5.960811502104779169e-01,4.651841487403109987e-01,5.749580531247842075e-01,7.493697291111847125e-01,5.117649274354567623e-01,7.055132496177558554e-01,9.117022926733905352e-01,8.111001172462839470e-01,8.352184532034774289e-01,9.653642827336726961e-01,7.022883880881729546e-01,6.204841171771874331e-01,5.251554711752017823e-01,7.614062205780076642e-01,6.038758029020538931e-01,2.679090517828346396e-01,5.193101070621467530e-01,7.006094636854718338e-01,2.424082655237664863e-01,5.143258319921089061e-01,2.860107875864902338e-01,5.057467482318083185e-01,7.532166719963468982e-01,5.381502674895369820e-01,4.458538685667804979e-01,5.938568967784666475e-01,3.924920219247349795e-01,5.169223407502187007e-01,5.028091987132693452e-01,3.910950853868194743e-01,4.597526882751518662e-01,2.993849264047602765e-01,3.802164056327457242e-01,2.302425033606550486e-01,2.743972181590421666e-01,2.757722656166175512e-01,6.342720543817520484e-01
7.109624081517742500e-01,6.842900112201771856e-01,3.753215075098498277e-01,9.144644842334905821e-01,6.926184780995903179e-01,5.301222218381036466e-01,2.716757625832675327e-01,5.784551125375864133e-01,4.420989644175784550e-01,0.000000000000000000e+00,5.290012827447503341e-01,4.171601348502546602e-01,4.815121324251204205e-01,6.342386770412898889e-01,4.043311257221180455e-01,9.683297041836650410e-01,6.109842724096581357e-01,2.634410198922704227e-01,6.278785076246784502e-01,6.747523315575286729e-01,9.545908195426786591e-01,2.591352234447721337e-01,6.566367748533260551e-01,8.087986806772229365e-01,5.452245845189579443e-01,7.895501194150877922e-01,4.285020001848447446e-01,7.070301926314072061e-01,3.663312992571977622e-01,4.083495331896431768e-01,1.610839379573521246e-01,5.230341797159868689e-01,9.755865178386764480e-01,2.987516002555819505e-01,4.782310035733264852e-01,2.502560625517943338e-01,4.032723961036037696e-01,6.877722609032025369e-01,9.774128703292321863e-01,7.139802213105965745e-01,4.107154710062909109e-01,7.880175619458709146e-01,1.301756199148991315e-02,8.582733760659151390e-01,9.137460809199193790e-01,2.911565302661052179e-01,4.665206207550115503e-01,5.926528521174563580e-02,4.467981303054225917e-01,4.131638300358484450e-01,4.708187587492730364e-01,6.395748937594168959e-01,9.958782158271781704e-01,4.229045863494720892e-01,6.624618799079314835e-01,5.123821021732831715e-01,5.371237058623483662e-01,6.730293575613377488e-01,6.634900559164751410e-01,4.642024674355240688e-01,3.393663772326348527e-01,6.954294870237222037e-01,4.428960228556929057e-01,5.233129702488457102e-01,5.223170853070511210e-01,6.487601282776849221e-01,5.715260189993718321e-01,4.841670558473357699e-01,6.535108349416847151e-01,6.439948083774623688e-01,5.102895097351632936e-01,2.158865754707245121e-01,5.550711912040896534e-01,1.252106755871664756e-01,7.988300712843277029e-01,4.738779201382490314e-01,6.343266159328995180e-01,5.532576329887869404e-01,3.986443882035682340e-01,-9.427791479178317113e-02,3.872528269654619271e-01,9.750521820635885684e-01,6.476192922579975253e-01,5.834521120961859708e-01,6.579214649352422839e-01
6.886883445909363077e-01,8.765831936500018129e-01,8.817515859056248573e-01,8.972395170503246753e-01,8.363437994065252568e-01,6.246236626864265506e-01,4.544429464658998330e-01,8.677404367535131169e-02,4.535047083111409250e-01,5.290012827447503341e-01,0.000000000000000000e+00,2.199128798711485477e-01,9.222662469760227744e-01,8.340284473736209181e-01,5.441070473282625386e-01,5.303353330630160567e-01,7.436722541430631495e-01,8.137413264842745519e-01,9.689344628181593144e-01,3.256324353180748421e-01,7.941166485744074466e-01,3.212735539759495329e-01,5.719805760323828370e-01,5.949289375641807487e-01,5.155904840813213541e-01,6.613250480153414212e-01,7.964442534214468683e-01,5.777268882845919551e-01,2.072870760232507492e-01,-1.019979780591362406e-02,3.522930477007444328e-01,4.490524420926454430e-01,6.244299230552138313e-01,4.397706053056098519e-01,4.923975985571629188e-01,5.170938473431202498e-01,2.738599617739157499e-01,2.630557073939242541e-01,7.413726955460397949e-01,7.730513977430595318e-01,2.487694916937659151e-01,6.281825955144704210e-01,5.886733413331699527e-01,5.116977307408510089e-01,8.827693482811080905e-01,6.103539847195119661e-01,8.318278238044978234e-01,4.493247166801200287e-01,6.450970451492189506e-01,5.731711362684580591e-01,6.684325556588859296e-01,6.932317882006027165e-01,6.473403455252919603e-01,5.810369385382494478e-01,7.832894723139067761e-01,7.921869933766836347e-01,4.749525505401940295e-01,5.207878290962436596e-01,9.564391054973444550e-01,4.179551604198579184e-01,2.125729067050682874e-01,6.138299784632871292e-01,9.269278647951927352e-01,6.062314740865675233e-01,8.060449161581573208e-01,4.247330922024770139e-01,9.972291256337962873e-01,6.808860292465449549e-01,5.800034413257553201e-01,8.559244598910343838e-01,8.958029044297545207e-01,6.632476945297155480e-01,4.557745205812366862e-01,4.216561867182935797e-01,2.064372471945604692e-01,6.244676241411951656e-01,6.100107321247227876e-01,6.274524398328681363e-01,7.575770836615838277e-01,-1.477383196472246696e-01,3.484901001936473453e-01,6.269738053121017840e-01,8.310507699908242785e-01,7.425170111044248067e-01,4.859545339207951842e-01
7.757944208884807180e-01,4.918655083289281693e-01,6.449465103064044857e-01,7.178521541402371753e-01,6.692799427321871608e-01,4.287869461442601615e-01,8.255383673120847421e-01,7.741607078296126598e-01,7.204244416416248908e-01,4.171601348502546602e-01,2.199128798711485477e-01,0.000000000000000000e+00,6.079207640277723979e-01,9.224018709169569119e-01,2.883300011204426028e-01,2.129981551946927287e-01,8.995128311765691054e-01,5.456333226545366788e-01,5.653634274416025063e-01,7.242559725496051648e-01,7.143667007925418311e-01,6.708931320138347143e-01,4.667980835931357375e-01,4.220527110299030493e-01,1.645969649617316788e-01,7.678664246029882623e-01,7.737853069539211148e-01,4.553279805134278213e-01,1.260630961723589738e-01,4.179328071803963818e-01,-2.736464548928255747e-01,2.143362734474527631e-01,5.822125475936195116e-01,7.765734392942038600e-01,2.977530921088373805e-01,5.147930887008070888e-01,4.716560378429989764e-01,5.968613550956644032e-01,6.826465458368559114e-01,8.823048610818019499e-01,4.383111313149318788e-01,5.788978539623940156e-01,9.538480028722767790e-01,6.801436682993736715e-01,4.275617629068945713e-01,9.185361923511408122e-01,7.274428124881429092e-01,9.228084334077444328e-01,8.570594130964026558e-01,3.829830923669190756e-01,4.181498539496441014e-01,4.089471276875353278e-01,5.160812938256170712e-01,7.201995169364763250e-01,7.590680245895073952e-01,8.118369393744528928e-01,3.842123895562542524e-01,3.000717369516296418e-01,6.960766776660304300e-01,1.778069681736987873e-01,4.061544795314432355e-01,4.256427683037591336e-01,4.759908112332912333e-01,6.372544262417474403e-01,2.457710766448403805e-01,6.221744234720441025e-01,7.561014197350468535e-01,4.494418085909143157e-01,3.386596021103615017e-01,8.656298736126817328e-01,4.485966562124490409e-01,4.991663872454511486e-01,7.566256791118228797e-01,1.892599276561771626e-01,-5.619551825002597201e-02,2.737889853612424096e-01,5.379556316804334770e-01,7.139909960660882904e-01,1.957609808288985065e-01,-3.909767575986985433e-01,2.458740700757724718e-01,6.235138228535741511e-01,6.876519570577431795e-01,3.731675935243048414e-01,2.945664717620105622e-01
4.919508200025064504e-01,6.122639906757574302e-01,8.149367977179771128e-01,1.891985771997634069e-01,4.434785249304866728e-01,6.920956441618337784e-01,6.699979871118566521e-01,5.860194331856951599e-01,5.082778305021834475e-01,4.815121324251204205e-01,9.222662469760227744e-01,6.079207640277723979e-01,0.000000000000000000e+00,6.730160309549618747e-01,7.288106923907672341e-01,7.458221092875922942e-01,6.373436336805347047e-01,5.987303132361916358e-01,6.401045317104703258e-01,4.708503037172291350e-01,8.768473088845222252e-01,8.617234553315347156e-01,8.047716744387509724e-01,7.498020893700496625e-01,2.731968825510985299e-01,6.931684794909745984e-01,8.242405655820514987e-01,4.124528350272660959e-01,4.910881844935647278e-01,4.084847178637206477e-01,2.517557566889230269e-01,4.997681082225166604e-01,5.646765589241282690e-01,7.856485268469521888e-01,3.159660222130806217e-01,2.570366375424287808e-01,2.198022702743505641e-01,6.168160220102827385e-01,6.985546928510681930e-01,4.731543752442738948e-01,6.967152012889908930e-01,6.334917535482886830e-01,8.487152094129380986e-01,8.159408989519846278e-01,2.285344852186408926e-01,9.174584173598495651e-01,4.762119337338589498e-01,5.504468820972165943e-01,9.678736070819873305e-01,6.293613612013359004e-01,8.169021208226082686e-01,8.429948508596389889e-01,9.474192592648533751e-01,7.881072892187634960e-01,9.572360504579142670e-01,7.512124603264391798e-01,2.332474690655439442e-01,5.368539619087762116e-01,6.914911689598473021e-01,4.365123033440326816e-01,2.106162238846850110e-01,9.139651216690077851e-01,8.320585073109925123e-01,5.668061328055498116e-01,8.671584276986417095e-01,5.315981969880856361e-01,6.431039454184284132e-01,5.773618470545404113e-01,7.185208430057914430e-01,2.141272165330719290e-01,6.784665470115724961e-01,4.045034577863903524e-01,4.786238977497839220e-02,1.344153472500496382e-01,1.253474251878224643e-01,8.141416197168482860e-01,8.387109999518130854e-01,4.082099966138000857e-01,4.249948979063010723e-01,5.084728655388696117e-01,7.959815173566828772e-01,9.429158424565968755e-01,7.752321400619790470e-01,1.281515884284437079e-01,7.844725493120666693e-01
8.628254920421670748e-01,5.873396552278473681e-01,9.477730152674384012e-01,5.351834213903069459e-01,6.303275765888728399e-01,5.928935555092478271e-01,2.490653007848453726e-01,7.358617444461684753e-01,6.916734848740391239e-01,6.342386770412898889e-01,8.340284473736209181e-01,9.224018709169569119e-01,6.730160309549618747e-01,0.000000000000000000e+00,5.092406132996047941e-01,8.601356189017567155e-01,7.283169903708408555e-01,4.978607867392111364e-01,9.517230694829165172e-01,7.015437772383885662e-01,8.804502466159886964e-01,7.986538263090620093e-01,7.525315408263331118e-01,6.638629448877070294e-01,4.566679197142286539e-01,6.810653787780955870e-01,4.036966080403946999e-01,9.735765303717255348e-01,5.823659287062645795e-01,5.287167927465569184e-01,4.195344563656794312e-01,7.540689753967448894e-01,6.671348919573051317e-01,6.728990723078027703e-01,7.826708953633105814e-01,2.517105539264282710e-01,4.447188629877829036e-01,7.084989047219233393e-01,7.480065358179934787e-01,8.070498687318919950e-01,3.169301026149263234e-01,8.651336349149892913e-01,5.991059211132436779e-01,7.359383987285403883e-01,8.056831921484773895e-01,9.568264947073487070e-01,6.808249959405213714e-01,3.080823859462104020e-01,4.651357966144411549e-01,7.635381359358091036e-01,5.687112711687867250e-01,7.243542519205596886e-01,6.410092324468555924e-01,4.562109299724226297e-01,2.061980405407868033e-01,3.157322732915838759e-01,6.278186740730096194e-01,8.367622638823132286e-01,7.313574299067913120e-01,3.122753394475834623e-02,7.095462959209379583e-02,6.853806599203962069e-01,4.548849188808197219e-01,9.234162016303844034e-01,6.041735341470471088e-01,8.226406997391222387e-01,5.138665461281013425e-01,7.543835533880628441e-01,6.929525266542090334e-01,9.489144909903755032e-01,4.205059663621169008e-01,6.346223816032273701e-01,7.256876612872651400e-01,5.371569356159198172e-01,7.271013122181597677e-01,6.148542290793973519e-01,2.891658840791128116e-01,8.140109629179541617e-01,3.185007351253132946e-01,5.820716132682460797e-01,8.182143065835173479e-01,5.876522721012313877e-01,2.655440691400386966e-01,3.691663911918381946e-01,2.364248207809772628e-01
7.635502155326401308e-01,8.002254947415275987e-01,5.709979089441008515e-01,4.329038761901423116e-01,8.060211098017051601e-01,7.432233713992097979e-01,6.455035959524270117e-01,7.635653551565629860e-01,7.380249192114415324e-01,4.043311257221180455e-01,5.441070473282625386e-01,2.883300011204426028e-01,7.288106923907672341e-01,5.092406132996047941e-01,0.000000000000000000e+00,9.658989523768891639e-01,8.310216512898447316e-01,7.848639104547817658e-01,6.917443201579475121e-01,9.086294692705211284e-01,7.199107759130002337e-01,5.673956884181834415e-01,2.312709900538737484e-01,9.714168440764235912e-01,4.213983691551024258e-01,8.314207124934304138e-01,5.998345768461132987e-01,9.239373587537866861e-01,3.673508719720595672e-01,3.853748002010820017e-01,6.679354283615775989e-01,3.214506042796219654e-01,4.731805002580588004e-01,5.809524478405758696e-01,2.696988604325989414e-01,2.379841429918943263e-01,2.647789287319655682e-01,7.619290882019027489e-01,6.491465997414329614e-01,7.731685613461265483e-01,1.425413675577009986e-01,2.375300333937143127e-01,5.089686062961717994e-01,5.071144297637333320e-01,8.937570241093641954e-01,7.712368387336840936e-01,5.578798930966539782e-01,6.023547452462558738e-01,3.734831963091880258e-01,6.486054954035053166e-01,5.095672759224997295e-01,1.129540084102391775e-02,5.441863589798153766e-01,4.588257507517178313e-01,4.165399348753923148e-01,3.748789339509338014e-01,7.334285189577747222e-01,4.042107101866243557e-01,4.924912947324095458e-01,1.988480470436414793e-01,7.039389318542202956e-01,9.956696378002631853e-01,6.243455684000686068e-01,6.530196030829599207e-01,4.810620081604694009e-01,5.766255057339161327e-01,2.689926359790468791e-01,8.777182777450472928e-01,4.272143997480434829e-01,6.722148633403337570e-01,8.589078087485015889e-01,3.656194470442838407e-01,5.542144359401914855e-01,3.406179070347531423e-01,9.816905613703824640e-02,9.002032314105696820e-01,5.041278715615031825e-01,5.506257233471775203e-01,4.457100473884970659e-01,4.791052419427883069e-01,5.192236944953765310e-01,8.649185085209758483e-01,6.529277415698162557e-01,2.317625419296674982e-01,2.869890122532561261e-01
6.054848202821510039e-01,-1.251624733565975811e-01,4.428443812252862988e-01,7.274741850012569344e-01,7.189387609684505520e-01,7.774431123946575761e-01,3.403982429153886713e-01,6.868328009444281124e-01,4.318043663225732964e-01,9.683297041836650410e-01,5.303353330630160567e-01,2.129981551946927287e-01,7.458221092875922942e-01,8.601356189017567155e-01,9.658989523768891639e-01,0.000000000000000000e+00,6.710955360394113001e-01,6.698212222394324122e-01,7.730191063114445482e-01,7.135398594684571050e-01,6.698770674109510992e-01,5.926442288969748784e-01,5.507963652835123902e-01,5.708485494237176550e-01,7.505080106100332493e-01,5.323292334093081557e-01,2.482304019482090840e-01,9.261880849521224590e-01,1.019403012433844485e-01,2.130066405204922297e-01,5.243420739013119336e-01,5.783870011866860672e-01,5.758629791804120712e-01,8.721037603738474031e-01,9.013364906246458252e-01,6.059354493626262217e-01,4.108185334448933301e-01,5.533551243694108113e-01,7.204502492348039411e-01,2.201588135512789757e-01,7.618222095699281882e-01,9.899088401411437754e-01,4.380756352916307939e-01,6.582663727076789595e-01,6.678300839252457877e-01,8.126821951995063520e-01,9.889304083387726596e-01,-1.213218448707259201e-01,3.839558630663614247e-01,5.899045289666189351e-01,7.654590378298370412e-01,7.724681097924282480e-02,5.338383297268014527e-01,6.632695052087517196e-01,5.569490609220482114e-01,9.339062655749390540e-01,5.396346581316916469e-01,9.249716196752391095e-01,2.648787754202492351e-01,5.270845360586198236e-01,2.301417346679731912e-01,8.386977925274505807e-01,4.776186010543569949e-01,6.371497946180315619e-01,6.957863510174628896e-01,9.884789629930440524e-01,7.064391433687307043e-01,8.545676499499590406e-01,4.359762724084975116e-01,4.062612927913195615e-01,6.021323134420476508e-01,-1.889726535055297751e-01,4.259897934509961903e-01,4.487662050939441594e-01,4.410014100420612260e-01,6.884075841677181895e-01,7.666631516132560442e-01,3.040163164834611131e-01,2.499745900297561385e-01,7.167995017709445360e-01,8.446429775816075569e-01,9.250128662498592336e-01,7.226652428629828373e-01,1.723981533103441377e-01,3.782955608494740218e-01
3.227410831517836254e-01,-1.220472989651700813e-01,4.901160791909466297e-01,5.821251934131062011e-01,5.883704528490674157e-01,6.240025996627278637e-01,5.610784095614036460e-01,3.924524237030026508e-01,6.966481509609846468e-01,6.109842724096581357e-01,7.436722541430631495e-01,8.995128311765691054e-01,6.373436336805347047e-01,7.283169903708408555e-01,8.310216512898447316e-01,6.710955360394113001e-01,0.000000000000000000e+00,9.213175875121538683e-01,5.269098485602367044e-01,6.458429166824961598e-01,5.626331412480374272e-01,8.685886521932810744e-01,7.518492394869871198e-01,4.795473708746879060e-01,7.709102197760329123e-01,8.746273151225800735e-01,8.161387155574455488e-01,8.634994792443648759e-01,1.460681480573277902e-01,1.707754283224791336e-01,2.532998072040217874e-01,9.371514263099270936e-01,4.506377169347416944e-01,8.493989689303375057e-01,2.834254341603507088e-01,6.007309298199655645e-01,2.427740051541513455e-01,5.277458044860421360e-01,9.468499002618929739e-01,7.752910246055025878e-01,5.310584569541427769e-01,4.108726267322755366e-01,9.549540747249025685e-01,4.637291192484082059e-01,6.080012712806759367e-01,6.345389358511973610e-01,8.753814035384227532e-01,6.377689690414861667e-01,5.354510975235670101e-01,9.400859431810587585e-01,5.480540812715823940e-01,8.972436314308628313e-01,8.352778377151119926e-01,8.480901123814119646e-01,6.845350620874818270e-01,6.058139668483705220e-01,8.261558448483499184e-01,8.079667525911365944e-01,7.488241131064008460e-01,1.102449479440447688e-01,5.145965212158416513e-01,7.617269876953655094e-01,4.832598285039567676e-01,6.535767571088202388e-01,2.134165315994437373e-01,4.951233054003175704e-01,7.967514133935857945e-01,3.239994394096556984e-01,4.663999849256776353e-01,5.816022347908506029e-01,7.431804551441494322e-01,8.429637848590918470e-01,6.936568891377318247e-01,7.346627629577753282e-01,3.484431653120497741e-01,7.925787188053698973e-01,2.830466648172985655e-01,9.111709871541798789e-01,7.638953554533071122e-01,3.263304340244682633e-01,5.338890846459125594e-01,2.167707759019097402e-01,3.911251829770879818e-01,8.804116534076490350e-03,9.989427828947056165e-01
9.107308922139049079e-01,9.697683839689180685e-02,9.693659987958321844e-01,8.300543462157047303e-01,7.739343652049618383e-01,9.228472388543525196e-02,3.735359288762439833e-01,4.608799990096733579e-01,4.607630564706955423e-01,2.634410198922704227e-01,8.137413264842745519e-01,5.456333226545366788e-01,5.987303132361916358e-01,4.978607867392111364e-01,7.848639104547817658e-01,6.698212222394324122e-01,9.213175875121538683e-01,0.000000000000000000e+00,-1.162421744252167544e-01,7.383499592306249637e-01,5.504729274657296223e-01,4.134242543417482318e-01,5.225190234455235894e-01,6.059423026868179241e-01,2.185045561097675726e-01,9.378103110890939620e-01,5.991560909152739978e-01,7.924828236421543881e-01,2.623310482250100217e-01,3.068989079936548237e-01,1.886278855527338538e-01,6.214122253767926374e-01,6.720672552858947268e-01,4.297236196747938330e-01,9.183903485611096817e-01,4.493630462382368074e-01,5.956183784045783469e-02,7.045201099152711421e-01,6.955584593163168794e-01,9.428057659316880779e-01,3.537217520080649935e-01,5.970548028792111994e-01,7.967568135709184318e-01,9.182826065350877531e-01,2.621059378398261641e-01,6.385588714875888305e-01,4.166461808356313190e-01,4.501521960503820918e-01,4.258852253913289476e-01,5.521994504767870904e-01,5.450589821733645701e-01,4.621258126599721017e-01,7.726670511504879491e-01,6.704339745670863104e-01,6.495387792066430466e-01,7.016752520858146047e-01,4.831529606392898080e-01,9.535325494157816939e-01,9.160282587883143979e-01,3.862305454969993113e-01,7.055688352123594687e-01,-1.768852693080770755e-01,6.138961663487266796e-01,1.527399603356014157e-01,8.460024073524354815e-01,1.857930051581795361e-01,3.126719064688516236e-01,7.630403530755861530e-01,4.677582345465402525e-01,3.063873819534613241e-01,8.097785579657397204e-01,3.160354382074119783e-01,7.587568433500753440e-02,4.680129018333812896e-01,5.067894628383580180e-01,4.729109875509138750e-01,7.302692331966997852e-01,8.303097593568598001e-01,-7.777777268367902508e-02,1.683282299171642571e-01,8.303396067003321335e-02,4.599036636248679533e-01,7.458120724625145748e-01,5.155062147762298208e-01,6.239448823043911574e-01
