0.000000000000000000e+00,6.359392636949563471e-01,7.233995166748535821e-01,9.041315182298426123e-01,2.288923196532535731e-01,5.968274518246492466e-01,6.750908198506040403e-01,6.142649787295146879e-01,7.560571716642328077e-01,8.754010874870260528e-01,8.655769199191469809e-01,2.912858696254656543e-01,6.105310999194368815e-01,4.684190251366512348e-01,9.095634683863403902e-01,5.859953348626174563e-01,7.523806556069985163e-01,9.404476178944736198e-01,6.508572071748386367e-01,6.805857225579242664e-01,4.670779138518060813e-01,3.665477184196601623e-01,9.040470603674439776e-01,4.395134942980624126e-01,7.259862244153603150e-01,6.138121287005477988e-01,5.930683310252832241e-01,4.780657950277874546e-01,4.995599439035086631e-01,3.487554026572186050e-01,1.519843249120933215e-01,2.765959943604255900e-01,6.612457370694975189e-01,8.662676185075000035e-01,5.107756387318950209e-01,1.946286306863224125e-01,2.005277124422851776e-01,6.011265270555827822e-01,7.405377843235844137e-01,1.771095639907692698e-01,1.256302292188409830e-01,4.477952194881187897e-01,9.219625259506468717e-01,9.143804066121872243e-01,9.874270994015356129e-01,5.259294296634948740e-01,8.064396977972210223e-01,6.025077840578133559e-01,8.367259122273904559e-01,9.441115104832760174e-01,5.705587133417879819e-01,8.606601559406670265e-01,7.069503285661397074e-01,8.400946113991447639e-01,6.541574797056463053e-01,6.567831889884783170e-01,6.317060868216006764e-01,6.779859447161875607e-01,6.209614601351431951e-01,4.344781504308880549e-01,2.465004016177302915e-01,8.750374853365086025e-01,9.589678335989899605e-01,6.873927221422115874e-01,3.142350609576768372e-01,9.918222146857755828e-01,9.312407868574940073e-01,8.305104923726570609e-01,5.375657867047222149e-01,8.837410929986952990e-01,9.975725566666293620e-01,9.652121117643365222e-01,7.320186583170883443e-01,1.904026227947958061e-01,8.958200986020267154e-01,7.967623589440199217e-01,7.491259433633998821e-01,6.843230305660452650e-01,3.453654320931628385e-01,1.433852954386540535e-01,7.016300759821131328e-01,5.332000543774182422e-01,9.163523131910128461e-01,5.786427464169792145e-01,8.780012322929451329e-01
6.359392636949563471e-01,0.000000000000000000e+00,9.571199539173179671e-01,6.688852238775546688e-01,2.931992958821506567e-01,4.651637834349334200e-01,7.201686123409184459e-01,7.670367165250561170e-01,6.889891238131987672e-01,8.708973689167843757e-01,9.120715672501631399e-01,5.975508722728806177e-01,7.004814366837671669e-01,8.521839944440988690e-01,1.422850312520197447e-01,8.468894391204742078e-01,6.824678456877792954e-01,9.483735410126891141e-01,7.495539669117717851e-01,7.151443634985108488e-01,8.616902814659712639e-01,8.588421722370462863e-01,6.994530261681046746e-01,9.274762968245239270e-01,5.170126250003956869e-01,7.029912647995890662e-01,6.716143969031838079e-01,6.429132091597220544e-01,5.700916018214718939e-01,5.270620040647886473e-01,3.954134100572942456e-01,5.052923136144125138e-01,5.462880314223423905e-01,6.651636534874573181e-01,6.995689415421769697e-01,5.393866881937386948e-01,3.906220967903257790e-01,9.619843773098636364e-01,4.781691653285500276e-01,4.884494015236031106e-01,2.589411230201341674e-01,8.756490062482722436e-01,4.559536688932744330e-01,6.354390041965654046e-01,8.901721946004752528e-01,9.635060903711903935e-01,5.579826191350841791e-01,7.373488576853000076e-01,1.583849784553540418e-01,4.099825187160550666e-01,4.525825485369571188e-01,7.734196348933903842e-01,6.968757153249937053e-01,5.171972120772795334e-01,4.325670014704988131e-01,4.755178089955995890e-01,6.939751830961098378e-01,2.643520479844693738e-01,8.136834638049197377e-01,3.850260173713938583e-01,7.239704563995844055e-02,9.656211185208760650e-01,3.239527631086712711e-01,5.095017281494923500e-01,6.703437165248931073e-01,8.526078648007366922e-01,6.515196907638174384e-01,8.763414689518687073e-01,7.974791702460082288e-01,6.704221304216154698e-01,9.787171624511508128e-01,4.323907234975727931e-01,2.925565258993505502e-01,5.482046226059519300e-01,4.383609688833259854e-01,7.098161992619107519e-01,6.367376455636447607e-01,2.205385921471311461e-01,-1.873310018333779747e-01,-1.025908846381134998e-01,3.741575381131336253e-01,7.787216498958030586e-01,3.030808379688820775e-01,5.709294763587239308e-01,3.963149587370010662e-01
7.233995166748535821e-01,9.571199539173179671e-01,0.000000000000000000e+00,7.848791567454613816e-01,6.138490163341112638e-01,9.930127205096537235e-01,9.511921514522151400e-01,7.190546919042468677e-01,6.157055884336246621e-01,8.676173374744027278e-01,2.182903417376073352e-01,8.927976532991708236e-01,7.200665640049279392e-02,4.777434305426840888e-01,2.772344407288662715e-01,8.553786241702719950e-01,7.927884245193466128e-01,5.087759371241948880e-01,6.325183500286782889e-01,6.635645194410716430e-01,7.310299413425962456e-01,7.097856477078593462e-01,6.620084958660783503e-01,5.615891285436660496e-01,7.404441475511200910e-01,9.210322775339968571e-01,9.424188440457063054e-01,9.940734741092227544e-01,5.023577288360063786e-01,3.769673568084690451e-01,5.197323520842693778e-01,7.080023676216187223e-01,9.751804841192101003e-01,3.127481782280217004e-01,5.240403491415708270e-01,5.938935997425489610e-01,1.613126248877748969e-01,4.123923782398956073e-01,3.635090418580406157e-01,7.561537753443098309e-01,5.801469897219601046e-01,4.646136986587228179e-01,7.701359729530128650e-02,9.918702655033716509e-01,8.216795287590050734e-01,5.345437811892442825e-01,6.246329681451324722e-01,9.597773389353017048e-01,2.217944939410433913e-01,7.663421196293986881e-01,6.740312835188108087e-01,7.584355144722059183e-01,6.096435489439135935e-01,6.674038263999626519e-01,7.382832911572850820e-01,5.887770123788554910e-01,6.449488698920323726e-01,7.865421193871716676e-01,7.382276999036680998e-01,4.953637922476235023e-01,3.802617731594455375e-01,4.680058799196903374e-01,7.935825207758002708e-01,2.180713419033207257e-01,7.405300522551413467e-01,4.793908654257612034e-01,7.560737861104098734e-01,9.442636542137139433e-01,6.117876087524191098e-01,9.554440799727539346e-01,2.396746281424797786e-01,3.170296252295338180e-01,4.546215606025275080e-01,3.532335652339410048e-01,3.698321272920548353e-01,6.809909180124462669e-01,9.742388556778542874e-01,9.601962422412267939e-01,4.395651470104324776e-01,4.158749198335918162e-01,8.275880705496254652e-01,9.968005699745292603e-01,5.361324694484344011e-01,6.630539621872644229e-01,9.986325147313713790e-01
9.041315182298426123e-01,6.688852238775546688e-01,7.848791567454613816e-01,0.000000000000000000e+00,2.275131471819234197e-01,5.205340507240494574e-01,2.436210810876277277e-01,1.446905868714117027e-01,4.862878175747709086e-01,6.827421486429192665e-01,9.458388627578624419e-01,7.129668130971351658e-01,4.079637004921508048e-01,7.567931210356594329e-01,7.091287945889551692e-01,4.941212108961846594e-01,4.140191271898198133e-01,8.110827831707149160e-01,4.084654431726789658e-01,5.501912714729223497e-01,6.945729972909147065e-01,3.838925121629497283e-01,7.941558128386567716e-01,8.239526229414780856e-01,5.020745427539509143e-01,1.179731063332911667e-01,9.125038987651590272e-01,6.958619953877829278e-01,2.128715893144202675e-01,5.654678766858740602e-01,3.614189420403927100e-01,5.575427077002331755e-01,4.054832977001692762e-01,6.808754217071424364e-01,9.105100756747299684e-01,4.446100864130569374e-01,2.401402523238147235e-01,5.200482456865389569e-01,6.338098904045694759e-01,6.892367731880636450e-01,6.924626755945231249e-01,7.989641245006529058e-01,9.935683788650319093e-01,3.648554553429591008e-01,3.108124086488974203e-01,6.164826095885117541e-01,9.897224964596500474e-01,7.731209805622576425e-01,5.526241589168234825e-01,5.168196850699906530e-01,4.006177975708081762e-01,3.852037451487728970e-02,5.104421668402024936e-01,7.547566019714310181e-01,7.677606728939024849e-01,3.990678024476432967e-02,9.124364936107003388e-01,8.787941401066596825e-01,7.262960185094238241e-01,1.946612762971921540e-01,5.333189058217223666e-01,-1.292768250031754440e-01,8.595055396410793414e-01,3.256053897697447352e-01,9.355253005954742296e-01,3.543549534681205565e-02,8.738760738219031321e-01,2.519309378942246047e-01,3.069027232412661066e-01,2.183448355091283377e-01,9.237910925881702706e-01,7.085810945076896905e-01,3.831648117330593850e-01,6.463434208530746128e-01,5.394270437944747032e-01,3.385984952914934398e-01,4.275274044660335448e-01,6.955792776213722828e-01,2.947375368410753982e-01,5.080676043907382811e-01,7.041381207498527139e-01,2.745550261306869411e-01,6.209853505608134983e-01,7.370306961068446849e-01,8.987213362682571205e-01
2.288923196532535731e-01,2.931992958821506567e-01,6.138490163341112638e-01,2.275131471819234197e-01,0.000000000000000000e+00,4.059558682802322238e-01,6.882076178605142092e-01,5.215024951175161183e-01,7.352815245451065351e-01,8.728837068578039204e-01,5.209640250609103296e-01,7.497516297773666460e-01,8.696722218279089311e-01,7.343552002795061817e-01,7.483846673165730490e-01,5.670791338656566705e-01,5.689979698934481966e-01,8.057668799196618936e-01,5.024787768858564041e-01,6.909626367708981975e-01,5.973523963386939695e-01,4.644145916939002028e-01,7.635360160207844693e-01,9.019547570961992111e-01,7.395397881187163458e-01,4.677504594722761699e-01,6.629911457222239513e-01,6.851379272983026958e-01,2.919620334591017108e-01,7.693197397005822891e-02,-1.992149509027512089e-01,4.261473325075381124e-01,4.503497181593580367e-01,6.449917343087805399e-01,2.523014275893286640e-01,5.673022929807631787e-01,4.463856461566944045e-01,6.122375514848048539e-01,6.826242154541962703e-01,6.969869098989041056e-01,3.728526829888405558e-01,9.107328487681159990e-01,4.207068154813804473e-01,5.905662981710988607e-02,8.974396303844958123e-01,7.671225332461324431e-01,2.175814855912959755e-01,4.190075138233053664e-01,2.831891229987393288e-01,6.336769501584599285e-01,4.202675947883716123e-01,7.676710303284451919e-01,6.697678783159590754e-01,4.615790579295290796e-01,8.176473821504077755e-01,7.448870761869139656e-01,7.262050141179148266e-01,9.988277901687124816e-01,4.514688193199273281e-01,6.184648601480534635e-01,7.030354323796492721e-01,2.056262586454760122e-01,4.397761858075856511e-01,8.102540382646358230e-01,7.934690987761020553e-01,5.597790487836331597e-01,4.126672336941553110e-01,9.770234881837167595e-01,7.458042228012440322e-01,6.478402265429984430e-01,7.755396798105577139e-01,7.502878782025377280e-01,4.558407800162154744e-01,5.874638445128577136e-01,5.099373330097582979e-01,5.490368454811462851e-01,8.801861005220659173e-01,4.781982199776964593e-01,2.283111859490730700e-01,3.188491594403862206e-01,6.793779185551336586e-02,7.223009604919630178e-01,4.067601071023009829e-01,2.282916533667553316e-01,6.627503601236673925e-01
5.968274518246492466e-01,4.651637834349334200e-01,9.930127205096537235e-01,5.205340507240494574e-01,4.059558682802322238e-01,0.000000000000000000e+00,3.841538445954862935e-01,7.170827961028286568e-01,5.387123838751244759e-02,7.879046094695015823e-01,6.118857744543306776e-01,5.105698334514821024e-01,9.200037930133866393e-01,7.004354925422379141e-01,7.047694542041473831e-01,6.453716240585986030e-01,7.589803989089157765e-01,7.828645616841273247e-01,6.665623593223236609e-01,8.076258176220493246e-01,1.349226915403845817e-01,9.282997128597577641e-01,5.259320031003404949e-01,6.775032391643509566e-01,7.713308019469530263e-01,7.507872936373617412e-01,8.276079333443968622e-01,8.422385051474952089e-01,9.206924920708974280e-01,6.350117559912255016e-01,5.732620771203583709e-01,4.249836806474390771e-01,7.137410860491321118e-01,7.283682333271109810e-01,5.181531227642088844e-01,5.771076506528907135e-01,5.604185789051966404e-01,7.917908958184869395e-01,2.647619048122870633e-01,4.858872019255060515e-01,6.356055688920529967e-01,5.599509318847419870e-01,7.988240367395001984e-01,3.625596848723775523e-01,7.051731850490411402e-01,6.903776514088535432e-01,8.342133960256757907e-01,6.270069164102802795e-01,6.202520369603080619e-01,3.099348277088369574e-01,5.061984080458122870e-01,7.728108035301843870e-01,5.467097390438631077e-01,6.781358831532152687e-01,8.573988607987229615e-01,6.357034861401962278e-01,7.090400293699856693e-01,2.484251582898820143e-01,9.736094037129482404e-01,2.499851574993471603e-01,5.965697583386782021e-01,7.147568624889416578e-01,6.869315119191746755e-01,5.937035440766391670e-01,4.364892504348623081e-01,8.969460982879750022e-01,1.586585200296292131e-01,9.725223465654486699e-01,5.875535588747442528e-01,6.557575645719482260e-01,5.603755924449471681e-01,5.478980274515335980e-01,3.040878485981390877e-01,6.106801689969054703e-01,5.925655461453332995e-01,7.471095613092723076e-01,9.897232125056439900e-01,7.023227348422776961e-01,4.627428991738674613e-01,1.146113907102567220e-01,2.418520245804725299e-01,7.759028128366338706e-01,8.137317049977820238e-01,7.776783109752549716e-01,8.983289890642510711e-01
6.750908198506040403e-01,7.201686123409184459e-01,9.511921514522151400e-01,2.436210810876277277e-01,6.882076178605142092e-01,3.841538445954862935e-01,0.000000000000000000e+00,7.157043758996705085e-01,3.191162834629542033e-02,5.194380865061547503e-01,5.544070591865895015e-01,7.193245697299722741e-01,6.127891137383706388e-01,6.198929514027198273e-01,2.314883500105676117e-01,6.890980097287112693e-01,6.524659222088288191e-01,5.262400755640287420e-01,2.663883279661114489e-01,7.017993970435187912e-01,8.973394366499840569e-01,6.172646943700768607e-02,1.637697992214866838e-01,6.306871676556944362e-01,-6.461414823080527392e-02,7.775615347123960852e-01,5.128492555408490361e-01,7.122297701875912601e-01,5.317692489675815981e-01,7.011957007483685111e-02,-2.668924361855407046e-01,5.920030504710006580e-01,2.825616884797473860e-01,4.500184800512833649e-01,6.604702519621100665e-01,5.859013464547356831e-01,3.732592431676904909e-01,4.851853458549013620e-01,4.237652265558173870e-01,7.237622372757330780e-01,6.619240613501676807e-01,2.502798141650127151e-01,6.698088142945337609e-01,6.082598331348819665e-01,9.888236368893048578e-01,2.376161295207390445e-01,3.384340389453616704e-01,9.035638145104658847e-02,-1.320310884517372774e-01,6.704567900762546939e-01,4.795825771205985966e-02,3.962133366931647194e-01,2.332392078172961514e-01,2.907839396733110648e-01,4.053400377700773771e-01,4.861229415924351871e-01,7.514595624827195008e-01,1.650087924323906429e-03,7.190404007669886077e-01,2.457118242747862169e-01,5.011946600089605547e-02,6.198669011730875700e-02,4.500328425126053355e-01,9.194837340804283832e-01,4.800357696815393815e-01,7.386024378823339287e-01,7.874531704982139502e-01,6.430228596520575213e-01,5.521326062216330710e-01,4.100555158890020202e-01,6.509372931453170086e-01,6.455306226545338699e-01,7.218578288315120606e-01,3.704998965184235216e-01,5.922618353036843697e-01,5.125830592007341036e-01,5.110521655307560529e-01,2.285615087914983079e-01,1.026010946162488890e-01,2.507616394313735841e-01,5.964351606699282993e-01,8.919884178124071195e-01,3.416717792860928249e-01,9.142340377153253261e-02,6.599735838633716822e-01
6.142649787295146879e-01,7.670367165250561170e-01,7.190546919042468677e-01,1.446905868714117027e-01,5.215024951175161183e-01,7.170827961028286568e-01,7.157043758996705085e-01,0.000000000000000000e+00,3.482440432507546424e-01,8.750740874085780607e-01,7.597398392199602446e-01,3.315539822205390563e-01,1.166644241329135440e-01,8.476639460694935790e-01,6.856068955597913739e-01,5.262908786093725144e-01,9.420070595942677816e-01,5.155892122785630249e-01,1.825349277702550677e-01,7.490784217691976998e-01,7.100917646717940235e-01,9.091532233764243465e-03,4.966692328407285029e-02,9.730923358318932515e-01,2.541284192618779580e-01,6.567215971256277207e-01,4.963391761905802668e-01,4.901505709909566022e-01,6.595839051717617973e-01,5.936313468142311311e-01,3.045701922181198174e-01,5.701335915170325785e-01,5.457765883800439477e-01,3.320162899293283010e-01,7.188873232659954704e-01,2.005918771600536110e-01,5.239268290580942899e-01,6.951245303472558534e-01,3.414764596690870180e-01,2.699293382369242211e-01,2.044649771569239660e-01,6.787097027954916983e-01,7.708993003882821382e-01,2.027707971837244272e-01,8.869030981491334842e-01,7.664157353770575387e-01,6.773308074709091242e-01,4.465977955553828704e-01,4.132384189414382569e-01,7.274539187673650931e-01,3.553038298412790619e-01,8.775624709568590198e-01,6.340208767503918708e-01,6.898986454340726437e-01,5.562993201772465923e-01,9.276105607543632114e-01,6.700883642481315627e-01,4.050912008675042753e-01,8.866888958756289352e-01,8.608373178235805279e-01,5.322124337806539707e-01,6.003458458685784205e-01,3.742575840680854027e-01,9.842131941430226627e-01,7.610225039950597736e-01,5.407832128429492791e-01,5.746550437272196499e-01,7.274153228082356204e-01,3.049839011156404434e-01,7.365770236474298294e-01,4.855079679254639125e-01,2.454948830255165582e-01,1.583913429992602762e-01,5.301677522669924203e-01,4.059793306923076273e-01,2.670395482482768035e-01,4.007427671161962746e-01,6.434049197706129819e-01,3.878049453389810219e-01,2.581187415767153270e-01,-6.743331294020332711e-02,5.395006395724416537e-01,8.656400048740440223e-01,4.270914010295941976e-01,5.742642389833956251e-01
7.560571716642328077e-01,6.889891238131987672e-01,6.157055884336246621e-01,4.862878175747709086e-01,7.352815245451065351e-01,5.387123838751244759e-02,3.191162834629542033e-02,3.482440432507546424e-01,0.000000000000000000e+00,7.343804952877390768e-01,6.480808017161159285e-01,6.043618807579809182e-01,6.223581004516872683e-01,7.960675700370534180e-01,8.159113952473974196e-01,8.983079976943790790e-01,5.368703509049543854e-01,4.627334614275532276e-01,5.976581082585619153e-01,4.449842939387264051e-01,8.264674077577424116e-01,5.940891777836512233e-01,8.455733812818748696e-01,4.531078348848836534e-01,6.378137435596890059e-01,5.485440656207107857e-01,6.989517296588508843e-01,3.587019272964897532e-01,3.607229825292940784e-01,3.837079988655871521e-01,2.051356463737063485e-01,9.055587938940736770e-01,6.371997457854881031e-01,1.554877397064162725e-01,4.418102725145006127e-01,2.278289356319572745e-01,6.313922688541268036e-01,4.870084655434659959e-01,8.739480423766979866e-01,6.656164929097281302e-01,6.934141823474540001e-01,2.934630442297326280e-01,8.849379542157145284e-01,7.195527628346102267e-01,9.563785542660838690e-01,6.224573815898774010e-01,1.366818054762841683e-02,-1.756108986120290816e-01,2.542598408498117912e-01,4.520340256352191610e-01,2.815842650998944263e-01,4.313498873867911421e-01,9.307718639769987368e-01,1.551621421796501865e-01,8.192723474834623376e-01,8.095872226211516809e-01,2.817536489681033984e-01,2.045643455356430107e-01,9.703977716746374771e-01,5.920302067779192878e-01,4.457884782828060444e-01,7.400918105358109678e-01,3.295762410338628490e-01,9.152174236374754912e-01,6.480172595078526054e-01,4.975741665055104512e-01,6.580962416408553395e-01,4.766334655429727563e-01,7.190229024707962546e-01,4.646479814301996969e-01,4.889435344583079046e-01,2.728137854171651111e-01,3.903964612990485916e-01,7.802496669257705797e-01,2.638824074385637264e-02,4.493256887750358697e-01,7.406469820051403419e-01,2.190930830076947070e-02,3.232691333593834537e-01,2.975299627464551566e-01,6.231978199683367858e-01,6.626652445402329006e-01,4.238310343337571284e-01,5.694946267035250198e-01,2.492164645927445465e-01
8.754010874870260528e-01,8.708973689167843757e-01,8.676173374744027278e-01,6.827421486429192665e-01,8.728837068578039204e-01,7.879046094695015823e-01,5.194380865061547503e-01,8.750740874085780607e-01,7.343804952877390768e-01,0.000000000000000000e+00,4.075515436539675629e-01,7.002249851855359974e-01,6.337644435532662213e-01,6.521663395456380741e-01,6.789463706977416635e-01,-1.411867296122336912e-01,4.128801668290856264e-01,4.583436565004472274e-01,8.590383769791521962e-01,6.852730733323910695e-01,8.992145576405524698e-01,6.214475619838443210e-01,5.294567453398887347e-01,6.710986924289464861e-01,7.680252118006628548e-01,9.777386213619755351e-01,9.811907474021308584e-01,2.144857596659794641e-01,5.968145442386988409e-01,2.846579438497284231e-01,2.233500264528353318e-01,3.189523007278105560e-01,4.109075345002510815e-01,3.248031986183396169e-01,5.699670440693943574e-01,2.806912968250796503e-01,5.812945424458251242e-01,1.331380415595128375e-01,9.851557649912967562e-01,5.815093847860579590e-01,5.726356722402923261e-01,5.892938046960944920e-01,4.277370509233956453e-01,6.735777323601135347e-01,8.475130824833503329e-01,5.764269821254418558e-01,7.804555740849383749e-01,7.012133882574458354e-01,4.538942245823811561e-01,5.289284546349568572e-01,5.880500061124829259e-01,6.330645305582622839e-01,5.900519311281076096e-01,3.095958664807600402e-01,8.116782568811762300e-01,7.559511183116657262e-01,6.383703245149011662e-01,8.976142077687696563e-01,5.051189147942083402e-01,2.494180731991841315e-01,4.661479609880601060e-01,5.643223346658284845e-01,9.963067335160280535e-01,6.222623044972359629e-01,3.442530663427587623e-01,7.092180575726029224e-01,6.248206594443798112e-01,3.505099683983808889e-01,7.940900045812298025e-01,7.965710589577845724e-01,4.106539456662605114e-01,2.458995113280002670e-02,7.707823356541335658e-01,5.916156072429077373e-01,4.913721348459672567e-01,8.085197249144553400e-01,9.134532365501930595e-01,7.984996126771601865e-01,7.527364174597243052e-01,5.005049505010833455e-01,3.069627895946718324e-02,5.428554372373446402e-01,7.539671802633568509e-01,5.373358719840217734e-01,4.694851629369707346e-01
8.655769199191469809e-01,9.120715672501631399e-01,2.182903417376073352e-01,9.458388627578624419e-01,5.209640250609103296e-01,6.118857744543306776e-01,5.544070591865895015e-01,7.597398392199602446e-01,6.480808017161159285e-01,4.075515436539675629e-01,0.000000000000000000e+00,1.059600809591044746e-01,2.254165024438871956e-01,6.787726929637024620e-01,7.853321719796891864e-01,1.106608946672077015e-01,1.882845559599763685e-01,8.884005247172461761e-01,2.259939228599972816e-01,1.465749568908132627e-01,6.870678184960948842e-01,5.879832851852323516e-01,7.804031683485916915e-01,8.342635503733635272e-01,7.363987204979111079e-01,9.934496867148550070e-01,6.869029457179222087e-01,5.167869934493323214e-01,4.015739891469625178e-01,2.358598485735086958e-01,9.828999271289507941e-03,7.391709316036492172e-01,7.641319693923611656e-01,6.387082737408438238e-01,4.318712788069877240e-01,2.185955026856719885e-01,3.473558036613035721e-02,2.208195684248517310e-01,6.134072966607377886e-01,8.922705763607637897e-01,4.768130387981361906e-01,7.583649270825920663e-01,7.217893566184613308e-01,7.790703364889396410e-01,8.923076753743134359e-01,9.106480831306397183e-01,4.006391309312613558e-01,6.613112120627067103e-01,3.910477443575197665e-01,4.815514041746720708e-01,4.110981146675808384e-01,7.183962137188547592e-01,4.721189240150586719e-01,7.320642888474038212e-01,9.972557586891388492e-01,4.087487547542251187e-01,6.145917490115474502e-01,1.846849708347073071e-01,9.990907762252588808e-01,-4.350821934828508208e-02,1.013391418999216691e-02,6.761645187112460542e-01,5.907486833212846067e-01,6.255000875119568482e-01,6.581418554189536474e-01,5.836513281482254012e-01,8.747571885562385186e-01,9.527883543710168324e-01,4.210298113360395889e-02,6.180540159155821778e-01,4.992338034943641367e-01,3.949676242993482855e-01,7.627070884237188708e-02,7.749854888030289768e-01,5.506485004226139290e-01,5.348870177897041556e-01,6.434355789057711883e-01,5.471404582866783439e-01,2.504745216759398097e-01,2.486927924016049674e-01,2.862805692732916518e-01,9.397505775606900258e-01,6.973606594504441203e-01,2.416588794191834866e-01,5.949786889335738627e-01
2.912858696254656543e-01,5.975508722728806177e-01,8.927976532991708236e-01,7.129668130971351658e-01,7.497516297773666460e-01,5.105698334514821024e-01,7.193245697299722741e-01,3.315539822205390563e-01,6.043618807579809182e-01,7.002249851855359974e-01,1.059600809591044746e-01,0.000000000000000000e+00,6.398987444137949065e-01,8.348249739461901520e-01,3.080647967361894723e-01,6.820138368345541879e-01,8.863299122691288279e-01,4.211658242234538330e-01,7.130630449807393578e-01,9.452284977219733708e-01,5.986669661098965589e-01,4.020456006501438306e-02,7.146659227953526816e-01,9.894763268672159828e-01,4.007607820686105993e-01,5.590763183611549003e-01,4.924327513076129370e-01,5.019854059393547008e-01,6.506353232295936095e-01,6.910171076627327214e-01,7.631364822483025501e-01,7.989303209051146215e-01,6.457311806157746137e-01,4.140663823387468190e-01,7.340304048545956417e-02,7.657139191693682623e-01,-2.932869858662306983e-02,4.420948215924457858e-01,6.510037199878055958e-01,1.691314477037903982e-02,3.405691497391599709e-01,7.058228761150581176e-01,4.108600889917486398e-01,6.922234814960388505e-01,9.379286609058612445e-01,9.616838651987512643e-01,4.967388218023456314e-01,5.413322850094333116e-01,7.369202907920446854e-01,6.366789429122371446e-01,7.148016094626065131e-01,5.780005050734270400e-01,6.593483106170757724e-01,7.272965198377335794e-01,9.241225596443352064e-01,9.152655995533075517e-01,-2.759909667120047372e-01,4.369939738279692842e-01,3.390031419736962981e-01,3.030625078859773280e-01,5.021808765751750725e-01,1.392275185422731654e-01,7.192300589232519803e-01,9.311806210824478125e-01,9.389877846564411712e-01,7.888173994523425270e-01,6.495301394113026650e-01,7.859569109403784504e-01,5.810318507628011719e-01,6.836798735649692871e-01,9.464314989993596328e-01,4.663116743382770268e-01,2.137822857667466547e-01,4.124901505825732118e-01,7.794377277446044028e-01,4.957026973146391180e-01,4.873504040071283128e-01,5.945015969543515633e-01,4.626810573669021265e-01,3.428508567260546425e-01,6.692922682727416861e-01,5.210469816556081435e-01,4.152776091075926490e-01,2.756633349486318219e-01,3.488900900882587752e-01
6.105310999194368815e-01,7.004814366837671669e-01,7.200665640049279392e-02,4.079637004921508048e-01,8.696722218279089311e-01,9.200037930133866393e-01,6.127891137383706388e-01,1.166644241329135440e-01,6.223581004516872683e-01,6.337644435532662213e-01,2.254165024438871956e-01,6.398987444137949065e-01,0.000000000000000000e+00,2.772949526965387546e-01,2.847583408038516506e-01,8.539025537856780312e-01,5.396805811723298651e-01,7.367167588893497321e-01,9.067821374786878552e-01,6.176385636923991118e-01,5.116740928440519642e-01,6.454677478191330753e-01,4.978246596125685541e-01,9.158980197193888895e-01,6.915899333734412124e-01,6.390166151294470742e-01,6.094623608667261161e-01,5.765238008814667081e-01,3.209861237554467173e-01,5.402116398405663045e-01,2.771247284104048081e-01,6.588888352827454442e-01,9.114135311707390885e-01,7.444842578227854890e-01,6.854217983475427989e-01,5.607166801041757465e-01,2.611752148478022062e-01,8.054248851841929735e-01,6.097985788700930332e-01,9.113317323168060868e-01,7.085729928614061812e-01,6.489530427689398362e-01,4.899876199177652936e-01,8.759714637486260003e-01,6.965670034156692392e-01,7.613546037251692766e-01,5.005231255794500012e-01,7.798944148557293010e-01,6.647470058339615129e-01,9.075522316223174624e-01,8.020773042135614928e-01,8.037091239078918425e-01,7.641574182139949656e-01,7.649032023416167947e-01,5.605396590249039912e-01,6.024590666863933741e-01,5.000773041421356924e-01,8.663601802390451523e-01,9.659888554384445936e-01,3.593764119119020883e-02,4.290818916856355969e-01,6.211370893454607467e-01,3.380018673317164435e-01,5.943733602858490839e-01,7.385587325560346583e-01,5.321613848213476716e-01,6.395847721943530573e-01,6.588419252942654403e-01,4.978265236865737631e-01,7.895540135252653302e-01,2.331119752468734097e-01,7.352481436303770490e-01,4.825798428080573244e-01,4.882982102160668969e-01,5.659759251737785934e-01,5.850715594499158456e-01,7.247833404056187590e-01,4.230275190106575489e-01,2.104565636778931437e-01,1.005725842377938085e-02,6.036262242390455501e-01,8.410664949378352517e-01,7.159250940180172940e-01,5.462925481651453863e-01,8.257606166267148495e-01
4.684190251366512348e-01,8.521839944440988690e-01,4.777434305426840888e-01,7.567931210356594329e-01,7.343552002795061817e-01,7.004354925422379141e-01,6.198929514027198273e-01,8.476639460694935790e-01,7.960675700370534180e-01,6.521663395456380741e-01,6.787726929637024620e-01,8.348249739461901520e-01,2.772949526965387546e-01,0.000000000000000000e+00,6.908852501868276708e-01,6.139999314211360693e-01,8.609594149844371769e-01,8.185474776864372082e-01,2.436309062391996128e-01,4.751947473411208822e-01,9.095253482182860116e-01,4.052827291249461172e-01,4.371333316603769337e-01,6.772231606292700157e-01,7.039639045298188291e-01,5.597271706859930918e-01,4.772540372931643460e-01,8.541561286691247146e-01,3.928228732191348938e-01,1.783806031837111283e-01,2.090565847372902186e-01,5.770635773872038188e-01,6.492050900130167390e-01,7.118570654521210184e-01,6.595943094627017000e-01,1.848574456765980090e-01,5.752820208993463247e-01,5.884825612321105126e-01,2.612782273212124751e-01,9.201037294292102597e-01,5.066626926512159956e-01,8.795365383097886181e-01,5.021146194785823802e-01,6.903152573565154437e-01,6.400075094309234380e-01,6.058696467923196938e-01,6.755553522229685859e-01,-3.363510409363920650e-01,5.119887265468457960e-01,6.768183735452203420e-01,8.385615115493743055e-01,6.162088451706788650e-01,2.122619609953672604e-01,9.683021553849844310e-01,6.011594916045940318e-01,5.333646069502219200e-01,8.637566744775706518e-01,6.391953785035502378e-01,1.692395407731247248e-01,4.867257496059088084e-02,6.887969580303439088e-01,4.095969138716918367e-01,5.755505866267727200e-01,8.553320985150009159e-01,6.936148456636390680e-01,7.628257753729145163e-01,6.465891225832370859e-01,6.676951126180608043e-01,6.621511692545192229e-01,7.481164265950278613e-01,6.410721726784450736e-01,6.864013231195089659e-01,2.183205951522928234e-01,3.532162175138172655e-01,7.955889523133573560e-01,6.469391952181391403e-01,7.253785469424325338e-01,8.895998566693505971e-01,8.647283907405925452e-02,-2.633306597347725986e-02,9.575372860811155462e-01,2.505245126082696894e-01,5.026644175272823034e-01,2.685398018234364526e-01,6.984831573282063166e-01
9.095634683863403902e-01,1.422850312520197447e-01,2.772344407288662715e-01,7.091287945889551692e-01,7.483846673165730490e-01,7.047694542041473831e-01,2.314883500105676117e-01,6.856068955597913739e-01,8.159113952473974196e-01,6.789463706977416635e-01,7.853321719796891864e-01,3.080647967361894723e-01,2.847583408038516506e-01,6.908852501868276708e-01,0.000000000000000000e+00,5.526690090061097127e-01,9.522735251711685889e-01,4.122940179296105123e-01,9.311600988509135535e-01,8.569488715381056165e-01,7.513746149611527647e-01,4.586322352579841333e-01,7.706963246392074529e-01,5.590823899096657446e-01,4.828800892901088382e-01,3.465711832662430325e-01,9.909323469394570871e-01,5.220037623420978878e-01,4.199743441460279669e-01,3.260716009481370858e-01,1.896788225729678645e-01,6.088456454527901851e-02,5.810307926896095543e-01,6.334268665338547155e-01,7.337438022430844420e-01,2.490589325159958400e-01,2.808879913100568726e-01,6.626235063278531623e-01,5.165784797897743363e-01,4.215099815143066864e-01,4.685377086181177209e-01,7.074011267645780032e-01,6.051585108335149066e-01,-8.541971536901443729e-02,8.957998143420005110e-01,2.540080281656056371e-01,7.377585995480443470e-01,2.490842242533636841e-01,4.682123437110204400e-01,6.544399671811689245e-01,7.320382478141449489e-01,7.354450701569000826e-01,9.394622398265299879e-01,2.639694531661772037e-01,5.461264195947924671e-01,7.169058288091060271e-01,5.589312935566450591e-01,3.668409760988281532e-01,9.747879268062484837e-01,2.859557736670585992e-01,2.848209227458929904e-01,3.002779417883368329e-01,1.742779544403371128e-01,5.928141661429928710e-01,9.093534539268638417e-01,4.535090016773630217e-01,6.435501983157649875e-01,8.284816257368566861e-01,5.922085417973363963e-01,2.613360844524497684e-01,7.949081055641772364e-01,4.896765000190523298e-01,5.362500854376588411e-01,6.398025807813559895e-01,4.225808043733693120e-01,7.845267689067768335e-02,7.831248848007011931e-01,5.866703662027386024e-01,4.566322384164611670e-01,4.882681931295662636e-01,6.995903004011507775e-01,6.592347173189001541e-01,7.611060376648970394e-01,6.773902523260952879e-01,7.985573886413235289e-01
5.859953348626174563e-01,8.468894391204742078e-01,8.553786241702719950e-01,4.941212108961846594e-01,5.670791338656566705e-01,6.453716240585986030e-01,6.890980097287112693e-01,5.262908786093725144e-01,8.983079976943790790e-01,-1.411867296122336912e-01,1.106608946672077015e-01,6.820138368345541879e-01,8.539025537856780312e-01,6.139999314211360693e-01,5.526690090061097127e-01,0.000000000000000000e+00,5.840972438557934243e-01,8.772094997043953235e-01,7.416367597201634076e-01,6.763066251967184694e-01,5.764395220668527831e-01,6.223678945064968770e-01,6.016713878170393270e-01,7.660440592207991006e-01,5.225688020169110271e-01,3.738898287107034202e-01,6.752413468051603473e-01,3.071176239365239757e-01,5.656465591648820457e-01,5.811828527477608253e-01,3.956303556965836687e-01,5.392138298482135328e-01,9.737971770486195666e-01,3.411425672981218682e-01,4.032773268839013880e-01,2.863505984542716876e-01,3.136861017624178460e-01,4.231597316612873971e-01,7.006028007394836665e-01,7.012022290132204905e-01,4.149485191995542777e-01,6.041355876183267526e-01,7.065304102101896966e-01,2.207160329304972690e-01,9.188936783644090500e-01,4.694989425139011185e-01,8.692472223093007377e-01,8.552923431670244048e-01,6.654752958140515151e-01,3.042511062223633433e-01,2.675883579804205215e-01,2.040706925996205734e-01,5.983963587115026517e-01,6.230050669051541146e-01,3.443634069499824091e-01,4.948955258717104844e-01,2.305373619071595104e-01,7.845285439911022785e-01,8.655520755080985396e-01,1.632251600072494313e-01,1.754371862210991617e-01,-1.125329241156795418e-01,6.551296001552155968e-01,8.839864118752119859e-01,7.505703620527206521e-01,8.719044845720635983e-01,7.617707539254424676e-01,6.849997311677831213e-01,9.258986829874445157e-02,4.037712097287724511e-01,8.974857099706597952e-01,5.855623391945435907e-01,5.790601506791042130e-01,-1.625627334691351344e-02,5.025899793028411056e-01,9.936803070279045524e-01,5.554276005706318964e-01,2.459377313776122120e-01,3.374969792373713195e-01,4.852000705363619382e-01,9.491648547424800242e-01,5.255124121630285750e-01,6.750469738553094290e-01,5.976044021773927462e-01,6.504695225226272415e-01
7.523806556069985163e-01,6.824678456877792954e-01,7.927884245193466128e-01,4.140191271898198133e-01,5.689979698934481966e-01,7.589803989089157765e-01,6.524659222088288191e-01,9.420070595942677816e-01,5.368703509049543854e-01,4.128801668290856264e-01,1.882845559599763685e-01,8.863299122691288279e-01,5.396805811723298651e-01,8.609594149844371769e-01,9.522735251711685889e-01,5.840972438557934243e-01,0.000000000000000000e+00,7.429546427870294956e-01,9.069166255633555052e-01,9.387190422700495418e-01,6.947002794453719376e-01,4.155881718805045089e-01,6.210884145070006968e-01,4.370446314792819642e-01,7.040485098354063442e-01,7.385983694615068096e-01,2.956212113127759666e-01,8.390292003392547660e-01,4.015097135030514797e-01,4.705089057737819047e-01,2.554355688982231087e-01,5.966523453552458056e-01,4.451018490017352724e-01,6.985758762427795032e-01,7.377960924111803820e-01,-8.050890045364322845e-02,4.353043752183563542e-02,7.168083654060729559e-01,4.359352646868890346e-01,2.594258663869972170e-01,2.574091168394365137e-01,5.827392565380981049e-01,4.049157994954057371e-01,2.712395568530109324e-01,6.414051677824117448e-01,7.505541491559006850e-01,6.116036822365052972e-01,4.999759819691911855e-01,5.598976683251672970e-01,5.972514771280628132e-01,5.429379176150931352e-01,9.139790737549786659e-01,7.437143961882999310e-01,5.742498563044258209e-01,9.355656207233014054e-01,9.082907650302493030e-01,2.057260620174360954e-01,7.114544429471351128e-01,7.974211927083565410e-01,2.759473369738679738e-01,4.214014972382006952e-01,7.381410204906937444e-01,9.459911659335503709e-01,7.518038055274387510e-01,4.203462849451744532e-01,4.754461429323378341e-01,9.007131476708464257e-01,7.077957919746380444e-01,2.096329659130148904e-01,6.879743665924928919e-01,8.914128696621717030e-01,4.873573729931066634e-01,-3.128912681724513312e-02,1.507455037780709543e-02,6.326578668846730702e-01,4.136645866295268759e-01,6.267961342756847021e-01,6.003762246737511799e-01,3.721069316054747000e-01,3.502305637770634084e-01,4.543877274031366542e-01,5.880471102630544511e-01,6.194790760209166747e-01,7.527380832823715728e-01,7.216712658064760033e-01
9.404476178944736198e-01,9.483735410126891141e-01,5.087759371241948880e-01,8.110827831707149160e-01,8.057668799196618936e-01,7.828645616841273247e-01,5.262400755640287420e-01,5.155892122785630249e-01,4.627334614275532276e-01,4.583436565004472274e-01,8.884005247172461761e-01,4.211658242234538330e-01,7.367167588893497321e-01,8.185474776864372082e-01,4.122940179296105123e-01,8.772094997043953235e-01,7.429546427870294956e-01,0.000000000000000000e+00,7.995072909953513385e-01,7.251058531332793544e-01,6.923685112401192221e-01,7.557549881669991532e-01,8.850311316862464750e-01,4.918302770703329996e-01,5.728946928643441350e-01,5.142113957839244964e-01,5.636540635846358782e-01,9.422469738655604443e-01,2.427933682546100647e-01,2.892399099024284270e-01,9.277437971639662662e-02,2.863201357379245859e-01,9.151994816413748790e-01,9.566869606596867248e-01,7.251602980922809971e-01,5.848861785979705408e-01,7.152870208189890944e-01,6.067914623915596772e-01,7.254123259799233336e-01,6.890589940479828757e-01,6.072939085245750990e-01,2.771840769187802755e-01,7.386338170193920138e-01,6.709095391145236675e-01,6.781249422079157485e-01,3.502180721207979186e-01,7.716955805422108794e-01,6.502648323992638035e-01,1.656269980639580031e-01,3.540865578578507311e-02,1.295592916879739487e-01,7.925938865704094116e-01,7.979420819573748158e-01,8.822152747273115381e-01,3.799772831915729787e-01,4.952393838283575822e-01,5.704685425351740946e-01,6.347617600976707131e-02,8.112237282589607190e-01,2.401472065639534970e-01,2.109116072255023677e-01,3.890311489760387431e-01,7.565446079900786103e-01,9.677046766240272602e-01,9.340992088742688937e-01,2.693200996683324244e-01,2.011159122945163635e-01,4.426021616205711440e-01,7.749124741061215182e-01,5.076350294354168291e-01,9.408670686251564552e-01,9.680153843947469916e-02,5.425710490515039952e-01,1.543096303887960818e-01,7.544244898815785083e-01,4.642356187399760969e-01,7.177402355385281707e-01,4.235237082274486697e-01,5.705113853841393690e-01,6.059014406654320561e-01,6.237250288688478417e-01,7.466440971239334257e-01,6.964215200828584029e-01,1.869953626100463728e-01,5.565127492572163881e-02
