0.000000000000000000e+00,-2.711993140463753171e-02,9.760486041280815872e-01,7.731795628022374300e-01,6.662531478360812498e-01,4.438823762818912555e-01,8.082995060902152806e-01,7.117926012412039150e-01,5.400612147309005184e-01,7.547515575061576332e-01,5.727577239773464779e-01,8.558019968316845638e-01,8.976674176186302256e-01,7.574373944552521554e-01,3.814905844363927212e-01,5.179339261868103339e-01,9.531839611151534664e-01,8.475295994549442158e-01,9.235131961996784211e-01,8.166354332165076668e-01,9.329962307227248619e-01,6.025931521535776714e-01,9.728677322787020465e-01,2.650692029008893114e-01,4.878391387729507089e-01,8.916219511845095980e-01,5.361518728864527183e-01,7.105079827689403382e-01,7.970132914068683849e-01,5.181822051462818823e-01,-6.136727849096512699e-02,6.864394447471683369e-01,9.156006563863923198e-01,3.673778960730462173e-01,6.460517851288910540e-01,5.348609529944563512e-01,1.211672127657050374e-01,7.309144712374218145e-01,2.507513992716191575e-01,8.886927928780055108e-01,4.430432545464348948e-01,8.869013636795149980e-01,7.312503801969315598e-01,5.356092340694624809e-01,8.211393729940135167e-01,5.485063103941892892e-01,6.402069922483477615e-01,9.506792052709389651e-01,6.128427857573153226e-01,7.128732148163975380e-01,7.739248701650180973e-01,7.171338572886158946e-01,7.359212885490775680e-01,9.261431723576561970e-01,9.303774378337192896e-01,9.088359155989705895e-01,9.556894644302906805e-01,6.212296354536415155e-01,8.599024747971790728e-01,2.206162099606961691e-01,4.142733606679439573e-01,9.411811703353520908e-01,5.910388999605281635e-01,8.198351655684209538e-01,8.167423678274843279e-01,8.346559636025296935e-01,7.139140196993292165e-01,2.132633820656320844e-01,7.993209067461790607e-01,3.738794959875005874e-01,8.594035278054612537e-01,8.860594030479855832e-01,6.102494192330654155e-01,3.730824531816142597e-01,8.344123456877929890e-01,6.165446553481476188e-01,8.204079986677349501e-01,5.034111934237591734e-01,2.685353033715548454e-01,4.603734642484739181e-01,8.889400363976524000e-01,7.658165452349212643e-01,8.084140650156889096e-01,4.915610308204443335e-01,7.550859340840482270e-01
-2.711993140463753171e-02,0.000000000000000000e+00,6.676867965582606868e-01,7.161803121863513644e-01,7.246819399581118093e-01,6.712286895829946420e-01,7.104556679615642301e-01,2.829395971483104066e-01,7.319491637237210968e-01,2.623666287975305322e-01,2.396580010117244086e-01,7.927760072996560270e-01,7.868964416942781509e-03,9.206378354589992430e-01,4.045285190667122222e-01,-3.615627126068821084e-02,8.175811979081792913e-01,2.386368663453604377e-01,4.867138946662057375e-01,8.583032276018587314e-01,7.559722212210864267e-01,5.548270771844131533e-01,4.551368461233221696e-01,8.841070052920591005e-01,5.233816230652124091e-01,1.886464950843353139e-01,9.705580416671434341e-01,9.840047547900901970e-01,2.516429481440414229e-01,5.981641502480959938e-01,2.648257839523482371e-01,7.012691115343991921e-01,8.017871796726817601e-01,4.733796455840721951e-01,2.426011818354898153e-01,7.720151835006388019e-01,6.810930147930334133e-01,4.037365920774312888e-01,8.669777372793114889e-01,7.860734237080664322e-01,7.452405259428649398e-01,6.879649200844134560e-01,5.093852167075224591e-01,5.130769435577958726e-01,5.838589046508424474e-01,1.233637116165960529e-01,7.954267480594798823e-01,9.379059670178184760e-01,4.292775417315350950e-01,6.191619350717751935e-01,2.796021808942332765e-01,4.215386346437277956e-03,7.613997688953813014e-01,8.998349803871315000e-01,8.151673297550839914e-01,4.659453641641526644e-01,6.012685444612778651e-01,9.873397344621170912e-01,6.379488244255533402e-01,5.560551855610197380e-01,5.739015104501350439e-01,7.417004887487554932e-01,7.179751889393919395e-01,6.472819468212428484e-01,4.043523318874590045e-01,6.286716830136780398e-01,2.792696693353310944e-01,7.816408060417286974e-01,4.782727661898501514e-01,2.807664586302065501e-01,7.813114831436913654e-01,2.924901317584298610e-01,5.185249806146564611e-01,7.218520904095437896e-01,9.750012308478662737e-01,6.260126873496378863e-01,1.334451351004818098e-01,8.591280601091761948e-01,8.316429929462663129e-01,5.619999438262013314e-01,7.260582366251889797e-01,8.338101909813397938e-01,7.027912865430047118e-01,3.571159396650946949e-01,5.208198734035753841e-01
9.760486041280815872e-01,6.676867965582606868e-01,0.000000000000000000e+00,7.752376255511668202e-01,9.313540547673638814e-01,6.736245422002711258e-01,9.478056849049018018e-01,9.754625757144121945e-01,8.194721616169243772e-01,7.462078336774403686e-01,9.189672586269412857e-01,5.797240567159536173e-01,7.583805748667773461e-01,7.734425801149213964e-01,6.674878847956118300e-01,3.405662643735896111e-02,8.108271052769774334e-01,7.253811326313446273e-01,3.674786168628378924e-01,4.706993300094054478e-01,2.580433152585186463e-01,8.609373976656452543e-01,9.357217834451138083e-01,4.047383435742365476e-01,8.346691342247846146e-01,6.201095747302606265e-01,4.382561628435404644e-01,8.091255147722553609e-01,2.328749729403865876e-01,2.593955144263151436e-01,-9.864418462916914321e-02,7.194894634658997035e-01,7.278975937184539724e-01,5.458894949964245846e-01,8.844131424068630842e-01,5.925426461073983742e-01,6.851222076231788805e-01,8.188267108326559018e-01,6.140643884624346072e-01,4.033268063536279424e-01,2.151550461854527252e-01,7.472834632850762215e-01,5.067105618431173575e-01,9.705479750436731834e-01,9.638358256019607939e-01,6.783953230814465662e-01,4.277202795139933844e-01,7.305677958890599566e-01,9.406082214441917611e-01,4.664590763095834425e-01,5.524428730301803037e-02,8.816750568991829073e-01,4.916164941540991373e-01,5.208573814696224602e-01,9.488427374661332347e-01,8.418513439854273805e-01,9.131028390384012816e-01,2.332305678951719918e-01,7.681126947132163041e-01,6.414145285913771533e-01,4.716937917745235298e-01,9.590045817419945440e-01,4.077646085761573724e-01,8.150494009863401557e-01,5.334614014877002708e-01,5.673571833619452942e-01,8.187966854434886033e-02,5.210588419011077388e-01,9.913832474566326436e-01,8.419928033033012849e-01,5.309999808705396784e-01,6.189378157656764134e-01,3.637515417302435994e-01,5.830508242978014177e-01,8.360018339236059415e-01,8.080223725732643691e-01,9.863133159252861493e-01,3.680297052471733776e-01,2.945281774605246379e-03,4.632719787670195877e-01,8.145388381917775256e-01,8.748138622821576282e-01,8.228068068248206579e-01,7.995098049171800447e-01,4.749747997645004660e-01
7.731795628022374300e-01,7.161803121863513644e-01,7.752376255511668202e-01,0.000000000000000000e+00,8.220497630486510721e-01,7.037118853894605008e-01,7.777926184023811196e-01,6.415918579529246157e-01,8.669830673563885259e-01,7.105646137745798008e-01,6.184495865314297847e-01,9.603252148835388358e-01,4.467220286457073142e-01,2.478485505038846570e-01,7.611512068592726221e-01,3.181766764127010316e-01,8.071306384168569492e-01,6.265450580551863435e-01,4.800486021728806452e-01,6.152403521993681235e-01,9.003013357255301718e-01,4.163667167811013203e-01,7.808149184283151856e-01,7.171061805559094671e-01,4.737829479715053305e-01,3.770377283966134252e-01,6.500575795838463566e-01,3.705754138522283636e-01,3.471950851401203186e-01,1.710284546445581949e-02,2.520989990936869929e-01,6.456166678362609268e-01,3.650725093645621477e-01,4.495007851414981048e-01,5.129201176480746582e-01,3.760484282460664351e-01,5.292839348139763977e-01,2.730663501551199301e-01,6.412780477346488039e-01,9.152477840205365256e-01,6.760276691194520016e-01,8.845838517837655290e-01,4.363079682146679961e-01,8.953053654104756731e-01,7.946397757345216029e-01,2.273738814998035873e-01,9.389373443826054544e-01,6.404396113627280895e-01,3.211494232692200801e-01,4.738588777775215588e-01,6.709890273344438771e-01,6.564319790474036909e-01,4.359592319088338441e-01,7.015423715306329244e-01,3.632237682334339413e-01,8.088259099213824799e-01,2.980212939648818060e-01,8.796807621513980102e-01,1.559307963315278989e-01,4.035358087911978808e-01,2.945105267492763024e-01,9.813180260202998273e-01,6.110062379517019471e-01,5.156676150098128408e-01,3.018013238486492306e-02,6.303942565052039759e-01,7.055935267175523773e-01,5.858405799458874519e-01,5.881359710046845102e-01,8.366933672897880481e-01,7.829839652004257911e-01,5.396022594840947928e-01,3.760126083640816796e-01,3.793681605741651697e-01,5.304655313961105234e-01,8.803034889146891251e-01,8.865943473771551453e-01,4.327050640769828371e-01,2.926154222615909850e-01,3.532037175281836361e-01,1.124679233189539718e-01,4.224330160519049748e-01,9.117542950779964350e-01,4.733723882652328685e-01,7.457403177963921603e-01
6.662531478360812498e-01,7.246819399581118093e-01,9.313540547673638814e-01,8.220497630486510721e-01,0.000000000000000000e+00,8.586486112220858002e-01,1.121527026128046334e-01,2.914339305265750690e-01,5.530081636501174014e-01,5.671550490791298360e-01,7.934343873142313264e-01,8.232293487423807399e-01,7.715365502789830465e-01,7.948229962909325597e-01,5.663330080524341392e-01,1.991019064709144137e-01,1.925573818638647294e-01,6.298143031967931016e-01,6.412488447780269052e-01,8.795430173804564822e-01,7.089646289226424480e-01,5.753030068126374630e-01,4.121338747816234438e-01,6.872141569848893017e-01,5.422052882170586008e-01,5.157455110089608219e-01,6.721739826898008863e-01,6.847036786291498256e-01,-6.718503827656446825e-02,5.401955849664042963e-01,3.110009169151297104e-01,4.946007725571328617e-01,7.712945520660557941e-01,6.979433559325548542e-01,7.062945588113127560e-01,2.128958060259564244e-01,2.659345121523704319e-03,5.122592709066455807e-01,6.703333435704783572e-01,9.443979470488081951e-01,6.880865665717765811e-01,9.110457348880095507e-01,2.683603030637049525e-01,6.069643762102517881e-01,9.957195522765387441e-01,9.656589655645647641e-01,9.812859274568606072e-01,8.509308100958424825e-01,4.319339755765511102e-01,6.939232966125534752e-01,6.684537808660081515e-01,6.058376212862031096e-01,6.515919381546164679e-01,4.732589076759573521e-01,6.723319905003403152e-01,2.734412701536086954e-01,6.327096486914863815e-01,9.235632995890947772e-01,4.240921814852921523e-01,5.326991527595680287e-01,1.580003458655299250e-03,4.653806772438834893e-01,7.678043816839422719e-01,5.065572588345578220e-01,9.961326253070074133e-01,7.589096570593318880e-01,7.042706196293504473e-01,4.688244777456249679e-01,4.861454263715560553e-01,6.857561489933574617e-01,9.509247094902091302e-01,5.776717710537252470e-01,1.228391962980069779e-01,3.789048107235272189e-01,1.843791633747579040e-01,7.815095486139997938e-01,7.487310028058025146e-01,7.000917379746131042e-01,2.813847958392004522e-01,2.243481452390250208e-01,2.076107696251575097e-01,7.151600779212126113e-01,9.690251803958078725e-01,2.092652638764421480e-01,9.771536834096238300e-01
4.438823762818912555e-01,6.712286895829946420e-01,6.736245422002711258e-01,7.037118853894605008e-01,8.586486112220858002e-01,0.000000000000000000e+00,5.908217782687031905e-01,4.793148089812627743e-01,7.634258116248262560e-01,5.290214281775892369e-01,3.581002353903995905e-01,1.254243999618418481e-01,7.820591668119025730e-01,6.396104993090582225e-01,5.384452061284344948e-01,1.264774263644825314e-01,4.692358752358486984e-01,8.705903820459470754e-01,4.090035807971968418e-01,8.893424621077062886e-01,8.966981780588229034e-01,1.158661486690696213e-01,4.148702179396241974e-01,6.769844329680926309e-01,5.056376749273691074e-01,6.129166905911531682e-01,7.839867273798165614e-01,7.568078478201122339e-01,5.643990812468546725e-01,2.024926812335911541e-01,2.399618332194330406e-01,7.899353640043006441e-01,6.580026948372206252e-01,5.869470973153971816e-01,3.758962592408370690e-02,5.681652976642650454e-01,3.816268252968758601e-01,3.328072909491023301e-01,4.375142342473107848e-01,7.457270428198710110e-01,5.759735502675478180e-01,5.024097161467712125e-01,5.815408119766171113e-01,5.991418607529259699e-01,8.019687340234346040e-01,3.214030685264356313e-01,7.172375827688379779e-01,9.640765072081386444e-01,4.463822219895011711e-01,4.937669785449767534e-01,5.497552105855405546e-01,4.407822295385192546e-01,3.227697690478714687e-02,4.188330879567369602e-01,-3.890907424468326159e-02,8.431421418382347710e-01,3.070036216225534575e-01,7.869636868920623085e-01,2.347924244490233459e-01,5.494978649159685258e-01,3.483113412025188316e-01,7.162713830573965712e-01,6.582978845734972495e-01,6.781803564137491858e-01,5.118013315832623533e-01,7.476294733585415742e-01,-3.509177709046865101e-02,6.978877327511857631e-01,9.825768314104453838e-01,7.776061769058781881e-01,4.564034387102531287e-01,5.936996868172563779e-01,3.468644915002524476e-01,2.868705243691506146e-01,5.008264128674333460e-01,5.827751329582240292e-01,6.412507708788433014e-01,8.999688875701465918e-01,4.125869662809175664e-01,2.178531888197879629e-01,7.939024604784302719e-01,6.340941089170809564e-01,4.842262579442664361e-01,1.682681861879519181e-01,7.851074976966679886e-01
8.082995060902152806e-01,7.104556679615642301e-01,9.478056849049018018e-01,7.777926184023811196e-01,1.121527026128046334e-01,5.908217782687031905e-01,0.000000000000000000e+00,3.605223777896416903e-01,9.786857229978753736e-01,9.441866621251464586e-01,3.194135471129520565e-01,2.225850647279909167e-01,5.473615513743071426e-02,2.345034924529891887e-02,1.615813656846658564e-01,2.444916803430676744e-01,7.069353395442786736e-01,7.570476977309620326e-01,3.582350963790145726e-01,9.477864445995742848e-01,7.730883778273347495e-01,5.236012515436652137e-01,1.261791442800198337e-01,8.257285402664923391e-01,7.958081330842952106e-01,3.853153623984076903e-01,4.955309781834537630e-01,6.513133948189306910e-01,3.289856315295054956e-01,4.033415825714545266e-01,5.440547353781468587e-01,6.391851047821150988e-01,4.763313750450656192e-01,4.189755339507000853e-01,6.463127288080031674e-01,2.698352083681767599e-01,4.133032504775567273e-01,4.979695950249591885e-01,8.576505702759584793e-01,5.326265138079453454e-01,3.999660403641761008e-02,1.814676397746133596e-01,4.411868766089904192e-01,2.087369353265694227e-01,4.796573407584073245e-01,5.383145662326227487e-01,6.467051455268346682e-01,7.935264190806560203e-01,3.758670430130895967e-01,6.247528562117665718e-02,2.364201372712839699e-01,2.207698306259540666e-01,6.006500688659857090e-01,5.199948741511333239e-01,7.807812379750413978e-01,7.758656717956544657e-01,5.596885483740438039e-01,4.864327362789244158e-01,7.888837083769351111e-01,3.053105808549525513e-01,3.455518312933432146e-01,7.813247147486912514e-01,5.618857876888985192e-01,7.007784155865102171e-01,7.339194054523341393e-01,8.922297306674085993e-02,7.176673775805659794e-01,6.013032804919453689e-01,5.543603368936194098e-01,5.700965445315598901e-01,4.168667560449018095e-01,4.668683940214181649e-01,4.012705670882925624e-01,3.226465028591519180e-01,2.135222655547371340e-01,7.836595037555798005e-01,9.680471209937242527e-01,4.715600829103023806e-01,4.177052729098826855e-01,5.016130963621470706e-02,6.479743689433560272e-01,2.366209450057364938e-01,1.795132917950366391e-01,3.108738686449167843e-01,2.906849927269765654e-01
7.117926012412039150e-01,2.829395971483104066e-01,9.754625757144121945e-01,6.415918579529246157e-01,2.914339305265750690e-01,4.793148089812627743e-01,3.605223777896416903e-01,0.000000000000000000e+00,7.341171653430823563e-01,4.885688728055061492e-01,3.633034198842232110e-01,6.143363809107074136e-01,7.492607411117109262e-01,6.222216589219843330e-01,4.064129611267150444e-01,8.692577512366320702e-01,6.413361676249843546e-01,6.896284094485430893e-01,4.034720366911613842e-01,9.248656038896120313e-01,6.457531624016408234e-01,5.198189730030579048e-01,5.019356997625612493e-01,7.054167697316553465e-01,3.722990591105365121e-01,7.613966338574404968e-01,5.380480674082666059e-01,4.735548331766131769e-01,2.878335002508508045e-01,5.340112391628311084e-01,7.453686716107721377e-02,4.463201040567973954e-01,7.054640962377857205e-01,6.290844078530167804e-01,5.479863417357468958e-01,4.686244408018243601e-01,4.041468579334381306e-01,5.452537000740340645e-01,6.287325570551133280e-01,6.503963715308358484e-01,5.946486913041877376e-01,4.736810328494920341e-01,7.911175855292656989e-01,3.185152266187072367e-01,6.453596612915679653e-01,4.354272539213344673e-01,6.125132635291956618e-01,7.267058311870692178e-01,2.556519096643032965e-02,8.016848577539217868e-02,7.175885239486272660e-01,4.277301918563574668e-01,6.097990965961067600e-01,1.388487268026086276e-02,8.523952344973459994e-01,3.434587135268405422e-01,2.378118714381007304e-01,2.691938384943020623e-01,6.906969671913423259e-01,6.736913010740017693e-01,6.934648032065456880e-01,2.726800583231370756e-01,5.634072799766957074e-01,7.204732297689002696e-01,4.495642838540910291e-01,7.103681247771969076e-01,7.033427630979173228e-01,5.423431795463266036e-01,6.904314027585281011e-01,7.955378460666424623e-01,6.361820466312656519e-01,8.667081127678821773e-01,2.358786314564401132e-01,-9.742065983710301857e-03,7.552988939964191406e-01,7.293903659952285512e-01,8.475181519264558538e-01,4.876967395243440029e-01,4.986798004583197219e-01,2.715713486094431528e-01,1.340571145841247362e-02,8.013686057214597369e-01,9.903329360548457361e-01,5.060012182018809590e-02,4.346539161008963759e-01
5.400612147309005184e-01,7.319491637237210968e-01,8.194721616169243772e-01,8.669830673563885259e-01,5.530081636501174014e-01,7.634258116248262560e-01,9.786857229978753736e-01,7.341171653430823563e-01,0.000000000000000000e+00,4.414418455474330982e-01,6.510913901256538683e-01,4.756528425105962521e-01,9.952886325002532342e-01,4.480470853173041390e-01,5.423764350688986546e-01,3.741277495624953930e-01,3.675143206723392453e-01,-1.031254489529062068e-01,6.935138315004784060e-01,6.982751715525998826e-01,8.201852779517185832e-01,8.441627519763523768e-01,5.580609348598906116e-01,7.675248110788724931e-01,4.185667442245375458e-01,7.450596646408349510e-01,7.183750721066747280e-01,6.776975648677204811e-01,6.378514107695851809e-01,5.504139316651617264e-01,2.852950706117000634e-01,6.063787220827466795e-01,7.968455224563812944e-01,-1.214853897509972080e-01,2.715837331424596490e-01,3.760833759217714345e-01,1.489609233900742458e-01,3.843796078582241704e-01,9.988755476375410502e-01,6.610863838736034115e-01,7.993520905473853189e-01,2.440582697541374135e-01,4.620247544522967931e-01,3.566793162228746317e-01,7.373456895641362641e-01,5.366934733292409998e-01,7.503910181742544649e-01,7.918024409889380388e-01,5.726052484383262753e-01,5.102372726646940970e-01,7.265152951751732147e-01,2.957836367919740583e-01,7.066880824282181228e-01,7.699388605887185211e-01,4.171183415903464420e-01,6.142254046307209503e-01,5.719857862271638949e-01,5.491465899554919261e-01,8.351994792632161380e-01,4.348749073436218304e-01,5.526803201322435521e-01,4.853376158075770747e-02,6.620044546773127259e-01,5.714093538425900620e-01,6.469798736815741691e-01,5.965303020976586712e-01,8.732221434979516861e-01,5.886063777840810918e-01,2.090501030303801300e-01,6.635243381238625782e-01,7.522812597290478021e-01,6.130900956151247305e-01,3.423701395942136960e-01,6.517005977387715920e-02,7.207483167212583863e-01,4.012530653300945827e-01,6.489494568333220581e-01,7.193534372842441682e-01,1.379181988845504803e-01,1.939353834901637597e-01,6.079273240569570413e-01,9.710728522441520738e-01,4.597613039080810093e-01,9.445868681875253803e-02,6.005137298814550162e-01
7.547515575061576332e-01,2.623666287975305322e-01,7.462078336774403686e-01,7.105646137745798008e-01,5.671550490791298360e-01,5.290214281775892369e-01,9.441866621251464586e-01,4.885688728055061492e-01,4.414418455474330982e-01,0.000000000000000000e+00,9.406064654615287068e-01,3.372117596233847880e-02,8.536243840570644226e-01,7.912829777513700202e-01,2.695600171250270849e-01,2.484114061343716817e-01,8.955797879270673834e-01,2.687385638108634733e-01,8.872816193374173654e-02,7.684881876789588784e-01,8.690382882995744129e-01,5.249275207580007541e-01,7.470581682831229919e-01,7.191991607365708639e-01,4.576883535853173979e-01,5.050871997472250463e-01,6.410055755404989730e-01,-5.365062864636813145e-02,4.151974208079980966e-01,3.099699214321635088e-01,5.643370402471815650e-01,4.920545064196128471e-01,4.858355837464514160e-01,8.944115412766235895e-01,4.665024137917853642e-01,2.334608711547142001e-01,1.961374207341564369e-01,4.777426179374824056e-01,8.793214043709467465e-01,7.527684986587177551e-01,5.792551308207529726e-01,4.154789239173353188e-01,6.387453980643544860e-01,4.357351211342405661e-01,8.312961145196494650e-01,7.486987120812225172e-01,4.064003396860885742e-01,6.353842932017201850e-01,7.264024903273822442e-01,3.746068462026733714e-01,7.200256020024178305e-01,3.059763351604125048e-01,7.676602112247834508e-01,-3.173831438397025639e-01,9.061630141536486382e-01,8.591088593271229978e-01,6.463823601918533557e-01,5.443323752502063906e-01,9.723048580085218440e-01,2.013344518256231508e-01,7.084829745855995009e-01,7.522852636194150566e-01,2.134503026565953143e-01,4.951401697706452887e-01,8.132894048319929681e-01,6.338428231885732123e-01,5.347609585419675904e-01,5.092669397031429623e-01,6.171512939255832109e-01,6.211650770368722929e-01,6.041721146623564298e-01,7.522377935866729759e-01,5.799282285481975885e-01,4.867506310786487989e-01,7.309316874989645330e-01,5.873269873083120096e-01,7.986353307544744595e-01,5.811795735691820397e-01,6.187766143416064679e-01,3.254159565738153903e-01,4.903225764028265043e-01,8.100599039812331759e-01,6.007406308959969410e-01,5.599439569195846511e-01,4.836870290264857486e-01
5.727577239773464779e-01,2.396580010117244086e-01,9.189672586269412857e-01,6.184495865314297847e-01,7.934343873142313264e-01,3.581002353903995905e-01,3.194135471129520565e-01,3.633034198842232110e-01,6.510913901256538683e-01,9.406064654615287068e-01,0.000000000000000000e+00,4.021197755430088172e-01,6.272363302636446702e-01,4.830673862215449366e-01,7.827519235865797453e-01,6.046781475104627823e-01,9.547434948778412700e-01,6.123503619671007980e-01,6.539249737011676444e-01,7.854674136558590369e-01,1.177511984456810351e-01,6.866294179661666108e-01,7.831652374225246405e-01,3.698839982592276865e-01,5.745302144592239202e-01,9.185162851695102271e-01,5.154107166377537297e-01,7.986544765165735082e-01,6.267779755556874832e-01,3.452999713006113525e-01,4.417394130221118376e-01,4.808298600765922304e-01,4.152272770719920847e-01,8.176076033254469078e-01,6.997946394549208193e-01,2.859824424794740194e-01,3.641621903356193624e-01,5.771416320078526230e-01,9.887672243295525520e-01,6.741090462530110461e-01,5.735603790000775026e-01,3.764832771971034497e-01,8.684967890825471271e-01,9.955823288427982920e-01,8.132347197615000800e-01,5.487929117190408768e-01,5.232370700877817526e-01,3.647986048621187916e-01,7.553271121131444055e-01,5.271144247034571517e-01,6.216565763790515842e-01,9.167936313303923779e-01,5.147790379853882659e-01,7.641945000883587635e-01,3.080546688772897168e-01,7.518099951047116924e-01,5.720215018541826568e-01,6.377771778466279073e-01,9.707629991355449794e-01,2.961471782209224024e-01,7.413993651695605092e-01,2.023117163671420138e-01,8.566066124382383240e-01,9.824604752624682691e-01,7.376334273592409785e-01,8.657077163744727466e-01,2.907433742310016056e-01,6.426142333586331024e-01,5.406669290672193595e-01,7.861330030122725132e-01,8.836074560787574583e-01,3.551110795458021219e-01,2.108839724230754664e-01,3.910443892149670919e-01,4.133490794591944129e-01,7.688550891090999428e-01,9.872673355817206398e-01,3.311776070253638071e-01,7.307210332800834207e-01,3.895689547580115653e-01,7.654732340095311560e-01,9.702115095285863688e-01,6.855061120678249686e-01,5.641663898608759720e-01,6.724542293243342961e-01
8.558019968316845638e-01,7.927760072996560270e-01,5.797240567159536173e-01,9.603252148835388358e-01,8.232293487423807399e-01,1.254243999618418481e-01,2.225850647279909167e-01,6.143363809107074136e-01,4.756528425105962521e-01,3.372117596233847880e-02,4.021197755430088172e-01,0.000000000000000000e+00,6.236791145635410816e-01,5.336637008930917858e-01,7.303202712831609045e-01,4.600796724711697649e-02,6.162512027952572469e-01,1.278400416418188495e-02,6.053300155638954294e-01,7.737594402353502598e-01,8.685132270150006661e-01,8.082312446107234871e-01,7.713086446119230555e-01,7.234058614103052731e-01,2.815128936949169991e-01,8.246824798996614803e-01,9.065886637963129768e-01,7.996233832721770796e-01,6.749840244337929063e-01,7.763369085945440728e-01,1.947516169602825364e-01,-6.436419513699576100e-02,4.112774100850737358e-01,5.474993997440401605e-01,4.987374384299741448e-01,2.385159446767550762e-01,4.114282535926628293e-01,6.958458001272167515e-01,7.998303733880419708e-01,8.548943357590447212e-01,5.197761593791839774e-01,4.099790439364109362e-01,8.642989300756582782e-01,7.155418924730369001e-01,7.331011148612747164e-01,6.251835218019706764e-01,4.415309994205569022e-01,5.728302434784025010e-01,2.505356446750194310e-01,3.455527454335419746e-01,4.640338216619924183e-01,7.918354685619359845e-01,9.598985753020106149e-01,4.880665332374617416e-01,4.042938176920929383e-01,6.750053876202608549e-01,5.805766440102888559e-01,9.714907098076106529e-01,3.703304472277990644e-01,2.541757079911782236e-01,4.237410013186513336e-01,4.638790579193062258e-01,6.780367762128535203e-01,9.398466159416037913e-01,4.016377307106705485e-01,7.455597520384683596e-01,7.715797910931218029e-01,2.865731451032885735e-01,4.937538517592824361e-01,2.500066230241507204e-01,3.529640531849745355e-01,3.392579633202226219e-01,4.129358987392982572e-01,4.085555662455995773e-01,2.841936333825970107e-01,3.634871786879522171e-01,6.446216067719593434e-01,4.614232163386088881e-01,2.469271709748513399e-01,8.602459252297439685e-02,3.906437824990098839e-01,5.174250630609250612e-01,7.269825679262023055e-01,3.873238700204709728e-01,4.273278750678836668e-01
8.976674176186302256e-01,7.868964416942781509e-03,7.583805748667773461e-01,4.467220286457073142e-01,7.715365502789830465e-01,7.820591668119025730e-01,5.473615513743071426e-02,7.492607411117109262e-01,9.952886325002532342e-01,8.536243840570644226e-01,6.272363302636446702e-01,6.236791145635410816e-01,0.000000000000000000e+00,8.225341069747703626e-01,3.945964256477950127e-01,3.173730897627545233e-01,5.799360190349467370e-01,9.561634285437055070e-01,1.369893472562709047e-01,8.534961700939992513e-01,7.055432785523366723e-01,8.363766818801530167e-01,6.966795212836175422e-01,5.290750980521223834e-01,3.618354885881837069e-01,6.265976270193776010e-01,7.660957219442530164e-01,8.529271826651498856e-01,4.454396946422160553e-01,1.373984992401204586e-01,2.842314696590231837e-01,4.037907639389433090e-01,8.916882879574952181e-01,8.958987484077171048e-01,9.792291790962612819e-01,4.165478007884504397e-01,4.904988302579322834e-01,5.184366164244813557e-01,6.976819901787660871e-01,9.610037001969238268e-01,3.050199150322798758e-01,9.217703401201156055e-01,8.784425167529069656e-01,7.648361123289580954e-01,9.625854914125521189e-01,6.339171076183054421e-01,6.746412982593874563e-01,9.314286361592248875e-01,5.087022602349985378e-01,8.833323665350787390e-01,9.521725320451174257e-01,5.582747397763194730e-01,6.469037479752504094e-02,7.400220020979390023e-01,7.067610410959414002e-01,2.771314180803382543e-01,6.211741041497107485e-01,2.188180435598225393e-01,9.790073246394284112e-01,3.826677526898241699e-01,1.250406893619367688e-01,6.375057414895514141e-01,7.938308703357734863e-01,9.339904610029504672e-01,9.398462058557401910e-01,8.538252916171825690e-01,9.171980855491929097e-01,8.940198281414241110e-01,5.876021472268921908e-01,3.963518971985277028e-01,8.219392747307039393e-01,6.788881647888489468e-01,5.049579865637812137e-01,5.713048275452455860e-01,4.392716019289578111e-01,2.582667300055675463e-01,9.820886355365460174e-01,5.277824485887937511e-01,-1.771495720576110600e-02,3.051118249224078482e-01,3.858192328594983733e-01,1.624829492377156681e-01,7.666413516295316199e-01,5.619857031066761710e-01,6.057837121948710379e-01
7.574373944552521554e-01,9.206378354589992430e-01,7.734425801149213964e-01,2.478485505038846570e-01,7.948229962909325597e-01,6.396104993090582225e-01,2.345034924529891887e-02,6.222216589219843330e-01,4.480470853173041390e-01,7.912829777513700202e-01,4.830673862215449366e-01,5.336637008930917858e-01,8.225341069747703626e-01,0.000000000000000000e+00,6.670061371925127824e-01,9.207026710957078031e-01,2.864904599398264695e-01,8.157714131821627301e-01,7.971833966095914770e-01,8.020329484852789514e-01,9.404906145461625622e-01,7.433892201676989275e-01,8.491817411349659173e-01,9.269979028776789143e-01,3.392962662600784718e-02,5.070638419355517623e-01,6.915394654160564869e-01,4.367732807925088778e-01,5.003577112828011542e-01,2.555752891862169696e-01,4.531305107062488235e-01,5.097822660868316369e-01,6.027720186857767892e-01,8.903353171555290491e-01,7.785054559191534329e-01,2.472342684867907536e-01,2.705556181034114438e-01,2.700465814286998611e-01,7.466036294681424046e-01,9.654070283589474277e-01,4.010829889141699356e-01,6.423712962410261795e-01,9.439658567681853407e-01,6.204145337929949378e-01,7.349668524412144022e-01,6.114672967365879508e-01,2.561843637539253926e-01,6.727614538979636016e-01,6.552694248103287933e-01,9.462971505091593016e-01,9.210320737369493971e-01,4.898609614926561356e-02,8.889951378611529176e-01,7.277843457816896011e-01,7.034112054367004374e-01,7.863454658781487971e-01,5.946547445142300603e-01,5.693251287205652877e-01,7.688145086802218309e-01,2.900254760169129753e-01,6.530303447332619360e-01,7.355320400200526798e-01,7.536589627292225035e-01,5.975210210371268982e-01,7.004289446366646077e-01,9.093592914752667289e-01,4.500847603660607654e-01,6.202287868553900685e-01,4.099768426124658083e-01,9.600748284243735275e-01,6.871641178394110039e-01,7.839599705361278703e-01,1.521843909914508131e-01,4.833186208818411878e-01,6.256294807597116980e-01,7.531322729662398574e-01,7.897440253445201508e-01,9.445149114489295172e-01,5.813785391523298429e-01,5.589161432254139417e-01,6.640801451604518846e-01,7.915361894217889382e-01,8.671441170918262609e-01,1.170807420658021292e-01,7.828489824937521213e-01
3.814905844363927212e-01,4.045285190667122222e-01,6.674878847956118300e-01,7.611512068592726221e-01,5.663330080524341392e-01,5.384452061284344948e-01,1.615813656846658564e-01,4.064129611267150444e-01,5.423764350688986546e-01,2.695600171250270849e-01,7.827519235865797453e-01,7.303202712831609045e-01,3.945964256477950127e-01,6.670061371925127824e-01,0.000000000000000000e+00,9.601990220117861963e-01,7.127445620425986172e-01,9.235168140335248133e-01,6.170778962677646584e-01,6.046056950544639319e-01,7.134524226471659070e-01,6.873412264221406831e-01,5.976206393648106907e-01,8.134605284976883510e-01,7.868795250502108596e-01,6.362638035332466302e-01,3.701108872025427043e-01,5.503052697864832532e-02,4.923963816039429453e-01,3.310323984671453834e-01,3.980397022209851698e-01,4.119096031479800857e-01,7.376299400458713462e-01,2.130297123735014619e-01,9.342062026173707512e-01,-1.948450310584087797e-02,3.287184377812025771e-01,9.254860594624422232e-01,7.349746240672317965e-01,7.426745631207684051e-01,4.683823102955015361e-01,9.917134628091350823e-01,9.725777669726786145e-01,5.185645793090797318e-01,8.060183615309682859e-01,7.323834590633420127e-01,6.516310259797029047e-01,5.080535045782668124e-01,6.759461339764889498e-01,3.493313372212071277e-01,5.090299866459790934e-01,4.117758697537224344e-01,8.177414673412102264e-01,3.316023448090542614e-01,3.899565964976354770e-01,5.057739661551463595e-01,3.041572227522866823e-01,7.952135662757779944e-01,9.792790592176400244e-01,5.349072480680180375e-01,3.272826507421581210e-01,8.177953902695541677e-01,4.492713871712080143e-01,5.263221077599274933e-01,4.550945121167053187e-01,4.566152221278043100e-01,5.206246105484488851e-01,8.624278931098033896e-01,4.071107865939950221e-01,9.649919672786815283e-01,8.797652240960808223e-01,7.880839954983027695e-01,5.644667522004562787e-01,1.466915247136830747e-01,3.307693735725145689e-01,5.917525583832663472e-01,9.532571852987991035e-01,5.505189479540351094e-01,5.260401760840979213e-01,7.652812808375667464e-01,4.627563770055537762e-01,9.865047014761605393e-01,7.034057076429798272e-01,1.223513778476142816e-01,8.883067616994858584e-01
5.179339261868103339e-01,-3.615627126068821084e-02,3.405662643735896111e-02,3.181766764127010316e-01,1.991019064709144137e-01,1.264774263644825314e-01,2.444916803430676744e-01,8.692577512366320702e-01,3.741277495624953930e-01,2.484114061343716817e-01,6.046781475104627823e-01,4.600796724711697649e-02,3.173730897627545233e-01,9.207026710957078031e-01,9.601990220117861963e-01,0.000000000000000000e+00,8.462680340388123446e-01,2.464902150754176846e-01,4.949327786544392982e-01,7.823984723913577355e-01,8.739846295527026188e-01,6.495642122712423916e-01,2.867242410689372356e-01,8.368521649489017999e-01,3.820460611844589405e-01,5.901080601389141478e-01,7.554196802624371099e-01,9.222400291542681705e-01,5.659912759636516189e-01,2.651192152590513551e-01,6.521374773431531935e-02,4.974887740285729443e-01,8.011563563849036784e-01,7.942444446788143875e-01,6.575203103830483675e-01,6.926942694742674878e-01,7.959216523109649555e-02,5.146203609611399443e-01,6.575160012385011798e-01,8.100805563318496105e-01,2.406401083871053115e-01,4.544140248500742607e-01,7.312981977995085536e-01,5.228885704910715138e-01,7.962769710678709867e-01,3.287331367343749866e-01,9.494133039469240254e-01,6.168162444353062490e-01,5.098872454114288244e-01,8.211568360351912954e-01,6.965064128730948934e-01,6.469349477503756329e-01,9.339732536565636956e-01,9.463983791469255946e-01,3.754900992848027030e-01,6.732440976917257736e-01,4.942804638155653407e-01,9.550787134052579619e-01,4.751468135090803901e-01,7.671008269401617952e-01,4.162956892170950329e-01,3.984661149002872160e-01,5.240981861121660895e-02,4.488577622239775522e-02,7.478976372221338709e-01,2.897260348577667122e-01,9.288123518909161547e-01,4.481066251813560775e-01,5.568707681402489396e-01,7.319919432400410209e-01,7.994760227769865946e-01,9.588327576335811120e-01,1.226516757732554197e-02,3.781483773365084122e-01,3.050168678256216515e-01,8.796118148919462865e-01,8.337950957969750831e-01,5.497509165841969470e-01,2.966962007193155171e-01,3.371938752985599308e-01,6.039447593167325268e-01,7.329910467048762479e-01,4.197045968883412748e-01,5.157500890381900849e-01,7.916310205047052406e-01
9.531839611151534664e-01,8.175811979081792913e-01,8.108271052769774334e-01,8.071306384168569492e-01,1.925573818638647294e-01,4.692358752358486984e-01,7.069353395442786736e-01,6.413361676249843546e-01,3.675143206723392453e-01,8.955797879270673834e-01,9.547434948778412700e-01,6.162512027952572469e-01,5.799360190349467370e-01,2.864904599398264695e-01,7.127445620425986172e-01,8.462680340388123446e-01,0.000000000000000000e+00,6.994451187090825472e-01,7.734239356643841656e-01,4.409971899077312352e-01,7.502431040735004775e-01,6.341195951070772718e-01,6.488701602051918371e-01,4.982540419030908607e-01,4.750637075542095689e-01,6.102059194760820482e-01,1.305099270850856585e-01,8.315945267911127869e-01,2.319582454189280107e-01,6.100262724824402349e-01,4.143203818255419141e-02,4.437435052446953576e-01,4.405892651749885314e-01,3.349138992893029854e-01,6.413854527915169301e-01,2.976196570310905010e-01,2.086505780546302480e-01,3.412007437815105515e-01,7.173574488296913243e-01,4.164709901715842877e-01,4.417827873369249425e-01,6.195300989675226466e-01,7.623709725991186792e-01,7.373436628853480279e-01,4.201959732274315185e-01,9.519060464124816656e-01,7.851523810348705057e-01,5.146581449446203660e-01,6.360406890225055454e-01,8.482546996635306202e-01,2.757218436045916210e-01,6.962535313344317967e-01,6.368420706162136735e-01,8.311947521185362175e-01,6.551809466929787718e-01,9.519234025201562810e-01,7.788823043491914788e-01,4.290013720161870991e-01,6.416871381494833049e-01,5.296916252164827199e-01,4.288391149862481599e-01,9.904222016007726559e-01,4.291225055575011438e-01,9.573512212366374063e-01,7.385181260910711476e-01,5.825366806464110647e-01,6.141844705595390641e-01,6.798477594373409927e-01,4.550316465874966743e-01,4.563902051435766993e-01,8.343331903008907036e-01,7.435889684061595117e-01,-1.324487824551942583e-01,-1.762367775153415861e-01,4.140386859890417548e-01,3.157468122024470469e-01,6.941951590465407218e-01,8.073719556722451784e-01,2.660274303997632872e-01,8.953421411795975393e-02,4.558475934201619562e-01,7.301587259751328718e-01,9.640944559598768615e-01,2.998803063683628811e-01,5.166196174735032676e-01
8.475295994549442158e-01,2.386368663453604377e-01,7.253811326313446273e-01,6.265450580551863435e-01,6.298143031967931016e-01,8.705903820459470754e-01,7.570476977309620326e-01,6.896284094485430893e-01,-1.031254489529062068e-01,2.687385638108634733e-01,6.123503619671007980e-01,1.278400416418188495e-02,9.561634285437055070e-01,8.157714131821627301e-01,9.235168140335248133e-01,2.464902150754176846e-01,6.994451187090825472e-01,0.000000000000000000e+00,6.949163994977465286e-01,2.120012542428093560e-01,6.812417859375525797e-01,4.487347335563302009e-01,5.770116880365933065e-01,6.299912398650516776e-01,2.431955102114400080e-01,4.670668018544250621e-01,6.687934653965983411e-01,9.016448662900506950e-01,4.052543042126002248e-01,1.395592770508946867e-01,2.074152749725651501e-01,4.002894302258142023e-01,3.100431993874115943e-01,6.390095976707597103e-01,7.083726301499581046e-01,2.237199947595511218e-01,1.108177295823369324e-01,4.225498242755554301e-01,6.639062259374692854e-01,6.874173054937591232e-01,2.688990430271868126e-01,3.111123542282733245e-01,7.174791506151195764e-01,2.881730637679332241e-01,7.199446756396525871e-01,7.127569690811731418e-01,3.325424992866693463e-01,9.903704021355045350e-01,7.167131610077137616e-01,6.958946787819957347e-01,7.254687683766884998e-01,6.013703805063823626e-01,9.317715407162295849e-01,6.773267441891861473e-01,8.633133437991958870e-01,5.809609668188322473e-01,7.997982892271109367e-01,-2.148878952827856237e-01,9.737386344411194106e-01,7.277283226748774148e-01,8.859276275391490818e-02,6.885285758968072711e-01,4.613251372199677625e-01,8.599035456886614526e-01,9.089221280564685479e-01,5.501867097529604678e-01,7.216580213598789983e-01,5.699632764588348222e-01,5.672200414550234715e-01,4.963932196716937528e-01,3.236679819341244935e-01,5.982481866228229750e-01,1.302906825652697664e-01,4.551774813841450995e-01,7.210806839057903872e-01,7.654015884234347533e-01,6.902884106168445388e-01,4.722684305186211629e-01,3.446801267704264760e-01,1.415326320614108679e-01,2.035798224175090765e-01,4.473051823449107900e-01,7.128989195826185288e-01,6.934103597639138528e-01,7.831739442427818609e-01
