0.000000000000000000e+00,8.273266972888166926e-01,7.573967361733462411e-01,9.478906665231180417e-01,6.644830541361640419e-01,5.730033435931075614e-01,9.616437528668203560e-01,2.815048320707734808e-01,6.544012876166686032e-01,9.961633492494768038e-01,5.784975910614751360e-01,6.566079062497439667e-01,6.930771533812443153e-01,8.685561877641545525e-01,4.686637297695846471e-01,9.171036126040571501e-01,9.120794464407498969e-01,7.556611064405205358e-01,6.491533756907760244e-01,7.653792105800456547e-01,6.865347025231547384e-01,8.344108524982132846e-02,9.468759111286378927e-01,6.041193490416520984e-01,5.568417285299226416e-01,8.870560780217735530e-01,6.041626855282418163e-01,3.839611717901027510e-01,3.761840645176361408e-01,5.414317304028644084e-01,2.951091445321243900e-01,8.000234428883473692e-01,9.821928866437470429e-01,8.880218127197062605e-01,7.450317895881652941e-01,5.933024285834884726e-01,3.116481749629940179e-01,4.298203923923447078e-01,7.661590122055697005e-01,7.350130297772573540e-01,1.553459500941483107e-01,8.198633092977162251e-01,5.692049286433507049e-01,5.312675448068848727e-01,6.198455824007557124e-01,7.524783549090502399e-01,5.702134357288329847e-01,6.005946385871345772e-01,9.063000852352450787e-01,4.570254811543806306e-01,9.514241388973859737e-01,5.367933836668145053e-01,9.020077664735035583e-01,7.324720719711194095e-01,5.577454365515429613e-01,9.366437277778356663e-01,4.246739125798660308e-01,7.513325219215919448e-01,2.107091257613094015e-01,-6.758990964251238021e-02,7.190805743926815818e-01,2.381357377914968543e-01,6.638631602058512327e-01,9.048132866050968559e-01,7.448047075486659008e-01,6.428004029448159962e-01,4.406850398872493302e-01,7.271096359981893409e-01,7.172054449191217484e-01,7.224100608432283410e-01,6.175144396736994556e-01,8.785991186108178530e-01,6.688717109769434233e-01,6.351875067997838631e-01,8.149904173038058364e-01,7.442574047447834129e-01,5.331177882863761264e-01,8.317320341302609776e-01,1.413119286811879427e-01,2.648292053539148538e-01,9.148127673018376926e-01,6.061874152448687436e-01,5.765071641957478787e-01,3.625311241477552904e-01,7.361206098650582286e-01
8.273266972888166926e-01,0.000000000000000000e+00,8.651746133294729857e-01,7.049969503634001544e-01,9.877246004997992657e-01,2.089960127776703813e-01,4.368123250929014656e-01,5.290781282929941653e-01,3.213724332892824997e-01,5.634873040391078503e-01,-1.786388843937979920e-01,7.267885966233029738e-01,9.454997966046023716e-01,7.492249447610876967e-01,7.900954943628273330e-01,9.274921064580748942e-01,4.072697961986962989e-01,8.125624681266419014e-01,2.972584700899971732e-01,3.739016772978619452e-01,7.961146510944578925e-01,7.761709299782750815e-01,7.877410871751426846e-01,7.110076703657951525e-01,6.709058802347397377e-01,4.959013474521584697e-01,7.874408228011365862e-01,4.377139800258126878e-01,5.190712323524504512e-01,4.466767921522227791e-01,7.087555669221381471e-01,5.359431630077277076e-01,7.231630898082550551e-01,7.751171552877338389e-01,5.148577141048257255e-01,7.664597898788034769e-01,2.842320848222554264e-01,1.373963617701178530e-01,6.298900723320761674e-01,5.564301338692939636e-01,5.866254328877886781e-01,3.475768232789825385e-01,7.333262130998104977e-01,2.444453474342450083e-01,9.346586936694740722e-01,8.117101851137937807e-01,7.407179991064479774e-01,6.039742951838518170e-01,3.190674127528330128e-01,2.506084761943891404e-01,5.457690726769890421e-01,2.248830009980269939e-01,9.607900191984870553e-01,9.245517704497716593e-01,9.920616704545575093e-01,4.933622766937402204e-01,2.968940096460249145e-01,4.196199520863883592e-01,6.428487571080030438e-01,2.256638702359776427e-01,6.280853690281228419e-01,5.063571306652282500e-01,4.583469895699858188e-01,7.930149085374377238e-01,9.824241999443558138e-01,8.004432537225976141e-01,5.908533916869034286e-01,9.940149974967129598e-01,3.083138492300357969e-01,6.533315154901528921e-01,7.785139195825617753e-01,4.475322369875350259e-01,-3.212866477821302302e-01,1.401101710753891172e-01,4.872776592451330546e-01,9.378958142402492593e-01,5.036272952126166214e-01,6.355509797570413344e-01,4.156341895892325944e-01,5.863236230463424459e-01,1.819938534470034452e-01,7.192377584685988312e-01,2.062449417820291786e-01,5.623167320830890770e-01,7.665810087211910595e-01
7.573967361733462411e-01,8.651746133294729857e-01,0.000000000000000000e+00,8.620789562290442909e-01,5.955365312597460381e-01,4.537998081658101146e-01,9.046705248628005291e-01,9.072536718667256750e-01,6.341847323410835235e-01,9.651728083206634334e-01,9.115915003723613630e-01,8.318717069077273818e-01,6.662164203158887910e-01,6.110492952796802157e-01,4.885709597194416443e-01,5.336307782061325833e-01,6.114572389207841852e-01,6.071355099499694541e-01,9.966701272387094024e-01,6.107361526489412107e-01,8.081838750371193036e-01,6.232750716923495249e-01,6.551464425591756457e-01,2.503042746963869414e-01,8.899804126522897763e-01,7.473623939443039266e-01,7.169114562470703111e-01,4.407347292799139726e-01,5.680981548181516239e-01,4.024419524172727636e-01,5.682248331827275400e-01,4.964102331799360446e-01,4.189550119344719326e-01,9.167235013003224298e-01,9.927378171219299885e-01,4.849713709692257124e-01,4.075350930397198534e-01,8.287014498225644399e-01,6.251330304702864549e-01,8.777274468372459060e-01,2.006001811754791198e-01,7.727740138816110438e-01,8.870614532734976132e-01,2.527398273984695631e-01,8.690059471584669071e-01,2.126469929454134766e-01,6.433004671161846044e-01,6.803624201164584218e-01,7.680704284645287760e-01,1.210118246480802566e-02,8.238462594395306038e-01,4.964045834280244041e-01,4.097986083436273019e-01,4.902181387379324073e-01,7.546157940698356992e-01,6.657961611560142545e-01,8.690245541336273360e-01,6.177610590401361179e-01,6.732260653199880762e-01,2.910206932024003157e-01,3.816977927743525623e-01,9.088003574872937085e-01,8.638476024458773272e-01,6.094512298590023525e-01,8.661420387695187850e-01,6.206333434037364372e-01,6.616875537980591027e-01,9.517187860666849186e-01,4.137332863550958750e-01,9.691830913237924339e-01,7.502458169935014576e-01,7.081110921543161130e-01,4.200580206621041812e-01,4.474696780552745445e-01,9.673747615560449598e-01,4.808846261441263037e-01,8.690896696542895761e-01,8.618345141289399658e-01,7.079420087302019660e-01,4.108287381739887389e-01,5.111095384548045573e-01,8.861189394320602153e-01,8.325897006738144368e-01,9.922862321825428600e-01,4.016534306113406783e-01
9.478906665231180417e-01,7.049969503634001544e-01,8.620789562290442909e-01,0.000000000000000000e+00,3.229621618886797108e-01,7.723793239464515903e-01,5.406692088232928350e-01,9.639075608749719803e-01,5.123108090345679377e-01,4.199602683174783468e-01,3.861313259634008288e-01,4.223402760302470971e-01,3.789560294437477328e-01,7.016986824131538070e-01,8.701882425263824938e-01,9.305113788848393686e-01,6.679699061331698662e-01,6.774321115665978832e-01,9.082200001959581659e-01,4.806409810257170762e-02,2.751052732509855492e-01,8.048715250367308727e-01,8.415672927627996236e-01,7.078677388289525974e-01,3.734268223645958451e-01,4.914175748415804956e-01,6.040277668046722948e-01,5.049031004230057906e-01,5.466669404987658520e-01,3.644225571475628866e-01,2.174592438746434653e-01,2.484239363405802981e-01,2.509197779876516377e-01,2.741454529713046595e-01,4.830748605741753132e-01,4.742710993015752940e-01,3.367592667687113739e-01,5.537817687143190559e-01,2.088814634073197507e-01,9.425614027020849939e-01,4.525732270515586131e-01,6.672863362835027567e-01,6.134239634890786830e-01,6.141336502651167928e-01,7.526616668400596399e-01,6.002063263557546602e-01,2.073469938340511964e-01,5.884012635638216082e-01,5.772800202711642070e-01,6.914186706253507841e-01,6.202464984726415720e-01,2.514046346145374367e-01,9.913941003995749846e-01,6.501566145331452162e-01,8.446621355150081278e-01,7.768611131009075521e-01,6.647735471971334409e-01,5.580714504287729305e-01,7.144579037657892151e-01,4.707681987204922480e-01,5.086380055067926120e-01,8.436356046009625409e-01,2.060264546119009998e-01,9.600256411586183258e-01,5.984129815734157143e-01,7.160909464617956077e-01,6.784093559156474385e-01,4.580825049861160791e-01,5.966634821740386396e-01,8.706814479167543919e-01,6.122514119731625737e-01,5.250177033143310634e-01,6.994580809702931612e-01,7.005145304043289833e-01,2.611253973101818615e-01,9.707254120043163903e-01,2.460730344849826889e-01,3.124346791503918030e-01,2.873456249005368890e-01,3.728452759126953397e-01,5.791938319592556672e-01,5.458816333647642516e-01,6.637800981610771922e-01,5.377900370465633628e-01,3.971003465106183183e-01
6.644830541361640419e-01,9.877246004997992657e-01,5.955365312597460381e-01,3.229621618886797108e-01,0.000000000000000000e+00,6.208849322426875927e-01,5.332695480335490901e-01,4.439116526025286835e-01,6.599758081953295275e-01,6.525995182762727165e-01,5.789443974322502351e-01,9.324758518311017097e-01,9.689768493231478708e-01,6.965243081686017801e-01,8.181996131926397298e-02,4.384325262994313022e-01,5.929807824877808553e-01,5.788105048550453713e-01,6.015463756020301700e-01,2.478045613188430141e-01,7.520302716873801252e-01,2.176066814290608387e-01,7.839624601560768458e-01,8.592277668354740827e-01,7.165775170129887739e-01,7.024556678815294664e-01,6.234161793903451043e-01,6.893400898875938765e-01,2.935703299345075457e-01,-1.471624943360473059e-01,1.506732208622268976e-01,2.605830669850058290e-01,8.920736151862418417e-01,4.642655756119603017e-01,5.387754068708453525e-01,6.982015062366880853e-01,4.763037027530098722e-01,2.021333903750183736e-01,9.150580244406809616e-01,6.641996888028265378e-01,2.902756562558010955e-01,5.247890539248113440e-01,7.917524911897404483e-01,2.512952913863448767e-01,6.270210963719624608e-01,7.987617170899836694e-01,9.514626159326403099e-02,7.031459366795824728e-01,5.935871169816746562e-01,5.929617707080417910e-01,6.941398910121084898e-01,7.907205784409632177e-01,5.207651503394638004e-01,8.299390851092240950e-01,7.526897054020230682e-01,2.653234636882877417e-01,4.810746613237670832e-02,4.109099862833893724e-01,7.077473679818921948e-01,3.161667348290809199e-01,2.191715786279048728e-01,6.346371136674190394e-01,7.332578316255007334e-01,9.600834422970420112e-01,3.540251979414037464e-01,2.634292456087745926e-02,8.761922156137309514e-01,3.035103388920683543e-01,3.750783134772153193e-01,7.906088462671538863e-01,2.296604948523822687e-01,3.045412419986707198e-01,6.953995868358822108e-01,1.882509764667661400e-01,3.532345171573958442e-01,6.034071617351310923e-01,9.040832604858618504e-01,4.732625680270496904e-01,1.018955598164632409e-01,5.022432822246847284e-01,7.716605910016473002e-01,9.518365323703038561e-01,9.652736919013344963e-01,4.207121242498649272e-01,8.653640622144703753e-01
5.730033435931075614e-01,2.089960127776703813e-01,4.537998081658101146e-01,7.723793239464515903e-01,6.208849322426875927e-01,0.000000000000000000e+00,4.195074066184021483e-02,6.176180322881101858e-01,4.005887817713719157e-01,5.013831263088127654e-01,6.003895001586190272e-01,1.303930550989254311e-01,9.872980484989873906e-01,6.903230807809824787e-01,3.031637060204835366e-01,7.606586012570699662e-01,7.412020903307602326e-01,6.633895185486814450e-01,7.770025225793300017e-01,9.416328844368404560e-01,7.142243006351565171e-01,4.019446993441164739e-01,9.765293587319310298e-01,5.680442569352008864e-01,5.317702827276862276e-01,7.296071224878191153e-01,7.227714051457022615e-01,5.136964046685422725e-01,5.995192110433000821e-01,3.706149429103532400e-01,1.837503670200493419e-02,6.432275384520995676e-01,9.381649487470180571e-01,6.645303518623854044e-01,5.596402751702099776e-01,3.030064014180354759e-01,2.502782832861528139e-01,4.532311742666516596e-01,7.551906126279579468e-01,2.684899685899637678e-01,5.823236815522185861e-01,1.540704330181752180e-01,1.168079412939730805e-01,8.252542934540846309e-01,8.794727081517837997e-01,6.049806585996911901e-01,9.715385992789742353e-01,8.872424790981271459e-01,2.865513721479062692e-01,4.430533603369831708e-01,7.181020045430976939e-01,4.469715331660127355e-01,6.541458269524551561e-01,6.162842620821831208e-01,5.353529426200318575e-01,6.260416660911948261e-01,5.211421677087852977e-01,8.565021700250414760e-01,7.018354644630883099e-01,7.308825191725071280e-01,8.363366995700030615e-02,2.046945092846233494e-01,5.484385200684692707e-01,7.452669435451072522e-01,5.977127752203715838e-01,5.719947653040554636e-01,2.026992119918315516e-01,9.653768449471165081e-01,7.780523054478684086e-01,9.255648433613222759e-01,6.576369821212691980e-01,2.444971085641902964e-01,2.423946808302385458e-01,-3.326472538979885485e-02,5.764881362382426877e-01,6.390062716899517214e-01,9.628497044191479670e-01,9.134428632958710992e-01,2.485938051123846582e-01,1.318926430961999408e-01,2.065023455519903739e-01,7.448967350495298012e-01,3.975662688918271126e-01,4.384689343370600789e-01,4.590756121819886681e-01
9.616437528668203560e-01,4.368123250929014656e-01,9.046705248628005291e-01,5.406692088232928350e-01,5.332695480335490901e-01,4.195074066184021483e-02,0.000000000000000000e+00,5.312953045653650008e-01,5.585074573977841794e-01,9.160703646376033848e-02,7.056264354060193256e-01,4.371407377485820867e-01,7.776790459298777991e-01,7.311726645647634859e-01,7.453799559305902545e-01,2.029889645100907414e-01,4.698700643447472625e-01,7.901811377022843752e-01,3.758945837862318617e-01,7.620342986872749025e-01,7.976625246610882236e-01,-1.487786026609387857e-01,4.881469324413677535e-01,9.417925794317590915e-01,2.772924951251220516e-01,4.257170112683454910e-01,6.768974637313230902e-01,4.772047642526376365e-01,3.934800879602232682e-01,6.507813566619825157e-03,1.464885373995462037e-01,2.719328615073026700e-01,3.759787796298423856e-01,-1.073860041659528280e-01,4.733951594275250252e-01,1.057500574939796573e-01,8.844457214236918496e-02,6.453867860570354775e-01,4.962399296451244224e-01,6.106834303987678236e-01,5.557439289327019694e-01,6.686578637078842702e-01,9.131858496658940005e-01,7.724450054390339382e-01,7.976644385365048162e-01,4.656979221062971797e-01,7.533055188462998153e-01,5.413435397625885326e-01,4.931466056209358739e-01,6.138069318853497380e-01,7.167480045237163422e-01,4.302949015621801987e-01,8.909051422618032845e-01,7.397759027044098490e-01,6.464946734491204827e-01,7.932510288819110134e-01,4.102902968505951486e-01,6.820799965990287372e-01,7.232123079574942492e-01,3.054410516072346149e-01,2.817963839036762286e-01,5.115789988010247535e-01,2.876463027920729276e-01,6.569530944635788572e-01,8.714967180943635761e-01,6.177023276976247868e-01,7.481990521703245633e-01,9.261582525045739533e-01,4.543708233627440363e-01,5.458498397005410174e-01,4.185433690227999826e-01,3.281695118686656087e-01,4.803167422659662678e-01,-2.227388044032330150e-03,3.207813916399592236e-01,2.313439850714122947e-01,7.237589422146836204e-01,1.326243009408022977e-01,1.884639634989265233e-01,5.334960888144292257e-01,5.695205599319838052e-01,4.393838411355449614e-01,5.710548802741640673e-01,3.699620692053864346e-01,6.124518296707459619e-01
2.815048320707734808e-01,5.290781282929941653e-01,9.072536718667256750e-01,9.639075608749719803e-01,4.439116526025286835e-01,6.176180322881101858e-01,5.312953045653650008e-01,0.000000000000000000e+00,7.311842835286153086e-01,5.789324186660569360e-01,9.927298540302409435e-01,4.210632239933882470e-01,6.462894843085535967e-01,5.138201107171175286e-01,4.046454509741687633e-01,6.375836753787197386e-01,8.649385995133285210e-01,2.623033011925606228e-01,3.121326420023502468e-01,6.891734140566408984e-01,9.377191365738263285e-01,3.979901686451614400e-03,6.420831063089182944e-01,9.410834474242455450e-01,8.469641481825258555e-01,5.070508112844541726e-01,5.686592844676821024e-01,7.250810313853588429e-01,1.034204433905021869e-01,3.557283246040466307e-01,6.776032884116798272e-01,4.283291861046694543e-02,6.767026108628857450e-01,3.180575116308821393e-01,4.601742023808210735e-01,5.079352529694042273e-01,9.423365269405040157e-02,1.458646439745055756e-01,5.311365656471336294e-01,5.786267903612170027e-01,3.603711575650247467e-01,4.123968264894284363e-01,7.714434800350671306e-01,3.454292019976170636e-01,9.739327484137892954e-01,6.872174506778209180e-01,6.776792521247362311e-01,9.533728833396484248e-01,4.221366706444612538e-01,5.125658601200019371e-01,4.650778758516720401e-01,9.216740620690730967e-01,6.281570449349922480e-01,6.719233361980689878e-01,5.473840698551646344e-01,6.479239462084106504e-01,5.155637230435913265e-01,4.089922553671879180e-02,1.962263943970856891e-02,4.070746816285786829e-01,3.017164334866557773e-01,1.663735669820131380e-01,3.034009133525709112e-01,9.596510240025027949e-01,2.899498108266431728e-01,6.856727785927726471e-01,7.532779638773884345e-01,8.651078662923576967e-01,4.129567529224383859e-01,7.317069300359888562e-01,8.875056887802105221e-01,4.032670133943570545e-01,3.621507020807147592e-01,6.187292978558927015e-01,9.277066756243195211e-01,4.444031270912856546e-01,5.961905905256962290e-01,3.731823902740848409e-01,7.051070330449514811e-01,2.100539954695231915e-01,5.542974872052945923e-01,8.541260395098939640e-01,9.828241582510279795e-01,2.497781608429598399e-01,4.961301819481763742e-01
6.544012876166686032e-01,3.213724332892824997e-01,6.341847323410835235e-01,5.123108090345679377e-01,6.599758081953295275e-01,4.005887817713719157e-01,5.585074573977841794e-01,7.311842835286153086e-01,0.000000000000000000e+00,6.039251423045495226e-01,4.462478583163518309e-01,5.740723489254397904e-01,6.706264562676891305e-01,6.920169437874453822e-01,2.564198779897308711e-01,7.053561587008188027e-01,9.007868837661313632e-01,7.097638694356790401e-01,4.755299638279358310e-01,8.420856506769259786e-01,7.370090146538876841e-01,9.142202453984848987e-01,4.218333762488176153e-01,8.099744138679573213e-01,5.376356543877292005e-01,7.008681750694392143e-01,7.331223280040133350e-01,4.882591780490183053e-01,2.097399335095820327e-01,5.992098913333269161e-01,3.422413576901256471e-01,3.747021462447287510e-01,6.196490210161244017e-01,2.948762694642462767e-01,4.927140306322517205e-01,2.108904321968347317e-01,7.514606416487971119e-01,7.651546981464867336e-01,2.054446992496158919e-01,6.588367869765368035e-01,2.533743754661362813e-01,6.928723149677786797e-01,8.080448500882300156e-01,8.528507571128742804e-01,7.408002308632604116e-01,9.851704512095600386e-01,5.326624497746920150e-01,5.978034156105780372e-01,7.365582734155038391e-01,-6.478110911631471125e-02,5.023921078602507917e-01,5.340016259499005269e-01,4.232883012388428123e-01,2.467718927155305164e-01,8.738947549534150649e-01,5.207204188528937738e-01,7.643960128563384027e-01,9.824044296727774128e-01,7.156510594926278612e-01,6.379307499144575289e-01,3.365200237110176351e-01,3.844123920864737087e-01,9.625440612555116182e-01,4.267603827016337725e-02,6.801218880710223624e-01,4.577904932900033752e-01,2.877721335798448798e-01,8.699061552221871718e-01,2.934403435723318965e-01,7.957219178551688810e-01,5.746787547185087108e-01,8.217147598818991261e-02,4.064944566315248919e-01,5.467619107889579722e-01,3.459112926326265436e-01,7.801033141162464490e-01,6.100495591022812025e-01,4.896111702315474323e-01,3.634217382811530395e-01,1.992726614566863175e-01,2.687622796803544878e-01,3.532163190273280851e-01,6.467573001831932178e-01,-6.767706043515434033e-02,7.511150766333782869e-01
9.961633492494768038e-01,5.634873040391078503e-01,9.651728083206634334e-01,4.199602683174783468e-01,6.525995182762727165e-01,5.013831263088127654e-01,9.160703646376033848e-02,5.789324186660569360e-01,6.039251423045495226e-01,0.000000000000000000e+00,8.806958081639848501e-01,1.217590173908205398e-01,9.445482450298039456e-01,5.165562177415650158e-01,6.703779119288200139e-01,6.387020859177229282e-01,9.356551551272097589e-01,5.836121813773607059e-01,5.281024018515764196e-01,6.826316932058316134e-01,2.496768357946465566e-01,7.024084523449196371e-02,7.924725353290109631e-01,5.683606580937974329e-01,4.291422160626810478e-01,8.717093300364290309e-01,5.435315524509221063e-01,3.410307150508888885e-01,4.417582015783298455e-01,1.455323834625854851e-01,4.591742002513147791e-01,5.553759576874099935e-01,3.851467112544187943e-01,5.903188899286641034e-01,5.581676904268786377e-01,2.044114424712224765e-01,4.304894401253302472e-01,4.849797429026262985e-01,9.656797346612244759e-01,6.760784853249260928e-01,5.926339185295020906e-01,3.510652812532790157e-01,6.975455865102418995e-01,6.545882992697890090e-01,5.711160921338915841e-01,9.726460357921474786e-01,2.389421910745292421e-01,6.562916146907846748e-01,4.671877539123573952e-01,6.472822839266003658e-01,2.830360818687019941e-01,8.481905864036358711e-01,7.301574619100057451e-01,2.128896368595823985e-01,6.964356451844074813e-01,9.030291930239013887e-01,-1.899426780753673549e-01,-2.625794274691160002e-01,8.371876369001753915e-01,2.861543562542803731e-01,5.579421712271436240e-01,6.801992482213226054e-01,4.857027680344221388e-01,6.396613935010182495e-01,7.598757222003826861e-01,8.844271418848271837e-01,6.067177012983603346e-01,5.474189097634645229e-01,4.239029382674283641e-01,6.437161974527894071e-01,4.559026812518506833e-01,7.047053925264717966e-01,2.890768113632212200e-01,6.778151777694048086e-01,3.717344081392386368e-01,6.775307735688793631e-01,5.443728102583998973e-01,4.436726381538753095e-01,1.183906946524497239e-01,3.377130885634496010e-02,7.487804418938176498e-01,4.215887639496174732e-01,8.513930723255869193e-01,2.639418370485370202e-01,8.252750554066524691e-01
5.784975910614751360e-01,-1.786388843937979920e-01,9.115915003723613630e-01,3.861313259634008288e-01,5.789443974322502351e-01,6.003895001586190272e-01,7.056264354060193256e-01,9.927298540302409435e-01,4.462478583163518309e-01,8.806958081639848501e-01,0.000000000000000000e+00,4.288661725205018538e-01,8.190410132666771093e-01,9.715460008462852848e-01,7.159564558956065250e-01,4.940196181163692413e-01,8.458764567147811775e-01,4.835112938350287770e-01,2.984932584095655317e-01,9.447562860545558605e-01,7.117314426366592173e-01,7.234295931688112802e-01,7.110164348955884117e-01,9.403499534367141255e-01,3.223083435172360844e-01,5.535103350994213800e-01,9.071468512551257302e-01,7.168545361581825093e-01,3.477851265252430157e-01,6.774919713181566383e-01,2.226517750268925400e-01,2.689283869647951519e-01,7.953824895420202878e-01,6.811940072430706650e-01,5.102155320551245987e-01,4.478636557456120992e-01,3.174819746841065493e-01,7.802324293795378507e-01,5.077786496199641064e-01,7.410301082326986588e-01,6.869893384144867832e-02,7.889405336702369764e-01,4.756910705947133833e-01,3.100613481755354339e-01,9.307870594833425049e-01,5.566497548486628588e-01,6.424611931155391753e-01,9.866974713141606346e-01,4.025299496572632973e-01,6.703242408236107508e-01,8.035037728501314147e-01,3.439878873105867152e-01,3.107674702327368754e-01,7.846176142382776941e-01,9.052365894100972143e-01,6.055176166478231092e-01,2.155676837859656358e-01,7.705869631155335409e-01,6.960578688589411644e-01,9.094400496891018593e-01,5.268982804676036746e-01,8.330378351982876683e-01,7.977750825733971318e-01,8.899752413852355382e-01,6.857324709913393823e-01,4.063760935591245738e-01,4.591984782120136499e-01,4.322807055212989913e-01,4.514921772075145001e-01,2.782026426368548466e-01,9.860747692640423612e-01,7.826757494731572118e-01,4.645926092249272332e-01,5.457036229733226440e-01,-1.801599824248062698e-01,6.068089211987510723e-01,7.792497053860123479e-01,1.526824625043523564e-01,2.227812071107982128e-01,3.490511162041304294e-01,8.527236486106187785e-02,5.838453774852286893e-01,3.771363827706040173e-01,3.340915157672398883e-01,6.199467863173028226e-01
6.566079062497439667e-01,7.267885966233029738e-01,8.318717069077273818e-01,4.223402760302470971e-01,9.324758518311017097e-01,1.303930550989254311e-01,4.371407377485820867e-01,4.210632239933882470e-01,5.740723489254397904e-01,1.217590173908205398e-01,4.288661725205018538e-01,0.000000000000000000e+00,8.963791335174473573e-01,7.288045526876126834e-01,7.234485634072687077e-01,6.249240969500535758e-01,9.570327365676042364e-01,4.801856780323547347e-01,6.574676692242836795e-01,5.987512299410507888e-01,9.565816225819461227e-01,4.108255653599071078e-01,2.893500059180091344e-01,9.557383930211561518e-01,7.233862605852157124e-01,9.871675633353820256e-01,6.263640501302156771e-01,6.752280717889469486e-01,5.032642172237976608e-01,5.119489788619906445e-01,4.601818633750031085e-01,6.888268639212973277e-01,7.840435155984177840e-01,9.116931185856719244e-01,2.187459412417203930e-01,4.857722261332740321e-01,1.314539650004170890e-01,7.236674580020866498e-01,4.200893368322002885e-01,6.386345432266039568e-01,2.791941940652382659e-01,6.404575292475225834e-02,2.224304267890992726e-01,5.449317451165738291e-01,9.978069018130825141e-01,7.213497215516107008e-01,6.517693441020430134e-01,5.653422866465954710e-01,3.172250031972259632e-01,6.252262836220984221e-01,4.661451760967466607e-01,6.795815697504635766e-01,1.843331158442852724e-01,4.057870238970981980e-01,6.119873549679633040e-01,5.809697078641604673e-01,4.230327576266325607e-01,4.584114128337791194e-01,8.553502265063561705e-01,2.954812112835421001e-01,4.928453130444239161e-01,6.969554709028075168e-01,6.912781363712049432e-01,6.162336354348416645e-01,8.569651432760124754e-01,3.002997607393944612e-01,5.799892693963877299e-01,8.982450854541206287e-01,4.833857358078534339e-01,5.742749146595813592e-01,7.938355973251745024e-01,2.786008926366930760e-01,5.885184863344535833e-01,2.822436884354429520e-01,6.451454006216761350e-01,3.090362201508741746e-01,3.460022294836898604e-01,8.043688596506428645e-01,3.271149036672681421e-01,4.765966712484422940e-01,5.336188350071549014e-01,3.239106586913519381e-01,9.313113716857368551e-01,3.170851518843397776e-01,4.450067089353742511e-01
6.930771533812443153e-01,9.454997966046023716e-01,6.662164203158887910e-01,3.789560294437477328e-01,9.689768493231478708e-01,9.872980484989873906e-01,7.776790459298777991e-01,6.462894843085535967e-01,6.706264562676891305e-01,9.445482450298039456e-01,8.190410132666771093e-01,8.963791335174473573e-01,0.000000000000000000e+00,5.699627964705364924e-01,7.117117463642905761e-01,9.475913597536559374e-01,9.209180585543299546e-01,3.852344696869252627e-01,4.607285364243666193e-01,4.157568699149214453e-01,9.275199731109138312e-01,8.351276398943380253e-01,4.239592099893840782e-01,9.912899705793107863e-01,4.276604551890417216e-01,5.552303734637906718e-01,9.205004005780649257e-01,2.706358583370789272e-01,4.411531266764878167e-01,3.976771268703234163e-01,6.452782132724883546e-01,5.558693681100992379e-01,7.490752181071289595e-01,7.551176141392639263e-01,9.013982187495681586e-01,5.691123644471308696e-01,3.583985466808421727e-02,4.571065631375664795e-01,7.384542847124405673e-01,8.493411006936837371e-01,5.220689892457139880e-01,9.909952781322538540e-01,2.993264373799105482e-01,3.676946638967589776e-01,6.332184007711171292e-01,9.879694992352940908e-01,5.565063043933613507e-01,5.664157573251418221e-01,4.943376016707287657e-01,6.175376645265958642e-01,4.212607983970091952e-01,3.866248060473888026e-01,5.431672170000798605e-01,8.661574020605531388e-01,8.796009338041608228e-01,9.801321485691562030e-01,7.704078420566552454e-01,2.730735618759462802e-01,8.279868672798159634e-01,3.435839902434959514e-01,5.943242965878958728e-01,4.282797064045423263e-01,4.318742070006172940e-01,8.803280017414679692e-01,5.841433993861042673e-01,2.179677992378041551e-01,8.234672148133755920e-01,9.338661310979856633e-01,4.642819245413163931e-01,5.988532905580172816e-01,2.872178634580558332e-01,6.403618654883531658e-01,4.206164188284106098e-01,5.483437585272354919e-01,3.475182875198818411e-01,8.677801457225583492e-01,5.276263889866095180e-01,5.308609549963843044e-01,7.657036721057106643e-01,4.041748261223232497e-02,6.877952078260493041e-01,7.089596804221846016e-01,5.018672613452952458e-01,6.587582204988717827e-01,7.337420016156311897e-01
8.685561877641545525e-01,7.492249447610876967e-01,6.110492952796802157e-01,7.016986824131538070e-01,6.965243081686017801e-01,6.903230807809824787e-01,7.311726645647634859e-01,5.138201107171175286e-01,6.920169437874453822e-01,5.165562177415650158e-01,9.715460008462852848e-01,7.288045526876126834e-01,5.699627964705364924e-01,0.000000000000000000e+00,8.810234630253569454e-01,2.375973803217172053e-01,8.140016140079081586e-01,8.659158079181736856e-01,5.991358440212650738e-01,6.717927834121765196e-01,8.353145732905944421e-01,7.058458174907836780e-01,7.494163799940249948e-01,7.241197832700116965e-01,5.341870717482131159e-01,7.688615968007377344e-01,8.362811001766468078e-01,5.542457295423847130e-01,8.323671629148061690e-01,3.303328132009264451e-01,5.238330645221281889e-01,4.914685185856391691e-01,9.563674178880512411e-01,-9.396143502198195385e-03,5.004243418050197123e-01,9.158443035141672350e-02,2.523229516082244883e-01,7.466083265689582582e-01,4.585640575790668749e-01,3.575925695669998072e-01,5.351963181516043999e-01,6.724637554620183089e-01,9.483478621779442008e-01,7.124925547020312111e-01,6.740762603778207573e-01,6.232812719097429177e-01,2.750827272541560009e-01,7.772820956872878995e-01,6.151417030801427099e-01,5.513792885538756350e-01,6.838481973125539737e-01,4.974202308321861721e-01,8.038242161922705131e-01,7.197960072172888690e-01,9.536033545827661273e-01,4.864214019763093422e-01,4.728877293904706902e-01,2.572857636116918784e-02,5.075792217625627600e-01,7.020468935324545301e-01,3.506897317981150231e-01,9.668813227086521245e-01,3.220689186807511040e-01,7.604047192249744347e-01,7.086253390505736771e-01,8.207726390645964099e-01,8.572751027433833659e-01,7.294191647931751454e-01,5.080643231720022301e-01,7.527004741150373768e-01,4.155334479823510341e-01,7.396191935609103263e-01,4.309246405611146247e-01,5.900805543372420470e-01,5.492096391728155114e-01,7.294180476856108042e-01,7.335221689868507422e-01,5.527469010276917505e-01,3.929613581778023113e-01,4.829136214883377742e-01,5.291950040383694986e-01,9.326595103947821208e-01,9.023861574990038603e-01,3.103580282389362122e-01,4.277471490939933063e-01
4.686637297695846471e-01,7.900954943628273330e-01,4.885709597194416443e-01,8.701882425263824938e-01,8.181996131926397298e-02,3.031637060204835366e-01,7.453799559305902545e-01,4.046454509741687633e-01,2.564198779897308711e-01,6.703779119288200139e-01,7.159564558956065250e-01,7.234485634072687077e-01,7.117117463642905761e-01,8.810234630253569454e-01,0.000000000000000000e+00,4.468737525444886338e-01,6.988939562896228086e-01,4.352970892423967397e-01,1.978612710964263166e-01,6.508857969643794261e-01,9.071985016256864931e-01,7.462634508291149382e-01,5.989001618516429648e-01,9.548711905703759495e-01,2.314256282529824627e-01,5.221860611953130782e-01,8.089331967971367110e-01,5.897564668206292660e-02,5.149332844719194391e-01,4.316446676290920381e-01,5.288541649074396389e-01,6.449662056904348351e-01,7.304872476739243670e-01,7.260021416707804764e-01,7.291325199490817921e-01,-1.788578728644371618e-01,4.430343188621344019e-01,2.079425853902818200e-01,9.624782557612138190e-01,8.189117862992445485e-01,4.936989916730432637e-01,7.225247013511344463e-01,8.734802282599694045e-01,1.005859423701783717e-01,2.266629625687693328e-01,9.971864618944766834e-01,6.236999293713395565e-01,6.962947952196054668e-01,7.423331587574493184e-01,7.107592014910706357e-01,2.283581602312697578e-01,5.337147009434993761e-01,6.745576547704372761e-01,5.893182839319349720e-01,8.947803958721640694e-01,9.475833623202786216e-01,6.765315403983511722e-01,1.540704820015669774e-01,3.710818663342316248e-01,5.264742811608096318e-01,2.496469462642400827e-01,6.431159636104186728e-01,9.260476294861074154e-01,9.782079186871889265e-01,8.109307389539780475e-01,3.607001315534306141e-01,2.112959172417848697e-01,3.842735534372273554e-01,6.488425121475052126e-01,3.686770212819214798e-01,7.221184842786811942e-01,4.418122198637313702e-01,9.605579017109594497e-02,7.145687307213617612e-02,7.437700000755468333e-01,5.143376705834246110e-01,7.724584150427697971e-01,8.251411921009261796e-01,2.693890075098904213e-01,6.460713305945322560e-01,2.690608701793729129e-01,8.859095044344762471e-01,8.119563609565580986e-01,5.597660912922329812e-01,7.831953069524413280e-01
9.171036126040571501e-01,9.274921064580748942e-01,5.336307782061325833e-01,9.305113788848393686e-01,4.384325262994313022e-01,7.606586012570699662e-01,2.029889645100907414e-01,6.375836753787197386e-01,7.053561587008188027e-01,6.387020859177229282e-01,4.940196181163692413e-01,6.249240969500535758e-01,9.475913597536559374e-01,2.375973803217172053e-01,4.468737525444886338e-01,0.000000000000000000e+00,7.732696898675901487e-01,8.374321766575709702e-02,1.475133375313109896e-01,6.731395565459142860e-01,6.953057878254124136e-01,4.283443972710175296e-01,8.921053906880971329e-01,8.163550828617888167e-01,7.338653721940862074e-01,9.279766128347055609e-01,7.095917508826119491e-01,1.301722405144679351e-01,2.605706933120211510e-01,5.430961002044520924e-01,2.590081938339560130e-01,7.387089116599642180e-01,2.137314370371832806e-01,5.541587240314598262e-01,4.683314756359440723e-01,1.479663960521313271e-01,5.727940344612919565e-01,6.207825570472164101e-01,9.320176355779510313e-01,9.417515124701304474e-01,2.642362166276393531e-01,6.317361769918420356e-01,7.647020093007950159e-01,4.183760330921813542e-01,8.133858868911756357e-01,6.123396869308789237e-01,7.300558237570144993e-01,7.011877647884016129e-01,3.422906126230453316e-01,4.446996109283556375e-01,6.692480426879386934e-01,4.179894610535610511e-01,8.160750314101942182e-01,3.822821291383272646e-01,7.174160096248654028e-01,4.578835747062035000e-01,7.503993087183781219e-01,8.514531267349623178e-01,5.815247373831035071e-01,7.532941591498504286e-01,5.264187438960922227e-01,7.761583104016418488e-01,8.346598022699515118e-01,8.251432552341968485e-01,8.164589532609722866e-01,3.047878338603065007e-01,6.908426526220450281e-01,8.457315962809199839e-01,4.279727714797990634e-01,5.776317382854128102e-01,6.255964257477566459e-01,5.558436499258984087e-01,7.231852850697305657e-01,4.404112972159833217e-01,4.071187108245734598e-01,8.487987492733983785e-02,7.714845800777636597e-01,2.794847469180704591e-01,6.696278286618507769e-01,3.826924697966230804e-01,3.272214773741893845e-01,9.882488661268762353e-01,8.064137290801204339e-01,-3.327855037947861083e-01,-1.853164288985087449e-02
9.120794464407498969e-01,4.072697961986962989e-01,6.114572389207841852e-01,6.679699061331698662e-01,5.929807824877808553e-01,7.412020903307602326e-01,4.698700643447472625e-01,8.649385995133285210e-01,9.007868837661313632e-01,9.356551551272097589e-01,8.458764567147811775e-01,9.570327365676042364e-01,9.209180585543299546e-01,8.140016140079081586e-01,6.988939562896228086e-01,7.732696898675901487e-01,0.000000000000000000e+00,2.447023495019801931e-01,9.885843864615559973e-01,6.497919913179011075e-01,7.068201696359736053e-01,2.822773602417268379e-01,6.852167815647778326e-01,8.188082181645733870e-01,6.362398039651918635e-01,6.173475312644167712e-01,8.294410203986903873e-01,9.850531342510138177e-02,5.931157789436949379e-01,3.176142156504548897e-01,3.205514936028832501e-02,3.599142356448780111e-01,9.533732431508326055e-01,8.103900548255117409e-01,5.159670283018822357e-01,5.523848073698183203e-01,2.776139270997547426e-01,8.174354932470865309e-01,9.328368005858984624e-01,7.899983580703304753e-01,3.570942234791972258e-01,6.466199603558676623e-01,7.166576397995541026e-01,9.888256021940995399e-01,9.776354483589920763e-01,9.283169977372005555e-01,7.127322349210658547e-01,2.631651676900567116e-01,9.355445985781515317e-01,8.807532979226271319e-01,6.464217079697995860e-01,6.259090159335021220e-01,7.787391653543166425e-01,6.050487573378007244e-01,4.762910692554632175e-01,7.470561869568335123e-01,1.016424631542022228e-01,5.668006260610255476e-01,8.474952756843938673e-01,2.055387461233742219e-01,2.659221102002816695e-01,6.857909361367131584e-01,7.002266416714532093e-01,7.080923717696943065e-01,8.896463460664345568e-01,9.129740166289430636e-01,3.821122842195546765e-01,9.432446404947634200e-01,6.914181052173632436e-01,7.921550331656606048e-01,9.414179900245941424e-01,6.671711695669594322e-01,1.088338739320985210e-01,3.725632019522567839e-01,9.140329968187715926e-01,6.159638456101310666e-01,3.651082897755815182e-01,8.843736482227596563e-01,3.428521757472648979e-01,4.771793601325788892e-01,8.521455486858263706e-01,8.025797102180917131e-01,7.218214925220562961e-01,3.604151450564938713e-02,4.852490434635200467e-01
7.556611064405205358e-01,8.125624681266419014e-01,6.071355099499694541e-01,6.774321115665978832e-01,5.788105048550453713e-01,6.633895185486814450e-01,7.901811377022843752e-01,2.623033011925606228e-01,7.097638694356790401e-01,5.836121813773607059e-01,4.835112938350287770e-01,4.801856780323547347e-01,3.852344696869252627e-01,8.659158079181736856e-01,4.352970892423967397e-01,8.374321766575709702e-02,2.447023495019801931e-01,0.000000000000000000e+00,6.076366219546442959e-01,7.462050979318060051e-01,4.831397735433693996e-01,2.651972763912006092e-01,1.927587227096901890e-01,7.885405407124197463e-01,4.955612940177009929e-01,6.144172379399662764e-01,5.940083769230308786e-01,4.005056645715447394e-01,2.819053573786619027e-01,5.177113978303042874e-01,5.389657272971795088e-01,5.897239374623712838e-01,7.367727467429652233e-01,4.928807834900613138e-01,7.951443854173535497e-01,4.269703086579140217e-01,5.416891692209439002e-01,4.557176377489033370e-01,6.767497931447531423e-01,6.751935912142382756e-01,3.976018282184776709e-01,6.897896542053700841e-01,6.602160904843472622e-01,3.719616559466884520e-01,6.887708337607969522e-01,7.232049064698040652e-01,5.060110629096765678e-01,5.756527928869994426e-01,9.065318779873878796e-01,4.074577221679801520e-01,2.696014700463455482e-01,3.137490467417483053e-01,7.619456150228185454e-01,8.971244524111013918e-01,5.810879327422965313e-01,7.993698866253757807e-01,5.444402007566051527e-01,9.050318388060112351e-01,9.011129629740025626e-01,3.888668265383045108e-01,3.014689606606102412e-01,5.950556518153792274e-01,2.425393960394828241e-01,9.721745975389393113e-01,5.827750820519956854e-01,6.582273104960112420e-01,5.009082881631740092e-01,8.192644054365882944e-01,7.434650968647980029e-01,4.852796238676271856e-01,2.391033060675244459e-01,7.795889788129432008e-01,6.756782712147256786e-01,2.953042648336258180e-01,9.996164983407729299e-02,3.063775660280790292e-01,5.769447008152858158e-01,4.939429120475196111e-01,2.711654412376045542e-01,6.020190817545865297e-02,5.878155706259584612e-01,6.617827170467578402e-01,9.181595384608034482e-01,3.988230525926782510e-01,6.786704579678743965e-01
