0.000000000000000000e+00,3.791463874624035335e-01,9.972669812659787913e-01,1.690671445507384574e-01,6.705760019845334874e-01,6.765980915451323963e-01,9.397297725133657575e-01,7.410732390952907700e-01,9.149717793238477670e-01,4.663029856828232456e-01,6.174267266690701694e-01,9.073145259127886053e-01,9.235158648279535587e-01,7.280941659779088804e-01,7.019084995379782921e-01,6.107117116235548648e-01,8.432768657988598537e-01,8.817215099492570207e-01,5.450182952983957385e-01,7.891224855772831503e-01,6.489684420832424472e-01,7.242860603460699043e-01,7.351792737706561720e-01,4.619596440848858232e-01,7.490574353909299488e-01,6.473861620242357118e-01,8.704816014522681611e-01,9.722737036125468357e-01,4.116877505491929323e-01,6.133961418394451304e-01,5.267020215243698456e-01,4.484836459195412628e-01,4.138649983588276182e-01,6.459386419655844813e-01,6.339421322422569283e-01,4.907288389226019953e-01,3.472648205520774134e-01,8.480503869314527376e-01,7.562153495293458816e-01,9.041125633113618054e-01,4.753210788369542916e-01,1.527358367562279273e-01,3.363759716383755149e-01,3.468839567717695860e-01,3.068514868052252820e-01,6.555173772723887904e-01,7.821948259225520728e-01,5.064759052992922062e-01,9.711139631001652894e-01,7.653823623054032410e-01,4.123191202494978502e-01,8.584363239912836674e-01,9.196097192577992185e-01,9.276118286774377442e-01,9.009637489355283302e-01,8.355212318475665478e-01,8.470613504464032939e-01,6.782374308842119559e-01,4.848381274276905017e-01,3.088046167710225554e-01,5.186598718766655125e-01,6.622727172343813029e-01,6.315235172653593798e-01,8.821715956241129586e-01,7.654353330611644024e-01,6.672647319731371818e-01,9.020695245349371616e-01,6.147248988789585367e-01,7.704666577805047156e-01,6.568892216355773916e-01,9.983809774834369044e-01,5.132725749291495720e-01,2.349771891169730176e-01,2.131735038037716745e-01,6.976923084256130281e-01,7.496656631169701379e-01,6.354268804627148937e-01,8.389720561273552590e-01,2.213481364386282648e-03,5.837641555365647994e-01,7.348112861162996445e-01,4.297327319417231228e-01,4.309381830923396661e-01,1.032847432029511681e-01,6.689585214859501416e-01
3.791463874624035335e-01,0.000000000000000000e+00,9.587085021893391179e-01,4.918909544083459595e-01,9.166329560553380107e-01,2.846107151608726071e-01,3.677484364050123133e-01,7.370825606623150339e-01,5.018190143463669983e-01,4.302008675644595215e-01,6.627287641787418249e-01,3.879823649606093383e-01,9.407384611609767022e-01,2.758279265992827911e-01,6.331694649162558086e-01,2.399974180896131959e-02,4.323922660131658546e-02,8.435274554800289426e-01,9.608915417623892230e-01,9.709596691284699821e-01,8.527821708044329707e-01,6.571173109964030257e-01,2.544909454182339159e-01,8.963088427050772689e-01,4.225061311014729482e-01,-7.977607794205229808e-02,9.123174630855166445e-01,3.578443588568212541e-01,2.796682184051672015e-01,7.118564569601527614e-01,2.530230180676604768e-01,-5.014885537033905716e-02,5.337073045403257776e-01,9.548319739136702511e-01,4.999099164705140264e-01,6.314183227853237268e-01,7.561096862096350346e-01,7.730777198112565030e-01,5.029048612600871548e-01,5.602103477640429929e-01,3.260713327321292376e-01,1.041129198986860960e-01,4.216911698274405373e-01,4.706298114459408488e-01,5.870935006819315571e-01,6.454783529673898679e-01,8.837344205687541754e-01,6.837045908567124242e-01,7.676118394423789848e-01,3.824690148284675684e-01,3.641240875625351148e-01,9.826689112946258853e-02,7.489747952136091014e-01,9.939304434836269131e-01,6.223682935800175509e-01,5.596514148879467854e-01,4.136042116301953953e-01,5.536319600356162107e-01,9.367607198370296873e-01,6.549816242074869566e-01,4.952718081572846098e-01,4.706897553625691843e-01,5.220723936904666518e-01,4.724374988102693629e-01,8.002514241566670572e-01,9.514129790319946212e-01,8.305653410893319988e-01,6.164991702485875802e-01,7.122120909902519559e-01,2.780336643781957107e-01,6.466452079287160482e-01,5.715636370996519666e-01,5.262769253930161817e-01,2.069453859644559690e-01,5.362997822937655146e-01,7.308869990263739957e-01,5.055405177550853502e-01,4.612286388263935333e-01,4.907193719445662045e-02,-1.213107977057922282e-01,7.251434373894923846e-01,7.788080829078416478e-01,5.766357265431237833e-01,4.929804447662383127e-01,4.196526967706736277e-01
9.972669812659787913e-01,9.587085021893391179e-01,0.000000000000000000e+00,7.396860041829654842e-01,2.275334986800933157e-01,7.642054529802163598e-01,4.870282266519244674e-01,6.152938628218795891e-01,6.292633153150025693e-01,5.509659184731320325e-01,8.952164121416753551e-01,8.770614908445809599e-01,9.106332202369378237e-01,6.351594634696918762e-01,6.969700684084139120e-01,8.751903943727410429e-01,5.006084084036293014e-01,7.237869917151116272e-01,8.703547991499582803e-01,6.599561354928037415e-01,8.235467407871213119e-01,8.668843638567387266e-01,6.493196098666285110e-01,8.331382313654933647e-01,9.311376316417577792e-01,9.476813726833971385e-01,7.334681208525311025e-01,4.722093022376914750e-01,4.590952563603611369e-01,-7.747710005902272434e-02,6.471844578843947149e-01,8.080183810165336711e-02,6.658915889978153091e-01,7.715458397324048700e-01,7.992838839376565918e-01,4.950467135757635750e-01,4.747327266859951989e-01,7.809967782493048016e-01,9.529228883236361414e-01,2.391311553569072101e-01,4.929421579435893652e-01,9.843758717306205774e-01,5.605199348868241671e-01,9.977489077717148769e-01,9.102217874775698769e-01,9.886170579582664875e-01,9.793441221895285986e-01,4.773628637702654887e-01,4.724794723614896830e-01,9.542289294744337180e-01,8.243869158444728784e-01,8.773182897796913959e-01,8.799905395766697280e-01,7.837666708358497214e-01,6.600156599183647499e-01,9.605308682946240850e-01,7.186227970688365829e-01,4.252368337012253363e-01,4.831969574810863199e-01,4.751410278704465417e-01,5.835778852893559465e-01,4.688125155164414304e-01,9.105804585277235130e-01,9.734904753446017578e-01,8.042975562239828013e-01,8.785834457573530321e-01,8.379986540448045584e-01,8.564341242018748135e-01,6.636999505036023095e-01,5.984457234778964851e-01,4.035344118509868183e-01,6.015914102349474435e-01,5.721434489538094192e-01,4.307624782162721710e-01,6.997488759187796559e-01,8.709560318973953441e-01,8.794639241717351341e-01,4.200748566794831884e-01,4.096828168110568380e-01,3.556130648547644046e-01,6.771989652120716796e-01,5.950806562999755300e-01,9.683274837237236810e-01,7.515452693717775690e-01,7.713311002949813089e-01
1.690671445507384574e-01,4.918909544083459595e-01,7.396860041829654842e-01,0.000000000000000000e+00,6.474949676209198479e-01,7.535108592583185105e-01,7.353563853625222357e-01,6.254903330151611041e-01,8.336148730971560949e-01,1.493855832456803812e-01,9.259379722630439735e-01,4.506149010489414741e-01,9.305698622562165179e-01,6.017431620831662498e-01,4.169884469865001164e-01,7.731785002475946023e-01,4.872503127372025400e-01,9.111365766582725234e-01,9.065001811049395730e-01,8.872845328340809301e-01,8.652095755558358858e-01,9.046700201367381400e-01,4.091517122909741344e-01,4.217632304308873703e-01,7.678067212568265854e-01,8.064273801876314929e-01,8.797724199934289224e-01,6.728464315382988170e-01,4.304699306697885586e-01,4.528898098847959908e-01,3.822207891988704895e-03,4.251019240362298723e-01,6.681432671106976029e-01,3.600477134312176641e-01,8.341042874692862208e-01,8.115814285035570508e-02,1.989257902093275188e-01,5.080732767249268589e-01,2.783837465105667430e-01,2.068409955837166025e-01,-2.985297633800574335e-01,3.015515565883418736e-01,5.430076710641322801e-01,7.636795564471693387e-01,5.942510895253947378e-01,7.676809388038214887e-01,4.855290691198814179e-01,9.805953673224183653e-01,5.827813930436845924e-01,7.559612848244712247e-01,4.836223155439223209e-01,6.498502156879369940e-01,4.559852320630012890e-01,9.315426678304962183e-01,7.634421050426922761e-01,9.341595161293014815e-01,7.149249150556279409e-01,7.554821176630268642e-01,7.143721138996684816e-01,5.084442052452659011e-01,6.082445225116063225e-01,5.661367060950236452e-01,5.670477164994198738e-01,9.440480619551252506e-01,9.498916400456107745e-01,7.089451430647331076e-01,6.405588940355226857e-01,6.119098000098205370e-01,6.439376783530831316e-01,4.573578968301044712e-01,4.712405291029622134e-01,4.804508045417342221e-01,3.070394823670033468e-01,6.058027841951834080e-01,9.856760628129291879e-01,7.775253082048050324e-01,7.891529147536734401e-01,2.225025091451105202e-03,3.813339326057344492e-01,5.363636310448829381e-01,6.570760906417474345e-01,9.927557319997737384e-01,5.348759744458650989e-01,5.351814099636498234e-01,6.477463862975686437e-01
6.705760019845334874e-01,9.166329560553380107e-01,2.275334986800933157e-01,6.474949676209198479e-01,0.000000000000000000e+00,7.159830678717739039e-01,4.249344545178974086e-01,7.470773821263090309e-01,-1.614888817170501700e-01,8.813065307323735276e-01,9.399479226085980521e-01,4.658850405843094622e-01,9.377355201038509724e-01,7.396699722705883939e-01,6.417110722416125013e-01,8.340009347439685250e-01,7.062417924556095850e-01,7.986535545539794612e-01,4.043163350413185309e-01,5.577012152421225721e-01,4.389554496060189548e-01,8.999630073295821209e-01,9.007231996237581306e-01,6.899417605163580269e-01,5.632069641742361021e-01,6.678612548783806613e-01,9.925536388782457697e-01,7.268674890620651086e-01,5.324587012985724233e-01,5.592767839186426615e-01,2.818061417590426165e-01,4.047674241056296029e-01,7.848307943838699341e-01,4.426203487616182652e-01,8.194995662747598386e-01,6.305606140522392877e-01,1.055406178515599092e-01,-7.857043470889241155e-02,9.361068334216519071e-01,6.578606860797754363e-01,7.117366018013204787e-01,6.201799069688123112e-01,4.160620112272038207e-01,4.075517475564277570e-01,4.742047431171039773e-01,7.179268400249168014e-01,8.374288988359273045e-01,7.440833553442226522e-01,3.262949520476616239e-01,4.451961803780651872e-01,2.057461547699151738e-01,6.392962992697922564e-01,7.637803621879543092e-01,9.719120152609751484e-01,6.355677151493678290e-01,4.023373465591130738e-01,2.017313779859848943e-01,8.283928140740735024e-01,8.410201370336929383e-01,3.969581382563425187e-01,5.833109822245246406e-02,3.977929049556274688e-01,5.103633397831036644e-01,5.136687868880187580e-01,6.347563943291596456e-01,3.697622086364698024e-01,7.724880584674659323e-01,9.602952111294390525e-01,2.576084559564946197e-01,7.592821997773017140e-01,1.008330216398839047e-01,7.632891323923143290e-01,4.039034277288858776e-01,5.049164147266059777e-01,4.411002016999536757e-01,6.042937896435292000e-01,8.560835015821072203e-01,4.857443714703891802e-01,7.322906147808988520e-01,3.749113333419067801e-02,4.275821510813730963e-01,4.528475973056320103e-01,6.014665203552477246e-01,6.012916956042366756e-01,9.985027841212522626e-01
6.765980915451323963e-01,2.846107151608726071e-01,7.642054529802163598e-01,7.535108592583185105e-01,7.159830678717739039e-01,0.000000000000000000e+00,5.709695016640006227e-01,3.566602009185038114e-01,6.779742883516245433e-01,4.703327372340614931e-01,6.309154553441603808e-01,4.289318130520799466e-01,7.728828331371330185e-01,6.859843345822342897e-01,7.824909599957627915e-01,3.221723334422033069e-01,9.805756559427510899e-01,9.086803936166789608e-01,8.077617913815736683e-01,9.811636237519463233e-01,9.096037611577820758e-01,4.680438295080564526e-01,4.379823802573581948e-01,8.118883299853916213e-01,-1.494003358537515924e-01,3.262851640757127303e-01,5.016380254209542588e-01,5.630611177595679084e-01,2.837728787753486248e-01,3.842426937472570581e-01,5.411481473818506860e-01,4.498760989302048041e-01,9.226995380790616874e-01,7.234188901045981446e-01,6.880429154907229394e-01,3.323025024650516634e-01,7.492621393720950707e-01,3.567174741126470927e-01,5.189916378640088146e-01,4.429629380289291096e-01,8.130091794963012486e-02,9.203222517041730333e-01,8.895204255348865274e-01,9.434958015896338646e-01,7.571039334203382154e-01,6.742037652138926918e-01,8.824175476611808566e-01,7.531949720436577067e-01,7.828021611825021209e-01,4.561026614975633442e-01,5.276430462976220426e-01,9.634065233477533408e-01,7.878169340806573384e-01,4.255470863476085719e-01,7.377561793250171363e-01,6.123222124692178081e-01,5.286818406165431083e-01,2.987840128643247661e-01,5.948614153339983890e-01,4.226353980037074465e-02,2.849644924481020136e-01,3.544137688073196735e-01,9.995502952379804462e-01,8.293844548649115245e-01,7.950306192527178961e-01,-3.658279810028450263e-02,7.665703779316033195e-01,7.533718248116422211e-01,2.462946205854424364e-01,8.441259775739397009e-01,9.110806189612813411e-01,7.910416760004792547e-01,7.379602430608556141e-01,5.349384160598180671e-01,7.173232551340826824e-01,8.172792621930785595e-01,5.737811138551062173e-01,6.647115580393201384e-01,3.427191018976569747e-01,4.017411424176715040e-01,7.139633579165327593e-01,3.830553268785897858e-01,5.283963697180974473e-01,4.379659692396584703e-01,7.526040206075256256e-01
9.397297725133657575e-01,3.677484364050123133e-01,4.870282266519244674e-01,7.353563853625222357e-01,4.249344545178974086e-01,5.709695016640006227e-01,0.000000000000000000e+00,5.038314039891993446e-01,3.523999165977013126e-01,-7.353998681560014461e-02,4.185414998943040588e-01,3.060876118167359383e-01,6.524226159809776160e-01,5.304241860644411943e-01,3.747977083490079409e-01,6.904783067766601112e-01,6.552455644944512603e-01,4.209080233583576414e-01,5.812662859098546297e-01,3.543728925134824737e-01,6.355884299300862406e-01,5.502341693994733385e-01,5.014743160719893345e-01,9.186596162814189004e-01,6.781701895738090347e-01,6.262456205104017792e-01,6.827558043069509308e-01,3.045571320477113431e-01,3.328675380871182199e-01,4.202276903333225788e-01,9.899918445082347973e-02,5.115136640760383768e-01,4.514062219203948123e-01,9.185806830791048982e-02,5.398691812034634996e-01,4.750718540433337411e-01,3.486787721000573770e-01,-5.137802208238895219e-03,2.870986187475505491e-01,5.089800991345102554e-01,2.814198972809961452e-01,6.899643298319655393e-01,6.319186782322601115e-01,7.901285761063563395e-01,2.933957942812591146e-01,5.794730771205262032e-01,5.022448463637951832e-01,7.228041720883415788e-01,5.975682036473672909e-01,2.778757260218286396e-01,5.193778034088728512e-01,4.644593583405098869e-01,6.524404680849931193e-01,5.680124549659180122e-01,3.825317720118103226e-01,8.389676744955043564e-01,-1.943672673805171836e-01,7.871500817710953557e-01,4.155010488871421215e-01,3.731531525179969666e-01,2.078447070378804939e-01,6.272172345281533667e-01,2.314685107909416062e-01,8.581861624992539461e-01,5.605291696017481451e-01,5.391188888470659357e-01,5.587934454552705432e-01,5.095037116059816240e-01,7.558385506476448246e-01,2.800618327912747230e-01,3.688779261814678634e-01,4.535396119572987494e-01,-6.229251360748958022e-02,2.648159697106057253e-01,6.238678290934027704e-01,4.321148651557392695e-01,4.471249461987673590e-01,4.417265089194586936e-01,7.440851222185167479e-01,5.810109330095970526e-01,1.482014274054213078e-02,4.825103426620679925e-01,6.692917374000603159e-01,2.303875693447826334e-01,4.459722623866608782e-01
7.410732390952907700e-01,7.370825606623150339e-01,6.152938628218795891e-01,6.254903330151611041e-01,7.470773821263090309e-01,3.566602009185038114e-01,5.038314039891993446e-01,0.000000000000000000e+00,7.029907490422808714e-01,-1.484687832473582103e-01,2.153372299681680646e-01,2.332762919043372685e-01,2.230051153250387219e-01,6.914716472575048734e-01,5.737151978924497353e-01,4.964398604792448211e-01,2.815454592340105311e-02,7.374300030740074119e-01,8.169761849394947817e-02,6.789392050907638865e-01,2.404714439651946534e-01,5.164984371228218407e-01,-1.864328836701335812e-01,9.099196645495322144e-01,3.924965523517426336e-01,7.887406089924049457e-01,1.465688042635321375e-01,4.552609982005985101e-01,2.349447056661465860e-01,2.853720377048119539e-01,8.888301085467120721e-02,4.342759845779207151e-01,7.056989057215364847e-01,6.963171820607326756e-01,1.761817096226238055e-01,2.354025334446651074e-01,1.653526857245021242e-01,4.110420626151838897e-01,8.401062805318626481e-01,6.062498354699294989e-01,4.226160094552896540e-01,4.510949646955461634e-01,7.309817851506850150e-01,6.977784266977336003e-01,8.353785983347922217e-01,5.739405446716439041e-01,8.178461982844885680e-01,2.569323494539441644e-01,6.675792048047262117e-01,4.224007094636131887e-01,5.195558961716759683e-01,6.942520723392718862e-01,6.996593174044372088e-01,7.997882608179074371e-01,8.659866954505477388e-01,7.372694786785354282e-01,4.683564383857743429e-01,1.817642252650935875e-01,9.005704247267030116e-01,9.622756300498213067e-01,4.482499363450779817e-01,3.465892930090280766e-01,4.730825460749376044e-01,7.863949952431633639e-01,6.910984588543674922e-01,5.276439404656479981e-01,7.375020846216995274e-01,8.809654004121465487e-01,6.390033880535619382e-01,2.928010712673694282e-01,4.961853348721172452e-01,4.394832745929175832e-01,6.616980739078488494e-01,4.223700006188713663e-01,6.044778118969176273e-01,5.405650269301174315e-01,6.694401946766880274e-01,7.293849391109068492e-01,4.814257430714734554e-01,7.215712025358433923e-01,5.334296892411718449e-01,5.411803463157939253e-01,3.788269669564717224e-01,3.092393610890203925e-01,6.444096618099581786e-01
9.149717793238477670e-01,5.018190143463669983e-01,6.292633153150025693e-01,8.336148730971560949e-01,-1.614888817170501700e-01,6.779742883516245433e-01,3.523999165977013126e-01,7.029907490422808714e-01,0.000000000000000000e+00,1.037624452413725765e-02,6.153220286072169642e-01,6.448230159495669245e-01,7.663340225291516150e-01,5.053761967197187843e-01,6.187327205752480852e-01,4.285918973309830182e-01,2.427620577195838125e-01,6.688840915637751516e-01,1.812718579707916222e-01,7.237073355959929843e-01,7.951310418047752293e-01,5.586933105498375074e-01,6.918175762817213581e-01,9.990804903421771632e-01,2.691918393430052792e-01,7.693459745399048311e-01,4.230877056205752385e-01,4.584578577366033580e-01,2.977574833587626202e-01,3.493265269448337929e-01,4.686513621546182229e-01,2.269865210968957103e-01,6.633628573531707984e-01,3.125444401950950857e-01,5.136238521085670916e-01,5.788347782353142623e-01,5.322576376339169801e-01,2.557656361715002769e-01,9.531096280576607516e-01,6.811497694207220288e-01,6.292799435378719497e-02,6.845990950902900440e-01,6.236399778062459154e-01,5.769983637794029452e-01,8.977473980517356456e-01,6.530799461909322368e-01,5.045577305414625791e-01,4.763643182235160478e-01,7.530005949007412269e-01,2.682383197299322841e-01,8.574450270578229949e-01,9.047319496040587827e-01,9.624218365332096736e-01,6.210378860681574631e-01,4.036107875081983432e-01,7.952913002312015367e-01,5.597262833920091385e-01,7.851279554327810217e-01,8.571546478391657287e-01,2.377036347370287128e-02,4.974021909211443493e-01,9.689189867245441290e-01,6.169760410700658726e-01,8.016715735470774096e-01,6.228480998205475627e-01,2.392315989146017452e-01,5.983722901791275195e-01,4.149311693889422004e-01,2.801680369783625668e-01,7.704950595041264449e-01,8.307880992522836960e-01,1.030554550533805402e-01,2.502066317885487945e-01,3.549735182255209232e-01,6.680850912582162460e-01,6.551311364538283666e-01,7.237675064958871696e-01,4.304813267085505490e-01,6.306899788369019211e-01,1.160675276437577869e-01,5.583510760142795792e-01,9.416121967396683390e-01,6.284035799551130896e-01,2.322831210801703516e-01,7.863276482559826697e-01
4.663029856828232456e-01,4.302008675644595215e-01,5.509659184731320325e-01,1.493855832456803812e-01,8.813065307323735276e-01,4.703327372340614931e-01,-7.353998681560014461e-02,-1.484687832473582103e-01,1.037624452413725765e-02,0.000000000000000000e+00,4.517386317965514930e-01,6.395910027319579028e-01,6.416617470915876309e-01,4.058851042247095808e-01,7.704277911047845429e-01,4.324206001667868504e-01,8.844459034461544800e-01,8.223580732876126786e-01,7.386636549344308689e-01,9.966522552331017470e-01,4.951438577691282816e-01,6.417523779539014983e-01,7.566476544660161521e-03,6.459266885260089852e-01,3.198083492693694629e-01,5.073883634861504621e-01,9.127108890394272089e-01,3.767777779147839512e-01,6.902526680135622206e-01,-3.360918094347356000e-01,8.240995835104232559e-02,4.995990924488292184e-01,7.609556626512969935e-01,5.412193385252385136e-01,6.278171184950095407e-01,1.241183409567838958e-01,7.558057202873780245e-01,6.849178902984983663e-01,4.893513443277510699e-01,1.888363622803759523e-01,3.127679642025389672e-02,2.462038901794814105e-01,2.245902618385924379e-02,2.835189568535971816e-01,7.398376285973122801e-01,6.569959149419944966e-01,6.754294853090894168e-01,5.062755610152285257e-01,6.102930120459691965e-01,4.775195675582831756e-01,4.042873057704208239e-01,2.300923991241498878e-01,7.365194170483121416e-01,6.260192746711655820e-01,5.348349835893126958e-01,4.727358992708968755e-01,6.131921777823842179e-01,8.742358056454534454e-01,7.333516521734854132e-01,5.764354012766317314e-01,2.795915488300501073e-01,6.062678037251894025e-01,5.297984792328910286e-01,6.518028985726810332e-01,7.076384788542369186e-01,-5.473290111374401468e-01,6.326728509191040795e-01,9.924313373073184730e-01,7.937968007673079640e-01,7.535647880871708670e-01,6.560114039627596982e-01,6.733416327245178579e-01,4.322812950035150870e-01,4.666146669920486767e-01,5.322545183098744692e-01,5.674549007382134747e-01,7.651441893868080601e-01,3.595327620963524873e-01,4.499481553386539684e-02,3.568987672634423847e-01,7.132454280654103307e-02,5.025321965499174315e-01,6.370256231306565819e-01,5.670047954912806887e-01,8.107474138716500578e-01
6.174267266690701694e-01,6.627287641787418249e-01,8.952164121416753551e-01,9.259379722630439735e-01,9.399479226085980521e-01,6.309154553441603808e-01,4.185414998943040588e-01,2.153372299681680646e-01,6.153220286072169642e-01,4.517386317965514930e-01,0.000000000000000000e+00,6.682389782759954322e-01,7.926096729388195650e-01,9.599398535704612989e-01,6.590745701113283062e-01,6.906942610367922120e-01,8.175828628542183285e-01,4.007858723588866856e-01,4.925702798206393895e-01,7.162823018918798024e-01,7.035687829579057029e-01,7.237654434894968958e-01,2.295246310176690396e-01,7.957085288406370305e-01,2.015880439179263406e-01,6.341452411495113184e-01,6.047679587325711648e-01,3.492196147110008808e-01,6.002207613995975688e-01,5.819712413700204312e-01,2.464654730786628167e-01,5.083615310812155119e-01,9.561774744603358522e-01,3.789944548380212996e-01,9.315025806034623601e-01,7.896988605222011737e-01,3.009579175043539667e-01,4.032026757491500857e-01,1.723779827874957205e-01,6.508882932536920185e-01,-1.706563435387775107e-01,7.852014152254204182e-01,7.379583519814840731e-01,7.709773820491516716e-01,8.071271388351562992e-01,9.437012235608227551e-01,5.219007458880099426e-01,5.013122821494062631e-01,5.546730046009269444e-01,-7.981141859446365394e-02,2.393592735475900402e-01,4.503174583173661372e-01,6.458331376738433161e-01,4.762592065193096413e-01,8.013056321646045976e-01,4.274846725100504008e-01,6.937674265792901362e-01,5.761978825454318054e-01,9.497122102740347405e-01,-1.575636446327358386e-01,4.357076527070280481e-01,4.176785737261670128e-01,8.620642181070061749e-01,6.209373467158563198e-01,8.500316233948846945e-01,7.330592576290073659e-01,7.890328312566914359e-01,9.083640272920657788e-01,7.044620296727132081e-01,7.883831903934521712e-01,7.850806230505841254e-01,7.052073466566199933e-01,4.051547830326832633e-01,6.332534243077020397e-01,3.860407689750260385e-01,7.307822976057736231e-01,9.198369714374498018e-01,5.122215765456749059e-01,3.072124920475256538e-01,5.345624275614816456e-01,6.740664583902771234e-01,9.633156568138901976e-01,3.103871239432084428e-01,-1.723918503779510725e-01,4.943969134833344214e-01
9.073145259127886053e-01,3.879823649606093383e-01,8.770614908445809599e-01,4.506149010489414741e-01,4.658850405843094622e-01,4.289318130520799466e-01,3.060876118167359383e-01,2.332762919043372685e-01,6.448230159495669245e-01,6.395910027319579028e-01,6.682389782759954322e-01,0.000000000000000000e+00,4.612211581470103683e-01,8.503258110843356921e-01,7.427693734771420031e-01,9.854275863090445897e-01,8.983883476898701925e-01,5.269404836287741034e-01,2.307492632940502664e-01,7.120291414868946678e-01,8.397664749163297193e-01,2.828815315134531883e-01,4.472126513813274862e-01,9.866554762547189439e-01,6.898184244972932477e-01,2.023423506438136732e-01,8.951615425757804001e-01,9.965953279367196771e-01,5.642639129590094615e-01,2.829873666308787561e-01,2.864880049024277620e-01,6.397456948798295739e-01,6.091599517287222820e-01,4.418247579933109459e-01,9.075542049047548021e-01,5.855880177643585371e-01,5.497161667153493969e-01,5.250548139948845172e-01,6.994082309779456885e-01,4.511084007733666690e-01,4.228275294674805895e-01,9.699866381521612402e-01,6.208033493361380106e-01,2.013689650102444273e-01,-1.096669828240404293e-01,6.727539487757097092e-01,5.198096413513949576e-01,5.471261127407374136e-01,8.325029547463687063e-01,4.797095085098433964e-01,6.344785743470293671e-01,4.435203487486871765e-01,4.116283725708503871e-01,5.763418451274582299e-01,5.618742916579676505e-01,6.320357169511949813e-01,6.299841097789492528e-01,8.106055314717205418e-01,5.383282499580197555e-01,4.569602134700770368e-01,7.684435356837129305e-01,4.476785216122342037e-01,4.486862938715746041e-01,8.253827968294574768e-01,6.093389294114345267e-01,7.273882742786704769e-01,6.328007879979586914e-01,6.601193709984817248e-01,4.492080689751286604e-01,2.794486104584315567e-01,6.551402435649487099e-01,3.508158586888704411e-01,4.976351052346904003e-01,7.278930209236431637e-01,2.798788493726837023e-01,7.515480395209084286e-01,3.536773525630383386e-01,6.536504725045579889e-01,6.221871526633999672e-01,2.733159674283686114e-01,2.851310251236560678e-01,7.348391634761692881e-01,7.811737810357177736e-01,3.138238522957549348e-01,8.485907209364411674e-01
9.235158648279535587e-01,9.407384611609767022e-01,9.106332202369378237e-01,9.305698622562165179e-01,9.377355201038509724e-01,7.728828331371330185e-01,6.524226159809776160e-01,2.230051153250387219e-01,7.663340225291516150e-01,6.416617470915876309e-01,7.926096729388195650e-01,4.612211581470103683e-01,0.000000000000000000e+00,9.517852246997615673e-01,6.971820293335319052e-01,6.891591043015889984e-01,9.240385109844203582e-01,6.307702554094301028e-01,9.693765624731511821e-01,6.826882860603009640e-01,9.091446407219737624e-01,7.996305877160987396e-01,6.524854056274882463e-01,4.105256609307737503e-01,6.425374989316879892e-01,7.795389864179462780e-01,8.503972977280654932e-01,4.621166112622702715e-01,7.718755323117909573e-01,3.846681753952720384e-01,5.393267858505398360e-01,3.458455599493953647e-01,8.578963856135524146e-01,5.343627230337388845e-01,5.551863386834541281e-01,5.782549029641556038e-01,3.027922284254743190e-01,9.503549064531293666e-01,7.432651302270797400e-01,9.240049983698547242e-01,6.782789363168961749e-01,7.285286227178338070e-01,8.329750689999059210e-01,6.177039401584671907e-01,8.670021191849754949e-01,8.893645868334042470e-01,5.206539463811885593e-01,4.195632378338083335e-01,8.502906662077941435e-01,5.790947681921463364e-01,6.401294722214964095e-01,2.973462274352359769e-01,9.601708494153202711e-01,9.008739180738811747e-02,5.227983589718134816e-01,9.438444455774853692e-01,4.920477069422307115e-01,5.458312251700403461e-01,4.151517064226923903e-01,5.468499718636077311e-01,4.694349386175932226e-01,6.228021992904370085e-01,6.345843420562482518e-01,7.048179515055523758e-01,5.689284103376019974e-01,6.413009500224868820e-01,7.328104263715988775e-01,8.278672809488499817e-01,6.512294896868213723e-01,8.738851015988908788e-01,2.013520307233906681e-01,5.334854469525949217e-01,7.312910346505821502e-02,2.030116198145866802e-01,3.290870085041253112e-01,8.765462358601923132e-01,4.467261444899577882e-01,4.198406638001053182e-01,2.281245617173452145e-01,2.961198205749112078e-01,7.972379318555005145e-01,8.956716606704034911e-01,5.244882205515942752e-01,5.578912834700858747e-01,8.082799495947196045e-01
7.280941659779088804e-01,2.758279265992827911e-01,6.351594634696918762e-01,6.017431620831662498e-01,7.396699722705883939e-01,6.859843345822342897e-01,5.304241860644411943e-01,6.914716472575048734e-01,5.053761967197187843e-01,4.058851042247095808e-01,9.599398535704612989e-01,8.503258110843356921e-01,9.517852246997615673e-01,0.000000000000000000e+00,6.868366501965791349e-01,7.430140398086251263e-01,8.172439541164431276e-01,2.520834407916736075e-01,6.307502771177787571e-01,9.926582831262367179e-01,9.974186577923800368e-01,8.252211066707273446e-01,4.800895698368119469e-01,9.591946178323259575e-01,7.999716242308185787e-01,6.865040700483556746e-01,4.481325135654027347e-01,9.271776594446302644e-01,2.663942027114444278e-01,5.631358217464260685e-01,4.994931950394339015e-01,7.653332295608281655e-01,7.857400169759785058e-01,8.897176249784053415e-01,8.550636614645411582e-01,-1.138448478949625337e-01,1.006556338402766065e-01,1.471355809977509255e-01,8.201096210443270529e-01,9.684502446316365365e-01,5.605365550306657951e-01,8.329260787341474792e-01,7.456300644055310345e-01,5.418721115684023149e-01,9.362728500794977871e-01,8.473110010736867315e-01,6.430661639568194810e-01,4.086669192704359688e-01,1.672404553289577323e-01,6.165299373911421466e-01,2.498721098095710857e-01,8.932485519021720055e-01,9.097536249063281621e-02,6.450626291227951059e-01,7.088966680384780616e-01,5.989644469516960390e-01,2.827385753398035662e-01,5.922176756676336140e-01,7.778810956769608431e-01,3.197534559911325847e-01,7.037439518208645772e-01,5.927302510502053812e-01,7.632553349978419277e-01,7.398686217482511873e-01,7.866693460818645622e-01,8.828654997388561965e-01,6.169797229477073097e-01,4.370490007417853762e-01,-1.011618663171956339e-01,6.735272147940677412e-01,7.994089135356474696e-01,5.236630456108239962e-01,2.911480719507706511e-02,5.479910820467575050e-01,-1.569319291725921051e-01,7.012148752665122720e-01,9.273272684920524922e-01,5.156065953154650439e-01,5.504943902557981605e-01,5.420042119721240059e-01,8.813244055298424806e-01,7.555001760968979019e-01,8.918469255840519860e-01,7.004751890757509036e-01,4.406075320446693477e-01
7.019084995379782921e-01,6.331694649162558086e-01,6.969700684084139120e-01,4.169884469865001164e-01,6.417110722416125013e-01,7.824909599957627915e-01,3.747977083490079409e-01,5.737151978924497353e-01,6.187327205752480852e-01,7.704277911047845429e-01,6.590745701113283062e-01,7.427693734771420031e-01,6.971820293335319052e-01,6.868366501965791349e-01,0.000000000000000000e+00,4.013002590233836209e-01,9.735742429360598749e-01,7.488568571154098352e-01,3.046730342804868097e-01,2.774593088258984208e-01,8.218561255370224750e-01,3.523789799541827139e-01,6.841689831153793255e-01,4.331694251883866920e-01,9.567428494168088715e-01,5.431384639912124612e-01,2.492076267528668121e-01,7.670647696199021093e-01,5.282540322193031157e-01,3.841132334629363543e-01,3.988767082079335835e-01,2.220009662212685253e-01,7.589324238909984643e-01,3.330299778757460083e-01,4.124964897409161280e-01,5.039303461767492553e-01,3.956940655465254197e-01,5.190987543013668715e-01,6.069460964847062101e-01,7.816459082575438755e-01,7.257865100336317044e-01,2.019801593381558291e-01,6.876573276522848222e-01,4.466196089901760535e-01,9.365068403183014478e-01,2.639795872932100274e-01,4.483396139817475423e-01,2.106603117925078539e-01,4.786799358771428037e-01,9.927118823393601410e-01,4.455098443816819520e-01,2.070739493784008456e-01,7.777333845096312537e-01,7.428742662439848932e-01,6.408151805249192590e-01,9.808520037274172099e-01,7.629978957725691568e-01,8.282484327962496007e-01,6.789807257089682802e-01,5.444729649567380259e-01,4.596947671641798960e-01,9.480738985438225130e-01,7.020921020432152604e-01,6.399294232434608043e-01,8.619242554652567501e-01,6.406194090932912921e-01,5.263685738126810953e-01,9.134042543751250687e-01,7.849349841471390254e-01,7.482025647295862392e-01,7.752727157954419912e-01,7.441350261998003202e-01,4.773067280428935910e-01,5.494679014064438594e-01,4.493488340512139523e-01,1.498260270090130131e-01,9.338097083240108898e-01,3.101316020677502561e-02,2.911732253724569897e-01,3.778709136430666859e-01,1.770520698308843122e-01,8.135870258093726992e-01,6.557945561667628542e-01,3.973425942369271935e-01,5.810970570509184085e-01
6.107117116235548648e-01,2.399974180896131959e-02,8.751903943727410429e-01,7.731785002475946023e-01,8.340009347439685250e-01,3.221723334422033069e-01,6.904783067766601112e-01,4.964398604792448211e-01,4.285918973309830182e-01,4.324206001667868504e-01,6.906942610367922120e-01,9.854275863090445897e-01,6.891591043015889984e-01,7.430140398086251263e-01,4.013002590233836209e-01,0.000000000000000000e+00,4.907109668250034251e-01,4.166662716217473528e-01,7.537415814932548752e-01,6.755863562285939761e-01,9.986496148142489648e-01,8.414418383738092588e-01,7.849015922371587184e-01,7.631451450062760600e-01,7.384300724977668207e-01,4.326286895486293749e-01,7.107099268157148764e-01,6.577102132908947407e-01,9.476000625166096647e-01,2.753554519153667002e-01,5.280391932192423504e-02,5.396513409699850161e-01,8.106509029068786898e-02,7.719229175196999915e-01,6.509175262297438591e-01,7.118406907425032237e-01,5.148586585247985070e-01,5.929114365905874262e-01,7.237152944087791306e-01,7.347907091127792167e-01,3.987732323525805533e-01,6.746261884493223171e-01,7.826073574590957094e-01,6.885235146476507140e-01,5.335953687888179697e-01,6.168928617417274163e-01,8.496150975580477605e-01,7.670210079355301858e-01,4.248500767816119628e-01,7.978497232209180723e-01,2.514188612801157574e-01,9.638177256879590926e-01,5.188748925068434881e-01,7.890119269888533626e-01,4.929057949201980926e-01,5.418137579080485322e-01,6.457273069290131451e-01,-2.611770539857516393e-02,5.009210508411751084e-01,9.344091798394596471e-02,4.307178149877156637e-01,7.454517431724992926e-01,8.991106062811787814e-01,9.078596133863482409e-01,7.867119018624582072e-01,2.283632241691175291e-01,3.966733473732992898e-01,8.517284529170524587e-01,5.263251639612249733e-01,7.971355606829462204e-01,3.763077440682214281e-01,-7.903621496080323605e-02,3.350856409388158763e-01,2.141654191874914626e-01,3.259507782347472737e-01,1.838174160877895091e-01,6.343264562629001846e-01,5.642176151334062917e-01,5.682444651677303060e-01,5.742449219322340870e-01,1.391860609585518493e-01,7.305462432418130536e-01,7.678000761519624406e-01,4.217648905556736216e-01,2.228576877541920687e-01
8.432768657988598537e-01,4.323922660131658546e-02,5.006084084036293014e-01,4.872503127372025400e-01,7.062417924556095850e-01,9.805756559427510899e-01,6.552455644944512603e-01,2.815454592340105311e-02,2.427620577195838125e-01,8.844459034461544800e-01,8.175828628542183285e-01,8.983883476898701925e-01,9.240385109844203582e-01,8.172439541164431276e-01,9.735742429360598749e-01,4.907109668250034251e-01,0.000000000000000000e+00,7.922705083885333011e-01,5.381597225053085659e-02,5.725012632756334430e-01,6.844909902199842744e-01,6.014948011018127483e-01,5.992625395979624958e-01,9.372673795723129864e-01,6.198625687031138476e-01,8.117946724158959793e-01,9.763979116325971486e-01,9.666535750984954767e-01,5.094077705194989258e-01,4.939904340629464596e-01,1.026505645469491940e-01,8.313462891151630618e-01,4.624483066090077643e-01,8.502351144405514427e-01,4.246648064011813162e-01,3.459114865611063738e-01,8.275690614864639194e-02,2.016248845007913848e-01,8.924270876272983877e-01,1.085513115951783486e-01,3.011863623858239691e-01,7.634680010731343947e-01,9.630389520008874049e-01,4.508401573970344800e-01,9.870857297596464797e-01,7.996825382567509521e-01,8.893040307506717701e-01,6.010436694168739269e-01,7.607713038849241993e-01,6.912003573493471498e-01,8.599225981078286729e-01,8.199427085893312706e-01,7.038046760408982472e-01,1.305853445616254327e-01,8.815217211673250786e-01,9.773285902698836125e-01,6.360969234968214536e-01,8.228622431686546390e-01,8.216918840804691149e-01,2.362035842228664695e-01,3.052102481857619232e-01,8.698435453688176944e-01,7.507319862866040916e-01,6.694891061118292130e-01,4.164605155055806085e-01,4.649936310206844725e-01,2.683031592516056385e-01,8.675891530231958360e-01,2.744616046806014342e-01,5.357683739560169522e-01,8.410934247358626825e-01,6.590152137016439537e-01,3.322594601564995420e-01,4.227546413905400313e-01,7.658430690845986488e-01,-1.428880057297526041e-01,8.861677113594174093e-01,5.172677236688446589e-01,2.068917513661589491e-01,2.846694253660158117e-02,6.570311950464045037e-01,6.214357227619173862e-01,9.011215891870415495e-01,5.764944740331336970e-01,7.369643394635312372e-01
8.817215099492570207e-01,8.435274554800289426e-01,7.237869917151116272e-01,9.111365766582725234e-01,7.986535545539794612e-01,9.086803936166789608e-01,4.209080233583576414e-01,7.374300030740074119e-01,6.688840915637751516e-01,8.223580732876126786e-01,4.007858723588866856e-01,5.269404836287741034e-01,6.307702554094301028e-01,2.520834407916736075e-01,7.488568571154098352e-01,4.166662716217473528e-01,7.922705083885333011e-01,0.000000000000000000e+00,4.216025471181328865e-01,7.478773095993688225e-01,5.580307823945718226e-01,3.297192792037131337e-01,6.973680973471868549e-01,6.285135972456692421e-01,4.301362935474226101e-01,4.574345537376711679e-01,8.344326797100654058e-01,2.544600607015130578e-01,4.993219985627939117e-01,3.452637060791312607e-01,-1.600751958662803565e-01,-3.995225996110478017e-01,6.366278159280358562e-01,7.447785969059728117e-01,3.674061779563682073e-01,8.930105481537953249e-01,1.332685317090178713e-02,8.144729374113500731e-01,7.349108447577673564e-01,7.707537577686487396e-01,4.673180556639280336e-01,8.816365948258922947e-01,3.317729723122734287e-01,5.477126378573786702e-01,8.042858634696217202e-01,8.978291797459122536e-01,6.897989349456824515e-01,4.518803929419016874e-01,5.502287113711727962e-01,6.737487039475854589e-01,7.472754498363769482e-01,6.784923425774088690e-01,7.171870651164411470e-01,9.777105690052982911e-01,4.427827911685698337e-01,8.165429064074655185e-01,6.002342910649913765e-01,8.052165435600829868e-01,5.799499941807739756e-01,4.880641064712581967e-01,6.524513539371857851e-01,5.226386439197074907e-01,6.740988572470406615e-01,6.704399044716682354e-01,3.477635609865229460e-01,4.643575969743513054e-01,6.833288902178095148e-01,5.555694813257053832e-01,5.829768907517964838e-01,5.881620884814436900e-01,9.439353908670418125e-01,6.962100014292358363e-01,7.609049041470972163e-01,1.688711778619601811e-01,4.209672334196287724e-01,3.099504422328475672e-01,4.859328211409129072e-01,2.896831828984694143e-02,4.643031624400067309e-02,3.456723741570075226e-01,6.200136771823810955e-01,6.087787783522454754e-01,7.150818883937996029e-01,6.281816118186578368e-01,4.974553970392938673e-01
