0.000000000000000000e+00,5.726146815714721061e-01,7.338212126100018828e-01,6.328288886126937074e-01,8.535761987410247498e-01,6.541904257729989070e-01,6.819596613139938812e-01,9.786952042055182543e-01,8.029125077972552038e-01,7.072504298800850187e-01,9.770427790190689965e-01,4.229932603986513717e-01,7.171554418165595468e-01,7.263413520981581994e-01,8.220752258923431643e-01,6.595323012930247586e-01,2.384563593008791893e-01,9.055961224355921768e-01,5.379460000604587844e-01,8.080490710120927789e-01,7.495875083671991179e-01,7.297899591882711645e-01,2.762189125721052907e-01,7.530444974555269289e-01,6.956233244903097246e-01,5.915534149520550455e-01,6.383645622426920019e-01,6.392205711745002628e-01,7.458061749833346799e-01,2.072020172382449954e-01,6.307244061164772875e-01,6.468019521734973409e-01,7.650513194071132395e-01,6.703959467893690904e-01,5.200329211071226254e-01,5.098445091448875616e-02,2.098465362330934059e-01,4.422512255476284126e-01,4.076430582477590381e-01,6.550334752997883925e-01,2.469269431153644709e-02,6.441143143680908567e-01,8.379172129966871996e-01,5.777390491054309463e-01,8.238270333185740979e-01,9.013303699238027766e-01,5.723957465768019226e-01,6.102061136789742601e-01,8.638650008369346267e-01,8.727360742938481408e-01,8.831004678525822271e-01,6.263711279743124916e-01,6.682428074819588559e-01,6.020988135105181938e-01,9.893418494384638162e-01,9.794606239770971001e-01,9.836969164945139621e-01,8.143226401048457852e-01,2.631513398586087238e-01,5.889318205508260462e-01,4.563050650848415324e-01,6.354475545205919840e-01,9.533319753897193660e-01,2.670357813741474073e-01,-1.870534845214324171e-01,8.617413758980955185e-01,3.578367544546233181e-01,7.086334584455552532e-01,9.731389329478092876e-01,6.668811086777264308e-01,8.087576562176878037e-01,7.135212259790481015e-01,7.169089142106878088e-01,-2.026157247930238103e-02,8.395268876807495673e-01,4.777859361986080966e-01,6.326167392857807714e-01,4.215230551210099597e-01,-8.006040051432276872e-02,1.932727799412774783e-01,7.644223943791520481e-01,6.925206337388175593e-01,9.104074388188007072e-01,4.679688905698501378e-01,4.585025906227218617e-01
5.726146815714721061e-01,0.000000000000000000e+00,8.476163290122693539e-01,3.303944369562025196e-01,7.703597796288284005e-01,7.054190787106093818e-01,5.036533070880253593e-01,7.690621097149736851e-01,7.004710398321992715e-01,5.356590162384518017e-01,4.828287578929432167e-01,6.818782568637026253e-01,6.810876419010134519e-01,6.120602178997442966e-01,5.122378857418575793e-01,4.066917512844062665e-01,8.762173447548988747e-01,8.614562722535538120e-01,7.708923876183246815e-01,4.571194308694366826e-01,2.640125787516491851e-01,2.061575845366408477e-01,7.283698440524630779e-01,5.199475872412716582e-01,4.430315478981356470e-01,6.393587444037676093e-01,3.210901778568669429e-01,9.346185715714646625e-01,2.120671049116892304e-01,4.617339472020300928e-01,4.079354281282757677e-01,3.119617706331422879e-01,3.562542632490595107e-01,6.797041304864688271e-01,2.192690952784717151e-01,5.623825662196755282e-01,4.316341103958396680e-02,6.401453194102778577e-01,8.829496498564093354e-01,8.083697065545355498e-01,3.778219448730060770e-01,9.919939280872847043e-01,8.229231649537011029e-01,6.489532084906172171e-01,4.996010407373760454e-01,4.113400121003506493e-01,7.444613535172621699e-01,9.669580641494512907e-01,7.468763916130525260e-01,4.059359330794009568e-01,4.579093787216602096e-01,7.468067597303819083e-01,6.377817582483689129e-01,7.463217224322054033e-01,8.315243412542075996e-01,2.914504740884583667e-01,5.271289171289796904e-01,3.389434256706671533e-01,9.051638484847334132e-01,6.163425695687105854e-01,5.906805014157909817e-01,1.324235558702248627e-01,9.788890253166442346e-01,6.030865507539823200e-01,6.703808771586134974e-01,7.609453186340081610e-01,9.950465878656912233e-01,8.014338177969433374e-01,5.385803141214823286e-01,7.664466457290191048e-01,4.681018088902510477e-01,5.195945215751590629e-01,4.740065298307876707e-01,2.814824150566724859e-01,4.758511428568574231e-01,5.689624738214085209e-01,6.886610488063984459e-01,4.230644230743008105e-01,7.493752470493237894e-01,2.726871956252185925e-01,7.052812037559645919e-01,8.013380262268329224e-01,6.774761454973386998e-01,3.490184441768718338e-01,5.980554617477946699e-01
7.338212126100018828e-01,8.476163290122693539e-01,0.000000000000000000e+00,9.703281248128873271e-01,4.894950497980414816e-01,8.829651662684877556e-01,8.582026893742633611e-01,2.303771405411363382e-01,6.569719230765256324e-01,4.718818065244073656e-01,5.972277259041516295e-01,8.017956826655688873e-01,5.819557434766120529e-01,7.600665698281798832e-01,4.761866710851136997e-01,7.239686094853257092e-01,7.793707988557270205e-01,9.804236598914954914e-01,6.248331420419108717e-01,6.889999054325089967e-01,4.057035428437216762e-02,9.800260988257319950e-01,9.543987653321188702e-01,9.367336329416376950e-01,2.387906399958079351e-01,6.888401474420133841e-01,8.259455807606582711e-01,5.355926440710948588e-01,2.113259162448122563e-01,4.387382398981819476e-01,5.130665438162408387e-01,7.139695305478188647e-01,9.175000642801328654e-01,9.049557773513252634e-01,2.062497225934733225e-01,3.366374080733967600e-01,8.803243281933413600e-02,9.345026729074915606e-01,6.827079143071548284e-01,-2.866786425258224802e-02,2.869457307941708502e-01,7.061039230857141247e-01,4.548102294274895541e-01,5.476096578570661677e-01,4.879641097900592750e-01,8.500018312878443449e-01,9.941563808821946013e-01,9.645549671255452262e-01,6.216049202278981500e-01,4.148166493740733651e-01,3.909523026670141954e-01,6.186483316595912108e-01,6.316932564380147719e-01,8.601021069262706487e-01,4.429184417790686945e-01,7.957666578656805711e-01,7.161000400803272381e-01,5.055016320659364709e-02,7.155657858363038137e-01,1.188475802135082193e-01,5.719183328687894585e-01,9.863112334760475441e-01,6.241295161732458574e-01,9.403238681175920544e-01,7.720023427076855294e-01,2.604715566482527778e-01,8.323216724526593113e-01,9.770199211644785553e-01,8.532917322475997990e-01,7.538761261815992709e-01,5.838933344802110792e-01,8.488475336401010152e-01,3.603495267763766607e-01,6.628701146395996613e-01,3.192920820857226838e-01,5.166221816837452963e-01,6.123987735533866772e-01,7.246333448904989094e-01,3.759294253915997364e-01,5.650501884819598697e-01,8.067955180484283062e-01,8.422325000519733651e-01,6.896929191221146116e-01,6.036499352863768930e-01,8.570035247717981974e-01
6.328288886126937074e-01,3.303944369562025196e-01,9.703281248128873271e-01,0.000000000000000000e+00,5.264723895634663142e-01,7.372492745142945614e-01,6.133820867251853493e-01,5.213310194534254149e-01,9.144019788336560373e-01,9.166702740012117046e-01,9.573503301577457325e-01,2.198688310816183100e-01,6.506463379137058523e-01,2.260551378775471631e-01,9.819133920855088737e-01,1.663336297874666858e-01,3.277193149806005845e-01,4.031022807742561942e-01,8.147609855517127242e-01,6.169194113233786858e-01,4.070361292572269307e-01,6.050996025559711722e-01,7.805871462461982935e-01,7.174479952290384599e-01,4.784001994489018306e-01,9.853029205247960665e-01,4.169192584633251708e-01,1.120918988245571679e-01,5.402802940418433009e-01,4.696932455629700964e-01,2.233980014820154125e-01,7.811631474666063113e-01,7.020312883175992003e-01,3.220882852555890796e-01,9.101011296081669144e-01,2.132297007928151689e-01,-2.629934316659698901e-03,3.653529268327738722e-01,8.476444158508802396e-01,6.177208649504661864e-01,1.540647593264719839e-01,2.290951161036910710e-01,6.106022479753870913e-01,4.174314634425308479e-01,8.114442014582764484e-01,8.037472394616875793e-01,7.005971670569979270e-01,1.499179336745110058e-01,6.039087982138341415e-01,8.194015210421687900e-01,7.043515508356626986e-01,4.489038067266205023e-01,9.048541527007412100e-01,2.784019138727212295e-01,8.417179394040109619e-01,7.453678157668148785e-01,4.310407382587066460e-01,7.523537759705425376e-01,6.008086262928074017e-01,3.585961879651998752e-01,6.721361285783036266e-01,8.465425032773046254e-01,7.338421778741364143e-01,7.593778799434786064e-01,7.729556207100494181e-01,6.499197718911520205e-01,4.533316512048774505e-01,6.018758418925341802e-01,6.023446179464009287e-01,2.088429716938976499e-01,4.385847628119612929e-01,6.781408886413651249e-01,3.190017918791448470e-01,4.095666161023188145e-01,5.075600779578633981e-01,5.297333693417812794e-01,7.406822165863400365e-01,4.675749841762323333e-01,2.795754305315175658e-01,1.744542937361214519e-01,4.002108891020104142e-01,7.024875339378616745e-01,4.942873871037117284e-01,4.863289215618591399e-01,7.936828299701668143e-01
8.535761987410247498e-01,7.703597796288284005e-01,4.894950497980414816e-01,5.264723895634663142e-01,0.000000000000000000e+00,8.602030225744323744e-01,5.374613635807228285e-01,1.679975409522154184e-01,6.210220966764610218e-01,7.616497511394064723e-01,5.132363225428950848e-01,9.030901818512506729e-01,7.354657347042327098e-01,6.166721776047118242e-01,8.557685814061096741e-01,5.481190027524269759e-01,5.169138810047329002e-01,6.316407577452918254e-01,3.722427722685751617e-01,1.656534300405158033e-01,9.941831339568711901e-01,4.283406069900901336e-01,9.971426746777602990e-01,2.014653575530142016e-01,4.679603830008758347e-01,7.226559478316600948e-01,7.719284125252551254e-01,7.691893655005390684e-01,-8.305460818548424107e-02,7.590364998797398677e-01,5.326554296729433258e-01,5.289291388469009592e-01,8.847269890655791169e-01,6.286124279567126827e-01,7.440970537650921646e-01,4.481923000303044136e-01,2.759586452797904155e-01,2.878366954175224368e-01,4.760560793036077154e-01,9.983129048492593860e-01,3.917972201622997863e-01,6.970372836430633878e-01,7.084629155220152352e-01,4.681443524559461000e-01,7.755971994874095721e-01,7.798163107864974908e-01,6.887675555032796160e-01,2.620289727670229718e-01,5.169299784751592020e-01,5.633028224280669516e-01,7.686980315949488718e-01,4.470218335253067776e-01,9.385737509873288698e-01,5.398773768844205012e-01,2.949133925936098799e-01,9.470100083949560821e-01,7.815062003746069408e-01,1.324079746105692734e-01,9.159336765744106046e-01,2.848545257800314534e-01,3.703484728408645843e-01,5.381997652659225029e-01,4.019287599200566108e-01,9.770635289683913260e-01,8.794000949606645134e-01,7.755267094755425861e-01,7.309374581513454761e-01,8.152940990922222797e-01,6.277829834192917291e-01,8.864921212671064144e-01,7.018545433455340987e-01,7.105982451046289894e-01,4.769418813153406544e-01,4.554394500322378470e-01,4.898493334108116604e-01,9.654324342169597895e-01,6.271988460991064773e-01,4.905568287953002149e-01,7.383887143354546101e-01,6.475353776395695871e-01,5.299857188502722360e-01,6.579619383248475062e-01,9.749075788676735410e-01,1.369324294568163292e-01,4.709923047222767667e-01
6.541904257729989070e-01,7.054190787106093818e-01,8.829651662684877556e-01,7.372492745142945614e-01,8.602030225744323744e-01,0.000000000000000000e+00,3.243701539869512929e-01,3.467728380324907045e-01,6.289502699648213957e-01,8.594133934769617733e-01,5.266067645042555867e-01,7.989623899762834380e-01,2.084577671863361847e-01,6.402180944942534868e-01,2.048358168937775281e-01,7.879809505059818253e-01,9.275191586483240158e-01,3.845360871900827537e-01,6.279708902871391496e-01,7.797512837358955284e-01,6.858707862634229047e-01,3.688001080445234559e-01,7.778646215311518786e-01,9.194151007005213483e-01,6.996870277924602810e-01,7.977279017039267117e-01,8.031923730404888495e-01,5.755183924056936906e-01,4.558064959103628744e-01,4.741705006862328986e-01,4.656507455093574777e-01,3.523996693177321449e-01,4.913455919632678248e-01,9.577994947890255961e-01,7.513235831803219966e-01,-8.094213641980764484e-02,2.721926452870289670e-01,2.155994663262152111e-01,7.335147331529088266e-01,6.029669647208947270e-01,9.299031449479071565e-01,7.759635148841668162e-01,8.385066688301490156e-01,5.925268773716183546e-01,7.037134131534452663e-01,7.663411889059760229e-01,7.045289079322707426e-01,9.062606907316577143e-01,3.763160750709515501e-01,5.757719976794175576e-01,2.013703361548897230e-01,6.673478008267020867e-01,6.506754755333312712e-01,9.194680725214168238e-01,3.184252288443194523e-01,8.192066785817555541e-01,7.736934707778568843e-01,8.022604590677810954e-01,5.106230940806011365e-02,5.517094734354435204e-01,2.499363779086281878e-01,4.150765291673316759e-01,5.899907470221554817e-01,9.508901250975367869e-01,7.930976691964165548e-01,4.948822531182926476e-01,7.640202030200838879e-01,7.940165161083037049e-01,1.777864440901202048e-01,7.303943215825370316e-01,7.521791304657818866e-01,7.435866302370306435e-01,7.873556916343842360e-01,1.730794387631084952e-01,7.280318618598725644e-01,5.849009493219567979e-01,6.960149772535321189e-01,3.054955406709203292e-01,2.967845996450919066e-01,7.522944341914554744e-01,2.880283378097980851e-01,4.060310501798612970e-01,7.575642504676969313e-01,3.396014905977657317e-01,5.017307202936027721e-01
6.819596613139938812e-01,5.036533070880253593e-01,8.582026893742633611e-01,6.133820867251853493e-01,5.374613635807228285e-01,3.243701539869512929e-01,0.000000000000000000e+00,8.176429992808272873e-01,6.672233923877610717e-01,4.874586601054781698e-01,6.202073440593331988e-01,2.306308577555184203e-01,3.684233200197587488e-01,4.229416209201594667e-01,9.287450708901255625e-02,8.586099649477275664e-01,4.531800608661831209e-01,5.949336097496485953e-01,7.627837627070910287e-01,9.223361894918550297e-01,7.618230685304254735e-01,4.055828133290090287e-01,3.253120242042054633e-01,4.448376696622275417e-01,3.594076896038826407e-01,5.149675182294939646e-02,2.458991550853922292e-01,5.508915365407377474e-01,4.362105391371949858e-01,6.922664116964860614e-01,3.353914877605623790e-01,2.075736982249719864e-01,7.040801356127300847e-01,2.158903992004760630e-01,5.560206747209205380e-01,2.087400636967181589e-01,3.300680260241551922e-01,7.155160074898907485e-01,8.595131187011599838e-01,6.419470802360364159e-01,2.411051002766222418e-01,2.389444842818852499e-01,7.634261081209826605e-01,4.721660098796386373e-01,6.694929718403400676e-01,4.643675035711746779e-01,7.413135360568965382e-01,4.353718555016490854e-01,1.038486738190058933e-01,4.720262210084011367e-01,1.899970443956714716e-01,1.542285947825186576e-01,7.282589394118001991e-01,5.857377925979320166e-01,4.088795241788027446e-01,3.695555152663843046e-01,-1.983869514200540807e-01,4.268525184146719775e-01,7.595738597898447075e-01,9.292852278709118341e-01,2.143728413925862497e-01,6.901189221458422507e-01,1.184747861140452718e-01,8.380105021499016926e-01,9.580241438193821679e-01,6.500540150048802479e-01,5.764670713953381487e-01,5.286852957545600251e-01,3.157333160833046826e-01,6.607649231154182345e-01,5.607296079428469859e-01,6.100891552747317315e-01,5.741778554491047126e-01,3.815396601846586244e-01,7.931590878399514821e-01,6.174261483982826926e-01,3.106941126258331298e-01,6.971485305944237210e-01,2.502323188127379416e-01,3.508227651843094375e-01,4.693379951045500292e-02,6.595448369802610067e-01,4.826677629417824300e-01,-1.548230678070866284e-01,4.315473708325241464e-01
9.786952042055182543e-01,7.690621097149736851e-01,2.303771405411363382e-01,5.213310194534254149e-01,1.679975409522154184e-01,3.467728380324907045e-01,8.176429992808272873e-01,0.000000000000000000e+00,4.530592468824278796e-01,5.871711751159754966e-01,2.905144888707485995e-01,4.924671556427618335e-01,7.036632703410685696e-01,4.618902894621076394e-01,8.515913947032530684e-01,2.397944950723079616e-01,6.847024742164573574e-01,6.831481963770085208e-01,3.453050574822741359e-01,7.619639336792627393e-01,8.782617009302873257e-01,6.942546599814047870e-01,3.266341743945352372e-01,8.394957551834233422e-01,2.808330740405432513e-01,7.090657198802785555e-01,7.118567896618500646e-01,7.055045427890933585e-01,4.735623603984919217e-01,1.244282807736494245e-01,4.857099141161378419e-01,9.375646851811299254e-02,6.924047734597352788e-01,7.174636560458441670e-01,4.827565227083415178e-01,5.614711456148935298e-01,-2.054194733376163429e-01,5.923417167600562028e-01,9.116734911843625833e-01,5.149179976790055902e-01,6.331660015119918716e-01,2.695246531877576457e-01,5.497486247949887606e-01,5.425035541116863813e-01,4.527548209637873300e-01,5.623229584765354616e-01,4.244559409186788312e-01,4.581538987197569246e-01,6.717302495112580374e-01,6.516677513156707846e-01,6.488805779638163740e-01,7.566369224016337158e-01,4.207617895897658444e-01,7.518744205609375619e-01,2.883166390101637999e-01,5.242277150541679864e-01,9.076154846713120339e-01,7.318117826736656450e-01,4.868226574773665272e-01,3.870265944183211015e-01,5.248404224334630719e-01,7.954261049473874134e-01,5.246876451261252017e-01,5.343304882243702369e-01,6.374911865426202695e-01,4.490556698040145123e-01,5.590271825134263128e-01,7.346263788212448187e-01,6.975664563362989901e-01,7.729714618271428250e-01,5.680600583111465873e-01,7.528853314321396484e-01,6.987679067834315916e-01,3.240225424917233532e-01,4.971728529504692018e-01,8.938610872589545231e-01,5.285796931849204849e-01,6.733309394189170849e-01,4.837808170991464776e-03,1.343022215654569862e-01,2.931825269852547655e-01,8.664185526671999149e-01,7.032951341279903845e-01,9.204355073925736264e-01,2.744685892225107726e-01
8.029125077972552038e-01,7.004710398321992715e-01,6.569719230765256324e-01,9.144019788336560373e-01,6.210220966764610218e-01,6.289502699648213957e-01,6.672233923877610717e-01,4.530592468824278796e-01,0.000000000000000000e+00,7.222298055830806973e-01,6.975765790830441571e-01,7.557482894669511619e-01,7.645021901015091048e-01,7.009409944372880785e-01,4.153623242040900831e-01,6.929173178996238525e-01,4.261139020171986758e-01,7.252261232903743915e-01,4.459340284725842318e-01,6.854283975432318154e-01,8.511326755894114138e-01,9.647285638470887159e-01,6.139742337149312057e-01,5.662477550212442479e-01,2.431897698797983454e-01,7.389596254751995552e-01,6.049410232539158550e-01,3.930998398600172861e-01,2.199892376891159906e-01,2.699832683593146321e-01,3.029964256328068761e-01,2.639221687038816322e-01,3.512130271980857810e-01,2.333166748237492927e-01,4.720520959463306854e-01,5.878128818478831619e-01,1.603628816026013981e-01,9.693058127652993683e-01,5.367937761722569867e-01,6.474315853463910031e-01,5.916878430178500459e-01,5.634881255735222361e-01,6.137513125190248164e-01,6.830284921553122501e-01,8.186858528486079534e-01,9.300584627312526997e-01,8.969422132022363270e-01,1.933444080338219684e-01,9.233923815986530004e-01,6.004149378516083768e-01,7.158085211124536329e-01,2.497960474348776827e-01,7.624415853317532132e-01,6.259646220171823927e-01,8.727496078523429013e-01,5.470235183331669804e-01,4.666990707000889804e-01,-1.882492726945466377e-01,5.474177148381033087e-01,7.251591848440608334e-01,2.585144411674756282e-01,5.696817963110653027e-01,8.277395840876871080e-01,9.828748291090445566e-01,4.086150785105838734e-01,3.755935744756645489e-01,2.031724150167890375e-01,6.765494323433636215e-01,4.571451140623494225e-01,3.854414417887394029e-01,8.476379026789162552e-01,6.524200800689200497e-01,7.101313581290523425e-02,3.416891584298804019e-01,8.210357487000366494e-02,2.750495661021157279e-01,9.227301884798660980e-01,4.585797529060032240e-01,2.201340402648833128e-01,-9.193558677172869453e-02,7.134581360358892566e-01,7.994636223331657021e-01,8.178974123548042874e-01,4.546621794792000681e-01,7.405975922047078885e-01
7.072504298800850187e-01,5.356590162384518017e-01,4.718818065244073656e-01,9.166702740012117046e-01,7.616497511394064723e-01,8.594133934769617733e-01,4.874586601054781698e-01,5.871711751159754966e-01,7.222298055830806973e-01,0.000000000000000000e+00,9.847590669600918556e-01,5.808358534187179067e-01,8.714725711223477722e-01,4.528017146235649992e-01,8.457550857542858180e-01,6.429463645903792379e-01,6.254618315842254139e-01,5.431820992431992678e-01,3.840242048066520586e-01,6.229544590531153059e-01,5.302809729222532908e-01,4.910496546653291272e-01,4.180282332934184275e-01,9.082885706267609383e-01,3.949266886564755108e-01,7.030289089672705494e-01,8.357732968046496236e-01,6.882140400027355609e-01,3.179180351908177382e-01,-1.047671689892494262e-01,3.951381286726166064e-02,4.135737074896290721e-01,6.053492180864916694e-01,2.701753670479442038e-01,4.704342461404163456e-01,4.705996864163168869e-01,4.753602562072495319e-01,6.277549851807547876e-01,9.098134009290546054e-01,2.822359172459258936e-01,2.790275061952474656e-01,2.489939335871873549e-01,2.686026212609476937e-01,9.423152947281195901e-01,5.789872651855993979e-01,4.637628490851284369e-01,9.916285867379127650e-01,6.464726189353724450e-01,7.422180894365288939e-01,5.156388825068519699e-01,2.662146847313432430e-01,3.292575067652110388e-01,6.500537243340447358e-01,2.100762445119318256e-01,7.239447994571884815e-01,9.734560439094268602e-01,4.166250478649654587e-01,4.208813143223258391e-01,3.296947589334096040e-01,6.069889022759193953e-01,4.355086220975333822e-01,9.277081649572372912e-01,5.006054459125005573e-01,9.019951719557189884e-01,8.947793976626755574e-01,2.664171573122063874e-01,6.284471653655433476e-01,7.129880580681474678e-01,5.314221064976806241e-01,7.056638099017337185e-01,7.150246707278560265e-01,2.477828981156682264e-01,5.413902926547000671e-01,2.406203915010549088e-01,4.376157729013016029e-01,6.849065148904116551e-01,9.133503911131796160e-01,6.962759574191348388e-01,3.846114697382992109e-02,3.658401656041694316e-01,7.355749018125317118e-01,6.935669121874169507e-01,4.330025929305728605e-01,2.540370986753612836e-01,7.411476479600898060e-01
9.770427790190689965e-01,4.828287578929432167e-01,5.972277259041516295e-01,9.573503301577457325e-01,5.132363225428950848e-01,5.266067645042555867e-01,6.202073440593331988e-01,2.905144888707485995e-01,6.975765790830441571e-01,9.847590669600918556e-01,0.000000000000000000e+00,6.277326042972408704e-01,7.019351745392792274e-01,6.294174754989237952e-01,6.860124903515524286e-01,8.079205652907937019e-01,7.367573905340927265e-01,4.326183409141650671e-01,4.669783591949841495e-01,7.514405375317795288e-01,5.426086943262631301e-01,7.393086750277190200e-01,7.660937607546534078e-01,6.505407880551430377e-01,2.793737528138257598e-01,9.372287379307150390e-01,3.497735022069577426e-01,2.418236118100087206e-01,2.582620696138948624e-01,-1.530484338073203887e-01,4.382935896929199271e-01,6.702138289737411547e-01,3.618790559483309188e-01,7.144466452163689141e-01,2.501185301314899911e-01,4.913012183919499010e-02,1.576139923972118551e-01,4.762967210282839647e-01,5.489464325149624457e-01,5.889039540937468509e-01,4.926690945075875572e-01,8.288438264888285945e-01,9.463866976565743494e-01,4.509269840578096211e-01,3.497335723160330950e-02,7.228682774047482384e-01,5.857009436520422829e-01,9.829514986381429065e-01,6.174338781542129118e-01,3.675712111485063271e-01,5.151163651051150483e-01,4.012551845311392862e-01,9.558244706927147005e-01,8.471744422906948291e-01,8.331500706927293942e-01,7.937358500246708415e-01,6.733477072284912435e-01,3.110710966286802659e-01,1.392182348159339556e-01,7.664720396049007345e-01,5.103581897012516855e-01,6.084311173500737135e-01,7.333839512232750435e-01,8.193215497046906215e-01,6.249048737585868318e-01,7.081705576552137504e-01,5.585237095552746389e-01,7.514998183863477177e-01,6.639886848298517386e-01,4.426265297053997849e-01,9.460057093123288574e-01,7.047710295080039655e-01,4.114349499835279200e-01,6.728945529859631236e-02,6.379670768312801776e-01,9.698882847982120969e-01,4.647827958261040449e-01,8.422078808159515206e-02,6.499542753669349526e-01,4.647049761175914284e-01,5.730272577489909924e-01,6.886409920854170696e-01,5.319269000604339714e-01,-1.863321537010987350e-01,2.939164507280614957e-01
4.229932603986513717e-01,6.818782568637026253e-01,8.017956826655688873e-01,2.198688310816183100e-01,9.030901818512506729e-01,7.989623899762834380e-01,2.306308577555184203e-01,4.924671556427618335e-01,7.557482894669511619e-01,5.808358534187179067e-01,6.277326042972408704e-01,0.000000000000000000e+00,7.689577378964818077e-01,4.810314464333566020e-01,7.253775900083510031e-01,6.207212915785129681e-01,6.551354239462703344e-01,6.031867510947467315e-01,5.652406151942005463e-01,1.405955008757688585e-01,8.688720972111476648e-01,3.462971123008394825e-01,6.676881650163629667e-01,9.283023772608046675e-01,8.583675721899330924e-01,6.596259012855549830e-01,6.498088838670613709e-01,7.615392118248465181e-01,2.481275385476043871e-01,3.900415939576534763e-01,7.360249549594773122e-02,2.488520249047368738e-01,7.230042029930168201e-01,8.086320175745553840e-01,2.211315074293665472e-01,3.091573963227149946e-01,5.843334670199531455e-01,5.273985703593088159e-01,9.058576921425932627e-01,8.702207381867521629e-01,3.515381554006824505e-01,1.351704004775107215e-01,8.582323560342086655e-01,4.277134878067980761e-01,5.523190022138029232e-01,8.291467296242320817e-01,6.595035562201405632e-01,9.947713802904137315e-02,6.557121812756604440e-01,7.629842794206878054e-01,6.766852420688431735e-01,7.977860676238661686e-01,2.134796542622995896e-01,9.391023692261026845e-01,7.472891482642085581e-01,2.966939510819799897e-01,8.091638977394431942e-01,8.971597152190752267e-01,5.415416612489557524e-01,2.015072453957633680e-02,2.397738353175737358e-01,1.963036067486385872e-02,7.924141138488109970e-01,9.412299785755702253e-01,7.986377242015444411e-01,5.982587741679248339e-01,6.018521878182025997e-01,7.705556392704674407e-01,7.199050479325388441e-01,5.802996594815205134e-01,7.041048603176806031e-01,8.968274927459162216e-01,3.940341758424344976e-01,2.514934589529681519e-01,5.023163362146715327e-01,4.864003548670992050e-01,4.708341135942372135e-01,7.767508190832188575e-01,4.304528615827879490e-01,2.651351110839693659e-01,4.054890729632026902e-01,3.321625879582989493e-01,6.814729712045209942e-01,4.070463862662514476e-01,4.019061600350543051e-01
7.171554418165595468e-01,6.810876419010134519e-01,5.819557434766120529e-01,6.506463379137058523e-01,7.354657347042327098e-01,2.084577671863361847e-01,3.684233200197587488e-01,7.036632703410685696e-01,7.645021901015091048e-01,8.714725711223477722e-01,7.019351745392792274e-01,7.689577378964818077e-01,0.000000000000000000e+00,6.639774374137253909e-01,9.779864678036009895e-01,5.537154610603766125e-01,6.051930688431124139e-01,8.199757834598415673e-01,5.350582077846660622e-01,4.506334652943119190e-01,5.375359615477683928e-01,9.391860655033655858e-01,4.029559119719167137e-01,9.054665218450741460e-01,2.459417069923593713e-01,3.480687680839413822e-01,8.494458155658839438e-01,7.054499674620910987e-01,7.025256276650272413e-01,2.209612359987145891e-01,6.089369992492286165e-01,6.712692090747881535e-01,5.587875270974203001e-01,7.169425813191839802e-01,8.396328770805489006e-01,2.561205122668527290e-01,8.076956446214061947e-02,6.047814525257335649e-01,9.090968130274608150e-01,5.261516372878531911e-01,5.509750171577108002e-01,5.109234641862916426e-01,7.767531707054404766e-01,4.710610605955204422e-01,8.527443816095821028e-01,6.511338447354126924e-01,6.410258260370601535e-01,2.768992305538554022e-01,5.186835959884483760e-01,6.629110860222262591e-01,6.956887975142039826e-01,6.008434639190635140e-01,7.336938817045804972e-01,4.855936603546738839e-01,8.164122300384482056e-01,6.508590927983086694e-01,4.662637307010052412e-01,7.744738637387464930e-01,8.796975519408221089e-01,2.183085270149056623e-01,6.176020470658175610e-01,4.863478609168810363e-01,6.561285425825156281e-01,4.290872190601034419e-01,7.988571279768461597e-01,7.011308408453139629e-01,3.347753039142221665e-01,4.946262246816028885e-01,1.774368868867137183e-01,9.367256448437736305e-01,3.724124763758525081e-01,9.752535558206191224e-01,2.820522817606716665e-02,-3.365916811384090379e-01,6.171252359888146355e-01,4.357988472049381667e-01,4.175005846711272728e-01,8.008958382148883004e-01,5.274199212202046461e-02,5.818321730832609617e-01,5.022548268089817025e-01,6.871665644081845770e-01,7.679076146045445972e-01,6.581434985623233480e-01,8.885709842290967497e-01
7.263413520981581994e-01,6.120602178997442966e-01,7.600665698281798832e-01,2.260551378775471631e-01,6.166721776047118242e-01,6.402180944942534868e-01,4.229416209201594667e-01,4.618902894621076394e-01,7.009409944372880785e-01,4.528017146235649992e-01,6.294174754989237952e-01,4.810314464333566020e-01,6.639774374137253909e-01,0.000000000000000000e+00,6.766998015457471594e-01,7.949162481145739534e-01,4.442770758198776870e-01,8.708661338020347031e-01,5.098581583907177972e-01,6.639422769754024234e-01,6.091678582292823219e-01,8.395066414779450703e-01,4.349063853682519909e-01,5.985036736662650014e-01,7.355759017325317339e-01,8.740954345364215783e-01,7.508868223455519297e-01,6.665504979740516367e-01,6.476445620632302891e-01,8.446153569062352096e-02,3.666022384652273258e-01,3.673664406538194038e-01,7.311776723182566995e-01,3.547508993162981072e-01,6.259363975544299796e-01,4.149458997029998875e-01,4.629219005811516241e-01,7.892240656982675295e-01,4.469251773042755005e-01,7.512250510754480137e-01,6.719293284195008154e-01,1.244691014533642615e-01,6.207525207114789056e-01,4.746300570835926269e-01,8.308087412097663327e-01,9.574459156244237157e-01,7.364712156998449721e-01,8.343341688196137529e-01,9.622755407959548979e-01,5.573093970322970936e-01,1.063973200678078740e-01,4.820132414361631978e-01,7.480530418042780072e-01,5.682113592720707818e-01,3.154299820494720907e-01,4.519792557539528688e-01,9.269628419870661329e-01,9.597922378979997227e-01,7.330486083840527245e-01,3.805304140118982437e-01,4.830508571120059602e-01,6.526502570714025619e-01,7.540206346341967736e-01,6.777217694441068918e-01,8.020674714688533768e-01,6.797995828101426330e-01,9.877048394263026054e-01,2.530540478991947229e-01,7.741660291433412056e-01,6.325487478384637097e-01,9.513684455571855825e-01,5.956670357983321340e-01,7.712260440914724402e-01,6.082286640623122548e-02,5.797535150741981447e-01,3.936211822956979800e-01,8.487125399759963829e-01,4.864357522447254611e-01,3.167570636922780181e-01,2.499845996671129777e-01,6.030595013828247142e-01,6.223287938688657484e-01,3.232964300826801640e-01,7.657619986942019175e-01,7.915108637224738120e-01
8.220752258923431643e-01,5.122378857418575793e-01,4.761866710851136997e-01,9.819133920855088737e-01,8.557685814061096741e-01,2.048358168937775281e-01,9.287450708901255625e-02,8.515913947032530684e-01,4.153623242040900831e-01,8.457550857542858180e-01,6.860124903515524286e-01,7.253775900083510031e-01,9.779864678036009895e-01,6.766998015457471594e-01,0.000000000000000000e+00,6.604892457382252058e-01,7.177440000336788861e-01,9.212709793673703462e-01,6.100692697100393858e-01,8.323549170217118265e-01,6.113872837048203168e-01,7.712908969234938406e-01,3.251756059235404450e-01,8.012783756785546441e-01,5.460319983930863597e-01,4.013941050648339726e-01,7.116355409032728563e-01,3.468460875652602526e-01,6.068529205637634982e-01,2.822208807302019062e-01,5.551944813564149150e-01,1.602237110844775478e-02,3.773974586964841116e-01,6.656264242966857259e-01,4.296992259996502139e-01,2.475365693848587401e-01,7.375956659980231755e-02,6.794108382132353352e-01,7.273028688357336957e-01,2.403881867207837975e-01,5.483554809204697067e-01,7.425768209184748780e-01,9.456679942839179009e-01,7.783069709216290377e-01,2.802164351748782090e-01,8.948564546011761323e-01,3.911545514035018600e-01,6.508814826452213875e-01,5.736501271907780142e-01,6.739796835585790680e-01,9.677258831386748028e-01,5.631679569129099949e-01,6.504164501250178088e-01,6.209465370515954152e-01,5.512370671625554941e-01,7.647436673905205762e-01,6.204324601793533844e-01,5.914200453728454265e-01,8.082414755019121655e-01,9.674025218293053063e-02,7.128776247952012257e-01,9.951472827819186628e-01,3.871203771131950244e-01,5.977188148562904146e-01,7.173815988525900078e-01,1.584245561939183478e-01,-8.008615401340576923e-02,6.973088442176237356e-01,6.395740313270373845e-01,4.570311886089539199e-01,5.760083881882797074e-01,1.598341244397689653e-01,3.769434775603892618e-01,4.566975735929269531e-01,7.973700936672099004e-01,4.863912962401087392e-01,8.860656307820699018e-01,5.446064695189730687e-01,4.087304817050031458e-01,5.293267653373249226e-01,2.977824275811744581e-01,9.642566332224431491e-01,7.198745330310237778e-01,5.370728978261338771e-01,2.101021236047542207e-01
6.595323012930247586e-01,4.066917512844062665e-01,7.239686094853257092e-01,1.663336297874666858e-01,5.481190027524269759e-01,7.879809505059818253e-01,8.586099649477275664e-01,2.397944950723079616e-01,6.929173178996238525e-01,6.429463645903792379e-01,8.079205652907937019e-01,6.207212915785129681e-01,5.537154610603766125e-01,7.949162481145739534e-01,6.604892457382252058e-01,0.000000000000000000e+00,9.182954913084773185e-01,-1.160215459675117272e-01,6.563089918617307505e-01,5.383464001669446830e-01,2.880427456744565351e-01,6.205894695759464064e-01,4.038405269382818741e-01,7.743532731381845835e-01,7.824423593776491659e-01,3.103057462429237301e-01,3.381472798509569389e-01,5.629539005339160296e-01,5.005152112685717913e-01,2.449506443592087135e-01,3.749963519449402982e-01,4.150609196016552538e-01,1.657419860990521077e-01,3.804256088562472105e-01,5.845154693041743066e-01,6.186496591407183443e-01,5.044139733677605042e-01,6.905454645094181165e-01,6.958022335840292616e-01,9.226372564587156377e-01,4.026420118290731098e-01,8.260544767148956247e-01,8.098880794733267496e-01,7.143218314301065242e-01,6.166193500998905508e-01,3.768628834621826629e-01,9.595928381066156643e-01,2.201860199390984485e-01,7.511310887921779367e-01,8.701335972868577961e-01,5.268146497119690075e-01,7.419918019175009150e-01,8.859756029399293853e-01,2.058716036921249826e-01,1.924655900917131013e-01,9.703545340682755427e-01,5.754750647204766034e-01,6.261443905502679375e-01,2.173881894213210153e-01,2.635146716231820396e-01,7.700397464150690596e-02,6.988381482856339533e-01,6.282609808455339451e-01,4.504140851711810889e-01,9.354394257043734395e-01,4.039337906897604302e-01,5.805934617703811806e-01,8.595202642797974413e-01,7.326244720305675751e-01,-3.828515224682784157e-01,5.972525261176558908e-01,2.368642868695992332e-01,6.318856188628361181e-01,3.826964090100978266e-01,3.513920195234576660e-02,7.729963676145246154e-01,5.556775368054918118e-01,1.775820482940530798e-01,6.078845191053603436e-01,5.430312524238019023e-01,6.261235267575954166e-01,6.414053537553150441e-01,6.192883266478566018e-01,2.823637273293058136e-01,3.418984936684484888e-01
2.384563593008791893e-01,8.762173447548988747e-01,7.793707988557270205e-01,3.277193149806005845e-01,5.169138810047329002e-01,9.275191586483240158e-01,4.531800608661831209e-01,6.847024742164573574e-01,4.261139020171986758e-01,6.254618315842254139e-01,7.367573905340927265e-01,6.551354239462703344e-01,6.051930688431124139e-01,4.442770758198776870e-01,7.177440000336788861e-01,9.182954913084773185e-01,0.000000000000000000e+00,8.537785460079039268e-01,7.277886777390016881e-01,7.352444916750996429e-01,8.315759729402079081e-01,1.624376477094383875e-01,6.472423737349578543e-01,5.033735302371288300e-01,2.753662449935565526e-01,3.067103803147235297e-01,5.369085367960245714e-01,5.274925712807062572e-01,7.869555063997286659e-01,2.115739600975912460e-01,2.012425036256345057e-01,9.353662601973127266e-01,3.984195811128263820e-01,9.556951910779489801e-01,4.915559769997049355e-01,7.474179966411952369e-01,3.229191510171582902e-01,2.756333681251096901e-01,4.791996138004622763e-01,2.228551055551278304e-01,4.937651506583422556e-01,2.731131712263282774e-01,4.245791955944517859e-01,3.893209604442062766e-01,8.555338875743964122e-01,4.056471078575475953e-01,4.588913063606559484e-01,9.352433098735742911e-01,6.676051337034143440e-01,6.646957439808104384e-01,7.659601809503717718e-01,6.247690078483519871e-01,2.730403268834291075e-01,4.951317721297460173e-01,2.567149469011028029e-01,9.985099258466807459e-01,5.931416134098217441e-01,4.883487095297559533e-01,7.637803931479580921e-01,7.847020509110005371e-01,3.352502933596422929e-01,7.100486951930014001e-01,6.102216745377646578e-01,7.782541333057249044e-01,7.905196359585748844e-01,5.462741850313292957e-01,7.507566335088911025e-01,3.671970396947381587e-01,4.322434306309130836e-01,5.199425556033259177e-01,5.050882508875628174e-01,6.759407528517619168e-01,4.593341069907813101e-01,6.522854330426557379e-01,7.469379050015385602e-01,7.232587852518033156e-01,4.189465999759679482e-01,-3.837561890549706645e-03,6.420143758675647128e-01,1.297552120834166711e-01,9.575615957808530920e-01,7.847140498657394492e-01,9.564899101446093788e-01,7.981181840391382565e-01,9.482030645364192267e-01
9.055961224355921768e-01,8.614562722535538120e-01,9.804236598914954914e-01,4.031022807742561942e-01,6.316407577452918254e-01,3.845360871900827537e-01,5.949336097496485953e-01,6.831481963770085208e-01,7.252261232903743915e-01,5.431820992431992678e-01,4.326183409141650671e-01,6.031867510947467315e-01,8.199757834598415673e-01,8.708661338020347031e-01,9.212709793673703462e-01,-1.160215459675117272e-01,8.537785460079039268e-01,0.000000000000000000e+00,5.127260484479996272e-01,9.840749542744475775e-01,6.637532114742966671e-01,4.997521614201662077e-01,8.569159934454388949e-01,6.570753190153231227e-01,3.581147057966758696e-01,5.881912964181031933e-01,9.333903379411785384e-01,6.468609988337791217e-01,6.845764585896998433e-01,-4.703328568798123555e-02,3.742021735996586274e-01,6.508995407165151237e-01,5.200594043253723431e-01,2.590409750669566691e-01,4.909942095610465018e-01,1.455917792484552054e-01,3.874824443977381572e-01,4.020930800344660327e-01,8.164265326993317418e-01,8.627559904503312449e-01,5.222550716919778235e-01,9.761878339598905052e-01,5.815311303328344339e-01,-7.790820262096265214e-02,8.479012301217180303e-01,7.814818184601869389e-01,7.852896293219711055e-01,7.951813395283413577e-01,5.873986690537678079e-01,6.146347943713484918e-01,6.168053169431935157e-01,2.031430066802967782e-01,7.690683540068884438e-01,8.236941997957533124e-01,5.608165017179920220e-01,4.240261186339879251e-01,7.188136542590559674e-01,9.293601904139903169e-01,9.347880408914056583e-01,2.029593519841654814e-01,4.532760358354481767e-02,2.950872903741966202e-01,6.228371213633522308e-01,9.458369688137830966e-01,6.910373249727100875e-01,6.263913891868917450e-01,6.534793830439320494e-01,8.573219464704937565e-01,1.449754387699480618e-01,4.995912642423489536e-01,9.510377099068851869e-01,3.160782468587077787e-01,2.527677995003769773e-01,1.318859096779700646e-01,6.069965446200616954e-01,1.199839024944636262e-01,4.581414651333802213e-01,5.049443241479519839e-01,3.897372297775636429e-01,7.509842499753381917e-01,4.654990649747468012e-01,6.236305119607113978e-01,5.148014848738985405e-01,3.478585223081427924e-01,7.854255462733302773e-01
