0.000000000000000000e+00,4.868756150449117803e-01,2.416882080050571369e-01,7.770680700876800850e-01,8.891842389514026390e-01,7.515426223945961270e-01,7.794891544431237218e-01,4.748401414693163014e-01,3.379744730903504468e-01,6.080955590400898281e-01,4.492459815059768879e-01,4.604792662877720266e-01,9.262718081367631306e-01,5.712976773716953449e-01,7.320402093510069985e-01,6.901224411023798577e-01,9.059321143266449994e-01,9.506923721905324864e-01,7.497833609748523198e-01,6.000971228405804769e-01,7.271337694269061069e-01,6.827816855886204017e-01,9.275157191786648214e-01,7.859993638088826895e-01,9.025559761432712103e-01,9.491797846078037226e-01,9.880556161596247833e-01,5.785684012878624660e-01,4.396550715052062186e-01,3.303306651346215594e-01,3.932726432594528809e-01,8.738235276503221183e-01,6.501796702144062579e-01,7.028849676373611910e-01,7.967415663934604986e-01,6.756960898179911745e-02,4.190805351287193448e-01,5.674836232689571824e-01,3.111772751718104302e-01,8.202958659090048288e-01,2.073332326950960425e-01,8.462867144347361315e-01,5.012881874415389127e-01,4.005922352462841785e-01,8.700489542977932755e-01,7.978949093646457991e-01,6.550619925009752986e-01,8.611315508858973233e-01,6.445367649013948874e-01,9.819984973359795477e-01,8.384633709112998545e-01,6.207123025276384265e-01,5.221645506400640624e-01,6.283992187805857998e-01,2.619518796948905326e-01,7.004018443317727716e-01,2.088079124701340272e-01,7.245443530482089667e-01,5.817931766157500295e-01,5.778874737361161529e-01,2.230210135799736426e-01,8.100725521702819565e-01,8.501540078720271065e-01,6.855194761261221847e-01,5.423691503910816891e-01,6.725274128711673516e-01,9.578966031803808345e-01,6.722836019728032353e-01,2.368675626115176736e-01,3.393230998381718821e-01,5.854593213146211950e-01,7.971106037295591085e-01,2.536076850805339955e-01,5.671327359834317239e-01,8.515477779207593079e-01,8.378138275569556592e-01,9.383672254485196929e-01,7.540982578119560520e-01,7.183189065022740349e-01,3.271325470789117618e-01,8.917098533689208351e-01,3.314739267058974814e-01,3.107016334165189075e-01,2.699263824780950283e-01,6.942455600886815459e-01
4.868756150449117803e-01,0.000000000000000000e+00,7.030347427325861487e-01,2.412711244799856103e-01,5.991976310858240229e-01,3.260838972354078713e-01,6.326336978164446290e-01,4.834247210041917597e-01,7.535649513652797893e-01,8.130116501893840386e-01,4.924453805384534366e-01,6.459406134138396816e-01,1.084501609647424147e-01,5.262939888052086124e-01,6.603689826859687750e-01,5.435425863820706471e-01,2.555554243838358275e-01,5.386813032662334244e-01,5.196169495671872918e-01,6.239941605967115335e-01,5.152316663452664036e-01,3.542802516915023459e-01,3.063957912130401695e-01,5.796458848956628218e-01,4.159691719266284671e-01,6.500521572880708643e-01,7.300590417521367614e-01,7.894520896786483277e-01,2.692276915721809605e-01,2.916343060090308414e-01,1.807718754856027163e-02,5.964465926279765018e-01,7.474049170597218961e-01,9.429608702200406034e-01,3.620876691728193153e-01,6.728154626700325602e-01,2.329230822509360255e-01,2.758969787938302387e-01,8.747345432602116055e-01,1.824546769028279058e-01,2.569887641288974289e-01,6.290199479407320160e-01,9.142841000774838411e-01,3.381248978400952510e-01,9.003577520119048216e-01,2.898121943100102627e-01,5.429230627202609183e-01,7.927833438696024748e-01,5.472255973675729246e-01,6.533843251352597914e-01,3.346872641980416230e-01,7.899857095668960660e-01,9.330943245715124235e-01,8.456310009736641708e-01,8.593523336617910902e-01,7.029633698056854119e-01,5.269104428182976863e-01,2.878281205596278092e-01,8.899466132851785449e-01,5.994963182245847122e-01,1.432564549839310808e-01,7.390486666551016048e-01,8.280223650368605526e-01,6.806412134316793816e-01,9.890092630979093746e-01,9.487889111919569629e-01,4.270611577427724792e-01,5.200611443270755085e-01,4.220042070078767749e-01,4.583372717698154797e-01,7.834730333082265963e-01,8.725725550028971822e-02,-8.542952670213734001e-02,3.870159669985534512e-01,6.429264603808585443e-01,2.861168800000212231e-01,3.238157782901870951e-01,2.427998406169017409e-01,5.008916597008756799e-01,9.712698574292178560e-03,7.805938787284598668e-01,9.876456526070629405e-01,4.512761965392519947e-01,2.785570213707779796e-01,3.784599709426742509e-01
2.416882080050571369e-01,7.030347427325861487e-01,0.000000000000000000e+00,6.149990284681791097e-01,9.217259022726813633e-01,1.363672933602851356e-01,9.286351956741184521e-01,5.655143370747549580e-01,6.501409145094890762e-01,4.758496614082994847e-01,5.059747496801987321e-01,6.958271522451059399e-01,9.057423815759699792e-01,7.127534267130324341e-01,7.623264011179285982e-01,9.258890447239702670e-01,9.672722875130765896e-01,7.471631461048696687e-01,9.687238908948503369e-01,5.621059347691906849e-01,7.999557015264489035e-01,9.135704683674807924e-01,8.868141935505666762e-01,6.129792902480646344e-01,4.622249735149993599e-01,5.471885245885959037e-01,8.770641630584976589e-01,6.132031755478829504e-01,3.576973416317154042e-01,2.015184296921200269e-01,1.150189905466998258e-01,8.653599336464263825e-01,4.611874089804678389e-01,9.932606916249928641e-01,5.275007876861745881e-01,2.712696415267477068e-01,3.295414566954441571e-01,9.795543935697776927e-01,8.750878610856354101e-01,6.262714904701953689e-01,2.002561217725580267e-01,9.289796373664975793e-01,8.798083175624482610e-01,9.516742939966760240e-01,9.349787504277868866e-01,9.533433676204454699e-01,4.887862314506307704e-01,9.943270375717034870e-01,7.887714248632494707e-01,8.217709593758911746e-01,8.418516374825842918e-01,4.157035717489651061e-01,9.592249406719500771e-01,6.724397959252683687e-01,5.656025753560491864e-01,6.513158185026917124e-01,4.116850851511114628e-01,9.729327546376347335e-01,7.197876721520247711e-01,2.086003088362038960e-01,4.606877071402106782e-01,8.410985223649105613e-01,8.891288424266828860e-01,7.760873292729830730e-01,9.271481390272604539e-01,5.701009530006089232e-01,9.358054849219085147e-01,5.247489273125487408e-01,7.773478005308442906e-01,2.924697922845689302e-01,7.033517147876287012e-01,7.660960007272763495e-01,3.703935936294414644e-01,1.623211434448344204e-01,8.357433569384468131e-01,6.704871016837882225e-01,4.716340227433168386e-01,8.525878638126993536e-01,1.447430148263529892e-01,2.034243122076166976e-01,7.122311137494994338e-01,9.293836352560966851e-01,7.361313242666630563e-01,9.446143537888171959e-01,8.763678192400387035e-01
7.770680700876800850e-01,2.412711244799856103e-01,6.149990284681791097e-01,0.000000000000000000e+00,3.147448982551127594e-01,7.793882844660965370e-01,6.833207230815618871e-02,2.747803027034577683e-01,5.942837847752192593e-01,9.847200571201012442e-01,7.486620158124837054e-01,4.000189893251342999e-01,5.667367124438302817e-01,6.662226481997109984e-01,6.207942798639628501e-01,5.183833284268162256e-01,8.886578778751846874e-01,3.104618311815305898e-01,7.733087394176912932e-01,9.651435662316265596e-01,2.128621751429924658e-01,9.769898301307424759e-01,5.431109125041484464e-01,2.511970353388944810e-01,3.178546456563806633e-01,6.627425583791695107e-01,6.119920500617385128e-01,6.876877541347952150e-01,4.509549482109928564e-01,5.216316322322869237e-01,2.116283276590819329e-01,5.606078236550011695e-01,6.551792483552508761e-01,4.984951436485839937e-01,4.630219532866777232e-01,5.910392820605188113e-01,4.307033602598164812e-01,6.838463230325686482e-01,7.042939796525272689e-01,7.626523054857228257e-01,4.869000149154620871e-01,2.880321330956154835e-01,5.231540953077016276e-01,6.744094538878793177e-01,8.069734807693118572e-01,9.275379511880339489e-01,8.235436935579768525e-01,5.702515741994166332e-01,5.424537720701778643e-01,5.902368949598284509e-01,6.466086367158644377e-01,6.660326944578287556e-01,7.441513231768922543e-01,9.212177997706094690e-01,7.555771682534977440e-01,2.159903264093430697e-01,7.223173498547796889e-01,7.877279510109422844e-01,9.724134633824298435e-01,4.091551528459759779e-01,-1.971526584415295158e-01,6.594413496561459809e-01,7.516039186976845032e-01,9.628580498845374924e-01,8.948036459290498179e-01,6.878713289870179715e-01,9.493206773685360922e-01,7.727556847553027630e-01,4.605020411916744827e-01,7.880759470836465885e-01,9.763327229510403438e-01,7.901524938331622172e-01,7.432697807297921067e-01,2.431636331842703391e-01,7.865003862776636101e-01,7.467968475264658013e-01,4.723624997181380958e-01,2.591314329092345714e-01,2.255825497138673752e-01,5.054069505442562171e-01,4.122772261697768004e-01,9.552785922239100946e-01,3.536476674146231680e-01,5.811390674194345518e-01,9.092012078510941508e-01
8.891842389514026390e-01,5.991976310858240229e-01,9.217259022726813633e-01,3.147448982551127594e-01,0.000000000000000000e+00,1.035384043670504045e-01,9.093235574514524355e-01,4.032799004115625308e-01,5.327307184379378446e-01,6.429065883032369921e-01,7.646990085365986678e-01,7.303399201436744370e-01,6.198201586137219721e-01,9.883718204321997325e-01,7.299873725942788161e-01,7.818249072023436552e-01,9.005017171015992083e-01,4.664382830753083797e-01,5.595224158040362772e-01,9.957997888074283654e-01,2.308717330790404643e-01,3.735649326344683274e-01,5.976819311771879306e-01,9.690321115669342511e-01,9.436306712166034338e-02,4.412361252456650229e-01,9.755404966281175927e-01,8.866163007206591118e-01,2.502363261563601560e-01,7.466985182377940955e-01,2.565638649533233395e-01,5.137729130756415463e-01,8.028651228119146888e-01,7.387705887413396066e-01,7.237880908363010235e-01,2.530946285304884746e-01,6.783967668841066612e-01,6.968693297654489083e-01,6.196069643426337370e-01,5.051138242081576468e-01,5.740742152684904509e-01,6.628199423086433839e-01,6.741961334730406374e-01,7.619774187550735212e-01,9.794906543761391360e-01,7.767522688597595648e-01,2.798471692744524675e-01,5.090045047399071043e-01,4.927118313262199290e-01,6.829059375141808275e-01,7.110398866488620850e-01,2.725390224122881677e-01,5.935188636753399027e-01,7.341290559825075501e-01,4.766049436370207171e-01,7.094230790213353899e-01,5.415386543832502175e-01,9.673151847104130008e-01,8.106213700516036180e-01,5.249138406862375872e-01,3.707594732091709089e-01,1.390150877124038953e-01,8.366487324567088990e-01,8.222275291693136312e-01,7.377966391901931154e-01,8.247385352408483916e-01,5.951781366258959149e-01,8.665022208503319057e-01,5.885192794041298470e-01,6.911164019602408226e-01,6.579479337707292430e-01,5.601355499013186412e-01,3.389770827337232895e-01,1.067792779280189869e-01,6.901480019923460496e-01,3.398551776174082439e-01,5.217111564273242408e-01,6.617515820409974880e-01,3.113593991798371263e-01,2.891758663895652726e-01,7.884178559730544711e-01,6.403017472969112500e-01,7.038350450989184770e-01,5.747479024565531613e-01,6.758575392939215609e-01
7.515426223945961270e-01,3.260838972354078713e-01,1.363672933602851356e-01,7.793882844660965370e-01,1.035384043670504045e-01,0.000000000000000000e+00,7.400779335888406640e-01,5.113396366170076535e-01,3.386897045131942452e-01,6.407767352743458655e-01,5.827230437877932712e-01,5.287914586421520458e-01,5.755380412041672944e-01,6.949039008157554820e-01,7.002857987795839678e-01,7.066409266593627614e-02,7.709043828908435092e-01,2.146701044158469407e-01,7.998972391853156338e-01,5.144541062032782497e-01,9.843369948006271963e-01,5.207772302385860197e-01,7.419699261906593790e-01,6.338349438105761458e-01,4.808839307170082455e-01,6.064182971262893629e-01,4.527337844947474932e-01,7.599165832770472528e-01,2.728341532278401038e-01,5.900964745809751388e-01,2.158687970575738357e-01,4.459752669112048706e-01,4.159481809967346955e-01,7.482527044361515500e-01,6.386664675172618599e-01,2.222410971892375409e-01,5.050043053278540084e-01,6.387667156954360825e-01,6.178572837769664705e-01,5.850937706088710222e-01,9.340454409960284865e-01,4.246906519882021613e-01,4.866128857773274752e-01,9.578189337139672022e-01,8.336276340032352516e-01,7.521030644898663020e-01,6.120951415887260216e-01,5.617557105127177763e-01,4.129704733666085814e-01,4.395593040558959386e-01,4.551174736757732098e-01,5.084736959904061493e-01,6.957442677567982070e-01,7.137659565543509332e-01,2.943973178059798301e-01,7.215685861237349785e-01,5.634094065263145490e-01,4.859179499213933107e-01,8.933219164276292590e-01,4.075439602439415721e-01,2.938311034711410530e-01,1.682702185816916940e-01,9.284111844686356863e-01,9.657851527456393637e-01,6.338068431278800485e-01,4.482770141733732894e-01,1.499904667345550724e-01,9.659307404450685475e-01,2.838856510160852609e-01,7.663004732906718575e-01,2.943029534453765472e-01,5.887716915430469822e-01,5.857380059435947084e-01,2.887631626171729415e-01,4.089462519902131721e-01,5.677035462084492057e-01,6.434368882449119642e-01,6.993548152359875258e-01,6.022275931121389148e-01,7.126291105155565520e-01,4.441881407235825918e-02,8.337255647152373994e-01,4.305552401750280533e-01,4.413839294678426062e-01,7.216583281909622061e-01
7.794891544431237218e-01,6.326336978164446290e-01,9.286351956741184521e-01,6.833207230815618871e-02,9.093235574514524355e-01,7.400779335888406640e-01,0.000000000000000000e+00,2.877949232215253894e-01,4.588299768416106983e-01,4.894829824648471162e-01,6.830329474825955760e-01,5.662655301039224431e-01,2.202317999083593381e-01,4.331372864472394224e-01,7.191129613694848821e-01,5.299025415948672713e-01,5.424136261172149975e-01,3.952411987824044903e-01,5.414967326394055647e-01,6.627653563800067760e-01,8.281701287660911959e-01,7.139990441710208913e-01,4.510199467868714618e-01,5.433338073605766816e-01,4.633807976131936179e-01,3.198468229911475280e-01,7.808135709191552642e-01,3.784423187815985079e-01,5.644217968494048554e-01,5.487259419208320166e-01,6.459537608896777083e-01,5.598139725040691683e-01,7.342203995106372227e-01,5.778129610157722862e-01,2.386032582217033071e-01,-1.258324287536059516e-01,2.688083159804525168e-01,4.197642809762930916e-01,8.139592118312789504e-01,5.376061724893446137e-01,3.949107582806885564e-01,4.200905834836337061e-01,8.879287867902418974e-01,4.497193225662863281e-01,7.647167478677663333e-01,6.777309263636728254e-01,5.634160137998002194e-01,6.365616139219414382e-01,3.223556676499393925e-01,3.200699258525352420e-02,3.588428718957003549e-01,5.081286963302485971e-01,5.109280480216656928e-01,5.591556389213018230e-01,4.091412296712169661e-01,3.375440761602248596e-01,6.763696530600151746e-01,5.398940663790895433e-01,8.515413033646619390e-01,4.043464872686487466e-01,3.580893154397278844e-01,6.449447098388016997e-01,4.428744704000235899e-01,5.639530523260993800e-01,7.000099789648117632e-01,4.897849341759206721e-01,9.264195129464065925e-02,7.600668469806002303e-01,5.229070819378270896e-01,6.054966784065628493e-01,5.662524889278223172e-01,6.467225982388905559e-01,-2.013971104607035767e-01,6.601607051027180706e-01,-1.018996630011329979e-01,8.998147854136897550e-01,2.361728976977474359e-01,1.226346862044534469e-01,7.395956602385293788e-02,3.359779233883926075e-01,9.487599450143313629e-02,5.570325432416411982e-01,6.789967496863281715e-01,4.804915861592216064e-01,2.287269741081495167e-01
4.748401414693163014e-01,4.834247210041917597e-01,5.655143370747549580e-01,2.747803027034577683e-01,4.032799004115625308e-01,5.113396366170076535e-01,2.877949232215253894e-01,0.000000000000000000e+00,5.181904239026892123e-01,6.001264806922663730e-01,2.230065626215076147e-01,5.207406784097337038e-01,4.814694946351038007e-01,6.394068715877022635e-01,7.262278471147111114e-01,6.874444346682155871e-01,4.589372297780686671e-01,4.713071774627594079e-01,5.796678427334608363e-01,2.808151332096494590e-01,6.886367385230964810e-01,7.883026916802653439e-01,2.399399475400436077e-01,8.701808600448355246e-01,6.999376901970655318e-01,4.000860719378057651e-01,4.448096038899317373e-01,7.665842917672425205e-01,4.490976457910260677e-01,2.609262743894396053e-01,5.813227122955584303e-01,3.395628104453096152e-01,2.508565107144981043e-01,5.359316082323063446e-01,7.156766165151021708e-01,6.877547119046463209e-01,3.539089391589894662e-01,5.285367027097724879e-01,6.338746438378720649e-01,4.670205635091571050e-01,3.077286357753113988e-01,3.011268844935529598e-01,7.450325592516727768e-01,5.736668108833514745e-01,5.345287039970834098e-01,6.651357989973417650e-01,1.023534985112169449e-01,5.203437964655890369e-01,6.384200095554035670e-01,4.942186903362048578e-01,7.756066239240293481e-01,2.000839521168103485e-01,4.125680434481712178e-01,5.612877171052762515e-01,3.651794358149483832e-01,2.967937278511094124e-01,3.193164864917121676e-02,7.024892877999833196e-01,8.305331125708099727e-01,2.597666735995239895e-01,2.396484955432540698e-01,8.066137072204672132e-01,3.462823396449202784e-01,6.659317251181207098e-01,8.917143281401519461e-01,9.176112081139056187e-01,6.366182747744771886e-01,8.847301554175774907e-01,7.467716992733715309e-02,5.505385517811958174e-01,4.146273240555787831e-01,2.490491964239215927e-01,4.365259025197613107e-01,4.779253012054411887e-01,5.905044621572257402e-01,2.151191500445857330e-01,3.428191149836003482e-01,5.758855169281372754e-01,4.229730186457735241e-01,3.423900539581316016e-01,6.104568630000788421e-01,-7.877911239617169104e-02,5.737612325845596883e-01,4.310048395372865215e-01,4.740426817800942882e-01
3.379744730903504468e-01,7.535649513652797893e-01,6.501409145094890762e-01,5.942837847752192593e-01,5.327307184379378446e-01,3.386897045131942452e-01,4.588299768416106983e-01,5.181904239026892123e-01,0.000000000000000000e+00,7.620763678153456011e-01,6.276879367649172980e-01,7.322759668839566860e-01,6.280489359509751068e-01,6.656853396022722746e-01,5.571291032777582197e-01,6.881684272834930338e-01,9.868544305919024762e-01,5.350817270663399405e-01,4.258846139788215468e-01,9.243285191472230267e-01,9.536537427528406496e-01,5.123969955189049408e-01,2.131276842746054334e-01,9.859651569582102981e-01,6.222620025868922378e-01,6.707478786965509476e-01,3.179665616234791936e-01,6.174417341880794607e-01,7.733562875581165841e-01,2.621845381250756946e-01,2.928420892776560369e-01,4.212174960336164675e-01,7.968118170562497049e-01,6.649332380300464473e-01,5.654005294405104465e-01,6.771057808959971558e-01,-7.175739609093115257e-02,2.577962571241334544e-01,3.433374663055498432e-01,5.495066248050050062e-01,6.373663734040897477e-01,7.656168894078336784e-01,6.118909162656203105e-01,7.989380976933908585e-01,7.870441776412121504e-01,9.990258171806731813e-01,7.036764211846391337e-01,5.263563762250498268e-01,7.071229456295323734e-01,5.460438564978662423e-01,2.299647668183649185e-01,2.239848355645480127e-01,9.426280546363581259e-01,7.960229897476254202e-01,4.518003420967725559e-01,9.688076069220463715e-01,4.031213597768383283e-01,2.826940628571494307e-01,1.259522566665703391e-01,2.764874005186692685e-01,4.122385601590271009e-01,7.262837840359362973e-01,7.903257933096812238e-01,6.788989588936880093e-01,5.200191984741102669e-01,6.314843055933238025e-01,4.088998158441021213e-01,7.145646051182777958e-01,4.045639190244147421e-01,4.096093267591446319e-01,4.629888749155216532e-01,3.749417115891841012e-01,3.558211227700528445e-01,5.618378655101756713e-01,7.902964798459033435e-01,3.939983394631166869e-01,7.202605183013680579e-01,2.400238304455561966e-01,7.966286119714365288e-01,3.357573514542283588e-01,4.526543950719312259e-01,1.919790701066394767e-01,5.646744727174739520e-01,2.273215388527655145e-01,3.551274624790295986e-01
6.080955590400898281e-01,8.130116501893840386e-01,4.758496614082994847e-01,9.847200571201012442e-01,6.429065883032369921e-01,6.407767352743458655e-01,4.894829824648471162e-01,6.001264806922663730e-01,7.620763678153456011e-01,0.000000000000000000e+00,4.644451883519511437e-01,5.012974646163738113e-01,8.693608253814690823e-01,5.053696903282183239e-01,3.998722081190827504e-01,3.105690674912253701e-02,6.434625759585694826e-01,6.522816193738043555e-01,4.591287138783259891e-01,2.970193576437588634e-01,5.813136951266859587e-01,2.811356044926155429e-01,6.842822345034043074e-01,4.747700537547694388e-01,1.507783204155330736e-01,7.958825329616081579e-01,8.801211358060150314e-01,9.335672156887590001e-01,7.889853455556052886e-01,3.085570503753514715e-01,6.178773213944284415e-02,4.431886138411935128e-01,7.926947230450372972e-01,6.552643569069884766e-01,6.782044192869610688e-01,5.967253983959581731e-01,4.505436715145681031e-02,5.981282476399045755e-01,8.248373086201378213e-01,6.830920713170848257e-01,7.714047474038370211e-01,4.241172651896785162e-01,5.395386632229464130e-01,4.207058077898463977e-01,9.108440581580231621e-01,6.368062230192019779e-01,6.124814903586399684e-01,4.217473376694250708e-01,3.271927109136707479e-01,3.490709305451575872e-01,2.235736264803732110e-01,7.688277154749803000e-01,5.182305034798889709e-01,5.567654513160412710e-01,8.750941912388532362e-01,6.296972839368273345e-01,6.441813826897726525e-01,8.013096192085304992e-01,4.402684596176809073e-01,1.266210934627216844e-01,4.634334526126550058e-01,6.884619614446134683e-01,7.906162040461566232e-01,7.978244903354252404e-01,7.944073698449011234e-01,6.547830561068502808e-01,6.741763801908564613e-01,9.826873074121227347e-01,6.986853385713834852e-01,1.270248190063101579e-01,4.255058238802914561e-01,6.418614068710688514e-01,4.460192074012344077e-01,6.333008865442858459e-01,4.527264999655720712e-01,7.029517005843003430e-01,4.995642505865095506e-01,1.095485036798248962e-01,5.960605340252684847e-01,5.666061766653215370e-01,5.187872412481966400e-01,9.530138883231367153e-01,2.566157758167364467e-01,2.514228240875117093e-01,3.579711466845012652e-02
4.492459815059768879e-01,4.924453805384534366e-01,5.059747496801987321e-01,7.486620158124837054e-01,7.646990085365986678e-01,5.827230437877932712e-01,6.830329474825955760e-01,2.230065626215076147e-01,6.276879367649172980e-01,4.644451883519511437e-01,0.000000000000000000e+00,7.691714093245405337e-01,6.205557455347354701e-01,5.900635094624392396e-01,7.756888674085544721e-01,5.262352557207570225e-01,8.672066262221062027e-01,5.902092008462322958e-01,6.467989125747295454e-01,9.391575597071970538e-01,5.594471245938463788e-01,5.028555449851259684e-01,6.044426014995639695e-01,8.589480825427104893e-01,5.480339401369739294e-01,4.945391891224160674e-01,9.830348086199758306e-01,2.518135540397600236e-01,-1.382541428750899692e-02,2.757340591235935001e-01,4.514675535069807011e-01,3.477634677318839351e-01,8.019879959197554475e-01,4.048284479894032617e-01,5.931920113174558029e-01,1.330485322333678222e-01,-7.012380367532961012e-03,4.951301106122811269e-01,6.414745258913790993e-01,6.696872522671979411e-01,7.982648002228531769e-01,7.539695462475767274e-01,6.477427324231951333e-01,6.731159484400690562e-01,9.398487836136706353e-01,2.647535604943771492e-01,7.856141100270520594e-01,4.496792940059754495e-01,5.104246023193724779e-01,4.984664311232409606e-01,5.693400830446054828e-01,2.686462328244470510e-01,9.171412555153540813e-01,4.885703560376752908e-01,8.652679722662715012e-01,7.241552817108922735e-01,6.119207647080698864e-01,7.096453733999037450e-01,4.556793165478001395e-01,7.170127094423099923e-01,2.454166716422164773e-01,4.119147726415266497e-01,6.908846767654515109e-01,9.633910168207807656e-01,7.964632473368637999e-02,3.046067928273612502e-01,4.438171302449518407e-01,4.031750626620632105e-01,5.810415104762689520e-01,8.169352277933511486e-01,7.892020221789448620e-01,5.574027494185236353e-01,3.745353892128889806e-01,5.015210113445516260e-01,4.433747414412240739e-01,2.363324732128687933e-01,8.383275537026089186e-01,8.666656026235117771e-01,5.519485431860411406e-01,5.876788435986302073e-01,-9.972694644868744518e-02,7.710448322780719677e-01,5.016131216571684259e-01,7.463552841479119682e-01,7.570895114700953998e-01
4.604792662877720266e-01,6.459406134138396816e-01,6.958271522451059399e-01,4.000189893251342999e-01,7.303399201436744370e-01,5.287914586421520458e-01,5.662655301039224431e-01,5.207406784097337038e-01,7.322759668839566860e-01,5.012974646163738113e-01,7.691714093245405337e-01,0.000000000000000000e+00,6.987784484523286155e-01,3.646073401364464672e-01,7.556055180373331126e-01,9.990689333559308327e-01,5.132388535025779186e-01,5.623838392478212045e-01,7.057503584349602566e-01,9.708557471769815317e-01,6.030407119032105134e-01,4.520041963180540523e-01,1.643904828746892144e-01,8.762989002156307272e-01,4.594093163777293043e-01,6.260506392865120562e-01,7.896405785323515891e-01,6.114416001820421886e-01,7.557210852814808533e-01,6.072961141001825824e-01,3.074233717949817132e-02,3.642377823730313935e-01,6.732753182766479938e-01,4.565182856913510001e-01,5.624242076784486954e-01,6.818879000101358834e-01,3.885434031496344809e-01,5.548966359753421118e-01,7.604939001724546621e-01,7.202627265686432079e-01,6.809535838408770081e-01,4.088430987444873210e-01,3.507455803290739360e-01,7.182835253691787214e-01,7.620919969978658948e-01,6.755490312564543798e-01,7.275594581228769231e-01,6.796654657719026771e-01,4.065363879852746942e-01,9.663738284659216804e-01,3.319060304345959889e-01,5.364518443787100743e-01,5.528471464904731736e-01,7.665053615192719549e-01,9.273708465211624175e-01,4.174892327913340417e-01,5.285024885781612891e-01,2.474330325259584962e-01,4.625422998524389984e-01,4.913876062845546344e-01,6.696329928838953283e-01,9.567138908962281585e-01,9.762445480024672939e-01,8.017232380179651896e-01,3.873840847263428921e-01,4.181150811905610110e-01,5.159413613183539971e-01,7.500058761415175912e-01,7.555642541578072580e-01,5.174884090829001693e-01,4.349706707744857570e-01,7.555790563754865019e-01,3.679114402570706766e-01,7.695948773155389944e-01,4.780742454089584315e-01,3.091576938288512766e-01,2.812354906815552891e-01,5.715378001875445202e-01,7.597841789641369692e-01,2.333055933723336972e-01,7.887052043518507638e-01,9.670357621899287048e-01,2.753734304257981491e-01,9.533665674845176463e-02,7.699716184849477729e-01
9.262718081367631306e-01,1.084501609647424147e-01,9.057423815759699792e-01,5.667367124438302817e-01,6.198201586137219721e-01,5.755380412041672944e-01,2.202317999083593381e-01,4.814694946351038007e-01,6.280489359509751068e-01,8.693608253814690823e-01,6.205557455347354701e-01,6.987784484523286155e-01,0.000000000000000000e+00,2.113229512604708205e-01,7.674109161050646222e-01,6.092458466095446168e-01,7.777330811191761617e-01,1.183715597695802757e-01,3.226589532938344274e-01,4.216883987689218904e-01,9.239894934004114768e-01,6.911043627608512985e-01,8.551452319579005978e-01,9.576319346079682493e-01,4.108761356033160395e-01,6.626182127053129589e-01,2.748531814716755894e-01,2.166703135475404884e-01,4.004416964064228535e-01,7.274384579507777726e-01,5.903060477841219900e-01,2.516242178209124880e-01,8.367189602680331628e-01,6.457976193554519906e-01,8.413184810080956977e-01,7.658835228461307043e-01,4.285077702034049141e-01,9.358346916762795287e-01,5.142495860676006281e-01,6.224581124411469046e-01,-1.001497529960412025e-01,7.342608810420445664e-01,9.391228279548169411e-01,6.023183959478910499e-01,5.748065684403369513e-01,7.995208167460239324e-01,4.823686927885211806e-01,7.367433876744721166e-01,9.656311616829980071e-01,6.027419639651965255e-01,5.927487409876011082e-01,5.528178940341591519e-01,7.271286868623132449e-01,4.832583902267556519e-01,7.929743475236625816e-01,9.696111094778805395e-01,2.081789209028346022e-01,7.165888353878226980e-01,8.467208781782997740e-01,5.412757803938257339e-01,5.336527189492317191e-01,4.647623024075131504e-01,9.090490431429492091e-01,2.105146731160993379e-01,8.763275313569293123e-01,9.075404824359287748e-01,8.126531935284491137e-01,6.230821725473512096e-01,5.326120494871697808e-01,9.730600965801589064e-01,9.025828162351314798e-01,3.704856674317266729e-01,5.356311889366769385e-01,2.084801178884345130e-01,2.429690905363562359e-01,1.996692188305209947e-01,9.791957204266483750e-01,7.503877687074742564e-01,2.486431810361784955e-01,-1.344900112324546870e-01,2.248394056289290954e-01,5.418399395300529386e-01,4.174657433602624312e-01,2.794451791317658640e-01,6.819687831218852470e-01
5.712976773716953449e-01,5.262939888052086124e-01,7.127534267130324341e-01,6.662226481997109984e-01,9.883718204321997325e-01,6.949039008157554820e-01,4.331372864472394224e-01,6.394068715877022635e-01,6.656853396022722746e-01,5.053696903282183239e-01,5.900635094624392396e-01,3.646073401364464672e-01,2.113229512604708205e-01,0.000000000000000000e+00,8.529218419075144109e-01,8.988610548713529269e-01,8.495805407220771155e-01,9.159760004258254984e-01,6.281778812148681723e-01,6.633330933493838399e-01,7.700883466207868455e-01,9.929908213792595362e-01,8.991026285611245505e-01,7.522136893804843849e-01,5.222001193983426548e-01,4.327679852418466200e-01,9.019850275983668508e-01,6.122943022369010668e-01,6.263538649127109448e-01,4.044868179708492328e-01,2.472846032942157268e-01,6.086887275066797942e-01,6.149154371349714321e-01,6.447353687530963384e-01,8.729141123384027701e-01,6.350820101208398683e-01,2.688724837259121592e-01,4.542409841675189575e-01,6.289570507071279293e-01,6.117929705929969764e-01,2.807739667181124443e-01,9.393275279819940371e-01,8.142823426151462041e-01,4.311135037881989041e-01,9.078291647784484386e-01,9.374038670784103910e-01,6.770134485087023757e-01,4.029848189077533394e-01,9.242946095840947063e-01,7.766092312513522833e-01,1.983056746572518514e-01,6.105277219556251578e-02,7.906261167085750774e-01,7.966507065533983134e-01,5.261696501226902356e-01,5.161984039097602395e-01,3.555360855593764358e-01,6.556956153643342944e-01,7.171399283829704707e-01,5.201514563562528171e-01,3.158141096612003818e-01,6.447950239626272229e-01,6.282938292508981615e-01,9.442473789679962648e-01,9.001914647914024403e-01,6.795058085946397153e-01,6.923892165898659634e-01,8.572149003955319424e-01,7.612559786783337223e-01,8.956297027974753355e-01,4.242507417864105901e-01,1.151674320088062614e-01,1.022894728591390162e-01,5.298410116033617223e-01,2.583493557167256260e-01,5.530198985998302508e-01,4.951882358052758226e-01,-9.637381313207177280e-02,2.933009039645289584e-01,4.537029132565504885e-01,7.799339432008075557e-01,6.725562161229630131e-01,8.402520880587702745e-01,6.718869092650331387e-01,8.576986570140600064e-01
7.320402093510069985e-01,6.603689826859687750e-01,7.623264011179285982e-01,6.207942798639628501e-01,7.299873725942788161e-01,7.002857987795839678e-01,7.191129613694848821e-01,7.262278471147111114e-01,5.571291032777582197e-01,3.998722081190827504e-01,7.756888674085544721e-01,7.556055180373331126e-01,7.674109161050646222e-01,8.529218419075144109e-01,0.000000000000000000e+00,7.920501220008161480e-01,6.863316058227089123e-01,6.584686422511252246e-01,5.713461261484807929e-01,6.406861181594012411e-01,8.635754507833995897e-01,7.154811729527612574e-01,7.661529096206163292e-01,9.644053048567080566e-01,7.449983539121231013e-01,5.771020968965494546e-01,6.179909536743208864e-01,5.608092676376816854e-01,5.187853301912230819e-01,3.382345545178889745e-01,2.469976938898220120e-01,5.631609505382670910e-01,2.946044311219059852e-01,7.387627485982632969e-01,8.922166735516243730e-01,3.309892665941208123e-01,2.949939911706382922e-01,5.018976979533643634e-01,2.587492256770582699e-01,6.900919637681514063e-01,6.410541444598792937e-01,2.578877788796301584e-01,8.036740550938720196e-01,2.438472436398844423e-01,8.625645373138270955e-01,7.987180089606232825e-01,4.858858106743095817e-01,3.448704593390515827e-01,1.965053625756300049e-01,5.495107837826553876e-01,7.818481677643520644e-01,2.379477009682761102e-01,5.617476938295089539e-01,2.501832698786850551e-01,8.860430422261995620e-01,8.165111073644655271e-01,3.768951217708820800e-01,6.438794174581649044e-01,9.541999719952968251e-01,5.689353080391270634e-01,7.755674905049324275e-02,2.554938202867793606e-01,3.565118694533553345e-01,8.508852067409249376e-01,4.821355561624612873e-01,2.090508321690723037e-01,4.364839457679717816e-01,4.910701789089926828e-01,7.350716824780887393e-01,2.270682500252013680e-01,6.702094168520118522e-01,6.842654909372390959e-01,3.568053999777487384e-01,2.055569082345460319e-01,2.425177590175019715e-01,6.032430564264892325e-01,6.241907609183082739e-01,3.901770339759843553e-01,1.188290052618589804e-01,-5.737552487631525366e-03,2.118887146144161626e-01,6.984237468874872068e-01,6.390065262985848982e-01,6.988652388494899226e-01,1.354120708252417593e-01
6.901224411023798577e-01,5.435425863820706471e-01,9.258890447239702670e-01,5.183833284268162256e-01,7.818249072023436552e-01,7.066409266593627614e-02,5.299025415948672713e-01,6.874444346682155871e-01,6.881684272834930338e-01,3.105690674912253701e-02,5.262352557207570225e-01,9.990689333559308327e-01,6.092458466095446168e-01,8.988610548713529269e-01,7.920501220008161480e-01,0.000000000000000000e+00,1.864820862683581326e-01,9.044242919703754380e-01,8.197055942277969853e-01,4.058212051355581940e-01,9.901708005147824565e-01,3.845553440170925152e-01,4.785403888133219485e-01,6.916913578805958807e-01,4.946029565995327948e-01,9.736159158685073756e-01,4.139675876672043175e-01,9.462649795042035183e-01,2.769061774713120760e-01,2.305359131920677596e-01,2.390440138715150264e-01,5.136650467656649344e-01,9.998810030895827206e-01,3.915999231556469562e-01,9.102153854694059465e-01,2.028869271001369212e-01,1.271577285633585797e-01,5.109661939697954791e-01,6.060387194409283529e-01,6.395527591767463660e-01,6.141821720126339201e-02,7.962655681997140578e-01,9.390137571636456570e-01,6.242576197119962256e-01,5.009296377242326015e-01,7.071042174035468975e-01,8.764781705490065633e-01,7.170114852504616554e-01,2.077527362633680152e-01,5.051277935294954391e-01,8.561388017234883296e-01,4.701769759138167970e-01,8.006737351441086670e-01,5.672061846866491841e-01,9.567294263567994728e-01,8.987035920055055360e-01,9.560725315714023731e-01,2.276765640471778429e-01,-4.510634253231080026e-02,4.303522293673461285e-01,2.705299646866586860e-01,2.584143879673919120e-01,6.362252610341954107e-01,7.240582497140902740e-01,7.077810302866219816e-01,4.146609309225143258e-01,5.400361934408790532e-01,9.025426389597576149e-01,5.511100854522477110e-01,6.501304352463787017e-01,7.428250123008725003e-01,-6.407362856432996523e-02,7.188442495744332694e-01,3.168970984922238610e-01,3.778617550667687786e-01,2.523556283345244622e-01,8.614236033285973537e-01,3.238391663378288876e-01,2.650018878765225128e-01,1.659232987695544725e-01,7.737341892901681284e-01,6.165676549378994453e-01,4.776731165691069370e-01,3.002635347870103444e-01,6.806681667986965723e-01
9.059321143266449994e-01,2.555554243838358275e-01,9.672722875130765896e-01,8.886578778751846874e-01,9.005017171015992083e-01,7.709043828908435092e-01,5.424136261172149975e-01,4.589372297780686671e-01,9.868544305919024762e-01,6.434625759585694826e-01,8.672066262221062027e-01,5.132388535025779186e-01,7.777330811191761617e-01,8.495805407220771155e-01,6.863316058227089123e-01,1.864820862683581326e-01,0.000000000000000000e+00,3.010001595366090243e-01,6.367091376695833693e-01,6.355102598535099512e-01,8.747337167621149767e-01,7.103070881376276624e-01,7.222886089481153071e-01,9.556323114394695839e-01,3.132645810373191897e-01,9.560965184861552890e-01,7.282005541792648806e-01,4.212661282290025566e-01,5.659108996967512351e-01,2.134679825684788756e-01,5.286019105353323422e-01,6.606447266097308368e-01,3.567313046590945280e-01,6.461870458578755638e-01,6.429213337810907314e-01,6.566507815370492551e-01,4.416392477411948403e-01,4.430382870073042434e-01,8.116636266802534916e-01,7.843581846033634841e-01,3.891437867900811032e-01,5.403457962577824514e-01,6.998901698191349885e-01,4.266920624168184517e-01,7.860178753487280234e-01,5.738572964672119525e-01,6.211021505226772543e-01,3.659061797713037967e-01,7.460406914385506738e-01,6.944762389074405906e-01,4.587200758884705243e-01,9.010147639804574338e-01,8.862667218144226755e-01,7.799081906697136191e-01,9.343703211940529441e-01,8.925652833452424328e-01,2.933793894917449685e-01,3.746813679833026489e-01,7.233817789146290700e-01,3.462934675022999453e-01,4.369277238437000443e-01,3.819006569524830974e-01,9.401539781130051621e-01,9.461166950631452188e-01,2.438116513610075198e-01,9.012725460612071027e-01,7.975424394322616628e-01,9.513665653047923554e-01,1.572890599246481447e-01,8.616522903543513134e-01,3.988379812455936646e-01,5.445898592771535318e-01,5.599613482586035529e-01,4.107648546894325792e-01,7.912424006897007533e-01,9.381971114134941558e-01,4.775184871121989638e-01,8.528106639570303127e-01,3.833191664429332901e-01,5.609707235163188255e-01,1.803269810481998858e-01,7.024395598035790833e-01,5.368679120971674434e-01,3.589904758371784688e-01,9.525361094975631771e-01
9.506923721905324864e-01,5.386813032662334244e-01,7.471631461048696687e-01,3.104618311815305898e-01,4.664382830753083797e-01,2.146701044158469407e-01,3.952411987824044903e-01,4.713071774627594079e-01,5.350817270663399405e-01,6.522816193738043555e-01,5.902092008462322958e-01,5.623838392478212045e-01,1.183715597695802757e-01,9.159760004258254984e-01,6.584686422511252246e-01,9.044242919703754380e-01,3.010001595366090243e-01,0.000000000000000000e+00,6.688060532764253940e-01,8.140842154876706260e-01,4.299910945787204231e-01,8.068659836610567737e-01,5.140310641993475205e-01,5.953212031330783471e-01,8.035181840492617855e-01,4.040166981203925367e-01,5.922751893816662339e-01,5.512190702495173289e-01,3.176914705055218779e-01,3.281999190767324048e-01,8.817843347056436576e-02,3.433916443140083707e-01,9.261098055263440321e-01,9.871537143536734948e-01,8.150598573881228104e-01,3.590804014689660262e-01,3.361919883181858637e-01,6.355330580988033384e-01,9.723480732967846318e-01,6.804255754145541735e-01,5.588371045032377582e-01,5.136607447371484003e-01,4.964413766557173591e-01,7.265179327978581458e-01,6.025758287842197802e-01,4.795812394036226278e-01,4.522355011140510306e-01,6.874717085286886631e-01,1.123511218460620936e-01,7.158275732931090873e-01,7.487815614633721584e-01,9.964986433030733615e-01,4.308857747746210887e-01,7.408664452020026214e-01,6.568540133917806223e-01,7.041465558251444046e-01,6.872936306171922860e-01,7.387229452254725492e-01,9.317713699105101277e-01,3.421465182088572199e-01,7.172007396336206320e-01,7.346328634845751271e-01,2.397549262472680187e-01,4.785637986176244918e-01,9.558018922727664624e-01,7.033217450753062039e-01,5.941355201532236840e-01,4.769890794114880483e-01,3.113652473652572250e-01,2.174328532213087306e-01,6.515252208260930988e-01,6.796608194018390892e-01,-1.151207117319752449e-02,5.808874431655507431e-01,2.515601491026023817e-01,4.896283973976503501e-01,6.849580178601341052e-01,4.076821576536120845e-02,3.106522265292123164e-01,3.289382078576906232e-01,5.120338086979905334e-01,6.396151098443547678e-01,6.242911417407357444e-01,5.017000602641737972e-01,7.002292618629839538e-01
