0.000000000000000000e+00,4.735780944975461204e-01,8.869717585708124519e-01,8.295400761075913398e-02,8.323652117113001792e-01,7.645741417143537833e-01,9.029121552789325378e-01,7.400330589545683901e-01,2.779504406469644473e-01,5.749611429431656928e-01,6.440274430495706026e-01,8.997052391083623091e-01,9.566435225083356197e-01,7.426340740316885736e-01,9.239464483351702562e-01,6.070881596353698839e-01,9.538873189594065938e-01,5.403903638020830513e-01,1.192204713181390235e-01,4.337143420360404233e-01,7.603085451755773327e-01,7.788794676696939590e-01,3.563640094866993291e-01,7.198226377440225532e-01,8.624787609645211406e-01,6.201232467416971650e-01,6.328218993915468715e-01,6.238154284759610535e-01,5.163982846559100892e-01,2.214461294685994563e-01,1.352501837434526288e-01,8.378349535456854902e-01,9.266096110329923308e-01,8.630307234920228110e-01,7.906271679797909346e-01,6.637075483311210000e-01,5.557307488823353125e-01,5.927970946244487394e-01,4.876272900635551522e-01,3.979824458477769222e-01,8.151139390075737845e-01,7.182955789880567377e-01,6.903103424428879142e-01,9.420239552071624223e-01,9.614126446795583369e-01,4.254412276404978543e-01,9.078212048830205383e-01,6.559076159295907926e-01,6.738872062799059481e-01,5.136763087479547796e-01,8.122692991425242148e-01,7.145685031854973612e-01,7.401623594025457109e-01,8.114287565084118414e-01,4.862358381314161870e-01,7.607730105322559888e-01,9.583647253178707581e-01,7.913339181632941255e-01,4.111374685482906965e-01,3.836129247139532517e-01,2.013661070800698560e-03,6.932914594982853007e-01,7.922156330056377982e-01,6.073331209558494592e-01,7.087509130469528129e-01,6.473523103822130809e-01,9.487816915476625645e-01,6.561747739262668855e-01,7.957609556006233209e-01,4.643986478874672086e-01,3.270363763471881846e-01,8.607898547939780709e-01,6.488543018219032898e-01,4.468304565938248096e-01,5.865276720358835183e-01,8.129130730160427643e-01,9.067770182846792704e-01,8.692750879864545865e-01,3.412239670917406320e-01,-4.271762648479132674e-02,7.601435989829496975e-01,7.922651255487414002e-01,8.242964953726741317e-01,1.438893490788773766e-01,8.119726832209642753e-01
4.735780944975461204e-01,0.000000000000000000e+00,5.432649380381453508e-01,8.865174982266103010e-01,9.296718375156652892e-01,1.517174038151842819e-01,4.069627519325920151e-01,7.951349290710345574e-01,4.027211474193201357e-01,8.999332979249156095e-01,6.136075150125870348e-01,5.733398948980011900e-01,8.951603053978338664e-01,7.401945971406860281e-01,7.552769725349218755e-01,5.433242280614702935e-01,8.353582271349268007e-01,5.233369181423767058e-01,8.438235739535713265e-01,6.223274031740594348e-01,-2.314242153631713705e-01,7.066976931609671997e-01,3.623385260709379718e-01,9.398139243089562722e-01,4.294081025572586974e-01,6.904698504217225974e-01,7.104074536152781283e-01,6.328765907814006830e-01,4.991824387379502070e-01,7.895505750951234969e-01,1.663707716365284695e-01,7.994919351667473251e-01,6.794223544916774271e-01,6.795930057173370509e-01,9.566998724298274581e-01,1.178426884317375356e-01,5.210232687473901336e-01,5.506063717292233872e-02,7.494883101375886536e-01,5.493869027967243079e-01,4.309985679848828966e-01,6.758047878737616365e-01,6.609744823887139242e-01,-1.371243853112323885e-01,9.951683803534177031e-01,9.079783862954911022e-01,6.053896783629196809e-01,2.520089527321494119e-02,6.428411430408902394e-01,8.621429284888085798e-01,7.127965480741507154e-01,6.998242321711455327e-01,6.063794940850978366e-01,7.589958995978606238e-01,1.891964504144815762e-01,7.221498533230924499e-01,8.443189343970937122e-01,3.620395352709878667e-01,9.145399476179300047e-01,2.480392841952346050e-02,8.292531514530577337e-04,7.309094262914335172e-01,7.619869531417218234e-01,8.016676068401700217e-01,9.014808325578028692e-01,6.313568861095792961e-01,7.274498348873196241e-01,6.407683669412540528e-01,2.393937968877756783e-01,3.444236119734885304e-01,7.312689489180358438e-01,7.433057006299006453e-01,6.302703479811195830e-01,-1.030806272518689642e-01,2.272034415279637620e-01,8.482572164950097360e-01,6.433878244788797662e-01,4.111992678862580464e-01,4.562914266948505104e-01,9.538506723283030064e-02,5.822443953125717719e-01,9.617634877264453763e-01,9.555265176303723296e-01,-1.757399367847223282e-02,5.729472071470433914e-01
8.869717585708124519e-01,5.432649380381453508e-01,0.000000000000000000e+00,-1.273575186452227115e-01,8.448263252740944029e-01,7.396839720941255081e-01,8.399887704873105765e-01,9.947683096448417528e-01,8.930320875596025054e-01,8.602062307208500069e-01,7.125846246007181417e-01,7.897597671551124243e-01,6.566214463789321609e-01,6.378777228485370543e-01,3.223118057646288670e-01,4.008543466135401356e-01,7.829486000387385625e-01,8.720082272433049564e-01,7.006982499523300989e-01,4.720750145164988587e-01,6.952171520858976272e-01,4.822001901043778127e-01,5.577914215667023612e-01,7.740017023907951321e-01,7.864750247268579297e-01,8.256520724631237762e-01,7.993885105775290212e-01,7.140266218388622299e-01,5.560691522482645865e-01,4.844876959579907938e-01,3.609238374495229440e-01,5.807923622314541401e-01,4.593237714949791606e-01,4.687099675596750337e-01,5.365277950510071170e-01,5.301386674282634326e-01,3.338636016700837761e-01,4.071372758633913236e-01,4.764243946910925454e-01,7.588010238124349716e-01,7.646189808924034326e-01,6.893541426549204543e-01,7.690151977432881925e-01,4.174515074864464936e-01,8.123508284656277834e-01,5.527928080135311451e-01,7.233088274033618870e-01,9.451547525843230213e-01,6.577331363209512061e-01,2.561592055785494315e-01,6.749658654277153058e-01,7.574507744757068561e-01,8.529011015418008768e-01,8.246907009751285322e-01,7.045426932786410523e-01,9.833217287912807691e-01,9.012621589448884807e-01,7.757844882325749536e-01,2.376789374310137037e-01,7.865697560891296569e-02,3.881090079953860572e-01,7.298984096504328167e-02,8.000299657491624084e-01,8.019287237561198989e-01,4.262615088156095355e-01,6.098355302274600653e-01,9.505934685128628603e-01,7.451888750402931860e-01,6.253533629669989491e-01,8.074083902139050917e-01,8.285172641317518627e-01,5.533009511303037531e-01,7.844566711367562117e-01,5.375741910899858311e-01,9.481876707551033512e-01,6.426072285600599177e-01,9.971372607375557084e-01,9.075392490590182826e-01,4.678713186648860156e-01,1.966556457793398049e-01,6.913999588059835943e-01,7.608152181960805560e-01,4.968405048100829058e-01,7.090121546432419652e-01,7.245547601996318310e-01
8.295400761075913398e-02,8.865174982266103010e-01,-1.273575186452227115e-01,0.000000000000000000e+00,3.331081746380724073e-01,4.641454438548908712e-01,7.249825540819007097e-01,7.030384018474657992e-01,8.813083990911595444e-01,6.452961201831295401e-01,8.634164499504199952e-01,4.039230874015667938e-01,9.298006366268967149e-01,6.254475673394325197e-01,8.317906817459860269e-01,9.910986766793858926e-01,2.940491453368893060e-01,6.123067541493313337e-01,8.036225972089987568e-01,9.919010252030229235e-01,9.137712783103315584e-01,6.921735720441652973e-01,7.650564188118169628e-01,2.575434876937211515e-01,6.704504788765998091e-01,4.980090030119494471e-01,9.713592608695037489e-01,4.380143403909320110e-01,4.771556221536477072e-01,8.271396405976474964e-02,2.731191572632811759e-01,2.291265994645890480e-01,9.990137925604622993e-01,5.715362299230648535e-01,8.529031321301367985e-01,5.866123406195343781e-01,5.602964657675322258e-01,7.504048903713012031e-01,9.081597872483389011e-01,7.045271975067662895e-01,5.705070959975979683e-01,8.776130815946954211e-01,9.176774533373183163e-01,9.397598208692966582e-01,9.402517444639589828e-01,8.398101520687181187e-01,6.335611876653002295e-01,5.141201614802469733e-01,6.248950250061555689e-01,8.126465690163572342e-01,7.195255968815444936e-01,6.938995821853856105e-01,6.301080734569863839e-01,2.735381322355255329e-01,8.853423685710299917e-01,7.011159507962736459e-01,9.876400176331784353e-01,6.658791793109877233e-01,8.699500549683469863e-01,2.468523891824726535e-01,2.910175648584849561e-01,7.138576464137844635e-01,6.803342341851638109e-01,7.039967883416644590e-01,8.056996555124645853e-01,4.653425862251151512e-01,3.626399483189529649e-01,5.558162755537109367e-01,5.965385864794939819e-01,9.229661980097902951e-01,6.021692687507907982e-01,6.953665595957196910e-01,2.037998866897171024e-01,1.476527109630045576e-01,5.451220646730615682e-01,5.580040660136950104e-01,9.326360413795494742e-01,2.720945382982228877e-01,5.825341189300190514e-01,3.544741933151573932e-01,6.815671773285290058e-01,8.660715821747112519e-01,4.055264298860042915e-01,4.339777553775628904e-01,7.812405943428668564e-01
8.323652117113001792e-01,9.296718375156652892e-01,8.448263252740944029e-01,3.331081746380724073e-01,0.000000000000000000e+00,4.602286934269256280e-01,1.982409240667501737e-01,5.548152036877317395e-01,6.160030625464849585e-01,6.791242967269853770e-01,7.281379098392772864e-01,3.041340690987173190e-01,9.832339352800923971e-01,7.633158643815725064e-01,2.329697320209554445e-01,5.242308505196704438e-01,6.125877337969508618e-01,7.441256669158939907e-01,5.033717438522532506e-01,6.558234888514069549e-01,9.019884727729822194e-01,2.061650098570416978e-01,2.145234168714172385e-01,8.353331327981130539e-01,4.696391660861745088e-01,6.938842437671606245e-01,5.594781101331876005e-01,8.607615793471325993e-01,7.720428387256852432e-01,6.249512776256047619e-01,1.426486319838510541e-01,7.734178746862495624e-01,8.850565132107698352e-01,4.569968461887090605e-01,5.949523252862545242e-01,1.800209974186931516e-01,2.198182286044381237e-03,5.982913139800810631e-01,9.776755283457347900e-01,6.635478512241473892e-01,1.815423888136566688e-01,9.244036939970694533e-01,3.369693711995688234e-01,6.074540870701148343e-01,6.206601802517537347e-01,5.407504848039935696e-01,6.492624858869795457e-01,7.629008252249425137e-01,5.739071327636126041e-01,5.628292238717871321e-01,5.134572609015731759e-01,5.495813589489726425e-01,7.902890884443487529e-01,9.841627798752485834e-01,7.171072720500587527e-01,7.016375725087414805e-01,7.956920269757670194e-01,7.276172213340482697e-01,5.083226105420823870e-02,5.338070035983250028e-01,5.577516736112451273e-02,2.419563253275545667e-01,6.494524960494600929e-01,7.456115422482635369e-01,7.750316425480301419e-01,2.775265664507308161e-01,7.039753808874877894e-01,6.531319757273269522e-01,3.031409694613741990e-01,2.637047199795033436e-01,6.259905269661598659e-01,6.400845060062864134e-01,3.264723750680719183e-01,4.338488493184250450e-01,6.621337092551187187e-01,7.225679825569585324e-01,7.781624289075084189e-01,7.144169778794728920e-01,3.749773909001526961e-01,9.493178712964574217e-02,1.614410898802258465e-01,6.090375733569919348e-01,9.969550927643456850e-01,6.161602520673894468e-01,9.982784387012588745e-01
7.645741417143537833e-01,1.517174038151842819e-01,7.396839720941255081e-01,4.641454438548908712e-01,4.602286934269256280e-01,0.000000000000000000e+00,6.418525928394319680e-01,4.801850966149979749e-01,2.360485284262972827e-01,7.374171379769700607e-01,9.857661001397436396e-01,5.244042729180509177e-01,3.126840904898833817e-01,4.290116124692234800e-01,4.179328411031865698e-01,3.950727224764413736e-01,6.612682685161469509e-01,5.045135197700200136e-01,6.496053883894369330e-01,6.623852897099848924e-01,7.747549517939531505e-01,7.122240265903803103e-01,7.235883753389928952e-01,6.059666036228583685e-01,3.812457589125095928e-03,8.909083542164801806e-01,2.127415924427180083e-01,7.008099694874604380e-01,4.277991068782086015e-01,6.835567297760225536e-01,5.833623165562376034e-01,1.949155256475501030e-01,6.232373747715952428e-01,6.313868068751996576e-01,7.451257561552856457e-01,3.755398232651947499e-01,2.750340853576119793e-01,6.973069451726825463e-01,1.545557129167065558e-01,4.311923861522115597e-01,5.734319542688984805e-01,7.959682428234804430e-01,4.515287815253706816e-01,4.846706034962659504e-01,6.813564141902960225e-01,4.363737281895488929e-01,6.735982244544513886e-01,5.704625429015517390e-01,4.695599079369588980e-01,4.138972077361712798e-01,2.240485631645088294e-01,4.875394121283593285e-01,7.718915664581503799e-01,6.451764520788575430e-01,7.961943335839096747e-01,8.241302244433797997e-01,5.752453510302213413e-01,1.347584644000897891e-01,8.048612564511743450e-01,3.074345291373435374e-01,5.203487249739240372e-01,1.823070001786334937e-01,5.772861258888402070e-01,4.126839455251067323e-01,6.849402755667938214e-01,-9.610383808817037077e-02,7.432714801706112873e-01,9.179013887083381507e-01,1.178649712259893843e-04,3.514495116955259069e-01,9.907820597308674149e-01,3.890153734046211120e-01,2.850965364211670641e-02,1.546374456834735400e-01,6.175547389979098023e-01,6.176163330035655541e-01,7.783875849203416575e-01,4.965291406098055194e-01,1.497084717951308597e-01,3.572885332855250673e-01,5.815770768168158078e-01,8.521720653693385383e-01,2.944461348118396771e-01,2.697784260242432897e-01,7.361462061345098729e-01
9.029121552789325378e-01,4.069627519325920151e-01,8.399887704873105765e-01,7.249825540819007097e-01,1.982409240667501737e-01,6.418525928394319680e-01,0.000000000000000000e+00,3.810534302372192705e-01,6.772369993450382264e-01,4.041842403906600323e-01,7.734681063482695684e-01,8.147910922466160277e-02,1.367898013392388201e-01,4.374808134070107268e-01,6.937718282629316002e-01,4.680831780996183022e-01,8.687078084251496080e-01,5.574706849727760760e-01,2.943511279915389522e-01,9.904905334065847722e-01,8.708097474008771322e-01,4.502221492486782606e-01,2.280592618352848544e-01,7.201242907954167327e-01,6.253395258477404406e-01,5.969054082987430565e-01,3.937770340436627103e-01,5.903449333719903436e-01,4.473752847860294479e-01,5.107425745658865646e-01,2.522713124837838716e-01,4.544800934625944921e-01,4.708373546569132317e-01,7.674424164316411279e-01,-1.168305092229315195e-01,5.507143456940379878e-01,6.569556805705690783e-01,3.566924936493472975e-01,9.996009104553249536e-01,7.109538958327132896e-01,2.659972520535988094e-01,8.001303524574117365e-02,9.918778862911210581e-01,6.937833243652973270e-01,5.561971597335916284e-01,6.339285392766507155e-01,6.303612821439222857e-01,7.739330822362462392e-01,5.684696058291780485e-01,4.780907539595013467e-01,5.898824216706666235e-01,7.958245042590861296e-01,5.219684940806552653e-01,4.732699747883129526e-01,5.274813064446776112e-01,7.743221204824477510e-01,6.382984060560682460e-01,3.836763544774627333e-01,9.508925909681852362e-01,7.422973943173674094e-01,2.729193704058583969e-01,3.062759646232346422e-01,4.788973447625756164e-01,6.874746053257890788e-01,4.151318540492993092e-01,7.068232572427560756e-01,5.807988451437053889e-01,9.224458218486043526e-01,7.532671090058993268e-01,2.283261005510687225e-01,3.271790784206761726e-01,5.896635400812568761e-01,6.389561322128667342e-02,5.842951155692042292e-02,9.870752324097478159e-01,4.469260722862281598e-01,6.363192181948271742e-01,3.257856521882644962e-01,1.421599951018508168e-01,5.829094999379412778e-01,6.527173596151512047e-01,9.966707706771513742e-01,2.323065642758613270e-01,8.168007006429166272e-02,4.788092972304819339e-01
7.400330589545683901e-01,7.951349290710345574e-01,9.947683096448417528e-01,7.030384018474657992e-01,5.548152036877317395e-01,4.801850966149979749e-01,3.810534302372192705e-01,0.000000000000000000e+00,5.328995715772337771e-01,6.622982051101161671e-01,6.148140640142414348e-01,8.744359452897777496e-01,4.012460007707309151e-01,7.236630873791571883e-01,4.282918911727114364e-01,5.047734213759943467e-01,8.593951874492086196e-01,4.434330967882098573e-01,6.166027465934051932e-01,2.104824078649623065e-01,8.519974157717389307e-01,7.331659626497898374e-01,4.952025752240419298e-01,9.342249727164977369e-01,5.430373833800146155e-01,8.680784815746814820e-01,4.881220625869176488e-01,7.587575706814080334e-01,6.275990452957048715e-01,5.633510769859398359e-02,3.954953871914054786e-01,9.677061890830667146e-01,2.221970819504528738e-01,2.204743313318432429e-01,2.890232373559527557e-01,7.084029766994648369e-01,2.475504637236533578e-01,2.495956486046854716e-01,9.717080078929252185e-01,5.939059453182576886e-01,8.703841118559790813e-02,7.972231236950664268e-01,1.736653101471020144e-01,6.880755269055911783e-02,7.062915631952445539e-01,6.258915284436538107e-01,4.091596560974524177e-01,5.887290058433207740e-01,4.003157949824405759e-01,4.520949815603934607e-01,3.120428085915478156e-01,6.493652527945298347e-01,5.776345623448263522e-01,6.548257873470402224e-01,8.008861688031108095e-01,5.307469063248033692e-01,6.218791208956008232e-01,4.582581355283140145e-01,5.254671273332306436e-01,2.652977014132328337e-01,6.767086350933836369e-01,4.300331442157283024e-01,5.188586115333697624e-01,7.639213728137135284e-01,8.764839315329177039e-01,4.737852996504712255e-01,2.952010145291299459e-01,3.059874954802573876e-01,4.558368489634150866e-01,4.165723013069545511e-01,7.535963901510200902e-01,2.590553723194812807e-01,3.088183386791758522e-01,-1.531565400347941475e-01,4.384701324904830555e-01,5.377127200876201663e-01,3.658052685247553115e-01,7.702483967749680360e-01,3.302093665856109528e-01,2.257612777023266237e-01,6.912914082277131778e-01,7.085210891668292099e-01,6.224733789969899567e-01,-1.021306587146137423e-01,4.703262596563219100e-01
2.779504406469644473e-01,4.027211474193201357e-01,8.930320875596025054e-01,8.813083990911595444e-01,6.160030625464849585e-01,2.360485284262972827e-01,6.772369993450382264e-01,5.328995715772337771e-01,0.000000000000000000e+00,9.575747583781757388e-01,4.868587240756810375e-01,5.280256926679056662e-01,3.865854413816183222e-01,5.820111468170299229e-01,4.794970415971139821e-01,5.638863632421085015e-01,8.749141427089415224e-01,7.316615689846197590e-01,4.765378216135209843e-01,6.233748545794870477e-01,7.669092029075806893e-01,8.079542600778505390e-01,4.861718903688563853e-01,6.305027067736874713e-01,4.088964046019758491e-01,4.903191910351583083e-01,6.708575983741504878e-01,6.314500586418372308e-01,7.695866138402801537e-01,5.962885624873465185e-01,5.034340728716558688e-01,7.302869522135350122e-01,7.368703963913094679e-01,7.472336808419279830e-01,5.524398008468127674e-01,5.620613518346012638e-01,4.192956799182130379e-01,3.966487219057304170e-01,5.134595195028742731e-01,5.267952488206458783e-01,7.031672656852253622e-01,5.546302676494525574e-01,5.098611903586283134e-01,8.321923062844408525e-01,8.861867480120338980e-01,9.053084159202462455e-01,4.974594495474078393e-01,7.954947955102948942e-01,3.513097305933581688e-02,3.455842557157034478e-01,1.147446599470480734e-03,7.698462114438547887e-01,7.093630821266100339e-01,6.878264700721682390e-01,7.551537632917590948e-01,7.044577242392362493e-01,2.721573752289735415e-01,5.607808487977616885e-01,6.419520970779658553e-01,6.528857705678003942e-01,4.463856017124795406e-01,5.503983083124139863e-01,4.202777683364296024e-01,7.287829515953315740e-01,7.004968003640220653e-01,7.669899907020740759e-01,6.794794911894459499e-01,3.159293536208319653e-01,2.500140862515518592e-01,7.308070233215234746e-01,5.252957635248445278e-01,5.102223130710290683e-02,4.477936275224154161e-01,6.637691417240519920e-01,2.987552481547492977e-01,6.499558330131830486e-01,-5.406885523094651091e-02,5.916984393204218762e-01,6.049900432337762535e-02,3.703578747215238720e-01,7.515767804586463985e-01,8.668785807435541724e-01,5.481626517328721526e-01,2.541582592814866648e-01,6.723895656547975719e-01
5.749611429431656928e-01,8.999332979249156095e-01,8.602062307208500069e-01,6.452961201831295401e-01,6.791242967269853770e-01,7.374171379769700607e-01,4.041842403906600323e-01,6.622982051101161671e-01,9.575747583781757388e-01,0.000000000000000000e+00,5.730333086126297992e-01,9.244293409823003405e-01,8.133511468198302286e-01,4.298297046974060009e-01,4.475089896765054864e-01,-8.703508268640863799e-02,4.245442182034773193e-01,7.154331631522246049e-01,2.063424415892383679e-01,5.347919882206115805e-01,6.660242282101208611e-01,3.877234455262108803e-02,7.103539551034604438e-01,9.594986718939990666e-01,3.793091629400383580e-01,5.380207664642659982e-01,5.893417480291662791e-01,4.772972639692664720e-01,2.585450769971133211e-01,7.257671992267256469e-03,-8.145403761249730978e-02,2.216921939663617225e-01,7.616533510868805923e-01,3.471133589622618087e-01,4.213104492834578996e-01,4.915800518889841819e-01,-3.695590193397627621e-01,6.741516301612395790e-01,9.560564593980012127e-01,6.854353098948388068e-01,3.604324476816885836e-01,5.826474384754770641e-01,1.179321326009622056e-01,2.046470107267211735e-01,4.916668143183866579e-01,4.378902036621254990e-01,3.193864361212050973e-01,3.698670946167109119e-01,7.375472545328431995e-01,4.050848835179736707e-01,6.638043433284468442e-01,2.413302012873755897e-01,6.192622293314196114e-01,6.651447827126376611e-01,4.655780465746440777e-01,6.142987246083647657e-01,5.527256727998829389e-01,2.272634917098152185e-01,6.629321377308677876e-01,2.070628046624421043e-02,5.621840003574363198e-01,4.987178994350801031e-01,4.920674504462195231e-01,6.193788358865279786e-01,2.146054716906788118e-01,5.300102613833062026e-01,2.319344258700613004e-01,6.211279952252046765e-01,4.875665272914581072e-01,9.935791031421574715e-01,6.941405135828146999e-01,5.434447903694527016e-01,5.415031965751959664e-01,2.192069516411991048e-01,8.965675277069636850e-01,5.169126971106580148e-01,7.258638914237461881e-01,1.478609160406179068e-01,2.758745130069055820e-02,1.669965440765939502e-01,7.860725027477928339e-01,8.534255641882168009e-01,3.548610065114709000e-01,5.612034270479003828e-01,3.099095829047572304e-01
6.440274430495706026e-01,6.136075150125870348e-01,7.125846246007181417e-01,8.634164499504199952e-01,7.281379098392772864e-01,9.857661001397436396e-01,7.734681063482695684e-01,6.148140640142414348e-01,4.868587240756810375e-01,5.730333086126297992e-01,0.000000000000000000e+00,7.319681587453952254e-01,8.619062557310839257e-01,8.819816780837549386e-01,6.610502017111088424e-01,7.558619319530646141e-01,5.114188828922850046e-03,4.217337643122837099e-01,2.885314946207901410e-01,4.321351875846877744e-01,7.916882142038874637e-01,5.931701973941121420e-01,7.329812276331781895e-01,4.254277385165207703e-01,2.764180029707214992e-01,8.032237913772686255e-01,5.805759470863678384e-01,9.450620776067962803e-01,3.248460542838686460e-01,7.345132263501119585e-01,4.717742899399690604e-01,9.395164032076478433e-01,4.804521470086161594e-01,4.279606047030575233e-01,5.019342905760029172e-01,7.732310108036912766e-01,6.251792050483440111e-02,2.734440158103013663e-01,6.702994635092224263e-01,7.349473403440436314e-01,6.839060451131346863e-01,7.270795937341218984e-01,5.473779296364514879e-01,5.705533243684256517e-01,6.938207958887477877e-01,6.064705560263425888e-01,8.830493181451120055e-01,8.814056327465861207e-01,5.565573825182941470e-02,4.660570726861122948e-01,6.862052478776344833e-01,7.909975324902596139e-01,9.141958913806729203e-01,7.660945856022425282e-01,6.311728301290785437e-01,4.966156669416274538e-01,4.779349179509010948e-01,4.855278632870949629e-01,6.424693827707892435e-01,2.322864778018731979e-01,3.234266328432489068e-01,2.316274566992324729e-02,6.642102575207093906e-01,7.801484918287066028e-01,9.665605810623002503e-01,4.247975692566217099e-01,8.714983675585673273e-02,2.720991490966092052e-01,7.196336815918885632e-01,8.905076361182466815e-01,8.599271968192110371e-01,6.184428229879298522e-01,-1.586994468359749499e-01,3.098982624654475493e-01,2.093466031343328149e-01,7.807666212366906056e-01,3.739421153528602604e-01,4.574410147153607498e-01,3.034529102270766554e-01,5.910314036779771296e-01,7.093406302676558139e-01,7.561480140048647547e-01,6.972529378779979137e-01,2.255591976839050328e-01,3.133207267537321261e-01
8.997052391083623091e-01,5.733398948980011900e-01,7.897597671551124243e-01,4.039230874015667938e-01,3.041340690987173190e-01,5.244042729180509177e-01,8.147910922466160277e-02,8.744359452897777496e-01,5.280256926679056662e-01,9.244293409823003405e-01,7.319681587453952254e-01,0.000000000000000000e+00,5.444280441239729429e-01,9.946698566174717593e-01,7.494018766144399102e-01,9.237464530090614412e-01,8.523770255865126266e-01,7.803187577313479562e-01,4.427945028487168533e-01,6.153444046325525774e-01,9.631515009165794172e-01,6.505215625844522342e-02,9.334250399499639528e-01,5.075558671800795008e-01,7.529430660852862722e-01,9.823687763125339423e-01,9.184760804980608428e-01,6.793709876612287202e-01,5.677576909944684891e-01,2.069161278596925169e-01,3.406305744808082459e-01,5.369444192223850054e-01,6.051270157432089292e-01,5.266874746522599571e-01,4.089479319830686133e-01,4.235532299549384927e-01,1.721539567105868918e-01,7.906302747384739149e-01,6.304427151547213892e-01,9.013066396401225866e-01,3.975146232525633705e-01,5.441926045217349017e-01,6.811263250875423392e-01,3.738526048238915989e-01,8.746117267765409764e-01,8.436547740632127645e-01,9.066182266023863345e-01,6.561368573027506201e-01,6.537344329607390758e-01,6.320864863930533151e-01,6.448012640312797972e-01,3.926776029252134759e-01,6.528029311096250620e-01,1.138193518479275849e-02,7.261344971617103017e-01,6.084046207222041369e-01,3.570174228693351326e-01,6.170248110133484953e-01,4.126665140854872682e-01,4.253938875116392571e-01,6.726564991307669716e-01,4.371594975127356397e-01,2.175695044357034980e-01,9.321263078700183780e-01,4.208660780275305657e-01,4.403944367589635034e-01,7.446779314316382958e-01,8.140708104313192361e-01,5.912438705129834382e-01,5.525135030479957354e-01,7.782180793398005836e-01,4.109428047306899479e-01,4.630083569568479995e-02,3.028375885843805904e-01,6.771442484672823836e-01,3.670716001560610509e-01,6.348448867206820667e-01,3.414052094540344640e-01,-9.001980193084284376e-02,5.462206379599596762e-01,2.010856463854939769e-01,9.453698415593542181e-01,7.644662023156374442e-01,1.288849232007364398e-01,8.869388256424507455e-01
9.566435225083356197e-01,8.951603053978338664e-01,6.566214463789321609e-01,9.298006366268967149e-01,9.832339352800923971e-01,3.126840904898833817e-01,1.367898013392388201e-01,4.012460007707309151e-01,3.865854413816183222e-01,8.133511468198302286e-01,8.619062557310839257e-01,5.444280441239729429e-01,0.000000000000000000e+00,6.936243100960883812e-01,8.709155247041996395e-01,7.942214368064350882e-01,5.738258138820261367e-01,8.303461562636831328e-01,9.332747609541470757e-01,6.203530541298439838e-01,9.699389202881202321e-01,5.427213284138514560e-01,7.368280511398687116e-01,4.514167063039857819e-01,2.976728167474458897e-01,3.930488466012422855e-01,1.498575423847980093e-01,7.185278014873406338e-01,5.187677450478319630e-01,5.297954082523229635e-01,5.716987912906675851e-01,1.215730346308647181e-01,4.237556423350329338e-01,4.400197034373778959e-01,7.927162922026560476e-01,5.420420495196731636e-01,6.132948935134272667e-02,6.049787478210406633e-01,5.984996098011103882e-01,6.626951755109540265e-01,1.018288462559167190e-02,6.853218900170396921e-01,4.821261488925307481e-01,7.952397017353012298e-01,8.191855766531875790e-03,7.962616324495830344e-01,9.667241253941764034e-01,7.780936994620488711e-01,6.505126169362380750e-01,8.769402717042924511e-01,5.414302853777576141e-01,6.305514169156252180e-01,9.663773883303548029e-01,4.737969100445346138e-01,9.691551745956977770e-01,8.829770250970174761e-01,7.684378330764767284e-01,6.953271645037479853e-01,7.921842648577916979e-01,2.069442109305771049e-01,6.305796526347377806e-02,5.776130904495049290e-01,6.279736164154209321e-01,7.625170588284524431e-01,5.876334087765000547e-01,6.609651832924688941e-01,2.060909899724893135e-01,6.876471109552789729e-01,3.396747871322880474e-01,7.231473186776162798e-01,6.559627298300850506e-02,9.594579203423418967e-01,5.805381638398161570e-01,3.951859544576454830e-01,3.450276806570637400e-01,3.960924481691652788e-01,9.378519502643969386e-01,6.779519695948255098e-01,4.987566084482677464e-01,4.593455027347923547e-01,5.507840309752851660e-01,9.332895837798946825e-01,1.697401644316822722e-01,5.326405163322834868e-01,4.354480977815237130e-01
7.426340740316885736e-01,7.401945971406860281e-01,6.378777228485370543e-01,6.254475673394325197e-01,7.633158643815725064e-01,4.290116124692234800e-01,4.374808134070107268e-01,7.236630873791571883e-01,5.820111468170299229e-01,4.298297046974060009e-01,8.819816780837549386e-01,9.946698566174717593e-01,6.936243100960883812e-01,0.000000000000000000e+00,9.168208149962647768e-01,9.607408704300435254e-01,6.670329875392129182e-01,8.732455542531206705e-01,5.407706648564183372e-01,5.607044212166644170e-01,4.664591362902436034e-01,5.238220895207397199e-01,7.654744476458984481e-01,5.492288155832635299e-01,3.271268891636999188e-01,7.190926608263361608e-01,6.427570335988074257e-01,4.228965501530819182e-01,2.215061142879197753e-01,2.941434727596870524e-01,5.516229304730786431e-01,5.314988626582297648e-01,2.367968063713986049e-01,1.936094693026936542e-01,9.156954991982582670e-02,6.326787484680597151e-01,-4.714224998593199989e-02,5.037216530203058040e-01,7.735324679855817287e-01,5.080226636345466229e-01,4.671126986012640314e-01,7.724527880434703953e-01,3.636230606713559688e-01,4.779346366679768643e-01,6.205255726790492865e-01,8.574257152372409818e-01,9.193468513547462528e-01,9.167273201698092899e-01,8.478591200738780920e-01,6.004000911454939748e-01,9.290299626280228429e-01,4.854542867868713030e-01,7.355998611636000994e-01,9.488508173589341732e-01,4.567749350453028101e-01,7.033480583031996858e-01,6.690969002251268005e-01,6.380822428770299704e-01,7.872322080424163371e-01,4.782430479551605940e-01,6.390081488603764903e-01,6.646247333387008682e-01,7.381111852189703448e-01,6.334750191604843206e-01,7.511281970964240884e-01,9.409771708520082711e-01,3.550986215624288844e-01,6.660419158063899392e-01,4.788241076165922760e-01,6.537706410277090985e-01,8.902071470436556666e-01,7.172086178516809962e-01,5.917427921301319227e-01,4.340601227951041974e-01,6.383916464112613376e-01,5.237014262715484758e-01,8.770563590438655854e-01,3.525242446613603420e-01,3.733086638064668783e-01,3.985824651755450754e-01,7.137553430053461545e-01,6.468477933707214023e-01,6.952889021736589070e-01,6.410510799088540157e-01,4.402563038481536739e-01
9.239464483351702562e-01,7.552769725349218755e-01,3.223118057646288670e-01,8.317906817459860269e-01,2.329697320209554445e-01,4.179328411031865698e-01,6.937718282629316002e-01,4.282918911727114364e-01,4.794970415971139821e-01,4.475089896765054864e-01,6.610502017111088424e-01,7.494018766144399102e-01,8.709155247041996395e-01,9.168208149962647768e-01,0.000000000000000000e+00,7.463180807014224705e-01,8.152292638217800702e-01,8.704706772246383339e-01,7.894642952848617279e-01,9.179055670827407365e-01,6.990047862229747944e-01,2.603943888503990056e-01,4.714030013441807831e-01,9.389257015660001926e-01,5.484653553006574311e-01,6.650285650020630879e-01,9.681906279020229267e-01,5.483435264425791100e-01,7.941776889254506533e-02,5.041103327362840281e-01,1.317870263812481180e-01,7.105923023910447611e-01,4.527662243767598405e-01,6.536362193549892785e-01,5.080779053663467271e-02,4.535419476215757917e-01,4.931611542688809080e-01,4.665827029857678721e-01,2.965612935760619240e-01,6.465516470793962744e-01,3.008715138250496746e-01,6.826462860058668536e-01,6.855902479058041399e-01,5.472667266177060341e-01,6.637862455999288258e-01,6.029314175368190032e-01,7.238588016109595014e-01,5.322571974382614979e-01,2.121162588205863231e-01,6.079865535570463386e-01,6.366456656341894504e-01,4.928431271503646016e-01,4.809531686731710054e-01,4.217710430073138839e-01,7.990815970446003558e-01,6.251134727432047233e-01,6.625372386248258305e-01,7.185477504132817828e-01,8.755345031451285953e-01,4.109481580787806010e-01,3.307118387744074628e-01,4.356116576553231701e-01,7.504394431008544197e-01,8.808403172097853950e-01,7.214581449004304758e-01,6.832235495035638984e-01,6.151089784681400552e-01,6.263037393168087164e-01,2.584015434718389126e-01,7.910953194429841684e-01,4.589865807148246768e-01,-1.084370714744027492e-01,5.078610741098279480e-01,3.619235592889842867e-01,4.065386259871043850e-01,9.993807106202531321e-01,3.223013232929432537e-01,2.011755976254913092e-01,3.312639411228623931e-01,4.733595364974997333e-01,2.968439338081310108e-01,2.800224708387901926e-02,7.103495696041719487e-01,4.700054133213172891e-01,5.404390102819016661e-01
6.070881596353698839e-01,5.433242280614702935e-01,4.008543466135401356e-01,9.910986766793858926e-01,5.242308505196704438e-01,3.950727224764413736e-01,4.680831780996183022e-01,5.047734213759943467e-01,5.638863632421085015e-01,-8.703508268640863799e-02,7.558619319530646141e-01,9.237464530090614412e-01,7.942214368064350882e-01,9.607408704300435254e-01,7.463180807014224705e-01,0.000000000000000000e+00,7.780528645368430807e-01,1.519421993315154540e-01,7.083725842782936377e-01,8.257858581065151693e-01,8.582367088663215293e-01,6.430949607437638216e-01,9.394881074451364444e-01,7.249453815113033883e-01,4.288091057683647844e-01,6.329532113152701589e-01,4.663795302595455383e-01,6.540699064679488250e-01,4.095005856459169591e-01,3.897845067867024005e-01,2.919964499879473818e-01,1.969800528267015016e-01,1.468558961665915041e-01,6.614778243936313418e-01,2.934077831309543360e-01,6.732057042264705249e-01,5.974630024113277704e-01,2.687492260637647234e-01,4.132271091345858793e-01,8.419135719508058502e-01,1.065310526424524951e-01,6.804313619155966109e-01,7.843705890791797808e-01,-1.116159277949908962e-01,7.942180881678624349e-01,8.442162110928121965e-01,6.109712970231533369e-01,9.421006247806773537e-01,7.213966612732796158e-01,2.844222546570637222e-01,6.863535468640098447e-01,6.515435846757280380e-01,4.794690834592496009e-01,-3.282633441320589318e-01,8.833868509400502056e-01,9.633197648378455380e-01,7.381748184469826279e-01,8.858815044130398109e-01,7.828654360148521452e-01,2.338687661484342706e-01,4.258608574827270621e-01,4.118504172678177921e-01,9.750160696323042497e-01,4.319811833142643276e-01,8.288896181631962845e-01,6.799440617543155430e-01,5.335841685006137425e-01,3.231982551407641679e-01,9.841632639062551924e-01,6.330825603112539834e-01,5.410823219321791999e-01,5.166218579055495974e-01,5.179411301116856325e-01,2.398164716962777054e-01,6.253927243444313833e-01,2.891660621575341539e-01,5.163014967576412539e-01,3.120473463214647469e-01,3.720971174194553366e-01,2.911302424862789451e-01,7.561866350761597966e-01,7.620919684621054735e-01,9.993915066348427745e-01,4.454696308488793055e-01,6.723809650408839600e-01
9.538873189594065938e-01,8.353582271349268007e-01,7.829486000387385625e-01,2.940491453368893060e-01,6.125877337969508618e-01,6.612682685161469509e-01,8.687078084251496080e-01,8.593951874492086196e-01,8.749141427089415224e-01,4.245442182034773193e-01,5.114188828922850046e-03,8.523770255865126266e-01,5.738258138820261367e-01,6.670329875392129182e-01,8.152292638217800702e-01,7.780528645368430807e-01,0.000000000000000000e+00,8.272639626755038389e-01,9.422394924205044209e-01,3.635886748940300173e-01,9.130431621456605029e-01,9.491829174920438650e-01,5.590716407406964850e-01,8.948158466407697409e-01,3.947210504295270983e-01,8.844947193667163088e-01,7.018491523769857521e-01,5.994439756339950964e-01,5.572000355699744389e-01,3.051407644733399316e-01,5.091272044723227364e-01,7.777930299397354252e-01,7.566170823566000792e-01,7.735074515896531722e-01,6.950620053958828093e-01,5.655549044282459636e-01,3.769531301390308120e-01,3.980345131193486763e-01,5.280247331958641821e-01,2.049197606018448858e-01,2.656317785773563145e-01,4.275047256264985496e-01,8.787601332126776521e-01,9.493628229535362451e-01,8.517949615051807477e-01,7.652708112953908737e-01,6.410386447165417056e-01,4.541816133118055099e-01,-1.983025843731684168e-01,3.948651249591665358e-01,8.405883996563175975e-01,8.326197870256506484e-01,9.314185213964263355e-01,8.405939464556879681e-01,4.894295729549701379e-01,9.202643103639228661e-01,9.193966399208866047e-01,5.573579805467923087e-01,4.630825915641144097e-01,5.398639647504761552e-01,7.234113902843906097e-01,7.898815661538092225e-01,6.429204442832254784e-01,4.238858975215431535e-01,8.687834688841109543e-01,6.221544046398607142e-01,7.337071288114330736e-01,4.372635600502530195e-01,1.375519937045272256e-01,8.391941358403753881e-01,4.742996512923952634e-01,8.323416321746351931e-01,1.188605549059180144e-01,5.890613176461558798e-01,6.762979117250189631e-01,7.457589055573834447e-01,3.114532311252231067e-01,7.763079754934121279e-01,7.605125248465662846e-01,2.261827234776437323e-01,8.552074074502917789e-01,8.824520099804600282e-01,7.681231995604376195e-01,5.423665318448280814e-01,6.044764171027260380e-01
5.403903638020830513e-01,5.233369181423767058e-01,8.720082272433049564e-01,6.123067541493313337e-01,7.441256669158939907e-01,5.045135197700200136e-01,5.574706849727760760e-01,4.434330967882098573e-01,7.316615689846197590e-01,7.154331631522246049e-01,4.217337643122837099e-01,7.803187577313479562e-01,8.303461562636831328e-01,8.732455542531206705e-01,8.704706772246383339e-01,1.519421993315154540e-01,8.272639626755038389e-01,0.000000000000000000e+00,2.766427486131469160e-01,4.747148406091972195e-02,9.301290694394557246e-01,8.469831351995007473e-01,6.312299399239515996e-01,8.487544605129304642e-01,-1.736675549643146022e-01,6.961376128597408508e-01,7.499113851361894900e-01,6.884522026346217016e-01,2.701531737094425845e-01,3.563875233877931148e-01,8.944489065027416697e-02,7.196094986408912986e-01,7.179479685619765128e-01,4.599777847877739023e-01,6.397034800452450209e-01,1.887603510086600100e-01,1.091323053978348057e-01,9.633734174274465323e-01,6.791288044762471277e-01,7.284584658572261784e-01,3.131455159957755585e-01,3.156851926364648286e-01,8.402269902132386559e-01,6.309119730818796290e-01,6.924159946989870695e-01,7.306136788441510710e-01,7.617127892571597947e-01,7.574909955144502050e-01,4.338608740223081628e-01,6.730259035700116854e-01,6.972612776442589366e-01,7.993030413619268693e-01,6.800837458907836863e-01,8.855174546470587771e-01,6.266114742376239777e-01,4.829976859186935201e-01,6.842655291227313086e-01,4.715336867657259345e-01,9.993270618162799490e-01,4.019126345192549632e-01,7.140879800737013339e-01,6.394736551487681941e-01,5.359538163603699834e-01,8.227912688481554548e-01,9.223384002205973209e-01,7.371914992809389666e-01,4.111314149441462895e-01,8.482526963120283758e-01,6.978740977685137237e-01,5.201898412519603276e-01,7.414742465247720071e-01,5.918790546860850377e-01,-5.403876533722573594e-02,4.767562059542996833e-01,6.624501224872261229e-01,7.853393804101314046e-01,4.540910609860727698e-01,7.754958792015652635e-01,3.855700202672946997e-01,6.494702364787356685e-02,2.839759393125698139e-01,6.907125090411849744e-01,7.740247169121844406e-01,6.432185554494475044e-01,6.331958478367881726e-01
