0.000000000000000000e+00,8.860735632237392023e-01,9.490766041657047181e-01,7.876771534175863732e-01,6.760431481759421324e-01,4.261795687790611020e-01,1.485611865034428825e-01,7.162632565403748153e-01,5.735041733672350261e-01,5.573069677807181987e-01,9.833771548161303055e-01,5.826494129282695500e-01,8.387445471327048541e-01,6.705069939536769663e-01,5.050048088519789591e-01,3.035446062140334522e-01,5.376398234399226705e-01,6.924073887580475262e-01,7.241912581930001203e-01,3.513239368578240374e-01,7.585806123951855939e-01,5.537453016267415151e-01,1.623671863378391977e-01,7.668769094634788619e-01,6.836589159242024705e-01,2.493535324834977862e-01,9.698545202748752869e-01,6.639533261087542382e-01,3.578455289251484261e-01,7.030897088295819941e-01,1.892393527437710374e-02,9.633576606347841187e-01,6.717408761924099636e-01,8.649076306568102002e-01,6.281691219219850408e-01,3.808113171688194687e-02,3.851656599871455811e-01,5.586325125219154808e-01,3.136891572056904609e-01,5.630317678465166509e-01,3.956052072330427105e-01,6.587138698877407217e-01,6.938273844482778507e-01,3.935412027382022004e-01,9.365623195705619075e-01,7.253426611937721091e-01,9.016216772299915361e-01,8.176882971680250467e-01,5.743406755475863879e-01,5.552839719057762746e-01,7.606599977025807480e-01,9.645368547863435449e-01,7.439215839562181021e-01,8.040626487305242431e-01,8.825908749219992799e-01,2.816214575305515111e-01,4.179386399518704165e-01,5.909326192317894133e-01,7.466190978291851188e-01,2.408219324226783600e-02,4.201980471886282986e-01,6.967742140457489075e-01,7.874969289265345562e-01,4.460821949371533424e-01,1.110442562853002912e-01,5.977417395590516325e-01,9.882565956300266574e-01,9.944192497744503978e-01,8.542000764131938428e-01,6.064820569971010045e-01,6.482833146476946196e-01,2.190760459614376487e-01,4.507073601198473001e-01,2.154000813204937637e-01,7.723157786094394517e-01,6.908359911565321587e-01,6.390895554514992583e-01,8.410325298149514683e-01,-1.542634783432245693e-01,8.194287856696223782e-02,8.590578142151039653e-01,8.350878260608773918e-01,7.188419624537434327e-01,3.762346699652165949e-01,9.858521856338446909e-01
8.860735632237392023e-01,0.000000000000000000e+00,4.724352708417735025e-01,7.314269821012948647e-01,2.494271974179488871e-01,7.705856945535249913e-01,6.740310442359107590e-01,6.090479062292731838e-01,1.194476361742841664e-01,7.960128834078457061e-01,3.135995215806773317e-01,4.505050995710752626e-01,6.956143926110079923e-01,7.443067419159925535e-01,2.523532080388228294e-01,5.092732588611966760e-01,3.846177802914235722e-01,7.082816676981195103e-01,7.397585096059958731e-01,6.915756447719985101e-01,8.919879486545683189e-01,4.470798740972550256e-01,4.061236659784998038e-01,1.019758841181839515e-01,6.063727986128638614e-01,1.669110233317916414e-01,4.525318676567787191e-01,7.055295939329594423e-01,-1.604378793738300557e-01,8.897937943130951322e-02,1.911207342295395961e-01,5.053973371884070698e-01,4.117580864064261936e-01,4.637851310488565471e-01,6.364758461688145852e-01,2.385408825530151711e-01,7.036361993440672091e-02,4.368610451543270545e-01,2.334269318872008170e-01,5.821680920542439130e-01,5.293972850301184030e-01,2.122640935130302303e-02,9.610273072465401745e-01,4.440443859349011979e-01,9.900047670962961455e-01,6.406397754681328882e-01,7.791727838154141050e-01,6.543087944268721756e-01,5.935085354311300798e-02,7.243771822709393904e-01,5.239932285539399270e-01,7.076832134707133903e-01,5.391287830623296973e-01,1.990236394441171341e-01,1.386333967594368388e-01,5.986254043809243752e-01,6.721303987268319180e-02,7.237411902157977472e-01,6.911222773472139869e-01,5.155748492787651793e-01,3.305170488968023346e-01,4.698635266711473912e-01,5.086027914976090081e-01,5.420631967133031637e-01,6.932742415184218743e-01,6.573351551729056386e-01,9.384877624590712841e-01,5.854710211556146682e-01,5.665123183371082449e-01,6.284339281839865787e-01,4.066632012095248161e-01,5.720019840310769377e-01,7.016671182932718853e-01,3.845227126581584609e-01,2.086157760968225874e-02,-1.683030969960402912e-02,6.370156350157771818e-01,7.987489309798312398e-01,1.622993989291028893e-01,1.408711754838667118e-01,4.216597219783481676e-01,8.195402473982185132e-01,8.864180362895923704e-01,4.648961711853301093e-01,4.978316390282124249e-01
9.490766041657047181e-01,4.724352708417735025e-01,0.000000000000000000e+00,5.074870094563522782e-01,7.080288692801194328e-01,4.666620526536048863e-01,7.060524118624120771e-01,2.337618148232613879e-01,2.605454279495038605e-01,6.556131682256013393e-01,5.751639898515020777e-01,8.185376633064660457e-01,9.807705513451118184e-01,4.733318669489415820e-01,8.746442197321926404e-01,7.129347827691713269e-01,6.183541085985935215e-01,5.251914251050533444e-01,7.233195731058190692e-01,8.464964869496571787e-01,6.758416024192952509e-01,5.301194250218290716e-01,2.219669637027447129e-01,5.284044353152715923e-01,5.984541939543248645e-01,2.817250957669418243e-01,4.528522959778142343e-01,4.876552627960917818e-01,2.688366656641479890e-01,7.476538267073904453e-01,5.626927324231678629e-01,9.564058515621097767e-01,5.692391397795848983e-03,4.498063178614344348e-01,9.443086973059656719e-01,4.521040059355747043e-01,4.661069424679561424e-01,6.403516206383471632e-01,7.531378823755046081e-01,7.774604865290356548e-01,4.893607491297302442e-04,7.402593545837203859e-01,9.889586659371155664e-01,9.383600351762897418e-01,9.357396127666066654e-01,9.478388475328396456e-01,8.955895467963476131e-01,6.525726570358353351e-01,9.030157498258574167e-01,5.662557702500270462e-01,4.130807413355471192e-01,8.299600281752489428e-01,9.817869090350572758e-01,7.882875426664538443e-01,9.225532656652869479e-01,7.971823844534846604e-01,6.234220728941064493e-01,4.728912593826160027e-01,9.896893133200276305e-01,5.938790647365292941e-01,6.036951581569625080e-01,5.307118499643536103e-01,7.219369688509780225e-01,9.923918817002593817e-01,9.651534299710103904e-01,9.402077853426873411e-01,6.040398580595508493e-01,8.551002708000201569e-01,5.556427445506825213e-01,4.385253463604049662e-01,3.543684652311147598e-01,2.850862865645595323e-01,3.714704610473040236e-01,5.107976458118715923e-01,7.889459002969611001e-01,6.959804109712196540e-01,3.207581700607880504e-01,8.130852289030879865e-01,2.096864593963108370e-01,4.401178426837684121e-01,9.512990990478263909e-01,5.932811343246071623e-01,6.869503958291778289e-01,8.491012884088023904e-01,7.368846260923441749e-01
7.876771534175863732e-01,7.314269821012948647e-01,5.074870094563522782e-01,0.000000000000000000e+00,8.048241720913222874e-01,5.510467874014125522e-01,3.863144052478482138e-01,7.583193435511409453e-01,8.726731178698197144e-01,1.907175638197506351e-01,6.904335179469661687e-01,3.153407835572739626e-01,6.623417688518203894e-01,7.274355191284106459e-01,5.649645342293484473e-01,2.384339264877185782e-01,4.432811543277965227e-01,7.702434937259865499e-01,9.757507524335301552e-01,6.384995999754961016e-01,6.320541316153216460e-01,5.515580613372530472e-01,6.269746044304075339e-01,9.061911119029235628e-01,2.269758759459604425e-01,8.475550995448949410e-02,8.588945311732345544e-01,4.512512438460102304e-01,3.316234474345213235e-01,4.356809650621185637e-01,2.318784259362285383e-01,6.578783677210713332e-01,8.921680362085401272e-01,9.715240014300271509e-01,4.816827879865975826e-01,2.795153885549104822e-01,3.326920208192835071e-01,1.104483717155033268e-01,8.101149349706491254e-01,8.539273544864118826e-01,2.113906667055961697e-01,5.484001089878116908e-02,5.192251585864378072e-01,6.659416789104906087e-01,2.346940731372117450e-01,4.012348404583282457e-01,7.065775918461244531e-01,5.767056126591506571e-01,5.950275514114446995e-01,8.520430468783575240e-01,7.219003197501681068e-01,9.803379627229494853e-01,5.218764100834860642e-01,4.544991578730593895e-01,4.709552684362301456e-01,6.487537781377038515e-01,5.084160303922191648e-01,6.445990422538522280e-01,7.735343609700502387e-01,5.144862097251272637e-01,4.040385294168631347e-01,8.545997416649175893e-01,5.299867434286091861e-01,-1.443408642168670375e-01,9.661742507662244295e-01,6.844357923799788690e-01,4.848402377545518172e-01,5.026049664516352156e-01,2.444154032136108545e-01,7.285427059680250617e-01,6.397203620703947324e-01,5.603641154422744908e-01,3.938612221266839519e-01,4.102402081444920245e-01,3.523483541363716109e-01,4.751053118878506565e-01,7.931082868675402020e-01,7.906961995889882910e-01,6.095612519040034816e-02,1.537263703174920372e-02,5.438019235336108981e-01,5.287404170591667452e-01,6.658807686301942974e-01,5.565939372170060073e-01,9.500306396302429235e-01
6.760431481759421324e-01,2.494271974179488871e-01,7.080288692801194328e-01,8.048241720913222874e-01,0.000000000000000000e+00,6.698595757392875605e-01,2.218142743665319494e-01,6.630229367021625020e-01,8.812077831316598164e-01,4.933758787362553799e-01,4.388006249218667776e-01,4.627709401928514210e-01,5.215343894976099959e-01,9.836597526368360267e-01,6.799629157936563084e-01,3.561287990037554918e-01,9.698313512728192753e-01,6.578868779291925373e-01,4.803804659198236959e-01,6.901464316795725695e-01,6.689721246207498417e-01,7.205036030009812631e-01,6.397741082245895772e-01,6.083723161246621519e-02,4.219210299785003393e-01,7.059307540085771882e-01,9.641403834795385652e-01,7.503435847373940426e-01,7.115568059027592707e-01,4.879680202926077737e-01,2.383598535959554066e-01,4.923504389925485447e-01,6.135983544694224578e-01,5.697361720211869818e-01,2.992972751854557911e-01,5.100522003040008912e-01,3.386152701112157271e-01,5.607523742183128102e-01,8.813460445013547861e-01,8.526812492450599468e-01,4.613029406468418525e-01,9.144885569662457581e-01,7.483060332104334300e-01,9.012151988419589976e-01,8.627648010652440025e-01,8.324015997714340198e-01,9.768756322541576331e-01,6.334638241699370731e-01,7.061220045716176674e-01,4.192096601026907288e-01,3.871854575739517301e-01,5.508200179747159142e-01,7.340049666042115506e-01,4.561619712842640006e-01,5.989550793504568871e-01,7.831181021190509739e-01,5.166058526418111363e-01,3.699809748338165338e-01,5.919310757758451391e-01,3.419614002268820396e-01,2.374893200510186375e-01,4.932014981573145107e-01,6.093341696119360940e-01,8.663218197529720666e-01,7.944598586711438815e-01,7.069313114805170217e-01,2.647352079758392152e-01,9.875178126442537563e-01,2.757238759559013652e-01,7.429404873924588815e-01,3.401275407083825253e-01,6.193425533967913399e-01,6.194798868241505607e-01,3.811729056162748153e-01,-1.779690466268945559e-01,4.222081712452583346e-01,4.069553332060441564e-01,2.867053401979289262e-01,1.101931012885755401e-01,5.195105881928807623e-01,6.529851883298066761e-01,7.062749886056073345e-01,7.309209248063210929e-01,2.205834621646992899e-01,1.556427160457030945e-01
4.261795687790611020e-01,7.705856945535249913e-01,4.666620526536048863e-01,5.510467874014125522e-01,6.698595757392875605e-01,0.000000000000000000e+00,4.178314357550014790e-01,7.419304045220650456e-01,6.914902793293625782e-01,3.995017857320333210e-01,1.391916557022100931e-01,2.042297795344076849e-01,5.619459593217162457e-02,8.815126766875350794e-01,9.979207558987817084e-01,8.972305827175275361e-02,8.605446505304055194e-01,4.846688894352811916e-01,7.828397684288385117e-01,5.364301432102349665e-01,2.277993484361580112e-01,7.542388915895574808e-01,9.482044121495581956e-01,8.591749144743747735e-01,5.089482900728244941e-01,7.020523688360855719e-01,8.291099699440750426e-01,5.410414086603257955e-01,4.459172901109980103e-01,1.913841768255493403e-01,-6.566525649595336689e-02,2.592788798829595009e-01,8.568154180352447469e-01,6.150628114321560203e-01,7.486401533074934500e-01,5.629878692439223009e-01,1.565973028428758462e-01,5.025849269259667906e-01,4.038370663860192389e-01,5.916773724284127844e-01,-3.253528349850227652e-01,6.661757168414866870e-01,9.909851812651866432e-01,4.956185224408403700e-01,8.358280032811843396e-01,2.468880633452461282e-01,5.459349977382124131e-01,4.536717422611886152e-01,4.820304791189767846e-01,4.926017187789949459e-01,5.330966694334225986e-01,4.363022760605728134e-01,9.152729127408953946e-01,5.696856526812056343e-01,2.270013055234263721e-01,1.314665148640890013e-01,7.937374246235371356e-01,5.591446382584570607e-01,3.867616759158084005e-01,1.562303925802970839e-01,3.279407740148851391e-01,7.251148318422332428e-01,1.803821004663798966e-01,5.722964732552358047e-01,7.943083783600888292e-01,6.611747944987020897e-01,5.665222809725291020e-01,9.032008799789893461e-01,5.504463103465409013e-01,6.500314766669761379e-01,7.592633371066241921e-01,7.601245047372782171e-01,3.181317250705659183e-01,7.830836820300109968e-01,4.329754672324825360e-01,6.713788699692972983e-01,5.691010045092739222e-01,6.332919309059190649e-01,2.100218362993230281e-01,4.605065825727401863e-01,5.237032616221065640e-01,7.596691295489355067e-01,7.997579933570790889e-01,4.644355097979369629e-01,-7.013356890809477329e-02
1.485611865034428825e-01,6.740310442359107590e-01,7.060524118624120771e-01,3.863144052478482138e-01,2.218142743665319494e-01,4.178314357550014790e-01,0.000000000000000000e+00,6.638349788430342180e-01,6.823361098146067949e-01,5.976178103391192042e-01,3.303283478440506848e-01,2.230765760467772196e-01,3.217296143221002325e-01,7.216361205177853622e-01,6.780010368627942263e-01,6.777815781207477963e-01,9.528088573561851460e-01,7.955431916929758263e-01,6.822423603704633743e-01,6.595284734683618533e-01,6.362824410302292399e-01,2.309823736558780649e-01,6.729976238016019963e-01,6.138558683371021507e-01,1.996185877092724326e-01,7.557774824257219581e-01,1.787043487641495551e-02,5.393846686982605165e-01,1.999767371145538819e-01,3.631371598308882342e-01,4.000187814261185054e-02,5.588517563540860156e-01,-3.832069991203959636e-02,5.069017750094386709e-01,2.324598042934173658e-01,6.014962565459802679e-01,4.618304902136340373e-01,4.029104688786468436e-01,9.121560035286677692e-01,8.174285015088899042e-01,3.768167306427078200e-01,5.819346818837408675e-01,9.420935349316706953e-01,2.311205140435583505e-01,8.941718191977316987e-01,6.254560878614264796e-01,2.732683076025570479e-01,6.674660122580419186e-01,5.905511937885437046e-01,7.377090292277526107e-01,2.057940868097519471e-01,1.468167995944324455e-01,2.653065656261774929e-01,-7.306144936543454427e-02,6.548766705633402019e-01,7.518376254189528263e-01,5.850574110504784819e-01,8.019261906927015460e-01,6.781193823030735590e-01,7.009327440072733451e-01,3.063050670348418381e-01,7.773022545178273068e-01,4.585299370024653043e-01,9.446809879635080787e-01,8.881702406498876989e-01,6.307668692323492587e-01,6.135509742607817563e-01,5.866343130032509734e-01,4.928791186584795536e-01,5.044676208019679420e-01,4.265254073473792040e-01,6.584617762921097794e-01,2.244190025987014003e-01,5.748673387149549896e-01,1.865422648609139089e-01,7.606070351653553274e-01,7.972481270092448558e-01,7.536211742723866180e-01,2.491249985325137140e-01,2.797396016494848800e-02,6.836256120885167986e-01,7.125731888451333207e-01,2.795472233768537262e-01,1.884739575198167705e-01,4.301998240991884437e-01
7.162632565403748153e-01,6.090479062292731838e-01,2.337618148232613879e-01,7.583193435511409453e-01,6.630229367021625020e-01,7.419304045220650456e-01,6.638349788430342180e-01,0.000000000000000000e+00,6.969313853663352543e-01,4.498190970623370810e-01,1.301494791497162795e-01,4.178731423074318885e-01,3.846784522080034519e-01,8.632599915064711471e-01,2.410687113702610351e-01,5.678533287467812940e-01,5.750100922898691014e-01,7.470415415866464848e-01,4.194720012091012196e-01,5.917585163779657265e-01,7.355170944355315932e-01,5.899069174816020666e-01,4.124694298107333124e-01,8.630373075822890261e-01,2.763741799344727745e-01,6.226055888629531410e-01,7.308797955062943386e-01,2.613505861269507236e-01,5.507909015518015483e-01,5.717612075538569538e-01,2.356660326017361584e-01,1.395977540896068125e-01,8.468612699769049179e-01,6.068611033095414609e-01,5.771081683418539665e-01,2.748570907859415602e-01,3.826167222606181584e-01,7.276264564912606758e-01,6.212412764145717192e-01,9.551268097016500924e-01,1.866973321946141795e-01,6.556218322672212606e-01,7.287400023699657226e-01,6.849019095226636100e-01,9.609414450944595565e-01,7.148754408677113759e-01,7.275061563117590779e-01,4.116383689517267297e-01,2.696394007625011469e-01,3.190196042004028731e-01,4.925075151871995405e-01,6.166308287838280222e-01,6.579448241513758955e-01,5.603066209997119573e-01,5.527977677388541400e-01,8.271952997583202905e-01,5.876723007725651593e-01,2.593694300830756694e-01,8.319713462876985322e-01,1.341674388181778033e-01,-1.775268604113952320e-01,5.615370234711969388e-01,5.245881852561367076e-01,9.634417315814174376e-01,2.178220791799228284e-01,4.574000705395817046e-01,4.567462680075221049e-01,5.433315886303847764e-01,6.860860910042262395e-01,3.194468400656065299e-01,8.783459343150766818e-01,7.327269417721714584e-01,1.746253059905991112e-01,4.803780783392213594e-01,4.302750708489952447e-01,7.667404703514404396e-01,4.519619792466758046e-01,5.490729926057933419e-01,2.763348371177417051e-01,3.343111212375631247e-01,3.025445454700184111e-01,2.920244500290291034e-01,4.337623703092929883e-01,2.538576751845579849e-01,4.919563632604430081e-01
5.735041733672350261e-01,1.194476361742841664e-01,2.605454279495038605e-01,8.726731178698197144e-01,8.812077831316598164e-01,6.914902793293625782e-01,6.823361098146067949e-01,6.969313853663352543e-01,0.000000000000000000e+00,7.194784349119471845e-01,7.139294572589282017e-01,7.769115077709214390e-01,2.972663424147857780e-01,6.559667981957115757e-01,6.886637239065417360e-01,7.835990940730167553e-01,4.306991017505435448e-01,6.479141362169774654e-01,6.777085816156246389e-01,8.637629220702773836e-01,7.108121081888235659e-01,6.765014118056820180e-01,5.014013139206358050e-01,6.197016952863350081e-01,4.316115617470028254e-01,7.307295810946560222e-01,7.816744130796573486e-01,5.648521998701213631e-01,5.187652865377181399e-01,5.675450798472434499e-01,4.122417957587171666e-01,6.653979008609562928e-01,7.743654050990287363e-01,9.436438460433099751e-01,7.234416634459593931e-01,2.388381477484178839e-01,5.397351636232988747e-01,5.683789650794784931e-01,5.054266946854092390e-01,2.567339539268992388e-01,4.326991389406594779e-01,7.194457568015566462e-01,9.408939947037935347e-01,8.476695821505695339e-01,7.685602764120400554e-01,4.597526394254644599e-01,7.627337406933596409e-01,7.600155443117075915e-01,4.832727810670139901e-01,1.185898487434055987e-01,5.583901960546692189e-01,5.582686134792962385e-01,3.724773500596045839e-01,5.556473270677637633e-01,7.739347267773929451e-01,6.165285663687717355e-01,4.405996656724126548e-01,8.909580229956441944e-01,8.205402655370421794e-01,4.562803754724237826e-01,-3.978101443698774942e-01,-4.999637219892177908e-02,7.256897203879963953e-01,7.718721213673659376e-01,6.946777073232034416e-01,6.699593847102197630e-01,5.748497814256054994e-01,9.317944065598554593e-01,5.295430079003535795e-01,3.562938039253078504e-01,5.331901442409399117e-01,7.841960968775287810e-01,4.596334784962116671e-01,3.450735451327535119e-01,5.142159123136351706e-01,3.176367512814859406e-01,9.209202193016076121e-01,7.767909573403459778e-01,3.216181478214916734e-01,4.712709059651233323e-01,7.222020019307058281e-01,4.969770286185176689e-01,5.197405264181060858e-01,7.456941458141751466e-01,7.268097251701287620e-01
5.573069677807181987e-01,7.960128834078457061e-01,6.556131682256013393e-01,1.907175638197506351e-01,4.933758787362553799e-01,3.995017857320333210e-01,5.976178103391192042e-01,4.498190970623370810e-01,7.194784349119471845e-01,0.000000000000000000e+00,9.924470945135374089e-01,3.114552291448203225e-01,7.822476209294858540e-01,5.225071558415522732e-01,4.534301544900523617e-01,5.695259251001956180e-01,6.953985386669803148e-01,4.273100680314924071e-01,4.705248649417904105e-01,4.202392453465381705e-01,9.413310892245347894e-01,6.224795774851222818e-01,6.938902974978233829e-01,7.048620131993523774e-01,2.617442226485119372e-01,5.045591435521394885e-01,9.284617003132421553e-01,4.149098445508017097e-01,4.310280140426074880e-01,7.572998992672318463e-01,-3.035751426174527756e-01,6.925172034594249126e-01,7.619422956491687104e-01,5.897054462317055101e-01,5.132350349097835052e-01,6.583205830562629535e-01,5.097014810146482944e-01,7.963444040960397929e-01,8.990173055307890682e-01,5.967466290487993819e-01,5.194253479653627714e-01,4.650270891133020390e-01,1.647817698501235495e-01,5.412251629755538973e-01,8.532995766285653705e-01,7.396059913125023755e-01,7.268981602042100532e-01,7.920209691555664122e-01,2.235074319874839621e-01,6.569171350590032876e-01,5.762023478730894377e-01,3.115993845861619871e-01,9.427298891805613312e-01,2.314021529673350730e-01,7.308058113605844230e-01,6.924610758387672593e-01,6.686474346562978344e-01,4.911685035872263572e-01,6.387914381285734189e-01,8.946041971167101314e-01,3.678053726362680020e-01,2.250700279621283273e-01,8.227440855168187683e-01,7.624751763371873103e-01,7.293614596701729624e-01,7.686802209233318806e-01,6.349187574999038963e-01,7.208102039474484357e-01,7.629851799026816650e-01,7.157293534211405239e-01,6.592911327729489290e-01,9.964187767376049276e-01,6.579650427782168798e-01,6.288605947811476415e-01,1.152953065214053913e-01,5.963381796810334201e-01,7.016737774677713757e-01,5.348554293584852903e-01,3.920098863652340393e-01,3.851158415514442934e-01,4.569829975422797230e-01,8.509001982042846413e-01,8.843486267407342227e-01,4.603573716080521239e-01,3.940146622083344208e-01
9.833771548161303055e-01,3.135995215806773317e-01,5.751639898515020777e-01,6.904335179469661687e-01,4.388006249218667776e-01,1.391916557022100931e-01,3.303283478440506848e-01,1.301494791497162795e-01,7.139294572589282017e-01,9.924470945135374089e-01,0.000000000000000000e+00,1.377832289006259425e-01,3.247124175753130504e-01,7.407806954836521074e-01,7.143536822662703845e-01,-1.325489522798309894e-01,8.681219957869439341e-01,8.086993689654575768e-01,2.128008259411167669e-01,6.231371516796693211e-01,6.060346766436141008e-01,3.169894676603009498e-01,-2.613301722625707701e-02,6.870661548368192095e-01,5.176497295465299908e-01,8.994678275829176561e-01,8.156593796886071335e-01,7.541282983471158108e-01,4.920967856039482058e-01,2.829855784041848121e-01,5.654978611373902009e-01,4.368306899847027580e-01,2.666056636698488358e-01,5.650777921001284287e-01,6.765049677969940944e-01,5.522719253418093555e-01,3.202475333588101769e-01,4.548775872338292614e-01,4.178111403230974075e-01,8.054547570564407621e-01,4.610817212083598293e-02,7.315175199195433908e-01,4.671423316903076106e-01,9.801927009015418690e-01,5.860811225406721281e-01,6.150491962571618121e-01,9.105650006135384000e-01,5.917745612383685794e-01,4.533900478495341280e-01,5.683162649078692397e-01,1.932183195570295053e-01,4.640247349136702448e-01,9.061882195318585742e-01,5.914865705837928367e-01,7.864001531584199345e-01,6.618638374160266125e-01,5.832281379373780439e-01,7.386292306817400233e-01,9.747491500882026205e-01,5.089380490779088495e-01,5.436881406638929271e-01,6.599514739942313746e-01,8.055697122392477816e-01,6.435635743549068533e-01,-1.343846057784406911e-01,7.105299724720276489e-01,9.756612928027331710e-01,5.142260865793452096e-01,6.204688143589036642e-01,9.198267000781805702e-01,9.677534396566498387e-01,7.239342049070588425e-01,4.886557745768472794e-01,9.657437804254705160e-02,7.254770508746628543e-01,6.889744006305450474e-01,4.605255004987118261e-01,6.017687314538956445e-01,2.865051942131722207e-01,3.399229632639925169e-01,7.057430606455510347e-01,9.566710113005156835e-01,6.974744462982445103e-01,7.250382385960649767e-01,7.825590434489504421e-01
5.826494129282695500e-01,4.505050995710752626e-01,8.185376633064660457e-01,3.153407835572739626e-01,4.627709401928514210e-01,2.042297795344076849e-01,2.230765760467772196e-01,4.178731423074318885e-01,7.769115077709214390e-01,3.114552291448203225e-01,1.377832289006259425e-01,0.000000000000000000e+00,9.545897487188604869e-01,6.704965870919556981e-01,6.684699712225753432e-01,7.041145030622532053e-01,6.259537742621622547e-01,8.275988698050991133e-01,2.269364697940420561e-01,9.991524843360779506e-01,7.468047604236179859e-01,7.000847676414327925e-01,6.866581272861699281e-01,9.914445468564645481e-01,4.826296092534705373e-01,7.611800016977596783e-01,8.868519077880065993e-01,6.613798503714405363e-01,5.019356076764168728e-01,7.224156998493431736e-01,4.612244054042641261e-01,7.450327834693950546e-01,4.261313990052971734e-01,6.105164039954874555e-01,2.314177156759583132e-01,6.409677261633945911e-01,4.434299501054642101e-01,2.810530539330645117e-01,8.310353725646557610e-01,3.615608435521022179e-01,9.194411740441271741e-02,7.433027193142571765e-01,7.408522714170321377e-01,5.806961051517324224e-01,9.256250291673872033e-01,8.503000296584666273e-01,7.653048103986122008e-01,6.446975445616882627e-01,6.941257746655330463e-01,5.272820264095950948e-01,5.471427139257591943e-01,7.835424417400997932e-01,6.017103078890229106e-01,4.796206244291858489e-01,8.950512208750114329e-01,2.111667578810556278e-01,8.423418184527095010e-01,9.273885164332985598e-01,7.385372094248663366e-01,6.748761787815169555e-01,1.967294872330885569e-01,5.852745952589351042e-01,7.174579697774545739e-01,6.905092321520402976e-01,5.627503733456991064e-01,3.291194401173800355e-01,5.946925521463888309e-01,8.214352002780221929e-01,4.940628195265785449e-01,7.423842772231641352e-01,6.632657984001526508e-01,6.571353078946446935e-01,3.600285960617941594e-01,6.850361435562141166e-01,5.527831789987400768e-01,-4.506003183604023743e-02,7.396646463361871149e-01,2.308418440153381102e-01,1.771013373233522870e-01,1.557591223699506811e-01,7.640559276250672438e-01,3.881523193834267027e-01,5.671866689805814543e-01,3.039985433315683938e-01,6.626144983257444832e-01
8.387445471327048541e-01,6.956143926110079923e-01,9.807705513451118184e-01,6.623417688518203894e-01,5.215343894976099959e-01,5.619459593217162457e-02,3.217296143221002325e-01,3.846784522080034519e-01,2.972663424147857780e-01,7.822476209294858540e-01,3.247124175753130504e-01,9.545897487188604869e-01,0.000000000000000000e+00,9.317919499711289077e-01,4.663297667434563865e-01,9.863161393038940572e-01,7.772202106676376898e-01,5.691949489560335085e-01,7.420692702961841913e-01,5.777253312715173728e-01,7.420766834461780537e-01,7.175049560271872240e-01,8.813410253774269787e-01,8.758638020579168071e-01,6.034031293647423855e-01,9.450038216133560542e-01,6.025234318487784901e-02,9.543436104335538683e-01,3.758798610069249424e-01,1.691176307046649285e-01,2.350100029004502655e-01,7.062816949846778547e-01,8.613118696023315257e-01,8.244521613190050058e-01,4.796027067577549596e-01,3.171787435258021093e-01,1.662130624408042212e-01,7.264383735295121269e-01,5.107261913988799806e-01,7.017187471748639327e-01,3.286922943093466554e-01,5.056059250885172052e-01,5.321885022582001357e-01,4.225653418242896753e-01,6.744457591492445392e-01,5.108812846759116510e-01,6.007827601889466074e-01,6.029305730695670995e-01,9.018427691505760402e-01,6.931329631897893417e-01,8.031544084198578570e-01,6.172001491682361785e-01,2.475114280064724670e-01,6.151463497087111820e-01,6.953297050189229944e-01,8.432666106543930118e-01,4.179997090117155700e-01,2.635791845909574715e-01,9.148220940792249900e-01,6.385994816730278245e-01,4.629643410664294745e-01,4.665743370328976347e-01,6.807285122488260232e-01,6.601356745631045131e-01,5.497014577188137352e-01,3.980233880319855588e-01,7.543781716214772448e-01,4.609813202531846676e-01,5.474256527486005552e-01,3.378486708780106262e-01,1.984051102424420066e-01,4.399668185429319034e-01,5.963769357147967742e-01,3.177338625538673744e-01,4.761958924618246436e-01,4.699555937299916830e-01,9.712953394751102643e-01,9.024605284608212541e-01,2.256818487434754661e-01,3.653402029749820423e-01,4.645647452004445510e-01,6.775970788409101386e-01,6.812158440708551144e-01,5.734762107408215570e-01,4.901816138261929079e-01
6.705069939536769663e-01,7.443067419159925535e-01,4.733318669489415820e-01,7.274355191284106459e-01,9.836597526368360267e-01,8.815126766875350794e-01,7.216361205177853622e-01,8.632599915064711471e-01,6.559667981957115757e-01,5.225071558415522732e-01,7.407806954836521074e-01,6.704965870919556981e-01,9.317919499711289077e-01,0.000000000000000000e+00,6.577212847790190331e-01,4.547028715064916904e-01,7.934893956359760914e-01,5.230487370404333092e-01,9.411555788253020971e-01,9.632439511904173912e-01,2.094400076932702026e-01,9.235467876668886911e-01,9.469669813413544857e-01,6.188575590762035450e-01,5.317137001400691343e-01,8.928872692001919020e-01,8.695720403234573626e-01,4.554011894390938009e-01,2.476021400731855671e-01,4.792561261680357010e-01,5.506359418648226756e-01,7.013844624803418082e-01,7.810256933425693271e-01,8.328301088218810211e-01,4.475122211480266343e-01,8.756509355342735265e-03,1.413348002478510834e-01,4.142516045534972990e-01,4.762163612538554691e-01,4.218074940554777941e-01,4.529780594929668225e-01,2.872280043722779674e-01,7.875258791439496697e-01,7.774944649264757812e-01,8.197022527979483941e-01,5.625925346972187047e-01,6.945869052364943563e-01,5.334507380875701532e-01,8.920271921453930553e-01,7.981248391024825528e-01,7.554682413322904022e-01,9.747302590013058321e-01,9.782823450218806061e-01,6.834959300263331317e-01,3.808439955933548005e-01,4.660119990892587771e-01,6.769004551733126540e-01,6.132187836814921855e-01,6.243698591507279572e-01,5.451902044712370055e-01,5.884548551599986244e-01,7.259553884981161387e-01,8.427871605644596809e-01,9.050093811230630614e-01,9.328303877459588334e-01,9.474295121375061468e-01,2.117686537587445961e-01,7.662536738827887550e-01,6.456334774109460106e-01,9.331232681179835176e-01,4.406003616688066171e-01,3.628879969685251394e-01,6.513992557933532268e-01,5.284694287409991142e-01,4.033796689478247322e-01,8.249777199358234725e-01,6.277416345575166368e-01,7.903304544504650142e-01,2.850734037645475949e-01,1.761245317569901797e-02,6.794306739756050817e-01,9.913027563005598619e-01,7.332867753388216947e-01,6.481490565021684747e-01,7.688211506026891850e-01
5.050048088519789591e-01,2.523532080388228294e-01,8.746442197321926404e-01,5.649645342293484473e-01,6.799629157936563084e-01,9.979207558987817084e-01,6.780010368627942263e-01,2.410687113702610351e-01,6.886637239065417360e-01,4.534301544900523617e-01,7.143536822662703845e-01,6.684699712225753432e-01,4.663297667434563865e-01,6.577212847790190331e-01,0.000000000000000000e+00,5.516971003513641003e-01,4.932233827890210587e-01,7.956600651859901951e-01,8.788854111266749536e-01,2.707960775487140981e-01,8.124503977451813519e-01,6.153828810654821124e-01,5.854579097745334915e-01,8.147970998308017299e-01,5.472673460426984438e-01,6.570969049003813067e-01,6.880238097665877239e-01,5.606389643439874115e-01,5.474512336267350898e-01,5.142557264996983069e-01,3.279264167619304615e-01,5.751876257548990123e-01,3.342084196623671538e-02,4.984880209547661312e-01,7.146408259036144406e-01,6.086316096424432276e-01,8.217816577032646674e-02,5.579279298186281544e-01,8.713752140809539748e-01,6.874178084834132729e-01,1.335997195429781681e-01,6.666615788983556445e-01,6.227617805678632434e-01,1.523438945917463677e-02,8.298331030057688462e-01,3.722422635893988252e-01,4.656977228219273401e-01,4.696869644086461570e-01,2.985430302754429888e-01,1.354538107290446936e-01,5.269569990823316230e-01,5.272880785138427395e-01,4.917655767089748053e-01,6.706184581781452492e-01,9.838701981619439874e-01,2.870498750417884160e-01,7.667148375498610280e-01,7.586548239559814943e-01,6.008700304710299367e-01,2.998604730571263755e-01,4.484639322614304979e-01,3.344340872581475499e-01,6.929300936348598006e-01,5.670621751602979987e-01,9.108709159171292091e-01,7.000536386201150485e-01,4.820507908794571805e-02,5.210202436613583510e-01,3.048423766798317724e-01,3.525788968076620788e-01,4.884230769376613490e-01,7.548499299123423434e-01,1.161256745169933491e-01,4.921573161560089948e-01,3.083938734376543422e-01,7.860135250501123494e-01,6.508571065534540789e-01,5.785787988557862249e-01,2.790045808014649520e-01,5.690253046844928608e-01,9.075655126317520027e-01,2.727893987512066132e-01,6.117960389527220544e-01,7.623810647449118516e-01,2.207795879849214771e-01
3.035446062140334522e-01,5.092732588611966760e-01,7.129347827691713269e-01,2.384339264877185782e-01,3.561287990037554918e-01,8.972305827175275361e-02,6.777815781207477963e-01,5.678533287467812940e-01,7.835990940730167553e-01,5.695259251001956180e-01,-1.325489522798309894e-01,7.041145030622532053e-01,9.863161393038940572e-01,4.547028715064916904e-01,5.516971003513641003e-01,0.000000000000000000e+00,7.198703490635285362e-01,6.195945833813459869e-01,4.499467029731359924e-01,8.691346465913594166e-01,9.305698660609031947e-01,7.482129111948119249e-01,6.945371509222505457e-01,2.484688014505074399e-02,4.317832197151096896e-01,6.865817959483705435e-01,7.630640525355216752e-01,4.051085634442220806e-01,4.964351766572916436e-01,4.897954324947906279e-01,6.354144285826566207e-01,7.509668067851580364e-01,2.639033039782819334e-01,4.732260576412567477e-01,9.961218355591232587e-01,4.553797113667510388e-01,6.662705350217638101e-01,2.654717821768695293e-02,3.618672118605711918e-01,9.074074393841159436e-01,7.549375740133001944e-01,1.157483909617285089e-01,7.963927147067395573e-01,1.137502446529087552e-01,9.251655153286767463e-01,6.847548734257805636e-01,2.144897565847143084e-01,5.995238621050247296e-01,3.532016074398779404e-01,5.757836446730192348e-01,6.069055878592194420e-01,7.765154249627935767e-01,2.540239897236852284e-01,4.701552194967423826e-01,7.702707072835401902e-01,9.020632290953405352e-01,4.683559032166556002e-01,2.325434696884885466e-01,6.109258886398900579e-01,4.574485106962721259e-01,6.199941531451972354e-01,5.777749642169193178e-01,3.409585246816221327e-01,4.160119259107337708e-01,9.694819227105678783e-01,2.641068469809084163e-01,5.166246611770903829e-01,8.536847696506328909e-01,8.528799047636689279e-01,3.850846732107794379e-01,7.681081678234479293e-01,-1.751409956708470106e-01,7.375242560098393962e-02,3.111191094008776692e-01,6.074815910033773969e-01,5.507699837083539496e-01,6.990244571826338404e-01,7.459053778962797532e-01,6.497824464727490756e-01,3.693813506045491302e-01,2.366481418663928527e-01,5.849329656440157565e-01,9.839811724075153698e-02,3.239149794172739849e-01,7.796167942078354729e-01
5.376398234399226705e-01,3.846177802914235722e-01,6.183541085985935215e-01,4.432811543277965227e-01,9.698313512728192753e-01,8.605446505304055194e-01,9.528088573561851460e-01,5.750100922898691014e-01,4.306991017505435448e-01,6.953985386669803148e-01,8.681219957869439341e-01,6.259537742621622547e-01,7.772202106676376898e-01,7.934893956359760914e-01,4.932233827890210587e-01,7.198703490635285362e-01,0.000000000000000000e+00,4.204550256834862498e-01,6.876081194995461443e-01,8.775710579633893005e-01,8.582394640867938573e-01,7.700875117587263619e-01,7.804539953166971245e-01,4.172666518110962897e-01,5.748772153255118367e-01,6.470117220815686521e-01,7.954695524247830107e-01,8.517793419214257922e-01,4.635464172735201949e-01,4.279762456633986467e-01,1.427351148256109370e-01,7.572339444891060811e-01,4.121715208808744424e-01,2.720794280464616244e-01,6.523583462858616455e-01,4.702697254938555949e-01,5.316756836335969627e-01,7.271788263894392035e-01,7.366842456223506863e-01,6.409632841058003905e-01,3.988705684258446738e-01,5.850340031290007792e-01,8.410313175629573479e-01,7.488733614632752111e-01,4.233769792826738154e-01,4.740678650312845077e-01,8.569448537367927443e-01,4.219427183730523057e-01,6.671448007870982577e-01,7.503983926728167164e-01,6.856125153224432722e-01,7.814181354126313872e-01,4.321985011709166824e-01,4.858474478218406389e-01,6.248016858236609128e-01,6.003777756540664701e-01,7.470669969449708070e-01,7.913417686079429192e-01,9.189768796338221302e-01,2.570328868902795882e-01,3.660991539207009149e-01,5.311805239823826907e-01,7.569993703910533611e-01,7.639339947979058021e-01,4.665655880421527013e-01,7.752949096674796037e-01,3.812936884154934924e-01,4.537242074851911000e-01,1.392360492707227226e-01,6.437986550229831684e-01,6.900510320091127747e-01,6.574109278032478354e-01,3.300681144716220983e-01,4.059856622462280074e-01,5.595170429161556713e-01,2.477853912575669892e-01,3.959883585425796326e-01,8.498032441431696560e-01,4.983374238065569894e-01,6.519813853958993377e-01,7.299957305336755020e-01,2.084523414638957406e-01,6.969735417411413447e-01,5.563245317322310646e-01,9.128433494984576901e-01
6.924073887580475262e-01,7.082816676981195103e-01,5.251914251050533444e-01,7.702434937259865499e-01,6.578868779291925373e-01,4.846688894352811916e-01,7.955431916929758263e-01,7.470415415866464848e-01,6.479141362169774654e-01,4.273100680314924071e-01,8.086993689654575768e-01,8.275988698050991133e-01,5.691949489560335085e-01,5.230487370404333092e-01,7.956600651859901951e-01,6.195945833813459869e-01,4.204550256834862498e-01,0.000000000000000000e+00,6.986445753933144820e-01,9.771176488941084592e-01,5.035901026911938638e-01,4.686502180894129288e-01,5.897738799406788690e-01,6.109758722465031822e-01,4.325928452938884172e-01,5.634885900222224020e-01,7.040253372403031396e-01,6.530759851114054104e-01,2.780082204202096938e-02,2.791656636357169874e-01,5.373280716770011400e-01,3.926973581798287039e-01,5.463888280468570668e-01,6.732997638437981935e-01,7.244810282825502323e-01,3.983287908609366434e-01,3.913348309884430443e-02,4.098731856431973575e-01,6.352041733864679518e-01,7.762668001126238337e-02,6.073769167993887663e-01,6.182475587940365891e-01,5.004312657136420484e-01,5.943823367890896936e-01,1.838950799132162417e-01,4.858833113659636882e-01,6.704354551703073373e-01,3.124028649140342950e-01,4.858733494843370804e-01,6.501120413483191252e-01,4.381995235265349620e-01,4.635966865403329806e-01,7.217495538080969109e-01,6.823225479043579789e-01,4.041110495228936728e-01,2.519355407891623599e-01,3.750031630174567310e-01,7.966883574278240676e-01,6.742972632790671383e-01,4.055755776191017348e-01,4.548587351819739499e-01,6.189434933079765999e-01,4.540713598433381848e-01,9.054666446008079461e-01,7.413243154890638564e-01,3.759252143748073038e-01,9.929918425898449641e-01,7.736615252369107854e-01,2.590379941830424082e-01,7.835429556485584701e-01,9.495212984743804929e-01,9.065463829568074505e-01,4.358758987089582648e-01,5.486449086024119959e-01,1.515228387722567238e-01,6.858527842856527723e-01,7.455358372354884411e-01,-1.104060847069042867e-01,1.912281214904812954e-01,9.706058216697155405e-02,5.573392013951086188e-01,5.334505317958451176e-01,6.654528033953417410e-01,6.728756734423989583e-01,2.820309970951605516e-01
