0.000000000000000000e+00,6.925580383825541420e-01,9.456456467714978720e-01,9.689793290921352442e-01,7.416545969513529402e-01,6.783718306648298668e-01,7.394023308797255112e-01,4.115826953800011956e-01,9.007506844200755536e-01,4.154449310200636902e-01,6.212485896354965620e-01,7.674982639521380490e-01,9.642566738776465751e-01,5.712843013698045702e-01,7.989567446097762815e-01,7.307241655167874272e-01,9.209956043463166653e-01,6.148953711996710814e-01,9.766414578178481687e-01,8.985423141080123299e-01,9.645922172461922628e-01,8.793352923461841275e-01,7.158221845418629714e-01,6.536100324404798823e-01,7.722804521797964616e-01,9.270167466823706626e-01,5.186158970854967132e-01,6.383350178470734715e-01,2.669736066419703957e-01,3.306852908376490818e-01,4.041034376636352676e-01,7.844970940688017480e-01,8.156890922139249378e-01,8.212153872538296984e-01,9.579289941678691411e-01,2.822299853191825858e-01,1.029341269606930398e-01,9.417145730974275653e-01,6.039276578819006147e-01,4.667427519512848400e-01,6.884531848494045425e-01,3.336550338308073155e-02,9.254345949210778244e-01,7.685559261922166874e-01,6.585738178702725820e-01,5.215567156142140171e-01,7.177106196010267780e-01,8.231218128296611258e-01,6.343774075024330994e-01,8.964720793189239201e-01,7.322224783247653912e-01,3.481993043109508079e-01,5.399080219988015017e-01,7.463248666128891040e-01,7.043094704841792453e-01,7.351066050397441209e-01,2.731391684508142625e-01,7.798222953008668856e-01,6.077359131518871305e-01,4.021774736856205124e-01,2.893182143911110504e-01,7.211293745364952823e-01,5.989790600787956443e-01,5.496166087288807400e-01,9.234838212970313265e-01,9.710055531301609033e-01,8.084559340176475928e-01,8.057902569247367142e-01,1.102882503886871285e-01,9.970070872628336023e-01,5.000662894155347704e-01,6.350086013736808699e-01,6.919976561502234613e-01,4.446209729486916284e-01,8.489999907933797330e-01,9.238942026273659902e-01,9.987722618649084172e-01,6.250510528009635136e-01,9.467056148948843619e-02,-8.676658153908579918e-02,7.151947743220599119e-01,7.143021210472503268e-01,7.680346668232929108e-01,7.072547622453250193e-01,5.243070412616570586e-01
6.925580383825541420e-01,0.000000000000000000e+00,8.298216426801128254e-01,6.011183329134677233e-01,3.924691052685662096e-01,6.422011127109740203e-01,6.184320165955018433e-01,6.289025276358887195e-01,8.714917091044397379e-01,5.730017309038129003e-01,3.214730801024664464e-01,8.864188537957534697e-01,8.922389842766250689e-01,6.096496757258166310e-01,8.432776077548259641e-01,6.682025781619502780e-01,5.515530211943416861e-01,6.787952583738696699e-01,9.807904250177780225e-01,8.890165454009183454e-01,5.423312228347851871e-01,4.497826157161673999e-01,7.571812413729644975e-01,9.773676617820664658e-01,7.508004786640101180e-01,6.950926931432254152e-01,6.584954128313142974e-01,5.309527552421768881e-01,4.372697512860624358e-01,3.634966330414751701e-01,5.951859230852174498e-01,4.226189012376803666e-01,7.072902824035868230e-01,7.831994871753613641e-01,6.552223893321670323e-01,4.291461560778341289e-01,7.238907288614063740e-01,6.934800357608600363e-01,9.561553024787914357e-01,6.983039361815069901e-01,2.401314756576757858e-01,5.086549278565917209e-01,6.932459521345663012e-01,9.236066202519837010e-01,8.241283312203554479e-01,9.037988480427646687e-01,4.591745023066821640e-01,8.706781407115222748e-01,8.695862582117642736e-01,5.575666873171095661e-01,9.407839703528697584e-01,4.098391065505435082e-01,6.701980556298261504e-01,6.433937820925240691e-01,9.615400053031950556e-01,7.561245235948551580e-01,4.201211714678091402e-01,9.743190532900450895e-01,5.607119726058713560e-01,5.618713119097843434e-01,5.764860759744152574e-01,1.107707419708692798e-01,5.016284261644603504e-01,7.460895541030072575e-01,2.648060925769560314e-01,3.919694185965773015e-01,8.694403136928161580e-01,8.344104012857682662e-01,2.276896552425546338e-01,4.197148837744718031e-01,6.146992480848673113e-01,1.218964509163079080e-01,5.453192698990190213e-01,4.263339052877883617e-01,8.006319592322653778e-01,-7.565154783119995563e-02,6.200349076710592877e-01,2.648212912999512447e-01,7.189180333857610183e-02,9.980493380231697520e-02,1.637002330260735883e-01,6.248670631141024501e-01,9.626714295573801650e-01,4.396514161897222550e-01,-3.339480209184331194e-02
9.456456467714978720e-01,8.298216426801128254e-01,0.000000000000000000e+00,8.010077805711069976e-01,8.809428690621050606e-01,3.758038083880550495e-01,6.647717235445098627e-01,8.155316945504156312e-01,5.833811891610261036e-01,8.476105905675794805e-01,2.501908411045553060e-01,8.614091967489199142e-01,7.462239241598317419e-01,5.781565434568777251e-01,5.060771623999714697e-01,9.522721403643711335e-01,3.031318585743647542e-01,9.402453424502376089e-01,7.609397816717023977e-01,8.465843548818328956e-02,9.569602785735975559e-01,6.019831067830205829e-01,8.660239407798715483e-01,8.312956774373951863e-01,6.667619178284238668e-01,8.338346653290994448e-01,8.554677518311951667e-01,6.513265157721133125e-01,5.456045202474363309e-01,4.311537090072632417e-01,2.791018283908621930e-02,8.098608699278886380e-01,9.204130319143950523e-01,9.366478396482059710e-01,9.309155430312106017e-01,2.667060028702590846e-01,4.250254944808928848e-02,5.883422920030123571e-01,9.980592610260852204e-01,7.370004827600865616e-01,4.093380023252805033e-01,4.360782112080856532e-01,9.121504528854426086e-01,6.867756178885207063e-01,6.826051844289920956e-01,9.217969290712109409e-02,6.029066989483509165e-01,9.183940378939664528e-01,8.253435343891933895e-01,3.302928232861889191e-01,4.303553791981956644e-01,4.769158509349619712e-01,4.514923913637570729e-01,7.069067937292594639e-01,6.046391267026089977e-01,6.287300417362950977e-01,8.044361993766796504e-01,3.716977106442288514e-01,5.497850517928837277e-01,4.752877644992644646e-01,7.482236100976927817e-01,5.824227435890900750e-01,8.047117607621546709e-01,2.480183460292571807e-01,9.669534532513233138e-01,3.954535997882155374e-01,9.228329528578920193e-01,6.653256107357212734e-01,6.987810477265499198e-01,4.571245645917934586e-01,8.943305607605703811e-01,7.101899913159271938e-01,5.738233205108349555e-01,3.185837946755898931e-01,5.010587774765077329e-01,7.311434096573986574e-01,8.413031932273369318e-01,8.553885702149071069e-01,3.071396251283800560e-01,4.115579229122901528e-01,9.703172262482647747e-01,4.341765698054902423e-01,6.825946576602291982e-01,8.407293251412858437e-01,5.600546073934338231e-01
9.689793290921352442e-01,6.011183329134677233e-01,8.010077805711069976e-01,0.000000000000000000e+00,7.537066215646537337e-01,9.604485537843461262e-01,4.513916212961938124e-01,9.133123062179222540e-01,7.658233343191428455e-01,4.102286503935188566e-01,8.280271437587504169e-01,7.012767494536913393e-01,4.761326963714168081e-01,8.320076181794220371e-01,8.145803222877837646e-01,5.006148789742637106e-01,2.300724433501543931e-01,6.010268267566418743e-01,-1.300957925672470150e-01,4.029261784139164249e-01,4.922806277365951999e-01,5.394101887794062744e-01,5.621543591946827068e-01,7.723223594288792793e-01,5.846100861116148018e-01,6.516085458851359480e-01,5.344382079540714869e-01,7.484725619431720212e-01,1.507913073975879759e-01,-6.877919791147171780e-02,4.130113113743316133e-01,3.678102615154753008e-01,5.099723990753476377e-01,9.315939211752495286e-01,6.519140142459023401e-01,2.704231351003357764e-01,5.603518650967542758e-02,6.623613987575107664e-01,9.042023439166512189e-01,4.908966425860700200e-01,3.169705547320330052e-01,7.446544243689562359e-01,9.352228709860517242e-01,6.289346857608103525e-01,3.022936128293490787e-01,9.089433799242540024e-01,6.485195113324719873e-01,7.717251742065136533e-01,5.595738073040446015e-01,2.693439460435827215e-02,9.437885659234706015e-01,5.612912199508448552e-01,4.374906280850630602e-01,9.697697243315340776e-01,5.484909054527635774e-01,8.304225360667873979e-01,3.444134839226853373e-01,1.715501410049737607e-01,6.657694116041232846e-01,-1.082842049452369809e-01,3.531986287744565134e-01,8.833281585942909242e-01,6.426314783883757542e-01,9.665626313147792636e-01,6.521910283619757331e-01,7.329394519879640635e-01,8.783075653455775234e-01,5.612736185807845057e-01,4.764658695681232570e-01,6.748367449393400941e-01,6.775604991666268617e-01,5.960203272320803158e-01,5.979434001570280710e-01,3.298597778422878157e-01,7.174226325268067139e-01,3.147366712506614594e-01,7.284802162822315852e-01,3.601058305936413184e-01,7.119033999423585168e-01,5.708661071713184709e-01,8.206073957363647642e-01,4.111009715231004336e-01,4.499816312518813977e-01,5.485476646408836698e-01,6.644427757142697955e-01
7.416545969513529402e-01,3.924691052685662096e-01,8.809428690621050606e-01,7.537066215646537337e-01,0.000000000000000000e+00,6.266635527670928463e-01,6.637098222488548860e-01,6.026395261331207731e-01,1.286733431301513575e-01,6.230427006364028797e-01,5.949743611965389034e-01,5.807568497613355696e-01,2.503507650650935168e-01,5.402777807657445086e-01,5.376428321976352009e-01,6.729939930577188978e-01,5.656059231043212288e-01,3.410882725082927669e-01,5.009465430386093043e-01,7.676681847067998721e-01,7.012086654482815318e-01,6.491565995062550387e-01,6.814537048449641476e-01,8.056985599062109760e-01,7.178720568511981481e-01,2.836694029099038339e-01,9.425090124773441991e-01,6.037396351699397812e-01,2.752522814935430828e-01,4.756597779777068657e-01,5.910565458890766344e-01,4.429859169812760400e-01,5.589154888902649887e-01,6.488907042126654812e-01,2.931865161040409506e-01,4.197236780012826296e-01,1.209801764631899534e-01,2.826995729999270957e-01,7.009652627345152043e-01,5.100411681614619441e-01,2.563306506790201666e-01,9.236248439351669726e-01,7.020421247467477643e-01,7.363057346939135828e-01,9.467968304288777448e-01,9.468426790557732398e-01,5.511239456384808832e-01,9.319561521280896876e-01,6.373954804258314955e-01,7.692051633836032298e-01,4.597892815190083859e-01,7.163832707219887075e-01,9.553285692183461908e-01,4.061243018223935075e-01,5.467444404405061853e-01,9.186702124198578012e-01,7.733518134417429746e-01,3.700887659695931697e-01,3.937201941853428755e-01,3.206283734636811156e-01,2.336464162598611838e-01,6.060885818181653839e-01,6.448826619902744417e-01,5.817543542662187983e-01,7.295088934627729227e-01,6.515089873403326903e-01,5.197925375441228013e-01,7.635403866089376379e-01,6.606150279540883297e-01,8.242635551166432872e-01,8.940420803036477349e-01,7.922248424532751798e-01,7.707411911554230555e-01,7.352163105099680518e-01,5.286627589178504172e-01,6.205154043275161735e-01,2.735588938843419582e-01,3.634825275776634168e-01,3.662660990556145801e-01,4.621366882848800817e-01,5.607606262756427151e-01,5.537174999504312911e-01,7.250707091873269672e-01,5.396064484837087560e-01,3.883584576877363581e-01
6.783718306648298668e-01,6.422011127109740203e-01,3.758038083880550495e-01,9.604485537843461262e-01,6.266635527670928463e-01,0.000000000000000000e+00,3.691371362235879028e-01,2.213526098184143420e-01,4.511662589024314496e-01,9.171059542119845975e-01,3.508441479895723636e-01,3.429120943262723431e-01,2.225441603702952298e-01,5.363070399348200956e-01,5.088907677413372355e-01,8.652322980065306757e-01,7.261685893073748232e-01,6.373097136380676542e-01,5.306673547597389184e-01,7.331360776746834729e-01,9.424849275011252248e-01,2.699506949507315401e-01,5.070619286699813433e-01,6.618137574576271609e-01,2.192922133708917198e-01,3.884325827098357165e-01,8.824376558767594858e-01,6.823821688965023835e-01,-2.977236870023509674e-01,8.722809738915954236e-02,1.496481945261108337e-01,5.413671648741589237e-01,6.359641857898189476e-01,9.270608271123156330e-01,7.706984746272146358e-01,4.474055985253375112e-01,2.019179156008363563e-01,6.353898520255678584e-01,8.698421311446066229e-01,7.969186105366189432e-01,1.695586715820211199e-01,5.807288811596724720e-01,7.320366095544939000e-01,4.589813435047890300e-01,9.118692877334314550e-01,5.159601503293207436e-01,6.619341340340637592e-01,9.139128679488009999e-01,6.904937878994432676e-01,6.184489710055425249e-01,3.091970821053506915e-02,6.069173063727080208e-01,4.731474831901019140e-01,5.177067616790047566e-01,4.189048321057475821e-01,9.409538040680616167e-01,6.589040870501376990e-01,2.488032917651056830e-01,8.519018665545786684e-01,2.196654632175407823e-02,1.091939213046157486e-01,4.457715014396170794e-01,5.666530230055023543e-01,2.317794726135941619e-01,8.658241087346437714e-01,4.388914760937524528e-01,5.504168468869342044e-03,6.863180083705378021e-01,3.487943030509152442e-01,4.695651753910130566e-01,6.440513436652313128e-01,7.471383351671677664e-01,2.463988198947998920e-01,1.816442994987277904e-01,6.764640431697424017e-01,7.500500267527415721e-01,6.523794533114446459e-01,1.443882632922887654e-01,2.267172349295161760e-01,2.591352927162799413e-01,7.544336819753132417e-01,8.372646274348910511e-01,7.035571614559382736e-01,-1.034558901833342454e-01,5.796141608197247219e-01
7.394023308797255112e-01,6.184320165955018433e-01,6.647717235445098627e-01,4.513916212961938124e-01,6.637098222488548860e-01,3.691371362235879028e-01,0.000000000000000000e+00,6.592330532379058194e-01,7.734379045324838442e-01,9.581867089107790059e-02,1.227004095363006808e-01,6.661042325495201144e-01,4.919253568126947251e-01,5.380572409960832081e-01,7.169724317805156177e-01,3.998542267332642619e-01,9.129671418647395953e-01,4.165949587151706046e-01,6.951007392560619724e-01,6.789092050084668539e-01,6.899581404893384562e-01,7.948030659442945067e-01,9.196887905224653270e-01,7.497970860696365758e-01,6.347572331599816708e-01,2.151993382012202527e-01,4.637119472266835740e-01,8.252987616592566758e-03,7.663540189007874703e-01,7.992275590120097029e-01,1.367884820424018211e-01,4.890693378470414854e-01,4.486578516188919896e-01,6.662397249265914478e-01,8.213082176680075452e-02,3.819363242911837791e-02,3.857122007929785212e-01,6.175602636557659952e-01,6.136519952592611737e-01,7.021670301898770283e-01,-7.826165261213481605e-02,2.371504629101590378e-01,7.200754691891185777e-01,4.812909461398917621e-01,6.107046645413871655e-01,3.007729916612915666e-01,1.090328212457172818e-01,7.517665738480800997e-01,4.231992516533654713e-01,8.318700533658112128e-01,2.680116639993329608e-01,4.585026467509399906e-01,4.060058166868126261e-01,5.972324813130314158e-01,2.331118216772750662e-01,3.122272112868474392e-01,7.356152679104308589e-01,3.268092127341211683e-01,4.060306520166062083e-01,3.853145513987607518e-01,2.893448929282065873e-01,7.011537932092967162e-01,7.716345786409852803e-01,9.768388024486094334e-01,6.074358491675074800e-01,4.772641357813252050e-01,6.440980086304285424e-01,5.714544860149036731e-01,4.631412011553655561e-01,3.983303691878998798e-01,3.867468433999354804e-02,3.848585946030741445e-01,2.039454857249809461e-01,6.854268412865679450e-01,6.306736845571290218e-01,7.355103408733465464e-01,6.468497380571466282e-01,7.647409191307898979e-01,3.413533253202111206e-01,-1.791927348280451526e-01,4.199827457068170955e-01,7.708095077905017245e-01,2.823080173315898334e-01,2.954729950423363727e-01,7.928508088225830752e-01
4.115826953800011956e-01,6.289025276358887195e-01,8.155316945504156312e-01,9.133123062179222540e-01,6.026395261331207731e-01,2.213526098184143420e-01,6.592330532379058194e-01,0.000000000000000000e+00,3.103849129088923631e-01,3.515249080142842653e-01,7.604341108891237155e-01,8.611411640467618867e-01,7.043744184341445003e-01,3.282234986924416065e-01,5.076368079399047328e-01,7.322372232570378836e-01,6.138838887382470633e-01,7.172710936000046278e-01,6.723714166309697760e-01,6.867246952498300416e-01,6.669854656957324712e-01,7.211305975324300288e-01,6.210306248148741437e-01,6.713962339206860364e-01,6.173140082008684582e-01,2.819320771266922709e-01,2.940029506658395006e-02,6.062231172400817103e-01,-1.327750547280298066e-01,6.442156198804033229e-01,-1.572249572693404096e-01,5.477059577942866575e-02,4.217737745099517377e-01,9.524452648763521712e-01,3.411112035961723077e-01,1.932127263890623392e-01,4.171633605595704841e-01,7.803872800133638821e-01,7.522340378761200874e-01,4.193626629692487340e-01,-4.185761177839758540e-02,3.280075523889453004e-01,4.917782217942534007e-01,7.683440947123943987e-01,9.108497164279435454e-01,7.584811542765749204e-01,5.569711013452378623e-01,5.218552328645296168e-01,6.974245186046520439e-01,5.550091691940152172e-01,5.280788818881592128e-01,6.014352655748584908e-01,6.196410502389784192e-01,6.699614705264386183e-01,6.525898890332230140e-01,6.064284724202497756e-01,5.903522925867763504e-01,5.632461972105735626e-01,7.888289730047343129e-01,4.071693714310171130e-01,5.063127168579355519e-01,4.678071338105322940e-01,2.640485001129796450e-01,3.578588011666516966e-01,9.828274471985489757e-01,3.188046983032414294e-01,6.660010315518243296e-01,7.746079952605776642e-01,6.681326236201768909e-01,4.049697101977172142e-01,1.027810583519022380e-01,5.902547189384030890e-01,3.404522309701321081e-01,4.790944462115150349e-01,4.439985736922658632e-01,4.361382563031445114e-01,4.825847620692266804e-01,5.554079230690446289e-01,5.826080304459395620e-01,-4.939109141953964000e-01,2.453717220127103471e-01,6.694272483490434356e-01,2.549646665180619887e-01,5.293021739383243496e-01,8.401438935243293882e-01
9.007506844200755536e-01,8.714917091044397379e-01,5.833811891610261036e-01,7.658233343191428455e-01,1.286733431301513575e-01,4.511662589024314496e-01,7.734379045324838442e-01,3.103849129088923631e-01,0.000000000000000000e+00,6.598682526685131222e-01,3.122868226912243750e-01,5.001710045444026642e-01,7.290001743319272087e-01,5.623357987669389546e-01,6.448630372407078148e-01,2.579463680497366962e-01,9.781017775557637739e-01,7.594624825395595025e-01,4.998114314160178040e-01,6.546372441992235336e-01,8.073568308790054493e-01,4.198858165070640247e-01,4.799481710231068288e-01,8.485969930960208796e-01,8.566034770342869642e-01,9.011903586486850193e-01,-1.016425853633310394e-01,8.964847619860907280e-01,4.362645276289285334e-01,1.889358251982876657e-01,6.444874774320189514e-01,6.373998927725682551e-01,5.125350026179072982e-01,3.971914773492284390e-01,7.914556855255754364e-01,2.592720636618716101e-01,3.531574823852045575e-01,8.799737564432101866e-01,5.832920970968372698e-01,9.290123659694671243e-01,5.057823651131834741e-02,6.969621984039537921e-01,7.074765310328096080e-01,4.730360672465023786e-01,7.936766690081513698e-01,5.724680531432977393e-01,3.958977291623616557e-01,6.397486464958758168e-01,3.749579726639515886e-01,2.139426355837109051e-01,5.090660914275940696e-01,4.108487328344273548e-01,4.705406858466474329e-01,9.047347587645627742e-01,8.435157103591421901e-01,3.884503069412553744e-01,4.546479920338521441e-01,6.537468338173000326e-01,7.427912550060888908e-01,4.296094651608703963e-01,3.077100408711854751e-01,6.229980373234480506e-01,4.997511768261585496e-01,7.400808626019141911e-01,8.629983707341386534e-01,3.234325993768440988e-01,7.130297977716388846e-01,5.859942946550908971e-01,7.121039063796087420e-01,4.432492561756378180e-01,6.415675748994291716e-01,7.570733597108111335e-01,5.132776909758499650e-01,2.676677963019380990e-01,7.422793078763296748e-01,2.035423578666385458e-01,4.232941783133581382e-01,7.477691597471141094e-01,6.378166782608692964e-01,1.450357889723741245e-01,4.656675562178149708e-01,6.911682667049653395e-01,8.861025201325239964e-01,5.385417675100621082e-01,9.918239449931978147e-01
4.154449310200636902e-01,5.730017309038129003e-01,8.476105905675794805e-01,4.102286503935188566e-01,6.230427006364028797e-01,9.171059542119845975e-01,9.581867089107790059e-02,3.515249080142842653e-01,6.598682526685131222e-01,0.000000000000000000e+00,2.793675015632440806e-01,2.973308064251299898e-01,6.741564387942140524e-01,7.702444795267681110e-01,6.229522026693335990e-01,9.117681628383362824e-01,9.814029197293201445e-01,4.995069208217350898e-01,6.256366721278129317e-01,6.572755651474135874e-01,8.395723018386327396e-01,3.643559656542743608e-01,2.870217154507594959e-01,5.204502604417038381e-01,6.924634761178375397e-01,5.729437160045997013e-01,4.919705563210908239e-01,7.623656905013405094e-01,3.358721780018698033e-01,2.673555530565086547e-01,-8.283797644556369077e-02,4.295716174205502225e-01,6.383324111254068400e-01,9.836185451285297532e-01,4.895299727803752998e-01,6.597781532656653292e-02,2.417204683009306077e-01,9.858526822813276635e-02,7.400575125979549362e-01,7.462298405140082025e-01,1.349636830159921530e-01,7.374062326354746677e-01,9.471229706705636131e-01,7.013541940831572452e-01,7.119248142413743263e-01,6.414288954078606331e-01,4.669234291121995284e-01,9.079833578836424834e-01,7.870209164098189714e-01,7.957438508981474756e-01,5.480667185470082803e-01,2.203611456996694418e-01,2.169534318805905748e-01,4.767489769081619810e-01,8.337226494871795568e-01,5.088260653717874282e-01,8.035259613135816714e-01,7.331839756644273898e-01,7.769423870383276309e-01,7.240667680980774623e-01,3.886031883504509343e-01,9.225666312957250259e-01,5.628101575481248009e-01,6.401769158289182249e-01,3.463924975092587122e-01,4.980425042101322974e-01,4.044016996532986963e-01,8.973098832203371122e-01,4.938757977463570370e-01,7.393254639763817693e-01,4.096924148361597018e-01,3.802670341958613864e-01,1.119466176661383476e-02,1.137016184462087513e-02,6.753260350852731131e-01,7.709487006543869203e-01,5.529243343788352583e-01,2.928148878679340816e-01,3.910099673032889633e-01,3.979259404375650733e-01,3.052809033928934879e-01,9.956936001130770597e-01,7.398305910522858797e-01,6.999160335900002083e-01,6.435422354278385049e-01
6.212485896354965620e-01,3.214730801024664464e-01,2.501908411045553060e-01,8.280271437587504169e-01,5.949743611965389034e-01,3.508441479895723636e-01,1.227004095363006808e-01,7.604341108891237155e-01,3.122868226912243750e-01,2.793675015632440806e-01,0.000000000000000000e+00,9.869157442210387821e-01,3.091628002501338179e-01,7.159785593983011287e-01,7.940249350897419234e-01,9.922707100084988685e-01,6.038608038507982112e-01,3.328121622954332559e-01,5.479006203558409727e-01,9.669682999332770423e-01,9.485397714265358937e-01,5.288018365234792295e-01,4.123625206768361529e-01,7.378130026081375359e-01,5.958207513397453248e-01,7.750182531719447265e-01,8.356262425761684653e-01,3.762625605106416637e-01,4.283473469607762540e-01,2.378463272035435394e-01,3.137122700233461181e-01,7.021163727643274788e-01,5.655863458559281520e-01,6.306601430864754443e-01,3.981920103814476919e-01,1.227775480840727178e-02,7.870144639576844015e-02,6.690279303204734740e-01,9.032502382890421622e-01,8.887193353141532581e-01,6.102739645920347566e-01,5.751550947009225201e-01,6.528937521874660366e-01,4.489947669724596024e-01,9.128068442185141018e-01,7.973141803875847256e-01,6.944766647364399859e-01,2.392765443489915378e-01,7.923044501008877916e-01,6.855915814565485267e-01,5.367238183230567117e-01,6.041289795846076505e-01,7.465092168406933792e-01,7.514989046541575846e-01,3.789596968215317441e-01,8.436105319301277772e-02,5.077670126388661442e-01,1.123255053610070636e-02,2.220792025854591567e-01,3.771936743024475458e-01,3.547662373735775421e-01,7.264527475930711020e-01,5.153190878585606205e-01,7.421224009092275420e-01,5.747525416918414232e-01,7.760729819250945516e-01,9.069259266886429138e-01,3.633962157269514659e-01,5.286035289975620222e-01,3.120063714943631106e-01,4.536407183869525794e-01,5.303530057830641020e-01,7.714387672765566917e-01,2.137605635223242539e-01,3.722683847187426842e-01,7.458819749260859888e-01,7.614237963573096124e-01,-1.083248371630832069e-01,4.585128328450149837e-02,7.781199709124711483e-02,5.200537533475393381e-01,1.814584165026804086e-01,5.505200417666944457e-01,4.080878224017685518e-01,5.916035294489747631e-01
7.674982639521380490e-01,8.864188537957534697e-01,8.614091967489199142e-01,7.012767494536913393e-01,5.807568497613355696e-01,3.429120943262723431e-01,6.661042325495201144e-01,8.611411640467618867e-01,5.001710045444026642e-01,2.973308064251299898e-01,9.869157442210387821e-01,0.000000000000000000e+00,6.326129835795669676e-01,8.123488325992387349e-01,4.073808991855774053e-01,2.529286749269951118e-01,3.966395371871874742e-01,5.665658011444597575e-01,8.425614241829341156e-01,5.597954554642933234e-01,6.243515035414157754e-01,4.457140071577976870e-01,9.789387511139236997e-01,6.576316004630672341e-01,7.856452362670435230e-01,6.305472384564847488e-01,9.189676360069900518e-01,3.559800660778812409e-01,6.384384841760244456e-01,3.572000446393033268e-01,5.249536248516086800e-01,2.229927898551993803e-01,6.016015378930323898e-01,7.729437504199718756e-01,5.667519895025965315e-01,5.170658539467635206e-01,1.689037016326756513e-01,6.349102120343345090e-01,5.722960690898962755e-01,6.125096400678733399e-01,5.558719500369695421e-01,7.857450467674672590e-01,9.340889829353663520e-01,6.178328546419995515e-01,7.865321498730345473e-01,7.809983375275592055e-01,3.421243873218732245e-01,6.586894157171627739e-01,2.435622234681840415e-02,5.438112043474319091e-01,5.664113215915708155e-01,7.183474892465798733e-01,5.302890134718942772e-01,7.418175960858809370e-01,7.672540060079156010e-01,9.873836527431255616e-01,7.584562843557678402e-01,6.569781125667365496e-01,9.874616302789547273e-01,3.118216798152496638e-01,3.799039384725553248e-01,6.326845155246595409e-01,5.887035613309858917e-01,5.505269074059210288e-01,9.568209553043094395e-01,1.191715594757067065e-01,4.068136750211728270e-01,8.945965615157150941e-01,7.268329221927629646e-01,4.147081407469257464e-01,7.985154391782358640e-01,8.251095136597008661e-01,5.667332095122439295e-01,3.989062423525623347e-01,6.992725514434225964e-01,4.820241737852486441e-01,6.210071391987326272e-01,4.040954018932907399e-01,2.876146834927638118e-01,3.405468920082384554e-01,2.157991063256875786e-01,6.722394844725417817e-01,2.631874245294951731e-01,5.638921977574727906e-01,2.096117962584186645e-01
9.642566738776465751e-01,8.922389842766250689e-01,7.462239241598317419e-01,4.761326963714168081e-01,2.503507650650935168e-01,2.225441603702952298e-01,4.919253568126947251e-01,7.043744184341445003e-01,7.290001743319272087e-01,6.741564387942140524e-01,3.091628002501338179e-01,6.326129835795669676e-01,0.000000000000000000e+00,5.902954284469013047e-01,7.981167689382983044e-01,8.485315282486250998e-01,5.243321825627611510e-01,2.752209610876472645e-01,5.477419082267293016e-01,5.262446169261295603e-01,9.013797456825847210e-01,9.292568944647485729e-01,9.737221059064155027e-01,7.682081733644368082e-01,5.086270921459261629e-01,6.395114020739828264e-01,6.306789807111664592e-01,4.726352060025207913e-01,5.573339483647924419e-01,5.908814683391037104e-01,1.680176887699366961e-01,4.225547652134412080e-01,4.827788378447053219e-01,4.567488117404711612e-01,8.437809025139964003e-01,5.325257295009522274e-02,3.292485704719940731e-01,7.284583238436371788e-01,6.233101954831082869e-01,9.990977864048409263e-01,4.427780905821072643e-01,5.738791775130849260e-01,6.841888538627941552e-01,9.629178695804586630e-01,9.696196205241572885e-01,6.976035191292910831e-01,9.483577568461726282e-01,9.787009081366886409e-01,6.827209508540639238e-01,6.029044964999596967e-01,5.049469539193335299e-01,7.934360251260390573e-01,8.309068700820922970e-01,5.882682796883266230e-01,6.769817258707956364e-01,3.227996299091188126e-01,5.155413452028115850e-01,6.057645995511257153e-01,9.764725175427586557e-01,5.704972913770057774e-01,5.754569284871107193e-01,3.627243077270189131e-01,3.270452089578505528e-01,7.082530454348042737e-01,9.860143710025718322e-01,8.034997044543868983e-01,9.375114223500551347e-01,8.776218998914088187e-01,1.057246112183636289e-01,7.621627176181634544e-01,9.982802821761511680e-01,4.254529065379821784e-01,2.045628887116593686e-01,2.253982839061992038e-01,7.547888238652139536e-01,5.964049615306279417e-01,6.274700566518620626e-02,8.672098515403179331e-01,2.831650955654398394e-01,2.489197044595272135e-01,5.262009376992666798e-01,4.687357147130949975e-01,8.123336394302851371e-01,4.549829320946439659e-01,9.626200014431152141e-01
5.712843013698045702e-01,6.096496757258166310e-01,5.781565434568777251e-01,8.320076181794220371e-01,5.402777807657445086e-01,5.363070399348200956e-01,5.380572409960832081e-01,3.282234986924416065e-01,5.623357987669389546e-01,7.702444795267681110e-01,7.159785593983011287e-01,8.123488325992387349e-01,5.902954284469013047e-01,0.000000000000000000e+00,7.296427653606382124e-01,6.078889960478324195e-01,6.583505352975975722e-01,5.113829727471631559e-01,4.228309951530065947e-01,7.083646577121760490e-01,6.430999969375749137e-01,6.921317961949187414e-02,7.401538246477457061e-01,7.496495771571825006e-01,6.019119056138652057e-01,9.623745848107188028e-01,7.244313653787328722e-01,7.806346341693264357e-01,7.856902743299473135e-01,2.777207112053984295e-01,5.921233181411964530e-01,4.771481467714498992e-01,6.634351189836380502e-01,5.319816275091115987e-01,6.438904893768068183e-01,5.972834703867870854e-01,1.702062501171672515e-01,7.868271833580107177e-01,8.111615318919973561e-01,6.748353801898314686e-01,1.545374232773517598e-01,7.183514512294698617e-01,6.469235389442224982e-01,9.118895850628745414e-01,6.777885786834629833e-01,3.694578911149409839e-01,6.573983957477690376e-01,4.915646650739854961e-01,5.377163424631257183e-01,6.461058448230583284e-01,5.856766428147157644e-01,9.266888847936436413e-01,8.627108644803058723e-01,6.914869637876988051e-01,4.298199364336575679e-01,2.014587732297841716e-01,9.362961001184955112e-01,6.244482840803664558e-01,9.711870348502049666e-01,4.633087850024855681e-01,2.163718812546749359e-01,1.559404402049724692e-01,7.605347109003409711e-01,6.310997214939348954e-01,8.317391704753148707e-01,6.307222127921624510e-01,8.437208818233834506e-01,5.798773728957762330e-01,2.460837870106071801e-01,7.424365418056781962e-01,9.089376456119470093e-01,8.432809114398469585e-01,2.789010338411531120e-01,1.161089870175482652e-01,3.462516888965527784e-02,9.853580467565181689e-02,7.785944068120276285e-01,8.633174662656966092e-01,-1.194832756874490004e-01,3.124877592257112591e-01,5.849718121058774534e-01,9.821605840127829445e-01,7.304306326532480353e-01,6.350367295693853942e-01,4.729640930026567380e-01
7.989567446097762815e-01,8.432776077548259641e-01,5.060771623999714697e-01,8.145803222877837646e-01,5.376428321976352009e-01,5.088907677413372355e-01,7.169724317805156177e-01,5.076368079399047328e-01,6.448630372407078148e-01,6.229522026693335990e-01,7.940249350897419234e-01,4.073808991855774053e-01,7.981167689382983044e-01,7.296427653606382124e-01,0.000000000000000000e+00,7.833943638594927927e-01,4.349538811624657497e-01,4.071727936500255107e-01,6.759715580826886061e-01,4.472889961272796810e-01,8.330615300365179499e-01,5.974962077089682744e-01,6.210129151198138242e-01,9.692346409489336345e-01,4.741142153239071011e-02,4.501913458852877525e-01,6.745132800954248831e-01,7.509725506923800031e-01,5.141280926875355650e-01,3.997121625317018312e-01,4.661327542886814501e-01,4.263056737387145301e-01,7.608354799571883653e-01,7.666244914524079634e-01,3.761479251053687078e-01,4.835907957760530312e-02,1.746195584481528285e-01,8.681074643800527069e-01,2.763403499796212026e-01,4.350530901280980078e-01,6.067728653996528054e-01,6.647196770071310823e-01,6.926213814126711554e-01,6.558268072656967540e-01,7.347349298781823412e-01,7.990421348915195399e-01,4.178661409608396271e-01,7.952339219437575268e-01,3.641621874512924739e-01,4.492901856308234021e-01,7.405566722654837175e-01,7.750398613435188766e-01,5.186544309740361847e-01,6.075644573563052653e-01,9.416080449281647446e-01,7.663919605428078929e-01,2.787885766550705635e-01,5.619638837742918502e-01,7.836578321147096293e-01,3.261192326526078378e-01,6.012733924058623058e-01,5.131234169676068824e-01,4.581331746190507870e-01,4.264027792705957220e-01,5.690533149327174911e-01,1.311763052888755554e-01,5.036848052961597766e-01,6.027429287213118547e-01,2.111163726065360124e-01,2.849020183315130184e-01,8.016267076850513984e-01,5.930768277526348164e-01,4.128099110711623831e-01,4.757249537414808827e-01,5.449221011251060842e-01,6.806127927815379675e-01,8.682893343310794654e-01,4.165557854759813217e-01,3.469565860587872086e-01,3.911914775109061604e-01,6.767316407851726723e-01,6.133256414227477027e-01,5.068366717209996652e-01,3.954813585724660796e-01,3.383919652737847339e-01
7.307241655167874272e-01,6.682025781619502780e-01,9.522721403643711335e-01,5.006148789742637106e-01,6.729939930577188978e-01,8.652322980065306757e-01,3.998542267332642619e-01,7.322372232570378836e-01,2.579463680497366962e-01,9.117681628383362824e-01,9.922707100084988685e-01,2.529286749269951118e-01,8.485315282486250998e-01,6.078889960478324195e-01,7.833943638594927927e-01,0.000000000000000000e+00,9.086305879972679245e-01,6.838538514946075342e-01,7.714444511413385275e-01,6.174395981573834735e-01,4.732055203128616161e-01,3.294273477013566209e-01,8.135580502817889581e-01,6.922985011996861671e-01,3.222554977969152024e-01,6.220618959006680715e-01,6.198091090314048479e-01,3.054884081113222738e-01,8.570630438891818637e-02,-1.311829158220875757e-01,4.613525578736265009e-01,2.623941420852868300e-01,5.189589896935480756e-02,5.784310911878161043e-01,6.426048319351074234e-01,-1.859622618354059287e-01,4.394304675480635858e-01,3.565596528567641088e-01,8.048111026358478748e-01,9.360350176807007427e-01,2.112239824351348771e-01,3.054347865784814431e-01,6.453681759403865348e-01,8.224441064357667086e-01,9.343864970997163288e-01,4.364891659275663693e-01,4.039460172545906724e-01,5.871283623408884988e-01,2.587361873255309974e-01,5.727435169552915761e-01,6.656653937580579716e-02,4.471322198980193785e-01,9.817171677017945131e-01,8.307718113682206473e-01,2.276349560663814831e-01,2.999128839286714365e-01,7.184046926578472325e-01,3.602704876264304357e-01,9.714167558422017734e-01,3.429793798355996737e-01,3.799773755494776917e-01,6.757937847661432684e-01,8.667965489445255134e-01,8.351289574189963982e-01,7.577286908686907685e-01,6.755601035266931564e-01,7.131357403269026340e-01,7.104664158118673134e-01,3.497378454621802302e-01,5.698320596802901594e-01,6.241462582080457011e-01,-7.341690356582020183e-02,4.962301733107088997e-01,3.301496340517830475e-01,7.425506467288026657e-01,7.547566825155764825e-01,9.371003040037477749e-01,4.055033975413130931e-01,5.130743215634285814e-01,-1.145241384177491661e-01,4.889569869438366023e-01,9.252323368534005610e-01,7.852085484662136849e-01,-1.440493299857437404e-01,3.971824618277461916e-01
9.209956043463166653e-01,5.515530211943416861e-01,3.031318585743647542e-01,2.300724433501543931e-01,5.656059231043212288e-01,7.261685893073748232e-01,9.129671418647395953e-01,6.138838887382470633e-01,9.781017775557637739e-01,9.814029197293201445e-01,6.038608038507982112e-01,3.966395371871874742e-01,5.243321825627611510e-01,6.583505352975975722e-01,4.349538811624657497e-01,9.086305879972679245e-01,0.000000000000000000e+00,7.653296936159112995e-01,5.520936495621033835e-01,9.640972318731672042e-01,5.263319576874332384e-01,3.210925869141337818e-01,6.291988957437129049e-01,9.695238508104750963e-01,6.789731622237025199e-01,6.364071397509664108e-01,6.102720989389087691e-01,9.757159643790465076e-01,3.303695907717712349e-02,6.026738766300944183e-01,5.590851519041466489e-01,9.863377974934731673e-01,6.963050233341201434e-01,9.913722663605235574e-01,6.078552847890450472e-01,2.427027762208983364e-01,2.584241487054997344e-01,4.767176642993038449e-01,6.465205254763234377e-01,6.897318040740415546e-01,3.325363711674995670e-01,4.924443391968725825e-01,9.564443298156144468e-01,5.452495537292806338e-01,6.216755060885468254e-01,5.774602519863222261e-01,3.351320483469660827e-01,9.881526347519660192e-01,5.713741211152241206e-01,9.343842815285059444e-01,9.493832927152151546e-01,6.308147146086974244e-01,5.256628350954881679e-01,6.185233111718421162e-01,9.936365695597788594e-01,4.597828877034466077e-01,7.798661894823604168e-01,5.260013217814640818e-01,7.467575620301197814e-01,5.183501701735746675e-02,5.001594051559370424e-01,9.961546630936237712e-01,6.282742665682157224e-01,7.360555790217281347e-01,6.950792591385416275e-01,5.387832776728971318e-01,7.642030471163926419e-01,7.052802271719578187e-01,4.927230282621354318e-01,4.033969839599957918e-01,3.496219552319271839e-01,4.200605044307638702e-01,2.769867133703172724e-01,5.450322181697582202e-01,8.053637095986930783e-01,6.010339014245000833e-01,4.139295337950601450e-01,7.458256657070636564e-01,2.691525143007477139e-01,2.388975613392215203e-01,8.661373214882397420e-01,7.873073447874909814e-01,6.280129900853089753e-01,1.303612273035010920e-02,9.521329751558329502e-01
6.148953711996710814e-01,6.787952583738696699e-01,9.402453424502376089e-01,6.010268267566418743e-01,3.410882725082927669e-01,6.373097136380676542e-01,4.165949587151706046e-01,7.172710936000046278e-01,7.594624825395595025e-01,4.995069208217350898e-01,3.328121622954332559e-01,5.665658011444597575e-01,2.752209610876472645e-01,5.113829727471631559e-01,4.071727936500255107e-01,6.838538514946075342e-01,7.653296936159112995e-01,0.000000000000000000e+00,3.795032545717038630e-01,7.670343384617065441e-01,8.891439961157583394e-01,4.652257192804807873e-01,4.924832219597437555e-01,4.086831283641210733e-01,4.418094506289467760e-01,5.971533239906972046e-01,6.547369602269335065e-01,8.859883812705928730e-01,2.568741214486426894e-01,7.643457018321798691e-01,4.146871784000127903e-01,8.289729576836789571e-01,7.893520675997593994e-01,5.478267005717200044e-01,4.932305975980945112e-01,7.019912228091979012e-01,4.675040055777928139e-01,3.571902549469713195e-01,6.933124982931015978e-01,7.948184713201569274e-01,4.424366243754254691e-01,6.069188520869595038e-01,6.027571301106039448e-01,2.472310315392013957e-01,7.659365220330521806e-01,6.182243435176831836e-01,4.074551729062892980e-01,7.827323463066754305e-01,6.200382220363165331e-01,2.054608625812910649e-01,5.766495079557844017e-01,1.363478704836652289e-01,9.993049143906759246e-01,6.241544402641655553e-01,8.931279259123743319e-01,7.093744459643940292e-01,7.721631943124674935e-01,8.375215092291772301e-01,6.617344407753286140e-01,8.426754039998118895e-01,3.451378525911266149e-01,2.956586562379456828e-01,9.157904338391541499e-01,6.200734831438399208e-01,6.104797995863021631e-01,7.153493242011081665e-02,4.929967142924896462e-01,9.278796795864616698e-01,4.864886982021592865e-01,6.485213772674295329e-01,4.103434068151553538e-01,9.982763430706607100e-01,5.297407163588686574e-01,4.820091012773156658e-01,6.412577296274563077e-01,4.613040065568616011e-01,8.724468893709059758e-01,2.589013001625366517e-01,5.912510915691855384e-01,3.158478336934365527e-01,7.681831667253764540e-01,6.042409246690889635e-01,4.644086167992517722e-01,7.754933742455583090e-02,4.653583683324741260e-01
