0.000000000000000000e+00,4.311561273220474444e-01,5.809969242105575971e-01,5.447624483791564387e-01,9.350431066481929010e-01,7.427576341017594341e-01,7.346712750599495578e-01,4.278728437171929744e-01,2.095550313551335087e-01,7.071369080352540859e-01,3.087048963575106386e-01,8.054749496522625174e-01,8.382086703090320112e-01,6.911984694980768396e-01,7.713450145649917156e-01,9.814320277978987317e-01,2.402281488355094141e-01,4.122235286302126100e-01,4.703338973620916352e-01,7.672571640154913775e-01,7.649574774291125756e-01,9.458402805010992509e-01,6.083901777539737488e-01,8.984711398941944704e-01,9.122785352812595727e-01,6.271363711391548801e-01,9.496695449015530865e-01,6.033266160545851520e-01,3.219687268365776234e-01,4.684193933738043381e-01,5.143630365600717624e-01,6.936505785159068349e-01,8.925804606652939510e-01,9.366966777798994004e-01,2.746004923609395854e-01,3.332871552895237399e-01,8.983315122137974784e-02,9.396013419023981905e-01,2.624885727900342358e-01,6.088087680633605947e-01,7.117575290368167718e-01,5.093861643273457362e-01,7.567047516571555610e-01,6.405715667622698950e-01,8.935428942652987594e-01,4.550225899528072548e-01,8.319193253883244710e-01,7.205053427756816786e-01,8.680699099599116231e-01,3.213605923338117565e-01,6.080434960308003789e-02,4.039454018061943708e-01,7.445072856318346588e-01,5.475317406679247600e-01,3.827645933203560613e-01,9.604767525023569785e-01,8.747225055780615266e-01,4.877834155354596746e-01,7.549192340625515696e-01,3.948344203455062540e-01,2.172555131590643562e-02,6.287419178798242525e-01,8.705471720833012350e-01,7.440273765816108886e-01,7.102291089508802058e-01,7.857614820578323611e-01,7.946823534047942061e-01,6.293530677498307968e-01,7.800501536840072081e-01,4.980448636571261911e-01,6.554557619486012232e-01,5.276709520142217752e-02,1.094122252920371602e-01,4.184629109192494201e-01,6.730443823731160347e-01,3.928958005566334233e-01,7.661664061026899342e-01,8.303568035068961128e-01,4.096911710497962988e-01,3.239804131349010574e-01,7.254375189981370209e-01,8.947724827089820199e-01,6.699210751065630687e-01,4.971446421939200722e-01,8.052898955674598902e-01
4.311561273220474444e-01,0.000000000000000000e+00,9.764949863876483116e-01,2.756239573123965281e-01,2.421651934064352196e-01,8.599923017559532035e-01,3.833722021826969639e-01,7.289572015411019956e-01,6.750394036441866863e-01,8.329531567086005950e-01,5.020745518191304102e-01,6.132565920618714417e-01,9.503979376866883433e-01,9.047818291996447826e-01,3.330114383029413316e-01,7.584343970031938165e-01,6.242364360249826882e-01,3.845675344307778465e-01,5.059951202624574096e-01,5.460689311574555838e-01,5.021767418319218468e-01,6.677909540277467970e-01,4.400111658528801373e-01,1.487665404750988796e-01,2.367776412375749151e-01,8.745451624478288721e-01,6.298485052340264678e-01,5.573857788498162158e-01,3.198549384290181458e-02,7.415839651206808103e-01,4.997655827301747400e-01,6.464739685358236176e-01,5.353934625444439072e-02,5.969024100415105671e-01,4.089796690759539555e-01,2.975324808371641594e-01,3.193917773676763772e-01,3.273936648427563378e-01,9.587953923426215663e-01,5.574621433106176083e-01,2.696458525936599737e-01,4.008573373139252549e-01,6.517051939228661883e-01,2.982926223939227350e-01,5.582369173122888606e-01,8.361173471219430775e-01,6.012640622874023677e-01,3.665593455890270302e-01,7.785869161811374006e-01,2.681377087712243923e-01,5.590229689324890394e-01,8.088930608593608573e-01,5.444358335630692380e-01,1.697605777269669269e-01,7.747877928489952382e-01,2.613248942314388978e-01,3.307919773776867300e-01,9.666295595842320232e-01,6.948524983680917089e-01,7.303520165658744512e-01,6.659373988002216249e-01,2.533719510093294658e-01,5.384092603080290473e-01,4.234465006088055650e-01,8.785823722120158497e-01,9.865155643343652692e-01,9.266540766165300980e-01,2.332374567753268679e-01,7.874210173801192703e-01,6.762853805109104721e-01,4.214405898414941842e-01,7.483953070137410180e-01,4.041479879067024772e-01,4.956137524994272958e-01,7.484458215874257858e-01,5.336682132672240231e-01,5.124939976743496661e-01,4.869180227738275635e-01,5.924506158271981571e-01,7.855786894970739898e-02,2.117417795079304665e-01,8.675085610769691646e-01,7.330675427460473514e-01,7.454990674488862767e-01,4.827743154296394446e-01
5.809969242105575971e-01,9.764949863876483116e-01,0.000000000000000000e+00,6.909225076174778657e-01,6.338528715762574706e-01,8.992078526234900115e-01,7.180240803583836096e-01,8.496659409376370320e-01,2.178809392521411648e-01,4.985576093746160731e-01,6.058450452827908173e-01,4.071791052103191921e-01,9.251775419868897288e-01,7.746830586758668424e-01,7.799989273964398340e-01,9.211637768322159525e-01,7.921578428295049656e-01,6.579807020448267263e-01,9.944518713392348497e-01,7.467510380058487440e-01,7.620957112074955297e-01,6.046018359444943480e-01,6.582351692837239421e-01,9.262122842943234513e-01,6.805334821119111144e-01,7.379247665286441382e-01,9.855090346582751071e-01,9.584741358344301965e-01,4.136601544117280982e-01,2.836243205949185997e-01,1.986915517463345993e-01,4.755044873257312510e-01,9.039686323992531802e-01,9.435103141280640759e-01,9.209053398265025780e-01,4.929424177278762809e-01,3.940294857564535236e-01,7.059338046888399276e-01,6.685870480935693916e-01,3.573183239264112743e-01,5.032701701409870720e-01,4.660847626941937438e-01,9.000812968495497390e-01,8.188769353074918378e-01,5.664942234973948665e-01,7.814030991084495170e-01,4.732719883938174554e-01,8.247525515285463182e-01,4.730192871787847197e-01,6.030017666243961960e-01,7.427889037047353815e-01,6.956534358837540566e-01,8.954604304345880061e-01,9.230119504561248300e-01,4.310599944206208178e-01,9.703943477149428176e-01,8.027231119323331443e-01,5.190258167725416705e-01,2.512603671335337241e-01,3.099311530695201267e-01,7.426208171614050446e-01,4.469485690949310253e-01,4.106791495166269845e-01,7.571915841287445437e-01,9.574470669193291261e-01,6.533467194462277972e-01,7.912132431929176368e-01,6.780868167521298950e-01,7.270478973689353808e-01,6.990532147270419605e-01,-6.656080671110378710e-02,6.923695191741182642e-01,4.934677916366559947e-01,2.659037425239379471e-01,6.018621714230342201e-01,7.094048333909410697e-01,4.486988589077401390e-01,8.743236528226733251e-01,2.328873551244035889e-01,5.992682002037438282e-01,4.123173852768739489e-01,9.678309973778552733e-01,9.871184916127778708e-01,4.601558708246492602e-01,4.770776678142372718e-01
5.447624483791564387e-01,2.756239573123965281e-01,6.909225076174778657e-01,0.000000000000000000e+00,4.624171164822873936e-01,9.855904876992054309e-01,4.191332649887183348e-01,1.441890327006643824e-01,5.825167327093287994e-01,7.377712539858963803e-01,3.347769561603494148e-01,4.978105621829772565e-01,7.780455593940863723e-01,8.792643361792257251e-01,5.852722440934987613e-01,8.093252648785546066e-01,1.702553657278949029e-01,6.739984670829735069e-01,6.629716653796622339e-01,5.963903060268690437e-01,8.855050027895619014e-01,9.719882861077542291e-01,5.238550022612127322e-01,9.516406466246231100e-01,7.120348757307740639e-01,7.642241676687745455e-01,6.343281975876757794e-01,6.348667428902019516e-01,4.828698648906892821e-01,3.012749803869146370e-01,2.738320853201291483e-01,5.409694724370147645e-01,2.482416254552568535e-01,7.572375879013887312e-01,2.278418283599295269e-01,6.373981569733815356e-01,5.083761429023371248e-01,7.817239869114220863e-01,5.214224831812541705e-01,3.637675770388931751e-01,4.381982717580672482e-01,7.629966488160768723e-01,6.728497789081967495e-01,5.549327538678678895e-01,-2.480667749659284937e-02,7.036148455296803439e-01,8.790940420854627124e-01,5.838608096877513365e-01,7.582392354127077683e-01,5.344841838190328431e-01,7.883671626374737507e-01,6.449508970355289916e-01,4.921886355895678244e-01,7.266425486140881684e-01,6.706554573402149222e-01,5.673576350123592515e-01,9.539702632586493092e-01,3.861606517343098011e-01,9.227280745036506859e-01,2.567849951851860490e-01,2.269615196094831311e-01,9.567423354395742097e-01,5.819585293117215397e-01,8.384095659460797378e-01,6.699431463547751431e-01,9.400218569677954994e-01,8.272825328324953098e-01,7.474070104723194996e-01,7.305697813039500055e-01,7.627473674279811044e-01,5.574333219995586397e-01,6.105266793685992788e-01,4.063852469006495327e-01,7.228346200685366041e-01,7.034122563687738028e-01,7.589223634159932841e-01,5.104359456791619509e-01,3.082985434669832658e-01,4.220789361529802552e-01,4.703007747108159387e-01,8.396799707769410093e-01,7.365728960911510637e-01,8.950346322913718122e-01,4.092735691371447437e-01,7.076326994978331397e-01
9.350431066481929010e-01,2.421651934064352196e-01,6.338528715762574706e-01,4.624171164822873936e-01,0.000000000000000000e+00,6.622821542028956010e-01,5.924553333308096859e-01,3.326535432852711915e-01,4.325741968190596198e-01,8.254025416500867518e-01,7.335440995622377613e-01,4.391950485028751627e-01,6.290883382520848777e-01,7.304405089311623023e-01,7.047911018768688862e-01,7.541192618963480365e-01,9.270037769860764998e-01,5.365369528835023383e-01,9.346031713373439409e-01,7.121720492423146975e-01,8.198581846522206007e-01,5.775463910748969143e-01,7.656207382604128808e-01,7.291723015396925911e-01,3.312885669590562854e-01,3.103425411812314461e-01,6.148194596496899811e-01,7.889862888148113651e-01,-1.199222912764701943e-01,2.830658491525697151e-01,5.888237194082919235e-01,3.335501667752086563e-01,7.988689834335145346e-01,6.481727878912930674e-01,4.705005913562718134e-01,5.398249747042735969e-01,3.487286742760760117e-01,2.430094273826431672e-01,6.757403727298664231e-01,5.725090639391274827e-01,3.586243357977587642e-01,5.237107843850083988e-01,6.157368431625851457e-01,5.086856846814244992e-01,5.973939712782807554e-01,6.864577586168328915e-01,7.237786506522607688e-01,6.173459038418085409e-01,1.365149613801139583e-01,4.827500861201551863e-01,5.361556623526844145e-01,8.404711112808838092e-01,6.623070519853713201e-01,9.268696653283160503e-01,7.581993899049388475e-01,6.381286259401346417e-01,5.891925470869493475e-01,5.517839782679868632e-01,4.943805429966273701e-01,-1.058604744249711238e-01,5.355544378750485279e-01,5.557922934419008421e-01,-1.773369642132337221e-01,8.428609490280354333e-01,6.427179551067364605e-01,9.646629925924249394e-02,6.132816656994796167e-01,3.146368353191213441e-01,1.468423394894239065e-01,6.319465364061557233e-01,6.981514657002007018e-01,7.730660367786822418e-01,7.696409709092889573e-01,3.082235946164051388e-01,6.490103720710582724e-01,4.272310420469918602e-01,2.829509912860760368e-01,7.678519117067288402e-01,4.025254879474393643e-01,1.631043647979754374e-01,4.606688920732788795e-01,6.067846122956009891e-01,5.493694887701351393e-01,4.157087515112705134e-01,6.392892827078411333e-02
7.427576341017594341e-01,8.599923017559532035e-01,8.992078526234900115e-01,9.855904876992054309e-01,6.622821542028956010e-01,0.000000000000000000e+00,6.896852850701533644e-01,5.324755238392885337e-01,5.756623403009502038e-01,2.426430499063290669e-01,8.225538367458108402e-01,4.507673138633925825e-01,8.493268307171930598e-01,4.087237156610375455e-01,6.559746483902958447e-01,5.044610439100135624e-01,6.074996277242989962e-01,6.676162839161703388e-01,6.943227788210536433e-01,4.029947112131214704e-01,7.815103527444335896e-01,1.545294018841576467e-01,8.936684602474862515e-01,2.896384389475893939e-01,7.896781381062871752e-01,4.675420139766894301e-01,9.301380062745019384e-01,7.796265050608327529e-01,5.495379373437105919e-01,2.316198679586203568e-01,3.115677905876816367e-01,6.479408978899344751e-01,2.382527941836373175e-01,6.194531907577176533e-01,5.496141288687537152e-01,7.882919558397025739e-01,4.818323347357743591e-01,4.112057880107888863e-01,4.947484401215248573e-01,7.263508972597423341e-01,-1.460198690450871806e-01,5.293876860731021594e-01,5.501936301635708126e-01,4.281589297837497532e-01,7.212960741818326138e-01,9.429783702621696850e-01,6.877694267043280574e-01,9.727521823964474512e-01,5.250399050550443869e-01,7.776613458640474486e-01,9.985999840464476751e-01,7.066548222893397346e-01,7.897944564292846970e-01,4.581900952886433509e-01,8.799390579332146967e-01,8.656098861167969005e-01,6.137610372236884659e-01,4.269360610228530029e-02,6.211491108075810619e-01,5.407751163039367093e-01,2.817829635029551749e-01,6.012985946861797437e-01,7.092305389802314730e-01,8.801777033253783689e-01,7.855924421251152534e-01,7.317656897771537272e-01,9.801593403101740432e-01,5.235961733425579245e-01,7.804343116388319235e-01,2.257063232435519429e-01,9.622587533153743600e-01,7.351721037305127826e-01,4.028424995636972206e-01,5.246455584054345866e-01,3.721034246023997571e-01,6.278867861360794000e-01,9.379963581360299951e-01,3.663550693310178019e-01,1.859693997653379949e-01,3.783917614791565409e-01,8.558728660847791936e-01,8.697545894306638603e-01,7.291974728131662697e-01,6.492054884839791873e-01,4.693002999425309185e-01
7.346712750599495578e-01,3.833722021826969639e-01,7.180240803583836096e-01,4.191332649887183348e-01,5.924553333308096859e-01,6.896852850701533644e-01,0.000000000000000000e+00,9.476231380290826012e-01,9.721559082514598105e-01,7.589523453540151232e-01,8.887583487738984767e-01,5.929068076260541886e-01,6.136947834926828049e-01,7.849591964792734800e-02,5.588886205650753919e-02,4.338941405824287001e-01,7.859242421144401192e-01,4.468266222308960867e-01,5.875655032967361802e-01,6.157072444717637261e-01,6.284060905173446399e-01,3.180815679493179671e-01,3.989313080122564581e-01,6.885956291355112002e-01,6.312416743129326546e-01,-3.562558917629561339e-01,4.394469400037780971e-01,5.333908928372301794e-01,4.848722247035167632e-01,9.692718956534492059e-02,3.542800202319870140e-01,2.684707323320986716e-01,7.628146032766637274e-01,8.591134008724515825e-01,7.758759574428342187e-01,6.710201171491536609e-01,6.410611735879384598e-01,6.320735657591803891e-01,8.477360248262559850e-01,4.789663889141392294e-01,2.612650099824042060e-01,3.930891174197650439e-01,6.612537176143331585e-01,4.952762343795708011e-01,3.753041696824087614e-01,7.291793719951187303e-01,3.413443824243661551e-01,5.914176994271260757e-01,6.340530103792068051e-01,5.062810614825802302e-01,7.090683566920219505e-01,5.963846876987930479e-01,6.049001937994815670e-01,6.559930290345542536e-01,3.645449353964684835e-01,3.047443612793159229e-01,2.558916252888028819e-01,3.220586235782915141e-01,4.541108439776074812e-01,4.208630380899042733e-01,3.721833860144092565e-01,7.531981977639372605e-01,7.391502441063405593e-01,7.174986816700442693e-01,6.609881418503018580e-01,7.903994545390518045e-01,4.901469551996233687e-01,-1.557143866490672268e-01,2.129142308530939665e-01,3.136389578893320484e-01,3.348256977071759621e-01,3.166554801371636585e-01,-4.841526335571094686e-02,5.826563177509157532e-01,2.200956564683412275e-01,7.740290024131053492e-01,3.945749387383423734e-01,-6.846307967189019239e-03,3.233005081760010335e-01,-1.723168563655513297e-01,2.755899017438706022e-01,6.009010085063710982e-02,6.605572694979946480e-01,2.344381795214478884e-03,6.371550995162014175e-01
4.278728437171929744e-01,7.289572015411019956e-01,8.496659409376370320e-01,1.441890327006643824e-01,3.326535432852711915e-01,5.324755238392885337e-01,9.476231380290826012e-01,0.000000000000000000e+00,3.579448693525199010e-01,5.780425189368567640e-01,4.725032523435146459e-01,4.273925028808336912e-01,4.292972273726197163e-01,6.262263211272284247e-01,6.124216326032250191e-02,6.723668746688322706e-01,7.863566516492940250e-01,5.032408829014981544e-01,5.749212343547022153e-01,6.348074016849341028e-01,6.817399284987453179e-01,3.595693317831607505e-01,4.221885965873251045e-03,6.214417869438972897e-01,3.541516760490590610e-01,7.865706239434863134e-01,4.801048022455565306e-02,5.291375730983204351e-01,6.945310970161131525e-01,7.320778364818308903e-01,2.050648406380539135e-01,2.478406914939011996e-01,5.774071848027806375e-01,4.794841866440289757e-01,4.175960660017200010e-01,5.112055779981193870e-01,4.129589363649769362e-01,7.139128980487920995e-01,7.295908101142365432e-01,-1.829046422196444754e-01,2.796403209327242845e-01,4.056422933331553793e-01,8.377592596792859947e-01,4.627299727412820807e-01,4.602831766921518242e-02,5.059584175781386417e-01,5.396418032612150251e-01,6.128406875009561050e-01,3.890101748467166276e-01,3.361429016560150140e-01,4.149744216519027362e-01,9.592398488511388877e-02,7.131716175038396166e-01,6.185270213468135880e-01,6.400840828945569827e-01,7.174025847957199442e-01,2.825909123061280392e-01,5.147988238833093311e-01,5.068925198344385041e-01,7.063566062546831059e-01,9.155781567681512412e-01,2.311996148655516004e-01,1.171844784483432184e-01,1.169226959426323820e-01,9.440059558817130991e-01,7.287179263483436475e-01,1.773920289875836609e-01,4.500086983476912494e-01,3.045285813020270904e-01,6.826058530919418832e-01,6.537258306152978760e-01,8.009496158252148446e-01,5.316693650170321028e-01,4.659584593880014558e-01,3.875329855148019753e-01,7.937935107633804499e-01,5.944462866876847329e-01,9.162070744503690856e-01,7.634648871972041784e-01,3.367290621042486887e-01,2.375624476155299425e-01,3.650160284619409223e-01,9.768881864597851461e-01,5.187440110545872285e-01,5.353721822295964827e-01
2.095550313551335087e-01,6.750394036441866863e-01,2.178809392521411648e-01,5.825167327093287994e-01,4.325741968190596198e-01,5.756623403009502038e-01,9.721559082514598105e-01,3.579448693525199010e-01,0.000000000000000000e+00,4.140076718195478955e-01,9.832104508828238831e-01,5.386994547675787864e-02,9.432079028537538878e-01,6.346889233154322518e-01,6.177001288526307032e-01,4.596575016621582410e-01,4.189268237120040705e-01,6.555520048543970191e-01,7.581003418535340321e-01,8.320648467762038480e-01,5.697792995974333419e-01,4.714886843279475492e-01,8.822507448543984721e-01,6.187963014852673194e-01,7.270367204307267572e-01,6.433115627775790601e-01,4.047210523946861427e-01,6.213265930756344257e-01,6.533328623678950065e-01,2.786142333968862905e-01,4.297521104660398383e-02,9.121295950760460736e-01,7.219481658425830339e-01,7.626844500005345306e-01,4.599750308838315149e-01,5.678117154312920523e-01,4.720306741571272252e-02,7.248497798239398326e-01,6.071869770717228665e-01,7.427002421379040875e-01,2.928672738918875473e-01,5.278291746298083842e-01,4.712685665507902466e-01,1.518902927800316327e-01,9.423905414867090879e-01,6.350441708080745151e-01,3.533052653857461367e-01,6.001234601936711321e-01,3.362515223980672152e-01,2.772523218862872341e-01,2.355336176073617449e-01,7.858830187452293670e-01,7.832258764547953556e-01,5.412211271757406683e-01,6.638582629409442992e-01,3.698246126288711189e-01,5.243008500912442749e-01,8.826834957314642072e-01,6.619119967986710762e-01,8.224696523004604298e-01,1.789761146906988787e-01,7.419984076414792851e-01,5.554254006097621987e-01,6.200817291129947506e-01,7.694822109301600044e-01,1.140349779261251692e-04,3.032123962661384953e-01,7.194776075957655115e-01,2.596553701795579205e-01,3.214781878263610060e-01,7.456274891145783235e-01,5.582772882425093286e-01,2.121664441705228277e-01,1.455644223105203305e-01,4.957436654288581712e-01,6.791630580441440079e-01,7.452021323342732373e-01,3.390899905060031361e-01,4.384062051009617322e-01,-1.474231162496680847e-01,4.009647758340416646e-01,5.313202255490221404e-01,5.137536001525655482e-02,5.967162339668570237e-01,7.785155495732030140e-01
7.071369080352540859e-01,8.329531567086005950e-01,4.985576093746160731e-01,7.377712539858963803e-01,8.254025416500867518e-01,2.426430499063290669e-01,7.589523453540151232e-01,5.780425189368567640e-01,4.140076718195478955e-01,0.000000000000000000e+00,8.769674119476520424e-01,7.323784459750066755e-01,2.402547298270238108e-01,7.436309624447861033e-01,5.084674042015483453e-01,8.363753019673710043e-02,9.303311508649286798e-01,2.967104541670890216e-01,9.936149981577480084e-01,7.157492922228869681e-01,8.878550438314899429e-01,6.063851654609749842e-01,6.204564606839476637e-01,7.013579001243355204e-01,1.969254095817650763e-01,5.642285538917014565e-01,9.126773416503355385e-01,8.509055714291109407e-01,4.774348207755734208e-01,-4.936698595907720866e-02,2.614640891512811649e-01,5.807953125875849887e-01,6.222443953798483252e-01,4.830793841742151429e-01,2.303428747420724898e-01,6.994363902282224599e-01,2.984961152376934268e-01,8.640059807065700870e-01,3.001016584061733661e-01,4.611955361173304402e-01,6.805545501101141204e-01,7.652780818993774048e-01,3.804705617081621805e-01,8.447049688275561907e-01,7.881540643778282007e-01,6.942385724404334102e-01,5.203336472149622249e-01,9.024643262569664870e-01,1.938215431328570160e-01,5.902878438016342377e-01,7.246459917678396145e-01,4.550545220021418036e-01,5.380713293139052222e-01,7.567011386564201914e-01,1.676442791187322465e-02,8.458007519621810744e-01,-2.668231937227441564e-01,-1.382047689470118079e-01,6.371957264273383492e-01,3.493979301382272862e-01,5.264729527252289820e-01,6.096147611834599189e-01,5.187669368394368652e-01,7.838963285714997120e-01,4.082230437590100847e-01,3.772624289633406680e-01,7.498771266283368320e-01,7.582293270706269572e-01,3.255177750442197482e-01,7.568133256294602429e-01,7.671071509553135659e-01,4.020749696520956595e-01,3.715481595960443695e-01,3.197139688076637842e-01,-8.279461950142578963e-02,8.487508594208219570e-01,6.860943700579282822e-01,4.923006457839624872e-01,3.422688016147827361e-01,2.060764360640651438e-01,5.352930741189629860e-01,9.044199306447608944e-01,9.095601274249442980e-01,4.068391005379266151e-02,5.908801875195613951e-01
3.087048963575106386e-01,5.020745518191304102e-01,6.058450452827908173e-01,3.347769561603494148e-01,7.335440995622377613e-01,8.225538367458108402e-01,8.887583487738984767e-01,4.725032523435146459e-01,9.832104508828238831e-01,8.769674119476520424e-01,0.000000000000000000e+00,7.426584308487463870e-01,8.831255294602359251e-01,4.496566160183853578e-01,5.961857099119631798e-01,6.537686420446795488e-01,6.464410765961612348e-01,6.359368103306157760e-01,7.840597361279159072e-01,7.070314035686268150e-01,9.556725827278063079e-01,4.566358738692911090e-01,-7.770776320409546190e-02,6.467792742491443869e-01,4.542245838319767803e-01,5.371032625531071414e-01,6.201024377573026714e-01,5.998755182314625678e-01,4.084822740737356073e-01,1.319176098770793448e-01,8.816610366244176378e-02,6.464032975857834096e-01,7.664871760913000154e-01,4.281450705098531762e-01,2.970664503987358041e-01,3.883478170519097938e-01,1.267632778525947246e-01,7.385144765716704640e-01,9.178301352272351110e-01,2.881109954771639003e-01,9.816075458618808147e-01,6.255309004813985885e-01,9.266938905441486352e-01,7.799603087711584060e-01,9.757439257506445029e-01,7.404549323508785585e-01,7.597747885734762452e-01,4.069173105888523878e-01,4.008556266810374691e-01,4.799890366214845105e-01,5.630635517539657464e-02,8.973506246856605140e-01,3.592200507091312112e-01,1.496278554644995540e-01,4.273542868337346090e-01,4.680347762853416249e-01,3.313077188701859521e-01,2.296772306888016923e-01,8.510445395960599679e-01,3.700102146988856200e-01,-7.877469110807246155e-02,8.629565494907842638e-01,6.236163426225753703e-01,8.219239413669358063e-01,7.081400959647895510e-01,9.448470233807990670e-01,8.473820675786318812e-01,9.282941935220725416e-01,3.811004297536647600e-01,6.806167846338960770e-01,5.392642330460624134e-01,7.567374908599345806e-01,6.348520392500527354e-01,7.525509214221316467e-01,3.293598550175524942e-02,3.877108222485057265e-01,6.409034881285560203e-01,3.148340546786883576e-01,7.689058015377405741e-01,4.778308043660113302e-01,7.217019566523890095e-01,5.580468685005514073e-01,6.085756749195352366e-01,4.073190476770588431e-01,7.241378600289174461e-01
8.054749496522625174e-01,6.132565920618714417e-01,4.071791052103191921e-01,4.978105621829772565e-01,4.391950485028751627e-01,4.507673138633925825e-01,5.929068076260541886e-01,4.273925028808336912e-01,5.386994547675787864e-02,7.323784459750066755e-01,7.426584308487463870e-01,0.000000000000000000e+00,9.867687593591957240e-01,8.670642906906282921e-01,6.728011160466081109e-02,1.940557655319404828e-01,5.637664078755659780e-01,7.305356366602974161e-01,-1.838392809231687575e-01,6.905682079021565611e-01,8.337361346891205560e-01,5.893062652305776083e-01,7.790280549743409111e-01,8.184517243969904321e-01,7.519468028002076476e-01,5.035880393148657319e-01,8.911231559506048727e-01,6.177098372195817255e-01,7.006979359014556819e-01,4.325277911694779820e-01,4.959107111814518021e-01,5.681996085236228344e-01,7.301609265826559669e-01,4.318373244565596458e-01,3.984402015976438172e-01,5.763397212779710621e-01,2.734515498201031680e-01,5.025874330999912099e-01,8.460068148292274604e-01,9.807122706990649696e-01,4.712832027616928321e-01,6.553923493477062934e-01,6.469856216139465710e-01,4.153879850859172329e-01,8.790061006477961625e-01,9.028542550025977498e-01,6.049993411865004500e-01,8.238034665566928982e-01,2.817208314530170732e-01,3.105236304830898963e-01,6.344310789640748016e-01,5.718552550892164188e-01,7.123853282556373845e-01,9.375640863986538509e-01,6.337720782480431303e-02,3.473437854220244869e-01,3.889765654165535658e-01,6.615247762057878678e-01,7.519827391501072711e-01,2.816839999736264755e-02,2.839318223375588701e-01,7.715839210316263186e-01,4.389338278546675021e-01,3.349407591813978180e-01,6.602298005850696372e-01,2.922039410410710580e-01,7.702642569342865730e-01,8.778997109630676254e-01,2.314032910011687150e-01,8.864077918635597797e-01,9.217427398556705676e-01,5.049162045789078457e-01,4.476041726524095377e-01,2.418196311314857183e-01,5.563159347861950516e-02,3.631346120503768926e-01,7.490483413936304125e-01,3.180134350562716650e-01,9.336791477488617930e-02,5.132777320538615268e-02,4.675672285469383294e-01,6.263408242693856431e-01,7.128102444581830843e-01,3.448450479696372334e-02,7.058198028236960520e-01
8.382086703090320112e-01,9.503979376866883433e-01,9.251775419868897288e-01,7.780455593940863723e-01,6.290883382520848777e-01,8.493268307171930598e-01,6.136947834926828049e-01,4.292972273726197163e-01,9.432079028537538878e-01,2.402547298270238108e-01,8.831255294602359251e-01,9.867687593591957240e-01,0.000000000000000000e+00,9.541605443526151031e-01,7.415567415949992913e-01,7.962280410418218768e-01,9.537632465800491843e-01,3.715946489206827241e-01,6.514652441458048671e-01,4.667172960641715052e-01,8.829731185510073521e-01,7.396271160699239289e-01,6.765515318698998026e-01,9.396516992192499584e-01,6.106285112778450097e-01,7.630296907124075600e-01,8.264302886927007430e-01,1.226426224699206230e-01,3.680931299576612470e-01,3.360547316905162507e-01,3.637682518456906156e-01,4.296151038676113143e-01,7.985110032631914656e-01,8.168076579159710970e-01,9.285077818703358910e-01,7.094497570573394807e-01,7.277240689134945040e-02,8.846630132316269934e-01,8.414375926637038816e-01,7.136207610383602518e-01,3.924977704920016297e-01,5.282949361319775328e-01,1.532985980491868572e-01,6.502434206654218452e-01,2.091159033374813958e-01,7.497160856811033725e-01,8.747685795160293765e-01,5.952625974372989237e-01,9.362852770773827382e-01,7.492683496576795221e-01,9.594274839872325433e-01,2.662296711031252316e-01,6.268157699526835103e-01,9.609103291557972160e-01,6.919380014948054436e-01,7.961765685006756410e-01,3.384888543587823984e-01,6.870012922818475865e-01,3.028303949022161379e-01,1.032699832839086840e-01,6.877920074953808305e-01,6.437322997866852248e-01,8.521878361467920548e-01,9.713532045955632910e-01,7.219072080409517644e-01,5.960994701456040490e-01,5.082113557395455672e-01,3.284977844473153663e-01,2.076456203578753990e-01,8.459226974472644489e-01,8.638821048844852468e-01,5.859756323904289355e-01,1.861769063665783264e-01,2.579394540542524483e-01,3.943449389295968777e-01,8.889459330184008579e-01,2.036577702383150501e-01,9.025324845697690890e-01,3.316677744714486842e-01,2.516576354724076037e-02,6.984982028617459093e-01,7.181638353475842118e-01,5.926518371997544499e-01,5.832237470293822890e-01,6.598536930883280860e-01
6.911984694980768396e-01,9.047818291996447826e-01,7.746830586758668424e-01,8.792643361792257251e-01,7.304405089311623023e-01,4.087237156610375455e-01,7.849591964792734800e-02,6.262263211272284247e-01,6.346889233154322518e-01,7.436309624447861033e-01,4.496566160183853578e-01,8.670642906906282921e-01,9.541605443526151031e-01,0.000000000000000000e+00,6.342246048963805505e-01,7.246624280073026281e-01,1.211943731762758908e-01,7.897884638971524041e-01,7.901962687023402765e-01,7.830662129918002368e-01,6.953790376947384111e-01,6.551239199872712637e-01,6.735560198608396831e-01,8.889346235637566318e-01,4.520964614456899899e-01,7.456453050891284073e-01,6.843041236773169667e-01,9.128339738574062778e-01,4.181557206259968185e-01,2.095149323130778840e-01,8.003247390507664538e-02,4.328059375376291928e-01,8.765662913200213957e-01,5.944080629371618629e-01,1.479559828993026738e-01,2.502159039339412194e-01,4.797358026653949503e-01,3.211735826987881515e-01,4.480220157443505213e-01,6.666583521875341090e-01,2.312824901502962827e-01,9.233275141705987732e-01,8.864555849665850529e-01,7.955095349299059482e-01,3.369385645620908559e-02,4.138631072291591995e-01,6.071673666953897319e-01,8.610487679866272170e-01,7.707159174340048047e-01,4.891900628288394226e-01,8.026587184773272821e-01,6.395970285048500070e-01,4.359992140051365261e-01,8.292739380117002401e-01,9.125729684270584841e-01,4.419450674628418452e-01,3.904369847893751633e-01,8.434301293685332324e-01,7.664612337611965698e-01,5.587766292773531651e-01,2.565032256976473302e-01,6.140840176261036509e-01,7.465429574647374222e-01,7.190706856049543516e-01,2.584355609340959203e-01,7.849577398999210143e-01,4.768842107522646701e-01,9.027506804340938995e-01,4.363437963983952672e-01,3.204614461948309678e-01,8.043926254083509919e-01,7.084253018919132172e-01,5.525295537012403502e-01,4.320206665472680618e-01,7.350752223328732571e-01,8.090335425868814268e-01,9.296267841845848867e-01,4.733377225643483621e-01,-1.298759945773930169e-01,1.101745499843849452e-01,5.218576758823245676e-01,4.859011963549488833e-01,9.044432979702512476e-01,7.323552980550214198e-01,7.786168985184291902e-01
7.713450145649917156e-01,3.330114383029413316e-01,7.799989273964398340e-01,5.852722440934987613e-01,7.047911018768688862e-01,6.559746483902958447e-01,5.588886205650753919e-02,6.124216326032250191e-02,6.177001288526307032e-01,5.084674042015483453e-01,5.961857099119631798e-01,6.728011160466081109e-02,7.415567415949992913e-01,6.342246048963805505e-01,0.000000000000000000e+00,7.682319522788820798e-01,6.058841263401844035e-01,3.035289222840401036e-01,3.751595167782753037e-01,4.999206163793349367e-01,5.123270109201256695e-01,3.599977682885679986e-01,3.036942535284903322e-01,9.420886376132890927e-01,3.993863840977560642e-01,4.600555904471876900e-01,5.329910817807579360e-01,7.964011950207141588e-01,3.163910146748895036e-01,5.884302999406747503e-01,1.061712716418651281e-01,6.610878244252053060e-01,6.563321613643167129e-01,2.251658835727319841e-01,4.780524757309542738e-01,4.820767105380978079e-01,-4.590257618189630406e-02,3.124325097255826189e-01,7.367256277216585048e-01,9.588471484121714461e-01,5.341093503356211247e-01,2.712914189389093456e-01,7.407444639760766281e-01,7.439450549955247682e-01,7.352746357714120551e-01,9.885029314136614120e-01,2.271895605143019192e-01,5.017987681007514134e-01,7.235092495421179271e-01,5.091985443098530073e-01,7.897819373727483772e-01,3.525393734387829436e-01,4.520861311331604848e-01,8.608705683095438932e-01,4.894688717403818390e-01,8.870706537137297287e-01,7.425664316377659224e-01,8.770435311874582585e-01,5.289623307338888747e-01,3.218233399844476761e-01,2.596001895683786032e-01,4.487295219698203552e-01,7.436470485532313823e-01,9.289273357049487867e-01,6.568197205392267701e-01,6.611136725084413301e-01,6.449492349263850066e-01,7.570973657603790041e-01,4.866484189114871350e-01,4.655739028734973139e-01,4.715874605817012011e-01,7.656748024393733587e-01,2.205087639779686748e-01,2.596832858883821316e-01,7.654902697720784577e-01,9.887166949256329662e-01,4.472893218153007888e-01,7.369838494422171760e-01,3.551958332166111898e-01,1.608335768081087247e-01,1.322961381273363990e-01,7.887605293719039956e-01,6.969607043425087856e-01,4.989003232955341316e-01,9.672273428393071137e-01
9.814320277978987317e-01,7.584343970031938165e-01,9.211637768322159525e-01,8.093252648785546066e-01,7.541192618963480365e-01,5.044610439100135624e-01,4.338941405824287001e-01,6.723668746688322706e-01,4.596575016621582410e-01,8.363753019673710043e-02,6.537686420446795488e-01,1.940557655319404828e-01,7.962280410418218768e-01,7.246624280073026281e-01,7.682319522788820798e-01,0.000000000000000000e+00,6.384195998705866071e-01,7.463473744501837315e-01,2.565499899043333087e-02,8.042240480460105534e-01,6.222097861112115824e-01,5.828657595430380978e-01,8.888292206349180935e-01,7.053238347489615423e-01,7.841742808796814401e-01,8.195519846672803810e-02,6.102156541354284425e-01,2.299064305003936937e-01,3.300586871640260322e-01,4.919329306600542795e-01,4.442681668722047172e-01,7.724311067288469612e-01,2.584457234403180759e-01,6.649887907208923421e-01,4.763045644383019916e-01,3.300801691688689532e-01,4.980493735639907049e-01,6.118505795734986430e-01,6.752645669611898605e-01,4.733440795745662566e-01,3.659980219021030656e-01,8.572412491523773159e-01,6.661960523957600744e-01,-1.326316544673986353e-01,6.995290636997583134e-01,8.539352779508216917e-01,9.118767683577138072e-01,9.331237845126773012e-01,7.084893533107229358e-01,7.453330313479789027e-01,7.202580692405838869e-01,4.233260779278593122e-01,6.756476100163939513e-01,4.108935590051545628e-01,8.548523599673401030e-01,6.149272729739106991e-01,2.566217766924631105e-01,3.571443637226711099e-01,8.115627813641849153e-01,5.094693824241482982e-01,4.938288483001218587e-01,6.551038590817210849e-01,2.957275542812860536e-01,8.198835011328557965e-01,4.869314761595152641e-01,5.466003917478596819e-01,9.027645612120657193e-01,2.500495624838642295e-01,4.109523346041413783e-01,5.136435573878457284e-01,7.742038410828190331e-01,3.613521597846846567e-01,4.748076083677510439e-01,3.281757800561194705e-01,4.314755812833825921e-01,7.306015934279717072e-01,3.171325954443177664e-01,7.178106513664144206e-01,1.065524408266928930e-01,-1.919619123438429942e-01,8.855724633369348453e-01,5.967706390419016405e-01,6.071601462045146391e-01,1.605305685983082487e-01,5.989814386083629483e-01
2.402281488355094141e-01,6.242364360249826882e-01,7.921578428295049656e-01,1.702553657278949029e-01,9.270037769860764998e-01,6.074996277242989962e-01,7.859242421144401192e-01,7.863566516492940250e-01,4.189268237120040705e-01,9.303311508649286798e-01,6.464410765961612348e-01,5.637664078755659780e-01,9.537632465800491843e-01,1.211943731762758908e-01,6.058841263401844035e-01,6.384195998705866071e-01,0.000000000000000000e+00,9.780499908463086145e-01,6.492944798112567639e-01,6.363384351600922528e-01,8.585423500312834300e-01,7.284744358399156683e-01,6.869937085285333644e-01,7.696427510233424529e-01,3.258616570838658300e-01,7.729287666727421291e-01,7.871575357666813488e-01,6.036626035660606071e-01,5.897801871304044763e-01,3.191145955172201565e-01,3.158004341005021809e-01,4.134881804265599370e-01,9.484704747927313884e-01,9.764167448961211804e-01,4.214157600574880425e-01,4.061123749709727448e-01,5.046547852960113767e-01,7.747067312652405890e-01,6.755283059977278404e-01,4.675818778244503204e-01,7.222855749591359231e-01,5.263071249614261760e-01,4.432363461711864017e-01,9.032534349148805264e-01,7.108093822885144242e-01,8.960434757325821398e-01,3.623509301535986493e-01,8.193499743622770781e-01,7.354218017559707166e-01,4.637399622938250809e-01,5.907797399547444206e-01,9.417609532826959340e-01,7.016202442508377990e-01,7.294773539844522370e-01,3.650329124721631846e-01,8.559697662985821243e-01,5.456381206973041076e-01,4.190038750908534615e-01,9.856360029238739884e-01,5.355659322328026883e-01,9.876062315849976070e-02,8.672201243784728453e-01,7.521570373426993417e-01,7.678959046524466148e-01,4.090861406014971724e-01,6.047742273114058431e-01,8.108255375578824475e-01,8.451045600978720485e-01,2.975007181426236880e-01,7.564666387443987894e-01,9.612295148878049478e-01,6.779579250147188541e-01,4.653851267953445503e-01,4.472923662601704931e-01,5.023263640820081477e-01,3.595045602678058616e-01,6.162086473419369215e-01,2.839449652879922348e-01,4.020953486940413990e-01,5.246762147287094002e-01,7.724960563670160152e-01,7.999005070917216687e-01,6.991039197430066743e-01,2.838906665050539568e-01,8.520113143892450447e-01
4.122235286302126100e-01,3.845675344307778465e-01,6.579807020448267263e-01,6.739984670829735069e-01,5.365369528835023383e-01,6.676162839161703388e-01,4.468266222308960867e-01,5.032408829014981544e-01,6.555520048543970191e-01,2.967104541670890216e-01,6.359368103306157760e-01,7.305356366602974161e-01,3.715946489206827241e-01,7.897884638971524041e-01,3.035289222840401036e-01,7.463473744501837315e-01,9.780499908463086145e-01,0.000000000000000000e+00,6.443356873872219115e-01,8.276188837723204017e-01,8.581443448189657319e-01,7.276006799687253501e-01,7.585867563390471524e-01,4.367372836246770640e-01,1.118182428760384206e-01,2.158577401127854956e-01,9.949320615717999194e-01,8.280310080733918054e-01,1.914654526628326581e-01,5.364263392296589883e-01,4.780740222827831176e-02,5.264559279619258902e-02,5.428176821330865653e-01,2.962822129786729097e-01,6.926189582338161399e-01,2.044325912496698927e-01,2.508137152155929250e-01,9.130592015126263172e-01,8.944435992622841169e-01,7.377667732152549673e-01,4.291552620180760780e-01,5.302970854299229320e-01,5.454365170942608865e-01,7.286439274182370252e-01,5.194145406859692615e-01,6.093790273939657665e-01,9.514953182439298551e-01,5.821342291405290359e-01,6.991175015798259951e-01,7.047809929162865417e-02,6.743845239190610075e-01,6.041600014049141043e-01,5.760253325700650517e-01,5.061538881480447394e-01,6.936459240388512804e-01,5.949293060572820036e-01,5.626917231226363780e-01,2.108702663216647788e-01,5.264646874629730355e-01,7.331154000200147403e-01,6.501098456824770944e-01,7.151933128570761022e-01,5.606681700986365646e-01,7.435167266570422706e-01,6.101206080015858513e-01,7.390803679383537439e-01,6.741629164000279006e-01,6.068510259695458764e-01,7.589020686049858799e-01,5.799238042576125851e-01,5.095287130540570031e-01,3.217422938786425046e-01,4.721818151475572489e-01,4.295947874712935377e-01,6.567279512278973996e-01,1.139407812906139683e-01,9.741651168316817211e-01,4.285106821895157125e-01,2.507642571322264424e-01,5.902235001543031379e-01,3.199847621481278215e-01,5.961776842875690097e-01,8.598322514772542835e-01,1.556191363116273818e-01,1.216324867286566191e-01
