1,0.482056,0.873044,0.63116,0.842695,0.709143,0.49618,0.426293,0.63081,0.52547,0.757748,0.256818,0.635524,0.603417,0.618087,0.0427932,0.711739,0.584514,0.717838,0.711498,0.764129,0.742127,0.744187,0.833281,0.682929,0.811309,0.697193,0.514491,0.355924,0.0256705,0.426634,0.488773,0.807284,0.63079,0.713467,0.694706,0.359999,0.498849,0.725169,0.656814,0.503305,0.689933,0.895863,0.0880038,0.868371,0.760158,0.650216,0.799958,0.448572,0.486667,0.524891,0.560344,0.634179,0.356348,0.613175,0.468862,0.249818,0.238858,0.730807,0.471308,0.442933,0.35275,0.715144,0.645801,0.716522,0.806937,0.836373,0.801531,0.25013,0.713029,0.740187,0.504236,0.574649,0.451012,0.288396,0.720499,0.701291,0.387112,0.412939,0.41783,0.450678,0.638227,0.565339,0.294413,0.676701
0.482056,1,0.181225,-0.0351653,0.283698,0.217165,0.607111,0.264505,0.226855,0.0264589,0.200726,0.215017,0.417888,0.731862,0.335893,0.713876,0.49016,0.078935,0.265256,0.180588,0.155605,0.272625,0.146768,0.1972,0.149629,0.456905,0.0893392,-0.0657989,-0.159901,0.0221284,-0.0766812,0.123356,0.13883,-0.0520835,0.063358,0.293045,-0.0820462,0.0696529,0.169027,0.112155,0.0695468,0.297378,0.381675,0.730835,0.182859,0.0809077,0.094819,0.309234,0.0090806,0.242818,0.105911,0.183063,0.0153046,0.410058,0.508519,0.736209,0.346676,0.655876,0.509697,0.31973,0.373129,-0.102317,0.294683,0.36207,0.245584,0.376544,0.385427,0.177056,-0.16137,0.116692,0.117005,0.377052,0.257444,0.295225,-0.0235034,0.198922,0.317526,-0.0905078,-0.0909768,-0.0958253,0.0213167,0.0997372,0.166527,-0.0439841,0.128541
0.873044,0.181225,1,0.745389,0.847249,0.681497,0.268972,0.305624,0.653794,0.533419,0.755238,0.326019,0.593546,0.308973,0.593439,-0.188107,0.692068,0.670956,0.700735,0.769664,0.829775,0.776182,0.779349,0.850492,0.70687,0.784387,0.660324,0.47886,0.349185,0.0246818,0.329421,0.523525,0.853948,0.678007,0.732255,0.653775,0.48195,0.543441,0.800455,0.687605,0.583019,0.622328,0.801021,-0.268364,0.956937,0.805663,0.646061,0.789934,0.512872,0.477385,0.624539,0.490201,0.714467,0.260797,0.513028,0.151997,0.193374,0.088538,0.680415,0.376414,0.33507,0.569778,0.712557,0.660311,0.790616,0.772608,0.754885,0.838557,0.273599,0.760272,0.772022,0.402733,0.482918,0.390245,0.322656,0.763281,0.629694,0.38342,0.490474,0.469147,0.506725,0.699716,0.534847,0.380506,0.706599
0.63116,-0.0351653,0.745389,1,0.778498,0.642261,0.110192,0.346765,0.482969,0.604309,0.625229,0.285689,0.414921,0.193386,0.509099,-0.229293,0.580916,0.553531,0.457141,0.729959,0.740952,0.547603,0.637843,0.697043,0.546501,0.542277,0.730064,0.498705,0.419774,0.106791,0.405336,0.337397,0.696073,0.636634,0.678891,0.489059,0.50171,0.632978,0.676559,0.646633,0.513724,0.503455,0.723183,-0.308582,0.786494,0.78287,0.74135,0.653482,0.612985,0.469462,0.379222,0.73029,0.755718,0.264287,0.374265,0.00319875,0.247167,-0.0768424,0.461953,0.286629,0.298147,0.254688,0.568896,0.470013,0.651777,0.665632,0.53762,0.686903,0.51729,0.5279,0.751761,0.332058,0.397732,0.354339,0.39569,0.606597,0.543434,0.535032,0.45907,0.410828,0.571431,0.705452,0.492395,0.262774,0.633837
0.842695,0.283698,0.847249,0.778498,1,0.711048,0.273544,0.294155,0.559779,0.56374,0.677866,0.293261,0.572629,0.450248,0.551745,-0.0922197,0.712659,0.583866,0.595596,0.739087,0.803322,0.73578,0.752756,0.787862,0.672027,0.725511,0.760649,0.529094,0.373883,0.0768188,0.422625,0.504672,0.772152,0.649614,0.776023,0.60323,0.453703,0.55369,0.723136,0.636836,0.619669,0.652442,0.818075,-0.106638,0.850776,0.870635,0.736386,0.831374,0.601523,0.515739,0.401491,0.596289,0.631269,0.39234,0.574677,0.271628,0.167157,0.105369,0.630684,0.366148,0.492589,0.373143,0.678611,0.602356,0.69546,0.717559,0.744714,0.791094,0.429236,0.686878,0.797458,0.527314,0.438898,0.460789,0.372558,0.759634,0.683778,0.411169,0.492798,0.424226,0.514758,0.664845,0.432287,0.418563,0.713135
0.709143,0.217165,0.681497,0.642261,0.711048,1,0.358964,0.524551,0.770052,0.595356,0.674977,0.220698,0.529611,0.381909,0.734599,-0.18539,0.452812,0.7325,0.52613,0.647544,0.667726,0.669957,0.733467,0.82203,0.54379,0.735672,0.639347,0.573586,0.425687,-0.135977,0.50966,0.198873,0.64654,0.660011,0.539643,0.469343,0.353051,0.548396,0.589352,0.412988,0.470016,0.614571,0.744142,-0.00969256,0.667901,0.765811,0.6847,0.795074,0.575808,0.5029,0.337177,0.509895,0.689533,0.385656,0.541268,0.256386,0.141176,-0.100984,0.571817,0.384416,0.476671,0.208354,0.624807,0.547234,0.536882,0.742527,0.621892,0.810769,0.530368,0.657052,0.635345,0.471039,0.529626,0.206949,0.429824,0.696711,0.61799,0.379889,0.517269,0.415191,0.58636,0.490148,0.473679,0.342914,0.615621
0.49618,0.607111,0.268972,0.110192,0.273544,0.358964,1,0.465812,0.368689,0.040108,0.289304,0.182136,0.501734,0.572561,0.311367,0.403241,0.41681,0.33406,0.513947,0.418612,0.431507,0.463097,0.380588,0.417898,0.16861,0.360916,0.290225,0.195488,0.0949979,0.168603,0.155222,0.298361,0.383594,0.237004,0.221417,0.242787,0.0842339,0.253362,0.298274,0.314487,0.133304,0.40933,0.463768,0.399669,0.313981,0.242775,0.135931,0.367348,0.190737,0.409605,0.313981,0.223753,0.174534,0.392289,0.562771,0.590289,0.139318,0.423041,0.468793,0.385861,0.339742,0.0829356,0.507621,0.459976,0.40603,0.44801,0.537586,0.392884,-0.0371341,0.359748,0.335227,0.425566,0.318286,0.143336,0.170907,0.355957,0.464904,-0.101189,0.0906515,0.0591774,0.296114,0.264786,0.319964,0.00906953,0.168373
0.426293,0.264505,0.305624,0.346765,0.294155,0.524551,0.465812,1,0.528858,0.294829,0.51402,-0.0757192,0.255168,0.362925,0.273897,-0.0310814,0.189642,0.562144,0.496285,0.478471,0.466676,0.31335,0.420656,0.542819,0.303334,0.460935,0.362417,0.391986,0.409982,-0.128163,0.148428,0.101666,0.382518,0.456277,0.317287,0.344535,0.183032,0.422025,0.295071,0.220412,0.228841,0.467878,0.508974,0.174985,0.326936,0.424286,0.475736,0.467802,0.332812,0.389294,0.247143,0.426008,0.55241,0.22598,0.503548,0.347697,0.18099,-0.0695075,0.520314,0.452858,0.503213,0.228924,0.450207,0.483242,0.346393,0.551254,0.395308,0.531329,0.192922,0.542732,0.298474,0.355743,0.415449,0.286628,0.454878,0.411268,0.519637,0.373536,0.340036,0.328734,0.581365,0.335612,0.298766,-0.038521,0.495836
0.63081,0.226855,0.653794,0.482969,0.559779,0.770052,0.368689,0.528858,1,0.50062,0.610635,0.0690833,0.516736,0.302203,0.468486,-0.0722052,0.393732,0.847026,0.495308,0.652277,0.564138,0.613654,0.696585,0.718227,0.566527,0.654233,0.382364,0.37619,0.40977,-0.0143966,0.291971,0.235752,0.646684,0.554022,0.451633,0.404782,0.190417,0.433462,0.496614,0.316585,0.441015,0.49207,0.562396,-0.0441743,0.577423,0.676477,0.515174,0.65771,0.428713,0.340577,0.362947,0.545026,0.729262,0.28211,0.533439,0.255249,-0.00623985,-0.0359016,0.613825,0.430892,0.43775,0.378277,0.643179,0.492606,0.414234,0.743988,0.615617,0.746118,0.313359,0.621691,0.489642,0.407728,0.694803,0.103166,0.446678,0.568391,0.427701,0.212641,0.543257,0.288455,0.503386,0.523754,0.410471,0.259884,0.532977
0.52547,0.0264589,0.533419,0.604309,0.56374,0.595356,0.040108,0.294829,0.50062,1,0.77388,0.15389,0.436573,0.196359,0.311786,-0.162027,0.320872,0.533846,0.284395,0.514113,0.451585,0.442796,0.554807,0.652428,0.543738,0.588278,0.632287,0.518901,0.424107,-0.0413354,0.457733,0.211329,0.548187,0.504239,0.513188,0.51483,0.24871,0.466752,0.551476,0.416635,0.345686,0.560872,0.56954,-0.134367,0.522595,0.652054,0.604667,0.482288,0.370428,0.156744,0.133647,0.593562,0.642474,0.221158,0.301839,0.0628259,0.157681,-0.245578,0.448906,0.314628,0.435492,0.0313264,0.540724,0.417651,0.348814,0.505574,0.404872,0.650431,0.335787,0.449087,0.479704,0.34139,0.266842,0.156339,0.208787,0.49903,0.285769,0.454333,0.517914,0.307409,0.541159,0.416816,0.520193,0.0569938,0.534353
0.757748,0.200726,0.755238,0.625229,0.677866,0.674977,0.289304,0.51402,0.610635,0.77388,1,0.270789,0.539323,0.339069,0.465075,-0.123506,0.474602,0.631146,0.619876,0.691519,0.690577,0.62332,0.646104,0.772102,0.607642,0.734591,0.644043,0.495508,0.324456,-0.0536263,0.347359,0.369576,0.71499,0.603868,0.587275,0.628562,0.308494,0.458451,0.633825,0.471978,0.420613,0.626233,0.759097,-0.12708,0.715336,0.746499,0.603483,0.656633,0.418597,0.372009,0.415661,0.605922,0.69267,0.293995,0.525593,0.154612,0.207289,-0.0722034,0.674902,0.374755,0.397944,0.276062,0.657917,0.608617,0.625157,0.639478,0.570952,0.733586,0.247627,0.680167,0.61429,0.389494,0.369377,0.353122,0.183857,0.578761,0.485659,0.355075,0.560622,0.37471,0.55881,0.486332,0.441835,0.130178,0.712561
0.256818,0.215017,0.326019,0.285689,0.293261,0.220698,0.182136,-0.0757192,0.0690833,0.15389,0.270789,1,0.641354,-0.0425041,0.254659,0.330579,0.583485,0.181669,0.306436,0.444674,0.342689,0.282864,-0.00669128,0.13159,0.257041,0.272105,0.216473,-0.0838273,-0.170021,0.00272448,0.138271,0.120709,0.211702,0.0472359,0.113363,-0.0202044,0.187362,0.27786,0.316805,0.308895,0.0784993,0.152489,0.197978,-0.0923147,0.330591,0.229485,0.0853277,0.261441,0.0341002,0.0984154,0.16512,0.109988,0.0933643,0.572635,0.519028,-0.131535,0.275548,0.36846,0.402494,-0.114438,-0.0726882,0.0438389,0.181925,0.335453,0.440454,0.228794,0.166223,0.110442,0.250801,-0.0382277,0.27321,-0.114839,-0.0573368,0.143534,-0.0684899,0.276163,0.238489,0.0637499,0.0321216,-0.144433,-0.0844563,0.156392,0.0268332,-0.0669969,0.104791
0.635524,0.417888,0.593546,0.414921,0.572629,0.529611,0.501734,0.255168,0.516736,0.436573,0.539323,0.641354,1,0.343188,0.42837,0.226686,0.727198,0.565548,0.589497,0.770122,0.681736,0.612604,0.536896,0.617471,0.551461,0.653076,0.532892,0.350558,0.174179,0.23306,0.411191,0.482953,0.626056,0.476824,0.480503,0.407427,0.174123,0.53849,0.611661,0.501067,0.520195,0.623316,0.533971,-0.0385274,0.598043,0.519541,0.361075,0.496071,0.281077,0.276088,0.350312,0.306989,0.313738,0.555393,0.715578,0.212652,0.157501,0.261826,0.665161,0.377097,0.342616,0.196477,0.630943,0.750567,0.691398,0.652586,0.601404,0.622748,0.203237,0.425808,0.515445,0.219423,0.296304,0.277697,0.268173,0.656154,0.563783,0.192885,0.325598,0.121465,0.394203,0.522199,0.416032,0.187932,0.368106
0.603417,0.731862,0.308973,0.193386,0.450248,0.381909,0.572561,0.362925,0.302203,0.196359,0.339069,-0.0425041,0.343188,1,0.474467,0.42994,0.341196,0.212039,0.416278,0.317612,0.392428,0.355489,0.409861,0.440616,0.263954,0.492143,0.328182,0.402681,0.114115,-0.0508462,0.218778,0.222709,0.300038,0.298816,0.409584,0.401845,0.0356281,0.289271,0.400281,0.376592,0.173258,0.450472,0.615849,0.624608,0.369428,0.284912,0.405266,0.426609,0.27536,0.377938,0.228884,0.38608,0.166073,0.346525,0.439368,0.813525,0.286388,0.434484,0.405066,0.365227,0.484892,0.0283871,0.404553,0.383163,0.357357,0.469377,0.519296,0.397175,0.144583,0.347698,0.358451,0.550744,0.458816,0.304247,0.329177,0.371296,0.443963,0.171489,0.0750724,0.167649,0.227627,0.37761,0.465959,0.115341,0.306309
0.618087,0.335893,0.593439,0.509099,0.551745,0.734599,0.311367,0.273897,0.468486,0.311786,0.465075,0.254659,0.42837,0.474467,1,0.0353042,0.469168,0.423806,0.388021,0.509479,0.543078,0.466194,0.554069,0.614004,0.326117,0.596121,0.415042,0.362372,0.0746573,-0.193267,0.282351,0.242341,0.521433,0.413843,0.378007,0.412187,0.349482,0.421955,0.520853,0.311419,0.436563,0.397411,0.653241,0.158921,0.605059,0.471002,0.471724,0.550927,0.5324,0.49936,0.243164,0.3389,0.38409,0.164104,0.345884,0.361585,0.36952,0.13923,0.418354,0.379604,0.228694,0.060642,0.385692,0.410121,0.557478,0.560948,0.477898,0.56144,0.344085,0.397987,0.499585,0.336981,0.50376,0.276247,0.284877,0.478785,0.470367,0.289083,0.0452599,0.183555,0.371328,0.398808,0.405597,0.157099,0.41688
0.0427932,0.713876,-0.188107,-0.229293,-0.0922197,-0.18539,0.403241,-0.0310814,-0.0722052,-0.162027,-0.123506,0.330579,0.226686,0.42994,0.0353042,1,0.293504,-0.21799,-0.0426347,-0.0299535,-0.162791,-0.215417,-0.341749,-0.28341,-0.0880258,-0.00188174,-0.255515,-0.387531,-0.390229,0.0145631,-0.354897,-0.0955442,-0.173923,-0.417895,-0.20043,-0.121979,-0.300937,-0.0989085,-0.0806798,-0.0330692,-0.323604,-0.0779733,-0.0173471,0.716292,-0.131999,-0.211749,-0.229598,-0.130366,-0.283388,-0.0692904,-0.124959,0.0344832,-0.203519,0.331806,0.289923,0.501368,0.394278,0.821271,0.213224,0.0289092,0.0455283,-0.299289,-0.068937,0.0310822,-0.0396259,-0.0549822,-0.0187758,-0.293132,-0.168808,-0.368045,-0.242218,0.0986604,0.134302,0.0629084,-0.208541,-0.220791,-0.135582,-0.315105,-0.363998,-0.413629,-0.357652,-0.0702965,0.0122635,-0.394047,-0.230308
0.711739,0.49016,0.692068,0.580916,0.712659,0.452812,0.41681,0.189642,0.393732,0.320872,0.474602,0.583485,0.727198,0.341196,0.469168,0.293504,1,0.435818,0.565717,0.68905,0.646229,0.563015,0.464743,0.527251,0.602104,0.592193,0.54151,0.16167,0.0746288,0.277511,0.134664,0.48974,0.639181,0.368124,0.518214,0.532274,0.39327,0.43504,0.641159,0.60686,0.438539,0.476952,0.593105,-0.0175369,0.704003,0.557814,0.378656,0.612968,0.222637,0.334523,0.519163,0.394288,0.390556,0.513604,0.659649,0.263206,0.361381,0.477361,0.68747,0.333983,0.347498,0.238834,0.597064,0.580043,0.686549,0.669734,0.661304,0.544565,0.22469,0.41177,0.557085,0.241506,0.330666,0.404714,0.292828,0.581447,0.566411,0.16387,0.2069,0.2134,0.246701,0.567545,0.325594,0.152491,0.397243
0.584514,0.078935,0.670956,0.553531,0.583866,0.7325,0.33406,0.562144,0.847026,0.533846,0.631146,0.181669,0.565548,0.212039,0.423806,-0.21799,0.435818,1,0.598046,0.740973,0.688113,0.642976,0.698641,0.790636,0.638595,0.678171,0.552293,0.530079,0.457698,-0.032265,0.373633,0.359528,0.682886,0.610349,0.52383,0.375381,0.305254,0.489799,0.56052,0.356947,0.501808,0.545151,0.54926,-0.2567,0.619724,0.635053,0.623281,0.71418,0.509024,0.356855,0.402647,0.465752,0.653298,0.36305,0.569325,0.0146304,-0.00559186,-0.193815,0.599854,0.355572,0.505708,0.495856,0.697,0.542184,0.54128,0.707051,0.589601,0.788243,0.442395,0.707169,0.621672,0.3408,0.551528,0.128702,0.521017,0.701003,0.516867,0.269443,0.479734,0.442099,0.589079,0.542978,0.375072,0.191492,0.600199
0.717838,0.265256,0.700735,0.457141,0.595596,0.52613,0.513947,0.496285,0.495308,0.284395,0.619876,0.306436,0.589497,0.416278,0.388021,-0.0426347,0.565717,0.598046,1,0.775947,0.80579,0.714309,0.660869,0.717046,0.489657,0.684078,0.644879,0.511746,0.262287,0.127146,0.331167,0.458886,0.723317,0.643371,0.61102,0.529399,0.268272,0.528532,0.703827,0.616822,0.370756,0.640007,0.623539,-0.127539,0.719777,0.54716,0.521904,0.655171,0.29433,0.350757,0.649156,0.238228,0.428151,0.499631,0.715315,0.239385,0.144823,0.191496,0.72641,0.245801,0.354487,0.47536,0.675565,0.708017,0.793166,0.649397,0.710247,0.704048,0.280925,0.667257,0.692916,0.293319,0.343811,0.286126,0.359011,0.659363,0.697782,0.418764,0.456697,0.340302,0.372914,0.590321,0.453187,0.209369,0.627375
0.711498,0.180588,0.769664,0.729959,0.739087,0.647544,0.418612,0.478471,0.652277,0.514113,0.691519,0.444674,0.770122,0.317612,0.509479,-0.0299535,0.68905,0.740973,0.775947,1,0.898987,0.688236,0.743054,0.789945,0.663848,0.700311,0.713517,0.529185,0.356281,0.188375,0.407625,0.519705,0.783782,0.681082,0.670773,0.55423,0.337349,0.661524,0.776786,0.677082,0.53466,0.668242,0.67916,-0.217806,0.790405,0.748533,0.648166,0.701034,0.561744,0.489632,0.527271,0.533812,0.614512,0.480008,0.724555,0.136447,0.157773,0.109034,0.715947,0.335968,0.404367,0.35982,0.773023,0.784606,0.861467,0.784702,0.699548,0.809009,0.431269,0.602494,0.795731,0.398607,0.444712,0.367448,0.491339,0.740699,0.593881,0.377885,0.463619,0.285557,0.596993,0.760987,0.554454,0.204199,0.670085
0.764129,0.155605,0.829775,0.740952,0.803322,0.667726,0.431507,0.466676,0.564138,0.451585,0.690577,0.342689,0.681736,0.392428,0.543078,-0.162791,0.646229,0.688113,0.80579,0.898987,1,0.7337,0.804459,0.835447,0.668659,0.708815,0.746284,0.641811,0.367913,0.162139,0.425229,0.594504,0.863814,0.793457,0.768913,0.579886,0.390496,0.691984,0.866898,0.732587,0.58858,0.755468,0.76926,-0.273133,0.871902,0.742909,0.716245,0.761108,0.622764,0.58405,0.586911,0.450315,0.581676,0.424836,0.647575,0.156522,0.208561,0.0595821,0.692197,0.319835,0.408396,0.516244,0.768642,0.79474,0.895848,0.734282,0.70458,0.844627,0.400333,0.745913,0.846156,0.46395,0.457382,0.473083,0.49757,0.790745,0.724751,0.384279,0.486355,0.407199,0.630265,0.7817,0.534735,0.368071,0.742348
0.742127,0.272625,0.776182,0.547603,0.73578,0.669957,0.463097,0.31335,0.613654,0.442796,0.62332,0.282864,0.612604,0.355489,0.466194,-0.215417,0.563015,0.642976,0.714309,0.688236,0.7337,1,0.786041,0.801103,0.469915,0.678044,0.703031,0.531409,0.312438,0.271876,0.539159,0.514568,0.685541,0.599582,0.633311,0.503581,0.344362,0.403994,0.621767,0.494102,0.643171,0.56483,0.696202,-0.167835,0.727352,0.666094,0.479119,0.782987,0.419768,0.450736,0.570002,0.402015,0.472776,0.379837,0.538113,0.183859,-0.0595852,-0.0175524,0.570092,0.324606,0.487335,0.446271,0.732308,0.605712,0.687137,0.709213,0.740847,0.808232,0.326155,0.752597,0.732492,0.387998,0.245192,0.275835,0.351496,0.799355,0.646519,0.340209,0.534484,0.379459,0.482124,0.539582,0.355842,0.468985,0.519655
0.744187,0.146768,0.779349,0.637843,0.752756,0.733467,0.380588,0.420656,0.696585,0.554807,0.646104,-0.00669128,0.536896,0.409861,0.554069,-0.341749,0.464743,0.698641,0.660869,0.743054,0.804459,0.786041,1,0.903374,0.587927,0.702613,0.694812,0.675875,0.375579,0.142662,0.496722,0.597819,0.799372,0.764367,0.690184,0.641267,0.309891,0.516442,0.720017,0.58352,0.660281,0.725891,0.764642,-0.20208,0.772672,0.76051,0.634965,0.744098,0.658912,0.586556,0.478565,0.457395,0.590724,0.183762,0.493171,0.281376,0.0191742,-0.137738,0.569623,0.501247,0.407591,0.417482,0.833454,0.654912,0.687172,0.765103,0.778948,0.929909,0.310644,0.780114,0.785225,0.548568,0.466726,0.280968,0.457356,0.801611,0.621482,0.375332,0.579735,0.519168,0.730752,0.716292,0.583766,0.475664,0.667409
0.833281,0.1972,0.850492,0.697043,0.787862,0.82203,0.417898,0.542819,0.718227,0.652428,0.772102,0.13159,0.617471,0.440616,0.614004,-0.28341,0.527251,0.790636,0.717046,0.789945,0.835447,0.801103,0.903374,1,0.641426,0.839871,0.794777,0.732619,0.514372,-0.0257535,0.549201,0.497947,0.841307,0.774009,0.731758,0.667948,0.446982,0.581152,0.728185,0.601569,0.652194,0.760406,0.836992,-0.161492,0.843116,0.795718,0.757302,0.808681,0.617185,0.525513,0.494411,0.527038,0.707267,0.318916,0.574837,0.23992,0.0691275,-0.133454,0.659617,0.532154,0.513249,0.404965,0.813419,0.717933,0.735068,0.830453,0.790827,0.968821,0.389793,0.842194,0.796859,0.539409,0.490106,0.297969,0.453102,0.864483,0.720488,0.485218,0.581868,0.552184,0.739087,0.672094,0.646927,0.350709,0.740868
0.682929,0.149629,0.70687,0.546501,0.672027,0.54379,0.16861,0.303334,0.566527,0.543738,0.607642,0.257041,0.551461,0.263954,0.326117,-0.0880258,0.602104,0.638595,0.489657,0.663848,0.668659,0.469915,0.587927,0.641426,1,0.695722,0.595467,0.50006,0.354892,0.0893876,0.248963,0.43361,0.64431,0.61578,0.705055,0.531425,0.157488,0.509745,0.731268,0.595808,0.339588,0.633698,0.553522,-0.26308,0.686109,0.630386,0.615153,0.642846,0.347392,0.264492,0.419621,0.371236,0.536577,0.27273,0.442953,0.108585,0.0661681,-0.00704901,0.594828,0.30407,0.43475,0.452933,0.593128,0.640203,0.586993,0.677858,0.667189,0.706941,0.349338,0.583593,0.660073,0.498994,0.564807,0.457089,0.332884,0.683215,0.466351,0.261014,0.474424,0.385541,0.477992,0.672969,0.513943,0.301697,0.694627
0.811309,0.456905,0.784387,0.542277,0.725511,0.735672,0.360916,0.460935,0.654233,0.588278,0.734591,0.272105,0.653076,0.492143,0.596121,-0.00188174,0.592193,0.678171,0.684078,0.700311,0.708815,0.678044,0.702613,0.839871,0.695722,1,0.645419,0.523105,0.314435,-0.0951127,0.31145,0.357741,0.701274,0.600199,0.605728,0.590382,0.258501,0.541165,0.699855,0.485049,0.520244,0.759425,0.697105,7.85096e-05,0.754203,0.644916,0.719677,0.743737,0.43682,0.398412,0.461877,0.411828,0.581862,0.409995,0.609174,0.273131,0.183238,0.0781284,0.757434,0.433782,0.56908,0.384739,0.646554,0.79205,0.688342,0.799451,0.748839,0.831514,0.235089,0.698371,0.691333,0.556417,0.486819,0.41435,0.250449,0.749658,0.676674,0.430696,0.484362,0.289977,0.553843,0.575483,0.590221,0.263161,0.774522
0.697193,0.0893392,0.660324,0.730064,0.760649,0.639347,0.290225,0.362417,0.382364,0.632287,0.644043,0.216473,0.532892,0.328182,0.415042,-0.255515,0.54151,0.552293,0.644879,0.713517,0.746284,0.703031,0.694812,0.794777,0.595467,0.645419,1,0.733655,0.524442,0.22782,0.636622,0.438302,0.690479,0.691609,0.794156,0.588915,0.370429,0.524827,0.650528,0.610532,0.515734,0.673954,0.694496,-0.248221,0.699277,0.695907,0.708534,0.693301,0.451061,0.344483,0.373989,0.464711,0.506233,0.378429,0.435228,0.0744717,-0.00425927,-0.182337,0.47836,0.347785,0.503382,0.189889,0.649665,0.600096,0.683713,0.6638,0.706595,0.790093,0.522715,0.650768,0.81718,0.434193,0.251328,0.384436,0.340313,0.807655,0.671844,0.578632,0.509274,0.541678,0.575645,0.59614,0.532621,0.278341,0.653833
0.514491,-0.0657989,0.47886,0.498705,0.529094,0.573586,0.195488,0.391986,0.37619,0.518901,0.495508,-0.0838273,0.350558,0.402681,0.362372,-0.387531,0.16167,0.530079,0.511746,0.529185,0.641811,0.531409,0.675875,0.732619,0.50006,0.523105,0.733655,1,0.583619,0.0658392,0.663862,0.389066,0.554509,0.776777,0.693578,0.443881,0.321093,0.437225,0.580993,0.464022,0.454498,0.667217,0.586269,-0.19744,0.555264,0.548415,0.707874,0.532976,0.456524,0.306422,0.252544,0.35259,0.431211,0.211845,0.260564,0.126977,-0.158458,-0.320263,0.282259,0.362915,0.462905,0.198521,0.542637,0.493618,0.52652,0.513329,0.551772,0.723446,0.511662,0.656499,0.621925,0.493809,0.361155,0.239051,0.524409,0.712813,0.570534,0.56512,0.469919,0.531125,0.624081,0.611454,0.619202,0.423292,0.622411
0.355924,-0.159901,0.349185,0.419774,0.373883,0.425687,0.0949979,0.409982,0.40977,0.424107,0.324456,-0.170021,0.174179,0.114115,0.0746573,-0.390229,0.0746288,0.457698,0.262287,0.356281,0.367913,0.312438,0.375579,0.514372,0.354892,0.314435,0.524442,0.583619,1,0.0384625,0.496371,-0.0416423,0.398839,0.660904,0.461581,0.351208,0.34226,0.410936,0.301835,0.311082,0.256987,0.382728,0.321843,-0.156276,0.33144,0.450375,0.486482,0.299727,0.227514,-0.00412448,0.141301,0.344417,0.55127,0.17693,0.149196,0.110108,-0.291229,-0.332246,0.217865,0.251663,0.453909,0.0922551,0.3105,0.26953,0.278638,0.421847,0.338483,0.504265,0.251982,0.540237,0.310288,0.314155,0.320179,-0.0125023,0.554398,0.448292,0.454228,0.49722,0.429637,0.400988,0.451495,0.314338,0.379068,0.317712,0.424375
0.0256705,0.0221284,0.0246818,0.106791,0.0768188,-0.135977,0.168603,-0.128163,-0.0143966,-0.0413354,-0.0536263,0.00272448,0.23306,-0.0508462,-0.193267,0.0145631,0.277511,-0.032265,0.127146,0.188375,0.162139,0.271876,0.142662,-0.0257535,0.0893876,-0.0951127,0.22782,0.0658392,0.0384625,1,0.106125,0.33458,0.0942289,0.178972,0.158805,0.114346,-0.116013,0.0555907,0.162546,0.164009,0.173422,0.130474,-0.013907,-0.217954,0.0670015,0.0760015,-0.159899,-0.0226457,-0.13338,-0.0493231,0.307179,4.6093e-05,-0.0860348,0.040181,0.00817789,-0.0339734,-0.167158,0.125885,0.0604346,0.0304638,0.109639,-0.019939,0.237676,0.178537,0.231891,0.10227,0.141801,0.0734674,-0.0290418,0.0646875,0.158609,0.0077634,-0.119953,0.173488,0.179047,0.110967,0.0647083,-0.0764535,0.129184,0.0517068,0.0622395,0.303733,0.0197255,0.298347,-0.0800367
0.426634,-0.0766812,0.329421,0.405336,0.422625,0.50966,0.155222,0.148428,0.291971,0.457733,0.347359,0.138271,0.411191,0.218778,0.282351,-0.354897,0.134664,0.373633,0.331167,0.407625,0.425229,0.539159,0.496722,0.549201,0.248963,0.31145,0.636622,0.663862,0.496371,0.106125,1,0.14007,0.385719,0.543495,0.458111,0.319147,0.226733,0.274341,0.316254,0.378719,0.395255,0.477411,0.435864,-0.184274,0.371405,0.444259,0.439532,0.354955,0.31319,0.177269,0.0603304,0.308921,0.310709,0.317241,0.246726,0.0221733,-0.22028,-0.329171,0.147433,0.239534,0.267574,-0.0306857,0.430426,0.268203,0.321065,0.407449,0.428257,0.511051,0.402543,0.351248,0.477676,0.128249,0.0841622,-0.0326779,0.339347,0.542898,0.484852,0.49589,0.347499,0.356451,0.319222,0.319184,0.394006,0.298314,0.247109
0.488773,0.123356,0.523525,0.337397,0.504672,0.198873,0.298361,0.101666,0.235752,0.211329,0.369576,0.120709,0.482953,0.222709,0.242341,-0.0955442,0.48974,0.359528,0.458886,0.519705,0.594504,0.514568,0.597819,0.497947,0.43361,0.357741,0.438302,0.389066,-0.0416423,0.33458,0.14007,1,0.634716,0.322163,0.463236,0.284549,0.208723,0.268255,0.543904,0.454441,0.568091,0.437062,0.521808,-0.197441,0.566974,0.420003,0.284438,0.471555,0.469025,0.510239,0.438328,0.191663,0.142873,0.00860783,0.281101,0.117725,0.17748,0.12422,0.378586,0.268562,0.171608,0.458449,0.64094,0.46602,0.593686,0.316365,0.516561,0.541687,0.162841,0.502244,0.569894,0.375118,0.182915,0.476425,0.151224,0.56456,0.319206,0.00671536,0.242081,0.409907,0.45103,0.603716,0.243264,0.35798,0.398413
0.807284,0.13883,0.853948,0.696073,0.772152,0.64654,0.383594,0.382518,0.646684,0.548187,0.71499,0.211702,0.626056,0.300038,0.521433,-0.173923,0.639181,0.682886,0.723317,0.783782,0.863814,0.685541,0.799372,0.841307,0.64431,0.701274,0.690479,0.554509,0.398839,0.0942289,0.385719,0.634716,1,0.71163,0.709344,0.630836,0.442018,0.618015,0.802964,0.640387,0.642392,0.669175,0.768635,-0.263511,0.879551,0.72733,0.64561,0.699158,0.532924,0.400728,0.489978,0.433405,0.646509,0.323853,0.573805,0.189253,0.25243,0.0317032,0.721014,0.425558,0.313403,0.458437,0.760063,0.669119,0.767615,0.662153,0.716803,0.833907,0.304629,0.755368,0.718722,0.404124,0.550912,0.36338,0.32464,0.721365,0.668415,0.369346,0.51776,0.432496,0.591995,0.691178,0.498977,0.32999,0.721068
0.63079,-0.0520835,0.678007,0.636634,0.649614,0.660011,0.237004,0.456277,0.554022,0.504239,0.603868,0.0472359,0.476824,0.298816,0.413843,-0.417895,0.368124,0.610349,0.643371,0.681082,0.793457,0.599582,0.764367,0.774009,0.61578,0.600199,0.691609,0.776777,0.660904,0.178972,0.543495,0.322163,0.71163,1,0.724282,0.586945,0.378899,0.657464,0.729599,0.590547,0.508325,0.736597,0.62757,-0.322434,0.70237,0.6872,0.661529,0.556744,0.449877,0.307766,0.39307,0.389094,0.595794,0.234821,0.411043,0.178663,-0.10693,-0.225525,0.513695,0.392228,0.405963,0.342031,0.593455,0.626542,0.668965,0.666791,0.593169,0.785638,0.342546,0.741096,0.649926,0.390194,0.452295,0.248376,0.614725,0.676534,0.740462,0.580269,0.625959,0.453888,0.643365,0.681702,0.562033,0.510009,0.666884
0.713467,0.063358,0.732255,0.678891,0.776023,0.539643,0.221417,0.317287,0.451633,0.513188,0.587275,0.113363,0.480503,0.409584,0.378007,-0.20043,0.518214,0.52383,0.61102,0.670773,0.768913,0.633311,0.690184,0.731758,0.705055,0.605728,0.794156,0.693578,0.461581,0.158805,0.458111,0.463236,0.709344,0.724282,1,0.600919,0.283777,0.539091,0.723613,0.632583,0.531156,0.635671,0.675613,-0.269636,0.762737,0.692313,0.673324,0.683246,0.403824,0.307235,0.414775,0.449942,0.498386,0.236189,0.369126,0.153396,-0.032794,-0.111301,0.472233,0.412161,0.565674,0.451054,0.555116,0.626678,0.639948,0.649038,0.741282,0.774243,0.428232,0.727966,0.727155,0.467304,0.48293,0.473522,0.403733,0.757974,0.650128,0.528202,0.545149,0.406032,0.501048,0.652708,0.498884,0.396404,0.656947
0.694706,0.293045,0.653775,0.489059,0.60323,0.469343,0.242787,0.344535,0.404782,0.51483,0.628562,-0.0202044,0.407427,0.401845,0.412187,-0.121979,0.532274,0.375381,0.529399,0.55423,0.579886,0.503581,0.641267,0.667948,0.531425,0.590382,0.588915,0.443881,0.351208,0.114346,0.319147,0.284549,0.630836,0.586945,0.600919,1,0.334854,0.358086,0.599707,0.504472,0.388459,0.584909,0.633423,-0.053947,0.649232,0.570858,0.477445,0.51835,0.273336,0.253383,0.38635,0.352952,0.520338,0.164,0.418765,0.337212,0.159564,0.0215509,0.551581,0.484647,0.381095,0.110835,0.593371,0.587196,0.576866,0.643248,0.576897,0.660134,0.00477618,0.576228,0.487627,0.301939,0.288229,0.277765,0.314636,0.498282,0.477079,0.330472,0.297537,0.366575,0.492698,0.451338,0.522934,0.186492,0.537256
0.359999,-0.0820462,0.48195,0.50171,0.453703,0.353051,0.0842339,0.183032,0.190417,0.24871,0.308494,0.187362,0.174123,0.0356281,0.349482,-0.300937,0.39327,0.305254,0.268272,0.337349,0.390496,0.344362,0.309891,0.446982,0.157488,0.258501,0.370429,0.321093,0.34226,-0.116013,0.226733,0.208723,0.442018,0.378899,0.283777,0.334854,1,0.382084,0.379286,0.415369,0.359211,0.181588,0.389497,-0.231412,0.509463,0.480301,0.467275,0.377235,0.343325,0.197963,0.302221,0.355842,0.486007,0.129972,0.18071,0.00142649,0.184418,-0.0892379,0.149106,0.287214,0.15285,0.219054,0.252701,0.169586,0.355402,0.383147,0.316773,0.386131,0.222631,0.370291,0.343387,-0.025489,0.0790663,0.236195,0.408349,0.361894,0.483048,0.392409,0.0833466,0.389052,0.406073,0.303746,0.274435,0.18371,0.256408
0.498849,0.0696529,0.543441,0.632978,0.55369,0.548396,0.253362,0.422025,0.433462,0.466752,0.458451,0.27786,0.53849,0.289271,0.421955,-0.0989085,0.43504,0.489799,0.528532,0.661524,0.691984,0.403994,0.516442,0.581152,0.509745,0.541165,0.524827,0.437225,0.410936,0.0555907,0.274341,0.268255,0.618015,0.657464,0.539091,0.358086,0.382084,1,0.7824,0.644818,0.336973,0.612829,0.533368,-0.151198,0.626293,0.554653,0.674753,0.456679,0.512971,0.271042,0.304368,0.371097,0.528717,0.31954,0.461016,0.21737,0.391051,0.0425683,0.537738,0.196645,0.345023,0.300469,0.477923,0.667923,0.631496,0.563148,0.390046,0.600328,0.357661,0.421605,0.558342,0.274207,0.358169,0.384206,0.473351,0.488723,0.621313,0.509752,0.411706,0.191741,0.603085,0.613026,0.509455,0.266791,0.535579
0.725169,0.169027,0.800455,0.676559,0.723136,0.589352,0.298274,0.295071,0.496614,0.551476,0.633825,0.316805,0.611661,0.400281,0.520853,-0.0806798,0.641159,0.56052,0.703827,0.776786,0.866898,0.621767,0.720017,0.728185,0.731268,0.699855,0.650528,0.580993,0.301835,0.162546,0.316254,0.543904,0.802964,0.729599,0.723613,0.599707,0.379286,0.7824,1,0.807576,0.416702,0.73736,0.69372,-0.216073,0.861293,0.665299,0.717607,0.683782,0.544321,0.431342,0.599901,0.366842,0.566895,0.352531,0.500841,0.225971,0.387424,0.154354,0.663178,0.199471,0.399302,0.486236,0.701034,0.768229,0.823605,0.671152,0.633183,0.779848,0.33747,0.623573,0.756869,0.441666,0.462575,0.512522,0.468383,0.690383,0.597475,0.409077,0.43855,0.339955,0.553426,0.79618,0.652093,0.363193,0.704121
0.656814,0.112155,0.687605,0.646633,0.636836,0.412988,0.314487,0.220412,0.316585,0.416635,0.471978,0.308895,0.501067,0.376592,0.311419,-0.0330692,0.60686,0.356947,0.616822,0.677082,0.732587,0.494102,0.58352,0.601569,0.595808,0.485049,0.610532,0.464022,0.311082,0.164009,0.378719,0.454441,0.640387,0.590547,0.632583,0.504472,0.415369,0.644818,0.807576,1,0.192379,0.661888,0.640906,-0.170007,0.757086,0.625348,0.576549,0.523782,0.376208,0.466304,0.611578,0.402473,0.54303,0.311229,0.432368,0.257849,0.309914,0.274771,0.476417,0.229279,0.23899,0.390997,0.669914,0.595538,0.692762,0.643572,0.652612,0.628867,0.275222,0.416997,0.710944,0.375256,0.251726,0.33691,0.435016,0.608494,0.524939,0.356265,0.335722,0.467912,0.413241,0.792878,0.727333,0.279247,0.445556
0.503305,0.0695468,0.583019,0.513724,0.619669,0.470016,0.133304,0.228841,0.441015,0.345686,0.420613,0.0784993,0.520195,0.173258,0.436563,-0.323604,0.438539,0.501808,0.370756,0.53466,0.58858,0.643171,0.660281,0.652194,0.339588,0.520244,0.515734,0.454498,0.256987,0.173422,0.395255,0.568091,0.642392,0.508325,0.531156,0.388459,0.359211,0.336973,0.416702,0.192379,1,0.394164,0.529722,-0.285427,0.568303,0.529063,0.421057,0.493502,0.512007,0.295149,0.244078,0.382488,0.306191,0.15743,0.349122,0.0102491,-0.0597601,-0.234596,0.380956,0.454092,0.368578,0.319433,0.448574,0.452731,0.484411,0.501287,0.498064,0.642451,0.248811,0.635825,0.461541,0.173085,0.285757,0.328871,0.293327,0.627874,0.571346,0.389979,0.442353,0.259835,0.521335,0.42449,0.15116,0.438007,0.432439
0.689933,0.297378,0.622328,0.503455,0.652442,0.614571,0.40933,0.467878,0.49207,0.560872,0.626233,0.152489,0.623316,0.450472,0.397411,-0.0779733,0.476952,0.545151,0.640007,0.668242,0.755468,0.56483,0.725891,0.760406,0.633698,0.759425,0.673954,0.667217,0.382728,0.130474,0.477411,0.437062,0.669175,0.736597,0.635671,0.584909,0.181588,0.612829,0.73736,0.661888,0.394164,1,0.652869,-0.0864978,0.676943,0.646614,0.693357,0.582156,0.451905,0.494554,0.369621,0.35956,0.540864,0.319202,0.526347,0.295213,0.109033,0.054233,0.649259,0.463047,0.534204,0.292585,0.758064,0.826798,0.681615,0.718232,0.684475,0.792741,0.147515,0.614021,0.680823,0.579355,0.310696,0.359194,0.37668,0.706613,0.695533,0.395259,0.505378,0.395491,0.639856,0.698638,0.689804,0.356733,0.665167
0.895863,0.381675,0.801021,0.723183,0.818075,0.744142,0.463768,0.508974,0.562396,0.56954,0.759097,0.197978,0.533971,0.615849,0.653241,-0.0173471,0.593105,0.54926,0.623539,0.67916,0.76926,0.696202,0.764642,0.836992,0.553522,0.697105,0.694496,0.586269,0.321843,-0.013907,0.435864,0.521808,0.768635,0.62757,0.675613,0.633423,0.389497,0.533368,0.69372,0.640906,0.529722,0.652869,1,0.118668,0.854416,0.798704,0.662701,0.786206,0.588304,0.617988,0.447962,0.648545,0.664871,0.287748,0.571238,0.475433,0.369867,0.175344,0.654183,0.48176,0.392125,0.261947,0.742835,0.580936,0.695928,0.717017,0.698801,0.785405,0.393465,0.699813,0.71508,0.556871,0.48762,0.421456,0.32219,0.705359,0.650437,0.395063,0.41389,0.532923,0.5944,0.66886,0.562962,0.344885,0.647106
0.0880038,0.730835,-0.268364,-0.308582,-0.106638,-0.00969256,0.399669,0.174985,-0.0441743,-0.134367,-0.12708,-0.0923147,-0.0385274,0.624608,0.158921,0.716292,-0.0175369,-0.2567,-0.127539,-0.217806,-0.273133,-0.167835,-0.20208,-0.161492,-0.26308,7.85096e-05,-0.248221,-0.19744,-0.156276,-0.217954,-0.184274,-0.197441,-0.263511,-0.322434,-0.269636,-0.053947,-0.231412,-0.151198,-0.216073,-0.170007,-0.285427,-0.0864978,0.118668,1,-0.240735,-0.206492,-0.137397,-0.0514291,-0.114635,0.095369,-0.229095,0.0890567,-0.164691,0.104642,0.126989,0.789992,0.28815,0.556002,0.0401955,0.130189,0.16273,-0.39009,-0.0833253,-0.123537,-0.183177,-0.0562793,-0.0358902,-0.206704,-0.183327,-0.207109,-0.281943,0.259808,0.145232,0.0147249,-0.0664441,-0.217292,-0.0911912,-0.196523,-0.337976,-0.237086,-0.19036,-0.199903,0.0394872,-0.273965,-0.212034
0.868371,0.182859,0.956937,0.786494,0.850776,0.667901,0.313981,0.326936,0.577423,0.522595,0.715336,0.330591,0.598043,0.369428,0.605059,-0.131999,0.704003,0.619724,0.719777,0.790405,0.871902,0.727352,0.772672,0.843116,0.686109,0.754203,0.699277,0.555264,0.33144,0.0670015,0.371405,0.566974,0.879551,0.70237,0.762737,0.649232,0.509463,0.626293,0.861293,0.757086,0.568303,0.676943,0.854416,-0.240735,1,0.822664,0.707692,0.78,0.563216,0.502137,0.612612,0.499035,0.710284,0.305702,0.545552,0.189781,0.316891,0.1619,0.699169,0.374443,0.329106,0.504945,0.735642,0.702793,0.835118,0.748798,0.744475,0.830521,0.351137,0.724324,0.79494,0.442911,0.483411,0.446605,0.350825,0.764907,0.685804,0.438887,0.454401,0.472224,0.552967,0.781844,0.610751,0.41107,0.72974
0.760158,0.0809077,0.805663,0.78287,0.870635,0.765811,0.242775,0.424286,0.676477,0.652054,0.746499,0.229485,0.519541,0.284912,0.471002,-0.211749,0.557814,0.635053,0.54716,0.748533,0.742909,0.666094,0.76051,0.795718,0.630386,0.644916,0.695907,0.548415,0.450375,0.0760015,0.444259,0.420003,0.72733,0.6872,0.692313,0.570858,0.480301,0.554653,0.665299,0.625348,0.529063,0.646614,0.798704,-0.206492,0.822664,1,0.708284,0.772807,0.615578,0.504048,0.445859,0.682473,0.818973,0.309468,0.547068,0.17094,0.127657,-0.00369184,0.592609,0.385734,0.405572,0.319524,0.704091,0.573926,0.607343,0.730357,0.681403,0.807598,0.455951,0.661451,0.727072,0.473659,0.417125,0.361952,0.423146,0.702805,0.577735,0.417383,0.610562,0.489226,0.621304,0.688088,0.514571,0.41098,0.6929
0.650216,0.094819,0.646061,0.74135,0.736386,0.6847,0.135931,0.475736,0.515174,0.604667,0.603483,0.0853277,0.361075,0.405266,0.471724,-0.229598,0.378656,0.623281,0.521904,0.648166,0.716245,0.479119,0.634965,0.757302,0.615153,0.719677,0.708534,0.707874,0.486482,-0.159899,0.439532,0.284438,0.64561,0.661529,0.673324,0.477445,0.467275,0.674753,0.717607,0.576549,0.421057,0.693357,0.662701,-0.137397,0.707692,0.708284,1,0.735491,0.704677,0.471118,0.304558,0.589592,0.709976,0.335374,0.404281,0.112603,0.209003,-0.1561,0.497256,0.228073,0.514523,0.34956,0.55123,0.577617,0.567157,0.661848,0.556007,0.752212,0.504123,0.590275,0.766261,0.498431,0.509365,0.470815,0.462076,0.638988,0.604678,0.591632,0.46629,0.404188,0.613067,0.64153,0.6163,0.22149,0.815759
0.799958,0.309234,0.789934,0.653482,0.831374,0.795074,0.367348,0.467802,0.65771,0.482288,0.656633,0.261441,0.496071,0.426609,0.550927,-0.130366,0.612968,0.71418,0.655171,0.701034,0.761108,0.782987,0.744098,0.808681,0.642846,0.743737,0.693301,0.532976,0.299727,-0.0226457,0.354955,0.471555,0.699158,0.556744,0.683246,0.51835,0.377235,0.456679,0.683782,0.523782,0.493502,0.582156,0.786206,-0.0514291,0.78,0.772807,0.735491,1,0.61894,0.615539,0.544957,0.496228,0.621719,0.4327,0.609437,0.210511,0.195394,0.0399988,0.659766,0.220314,0.543027,0.479353,0.7165,0.59579,0.639331,0.729293,0.72093,0.830154,0.534742,0.753901,0.80719,0.553893,0.49135,0.47287,0.400287,0.784584,0.593782,0.2997,0.506672,0.44978,0.503058,0.566172,0.373782,0.339753,0.737961
0.448572,0.0090806,0.512872,0.612985,0.601523,0.575808,0.190737,0.332812,0.428713,0.370428,0.418597,0.0341002,0.281077,0.27536,0.5324,-0.283388,0.222637,0.509024,0.29433,0.561744,0.622764,0.419768,0.658912,0.617185,0.347392,0.43682,0.451061,0.456524,0.227514,-0.13338,0.31319,0.469025,0.532924,0.449877,0.403824,0.273336,0.343325,0.512971,0.544321,0.376208,0.512007,0.451905,0.588304,-0.114635,0.563216,0.615578,0.704677,0.61894,1,0.73556,0.190783,0.478471,0.492953,0.114974,0.288832,0.101339,0.237258,-0.162726,0.333529,0.0864291,0.24284,0.291071,0.535075,0.415395,0.487448,0.426987,0.337163,0.617228,0.393087,0.455519,0.675489,0.459588,0.376708,0.379196,0.354149,0.490462,0.340495,0.232238,0.311427,0.328007,0.622657,0.494667,0.348572,0.270111,0.61513
0.486667,0.242818,0.477385,0.469462,0.515739,0.5029,0.409605,0.389294,0.340577,0.156744,0.372009,0.0984154,0.276088,0.377938,0.49936,-0.0692904,0.334523,0.356855,0.350757,0.489632,0.58405,0.450736,0.586556,0.525513,0.264492,0.398412,0.344483,0.306422,-0.00412448,-0.0493231,0.177269,0.510239,0.400728,0.307766,0.307235,0.253383,0.197963,0.271042,0.431342,0.466304,0.295149,0.494554,0.617988,0.095369,0.502137,0.504048,0.471118,0.615539,0.73556,1,0.384339,0.427373,0.391522,0.0257856,0.295493,0.265858,0.238816,0.133588,0.321359,0.193331,0.220503,0.335113,0.609123,0.414791,0.506856,0.476816,0.436004,0.54047,0.175745,0.404541,0.635348,0.566612,0.233869,0.331093,0.299968,0.451839,0.307536,-0.0283872,0.152762,0.353674,0.475752,0.52374,0.366341,0.21443,0.428187
0.524891,0.105911,0.624539,0.379222,0.401491,0.337177,0.313981,0.247143,0.362947,0.133647,0.415661,0.16512,0.350312,0.228884,0.243164,-0.124959,0.519163,0.402647,0.649156,0.527271,0.586911,0.570002,0.478565,0.494411,0.419621,0.461877,0.373989,0.252544,0.141301,0.307179,0.0603304,0.438328,0.489978,0.39307,0.414775,0.38635,0.302221,0.304368,0.599901,0.611578,0.244078,0.369621,0.447962,-0.229095,0.612612,0.445859,0.304558,0.544957,0.190783,0.384339,1,0.211292,0.402438,0.23418,0.346449,0.0570785,0.20149,0.243104,0.424583,0.0465986,0.291619,0.598164,0.542134,0.496796,0.611911,0.563824,0.56117,0.536218,0.120923,0.550323,0.537991,0.219501,0.193729,0.332178,0.409243,0.505005,0.351761,0.0714996,0.287235,0.368243,0.247292,0.576232,0.407867,0.30224,0.360302
0.560344,0.183063,0.490201,0.73029,0.596289,0.509895,0.223753,0.426008,0.545026,0.593562,0.605922,0.109988,0.306989,0.38608,0.3389,0.0344832,0.394288,0.465752,0.238228,0.533812,0.450315,0.402015,0.457395,0.527038,0.371236,0.411828,0.464711,0.35259,0.344417,4.6093e-05,0.308921,0.191663,0.433405,0.389094,0.449942,0.352952,0.355842,0.371097,0.366842,0.402473,0.382488,0.35956,0.648545,0.0890567,0.499035,0.682473,0.589592,0.496228,0.478471,0.427373,0.211292,1,0.71235,0.166235,0.323676,0.24609,0.137988,0.0111821,0.32579,0.370749,0.380877,0.0566243,0.447146,0.228814,0.318014,0.615015,0.431963,0.493302,0.334712,0.364453,0.49486,0.335763,0.432404,0.25209,0.361344,0.34803,0.312351,0.364868,0.340608,0.217751,0.449839,0.536659,0.418782,0.0568168,0.412423
