1,0.802486,0.880294,0.82294,0.760387,0.691338,0.581375,0.582166,0.608665,0.540593,0.722228,0.678483,0.851559,0.808299,0.67157,0.708875,0.8105,0.466034,0.631757,0.85697,0.867721,0.505238,0.686357,0.720094,0.584065,0.704733,0.757638,0.612249,0.469189,0.431907,0.355428,0.505453,0.742779,0.800808,0.714736,0.595482,0.404676,0.762683,0.810385,0.789681,0.324437,0.650784,0.890855,0.823776,0.850781,0.685944,0.695117,0.726311,0.405256,0.659304,0.330214,0.705904,0.615633,0.779629,0.791021,0.840936,0.649568,0.829199,0.827787,0.449997,0.705643,0.538828,0.866179,0.794495,0.846653,0.561496,0.682706,0.690217,0.571947,0.741675,0.75137,0.695635,0.48988,0.498402,0.396832,0.782773,0.70548,0.68283,0.403485,0.314936,0.702017,0.820132,0.787663,0.349631,0.550151
0.802486,1,0.54455,0.491558,0.434767,0.444804,0.340228,0.323778,0.42978,0.441677,0.4666,0.740507,0.769909,0.61537,0.463745,0.835447,0.679884,0.232477,0.260335,0.604525,0.551679,0.2252,0.355745,0.377908,0.271151,0.537745,0.400683,0.321865,0.214167,0.317289,0.0270016,0.181156,0.360594,0.477664,0.472682,0.305244,0.172696,0.522373,0.464029,0.495174,0.118205,0.360591,0.648419,0.854534,0.5123,0.350399,0.402416,0.409604,0.097992,0.331311,0.124454,0.499922,0.392435,0.753382,0.71771,0.666139,0.395942,0.748358,0.681504,0.228836,0.537628,0.255922,0.558014,0.437326,0.541468,0.299505,0.353364,0.336536,0.380123,0.494058,0.455288,0.514174,0.30229,0.420095,0.164583,0.426049,0.410728,0.34097,0.275918,0.0227569,0.396086,0.506828,0.49951,0.128255,0.216192
0.880294,0.54455,1,0.951004,0.859444,0.764734,0.63833,0.692235,0.633696,0.623889,0.841128,0.572105,0.803794,0.755855,0.68005,0.438728,0.798533,0.597381,0.794719,0.916803,0.924713,0.613326,0.818519,0.829819,0.661022,0.74332,0.819082,0.673456,0.622256,0.562499,0.471305,0.63704,0.752612,0.848203,0.754258,0.748685,0.632524,0.727681,0.902912,0.875335,0.430886,0.701531,0.903227,0.643261,0.960377,0.838153,0.801595,0.808099,0.526776,0.728535,0.430101,0.781537,0.702911,0.659252,0.707093,0.767441,0.656347,0.723573,0.753557,0.488681,0.696786,0.536853,0.885584,0.868414,0.848461,0.612927,0.829529,0.813604,0.594286,0.772416,0.819702,0.66846,0.581443,0.491018,0.487631,0.826024,0.819678,0.763945,0.403137,0.480622,0.741567,0.834742,0.745794,0.405787,0.683785
0.82294,0.491558,0.951004,1,0.85078,0.731598,0.6456,0.725647,0.58309,0.604872,0.777549,0.530224,0.763718,0.742719,0.696002,0.38662,0.733246,0.591122,0.784641,0.907044,0.914007,0.684889,0.75211,0.838984,0.702206,0.780074,0.846257,0.637201,0.648951,0.559772,0.585609,0.624648,0.738393,0.86905,0.768574,0.719042,0.634783,0.727064,0.902034,0.838846,0.384344,0.706967,0.862627,0.588195,0.943499,0.872133,0.834453,0.806254,0.542573,0.728302,0.438963,0.770045,0.728403,0.632483,0.628711,0.771326,0.707263,0.687916,0.726365,0.382737,0.612709,0.569124,0.838443,0.848564,0.822223,0.620106,0.85635,0.817502,0.56141,0.780247,0.843956,0.638564,0.604085,0.578386,0.5512,0.798086,0.819182,0.786619,0.386702,0.51596,0.725683,0.789105,0.718096,0.473426,0.663365
0.760387,0.434767,0.859444,0.85078,1,0.86345,0.60514,0.643781,0.707992,0.471214,0.681637,0.407214,0.684947,0.722593,0.706727,0.379212,0.737881,0.670956,0.837132,0.881533,0.852799,0.666139,0.785766,0.869547,0.754677,0.716918,0.829877,0.603312,0.57115,0.626125,0.476341,0.522505,0.65841,0.824176,0.801652,0.733816,0.658054,0.576191,0.719895,0.781247,0.457956,0.724245,0.848541,0.576255,0.87037,0.785712,0.793381,0.761413,0.519191,0.580717,0.647677,0.678579,0.688657,0.509642,0.64709,0.749067,0.725834,0.629916,0.687222,0.334964,0.574106,0.627098,0.820165,0.804618,0.765467,0.560597,0.789999,0.855753,0.566631,0.696301,0.824439,0.716348,0.470218,0.465819,0.535803,0.760737,0.743996,0.777311,0.373514,0.389616,0.739116,0.702641,0.668522,0.563189,0.71581
0.691338,0.444804,0.764734,0.731598,0.86345,1,0.564938,0.607417,0.830117,0.408063,0.615702,0.41901,0.671471,0.766717,0.780905,0.490547,0.730872,0.714954,0.791357,0.811459,0.80766,0.583955,0.689973,0.783761,0.676927,0.656743,0.759497,0.536003,0.592052,0.600677,0.431354,0.367635,0.568102,0.783052,0.720441,0.6871,0.438673,0.471026,0.606634,0.753265,0.330342,0.688792,0.816657,0.582707,0.759565,0.739746,0.781441,0.732983,0.559814,0.533811,0.601393,0.549656,0.591436,0.492592,0.645219,0.680745,0.660369,0.702305,0.665111,0.221644,0.60419,0.576757,0.786996,0.774269,0.784862,0.514299,0.717474,0.792421,0.618843,0.714076,0.785603,0.698742,0.410032,0.354576,0.470513,0.645612,0.753046,0.747477,0.316136,0.334338,0.671862,0.633089,0.635063,0.627025,0.615296
0.581375,0.340228,0.63833,0.6456,0.60514,0.564938,1,0.600771,0.552782,0.498342,0.712013,0.31743,0.511169,0.5934,0.684432,0.309026,0.491857,0.552337,0.658174,0.619641,0.677768,0.486806,0.722167,0.750944,0.498729,0.654236,0.695998,0.256414,0.669095,0.16027,0.475042,0.463892,0.662321,0.701565,0.651503,0.619565,0.458571,0.633543,0.560519,0.580257,0.231036,0.586601,0.670553,0.506046,0.68816,0.787858,0.69446,0.588193,0.546542,0.563896,0.484773,0.586584,0.64519,0.385027,0.483677,0.627122,0.716871,0.497697,0.563575,0.187348,0.420369,0.629355,0.640273,0.664907,0.621181,0.431256,0.684628,0.766899,0.513222,0.598258,0.715118,0.303118,0.529988,0.261702,0.224705,0.701665,0.614882,0.538969,0.477458,0.34822,0.464678,0.651749,0.46158,0.307984,0.40241
0.582166,0.323778,0.692235,0.725647,0.643781,0.607417,0.600771,1,0.571765,0.42109,0.587878,0.532262,0.602772,0.701055,0.596686,0.351753,0.653286,0.653639,0.727908,0.719232,0.734678,0.572184,0.688148,0.729256,0.565069,0.716784,0.646725,0.49327,0.754208,0.428415,0.568208,0.406574,0.606991,0.743907,0.528148,0.561647,0.500852,0.581681,0.714375,0.64279,0.320172,0.699535,0.6894,0.44209,0.740085,0.739851,0.736429,0.650148,0.602849,0.691387,0.431085,0.537842,0.707972,0.606637,0.585774,0.675321,0.686309,0.59741,0.716778,0.24499,0.627318,0.505706,0.61774,0.819904,0.771172,0.571699,0.762359,0.707106,0.524827,0.575915,0.764366,0.555907,0.422559,0.466618,0.590189,0.710155,0.691927,0.751825,0.373035,0.464264,0.483284,0.724782,0.622393,0.409779,0.596878
0.608665,0.42978,0.633696,0.58309,0.707992,0.830117,0.552782,0.571765,1,0.512082,0.683838,0.364677,0.625236,0.805455,0.818331,0.470835,0.739881,0.801144,0.672599,0.725632,0.722623,0.540971,0.776183,0.800257,0.696332,0.686255,0.743036,0.523403,0.480254,0.387758,0.382119,0.242241,0.599792,0.691162,0.753949,0.547972,0.364209,0.462572,0.510661,0.627539,0.277107,0.746751,0.726671,0.562437,0.689711,0.701728,0.709993,0.787496,0.499577,0.492601,0.56088,0.587209,0.702893,0.428211,0.63564,0.746763,0.753594,0.658548,0.694727,0.288052,0.600897,0.617328,0.726445,0.696582,0.755787,0.572154,0.684567,0.794001,0.735629,0.68965,0.789712,0.707073,0.452318,0.350751,0.457478,0.684513,0.599441,0.693647,0.317053,0.422961,0.580483,0.600194,0.634335,0.567123,0.664413
0.540593,0.441677,0.623889,0.604872,0.471214,0.408063,0.498342,0.42109,0.512082,1,0.805538,0.520917,0.593255,0.578606,0.445764,0.286713,0.560938,0.41548,0.435439,0.56225,0.613439,0.416235,0.598596,0.628933,0.456483,0.683827,0.536278,0.436145,0.292328,0.249127,0.252143,0.311296,0.465531,0.514073,0.667618,0.493558,0.490565,0.496212,0.545673,0.601756,0.0851279,0.431788,0.535625,0.546509,0.611427,0.560984,0.498858,0.571626,0.17128,0.492621,0.199364,0.7935,0.69101,0.358587,0.444361,0.638412,0.53271,0.510775,0.483613,0.482743,0.395451,0.341888,0.619569,0.516215,0.536808,0.523121,0.523999,0.589595,0.416459,0.623427,0.587376,0.582064,0.612148,0.377792,0.28647,0.649706,0.533356,0.435422,0.225264,0.378371,0.211985,0.479881,0.45289,0.202099,0.447459
0.722228,0.4666,0.841128,0.777549,0.681637,0.615702,0.712013,0.587878,0.683838,0.805538,1,0.48712,0.694119,0.686034,0.673363,0.366959,0.712983,0.624329,0.69261,0.773513,0.801513,0.529576,0.871012,0.817844,0.606307,0.783893,0.748594,0.577826,0.579381,0.302394,0.38509,0.454335,0.682981,0.702826,0.753024,0.657008,0.560949,0.665639,0.740812,0.748477,0.305724,0.617368,0.782271,0.60732,0.837808,0.80043,0.722595,0.739682,0.427019,0.595981,0.399597,0.848686,0.788293,0.518989,0.65339,0.751914,0.669982,0.626866,0.713162,0.466271,0.583289,0.519542,0.808481,0.735393,0.738585,0.63587,0.715856,0.806348,0.630434,0.73716,0.753661,0.610796,0.664248,0.429447,0.432707,0.817394,0.634796,0.66205,0.367781,0.422164,0.500628,0.693536,0.650424,0.252413,0.614559
0.678483,0.740507,0.572105,0.530224,0.407214,0.41901,0.31743,0.532262,0.364677,0.520917,0.48712,1,0.820743,0.587232,0.460035,0.660191,0.762266,0.359786,0.278635,0.625568,0.579233,0.295336,0.412702,0.37473,0.259759,0.552994,0.396417,0.295887,0.338366,0.348146,0.0840644,0.337902,0.387988,0.473329,0.394691,0.298728,0.245802,0.573743,0.567493,0.624068,0.254986,0.410655,0.559162,0.750305,0.536241,0.368326,0.381601,0.392076,0.220153,0.584694,0.150065,0.479954,0.479863,0.823722,0.757048,0.649291,0.365344,0.711214,0.668914,0.337176,0.485334,0.278127,0.553141,0.581839,0.595113,0.459473,0.463876,0.347061,0.230715,0.437896,0.501876,0.542662,0.372249,0.36295,0.270589,0.50285,0.479788,0.382125,0.254138,0.188981,0.219154,0.575214,0.563174,0.159487,0.337782
0.851559,0.769909,0.803794,0.763718,0.684947,0.671471,0.511169,0.602772,0.625236,0.593255,0.694119,0.820743,1,0.743841,0.686123,0.665646,0.941499,0.545224,0.534638,0.848676,0.787701,0.47455,0.658819,0.667645,0.55143,0.648932,0.645555,0.44511,0.477777,0.503211,0.269254,0.500318,0.622778,0.68504,0.696857,0.553112,0.467796,0.737104,0.730464,0.730347,0.320953,0.683067,0.79289,0.839804,0.780126,0.652199,0.67973,0.644873,0.399317,0.640793,0.305654,0.693037,0.663537,0.848239,0.900714,0.818801,0.582582,0.779914,0.822937,0.330085,0.580197,0.493615,0.738985,0.717883,0.773193,0.564591,0.702115,0.659741,0.510202,0.696713,0.727688,0.640945,0.494462,0.448818,0.349478,0.695423,0.652839,0.55718,0.417624,0.320662,0.576059,0.67194,0.677137,0.39147,0.558632
0.808299,0.61537,0.755855,0.742719,0.722593,0.766717,0.5934,0.701055,0.805455,0.578606,0.686034,0.587232,0.743841,1,0.722512,0.677755,0.785696,0.696449,0.682349,0.811857,0.862695,0.628181,0.682574,0.78311,0.676482,0.761325,0.800806,0.616789,0.582493,0.429764,0.481093,0.36222,0.726282,0.847678,0.732002,0.539027,0.388846,0.660581,0.747833,0.762634,0.153531,0.721745,0.838552,0.717757,0.78671,0.757533,0.753254,0.794459,0.556609,0.682032,0.472256,0.650957,0.763518,0.659786,0.746911,0.90093,0.782946,0.872532,0.835674,0.47396,0.635497,0.612992,0.768316,0.831022,0.882994,0.726295,0.737397,0.787846,0.651349,0.795169,0.865129,0.769525,0.501746,0.497007,0.530477,0.796877,0.755651,0.805425,0.280332,0.408918,0.665332,0.809609,0.799071,0.482979,0.568589
0.67157,0.463745,0.68005,0.696002,0.706727,0.780905,0.684432,0.596686,0.818331,0.445764,0.673363,0.460035,0.686123,0.722512,1,0.537457,0.720812,0.747023,0.647257,0.7962,0.763703,0.557146,0.756725,0.790822,0.629089,0.716832,0.778395,0.439958,0.612454,0.411222,0.489267,0.333197,0.658708,0.698269,0.70571,0.608779,0.391759,0.578307,0.578218,0.651205,0.340133,0.719902,0.778555,0.643251,0.725657,0.757096,0.780827,0.714802,0.63038,0.616248,0.638258,0.572033,0.655351,0.50377,0.642488,0.728644,0.712192,0.664199,0.693785,0.18303,0.580142,0.688748,0.786562,0.712121,0.766691,0.46923,0.759068,0.787953,0.695511,0.66956,0.82198,0.568049,0.510104,0.38695,0.493253,0.693763,0.63396,0.687565,0.354364,0.426777,0.624101,0.656964,0.661825,0.533037,0.648987
0.708875,0.835447,0.438728,0.38662,0.379212,0.490547,0.309026,0.351753,0.470835,0.286713,0.366959,0.660191,0.665646,0.677755,0.537457,1,0.625664,0.292516,0.246184,0.530952,0.510604,0.211086,0.263336,0.296259,0.222658,0.487777,0.355907,0.258682,0.296263,0.305917,0.0295101,0.0430787,0.410633,0.482974,0.403236,0.20199,0.0230437,0.436161,0.447557,0.484152,-0.052214,0.35702,0.635362,0.809271,0.399092,0.326614,0.368196,0.36425,0.206153,0.285291,0.238757,0.327752,0.335214,0.69387,0.724751,0.618919,0.373839,0.844525,0.665552,0.206876,0.476421,0.273383,0.538776,0.428964,0.606433,0.304985,0.293378,0.286791,0.387385,0.444159,0.473168,0.493328,0.25819,0.272799,0.194206,0.414751,0.423082,0.43046,0.185384,-0.0330463,0.350792,0.532326,0.574912,0.160645,0.185196
0.8105,0.679884,0.798533,0.733246,0.737881,0.730872,0.491857,0.653286,0.739881,0.560938,0.712983,0.762266,0.941499,0.785696,0.720812,0.625664,1,0.686555,0.63336,0.863423,0.790257,0.476971,0.757593,0.741171,0.624681,0.678967,0.690482,0.501966,0.495331,0.487183,0.296869,0.451257,0.64802,0.711363,0.718794,0.563709,0.530547,0.715493,0.733163,0.737559,0.388221,0.725124,0.814511,0.815234,0.800807,0.67183,0.722279,0.69739,0.454745,0.646794,0.375315,0.702085,0.740246,0.819177,0.911696,0.842296,0.641651,0.788715,0.88646,0.397509,0.597101,0.569524,0.761892,0.758859,0.801173,0.649429,0.724091,0.729388,0.587573,0.685487,0.773708,0.706545,0.520935,0.490804,0.437359,0.743983,0.664236,0.632745,0.320035,0.410684,0.61315,0.702013,0.728035,0.45885,0.647778
0.466034,0.232477,0.597381,0.591122,0.670956,0.714954,0.552337,0.653639,0.801144,0.41548,0.624329,0.359786,0.545224,0.696449,0.747023,0.292516,0.686555,1,0.733099,0.69845,0.679166,0.54118,0.761487,0.780092,0.683731,0.591484,0.651534,0.527033,0.618332,0.427718,0.405062,0.257054,0.53633,0.638226,0.586924,0.555499,0.458585,0.473882,0.504948,0.543313,0.300142,0.621555,0.667597,0.443089,0.692231,0.781938,0.752639,0.69977,0.673809,0.625627,0.565848,0.58817,0.794252,0.443511,0.616478,0.689763,0.686651,0.544034,0.669365,0.331029,0.549131,0.58308,0.602379,0.700473,0.720359,0.556548,0.685609,0.783375,0.602506,0.575468,0.728105,0.58977,0.368295,0.415412,0.592441,0.632157,0.541579,0.728975,0.0868225,0.452752,0.534421,0.6013,0.483653,0.526608,0.737514
0.631757,0.260335,0.794719,0.784641,0.837132,0.791357,0.658174,0.727908,0.672599,0.435439,0.69261,0.278635,0.534638,0.682349,0.647257,0.246184,0.63336,0.733099,1,0.803507,0.812098,0.506899,0.781085,0.866622,0.696103,0.678141,0.782533,0.503983,0.691108,0.460431,0.569658,0.46765,0.66379,0.861042,0.642134,0.708419,0.680339,0.645677,0.722266,0.691111,0.445217,0.626822,0.784635,0.455825,0.812766,0.805653,0.836102,0.676389,0.550584,0.561007,0.571181,0.630441,0.714637,0.43743,0.530373,0.643755,0.706996,0.544585,0.676796,0.337998,0.541199,0.602385,0.751043,0.814196,0.774621,0.557953,0.802332,0.874168,0.60951,0.663457,0.779384,0.600066,0.546391,0.514314,0.650696,0.741915,0.790155,0.821288,0.153629,0.528137,0.685053,0.667392,0.605059,0.490464,0.682692
0.85697,0.604525,0.916803,0.907044,0.881533,0.811459,0.619641,0.719232,0.725632,0.56225,0.773513,0.625568,0.848676,0.811857,0.7962,0.530952,0.863423,0.69845,0.803507,1,0.930293,0.593646,0.819391,0.85029,0.695597,0.785321,0.805281,0.599871,0.647555,0.616474,0.50022,0.546427,0.694929,0.868641,0.744872,0.68485,0.664472,0.713872,0.842758,0.828538,0.407465,0.75331,0.889814,0.705492,0.922175,0.825153,0.84449,0.796634,0.56316,0.713397,0.544028,0.757124,0.758294,0.71992,0.7853,0.835452,0.710554,0.736356,0.849545,0.380899,0.625169,0.600288,0.871316,0.859787,0.877264,0.631714,0.863851,0.843612,0.643989,0.764545,0.850269,0.724531,0.59082,0.642742,0.616216,0.803743,0.791137,0.814747,0.372035,0.525916,0.731617,0.781264,0.766586,0.479624,0.731951
0.867721,0.551679,0.924713,0.914007,0.852799,0.80766,0.677768,0.734678,0.722623,0.613439,0.801513,0.579233,0.787701,0.862695,0.763703,0.510604,0.790257,0.679166,0.812098,0.930293,1,0.661364,0.811344,0.867433,0.742713,0.827572,0.870851,0.663545,0.61536,0.512815,0.522578,0.58966,0.801218,0.926261,0.778313,0.735359,0.555957,0.759975,0.875004,0.865392,0.377293,0.743116,0.901101,0.663456,0.930988,0.855177,0.837365,0.835385,0.64249,0.767424,0.542816,0.748356,0.758158,0.660345,0.72893,0.842123,0.726839,0.779652,0.812237,0.459659,0.684985,0.667116,0.88492,0.923666,0.92216,0.666293,0.850891,0.862646,0.639812,0.821884,0.8803,0.730981,0.607234,0.523666,0.575958,0.879079,0.833779,0.837941,0.384164,0.512228,0.738212,0.86526,0.821215,0.469284,0.707557
0.505238,0.2252,0.613326,0.684889,0.666139,0.583955,0.486806,0.572184,0.540971,0.416235,0.529576,0.295336,0.47455,0.628181,0.557146,0.211086,0.476971,0.54118,0.506899,0.593646,0.661364,1,0.548199,0.639667,0.775983,0.658726,0.719182,0.660461,0.447351,0.356826,0.438032,0.398113,0.571264,0.642339,0.722568,0.423241,0.360136,0.328951,0.526977,0.692431,0.277828,0.644002,0.583362,0.270678,0.697758,0.703328,0.550078,0.718416,0.678536,0.590772,0.48698,0.544129,0.598744,0.328653,0.426332,0.605477,0.632756,0.546231,0.489794,0.239732,0.407333,0.496613,0.515001,0.615198,0.565582,0.475611,0.690502,0.668159,0.31161,0.591687,0.709579,0.552252,0.226452,0.327265,0.446591,0.628509,0.502603,0.591163,0.487591,0.398056,0.592926,0.593033,0.572271,0.492268,0.553487
0.686357,0.355745,0.818519,0.75211,0.785766,0.689973,0.722167,0.688148,0.776183,0.598596,0.871012,0.412702,0.658819,0.682574,0.756725,0.263336,0.757593,0.761487,0.781085,0.819391,0.811344,0.548199,1,0.897071,0.680931,0.758448,0.786202,0.606508,0.627344,0.360006,0.443612,0.519147,0.729069,0.736529,0.755286,0.692912,0.629973,0.632053,0.70513,0.691527,0.455488,0.746551,0.769898,0.533337,0.857355,0.822403,0.761221,0.808258,0.59692,0.665709,0.524005,0.771889,0.785301,0.502561,0.643845,0.771002,0.7308,0.536488,0.750008,0.400873,0.600514,0.66373,0.805092,0.794655,0.757464,0.655589,0.786054,0.876523,0.70316,0.673548,0.794674,0.62603,0.593623,0.461325,0.501141,0.851806,0.608189,0.692698,0.399777,0.519324,0.593105,0.725986,0.657315,0.391881,0.782153
0.720094,0.377908,0.829819,0.838984,0.869547,0.783761,0.750944,0.729256,0.800257,0.628933,0.817844,0.37473,0.667645,0.78311,0.790822,0.296259,0.741171,0.780092,0.866622,0.85029,0.867433,0.639667,0.897071,1,0.796589,0.776385,0.894384,0.591181,0.662751,0.434657,0.637803,0.514435,0.757624,0.836547,0.829755,0.772756,0.659986,0.703839,0.719993,0.700448,0.406855,0.811039,0.843167,0.594997,0.89183,0.886162,0.901207,0.824049,0.588553,0.707798,0.594604,0.78606,0.855243,0.465664,0.61004,0.833078,0.85156,0.59386,0.746604,0.390659,0.636747,0.74727,0.822236,0.853983,0.811131,0.656932,0.874953,0.974109,0.743647,0.773181,0.89558,0.676131,0.620786,0.504318,0.563434,0.855015,0.742071,0.796572,0.33716,0.56176,0.696555,0.731566,0.667652,0.569991,0.760676
0.584065,0.271151,0.661022,0.702206,0.754677,0.676927,0.498729,0.565069,0.696332,0.456483,0.606307,0.259759,0.55143,0.676482,0.629089,0.222658,0.624681,0.683731,0.696103,0.695597,0.742713,0.775983,0.680931,0.796589,1,0.686466,0.801033,0.635172,0.371193,0.309716,0.455439,0.422133,0.693229,0.763219,0.820323,0.531607,0.468145,0.555065,0.589124,0.675218,0.422646,0.707465,0.668227,0.38974,0.759614,0.723182,0.685037,0.721658,0.579436,0.567532,0.492038,0.613628,0.71626,0.390312,0.534137,0.688935,0.766373,0.530767,0.636127,0.314897,0.467419,0.569656,0.642734,0.669388,0.714869,0.521121,0.732672,0.786075,0.512683,0.656377,0.736474,0.595035,0.363196,0.434515,0.597042,0.708527,0.558946,0.664582,0.338553,0.569152,0.703211,0.617835,0.665017,0.622541,0.727598
0.704733,0.537745,0.74332,0.780074,0.716918,0.656743,0.654236,0.716784,0.686255,0.683827,0.783893,0.552994,0.648932,0.761325,0.716832,0.487777,0.678967,0.591484,0.678141,0.785321,0.827572,0.658726,0.758448,0.776385,0.686466,1,0.770011,0.591543,0.527533,0.35291,0.438184,0.338594,0.680491,0.807194,0.76761,0.598206,0.491353,0.608398,0.699345,0.778179,0.278661,0.625818,0.752247,0.612524,0.783865,0.747827,0.660443,0.745058,0.513555,0.5764,0.497448,0.745987,0.747662,0.586472,0.621971,0.777547,0.71613,0.722019,0.768572,0.329011,0.538688,0.507198,0.771072,0.731567,0.752634,0.633311,0.732412,0.732918,0.521568,0.672677,0.785634,0.68812,0.550927,0.551443,0.553157,0.77994,0.650199,0.731125,0.398887,0.452547,0.49017,0.684277,0.740493,0.375911,0.602383
0.757638,0.400683,0.819082,0.846257,0.829877,0.759497,0.695998,0.646725,0.743036,0.536278,0.748594,0.396417,0.645555,0.800806,0.778395,0.355907,0.690482,0.651534,0.782533,0.805281,0.870851,0.719182,0.786202,0.894384,0.801033,0.770011,1,0.581308,0.57788,0.357011,0.607171,0.583432,0.827288,0.859493,0.83848,0.648671,0.488094,0.71199,0.781233,0.809999,0.481274,0.74191,0.818064,0.544546,0.856577,0.800185,0.791795,0.783388,0.533676,0.657728,0.591391,0.649651,0.723945,0.470152,0.560524,0.803044,0.849619,0.677935,0.693139,0.328954,0.60483,0.791072,0.798737,0.840432,0.784486,0.675571,0.836452,0.900695,0.622828,0.793583,0.914262,0.657595,0.61753,0.455687,0.569174,0.867496,0.75841,0.747129,0.361897,0.480497,0.761405,0.804629,0.773871,0.593768,0.633161
0.612249,0.321865,0.673456,0.637201,0.603312,0.536003,0.256414,0.49327,0.523403,0.436145,0.577826,0.295887,0.44511,0.616789,0.439958,0.258682,0.501966,0.527033,0.503983,0.599871,0.663545,0.660461,0.606508,0.591181,0.635172,0.591543,0.581308,1,0.337822,0.411068,0.276987,0.286525,0.53694,0.541873,0.544907,0.41365,0.315066,0.362039,0.584324,0.622921,0.230812,0.531444,0.61963,0.333174,0.707763,0.625575,0.487779,0.742175,0.529329,0.551057,0.21839,0.645239,0.571248,0.389796,0.435724,0.601441,0.506096,0.544191,0.549071,0.482324,0.628834,0.266626,0.62012,0.610823,0.64888,0.509676,0.505119,0.539874,0.417912,0.542306,0.576035,0.689371,0.100775,0.352922,0.502547,0.584164,0.453956,0.628067,0.261271,0.326783,0.541432,0.633727,0.573586,0.403704,0.656005
0.469189,0.214167,0.622256,0.648951,0.57115,0.592052,0.669095,0.754208,0.480254,0.292328,0.579381,0.338366,0.477777,0.582493,0.612454,0.296263,0.495331,0.618332,0.691108,0.647555,0.61536,0.447351,0.627344,0.662751,0.371193,0.527533,0.57788,0.337822,1,0.531926,0.526974,0.353272,0.503328,0.632493,0.388767,0.538649,0.490035,0.474798,0.600561,0.487627,0.216773,0.540372,0.63957,0.339814,0.6116,0.754818,0.72441,0.577642,0.578178,0.581081,0.529748,0.405613,0.540878,0.387865,0.460885,0.554804,0.58104,0.475374,0.561208,0.0292606,0.526511,0.48532,0.558816,0.65507,0.613815,0.458398,0.668921,0.685989,0.570472,0.46568,0.668401,0.33795,0.377404,0.428786,0.511851,0.578792,0.588678,0.644062,0.2731,0.30468,0.421331,0.589744,0.395834,0.329339,0.467941
0.431907,0.317289,0.562499,0.559772,0.626125,0.600677,0.16027,0.428415,0.387758,0.249127,0.302394,0.348146,0.503211,0.429764,0.411222,0.305917,0.487183,0.427718,0.460431,0.616474,0.512815,0.356826,0.360006,0.434657,0.309716,0.35291,0.357011,0.411068,0.531926,1,0.21385,0.269441,0.281335,0.439949,0.348565,0.477602,0.471607,0.187882,0.415784,0.440346,0.171322,0.338065,0.547806,0.306525,0.481738,0.500775,0.509161,0.453693,0.346934,0.390175,0.445134,0.35544,0.350041,0.309661,0.388116,0.371863,0.307523,0.363072,0.329149,0.0978643,0.482596,0.158372,0.451597,0.390031,0.415202,0.164666,0.489379,0.421097,0.374704,0.328916,0.481088,0.478075,0.0757971,0.38599,0.407545,0.341945,0.484614,0.472933,0.107348,0.0939994,0.423333,0.366563,0.22945,0.321863,0.415213
0.355428,0.0270016,0.471305,0.585609,0.476341,0.431354,0.475042,0.568208,0.382119,0.252143,0.38509,0.0840644,0.269254,0.481093,0.489267,0.0295101,0.296869,0.405062,0.569658,0.50022,0.522578,0.438032,0.443612,0.637803,0.455439,0.438184,0.607171,0.276987,0.526974,0.21385,1,0.361419,0.507536,0.566617,0.433084,0.5385,0.432221,0.512575,0.478502,0.404554,0.159855,0.536091,0.477289,0.233316,0.553908,0.585945,0.647449,0.4807,0.446403,0.567186,0.393538,0.386629,0.521384,0.215234,0.2119,0.399274,0.565942,0.258189,0.446837,0.236167,0.373414,0.512021,0.447145,0.611785,0.51086,0.474796,0.671799,0.65609,0.33542,0.510217,0.583174,0.242898,0.454214,0.33465,0.493765,0.521235,0.616004,0.646149,0.134856,0.552318,0.510831,0.46477,0.429674,0.495009,0.337392
0.505453,0.181156,0.63704,0.624648,0.522505,0.367635,0.463892,0.406574,0.242241,0.311296,0.454335,0.337902,0.500318,0.36222,0.333197,0.0430787,0.451257,0.257054,0.46765,0.546427,0.58966,0.398113,0.519147,0.514435,0.422133,0.338594,0.583432,0.286525,0.353272,0.269441,0.361419,1,0.653618,0.559448,0.503563,0.471031,0.465329,0.583083,0.657258,0.54699,0.432744,0.443802,0.504097,0.309207,0.640432,0.498868,0.385148,0.413537,0.286713,0.541365,0.177063,0.412323,0.40257,0.316229,0.326208,0.373002,0.412196,0.329575,0.362108,0.336042,0.348809,0.430885,0.419044,0.594991,0.475673,0.537318,0.556762,0.518691,0.198718,0.588703,0.465623,0.249766,0.455725,0.152825,0.287232,0.606724,0.538706,0.33585,0.235131,0.334503,0.571658,0.651506,0.39624,0.241867,0.424147
0.742779,0.360594,0.752612,0.738393,0.65841,0.568102,0.662321,0.606991,0.599792,0.465531,0.682981,0.387988,0.622778,0.726282,0.658708,0.410633,0.64802,0.53633,0.66379,0.694929,0.801218,0.571264,0.729069,0.757624,0.693229,0.680491,0.827288,0.53694,0.503328,0.281335,0.507536,0.653618,1,0.792162,0.751684,0.557814,0.394623,0.792048,0.773737,0.705382,0.339307,0.6472,0.76031,0.540262,0.769883,0.734902,0.620702,0.678075,0.552005,0.655565,0.401269,0.617336,0.66615,0.473935,0.569528,0.720624,0.734842,0.64542,0.675875,0.426382,0.563786,0.624634,0.735425,0.753063,0.772183,0.633004,0.740633,0.75728,0.522631,0.717827,0.787461,0.524723,0.5259,0.306316,0.455316,0.882797,0.63692,0.645464,0.320545,0.416302,0.692252,0.821383,0.724434,0.394944,0.597957
0.800808,0.477664,0.848203,0.86905,0.824176,0.783052,0.701565,0.743907,0.691162,0.514073,0.702826,0.473329,0.68504,0.847678,0.698269,0.482974,0.711363,0.638226,0.861042,0.868641,0.926261,0.642339,0.736529,0.836547,0.763219,0.807194,0.859493,0.541873,0.632493,0.439949,0.566617,0.559448,0.792162,1,0.765205,0.641138,0.56187,0.734676,0.849934,0.817603,0.366276,0.707615,0.827399,0.59053,0.86294,0.815567,0.806129,0.778221,0.590391,0.690457,0.513829,0.644805,0.706693,0.613201,0.642367,0.781102,0.784833,0.752316,0.793859,0.382567,0.572046,0.639661,0.805701,0.870063,0.888483,0.635402,0.82713,0.835878,0.597078,0.750757,0.840924,0.634699,0.594247,0.547864,0.595102,0.839338,0.852751,0.834585,0.345305,0.575007,0.731598,0.818726,0.801503,0.478751,0.641955
0.714736,0.472682,0.754258,0.768574,0.801652,0.720441,0.651503,0.528148,0.753949,0.667618,0.753024,0.394691,0.696857,0.732002,0.70571,0.403236,0.718794,0.586924,0.642134,0.744872,0.778313,0.722568,0.755286,0.829755,0.820323,0.76761,0.83848,0.544907,0.388767,0.348565,0.433084,0.503563,0.751684,0.765205,1,0.59657,0.495868,0.600592,0.63436,0.74052,0.297246,0.725463,0.768223,0.603542,0.799494,0.748366,0.67387,0.751636,0.444345,0.532847,0.44362,0.748761,0.727709,0.462043,0.614938,0.781245,0.81023,0.654673,0.670246,0.35451,0.494117,0.644577,0.766685,0.673707,0.700509,0.606317,0.708295,0.808178,0.55007,0.776884,0.795695,0.625552,0.540537,0.365499,0.395383,0.817337,0.636177,0.614566,0.435249,0.393476,0.62769,0.65227,0.675757,0.53726,0.585481
0.595482,0.305244,0.748685,0.719042,0.733816,0.6871,0.619565,0.561647,0.547972,0.493558,0.657008,0.298728,0.553112,0.539027,0.608779,0.20199,0.563709,0.555499,0.708419,0.68485,0.735359,0.423241,0.692912,0.772756,0.531607,0.598206,0.648671,0.41365,0.538649,0.477602,0.5385,0.471031,0.557814,0.641138,0.59657,1,0.539371,0.582406,0.565801,0.579012,0.32925,0.560613,0.740717,0.506943,0.743141,0.70826,0.751314,0.588667,0.531523,0.592053,0.563356,0.609788,0.568241,0.364529,0.517918,0.536286,0.469218,0.444435,0.538313,0.388658,0.617031,0.50203,0.713892,0.714949,0.644526,0.411174,0.697642,0.743537,0.516976,0.597099,0.623527,0.48463,0.428763,0.262256,0.383726,0.619308,0.682009,0.61388,0.283967,0.386368,0.629672,0.565508,0.489599,0.394389,0.555976
0.404676,0.172696,0.632524,0.634783,0.658054,0.438673,0.458571,0.500852,0.364209,0.490565,0.560949,0.245802,0.467796,0.388846,0.391759,0.0230437,0.530547,0.458585,0.680339,0.664472,0.555957,0.360136,0.629973,0.659986,0.468145,0.491353,0.488094,0.315066,0.490035,0.471607,0.432221,0.465329,0.394623,0.56187,0.495868,0.539371,1,0.454961,0.555492,0.460705,0.348833,0.454577,0.515553,0.328925,0.62791,0.566584,0.601125,0.512235,0.348799,0.469744,0.431499,0.561995,0.578301,0.276937,0.365698,0.45008,0.492428,0.234592,0.485969,0.338447,0.230694,0.385275,0.490355,0.504287,0.450776,0.424539,0.676584,0.660771,0.38425,0.409155,0.556417,0.319074,0.492871,0.505885,0.474019,0.566319,0.59771,0.491083,0.142938,0.591952,0.475325,0.410725,0.34988,0.262919,0.525731
0.762683,0.522373,0.727681,0.727064,0.576191,0.471026,0.633543,0.581681,0.462572,0.496212,0.665639,0.573743,0.737104,0.660581,0.578307,0.436161,0.715493,0.473882,0.645677,0.713872,0.759975,0.328951,0.632053,0.703839,0.555065,0.608398,0.71199,0.362039,0.474798,0.187882,0.512575,0.583083,0.792048,0.734676,0.600592,0.582406,0.454961,1,0.765467,0.622417,0.41125,0.57188,0.724921,0.697718,0.745234,0.640272,0.6734,0.52091,0.364747,0.634873,0.262354,0.614375,0.662181,0.670828,0.69372,0.709052,0.630866,0.631154,0.752992,0.429581,0.525589,0.552958,0.711774,0.755046,0.753765,0.579322,0.683775,0.690272,0.442755,0.648667,0.680796,0.436161,0.576365,0.367794,0.427491,0.747019,0.684447,0.610264,0.229724,0.444823,0.588134,0.71678,0.671748,0.355447,0.494161
0.810385,0.464029,0.902912,0.902034,0.719895,0.606634,0.560519,0.714375,0.510661,0.545673,0.740812,0.567493,0.730464,0.747833,0.578218,0.447557,0.733163,0.504948,0.722266,0.842758,0.875004,0.526977,0.70513,0.719993,0.589124,0.699345,0.781233,0.584324,0.600561,0.415784,0.478502,0.657258,0.773737,0.849934,0.63436,0.565801,0.555492,0.765467,1,0.832045,0.383857,0.656864,0.784099,0.561592,0.865839,0.747701,0.71914,0.723942,0.448199,0.682503,0.334797,0.667451,0.661291,0.674498,0.642944,0.743723,0.634195,0.728548,0.7504,0.441642,0.561507,0.538137,0.781081,0.84965,0.840831,0.693009,0.768899,0.71358,0.519217,0.718208,0.788217,0.60668,0.667108,0.539067,0.547347,0.818136,0.796494,0.742063,0.344814,0.518245,0.666478,0.858097,0.8008,0.347888,0.619544
0.789681,0.495174,0.875335,0.838846,0.781247,0.753265,0.580257,0.64279,0.627539,0.601756,0.748477,0.624068,0.730347,0.762634,0.651205,0.484152,0.737559,0.543313,0.691111,0.828538,0.865392,0.692431,0.691527,0.700448,0.675218,0.778179,0.809999,0.622921,0.487627,0.440346,0.404554,0.54699,0.705382,0.817603,0.74052,0.579012,0.460705,0.622417,0.832045,1,0.371639,0.626777,0.796189,0.574233,0.852318,0.721975,0.638784,0.727016,0.488057,0.637495,0.495974,0.661204,0.647814,0.629579,0.682803,0.705844,0.648358,0.785485,0.69232,0.415567,0.57083,0.510747,0.805945,0.819338,0.805883,0.611165,0.774829,0.725212,0.379996,0.731614,0.804973,0.70436,0.532549,0.405627,0.475683,0.789112,0.792586,0.708877,0.439933,0.432403,0.633648,0.814111,0.794657,0.46768,0.595293
0.324437,0.118205,0.430886,0.384344,0.457956,0.330342,0.231036,0.320172,0.277107,0.0851279,0.305724,0.254986,0.320953,0.153531,0.340133,-0.052214,0.388221,0.300142,0.445217,0.407465,0.377293,0.277828,0.455488,0.406855,0.422646,0.278661,0.481274,0.230812,0.216773,0.171322,0.159855,0.432744,0.339307,0.366276,0.297246,0.32925,0.348833,0.41125,0.383857,0.371639,1,0.360831,0.306054,0.173489,0.430045,0.198895,0.322086,0.223536,0.213569,0.300756,0.340985,0.13977,0.179299,0.214618,0.261317,0.24325,0.329118,0.160551,0.276324,0.035953,0.375431,0.316763,0.400785,0.441242,0.304506,0.10936,0.418937,0.390326,0.195648,0.112672,0.384372,0.219826,0.256442,0.111915,0.380425,0.377732,0.330521,0.29031,0.231137,0.35633,0.402709,0.385972,0.395175,0.31827,0.452438
0.650784,0.360591,0.701531,0.706967,0.724245,0.688792,0.586601,0.699535,0.746751,0.431788,0.617368,0.410655,0.683067,0.721745,0.719902,0.35702,0.725124,0.621555,0.626822,0.75331,0.743116,0.644002,0.746551,0.811039,0.707465,0.625818,0.74191,0.531444,0.540372,0.338065,0.536091,0.443802,0.6472,0.707615,0.725463,0.560613,0.454577,0.57188,0.656864,0.626777,0.360831,1,0.704348,0.546371,0.781908,0.738564,0.760904,0.775473,0.594209,0.663543,0.474445,0.637694,0.697201,0.52513,0.632884,0.771932,0.684199,0.569687,0.699717,0.27052,0.560932,0.670802,0.693045,0.773399,0.761226,0.55504,0.808186,0.792821,0.682652,0.626642,0.808613,0.611233,0.492656,0.342171,0.372584,0.711885,0.608356,0.661626,0.599096,0.585204,0.576566,0.658259,0.714888,0.637596,0.700191
0.890855,0.648419,0.903227,0.862627,0.848541,0.816657,0.670553,0.6894,0.726671,0.535625,0.782271,0.559162,0.79289,0.838552,0.778555,0.635362,0.814511,0.667597,0.784635,0.889814,0.901101,0.583362,0.769898,0.843167,0.668227,0.752247,0.818064,0.61963,0.63957,0.547806,0.477289,0.504097,0.76031,0.827399,0.768223,0.740717,0.515553,0.724921,0.784099,0.796189,0.306054,0.704348,1,0.783211,0.910986,0.841297,0.835822,0.761669,0.54125,0.661676,0.497033,0.741585,0.745212,0.683394,0.782089,0.816028,0.707096,0.811574,0.81598,0.467205,0.755893,0.599511,0.872308,0.835558,0.870179,0.601653,0.77295,0.823224,0.664379,0.821145,0.839895,0.705157,0.507825,0.464382,0.499602,0.798037,0.778525,0.797037,0.288793,0.339378,0.767646,0.829651,0.731121,0.444776,0.596105
0.823776,0.854534,0.643261,0.588195,0.576255,0.582707,0.506046,0.44209,0.562437,0.546509,0.60732,0.750305,0.839804,0.717757,0.643251,0.809271,0.815234,0.443089,0.455825,0.705492,0.663456,0.270678,0.533337,0.594997,0.38974,0.612524,0.544546,0.333174,0.339814,0.306525,0.233316,0.309207,0.540262,0.59053,0.603542,0.506943,0.328925,0.697718,0.561592,0.574233,0.173489,0.546371,0.783211,1,0.645286,0.51077,0.596037,0.474652,0.247276,0.491934,0.238974,0.659295,0.61023,0.784871,0.832302,0.773346,0.517736,0.800403,0.794303,0.430464,0.549532,0.444182,0.702197,0.614957,0.69958,0.502253,0.520202,0.557758,0.48427,0.633911,0.612758,0.610419,0.46471,0.343191,0.232905,0.578935,0.580434,0.526418,0.200878,0.189385,0.479619,0.591957,0.624196,0.288274,0.375849
0.850781,0.5123,0.960377,0.943499,0.87037,0.759565,0.68816,0.740085,0.689711,0.611427,0.837808,0.536241,0.780126,0.78671,0.725657,0.399092,0.800807,0.692231,0.812766,0.922175,0.930988,0.697758,0.857355,0.89183,0.759614,0.783865,0.856577,0.707763,0.6116,0.481738,0.553908,0.640432,0.769883,0.86294,0.799494,0.743141,0.62791,0.745234,0.865839,0.852318,0.430045,0.781908,0.910986,0.645286,1,0.894229,0.837645,0.846003,0.597076,0.765787,0.441401,0.828497,0.809547,0.658991,0.715442,0.809101,0.730749,0.710265,0.801761,0.498656,0.689823,0.600162,0.85221,0.896698,0.868579,0.663023,0.861263,0.870158,0.595162,0.810915,0.852589,0.691774,0.574251,0.523848,0.533839,0.843555,0.787092,0.807845,0.405411,0.556177,0.767882,0.856532,0.749365,0.504612,0.728096
0.685944,0.350399,0.838153,0.872133,0.785712,0.739746,0.787858,0.739851,0.701728,0.560984,0.80043,0.368326,0.652199,0.757533,0.757096,0.326614,0.67183,0.781938,0.805653,0.825153,0.855177,0.703328,0.822403,0.886162,0.723182,0.747827,0.800185,0.625575,0.754818,0.500775,0.585945,0.498868,0.734902,0.815567,0.748366,0.70826,0.566584,0.640272,0.747701,0.721975,0.198895,0.738564,0.841297,0.51077,0.894229,1,0.878803,0.845915,0.710713,0.730335,0.500798,0.791823,0.843754,0.518221,0.606835,0.759979,0.748084,0.617308,0.704266,0.359194,0.593946,0.619175,0.745338,0.795721,0.79453,0.600425,0.849473,0.884714,0.657998,0.767626,0.845487,0.584295,0.509457,0.504799,0.500438,0.776001,0.709354,0.784131,0.365428,0.481091,0.672369,0.744642,0.577222,0.473213,0.677953
0.695117,0.402416,0.801595,0.834453,0.793381,0.781441,0.69446,0.736429,0.709993,0.498858,0.722595,0.381601,0.67973,0.753254,0.780827,0.368196,0.722279,0.752639,0.836102,0.84449,0.837365,0.550078,0.761221,0.901207,0.685037,0.660443,0.791795,0.487779,0.72441,0.509161,0.647449,0.385148,0.620702,0.806129,0.67387,0.751314,0.601125,0.6734,0.71914,0.638784,0.322086,0.760904,0.835822,0.596037,0.837645,0.878803,1,0.751598,0.629531,0.701871,0.544208,0.699858,0.784948,0.555523,0.63493,0.7665,0.731897,0.595072,0.737477,0.308868,0.610477,0.702902,0.778332,0.820755,0.806696,0.518143,0.85082,0.90198,0.777841,0.735976,0.849485,0.591676,0.574466,0.55131,0.523903,0.710121,0.785528,0.820658,0.29309,0.535834,0.699795,0.661512,0.632401,0.515461,0.644789
0.726311,0.409604,0.808099,0.806254,0.761413,0.732983,0.588193,0.650148,0.787496,0.571626,0.739682,0.392076,0.644873,0.794459,0.714802,0.36425,0.69739,0.69977,0.676389,0.796634,0.835385,0.718416,0.808258,0.824049,0.721658,0.745058,0.783388,0.742175,0.577642,0.453693,0.4807,0.413537,0.678075,0.778221,0.751636,0.588667,0.512235,0.52091,0.723942,0.727016,0.223536,0.775473,0.761669,0.474652,0.846003,0.845915,0.751598,1,0.629306,0.746323,0.461486,0.701071,0.712366,0.488113,0.579202,0.78965,0.718473,0.646349,0.708758,0.363692,0.625216,0.624484,0.778793,0.772807,0.796918,0.64503,0.764719,0.799828,0.678208,0.713042,0.804892,0.664904,0.451271,0.533947,0.433527,0.772507,0.644334,0.750083,0.457905,0.569633,0.624126,0.733713,0.66394,0.543777,0.727792
0.405256,0.097992,0.526776,0.542573,0.519191,0.559814,0.546542,0.602849,0.499577,0.17128,0.427019,0.220153,0.399317,0.556609,0.63038,0.206153,0.454745,0.673809,0.550584,0.56316,0.64249,0.678536,0.59692,0.588553,0.579436,0.513555,0.533676,0.529329,0.578178,0.346934,0.446403,0.286713,0.552005,0.590391,0.444345,0.531523,0.348799,0.364747,0.448199,0.488057,0.213569,0.594209,0.54125,0.247276,0.597076,0.710713,0.629531,0.629306,1,0.694499,0.550859,0.417403,0.530115,0.34584,0.448953,0.504258,0.432914,0.430238,0.521407,0.246703,0.418854,0.525229,0.479916,0.619747,0.592683,0.3347,0.675245,0.633908,0.472451,0.422447,0.62021,0.354174,0.201206,0.259482,0.39779,0.562583,0.471622,0.589174,0.317408,0.46258,0.555799,0.565732,0.506683,0.378186,0.578951
0.659304,0.331311,0.728535,0.728302,0.580717,0.533811,0.563896,0.691387,0.492601,0.492621,0.595981,0.584694,0.640793,0.682032,0.616248,0.285291,0.646794,0.625627,0.561007,0.713397,0.767424,0.590772,0.665709,0.707798,0.567532,0.5764,0.657728,0.551057,0.581081,0.390175,0.567186,0.541365,0.655565,0.690457,0.532847,0.592053,0.469744,0.634873,0.682503,0.637495,0.300756,0.663543,0.661676,0.491934,0.765787,0.730335,0.701871,0.746323,0.694499,1,0.356249,0.582437,0.647703,0.564095,0.570987,0.681648,0.56789,0.53679,0.650892,0.52099,0.632801,0.565321,0.660304,0.786742,0.747317,0.563168,0.753764,0.687842,0.489224,0.582137,0.685105,0.459962,0.394157,0.413792,0.439329,0.734135,0.641516,0.668728,0.309496,0.602037,0.538181,0.758884,0.618462,0.381027,0.599693
0.330214,0.124454,0.430101,0.438963,0.647677,0.601393,0.484773,0.431085,0.56088,0.199364,0.399597,0.150065,0.305654,0.472256,0.638258,0.238757,0.375315,0.565848,0.571181,0.544028,0.542816,0.48698,0.524005,0.594604,0.492038,0.497448,0.591391,0.21839,0.529748,0.445134,0.393538,0.177063,0.401269,0.513829,0.44362,0.563356,0.431499,0.262354,0.334797,0.495974,0.340985,0.474445,0.497033,0.238974,0.441401,0.500798,0.544208,0.461486,0.550859,0.356249,1,0.220866,0.397144,0.0982524,0.356285,0.439307,0.503869,0.355558,0.359756,-0.0150398,0.378612,0.607833,0.492923,0.521196,0.452234,0.213413,0.645995,0.657666,0.438831,0.289259,0.6397,0.382371,0.337462,0.233884,0.457133,0.527348,0.47148,0.505585,0.28758,0.293657,0.457491,0.436625,0.422533,0.421986,0.532613
0.705904,0.499922,0.781537,0.770045,0.678579,0.549656,0.586584,0.537842,0.587209,0.7935,0.848686,0.479954,0.693037,0.650957,0.572033,0.327752,0.702085,0.58817,0.630441,0.757124,0.748356,0.544129,0.771889,0.78606,0.613628,0.745987,0.649651,0.645239,0.405613,0.35544,0.386629,0.412323,0.617336,0.644805,0.748761,0.609788,0.561995,0.614375,0.667451,0.661204,0.13977,0.637694,0.741585,0.659295,0.828497,0.791823,0.699858,0.701071,0.417403,0.582437,0.220866,1,0.865345,0.578468,0.62643,0.773068,0.598557,0.568737,0.705274,0.554356,0.479564,0.45277,0.721699,0.657355,0.673116,0.625732,0.69056,0.745758,0.535821,0.740415,0.689267,0.708334,0.56201,0.53907,0.384566,0.716486,0.561758,0.627017,0.278375,0.420002,0.482216,0.581292,0.561206,0.301892,0.621216
0.615633,0.392435,0.702911,0.728403,0.688657,0.591436,0.64519,0.707972,0.702893,0.69101,0.788293,0.479863,0.663537,0.763518,0.655351,0.335214,0.740246,0.794252,0.714637,0.758294,0.758158,0.598744,0.785301,0.855243,0.71626,0.747662,0.723945,0.571248,0.540878,0.350041,0.521384,0.40257,0.66615,0.706693,0.727709,0.568241,0.578301,0.662181,0.661291,0.647814,0.179299,0.697201,0.745212,0.61023,0.809547,0.843754,0.784948,0.712366,0.530115,0.647703,0.397144,0.865345,1,0.56301,0.655561,0.817182,0.770093,0.603649,0.759928,0.495595,0.488942,0.584239,0.649856,0.745979,0.741111,0.703377,0.776938,0.840806,0.593076,0.750509,0.811023,0.69688,0.569295,0.542578,0.525637,0.760142,0.622784,0.735919,0.181496,0.48871,0.53011,0.663428,0.578742,0.446784,0.662722
