1,0.781611,0.95304,0.826123,0.724043,0.731749,0.674525,0.629241,0.602722,0.574172,0.688035,0.676152,0.667058,0.627124,0.767085,0.7395,0.813509,0.716936,0.753572,0.833331,0.875689,0.584774,0.827002,0.927952,0.576765,0.77517,0.864255,0.69316,0.568997,0.510792,0.152793,0.626728,0.750938,0.716033,0.659949,0.653497,0.381256,0.712844,0.862827,0.738665,0.699172,0.505566,0.90235,0.734725,0.929006,0.830152,0.814215,0.746588,0.609759,0.577744,0.412753,0.745964,0.701048,0.672984,0.76848,0.678137,0.594058,0.70133,0.814103,0.256356,0.385922,0.675694,0.738236,0.858721,0.912643,0.555055,0.735648,0.922751,0.353581,0.75235,0.830937,0.485898,0.421027,0.394523,0.723463,0.756051,0.727428,0.71019,0.399275,0.657075,0.620882,0.885926,0.786165,0.539442,0.763587
0.781611,1,0.757384,0.700858,0.610862,0.603461,0.487165,0.557273,0.439848,0.277054,0.477076,0.547769,0.552182,0.859778,0.547842,0.783034,0.700174,0.52852,0.600697,0.572413,0.716572,0.455233,0.640014,0.733619,0.388822,0.649345,0.759943,0.72967,0.494734,0.399843,0.149263,0.486961,0.552389,0.474311,0.385594,0.351235,0.10755,0.654279,0.692996,0.611086,0.686127,0.400761,0.676354,0.851979,0.722724,0.527962,0.650379,0.609729,0.535897,0.374717,0.287818,0.504786,0.387005,0.348778,0.497608,0.845841,0.428607,0.677071,0.597839,-0.0396089,0.520643,0.629857,0.559442,0.734577,0.712793,0.469622,0.56563,0.698929,0.150166,0.487814,0.640075,0.314108,0.434923,0.346131,0.555237,0.513796,0.64443,0.572302,0.236929,0.554837,0.363594,0.720879,0.708388,0.589258,0.616101
0.95304,0.757384,1,0.831232,0.795084,0.771776,0.663264,0.665667,0.536011,0.593695,0.711063,0.707475,0.686756,0.599376,0.769468,0.700217,0.853161,0.693805,0.790977,0.843238,0.892935,0.554594,0.882352,0.932833,0.552264,0.764116,0.844568,0.716109,0.590513,0.534463,0.119232,0.606519,0.734903,0.782433,0.644572,0.67346,0.407563,0.752065,0.890251,0.75537,0.745971,0.574874,0.908764,0.699163,0.95987,0.841226,0.82137,0.758557,0.59281,0.634267,0.348908,0.780573,0.701367,0.674634,0.739971,0.646622,0.60225,0.704797,0.804971,0.328132,0.37741,0.727875,0.747703,0.871141,0.936718,0.5911,0.704755,0.946318,0.426503,0.748152,0.852561,0.517562,0.498242,0.452324,0.724574,0.736213,0.708889,0.756377,0.355511,0.63033,0.619968,0.916333,0.807089,0.583366,0.821016
0.826123,0.700858,0.831232,1,0.71164,0.655229,0.52612,0.626149,0.631912,0.501432,0.682669,0.680337,0.684982,0.652735,0.746597,0.683378,0.758881,0.602661,0.655384,0.821757,0.799253,0.708314,0.765275,0.789034,0.426907,0.661431,0.795109,0.580749,0.411925,0.537359,0.103108,0.572923,0.587263,0.665043,0.539156,0.540814,0.201706,0.658515,0.824883,0.703288,0.749462,0.560166,0.808898,0.755188,0.809834,0.773414,0.77189,0.732702,0.534191,0.490189,0.302788,0.642067,0.674932,0.627201,0.673708,0.72252,0.595304,0.676442,0.700931,0.354816,0.431606,0.565268,0.750396,0.821936,0.870057,0.602202,0.685618,0.845529,0.442369,0.758481,0.67493,0.527769,0.344236,0.502957,0.691988,0.704099,0.723888,0.534966,0.435536,0.563044,0.506542,0.859494,0.757828,0.517523,0.747985
0.724043,0.610862,0.795084,0.71164,1,0.842959,0.651177,0.412538,0.599274,0.719576,0.713355,0.670392,0.662133,0.618512,0.737086,0.598017,0.733062,0.641413,0.73549,0.732932,0.848491,0.559364,0.832119,0.828317,0.334113,0.604308,0.735167,0.538547,0.361362,0.541698,0.0677578,0.515942,0.438755,0.692828,0.424979,0.481561,0.358647,0.703512,0.830197,0.663583,0.617034,0.326054,0.78835,0.588688,0.789376,0.700437,0.708454,0.792599,0.562931,0.675938,0.320082,0.691725,0.621637,0.617494,0.693449,0.62876,0.657037,0.691033,0.663173,0.418592,0.395419,0.686022,0.592928,0.736471,0.778071,0.637758,0.699641,0.864957,0.57401,0.584891,0.814506,0.640101,0.510764,0.276002,0.620958,0.718029,0.604619,0.65327,0.241126,0.535901,0.549052,0.787693,0.730363,0.733437,0.571928
0.731749,0.603461,0.771776,0.655229,0.842959,1,0.573263,0.418373,0.394096,0.564265,0.644487,0.551428,0.589822,0.606683,0.660078,0.485735,0.688613,0.608452,0.718025,0.698058,0.749126,0.579008,0.697037,0.818056,0.402328,0.631425,0.742246,0.503159,0.449744,0.525615,0.0423242,0.718641,0.481127,0.65172,0.499845,0.544748,0.37615,0.691568,0.799228,0.592988,0.642058,0.357907,0.818735,0.58482,0.780237,0.690386,0.703603,0.688097,0.526317,0.487989,0.332443,0.72113,0.627507,0.579446,0.688525,0.656678,0.555389,0.56688,0.698903,0.392635,0.292859,0.678787,0.580102,0.74304,0.738827,0.482809,0.595574,0.812631,0.412564,0.597889,0.810965,0.564793,0.405127,0.358379,0.67654,0.657969,0.612295,0.633941,0.0889373,0.499453,0.567095,0.729656,0.684438,0.630337,0.500505
0.674525,0.487165,0.663264,0.52612,0.651177,0.573263,1,0.537098,0.545719,0.482311,0.521764,0.675421,0.602796,0.42412,0.618295,0.485281,0.631917,0.527449,0.564235,0.730566,0.698452,0.436747,0.744966,0.737095,0.214822,0.638839,0.577737,0.558594,0.266263,0.417591,0.136102,0.402808,0.512317,0.560759,0.499444,0.396131,0.408862,0.569025,0.716059,0.618602,0.484522,0.309464,0.648194,0.445734,0.696447,0.707316,0.603418,0.584371,0.517703,0.58005,0.229976,0.514895,0.565018,0.563527,0.61834,0.412864,0.449521,0.642121,0.631576,0.229967,0.30638,0.529041,0.438528,0.65643,0.665996,0.567886,0.486906,0.721873,0.396916,0.502595,0.680209,0.383614,0.335864,0.27171,0.429057,0.553024,0.465381,0.450854,0.259308,0.676392,0.548043,0.69378,0.508982,0.508882,0.444702
0.629241,0.557273,0.665667,0.626149,0.412538,0.418373,0.537098,1,0.294025,0.122812,0.351005,0.567614,0.596173,0.426371,0.430378,0.541576,0.624435,0.366656,0.480622,0.652348,0.552107,0.377443,0.506821,0.604714,0.274524,0.581672,0.480963,0.436372,0.573143,0.427498,0.201642,0.421225,0.594124,0.458988,0.564654,0.403591,0.255049,0.586291,0.687656,0.561737,0.56744,0.536371,0.591522,0.500626,0.642383,0.629327,0.592131,0.436102,0.475456,0.536786,0.0579217,0.374503,0.412691,0.43843,0.453351,0.395387,0.1121,0.53088,0.582371,0.165889,0.147528,0.438488,0.581701,0.662514,0.697313,0.415507,0.390983,0.598865,0.254131,0.555433,0.489743,0.0074101,0.416198,0.44549,0.41067,0.291231,0.445499,0.303288,0.187036,0.577547,0.363451,0.649285,0.460568,0.335346,0.628917
0.602722,0.439848,0.536011,0.631912,0.599274,0.394096,0.545719,0.294025,1,0.599676,0.590213,0.586892,0.49872,0.474883,0.729763,0.440169,0.465264,0.476153,0.390699,0.582759,0.565591,0.428326,0.62025,0.551129,0.14391,0.433263,0.483431,0.290075,0.210311,0.457953,0.0279978,0.299418,0.313524,0.423318,0.311873,0.219474,0.0891775,0.313741,0.612944,0.461058,0.362458,0.322401,0.508552,0.436115,0.504194,0.577912,0.377175,0.637069,0.407193,0.423521,0.268641,0.466201,0.528113,0.475281,0.572501,0.518994,0.472504,0.51463,0.475233,0.279524,0.184188,0.358198,0.360269,0.531157,0.557874,0.613115,0.597428,0.645044,0.46076,0.55096,0.49139,0.415398,0.17182,0.243164,0.412671,0.607833,0.477346,0.302218,0.406301,0.443447,0.380678,0.640631,0.518945,0.480827,0.404519
0.574172,0.277054,0.593695,0.501432,0.719576,0.564265,0.482311,0.122812,0.599676,1,0.789852,0.553422,0.565412,0.32041,0.62356,0.338634,0.599438,0.592696,0.548103,0.578336,0.67006,0.382889,0.695789,0.608201,0.393477,0.413299,0.543061,0.323074,0.14711,0.376146,-0.113164,0.274282,0.404365,0.54436,0.392216,0.477849,0.514998,0.388629,0.558445,0.617156,0.260667,0.279274,0.599389,0.36869,0.590773,0.640369,0.441983,0.544562,0.397118,0.499346,0.243213,0.795504,0.76297,0.600265,0.685331,0.350644,0.529387,0.511051,0.641821,0.497961,0.0950085,0.47366,0.47766,0.468647,0.561508,0.559135,0.591204,0.663424,0.525698,0.476977,0.665457,0.655461,0.197397,0.122479,0.576815,0.747471,0.382206,0.509706,0.319381,0.373905,0.577863,0.63602,0.561599,0.407427,0.327015
0.688035,0.477076,0.711063,0.682669,0.713355,0.644487,0.521764,0.351005,0.590213,0.789852,1,0.600387,0.622611,0.446281,0.754046,0.471482,0.701007,0.659632,0.60067,0.651868,0.724908,0.482353,0.7433,0.703353,0.359305,0.536581,0.654961,0.515283,0.110301,0.354902,-0.124232,0.41282,0.406155,0.464781,0.424886,0.424707,0.438119,0.58273,0.711127,0.639209,0.440852,0.3603,0.648058,0.484489,0.683844,0.737515,0.523365,0.659084,0.466801,0.56449,0.205569,0.817153,0.782764,0.587213,0.64802,0.484353,0.698329,0.559912,0.683663,0.455452,0.280762,0.586473,0.536985,0.578108,0.677717,0.722098,0.711204,0.735608,0.532026,0.536185,0.705254,0.594231,0.301972,0.415539,0.625942,0.791015,0.453495,0.514651,0.300405,0.411991,0.572133,0.759356,0.660321,0.553894,0.443956
0.676152,0.547769,0.707475,0.680337,0.670392,0.551428,0.675421,0.567614,0.586892,0.553422,0.600387,1,0.906213,0.556074,0.73814,0.633586,0.8334,0.449369,0.62792,0.842484,0.722591,0.552215,0.807797,0.699389,0.283544,0.56448,0.648983,0.372758,0.376283,0.595085,0.078862,0.356724,0.393996,0.484253,0.563431,0.435659,0.442992,0.574359,0.759393,0.677594,0.580846,0.609434,0.716597,0.595335,0.729728,0.718534,0.529346,0.628363,0.526475,0.60801,0.177196,0.560856,0.600219,0.779118,0.79129,0.501047,0.380488,0.695209,0.789616,0.455858,0.271216,0.382207,0.524084,0.751603,0.717558,0.580485,0.370458,0.744026,0.332567,0.467356,0.641733,0.283929,0.223467,0.400799,0.410229,0.567459,0.395243,0.490295,0.511553,0.667916,0.508759,0.760372,0.641087,0.464161,0.545406
0.667058,0.552182,0.686756,0.684982,0.662133,0.589822,0.602796,0.596173,0.49872,0.565412,0.622611,0.906213,1,0.572291,0.634936,0.607698,0.908197,0.539219,0.613323,0.814486,0.772189,0.654447,0.726642,0.734557,0.37599,0.649056,0.71025,0.378744,0.398582,0.569758,0.0596172,0.427352,0.495278,0.401013,0.609575,0.442575,0.550949,0.625873,0.776305,0.715585,0.570293,0.607922,0.732429,0.643469,0.724239,0.728442,0.551831,0.579217,0.599573,0.620528,0.215773,0.63071,0.636493,0.84024,0.85479,0.517191,0.355198,0.694475,0.881416,0.497191,0.182175,0.433106,0.534894,0.79255,0.759521,0.587474,0.381607,0.745867,0.322593,0.55574,0.644678,0.284648,0.290254,0.453066,0.485774,0.545644,0.407575,0.425659,0.345543,0.744114,0.674163,0.801301,0.675062,0.490442,0.516029
0.627124,0.859778,0.599376,0.652735,0.618512,0.606683,0.42412,0.426371,0.474883,0.32041,0.446281,0.556074,0.572291,1,0.489885,0.76463,0.580537,0.460451,0.538431,0.531398,0.653107,0.467707,0.544326,0.642837,0.305022,0.554696,0.688219,0.570747,0.392706,0.467876,0.208502,0.575816,0.399805,0.400428,0.354412,0.262102,0.0461003,0.536779,0.580956,0.638379,0.646035,0.366728,0.597423,0.877727,0.632314,0.377332,0.519536,0.623279,0.60508,0.241298,0.42554,0.499755,0.377415,0.37301,0.532455,0.948822,0.40006,0.720884,0.536665,0.0341759,0.509368,0.532166,0.53113,0.644768,0.591981,0.400998,0.445035,0.617676,0.171343,0.416857,0.622492,0.26299,0.348587,0.385803,0.541522,0.547269,0.507026,0.451523,0.213461,0.482949,0.276216,0.650699,0.667658,0.56047,0.396204
0.767085,0.547842,0.769468,0.746597,0.737086,0.660078,0.618295,0.430378,0.729763,0.62356,0.754046,0.73814,0.634936,0.489885,1,0.614853,0.69065,0.643722,0.727734,0.792368,0.722587,0.480234,0.77567,0.747876,0.264481,0.506378,0.738823,0.469532,0.294154,0.52756,-0.0457882,0.412256,0.315965,0.565753,0.474686,0.361533,0.252606,0.586997,0.767897,0.524026,0.517178,0.476742,0.753126,0.546638,0.760733,0.693849,0.539398,0.821153,0.443836,0.534453,0.313897,0.614933,0.600517,0.641238,0.695833,0.557718,0.652435,0.607399,0.668422,0.267726,0.232724,0.524022,0.595887,0.679017,0.715112,0.574713,0.682273,0.801882,0.43604,0.567369,0.720499,0.465691,0.178337,0.313348,0.526704,0.757044,0.524946,0.579797,0.573023,0.589818,0.44415,0.758991,0.631225,0.613274,0.557707
0.7395,0.783034,0.700217,0.683378,0.598017,0.485735,0.485281,0.541576,0.440169,0.338634,0.471482,0.633586,0.607698,0.76463,0.614853,1,0.636478,0.461158,0.627904,0.660601,0.695885,0.380614,0.649233,0.680068,0.315414,0.59703,0.723286,0.555107,0.42469,0.448167,0.25217,0.452424,0.448049,0.460832,0.494206,0.42044,0.192877,0.712643,0.611455,0.642127,0.499944,0.468271,0.672365,0.812511,0.702057,0.455731,0.580841,0.703228,0.627188,0.417453,0.425671,0.46166,0.377313,0.485556,0.571874,0.7506,0.417803,0.798576,0.572987,-0.0531687,0.431719,0.456822,0.675354,0.651252,0.690686,0.330445,0.556814,0.6577,0.156413,0.477446,0.589431,0.169744,0.322793,0.223306,0.516886,0.648552,0.48143,0.457093,0.469398,0.559582,0.277737,0.649658,0.686189,0.526522,0.588054
0.813509,0.700174,0.853161,0.758881,0.733062,0.688613,0.631917,0.624435,0.465264,0.599438,0.701007,0.8334,0.908197,0.580537,0.69065,0.636478,1,0.668815,0.674906,0.826,0.86,0.669246,0.80607,0.849075,0.531093,0.725413,0.823656,0.580323,0.431565,0.495378,0.0444722,0.452491,0.638434,0.561719,0.678496,0.571966,0.512371,0.743339,0.845519,0.725284,0.688345,0.590354,0.819831,0.680707,0.853507,0.817131,0.714526,0.605862,0.624452,0.66988,0.223182,0.748735,0.690639,0.81569,0.825726,0.557343,0.501031,0.701021,0.918096,0.398647,0.272651,0.586442,0.623543,0.86974,0.862711,0.617422,0.526449,0.849942,0.356142,0.644456,0.777675,0.430688,0.44525,0.497419,0.578503,0.61169,0.55399,0.64026,0.307932,0.705894,0.707575,0.881672,0.761274,0.595787,0.694939
0.716936,0.52852,0.693805,0.602661,0.641413,0.608452,0.527449,0.366656,0.476153,0.592696,0.659632,0.449369,0.539219,0.460451,0.643722,0.461158,0.668815,1,0.59324,0.615694,0.765952,0.548761,0.55542,0.780869,0.580904,0.575186,0.791964,0.564465,0.16873,0.266676,-0.0508069,0.463808,0.537292,0.502994,0.415758,0.330418,0.337259,0.503955,0.669037,0.494417,0.472673,0.175076,0.709605,0.574724,0.749516,0.665759,0.659684,0.610583,0.550558,0.552914,0.495127,0.729361,0.654481,0.687739,0.662333,0.494227,0.634102,0.536061,0.718181,0.238853,0.224379,0.520838,0.521316,0.608761,0.630024,0.454044,0.674592,0.717113,0.394674,0.507723,0.751762,0.557789,0.450509,0.36055,0.556142,0.626471,0.482948,0.613162,0.145918,0.5241,0.503934,0.689675,0.503428,0.521444,0.457767
0.753572,0.600697,0.790977,0.655384,0.73549,0.718025,0.564235,0.480622,0.390699,0.548103,0.60067,0.62792,0.613323,0.538431,0.727734,0.627904,0.674906,0.59324,1,0.760554,0.802221,0.411005,0.736194,0.780347,0.434237,0.595532,0.746339,0.602613,0.507895,0.469922,-0.0167172,0.554096,0.47065,0.66244,0.456208,0.37827,0.388793,0.646522,0.749178,0.61124,0.632326,0.482906,0.844053,0.67843,0.828278,0.585841,0.669837,0.801941,0.432851,0.520705,0.39947,0.582068,0.450088,0.554471,0.642951,0.576432,0.590784,0.607749,0.657071,0.289847,0.366728,0.615035,0.699722,0.650552,0.761856,0.502156,0.634701,0.789167,0.311919,0.45127,0.764701,0.538177,0.25693,0.288014,0.618484,0.741096,0.584857,0.719388,0.424154,0.657132,0.536596,0.754394,0.693667,0.616884,0.574252
0.833331,0.572413,0.843238,0.821757,0.732932,0.698058,0.730566,0.652348,0.582759,0.578336,0.651868,0.842484,0.814486,0.531398,0.792368,0.660601,0.826,0.615694,0.760554,1,0.835246,0.647514,0.849306,0.85741,0.422621,0.706963,0.797474,0.461539,0.449837,0.543887,0.126567,0.59355,0.596974,0.663228,0.678487,0.565875,0.467192,0.698068,0.877083,0.743093,0.65575,0.5863,0.886831,0.662123,0.887668,0.843934,0.720146,0.718731,0.52575,0.581534,0.33399,0.647996,0.717547,0.796126,0.82685,0.570025,0.488415,0.729279,0.845302,0.456864,0.33302,0.563419,0.70537,0.849335,0.861474,0.578734,0.588681,0.87701,0.364057,0.645158,0.763989,0.457284,0.310977,0.46402,0.569902,0.726435,0.606605,0.643781,0.459232,0.736902,0.633889,0.841637,0.708563,0.529701,0.645209
0.875689,0.716572,0.892935,0.799253,0.848491,0.749126,0.698452,0.552107,0.565591,0.67006,0.724908,0.722591,0.772189,0.653107,0.722587,0.695885,0.86,0.765952,0.802221,0.835246,1,0.660713,0.855253,0.940513,0.541931,0.745769,0.900051,0.696932,0.476033,0.510699,0.150008,0.582627,0.676302,0.710367,0.559461,0.538728,0.489885,0.737105,0.852995,0.8197,0.71602,0.506588,0.888836,0.745922,0.923412,0.794238,0.783692,0.775217,0.681833,0.636699,0.372136,0.794839,0.729727,0.753659,0.799009,0.655712,0.594867,0.76941,0.839223,0.377539,0.433183,0.625946,0.722529,0.849965,0.906939,0.643957,0.686397,0.920544,0.473362,0.68709,0.866322,0.548834,0.505095,0.449368,0.676099,0.766752,0.704221,0.740439,0.314734,0.711781,0.704592,0.906935,0.810114,0.656686,0.678994
0.584774,0.455233,0.554594,0.708314,0.559364,0.579008,0.436747,0.377443,0.428326,0.382889,0.482353,0.552215,0.654447,0.467707,0.480234,0.380614,0.669246,0.548761,0.411005,0.647514,0.660713,1,0.540066,0.6232,0.384733,0.653702,0.629265,0.343655,0.262287,0.449047,-0.0560252,0.457049,0.422483,0.347498,0.426347,0.413248,0.328091,0.453386,0.690726,0.502276,0.556221,0.318087,0.665429,0.498812,0.624989,0.673193,0.546648,0.477218,0.43237,0.351057,0.184459,0.545496,0.582082,0.667206,0.607384,0.450329,0.388583,0.363219,0.671016,0.498083,0.316195,0.356702,0.434382,0.715028,0.639818,0.54424,0.331105,0.611927,0.264335,0.608461,0.517274,0.408275,0.279645,0.538622,0.492999,0.431984,0.450585,0.414597,0.0368706,0.393194,0.672035,0.618946,0.501724,0.385891,0.48007
0.827002,0.640014,0.882352,0.765275,0.832119,0.697037,0.744966,0.506821,0.62025,0.695789,0.7433,0.807797,0.726642,0.544326,0.77567,0.649233,0.80607,0.55542,0.736194,0.849306,0.855253,0.540066,1,0.842223,0.393018,0.641475,0.739067,0.629999,0.417033,0.487573,0.098824,0.470632,0.536875,0.742438,0.526236,0.619915,0.417977,0.720101,0.844743,0.75321,0.660686,0.529702,0.827155,0.603665,0.844523,0.817813,0.673587,0.733207,0.512802,0.631302,0.244371,0.716578,0.707806,0.640332,0.725838,0.578146,0.584033,0.74658,0.735048,0.465002,0.445252,0.623616,0.640713,0.805353,0.836654,0.701767,0.676245,0.885442,0.481978,0.61617,0.768886,0.558217,0.432695,0.365901,0.636198,0.738494,0.627788,0.699259,0.440466,0.646243,0.622816,0.866547,0.786596,0.604722,0.687846
0.927952,0.733619,0.932833,0.789034,0.828317,0.818056,0.737095,0.604714,0.551129,0.608201,0.703353,0.699389,0.734557,0.642837,0.747876,0.680068,0.849075,0.780869,0.780347,0.85741,0.940513,0.6232,0.842223,1,0.586695,0.794052,0.89906,0.70864,0.542188,0.515104,0.229456,0.664334,0.728265,0.726421,0.620578,0.620047,0.472084,0.77368,0.874111,0.766358,0.710437,0.490165,0.9219,0.719581,0.951918,0.841019,0.819952,0.79153,0.676552,0.656881,0.435701,0.787342,0.734845,0.75149,0.817482,0.669803,0.622037,0.751956,0.840535,0.328146,0.407009,0.679687,0.700034,0.892545,0.916084,0.60813,0.724685,0.960356,0.398119,0.721104,0.864634,0.530901,0.489891,0.419242,0.680571,0.750337,0.715322,0.759772,0.280466,0.719152,0.661233,0.901987,0.800122,0.619723,0.680286
0.576765,0.388822,0.552264,0.426907,0.334113,0.402328,0.214822,0.274524,0.14391,0.393477,0.359305,0.283544,0.37599,0.305022,0.264481,0.315414,0.531093,0.580904,0.434237,0.422621,0.541931,0.384733,0.393018,0.586695,1,0.453302,0.603968,0.442822,0.221204,0.0118162,0.0826842,0.313789,0.594682,0.519562,0.328823,0.582256,0.385734,0.431843,0.380131,0.380287,0.369852,0.222933,0.58723,0.491939,0.572397,0.517163,0.632311,0.277317,0.487072,0.315604,0.491409,0.610801,0.546373,0.573304,0.508034,0.301786,0.385236,0.337109,0.572065,0.237093,0.379299,0.203556,0.438285,0.463798,0.490301,0.354981,0.472589,0.52891,0.200846,0.428418,0.551646,0.516875,0.301783,0.272796,0.464174,0.458973,0.347576,0.645662,0.0886697,0.28654,0.341331,0.502276,0.481443,0.242099,0.499965
0.77517,0.649345,0.764116,0.661431,0.604308,0.631425,0.638839,0.581672,0.433263,0.413299,0.536581,0.56448,0.649056,0.554696,0.506378,0.59703,0.725413,0.575186,0.595532,0.706963,0.745769,0.653702,0.641475,0.794052,0.453302,1,0.6626,0.605846,0.456047,0.464527,0.00643798,0.609527,0.761192,0.426852,0.554908,0.489353,0.485486,0.594538,0.759456,0.672672,0.517009,0.401807,0.738292,0.648573,0.786971,0.723607,0.707197,0.570615,0.561504,0.454594,0.345422,0.62732,0.544525,0.612713,0.627084,0.554884,0.442522,0.505389,0.722971,0.194842,0.297524,0.622099,0.513005,0.715767,0.811872,0.579553,0.450461,0.76205,0.152575,0.661613,0.630032,0.387625,0.34713,0.491616,0.584399,0.601967,0.432169,0.468505,0.016368,0.570145,0.662326,0.76042,0.64938,0.430991,0.571143
0.864255,0.759943,0.844568,0.795109,0.735167,0.742246,0.577737,0.480963,0.483431,0.543061,0.654961,0.648983,0.71025,0.688219,0.738823,0.723286,0.823656,0.791964,0.746339,0.797474,0.900051,0.629265,0.739067,0.89906,0.603968,0.6626,1,0.658074,0.426003,0.427065,0.162588,0.60545,0.620475,0.643506,0.567217,0.537835,0.421784,0.727737,0.771761,0.709592,0.705996,0.492046,0.862545,0.802497,0.87622,0.700285,0.750885,0.706489,0.631615,0.507024,0.45649,0.76173,0.706273,0.73142,0.763654,0.718869,0.599798,0.731987,0.825939,0.244439,0.4098,0.582903,0.724294,0.829253,0.819002,0.494485,0.676666,0.852642,0.346088,0.632635,0.819974,0.494995,0.451185,0.372476,0.646239,0.740639,0.702642,0.752275,0.396339,0.695388,0.569731,0.823419,0.768982,0.612704,0.623713
0.69316,0.72967,0.716109,0.580749,0.538547,0.503159,0.558594,0.436372,0.290075,0.323074,0.515283,0.372758,0.378744,0.570747,0.469532,0.555107,0.580323,0.564465,0.602613,0.461539,0.696932,0.343655,0.629999,0.70864,0.442822,0.605846,0.658074,1,0.353012,0.22579,0.1476,0.475968,0.588293,0.568762,0.342597,0.322346,0.1432,0.575703,0.563038,0.52168,0.669559,0.354133,0.594709,0.645973,0.704137,0.526706,0.642812,0.576262,0.47076,0.3814,0.270909,0.560058,0.413067,0.299596,0.370046,0.609085,0.600304,0.587274,0.451175,0.0185735,0.516873,0.542349,0.555138,0.625036,0.640157,0.476164,0.612355,0.68608,0.203312,0.435288,0.620775,0.397698,0.377265,0.361459,0.558845,0.52427,0.587454,0.618389,0.15904,0.473821,0.394596,0.663641,0.66474,0.542487,0.532412
0.568997,0.494734,0.590513,0.411925,0.361362,0.449744,0.266263,0.573143,0.210311,0.14711,0.110301,0.376283,0.398582,0.392706,0.294154,0.42469,0.431565,0.16873,0.507895,0.449837,0.476033,0.262287,0.417033,0.542188,0.221204,0.456047,0.426003,0.353012,1,0.543935,0.422259,0.493682,0.501841,0.463278,0.440466,0.401035,0.248429,0.372572,0.471678,0.466559,0.498574,0.640262,0.566249,0.439142,0.557365,0.391815,0.395977,0.440475,0.314044,0.271466,0.0348336,0.322658,0.260724,0.244297,0.365679,0.404469,-0.00149161,0.400076,0.396859,0.163065,0.0309919,0.435291,0.55009,0.600331,0.60697,0.131256,0.225968,0.531915,-0.067012,0.488658,0.39343,-0.0319897,0.285839,0.148771,0.412188,0.254544,0.570961,0.420193,0.179813,0.47354,0.406708,0.476399,0.527538,0.110905,0.47313
0.510792,0.399843,0.534463,0.537359,0.541698,0.525615,0.417591,0.427498,0.457953,0.376146,0.354902,0.595085,0.569758,0.467876,0.52756,0.448167,0.495378,0.266676,0.469922,0.543887,0.510699,0.449047,0.487573,0.515104,0.0118162,0.464527,0.427065,0.22579,0.543935,1,0.0315623,0.478229,0.37249,0.414985,0.406791,0.336544,0.25023,0.377475,0.586223,0.522293,0.405142,0.592427,0.592498,0.401968,0.543239,0.482035,0.406223,0.536986,0.389834,0.374934,0.0902945,0.42165,0.395871,0.476768,0.611572,0.475947,0.216966,0.473489,0.512177,0.312788,-0.00609189,0.456143,0.463873,0.579242,0.584657,0.321639,0.249503,0.582145,0.259182,0.498342,0.492421,0.156976,0.0720118,0.184116,0.558623,0.432775,0.413093,0.201531,0.305717,0.436621,0.47754,0.54136,0.539071,0.25993,0.417598
0.152793,0.149263,0.119232,0.103108,0.0677578,0.0423242,0.136102,0.201642,0.0279978,-0.113164,-0.124232,0.078862,0.0596172,0.208502,-0.0457882,0.25217,0.0444722,-0.0508069,-0.0167172,0.126567,0.150008,-0.0560252,0.098824,0.229456,0.0826842,0.00643798,0.162588,0.1476,0.422259,0.0315623,1,0.243658,0.155997,0.243141,0.20908,0.172706,-0.0471256,0.228697,-0.0353874,0.242874,0.223325,0.303859,0.14677,0.198032,0.145643,0.023463,0.150772,0.200476,0.258583,0.0904981,0.0207333,-0.00664646,0.08474,0.064437,0.125348,0.208509,-0.00393662,0.425494,-0.00389229,-0.0634288,0.159519,-0.0660941,0.245484,0.272088,0.159979,-0.074455,0.136984,0.156526,-0.179195,0.148361,0.0850536,-0.189836,0.267168,0.0404295,-0.0705275,0.0831484,0.353972,0.198746,0.188337,0.262506,-0.10497,0.0710666,0.274268,-0.0427068,0.0583418
0.626728,0.486961,0.606519,0.572923,0.515942,0.718641,0.402808,0.421225,0.299418,0.274282,0.41282,0.356724,0.427352,0.575816,0.412256,0.452424,0.452491,0.463808,0.554096,0.59355,0.582627,0.457049,0.470632,0.664334,0.313789,0.609527,0.60545,0.475968,0.493682,0.478229,0.243658,1,0.563185,0.536255,0.529968,0.373515,0.211684,0.530511,0.625831,0.555759,0.634598,0.441597,0.67963,0.595419,0.676237,0.506687,0.622649,0.536749,0.515557,0.200652,0.430962,0.559599,0.502476,0.44736,0.567647,0.686521,0.386934,0.547844,0.529562,0.31467,0.306071,0.494904,0.606053,0.646668,0.600728,0.234203,0.457336,0.659889,0.108007,0.477854,0.582942,0.32116,0.288097,0.484363,0.620749,0.552739,0.548367,0.488389,0.0379665,0.43218,0.402801,0.568042,0.614598,0.364819,0.336194
0.750938,0.552389,0.734903,0.587263,0.438755,0.481127,0.512317,0.594124,0.313524,0.404365,0.406155,0.393996,0.495278,0.399805,0.315965,0.448049,0.638434,0.537292,0.47065,0.596974,0.676302,0.422483,0.536875,0.728265,0.594682,0.761192,0.620475,0.588293,0.501841,0.37249,0.155997,0.563185,1,0.605669,0.64004,0.661681,0.487192,0.556713,0.645411,0.695532,0.55242,0.461504,0.67321,0.559661,0.715344,0.713417,0.73316,0.361264,0.539057,0.455117,0.365583,0.67472,0.613204,0.537213,0.6094,0.435334,0.289975,0.49933,0.701873,0.178926,0.19096,0.547116,0.562476,0.661053,0.77067,0.425673,0.450709,0.716697,0.29819,0.734771,0.607785,0.360763,0.389993,0.38915,0.665711,0.490948,0.570578,0.496484,0.107307,0.489546,0.617591,0.718074,0.623433,0.244777,0.641831
0.716033,0.474311,0.782433,0.665043,0.692828,0.65172,0.560759,0.458988,0.423318,0.54436,0.464781,0.484253,0.401013,0.400428,0.565753,0.460832,0.561719,0.502994,0.66244,0.663228,0.710367,0.347498,0.742438,0.726421,0.519562,0.426852,0.643506,0.568762,0.463278,0.414985,0.243141,0.536255,0.605669,1,0.549852,0.660561,0.196764,0.61323,0.659785,0.585176,0.67122,0.497908,0.758681,0.508558,0.757107,0.646204,0.765533,0.631208,0.540056,0.53472,0.394107,0.650271,0.622993,0.508284,0.594625,0.49724,0.525042,0.657153,0.54269,0.352898,0.309157,0.497594,0.714915,0.670388,0.705166,0.430413,0.646284,0.780021,0.538304,0.647194,0.753928,0.614063,0.496341,0.278635,0.663711,0.624122,0.721431,0.713714,0.369926,0.466438,0.394159,0.715004,0.682966,0.450846,0.717539
0.659949,0.385594,0.644572,0.539156,0.424979,0.499845,0.499444,0.564654,0.311873,0.392216,0.424886,0.563431,0.609575,0.354412,0.474686,0.494206,0.678496,0.415758,0.456208,0.678487,0.559461,0.426347,0.526236,0.620578,0.328823,0.554908,0.567217,0.342597,0.440466,0.406791,0.20908,0.529968,0.64004,0.549852,1,0.586133,0.337135,0.550644,0.595141,0.539963,0.599873,0.558405,0.639661,0.443923,0.666529,0.571978,0.560674,0.466194,0.543126,0.457562,0.359815,0.563828,0.5232,0.655902,0.709674,0.390135,0.326464,0.568458,0.721803,0.210248,-0.073947,0.405181,0.549787,0.677434,0.665597,0.211475,0.334518,0.628433,0.194791,0.619808,0.60089,0.145451,0.321755,0.441282,0.478543,0.489505,0.44489,0.397606,0.330726,0.555739,0.553865,0.655301,0.565548,0.335036,0.505374
0.653497,0.351235,0.67346,0.540814,0.481561,0.544748,0.396131,0.403591,0.219474,0.477849,0.424707,0.435659,0.442575,0.262102,0.361533,0.42044,0.571966,0.330418,0.37827,0.565875,0.538728,0.413248,0.619915,0.620047,0.582256,0.489353,0.537835,0.322346,0.401035,0.336544,0.172706,0.373515,0.661681,0.660561,0.586133,1,0.477737,0.603035,0.546173,0.55519,0.435617,0.370293,0.626807,0.315258,0.594038,0.639492,0.587115,0.320427,0.461561,0.449063,0.29313,0.647855,0.635752,0.535883,0.593013,0.278969,0.259165,0.413873,0.619061,0.288406,0.19566,0.449005,0.501039,0.589973,0.652115,0.365215,0.411408,0.612777,0.407961,0.694036,0.527645,0.362937,0.355716,0.120287,0.600231,0.430649,0.431917,0.474061,0.234972,0.289642,0.501777,0.592471,0.51777,0.219816,0.639149
0.381256,0.10755,0.407563,0.201706,0.358647,0.37615,0.408862,0.255049,0.0891775,0.514998,0.438119,0.442992,0.550949,0.0461003,0.252606,0.192877,0.512371,0.337259,0.388793,0.467192,0.489885,0.328091,0.417977,0.472084,0.385734,0.485486,0.421784,0.1432,0.248429,0.25023,-0.0471256,0.211684,0.487192,0.196764,0.337135,0.477737,1,0.331631,0.410597,0.499303,0.0799375,0.300075,0.462737,0.173013,0.437844,0.541168,0.268006,0.173887,0.224999,0.400208,0.0176995,0.581203,0.582093,0.560952,0.530436,-0.0170131,0.0756449,0.225305,0.632785,0.407845,0.0231203,0.23956,0.219819,0.339293,0.459283,0.405994,0.140514,0.415586,0.224929,0.319745,0.391574,0.208549,0.122643,0.0789796,0.335701,0.406517,0.117034,0.343143,0.0715996,0.355297,0.619704,0.386436,0.316276,0.0957563,0.224348
0.712844,0.654279,0.752065,0.658515,0.703512,0.691568,0.569025,0.586291,0.313741,0.388629,0.58273,0.574359,0.625873,0.536779,0.586997,0.712643,0.743339,0.503955,0.646522,0.698068,0.737105,0.453386,0.720101,0.77368,0.431843,0.594538,0.727737,0.575703,0.372572,0.377475,0.228697,0.530511,0.556713,0.61323,0.550644,0.603035,0.331631,1,0.738811,0.63265,0.593298,0.517695,0.768472,0.61164,0.728862,0.666367,0.723517,0.627925,0.658317,0.610621,0.320748,0.59933,0.516359,0.553412,0.630929,0.555451,0.450383,0.752863,0.661451,0.188972,0.400295,0.535006,0.652904,0.76937,0.769267,0.518163,0.679799,0.75855,0.383993,0.585031,0.63868,0.398015,0.44356,0.307914,0.600427,0.571967,0.582046,0.587364,0.287991,0.606139,0.484241,0.729344,0.745404,0.689204,0.650225
0.862827,0.692996,0.890251,0.824883,0.830197,0.799228,0.716059,0.687656,0.612944,0.558445,0.711127,0.759393,0.776305,0.580956,0.767897,0.611455,0.845519,0.669037,0.749178,0.877083,0.852995,0.690726,0.844743,0.874111,0.380131,0.759456,0.771761,0.563038,0.471678,0.586223,-0.0353874,0.625831,0.645411,0.659785,0.595141,0.546173,0.410597,0.738811,1,0.696753,0.716724,0.483252,0.865865,0.636822,0.879012,0.87787,0.771326,0.725995,0.570906,0.70114,0.287153,0.695417,0.679273,0.700798,0.769322,0.608903,0.546641,0.639957,0.828939,0.467228,0.337587,0.717843,0.650555,0.852962,0.89521,0.696959,0.649861,0.909618,0.495887,0.727464,0.798209,0.529519,0.47784,0.504166,0.696823,0.638448,0.6594,0.608553,0.232937,0.636945,0.700496,0.888154,0.72261,0.63947,0.742423
0.738665,0.611086,0.75537,0.703288,0.663583,0.592988,0.618602,0.561737,0.461058,0.617156,0.639209,0.677594,0.715585,0.638379,0.524026,0.642127,0.725284,0.494417,0.61124,0.743093,0.8197,0.502276,0.75321,0.766358,0.380287,0.672672,0.709592,0.52168,0.466559,0.522293,0.242874,0.555759,0.695532,0.585176,0.539963,0.55519,0.499303,0.63265,0.696753,1,0.58764,0.565636,0.727861,0.699558,0.762836,0.697748,0.631746,0.571293,0.60418,0.477586,0.255975,0.730383,0.717936,0.607079,0.702918,0.626404,0.375344,0.748479,0.737919,0.406458,0.329717,0.574679,0.713674,0.740893,0.803511,0.539698,0.497497,0.771423,0.445605,0.650294,0.716338,0.361572,0.395487,0.437454,0.641955,0.701683,0.589051,0.538397,0.381744,0.636208,0.611146,0.816653,0.745189,0.38438,0.542683
0.699172,0.686127,0.745971,0.749462,0.617034,0.642058,0.484522,0.56744,0.362458,0.260667,0.440852,0.580846,0.570293,0.646035,0.517178,0.499944,0.688345,0.472673,0.632326,0.65575,0.71602,0.556221,0.660686,0.710437,0.369852,0.517009,0.705996,0.669559,0.498574,0.405142,0.223325,0.634598,0.55242,0.67122,0.599873,0.435617,0.0799375,0.593298,0.716724,0.58764,1,0.508448,0.705954,0.668531,0.745484,0.564948,0.718821,0.5834,0.500122,0.406217,0.303893,0.513155,0.439289,0.489151,0.552951,0.673202,0.505204,0.599854,0.599954,0.298226,0.463811,0.53759,0.59013,0.793897,0.734411,0.429298,0.464838,0.735929,0.318714,0.55101,0.683764,0.349716,0.485244,0.580709,0.544042,0.452554,0.697005,0.632798,0.304628,0.548943,0.470332,0.763763,0.697475,0.545684,0.611102
0.505566,0.400761,0.574874,0.560166,0.326054,0.357907,0.309464,0.536371,0.322401,0.279274,0.3603,0.609434,0.607922,0.366728,0.476742,0.468271,0.590354,0.175076,0.482906,0.5863,0.506588,0.318087,0.529702,0.490165,0.222933,0.401807,0.492046,0.354133,0.640262,0.592427,0.303859,0.441597,0.461504,0.497908,0.558405,0.370293,0.300075,0.517695,0.483252,0.565636,0.508448,1,0.588205,0.524928,0.554045,0.502097,0.37647,0.43942,0.409737,0.2798,0.02668,0.493512,0.474008,0.4668,0.529767,0.418047,0.135069,0.608364,0.522479,0.324381,-0.00131881,0.240456,0.633622,0.633868,0.617954,0.343646,0.263711,0.559577,0.0950106,0.524204,0.416638,0.0667937,0.154883,0.442692,0.461258,0.451997,0.500505,0.385245,0.458924,0.560132,0.428953,0.598561,0.69581,0.196481,0.514699
0.90235,0.676354,0.908764,0.808898,0.78835,0.818735,0.648194,0.591522,0.508552,0.599389,0.648058,0.716597,0.732429,0.597423,0.753126,0.672365,0.819831,0.709605,0.844053,0.886831,0.888836,0.665429,0.827155,0.9219,0.58723,0.738292,0.862545,0.594709,0.566249,0.592498,0.14677,0.67963,0.67321,0.758681,0.639661,0.626807,0.462737,0.768472,0.865865,0.727861,0.705954,0.588205,1,0.732831,0.938199,0.826206,0.818307,0.786816,0.563966,0.56088,0.422809,0.745601,0.703061,0.749975,0.838042,0.65066,0.561583,0.724551,0.844353,0.419781,0.379271,0.600547,0.725968,0.887276,0.887725,0.568825,0.69819,0.917929,0.35102,0.682351,0.827237,0.557394,0.352342,0.432471,0.721285,0.773813,0.687822,0.741281,0.378577,0.694711,0.653222,0.863757,0.807777,0.569405,0.692623
0.734725,0.851979,0.699163,0.755188,0.588688,0.58482,0.445734,0.500626,0.436115,0.36869,0.484489,0.595335,0.643469,0.877727,0.546638,0.812511,0.680707,0.574724,0.67843,0.662123,0.745922,0.498812,0.603665,0.719581,0.491939,0.648573,0.802497,0.645973,0.439142,0.401968,0.198032,0.595419,0.559661,0.508558,0.443923,0.315258,0.173013,0.61164,0.636822,0.699558,0.668531,0.524928,0.732831,1,0.732073,0.517313,0.679421,0.641958,0.585594,0.270827,0.484128,0.572087,0.485283,0.489287,0.60561,0.894346,0.465987,0.77487,0.640791,0.0902657,0.498252,0.486527,0.698495,0.704427,0.704946,0.422339,0.539084,0.707377,0.138037,0.512386,0.670527,0.375986,0.329309,0.458374,0.584726,0.673707,0.606099,0.555848,0.359681,0.617164,0.359785,0.737881,0.761282,0.47961,0.525033
0.929006,0.722724,0.95987,0.809834,0.789376,0.780237,0.696447,0.642383,0.504194,0.590773,0.683844,0.729728,0.724239,0.632314,0.760733,0.702057,0.853507,0.749516,0.828278,0.887668,0.923412,0.624989,0.844523,0.951918,0.572397,0.786971,0.87622,0.704137,0.557365,0.543239,0.145643,0.676237,0.715344,0.757107,0.666529,0.594038,0.437844,0.728862,0.879012,0.762836,0.745484,0.554045,0.938199,0.732073,1,0.823923,0.818428,0.787103,0.629841,0.607657,0.394123,0.774239,0.708372,0.75069,0.79149,0.661682,0.600879,0.731697,0.845153,0.354708,0.394944,0.677752,0.764942,0.879508,0.912043,0.546466,0.660298,0.941914,0.35048,0.67911,0.876619,0.519844,0.447496,0.504797,0.702028,0.757428,0.679994,0.78759,0.315748,0.660522,0.626978,0.88658,0.783155,0.592978,0.742168
0.830152,0.527962,0.841226,0.773414,0.700437,0.690386,0.707316,0.629327,0.577912,0.640369,0.737515,0.718534,0.728442,0.377332,0.693849,0.455731,0.817131,0.665759,0.585841,0.843934,0.794238,0.673193,0.817813,0.841019,0.517163,0.723607,0.700285,0.526706,0.391815,0.482035,0.023463,0.506687,0.713417,0.646204,0.571978,0.639492,0.541168,0.666367,0.87787,0.697748,0.564948,0.502097,0.826206,0.517313,0.823923,1,0.747073,0.579509,0.501757,0.653998,0.175913,0.769598,0.848053,0.733114,0.759046,0.42296,0.475702,0.588633,0.827194,0.556262,0.280052,0.548559,0.613138,0.820575,0.855205,0.692895,0.627801,0.879624,0.492407,0.74913,0.722431,0.561482,0.348999,0.479178,0.662852,0.632555,0.611506,0.588738,0.250243,0.571075,0.694725,0.833816,0.680772,0.412958,0.695753
0.814215,0.650379,0.82137,0.77189,0.708454,0.703603,0.603418,0.592131,0.377175,0.441983,0.523365,0.529346,0.551831,0.519536,0.539398,0.580841,0.714526,0.659684,0.669837,0.720146,0.783692,0.546648,0.673587,0.819952,0.632311,0.707197,0.750885,0.642812,0.395977,0.406223,0.150772,0.622649,0.73316,0.765533,0.560674,0.587115,0.268006,0.723517,0.771326,0.631746,0.718821,0.37647,0.818307,0.679421,0.818428,0.747073,1,0.612059,0.642902,0.574487,0.44944,0.629897,0.604806,0.631251,0.636941,0.574937,0.610652,0.62974,0.671719,0.279324,0.477746,0.567401,0.697016,0.761595,0.817162,0.481382,0.686069,0.831272,0.38102,0.653709,0.762042,0.63785,0.47813,0.406952,0.663891,0.62135,0.676726,0.657257,0.235624,0.5374,0.470982,0.769266,0.72297,0.47909,0.718618
0.746588,0.609729,0.758557,0.732702,0.792599,0.688097,0.584371,0.436102,0.637069,0.544562,0.659084,0.628363,0.579217,0.623279,0.821153,0.703228,0.605862,0.610583,0.801941,0.718731,0.775217,0.477218,0.733207,0.79153,0.277317,0.570615,0.706489,0.576262,0.440475,0.536986,0.200476,0.536749,0.361264,0.631208,0.466194,0.320427,0.173887,0.627925,0.725995,0.571293,0.5834,0.43942,0.786816,0.641958,0.787103,0.579509,0.612059,1,0.536355,0.572145,0.451383,0.548039,0.463316,0.571968,0.671979,0.680129,0.710586,0.701762,0.572435,0.231486,0.34497,0.545543,0.63006,0.692843,0.74344,0.523948,0.7159,0.806923,0.374646,0.565425,0.705606,0.498756,0.264316,0.326665,0.576596,0.777287,0.628937,0.570553,0.433518,0.587544,0.417419,0.751593,0.709049,0.652789,0.554954
0.609759,0.535897,0.59281,0.534191,0.562931,0.526317,0.517703,0.475456,0.407193,0.397118,0.466801,0.526475,0.599573,0.60508,0.443836,0.627188,0.624452,0.550558,0.432851,0.52575,0.681833,0.43237,0.512802,0.676552,0.487072,0.561504,0.631615,0.47076,0.314044,0.389834,0.258583,0.515557,0.539057,0.540056,0.543126,0.461561,0.224999,0.658317,0.570906,0.60418,0.500122,0.409737,0.563966,0.585594,0.629841,0.501757,0.642902,0.536355,1,0.559299,0.481016,0.617991,0.537771,0.648752,0.630556,0.547296,0.398656,0.684701,0.613553,0.158694,0.229186,0.364724,0.574614,0.607912,0.633609,0.396807,0.459311,0.636738,0.342878,0.584027,0.654638,0.279231,0.529158,0.381504,0.56132,0.479648,0.418135,0.412703,0.136624,0.494153,0.402949,0.664627,0.642645,0.450019,0.49409
0.577744,0.374717,0.634267,0.490189,0.675938,0.487989,0.58005,0.536786,0.423521,0.499346,0.56449,0.60801,0.620528,0.241298,0.534453,0.417453,0.66988,0.552914,0.520705,0.581534,0.636699,0.351057,0.631302,0.656881,0.315604,0.454594,0.507024,0.3814,0.271466,0.374934,0.0904981,0.200652,0.455117,0.53472,0.457562,0.449063,0.400208,0.610621,0.70114,0.477586,0.406217,0.2798,0.56088,0.270827,0.607657,0.653998,0.574487,0.572145,0.559299,1,0.15614,0.502876,0.486756,0.636193,0.60211,0.183167,0.526531,0.505915,0.607959,0.407701,0.0630002,0.482073,0.451081,0.54757,0.649941,0.582814,0.568438,0.672973,0.564865,0.510949,0.611729,0.42887,0.563309,0.171337,0.466705,0.409421,0.424956,0.427045,0.216677,0.527108,0.490734,0.64971,0.51503,0.503587,0.632986
0.412753,0.287818,0.348908,0.302788,0.320082,0.332443,0.229976,0.0579217,0.268641,0.243213,0.205569,0.177196,0.215773,0.42554,0.313897,0.425671,0.223182,0.495127,0.39947,0.33399,0.372136,0.184459,0.244371,0.435701,0.491409,0.345422,0.45649,0.270909,0.0348336,0.0902945,0.0207333,0.430962,0.365583,0.394107,0.359815,0.29313,0.0176995,0.320748,0.287153,0.255975,0.303893,0.02668,0.422809,0.484128,0.394123,0.175913,0.44944,0.451383,0.481016,0.15614,1,0.351337,0.206181,0.411414,0.465345,0.474071,0.455141,0.400018,0.335274,-0.0561412,0.2836,0.246271,0.266105,0.293837,0.295298,0.106008,0.368204,0.390061,0.234057,0.348748,0.426184,0.342408,0.156619,0.165754,0.366584,0.445379,0.187987,0.33582,0.209342,0.280868,0.149994,0.395044,0.318524,0.303814,0.226886
0.745964,0.504786,0.780573,0.642067,0.691725,0.72113,0.514895,0.374503,0.466201,0.795504,0.817153,0.560856,0.63071,0.499755,0.614933,0.46166,0.748735,0.729361,0.582068,0.647996,0.794839,0.545496,0.716578,0.787342,0.610801,0.62732,0.76173,0.560058,0.322658,0.42165,-0.00664646,0.559599,0.67472,0.650271,0.563828,0.647855,0.581203,0.59933,0.695417,0.730383,0.513155,0.493512,0.745601,0.572087,0.774239,0.769598,0.629897,0.548039,0.617991,0.502876,0.351337,1,0.895251,0.693084,0.742314,0.527784,0.530667,0.600621,0.798882,0.452597,0.196435,0.551673,0.641548,0.662797,0.725303,0.596097,0.597729,0.785172,0.506567,0.683018,0.807538,0.57373,0.432646,0.432542,0.747932,0.754288,0.520223,0.655585,0.175527,0.433462,0.648988,0.784136,0.706786,0.43688,0.532533
0.701048,0.387005,0.701367,0.674932,0.621637,0.627507,0.565018,0.412691,0.528113,0.76297,0.782764,0.600219,0.636493,0.377415,0.600517,0.377313,0.690639,0.654481,0.450088,0.717547,0.729727,0.582082,0.707806,0.734845,0.546373,0.544525,0.706273,0.413067,0.260724,0.395871,0.08474,0.502476,0.613204,0.622993,0.5232,0.635752,0.582093,0.516359,0.679273,0.717936,0.439289,0.474008,0.703061,0.485283,0.708372,0.848053,0.604806,0.463316,0.537771,0.486756,0.206181,0.895251,1,0.707329,0.722293,0.42041,0.445781,0.584962,0.770198,0.593892,0.203858,0.436506,0.616731,0.669522,0.684661,0.599698,0.576707,0.748108,0.492995,0.658679,0.710856,0.551231,0.368681,0.409968,0.651554,0.696875,0.532741,0.557617,0.244835,0.435457,0.595843,0.721227,0.644067,0.266858,0.467861
