1,0.756723,0.959674,0.911973,0.838698,0.820575,0.663697,0.795726,0.850374,0.710813,0.804284,0.658139,0.834218,0.745804,0.783652,0.580709,0.811249,0.822224,0.851225,0.880333,0.862368,0.682729,0.874075,0.907037,0.554744,0.733043,0.858973,0.731177,0.300179,0.651922,0.5282,0.344366,0.758578,0.872132,0.848176,0.662635,0.673379,0.662471,0.847998,0.846056,0.490365,0.759612,0.962156,0.717315,0.955047,0.905334,0.808819,0.820758,0.77028,0.677544,0.751627,0.788041,0.755468,0.698664,0.7868,0.708274,0.779925,0.586865,0.838615,0.0913072,0.80585,0.701261,0.854637,0.8519,0.86015,0.705956,0.853699,0.929985,0.671964,0.782803,0.879763,0.852865,0.523346,0.484707,0.742025,0.83202,0.892361,0.837829,0.534129,0.510894,0.493846,0.804541,0.825238,0.638281,0.658313
0.756723,1,0.657793,0.613138,0.585993,0.573222,0.486405,0.707564,0.641419,0.62072,0.59715,0.199727,0.544399,0.922514,0.684858,0.809478,0.582113,0.721825,0.508213,0.600744,0.624815,0.632545,0.669644,0.695706,0.319883,0.292488,0.617367,0.488372,0.263374,0.475908,0.142824,0.170506,0.559001,0.657891,0.592883,0.322877,0.409548,0.537856,0.648382,0.654301,0.469157,0.418231,0.736548,0.947334,0.621747,0.690216,0.561872,0.596761,0.515375,0.738139,0.604447,0.59979,0.594613,0.490891,0.617522,0.872595,0.573572,0.778531,0.669491,0.149269,0.649223,0.514411,0.644432,0.701584,0.73217,0.412467,0.460566,0.689637,0.59478,0.600757,0.559067,0.550587,0.38597,0.385003,0.688605,0.561113,0.648198,0.576805,0.466838,0.209976,0.389065,0.698749,0.51162,0.50712,0.471736
0.959674,0.657793,1,0.914504,0.880041,0.879643,0.664705,0.784006,0.84803,0.751989,0.831781,0.70559,0.878068,0.680646,0.808128,0.511787,0.856558,0.772358,0.878402,0.912585,0.890106,0.703964,0.911277,0.928021,0.590901,0.77818,0.889165,0.785578,0.292616,0.660378,0.61208,0.351799,0.786069,0.91,0.888891,0.687351,0.668937,0.684933,0.902898,0.885893,0.485799,0.762658,0.968067,0.653688,0.978242,0.870188,0.858699,0.88593,0.788424,0.649123,0.781662,0.834244,0.825151,0.770836,0.834561,0.671104,0.790866,0.569898,0.872937,0.148295,0.811432,0.808064,0.89011,0.887471,0.888057,0.775419,0.885682,0.947383,0.627295,0.750899,0.900617,0.841835,0.495733,0.471862,0.717765,0.893406,0.902046,0.806042,0.537879,0.480725,0.553378,0.856332,0.869825,0.659965,0.728374
0.911973,0.613138,0.914504,1,0.87164,0.829831,0.546039,0.764171,0.813127,0.703906,0.816847,0.68277,0.784615,0.605447,0.672461,0.433532,0.737195,0.743943,0.788215,0.799758,0.784825,0.576791,0.802124,0.83858,0.503091,0.72118,0.751532,0.685322,0.222268,0.582039,0.66745,0.357213,0.724774,0.822141,0.778542,0.599168,0.658884,0.51289,0.781036,0.733749,0.414707,0.687847,0.883981,0.587525,0.912188,0.800814,0.78642,0.790243,0.705264,0.680764,0.686544,0.745938,0.729776,0.711154,0.7629,0.597561,0.767405,0.477512,0.76507,0.197655,0.773875,0.655802,0.790137,0.799768,0.789986,0.66522,0.826567,0.856685,0.626232,0.63831,0.858522,0.809559,0.474992,0.427886,0.707069,0.773687,0.860179,0.803932,0.518982,0.513383,0.400953,0.728531,0.745623,0.596527,0.669895
0.838698,0.585993,0.880041,0.87164,1,0.873814,0.458078,0.739734,0.78129,0.577199,0.653816,0.60092,0.689574,0.560381,0.69513,0.358739,0.647036,0.658457,0.732035,0.747497,0.734236,0.560409,0.77237,0.797569,0.526894,0.671776,0.726698,0.732112,0.196377,0.542321,0.612688,0.251675,0.664872,0.841894,0.746908,0.621916,0.611931,0.507418,0.766772,0.787885,0.42922,0.548863,0.843402,0.577181,0.849358,0.786817,0.816922,0.807719,0.631536,0.684212,0.74892,0.626616,0.658885,0.715963,0.715992,0.587756,0.752287,0.453908,0.739181,0.125231,0.700608,0.745274,0.756787,0.750665,0.74097,0.63144,0.798971,0.810556,0.562386,0.569926,0.836134,0.739278,0.435434,0.326173,0.610301,0.7867,0.784816,0.779293,0.520482,0.542053,0.40038,0.679265,0.750762,0.593421,0.620627
0.820575,0.573222,0.879643,0.829831,0.873814,1,0.57979,0.695038,0.864863,0.683779,0.72598,0.644788,0.779029,0.59277,0.767347,0.400403,0.769542,0.759001,0.795525,0.80574,0.787587,0.572718,0.810483,0.878201,0.549862,0.680653,0.744734,0.80073,0.327655,0.638142,0.626006,0.368497,0.789087,0.87016,0.774525,0.584806,0.621561,0.487246,0.79296,0.791311,0.285882,0.625711,0.880421,0.601511,0.880683,0.810047,0.877504,0.839111,0.726989,0.715441,0.728352,0.73238,0.756386,0.827339,0.84986,0.617498,0.736688,0.530368,0.821098,0.230963,0.772457,0.706264,0.762491,0.788254,0.812398,0.711327,0.785701,0.851196,0.563824,0.653608,0.79666,0.765351,0.412728,0.419031,0.725089,0.824137,0.778127,0.724305,0.43772,0.459462,0.416643,0.769844,0.735653,0.663957,0.776044
0.663697,0.486405,0.664705,0.546039,0.458078,0.57979,1,0.559983,0.599089,0.589939,0.603091,0.512366,0.726102,0.591808,0.718065,0.469007,0.680586,0.674717,0.739409,0.756269,0.734489,0.612729,0.706882,0.712386,0.5595,0.575594,0.716687,0.539118,0.473698,0.482364,0.330901,0.344123,0.605454,0.612335,0.671496,0.397742,0.467273,0.432521,0.605109,0.622381,0.134643,0.549984,0.68949,0.505602,0.641331,0.594612,0.683048,0.697062,0.887416,0.393761,0.549413,0.65619,0.641219,0.600729,0.715548,0.584701,0.628237,0.498578,0.680193,0.175524,0.438243,0.519388,0.655652,0.743684,0.742552,0.657526,0.622617,0.709048,0.485719,0.647683,0.673698,0.696385,0.385186,0.39267,0.583239,0.578399,0.586169,0.44141,0.333122,0.222601,0.552404,0.681478,0.619909,0.535199,0.627657
0.795726,0.707564,0.784006,0.764171,0.739734,0.695038,0.559983,1,0.691172,0.588437,0.667282,0.443662,0.606425,0.694823,0.67675,0.607989,0.590579,0.764749,0.629565,0.773578,0.783716,0.732317,0.759564,0.796912,0.507573,0.634405,0.739217,0.548043,0.290717,0.468511,0.312359,0.278358,0.597265,0.774727,0.661802,0.550673,0.449419,0.57098,0.72211,0.638103,0.346551,0.523548,0.793801,0.711165,0.767424,0.673015,0.68188,0.680085,0.678782,0.613885,0.764089,0.597182,0.626884,0.509334,0.58781,0.757648,0.802039,0.60066,0.606888,0.379362,0.630985,0.657379,0.80309,0.8165,0.814918,0.646231,0.674944,0.800293,0.633831,0.570053,0.770006,0.708201,0.406271,0.346159,0.661464,0.669331,0.780072,0.636261,0.457109,0.371489,0.469525,0.712213,0.696609,0.457288,0.59638
0.850374,0.641419,0.84803,0.813127,0.78129,0.864863,0.599089,0.691172,1,0.642297,0.734331,0.577177,0.754663,0.660013,0.779859,0.445878,0.674493,0.833793,0.834299,0.802551,0.850374,0.598907,0.830897,0.884491,0.571347,0.586677,0.731743,0.668827,0.303717,0.70586,0.581493,0.366204,0.765491,0.817524,0.79125,0.531424,0.725142,0.406915,0.733529,0.722697,0.255794,0.711323,0.873618,0.642151,0.873427,0.820011,0.786774,0.78326,0.669773,0.726149,0.767307,0.719035,0.722768,0.754695,0.781447,0.653714,0.727061,0.500019,0.719846,0.16965,0.755996,0.658811,0.795373,0.788468,0.811176,0.58672,0.793526,0.868893,0.565435,0.720347,0.805856,0.819304,0.500495,0.399595,0.730017,0.770913,0.808192,0.721265,0.582323,0.495273,0.44684,0.758555,0.715354,0.681476,0.689094
0.710813,0.62072,0.751989,0.703906,0.577199,0.683779,0.589939,0.588437,0.642297,1,0.909416,0.457279,0.731191,0.713458,0.741071,0.640691,0.793404,0.640617,0.686944,0.744883,0.699765,0.640042,0.728587,0.762064,0.486577,0.583601,0.754057,0.596969,0.0632645,0.539124,0.384784,0.209003,0.688552,0.692646,0.661301,0.45464,0.350772,0.626898,0.773371,0.7231,0.395053,0.631957,0.726705,0.642168,0.724136,0.565963,0.686428,0.687343,0.695911,0.564125,0.577781,0.879852,0.872911,0.711634,0.816191,0.679514,0.750813,0.716448,0.809984,0.314968,0.644247,0.627114,0.750822,0.753322,0.763326,0.68636,0.636433,0.771468,0.486023,0.597342,0.620543,0.534166,0.303129,0.427102,0.785381,0.690521,0.681219,0.520246,0.42946,0.28348,0.523725,0.793623,0.705373,0.643249,0.740659
0.804284,0.59715,0.831781,0.816847,0.653816,0.72598,0.603091,0.667282,0.734331,0.909416,1,0.618448,0.82402,0.699573,0.731753,0.576816,0.8214,0.699628,0.763096,0.814474,0.76054,0.664148,0.797741,0.805484,0.523955,0.641496,0.774467,0.643419,0.182849,0.580683,0.493742,0.317109,0.757896,0.766998,0.769794,0.534594,0.476372,0.618125,0.793013,0.722457,0.406277,0.722208,0.821872,0.611861,0.837972,0.674358,0.749466,0.76488,0.716331,0.516459,0.637518,0.884143,0.889736,0.68858,0.797527,0.659296,0.805165,0.648886,0.788969,0.234329,0.738199,0.679627,0.799158,0.806908,0.790034,0.751535,0.747053,0.828796,0.543552,0.681557,0.710135,0.700032,0.50919,0.485874,0.725439,0.7289,0.80743,0.663936,0.512441,0.392387,0.438863,0.794384,0.759112,0.595405,0.711408
0.658139,0.199727,0.70559,0.68277,0.60092,0.644788,0.512366,0.443662,0.577177,0.457279,0.618448,1,0.835537,0.328552,0.382078,0.0711292,0.637853,0.465334,0.692354,0.690375,0.587503,0.29838,0.612373,0.675509,0.542871,0.728435,0.549125,0.623037,0.119975,0.545353,0.672514,0.441052,0.530131,0.59595,0.641346,0.446199,0.504035,0.335384,0.616619,0.54283,0.247646,0.698217,0.65635,0.216247,0.726006,0.579535,0.552308,0.582986,0.583029,0.319048,0.577861,0.571853,0.536844,0.585351,0.572284,0.292247,0.4968,0.0895948,0.521051,0.241411,0.547336,0.52238,0.580323,0.585569,0.560203,0.663468,0.724814,0.691315,0.281061,0.549841,0.627497,0.681842,0.222695,0.409933,0.422773,0.549168,0.583576,0.535559,0.139193,0.377393,0.0990649,0.444579,0.621574,0.424215,0.600898
0.834218,0.544399,0.878068,0.784615,0.689574,0.779029,0.726102,0.606425,0.754663,0.731191,0.82402,0.835537,1,0.674819,0.695573,0.445486,0.888647,0.708593,0.842176,0.855538,0.788635,0.561982,0.831988,0.857359,0.572787,0.712914,0.808185,0.742686,0.266586,0.649114,0.611224,0.378319,0.75171,0.806654,0.84062,0.477281,0.55711,0.584559,0.857576,0.792059,0.432707,0.785202,0.849402,0.557747,0.868704,0.755648,0.773005,0.789548,0.775486,0.534552,0.701866,0.791028,0.803445,0.77534,0.824002,0.615637,0.674833,0.496442,0.803921,0.246706,0.684674,0.713594,0.795967,0.824042,0.816387,0.798001,0.793283,0.887478,0.480364,0.7664,0.76479,0.802402,0.412416,0.469431,0.670273,0.791617,0.783826,0.630232,0.356953,0.312657,0.408663,0.798322,0.78562,0.576953,0.730394
0.745804,0.922514,0.680646,0.605447,0.560381,0.59277,0.591808,0.694823,0.660013,0.713458,0.699573,0.328552,0.674819,1,0.711047,0.86254,0.677301,0.76973,0.621224,0.680894,0.68721,0.692395,0.750632,0.751256,0.48303,0.390536,0.694886,0.5563,0.267623,0.507865,0.201765,0.244792,0.613401,0.686825,0.693914,0.297083,0.376617,0.605877,0.74053,0.672007,0.451621,0.505964,0.747175,0.947532,0.645346,0.651334,0.583831,0.637508,0.608449,0.704749,0.657877,0.67281,0.71121,0.564777,0.684918,0.93502,0.632254,0.828881,0.690963,0.205733,0.62207,0.561639,0.712944,0.771799,0.803967,0.545894,0.512123,0.760344,0.512956,0.687186,0.602281,0.599306,0.41911,0.457466,0.719082,0.572389,0.688957,0.483205,0.4712,0.214748,0.413922,0.776317,0.61833,0.52243,0.533893
0.783652,0.684858,0.808128,0.672461,0.69513,0.767347,0.718065,0.67675,0.779859,0.741071,0.731753,0.382078,0.695573,0.711047,1,0.668418,0.719582,0.811431,0.772414,0.815027,0.808714,0.767878,0.767674,0.819647,0.491759,0.577833,0.773184,0.678609,0.431147,0.623987,0.379254,0.334713,0.800738,0.84248,0.799018,0.432096,0.45809,0.594955,0.755725,0.82345,0.457538,0.619453,0.828042,0.669263,0.784409,0.723016,0.888406,0.832326,0.75504,0.556065,0.645283,0.784266,0.762079,0.718094,0.793028,0.729863,0.724317,0.706323,0.844542,0.0358559,0.642524,0.747734,0.821499,0.817672,0.845872,0.69975,0.714575,0.820056,0.64526,0.688437,0.763936,0.64474,0.43371,0.33006,0.700079,0.820794,0.772338,0.622183,0.578313,0.374378,0.638436,0.811963,0.724276,0.622358,0.621882
0.580709,0.809478,0.511787,0.433532,0.358739,0.400403,0.469007,0.607989,0.445878,0.640691,0.576816,0.0711292,0.445486,0.86254,0.668418,1,0.532016,0.651911,0.443063,0.567457,0.570411,0.773482,0.588098,0.548704,0.375626,0.260031,0.593537,0.387685,0.263908,0.287326,-0.0577667,0.149614,0.5742,0.579301,0.518863,0.171881,0.0859968,0.659671,0.64574,0.554774,0.397308,0.316969,0.577297,0.841815,0.466148,0.473592,0.467838,0.468156,0.492458,0.497288,0.415893,0.551401,0.590777,0.417029,0.525811,0.829058,0.523732,0.930522,0.585878,0.0342785,0.424791,0.43447,0.598903,0.660765,0.696367,0.459519,0.347873,0.576358,0.550206,0.593965,0.451843,0.382872,0.372629,0.393758,0.677585,0.483638,0.586737,0.322746,0.369065,0.0264777,0.488269,0.69905,0.504199,0.34664,0.369117
0.811249,0.582113,0.856558,0.737195,0.647036,0.769542,0.680586,0.590579,0.674493,0.793404,0.8214,0.637853,0.888647,0.677301,0.719582,0.532016,1,0.673,0.765454,0.77851,0.706848,0.588419,0.798837,0.806553,0.46094,0.691764,0.811273,0.651388,0.273885,0.60073,0.524163,0.244445,0.72802,0.770644,0.802975,0.529638,0.474952,0.702515,0.84781,0.801351,0.502326,0.664988,0.832167,0.61213,0.850731,0.759792,0.800319,0.804995,0.779857,0.515023,0.583597,0.797231,0.821108,0.724338,0.83144,0.605722,0.649884,0.617446,0.895078,0.204946,0.718046,0.66497,0.721399,0.763679,0.764821,0.805913,0.722562,0.829289,0.528919,0.694792,0.708756,0.709174,0.467314,0.49031,0.640348,0.816387,0.766,0.62591,0.375333,0.2492,0.490126,0.832029,0.761971,0.56906,0.749171
0.822224,0.721825,0.772358,0.743943,0.658457,0.759001,0.674717,0.764749,0.833793,0.640617,0.699628,0.465334,0.708593,0.76973,0.811431,0.651911,0.673,1,0.769135,0.771255,0.805467,0.68029,0.780389,0.855472,0.520711,0.638545,0.706047,0.65391,0.353762,0.583671,0.337414,0.481568,0.757433,0.811813,0.774471,0.445263,0.580963,0.429193,0.699681,0.639882,0.31001,0.64451,0.829946,0.717997,0.803227,0.775098,0.748528,0.745378,0.736561,0.674923,0.690408,0.682174,0.674437,0.641134,0.718902,0.778407,0.725908,0.620975,0.69571,0.222149,0.642249,0.527586,0.795094,0.783655,0.840164,0.657288,0.671902,0.848921,0.631999,0.730122,0.789144,0.741004,0.438628,0.327445,0.753342,0.723254,0.824324,0.626507,0.531154,0.460254,0.478048,0.759748,0.668722,0.507966,0.589437
0.851225,0.508213,0.878402,0.788215,0.732035,0.795525,0.739409,0.629565,0.834299,0.686944,0.763096,0.692354,0.842176,0.621224,0.772414,0.443063,0.765454,0.769135,1,0.885127,0.898528,0.61305,0.856317,0.881477,0.631324,0.783726,0.859029,0.775731,0.384518,0.704383,0.588188,0.350007,0.761633,0.783932,0.843365,0.590179,0.676964,0.589272,0.79985,0.773584,0.231726,0.788567,0.845465,0.553113,0.874329,0.743321,0.79048,0.820144,0.797488,0.573863,0.758625,0.81953,0.832061,0.840767,0.84631,0.638489,0.754793,0.477267,0.779231,0.128885,0.676997,0.699752,0.851309,0.836314,0.856059,0.71077,0.841617,0.894998,0.51216,0.742933,0.880182,0.840179,0.484988,0.545472,0.667585,0.777184,0.795844,0.639165,0.529029,0.510124,0.578538,0.80484,0.83037,0.610252,0.655164
0.880333,0.600744,0.912585,0.799758,0.747497,0.80574,0.756269,0.773578,0.802551,0.744883,0.814474,0.690375,0.855538,0.680894,0.815027,0.567457,0.77851,0.771255,0.885127,1,0.951699,0.806356,0.908573,0.910436,0.7129,0.778816,0.900561,0.801359,0.356131,0.631511,0.47212,0.358851,0.814193,0.863265,0.839247,0.624236,0.54376,0.671139,0.896549,0.845011,0.37115,0.777329,0.90988,0.620283,0.895512,0.745854,0.809147,0.812572,0.847842,0.547624,0.797681,0.810383,0.809134,0.742215,0.782893,0.701124,0.841231,0.613226,0.797983,0.131453,0.716788,0.800046,0.918588,0.941826,0.942762,0.828128,0.876633,0.927389,0.630263,0.823195,0.862412,0.846946,0.482607,0.508919,0.797537,0.832576,0.823521,0.657456,0.491481,0.435644,0.598333,0.866132,0.911704,0.654694,0.733546
0.862368,0.624815,0.890106,0.784825,0.734236,0.787587,0.734489,0.783716,0.850374,0.699765,0.76054,0.587503,0.788635,0.68721,0.808714,0.570411,0.706848,0.805467,0.898528,0.951699,1,0.81095,0.921761,0.905831,0.688202,0.730195,0.893927,0.767585,0.333469,0.640383,0.467193,0.324856,0.786751,0.84035,0.825681,0.657404,0.627848,0.608764,0.85566,0.801297,0.280856,0.754013,0.886862,0.654473,0.873486,0.735905,0.748905,0.799632,0.802917,0.603289,0.800645,0.790913,0.804772,0.729233,0.756282,0.722045,0.825051,0.601307,0.73412,0.16477,0.694831,0.751592,0.908103,0.920524,0.941219,0.739833,0.841311,0.901935,0.621545,0.812515,0.854933,0.845818,0.500823,0.511419,0.767387,0.818959,0.805268,0.660538,0.581825,0.460933,0.656046,0.868706,0.887855,0.617168,0.711024
0.682729,0.632545,0.703964,0.576791,0.560409,0.572718,0.612729,0.732317,0.598907,0.640042,0.664148,0.29838,0.561982,0.692395,0.767878,0.773482,0.588419,0.68029,0.61305,0.806356,0.81095,1,0.801294,0.684137,0.656964,0.48728,0.745915,0.535187,0.297732,0.333817,0.160853,0.198639,0.674909,0.747886,0.644275,0.461081,0.317701,0.666922,0.75206,0.699638,0.355577,0.518731,0.733128,0.682651,0.667113,0.594759,0.638335,0.678028,0.680554,0.435575,0.569075,0.653543,0.692102,0.515715,0.561606,0.717265,0.754099,0.781748,0.632125,0.0165246,0.509648,0.637746,0.74787,0.832072,0.836422,0.670231,0.623791,0.719775,0.596782,0.682846,0.664011,0.626071,0.494142,0.371041,0.713072,0.671341,0.694606,0.447075,0.432669,0.192638,0.614762,0.792666,0.749614,0.498915,0.549335
0.874075,0.669644,0.911277,0.802124,0.77237,0.810483,0.706882,0.759564,0.830897,0.728587,0.797741,0.612373,0.831988,0.750632,0.767674,0.588098,0.798837,0.780389,0.856317,0.908573,0.921761,0.801294,1,0.890483,0.7268,0.690927,0.892092,0.739969,0.283661,0.542813,0.491977,0.252612,0.766559,0.871447,0.854486,0.610909,0.647164,0.649304,0.897726,0.819645,0.370767,0.712843,0.909969,0.717627,0.89312,0.787169,0.761018,0.857347,0.784256,0.65006,0.771504,0.781708,0.85144,0.743614,0.783297,0.748373,0.818635,0.649206,0.789625,0.16804,0.714127,0.727786,0.847901,0.93539,0.915646,0.718733,0.83928,0.916333,0.61766,0.796998,0.844611,0.848084,0.604036,0.519889,0.76101,0.790154,0.835128,0.645894,0.53024,0.37726,0.577764,0.899699,0.850924,0.60696,0.72021
0.907037,0.695706,0.928021,0.83858,0.797569,0.878201,0.712386,0.796912,0.884491,0.762064,0.805484,0.675509,0.857359,0.751256,0.819647,0.548704,0.806553,0.855472,0.881477,0.910436,0.905831,0.684137,0.890483,1,0.597967,0.753138,0.828827,0.790784,0.368799,0.754167,0.531329,0.464054,0.807277,0.86449,0.858508,0.591968,0.601151,0.566513,0.863237,0.785143,0.34138,0.766929,0.941337,0.713673,0.928957,0.832054,0.812654,0.815508,0.79839,0.720942,0.853252,0.830051,0.829155,0.793355,0.864739,0.748098,0.779175,0.590026,0.823624,0.287783,0.780572,0.747451,0.912553,0.893584,0.93272,0.761866,0.832599,0.963378,0.603547,0.783878,0.857995,0.820618,0.410257,0.493219,0.79699,0.861046,0.850884,0.6942,0.515572,0.515316,0.524745,0.856555,0.818886,0.717783,0.727892
0.554744,0.319883,0.590901,0.503091,0.526894,0.549862,0.5595,0.507573,0.571347,0.486577,0.523955,0.542871,0.572787,0.48303,0.491759,0.375626,0.46094,0.520711,0.631324,0.7129,0.688202,0.656964,0.7268,0.597967,1,0.526722,0.610232,0.583151,0.0892997,0.299691,0.234781,0.26964,0.453176,0.594563,0.537902,0.399607,0.391622,0.41529,0.635235,0.531601,0.104913,0.548697,0.596825,0.449251,0.563907,0.458028,0.484384,0.524658,0.615397,0.369619,0.54264,0.486557,0.527131,0.483827,0.476198,0.549822,0.65105,0.427045,0.424477,0.0939152,0.447991,0.511147,0.614702,0.654183,0.678664,0.517958,0.600904,0.630122,0.232285,0.614002,0.55614,0.566132,0.318572,0.326654,0.580572,0.447081,0.526641,0.319611,0.379877,0.366926,0.379328,0.58803,0.73644,0.458276,0.531842
0.733043,0.292488,0.77818,0.72118,0.671776,0.680653,0.575594,0.634405,0.586677,0.583601,0.641496,0.728435,0.712914,0.390536,0.577833,0.260031,0.691764,0.638545,0.783726,0.778816,0.730195,0.48728,0.690927,0.753138,0.526722,1,0.740782,0.708291,0.178276,0.518627,0.561707,0.35994,0.595839,0.7022,0.703777,0.664298,0.556881,0.537206,0.713295,0.64669,0.310167,0.74173,0.729254,0.322052,0.812024,0.608219,0.68003,0.69192,0.720468,0.416848,0.619292,0.663203,0.62355,0.58042,0.617249,0.406292,0.677552,0.272577,0.661344,0.24632,0.572304,0.577728,0.726498,0.674037,0.680984,0.759659,0.770074,0.777273,0.421374,0.550845,0.803027,0.721488,0.310434,0.403688,0.513779,0.6942,0.709729,0.561127,0.371287,0.525931,0.477538,0.61297,0.77724,0.430289,0.621936
0.858973,0.617367,0.889165,0.751532,0.726698,0.744734,0.716687,0.739217,0.731743,0.754057,0.774467,0.549125,0.808185,0.694886,0.773184,0.593537,0.811273,0.706047,0.859029,0.900561,0.893927,0.745915,0.892092,0.828827,0.610232,0.740782,1,0.710496,0.280471,0.550452,0.457427,0.149896,0.724581,0.813321,0.821149,0.670306,0.553977,0.80603,0.891377,0.869636,0.413463,0.720843,0.844135,0.644441,0.857167,0.711256,0.758497,0.808847,0.793383,0.520381,0.748102,0.766025,0.808109,0.703086,0.766525,0.697405,0.817052,0.638073,0.824471,0.150819,0.66239,0.753576,0.844563,0.874167,0.870189,0.789477,0.800923,0.876062,0.562024,0.745821,0.836676,0.802294,0.538302,0.469657,0.71918,0.79391,0.811,0.662461,0.503969,0.352477,0.691581,0.893316,0.893085,0.545676,0.708409
0.731177,0.488372,0.785578,0.685322,0.732112,0.80073,0.539118,0.548043,0.668827,0.596969,0.643419,0.623037,0.742686,0.5563,0.678609,0.387685,0.651388,0.65391,0.775731,0.801359,0.767585,0.535187,0.739969,0.790784,0.583151,0.708291,0.710496,1,0.356444,0.570756,0.453607,0.375651,0.687984,0.790462,0.767082,0.575994,0.505647,0.503747,0.799494,0.764892,0.333974,0.69447,0.806272,0.532318,0.775892,0.646875,0.710525,0.707068,0.630659,0.542047,0.675266,0.702804,0.707297,0.691209,0.730885,0.58455,0.619234,0.476382,0.7388,0.0160115,0.64633,0.690174,0.784849,0.756135,0.788636,0.664058,0.745582,0.779953,0.423784,0.715761,0.719226,0.695792,0.374674,0.503685,0.643851,0.73537,0.704966,0.605658,0.442448,0.514458,0.482805,0.732182,0.790897,0.519348,0.576029
0.300179,0.263374,0.292616,0.222268,0.196377,0.327655,0.473698,0.290717,0.303717,0.0632645,0.182849,0.119975,0.266586,0.267623,0.431147,0.263908,0.273885,0.353762,0.384518,0.356131,0.333469,0.297732,0.283661,0.368799,0.0892997,0.178276,0.280471,0.356444,1,0.35959,0.164593,0.383051,0.377447,0.298145,0.348733,0.0632882,0.158741,0.216101,0.247924,0.286173,-0.0244486,0.215696,0.378344,0.305028,0.308721,0.344285,0.443007,0.336364,0.370966,0.144943,0.263196,0.264915,0.272361,0.302801,0.41996,0.311104,0.196243,0.304154,0.38645,-0.159753,0.280602,0.252076,0.308062,0.38696,0.39856,0.301073,0.241572,0.302443,0.278412,0.350837,0.362557,0.419357,0.355177,0.239593,0.243149,0.32123,0.355303,0.261132,0.196224,0.182964,0.355303,0.36967,0.202352,0.283721,0.0826824
0.651922,0.475908,0.660378,0.582039,0.542321,0.638142,0.482364,0.468511,0.70586,0.539124,0.580683,0.545353,0.649114,0.507865,0.623987,0.287326,0.60073,0.583671,0.704383,0.631511,0.640383,0.333817,0.542813,0.754167,0.299691,0.518627,0.550452,0.570756,0.35959,1,0.531443,0.419495,0.608818,0.538825,0.639532,0.464209,0.434872,0.359096,0.531963,0.529266,0.253931,0.572989,0.646397,0.465487,0.665032,0.560764,0.625822,0.508479,0.537556,0.40519,0.646315,0.592117,0.550362,0.642341,0.687684,0.530226,0.442852,0.339238,0.610411,0.200862,0.639742,0.551543,0.678668,0.540426,0.626219,0.577992,0.551259,0.636888,0.359157,0.56507,0.568958,0.531698,0.177038,0.330504,0.5061,0.667541,0.554152,0.558779,0.467085,0.5746,0.424807,0.546923,0.589691,0.562593,0.56231
0.5282,0.142824,0.61208,0.66745,0.612688,0.626006,0.330901,0.312359,0.581493,0.384784,0.493742,0.672514,0.611224,0.201765,0.379254,-0.0577667,0.524163,0.337414,0.588188,0.47212,0.467193,0.160853,0.491977,0.531329,0.234781,0.561707,0.457427,0.453607,0.164593,0.531443,1,0.245659,0.475595,0.499545,0.560503,0.407959,0.60793,0.247956,0.450362,0.525693,0.286399,0.546246,0.525678,0.148051,0.62391,0.526578,0.583131,0.563369,0.417986,0.409675,0.392203,0.500511,0.467981,0.543199,0.519395,0.134119,0.363171,0.000142655,0.525465,0.200837,0.559834,0.440955,0.379701,0.426824,0.395536,0.466038,0.62651,0.532465,0.266463,0.270327,0.59352,0.574575,0.259546,0.264026,0.263181,0.493978,0.443204,0.481793,0.216802,0.312729,0.168904,0.346808,0.421529,0.484616,0.574358
0.344366,0.170506,0.351799,0.357213,0.251675,0.368497,0.344123,0.278358,0.366204,0.209003,0.317109,0.441052,0.378319,0.244792,0.334713,0.149614,0.244445,0.481568,0.350007,0.358851,0.324856,0.198639,0.252612,0.464054,0.26964,0.35994,0.149896,0.375651,0.383051,0.419495,0.245659,1,0.388723,0.293307,0.352123,0.162192,0.258778,0.0258261,0.220794,0.115339,0.00440935,0.358793,0.412836,0.188049,0.391087,0.390145,0.325974,0.298306,0.374978,0.239096,0.32465,0.369305,0.196671,0.175523,0.323713,0.272586,0.183858,0.117393,0.211924,0.157323,0.407778,0.23473,0.40063,0.269193,0.370247,0.365799,0.22004,0.366306,0.10695,0.323358,0.337442,0.289903,-0.120141,0.0309448,0.267418,0.303535,0.385518,0.323542,0.255385,0.434055,0.00766787,0.203716,0.214024,0.404959,0.193974
0.758578,0.559001,0.786069,0.724774,0.664872,0.789087,0.605454,0.597265,0.765491,0.688552,0.757896,0.530131,0.75171,0.613401,0.800738,0.5742,0.72802,0.757433,0.761633,0.814193,0.786751,0.674909,0.766559,0.807277,0.453176,0.595839,0.724581,0.687984,0.377447,0.608818,0.475595,0.388723,1,0.821186,0.81013,0.459535,0.404956,0.492865,0.758637,0.748618,0.381124,0.591563,0.803287,0.557522,0.787499,0.747169,0.819694,0.732768,0.684418,0.52991,0.62968,0.709027,0.754901,0.745963,0.758344,0.603732,0.685169,0.644978,0.793733,0.0460319,0.617264,0.658689,0.742406,0.79803,0.827698,0.752122,0.716916,0.785154,0.747925,0.794498,0.699092,0.672604,0.474864,0.426046,0.746096,0.830959,0.76336,0.619332,0.409673,0.349408,0.452133,0.799742,0.700047,0.558043,0.637498
0.872132,0.657891,0.91,0.822141,0.841894,0.87016,0.612335,0.774727,0.817524,0.692646,0.766998,0.59595,0.806654,0.686825,0.84248,0.579301,0.770644,0.811813,0.783932,0.863265,0.84035,0.747886,0.871447,0.86449,0.594563,0.7022,0.813321,0.790462,0.298145,0.538825,0.499545,0.293307,0.821186,1,0.856506,0.538349,0.540805,0.614508,0.890475,0.862212,0.495574,0.688636,0.910802,0.652163,0.898266,0.828778,0.865601,0.834558,0.699108,0.631274,0.7114,0.713236,0.767941,0.73404,0.759204,0.686188,0.782196,0.633032,0.827069,0.0752127,0.706198,0.758006,0.842619,0.874524,0.87829,0.76224,0.834272,0.90723,0.65451,0.784755,0.834925,0.778854,0.537451,0.387061,0.736573,0.86574,0.876257,0.715025,0.469031,0.403489,0.488714,0.837068,0.820264,0.513076,0.650943
0.848176,0.592883,0.888891,0.778542,0.746908,0.774525,0.671496,0.661802,0.79125,0.661301,0.769794,0.641346,0.84062,0.693914,0.799018,0.518863,0.802975,0.774471,0.843365,0.839247,0.825681,0.644275,0.854486,0.858508,0.537902,0.703777,0.821149,0.767082,0.348733,0.639532,0.560503,0.352123,0.81013,0.856506,1,0.561948,0.573588,0.594962,0.839741,0.820268,0.533044,0.698607,0.883334,0.622823,0.872741,0.751618,0.788352,0.848258,0.705496,0.538539,0.754055,0.739567,0.787583,0.690515,0.76102,0.681496,0.675693,0.547751,0.819036,0.0273817,0.672657,0.775013,0.837625,0.845286,0.843557,0.762591,0.811717,0.877092,0.614144,0.76401,0.826313,0.775835,0.588373,0.532502,0.607785,0.80951,0.876232,0.703229,0.564497,0.44356,0.530095,0.827887,0.810697,0.517465,0.6043
0.662635,0.322877,0.687351,0.599168,0.621916,0.584806,0.397742,0.550673,0.531424,0.45464,0.534594,0.446199,0.477281,0.297083,0.432096,0.171881,0.529638,0.445263,0.590179,0.624236,0.657404,0.461081,0.610909,0.591968,0.399607,0.664298,0.670306,0.575994,0.0632882,0.464209,0.407959,0.162192,0.459535,0.538349,0.561948,1,0.598972,0.466358,0.549812,0.58656,0.249425,0.521475,0.660297,0.328718,0.691172,0.578807,0.491957,0.533301,0.59241,0.292166,0.510552,0.551027,0.514792,0.36232,0.432306,0.326097,0.590134,0.23328,0.497186,0.121462,0.576057,0.45551,0.592091,0.502495,0.51738,0.547025,0.624587,0.565547,0.449996,0.461292,0.610904,0.60564,0.315645,0.323089,0.392449,0.580572,0.563837,0.666319,0.406851,0.53333,0.460909,0.487764,0.686399,0.432142,0.56852
0.673379,0.409548,0.668937,0.658884,0.611931,0.621561,0.467273,0.449419,0.725142,0.350772,0.476372,0.504035,0.55711,0.376617,0.45809,0.0859968,0.474952,0.580963,0.676964,0.54376,0.627848,0.317701,0.647164,0.601151,0.391622,0.556881,0.553977,0.505647,0.158741,0.434872,0.60793,0.258778,0.404956,0.540805,0.573588,0.598972,1,0.218315,0.431968,0.528526,0.148781,0.622472,0.665834,0.370464,0.70471,0.647326,0.541586,0.677494,0.515768,0.541523,0.467785,0.555781,0.476172,0.485809,0.509032,0.357448,0.465003,0.113698,0.497737,0.16288,0.649452,0.3846,0.504253,0.525827,0.511854,0.323917,0.608764,0.614379,0.330264,0.387446,0.686361,0.735019,0.382062,0.302945,0.355533,0.471896,0.576609,0.597679,0.487383,0.408222,0.347737,0.473745,0.480575,0.4548,0.555926
0.662471,0.537856,0.684933,0.51289,0.507418,0.487246,0.432521,0.57098,0.406915,0.626898,0.618125,0.335384,0.584559,0.605877,0.594955,0.659671,0.702515,0.429193,0.589272,0.671139,0.608764,0.666922,0.649304,0.566513,0.41529,0.537206,0.80603,0.503747,0.216101,0.359096,0.247956,0.0258261,0.492865,0.614508,0.594962,0.466358,0.218315,1,0.776699,0.737185,0.4918,0.50939,0.621128,0.584068,0.626181,0.540265,0.565192,0.592621,0.549145,0.338003,0.486575,0.613936,0.642976,0.467204,0.560891,0.585251,0.577787,0.669272,0.681249,-0.0144686,0.572139,0.663605,0.624489,0.642224,0.640526,0.612197,0.542166,0.643575,0.366397,0.528657,0.577667,0.481377,0.445488,0.414601,0.498448,0.605991,0.622341,0.466127,0.33839,0.169476,0.558586,0.718152,0.706808,0.354773,0.439452
0.847998,0.648382,0.902898,0.781036,0.766772,0.79296,0.605109,0.72211,0.733529,0.773371,0.793013,0.616619,0.857576,0.74053,0.755725,0.64574,0.84781,0.699681,0.79985,0.896549,0.85566,0.75206,0.897726,0.863237,0.635235,0.713295,0.891377,0.799494,0.247924,0.531963,0.450362,0.220794,0.758637,0.890475,0.839741,0.549812,0.431968,0.776699,1,0.875532,0.511397,0.710724,0.880838,0.69844,0.865148,0.735484,0.753368,0.780135,0.725596,0.621267,0.737125,0.768154,0.837871,0.742479,0.785182,0.719471,0.759506,0.698496,0.82827,0.122977,0.688161,0.799606,0.869805,0.900984,0.897682,0.777415,0.816889,0.910248,0.56832,0.805853,0.794151,0.760329,0.496586,0.521754,0.771362,0.852203,0.828874,0.621022,0.454794,0.325318,0.561047,0.910128,0.89411,0.56992,0.670072
0.846056,0.654301,0.885893,0.733749,0.787885,0.791311,0.622381,0.638103,0.722697,0.7231,0.722457,0.54283,0.792059,0.672007,0.82345,0.554774,0.801351,0.639882,0.773584,0.845011,0.801297,0.699638,0.819645,0.785143,0.531601,0.64669,0.869636,0.764892,0.286173,0.529266,0.525693,0.115339,0.748618,0.862212,0.820268,0.58656,0.528526,0.737185,0.875532,1,0.614076,0.690402,0.85434,0.643791,0.832698,0.783208,0.82716,0.824665,0.701723,0.566037,0.658331,0.772235,0.77396,0.7138,0.761949,0.63523,0.73643,0.627691,0.888861,-0.0212112,0.690463,0.803581,0.761983,0.826138,0.812447,0.71672,0.793413,0.834961,0.606838,0.728727,0.760364,0.720925,0.471653,0.425714,0.675129,0.830734,0.75919,0.723409,0.432966,0.315569,0.579069,0.829235,0.834945,0.612142,0.670849
0.490365,0.469157,0.485799,0.414707,0.42922,0.285882,0.134643,0.346551,0.255794,0.395053,0.406277,0.247646,0.432707,0.451621,0.457538,0.397308,0.502326,0.31001,0.231726,0.37115,0.280856,0.355577,0.370767,0.34138,0.104913,0.310167,0.413463,0.333974,-0.0244486,0.253931,0.286399,0.00440935,0.381124,0.495574,0.533044,0.249425,0.148781,0.4918,0.511397,0.614076,1,0.359432,0.448922,0.38727,0.437375,0.399362,0.43283,0.405387,0.247544,0.234241,0.252629,0.34312,0.302473,0.156848,0.214196,0.376993,0.279473,0.344321,0.514207,-0.124394,0.384751,0.493261,0.384954,0.395567,0.357652,0.421218,0.393297,0.420102,0.478692,0.366775,0.353636,0.237771,0.203342,0.129799,0.243949,0.474776,0.444632,0.431866,0.223008,0.128452,0.223261,0.391104,0.440047,0.232019,0.260453
0.759612,0.418231,0.762658,0.687847,0.548863,0.625711,0.549984,0.523548,0.711323,0.631957,0.722208,0.698217,0.785202,0.505964,0.619453,0.316969,0.664988,0.64451,0.788567,0.777329,0.754013,0.518731,0.712843,0.766929,0.548697,0.74173,0.720843,0.69447,0.215696,0.572989,0.546246,0.358793,0.591563,0.688636,0.698607,0.521475,0.622472,0.50939,0.710724,0.690402,0.359432,1,0.754859,0.416936,0.811871,0.665513,0.617158,0.64622,0.628897,0.47802,0.589587,0.764445,0.685536,0.586691,0.642098,0.443311,0.641352,0.303771,0.650992,0.139178,0.644922,0.580205,0.741881,0.69425,0.710466,0.603216,0.741233,0.808395,0.345225,0.648318,0.715901,0.7712,0.343829,0.406206,0.618857,0.668776,0.701081,0.556199,0.394297,0.455538,0.397211,0.66553,0.741936,0.561829,0.578869
0.962156,0.736548,0.968067,0.883981,0.843402,0.880421,0.68949,0.793801,0.873618,0.726705,0.821872,0.65635,0.849402,0.747175,0.828042,0.577297,0.832167,0.829946,0.845465,0.90988,0.886862,0.733128,0.909969,0.941337,0.596825,0.729254,0.844135,0.806272,0.378344,0.646397,0.525678,0.412836,0.803287,0.910802,0.883334,0.660297,0.665834,0.621128,0.880838,0.85434,0.448922,0.754859,1,0.730857,0.968144,0.898813,0.84838,0.870476,0.791208,0.690921,0.775564,0.820826,0.804563,0.726586,0.826972,0.716604,0.773848,0.625486,0.866359,0.101874,0.821612,0.755132,0.88448,0.896763,0.904625,0.745436,0.863886,0.947563,0.653338,0.797117,0.877556,0.867606,0.537676,0.504512,0.758193,0.869525,0.9071,0.798112,0.553599,0.477932,0.512091,0.854164,0.836551,0.687604,0.708385
0.717315,0.947334,0.653688,0.587525,0.577181,0.601511,0.505602,0.711165,0.642151,0.642168,0.611861,0.216247,0.557747,0.947532,0.669263,0.841815,0.61213,0.717997,0.553113,0.620283,0.654473,0.682651,0.717627,0.713673,0.449251,0.322052,0.644441,0.532318,0.305028,0.465487,0.148051,0.188049,0.557522,0.652163,0.622823,0.328718,0.370464,0.584068,0.69844,0.643791,0.38727,0.416936,0.730857,1,0.616248,0.655001,0.554027,0.624734,0.541397,0.756674,0.644507,0.628657,0.671291,0.542334,0.666875,0.931106,0.592027,0.836967,0.662982,0.209601,0.625611,0.549284,0.664985,0.726206,0.776661,0.430755,0.433304,0.70018,0.502714,0.593109,0.551037,0.550988,0.411533,0.464252,0.68313,0.534936,0.671162,0.502179,0.470291,0.185162,0.433124,0.760449,0.558925,0.532765,0.503594
0.955047,0.621747,0.978242,0.912188,0.849358,0.880683,0.641331,0.767424,0.873427,0.724136,0.837972,0.726006,0.868704,0.645346,0.784409,0.466148,0.850731,0.803227,0.874329,0.895512,0.873486,0.667113,0.89312,0.928957,0.563907,0.812024,0.857167,0.775892,0.308721,0.665032,0.62391,0.391087,0.787499,0.898266,0.872741,0.691172,0.70471,0.626181,0.865148,0.832698,0.437375,0.811871,0.968144,0.616248,1,0.886913,0.852121,0.877043,0.766518,0.63714,0.76204,0.824076,0.80377,0.74351,0.817828,0.620168,0.779086,0.519639,0.852698,0.156618,0.821421,0.744108,0.865405,0.853066,0.858519,0.772658,0.885369,0.94394,0.606131,0.750202,0.891931,0.875159,0.52972,0.469836,0.708641,0.877509,0.918556,0.813057,0.532044,0.509314,0.507622,0.829654,0.844696,0.644506,0.723406
0.905334,0.690216,0.870188,0.800814,0.786817,0.810047,0.594612,0.673015,0.820011,0.565963,0.674358,0.579535,0.755648,0.651334,0.723016,0.473592,0.759792,0.775098,0.743321,0.745854,0.735905,0.594759,0.787169,0.832054,0.458028,0.608219,0.711256,0.646875,0.344285,0.560764,0.526578,0.390145,0.747169,0.828778,0.751618,0.578807,0.647326,0.540265,0.735484,0.783208,0.399362,0.665513,0.898813,0.655001,0.886913,1,0.796047,0.784698,0.681866,0.695338,0.659718,0.701036,0.670943,0.650255,0.734084,0.571851,0.672581,0.508072,0.773244,0.0489461,0.756262,0.609386,0.680646,0.711519,0.745817,0.603977,0.745228,0.84198,0.594483,0.728405,0.753498,0.773027,0.482625,0.334227,0.6246,0.793479,0.80229,0.795737,0.398673,0.438911,0.310169,0.714168,0.671533,0.639656,0.554454
0.808819,0.561872,0.858699,0.78642,0.816922,0.877504,0.683048,0.68188,0.786774,0.686428,0.749466,0.552308,0.773005,0.583831,0.888406,0.467838,0.800319,0.748528,0.79048,0.809147,0.748905,0.638335,0.761018,0.812654,0.484384,0.68003,0.758497,0.710525,0.443007,0.625822,0.583131,0.325974,0.819694,0.865601,0.788352,0.491957,0.541586,0.565192,0.753368,0.82716,0.43283,0.617158,0.84838,0.554027,0.852121,0.796047,1,0.876729,0.795001,0.56924,0.638837,0.740266,0.742922,0.787795,0.834372,0.604522,0.740914,0.583405,0.877765,0.112699,0.708762,0.761173,0.764669,0.78639,0.791337,0.747059,0.76982,0.821803,0.625844,0.629029,0.810606,0.722005,0.466173,0.316839,0.643912,0.85379,0.792761,0.685426,0.488591,0.406111,0.528079,0.776609,0.725435,0.630237,0.69989
0.820758,0.596761,0.88593,0.790243,0.807719,0.839111,0.697062,0.680085,0.78326,0.687343,0.76488,0.582986,0.789548,0.637508,0.832326,0.468156,0.804995,0.745378,0.820144,0.812572,0.799632,0.678028,0.857347,0.815508,0.524658,0.69192,0.808847,0.707068,0.336364,0.508479,0.563369,0.298306,0.732768,0.834558,0.848258,0.533301,0.677494,0.592621,0.780135,0.824665,0.405387,0.64622,0.870476,0.624734,0.877043,0.784698,0.876729,1,0.766758,0.617448,0.717745,0.809729,0.81523,0.75278,0.818369,0.648315,0.746207,0.559461,0.840328,0.141244,0.708104,0.803184,0.772305,0.833589,0.816698,0.701746,0.77028,0.850094,0.542198,0.597514,0.828616,0.779576,0.561877,0.42305,0.573435,0.772518,0.841528,0.709583,0.564884,0.324303,0.515529,0.82356,0.737159,0.582988,0.699243
0.77028,0.515375,0.788424,0.705264,0.631536,0.726989,0.887416,0.678782,0.669773,0.695911,0.716331,0.583029,0.775486,0.608449,0.75504,0.492458,0.779857,0.736561,0.797488,0.847842,0.802917,0.680554,0.784256,0.79839,0.615397,0.720468,0.793383,0.630659,0.370966,0.537556,0.417986,0.374978,0.684418,0.699108,0.705496,0.59241,0.515768,0.549145,0.725596,0.701723,0.247544,0.628897,0.791208,0.541397,0.766518,0.681866,0.795001,0.766758,1,0.497666,0.607483,0.744367,0.726512,0.675791,0.76611,0.618409,0.757064,0.545738,0.736676,0.261145,0.596486,0.604243,0.767606,0.803048,0.803373,0.742646,0.723955,0.797242,0.588933,0.655087,0.779743,0.749854,0.346579,0.37314,0.686409,0.719684,0.679773,0.545273,0.412823,0.355597,0.545773,0.741522,0.739847,0.637157,0.753493
0.677544,0.738139,0.649123,0.680764,0.684212,0.715441,0.393761,0.613885,0.726149,0.564125,0.516459,0.319048,0.534552,0.704749,0.556065,0.497288,0.515023,0.674923,0.573863,0.547624,0.603289,0.435575,0.65006,0.720942,0.369619,0.416848,0.520381,0.542047,0.144943,0.40519,0.409675,0.239096,0.52991,0.631274,0.538539,0.292166,0.541523,0.338003,0.621267,0.566037,0.234241,0.47802,0.690921,0.756674,0.63714,0.695338,0.56924,0.617448,0.497666,1,0.651009,0.608356,0.609293,0.655336,0.675192,0.677729,0.58386,0.530042,0.600601,0.310697,0.60081,0.523267,0.593276,0.637675,0.673983,0.292874,0.5102,0.719484,0.463441,0.439896,0.633606,0.587329,0.292661,0.432675,0.642982,0.556189,0.573417,0.456722,0.37777,0.297099,0.261145,0.623634,0.459032,0.68205,0.492716
0.751627,0.604447,0.781662,0.686544,0.74892,0.728352,0.549413,0.764089,0.767307,0.577781,0.637518,0.577861,0.701866,0.657877,0.645283,0.415893,0.583597,0.690408,0.758625,0.797681,0.800645,0.569075,0.771504,0.853252,0.54264,0.619292,0.748102,0.675266,0.263196,0.646315,0.392203,0.32465,0.62968,0.7114,0.754055,0.510552,0.467785,0.486575,0.737125,0.658331,0.252629,0.589587,0.775564,0.644507,0.76204,0.659718,0.638837,0.717745,0.607483,0.651009,1,0.649032,0.688124,0.67909,0.696509,0.716067,0.755331,0.454513,0.606396,0.287065,0.580842,0.797254,0.836534,0.787781,0.812872,0.630484,0.714511,0.84155,0.442927,0.62777,0.76482,0.714612,0.366569,0.420133,0.610953,0.681044,0.741996,0.6095,0.468827,0.480826,0.401439,0.7264,0.742977,0.604688,0.520582
0.788041,0.59979,0.834244,0.745938,0.626616,0.73238,0.65619,0.597182,0.719035,0.879852,0.884143,0.571853,0.791028,0.67281,0.784266,0.551401,0.797231,0.682174,0.81953,0.810383,0.790913,0.653543,0.781708,0.830051,0.486557,0.663203,0.766025,0.702804,0.264915,0.592117,0.500511,0.369305,0.709027,0.713236,0.739567,0.551027,0.555781,0.613936,0.768154,0.772235,0.34312,0.764445,0.820826,0.628657,0.824076,0.701036,0.740266,0.809729,0.744367,0.608356,0.649032,1,0.919915,0.752032,0.84987,0.648746,0.730531,0.603825,0.818124,0.241092,0.728156,0.709443,0.80415,0.791223,0.804808,0.657596,0.708829,0.832726,0.500084,0.601119,0.727473,0.676238,0.34268,0.535251,0.67619,0.722515,0.743716,0.605082,0.461979,0.33393,0.535375,0.792432,0.712792,0.73592,0.679866
0.755468,0.594613,0.825151,0.729776,0.658885,0.756386,0.641219,0.626884,0.722768,0.872911,0.889736,0.536844,0.803445,0.71121,0.762079,0.590777,0.821108,0.674437,0.832061,0.809134,0.804772,0.692102,0.85144,0.829155,0.527131,0.62355,0.808109,0.707297,0.272361,0.550362,0.467981,0.196671,0.754901,0.767941,0.787583,0.514792,0.476172,0.642976,0.837871,0.77396,0.302473,0.685536,0.804563,0.671291,0.80377,0.670943,0.742922,0.81523,0.726512,0.609293,0.688124,0.919915,1,0.831787,0.88334,0.701794,0.778541,0.684397,0.822162,0.249229,0.649718,0.716411,0.810658,0.851598,0.840407,0.689744,0.722159,0.843304,0.522584,0.660638,0.720957,0.701993,0.507842,0.583259,0.713223,0.748676,0.768736,0.554926,0.452964,0.282528,0.545662,0.877283,0.748767,0.630884,0.681845
