1,0.864541,0.956634,0.908823,0.668883,0.737702,0.712651,0.651354,0.801901,0.81663,0.857767,0.785081,0.791816,0.807532,0.80958,0.797717,0.817348,0.796807,0.77048,0.862012,0.88982,0.659152,0.860466,0.899166,0.662837,0.523399,0.783964,0.652986,0.52234,0.436581,0.466314,0.645353,0.756657,0.774071,0.752538,0.297977,0.358947,0.554926,0.887836,0.903351,0.0971619,0.563334,0.936164,0.862658,0.939837,0.891511,0.813496,0.752173,0.505319,0.607076,0.474659,0.868797,0.887362,0.838153,0.877535,0.802337,0.768849,0.847368,0.856207,0.364685,0.546076,0.707641,0.728608,0.911207,0.877616,0.669061,0.813358,0.923301,0.627427,0.75878,0.761477,0.622949,0.347108,0.634732,0.663348,0.805693,0.825643,0.535958,0.491867,0.0906462,0.396658,0.937797,0.731146,0.522122,0.609673
0.864541,1,0.82021,0.696014,0.528251,0.511022,0.539918,0.526418,0.617458,0.642291,0.691799,0.747879,0.84181,0.802763,0.712041,0.885352,0.833529,0.644463,0.771915,0.675994,0.758658,0.550865,0.706343,0.727828,0.595227,0.343955,0.607253,0.481458,0.432303,0.308925,0.327606,0.521173,0.571264,0.652656,0.605306,0.361482,0.241623,0.507488,0.76448,0.779988,0.153687,0.476292,0.816306,0.894179,0.754942,0.786276,0.681285,0.699847,0.376111,0.500652,0.293224,0.668513,0.760382,0.764791,0.861411,0.70006,0.659509,0.868239,0.860434,0.356342,0.406461,0.640156,0.664068,0.780558,0.784738,0.601707,0.698887,0.786713,0.485647,0.642092,0.737363,0.557389,0.321843,0.630303,0.499836,0.683307,0.683775,0.366429,0.505107,0.0835489,0.319158,0.800165,0.722301,0.497144,0.399922
0.956634,0.82021,1,0.900024,0.708507,0.740592,0.72469,0.601876,0.813829,0.788913,0.877519,0.786555,0.76168,0.788387,0.801774,0.761352,0.820627,0.813759,0.751092,0.873181,0.874713,0.603223,0.865421,0.915005,0.622564,0.413804,0.835892,0.589943,0.537842,0.385258,0.399227,0.653578,0.790315,0.819652,0.792862,0.353691,0.478724,0.595384,0.893183,0.89168,0.142666,0.561899,0.928148,0.843311,0.939195,0.924409,0.82931,0.743011,0.506095,0.64614,0.44307,0.839777,0.836496,0.797378,0.836213,0.811793,0.80067,0.793952,0.857601,0.336522,0.611165,0.683715,0.76136,0.916305,0.862701,0.645664,0.802656,0.951859,0.630596,0.794353,0.797672,0.698688,0.461823,0.634041,0.658802,0.812444,0.852811,0.557071,0.546815,0.152544,0.532817,0.920642,0.725616,0.565731,0.574322
0.908823,0.696014,0.900024,1,0.792615,0.780972,0.691439,0.636159,0.845475,0.850826,0.896307,0.769486,0.689451,0.730943,0.841696,0.673141,0.707599,0.755286,0.721533,0.874532,0.896023,0.658008,0.845232,0.927329,0.618342,0.532551,0.84854,0.692108,0.50022,0.420097,0.492688,0.664594,0.812151,0.783613,0.810771,0.279182,0.457602,0.555087,0.896652,0.88781,0.0950585,0.523423,0.894277,0.784131,0.944247,0.857581,0.829402,0.763114,0.532298,0.653867,0.489039,0.850481,0.878219,0.827477,0.776269,0.810139,0.789737,0.725963,0.75671,0.339515,0.618998,0.612744,0.709167,0.864578,0.854303,0.631314,0.757765,0.937211,0.677784,0.765666,0.745239,0.58891,0.449069,0.585546,0.738769,0.840186,0.842642,0.673572,0.433924,0.0516345,0.437375,0.911148,0.700735,0.508465,0.682777
0.668883,0.528251,0.708507,0.792615,1,0.66746,0.424741,0.364241,0.641033,0.678838,0.679566,0.577027,0.465067,0.539669,0.692629,0.484283,0.474961,0.582939,0.643136,0.634125,0.687892,0.315331,0.661634,0.801559,0.403092,0.530623,0.773646,0.520437,0.306804,0.287478,0.318558,0.466469,0.726095,0.724149,0.716522,0.212835,0.545764,0.567106,0.730296,0.65841,0.211565,0.532698,0.725807,0.603305,0.775484,0.66493,0.85543,0.579385,0.524308,0.549994,0.375207,0.633282,0.641013,0.660367,0.564048,0.655205,0.611154,0.51379,0.583221,0.449957,0.603026,0.445951,0.606565,0.681485,0.722551,0.566045,0.475303,0.811656,0.585157,0.645138,0.672104,0.468697,0.397249,0.448046,0.59571,0.765512,0.711692,0.72897,0.331046,0.116868,0.552849,0.735693,0.671462,0.493383,0.439
0.737702,0.511022,0.740592,0.780972,0.66746,1,0.734548,0.65438,0.660359,0.651436,0.774272,0.655902,0.575523,0.580726,0.576935,0.490622,0.571779,0.684457,0.610626,0.809025,0.739794,0.557618,0.71893,0.795793,0.479623,0.474449,0.667221,0.605572,0.433011,0.320152,0.474997,0.616553,0.721894,0.639824,0.506724,0.213793,0.367025,0.538489,0.796302,0.785304,0.0940912,0.355121,0.753818,0.591184,0.837976,0.664939,0.760277,0.554286,0.489042,0.574509,0.369936,0.713796,0.696693,0.760618,0.705776,0.701078,0.581652,0.614332,0.678361,0.386762,0.544161,0.378022,0.74982,0.680781,0.75057,0.404314,0.725048,0.767847,0.657431,0.571771,0.565271,0.48849,0.363089,0.482253,0.57488,0.588489,0.717416,0.514074,0.314144,0.0266824,0.474232,0.700649,0.610418,0.485098,0.655815
0.712651,0.539918,0.72469,0.691439,0.424741,0.734548,1,0.674086,0.661569,0.514318,0.69323,0.614029,0.520742,0.551589,0.513951,0.51393,0.586943,0.671329,0.569773,0.733665,0.602686,0.526583,0.706587,0.726673,0.480694,0.345574,0.611509,0.451425,0.398609,0.365428,0.360521,0.419377,0.533558,0.563384,0.475184,0.107917,0.246081,0.356224,0.665458,0.709945,0.10584,0.219025,0.696594,0.583662,0.736515,0.669123,0.541762,0.417834,0.483143,0.473764,0.229774,0.702661,0.616701,0.645214,0.648809,0.698765,0.59089,0.651914,0.634352,0.176618,0.282989,0.464566,0.577268,0.624054,0.59745,0.335204,0.766119,0.703774,0.534646,0.483301,0.516849,0.380996,0.472128,0.473246,0.532173,0.543544,0.599765,0.333717,0.341077,-0.0240036,0.423361,0.659021,0.39426,0.45334,0.464507
0.651354,0.526418,0.601876,0.636159,0.364241,0.65438,0.674086,1,0.630053,0.399961,0.649683,0.630296,0.47394,0.628876,0.515084,0.530866,0.473692,0.51646,0.529018,0.694889,0.644173,0.660203,0.630895,0.697963,0.557014,0.293443,0.534444,0.49604,0.425612,0.376745,0.374744,0.469665,0.451428,0.578136,0.379841,0.164613,0.197704,0.252895,0.657287,0.68433,0.0196454,0.323536,0.636914,0.603968,0.655992,0.621811,0.47242,0.502001,0.24324,0.552298,0.202293,0.633861,0.651648,0.642875,0.62478,0.703102,0.349941,0.571985,0.606958,0.165971,0.336397,0.493174,0.407001,0.573441,0.636702,0.520985,0.637544,0.607736,0.586362,0.530037,0.565012,0.39137,0.3605,0.494729,0.61538,0.562107,0.705565,0.460547,0.280285,0.0422901,0.311878,0.632659,0.43721,0.330716,0.529323
0.801901,0.617458,0.813829,0.845475,0.641033,0.660359,0.661569,0.630053,1,0.670818,0.809385,0.614914,0.509234,0.66108,0.689287,0.618554,0.609283,0.823124,0.682179,0.750947,0.766276,0.625967,0.777189,0.866112,0.534202,0.389581,0.790066,0.540544,0.538933,0.594238,0.473771,0.521427,0.711976,0.726619,0.772757,0.367047,0.476974,0.584079,0.8111,0.803126,-0.0260728,0.400434,0.811377,0.70776,0.850753,0.76892,0.716178,0.557705,0.471135,0.673646,0.330243,0.812635,0.740483,0.732754,0.66489,0.727867,0.725359,0.662247,0.713749,0.224319,0.474811,0.54591,0.579346,0.806099,0.731026,0.608763,0.716729,0.838054,0.678182,0.687517,0.634907,0.549932,0.529228,0.45813,0.608047,0.677761,0.749786,0.571236,0.355544,0.0997091,0.415324,0.823525,0.5549,0.442832,0.604107
0.81663,0.642291,0.788913,0.850826,0.678838,0.651436,0.514318,0.399961,0.670818,1,0.819881,0.653433,0.710365,0.68382,0.682884,0.667515,0.688714,0.617613,0.67995,0.757829,0.781243,0.586007,0.710194,0.74167,0.641962,0.576073,0.734221,0.638326,0.35057,0.301108,0.410514,0.700002,0.692597,0.571507,0.763092,0.220912,0.447947,0.44717,0.787502,0.825856,0.186496,0.45284,0.834985,0.705714,0.84689,0.717104,0.742403,0.749828,0.551438,0.52904,0.47533,0.72722,0.810472,0.773018,0.710173,0.695042,0.717898,0.686795,0.680714,0.323389,0.552503,0.614546,0.62688,0.822889,0.80553,0.566136,0.621059,0.809516,0.490898,0.704898,0.659847,0.572332,0.321037,0.557633,0.60455,0.699281,0.695968,0.510139,0.360268,0.0519909,0.429573,0.794292,0.704331,0.318601,0.637406
0.857767,0.691799,0.877519,0.896307,0.679566,0.774272,0.69323,0.649683,0.809385,0.819881,1,0.793047,0.721684,0.764955,0.681338,0.713855,0.776082,0.778048,0.726972,0.87886,0.873145,0.754955,0.816081,0.884252,0.595485,0.446338,0.818008,0.681222,0.523206,0.481356,0.426483,0.663189,0.751008,0.743694,0.803122,0.374766,0.505898,0.503947,0.854786,0.908091,0.220927,0.436847,0.86331,0.807742,0.907324,0.835653,0.777525,0.699219,0.541428,0.666463,0.389598,0.784838,0.843811,0.854901,0.783693,0.84326,0.703723,0.745801,0.804665,0.275172,0.590227,0.591082,0.697297,0.886109,0.84916,0.671975,0.772243,0.882989,0.568951,0.758346,0.748309,0.603332,0.488554,0.642283,0.731493,0.795832,0.791503,0.601153,0.465982,0.0444835,0.530937,0.848978,0.661512,0.503443,0.626018
0.785081,0.747879,0.786555,0.769486,0.577027,0.655902,0.614029,0.630296,0.614914,0.653433,0.793047,1,0.813641,0.809355,0.771494,0.786715,0.7651,0.537643,0.701541,0.784606,0.852274,0.631771,0.854242,0.790103,0.405223,0.205921,0.611536,0.605595,0.48292,0.211994,0.367571,0.514421,0.706093,0.758602,0.582793,0.221534,0.39802,0.464407,0.823749,0.779203,0.163832,0.420525,0.78385,0.847252,0.780372,0.822956,0.700906,0.772246,0.457995,0.71106,0.463206,0.677425,0.802028,0.864411,0.869212,0.812827,0.665991,0.821928,0.823867,0.215955,0.60913,0.620513,0.716449,0.745059,0.841787,0.59091,0.660319,0.804516,0.627425,0.764411,0.802045,0.579454,0.445831,0.602524,0.637128,0.784083,0.805592,0.651869,0.419191,-0.120463,0.320811,0.802517,0.6672,0.449069,0.452844
0.791816,0.84181,0.76168,0.689451,0.465067,0.575523,0.520742,0.47394,0.509234,0.710365,0.721684,0.813641,1,0.788597,0.672229,0.841916,0.890659,0.545525,0.674171,0.711331,0.751373,0.575193,0.680126,0.645916,0.5049,0.290569,0.591787,0.581496,0.430811,0.174352,0.378217,0.657651,0.602738,0.554204,0.504974,0.254959,0.216217,0.425785,0.732362,0.741052,0.214365,0.299137,0.760347,0.834873,0.721717,0.718332,0.58242,0.769405,0.397851,0.513574,0.41294,0.659001,0.795161,0.805969,0.898566,0.679274,0.622068,0.868742,0.853005,0.282008,0.463027,0.54058,0.719208,0.741706,0.755005,0.494,0.685756,0.721948,0.4163,0.660776,0.727637,0.552242,0.324435,0.522666,0.496244,0.63986,0.705826,0.418677,0.301352,-0.0673982,0.275922,0.683116,0.637894,0.352244,0.482845
0.807532,0.802763,0.788387,0.730943,0.539669,0.580726,0.551589,0.628876,0.66108,0.68382,0.764955,0.809355,0.788597,1,0.638533,0.888649,0.820043,0.681876,0.713933,0.779758,0.808628,0.661944,0.739518,0.769905,0.601533,0.351501,0.629339,0.702647,0.38826,0.266325,0.487776,0.604528,0.638131,0.631609,0.628438,0.176403,0.349911,0.52258,0.804231,0.739614,0.249674,0.445783,0.834394,0.904956,0.780362,0.782948,0.652904,0.727809,0.476656,0.677705,0.390104,0.738631,0.784015,0.832478,0.833825,0.871616,0.640439,0.869508,0.798429,0.19772,0.557289,0.596062,0.670198,0.833404,0.850699,0.593114,0.706867,0.792406,0.479284,0.625886,0.814669,0.610001,0.379352,0.627791,0.585537,0.703874,0.78754,0.553557,0.457538,0.110075,0.378717,0.831166,0.586077,0.351973,0.489897
0.80958,0.712041,0.801774,0.841696,0.692629,0.576935,0.513951,0.515084,0.689287,0.682884,0.681338,0.771494,0.672229,0.638533,1,0.653447,0.617053,0.539889,0.61277,0.669404,0.785087,0.50475,0.790645,0.778868,0.473531,0.333928,0.630014,0.460224,0.358615,0.230609,0.325254,0.474714,0.703576,0.732194,0.661003,0.246745,0.364899,0.502318,0.776755,0.738239,-0.078426,0.493747,0.752855,0.686065,0.775024,0.805386,0.754833,0.777499,0.347541,0.612351,0.556421,0.655794,0.716229,0.687315,0.717656,0.637423,0.799206,0.679215,0.697179,0.371657,0.646418,0.653682,0.626054,0.68671,0.750336,0.51636,0.61856,0.814914,0.642993,0.701852,0.665396,0.539191,0.273449,0.494396,0.551807,0.73717,0.77296,0.611952,0.506892,0.0124393,0.269195,0.814892,0.693971,0.518099,0.514651
0.797717,0.885352,0.761352,0.673141,0.484283,0.490622,0.51393,0.530866,0.618554,0.667515,0.713855,0.786715,0.841916,0.888649,0.653447,1,0.843209,0.637349,0.718002,0.692869,0.794886,0.650219,0.702734,0.7029,0.603764,0.243382,0.554176,0.500384,0.417007,0.321069,0.424503,0.550685,0.628681,0.584271,0.596325,0.318561,0.287433,0.589691,0.785845,0.753237,0.19757,0.460173,0.847808,0.934778,0.724624,0.749423,0.607765,0.695734,0.42082,0.567176,0.295275,0.717358,0.737793,0.841639,0.836764,0.782143,0.66703,0.939691,0.807113,0.226685,0.459635,0.583366,0.610393,0.793291,0.839412,0.656617,0.653427,0.763706,0.399231,0.578296,0.730654,0.607301,0.380533,0.64069,0.546106,0.698287,0.694192,0.428235,0.426129,-0.0699067,0.26944,0.793836,0.620279,0.361633,0.459448
0.817348,0.833529,0.820627,0.707599,0.474961,0.571779,0.586943,0.473692,0.609283,0.688714,0.776082,0.7651,0.890659,0.820043,0.617053,0.843209,1,0.682667,0.643673,0.705895,0.763339,0.568318,0.692715,0.725806,0.615554,0.339849,0.666504,0.619241,0.427398,0.30478,0.336697,0.646071,0.635681,0.587498,0.621627,0.299537,0.229168,0.446738,0.739737,0.778342,0.15221,0.369086,0.797111,0.872347,0.748648,0.773723,0.654025,0.654481,0.390397,0.602479,0.300668,0.692936,0.770195,0.795456,0.859964,0.719416,0.666865,0.869184,0.897449,0.229946,0.396372,0.485232,0.716829,0.849685,0.774858,0.537799,0.734052,0.773427,0.378142,0.616827,0.759844,0.583826,0.312509,0.612864,0.541086,0.644612,0.675279,0.367329,0.356351,0.155711,0.313467,0.729093,0.563333,0.359284,0.445495
0.796807,0.644463,0.813759,0.755286,0.582939,0.684457,0.671329,0.51646,0.823124,0.617613,0.778048,0.537643,0.545525,0.681876,0.539889,0.637349,0.682667,1,0.687414,0.734851,0.698921,0.57769,0.710864,0.835342,0.517356,0.423726,0.746247,0.591867,0.469999,0.565046,0.490522,0.539551,0.68321,0.626801,0.684155,0.474784,0.44481,0.657115,0.761968,0.735672,0.0974873,0.424141,0.821312,0.723277,0.823082,0.762872,0.63955,0.484477,0.528099,0.522991,0.272968,0.822149,0.67358,0.686147,0.663283,0.765507,0.628552,0.673528,0.700596,0.184274,0.419102,0.489332,0.566465,0.791589,0.684419,0.564259,0.825608,0.799153,0.487158,0.5356,0.562098,0.481982,0.394334,0.448326,0.592264,0.655437,0.65737,0.457857,0.410713,0.108813,0.436655,0.772366,0.485425,0.490535,0.594787
0.77048,0.771915,0.751092,0.721533,0.643136,0.610626,0.569773,0.529018,0.682179,0.67995,0.726972,0.701541,0.674171,0.713933,0.61277,0.718002,0.643673,0.687414,1,0.689081,0.71574,0.59353,0.712476,0.755668,0.492306,0.287575,0.637327,0.56431,0.417432,0.449435,0.394923,0.41172,0.598572,0.630779,0.603066,0.44558,0.5463,0.444007,0.766927,0.736736,0.0454775,0.392359,0.803621,0.775408,0.791746,0.711489,0.654148,0.658334,0.502324,0.649282,0.22511,0.684304,0.766562,0.790012,0.777379,0.793471,0.553246,0.729769,0.795368,0.252379,0.466882,0.607437,0.64093,0.718857,0.774454,0.622328,0.697361,0.77924,0.596527,0.690576,0.711271,0.451382,0.476068,0.493638,0.553327,0.6714,0.737014,0.503347,0.378392,0.0651288,0.434902,0.754834,0.692153,0.540856,0.46546
0.862012,0.675994,0.873181,0.874532,0.634125,0.809025,0.733665,0.694889,0.750947,0.757829,0.87886,0.784606,0.711331,0.779758,0.669404,0.692869,0.705895,0.734851,0.689081,1,0.874789,0.728956,0.834966,0.843325,0.588118,0.443408,0.736434,0.670993,0.564916,0.416141,0.44301,0.714242,0.769253,0.716109,0.722828,0.228678,0.399621,0.543984,0.858814,0.869115,0.220105,0.51425,0.861201,0.791724,0.918736,0.7981,0.729712,0.764362,0.539836,0.581887,0.476225,0.881263,0.896317,0.805932,0.806655,0.848604,0.65707,0.741962,0.750547,0.33756,0.612892,0.619892,0.743229,0.838254,0.860373,0.633548,0.783245,0.875047,0.68105,0.729802,0.739257,0.614049,0.424786,0.653989,0.771288,0.794043,0.814461,0.56991,0.412039,0.0272709,0.406577,0.87957,0.696264,0.492727,0.710178
0.88982,0.758658,0.874713,0.896023,0.687892,0.739794,0.602686,0.644173,0.766276,0.781243,0.873145,0.852274,0.751373,0.808628,0.785087,0.794886,0.763339,0.698921,0.71574,0.874789,1,0.768253,0.850585,0.886412,0.646931,0.464077,0.782186,0.633533,0.625366,0.437013,0.458194,0.597792,0.788391,0.82145,0.743209,0.323873,0.361078,0.559589,0.916704,0.902899,0.145968,0.649358,0.883663,0.867557,0.896194,0.854438,0.829862,0.786354,0.450594,0.661981,0.363549,0.831686,0.893671,0.872363,0.833311,0.838514,0.748741,0.801133,0.778553,0.269875,0.707839,0.601933,0.725246,0.887887,0.923394,0.746636,0.713081,0.889942,0.650089,0.801349,0.804835,0.633693,0.46929,0.714358,0.722376,0.873707,0.823035,0.625691,0.438795,0.0235758,0.368905,0.926387,0.803821,0.472744,0.643698
0.659152,0.550865,0.603223,0.658008,0.315331,0.557618,0.526583,0.660203,0.625967,0.586007,0.754955,0.631771,0.575193,0.661944,0.50475,0.650219,0.568318,0.57769,0.59353,0.728956,0.768253,1,0.61968,0.62568,0.607595,0.288563,0.526978,0.507187,0.42928,0.543752,0.350619,0.3895,0.48085,0.482658,0.495623,0.357974,0.240586,0.269802,0.692829,0.73188,0.0386282,0.334423,0.655586,0.657225,0.661683,0.603861,0.473545,0.571165,0.264264,0.510105,0.185453,0.648511,0.727599,0.719503,0.648158,0.728275,0.455836,0.639676,0.590497,0.0755084,0.495171,0.52415,0.506295,0.639232,0.721993,0.611257,0.668377,0.583648,0.494928,0.588504,0.546751,0.348865,0.324318,0.613138,0.589168,0.603705,0.615891,0.351339,0.348642,-0.0378001,0.24478,0.659918,0.505512,0.351829,0.604838
0.860466,0.706343,0.865421,0.845232,0.661634,0.71893,0.706587,0.630895,0.777189,0.710194,0.816081,0.854242,0.680126,0.739518,0.790645,0.702734,0.692715,0.710864,0.712476,0.834966,0.850585,0.61968,1,0.891292,0.486458,0.372081,0.735408,0.603032,0.527674,0.371298,0.397044,0.494463,0.710594,0.809606,0.727908,0.349578,0.460199,0.476733,0.853539,0.815944,0.152793,0.520067,0.858453,0.790916,0.876107,0.867341,0.795425,0.683839,0.490559,0.653102,0.454596,0.780938,0.812439,0.82453,0.826444,0.821638,0.755052,0.7865,0.768973,0.299485,0.611175,0.744817,0.687494,0.792583,0.811057,0.668111,0.756718,0.88484,0.70734,0.753391,0.715132,0.523212,0.439508,0.632692,0.654746,0.840304,0.793894,0.633915,0.389774,-0.0705193,0.339543,0.891041,0.659134,0.513325,0.564139
0.899166,0.727828,0.915005,0.927329,0.801559,0.795793,0.726673,0.697963,0.866112,0.74167,0.884252,0.790103,0.645916,0.769905,0.778868,0.7029,0.725806,0.835342,0.755668,0.843325,0.886412,0.62568,0.891292,1,0.587834,0.486013,0.862034,0.672133,0.515177,0.453516,0.452243,0.585409,0.777723,0.84458,0.769163,0.388497,0.49345,0.600823,0.913533,0.873589,0.133359,0.565431,0.918854,0.827888,0.93507,0.909827,0.85708,0.674263,0.540401,0.701739,0.383558,0.857152,0.822312,0.840596,0.792843,0.853379,0.7248,0.745113,0.807804,0.280624,0.605057,0.619916,0.677896,0.874282,0.864044,0.709729,0.801586,0.949678,0.686104,0.755312,0.783469,0.57647,0.521826,0.609697,0.734427,0.865729,0.856855,0.669749,0.461559,0.0785499,0.5162,0.919495,0.69407,0.538004,0.601375
0.662837,0.595227,0.622564,0.618342,0.403092,0.479623,0.480694,0.557014,0.534202,0.641962,0.595485,0.405223,0.5049,0.601533,0.473531,0.603764,0.615554,0.517356,0.492306,0.588118,0.646931,0.607595,0.486458,0.587834,1,0.538727,0.611632,0.465025,0.373838,0.350406,0.377715,0.574043,0.416598,0.366426,0.557921,0.297325,0.14492,0.246398,0.591873,0.710127,-0.0133734,0.541016,0.66589,0.619925,0.617241,0.559934,0.531503,0.593146,0.147256,0.355261,0.0478145,0.584575,0.636828,0.549433,0.532206,0.606182,0.457231,0.561349,0.534497,0.227961,0.362197,0.43689,0.46811,0.698667,0.654279,0.480819,0.535806,0.620409,0.330216,0.484218,0.574983,0.452093,0.205923,0.641419,0.583574,0.55759,0.529917,0.212667,0.279455,0.242409,0.312391,0.629791,0.51571,0.18922,0.623228
0.523399,0.343955,0.413804,0.532551,0.530623,0.474449,0.345574,0.293443,0.389581,0.576073,0.446338,0.205921,0.290569,0.351501,0.333928,0.243382,0.339849,0.423726,0.287575,0.443408,0.464077,0.288563,0.372081,0.486013,0.538727,1,0.574834,0.494297,0.139199,0.324089,0.215409,0.468443,0.323415,0.332642,0.459064,-0.0294033,-0.124539,0.186007,0.393353,0.507222,0.236001,0.424163,0.484365,0.338022,0.5471,0.362699,0.548381,0.318914,0.343637,0.105887,0.209678,0.500259,0.503899,0.393656,0.323991,0.417088,0.345775,0.334488,0.270842,0.22666,0.24881,0.251984,0.341498,0.529018,0.436022,0.360937,0.365726,0.456903,0.270163,0.260834,0.376477,0.154476,-0.0266122,0.381109,0.436845,0.448041,0.303549,0.311396,0.109798,0.191861,0.262641,0.500981,0.498496,0.0321056,0.46506
0.783964,0.607253,0.835892,0.84854,0.773646,0.667221,0.611509,0.534444,0.790066,0.734221,0.818008,0.611536,0.591787,0.629339,0.630014,0.554176,0.666504,0.746247,0.637327,0.736434,0.782186,0.526978,0.735408,0.862034,0.611632,0.574834,1,0.601116,0.554447,0.458961,0.396961,0.622462,0.686756,0.759435,0.803688,0.352973,0.490724,0.458049,0.781484,0.796199,0.250935,0.53008,0.800076,0.711404,0.845033,0.770295,0.769754,0.605713,0.511566,0.552372,0.200135,0.743794,0.774997,0.701825,0.634649,0.745404,0.651487,0.587627,0.690779,0.203902,0.518126,0.489793,0.633616,0.837104,0.726813,0.608077,0.652867,0.858276,0.56584,0.732597,0.751558,0.579671,0.567111,0.533431,0.636226,0.791405,0.760997,0.609915,0.305656,0.23326,0.618398,0.783566,0.653736,0.366491,0.571098
0.652986,0.481458,0.589943,0.692108,0.520437,0.605572,0.451425,0.49604,0.540544,0.638326,0.681222,0.605595,0.581496,0.702647,0.460224,0.500384,0.619241,0.591867,0.56431,0.670993,0.633533,0.507187,0.603032,0.672133,0.465025,0.494297,0.601116,1,0.329079,0.210462,0.552423,0.632361,0.508563,0.45332,0.506031,0.138731,0.382057,0.342231,0.611999,0.562431,0.292429,0.332601,0.637193,0.64727,0.670683,0.567858,0.56777,0.591045,0.531005,0.661382,0.490136,0.663648,0.730264,0.675165,0.643342,0.69407,0.387599,0.538213,0.607226,0.0776473,0.397397,0.466981,0.489322,0.689948,0.625185,0.395244,0.602668,0.637154,0.445225,0.519494,0.656233,0.349179,0.180627,0.317329,0.595054,0.637224,0.641646,0.59925,0.0654168,0.0733476,0.237625,0.620951,0.3977,0.267917,0.578069
0.52234,0.432303,0.537842,0.50022,0.306804,0.433011,0.398609,0.425612,0.538933,0.35057,0.523206,0.48292,0.430811,0.38826,0.358615,0.417007,0.427398,0.469999,0.417432,0.564916,0.625366,0.42928,0.527674,0.515177,0.373838,0.139199,0.554447,0.329079,1,0.334369,0.485494,0.343925,0.496928,0.581256,0.490848,0.308637,0.301354,0.305846,0.51123,0.525502,0.0748343,0.528811,0.491441,0.509895,0.548816,0.490307,0.446711,0.511925,0.396311,0.320505,0.12222,0.49838,0.57343,0.422113,0.475229,0.467638,0.452153,0.401707,0.462278,0.0858584,0.325772,0.37012,0.456563,0.561118,0.479495,0.392174,0.386893,0.518248,0.374626,0.606686,0.505475,0.598543,0.608679,0.341729,0.42752,0.549566,0.558471,0.41357,0.118477,-0.00822555,0.234055,0.544082,0.515414,0.324656,0.424954
0.436581,0.308925,0.385258,0.420097,0.287478,0.320152,0.365428,0.376745,0.594238,0.301108,0.481356,0.211994,0.174352,0.266325,0.230609,0.321069,0.30478,0.565046,0.449435,0.416141,0.437013,0.543752,0.371298,0.453516,0.350406,0.324089,0.458961,0.210462,0.334369,1,0.154606,0.135176,0.410772,0.424776,0.478342,0.378995,0.178124,0.23301,0.424391,0.538021,-0.22733,0.337633,0.425167,0.388377,0.463702,0.271217,0.346793,0.203478,0.114476,0.29368,-0.112902,0.541553,0.491637,0.436482,0.322698,0.415989,0.258252,0.3738,0.343272,0.171831,0.115755,0.165471,0.321149,0.425584,0.37766,0.579772,0.397295,0.391657,0.268379,0.273262,0.148545,0.0814256,0.132294,0.397143,0.474215,0.349401,0.216739,0.122379,0.225814,0.16186,0.0930311,0.436565,0.294159,0.350499,0.288791
0.466314,0.327606,0.399227,0.492688,0.318558,0.474997,0.360521,0.374744,0.473771,0.410514,0.426483,0.367571,0.378217,0.487776,0.325254,0.424503,0.336697,0.490522,0.394923,0.44301,0.458194,0.350619,0.397044,0.452243,0.377715,0.215409,0.396961,0.552423,0.485494,0.154606,1,0.415472,0.453385,0.260914,0.328852,0.114111,0.327993,0.463885,0.50427,0.401656,0.140714,0.298306,0.488618,0.433097,0.465355,0.376062,0.345574,0.388833,0.508483,0.37131,0.348723,0.504433,0.423751,0.448632,0.420688,0.479322,0.425584,0.444827,0.363228,0.194934,0.269253,0.232088,0.411973,0.480478,0.474694,0.156282,0.410393,0.444848,0.230912,0.33674,0.369478,0.404989,0.327548,0.145848,0.320596,0.411176,0.528924,0.478869,0.0298543,-0.179988,0.206751,0.467342,0.200409,0.194308,0.498901
0.645353,0.521173,0.653578,0.664594,0.466469,0.616553,0.419377,0.469665,0.521427,0.700002,0.663189,0.514421,0.657651,0.604528,0.474714,0.550685,0.646071,0.539551,0.41172,0.714242,0.597792,0.3895,0.494463,0.585409,0.574043,0.468443,0.622462,0.632361,0.343925,0.135176,0.415472,1,0.57733,0.384794,0.557313,0.188973,0.269036,0.569859,0.613387,0.675498,0.253611,0.374342,0.682062,0.631635,0.679556,0.5725,0.497237,0.666342,0.441048,0.395321,0.449543,0.661012,0.666148,0.595293,0.5603,0.569257,0.446172,0.527928,0.598829,0.20318,0.373301,0.344907,0.522101,0.707784,0.638871,0.381316,0.514009,0.670296,0.369484,0.479175,0.606985,0.656853,0.231218,0.416809,0.598459,0.535841,0.596684,0.397581,0.193457,0.0682792,0.361704,0.596416,0.556933,0.112113,0.708729
0.756657,0.571264,0.790315,0.812151,0.726095,0.721894,0.533558,0.451428,0.711976,0.692597,0.751008,0.706093,0.602738,0.638131,0.703576,0.628681,0.635681,0.68321,0.598572,0.769253,0.788391,0.48085,0.710594,0.777723,0.416598,0.323415,0.686756,0.508563,0.496928,0.410772,0.453385,0.57733,1,0.735192,0.728973,0.163463,0.483577,0.6992,0.861864,0.767919,0.0295232,0.508124,0.764199,0.714555,0.822362,0.7148,0.774412,0.678276,0.474623,0.57758,0.435487,0.751339,0.714201,0.718739,0.65323,0.6967,0.766557,0.666736,0.654617,0.430436,0.624806,0.452889,0.740983,0.782614,0.806708,0.547843,0.583858,0.804424,0.578534,0.668549,0.614398,0.666301,0.364177,0.509173,0.631589,0.690776,0.745919,0.707978,0.443186,0.034862,0.348492,0.787306,0.630755,0.399601,0.603654
0.774071,0.652656,0.819652,0.783613,0.724149,0.639824,0.563384,0.578136,0.726619,0.571507,0.743694,0.758602,0.554204,0.631609,0.732194,0.584271,0.587498,0.626801,0.630779,0.716109,0.82145,0.482658,0.809606,0.84458,0.366426,0.332642,0.759435,0.45332,0.581256,0.424776,0.260914,0.384794,0.735192,1,0.685309,0.28723,0.472829,0.488194,0.812012,0.772434,0.149695,0.626736,0.731275,0.709592,0.8008,0.789887,0.820259,0.612863,0.382078,0.660263,0.302698,0.673282,0.736144,0.694117,0.690311,0.718047,0.68337,0.619286,0.666588,0.287936,0.64037,0.572034,0.67772,0.738241,0.740701,0.657422,0.550701,0.823258,0.638283,0.774001,0.712457,0.56703,0.507023,0.633629,0.581601,0.79585,0.754417,0.667606,0.458623,0.124757,0.423862,0.83117,0.715469,0.61621,0.327486
0.752538,0.605306,0.792862,0.810771,0.716522,0.506724,0.475184,0.379841,0.772757,0.763092,0.803122,0.582793,0.504974,0.628438,0.661003,0.596325,0.621627,0.684155,0.603066,0.722828,0.743209,0.495623,0.727908,0.769163,0.557921,0.459064,0.803688,0.506031,0.490848,0.478342,0.328852,0.557313,0.728973,0.685309,1,0.284637,0.552392,0.482271,0.72491,0.763929,0.130444,0.584929,0.752054,0.715303,0.808147,0.716006,0.775169,0.623095,0.482766,0.498722,0.270171,0.677305,0.746623,0.660931,0.579479,0.673419,0.7383,0.585905,0.622746,0.391078,0.492228,0.533318,0.553654,0.814237,0.73256,0.651148,0.546673,0.847867,0.537563,0.684136,0.640804,0.607207,0.38684,0.61673,0.669004,0.739282,0.648089,0.562532,0.427941,0.218565,0.40554,0.835953,0.615485,0.449913,0.511671
0.297977,0.361482,0.353691,0.279182,0.212835,0.213793,0.107917,0.164613,0.367047,0.220912,0.374766,0.221534,0.254959,0.176403,0.246745,0.318561,0.299537,0.474784,0.44558,0.228678,0.323873,0.357974,0.349578,0.388497,0.297325,-0.0294033,0.352973,0.138731,0.308637,0.378995,0.114111,0.188973,0.163463,0.28723,0.284637,1,0.383586,0.268128,0.335346,0.346921,-0.0913023,0.221262,0.398649,0.359163,0.298285,0.372494,0.212924,0.252176,0.0202049,0.262551,-0.0937575,0.288444,0.260935,0.298319,0.292094,0.292317,0.145943,0.225314,0.382612,-0.0959604,0.27552,0.241914,0.202801,0.287448,0.266912,0.460149,0.385855,0.354762,0.134475,0.268514,0.213097,0.141581,0.31114,0.190229,0.30624,0.364955,0.247351,0.0620683,0.230935,0.0157139,0.216275,0.280105,0.3285,0.309451,0.300403
0.358947,0.241623,0.478724,0.457602,0.545764,0.367025,0.246081,0.197704,0.476974,0.447947,0.505898,0.39802,0.216217,0.349911,0.364899,0.287433,0.229168,0.44481,0.5463,0.399621,0.361078,0.240586,0.460199,0.49345,0.14492,-0.124539,0.490724,0.382057,0.301354,0.178124,0.327993,0.269036,0.483577,0.472829,0.552392,0.383586,1,0.421484,0.483648,0.354816,0.112561,0.279452,0.447039,0.392809,0.473803,0.442115,0.446467,0.424108,0.449007,0.587668,0.23847,0.325716,0.38071,0.394474,0.295801,0.486448,0.360397,0.204432,0.395976,0.124297,0.423485,0.439355,0.343495,0.415373,0.449255,0.319326,0.281543,0.535841,0.359919,0.53398,0.426802,0.461328,0.449486,0.189141,0.368504,0.463712,0.53605,0.55098,0.287769,0.129165,0.473801,0.440969,0.310481,0.448066,0.234056
0.554926,0.507488,0.595384,0.555087,0.567106,0.538489,0.356224,0.252895,0.584079,0.44717,0.503947,0.464407,0.425785,0.52258,0.502318,0.589691,0.446738,0.657115,0.444007,0.543984,0.559589,0.269802,0.476733,0.600823,0.246398,0.186007,0.458049,0.342231,0.305846,0.23301,0.463885,0.569859,0.6992,0.488194,0.482271,0.268128,0.421484,1,0.653703,0.520073,0.178515,0.443903,0.633419,0.616184,0.582359,0.573663,0.551659,0.474021,0.470841,0.397178,0.428746,0.6201,0.427455,0.534151,0.431002,0.518348,0.562576,0.525331,0.470684,0.243373,0.409966,0.302591,0.492052,0.592622,0.629601,0.407974,0.418542,0.640967,0.347924,0.377104,0.467706,0.6096,0.348341,0.331102,0.45832,0.512313,0.489968,0.470154,0.408392,-0.131903,0.347791,0.606689,0.496315,0.331898,0.455705
0.887836,0.76448,0.893183,0.896652,0.730296,0.796302,0.665458,0.657287,0.8111,0.787502,0.854786,0.823749,0.732362,0.804231,0.776755,0.785845,0.739737,0.761968,0.766927,0.858814,0.916704,0.692829,0.853539,0.913533,0.591873,0.393353,0.781484,0.611999,0.51123,0.424391,0.50427,0.613387,0.861864,0.812012,0.72491,0.335346,0.483648,0.653703,1,0.90676,0.135099,0.526062,0.917147,0.863322,0.924941,0.839868,0.849906,0.73749,0.516413,0.717644,0.391031,0.845353,0.83503,0.885004,0.829287,0.845651,0.787709,0.809336,0.817782,0.330292,0.665448,0.628479,0.765093,0.872042,0.924689,0.652506,0.767611,0.904377,0.690691,0.782131,0.756111,0.649382,0.479522,0.662945,0.657875,0.801014,0.863852,0.664174,0.487373,0.0590887,0.459505,0.908002,0.761049,0.486501,0.632779
0.903351,0.779988,0.89168,0.88781,0.65841,0.785304,0.709945,0.68433,0.803126,0.825856,0.908091,0.779203,0.741052,0.739614,0.738239,0.753237,0.778342,0.735672,0.736736,0.869115,0.902899,0.73188,0.815944,0.873589,0.710127,0.507222,0.796199,0.562431,0.525502,0.538021,0.401656,0.675498,0.767919,0.772434,0.763929,0.346921,0.354816,0.520073,0.90676,1,0.0882832,0.559224,0.889161,0.820081,0.922062,0.814737,0.817271,0.727094,0.439583,0.603449,0.316833,0.82338,0.872792,0.857096,0.826153,0.798786,0.734111,0.797275,0.818941,0.406934,0.580581,0.565173,0.743068,0.884029,0.881796,0.682979,0.762131,0.891827,0.639478,0.757026,0.722511,0.616887,0.402375,0.73839,0.709016,0.773512,0.770483,0.498337,0.470341,0.0791877,0.446781,0.88279,0.779571,0.503488,0.648625
0.0971619,0.153687,0.142666,0.0950585,0.211565,0.0940912,0.10584,0.0196454,-0.0260728,0.186496,0.220927,0.163832,0.214365,0.249674,-0.078426,0.19757,0.15221,0.0974873,0.0454775,0.220105,0.145968,0.0386282,0.152793,0.133359,-0.0133734,0.236001,0.250935,0.292429,0.0748343,-0.22733,0.140714,0.253611,0.0295232,0.149695,0.130444,-0.0913023,0.112561,0.178515,0.135099,0.0882832,1,0.148335,0.163007,0.230619,0.129021,0.144109,0.193783,0.0353521,0.443002,0.0209405,0.182203,0.141239,0.131023,0.154716,0.111777,0.266615,0.0813874,0.154801,0.0637116,-0.0273024,0.0880996,0.216949,0.080434,0.235226,0.175531,0.151823,0.0619796,0.153962,-0.01537,0.150932,0.344135,0.196765,0.268418,0.175979,0.0527684,0.331728,0.154161,0.290657,-0.102053,-0.140133,0.353841,0.145879,0.171802,-0.0565881,0.0397029
0.563334,0.476292,0.561899,0.523423,0.532698,0.355121,0.219025,0.323536,0.400434,0.45284,0.436847,0.420525,0.299137,0.445783,0.493747,0.460173,0.369086,0.424141,0.392359,0.51425,0.649358,0.334423,0.520067,0.565431,0.541016,0.424163,0.53008,0.332601,0.528811,0.337633,0.298306,0.374342,0.508124,0.626736,0.584929,0.221262,0.279452,0.443903,0.526062,0.559224,0.148335,1,0.544214,0.536532,0.541359,0.5512,0.626551,0.521979,0.278071,0.271224,0.169657,0.501293,0.548962,0.390306,0.355825,0.529227,0.45898,0.3806,0.312121,0.32238,0.475854,0.402091,0.400722,0.598822,0.616112,0.620233,0.267963,0.590652,0.330999,0.506278,0.56085,0.544853,0.193495,0.666412,0.570653,0.688213,0.468226,0.436884,0.322507,0.147548,0.214396,0.674585,0.641848,0.353271,0.357286
0.936164,0.816306,0.928148,0.894277,0.725807,0.753818,0.696594,0.636914,0.811377,0.834985,0.86331,0.78385,0.760347,0.834394,0.752855,0.847808,0.797111,0.821312,0.803621,0.861201,0.883663,0.655586,0.858453,0.918854,0.66589,0.484365,0.800076,0.637193,0.491441,0.425167,0.488618,0.682062,0.764199,0.731275,0.752054,0.398649,0.447039,0.633419,0.917147,0.889161,0.163007,0.544214,1,0.890692,0.945934,0.879385,0.792908,0.724073,0.584709,0.652317,0.414812,0.89101,0.840783,0.888446,0.853241,0.873262,0.754937,0.860974,0.855484,0.260526,0.580979,0.654436,0.692736,0.909911,0.904508,0.70523,0.802107,0.938605,0.597207,0.708526,0.774036,0.655788,0.460099,0.607784,0.687427,0.821352,0.848416,0.575513,0.469512,0.0533944,0.499132,0.92367,0.734987,0.454773,0.64772
0.862658,0.894179,0.843311,0.784131,0.603305,0.591184,0.583662,0.603968,0.70776,0.705714,0.807742,0.847252,0.834873,0.904956,0.686065,0.934778,0.872347,0.723277,0.775408,0.791724,0.867557,0.657225,0.790916,0.827888,0.619925,0.338022,0.711404,0.64727,0.509895,0.388377,0.433097,0.631635,0.714555,0.709592,0.715303,0.359163,0.392809,0.616184,0.863322,0.820081,0.230619,0.536532,0.890692,1,0.821287,0.832373,0.724591,0.746784,0.479464,0.649315,0.305884,0.784004,0.84994,0.891006,0.863526,0.85285,0.677016,0.900067,0.867893,0.228409,0.478405,0.621714,0.680652,0.886455,0.897107,0.718685,0.700178,0.86588,0.530644,0.717408,0.83447,0.656054,0.459795,0.693996,0.678279,0.798145,0.76532,0.553367,0.433833,0.046486,0.365743,0.869094,0.695436,0.418332,0.51848
0.939837,0.754942,0.939195,0.944247,0.775484,0.837976,0.736515,0.655992,0.850753,0.84689,0.907324,0.780372,0.721717,0.780362,0.775024,0.724624,0.748648,0.823082,0.791746,0.918736,0.896194,0.661683,0.876107,0.93507,0.617241,0.5471,0.845033,0.670683,0.548816,0.463702,0.465355,0.679556,0.822362,0.8008,0.808147,0.298285,0.473803,0.582359,0.924941,0.922062,0.129021,0.541359,0.945934,0.821287,1,0.858911,0.86011,0.753113,0.613429,0.664816,0.447645,0.881813,0.886538,0.85928,0.834978,0.863517,0.790867,0.780151,0.829223,0.348927,0.625695,0.650174,0.750395,0.90836,0.88904,0.641235,0.808879,0.948702,0.700366,0.765009,0.761937,0.653345,0.444009,0.617672,0.707559,0.807799,0.869874,0.638435,0.476334,0.120333,0.504762,0.938126,0.768126,0.540065,0.686511
0.891511,0.786276,0.924409,0.857581,0.66493,0.664939,0.669123,0.621811,0.76892,0.717104,0.835653,0.822956,0.718332,0.782948,0.805386,0.749423,0.773723,0.762872,0.711489,0.7981,0.854438,0.603861,0.867341,0.909827,0.559934,0.362699,0.770295,0.567858,0.490307,0.271217,0.376062,0.5725,0.7148,0.789887,0.716006,0.372494,0.442115,0.573663,0.839868,0.814737,0.144109,0.5512,0.879385,0.832373,0.858911,1,0.751797,0.697366,0.455535,0.601392,0.429532,0.752862,0.774997,0.757703,0.793841,0.813365,0.746254,0.761054,0.811598,0.223812,0.63379,0.693861,0.655423,0.865399,0.845025,0.681839,0.764441,0.911472,0.58333,0.778121,0.822907,0.637518,0.500027,0.621996,0.672993,0.83142,0.839511,0.613792,0.550335,0.0196343,0.488626,0.88463,0.70021,0.478724,0.515624
0.813496,0.681285,0.82931,0.829402,0.85543,0.760277,0.541762,0.47242,0.716178,0.742403,0.777525,0.700906,0.58242,0.652904,0.754833,0.607765,0.654025,0.63955,0.654148,0.729712,0.829862,0.473545,0.795425,0.85708,0.531503,0.548381,0.769754,0.56777,0.446711,0.346793,0.345574,0.497237,0.774412,0.820259,0.775169,0.212924,0.446467,0.551659,0.849906,0.817271,0.193783,0.626551,0.792908,0.724591,0.86011,0.751797,1,0.629681,0.501733,0.655545,0.39491,0.67467,0.744474,0.765583,0.706252,0.695546,0.772927,0.659416,0.719472,0.495101,0.592163,0.568754,0.74432,0.824238,0.847399,0.588453,0.585556,0.864202,0.670273,0.749564,0.734157,0.599039,0.3529,0.662236,0.564003,0.757184,0.74307,0.638823,0.428656,0.217519,0.494044,0.851367,0.772633,0.550558,0.47197
0.752173,0.699847,0.743011,0.763114,0.579385,0.554286,0.417834,0.502001,0.557705,0.749828,0.699219,0.772246,0.769405,0.727809,0.777499,0.695734,0.654481,0.484477,0.658334,0.764362,0.786354,0.571165,0.683839,0.674263,0.593146,0.318914,0.605713,0.591045,0.511925,0.203478,0.388833,0.666342,0.678276,0.612863,0.623095,0.252176,0.424108,0.474021,0.73749,0.727094,0.0353521,0.521979,0.724073,0.746784,0.753113,0.697366,0.629681,1,0.390563,0.549305,0.534555,0.644986,0.816353,0.683328,0.722005,0.687548,0.615957,0.641509,0.672638,0.276994,0.607298,0.669866,0.676452,0.714065,0.773556,0.487608,0.541547,0.747453,0.492808,0.71432,0.719519,0.640256,0.344475,0.539128,0.680553,0.709203,0.745211,0.544465,0.467477,0.00854617,0.299262,0.756378,0.738269,0.415229,0.616391
0.505319,0.376111,0.506095,0.532298,0.524308,0.489042,0.483143,0.24324,0.471135,0.551438,0.541428,0.457995,0.397851,0.476656,0.347541,0.42082,0.390397,0.528099,0.502324,0.539836,0.450594,0.264264,0.490559,0.540401,0.147256,0.343637,0.511566,0.531005,0.396311,0.114476,0.508483,0.441048,0.474623,0.382078,0.482766,0.0202049,0.449007,0.470841,0.516413,0.439583,0.443002,0.278071,0.584709,0.479464,0.613429,0.455535,0.501733,0.390563,1,0.394612,0.441935,0.54438,0.473438,0.486032,0.406404,0.563805,0.508674,0.427172,0.471488,0.0437952,0.254258,0.413258,0.385396,0.576117,0.530321,0.1995,0.487769,0.547404,0.334814,0.392377,0.55185,0.576636,0.470542,0.219894,0.288228,0.495817,0.570945,0.530176,0.201458,-0.00907839,0.474587,0.556783,0.430986,0.222982,0.37471
0.607076,0.500652,0.64614,0.653867,0.549994,0.574509,0.473764,0.552298,0.673646,0.52904,0.666463,0.71106,0.513574,0.677705,0.612351,0.567176,0.602479,0.522991,0.649282,0.581887,0.661981,0.510105,0.653102,0.701739,0.355261,0.105887,0.552372,0.661382,0.320505,0.29368,0.37131,0.395321,0.57758,0.660263,0.498722,0.262551,0.587668,0.397178,0.717644,0.603449,0.0209405,0.271224,0.652317,0.649315,0.664816,0.601392,0.655545,0.549305,0.394612,1,0.36454,0.582472,0.618553,0.725187,0.656475,0.706627,0.550646,0.571293,0.721088,0.0257618,0.526543,0.482998,0.547569,0.652447,0.683573,0.434867,0.516042,0.664406,0.55961,0.633049,0.671042,0.467675,0.372494,0.361655,0.462773,0.569272,0.734251,0.616409,0.271712,0.241267,0.365379,0.640126,0.457206,0.455779,0.361868
0.474659,0.293224,0.44307,0.489039,0.375207,0.369936,0.229774,0.202293,0.330243,0.47533,0.389598,0.463206,0.41294,0.390104,0.556421,0.295275,0.300668,0.272968,0.22511,0.476225,0.363549,0.185453,0.454596,0.383558,0.0478145,0.209678,0.200135,0.490136,0.12222,-0.112902,0.348723,0.449543,0.435487,0.302698,0.270171,-0.0937575,0.23847,0.428746,0.391031,0.316833,0.182203,0.169657,0.414812,0.305884,0.447645,0.429532,0.39491,0.534555,0.441935,0.36454,1,0.429702,0.394038,0.339546,0.405224,0.318447,0.444873,0.342031,0.354882,0.255997,0.344245,0.531406,0.386458,0.39946,0.408324,0.110091,0.312219,0.413213,0.267785,0.376274,0.358608,0.388349,-0.00531997,0.0415722,0.303241,0.382917,0.48283,0.490852,0.25939,-0.18752,0.164968,0.422857,0.290071,0.2214,0.338494
0.868797,0.668513,0.839777,0.850481,0.633282,0.713796,0.702661,0.633861,0.812635,0.72722,0.784838,0.677425,0.659001,0.738631,0.655794,0.717358,0.692936,0.822149,0.684304,0.881263,0.831686,0.648511,0.780938,0.857152,0.584575,0.500259,0.743794,0.663648,0.49838,0.541553,0.504433,0.661012,0.751339,0.673282,0.677305,0.288444,0.325716,0.6201,0.845353,0.82338,0.141239,0.501293,0.89101,0.784004,0.881813,0.752862,0.67467,0.644986,0.54438,0.582472,0.429702,1,0.845054,0.792856,0.778464,0.797473,0.625186,0.763404,0.730476,0.229099,0.525268,0.539033,0.604172,0.826993,0.797203,0.688895,0.790824,0.853595,0.614615,0.633853,0.660239,0.498266,0.372842,0.498965,0.729599,0.799017,0.756937,0.537165,0.284097,-0.00677667,0.30327,0.86365,0.609747,0.404808,0.693326
0.887362,0.760382,0.836496,0.878219,0.641013,0.696693,0.616701,0.651648,0.740483,0.810472,0.843811,0.802028,0.795161,0.784015,0.716229,0.737793,0.770195,0.67358,0.766562,0.896317,0.893671,0.727599,0.812439,0.822312,0.636828,0.503899,0.774997,0.730264,0.57343,0.491637,0.423751,0.666148,0.714201,0.736144,0.746623,0.260935,0.38071,0.427455,0.83503,0.872792,0.131023,0.548962,0.840783,0.84994,0.886538,0.774997,0.744474,0.816353,0.473438,0.618553,0.394038,0.845054,1,0.84994,0.865221,0.804633,0.620327,0.777571,0.805048,0.32756,0.529672,0.631077,0.722781,0.850834,0.865328,0.699649,0.71948,0.868863,0.670336,0.794313,0.783438,0.547252,0.371183,0.664886,0.753218,0.812912,0.789527,0.554917,0.287828,0.0821866,0.284452,0.873094,0.745405,0.479945,0.629807
