1,0.817313,0.978032,0.941467,0.926033,0.916566,0.435374,0.625277,0.91415,0.79056,0.806942,0.858146,0.904541,0.595406,0.813347,0.679297,0.888517,0.873902,0.893636,0.913224,0.920778,0.805754,0.895453,0.967027,0.863975,0.875612,0.858778,0.86272,0.544131,0.766325,0.820432,0.784991,0.880969,0.875465,0.833388,0.745465,0.610323,0.7703,0.898921,0.906205,0.638781,0.85824,0.947332,0.708175,0.961562,0.833344,0.813075,0.894246,0.596049,0.717703,0.674621,0.814661,0.797018,0.703289,0.832433,0.728354,0.788561,0.750119,0.886445,0.644221,0.361096,0.734346,0.903618,0.911583,0.933478,0.815212,0.864616,0.950713,0.65555,0.85571,0.925664,0.845288,0.81107,0.623892,0.774222,0.929811,0.874441,0.792008,0.710338,0.459585,0.756247,0.913111,0.868693,0.872766,0.857613
0.817313,1,0.831849,0.78516,0.801417,0.834528,0.487474,0.646867,0.781757,0.670236,0.770806,0.774044,0.874143,0.781263,0.779058,0.856114,0.881063,0.750691,0.811844,0.742108,0.77073,0.629782,0.785979,0.783733,0.702578,0.712225,0.750928,0.70129,0.421278,0.704471,0.639774,0.63993,0.696385,0.728312,0.737072,0.576951,0.443859,0.753249,0.803804,0.769907,0.555468,0.669271,0.846936,0.875188,0.816555,0.6863,0.69334,0.822563,0.549687,0.659631,0.606077,0.705106,0.72223,0.672674,0.753576,0.837378,0.763119,0.842225,0.858304,0.497441,0.188406,0.57707,0.757982,0.733543,0.764855,0.603788,0.767381,0.813881,0.43545,0.768487,0.76985,0.743575,0.6954,0.446278,0.70904,0.754637,0.725077,0.679338,0.470669,0.437319,0.692128,0.784007,0.710027,0.677905,0.635109
0.978032,0.831849,1,0.952015,0.930921,0.911183,0.438687,0.56923,0.890191,0.76101,0.785598,0.885033,0.922182,0.610372,0.806058,0.708859,0.921135,0.882994,0.922741,0.938679,0.941369,0.837977,0.898928,0.975297,0.869013,0.88862,0.880638,0.867506,0.601075,0.793189,0.84992,0.787462,0.88428,0.900423,0.843,0.739483,0.619263,0.749991,0.934074,0.932406,0.667023,0.875099,0.92908,0.695655,0.962239,0.813481,0.821266,0.882523,0.583556,0.708527,0.671541,0.777155,0.755198,0.731213,0.84669,0.753819,0.770482,0.765615,0.899524,0.615941,0.363924,0.736756,0.921455,0.938539,0.950111,0.823113,0.882306,0.958636,0.638869,0.865329,0.936309,0.846265,0.834545,0.636298,0.815081,0.929809,0.885383,0.791642,0.710833,0.490103,0.79409,0.945008,0.870217,0.858678,0.861002
0.941467,0.78516,0.952015,1,0.882323,0.886889,0.498712,0.536053,0.898422,0.769932,0.821372,0.813553,0.860462,0.51213,0.806505,0.647292,0.869412,0.86224,0.898145,0.932402,0.937872,0.824487,0.834932,0.92819,0.858725,0.898239,0.844063,0.850609,0.535673,0.774373,0.834915,0.744838,0.87743,0.876553,0.78429,0.766728,0.627781,0.718489,0.894805,0.889396,0.619087,0.868687,0.880376,0.655151,0.899357,0.768563,0.774738,0.803708,0.640187,0.667223,0.624956,0.773795,0.749402,0.72201,0.81714,0.66756,0.792871,0.685434,0.858229,0.576342,0.281064,0.679842,0.901334,0.926687,0.946661,0.814502,0.814056,0.907277,0.604924,0.846533,0.88829,0.788183,0.78598,0.6186,0.803386,0.905275,0.831814,0.754383,0.617458,0.467653,0.759717,0.907403,0.867684,0.797235,0.836289
0.926033,0.801417,0.930921,0.882323,1,0.929736,0.54364,0.670764,0.873019,0.708552,0.754197,0.856757,0.912543,0.688251,0.853939,0.620707,0.881892,0.824703,0.81234,0.85101,0.841229,0.72219,0.85425,0.935321,0.844797,0.860736,0.816103,0.812144,0.558728,0.768036,0.735947,0.699271,0.820784,0.855014,0.805448,0.700824,0.519629,0.736924,0.858581,0.905687,0.61488,0.801963,0.901812,0.737124,0.937063,0.865396,0.828244,0.886827,0.605379,0.717991,0.624731,0.808151,0.808446,0.755167,0.85047,0.779138,0.745865,0.721132,0.876807,0.638493,0.223071,0.695037,0.82918,0.828704,0.857982,0.784279,0.870847,0.92355,0.543541,0.809219,0.859943,0.829177,0.744879,0.579355,0.782615,0.884113,0.841552,0.70818,0.65328,0.368983,0.690295,0.904266,0.868723,0.774081,0.820795
0.916566,0.834528,0.911183,0.886889,0.929736,1,0.581796,0.646309,0.909551,0.733073,0.812603,0.818554,0.898073,0.675321,0.857538,0.645867,0.88696,0.842019,0.817474,0.856385,0.860197,0.683787,0.881711,0.902348,0.852562,0.826739,0.836214,0.827891,0.508345,0.799786,0.71424,0.703916,0.798235,0.858282,0.812949,0.695524,0.573668,0.82195,0.859373,0.871733,0.549902,0.800677,0.908008,0.785501,0.913217,0.838398,0.765127,0.854775,0.671796,0.764541,0.694654,0.800739,0.784646,0.759686,0.824413,0.781086,0.837902,0.737318,0.865792,0.565602,0.0848988,0.613927,0.810763,0.860844,0.869819,0.756091,0.884465,0.891122,0.517762,0.840113,0.889491,0.812956,0.753044,0.562378,0.779416,0.912223,0.843442,0.721033,0.64598,0.441153,0.712815,0.903813,0.867995,0.730684,0.803901
0.435374,0.487474,0.438687,0.498712,0.54364,0.581796,1,0.490254,0.557942,0.419482,0.444438,0.432977,0.491214,0.521902,0.61051,0.298591,0.414624,0.446856,0.433416,0.420616,0.459482,0.232727,0.321863,0.459355,0.409348,0.453886,0.355579,0.425158,0.282617,0.569587,0.259844,0.29898,0.362912,0.440851,0.378237,0.28887,0.251158,0.408923,0.490066,0.432025,0.170246,0.387414,0.384583,0.397771,0.419999,0.431646,0.372771,0.464052,0.810095,0.526406,0.543499,0.485797,0.478897,0.459835,0.467929,0.545182,0.58321,0.286788,0.425664,0.168918,-0.268303,0.336098,0.444132,0.424522,0.445174,0.374432,0.486492,0.470013,0.166175,0.344484,0.420399,0.302102,0.313962,0.163088,0.426213,0.44346,0.423884,0.313065,0.200394,0.0976862,0.235499,0.5368,0.490419,0.220289,0.372563
0.625277,0.646867,0.56923,0.536053,0.670764,0.646309,0.490254,1,0.675381,0.614393,0.601931,0.489333,0.660374,0.615761,0.654194,0.53492,0.572508,0.637972,0.521654,0.509012,0.504033,0.379643,0.548687,0.579618,0.605955,0.530617,0.490044,0.574802,0.396344,0.53695,0.36306,0.497529,0.623366,0.617044,0.662816,0.336853,0.184437,0.675472,0.608208,0.558998,0.312547,0.457101,0.632546,0.612675,0.577851,0.617667,0.415042,0.640159,0.468642,0.334616,0.326163,0.650102,0.622719,0.350056,0.486203,0.662054,0.587991,0.586436,0.543939,0.49018,-0.0752695,0.370644,0.535127,0.460909,0.49813,0.526759,0.552807,0.568359,0.182905,0.523067,0.535856,0.555459,0.483542,0.333304,0.508857,0.621925,0.699058,0.631937,0.369367,0.151356,0.430741,0.562536,0.573928,0.595286,0.512159
0.91415,0.781757,0.890191,0.898422,0.873019,0.909551,0.557942,0.675381,1,0.793132,0.818701,0.787201,0.855217,0.545271,0.842615,0.590934,0.82557,0.869273,0.81161,0.856981,0.872506,0.688789,0.847235,0.89081,0.839759,0.853198,0.849016,0.853993,0.46009,0.730781,0.777082,0.682162,0.811574,0.842951,0.805651,0.667955,0.573662,0.770237,0.840215,0.819698,0.519578,0.806563,0.866901,0.696667,0.8738,0.794028,0.656017,0.833237,0.673605,0.635927,0.701634,0.819949,0.791444,0.669207,0.790279,0.690499,0.863592,0.687197,0.8326,0.583383,0.173687,0.65678,0.863929,0.840508,0.882236,0.773001,0.849661,0.878712,0.503813,0.80052,0.885918,0.723074,0.710566,0.578055,0.778017,0.895936,0.822799,0.750541,0.612275,0.443013,0.656203,0.858999,0.854052,0.822905,0.786435
0.79056,0.670236,0.76101,0.769932,0.708552,0.733073,0.419482,0.614393,0.793132,1,0.900332,0.624084,0.718324,0.433053,0.675842,0.459751,0.722666,0.762678,0.703429,0.686527,0.734963,0.666236,0.669257,0.715781,0.625146,0.772327,0.74744,0.730199,0.340053,0.656492,0.579948,0.526644,0.677302,0.716516,0.629737,0.51532,0.416948,0.715166,0.673315,0.655397,0.574657,0.690105,0.821443,0.609926,0.759657,0.746578,0.588516,0.735151,0.581377,0.503279,0.478499,0.878583,0.83239,0.588634,0.715319,0.610695,0.801077,0.558672,0.737168,0.677351,0.280561,0.411934,0.749515,0.694026,0.768106,0.663037,0.555477,0.726204,0.532976,0.663091,0.776022,0.699986,0.672022,0.352497,0.596839,0.791909,0.71758,0.696595,0.654298,0.469016,0.699143,0.634266,0.690693,0.788833,0.614544
0.806942,0.770806,0.785598,0.821372,0.754197,0.812603,0.444438,0.601931,0.818701,0.900332,1,0.670742,0.796648,0.488153,0.73815,0.553532,0.823258,0.756331,0.726417,0.744394,0.782191,0.683615,0.724363,0.737285,0.717079,0.798584,0.755917,0.752052,0.318274,0.707948,0.635311,0.571102,0.699538,0.728636,0.615983,0.643484,0.535539,0.725176,0.724333,0.732361,0.492302,0.717032,0.844564,0.75022,0.791531,0.774236,0.628727,0.744914,0.572234,0.576823,0.565223,0.872187,0.878707,0.717394,0.789034,0.615613,0.842791,0.66742,0.808415,0.721685,0.147149,0.463494,0.745482,0.749216,0.802138,0.656739,0.642198,0.755795,0.51228,0.783547,0.764013,0.783584,0.652434,0.387614,0.66754,0.814151,0.720861,0.665577,0.58858,0.511887,0.739587,0.698151,0.751203,0.720885,0.617554
0.858146,0.774044,0.885033,0.813553,0.856757,0.818554,0.432977,0.489333,0.787201,0.624084,0.670742,1,0.924925,0.716479,0.71255,0.712366,0.887887,0.752216,0.776965,0.79625,0.825432,0.710686,0.843605,0.864697,0.728568,0.735789,0.751376,0.740525,0.530436,0.711117,0.752585,0.711152,0.741907,0.786782,0.730967,0.66599,0.515079,0.600554,0.839709,0.813873,0.585827,0.678262,0.810576,0.674905,0.87323,0.70596,0.712303,0.82667,0.43081,0.671972,0.659166,0.696378,0.702742,0.743912,0.814466,0.772467,0.65931,0.803955,0.838216,0.463543,0.390797,0.738496,0.802072,0.830566,0.856101,0.723475,0.830172,0.865338,0.656296,0.699243,0.801282,0.782169,0.686169,0.583573,0.765068,0.81485,0.767787,0.599671,0.588062,0.427402,0.694895,0.871444,0.779254,0.7798,0.744323
0.904541,0.874143,0.922182,0.860462,0.912543,0.898073,0.491214,0.660374,0.855217,0.718324,0.796648,0.924925,1,0.759385,0.813832,0.789256,0.956853,0.830793,0.831098,0.834806,0.855595,0.722064,0.870255,0.906511,0.83047,0.802748,0.792058,0.789449,0.518979,0.784915,0.788427,0.744266,0.796414,0.824088,0.842389,0.700774,0.55575,0.749182,0.89022,0.855967,0.581613,0.722454,0.89734,0.771593,0.92263,0.812783,0.772392,0.895968,0.533609,0.689406,0.655323,0.786378,0.794268,0.767935,0.862617,0.829074,0.758531,0.884378,0.9004,0.604699,0.247054,0.702051,0.83723,0.843007,0.881455,0.791833,0.865966,0.911319,0.528928,0.797692,0.830644,0.855494,0.703025,0.568616,0.756737,0.894683,0.853972,0.746742,0.632671,0.44108,0.740704,0.891708,0.84161,0.815062,0.77447
0.595406,0.781263,0.610372,0.51213,0.688251,0.675321,0.521902,0.615761,0.545271,0.433053,0.488153,0.716479,0.759385,1,0.636626,0.743559,0.703003,0.546219,0.535752,0.43467,0.489045,0.287333,0.64193,0.579154,0.515653,0.464661,0.500897,0.460206,0.354519,0.499332,0.433782,0.472866,0.488956,0.553717,0.556175,0.414225,0.171546,0.600117,0.628009,0.572178,0.331545,0.344208,0.657068,0.751089,0.628818,0.511831,0.59053,0.716358,0.461528,0.598146,0.505943,0.537696,0.543763,0.49546,0.546404,0.924226,0.520101,0.745694,0.603371,0.27676,0.116999,0.424572,0.46517,0.475154,0.48304,0.375575,0.60971,0.617241,0.233697,0.408427,0.540387,0.640917,0.504145,0.186676,0.432693,0.547064,0.594863,0.382923,0.312489,0.134907,0.507864,0.621315,0.5734,0.502465,0.461807
0.813347,0.779058,0.806058,0.806505,0.853939,0.857538,0.61051,0.654194,0.842615,0.675842,0.73815,0.71255,0.813832,0.636626,1,0.573385,0.802955,0.720864,0.73256,0.72068,0.739135,0.630032,0.799156,0.819953,0.734638,0.724861,0.740513,0.799682,0.359489,0.687695,0.614852,0.544673,0.724782,0.759653,0.745805,0.544679,0.432308,0.739357,0.7535,0.798096,0.610217,0.704179,0.836119,0.785311,0.82991,0.774012,0.759182,0.873824,0.709319,0.708549,0.697477,0.776225,0.784608,0.682995,0.789008,0.736277,0.846685,0.641332,0.819246,0.568978,0.15167,0.620126,0.723974,0.719889,0.744176,0.644474,0.846727,0.823654,0.387765,0.737534,0.785749,0.691989,0.570865,0.48632,0.661172,0.814024,0.706225,0.576469,0.493656,0.397367,0.602112,0.779424,0.761549,0.666161,0.697611
0.679297,0.856114,0.708859,0.647292,0.620707,0.645867,0.298591,0.53492,0.590934,0.459751,0.553532,0.712366,0.789256,0.743559,0.573385,1,0.786294,0.594379,0.731593,0.643113,0.659405,0.566838,0.676521,0.652296,0.594831,0.55274,0.557536,0.568477,0.469188,0.57134,0.603004,0.57906,0.67996,0.603015,0.686149,0.520836,0.361616,0.610048,0.763748,0.644759,0.52109,0.510716,0.676088,0.683154,0.652845,0.397711,0.530057,0.665566,0.332488,0.431701,0.456514,0.461303,0.459736,0.46268,0.552261,0.767319,0.512852,0.911854,0.67789,0.317184,0.226048,0.5408,0.673911,0.664177,0.643906,0.449943,0.665578,0.640729,0.288825,0.608385,0.602029,0.667464,0.556388,0.423833,0.560957,0.635801,0.702581,0.649756,0.307332,0.237315,0.585444,0.683829,0.530003,0.619379,0.560149
0.888517,0.881063,0.921135,0.869412,0.881892,0.88696,0.414624,0.572508,0.82557,0.722666,0.823258,0.887887,0.956853,0.703003,0.802955,0.786294,1,0.790655,0.84747,0.828044,0.858676,0.75557,0.894708,0.872119,0.811394,0.821961,0.846687,0.806493,0.524391,0.740145,0.788277,0.676625,0.787989,0.860501,0.825029,0.670248,0.55222,0.759223,0.887492,0.85852,0.65451,0.746092,0.905856,0.80505,0.908275,0.758857,0.751029,0.870603,0.483406,0.699409,0.644307,0.750213,0.766083,0.733254,0.822749,0.791781,0.752144,0.86164,0.905105,0.592795,0.285952,0.660023,0.817509,0.854921,0.875766,0.708298,0.862759,0.869027,0.523198,0.838044,0.851068,0.850528,0.736489,0.546138,0.789469,0.900697,0.830314,0.708211,0.583949,0.458149,0.794755,0.856792,0.799866,0.784725,0.74175
0.873902,0.750691,0.882994,0.86224,0.824703,0.842019,0.446856,0.637972,0.869273,0.762678,0.756331,0.752216,0.830793,0.546219,0.720864,0.594379,0.790655,1,0.848097,0.870451,0.873805,0.734649,0.790642,0.879774,0.795836,0.86076,0.864438,0.822906,0.595106,0.727336,0.779094,0.770476,0.819289,0.873837,0.825478,0.653363,0.599669,0.721904,0.86309,0.835256,0.472379,0.836122,0.846187,0.620317,0.853162,0.801356,0.676187,0.833182,0.643307,0.626176,0.613675,0.778389,0.713637,0.657356,0.775722,0.713835,0.811068,0.698694,0.813328,0.643759,0.239658,0.601867,0.804747,0.861866,0.877884,0.827708,0.762257,0.87827,0.521105,0.758187,0.891571,0.733779,0.774684,0.547056,0.781952,0.878319,0.856401,0.733142,0.672149,0.42983,0.760515,0.858398,0.885384,0.809542,0.864911
0.893636,0.811844,0.922741,0.898145,0.81234,0.817474,0.433416,0.521654,0.81161,0.703429,0.726417,0.776965,0.831098,0.535752,0.73256,0.731593,0.84747,0.848097,1,0.91926,0.959847,0.837725,0.793065,0.884378,0.774881,0.832836,0.834923,0.812066,0.561701,0.758974,0.762051,0.717404,0.875747,0.862054,0.794258,0.648937,0.588969,0.678334,0.928309,0.86283,0.620698,0.825586,0.818003,0.631688,0.837718,0.676142,0.678121,0.781125,0.532525,0.673239,0.659301,0.671133,0.616072,0.622386,0.72813,0.678683,0.699136,0.69961,0.812763,0.565377,0.265691,0.742364,0.917134,0.919819,0.915268,0.728693,0.798896,0.866725,0.600262,0.836949,0.886796,0.700782,0.851528,0.579158,0.84936,0.858755,0.831366,0.773468,0.607487,0.537613,0.776334,0.892707,0.793722,0.751847,0.812686
0.913224,0.742108,0.938679,0.932402,0.85101,0.856385,0.420616,0.509012,0.856981,0.686527,0.744394,0.79625,0.834806,0.43467,0.72068,0.643113,0.828044,0.870451,0.91926,1,0.960071,0.882992,0.807186,0.932775,0.827405,0.886825,0.852385,0.841089,0.642187,0.786378,0.819415,0.784599,0.895528,0.879299,0.817009,0.717805,0.667748,0.691792,0.925699,0.926487,0.603701,0.910736,0.822955,0.593327,0.883517,0.745911,0.715325,0.758422,0.555331,0.622122,0.635845,0.717875,0.685285,0.711438,0.811852,0.61149,0.719079,0.69664,0.855567,0.606749,0.256081,0.744935,0.90861,0.969009,0.958635,0.848801,0.834978,0.902071,0.626505,0.869632,0.89897,0.753415,0.811016,0.705089,0.855667,0.89998,0.866031,0.796218,0.670817,0.496959,0.770389,0.946677,0.850619,0.771782,0.871862
0.920778,0.77073,0.941369,0.937872,0.841229,0.860197,0.459482,0.504033,0.872506,0.734963,0.782191,0.825432,0.855595,0.489045,0.739135,0.659405,0.858676,0.873805,0.959847,0.960071,1,0.856503,0.807136,0.919538,0.83383,0.878256,0.858422,0.849436,0.556785,0.784242,0.83042,0.747771,0.887604,0.880722,0.789162,0.72416,0.683721,0.673075,0.930748,0.88228,0.589502,0.868004,0.835414,0.624299,0.876502,0.747559,0.690765,0.779948,0.578,0.698061,0.717277,0.752814,0.703047,0.727635,0.807596,0.643543,0.754028,0.703999,0.853304,0.600657,0.279655,0.768458,0.943853,0.967865,0.973089,0.809754,0.829132,0.902152,0.666597,0.846043,0.909963,0.751054,0.821597,0.606396,0.86362,0.913627,0.841911,0.777982,0.650601,0.545313,0.789079,0.927371,0.865775,0.780504,0.85889
0.805754,0.629782,0.837977,0.824487,0.72219,0.683787,0.232727,0.379643,0.688789,0.666236,0.683615,0.710686,0.722064,0.287333,0.630032,0.566838,0.75557,0.734649,0.837725,0.882992,0.856503,1,0.700554,0.817222,0.613353,0.824067,0.764554,0.781321,0.629301,0.710948,0.666427,0.671111,0.786541,0.756543,0.710306,0.573324,0.598305,0.567593,0.81977,0.843221,0.765795,0.827983,0.739596,0.494262,0.788196,0.631585,0.644488,0.70688,0.390296,0.57405,0.501947,0.68493,0.64492,0.677596,0.782266,0.503097,0.584204,0.600545,0.810973,0.666255,0.395137,0.765223,0.824836,0.871491,0.875836,0.769038,0.703404,0.79896,0.708991,0.838198,0.824325,0.697043,0.725322,0.688808,0.784968,0.809639,0.714721,0.738249,0.67294,0.556748,0.730672,0.778184,0.674638,0.732823,0.802837
0.895453,0.785979,0.898928,0.834932,0.85425,0.881711,0.321863,0.548687,0.847235,0.669257,0.724363,0.843605,0.870255,0.64193,0.799156,0.676521,0.894708,0.790642,0.793065,0.807186,0.807136,0.700554,1,0.896768,0.763804,0.797614,0.894603,0.846767,0.53781,0.626221,0.771121,0.685848,0.799694,0.867252,0.828372,0.616437,0.460361,0.810096,0.848344,0.858887,0.596795,0.745894,0.91497,0.768865,0.916486,0.72435,0.76669,0.837789,0.45483,0.648624,0.665273,0.723261,0.694328,0.629238,0.76012,0.762959,0.716105,0.769862,0.844611,0.559632,0.361777,0.669962,0.767803,0.831656,0.835828,0.67865,0.890429,0.885862,0.504633,0.76208,0.886042,0.837801,0.732376,0.563409,0.739996,0.876114,0.824646,0.66804,0.647779,0.399522,0.737748,0.844986,0.785238,0.812331,0.770287
0.967027,0.783733,0.975297,0.92819,0.935321,0.902348,0.459355,0.579618,0.89081,0.715781,0.737285,0.864697,0.906511,0.579154,0.819953,0.652296,0.872119,0.879774,0.884378,0.932775,0.919538,0.817222,0.896768,1,0.84924,0.887121,0.867947,0.85971,0.601563,0.760156,0.846261,0.787027,0.879288,0.884826,0.863692,0.707526,0.594446,0.753214,0.908564,0.931561,0.638736,0.86842,0.914004,0.671022,0.967761,0.832311,0.835927,0.878665,0.602638,0.704079,0.687049,0.794339,0.770333,0.739074,0.86864,0.726202,0.757159,0.747725,0.903521,0.652258,0.350941,0.772657,0.901916,0.917592,0.940264,0.856034,0.904671,0.981518,0.600096,0.825853,0.924017,0.833608,0.775618,0.658997,0.793742,0.924828,0.880911,0.787463,0.73667,0.441953,0.756927,0.941278,0.876718,0.845213,0.891146
0.863975,0.702578,0.869013,0.858725,0.844797,0.852562,0.409348,0.605955,0.839759,0.625146,0.717079,0.728568,0.83047,0.515653,0.734638,0.594831,0.811394,0.795836,0.774881,0.827405,0.83383,0.613353,0.763804,0.84924,1,0.746056,0.719163,0.778538,0.450683,0.725472,0.834084,0.729826,0.818842,0.804444,0.748727,0.777736,0.67127,0.64603,0.830779,0.796171,0.398427,0.764561,0.79223,0.585246,0.82472,0.790709,0.712672,0.744708,0.565564,0.554934,0.619235,0.641439,0.633135,0.634209,0.695431,0.59609,0.727379,0.676341,0.725579,0.479583,0.110163,0.556506,0.818571,0.833653,0.819263,0.732045,0.799024,0.807142,0.439905,0.769345,0.77766,0.741758,0.679382,0.563758,0.666705,0.83949,0.817635,0.733666,0.522878,0.334467,0.668924,0.86591,0.873405,0.745517,0.775328
0.875612,0.712225,0.88862,0.898239,0.860736,0.826739,0.453886,0.530617,0.853198,0.772327,0.798584,0.735789,0.802748,0.464661,0.724861,0.55274,0.821961,0.86076,0.832836,0.886825,0.878256,0.824067,0.797614,0.887121,0.746056,1,0.874845,0.832055,0.642185,0.698219,0.794261,0.62854,0.802131,0.856464,0.759748,0.681812,0.611647,0.688368,0.841759,0.873876,0.610967,0.874257,0.846777,0.605623,0.866141,0.741199,0.707067,0.795431,0.589848,0.645664,0.580095,0.810118,0.781043,0.726787,0.832738,0.652091,0.738383,0.653202,0.858418,0.702642,0.256891,0.673779,0.822308,0.869052,0.901633,0.783295,0.782396,0.869959,0.543404,0.806986,0.878593,0.800052,0.73917,0.556192,0.810022,0.884362,0.812342,0.731729,0.662995,0.401598,0.740052,0.828579,0.827883,0.753501,0.841754
0.858778,0.750928,0.880638,0.844063,0.816103,0.836214,0.355579,0.490044,0.849016,0.74744,0.755917,0.751376,0.792058,0.500897,0.740513,0.557536,0.846687,0.864438,0.834923,0.852385,0.858422,0.764554,0.894603,0.867947,0.719163,0.874845,1,0.853916,0.58714,0.609506,0.763179,0.654775,0.804607,0.907643,0.81267,0.561762,0.489181,0.759394,0.853739,0.841754,0.613945,0.821479,0.879748,0.705226,0.879616,0.746784,0.681171,0.792362,0.529303,0.649295,0.665874,0.763652,0.709438,0.630111,0.757587,0.689411,0.746124,0.66478,0.846984,0.652491,0.353121,0.664992,0.794311,0.857794,0.868039,0.721815,0.814689,0.868392,0.510125,0.765659,0.927206,0.736601,0.770955,0.514251,0.800028,0.875128,0.8093,0.691577,0.651742,0.445753,0.770118,0.836823,0.811992,0.784913,0.792864
0.86272,0.70129,0.867506,0.850609,0.812144,0.827891,0.425158,0.574802,0.853993,0.730199,0.752052,0.740525,0.789449,0.460206,0.799682,0.568477,0.806493,0.822906,0.812066,0.841089,0.849436,0.781321,0.846767,0.85971,0.778538,0.832055,0.853916,1,0.554643,0.702451,0.74401,0.650758,0.819552,0.851777,0.786607,0.670121,0.585983,0.689565,0.868686,0.836096,0.565141,0.856495,0.837422,0.621855,0.827393,0.716009,0.700588,0.805999,0.60389,0.612538,0.624637,0.7619,0.676177,0.679006,0.787908,0.645221,0.743326,0.622004,0.784798,0.593866,0.288885,0.707069,0.813595,0.86759,0.86537,0.709994,0.796471,0.843978,0.525683,0.785675,0.895831,0.764271,0.67689,0.571043,0.732291,0.871354,0.77303,0.71089,0.664811,0.478206,0.663661,0.83743,0.821044,0.781515,0.847258
0.544131,0.421278,0.601075,0.535673,0.558728,0.508345,0.282617,0.396344,0.46009,0.340053,0.318274,0.530436,0.518979,0.354519,0.359489,0.469188,0.524391,0.595106,0.561701,0.642187,0.556785,0.629301,0.53781,0.601563,0.450683,0.642185,0.58714,0.554643,1,0.474107,0.479659,0.543154,0.61796,0.656111,0.619839,0.375776,0.352899,0.403787,0.692692,0.61922,0.45702,0.640204,0.479446,0.249645,0.550704,0.357205,0.388487,0.498953,0.298248,0.347424,0.322327,0.352743,0.312924,0.308464,0.436641,0.509262,0.296418,0.506114,0.487289,0.323627,0.193674,0.532993,0.526052,0.634351,0.579376,0.491336,0.571144,0.536386,0.31551,0.496032,0.603626,0.507128,0.485257,0.550008,0.604034,0.602053,0.706924,0.544522,0.434677,0.0114416,0.492964,0.62537,0.483174,0.463581,0.641609
0.766325,0.704471,0.793189,0.774373,0.768036,0.799786,0.569587,0.53695,0.730781,0.656492,0.707948,0.711117,0.784915,0.499332,0.687695,0.57134,0.740145,0.727336,0.758974,0.786378,0.784242,0.710948,0.626221,0.760156,0.725472,0.698219,0.609506,0.702451,0.474107,1,0.599019,0.612591,0.657443,0.699183,0.67696,0.597224,0.596878,0.659338,0.77689,0.761624,0.511028,0.76037,0.70831,0.542688,0.745682,0.728628,0.653491,0.732298,0.586013,0.631828,0.553227,0.698493,0.654818,0.730572,0.770867,0.604319,0.698816,0.580408,0.758357,0.443308,0.0230422,0.538056,0.770738,0.770667,0.812005,0.758499,0.70482,0.751995,0.559001,0.765072,0.717907,0.676568,0.696157,0.541592,0.726709,0.7645,0.700104,0.686258,0.603818,0.494296,0.665813,0.805396,0.758266,0.568748,0.704875
0.820432,0.639774,0.84992,0.834915,0.735947,0.71424,0.259844,0.36306,0.777082,0.579948,0.635311,0.752585,0.788427,0.433782,0.614852,0.603004,0.788277,0.779094,0.762051,0.819415,0.83042,0.666427,0.771121,0.846261,0.834084,0.794261,0.763179,0.74401,0.479659,0.599019,1,0.66108,0.771086,0.782795,0.748446,0.720937,0.626236,0.598035,0.802279,0.781847,0.442316,0.779431,0.774723,0.52205,0.809941,0.663347,0.688349,0.718659,0.476188,0.519393,0.597659,0.629454,0.604092,0.605488,0.716893,0.557496,0.651434,0.692677,0.762955,0.475405,0.417275,0.615951,0.792821,0.825858,0.839512,0.731998,0.759733,0.827276,0.439109,0.672344,0.774421,0.7443,0.628107,0.487414,0.621173,0.80853,0.751813,0.657969,0.579653,0.370278,0.720955,0.804012,0.832628,0.778357,0.776564
0.784991,0.63993,0.787462,0.744838,0.699271,0.703916,0.29898,0.497529,0.682162,0.526644,0.571102,0.711152,0.744266,0.472866,0.544673,0.57906,0.676625,0.770476,0.717404,0.784599,0.747771,0.671111,0.685848,0.787027,0.729826,0.62854,0.654775,0.650758,0.543154,0.612591,0.66108,1,0.745564,0.657807,0.695331,0.644334,0.547942,0.596731,0.777811,0.723089,0.365101,0.688014,0.683583,0.449179,0.752733,0.681919,0.641738,0.642081,0.484848,0.502295,0.519966,0.575908,0.547246,0.570882,0.660745,0.526535,0.548003,0.649463,0.665437,0.498485,0.266205,0.644286,0.700936,0.77451,0.779697,0.766644,0.619143,0.782986,0.595802,0.677489,0.701703,0.64912,0.646093,0.657074,0.578953,0.707687,0.73529,0.717387,0.628768,0.409549,0.6824,0.792382,0.742439,0.718752,0.772139
0.880969,0.696385,0.88428,0.87743,0.820784,0.798235,0.362912,0.623366,0.811574,0.677302,0.699538,0.741907,0.796414,0.488956,0.724782,0.67996,0.787989,0.819289,0.875747,0.895528,0.887604,0.786541,0.799694,0.879288,0.818842,0.802131,0.804607,0.819552,0.61796,0.657443,0.771086,0.745564,1,0.862282,0.803349,0.680957,0.509215,0.681061,0.903206,0.850249,0.600795,0.803379,0.814418,0.600868,0.828014,0.677622,0.646532,0.729885,0.508844,0.484635,0.589105,0.697041,0.636542,0.54752,0.678347,0.633415,0.66731,0.721316,0.752877,0.602876,0.305836,0.71363,0.868892,0.881951,0.854798,0.71118,0.792168,0.827396,0.468378,0.742304,0.822436,0.728733,0.726795,0.584499,0.752835,0.866271,0.902023,0.773118,0.539337,0.320793,0.733458,0.876642,0.796033,0.80152,0.824735
0.875465,0.728312,0.900423,0.876553,0.855014,0.858282,0.440851,0.617044,0.842951,0.716516,0.728636,0.786782,0.824088,0.553717,0.759653,0.603015,0.860501,0.873837,0.862054,0.879299,0.880722,0.756543,0.867252,0.884826,0.804444,0.856464,0.907643,0.851777,0.656111,0.699183,0.782795,0.657807,0.862282,1,0.866823,0.555036,0.466654,0.760368,0.916496,0.891844,0.592427,0.833277,0.854904,0.665242,0.863341,0.74302,0.687211,0.795469,0.53904,0.623323,0.592338,0.725149,0.67202,0.57956,0.710125,0.718957,0.724085,0.675364,0.810747,0.551481,0.250834,0.607285,0.819044,0.887729,0.874403,0.750552,0.847416,0.847821,0.507013,0.770765,0.906554,0.768613,0.794951,0.541614,0.835057,0.907699,0.901491,0.700427,0.622624,0.367661,0.799893,0.893931,0.855616,0.772169,0.833595
0.833388,0.737072,0.843,0.78429,0.805448,0.812949,0.378237,0.662816,0.805651,0.629737,0.615983,0.730967,0.842389,0.556175,0.745805,0.686149,0.825029,0.825478,0.794258,0.817009,0.789162,0.710306,0.828372,0.863692,0.748727,0.759748,0.81267,0.786607,0.619839,0.67696,0.748446,0.695331,0.803349,0.866823,1,0.507926,0.429271,0.801023,0.856914,0.802326,0.624025,0.750091,0.819495,0.629777,0.831434,0.724299,0.662442,0.808736,0.475903,0.561345,0.489957,0.686486,0.642019,0.523224,0.698762,0.711594,0.66576,0.762084,0.81197,0.5394,0.23359,0.619107,0.759357,0.78827,0.813061,0.805694,0.832755,0.827314,0.38422,0.757381,0.830224,0.706247,0.670197,0.658349,0.734419,0.892797,0.876371,0.77798,0.624413,0.339617,0.704488,0.825959,0.763801,0.79358,0.80972
0.745465,0.576951,0.739483,0.766728,0.700824,0.695524,0.28887,0.336853,0.667955,0.51532,0.643484,0.66599,0.700774,0.414225,0.544679,0.520836,0.670248,0.653363,0.648937,0.717805,0.72416,0.573324,0.616437,0.707526,0.777736,0.681812,0.561762,0.670121,0.375776,0.597224,0.720937,0.644334,0.680957,0.555036,0.507926,1,0.745614,0.403998,0.658931,0.638768,0.305366,0.685781,0.668636,0.433776,0.683811,0.610066,0.658417,0.616779,0.459218,0.521112,0.506087,0.549042,0.559637,0.667599,0.670184,0.487824,0.576179,0.576092,0.602421,0.461419,0.265022,0.557333,0.680063,0.730452,0.733153,0.611844,0.588584,0.690428,0.504076,0.658347,0.649796,0.682982,0.543673,0.497676,0.523573,0.702171,0.595134,0.545922,0.44198,0.297576,0.503527,0.726243,0.72702,0.593516,0.676565
0.610323,0.443859,0.619263,0.627781,0.519629,0.573668,0.251158,0.184437,0.573662,0.416948,0.535539,0.515079,0.55575,0.171546,0.432308,0.361616,0.55222,0.599669,0.588969,0.667748,0.683721,0.598305,0.460361,0.594446,0.67127,0.611647,0.489181,0.585983,0.352899,0.596878,0.626236,0.547942,0.509215,0.466654,0.429271,0.745614,1,0.318278,0.551308,0.578699,0.306184,0.648918,0.519332,0.305834,0.582596,0.537582,0.526744,0.510612,0.458901,0.522232,0.596968,0.455182,0.443789,0.675162,0.639561,0.292349,0.59155,0.440138,0.577514,0.378606,0.15742,0.507456,0.610219,0.712593,0.680683,0.568757,0.56715,0.591803,0.591793,0.650422,0.584437,0.552139,0.497606,0.472021,0.519298,0.645262,0.439548,0.502346,0.395904,0.369422,0.425636,0.624533,0.607528,0.440366,0.600869
0.7703,0.753249,0.749991,0.718489,0.736924,0.82195,0.408923,0.675472,0.770237,0.715166,0.725176,0.600554,0.749182,0.600117,0.739357,0.610048,0.759223,0.721904,0.678334,0.691792,0.673075,0.567593,0.810096,0.753214,0.64603,0.688368,0.759394,0.689565,0.403787,0.659338,0.598035,0.596731,0.681061,0.760368,0.801023,0.403998,0.318278,1,0.71603,0.732437,0.560823,0.676564,0.840328,0.763872,0.784578,0.681959,0.647102,0.728218,0.559984,0.568798,0.513777,0.773351,0.703082,0.521095,0.672701,0.724314,0.732501,0.672319,0.781799,0.533413,0.132513,0.401754,0.633458,0.670592,0.708424,0.644141,0.722853,0.760024,0.302178,0.678314,0.763705,0.741727,0.708929,0.404197,0.598141,0.803819,0.761773,0.71022,0.629143,0.375883,0.730915,0.700721,0.685807,0.6756,0.64206
0.898921,0.803804,0.934074,0.894805,0.858581,0.859373,0.490066,0.608208,0.840215,0.673315,0.724333,0.839709,0.89022,0.628009,0.7535,0.763748,0.887492,0.86309,0.928309,0.925699,0.930748,0.81977,0.848344,0.908564,0.830779,0.841759,0.853739,0.868686,0.692692,0.77689,0.802279,0.777811,0.903206,0.916496,0.856914,0.658931,0.551308,0.71603,1,0.90696,0.581086,0.826901,0.832073,0.641615,0.865386,0.694921,0.694417,0.804645,0.564442,0.638566,0.669931,0.697488,0.640793,0.637042,0.751403,0.752624,0.675031,0.778833,0.81483,0.553649,0.229414,0.76032,0.897105,0.940547,0.914735,0.758819,0.849004,0.880235,0.548277,0.813848,0.892232,0.777086,0.78156,0.602992,0.815226,0.891692,0.91425,0.800111,0.632365,0.411574,0.780537,0.945284,0.853877,0.792358,0.863724
0.906205,0.769907,0.932406,0.889396,0.905687,0.871733,0.432025,0.558998,0.819698,0.655397,0.732361,0.813873,0.855967,0.572178,0.798096,0.644759,0.85852,0.835256,0.86283,0.926487,0.88228,0.843221,0.858887,0.931561,0.796171,0.873876,0.841754,0.836096,0.61922,0.761624,0.781847,0.723089,0.850249,0.891844,0.802326,0.638768,0.578699,0.732437,0.90696,1,0.630171,0.871938,0.878652,0.716173,0.921983,0.787082,0.821835,0.833448,0.566629,0.693158,0.64575,0.753535,0.737394,0.743956,0.846094,0.705191,0.715198,0.714013,0.893003,0.644972,0.276138,0.72641,0.840422,0.91212,0.890336,0.781959,0.874752,0.92351,0.603505,0.863979,0.887447,0.841896,0.785129,0.598375,0.807421,0.879071,0.838283,0.722961,0.689978,0.455747,0.770084,0.925444,0.859153,0.756148,0.860389
0.638781,0.555468,0.667023,0.619087,0.61488,0.549902,0.170246,0.312547,0.519578,0.574657,0.492302,0.585827,0.581613,0.331545,0.610217,0.52109,0.65451,0.472379,0.620698,0.603701,0.589502,0.765795,0.596795,0.638736,0.398427,0.610967,0.613945,0.565141,0.45702,0.511028,0.442316,0.365101,0.600795,0.592427,0.624025,0.305366,0.306184,0.560823,0.581086,0.630171,1,0.559315,0.644187,0.476837,0.654886,0.444089,0.533889,0.633134,0.246749,0.485798,0.354705,0.571775,0.550536,0.461668,0.589404,0.522616,0.482734,0.535266,0.698321,0.47827,0.42569,0.527307,0.625749,0.601559,0.612402,0.51367,0.63779,0.607624,0.49859,0.645728,0.641876,0.559015,0.564228,0.538182,0.585807,0.668443,0.569319,0.583015,0.476183,0.370997,0.541941,0.553116,0.373676,0.601238,0.522
0.85824,0.669271,0.875099,0.868687,0.801963,0.800677,0.387414,0.457101,0.806563,0.690105,0.717032,0.678262,0.722454,0.344208,0.704179,0.510716,0.746092,0.836122,0.825586,0.910736,0.868004,0.827983,0.745894,0.86842,0.764561,0.874257,0.821479,0.856495,0.640204,0.76037,0.779431,0.688014,0.803379,0.833277,0.750091,0.685781,0.648918,0.676564,0.826901,0.871938,0.559315,1,0.815249,0.567786,0.843024,0.755796,0.743197,0.760142,0.64525,0.62294,0.57484,0.734582,0.693316,0.70482,0.812755,0.539106,0.743548,0.57477,0.824494,0.596345,0.311968,0.625463,0.818531,0.89032,0.895164,0.77973,0.745726,0.847773,0.560448,0.809966,0.884695,0.747543,0.73387,0.580121,0.754924,0.848517,0.77484,0.702439,0.689459,0.450586,0.75313,0.846595,0.851761,0.70662,0.888471
0.947332,0.846936,0.92908,0.880376,0.901812,0.908008,0.384583,0.632546,0.866901,0.821443,0.844564,0.810576,0.89734,0.657068,0.836119,0.676088,0.905856,0.846187,0.818003,0.822955,0.835414,0.739596,0.91497,0.914004,0.79223,0.846777,0.879748,0.837422,0.479446,0.70831,0.774723,0.683583,0.814418,0.854904,0.819495,0.668636,0.519332,0.840328,0.832073,0.878652,0.644187,0.815249,1,0.837009,0.965516,0.861792,0.848896,0.909296,0.594001,0.714736,0.635663,0.868996,0.853589,0.722896,0.852387,0.784056,0.821582,0.779589,0.918229,0.692365,0.393661,0.627313,0.817427,0.832136,0.865198,0.754786,0.828206,0.928154,0.550468,0.805657,0.897676,0.896079,0.752362,0.458115,0.700551,0.911609,0.83013,0.734014,0.706242,0.43561,0.766529,0.835077,0.846009,0.840189,0.794261
0.708175,0.875188,0.695655,0.655151,0.737124,0.785501,0.397771,0.612675,0.696667,0.609926,0.75022,0.674905,0.771593,0.751089,0.785311,0.683154,0.80505,0.620317,0.631688,0.593327,0.624299,0.494262,0.768865,0.671022,0.585246,0.605623,0.705226,0.621855,0.249645,0.542688,0.52205,0.449179,0.600868,0.665242,0.629777,0.433776,0.305834,0.763872,0.641615,0.716173,0.476837,0.567786,0.837009,1,0.770663,0.698248,0.674826,0.766329,0.49105,0.649568,0.583166,0.735996,0.770625,0.656211,0.721452,0.775437,0.752531,0.754037,0.827601,0.536696,0.201428,0.469137,0.579824,0.595663,0.622178,0.473056,0.708805,0.726956,0.319446,0.656396,0.674007,0.731969,0.576607,0.240437,0.601544,0.686071,0.601624,0.464146,0.398542,0.382309,0.635523,0.648391,0.655141,0.579113,0.515396
0.961562,0.816555,0.962239,0.899357,0.937063,0.913217,0.419999,0.577851,0.8738,0.759657,0.791531,0.87323,0.92263,0.628818,0.82991,0.652845,0.908275,0.853162,0.837718,0.883517,0.876502,0.788196,0.916486,0.967761,0.82472,0.866141,0.879616,0.827393,0.550704,0.745682,0.809941,0.752733,0.828014,0.863341,0.831434,0.683811,0.582596,0.784578,0.865386,0.921983,0.654886,0.843024,0.965516,0.770663,1,0.882244,0.87846,0.9045,0.589746,0.735494,0.693738,0.835709,0.839323,0.778283,0.895737,0.751663,0.791244,0.781636,0.941769,0.685925,0.396853,0.714471,0.861133,0.884942,0.912543,0.823763,0.884464,0.971788,0.618646,0.822567,0.906915,0.886613,0.758677,0.566834,0.754288,0.920568,0.851063,0.745709,0.730278,0.432798,0.765151,0.899549,0.867301,0.844743,0.83657
0.833344,0.6863,0.813481,0.768563,0.865396,0.838398,0.431646,0.617667,0.794028,0.746578,0.774236,0.70596,0.812783,0.511831,0.774012,0.397711,0.758857,0.801356,0.676142,0.745911,0.747559,0.631585,0.72435,0.832311,0.790709,0.741199,0.746784,0.716009,0.357205,0.728628,0.663347,0.681919,0.677622,0.74302,0.724299,0.610066,0.537582,0.681959,0.694921,0.787082,0.444089,0.755796,0.861792,0.698248,0.882244,1,0.813623,0.822549,0.614174,0.671628,0.572564,0.849333,0.866025,0.77669,0.849778,0.603956,0.791497,0.587965,0.838008,0.699609,0.222192,0.542233,0.724627,0.720295,0.788351,0.837303,0.716177,0.858291,0.558996,0.729878,0.772384,0.760723,0.623595,0.449894,0.632095,0.81538,0.710566,0.639604,0.689738,0.445246,0.678561,0.775879,0.874573,0.719319,0.751968
0.813075,0.69334,0.821266,0.774738,0.828244,0.765127,0.372771,0.415042,0.656017,0.588516,0.628727,0.712303,0.772392,0.59053,0.759182,0.530057,0.751029,0.676187,0.678121,0.715325,0.690765,0.644488,0.76669,0.835927,0.712672,0.707067,0.681171,0.700588,0.388487,0.653491,0.688349,0.641738,0.646532,0.687211,0.662442,0.658417,0.526744,0.647102,0.694417,0.821835,0.533889,0.743197,0.848896,0.674826,0.87846,0.813623,1,0.802009,0.599348,0.689218,0.542205,0.699814,0.713212,0.750825,0.824395,0.670573,0.659748,0.600786,0.814548,0.536027,0.41589,0.552898,0.672327,0.726149,0.747552,0.707096,0.712229,0.862091,0.554735,0.657806,0.743028,0.840862,0.62932,0.422084,0.496549,0.739325,0.62957,0.543976,0.625596,0.325023,0.641306,0.773359,0.78402,0.663921,0.741217
0.894246,0.822563,0.882523,0.803708,0.886827,0.854775,0.464052,0.640159,0.833237,0.735151,0.744914,0.82667,0.895968,0.716358,0.873824,0.665566,0.870603,0.833182,0.781125,0.758422,0.779948,0.70688,0.837789,0.878665,0.744708,0.795431,0.792362,0.805999,0.498953,0.732298,0.718659,0.642081,0.729885,0.795469,0.808736,0.616779,0.510612,0.728218,0.804645,0.833448,0.633134,0.760142,0.909296,0.766329,0.9045,0.822549,0.802009,1,0.613969,0.779106,0.671372,0.810545,0.819409,0.704467,0.843993,0.822393,0.817208,0.761787,0.883884,0.641163,0.349961,0.679018,0.746045,0.766043,0.809273,0.71803,0.844932,0.889866,0.510072,0.765414,0.864321,0.794057,0.685215,0.547203,0.687364,0.860702,0.772599,0.622989,0.637271,0.421025,0.711905,0.805222,0.809023,0.800657,0.786021
0.596049,0.549687,0.583556,0.640187,0.605379,0.671796,0.810095,0.468642,0.673605,0.581377,0.572234,0.43081,0.533609,0.461528,0.709319,0.332488,0.483406,0.643307,0.532525,0.555331,0.578,0.390296,0.45483,0.602638,0.565564,0.589848,0.529303,0.60389,0.298248,0.586013,0.476188,0.484848,0.508844,0.53904,0.475903,0.459218,0.458901,0.559984,0.564442,0.566629,0.246749,0.64525,0.594001,0.49105,0.589746,0.614174,0.599348,0.613969,1,0.590048,0.636302,0.645183,0.604133,0.582524,0.624744,0.558664,0.783795,0.362304,0.56641,0.355562,0.00109872,0.358139,0.546315,0.580338,0.582764,0.51101,0.533328,0.62816,0.257423,0.445275,0.612557,0.483292,0.40969,0.17026,0.371247,0.585396,0.503837,0.43822,0.392497,0.186086,0.415271,0.614161,0.682544,0.42663,0.607635
0.717703,0.659631,0.708527,0.667223,0.717991,0.764541,0.526406,0.334616,0.635927,0.503279,0.576823,0.671972,0.689406,0.598146,0.708549,0.431701,0.699409,0.626176,0.673239,0.622122,0.698061,0.57405,0.648624,0.704079,0.554934,0.645664,0.649295,0.612538,0.347424,0.631828,0.519393,0.502295,0.484635,0.623323,0.561345,0.521112,0.522232,0.568798,0.638566,0.693158,0.485798,0.62294,0.714736,0.649568,0.735494,0.671628,0.689218,0.779106,0.590048,1,0.719125,0.648881,0.655833,0.713929,0.731724,0.641732,0.641088,0.501376,0.743034,0.474809,0.166077,0.638712,0.583874,0.66934,0.698512,0.570746,0.702284,0.749397,0.573537,0.691745,0.733651,0.628305,0.639039,0.379459,0.615498,0.703888,0.509835,0.428366,0.573359,0.511101,0.569631,0.677434,0.682136,0.462398,0.652296
0.674621,0.606077,0.671541,0.624956,0.624731,0.694654,0.543499,0.326163,0.701634,0.478499,0.565223,0.659166,0.655323,0.505943,0.697477,0.456514,0.644307,0.613675,0.659301,0.635845,0.717277,0.501947,0.665273,0.687049,0.619235,0.580095,0.665874,0.624637,0.322327,0.553227,0.597659,0.519966,0.589105,0.592338,0.489957,0.506087,0.596968,0.513777,0.669931,0.64575,0.354705,0.57484,0.635663,0.583166,0.693738,0.572564,0.542205,0.671372,0.636302,0.719125,1,0.590298,0.577277,0.606385,0.646043,0.552516,0.702724,0.552431,0.655252,0.449097,0.212469,0.687563,0.677046,0.708657,0.679995,0.433852,0.762842,0.708957,0.462227,0.556812,0.693358,0.523947,0.521889,0.312582,0.575912,0.670501,0.55426,0.459644,0.403122,0.325866,0.531516,0.699893,0.660271,0.497846,0.586833
0.814661,0.705106,0.777155,0.773795,0.808151,0.800739,0.485797,0.650102,0.819949,0.878583,0.872187,0.696378,0.786378,0.537696,0.776225,0.461303,0.750213,0.778389,0.671133,0.717875,0.752814,0.68493,0.723261,0.794339,0.641439,0.810118,0.763652,0.7619,0.352743,0.698493,0.629454,0.575908,0.697041,0.725149,0.686486,0.549042,0.455182,0.773351,0.697488,0.753535,0.571775,0.734582,0.868996,0.735996,0.835709,0.849333,0.699814,0.810545,0.645183,0.648881,0.590298,1,0.951183,0.765622,0.875609,0.668786,0.821926,0.632865,0.864347,0.772812,0.290352,0.566358,0.730928,0.709099,0.799159,0.750325,0.664238,0.833432,0.542766,0.690479,0.781932,0.799842,0.624585,0.364299,0.631962,0.835324,0.70576,0.665692,0.716724,0.474374,0.720855,0.702146,0.797839,0.747165,0.718879
0.797018,0.72223,0.755198,0.749402,0.808446,0.784646,0.478897,0.622719,0.791444,0.83239,0.878707,0.702742,0.794268,0.543763,0.784608,0.459736,0.766083,0.713637,0.616072,0.685285,0.703047,0.64492,0.694328,0.770333,0.633135,0.781043,0.709438,0.676177,0.312924,0.654818,0.604092,0.547246,0.636542,0.67202,0.642019,0.559637,0.443789,0.703082,0.640793,0.737394,0.550536,0.693316,0.853589,0.770625,0.839323,0.866025,0.713212,0.819409,0.604133,0.655833,0.577277,0.951183,1,0.775823,0.874795,0.637966,0.817415,0.657128,0.875813,0.783295,0.287377,0.542886,0.684488,0.659704,0.758381,0.721121,0.669912,0.804697,0.520173,0.699054,0.722552,0.779835,0.546154,0.38741,0.611008,0.796169,0.672906,0.588988,0.621746,0.409141,0.685031,0.669373,0.753178,0.705947,0.64284
