1,0.960586,0.961845,0.798461,0.848338,0.870549,0.626657,0.575532,0.751288,0.648034,0.796779,0.771185,0.894565,0.946057,0.828158,0.906462,0.848584,0.713232,0.792507,0.936664,0.916449,0.641491,0.827139,0.930153,0.665503,0.834262,0.881188,0.831412,0.747121,0.565893,0.319067,0.527719,0.816477,0.846083,0.602768,0.613249,0.594535,0.687754,0.867065,0.836319,0.788108,0.778756,0.928765,0.895006,0.941466,0.880175,0.852377,0.882199,0.344877,0.618095,0.740054,0.866571,0.841119,0.726056,0.931939,0.899421,0.771059,0.936882,0.926548,0.577795,0.714065,0.659292,0.764871,0.940328,0.941054,0.712324,0.822727,0.918069,0.686258,0.798705,0.845808,0.846716,0.660969,0.536319,0.739529,0.785338,0.851595,0.685544,0.609836,0.292773,0.768176,0.876704,0.811575,0.498521,0.777115
0.960586,1,0.951961,0.786754,0.834366,0.861596,0.68073,0.610447,0.753832,0.619306,0.757184,0.737917,0.877528,0.936275,0.798229,0.929041,0.852531,0.70842,0.800953,0.928152,0.921261,0.610266,0.830899,0.914889,0.596524,0.827504,0.846541,0.815384,0.749065,0.593301,0.370855,0.536032,0.788726,0.807774,0.620519,0.614235,0.538907,0.689898,0.888113,0.846426,0.736872,0.770993,0.945973,0.918437,0.9359,0.846201,0.833391,0.831599,0.397713,0.61372,0.689277,0.857874,0.814166,0.706287,0.904765,0.931184,0.729778,0.938826,0.915702,0.607515,0.630192,0.666623,0.727385,0.918863,0.935553,0.686683,0.822232,0.915016,0.650212,0.792311,0.83839,0.854534,0.702233,0.597731,0.733341,0.795334,0.811138,0.626097,0.617673,0.31188,0.749978,0.873878,0.849352,0.564592,0.808075
0.961845,0.951961,1,0.815193,0.852403,0.857755,0.608253,0.556616,0.761909,0.658074,0.839312,0.771549,0.889179,0.916291,0.807046,0.911319,0.853766,0.657563,0.788165,0.944021,0.92685,0.63699,0.813935,0.935514,0.607388,0.833089,0.872748,0.816715,0.739351,0.543143,0.370331,0.519846,0.807633,0.821514,0.58618,0.594812,0.490083,0.67357,0.8671,0.843281,0.718678,0.767938,0.917332,0.906669,0.965463,0.883118,0.880026,0.840723,0.385839,0.660116,0.724602,0.878718,0.823839,0.744918,0.928597,0.911262,0.750509,0.943968,0.934889,0.593107,0.677679,0.615409,0.691296,0.930546,0.930812,0.713973,0.844614,0.923033,0.632834,0.821432,0.855582,0.850107,0.697633,0.530839,0.736105,0.829383,0.839658,0.660701,0.623972,0.363232,0.781239,0.871223,0.836484,0.503585,0.780407
0.798461,0.786754,0.815193,1,0.612401,0.677036,0.467532,0.435233,0.531195,0.630986,0.821457,0.775412,0.839851,0.781164,0.706524,0.810983,0.793075,0.622622,0.585934,0.741146,0.66302,0.352842,0.604917,0.749826,0.428055,0.720169,0.671679,0.607266,0.618454,0.317223,-6.40397e-06,0.61886,0.6052,0.624569,0.331539,0.422422,0.452938,0.539093,0.617966,0.565516,0.704911,0.549348,0.777183,0.766131,0.82122,0.795429,0.770762,0.673133,0.265197,0.342676,0.574044,0.664444,0.7145,0.604733,0.804685,0.757417,0.596262,0.792482,0.831694,0.540065,0.43806,0.589186,0.606055,0.709198,0.815391,0.601974,0.647938,0.754725,0.472878,0.748293,0.697982,0.726285,0.633132,0.587757,0.648425,0.692536,0.682564,0.643907,0.402849,0.0943571,0.634151,0.62642,0.650735,0.292633,0.575366
0.848338,0.834366,0.852403,0.612401,1,0.838524,0.584241,0.608223,0.701464,0.565824,0.647852,0.572926,0.681219,0.815822,0.711516,0.760069,0.70651,0.610627,0.731467,0.854319,0.853871,0.603424,0.768063,0.874929,0.683043,0.830924,0.861307,0.749366,0.719681,0.523244,0.373191,0.508036,0.759147,0.789548,0.65524,0.591302,0.579247,0.740734,0.829266,0.823593,0.623929,0.846152,0.775683,0.770685,0.810759,0.676344,0.84172,0.890404,0.335619,0.695634,0.753673,0.84361,0.696304,0.541329,0.775423,0.824687,0.730588,0.770685,0.79589,0.495079,0.690291,0.620464,0.663846,0.839845,0.866614,0.662186,0.836991,0.9038,0.658341,0.831498,0.875112,0.788475,0.571512,0.388487,0.689938,0.679946,0.748802,0.556698,0.650321,0.522584,0.753825,0.842016,0.760628,0.597929,0.673183
0.870549,0.861596,0.857755,0.677036,0.838524,1,0.545554,0.543216,0.777392,0.590602,0.688277,0.669244,0.781577,0.822099,0.765221,0.770834,0.775319,0.598691,0.716622,0.831309,0.90606,0.689721,0.875561,0.923547,0.601897,0.837495,0.848233,0.783492,0.645444,0.515296,0.387856,0.481173,0.831915,0.806257,0.622473,0.750407,0.576405,0.738448,0.813443,0.778026,0.65861,0.801724,0.798781,0.783162,0.826238,0.757933,0.779476,0.864223,0.38923,0.570228,0.752623,0.897013,0.719557,0.48104,0.885414,0.792016,0.6128,0.835472,0.856899,0.551886,0.641518,0.587689,0.722127,0.88394,0.870779,0.724173,0.875548,0.871564,0.558612,0.800093,0.852185,0.819562,0.659826,0.540594,0.70534,0.744341,0.826714,0.630318,0.654115,0.479508,0.667856,0.847608,0.7652,0.507366,0.701234
0.626657,0.68073,0.608253,0.467532,0.584241,0.545554,1,0.673363,0.623917,0.456638,0.526511,0.473557,0.620766,0.710072,0.565424,0.69283,0.63802,0.617901,0.653455,0.632514,0.705472,0.281554,0.626375,0.672727,0.408811,0.485252,0.588539,0.701194,0.640564,0.444884,0.355521,0.452726,0.480288,0.544493,0.560906,0.389882,0.306862,0.450702,0.69175,0.685307,0.35189,0.414218,0.734088,0.683037,0.661654,0.600494,0.60447,0.626653,0.351289,0.632314,0.538955,0.627642,0.601772,0.515664,0.607005,0.703428,0.520902,0.635297,0.626437,0.362949,0.456287,0.488889,0.422624,0.712223,0.673551,0.454764,0.644042,0.686967,0.410114,0.580261,0.671457,0.453653,0.473354,0.307726,0.530239,0.578547,0.594763,0.663763,0.440339,0.0740317,0.529516,0.634581,0.695266,0.409993,0.593115
0.575532,0.610447,0.556616,0.435233,0.608223,0.543216,0.673363,1,0.573971,0.365151,0.385257,0.42295,0.553842,0.634311,0.561816,0.542823,0.582316,0.553859,0.551802,0.622465,0.651019,0.351852,0.573697,0.606103,0.332953,0.532965,0.557879,0.544893,0.546239,0.486611,0.251744,0.531788,0.520519,0.652031,0.467956,0.488432,0.479236,0.359301,0.692152,0.656544,0.297167,0.588405,0.602334,0.554949,0.57631,0.487374,0.511019,0.619496,0.391599,0.623123,0.464312,0.550122,0.498038,0.401676,0.569688,0.551546,0.562879,0.525519,0.580475,0.396111,0.553104,0.445319,0.499146,0.575456,0.675462,0.557798,0.602419,0.652334,0.438698,0.595985,0.670877,0.446909,0.405768,0.360539,0.553033,0.665545,0.559386,0.448571,0.391906,0.269827,0.550196,0.651296,0.711478,0.518941,0.435664
0.751288,0.753832,0.761909,0.531195,0.701464,0.777392,0.623917,0.573971,1,0.327574,0.533326,0.459879,0.629938,0.745427,0.710131,0.725067,0.691386,0.687019,0.601105,0.757783,0.85363,0.679054,0.795048,0.802884,0.580874,0.716967,0.77666,0.771866,0.502714,0.545019,0.325645,0.349693,0.654539,0.690973,0.558493,0.522759,0.55612,0.567309,0.807582,0.767314,0.51466,0.690376,0.733638,0.714628,0.7653,0.656032,0.651559,0.747118,0.48936,0.592398,0.620051,0.799344,0.599469,0.411117,0.777956,0.685391,0.528891,0.663225,0.767677,0.599134,0.591295,0.406946,0.560092,0.795728,0.733335,0.566137,0.759213,0.744478,0.322991,0.603447,0.764605,0.697089,0.503027,0.496082,0.667801,0.713798,0.652308,0.645192,0.506703,0.28331,0.707649,0.829827,0.808747,0.474027,0.522855
0.648034,0.619306,0.658074,0.630986,0.565824,0.590602,0.456638,0.365151,0.327574,1,0.690716,0.592376,0.707763,0.577677,0.59769,0.561856,0.565181,0.390597,0.535335,0.649064,0.606131,0.304371,0.542086,0.641317,0.506288,0.474699,0.579742,0.48157,0.598403,0.408567,0.268462,0.358668,0.577806,0.596451,0.398575,0.335655,0.314788,0.483665,0.54111,0.570725,0.465083,0.41579,0.538475,0.531873,0.575213,0.627143,0.644658,0.617256,0.0287073,0.435738,0.508236,0.633536,0.61888,0.465038,0.673317,0.59164,0.571869,0.699665,0.610601,0.337239,0.499971,0.706425,0.527072,0.647808,0.696369,0.653411,0.633055,0.731501,0.578571,0.751562,0.606647,0.559545,0.61883,0.360073,0.570773,0.552395,0.659355,0.465296,0.483347,0.35411,0.453738,0.541435,0.544786,0.35681,0.626796
0.796779,0.757184,0.839312,0.821457,0.647852,0.688277,0.526511,0.385257,0.533326,0.690716,1,0.771473,0.806923,0.73348,0.61161,0.748829,0.715443,0.58394,0.645179,0.748792,0.704563,0.450905,0.567515,0.761833,0.39741,0.690454,0.708762,0.678889,0.558215,0.27844,0.159587,0.549334,0.66449,0.649242,0.453805,0.474359,0.462454,0.537872,0.689206,0.637964,0.613713,0.524471,0.729555,0.788084,0.825331,0.806941,0.820806,0.706652,0.261259,0.493028,0.652487,0.723935,0.729243,0.699171,0.810741,0.790034,0.695483,0.828142,0.805959,0.490288,0.458982,0.54913,0.55266,0.749338,0.780118,0.515133,0.753923,0.79002,0.526662,0.761449,0.669336,0.645072,0.596327,0.400391,0.546237,0.669136,0.711479,0.62874,0.380007,0.221817,0.50061,0.664088,0.633136,0.157745,0.623096
0.771185,0.737917,0.771549,0.775412,0.572926,0.669244,0.473557,0.42295,0.459879,0.592376,0.771473,1,0.853391,0.723758,0.640499,0.730661,0.804601,0.555773,0.703147,0.757339,0.70379,0.338026,0.538588,0.718525,0.365732,0.649291,0.610377,0.684226,0.61927,0.305029,0.0470576,0.523157,0.629271,0.69752,0.464667,0.496679,0.385454,0.500348,0.674763,0.613785,0.601159,0.446,0.781306,0.721993,0.769844,0.822374,0.693544,0.616606,0.141151,0.456747,0.575023,0.667609,0.737926,0.652339,0.777591,0.755626,0.646337,0.816327,0.79023,0.50292,0.508792,0.488631,0.555951,0.724555,0.786057,0.623648,0.630957,0.706494,0.588507,0.682878,0.564642,0.681268,0.556933,0.516686,0.645703,0.714835,0.742631,0.588549,0.46095,0.0951653,0.544671,0.637626,0.68136,0.174655,0.644654
0.894565,0.877528,0.889179,0.839851,0.681219,0.781577,0.620766,0.553842,0.629938,0.707763,0.806923,0.853391,1,0.851055,0.825454,0.883986,0.894832,0.645635,0.720342,0.879237,0.839673,0.397707,0.765328,0.841267,0.45995,0.696287,0.7234,0.755118,0.657709,0.375502,0.242065,0.585101,0.681939,0.73335,0.420435,0.552863,0.39489,0.485518,0.768028,0.69138,0.677823,0.604897,0.877392,0.836538,0.892435,0.887223,0.775999,0.732211,0.369387,0.579287,0.554741,0.796778,0.826182,0.662322,0.885474,0.823302,0.635511,0.922846,0.878117,0.561602,0.608064,0.567515,0.677166,0.85438,0.896292,0.720634,0.723646,0.829382,0.567537,0.77137,0.740392,0.729209,0.721283,0.517215,0.752268,0.74818,0.829652,0.659656,0.525187,0.151541,0.649359,0.744506,0.72666,0.3891,0.730766
0.946057,0.936275,0.916291,0.781164,0.815822,0.822099,0.710072,0.634311,0.745427,0.577677,0.73348,0.723758,0.851055,1,0.759706,0.915375,0.870529,0.748552,0.80486,0.896707,0.905173,0.591248,0.83954,0.901267,0.633346,0.803173,0.862157,0.815798,0.79122,0.645644,0.357554,0.588482,0.778133,0.822426,0.602215,0.669476,0.511417,0.66501,0.8537,0.854017,0.743048,0.730089,0.935933,0.85919,0.929169,0.847265,0.828685,0.830183,0.384749,0.620694,0.681474,0.834121,0.758123,0.760162,0.884567,0.925684,0.764171,0.895429,0.931405,0.556546,0.666183,0.570911,0.647752,0.922496,0.928954,0.677438,0.814365,0.877213,0.597168,0.759,0.820902,0.793725,0.648983,0.568027,0.787679,0.784635,0.826821,0.643323,0.530494,0.257332,0.716789,0.856448,0.810538,0.515344,0.775866
0.828158,0.798229,0.807046,0.706524,0.711516,0.765221,0.565424,0.561816,0.710131,0.59769,0.61161,0.640499,0.825454,0.759706,1,0.780344,0.759978,0.557008,0.621644,0.816238,0.833755,0.538956,0.778151,0.837832,0.572254,0.701998,0.750531,0.737676,0.620199,0.433298,0.198138,0.518453,0.644094,0.7418,0.374973,0.5043,0.468284,0.486266,0.734935,0.691606,0.533431,0.728124,0.769887,0.750594,0.786601,0.782884,0.699711,0.760549,0.288451,0.507479,0.532748,0.821486,0.741059,0.445997,0.853136,0.704026,0.595617,0.779653,0.801584,0.489809,0.582929,0.530166,0.646073,0.7988,0.840216,0.736486,0.647715,0.811726,0.530524,0.686193,0.765548,0.718629,0.615,0.515299,0.668056,0.643862,0.757493,0.63508,0.509803,0.341707,0.748731,0.816264,0.734804,0.440953,0.653695
0.906462,0.929041,0.911319,0.810983,0.760069,0.770834,0.69283,0.542823,0.725067,0.561856,0.748829,0.730661,0.883986,0.915375,0.780344,1,0.889698,0.706279,0.792176,0.879336,0.871828,0.503282,0.791397,0.866434,0.548107,0.788995,0.775585,0.796001,0.724482,0.523634,0.311053,0.620767,0.711153,0.76395,0.511572,0.504596,0.363884,0.614302,0.831377,0.770883,0.66975,0.679958,0.943945,0.89181,0.921804,0.834035,0.812458,0.756996,0.461747,0.592511,0.609248,0.844959,0.785351,0.688196,0.885508,0.916246,0.644692,0.913509,0.913573,0.615479,0.548778,0.573059,0.678947,0.863631,0.886616,0.618265,0.744701,0.840759,0.57066,0.722589,0.816881,0.763448,0.63594,0.578773,0.786973,0.753772,0.811055,0.679995,0.549171,0.195484,0.707886,0.835105,0.777472,0.466035,0.771305
0.848584,0.852531,0.853766,0.793075,0.70651,0.775319,0.63802,0.582316,0.691386,0.565181,0.715443,0.804601,0.894832,0.870529,0.759978,0.889698,1,0.718761,0.765305,0.859802,0.844888,0.433376,0.738561,0.820515,0.475764,0.736119,0.678693,0.731918,0.684376,0.486744,0.190719,0.686158,0.679522,0.720046,0.522125,0.571201,0.314357,0.523968,0.774754,0.755799,0.598806,0.629443,0.884567,0.802754,0.872932,0.833978,0.747575,0.70489,0.385311,0.613717,0.529405,0.838529,0.743946,0.647259,0.860388,0.851637,0.595861,0.873925,0.876628,0.501479,0.632119,0.465475,0.599892,0.849237,0.906082,0.70034,0.704484,0.780328,0.481527,0.73266,0.711096,0.679917,0.661038,0.589421,0.82569,0.800075,0.805866,0.648966,0.520737,0.194102,0.67167,0.777928,0.754687,0.397994,0.666547
0.713232,0.70842,0.657563,0.622622,0.610627,0.598691,0.617901,0.553859,0.687019,0.390597,0.58394,0.555773,0.645635,0.748552,0.557008,0.706279,0.718761,1,0.460031,0.640238,0.653698,0.391298,0.585062,0.662639,0.606847,0.614259,0.652622,0.61879,0.591989,0.478002,0.164922,0.554183,0.56869,0.624855,0.523955,0.482601,0.560921,0.424547,0.707693,0.606127,0.658603,0.545887,0.675209,0.654252,0.69208,0.551366,0.674365,0.657281,0.427574,0.518948,0.531075,0.665046,0.503529,0.46339,0.673734,0.691077,0.581045,0.622215,0.717949,0.407026,0.513451,0.369343,0.516214,0.667289,0.723914,0.383469,0.573488,0.680386,0.326984,0.606376,0.633676,0.512833,0.577833,0.566324,0.643024,0.61125,0.627193,0.607245,0.308149,0.0220109,0.525651,0.616315,0.636745,0.23746,0.384638
0.792507,0.800953,0.788165,0.585934,0.731467,0.716622,0.653455,0.551802,0.601105,0.535335,0.645179,0.703147,0.720342,0.80486,0.621644,0.792176,0.765305,0.460031,1,0.784818,0.811245,0.470665,0.650789,0.762325,0.478966,0.698288,0.649898,0.736093,0.665817,0.516937,0.240898,0.534645,0.669453,0.694773,0.627481,0.485587,0.325049,0.673078,0.745838,0.778036,0.540003,0.644073,0.867123,0.754846,0.786428,0.782404,0.690783,0.714274,0.258341,0.638508,0.691577,0.770743,0.677957,0.667679,0.756423,0.828668,0.66353,0.832568,0.789769,0.500169,0.606626,0.614586,0.598726,0.789993,0.781238,0.618364,0.716704,0.740941,0.689812,0.625159,0.680422,0.682329,0.425185,0.448681,0.682743,0.735558,0.775307,0.54749,0.695983,0.309387,0.622099,0.772998,0.749994,0.544035,0.798608
0.936664,0.928152,0.944021,0.741146,0.854319,0.831309,0.632514,0.622465,0.757783,0.649064,0.748792,0.757339,0.879237,0.896707,0.816238,0.879336,0.859802,0.640238,0.784818,1,0.931408,0.614451,0.814111,0.902801,0.564054,0.816447,0.849247,0.822425,0.735747,0.540715,0.337556,0.549299,0.728333,0.82366,0.569496,0.563038,0.489176,0.610722,0.87417,0.856911,0.675939,0.731403,0.905153,0.870509,0.922737,0.887532,0.853397,0.843384,0.361577,0.65802,0.639272,0.856428,0.831704,0.721879,0.87821,0.88092,0.748217,0.914245,0.879562,0.589667,0.715228,0.611444,0.681941,0.904058,0.941097,0.738321,0.829834,0.912203,0.68876,0.787986,0.828015,0.833289,0.632865,0.474306,0.774426,0.799004,0.820899,0.587358,0.635101,0.350397,0.761282,0.878036,0.843654,0.545664,0.788776
0.916449,0.921261,0.92685,0.66302,0.853871,0.90606,0.705472,0.651019,0.85363,0.606131,0.704563,0.70379,0.839673,0.905173,0.833755,0.871828,0.844888,0.653698,0.811245,0.931408,1,0.709979,0.906578,0.953646,0.617913,0.821251,0.895397,0.868939,0.742328,0.639163,0.478655,0.490477,0.825262,0.871631,0.659184,0.690521,0.501523,0.66545,0.907673,0.901931,0.612784,0.782355,0.891538,0.83833,0.901306,0.831722,0.810064,0.85328,0.431187,0.706855,0.697553,0.920113,0.773086,0.634158,0.918773,0.876109,0.698805,0.89099,0.91575,0.583048,0.710834,0.548473,0.647713,0.939071,0.927202,0.739536,0.87426,0.910415,0.582761,0.772492,0.869215,0.816804,0.643354,0.534875,0.779156,0.820967,0.878587,0.655351,0.627232,0.435374,0.76918,0.939067,0.872913,0.545312,0.785313
0.641491,0.610266,0.63699,0.352842,0.603424,0.689721,0.281554,0.351852,0.679054,0.304371,0.450905,0.338026,0.397707,0.591248,0.538956,0.503282,0.433376,0.391298,0.470665,0.614451,0.709979,1,0.666018,0.719697,0.502398,0.659044,0.763376,0.647696,0.43864,0.601605,0.484037,0.23694,0.695861,0.694327,0.574095,0.602569,0.498608,0.497614,0.642707,0.621572,0.491198,0.717747,0.538277,0.474738,0.586097,0.518741,0.470615,0.59235,0.33197,0.38199,0.541251,0.646094,0.425672,0.362866,0.639315,0.550822,0.5282,0.549565,0.634966,0.405153,0.500129,0.288131,0.423537,0.629129,0.56523,0.451118,0.634631,0.591517,0.332585,0.388785,0.62298,0.60303,0.30268,0.410452,0.398098,0.553029,0.580096,0.329362,0.323712,0.435874,0.579483,0.732958,0.58642,0.387444,0.494368
0.827139,0.830899,0.813935,0.604917,0.768063,0.875561,0.626375,0.573697,0.795048,0.542086,0.567515,0.538588,0.765328,0.83954,0.778151,0.791397,0.738561,0.585062,0.650789,0.814111,0.906578,0.666018,1,0.889255,0.598765,0.755049,0.87469,0.802292,0.641879,0.551492,0.502588,0.441798,0.740124,0.778376,0.491296,0.721894,0.459022,0.574515,0.777004,0.739698,0.608122,0.743745,0.78227,0.700225,0.790281,0.693915,0.725593,0.807899,0.504414,0.612558,0.595344,0.84202,0.665413,0.462781,0.831322,0.760491,0.567838,0.761353,0.840115,0.490281,0.614479,0.435269,0.611061,0.850312,0.835222,0.6495,0.812755,0.821949,0.417911,0.674207,0.847553,0.763363,0.61658,0.535526,0.722477,0.665948,0.819929,0.592001,0.519002,0.40193,0.694746,0.837936,0.714675,0.521581,0.664237
0.930153,0.914889,0.935514,0.749826,0.874929,0.923547,0.672727,0.606103,0.802884,0.641317,0.761833,0.718525,0.841267,0.901267,0.837832,0.866434,0.820515,0.662639,0.762325,0.902801,0.953646,0.719697,0.889255,1,0.6435,0.864914,0.928792,0.838495,0.782581,0.556749,0.461087,0.546204,0.848138,0.873609,0.648627,0.678224,0.535074,0.693655,0.890004,0.834965,0.681754,0.829803,0.880393,0.825274,0.900812,0.805218,0.853182,0.885499,0.448595,0.677391,0.756784,0.907467,0.769108,0.589689,0.918353,0.883487,0.711393,0.899874,0.923192,0.594975,0.649554,0.603611,0.679416,0.926637,0.919906,0.722581,0.880075,0.93813,0.613986,0.818347,0.914011,0.846829,0.702168,0.561581,0.739867,0.789979,0.873307,0.673249,0.63798,0.403131,0.811374,0.916688,0.852361,0.541784,0.783228
0.665503,0.596524,0.607388,0.428055,0.683043,0.601897,0.408811,0.332953,0.580874,0.506288,0.39741,0.365732,0.45995,0.633346,0.572254,0.548107,0.475764,0.606847,0.478966,0.564054,0.617913,0.502398,0.598765,0.6435,1,0.598272,0.668078,0.565414,0.60797,0.648126,0.275626,0.279592,0.685194,0.66061,0.569921,0.419222,0.514436,0.669674,0.620031,0.626555,0.571185,0.660647,0.549274,0.472143,0.522603,0.456381,0.601552,0.692629,0.130002,0.420697,0.668622,0.70251,0.4032,0.239126,0.64267,0.553484,0.604703,0.515675,0.641026,0.437143,0.612688,0.505692,0.61383,0.660706,0.611962,0.451402,0.569498,0.672215,0.526731,0.5902,0.682518,0.635868,0.456107,0.510827,0.587266,0.495536,0.55339,0.475247,0.503404,0.301478,0.657114,0.636021,0.555661,0.487028,0.435143
0.834262,0.827504,0.833089,0.720169,0.830924,0.837495,0.485252,0.532965,0.716967,0.474699,0.690454,0.649291,0.696287,0.803173,0.701998,0.788995,0.736119,0.614259,0.698288,0.816447,0.821251,0.659044,0.755049,0.864914,0.598272,1,0.841031,0.697864,0.705707,0.508046,0.232857,0.62613,0.79228,0.828409,0.565031,0.590716,0.551041,0.721694,0.790536,0.745517,0.670879,0.825064,0.777789,0.743983,0.784651,0.680074,0.803241,0.839724,0.38214,0.471145,0.670971,0.821754,0.638053,0.490096,0.800384,0.807454,0.689592,0.767941,0.834257,0.686548,0.551264,0.591099,0.637241,0.761263,0.824676,0.633311,0.810078,0.834469,0.587321,0.748205,0.804661,0.837917,0.540246,0.537386,0.737181,0.659457,0.789251,0.484321,0.501153,0.436023,0.683478,0.846121,0.729075,0.456836,0.619137
0.881188,0.846541,0.872748,0.671679,0.861307,0.848233,0.588539,0.557879,0.77666,0.579742,0.708762,0.610377,0.7234,0.862157,0.750531,0.775585,0.678693,0.652622,0.649898,0.849247,0.895397,0.763376,0.87469,0.928792,0.668078,0.841031,1,0.816318,0.73481,0.600974,0.471821,0.440455,0.831208,0.864773,0.648624,0.712357,0.609081,0.679468,0.846722,0.8065,0.713791,0.780329,0.780588,0.726236,0.827887,0.718078,0.81302,0.87333,0.405531,0.620978,0.718241,0.833715,0.666447,0.554147,0.841037,0.813446,0.723589,0.776472,0.861675,0.51204,0.612119,0.496564,0.592201,0.86186,0.855984,0.591322,0.86595,0.89088,0.528363,0.744592,0.868193,0.822416,0.574325,0.483752,0.697597,0.673442,0.814435,0.602732,0.488836,0.438881,0.76256,0.888454,0.768586,0.450346,0.666541
0.831412,0.815384,0.816715,0.607266,0.749366,0.783492,0.701194,0.544893,0.771866,0.48157,0.678889,0.684226,0.755118,0.815798,0.737676,0.796001,0.731918,0.61879,0.736093,0.822425,0.868939,0.647696,0.802292,0.838495,0.565414,0.697864,0.816318,1,0.600297,0.501869,0.345611,0.422658,0.642051,0.739531,0.58612,0.642321,0.483049,0.649218,0.830171,0.777869,0.59152,0.656529,0.857544,0.808514,0.848721,0.82191,0.714666,0.764101,0.283289,0.615256,0.700852,0.83892,0.769164,0.571368,0.846541,0.803703,0.72051,0.760616,0.836994,0.491803,0.646349,0.429894,0.642798,0.869943,0.807028,0.621334,0.78313,0.818169,0.496997,0.662693,0.793878,0.710314,0.48762,0.41256,0.647315,0.686578,0.711809,0.706221,0.486322,0.235811,0.692556,0.838933,0.772852,0.372644,0.693066
0.747121,0.749065,0.739351,0.618454,0.719681,0.645444,0.640564,0.546239,0.502714,0.598403,0.558215,0.61927,0.657709,0.79122,0.620199,0.724482,0.684376,0.591989,0.665817,0.735747,0.742328,0.43864,0.641879,0.782581,0.60797,0.705707,0.73481,0.600297,1,0.622132,0.408185,0.500119,0.720936,0.766623,0.596452,0.503593,0.340541,0.616356,0.70935,0.736467,0.609445,0.626828,0.741763,0.656101,0.702427,0.616655,0.715976,0.740168,0.227976,0.592297,0.571458,0.670767,0.591332,0.569141,0.67676,0.774023,0.627143,0.7323,0.708816,0.430847,0.560752,0.555196,0.446548,0.735829,0.767312,0.633451,0.672828,0.791872,0.630903,0.7079,0.714135,0.702981,0.58145,0.407706,0.663576,0.631298,0.747179,0.540158,0.541278,0.263969,0.670857,0.705056,0.727216,0.487013,0.701704
0.565893,0.593301,0.543143,0.317223,0.523244,0.515296,0.444884,0.486611,0.545019,0.408567,0.27844,0.305029,0.375502,0.645644,0.433298,0.523634,0.486744,0.478002,0.516937,0.540715,0.639163,0.601605,0.551492,0.556749,0.648126,0.508046,0.600974,0.501869,0.622132,1,0.396848,0.166942,0.690574,0.675665,0.623453,0.51542,0.335764,0.579864,0.609314,0.737014,0.417446,0.512264,0.533764,0.405344,0.474777,0.455731,0.357414,0.525569,0.101424,0.396221,0.431335,0.594088,0.357624,0.398982,0.560258,0.540172,0.504063,0.490505,0.553845,0.321891,0.529638,0.397593,0.320615,0.616309,0.565426,0.509038,0.548805,0.552131,0.377519,0.463953,0.545249,0.521337,0.295568,0.480461,0.595997,0.52905,0.491656,0.334636,0.285285,0.347893,0.497987,0.66064,0.587402,0.468823,0.485342
0.319067,0.370855,0.370331,-6.40397e-06,0.373191,0.387856,0.355521,0.251744,0.325645,0.268462,0.159587,0.0470576,0.242065,0.357554,0.198138,0.311053,0.190719,0.164922,0.240898,0.337556,0.478655,0.484037,0.502588,0.461087,0.275626,0.232857,0.471821,0.345611,0.408185,0.396848,1,0.03979,0.454758,0.374441,0.494924,0.408725,-0.00936132,0.271743,0.464425,0.420614,0.147705,0.36684,0.30054,0.240719,0.327272,0.161082,0.332628,0.224905,0.469846,0.478706,0.23956,0.371666,0.149159,0.25766,0.323027,0.368445,0.197036,0.366927,0.350451,0.154025,0.278826,0.0808582,0.187243,0.402327,0.295862,0.16061,0.40839,0.393338,0.172864,0.242631,0.432771,0.29662,0.405735,0.180334,0.227036,0.314437,0.375295,0.101535,0.27365,0.432698,0.361625,0.415522,0.340165,0.407452,0.482365
0.527719,0.536032,0.519846,0.61886,0.508036,0.481173,0.452726,0.531788,0.349693,0.358668,0.549334,0.523157,0.585101,0.588482,0.518453,0.620767,0.686158,0.554183,0.534645,0.549299,0.490477,0.23694,0.441798,0.546204,0.279592,0.62613,0.440455,0.422658,0.500119,0.166942,0.03979,1,0.398064,0.471049,0.317111,0.378142,0.149695,0.275732,0.504831,0.37865,0.385431,0.535426,0.579386,0.505769,0.560111,0.500023,0.609634,0.476578,0.394366,0.319514,0.309899,0.57373,0.328427,0.357101,0.53843,0.624083,0.497176,0.560012,0.613845,0.384718,0.280929,0.314125,0.397157,0.417503,0.619857,0.319665,0.449017,0.530008,0.349247,0.481831,0.511532,0.373711,0.398436,0.476661,0.565755,0.439985,0.606547,0.281854,0.241125,0.178337,0.417195,0.481751,0.421708,0.201813,0.416676
0.816477,0.788726,0.807633,0.6052,0.759147,0.831915,0.480288,0.520519,0.654539,0.577806,0.66449,0.629271,0.681939,0.778133,0.644094,0.711153,0.679522,0.56869,0.669453,0.728333,0.825262,0.695861,0.740124,0.848138,0.685194,0.79228,0.831208,0.642051,0.720936,0.690574,0.454758,0.398064,1,0.869279,0.720372,0.682491,0.5361,0.69381,0.802981,0.797698,0.613344,0.732981,0.713447,0.652637,0.730351,0.649042,0.682277,0.77077,0.321557,0.563136,0.6964,0.804981,0.608885,0.49713,0.829243,0.738514,0.602464,0.778048,0.814035,0.561748,0.610061,0.545086,0.587623,0.818104,0.78996,0.617541,0.801465,0.80115,0.563752,0.723804,0.773549,0.748602,0.520897,0.534737,0.664992,0.722938,0.781633,0.551865,0.483696,0.474811,0.675225,0.822215,0.717994,0.468407,0.626859
0.846083,0.807774,0.821514,0.624569,0.789548,0.806257,0.544493,0.652031,0.690973,0.596451,0.649242,0.69752,0.73335,0.822426,0.7418,0.76395,0.720046,0.624855,0.694773,0.82366,0.871631,0.694327,0.778376,0.873609,0.66061,0.828409,0.864773,0.739531,0.766623,0.675665,0.374441,0.471049,0.869279,1,0.592464,0.683628,0.60482,0.671174,0.868487,0.849564,0.577223,0.739223,0.768632,0.699334,0.757639,0.708879,0.740193,0.845063,0.294429,0.605665,0.671189,0.814992,0.673546,0.527821,0.847549,0.79138,0.781134,0.779055,0.848663,0.618841,0.598947,0.586518,0.624608,0.824497,0.857093,0.711188,0.817388,0.864502,0.665903,0.752477,0.805942,0.788241,0.534735,0.536911,0.797047,0.756245,0.826632,0.562111,0.501233,0.445972,0.671922,0.904431,0.810919,0.47488,0.691327
0.602768,0.620519,0.58618,0.331539,0.65524,0.622473,0.560906,0.467956,0.558493,0.398575,0.453805,0.464667,0.420435,0.602215,0.374973,0.511572,0.522125,0.523955,0.627481,0.569496,0.659184,0.574095,0.491296,0.648627,0.569921,0.565031,0.648624,0.58612,0.596452,0.623453,0.494924,0.317111,0.720372,0.592464,1,0.498388,0.404132,0.663586,0.72387,0.716676,0.453807,0.591684,0.591659,0.490038,0.550678,0.45523,0.536844,0.542614,0.240177,0.563863,0.641292,0.640859,0.379772,0.413431,0.574748,0.623911,0.521351,0.567855,0.593095,0.281131,0.550926,0.408384,0.44367,0.654896,0.584074,0.35077,0.609246,0.624639,0.450768,0.558028,0.593026,0.544099,0.396617,0.456443,0.494999,0.578497,0.559949,0.442471,0.494782,0.401629,0.614191,0.662072,0.652283,0.451767,0.548947
0.613249,0.614235,0.594812,0.422422,0.591302,0.750407,0.389882,0.488432,0.522759,0.335655,0.474359,0.496679,0.552863,0.669476,0.5043,0.504596,0.571201,0.482601,0.485587,0.563038,0.690521,0.602569,0.721894,0.678224,0.419222,0.590716,0.712357,0.642321,0.503593,0.51542,0.408725,0.378142,0.682491,0.683628,0.498388,1,0.453731,0.51007,0.627309,0.602346,0.493374,0.62369,0.56725,0.48867,0.596164,0.530531,0.470218,0.618611,0.313116,0.466468,0.490192,0.641247,0.377069,0.315906,0.636559,0.592118,0.538233,0.542488,0.654497,0.255292,0.441841,0.166065,0.37454,0.672062,0.65422,0.47787,0.686456,0.605665,0.219682,0.53162,0.554536,0.545346,0.475925,0.390335,0.570218,0.511235,0.639577,0.378677,0.270817,0.391853,0.411851,0.646237,0.516888,0.302068,0.470702
0.594535,0.538907,0.490083,0.452938,0.579247,0.576405,0.306862,0.479236,0.55612,0.314788,0.462454,0.385454,0.39489,0.511417,0.468284,0.363884,0.314357,0.560921,0.325049,0.489176,0.501523,0.498608,0.459022,0.535074,0.514436,0.551041,0.609081,0.483049,0.340541,0.335764,-0.00936132,0.149695,0.5361,0.60482,0.404132,0.453731,1,0.526789,0.555075,0.5312,0.552687,0.543894,0.431663,0.513982,0.4791,0.429823,0.522852,0.686788,0.125607,0.263321,0.635591,0.427638,0.478583,0.286687,0.539484,0.443475,0.596325,0.410706,0.522695,0.423839,0.420382,0.53451,0.596796,0.521424,0.559315,0.405637,0.569426,0.605939,0.461106,0.542407,0.531859,0.596637,0.32471,0.367361,0.329774,0.500109,0.413445,0.468891,0.312878,0.202628,0.418577,0.543879,0.565969,0.315972,0.283992
0.687754,0.689898,0.67357,0.539093,0.740734,0.738448,0.450702,0.359301,0.567309,0.483665,0.537872,0.500348,0.485518,0.66501,0.486266,0.614302,0.523968,0.424547,0.673078,0.610722,0.66545,0.497614,0.574515,0.693655,0.669674,0.721694,0.679468,0.649218,0.616356,0.579864,0.271743,0.275732,0.69381,0.671174,0.663586,0.51007,0.526789,1,0.703423,0.74512,0.497336,0.631578,0.654503,0.65924,0.610359,0.559845,0.664082,0.738795,0.108769,0.414885,0.812315,0.718864,0.520368,0.393691,0.697494,0.686566,0.609084,0.618035,0.678328,0.478018,0.481977,0.659524,0.664047,0.714407,0.651801,0.515688,0.776514,0.735525,0.635839,0.727717,0.680354,0.785271,0.498983,0.476652,0.632398,0.576456,0.551932,0.547542,0.602734,0.479659,0.575588,0.724665,0.669257,0.481638,0.633225
0.867065,0.888113,0.8671,0.617966,0.829266,0.813443,0.69175,0.692152,0.807582,0.54111,0.689206,0.674763,0.768028,0.8537,0.734935,0.831377,0.774754,0.707693,0.745838,0.87417,0.907673,0.642707,0.777004,0.890004,0.620031,0.790536,0.846722,0.830171,0.70935,0.609314,0.464425,0.504831,0.802981,0.868487,0.72387,0.627309,0.555075,0.703423,1,0.909737,0.524536,0.765206,0.843559,0.824293,0.844274,0.737049,0.797055,0.811397,0.434505,0.717833,0.693384,0.866608,0.700888,0.575002,0.866703,0.85701,0.748751,0.831287,0.869122,0.64605,0.634021,0.560109,0.68485,0.882546,0.867903,0.614177,0.855613,0.910125,0.633533,0.785634,0.825357,0.811897,0.662487,0.568572,0.771508,0.785373,0.746792,0.597062,0.562051,0.415716,0.751336,0.939846,0.911712,0.553733,0.774772
0.836319,0.846426,0.843281,0.565516,0.823593,0.778026,0.685307,0.656544,0.767314,0.570725,0.637964,0.613785,0.69138,0.854017,0.691606,0.770883,0.755799,0.606127,0.778036,0.856911,0.901931,0.621572,0.739698,0.834965,0.626555,0.745517,0.8065,0.777869,0.736467,0.737014,0.420614,0.37865,0.797698,0.849564,0.716676,0.602346,0.5312,0.74512,0.909737,1,0.468042,0.67999,0.803255,0.796836,0.803949,0.744763,0.760545,0.801575,0.215965,0.670716,0.683482,0.829153,0.705793,0.664429,0.830934,0.836805,0.758811,0.789689,0.816486,0.546754,0.69706,0.601653,0.58032,0.893965,0.864189,0.704757,0.859955,0.875461,0.647448,0.789247,0.760876,0.783704,0.566456,0.461248,0.766838,0.790555,0.70823,0.571356,0.564252,0.505813,0.704964,0.914678,0.885761,0.562251,0.75534
0.788108,0.736872,0.718678,0.704911,0.623929,0.65861,0.35189,0.297167,0.51466,0.465083,0.613713,0.601159,0.677823,0.743048,0.533431,0.66975,0.598806,0.658603,0.540003,0.675939,0.612784,0.491198,0.608122,0.681754,0.571185,0.670879,0.713791,0.59152,0.609445,0.417446,0.147705,0.385431,0.613344,0.577223,0.453807,0.493374,0.552687,0.497336,0.524536,0.468042,1,0.592646,0.711446,0.621299,0.717457,0.65153,0.635515,0.671978,0.269549,0.353599,0.584133,0.579907,0.600207,0.537823,0.644413,0.684502,0.561571,0.695372,0.68804,0.406161,0.515248,0.497451,0.592231,0.667687,0.683702,0.474565,0.549834,0.646953,0.470259,0.551171,0.623888,0.665888,0.46177,0.420222,0.509715,0.520086,0.647972,0.493417,0.451524,-0.0321589,0.557906,0.527325,0.492376,0.342243,0.466113
0.778756,0.770993,0.767938,0.549348,0.846152,0.801724,0.414218,0.588405,0.690376,0.41579,0.524471,0.446,0.604897,0.730089,0.728124,0.679958,0.629443,0.545887,0.644073,0.731403,0.782355,0.717747,0.743745,0.829803,0.660647,0.825064,0.780329,0.656529,0.626828,0.512264,0.36684,0.535426,0.732981,0.739223,0.591684,0.62369,0.543894,0.631578,0.765206,0.67999,0.592646,1,0.697579,0.641514,0.724366,0.560641,0.677334,0.783456,0.451059,0.604668,0.639991,0.784557,0.529164,0.341895,0.732478,0.688346,0.636518,0.680691,0.752186,0.500695,0.626208,0.494893,0.653529,0.72644,0.740724,0.614801,0.675658,0.787079,0.519188,0.672321,0.813169,0.750282,0.56111,0.516579,0.602664,0.6111,0.723694,0.440153,0.562685,0.50216,0.74774,0.815899,0.692847,0.644505,0.629255
0.928765,0.945973,0.917332,0.777183,0.775683,0.798781,0.734088,0.602334,0.733638,0.538475,0.729555,0.781306,0.877392,0.935933,0.769887,0.943945,0.884567,0.675209,0.867123,0.905153,0.891538,0.538277,0.78227,0.880393,0.549274,0.777789,0.780588,0.857544,0.741763,0.533764,0.30054,0.579386,0.713447,0.768632,0.591659,0.56725,0.431663,0.654503,0.843559,0.803255,0.711446,0.697579,1,0.911699,0.949737,0.898116,0.795197,0.773203,0.382851,0.631476,0.670877,0.827144,0.814557,0.732856,0.876817,0.927426,0.718301,0.920726,0.912659,0.60323,0.604341,0.602848,0.698876,0.906354,0.89497,0.682215,0.75849,0.850667,0.638483,0.704362,0.80877,0.783141,0.590155,0.551504,0.745199,0.816011,0.801824,0.681166,0.628101,0.1823,0.734065,0.836091,0.840543,0.551138,0.808678
0.895006,0.918437,0.906669,0.766131,0.770685,0.783162,0.683037,0.554949,0.714628,0.531873,0.788084,0.721993,0.836538,0.85919,0.750594,0.89181,0.802754,0.654252,0.754846,0.870509,0.83833,0.474738,0.700225,0.825274,0.472143,0.743983,0.726236,0.808514,0.656101,0.405344,0.240719,0.505769,0.652637,0.699334,0.490038,0.48867,0.513982,0.65924,0.824293,0.796836,0.621299,0.641514,0.911699,1,0.935425,0.860789,0.833985,0.777517,0.310486,0.550557,0.691842,0.78081,0.854909,0.749859,0.860597,0.889616,0.702785,0.883394,0.846224,0.607483,0.576215,0.629393,0.714266,0.86252,0.860677,0.650785,0.781022,0.860031,0.635428,0.773889,0.765546,0.765246,0.641096,0.42156,0.628181,0.779358,0.71198,0.6933,0.58763,0.23348,0.642116,0.780916,0.818896,0.440123,0.747886
0.941466,0.9359,0.965463,0.82122,0.810759,0.826238,0.661654,0.57631,0.7653,0.575213,0.825331,0.769844,0.892435,0.929169,0.786601,0.921804,0.872932,0.69208,0.786428,0.922737,0.901306,0.586097,0.790281,0.900812,0.522603,0.784651,0.827887,0.848721,0.702427,0.474777,0.327272,0.560111,0.730351,0.757639,0.550678,0.596164,0.4791,0.610359,0.844274,0.803949,0.717457,0.724366,0.949737,0.935425,1,0.917493,0.855838,0.79107,0.412508,0.660138,0.670653,0.833499,0.831879,0.774364,0.903132,0.912043,0.72531,0.922904,0.928467,0.580729,0.652895,0.547838,0.669868,0.920622,0.910182,0.696335,0.798166,0.886438,0.563791,0.761695,0.828949,0.791153,0.638831,0.488626,0.704861,0.831994,0.813261,0.702043,0.558312,0.259945,0.727338,0.83232,0.83129,0.48686,0.774088
0.880175,0.846201,0.883118,0.795429,0.676344,0.757933,0.600494,0.487374,0.656032,0.627143,0.806941,0.822374,0.887223,0.847265,0.782884,0.834035,0.833978,0.551366,0.782404,0.887532,0.831722,0.518741,0.693915,0.805218,0.456381,0.680074,0.718078,0.82191,0.616655,0.455731,0.161082,0.500023,0.649042,0.708879,0.45523,0.530531,0.429823,0.559845,0.737049,0.744763,0.65153,0.560641,0.898116,0.860789,0.917493,1,0.753793,0.721535,0.217787,0.526144,0.607984,0.778596,0.834246,0.756352,0.858687,0.813016,0.697483,0.892276,0.859498,0.5343,0.624778,0.561604,0.636523,0.871542,0.85563,0.724799,0.730004,0.797938,0.615529,0.676606,0.712712,0.72623,0.51811,0.441533,0.663346,0.784441,0.749577,0.664887,0.514227,0.189778,0.616341,0.755102,0.760281,0.407151,0.749121
0.852377,0.833391,0.880026,0.770762,0.84172,0.779476,0.60447,0.511019,0.651559,0.644658,0.820806,0.693544,0.775999,0.828685,0.699711,0.812458,0.747575,0.674365,0.690783,0.853397,0.810064,0.470615,0.725593,0.853182,0.601552,0.803241,0.81302,0.714666,0.715976,0.357414,0.332628,0.609634,0.682277,0.740193,0.536844,0.470218,0.522852,0.664082,0.797055,0.760545,0.635515,0.677334,0.795197,0.833985,0.855838,0.753793,1,0.821458,0.396858,0.614476,0.73816,0.804833,0.715966,0.687517,0.833072,0.86335,0.741369,0.836613,0.873113,0.555955,0.573845,0.61117,0.686353,0.800172,0.87243,0.551616,0.807138,0.9067,0.68821,0.817927,0.833175,0.800915,0.69237,0.524666,0.676965,0.745848,0.787566,0.601294,0.603996,0.406286,0.679957,0.774432,0.753883,0.41981,0.71799
0.882199,0.831599,0.840723,0.673133,0.890404,0.864223,0.626653,0.619496,0.747118,0.617256,0.706652,0.616606,0.732211,0.830183,0.760549,0.756996,0.70489,0.657281,0.714274,0.843384,0.85328,0.59235,0.807899,0.885499,0.692629,0.839724,0.87333,0.764101,0.740168,0.525569,0.224905,0.476578,0.77077,0.845063,0.542614,0.618611,0.686788,0.738795,0.811397,0.801575,0.671978,0.783456,0.773203,0.777517,0.79107,0.721535,0.821458,1,0.310912,0.646926,0.80797,0.838802,0.759177,0.516307,0.831178,0.779779,0.7213,0.78337,0.79941,0.510618,0.679592,0.691873,0.713195,0.864477,0.877962,0.688635,0.876426,0.912813,0.674047,0.834535,0.869557,0.805836,0.583659,0.397495,0.71237,0.670732,0.800187,0.701782,0.639378,0.379758,0.694609,0.847005,0.760871,0.475836,0.653198
0.344877,0.397713,0.385839,0.265197,0.335619,0.38923,0.351289,0.391599,0.48936,0.0287073,0.261259,0.141151,0.369387,0.384749,0.288451,0.461747,0.385311,0.427574,0.258341,0.361577,0.431187,0.33197,0.504414,0.448595,0.130002,0.38214,0.405531,0.283289,0.227976,0.101424,0.469846,0.394366,0.321557,0.294429,0.240177,0.313116,0.125607,0.108769,0.434505,0.215965,0.269549,0.451059,0.382851,0.310486,0.412508,0.217787,0.396858,0.310912,1,0.500816,0.223265,0.3746,0.149081,0.16784,0.34768,0.337312,0.00738639,0.399295,0.448142,0.271921,0.146036,0.0126716,0.346625,0.326043,0.344752,0.0158936,0.337994,0.327154,0.0305709,0.157343,0.467812,0.301741,0.423609,0.428921,0.337706,0.417111,0.45847,0.277279,0.281618,0.101922,0.342158,0.392519,0.340274,0.342036,0.264024
0.618095,0.61372,0.660116,0.342676,0.695634,0.570228,0.632314,0.623123,0.592398,0.435738,0.493028,0.456747,0.579287,0.620694,0.507479,0.592511,0.613717,0.518948,0.638508,0.65802,0.706855,0.38199,0.612558,0.677391,0.420697,0.471145,0.620978,0.615256,0.592297,0.396221,0.478706,0.319514,0.563136,0.605665,0.563863,0.466468,0.263321,0.414885,0.717833,0.670716,0.353599,0.604668,0.631476,0.550557,0.660138,0.526144,0.614476,0.646926,0.500816,1,0.537518,0.6639,0.542691,0.463458,0.590025,0.615881,0.479619,0.628208,0.60474,0.219273,0.61064,0.32572,0.439894,0.713995,0.646391,0.493006,0.619969,0.694341,0.446177,0.58621,0.695502,0.505312,0.480684,0.245719,0.57043,0.637886,0.663616,0.582428,0.556768,0.341911,0.586473,0.690594,0.669094,0.523058,0.602086
0.740054,0.689277,0.724602,0.574044,0.753673,0.752623,0.538955,0.464312,0.620051,0.508236,0.652487,0.575023,0.554741,0.681474,0.532748,0.609248,0.529405,0.531075,0.691577,0.639272,0.697553,0.541251,0.595344,0.756784,0.668622,0.670971,0.718241,0.700852,0.571458,0.431335,0.23956,0.309899,0.6964,0.671189,0.641292,0.490192,0.635591,0.812315,0.693384,0.683482,0.584133,0.639991,0.670877,0.691842,0.670653,0.607984,0.73816,0.80797,0.223265,0.537518,1,0.709494,0.628431,0.486493,0.738687,0.671534,0.643647,0.670944,0.717991,0.426483,0.614454,0.628592,0.725395,0.731583,0.692659,0.457443,0.765974,0.749967,0.654438,0.722109,0.772476,0.693654,0.514263,0.404099,0.479474,0.679151,0.646412,0.688592,0.709669,0.284178,0.660609,0.680313,0.667058,0.396574,0.577943
0.866571,0.857874,0.878718,0.664444,0.84361,0.897013,0.627642,0.550122,0.799344,0.633536,0.723935,0.667609,0.796778,0.834121,0.821486,0.844959,0.838529,0.665046,0.770743,0.856428,0.920113,0.646094,0.84202,0.907467,0.70251,0.821754,0.833715,0.83892,0.670767,0.594088,0.371666,0.57373,0.804981,0.814992,0.640859,0.641247,0.427638,0.718864,0.866608,0.829153,0.579907,0.784557,0.827144,0.78081,0.833499,0.778596,0.804833,0.838802,0.3746,0.6639,0.709494,1,0.71033,0.491166,0.919364,0.837959,0.666282,0.848281,0.888657,0.54252,0.650614,0.547924,0.694359,0.90014,0.887745,0.682153,0.845817,0.887303,0.566394,0.789206,0.860061,0.766946,0.643408,0.58379,0.796341,0.727651,0.812951,0.651802,0.607161,0.481989,0.71746,0.908084,0.781536,0.457981,0.704182
0.841119,0.814166,0.823839,0.7145,0.696304,0.719557,0.601772,0.498038,0.599469,0.61888,0.729243,0.737926,0.826182,0.758123,0.741059,0.785351,0.743946,0.503529,0.677957,0.831704,0.773086,0.425672,0.665413,0.769108,0.4032,0.638053,0.666447,0.769164,0.591332,0.357624,0.149159,0.328427,0.608885,0.673546,0.379772,0.377069,0.478583,0.520368,0.700888,0.705793,0.600207,0.529164,0.814557,0.854909,0.831879,0.834246,0.715966,0.759177,0.149081,0.542691,0.628431,0.71033,1,0.7198,0.817111,0.757852,0.610782,0.841448,0.74499,0.514988,0.643192,0.643836,0.700114,0.834148,0.825531,0.762087,0.683611,0.804335,0.647246,0.748746,0.741181,0.674837,0.542039,0.27455,0.550077,0.70056,0.668561,0.732497,0.543595,0.120022,0.61002,0.715974,0.707268,0.34575,0.697467
