1,0.652199,0.871292,0.586617,0.759907,0.542189,0.496593,0.345833,0.450513,0.710919,0.620701,0.58209,0.694616,0.727808,0.288182,0.468932,0.599546,0.267363,0.51426,0.772231,0.761824,0.623139,0.629575,0.80601,0.163466,0.532645,0.536844,0.407661,-0.0501007,0.442463,0.160544,0.549027,0.586807,0.386281,0.417032,0.268214,-0.02979,0.504414,0.790595,0.648465,0.449369,0.453969,0.827834,0.686955,0.871822,0.770507,0.606286,0.715058,0.451091,0.360081,0.481783,0.49359,0.596231,0.530766,0.79102,0.661836,0.3415,0.571525,0.650873,0.310246,0.239785,0.589949,0.548322,0.678307,0.807629,0.302635,0.673193,0.77561,0.211092,0.363568,0.780932,0.42603,0.267154,0.130413,0.323694,0.58408,0.312667,0.25489,0.395128,0.115169,0.421179,0.709435,0.669986,0.47087,0.546083
0.652199,1,0.761464,0.464385,0.452381,0.491102,0.353469,0.186274,0.336597,0.425905,0.527934,0.472912,0.641517,0.734633,0.420084,0.50747,0.585173,0.111702,0.688535,0.69377,0.673676,0.319213,0.480269,0.695464,0.125744,0.382814,0.485958,0.267015,0.0271913,0.246616,0.203651,0.433509,0.534541,0.562097,0.319812,0.36853,0.129613,0.294948,0.661026,0.556882,0.291259,0.390827,0.658044,0.750812,0.690374,0.424982,0.545509,0.65818,0.304231,0.360464,0.441101,0.314228,0.578409,0.548878,0.607762,0.697834,0.425847,0.579304,0.620418,0.514296,0.462116,0.462438,0.430794,0.641883,0.671856,0.310568,0.455065,0.738014,0.356295,0.457131,0.597714,0.400431,0.270076,0.336225,0.420654,0.319184,0.15652,0.307346,0.126744,0.268755,0.271571,0.65108,0.533495,0.334028,0.476163
0.871292,0.761464,1,0.672884,0.718736,0.639898,0.479371,0.323192,0.546005,0.629365,0.719555,0.616336,0.828976,0.767686,0.466468,0.560455,0.795645,0.337241,0.625258,0.783747,0.792564,0.571254,0.719323,0.897178,0.197072,0.532274,0.621552,0.416154,-0.0622966,0.380292,0.155753,0.60041,0.623713,0.448021,0.516459,0.305937,0.111087,0.432118,0.860879,0.76532,0.501784,0.38853,0.927714,0.775319,0.933758,0.724262,0.728399,0.727184,0.492993,0.513098,0.511363,0.540859,0.761575,0.567702,0.85698,0.812168,0.386417,0.524792,0.841618,0.403833,0.378768,0.568203,0.590277,0.7187,0.870145,0.336674,0.628485,0.883565,0.300781,0.53445,0.779628,0.458086,0.271478,0.227949,0.42266,0.535987,0.279202,0.341103,0.375727,0.159585,0.473133,0.771968,0.593286,0.5677,0.656997
0.586617,0.464385,0.672884,1,0.604662,0.516327,0.521488,0.263356,0.246755,0.488291,0.597231,0.590635,0.692295,0.407791,0.247746,0.430207,0.678371,0.128957,0.560465,0.622371,0.625681,0.380492,0.459321,0.628357,0.313231,0.634876,0.46876,0.373284,0.0944941,0.419561,0.191092,0.44066,0.329886,0.27005,0.226863,0.164478,-0.0579067,0.50325,0.575217,0.477238,0.458255,0.368973,0.533379,0.494111,0.68402,0.472605,0.489337,0.422338,0.488115,0.624286,0.30364,0.439728,0.54138,0.358123,0.699949,0.432531,0.225249,0.413324,0.588981,0.400738,0.398076,0.41126,0.344153,0.471862,0.654072,0.253618,0.467727,0.709442,0.156898,0.30971,0.545889,0.343881,0.393224,-0.0100046,0.336735,0.576938,0.0787815,0.219682,0.232768,0.183482,0.338137,0.452048,0.169215,0.186147,0.6471
0.759907,0.452381,0.718736,0.604662,1,0.455426,0.577707,0.142308,0.373375,0.613283,0.545028,0.551332,0.62615,0.528112,0.324446,0.30508,0.608253,0.212685,0.453995,0.553216,0.691262,0.43797,0.523873,0.641783,0.326931,0.536227,0.322526,0.402845,-0.0428005,0.416135,0.14614,0.63754,0.508285,0.348125,0.479879,0.18379,-0.210937,0.470213,0.690874,0.546427,0.381497,0.365353,0.613822,0.534091,0.724858,0.669751,0.425692,0.442812,0.387509,0.432328,0.378185,0.46427,0.500712,0.418857,0.680571,0.486612,0.302582,0.478507,0.507551,0.171761,0.147312,0.432979,0.393188,0.555965,0.714276,0.26072,0.459309,0.6576,0.107185,0.356273,0.67668,0.206299,0.39777,0.127411,0.313559,0.636234,0.202053,0.260178,0.299482,-0.0577723,0.369917,0.612165,0.517979,0.501937,0.656919
0.542189,0.491102,0.639898,0.516327,0.455426,1,0.325457,0.354151,0.261435,0.467119,0.512328,0.610101,0.754894,0.605517,0.463011,0.393258,0.622479,0.242995,0.518974,0.615596,0.534636,0.357048,0.518491,0.694251,0.374212,0.257732,0.509711,0.18697,0.162507,0.372485,0.0618208,0.223718,0.469562,0.111809,0.281618,0.229308,-0.246492,0.201381,0.574286,0.573059,0.517161,0.236377,0.605129,0.448127,0.680073,0.650711,0.559425,0.488212,0.277321,0.524716,0.592184,0.396752,0.623368,0.239667,0.523111,0.61595,0.334439,0.265338,0.561072,0.164261,0.176757,0.502443,0.43577,0.611125,0.551118,0.0761481,0.394984,0.574616,0.429652,0.227243,0.60335,0.490844,0.19687,0.222575,0.293098,0.505425,-0.0426962,0.542155,0.153803,0.10131,0.429952,0.524696,0.453959,0.424342,0.25611
0.496593,0.353469,0.479371,0.521488,0.577707,0.325457,1,0.389488,0.357194,0.320893,0.315145,0.44767,0.427804,0.306623,0.256374,0.149884,0.365836,-0.0948015,0.415223,0.328419,0.479793,0.304966,0.328181,0.510742,0.304648,0.511954,0.181881,0.233659,0.213114,0.37064,0.223477,0.542161,0.204977,0.349448,0.264133,0.214575,-0.113293,0.313679,0.411965,0.415025,0.205384,0.366333,0.424184,0.284008,0.576676,0.416501,0.172321,0.322766,0.327288,0.333932,0.286194,0.279188,0.344627,0.252291,0.557732,0.145841,0.304008,0.265126,0.383546,0.385818,0.128827,0.458022,0.0994942,0.283148,0.490479,0.235018,0.350244,0.596634,0.0457618,0.192149,0.422543,0.120161,0.362933,-0.0467542,-0.0648356,0.682873,0.287574,0.463862,0.269399,0.0209102,0.247092,0.377764,0.398953,0.237424,0.451915
0.345833,0.186274,0.323192,0.263356,0.142308,0.354151,0.389488,1,0.319021,0.288975,0.355285,0.150816,0.300463,0.211341,0.138597,0.22808,0.230487,0.052141,0.0341952,0.328726,0.0721425,0.356958,0.294294,0.413533,0.0645625,0.278242,0.389458,-0.0910781,0.015753,0.517177,0.169133,0.154079,0.216327,0.117119,0.121994,0.0039979,-0.147338,0.254825,0.248956,0.300559,0.324984,0.552724,0.377151,0.270921,0.397364,0.392161,0.150538,0.277008,0.346062,0.194398,-0.0237286,0.239975,0.111651,0.120664,0.288861,0.126372,0.163442,0.0785799,0.272562,0.0942533,0.0255713,0.326824,0.235526,0.326279,0.197754,-0.0959217,0.414632,0.223292,-0.00659404,-0.00355459,0.396453,0.264971,-0.0784318,0.0562459,0.0173496,0.549268,0.0835877,0.204868,0.123383,0.0911861,0.381775,0.157252,0.197755,0.253455,0.0281616
0.450513,0.336597,0.546005,0.246755,0.373375,0.261435,0.357194,0.319021,1,0.312137,0.331764,0.356631,0.41109,0.299745,0.497021,0.258489,0.398511,0.589446,0.25662,0.409627,0.426669,0.374559,0.38335,0.601152,0.149705,0.316567,0.31503,0.16758,-0.158626,0.222407,0.1155,0.546921,0.26165,0.443569,0.471059,0.134877,-0.0239084,0.0792821,0.533186,0.708009,0.179224,0.0489944,0.595564,0.45606,0.48123,0.409561,0.478182,0.354933,0.341525,0.196262,0.288881,0.227539,0.358268,0.317863,0.433979,0.454925,0.398004,0.101729,0.392986,0.149021,0.0575136,0.306998,0.318455,0.363402,0.468113,-0.138744,0.322492,0.531068,0.124968,0.363906,0.364587,0.096305,-0.0938679,-0.0615733,0.160354,0.333877,0.412564,0.199042,0.370785,-0.0477487,0.342206,0.482582,0.418643,0.535852,0.347581
0.710919,0.425905,0.629365,0.488291,0.613283,0.467119,0.320893,0.288975,0.312137,1,0.667618,0.556991,0.573708,0.596402,0.29435,0.309699,0.434548,0.0914165,0.361451,0.601779,0.498092,0.588105,0.442983,0.615894,0.166323,0.421598,0.548612,0.0742043,-0.12103,0.491431,0.265965,0.388716,0.472687,0.175643,0.191558,0.274585,0.03692,0.376658,0.61144,0.606167,0.244349,0.284251,0.566165,0.514512,0.698099,0.596396,0.487314,0.675559,0.45312,0.393466,0.275746,0.446091,0.467541,0.490901,0.690018,0.595423,0.388899,0.296285,0.688105,-0.00462287,-0.139524,0.245433,0.458529,0.542533,0.629882,0.0214254,0.56728,0.583035,-0.132585,0.3128,0.73108,0.411559,0.166189,0.195685,0.142415,0.507147,0.0485982,0.166366,0.0255021,-0.0444518,0.250424,0.539029,0.395617,0.535252,0.324967
0.620701,0.527934,0.719555,0.597231,0.545028,0.512328,0.315145,0.355285,0.331764,0.667618,1,0.592051,0.735289,0.614199,0.262152,0.561229,0.669674,0.138315,0.568232,0.725817,0.515337,0.565376,0.648331,0.641185,0.134644,0.418171,0.630662,0.243612,-0.11667,0.457263,-0.00814434,0.416321,0.383421,0.28268,0.350501,0.342106,0.0711191,0.43513,0.573838,0.599639,0.447995,0.518763,0.680464,0.607899,0.745242,0.646417,0.441613,0.474041,0.567529,0.513771,0.246426,0.299006,0.54768,0.56372,0.746824,0.546669,0.26452,0.490058,0.70082,0.275411,0.240078,0.380763,0.426405,0.616856,0.677966,0.0857242,0.656505,0.667016,0.135917,0.342008,0.669046,0.401208,0.0844609,0.0190355,0.315896,0.489175,0.298689,0.0885086,0.147728,0.0414827,0.217512,0.541681,0.302398,0.502182,0.35489
0.58209,0.472912,0.616336,0.590635,0.551332,0.610101,0.44767,0.150816,0.356631,0.556991,0.592051,1,0.707963,0.653382,0.184057,0.507396,0.55238,0.132391,0.47937,0.515594,0.505356,0.282857,0.578313,0.618528,0.285324,0.365942,0.504752,0.185942,0.0258306,0.319091,-0.0603653,0.37725,0.299242,0.327461,0.370812,0.252893,-0.0216581,0.370533,0.569089,0.563476,0.217902,0.145904,0.574771,0.405026,0.598241,0.624572,0.407541,0.38671,0.582666,0.514816,0.628375,0.39397,0.688194,0.377835,0.645235,0.519746,0.478197,0.323605,0.58486,0.182465,0.16175,0.472777,0.323918,0.364109,0.616338,0.0357655,0.518352,0.648424,0.25033,0.336849,0.448243,0.173946,0.189417,0.121967,0.1067,0.395324,0.12289,0.346837,0.27145,-0.0943989,0.257367,0.529496,0.381218,0.529978,0.372594
0.694616,0.641517,0.828976,0.692295,0.62615,0.754894,0.427804,0.300463,0.41109,0.573708,0.735289,0.707963,1,0.708729,0.47817,0.616169,0.858518,0.285038,0.646889,0.728066,0.700123,0.561705,0.667363,0.788521,0.227283,0.517837,0.505449,0.262154,-0.1512,0.44885,-0.0678557,0.401776,0.575544,0.376452,0.581049,0.171692,-0.148762,0.446682,0.703486,0.718213,0.531434,0.373252,0.79471,0.712139,0.840343,0.665377,0.679674,0.597897,0.506683,0.594049,0.56848,0.552644,0.825827,0.646565,0.851614,0.654306,0.337688,0.490019,0.765738,0.419389,0.354469,0.486384,0.489685,0.666885,0.792849,0.158369,0.466817,0.779339,0.270057,0.374872,0.660904,0.377727,0.235694,0.0378125,0.42007,0.657056,0.108321,0.299426,0.236782,0.12227,0.469105,0.718216,0.531806,0.541681,0.56263
0.727808,0.734633,0.767686,0.407791,0.528112,0.605517,0.306623,0.211341,0.299745,0.596402,0.614199,0.653382,0.708729,1,0.383905,0.64148,0.564709,0.0851577,0.557984,0.743655,0.663449,0.411295,0.675578,0.709329,0.169496,0.363443,0.475406,0.31639,-0.134438,0.198582,-0.0349005,0.37419,0.605702,0.252423,0.36462,0.255377,0.0811037,0.372261,0.664161,0.607431,0.296404,0.370927,0.727265,0.745769,0.743848,0.686697,0.541885,0.671367,0.422746,0.471908,0.549361,0.547018,0.675753,0.558879,0.700179,0.677752,0.392525,0.584531,0.742078,0.200434,0.254432,0.586842,0.448897,0.717586,0.719114,0.215557,0.545831,0.755933,0.294726,0.32061,0.607723,0.330113,0.132244,0.262924,0.395435,0.342384,0.186705,0.349405,0.286726,0.137845,0.367153,0.607577,0.573502,0.477186,0.412872
0.288182,0.420084,0.466468,0.247746,0.324446,0.463011,0.256374,0.138597,0.497021,0.29435,0.262152,0.184057,0.47817,0.383905,1,0.251166,0.402661,0.209834,0.375897,0.37623,0.397221,0.245378,0.190758,0.528018,0.165028,0.125943,0.0752591,0.050403,-0.0816699,0.15701,0.0519034,0.517467,0.243078,0.295727,0.4794,-0.0143522,-0.138475,0.0366395,0.398336,0.669317,0.277406,-0.0707913,0.376405,0.436164,0.462492,0.294408,0.440583,0.501379,0.176525,0.354456,0.242472,0.333974,0.405985,0.384838,0.380664,0.414871,0.370089,0.0797475,0.389374,0.19503,-0.0427907,0.164704,0.287398,0.456623,0.465564,-0.127961,0.00904308,0.427074,0.0669112,0.243078,0.347192,0.243916,0.123282,0.0933925,0.488782,0.277333,0.111636,0.438037,0.142316,-0.0181108,0.248657,0.391502,0.37049,0.373245,0.399236
0.468932,0.50747,0.560455,0.430207,0.30508,0.393258,0.149884,0.22808,0.258489,0.309699,0.561229,0.507396,0.616169,0.64148,0.251166,1,0.575792,0.122319,0.489604,0.645352,0.423189,0.389534,0.583451,0.478651,0.137827,0.397724,0.44005,0.133399,-0.392276,0.11533,-0.142004,0.127968,0.353348,0.360473,0.422981,-0.103662,-0.0656118,0.550958,0.476564,0.467748,0.265615,0.291927,0.571445,0.627447,0.498066,0.546673,0.437568,0.486376,0.493851,0.457448,0.285076,0.348462,0.502461,0.480209,0.510106,0.344238,0.14119,0.615012,0.514095,0.189132,0.381471,0.403888,0.373773,0.485395,0.633009,0.114712,0.458407,0.54856,0.0888657,0.079293,0.397229,0.0618505,0.0454517,-0.0329215,0.503933,0.211177,0.302305,0.0382028,0.207285,0.0396755,0.214977,0.352024,0.180093,0.301317,0.314831
0.599546,0.585173,0.795645,0.678371,0.608253,0.622479,0.365836,0.230487,0.398511,0.434548,0.669674,0.55238,0.858518,0.564709,0.402661,0.575792,1,0.4178,0.524277,0.600342,0.671759,0.400707,0.637902,0.754736,0.125746,0.552366,0.411468,0.391486,-0.119624,0.25951,0.0542105,0.396645,0.565515,0.363817,0.496901,0.0956592,-0.081432,0.411464,0.639834,0.593217,0.549568,0.327281,0.733435,0.690558,0.728522,0.570147,0.601637,0.441369,0.448986,0.643717,0.535427,0.450851,0.650922,0.513207,0.761874,0.604952,0.215766,0.454857,0.726256,0.392779,0.447764,0.304119,0.546015,0.614669,0.736826,0.221459,0.281735,0.712683,0.222865,0.477885,0.551219,0.347981,0.178575,0.0171689,0.553563,0.499551,0.21073,0.13096,0.146568,0.117691,0.541757,0.666954,0.39774,0.415407,0.606807
0.267363,0.111702,0.337241,0.128957,0.212685,0.242995,-0.0948015,0.052141,0.589446,0.0914165,0.138315,0.132391,0.285038,0.0851577,0.209834,0.122319,0.4178,1,-0.0375047,0.235299,0.381566,0.208605,0.229489,0.428854,0.115996,0.169863,0.0469698,0.261141,-0.108799,-0.0287115,0.0753903,0.17367,0.348173,0.091199,0.260001,0.0648343,-0.162714,0.00145049,0.317172,0.354215,0.253227,-0.00104072,0.411928,0.300055,0.211905,0.25319,0.425238,0.152189,-0.0887588,0.151336,0.353304,0.147329,0.230278,0.033714,0.156233,0.391161,0.150803,0.0595617,0.181998,0.0281937,0.19608,0.0702023,0.312915,0.229134,0.198591,0.0275815,0.0113715,0.244119,0.318638,0.387902,0.150982,0.205438,-0.082961,-0.0945753,0.32323,0.0529384,0.216251,-0.0580248,0.291408,0.00693081,0.398548,0.463138,0.341648,0.247692,0.219287
0.51426,0.688535,0.625258,0.560465,0.453995,0.518974,0.415223,0.0341952,0.25662,0.361451,0.568232,0.47937,0.646889,0.557984,0.375897,0.489604,0.524277,-0.0375047,1,0.637251,0.651919,0.388597,0.564625,0.548865,0.234579,0.382929,0.400584,0.29065,-0.0254648,0.223532,-0.0228053,0.421111,0.378314,0.515355,0.335198,0.297222,-0.0102545,0.429111,0.481198,0.523872,0.29586,0.221533,0.478243,0.555378,0.592252,0.441384,0.485869,0.49807,0.30115,0.305366,0.38384,0.134017,0.588032,0.558988,0.626461,0.480578,0.160996,0.581974,0.485168,0.361894,0.324455,0.382714,0.241859,0.483014,0.64397,0.253756,0.500257,0.713634,0.280334,0.265589,0.567106,0.428128,0.374202,0.00881088,0.320949,0.384966,0.138155,0.406141,0.0972684,0.19265,0.0382275,0.488043,0.373743,0.160711,0.386037
0.772231,0.69377,0.783747,0.622371,0.553216,0.615596,0.328419,0.328726,0.409627,0.601779,0.725817,0.515594,0.728066,0.743655,0.37623,0.645352,0.600342,0.235299,0.637251,1,0.726236,0.575839,0.577951,0.71607,0.228338,0.49325,0.568942,0.322108,-0.132083,0.391851,0.162399,0.349056,0.495212,0.272497,0.363818,0.265019,-0.0346254,0.428573,0.696873,0.589104,0.499009,0.48246,0.736098,0.74697,0.814796,0.68125,0.612448,0.693548,0.439558,0.506771,0.316709,0.50137,0.585069,0.569929,0.687702,0.642745,0.312211,0.635495,0.639037,0.295946,0.416434,0.601873,0.412708,0.813888,0.769094,0.252463,0.64375,0.773675,0.307924,0.255428,0.704454,0.377973,0.170182,0.0079711,0.477895,0.482483,0.289937,0.232968,0.280641,0.297216,0.31911,0.581189,0.45864,0.325006,0.456704
0.761824,0.673676,0.792564,0.625681,0.691262,0.534636,0.479793,0.0721425,0.426669,0.498092,0.515337,0.505356,0.700123,0.663449,0.397221,0.423189,0.671759,0.381566,0.651919,0.726236,1,0.471312,0.548934,0.798364,0.23952,0.512696,0.32667,0.592964,-0.0319743,0.222674,0.202411,0.562653,0.60003,0.363536,0.398923,0.249478,-0.0733807,0.485705,0.76179,0.625194,0.437296,0.344365,0.698959,0.724287,0.744502,0.556044,0.608351,0.633298,0.194381,0.408817,0.556877,0.491019,0.602424,0.532296,0.722988,0.671813,0.308794,0.630596,0.572584,0.401793,0.425789,0.472773,0.521571,0.701449,0.803112,0.4185,0.430195,0.814903,0.330838,0.418581,0.577998,0.39191,0.23305,0.032769,0.49328,0.473897,0.32387,0.291334,0.369179,0.180641,0.482372,0.782585,0.686807,0.277954,0.602189
0.623139,0.319213,0.571254,0.380492,0.43797,0.357048,0.304966,0.356958,0.374559,0.588105,0.565376,0.282857,0.561705,0.411295,0.245378,0.389534,0.400707,0.208605,0.388597,0.575839,0.471312,1,0.408508,0.631944,0.077102,0.431069,0.535971,0.197747,-0.297548,0.594827,-0.0386997,0.182945,0.551239,0.226059,0.403127,0.168172,0.0146104,0.468413,0.524031,0.533949,0.401907,0.36088,0.568311,0.530133,0.642599,0.499937,0.41539,0.574102,0.433022,0.144843,0.147947,0.341755,0.514797,0.50993,0.588882,0.418556,0.196302,0.379537,0.516532,0.248675,-0.025408,0.350725,0.291504,0.496069,0.596454,0.101082,0.619184,0.498767,-0.0888294,0.297774,0.56521,0.259291,0.114222,-0.0488244,0.127992,0.56464,0.112626,0.0668605,0.362579,0.102113,0.0941439,0.540394,0.516667,0.440394,0.307085
0.629575,0.480269,0.719323,0.459321,0.523873,0.518491,0.328181,0.294294,0.38335,0.442983,0.648331,0.578313,0.667363,0.675578,0.190758,0.583451,0.637902,0.229489,0.564625,0.577951,0.548934,0.408508,1,0.614173,0.0737583,0.497389,0.524983,0.365131,-0.0626632,0.28842,0.019131,0.453056,0.616193,0.349694,0.429951,0.109074,-0.00539034,0.589058,0.651155,0.505832,0.284948,0.320414,0.674487,0.536016,0.649007,0.653638,0.510357,0.369929,0.484981,0.481275,0.351567,0.314289,0.634906,0.427462,0.662069,0.552431,0.0801729,0.533992,0.658741,0.133838,0.394435,0.406981,0.531038,0.569451,0.663346,0.269742,0.583129,0.683442,0.177936,0.418064,0.586374,0.201424,0.0778158,0.0175835,0.351973,0.444681,0.260424,0.207658,0.26479,0.131192,0.192815,0.495089,0.43287,0.400842,0.246398
0.80601,0.695464,0.897178,0.628357,0.641783,0.694251,0.510742,0.413533,0.601152,0.615894,0.641185,0.618528,0.788521,0.709329,0.528018,0.478651,0.754736,0.428854,0.548865,0.71607,0.798364,0.631944,0.614173,1,0.219341,0.518579,0.57972,0.408331,-0.0488229,0.455506,0.139771,0.549794,0.638284,0.445363,0.477253,0.28044,-0.00277319,0.433958,0.821658,0.794208,0.524786,0.358484,0.835157,0.774001,0.864285,0.668377,0.684333,0.695571,0.466266,0.450447,0.580059,0.553701,0.692611,0.514922,0.776001,0.785624,0.519796,0.474867,0.738309,0.399389,0.287457,0.464807,0.576314,0.72183,0.801125,0.150843,0.554693,0.848832,0.260819,0.546501,0.698508,0.448564,0.173283,0.184144,0.397719,0.556464,0.234798,0.355896,0.38555,0.173856,0.512325,0.813204,0.714292,0.55936,0.570225
0.163466,0.125744,0.197072,0.313231,0.326931,0.374212,0.304648,0.0645625,0.149705,0.166323,0.134644,0.285324,0.227283,0.169496,0.165028,0.137827,0.125746,0.115996,0.234579,0.228338,0.23952,0.077102,0.0737583,0.219341,1,0.168621,0.125122,0.115103,0.178753,0.140357,0.06713,0.204021,0.079306,0.186251,0.192398,0.236147,-0.245637,-0.0478894,0.162906,0.307419,0.0830984,0.228213,0.157253,0.089518,0.227787,0.203446,0.315495,0.239474,-0.140081,0.230227,0.394017,0.162974,0.140353,-0.249499,0.0631676,0.101259,0.439946,0.262718,0.125603,-0.0546798,0.0840325,0.399044,-0.0159828,0.148246,0.112076,-0.0953766,0.22882,0.346826,0.401017,0.100333,0.395967,0.124241,0.569051,0.27451,0.00770966,0.210203,0.0394831,0.47249,0.373602,0.237218,0.166626,0.0923544,0.114977,-0.00625994,0.227187
0.532645,0.382814,0.532274,0.634876,0.536227,0.257732,0.511954,0.278242,0.316567,0.421598,0.418171,0.365942,0.517837,0.363443,0.125943,0.397724,0.552366,0.169863,0.382929,0.49325,0.512696,0.431069,0.497389,0.518579,0.168621,1,0.283053,0.334663,-0.155672,0.526169,0.260956,0.29263,0.377534,0.174553,0.250085,0.0127145,-0.0629456,0.647115,0.521725,0.295072,0.266701,0.459465,0.44966,0.580968,0.578188,0.40072,0.294561,0.323466,0.346516,0.428988,0.142767,0.486471,0.373789,0.410062,0.592166,0.254861,0.114859,0.528397,0.55036,0.25807,0.294688,0.195813,0.133277,0.445007,0.493579,0.137613,0.334242,0.641,-0.123868,0.181005,0.497272,0.0113548,0.229387,-0.0650181,0.240238,0.566373,0.0527048,0.0313858,0.117548,0.12569,0.20309,0.324693,0.162361,0.0848047,0.465663
0.536844,0.485958,0.621552,0.46876,0.322526,0.509711,0.181881,0.389458,0.31503,0.548612,0.630662,0.504752,0.505449,0.475406,0.0752591,0.44005,0.411468,0.0469698,0.400584,0.568942,0.32667,0.535971,0.524983,0.57972,0.125122,0.283053,1,0.144334,0.0814083,0.426449,0.158964,0.16504,0.386806,0.29043,0.163498,0.401953,0.269526,0.335132,0.665603,0.490683,0.213082,0.232525,0.585263,0.383688,0.613144,0.449895,0.473781,0.427563,0.549343,0.267036,0.221634,0.271088,0.458695,0.344346,0.513451,0.635499,0.293698,0.32173,0.607323,0.238597,0.195789,0.377599,0.542504,0.514528,0.583204,0.0460388,0.714554,0.542055,0.123644,0.299381,0.564725,0.274626,0.0800963,0.259917,-0.0325637,0.359674,0.0855409,0.106789,0.10268,0.204628,0.0706737,0.40391,0.248201,0.506081,0.19237
0.407661,0.267015,0.416154,0.373284,0.402845,0.18697,0.233659,-0.0910781,0.16758,0.0742043,0.243612,0.185942,0.262154,0.31639,0.050403,0.133399,0.391486,0.261141,0.29065,0.322108,0.592964,0.197747,0.365131,0.408331,0.115103,0.334663,0.144334,1,0.153635,0.108525,0.0946405,0.350877,0.279764,0.0344466,0.0485767,0.0505972,-0.00355913,0.322315,0.381831,0.143514,0.365075,0.254126,0.316878,0.299135,0.363262,0.229696,0.242385,0.0859418,0.013254,0.202533,0.430355,0.203757,0.223554,0.141165,0.311928,0.299838,0.158121,0.441483,0.235844,0.23771,0.371184,0.401747,0.281781,0.280583,0.364105,0.328719,0.258741,0.457411,0.454121,0.348261,0.224218,0.21223,0.168857,-0.106547,0.264182,0.131923,0.263576,0.00148261,0.539626,0.222577,0.319235,0.295855,0.385975,0.0148463,0.390375
-0.0501007,0.0271913,-0.0622966,0.0944941,-0.0428005,0.162507,0.213114,0.015753,-0.158626,-0.12103,-0.11667,0.0258306,-0.1512,-0.134438,-0.0816699,-0.392276,-0.119624,-0.108799,-0.0254648,-0.132083,-0.0319743,-0.297548,-0.0626632,-0.0488229,0.178753,-0.155672,0.0814083,0.153635,1,-0.0957337,0.397599,0.0757299,-0.0552342,-0.197506,-0.414346,0.264389,0.0101608,-0.26265,-0.047625,-0.127491,0.0812298,0.00097956,-0.162752,-0.344765,-0.00313578,-0.121386,-0.111969,-0.205251,-0.196755,0.0199628,0.112001,-0.215062,-0.117114,-0.361107,-0.125975,-0.0325889,-0.0696376,-0.164679,-0.115602,0.116257,0.0763411,0.191301,-0.0373669,-0.0546358,-0.168238,0.241496,-0.0581244,-0.0247404,0.299742,0.175587,-0.0367859,0.13437,0.149234,0.104263,-0.191052,0.0934781,-0.0621306,0.359716,-0.0510125,0.118992,-0.0648112,-0.0382292,0.021908,-0.241432,-0.139362
0.442463,0.246616,0.380292,0.419561,0.416135,0.372485,0.37064,0.517177,0.222407,0.491431,0.457263,0.319091,0.44885,0.198582,0.15701,0.11533,0.25951,-0.0287115,0.223532,0.391851,0.222674,0.594827,0.28842,0.455506,0.140357,0.526169,0.426449,0.108525,-0.0957337,1,0.133085,0.234772,0.272665,0.146645,0.254148,0.0417515,-0.251645,0.497628,0.362722,0.238417,0.427012,0.501311,0.355744,0.348701,0.524748,0.30283,0.119766,0.339041,0.384246,0.144992,0.00493697,0.307248,0.29983,0.298205,0.394352,0.230733,0.33196,0.230398,0.348827,0.272467,-0.026896,0.2117,0.103914,0.326356,0.304147,-0.109552,0.446837,0.319618,-0.0894788,0.115669,0.530227,0.151237,0.17877,0.120037,-0.0113796,0.631074,-0.19924,0.147868,0.16907,0.028409,0.118087,0.271561,0.278098,0.287748,0.110829
0.160544,0.203651,0.155753,0.191092,0.14614,0.0618208,0.223477,0.169133,0.1155,0.265965,-0.00814434,-0.0603653,-0.0678557,-0.0349005,0.0519034,-0.142004,0.0542105,0.0753903,-0.0228053,0.162399,0.202411,-0.0386997,0.019131,0.139771,0.06713,0.260956,0.158964,0.0946405,0.397599,0.133085,1,0.185955,0.229069,-0.107544,-0.243058,0.013683,0.00321191,0.000583869,0.243262,0.0102087,0.12818,0.130129,0.0214049,0.0547965,0.169907,-0.0912281,0.0865961,0.179879,-0.115655,0.139424,-0.0911255,0.167822,-0.133783,-0.126866,0.0457798,0.129599,0.0792559,0.0255788,0.153414,-0.0534808,0.168637,0.0541777,0.142915,0.181097,0.0726602,0.346577,0.0719546,0.125378,-0.0661916,0.260449,0.2032,0.0629303,0.0383476,0.152804,0.0661337,0.150271,-0.00590051,0.111731,-0.110761,0.11473,0.141783,0.0671371,0.0140304,-0.13104,0.0571524
0.549027,0.433509,0.60041,0.44066,0.63754,0.223718,0.542161,0.154079,0.546921,0.388716,0.416321,0.37725,0.401776,0.37419,0.517467,0.127968,0.396645,0.17367,0.421111,0.349056,0.562653,0.182945,0.453056,0.549794,0.204021,0.29263,0.16504,0.350877,0.0757299,0.234772,0.185955,1,0.19603,0.497461,0.434285,0.0659776,-0.0700501,0.286909,0.55543,0.629321,0.198827,0.13636,0.487667,0.391402,0.551298,0.344056,0.455665,0.411115,0.277256,0.362844,0.221437,0.192608,0.275987,0.362212,0.552895,0.399851,0.373459,0.302756,0.404684,0.285337,0.165672,0.32157,0.407946,0.408536,0.538036,0.122528,0.337288,0.582456,0.153355,0.416281,0.501255,0.176671,0.184138,0.0155315,0.294658,0.378073,0.397623,0.32025,0.31436,-0.008829,0.287094,0.433637,0.463622,0.348984,0.492182
0.586807,0.534541,0.623713,0.329886,0.508285,0.469562,0.204977,0.216327,0.26165,0.472687,0.383421,0.299242,0.575544,0.605702,0.243078,0.353348,0.565515,0.348173,0.378314,0.495212,0.60003,0.551239,0.616193,0.638284,0.079306,0.377534,0.386806,0.279764,-0.0552342,0.272665,0.229069,0.19603,1,0.259934,0.349939,0.180916,-0.0819279,0.397235,0.561977,0.416942,0.41372,0.386453,0.549438,0.573566,0.567483,0.458054,0.43513,0.502447,0.208955,0.205085,0.394898,0.435325,0.573348,0.329203,0.533051,0.586019,0.125522,0.457903,0.54718,0.129971,0.286285,0.324426,0.488499,0.605873,0.588039,0.396312,0.395031,0.517088,0.120136,0.549714,0.530924,0.293777,0.238519,0.257762,0.414776,0.472686,-0.0217457,0.181444,0.220174,0.230414,0.312312,0.678723,0.619743,0.339313,0.36056
0.386281,0.562097,0.448021,0.27005,0.348125,0.111809,0.349448,0.117119,0.443569,0.175643,0.28268,0.327461,0.376452,0.252423,0.295727,0.360473,0.363817,0.091199,0.515355,0.272497,0.363536,0.226059,0.349694,0.445363,0.186251,0.174553,0.29043,0.0344466,-0.197506,0.146645,-0.107544,0.497461,0.259934,1,0.543216,0.205564,0.035471,0.302392,0.418016,0.50243,-0.00832453,0.0753931,0.390915,0.401401,0.346492,0.215807,0.425591,0.377764,0.390955,0.0753004,0.317189,0.035307,0.335009,0.368336,0.368193,0.373913,0.403776,0.392959,0.225316,0.424263,0.342853,0.126022,0.382677,0.222295,0.501376,-0.0573881,0.294871,0.497867,0.108162,0.378806,0.391934,0.128687,0.350365,0.150938,0.168167,0.220764,0.369971,0.118084,0.166643,0.246975,0.0801755,0.446829,0.397118,0.324979,0.375967
0.417032,0.319812,0.516459,0.226863,0.479879,0.281618,0.264133,0.121994,0.471059,0.191558,0.350501,0.370812,0.581049,0.36462,0.4794,0.422981,0.496901,0.260001,0.335198,0.363818,0.398923,0.403127,0.429951,0.477253,0.192398,0.250085,0.163498,0.0485767,-0.414346,0.254148,-0.243058,0.434285,0.349939,0.543216,1,0.0192314,-0.133726,0.29643,0.478423,0.595416,0.167447,0.0784315,0.503467,0.469011,0.472846,0.491173,0.389095,0.336888,0.305565,0.25972,0.316488,0.282652,0.506967,0.434329,0.475305,0.398673,0.25209,0.32778,0.391174,0.214236,0.187537,0.253274,0.278481,0.397763,0.526013,-0.0931844,0.206568,0.423463,0.131044,0.150499,0.357185,-0.00645362,0.234924,0.0571707,0.35552,0.411781,0.341799,0.123727,0.366408,0.0465289,0.235835,0.440995,0.391188,0.466803,0.510617
0.268214,0.36853,0.305937,0.164478,0.18379,0.229308,0.214575,0.0039979,0.134877,0.274585,0.342106,0.252893,0.171692,0.255377,-0.0143522,-0.103662,0.0956592,0.0648343,0.297222,0.265019,0.249478,0.168172,0.109074,0.28044,0.236147,0.0127145,0.401953,0.0505972,0.264389,0.0417515,0.013683,0.0659776,0.180916,0.205564,0.0192314,1,0.405224,-0.149985,0.256493,0.228848,-0.0543078,0.21638,0.299804,0.160472,0.317195,0.286846,0.106976,0.12374,0.00951052,-0.0179421,0.274151,-0.0820201,0.237666,0.0758348,0.221816,0.440949,0.218585,0.103359,0.2914,0.29965,0.0142523,0.159283,0.0596359,0.217803,0.208703,0.0367784,0.285439,0.351438,0.29502,0.209978,0.260378,0.458427,0.319655,0.43746,-0.265723,0.115414,0.130358,0.143288,0.0565463,0.140594,-0.116913,0.319659,0.157524,0.272763,0.159168
-0.02979,0.129613,0.111087,-0.0579067,-0.210937,-0.246492,-0.113293,-0.147338,-0.0239084,0.03692,0.0711191,-0.0216581,-0.148762,0.0811037,-0.138475,-0.0656118,-0.081432,-0.162714,-0.0102545,-0.0346254,-0.0733807,0.0146104,-0.00539034,-0.00277319,-0.245637,-0.0629456,0.269526,-0.00355913,0.0101608,-0.251645,0.00321191,-0.0700501,-0.0819279,0.035471,-0.133726,0.405224,1,-0.179728,0.111152,0.0560473,-0.361167,-0.11294,0.0785035,0.0372173,0.0132116,-0.0763215,0.0172622,0.0220107,0.146441,-0.0302999,-0.108812,0.0389145,0.132128,0.118237,0.100787,0.228399,-0.0565541,-0.0404105,0.280059,0.0498712,-0.011552,-0.139344,-0.00568469,0.00757692,0.0545611,0.160036,0.140778,0.146004,-0.122156,0.270117,-0.0637521,-0.0196455,-0.102001,0.264175,-0.215482,-0.2944,0.113065,-0.137754,-0.0581002,0.166542,-0.294481,0.00606145,-0.161211,0.0321632,0.0929968
0.504414,0.294948,0.432118,0.50325,0.470213,0.201381,0.313679,0.254825,0.0792821,0.376658,0.43513,0.370533,0.446682,0.372261,0.0366395,0.550958,0.411464,0.00145049,0.429111,0.428573,0.485705,0.468413,0.589058,0.433958,-0.0478894,0.647115,0.335132,0.322315,-0.26265,0.497628,0.000583869,0.286909,0.397235,0.302392,0.29643,-0.149985,-0.179728,1,0.438115,0.221768,0.245201,0.362406,0.339522,0.478877,0.418017,0.381291,0.167104,0.32392,0.423539,0.24442,0.0556258,0.277078,0.318281,0.522218,0.516319,0.195371,-0.0243425,0.595698,0.352464,0.256794,0.229795,0.0863044,0.337581,0.395665,0.548448,0.150286,0.384461,0.432914,-0.159538,0.0482166,0.368167,0.0418601,0.111577,-0.13493,0.318801,0.461903,0.102559,-0.0229718,0.091872,0.0208417,0.0956801,0.31516,0.266274,0.063171,0.228122
0.790595,0.661026,0.860879,0.575217,0.690874,0.574286,0.411965,0.248956,0.533186,0.61144,0.573838,0.569089,0.703486,0.664161,0.398336,0.476564,0.639834,0.317172,0.481198,0.696873,0.76179,0.524031,0.651155,0.821658,0.162906,0.521725,0.665603,0.381831,-0.047625,0.362722,0.243262,0.55543,0.561977,0.418016,0.478423,0.256493,0.111152,0.438115,1,0.73321,0.321642,0.219537,0.803241,0.706733,0.836216,0.654034,0.698925,0.617664,0.462946,0.515495,0.410661,0.541558,0.643418,0.521027,0.723477,0.829035,0.35638,0.491815,0.724157,0.310407,0.359111,0.475557,0.623873,0.751326,0.816471,0.277119,0.583049,0.809968,0.197239,0.449131,0.665295,0.214009,0.0927074,0.21408,0.358643,0.492003,0.329443,0.187375,0.271045,0.171474,0.36769,0.714754,0.567277,0.59395,0.56381
0.648465,0.556882,0.76532,0.477238,0.546427,0.573059,0.415025,0.300559,0.708009,0.606167,0.599639,0.563476,0.718213,0.607431,0.669317,0.467748,0.593217,0.354215,0.523872,0.589104,0.625194,0.533949,0.505832,0.794208,0.307419,0.295072,0.490683,0.143514,-0.127491,0.238417,0.0102087,0.629321,0.416942,0.50243,0.595416,0.228848,0.0560473,0.221768,0.73321,1,0.245723,0.135512,0.730106,0.623399,0.723915,0.626091,0.746971,0.633662,0.422537,0.43399,0.461788,0.394463,0.6176,0.552027,0.745148,0.684315,0.453147,0.331196,0.661477,0.171316,0.0605302,0.400901,0.530654,0.620842,0.730448,-0.030657,0.50698,0.740532,0.166676,0.398134,0.636476,0.329384,0.0843777,0.096679,0.337489,0.508225,0.34194,0.370139,0.290159,0.0408997,0.406687,0.694864,0.564378,0.624492,0.546773
0.449369,0.291259,0.501784,0.458255,0.381497,0.517161,0.205384,0.324984,0.179224,0.244349,0.447995,0.217902,0.531434,0.296404,0.277406,0.265615,0.549568,0.253227,0.29586,0.499009,0.437296,0.401907,0.284948,0.524786,0.0830984,0.266701,0.213082,0.365075,0.0812298,0.427012,0.12818,0.198827,0.41372,-0.00832453,0.167447,-0.0543078,-0.361167,0.245201,0.321642,0.245723,1,0.42083,0.466609,0.416278,0.5651,0.384532,0.278623,0.342524,0.251554,0.287361,0.247197,0.319137,0.34471,0.208714,0.40896,0.298487,0.104922,0.248254,0.285427,0.303983,0.286208,0.423371,0.159932,0.434506,0.379065,0.290822,0.300409,0.335134,0.295808,0.276217,0.400054,0.373497,0.0660776,-0.0791938,0.479457,0.379095,0.0303277,0.157953,0.274867,0.088624,0.436792,0.420327,0.351259,0.149638,0.322638
0.453969,0.390827,0.38853,0.368973,0.365353,0.236377,0.366333,0.552724,0.0489944,0.284251,0.518763,0.145904,0.373252,0.370927,-0.0707913,0.291927,0.327281,-0.00104072,0.221533,0.48246,0.344365,0.36088,0.320414,0.358484,0.228213,0.459465,0.232525,0.254126,0.00097956,0.501311,0.130129,0.13636,0.386453,0.0753931,0.0784315,0.21638,-0.11294,0.362406,0.219537,0.135512,0.42083,1,0.428347,0.477314,0.451282,0.378979,0.061494,0.254433,0.0771075,0.133303,0.0534011,0.26729,0.172754,0.183986,0.385655,0.101981,0.0939315,0.56902,0.289986,0.270164,0.300859,0.384543,0.124427,0.469916,0.277391,0.230676,0.455635,0.377878,0.116147,0.0940371,0.491293,0.21488,0.181418,0.160688,0.20752,0.532435,0.0639024,0.0566062,0.255076,0.188913,0.277841,0.270144,0.263797,0.0266444,0.193496
0.827834,0.658044,0.927714,0.533379,0.613822,0.605129,0.424184,0.377151,0.595564,0.566165,0.680464,0.574771,0.79471,0.727265,0.376405,0.571445,0.733435,0.411928,0.478243,0.736098,0.698959,0.568311,0.674487,0.835157,0.157253,0.44966,0.585263,0.316878,-0.162752,0.355744,0.0214049,0.487667,0.549438,0.390915,0.503467,0.299804,0.0785035,0.339522,0.803241,0.730106,0.466609,0.428347,1,0.755295,0.888132,0.742971,0.686751,0.670158,0.423401,0.42258,0.492345,0.487859,0.73937,0.526506,0.802673,0.767378,0.363429,0.479117,0.790435,0.394882,0.352344,0.561793,0.577376,0.682785,0.779258,0.266634,0.609359,0.805187,0.276298,0.427838,0.714362,0.390236,0.138824,0.201712,0.337063,0.501191,0.337187,0.251579,0.385971,0.0791028,0.509711,0.757266,0.591404,0.624514,0.516658
0.686955,0.750812,0.775319,0.494111,0.534091,0.448127,0.284008,0.270921,0.45606,0.514512,0.607899,0.405026,0.712139,0.745769,0.436164,0.627447,0.690558,0.300055,0.555378,0.74697,0.724287,0.530133,0.536016,0.774001,0.089518,0.580968,0.383688,0.299135,-0.344765,0.348701,0.0547965,0.391402,0.573566,0.401401,0.469011,0.160472,0.0372173,0.478877,0.706733,0.623399,0.416278,0.477314,0.755295,1,0.753035,0.57335,0.56523,0.650828,0.359262,0.426162,0.34382,0.513913,0.553745,0.691124,0.700893,0.657373,0.271017,0.667303,0.689733,0.407972,0.382861,0.31677,0.372071,0.783927,0.678869,0.161704,0.378088,0.769534,0.120533,0.309373,0.593565,0.279258,0.0345682,0.19805,0.563539,0.409975,0.260039,0.0976054,0.151694,0.194087,0.421965,0.675861,0.499518,0.359488,0.508726
0.871822,0.690374,0.933758,0.68402,0.724858,0.680073,0.576676,0.397364,0.48123,0.698099,0.745242,0.598241,0.840343,0.743848,0.462492,0.498066,0.728522,0.211905,0.592252,0.814796,0.744502,0.642599,0.649007,0.864285,0.227787,0.578188,0.613144,0.363262,-0.00313578,0.524748,0.169907,0.551298,0.567483,0.346492,0.472846,0.317195,0.0132116,0.418017,0.836216,0.723915,0.5651,0.451282,0.888132,0.753035,1,0.75418,0.656582,0.716222,0.513413,0.533923,0.453607,0.564755,0.71423,0.590121,0.866127,0.741431,0.380262,0.518381,0.827216,0.439869,0.316151,0.610784,0.480366,0.754175,0.818853,0.267242,0.630371,0.868451,0.239782,0.400908,0.814497,0.448595,0.280367,0.165401,0.324195,0.668793,0.282362,0.324407,0.316607,0.166591,0.444005,0.722668,0.571847,0.557612,0.601524
0.770507,0.424982,0.724262,0.472605,0.669751,0.650711,0.416501,0.392161,0.409561,0.596396,0.646417,0.624572,0.665377,0.686697,0.294408,0.546673,0.570147,0.25319,0.441384,0.68125,0.556044,0.499937,0.653638,0.668377,0.203446,0.40072,0.449895,0.229696,-0.121386,0.30283,-0.0912281,0.344056,0.458054,0.215807,0.491173,0.286846,-0.0763215,0.381291,0.654034,0.626091,0.384532,0.378979,0.742971,0.57335,0.75418,1,0.416352,0.456311,0.44781,0.479451,0.462263,0.348047,0.586636,0.402072,0.67288,0.564037,0.157818,0.43122,0.601681,0.045811,0.0727522,0.560769,0.384512,0.610334,0.663915,0.120105,0.597557,0.631875,0.232343,0.103283,0.65288,0.387545,0.151813,0.105664,0.310919,0.552813,0.375387,0.215893,0.315574,-0.116838,0.356169,0.539351,0.413684,0.56737,0.438909
0.606286,0.545509,0.728399,0.489337,0.425692,0.559425,0.172321,0.150538,0.478182,0.487314,0.441613,0.407541,0.679674,0.541885,0.440583,0.437568,0.601637,0.425238,0.485869,0.612448,0.608351,0.41539,0.510357,0.684333,0.315495,0.294561,0.473781,0.242385,-0.111969,0.119766,0.0865961,0.455665,0.43513,0.425591,0.389095,0.106976,0.0172622,0.167104,0.698925,0.746971,0.278623,0.061494,0.686751,0.56523,0.656582,0.416352,1,0.64244,0.301049,0.455629,0.46545,0.488391,0.578016,0.416738,0.605054,0.716172,0.425853,0.375496,0.597891,0.191434,0.398084,0.396572,0.61797,0.556615,0.643122,0.121501,0.445059,0.715195,0.315832,0.478247,0.670411,0.363923,0.186596,0.0703706,0.323262,0.30519,0.159731,0.277731,0.270877,0.412635,0.45354,0.590248,0.518846,0.445683,0.485327
0.715058,0.65818,0.727184,0.422338,0.442812,0.488212,0.322766,0.277008,0.354933,0.675559,0.474041,0.38671,0.597897,0.671367,0.501379,0.486376,0.441369,0.152189,0.49807,0.693548,0.633298,0.574102,0.369929,0.695571,0.239474,0.323466,0.427563,0.0859418,-0.205251,0.339041,0.179879,0.411115,0.502447,0.377764,0.336888,0.12374,0.0220107,0.32392,0.617664,0.633662,0.342524,0.254433,0.670158,0.650828,0.716222,0.456311,0.64244,1,0.307104,0.335896,0.353951,0.518087,0.558797,0.449778,0.596502,0.63073,0.491106,0.386385,0.64319,0.245733,0.160397,0.457267,0.468442,0.578943,0.694339,0.219022,0.500422,0.66236,0.13545,0.334062,0.695122,0.430585,0.280428,0.202354,0.369734,0.340389,0.163486,0.417214,0.232899,0.22476,0.36156,0.618813,0.574087,0.353881,0.423988
0.451091,0.304231,0.492993,0.488115,0.387509,0.277321,0.327288,0.346062,0.341525,0.45312,0.567529,0.582666,0.506683,0.422746,0.176525,0.493851,0.448986,-0.0887588,0.30115,0.439558,0.194381,0.433022,0.484981,0.466266,-0.140081,0.346516,0.549343,0.013254,-0.196755,0.384246,-0.115655,0.277256,0.208955,0.390955,0.305565,0.00951052,0.146441,0.423539,0.462946,0.422537,0.251554,0.0771075,0.423401,0.359262,0.513413,0.44781,0.301049,0.307104,1,0.447231,0.100544,0.414354,0.464132,0.506071,0.54474,0.312494,0.239688,0.149756,0.459801,0.24716,0.120055,0.253521,0.312232,0.30037,0.614111,-0.0457231,0.468729,0.460098,-0.196313,0.272315,0.36738,-0.00813178,-0.0598131,-0.0800339,0.0741252,0.374278,0.166384,0.0338463,0.10327,-0.00700274,0.0882548,0.313756,0.150142,0.531342,0.321246
0.360081,0.360464,0.513098,0.624286,0.432328,0.524716,0.333932,0.194398,0.196262,0.393466,0.513771,0.514816,0.594049,0.471908,0.354456,0.457448,0.643717,0.151336,0.305366,0.506771,0.408817,0.144843,0.481275,0.450447,0.230227,0.428988,0.267036,0.202533,0.0199628,0.144992,0.139424,0.362844,0.205085,0.0753004,0.25972,-0.0179421,-0.0302999,0.24442,0.515495,0.43399,0.287361,0.133303,0.42258,0.426162,0.533923,0.479451,0.455629,0.335896,0.447231,1,0.236742,0.356119,0.400474,0.276267,0.491668,0.383516,0.171113,0.218764,0.595073,0.120447,0.289445,0.366564,0.285492,0.498195,0.484538,0.195183,0.2226,0.531522,0.201037,0.216815,0.361322,0.137079,0.0544402,-0.111763,0.450931,0.304116,0.259624,0.130472,0.0562863,0.144264,0.289831,0.246764,0.0725164,0.252883,0.484548
0.481783,0.441101,0.511363,0.30364,0.378185,0.592184,0.286194,-0.0237286,0.288881,0.275746,0.246426,0.628375,0.56848,0.549361,0.242472,0.285076,0.535427,0.353304,0.38384,0.316709,0.556877,0.147947,0.351567,0.580059,0.394017,0.142767,0.221634,0.430355,0.112001,0.00493697,-0.0911255,0.221437,0.394898,0.317189,0.316488,0.274151,-0.108812,0.0556258,0.410661,0.461788,0.247197,0.0534011,0.492345,0.34382,0.453607,0.462263,0.46545,0.353951,0.100544,0.236742,1,0.311168,0.544605,0.162644,0.437408,0.499712,0.510097,0.316616,0.411856,0.214598,0.233002,0.436683,0.391168,0.253029,0.442254,0.0209437,0.1878,0.552697,0.575373,0.365124,0.361032,0.397036,0.359841,0.198082,0.117803,0.214628,0.171179,0.356758,0.390042,0.0951601,0.525611,0.571267,0.563635,0.340668,0.365
0.49359,0.314228,0.540859,0.439728,0.46427,0.396752,0.279188,0.239975,0.227539,0.446091,0.299006,0.39397,0.552644,0.547018,0.333974,0.348462,0.450851,0.147329,0.134017,0.50137,0.491019,0.341755,0.314289,0.553701,0.162974,0.486471,0.271088,0.203757,-0.215062,0.307248,0.167822,0.192608,0.435325,0.035307,0.282652,-0.0820201,0.0389145,0.277078,0.541558,0.394463,0.319137,0.26729,0.487859,0.513913,0.564755,0.348047,0.488391,0.518087,0.414354,0.356119,0.311168,1,0.538283,0.379252,0.515771,0.415993,0.388074,0.320259,0.501215,0.116486,0.269664,0.296951,0.351848,0.492177,0.574671,0.147723,0.254666,0.564119,-0.0741669,0.2936,0.44856,-0.00408552,0.108136,0.164799,0.236852,0.390616,-0.0849326,0.241011,0.275992,0.219487,0.452796,0.436981,0.376581,0.334372,0.468162
