1,0.698205,0.811431,0.71038,0.595067,0.784294,0.504679,0.270058,0.503918,0.574499,0.454151,0.699849,0.747852,0.854775,0.425028,0.444152,0.76344,0.384281,0.477121,0.665562,0.794361,0.573479,0.575868,0.644536,0.00507345,0.58558,0.651309,0.530935,0.272434,0.241809,0.110953,0.179713,0.446118,0.229528,0.379312,0.0171416,0.0879982,0.542454,0.732567,0.791449,0.252747,0.511093,0.752312,0.560066,0.823544,0.746615,0.649115,0.70146,0.297818,0.378635,0.580007,0.606493,0.586577,0.545736,0.676863,0.8175,0.45613,0.51289,0.748352,0.211808,0.293123,0.574356,0.508136,0.701864,0.755627,0.411078,0.565549,0.532025,0.440302,0.585866,0.735377,0.432097,0.0534036,0.441559,0.442533,0.625528,0.466268,0.385601,0.190271,-0.0155809,0.575143,0.74878,0.66627,0.292787,0.38402
0.698205,1,0.29487,0.337139,0.268159,0.454368,0.134225,0.0793018,0.354815,0.389972,0.179739,0.396436,0.763094,0.513452,0.500543,0.821883,0.636626,0.327903,0.0135874,0.468133,0.443369,0.195351,0.219748,0.131342,-0.156475,0.151817,0.23605,0.0399156,-0.00920558,-0.107354,0.00645018,-0.201698,0.0110873,-0.167445,-0.0508602,-0.184683,-0.12644,0.46904,0.540265,0.572983,-0.177839,0.0814584,0.725308,0.884323,0.506064,0.55728,0.293456,0.460842,-0.119338,-0.0269811,0.195574,0.446195,0.563275,0.641418,0.821317,0.649635,0.40546,0.880085,0.877347,0.169955,0.263619,0.238901,0.0213611,0.44202,0.336774,-0.0557672,0.158697,0.0880272,0.367037,0.282075,0.423901,0.227149,-0.301995,0.314589,0.183936,0.362262,-0.00763258,0.203799,-0.0187393,-0.0742547,0.335144,0.538995,0.545687,-0.0656814,-0.00317791
0.811431,0.29487,1,0.805229,0.714218,0.689452,0.532134,0.279906,0.452746,0.5439,0.617568,0.529406,0.421729,0.73099,0.265953,0.0960797,0.629991,0.24561,0.554763,0.588405,0.676896,0.53876,0.565933,0.848262,0.0734423,0.781945,0.662913,0.61907,0.415748,0.493652,0.246832,0.406015,0.463363,0.315513,0.503512,0.134951,0.229919,0.454884,0.612689,0.577416,0.422299,0.649773,0.627646,0.155298,0.856926,0.68923,0.651047,0.645338,0.439985,0.610266,0.550673,0.577645,0.367097,0.208727,0.288735,0.642692,0.324067,0.107088,0.376471,0.331874,0.358026,0.583161,0.536544,0.670525,0.70013,0.57856,0.60599,0.706405,0.356215,0.588183,0.639116,0.352897,0.375911,0.360567,0.489203,0.563154,0.579576,0.356848,0.334729,0.122634,0.423495,0.627617,0.575921,0.397535,0.514282
0.71038,0.337139,0.805229,1,0.724762,0.51917,0.365374,0.159708,0.424861,0.550671,0.669081,0.578803,0.506063,0.537506,0.248283,0.210511,0.613495,0.143465,0.366662,0.618978,0.636967,0.452292,0.526386,0.702206,0.0508085,0.699364,0.651371,0.564071,0.310386,0.402092,0.267876,0.332227,0.408747,0.214822,0.469202,-0.0828863,0.205731,0.322349,0.539486,0.416163,0.310299,0.537365,0.565736,0.151762,0.792502,0.61682,0.480258,0.597044,0.347853,0.40553,0.382327,0.573398,0.409618,0.320145,0.346183,0.564842,0.297232,0.193383,0.395378,0.34781,0.525278,0.417437,0.481803,0.6629,0.648957,0.481616,0.592107,0.595214,0.435993,0.505509,0.545397,0.231964,0.103595,0.408392,0.454816,0.396193,0.443114,0.314462,0.375976,0.0839412,0.466969,0.537147,0.520116,0.199601,0.382507
0.595067,0.268159,0.714218,0.724762,1,0.492957,0.375936,0.188635,0.345633,0.489888,0.455797,0.268963,0.293181,0.509452,0.125193,0.154412,0.555869,0.0129639,0.236479,0.567566,0.507117,0.193908,0.392253,0.706945,-0.0767732,0.627524,0.489007,0.328014,0.312471,0.339362,0.113689,0.125033,0.367475,0.126052,0.371425,0.0146716,0.24701,0.398352,0.505801,0.436713,0.368975,0.624252,0.556576,0.0769293,0.709632,0.515836,0.333118,0.518512,0.289143,0.395351,0.471095,0.468251,0.294916,0.221391,0.239597,0.551858,0.318594,0.106052,0.320323,0.258581,0.292244,0.307281,0.373038,0.530732,0.604274,0.42074,0.447268,0.573632,0.449711,0.590624,0.539846,0.361506,0.309917,0.439588,0.34352,0.355975,0.161294,0.275922,0.41342,0.0964862,0.171882,0.464689,0.519094,0.212548,0.206186
0.784294,0.454368,0.689452,0.51917,0.492957,1,0.463515,0.373049,0.503679,0.488118,0.38008,0.549336,0.467379,0.796929,0.388368,0.126232,0.523215,0.413106,0.587429,0.409862,0.58251,0.527877,0.599496,0.663706,-0.0994971,0.535557,0.627216,0.569096,0.322888,0.181711,-0.00456701,0.183164,0.490087,0.238188,0.180959,0.282382,0.269026,0.350807,0.543056,0.631125,0.352022,0.487868,0.44952,0.255448,0.582197,0.57611,0.471327,0.563823,0.355007,0.348412,0.420039,0.510204,0.483883,0.27188,0.369187,0.640932,0.502875,0.202747,0.431419,0.153402,0.190234,0.597724,0.502015,0.561328,0.63382,0.2637,0.558495,0.595605,0.262209,0.521649,0.574238,0.343501,0.0377362,0.316889,0.492188,0.529915,0.425847,0.298434,0.230952,-0.0536524,0.453878,0.548553,0.410146,0.308061,0.421352
0.504679,0.134225,0.532134,0.365374,0.375936,0.463515,1,0.668209,0.52112,0.566805,0.392391,0.3005,0.198417,0.679998,0.426157,-0.24983,0.347705,0.536267,0.668141,0.378303,0.5889,0.430226,0.705664,0.706376,0.315828,0.487978,0.72439,0.602288,0.262639,0.195091,0.258015,0.497631,0.486912,0.514091,0.597495,0.390951,0.326112,0.37832,0.35584,0.437559,0.452066,0.579091,0.167708,0.0231778,0.412903,0.302284,0.516656,0.64281,0.693474,0.605207,0.470437,0.285916,0.278014,0.0911738,0.181392,0.500139,0.413352,-0.140208,0.230756,0.114226,0.102133,0.509557,0.515731,0.309734,0.58373,0.385543,0.592676,0.715899,0.386975,0.549892,0.611717,0.484358,0.34652,0.1711,0.488495,0.578654,0.461563,0.48123,0.225897,0.299117,0.339647,0.405026,0.148279,0.367529,0.522009
0.270058,0.0793018,0.279906,0.159708,0.188635,0.373049,0.668209,1,0.402724,0.436241,0.332735,0.114344,0.00540019,0.406341,0.251029,-0.332983,0.160686,0.474261,0.535667,0.224448,0.358652,0.260558,0.656351,0.517579,0.293503,0.205514,0.584815,0.478134,0.0637429,-0.0789625,-0.0732457,0.380045,0.392817,0.56151,0.290823,0.401757,0.471238,0.136713,0.110255,0.151134,0.37265,0.384556,-0.0297142,-0.0628295,0.17283,0.161165,0.264114,0.513753,0.573913,0.557639,0.290226,0.130049,0.191764,-0.160276,-0.0582808,0.273328,0.359866,-0.205859,0.0476798,0.0995125,0.120089,0.329555,0.460526,0.0652347,0.335428,0.261595,0.549251,0.615039,0.306374,0.304481,0.406976,0.187409,0.381016,0.039968,0.306888,0.46194,0.284369,0.269825,0.171907,0.24832,0.244391,0.153341,-0.0904684,0.22317,0.371808
0.503918,0.354815,0.452746,0.424861,0.345633,0.503679,0.52112,0.402724,1,0.382725,0.29738,0.167819,0.228244,0.478565,0.547745,0.104259,0.278608,0.437895,0.365607,0.126297,0.409194,0.271568,0.410523,0.45018,-0.0113771,0.31161,0.347148,0.395901,0.383749,0.126375,0.316058,0.340708,0.259416,0.0744638,0.20382,0.39017,0.29185,0.112842,0.204648,0.504809,0.143322,0.308593,0.414765,0.174394,0.312859,0.370397,0.348181,0.361285,0.180394,0.157652,0.168585,0.265074,0.224983,0.0871267,0.201564,0.381344,0.299976,0.195746,0.298208,0.110937,0.0020846,0.348036,0.227512,0.255239,0.330307,0.288117,0.345515,0.475904,0.155915,0.479733,0.26091,0.182914,0.0374455,0.164075,0.181896,0.186315,0.198869,0.343903,0.460304,0.288419,0.22117,0.330415,0.155871,-0.0149255,0.268077
0.574499,0.389972,0.5439,0.550671,0.489888,0.488118,0.566805,0.436241,0.382725,1,0.665304,0.513407,0.46682,0.570463,0.303991,0.170783,0.658461,0.31836,0.415604,0.479384,0.586865,0.296689,0.680159,0.658377,0.104625,0.628816,0.654296,0.480764,0.267531,0.196309,0.132686,0.338336,0.267572,0.315951,0.275429,0.15949,0.429499,0.423628,0.574002,0.454696,0.307463,0.545586,0.377516,0.205411,0.52707,0.420449,0.430026,0.769818,0.328998,0.422214,0.207084,0.685068,0.624057,0.402362,0.446685,0.620425,0.632806,0.201759,0.466986,0.289594,0.536887,0.331525,0.443336,0.393433,0.555144,0.369365,0.517909,0.678631,0.607004,0.525633,0.667519,0.407221,0.0770377,0.411488,0.540655,0.489654,0.40263,0.49981,0.289701,0.145237,0.44019,0.488294,0.421624,0.283078,0.48359
0.454151,0.179739,0.617568,0.669081,0.455797,0.38008,0.392391,0.332735,0.29738,0.665304,1,0.417958,0.281876,0.378165,0.190169,0.0170668,0.446166,0.257749,0.445958,0.424383,0.441741,0.465808,0.630865,0.659503,0.1647,0.581579,0.63348,0.521653,0.27262,0.210848,0.153739,0.32852,0.0725442,0.202801,0.256911,-0.00949818,0.353834,0.228519,0.382354,0.256755,0.263533,0.458414,0.365394,0.0619351,0.590517,0.495837,0.205628,0.533689,0.362712,0.40357,0.396005,0.572709,0.509822,0.132171,0.233322,0.480386,0.464059,0.0235803,0.259632,0.317704,0.544623,0.354633,0.424335,0.426273,0.439736,0.379437,0.665151,0.667896,0.355335,0.279522,0.502402,0.200894,0.260519,0.171838,0.46135,0.393671,0.372949,0.0407404,0.375662,0.200989,0.400555,0.316538,0.368015,0.158589,0.541034
0.699849,0.396436,0.529406,0.578803,0.268963,0.549336,0.3005,0.114344,0.167819,0.513407,0.417958,1,0.764045,0.615918,0.192438,0.311986,0.669309,0.29195,0.428684,0.607073,0.707516,0.594268,0.554304,0.455142,0.186968,0.56557,0.641523,0.538174,0.233731,0.302991,0.134763,0.189864,0.486862,0.431283,0.364111,-0.0119992,0.0586499,0.436003,0.681386,0.605033,0.253135,0.48545,0.438184,0.358253,0.584608,0.520114,0.574811,0.507872,0.319416,0.196455,0.395676,0.568248,0.587866,0.658722,0.622527,0.625514,0.312969,0.323213,0.569272,0.0759158,0.322543,0.474759,0.523841,0.662257,0.692614,0.410944,0.622525,0.434408,0.399945,0.393226,0.665045,0.319317,-0.0546848,0.499484,0.503188,0.541649,0.624519,0.379944,0.048417,-0.067398,0.646272,0.623516,0.576868,0.256907,0.386045
0.747852,0.763094,0.421729,0.506063,0.293181,0.467379,0.198417,0.00540019,0.228244,0.46682,0.281876,0.764045,1,0.616624,0.389004,0.744972,0.825189,0.260067,0.179637,0.669294,0.636949,0.503697,0.366701,0.269882,0.0568815,0.328217,0.44994,0.296815,0.197898,0.057038,0.169742,-0.0597939,0.163134,0.100208,0.118735,-0.269844,-0.168563,0.560007,0.749014,0.67869,0.0265772,0.294658,0.674754,0.744712,0.616614,0.689259,0.472269,0.551433,0.109364,0.0144288,0.305951,0.570836,0.690707,0.771815,0.903979,0.734277,0.432005,0.755726,0.911498,0.136228,0.362131,0.500938,0.305073,0.664599,0.593951,0.248838,0.351656,0.279829,0.51968,0.481728,0.609881,0.336802,-0.172265,0.602291,0.328279,0.4023,0.310417,0.322076,0.0640016,-0.00503057,0.558891,0.672922,0.668438,0.0798524,0.138751
0.854775,0.513452,0.73099,0.537506,0.509452,0.796929,0.679998,0.406341,0.478565,0.570463,0.378165,0.615918,0.616624,1,0.449762,0.169283,0.681521,0.475328,0.730856,0.633162,0.804291,0.600601,0.686629,0.728153,0.0753412,0.622338,0.718017,0.656899,0.334849,0.215473,0.164943,0.327096,0.581321,0.392763,0.478396,0.128379,0.185717,0.548182,0.758214,0.788181,0.415854,0.635462,0.529207,0.424368,0.647188,0.621045,0.703958,0.768583,0.505258,0.499416,0.550673,0.580358,0.567721,0.454358,0.601774,0.834156,0.540989,0.283621,0.623952,0.0845506,0.209657,0.783557,0.615298,0.680405,0.84116,0.466588,0.597925,0.664414,0.492017,0.691028,0.767567,0.562446,0.176797,0.507122,0.584916,0.701001,0.595814,0.550827,0.122661,0.128393,0.5573,0.784669,0.571712,0.37941,0.557788
0.425028,0.500543,0.265953,0.248283,0.125193,0.388368,0.426157,0.251029,0.547745,0.303991,0.190169,0.192438,0.389004,0.449762,1,0.274806,0.426286,0.358647,0.19092,0.119575,0.192455,0.22852,0.283607,0.272271,0.101217,0.168028,0.154764,0.341181,0.240626,-0.053067,0.138648,0.286614,0.10731,-0.055216,0.0500178,0.13993,0.173674,0.327824,0.124193,0.375751,-0.0369278,0.108724,0.23339,0.279874,0.205945,0.257921,0.246716,0.446855,0.114214,-0.0433402,0.0996275,0.373697,0.376428,0.116668,0.333229,0.32469,0.440854,0.307596,0.403694,0.186785,0.0862016,0.384928,0.0816922,0.210786,0.23624,0.135383,0.187601,0.367454,0.182042,0.191946,0.128018,0.103249,-0.224386,0.106133,0.229439,0.0892254,0.0756704,0.227976,0.415015,0.318542,0.260126,0.13434,0.0604712,-0.0326077,0.281174
0.444152,0.821883,0.0960797,0.210511,0.154412,0.126232,-0.24983,-0.332983,0.104259,0.170783,0.0170668,0.311986,0.744972,0.169283,0.274806,1,0.550898,-0.0265243,-0.371521,0.360201,0.214537,0.0344202,-0.172082,-0.171603,-0.242684,-0.0436722,-0.0989715,-0.249543,-0.0107264,-0.053553,-0.0125278,-0.425392,-0.232588,-0.366312,-0.272447,-0.381583,-0.404381,0.372208,0.436302,0.433252,-0.374664,-0.11318,0.689667,0.834806,0.385613,0.490538,0.0830266,0.15695,-0.397175,-0.319864,0.0031976,0.324605,0.454512,0.647186,0.771825,0.456564,0.190047,0.951752,0.807066,0.138616,0.230843,0.0133333,-0.198311,0.337756,0.131344,-0.102294,-0.140137,-0.206521,0.257737,0.177255,0.172012,0.0115237,-0.378476,0.364618,-0.101711,0.043242,-0.196255,0.0223866,-0.0236236,-0.193098,0.138121,0.380611,0.566325,-0.235784,-0.249861
0.76344,0.636626,0.629991,0.613495,0.555869,0.523215,0.347705,0.160686,0.278608,0.658461,0.446166,0.669309,0.825189,0.681521,0.426286,0.550898,1,0.189615,0.323226,0.629697,0.643373,0.380927,0.49129,0.554462,0.111425,0.55867,0.535606,0.390141,0.310368,0.15366,0.23243,0.0818701,0.298058,0.142217,0.167065,-0.140171,0.117901,0.624937,0.751905,0.639898,0.221821,0.5176,0.620497,0.487991,0.671466,0.657539,0.615057,0.756827,0.225907,0.277028,0.331549,0.65731,0.658063,0.66482,0.741898,0.731364,0.585602,0.518217,0.74257,0.244122,0.492312,0.494173,0.342294,0.6428,0.647493,0.399336,0.427862,0.532951,0.547396,0.55482,0.670273,0.441747,0.096658,0.679389,0.50319,0.398227,0.444672,0.457382,0.343771,0.204561,0.463736,0.628495,0.693281,0.164468,0.328569
0.384281,0.327903,0.24561,0.143465,0.0129639,0.413106,0.536267,0.474261,0.437895,0.31836,0.257749,0.29195,0.260067,0.475328,0.358647,-0.0265243,0.189615,1,0.550484,0.239606,0.473056,0.433996,0.523725,0.319857,0.126565,0.211716,0.558294,0.436861,0.306732,-0.0138707,0.187581,0.281107,0.255715,0.367948,0.294762,0.183301,0.277377,0.219121,0.263748,0.348597,0.138373,0.321697,0.262486,0.298094,0.259217,0.338586,0.343611,0.353609,0.50254,0.251809,0.22968,0.36112,0.454579,0.268786,0.324224,0.384602,0.320444,0.149994,0.324531,0.070946,0.0557065,0.34365,0.325164,0.270493,0.40353,0.252031,0.461917,0.414069,0.129353,0.177867,0.477929,0.285532,0.0858775,0.101827,0.291669,0.463052,0.296254,0.337512,-0.0836996,0.105974,0.314623,0.361408,0.0430391,0.0893434,0.39939
0.477121,0.0135874,0.554763,0.366662,0.236479,0.587429,0.668141,0.535667,0.365607,0.415604,0.445958,0.428684,0.179637,0.730856,0.19092,-0.371521,0.323226,0.550484,1,0.365562,0.637547,0.58819,0.745569,0.709716,0.286967,0.554262,0.765099,0.800289,0.297231,0.14436,0.204132,0.519389,0.615211,0.560765,0.537022,0.295966,0.463168,0.258978,0.394585,0.408352,0.550321,0.563227,0.0830089,-0.0413823,0.299062,0.311601,0.572961,0.568132,0.68045,0.609536,0.393333,0.404867,0.325935,0.138474,0.159231,0.441039,0.383604,-0.216708,0.119944,-0.00213617,0.16576,0.687642,0.648917,0.435605,0.631371,0.499659,0.631624,0.678444,0.195415,0.416681,0.579866,0.442387,0.355345,0.253533,0.568682,0.625166,0.702321,0.458375,0.163511,0.2418,0.414562,0.481123,0.153771,0.272057,0.684347
0.665562,0.468133,0.588405,0.618978,0.567566,0.409862,0.378303,0.224448,0.126297,0.479384,0.424383,0.607073,0.669294,0.633162,0.119575,0.360201,0.629697,0.239606,0.365562,1,0.754063,0.555426,0.56673,0.608765,0.0714529,0.59456,0.660744,0.450793,0.181263,0.344269,0.179516,0.22484,0.386279,0.408163,0.519162,-0.1316,0.0327837,0.545251,0.729906,0.57226,0.196823,0.616557,0.655672,0.489817,0.732487,0.694695,0.463255,0.561593,0.425359,0.429984,0.482787,0.67329,0.635907,0.457395,0.636948,0.730397,0.275026,0.411281,0.664483,0.420932,0.317936,0.572486,0.62,0.813547,0.791649,0.512088,0.541909,0.546202,0.588635,0.590193,0.72641,0.343764,0.182803,0.559765,0.31225,0.704917,0.39549,0.365305,0.0705776,0.0731572,0.460429,0.721302,0.617224,0.205447,0.337889
0.794361,0.443369,0.676896,0.636967,0.507117,0.58251,0.5889,0.358652,0.409194,0.586865,0.441741,0.707516,0.636949,0.804291,0.192455,0.214537,0.643373,0.473056,0.637547,0.754063,1,0.609272,0.646039,0.700118,0.184431,0.624809,0.815645,0.616955,0.391282,0.387682,0.239462,0.314,0.601202,0.557975,0.60433,0.00657691,0.0673118,0.486232,0.740499,0.726248,0.322011,0.690556,0.590879,0.435921,0.727733,0.664046,0.671778,0.666817,0.512043,0.546211,0.585023,0.604232,0.596223,0.522441,0.605752,0.814932,0.356145,0.321195,0.622761,0.147303,0.297031,0.589744,0.720544,0.740018,0.873851,0.618138,0.640441,0.627535,0.512703,0.656465,0.820582,0.501593,0.171825,0.579401,0.47887,0.7467,0.655968,0.549164,0.0553018,-0.0236469,0.599691,0.801145,0.595834,0.285503,0.495678
0.573479,0.195351,0.53876,0.452292,0.193908,0.527877,0.430226,0.260558,0.271568,0.296689,0.465808,0.594268,0.503697,0.600601,0.22852,0.0344202,0.380927,0.433996,0.58819,0.555426,0.609272,1,0.585917,0.537224,0.293031,0.439987,0.637374,0.648217,0.364741,0.193355,0.142657,0.360363,0.251147,0.440971,0.355739,0.0374477,-0.019991,0.449511,0.480117,0.568146,0.303111,0.373207,0.369441,0.229183,0.520346,0.66295,0.369853,0.365534,0.455596,0.294174,0.511959,0.469007,0.505678,0.201447,0.392402,0.55015,0.351948,0.111328,0.40756,0.164998,0.184794,0.681053,0.624262,0.536579,0.647284,0.496858,0.61218,0.572039,0.279387,0.454994,0.625692,0.243112,0.155073,0.31724,0.31454,0.467598,0.503161,0.125947,0.0949612,0.0829706,0.543362,0.555733,0.36975,0.353258,0.46099
0.575868,0.219748,0.565933,0.526386,0.392253,0.599496,0.705664,0.656351,0.410523,0.680159,0.630865,0.554304,0.366701,0.686629,0.283607,-0.172082,0.49129,0.523725,0.745569,0.56673,0.646039,0.585917,1,0.792665,0.230135,0.60991,0.877455,0.753629,0.279986,0.173999,0.193697,0.47252,0.52433,0.586915,0.493571,0.223405,0.511935,0.348683,0.496756,0.471463,0.484953,0.653378,0.289612,0.113065,0.492884,0.433328,0.499654,0.721016,0.668999,0.586762,0.463277,0.528802,0.585144,0.210456,0.317629,0.574605,0.505938,-0.0523533,0.311506,0.199807,0.36447,0.63182,0.676404,0.547,0.675557,0.499675,0.793776,0.825072,0.501132,0.524396,0.734132,0.526184,0.321967,0.415039,0.602747,0.620017,0.578197,0.425621,0.276382,0.339318,0.505282,0.469614,0.284558,0.357925,0.651979
0.644536,0.131342,0.848262,0.702206,0.706945,0.663706,0.706376,0.517579,0.45018,0.658377,0.659503,0.455142,0.269882,0.728153,0.272271,-0.171603,0.554462,0.319857,0.709716,0.608765,0.700118,0.537224,0.792665,1,0.23177,0.812461,0.814747,0.722177,0.429413,0.449256,0.24042,0.525898,0.577533,0.5295,0.586458,0.322476,0.437074,0.442863,0.523117,0.499521,0.559735,0.808586,0.406391,-0.0195433,0.682463,0.545177,0.575951,0.718086,0.63973,0.713744,0.548444,0.603364,0.428615,0.0699961,0.179136,0.605625,0.464586,-0.123708,0.226994,0.336767,0.352875,0.630379,0.689122,0.640811,0.754979,0.670001,0.728855,0.917951,0.462381,0.643075,0.675707,0.451082,0.46477,0.42143,0.572647,0.629448,0.625568,0.448344,0.445838,0.283154,0.429386,0.53637,0.406144,0.411415,0.661101
0.00507345,-0.156475,0.0734423,0.0508085,-0.0767732,-0.0994971,0.315828,0.293503,-0.0113771,0.104625,0.1647,0.186968,0.0568815,0.0753412,0.101217,-0.242684,0.111425,0.126565,0.286967,0.0714529,0.184431,0.293031,0.230135,0.23177,1,0.135574,0.27478,0.264206,0.0537539,-0.120922,0.101621,0.353318,0.0824163,0.373249,0.251304,0.1772,0.181932,0.282544,0.000194964,-0.00704967,0.386751,0.311866,-0.196384,-0.190253,-0.022296,-0.0724853,0.111227,0.233513,0.32343,0.13877,0.14842,0.0348222,0.00395427,-0.136032,-0.0300875,0.0248316,0.271391,-0.236229,-0.0383911,-0.159123,0.0211099,0.21544,0.324434,0.0323571,0.108559,0.421959,0.35424,0.348002,0.163124,0.0543774,0.145891,0.0428,0.317898,0.0457226,0.213542,0.133691,0.352791,0.0597146,0.117358,0.181756,0.314081,0.0533819,-0.0631103,0.204888,0.299868
0.58558,0.151817,0.781945,0.699364,0.627524,0.535557,0.487978,0.205514,0.31161,0.628816,0.581579,0.56557,0.328217,0.622338,0.168028,-0.0436722,0.55867,0.211716,0.554262,0.59456,0.624809,0.439987,0.60991,0.812461,0.135574,1,0.653163,0.639195,0.321945,0.570712,0.3472,0.416305,0.519045,0.366403,0.612325,0.178349,0.338544,0.488682,0.584789,0.463724,0.400089,0.684441,0.422706,0.0105085,0.649922,0.478335,0.558468,0.561143,0.463882,0.552184,0.336578,0.667142,0.36169,0.302121,0.258328,0.549047,0.343915,-0.0599426,0.235648,0.391083,0.302715,0.476886,0.586695,0.62584,0.690582,0.550559,0.614764,0.703275,0.418722,0.5506,0.599793,0.29648,0.197408,0.407653,0.532386,0.515527,0.595305,0.481222,0.233651,0.17599,0.39877,0.603567,0.484254,0.415998,0.550817
0.651309,0.23605,0.662913,0.651371,0.489007,0.627216,0.72439,0.584815,0.347148,0.654296,0.63348,0.641523,0.44994,0.718017,0.154764,-0.0989715,0.535606,0.558294,0.765099,0.660744,0.815645,0.637374,0.877455,0.814747,0.27478,0.653163,1,0.725999,0.322706,0.279618,0.22583,0.392672,0.593421,0.632171,0.585063,0.147517,0.346797,0.416907,0.58137,0.474355,0.501754,0.717849,0.358354,0.155128,0.643558,0.556314,0.563105,0.716033,0.750544,0.674418,0.521712,0.527552,0.543535,0.32531,0.369021,0.654417,0.47135,0.00592059,0.366746,0.192765,0.454499,0.586607,0.711033,0.637126,0.777604,0.528271,0.830674,0.790892,0.476416,0.572549,0.806109,0.478003,0.31282,0.434913,0.639272,0.706091,0.663101,0.467707,0.170922,0.129867,0.530441,0.585619,0.382232,0.309537,0.582873
0.530935,0.0399156,0.61907,0.564071,0.328014,0.569096,0.602288,0.478134,0.395901,0.480764,0.521653,0.538174,0.296815,0.656899,0.341181,-0.249543,0.390141,0.436861,0.800289,0.450793,0.616955,0.648217,0.753629,0.722177,0.264206,0.639195,0.725999,1,0.313557,0.258284,0.124359,0.541869,0.614432,0.49249,0.527592,0.180479,0.407746,0.308606,0.325888,0.433986,0.52635,0.564449,0.177152,-0.0588557,0.395328,0.363318,0.482212,0.605727,0.659503,0.457441,0.344883,0.550854,0.469793,0.14629,0.170264,0.45095,0.347503,-0.145056,0.177698,0.152805,0.258318,0.673001,0.719826,0.495946,0.676416,0.640138,0.679793,0.716079,0.272495,0.463349,0.575351,0.286159,0.251404,0.30188,0.422824,0.522689,0.636125,0.320005,0.305568,0.21036,0.492093,0.437977,0.134701,0.29497,0.646599
0.272434,-0.00920558,0.415748,0.310386,0.312471,0.322888,0.262639,0.0637429,0.383749,0.267531,0.27262,0.233731,0.197898,0.334849,0.240626,-0.0107264,0.310368,0.306732,0.297231,0.181263,0.391282,0.364741,0.279986,0.429413,0.0537539,0.321945,0.322706,0.313557,1,0.39865,0.265083,0.317653,0.145778,0.31225,0.191931,0.100983,0.148054,0.230191,0.325697,0.43789,0.118245,0.470586,0.297385,-0.0443337,0.417011,0.486601,0.277705,0.181672,0.30651,0.181497,0.273549,0.407844,0.337491,0.0827319,0.129159,0.3525,0.198499,-0.00496067,0.139074,0.156282,0.0803819,0.385934,0.378052,0.35955,0.43547,0.455258,0.324365,0.514509,0.205427,0.434467,0.339804,0.407548,0.211465,0.352638,0.313767,0.119742,0.358339,0.313245,0.378866,0.208074,0.316422,0.277616,0.279415,0.261458,0.356763
0.241809,-0.107354,0.493652,0.402092,0.339362,0.181711,0.195091,-0.0789625,0.126375,0.196309,0.210848,0.302991,0.057038,0.215473,-0.053067,-0.053553,0.15366,-0.0138707,0.14436,0.344269,0.387682,0.193355,0.173999,0.449256,-0.120922,0.570712,0.279618,0.258284,0.39865,1,0.131045,0.306105,0.428679,0.402158,0.450012,0.179993,-0.0041815,0.261802,0.317394,0.34679,0.150556,0.413691,0.315263,-0.0780401,0.464169,0.371126,0.311146,0.07909,0.239547,0.36863,0.212279,0.278088,0.0722407,0.0706682,-0.0158513,0.302117,-0.206452,-0.0872456,-0.0204068,0.481846,0.0473956,0.151913,0.284745,0.41543,0.370159,0.340356,0.278156,0.306287,0.18705,0.287498,0.270809,0.0404029,0.0390733,0.186334,0.203773,0.252505,0.437084,0.3077,0.0890414,0.047857,0.11453,0.253657,0.294621,0.294791,0.340293
0.110953,0.00645018,0.246832,0.267876,0.113689,-0.00456701,0.258015,-0.0732457,0.316058,0.132686,0.153739,0.134763,0.169742,0.164943,0.138648,-0.0125278,0.23243,0.187581,0.204132,0.179516,0.239462,0.142657,0.193697,0.24042,0.101621,0.3472,0.22583,0.124359,0.265083,0.131045,1,0.312583,0.0436503,-0.0279454,0.265913,0.0142974,0.0378919,-0.0219964,0.268853,0.0303452,0.0459655,0.291657,0.156595,0.0196162,0.205957,0.132496,0.43349,0.169969,0.180874,0.212388,0.000624019,0.136583,0.0169116,0.111599,0.119411,0.0872897,0.00374863,-0.0407022,0.0919788,0.0666745,0.122158,0.242795,0.0902759,0.314702,0.166461,0.194567,0.0751636,0.296631,0.0472976,0.208572,0.132496,0.328903,0.166835,0.279513,0.307418,-0.00346244,0.309532,0.40246,0.075256,0.391925,0.00599951,0.272342,0.194623,0.0397853,0.174579
0.179713,-0.201698,0.406015,0.332227,0.125033,0.183164,0.497631,0.380045,0.340708,0.338336,0.32852,0.189864,-0.0597939,0.327096,0.286614,-0.425392,0.0818701,0.281107,0.519389,0.22484,0.314,0.360363,0.47252,0.525898,0.353318,0.416305,0.392672,0.541869,0.317653,0.306105,0.312583,1,0.33222,0.535056,0.538933,0.346643,0.55465,-0.018263,0.15581,0.13592,0.343966,0.435196,-0.0423209,-0.308179,0.160778,0.0738425,0.457307,0.333433,0.474056,0.428028,0.155687,0.339172,0.129498,-0.220426,-0.111791,0.0748208,0.0872969,-0.321568,-0.0815587,0.336071,0.108631,0.377769,0.438495,0.313325,0.363395,0.4581,0.326245,0.609601,0.076561,0.0938284,0.241779,0.100025,0.337191,0.0105408,0.394937,0.366915,0.568997,0.391725,0.258429,0.476519,0.276815,0.195546,-0.0413043,0.31376,0.626344
0.446118,0.0110873,0.463363,0.408747,0.367475,0.490087,0.486912,0.392817,0.259416,0.267572,0.0725442,0.486862,0.163134,0.581321,0.10731,-0.232588,0.298058,0.255715,0.615211,0.386279,0.601202,0.251147,0.52433,0.577533,0.0824163,0.519045,0.593421,0.614432,0.145778,0.428679,0.0436503,0.33222,1,0.599742,0.599365,0.259533,0.292842,0.226333,0.341032,0.366707,0.456726,0.582104,0.116776,-0.0584309,0.300136,0.191056,0.586837,0.453363,0.60316,0.570725,0.261599,0.21703,0.144536,0.221223,0.0680505,0.356044,0.102469,-0.154144,0.0446561,0.0158861,0.109911,0.369564,0.506382,0.442145,0.62434,0.419612,0.473749,0.445294,0.173589,0.372015,0.411547,0.259838,0.157907,0.365367,0.362568,0.503252,0.620564,0.598155,0.0632102,0.0572273,0.196367,0.394312,0.199152,0.198232,0.465183
0.229528,-0.167445,0.315513,0.214822,0.126052,0.238188,0.514091,0.56151,0.0744638,0.315951,0.202801,0.431283,0.100208,0.392763,-0.055216,-0.366312,0.142217,0.367948,0.560765,0.408163,0.557975,0.440971,0.586915,0.5295,0.373249,0.366403,0.632171,0.49249,0.31225,0.402158,-0.0279454,0.535056,0.599742,1,0.668743,0.287022,0.252535,0.22314,0.330979,0.301838,0.405649,0.502926,0.039425,-0.0942966,0.29227,0.25309,0.436031,0.295392,0.648061,0.578955,0.429711,0.268675,0.196564,0.0367524,0.0235156,0.270503,0.0343612,-0.262356,0.0164471,0.14907,0.0764385,0.347943,0.59161,0.368601,0.561001,0.514287,0.542342,0.541213,0.367785,0.315925,0.490851,0.261637,0.363648,0.262845,0.329567,0.577326,0.59009,0.447587,-1.82996e-05,0.197288,0.427439,0.360527,0.129135,0.446363,0.460165
0.379312,-0.0508602,0.503512,0.469202,0.371425,0.180959,0.597495,0.290823,0.20382,0.275429,0.256911,0.364111,0.118735,0.478396,0.0500178,-0.272447,0.167065,0.294762,0.537022,0.519162,0.60433,0.355739,0.493571,0.586458,0.251304,0.612325,0.585063,0.527592,0.191931,0.450012,0.265913,0.538933,0.599365,0.668743,1,0.150958,0.190876,0.254209,0.330768,0.273579,0.227536,0.502156,0.204127,-0.0218503,0.465155,0.254522,0.524057,0.333709,0.601244,0.633633,0.51305,0.307678,0.0464665,0.127994,0.0949398,0.289853,-0.0709454,-0.18141,0.0804439,0.204547,-0.00632854,0.368518,0.562755,0.47373,0.624271,0.495784,0.438469,0.450341,0.284113,0.364754,0.421054,0.302752,0.27006,0.152403,0.25559,0.612632,0.487728,0.52241,0.0170563,0.208238,0.367689,0.474634,0.198816,0.374762,0.403834
0.0171416,-0.184683,0.134951,-0.0828863,0.0146716,0.282382,0.390951,0.401757,0.39017,0.15949,-0.00949818,-0.0119992,-0.269844,0.128379,0.13993,-0.381583,-0.140171,0.183301,0.295966,-0.1316,0.00657691,0.0374477,0.223405,0.322476,0.1772,0.178349,0.147517,0.180479,0.100983,0.179993,0.0142974,0.346643,0.259533,0.287022,0.150958,1,0.44999,-0.0153199,-0.147651,0.0812971,0.283808,0.192298,-0.175399,-0.321548,-0.155918,-0.153352,0.190925,0.0256067,0.105746,0.157623,-0.0120555,-0.00885346,-0.188848,-0.297549,-0.323233,-0.109837,0.0281136,-0.309261,-0.283359,0.108256,-0.238378,0.102868,0.171544,-0.0573134,0.039716,0.134723,0.114408,0.309821,-0.017472,0.12636,-0.02908,-0.0110679,0.186069,-0.196198,0.162121,0.204316,0.15615,0.243731,0.318159,0.164966,-0.0819394,-0.0821491,-0.293649,0.0517032,0.311039
0.0879982,-0.12644,0.229919,0.205731,0.24701,0.269026,0.326112,0.471238,0.29185,0.429499,0.353834,0.0586499,-0.168563,0.185717,0.173674,-0.404381,0.117901,0.277377,0.463168,0.0327837,0.0673118,-0.019991,0.511935,0.437074,0.181932,0.338544,0.346797,0.407746,0.148054,-0.0041815,0.0378919,0.55465,0.292842,0.252535,0.190876,0.44999,1,-0.1074,-0.00940936,-0.0262336,0.328221,0.404957,-0.148046,-0.383759,-0.0448753,-0.147586,0.178655,0.342537,0.312317,0.251707,-0.0777553,0.283206,0.123321,-0.12016,-0.174547,-0.0336653,0.298662,-0.307593,-0.180642,0.202013,0.198146,0.146201,0.269259,0.0987856,0.138733,0.195483,0.336207,0.517851,0.04602,-0.0251265,0.146611,0.0460078,0.256226,-0.0575356,0.423332,0.206961,0.265185,0.320896,0.440755,0.403062,0.0365042,-0.0932187,-0.246649,-0.0328377,0.541059
0.542454,0.46904,0.454884,0.322349,0.398352,0.350807,0.37832,0.136713,0.112842,0.423628,0.228519,0.436003,0.560007,0.548182,0.327824,0.372208,0.624937,0.219121,0.258978,0.545251,0.486232,0.449511,0.348683,0.442863,0.282544,0.488682,0.416907,0.308606,0.230191,0.261802,-0.0219964,-0.018263,0.226333,0.22314,0.254209,-0.0153199,-0.1074,1,0.534789,0.604456,0.287565,0.337432,0.487581,0.40969,0.525677,0.628618,0.374017,0.46141,0.297245,0.262457,0.342702,0.431552,0.475702,0.418204,0.549735,0.639524,0.439763,0.325127,0.522466,0.187006,0.103343,0.453578,0.32087,0.428592,0.495093,0.351824,0.410719,0.388608,0.472919,0.546817,0.610981,0.347435,0.0240076,0.427621,0.308039,0.392551,0.286513,0.219405,0.0991071,0.107486,0.394938,0.536391,0.551215,0.395117,0.149911
0.732567,0.540265,0.612689,0.539486,0.505801,0.543056,0.35584,0.110255,0.204648,0.574002,0.382354,0.681386,0.749014,0.758214,0.124193,0.436302,0.751905,0.263748,0.394585,0.729906,0.740499,0.480117,0.496756,0.523117,0.000194964,0.584789,0.58137,0.325888,0.325697,0.317394,0.268853,0.15581,0.341032,0.330979,0.330768,-0.147651,-0.00940936,0.534789,1,0.747029,0.316656,0.589176,0.684637,0.566157,0.732905,0.705953,0.635748,0.617124,0.306833,0.360901,0.429925,0.602293,0.58578,0.681539,0.753442,0.846479,0.436162,0.469103,0.74129,0.147121,0.369911,0.584004,0.428324,0.759048,0.772463,0.353805,0.470732,0.489223,0.662409,0.608069,0.798551,0.528655,0.134565,0.677222,0.583176,0.584826,0.544632,0.512864,-0.0860293,0.0812552,0.487109,0.885732,0.859437,0.363514,0.384637
0.791449,0.572983,0.577416,0.416163,0.436713,0.631125,0.437559,0.151134,0.504809,0.454696,0.256755,0.605033,0.67869,0.788181,0.375751,0.433252,0.639898,0.348597,0.408352,0.57226,0.726248,0.568146,0.471463,0.499521,-0.00704967,0.463724,0.474355,0.433986,0.43789,0.34679,0.0303452,0.13592,0.366707,0.301838,0.273579,0.0812971,-0.0262336,0.604456,0.747029,1,0.297669,0.470997,0.725605,0.576135,0.606132,0.71061,0.530629,0.496172,0.208033,0.148262,0.510625,0.548006,0.634891,0.562194,0.716647,0.837744,0.410392,0.510758,0.735959,0.119388,0.0849527,0.587993,0.476613,0.648238,0.736919,0.458114,0.476764,0.466907,0.513403,0.683769,0.722221,0.455232,0.0416147,0.587075,0.36631,0.498068,0.427762,0.350388,0.166333,0.0724181,0.500139,0.747472,0.685381,0.275236,0.377418
0.252747,-0.177839,0.422299,0.310299,0.368975,0.352022,0.452066,0.37265,0.143322,0.307463,0.263533,0.253135,0.0265772,0.415854,-0.0369278,-0.374664,0.221821,0.138373,0.550321,0.196823,0.322011,0.303111,0.484953,0.559735,0.386751,0.400089,0.501754,0.52635,0.118245,0.150556,0.0459655,0.343966,0.456726,0.405649,0.227536,0.283808,0.328221,0.287565,0.316656,0.297669,1,0.531724,0.0417712,-0.243109,0.15854,0.124392,0.400404,0.453022,0.525794,0.334119,0.210427,0.176203,0.160676,-0.0040904,-0.0415503,0.262459,0.373937,-0.334054,-0.0481653,-0.0981389,0.252257,0.408298,0.376295,0.292102,0.423459,0.472885,0.531439,0.569274,0.321003,0.369798,0.469706,0.330155,0.469512,0.324145,0.543312,0.299457,0.552588,0.148218,0.195251,0.246075,0.167605,0.300155,0.200562,0.32327,0.419272
0.511093,0.0814584,0.649773,0.537365,0.624252,0.487868,0.579091,0.384556,0.308593,0.545586,0.458414,0.48545,0.294658,0.635462,0.108724,-0.11318,0.5176,0.321697,0.563227,0.616557,0.690556,0.373207,0.653378,0.808586,0.311866,0.684441,0.717849,0.564449,0.470586,0.413691,0.291657,0.435196,0.582104,0.502926,0.502156,0.192298,0.404957,0.337432,0.589176,0.470997,0.531724,1,0.357655,0.00634847,0.563183,0.387828,0.47992,0.662715,0.618134,0.527658,0.437908,0.546861,0.441311,0.203195,0.262214,0.594235,0.452962,-0.0602005,0.264221,0.165373,0.300646,0.538713,0.65619,0.645391,0.741287,0.669114,0.716979,0.801666,0.461611,0.574247,0.650373,0.465499,0.485693,0.520767,0.571102,0.553335,0.65101,0.519525,0.275582,0.174785,0.387124,0.538295,0.456434,0.284335,0.655973
0.752312,0.725308,0.627646,0.565736,0.556576,0.44952,0.167708,-0.0297142,0.414765,0.377516,0.365394,0.438184,0.674754,0.529207,0.23339,0.689667,0.620497,0.262486,0.0830089,0.655672,0.590879,0.369441,0.289612,0.406391,-0.196384,0.422706,0.358354,0.177152,0.297385,0.315263,0.156595,-0.0423209,0.116776,0.039425,0.204127,-0.175399,-0.148046,0.487581,0.684637,0.725605,0.0417712,0.357655,1,0.742789,0.792355,0.80026,0.422678,0.381288,0.06188,0.169,0.408399,0.563931,0.560231,0.549203,0.70262,0.715078,0.232543,0.718877,0.784534,0.303362,0.302796,0.336869,0.182085,0.701735,0.55244,0.333455,0.313132,0.301171,0.424376,0.505885,0.564055,0.285793,0.0811028,0.491967,0.148989,0.445709,0.177424,0.184446,0.117449,0.0293386,0.292856,0.704741,0.760537,0.0740034,0.118011
0.560066,0.884323,0.155298,0.151762,0.0769293,0.255448,0.0231778,-0.0628295,0.174394,0.205411,0.0619351,0.358253,0.744712,0.424368,0.279874,0.834806,0.487991,0.298094,-0.0413823,0.489817,0.435921,0.229183,0.113065,-0.0195433,-0.190253,0.0105085,0.155128,-0.0588557,-0.0443337,-0.0780401,0.0196162,-0.308179,-0.0584309,-0.0942966,-0.0218503,-0.321548,-0.383759,0.40969,0.566157,0.576135,-0.243109,0.00634847,0.742789,1,0.443665,0.551874,0.238674,0.294584,-0.135729,-0.0683428,0.216763,0.351029,0.537262,0.666759,0.855652,0.624358,0.234051,0.913939,0.882027,0.0412337,0.204408,0.243353,-0.0113371,0.451774,0.315778,-0.014304,0.0566568,-0.0654135,0.363496,0.27613,0.393854,0.22758,-0.237625,0.384369,0.0225394,0.357803,-0.015912,0.14761,-0.249627,-0.140063,0.278919,0.598394,0.5902,-0.0967897,-0.0505373
0.823544,0.506064,0.856926,0.792502,0.709632,0.582197,0.412903,0.17283,0.312859,0.52707,0.590517,0.584608,0.616614,0.647188,0.205945,0.385613,0.671466,0.259217,0.299062,0.732487,0.727733,0.520346,0.492884,0.682463,-0.022296,0.649922,0.643558,0.395328,0.417011,0.464169,0.205957,0.160778,0.300136,0.29227,0.465155,-0.155918,-0.0448753,0.525677,0.732905,0.606132,0.15854,0.563183,0.792355,0.443665,1,0.834432,0.515417,0.56757,0.365094,0.5143,0.649288,0.584217,0.489453,0.402245,0.519595,0.765763,0.282977,0.374497,0.606583,0.347513,0.373289,0.470876,0.478516,0.732139,0.713526,0.438318,0.57714,0.559804,0.502095,0.5791,0.712816,0.402896,0.214077,0.436594,0.397064,0.576538,0.401636,0.281479,0.142192,-0.0281586,0.501012,0.700703,0.74285,0.397829,0.296206
0.746615,0.55728,0.68923,0.61682,0.515836,0.57611,0.302284,0.161165,0.370397,0.420449,0.495837,0.520114,0.689259,0.621045,0.257921,0.490538,0.657539,0.338586,0.311601,0.694695,0.664046,0.66295,0.433328,0.545177,-0.0724853,0.478335,0.556314,0.363318,0.486601,0.371126,0.132496,0.0738425,0.191056,0.25309,0.254522,-0.153352,-0.147586,0.628618,0.705953,0.71061,0.124392,0.387828,0.80026,0.551874,0.834432,1,0.442358,0.432585,0.337938,0.355076,0.518243,0.575222,0.601712,0.435326,0.620503,0.768318,0.360804,0.501912,0.682649,0.399285,0.2801,0.535081,0.411383,0.693062,0.680486,0.373918,0.490441,0.493505,0.429325,0.58826,0.659769,0.324428,0.0883407,0.482473,0.268966,0.473684,0.354286,0.190815,0.189163,0.113279,0.461305,0.690836,0.726885,0.277548,0.216022
0.649115,0.293456,0.651047,0.480258,0.333118,0.471327,0.516656,0.264114,0.348181,0.430026,0.205628,0.574811,0.472269,0.703958,0.246716,0.0830266,0.615057,0.343611,0.572961,0.463255,0.671778,0.369853,0.499654,0.575951,0.111227,0.558468,0.563105,0.482212,0.277705,0.311146,0.43349,0.457307,0.586837,0.436031,0.524057,0.190925,0.178655,0.374017,0.635748,0.530629,0.400404,0.47992,0.422678,0.238674,0.515417,0.442358,1,0.583314,0.464008,0.588973,0.346327,0.365424,0.305732,0.402217,0.399579,0.50025,0.171659,0.146562,0.394452,0.143327,0.210867,0.537228,0.393304,0.624726,0.654146,0.446476,0.312528,0.509216,0.282762,0.440402,0.590693,0.488035,0.322457,0.46687,0.526523,0.61187,0.73296,0.624934,0.0616754,0.346417,0.356496,0.648902,0.468782,0.360349,0.419043
0.70146,0.460842,0.645338,0.597044,0.518512,0.563823,0.64281,0.513753,0.361285,0.769818,0.533689,0.507872,0.551433,0.768583,0.446855,0.15695,0.756827,0.353609,0.568132,0.561593,0.666817,0.365534,0.721016,0.718086,0.233513,0.561143,0.716033,0.605727,0.181672,0.07909,0.169969,0.333433,0.453363,0.295392,0.333709,0.0256067,0.342537,0.46141,0.617124,0.496172,0.453022,0.662715,0.381288,0.294584,0.56757,0.432585,0.583314,1,0.484068,0.522649,0.346686,0.584682,0.594232,0.364875,0.495982,0.711337,0.679898,0.227269,0.533905,0.15221,0.543081,0.61066,0.523218,0.514968,0.675402,0.483707,0.579524,0.711652,0.616225,0.584112,0.693833,0.528573,0.247311,0.545664,0.607847,0.531575,0.535247,0.557415,0.24034,0.167909,0.477202,0.56221,0.454264,0.246906,0.572173
0.297818,-0.119338,0.439985,0.347853,0.289143,0.355007,0.693474,0.573913,0.180394,0.328998,0.362712,0.319416,0.109364,0.505258,0.114214,-0.397175,0.225907,0.50254,0.68045,0.425359,0.512043,0.455596,0.668999,0.63973,0.32343,0.463882,0.750544,0.659503,0.30651,0.239547,0.180874,0.474056,0.60316,0.648061,0.601244,0.105746,0.312317,0.297245,0.306833,0.208033,0.525794,0.618134,0.06188,-0.135729,0.365094,0.337938,0.464008,0.484068,1,0.697116,0.375288,0.265144,0.279912,0.0472077,0.0519388,0.332777,0.308895,-0.303935,0.0310807,0.195946,0.166973,0.495441,0.554053,0.450162,0.602585,0.431708,0.64791,0.68109,0.196415,0.3566,0.519434,0.35086,0.48033,0.228172,0.412842,0.571754,0.633731,0.328871,0.102943,0.343206,0.334504,0.358938,0.130715,0.395208,0.472788
0.378635,-0.0269811,0.610266,0.40553,0.395351,0.348412,0.605207,0.557639,0.157652,0.422214,0.40357,0.196455,0.0144288,0.499416,-0.0433402,-0.319864,0.277028,0.251809,0.609536,0.429984,0.546211,0.294174,0.586762,0.713744,0.13877,0.552184,0.674418,0.457441,0.181497,0.36863,0.212388,0.428028,0.570725,0.578955,0.633633,0.157623,0.251707,0.262457,0.360901,0.148262,0.334119,0.527658,0.169,-0.0683428,0.5143,0.355076,0.588973,0.522649,0.697116,1,0.417242,0.206808,0.0894442,-0.059043,-0.0397318,0.359245,0.125571,-0.258429,6.40592e-05,0.279983,0.254248,0.397936,0.476912,0.371135,0.503195,0.361602,0.428758,0.590949,0.23806,0.381136,0.486276,0.363328,0.501487,0.178401,0.377037,0.633595,0.571751,0.469529,-0.00377682,0.224674,0.188571,0.396685,0.237609,0.43945,0.415174
0.580007,0.195574,0.550673,0.382327,0.471095,0.420039,0.470437,0.290226,0.168585,0.207084,0.396005,0.395676,0.305951,0.550673,0.0996275,0.0031976,0.331549,0.22968,0.393333,0.482787,0.585023,0.511959,0.463277,0.548444,0.14842,0.336578,0.521712,0.344883,0.273549,0.212279,0.000624019,0.155687,0.261599,0.429711,0.51305,-0.0120555,-0.0777553,0.342702,0.429925,0.510625,0.210427,0.437908,0.408399,0.216763,0.649288,0.518243,0.346327,0.346686,0.375288,0.417242,1,0.227877,0.25977,0.107476,0.287767,0.541112,0.167409,0.0432894,0.347,0.00364127,-0.0963096,0.422366,0.556114,0.482106,0.616853,0.395058,0.573301,0.440086,0.317561,0.364028,0.596191,0.501977,0.391078,0.19656,0.28546,0.561973,0.327166,0.0183008,0.133126,0.0202045,0.529862,0.417597,0.47547,0.463979,0.240766
0.606493,0.446195,0.577645,0.573398,0.468251,0.510204,0.285916,0.130049,0.265074,0.685068,0.572709,0.568248,0.570836,0.580358,0.373697,0.324605,0.65731,0.36112,0.404867,0.67329,0.604232,0.469007,0.528802,0.603364,0.0348222,0.667142,0.527552,0.550854,0.407844,0.278088,0.136583,0.339172,0.21703,0.268675,0.307678,-0.00885346,0.283206,0.431552,0.602293,0.548006,0.176203,0.546861,0.563931,0.351029,0.584217,0.575222,0.365424,0.584682,0.265144,0.206808,0.227877,1,0.766017,0.470805,0.574227,0.608715,0.498215,0.379133,0.571632,0.473632,0.443827,0.482162,0.507885,0.663953,0.683131,0.561119,0.459672,0.608237,0.510359,0.453282,0.565066,0.25007,-0.000832456,0.476942,0.356483,0.508062,0.372096,0.376082,0.310838,0.102589,0.50297,0.630468,0.477642,0.136457,0.519833
