1,0.857992,0.934016,0.856805,0.75646,0.881753,0.465191,0.562953,0.551795,0.536455,0.754007,0.451604,0.725927,0.787227,0.643492,0.739586,0.842355,0.537423,0.708726,0.770349,0.854691,0.498223,0.718006,0.912468,0.589106,0.669119,0.86187,0.719471,0.46909,0.521097,0.454864,0.47699,0.661696,0.751487,0.44344,0.36331,0.325972,0.496241,0.738028,0.709103,0.540454,0.684736,0.897136,0.853896,0.913848,0.861174,0.703308,0.704964,0.717737,0.652491,0.453795,0.604745,0.761561,0.723647,0.782017,0.780628,0.523223,0.65211,0.806771,0.488201,0.494819,0.569195,0.745799,0.777934,0.727546,0.658994,0.704187,0.898579,0.568219,0.783087,0.72653,0.783182,0.396159,0.489746,0.558673,0.640507,0.725541,0.526862,0.266998,0.627546,0.492468,0.734485,0.673822,0.517889,0.582226
0.857992,1,0.793634,0.782607,0.748428,0.763254,0.358267,0.444959,0.556405,0.35566,0.60076,0.429899,0.73657,0.827749,0.582608,0.815582,0.794041,0.408014,0.739374,0.789246,0.826232,0.530648,0.624457,0.788652,0.55263,0.620951,0.778197,0.685641,0.44197,0.461924,0.417437,0.38585,0.621377,0.741171,0.446872,0.296378,0.263269,0.417215,0.793183,0.703688,0.4804,0.645837,0.846898,0.877834,0.789129,0.759366,0.658971,0.698165,0.611336,0.623698,0.354539,0.396192,0.688784,0.752156,0.813064,0.841101,0.522126,0.714735,0.793253,0.479294,0.579717,0.532815,0.775919,0.730517,0.768137,0.571357,0.551503,0.833147,0.568058,0.712609,0.654965,0.687307,0.389758,0.431098,0.51308,0.60583,0.618665,0.415179,0.398602,0.562117,0.455415,0.728588,0.643733,0.498078,0.447443
0.934016,0.793634,1,0.830106,0.78433,0.871287,0.462987,0.553992,0.579402,0.548304,0.703255,0.480273,0.693359,0.783406,0.653095,0.726329,0.836964,0.534419,0.65724,0.755282,0.83747,0.47429,0.762547,0.857452,0.523384,0.608376,0.824246,0.735706,0.55286,0.616876,0.458477,0.49183,0.661749,0.666547,0.349036,0.325109,0.270749,0.591726,0.746712,0.705137,0.569439,0.728704,0.876267,0.815503,0.945869,0.858217,0.68141,0.634254,0.742153,0.64712,0.526466,0.566325,0.783755,0.718459,0.760804,0.769595,0.481864,0.684568,0.849057,0.494614,0.489588,0.614909,0.725283,0.735772,0.712062,0.619267,0.762731,0.879748,0.669477,0.799939,0.766225,0.759492,0.415714,0.448639,0.467629,0.628165,0.775036,0.590229,0.288937,0.618852,0.528677,0.728112,0.701379,0.510109,0.626189
0.856805,0.782607,0.830106,1,0.708621,0.822815,0.418021,0.533814,0.560437,0.541308,0.722157,0.343621,0.670998,0.717561,0.618835,0.658386,0.713075,0.451986,0.629815,0.738517,0.802308,0.552562,0.653272,0.839603,0.570756,0.681651,0.834235,0.732057,0.426439,0.478069,0.454435,0.571501,0.602064,0.709958,0.520948,0.352639,0.475965,0.320895,0.689534,0.644838,0.481456,0.542988,0.834458,0.746868,0.852102,0.752524,0.661033,0.617272,0.656735,0.55732,0.518671,0.57306,0.718174,0.665918,0.676305,0.719204,0.498377,0.586207,0.734547,0.471532,0.569587,0.539602,0.695959,0.634992,0.68441,0.61496,0.66357,0.847038,0.489121,0.711945,0.723882,0.751694,0.532703,0.580996,0.49968,0.523613,0.590992,0.447504,0.309513,0.557404,0.375695,0.707011,0.56296,0.576172,0.565879
0.75646,0.748428,0.78433,0.708621,1,0.782998,0.332241,0.374171,0.597879,0.502772,0.507731,0.412285,0.629559,0.838486,0.658385,0.72143,0.659387,0.500852,0.782488,0.818225,0.863703,0.494812,0.681581,0.766217,0.434402,0.609774,0.788141,0.783623,0.604797,0.541228,0.375759,0.482035,0.673763,0.733264,0.452399,0.330035,0.256807,0.577502,0.774614,0.733504,0.562118,0.77557,0.756198,0.768756,0.761206,0.719482,0.703282,0.649836,0.653711,0.534175,0.476174,0.392439,0.612261,0.629138,0.671935,0.811423,0.439489,0.748868,0.656957,0.474087,0.356964,0.657142,0.78104,0.754171,0.79692,0.432001,0.633141,0.815317,0.615524,0.741145,0.689457,0.71622,0.396026,0.226449,0.364611,0.553844,0.658511,0.468467,0.333143,0.547404,0.518881,0.721169,0.719938,0.64261,0.627954
0.881753,0.763254,0.871287,0.822815,0.782998,1,0.475752,0.533171,0.578908,0.550959,0.698983,0.396795,0.699857,0.754048,0.723367,0.630991,0.781932,0.4677,0.714762,0.70803,0.779636,0.485373,0.77108,0.859647,0.513444,0.581947,0.839016,0.712123,0.418334,0.623162,0.32342,0.439038,0.555456,0.651907,0.453454,0.217742,0.322851,0.477809,0.634804,0.594021,0.574166,0.732474,0.804377,0.745116,0.831521,0.743551,0.701409,0.750583,0.70293,0.612987,0.436711,0.572047,0.773026,0.61644,0.678044,0.739363,0.510185,0.588819,0.764844,0.415847,0.530831,0.551502,0.693733,0.661995,0.637421,0.524115,0.66099,0.877798,0.528729,0.751857,0.695169,0.75956,0.418851,0.471643,0.500217,0.48643,0.590072,0.425935,0.272593,0.637632,0.504322,0.63502,0.644117,0.561293,0.571748
0.465191,0.358267,0.462987,0.418021,0.332241,0.475752,1,0.314524,0.609929,0.334021,0.352582,0.62105,0.639663,0.449712,0.370569,0.430911,0.568551,0.59188,0.143758,0.440767,0.452979,0.107153,0.5828,0.573195,0.392077,0.33526,0.543528,0.254003,0.191804,0.329514,0.3265,0.0562146,0.392776,0.452562,0.219884,0.222395,0.178149,0.266106,0.357513,0.455134,0.382042,0.487834,0.497258,0.475614,0.520723,0.408294,0.517572,0.528852,0.49211,0.640619,0.398253,0.565495,0.433475,0.628349,0.609415,0.466273,0.468433,0.41813,0.599977,0.457236,0.219919,0.51992,0.424273,0.4885,0.485503,0.30918,0.447762,0.594752,0.172986,0.491922,0.614681,0.448203,0.147325,0.180451,0.330615,0.472552,0.398532,0.249886,0.300078,0.314545,0.264666,0.446397,0.529247,0.307104,0.604552
0.562953,0.444959,0.553992,0.533814,0.374171,0.533171,0.314524,1,0.232821,0.23436,0.562581,0.270356,0.529188,0.293607,0.426043,0.455544,0.542961,0.32373,0.276839,0.408141,0.469507,0.437477,0.428243,0.470533,0.251215,0.271143,0.575338,0.316306,0.313771,0.257801,0.449544,0.313677,0.260603,0.393302,-0.00142281,0.0707009,0.11063,0.301738,0.3513,0.438308,0.126857,0.392233,0.510358,0.440311,0.596438,0.586536,0.468765,0.285092,0.466191,0.525011,0.297817,0.405355,0.598423,0.495,0.487548,0.441383,0.371012,0.359204,0.533834,0.409601,0.257093,0.334385,0.480941,0.399538,0.397572,0.307047,0.337579,0.497732,0.368091,0.43803,0.532658,0.360443,0.212813,0.36084,0.269038,0.354694,0.362035,0.354191,-0.116203,0.25087,0.555227,0.373912,0.310722,0.357523,0.413923
0.551795,0.556405,0.579402,0.560437,0.597879,0.578908,0.609929,0.232821,1,0.311966,0.389437,0.520367,0.6607,0.753017,0.610174,0.608109,0.651762,0.526578,0.425298,0.69267,0.658144,0.189996,0.738516,0.659931,0.567924,0.49381,0.699861,0.60047,0.275756,0.38229,0.321177,0.311835,0.512004,0.733576,0.213012,0.526287,0.512087,0.489667,0.659913,0.653743,0.598401,0.559166,0.685118,0.723003,0.596677,0.483105,0.650178,0.632772,0.47181,0.563068,0.460724,0.442485,0.390657,0.643619,0.706898,0.715947,0.394108,0.706312,0.645826,0.542841,0.440038,0.654259,0.565786,0.726001,0.73316,0.422605,0.558479,0.759413,0.41858,0.796136,0.734769,0.708264,0.299096,0.460783,0.170943,0.559995,0.484517,0.357187,0.276225,0.538853,0.359284,0.706982,0.765249,0.343855,0.741826
0.536455,0.35566,0.548304,0.541308,0.502772,0.550959,0.334021,0.23436,0.311966,1,0.70696,0.478402,0.46713,0.375927,0.5231,0.410445,0.523759,0.456324,0.351872,0.476556,0.513086,0.418319,0.482512,0.559106,0.38078,0.490603,0.530499,0.494899,0.48358,0.397676,0.0659609,0.562973,0.552543,0.355909,0.313541,0.202519,0.425143,0.248279,0.392752,0.351101,0.505344,0.502668,0.494869,0.44783,0.548175,0.525777,0.45414,0.412469,0.506767,0.348047,0.428062,0.528219,0.616985,0.445618,0.404884,0.443436,0.365688,0.441176,0.425152,0.182942,0.295321,0.532625,0.426155,0.51559,0.478202,0.421729,0.5991,0.473837,0.356552,0.432169,0.490716,0.49638,0.264031,0.229798,0.593955,0.396848,0.394493,0.378949,0.308296,0.539616,0.102697,0.460763,0.456989,0.51714,0.483437
0.754007,0.60076,0.703255,0.722157,0.507731,0.698983,0.352582,0.562581,0.389437,0.70696,1,0.348249,0.639743,0.485397,0.654057,0.537799,0.721745,0.452574,0.484846,0.526291,0.622048,0.478275,0.547703,0.667371,0.541475,0.446727,0.637391,0.548483,0.353725,0.462375,0.229127,0.525195,0.484151,0.515189,0.353461,0.162989,0.509959,0.255649,0.479658,0.449472,0.362859,0.574734,0.700567,0.606047,0.719264,0.636976,0.474389,0.44553,0.627527,0.504539,0.440296,0.653827,0.776401,0.549539,0.596432,0.563378,0.515112,0.4567,0.633637,0.297673,0.37145,0.475295,0.457152,0.536677,0.503334,0.568148,0.617324,0.650537,0.368722,0.559074,0.585671,0.576043,0.31563,0.492378,0.580392,0.380361,0.436132,0.359956,0.157008,0.517392,0.309319,0.521363,0.484911,0.527682,0.510941
0.451604,0.429899,0.480273,0.343621,0.412285,0.396795,0.62105,0.270356,0.520367,0.478402,0.348249,1,0.730665,0.495038,0.418896,0.636452,0.678251,0.461519,0.120065,0.515293,0.462111,0.171975,0.528788,0.448582,0.184492,0.424872,0.521348,0.332233,0.486307,0.237224,0.433006,0.28643,0.448437,0.518835,0.0428857,0.418997,0.107657,0.367014,0.55632,0.514451,0.458737,0.471275,0.539771,0.586206,0.489696,0.431573,0.568788,0.490557,0.464533,0.545424,0.534108,0.344651,0.422379,0.736445,0.716301,0.591564,0.435934,0.703834,0.589325,0.407395,0.24208,0.655949,0.539167,0.663401,0.595389,0.33808,0.503704,0.539886,0.367939,0.508353,0.621441,0.441963,0.029437,0.0144072,0.383309,0.671897,0.54804,0.488783,0.356377,0.31823,0.270978,0.591883,0.667485,0.300774,0.479791
0.725927,0.73657,0.693359,0.670998,0.629559,0.699857,0.639663,0.529188,0.6607,0.46713,0.639743,0.730665,1,0.718581,0.673596,0.788502,0.905724,0.531159,0.496575,0.749515,0.76791,0.369511,0.73099,0.744285,0.38542,0.520645,0.793736,0.60602,0.422038,0.457125,0.483024,0.404607,0.543684,0.719449,0.27119,0.352797,0.360229,0.375076,0.713292,0.753003,0.472159,0.614894,0.764102,0.790446,0.718336,0.675352,0.704065,0.674816,0.567209,0.637894,0.547458,0.462368,0.682582,0.879495,0.870937,0.817751,0.659474,0.740667,0.783506,0.471555,0.468501,0.678551,0.754181,0.752964,0.784742,0.55323,0.64391,0.831699,0.439348,0.725896,0.786188,0.697912,0.221704,0.350403,0.42364,0.666278,0.656922,0.465097,0.382534,0.526043,0.447925,0.770721,0.723905,0.548189,0.64178
0.787227,0.827749,0.783406,0.717561,0.838486,0.754048,0.449712,0.293607,0.753017,0.375927,0.485397,0.495038,0.718581,1,0.637756,0.793264,0.785005,0.473958,0.743752,0.809853,0.849114,0.348043,0.691869,0.772326,0.501578,0.575898,0.779619,0.743878,0.494818,0.489727,0.325535,0.389332,0.591268,0.804119,0.400261,0.442807,0.264504,0.567909,0.821652,0.763258,0.562235,0.672682,0.81562,0.887389,0.731105,0.660461,0.711879,0.692634,0.606911,0.652213,0.509837,0.323756,0.575365,0.723744,0.789104,0.87526,0.489687,0.793428,0.718126,0.514858,0.51599,0.661789,0.75812,0.759667,0.796902,0.550179,0.603628,0.84758,0.521166,0.813087,0.70171,0.825684,0.322949,0.407326,0.377194,0.583791,0.652061,0.360775,0.399473,0.575393,0.463339,0.807107,0.765271,0.510092,0.631712
0.643492,0.582608,0.653095,0.618835,0.658385,0.723367,0.370569,0.426043,0.610174,0.5231,0.654057,0.418896,0.673596,0.637756,1,0.651481,0.734658,0.448526,0.475449,0.649773,0.653192,0.409947,0.701613,0.670528,0.543632,0.538502,0.689453,0.751087,0.244308,0.448442,0.23124,0.428525,0.544824,0.565999,0.136811,0.292206,0.536016,0.502835,0.554072,0.508842,0.531627,0.535415,0.648689,0.648932,0.632278,0.492311,0.64757,0.691217,0.501413,0.405105,0.309649,0.427998,0.606601,0.553731,0.594776,0.648293,0.44046,0.65527,0.620872,0.467681,0.470997,0.530999,0.547484,0.665935,0.564693,0.496182,0.566334,0.740738,0.39942,0.708087,0.633768,0.632185,0.391058,0.508435,0.318258,0.421557,0.459481,0.377092,0.0247547,0.557336,0.407357,0.596435,0.622435,0.435165,0.589091
0.739586,0.815582,0.726329,0.658386,0.72143,0.630991,0.430911,0.455544,0.608109,0.410445,0.537799,0.636452,0.788502,0.793264,0.651481,1,0.786864,0.51179,0.565248,0.781356,0.80512,0.414632,0.604984,0.662953,0.427589,0.619587,0.720932,0.65066,0.41909,0.40631,0.428583,0.496981,0.555858,0.734432,0.243093,0.384975,0.188574,0.512435,0.776563,0.787668,0.623954,0.551825,0.784475,0.893423,0.725468,0.674153,0.670501,0.594986,0.55208,0.632043,0.502226,0.300736,0.573304,0.799034,0.809922,0.844906,0.524015,0.915332,0.670166,0.559285,0.384995,0.678572,0.844231,0.780389,0.770457,0.482413,0.549251,0.752374,0.468228,0.800522,0.687769,0.614913,0.277074,0.313077,0.393489,0.636733,0.620279,0.488768,0.331822,0.368903,0.481586,0.778391,0.662052,0.482248,0.514074
0.842355,0.794041,0.836964,0.713075,0.659387,0.781932,0.568551,0.542961,0.651762,0.523759,0.721745,0.678251,0.905724,0.785005,0.734658,0.786864,1,0.514565,0.557844,0.734547,0.770745,0.361695,0.791004,0.792718,0.49057,0.530998,0.811414,0.693039,0.45699,0.485124,0.426332,0.397981,0.588118,0.699997,0.196578,0.331944,0.357768,0.484024,0.721158,0.689732,0.517713,0.67712,0.843141,0.854129,0.814175,0.724502,0.740009,0.71939,0.658278,0.712257,0.488597,0.514581,0.794134,0.830004,0.883215,0.822519,0.574609,0.733227,0.873487,0.41756,0.557075,0.653895,0.723481,0.778893,0.724868,0.599973,0.700268,0.861396,0.567208,0.756849,0.762867,0.780176,0.276894,0.460397,0.48763,0.658712,0.68606,0.503309,0.279968,0.65337,0.518338,0.754282,0.769577,0.462958,0.625832
0.537423,0.408014,0.534419,0.451986,0.500852,0.4677,0.59188,0.32373,0.526578,0.456324,0.452574,0.461519,0.531159,0.473958,0.448526,0.51179,0.514565,1,0.303728,0.588779,0.588326,0.432797,0.372538,0.648704,0.429952,0.586116,0.589575,0.421206,0.259214,0.299571,0.424769,0.531148,0.515409,0.583268,0.357383,0.483015,0.205219,0.433514,0.615453,0.492596,0.498208,0.441899,0.600177,0.504816,0.596196,0.479881,0.554545,0.420671,0.479941,0.431954,0.528244,0.504871,0.390902,0.557112,0.465608,0.559411,0.609172,0.528027,0.43826,0.384679,0.17481,0.504967,0.513954,0.650553,0.585697,0.400871,0.477823,0.61094,0.401764,0.584969,0.595279,0.472083,0.223242,0.204539,0.377404,0.517504,0.425433,0.547194,0.335286,0.211957,0.371515,0.662164,0.581099,0.402066,0.509627
0.708726,0.739374,0.65724,0.629815,0.782488,0.714762,0.143758,0.276839,0.425298,0.351872,0.484846,0.120065,0.496575,0.743752,0.475449,0.565248,0.557844,0.303728,1,0.683722,0.763219,0.400026,0.484989,0.655769,0.269691,0.495609,0.609063,0.650877,0.363167,0.620199,0.11087,0.395846,0.450672,0.600903,0.514344,0.21707,0.294585,0.432852,0.623206,0.581122,0.44093,0.635275,0.670908,0.687902,0.638137,0.629203,0.525953,0.614704,0.561771,0.45303,0.34062,0.240966,0.515523,0.466465,0.533928,0.680149,0.471774,0.524755,0.538762,0.348675,0.379601,0.34302,0.61903,0.576543,0.644685,0.419544,0.513401,0.678345,0.443373,0.558722,0.491227,0.656298,0.424702,0.301137,0.332251,0.32079,0.594368,0.282874,0.397941,0.493118,0.337472,0.636866,0.490345,0.620435,0.410868
0.770349,0.789246,0.755282,0.738517,0.818225,0.70803,0.440767,0.408141,0.69267,0.476556,0.526291,0.515293,0.749515,0.809853,0.649773,0.781356,0.734547,0.588779,0.683722,1,0.911659,0.530796,0.742825,0.834915,0.510589,0.775106,0.867787,0.768259,0.587523,0.377563,0.510772,0.5715,0.774871,0.759945,0.327211,0.478501,0.412945,0.500649,0.877894,0.824547,0.590748,0.664933,0.827033,0.861545,0.814409,0.755673,0.870946,0.706424,0.625859,0.633728,0.541002,0.458621,0.596128,0.81278,0.751914,0.88771,0.538164,0.814566,0.690492,0.549621,0.442328,0.628324,0.865637,0.889924,0.934075,0.556378,0.688022,0.858242,0.587136,0.817888,0.777084,0.72652,0.475396,0.375143,0.410275,0.746684,0.746577,0.512087,0.529906,0.541561,0.503348,0.876435,0.787349,0.644346,0.598608
0.854691,0.826232,0.83747,0.802308,0.863703,0.779636,0.452979,0.469507,0.658144,0.513086,0.622048,0.462111,0.76791,0.849114,0.653192,0.80512,0.770745,0.588326,0.763219,0.911659,1,0.556773,0.701049,0.846065,0.56492,0.703883,0.83485,0.767075,0.542756,0.570875,0.469209,0.564841,0.741037,0.758533,0.462553,0.426816,0.371189,0.528604,0.867361,0.873179,0.583346,0.715498,0.851425,0.854869,0.836159,0.815823,0.763165,0.713996,0.719359,0.65848,0.516772,0.440232,0.703946,0.781774,0.770518,0.87759,0.600141,0.784949,0.699488,0.598339,0.487979,0.63394,0.857857,0.830146,0.902147,0.649736,0.638707,0.88523,0.592661,0.858897,0.78777,0.778405,0.509566,0.454752,0.420376,0.714355,0.788677,0.472421,0.422853,0.549289,0.525344,0.868695,0.749532,0.668762,0.706362
0.498223,0.530648,0.47429,0.552562,0.494812,0.485373,0.107153,0.437477,0.189996,0.418319,0.478275,0.171975,0.369511,0.348043,0.409947,0.414632,0.361695,0.432797,0.400026,0.530796,0.556773,1,0.258786,0.501678,0.275177,0.658002,0.494738,0.462599,0.317146,0.136197,0.353178,0.453922,0.501233,0.41864,0.294991,0.1131,0.303518,0.0752251,0.488373,0.366645,0.222402,0.400518,0.485423,0.398965,0.494005,0.522869,0.498378,0.332801,0.534822,0.191824,0.207781,0.349306,0.567934,0.442945,0.401388,0.460285,0.391188,0.388713,0.35654,0.215581,0.363456,0.300203,0.430744,0.46339,0.478791,0.481601,0.295378,0.443961,0.46827,0.367184,0.407081,0.333919,0.472538,0.272351,0.320657,0.378515,0.348732,0.489753,0.16999,0.258639,0.293413,0.490625,0.329124,0.496951,0.279087
0.718006,0.624457,0.762547,0.653272,0.681581,0.77108,0.5828,0.428243,0.738516,0.482512,0.547703,0.528788,0.73099,0.691869,0.701613,0.604984,0.791004,0.372538,0.484989,0.742825,0.701049,0.258786,1,0.749935,0.51635,0.46866,0.798684,0.679415,0.43427,0.475854,0.375814,0.2896,0.58634,0.578517,0.144596,0.218946,0.429693,0.500679,0.586129,0.645507,0.594661,0.746001,0.737313,0.726856,0.778508,0.699708,0.721315,0.686057,0.628023,0.672873,0.447584,0.595083,0.68595,0.737142,0.75388,0.674675,0.35318,0.637259,0.80638,0.466919,0.434633,0.644474,0.639152,0.700726,0.697891,0.428016,0.737112,0.82887,0.45747,0.77975,0.763905,0.732783,0.34928,0.374305,0.231464,0.555798,0.66416,0.404887,0.267338,0.720828,0.469081,0.598462,0.746189,0.443272,0.703255
0.912468,0.788652,0.857452,0.839603,0.766217,0.859647,0.573195,0.470533,0.659931,0.559106,0.667371,0.448582,0.744285,0.772326,0.670528,0.662953,0.792718,0.648704,0.655769,0.834915,0.846065,0.501678,0.749935,1,0.649223,0.718006,0.908304,0.745732,0.426487,0.447675,0.460916,0.493753,0.762889,0.785952,0.445175,0.406299,0.442986,0.437029,0.746012,0.68883,0.544305,0.654834,0.872924,0.817681,0.871811,0.80576,0.78981,0.748663,0.645592,0.595478,0.422448,0.643455,0.683308,0.744267,0.752251,0.783301,0.548384,0.614636,0.794072,0.497662,0.549993,0.555961,0.75642,0.816596,0.793578,0.672187,0.737958,0.932137,0.602766,0.774756,0.770037,0.814655,0.364365,0.527554,0.553783,0.688761,0.678694,0.517009,0.374734,0.704803,0.455494,0.776726,0.710107,0.546212,0.619041
0.589106,0.55263,0.523384,0.570756,0.434402,0.513444,0.392077,0.251215,0.567924,0.38078,0.541475,0.184492,0.38542,0.501578,0.543632,0.427589,0.49057,0.429952,0.269691,0.510589,0.56492,0.275177,0.51635,0.649223,1,0.404889,0.594954,0.482926,0.141495,0.230162,0.307588,0.231284,0.567412,0.493502,0.349877,0.290099,0.444989,0.245387,0.481729,0.425446,0.327094,0.367295,0.58662,0.55024,0.522242,0.473812,0.452011,0.526082,0.344284,0.459234,0.0416382,0.495292,0.464906,0.433326,0.449616,0.467558,0.241437,0.35676,0.489867,0.457253,0.503111,0.352864,0.393873,0.521291,0.487405,0.445117,0.323704,0.618835,0.368615,0.622511,0.46968,0.559958,0.350835,0.620995,0.412494,0.481991,0.273237,0.099253,0.0931488,0.493159,0.215891,0.396646,0.552939,0.230477,0.487586
0.669119,0.620951,0.608376,0.681651,0.609774,0.581947,0.33526,0.271143,0.49381,0.490603,0.446727,0.424872,0.520645,0.575898,0.538502,0.619587,0.530998,0.586116,0.495609,0.775106,0.703883,0.658002,0.46866,0.718006,0.404889,1,0.709783,0.657758,0.368504,0.254628,0.366561,0.668976,0.67729,0.644107,0.368238,0.525346,0.465284,0.3088,0.690263,0.600717,0.587871,0.441265,0.701918,0.627961,0.670824,0.540309,0.752586,0.669488,0.582332,0.333005,0.473801,0.364813,0.427077,0.607864,0.546412,0.671372,0.556565,0.665413,0.464835,0.435553,0.425373,0.505621,0.666347,0.777814,0.723687,0.541566,0.596433,0.674496,0.497384,0.623981,0.591531,0.534464,0.62484,0.324921,0.516947,0.665571,0.549446,0.617082,0.375397,0.391687,0.327284,0.755124,0.54691,0.480587,0.363355
0.86187,0.778197,0.824246,0.834235,0.788141,0.839016,0.543528,0.575338,0.699861,0.530499,0.637391,0.521348,0.793736,0.779619,0.689453,0.720932,0.811414,0.589575,0.609063,0.867787,0.83485,0.494738,0.798684,0.908304,0.594954,0.709783,1,0.742012,0.52999,0.385255,0.531541,0.511627,0.703645,0.779968,0.380255,0.436651,0.382327,0.462187,0.777558,0.778592,0.518873,0.65088,0.862518,0.842591,0.853809,0.775862,0.816037,0.711251,0.60653,0.645309,0.524632,0.637643,0.711198,0.76519,0.764465,0.842542,0.509892,0.698568,0.782993,0.485403,0.553491,0.615479,0.800545,0.844488,0.836425,0.5423,0.722346,0.914792,0.601484,0.812797,0.815736,0.811138,0.380247,0.475218,0.535376,0.72764,0.663654,0.56016,0.361091,0.664918,0.527989,0.790306,0.793455,0.582406,0.639469
0.719471,0.685641,0.735706,0.732057,0.783623,0.712123,0.254003,0.316306,0.60047,0.494899,0.548483,0.332233,0.60602,0.743878,0.751087,0.65066,0.693039,0.421206,0.650877,0.768259,0.767075,0.462599,0.679415,0.745732,0.482926,0.657758,0.742012,1,0.404749,0.411798,0.322071,0.486358,0.601078,0.668344,0.213866,0.420905,0.534016,0.523283,0.703648,0.656776,0.616651,0.601999,0.782313,0.738191,0.740052,0.629687,0.679885,0.701645,0.536002,0.437612,0.42119,0.395017,0.626141,0.577999,0.570785,0.74367,0.464045,0.645662,0.652334,0.388448,0.544199,0.528458,0.629111,0.707959,0.672357,0.626996,0.64188,0.770562,0.619986,0.694016,0.631794,0.711354,0.460829,0.543298,0.394974,0.479699,0.531441,0.477521,0.208399,0.600476,0.417432,0.721101,0.620408,0.489771,0.539639
0.46909,0.44197,0.55286,0.426439,0.604797,0.418334,0.191804,0.313771,0.275756,0.48358,0.353725,0.486307,0.422038,0.494818,0.244308,0.41909,0.45699,0.259214,0.363167,0.587523,0.542756,0.317146,0.43427,0.426487,0.141495,0.368504,0.52999,0.404749,1,0.217171,0.411091,0.370951,0.532883,0.406486,0.14929,0.253243,0.0101717,0.294883,0.564895,0.537638,0.200915,0.527784,0.442081,0.497242,0.532207,0.510423,0.522525,0.25027,0.513781,0.463127,0.50831,0.30758,0.49688,0.481069,0.47135,0.608622,0.13035,0.532214,0.44002,0.221185,0.213412,0.603573,0.573574,0.523414,0.610244,0.248956,0.443373,0.466866,0.486355,0.440281,0.460617,0.422613,0.127456,-0.0527926,0.375345,0.60773,0.555938,0.328042,0.3715,0.357206,0.437022,0.464731,0.51829,0.387027,0.460498
0.521097,0.461924,0.616876,0.478069,0.541228,0.623162,0.329514,0.257801,0.38229,0.397676,0.462375,0.237224,0.457125,0.489727,0.448442,0.40631,0.485124,0.299571,0.620199,0.377563,0.570875,0.136197,0.475854,0.447675,0.230162,0.254628,0.385255,0.411798,0.217171,1,-0.00559314,0.333002,0.279538,0.272532,0.47418,0.119585,0.180054,0.446505,0.430668,0.456111,0.472429,0.573125,0.476053,0.405753,0.530221,0.471414,0.237637,0.487468,0.534114,0.367995,0.396534,0.206383,0.473843,0.371645,0.39599,0.425134,0.444511,0.412139,0.489521,0.410411,0.282416,0.360669,0.351182,0.338488,0.410298,0.303167,0.522853,0.540542,0.278129,0.489171,0.451087,0.434619,0.403858,0.217406,0.211252,0.23784,0.541572,0.224434,0.264207,0.385704,0.180833,0.416082,0.355511,0.420779,0.478105
0.454864,0.417437,0.458477,0.454435,0.375759,0.32342,0.3265,0.449544,0.321177,0.0659609,0.229127,0.433006,0.483024,0.325535,0.23124,0.428583,0.426332,0.424769,0.11087,0.510772,0.469209,0.353178,0.375814,0.460916,0.307588,0.366561,0.531541,0.322071,0.411091,-0.00559314,1,0.241136,0.391878,0.544802,0.10188,0.397738,0.084038,0.148077,0.517793,0.511388,0.058549,0.216072,0.544074,0.439345,0.504972,0.553615,0.516884,0.270747,0.397511,0.336547,0.283911,0.394052,0.317413,0.52566,0.471999,0.425146,0.308532,0.391919,0.433417,0.315232,0.215823,0.366785,0.467767,0.480116,0.487128,0.27988,0.230276,0.541142,0.436055,0.425366,0.535915,0.412084,0.101601,0.108926,0.0919447,0.567568,0.502846,0.382299,0.0859864,0.0819798,0.501864,0.475004,0.55576,0.202596,0.345246
0.47699,0.38585,0.49183,0.571501,0.482035,0.439038,0.0562146,0.313677,0.311835,0.562973,0.525195,0.28643,0.404607,0.389332,0.428525,0.496981,0.397981,0.531148,0.395846,0.5715,0.564841,0.453922,0.2896,0.493753,0.231284,0.668976,0.511627,0.486358,0.370951,0.333002,0.241136,1,0.523395,0.45489,0.37034,0.41862,0.391898,0.340165,0.623592,0.438042,0.550326,0.356617,0.553909,0.457246,0.53525,0.392633,0.474837,0.325575,0.447806,0.200525,0.615191,0.274761,0.373839,0.390705,0.317481,0.566096,0.550678,0.590536,0.258661,0.300997,0.24931,0.40722,0.55556,0.583454,0.561441,0.387589,0.574636,0.472774,0.4434,0.525909,0.517633,0.405324,0.377976,0.28565,0.411886,0.472829,0.386674,0.564575,0.328089,0.314608,0.368048,0.682453,0.41262,0.452165,0.324631
0.661696,0.621377,0.661749,0.602064,0.673763,0.555456,0.392776,0.260603,0.512004,0.552543,0.484151,0.448437,0.543684,0.591268,0.544824,0.555858,0.588118,0.515409,0.450672,0.774871,0.741037,0.501233,0.58634,0.762889,0.567412,0.67729,0.703645,0.601078,0.532883,0.279538,0.391878,0.523395,1,0.54173,0.335424,0.405817,0.36602,0.399396,0.759763,0.629057,0.533951,0.597903,0.628165,0.642048,0.662857,0.617881,0.674337,0.610059,0.521056,0.465985,0.350022,0.493325,0.55263,0.595891,0.6051,0.681342,0.353497,0.61951,0.592295,0.413187,0.345584,0.444633,0.701192,0.78156,0.76464,0.534418,0.658753,0.67638,0.606353,0.639011,0.682774,0.532991,0.35195,0.339522,0.525679,0.777434,0.633221,0.545699,0.439571,0.63273,0.362688,0.726515,0.676936,0.492735,0.490694
0.751487,0.741171,0.666547,0.709958,0.733264,0.651907,0.452562,0.393302,0.733576,0.355909,0.515189,0.518835,0.719449,0.804119,0.565999,0.734432,0.699997,0.583268,0.600903,0.759945,0.758533,0.41864,0.578517,0.785952,0.493502,0.644107,0.779968,0.668344,0.406486,0.272532,0.544802,0.45489,0.54173,1,0.369923,0.60437,0.420131,0.395623,0.734993,0.667775,0.46983,0.526357,0.810686,0.824318,0.683812,0.639233,0.714457,0.596373,0.566445,0.499601,0.440318,0.449251,0.451963,0.717191,0.780213,0.793361,0.542823,0.731094,0.656149,0.543516,0.445453,0.661437,0.709398,0.786939,0.785966,0.596207,0.515998,0.820952,0.494288,0.695768,0.687247,0.770697,0.190052,0.390006,0.367184,0.622707,0.533654,0.458089,0.198865,0.459293,0.473494,0.769009,0.689622,0.443859,0.640203
0.44344,0.446872,0.349036,0.520948,0.452399,0.453454,0.219884,-0.00142281,0.213012,0.313541,0.353461,0.0428857,0.27119,0.400261,0.136811,0.243093,0.196578,0.357383,0.514344,0.327211,0.462553,0.294991,0.144596,0.445175,0.349877,0.368238,0.380255,0.213866,0.14929,0.47418,0.10188,0.37034,0.335424,0.369923,1,0.149061,0.139184,0.10785,0.406587,0.293195,0.254133,0.352616,0.356021,0.319287,0.324041,0.28265,0.166405,0.342704,0.316292,0.179099,0.300948,0.281422,0.278787,0.19701,0.224302,0.336876,0.316321,0.227076,0.201902,0.121012,0.144873,0.220647,0.328984,0.279722,0.342702,0.235491,0.287765,0.403183,0.111577,0.325793,0.195916,0.378314,0.326401,0.133272,0.356953,0.16897,0.212622,0.115116,0.418797,0.213994,0.0673894,0.355065,0.267392,0.450113,0.247174
0.36331,0.296378,0.325109,0.352639,0.330035,0.217742,0.222395,0.0707009,0.526287,0.202519,0.162989,0.418997,0.352797,0.442807,0.292206,0.384975,0.331944,0.483015,0.21707,0.478501,0.426816,0.1131,0.218946,0.406299,0.290099,0.525346,0.436651,0.420905,0.253243,0.119585,0.397738,0.41862,0.405817,0.60437,0.149061,1,0.279238,0.311344,0.530188,0.527363,0.359475,0.0591841,0.41512,0.412262,0.315405,0.283303,0.354395,0.335256,0.171853,0.192642,0.444407,0.117053,0.0113223,0.329797,0.334563,0.44511,0.364484,0.459088,0.227496,0.36284,0.221205,0.379375,0.341439,0.520164,0.508291,0.492306,0.260746,0.431195,0.308596,0.418632,0.450221,0.45965,0.100216,0.288031,0.27181,0.578128,0.422964,0.354989,0.228627,0.127116,0.112056,0.590114,0.468933,0.136318,0.338755
0.325972,0.263269,0.270749,0.475965,0.256807,0.322851,0.178149,0.11063,0.512087,0.425143,0.509959,0.107657,0.360229,0.264504,0.536016,0.188574,0.357768,0.205219,0.294585,0.412945,0.371189,0.303518,0.429693,0.442986,0.444989,0.465284,0.382327,0.534016,0.0101717,0.180054,0.084038,0.391898,0.36602,0.420131,0.139184,0.279238,1,0.0686458,0.285414,0.220021,0.324486,0.262216,0.429218,0.316153,0.35619,0.266519,0.438967,0.495836,0.35476,0.109615,0.17285,0.348547,0.298232,0.320066,0.319987,0.333484,0.362775,0.263855,0.315765,0.237174,0.388119,0.294286,0.175821,0.409448,0.381695,0.420886,0.461036,0.442503,0.239575,0.356417,0.393299,0.425733,0.451907,0.512672,0.207932,0.206162,0.196945,0.205195,0.0237718,0.473077,0.0238861,0.406517,0.36647,0.318642,0.419021
0.496241,0.417215,0.591726,0.320895,0.577502,0.477809,0.266106,0.301738,0.489667,0.248279,0.255649,0.367014,0.375076,0.567909,0.502835,0.512435,0.484024,0.433514,0.432852,0.500649,0.528604,0.0752251,0.500679,0.437029,0.245387,0.3088,0.462187,0.523283,0.294883,0.446505,0.148077,0.340165,0.399396,0.395623,0.10785,0.311344,0.0686458,1,0.584637,0.487515,0.626132,0.616325,0.53195,0.530521,0.550389,0.451294,0.399125,0.437972,0.393955,0.403917,0.442097,0.278065,0.362175,0.358527,0.398382,0.533598,0.299388,0.639747,0.464642,0.395773,0.0184135,0.439152,0.50155,0.578075,0.476664,0.302796,0.521558,0.51508,0.503214,0.60111,0.550849,0.437768,0.221718,0.149674,0.104969,0.2861,0.425511,0.454935,0.0669908,0.373413,0.490191,0.517353,0.553774,0.296305,0.495333
0.738028,0.793183,0.746712,0.689534,0.774614,0.634804,0.357513,0.3513,0.659913,0.392752,0.479658,0.55632,0.713292,0.821652,0.554072,0.776563,0.721158,0.615453,0.623206,0.877894,0.867361,0.488373,0.586129,0.746012,0.481729,0.690263,0.777558,0.703648,0.564895,0.430668,0.517793,0.623592,0.759763,0.734993,0.406587,0.530188,0.285414,0.584637,1,0.788257,0.612195,0.655374,0.814161,0.821476,0.756114,0.689295,0.719801,0.637284,0.585317,0.57807,0.587252,0.357097,0.560618,0.754657,0.726478,0.883085,0.553419,0.840514,0.66494,0.514756,0.411069,0.587239,0.809515,0.867541,0.872568,0.524094,0.682061,0.808615,0.643729,0.789535,0.757741,0.630296,0.389038,0.340607,0.433048,0.738927,0.688678,0.586637,0.507474,0.499084,0.47392,0.907995,0.791331,0.56709,0.557482
0.709103,0.703688,0.705137,0.644838,0.733504,0.594021,0.455134,0.438308,0.653743,0.351101,0.449472,0.514451,0.753003,0.763258,0.508842,0.787668,0.689732,0.492596,0.581122,0.824547,0.873179,0.366645,0.645507,0.68883,0.425446,0.600717,0.778592,0.656776,0.537638,0.456111,0.511388,0.438042,0.629057,0.667775,0.293195,0.527363,0.220021,0.487515,0.788257,1,0.496941,0.555687,0.743548,0.775702,0.699791,0.731252,0.635407,0.586415,0.559511,0.611157,0.579851,0.301375,0.51031,0.736283,0.700929,0.799846,0.50471,0.752911,0.574505,0.544115,0.378652,0.641757,0.774858,0.753425,0.860571,0.554147,0.560654,0.775921,0.467775,0.831211,0.772199,0.680036,0.338733,0.309989,0.329788,0.756836,0.775595,0.415529,0.431776,0.41818,0.451926,0.805747,0.70215,0.527333,0.642002
0.540454,0.4804,0.569439,0.481456,0.562118,0.574166,0.382042,0.126857,0.598401,0.505344,0.362859,0.458737,0.472159,0.562235,0.531627,0.623954,0.517713,0.498208,0.44093,0.590748,0.583346,0.222402,0.594661,0.544305,0.327094,0.587871,0.518873,0.616651,0.200915,0.472429,0.058549,0.550326,0.533951,0.46983,0.254133,0.359475,0.324486,0.626132,0.612195,0.496941,1,0.590585,0.587133,0.578761,0.589862,0.473987,0.508075,0.617491,0.455011,0.461156,0.53211,0.30055,0.407168,0.498816,0.472923,0.598374,0.466766,0.706463,0.463608,0.398019,0.157298,0.550309,0.612987,0.649786,0.547985,0.306504,0.638528,0.57785,0.350816,0.6842,0.587958,0.38529,0.364513,0.266506,0.332114,0.386894,0.394935,0.525628,0.331878,0.433616,0.281118,0.629069,0.509598,0.397417,0.457649
0.684736,0.645837,0.728704,0.542988,0.77557,0.732474,0.487834,0.392233,0.559166,0.502668,0.574734,0.471275,0.614894,0.672682,0.535415,0.551825,0.67712,0.441899,0.635275,0.664933,0.715498,0.400518,0.746001,0.654834,0.367295,0.441265,0.65088,0.601999,0.527784,0.573125,0.216072,0.356617,0.597903,0.526357,0.352616,0.0591841,0.262216,0.616325,0.655374,0.555687,0.590585,1,0.696813,0.656142,0.74958,0.665052,0.623138,0.636093,0.776064,0.683589,0.510924,0.552934,0.74578,0.640268,0.701037,0.71133,0.476471,0.638729,0.727368,0.387959,0.238973,0.629579,0.624452,0.674046,0.671467,0.367874,0.708684,0.711875,0.576506,0.650011,0.666886,0.552879,0.371638,0.155644,0.386783,0.442582,0.557575,0.478115,0.316471,0.608208,0.554517,0.594015,0.676343,0.564786,0.647516
0.897136,0.846898,0.876267,0.834458,0.756198,0.804377,0.497258,0.510358,0.685118,0.494869,0.700567,0.539771,0.764102,0.81562,0.648689,0.784475,0.843141,0.600177,0.670908,0.827033,0.851425,0.485423,0.737313,0.872924,0.58662,0.701918,0.862518,0.782313,0.442081,0.476053,0.544074,0.553909,0.628165,0.810686,0.356021,0.41512,0.429218,0.53195,0.814161,0.743548,0.587133,0.696813,1,0.877519,0.903137,0.817962,0.76818,0.713932,0.737438,0.661014,0.533709,0.579396,0.705246,0.806944,0.81019,0.829321,0.650118,0.739899,0.821333,0.546746,0.567074,0.610477,0.744318,0.841331,0.815537,0.621704,0.720152,0.918377,0.658072,0.813515,0.833912,0.809402,0.421556,0.4867,0.48849,0.654084,0.698596,0.554158,0.342943,0.604645,0.550305,0.838735,0.773214,0.530845,0.62778
0.853896,0.877834,0.815503,0.746868,0.768756,0.745116,0.475614,0.440311,0.723003,0.44783,0.606047,0.586206,0.790446,0.887389,0.648932,0.893423,0.854129,0.504816,0.687902,0.861545,0.854869,0.398965,0.726856,0.817681,0.55024,0.627961,0.842591,0.738191,0.497242,0.405753,0.439345,0.457246,0.642048,0.824318,0.319287,0.412262,0.316153,0.530521,0.821476,0.775702,0.578761,0.656142,0.877519,1,0.819895,0.746764,0.770858,0.688142,0.613906,0.70247,0.46409,0.478825,0.660528,0.790772,0.842715,0.906934,0.479199,0.849305,0.797269,0.541476,0.536103,0.621672,0.828821,0.858375,0.833895,0.591844,0.650344,0.857313,0.582163,0.826536,0.718738,0.797676,0.299671,0.479449,0.463923,0.679537,0.666388,0.462012,0.375629,0.617315,0.516681,0.832492,0.785665,0.537042,0.585868
0.913848,0.789129,0.945869,0.852102,0.761206,0.831521,0.520723,0.596438,0.596677,0.548175,0.719264,0.489696,0.718336,0.731105,0.632278,0.725468,0.814175,0.596196,0.638137,0.814409,0.836159,0.494005,0.778508,0.871811,0.522242,0.670824,0.853809,0.740052,0.532207,0.530221,0.504972,0.53525,0.662857,0.683812,0.324041,0.315405,0.35619,0.550389,0.756114,0.699791,0.589862,0.74958,0.903137,0.819895,1,0.877174,0.75062,0.655961,0.751878,0.692753,0.593742,0.634214,0.772633,0.78104,0.772384,0.788276,0.570013,0.684685,0.869866,0.539386,0.451963,0.621759,0.758778,0.773588,0.759982,0.556743,0.810341,0.893688,0.640953,0.785929,0.807367,0.70955,0.483954,0.42537,0.501584,0.616787,0.754844,0.627945,0.353563,0.590247,0.523376,0.760879,0.704992,0.57514,0.601745
0.861174,0.759366,0.858217,0.752524,0.719482,0.743551,0.408294,0.586536,0.483105,0.525777,0.636976,0.431573,0.675352,0.660461,0.492311,0.674153,0.724502,0.479881,0.629203,0.755673,0.815823,0.522869,0.699708,0.80576,0.473812,0.540309,0.775862,0.629687,0.510423,0.471414,0.553615,0.392633,0.617881,0.639233,0.28265,0.283303,0.266519,0.451294,0.689295,0.731252,0.473987,0.665052,0.817962,0.746764,0.877174,1,0.645294,0.555643,0.700258,0.642843,0.417528,0.514586,0.717884,0.74475,0.718205,0.687241,0.496542,0.579184,0.752403,0.463492,0.371139,0.559241,0.716588,0.684541,0.725665,0.544164,0.661487,0.80981,0.608479,0.690357,0.764551,0.652339,0.344076,0.358209,0.427045,0.576495,0.771388,0.467937,0.306562,0.555072,0.455377,0.677575,0.64016,0.601109,0.582785
0.703308,0.658971,0.68141,0.661033,0.703282,0.701409,0.517572,0.468765,0.650178,0.45414,0.474389,0.568788,0.704065,0.711879,0.64757,0.670501,0.740009,0.554545,0.525953,0.870946,0.763165,0.498378,0.721315,0.78981,0.452011,0.752586,0.816037,0.679885,0.522525,0.237637,0.516884,0.474837,0.674337,0.714457,0.166405,0.354395,0.438967,0.399125,0.719801,0.635407,0.508075,0.623138,0.76818,0.770858,0.75062,0.645294,1,0.780807,0.689926,0.662304,0.431843,0.45226,0.585938,0.768441,0.72396,0.808033,0.511673,0.723502,0.659783,0.430453,0.485569,0.631606,0.798865,0.841283,0.784668,0.43873,0.624151,0.801812,0.584398,0.723307,0.689064,0.688261,0.461038,0.347929,0.44285,0.684328,0.611413,0.488034,0.33444,0.529082,0.614184,0.767697,0.763521,0.511217,0.540219
0.704964,0.698165,0.634254,0.617272,0.649836,0.750583,0.528852,0.285092,0.632772,0.412469,0.44553,0.490557,0.674816,0.692634,0.691217,0.594986,0.71939,0.420671,0.614704,0.706424,0.713996,0.332801,0.686057,0.748663,0.526082,0.669488,0.711251,0.701645,0.25027,0.487468,0.270747,0.325575,0.610059,0.596373,0.342704,0.335256,0.495836,0.437972,0.637284,0.586415,0.617491,0.636093,0.713932,0.688142,0.655961,0.555643,0.780807,1,0.619849,0.592596,0.2924,0.325713,0.55042,0.623152,0.640587,0.719381,0.578291,0.601912,0.640628,0.442376,0.55749,0.50707,0.645109,0.733141,0.6491,0.44851,0.577445,0.793326,0.476264,0.68535,0.617119,0.637582,0.533746,0.43266,0.522959,0.565024,0.536997,0.341284,0.305552,0.592734,0.392974,0.675699,0.688838,0.439022,0.485633
0.717737,0.611336,0.742153,0.656735,0.653711,0.70293,0.49211,0.466191,0.47181,0.506767,0.627527,0.464533,0.567209,0.606911,0.501413,0.55208,0.658278,0.479941,0.561771,0.625859,0.719359,0.534822,0.628023,0.645592,0.344284,0.582332,0.60653,0.536002,0.513781,0.534114,0.397511,0.447806,0.521056,0.566445,0.316292,0.171853,0.35476,0.393955,0.585317,0.559511,0.455011,0.776064,0.737438,0.613906,0.751878,0.700258,0.689926,0.619849,1,0.678647,0.512762,0.481573,0.720512,0.635424,0.6719,0.642631,0.571806,0.583341,0.623361,0.429373,0.362736,0.623222,0.567256,0.60286,0.608464,0.500953,0.595909,0.716371,0.491239,0.625878,0.650139,0.5803,0.46935,0.237334,0.409834,0.494006,0.636256,0.396452,0.19895,0.459222,0.575972,0.616905,0.596245,0.511683,0.637004
0.652491,0.623698,0.64712,0.55732,0.534175,0.612987,0.640619,0.525011,0.563068,0.348047,0.504539,0.545424,0.637894,0.652213,0.405105,0.632043,0.712257,0.431954,0.45303,0.633728,0.65848,0.191824,0.672873,0.595478,0.459234,0.333005,0.645309,0.437612,0.463127,0.367995,0.336547,0.200525,0.465985,0.499601,0.179099,0.192642,0.109615,0.403917,0.57807,0.611157,0.461156,0.683589,0.661014,0.70247,0.692753,0.642843,0.662304,0.592596,0.678647,1,0.48978,0.446259,0.681248,0.718478,0.729878,0.690722,0.43575,0.569102,0.687514,0.444551,0.332914,0.577576,0.662513,0.577715,0.59998,0.332272,0.476849,0.658402,0.368896,0.673359,0.620043,0.544873,0.248135,0.341635,0.46418,0.524771,0.536501,0.241171,0.38134,0.379956,0.531575,0.574273,0.617536,0.415633,0.573885
0.453795,0.354539,0.526466,0.518671,0.476174,0.436711,0.398253,0.297817,0.460724,0.428062,0.440296,0.534108,0.547458,0.509837,0.309649,0.502226,0.488597,0.528244,0.34062,0.541002,0.516772,0.207781,0.447584,0.422448,0.0416382,0.473801,0.524632,0.42119,0.50831,0.396534,0.283911,0.615191,0.350022,0.440318,0.300948,0.444407,0.17285,0.442097,0.587252,0.579851,0.53211,0.510924,0.533709,0.46409,0.593742,0.417528,0.431843,0.2924,0.512762,0.48978,1,0.35553,0.404787,0.554141,0.490717,0.588535,0.552392,0.593968,0.419876,0.293318,0.0517773,0.649603,0.508209,0.487454,0.549962,0.303215,0.658197,0.519201,0.260777,0.572865,0.610578,0.435855,0.19936,0.0218026,0.321191,0.414714,0.513827,0.56313,0.49603,0.189644,0.289987,0.636652,0.48154,0.405365,0.437246
0.604745,0.396192,0.566325,0.57306,0.392439,0.572047,0.565495,0.405355,0.442485,0.528219,0.653827,0.344651,0.462368,0.323756,0.427998,0.300736,0.514581,0.504871,0.240966,0.458621,0.440232,0.349306,0.595083,0.643455,0.495292,0.364813,0.637643,0.395017,0.30758,0.206383,0.394052,0.274761,0.493325,0.449251,0.281422,0.117053,0.348547,0.278065,0.357097,0.301375,0.30055,0.552934,0.579396,0.478825,0.634214,0.514586,0.45226,0.325713,0.481573,0.446259,0.35553,1,0.654026,0.449877,0.503852,0.407374,0.221998,0.310976,0.616267,0.229173,0.208276,0.341617,0.352917,0.507708,0.431921,0.363178,0.542283,0.560284,0.364695,0.444398,0.562346,0.524422,0.170916,0.299799,0.3461,0.379663,0.336859,0.478622,0.0990077,0.503004,0.341261,0.368288,0.511168,0.306295,0.512751
0.761561,0.688784,0.783755,0.718174,0.612261,0.773026,0.433475,0.598423,0.390657,0.616985,0.776401,0.422379,0.682582,0.575365,0.606601,0.573304,0.794134,0.390902,0.515523,0.596128,0.703946,0.567934,0.68595,0.683308,0.464906,0.427077,0.711198,0.626141,0.49688,0.473843,0.317413,0.373839,0.55263,0.451963,0.278787,0.0113223,0.298232,0.362175,0.560618,0.51031,0.407168,0.74578,0.705246,0.660528,0.772633,0.717884,0.585938,0.55042,0.720512,0.681248,0.404787,0.654026,1,0.640124,0.68423,0.674535,0.454595,0.504454,0.776176,0.272071,0.519231,0.483811,0.601223,0.556734,0.554648,0.525626,0.592979,0.68821,0.592769,0.587771,0.626235,0.619498,0.383289,0.487793,0.534638,0.45848,0.524645,0.455755,0.189513,0.631211,0.52992,0.554287,0.588019,0.545714,0.569203
