1,0.782386,0.89512,0.808907,0.577028,0.637381,0.26084,0.306191,0.489808,0.574444,0.817686,0.693605,0.808841,0.816277,0.519258,0.762587,0.821522,0.698709,0.790554,0.869117,0.883312,0.55019,0.614414,0.837215,0.453072,0.594842,0.747826,0.522294,0.407794,0.32182,0.510437,0.485111,0.702679,0.703106,0.655176,0.258615,0.269665,0.403968,0.843738,0.786469,0.148327,0.628007,0.91136,0.793666,0.920528,0.812609,0.782756,0.575874,0.45993,0.392997,0.42186,0.547711,0.646445,0.700308,0.839378,0.829769,0.570566,0.762512,0.786053,0.335404,0.524414,0.533517,0.839005,0.872934,0.85564,0.76945,0.473423,0.812558,0.512185,0.580727,0.706284,0.565721,0.333618,0.356187,0.520002,0.747802,0.724719,0.66876,0.388286,0.132369,0.478757,0.833224,0.817046,0.419729,0.552928
0.782386,1,0.663061,0.541695,0.30324,0.450072,0.371645,0.180685,0.289854,0.449647,0.586648,0.473852,0.639485,0.892169,0.250144,0.924109,0.634713,0.295142,0.66341,0.711718,0.778327,0.519475,0.395284,0.51677,0.279396,0.329631,0.470059,0.409518,0.237844,0.225063,0.363046,0.466764,0.388245,0.540987,0.532591,0.123901,0.202731,0.115525,0.605199,0.566385,0.0351429,0.262756,0.637357,0.923379,0.568876,0.512039,0.519804,0.323397,0.484081,0.440651,0.372315,0.276496,0.337176,0.571698,0.694483,0.90038,0.516658,0.925543,0.578887,0.154415,0.282531,0.297865,0.783682,0.741923,0.740552,0.661841,0.276928,0.423041,0.346017,0.279092,0.395679,0.485382,0.263161,0.224279,0.534759,0.485272,0.600022,0.397287,0.414163,0.0418724,0.144129,0.800851,0.799739,0.284668,0.282266
0.89512,0.663061,1,0.873976,0.580226,0.583485,0.370466,0.424927,0.647623,0.659339,0.81281,0.724699,0.847935,0.738904,0.593651,0.696521,0.855105,0.742389,0.835087,0.829683,0.869388,0.430037,0.592718,0.814781,0.511724,0.547326,0.732105,0.511089,0.302091,0.273627,0.458177,0.497401,0.732309,0.714188,0.710334,0.268182,0.3826,0.367981,0.823445,0.848755,0.287937,0.657453,0.869019,0.696963,0.906672,0.84968,0.763481,0.577855,0.384789,0.393004,0.353833,0.597312,0.747051,0.672678,0.847699,0.776571,0.502941,0.643396,0.770697,0.426212,0.550066,0.493998,0.7916,0.885135,0.809672,0.773096,0.427115,0.838807,0.432639,0.661957,0.648434,0.588441,0.451007,0.554784,0.466923,0.710187,0.735461,0.652844,0.342893,0.142643,0.52636,0.769244,0.75246,0.487228,0.586626
0.808907,0.541695,0.873976,1,0.58637,0.524097,0.30596,0.31915,0.534212,0.651775,0.824203,0.672904,0.75653,0.621376,0.513842,0.502928,0.74787,0.746422,0.746994,0.703867,0.796333,0.491403,0.596476,0.81949,0.410319,0.687693,0.715922,0.351562,0.365076,0.22222,0.413348,0.529081,0.695363,0.619062,0.755397,0.28449,0.451431,0.393537,0.773094,0.831991,0.227533,0.707195,0.776269,0.517355,0.8794,0.825479,0.748487,0.706209,0.382775,0.444865,0.411752,0.571754,0.707873,0.559069,0.811478,0.659718,0.51857,0.486865,0.761725,0.529127,0.616513,0.609044,0.653601,0.752854,0.703921,0.720323,0.437855,0.867417,0.49576,0.562638,0.63867,0.564107,0.484807,0.571216,0.551782,0.613923,0.66691,0.57667,0.401401,0.19228,0.54775,0.66199,0.591075,0.45152,0.570702
0.577028,0.30324,0.580226,0.58637,1,0.514754,0.270966,0.490842,0.385703,0.35137,0.503543,0.444428,0.442143,0.534076,0.239576,0.226661,0.46534,0.502036,0.507078,0.458673,0.466252,0.248783,0.560298,0.648932,0.312749,0.654128,0.675979,0.288527,0.229775,0.385812,0.265338,0.259507,0.556792,0.359922,0.549265,0.44977,0.147199,0.396394,0.494621,0.504849,0.315482,0.423635,0.627514,0.28924,0.598711,0.553902,0.59175,0.414887,0.117334,0.431703,0.253259,0.63846,0.508179,0.428811,0.515304,0.49526,0.438632,0.237563,0.465326,0.413059,0.487372,0.470597,0.444228,0.456716,0.458524,0.433631,0.661622,0.648876,0.467031,0.399259,0.522234,0.365888,0.156339,0.379471,0.458811,0.36834,0.49813,0.405132,0.506178,0.366921,0.466339,0.462099,0.457805,0.34341,0.264317
0.637381,0.450072,0.583485,0.524097,0.514754,1,0.281417,0.254567,0.422618,0.573075,0.446377,0.621498,0.621548,0.545853,0.516659,0.414937,0.615951,0.48216,0.643923,0.718508,0.649176,0.472967,0.482085,0.738419,0.49113,0.517075,0.608954,0.431095,0.45844,0.134933,0.397877,0.590989,0.617833,0.560517,0.596575,0.135769,0.256383,0.303114,0.669268,0.543199,0.197027,0.460285,0.674287,0.435676,0.595098,0.556065,0.56875,0.441963,0.266002,0.292837,0.424531,0.545601,0.567916,0.5241,0.573408,0.50345,0.323431,0.335114,0.55807,0.0715191,0.384475,0.526505,0.720997,0.624954,0.703586,0.631319,0.444568,0.647686,0.395007,0.492826,0.61667,0.68536,0.2125,0.351167,0.414356,0.652267,0.780436,0.605203,0.337431,0.32818,0.461138,0.62693,0.589429,0.480582,0.587264
0.26084,0.371645,0.370466,0.30596,0.270966,0.281417,1,0.28518,0.478065,0.405605,0.228396,0.41073,0.35648,0.445388,-0.0142442,0.333203,0.345349,0.148837,0.479699,0.174251,0.337809,0.170287,0.0335883,0.274199,0.273856,0.150877,0.259202,-0.014966,0.059948,0.217098,0.177583,0.126084,0.144136,0.23107,0.442892,0.164501,0.200263,-0.218768,0.244312,0.15944,-0.140574,0.14033,0.203106,0.350841,0.177902,0.230325,0.351435,0.100647,0.22351,0.125136,0.1403,0.214885,0.408879,0.381002,0.360845,0.491428,0.150502,0.291546,0.305706,0.262889,0.19128,0.251353,0.360069,0.362609,0.251399,0.17779,0.127145,0.229963,0.189193,0.191467,0.276375,0.364663,0.148594,0.382138,0.258387,0.156566,0.31536,-0.015372,0.283535,0.0720473,0.168994,0.331588,0.352645,0.184548,0.176171
0.306191,0.180685,0.424927,0.31915,0.490842,0.254567,0.28518,1,0.373687,0.384482,0.358543,0.392493,0.382705,0.350531,0.420197,0.193468,0.353813,0.379017,0.427585,0.327698,0.348243,-0.0469403,0.386518,0.353793,0.207635,0.272965,0.304005,0.173846,0.305306,0.203795,0.580303,0.217815,0.433465,0.409036,0.217029,0.0995273,0.150213,0.0292226,0.288352,0.315446,0.136857,0.350524,0.363725,0.27099,0.332623,0.281023,0.289218,0.214428,0.139178,0.201208,0.240628,0.415727,0.403867,0.345963,0.358891,0.386961,0.205067,0.157125,0.354756,0.38283,0.183301,0.24135,0.232679,0.36812,0.296713,0.295994,0.445162,0.348582,0.215398,0.358073,0.248272,0.175508,0.297084,0.312277,0.129573,0.250166,0.39931,0.172395,0.0250645,0.0588223,0.111022,0.297286,0.0844742,0.328969,0.158478
0.489808,0.289854,0.647623,0.534212,0.385703,0.422618,0.478065,0.373687,1,0.498593,0.472504,0.681841,0.677878,0.428755,0.651704,0.269273,0.616499,0.533189,0.600005,0.444743,0.529114,0.0893281,0.351005,0.589158,0.49065,0.423329,0.376157,0.22748,0.196056,0.245015,0.185503,0.279217,0.61337,0.530941,0.461799,0.0429201,0.486217,0.33029,0.591356,0.540051,0.140364,0.691355,0.576925,0.343484,0.591498,0.611683,0.592557,0.546704,0.321925,0.262955,0.230574,0.443371,0.618054,0.538008,0.565657,0.493845,0.329304,0.25083,0.667265,0.317766,0.351539,0.459182,0.479319,0.546905,0.525762,0.455177,0.255871,0.655209,0.429275,0.764623,0.573046,0.529769,0.244642,0.504498,0.027194,0.628824,0.472025,0.434791,0.212409,0.196143,0.545422,0.485624,0.48461,0.188104,0.563999
0.574444,0.449647,0.659339,0.651775,0.35137,0.573075,0.405605,0.384482,0.498593,1,0.761162,0.724507,0.795489,0.555163,0.494207,0.407758,0.783335,0.617462,0.714019,0.728812,0.749523,0.530305,0.512695,0.744701,0.522457,0.467757,0.550247,0.374891,0.517053,0.310648,0.549855,0.442619,0.668796,0.717295,0.606959,0.028705,0.410485,0.244559,0.699015,0.701105,0.0974558,0.628282,0.567634,0.471607,0.628859,0.631487,0.601434,0.556468,0.479794,0.540139,0.607835,0.60571,0.795836,0.732228,0.793569,0.524763,0.50939,0.333724,0.718324,0.316014,0.336249,0.633944,0.700457,0.714904,0.728753,0.732002,0.458877,0.65769,0.524608,0.597004,0.650166,0.456883,0.476967,0.545088,0.517645,0.550197,0.81664,0.481963,0.0858007,0.0950067,0.405459,0.734995,0.427209,0.285585,0.618918
0.817686,0.586648,0.81281,0.824203,0.503543,0.446377,0.228396,0.358543,0.472504,0.761162,1,0.684874,0.82438,0.640401,0.534972,0.507905,0.795182,0.712224,0.750502,0.765014,0.829481,0.558639,0.646248,0.814959,0.360053,0.657108,0.656555,0.403141,0.500375,0.33359,0.524321,0.466161,0.752201,0.782329,0.59431,0.153468,0.419106,0.49626,0.817091,0.815586,0.162769,0.69895,0.771865,0.564574,0.865864,0.795809,0.760766,0.623454,0.496815,0.520223,0.524212,0.638901,0.763793,0.730191,0.885898,0.642556,0.592276,0.497876,0.834227,0.472142,0.490122,0.571294,0.740545,0.75154,0.781876,0.771996,0.550228,0.80565,0.57655,0.625929,0.695571,0.409783,0.43071,0.493815,0.500108,0.687044,0.751123,0.612383,0.195541,0.151523,0.400099,0.73796,0.592672,0.300414,0.512122
0.693605,0.473852,0.724699,0.672904,0.444428,0.621498,0.41073,0.392493,0.681841,0.724507,0.684874,1,0.883515,0.586748,0.571881,0.436117,0.800903,0.724409,0.776019,0.658819,0.71983,0.450663,0.54558,0.854916,0.652531,0.532166,0.692478,0.439391,0.559899,0.336811,0.555584,0.407754,0.727622,0.724426,0.635295,0.0774428,0.428821,0.386,0.787596,0.681826,0.204888,0.708716,0.682629,0.497279,0.74418,0.663307,0.725751,0.67711,0.448581,0.411702,0.498558,0.541232,0.791255,0.738083,0.764196,0.612769,0.348274,0.426206,0.809079,0.379933,0.621714,0.675782,0.688975,0.749815,0.76494,0.65387,0.407423,0.801784,0.621911,0.66308,0.742603,0.710989,0.398974,0.404301,0.432043,0.713897,0.668376,0.611012,0.229099,0.211137,0.498217,0.773303,0.62935,0.287183,0.787943
0.808841,0.639485,0.847935,0.75653,0.442143,0.621548,0.35648,0.382705,0.677878,0.795489,0.82438,0.883515,1,0.720996,0.634072,0.639218,0.929314,0.699151,0.860034,0.831674,0.890361,0.482052,0.602286,0.8539,0.588323,0.564541,0.68746,0.50115,0.552167,0.401133,0.52981,0.473456,0.778146,0.827027,0.652008,0.0438352,0.383789,0.415939,0.874289,0.82313,0.240243,0.672591,0.797959,0.679124,0.837558,0.788557,0.798366,0.642948,0.484429,0.485199,0.510939,0.577525,0.79087,0.834416,0.899434,0.725568,0.524976,0.595336,0.845927,0.32637,0.552708,0.541809,0.85391,0.873941,0.897497,0.829006,0.423431,0.803579,0.593801,0.703044,0.701476,0.655645,0.403696,0.483364,0.508709,0.785993,0.815685,0.611436,0.290706,0.114128,0.485102,0.860316,0.724962,0.337152,0.717846
0.816277,0.892169,0.738904,0.621376,0.534076,0.545853,0.445388,0.350531,0.428755,0.555163,0.640401,0.586748,0.720996,1,0.297186,0.841906,0.736214,0.392379,0.743158,0.758186,0.830555,0.482034,0.585762,0.660779,0.396945,0.476349,0.645091,0.363983,0.288088,0.396266,0.465949,0.449369,0.537196,0.612888,0.602426,0.252921,0.257651,0.225989,0.726361,0.66696,-0.00509882,0.426878,0.742084,0.850549,0.666095,0.643808,0.681799,0.392285,0.452704,0.492728,0.441578,0.462366,0.485346,0.599934,0.755736,0.912568,0.557382,0.837974,0.67788,0.242873,0.379959,0.476483,0.816817,0.828381,0.773191,0.698954,0.489594,0.586493,0.528071,0.481841,0.576352,0.528854,0.246773,0.414098,0.633969,0.53768,0.686326,0.481021,0.456775,0.0946282,0.333183,0.858906,0.816217,0.299376,0.349093
0.519258,0.250144,0.593651,0.513842,0.239576,0.516659,-0.0142442,0.420197,0.651704,0.494207,0.534972,0.571881,0.634072,0.297186,1,0.21251,0.53803,0.617192,0.581817,0.614156,0.59299,0.155442,0.404838,0.589233,0.397032,0.47658,0.352604,0.485453,0.388767,0.118293,0.379266,0.469668,0.711857,0.673954,0.428139,-0.106048,0.391561,0.426334,0.636124,0.588784,0.222507,0.727396,0.639669,0.316962,0.636162,0.613744,0.552856,0.575672,0.277844,0.203352,0.343606,0.539454,0.615106,0.451325,0.55931,0.359725,0.275198,0.195773,0.694406,0.227458,0.282805,0.511295,0.514386,0.541188,0.623274,0.537617,0.216816,0.627391,0.322009,0.757761,0.52349,0.494681,0.375901,0.297586,0.0212046,0.720926,0.593535,0.626827,0.0723281,0.238434,0.387908,0.492465,0.388617,0.342305,0.547925
0.762587,0.924109,0.696521,0.502928,0.226661,0.414937,0.333203,0.193468,0.269273,0.407758,0.507905,0.436117,0.639218,0.841906,0.21251,1,0.685309,0.271654,0.662061,0.705203,0.755825,0.373517,0.378448,0.439627,0.307737,0.198989,0.462547,0.392101,0.17564,0.216443,0.38768,0.346005,0.344841,0.486758,0.455671,0.111042,0.0688014,0.0487559,0.570742,0.552005,0.0508099,0.177816,0.622765,0.936014,0.556663,0.480914,0.443619,0.188037,0.422414,0.288896,0.294427,0.144758,0.289854,0.536377,0.629236,0.860484,0.449049,0.95312,0.467048,0.0820504,0.240054,0.122152,0.755506,0.787502,0.702566,0.617007,0.21256,0.37207,0.254247,0.250047,0.293654,0.414026,0.285564,0.220488,0.491384,0.467976,0.563894,0.342819,0.324164,-0.0967315,0.166103,0.750363,0.762157,0.345842,0.295565
0.821522,0.634713,0.855105,0.74787,0.46534,0.615951,0.345349,0.353813,0.616499,0.783335,0.795182,0.800903,0.929314,0.736214,0.53803,0.685309,1,0.687568,0.824179,0.833729,0.860504,0.475545,0.660043,0.814062,0.605149,0.464705,0.730453,0.515561,0.438003,0.36872,0.55673,0.363516,0.69682,0.750429,0.655148,0.0365478,0.278796,0.442289,0.819836,0.788095,0.218029,0.633049,0.788099,0.732876,0.832465,0.80352,0.760502,0.580016,0.481865,0.500385,0.472766,0.570083,0.752757,0.795793,0.855344,0.74476,0.621036,0.637449,0.78875,0.298115,0.483745,0.49069,0.817943,0.903914,0.856456,0.821787,0.459261,0.769414,0.577861,0.654966,0.69072,0.618717,0.357115,0.487031,0.504843,0.713113,0.798453,0.577536,0.283502,0.136929,0.588022,0.836538,0.678318,0.365995,0.624219
0.698709,0.295142,0.742389,0.746422,0.502036,0.48216,0.148837,0.379017,0.533189,0.617462,0.712224,0.724409,0.699151,0.392379,0.617192,0.271654,0.687568,1,0.680173,0.641824,0.672132,0.399829,0.443555,0.807492,0.537737,0.493438,0.68122,0.557905,0.438187,0.295609,0.466384,0.394147,0.727254,0.662616,0.614301,0.222234,0.246294,0.42565,0.701804,0.689265,0.27008,0.751132,0.732744,0.364667,0.817082,0.733603,0.69979,0.661399,0.359117,0.399665,0.488292,0.606975,0.804816,0.591381,0.704144,0.428917,0.464811,0.261284,0.703908,0.449309,0.492296,0.674105,0.546209,0.623011,0.657712,0.596262,0.324994,0.809525,0.438225,0.604293,0.710394,0.452449,0.451982,0.371666,0.340378,0.675877,0.570377,0.688147,0.134469,0.290868,0.580488,0.6023,0.453592,0.480533,0.620046
0.790554,0.66341,0.835087,0.746994,0.507078,0.643923,0.479699,0.427585,0.600005,0.714019,0.750502,0.776019,0.860034,0.743158,0.581817,0.662061,0.824179,0.680173,1,0.737705,0.913339,0.395514,0.5545,0.778639,0.46004,0.597025,0.704355,0.452133,0.444055,0.371661,0.543497,0.494143,0.732147,0.773705,0.726956,0.209273,0.247063,0.348064,0.847838,0.731987,0.214405,0.569622,0.794989,0.662934,0.780028,0.75717,0.748791,0.461477,0.424426,0.437462,0.555494,0.543732,0.77709,0.689165,0.845439,0.743832,0.438631,0.604092,0.794736,0.367759,0.519513,0.570201,0.80555,0.835476,0.845632,0.731124,0.434532,0.721837,0.531292,0.642513,0.640642,0.613652,0.489011,0.527186,0.51175,0.700951,0.837239,0.643055,0.315367,0.249493,0.398607,0.82908,0.756702,0.465236,0.573046
0.869117,0.711718,0.829683,0.703867,0.458673,0.718508,0.174251,0.327698,0.444743,0.728812,0.765014,0.658819,0.831674,0.758186,0.614156,0.705203,0.833729,0.641824,0.737705,1,0.86085,0.5724,0.584816,0.80558,0.520209,0.506331,0.676441,0.650325,0.389569,0.330631,0.44447,0.539278,0.708007,0.710295,0.585134,0.144432,0.341463,0.335714,0.817673,0.837263,0.162306,0.628831,0.841074,0.751929,0.813583,0.742084,0.752809,0.581867,0.446743,0.430356,0.510145,0.601618,0.667703,0.705686,0.822229,0.716467,0.588899,0.666485,0.749006,0.234183,0.397099,0.53642,0.884867,0.862391,0.895593,0.842039,0.389554,0.747187,0.467978,0.609325,0.677016,0.548986,0.323136,0.390156,0.565417,0.697047,0.838405,0.671268,0.359249,0.0734131,0.458255,0.851987,0.723317,0.456676,0.611146
0.883312,0.778327,0.869388,0.796333,0.466252,0.649176,0.337809,0.348243,0.529114,0.749523,0.829481,0.71983,0.890361,0.830555,0.59299,0.755825,0.860504,0.672132,0.913339,0.86085,1,0.574093,0.587581,0.808586,0.472035,0.598368,0.681971,0.513392,0.481581,0.34029,0.564006,0.578478,0.7625,0.82213,0.713375,0.141422,0.298047,0.358724,0.878322,0.823146,0.153058,0.617865,0.851756,0.775905,0.845772,0.827865,0.767863,0.557612,0.518368,0.510883,0.526808,0.586008,0.737059,0.752685,0.924421,0.821559,0.551939,0.709419,0.847923,0.305149,0.468009,0.568391,0.902913,0.918276,0.919091,0.84464,0.425426,0.735666,0.527462,0.636825,0.682036,0.562175,0.4648,0.507254,0.573465,0.763713,0.875536,0.658933,0.296,0.176628,0.384344,0.892087,0.800327,0.424003,0.55594
0.55019,0.519475,0.430037,0.491403,0.248783,0.472967,0.170287,-0.0469403,0.0893281,0.530305,0.558639,0.450663,0.482052,0.482034,0.155442,0.373517,0.475545,0.399829,0.395514,0.5724,0.574093,1,0.379176,0.616482,0.396656,0.314606,0.513105,0.418514,0.39689,0.0992965,0.368383,0.4859,0.400263,0.493222,0.528391,0.0157862,0.33092,0.138693,0.546437,0.503769,0.102846,0.425081,0.428365,0.406474,0.484324,0.466347,0.494654,0.528428,0.254086,0.379242,0.312223,0.481582,0.4266,0.539326,0.622366,0.435012,0.248371,0.336303,0.553404,0.181992,0.380032,0.520064,0.599454,0.533608,0.62841,0.660385,0.232586,0.463211,0.458932,0.279035,0.591615,0.426824,0.16776,0.244382,0.620529,0.331487,0.561766,0.393553,0.214638,0.0138031,0.189004,0.590803,0.505036,-0.00687408,0.365349
0.614414,0.395284,0.592718,0.596476,0.560298,0.482085,0.0335883,0.386518,0.351005,0.512695,0.646248,0.54558,0.602286,0.585762,0.404838,0.378448,0.660043,0.443555,0.5545,0.584816,0.587581,0.379176,1,0.681583,0.497087,0.632603,0.729718,0.23996,0.466321,0.234469,0.49868,0.321174,0.55287,0.581028,0.485103,0.00565849,0.233754,0.576977,0.688628,0.57581,0.128063,0.600182,0.698134,0.397327,0.652935,0.620614,0.544932,0.382883,0.232722,0.387356,0.525798,0.51036,0.409229,0.346653,0.521808,0.527474,0.43349,0.359891,0.589531,0.229332,0.631956,0.490885,0.557483,0.657713,0.562651,0.618161,0.779938,0.708783,0.715239,0.569727,0.583046,0.383668,0.265272,0.385816,0.450811,0.443362,0.595923,0.508992,0.299534,0.153187,0.477471,0.572858,0.447422,0.121039,0.354512
0.837215,0.51677,0.814781,0.81949,0.648932,0.738419,0.274199,0.353793,0.589158,0.744701,0.814959,0.854916,0.8539,0.660779,0.589233,0.439627,0.814062,0.807492,0.778639,0.80558,0.808586,0.616482,0.681583,1,0.611115,0.700773,0.845903,0.526645,0.587135,0.354891,0.545011,0.595796,0.836093,0.774819,0.745406,0.226964,0.399606,0.479124,0.890547,0.818893,0.264594,0.786965,0.840037,0.511527,0.889388,0.799312,0.836779,0.745563,0.32849,0.472358,0.580015,0.70493,0.780668,0.723862,0.842109,0.624553,0.517695,0.417064,0.832434,0.444035,0.663533,0.783515,0.773017,0.785336,0.852304,0.822308,0.576292,0.943321,0.718227,0.730601,0.878888,0.648794,0.387283,0.489204,0.52211,0.746221,0.778641,0.745315,0.38629,0.260297,0.61527,0.780443,0.69286,0.360563,0.761535
0.453072,0.279396,0.511724,0.410319,0.312749,0.49113,0.273856,0.207635,0.49065,0.522457,0.360053,0.652531,0.588323,0.396945,0.397032,0.307737,0.605149,0.537737,0.46004,0.520209,0.472035,0.396656,0.497087,0.611115,1,0.258954,0.630337,0.540214,0.432124,0.288098,0.276871,0.142064,0.378532,0.445267,0.5218,-0.207331,0.102139,0.167525,0.499384,0.407472,0.0856645,0.473629,0.566712,0.397237,0.460342,0.453123,0.467797,0.384451,0.17471,0.280503,0.360935,0.364874,0.477553,0.435516,0.4138,0.45068,0.245099,0.236702,0.443403,0.248534,0.429803,0.41306,0.541919,0.611724,0.530925,0.455649,0.335066,0.591879,0.538785,0.43821,0.572726,0.467676,0.283564,0.149523,0.272687,0.484712,0.457785,0.461738,0.270979,0.226731,0.475053,0.49809,0.449561,0.223867,0.502462
0.594842,0.329631,0.547326,0.687693,0.654128,0.517075,0.150877,0.272965,0.423329,0.467757,0.657108,0.532166,0.564541,0.476349,0.47658,0.198989,0.464705,0.493438,0.597025,0.506331,0.598368,0.314606,0.632603,0.700773,0.258954,1,0.616653,0.201871,0.498604,0.388802,0.27587,0.391385,0.661539,0.478743,0.540426,0.271433,0.337874,0.549609,0.677847,0.594053,0.087441,0.608096,0.688317,0.259213,0.666974,0.616049,0.680898,0.443727,0.313633,0.385866,0.460686,0.588477,0.560295,0.375551,0.581947,0.432297,0.359727,0.234671,0.674907,0.488635,0.62164,0.647368,0.566284,0.487125,0.541244,0.466175,0.569561,0.736958,0.604869,0.518818,0.576785,0.351697,0.293662,0.414446,0.367443,0.526001,0.626367,0.538089,0.366503,0.279079,0.283117,0.526192,0.491035,0.211633,0.418036
0.747826,0.470059,0.732105,0.715922,0.675979,0.608954,0.259202,0.304005,0.376157,0.550247,0.656555,0.692478,0.68746,0.645091,0.352604,0.462547,0.730453,0.68122,0.704355,0.676441,0.681971,0.513105,0.729718,0.845903,0.630337,0.616653,1,0.563995,0.403957,0.502256,0.519596,0.394864,0.611331,0.558942,0.727484,0.261186,0.0881679,0.408885,0.751127,0.645544,0.17163,0.571765,0.774677,0.491435,0.757669,0.718515,0.746606,0.487839,0.103144,0.359737,0.477339,0.623195,0.59748,0.487981,0.657288,0.603019,0.440166,0.438908,0.623556,0.451781,0.655119,0.612961,0.667476,0.727621,0.688383,0.644519,0.58022,0.803529,0.653133,0.511316,0.757862,0.586807,0.240929,0.299599,0.607284,0.511584,0.635151,0.668054,0.501891,0.271572,0.529347,0.674809,0.671822,0.315152,0.530672
0.522294,0.409518,0.511089,0.351562,0.288527,0.431095,-0.014966,0.173846,0.22748,0.374891,0.403141,0.439391,0.50115,0.363983,0.485453,0.392101,0.515561,0.557905,0.452133,0.650325,0.513392,0.418514,0.23996,0.526645,0.540214,0.201871,0.563995,1,0.197076,0.302257,0.235679,0.336958,0.428064,0.457041,0.412139,-0.0854998,-0.0622558,0.237994,0.464132,0.491657,0.353976,0.389387,0.557387,0.533874,0.490876,0.451025,0.487994,0.405489,0.166561,0.35484,0.242834,0.450893,0.47137,0.437631,0.488055,0.432195,0.448655,0.370685,0.466968,0.311484,0.19639,0.340086,0.547305,0.511871,0.631172,0.534743,0.0309478,0.423286,0.235184,0.333338,0.458521,0.388451,0.213724,0.010396,0.318664,0.484865,0.485966,0.608782,0.341777,0.32989,0.343884,0.566809,0.525988,0.423789,0.452183
0.407794,0.237844,0.302091,0.365076,0.229775,0.45844,0.059948,0.305306,0.196056,0.517053,0.500375,0.559899,0.552167,0.288088,0.388767,0.17564,0.438003,0.438187,0.444055,0.389569,0.481581,0.39689,0.466321,0.587135,0.432124,0.498604,0.403957,0.197076,1,0.120599,0.621885,0.386607,0.56655,0.655496,0.415836,-0.0574439,0.100333,0.317936,0.518318,0.383564,0.176277,0.378798,0.453317,0.243752,0.418144,0.292091,0.340391,0.313693,0.355605,0.320765,0.501117,0.394904,0.423308,0.477131,0.435379,0.275078,0.15846,0.117481,0.425176,0.218434,0.466902,0.442304,0.498138,0.424092,0.504988,0.486277,0.466991,0.484645,0.536794,0.356878,0.444171,0.259531,0.424073,0.112158,0.207107,0.559935,0.492266,0.37945,-0.0256122,0.16276,0.113307,0.455728,0.252905,0.0519954,0.445554
0.32182,0.225063,0.273627,0.22222,0.385812,0.134933,0.217098,0.203795,0.245015,0.310648,0.33359,0.336811,0.401133,0.396266,0.118293,0.216443,0.36872,0.295609,0.371661,0.330631,0.34029,0.0992965,0.234469,0.354891,0.288098,0.388802,0.502256,0.302257,0.120599,1,0.184635,-0.0947814,0.256485,0.126058,0.314058,0.204099,-0.0932715,0.0752757,0.325993,0.27178,-0.240619,0.219066,0.331202,0.272955,0.293748,0.356373,0.564199,0.128538,0.00583103,0.201278,0.173125,0.355437,0.376515,0.347455,0.343004,0.287013,0.230992,0.224361,0.318343,0.383808,0.102148,0.271541,0.368166,0.289154,0.332087,0.184286,0.249986,0.305712,0.353114,0.177748,0.434463,0.189774,-0.0822376,0.042875,0.349996,0.181389,0.348491,0.231851,0.194963,-0.0153722,0.0393495,0.38135,0.34419,-0.0417202,0.156808
0.510437,0.363046,0.458177,0.413348,0.265338,0.397877,0.177583,0.580303,0.185503,0.549855,0.524321,0.555584,0.52981,0.465949,0.379266,0.38768,0.55673,0.466384,0.543497,0.44447,0.564006,0.368383,0.49868,0.545011,0.276871,0.27587,0.519596,0.235679,0.621885,0.184635,1,0.388328,0.552925,0.65668,0.464002,0.0511035,0.0190703,0.201151,0.514782,0.387881,0.0430051,0.414807,0.431423,0.415516,0.483224,0.408734,0.359538,0.318585,0.275729,0.227739,0.368748,0.45536,0.463596,0.50652,0.53279,0.473202,0.210789,0.348618,0.485739,0.174793,0.312061,0.423584,0.459863,0.595228,0.517026,0.516201,0.453497,0.410828,0.398835,0.420496,0.484402,0.333395,0.375591,0.151141,0.346136,0.431367,0.517682,0.354581,-0.152229,0.0401793,0.146075,0.533622,0.293716,0.106721,0.363267
0.485111,0.466764,0.497401,0.529081,0.259507,0.590989,0.126084,0.217815,0.279217,0.442619,0.466161,0.407754,0.473456,0.449369,0.469668,0.346005,0.363516,0.394147,0.494143,0.539278,0.578478,0.4859,0.321174,0.595796,0.142064,0.391385,0.394864,0.336958,0.386607,-0.0947814,0.388328,1,0.578737,0.639877,0.547314,0.120373,0.393479,0.207238,0.565975,0.59067,0.335263,0.449419,0.502399,0.352315,0.486603,0.405433,0.385136,0.531439,0.17058,0.217265,0.488576,0.415417,0.355532,0.344938,0.570719,0.401654,0.320918,0.293267,0.477578,0.157141,0.318656,0.527389,0.526362,0.450679,0.62116,0.678862,0.249683,0.505119,0.345941,0.468782,0.465729,0.490572,0.28486,0.391539,0.368656,0.489446,0.57663,0.560837,0.260881,0.199721,0.262876,0.50028,0.513983,0.325269,0.513838
0.702679,0.388245,0.732309,0.695363,0.556792,0.617833,0.144136,0.433465,0.61337,0.668796,0.752201,0.727622,0.778146,0.537196,0.711857,0.344841,0.69682,0.727254,0.732147,0.708007,0.7625,0.400263,0.55287,0.836093,0.378532,0.661539,0.611331,0.428064,0.56655,0.256485,0.552925,0.578737,1,0.80653,0.577589,0.319741,0.418012,0.555812,0.804081,0.801163,0.309838,0.768786,0.765369,0.401935,0.810601,0.715806,0.690416,0.644867,0.444946,0.453315,0.49306,0.627701,0.736504,0.670801,0.776887,0.513157,0.43109,0.332909,0.790042,0.337294,0.471572,0.686218,0.703597,0.703201,0.770255,0.713779,0.455331,0.79108,0.580677,0.80077,0.703882,0.427357,0.481292,0.496562,0.341408,0.801971,0.722138,0.677362,0.190504,0.272377,0.465974,0.705622,0.594699,0.328384,0.689028
0.703106,0.540987,0.714188,0.619062,0.359922,0.560517,0.23107,0.409036,0.530941,0.717295,0.782329,0.724426,0.827027,0.612888,0.673954,0.486758,0.750429,0.662616,0.773705,0.710295,0.82213,0.493222,0.581028,0.774819,0.445267,0.478743,0.558942,0.457041,0.655496,0.126058,0.65668,0.639877,0.80653,1,0.594981,-0.0343379,0.270431,0.518458,0.827957,0.70657,0.341662,0.655707,0.730502,0.550835,0.734556,0.646922,0.630802,0.569715,0.44275,0.45197,0.603636,0.588633,0.702795,0.700422,0.807947,0.595356,0.505271,0.440809,0.773343,0.162342,0.436526,0.582171,0.745269,0.748102,0.83829,0.791126,0.492005,0.686771,0.574267,0.766973,0.649581,0.510144,0.43598,0.418091,0.416427,0.766453,0.723267,0.670307,0.161221,0.263819,0.4689,0.779376,0.620394,0.283897,0.611361
0.655176,0.532591,0.710334,0.755397,0.549265,0.596575,0.442892,0.217029,0.461799,0.606959,0.59431,0.635295,0.652008,0.602426,0.428139,0.455671,0.655148,0.614301,0.726956,0.585134,0.713375,0.528391,0.485103,0.745406,0.5218,0.540426,0.727484,0.412139,0.415836,0.314058,0.464002,0.547314,0.577589,0.594981,1,0.213263,0.234793,0.286482,0.640904,0.609748,0.284988,0.490706,0.63672,0.490411,0.640224,0.653429,0.676311,0.538137,0.228996,0.374353,0.401818,0.607704,0.62378,0.500395,0.670007,0.610551,0.328727,0.416021,0.582582,0.374561,0.546007,0.612035,0.666798,0.690316,0.663199,0.636505,0.423982,0.675828,0.522214,0.472514,0.636257,0.673616,0.449496,0.360132,0.519753,0.497473,0.636967,0.542479,0.422781,0.32574,0.42174,0.643611,0.600929,0.310453,0.473579
0.258615,0.123901,0.268182,0.28449,0.44977,0.135769,0.164501,0.0995273,0.0429201,0.028705,0.153468,0.0774428,0.0438352,0.252921,-0.106048,0.111042,0.0365478,0.222234,0.209273,0.144432,0.141422,0.0157862,0.00565849,0.226964,-0.207331,0.271433,0.261186,-0.0854998,-0.0574439,0.204099,0.0511035,0.120373,0.319741,-0.0343379,0.213263,1,0.191763,0.0483178,0.166137,0.290865,0.0616062,0.0763723,0.185681,0.0199955,0.240273,0.194138,0.236461,0.0615326,0.104878,0.170258,-0.0463753,0.258564,0.217417,0.0244324,0.158158,0.108757,-0.000256335,0.136474,0.0923527,0.239149,0.19341,0.26511,0.123552,0.0952173,0.0460852,0.0418636,0.122901,0.251566,-0.0060663,0.0745357,0.129817,0.0535244,0.150853,0.309727,0.242185,0.0705124,0.0939892,0.182999,0.171553,0.060358,0.0246619,0.161184,0.233512,0.132091,0.0662961
0.269665,0.202731,0.3826,0.451431,0.147199,0.256383,0.200263,0.150213,0.486217,0.410485,0.419106,0.428821,0.383789,0.257651,0.391561,0.0688014,0.278796,0.246294,0.247063,0.341463,0.298047,0.33092,0.233754,0.399606,0.102139,0.337874,0.0881679,-0.0622558,0.100333,-0.0932715,0.0190703,0.393479,0.418012,0.270431,0.234793,0.191763,1,0.151409,0.41909,0.550964,0.00700953,0.552132,0.237704,0.047489,0.387737,0.38955,0.346063,0.583576,0.356722,0.175383,0.130643,0.392352,0.424574,0.318248,0.433363,0.218104,0.0507839,0.0806303,0.536362,0.305121,0.33314,0.481141,0.311046,0.26208,0.31879,0.399489,0.0709132,0.48644,0.224346,0.458631,0.392595,0.369965,0.160692,0.551015,0.134568,0.334147,0.354028,0.271394,0.029234,-0.109435,0.15215,0.287263,0.247075,-0.0327392,0.379094
0.403968,0.115525,0.367981,0.393537,0.396394,0.303114,-0.218768,0.0292226,0.33029,0.244559,0.49626,0.386,0.415939,0.225989,0.426334,0.0487559,0.442289,0.42565,0.348064,0.335714,0.358724,0.138693,0.576977,0.479124,0.167525,0.549609,0.408885,0.237994,0.317936,0.0752757,0.201151,0.207238,0.555812,0.518458,0.286482,0.0483178,0.151409,1,0.512407,0.4383,0.395938,0.494125,0.518311,0.122971,0.52201,0.461912,0.434542,0.370039,0.374339,0.412977,0.308546,0.463123,0.424854,0.23421,0.378234,0.195456,0.448232,0.119028,0.498479,0.0245172,0.405051,0.38953,0.361661,0.323447,0.405716,0.366367,0.428562,0.519022,0.450971,0.554202,0.404065,0.28818,0.0559079,0.178436,0.193486,0.530111,0.3363,0.588829,0.165151,0.471103,0.514071,0.414333,0.340676,0.0235385,0.326044
0.843738,0.605199,0.823445,0.773094,0.494621,0.669268,0.244312,0.288352,0.591356,0.699015,0.817091,0.787596,0.874289,0.726361,0.636124,0.570742,0.819836,0.701804,0.847838,0.817673,0.878322,0.546437,0.688628,0.890547,0.499384,0.677847,0.751127,0.464132,0.518318,0.325993,0.514782,0.565975,0.804081,0.827957,0.640904,0.166137,0.41909,0.512407,1,0.858366,0.177639,0.731758,0.839102,0.564027,0.880237,0.797949,0.812835,0.661273,0.386296,0.412356,0.57678,0.624963,0.751127,0.680622,0.849328,0.657774,0.509213,0.524401,0.865579,0.311037,0.577471,0.693954,0.840487,0.808538,0.905943,0.817205,0.490083,0.868974,0.624786,0.793752,0.794791,0.624856,0.349926,0.553624,0.548729,0.7995,0.79943,0.781872,0.304406,0.154095,0.542046,0.83928,0.789141,0.278572,0.731422
0.786469,0.566385,0.848755,0.831991,0.504849,0.543199,0.15944,0.315446,0.540051,0.701105,0.815586,0.681826,0.82313,0.66696,0.588784,0.552005,0.788095,0.689265,0.731987,0.837263,0.823146,0.503769,0.57581,0.818893,0.407472,0.594053,0.645544,0.491657,0.383564,0.27178,0.387881,0.59067,0.801163,0.70657,0.609748,0.290865,0.550964,0.4383,0.858366,1,0.292114,0.716505,0.773317,0.556064,0.837744,0.776851,0.724263,0.737474,0.470537,0.500417,0.445021,0.626468,0.735607,0.647286,0.83805,0.605653,0.560324,0.50601,0.78154,0.418095,0.47449,0.602157,0.768566,0.770868,0.833428,0.827854,0.336436,0.824607,0.480305,0.682799,0.680078,0.498806,0.444652,0.638717,0.569003,0.716545,0.767283,0.695765,0.303145,0.116786,0.496896,0.778987,0.670925,0.361027,0.673892
0.148327,0.0351429,0.287937,0.227533,0.315482,0.197027,-0.140574,0.136857,0.140364,0.0974558,0.162769,0.204888,0.240243,-0.00509882,0.222507,0.0508099,0.218029,0.27008,0.214405,0.162306,0.153058,0.102846,0.128063,0.264594,0.0856645,0.087441,0.17163,0.353976,0.176277,-0.240619,0.0430051,0.335263,0.309838,0.341662,0.284988,0.0616062,0.00700953,0.395938,0.177639,0.292114,1,0.086246,0.188277,0.0641905,0.223405,0.100414,0.0978635,0.241834,-0.0480004,0.237347,0.0428412,0.198557,0.21385,0.148175,0.207992,0.0233903,0.140949,-0.00641181,0.101749,0.0458646,0.259886,0.0510759,0.115497,0.129332,0.280588,0.306993,0.106776,0.229733,0.12757,0.2418,-0.00173244,0.286642,0.227805,0.197597,0.151118,0.202338,0.167222,0.324324,0.244024,0.24031,0.31862,0.204089,0.161245,0.245009,0.318081
0.628007,0.262756,0.657453,0.707195,0.423635,0.460285,0.14033,0.350524,0.691355,0.628282,0.69895,0.708716,0.672591,0.426878,0.727396,0.177816,0.633049,0.751132,0.569622,0.628831,0.617865,0.425081,0.600182,0.786965,0.473629,0.608096,0.571765,0.389387,0.378798,0.219066,0.414807,0.449419,0.768786,0.655707,0.490706,0.0763723,0.552132,0.494125,0.731758,0.716505,0.086246,1,0.707758,0.296937,0.781159,0.750863,0.693786,0.778905,0.385852,0.3348,0.465212,0.608711,0.691615,0.504347,0.665933,0.43328,0.439762,0.211931,0.835544,0.427159,0.524413,0.794669,0.511847,0.625007,0.621923,0.626268,0.341095,0.822259,0.622953,0.825829,0.804492,0.432781,0.348906,0.470084,0.278376,0.631567,0.559954,0.615042,0.183927,0.141492,0.626052,0.590778,0.418985,0.218357,0.659654
0.91136,0.637357,0.869019,0.776269,0.627514,0.674287,0.203106,0.363725,0.576925,0.567634,0.771865,0.682629,0.797959,0.742084,0.639669,0.622765,0.788099,0.732744,0.794989,0.841074,0.851756,0.428365,0.698134,0.840037,0.566712,0.688317,0.774677,0.557387,0.453317,0.331202,0.431423,0.502399,0.765369,0.730502,0.63672,0.185681,0.237704,0.518311,0.839102,0.773317,0.188277,0.707758,1,0.690195,0.907542,0.829886,0.764589,0.526924,0.424844,0.376787,0.508534,0.586898,0.65551,0.600632,0.777099,0.758652,0.563668,0.617468,0.779682,0.371353,0.563345,0.576669,0.813333,0.848802,0.828885,0.735158,0.508509,0.855825,0.58919,0.68247,0.729481,0.518276,0.352187,0.365383,0.43921,0.792136,0.73736,0.731652,0.418894,0.266869,0.547915,0.783433,0.768949,0.462017,0.556417
0.793666,0.923379,0.696963,0.517355,0.28924,0.435676,0.350841,0.27099,0.343484,0.471607,0.564574,0.497279,0.679124,0.850549,0.316962,0.936014,0.732876,0.364667,0.662934,0.751929,0.775905,0.406474,0.397327,0.511527,0.397237,0.259213,0.491435,0.533874,0.243752,0.272955,0.415516,0.352315,0.401935,0.550835,0.490411,0.0199955,0.047489,0.122971,0.564027,0.556064,0.0641905,0.296937,0.690195,1,0.596586,0.527906,0.523622,0.289567,0.50568,0.396977,0.352165,0.253131,0.372483,0.613938,0.682803,0.900211,0.596358,0.940848,0.570329,0.19016,0.225754,0.236154,0.763112,0.811458,0.745228,0.644041,0.243325,0.426787,0.356243,0.319218,0.38781,0.431338,0.29209,0.188016,0.442731,0.522829,0.598701,0.378081,0.393275,0.0535171,0.249223,0.792802,0.739497,0.387992,0.31394
0.920528,0.568876,0.906672,0.8794,0.598711,0.595098,0.177902,0.332623,0.591498,0.628859,0.865864,0.74418,0.837558,0.666095,0.636162,0.556663,0.832465,0.817082,0.780028,0.813583,0.845772,0.484324,0.652935,0.889388,0.460342,0.666974,0.757669,0.490876,0.418144,0.293748,0.483224,0.486603,0.810601,0.734556,0.640224,0.240273,0.387737,0.52201,0.880237,0.837744,0.223405,0.781159,0.907542,0.596586,1,0.904127,0.823581,0.694704,0.403655,0.380428,0.455434,0.610833,0.747542,0.706608,0.865749,0.697072,0.569348,0.562659,0.857096,0.439745,0.618346,0.629697,0.756782,0.82856,0.825009,0.783499,0.473368,0.915355,0.564366,0.722111,0.768977,0.559178,0.368942,0.477762,0.43345,0.790733,0.70495,0.694904,0.327654,0.145559,0.605592,0.746706,0.719496,0.423119,0.660387
0.812609,0.512039,0.84968,0.825479,0.553902,0.556065,0.230325,0.281023,0.611683,0.631487,0.795809,0.663307,0.788557,0.643808,0.613744,0.480914,0.80352,0.733603,0.75717,0.742084,0.827865,0.466347,0.620614,0.799312,0.453123,0.616049,0.718515,0.451025,0.292091,0.356373,0.408734,0.405433,0.715806,0.646922,0.653429,0.194138,0.38955,0.461912,0.797949,0.776851,0.100414,0.750863,0.829886,0.527906,0.904127,1,0.81016,0.663139,0.345606,0.457243,0.317021,0.702104,0.761243,0.649921,0.822244,0.660705,0.505405,0.477165,0.839907,0.429152,0.563769,0.578161,0.702012,0.79936,0.727846,0.746476,0.423164,0.820663,0.464633,0.670781,0.77206,0.578564,0.293525,0.516536,0.404689,0.689222,0.711755,0.611397,0.304646,0.215206,0.55228,0.675159,0.646446,0.370835,0.49298
0.782756,0.519804,0.763481,0.748487,0.59175,0.56875,0.351435,0.289218,0.592557,0.601434,0.760766,0.725751,0.798366,0.681799,0.552856,0.443619,0.760502,0.69979,0.748791,0.752809,0.767863,0.494654,0.544932,0.836779,0.467797,0.680898,0.746606,0.487994,0.340391,0.564199,0.359538,0.385136,0.690416,0.630802,0.676311,0.236461,0.346063,0.434542,0.812835,0.724263,0.0978635,0.693786,0.764589,0.523622,0.823581,0.81016,1,0.649385,0.291543,0.424051,0.43654,0.680114,0.765254,0.669668,0.804254,0.613069,0.485982,0.456516,0.82326,0.460272,0.55981,0.666625,0.73182,0.736667,0.765338,0.68976,0.432965,0.810155,0.615632,0.677903,0.783035,0.620872,0.229311,0.464193,0.499035,0.627697,0.6861,0.590025,0.424603,0.165251,0.533091,0.733669,0.683009,0.342436,0.568167
0.575874,0.323397,0.577855,0.706209,0.414887,0.441963,0.100647,0.214428,0.546704,0.556468,0.623454,0.67711,0.642948,0.392285,0.575672,0.188037,0.580016,0.661399,0.461477,0.581867,0.557612,0.528428,0.382883,0.745563,0.384451,0.443727,0.487839,0.405489,0.313693,0.128538,0.318585,0.531439,0.644867,0.569715,0.538137,0.0615326,0.583576,0.370039,0.661273,0.737474,0.241834,0.778905,0.526924,0.289567,0.694704,0.663139,0.649385,1,0.311267,0.424222,0.339459,0.579473,0.629513,0.59014,0.689014,0.406866,0.488469,0.226414,0.73754,0.352308,0.432719,0.675252,0.458396,0.523988,0.641277,0.671134,0.205464,0.734179,0.452138,0.627252,0.705221,0.600069,0.231983,0.423472,0.415282,0.570456,0.489977,0.526289,0.306764,0.188896,0.592448,0.559554,0.430089,0.205949,0.687911
0.45993,0.484081,0.384789,0.382775,0.117334,0.266002,0.22351,0.139178,0.321925,0.479794,0.496815,0.448581,0.484429,0.452704,0.277844,0.422414,0.481865,0.359117,0.424426,0.446743,0.518368,0.254086,0.232722,0.32849,0.17471,0.313633,0.103144,0.166561,0.355605,0.00583103,0.275729,0.17058,0.444946,0.44275,0.228996,0.104878,0.356722,0.374339,0.386296,0.470537,-0.0480004,0.385852,0.424844,0.50568,0.403655,0.345606,0.291543,0.311267,1,0.507885,0.306527,0.254686,0.474944,0.468676,0.49541,0.502955,0.452324,0.48616,0.526537,0.0721679,0.141936,0.31563,0.524731,0.492289,0.427797,0.349519,0.081095,0.306472,0.197339,0.281732,0.25025,0.143735,0.412202,0.254924,0.258592,0.546909,0.443685,0.264555,-0.0849065,0.209955,0.134683,0.587914,0.341697,0.176575,0.263407
0.392997,0.440651,0.393004,0.444865,0.431703,0.292837,0.125136,0.201208,0.262955,0.540139,0.520223,0.411702,0.485199,0.492728,0.203352,0.288896,0.500385,0.399665,0.437462,0.430356,0.510883,0.379242,0.387356,0.472358,0.280503,0.385866,0.359737,0.35484,0.320765,0.201278,0.227739,0.217265,0.453315,0.45197,0.374353,0.170258,0.175383,0.412977,0.412356,0.500417,0.237347,0.3348,0.376787,0.396977,0.380428,0.457243,0.424051,0.424222,0.507885,1,0.287751,0.491471,0.518466,0.449205,0.520974,0.433718,0.594925,0.281185,0.512445,0.25158,0.20578,0.36358,0.428756,0.412647,0.446176,0.523949,0.401943,0.384401,0.31733,0.258665,0.302962,0.270849,0.378405,0.405435,0.438962,0.359427,0.486152,0.316023,0.214332,0.496087,0.305969,0.588351,0.325253,0.235588,0.209792
0.42186,0.372315,0.353833,0.411752,0.253259,0.424531,0.1403,0.240628,0.230574,0.607835,0.524212,0.498558,0.510939,0.441578,0.343606,0.294427,0.472766,0.488292,0.555494,0.510145,0.526808,0.312223,0.525798,0.580015,0.360935,0.460686,0.477339,0.242834,0.501117,0.173125,0.368748,0.488576,0.49306,0.603636,0.401818,-0.0463753,0.130643,0.308546,0.57678,0.445021,0.0428412,0.465212,0.508534,0.352165,0.455434,0.317021,0.43654,0.339459,0.306527,0.287751,1,0.233721,0.373811,0.400538,0.516455,0.363049,0.519686,0.295125,0.464806,0.152191,0.353678,0.631321,0.511924,0.465692,0.583905,0.51301,0.507058,0.505798,0.671166,0.462937,0.513048,0.231309,0.342825,0.271657,0.384479,0.387122,0.538587,0.470509,0.23645,0.130037,0.383097,0.542526,0.377642,0.326245,0.474162
0.547711,0.276496,0.597312,0.571754,0.63846,0.545601,0.214885,0.415727,0.443371,0.60571,0.638901,0.541232,0.577525,0.462366,0.539454,0.144758,0.570083,0.606975,0.543732,0.601618,0.586008,0.481582,0.51036,0.70493,0.364874,0.588477,0.623195,0.450893,0.394904,0.355437,0.45536,0.415417,0.627701,0.588633,0.607704,0.258564,0.392352,0.463123,0.624963,0.626468,0.198557,0.608711,0.586898,0.253131,0.610833,0.702104,0.680114,0.579473,0.254686,0.491471,0.233721,1,0.762506,0.541706,0.654094,0.402317,0.366777,0.130661,0.6794,0.386012,0.466034,0.63207,0.562825,0.519343,0.571365,0.611082,0.463636,0.662826,0.360756,0.575697,0.701768,0.516754,0.135425,0.401038,0.398927,0.494679,0.663849,0.595555,0.198836,0.368111,0.352427,0.549966,0.415033,0.122344,0.339041
0.646445,0.337176,0.747051,0.707873,0.508179,0.567916,0.408879,0.403867,0.618054,0.795836,0.763793,0.791255,0.79087,0.485346,0.615106,0.289854,0.752757,0.804816,0.77709,0.667703,0.737059,0.4266,0.409229,0.780668,0.477553,0.560295,0.59748,0.47137,0.423308,0.376515,0.463596,0.355532,0.736504,0.702795,0.62378,0.217417,0.424574,0.424854,0.751127,0.735607,0.21385,0.691615,0.65551,0.372483,0.747542,0.761243,0.765254,0.629513,0.474944,0.518466,0.373811,0.762506,1,0.720735,0.802714,0.472179,0.430553,0.244296,0.81821,0.463781,0.415925,0.660123,0.661269,0.657399,0.709459,0.623501,0.345344,0.7557,0.385298,0.653272,0.688892,0.56744,0.398794,0.582333,0.438925,0.694312,0.756316,0.636207,0.0874991,0.316852,0.48508,0.702732,0.505825,0.38607,0.614045
