1,0.950011,0.975572,0.944932,0.881383,0.88101,0.759647,0.780496,0.769974,0.722472,0.910043,0.694176,0.804379,0.95666,0.81209,0.89808,0.906941,0.878062,0.81112,0.881159,0.889456,0.771306,0.857472,0.90507,0.769841,0.804738,0.905771,0.84713,0.612787,0.574364,0.57659,0.552235,0.806671,0.802705,0.679716,0.598215,0.524839,0.665016,0.900952,0.793501,0.549125,0.796649,0.961812,0.924871,0.958951,0.853341,0.893035,0.89341,0.829842,0.837202,0.690287,0.764781,0.794148,0.708024,0.886325,0.943398,0.813936,0.871787,0.933965,0.599339,0.604306,0.769902,0.844864,0.917001,0.907959,0.824234,0.904581,0.945239,0.737787,0.854933,0.92002,0.824673,0.390695,0.513681,0.691278,0.791039,0.866704,0.83083,0.681496,0.636336,0.734641,0.917276,0.792236,0.636435,0.808711
0.950011,1,0.925423,0.93823,0.915891,0.881229,0.669657,0.737744,0.785129,0.737583,0.891739,0.732166,0.852112,0.948933,0.821623,0.912796,0.885413,0.840339,0.785761,0.830823,0.877115,0.746476,0.82298,0.86107,0.775128,0.7878,0.871521,0.851761,0.594914,0.588522,0.513416,0.55737,0.772253,0.765503,0.697844,0.548355,0.428292,0.674647,0.852843,0.763489,0.591804,0.785792,0.91795,0.952147,0.919374,0.847296,0.880988,0.863814,0.822166,0.804092,0.568378,0.761338,0.796988,0.762632,0.918682,0.961372,0.808997,0.90589,0.924924,0.659945,0.72168,0.709742,0.856655,0.901596,0.882946,0.78723,0.887984,0.911105,0.717198,0.774514,0.903238,0.765154,0.366711,0.535955,0.715005,0.760284,0.830406,0.773547,0.71933,0.659079,0.751267,0.872614,0.7314,0.584167,0.729642
0.975572,0.925423,1,0.947449,0.892665,0.880242,0.761609,0.779337,0.745254,0.748864,0.913165,0.730369,0.836512,0.956399,0.776589,0.89897,0.928264,0.877389,0.837624,0.924614,0.923057,0.767028,0.871198,0.932722,0.751742,0.803677,0.912996,0.864234,0.639069,0.571565,0.614796,0.61477,0.849831,0.844631,0.731186,0.623966,0.496333,0.722635,0.938976,0.826433,0.554635,0.826355,0.962807,0.898752,0.976619,0.901418,0.883354,0.866579,0.793361,0.827806,0.725273,0.7924,0.844913,0.746995,0.901953,0.916293,0.774647,0.880389,0.965827,0.615252,0.598329,0.780773,0.843401,0.936533,0.936789,0.844236,0.925794,0.967499,0.716899,0.888003,0.94787,0.84473,0.456271,0.541989,0.754553,0.849973,0.887161,0.863635,0.655535,0.662916,0.772659,0.957566,0.829604,0.624913,0.831049
0.944932,0.93823,0.947449,1,0.890201,0.846924,0.714084,0.7671,0.736718,0.740279,0.90188,0.764796,0.854103,0.940131,0.806354,0.930107,0.918216,0.840027,0.850641,0.888521,0.892497,0.763423,0.835883,0.903902,0.773858,0.80187,0.885473,0.906013,0.596511,0.604252,0.564464,0.600254,0.811079,0.835418,0.735366,0.544771,0.529198,0.649674,0.915544,0.833864,0.554149,0.835033,0.907089,0.893184,0.939091,0.864988,0.889886,0.865991,0.776835,0.818499,0.627904,0.82228,0.841762,0.751971,0.893745,0.907524,0.762283,0.902168,0.928032,0.596616,0.633978,0.717355,0.862381,0.923485,0.905651,0.773254,0.862585,0.919141,0.726402,0.814402,0.910592,0.748784,0.355924,0.522477,0.734044,0.809692,0.847692,0.77323,0.678319,0.737243,0.758249,0.916673,0.827159,0.543706,0.775377
0.881383,0.915891,0.892665,0.890201,1,0.82979,0.603508,0.746115,0.648022,0.718609,0.83765,0.707326,0.833627,0.904328,0.732958,0.861497,0.888975,0.843153,0.762117,0.859649,0.865245,0.749014,0.783832,0.866043,0.806377,0.715697,0.891015,0.851446,0.661785,0.683277,0.561526,0.480663,0.775375,0.816621,0.681473,0.510914,0.404269,0.686651,0.888671,0.848547,0.4991,0.780419,0.851981,0.865756,0.889779,0.870925,0.890415,0.875968,0.741202,0.710699,0.557924,0.716532,0.772111,0.711791,0.854916,0.855386,0.714588,0.874117,0.886307,0.645888,0.628412,0.716824,0.804368,0.886524,0.877901,0.70354,0.847487,0.886063,0.703839,0.72676,0.893844,0.748389,0.400582,0.54333,0.776605,0.753543,0.820946,0.787422,0.710104,0.659896,0.728036,0.879164,0.799362,0.526496,0.746216
0.88101,0.881229,0.880242,0.846924,0.82979,1,0.714723,0.711215,0.785141,0.732828,0.80319,0.614158,0.751571,0.906586,0.805968,0.812598,0.823695,0.726795,0.72266,0.806529,0.814103,0.732593,0.852473,0.846279,0.621017,0.743492,0.864199,0.757285,0.52265,0.521232,0.476994,0.577119,0.767807,0.719553,0.656794,0.653695,0.507025,0.673222,0.837845,0.746697,0.545803,0.668356,0.922912,0.89558,0.878552,0.793951,0.846605,0.839168,0.70629,0.790216,0.677927,0.721087,0.735291,0.576535,0.848535,0.85616,0.821762,0.833253,0.853759,0.545403,0.662698,0.778229,0.766277,0.872844,0.814659,0.718375,0.892944,0.877879,0.677798,0.769164,0.87606,0.767228,0.290372,0.589413,0.656162,0.734951,0.81568,0.805798,0.711292,0.551873,0.74931,0.875376,0.710625,0.558891,0.732504
0.759647,0.669657,0.761609,0.714084,0.603508,0.714723,1,0.736856,0.580894,0.543475,0.655742,0.580875,0.649131,0.751564,0.585664,0.735225,0.725419,0.612537,0.632103,0.750714,0.703704,0.676308,0.734729,0.7202,0.518896,0.651559,0.768952,0.618223,0.444522,0.383657,0.510044,0.671574,0.643753,0.665175,0.655944,0.4013,0.490309,0.601528,0.74971,0.593938,0.4991,0.669269,0.77006,0.68816,0.768634,0.722478,0.675095,0.721494,0.632658,0.714474,0.611016,0.598924,0.625499,0.549798,0.649534,0.695522,0.576412,0.693669,0.690563,0.468968,0.338389,0.522625,0.623588,0.721956,0.710341,0.680517,0.709033,0.75047,0.619002,0.667508,0.731211,0.685632,0.35989,0.393635,0.474644,0.623741,0.692104,0.648499,0.477203,0.336147,0.639668,0.714048,0.678252,0.612753,0.752456
0.780496,0.737744,0.779337,0.7671,0.746115,0.711215,0.736856,1,0.574628,0.473523,0.698254,0.594647,0.744507,0.808308,0.618194,0.745023,0.767385,0.75506,0.673807,0.744416,0.739043,0.732315,0.766086,0.801755,0.611309,0.682279,0.836439,0.692272,0.490816,0.513668,0.652441,0.455631,0.62466,0.731723,0.572742,0.399541,0.484143,0.677162,0.7715,0.715816,0.394552,0.76313,0.759701,0.746887,0.764377,0.738777,0.736815,0.75447,0.690081,0.804826,0.541844,0.643253,0.664922,0.578027,0.726385,0.747074,0.624854,0.738191,0.724269,0.643978,0.503966,0.641541,0.600043,0.761417,0.767302,0.687822,0.773,0.783942,0.590255,0.674837,0.799753,0.665348,0.378711,0.426947,0.591788,0.659265,0.72368,0.728387,0.546482,0.539019,0.6612,0.743705,0.719429,0.486542,0.729914
0.769974,0.785129,0.745254,0.736718,0.648022,0.785141,0.580894,0.574628,1,0.548365,0.682276,0.493483,0.65055,0.827931,0.760493,0.769624,0.65692,0.697476,0.646604,0.606127,0.705518,0.513946,0.69183,0.662133,0.502842,0.720506,0.651967,0.5963,0.501922,0.450399,0.353828,0.522519,0.57096,0.584997,0.552406,0.570795,0.332995,0.628321,0.650253,0.609281,0.530327,0.470985,0.799486,0.832081,0.708197,0.660212,0.660083,0.626354,0.670193,0.82504,0.489365,0.588683,0.633026,0.547014,0.781894,0.811469,0.712353,0.750179,0.725362,0.526125,0.655897,0.602508,0.678685,0.680478,0.688239,0.704072,0.698015,0.742254,0.630391,0.664776,0.712837,0.720564,0.176006,0.389672,0.434519,0.62878,0.645338,0.660861,0.720477,0.412257,0.606531,0.683367,0.545161,0.452932,0.569835
0.722472,0.737583,0.748864,0.740279,0.718609,0.732828,0.543475,0.473523,0.548365,1,0.807289,0.643017,0.725365,0.689635,0.645894,0.777038,0.757214,0.469974,0.700327,0.786274,0.783184,0.664618,0.595917,0.685318,0.563637,0.72687,0.727038,0.670488,0.546603,0.461088,0.29036,0.537686,0.816698,0.718872,0.70536,0.609015,0.384769,0.582601,0.78486,0.755774,0.591226,0.655848,0.745043,0.726829,0.758649,0.749825,0.667427,0.615478,0.521469,0.519267,0.391412,0.760686,0.791942,0.659739,0.747232,0.676545,0.520218,0.778805,0.778691,0.629042,0.531888,0.579997,0.829444,0.809295,0.771209,0.704714,0.719217,0.715235,0.568602,0.679218,0.708417,0.620465,0.485828,0.542802,0.580694,0.718996,0.814982,0.611089,0.699559,0.510441,0.490951,0.772163,0.672762,0.626793,0.73405
0.910043,0.891739,0.913165,0.90188,0.83765,0.80319,0.655742,0.698254,0.682276,0.807289,1,0.718018,0.820408,0.87925,0.78094,0.890433,0.870112,0.760294,0.82605,0.847144,0.882226,0.725335,0.742449,0.835846,0.746951,0.753481,0.82318,0.787041,0.535798,0.511858,0.549597,0.55647,0.811226,0.800097,0.688328,0.577315,0.367338,0.612616,0.871956,0.775558,0.549326,0.805265,0.874043,0.872378,0.909758,0.82924,0.808968,0.774268,0.731219,0.700889,0.592459,0.81378,0.81491,0.738172,0.835784,0.884337,0.747257,0.867853,0.91261,0.63626,0.569102,0.733548,0.878772,0.911769,0.906028,0.840759,0.84991,0.886231,0.665134,0.780247,0.85872,0.708724,0.485193,0.504724,0.675686,0.802864,0.849896,0.708467,0.658995,0.692943,0.665636,0.845902,0.761898,0.639135,0.798285
0.694176,0.732166,0.730369,0.764796,0.707326,0.614158,0.580875,0.594647,0.493483,0.643017,0.718018,1,0.905999,0.668217,0.41365,0.812183,0.851153,0.64178,0.868126,0.826269,0.866832,0.770662,0.659401,0.761148,0.534841,0.715173,0.742178,0.800297,0.569712,0.477749,0.374035,0.646659,0.803119,0.843357,0.78053,0.281962,0.504858,0.741978,0.774806,0.723874,0.517836,0.722674,0.66095,0.651072,0.716213,0.758443,0.687172,0.636191,0.614922,0.59027,0.421575,0.740838,0.749983,0.891166,0.794243,0.690659,0.485801,0.831923,0.766663,0.642351,0.584737,0.520649,0.824588,0.801085,0.821954,0.645527,0.702717,0.757927,0.459543,0.731924,0.716628,0.616096,0.633154,0.508363,0.669309,0.774419,0.807569,0.652602,0.556698,0.598748,0.684613,0.753091,0.79925,0.411365,0.711238
0.804379,0.852112,0.836512,0.854103,0.833627,0.751571,0.649131,0.744507,0.65055,0.725365,0.820408,0.905999,1,0.817066,0.618324,0.889548,0.910594,0.750287,0.868214,0.900148,0.915141,0.83306,0.788161,0.868053,0.640699,0.782919,0.841596,0.843766,0.622568,0.588413,0.515247,0.701705,0.837097,0.866834,0.822696,0.427257,0.468991,0.837292,0.867796,0.847171,0.63121,0.815004,0.7914,0.778932,0.826104,0.850321,0.798895,0.717909,0.723233,0.711901,0.486635,0.76137,0.83902,0.859782,0.895227,0.794103,0.626781,0.904196,0.861377,0.769098,0.689471,0.614336,0.830782,0.890125,0.906804,0.754731,0.809732,0.87394,0.560279,0.779991,0.83646,0.724597,0.606709,0.546696,0.732203,0.809041,0.877241,0.730536,0.721308,0.694065,0.743292,0.830271,0.850299,0.51443,0.788499
0.95666,0.948933,0.956399,0.940131,0.904328,0.906586,0.751564,0.808308,0.827931,0.689635,0.87925,0.668217,0.817066,1,0.860914,0.907773,0.892955,0.869487,0.795004,0.856557,0.874351,0.727325,0.8725,0.895302,0.785636,0.775294,0.895463,0.81006,0.570238,0.562203,0.632882,0.57678,0.772477,0.790861,0.692068,0.581963,0.45245,0.702049,0.888416,0.802972,0.550851,0.780832,0.954006,0.945154,0.944361,0.886639,0.894848,0.900049,0.793364,0.867284,0.661707,0.736444,0.79111,0.702408,0.891695,0.946329,0.826523,0.891948,0.922166,0.585921,0.659465,0.747193,0.817663,0.90405,0.890888,0.791135,0.894927,0.945288,0.745276,0.816423,0.9452,0.820498,0.324125,0.549344,0.707434,0.79035,0.827029,0.819773,0.703411,0.642509,0.780675,0.902785,0.778937,0.592819,0.77174
0.81209,0.821623,0.776589,0.806354,0.732958,0.805968,0.585664,0.618194,0.760493,0.645894,0.78094,0.41365,0.618324,0.860914,1,0.725049,0.679711,0.632376,0.570916,0.640215,0.634252,0.495811,0.697956,0.677511,0.684964,0.571227,0.688613,0.582431,0.34778,0.351634,0.54198,0.475346,0.577631,0.577383,0.521596,0.474675,0.360075,0.410932,0.66704,0.6565,0.476346,0.610197,0.800414,0.84358,0.770598,0.725379,0.748899,0.755013,0.559148,0.768922,0.46137,0.60231,0.615846,0.440305,0.69382,0.813699,0.841054,0.699629,0.749643,0.41782,0.594679,0.541302,0.668427,0.728596,0.679253,0.612563,0.693076,0.772462,0.565591,0.58254,0.745837,0.598836,0.0436293,0.417671,0.481242,0.560669,0.635062,0.610735,0.654842,0.510435,0.597601,0.697749,0.562589,0.52817,0.547636
0.89808,0.912796,0.89897,0.930107,0.861497,0.812598,0.735225,0.745023,0.769624,0.777038,0.890433,0.812183,0.889548,0.907773,0.725049,1,0.912633,0.804105,0.877591,0.88786,0.941893,0.807896,0.770455,0.857222,0.725382,0.871176,0.86926,0.844123,0.657309,0.554396,0.54423,0.589186,0.831427,0.855425,0.775339,0.513231,0.455347,0.760288,0.911263,0.821795,0.570815,0.802236,0.875405,0.900907,0.897242,0.867665,0.844992,0.81016,0.755266,0.774526,0.539259,0.77519,0.820456,0.836325,0.91466,0.900627,0.644651,0.970379,0.90015,0.669933,0.641458,0.659831,0.916527,0.908883,0.915073,0.82774,0.834966,0.883055,0.759786,0.799921,0.878891,0.782538,0.481642,0.553643,0.711309,0.84678,0.876901,0.740161,0.726534,0.646885,0.716891,0.880796,0.821146,0.597214,0.827818
0.906941,0.885413,0.928264,0.918216,0.888975,0.823695,0.725419,0.767385,0.65692,0.757214,0.870112,0.851153,0.910594,0.892955,0.679711,0.912633,1,0.819436,0.918208,0.949221,0.949442,0.853602,0.848597,0.920838,0.693654,0.841065,0.928036,0.876133,0.638286,0.63158,0.558166,0.611895,0.888479,0.899271,0.799103,0.509035,0.533999,0.810585,0.946386,0.885462,0.588204,0.817805,0.885898,0.840902,0.915859,0.878732,0.85502,0.836557,0.753854,0.768396,0.572033,0.817147,0.845637,0.843592,0.893663,0.846935,0.653053,0.92223,0.910651,0.680522,0.649823,0.692192,0.870431,0.93844,0.946365,0.812294,0.874185,0.916331,0.659462,0.852873,0.917358,0.839897,0.566407,0.600853,0.743335,0.863124,0.917957,0.835889,0.683651,0.69149,0.738359,0.935398,0.90179,0.590978,0.874711
0.878062,0.840339,0.877389,0.840027,0.843153,0.726795,0.612537,0.75506,0.697476,0.469974,0.760294,0.64178,0.750287,0.869487,0.632376,0.804105,0.819436,1,0.721192,0.784926,0.80115,0.676283,0.773151,0.840776,0.696809,0.737703,0.822004,0.78111,0.665016,0.64036,0.587907,0.473755,0.694014,0.735813,0.562499,0.50419,0.437814,0.671863,0.814291,0.760843,0.444769,0.733298,0.830425,0.790836,0.860128,0.739448,0.836646,0.801928,0.766827,0.770471,0.660146,0.635799,0.665563,0.647922,0.803367,0.828633,0.696952,0.797575,0.830582,0.544419,0.545267,0.707976,0.696416,0.808272,0.842517,0.727513,0.798699,0.858679,0.70031,0.805572,0.82552,0.793541,0.37776,0.382956,0.726638,0.75783,0.759358,0.786178,0.562244,0.575532,0.694352,0.83433,0.769755,0.485644,0.693123
0.81112,0.785761,0.837624,0.850641,0.762117,0.72266,0.632103,0.673807,0.646604,0.700327,0.82605,0.868126,0.868214,0.795004,0.570916,0.877591,0.918208,0.721192,1,0.893762,0.923156,0.80632,0.74637,0.857032,0.60233,0.800134,0.833767,0.824225,0.591224,0.533812,0.481869,0.589,0.898699,0.88615,0.789428,0.485529,0.566642,0.776091,0.889656,0.833185,0.574483,0.693299,0.797895,0.740037,0.818582,0.819052,0.755848,0.7203,0.64505,0.672403,0.549079,0.814761,0.805546,0.856599,0.840688,0.765368,0.550843,0.869353,0.833637,0.656888,0.572948,0.643516,0.874831,0.886825,0.912271,0.769991,0.782696,0.8379,0.597631,0.821561,0.844623,0.733741,0.554099,0.63055,0.642058,0.879397,0.900591,0.764318,0.622011,0.661685,0.675085,0.852343,0.883964,0.43543,0.842325
0.881159,0.830823,0.924614,0.888521,0.859649,0.806529,0.750714,0.744416,0.606127,0.786274,0.847144,0.826269,0.900148,0.856557,0.640215,0.88786,0.949221,0.784926,0.893762,1,0.942962,0.853116,0.836748,0.935985,0.684031,0.798035,0.913999,0.856731,0.696819,0.57316,0.589817,0.678416,0.932183,0.9043,0.831785,0.535748,0.577558,0.797946,0.971981,0.915446,0.597404,0.826041,0.878497,0.773678,0.922531,0.912925,0.863591,0.815245,0.689229,0.702782,0.671079,0.791894,0.842383,0.779786,0.861512,0.787461,0.623596,0.876636,0.908659,0.667163,0.53458,0.701023,0.862793,0.944568,0.958727,0.786483,0.869984,0.929903,0.643807,0.884268,0.895858,0.818397,0.585283,0.621079,0.758144,0.873542,0.950083,0.845374,0.658969,0.64523,0.733076,0.942979,0.946169,0.595148,0.885729
0.889456,0.877115,0.923057,0.892497,0.865245,0.814103,0.703704,0.739043,0.705518,0.783184,0.882226,0.866832,0.915141,0.874351,0.634252,0.941893,0.949442,0.80115,0.923156,0.942962,1,0.864174,0.789132,0.905362,0.69735,0.853535,0.895772,0.877217,0.677942,0.573575,0.568787,0.620731,0.891522,0.917193,0.798175,0.54786,0.497248,0.849213,0.942536,0.863247,0.605404,0.797598,0.884463,0.855848,0.90307,0.898453,0.820763,0.774191,0.740292,0.755398,0.600338,0.790804,0.868771,0.877509,0.919706,0.859574,0.627988,0.949748,0.929666,0.728312,0.654162,0.712096,0.901237,0.935189,0.955819,0.855532,0.894134,0.927498,0.691884,0.855199,0.903682,0.817379,0.6129,0.59317,0.738828,0.908154,0.931803,0.837623,0.703564,0.657563,0.760146,0.926249,0.871155,0.579581,0.876902
0.771306,0.746476,0.767028,0.763423,0.749014,0.732593,0.676308,0.732315,0.513946,0.664618,0.725335,0.770662,0.83306,0.727325,0.495811,0.807896,0.853602,0.676283,0.80632,0.853116,0.864174,1,0.68274,0.826932,0.631719,0.751395,0.842987,0.77369,0.555441,0.571805,0.489622,0.519265,0.783432,0.79058,0.718653,0.49953,0.541556,0.768375,0.864773,0.808311,0.580656,0.734856,0.764858,0.723103,0.771874,0.740055,0.719346,0.734044,0.661475,0.59839,0.575033,0.617993,0.717914,0.7404,0.779031,0.70538,0.537725,0.834169,0.751642,0.657591,0.536901,0.660494,0.758729,0.849978,0.822758,0.677819,0.75767,0.796783,0.650508,0.740075,0.760672,0.697429,0.573829,0.545585,0.601418,0.735837,0.857587,0.703518,0.614642,0.554736,0.60466,0.802139,0.81721,0.460871,0.801147
0.857472,0.82298,0.871198,0.835883,0.783832,0.852473,0.734729,0.766086,0.69183,0.595917,0.742449,0.659401,0.788161,0.8725,0.697956,0.770455,0.848597,0.773151,0.74637,0.836748,0.789132,0.68274,1,0.89676,0.570445,0.701388,0.853996,0.761535,0.452394,0.481715,0.491712,0.639907,0.779435,0.719773,0.741649,0.455973,0.498388,0.705913,0.838755,0.741406,0.496494,0.743576,0.889701,0.791046,0.875581,0.808551,0.849939,0.796825,0.733117,0.781528,0.634332,0.742574,0.781592,0.613871,0.832883,0.8052,0.736835,0.75047,0.834219,0.512417,0.565914,0.668361,0.707936,0.838796,0.825414,0.696281,0.888851,0.875543,0.547174,0.812945,0.890252,0.768405,0.373327,0.631739,0.678574,0.724212,0.788911,0.770241,0.625771,0.627247,0.750887,0.84414,0.765439,0.562594,0.781372
0.90507,0.86107,0.932722,0.903902,0.866043,0.846279,0.7202,0.801755,0.662133,0.685318,0.835846,0.761148,0.868053,0.895302,0.677511,0.857222,0.920838,0.840776,0.857032,0.935985,0.905362,0.826932,0.89676,1,0.70378,0.808836,0.926469,0.873386,0.575402,0.553893,0.628813,0.620357,0.846383,0.821451,0.731834,0.552329,0.537885,0.784793,0.938601,0.840461,0.560304,0.813763,0.928457,0.818647,0.934233,0.860336,0.900094,0.823995,0.744797,0.753859,0.706788,0.754512,0.827271,0.721714,0.883917,0.836015,0.711873,0.858792,0.898149,0.626908,0.567973,0.722391,0.802367,0.947395,0.925816,0.750303,0.921715,0.950661,0.672959,0.908122,0.933617,0.78408,0.463782,0.659524,0.725848,0.851391,0.882828,0.8189,0.63978,0.7089,0.797732,0.926746,0.882331,0.580821,0.851424
0.769841,0.775128,0.751742,0.773858,0.806377,0.621017,0.518896,0.611309,0.502842,0.563637,0.746951,0.534841,0.640699,0.785636,0.684964,0.725382,0.693654,0.696809,0.60233,0.684031,0.69735,0.631719,0.570445,0.70378,1,0.515236,0.673546,0.679861,0.409253,0.50619,0.649485,0.392342,0.556559,0.688843,0.501998,0.467384,0.302805,0.450114,0.705324,0.655514,0.444883,0.677843,0.713197,0.750401,0.75309,0.724721,0.733175,0.734255,0.663987,0.558813,0.579554,0.468353,0.614994,0.611145,0.671136,0.756713,0.680133,0.713613,0.756793,0.376596,0.52863,0.664158,0.709949,0.763887,0.709983,0.558321,0.667214,0.765121,0.593235,0.572258,0.746001,0.500149,0.264639,0.427524,0.67019,0.595002,0.634103,0.55029,0.596972,0.551757,0.684929,0.707151,0.603028,0.434546,0.585333
0.804738,0.7878,0.803677,0.80187,0.715697,0.743492,0.651559,0.682279,0.720506,0.72687,0.753481,0.715173,0.782919,0.775294,0.571227,0.871176,0.841065,0.737703,0.800134,0.798035,0.853535,0.751395,0.701388,0.808836,0.515236,1,0.815768,0.753249,0.677404,0.512599,0.423238,0.526425,0.79055,0.762958,0.656468,0.591645,0.519524,0.788984,0.828609,0.745263,0.514884,0.675361,0.806686,0.783221,0.78014,0.71287,0.7067,0.639917,0.64344,0.735922,0.483694,0.745162,0.74878,0.720724,0.838643,0.758171,0.506156,0.884542,0.763645,0.673804,0.621759,0.622319,0.785812,0.831409,0.823087,0.776811,0.773077,0.76837,0.643015,0.816784,0.767275,0.764204,0.511309,0.543832,0.624289,0.813453,0.848424,0.718751,0.702695,0.513199,0.573438,0.841676,0.744247,0.579161,0.761078
0.905771,0.871521,0.912996,0.885473,0.891015,0.864199,0.768952,0.836439,0.651967,0.727038,0.82318,0.742178,0.841596,0.895463,0.688613,0.86926,0.928036,0.822004,0.833767,0.913999,0.895772,0.842987,0.853996,0.926469,0.673546,0.815768,1,0.851694,0.611034,0.605284,0.569295,0.540773,0.849426,0.832139,0.724226,0.552778,0.583855,0.771544,0.929848,0.861877,0.615669,0.778895,0.908543,0.851354,0.916378,0.84292,0.895775,0.874736,0.729766,0.77201,0.628655,0.739963,0.756143,0.72026,0.848647,0.849413,0.700125,0.879771,0.862636,0.657211,0.557121,0.727587,0.809208,0.925753,0.910341,0.74329,0.899267,0.904359,0.719467,0.834833,0.925916,0.813065,0.470312,0.59857,0.673791,0.813276,0.895005,0.832635,0.670215,0.631951,0.722452,0.911736,0.878819,0.606606,0.878085
0.84713,0.851761,0.864234,0.906013,0.851446,0.757285,0.618223,0.692272,0.5963,0.670488,0.787041,0.800297,0.843766,0.81006,0.582431,0.844123,0.876133,0.78111,0.824225,0.856731,0.877217,0.77369,0.761535,0.873386,0.679861,0.753249,0.851694,1,0.652009,0.662148,0.505669,0.553812,0.771768,0.824579,0.697811,0.426563,0.528994,0.674663,0.866784,0.777626,0.55064,0.772376,0.799517,0.759512,0.84644,0.786187,0.804997,0.770255,0.774501,0.708547,0.547184,0.76481,0.822263,0.75785,0.852699,0.796199,0.624384,0.848389,0.858685,0.647664,0.598516,0.668945,0.781976,0.858525,0.856316,0.681535,0.811953,0.85088,0.630369,0.734389,0.839028,0.689014,0.395629,0.472694,0.713942,0.778022,0.810895,0.754384,0.65351,0.787361,0.737424,0.85905,0.795244,0.431362,0.748393
0.612787,0.594914,0.639069,0.596511,0.661785,0.52265,0.444522,0.490816,0.501922,0.546603,0.535798,0.569712,0.622568,0.570238,0.34778,0.657309,0.638286,0.665016,0.591224,0.696819,0.677942,0.555441,0.452394,0.575402,0.409253,0.677404,0.611034,0.652009,1,0.593355,0.356691,0.416031,0.685517,0.687847,0.497702,0.392752,0.384414,0.596817,0.672239,0.691921,0.323396,0.552164,0.536837,0.515741,0.579728,0.617773,0.514912,0.534882,0.502484,0.524368,0.401829,0.557283,0.553508,0.529736,0.641517,0.539894,0.286016,0.675117,0.64677,0.606099,0.350664,0.539798,0.608915,0.600261,0.687583,0.604052,0.521771,0.597217,0.471713,0.594595,0.515789,0.687597,0.47906,0.293545,0.638789,0.650824,0.714601,0.677948,0.541329,0.377744,0.408377,0.702837,0.650847,0.367314,0.571266
0.574364,0.588522,0.571565,0.604252,0.683277,0.521232,0.383657,0.513668,0.450399,0.461088,0.511858,0.477749,0.588413,0.562203,0.351634,0.554396,0.63158,0.64036,0.533812,0.57316,0.573575,0.571805,0.481715,0.553893,0.50619,0.512599,0.605284,0.662148,0.593355,1,0.19711,0.362171,0.482751,0.608918,0.422505,0.49803,0.291542,0.53407,0.609,0.673436,0.498906,0.522559,0.513185,0.507485,0.552216,0.441394,0.543946,0.541987,0.669569,0.499723,0.368122,0.543141,0.557381,0.485638,0.592482,0.491783,0.428177,0.599542,0.581169,0.585608,0.475078,0.603465,0.502951,0.595301,0.604138,0.537679,0.545916,0.533436,0.587197,0.488877,0.529917,0.551403,0.361477,0.113839,0.586539,0.565678,0.545729,0.577519,0.591707,0.478901,0.515631,0.597823,0.577915,0.372269,0.544038
0.57659,0.513416,0.614796,0.564464,0.561526,0.476994,0.510044,0.652441,0.353828,0.29036,0.549597,0.374035,0.515247,0.632882,0.54198,0.54423,0.558166,0.587907,0.481869,0.589817,0.568787,0.489622,0.491712,0.628813,0.649485,0.423238,0.569295,0.505669,0.356691,0.19711,1,0.415272,0.418556,0.531272,0.256526,0.26246,0.265186,0.504475,0.562137,0.516893,0.34345,0.610874,0.571698,0.560032,0.60975,0.592184,0.55043,0.536707,0.431035,0.583752,0.436883,0.300918,0.432164,0.430714,0.521018,0.593375,0.492859,0.559055,0.601686,0.316533,0.393493,0.462849,0.48229,0.570994,0.620996,0.446234,0.550278,0.678824,0.41256,0.497669,0.611196,0.482949,0.207782,0.310346,0.478273,0.538294,0.496512,0.585343,0.32051,0.481226,0.646305,0.592378,0.559353,0.364912,0.506564
0.552235,0.55737,0.61477,0.600254,0.480663,0.577119,0.671574,0.455631,0.522519,0.537686,0.55647,0.646659,0.701705,0.57678,0.475346,0.589186,0.611895,0.473755,0.589,0.678416,0.620731,0.519265,0.639907,0.620357,0.392342,0.526425,0.540773,0.553812,0.416031,0.362171,0.415272,1,0.60062,0.593238,0.684292,0.350003,0.315491,0.626199,0.607164,0.576078,0.670013,0.578809,0.608078,0.521418,0.63117,0.62171,0.515251,0.427173,0.451971,0.573619,0.432341,0.645488,0.679855,0.567087,0.635495,0.534712,0.537307,0.593754,0.640101,0.45542,0.499812,0.429429,0.617562,0.664823,0.670333,0.537108,0.584177,0.669856,0.295257,0.598458,0.557822,0.496974,0.383564,0.344313,0.472849,0.586527,0.625629,0.573576,0.533411,0.331395,0.664165,0.623723,0.632124,0.390688,0.548239
0.806671,0.772253,0.849831,0.811079,0.775375,0.767807,0.643753,0.62466,0.57096,0.816698,0.811226,0.803119,0.837097,0.772477,0.577631,0.831427,0.888479,0.694014,0.898699,0.932183,0.891522,0.783432,0.779435,0.846383,0.556559,0.79055,0.849426,0.771768,0.685517,0.482751,0.418556,0.60062,1,0.865035,0.823886,0.525832,0.578325,0.739743,0.910494,0.866939,0.541544,0.731767,0.806175,0.703934,0.83601,0.8546,0.767498,0.732625,0.571444,0.589205,0.592138,0.81815,0.815161,0.746417,0.814799,0.717614,0.528157,0.833131,0.847444,0.628561,0.496659,0.660574,0.853983,0.886994,0.908689,0.756641,0.797206,0.832141,0.529043,0.835861,0.823964,0.749425,0.602613,0.681266,0.710769,0.880458,0.952156,0.771402,0.634619,0.599813,0.580643,0.883428,0.878586,0.520507,0.850343
0.802705,0.765503,0.844631,0.835418,0.816621,0.719553,0.665175,0.731723,0.584997,0.718872,0.800097,0.843357,0.866834,0.790861,0.577383,0.855425,0.899271,0.735813,0.88615,0.9043,0.917193,0.79058,0.719773,0.821451,0.688843,0.762958,0.832139,0.824579,0.687847,0.608918,0.531272,0.593238,0.865035,1,0.798071,0.472227,0.562901,0.769459,0.883074,0.87256,0.480868,0.707135,0.754967,0.721574,0.788782,0.864394,0.733291,0.72652,0.620234,0.696309,0.590527,0.773524,0.801476,0.807811,0.80168,0.721668,0.565569,0.872546,0.838293,0.654177,0.572257,0.696043,0.834345,0.868209,0.889378,0.759794,0.772723,0.832307,0.534069,0.751362,0.817671,0.689929,0.624844,0.555794,0.771736,0.872345,0.893749,0.762038,0.690078,0.610716,0.718168,0.870818,0.873095,0.451695,0.828223
0.679716,0.697844,0.731186,0.735366,0.681473,0.656794,0.655944,0.572742,0.552406,0.70536,0.688328,0.78053,0.822696,0.692068,0.521596,0.775339,0.799103,0.562499,0.789428,0.831785,0.798175,0.718653,0.741649,0.731834,0.501998,0.656468,0.724226,0.697811,0.497702,0.422505,0.256526,0.684292,0.823886,0.798071,1,0.331527,0.428533,0.686065,0.815066,0.774447,0.566108,0.6298,0.697769,0.623102,0.734941,0.838418,0.662941,0.627252,0.509405,0.530458,0.486628,0.736176,0.787133,0.740892,0.7345,0.613108,0.453902,0.74184,0.735616,0.593975,0.501141,0.46827,0.741617,0.795838,0.785713,0.675191,0.688365,0.721723,0.395127,0.657683,0.736884,0.611796,0.504018,0.645879,0.625139,0.715225,0.820089,0.613496,0.622534,0.500461,0.547638,0.742374,0.77839,0.387415,0.734938
0.598215,0.548355,0.623966,0.544771,0.510914,0.653695,0.4013,0.399541,0.570795,0.609015,0.577315,0.281962,0.427257,0.581963,0.474675,0.513231,0.509035,0.50419,0.485529,0.535748,0.54786,0.49953,0.455973,0.552329,0.467384,0.591645,0.552778,0.426563,0.392752,0.49803,0.26246,0.350003,0.525832,0.472227,0.331527,1,0.35297,0.472089,0.591073,0.541464,0.474,0.371332,0.657203,0.591069,0.609399,0.435806,0.510979,0.443143,0.508604,0.488607,0.672561,0.456472,0.48395,0.389238,0.564057,0.536419,0.524305,0.525405,0.594988,0.42187,0.455293,0.761948,0.515085,0.617434,0.564104,0.611174,0.619175,0.571565,0.597671,0.651441,0.579805,0.529066,0.372885,0.334821,0.49575,0.533579,0.596451,0.563528,0.465624,0.271331,0.458624,0.658741,0.466928,0.395897,0.506634
0.524839,0.428292,0.496333,0.529198,0.404269,0.507025,0.490309,0.484143,0.332995,0.384769,0.367338,0.504858,0.468991,0.45245,0.360075,0.455347,0.533999,0.437814,0.566642,0.577558,0.497248,0.541556,0.498388,0.537885,0.302805,0.519524,0.583855,0.528994,0.384414,0.291542,0.265186,0.315491,0.578325,0.562901,0.428533,0.35297,1,0.364081,0.539444,0.58216,0.318379,0.382229,0.473406,0.3565,0.486948,0.512576,0.574199,0.58777,0.311018,0.47857,0.501489,0.472406,0.398873,0.322675,0.381386,0.355756,0.378973,0.455483,0.405806,0.27938,0.299806,0.414625,0.421406,0.509714,0.49744,0.32248,0.464125,0.508321,0.357726,0.557451,0.504272,0.454735,0.180467,0.327602,0.374314,0.449626,0.600201,0.547761,0.326403,0.245294,0.376235,0.54572,0.631059,0.184947,0.424693
0.665016,0.674647,0.722635,0.649674,0.686651,0.673222,0.601528,0.677162,0.628321,0.582601,0.612616,0.741978,0.837292,0.702049,0.410932,0.760288,0.810585,0.671863,0.776091,0.797946,0.849213,0.768375,0.705913,0.784793,0.450114,0.788984,0.771544,0.674663,0.596817,0.53407,0.504475,0.626199,0.739743,0.769459,0.686065,0.472089,0.364081,1,0.774176,0.732796,0.583137,0.61713,0.722663,0.672344,0.696772,0.717407,0.642362,0.555249,0.598512,0.651935,0.44144,0.617257,0.72141,0.776544,0.803133,0.656543,0.439532,0.808187,0.72364,0.705901,0.645875,0.559212,0.694144,0.758859,0.801229,0.721182,0.749566,0.763451,0.530816,0.749962,0.766617,0.745584,0.669996,0.548036,0.590721,0.804144,0.779623,0.744092,0.650519,0.465025,0.687827,0.76118,0.76021,0.464301,0.760883
0.900952,0.852843,0.938976,0.915544,0.888671,0.837845,0.74971,0.7715,0.650253,0.78486,0.871956,0.774806,0.867796,0.888416,0.66704,0.911263,0.946386,0.814291,0.889656,0.971981,0.942536,0.864773,0.838755,0.938601,0.705324,0.828609,0.929848,0.866784,0.672239,0.609,0.562137,0.607164,0.910494,0.883074,0.815066,0.591073,0.539444,0.774176,1,0.91593,0.552849,0.830442,0.904149,0.818647,0.939986,0.904986,0.875439,0.839183,0.700205,0.714541,0.698982,0.804785,0.849933,0.750676,0.868846,0.809731,0.638151,0.892867,0.906297,0.653961,0.52596,0.751762,0.852145,0.955831,0.94654,0.794037,0.882,0.920591,0.721184,0.86964,0.91818,0.827232,0.538145,0.622049,0.758452,0.869342,0.934848,0.835574,0.670649,0.648515,0.699897,0.954071,0.918438,0.571632,0.87826
0.793501,0.763489,0.826433,0.833864,0.848547,0.746697,0.593938,0.715816,0.609281,0.755774,0.775558,0.723874,0.847171,0.802972,0.6565,0.821795,0.885462,0.760843,0.833185,0.915446,0.863247,0.808311,0.741406,0.840461,0.655514,0.745263,0.861877,0.777626,0.691921,0.673436,0.516893,0.576078,0.866939,0.87256,0.774447,0.541464,0.58216,0.732796,0.91593,1,0.602935,0.743351,0.782281,0.720581,0.826774,0.842828,0.812179,0.760537,0.579216,0.671264,0.556746,0.738537,0.777219,0.675266,0.785669,0.690225,0.580383,0.837294,0.816113,0.662914,0.562282,0.677999,0.790587,0.882612,0.897798,0.700807,0.762664,0.838517,0.613963,0.77564,0.805777,0.759449,0.486822,0.552438,0.707988,0.813208,0.901485,0.801916,0.716036,0.595766,0.612931,0.87674,0.925522,0.475239,0.798796
0.549125,0.591804,0.554635,0.554149,0.4991,0.545803,0.4991,0.394552,0.530327,0.591226,0.549326,0.517836,0.63121,0.550851,0.476346,0.570815,0.588204,0.444769,0.574483,0.597404,0.605404,0.580656,0.496494,0.560304,0.444883,0.514884,0.615669,0.55064,0.323396,0.498906,0.34345,0.670013,0.541544,0.480868,0.566108,0.474,0.318379,0.583137,0.552849,0.602935,1,0.459352,0.598586,0.570813,0.59923,0.493141,0.518796,0.417351,0.527588,0.494175,0.282755,0.448514,0.533674,0.585121,0.614268,0.573751,0.490236,0.609913,0.595964,0.561302,0.583531,0.392699,0.629119,0.647789,0.661224,0.545214,0.595566,0.610928,0.441819,0.516326,0.5468,0.499801,0.271254,0.327715,0.311184,0.560441,0.606116,0.556034,0.581293,0.389505,0.544287,0.54353,0.563307,0.489442,0.584047
0.796649,0.785792,0.826355,0.835033,0.780419,0.668356,0.669269,0.76313,0.470985,0.655848,0.805265,0.722674,0.815004,0.780832,0.610197,0.802236,0.817805,0.733298,0.693299,0.826041,0.797598,0.734856,0.743576,0.813763,0.677843,0.675361,0.778895,0.772376,0.552164,0.522559,0.610874,0.578809,0.731767,0.707135,0.6298,0.371332,0.382229,0.61713,0.830442,0.743351,0.459352,1,0.753824,0.735778,0.840062,0.780704,0.76726,0.728309,0.71752,0.672542,0.502084,0.702602,0.808774,0.669537,0.788986,0.763789,0.568189,0.786027,0.848142,0.573226,0.496611,0.597966,0.71469,0.814435,0.819048,0.713633,0.781581,0.817394,0.589226,0.742162,0.77283,0.682614,0.492467,0.354891,0.740856,0.720356,0.751796,0.686789,0.52181,0.675114,0.656553,0.802237,0.728467,0.608104,0.715693
0.961812,0.91795,0.962807,0.907089,0.851981,0.922912,0.77006,0.759701,0.799486,0.745043,0.874043,0.66095,0.7914,0.954006,0.800414,0.875405,0.885898,0.830425,0.797895,0.878497,0.884463,0.764858,0.889701,0.928457,0.713197,0.806686,0.908543,0.799517,0.536837,0.513185,0.571698,0.608078,0.806175,0.754967,0.697769,0.657203,0.473406,0.722663,0.904149,0.782281,0.598586,0.753824,1,0.931449,0.965932,0.850754,0.890841,0.851921,0.785002,0.831984,0.71051,0.748392,0.805815,0.687367,0.903295,0.92532,0.815103,0.857177,0.922755,0.595163,0.611601,0.759496,0.82844,0.928121,0.898899,0.808119,0.940666,0.956181,0.755942,0.883812,0.937705,0.840853,0.366756,0.596866,0.655912,0.799947,0.861694,0.846619,0.683181,0.589246,0.766284,0.923297,0.782933,0.658766,0.826861
0.924871,0.952147,0.898752,0.893184,0.865756,0.89558,0.68816,0.746887,0.832081,0.726829,0.872378,0.651072,0.778932,0.945154,0.84358,0.900907,0.840902,0.790836,0.740037,0.773678,0.855848,0.723103,0.791046,0.818647,0.750401,0.783221,0.851354,0.759512,0.515741,0.507485,0.560032,0.521418,0.703934,0.721574,0.623102,0.591069,0.3565,0.672344,0.818647,0.720581,0.570813,0.735778,0.931449,1,0.894761,0.803996,0.834514,0.819723,0.781392,0.850536,0.542041,0.694819,0.749056,0.716355,0.90874,0.974379,0.81053,0.899349,0.89702,0.597504,0.72336,0.723808,0.847745,0.870602,0.844962,0.790427,0.882285,0.888825,0.753571,0.74488,0.877668,0.765787,0.315316,0.523508,0.634531,0.73394,0.782449,0.769969,0.720573,0.572834,0.747698,0.855108,0.668045,0.615278,0.73741
0.958951,0.919374,0.976619,0.939091,0.889779,0.878552,0.768634,0.764377,0.708197,0.758649,0.909758,0.716213,0.826104,0.944361,0.770598,0.897242,0.915859,0.860128,0.818582,0.922531,0.90307,0.771874,0.875581,0.934233,0.75309,0.78014,0.916378,0.84644,0.579728,0.552216,0.60975,0.63117,0.83601,0.788782,0.734941,0.609399,0.486948,0.696772,0.939986,0.826774,0.59923,0.840062,0.965932,0.894761,1,0.884577,0.926265,0.876767,0.784069,0.78393,0.704078,0.791598,0.837171,0.729825,0.888832,0.905992,0.764286,0.8675,0.951323,0.599987,0.585176,0.746807,0.846177,0.94573,0.93509,0.818348,0.926951,0.960889,0.749084,0.877757,0.94709,0.82113,0.407527,0.557395,0.722105,0.8145,0.878424,0.843594,0.634077,0.64221,0.765236,0.940823,0.841079,0.643513,0.833373
0.853341,0.847296,0.901418,0.864988,0.870925,0.793951,0.722478,0.738777,0.660212,0.749825,0.82924,0.758443,0.850321,0.886639,0.725379,0.867665,0.878732,0.739448,0.819052,0.912925,0.898453,0.740055,0.808551,0.860336,0.724721,0.71287,0.84292,0.786187,0.617773,0.441394,0.592184,0.62171,0.8546,0.864394,0.838418,0.435806,0.512576,0.717407,0.904986,0.842828,0.493141,0.780704,0.850754,0.803996,0.884577,1,0.824274,0.841693,0.61636,0.713307,0.609215,0.75785,0.844407,0.741645,0.819607,0.802251,0.64034,0.850982,0.885737,0.615705,0.552157,0.6219,0.80707,0.87667,0.888538,0.744395,0.831201,0.904908,0.600346,0.777906,0.898494,0.759804,0.449262,0.635473,0.737557,0.804667,0.864278,0.788011,0.629198,0.579494,0.704954,0.875883,0.831834,0.51675,0.762045
0.893035,0.880988,0.883354,0.889886,0.890415,0.846605,0.675095,0.736815,0.660083,0.667427,0.808968,0.687172,0.798895,0.894848,0.748899,0.844992,0.85502,0.836646,0.755848,0.863591,0.820763,0.719346,0.849939,0.900094,0.733175,0.7067,0.895775,0.804997,0.514912,0.543946,0.55043,0.515251,0.767498,0.733291,0.662941,0.510979,0.574199,0.642362,0.875439,0.812179,0.518796,0.76726,0.890841,0.834514,0.926265,0.824274,1,0.896581,0.723886,0.712837,0.661336,0.703043,0.714805,0.634772,0.810381,0.834738,0.764924,0.813897,0.848378,0.516469,0.56351,0.683615,0.784471,0.886842,0.85862,0.667866,0.868174,0.897285,0.73686,0.814658,0.909851,0.745848,0.311431,0.560336,0.686535,0.725638,0.800699,0.767787,0.620088,0.598456,0.751852,0.855243,0.837551,0.568424,0.742259
0.89341,0.863814,0.866579,0.865991,0.875968,0.839168,0.721494,0.75447,0.626354,0.615478,0.774268,0.636191,0.717909,0.900049,0.755013,0.81016,0.836557,0.801928,0.7203,0.815245,0.774191,0.734044,0.796825,0.823995,0.734255,0.639917,0.874736,0.770255,0.534882,0.541987,0.536707,0.427173,0.732625,0.72652,0.627252,0.443143,0.58777,0.555249,0.839183,0.760537,0.417351,0.728309,0.851921,0.819723,0.876767,0.841693,0.896581,1,0.708664,0.716818,0.646569,0.667114,0.660902,0.582674,0.734677,0.832066,0.758566,0.788402,0.801721,0.460361,0.465645,0.67731,0.737789,0.819608,0.795025,0.610147,0.789161,0.851112,0.740158,0.74687,0.865622,0.749845,0.250964,0.500179,0.646097,0.664663,0.761718,0.74384,0.548019,0.565382,0.652204,0.819575,0.782964,0.512579,0.691975
0.829842,0.822166,0.793361,0.776835,0.741202,0.70629,0.632658,0.690081,0.670193,0.521469,0.731219,0.614922,0.723233,0.793364,0.559148,0.755266,0.753854,0.766827,0.64505,0.689229,0.740292,0.661475,0.733117,0.744797,0.663987,0.64344,0.729766,0.774501,0.502484,0.669569,0.431035,0.451971,0.571444,0.620234,0.509405,0.508604,0.311018,0.598512,0.700205,0.579216,0.527588,0.71752,0.785002,0.781392,0.784069,0.61636,0.723886,0.708664,1,0.73203,0.519872,0.576764,0.695365,0.65841,0.815791,0.837851,0.664615,0.728412,0.80806,0.603219,0.624442,0.695183,0.658644,0.726777,0.746347,0.751315,0.772592,0.776467,0.654658,0.695333,0.756481,0.708451,0.372925,0.254445,0.605885,0.591894,0.671086,0.677637,0.62909,0.66983,0.697714,0.713527,0.593488,0.594639,0.711311
0.837202,0.804092,0.827806,0.818499,0.710699,0.790216,0.714474,0.804826,0.82504,0.519267,0.700889,0.59027,0.711901,0.867284,0.768922,0.774526,0.768396,0.770471,0.672403,0.702782,0.755398,0.59839,0.781528,0.753859,0.558813,0.735922,0.77201,0.708547,0.524368,0.499723,0.583752,0.573619,0.589205,0.696309,0.530458,0.488607,0.47857,0.651935,0.714541,0.671264,0.494175,0.672542,0.831984,0.850536,0.78393,0.713307,0.712837,0.716818,0.73203,1,0.505227,0.660733,0.692341,0.605086,0.812995,0.847028,0.757189,0.772327,0.789701,0.589046,0.653801,0.613111,0.655547,0.730396,0.745593,0.723766,0.791792,0.824537,0.621619,0.714508,0.774045,0.765379,0.233456,0.303653,0.558314,0.661028,0.693797,0.811517,0.63219,0.495051,0.730166,0.78969,0.639469,0.537617,0.65765
0.690287,0.568378,0.725273,0.627904,0.557924,0.677927,0.611016,0.541844,0.489365,0.391412,0.592459,0.421575,0.486635,0.661707,0.46137,0.539259,0.572033,0.660146,0.549079,0.671079,0.600338,0.575033,0.634332,0.706788,0.579554,0.483694,0.628655,0.547184,0.401829,0.368122,0.436883,0.432341,0.592138,0.590527,0.486628,0.672561,0.501489,0.44144,0.698982,0.556746,0.282755,0.502084,0.71051,0.542041,0.704078,0.609215,0.661336,0.646569,0.519872,0.505227,1,0.449262,0.462738,0.357072,0.522763,0.557866,0.644965,0.505397,0.641331,0.24583,0.202858,0.775956,0.508058,0.687962,0.622911,0.513366,0.693057,0.707092,0.545252,0.735594,0.673793,0.577473,0.355406,0.438877,0.640446,0.5903,0.630306,0.612546,0.298729,0.321077,0.615955,0.711083,0.616243,0.343395,0.538403
0.764781,0.761338,0.7924,0.82228,0.716532,0.721087,0.598924,0.643253,0.588683,0.760686,0.81378,0.740838,0.76137,0.736444,0.60231,0.77519,0.817147,0.635799,0.814761,0.791894,0.790804,0.617993,0.742574,0.754512,0.468353,0.745162,0.739963,0.76481,0.557283,0.543141,0.300918,0.645488,0.81815,0.773524,0.736176,0.456472,0.472406,0.617257,0.804785,0.738537,0.448514,0.702602,0.748392,0.694819,0.791598,0.75785,0.703043,0.667114,0.576764,0.660733,0.449262,1,0.863724,0.678461,0.756019,0.694143,0.579585,0.754047,0.785364,0.661181,0.532074,0.593457,0.780793,0.810981,0.814246,0.745438,0.756382,0.750317,0.518176,0.723143,0.759296,0.636882,0.460026,0.485713,0.609844,0.760163,0.807067,0.70491,0.588526,0.564947,0.569289,0.790245,0.7597,0.461378,0.704003
0.794148,0.796988,0.844913,0.841762,0.772111,0.735291,0.625499,0.664922,0.633026,0.791942,0.81491,0.749983,0.83902,0.79111,0.615846,0.820456,0.845637,0.665563,0.805546,0.842383,0.868771,0.717914,0.781592,0.827271,0.614994,0.74878,0.756143,0.822263,0.553508,0.557381,0.432164,0.679855,0.815161,0.801476,0.787133,0.48395,0.398873,0.72141,0.849933,0.777219,0.533674,0.808774,0.805815,0.749056,0.837171,0.844407,0.714805,0.660902,0.695365,0.692341,0.462738,0.863724,1,0.766448,0.862839,0.743461,0.545339,0.813206,0.874796,0.668129,0.644867,0.606382,0.759182,0.840029,0.840593,0.806879,0.802417,0.826746,0.536512,0.753638,0.830416,0.676225,0.484751,0.488196,0.663733,0.789407,0.825715,0.725528,0.702724,0.683541,0.655944,0.838426,0.744112,0.496442,0.782835
