1,0.836192,0.935118,0.821305,0.829362,0.829775,0.573906,0.618158,0.628004,0.697325,0.74214,0.871485,0.864583,0.884144,0.605935,0.839728,0.856636,0.806717,0.738889,0.873287,0.895597,0.723918,0.815289,0.927121,0.813333,0.775989,0.776092,0.791761,0.494288,0.393647,0.510368,0.700351,0.775523,0.691365,0.717002,0.320255,0.271919,0.72245,0.8334,0.75583,0.508001,0.700107,0.940812,0.91414,0.929217,0.875361,0.883897,0.820703,0.641323,0.580657,0.684767,0.668491,0.802436,0.643133,0.792902,0.907276,0.8064,0.906085,0.90082,0.68826,0.608971,0.790865,0.756539,0.910315,0.919725,0.82019,0.707385,0.89585,0.628829,0.70102,0.871669,0.674761,0.414615,0.662334,0.590727,0.7884,0.789129,0.491224,0.42808,0.393092,0.719542,0.907001,0.84593,0.399494,0.739422
0.836192,1,0.753071,0.573993,0.66033,0.73389,0.473182,0.467096,0.512969,0.579193,0.638631,0.669433,0.711961,0.893071,0.524013,0.888583,0.754999,0.690931,0.62098,0.741413,0.712971,0.668899,0.625273,0.73906,0.632056,0.605617,0.550739,0.640728,0.513223,0.219795,0.423516,0.633134,0.606092,0.523962,0.392759,0.40007,0.292516,0.638708,0.677693,0.578354,0.479252,0.532659,0.82201,0.90742,0.767188,0.749828,0.753272,0.683728,0.45836,0.377037,0.327227,0.609019,0.724909,0.440814,0.661785,0.808027,0.698231,0.850452,0.78277,0.545102,0.517697,0.555599,0.552349,0.749612,0.743814,0.635833,0.524279,0.682467,0.478348,0.484566,0.707205,0.615391,0.342152,0.457968,0.319581,0.700728,0.585358,0.472492,0.373786,0.283436,0.534293,0.730494,0.701117,0.279312,0.48176
0.935118,0.753071,1,0.8626,0.873085,0.770258,0.590488,0.60875,0.703019,0.70158,0.764822,0.885197,0.886756,0.810227,0.621047,0.7789,0.895821,0.788511,0.800079,0.898204,0.909222,0.664187,0.883815,0.973255,0.754062,0.811863,0.858705,0.812642,0.464755,0.515141,0.533514,0.764283,0.820168,0.745537,0.738614,0.370194,0.291112,0.762366,0.886985,0.826861,0.596791,0.757555,0.936631,0.875417,0.980689,0.829888,0.893617,0.844393,0.665134,0.523433,0.75923,0.744943,0.786459,0.702136,0.781904,0.895135,0.807026,0.887593,0.900836,0.724793,0.630177,0.781695,0.766454,0.90588,0.930686,0.852846,0.772374,0.917745,0.685386,0.791066,0.856298,0.741523,0.459227,0.631549,0.628096,0.833306,0.813551,0.53853,0.478998,0.386179,0.74759,0.897346,0.81086,0.495682,0.73655
0.821305,0.573993,0.8626,1,0.68887,0.741838,0.562571,0.581393,0.613221,0.615087,0.629757,0.676407,0.749577,0.654151,0.604001,0.614478,0.743306,0.758161,0.66276,0.745872,0.792188,0.615585,0.820952,0.860414,0.741555,0.835054,0.786902,0.757654,0.421308,0.418385,0.295466,0.626219,0.688453,0.668617,0.705831,0.26688,0.0222163,0.560843,0.693743,0.721439,0.519604,0.705907,0.838981,0.743041,0.847496,0.720452,0.771268,0.822891,0.635878,0.493356,0.7622,0.586757,0.683838,0.606052,0.616805,0.747962,0.831888,0.731406,0.769389,0.655503,0.458717,0.708037,0.630416,0.776378,0.81643,0.707381,0.791143,0.810061,0.611935,0.67056,0.774011,0.54112,0.339936,0.702457,0.602926,0.653645,0.648623,0.475433,0.478396,0.447293,0.561011,0.766163,0.681087,0.360414,0.7685
0.829362,0.66033,0.873085,0.68887,1,0.748768,0.414411,0.511202,0.68699,0.632187,0.734857,0.822568,0.775758,0.735158,0.600262,0.623802,0.738336,0.752594,0.612467,0.78063,0.79022,0.438021,0.745681,0.866308,0.762116,0.685184,0.760999,0.715927,0.37887,0.439225,0.501814,0.669892,0.644955,0.658053,0.787572,0.31566,0.247152,0.67172,0.761482,0.720277,0.572348,0.627781,0.819049,0.780196,0.890849,0.847307,0.754067,0.76388,0.697376,0.446697,0.702815,0.705694,0.782318,0.709492,0.792823,0.835263,0.710875,0.773712,0.850293,0.60194,0.645282,0.704777,0.68016,0.809116,0.808412,0.806267,0.725861,0.877607,0.644093,0.651387,0.794679,0.768465,0.345721,0.605923,0.620802,0.837929,0.704354,0.506781,0.455568,0.361264,0.737424,0.77621,0.752533,0.481083,0.70047
0.829775,0.73389,0.770258,0.741838,0.748768,1,0.410014,0.531793,0.674603,0.531261,0.651027,0.708289,0.68566,0.809062,0.693536,0.711888,0.661846,0.720539,0.552193,0.72159,0.765744,0.625166,0.795253,0.782905,0.819624,0.669292,0.697357,0.774673,0.347893,0.284377,0.40632,0.528947,0.590883,0.65704,0.596178,0.382526,0.231094,0.550361,0.6868,0.65897,0.586152,0.581348,0.776035,0.81796,0.802975,0.779012,0.731782,0.824564,0.525053,0.449341,0.66296,0.649524,0.725096,0.523815,0.596755,0.826144,0.812661,0.756257,0.72955,0.467714,0.388318,0.753927,0.69879,0.709499,0.724929,0.726835,0.716009,0.7809,0.59235,0.541435,0.804614,0.605454,0.385507,0.589562,0.468069,0.678755,0.668011,0.596894,0.530593,0.480966,0.581597,0.737566,0.690548,0.379053,0.689114
0.573906,0.473182,0.590488,0.562571,0.414411,0.410014,1,0.710627,0.189096,0.420323,0.446627,0.519616,0.597688,0.496886,0.267557,0.567822,0.531266,0.355165,0.616298,0.579989,0.670551,0.570281,0.624603,0.538482,0.274952,0.457585,0.516959,0.417358,0.409048,0.347163,0.434287,0.443383,0.514875,0.542415,0.362688,0.0734342,-0.084663,0.39598,0.621447,0.528909,0.214379,0.482893,0.543068,0.514112,0.524781,0.530937,0.472912,0.327408,0.599097,0.520968,0.531249,0.516189,0.603818,0.310632,0.441923,0.494747,0.557425,0.53697,0.561768,0.436328,0.412119,0.447577,0.408041,0.648821,0.659373,0.396253,0.549195,0.478161,0.312683,0.346575,0.50494,0.34822,0.231271,0.303221,0.240133,0.352947,0.536608,0.410884,0.218373,0.268947,0.31403,0.576369,0.495714,-0.0358582,0.439444
0.618158,0.467096,0.60875,0.581393,0.511202,0.531793,0.710627,1,0.444345,0.454276,0.370173,0.528979,0.488927,0.52395,0.259071,0.534382,0.485356,0.546215,0.4586,0.588401,0.667291,0.402002,0.565463,0.599338,0.40903,0.47225,0.614159,0.496964,0.346528,0.361966,0.243658,0.440076,0.445657,0.543397,0.454684,0.122064,-0.00919249,0.44482,0.649613,0.570998,0.102451,0.481119,0.540546,0.543778,0.572555,0.573071,0.478523,0.522695,0.717508,0.579375,0.581388,0.459318,0.570321,0.304224,0.398764,0.571794,0.637119,0.554711,0.490856,0.471945,0.462928,0.561338,0.560842,0.640256,0.629522,0.525406,0.460927,0.459261,0.253221,0.340304,0.560158,0.421804,0.285357,0.441478,0.259174,0.448391,0.602414,0.387428,0.350707,0.20992,0.428972,0.656482,0.583328,-0.0128116,0.677666
0.628004,0.512969,0.703019,0.613221,0.68699,0.674603,0.189096,0.444345,1,0.623423,0.655123,0.663738,0.57172,0.645077,0.56481,0.489079,0.63501,0.681268,0.475272,0.604912,0.660575,0.385361,0.657337,0.705019,0.585229,0.478315,0.732982,0.572411,0.209798,0.315805,0.258146,0.576459,0.566719,0.524435,0.517146,0.541479,0.304392,0.582738,0.639887,0.692675,0.489714,0.646726,0.626519,0.600925,0.709489,0.625839,0.674908,0.715056,0.458866,0.341295,0.60185,0.594396,0.558149,0.589862,0.587419,0.653969,0.685584,0.625218,0.57337,0.485128,0.415235,0.603886,0.544107,0.579785,0.602172,0.664893,0.55679,0.67547,0.457825,0.490103,0.732994,0.632631,0.257433,0.445871,0.385816,0.703097,0.565176,0.534989,0.604919,0.198311,0.533847,0.69922,0.575799,0.283657,0.609931
0.697325,0.579193,0.70158,0.615087,0.632187,0.531261,0.420323,0.454276,0.623423,1,0.787536,0.704217,0.725633,0.685465,0.330439,0.612058,0.782352,0.662412,0.544825,0.736076,0.777924,0.633684,0.527314,0.691492,0.469405,0.535919,0.639519,0.517891,0.249316,0.448508,0.426798,0.531336,0.729363,0.501318,0.55802,0.368017,0.122635,0.595632,0.703676,0.777719,0.429945,0.686917,0.666651,0.669303,0.663183,0.642007,0.736656,0.569673,0.478321,0.533913,0.457519,0.754332,0.823457,0.702639,0.751932,0.57623,0.581334,0.717303,0.734975,0.564913,0.602926,0.521832,0.378699,0.768069,0.726428,0.692517,0.499859,0.623581,0.441547,0.427356,0.636608,0.506935,0.174278,0.439378,0.457163,0.764518,0.668197,0.632675,0.34545,0.268837,0.432609,0.762517,0.707147,0.311686,0.448501
0.74214,0.638631,0.764822,0.629757,0.734857,0.651027,0.446627,0.370173,0.655123,0.787536,1,0.709614,0.727702,0.771461,0.559777,0.609231,0.751513,0.605913,0.572408,0.719231,0.750123,0.615921,0.692754,0.769263,0.554131,0.590675,0.731487,0.689222,0.38344,0.350612,0.586883,0.504637,0.678716,0.702924,0.562225,0.291432,0.213368,0.522595,0.662856,0.689843,0.600291,0.585838,0.699635,0.705542,0.751293,0.713057,0.743615,0.665022,0.556462,0.533954,0.583521,0.762907,0.806876,0.597328,0.697878,0.750267,0.592292,0.731122,0.751728,0.501958,0.506533,0.583384,0.455368,0.749783,0.745972,0.6717,0.607403,0.748955,0.627758,0.501822,0.740645,0.639704,0.286499,0.358599,0.448543,0.74152,0.729677,0.690185,0.384626,0.326492,0.517055,0.68714,0.750407,0.380614,0.514548
0.871485,0.669433,0.885197,0.676407,0.822568,0.708289,0.519616,0.528979,0.663738,0.704217,0.709614,1,0.882221,0.724719,0.612781,0.661019,0.851499,0.727346,0.704118,0.775362,0.802703,0.576026,0.804955,0.840418,0.686314,0.638218,0.799923,0.648498,0.354327,0.486767,0.591128,0.719304,0.760073,0.572049,0.632939,0.348176,0.281313,0.74185,0.806538,0.690942,0.551576,0.682812,0.775967,0.790176,0.858054,0.716439,0.767652,0.669833,0.561768,0.463148,0.744796,0.709869,0.737122,0.774929,0.85755,0.756773,0.722777,0.824356,0.86789,0.55669,0.580683,0.784257,0.68824,0.798968,0.806925,0.840503,0.640502,0.830263,0.638639,0.732573,0.81248,0.683243,0.365962,0.638772,0.554555,0.756672,0.756647,0.497917,0.544999,0.285911,0.730655,0.823534,0.692248,0.411201,0.623298
0.864583,0.711961,0.886756,0.749577,0.775758,0.68566,0.597688,0.488927,0.57172,0.725633,0.727702,0.882221,1,0.788155,0.529711,0.745244,0.899031,0.734011,0.75297,0.833782,0.839961,0.667574,0.843064,0.862971,0.67963,0.734332,0.803601,0.725548,0.288416,0.449256,0.602812,0.738629,0.81149,0.701394,0.693606,0.324456,0.203165,0.701507,0.804105,0.743462,0.623231,0.758331,0.852642,0.81319,0.8735,0.755931,0.815975,0.700178,0.471055,0.494659,0.697608,0.765864,0.817823,0.776021,0.875034,0.793603,0.694216,0.871601,0.89008,0.635068,0.679593,0.724608,0.608463,0.85436,0.872644,0.850077,0.670019,0.856358,0.66721,0.78456,0.808333,0.664657,0.42454,0.591993,0.656823,0.741761,0.769867,0.567944,0.455969,0.35197,0.676737,0.832634,0.726162,0.397114,0.631859
0.884144,0.893071,0.810227,0.654151,0.735158,0.809062,0.496886,0.52395,0.645077,0.685465,0.771461,0.724719,0.788155,1,0.524709,0.875878,0.772154,0.708956,0.667607,0.820072,0.846159,0.726435,0.708885,0.815843,0.681726,0.636071,0.690321,0.7053,0.42942,0.266343,0.512217,0.605265,0.706926,0.713164,0.578952,0.385658,0.300318,0.632353,0.772645,0.731969,0.504333,0.648428,0.874074,0.895533,0.827936,0.85487,0.855877,0.749674,0.500715,0.553812,0.497196,0.68741,0.804138,0.531342,0.678222,0.904677,0.703088,0.878622,0.784313,0.614342,0.614166,0.654503,0.659565,0.849913,0.822595,0.706878,0.592339,0.773076,0.617752,0.554239,0.789228,0.662575,0.357708,0.439742,0.481453,0.746764,0.731344,0.624293,0.381417,0.386348,0.528,0.835324,0.842586,0.269257,0.617222
0.605935,0.524013,0.621047,0.604001,0.600262,0.693536,0.267557,0.259071,0.56481,0.330439,0.559777,0.612781,0.529711,0.524709,1,0.39753,0.494535,0.552387,0.534474,0.523031,0.484886,0.337882,0.723455,0.654507,0.578126,0.544951,0.621859,0.523689,0.120308,0.288179,0.273795,0.413106,0.349942,0.510763,0.373028,0.289077,0.0914877,0.336851,0.39056,0.345729,0.648799,0.322131,0.586233,0.541652,0.645188,0.553855,0.446154,0.585437,0.444485,0.116142,0.649342,0.493627,0.518927,0.499904,0.482686,0.596777,0.645941,0.4525,0.544773,0.474379,0.081782,0.614298,0.507913,0.410171,0.464255,0.559171,0.723932,0.719289,0.595944,0.470698,0.651467,0.527722,0.159625,0.473386,0.361564,0.417739,0.444295,0.318164,0.492376,0.469939,0.428405,0.436803,0.328768,0.335852,0.496615
0.839728,0.888583,0.7789,0.614478,0.623802,0.711888,0.567822,0.534382,0.489079,0.612058,0.609231,0.661019,0.745244,0.875878,0.39753,1,0.758552,0.657081,0.699854,0.839917,0.812994,0.731862,0.638014,0.761498,0.61461,0.678537,0.559327,0.716349,0.428989,0.291765,0.457288,0.619273,0.725564,0.5873,0.474193,0.464683,0.404088,0.687712,0.812505,0.706963,0.429023,0.622357,0.846326,0.870022,0.769333,0.718877,0.788653,0.684675,0.432131,0.497314,0.386049,0.568699,0.680038,0.440428,0.601201,0.813006,0.678133,0.88635,0.748792,0.600632,0.556436,0.562569,0.654422,0.840095,0.801066,0.696485,0.542555,0.674852,0.436125,0.550315,0.655248,0.604482,0.357547,0.412711,0.475178,0.699128,0.645711,0.516953,0.285422,0.336468,0.539908,0.821884,0.774779,0.304551,0.484939
0.856636,0.754999,0.895821,0.743306,0.738336,0.661846,0.531266,0.485356,0.63501,0.782352,0.751513,0.851499,0.899031,0.772154,0.494535,0.758552,1,0.73436,0.6875,0.841814,0.83631,0.664676,0.76661,0.860438,0.621479,0.734468,0.762221,0.700134,0.39818,0.468769,0.523296,0.720871,0.84357,0.590884,0.642283,0.367101,0.239252,0.738085,0.803492,0.791257,0.538238,0.71098,0.826765,0.869534,0.876945,0.701153,0.86366,0.74964,0.510229,0.511401,0.588332,0.762625,0.780507,0.717719,0.840348,0.772965,0.671006,0.89624,0.874147,0.637913,0.648159,0.739298,0.57843,0.857496,0.897218,0.81706,0.611818,0.817833,0.61869,0.698583,0.794423,0.56991,0.445366,0.662953,0.548225,0.815508,0.765713,0.574126,0.422407,0.281413,0.71004,0.84431,0.751235,0.489006,0.615078
0.806717,0.690931,0.788511,0.758161,0.752594,0.720539,0.355165,0.546215,0.681268,0.662412,0.605913,0.727346,0.734011,0.708956,0.552387,0.657081,0.73436,1,0.600381,0.724649,0.724196,0.561008,0.686872,0.801819,0.768934,0.781099,0.743241,0.762745,0.393938,0.226771,0.282886,0.680831,0.542219,0.49224,0.672382,0.382741,0.259335,0.692057,0.699926,0.670467,0.544151,0.669529,0.808,0.74544,0.806015,0.787079,0.729428,0.833785,0.624878,0.319682,0.604021,0.585031,0.724493,0.700098,0.752135,0.754703,0.751253,0.743477,0.805447,0.592811,0.567695,0.714381,0.643201,0.758249,0.736821,0.764866,0.674969,0.753051,0.475187,0.645744,0.705516,0.674104,0.346088,0.680143,0.591934,0.710342,0.594609,0.383929,0.612317,0.260456,0.65772,0.801023,0.759129,0.384084,0.726517
0.738889,0.62098,0.800079,0.66276,0.612467,0.552193,0.616298,0.4586,0.475272,0.544825,0.572408,0.704118,0.75297,0.667607,0.534474,0.699854,0.6875,0.600381,1,0.77899,0.739484,0.611535,0.756696,0.76851,0.536197,0.626047,0.633891,0.591636,0.307717,0.468692,0.501095,0.518932,0.625354,0.58329,0.454976,0.339978,0.232771,0.635412,0.746515,0.692538,0.491092,0.59034,0.780537,0.670095,0.778811,0.679195,0.727067,0.62243,0.468624,0.430534,0.644238,0.612323,0.635512,0.560039,0.592622,0.707326,0.655629,0.710983,0.692845,0.625033,0.426753,0.623468,0.682459,0.726591,0.732615,0.567268,0.725337,0.730615,0.547604,0.647315,0.641274,0.670292,0.448186,0.37372,0.466761,0.546712,0.647976,0.347282,0.348642,0.379768,0.441399,0.734686,0.620894,0.36925,0.528858
0.873287,0.741413,0.898204,0.745872,0.78063,0.72159,0.579989,0.588401,0.604912,0.736076,0.719231,0.775362,0.833782,0.820072,0.523031,0.839917,0.841814,0.724649,0.77899,1,0.93901,0.709649,0.760474,0.911851,0.670215,0.775664,0.740739,0.729418,0.323659,0.560649,0.452372,0.662969,0.822645,0.73512,0.692902,0.423895,0.339992,0.719246,0.919586,0.885688,0.555832,0.738098,0.903828,0.826094,0.888203,0.816657,0.877636,0.770964,0.539445,0.495041,0.612804,0.726733,0.788941,0.651247,0.719085,0.854665,0.710141,0.848773,0.816896,0.800178,0.617509,0.687423,0.760671,0.937386,0.921692,0.830098,0.721528,0.843438,0.584176,0.660369,0.755383,0.728944,0.375917,0.511846,0.620911,0.812047,0.809862,0.58811,0.377044,0.474411,0.613257,0.914697,0.838393,0.460364,0.596467
0.895597,0.712971,0.909222,0.792188,0.79022,0.765744,0.670551,0.667291,0.660575,0.777924,0.750123,0.802703,0.839961,0.846159,0.484886,0.812994,0.83631,0.724196,0.739484,0.93901,1,0.771871,0.809591,0.901101,0.676223,0.705046,0.784511,0.727279,0.375365,0.502201,0.529442,0.70064,0.833359,0.764259,0.715291,0.378508,0.282979,0.732237,0.923798,0.914447,0.523655,0.810609,0.89916,0.820204,0.881732,0.850431,0.886499,0.748765,0.617922,0.58446,0.672321,0.759841,0.830876,0.634504,0.715858,0.833127,0.737017,0.839263,0.822983,0.737869,0.648176,0.709303,0.748096,0.9431,0.938025,0.817132,0.72064,0.839676,0.57809,0.663016,0.808194,0.670015,0.369151,0.502301,0.582263,0.805441,0.833898,0.658505,0.378596,0.444253,0.629161,0.928167,0.86232,0.370796,0.67098
0.723918,0.668899,0.664187,0.615585,0.438021,0.625166,0.570281,0.402002,0.385361,0.633684,0.615921,0.576026,0.667574,0.726435,0.337882,0.731862,0.664676,0.561008,0.611535,0.709649,0.771871,1,0.6528,0.672114,0.514228,0.596429,0.554219,0.618067,0.405951,0.237215,0.49184,0.515801,0.634476,0.526379,0.427111,0.227385,0.234351,0.565221,0.689678,0.6151,0.437185,0.681146,0.739446,0.677304,0.626149,0.651074,0.764947,0.549877,0.316443,0.372393,0.41636,0.560111,0.648087,0.43631,0.521715,0.661642,0.578274,0.687993,0.668712,0.521527,0.462587,0.473409,0.528407,0.730119,0.6909,0.556584,0.574608,0.604762,0.427371,0.511245,0.56357,0.388897,0.33155,0.309294,0.406904,0.557897,0.605529,0.499553,0.2276,0.333763,0.439235,0.703935,0.704887,0.211449,0.408815
0.815289,0.625273,0.883815,0.820952,0.745681,0.795253,0.624603,0.565463,0.657337,0.527314,0.692754,0.804955,0.843064,0.708885,0.723455,0.638014,0.76661,0.686872,0.756696,0.760474,0.809591,0.6528,1,0.87668,0.693127,0.740803,0.861423,0.769817,0.312601,0.431997,0.583724,0.651154,0.647399,0.739303,0.618099,0.280788,0.174348,0.642009,0.743796,0.682083,0.68736,0.7056,0.812411,0.739112,0.863485,0.721557,0.740165,0.754187,0.566162,0.4192,0.857659,0.720936,0.710819,0.588084,0.651634,0.801173,0.800204,0.728312,0.772127,0.611281,0.472102,0.767625,0.697174,0.73214,0.800172,0.765726,0.83324,0.860487,0.675458,0.75864,0.839985,0.632933,0.476191,0.54543,0.561457,0.648535,0.743349,0.513232,0.502856,0.445254,0.621282,0.729519,0.632955,0.394054,0.744511
0.927121,0.73906,0.973255,0.860414,0.866308,0.782905,0.538482,0.599338,0.705019,0.691492,0.769263,0.840418,0.862971,0.815843,0.654507,0.761498,0.860438,0.801819,0.76851,0.911851,0.901101,0.672114,0.87668,1,0.784849,0.838962,0.880176,0.818966,0.415381,0.530637,0.490629,0.742244,0.771689,0.780979,0.775022,0.355348,0.280481,0.705867,0.869834,0.812071,0.628988,0.730155,0.946634,0.842604,0.970894,0.846536,0.881225,0.871548,0.637361,0.512678,0.773079,0.733127,0.781071,0.693944,0.762292,0.907217,0.801453,0.861757,0.878327,0.780983,0.605448,0.779499,0.754868,0.886646,0.912538,0.848683,0.793721,0.935418,0.672514,0.788614,0.826429,0.745013,0.453405,0.597034,0.654616,0.79399,0.796845,0.513331,0.413163,0.394093,0.726798,0.892033,0.825344,0.481326,0.751078
0.813333,0.632056,0.754062,0.741555,0.762116,0.819624,0.274952,0.40903,0.585229,0.469405,0.554131,0.686314,0.67963,0.681726,0.578126,0.61461,0.621479,0.768934,0.536197,0.670215,0.676223,0.514228,0.693127,0.784849,1,0.694983,0.629641,0.700637,0.447016,0.215042,0.333955,0.562683,0.560506,0.549199,0.688083,0.241244,0.275566,0.50954,0.658511,0.593693,0.486306,0.533349,0.766662,0.73091,0.794322,0.759817,0.686024,0.801913,0.467598,0.344702,0.632853,0.497016,0.615392,0.612926,0.698042,0.770451,0.748769,0.737302,0.76854,0.486099,0.436459,0.68984,0.696012,0.693046,0.723891,0.695283,0.632341,0.811257,0.509754,0.641691,0.714722,0.644523,0.389408,0.637041,0.507091,0.611272,0.545822,0.345882,0.484493,0.299878,0.667742,0.736797,0.679613,0.387447,0.659286
0.775989,0.605617,0.811863,0.835054,0.685184,0.669292,0.457585,0.47225,0.478315,0.535919,0.590675,0.638218,0.734332,0.636071,0.544951,0.678537,0.734468,0.781099,0.626047,0.775664,0.705046,0.596429,0.740803,0.838962,0.694983,1,0.733084,0.81325,0.359205,0.354622,0.286128,0.617544,0.656441,0.599753,0.729989,0.254092,0.206641,0.608556,0.690663,0.637482,0.567074,0.6049,0.833982,0.749549,0.817088,0.687585,0.7542,0.84166,0.558667,0.362881,0.637482,0.48743,0.623048,0.578135,0.618666,0.783614,0.729235,0.72019,0.773768,0.716084,0.553785,0.64972,0.626107,0.764753,0.774049,0.725126,0.743309,0.793493,0.588391,0.704526,0.676985,0.578232,0.316764,0.685349,0.768522,0.668666,0.622573,0.373575,0.418302,0.516283,0.588409,0.710868,0.689379,0.482137,0.717222
0.776092,0.550739,0.858705,0.786902,0.760999,0.697357,0.516959,0.614159,0.732982,0.639519,0.731487,0.799923,0.803601,0.690321,0.621859,0.559327,0.762221,0.743241,0.633891,0.740739,0.784511,0.554219,0.861423,0.880176,0.629641,0.733084,1,0.718869,0.261734,0.519611,0.43281,0.751433,0.659362,0.744057,0.702467,0.342537,0.111327,0.632625,0.766104,0.717554,0.580436,0.679408,0.776515,0.672008,0.833582,0.70245,0.737914,0.761396,0.636364,0.494106,0.838785,0.66611,0.699555,0.687749,0.6784,0.766585,0.747681,0.691059,0.737445,0.647667,0.593793,0.783253,0.601554,0.74352,0.767145,0.792259,0.709896,0.808407,0.661382,0.728532,0.804258,0.661719,0.36171,0.541722,0.639259,0.651278,0.775665,0.573156,0.529788,0.278348,0.641849,0.771245,0.678529,0.325497,0.767177
0.791761,0.640728,0.812642,0.757654,0.715927,0.774673,0.417358,0.496964,0.572411,0.517891,0.689222,0.648498,0.725548,0.7053,0.523689,0.716349,0.700134,0.762745,0.591636,0.729418,0.727279,0.618067,0.769817,0.818966,0.700637,0.81325,0.718869,1,0.375548,0.259377,0.47468,0.553199,0.625306,0.689989,0.657985,0.301799,0.387051,0.618479,0.704628,0.651472,0.630892,0.683247,0.802541,0.74056,0.823356,0.717551,0.748251,0.850123,0.531295,0.471449,0.637003,0.598251,0.654054,0.494921,0.572608,0.831236,0.653143,0.763787,0.722583,0.544205,0.460181,0.679836,0.673409,0.741378,0.749994,0.79534,0.685449,0.763568,0.564586,0.705983,0.700965,0.638432,0.535036,0.50391,0.666989,0.726179,0.687102,0.511337,0.410307,0.389751,0.728488,0.718278,0.774705,0.524116,0.688152
0.494288,0.513223,0.464755,0.421308,0.37887,0.347893,0.409048,0.346528,0.209798,0.249316,0.38344,0.354327,0.288416,0.42942,0.120308,0.428989,0.39818,0.393938,0.307717,0.323659,0.375365,0.405951,0.312601,0.415381,0.447016,0.359205,0.261734,0.375548,1,0.0622366,0.328013,0.337914,0.284402,0.192146,0.255568,-0.0983181,0.00760912,0.34143,0.40031,0.266887,0.00520134,0.274338,0.436489,0.501826,0.448075,0.410761,0.423806,0.343172,0.463137,0.307831,0.253314,0.270089,0.334763,0.150044,0.31569,0.470844,0.439456,0.508043,0.520837,0.186488,0.275839,0.329972,0.346005,0.489438,0.456023,0.179347,0.311445,0.303817,0.305241,0.194421,0.286548,0.258969,0.361186,0.290963,0.00256767,0.36327,0.264589,0.160499,0.195772,-0.145915,0.383134,0.415509,0.564336,0.0672672,0.293026
0.393647,0.219795,0.515141,0.418385,0.439225,0.284377,0.347163,0.361966,0.315805,0.448508,0.350612,0.486767,0.449256,0.266343,0.288179,0.291765,0.468769,0.226771,0.468692,0.560649,0.502201,0.237215,0.431997,0.530637,0.215042,0.354622,0.519611,0.259377,0.0622366,1,0.245151,0.357445,0.498825,0.395444,0.363678,0.216589,-0.0179893,0.422987,0.545023,0.575091,0.346914,0.429587,0.414809,0.348959,0.493702,0.29113,0.445494,0.345441,0.239814,0.312796,0.522294,0.53851,0.412303,0.476173,0.370058,0.31438,0.342346,0.363148,0.415367,0.495362,0.295308,0.498552,0.430516,0.459149,0.485358,0.490445,0.469593,0.424916,0.359893,0.343825,0.359594,0.433456,0.240869,0.218257,0.32679,0.404683,0.541207,0.399811,0.106881,0.136556,0.278324,0.45732,0.348466,0.399243,0.273201
0.510368,0.423516,0.533514,0.295466,0.501814,0.40632,0.434287,0.243658,0.258146,0.426798,0.586883,0.591128,0.602812,0.512217,0.273795,0.457288,0.523296,0.282886,0.501095,0.452372,0.529442,0.49184,0.583724,0.490629,0.333955,0.286128,0.43281,0.47468,0.328013,0.245151,1,0.344514,0.474437,0.468319,0.328876,-0.0862196,0.198869,0.425094,0.498947,0.396116,0.47962,0.466235,0.444101,0.432652,0.490594,0.426659,0.441334,0.278594,0.315149,0.364547,0.39145,0.62457,0.512473,0.303048,0.434141,0.472886,0.251831,0.50113,0.492979,0.238581,0.33815,0.391084,0.421044,0.490503,0.496497,0.47139,0.381303,0.49419,0.440913,0.46752,0.436002,0.306746,0.531766,0.06978,0.297893,0.497889,0.543704,0.426131,0.0215497,0.165826,0.444131,0.419068,0.513408,0.3932,0.329799
0.700351,0.633134,0.764283,0.626219,0.669892,0.528947,0.443383,0.440076,0.576459,0.531336,0.504637,0.719304,0.738629,0.605265,0.413106,0.619273,0.720871,0.680831,0.518932,0.662969,0.70064,0.515801,0.651154,0.742244,0.562683,0.617544,0.751433,0.553199,0.337914,0.357445,0.344514,1,0.664075,0.513,0.592608,0.434844,0.248947,0.697834,0.711336,0.633682,0.451644,0.691725,0.757318,0.639235,0.741228,0.625959,0.698628,0.585229,0.493791,0.319942,0.495885,0.491159,0.549702,0.642974,0.674633,0.609352,0.611939,0.678184,0.716605,0.585107,0.597304,0.512572,0.513016,0.696386,0.696548,0.698215,0.501514,0.697964,0.485929,0.703761,0.629947,0.577139,0.27427,0.47249,0.570476,0.620851,0.570752,0.493102,0.434063,0.141477,0.678787,0.718625,0.547586,0.251712,0.530027
0.775523,0.606092,0.820168,0.688453,0.644955,0.590883,0.514875,0.445657,0.566719,0.729363,0.678716,0.760073,0.81149,0.706926,0.349942,0.725564,0.84357,0.542219,0.625354,0.822645,0.833359,0.634476,0.647399,0.771689,0.560506,0.656441,0.659362,0.625306,0.284402,0.498825,0.474437,0.664075,1,0.682062,0.607821,0.386775,0.317802,0.66819,0.819675,0.824412,0.480603,0.737611,0.768408,0.754342,0.788386,0.62456,0.814636,0.66708,0.38684,0.521829,0.508652,0.618227,0.65664,0.65441,0.697487,0.677443,0.552697,0.799291,0.749393,0.607434,0.605077,0.556077,0.591102,0.826518,0.835814,0.761794,0.468486,0.741929,0.536843,0.680193,0.719646,0.594249,0.270293,0.472388,0.574854,0.752539,0.773952,0.651683,0.358211,0.413929,0.636599,0.80705,0.710719,0.464499,0.476565
0.691365,0.523962,0.745537,0.668617,0.658053,0.65704,0.542415,0.543397,0.524435,0.501318,0.702924,0.572049,0.701394,0.713164,0.510763,0.5873,0.590884,0.49224,0.58329,0.73512,0.764259,0.526379,0.739303,0.780979,0.549199,0.599753,0.744057,0.689989,0.192146,0.395444,0.468319,0.513,0.682062,1,0.660933,0.244959,0.248134,0.372963,0.668251,0.687507,0.588419,0.561823,0.737495,0.60732,0.750822,0.712813,0.660616,0.678185,0.525793,0.542849,0.65348,0.677313,0.70042,0.516456,0.514791,0.759562,0.544143,0.62176,0.621704,0.585103,0.461465,0.51758,0.587207,0.696662,0.710502,0.65186,0.591765,0.7554,0.507401,0.60632,0.663138,0.631736,0.316881,0.234721,0.502114,0.550679,0.800025,0.597997,0.278504,0.457889,0.529996,0.676358,0.656171,0.347014,0.576438
0.717002,0.392759,0.738614,0.705831,0.787572,0.596178,0.362688,0.454684,0.517146,0.55802,0.562225,0.632939,0.693606,0.578952,0.373028,0.474193,0.642283,0.672382,0.454976,0.692902,0.715291,0.427111,0.618099,0.775022,0.688083,0.729989,0.702467,0.657985,0.255568,0.363678,0.328876,0.592608,0.607821,0.660933,1,0.180663,0.16155,0.471678,0.665033,0.695797,0.399765,0.562799,0.748084,0.576133,0.766358,0.782318,0.710311,0.697261,0.626035,0.525658,0.660194,0.578234,0.68,0.685356,0.687326,0.710552,0.539008,0.626015,0.717546,0.646111,0.615809,0.651912,0.588327,0.746916,0.75802,0.692358,0.628908,0.806071,0.508875,0.61513,0.618772,0.46578,0.341311,0.617951,0.719008,0.666955,0.64933,0.378435,0.27129,0.361415,0.650337,0.741614,0.692716,0.421144,0.723478
0.320255,0.40007,0.370194,0.26688,0.31566,0.382526,0.0734342,0.122064,0.541479,0.368017,0.291432,0.348176,0.324456,0.385658,0.289077,0.464683,0.367101,0.382741,0.339978,0.423895,0.378508,0.227385,0.280788,0.355348,0.241244,0.254092,0.342537,0.301799,-0.0983181,0.216589,-0.0862196,0.434844,0.386775,0.244959,0.180663,1,0.45197,0.483843,0.434556,0.469803,0.410252,0.359142,0.39426,0.384425,0.367374,0.288702,0.36863,0.373314,0.113734,0.14327,0.179449,0.296595,0.292933,0.346642,0.280469,0.300825,0.43148,0.390967,0.352363,0.292522,0.163042,0.268519,0.282718,0.326797,0.306167,0.403453,0.254654,0.309731,0.160445,0.225475,0.32569,0.488253,0.0339066,0.189163,0.225141,0.411238,0.242328,0.364427,0.436503,0.183369,0.200575,0.450034,0.225981,0.0843265,0.150686
0.271919,0.292516,0.291112,0.0222163,0.247152,0.231094,-0.084663,-0.00919249,0.304392,0.122635,0.213368,0.281313,0.203165,0.300318,0.0914877,0.404088,0.239252,0.259335,0.232771,0.339992,0.282979,0.234351,0.174348,0.280481,0.275566,0.206641,0.111327,0.387051,0.00760912,-0.0179893,0.198869,0.248947,0.317802,0.248134,0.16155,0.45197,1,0.395062,0.37467,0.314866,0.372458,0.289075,0.303512,0.28531,0.302301,0.251664,0.35978,0.319308,-0.0426368,-0.0540567,-0.0135354,0.179122,0.0953744,0.162527,0.19214,0.330745,0.0779174,0.320822,0.242327,0.17407,0.11562,0.106561,0.48508,0.261815,0.238061,0.362219,0.0555926,0.28205,-0.0182965,0.345712,0.164265,0.453501,0.194788,-0.0575777,0.245682,0.382261,0.292803,0.103821,0.153996,0.140893,0.372178,0.344051,0.292724,0.36557,0.0293254
0.72245,0.638708,0.762366,0.560843,0.67172,0.550361,0.39598,0.44482,0.582738,0.595632,0.522595,0.74185,0.701507,0.632353,0.336851,0.687712,0.738085,0.692057,0.635412,0.719246,0.732237,0.565221,0.642009,0.705867,0.50954,0.608556,0.632625,0.618479,0.34143,0.422987,0.425094,0.697834,0.66819,0.372963,0.471678,0.483843,0.395062,1,0.778102,0.703048,0.445896,0.776979,0.734745,0.741718,0.731711,0.59343,0.728763,0.600924,0.428015,0.315096,0.486318,0.520215,0.573408,0.484633,0.589709,0.635012,0.607186,0.703927,0.726593,0.558389,0.652428,0.615136,0.676846,0.74398,0.729628,0.731641,0.512896,0.612852,0.559512,0.637779,0.681512,0.665845,0.40499,0.483303,0.58322,0.766335,0.659546,0.458184,0.487604,0.304905,0.627708,0.721179,0.650274,0.388802,0.541508
0.8334,0.677693,0.886985,0.693743,0.761482,0.6868,0.621447,0.649613,0.639887,0.703676,0.662856,0.806538,0.804105,0.772645,0.39056,0.812505,0.803492,0.699926,0.746515,0.919586,0.923798,0.689678,0.743796,0.869834,0.658511,0.690663,0.766104,0.704628,0.40031,0.545023,0.498947,0.711336,0.819675,0.668251,0.665033,0.434556,0.37467,0.778102,1,0.885743,0.443741,0.751662,0.836429,0.770705,0.855114,0.763507,0.831422,0.717127,0.541907,0.493611,0.625529,0.696509,0.719592,0.623326,0.693515,0.807351,0.692145,0.8401,0.788375,0.692175,0.682692,0.717238,0.765916,0.914697,0.895222,0.817839,0.618083,0.756988,0.539731,0.691388,0.717962,0.720962,0.420506,0.455734,0.565031,0.781055,0.776331,0.575786,0.41494,0.296632,0.654029,0.93158,0.830658,0.372292,0.575495
0.75583,0.578354,0.826861,0.721439,0.720277,0.65897,0.528909,0.570998,0.692675,0.777719,0.689843,0.690942,0.743462,0.731969,0.345729,0.706963,0.791257,0.670467,0.692538,0.885688,0.914447,0.6151,0.682083,0.812071,0.593693,0.637482,0.717554,0.651472,0.266887,0.575091,0.396116,0.633682,0.824412,0.687507,0.695797,0.469803,0.314866,0.703048,0.885743,1,0.49008,0.78046,0.79221,0.72052,0.817251,0.767108,0.855488,0.747744,0.542681,0.566008,0.586575,0.751648,0.76689,0.651689,0.659538,0.707931,0.626624,0.756738,0.723467,0.674217,0.615103,0.655493,0.694912,0.871544,0.882737,0.752904,0.639056,0.754821,0.481659,0.593285,0.718015,0.663807,0.386811,0.431585,0.565904,0.79289,0.802269,0.694302,0.387021,0.381481,0.55335,0.882454,0.796124,0.4766,0.600691
0.508001,0.479252,0.596791,0.519604,0.572348,0.586152,0.214379,0.102451,0.489714,0.429945,0.600291,0.551576,0.623231,0.504333,0.648799,0.429023,0.538238,0.544151,0.491092,0.555832,0.523655,0.437185,0.68736,0.628988,0.486306,0.567074,0.580436,0.630892,0.00520134,0.346914,0.47962,0.451644,0.480603,0.588419,0.399765,0.410252,0.372458,0.445896,0.443741,0.49008,1,0.545501,0.584605,0.505356,0.614407,0.511548,0.512672,0.60383,0.224922,0.0361925,0.49872,0.648455,0.570912,0.523665,0.505912,0.511617,0.482178,0.463442,0.59142,0.450564,0.176115,0.428983,0.452288,0.42814,0.47846,0.622084,0.650928,0.677336,0.436524,0.581496,0.525416,0.629344,0.299522,0.233527,0.488175,0.568841,0.49776,0.464246,0.372664,0.447637,0.402581,0.432023,0.432422,0.5954,0.390404
0.700107,0.532659,0.757555,0.705907,0.627781,0.581348,0.482893,0.481119,0.646726,0.686917,0.585838,0.682812,0.758331,0.648428,0.322131,0.622357,0.71098,0.669529,0.59034,0.738098,0.810609,0.681146,0.7056,0.730155,0.533349,0.6049,0.679408,0.683247,0.274338,0.429587,0.466235,0.691725,0.737611,0.561823,0.562799,0.359142,0.289075,0.776979,0.751662,0.78046,0.545501,1,0.760065,0.655235,0.730513,0.640069,0.780984,0.612797,0.382087,0.43111,0.563589,0.617573,0.62959,0.574782,0.597656,0.628807,0.608373,0.691828,0.685208,0.603134,0.562426,0.496672,0.647766,0.774036,0.752221,0.769736,0.598005,0.670692,0.522739,0.654018,0.663282,0.608746,0.422731,0.378222,0.632053,0.759944,0.672132,0.628493,0.460873,0.326367,0.603014,0.763561,0.691442,0.32956,0.550571
0.940812,0.82201,0.936631,0.838981,0.819049,0.776035,0.543068,0.540546,0.626519,0.666651,0.699635,0.775967,0.852642,0.874074,0.586233,0.846326,0.826765,0.808,0.780537,0.903828,0.89916,0.739446,0.812411,0.946634,0.766662,0.833982,0.776515,0.802541,0.436489,0.414809,0.444101,0.757318,0.768408,0.737495,0.748084,0.39426,0.303512,0.734745,0.836429,0.79221,0.584605,0.760065,1,0.8797,0.940226,0.88382,0.905917,0.83745,0.59638,0.502015,0.641617,0.658575,0.778003,0.638552,0.729319,0.907448,0.78095,0.867311,0.874076,0.798101,0.632656,0.686778,0.742588,0.904426,0.903671,0.795166,0.758897,0.900687,0.635064,0.749123,0.80343,0.718316,0.396593,0.572735,0.660385,0.786509,0.74414,0.492104,0.378046,0.450395,0.677959,0.885769,0.825191,0.422294,0.703206
0.91414,0.90742,0.875417,0.743041,0.780196,0.81796,0.514112,0.543778,0.600925,0.669303,0.705542,0.790176,0.81319,0.895533,0.541652,0.870022,0.869534,0.74544,0.670095,0.826094,0.820204,0.677304,0.739112,0.842604,0.73091,0.749549,0.672008,0.74056,0.501826,0.348959,0.432652,0.639235,0.754342,0.60732,0.576133,0.384425,0.28531,0.741718,0.770705,0.72052,0.505356,0.655235,0.8797,1,0.890138,0.78691,0.866522,0.814429,0.549873,0.515997,0.535749,0.671172,0.787974,0.570697,0.743427,0.884108,0.79434,0.934191,0.886951,0.575796,0.627988,0.702336,0.683775,0.86219,0.868122,0.76403,0.634114,0.795871,0.636739,0.606871,0.826349,0.660677,0.395492,0.664584,0.515852,0.812627,0.731249,0.564732,0.477232,0.411053,0.640269,0.823198,0.781392,0.403291,0.653638
0.929217,0.767188,0.980689,0.847496,0.890849,0.802975,0.524781,0.572555,0.709489,0.663183,0.751293,0.858054,0.8735,0.827936,0.645188,0.769333,0.876945,0.806015,0.778811,0.888203,0.881732,0.626149,0.863485,0.970894,0.794322,0.817088,0.833582,0.823356,0.448075,0.493702,0.490594,0.741228,0.788386,0.750822,0.766358,0.367374,0.302301,0.731711,0.855114,0.817251,0.614407,0.730513,0.940226,0.890138,1,0.861457,0.89797,0.886546,0.652984,0.520612,0.748769,0.74841,0.792792,0.710284,0.790794,0.911891,0.798892,0.897836,0.907714,0.695734,0.6003,0.79199,0.786246,0.889949,0.918929,0.835609,0.780772,0.935266,0.706751,0.79412,0.835777,0.760623,0.506645,0.641138,0.631834,0.816295,0.784979,0.537686,0.495634,0.400664,0.74922,0.889568,0.816379,0.522043,0.752313
0.875361,0.749828,0.829888,0.720452,0.847307,0.779012,0.530937,0.573071,0.625839,0.642007,0.713057,0.716439,0.755931,0.85487,0.553855,0.718877,0.701153,0.787079,0.679195,0.816657,0.850431,0.651074,0.721557,0.846536,0.759817,0.687585,0.70245,0.717551,0.410761,0.29113,0.426659,0.625959,0.62456,0.712813,0.782318,0.288702,0.251664,0.59343,0.763507,0.767108,0.511548,0.640069,0.88382,0.78691,0.861457,1,0.842971,0.765694,0.681559,0.487516,0.602086,0.697661,0.856885,0.643547,0.755215,0.865695,0.716381,0.778533,0.816581,0.692664,0.600624,0.696725,0.726293,0.854529,0.847828,0.699075,0.752651,0.876991,0.556969,0.557908,0.780234,0.696479,0.3633,0.533251,0.554495,0.756527,0.71437,0.516872,0.407147,0.438914,0.598119,0.8432,0.823823,0.33099,0.714455
0.883897,0.753272,0.893617,0.771268,0.754067,0.731782,0.472912,0.478523,0.674908,0.736656,0.743615,0.767652,0.815975,0.855877,0.446154,0.788653,0.86366,0.729428,0.727067,0.877636,0.886499,0.764947,0.740165,0.881225,0.686024,0.7542,0.737914,0.748251,0.423806,0.445494,0.441334,0.698628,0.814636,0.660616,0.710311,0.36863,0.35978,0.728763,0.831422,0.855488,0.512672,0.780984,0.905917,0.866522,0.89797,0.842971,1,0.811303,0.485957,0.532534,0.574436,0.695389,0.758868,0.66141,0.7412,0.866598,0.70991,0.880794,0.831319,0.695676,0.635253,0.698904,0.728008,0.900487,0.898289,0.752176,0.690353,0.850423,0.633026,0.663678,0.793688,0.64508,0.440208,0.565092,0.631377,0.839515,0.790623,0.593412,0.405098,0.396021,0.620011,0.893826,0.844014,0.459813,0.65898
0.820703,0.683728,0.844393,0.822891,0.76388,0.824564,0.327408,0.522695,0.715056,0.569673,0.665022,0.669833,0.700178,0.749674,0.585437,0.684675,0.74964,0.833785,0.62243,0.770964,0.748765,0.549877,0.754187,0.871548,0.801913,0.84166,0.761396,0.850123,0.343172,0.345441,0.278594,0.585229,0.66708,0.678185,0.697261,0.373314,0.319308,0.600924,0.717127,0.747744,0.60383,0.612797,0.83745,0.814429,0.886546,0.765694,0.811303,1,0.575477,0.438178,0.658293,0.593816,0.665337,0.600509,0.644389,0.852238,0.750739,0.784901,0.758412,0.583294,0.501279,0.721889,0.694418,0.746254,0.787177,0.748611,0.694812,0.828293,0.532125,0.716639,0.775982,0.695022,0.412683,0.643715,0.611052,0.723698,0.695418,0.465523,0.504791,0.414903,0.660726,0.785705,0.769499,0.580144,0.775789
0.641323,0.45836,0.665134,0.635878,0.697376,0.525053,0.599097,0.717508,0.458866,0.478321,0.556462,0.561768,0.471055,0.500715,0.444485,0.432131,0.510229,0.624878,0.468624,0.539445,0.617922,0.316443,0.566162,0.637361,0.467598,0.558667,0.636364,0.531295,0.463137,0.239814,0.315149,0.493791,0.38684,0.525793,0.626035,0.113734,-0.0426368,0.428015,0.541907,0.542681,0.224922,0.382087,0.59638,0.549873,0.652984,0.681559,0.485957,0.575477,1,0.567506,0.597149,0.486319,0.637088,0.401169,0.481432,0.589795,0.621428,0.503074,0.602887,0.43981,0.418176,0.540888,0.508113,0.643972,0.641299,0.483086,0.596604,0.60436,0.379732,0.364624,0.579028,0.434928,0.246441,0.515399,0.355158,0.53173,0.551448,0.35177,0.393149,0.281489,0.502113,0.595744,0.578236,0.204124,0.704069
0.580657,0.377037,0.523433,0.493356,0.446697,0.449341,0.520968,0.579375,0.341295,0.533913,0.533954,0.463148,0.494659,0.553812,0.116142,0.497314,0.511401,0.319682,0.430534,0.495041,0.58446,0.372393,0.4192,0.512678,0.344702,0.362881,0.494106,0.471449,0.307831,0.312796,0.364547,0.319942,0.521829,0.542849,0.525658,0.14327,-0.0540567,0.315096,0.493611,0.566008,0.0361925,0.43111,0.502015,0.515997,0.520612,0.487516,0.532534,0.438178,0.567506,1,0.487404,0.452369,0.549592,0.289912,0.391685,0.516471,0.432172,0.585793,0.465906,0.339961,0.375854,0.457731,0.362186,0.610781,0.608977,0.4014,0.323059,0.462303,0.386857,0.278647,0.486762,0.248059,0.427667,0.32648,0.341969,0.4166,0.580181,0.528454,0.0851533,0.175935,0.384802,0.585335,0.572548,0.061077,0.569499
0.684767,0.327227,0.75923,0.7622,0.702815,0.66296,0.531249,0.581388,0.60185,0.457519,0.583521,0.744796,0.697608,0.497196,0.649342,0.386049,0.588332,0.604021,0.644238,0.612804,0.672321,0.41636,0.857659,0.773079,0.632853,0.637482,0.838785,0.637003,0.253314,0.522294,0.39145,0.495885,0.508652,0.65348,0.660194,0.179449,-0.0135354,0.486318,0.625529,0.586575,0.49872,0.563589,0.641617,0.535749,0.748769,0.602086,0.574436,0.658293,0.597149,0.487404,1,0.576769,0.588729,0.633046,0.583185,0.653863,0.724507,0.565835,0.663125,0.493092,0.381259,0.778255,0.621819,0.607932,0.651554,0.65928,0.791707,0.752021,0.612108,0.662122,0.699839,0.572878,0.368379,0.553012,0.546007,0.46786,0.664965,0.389953,0.486479,0.310863,0.564092,0.636211,0.56063,0.306406,0.741862
0.668491,0.609019,0.744943,0.586757,0.705694,0.649524,0.516189,0.459318,0.594396,0.754332,0.762907,0.709869,0.765864,0.68741,0.493627,0.568699,0.762625,0.585031,0.612323,0.726733,0.759841,0.560111,0.720936,0.733127,0.497016,0.48743,0.66611,0.598251,0.270089,0.53851,0.62457,0.491159,0.618227,0.677313,0.578234,0.296595,0.179122,0.520215,0.696509,0.751648,0.648455,0.617573,0.658575,0.671172,0.74841,0.697661,0.695389,0.593816,0.486319,0.452369,0.576769,1,0.892157,0.659444,0.727747,0.651471,0.573546,0.69836,0.754229,0.493846,0.458044,0.648336,0.506472,0.697417,0.734753,0.68865,0.660929,0.707118,0.514351,0.47613,0.639077,0.543112,0.502589,0.362137,0.330809,0.730348,0.722615,0.658009,0.35208,0.293229,0.483247,0.701274,0.646484,0.4579,0.493615
0.802436,0.724909,0.786459,0.683838,0.782318,0.725096,0.603818,0.570321,0.558149,0.823457,0.806876,0.737122,0.817823,0.804138,0.518927,0.680038,0.780507,0.724493,0.635512,0.788941,0.830876,0.648087,0.710819,0.781071,0.615392,0.623048,0.699555,0.654054,0.334763,0.412303,0.512473,0.549702,0.65664,0.70042,0.68,0.292933,0.0953744,0.573408,0.719592,0.76689,0.570912,0.62959,0.778003,0.787974,0.792792,0.856885,0.758868,0.665337,0.637088,0.549592,0.588729,0.892157,1,0.699863,0.812241,0.749701,0.687259,0.771576,0.853318,0.593862,0.615782,0.67423,0.528434,0.821693,0.821346,0.717711,0.700948,0.778099,0.560817,0.467582,0.753163,0.610128,0.345663,0.523297,0.460229,0.758036,0.755615,0.669015,0.402048,0.41202,0.517295,0.773996,0.749485,0.333374,0.62199
