1,0.777226,0.956251,0.872207,0.732719,0.606072,0.613364,0.593341,0.478271,0.68404,0.685742,0.725132,0.720927,0.594716,0.525222,0.772062,0.800387,0.587886,0.726905,0.742941,0.767188,0.459615,0.781498,0.891698,0.454154,0.798887,0.767253,0.595045,0.630449,0.342213,0.599921,0.637821,0.74939,0.654189,0.590969,0.219374,0.375955,0.452803,0.795208,0.851513,0.554279,0.494739,0.922534,0.748862,0.943776,0.84519,0.803317,0.704092,0.605504,0.587379,0.635098,0.796343,0.748208,0.652482,0.796322,0.73098,0.730277,0.660517,0.820434,0.51173,0.469193,0.517781,0.578578,0.777296,0.816001,0.671947,0.822848,0.892465,0.680495,0.735801,0.79319,0.725948,0.643172,0.402062,0.502322,0.684475,0.717067,0.689934,0.65825,0.455017,0.627237,0.81483,0.741183,0.487505,0.564609
0.777226,1,0.804401,0.802783,0.59195,0.62842,0.364567,0.451097,0.382386,0.621717,0.644494,0.657273,0.527339,0.859288,0.577369,0.828823,0.719096,0.490611,0.564109,0.650188,0.548066,0.355723,0.698636,0.760877,0.435331,0.575328,0.595635,0.548654,0.347499,0.312295,0.362085,0.524024,0.589326,0.481393,0.482562,0.0234286,0.190901,0.257758,0.704863,0.669823,0.337725,0.312725,0.833753,0.88291,0.825076,0.665359,0.58496,0.482502,0.602262,0.404809,0.473914,0.746648,0.7756,0.703656,0.757257,0.856416,0.670752,0.798178,0.831287,0.354209,0.431049,0.277621,0.328105,0.707571,0.677161,0.447209,0.68676,0.715412,0.509444,0.628694,0.626905,0.503787,0.474821,0.2052,0.430185,0.452547,0.575489,0.519925,0.505356,0.42552,0.622124,0.789117,0.542674,0.337465,0.423675
0.956251,0.804401,1,0.896953,0.779746,0.580712,0.650023,0.582414,0.451321,0.75772,0.78379,0.795544,0.763807,0.641468,0.538728,0.809722,0.871337,0.596452,0.779881,0.82262,0.826096,0.471834,0.825795,0.924466,0.501613,0.828038,0.833982,0.625326,0.573514,0.328916,0.567413,0.669346,0.801213,0.740014,0.650224,0.274895,0.410445,0.461497,0.863203,0.847277,0.535739,0.53091,0.943257,0.78233,0.978747,0.845883,0.830603,0.739199,0.657754,0.670362,0.675462,0.828828,0.854425,0.745367,0.861275,0.768436,0.775182,0.711418,0.897498,0.533315,0.538218,0.565056,0.594316,0.861673,0.87172,0.728785,0.840025,0.924737,0.709426,0.796953,0.827115,0.739566,0.612612,0.445629,0.515582,0.743766,0.77007,0.720667,0.709299,0.493837,0.622037,0.890594,0.745355,0.507154,0.602127
0.872207,0.802783,0.896953,1,0.767104,0.582447,0.611455,0.536238,0.454378,0.772952,0.766058,0.764281,0.749541,0.66251,0.417638,0.802221,0.800141,0.624452,0.748779,0.809714,0.795972,0.518015,0.689755,0.862921,0.459492,0.814826,0.696738,0.586702,0.483698,0.234431,0.506452,0.586648,0.710821,0.649419,0.593581,0.240901,0.42976,0.305867,0.784578,0.749416,0.433966,0.478216,0.875764,0.770311,0.885019,0.860878,0.775839,0.730737,0.649578,0.694021,0.617808,0.819355,0.820131,0.628166,0.801392,0.754803,0.780615,0.750982,0.838178,0.504186,0.407862,0.572438,0.542582,0.847408,0.811465,0.577484,0.764807,0.849057,0.649598,0.734986,0.773374,0.615691,0.583919,0.390505,0.448308,0.596565,0.688105,0.638901,0.616056,0.423432,0.584647,0.825024,0.663259,0.387496,0.569434
0.732719,0.59195,0.779746,0.767104,1,0.644123,0.574022,0.465873,0.444819,0.637378,0.585295,0.602332,0.744189,0.406246,0.276394,0.639019,0.698556,0.567724,0.713774,0.779509,0.820056,0.595196,0.676169,0.861617,0.449267,0.807559,0.782963,0.507353,0.516417,0.258113,0.406254,0.508111,0.579799,0.600531,0.642483,0.361885,0.428643,0.230672,0.672916,0.660624,0.372068,0.479955,0.742089,0.537899,0.746875,0.718439,0.683707,0.722122,0.612792,0.689864,0.450295,0.664604,0.76391,0.503907,0.623461,0.541304,0.695655,0.627713,0.69284,0.560056,0.462678,0.573696,0.563772,0.786934,0.84363,0.691208,0.783723,0.78486,0.573937,0.72444,0.802043,0.649346,0.645808,0.429144,0.537631,0.607318,0.723235,0.580516,0.691894,0.384411,0.563031,0.660314,0.621708,0.527351,0.704446
0.606072,0.62842,0.580712,0.582447,0.644123,1,0.331399,0.53825,0.363413,0.361404,0.283601,0.357688,0.543187,0.478111,0.341581,0.538003,0.467502,0.506049,0.565372,0.507744,0.477788,0.576636,0.606375,0.72376,0.431795,0.584049,0.568938,0.611783,0.304816,0.376735,0.181619,0.450966,0.339451,0.391273,0.539893,0.134423,-0.00656728,0.145972,0.51476,0.495685,0.211493,0.310775,0.648897,0.533714,0.584444,0.675706,0.448713,0.429446,0.434789,0.32556,0.376875,0.42177,0.52389,0.298799,0.525181,0.568103,0.578133,0.44398,0.604179,0.472942,0.368597,0.404832,0.398644,0.526045,0.553495,0.382029,0.734997,0.6558,0.298533,0.488337,0.689458,0.466664,0.449792,0.123073,0.461418,0.330465,0.557867,0.436957,0.426126,0.489049,0.500858,0.488279,0.57496,0.325342,0.599562
0.613364,0.364567,0.650023,0.611455,0.574022,0.331399,1,0.484727,0.501516,0.75263,0.621629,0.556442,0.714981,0.242358,0.199869,0.494535,0.598063,0.602237,0.57464,0.713888,0.722146,0.368496,0.546938,0.646274,0.325771,0.700081,0.661846,0.419304,0.460104,0.39281,0.425272,0.489108,0.663088,0.692602,0.587183,0.420145,0.398726,0.400746,0.602549,0.660856,0.504034,0.674944,0.565696,0.37707,0.625872,0.591212,0.71523,0.587173,0.462071,0.610983,0.448499,0.531257,0.512599,0.450302,0.574418,0.342925,0.568686,0.491848,0.557854,0.306467,0.355297,0.637897,0.621458,0.635273,0.671785,0.55485,0.571506,0.679273,0.55902,0.681826,0.640155,0.560114,0.521726,0.419465,0.428093,0.646583,0.733257,0.524236,0.399385,0.466503,0.470976,0.613252,0.598173,0.39862,0.578504
0.593341,0.451097,0.582414,0.536238,0.465873,0.53825,0.484727,1,0.322025,0.536854,0.289258,0.447125,0.6257,0.447513,0.352486,0.418311,0.651629,0.547192,0.668048,0.559955,0.549797,0.444641,0.589977,0.636512,0.418754,0.634234,0.585075,0.456846,0.39841,0.298674,0.206812,0.480874,0.573347,0.454367,0.459064,0.157242,0.30235,0.344623,0.499917,0.529164,0.234331,0.577674,0.631656,0.48691,0.596547,0.613444,0.631974,0.532814,0.514608,0.327637,0.510486,0.304122,0.402469,0.37852,0.633234,0.56096,0.556505,0.401641,0.523519,0.416156,0.515426,0.564158,0.481953,0.505583,0.563511,0.550997,0.65366,0.684679,0.52992,0.592729,0.595622,0.614324,0.328832,0.125006,0.211097,0.463425,0.433567,0.68684,0.570014,0.291174,0.495475,0.510659,0.567354,0.328294,0.66054
0.478271,0.382386,0.451321,0.454378,0.444819,0.363413,0.501516,0.322025,1,0.472192,0.298075,0.414015,0.60337,0.372922,0.421521,0.500115,0.381734,0.670578,0.399079,0.442823,0.451188,0.300788,0.379784,0.512028,0.179992,0.474458,0.445019,0.233282,0.368211,0.364895,0.25699,0.347192,0.428449,0.441882,0.294405,0.475801,-0.0236906,0.167136,0.425566,0.487948,0.275799,0.325079,0.505452,0.344866,0.457055,0.318249,0.366164,0.487355,0.34197,0.213491,0.317911,0.274037,0.349882,0.4677,0.528702,0.390481,0.505149,0.561153,0.503382,0.227139,0.085287,0.358643,0.486187,0.40713,0.431491,0.499822,0.385356,0.509569,0.255227,0.481275,0.455814,0.266859,0.48582,0.144421,0.597943,0.26364,0.549322,0.433514,0.162607,0.207407,0.404444,0.408262,0.522003,0.324612,0.41337
0.68404,0.621717,0.75772,0.772952,0.637378,0.361404,0.75263,0.536854,0.472192,1,0.749969,0.725624,0.72245,0.545358,0.352463,0.683162,0.711117,0.606679,0.677214,0.788573,0.723602,0.50222,0.550009,0.703698,0.40694,0.742794,0.590908,0.390816,0.380686,0.257905,0.480467,0.552728,0.777561,0.655871,0.549221,0.293356,0.462261,0.304683,0.701864,0.664567,0.327217,0.554106,0.715362,0.69502,0.744178,0.690537,0.763571,0.707104,0.591898,0.627356,0.554962,0.69215,0.643754,0.623708,0.762915,0.602852,0.6895,0.685252,0.717292,0.395673,0.457818,0.613733,0.512255,0.778216,0.7338,0.596987,0.576506,0.757225,0.694919,0.75562,0.601115,0.628675,0.558707,0.360784,0.416101,0.58914,0.710832,0.561566,0.500366,0.279082,0.520648,0.748449,0.572656,0.307543,0.560635
0.685742,0.644494,0.78379,0.766058,0.585295,0.283601,0.621629,0.289258,0.298075,0.749969,1,0.72226,0.632554,0.549004,0.379452,0.728095,0.721811,0.354759,0.550504,0.686851,0.696694,0.352934,0.55636,0.661104,0.287224,0.601397,0.565958,0.455616,0.358357,0.184675,0.428638,0.540643,0.668895,0.673797,0.567512,0.270158,0.365888,0.422077,0.70476,0.678572,0.483022,0.481386,0.706124,0.674298,0.753223,0.662989,0.656321,0.545724,0.47551,0.603453,0.60076,0.801948,0.758686,0.64575,0.715699,0.58277,0.705024,0.637878,0.719969,0.407533,0.373563,0.446431,0.356473,0.743516,0.690717,0.538804,0.530676,0.692415,0.627839,0.669529,0.581405,0.594218,0.428547,0.359276,0.386809,0.544851,0.696987,0.555961,0.476765,0.330491,0.525182,0.783826,0.568098,0.385017,0.432449
0.725132,0.657273,0.795544,0.764281,0.602332,0.357688,0.556442,0.447125,0.414015,0.725624,0.72226,1,0.757093,0.603475,0.434531,0.646151,0.707796,0.444193,0.630745,0.684417,0.649965,0.333186,0.686226,0.70066,0.293732,0.692877,0.60883,0.374579,0.460769,0.165454,0.498334,0.431764,0.67844,0.601957,0.365178,0.295998,0.327362,0.453346,0.647954,0.651949,0.396545,0.411166,0.761914,0.69307,0.749646,0.599251,0.686518,0.620819,0.407447,0.566479,0.629333,0.655211,0.663505,0.754371,0.802305,0.678562,0.651534,0.580069,0.750677,0.488389,0.331875,0.558468,0.449918,0.73768,0.706144,0.626857,0.652421,0.710845,0.484183,0.582751,0.620343,0.51206,0.455255,0.327747,0.430034,0.557156,0.573724,0.482537,0.58215,0.260574,0.564559,0.701346,0.592885,0.380753,0.445843
0.720927,0.527339,0.763807,0.749541,0.744189,0.543187,0.714981,0.6257,0.60337,0.72245,0.632554,0.757093,1,0.451801,0.486388,0.642639,0.765977,0.63071,0.716488,0.715535,0.721321,0.56235,0.682818,0.799314,0.363476,0.791383,0.75484,0.453693,0.444599,0.456481,0.345793,0.511592,0.692175,0.709322,0.573806,0.486521,0.326523,0.445709,0.660148,0.674643,0.448429,0.721549,0.760418,0.571517,0.737911,0.684543,0.682923,0.694889,0.533123,0.625107,0.570203,0.510014,0.647423,0.613281,0.798169,0.607948,0.754614,0.575386,0.712588,0.490669,0.299679,0.752425,0.543266,0.712077,0.732429,0.678386,0.734467,0.823253,0.589398,0.715276,0.791652,0.689686,0.623493,0.390469,0.560349,0.619866,0.713561,0.710796,0.599782,0.363828,0.62244,0.630983,0.684058,0.522096,0.782947
0.594716,0.859288,0.641468,0.66251,0.406246,0.478111,0.242358,0.447513,0.372922,0.545358,0.549004,0.603475,0.451801,1,0.517911,0.772544,0.684058,0.434311,0.467564,0.492378,0.400877,0.215743,0.611245,0.594111,0.334071,0.420395,0.421199,0.473822,0.189587,0.24362,0.160598,0.403914,0.578729,0.405719,0.374215,0.0680942,0.0372979,0.273035,0.641255,0.515115,0.121698,0.256257,0.717079,0.889448,0.666407,0.535754,0.412596,0.412428,0.550972,0.281145,0.333031,0.613114,0.702993,0.724723,0.799237,0.922766,0.600954,0.735915,0.797188,0.309445,0.367482,0.248401,0.251531,0.584908,0.503893,0.387674,0.499351,0.591448,0.319406,0.506035,0.458815,0.38097,0.271848,0.00229526,0.47288,0.303851,0.412804,0.444477,0.402532,0.319087,0.579232,0.658728,0.417587,0.254897,0.29071
0.525222,0.577369,0.538728,0.417638,0.276394,0.341581,0.199869,0.352486,0.421521,0.352463,0.379452,0.434531,0.486388,0.517911,1,0.533018,0.520415,0.294915,0.298259,0.343315,0.352251,0.302471,0.526497,0.514479,0.308369,0.351858,0.537069,0.343081,0.11328,0.469718,0.149376,0.354973,0.364433,0.399611,0.333449,0.235367,0.000959637,0.284612,0.464931,0.538812,0.34159,0.345623,0.650945,0.594463,0.579479,0.385073,0.339499,0.354458,0.272428,0.168381,0.463892,0.290388,0.478042,0.565423,0.595134,0.562801,0.395245,0.542294,0.552514,0.320811,0.298952,0.267956,0.119652,0.426285,0.43377,0.369555,0.479054,0.551893,0.366345,0.502611,0.457831,0.43685,0.25812,0.0910778,0.259904,0.310812,0.395646,0.493348,0.356202,0.18515,0.501141,0.533254,0.462714,0.32107,0.396665
0.772062,0.828823,0.809722,0.802221,0.639019,0.538003,0.494535,0.418311,0.500115,0.683162,0.728095,0.646151,0.642639,0.772544,0.533018,1,0.719211,0.502842,0.656459,0.759335,0.716202,0.38813,0.603099,0.766247,0.383979,0.616835,0.647564,0.561532,0.306613,0.310183,0.334537,0.529567,0.721248,0.660101,0.531215,0.38505,0.247612,0.441433,0.839359,0.801474,0.462073,0.354973,0.807257,0.81864,0.823446,0.754164,0.593886,0.612736,0.55985,0.560256,0.418314,0.811419,0.796877,0.647296,0.77722,0.799133,0.769151,0.864153,0.835785,0.399369,0.397427,0.345399,0.440648,0.804041,0.760546,0.600142,0.670452,0.770647,0.568126,0.670729,0.662139,0.584314,0.568992,0.272554,0.598892,0.58227,0.721649,0.570501,0.524094,0.35236,0.52107,0.819145,0.675645,0.541438,0.510357
0.800387,0.719096,0.871337,0.800141,0.698556,0.467502,0.598063,0.651629,0.381734,0.711117,0.721811,0.707796,0.765977,0.684058,0.520415,0.719211,1,0.565156,0.769984,0.749749,0.734671,0.427587,0.80566,0.837432,0.479185,0.741037,0.815334,0.593184,0.37604,0.366857,0.377269,0.636108,0.767219,0.589219,0.614351,0.245634,0.321408,0.399887,0.781131,0.709104,0.451423,0.560438,0.856717,0.761845,0.842841,0.735574,0.685896,0.610262,0.648945,0.581008,0.580978,0.662524,0.821987,0.791405,0.876994,0.790518,0.683324,0.670335,0.844244,0.519704,0.459806,0.58045,0.532413,0.779253,0.812874,0.60649,0.777626,0.837326,0.638145,0.828191,0.719536,0.715698,0.41354,0.294483,0.432366,0.631751,0.615879,0.761808,0.698779,0.417766,0.62777,0.810999,0.646084,0.493644,0.585226
0.587886,0.490611,0.596452,0.624452,0.567724,0.506049,0.602237,0.547192,0.670578,0.606679,0.354759,0.444193,0.63071,0.434311,0.294915,0.502842,0.565156,1,0.58113,0.590905,0.539226,0.40198,0.460389,0.687874,0.475195,0.625793,0.535746,0.527772,0.412814,0.268891,0.402947,0.382234,0.548563,0.479501,0.344039,0.165692,0.111364,0.0857864,0.586409,0.524295,0.227389,0.455581,0.647905,0.482009,0.557243,0.517466,0.532329,0.55469,0.54268,0.433056,0.436601,0.411292,0.485683,0.505791,0.648769,0.50318,0.612175,0.591615,0.636914,0.439275,0.185265,0.545618,0.623526,0.542265,0.535533,0.531461,0.520203,0.654619,0.491426,0.615485,0.605635,0.436502,0.402452,0.106347,0.415171,0.390729,0.490721,0.511227,0.326464,0.411954,0.511819,0.510048,0.502614,0.362248,0.466073
0.726905,0.564109,0.779881,0.748779,0.713774,0.565372,0.57464,0.668048,0.399079,0.677214,0.550504,0.630745,0.716488,0.467564,0.298259,0.656459,0.769984,0.58113,1,0.780056,0.778845,0.527425,0.616671,0.798356,0.565295,0.79233,0.724652,0.547595,0.388961,0.202561,0.489788,0.599632,0.676427,0.588025,0.501534,0.341744,0.304792,0.379998,0.704538,0.672441,0.420939,0.442597,0.749434,0.534115,0.751145,0.78763,0.660253,0.633702,0.573751,0.662079,0.502114,0.589047,0.683325,0.52596,0.755065,0.596827,0.657991,0.509446,0.716346,0.494038,0.375477,0.516447,0.582179,0.786259,0.823708,0.641618,0.760978,0.803943,0.599494,0.767623,0.650995,0.650026,0.526991,0.346976,0.445195,0.593827,0.661288,0.698611,0.69627,0.393039,0.430451,0.727326,0.672596,0.511933,0.666902
0.742941,0.650188,0.82262,0.809714,0.779509,0.507744,0.713888,0.559955,0.442823,0.788573,0.686851,0.684417,0.715535,0.492378,0.343315,0.759335,0.749749,0.590905,0.780056,1,0.917183,0.539675,0.659313,0.862844,0.514297,0.784435,0.777629,0.561465,0.392701,0.216847,0.422003,0.644229,0.794189,0.740526,0.603895,0.389408,0.419986,0.41474,0.880258,0.770222,0.387022,0.496389,0.76364,0.604259,0.8001,0.811751,0.760696,0.767774,0.692242,0.805965,0.492966,0.737115,0.751024,0.572523,0.686356,0.591449,0.743424,0.742894,0.76146,0.468419,0.496515,0.548615,0.703621,0.917134,0.906812,0.59621,0.789593,0.848563,0.601975,0.744981,0.793944,0.589552,0.50952,0.449129,0.487564,0.736617,0.806137,0.572315,0.598762,0.357071,0.545174,0.862622,0.766677,0.551548,0.614495
0.767188,0.548066,0.826096,0.795972,0.820056,0.477788,0.722146,0.549797,0.451188,0.723602,0.696694,0.649965,0.721321,0.400877,0.352251,0.716202,0.734671,0.539226,0.778845,0.917183,1,0.541603,0.658405,0.855655,0.549998,0.775529,0.810348,0.58232,0.427549,0.248704,0.46238,0.601906,0.746169,0.776384,0.64395,0.496132,0.444416,0.477252,0.830481,0.805382,0.501632,0.518641,0.772926,0.526236,0.801823,0.826108,0.743297,0.742424,0.578521,0.803932,0.566932,0.709769,0.745878,0.495424,0.651494,0.538978,0.696036,0.643019,0.702551,0.50249,0.538349,0.556444,0.671022,0.884055,0.92572,0.690223,0.754464,0.83285,0.619789,0.730497,0.79633,0.618319,0.516423,0.462535,0.473235,0.720488,0.831445,0.634151,0.636326,0.409359,0.499452,0.827395,0.731788,0.604232,0.656784
0.459615,0.355723,0.471834,0.518015,0.595196,0.576636,0.368496,0.444641,0.300788,0.50222,0.352934,0.333186,0.56235,0.215743,0.302471,0.38813,0.427587,0.40198,0.527425,0.539675,0.541603,1,0.320574,0.586255,0.469552,0.52481,0.437073,0.389612,0.257201,0.132612,0.218107,0.512585,0.41889,0.434901,0.392547,0.398562,0.273141,0.0933201,0.443829,0.299288,0.0325381,0.253413,0.485008,0.317794,0.451341,0.608332,0.397948,0.491624,0.400092,0.499313,0.234682,0.331822,0.433952,0.252779,0.452772,0.408909,0.450426,0.391705,0.445425,0.539414,0.233502,0.375278,0.460555,0.549299,0.51084,0.331573,0.512497,0.57619,0.34383,0.47342,0.504208,0.433788,0.349268,0.447133,0.249533,0.300359,0.499595,0.497339,0.343912,0.278597,0.443483,0.372429,0.374661,0.413913,0.663745
0.781498,0.698636,0.825795,0.689755,0.676169,0.606375,0.546938,0.589977,0.379784,0.550009,0.55636,0.686226,0.682818,0.611245,0.526497,0.603099,0.80566,0.460389,0.616671,0.659313,0.658405,0.320574,1,0.847074,0.449739,0.740478,0.8388,0.590239,0.474332,0.448711,0.405628,0.526588,0.6558,0.530143,0.654019,0.172283,0.239343,0.431128,0.707404,0.710403,0.404895,0.564087,0.840327,0.690918,0.817788,0.670763,0.696198,0.626377,0.620641,0.532981,0.605465,0.581513,0.752263,0.732803,0.772057,0.695968,0.692893,0.53642,0.792465,0.468527,0.585686,0.57155,0.580706,0.693269,0.742313,0.590095,0.824657,0.831827,0.464668,0.675131,0.755139,0.659081,0.427264,0.269419,0.53023,0.610495,0.587504,0.586877,0.654846,0.50425,0.707214,0.740799,0.694084,0.462732,0.524926
0.891698,0.760877,0.924466,0.862921,0.861617,0.72376,0.646274,0.636512,0.512028,0.703698,0.661104,0.70066,0.799314,0.594111,0.514479,0.766247,0.837432,0.687874,0.798356,0.862844,0.855655,0.586255,0.847074,1,0.584288,0.845564,0.880651,0.717388,0.497452,0.355478,0.540035,0.650444,0.727619,0.702173,0.657612,0.312457,0.325431,0.380701,0.85871,0.82594,0.460771,0.566518,0.940273,0.718415,0.900021,0.856175,0.766717,0.748588,0.692408,0.707195,0.635186,0.72444,0.822631,0.66731,0.812373,0.737703,0.812087,0.722354,0.855541,0.554021,0.517168,0.61979,0.67678,0.879882,0.896897,0.673046,0.888256,0.947744,0.634802,0.784877,0.893984,0.73248,0.567914,0.361982,0.536679,0.668675,0.766155,0.709666,0.711484,0.515362,0.704848,0.850121,0.791686,0.567352,0.697334
0.454154,0.435331,0.501613,0.459492,0.449267,0.431795,0.325771,0.418754,0.179992,0.40694,0.287224,0.293732,0.363476,0.334071,0.308369,0.383979,0.479185,0.475195,0.565295,0.514297,0.549998,0.469552,0.449739,0.584288,1,0.374254,0.495085,0.449492,0.0836881,0.213173,0.28297,0.504118,0.384977,0.403944,0.271045,0.167019,0.0912459,0.144149,0.558769,0.404328,0.12738,0.231636,0.543219,0.37892,0.479793,0.482075,0.245496,0.252863,0.3972,0.387714,0.381161,0.215429,0.528227,0.391366,0.476618,0.514331,0.286603,0.312182,0.539448,0.373489,0.279422,0.191986,0.400342,0.57749,0.575161,0.283722,0.428495,0.481348,0.428821,0.445148,0.392602,0.353435,0.109088,0.164619,0.241842,0.334356,0.466258,0.490355,0.24698,0.55666,0.338492,0.547415,0.340982,0.436509,0.501567
0.798887,0.575328,0.828038,0.814826,0.807559,0.584049,0.700081,0.634234,0.474458,0.742794,0.601397,0.692877,0.791383,0.420395,0.351858,0.616835,0.741037,0.625793,0.79233,0.784435,0.775529,0.52481,0.740478,0.845564,0.374254,1,0.770267,0.509319,0.616811,0.31187,0.498667,0.598148,0.679545,0.588559,0.672478,0.280492,0.517153,0.268812,0.705426,0.723219,0.48422,0.614532,0.793684,0.554876,0.80951,0.79546,0.854729,0.790687,0.649405,0.718956,0.632438,0.652871,0.694027,0.525552,0.748401,0.54076,0.762562,0.580466,0.736421,0.515317,0.495868,0.733939,0.652688,0.789919,0.812935,0.675928,0.864613,0.88693,0.652667,0.793109,0.806762,0.759739,0.668156,0.421065,0.489553,0.620989,0.67291,0.626183,0.747056,0.354287,0.556636,0.69183,0.760625,0.384593,0.683908
0.767253,0.595635,0.833982,0.696738,0.782963,0.568938,0.661846,0.585075,0.445019,0.590908,0.565958,0.60883,0.75484,0.421199,0.537069,0.647564,0.815334,0.535746,0.724652,0.777629,0.810348,0.437073,0.8388,0.880651,0.495085,0.770267,1,0.634592,0.411111,0.429856,0.383365,0.557722,0.628879,0.663772,0.667718,0.468371,0.275492,0.389174,0.752243,0.767931,0.50508,0.561224,0.808398,0.576242,0.816421,0.71626,0.689688,0.666974,0.552426,0.616742,0.573607,0.58227,0.763077,0.656682,0.704314,0.585237,0.65129,0.619223,0.753994,0.432583,0.540798,0.618657,0.629291,0.793567,0.854434,0.683472,0.837508,0.849664,0.558287,0.773095,0.807712,0.685012,0.477213,0.352646,0.472363,0.723675,0.71835,0.667545,0.719694,0.436413,0.533385,0.780374,0.774325,0.567772,0.670771
0.595045,0.548654,0.625326,0.586702,0.507353,0.611783,0.419304,0.456846,0.233282,0.390816,0.455616,0.374579,0.453693,0.473822,0.343081,0.561532,0.593184,0.527772,0.547595,0.561465,0.58232,0.389612,0.590239,0.717388,0.449492,0.509319,0.634592,1,0.153734,0.319369,0.384747,0.36685,0.474758,0.433054,0.382057,0.198428,0.126645,0.291137,0.640137,0.626441,0.301771,0.284426,0.696205,0.512304,0.564769,0.696252,0.45316,0.389654,0.409062,0.508833,0.490366,0.515349,0.523524,0.35242,0.540497,0.539861,0.51477,0.435554,0.549273,0.383635,0.419168,0.41661,0.502554,0.562947,0.535937,0.394636,0.599896,0.652842,0.28837,0.452789,0.587217,0.536643,0.245141,-0.0309294,0.150761,0.335658,0.508234,0.482159,0.540687,0.422532,0.414944,0.59785,0.559528,0.327385,0.336237
0.630449,0.347499,0.573514,0.483698,0.516417,0.304816,0.460104,0.39841,0.368211,0.380686,0.358357,0.460769,0.444599,0.189587,0.11328,0.306613,0.37604,0.412814,0.388961,0.392701,0.427549,0.257201,0.474332,0.497452,0.0836881,0.616811,0.411111,0.153734,1,0.185648,0.37266,0.402671,0.512607,0.411815,0.362217,0.0589434,0.381997,0.303477,0.405832,0.48575,0.296336,0.339256,0.466256,0.269456,0.569625,0.444358,0.637766,0.556797,0.439332,0.372482,0.388574,0.470078,0.372078,0.329159,0.427849,0.289302,0.48731,0.298776,0.439341,0.388448,0.317759,0.401233,0.50232,0.404393,0.440919,0.589648,0.531944,0.556057,0.489183,0.440073,0.514181,0.475599,0.549904,0.536461,0.454521,0.485388,0.3882,0.362013,0.445231,0.262627,0.425668,0.339018,0.470395,0.255185,0.354271
0.342213,0.312295,0.328916,0.234431,0.258113,0.376735,0.39281,0.298674,0.364895,0.257905,0.184675,0.165454,0.456481,0.24362,0.469718,0.310183,0.366857,0.268891,0.202561,0.216847,0.248704,0.132612,0.448711,0.355478,0.213173,0.31187,0.429856,0.319369,0.185648,1,-0.00031023,0.326091,0.278615,0.233505,0.387542,0.13805,-0.011583,0.17091,0.307122,0.425106,0.422294,0.432263,0.385291,0.246478,0.368102,0.278349,0.219659,0.154673,0.196634,0.10155,0.313214,0.119001,0.243534,0.236596,0.315089,0.264729,0.29032,0.201281,0.30696,0.00488719,0.318365,0.393413,0.116085,0.209327,0.286051,0.283755,0.355594,0.392506,0.280029,0.360377,0.44376,0.471036,0.464027,0.10578,0.369067,0.349325,0.509777,0.432279,0.235538,0.300431,0.262814,0.243423,0.360359,0.104708,0.365392
0.599921,0.362085,0.567413,0.506452,0.406254,0.181619,0.425272,0.206812,0.25699,0.480467,0.428638,0.498334,0.345793,0.160598,0.149376,0.334537,0.377269,0.402947,0.489788,0.422003,0.46238,0.218107,0.405628,0.540035,0.28297,0.498667,0.383365,0.384747,0.37266,-0.00031023,1,0.284316,0.412178,0.314403,0.0907079,-0.00266973,0.373235,0.214256,0.377722,0.555968,0.437749,0.216924,0.551756,0.303416,0.505532,0.418179,0.525544,0.379349,0.225396,0.415232,0.425403,0.547473,0.32244,0.364354,0.391519,0.227816,0.377456,0.306977,0.341896,0.270808,0.190311,0.233623,0.451359,0.428309,0.471827,0.441834,0.34312,0.491082,0.495968,0.372092,0.335763,0.496733,0.390749,0.328466,0.0598831,0.306293,0.320229,0.374601,0.383449,0.22839,0.331569,0.463244,0.35203,0.284739,0.204241
0.637821,0.524024,0.669346,0.586648,0.508111,0.450966,0.489108,0.480874,0.347192,0.552728,0.540643,0.431764,0.511592,0.403914,0.354973,0.529567,0.636108,0.382234,0.599632,0.644229,0.601906,0.512585,0.526588,0.650444,0.504118,0.598148,0.557722,0.36685,0.402671,0.326091,0.284316,1,0.597572,0.540582,0.659409,0.142388,0.223252,0.245814,0.725633,0.599826,0.308644,0.329002,0.593566,0.43065,0.695421,0.617496,0.569737,0.474672,0.483685,0.462541,0.435914,0.521814,0.623854,0.537071,0.580336,0.510463,0.493001,0.460044,0.635722,0.353498,0.292276,0.260385,0.471681,0.663097,0.699289,0.4217,0.638382,0.668595,0.546185,0.692014,0.590124,0.592876,0.47479,0.467899,0.389396,0.53736,0.644918,0.682892,0.365143,0.241384,0.343447,0.688222,0.617148,0.279686,0.468652
0.74939,0.589326,0.801213,0.710821,0.579799,0.339451,0.663088,0.573347,0.428449,0.777561,0.668895,0.67844,0.692175,0.578729,0.364433,0.721248,0.767219,0.548563,0.676427,0.794189,0.746169,0.41889,0.6558,0.727619,0.384977,0.679545,0.628879,0.474758,0.512607,0.278615,0.412178,0.597572,1,0.734426,0.50667,0.299616,0.402756,0.599377,0.841451,0.687878,0.268853,0.516221,0.723471,0.655171,0.780832,0.728645,0.719325,0.732502,0.686295,0.698921,0.441688,0.682863,0.636768,0.641702,0.778781,0.653224,0.684172,0.620777,0.741385,0.501674,0.452223,0.514608,0.662159,0.738608,0.714106,0.625335,0.654604,0.812899,0.641873,0.677887,0.644897,0.610699,0.519751,0.471357,0.53953,0.701359,0.671516,0.63886,0.492896,0.3203,0.562738,0.750023,0.632037,0.523471,0.49861
0.654189,0.481393,0.740014,0.649419,0.600531,0.391273,0.692602,0.454367,0.441882,0.655871,0.673797,0.601957,0.709322,0.405719,0.399611,0.660101,0.589219,0.479501,0.588025,0.740526,0.776384,0.434901,0.530143,0.702173,0.403944,0.588559,0.663772,0.433054,0.411815,0.233505,0.314403,0.540582,0.734426,1,0.614521,0.529467,0.272307,0.599523,0.765877,0.672366,0.300264,0.623452,0.635915,0.491557,0.73599,0.678713,0.628079,0.697109,0.529642,0.657984,0.444386,0.591551,0.633515,0.498907,0.656081,0.535243,0.648313,0.574198,0.668177,0.367592,0.404001,0.511264,0.505996,0.735719,0.683333,0.640496,0.573963,0.723893,0.535342,0.606554,0.700406,0.486948,0.453268,0.513831,0.537658,0.720694,0.79384,0.586894,0.400543,0.398207,0.472648,0.724168,0.605603,0.476355,0.639666
0.590969,0.482562,0.650224,0.593581,0.642483,0.539893,0.587183,0.459064,0.294405,0.549221,0.567512,0.365178,0.573806,0.374215,0.333449,0.531215,0.614351,0.344039,0.501534,0.603895,0.64395,0.392547,0.654019,0.657612,0.271045,0.672478,0.667718,0.382057,0.362217,0.387542,0.0907079,0.659409,0.50667,0.614521,1,0.224776,0.28212,0.295687,0.617596,0.592883,0.400416,0.611982,0.580222,0.469541,0.696562,0.64369,0.681564,0.631542,0.560194,0.561193,0.438352,0.576875,0.70054,0.424591,0.53939,0.438971,0.640264,0.464826,0.629334,0.329453,0.482653,0.527539,0.393505,0.616484,0.683359,0.477998,0.683684,0.699741,0.462756,0.73015,0.742068,0.571825,0.53952,0.354382,0.535087,0.632309,0.662814,0.526401,0.483296,0.386019,0.463126,0.646318,0.583741,0.284405,0.545012
0.219374,0.0234286,0.274895,0.240901,0.361885,0.134423,0.420145,0.157242,0.475801,0.293356,0.270158,0.295998,0.486521,0.0680942,0.235367,0.38505,0.245634,0.165692,0.341744,0.389408,0.496132,0.398562,0.172283,0.312457,0.167019,0.280492,0.468371,0.198428,0.0589434,0.13805,-0.00266973,0.142388,0.299616,0.529467,0.224776,1,0.0998777,0.313382,0.328906,0.328038,0.190415,0.21877,0.255754,0.120163,0.255318,0.284579,0.148051,0.392526,0.0831748,0.33307,0.131337,0.159125,0.298114,0.206961,0.300715,0.214164,0.284288,0.327344,0.295935,0.124837,0.143696,0.367867,0.342205,0.435616,0.390212,0.38605,0.228952,0.329629,0.0480214,0.239092,0.299108,0.156935,0.239465,0.234436,0.429883,0.342689,0.501626,0.246124,0.268639,0.151692,0.116461,0.284059,0.409055,0.40521,0.462714
0.375955,0.190901,0.410445,0.42976,0.428643,-0.00656728,0.398726,0.30235,-0.0236906,0.462261,0.365888,0.327362,0.326523,0.0372979,0.000959637,0.247612,0.321408,0.111364,0.304792,0.419986,0.444416,0.273141,0.239343,0.325431,0.0912459,0.517153,0.275492,0.126645,0.381997,-0.011583,0.373235,0.223252,0.402756,0.272307,0.28212,0.0998777,1,0.159406,0.248039,0.355978,0.338114,0.372144,0.312414,0.207586,0.41583,0.371928,0.637434,0.463999,0.341586,0.446073,0.330466,0.425419,0.295844,0.0844965,0.221424,0.129013,0.285339,0.27713,0.193914,0.213479,0.500897,0.363066,0.215481,0.387391,0.39229,0.418174,0.35032,0.375532,0.556658,0.337435,0.359066,0.553269,0.492316,0.438443,-0.0454648,0.434166,0.270161,0.308511,0.520373,0.119197,0.154172,0.32371,0.181618,0.102064,0.341461
0.452803,0.257758,0.461497,0.305867,0.230672,0.145972,0.400746,0.344623,0.167136,0.304683,0.422077,0.453346,0.445709,0.273035,0.284612,0.441433,0.399887,0.0857864,0.379998,0.41474,0.477252,0.0933201,0.431128,0.380701,0.144149,0.268812,0.389174,0.291137,0.303477,0.17091,0.214256,0.245814,0.599377,0.599523,0.295687,0.313382,0.159406,1,0.470514,0.521073,0.361602,0.356382,0.386569,0.2782,0.440041,0.435468,0.408594,0.417033,0.301462,0.476685,0.255692,0.358851,0.299682,0.280715,0.421999,0.310703,0.376774,0.181636,0.312304,0.347866,0.184511,0.184494,0.398435,0.309563,0.399116,0.473654,0.413883,0.459281,0.338319,0.316751,0.366456,0.381056,0.245912,0.381676,0.337118,0.404505,0.44278,0.346463,0.2727,0.193744,0.360003,0.404352,0.377951,0.57761,0.29137
0.795208,0.704863,0.863203,0.784578,0.672916,0.51476,0.602549,0.499917,0.425566,0.701864,0.70476,0.647954,0.660148,0.641255,0.464931,0.839359,0.781131,0.586409,0.704538,0.880258,0.830481,0.443829,0.707404,0.85871,0.558769,0.705426,0.752243,0.640137,0.405832,0.307122,0.377722,0.725633,0.841451,0.765877,0.617596,0.328906,0.248039,0.470514,1,0.802139,0.370327,0.449655,0.81768,0.698474,0.849368,0.824621,0.665447,0.69749,0.669325,0.737177,0.504328,0.753185,0.806316,0.672182,0.785712,0.732773,0.738441,0.74347,0.863516,0.480552,0.466616,0.459773,0.657222,0.885746,0.834688,0.583244,0.756325,0.855187,0.598151,0.707195,0.774507,0.611866,0.462938,0.399199,0.587278,0.698533,0.77836,0.625011,0.535489,0.402024,0.537667,0.877724,0.774735,0.54878,0.528629
0.851513,0.669823,0.847277,0.749416,0.660624,0.495685,0.660856,0.529164,0.487948,0.664567,0.678572,0.651949,0.674643,0.515115,0.538812,0.801474,0.709104,0.524295,0.672441,0.770222,0.805382,0.299288,0.710403,0.82594,0.404328,0.723219,0.767931,0.626441,0.48575,0.425106,0.555968,0.599826,0.687878,0.672366,0.592883,0.328038,0.355978,0.521073,0.802139,1,0.669494,0.492892,0.838801,0.644953,0.838836,0.747538,0.757804,0.623807,0.449187,0.589759,0.612097,0.768274,0.701735,0.568692,0.684283,0.587831,0.704748,0.686437,0.710171,0.396626,0.478542,0.468159,0.565881,0.783112,0.846652,0.674066,0.738058,0.820101,0.625662,0.697743,0.727657,0.744464,0.607402,0.314923,0.46935,0.675258,0.738992,0.602125,0.648122,0.341599,0.522744,0.847315,0.827515,0.502847,0.484289
0.554279,0.337725,0.535739,0.433966,0.372068,0.211493,0.504034,0.234331,0.275799,0.327217,0.483022,0.396545,0.448429,0.121698,0.34159,0.462073,0.451423,0.227389,0.420939,0.387022,0.501632,0.0325381,0.404895,0.460771,0.12738,0.48422,0.50508,0.301771,0.296336,0.422294,0.437749,0.308644,0.268853,0.300264,0.400416,0.190415,0.338114,0.361602,0.370327,0.669494,1,0.385028,0.513604,0.258083,0.528614,0.409577,0.494434,0.222823,0.0858803,0.333308,0.538034,0.471992,0.400038,0.236356,0.337563,0.205629,0.404784,0.30955,0.357126,0.134244,0.216067,0.337361,0.21689,0.387429,0.55035,0.481355,0.486027,0.468127,0.515215,0.475015,0.516084,0.557655,0.497753,0.233617,0.22946,0.418302,0.486039,0.43234,0.492403,0.334986,0.245114,0.452078,0.466275,0.366967,0.343449
0.494739,0.312725,0.53091,0.478216,0.479955,0.310775,0.674944,0.577674,0.325079,0.554106,0.481386,0.411166,0.721549,0.256257,0.345623,0.354973,0.560438,0.455581,0.442597,0.496389,0.518641,0.253413,0.564087,0.566518,0.231636,0.614532,0.561224,0.284426,0.339256,0.432263,0.216924,0.329002,0.516221,0.623452,0.611982,0.21877,0.372144,0.356382,0.449655,0.492892,0.385028,1,0.520336,0.370909,0.551405,0.492221,0.615738,0.548649,0.542484,0.465588,0.475349,0.307197,0.40282,0.336756,0.543139,0.339201,0.594629,0.36205,0.448288,0.13901,0.424358,0.715664,0.296035,0.453794,0.47986,0.462138,0.52313,0.608512,0.525875,0.547372,0.652966,0.594739,0.465007,0.207212,0.372581,0.536339,0.543704,0.544293,0.470277,0.323199,0.545434,0.468078,0.462699,0.238732,0.671225
0.922534,0.833753,0.943257,0.875764,0.742089,0.648897,0.565696,0.631656,0.505452,0.715362,0.706124,0.761914,0.760418,0.717079,0.650945,0.807257,0.856717,0.647905,0.749434,0.76364,0.772926,0.485008,0.840327,0.940273,0.543219,0.793684,0.808398,0.696205,0.466256,0.385291,0.551756,0.593566,0.723471,0.635915,0.580222,0.255754,0.312414,0.386569,0.81768,0.838801,0.513604,0.520336,1,0.844431,0.932694,0.826512,0.754768,0.69307,0.634017,0.584191,0.728522,0.738366,0.809938,0.732897,0.881646,0.829662,0.799777,0.739131,0.888703,0.533981,0.540621,0.590704,0.537836,0.831278,0.829239,0.669826,0.822712,0.925061,0.657705,0.772164,0.824658,0.725305,0.545986,0.249898,0.480456,0.606717,0.700543,0.723011,0.71845,0.495124,0.706274,0.862158,0.749129,0.495973,0.602273
0.748862,0.88291,0.78233,0.770311,0.537899,0.533714,0.37707,0.48691,0.344866,0.69502,0.674298,0.69307,0.571517,0.889448,0.594463,0.81864,0.761845,0.482009,0.534115,0.604259,0.526236,0.317794,0.690918,0.718415,0.37892,0.554876,0.576242,0.512304,0.269456,0.246478,0.303416,0.43065,0.655171,0.491557,0.469541,0.120163,0.207586,0.2782,0.698474,0.644953,0.258083,0.370909,0.844431,1,0.804504,0.672029,0.603151,0.556035,0.590661,0.375167,0.538281,0.721212,0.757258,0.766392,0.837395,0.911452,0.706157,0.77937,0.853313,0.403587,0.498858,0.434426,0.275641,0.712419,0.633009,0.478402,0.617002,0.731428,0.528605,0.630205,0.60118,0.529588,0.389194,0.0672708,0.456337,0.491361,0.500086,0.48673,0.538587,0.36552,0.620642,0.784642,0.534983,0.307427,0.38295
0.943776,0.825076,0.978747,0.885019,0.746875,0.584444,0.625872,0.596547,0.457055,0.744178,0.753223,0.749646,0.737911,0.666407,0.579479,0.823446,0.842841,0.557243,0.751145,0.8001,0.801823,0.451341,0.817788,0.900021,0.479793,0.80951,0.816421,0.564769,0.569625,0.368102,0.505532,0.695421,0.780832,0.73599,0.696562,0.255318,0.41583,0.440041,0.849368,0.838836,0.528614,0.551405,0.932694,0.804504,1,0.847401,0.8442,0.755754,0.68,0.627892,0.660326,0.814963,0.852122,0.729963,0.846295,0.779208,0.785593,0.731896,0.896772,0.474743,0.595854,0.540694,0.515863,0.85227,0.855278,0.723213,0.83415,0.922877,0.725004,0.817926,0.840453,0.735254,0.651366,0.451915,0.540957,0.768104,0.77122,0.728159,0.690407,0.481961,0.616781,0.899903,0.733291,0.461664,0.608925
0.84519,0.665359,0.845883,0.860878,0.718439,0.675706,0.591212,0.613444,0.318249,0.690537,0.662989,0.599251,0.684543,0.535754,0.385073,0.754164,0.735574,0.517466,0.78763,0.811751,0.826108,0.608332,0.670763,0.856175,0.482075,0.79546,0.71626,0.696252,0.444358,0.278349,0.418179,0.617496,0.728645,0.678713,0.64369,0.284579,0.371928,0.435468,0.824621,0.747538,0.409577,0.492221,0.826512,0.672029,0.847401,1,0.766348,0.740939,0.646417,0.736161,0.580054,0.735739,0.699579,0.436372,0.729015,0.66671,0.738456,0.600186,0.751537,0.522247,0.542288,0.580227,0.558568,0.828701,0.787716,0.552177,0.824728,0.883252,0.602929,0.714322,0.803276,0.685765,0.546251,0.366892,0.445173,0.628392,0.751104,0.639165,0.659142,0.411808,0.520856,0.792416,0.744528,0.433469,0.612584
0.803317,0.58496,0.830603,0.775839,0.683707,0.448713,0.71523,0.631974,0.366164,0.763571,0.656321,0.686518,0.682923,0.412596,0.339499,0.593886,0.685896,0.532329,0.660253,0.760696,0.743297,0.397948,0.696198,0.766717,0.245496,0.854729,0.689688,0.45316,0.637766,0.219659,0.525544,0.569737,0.719325,0.628079,0.681564,0.148051,0.637434,0.408594,0.665447,0.757804,0.494434,0.615738,0.754768,0.603151,0.8442,0.766348,1,0.82057,0.633606,0.666113,0.631544,0.734589,0.639944,0.513894,0.673536,0.491973,0.717091,0.568711,0.666959,0.448565,0.612351,0.644875,0.539627,0.722949,0.757017,0.699982,0.783019,0.838854,0.70553,0.757091,0.774851,0.747046,0.683397,0.437367,0.359341,0.726506,0.629983,0.562114,0.707824,0.29915,0.517457,0.759055,0.675736,0.308117,0.508116
0.704092,0.482502,0.739199,0.730737,0.722122,0.429446,0.587173,0.532814,0.487355,0.707104,0.545724,0.620819,0.694889,0.412428,0.354458,0.612736,0.610262,0.55469,0.633702,0.767774,0.742424,0.491624,0.626377,0.748588,0.252863,0.790687,0.666974,0.389654,0.556797,0.154673,0.379349,0.474672,0.732502,0.697109,0.631542,0.392526,0.463999,0.417033,0.69749,0.623807,0.222823,0.548649,0.69307,0.556035,0.755754,0.740939,0.82057,1,0.722498,0.735517,0.489643,0.625424,0.623147,0.49607,0.669839,0.495926,0.766793,0.594333,0.672814,0.509847,0.527925,0.682041,0.584861,0.73097,0.694444,0.692984,0.714992,0.831727,0.570724,0.712611,0.765374,0.590814,0.616194,0.429098,0.558537,0.691427,0.63855,0.483427,0.590397,0.189016,0.551223,0.663717,0.633138,0.367852,0.550646
0.605504,0.602262,0.657754,0.649578,0.612792,0.434789,0.462071,0.514608,0.34197,0.591898,0.47551,0.407447,0.533123,0.550972,0.272428,0.55985,0.648945,0.54268,0.573751,0.692242,0.578521,0.400092,0.620641,0.692408,0.3972,0.649405,0.552426,0.409062,0.439332,0.196634,0.225396,0.483685,0.686295,0.529642,0.560194,0.0831748,0.341586,0.301462,0.669325,0.449187,0.0858803,0.542484,0.634017,0.590661,0.68,0.646417,0.633606,0.722498,1,0.626526,0.334035,0.549311,0.64089,0.509247,0.640194,0.598311,0.717254,0.549327,0.67138,0.288318,0.476832,0.495852,0.536872,0.605181,0.574669,0.435688,0.610115,0.726371,0.530406,0.613406,0.659637,0.475799,0.43278,0.36573,0.521512,0.540591,0.530377,0.46998,0.477162,0.379109,0.554911,0.601127,0.471906,0.34884,0.462117
0.587379,0.404809,0.670362,0.694021,0.689864,0.32556,0.610983,0.327637,0.213491,0.627356,0.603453,0.566479,0.625107,0.281145,0.168381,0.560256,0.581008,0.433056,0.662079,0.805965,0.803932,0.499313,0.532981,0.707195,0.387714,0.718956,0.616742,0.508833,0.372482,0.10155,0.415232,0.462541,0.698921,0.657984,0.561193,0.33307,0.446073,0.476685,0.737177,0.589759,0.333308,0.465588,0.584191,0.375167,0.627892,0.736161,0.666113,0.735517,0.626526,1,0.373462,0.642859,0.64881,0.35478,0.542834,0.382817,0.66043,0.449293,0.567407,0.450061,0.294949,0.537423,0.640791,0.747151,0.737312,0.483314,0.658773,0.736091,0.489342,0.590171,0.686608,0.512731,0.481886,0.538588,0.421006,0.594729,0.614916,0.410219,0.561649,0.313418,0.456197,0.629796,0.542806,0.515243,0.492642
0.635098,0.473914,0.675462,0.617808,0.450295,0.376875,0.448499,0.510486,0.317911,0.554962,0.60076,0.629333,0.570203,0.333031,0.463892,0.418314,0.580978,0.436601,0.502114,0.492966,0.566932,0.234682,0.605465,0.635186,0.381161,0.632438,0.573607,0.490366,0.388574,0.313214,0.425403,0.435914,0.441688,0.444386,0.438352,0.131337,0.330466,0.255692,0.504328,0.612097,0.538034,0.475349,0.728522,0.538281,0.660326,0.580054,0.631544,0.489643,0.334035,0.373462,1,0.426065,0.475504,0.446677,0.605408,0.465125,0.596871,0.332865,0.554567,0.332882,0.495981,0.666394,0.275617,0.580722,0.569561,0.530615,0.583119,0.66837,0.574078,0.548542,0.630221,0.591642,0.344367,0.0423386,0.197428,0.415036,0.509366,0.517629,0.570976,0.331989,0.40203,0.614115,0.579735,0.100746,0.392594
0.796343,0.746648,0.828828,0.819355,0.664604,0.42177,0.531257,0.304122,0.274037,0.69215,0.801948,0.655211,0.510014,0.613114,0.290388,0.811419,0.662524,0.411292,0.589047,0.737115,0.709769,0.331822,0.581513,0.72444,0.215429,0.652871,0.58227,0.515349,0.470078,0.119001,0.547473,0.521814,0.682863,0.591551,0.576875,0.159125,0.425419,0.358851,0.753185,0.768274,0.471992,0.307197,0.738366,0.721212,0.814963,0.735739,0.734589,0.625424,0.549311,0.642859,0.426065,1,0.795747,0.598138,0.643706,0.614632,0.729824,0.731793,0.740075,0.365307,0.428709,0.355446,0.500022,0.76071,0.74927,0.59038,0.603008,0.738143,0.569851,0.614865,0.638491,0.593693,0.56214,0.430462,0.452928,0.642321,0.640832,0.4419,0.552299,0.297518,0.485178,0.786302,0.598717,0.394092,0.305167
0.748208,0.7756,0.854425,0.820131,0.76391,0.52389,0.512599,0.402469,0.349882,0.643754,0.758686,0.663505,0.647423,0.702993,0.478042,0.796877,0.821987,0.485683,0.683325,0.751024,0.745878,0.433952,0.752263,0.822631,0.528227,0.694027,0.763077,0.523524,0.372078,0.243534,0.32244,0.623854,0.636768,0.633515,0.70054,0.298114,0.295844,0.299682,0.806316,0.701735,0.400038,0.40282,0.809938,0.757258,0.852122,0.699579,0.639944,0.623147,0.64089,0.64881,0.475504,0.795747,1,0.77421,0.791206,0.776475,0.736358,0.74024,0.90499,0.473393,0.447322,0.430157,0.498902,0.853337,0.844093,0.60553,0.711978,0.799928,0.557139,0.748851,0.724979,0.607341,0.45825,0.410191,0.590321,0.663905,0.659983,0.577885,0.605383,0.527636,0.607147,0.839536,0.606768,0.513708,0.528901
