1,0.819014,0.890498,0.841161,0.756162,0.622846,0.707469,0.567694,0.421561,0.578466,0.738267,0.792627,0.910323,0.776557,0.486091,0.868308,0.911261,0.610909,0.714437,0.807914,0.89097,0.804139,0.591347,0.834067,0.449435,0.636564,0.69814,0.583692,0.623466,0.398666,0.253677,0.338236,0.552104,0.760228,0.432811,0.134644,0.0718508,0.523229,0.810283,0.803022,0.254865,0.802552,0.907692,0.804467,0.878896,0.750384,0.697489,0.826542,0.566461,0.400998,0.449356,0.714944,0.743687,0.850887,0.915236,0.769009,0.686718,0.880257,0.890815,0.472308,0.351137,0.736337,0.716766,0.819319,0.883546,0.754657,0.742737,0.807779,0.328224,0.767449,0.793255,0.617153,0.517102,0.261422,0.555284,0.716135,0.798967,0.256805,0.207293,0.145943,0.366943,0.864077,0.823929,0.415012,0.626756
0.819014,1,0.81034,0.814813,0.654266,0.543539,0.659336,0.457685,0.465416,0.53145,0.647391,0.771531,0.825224,0.705689,0.35653,0.833106,0.880387,0.664859,0.647124,0.76595,0.804224,0.577403,0.593461,0.791472,0.570974,0.613676,0.71358,0.579207,0.581077,0.128735,0.167294,0.369946,0.441899,0.649673,0.374006,0.20218,-0.00361565,0.463177,0.838739,0.746491,0.295825,0.763243,0.798926,0.879266,0.739151,0.749608,0.720929,0.696228,0.627858,0.480548,0.550773,0.604234,0.579084,0.846255,0.790391,0.821982,0.624526,0.830747,0.726451,0.326301,0.196381,0.630334,0.603847,0.737313,0.789384,0.723248,0.669215,0.755347,0.208217,0.608964,0.631946,0.500319,0.485033,0.314095,0.514738,0.625115,0.711647,0.260655,0.141952,0.049126,0.475787,0.780261,0.725464,0.227199,0.611325
0.890498,0.81034,1,0.854998,0.766148,0.684272,0.639401,0.571454,0.51581,0.558994,0.672833,0.826924,0.871268,0.821544,0.605989,0.858966,0.911613,0.753396,0.784576,0.777042,0.867208,0.666495,0.720233,0.897005,0.487838,0.700868,0.754412,0.6054,0.644392,0.284301,0.349757,0.296262,0.573928,0.755277,0.477058,0.340217,0.151637,0.548931,0.790973,0.731453,0.365535,0.831767,0.923764,0.890132,0.951606,0.805948,0.793746,0.832666,0.592397,0.447576,0.428185,0.848135,0.759562,0.814743,0.872475,0.825015,0.656663,0.85814,0.892232,0.369474,0.331466,0.671976,0.817086,0.827335,0.896415,0.744809,0.680866,0.899458,0.249073,0.80777,0.812617,0.513822,0.649312,0.308087,0.569789,0.701567,0.78573,0.323148,0.208425,0.114546,0.42891,0.83163,0.791013,0.330952,0.640056
0.841161,0.814813,0.854998,1,0.792795,0.53616,0.674681,0.547821,0.417157,0.572532,0.754434,0.781051,0.896922,0.749917,0.408331,0.800915,0.89624,0.655005,0.765962,0.777245,0.890434,0.627307,0.580301,0.816033,0.556005,0.65569,0.805813,0.617308,0.617949,0.226824,0.318633,0.406591,0.528258,0.697892,0.486093,0.271928,0.0498328,0.570861,0.776187,0.789532,0.324846,0.687859,0.841649,0.810598,0.847503,0.801135,0.747453,0.755582,0.617544,0.317596,0.604397,0.757973,0.805692,0.818478,0.839695,0.861204,0.669095,0.812479,0.765992,0.419354,0.394302,0.675155,0.784101,0.803595,0.841047,0.760557,0.748128,0.87353,0.408545,0.694215,0.753365,0.637411,0.506343,0.257353,0.600836,0.679827,0.760738,0.283953,0.411897,0.0891043,0.51989,0.837821,0.857537,0.369721,0.649654
0.756162,0.654266,0.766148,0.792795,1,0.573701,0.539417,0.49873,0.435734,0.546206,0.678234,0.691151,0.809557,0.699406,0.469346,0.634569,0.782472,0.60484,0.687885,0.572127,0.807765,0.665546,0.630391,0.764232,0.506249,0.559436,0.70568,0.502576,0.554414,0.443231,0.280666,0.306366,0.46622,0.60848,0.592409,0.136469,-0.00673425,0.657297,0.624405,0.655443,0.346122,0.593046,0.788922,0.653999,0.708411,0.643836,0.692272,0.735442,0.461119,0.413655,0.568004,0.710848,0.764134,0.702889,0.734082,0.693001,0.564074,0.679906,0.687807,0.496305,0.437439,0.645578,0.692324,0.677614,0.703946,0.592066,0.56358,0.828088,0.516359,0.638985,0.709478,0.669343,0.372718,0.140738,0.570046,0.533638,0.658014,0.0890428,0.420274,0.0540174,0.347397,0.724588,0.705059,0.230785,0.610147
0.622846,0.543539,0.684272,0.53616,0.573701,1,0.508939,0.448328,0.488378,0.478319,0.503598,0.690787,0.635755,0.67058,0.518717,0.508493,0.591181,0.67544,0.58076,0.609313,0.612687,0.501441,0.691812,0.742126,0.384321,0.52363,0.600957,0.307713,0.459601,0.31453,0.15032,0.140963,0.370133,0.488223,0.166837,0.4059,0.43414,0.507577,0.454227,0.538536,0.149384,0.488205,0.639055,0.533353,0.693108,0.669445,0.629755,0.761515,0.415794,0.187681,0.357714,0.663201,0.614156,0.60697,0.654371,0.534867,0.459251,0.596938,0.673177,0.296936,0.145947,0.461618,0.613081,0.586474,0.65404,0.48418,0.467472,0.635334,0.313702,0.526741,0.571461,0.493535,0.328621,0.190678,0.346193,0.373779,0.515052,0.285489,0.193757,0.0645162,0.378081,0.491028,0.501925,0.269739,0.270847
0.707469,0.659336,0.639401,0.674681,0.539417,0.508939,1,0.608709,0.29129,0.507778,0.497989,0.613534,0.699984,0.550984,0.340507,0.685274,0.68279,0.507569,0.703939,0.687705,0.674226,0.567352,0.431804,0.679882,0.446425,0.310611,0.500591,0.518721,0.618696,0.22132,0.156245,0.220551,0.230845,0.551372,0.289419,0.0993185,0.141814,0.214534,0.635712,0.706537,0.0576874,0.568524,0.638484,0.596865,0.654851,0.594133,0.418864,0.648769,0.517075,0.196711,0.315579,0.464275,0.546906,0.561262,0.628275,0.599501,0.421745,0.677729,0.600513,0.239232,0.18005,0.449214,0.525417,0.606954,0.679492,0.481617,0.499467,0.536607,0.196648,0.561286,0.549809,0.502905,0.29508,0.02167,0.427173,0.585895,0.674124,0.341344,0.236602,0.182716,0.393932,0.64363,0.655496,0.532895,0.471593
0.567694,0.457685,0.571454,0.547821,0.49873,0.448328,0.608709,1,0.469474,0.283464,0.498068,0.478613,0.591991,0.606135,0.346627,0.559877,0.551737,0.455759,0.463444,0.50752,0.585613,0.485067,0.467395,0.590937,0.427371,0.384245,0.498465,0.439536,0.504473,0.385583,0.292699,0.420768,0.39393,0.431529,0.290757,0.139648,0.00625586,0.127679,0.532811,0.513765,0.0765972,0.52211,0.542822,0.498737,0.53286,0.478743,0.340057,0.522054,0.569714,0.312532,0.344329,0.5183,0.407982,0.52336,0.533432,0.513334,0.400637,0.502909,0.465466,0.0232985,0.0326223,0.355434,0.644208,0.630922,0.641508,0.456956,0.554468,0.510267,0.265531,0.542787,0.540023,0.468944,0.134547,0.152968,0.514722,0.473364,0.640858,0.266871,0.109403,-0.074467,0.349249,0.585263,0.684329,0.322062,0.387522
0.421561,0.465416,0.51581,0.417157,0.435734,0.488378,0.29129,0.469474,1,0.460223,0.440559,0.330083,0.503043,0.621075,0.402501,0.477796,0.51432,0.599108,0.259447,0.470068,0.448113,0.426072,0.595356,0.623358,0.5398,0.556782,0.530158,0.33098,0.437674,0.0511421,0.302148,0.431995,0.400689,0.353298,0.278783,0.258044,0.177089,0.276973,0.575095,0.380216,0.226964,0.428195,0.549438,0.546358,0.456219,0.439379,0.459167,0.392123,0.564157,0.639951,0.42827,0.487079,0.291304,0.4656,0.469001,0.551869,0.297152,0.466989,0.42305,0.0662665,0.00350034,0.378099,0.387521,0.589611,0.54888,0.295968,0.406346,0.495354,0.117317,0.306852,0.430445,0.235833,0.194009,0.231377,0.375823,0.379929,0.516943,0.5374,-0.274076,-0.123678,0.355072,0.517697,0.424211,0.0117316,0.3876
0.578466,0.53145,0.558994,0.572532,0.546206,0.478319,0.507778,0.283464,0.460223,1,0.334606,0.413884,0.634846,0.442997,0.477549,0.503657,0.603767,0.59365,0.468527,0.551199,0.479171,0.513462,0.489966,0.706976,0.548966,0.428114,0.579226,0.393809,0.418978,0.190013,-0.0557874,0.206196,0.0692068,0.343837,0.312951,0.194416,-0.0372437,0.324702,0.518126,0.425929,0.19502,0.524393,0.63107,0.566311,0.605488,0.450631,0.46208,0.531723,0.363304,0.385897,0.447409,0.571243,0.560976,0.51128,0.713998,0.548849,0.372445,0.618601,0.667268,0.346461,0.284365,0.541586,0.462984,0.503296,0.501022,0.565673,0.447022,0.580015,0.296665,0.280316,0.568668,0.473442,0.371582,0.0465475,0.149457,0.344739,0.493905,0.273658,0.0852472,0.0050811,0.516538,0.4673,0.408807,0.119837,0.185577
0.738267,0.647391,0.672833,0.754434,0.678234,0.503598,0.497989,0.498068,0.440559,0.334606,1,0.672658,0.772218,0.719216,0.448156,0.708744,0.789606,0.368952,0.559538,0.704261,0.816044,0.687058,0.461147,0.612812,0.300159,0.532706,0.690354,0.447367,0.565867,0.316887,0.404163,0.322131,0.455064,0.589563,0.328306,0.0538555,0.2101,0.51254,0.721329,0.745387,0.156765,0.566867,0.720079,0.606272,0.644229,0.627024,0.536591,0.578769,0.574672,0.352916,0.538782,0.601427,0.706861,0.731186,0.671921,0.678768,0.700765,0.763066,0.638211,0.457209,0.242031,0.633552,0.56435,0.792752,0.791832,0.589768,0.645108,0.647781,0.402552,0.597404,0.541281,0.499677,0.270224,0.276155,0.616649,0.540324,0.595378,0.192603,0.267221,0.183789,0.300938,0.769406,0.820744,0.503003,0.600747
0.792627,0.771531,0.826924,0.781051,0.691151,0.690787,0.613534,0.478613,0.330083,0.413884,0.672658,1,0.822898,0.703798,0.380534,0.654548,0.770673,0.548918,0.726154,0.767961,0.82667,0.63334,0.604887,0.759363,0.409054,0.579939,0.739267,0.561955,0.490731,0.329882,0.360578,0.314049,0.499417,0.628482,0.31444,0.16371,0.139567,0.524716,0.675687,0.790058,0.258139,0.701019,0.79328,0.758174,0.80442,0.776282,0.646141,0.788167,0.522203,0.179164,0.502475,0.696814,0.670419,0.80132,0.764809,0.774787,0.690523,0.732109,0.737885,0.374072,0.309273,0.59233,0.705568,0.741647,0.819642,0.71292,0.612627,0.787188,0.328221,0.737848,0.695438,0.579773,0.590068,0.350748,0.531669,0.453449,0.700503,0.277105,0.468601,0.0271254,0.355842,0.742545,0.769951,0.319839,0.55858
0.910323,0.825224,0.871268,0.896922,0.809557,0.635755,0.699984,0.591991,0.503043,0.634846,0.772218,0.822898,1,0.759925,0.49722,0.811427,0.931468,0.638812,0.732995,0.802009,0.905954,0.780143,0.56445,0.846216,0.534224,0.632426,0.766691,0.650277,0.652366,0.356343,0.252234,0.48497,0.504429,0.684663,0.445343,0.20985,0.0800719,0.555456,0.79956,0.803723,0.264413,0.722528,0.884178,0.798108,0.85904,0.768099,0.690628,0.789515,0.603401,0.45243,0.619265,0.759338,0.756674,0.867599,0.917883,0.785405,0.692745,0.871057,0.863885,0.512015,0.380657,0.774474,0.753165,0.825414,0.888484,0.772911,0.73669,0.85804,0.406534,0.717345,0.757443,0.652242,0.485953,0.24676,0.528097,0.693304,0.830091,0.282065,0.327108,0.0545191,0.440723,0.855694,0.868187,0.331642,0.595367
0.776557,0.705689,0.821544,0.749917,0.699406,0.67058,0.550984,0.606135,0.621075,0.442997,0.719216,0.703798,0.759925,1,0.450256,0.73372,0.817617,0.64217,0.614491,0.696359,0.828327,0.621992,0.678613,0.818914,0.474506,0.71883,0.660797,0.401058,0.5782,0.294253,0.402918,0.282401,0.600626,0.713359,0.413772,0.253856,0.0862176,0.584297,0.748159,0.608061,0.167381,0.743994,0.792682,0.745389,0.788341,0.67245,0.711249,0.749541,0.567507,0.48549,0.344235,0.677735,0.702814,0.733229,0.723849,0.788267,0.578282,0.719352,0.76807,0.327747,0.321537,0.530163,0.626357,0.7256,0.781502,0.647356,0.533482,0.784909,0.287587,0.592937,0.628672,0.476748,0.385004,0.294996,0.648657,0.565637,0.676535,0.382944,0.150454,0.0129659,0.33475,0.820365,0.730324,0.276839,0.597927
0.486091,0.35653,0.605989,0.408331,0.469346,0.518717,0.340507,0.346627,0.402501,0.477549,0.448156,0.380534,0.49722,0.450256,1,0.538082,0.534095,0.48634,0.438836,0.397082,0.466491,0.415931,0.50105,0.556186,0.209168,0.214397,0.458153,0.42623,0.425083,0.189934,0.224382,0.000518136,0.156029,0.300181,0.275568,0.270285,0.173405,0.326785,0.429694,0.3004,0.139062,0.5854,0.588931,0.503684,0.581159,0.281696,0.442516,0.377462,0.259755,0.218967,0.259165,0.621142,0.44334,0.415242,0.553883,0.435051,0.309809,0.590991,0.573807,0.25345,0.131364,0.467073,0.412984,0.4808,0.502059,0.505944,0.292707,0.527911,0.266881,0.40217,0.426454,0.104256,0.399856,0.0973136,0.286368,0.334398,0.401476,0.0801411,-0.00866205,0.158888,0.247992,0.403026,0.363011,0.237167,0.164568
0.868308,0.833106,0.858966,0.800915,0.634569,0.508493,0.685274,0.559877,0.477796,0.503657,0.708744,0.654548,0.811427,0.73372,0.538082,1,0.92838,0.639445,0.640167,0.754965,0.826683,0.650025,0.576463,0.759265,0.383337,0.608422,0.643238,0.586376,0.682202,0.197546,0.265035,0.217034,0.499897,0.694025,0.437235,0.281813,0.130666,0.474748,0.847786,0.769498,0.276237,0.7905,0.857246,0.847502,0.813754,0.74874,0.654496,0.691739,0.722673,0.440797,0.413857,0.670671,0.673823,0.800767,0.824847,0.74789,0.537506,0.917829,0.792587,0.368624,0.223671,0.651311,0.693256,0.827667,0.858783,0.735576,0.668849,0.735796,0.145177,0.664168,0.660364,0.500788,0.481365,0.235954,0.50189,0.777987,0.732975,0.283761,0.0523718,0.243707,0.41682,0.798323,0.742222,0.412976,0.627147
0.911261,0.880387,0.911613,0.89624,0.782472,0.591181,0.68279,0.551737,0.51432,0.603767,0.789606,0.770673,0.931468,0.817617,0.534095,0.92838,1,0.697042,0.714863,0.792855,0.898432,0.738604,0.637907,0.855596,0.47451,0.668429,0.757967,0.63566,0.64917,0.265709,0.306802,0.34198,0.554949,0.761509,0.523326,0.268943,0.058444,0.568963,0.869197,0.799858,0.326818,0.792606,0.915865,0.873437,0.868446,0.774952,0.741367,0.771304,0.663152,0.499695,0.554857,0.760383,0.771095,0.851128,0.896154,0.829575,0.660435,0.937878,0.874172,0.460803,0.379854,0.752395,0.754201,0.834865,0.903352,0.782462,0.706626,0.858916,0.287562,0.67351,0.732012,0.576808,0.518926,0.26687,0.559491,0.760425,0.818801,0.303282,0.23505,0.173755,0.453544,0.873763,0.834612,0.359192,0.662575
0.610909,0.664859,0.753396,0.655005,0.60484,0.67544,0.507569,0.455759,0.599108,0.59365,0.368952,0.548918,0.638812,0.64217,0.48634,0.639445,0.697042,1,0.577837,0.525856,0.589904,0.352927,0.726352,0.809209,0.630716,0.569053,0.631219,0.443151,0.524544,0.0982806,0.195253,0.322479,0.434756,0.471006,0.29268,0.512753,0.124574,0.38296,0.549955,0.459364,0.262337,0.616843,0.654448,0.666327,0.692751,0.607981,0.745803,0.6413,0.473401,0.407566,0.409281,0.739998,0.496785,0.62941,0.656711,0.619655,0.338687,0.619671,0.661471,0.137578,0.151686,0.567088,0.680129,0.544149,0.613103,0.547553,0.458712,0.708223,0.202123,0.51926,0.653622,0.377344,0.376281,0.0155216,0.375118,0.481492,0.606622,0.254862,-0.00200469,0.0338812,0.481243,0.533746,0.493632,0.132858,0.32462
0.714437,0.647124,0.784576,0.765962,0.687885,0.58076,0.703939,0.463444,0.259447,0.468527,0.559538,0.726154,0.732995,0.614491,0.438836,0.640167,0.714863,0.577837,1,0.693135,0.759401,0.465024,0.625673,0.725252,0.353803,0.477104,0.66999,0.587693,0.505175,0.292814,0.318811,0.279167,0.380959,0.624193,0.454572,0.231327,0.188958,0.444468,0.629101,0.697548,0.314967,0.606976,0.73178,0.64058,0.783612,0.712137,0.632665,0.713369,0.379281,0.188291,0.306067,0.709298,0.691258,0.589242,0.668569,0.678915,0.469931,0.668088,0.634612,0.273521,0.366865,0.359873,0.6723,0.645715,0.725209,0.616268,0.630415,0.696574,0.228561,0.702822,0.718437,0.440448,0.540356,0.197014,0.598607,0.620197,0.676103,0.274513,0.388255,0.15905,0.379939,0.686464,0.716888,0.508174,0.550647
0.807914,0.76595,0.777042,0.777245,0.572127,0.609313,0.687705,0.50752,0.470068,0.551199,0.704261,0.767961,0.802009,0.696359,0.397082,0.754965,0.792855,0.525856,0.693135,1,0.827003,0.689033,0.588873,0.76713,0.384399,0.581028,0.79272,0.586268,0.49089,0.271685,0.304782,0.284626,0.417747,0.754674,0.304836,0.195247,0.139255,0.360438,0.858266,0.863297,0.266195,0.640411,0.82295,0.766338,0.828507,0.807487,0.638727,0.693023,0.55781,0.263217,0.512083,0.624628,0.610001,0.720698,0.748938,0.783689,0.574754,0.787212,0.733081,0.251214,0.316682,0.562483,0.643939,0.866606,0.870928,0.749906,0.730023,0.684848,0.161923,0.65361,0.755627,0.426986,0.527534,0.366993,0.587774,0.575334,0.802904,0.468674,0.173992,0.0663956,0.494363,0.824845,0.821559,0.542977,0.547339
0.89097,0.804224,0.867208,0.890434,0.807765,0.612687,0.674226,0.585613,0.448113,0.479171,0.816044,0.82667,0.905954,0.828327,0.466491,0.826683,0.898432,0.589904,0.759401,0.827003,1,0.716688,0.65757,0.815479,0.48932,0.64888,0.750871,0.646606,0.622648,0.358096,0.363782,0.346789,0.555905,0.75259,0.458368,0.183774,0.0499274,0.63526,0.83371,0.8481,0.205058,0.758907,0.88801,0.786543,0.847988,0.790785,0.749566,0.794598,0.618457,0.354617,0.532609,0.731585,0.768027,0.826515,0.82583,0.804527,0.617972,0.82143,0.803439,0.409796,0.395077,0.693455,0.724506,0.877896,0.891113,0.776268,0.712701,0.83634,0.460584,0.764556,0.759583,0.627582,0.490946,0.201252,0.708819,0.687496,0.81016,0.264503,0.343298,0.0338137,0.388705,0.917283,0.874407,0.409851,0.720292
0.804139,0.577403,0.666495,0.627307,0.665546,0.501441,0.567352,0.485067,0.426072,0.513462,0.687058,0.63334,0.780143,0.621992,0.415931,0.650025,0.738604,0.352927,0.465024,0.689033,0.716688,1,0.376992,0.666549,0.317385,0.468094,0.524965,0.500211,0.578645,0.468882,0.17576,0.218328,0.50339,0.697026,0.470352,-0.0779942,0.151211,0.32474,0.675805,0.684717,0.220895,0.548631,0.755421,0.621904,0.694488,0.516357,0.462682,0.583261,0.394939,0.34898,0.433296,0.581149,0.619989,0.631335,0.742154,0.58224,0.67974,0.717343,0.740581,0.510926,0.39622,0.640639,0.595481,0.697209,0.789155,0.569877,0.584896,0.623745,0.355201,0.584968,0.649889,0.478333,0.381855,0.267327,0.424671,0.5814,0.742034,0.276592,0.196456,0.0642044,0.143074,0.773368,0.684435,0.416389,0.586386
0.591347,0.593461,0.720233,0.580301,0.630391,0.691812,0.431804,0.467395,0.595356,0.489966,0.461147,0.604887,0.56445,0.678613,0.50105,0.576463,0.637907,0.726352,0.625673,0.588873,0.65757,0.376992,1,0.778971,0.484646,0.59853,0.747589,0.444821,0.415294,0.30806,0.392563,0.150252,0.460886,0.542996,0.381312,0.404939,0.1238,0.404221,0.623813,0.57967,0.334579,0.595271,0.747412,0.681955,0.665904,0.636423,0.745484,0.665901,0.517835,0.350703,0.309009,0.703323,0.519465,0.533967,0.603039,0.657193,0.342331,0.543456,0.576926,0.0583821,0.256947,0.372889,0.66687,0.660454,0.636615,0.572377,0.55006,0.695774,0.246767,0.54687,0.684055,0.362894,0.409417,0.0885201,0.583094,0.382273,0.637605,0.363772,0.117157,-0.112481,0.390599,0.641873,0.549763,0.180256,0.480788
0.834067,0.791472,0.897005,0.816033,0.764232,0.742126,0.679882,0.590937,0.623358,0.706976,0.612812,0.759363,0.846216,0.818914,0.556186,0.759265,0.855596,0.809209,0.725252,0.76713,0.815479,0.666549,0.778971,1,0.61167,0.70801,0.780498,0.608895,0.650087,0.317964,0.210086,0.330004,0.500211,0.739056,0.445708,0.280063,0.092354,0.484232,0.766296,0.697834,0.328701,0.7506,0.898713,0.84644,0.885402,0.743779,0.821976,0.814919,0.551321,0.468502,0.474945,0.817686,0.725627,0.729844,0.851853,0.83326,0.543074,0.773319,0.842171,0.347877,0.311246,0.631151,0.794216,0.772891,0.821254,0.696916,0.705213,0.870602,0.312951,0.679751,0.811185,0.524533,0.518382,0.24822,0.607964,0.624658,0.797101,0.413342,0.199337,-0.00187911,0.485705,0.80619,0.735629,0.287658,0.533686
0.449435,0.570974,0.487838,0.556005,0.506249,0.384321,0.446425,0.427371,0.5398,0.548966,0.300159,0.409054,0.534224,0.474506,0.209168,0.383337,0.47451,0.630716,0.353803,0.384399,0.48932,0.317385,0.484646,0.61167,1,0.509499,0.509188,0.266161,0.424644,-0.00223059,0.171851,0.445562,0.316613,0.262568,0.242895,0.328959,-0.0729894,0.252985,0.46099,0.365923,0.0670402,0.479466,0.483937,0.52724,0.451781,0.458833,0.578892,0.530185,0.406697,0.383057,0.471169,0.428243,0.390168,0.485879,0.495752,0.51137,0.44983,0.349287,0.418482,0.203761,0.184847,0.465444,0.38521,0.454091,0.405829,0.358429,0.45537,0.614177,0.370116,0.383939,0.5174,0.427594,0.244157,-0.0504552,0.401556,0.301511,0.437993,0.255884,0.0946716,-0.338943,0.389874,0.509454,0.428632,0.0329209,0.428999
0.636564,0.613676,0.700868,0.65569,0.559436,0.52363,0.310611,0.384245,0.556782,0.428114,0.532706,0.579939,0.632426,0.71883,0.214397,0.608422,0.668429,0.569053,0.477104,0.581028,0.64888,0.468094,0.59853,0.70801,0.509499,1,0.677686,0.268124,0.409914,0.151674,0.335798,0.326128,0.588961,0.677333,0.27205,0.359581,0.154162,0.521459,0.627069,0.577102,0.431517,0.521107,0.705014,0.656154,0.724288,0.707277,0.731398,0.727164,0.46305,0.53401,0.328382,0.596073,0.623344,0.641505,0.689935,0.598159,0.4809,0.570695,0.684489,0.406441,0.328119,0.504784,0.649318,0.681501,0.700774,0.513711,0.594628,0.783565,0.0388931,0.57832,0.65015,0.526001,0.557888,0.360092,0.540964,0.554556,0.613272,0.44407,0.109618,-0.0690963,0.271367,0.693887,0.653116,0.176974,0.569691
0.69814,0.71358,0.754412,0.805813,0.70568,0.600957,0.500591,0.498465,0.530158,0.579226,0.690354,0.739267,0.766691,0.660797,0.458153,0.643238,0.757967,0.631219,0.66999,0.79272,0.750871,0.524965,0.747589,0.780498,0.509188,0.677686,1,0.594389,0.438334,0.34216,0.407623,0.375123,0.459599,0.613537,0.387519,0.295581,0.0728617,0.384562,0.760082,0.738406,0.46444,0.531505,0.802125,0.73527,0.736436,0.767037,0.76505,0.66725,0.580721,0.313905,0.614361,0.735591,0.648824,0.733308,0.774419,0.767531,0.535905,0.712716,0.647509,0.29428,0.36495,0.56789,0.727977,0.791099,0.768102,0.692378,0.679539,0.801412,0.278565,0.643797,0.730975,0.48526,0.48878,0.304397,0.587683,0.444504,0.724903,0.410134,0.290375,0.00418647,0.530794,0.74319,0.797353,0.367035,0.529062
0.583692,0.579207,0.6054,0.617308,0.502576,0.307713,0.518721,0.439536,0.33098,0.393809,0.447367,0.561955,0.650277,0.401058,0.42623,0.586376,0.63566,0.443151,0.587693,0.586268,0.646606,0.500211,0.444821,0.608895,0.266161,0.268124,0.594389,1,0.45494,0.291356,0.192532,0.40815,0.373992,0.541913,0.501422,-0.0458247,-0.0947456,0.202468,0.690618,0.626419,0.218528,0.485912,0.65061,0.636372,0.559075,0.459659,0.504735,0.373681,0.386897,0.176772,0.516055,0.620187,0.408467,0.490022,0.631585,0.555115,0.264765,0.605815,0.488736,0.178162,0.272116,0.446946,0.586354,0.580769,0.640981,0.641888,0.480746,0.542947,0.390418,0.583973,0.537247,0.305689,0.398594,0.192989,0.420953,0.620036,0.684948,0.276391,0.252908,-0.0193701,0.341324,0.594402,0.588782,0.236932,0.486349
0.623466,0.581077,0.644392,0.617949,0.554414,0.459601,0.618696,0.504473,0.437674,0.418978,0.565867,0.490731,0.652366,0.5782,0.425083,0.682202,0.64917,0.524544,0.505175,0.49089,0.622648,0.578645,0.415294,0.650087,0.424644,0.409914,0.438334,0.45494,1,0.378948,0.0650191,0.200289,0.382933,0.452479,0.265662,0.192859,0.41873,0.299194,0.54888,0.542033,0.158978,0.527221,0.622014,0.639956,0.5972,0.445699,0.481711,0.450829,0.52167,0.409476,0.184642,0.660654,0.478921,0.588598,0.587507,0.529126,0.452786,0.585749,0.571687,0.374234,0.0209024,0.451102,0.579105,0.563736,0.622728,0.439892,0.455395,0.533318,0.337128,0.604921,0.499503,0.355121,0.172592,-0.134114,0.411223,0.532937,0.536791,0.152654,0.0558233,0.121184,0.241004,0.613312,0.551932,0.326168,0.446014
0.398666,0.128735,0.284301,0.226824,0.443231,0.31453,0.22132,0.385583,0.0511421,0.190013,0.316887,0.329882,0.356343,0.294253,0.189934,0.197546,0.265709,0.0982806,0.292814,0.271685,0.358096,0.468882,0.30806,0.317964,-0.00223059,0.151674,0.34216,0.291356,0.378948,1,0.101634,0.0975484,0.319832,0.307763,0.291674,-0.0829101,0.134917,0.0673814,0.209099,0.312157,0.27518,0.112961,0.343875,0.176998,0.308697,0.16873,0.179136,0.282867,0.0230458,0.0872402,0.0482148,0.375244,0.257189,0.285321,0.352685,0.153866,0.219487,0.227412,0.326106,0.287577,0.297124,0.244998,0.448549,0.220971,0.297863,0.325243,0.2411,0.264024,0.362948,0.368525,0.320256,0.269628,-0.0215747,-0.0101848,0.276081,0.0998806,0.349759,0.0130952,0.336127,0.00267286,-0.122949,0.309898,0.334502,0.2103,0.12783
0.253677,0.167294,0.349757,0.318633,0.280666,0.15032,0.156245,0.292699,0.302148,-0.0557874,0.404163,0.360578,0.252234,0.402918,0.224382,0.265035,0.306802,0.195253,0.318811,0.304782,0.363782,0.17576,0.392563,0.210086,0.171851,0.335798,0.407623,0.192532,0.0650191,0.101634,1,0.256438,0.528589,0.304528,0.291624,0.193739,0.0388475,0.116464,0.346437,0.373693,0.230536,0.333169,0.322507,0.273207,0.315169,0.338163,0.283812,0.26083,0.242804,0.161237,0.13155,0.28825,0.293102,0.268438,0.181038,0.364563,0.274464,0.208532,0.182364,0.0498993,0.267227,0.206908,0.312467,0.422344,0.399143,0.20409,0.154293,0.379301,0.0225095,0.313332,0.308604,0.0788521,0.330397,0.242819,0.520175,0.204028,0.341235,0.415736,0.236167,0.032775,-0.116952,0.384117,0.438107,0.339389,0.406177
0.338236,0.369946,0.296262,0.406591,0.306366,0.140963,0.220551,0.420768,0.431995,0.206196,0.322131,0.314049,0.48497,0.282401,0.000518136,0.217034,0.34198,0.322479,0.279167,0.284626,0.346789,0.218328,0.150252,0.330004,0.445562,0.326128,0.375123,0.40815,0.200289,0.0975484,0.256438,1,0.368381,0.143675,0.184532,0.0626083,-0.164756,0.103551,0.305005,0.289896,0.0322092,0.246073,0.262998,0.257461,0.233407,0.315914,0.247821,0.246622,0.240323,0.460795,0.55677,0.266939,0.149295,0.416526,0.337591,0.303228,0.302235,0.243833,0.207843,0.108196,0.0281902,0.356028,0.282594,0.349293,0.355841,0.26021,0.378867,0.343382,0.300652,0.312479,0.27235,0.308419,0.100216,0.202495,0.259919,0.324243,0.444266,0.180407,0.0784254,-0.258857,0.201108,0.310634,0.477324,-0.0836468,0.220787
0.552104,0.441899,0.573928,0.528258,0.46622,0.370133,0.230845,0.39393,0.400689,0.0692068,0.455064,0.499417,0.504429,0.600626,0.156029,0.499897,0.554949,0.434756,0.380959,0.417747,0.555905,0.50339,0.460886,0.500211,0.316613,0.588961,0.459599,0.373992,0.382933,0.319832,0.528589,0.368381,1,0.579236,0.52372,0.280436,0.205599,0.274409,0.473629,0.52488,0.296395,0.410617,0.5627,0.556636,0.542513,0.535744,0.526275,0.486952,0.349285,0.30359,0.219492,0.488823,0.406719,0.506921,0.466833,0.442633,0.480018,0.40298,0.452314,0.267315,0.33953,0.4247,0.597493,0.515319,0.593894,0.401522,0.424969,0.601196,0.208558,0.53962,0.545365,0.287255,0.362804,0.286612,0.455527,0.544347,0.573085,0.328602,0.23774,-0.0866145,0.00513809,0.575992,0.513411,0.283856,0.625326
0.760228,0.649673,0.755277,0.697892,0.60848,0.488223,0.551372,0.431529,0.353298,0.343837,0.589563,0.628482,0.684663,0.713359,0.300181,0.694025,0.761509,0.471006,0.624193,0.754674,0.75259,0.697026,0.542996,0.739056,0.262568,0.677333,0.613537,0.541913,0.452479,0.307763,0.304528,0.143675,0.579236,1,0.538938,0.121422,0.084832,0.392484,0.759785,0.724577,0.491464,0.540588,0.788263,0.695941,0.798881,0.651901,0.688578,0.702066,0.326635,0.331316,0.323364,0.584718,0.638053,0.534062,0.680106,0.687062,0.479855,0.659037,0.725568,0.39609,0.541755,0.527562,0.698539,0.686554,0.792317,0.564353,0.625226,0.721598,0.0805004,0.630245,0.706749,0.358939,0.572615,0.390333,0.702787,0.716138,0.780961,0.450774,0.262244,0.120811,0.260268,0.823164,0.746691,0.444523,0.663928
0.432811,0.374006,0.477058,0.486093,0.592409,0.166837,0.289419,0.290757,0.278783,0.312951,0.328306,0.31444,0.445343,0.413772,0.275568,0.437235,0.523326,0.29268,0.454572,0.304836,0.458368,0.470352,0.381312,0.445708,0.242895,0.27205,0.387519,0.501422,0.265662,0.291674,0.291624,0.184532,0.52372,0.538938,1,0.0125441,-0.119845,0.291422,0.453031,0.401064,0.429042,0.364041,0.550247,0.49982,0.423229,0.371254,0.375419,0.369155,0.242936,0.217504,0.362305,0.411027,0.524147,0.302272,0.433222,0.515262,0.281282,0.401425,0.326289,0.308028,0.459453,0.274149,0.462257,0.401182,0.459737,0.334934,0.300806,0.503467,0.277203,0.304296,0.419177,0.297767,0.340496,0.336797,0.446437,0.476959,0.490085,0.297076,0.354276,-0.0330678,0.151385,0.504038,0.382372,0.155519,0.615836
0.134644,0.20218,0.340217,0.271928,0.136469,0.4059,0.0993185,0.139648,0.258044,0.194416,0.0538555,0.16371,0.20985,0.253856,0.270285,0.281813,0.268943,0.512753,0.231327,0.195247,0.183774,-0.0779942,0.404939,0.280063,0.328959,0.359581,0.295581,-0.0458247,0.192859,-0.0829101,0.193739,0.0626083,0.280436,0.121422,0.0125441,1,0.358354,0.284931,0.112393,0.190415,0.172066,0.20182,0.250811,0.253309,0.347726,0.447498,0.438083,0.341693,0.283115,0.172137,0.0881741,0.31109,0.208066,0.168877,0.216117,0.15624,0.0326844,0.204049,0.289626,0.0995798,0.145695,0.260296,0.318417,0.228337,0.189034,0.193806,0.219632,0.387253,-0.0650926,0.115321,0.209057,0.0437714,0.110899,-0.134409,0.0300684,0.164561,0.228295,0.1942,0.122354,0.0101906,0.296758,0.103288,0.183713,-0.0258643,-0.0156743
0.0718508,-0.00361565,0.151637,0.0498328,-0.00673425,0.43414,0.141814,0.00625586,0.177089,-0.0372437,0.2101,0.139567,0.0800719,0.0862176,0.173405,0.130666,0.058444,0.124574,0.188958,0.139255,0.0499274,0.151211,0.1238,0.092354,-0.0729894,0.154162,0.0728617,-0.0947456,0.41873,0.134917,0.0388475,-0.164756,0.205599,0.084832,-0.119845,0.358354,1,0.0211634,-0.00601485,0.203539,0.144282,-0.102723,0.0935485,0.0686578,0.201309,0.224268,0.0400183,0.146778,0.114212,-0.0294628,-0.190293,0.214345,0.129195,0.0808353,0.0844599,-0.0333949,0.165094,0.108284,0.132099,0.221801,-0.125619,0.0439375,0.21009,0.134209,0.204721,-0.113765,0.0668944,0.0436751,-0.0972335,0.215795,0.0443605,-0.0311533,-0.0318738,-0.0393952,-0.028722,0.121329,0.000485525,0.175907,0.015112,0.271172,-0.071033,0.0138504,0.0684851,0.372415,0.0279148
0.523229,0.463177,0.548931,0.570861,0.657297,0.507577,0.214534,0.127679,0.276973,0.324702,0.51254,0.524716,0.555456,0.584297,0.326785,0.474748,0.568963,0.38296,0.444468,0.360438,0.63526,0.32474,0.404221,0.484232,0.252985,0.521459,0.384562,0.202468,0.299194,0.0673814,0.116464,0.103551,0.274409,0.392484,0.291422,0.284931,0.0211634,1,0.378053,0.43328,0.0906533,0.521516,0.581969,0.433589,0.534786,0.534532,0.553195,0.632296,0.375817,0.235749,0.369577,0.509813,0.678505,0.528143,0.519196,0.488488,0.33007,0.507056,0.569554,0.474914,0.243701,0.47845,0.353083,0.487302,0.481738,0.441302,0.342827,0.607276,0.405863,0.343933,0.417386,0.615391,0.318917,0.113039,0.342835,0.407098,0.334541,0.0589035,0.349448,0.089278,0.284658,0.469776,0.432021,-0.0196722,0.388976
0.810283,0.838739,0.790973,0.776187,0.624405,0.454227,0.635712,0.532811,0.575095,0.518126,0.721329,0.675687,0.79956,0.748159,0.429694,0.847786,0.869197,0.549955,0.629101,0.858266,0.83371,0.675805,0.623813,0.766296,0.46099,0.627069,0.760082,0.690618,0.54888,0.209099,0.346437,0.305005,0.473629,0.759785,0.453031,0.112393,-0.00601485,0.378053,1,0.811689,0.29216,0.713582,0.851644,0.865626,0.778143,0.727135,0.704133,0.62304,0.623178,0.46798,0.484893,0.633385,0.608466,0.746288,0.786724,0.785661,0.543374,0.842543,0.736235,0.327715,0.35207,0.575722,0.617957,0.849814,0.868762,0.757326,0.679961,0.737825,0.157443,0.668739,0.689504,0.399644,0.470665,0.314794,0.637886,0.718525,0.778479,0.484036,0.0813235,-0.00751003,0.391347,0.887924,0.801402,0.437967,0.710644
0.803022,0.746491,0.731453,0.789532,0.655443,0.538536,0.706537,0.513765,0.380216,0.425929,0.745387,0.790058,0.803723,0.608061,0.3004,0.769498,0.799858,0.459364,0.697548,0.863297,0.8481,0.684717,0.57967,0.697834,0.365923,0.577102,0.738406,0.626419,0.542033,0.312157,0.373693,0.289896,0.52488,0.724577,0.401064,0.190415,0.203539,0.43328,0.811689,1,0.276752,0.593424,0.825052,0.745766,0.756924,0.813709,0.602571,0.719828,0.631343,0.238328,0.511376,0.588722,0.629378,0.697282,0.729655,0.698885,0.542291,0.75377,0.659026,0.357893,0.349665,0.61679,0.681409,0.861112,0.8619,0.68042,0.743212,0.697644,0.239621,0.680357,0.721122,0.559799,0.430501,0.242234,0.594139,0.637463,0.800899,0.389882,0.388796,0.0811319,0.407893,0.809355,0.848245,0.54306,0.649642
0.254865,0.295825,0.365535,0.324846,0.346122,0.149384,0.0576874,0.0765972,0.226964,0.19502,0.156765,0.258139,0.264413,0.167381,0.139062,0.276237,0.326818,0.262337,0.314967,0.266195,0.205058,0.220895,0.334579,0.328701,0.0670402,0.431517,0.46444,0.218528,0.158978,0.27518,0.230536,0.0322092,0.296395,0.491464,0.429042,0.172066,0.144282,0.0906533,0.29216,0.276752,1,0.100118,0.338231,0.317859,0.356233,0.347372,0.351677,0.261577,0.109695,0.259877,0.183342,0.332416,0.240584,0.224692,0.317479,0.392772,0.185173,0.266043,0.246796,0.215048,0.317029,0.217417,0.474178,0.261693,0.32579,0.143672,0.298623,0.413384,-0.255671,0.225152,0.337524,0.113604,0.474632,0.333508,0.356392,0.229421,0.322054,0.282042,0.204655,0.249343,0.193683,0.27871,0.30334,0.0844331,0.288722
0.802552,0.763243,0.831767,0.687859,0.593046,0.488205,0.568524,0.52211,0.428195,0.524393,0.566867,0.701019,0.722528,0.743994,0.5854,0.7905,0.792606,0.616843,0.606976,0.640411,0.758907,0.548631,0.595271,0.7506,0.479466,0.521107,0.531505,0.485912,0.527221,0.112961,0.333169,0.246073,0.410617,0.540588,0.364041,0.20182,-0.102723,0.521516,0.713582,0.593424,0.100118,1,0.802073,0.795665,0.765634,0.599053,0.605745,0.664402,0.547833,0.416688,0.303554,0.66055,0.59058,0.705668,0.72796,0.768524,0.561581,0.741909,0.760047,0.228001,0.11003,0.576602,0.530504,0.710213,0.730885,0.719854,0.527044,0.718626,0.221817,0.572428,0.657509,0.436085,0.540447,0.234341,0.517472,0.523149,0.638349,0.210892,0.0814135,0.0333091,0.361368,0.718946,0.635234,0.190753,0.492331
0.907692,0.798926,0.923764,0.841649,0.788922,0.639055,0.638484,0.542822,0.549438,0.63107,0.720079,0.79328,0.884178,0.792682,0.588931,0.857246,0.915865,0.654448,0.73178,0.82295,0.88801,0.755421,0.747412,0.898713,0.483937,0.705014,0.802125,0.65061,0.622014,0.343875,0.322507,0.262998,0.5627,0.788263,0.550247,0.250811,0.0935485,0.581969,0.851644,0.825052,0.338231,0.802073,1,0.898207,0.913775,0.779251,0.776993,0.819649,0.615266,0.427104,0.48799,0.815914,0.774915,0.77572,0.898624,0.828199,0.60895,0.848464,0.872613,0.438083,0.37706,0.689014,0.776459,0.877586,0.904034,0.771324,0.736599,0.876444,0.3064,0.74826,0.851575,0.560133,0.592041,0.293475,0.619844,0.693275,0.842686,0.419289,0.246713,0.0181247,0.407468,0.895989,0.814455,0.369446,0.669889
0.804467,0.879266,0.890132,0.810598,0.653999,0.533353,0.596865,0.498737,0.546358,0.566311,0.606272,0.758174,0.798108,0.745389,0.503684,0.847502,0.873437,0.666327,0.64058,0.766338,0.786543,0.621904,0.681955,0.84644,0.52724,0.656154,0.73527,0.636372,0.639956,0.176998,0.273207,0.257461,0.556636,0.695941,0.49982,0.253309,0.0686578,0.433589,0.865626,0.745766,0.317859,0.795665,0.898207,1,0.842526,0.735511,0.738974,0.701002,0.652938,0.457347,0.429994,0.743822,0.629703,0.788313,0.814783,0.845683,0.605191,0.814458,0.777375,0.311833,0.249514,0.575319,0.716045,0.796213,0.841787,0.758232,0.672177,0.816922,0.181171,0.692538,0.748783,0.429145,0.583555,0.363815,0.524765,0.660638,0.741095,0.413515,0.128708,-0.0341953,0.403829,0.828012,0.701965,0.269501,0.659353
0.878896,0.739151,0.951606,0.847503,0.708411,0.693108,0.654851,0.53286,0.456219,0.605488,0.644229,0.80442,0.85904,0.788341,0.581159,0.813754,0.868446,0.692751,0.783612,0.828507,0.847988,0.694488,0.665904,0.885402,0.451781,0.724288,0.736436,0.559075,0.5972,0.308697,0.315169,0.233407,0.542513,0.798881,0.423229,0.347726,0.201309,0.534786,0.778143,0.756924,0.356233,0.765634,0.913775,0.842526,1,0.807506,0.767913,0.845004,0.475805,0.337736,0.382232,0.831076,0.787294,0.753817,0.874242,0.775791,0.639898,0.823378,0.922375,0.437228,0.432344,0.65535,0.829187,0.812837,0.897742,0.782506,0.709502,0.891586,0.21208,0.780989,0.848469,0.501125,0.677332,0.31633,0.569614,0.708297,0.789801,0.406269,0.275342,0.0562666,0.378142,0.826766,0.792037,0.433982,0.576899
0.750384,0.749608,0.805948,0.801135,0.643836,0.669445,0.594133,0.478743,0.439379,0.450631,0.627024,0.776282,0.768099,0.67245,0.281696,0.74874,0.774952,0.607981,0.712137,0.807487,0.790785,0.516357,0.636423,0.743779,0.458833,0.707277,0.767037,0.459659,0.445699,0.16873,0.338163,0.315914,0.535744,0.651901,0.371254,0.447498,0.224268,0.534532,0.727135,0.813709,0.347372,0.599053,0.779251,0.735511,0.807506,1,0.752933,0.807392,0.665746,0.282218,0.488362,0.621296,0.752989,0.758747,0.748011,0.714813,0.531828,0.75007,0.703549,0.37811,0.334058,0.547268,0.732015,0.848301,0.812472,0.62849,0.712056,0.801893,0.169557,0.697739,0.704508,0.59933,0.516607,0.342065,0.505318,0.640582,0.687568,0.446803,0.333699,0.0585709,0.474429,0.704905,0.758051,0.411299,0.629982
0.697489,0.720929,0.793746,0.747453,0.692272,0.629755,0.418864,0.340057,0.459167,0.46208,0.536591,0.646141,0.690628,0.711249,0.442516,0.654496,0.741367,0.745803,0.632665,0.638727,0.749566,0.462682,0.745484,0.821976,0.578892,0.731398,0.76505,0.504735,0.481711,0.179136,0.283812,0.247821,0.526275,0.688578,0.375419,0.438083,0.0400183,0.553195,0.704133,0.602571,0.351677,0.605745,0.776993,0.738974,0.767913,0.752933,1,0.717947,0.440488,0.370281,0.406654,0.72867,0.684849,0.657421,0.728727,0.680978,0.407026,0.642891,0.716477,0.385932,0.434903,0.555241,0.684527,0.68199,0.685079,0.623205,0.625004,0.852973,0.28663,0.667512,0.711195,0.382883,0.480483,0.15886,0.617978,0.584196,0.657389,0.333141,0.225015,-0.0632471,0.354178,0.726868,0.660378,0.238389,0.571778
0.826542,0.696228,0.832666,0.755582,0.735442,0.761515,0.648769,0.522054,0.392123,0.531723,0.578769,0.788167,0.789515,0.749541,0.377462,0.691739,0.771304,0.6413,0.713369,0.693023,0.794598,0.583261,0.665901,0.814919,0.530185,0.727164,0.66725,0.373681,0.450829,0.282867,0.26083,0.246622,0.486952,0.702066,0.369155,0.341693,0.146778,0.632296,0.62304,0.719828,0.261577,0.664402,0.819649,0.701002,0.845004,0.807392,0.717947,1,0.530954,0.319796,0.388845,0.659626,0.790003,0.709621,0.799351,0.68639,0.554749,0.708137,0.819359,0.474558,0.35562,0.607699,0.714946,0.721301,0.770436,0.581651,0.640366,0.82014,0.232285,0.681275,0.751302,0.717074,0.517261,0.277116,0.520324,0.590587,0.662591,0.35442,0.358785,0.080536,0.380453,0.721197,0.701314,0.315119,0.54201
0.566461,0.627858,0.592397,0.617544,0.461119,0.415794,0.517075,0.569714,0.564157,0.363304,0.574672,0.522203,0.603401,0.567507,0.259755,0.722673,0.663152,0.473401,0.379281,0.55781,0.618457,0.394939,0.517835,0.551321,0.406697,0.46305,0.580721,0.386897,0.52167,0.0230458,0.242804,0.240323,0.349285,0.326635,0.242936,0.283115,0.114212,0.375817,0.623178,0.631343,0.109695,0.547833,0.615266,0.652938,0.475805,0.665746,0.440488,0.530954,1,0.403756,0.428325,0.445773,0.472227,0.670959,0.586537,0.642645,0.373114,0.674684,0.459262,0.0714746,-0.0765364,0.418437,0.490151,0.752631,0.638859,0.409307,0.548223,0.504314,0.151166,0.435197,0.433512,0.543562,0.172441,0.135359,0.322948,0.464241,0.524294,0.332732,0.00623696,0.169408,0.557315,0.591793,0.596688,0.209699,0.524495
0.400998,0.480548,0.447576,0.317596,0.413655,0.187681,0.196711,0.312532,0.639951,0.385897,0.352916,0.179164,0.45243,0.48549,0.218967,0.440797,0.499695,0.407566,0.188291,0.263217,0.354617,0.34898,0.350703,0.468502,0.383057,0.53401,0.313905,0.176772,0.409476,0.0872402,0.161237,0.460795,0.30359,0.331316,0.217504,0.172137,-0.0294628,0.235749,0.46798,0.238328,0.259877,0.416688,0.427104,0.457347,0.337736,0.282218,0.370281,0.319796,0.403756,1,0.2525,0.291767,0.208574,0.41663,0.413629,0.370438,0.265413,0.431219,0.448684,0.217039,0.0119372,0.425753,0.254156,0.40209,0.392044,0.177828,0.297636,0.425336,-0.037398,0.250573,0.265812,0.200617,0.12124,0.122291,0.234292,0.395509,0.398848,0.220454,-0.244967,-0.0237974,0.156667,0.421612,0.370676,-0.160608,0.312236
0.449356,0.550773,0.428185,0.604397,0.568004,0.357714,0.315579,0.344329,0.42827,0.447409,0.538782,0.502475,0.619265,0.344235,0.259165,0.413857,0.554857,0.409281,0.306067,0.512083,0.532609,0.433296,0.309009,0.474945,0.471169,0.328382,0.614361,0.516055,0.184642,0.0482148,0.13155,0.55677,0.219492,0.323364,0.362305,0.0881741,-0.190293,0.369577,0.484893,0.511376,0.183342,0.303554,0.48799,0.429994,0.382232,0.488362,0.406654,0.388845,0.428325,0.2525,1,0.371215,0.414604,0.557486,0.527939,0.552533,0.462845,0.530194,0.355444,0.22106,0.216461,0.593211,0.418498,0.565307,0.515461,0.494825,0.513354,0.540699,0.473515,0.324111,0.413245,0.500286,0.285837,0.245856,0.2969,0.307083,0.504689,0.0718641,0.265181,-0.141305,0.579243,0.45425,0.552359,-0.0029438,0.357584
0.714944,0.604234,0.848135,0.757973,0.710848,0.663201,0.464275,0.5183,0.487079,0.571243,0.601427,0.696814,0.759338,0.677735,0.621142,0.670671,0.760383,0.739998,0.709298,0.624628,0.731585,0.581149,0.703323,0.817686,0.428243,0.596073,0.735591,0.620187,0.660654,0.375244,0.28825,0.266939,0.488823,0.584718,0.411027,0.31109,0.214345,0.509813,0.633385,0.588722,0.332416,0.66055,0.815914,0.743822,0.831076,0.621296,0.72867,0.659626,0.445773,0.291767,0.371215,1,0.708647,0.669602,0.769709,0.676046,0.521325,0.690358,0.776489,0.315048,0.223629,0.534999,0.836565,0.696319,0.789009,0.70479,0.607713,0.77686,0.366566,0.72156,0.815301,0.474383,0.51664,0.147789,0.501616,0.580645,0.680082,0.293751,0.206753,0.0304621,0.31548,0.699715,0.676692,0.309484,0.451782
0.743687,0.579084,0.759562,0.805692,0.764134,0.614156,0.546906,0.407982,0.291304,0.560976,0.706861,0.670419,0.756674,0.702814,0.44334,0.673823,0.771095,0.496785,0.691258,0.610001,0.768027,0.619989,0.519465,0.725627,0.390168,0.623344,0.648824,0.408467,0.478921,0.257189,0.293102,0.149295,0.406719,0.638053,0.524147,0.208066,0.129195,0.678505,0.608466,0.629378,0.240584,0.59058,0.774915,0.629703,0.787294,0.752989,0.684849,0.790003,0.472227,0.208574,0.414604,0.708647,1,0.676534,0.785176,0.677269,0.591949,0.739044,0.773656,0.632912,0.465417,0.561403,0.708575,0.714958,0.743988,0.581701,0.580091,0.804593,0.421203,0.618447,0.654,0.696695,0.477409,0.281907,0.516552,0.640139,0.554764,0.334829,0.477975,0.143303,0.285875,0.696206,0.690084,0.435497,0.607607
