1,0.827841,0.800506,0.70906,0.681133,0.527188,0.448711,0.0193664,0.189624,0.537611,0.63817,0.306787,0.781477,0.70391,0.286966,0.710395,0.789337,0.350308,0.321648,0.723486,0.747468,0.533669,0.487572,0.694332,0.269702,0.49553,0.420722,0.61109,0.17965,0.105967,0.21945,0.387968,0.748631,0.567786,0.367546,0.212513,0.484512,0.530359,0.674797,0.577476,0.155901,0.335583,0.84157,0.695166,0.762094,0.572933,0.525109,0.604699,-0.0776097,0.247196,0.181067,0.408411,0.678771,0.373266,0.686596,0.749182,0.465224,0.712081,0.731371,0.238197,0.223968,0.336897,0.490665,0.760103,0.646419,0.495205,0.492963,0.703969,0.442188,0.592175,0.392637,0.422496,0.139931,0.198758,0.563132,0.517963,0.488478,0.390954,0.275214,0.150307,0.36894,0.582567,0.447424,0.540394,0.588732
0.827841,1,0.734586,0.635569,0.661449,0.407404,0.412568,0.200159,0.00705586,0.466193,0.45799,0.147198,0.705351,0.708769,0.37975,0.808752,0.828836,0.295519,0.310642,0.683446,0.647165,0.408451,0.272761,0.64525,0.126965,0.433346,0.334884,0.537435,0.0380226,-0.172751,0.328895,0.318846,0.549891,0.247485,0.203377,-0.00175066,0.34427,0.430536,0.671958,0.508385,0.161036,0.260386,0.807639,0.795883,0.709233,0.544941,0.458869,0.58599,-0.0501761,0.283783,0.217015,0.39085,0.588942,0.390555,0.597297,0.743278,0.378125,0.812535,0.657121,0.287438,0.147287,0.284104,0.433208,0.762488,0.49206,0.50629,0.407415,0.59491,0.429735,0.473797,0.40509,0.305825,0.223467,0.0909037,0.444806,0.443209,0.406013,0.346655,0.197585,0.244535,0.209082,0.487299,0.436181,0.547582,0.550583
0.800506,0.734586,1,0.821608,0.636712,0.380761,0.394627,-0.0495016,0.199076,0.678173,0.798478,0.455044,0.739136,0.657058,0.269483,0.578781,0.827372,0.399361,0.300851,0.68884,0.705126,0.462524,0.434481,0.679097,0.12779,0.507114,0.402472,0.543915,-0.030367,-0.04992,0.187623,0.355459,0.686834,0.413611,0.287734,0.0638669,0.41055,0.489946,0.634779,0.532344,0.205167,0.302926,0.789789,0.695081,0.868177,0.711203,0.452192,0.579688,0.0491935,0.00279803,0.107979,0.689526,0.6999,0.423472,0.509524,0.66344,0.532007,0.592595,0.686287,0.161538,0.0474718,0.369311,0.465919,0.697723,0.527714,0.64737,0.491241,0.720263,0.610515,0.435137,0.376104,0.311132,0.112845,0.0118229,0.32845,0.54777,0.4939,0.440646,0.119806,0.11267,0.374184,0.495719,0.35742,0.633884,0.427927
0.70906,0.635569,0.821608,1,0.685364,0.490963,0.500417,0.0145654,0.281658,0.753197,0.723431,0.520855,0.60359,0.588091,0.188487,0.469352,0.720438,0.312471,0.335652,0.588705,0.653865,0.539054,0.494539,0.666702,0.16303,0.345574,0.426002,0.43986,-0.066556,-0.0671445,0.0440802,0.367099,0.668275,0.50654,0.302883,-0.0891783,0.414179,0.364342,0.687316,0.531726,0.259146,0.358772,0.665374,0.576418,0.802342,0.710546,0.48851,0.458495,0.179531,-0.0490706,0.235442,0.546941,0.689538,0.159513,0.434393,0.530678,0.525705,0.475706,0.609776,0.230724,-0.0377114,0.393732,0.444253,0.605789,0.519457,0.55641,0.536206,0.675105,0.554164,0.282788,0.544652,0.347795,-0.00994805,0.0447572,0.380697,0.555295,0.572943,0.44086,0.105346,0.154778,0.375196,0.464388,0.430211,0.593134,0.452683
0.681133,0.661449,0.636712,0.685364,1,0.609547,0.636573,0.332,0.150662,0.517788,0.641535,0.288437,0.540735,0.744566,0.410886,0.542461,0.631279,0.431091,0.646408,0.602181,0.746112,0.631976,0.62613,0.827781,0.341898,0.537229,0.656461,0.659084,0.1132,0.128715,0.0652436,0.566175,0.676972,0.444087,0.438225,0.165515,0.435322,0.318072,0.65234,0.608158,0.196067,0.421369,0.795841,0.489198,0.704148,0.637381,0.658604,0.710465,0.394304,0.150813,0.271332,0.489696,0.646785,0.224948,0.515259,0.665602,0.652916,0.485801,0.655341,0.132164,0.257801,0.387341,0.589167,0.657131,0.69105,0.295252,0.523316,0.748194,0.338289,0.517843,0.626548,0.498391,0.05746,0.206582,0.726341,0.747606,0.632726,0.579477,0.511599,0.426389,0.587368,0.655855,0.562124,0.573676,0.58546
0.527188,0.407404,0.380761,0.490963,0.609547,1,0.610099,0.236985,0.0840263,0.454708,0.305163,0.416821,0.501024,0.571863,0.510662,0.531283,0.401679,0.276679,0.487625,0.569806,0.645091,0.334989,0.494686,0.704084,0.288871,0.602062,0.477783,0.340374,0.17225,0.0559557,0.270478,0.461853,0.549642,0.599974,0.479392,0.262339,0.347296,0.570809,0.520412,0.640259,0.456668,0.650014,0.534818,0.277665,0.389786,0.240732,0.504081,0.463494,0.294017,0.246011,0.278155,0.15552,0.344525,0.328926,0.493828,0.553882,0.547785,0.460502,0.483547,0.290777,0.107582,0.456105,0.497626,0.640262,0.67082,0.246657,0.500632,0.748295,0.340768,0.404463,0.602307,0.569422,0.212633,0.315443,0.542757,0.510072,0.515659,0.16807,0.407408,0.284582,0.297595,0.658735,0.607587,0.301017,0.507246
0.448711,0.412568,0.394627,0.500417,0.636573,0.610099,1,0.423673,0.229094,0.366597,0.412881,0.289175,0.418607,0.500307,0.502899,0.387057,0.382834,0.358205,0.591397,0.520324,0.661138,0.467447,0.542193,0.738567,0.165585,0.412218,0.610383,0.458375,0.273046,0.0394651,0.284373,0.467797,0.400307,0.51594,0.581081,0.226969,0.277595,0.400241,0.468326,0.448659,0.423499,0.503975,0.570402,0.22898,0.478095,0.443022,0.468371,0.560003,0.504212,0.0764858,0.480686,0.36,0.533386,0.23348,0.359561,0.466185,0.649529,0.398344,0.539891,0.248205,0.011515,0.583288,0.475482,0.625465,0.559447,0.224099,0.560785,0.730891,0.477971,0.343272,0.494594,0.397362,0.234979,0.358125,0.45167,0.53673,0.501677,0.374469,0.312404,0.127393,0.506304,0.503243,0.410642,0.298964,0.547356
0.0193664,0.200159,-0.0495016,0.0145654,0.332,0.236985,0.423673,1,-0.0158431,-0.05361,-0.144234,0.0180288,0.139039,0.306307,0.463035,0.268367,0.168123,0.12208,0.645072,0.34293,0.295812,0.279439,0.136284,0.332228,0.188182,0.250406,0.497599,0.389337,0.250484,-0.196689,-0.020946,0.480135,-0.0688966,0.0899685,0.383083,-0.0700765,-0.2632,0.196112,0.242828,0.357681,0.390564,0.307493,0.253275,0.0712331,0.113225,0.195146,0.351766,0.415626,0.534701,0.251094,0.416196,-0.0511141,0.0460432,0.0225283,0.103915,0.269982,0.392489,0.264227,0.25372,-0.0879067,0.117021,0.204656,0.398958,0.273065,0.293093,-0.00670125,0.368928,0.295285,-0.00781492,0.109719,0.373918,0.0410211,0.260317,0.207839,0.163135,0.243609,0.327586,0.2818,0.35293,0.259496,0.345578,0.25082,0.390884,0.203821,0.185945
0.189624,0.00705586,0.199076,0.281658,0.150662,0.0840263,0.229094,-0.0158431,1,0.196472,0.24881,0.295399,0.184569,0.185294,0.139349,0.0649292,0.28218,0.440559,0.306629,0.229948,0.28692,0.304719,0.387676,0.261017,-0.0246469,0.103166,0.367646,0.0784413,0.342434,0.251369,-0.1041,0.240689,0.374859,0.320547,0.301902,0.0476866,-0.161934,0.221072,0.178889,0.303842,0.291236,0.247917,0.155962,-0.0553746,0.238278,0.347362,0.0506125,0.209899,0.0594857,0.0646309,0.442313,0.145851,0.212252,0.149524,0.1626,0.200908,0.244161,0.10859,0.187945,0.0953985,8.73476e-05,0.354839,0.23349,0.141277,0.32688,0.170473,0.30335,0.293746,0.287586,0.110658,0.209155,0.256821,0.175073,0.260857,0.0905075,0.0802192,0.375555,0.253512,0.0548799,0.0815987,0.188373,0.184863,0.132575,0.111401,0.36938
0.537611,0.466193,0.678173,0.753197,0.517788,0.454708,0.366597,-0.05361,0.196472,1,0.719468,0.407283,0.439996,0.35178,0.129033,0.262026,0.546817,0.260031,0.182394,0.286414,0.439391,0.390605,0.227065,0.483393,0.145301,0.336567,0.21665,0.0978344,-0.064583,-0.0663564,-0.108119,0.265662,0.427159,0.276485,0.407717,-0.204064,0.260677,0.235259,0.485494,0.340178,0.0272732,0.291297,0.495173,0.497939,0.602283,0.556014,0.392912,0.352046,0.244802,-0.0729125,0.214797,0.523936,0.646912,0.0332723,0.335058,0.428516,0.588954,0.266291,0.489613,0.105194,-0.214569,0.385436,0.215433,0.3787,0.410021,0.551608,0.373216,0.518155,0.316045,0.0685943,0.380858,0.182946,-0.0639185,-0.163843,0.296327,0.473439,0.401799,0.271802,-0.0130332,0.169812,0.316591,0.372296,0.204293,0.570247,0.232531
0.63817,0.45799,0.798478,0.723431,0.641535,0.305163,0.412881,-0.144234,0.24881,0.719468,1,0.370868,0.472139,0.504673,0.0797717,0.306405,0.601388,0.359646,0.272643,0.389757,0.479496,0.464559,0.436703,0.557802,0.209689,0.413941,0.400276,0.372153,-0.0654651,0.257081,-0.113375,0.316614,0.53155,0.342092,0.297149,0.123088,0.392525,0.222104,0.398805,0.342875,-0.0686717,0.207893,0.58278,0.428587,0.636022,0.681647,0.447683,0.479144,0.20087,-0.179517,0.0638618,0.721186,0.660781,0.164075,0.343543,0.415503,0.595196,0.23188,0.507593,0.0546803,-0.0366449,0.271901,0.290337,0.388813,0.399559,0.447307,0.380097,0.578718,0.36739,0.256767,0.243479,0.223505,-0.153174,-0.088927,0.373026,0.531998,0.388281,0.373523,0.224222,0.158084,0.433865,0.339655,0.117483,0.537827,0.284671
0.306787,0.147198,0.455044,0.520855,0.288437,0.416821,0.289175,0.0180288,0.295399,0.407283,0.370868,1,0.515317,0.25515,0.341253,0.277314,0.380562,0.310439,0.346848,0.390105,0.449265,0.328649,0.416179,0.352492,0.319041,0.263468,0.428437,0.323608,-0.062637,-0.126734,0.191992,0.434283,0.43593,0.563636,0.430126,0.116408,0.0976439,0.37465,0.351656,0.459361,0.39676,0.327469,0.33113,0.111563,0.484328,0.300244,0.261991,0.349201,0.325219,-0.294802,0.220874,0.297418,0.283335,0.376504,0.173673,0.28202,0.31846,0.177411,0.239313,-0.025186,0.0477305,0.29924,0.536529,0.279281,0.388196,0.366724,0.38897,0.424864,0.504889,0.13504,0.486685,0.337185,-0.00120402,-0.0587289,0.316161,0.339139,0.441504,0.189115,0.226832,0.163243,0.191871,0.321349,0.411092,0.232407,0.29829
0.781477,0.705351,0.739136,0.60359,0.540735,0.501024,0.418607,0.139039,0.184569,0.439996,0.472139,0.515317,1,0.612371,0.35199,0.744049,0.792493,0.307123,0.390625,0.780695,0.75144,0.496395,0.510344,0.55719,0.321444,0.475741,0.417622,0.583907,0.0853359,-0.0690106,0.275659,0.476399,0.602008,0.538921,0.418419,0.181129,0.380446,0.555654,0.722251,0.644887,0.386265,0.50749,0.749094,0.661415,0.739423,0.445739,0.436799,0.611946,0.0608602,0.0939983,0.113945,0.271806,0.538486,0.565022,0.760992,0.697834,0.442865,0.784414,0.733895,0.0717707,0.248775,0.334273,0.613206,0.752792,0.685151,0.601424,0.559877,0.680494,0.563153,0.599308,0.423791,0.470665,0.0887999,0.121253,0.368829,0.531817,0.478509,0.363422,0.162315,0.133377,0.254754,0.656069,0.529796,0.406846,0.481595
0.70391,0.708769,0.657058,0.588091,0.744566,0.571863,0.500307,0.306307,0.185294,0.35178,0.504673,0.25515,0.612371,1,0.459236,0.718728,0.719417,0.330797,0.531844,0.708536,0.725881,0.348305,0.539023,0.763532,0.0491326,0.527303,0.546835,0.605879,0.128057,-0.00814021,0.226342,0.507653,0.657733,0.441781,0.276257,0.0773099,0.326393,0.521394,0.596557,0.597818,0.392607,0.478834,0.763178,0.47279,0.595935,0.628403,0.442165,0.658155,0.096603,0.186345,0.161682,0.430622,0.575003,0.291161,0.448795,0.708763,0.522209,0.630011,0.548001,0.373633,0.263533,0.397039,0.473146,0.688215,0.546281,0.372034,0.538011,0.709783,0.41843,0.596907,0.440213,0.405991,0.151388,0.150416,0.534903,0.437943,0.519345,0.408754,0.5111,0.239644,0.388223,0.482743,0.438144,0.578327,0.543432
0.286966,0.37975,0.269483,0.188487,0.410886,0.510662,0.502899,0.463035,0.139349,0.129033,0.0797717,0.341253,0.35199,0.459236,1,0.5185,0.309944,0.50689,0.569403,0.525314,0.465556,0.348816,0.199654,0.567558,0.248881,0.502721,0.528165,0.3805,0.138629,-0.28704,0.483602,0.440006,0.402582,0.376011,0.389116,0.0763276,0.0320215,0.348912,0.346284,0.561282,0.406105,0.389652,0.482764,0.200013,0.352884,0.245459,0.485158,0.518526,0.395907,0.348513,0.473174,0.182791,0.295096,0.452376,0.221771,0.508029,0.485784,0.40757,0.356839,-0.0442106,-0.0207167,0.390033,0.515444,0.477814,0.434168,0.172638,0.447695,0.535854,0.310515,0.236039,0.549521,0.312982,0.301834,0.27135,0.328697,0.264482,0.415371,0.289098,0.537886,0.335565,0.0970105,0.452458,0.505887,0.173379,0.368952
0.710395,0.808752,0.578781,0.469352,0.542461,0.531283,0.387057,0.268367,0.0649292,0.262026,0.306405,0.277314,0.744049,0.718728,0.5185,1,0.667637,0.223139,0.362299,0.779115,0.598111,0.363346,0.264454,0.590524,0.26432,0.453482,0.367732,0.537605,0.0594823,-0.19804,0.396269,0.297905,0.557097,0.347596,0.183232,0.153023,0.312402,0.503853,0.586131,0.618406,0.415832,0.360448,0.739593,0.679056,0.541223,0.381469,0.369793,0.488347,0.0526012,0.283321,0.171092,0.146022,0.447935,0.474059,0.55989,0.73638,0.31319,0.834655,0.524468,0.27825,0.313706,0.228703,0.619032,0.752061,0.491099,0.395111,0.355779,0.577521,0.51158,0.560413,0.39862,0.39511,0.221986,0.0554429,0.356021,0.378114,0.388682,0.253117,0.369038,0.270064,0.104917,0.503966,0.475449,0.492203,0.473556
0.789337,0.828836,0.827372,0.720438,0.631279,0.401679,0.382834,0.168123,0.28218,0.546817,0.601388,0.380562,0.792493,0.719417,0.309944,0.667637,1,0.404101,0.37128,0.687363,0.706077,0.428031,0.466388,0.624671,0.114309,0.473242,0.478971,0.588011,0.0672819,-0.0593996,0.140107,0.47477,0.579539,0.318583,0.310692,0.103889,0.218245,0.497872,0.682939,0.512648,0.296503,0.344357,0.78455,0.63236,0.749766,0.609642,0.44021,0.674494,-0.0147245,0.194799,0.255105,0.51776,0.545596,0.459408,0.643296,0.68128,0.460612,0.693253,0.726549,0.143999,0.141097,0.409406,0.460714,0.70803,0.584541,0.57309,0.514905,0.676347,0.462932,0.455509,0.369635,0.233689,0.153428,0.171162,0.403948,0.518708,0.445179,0.420488,0.205155,0.109506,0.324425,0.481937,0.395556,0.538512,0.52327
0.350308,0.295519,0.399361,0.312471,0.431091,0.276679,0.358205,0.12208,0.440559,0.260031,0.359646,0.310439,0.307123,0.330797,0.50689,0.223139,0.404101,1,0.522228,0.373988,0.492237,0.485085,0.387089,0.450058,0.203418,0.447017,0.538718,0.388028,0.385916,0.0704227,-0.0257079,0.314345,0.501901,0.314168,0.339395,0.129571,0.0475072,0.476704,0.468815,0.478823,0.164221,0.384671,0.534942,0.214097,0.510317,0.397307,0.435273,0.43892,0.206255,0.154249,0.390376,0.285501,0.2787,0.392913,0.199047,0.584461,0.46172,0.274469,0.409568,-0.199986,-0.0693742,0.386109,0.41359,0.394818,0.46694,0.182596,0.502697,0.466764,0.373382,0.212116,0.526245,0.299378,0.339788,0.429417,0.40897,0.299584,0.432558,0.353964,0.523901,0.229999,0.231362,0.479593,0.45957,0.329929,0.422858
0.321648,0.310642,0.300851,0.335652,0.646408,0.487625,0.591397,0.645072,0.306629,0.182394,0.272643,0.346848,0.390625,0.531844,0.569403,0.362299,0.37128,0.522228,1,0.559335,0.657934,0.502924,0.487633,0.670438,0.382517,0.601465,0.808682,0.56326,0.313977,0.0486115,-0.0253282,0.715879,0.396535,0.519728,0.556413,0.0988365,0.0179866,0.469752,0.41593,0.66405,0.431298,0.577413,0.557676,0.159569,0.447076,0.385331,0.544762,0.687508,0.542053,0.195516,0.469976,0.308656,0.326312,0.402329,0.244869,0.476711,0.634998,0.34763,0.493018,-0.0661169,0.162709,0.449991,0.581051,0.474665,0.590052,0.102158,0.567647,0.66999,0.232983,0.285034,0.709768,0.35363,0.338588,0.387977,0.568785,0.460311,0.585624,0.305783,0.539249,0.416541,0.521016,0.558699,0.694609,0.32281,0.424468
0.723486,0.683446,0.68884,0.588705,0.602181,0.569806,0.520324,0.34293,0.229948,0.286414,0.389757,0.390105,0.780695,0.708536,0.525314,0.779115,0.687363,0.373988,0.559335,1,0.836132,0.499508,0.428468,0.738492,0.254866,0.646182,0.580214,0.671025,0.286552,-0.121574,0.325086,0.501805,0.67813,0.631012,0.41333,0.201263,0.285248,0.701028,0.73755,0.803625,0.518774,0.545022,0.807169,0.664657,0.744804,0.547468,0.576867,0.654661,0.159729,0.274718,0.313275,0.284208,0.523047,0.522483,0.640802,0.774068,0.510027,0.851195,0.750149,0.244035,0.29072,0.41915,0.681951,0.872435,0.733155,0.527413,0.666977,0.790316,0.613377,0.641021,0.539976,0.527609,0.308155,0.302875,0.302797,0.543379,0.655431,0.490418,0.350746,0.188246,0.396574,0.72532,0.703197,0.489428,0.543095
0.747468,0.647165,0.705126,0.653865,0.746112,0.645091,0.661138,0.295812,0.28692,0.439391,0.479496,0.449265,0.75144,0.725881,0.465556,0.598111,0.706077,0.492237,0.657934,0.836132,1,0.542222,0.660516,0.857346,0.159817,0.635653,0.650479,0.65245,0.383387,0.013525,0.263857,0.577255,0.769746,0.67515,0.52323,0.254591,0.404906,0.696903,0.767895,0.745357,0.52834,0.585824,0.832118,0.538955,0.792369,0.553641,0.580821,0.688832,0.258942,0.195164,0.32393,0.418422,0.617314,0.464448,0.622092,0.76457,0.609463,0.705712,0.785329,0.222586,0.348404,0.497699,0.659293,0.860141,0.85141,0.508441,0.70235,0.875112,0.626041,0.677377,0.599062,0.576504,0.374957,0.403194,0.566647,0.654404,0.668638,0.475622,0.324622,0.203292,0.540252,0.792645,0.712176,0.489629,0.725288
0.533669,0.408451,0.462524,0.539054,0.631976,0.334989,0.467447,0.279439,0.304719,0.390605,0.464559,0.328649,0.496395,0.348305,0.348816,0.363346,0.428031,0.485085,0.502924,0.499508,0.542222,1,0.417092,0.536542,0.340169,0.397377,0.472106,0.54541,0.183028,0.142962,-0.107605,0.488562,0.472032,0.446435,0.375223,0.143594,0.343675,0.248617,0.650161,0.618633,0.147181,0.414401,0.607589,0.442334,0.641155,0.556064,0.599015,0.523444,0.26165,0.14455,0.313559,0.34321,0.512156,0.158483,0.470359,0.553328,0.486946,0.415331,0.613484,-0.229794,0.067919,0.14738,0.495779,0.442568,0.537221,0.199059,0.510106,0.532052,0.338343,0.332426,0.441843,0.334289,-0.0172461,0.330843,0.429751,0.521513,0.491979,0.465351,0.36274,0.25841,0.414605,0.609108,0.541107,0.395936,0.375545
0.487572,0.272761,0.434481,0.494539,0.62613,0.494686,0.542193,0.136284,0.387676,0.227065,0.436703,0.416179,0.510344,0.539023,0.199654,0.264454,0.466388,0.387089,0.487633,0.428468,0.660516,0.417092,1,0.586561,0.194079,0.253385,0.618825,0.580232,0.171341,0.330838,0.0904998,0.500662,0.658707,0.576646,0.306678,0.33721,0.344631,0.370959,0.473682,0.456274,0.400265,0.408546,0.458218,0.0181149,0.453501,0.360399,0.235628,0.454279,0.281509,-0.0808408,0.188736,0.287999,0.293191,0.263991,0.368452,0.370152,0.399827,0.22788,0.396147,0.134113,0.298011,0.432377,0.548011,0.477759,0.579518,0.187221,0.521351,0.595591,0.444519,0.457695,0.466094,0.499071,0.0871981,0.35605,0.561406,0.566953,0.481237,0.444053,0.310709,0.142248,0.358305,0.459439,0.383896,0.251721,0.641179
0.694332,0.64525,0.679097,0.666702,0.827781,0.704084,0.738567,0.332228,0.261017,0.483393,0.557802,0.352492,0.55719,0.763532,0.567558,0.590524,0.624671,0.450058,0.670438,0.738492,0.857346,0.536542,0.586561,1,0.121818,0.670242,0.677749,0.595594,0.202669,0.0481326,0.291846,0.603725,0.670866,0.592431,0.454752,0.219433,0.456906,0.581247,0.610877,0.665697,0.457005,0.532625,0.807293,0.461758,0.679468,0.563849,0.583494,0.650986,0.316078,0.275616,0.317365,0.535645,0.634636,0.35729,0.433872,0.657014,0.636055,0.563933,0.665357,0.336261,0.228076,0.47753,0.590307,0.757226,0.700388,0.326926,0.55713,0.90911,0.573677,0.570668,0.566635,0.538771,0.345226,0.333784,0.638589,0.599494,0.59825,0.366743,0.426253,0.283927,0.498183,0.660592,0.617409,0.48214,0.672536
0.269702,0.126965,0.12779,0.16303,0.341898,0.288871,0.165585,0.188182,-0.0246469,0.145301,0.209689,0.319041,0.321444,0.0491326,0.248881,0.26432,0.114309,0.203418,0.382517,0.254866,0.159817,0.340169,0.194079,0.121818,1,0.265826,0.374675,0.424882,0.00510219,0.0571091,-0.0714099,0.302983,0.229266,0.40682,0.415963,0.222916,-0.0302691,0.0378288,0.240921,0.34188,-0.0909602,0.171588,0.319272,0.15771,0.272456,0.0450041,0.369782,0.316741,0.399998,0.0687956,0.278931,-0.121322,0.094099,0.277158,0.230251,0.255617,0.32311,0.106409,0.228123,-0.308491,0.120908,0.134852,0.435718,0.191139,0.356595,-0.0619341,0.15953,0.210615,-0.0563814,-0.0107681,0.54333,0.262021,-0.102653,-0.0742013,0.410635,0.424712,0.385172,0.301894,0.438906,0.330455,0.255698,0.293475,0.402411,0.146936,0.0796726
0.49553,0.433346,0.507114,0.345574,0.537229,0.602062,0.412218,0.250406,0.103166,0.336567,0.413941,0.263468,0.475741,0.527303,0.502721,0.453482,0.473242,0.447017,0.601465,0.646182,0.635653,0.397377,0.253385,0.670242,0.265826,1,0.543756,0.403707,0.38077,0.1935,0.190649,0.509439,0.418267,0.512072,0.53793,0.292828,0.208588,0.556722,0.440664,0.651315,0.272891,0.672227,0.624441,0.430604,0.501817,0.319468,0.602842,0.674209,0.204308,0.275068,0.24399,0.369721,0.422134,0.522503,0.530526,0.643646,0.559939,0.544976,0.661394,0.0352935,0.102061,0.295326,0.434003,0.570022,0.659914,0.253217,0.411178,0.72996,0.253394,0.442925,0.435077,0.426553,0.480778,0.453259,0.437985,0.47319,0.452886,0.182399,0.395333,0.358017,0.483544,0.720324,0.602056,0.315687,0.38376
0.420722,0.334884,0.402472,0.426002,0.656461,0.477783,0.610383,0.497599,0.367646,0.21665,0.400276,0.428437,0.417622,0.546835,0.528165,0.367732,0.478971,0.538718,0.808682,0.580214,0.650479,0.472106,0.618825,0.677749,0.374675,0.543756,1,0.589864,0.258209,0.0866474,0.0925516,0.662707,0.466819,0.539106,0.57931,0.24119,0.0908026,0.460466,0.471214,0.58387,0.308118,0.445875,0.586704,0.098163,0.440734,0.43816,0.45505,0.620896,0.470589,0.164792,0.546616,0.296751,0.284357,0.355829,0.272902,0.480676,0.569962,0.32485,0.465343,0.00675119,0.0837472,0.594985,0.643656,0.487646,0.609205,0.266321,0.571449,0.676714,0.318627,0.358771,0.577186,0.374171,0.26877,0.40678,0.576383,0.514341,0.623863,0.378573,0.611277,0.298119,0.503419,0.506171,0.61635,0.23806,0.51508
0.61109,0.537435,0.543915,0.43986,0.659084,0.340374,0.458375,0.389337,0.0784413,0.0978344,0.372153,0.323608,0.583907,0.605879,0.3805,0.537605,0.588011,0.388028,0.56326,0.671025,0.65245,0.54541,0.580232,0.595594,0.424882,0.403707,0.589864,1,0.183182,0.000630223,0.0369869,0.504963,0.583713,0.481229,0.251084,0.364641,0.239702,0.464154,0.565019,0.559618,0.35959,0.318345,0.738254,0.403831,0.655644,0.445215,0.49811,0.678408,0.187773,0.174564,0.257726,0.347743,0.376777,0.405755,0.4318,0.568706,0.426639,0.522414,0.622893,0.0452808,0.400873,0.260379,0.61561,0.622652,0.521258,0.0921708,0.527707,0.589953,0.40166,0.477867,0.47117,0.306218,0.189294,0.327344,0.54072,0.523802,0.395223,0.516919,0.496086,0.123533,0.465001,0.46581,0.506957,0.398107,0.433552
0.17965,0.0380226,-0.030367,-0.066556,0.1132,0.17225,0.273046,0.250484,0.342434,-0.064583,-0.0654651,-0.062637,0.0853359,0.128057,0.138629,0.0594823,0.0672819,0.385916,0.313977,0.286552,0.383387,0.183028,0.171341,0.202669,0.00510219,0.38077,0.258209,0.183182,1,0.247637,-0.0681328,0.185326,0.230786,0.331585,0.39017,0.200027,-0.115659,0.361603,0.31222,0.376466,0.254604,0.467619,0.262625,0.129092,0.191272,0.125218,0.293657,0.260929,0.154422,0.109101,0.262709,-0.194015,0.125415,0.00324655,0.304159,0.419271,0.274548,0.311568,0.36052,0.00213944,0.259226,0.0920331,0.234197,0.277974,0.45189,-0.0301989,0.367935,0.208188,0.104915,0.369073,0.197447,0.355993,0.643136,0.57635,0.18608,0.176203,0.345153,0.300476,0.207112,0.118801,0.336376,0.474433,0.278789,0.153703,0.435059
0.105967,-0.172751,-0.04992,-0.0671445,0.128715,0.0559557,0.0394651,-0.196689,0.251369,-0.0663564,0.257081,-0.126734,-0.0690106,-0.00814021,-0.28704,-0.19804,-0.0593996,0.0704227,0.0486115,-0.121574,0.013525,0.142962,0.330838,0.0481326,0.0571091,0.1935,0.0866474,0.000630223,0.247637,1,-0.185519,0.13109,0.0545957,0.188514,0.0705467,0.401692,0.110938,-0.0733986,-0.190309,-0.0920325,-0.235344,0.198626,-0.0951592,-0.254856,-0.125523,-0.0623034,0.0678179,0.085835,-0.00975533,-0.124616,-0.118869,0.108337,-0.0483648,-0.0056931,0.169094,-0.0631542,-0.125537,-0.188847,-0.00922603,-0.0886517,0.150374,-0.153494,0.0412528,-0.0983249,0.137719,-0.294639,-0.190379,0.0118626,-0.203413,0.122757,-0.121443,0.138868,0.0376515,0.330431,0.240676,0.1733,0.0354398,-0.051306,0.0810357,0.225711,0.297102,0.0858856,-0.185102,0.00670824,0.248741
0.21945,0.328895,0.187623,0.0440802,0.0652436,0.270478,0.284373,-0.020946,-0.1041,-0.108119,-0.113375,0.191992,0.275659,0.226342,0.483602,0.396269,0.140107,-0.0257079,-0.0253282,0.325086,0.263857,-0.107605,0.0904998,0.291846,-0.0714099,0.190649,0.0925516,0.0369869,-0.0681328,-0.185519,1,0.0181665,0.199823,0.294828,0.11192,0.197379,0.162811,0.183317,0.0648976,0.117682,0.1591,0.0351241,0.153902,0.11652,0.101196,-0.0150894,0.0167208,0.107066,-0.00390941,0.128782,0.0742937,-0.00521964,0.0764846,0.412124,0.172987,0.196917,-0.0783391,0.320256,0.0233948,0.248231,0.0517957,0.135133,0.259072,0.366838,0.152203,0.216338,-0.0158071,0.246695,0.29785,0.236485,0.106022,0.361708,0.309595,0.0539875,0.0868876,0.00320151,0.173388,0.0039426,-0.0278604,0.173949,-0.06365,0.142403,0.171816,-0.114881,0.401361
0.387968,0.318846,0.355459,0.367099,0.566175,0.461853,0.467797,0.480135,0.240689,0.265662,0.316614,0.434283,0.476399,0.507653,0.440006,0.297905,0.47477,0.314345,0.715879,0.501805,0.577255,0.488562,0.500662,0.603725,0.302983,0.509439,0.662707,0.504963,0.185326,0.13109,0.0181665,1,0.296172,0.499067,0.528846,0.0889833,0.0407502,0.351904,0.443358,0.546807,0.325844,0.50293,0.532205,0.140369,0.403594,0.323469,0.465292,0.676123,0.452162,0.0374803,0.218685,0.340235,0.248402,0.315045,0.268779,0.355653,0.46878,0.294877,0.434128,-0.15855,0.227275,0.405318,0.486314,0.348796,0.518236,0.130341,0.460911,0.560813,0.219852,0.313518,0.464387,0.22183,0.0911077,0.236825,0.525932,0.482422,0.512907,0.386021,0.400085,0.261521,0.373056,0.45237,0.471563,0.287564,0.474495
0.748631,0.549891,0.686834,0.668275,0.676972,0.549642,0.400307,-0.0688966,0.374859,0.427159,0.53155,0.43593,0.602008,0.657733,0.402582,0.557097,0.579539,0.501901,0.396535,0.67813,0.769746,0.472032,0.658707,0.670866,0.229266,0.418267,0.466819,0.583713,0.230786,0.0545957,0.199823,0.296172,1,0.641394,0.267845,0.178499,0.421815,0.475777,0.651209,0.665513,0.342254,0.360404,0.716047,0.464793,0.753413,0.539859,0.461054,0.515548,0.0925876,0.0947268,0.264687,0.383468,0.624079,0.324129,0.514368,0.699532,0.472218,0.537915,0.602223,0.26565,0.305908,0.403165,0.595391,0.704652,0.696465,0.431154,0.580565,0.662568,0.551597,0.540378,0.597149,0.577508,0.159766,0.251201,0.521527,0.564537,0.62746,0.550624,0.354373,0.241135,0.347347,0.636654,0.527133,0.536812,0.623151
0.567786,0.247485,0.413611,0.50654,0.444087,0.599974,0.51594,0.0899685,0.320547,0.276485,0.342092,0.563636,0.538921,0.441781,0.376011,0.347596,0.318583,0.314168,0.519728,0.631012,0.67515,0.446435,0.576646,0.592431,0.40682,0.512072,0.539106,0.481229,0.331585,0.188514,0.294828,0.499067,0.641394,1,0.519334,0.253242,0.273372,0.489608,0.489105,0.625614,0.32745,0.565329,0.496655,0.214001,0.525129,0.356879,0.503302,0.445708,0.276395,0.0329658,0.324802,0.165239,0.396346,0.322182,0.394947,0.443404,0.413662,0.370472,0.461125,0.137542,0.171676,0.347405,0.563595,0.530472,0.623569,0.205377,0.540705,0.624533,0.412072,0.364417,0.611981,0.616689,0.266853,0.345363,0.504186,0.402726,0.62924,0.293081,0.298374,0.263346,0.466967,0.577038,0.597998,0.246223,0.536811
0.367546,0.203377,0.287734,0.302883,0.438225,0.479392,0.581081,0.383083,0.301902,0.407717,0.297149,0.430126,0.418419,0.276257,0.389116,0.183232,0.310692,0.339395,0.556413,0.41333,0.52323,0.375223,0.306678,0.454752,0.415963,0.53793,0.57931,0.251084,0.39017,0.0705467,0.11192,0.528846,0.267845,0.519334,1,0.162208,-0.0888549,0.321887,0.351301,0.428012,0.16818,0.484307,0.428009,0.160694,0.419311,0.357382,0.456302,0.620718,0.431108,0.0973742,0.550069,0.151835,0.449447,0.267074,0.425926,0.47071,0.647117,0.294921,0.512816,-0.070138,-0.0622639,0.569348,0.414098,0.4227,0.649217,0.344998,0.487324,0.570144,0.0810571,0.2581,0.474039,0.362562,0.19895,0.247663,0.390465,0.497653,0.597607,0.382592,0.274438,0.169636,0.640393,0.523069,0.466023,0.185724,0.363445
0.212513,-0.00175066,0.0638669,-0.0891783,0.165515,0.262339,0.226969,-0.0700765,0.0476866,-0.204064,0.123088,0.116408,0.181129,0.0773099,0.0763276,0.153023,0.103889,0.129571,0.0988365,0.201263,0.254591,0.143594,0.33721,0.219433,0.222916,0.292828,0.24119,0.364641,0.200027,0.401692,0.197379,0.0889833,0.178499,0.253242,0.162208,1,0.24415,0.324075,0.0243737,0.0500992,0.0792561,0.151356,0.172296,-0.167734,-0.00754772,-0.176204,0.0255202,0.124573,-0.0549175,0.239021,0.0280125,0.0237577,-0.125287,0.449019,0.338575,0.136667,0.0135375,0.0813809,0.15043,-0.0767287,0.255206,0.0686895,0.31214,0.252278,0.304438,-0.132482,0.0397146,0.293848,0.0509658,0.34218,-0.128868,0.183181,0.185289,0.450895,0.315938,0.146806,-0.0893145,-0.0432366,0.283371,-0.101377,0.250729,0.205876,0.0574622,-0.159505,0.240022
0.484512,0.34427,0.41055,0.414179,0.435322,0.347296,0.277595,-0.2632,-0.161934,0.260677,0.392525,0.0976439,0.380446,0.326393,0.0320215,0.312402,0.218245,0.0475072,0.0179866,0.285248,0.404906,0.343675,0.344631,0.456906,-0.0302691,0.208588,0.0908026,0.239702,-0.115659,0.110938,0.162811,0.0407502,0.421815,0.273372,-0.0888549,0.24415,1,0.24454,0.366746,0.232767,0.0613193,0.238236,0.428231,0.370332,0.36538,0.16022,0.267999,0.0640674,-0.11561,0.131451,-0.350282,0.275279,0.463058,0.103531,0.405671,0.327099,0.160528,0.312752,0.381009,0.270899,0.154391,0.0234083,0.196855,0.374692,0.311056,0.272574,0.193092,0.404821,0.414798,0.5556,0.0550399,0.337552,-0.132128,0.141313,0.347807,0.334574,0.0559361,0.0359613,0.143548,-0.00732991,0.0955432,0.429284,0.249752,0.218179,0.183161
0.530359,0.430536,0.489946,0.364342,0.318072,0.570809,0.400241,0.196112,0.221072,0.235259,0.222104,0.37465,0.555654,0.521394,0.348912,0.503853,0.497872,0.476704,0.469752,0.701028,0.696903,0.248617,0.370959,0.581247,0.0378288,0.556722,0.460466,0.464154,0.361603,-0.0733986,0.183317,0.351904,0.475777,0.489608,0.321887,0.324075,0.24454,1,0.483459,0.577057,0.557863,0.538127,0.590937,0.354146,0.468665,0.254678,0.275113,0.395395,-0.0716105,0.3357,0.201834,0.206257,0.236298,0.604367,0.41595,0.614119,0.379488,0.591245,0.51303,0.24709,0.103238,0.461897,0.438317,0.66864,0.511597,0.364302,0.550984,0.691848,0.518269,0.502432,0.373213,0.361573,0.460913,0.440954,0.29922,0.195225,0.335378,0.0881478,0.32694,-0.0642664,0.242923,0.501641,0.587999,0.330521,0.371083
0.674797,0.671958,0.634779,0.687316,0.65234,0.520412,0.468326,0.242828,0.178889,0.485494,0.398805,0.351656,0.722251,0.596557,0.346284,0.586131,0.682939,0.468815,0.41593,0.73755,0.767895,0.650161,0.473682,0.610877,0.240921,0.440664,0.471214,0.565019,0.31222,-0.190309,0.0648976,0.443358,0.651209,0.489105,0.351301,0.0243737,0.366746,0.483459,1,0.754569,0.338077,0.574473,0.798879,0.694107,0.80537,0.593911,0.556064,0.499076,0.193872,0.129149,0.282958,0.187165,0.51756,0.183161,0.618346,0.786537,0.525915,0.741413,0.736788,0.107928,0.175795,0.344654,0.576363,0.755112,0.730776,0.527104,0.729246,0.630298,0.576726,0.530029,0.581804,0.52995,0.1751,0.256772,0.401558,0.614132,0.650632,0.559047,0.300779,0.175943,0.297267,0.777903,0.675327,0.522124,0.560971
0.577476,0.508385,0.532344,0.531726,0.608158,0.640259,0.448659,0.357681,0.303842,0.340178,0.342875,0.459361,0.644887,0.597818,0.561282,0.618406,0.512648,0.478823,0.66405,0.803625,0.745357,0.618633,0.456274,0.665697,0.34188,0.651315,0.58387,0.559618,0.376466,-0.0920325,0.117682,0.546807,0.665513,0.625614,0.428012,0.0500992,0.232767,0.577057,0.754569,1,0.495228,0.668861,0.696328,0.563516,0.681212,0.548177,0.681887,0.623542,0.266093,0.174818,0.341049,0.182736,0.476617,0.383174,0.525709,0.721705,0.625236,0.690086,0.660291,0.0923721,0.186156,0.298402,0.618657,0.667755,0.718903,0.428252,0.739665,0.712715,0.523933,0.487727,0.697386,0.619294,0.302499,0.309515,0.376792,0.50873,0.689402,0.455303,0.396908,0.37847,0.272994,0.823832,0.812547,0.419962,0.498157
0.155901,0.161036,0.205167,0.259146,0.196067,0.456668,0.423499,0.390564,0.291236,0.0272732,-0.0686717,0.39676,0.386265,0.392607,0.406105,0.415832,0.296503,0.164221,0.431298,0.518774,0.52834,0.147181,0.400265,0.457005,-0.0909602,0.272891,0.308118,0.35959,0.254604,-0.235344,0.1591,0.325844,0.342254,0.32745,0.16818,0.0792561,0.0613193,0.557863,0.338077,0.495228,1,0.454274,0.331968,0.16238,0.309893,0.0820412,0.115264,0.274015,0.215934,0.123922,0.194807,0.0673621,0.170914,0.318629,0.212883,0.320551,0.285198,0.423763,0.357259,0.272993,0.368453,0.307082,0.455272,0.4982,0.407535,0.135265,0.405561,0.520966,0.613735,0.420267,0.356853,0.313095,0.348846,0.291653,0.0878475,0.234261,0.279574,0.171435,0.143447,-0.0518049,0.061789,0.379558,0.446554,0.192546,0.298182
0.335583,0.260386,0.302926,0.358772,0.421369,0.650014,0.503975,0.307493,0.247917,0.291297,0.207893,0.327469,0.50749,0.478834,0.389652,0.360448,0.344357,0.384671,0.577413,0.545022,0.585824,0.414401,0.408546,0.532625,0.171588,0.672227,0.445875,0.318345,0.467619,0.198626,0.0351241,0.50293,0.360404,0.565329,0.484307,0.151356,0.238236,0.538127,0.574473,0.668861,0.454274,1,0.459562,0.271523,0.425258,0.246579,0.468615,0.490856,0.285613,0.126791,0.222576,0.124844,0.337068,0.291894,0.52183,0.566759,0.500194,0.531481,0.561899,0.137298,0.0236385,0.322284,0.475387,0.523895,0.647521,0.217544,0.594903,0.615503,0.321317,0.428488,0.526543,0.562945,0.387861,0.515798,0.340025,0.407734,0.495497,0.185532,0.328286,0.308414,0.343431,0.731573,0.576821,0.286981,0.409915
0.84157,0.807639,0.789789,0.665374,0.795841,0.534818,0.570402,0.253275,0.155962,0.495173,0.58278,0.33113,0.749094,0.763178,0.482764,0.739593,0.78455,0.534942,0.557676,0.807169,0.832118,0.607589,0.458218,0.807293,0.319272,0.624441,0.586704,0.738254,0.262625,-0.0951592,0.153902,0.532205,0.716047,0.496655,0.428009,0.172296,0.428231,0.590937,0.798879,0.696328,0.331968,0.459562,1,0.745935,0.85677,0.626954,0.615883,0.716282,0.152041,0.256174,0.266702,0.442682,0.689925,0.415371,0.604694,0.8702,0.601523,0.753384,0.809409,0.16452,0.272312,0.427489,0.626038,0.830481,0.706312,0.429564,0.579388,0.779679,0.577381,0.638912,0.552465,0.436543,0.241253,0.234723,0.606131,0.655333,0.587546,0.530805,0.485782,0.178751,0.46998,0.705519,0.621995,0.664472,0.544833
0.695166,0.795883,0.695081,0.576418,0.489198,0.277665,0.22898,0.0712331,-0.0553746,0.497939,0.428587,0.111563,0.661415,0.47279,0.200013,0.679056,0.63236,0.214097,0.159569,0.664657,0.538955,0.442334,0.0181149,0.461758,0.15771,0.430604,0.098163,0.403831,0.129092,-0.254856,0.11652,0.140369,0.464793,0.214001,0.160694,-0.167734,0.370332,0.354146,0.694107,0.563516,0.16238,0.271523,0.745935,1,0.770289,0.534309,0.531926,0.429395,-0.0798174,0.184144,0.0384667,0.25596,0.624304,0.230406,0.609145,0.730295,0.371197,0.816012,0.721987,0.198394,0.165947,0.0667145,0.36685,0.692225,0.476576,0.546611,0.366442,0.477786,0.49466,0.504699,0.335547,0.354396,0.154857,-0.0286481,0.188037,0.442034,0.419792,0.389213,0.0476077,0.191778,0.202403,0.585167,0.462837,0.576584,0.261078
0.762094,0.709233,0.868177,0.802342,0.704148,0.389786,0.478095,0.113225,0.238278,0.602283,0.636022,0.484328,0.739423,0.595935,0.352884,0.541223,0.749766,0.510317,0.447076,0.744804,0.792369,0.641155,0.453501,0.679468,0.272456,0.501817,0.440734,0.655644,0.191272,-0.125523,0.101196,0.403594,0.753413,0.525129,0.419311,-0.00754772,0.36538,0.468665,0.80537,0.681212,0.309893,0.425258,0.85677,0.770289,1,0.725953,0.622723,0.663316,0.16819,0.036546,0.283293,0.543038,0.766517,0.348303,0.588331,0.778226,0.606098,0.676565,0.821924,0.117267,0.152316,0.364375,0.580859,0.774282,0.692426,0.577007,0.645755,0.713426,0.632346,0.497627,0.616653,0.472602,0.163999,0.145473,0.42235,0.67255,0.679842,0.63872,0.223558,0.193359,0.485263,0.690501,0.598534,0.665017,0.481993
0.572933,0.544941,0.711203,0.710546,0.637381,0.240732,0.443022,0.195146,0.347362,0.556014,0.681647,0.300244,0.445739,0.628403,0.245459,0.381469,0.609642,0.397307,0.385331,0.547468,0.553641,0.556064,0.360399,0.563849,0.0450041,0.319468,0.43816,0.445215,0.125218,-0.0623034,-0.0150894,0.323469,0.539859,0.356879,0.357382,-0.176204,0.16022,0.254678,0.593911,0.548177,0.0820412,0.246579,0.626954,0.534309,0.725953,1,0.562487,0.555721,0.180042,-0.0903985,0.303581,0.494839,0.68022,0.0190495,0.320464,0.576687,0.613622,0.415973,0.519535,0.145133,-0.125994,0.272392,0.323872,0.486463,0.378164,0.48793,0.593505,0.52204,0.412528,0.26749,0.409679,0.292397,0.0178775,-0.00458206,0.226305,0.471571,0.583577,0.578682,0.214517,0.153915,0.498181,0.391369,0.325691,0.602953,0.374049
0.525109,0.458869,0.452192,0.48851,0.658604,0.504081,0.468371,0.351766,0.0506125,0.392912,0.447683,0.261991,0.436799,0.442165,0.485158,0.369793,0.44021,0.435273,0.544762,0.576867,0.580821,0.599015,0.235628,0.583494,0.369782,0.602842,0.45505,0.49811,0.293657,0.0678179,0.0167208,0.465292,0.461054,0.503302,0.456302,0.0255202,0.267999,0.275113,0.556064,0.681887,0.115264,0.468615,0.615883,0.531926,0.622723,0.562487,1,0.65232,0.351902,0.217199,0.326395,0.33242,0.56624,0.183034,0.534891,0.582326,0.655771,0.467768,0.688406,-0.0554456,0.0664285,0.14871,0.379158,0.519893,0.637784,0.295259,0.611814,0.597373,0.233583,0.310593,0.602485,0.384746,0.111089,0.28711,0.375546,0.591369,0.581043,0.485553,0.402623,0.468024,0.533988,0.708977,0.615066,0.424616,0.334905
0.604699,0.58599,0.579688,0.458495,0.710465,0.463494,0.560003,0.415626,0.209899,0.352046,0.479144,0.349201,0.611946,0.658155,0.518526,0.488347,0.674494,0.43892,0.687508,0.654661,0.688832,0.523444,0.454279,0.650986,0.316741,0.674209,0.620896,0.678408,0.260929,0.085835,0.107066,0.676123,0.515548,0.445708,0.620718,0.124573,0.0640674,0.395395,0.499076,0.623542,0.274015,0.490856,0.716282,0.429395,0.663316,0.555721,0.65232,1,0.255877,0.101479,0.408565,0.533538,0.632229,0.462024,0.561917,0.621098,0.668196,0.568623,0.757096,0.000806831,0.202343,0.450286,0.451031,0.588652,0.651568,0.313416,0.581136,0.701094,0.206002,0.417283,0.531372,0.308081,0.179695,0.289208,0.527464,0.608699,0.545765,0.537557,0.402289,0.248792,0.577277,0.612724,0.527732,0.429608,0.479306
-0.0776097,-0.0501761,0.0491935,0.179531,0.394304,0.294017,0.504212,0.534701,0.0594857,0.244802,0.20087,0.325219,0.0608602,0.096603,0.395907,0.0526012,-0.0147245,0.206255,0.542053,0.159729,0.258942,0.26165,0.281509,0.316078,0.399998,0.204308,0.470589,0.187773,0.154422,-0.00975533,-0.00390941,0.452162,0.0925876,0.276395,0.431108,-0.0549175,-0.11561,-0.0716105,0.193872,0.266093,0.215934,0.285613,0.152041,-0.0798174,0.16819,0.180042,0.351902,0.255877,1,-0.242945,0.315751,0.124752,0.130529,-0.061461,-0.0894045,0.0976593,0.467567,-0.0787472,0.0930442,-0.232062,0.133592,0.228161,0.435223,0.127348,0.318923,-0.0268421,0.272989,0.257102,0.154035,-0.0974952,0.507052,0.187139,0.0876025,-0.0529762,0.20784,0.509807,0.469481,0.369024,0.285846,0.469815,0.350381,0.273704,0.228906,0.242445,0.273674
0.247196,0.283783,0.00279803,-0.0490706,0.150813,0.246011,0.0764858,0.251094,0.0646309,-0.0729125,-0.179517,-0.294802,0.0939983,0.186345,0.348513,0.283321,0.194799,0.154249,0.195516,0.274718,0.195164,0.14455,-0.0808408,0.275616,0.0687956,0.275068,0.164792,0.174564,0.109101,-0.124616,0.128782,0.0374803,0.0947268,0.0329658,0.0973742,0.239021,0.131451,0.3357,0.129149,0.174818,0.123922,0.126791,0.256174,0.184144,0.036546,-0.0903985,0.217199,0.101479,-0.242945,1,0.28873,-0.0778036,0.00931637,0.308882,0.335926,0.323419,0.133359,0.338869,0.299572,0.124215,-0.0355394,0.248866,0.0588781,0.344973,0.270622,0.0517222,0.15095,0.334593,-0.0909185,0.264355,0.0843042,0.0496079,0.206196,0.468622,0.123402,-0.0458684,0.0143466,-0.0162172,0.245449,0.0294372,0.0867525,0.226189,0.362049,-0.0736424,0.0199663
0.181067,0.217015,0.107979,0.235442,0.271332,0.278155,0.480686,0.416196,0.442313,0.214797,0.0638618,0.220874,0.113945,0.161682,0.473174,0.171092,0.255105,0.390376,0.469976,0.313275,0.32393,0.313559,0.188736,0.317365,0.278931,0.24399,0.546616,0.257726,0.262709,-0.118869,0.0742937,0.218685,0.264687,0.324802,0.550069,0.0280125,-0.350282,0.201834,0.282958,0.341049,0.194807,0.222576,0.266702,0.0384667,0.283293,0.303581,0.326395,0.408565,0.315751,0.28873,1,0.135854,0.197662,0.211798,0.179236,0.333781,0.447689,0.226049,0.311718,0.0802039,-0.197763,0.61313,0.319723,0.368996,0.415312,0.203163,0.47647,0.387237,0.117984,-0.106696,0.523483,0.119807,0.272826,0.319494,0.194683,0.267943,0.484389,0.284783,0.222175,0.189587,0.400229,0.286566,0.423848,0.133805,0.295704
0.408411,0.39085,0.689526,0.546941,0.489696,0.15552,0.36,-0.0511141,0.145851,0.523936,0.721186,0.297418,0.271806,0.430622,0.182791,0.146022,0.51776,0.285501,0.308656,0.284208,0.418422,0.34321,0.287999,0.535645,-0.121322,0.369721,0.296751,0.347743,-0.194015,0.108337,-0.00521964,0.340235,0.383468,0.165239,0.151835,0.0237577,0.275279,0.206257,0.187165,0.182736,0.0673621,0.124844,0.442682,0.25596,0.543038,0.494839,0.33242,0.533538,0.124752,-0.0778036,0.135854,1,0.583853,0.274333,0.150409,0.250467,0.455258,0.151238,0.436437,0.116801,-0.0652417,0.349505,0.112406,0.319114,0.235378,0.354173,0.306561,0.528266,0.322453,0.0921616,0.176484,-0.0677088,-0.0530147,0.032817,0.248375,0.373314,0.214099,0.22488,0.0754662,0.0912399,0.404525,0.18919,0.0805272,0.463978,0.176563
