1,0.767854,0.933974,0.902641,0.770176,0.808999,0.244791,0.0633953,0.722956,0.763153,0.82981,0.760549,0.792156,0.819291,0.492778,0.68404,0.86765,0.607463,0.585005,0.814658,0.881217,0.669337,0.714165,0.905556,0.532927,0.722183,0.840732,0.690702,0.266507,0.439248,0.397548,0.286425,0.788622,0.849204,0.638451,0.10729,0.267851,0.47129,0.891746,0.81863,0.377918,0.545824,0.942971,0.717719,0.946717,0.880992,0.734685,0.723742,0.381026,0.560646,0.594344,0.859554,0.84472,0.786292,0.779714,0.844161,0.657385,0.710985,0.744757,0.486697,0.487712,0.690562,0.840827,0.887523,0.864691,0.735561,0.693169,0.908607,0.614835,0.750968,0.848036,0.664326,0.254802,0.538221,0.59972,0.808914,0.765846,0.543789,0.488803,0.46359,0.49356,0.890135,0.862223,0.555192,0.556619
0.767854,1,0.720018,0.681879,0.552945,0.542977,-0.146307,-0.275502,0.474874,0.690338,0.765162,0.782621,0.754501,0.836486,0.38925,0.750438,0.755972,0.418493,0.440059,0.612222,0.659896,0.43808,0.501822,0.657204,0.550837,0.625848,0.599132,0.481944,0.281916,0.300489,0.299348,0.189682,0.695358,0.723769,0.557937,0.0440857,0.152684,0.30382,0.650396,0.656468,0.221671,0.625038,0.773357,0.829728,0.795824,0.642451,0.663859,0.551296,0.170104,0.353982,0.421374,0.774792,0.745474,0.732978,0.743344,0.840412,0.483288,0.737463,0.73499,0.541383,0.513947,0.646557,0.682084,0.788726,0.70763,0.683888,0.434182,0.713792,0.586709,0.653473,0.653322,0.460042,0.400625,0.282492,0.451213,0.665281,0.725023,0.563241,0.490568,0.333272,0.330512,0.687842,0.775441,0.407099,0.45847
0.933974,0.720018,1,0.908985,0.827358,0.832471,0.281696,0.105408,0.69711,0.793778,0.9019,0.812771,0.850358,0.81025,0.557703,0.704078,0.912837,0.621856,0.614358,0.827435,0.901564,0.682243,0.703035,0.918009,0.482329,0.698113,0.854247,0.740024,0.358925,0.544167,0.319753,0.24919,0.750586,0.868292,0.606319,0.0631319,0.230834,0.520989,0.923622,0.875778,0.356266,0.536132,0.940427,0.739826,0.951908,0.871645,0.713953,0.683226,0.458299,0.550837,0.58296,0.887778,0.856872,0.818733,0.821666,0.821686,0.660189,0.728496,0.767471,0.453979,0.416925,0.678325,0.837122,0.906784,0.900155,0.732302,0.686672,0.920933,0.692294,0.707994,0.868104,0.569645,0.226595,0.583047,0.557116,0.838807,0.821287,0.518932,0.425433,0.455778,0.500106,0.925834,0.864433,0.587454,0.575346
0.902641,0.681879,0.908985,1,0.775303,0.711639,0.219271,0.0833617,0.663392,0.738397,0.841276,0.764971,0.808393,0.776012,0.449761,0.701612,0.881957,0.647186,0.583465,0.828576,0.900901,0.656251,0.730164,0.900766,0.434783,0.671459,0.849789,0.729332,0.392971,0.451683,0.432659,0.217351,0.756797,0.831154,0.561787,0.0319972,0.292658,0.442606,0.897923,0.835218,0.327431,0.600014,0.916113,0.68475,0.916031,0.790634,0.672439,0.638943,0.367142,0.551517,0.529107,0.795098,0.728563,0.784846,0.760176,0.769596,0.616954,0.743224,0.674484,0.487499,0.483521,0.600907,0.81919,0.897992,0.885231,0.815673,0.649919,0.8868,0.611568,0.704594,0.816261,0.524459,0.178196,0.571084,0.544686,0.844709,0.699305,0.630515,0.349638,0.37765,0.467244,0.906769,0.893998,0.561533,0.658259
0.770176,0.552945,0.827358,0.775303,1,0.627721,0.260111,0.11846,0.626816,0.606512,0.758609,0.722671,0.824574,0.648908,0.479139,0.704436,0.836444,0.447307,0.591991,0.660325,0.781917,0.650546,0.620749,0.778537,0.290123,0.543502,0.766914,0.456176,0.309732,0.342392,0.167612,0.251624,0.608559,0.741463,0.465556,-0.0853339,0.313714,0.363217,0.768988,0.778452,0.185533,0.568288,0.761073,0.64701,0.776078,0.72646,0.51237,0.624192,0.555701,0.451427,0.510329,0.699663,0.778636,0.79359,0.821061,0.732905,0.563472,0.684133,0.709412,0.356439,0.420824,0.48978,0.749454,0.741372,0.764345,0.556506,0.532465,0.735101,0.601061,0.65307,0.688636,0.484139,0.0919023,0.473767,0.477829,0.729316,0.642704,0.471487,0.463657,0.37702,0.273156,0.757939,0.691946,0.420767,0.392638
0.808999,0.542977,0.832471,0.711639,0.627721,1,0.411206,0.266117,0.694235,0.66791,0.667489,0.527907,0.575507,0.65004,0.598522,0.48605,0.694373,0.594138,0.60904,0.730991,0.72598,0.523286,0.651488,0.781642,0.395022,0.69113,0.716008,0.601149,0.179814,0.329441,0.339856,0.338791,0.634463,0.780158,0.610329,-0.00412968,0.0497692,0.435451,0.759092,0.684965,0.282229,0.222385,0.785846,0.480766,0.794769,0.831178,0.697451,0.689523,0.452237,0.630661,0.679763,0.752829,0.750652,0.604616,0.579344,0.703052,0.600819,0.542395,0.562908,0.486232,0.300678,0.649592,0.717794,0.739252,0.659352,0.604009,0.696788,0.817313,0.5751,0.598345,0.783645,0.546082,0.242551,0.61137,0.607315,0.666138,0.683241,0.288406,0.425262,0.494172,0.524835,0.765559,0.716463,0.433543,0.362499
0.244791,-0.146307,0.281696,0.219271,0.260111,0.411206,1,0.758743,0.329724,0.332548,0.100106,-0.0510344,-0.0365008,0.0791479,0.38564,-0.0850029,0.0711699,0.207614,0.25504,0.217054,0.30467,0.170208,0.251833,0.373969,-0.129778,0.28768,0.346317,0.247281,-0.18845,0.155199,-0.0427997,0.278814,0.281458,0.0709968,0.233932,-0.0988456,0.0992633,0.387063,0.297727,0.254211,0.37497,-0.277576,0.18003,-0.169611,0.159484,0.312302,0.228754,0.200635,0.424125,0.338321,0.409322,0.202176,0.125964,0.0868163,0.0466612,0.0707599,0.0713166,-0.036588,-0.0439371,-0.0533863,-0.0573464,0.327924,0.24538,0.194223,0.139212,0.135428,0.276512,0.259015,0.294918,0.154686,0.19514,0.339873,-0.0505107,0.307994,0.26359,0.15069,0.19441,-0.0281107,0.0738025,0.40198,0.148817,0.234234,0.0716396,0.146155,0.0852096
0.0633953,-0.275502,0.105408,0.0833617,0.11846,0.266117,0.758743,1,0.291291,0.0852293,-0.0541301,-0.0706145,-0.115529,-0.0831757,0.202811,-0.182066,-0.0463004,0.230423,0.266611,0.114003,0.175108,-0.0251885,0.218472,0.251213,-0.0495947,0.0737713,0.131033,0.165825,-0.172759,-0.0252498,-0.0796222,0.203013,0.198241,-0.00207848,0.192883,-0.0205001,0.0780663,0.318236,0.133094,0.0832499,0.26301,-0.382464,0.0114424,-0.304125,0.0573347,0.174302,0.145937,0.177946,0.431582,0.225518,0.213376,-0.062204,-0.000900831,0.0521722,-0.0179344,-0.11914,0.0430166,-0.103156,-0.140482,-0.0442785,-0.193149,0.277928,0.109235,0.0612059,-0.0193776,-0.109071,0.174835,0.132266,0.129002,0.139508,0.0860551,0.32172,0.0573444,0.0666663,0.24001,0.0375714,0.094405,0.0565432,0.114376,0.164816,0.0802256,0.129251,-0.0342434,0.146326,-0.180147
0.722956,0.474874,0.69711,0.663392,0.626816,0.694235,0.329724,0.291291,1,0.588566,0.633316,0.490953,0.595115,0.592747,0.537545,0.462085,0.62298,0.58198,0.561054,0.628314,0.756229,0.512979,0.775782,0.766931,0.43662,0.51617,0.60044,0.460222,0.265946,0.303491,0.429679,0.132061,0.523815,0.689368,0.660016,-0.0248283,0.220858,0.518981,0.77063,0.718488,0.275709,0.374308,0.685864,0.419256,0.687439,0.66778,0.664477,0.621003,0.452068,0.511521,0.668798,0.58437,0.636814,0.57934,0.589353,0.636781,0.745064,0.508826,0.443521,0.430894,0.402821,0.706805,0.58894,0.726783,0.622034,0.561657,0.637128,0.766266,0.535867,0.565316,0.76691,0.549684,0.327216,0.453001,0.52739,0.630584,0.738664,0.458802,0.497128,0.46162,0.484543,0.632138,0.67631,0.385837,0.239089
0.763153,0.690338,0.793778,0.738397,0.606512,0.66791,0.332548,0.0852293,0.588566,1,0.799384,0.698936,0.666667,0.845429,0.534057,0.638578,0.724522,0.386514,0.428559,0.704646,0.766211,0.524519,0.549133,0.79248,0.292512,0.739833,0.79648,0.524814,0.153278,0.461562,0.287215,0.138143,0.689984,0.704774,0.452148,-0.0205946,-0.0183098,0.564325,0.799454,0.799132,0.303291,0.409659,0.756832,0.653003,0.796799,0.783761,0.629495,0.502734,0.316673,0.510766,0.628711,0.807176,0.777523,0.719281,0.700635,0.747028,0.507034,0.721075,0.661386,0.374641,0.440716,0.674537,0.757908,0.776599,0.724385,0.732,0.63709,0.809599,0.800225,0.5325,0.760002,0.477642,0.244629,0.455061,0.296274,0.665744,0.733543,0.432934,0.272657,0.50938,0.550418,0.710805,0.710069,0.367443,0.57253
0.82981,0.765162,0.9019,0.841276,0.758609,0.667489,0.100106,-0.0541301,0.633316,0.799384,1,0.838943,0.860819,0.815079,0.473007,0.728582,0.907645,0.502459,0.528219,0.716525,0.819517,0.597976,0.647958,0.805529,0.465864,0.631416,0.744258,0.589493,0.373946,0.591551,0.255162,0.177655,0.653075,0.815183,0.536742,-0.00645577,0.197048,0.490179,0.84202,0.859831,0.306681,0.600244,0.874784,0.794529,0.879949,0.749808,0.637175,0.520755,0.319705,0.438536,0.461891,0.835256,0.824516,0.806841,0.841344,0.810692,0.606129,0.746257,0.813074,0.350065,0.440254,0.610629,0.764671,0.847516,0.828698,0.67464,0.615634,0.820615,0.700455,0.624602,0.779993,0.424532,0.300852,0.474159,0.376541,0.751697,0.757922,0.55915,0.426084,0.446989,0.47509,0.8102,0.83987,0.514487,0.524234
0.760549,0.782621,0.812771,0.764971,0.722671,0.527907,-0.0510344,-0.0706145,0.490953,0.698936,0.838943,1,0.897205,0.812585,0.38063,0.781042,0.887448,0.467446,0.528253,0.683802,0.747268,0.521837,0.506242,0.748368,0.478444,0.560034,0.712153,0.610221,0.449714,0.411851,0.219273,0.218376,0.666022,0.726218,0.474639,0.0664816,0.208663,0.30971,0.741395,0.74936,0.240525,0.604805,0.773725,0.818895,0.831305,0.751719,0.566039,0.539186,0.40944,0.396436,0.357276,0.736787,0.800763,0.899967,0.885341,0.733909,0.568279,0.788325,0.835425,0.419815,0.405728,0.557881,0.765788,0.805871,0.807879,0.608807,0.473743,0.751657,0.681646,0.70791,0.672847,0.345047,0.327012,0.290407,0.351275,0.646922,0.734125,0.602428,0.378728,0.288926,0.413978,0.766834,0.757398,0.509712,0.42757
0.792156,0.754501,0.850358,0.808393,0.824574,0.575507,-0.0365008,-0.115529,0.595115,0.666667,0.860819,0.897205,1,0.81171,0.364409,0.883323,0.916445,0.493644,0.586243,0.753181,0.829657,0.67681,0.612393,0.799154,0.496058,0.644909,0.739946,0.604141,0.44089,0.447918,0.255006,0.0960891,0.607661,0.801795,0.540757,0.0824864,0.191598,0.329469,0.817643,0.785793,0.235579,0.642883,0.830189,0.865259,0.845064,0.740735,0.594938,0.537034,0.36752,0.416339,0.36105,0.729282,0.797965,0.877704,0.924537,0.82921,0.631268,0.856503,0.853983,0.449495,0.45391,0.52763,0.730238,0.858005,0.85317,0.642456,0.557015,0.796357,0.601529,0.725257,0.750633,0.331164,0.244756,0.42296,0.47005,0.780458,0.779345,0.615606,0.446981,0.366456,0.426007,0.812504,0.795492,0.44985,0.559094
0.819291,0.836486,0.81025,0.776012,0.648908,0.65004,0.0791479,-0.0831757,0.592747,0.845429,0.815079,0.812585,0.81171,1,0.542776,0.797911,0.826055,0.496606,0.536329,0.776265,0.823576,0.605019,0.652866,0.828339,0.464926,0.744841,0.772725,0.583313,0.340318,0.47811,0.413588,0.142067,0.705975,0.812059,0.593813,0.0446959,0.0526455,0.412885,0.817719,0.824108,0.249036,0.625237,0.814125,0.790105,0.857663,0.789577,0.73195,0.591361,0.327225,0.481189,0.53724,0.791054,0.795946,0.812984,0.819786,0.897111,0.63209,0.833889,0.723292,0.516476,0.481773,0.67519,0.803309,0.879018,0.804258,0.79788,0.662402,0.862459,0.759966,0.655595,0.845424,0.412994,0.426187,0.501544,0.441877,0.704919,0.807318,0.60247,0.400136,0.486462,0.582797,0.784099,0.835957,0.399996,0.593327
0.492778,0.38925,0.557703,0.449761,0.479139,0.598522,0.38564,0.202811,0.537545,0.534057,0.473007,0.38063,0.364409,0.542776,1,0.358939,0.453417,0.431419,0.320899,0.600633,0.57623,0.374971,0.602593,0.531307,0.255816,0.488335,0.50848,0.430761,0.273322,0.285664,0.209005,0.0848341,0.514102,0.595894,0.425423,-0.18349,0.0896529,0.472554,0.545007,0.573094,0.088407,0.341882,0.468891,0.353035,0.56739,0.437205,0.731982,0.387879,0.465647,0.482789,0.681489,0.608082,0.479785,0.438676,0.384035,0.548781,0.585456,0.423345,0.365844,0.359145,0.119412,0.538484,0.470309,0.5788,0.544783,0.584379,0.519419,0.600994,0.572787,0.413349,0.589131,0.295822,0.337168,0.421278,0.42035,0.478837,0.550853,0.223841,0.238803,0.404665,0.345436,0.522955,0.469631,0.206349,0.256549
0.68404,0.750438,0.704078,0.701612,0.704436,0.48605,-0.0850029,-0.182066,0.462085,0.638578,0.728582,0.781042,0.883323,0.797911,0.358939,1,0.804928,0.368155,0.493769,0.695872,0.724809,0.562,0.516788,0.704463,0.511874,0.649504,0.630377,0.458048,0.468599,0.389545,0.179725,0.0610291,0.607318,0.745851,0.499866,-0.00878424,0.0576766,0.378643,0.689795,0.640608,0.235593,0.577891,0.691569,0.858867,0.729721,0.657571,0.558749,0.462721,0.254666,0.389157,0.32021,0.682279,0.701159,0.790582,0.879619,0.823777,0.548165,0.915394,0.797877,0.430382,0.463133,0.463012,0.676843,0.768824,0.759725,0.625421,0.416767,0.690904,0.539001,0.665241,0.650016,0.200315,0.233036,0.3461,0.452389,0.71171,0.695452,0.492008,0.401376,0.413447,0.462282,0.708247,0.702143,0.323443,0.635177
0.86765,0.755972,0.912837,0.881957,0.836444,0.694373,0.0711699,-0.0463004,0.62298,0.724522,0.907645,0.887448,0.916445,0.826055,0.453417,0.804928,1,0.578239,0.626281,0.798199,0.853644,0.600825,0.657587,0.849091,0.493055,0.658647,0.806367,0.649675,0.404189,0.454369,0.312371,0.2752,0.670883,0.864063,0.593194,0.0100996,0.230744,0.388432,0.842494,0.855929,0.34139,0.610302,0.896129,0.789171,0.911359,0.816467,0.677532,0.626019,0.455376,0.558386,0.444053,0.818892,0.834193,0.886477,0.899058,0.817264,0.647716,0.798029,0.82832,0.445335,0.474306,0.576188,0.824442,0.885803,0.888019,0.706358,0.628125,0.843893,0.617408,0.750116,0.80712,0.422998,0.305034,0.53676,0.488178,0.76049,0.732408,0.56263,0.413114,0.418652,0.493167,0.880347,0.902657,0.578552,0.52437
0.607463,0.418493,0.621856,0.647186,0.447307,0.594138,0.207614,0.230423,0.58198,0.386514,0.502459,0.467446,0.493644,0.496606,0.431419,0.368155,0.578239,1,0.425661,0.668302,0.697019,0.427062,0.75432,0.670401,0.328244,0.407434,0.539589,0.680479,0.251637,0.351404,0.30725,0.279135,0.532333,0.680302,0.595352,-0.00481558,0.0956203,0.427664,0.67458,0.597578,0.216776,0.367006,0.635859,0.28383,0.679907,0.504164,0.59834,0.574998,0.463476,0.629229,0.347928,0.534467,0.469773,0.459511,0.425733,0.476357,0.545323,0.543472,0.348836,0.492204,0.262827,0.525753,0.569681,0.696529,0.676878,0.555767,0.639693,0.653971,0.345067,0.57214,0.711341,0.400332,0.157558,0.50106,0.561929,0.531175,0.519418,0.471257,0.45245,0.269138,0.39481,0.665317,0.600382,0.357966,0.23304
0.585005,0.440059,0.614358,0.583465,0.591991,0.60904,0.25504,0.266611,0.561054,0.428559,0.528219,0.528253,0.586243,0.536329,0.320899,0.493769,0.626281,0.425661,1,0.587858,0.59135,0.215245,0.530937,0.628837,0.407352,0.470293,0.528321,0.471447,0.415895,0.110275,0.334349,0.269164,0.495987,0.567212,0.564435,-0.189633,0.17082,0.32291,0.56722,0.619693,0.27885,0.31531,0.539382,0.490238,0.570756,0.54635,0.578738,0.621099,0.443964,0.432859,0.470893,0.419072,0.468642,0.62279,0.643862,0.54464,0.532296,0.507327,0.439928,0.437077,0.23128,0.623489,0.587532,0.58283,0.491729,0.433051,0.352463,0.568232,0.293231,0.398551,0.540922,0.310066,0.40596,0.500331,0.597999,0.596575,0.599874,0.291057,0.347976,0.22993,0.340834,0.629775,0.660147,0.415568,0.273254
0.814658,0.612222,0.827435,0.828576,0.660325,0.730991,0.217054,0.114003,0.628314,0.704646,0.716525,0.683802,0.753181,0.776265,0.600633,0.695872,0.798199,0.668302,0.587858,1,0.896641,0.601267,0.719251,0.850349,0.44909,0.783055,0.837491,0.730946,0.325106,0.394177,0.353184,0.0946762,0.729186,0.872468,0.606606,0.0864076,0.0228871,0.526931,0.85582,0.84135,0.293623,0.44706,0.824695,0.666084,0.884489,0.735144,0.839679,0.56033,0.434523,0.669159,0.547048,0.755309,0.690743,0.746997,0.727451,0.762908,0.692157,0.773268,0.681151,0.506893,0.374869,0.648622,0.755514,0.890656,0.894162,0.763963,0.685115,0.887494,0.559516,0.732171,0.820136,0.37889,0.338646,0.637807,0.681834,0.846584,0.72415,0.513786,0.412228,0.395878,0.652549,0.897568,0.82023,0.421918,0.670146
0.881217,0.659896,0.901564,0.900901,0.781917,0.72598,0.30467,0.175108,0.756229,0.766211,0.819517,0.747268,0.829657,0.823576,0.57623,0.724809,0.853644,0.697019,0.59135,0.896641,1,0.723847,0.813382,0.926492,0.454802,0.737366,0.844254,0.758545,0.331443,0.524316,0.358727,0.173917,0.747982,0.873108,0.652535,0.0885555,0.13718,0.559075,0.939044,0.889991,0.32335,0.527083,0.895156,0.680626,0.917316,0.793127,0.783897,0.649264,0.511549,0.608535,0.594589,0.786823,0.76397,0.803114,0.810634,0.818226,0.702049,0.796367,0.692115,0.491743,0.472003,0.728742,0.818131,0.935722,0.936602,0.793513,0.779279,0.935365,0.650402,0.731032,0.886761,0.529634,0.291011,0.631001,0.577164,0.850046,0.835084,0.623933,0.496663,0.468785,0.559607,0.916735,0.84762,0.471676,0.611432
0.669337,0.43808,0.682243,0.656251,0.650546,0.523286,0.170208,-0.0251885,0.512979,0.524519,0.597976,0.521837,0.67681,0.605019,0.374971,0.562,0.600825,0.427062,0.215245,0.601267,0.723847,1,0.559794,0.67011,0.182107,0.485962,0.61438,0.51091,0.194628,0.440477,0.163941,0.14377,0.513847,0.588323,0.370427,0.197271,0.145304,0.290359,0.773688,0.622833,-0.0746935,0.475988,0.710969,0.576643,0.683451,0.647186,0.39908,0.385363,0.159629,0.305825,0.367774,0.63703,0.655789,0.584765,0.604895,0.691424,0.485084,0.610234,0.582661,0.304399,0.462019,0.371561,0.589055,0.675592,0.714692,0.574251,0.667018,0.689113,0.475724,0.598687,0.641161,0.346035,0.0145705,0.569528,0.274254,0.608319,0.544247,0.40681,0.309969,0.313591,0.374585,0.684743,0.553891,0.215598,0.567941
0.714165,0.501822,0.703035,0.730164,0.620749,0.651488,0.251833,0.218472,0.775782,0.549133,0.647958,0.506242,0.612393,0.652866,0.602593,0.516788,0.657587,0.75432,0.530937,0.719251,0.813382,0.559794,1,0.798526,0.506312,0.574976,0.683352,0.525789,0.239463,0.368657,0.375192,0.242185,0.611607,0.783888,0.722957,-0.140728,0.0477313,0.578179,0.781005,0.711141,0.233589,0.497605,0.725045,0.501118,0.742389,0.565539,0.719424,0.546974,0.454207,0.520695,0.5618,0.62264,0.547129,0.565271,0.569918,0.71737,0.719456,0.658172,0.50097,0.381849,0.389329,0.644716,0.655383,0.756602,0.731273,0.67371,0.783575,0.790202,0.456666,0.569534,0.797106,0.463267,0.240559,0.483677,0.567275,0.68713,0.655521,0.534133,0.540528,0.554211,0.43044,0.695912,0.687659,0.419904,0.339282
0.905556,0.657204,0.918009,0.900766,0.778537,0.781642,0.373969,0.251213,0.766931,0.79248,0.805529,0.748368,0.799154,0.828339,0.531307,0.704463,0.849091,0.670401,0.628837,0.850349,0.926492,0.67011,0.798526,1,0.483852,0.715888,0.877596,0.713521,0.316358,0.475889,0.410437,0.252303,0.756426,0.83836,0.679972,0.0465002,0.206325,0.578681,0.937214,0.863863,0.433773,0.487427,0.903601,0.676942,0.916687,0.865706,0.755259,0.664226,0.489012,0.55152,0.628075,0.795079,0.78731,0.80394,0.799083,0.819834,0.712535,0.761571,0.693976,0.424891,0.477027,0.739969,0.818759,0.912257,0.875447,0.773934,0.735337,0.953844,0.694953,0.7514,0.88594,0.560842,0.245406,0.587151,0.640844,0.798556,0.812509,0.594587,0.441221,0.535037,0.563375,0.873849,0.828761,0.565595,0.570655
0.532927,0.550837,0.482329,0.434783,0.290123,0.395022,-0.129778,-0.0495947,0.43662,0.292512,0.465864,0.478444,0.496058,0.464926,0.255816,0.511874,0.493055,0.328244,0.407352,0.44909,0.454802,0.182107,0.506312,0.483852,1,0.399423,0.343474,0.398673,0.314147,0.274208,0.133377,0.203409,0.427205,0.561382,0.523214,0.0366428,0.0156919,0.348432,0.411095,0.364464,0.474927,0.375276,0.51965,0.538541,0.503026,0.450053,0.503142,0.379338,0.183751,0.305535,0.173838,0.450465,0.400272,0.408242,0.489934,0.522278,0.44868,0.440333,0.503407,0.297704,0.312022,0.425291,0.424641,0.508015,0.496415,0.380947,0.340829,0.462001,0.159348,0.358667,0.460767,0.34789,0.160727,0.0316382,0.484056,0.508566,0.527609,0.356067,0.388974,0.361069,0.395333,0.402685,0.488247,0.426989,0.192786
0.722183,0.625848,0.698113,0.671459,0.543502,0.69113,0.28768,0.0737713,0.51617,0.739833,0.631416,0.560034,0.644909,0.744841,0.488335,0.649504,0.658647,0.407434,0.470293,0.783055,0.737366,0.485962,0.574976,0.715888,0.399423,1,0.715142,0.529541,0.0973793,0.289205,0.383241,0.180129,0.692685,0.747302,0.577703,0.10663,-0.224081,0.371024,0.698769,0.63667,0.359667,0.261744,0.725848,0.644328,0.729118,0.714731,0.684302,0.459927,0.248819,0.533982,0.451173,0.715214,0.677556,0.574855,0.634105,0.77878,0.513193,0.687398,0.669964,0.479135,0.399016,0.506729,0.623425,0.730168,0.690916,0.67925,0.620898,0.763341,0.572473,0.564401,0.693681,0.329357,0.287021,0.437493,0.492629,0.703462,0.685929,0.50791,0.424417,0.603839,0.531315,0.696558,0.677665,0.311911,0.592103
0.840732,0.599132,0.854247,0.849789,0.766914,0.716008,0.346317,0.131033,0.60044,0.79648,0.744258,0.712153,0.739946,0.772725,0.50848,0.630377,0.806367,0.539589,0.528321,0.837491,0.844254,0.61438,0.683352,0.877596,0.343474,0.715142,1,0.627582,0.190567,0.428264,0.290158,0.234045,0.652648,0.807138,0.576132,-0.0670071,0.141821,0.491308,0.853222,0.807742,0.362179,0.464947,0.845107,0.630783,0.853695,0.810084,0.623014,0.494231,0.537852,0.614106,0.605465,0.810213,0.736241,0.804612,0.709733,0.709574,0.526749,0.698619,0.671008,0.280412,0.430238,0.595491,0.813575,0.825836,0.819811,0.71813,0.689398,0.862461,0.678927,0.686389,0.778742,0.540692,0.167606,0.514784,0.538498,0.761719,0.661161,0.492878,0.333987,0.514672,0.521553,0.80825,0.768483,0.527502,0.562362
0.690702,0.481944,0.740024,0.729332,0.456176,0.601149,0.247281,0.165825,0.460222,0.524814,0.589493,0.610221,0.604141,0.583313,0.430761,0.458048,0.649675,0.680479,0.471447,0.730946,0.758545,0.51091,0.525789,0.713521,0.398673,0.529541,0.627582,1,0.429762,0.44622,0.389324,0.137655,0.593193,0.628692,0.49326,0.127201,0.215056,0.311781,0.719933,0.606948,0.34814,0.341036,0.723406,0.471222,0.747166,0.63249,0.632838,0.512431,0.40765,0.460648,0.37996,0.60406,0.508894,0.565784,0.539046,0.531492,0.540171,0.536899,0.493871,0.468387,0.213397,0.514507,0.590854,0.75041,0.742343,0.63856,0.574427,0.736864,0.439065,0.558462,0.701683,0.402259,0.234293,0.550302,0.49735,0.639177,0.672638,0.546514,0.244059,0.222932,0.462116,0.776637,0.658757,0.466479,0.494381
0.266507,0.281916,0.358925,0.392971,0.309732,0.179814,-0.18845,-0.172759,0.265946,0.153278,0.373946,0.449714,0.44089,0.340318,0.273322,0.468599,0.404189,0.251637,0.415895,0.325106,0.331443,0.194628,0.239463,0.316358,0.314147,0.0973793,0.190567,0.429762,1,0.261448,0.27827,-0.104301,0.235823,0.317269,0.235414,-0.306802,0.293554,0.141151,0.362535,0.331581,-0.0320359,0.457757,0.301977,0.422979,0.333269,0.22191,0.285701,0.27617,0.0902958,0.0637129,0.134824,0.269454,0.213613,0.37872,0.441477,0.307263,0.447878,0.43013,0.345927,0.213693,0.241093,0.213833,0.230161,0.363125,0.343345,0.333583,0.0607745,0.331058,0.211289,0.189271,0.355942,-0.0919475,0.231212,0.246491,0.28411,0.368298,0.437253,0.375921,-0.0203583,0.0313189,0.189187,0.360623,0.377049,0.192745,0.296219
0.439248,0.300489,0.544167,0.451683,0.342392,0.329441,0.155199,-0.0252498,0.303491,0.461562,0.591551,0.411851,0.447918,0.47811,0.285664,0.389545,0.454369,0.351404,0.110275,0.394177,0.524316,0.440477,0.368657,0.475889,0.274208,0.289205,0.428264,0.44622,0.261448,1,-0.098684,0.0761706,0.275955,0.474578,0.351973,0.094221,0.0725872,0.478319,0.507676,0.503115,0.3313,0.383739,0.486013,0.341957,0.435805,0.430609,0.281706,0.267162,0.17335,0.255413,0.164521,0.549861,0.41426,0.334859,0.419155,0.36906,0.208578,0.361557,0.314032,0.0177611,0.103912,0.319916,0.352491,0.45978,0.544907,0.403524,0.452623,0.472894,0.353111,0.137862,0.54488,0.158882,-0.0500392,0.275734,0.115361,0.415314,0.498113,0.248912,0.155526,0.378898,0.288866,0.432909,0.406657,0.336281,0.450074
0.397548,0.299348,0.319753,0.432659,0.167612,0.339856,-0.0427997,-0.0796222,0.429679,0.287215,0.255162,0.219273,0.255006,0.413588,0.209005,0.179725,0.312371,0.30725,0.334349,0.353184,0.358727,0.163941,0.375192,0.410437,0.133377,0.383241,0.290158,0.389324,0.27827,-0.098684,1,-0.137952,0.326139,0.340153,0.24125,0.181802,0.201343,-0.0491356,0.423003,0.325893,0.0592471,0.262138,0.377004,0.244573,0.402384,0.318868,0.43295,0.25418,-0.00128672,0.0862601,0.378134,0.208388,0.289172,0.218426,0.205801,0.365377,0.584902,0.255311,0.19374,0.392961,0.279488,0.269814,0.189576,0.397377,0.297256,0.521756,0.365029,0.49529,0.325966,0.296008,0.49427,0.261651,0.37351,0.353158,0.207923,0.338027,0.372907,0.466329,-0.0314159,0.0738493,0.249336,0.361774,0.495802,0.166603,0.305176
0.286425,0.189682,0.24919,0.217351,0.251624,0.338791,0.278814,0.203013,0.132061,0.138143,0.177655,0.218376,0.0960891,0.142067,0.0848341,0.0610291,0.2752,0.279135,0.269164,0.0946762,0.173917,0.14377,0.242185,0.252303,0.203409,0.180129,0.234045,0.137655,-0.104301,0.0761706,-0.137952,1,0.363539,0.203754,0.406968,-0.154595,-0.101912,0.0984639,0.154122,0.136299,0.221539,-0.00515926,0.282225,0.13188,0.212823,0.379557,0.0492236,0.357468,0.2627,0.28268,0.0534324,0.329331,0.308146,0.208625,0.184718,0.216584,0.00409323,0.0964947,0.226032,0.0517163,0.20901,0.195481,0.349121,0.161028,0.204813,0.155536,0.234903,0.171475,0.0177278,0.196746,0.155695,0.14671,-0.0919685,0.0919797,0.0949589,0.0216196,0.144773,0.067999,0.266965,0.293284,-0.0392171,0.192301,0.22189,0.34089,-0.168829
0.788622,0.695358,0.750586,0.756797,0.608559,0.634463,0.281458,0.198241,0.523815,0.689984,0.653075,0.666022,0.607661,0.705975,0.514102,0.607318,0.670883,0.532333,0.495987,0.729186,0.747982,0.513847,0.611607,0.756426,0.427205,0.692685,0.652648,0.593193,0.235823,0.275955,0.326139,0.363539,1,0.694299,0.620565,0.0688849,0.0999669,0.451923,0.759635,0.694836,0.219774,0.432427,0.758898,0.62828,0.806792,0.702339,0.678104,0.575023,0.253375,0.388567,0.483531,0.768944,0.700647,0.620767,0.659114,0.753378,0.53748,0.692958,0.683987,0.451035,0.457752,0.641894,0.703586,0.783259,0.779372,0.657312,0.519956,0.775504,0.55367,0.680359,0.687776,0.506375,0.226071,0.329807,0.452731,0.773879,0.675477,0.579332,0.419104,0.403517,0.316861,0.805932,0.728107,0.361433,0.552298
0.849204,0.723769,0.868292,0.831154,0.741463,0.780158,0.0709968,-0.00207848,0.689368,0.704774,0.815183,0.726218,0.801795,0.812059,0.595894,0.745851,0.864063,0.680302,0.567212,0.872468,0.873108,0.588323,0.783888,0.83836,0.561382,0.747302,0.807138,0.628692,0.317269,0.474578,0.340153,0.203754,0.694299,1,0.708407,0.0142467,0.0255681,0.483692,0.847358,0.809889,0.292924,0.590876,0.882117,0.69176,0.910147,0.778333,0.768995,0.634834,0.463059,0.650064,0.572992,0.851558,0.802114,0.767444,0.77627,0.835277,0.662767,0.789604,0.727108,0.494569,0.469555,0.628143,0.794781,0.893006,0.87756,0.758155,0.725432,0.88156,0.590556,0.693317,0.885734,0.475081,0.303811,0.558467,0.614896,0.829141,0.759099,0.529055,0.547437,0.490482,0.558368,0.848347,0.87013,0.46688,0.517563
0.638451,0.557937,0.606319,0.561787,0.465556,0.610329,0.233932,0.192883,0.660016,0.452148,0.536742,0.474639,0.540757,0.593813,0.425423,0.499866,0.593194,0.595352,0.564435,0.606606,0.652535,0.370427,0.722957,0.679972,0.523214,0.577703,0.576132,0.49326,0.235414,0.351973,0.24125,0.406968,0.620565,0.708407,1,-0.174012,0.0233905,0.411443,0.626158,0.5604,0.388835,0.320936,0.68206,0.44793,0.621529,0.548884,0.617025,0.505535,0.405324,0.430707,0.432589,0.635905,0.490605,0.52381,0.562102,0.652467,0.476499,0.543943,0.509851,0.231449,0.443831,0.626479,0.558822,0.693472,0.599679,0.481275,0.547778,0.675656,0.321632,0.574923,0.69005,0.339622,0.345024,0.33859,0.594505,0.597749,0.676132,0.513994,0.556033,0.641497,0.33042,0.617121,0.683942,0.442178,0.263757
0.10729,0.0440857,0.0631319,0.0319972,-0.0853339,-0.00412968,-0.0988456,-0.0205001,-0.0248283,-0.0205946,-0.00645577,0.0664816,0.0824864,0.0446959,-0.18349,-0.00878424,0.0100996,-0.00481558,-0.189633,0.0864076,0.0885555,0.197271,-0.140728,0.0465002,0.0366428,0.10663,-0.0670071,0.127201,-0.306802,0.094221,0.181802,-0.154595,0.0688849,0.0142467,-0.174012,1,0.0334426,-0.192058,0.042511,0.00603437,0.0523254,-0.11295,0.0511931,0.0196776,0.0995021,0.124206,0.0432758,0.00520265,-0.160727,-0.0697599,-0.0592629,-0.0593477,0.181496,-0.00647336,0.0320554,0.021649,0.0525812,-0.106444,0.0628424,0.181019,-0.073015,0.00680613,-0.0497455,0.086706,0.13952,0.0947863,0.0319881,0.0892845,0.013036,0.163965,0.00746292,0.10454,0.0198802,0.031525,-0.0523183,0.0400711,0.0930333,0.0168614,0.0615828,-0.328117,0.065299,0.0972874,0.0464758,-0.0968984,0.209891
0.267851,0.152684,0.230834,0.292658,0.313714,0.0497692,0.0992633,0.0780663,0.220858,-0.0183098,0.197048,0.208663,0.191598,0.0526455,0.0896529,0.0576766,0.230744,0.0956203,0.17082,0.0228871,0.13718,0.145304,0.0477313,0.206325,0.0156919,-0.224081,0.141821,0.215056,0.293554,0.0725872,0.201343,-0.101912,0.0999669,0.0255681,0.0233905,0.0334426,1,-0.0759287,0.192132,0.192264,0.106216,0.337945,0.198915,0.0543022,0.197859,0.10685,0.134198,0.162088,0.0995133,-0.054706,0.169616,0.115415,0.126704,0.232405,0.180778,0.0366946,0.158384,-0.0647015,0.0485883,0.0505523,0.0730681,0.138602,0.0729409,0.20151,0.152125,0.129879,-0.0769449,0.155308,0.095825,0.284133,0.0792172,0.350383,0.0717348,0.0981827,0.223404,0.165996,0.0748053,0.202123,-0.115834,-0.216708,-0.18671,0.215849,0.247601,0.2555,0.0494946
0.47129,0.30382,0.520989,0.442606,0.363217,0.435451,0.387063,0.318236,0.518981,0.564325,0.490179,0.30971,0.329469,0.412885,0.472554,0.378643,0.388432,0.427664,0.32291,0.526931,0.559075,0.290359,0.578179,0.578681,0.348432,0.371024,0.491308,0.311781,0.141151,0.478319,-0.0491356,0.0984639,0.451923,0.483692,0.411443,-0.192058,-0.0759287,1,0.572549,0.547343,0.365568,0.15689,0.455553,0.38495,0.494721,0.405471,0.53184,0.315409,0.267929,0.40961,0.41258,0.538018,0.37933,0.416784,0.398157,0.397607,0.40187,0.473867,0.324252,0.0770199,0.146715,0.612996,0.420761,0.448383,0.50986,0.364973,0.478158,0.533508,0.355704,0.269344,0.519211,0.355439,0.12462,0.295446,0.359996,0.486048,0.510335,0.101816,0.247617,0.492708,0.431264,0.48776,0.390357,0.388282,0.37324
0.891746,0.650396,0.923622,0.897923,0.768988,0.759092,0.297727,0.133094,0.77063,0.799454,0.84202,0.741395,0.817643,0.817719,0.545007,0.689795,0.842494,0.67458,0.56722,0.85582,0.939044,0.773688,0.781005,0.937214,0.411095,0.698769,0.853222,0.719933,0.362535,0.507676,0.423003,0.154122,0.759635,0.847358,0.626158,0.042511,0.192132,0.572549,1,0.897769,0.236664,0.546875,0.917292,0.691866,0.926666,0.83755,0.721584,0.588082,0.388777,0.53919,0.612372,0.840737,0.811422,0.781674,0.795105,0.811758,0.719936,0.790573,0.71941,0.426661,0.537224,0.696724,0.771733,0.923362,0.907177,0.770815,0.779367,0.949844,0.683047,0.722271,0.901074,0.552361,0.241226,0.632709,0.508766,0.858445,0.799044,0.596381,0.395383,0.489097,0.557879,0.910589,0.850361,0.448614,0.635942
0.81863,0.656468,0.875778,0.835218,0.778452,0.684965,0.254211,0.0832499,0.718488,0.799132,0.859831,0.74936,0.785793,0.824108,0.573094,0.640608,0.855929,0.597578,0.619693,0.84135,0.889991,0.622833,0.711141,0.863863,0.364464,0.63667,0.807742,0.606948,0.331581,0.503115,0.325893,0.136299,0.694836,0.809889,0.5604,0.00603437,0.192264,0.547343,0.897769,1,0.2531,0.574248,0.845946,0.651818,0.874423,0.758027,0.764452,0.62678,0.454099,0.562927,0.599474,0.777593,0.773335,0.782453,0.800187,0.777127,0.685762,0.717806,0.660186,0.478313,0.457456,0.731059,0.795364,0.88739,0.878105,0.737464,0.682567,0.877505,0.701325,0.634806,0.845666,0.478588,0.324175,0.640284,0.511029,0.80596,0.765818,0.536638,0.40926,0.388588,0.563722,0.853481,0.852971,0.433616,0.549855
0.377918,0.221671,0.356266,0.327431,0.185533,0.282229,0.37497,0.26301,0.275709,0.303291,0.306681,0.240525,0.235579,0.249036,0.088407,0.235593,0.34139,0.216776,0.27885,0.293623,0.32335,-0.0746935,0.233589,0.433773,0.474927,0.359667,0.362179,0.34814,-0.0320359,0.3313,0.0592471,0.221539,0.219774,0.292924,0.388835,0.0523254,0.106216,0.365568,0.236664,0.2531,1,0.00144732,0.347916,0.178548,0.275691,0.360962,0.331798,0.202913,0.336819,0.308273,0.0669362,0.281676,0.176524,0.255573,0.240344,0.206213,0.149409,0.117911,0.187431,0.00618816,-0.0480559,0.271371,0.332464,0.307747,0.304311,0.183995,0.176615,0.297962,0.239139,0.25127,0.288494,0.268234,0.0780648,0.0519166,0.426413,0.193442,0.294968,0.143924,0.151652,0.486504,0.385596,0.241208,0.293305,0.617575,0.155999
0.545824,0.625038,0.536132,0.600014,0.568288,0.222385,-0.277576,-0.382464,0.374308,0.409659,0.600244,0.604805,0.642883,0.625237,0.341882,0.577891,0.610302,0.367006,0.31531,0.44706,0.527083,0.475988,0.497605,0.487427,0.375276,0.261744,0.464947,0.341036,0.457757,0.383739,0.262138,-0.00515926,0.432427,0.590876,0.320936,-0.11295,0.337945,0.15689,0.546875,0.574248,0.00144732,1,0.567551,0.597425,0.574676,0.403226,0.437551,0.386847,0.0637339,0.136827,0.268979,0.560267,0.484112,0.526655,0.538495,0.612039,0.476695,0.570059,0.449033,0.384233,0.300751,0.281107,0.519723,0.594028,0.615432,0.584715,0.359123,0.49721,0.386716,0.37956,0.559201,0.279039,0.0841091,0.265842,0.29434,0.547386,0.460914,0.460075,0.24397,0.152286,0.139604,0.498964,0.594324,0.280794,0.370745
0.942971,0.773357,0.940427,0.916113,0.761073,0.785846,0.18003,0.0114424,0.685864,0.756832,0.874784,0.773725,0.830189,0.814125,0.468891,0.691569,0.896129,0.635859,0.539382,0.824695,0.895156,0.710969,0.725045,0.903601,0.51965,0.725848,0.845107,0.723406,0.301977,0.486013,0.377004,0.282225,0.758898,0.882117,0.68206,0.0511931,0.198915,0.455553,0.917292,0.845946,0.347916,0.567551,1,0.73481,0.954479,0.846334,0.72219,0.638411,0.377151,0.559347,0.515421,0.888162,0.818514,0.805774,0.776606,0.843237,0.601548,0.750664,0.76477,0.431009,0.554845,0.662556,0.81738,0.920223,0.901641,0.756086,0.762437,0.922025,0.631863,0.769925,0.882873,0.567135,0.21797,0.559137,0.565828,0.844131,0.766405,0.62026,0.438272,0.499859,0.495993,0.89767,0.898937,0.610549,0.582674
0.717719,0.829728,0.739826,0.68475,0.64701,0.480766,-0.169611,-0.304125,0.419256,0.653003,0.794529,0.818895,0.865259,0.790105,0.353035,0.858867,0.789171,0.28383,0.490238,0.666084,0.680626,0.576643,0.501118,0.676942,0.538541,0.644328,0.630783,0.471222,0.422979,0.341957,0.244573,0.13188,0.62828,0.69176,0.44793,0.0196776,0.0543022,0.38495,0.691866,0.651818,0.178548,0.597425,0.73481,1,0.766121,0.629658,0.571224,0.393092,0.0867977,0.216517,0.298094,0.724904,0.731106,0.77377,0.843315,0.854496,0.599309,0.820493,0.874847,0.370508,0.43993,0.48088,0.636812,0.723427,0.74516,0.624034,0.415916,0.708317,0.530185,0.598183,0.602,0.226653,0.331688,0.333152,0.369854,0.691338,0.72789,0.512482,0.373055,0.36249,0.385176,0.711787,0.707928,0.413932,0.599203
0.946717,0.795824,0.951908,0.916031,0.776078,0.794769,0.159484,0.0573347,0.687439,0.796799,0.879949,0.831305,0.845064,0.857663,0.56739,0.729721,0.911359,0.679907,0.570756,0.884489,0.917316,0.683451,0.742389,0.916687,0.503026,0.729118,0.853695,0.747166,0.333269,0.435805,0.402384,0.212823,0.806792,0.910147,0.621529,0.0995021,0.197859,0.494721,0.926666,0.874423,0.275691,0.574676,0.954479,0.766121,1,0.852576,0.788803,0.670658,0.416051,0.5736,0.588172,0.87984,0.866466,0.845345,0.823716,0.858679,0.703638,0.800495,0.80498,0.514849,0.492548,0.701349,0.848615,0.940773,0.924108,0.782939,0.728973,0.946667,0.684011,0.795949,0.886397,0.591398,0.320627,0.574046,0.581541,0.848011,0.800589,0.610668,0.46813,0.403468,0.536932,0.935888,0.894613,0.529002,0.577532
0.880992,0.642451,0.871645,0.790634,0.72646,0.831178,0.312302,0.174302,0.66778,0.783761,0.749808,0.751719,0.740735,0.789577,0.437205,0.657571,0.816467,0.504164,0.54635,0.735144,0.793127,0.647186,0.565539,0.865706,0.450053,0.714731,0.810084,0.63249,0.22191,0.430609,0.318868,0.379557,0.702339,0.778333,0.548884,0.124206,0.10685,0.405471,0.83755,0.758027,0.360962,0.403226,0.846334,0.629658,0.852576,1,0.603207,0.673388,0.418175,0.550416,0.571185,0.813699,0.899808,0.769537,0.758816,0.75495,0.601012,0.673028,0.703032,0.474931,0.410079,0.616418,0.802126,0.80553,0.772819,0.639549,0.67751,0.85017,0.686271,0.689754,0.801395,0.598936,0.179922,0.496594,0.477306,0.671216,0.735795,0.442989,0.405598,0.478103,0.585175,0.786495,0.749403,0.477584,0.437789
0.734685,0.663859,0.713953,0.672439,0.51237,0.697451,0.228754,0.145937,0.664477,0.629495,0.637175,0.566039,0.594938,0.73195,0.731982,0.558749,0.677532,0.59834,0.578738,0.839679,0.783897,0.39908,0.719424,0.755259,0.503142,0.684302,0.623014,0.632838,0.285701,0.281706,0.43295,0.0492236,0.678104,0.768995,0.617025,0.0432758,0.134198,0.53184,0.721584,0.764452,0.331798,0.437551,0.72219,0.571224,0.788803,0.603207,1,0.589684,0.400648,0.554868,0.631015,0.668223,0.594506,0.622143,0.598592,0.742991,0.737264,0.622438,0.529833,0.570443,0.268396,0.771006,0.631768,0.809914,0.756273,0.730305,0.648401,0.813823,0.525608,0.657585,0.768462,0.430348,0.508297,0.579429,0.721417,0.707246,0.736593,0.449546,0.424052,0.405512,0.531139,0.766514,0.757948,0.416975,0.463284
0.723742,0.551296,0.683226,0.638943,0.624192,0.689523,0.200635,0.177946,0.621003,0.502734,0.520755,0.539186,0.537034,0.591361,0.387879,0.462721,0.626019,0.574998,0.621099,0.56033,0.649264,0.385363,0.546974,0.664226,0.379338,0.459927,0.494231,0.512431,0.27617,0.267162,0.25418,0.357468,0.575023,0.634834,0.505535,0.00520265,0.162088,0.315409,0.588082,0.62678,0.202913,0.386847,0.638411,0.393092,0.670658,0.673388,0.589684,1,0.472993,0.530625,0.538746,0.552699,0.613677,0.546005,0.597509,0.60833,0.509422,0.496564,0.384542,0.690864,0.362592,0.635456,0.679289,0.628581,0.585269,0.569508,0.479115,0.660172,0.376981,0.426574,0.685994,0.501586,0.172413,0.494268,0.560857,0.550048,0.631984,0.379045,0.49609,0.221004,0.324836,0.655489,0.632808,0.396495,0.217613
0.381026,0.170104,0.458299,0.367142,0.555701,0.452237,0.424125,0.431582,0.452068,0.316673,0.319705,0.40944,0.36752,0.327225,0.465647,0.254666,0.455376,0.463476,0.443964,0.434523,0.511549,0.159629,0.454207,0.489012,0.183751,0.248819,0.537852,0.40765,0.0902958,0.17335,-0.00128672,0.2627,0.253375,0.463059,0.405324,-0.160727,0.0995133,0.267929,0.388777,0.454099,0.336819,0.0637339,0.377151,0.0867977,0.416051,0.418175,0.400648,0.472993,1,0.623099,0.467572,0.325571,0.350278,0.540167,0.401194,0.247248,0.266677,0.31148,0.237376,0.171931,0.129479,0.490144,0.540369,0.46236,0.42762,0.265663,0.423636,0.432684,0.446459,0.45203,0.449566,0.332973,0.158302,0.264778,0.421377,0.30936,0.38119,0.196534,0.348365,0.293369,0.317986,0.406537,0.345954,0.41397,-0.0648313
0.560646,0.353982,0.550837,0.551517,0.451427,0.630661,0.338321,0.225518,0.511521,0.510766,0.438536,0.396436,0.416339,0.481189,0.482789,0.389157,0.558386,0.629229,0.432859,0.669159,0.608535,0.305825,0.520695,0.55152,0.305535,0.533982,0.614106,0.460648,0.0637129,0.255413,0.0862601,0.28268,0.388567,0.650064,0.430707,-0.0697599,-0.054706,0.40961,0.53919,0.562927,0.308273,0.136827,0.559347,0.216517,0.5736,0.550416,0.554868,0.530625,0.623099,1,0.418535,0.553183,0.466113,0.549016,0.407028,0.40074,0.248345,0.482633,0.293786,0.412206,0.322692,0.528425,0.616737,0.603581,0.56849,0.529982,0.606296,0.540207,0.366502,0.509308,0.587807,0.343304,0.148217,0.485027,0.499481,0.485553,0.368575,0.155371,0.293336,0.2968,0.552593,0.565626,0.562863,0.396586,0.297383
0.594344,0.421374,0.58296,0.529107,0.510329,0.679763,0.409322,0.213376,0.668798,0.628711,0.461891,0.357276,0.36105,0.53724,0.681489,0.32021,0.444053,0.347928,0.470893,0.547048,0.594589,0.367774,0.5618,0.628075,0.173838,0.451173,0.605465,0.37996,0.134824,0.164521,0.378134,0.0534324,0.483531,0.572992,0.432589,-0.0592629,0.169616,0.41258,0.612372,0.599474,0.0669362,0.268979,0.515421,0.298094,0.588172,0.571185,0.631015,0.538746,0.467572,0.418535,1,0.554196,0.567714,0.488761,0.444624,0.537114,0.571424,0.390566,0.325799,0.388935,0.367512,0.732352,0.520369,0.592421,0.483682,0.631135,0.483892,0.676782,0.563676,0.393785,0.582873,0.536689,0.297763,0.521721,0.445649,0.537526,0.573526,0.152788,0.35102,0.285158,0.35499,0.531817,0.527255,0.110861,0.283228
0.859554,0.774792,0.887778,0.795098,0.699663,0.752829,0.202176,-0.062204,0.58437,0.807176,0.835256,0.736787,0.729282,0.791054,0.608082,0.682279,0.818892,0.534467,0.419072,0.755309,0.786823,0.63703,0.62264,0.795079,0.450465,0.715214,0.810213,0.60406,0.269454,0.549861,0.208388,0.329331,0.768944,0.851558,0.635905,-0.0593477,0.115415,0.538018,0.840737,0.777593,0.281676,0.560267,0.888162,0.724904,0.87984,0.813699,0.668223,0.552699,0.325571,0.553183,0.554196,1,0.837617,0.731852,0.721461,0.805849,0.517763,0.721779,0.75173,0.376289,0.491671,0.615745,0.759267,0.839762,0.850345,0.727368,0.657531,0.83638,0.653295,0.657838,0.7997,0.492074,0.16386,0.459536,0.448781,0.771023,0.724296,0.435026,0.368337,0.535061,0.44182,0.818187,0.80591,0.506887,0.559898
