1,0.886328,0.904132,0.725692,0.720612,0.735632,0.728969,0.656839,0.445638,0.622831,0.724096,0.764878,0.84989,0.807828,0.696407,0.854647,0.896033,0.652237,0.674094,0.876231,0.858146,0.391028,0.837333,0.893003,0.553728,0.49128,0.834647,0.508823,0.341176,0.30728,0.418543,0.531879,0.608678,0.519078,0.343433,0.297342,0.497099,0.604091,0.751183,0.692305,0.337295,0.688579,0.826364,0.842209,0.883842,0.812295,0.70828,0.856818,0.466607,0.540968,0.744142,0.498544,0.73972,0.748575,0.84335,0.801606,0.490726,0.796217,0.836246,0.30653,0.252288,0.736181,0.686154,0.863869,0.852124,0.512878,0.810583,0.876174,0.458941,0.696134,0.829248,0.568984,0.476703,0.257585,0.247407,0.776998,0.813644,0.517714,0.430806,0.319499,0.451935,0.860658,0.822438,0.442659,0.496499
0.886328,1,0.873147,0.709006,0.739182,0.737524,0.583895,0.507302,0.440251,0.691113,0.715154,0.742605,0.806893,0.753117,0.605735,0.84604,0.843204,0.577257,0.622959,0.833384,0.843357,0.301077,0.792014,0.857554,0.561313,0.380176,0.772963,0.477081,0.304703,0.333567,0.360796,0.462639,0.663661,0.635413,0.424317,0.249116,0.472957,0.655067,0.657525,0.721881,0.457877,0.666505,0.816217,0.802146,0.828179,0.709122,0.586863,0.809964,0.332811,0.369203,0.646037,0.577716,0.778962,0.751607,0.826767,0.733244,0.350942,0.74317,0.813429,0.519051,0.219333,0.710383,0.702597,0.741981,0.776777,0.423527,0.751924,0.822981,0.303562,0.696811,0.822707,0.519218,0.383434,0.180145,0.227226,0.675506,0.777847,0.462326,0.335549,0.314376,0.48897,0.794366,0.797541,0.379239,0.542974
0.904132,0.873147,1,0.754433,0.823907,0.803161,0.676849,0.538035,0.55979,0.617684,0.737327,0.834349,0.872547,0.905537,0.790099,0.889598,0.876764,0.731758,0.685615,0.837106,0.86368,0.491304,0.806951,0.890763,0.637799,0.495353,0.797978,0.615812,0.320369,0.428293,0.314976,0.504941,0.632359,0.536622,0.442685,0.410661,0.503117,0.66507,0.736207,0.730442,0.438606,0.772323,0.88247,0.869273,0.935484,0.809876,0.729464,0.803711,0.402845,0.580615,0.670402,0.577674,0.712247,0.796885,0.897289,0.850111,0.442288,0.878998,0.851292,0.45032,0.372966,0.804673,0.813996,0.853253,0.871621,0.599395,0.842243,0.923334,0.542512,0.708179,0.879658,0.686628,0.458314,0.0561371,0.192482,0.749654,0.802877,0.544229,0.493106,0.340464,0.385313,0.833405,0.819763,0.416952,0.522029
0.725692,0.709006,0.754433,1,0.722463,0.609524,0.578557,0.385829,0.50958,0.512339,0.81007,0.576829,0.808957,0.688172,0.631094,0.737264,0.743189,0.567868,0.63783,0.659044,0.7708,0.353283,0.690106,0.713974,0.600562,0.544934,0.707941,0.468847,0.367594,0.426122,0.255819,0.455608,0.40869,0.4321,0.0815223,0.266669,0.629528,0.551446,0.473209,0.474015,0.331778,0.53471,0.737127,0.727884,0.759549,0.663687,0.573455,0.583942,0.210775,0.466707,0.638622,0.408623,0.708936,0.72755,0.777889,0.704423,0.297359,0.701221,0.774145,0.358541,0.180893,0.752105,0.576409,0.640326,0.730678,0.574314,0.624857,0.67652,0.355486,0.48707,0.709206,0.369038,0.378185,0.0224995,0.099675,0.487457,0.688118,0.350916,0.577229,0.308285,0.304335,0.678498,0.603815,0.346858,0.475637
0.720612,0.739182,0.823907,0.722463,1,0.769711,0.535375,0.38871,0.556962,0.618379,0.641696,0.718362,0.820697,0.726643,0.74965,0.831597,0.770987,0.630307,0.615554,0.676354,0.759723,0.366636,0.774842,0.86589,0.609088,0.344361,0.655036,0.546623,0.378262,0.513288,0.147089,0.512516,0.62825,0.529956,0.401619,0.438175,0.530041,0.605577,0.671797,0.658348,0.403705,0.691598,0.840919,0.747369,0.811566,0.626165,0.637009,0.658423,0.371389,0.442456,0.663961,0.524823,0.685679,0.647945,0.797645,0.747879,0.362451,0.763047,0.7488,0.359168,0.398521,0.762176,0.720388,0.771495,0.742534,0.543206,0.751774,0.800097,0.431326,0.439946,0.721629,0.53961,0.34708,0.0194367,0.129109,0.547177,0.668372,0.450418,0.414185,0.286044,0.367958,0.690165,0.747209,0.422101,0.58474
0.735632,0.737524,0.803161,0.609524,0.769711,1,0.60076,0.549379,0.57104,0.667502,0.662862,0.703713,0.766239,0.77096,0.744282,0.827104,0.782443,0.544785,0.735126,0.758859,0.710091,0.320477,0.785852,0.85526,0.545189,0.475698,0.599115,0.461518,0.346099,0.410937,0.247267,0.572102,0.594846,0.511753,0.505119,0.344327,0.45036,0.45223,0.76493,0.707171,0.448616,0.590892,0.801563,0.783904,0.82455,0.716196,0.697063,0.671284,0.387479,0.575855,0.641647,0.408217,0.60129,0.64332,0.805098,0.860669,0.266873,0.815272,0.780693,0.198252,0.530156,0.629895,0.772964,0.786656,0.744353,0.481399,0.791847,0.808989,0.383367,0.433204,0.634243,0.504399,0.462434,-0.104938,0.302084,0.693364,0.689713,0.496259,0.46539,0.17525,0.47926,0.716535,0.700326,0.403222,0.562729
0.728969,0.583895,0.676849,0.578557,0.535375,0.60076,1,0.629739,0.435996,0.58272,0.668157,0.624861,0.600226,0.649543,0.654983,0.630212,0.649588,0.531588,0.606855,0.734574,0.557952,0.46885,0.691378,0.687391,0.46717,0.264661,0.691994,0.173852,0.204737,0.265889,0.162951,0.340976,0.308025,0.241835,0.0551833,0.445213,0.504696,0.233284,0.738055,0.586821,0.123482,0.395387,0.681454,0.751137,0.701656,0.641625,0.554566,0.636593,0.415323,0.447311,0.754253,0.430694,0.598608,0.540139,0.645402,0.628558,0.512034,0.635495,0.709594,0.167089,0.436178,0.539597,0.513446,0.73745,0.688816,0.342784,0.620915,0.66695,0.437737,0.514618,0.660571,0.405579,0.320412,0.124371,0.103095,0.677119,0.533917,0.407973,0.462721,0.1428,0.361117,0.617065,0.545372,0.458379,0.529776
0.656839,0.507302,0.538035,0.385829,0.38871,0.549379,0.629739,1,0.399879,0.411756,0.428685,0.546682,0.508887,0.539303,0.533916,0.57826,0.700179,0.457135,0.470491,0.688438,0.509092,0.416995,0.646724,0.632062,0.430711,0.332523,0.654854,0.144876,0.396408,0.360978,0.263211,0.369241,0.445386,0.248078,0.186537,0.365645,0.24536,0.29018,0.637597,0.658222,0.201973,0.450729,0.636309,0.545216,0.566772,0.549546,0.388006,0.468899,0.370698,0.308253,0.71111,0.0798705,0.466368,0.460627,0.645416,0.551579,0.380211,0.57454,0.639773,0.168243,0.377261,0.48621,0.454411,0.653373,0.672669,0.0826169,0.452594,0.573938,0.278446,0.422885,0.526231,0.413518,0.561661,0.0969022,0.489195,0.680341,0.417536,0.54697,0.369119,0.157497,0.277695,0.547734,0.589557,0.254534,0.429621
0.445638,0.440251,0.55979,0.50958,0.556962,0.57104,0.435996,0.399879,1,0.306647,0.442255,0.514182,0.518029,0.515956,0.59501,0.590498,0.548092,0.606778,0.501495,0.472909,0.425858,0.362325,0.590293,0.56943,0.549642,0.241236,0.493061,0.482226,0.3106,0.278866,0.106847,0.276295,0.289621,0.08249,0.262761,0.391946,0.321037,0.339205,0.455332,0.454791,0.365204,0.398899,0.502605,0.461842,0.55251,0.456168,0.579145,0.508484,0.15741,0.495955,0.502434,0.289312,0.510118,0.472177,0.639825,0.551309,0.150764,0.615428,0.524126,0.26284,0.510015,0.654026,0.560217,0.535322,0.533004,0.559582,0.443053,0.573189,0.468198,0.475864,0.4799,0.509802,0.335389,-0.239708,0.204992,0.275688,0.490074,0.378647,0.532876,0.0699681,-0.0111442,0.350738,0.392448,0.0919961,0.378208
0.622831,0.691113,0.617684,0.512339,0.618379,0.667502,0.58272,0.411756,0.306647,1,0.5854,0.482065,0.618592,0.592173,0.58509,0.706072,0.650686,0.445993,0.540388,0.712921,0.557304,0.352964,0.583928,0.681316,0.410702,0.234008,0.523158,0.271294,0.378986,0.362092,0.00413234,0.423228,0.446715,0.389649,0.2004,0.250969,0.297647,0.408656,0.644007,0.676694,0.304142,0.521574,0.683727,0.627906,0.661075,0.487418,0.448483,0.504206,0.437406,0.349465,0.584148,0.509059,0.536559,0.418565,0.636641,0.620927,0.303516,0.556651,0.651501,0.231958,0.312951,0.454659,0.55428,0.581604,0.589535,0.20356,0.571984,0.588323,0.291539,0.384156,0.492029,0.265525,0.314639,0.076097,0.163534,0.565826,0.538579,0.481587,0.335379,0.17398,0.557635,0.59809,0.619838,0.458189,0.588821
0.724096,0.715154,0.737327,0.81007,0.641696,0.662862,0.668157,0.428685,0.442255,0.5854,1,0.583964,0.80239,0.711433,0.657897,0.75012,0.781716,0.565631,0.670383,0.658269,0.780492,0.358167,0.735402,0.71998,0.521028,0.573506,0.666106,0.427581,0.343121,0.404461,0.228874,0.388404,0.468926,0.568665,0.088587,0.17822,0.498829,0.408127,0.513493,0.518981,0.327062,0.470347,0.70489,0.719508,0.777476,0.705965,0.573774,0.640796,0.367413,0.416792,0.675666,0.39502,0.751299,0.727535,0.772509,0.728279,0.293581,0.698019,0.819047,0.271264,0.111488,0.645151,0.600023,0.613632,0.735566,0.551196,0.70679,0.702444,0.407678,0.461744,0.635345,0.432129,0.443997,0.118702,0.163472,0.653862,0.531843,0.341871,0.507772,0.312751,0.268749,0.762873,0.611117,0.349877,0.495022
0.764878,0.742605,0.834349,0.576829,0.718362,0.703713,0.624861,0.546682,0.514182,0.482065,0.583964,1,0.765948,0.758942,0.757449,0.739954,0.757005,0.609631,0.671303,0.727392,0.740786,0.562966,0.761702,0.778263,0.589009,0.278941,0.76234,0.458103,0.0647083,0.468607,0.276109,0.382312,0.548322,0.430191,0.475729,0.479017,0.383175,0.531966,0.716799,0.647081,0.400473,0.60325,0.774999,0.795552,0.80303,0.690938,0.671347,0.790567,0.33293,0.329297,0.662013,0.533855,0.60107,0.674067,0.77078,0.766115,0.629788,0.730151,0.746789,0.349355,0.420821,0.652326,0.633264,0.779123,0.778874,0.500848,0.747444,0.849656,0.437446,0.60023,0.798882,0.557351,0.27227,-0.0764215,0.117343,0.710842,0.641423,0.458404,0.305126,0.2583,0.370195,0.68258,0.689591,0.391492,0.504129
0.84989,0.806893,0.872547,0.808957,0.820697,0.766239,0.600226,0.508887,0.518029,0.618592,0.80239,0.765948,1,0.862741,0.817495,0.864307,0.901377,0.61535,0.726986,0.788034,0.924732,0.362946,0.83611,0.884129,0.555639,0.645723,0.809457,0.654722,0.385111,0.519116,0.326645,0.509368,0.650541,0.626059,0.415659,0.352718,0.453933,0.638839,0.725424,0.710732,0.36745,0.686215,0.865331,0.840398,0.9151,0.759126,0.742872,0.780718,0.388859,0.492386,0.712281,0.453316,0.754552,0.851399,0.925466,0.854255,0.490092,0.815867,0.879115,0.331798,0.279458,0.770843,0.782274,0.814404,0.899059,0.6171,0.828152,0.890768,0.529377,0.570081,0.779558,0.525739,0.422096,0.136598,0.139582,0.70919,0.764193,0.478179,0.462982,0.428081,0.440751,0.817314,0.825982,0.366966,0.658531
0.807828,0.753117,0.905537,0.688172,0.726643,0.77096,0.649543,0.539303,0.515956,0.592173,0.711433,0.758942,0.862741,1,0.838256,0.825991,0.837889,0.667841,0.670931,0.783724,0.843163,0.469631,0.766524,0.821462,0.631907,0.616085,0.753132,0.596531,0.392896,0.518675,0.235,0.481788,0.611621,0.487696,0.407708,0.393662,0.377357,0.548844,0.773709,0.755886,0.357858,0.784403,0.846114,0.860688,0.903537,0.768082,0.703185,0.701121,0.324328,0.590209,0.660722,0.53424,0.664463,0.806263,0.871833,0.883265,0.419471,0.823249,0.846784,0.322512,0.423083,0.713204,0.835055,0.785149,0.872629,0.615113,0.778337,0.872225,0.601697,0.635126,0.779011,0.626201,0.506109,0.0260291,0.12545,0.740004,0.724873,0.533872,0.523883,0.443618,0.384325,0.767315,0.72903,0.40748,0.53528
0.696407,0.605735,0.790099,0.631094,0.74965,0.744282,0.654983,0.533916,0.59501,0.58509,0.657897,0.757449,0.817495,0.838256,1,0.749367,0.741074,0.574603,0.632158,0.69661,0.729613,0.562745,0.711414,0.777632,0.572267,0.449968,0.691419,0.55782,0.32336,0.604389,0.128909,0.389032,0.495912,0.323909,0.319672,0.464911,0.321615,0.489923,0.729713,0.660451,0.241524,0.640182,0.787422,0.793531,0.810508,0.684339,0.672393,0.693135,0.360825,0.513472,0.714564,0.369041,0.615119,0.723096,0.847754,0.774081,0.468077,0.72806,0.761368,0.224599,0.445727,0.600888,0.749197,0.743391,0.783546,0.617684,0.755345,0.811843,0.586199,0.45063,0.642893,0.626065,0.429834,-0.0823457,0.0633223,0.630197,0.607325,0.577928,0.557498,0.380359,0.298355,0.637901,0.662138,0.336375,0.511212
0.854647,0.84604,0.889598,0.737264,0.831597,0.827104,0.630212,0.57826,0.590498,0.706072,0.75012,0.739954,0.864307,0.825991,0.749367,1,0.92871,0.685214,0.774544,0.822764,0.853491,0.403549,0.845853,0.901496,0.57043,0.46977,0.744071,0.560601,0.497468,0.423434,0.31811,0.569348,0.688941,0.582655,0.460606,0.455046,0.478008,0.633626,0.762522,0.760267,0.46085,0.703,0.878923,0.785919,0.887549,0.772717,0.70473,0.767927,0.428132,0.538733,0.751395,0.49456,0.753265,0.712836,0.911147,0.841979,0.317126,0.879792,0.902578,0.379874,0.406941,0.812118,0.785002,0.839948,0.876356,0.546541,0.776738,0.891667,0.448278,0.62751,0.785157,0.612381,0.562595,0.0508571,0.355288,0.702724,0.757941,0.580542,0.505435,0.295623,0.42992,0.833596,0.811521,0.417165,0.66478
0.896033,0.843204,0.876764,0.743189,0.770987,0.782443,0.649588,0.700179,0.548092,0.650686,0.781716,0.757005,0.901377,0.837889,0.741074,0.92871,1,0.716095,0.730703,0.844869,0.872606,0.376136,0.905976,0.906108,0.594525,0.55914,0.844482,0.544618,0.517378,0.396342,0.391965,0.566886,0.663881,0.61271,0.413407,0.386386,0.480609,0.552204,0.736547,0.760096,0.428801,0.73807,0.890724,0.813212,0.898633,0.800238,0.704919,0.77753,0.424888,0.498616,0.783938,0.384514,0.790198,0.768451,0.929357,0.839936,0.407394,0.857787,0.917423,0.333555,0.371851,0.786022,0.782399,0.844461,0.930778,0.498169,0.806064,0.89811,0.432466,0.622262,0.776916,0.573835,0.613787,0.160738,0.366782,0.787261,0.742243,0.518125,0.527307,0.35952,0.414798,0.851482,0.856597,0.381204,0.61978
0.652237,0.577257,0.731758,0.567868,0.630307,0.544785,0.531588,0.457135,0.606778,0.445993,0.565631,0.609631,0.61535,0.667841,0.574603,0.685214,0.716095,1,0.471968,0.561595,0.579358,0.382981,0.656315,0.700858,0.603752,0.278305,0.640312,0.428429,0.42296,0.171666,0.242876,0.402429,0.401412,0.278871,0.281573,0.453744,0.403158,0.443471,0.532697,0.496892,0.278185,0.623161,0.6543,0.604687,0.725403,0.686503,0.515092,0.49806,0.275347,0.618109,0.521165,0.419604,0.660655,0.605709,0.684719,0.604189,0.385062,0.76049,0.660405,0.285036,0.425778,0.744245,0.705438,0.608143,0.687069,0.461757,0.577382,0.679673,0.488373,0.603679,0.628057,0.461143,0.349326,0.0325084,0.0993282,0.533838,0.547426,0.257279,0.492479,0.333837,0.239886,0.670828,0.596209,0.230163,0.36158
0.674094,0.622959,0.685615,0.63783,0.615554,0.735126,0.606855,0.470491,0.501495,0.540388,0.670383,0.671303,0.726986,0.670931,0.632158,0.774544,0.730703,0.471968,1,0.680119,0.727478,0.235299,0.71615,0.714467,0.470629,0.474888,0.670198,0.44041,0.316006,0.27427,0.289716,0.399196,0.515695,0.482182,0.417879,0.255823,0.35931,0.45783,0.698667,0.57797,0.47424,0.388341,0.670775,0.725107,0.730384,0.700006,0.718733,0.649001,0.346917,0.448671,0.682396,0.439888,0.553786,0.544762,0.727058,0.817155,0.431405,0.700912,0.764435,0.0605811,0.404679,0.575024,0.5838,0.688472,0.735686,0.483752,0.659439,0.731759,0.363198,0.420045,0.621599,0.351357,0.348109,-0.0725384,0.184497,0.575639,0.635579,0.459159,0.42183,0.0434111,0.516035,0.620682,0.667524,0.525817,0.620822
0.876231,0.833384,0.837106,0.659044,0.676354,0.758859,0.734574,0.688438,0.472909,0.712921,0.658269,0.727392,0.788034,0.783724,0.69661,0.822764,0.844869,0.561595,0.680119,1,0.795859,0.418897,0.767058,0.819439,0.557576,0.462433,0.765157,0.370001,0.352791,0.346573,0.297329,0.505818,0.614238,0.445767,0.377787,0.323447,0.451577,0.555178,0.807193,0.806539,0.361176,0.669556,0.792588,0.831463,0.825409,0.69018,0.596578,0.78545,0.272492,0.480911,0.748386,0.506416,0.678439,0.674637,0.826026,0.768702,0.515207,0.720923,0.805596,0.368602,0.292875,0.659278,0.67543,0.828449,0.858661,0.331133,0.71711,0.839639,0.480872,0.699073,0.808885,0.485152,0.491625,0.063608,0.32497,0.750579,0.787053,0.703106,0.349797,0.30648,0.523442,0.747444,0.762283,0.524296,0.583519
0.858146,0.843357,0.86368,0.7708,0.759723,0.710091,0.557952,0.509092,0.425858,0.557304,0.780492,0.740786,0.924732,0.843163,0.729613,0.853491,0.872606,0.579358,0.727478,0.795859,1,0.300133,0.826207,0.848555,0.557295,0.624276,0.836517,0.646312,0.398641,0.453839,0.371066,0.464704,0.659088,0.643661,0.41057,0.206612,0.439687,0.614094,0.682483,0.700999,0.383448,0.70135,0.845028,0.870355,0.890006,0.73995,0.706668,0.799777,0.254544,0.45418,0.69155,0.474444,0.771596,0.839889,0.878472,0.805906,0.474366,0.785608,0.872865,0.333335,0.191539,0.747934,0.756479,0.773576,0.874975,0.564436,0.780902,0.857162,0.448067,0.625265,0.817642,0.488845,0.436503,0.244139,0.157728,0.705533,0.739544,0.504833,0.397538,0.411103,0.419412,0.83121,0.763465,0.416215,0.567933
0.391028,0.301077,0.491304,0.353283,0.366636,0.320477,0.46885,0.416995,0.362325,0.352964,0.358167,0.562966,0.362946,0.469631,0.562745,0.403549,0.376136,0.382981,0.235299,0.418897,0.300133,1,0.300788,0.2948,0.4511,0.0249829,0.315246,0.145247,-0.0615261,0.492837,-0.198625,0.162736,0.105249,-0.0654553,0.0267067,0.413725,0.289219,0.132712,0.332242,0.333147,0.0206783,0.391736,0.360945,0.34311,0.45266,0.351674,0.27212,0.31137,0.207721,0.0996468,0.448318,0.337898,0.284482,0.248883,0.405094,0.394251,0.301354,0.34185,0.46214,0.327365,0.133354,0.329236,0.263052,0.41873,0.390162,0.283436,0.257784,0.35888,0.378801,0.440359,0.448707,0.500054,0.180193,-0.262346,0.0685111,0.310172,0.128828,0.559417,0.337227,0.142452,-0.0814071,0.273031,0.263542,0.195384,0.118633
0.837333,0.792014,0.806951,0.690106,0.774842,0.785852,0.691378,0.646724,0.590293,0.583928,0.735402,0.761702,0.83611,0.766524,0.711414,0.845853,0.905976,0.656315,0.71615,0.767058,0.826207,0.300788,1,0.893973,0.648463,0.470626,0.819387,0.479046,0.441802,0.368277,0.375067,0.603104,0.521085,0.566078,0.421447,0.325666,0.467237,0.390793,0.744486,0.731005,0.47629,0.681525,0.861338,0.821063,0.844705,0.747883,0.722925,0.772994,0.432873,0.49383,0.828517,0.371149,0.728544,0.720404,0.838141,0.812862,0.421968,0.796844,0.850665,0.184916,0.456633,0.753227,0.693788,0.843681,0.854375,0.514033,0.78574,0.842171,0.343817,0.53601,0.729276,0.482001,0.47732,0.196513,0.29278,0.718399,0.693136,0.418935,0.500026,0.226732,0.415402,0.772486,0.735838,0.398474,0.551061
0.893003,0.857554,0.890763,0.713974,0.86589,0.85526,0.687391,0.632062,0.56943,0.681316,0.71998,0.778263,0.884129,0.821462,0.777632,0.901496,0.906108,0.700858,0.714467,0.819439,0.848555,0.2948,0.893973,1,0.611894,0.470084,0.822678,0.570452,0.412288,0.428084,0.307376,0.570457,0.680719,0.630408,0.48139,0.380579,0.470436,0.652231,0.825681,0.779676,0.392397,0.686685,0.91862,0.873281,0.909493,0.776911,0.771587,0.808171,0.468033,0.55444,0.769838,0.497787,0.756404,0.765277,0.911555,0.832748,0.473564,0.885518,0.853129,0.287088,0.447266,0.808441,0.81577,0.87685,0.869764,0.535549,0.873826,0.916468,0.474228,0.584089,0.769348,0.562888,0.465637,0.167238,0.266709,0.763761,0.791618,0.469112,0.466177,0.290445,0.476907,0.854794,0.843238,0.386042,0.634228
0.553728,0.561313,0.637799,0.600562,0.609088,0.545189,0.46717,0.430711,0.549642,0.410702,0.521028,0.589009,0.555639,0.631907,0.572267,0.57043,0.594525,0.603752,0.470629,0.557576,0.557295,0.4511,0.648463,0.611894,1,0.242694,0.658862,0.464099,0.386701,0.406091,-0.0833024,0.365907,0.248688,0.237871,0.257242,0.123676,0.320624,0.35438,0.423141,0.507647,0.470912,0.668412,0.582238,0.610042,0.582676,0.42673,0.550602,0.484498,0.156029,0.352502,0.574009,0.397,0.537697,0.426438,0.590014,0.553884,0.330909,0.52152,0.590676,0.279063,0.366226,0.586025,0.57311,0.617857,0.603323,0.457498,0.515119,0.586737,0.185944,0.463968,0.521752,0.44537,0.270535,-0.189663,0.156419,0.349311,0.533206,0.388445,0.480973,0.0728719,0.098864,0.500081,0.437255,0.413551,0.258718
0.49128,0.380176,0.495353,0.544934,0.344361,0.475698,0.264661,0.332523,0.241236,0.234008,0.573506,0.278941,0.645723,0.616085,0.449968,0.46977,0.55914,0.278305,0.474888,0.462433,0.624276,0.0249829,0.470626,0.470084,0.242694,1,0.409164,0.514338,0.365762,0.305156,0.270457,0.422463,0.310755,0.374884,0.171569,-0.0354224,0.166392,0.311547,0.344302,0.336204,0.247019,0.463304,0.457018,0.519808,0.576954,0.550601,0.487339,0.345382,0.260217,0.499284,0.403994,0.113247,0.352628,0.621953,0.581923,0.606422,0.229368,0.567783,0.514892,-0.00262464,0.0490078,0.470144,0.517975,0.422581,0.551467,0.465694,0.534551,0.488944,0.419767,0.248239,0.37378,0.246222,0.362987,0.163856,0.138211,0.483434,0.488331,0.256613,0.282141,0.340472,0.269776,0.547678,0.49113,0.176762,0.360768
0.834647,0.772963,0.797978,0.707941,0.655036,0.599115,0.691994,0.654854,0.493061,0.523158,0.666106,0.76234,0.809457,0.753132,0.691419,0.744071,0.844482,0.640312,0.670198,0.765157,0.836517,0.315246,0.819387,0.822678,0.658862,0.409164,1,0.538139,0.413752,0.35944,0.389948,0.323955,0.515722,0.500069,0.289587,0.287091,0.405143,0.553615,0.678868,0.673445,0.399267,0.647701,0.840888,0.84006,0.809811,0.660233,0.698299,0.77926,0.298353,0.440022,0.728734,0.393705,0.731935,0.746467,0.829278,0.711486,0.576546,0.741777,0.793042,0.325064,0.413808,0.728555,0.697944,0.790598,0.854489,0.449614,0.717358,0.813182,0.359008,0.604612,0.781542,0.468018,0.43325,0.277973,0.140404,0.69841,0.735413,0.368304,0.512471,0.27895,0.36019,0.746017,0.773328,0.36493,0.595977
0.508823,0.477081,0.615812,0.468847,0.546623,0.461518,0.173852,0.144876,0.482226,0.271294,0.427581,0.458103,0.654722,0.596531,0.55782,0.560601,0.544618,0.428429,0.44041,0.370001,0.646312,0.145247,0.479046,0.570452,0.464099,0.514338,0.538139,1,0.373932,0.31339,0.165558,0.246893,0.375165,0.400186,0.422453,-0.0126153,0.15105,0.577435,0.338489,0.39587,0.387149,0.58212,0.51861,0.512689,0.603868,0.465463,0.677977,0.576464,0.249623,0.454974,0.302848,0.283172,0.508041,0.584027,0.643702,0.507312,0.200859,0.594989,0.531396,0.314114,0.205775,0.572163,0.685311,0.568082,0.540562,0.697756,0.641829,0.636493,0.360762,0.442575,0.449303,0.546322,0.265025,0.0811806,0.121058,0.412992,0.615034,0.288979,0.466525,0.247828,0.0585675,0.583982,0.500637,0.141109,0.315396
0.341176,0.304703,0.320369,0.367594,0.378262,0.346099,0.204737,0.396408,0.3106,0.378986,0.343121,0.0647083,0.385111,0.392896,0.32336,0.497468,0.517378,0.42296,0.316006,0.352791,0.398641,-0.0615261,0.441802,0.412288,0.386701,0.365762,0.413752,0.373932,1,0.0889209,0.308573,0.442347,0.304362,0.24303,0.169889,0.12368,0.118761,0.288405,0.300616,0.461064,0.351381,0.555027,0.429657,0.26058,0.330457,0.209163,0.186187,0.17421,0.138689,0.406687,0.367598,-0.00867676,0.447348,0.327466,0.460857,0.339917,-0.122512,0.414525,0.426705,0.0901619,0.385581,0.346743,0.508132,0.372012,0.497601,0.190885,0.282189,0.325226,0.00713779,0.230114,0.252409,0.264703,0.593235,0.171562,0.400379,0.289685,0.426558,0.244075,0.550119,0.228883,0.172364,0.386522,0.419493,0.1793,0.431807
0.30728,0.333567,0.428293,0.426122,0.513288,0.410937,0.265889,0.360978,0.278866,0.362092,0.404461,0.468607,0.519116,0.518675,0.604389,0.423434,0.396342,0.171666,0.27427,0.346573,0.453839,0.492837,0.368277,0.428084,0.406091,0.305156,0.35944,0.31339,0.0889209,1,-0.111581,0.230001,0.470611,0.291441,0.144284,0.265037,0.133738,0.326889,0.387648,0.441526,0.0695408,0.37486,0.569724,0.454225,0.502726,0.301289,0.291644,0.277918,0.196262,0.14236,0.455241,0.231562,0.270882,0.417393,0.507002,0.45647,0.281557,0.3673,0.464775,0.342209,0.142961,0.354994,0.378624,0.411711,0.420433,0.194562,0.36276,0.46199,0.312845,0.17562,0.392211,0.460661,0.222297,-0.107585,0.0848906,0.36672,0.205509,0.437714,0.218772,0.380656,0.0151669,0.324479,0.338027,0.208177,0.387538
0.418543,0.360796,0.314976,0.255819,0.147089,0.247267,0.162951,0.263211,0.106847,0.00413234,0.228874,0.276109,0.326645,0.235,0.128909,0.31811,0.391965,0.242876,0.289716,0.297329,0.371066,-0.198625,0.375067,0.307376,-0.0833024,0.270457,0.389948,0.165558,0.308573,-0.111581,1,0.287323,0.359054,0.393452,0.284656,0.174024,0.197105,0.283452,0.250531,0.211219,0.357325,0.23377,0.31794,0.275868,0.288092,0.349665,0.109739,0.396881,0.0781336,0.354015,0.183866,-0.061321,0.267461,0.51365,0.313918,0.263529,0.0967485,0.387484,0.264727,0.125376,0.191644,0.217596,0.209701,0.286419,0.417916,0.108984,0.296256,0.358046,-0.0178281,0.267477,0.353601,0.182324,0.456629,0.437892,0.209849,0.425052,0.452627,-0.0866134,0.261868,0.303077,0.261726,0.390961,0.441038,-0.106229,0.266616
0.531879,0.462639,0.504941,0.455608,0.512516,0.572102,0.340976,0.369241,0.276295,0.423228,0.388404,0.382312,0.509368,0.481788,0.389032,0.569348,0.566886,0.402429,0.399196,0.505818,0.464704,0.162736,0.603104,0.570457,0.365907,0.422463,0.323955,0.246893,0.442347,0.230001,0.287323,1,0.323124,0.376275,0.482956,0.106854,0.237787,0.243267,0.497653,0.532453,0.20181,0.55163,0.496234,0.425558,0.546119,0.444786,0.408346,0.393269,0.255023,0.448548,0.525222,0.272495,0.31175,0.351733,0.458041,0.541941,0.133549,0.480985,0.449903,-0.0401514,0.250926,0.464096,0.414418,0.563324,0.515853,0.305815,0.513124,0.48851,0.229384,0.403515,0.424394,0.31962,0.434755,0.148899,0.422162,0.448838,0.506789,0.3367,0.352074,0.193056,0.327492,0.461543,0.477174,0.360158,0.271836
0.608678,0.663661,0.632359,0.40869,0.62825,0.594846,0.308025,0.445386,0.289621,0.446715,0.468926,0.548322,0.650541,0.611621,0.495912,0.688941,0.663881,0.401412,0.515695,0.614238,0.659088,0.105249,0.521085,0.680719,0.248688,0.310755,0.515722,0.375165,0.304362,0.470611,0.359054,0.323124,1,0.730933,0.509346,0.392169,0.297353,0.651652,0.663217,0.680464,0.286316,0.401699,0.709836,0.559092,0.64543,0.501263,0.366746,0.560403,0.244859,0.31777,0.389,0.375472,0.500005,0.590789,0.669235,0.629733,0.254056,0.612178,0.613305,0.44403,0.206986,0.508191,0.567112,0.592409,0.686276,0.175525,0.527133,0.745133,0.431606,0.433381,0.609922,0.49099,0.504677,0.0781093,0.314784,0.609132,0.540429,0.429534,0.141794,0.392437,0.361423,0.62348,0.688347,0.317889,0.574398
0.519078,0.635413,0.536622,0.4321,0.529956,0.511753,0.241835,0.248078,0.08249,0.389649,0.568665,0.430191,0.626059,0.487696,0.323909,0.582655,0.61271,0.278871,0.482182,0.445767,0.643661,-0.0654553,0.566078,0.630408,0.237871,0.374884,0.500069,0.400186,0.24303,0.291441,0.393452,0.376275,0.730933,1,0.539663,0.0886024,0.273409,0.526456,0.505684,0.555289,0.393102,0.332063,0.636013,0.509424,0.562936,0.399311,0.401991,0.516519,0.297526,0.227676,0.364299,0.300113,0.481848,0.574161,0.575668,0.50941,0.188352,0.541431,0.580328,0.280401,0.0654973,0.455248,0.464107,0.471837,0.607746,0.19211,0.560563,0.610654,0.182615,0.299079,0.446578,0.296851,0.435455,0.286738,0.269776,0.568092,0.424662,0.145593,0.202156,0.158169,0.353818,0.616432,0.637722,0.187892,0.482185
0.343433,0.424317,0.442685,0.0815223,0.401619,0.505119,0.0551833,0.186537,0.262761,0.2004,0.088587,0.475729,0.415659,0.407708,0.319672,0.460606,0.413407,0.281573,0.417879,0.377787,0.41057,0.0267067,0.421447,0.48139,0.257242,0.171569,0.289587,0.422453,0.169889,0.144284,0.284656,0.482956,0.509346,0.539663,1,0.150898,-0.000334644,0.435731,0.514745,0.56816,0.381723,0.391398,0.400254,0.366391,0.427221,0.274764,0.389212,0.421024,0.122433,0.269398,0.193063,0.365721,0.237595,0.306893,0.422067,0.418411,0.199963,0.417941,0.378693,0.178337,0.313583,0.296527,0.532799,0.483575,0.460095,0.17452,0.398422,0.521808,0.159795,0.472011,0.387917,0.417713,0.182495,-0.00973268,0.344424,0.324255,0.463137,0.365588,0.0972284,0.0702146,0.280414,0.300725,0.490628,0.161717,0.354124
0.297342,0.249116,0.410661,0.266669,0.438175,0.344327,0.445213,0.365645,0.391946,0.250969,0.17822,0.479017,0.352718,0.393662,0.464911,0.455046,0.386386,0.453744,0.255823,0.323447,0.206612,0.413725,0.325666,0.380579,0.123676,-0.0354224,0.287091,-0.0126153,0.12368,0.265037,0.174024,0.106854,0.392169,0.0886024,0.150898,1,0.391536,0.244057,0.481386,0.346007,0.117249,0.237956,0.480736,0.317551,0.359553,0.345538,0.156617,0.20757,0.264301,0.204195,0.310058,0.175633,0.270243,0.347348,0.435999,0.353135,0.245469,0.50965,0.395843,0.329143,0.537072,0.384575,0.35235,0.394898,0.466799,0.114409,0.233662,0.440525,0.312378,0.224248,0.417322,0.308771,0.22744,-0.26554,0.0293346,0.290756,0.248843,0.218571,0.191575,0.20216,0.19846,0.270121,0.369903,-0.00556143,0.492309
0.497099,0.472957,0.503117,0.629528,0.530041,0.45036,0.504696,0.24536,0.321037,0.297647,0.498829,0.383175,0.453933,0.377357,0.321615,0.478008,0.480609,0.403158,0.35931,0.451577,0.439687,0.289219,0.467237,0.470436,0.320624,0.166392,0.405143,0.15105,0.118761,0.133738,0.197105,0.237787,0.297353,0.273409,-0.000334644,0.391536,1,0.156256,0.329022,0.236856,0.175066,0.339364,0.495442,0.481199,0.480124,0.476196,0.329927,0.413347,0.0497513,0.252977,0.39173,0.336332,0.537411,0.395159,0.460603,0.389322,0.0780053,0.529101,0.536746,0.407616,0.207634,0.425113,0.39493,0.496375,0.492959,0.233358,0.422871,0.463161,0.145359,0.386772,0.539294,0.252806,0.194995,-0.0034887,0.105541,0.313532,0.377486,0.196049,0.373143,0.167386,0.0940234,0.447581,0.365462,0.250815,0.292354
0.604091,0.655067,0.66507,0.551446,0.605577,0.45223,0.233284,0.29018,0.339205,0.408656,0.408127,0.531966,0.638839,0.548844,0.489923,0.633626,0.552204,0.443471,0.45783,0.555178,0.614094,0.132712,0.390793,0.652231,0.35438,0.311547,0.553615,0.577435,0.288405,0.326889,0.283452,0.243267,0.651652,0.526456,0.435731,0.244057,0.156256,1,0.517615,0.569958,0.351999,0.456672,0.605877,0.499389,0.582314,0.446253,0.442109,0.559305,0.242953,0.38356,0.362582,0.47462,0.463809,0.580415,0.674216,0.503204,0.305315,0.577007,0.518384,0.484815,0.122786,0.639447,0.566512,0.531707,0.585495,0.371322,0.538656,0.654167,0.409036,0.524736,0.626398,0.469612,0.270082,0.00828521,0.180073,0.443587,0.699353,0.40545,0.231481,0.27649,0.367598,0.590043,0.681969,0.2097,0.505881
0.751183,0.657525,0.736207,0.473209,0.671797,0.76493,0.738055,0.637597,0.455332,0.644007,0.513493,0.716799,0.725424,0.773709,0.729713,0.762522,0.736547,0.532697,0.698667,0.807193,0.682483,0.332242,0.744486,0.825681,0.423141,0.344302,0.678868,0.338489,0.300616,0.387648,0.250531,0.497653,0.663217,0.505684,0.514745,0.481386,0.329022,0.517615,1,0.846424,0.261202,0.512272,0.809794,0.780977,0.802938,0.646447,0.635014,0.702847,0.384396,0.568043,0.711947,0.548038,0.532831,0.615565,0.768078,0.795456,0.537506,0.730918,0.756575,0.142973,0.53478,0.626037,0.681215,0.836659,0.792368,0.332001,0.689384,0.820604,0.598694,0.548678,0.685367,0.449543,0.407115,0.0674701,0.207895,0.744055,0.666413,0.548196,0.353055,0.204762,0.570329,0.674707,0.729465,0.511446,0.681492
0.692305,0.721881,0.730442,0.474015,0.658348,0.707171,0.586821,0.658222,0.454791,0.676694,0.518981,0.647081,0.710732,0.755886,0.660451,0.760267,0.760096,0.496892,0.57797,0.806539,0.700999,0.333147,0.731005,0.779676,0.507647,0.336204,0.673445,0.39587,0.461064,0.441526,0.211219,0.532453,0.680464,0.555289,0.56816,0.346007,0.236856,0.569958,0.846424,1,0.375867,0.642752,0.801477,0.697741,0.747024,0.550403,0.473242,0.620168,0.273024,0.41694,0.671166,0.487799,0.557548,0.601244,0.773744,0.71361,0.352441,0.635435,0.765044,0.337698,0.425636,0.607768,0.69809,0.774606,0.814075,0.227808,0.577699,0.769135,0.468108,0.642346,0.724499,0.493652,0.484056,0.0696564,0.439305,0.73528,0.636804,0.678847,0.404569,0.299595,0.524109,0.619571,0.714106,0.462297,0.638478
0.337295,0.457877,0.438606,0.331778,0.403705,0.448616,0.123482,0.201973,0.365204,0.304142,0.327062,0.400473,0.36745,0.357858,0.241524,0.46085,0.428801,0.278185,0.47424,0.361176,0.383448,0.0206783,0.47629,0.392397,0.470912,0.247019,0.399267,0.387149,0.351381,0.0695408,0.357325,0.20181,0.286316,0.393102,0.381723,0.117249,0.175066,0.351999,0.261202,0.375867,1,0.46254,0.409417,0.341583,0.333496,0.28815,0.287363,0.341893,0.27896,0.303305,0.235592,0.248346,0.229784,0.355967,0.41431,0.437383,0.0801269,0.446877,0.379128,0.282664,0.331924,0.367947,0.343669,0.398725,0.437079,0.27494,0.334161,0.424395,-0.0469922,0.167769,0.277009,0.210976,0.329994,-0.0683512,0.259298,0.301675,0.513959,0.163205,0.292032,-0.168448,0.312711,0.377131,0.475259,0.114482,0.360661
0.688579,0.666505,0.772323,0.53471,0.691598,0.590892,0.395387,0.450729,0.398899,0.521574,0.470347,0.60325,0.686215,0.784403,0.640182,0.703,0.73807,0.623161,0.388341,0.669556,0.70135,0.391736,0.681525,0.686685,0.668412,0.463304,0.647701,0.58212,0.555027,0.37486,0.23377,0.55163,0.401699,0.332063,0.391398,0.237956,0.339364,0.456672,0.512272,0.642752,0.46254,1,0.702441,0.649818,0.703366,0.548504,0.530586,0.571807,0.248052,0.474349,0.542532,0.425176,0.58876,0.58989,0.695122,0.623236,0.269523,0.642958,0.656714,0.354258,0.36085,0.594659,0.747674,0.684309,0.729325,0.448429,0.66353,0.692509,0.288564,0.561415,0.651344,0.558567,0.470149,0.123863,0.230127,0.574848,0.658103,0.464573,0.449719,0.413637,0.275519,0.631788,0.669011,0.362078,0.353863
0.826364,0.816217,0.88247,0.737127,0.840919,0.801563,0.681454,0.636309,0.502605,0.683727,0.70489,0.774999,0.865331,0.846114,0.787422,0.878923,0.890724,0.6543,0.670775,0.792588,0.845028,0.360945,0.861338,0.91862,0.582238,0.457018,0.840888,0.51861,0.429657,0.569724,0.31794,0.496234,0.709836,0.636013,0.400254,0.480736,0.495442,0.605877,0.809794,0.801477,0.409417,0.702441,1,0.874018,0.908727,0.73703,0.663758,0.718305,0.430563,0.562022,0.742549,0.440136,0.692159,0.786478,0.910565,0.838747,0.424587,0.865982,0.872668,0.388728,0.510558,0.781799,0.791141,0.85564,0.884888,0.419804,0.785052,0.905196,0.447492,0.521735,0.797544,0.545363,0.509863,0.136581,0.244362,0.782334,0.736343,0.476818,0.529479,0.343518,0.469568,0.813871,0.823096,0.395718,0.673896
0.842209,0.802146,0.869273,0.727884,0.747369,0.783904,0.751137,0.545216,0.461842,0.627906,0.719508,0.795552,0.840398,0.860688,0.793531,0.785919,0.813212,0.604687,0.725107,0.831463,0.870355,0.34311,0.821063,0.873281,0.610042,0.519808,0.84006,0.512689,0.26058,0.454225,0.275868,0.425558,0.559092,0.509424,0.366391,0.317551,0.481199,0.499389,0.780977,0.697741,0.341583,0.649818,0.874018,1,0.895777,0.76761,0.73353,0.785785,0.268019,0.513061,0.7179,0.551952,0.730874,0.784309,0.8339,0.80461,0.61926,0.80411,0.832729,0.275324,0.382517,0.675889,0.778467,0.797761,0.843734,0.482995,0.826015,0.86652,0.47118,0.57757,0.780829,0.435053,0.367251,0.133406,0.0241928,0.734736,0.748092,0.4735,0.402436,0.325869,0.482355,0.770629,0.70951,0.463325,0.558923
0.883842,0.828179,0.935484,0.759549,0.811566,0.82455,0.701656,0.566772,0.55251,0.661075,0.777476,0.80303,0.9151,0.903537,0.810508,0.887549,0.898633,0.725403,0.730384,0.825409,0.890006,0.45266,0.844705,0.909493,0.582676,0.576954,0.809811,0.603868,0.330457,0.502726,0.288092,0.546119,0.64543,0.562936,0.427221,0.359553,0.480124,0.582314,0.802938,0.747024,0.333496,0.703366,0.908727,0.895777,1,0.862775,0.764412,0.788499,0.403566,0.629485,0.722893,0.562649,0.724486,0.822214,0.915667,0.907361,0.509328,0.887505,0.89963,0.340898,0.386036,0.828556,0.836224,0.881569,0.870229,0.585436,0.846353,0.920271,0.627981,0.655488,0.833032,0.597926,0.416278,0.151864,0.166608,0.791069,0.766835,0.500663,0.502481,0.409294,0.456634,0.862198,0.830505,0.46597,0.612918
0.812295,0.709122,0.809876,0.663687,0.626165,0.716196,0.641625,0.549546,0.456168,0.487418,0.705965,0.690938,0.759126,0.768082,0.684339,0.772717,0.800238,0.686503,0.700006,0.69018,0.73995,0.351674,0.747883,0.776911,0.42673,0.550601,0.660233,0.465463,0.209163,0.301289,0.349665,0.444786,0.501263,0.399311,0.274764,0.345538,0.476196,0.446253,0.646447,0.550403,0.28815,0.548504,0.73703,0.76761,0.862775,1,0.639067,0.664226,0.450213,0.580465,0.678245,0.384129,0.635637,0.735262,0.786221,0.802444,0.424563,0.810933,0.805882,0.247526,0.294765,0.719876,0.695593,0.755742,0.740454,0.543444,0.766805,0.804997,0.546327,0.554325,0.716536,0.476062,0.33095,0.0673355,0.140857,0.735697,0.665289,0.395065,0.444481,0.446512,0.495813,0.81881,0.721717,0.388517,0.390525
0.70828,0.586863,0.729464,0.573455,0.637009,0.697063,0.554566,0.388006,0.579145,0.448483,0.573774,0.671347,0.742872,0.703185,0.672393,0.70473,0.704919,0.515092,0.718733,0.596578,0.706668,0.27212,0.722925,0.771587,0.550602,0.487339,0.698299,0.677977,0.186187,0.291644,0.109739,0.408346,0.366746,0.401991,0.389212,0.156617,0.329927,0.442109,0.635014,0.473242,0.287363,0.530586,0.663758,0.73353,0.764412,0.639067,1,0.76634,0.386679,0.506415,0.592022,0.44316,0.55111,0.522642,0.713638,0.755453,0.45739,0.715928,0.668894,0.0150079,0.387659,0.695437,0.663101,0.734663,0.662173,0.700849,0.817004,0.759388,0.491269,0.446801,0.570884,0.488897,0.297684,0.062562,0.0764347,0.551581,0.633258,0.317274,0.394873,0.0129725,0.215839,0.638555,0.589429,0.377746,0.424887
0.856818,0.809964,0.803711,0.583942,0.658423,0.671284,0.636593,0.468899,0.508484,0.504206,0.640796,0.790567,0.780718,0.701121,0.693135,0.767927,0.77753,0.49806,0.649001,0.78545,0.799777,0.31137,0.772994,0.808171,0.484498,0.345382,0.77926,0.576464,0.17421,0.277918,0.396881,0.393269,0.560403,0.516519,0.421024,0.20757,0.413347,0.559305,0.702847,0.620168,0.341893,0.571807,0.718305,0.785785,0.788499,0.664226,0.76634,1,0.266398,0.416838,0.63198,0.486957,0.696928,0.688618,0.768215,0.694396,0.490631,0.680523,0.726754,0.306489,0.233092,0.640595,0.618407,0.794683,0.759329,0.593144,0.822292,0.864186,0.470917,0.636977,0.745535,0.613957,0.421732,0.220274,0.210475,0.703337,0.737951,0.436294,0.371602,0.214571,0.316832,0.739659,0.703321,0.404679,0.484534
0.466607,0.332811,0.402845,0.210775,0.371389,0.387479,0.415323,0.370698,0.15741,0.437406,0.367413,0.33293,0.388859,0.324328,0.360825,0.428132,0.424888,0.275347,0.346917,0.272492,0.254544,0.207721,0.432873,0.468033,0.156029,0.260217,0.298353,0.249623,0.138689,0.196262,0.0781336,0.255023,0.244859,0.297526,0.122433,0.264301,0.0497513,0.242953,0.384396,0.273024,0.27896,0.248052,0.430563,0.268019,0.403566,0.450213,0.386679,0.266398,1,0.354944,0.426436,0.116819,0.180671,0.244188,0.406274,0.446704,0.221642,0.441369,0.382046,-0.0794304,0.244505,0.345044,0.247379,0.477171,0.331613,0.271616,0.448487,0.412734,0.17803,0.0412402,0.188372,0.316805,0.172894,0.125176,0.144671,0.449978,0.314972,0.144056,0.202578,-0.0414062,0.294066,0.497753,0.521266,0.155123,0.301117
0.540968,0.369203,0.580615,0.466707,0.442456,0.575855,0.447311,0.308253,0.495955,0.349465,0.416792,0.329297,0.492386,0.590209,0.513472,0.538733,0.498616,0.618109,0.448671,0.480911,0.45418,0.0996468,0.49383,0.55444,0.352502,0.499284,0.440022,0.454974,0.406687,0.14236,0.354015,0.448548,0.31777,0.227676,0.269398,0.204195,0.252977,0.38356,0.568043,0.41694,0.303305,0.474349,0.562022,0.513061,0.629485,0.580465,0.506415,0.416838,0.354944,1,0.383695,0.276896,0.325527,0.547321,0.561899,0.62883,0.156982,0.656645,0.486748,-0.00845298,0.474302,0.58179,0.587593,0.593944,0.519789,0.463526,0.498049,0.586985,0.531424,0.356922,0.41074,0.379871,0.405886,0.0956139,0.146653,0.496018,0.626151,0.22199,0.585625,0.189749,0.310062,0.565747,0.499927,0.279097,0.314962
0.744142,0.646037,0.670402,0.638622,0.663961,0.641647,0.754253,0.71111,0.502434,0.584148,0.675666,0.662013,0.712281,0.660722,0.714564,0.751395,0.783938,0.521165,0.682396,0.748386,0.69155,0.448318,0.828517,0.769838,0.574009,0.403994,0.728734,0.302848,0.367598,0.455241,0.183866,0.525222,0.389,0.364299,0.193063,0.310058,0.39173,0.362582,0.711947,0.671166,0.235592,0.542532,0.742549,0.7179,0.722893,0.678245,0.592022,0.63198,0.426436,0.383695,1,0.321652,0.626798,0.572844,0.761086,0.675752,0.467163,0.654349,0.766847,0.125201,0.362391,0.653011,0.547962,0.74735,0.740963,0.380744,0.665223,0.698956,0.342459,0.508971,0.650092,0.416385,0.398832,0.0880296,0.25099,0.618519,0.549208,0.569068,0.46161,0.245639,0.380392,0.654251,0.643585,0.427192,0.508854
0.498544,0.577716,0.577674,0.408623,0.524823,0.408217,0.430694,0.0798705,0.289312,0.509059,0.39502,0.533855,0.453316,0.53424,0.369041,0.49456,0.384514,0.419604,0.439888,0.506416,0.474444,0.337898,0.371149,0.497787,0.397,0.113247,0.393705,0.283172,-0.00867676,0.231562,-0.061321,0.272495,0.375472,0.300113,0.365721,0.175633,0.336332,0.47462,0.548038,0.487799,0.248346,0.425176,0.440136,0.551952,0.562649,0.384129,0.44316,0.486957,0.116819,0.276896,0.321652,1,0.462545,0.308072,0.414986,0.483763,0.419897,0.412304,0.501653,0.357796,0.0957191,0.479261,0.475923,0.45859,0.406151,0.276981,0.416385,0.479123,0.431748,0.616027,0.589852,0.293872,-0.0431429,0.0118535,-0.127517,0.329189,0.443265,0.345897,0.0183911,0.0638799,0.325367,0.359868,0.433221,0.5505,0.425574
0.73972,0.778962,0.712247,0.708936,0.685679,0.60129,0.598608,0.466368,0.510118,0.536559,0.751299,0.60107,0.754552,0.664463,0.615119,0.753265,0.790198,0.660655,0.553786,0.678439,0.771596,0.284482,0.728544,0.756404,0.537697,0.352628,0.731935,0.508041,0.447348,0.270882,0.267461,0.31175,0.500005,0.481848,0.237595,0.270243,0.537411,0.463809,0.532831,0.557548,0.229784,0.58876,0.692159,0.730874,0.724486,0.635637,0.55111,0.696928,0.180671,0.325527,0.626798,0.462545,1,0.699241,0.773035,0.569557,0.324299,0.672458,0.834417,0.439107,0.189405,0.646408,0.728086,0.624893,0.746303,0.45151,0.682377,0.699494,0.275089,0.637142,0.685232,0.429316,0.407888,0.134748,0.0937003,0.565721,0.582115,0.353145,0.429644,0.403934,0.249623,0.703845,0.598881,0.324443,0.487994
