1,0.965363,0.972098,0.896206,0.883952,0.846835,0.676587,0.679468,0.835211,0.648165,0.863732,0.885599,0.945162,0.974927,0.864975,0.889591,0.957261,0.851942,0.947272,0.92342,0.945328,0.868838,0.928528,0.9732,0.78252,0.873902,0.957579,0.878387,0.7117,0.689336,0.321556,0.761602,0.907249,0.928008,0.73755,0.777515,0.709368,0.892795,0.953277,0.9056,0.524293,0.83006,0.958339,0.936237,0.960581,0.927298,0.887636,0.876287,0.792662,0.669693,0.79844,0.775512,0.868864,0.89996,0.928798,0.959731,0.846909,0.884348,0.940194,0.786581,0.66556,0.870856,0.91805,0.937721,0.939187,0.814594,0.906001,0.970933,0.748354,0.869266,0.929614,0.793321,0.754221,0.783423,0.835297,0.91776,0.887833,0.793092,0.633473,0.409617,0.887392,0.943706,0.915346,0.742348,0.904605
0.965363,1,0.952214,0.867476,0.883518,0.879653,0.651157,0.589659,0.794139,0.647775,0.867743,0.870159,0.941687,0.940464,0.833927,0.919806,0.94221,0.814831,0.920544,0.887843,0.914162,0.838024,0.921195,0.962101,0.756237,0.858071,0.937935,0.852678,0.713568,0.677253,0.303677,0.725671,0.886136,0.901865,0.690512,0.718738,0.605222,0.890985,0.917197,0.891579,0.429292,0.81886,0.947857,0.961577,0.941713,0.885184,0.878279,0.888391,0.725152,0.608037,0.759129,0.769937,0.89815,0.890886,0.929828,0.939912,0.836344,0.918386,0.949262,0.749792,0.712034,0.877706,0.91945,0.918607,0.915889,0.782633,0.895042,0.948482,0.739079,0.834754,0.885789,0.777827,0.744178,0.722168,0.801394,0.886785,0.883006,0.736474,0.596776,0.38478,0.88166,0.937442,0.914561,0.733115,0.89822
0.972098,0.952214,1,0.91602,0.897301,0.835458,0.701695,0.626796,0.802001,0.679562,0.890861,0.895595,0.956311,0.956709,0.870762,0.924082,0.982791,0.834526,0.955007,0.930658,0.959029,0.878172,0.909012,0.96799,0.819321,0.876442,0.953723,0.874839,0.743749,0.733346,0.328763,0.802225,0.915216,0.930389,0.745636,0.738865,0.723722,0.863272,0.946141,0.906219,0.49064,0.869497,0.946551,0.943603,0.972139,0.931478,0.903224,0.873895,0.759525,0.637344,0.786353,0.755163,0.873975,0.919954,0.947935,0.950498,0.802681,0.922401,0.957656,0.743051,0.645899,0.887812,0.929591,0.957157,0.960302,0.855608,0.883107,0.965648,0.801106,0.873754,0.920669,0.779842,0.785421,0.742849,0.828616,0.916227,0.905197,0.763047,0.649493,0.478623,0.877914,0.949499,0.919414,0.743686,0.889292
0.896206,0.867476,0.91602,1,0.89101,0.80694,0.6436,0.563348,0.698179,0.620119,0.855368,0.830965,0.878414,0.878278,0.84975,0.863664,0.904654,0.83885,0.897979,0.877235,0.877252,0.878301,0.851461,0.906595,0.776936,0.847471,0.89234,0.81091,0.688585,0.71854,0.316008,0.782575,0.845379,0.864649,0.746164,0.731552,0.695332,0.757386,0.872314,0.857218,0.515969,0.836883,0.853701,0.846719,0.864889,0.880125,0.869242,0.825686,0.665862,0.533197,0.782828,0.657406,0.778298,0.831427,0.847812,0.879888,0.821219,0.852532,0.83332,0.64942,0.626241,0.860439,0.810251,0.886091,0.883131,0.845668,0.821401,0.878355,0.736116,0.794256,0.906757,0.707075,0.733486,0.621493,0.718421,0.824202,0.869582,0.702353,0.664553,0.522019,0.802429,0.862273,0.852733,0.663071,0.788466
0.883952,0.883518,0.897301,0.89101,1,0.904837,0.630491,0.44304,0.750926,0.584288,0.848991,0.826962,0.907592,0.868531,0.825987,0.867671,0.892659,0.817614,0.883403,0.879532,0.88239,0.872141,0.849073,0.913965,0.747569,0.839212,0.88436,0.77438,0.742495,0.734834,0.335964,0.709689,0.838004,0.873336,0.791449,0.642284,0.60561,0.776996,0.88348,0.881294,0.336412,0.861227,0.853384,0.878953,0.867957,0.830891,0.863443,0.855509,0.641137,0.49358,0.807818,0.62358,0.807073,0.867754,0.89456,0.891962,0.815865,0.898437,0.884134,0.719245,0.607144,0.883988,0.84958,0.87253,0.896048,0.8041,0.817573,0.879429,0.725944,0.774259,0.891277,0.746403,0.698824,0.583909,0.717647,0.849018,0.883753,0.727886,0.618021,0.437826,0.805797,0.904861,0.87903,0.635595,0.814696
0.846835,0.879653,0.835458,0.80694,0.904837,1,0.64083,0.430346,0.679901,0.567353,0.810943,0.750533,0.859136,0.839487,0.733892,0.821226,0.829069,0.71522,0.81638,0.834507,0.820883,0.830595,0.784429,0.88134,0.667954,0.775424,0.824574,0.719785,0.63182,0.682388,0.237439,0.619273,0.758093,0.808532,0.69268,0.619594,0.572761,0.766759,0.813612,0.809992,0.318512,0.768418,0.824239,0.861153,0.834758,0.773587,0.814237,0.840478,0.577408,0.455883,0.789342,0.63195,0.786623,0.790171,0.842099,0.855915,0.82444,0.835757,0.851339,0.616937,0.514809,0.885302,0.807894,0.810761,0.833638,0.692651,0.792116,0.850704,0.655495,0.725978,0.786793,0.628068,0.602865,0.550543,0.628507,0.779855,0.808438,0.70199,0.503516,0.318239,0.786903,0.85139,0.850522,0.625594,0.788954
0.676587,0.651157,0.701695,0.6436,0.630491,0.64083,1,0.501623,0.60063,0.48336,0.595216,0.646674,0.68354,0.672551,0.677369,0.638108,0.709802,0.453149,0.774235,0.740236,0.778461,0.699149,0.552426,0.698289,0.491483,0.555424,0.67122,0.577277,0.364583,0.53059,0.417696,0.608055,0.622415,0.690824,0.705713,0.498969,0.643899,0.615075,0.706939,0.635556,0.533661,0.67103,0.643146,0.625765,0.710328,0.695898,0.743848,0.658739,0.4717,0.536798,0.719494,0.415117,0.510687,0.731014,0.698251,0.686623,0.462193,0.650429,0.66192,0.491395,0.4404,0.589618,0.706482,0.730562,0.749649,0.703463,0.666817,0.714759,0.39543,0.687457,0.629757,0.430593,0.513831,0.45868,0.565489,0.667051,0.703368,0.580584,0.411185,0.317898,0.593684,0.764315,0.622618,0.383923,0.568626
0.679468,0.589659,0.626796,0.563348,0.44304,0.430346,0.501623,1,0.511215,0.502179,0.550544,0.61796,0.588314,0.692914,0.621422,0.575022,0.629806,0.520941,0.640867,0.683372,0.680113,0.608569,0.634593,0.596622,0.440488,0.638764,0.614382,0.691073,0.494249,0.450682,0.349669,0.631525,0.629682,0.654942,0.474953,0.676674,0.678899,0.604381,0.678863,0.593454,0.640911,0.497426,0.611966,0.54013,0.628091,0.639805,0.600893,0.447396,0.577145,0.507168,0.527473,0.658991,0.571294,0.56927,0.612472,0.639812,0.565726,0.500657,0.587849,0.500979,0.463917,0.492987,0.625912,0.652599,0.63465,0.605523,0.609925,0.626315,0.40454,0.598689,0.668027,0.55435,0.647705,0.717451,0.551062,0.647129,0.575708,0.555245,0.428796,0.226503,0.590749,0.59556,0.606083,0.394024,0.555972
0.835211,0.794139,0.802001,0.698179,0.750926,0.679901,0.60063,0.511215,1,0.470228,0.667492,0.760356,0.810007,0.809747,0.770464,0.678855,0.785859,0.791129,0.772469,0.751753,0.783238,0.728422,0.762476,0.824902,0.61159,0.697436,0.832262,0.736522,0.512632,0.513398,0.288483,0.643577,0.839626,0.769414,0.631203,0.733634,0.557733,0.78634,0.818094,0.799932,0.490954,0.731865,0.826493,0.768811,0.815619,0.76976,0.734526,0.758119,0.735942,0.632342,0.693655,0.569095,0.670527,0.760828,0.785415,0.838056,0.731798,0.728776,0.8012,0.762729,0.591646,0.760156,0.778702,0.797707,0.784578,0.717484,0.792542,0.846508,0.612808,0.785678,0.722731,0.730853,0.535044,0.682274,0.758955,0.775406,0.709343,0.816027,0.463736,0.239838,0.751618,0.798926,0.764343,0.658297,0.761008
0.648165,0.647775,0.679562,0.620119,0.584288,0.567353,0.48336,0.502179,0.470228,1,0.85752,0.592384,0.675989,0.647861,0.611071,0.725448,0.745684,0.51487,0.616972,0.686438,0.655355,0.698003,0.581283,0.619814,0.617979,0.643631,0.623136,0.633014,0.552185,0.363959,0.485841,0.605681,0.576618,0.612774,0.478646,0.466464,0.561453,0.470514,0.626167,0.660527,0.398579,0.610237,0.567587,0.606504,0.600964,0.528703,0.617585,0.583728,0.397965,0.296311,0.477076,0.823909,0.820624,0.587591,0.688797,0.65277,0.554019,0.667568,0.672568,0.467479,0.435122,0.592172,0.631266,0.700964,0.669896,0.779784,0.646418,0.571286,0.624045,0.660184,0.631595,0.388154,0.740512,0.536643,0.593081,0.681899,0.661516,0.464867,0.601915,0.287996,0.686185,0.663139,0.666547,0.502919,0.687591
0.863732,0.867743,0.890861,0.855368,0.848991,0.810943,0.595216,0.550544,0.667492,0.85752,1,0.7956,0.875465,0.85511,0.827134,0.914506,0.922495,0.744027,0.823727,0.872648,0.857079,0.853769,0.800591,0.861797,0.766174,0.83337,0.868738,0.779153,0.745763,0.644897,0.473706,0.78955,0.808105,0.836244,0.676962,0.672237,0.678616,0.726385,0.853827,0.865384,0.428069,0.843475,0.809689,0.845073,0.832799,0.782624,0.819699,0.815187,0.641707,0.455155,0.715667,0.838175,0.922757,0.800147,0.890443,0.877884,0.76266,0.899581,0.88656,0.640808,0.563636,0.825972,0.816356,0.888128,0.873631,0.852395,0.836042,0.821544,0.762262,0.77661,0.846465,0.649241,0.797348,0.640662,0.736271,0.856309,0.830828,0.668512,0.649382,0.343399,0.815926,0.869532,0.884221,0.66264,0.836352
0.885599,0.870159,0.895595,0.830965,0.826962,0.750533,0.646674,0.61796,0.760356,0.592384,0.7956,1,0.943924,0.899983,0.890901,0.834146,0.912528,0.801117,0.898618,0.888848,0.89928,0.773289,0.826156,0.905239,0.75237,0.87805,0.866684,0.828867,0.742448,0.718425,0.477992,0.764604,0.895205,0.848999,0.760925,0.703133,0.60036,0.828373,0.897271,0.846855,0.464507,0.843047,0.886324,0.907848,0.904448,0.865434,0.871545,0.792441,0.692092,0.59085,0.743929,0.636061,0.799511,0.932121,0.941462,0.891971,0.764762,0.868228,0.901645,0.78607,0.754332,0.815965,0.909565,0.907901,0.915324,0.829211,0.789657,0.900319,0.668754,0.825944,0.834509,0.787443,0.6812,0.823307,0.722121,0.907835,0.873809,0.700764,0.653257,0.4569,0.805781,0.897094,0.871959,0.671084,0.818861
0.945162,0.941687,0.956311,0.878414,0.907592,0.859136,0.68354,0.588314,0.810007,0.675989,0.875465,0.943924,1,0.947772,0.870039,0.906191,0.971478,0.815891,0.942421,0.928245,0.940991,0.847018,0.887553,0.970059,0.814261,0.874752,0.92517,0.876306,0.779987,0.753855,0.367709,0.770034,0.907297,0.91532,0.766205,0.701386,0.646707,0.872044,0.937981,0.920605,0.454227,0.881879,0.941212,0.961974,0.956921,0.891029,0.918236,0.890967,0.72171,0.638909,0.777427,0.736654,0.891312,0.95624,0.978324,0.950209,0.833254,0.932177,0.968968,0.82238,0.703517,0.905195,0.940512,0.954523,0.964996,0.858659,0.879813,0.952809,0.776553,0.862986,0.883159,0.778751,0.750492,0.768026,0.796329,0.945559,0.929565,0.769377,0.656035,0.453548,0.895627,0.968878,0.919405,0.709043,0.90343
0.974927,0.940464,0.956709,0.878278,0.868531,0.839487,0.672551,0.692914,0.809747,0.647861,0.85511,0.899983,0.947772,1,0.873269,0.897128,0.951484,0.85703,0.943373,0.933122,0.947621,0.86057,0.916433,0.960848,0.774093,0.886453,0.9522,0.884817,0.745495,0.694206,0.331171,0.782062,0.926726,0.935526,0.757702,0.759838,0.704054,0.872654,0.939808,0.917724,0.565568,0.814767,0.939672,0.934538,0.959941,0.935482,0.884485,0.846054,0.804251,0.650267,0.803971,0.776812,0.885428,0.903576,0.945281,0.960001,0.826859,0.889796,0.948375,0.770026,0.632809,0.901346,0.922465,0.948211,0.953148,0.826802,0.883111,0.95899,0.73929,0.84267,0.91407,0.762515,0.751098,0.793035,0.806655,0.925699,0.892293,0.802822,0.635415,0.43146,0.872762,0.935271,0.925266,0.704869,0.910011
0.864975,0.833927,0.870762,0.84975,0.825987,0.733892,0.677369,0.621422,0.770464,0.611071,0.827134,0.890901,0.870039,0.873269,1,0.847658,0.878504,0.818846,0.882152,0.89429,0.885903,0.799226,0.814253,0.876566,0.750286,0.885622,0.88936,0.719388,0.734217,0.675023,0.58038,0.812352,0.86558,0.868412,0.799738,0.783851,0.685101,0.797984,0.92328,0.875476,0.557405,0.850734,0.823835,0.829726,0.840354,0.860088,0.827236,0.790049,0.720761,0.606751,0.789543,0.64013,0.767314,0.864192,0.887636,0.879236,0.738956,0.856849,0.850269,0.716532,0.660893,0.826172,0.823331,0.885824,0.892307,0.836534,0.840264,0.858484,0.615392,0.80295,0.871365,0.805407,0.70096,0.766949,0.719533,0.880166,0.879103,0.753134,0.62024,0.342701,0.746183,0.863158,0.887648,0.648571,0.766481
0.889591,0.919806,0.924082,0.863664,0.867671,0.821226,0.638108,0.575022,0.678855,0.725448,0.914506,0.834146,0.906191,0.897128,0.847658,1,0.940892,0.759006,0.891807,0.909038,0.922472,0.848318,0.888315,0.905778,0.78601,0.885665,0.898603,0.828993,0.796399,0.727848,0.440986,0.799079,0.833254,0.927019,0.695577,0.707829,0.650319,0.799851,0.907548,0.91822,0.451889,0.845551,0.844274,0.902874,0.882252,0.864638,0.855443,0.841591,0.633092,0.498046,0.72239,0.771323,0.903571,0.869694,0.927575,0.903542,0.747495,0.966727,0.92166,0.635305,0.623796,0.852491,0.889877,0.922653,0.925665,0.834392,0.85378,0.87799,0.728248,0.782822,0.897605,0.752086,0.835038,0.657913,0.717653,0.875085,0.915722,0.669218,0.639578,0.378189,0.826186,0.919512,0.900268,0.648885,0.856757
0.957261,0.94221,0.982791,0.904654,0.892659,0.829069,0.709802,0.629806,0.785859,0.745684,0.922495,0.912528,0.971478,0.951484,0.878504,0.940892,1,0.81515,0.948589,0.947623,0.962367,0.883958,0.89176,0.962976,0.820964,0.877319,0.946479,0.881653,0.779836,0.729473,0.403238,0.82717,0.910804,0.927371,0.763069,0.71994,0.724723,0.851844,0.9442,0.924745,0.495427,0.890771,0.934096,0.942739,0.960825,0.916842,0.919651,0.878211,0.719671,0.586934,0.780762,0.779148,0.903951,0.926703,0.966193,0.956679,0.793262,0.944125,0.965116,0.770682,0.677836,0.887324,0.933968,0.973448,0.970343,0.895589,0.88011,0.950909,0.784941,0.871616,0.909158,0.756651,0.800495,0.746514,0.819628,0.938592,0.921669,0.761075,0.679737,0.47365,0.880728,0.957331,0.925349,0.723078,0.907138
0.851942,0.814831,0.834526,0.83885,0.817614,0.71522,0.453149,0.520941,0.791129,0.51487,0.744027,0.801117,0.815891,0.85703,0.818846,0.759006,0.81515,1,0.788169,0.764539,0.770943,0.753131,0.854348,0.835515,0.735694,0.799759,0.837021,0.725587,0.604633,0.545754,0.290453,0.690987,0.831082,0.81747,0.651674,0.752122,0.566191,0.722864,0.807415,0.811895,0.50082,0.742984,0.804397,0.781037,0.797542,0.811145,0.766909,0.742115,0.755521,0.560621,0.695915,0.636305,0.754869,0.773615,0.792853,0.820286,0.772983,0.742942,0.787434,0.705209,0.631849,0.832286,0.712244,0.806927,0.786969,0.763148,0.771331,0.824603,0.73007,0.751864,0.826962,0.745656,0.620786,0.696491,0.709332,0.771014,0.756811,0.710992,0.650933,0.395967,0.75352,0.768921,0.808724,0.718624,0.776284
0.947272,0.920544,0.955007,0.897979,0.883403,0.81638,0.774235,0.640867,0.772469,0.616972,0.823727,0.898618,0.942421,0.943373,0.882152,0.891807,0.948589,0.788169,1,0.94812,0.975512,0.866519,0.865425,0.948229,0.724234,0.876931,0.928068,0.840211,0.713271,0.730675,0.348745,0.755348,0.883216,0.934064,0.808213,0.709636,0.714311,0.860795,0.943313,0.894187,0.495457,0.84767,0.910591,0.91636,0.949003,0.931845,0.911852,0.834288,0.709655,0.673686,0.812685,0.660621,0.799593,0.93216,0.932711,0.929379,0.76113,0.902004,0.921531,0.760811,0.648887,0.835313,0.923518,0.948563,0.96736,0.867592,0.865589,0.948394,0.69595,0.849836,0.915916,0.766012,0.747923,0.726856,0.782968,0.92909,0.92977,0.779016,0.647639,0.515435,0.858669,0.951196,0.886047,0.620987,0.844591
0.92342,0.887843,0.930658,0.877235,0.879532,0.834507,0.740236,0.683372,0.751753,0.686438,0.872648,0.888848,0.928245,0.933122,0.89429,0.909038,0.947623,0.764539,0.94812,1,0.97953,0.911773,0.837485,0.923887,0.72876,0.911436,0.930646,0.865622,0.764949,0.757938,0.456936,0.810037,0.870974,0.924749,0.795142,0.744435,0.806318,0.841004,0.950326,0.925128,0.523142,0.867765,0.877312,0.886285,0.922537,0.907196,0.906472,0.808218,0.680223,0.563729,0.839895,0.711947,0.820043,0.890923,0.932444,0.941589,0.784692,0.9181,0.922991,0.708119,0.578916,0.847874,0.928788,0.963486,0.971391,0.8835,0.86287,0.926327,0.685504,0.837392,0.925086,0.771992,0.81464,0.751361,0.745491,0.934079,0.924029,0.774516,0.706791,0.475848,0.846575,0.937604,0.913191,0.60791,0.83541
0.945328,0.914162,0.959029,0.877252,0.88239,0.820883,0.778461,0.680113,0.783238,0.655355,0.857079,0.89928,0.940991,0.947621,0.885903,0.922472,0.962367,0.770943,0.975512,0.97953,1,0.899287,0.867494,0.939228,0.740351,0.884181,0.94315,0.872536,0.742496,0.744591,0.40729,0.811381,0.896614,0.946957,0.795401,0.744939,0.774442,0.86955,0.962111,0.913919,0.510831,0.857189,0.90625,0.911045,0.951481,0.931094,0.914598,0.825387,0.716002,0.619844,0.816671,0.701603,0.825776,0.92173,0.946845,0.947449,0.757791,0.926761,0.939017,0.736363,0.609634,0.836436,0.950732,0.967632,0.977436,0.87828,0.863756,0.947247,0.686647,0.847154,0.928122,0.779532,0.803316,0.75492,0.779542,0.939273,0.927528,0.784114,0.668272,0.482154,0.870525,0.957182,0.906976,0.628955,0.847334
0.868838,0.838024,0.878172,0.878301,0.872141,0.830595,0.699149,0.608569,0.728422,0.698003,0.853769,0.773289,0.847018,0.86057,0.799226,0.848318,0.883958,0.753131,0.866519,0.911773,0.899287,1,0.797226,0.870753,0.672989,0.834891,0.88568,0.810999,0.659514,0.658155,0.377497,0.780892,0.835584,0.87326,0.741721,0.672774,0.735757,0.708279,0.841834,0.862348,0.541433,0.775584,0.823427,0.81463,0.85433,0.830466,0.864569,0.768396,0.642366,0.44013,0.833318,0.735651,0.787254,0.787208,0.843071,0.885595,0.748817,0.836036,0.850649,0.635917,0.5547,0.840083,0.840779,0.896387,0.875771,0.846081,0.763418,0.851251,0.682304,0.823925,0.898782,0.660123,0.760266,0.622766,0.661745,0.807539,0.823581,0.767593,0.624649,0.484078,0.801253,0.850953,0.850169,0.646022,0.789074
0.928528,0.921195,0.909012,0.851461,0.849073,0.784429,0.552426,0.634593,0.762476,0.581283,0.800591,0.826156,0.887553,0.916433,0.814253,0.888315,0.89176,0.854348,0.865425,0.837485,0.867494,0.797226,1,0.922787,0.79131,0.836044,0.869096,0.868073,0.747467,0.637731,0.323172,0.722275,0.832413,0.917774,0.602947,0.765681,0.577055,0.837048,0.897052,0.865293,0.489085,0.743634,0.914017,0.905335,0.891045,0.863967,0.843885,0.86014,0.738471,0.627588,0.681839,0.74144,0.857393,0.850202,0.877027,0.895653,0.846943,0.863303,0.88338,0.714704,0.727454,0.848963,0.862285,0.884399,0.871541,0.750285,0.864165,0.899484,0.743413,0.823294,0.89408,0.787922,0.758707,0.764231,0.759287,0.829084,0.862508,0.662551,0.656902,0.4065,0.866103,0.893333,0.869229,0.752109,0.89225
0.9732,0.962101,0.96799,0.906595,0.913965,0.88134,0.698289,0.596622,0.824902,0.619814,0.861797,0.905239,0.970059,0.960848,0.876566,0.905778,0.962976,0.835515,0.948229,0.923887,0.939228,0.870753,0.922787,1,0.804103,0.86633,0.948562,0.867834,0.730358,0.741166,0.335083,0.771855,0.898645,0.928081,0.759347,0.72481,0.65548,0.880614,0.93994,0.915328,0.493837,0.859155,0.964722,0.966475,0.971013,0.924982,0.915873,0.925558,0.736134,0.636143,0.820529,0.730542,0.862616,0.925082,0.951782,0.96423,0.852961,0.922721,0.955872,0.779668,0.687479,0.91572,0.927645,0.943446,0.952419,0.816211,0.89237,0.978184,0.779115,0.879406,0.91129,0.781158,0.717585,0.746268,0.804857,0.902816,0.904873,0.766926,0.61883,0.424882,0.870726,0.961549,0.927081,0.770129,0.920304
0.78252,0.756237,0.819321,0.776936,0.747569,0.667954,0.491483,0.440488,0.61159,0.617979,0.766174,0.75237,0.814261,0.774093,0.750286,0.78601,0.820964,0.735694,0.724234,0.72876,0.740351,0.672989,0.79131,0.804103,1,0.721828,0.771161,0.718284,0.713334,0.660743,0.269213,0.688356,0.724969,0.781932,0.580866,0.675164,0.588941,0.677854,0.806093,0.789051,0.428707,0.729707,0.751946,0.764529,0.746909,0.714345,0.666472,0.740204,0.6051,0.555272,0.538899,0.707033,0.777786,0.761934,0.769371,0.742833,0.685278,0.762787,0.759964,0.587415,0.541238,0.776752,0.739823,0.763531,0.769036,0.705519,0.782598,0.770093,0.764823,0.723079,0.78466,0.718184,0.706656,0.676658,0.686313,0.77309,0.791503,0.549742,0.577992,0.28153,0.714218,0.788648,0.800107,0.724853,0.797776
0.873902,0.858071,0.876442,0.847471,0.839212,0.775424,0.555424,0.638764,0.697436,0.643631,0.83337,0.87805,0.874752,0.886453,0.885622,0.885665,0.877319,0.799759,0.876931,0.911436,0.884181,0.834891,0.836044,0.86633,0.721828,1,0.873428,0.81032,0.769427,0.738653,0.504302,0.760027,0.828561,0.869607,0.734385,0.712496,0.667655,0.759886,0.891331,0.890581,0.497008,0.822437,0.798513,0.841465,0.831313,0.828796,0.818663,0.738108,0.670027,0.512433,0.763648,0.704908,0.808441,0.83744,0.879179,0.867048,0.763911,0.863608,0.858669,0.663128,0.609643,0.815748,0.850322,0.881595,0.896877,0.801733,0.807418,0.84953,0.662544,0.79111,0.905225,0.815029,0.776162,0.730854,0.616014,0.884333,0.894644,0.704028,0.692221,0.431162,0.750482,0.860566,0.877545,0.610564,0.78682
0.957579,0.937935,0.953723,0.89234,0.88436,0.824574,0.67122,0.614382,0.832262,0.623136,0.868738,0.866684,0.92517,0.9522,0.88936,0.898603,0.946479,0.837021,0.928068,0.930646,0.94315,0.88568,0.869096,0.948562,0.771161,0.873428,1,0.846707,0.740615,0.729322,0.324258,0.821561,0.938978,0.919503,0.785503,0.750619,0.731241,0.874537,0.943383,0.927144,0.529517,0.858348,0.92677,0.910599,0.938315,0.926869,0.866835,0.83257,0.784922,0.596194,0.82071,0.744209,0.84632,0.874784,0.914246,0.959299,0.797602,0.90562,0.932036,0.76234,0.605321,0.878548,0.91187,0.938229,0.93172,0.814389,0.86773,0.946609,0.719231,0.806606,0.936268,0.816641,0.756354,0.721804,0.826007,0.918107,0.876212,0.826891,0.605263,0.425284,0.847931,0.91908,0.935602,0.689548,0.867245
0.878387,0.852678,0.874839,0.81091,0.77438,0.719785,0.577277,0.691073,0.736522,0.633014,0.779153,0.828867,0.876306,0.884817,0.719388,0.828993,0.881653,0.725587,0.840211,0.865622,0.872536,0.810999,0.868073,0.867834,0.718284,0.81032,0.846707,1,0.716452,0.690745,0.257482,0.727591,0.827627,0.83501,0.610222,0.707013,0.657963,0.772293,0.848685,0.826625,0.454243,0.745216,0.865467,0.861866,0.880195,0.839535,0.819236,0.738637,0.63258,0.512213,0.621577,0.715746,0.808583,0.796733,0.849993,0.892899,0.809496,0.839603,0.861805,0.673095,0.62411,0.774945,0.895525,0.897273,0.873286,0.796741,0.798979,0.874433,0.729556,0.80267,0.836804,0.724948,0.759406,0.736867,0.724775,0.833699,0.819296,0.6806,0.665044,0.529054,0.844514,0.861405,0.81285,0.63907,0.834269
0.7117,0.713568,0.743749,0.688585,0.742495,0.63182,0.364583,0.494249,0.512632,0.552185,0.745763,0.742448,0.779987,0.745495,0.734217,0.796399,0.779836,0.604633,0.713271,0.764949,0.742496,0.659514,0.747467,0.730358,0.713334,0.769427,0.740615,0.716452,1,0.707464,0.39627,0.646559,0.749344,0.78121,0.596801,0.597183,0.548073,0.682914,0.790062,0.814311,0.303927,0.760019,0.728184,0.773169,0.731846,0.711328,0.675809,0.640861,0.579435,0.376963,0.549632,0.627401,0.764424,0.749677,0.799937,0.768705,0.665314,0.82843,0.792474,0.651677,0.582711,0.756205,0.758544,0.786289,0.792442,0.680008,0.678646,0.700103,0.592533,0.588576,0.740568,0.705188,0.725976,0.619975,0.634966,0.800151,0.798261,0.626606,0.545483,0.391266,0.677712,0.742648,0.790412,0.50992,0.714112
0.689336,0.677253,0.733346,0.71854,0.734834,0.682388,0.53059,0.450682,0.513398,0.363959,0.644897,0.718425,0.753855,0.694206,0.675023,0.727848,0.729473,0.545754,0.730675,0.757938,0.744591,0.658155,0.637731,0.741166,0.660743,0.738653,0.729322,0.690745,0.707464,1,0.246212,0.663866,0.691273,0.732323,0.657995,0.561155,0.650418,0.681224,0.762483,0.715895,0.262803,0.803528,0.68737,0.717544,0.726261,0.756651,0.703589,0.668995,0.481015,0.44008,0.690669,0.460017,0.573784,0.749913,0.735725,0.723088,0.692638,0.757675,0.727125,0.482603,0.399219,0.702643,0.715637,0.739049,0.751362,0.624217,0.619309,0.739121,0.627477,0.516008,0.747283,0.698082,0.608479,0.48895,0.575048,0.728222,0.776848,0.534416,0.524849,0.355083,0.563169,0.745829,0.736275,0.438076,0.585055
0.321556,0.303677,0.328763,0.316008,0.335964,0.237439,0.417696,0.349669,0.288483,0.485841,0.473706,0.477992,0.367709,0.331171,0.58038,0.440986,0.403238,0.290453,0.348745,0.456936,0.40729,0.377497,0.323172,0.335083,0.269213,0.504302,0.324258,0.257482,0.39627,0.246212,1,0.456193,0.304088,0.361184,0.417671,0.309604,0.321932,0.245562,0.420747,0.411702,0.414836,0.473713,0.25671,0.291626,0.293326,0.314892,0.416065,0.38184,0.194331,0.0953497,0.442643,0.335663,0.370034,0.413323,0.449598,0.385823,0.218142,0.42903,0.362675,0.328283,0.419813,0.279753,0.357716,0.41277,0.420892,0.456653,0.364199,0.297898,0.0779094,0.422372,0.380165,0.335168,0.404493,0.377929,0.190858,0.413074,0.453289,0.209653,0.449678,0.0399617,0.225776,0.403638,0.364852,0.233828,0.308032
0.761602,0.725671,0.802225,0.782575,0.709689,0.619273,0.608055,0.631525,0.643577,0.605681,0.78955,0.764604,0.770034,0.782062,0.812352,0.799079,0.82717,0.690987,0.755348,0.810037,0.811381,0.780892,0.722275,0.771855,0.688356,0.760027,0.821561,0.727591,0.646559,0.663866,0.456193,1,0.821783,0.779419,0.721537,0.636316,0.664118,0.699078,0.796492,0.82131,0.603375,0.770019,0.747641,0.7272,0.773763,0.795138,0.832463,0.710944,0.685242,0.48269,0.754496,0.673859,0.741798,0.768617,0.791471,0.807432,0.604393,0.758227,0.779774,0.615418,0.588002,0.760771,0.757863,0.832084,0.811733,0.739845,0.69723,0.773538,0.580944,0.740083,0.806678,0.688446,0.674746,0.629378,0.623298,0.774684,0.748227,0.666813,0.597498,0.44971,0.695201,0.765172,0.791195,0.537895,0.693827
0.907249,0.886136,0.915216,0.845379,0.838004,0.758093,0.622415,0.629682,0.839626,0.576618,0.808105,0.895205,0.907297,0.926726,0.86558,0.833254,0.910804,0.831082,0.883216,0.870974,0.896614,0.835584,0.832413,0.898645,0.724969,0.828561,0.938978,0.827627,0.749344,0.691273,0.304088,0.821783,1,0.871586,0.787779,0.742686,0.653386,0.835036,0.89395,0.884907,0.542739,0.824935,0.907232,0.887703,0.91974,0.907067,0.844764,0.780395,0.819357,0.593964,0.770877,0.705708,0.828508,0.868629,0.905377,0.914218,0.767669,0.852251,0.917402,0.778813,0.691234,0.875125,0.898058,0.915483,0.898389,0.81236,0.800738,0.917729,0.701288,0.783474,0.855483,0.778198,0.709385,0.75383,0.806945,0.887864,0.826989,0.84931,0.545206,0.441771,0.810667,0.860114,0.885879,0.65088,0.834514
0.928008,0.901865,0.930389,0.864649,0.873336,0.808532,0.690824,0.654942,0.769414,0.612774,0.836244,0.848999,0.91532,0.935526,0.868412,0.927019,0.927371,0.81747,0.934064,0.924749,0.946957,0.87326,0.917774,0.928081,0.781932,0.869607,0.919503,0.83501,0.78121,0.732323,0.361184,0.779419,0.871586,1,0.751278,0.770241,0.730077,0.855211,0.950201,0.932854,0.555786,0.837824,0.890825,0.889777,0.916,0.919292,0.868267,0.81696,0.738246,0.642482,0.779453,0.718162,0.830421,0.909689,0.924053,0.91887,0.771852,0.905971,0.9154,0.702932,0.631478,0.863805,0.892139,0.949906,0.93725,0.839619,0.872649,0.918175,0.720614,0.812417,0.935636,0.79509,0.801092,0.732351,0.769172,0.897528,0.917716,0.786128,0.624167,0.376482,0.852895,0.940326,0.917049,0.641124,0.854595
0.73755,0.690512,0.745636,0.746164,0.791449,0.69268,0.705713,0.474953,0.631203,0.478646,0.676962,0.760925,0.766205,0.757702,0.799738,0.695577,0.763069,0.651674,0.808213,0.795142,0.795401,0.741721,0.602947,0.759347,0.580866,0.734385,0.785503,0.610222,0.596801,0.657995,0.417671,0.721537,0.787779,0.751278,1,0.510294,0.619311,0.609627,0.771052,0.767446,0.490311,0.814502,0.668361,0.674116,0.733105,0.77663,0.763143,0.64961,0.557202,0.439304,0.766082,0.4384,0.600073,0.776477,0.76944,0.756279,0.540829,0.717231,0.726818,0.669282,0.519492,0.715023,0.733432,0.769011,0.799917,0.74621,0.663485,0.760329,0.4977,0.67663,0.785491,0.657025,0.553976,0.491617,0.604293,0.774643,0.781722,0.772707,0.480288,0.42557,0.602676,0.766721,0.70895,0.364048,0.637836
0.777515,0.718738,0.738865,0.731552,0.642284,0.619594,0.498969,0.676674,0.733634,0.466464,0.672237,0.703133,0.701386,0.759838,0.783851,0.707829,0.71994,0.752122,0.709636,0.744435,0.744939,0.672774,0.765681,0.72481,0.675164,0.712496,0.750619,0.707013,0.597183,0.561155,0.309604,0.636316,0.742686,0.770241,0.510294,1,0.699456,0.739881,0.825521,0.753082,0.543043,0.671218,0.711344,0.667224,0.701851,0.753868,0.635618,0.640195,0.67653,0.572572,0.554877,0.595606,0.62126,0.660075,0.695417,0.747909,0.764162,0.686063,0.687764,0.548822,0.494688,0.67458,0.6999,0.745576,0.723176,0.709717,0.800218,0.751834,0.566153,0.67475,0.746946,0.728364,0.673307,0.769537,0.678977,0.725128,0.718268,0.659221,0.501088,0.169036,0.675984,0.694735,0.739035,0.573833,0.675811
0.709368,0.605222,0.723722,0.695332,0.60561,0.572761,0.643899,0.678899,0.557733,0.561453,0.678616,0.60036,0.646707,0.704054,0.685101,0.650319,0.724723,0.566191,0.714311,0.806318,0.774442,0.735757,0.577055,0.65548,0.588941,0.667655,0.731241,0.657963,0.548073,0.650418,0.321932,0.664118,0.653386,0.730077,0.619311,0.699456,1,0.663315,0.76082,0.695232,0.497178,0.683753,0.627451,0.557943,0.680704,0.736235,0.649903,0.511954,0.575238,0.421078,0.672587,0.545443,0.5407,0.633555,0.648124,0.685148,0.567878,0.631887,0.639211,0.421772,0.22895,0.594543,0.666963,0.757574,0.720462,0.726039,0.665935,0.690466,0.54463,0.58389,0.750756,0.530548,0.742363,0.583863,0.639336,0.72942,0.694941,0.644273,0.601385,0.35457,0.590223,0.677385,0.716844,0.387811,0.556513
0.892795,0.890985,0.863272,0.757386,0.776996,0.766759,0.615075,0.604381,0.78634,0.470514,0.726385,0.828373,0.872044,0.872654,0.797984,0.799851,0.851844,0.722864,0.860795,0.841004,0.86955,0.708279,0.837048,0.880614,0.677854,0.759886,0.874537,0.772293,0.682914,0.681224,0.245562,0.699078,0.835036,0.855211,0.609627,0.739881,0.663315,1,0.909445,0.844204,0.394437,0.75261,0.90881,0.882774,0.885768,0.848032,0.815251,0.799138,0.748189,0.695965,0.75439,0.632738,0.760481,0.879469,0.868825,0.866946,0.78996,0.81736,0.865068,0.74517,0.616802,0.793205,0.870574,0.856096,0.853383,0.671888,0.825107,0.883681,0.592133,0.709299,0.797195,0.736006,0.684918,0.772649,0.790362,0.878835,0.83765,0.732415,0.579336,0.337296,0.834095,0.866616,0.89518,0.624949,0.784543
0.953277,0.917197,0.946141,0.872314,0.88348,0.813612,0.706939,0.678863,0.818094,0.626167,0.853827,0.897271,0.937981,0.939808,0.92328,0.907548,0.9442,0.807415,0.943313,0.950326,0.962111,0.841834,0.897052,0.93994,0.806093,0.891331,0.943383,0.848685,0.790062,0.762483,0.420747,0.796492,0.89395,0.950201,0.771052,0.825521,0.76082,0.909445,1,0.934616,0.511909,0.879025,0.909299,0.901968,0.923594,0.916885,0.865086,0.834794,0.748907,0.682481,0.789081,0.707308,0.824286,0.922002,0.935818,0.945273,0.821648,0.911429,0.920594,0.755191,0.637338,0.853234,0.918304,0.945014,0.953503,0.842173,0.912932,0.938765,0.681274,0.819978,0.931197,0.856482,0.790934,0.796906,0.820905,0.954071,0.937288,0.790268,0.645904,0.363229,0.865497,0.951717,0.937928,0.653896,0.840673
0.9056,0.891579,0.906219,0.857218,0.881294,0.809992,0.635556,0.593454,0.799932,0.660527,0.865384,0.846855,0.920605,0.917724,0.875476,0.91822,0.924745,0.811895,0.894187,0.925128,0.913919,0.862348,0.865293,0.915328,0.789051,0.890581,0.927144,0.826625,0.814311,0.715895,0.411702,0.82131,0.884907,0.932854,0.767446,0.753082,0.695232,0.844204,0.934616,1,0.570623,0.868641,0.864119,0.87779,0.887888,0.876363,0.864631,0.833941,0.739357,0.599782,0.810355,0.750346,0.860789,0.894909,0.924398,0.927642,0.772878,0.913702,0.917347,0.741288,0.642221,0.897974,0.891247,0.938467,0.946457,0.825692,0.90039,0.904485,0.702555,0.83099,0.901733,0.796783,0.788485,0.702277,0.750566,0.919488,0.909276,0.81174,0.631073,0.386815,0.824166,0.923024,0.920994,0.609975,0.866788
0.524293,0.429292,0.49064,0.515969,0.336412,0.318512,0.533661,0.640911,0.490954,0.398579,0.428069,0.464507,0.454227,0.565568,0.557405,0.451889,0.495427,0.50082,0.495457,0.523142,0.510831,0.541433,0.489085,0.493837,0.428707,0.497008,0.529517,0.454243,0.303927,0.262803,0.414836,0.603375,0.542739,0.555786,0.490311,0.543043,0.497178,0.394437,0.511909,0.570623,1,0.428362,0.449714,0.361435,0.48312,0.564683,0.499367,0.464797,0.556512,0.478278,0.56432,0.546605,0.434176,0.458543,0.469544,0.528659,0.382745,0.355198,0.454312,0.390846,0.39048,0.488639,0.454613,0.532817,0.516109,0.492097,0.567615,0.515217,0.29837,0.57937,0.538107,0.387889,0.470567,0.517427,0.361109,0.468797,0.458974,0.515285,0.3095,0.142344,0.411637,0.472441,0.45688,0.341141,0.520562
0.83006,0.81886,0.869497,0.836883,0.861227,0.768418,0.67103,0.497426,0.731865,0.610237,0.843475,0.843047,0.881879,0.814767,0.850734,0.845551,0.890771,0.742984,0.84767,0.867765,0.857189,0.775584,0.743634,0.859155,0.729707,0.822437,0.858348,0.745216,0.760019,0.803528,0.473713,0.770019,0.824935,0.837824,0.814502,0.671218,0.683753,0.75261,0.879025,0.868641,0.428362,1,0.793777,0.808373,0.832565,0.826022,0.851345,0.800297,0.602994,0.499122,0.770591,0.596953,0.747348,0.869932,0.88157,0.865877,0.742938,0.877104,0.858397,0.718325,0.57666,0.810765,0.801571,0.88212,0.888276,0.846274,0.797288,0.841172,0.693759,0.737667,0.821341,0.733342,0.698854,0.583531,0.750311,0.861358,0.883487,0.736446,0.619421,0.39446,0.719552,0.874946,0.834427,0.577498,0.742932
0.958339,0.947857,0.946551,0.853701,0.853384,0.824239,0.643146,0.611966,0.826493,0.567587,0.809689,0.886324,0.941212,0.939672,0.823835,0.844274,0.934096,0.804397,0.910591,0.877312,0.90625,0.823427,0.914017,0.964722,0.751946,0.798513,0.92677,0.865467,0.728184,0.68737,0.25671,0.747641,0.907232,0.890825,0.668361,0.711344,0.627451,0.90881,0.909299,0.864119,0.449714,0.793777,1,0.963835,0.975856,0.912416,0.894657,0.888652,0.769857,0.645761,0.774341,0.718854,0.838616,0.900149,0.922218,0.944957,0.838374,0.874862,0.948023,0.80814,0.727597,0.883796,0.915083,0.925513,0.912554,0.758537,0.851195,0.963536,0.739587,0.850909,0.858095,0.765852,0.671998,0.771507,0.825257,0.868221,0.84407,0.759544,0.575777,0.439697,0.875645,0.921264,0.897749,0.765931,0.888462
0.936237,0.961577,0.943603,0.846719,0.878953,0.861153,0.625765,0.54013,0.768811,0.606504,0.845073,0.907848,0.961974,0.934538,0.829726,0.902874,0.942739,0.781037,0.91636,0.886285,0.911045,0.81463,0.905335,0.966475,0.764529,0.841465,0.910599,0.861866,0.773169,0.717544,0.291626,0.7272,0.887703,0.889777,0.674116,0.667224,0.557943,0.882774,0.901968,0.87779,0.361435,0.808373,0.963835,1,0.964215,0.889342,0.889148,0.895176,0.721981,0.605508,0.743198,0.718926,0.889531,0.918662,0.956887,0.941449,0.825721,0.937156,0.969144,0.767855,0.720046,0.898866,0.933848,0.925006,0.933137,0.770091,0.841902,0.946175,0.760758,0.834421,0.844342,0.75397,0.688247,0.74286,0.775886,0.88635,0.873556,0.724456,0.581365,0.440246,0.875004,0.936513,0.912279,0.764994,0.897657
0.960581,0.941713,0.972139,0.864889,0.867957,0.834758,0.710328,0.628091,0.815619,0.600964,0.832799,0.904448,0.956921,0.959941,0.840354,0.882252,0.960825,0.797542,0.949003,0.922537,0.951481,0.85433,0.891045,0.971013,0.746909,0.831313,0.938315,0.880195,0.731846,0.726261,0.293326,0.773763,0.91974,0.916,0.733105,0.701851,0.680704,0.885768,0.923594,0.887888,0.48312,0.832565,0.975856,0.964215,1,0.94826,0.910889,0.883275,0.761349,0.640868,0.804334,0.712071,0.843601,0.927491,0.95491,0.960818,0.793525,0.908783,0.972819,0.770841,0.666847,0.894575,0.946409,0.956547,0.960177,0.808741,0.855655,0.982358,0.766017,0.869461,0.873509,0.757572,0.710241,0.755796,0.81526,0.894868,0.871053,0.775701,0.598663,0.479037,0.871074,0.943862,0.898541,0.728508,0.890757
0.927298,0.885184,0.931478,0.880125,0.830891,0.773587,0.695898,0.639805,0.76976,0.528703,0.782624,0.865434,0.891029,0.935482,0.860088,0.864638,0.916842,0.811145,0.931845,0.907196,0.931094,0.830466,0.863967,0.924982,0.714345,0.828796,0.926869,0.839535,0.711328,0.756651,0.314892,0.795138,0.907067,0.919292,0.77663,0.753868,0.736235,0.848032,0.916885,0.876363,0.564683,0.826022,0.912416,0.889342,0.94826,1,0.860154,0.830146,0.74941,0.613443,0.805705,0.623201,0.760794,0.884255,0.898505,0.933967,0.762318,0.873146,0.906294,0.684987,0.634598,0.857364,0.885464,0.93686,0.923934,0.80115,0.837796,0.949893,0.694558,0.79884,0.890352,0.768073,0.684359,0.703121,0.784179,0.859016,0.858169,0.786369,0.575529,0.459708,0.7825,0.88959,0.868324,0.625772,0.822191
0.887636,0.878279,0.903224,0.869242,0.863443,0.814237,0.743848,0.600893,0.734526,0.617585,0.819699,0.871545,0.918236,0.884485,0.827236,0.855443,0.919651,0.766909,0.911852,0.906472,0.914598,0.864569,0.843885,0.915873,0.666472,0.818663,0.866835,0.819236,0.675809,0.703589,0.416065,0.832463,0.844764,0.868267,0.763143,0.635618,0.649903,0.815251,0.865086,0.864631,0.499367,0.851345,0.894657,0.889148,0.910889,0.860154,1,0.879368,0.677566,0.575256,0.849737,0.66509,0.805756,0.909553,0.91221,0.902429,0.774067,0.860691,0.902222,0.776031,0.698902,0.845955,0.873504,0.921592,0.926289,0.836371,0.790437,0.900749,0.686028,0.863585,0.852437,0.669749,0.708009,0.681916,0.707292,0.852291,0.883844,0.714454,0.703815,0.566366,0.839851,0.912469,0.838778,0.644948,0.820821
0.876287,0.888391,0.873895,0.825686,0.855509,0.840478,0.658739,0.447396,0.758119,0.583728,0.815187,0.792441,0.890967,0.846054,0.790049,0.841591,0.878211,0.742115,0.834288,0.808218,0.825387,0.768396,0.86014,0.925558,0.740204,0.738108,0.83257,0.738637,0.640861,0.668995,0.38184,0.710944,0.780395,0.81696,0.64961,0.640195,0.511954,0.799138,0.834794,0.833941,0.464797,0.800297,0.888652,0.895176,0.883275,0.830146,0.879368,1,0.647095,0.591593,0.78074,0.68191,0.820061,0.848802,0.879506,0.88344,0.810666,0.858834,0.891898,0.724469,0.669559,0.868287,0.823676,0.837826,0.862855,0.71648,0.849042,0.895978,0.734799,0.83691,0.785135,0.660096,0.621376,0.617508,0.721483,0.77493,0.830073,0.636495,0.563505,0.316061,0.788127,0.885317,0.806522,0.744208,0.882892
0.792662,0.725152,0.759525,0.665862,0.641137,0.577408,0.4717,0.577145,0.735942,0.397965,0.641707,0.692092,0.72171,0.804251,0.720761,0.633092,0.719671,0.755521,0.709655,0.680223,0.716002,0.642366,0.738471,0.736134,0.6051,0.670027,0.784922,0.63258,0.579435,0.481015,0.194331,0.685242,0.819357,0.738246,0.557202,0.67653,0.575238,0.748189,0.748907,0.739357,0.556512,0.602994,0.769857,0.721981,0.761349,0.74941,0.677566,0.647095,1,0.73396,0.653055,0.654297,0.713284,0.730255,0.723823,0.748542,0.634549,0.627004,0.755101,0.691422,0.495507,0.716979,0.693738,0.741301,0.725439,0.559556,0.727352,0.761955,0.599799,0.669312,0.716025,0.618078,0.579742,0.730192,0.714102,0.752238,0.611458,0.745709,0.430839,0.325423,0.694119,0.713263,0.736525,0.601395,0.693703
0.669693,0.608037,0.637344,0.533197,0.49358,0.455883,0.536798,0.507168,0.632342,0.296311,0.455155,0.59085,0.638909,0.650267,0.606751,0.498046,0.586934,0.560621,0.673686,0.563729,0.619844,0.44013,0.627588,0.636143,0.555272,0.512433,0.596194,0.512213,0.376963,0.44008,0.0953497,0.48269,0.593964,0.642482,0.439304,0.572572,0.421078,0.695965,0.682481,0.599782,0.478278,0.499122,0.645761,0.605508,0.640868,0.613443,0.575256,0.591593,0.73396,1,0.528244,0.488817,0.51935,0.680632,0.60167,0.59528,0.559268,0.488612,0.604685,0.570679,0.463731,0.528843,0.57394,0.604921,0.631577,0.486909,0.714294,0.669077,0.473332,0.589189,0.569676,0.584614,0.450314,0.655057,0.661702,0.675041,0.5721,0.55908,0.374547,0.173721,0.660566,0.67292,0.58295,0.411523,0.567083
0.79844,0.759129,0.786353,0.782828,0.807818,0.789342,0.719494,0.527473,0.693655,0.477076,0.715667,0.743929,0.777427,0.803971,0.789543,0.72239,0.780762,0.695915,0.812685,0.839895,0.816671,0.833318,0.681839,0.820529,0.538899,0.763648,0.82071,0.621577,0.549632,0.690669,0.442643,0.754496,0.770877,0.779453,0.766082,0.554877,0.672587,0.75439,0.789081,0.810355,0.56432,0.770591,0.774341,0.743198,0.804334,0.805705,0.849737,0.78074,0.653055,0.528244,1,0.578078,0.649247,0.803639,0.796865,0.817657,0.6778,0.724487,0.782609,0.619653,0.505691,0.803837,0.741098,0.800809,0.81778,0.668629,0.700582,0.813517,0.505226,0.703698,0.791517,0.596562,0.572188,0.545323,0.604215,0.759344,0.76379,0.706226,0.581388,0.370828,0.649017,0.794453,0.807796,0.523028,0.675152
0.775512,0.769937,0.755163,0.657406,0.62358,0.63195,0.415117,0.658991,0.569095,0.823909,0.838175,0.636061,0.736654,0.776812,0.64013,0.771323,0.779148,0.636305,0.660621,0.711947,0.701603,0.735651,0.74144,0.730542,0.707033,0.704908,0.744209,0.715746,0.627401,0.460017,0.335663,0.673859,0.705708,0.718162,0.4384,0.595606,0.545443,0.632738,0.707308,0.750346,0.546605,0.596953,0.718854,0.718926,0.712071,0.623201,0.66509,0.68191,0.654297,0.488817,0.578078,1,0.904009,0.641004,0.737331,0.739305,0.67403,0.686408,0.772547,0.591049,0.499491,0.700556,0.702986,0.734924,0.710953,0.663163,0.744564,0.697054,0.689096,0.693477,0.733199,0.545305,0.784802,0.699475,0.655151,0.727598,0.669184,0.546969,0.536,0.194633,0.736303,0.719034,0.758018,0.66632,0.811174
0.868864,0.89815,0.873975,0.778298,0.807073,0.786623,0.510687,0.571294,0.670527,0.820624,0.922757,0.799511,0.891312,0.885428,0.767314,0.903571,0.903951,0.754869,0.799593,0.820043,0.825776,0.787254,0.857393,0.862616,0.777786,0.808441,0.84632,0.808583,0.764424,0.573784,0.370034,0.741798,0.828508,0.830421,0.600073,0.62126,0.5407,0.760481,0.824286,0.860789,0.434176,0.747348,0.838616,0.889531,0.843601,0.760794,0.805756,0.820061,0.713284,0.51935,0.649247,0.904009,1,0.817384,0.900777,0.865977,0.767854,0.87069,0.911573,0.70317,0.64149,0.848559,0.841216,0.865042,0.855403,0.775575,0.823731,0.821265,0.768581,0.770798,0.806442,0.637935,0.79693,0.709383,0.744115,0.853238,0.819116,0.660723,0.614688,0.340548,0.854837,0.861498,0.873688,0.709376,0.896512
