1,0.912539,0.917978,0.861669,0.828079,0.771869,0.623504,0.57207,0.68556,0.824708,0.806622,0.705894,0.86702,0.927359,0.750089,0.886483,0.903746,0.594817,0.54371,0.813702,0.74891,0.787893,0.821019,0.878836,0.612413,0.712552,0.764585,0.742425,0.345937,0.461462,0.259248,0.558584,0.604413,0.673829,0.5495,0.637895,0.421616,0.605476,0.807546,0.800789,0.401533,0.651676,0.902455,0.880095,0.938304,0.783651,0.839182,0.76579,0.534228,0.423355,0.758885,0.816414,0.873795,0.790663,0.920556,0.90854,0.731038,0.919,0.88508,0.38628,0.427074,0.811675,0.716635,0.843388,0.878472,0.731326,0.770244,0.896564,0.592603,0.768216,0.897186,0.709268,0.666363,0.405893,0.660211,0.834019,0.728524,0.537142,0.434318,0.195344,0.708938,0.845753,0.832126,0.475834,0.702759
0.912539,1,0.87699,0.91971,0.841588,0.774254,0.645557,0.550346,0.625526,0.743333,0.72765,0.808399,0.86871,0.918256,0.746839,0.827365,0.838171,0.57645,0.521434,0.777087,0.703203,0.685484,0.748238,0.833752,0.560123,0.68101,0.694694,0.658704,0.290924,0.380318,0.2017,0.538661,0.477794,0.547539,0.362775,0.555258,0.290047,0.631694,0.737551,0.708379,0.266421,0.591082,0.890572,0.914162,0.885786,0.768495,0.87137,0.768874,0.480735,0.390187,0.705025,0.744282,0.856831,0.78007,0.866275,0.884032,0.779172,0.864206,0.894749,0.326432,0.378503,0.66416,0.669804,0.788009,0.80501,0.586399,0.81167,0.831131,0.449096,0.736146,0.797669,0.684014,0.659814,0.388251,0.566265,0.792793,0.648529,0.413163,0.372373,0.178317,0.602501,0.776218,0.702785,0.430363,0.601138
0.917978,0.87699,1,0.864229,0.675697,0.621783,0.574323,0.395335,0.502028,0.756812,0.852989,0.632617,0.84246,0.854192,0.628353,0.814483,0.909879,0.412584,0.321691,0.676009,0.575993,0.585845,0.637494,0.692948,0.501072,0.621003,0.611245,0.571889,0.0881183,0.391119,0.202798,0.391486,0.500369,0.487248,0.330719,0.516374,0.363642,0.496875,0.681707,0.697728,0.221662,0.529927,0.901375,0.921024,0.948346,0.865564,0.774566,0.622333,0.557876,0.299718,0.627982,0.811005,0.888163,0.794953,0.870905,0.829332,0.570992,0.868688,0.910988,0.163842,0.381771,0.666917,0.590256,0.704492,0.749385,0.636513,0.628574,0.731033,0.465238,0.6478,0.766534,0.563222,0.570921,0.457784,0.505962,0.72429,0.5714,0.425899,0.275613,0.0914482,0.52898,0.712668,0.722631,0.375764,0.533809
0.861669,0.91971,0.864229,1,0.71878,0.672791,0.583874,0.469073,0.597495,0.735355,0.753492,0.73623,0.831747,0.839212,0.694113,0.73321,0.815985,0.465656,0.431216,0.625369,0.610023,0.582424,0.613125,0.71061,0.47085,0.542115,0.523958,0.534659,0.17505,0.265247,0.0513113,0.479166,0.415422,0.452452,0.318455,0.485283,0.25218,0.531174,0.603941,0.590202,0.180261,0.455067,0.849706,0.88695,0.844413,0.791722,0.777822,0.673154,0.385161,0.433678,0.628343,0.75732,0.900627,0.74046,0.827679,0.832796,0.716565,0.787894,0.853259,0.270846,0.419641,0.599684,0.595596,0.685524,0.730796,0.558574,0.709895,0.740157,0.366372,0.655491,0.666074,0.579039,0.520395,0.26818,0.443635,0.746547,0.502892,0.353399,0.35725,0.163917,0.490139,0.659713,0.571341,0.318982,0.481378
0.828079,0.841588,0.675697,0.71878,1,0.817356,0.637678,0.660425,0.625302,0.625044,0.587672,0.70397,0.790231,0.870457,0.808551,0.77578,0.727451,0.705515,0.694827,0.837981,0.844688,0.716574,0.861403,0.902482,0.653578,0.765783,0.823759,0.809507,0.576027,0.555132,0.332019,0.618647,0.576181,0.708533,0.506694,0.699446,0.398498,0.708388,0.79483,0.798166,0.421475,0.712152,0.761982,0.72434,0.784042,0.553607,0.830768,0.855407,0.40916,0.420457,0.827166,0.683118,0.687033,0.724274,0.786095,0.814225,0.806309,0.802515,0.759781,0.508312,0.382796,0.758146,0.776575,0.867404,0.858097,0.648827,0.869392,0.880518,0.590216,0.825728,0.841339,0.753683,0.668082,0.412031,0.711258,0.793522,0.766274,0.484278,0.510153,0.306972,0.684902,0.82866,0.74035,0.607813,0.761975
0.771869,0.774254,0.621783,0.672791,0.817356,1,0.686882,0.65962,0.565659,0.619673,0.47597,0.679855,0.693258,0.840775,0.814952,0.68789,0.623588,0.743137,0.727163,0.768585,0.79029,0.688047,0.849825,0.891914,0.53024,0.761358,0.844324,0.750348,0.620959,0.520331,0.17092,0.553259,0.583784,0.742769,0.499575,0.538544,0.258972,0.632957,0.794146,0.764081,0.41102,0.613052,0.718767,0.588698,0.675417,0.492067,0.799063,0.86311,0.396564,0.560052,0.765971,0.561093,0.625853,0.669785,0.698456,0.763044,0.791915,0.721398,0.671119,0.524235,0.443024,0.776589,0.607245,0.768159,0.796498,0.730683,0.870516,0.890592,0.63576,0.812398,0.812924,0.80486,0.676816,0.29565,0.618885,0.713668,0.733886,0.624747,0.508121,0.127166,0.760013,0.828655,0.736799,0.579304,0.751619
0.623504,0.645557,0.574323,0.583874,0.637678,0.686882,1,0.685159,0.434985,0.479333,0.521556,0.383185,0.519328,0.68538,0.677245,0.491175,0.553414,0.424659,0.615861,0.602904,0.727811,0.50365,0.68396,0.717173,0.377096,0.694001,0.700481,0.637189,0.47797,0.424338,0.355968,0.502169,0.563267,0.591143,0.444887,0.518876,0.222489,0.581272,0.588436,0.542943,0.137441,0.589255,0.61904,0.513444,0.615058,0.476088,0.832044,0.746924,0.497239,0.625634,0.644108,0.444082,0.471447,0.402743,0.574505,0.636977,0.660371,0.582406,0.530399,0.334068,0.408763,0.622661,0.574859,0.625213,0.661398,0.624679,0.701329,0.744033,0.36335,0.612782,0.644675,0.649702,0.586134,0.438922,0.500655,0.621214,0.704395,0.430163,0.436329,0.349242,0.550449,0.620971,0.576146,0.523596,0.681263
0.57207,0.550346,0.395335,0.469073,0.660425,0.65962,0.685159,1,0.542117,0.485842,0.351802,0.491717,0.369182,0.605442,0.640061,0.463321,0.39075,0.51928,0.569774,0.60934,0.665288,0.529638,0.652773,0.679307,0.505176,0.533193,0.658144,0.65881,0.644473,0.396663,0.269175,0.618086,0.451463,0.621957,0.46108,0.516904,0.27562,0.638985,0.50452,0.536577,0.373878,0.587373,0.512932,0.401703,0.463797,0.289749,0.648981,0.694957,0.307486,0.503552,0.591383,0.408195,0.38748,0.431642,0.513807,0.568779,0.609492,0.492901,0.37292,0.504522,0.412321,0.62944,0.546187,0.658764,0.659474,0.707691,0.630805,0.693668,0.405522,0.653604,0.63267,0.616667,0.437924,0.315857,0.445199,0.601041,0.58621,0.378702,0.445964,0.244282,0.585292,0.532634,0.508932,0.495114,0.600777
0.68556,0.625526,0.502028,0.597495,0.625302,0.565659,0.434985,0.542117,1,0.673546,0.518139,0.528505,0.55927,0.645723,0.628025,0.527939,0.596299,0.663307,0.539916,0.606721,0.693837,0.720501,0.699656,0.717303,0.346431,0.413621,0.524888,0.580701,0.390879,0.253233,0.209645,0.639862,0.436736,0.580176,0.608862,0.628038,0.349985,0.47227,0.580944,0.532632,0.295413,0.464569,0.576597,0.53215,0.556359,0.395732,0.539247,0.555244,0.492885,0.496507,0.615994,0.467936,0.551334,0.3771,0.621998,0.638638,0.593349,0.55494,0.520076,0.351501,0.113102,0.655722,0.557553,0.653863,0.682241,0.507737,0.639504,0.692048,0.295068,0.514957,0.604806,0.56117,0.363751,0.145924,0.542669,0.70502,0.582652,0.485199,0.377635,0.381933,0.592421,0.602978,0.502367,0.172619,0.475579
0.824708,0.743333,0.756812,0.735355,0.625044,0.619673,0.479333,0.485842,0.673546,1,0.773678,0.605249,0.649611,0.736591,0.638699,0.633698,0.701218,0.603195,0.418057,0.584972,0.576491,0.729185,0.658428,0.673339,0.39435,0.408871,0.519671,0.564501,0.188985,0.311174,0.083277,0.462601,0.452944,0.479076,0.479234,0.536975,0.402512,0.475773,0.560547,0.579102,0.284555,0.405247,0.728553,0.734447,0.726299,0.705242,0.637491,0.617268,0.610792,0.426475,0.550269,0.660939,0.710716,0.498656,0.696689,0.756414,0.644357,0.67293,0.658696,0.185604,0.420695,0.67706,0.629812,0.652204,0.697499,0.631666,0.55259,0.709298,0.418376,0.613493,0.711568,0.591966,0.499798,0.236505,0.482087,0.708466,0.461853,0.354768,0.348904,0.169243,0.608208,0.620447,0.615752,0.243127,0.441508
0.806622,0.72765,0.852989,0.753492,0.587672,0.47597,0.521556,0.351802,0.518139,0.773678,1,0.464583,0.71402,0.725129,0.564617,0.655676,0.818518,0.392461,0.373589,0.563039,0.576031,0.55711,0.588664,0.606632,0.466139,0.534896,0.500685,0.571609,0.127461,0.402674,0.295438,0.433381,0.505086,0.450923,0.413083,0.612596,0.506,0.356486,0.568102,0.641861,0.0234643,0.476581,0.816328,0.806176,0.865813,0.847561,0.678933,0.494055,0.469882,0.360044,0.540976,0.780911,0.795877,0.620373,0.816032,0.736356,0.517043,0.710604,0.779756,0.0758274,0.456626,0.612378,0.618065,0.630654,0.688053,0.576641,0.535161,0.640508,0.37787,0.555,0.639227,0.439803,0.357857,0.459641,0.584085,0.624568,0.504911,0.230396,0.271754,0.201144,0.408251,0.617327,0.622503,0.260765,0.473523
0.705894,0.808399,0.632617,0.73623,0.70397,0.679855,0.383185,0.491717,0.528505,0.605249,0.464583,1,0.789732,0.749563,0.695787,0.750899,0.652075,0.551832,0.471146,0.733874,0.599861,0.593995,0.622768,0.680442,0.543882,0.497416,0.516191,0.553867,0.3707,0.193211,-0.0201474,0.546035,0.326216,0.450275,0.311841,0.385959,0.147235,0.639652,0.645258,0.610245,0.355573,0.517026,0.634176,0.729161,0.646756,0.453979,0.675501,0.656074,0.25684,0.191318,0.501962,0.482929,0.685167,0.718859,0.678782,0.767292,0.649532,0.727141,0.654953,0.307769,0.336868,0.489427,0.551739,0.733921,0.694704,0.411407,0.719478,0.632965,0.354305,0.547355,0.666625,0.483624,0.540854,0.203268,0.33975,0.703226,0.471763,0.274419,0.416137,-0.0121374,0.536412,0.634516,0.531737,0.306236,0.431545
0.86702,0.86871,0.84246,0.831747,0.790231,0.693258,0.519328,0.369182,0.55927,0.649611,0.71402,0.789732,1,0.870356,0.718417,0.875539,0.926875,0.542989,0.551838,0.788766,0.736549,0.671415,0.695231,0.772069,0.59924,0.701412,0.642573,0.693887,0.270931,0.376282,0.158546,0.483264,0.561004,0.609689,0.459393,0.545059,0.420943,0.624525,0.82246,0.777228,0.347022,0.669619,0.781246,0.839878,0.865467,0.669881,0.773113,0.695134,0.438439,0.337931,0.724322,0.688473,0.787328,0.793678,0.873686,0.8692,0.640587,0.886362,0.837598,0.253101,0.345224,0.663778,0.678704,0.832713,0.828881,0.554318,0.750347,0.779245,0.472669,0.658705,0.793112,0.600586,0.624851,0.351726,0.578762,0.79779,0.695822,0.458195,0.382212,0.155766,0.611563,0.806647,0.756625,0.464782,0.635763
0.927359,0.918256,0.854192,0.839212,0.870457,0.840775,0.68538,0.605442,0.645723,0.736591,0.725129,0.749563,0.870356,1,0.832668,0.897826,0.865693,0.646322,0.672397,0.89262,0.845511,0.780462,0.858702,0.918498,0.657417,0.790196,0.838396,0.821324,0.442794,0.510907,0.238364,0.614123,0.639403,0.749574,0.563737,0.649708,0.433131,0.739724,0.872318,0.854648,0.418778,0.751902,0.865879,0.845798,0.882149,0.693619,0.901086,0.844238,0.56213,0.471682,0.757562,0.704863,0.812737,0.776192,0.905896,0.938674,0.76529,0.918874,0.869139,0.350525,0.497818,0.758638,0.744052,0.894459,0.915069,0.759603,0.881012,0.920993,0.523145,0.813475,0.916941,0.739657,0.70243,0.465195,0.622042,0.823357,0.795017,0.521795,0.451721,0.238579,0.777435,0.875344,0.834939,0.567679,0.755037
0.750089,0.746839,0.628353,0.694113,0.808551,0.814952,0.677245,0.640061,0.628025,0.638699,0.564617,0.695787,0.718417,0.832668,1,0.706946,0.664295,0.687171,0.752914,0.771009,0.845121,0.679916,0.777505,0.837034,0.515002,0.752574,0.76457,0.792862,0.616655,0.475414,0.122441,0.62255,0.639965,0.72576,0.534953,0.584685,0.26074,0.690848,0.782114,0.750816,0.364685,0.600201,0.727821,0.59734,0.707403,0.530477,0.754119,0.756638,0.532964,0.565256,0.721483,0.542412,0.626458,0.604581,0.711322,0.790988,0.731721,0.730333,0.612946,0.349863,0.525362,0.714837,0.754204,0.809806,0.82321,0.695877,0.852163,0.861919,0.5347,0.776271,0.77339,0.678358,0.627734,0.420155,0.607407,0.747272,0.721408,0.450504,0.631017,0.211296,0.722335,0.802893,0.678776,0.552689,0.6925
0.886483,0.827365,0.814483,0.73321,0.77578,0.68789,0.491175,0.463321,0.527939,0.633698,0.655676,0.750899,0.875539,0.897826,0.706946,1,0.860566,0.50327,0.545646,0.890183,0.73806,0.737393,0.768586,0.820383,0.662586,0.779526,0.771198,0.727056,0.375028,0.427267,0.278295,0.531438,0.613613,0.694694,0.501479,0.582122,0.419439,0.703952,0.866937,0.856408,0.541032,0.776025,0.801072,0.828449,0.863727,0.62034,0.787194,0.699247,0.456204,0.284468,0.64871,0.676662,0.763897,0.793377,0.870627,0.890789,0.613312,0.964325,0.834172,0.2707,0.345625,0.704019,0.687442,0.877992,0.865489,0.647453,0.736819,0.818409,0.571605,0.74515,0.86259,0.618033,0.713789,0.495668,0.591227,0.746427,0.762753,0.453996,0.445712,0.17115,0.718145,0.84745,0.881935,0.57846,0.729193
0.903746,0.838171,0.909879,0.815985,0.727451,0.623588,0.553414,0.39075,0.596299,0.701218,0.818518,0.652075,0.926875,0.865693,0.664295,0.860566,1,0.464452,0.493364,0.743472,0.714593,0.694595,0.685166,0.754433,0.629087,0.678879,0.656658,0.677596,0.214363,0.396761,0.246423,0.539831,0.590854,0.590928,0.508439,0.592223,0.487875,0.549505,0.798123,0.766882,0.290494,0.652739,0.828392,0.866476,0.907726,0.727411,0.789855,0.666342,0.552724,0.326591,0.700909,0.753241,0.819524,0.745052,0.903893,0.868615,0.571601,0.907189,0.861569,0.237642,0.379425,0.695706,0.683443,0.822931,0.818942,0.622839,0.704543,0.784421,0.437044,0.652298,0.823604,0.569102,0.551702,0.398526,0.567111,0.775305,0.683179,0.462119,0.3325,0.192215,0.610958,0.789948,0.784148,0.452794,0.622889
0.594817,0.57645,0.412584,0.465656,0.705515,0.743137,0.424659,0.51928,0.663307,0.603195,0.392461,0.551832,0.542989,0.646322,0.687171,0.50327,0.464452,1,0.651924,0.611773,0.675894,0.638343,0.748352,0.722501,0.418075,0.581734,0.618792,0.697514,0.559909,0.46867,0.120144,0.393277,0.435642,0.577815,0.50979,0.572375,0.283702,0.50302,0.614633,0.615767,0.299233,0.478792,0.543259,0.439862,0.514417,0.435743,0.533274,0.644459,0.424457,0.543299,0.649464,0.413017,0.478233,0.456221,0.525505,0.566274,0.71396,0.510039,0.500997,0.426395,0.278064,0.722284,0.626748,0.632956,0.642583,0.546315,0.649296,0.693151,0.492269,0.639998,0.618481,0.673261,0.527513,0.257525,0.598525,0.604111,0.553263,0.421062,0.307951,0.269519,0.57317,0.623371,0.547197,0.34211,0.538253
0.54371,0.521434,0.321691,0.431216,0.694827,0.727163,0.615861,0.569774,0.539916,0.418057,0.373589,0.471146,0.551838,0.672397,0.752914,0.545646,0.493364,0.651924,1,0.708325,0.867055,0.686879,0.731317,0.794792,0.5957,0.761026,0.761869,0.799181,0.731977,0.465555,0.232151,0.645175,0.731632,0.754645,0.719326,0.581078,0.379556,0.619062,0.729902,0.670328,0.38233,0.620517,0.458664,0.324715,0.458628,0.260774,0.677788,0.71945,0.376303,0.630634,0.64048,0.292603,0.366355,0.36014,0.577659,0.604658,0.603466,0.556056,0.389343,0.377929,0.373393,0.614576,0.726636,0.741628,0.745475,0.563864,0.80599,0.780618,0.332489,0.705032,0.688516,0.681858,0.544248,0.368233,0.56494,0.569347,0.755239,0.465379,0.468916,0.415643,0.702693,0.739212,0.613513,0.668964,0.734377
0.813702,0.777087,0.676009,0.625369,0.837981,0.768585,0.602904,0.60934,0.606721,0.584972,0.563039,0.733874,0.788766,0.89262,0.771009,0.890183,0.743472,0.611773,0.708325,1,0.887395,0.769714,0.874417,0.887656,0.687977,0.808752,0.842575,0.852211,0.611466,0.602731,0.323024,0.651214,0.690339,0.841708,0.670527,0.626604,0.513279,0.813642,0.924386,0.893893,0.579298,0.86778,0.666518,0.66612,0.766176,0.461586,0.804379,0.806551,0.410669,0.40019,0.693015,0.496972,0.602688,0.701434,0.773333,0.865513,0.684297,0.860969,0.707976,0.342036,0.421233,0.758759,0.778741,0.938915,0.925385,0.716669,0.830722,0.868344,0.586426,0.786004,0.898445,0.716742,0.67953,0.525959,0.679929,0.777317,0.867693,0.563689,0.54553,0.33347,0.831709,0.906332,0.863934,0.654501,0.819215
0.74891,0.703203,0.575993,0.610023,0.844688,0.79029,0.727811,0.665288,0.693837,0.576491,0.576031,0.599861,0.736549,0.845511,0.845121,0.73806,0.714593,0.675894,0.867055,0.887395,1,0.778714,0.879134,0.907984,0.660848,0.819237,0.860742,0.897624,0.703339,0.596758,0.367765,0.749428,0.763607,0.865732,0.755262,0.738172,0.527983,0.739696,0.885434,0.852423,0.436423,0.825217,0.636108,0.559308,0.690935,0.39758,0.816207,0.826832,0.502422,0.598837,0.780162,0.482524,0.545401,0.536374,0.74653,0.813723,0.712639,0.770494,0.611883,0.401334,0.446281,0.769176,0.821783,0.916267,0.909579,0.737253,0.879786,0.902771,0.512051,0.782639,0.853775,0.738552,0.609226,0.459978,0.714061,0.814757,0.887985,0.593636,0.580333,0.47415,0.817229,0.886628,0.789756,0.665585,0.84822
0.787893,0.685484,0.585845,0.582424,0.716574,0.688047,0.50365,0.529638,0.720501,0.729185,0.55711,0.593995,0.671415,0.780462,0.679916,0.737393,0.694595,0.638343,0.686879,0.769714,0.778714,1,0.794254,0.826441,0.561613,0.600036,0.714963,0.741582,0.455885,0.435989,0.0997847,0.606789,0.584456,0.656335,0.660161,0.578786,0.386773,0.590502,0.778993,0.72714,0.508788,0.65147,0.609611,0.584129,0.633474,0.444768,0.677028,0.719121,0.563869,0.40808,0.607613,0.496832,0.567698,0.497146,0.708637,0.75372,0.642486,0.745148,0.584429,0.353864,0.393776,0.681786,0.646501,0.775294,0.754189,0.641732,0.670268,0.805024,0.367519,0.642021,0.822587,0.660041,0.544177,0.247042,0.568725,0.705613,0.675537,0.525068,0.363758,0.281325,0.786351,0.777529,0.738953,0.41751,0.663355
0.821019,0.748238,0.637494,0.613125,0.861403,0.849825,0.68396,0.652773,0.699656,0.658428,0.588664,0.622768,0.695231,0.858702,0.777505,0.768586,0.685166,0.748352,0.731317,0.874417,0.879134,0.794254,1,0.94425,0.638411,0.785029,0.876782,0.850204,0.63871,0.582149,0.427297,0.652776,0.658426,0.779803,0.651253,0.691371,0.41828,0.647759,0.845156,0.830081,0.436524,0.781571,0.722947,0.640569,0.72862,0.475681,0.831942,0.834756,0.488149,0.45186,0.782125,0.582547,0.614669,0.593216,0.737297,0.824267,0.851386,0.79089,0.706204,0.505593,0.370745,0.848663,0.746221,0.851736,0.865049,0.718022,0.859678,0.914469,0.599487,0.761981,0.862397,0.811927,0.686988,0.478931,0.749322,0.765826,0.837407,0.615417,0.513431,0.406378,0.795975,0.866975,0.815374,0.566331,0.852951
0.878836,0.833752,0.692948,0.71061,0.902482,0.891914,0.717173,0.679307,0.717303,0.673339,0.606632,0.680442,0.772069,0.918498,0.837034,0.820383,0.754433,0.722501,0.794792,0.887656,0.907984,0.826441,0.94425,1,0.670116,0.822135,0.92044,0.869706,0.642788,0.56142,0.373006,0.701281,0.71157,0.799221,0.676389,0.723263,0.371956,0.692311,0.87644,0.837431,0.440796,0.742491,0.779891,0.69263,0.776151,0.543201,0.877261,0.883089,0.508473,0.551117,0.817375,0.647042,0.704642,0.662463,0.825091,0.849204,0.816005,0.85227,0.753755,0.533243,0.392618,0.819413,0.772702,0.893015,0.903545,0.731772,0.915043,0.967692,0.585112,0.818241,0.91517,0.825931,0.69779,0.393127,0.704522,0.82524,0.848336,0.622438,0.526989,0.343748,0.813987,0.899644,0.832708,0.603078,0.838093
0.612413,0.560123,0.501072,0.47085,0.653578,0.53024,0.377096,0.505176,0.346431,0.39435,0.466139,0.543882,0.59924,0.657417,0.515002,0.662586,0.629087,0.418075,0.5957,0.687977,0.660848,0.561613,0.638411,0.670116,1,0.578155,0.659616,0.655741,0.529071,0.466223,0.368175,0.617352,0.526951,0.491061,0.505823,0.482687,0.36179,0.445929,0.67566,0.670747,0.293534,0.658246,0.520425,0.519824,0.544319,0.316631,0.649068,0.599911,0.27387,0.155054,0.552178,0.425629,0.548472,0.53093,0.60613,0.666502,0.548483,0.685814,0.536652,0.47961,0.418552,0.50533,0.641919,0.727571,0.665671,0.517576,0.642539,0.648479,0.32539,0.549718,0.715551,0.466704,0.354905,0.414048,0.405666,0.609736,0.544727,0.389961,0.227175,0.278834,0.568345,0.633598,0.578538,0.522018,0.624415
0.712552,0.68101,0.621003,0.542115,0.765783,0.761358,0.694001,0.533193,0.413621,0.408871,0.534896,0.497416,0.701412,0.790196,0.752574,0.779526,0.678879,0.581734,0.761026,0.808752,0.819237,0.600036,0.785029,0.822135,0.578155,1,0.878561,0.800202,0.605943,0.593059,0.419297,0.510596,0.740747,0.778247,0.513251,0.649757,0.394464,0.649576,0.83661,0.851806,0.438218,0.761728,0.712855,0.581008,0.742298,0.52021,0.780652,0.739489,0.407223,0.503979,0.734356,0.553241,0.573175,0.66207,0.729937,0.702884,0.599778,0.777836,0.671367,0.344822,0.313224,0.743476,0.677207,0.79827,0.815089,0.684475,0.80522,0.837151,0.616826,0.83177,0.766972,0.712055,0.68822,0.632428,0.729315,0.629258,0.855206,0.540873,0.478571,0.318688,0.654861,0.840258,0.829062,0.778957,0.835131
0.764585,0.694694,0.611245,0.523958,0.823759,0.844324,0.700481,0.658144,0.524888,0.519671,0.500685,0.516191,0.642573,0.838396,0.76457,0.771198,0.656658,0.618792,0.761869,0.842575,0.860742,0.714963,0.876782,0.92044,0.659616,0.878561,1,0.827703,0.675072,0.654159,0.486238,0.611912,0.725763,0.808851,0.617835,0.69441,0.381894,0.680969,0.859733,0.854167,0.466514,0.76689,0.709875,0.577041,0.695217,0.427398,0.812515,0.84123,0.518097,0.515991,0.734518,0.565396,0.564977,0.591311,0.726741,0.739163,0.66315,0.79217,0.66083,0.451725,0.344683,0.76682,0.690496,0.831214,0.821054,0.757674,0.844005,0.90525,0.627677,0.84034,0.875626,0.788302,0.705963,0.494336,0.685828,0.693535,0.850163,0.610827,0.50765,0.303583,0.808731,0.869155,0.846416,0.741913,0.864891
0.742425,0.658704,0.571889,0.534659,0.809507,0.750348,0.637189,0.65881,0.580701,0.564501,0.571609,0.553867,0.693887,0.821324,0.792862,0.727056,0.677596,0.697514,0.799181,0.852211,0.897624,0.741582,0.850204,0.869706,0.655741,0.800202,0.827703,1,0.654099,0.670005,0.357509,0.656346,0.75767,0.835856,0.717873,0.717531,0.551184,0.690916,0.841331,0.835383,0.470409,0.818026,0.623007,0.53706,0.674696,0.449517,0.751522,0.789355,0.471464,0.486666,0.771388,0.518448,0.529467,0.598726,0.737763,0.741126,0.668305,0.745942,0.606326,0.449132,0.514782,0.761958,0.842253,0.873305,0.866872,0.759846,0.799555,0.879662,0.552311,0.766796,0.880459,0.756502,0.601518,0.497175,0.738187,0.751942,0.857675,0.574444,0.478687,0.414216,0.782549,0.834351,0.816631,0.680356,0.800383
0.345937,0.290924,0.0881183,0.17505,0.576027,0.620959,0.47797,0.644473,0.390879,0.188985,0.127461,0.3707,0.270931,0.442794,0.616655,0.375028,0.214363,0.559909,0.731977,0.611466,0.703339,0.455885,0.63871,0.642788,0.529071,0.605943,0.675072,0.654099,1,0.5529,0.300662,0.593229,0.61163,0.689585,0.625694,0.500919,0.226432,0.518474,0.587383,0.592052,0.370287,0.566112,0.239697,0.0743732,0.264215,-0.0299214,0.447255,0.579928,0.0627503,0.533079,0.481854,0.137523,0.1763,0.29452,0.309314,0.397791,0.470864,0.368246,0.138165,0.528134,0.342138,0.571763,0.566725,0.646378,0.607529,0.542154,0.621716,0.614985,0.485377,0.589212,0.520367,0.568368,0.390647,0.305234,0.512384,0.492815,0.588624,0.428233,0.645672,0.321467,0.594902,0.584652,0.484389,0.542648,0.663905
0.461462,0.380318,0.391119,0.265247,0.555132,0.520331,0.424338,0.396663,0.253233,0.311174,0.402674,0.193211,0.376282,0.510907,0.475414,0.427267,0.396761,0.46867,0.465555,0.602731,0.596758,0.435989,0.582149,0.56142,0.466223,0.593059,0.654159,0.670005,0.5529,1,0.282364,0.331527,0.525546,0.597849,0.412265,0.485907,0.423443,0.487492,0.63089,0.690362,0.336192,0.607399,0.364569,0.269161,0.45305,0.306744,0.450394,0.587389,0.22714,0.405045,0.521488,0.273934,0.307453,0.432349,0.377248,0.405397,0.402256,0.467404,0.394081,0.209892,0.425785,0.559108,0.605675,0.57928,0.554309,0.681256,0.468224,0.604499,0.578229,0.666339,0.584071,0.624035,0.393118,0.487978,0.705481,0.499041,0.569465,0.495844,0.374898,0.355659,0.613372,0.661364,0.650016,0.615598,0.548887
0.259248,0.2017,0.202798,0.0513113,0.332019,0.17092,0.355968,0.269175,0.209645,0.083277,0.295438,-0.0201474,0.158546,0.238364,0.122441,0.278295,0.246423,0.120144,0.232151,0.323024,0.367765,0.0997847,0.427297,0.373006,0.368175,0.419297,0.486238,0.357509,0.300662,0.282364,1,0.39598,0.389675,0.293553,0.337308,0.585036,0.3517,0.107893,0.282089,0.324664,-0.0283015,0.427126,0.312443,0.242404,0.281893,0.106705,0.355251,0.246601,0.226944,0.0928774,0.350475,0.347106,0.180123,0.0887212,0.28863,0.217687,0.245319,0.293714,0.312297,0.244184,-0.151256,0.351182,0.354562,0.321079,0.308776,0.162669,0.305211,0.340795,0.291158,0.290402,0.306566,0.285445,0.172864,0.426158,0.438019,0.271868,0.441823,0.292966,0.141834,0.522387,0.173824,0.279471,0.341414,0.338757,0.419962
0.558584,0.538661,0.391486,0.479166,0.618647,0.553259,0.502169,0.618086,0.639862,0.462601,0.433381,0.546035,0.483264,0.614123,0.62255,0.531438,0.539831,0.393277,0.645175,0.651214,0.749428,0.606789,0.652776,0.701281,0.617352,0.510596,0.611912,0.656346,0.593229,0.331527,0.39598,1,0.525025,0.590344,0.645636,0.656849,0.407865,0.448383,0.594072,0.552411,0.298544,0.600905,0.455817,0.41171,0.449124,0.17083,0.641569,0.64464,0.334128,0.285946,0.585581,0.41521,0.477358,0.363509,0.588568,0.618416,0.495672,0.554421,0.436007,0.379591,0.35824,0.459454,0.65568,0.716344,0.713584,0.482191,0.73492,0.668559,0.268168,0.534417,0.654228,0.469051,0.261429,0.256131,0.434836,0.683474,0.611345,0.462539,0.482239,0.374212,0.588889,0.579299,0.496002,0.42355,0.501419
0.604413,0.477794,0.500369,0.415422,0.576181,0.583784,0.563267,0.451463,0.436736,0.452944,0.505086,0.326216,0.561004,0.639403,0.639965,0.613613,0.590854,0.435642,0.731632,0.690339,0.763607,0.584456,0.658426,0.71157,0.526951,0.740747,0.725763,0.75767,0.61163,0.525546,0.389675,0.525025,1,0.774956,0.747963,0.634474,0.501814,0.559142,0.763894,0.73522,0.351479,0.595129,0.494295,0.362364,0.581969,0.369661,0.578934,0.54151,0.447591,0.590151,0.593753,0.419796,0.412235,0.43191,0.621874,0.571523,0.4102,0.64698,0.451916,0.221031,0.328159,0.71805,0.725811,0.762784,0.76631,0.651073,0.619365,0.744515,0.393251,0.716511,0.699333,0.690532,0.48933,0.474169,0.574084,0.620583,0.734272,0.639672,0.536892,0.481997,0.709404,0.778845,0.741785,0.644187,0.728292
0.673829,0.547539,0.487248,0.452452,0.708533,0.742769,0.591143,0.621957,0.580176,0.479076,0.450923,0.450275,0.609689,0.749574,0.72576,0.694694,0.590928,0.577815,0.754645,0.841708,0.865732,0.656335,0.779803,0.799221,0.491061,0.778247,0.808851,0.835856,0.689585,0.597849,0.293553,0.590344,0.774956,1,0.777723,0.618189,0.577839,0.747125,0.867563,0.850081,0.586322,0.789086,0.518818,0.385036,0.617276,0.314619,0.650631,0.704501,0.342322,0.582445,0.7332,0.406431,0.39178,0.512772,0.678013,0.726827,0.527501,0.673845,0.494707,0.331778,0.439714,0.775514,0.688746,0.839258,0.874955,0.795273,0.753156,0.838181,0.662586,0.798071,0.795955,0.703162,0.628713,0.448162,0.718345,0.686939,0.911931,0.627948,0.682891,0.367527,0.842703,0.867446,0.838387,0.707804,0.819007
0.5495,0.362775,0.330719,0.318455,0.506694,0.499575,0.444887,0.46108,0.608862,0.479234,0.413083,0.311841,0.459393,0.563737,0.534953,0.501479,0.508439,0.50979,0.719326,0.670527,0.755262,0.660161,0.651253,0.676389,0.505823,0.513251,0.617835,0.717873,0.625694,0.412265,0.337308,0.645636,0.747963,0.777723,1,0.59795,0.579218,0.497101,0.680762,0.605719,0.386903,0.591222,0.297114,0.2374,0.431205,0.180273,0.498595,0.552627,0.340631,0.55806,0.52666,0.285812,0.295175,0.233345,0.549172,0.561407,0.408352,0.491687,0.330496,0.280684,0.346845,0.636423,0.703647,0.702936,0.729729,0.556396,0.569455,0.674365,0.366035,0.518278,0.67417,0.539449,0.362437,0.230387,0.476447,0.607095,0.703544,0.571254,0.516119,0.488863,0.709521,0.642689,0.60643,0.441525,0.618181
0.637895,0.555258,0.516374,0.485283,0.699446,0.538544,0.518876,0.516904,0.628038,0.536975,0.612596,0.385959,0.545059,0.649708,0.584685,0.582122,0.592223,0.572375,0.581078,0.626604,0.738172,0.578786,0.691371,0.723263,0.482687,0.649757,0.69441,0.717531,0.500919,0.485907,0.585036,0.656849,0.634474,0.618189,0.59795,1,0.5635,0.439636,0.604857,0.686962,0.251775,0.618466,0.633275,0.558823,0.623113,0.459258,0.604192,0.607996,0.411268,0.42342,0.636645,0.653969,0.613096,0.499396,0.700193,0.53826,0.513024,0.622491,0.615094,0.357221,0.197211,0.646488,0.650232,0.706322,0.697263,0.550286,0.627642,0.684915,0.420403,0.657403,0.666879,0.572911,0.298052,0.279059,0.642218,0.655764,0.646928,0.427359,0.31989,0.451192,0.465664,0.627931,0.642553,0.434009,0.541353
0.421616,0.290047,0.363642,0.25218,0.398498,0.258972,0.222489,0.27562,0.349985,0.402512,0.506,0.147235,0.420943,0.433131,0.26074,0.419439,0.487875,0.283702,0.379556,0.513279,0.527983,0.386773,0.41828,0.371956,0.36179,0.394464,0.381894,0.551184,0.226432,0.423443,0.3517,0.407865,0.501814,0.577839,0.579218,0.5635,1,0.324234,0.468834,0.522384,0.331466,0.58099,0.317845,0.325516,0.459392,0.290118,0.333653,0.318115,0.273662,0.210216,0.410767,0.360312,0.244286,0.337747,0.4821,0.432399,0.183087,0.396259,0.376452,-0.0201568,0.356722,0.499052,0.54423,0.541675,0.574129,0.455143,0.324686,0.405425,0.298133,0.449989,0.493275,0.32426,0.146426,0.314211,0.585301,0.365152,0.562787,0.326396,0.137873,0.279198,0.420195,0.475234,0.560912,0.377883,0.455074
0.605476,0.631694,0.496875,0.531174,0.708388,0.632957,0.581272,0.638985,0.47227,0.475773,0.356486,0.639652,0.624525,0.739724,0.690848,0.703952,0.549505,0.50302,0.619062,0.813642,0.739696,0.590502,0.647759,0.692311,0.445929,0.649576,0.680969,0.690916,0.518474,0.487492,0.107893,0.448383,0.559142,0.747125,0.497101,0.439636,0.324234,1,0.750676,0.740587,0.631686,0.734331,0.459709,0.511813,0.552796,0.301114,0.66282,0.749357,0.312199,0.499433,0.515956,0.308284,0.383953,0.50356,0.569711,0.701351,0.562221,0.668946,0.492271,0.150813,0.330143,0.572698,0.647845,0.809592,0.760829,0.669027,0.676608,0.717057,0.447741,0.747719,0.708949,0.634526,0.686689,0.386188,0.474129,0.649277,0.710964,0.378844,0.614571,0.315475,0.772567,0.725771,0.693363,0.687073,0.643247
0.807546,0.737551,0.681707,0.603941,0.79483,0.794146,0.588436,0.50452,0.580944,0.560547,0.568102,0.645258,0.82246,0.872318,0.782114,0.866937,0.798123,0.614633,0.729902,0.924386,0.885434,0.778993,0.845156,0.87644,0.67566,0.83661,0.859733,0.841331,0.587383,0.63089,0.282089,0.594072,0.763894,0.867563,0.680762,0.604857,0.468834,0.750676,1,0.93691,0.524308,0.827413,0.658852,0.60914,0.755153,0.450311,0.775436,0.771864,0.461006,0.468283,0.739058,0.495739,0.581331,0.660937,0.784892,0.851449,0.654707,0.867972,0.696994,0.310386,0.407088,0.764275,0.744561,0.924579,0.897447,0.741921,0.821082,0.894858,0.607853,0.799384,0.892748,0.740133,0.693563,0.474581,0.702027,0.796021,0.885072,0.640011,0.58892,0.330131,0.873591,0.964269,0.909012,0.689798,0.818011
0.800789,0.708379,0.697728,0.590202,0.798166,0.764081,0.542943,0.536577,0.532632,0.579102,0.641861,0.610245,0.777228,0.854648,0.750816,0.856408,0.766882,0.615767,0.670328,0.893893,0.852423,0.72714,0.830081,0.837431,0.670747,0.851806,0.854167,0.835383,0.592052,0.690362,0.324664,0.552411,0.73522,0.850081,0.605719,0.686962,0.522384,0.740587,0.93691,1,0.547231,0.841015,0.708121,0.63856,0.780998,0.503032,0.743377,0.744856,0.38989,0.430563,0.730714,0.590098,0.62355,0.710497,0.795539,0.818314,0.616738,0.849774,0.717263,0.309084,0.431848,0.77269,0.709627,0.898964,0.885922,0.794186,0.767672,0.861882,0.692898,0.843254,0.869378,0.675203,0.642815,0.541603,0.74555,0.771368,0.834743,0.592789,0.562198,0.303307,0.808309,0.92467,0.912143,0.688457,0.792594
0.401533,0.266421,0.221662,0.180261,0.421475,0.41102,0.137441,0.373878,0.295413,0.284555,0.0234643,0.355573,0.347022,0.418778,0.364685,0.541032,0.290494,0.299233,0.38233,0.579298,0.436423,0.508788,0.436524,0.440796,0.293534,0.438218,0.466514,0.470409,0.370287,0.336192,-0.0283015,0.298544,0.351479,0.586322,0.386903,0.251775,0.331466,0.631686,0.524308,0.547231,1,0.572649,0.169778,0.190971,0.260822,0.000316719,0.286582,0.493979,0.111973,0.145434,0.354221,0.171906,0.164666,0.361457,0.288459,0.38412,0.244925,0.451283,0.220263,0.204531,0.104465,0.400038,0.37044,0.540555,0.526514,0.513585,0.350655,0.479827,0.520262,0.521813,0.556361,0.426926,0.486827,0.142171,0.352631,0.406187,0.538415,0.508849,0.398467,0.108265,0.648634,0.492924,0.585307,0.610049,0.500338
0.651676,0.591082,0.529927,0.455067,0.712152,0.613052,0.589255,0.587373,0.464569,0.405247,0.476581,0.517026,0.669619,0.751902,0.600201,0.776025,0.652739,0.478792,0.620517,0.86778,0.825217,0.65147,0.781571,0.742491,0.658246,0.761728,0.76689,0.818026,0.566112,0.607399,0.427126,0.600905,0.595129,0.789086,0.591222,0.618466,0.58099,0.734331,0.827413,0.841015,0.572649,1,0.518198,0.536115,0.616602,0.270076,0.722579,0.731357,0.325272,0.289318,0.640581,0.411044,0.423708,0.53167,0.647338,0.736954,0.565985,0.741143,0.58009,0.315886,0.357725,0.634295,0.6792,0.841434,0.808412,0.688527,0.670566,0.755307,0.533309,0.664992,0.791251,0.626063,0.613503,0.554741,0.659895,0.673776,0.867802,0.511202,0.453912,0.401255,0.731891,0.768553,0.823413,0.692267,0.804847
0.902455,0.890572,0.901375,0.849706,0.761982,0.718767,0.61904,0.512932,0.576597,0.728553,0.816328,0.634176,0.781246,0.865879,0.727821,0.801072,0.828392,0.543259,0.458664,0.666518,0.636108,0.609611,0.722947,0.779891,0.520425,0.712855,0.709875,0.623007,0.239697,0.364569,0.312443,0.455817,0.494295,0.518818,0.297114,0.633275,0.317845,0.459709,0.658852,0.708121,0.169778,0.518198,1,0.90746,0.925328,0.867772,0.809038,0.64672,0.564535,0.363483,0.706915,0.857487,0.900463,0.787578,0.884842,0.82205,0.682123,0.850526,0.901352,0.330385,0.386373,0.725537,0.5872,0.694338,0.743499,0.626253,0.734127,0.791639,0.511598,0.731078,0.750766,0.590012,0.590544,0.488903,0.614579,0.675173,0.610241,0.353565,0.276848,0.0968574,0.497887,0.726592,0.711749,0.390125,0.601295
0.880095,0.914162,0.921024,0.88695,0.72434,0.588698,0.513444,0.401703,0.53215,0.734447,0.806176,0.729161,0.839878,0.845798,0.59734,0.828449,0.866476,0.439862,0.324715,0.66612,0.559308,0.584129,0.640569,0.69263,0.519824,0.581008,0.577041,0.53706,0.0743732,0.269161,0.242404,0.41171,0.362364,0.385036,0.2374,0.558823,0.325516,0.511813,0.60914,0.63856,0.190971,0.536115,0.90746,1,0.904012,0.826567,0.789838,0.635302,0.478395,0.21677,0.563387,0.807254,0.906143,0.786072,0.855612,0.825601,0.652506,0.863885,0.92967,0.219422,0.292979,0.594579,0.566204,0.694008,0.699669,0.504584,0.654224,0.685164,0.376408,0.605426,0.712787,0.51234,0.557324,0.38038,0.474796,0.67892,0.514797,0.245468,0.205956,0.0925236,0.433377,0.641993,0.651501,0.313174,0.494858
0.938304,0.885786,0.948346,0.844413,0.784042,0.675417,0.615058,0.463797,0.556359,0.726299,0.865813,0.646756,0.865467,0.882149,0.707403,0.863727,0.907726,0.514417,0.458628,0.766176,0.690935,0.633474,0.72862,0.776151,0.544319,0.742298,0.695217,0.674696,0.264215,0.45305,0.281893,0.449124,0.581969,0.617276,0.431205,0.623113,0.459392,0.552796,0.755153,0.780998,0.260822,0.616602,0.925328,0.904012,1,0.863417,0.816518,0.654592,0.490873,0.378486,0.706676,0.84028,0.8744,0.84069,0.923244,0.864683,0.631005,0.902206,0.922457,0.24611,0.417269,0.757021,0.682002,0.790471,0.834254,0.645145,0.713535,0.793519,0.565877,0.728841,0.803026,0.602334,0.617064,0.515933,0.665737,0.740923,0.696534,0.399253,0.385909,0.142329,0.55251,0.800993,0.798275,0.451487,0.661675
0.783651,0.768495,0.865564,0.791722,0.553607,0.492067,0.476088,0.289749,0.395732,0.705242,0.847561,0.453979,0.669881,0.693619,0.530477,0.62034,0.727411,0.435743,0.260774,0.461586,0.39758,0.444768,0.475681,0.543201,0.316631,0.52021,0.427398,0.449517,-0.0299214,0.306744,0.106705,0.17083,0.369661,0.314619,0.180273,0.459258,0.290118,0.301114,0.450311,0.503032,0.000316719,0.270076,0.867772,0.826567,0.863417,1,0.617993,0.433868,0.455464,0.347295,0.516155,0.778724,0.838997,0.707038,0.768341,0.647091,0.521339,0.675625,0.816407,0.10118,0.405302,0.590397,0.503238,0.482844,0.566728,0.495892,0.471483,0.578891,0.373638,0.567656,0.558696,0.442995,0.418641,0.409514,0.493429,0.496973,0.383352,0.163911,0.0882501,0.0272249,0.273051,0.537243,0.544645,0.203618,0.358348
0.839182,0.87137,0.774566,0.777822,0.830768,0.799063,0.832044,0.648981,0.539247,0.637491,0.678933,0.675501,0.773113,0.901086,0.754119,0.787194,0.789855,0.533274,0.677788,0.804379,0.816207,0.677028,0.831942,0.877261,0.649068,0.780652,0.812515,0.751522,0.447255,0.450394,0.355251,0.641569,0.578934,0.650631,0.498595,0.604192,0.333653,0.66282,0.775436,0.743377,0.286582,0.722579,0.809038,0.789838,0.816518,0.617993,1,0.848852,0.507621,0.465351,0.757433,0.63679,0.724245,0.659407,0.826434,0.878017,0.789849,0.852056,0.812968,0.377061,0.427462,0.671252,0.71974,0.821409,0.841526,0.649245,0.87652,0.873333,0.448467,0.734321,0.843211,0.695225,0.716456,0.499139,0.552312,0.782388,0.793631,0.456079,0.436265,0.286778,0.671639,0.789904,0.759821,0.590095,0.748483
0.76579,0.768874,0.622333,0.673154,0.855407,0.86311,0.746924,0.694957,0.555244,0.617268,0.494055,0.656074,0.695134,0.844238,0.756638,0.699247,0.666342,0.644459,0.71945,0.806551,0.826832,0.719121,0.834756,0.883089,0.599911,0.739489,0.84123,0.789355,0.579928,0.587389,0.246601,0.64464,0.54151,0.704501,0.552627,0.607996,0.318115,0.749357,0.771864,0.744856,0.493979,0.731357,0.64672,0.635302,0.654592,0.433868,0.848852,1,0.403436,0.514279,0.73108,0.531245,0.611235,0.601322,0.666489,0.764948,0.78901,0.742618,0.669611,0.466762,0.406735,0.701146,0.720204,0.820149,0.808007,0.734319,0.856936,0.878587,0.567934,0.793597,0.857336,0.795012,0.676156,0.312862,0.570715,0.750006,0.749014,0.549282,0.49626,0.306837,0.773481,0.778638,0.720735,0.689616,0.735133
0.534228,0.480735,0.557876,0.385161,0.40916,0.396564,0.497239,0.307486,0.492885,0.610792,0.469882,0.25684,0.438439,0.56213,0.532964,0.456204,0.552724,0.424457,0.376303,0.410669,0.502422,0.563869,0.488149,0.508473,0.27387,0.407223,0.518097,0.471464,0.0627503,0.22714,0.226944,0.334128,0.447591,0.342322,0.340631,0.411268,0.273662,0.312199,0.461006,0.38989,0.111973,0.325272,0.564535,0.478395,0.490873,0.455464,0.507621,0.403436,1,0.348611,0.461277,0.354094,0.382565,0.20745,0.475651,0.523541,0.353054,0.534328,0.427515,-0.0176391,0.193221,0.490864,0.482519,0.46156,0.470545,0.466692,0.436006,0.533605,0.0988926,0.405947,0.551893,0.473931,0.464692,0.383554,0.297461,0.489768,0.435835,0.3324,0.0516675,0.230092,0.522222,0.462078,0.480663,0.260325,0.411115
0.423355,0.390187,0.299718,0.433678,0.420457,0.560052,0.625634,0.503552,0.496507,0.426475,0.360044,0.191318,0.337931,0.471682,0.565256,0.284468,0.326591,0.543299,0.630634,0.40019,0.598837,0.40808,0.45186,0.551117,0.155054,0.503979,0.515991,0.486666,0.533079,0.405045,0.0928774,0.285946,0.590151,0.582445,0.55806,0.42342,0.210216,0.499433,0.468283,0.430563,0.145434,0.289318,0.363483,0.21677,0.378486,0.347295,0.465351,0.514279,0.348611,1,0.454913,0.226222,0.304505,0.219671,0.393015,0.399338,0.443089,0.342259,0.263702,0.119346,0.24496,0.564396,0.494198,0.491516,0.543739,0.580043,0.50004,0.594532,0.315246,0.586034,0.396464,0.597246,0.418872,0.178329,0.401709,0.516725,0.491965,0.369928,0.485673,0.375632,0.538369,0.497901,0.41906,0.405747,0.491464
0.758885,0.705025,0.627982,0.628343,0.827166,0.765971,0.644108,0.591383,0.615994,0.550269,0.540976,0.501962,0.724322,0.757562,0.721483,0.64871,0.700909,0.649464,0.64048,0.693015,0.780162,0.607613,0.782125,0.817375,0.552178,0.734356,0.734518,0.771388,0.481854,0.521488,0.350475,0.585581,0.593753,0.7332,0.52666,0.636645,0.410767,0.515956,0.739058,0.730714,0.354221,0.640581,0.706915,0.563387,0.706676,0.516155,0.757433,0.73108,0.461277,0.454913,1,0.636931,0.591727,0.596123,0.737408,0.743415,0.696976,0.702402,0.665244,0.490273,0.345597,0.769043,0.691389,0.747641,0.80555,0.647692,0.801841,0.847792,0.636553,0.748772,0.761761,0.688598,0.612147,0.419462,0.701913,0.795473,0.793772,0.649285,0.434409,0.375482,0.651539,0.771005,0.720677,0.55449,0.701385
0.816414,0.744282,0.811005,0.75732,0.683118,0.561093,0.444082,0.408195,0.467936,0.660939,0.780911,0.482929,0.688473,0.704863,0.542412,0.676662,0.753241,0.413017,0.292603,0.496972,0.482524,0.496832,0.582547,0.647042,0.425629,0.553241,0.565396,0.518448,0.137523,0.273934,0.347106,0.41521,0.419796,0.406431,0.285812,0.653969,0.360312,0.308284,0.495739,0.590098,0.171906,0.411044,0.857487,0.807254,0.84028,0.778724,0.63679,0.531245,0.354094,0.226222,0.636931,1,0.848664,0.718836,0.830816,0.645011,0.545168,0.712605,0.843494,0.320317,0.284881,0.600749,0.49053,0.574325,0.623778,0.471827,0.55125,0.648641,0.505049,0.608969,0.636497,0.483959,0.391172,0.242259,0.533265,0.59318,0.468995,0.332564,0.253931,0.0864521,0.333367,0.566749,0.600314,0.304694,0.474346
0.873795,0.856831,0.888163,0.900627,0.687033,0.625853,0.471447,0.38748,0.551334,0.710716,0.795877,0.685167,0.787328,0.812737,0.626458,0.763897,0.819524,0.478233,0.366355,0.602688,0.545401,0.567698,0.614669,0.704642,0.548472,0.573175,0.564977,0.529467,0.1763,0.307453,0.180123,0.477358,0.412235,0.39178,0.295175,0.613096,0.244286,0.383953,0.581331,0.62355,0.164666,0.423708,0.900463,0.906143,0.8744,0.838997,0.724245,0.611235,0.382565,0.304505,0.591727,0.848664,1,0.821178,0.85915,0.7538,0.618722,0.815193,0.896269,0.330875,0.358795,0.59472,0.545281,0.652252,0.689704,0.53429,0.656716,0.694847,0.419035,0.623409,0.68976,0.500894,0.423782,0.284486,0.461572,0.704891,0.452475,0.34227,0.242192,0.0780994,0.407373,0.628235,0.592642,0.276222,0.437152
