1,0.87443,0.950374,0.830609,0.844711,0.818098,0.770845,0.591487,0.577852,0.651988,0.775581,0.816788,0.85193,0.862685,0.717326,0.857892,0.89912,0.704207,0.802337,0.935479,0.906612,0.641591,0.857839,0.941884,0.70809,0.795191,0.836658,0.612013,0.524515,0.696172,0.437458,0.585409,0.84149,0.835939,0.633567,0.277498,0.275856,0.740308,0.936287,0.812174,0.507294,0.678393,0.940832,0.873769,0.963884,0.921811,0.913601,0.905137,0.578176,0.568569,0.834866,0.674946,0.779261,0.859014,0.838605,0.87574,0.716659,0.846825,0.818915,0.554904,0.775763,0.711995,0.84429,0.887516,0.91498,0.801564,0.893903,0.933993,0.760881,0.911029,0.901207,0.469489,0.504671,0.66391,0.710525,0.808112,0.812365,0.474536,0.426379,0.577707,0.580803,0.932416,0.886104,0.431192,0.715686
0.87443,1,0.798118,0.789918,0.740855,0.819008,0.771605,0.477333,0.616229,0.665405,0.79625,0.748931,0.884696,0.930827,0.652817,0.899266,0.847712,0.692198,0.733125,0.824431,0.804962,0.640119,0.766686,0.882857,0.689957,0.785284,0.794974,0.42282,0.626961,0.683897,0.476557,0.49915,0.762123,0.760411,0.547427,0.183895,0.34127,0.653591,0.775038,0.733896,0.341204,0.621849,0.856608,0.944289,0.866473,0.817121,0.878865,0.850146,0.616258,0.552766,0.76991,0.686134,0.762279,0.799795,0.828178,0.95258,0.672257,0.887881,0.834337,0.410993,0.790542,0.711459,0.817437,0.851283,0.844723,0.725235,0.785322,0.878218,0.664341,0.849169,0.793566,0.440611,0.350896,0.44047,0.563236,0.688564,0.658578,0.37751,0.514823,0.577704,0.594494,0.810156,0.791114,0.38969,0.551311
0.950374,0.798118,1,0.884829,0.815347,0.762461,0.81055,0.637227,0.598936,0.725181,0.803551,0.857021,0.86094,0.782588,0.741595,0.79453,0.917606,0.642217,0.754987,0.921984,0.878888,0.681319,0.795172,0.879694,0.656237,0.796501,0.815756,0.585546,0.490924,0.663364,0.445408,0.535511,0.816216,0.859223,0.603091,0.283725,0.254812,0.72793,0.897655,0.795698,0.507423,0.70214,0.927972,0.814571,0.959931,0.942933,0.871462,0.903592,0.545811,0.634318,0.750339,0.708838,0.786183,0.887482,0.86576,0.807105,0.739026,0.828706,0.830991,0.515309,0.731006,0.649877,0.833908,0.885619,0.900649,0.830487,0.838116,0.900971,0.692375,0.851326,0.873747,0.541518,0.564715,0.676146,0.744546,0.81353,0.855941,0.550039,0.394057,0.499893,0.608027,0.907788,0.843295,0.419252,0.792561
0.830609,0.789918,0.884829,1,0.767884,0.75993,0.835872,0.572201,0.647646,0.715542,0.839556,0.825813,0.836835,0.784856,0.757752,0.780639,0.902966,0.61229,0.723315,0.842039,0.798835,0.657095,0.74851,0.818221,0.580568,0.795909,0.790868,0.414198,0.550029,0.619174,0.350462,0.348138,0.723939,0.777452,0.560289,0.250551,0.340124,0.729407,0.783326,0.752508,0.347329,0.607502,0.870879,0.826052,0.877586,0.871456,0.744965,0.814223,0.573895,0.645579,0.691753,0.680256,0.737582,0.867939,0.851197,0.79505,0.560858,0.813671,0.84427,0.496259,0.669727,0.588053,0.770884,0.881174,0.83567,0.746466,0.752773,0.842868,0.680202,0.786126,0.797994,0.436035,0.505016,0.513147,0.697442,0.671869,0.730792,0.379291,0.397494,0.386341,0.6619,0.795738,0.756176,0.396323,0.706793
0.844711,0.740855,0.815347,0.767884,1,0.761307,0.607743,0.579017,0.587384,0.653493,0.734895,0.729472,0.767732,0.833126,0.623556,0.768195,0.808071,0.673787,0.785852,0.872664,0.82073,0.571343,0.74975,0.858775,0.700731,0.697782,0.800485,0.475785,0.439801,0.711862,0.459024,0.568975,0.77285,0.755781,0.643127,0.31702,0.218447,0.693462,0.855885,0.789503,0.553103,0.697641,0.80813,0.743665,0.863161,0.809736,0.830374,0.829095,0.512534,0.456559,0.779135,0.715302,0.735786,0.785842,0.771995,0.75781,0.62496,0.783574,0.751209,0.526799,0.653371,0.607312,0.684724,0.834824,0.869647,0.562404,0.802294,0.849307,0.690943,0.813908,0.791163,0.322098,0.361063,0.51309,0.551843,0.663183,0.699961,0.395151,0.345076,0.401256,0.54366,0.864125,0.867022,0.509816,0.648621
0.818098,0.819008,0.762461,0.75993,0.761307,1,0.665616,0.525469,0.662193,0.539185,0.728158,0.673117,0.804366,0.842899,0.654196,0.796906,0.776743,0.772571,0.817978,0.844241,0.82356,0.676153,0.772806,0.897278,0.680901,0.802855,0.764763,0.379824,0.566933,0.70036,0.440088,0.438692,0.814283,0.749952,0.589564,0.262342,0.237854,0.772642,0.782911,0.865641,0.454967,0.612452,0.844749,0.797426,0.83141,0.772889,0.785267,0.818004,0.56029,0.530741,0.754335,0.662989,0.706056,0.752637,0.754364,0.827225,0.574809,0.792436,0.71034,0.527291,0.715936,0.581143,0.72859,0.847242,0.858692,0.633727,0.81991,0.854917,0.694435,0.793634,0.796315,0.363934,0.348887,0.452553,0.548508,0.678132,0.695356,0.398857,0.496041,0.526125,0.510662,0.82948,0.853388,0.420602,0.633487
0.770845,0.771605,0.81055,0.835872,0.607743,0.665616,1,0.524656,0.636197,0.666586,0.771173,0.79978,0.805018,0.710354,0.743167,0.78787,0.817985,0.589604,0.64102,0.777517,0.771789,0.690753,0.737593,0.747885,0.572394,0.820643,0.786118,0.478918,0.514846,0.556767,0.231983,0.348211,0.721936,0.755935,0.466985,0.242629,0.456669,0.67072,0.737285,0.682662,0.271223,0.581646,0.804452,0.759927,0.815386,0.783462,0.740549,0.806313,0.64429,0.671219,0.63116,0.578946,0.666533,0.802584,0.809632,0.768831,0.549403,0.838461,0.789912,0.355947,0.725378,0.556655,0.769457,0.843809,0.801575,0.711526,0.700277,0.761012,0.550633,0.691569,0.803642,0.47363,0.488086,0.498632,0.612002,0.76456,0.675747,0.402299,0.414198,0.536616,0.771106,0.734772,0.716616,0.361706,0.733551
0.591487,0.477333,0.637227,0.572201,0.579017,0.525469,0.524656,1,0.449657,0.357971,0.530822,0.569439,0.531916,0.507508,0.575499,0.536669,0.591288,0.603439,0.529896,0.646174,0.712964,0.602432,0.619077,0.624793,0.628336,0.531488,0.573918,0.522578,0.11358,0.483989,0.295381,0.509251,0.643464,0.722321,0.496551,0.32926,0.371709,0.491763,0.673365,0.608104,0.294827,0.623421,0.626816,0.445937,0.634827,0.628442,0.574109,0.626981,0.246293,0.56867,0.622425,0.454092,0.437119,0.629854,0.581272,0.468403,0.69476,0.585715,0.505597,0.296501,0.578633,0.529029,0.527101,0.657883,0.677479,0.547374,0.677673,0.687352,0.621791,0.613843,0.651678,0.317901,0.219346,0.490144,0.438796,0.538996,0.610164,0.597241,0.430694,0.477733,0.413198,0.683621,0.676845,0.200189,0.70993
0.577852,0.616229,0.598936,0.647646,0.587384,0.662193,0.636197,0.449657,1,0.462514,0.680857,0.592949,0.649698,0.672116,0.676477,0.679216,0.648026,0.724499,0.608188,0.706632,0.668148,0.675417,0.623534,0.719957,0.60803,0.654078,0.629519,0.267049,0.530483,0.512656,0.26905,0.2679,0.629021,0.685509,0.45449,0.128115,0.234904,0.701108,0.599197,0.718102,0.217841,0.496739,0.700132,0.658838,0.683817,0.579643,0.522047,0.569407,0.647592,0.29808,0.485971,0.574236,0.509412,0.604103,0.666754,0.666901,0.575464,0.711631,0.662369,0.249603,0.627153,0.526544,0.612293,0.738797,0.709259,0.451766,0.582317,0.707875,0.463931,0.593662,0.732092,0.31405,0.108711,0.204339,0.422338,0.537368,0.44877,0.34316,0.401374,0.395888,0.539489,0.61644,0.638077,0.529956,0.537927
0.651988,0.665405,0.725181,0.715542,0.653493,0.539185,0.666586,0.357971,0.462514,1,0.863783,0.596423,0.784229,0.644007,0.486475,0.565598,0.735431,0.312672,0.614951,0.612715,0.544055,0.439608,0.444145,0.604212,0.410936,0.611418,0.567657,0.189169,0.535663,0.703052,0.34696,0.326436,0.570708,0.576387,0.565727,0.162878,0.145199,0.539234,0.545662,0.515573,0.429289,0.496701,0.670486,0.645434,0.679639,0.758135,0.661556,0.729643,0.403941,0.356994,0.525101,0.851371,0.857854,0.700044,0.76398,0.647126,0.487809,0.654777,0.762768,0.396323,0.438679,0.372824,0.56751,0.644825,0.623857,0.534124,0.479455,0.63043,0.339779,0.608145,0.503697,0.413506,0.401908,0.321869,0.484549,0.509847,0.55682,0.267041,0.341344,0.386134,0.600991,0.611156,0.560806,0.416565,0.454743
0.775581,0.79625,0.803551,0.839556,0.734895,0.728158,0.771173,0.530822,0.680857,0.863783,1,0.742854,0.890166,0.773867,0.593969,0.770959,0.849835,0.581846,0.764885,0.789242,0.718657,0.541711,0.644174,0.801907,0.583146,0.746436,0.679866,0.268419,0.667941,0.721668,0.344449,0.418532,0.692497,0.71465,0.679918,0.272775,0.246468,0.688682,0.684679,0.68447,0.462404,0.50211,0.838773,0.82178,0.828571,0.849493,0.761717,0.800782,0.520049,0.412036,0.693787,0.852123,0.894743,0.840485,0.900922,0.768379,0.608163,0.80677,0.885785,0.429189,0.621343,0.592404,0.71897,0.801586,0.800342,0.627951,0.693781,0.825193,0.609472,0.758827,0.70546,0.431837,0.375479,0.45367,0.597483,0.596187,0.695958,0.380672,0.413929,0.505305,0.629496,0.751689,0.702064,0.42704,0.568297
0.816788,0.748931,0.857021,0.825813,0.729472,0.673117,0.79978,0.569439,0.592949,0.596423,0.742854,1,0.876206,0.73082,0.71127,0.83129,0.910883,0.578941,0.677478,0.860391,0.841172,0.600599,0.7415,0.782796,0.590143,0.816835,0.776986,0.520352,0.503614,0.491602,0.317775,0.555347,0.668947,0.831703,0.590295,0.167264,0.413795,0.628598,0.802998,0.756254,0.36034,0.571301,0.807764,0.820314,0.86105,0.822438,0.820639,0.829244,0.594279,0.625028,0.666275,0.565945,0.737563,0.904373,0.884003,0.719001,0.632218,0.839538,0.840506,0.433744,0.681335,0.745389,0.775625,0.867299,0.869805,0.707181,0.768266,0.826472,0.717268,0.719731,0.832357,0.625918,0.448047,0.600272,0.767673,0.687052,0.775002,0.52452,0.316129,0.398405,0.667286,0.83786,0.733461,0.400873,0.737413
0.85193,0.884696,0.86094,0.836835,0.767732,0.804366,0.805018,0.531916,0.649698,0.784229,0.890166,0.876206,1,0.856402,0.662231,0.878529,0.929156,0.634008,0.76552,0.856194,0.807959,0.66753,0.748779,0.857175,0.620717,0.811102,0.793142,0.399667,0.661581,0.718871,0.411283,0.497179,0.720752,0.828415,0.661354,0.197834,0.325513,0.70872,0.768506,0.761759,0.402114,0.614816,0.880856,0.89763,0.896662,0.89114,0.881426,0.864143,0.60214,0.558335,0.711121,0.774736,0.879767,0.904179,0.948097,0.85705,0.676755,0.882647,0.923841,0.414465,0.761002,0.666577,0.805248,0.875671,0.886259,0.727157,0.775718,0.869833,0.648456,0.782497,0.803225,0.50287,0.394335,0.462171,0.680793,0.704925,0.739829,0.523089,0.513653,0.533475,0.63971,0.848235,0.786412,0.40741,0.651404
0.862685,0.930827,0.782588,0.784856,0.833126,0.842899,0.710354,0.507508,0.672116,0.644007,0.773867,0.73082,0.856402,1,0.655125,0.872821,0.822067,0.758677,0.746315,0.854203,0.807479,0.645876,0.780344,0.912901,0.754623,0.786833,0.822275,0.383904,0.60318,0.696839,0.471472,0.505221,0.776007,0.764678,0.614898,0.199535,0.288366,0.722765,0.794867,0.815701,0.39393,0.638626,0.854548,0.901294,0.864557,0.793453,0.873664,0.856411,0.594474,0.50484,0.754993,0.718515,0.753538,0.795672,0.816317,0.952314,0.646455,0.874751,0.822344,0.499153,0.776745,0.648619,0.73832,0.848373,0.863366,0.677043,0.767021,0.895547,0.687008,0.851526,0.823369,0.378604,0.31365,0.388775,0.552951,0.647686,0.63926,0.421498,0.486331,0.478011,0.609031,0.831528,0.848573,0.496258,0.5811
0.717326,0.652817,0.741595,0.757752,0.623556,0.654196,0.743167,0.575499,0.676477,0.486475,0.593969,0.71127,0.662231,0.655125,1,0.74397,0.763273,0.546911,0.591821,0.763358,0.828709,0.676626,0.73318,0.726953,0.629081,0.71923,0.737287,0.449291,0.395528,0.461102,0.441061,0.379382,0.721867,0.795108,0.305355,0.0590102,0.279714,0.659228,0.771305,0.751945,0.23106,0.621501,0.73819,0.665756,0.748191,0.708536,0.590685,0.724454,0.497859,0.656555,0.62836,0.457109,0.549163,0.645689,0.642088,0.668393,0.586761,0.757794,0.618804,0.421153,0.582849,0.602945,0.758234,0.846009,0.771929,0.606693,0.661131,0.741323,0.508541,0.692499,0.781478,0.48083,0.436274,0.400355,0.597858,0.678191,0.652783,0.256883,0.530885,0.393569,0.682866,0.72318,0.707418,0.330473,0.757108
0.857892,0.899266,0.79453,0.780639,0.768195,0.796906,0.78787,0.536669,0.679216,0.565598,0.770959,0.83129,0.878529,0.872821,0.74397,1,0.87582,0.737833,0.736765,0.865368,0.878194,0.643783,0.836803,0.888575,0.711241,0.776523,0.834066,0.411132,0.670353,0.626241,0.429335,0.557435,0.770841,0.845397,0.565035,0.190145,0.385325,0.642321,0.816743,0.77189,0.344327,0.640497,0.854836,0.896864,0.886971,0.805778,0.865836,0.841265,0.651374,0.577972,0.723849,0.615722,0.74149,0.835792,0.875609,0.861911,0.669281,0.946221,0.860733,0.323031,0.781374,0.746502,0.870017,0.902635,0.912278,0.649448,0.830213,0.872407,0.732035,0.820746,0.875575,0.354407,0.286383,0.527425,0.610084,0.733203,0.711432,0.411262,0.461155,0.603355,0.631066,0.850324,0.803479,0.420265,0.668669
0.89912,0.847712,0.917606,0.902966,0.808071,0.776743,0.817985,0.591288,0.648026,0.735431,0.849835,0.910883,0.929156,0.822067,0.763273,0.87582,1,0.618354,0.789782,0.917912,0.8886,0.644121,0.757514,0.863614,0.660299,0.802061,0.834996,0.511841,0.560608,0.662995,0.471184,0.53092,0.800853,0.872261,0.669894,0.106579,0.35687,0.696607,0.861685,0.821916,0.38619,0.701718,0.896049,0.875782,0.923599,0.918983,0.84708,0.887843,0.584462,0.645755,0.725108,0.722841,0.828091,0.921271,0.92785,0.826381,0.662722,0.882075,0.901772,0.503065,0.711929,0.728865,0.855354,0.920754,0.923658,0.769543,0.797064,0.889945,0.707228,0.817722,0.869097,0.571914,0.473415,0.603698,0.705025,0.755031,0.799654,0.455775,0.452616,0.4549,0.670806,0.896665,0.814407,0.500347,0.726612
0.704207,0.692198,0.642217,0.61229,0.673787,0.772571,0.589604,0.603439,0.724499,0.312672,0.581846,0.578941,0.634008,0.758677,0.546911,0.737833,0.618354,1,0.713973,0.755423,0.771288,0.680009,0.767134,0.807181,0.704087,0.653418,0.743572,0.458134,0.449509,0.582723,0.339981,0.428948,0.725746,0.716706,0.519079,0.319441,0.22376,0.649684,0.739064,0.729374,0.299728,0.579592,0.748341,0.664112,0.761711,0.628551,0.670922,0.649049,0.621455,0.377818,0.614888,0.539671,0.485543,0.676816,0.667313,0.727036,0.635753,0.699869,0.655774,0.423764,0.782869,0.535381,0.686688,0.749585,0.767947,0.577499,0.770532,0.763636,0.666571,0.69641,0.799843,0.151818,0.11608,0.314755,0.433008,0.599532,0.580211,0.418804,0.388147,0.51889,0.450514,0.725487,0.745983,0.375964,0.637692
0.802337,0.733125,0.754987,0.723315,0.785852,0.817978,0.64102,0.529896,0.608188,0.614951,0.764885,0.677478,0.76552,0.746315,0.591821,0.736765,0.789782,0.713973,1,0.830634,0.825205,0.585455,0.702352,0.837295,0.611225,0.699242,0.695824,0.400589,0.62283,0.736621,0.460547,0.413819,0.829863,0.716518,0.695308,0.188311,0.233619,0.793167,0.810133,0.821988,0.495305,0.570813,0.810405,0.752887,0.807658,0.795531,0.765395,0.77754,0.54845,0.435702,0.698442,0.697192,0.700737,0.763544,0.766843,0.736921,0.503853,0.755935,0.700211,0.591939,0.631245,0.56946,0.714886,0.8318,0.813336,0.574934,0.790015,0.804801,0.75051,0.787159,0.767437,0.339472,0.352401,0.46056,0.52216,0.708555,0.745903,0.292757,0.487467,0.500223,0.586142,0.83026,0.822207,0.443665,0.5849
0.935479,0.824431,0.921984,0.842039,0.872664,0.844241,0.777517,0.646174,0.706632,0.612715,0.789242,0.860391,0.856194,0.854203,0.763358,0.865368,0.917912,0.755423,0.830634,1,0.948112,0.70036,0.8382,0.941998,0.747204,0.822081,0.883152,0.577469,0.505815,0.650448,0.50277,0.576893,0.854876,0.890788,0.667275,0.222753,0.286444,0.77592,0.951438,0.90916,0.521995,0.689399,0.94385,0.847552,0.961764,0.901157,0.8727,0.893272,0.597968,0.594314,0.802639,0.684058,0.752388,0.864751,0.856626,0.834677,0.720147,0.872523,0.822794,0.582426,0.767589,0.727429,0.8508,0.942534,0.976413,0.770603,0.871408,0.943075,0.754272,0.87985,0.936702,0.535396,0.503731,0.62782,0.708091,0.807379,0.851162,0.498298,0.423165,0.496008,0.632928,0.946232,0.911772,0.463352,0.785125
0.906612,0.804962,0.878888,0.798835,0.82073,0.82356,0.771789,0.712964,0.668148,0.544055,0.718657,0.841172,0.807959,0.807479,0.828709,0.878194,0.8886,0.771288,0.825205,0.948112,1,0.742971,0.850833,0.91049,0.767827,0.788198,0.869137,0.642245,0.452643,0.648504,0.513805,0.640852,0.895269,0.919103,0.608712,0.170371,0.352091,0.708654,0.963214,0.902785,0.401551,0.757165,0.884363,0.797141,0.92156,0.867587,0.842359,0.886687,0.614039,0.670743,0.791695,0.603792,0.693169,0.826495,0.807327,0.785481,0.743234,0.862969,0.765307,0.567475,0.755043,0.769484,0.874763,0.954933,0.954269,0.748799,0.871903,0.907163,0.76878,0.864784,0.929362,0.498438,0.438489,0.597161,0.676319,0.805245,0.834501,0.46166,0.522513,0.533452,0.661302,0.942398,0.901088,0.437032,0.82903
0.641591,0.640119,0.681319,0.657095,0.571343,0.676153,0.690753,0.602432,0.675417,0.439608,0.541711,0.600599,0.66753,0.645876,0.676626,0.643783,0.644121,0.680009,0.585455,0.70036,0.742971,1,0.687575,0.722725,0.600009,0.585535,0.733393,0.466831,0.372449,0.566706,0.265039,0.376213,0.667306,0.76383,0.421388,0.149199,0.444704,0.642672,0.693692,0.703195,0.25769,0.743898,0.737965,0.587109,0.717418,0.689897,0.659962,0.634782,0.582726,0.61476,0.508597,0.507356,0.402239,0.610293,0.598681,0.634709,0.645665,0.683579,0.587429,0.335036,0.674478,0.474163,0.680886,0.79027,0.731424,0.654748,0.587795,0.70191,0.409514,0.608133,0.733303,0.29341,0.295544,0.226622,0.39814,0.752097,0.576856,0.581085,0.627953,0.46987,0.513239,0.67217,0.738093,0.206007,0.714152
0.857839,0.766686,0.795172,0.74851,0.74975,0.772806,0.737593,0.619077,0.623534,0.444145,0.644174,0.7415,0.748779,0.780344,0.73318,0.836803,0.757514,0.767134,0.702352,0.8382,0.850833,0.687575,1,0.899292,0.678406,0.753738,0.791882,0.543168,0.524346,0.536677,0.285708,0.437548,0.725982,0.756791,0.519022,0.3923,0.379011,0.755047,0.860498,0.761097,0.367547,0.537615,0.858667,0.776694,0.879748,0.803432,0.788561,0.764338,0.592423,0.57217,0.794094,0.499723,0.58413,0.796598,0.760325,0.799458,0.604598,0.794222,0.761682,0.448448,0.724164,0.618709,0.72293,0.850989,0.847264,0.677293,0.862113,0.875551,0.736953,0.828211,0.90334,0.235133,0.411309,0.503262,0.596148,0.7701,0.694679,0.478222,0.447817,0.628094,0.504318,0.820923,0.816018,0.312544,0.707504
0.941884,0.882857,0.879694,0.818221,0.858775,0.897278,0.747885,0.624793,0.719957,0.604212,0.801907,0.782796,0.857175,0.912901,0.726953,0.888575,0.863614,0.807181,0.837295,0.941998,0.91049,0.722725,0.899292,1,0.797034,0.813847,0.846124,0.505766,0.599017,0.706849,0.425721,0.538921,0.839553,0.848276,0.664984,0.296356,0.301351,0.828896,0.913444,0.8719,0.533816,0.655255,0.95236,0.881122,0.948319,0.884893,0.894434,0.865098,0.634974,0.527242,0.84971,0.705341,0.743673,0.84908,0.839906,0.898881,0.700949,0.879959,0.822809,0.545394,0.773093,0.709453,0.820378,0.921722,0.934844,0.74084,0.893416,0.974145,0.78853,0.9221,0.930409,0.386274,0.405715,0.547237,0.634704,0.784431,0.763622,0.48393,0.504532,0.614324,0.562511,0.908156,0.921902,0.440454,0.708393
0.70809,0.689957,0.656237,0.580568,0.700731,0.680901,0.572394,0.628336,0.60803,0.410936,0.583146,0.590143,0.620717,0.754623,0.629081,0.711241,0.660299,0.704087,0.611225,0.747204,0.767827,0.600009,0.678406,0.797034,1,0.661582,0.692097,0.503848,0.325947,0.524665,0.415394,0.452782,0.713372,0.706664,0.530345,0.115511,0.121102,0.622759,0.734016,0.722094,0.462764,0.651876,0.692553,0.593747,0.702037,0.63442,0.705196,0.664274,0.509283,0.433105,0.728536,0.596343,0.539075,0.620626,0.631259,0.685009,0.596529,0.7022,0.583975,0.493367,0.6319,0.612033,0.682473,0.723492,0.748147,0.628654,0.664818,0.775008,0.616424,0.761532,0.77594,0.352589,0.199971,0.33906,0.409413,0.601664,0.564503,0.401935,0.479536,0.404996,0.556684,0.687465,0.776602,0.520884,0.582914
0.795191,0.785284,0.796501,0.795909,0.697782,0.802855,0.820643,0.531488,0.654078,0.611418,0.746436,0.816835,0.811102,0.786833,0.71923,0.776523,0.802061,0.653418,0.699242,0.822081,0.788198,0.585535,0.753738,0.813847,0.661582,1,0.744754,0.44685,0.530214,0.573577,0.265159,0.377425,0.74535,0.739832,0.493574,0.304439,0.292875,0.742283,0.763441,0.795868,0.423733,0.527153,0.808146,0.796412,0.817863,0.72481,0.76482,0.830018,0.577965,0.545838,0.746427,0.588381,0.71036,0.793502,0.797856,0.812119,0.525975,0.831848,0.749389,0.514457,0.704099,0.589947,0.706733,0.824856,0.835199,0.678578,0.756158,0.819266,0.613955,0.753363,0.784272,0.551145,0.451097,0.503502,0.667387,0.69976,0.671591,0.361767,0.267181,0.487308,0.706812,0.772204,0.74694,0.454282,0.669387
0.836658,0.794974,0.815756,0.790868,0.800485,0.764763,0.786118,0.573918,0.629519,0.567657,0.679866,0.776986,0.793142,0.822275,0.737287,0.834066,0.834996,0.743572,0.695824,0.883152,0.869137,0.733393,0.791882,0.846124,0.692097,0.744754,1,0.531064,0.428577,0.581843,0.462629,0.558582,0.730178,0.872961,0.588995,0.142175,0.388112,0.631583,0.881548,0.773009,0.381267,0.730322,0.861991,0.782156,0.874492,0.834292,0.794281,0.837216,0.632735,0.606468,0.677226,0.603662,0.67465,0.801076,0.783529,0.795623,0.681233,0.80308,0.81329,0.539022,0.79209,0.612591,0.853674,0.900482,0.890671,0.722805,0.767944,0.85574,0.639763,0.77883,0.881056,0.435886,0.442968,0.471898,0.624778,0.710882,0.706839,0.452242,0.406172,0.504268,0.629764,0.820347,0.852414,0.36636,0.795337
0.612013,0.42282,0.585546,0.414198,0.475785,0.379824,0.478918,0.522578,0.267049,0.189169,0.268419,0.520352,0.399667,0.383904,0.449291,0.411132,0.511841,0.458134,0.400589,0.577469,0.642245,0.466831,0.543168,0.505766,0.503848,0.44685,0.531064,1,-0.177308,0.3083,0.258018,0.577311,0.555944,0.545551,0.294825,0.2141,0.208337,0.298969,0.682477,0.49538,0.0667876,0.597422,0.503267,0.394999,0.586469,0.515754,0.547105,0.522976,0.420456,0.510486,0.607892,0.210039,0.293673,0.454105,0.392572,0.415714,0.567729,0.388678,0.361703,0.46181,0.563499,0.613738,0.517976,0.519231,0.563391,0.653791,0.599777,0.48713,0.44915,0.512782,0.606922,0.396394,0.371187,0.47836,0.542309,0.52061,0.46813,0.36115,0.27116,0.344111,0.379144,0.636464,0.538814,0.275445,0.56574
0.524515,0.626961,0.490924,0.550029,0.439801,0.566933,0.514846,0.11358,0.530483,0.535663,0.667941,0.503614,0.661581,0.60318,0.395528,0.670353,0.560608,0.449509,0.62283,0.505815,0.452643,0.372449,0.524346,0.599017,0.325947,0.530214,0.428577,-0.177308,1,0.477668,0.21216,0.0742067,0.443835,0.423858,0.469985,0.0327069,0.156804,0.572705,0.389937,0.471599,0.331048,0.213909,0.586746,0.671749,0.556186,0.533982,0.520109,0.493395,0.441921,0.183546,0.322224,0.514056,0.568993,0.573328,0.67131,0.639038,0.211448,0.64357,0.68251,0.158148,0.398121,0.248738,0.546017,0.556458,0.511351,0.361288,0.417794,0.562624,0.481248,0.52905,0.479301,0.0625382,0.177837,0.201611,0.335281,0.463973,0.494783,0.184386,0.282365,0.358969,0.31595,0.455378,0.443082,0.277056,0.211159
0.696172,0.683897,0.663364,0.619174,0.711862,0.70036,0.556767,0.483989,0.512656,0.703052,0.721668,0.491602,0.718871,0.696839,0.461102,0.626241,0.662995,0.582723,0.736621,0.650448,0.648504,0.566706,0.536677,0.706849,0.524665,0.573577,0.581843,0.3083,0.477668,1,0.31898,0.355151,0.752813,0.640707,0.605946,0.259072,0.130699,0.662742,0.644332,0.632462,0.390955,0.631888,0.684778,0.608622,0.675815,0.667759,0.691084,0.689466,0.425079,0.268443,0.596611,0.732153,0.698169,0.627533,0.657641,0.681861,0.53479,0.672639,0.600715,0.314305,0.591733,0.372662,0.566125,0.663836,0.691908,0.456978,0.629728,0.695902,0.458132,0.691028,0.592901,0.204177,0.173868,0.296663,0.388606,0.595645,0.537487,0.310906,0.518972,0.460748,0.420082,0.686334,0.690499,0.457442,0.442971
0.437458,0.476557,0.445408,0.350462,0.459024,0.440088,0.231983,0.295381,0.26905,0.34696,0.344449,0.317775,0.411283,0.471472,0.441061,0.429335,0.471184,0.339981,0.460547,0.50277,0.513805,0.265039,0.285708,0.425721,0.415394,0.265159,0.462629,0.258018,0.21216,0.31898,1,0.442021,0.5134,0.459208,0.297889,-0.101483,-0.126454,0.283452,0.476364,0.519402,0.155901,0.428937,0.417687,0.4173,0.475308,0.495823,0.367558,0.504291,0.223318,0.452611,0.41406,0.478493,0.435217,0.371799,0.409184,0.450668,0.532261,0.423794,0.376849,0.382895,0.297647,0.438559,0.542399,0.481905,0.478238,0.384892,0.369435,0.435923,0.303518,0.531171,0.402043,0.407385,0.336924,0.336208,0.355338,0.290713,0.488396,0.19535,0.446226,0.19548,0.296018,0.539662,0.436054,0.205154,0.398853
0.585409,0.49915,0.535511,0.348138,0.568975,0.438692,0.348211,0.509251,0.2679,0.326436,0.418532,0.555347,0.497179,0.505221,0.379382,0.557435,0.53092,0.428948,0.413819,0.576893,0.640852,0.376213,0.437548,0.538921,0.452782,0.377425,0.558582,0.577311,0.0742067,0.355151,0.442021,1,0.51815,0.625477,0.511668,0.250755,0.413966,0.161115,0.62309,0.483849,0.242378,0.596873,0.512153,0.512793,0.597445,0.588001,0.625346,0.613793,0.325364,0.476176,0.551701,0.434274,0.561581,0.518279,0.505483,0.415225,0.744325,0.503016,0.499397,0.373733,0.47827,0.768214,0.536817,0.552027,0.610125,0.489778,0.536582,0.551655,0.529864,0.532046,0.515669,0.446531,0.262358,0.58918,0.480263,0.331406,0.536944,0.479074,0.210244,0.419675,0.377041,0.698384,0.549793,0.154266,0.524675
0.84149,0.762123,0.816216,0.723939,0.77285,0.814283,0.721936,0.643464,0.629021,0.570708,0.692497,0.668947,0.720752,0.776007,0.721867,0.770841,0.800853,0.725746,0.829863,0.854876,0.895269,0.667306,0.725982,0.839553,0.713372,0.74535,0.730178,0.555944,0.443835,0.752813,0.5134,0.51815,1,0.797441,0.585966,0.204572,0.240046,0.698945,0.858787,0.888401,0.400579,0.768111,0.783217,0.701922,0.831333,0.771694,0.772567,0.866404,0.51806,0.636764,0.687671,0.61613,0.642523,0.740032,0.731952,0.787416,0.644455,0.810709,0.664437,0.493676,0.649037,0.596359,0.72321,0.846267,0.866364,0.641727,0.775285,0.824835,0.679467,0.832437,0.834778,0.429133,0.401501,0.568734,0.487429,0.782351,0.769186,0.398421,0.505508,0.475366,0.597367,0.870889,0.863951,0.577845,0.694363
0.835939,0.760411,0.859223,0.777452,0.755781,0.749952,0.755935,0.722321,0.685509,0.576387,0.71465,0.831703,0.828415,0.764678,0.795108,0.845397,0.872261,0.716706,0.716518,0.890788,0.919103,0.76383,0.756791,0.848276,0.706664,0.739832,0.872961,0.545551,0.423858,0.640707,0.459208,0.625477,0.797441,1,0.612719,0.148372,0.403177,0.665374,0.876755,0.815235,0.403277,0.790585,0.867353,0.779138,0.880516,0.845835,0.813613,0.852067,0.568864,0.635285,0.659291,0.63457,0.708666,0.825515,0.805173,0.742331,0.78789,0.857729,0.770254,0.455245,0.766762,0.723878,0.857198,0.904938,0.91517,0.738048,0.815056,0.871993,0.708355,0.79989,0.888645,0.522252,0.356666,0.543636,0.695195,0.761149,0.765546,0.559454,0.494998,0.531503,0.623744,0.87491,0.870181,0.360063,0.833529
0.633567,0.547427,0.603091,0.560289,0.643127,0.589564,0.466985,0.496551,0.45449,0.565727,0.679918,0.590295,0.661354,0.614898,0.305355,0.565035,0.669894,0.519079,0.695308,0.667275,0.608712,0.421388,0.519022,0.664984,0.530345,0.493574,0.588995,0.294825,0.469985,0.605946,0.297889,0.511668,0.585966,0.612719,1,0.135619,0.330548,0.603907,0.602332,0.593369,0.419326,0.488638,0.652636,0.566615,0.648461,0.705872,0.611281,0.601463,0.453413,0.27658,0.504609,0.709679,0.683236,0.728437,0.72392,0.521401,0.466124,0.549321,0.695389,0.521876,0.435255,0.479272,0.489917,0.613698,0.645052,0.470442,0.533952,0.683072,0.658881,0.686297,0.62492,0.315959,0.216378,0.456411,0.488679,0.433056,0.525978,0.51338,0.27321,0.356077,0.382131,0.667898,0.639354,0.455929,0.356193
0.277498,0.183895,0.283725,0.250551,0.31702,0.262342,0.242629,0.32926,0.128115,0.162878,0.272775,0.167264,0.197834,0.199535,0.0590102,0.190145,0.106579,0.319441,0.188311,0.222753,0.170371,0.149199,0.3923,0.296356,0.115511,0.304439,0.142175,0.2141,0.0327069,0.259072,-0.101483,0.250755,0.204572,0.148372,0.135619,1,0.196798,0.26796,0.246109,0.137353,0.303012,0.0417051,0.307785,0.211375,0.336096,0.278216,0.285315,0.237979,0.109942,0.212586,0.418691,0.257081,0.23917,0.280671,0.245652,0.235736,0.253796,0.242515,0.215009,0.0340241,0.284512,0.17452,0.0491443,0.198366,0.269475,0.17276,0.40123,0.277662,0.269526,0.280177,0.232169,-0.0792635,0.259388,0.381745,0.171874,0.191207,0.232932,0.291372,-0.0605938,0.463131,0.17092,0.300991,0.266387,-0.155848,0.268808
0.275856,0.34127,0.254812,0.340124,0.218447,0.237854,0.456669,0.371709,0.234904,0.145199,0.246468,0.413795,0.325513,0.288366,0.279714,0.385325,0.35687,0.22376,0.233619,0.286444,0.352091,0.444704,0.379011,0.301351,0.121102,0.292875,0.388112,0.208337,0.156804,0.130699,-0.126454,0.413966,0.240046,0.403177,0.330548,0.196798,1,0.212453,0.316218,0.258678,-0.0587649,0.356444,0.337622,0.396915,0.317396,0.359342,0.359479,0.334896,0.266958,0.455339,0.23003,0.164577,0.213379,0.421905,0.340731,0.278998,0.261868,0.40017,0.358244,0.0973934,0.366713,0.444295,0.235636,0.413265,0.363237,0.301775,0.295986,0.338316,0.361875,0.241814,0.339581,0.212068,0.0425639,0.253381,0.117923,0.378887,0.201034,0.3814,0.17738,0.377756,0.384136,0.354278,0.328168,-0.0236309,0.300294
0.740308,0.653591,0.72793,0.729407,0.693462,0.772642,0.67072,0.491763,0.701108,0.539234,0.688682,0.628598,0.70872,0.722765,0.659228,0.642321,0.696607,0.649684,0.793167,0.77592,0.708654,0.642672,0.755047,0.828896,0.622759,0.742283,0.631583,0.298969,0.572705,0.662742,0.283452,0.161115,0.698945,0.665374,0.603907,0.26796,0.212453,1,0.719172,0.785295,0.50602,0.419378,0.805834,0.678062,0.757437,0.725346,0.656422,0.675423,0.572727,0.36701,0.704953,0.657035,0.597268,0.725627,0.693037,0.727034,0.445706,0.724361,0.620022,0.502912,0.573869,0.445381,0.586484,0.763361,0.732894,0.525855,0.726704,0.806729,0.609343,0.772371,0.778912,0.316487,0.350838,0.371957,0.548256,0.727009,0.574215,0.378773,0.467456,0.494522,0.538472,0.722342,0.769474,0.393429,0.558455
0.936287,0.775038,0.897655,0.783326,0.855885,0.782911,0.737285,0.673365,0.599197,0.545662,0.684679,0.802998,0.768506,0.794867,0.771305,0.816743,0.861685,0.739064,0.810133,0.951438,0.963214,0.693692,0.860498,0.913444,0.734016,0.763441,0.881548,0.682477,0.389937,0.644332,0.476364,0.62309,0.858787,0.876755,0.602332,0.246109,0.316218,0.719172,1,0.870537,0.464653,0.724327,0.898998,0.7791,0.929396,0.878324,0.846408,0.867927,0.591509,0.616621,0.813196,0.584808,0.675994,0.799349,0.761029,0.784887,0.714055,0.80092,0.742312,0.616529,0.751429,0.717128,0.83508,0.920279,0.935742,0.762719,0.870428,0.910773,0.750128,0.868639,0.925836,0.479933,0.52765,0.634966,0.671111,0.81109,0.821594,0.436341,0.452565,0.528942,0.607078,0.935816,0.91115,0.408029,0.817584
0.812174,0.733896,0.795698,0.752508,0.789503,0.865641,0.682662,0.608104,0.718102,0.515573,0.68447,0.756254,0.761759,0.815701,0.751945,0.77189,0.821916,0.729374,0.821988,0.90916,0.902785,0.703195,0.761097,0.8719,0.722094,0.795868,0.773009,0.49538,0.471599,0.632462,0.519402,0.483849,0.888401,0.815235,0.593369,0.137353,0.258678,0.785295,0.870537,1,0.389688,0.670283,0.810685,0.747524,0.835535,0.768975,0.758791,0.851639,0.556101,0.629643,0.707944,0.603105,0.6477,0.759366,0.749025,0.788742,0.599181,0.815855,0.689721,0.601349,0.667589,0.634736,0.722604,0.881326,0.902788,0.649762,0.75945,0.855536,0.6898,0.79265,0.871593,0.518147,0.450344,0.508627,0.583174,0.751419,0.757814,0.44093,0.487388,0.411177,0.61752,0.892144,0.881904,0.541239,0.733019
0.507294,0.341204,0.507423,0.347329,0.553103,0.454967,0.271223,0.294827,0.217841,0.429289,0.462404,0.36034,0.402114,0.39393,0.23106,0.344327,0.38619,0.299728,0.495305,0.521995,0.401551,0.25769,0.367547,0.533816,0.462764,0.423733,0.381267,0.0667876,0.331048,0.390955,0.155901,0.242378,0.400579,0.403277,0.419326,0.303012,-0.0587649,0.50602,0.464653,0.389688,1,0.207755,0.522722,0.325431,0.489409,0.507746,0.516185,0.461995,0.0574266,0.0937193,0.490855,0.536678,0.477653,0.454223,0.426736,0.354197,0.320377,0.424134,0.354103,0.369567,0.179692,0.231726,0.338138,0.387838,0.467036,0.304605,0.480948,0.528771,0.428065,0.513336,0.419616,0.256907,0.337619,0.432678,0.225149,0.460031,0.564582,0.330123,0.0132656,0.304728,0.245331,0.429752,0.559112,0.151319,0.372343
0.678393,0.621849,0.70214,0.607502,0.697641,0.612452,0.581646,0.623421,0.496739,0.496701,0.50211,0.571301,0.614816,0.638626,0.621501,0.640497,0.701718,0.579592,0.570813,0.689399,0.757165,0.743898,0.537615,0.655255,0.651876,0.527153,0.730322,0.597422,0.213909,0.631888,0.428937,0.596873,0.768111,0.790585,0.488638,0.0417051,0.356444,0.419378,0.724327,0.670283,0.207755,1,0.647977,0.550291,0.692041,0.649569,0.691549,0.712476,0.48658,0.613576,0.489335,0.524055,0.484999,0.587563,0.572116,0.595956,0.652144,0.657472,0.551699,0.359122,0.64049,0.52361,0.692505,0.735083,0.737387,0.652011,0.570766,0.646328,0.444478,0.616085,0.667511,0.304693,0.234051,0.405174,0.418916,0.667924,0.5681,0.459512,0.471865,0.337169,0.469971,0.727426,0.735828,0.442205,0.654542
0.940832,0.856608,0.927972,0.870879,0.80813,0.844749,0.804452,0.626816,0.700132,0.670486,0.838773,0.807764,0.880856,0.854548,0.73819,0.854836,0.896049,0.748341,0.810405,0.94385,0.884363,0.737965,0.858667,0.95236,0.692553,0.808146,0.861991,0.503267,0.586746,0.684778,0.417687,0.512153,0.783217,0.867353,0.652636,0.307785,0.337622,0.805834,0.898998,0.810685,0.522722,0.647977,1,0.887886,0.969719,0.932585,0.867649,0.851452,0.593387,0.55091,0.80778,0.731598,0.768259,0.865737,0.861422,0.86443,0.722943,0.862479,0.849593,0.539684,0.793701,0.686563,0.859162,0.922665,0.929183,0.815639,0.869564,0.948499,0.721702,0.885749,0.901548,0.453223,0.489959,0.587265,0.703848,0.810393,0.805966,0.517456,0.476898,0.608405,0.593773,0.895801,0.879577,0.33533,0.750365
0.873769,0.944289,0.814571,0.826052,0.743665,0.797426,0.759927,0.445937,0.658838,0.645434,0.82178,0.820314,0.89763,0.901294,0.665756,0.896864,0.875782,0.664112,0.752887,0.847552,0.797141,0.587109,0.776694,0.881122,0.593747,0.796412,0.782156,0.394999,0.671749,0.608622,0.4173,0.512793,0.701922,0.779138,0.566615,0.211375,0.396915,0.678062,0.7791,0.747524,0.325431,0.550291,0.887886,1,0.88357,0.829784,0.865362,0.839366,0.59981,0.51458,0.74017,0.649411,0.782487,0.833103,0.84804,0.922522,0.63422,0.881891,0.860669,0.450973,0.783395,0.758554,0.800025,0.858049,0.855655,0.726179,0.804811,0.884179,0.724478,0.827308,0.802833,0.488817,0.381995,0.484514,0.674901,0.669368,0.687215,0.376414,0.438926,0.540992,0.585349,0.825283,0.774011,0.358143,0.565198
0.963884,0.866473,0.959931,0.877586,0.863161,0.83141,0.815386,0.634827,0.683817,0.679639,0.828571,0.86105,0.896662,0.864557,0.748191,0.886971,0.923599,0.761711,0.807658,0.961764,0.92156,0.717418,0.879748,0.948319,0.702037,0.817863,0.874492,0.586469,0.556186,0.675815,0.475308,0.597445,0.831333,0.880516,0.648461,0.336096,0.317396,0.757437,0.929396,0.835535,0.489409,0.692041,0.969719,0.88357,1,0.949503,0.899915,0.900509,0.630988,0.625461,0.81645,0.727607,0.794214,0.904019,0.901576,0.872369,0.771821,0.887009,0.885458,0.525782,0.792003,0.7285,0.870458,0.93684,0.953866,0.811647,0.892089,0.944103,0.749994,0.894784,0.927093,0.465898,0.512048,0.647941,0.724449,0.806944,0.836337,0.545824,0.434701,0.587312,0.625631,0.947506,0.886163,0.399633,0.783821
0.921811,0.817121,0.942933,0.871456,0.809736,0.772889,0.783462,0.628442,0.579643,0.758135,0.849493,0.822438,0.89114,0.793453,0.708536,0.805778,0.918983,0.628551,0.795531,0.901157,0.867587,0.689897,0.803432,0.884893,0.63442,0.72481,0.834292,0.515754,0.533982,0.667759,0.495823,0.588001,0.771694,0.845835,0.705872,0.278216,0.359342,0.725346,0.878324,0.768975,0.507746,0.649569,0.932585,0.829784,0.949503,1,0.85234,0.875875,0.537585,0.638909,0.769683,0.788128,0.846405,0.904277,0.895525,0.79544,0.748597,0.806731,0.883529,0.568888,0.69807,0.685869,0.82312,0.894019,0.886883,0.802319,0.815576,0.906057,0.716529,0.862504,0.851338,0.514741,0.552114,0.614909,0.680648,0.752449,0.835026,0.563881,0.497617,0.553965,0.626547,0.903939,0.843005,0.328909,0.747863
0.913601,0.878865,0.871462,0.744965,0.830374,0.785267,0.740549,0.574109,0.522047,0.661556,0.761717,0.820639,0.881426,0.873664,0.590685,0.865836,0.84708,0.670922,0.765395,0.8727,0.842359,0.659962,0.788561,0.894434,0.705196,0.76482,0.794281,0.547105,0.520109,0.691084,0.367558,0.625346,0.772567,0.813613,0.611281,0.285315,0.359479,0.656422,0.846408,0.758791,0.516185,0.691549,0.867649,0.865362,0.899915,0.85234,1,0.904351,0.550172,0.544825,0.774283,0.684401,0.775333,0.844085,0.837068,0.845208,0.701518,0.870636,0.798671,0.446289,0.790596,0.711501,0.770791,0.845918,0.893687,0.735993,0.85061,0.882613,0.724099,0.824807,0.828294,0.431251,0.363634,0.557548,0.627532,0.785493,0.757577,0.530087,0.422521,0.569832,0.582643,0.883582,0.85671,0.40971,0.667687
0.905137,0.850146,0.903592,0.814223,0.829095,0.818004,0.806313,0.626981,0.569407,0.729643,0.800782,0.829244,0.864143,0.856411,0.724454,0.841265,0.887843,0.649049,0.77754,0.893272,0.886687,0.634782,0.764338,0.865098,0.664274,0.830018,0.837216,0.522976,0.493395,0.689466,0.504291,0.613793,0.866404,0.852067,0.601463,0.237979,0.334896,0.675423,0.867927,0.851639,0.461995,0.712476,0.851452,0.839366,0.900509,0.875875,0.904351,1,0.512447,0.663902,0.758063,0.712003,0.82928,0.875104,0.859855,0.847894,0.712001,0.889501,0.813322,0.519927,0.720447,0.679075,0.782624,0.881002,0.911472,0.708207,0.828684,0.883419,0.698609,0.839629,0.843004,0.560977,0.47333,0.631886,0.669064,0.761874,0.801996,0.496229,0.404417,0.544977,0.677063,0.913419,0.864078,0.488777,0.765471
0.578176,0.616258,0.545811,0.573895,0.512534,0.56029,0.64429,0.246293,0.647592,0.403941,0.520049,0.594279,0.60214,0.594474,0.497859,0.651374,0.584462,0.621455,0.54845,0.597968,0.614039,0.582726,0.592423,0.634974,0.509283,0.577965,0.632735,0.420456,0.441921,0.425079,0.223318,0.325364,0.51806,0.568864,0.453413,0.109942,0.266958,0.572727,0.591509,0.556101,0.0574266,0.48658,0.593387,0.59981,0.630988,0.537585,0.550172,0.512447,1,0.350516,0.493485,0.446391,0.44877,0.567327,0.581186,0.593749,0.473042,0.608222,0.597812,0.274021,0.581248,0.539976,0.647632,0.690678,0.603836,0.457558,0.542785,0.577204,0.404507,0.5636,0.659273,0.182472,0.175816,0.276875,0.533653,0.492796,0.28564,0.192051,0.336738,0.514315,0.550535,0.583291,0.521669,0.366301,0.486881
0.568569,0.552766,0.634318,0.645579,0.456559,0.530741,0.671219,0.56867,0.29808,0.356994,0.412036,0.625028,0.558335,0.50484,0.656555,0.577972,0.645755,0.377818,0.435702,0.594314,0.670743,0.61476,0.57217,0.527242,0.433105,0.545838,0.606468,0.510486,0.183546,0.268443,0.452611,0.476176,0.636764,0.635285,0.27658,0.212586,0.455339,0.36701,0.616621,0.629643,0.0937193,0.613576,0.55091,0.51458,0.625461,0.638909,0.544825,0.663902,0.350516,1,0.481549,0.306486,0.400984,0.598751,0.563392,0.550943,0.506013,0.628858,0.529139,0.327135,0.466913,0.523856,0.592459,0.675798,0.63339,0.634509,0.506597,0.551673,0.488269,0.51856,0.626061,0.455829,0.633665,0.569419,0.446772,0.566604,0.645794,0.473367,0.415871,0.346434,0.566858,0.658179,0.611238,0.103335,0.714115
0.834866,0.76991,0.750339,0.691753,0.779135,0.754335,0.63116,0.622425,0.485971,0.525101,0.693787,0.666275,0.711121,0.754993,0.62836,0.723849,0.725108,0.614888,0.698442,0.802639,0.791695,0.508597,0.794094,0.84971,0.728536,0.746427,0.677226,0.607892,0.322224,0.596611,0.41406,0.551701,0.687671,0.659291,0.504609,0.418691,0.23003,0.704953,0.813196,0.707944,0.490855,0.489335,0.80778,0.74017,0.81645,0.769683,0.774283,0.758063,0.493485,0.481549,1,0.629045,0.685686,0.718563,0.691728,0.74412,0.648567,0.736317,0.639652,0.563384,0.639999,0.755288,0.685761,0.767255,0.792549,0.645008,0.84931,0.833645,0.666012,0.841633,0.74971,0.411991,0.433559,0.577543,0.617179,0.642425,0.636404,0.346214,0.411498,0.628387,0.539083,0.818642,0.773485,0.273028,0.611861
0.674946,0.686134,0.708838,0.680256,0.715302,0.662989,0.578946,0.454092,0.574236,0.851371,0.852123,0.565945,0.774736,0.718515,0.457109,0.615722,0.722841,0.539671,0.697192,0.684058,0.603792,0.507356,0.499723,0.705341,0.596343,0.588381,0.603662,0.210039,0.514056,0.732153,0.478493,0.434274,0.61613,0.63457,0.709679,0.257081,0.164577,0.657035,0.584808,0.603105,0.536678,0.524055,0.731598,0.649411,0.727607,0.788128,0.684401,0.712003,0.446391,0.306486,0.629045,1,0.863421,0.74442,0.793303,0.656859,0.608273,0.683958,0.749352,0.480455,0.510053,0.49525,0.60079,0.669962,0.687279,0.543396,0.57216,0.700595,0.450182,0.699158,0.581818,0.37742,0.237148,0.349191,0.441356,0.518258,0.55699,0.413385,0.389559,0.46525,0.592589,0.697178,0.642208,0.420235,0.458972
0.779261,0.762279,0.786183,0.737582,0.735786,0.706056,0.666533,0.437119,0.509412,0.857854,0.894743,0.737563,0.879767,0.753538,0.549163,0.74149,0.828091,0.485543,0.700737,0.752388,0.693169,0.402239,0.58413,0.743673,0.539075,0.71036,0.67465,0.293673,0.568993,0.698169,0.435217,0.561581,0.642523,0.708666,0.683236,0.23917,0.213379,0.597268,0.675994,0.6477,0.477653,0.484999,0.768259,0.782487,0.794214,0.846405,0.775333,0.82928,0.44877,0.400984,0.685686,0.863421,1,0.824463,0.877041,0.725848,0.629544,0.749337,0.850816,0.49913,0.601991,0.624088,0.685331,0.730973,0.767716,0.611263,0.676755,0.767826,0.584106,0.729258,0.64721,0.53361,0.370283,0.491696,0.630429,0.525053,0.66712,0.373587,0.32763,0.487926,0.635153,0.778052,0.672479,0.419592,0.532998
