1,0.923737,0.896632,0.797108,0.787063,0.789653,0.756699,0.740186,0.777323,0.733922,0.769966,0.822312,0.846203,0.863147,0.713436,0.689939,0.81632,0.606665,0.623245,0.766772,0.703292,0.491322,0.757316,0.853491,0.461827,0.439971,0.605666,0.733562,0.423241,0.00397077,0.010904,0.625016,0.730356,0.719093,0.305947,0.437277,0.336309,0.530236,0.679107,0.729572,0.536741,0.639218,0.923406,0.93844,0.916717,0.699242,0.654702,0.657656,0.579618,0.710335,0.592684,0.810383,0.788104,0.864316,0.879864,0.831385,0.710753,0.771646,0.889574,0.503911,0.470637,0.589244,0.543444,0.827611,0.793814,0.651463,0.683413,0.814725,0.497728,0.62903,0.723405,0.534613,0.199353,0.312271,0.567584,0.614314,0.676382,0.523828,-0.0755763,0.208843,0.286437,0.633935,0.730914,0.133819,0.333611
0.923737,1,0.831434,0.747473,0.803833,0.776394,0.765299,0.742592,0.717548,0.70207,0.758023,0.874492,0.85634,0.865916,0.70536,0.73127,0.798425,0.55807,0.640847,0.751862,0.723289,0.376932,0.761396,0.804032,0.405972,0.41943,0.579993,0.692415,0.380409,0.0530794,0.0474956,0.615782,0.779956,0.739937,0.395137,0.367107,0.430298,0.398926,0.72835,0.746327,0.514775,0.679361,0.864981,0.942448,0.850004,0.65503,0.615026,0.7665,0.621408,0.777335,0.565675,0.701578,0.72854,0.910219,0.887477,0.842939,0.774835,0.846357,0.8432,0.486984,0.350587,0.604508,0.533384,0.856606,0.791118,0.592649,0.650445,0.775277,0.491341,0.519174,0.674766,0.362352,0.181963,0.149004,0.574737,0.640333,0.626625,0.529252,-0.0357031,0.217574,0.265381,0.631859,0.678682,0.116817,0.374428
0.896632,0.831434,1,0.858777,0.720093,0.773425,0.790076,0.787758,0.816023,0.791347,0.862827,0.815092,0.901091,0.803293,0.664926,0.722847,0.881313,0.619392,0.63638,0.761724,0.741684,0.565213,0.78541,0.874618,0.312899,0.554829,0.640354,0.734331,0.61108,0.247828,0.0364542,0.671576,0.709975,0.749597,0.320035,0.354084,0.242499,0.478854,0.709516,0.804947,0.40794,0.637104,0.848932,0.846518,0.957831,0.760433,0.746466,0.570913,0.580616,0.669999,0.596742,0.79716,0.878542,0.83568,0.875876,0.767843,0.64395,0.760035,0.892995,0.520484,0.54235,0.577386,0.668108,0.818915,0.814298,0.707091,0.7369,0.869191,0.505933,0.667351,0.770311,0.530548,0.295923,0.417017,0.588265,0.638656,0.731476,0.516856,-0.171108,0.0840641,0.26991,0.597387,0.680092,-0.00474489,0.37271
0.797108,0.747473,0.858777,1,0.801535,0.720837,0.722675,0.631927,0.767771,0.749504,0.842406,0.708846,0.795154,0.68935,0.638932,0.524687,0.786953,0.523231,0.513744,0.662383,0.667424,0.489386,0.748095,0.858319,0.401087,0.653817,0.66723,0.7165,0.684847,0.26286,0.158032,0.503194,0.729817,0.673467,0.341647,0.304816,0.187067,0.429463,0.542412,0.706413,0.422778,0.599583,0.746483,0.769017,0.840185,0.800313,0.807142,0.621428,0.649382,0.699037,0.581933,0.843704,0.850474,0.760442,0.799043,0.662957,0.692495,0.616595,0.763461,0.436947,0.527455,0.62885,0.539907,0.727175,0.735442,0.705641,0.692827,0.896157,0.448088,0.64007,0.760863,0.485339,0.228828,0.358337,0.38006,0.517102,0.683906,0.511371,-0.0254599,0.291116,0.383044,0.477307,0.600428,0.0817204,0.370239
0.787063,0.803833,0.720093,0.801535,1,0.804521,0.722019,0.67642,0.656468,0.761278,0.723828,0.668715,0.705883,0.801417,0.77569,0.565526,0.691763,0.527382,0.538373,0.762169,0.714674,0.401352,0.707895,0.801615,0.470364,0.569695,0.694809,0.749101,0.444049,0.0306917,0.137106,0.56428,0.780965,0.691233,0.498295,0.332355,0.252609,0.532324,0.659135,0.695629,0.463733,0.654318,0.753536,0.818476,0.73708,0.686282,0.744121,0.796817,0.758086,0.772388,0.500537,0.769954,0.733861,0.785779,0.812411,0.775742,0.615478,0.714169,0.715661,0.326302,0.362194,0.582863,0.6148,0.824343,0.798992,0.679553,0.670161,0.786706,0.437255,0.573796,0.80839,0.388851,0.263615,0.28092,0.437131,0.573583,0.705945,0.556629,-0.111658,0.432263,0.446303,0.688993,0.704911,0.0792788,0.404491
0.789653,0.776394,0.773425,0.720837,0.804521,1,0.76701,0.719268,0.717805,0.717912,0.794553,0.77859,0.798917,0.743552,0.78611,0.693309,0.765671,0.682137,0.530985,0.797775,0.701899,0.565718,0.705078,0.850415,0.443385,0.561805,0.618428,0.810296,0.37462,0.00688831,0.00633953,0.545804,0.717827,0.631254,0.422745,0.303667,0.328326,0.438358,0.716398,0.712941,0.463662,0.618805,0.702928,0.766528,0.75206,0.560921,0.678863,0.657439,0.677816,0.69068,0.536319,0.725801,0.706721,0.732205,0.771106,0.761889,0.700718,0.725586,0.752794,0.353412,0.36605,0.671159,0.64988,0.777952,0.742466,0.719512,0.730563,0.770717,0.387423,0.622442,0.770097,0.415351,0.128746,0.348865,0.606193,0.530445,0.640027,0.536964,-0.220225,0.110015,0.440565,0.672904,0.669368,0.0630235,0.470764
0.756699,0.765299,0.790076,0.722675,0.722019,0.76701,1,0.669107,0.603188,0.764749,0.834423,0.699167,0.771132,0.681934,0.724413,0.60807,0.752617,0.591915,0.404899,0.717078,0.676038,0.493081,0.697343,0.779337,0.352213,0.418246,0.695718,0.700117,0.467382,0.0391035,0.136174,0.502724,0.654539,0.587551,0.384416,0.260423,0.257423,0.380883,0.622069,0.703393,0.324126,0.576702,0.706018,0.775388,0.752676,0.588744,0.630911,0.647772,0.652288,0.69076,0.654789,0.713599,0.688786,0.689543,0.750865,0.706164,0.643093,0.732582,0.76936,0.407955,0.299038,0.582888,0.469665,0.736257,0.7133,0.679001,0.672534,0.74602,0.350833,0.500136,0.717953,0.303125,0.185173,0.171066,0.389844,0.362788,0.597403,0.376684,-0.0913467,0.0889261,0.261316,0.540991,0.487069,0.145924,0.354683
0.740186,0.742592,0.787758,0.631927,0.67642,0.719268,0.669107,1,0.647013,0.652737,0.647694,0.749249,0.789088,0.707055,0.592955,0.672839,0.791011,0.51718,0.573433,0.747589,0.76525,0.67548,0.623086,0.704873,0.188839,0.523008,0.571613,0.685548,0.404022,0.175614,0.069557,0.649332,0.603156,0.632349,0.371767,0.129686,0.106198,0.581051,0.804269,0.780213,0.43802,0.468877,0.694393,0.693241,0.735534,0.676413,0.508545,0.588749,0.467596,0.668702,0.430284,0.560956,0.661529,0.725622,0.783205,0.695492,0.65709,0.698427,0.730054,0.375585,0.311081,0.516742,0.614903,0.815854,0.727769,0.684414,0.692492,0.675275,0.545747,0.472863,0.628184,0.247591,0.303002,0.39589,0.523717,0.665188,0.608655,0.530836,-0.235007,0.108379,0.273975,0.614987,0.599927,0.153687,0.272086
0.777323,0.717548,0.816023,0.767771,0.656468,0.717805,0.603188,0.647013,1,0.654977,0.699847,0.751477,0.807024,0.771748,0.66329,0.649265,0.752385,0.728382,0.60412,0.704509,0.583627,0.545803,0.799021,0.84356,0.495251,0.577606,0.569455,0.585114,0.581599,0.148011,0.0223986,0.579702,0.67615,0.698588,0.350201,0.457897,0.313051,0.497524,0.5672,0.693734,0.358758,0.560393,0.74266,0.774713,0.847227,0.742969,0.703345,0.493487,0.624186,0.615679,0.622881,0.728711,0.850326,0.789269,0.828434,0.787641,0.624655,0.626671,0.794181,0.385643,0.553704,0.598013,0.59806,0.734504,0.698447,0.532494,0.698479,0.850074,0.436447,0.57185,0.746142,0.664277,0.0505174,0.443678,0.579805,0.558007,0.696536,0.422054,-0.152801,0.160471,0.376222,0.546589,0.72984,0.272357,0.268415
0.733922,0.70207,0.791347,0.749504,0.761278,0.717912,0.764749,0.652737,0.654977,1,0.891532,0.747009,0.808912,0.716179,0.641676,0.691249,0.827303,0.636981,0.516246,0.76411,0.722762,0.493064,0.711056,0.769138,0.441819,0.492677,0.700544,0.675092,0.600593,0.120344,0.0577865,0.645628,0.668053,0.748266,0.4936,0.282026,0.163477,0.381913,0.657861,0.806681,0.397965,0.624983,0.708553,0.801167,0.791044,0.661962,0.646089,0.713772,0.546833,0.662427,0.510099,0.764244,0.79024,0.775573,0.844757,0.648074,0.532314,0.796748,0.826263,0.310241,0.430236,0.663409,0.590674,0.734152,0.728089,0.727346,0.551699,0.82329,0.510825,0.579151,0.727148,0.437956,0.320277,0.304577,0.482008,0.527528,0.703066,0.532988,-0.0169543,0.150574,0.252199,0.54088,0.585696,0.0554146,0.493477
0.769966,0.758023,0.862827,0.842406,0.723828,0.794553,0.834423,0.647694,0.699847,0.891532,1,0.775358,0.848171,0.675174,0.705173,0.696948,0.838782,0.582618,0.444952,0.698096,0.647554,0.443453,0.729665,0.829975,0.347034,0.508719,0.603528,0.650191,0.646734,0.146615,0.0924347,0.5434,0.636299,0.676036,0.407448,0.303532,0.208784,0.258106,0.5671,0.72629,0.385722,0.596319,0.704981,0.799387,0.813277,0.63483,0.676964,0.611767,0.582517,0.637714,0.626241,0.818319,0.821067,0.788066,0.832885,0.638973,0.645377,0.76152,0.845531,0.405812,0.505153,0.676981,0.548533,0.678168,0.690851,0.684223,0.593463,0.840384,0.390463,0.59409,0.682868,0.418697,0.265627,0.240032,0.462006,0.458138,0.632722,0.475155,-0.0801824,0.0539428,0.208649,0.410738,0.509744,-0.0010758,0.416334
0.822312,0.874492,0.815092,0.708846,0.668715,0.77859,0.699167,0.749249,0.751477,0.747009,0.775358,1,0.953336,0.786191,0.610538,0.842398,0.906557,0.671108,0.672661,0.774221,0.780213,0.470769,0.74733,0.773769,0.389026,0.535298,0.600723,0.652493,0.501188,0.1387,0.0676335,0.665929,0.700715,0.764703,0.345895,0.23396,0.413605,0.39148,0.786181,0.811349,0.524821,0.599446,0.739221,0.861805,0.816783,0.627085,0.547614,0.690723,0.567662,0.685969,0.493591,0.615795,0.732655,0.888548,0.876024,0.763799,0.765511,0.873347,0.833827,0.406681,0.397474,0.62358,0.596771,0.833446,0.750591,0.646122,0.627359,0.806943,0.552774,0.596065,0.634475,0.368686,0.163695,0.293344,0.704192,0.575469,0.588759,0.500601,0.0102441,0.0639097,0.308911,0.607715,0.654413,0.158064,0.568248
0.846203,0.85634,0.901091,0.795154,0.705883,0.798917,0.771132,0.789088,0.807024,0.808912,0.848171,0.953336,1,0.818305,0.661339,0.871937,0.947451,0.69779,0.671654,0.820916,0.820339,0.562059,0.799982,0.847414,0.385304,0.626041,0.664701,0.686459,0.61478,0.251674,0.104756,0.720054,0.731626,0.769709,0.3139,0.282721,0.376359,0.454451,0.784378,0.857474,0.488031,0.588873,0.763073,0.866385,0.871154,0.702702,0.619961,0.67672,0.615432,0.699783,0.534498,0.725719,0.824776,0.898493,0.91628,0.792949,0.712374,0.878685,0.89046,0.452457,0.547013,0.635696,0.679682,0.847065,0.827919,0.710363,0.684752,0.862189,0.537599,0.670205,0.708205,0.505588,0.270997,0.412739,0.668676,0.604006,0.66189,0.498975,-0.00876566,0.08765,0.299319,0.609249,0.682765,0.144811,0.549025
0.863147,0.865916,0.803293,0.68935,0.801417,0.743552,0.681934,0.707055,0.771748,0.716179,0.675174,0.786191,0.818305,1,0.741119,0.781939,0.765096,0.691187,0.735381,0.859308,0.796244,0.415467,0.749191,0.818066,0.513382,0.563433,0.670646,0.684814,0.344098,0.0905272,0.0401111,0.723615,0.789885,0.732089,0.36918,0.338029,0.370536,0.599133,0.783494,0.819903,0.446984,0.702044,0.855812,0.888434,0.85978,0.66187,0.661628,0.719481,0.686139,0.736926,0.489828,0.720659,0.705317,0.907579,0.896374,0.912476,0.562848,0.849124,0.847042,0.54954,0.478294,0.592571,0.651268,0.874621,0.82285,0.566345,0.6905,0.806738,0.510921,0.687737,0.79381,0.598839,0.291581,0.318751,0.596058,0.627562,0.702079,0.454758,-0.131699,0.275943,0.364478,0.760116,0.820043,0.104763,0.424876
0.713436,0.70536,0.664926,0.638932,0.77569,0.78611,0.724413,0.592955,0.66329,0.641676,0.705173,0.610538,0.661339,0.741119,1,0.57127,0.630339,0.582102,0.359808,0.686895,0.542765,0.340748,0.633787,0.770026,0.530243,0.452161,0.496286,0.56164,0.363336,-0.17128,0.10549,0.489878,0.607484,0.588343,0.31769,0.318441,0.152001,0.410028,0.512926,0.557494,0.362692,0.425302,0.666983,0.77003,0.656736,0.600466,0.564868,0.556362,0.722957,0.657713,0.651445,0.719921,0.66184,0.737317,0.758669,0.769278,0.572715,0.679124,0.733593,0.324754,0.487001,0.657791,0.479711,0.681403,0.624869,0.470635,0.661739,0.740376,0.279531,0.497646,0.694757,0.468398,0.183475,0.223683,0.3986,0.320687,0.517536,0.254601,-0.125046,0.240665,0.376195,0.540592,0.550812,0.148105,0.226239
0.689939,0.73127,0.722847,0.524687,0.565526,0.693309,0.60807,0.672839,0.649265,0.691249,0.696948,0.842398,0.871937,0.781939,0.57127,1,0.838538,0.646828,0.659255,0.727066,0.724566,0.369441,0.636786,0.682837,0.367832,0.502381,0.532578,0.515477,0.40557,0.173645,-0.0478268,0.751716,0.577353,0.591245,0.183146,0.247055,0.363203,0.396834,0.747487,0.736712,0.408309,0.545565,0.58185,0.739631,0.704598,0.435035,0.445987,0.566416,0.492688,0.560488,0.257449,0.511735,0.617322,0.836839,0.79354,0.676132,0.437722,0.886379,0.772987,0.341093,0.521497,0.534214,0.652219,0.732059,0.670389,0.558052,0.513044,0.664226,0.473366,0.633973,0.54926,0.48158,0.339511,0.384762,0.668165,0.502866,0.459179,0.368794,-0.0761774,-0.00242264,0.231522,0.5613,0.591677,0.0713072,0.533098
0.81632,0.798425,0.881313,0.786953,0.691763,0.765671,0.752617,0.791011,0.752385,0.827303,0.838782,0.906557,0.947451,0.765096,0.630339,0.838538,1,0.638792,0.651819,0.783645,0.819506,0.615772,0.790208,0.839342,0.404661,0.599118,0.727102,0.692163,0.640084,0.251267,0.097481,0.783578,0.68308,0.766924,0.321918,0.195558,0.256687,0.510424,0.753983,0.849335,0.473246,0.628866,0.697968,0.816784,0.839465,0.716619,0.629693,0.641546,0.558111,0.671308,0.441551,0.689219,0.811669,0.853282,0.879152,0.698055,0.652987,0.840011,0.849042,0.392083,0.55123,0.613496,0.635513,0.825022,0.777589,0.751932,0.707991,0.862505,0.645075,0.650012,0.705093,0.436906,0.292763,0.497706,0.61965,0.573477,0.660755,0.529519,-0.0352118,0.0421455,0.385322,0.571548,0.644428,0.144404,0.537861
0.606665,0.55807,0.619392,0.523231,0.527382,0.682137,0.591915,0.51718,0.728382,0.636981,0.582618,0.671108,0.69779,0.691187,0.582102,0.646828,0.638792,1,0.503611,0.684405,0.599469,0.50192,0.747479,0.749252,0.641191,0.506592,0.633456,0.543624,0.28407,0.0778403,0.145033,0.544057,0.670784,0.544201,0.288337,0.442352,0.414296,0.429111,0.609653,0.624321,0.380684,0.444498,0.526261,0.612025,0.645107,0.467673,0.508376,0.547165,0.580639,0.572364,0.493632,0.53737,0.558279,0.630194,0.635717,0.65398,0.485794,0.566517,0.632199,0.142348,0.356789,0.625839,0.625212,0.643884,0.594754,0.615338,0.698938,0.719445,0.30254,0.645201,0.666082,0.552447,0.134212,0.450316,0.602286,0.39548,0.562196,0.244778,0.00893859,0.172973,0.468945,0.584037,0.605559,0.166567,0.517833
0.623245,0.640847,0.63638,0.513744,0.538373,0.530985,0.404899,0.573433,0.60412,0.516246,0.444952,0.672661,0.671654,0.735381,0.359808,0.659255,0.651819,0.503611,1,0.687423,0.781514,0.451325,0.554789,0.586424,0.363886,0.445336,0.561645,0.547066,0.342183,0.273157,0.00822811,0.618019,0.657901,0.677933,0.30428,0.218546,0.391322,0.534842,0.726275,0.694374,0.519647,0.62512,0.602632,0.593831,0.671506,0.550163,0.570638,0.454341,0.384502,0.563392,0.159978,0.471509,0.503738,0.655339,0.636627,0.634766,0.436126,0.638208,0.559333,0.488903,0.410743,0.351857,0.682419,0.767922,0.742163,0.517182,0.542065,0.664164,0.440605,0.514361,0.645305,0.384286,0.245581,0.385087,0.584828,0.678319,0.625176,0.579386,-0.13299,0.203269,0.354901,0.62113,0.735725,0.109453,0.462454
0.766772,0.751862,0.761724,0.662383,0.762169,0.797775,0.717078,0.747589,0.704509,0.76411,0.698096,0.774221,0.820916,0.859308,0.686895,0.727066,0.783645,0.684405,0.687423,1,0.895002,0.640228,0.715364,0.778127,0.419937,0.594098,0.769975,0.770684,0.389324,0.162894,0.136708,0.677208,0.778509,0.742638,0.552987,0.251995,0.331507,0.620543,0.894379,0.881762,0.367501,0.678127,0.774269,0.783625,0.778977,0.618392,0.61966,0.697909,0.630137,0.74338,0.480516,0.726812,0.649796,0.776094,0.841941,0.887053,0.627854,0.843043,0.807746,0.570077,0.423579,0.589794,0.713594,0.869492,0.880438,0.703213,0.710458,0.771707,0.53864,0.710041,0.8226,0.509706,0.28829,0.314535,0.59734,0.62034,0.742134,0.527909,-0.143842,0.320829,0.494478,0.837863,0.827275,0.155839,0.487431
0.703292,0.723289,0.741684,0.667424,0.714674,0.701899,0.676038,0.76525,0.583627,0.722762,0.647554,0.780213,0.820339,0.796244,0.542765,0.724566,0.819506,0.599469,0.781514,0.895002,1,0.654427,0.670855,0.710828,0.309911,0.655509,0.801186,0.753868,0.443777,0.348143,0.211132,0.748574,0.775514,0.762518,0.447509,0.0464585,0.292587,0.600225,0.909965,0.897887,0.46595,0.633903,0.661688,0.688679,0.718812,0.673326,0.582511,0.693853,0.618192,0.729307,0.329527,0.61542,0.583635,0.724765,0.77125,0.753541,0.609659,0.800645,0.686076,0.507374,0.427963,0.528522,0.750567,0.885143,0.882959,0.719788,0.718215,0.770286,0.573077,0.691179,0.764686,0.333057,0.386373,0.419343,0.562275,0.662622,0.677645,0.576805,0.01172,0.292698,0.454438,0.766208,0.757351,0.0755932,0.611333
0.491322,0.376932,0.565213,0.489386,0.401352,0.565718,0.493081,0.67548,0.545803,0.493064,0.443453,0.470769,0.562059,0.415467,0.340748,0.369441,0.615772,0.50192,0.451325,0.640228,0.654427,1,0.526609,0.587069,0.222096,0.465069,0.602933,0.647765,0.462308,0.282999,0.0660939,0.481352,0.489601,0.511081,0.421116,0.112035,0.0767708,0.543205,0.60746,0.672177,0.339982,0.366711,0.436314,0.36164,0.528997,0.61614,0.438111,0.341911,0.291481,0.50379,0.323805,0.476574,0.513007,0.318629,0.495795,0.491092,0.505468,0.349095,0.479606,0.288269,0.346483,0.382572,0.508161,0.570319,0.612271,0.666324,0.701474,0.556566,0.488888,0.443942,0.584987,0.297594,0.0979439,0.567326,0.432583,0.530871,0.63417,0.553028,-0.0823588,0.0480377,0.435655,0.541651,0.590937,0.278905,0.237029
0.757316,0.761396,0.78541,0.748095,0.707895,0.705078,0.697343,0.623086,0.799021,0.711056,0.729665,0.74733,0.799982,0.749191,0.633787,0.636786,0.790208,0.747479,0.554789,0.715364,0.670855,0.526609,1,0.883669,0.54326,0.537262,0.780585,0.564864,0.494537,0.222611,0.23834,0.658309,0.770565,0.686547,0.426577,0.444827,0.378087,0.457974,0.635182,0.70688,0.349456,0.653515,0.669323,0.767563,0.761566,0.675222,0.6708,0.707571,0.664792,0.689078,0.55745,0.688701,0.756531,0.767058,0.759473,0.724075,0.641632,0.655679,0.708209,0.202441,0.441738,0.606606,0.668437,0.732538,0.755083,0.727217,0.77333,0.841261,0.454585,0.630548,0.737296,0.515016,0.168723,0.450122,0.540754,0.631332,0.677144,0.427783,-0.0800385,0.214746,0.461998,0.563086,0.682172,0.153959,0.503255
0.853491,0.804032,0.874618,0.858319,0.801615,0.850415,0.779337,0.704873,0.84356,0.769138,0.829975,0.773769,0.847414,0.818066,0.770026,0.682837,0.839342,0.749252,0.586424,0.778127,0.710828,0.587069,0.883669,1,0.578879,0.601826,0.737353,0.756581,0.541014,0.140996,0.174305,0.623163,0.793612,0.653763,0.366584,0.452829,0.3341,0.528379,0.650315,0.758117,0.454558,0.639983,0.759399,0.820843,0.856259,0.780784,0.809181,0.692995,0.711254,0.770761,0.571006,0.796001,0.835667,0.805712,0.834827,0.778967,0.650958,0.693867,0.812492,0.37437,0.519916,0.64539,0.668378,0.804697,0.809167,0.73696,0.831051,0.916392,0.432066,0.710901,0.857018,0.566967,0.209906,0.515919,0.525851,0.562535,0.712796,0.467816,-0.141043,0.179689,0.469309,0.621662,0.688727,0.149321,0.464786
0.461827,0.405972,0.312899,0.401087,0.470364,0.443385,0.352213,0.188839,0.495251,0.441819,0.347034,0.389026,0.385304,0.513382,0.530243,0.367832,0.404661,0.641191,0.363886,0.419937,0.309911,0.222096,0.54326,0.578879,1,0.162887,0.465225,0.349459,0.156479,-0.289478,0.0836093,0.289035,0.506154,0.31256,0.113817,0.556368,0.285824,0.406419,0.27329,0.323893,0.434361,0.365461,0.342085,0.498826,0.402781,0.395059,0.466403,0.437974,0.459555,0.387625,0.305846,0.419862,0.407328,0.468362,0.414964,0.446883,0.263365,0.332901,0.390718,-0.0433397,0.265485,0.578562,0.220934,0.437469,0.359025,0.400853,0.44893,0.564481,0.229872,0.380584,0.458011,0.529864,0.0596307,0.277495,0.332167,0.180345,0.46526,0.146492,0.100026,0.157904,0.488347,0.358231,0.434269,0.326962,0.32223
0.439971,0.41943,0.554829,0.653817,0.569695,0.561805,0.418246,0.523008,0.577606,0.492677,0.508719,0.535298,0.626041,0.563433,0.452161,0.502381,0.599118,0.506592,0.445336,0.594098,0.655509,0.465069,0.537262,0.601826,0.162887,1,0.605894,0.459775,0.465837,0.374973,0.211917,0.562247,0.489701,0.552913,0.21133,-0.12426,0.016712,0.378693,0.551976,0.610722,0.132149,0.402047,0.406134,0.426141,0.510459,0.557408,0.434712,0.450431,0.634763,0.515053,0.26245,0.557591,0.527096,0.550516,0.595611,0.511256,0.408414,0.497662,0.4905,0.366585,0.412764,0.434032,0.66729,0.566725,0.591377,0.508193,0.575914,0.635598,0.392663,0.672859,0.650549,0.468281,0.307768,0.543147,0.360377,0.420424,0.476393,0.337416,-0.103831,0.324746,0.295701,0.45363,0.581626,0.012366,0.482692
0.605666,0.579993,0.640354,0.66723,0.694809,0.618428,0.695718,0.571613,0.569455,0.700544,0.603528,0.600723,0.664701,0.670646,0.496286,0.532578,0.727102,0.633456,0.561645,0.769975,0.801186,0.602933,0.780585,0.737353,0.465225,0.605894,1,0.613528,0.414753,0.331827,0.292743,0.616977,0.724753,0.611119,0.46764,0.15908,0.241553,0.627971,0.698748,0.771295,0.284665,0.653494,0.542653,0.615729,0.627527,0.643989,0.649367,0.695031,0.648665,0.674796,0.376193,0.594544,0.589786,0.611559,0.654878,0.621904,0.478874,0.620284,0.572102,0.251697,0.34186,0.444181,0.649374,0.76615,0.790896,0.794247,0.718779,0.749834,0.586567,0.655914,0.805956,0.376983,0.301117,0.44396,0.385288,0.475209,0.636349,0.411261,-0.0822631,0.346093,0.558032,0.639386,0.628872,0.128131,0.560489
0.733562,0.692415,0.734331,0.7165,0.749101,0.810296,0.700117,0.685548,0.585114,0.675092,0.650191,0.652493,0.686459,0.684814,0.56164,0.515477,0.692163,0.543624,0.547066,0.770684,0.753868,0.647765,0.564864,0.756581,0.349459,0.459775,0.613528,1,0.341274,0.122054,-0.0387291,0.556766,0.736746,0.591022,0.456874,0.206862,0.240255,0.480096,0.748529,0.779595,0.470301,0.609861,0.726608,0.66004,0.740349,0.613868,0.727681,0.653695,0.570309,0.711053,0.38742,0.67512,0.631068,0.584438,0.672454,0.703652,0.612326,0.626591,0.676139,0.480924,0.258025,0.567437,0.531513,0.76252,0.74395,0.691366,0.72084,0.698959,0.455931,0.55271,0.737279,0.324993,0.200076,0.337297,0.482244,0.548696,0.693034,0.609537,-0.097314,0.162374,0.474335,0.748186,0.626769,0.0761121,0.446141
0.423241,0.380409,0.61108,0.684847,0.444049,0.37462,0.467382,0.404022,0.581599,0.600593,0.646734,0.501188,0.61478,0.344098,0.363336,0.40557,0.640084,0.28407,0.342183,0.389324,0.443777,0.462308,0.494537,0.541014,0.156479,0.465837,0.414753,0.341274,1,0.363596,0.230468,0.361448,0.384212,0.548337,0.22239,0.172636,0.0890855,0.305782,0.269889,0.497972,0.288968,0.334871,0.364427,0.463217,0.580114,0.689428,0.535192,0.284171,0.362505,0.382215,0.348302,0.526517,0.72265,0.464613,0.556809,0.383253,0.417127,0.384511,0.50848,0.228341,0.617292,0.265754,0.360345,0.459142,0.51258,0.443482,0.410246,0.683941,0.318026,0.424587,0.499584,0.345133,0.104622,0.443855,0.323732,0.365339,0.583466,0.443769,0.128672,0.0776885,0.228645,0.240978,0.427803,0.190599,0.3004
0.00397077,0.0530794,0.247828,0.26286,0.0306917,0.00688831,0.0391035,0.175614,0.148011,0.120344,0.146615,0.1387,0.251674,0.0905272,-0.17128,0.173645,0.251267,0.0778403,0.273157,0.162894,0.348143,0.282999,0.222611,0.140996,-0.289478,0.374973,0.331827,0.122054,0.363596,1,0.231506,0.199295,0.248688,0.188046,0.106235,-0.205239,0.140873,0.183846,0.226213,0.347776,-0.0107214,0.171608,0.00646431,-0.012426,0.16243,0.299797,0.238666,0.118879,0.108465,0.110456,-0.0842029,0.0687644,0.177053,0.12127,0.148451,0.0453751,0.122887,0.125,0.0933178,0.16019,0.382955,-0.0777878,0.438333,0.167729,0.304352,0.273197,0.154721,0.205924,0.262497,0.234344,0.168564,0.0601466,0.163929,0.361722,0.0430838,0.288416,0.158001,0.131152,0.0126982,0.204799,0.156527,0.0470482,0.116593,-0.247327,0.167817
0.010904,0.0474956,0.0364542,0.158032,0.137106,0.00633953,0.136174,0.069557,0.0223986,0.0577865,0.0924347,0.0676335,0.104756,0.0401111,0.10549,-0.0478268,0.097481,0.145033,0.00822811,0.136708,0.211132,0.0660939,0.23834,0.174305,0.0836093,0.211917,0.292743,-0.0387291,0.230468,0.231506,1,0.0250929,0.187032,0.0721728,0.0300754,0.0183899,0.237024,0.201129,0.0284581,0.0183496,0.143096,-0.0831128,-0.119937,0.0268301,-0.0278461,0.224349,0.0293653,0.171528,0.261484,0.0730517,0.154569,0.00983025,0.0358785,0.0534656,0.058026,0.0553103,0.218324,-0.0342851,-0.0444566,-0.0272285,0.140242,-0.0529307,0.204865,0.108213,0.232538,0.126045,0.268389,0.187253,-0.0747804,0.258987,0.208414,-0.139554,0.0890047,0.215311,0.00120752,0.078416,0.113811,-0.030689,0.218685,0.309302,0.335123,0.0460805,0.103604,0.0834055,0.253335
0.625016,0.615782,0.671576,0.503194,0.56428,0.545804,0.502724,0.649332,0.579702,0.645628,0.5434,0.665929,0.720054,0.723615,0.489878,0.751716,0.783578,0.544057,0.618019,0.677208,0.748574,0.481352,0.658309,0.623163,0.289035,0.562247,0.616977,0.556766,0.361448,0.199295,0.0250929,1,0.579531,0.744956,0.351229,0.0865902,0.173767,0.420482,0.702404,0.74094,0.353523,0.514633,0.557074,0.633824,0.644217,0.504177,0.361314,0.550437,0.465715,0.532414,0.260931,0.560794,0.604001,0.706342,0.711482,0.607348,0.323472,0.729476,0.664549,0.341678,0.483571,0.497452,0.634045,0.671141,0.686094,0.528856,0.659398,0.633856,0.547294,0.579463,0.577609,0.456614,0.543116,0.530983,0.604886,0.606453,0.558893,0.517149,0.0277061,0.121273,0.322687,0.585067,0.642157,0.101783,0.570197
0.730356,0.779956,0.709975,0.729817,0.780965,0.717827,0.654539,0.603156,0.67615,0.668053,0.636299,0.700715,0.731626,0.789885,0.607484,0.577353,0.68308,0.670784,0.657901,0.778509,0.775514,0.489601,0.770565,0.793612,0.506154,0.489701,0.724753,0.736746,0.384212,0.248688,0.187032,0.579531,1,0.707752,0.498394,0.412649,0.572417,0.521302,0.71393,0.773073,0.476914,0.672463,0.695259,0.726062,0.7412,0.681972,0.746395,0.780157,0.644286,0.800107,0.448868,0.64795,0.650876,0.737943,0.734959,0.767631,0.643986,0.680327,0.658118,0.348501,0.444595,0.605483,0.682362,0.80756,0.831025,0.689764,0.69986,0.769662,0.455365,0.611336,0.76477,0.400724,0.172336,0.298357,0.48831,0.666592,0.678815,0.580796,0.0708896,0.346665,0.538091,0.724746,0.725851,-0.0189052,0.492332
0.719093,0.739937,0.749597,0.673467,0.691233,0.631254,0.587551,0.632349,0.698588,0.748266,0.676036,0.764703,0.769709,0.732089,0.588343,0.591245,0.766924,0.544201,0.677933,0.742638,0.762518,0.511081,0.686547,0.653763,0.31256,0.552913,0.611119,0.591022,0.548337,0.188046,0.0721728,0.744956,0.707752,1,0.573026,0.186764,0.306205,0.341778,0.694796,0.783877,0.440838,0.60904,0.707732,0.763706,0.766905,0.67697,0.499187,0.586592,0.503366,0.607369,0.547066,0.708583,0.722316,0.767513,0.815466,0.720163,0.623783,0.741566,0.741445,0.456062,0.465556,0.566006,0.612276,0.76177,0.761477,0.560547,0.635142,0.776238,0.523155,0.503301,0.697034,0.384163,0.308693,0.290303,0.679667,0.679066,0.767256,0.667814,0.0758865,0.26936,0.314783,0.599232,0.755621,0.0799194,0.461908
0.305947,0.395137,0.320035,0.341647,0.498295,0.422745,0.384416,0.371767,0.350201,0.4936,0.407448,0.345895,0.3139,0.36918,0.31769,0.183146,0.321918,0.288337,0.30428,0.552987,0.447509,0.421116,0.426577,0.366584,0.113817,0.21133,0.46764,0.456874,0.22239,0.106235,0.0300754,0.351229,0.498394,0.573026,1,0.128462,0.149996,0.160872,0.486071,0.531357,0.116124,0.546202,0.432534,0.388452,0.375104,0.362381,0.360408,0.50064,0.277434,0.551026,0.422857,0.449801,0.405889,0.344323,0.453177,0.48213,0.420338,0.39408,0.393351,0.29215,0.0286644,0.365756,0.37549,0.441105,0.517997,0.400991,0.434495,0.404029,0.343634,0.191585,0.473029,0.0833894,0.164578,-0.073275,0.318579,0.455913,0.573626,0.604186,-0.088351,0.369098,0.309692,0.486492,0.487323,0.140247,0.226303
0.437277,0.367107,0.354084,0.304816,0.332355,0.303667,0.260423,0.129686,0.457897,0.282026,0.303532,0.23396,0.282721,0.338029,0.318441,0.247055,0.195558,0.442352,0.218546,0.251995,0.0464585,0.112035,0.444827,0.452829,0.556368,-0.12426,0.15908,0.206862,0.172636,-0.205239,0.0183899,0.0865902,0.412649,0.186764,0.128462,1,0.544821,0.243404,0.0987746,0.107245,0.308088,0.141403,0.34489,0.412241,0.38086,0.203838,0.418183,0.237995,0.16395,0.228494,0.307819,0.358423,0.39964,0.315978,0.290176,0.347646,0.156466,0.153115,0.335801,-0.0784829,0.21737,0.189229,0.213851,0.250139,0.321801,0.316255,0.276209,0.329291,-0.159359,0.276335,0.301631,0.419111,-0.0147028,0.121121,0.291612,0.225109,0.384434,0.145518,0.0831962,0.112478,0.265794,0.231779,0.358486,0.127715,0.020604
0.336309,0.430298,0.242499,0.187067,0.252609,0.328326,0.257423,0.106198,0.313051,0.163477,0.208784,0.413605,0.376359,0.370536,0.152001,0.363203,0.256687,0.414296,0.391322,0.331507,0.292587,0.0767708,0.378087,0.3341,0.285824,0.016712,0.241553,0.240255,0.0890855,0.140873,0.237024,0.173767,0.572417,0.306205,0.149996,0.544821,1,0.174926,0.268894,0.27184,0.400769,0.232087,0.23253,0.356274,0.277991,0.09365,0.258602,0.399447,0.18311,0.23028,0.157578,0.171292,0.19866,0.345273,0.286609,0.355584,0.31626,0.326727,0.26361,0.0796714,0.202034,0.0827347,0.329964,0.310847,0.413326,0.248096,0.2307,0.234791,-0.0840922,0.323972,0.275403,0.118704,-0.108153,0.0984432,0.42257,0.256228,0.274259,0.259471,0.259198,0.0994256,0.306567,0.324016,0.379339,-0.0366589,0.34639
0.530236,0.398926,0.478854,0.429463,0.532324,0.438358,0.380883,0.581051,0.497524,0.381913,0.258106,0.39148,0.454451,0.599133,0.410028,0.396834,0.510424,0.429111,0.534842,0.620543,0.600225,0.543205,0.457974,0.528379,0.406419,0.378693,0.627971,0.480096,0.305782,0.183846,0.201129,0.420482,0.521302,0.341778,0.160872,0.243404,0.174926,1,0.533965,0.533342,0.3752,0.400892,0.476699,0.462702,0.509772,0.58232,0.556612,0.406597,0.444028,0.435651,0.140575,0.369973,0.435888,0.445596,0.491622,0.584337,0.307142,0.374506,0.428848,0.234731,0.386185,0.137503,0.490695,0.642509,0.619115,0.561888,0.515422,0.535241,0.463259,0.52534,0.602927,0.432294,0.0649224,0.533822,0.241304,0.406363,0.54889,0.309821,-0.18209,0.278099,0.590212,0.617664,0.654577,0.258997,0.190446
0.679107,0.72835,0.709516,0.542412,0.659135,0.716398,0.622069,0.804269,0.5672,0.657861,0.5671,0.786181,0.784378,0.783494,0.512926,0.747487,0.753983,0.609653,0.726275,0.894379,0.909965,0.60746,0.635182,0.650315,0.27329,0.551976,0.698748,0.748529,0.269889,0.226213,0.0284581,0.702404,0.71393,0.694796,0.486071,0.0987746,0.268894,0.533965,1,0.877977,0.373108,0.648399,0.684624,0.677396,0.709273,0.533622,0.51798,0.676942,0.54391,0.709331,0.274891,0.51255,0.534221,0.716023,0.738329,0.776866,0.575137,0.819489,0.680543,0.469482,0.246573,0.534899,0.731531,0.876379,0.80789,0.690333,0.666831,0.655476,0.563635,0.637048,0.678952,0.314765,0.35373,0.284389,0.650016,0.695364,0.632156,0.521383,-0.170261,0.197442,0.39063,0.846509,0.728073,0.0434879,0.556952
0.729572,0.746327,0.804947,0.706413,0.695629,0.712941,0.703393,0.780213,0.693734,0.806681,0.72629,0.811349,0.857474,0.819903,0.557494,0.736712,0.849335,0.624321,0.694374,0.881762,0.897887,0.672177,0.70688,0.758117,0.323893,0.610722,0.771295,0.779595,0.497972,0.347776,0.0183496,0.74094,0.773073,0.783877,0.531357,0.107245,0.27184,0.533342,0.877977,1,0.42714,0.682841,0.755521,0.756268,0.821833,0.722607,0.647569,0.725063,0.597249,0.726169,0.419493,0.68807,0.729879,0.78673,0.856266,0.786275,0.588361,0.842614,0.812363,0.540756,0.432525,0.59306,0.673383,0.854211,0.849672,0.695149,0.686158,0.789462,0.651362,0.653515,0.754559,0.448917,0.35541,0.367765,0.592992,0.634421,0.739245,0.572582,-0.0877998,0.146611,0.348073,0.725303,0.719631,0.0827659,0.534719
0.536741,0.514775,0.40794,0.422778,0.463733,0.463662,0.324126,0.43802,0.358758,0.397965,0.385722,0.524821,0.488031,0.446984,0.362692,0.408309,0.473246,0.380684,0.519647,0.367501,0.46595,0.339982,0.349456,0.454558,0.434361,0.132149,0.284665,0.470301,0.288968,-0.0107214,0.143096,0.353523,0.476914,0.440838,0.116124,0.308088,0.400769,0.3752,0.373108,0.42714,1,0.164367,0.400056,0.501819,0.436613,0.415888,0.362655,0.455436,0.275693,0.320127,0.218998,0.41153,0.385744,0.460256,0.436815,0.380034,0.468119,0.366973,0.394282,0.158906,0.36599,0.296868,0.265004,0.482003,0.477184,0.45685,0.43688,0.501508,0.203438,0.364259,0.300976,0.204733,0.247395,0.271969,0.460359,0.419877,0.450206,0.458622,0.167316,0.0476551,0.319398,0.31607,0.417739,0.213682,0.403077
0.639218,0.679361,0.637104,0.599583,0.654318,0.618805,0.576702,0.468877,0.560393,0.624983,0.596319,0.599446,0.588873,0.702044,0.425302,0.545565,0.628866,0.444498,0.62512,0.678127,0.633903,0.366711,0.653515,0.639983,0.365461,0.402047,0.653494,0.609861,0.334871,0.171608,-0.0831128,0.514633,0.672463,0.60904,0.546202,0.141403,0.232087,0.400892,0.648399,0.682841,0.164367,1,0.6778,0.651613,0.722127,0.506366,0.673693,0.612596,0.493074,0.643449,0.285189,0.55,0.577406,0.661769,0.655778,0.669799,0.490952,0.663194,0.621695,0.475673,0.253662,0.512833,0.530784,0.689247,0.633641,0.555007,0.509983,0.6421,0.629345,0.51119,0.687115,0.383934,0.0436455,0.185738,0.48555,0.626096,0.675707,0.623127,-0.304088,0.187607,0.365539,0.670478,0.690712,-0.0255041,0.373416
0.923406,0.864981,0.848932,0.746483,0.753536,0.702928,0.706018,0.694393,0.74266,0.708553,0.704981,0.739221,0.763073,0.855812,0.666983,0.58185,0.697968,0.526261,0.602632,0.774269,0.661688,0.436314,0.669323,0.759399,0.342085,0.406134,0.542653,0.726608,0.364427,0.00646431,-0.119937,0.557074,0.695259,0.707732,0.432534,0.34489,0.23253,0.476699,0.684624,0.755521,0.400056,0.6778,1,0.904778,0.914532,0.669417,0.653711,0.657893,0.55214,0.728682,0.617634,0.823193,0.76734,0.82328,0.866498,0.871012,0.658212,0.763397,0.892079,0.64412,0.371294,0.570569,0.501195,0.791882,0.773306,0.550218,0.600485,0.748148,0.492793,0.546881,0.704476,0.560465,0.1906,0.148584,0.502381,0.606209,0.691301,0.517798,-0.1808,0.249276,0.192535,0.684558,0.72261,0.115663,0.24968
0.93844,0.942448,0.846518,0.769017,0.818476,0.766528,0.775388,0.693241,0.774713,0.801167,0.799387,0.861805,0.866385,0.888434,0.77003,0.739631,0.816784,0.612025,0.593831,0.783625,0.688679,0.36164,0.767563,0.820843,0.498826,0.426141,0.615729,0.66004,0.463217,-0.012426,0.0268301,0.633824,0.726062,0.763706,0.388452,0.412241,0.356274,0.462702,0.677396,0.756268,0.501819,0.651613,0.904778,1,0.89326,0.679137,0.630652,0.751309,0.636518,0.722678,0.642372,0.791711,0.810645,0.938547,0.936696,0.864991,0.699425,0.868163,0.917285,0.470755,0.440353,0.62259,0.501431,0.83646,0.788832,0.596882,0.627807,0.832071,0.50442,0.57019,0.721916,0.519561,0.219931,0.191061,0.590898,0.559919,0.668716,0.471793,-0.0290529,0.239407,0.277105,0.630617,0.699005,0.198767,0.389943
0.916717,0.850004,0.957831,0.840185,0.73708,0.75206,0.752676,0.735534,0.847227,0.791044,0.813277,0.816783,0.871154,0.85978,0.656736,0.704598,0.839465,0.645107,0.671506,0.778977,0.718812,0.528997,0.761566,0.856259,0.402781,0.510459,0.627527,0.740349,0.580114,0.16243,-0.0278461,0.644217,0.7412,0.766905,0.375104,0.38086,0.277991,0.509772,0.709273,0.821833,0.436613,0.722127,0.914532,0.89326,1,0.760939,0.757514,0.604838,0.579907,0.686645,0.603456,0.802209,0.884699,0.864777,0.902135,0.828445,0.636986,0.771473,0.918271,0.580968,0.521761,0.605831,0.601792,0.830758,0.799266,0.645121,0.710317,0.873158,0.560592,0.667372,0.789985,0.592155,0.221553,0.353379,0.637566,0.654879,0.772717,0.558338,-0.164512,0.123399,0.292506,0.668255,0.752546,0.0790528,0.362071
0.699242,0.65503,0.760433,0.800313,0.686282,0.560921,0.588744,0.676413,0.742969,0.661962,0.63483,0.627085,0.702702,0.66187,0.600466,0.435035,0.716619,0.467673,0.550163,0.618392,0.673326,0.61614,0.675222,0.780784,0.395059,0.557408,0.643989,0.613868,0.689428,0.299797,0.224349,0.504177,0.681972,0.67697,0.362381,0.203838,0.09365,0.58232,0.533622,0.722607,0.415888,0.506366,0.669417,0.679137,0.760939,1,0.73345,0.567714,0.621022,0.707876,0.526338,0.646535,0.809967,0.669582,0.758913,0.671455,0.601433,0.520962,0.664872,0.363429,0.514887,0.469083,0.549025,0.767835,0.759012,0.551392,0.697643,0.84681,0.558927,0.478017,0.757539,0.415113,0.154882,0.495364,0.340808,0.559278,0.698327,0.485355,-0.00274549,0.261215,0.345158,0.509905,0.61821,0.216092,0.258741
0.654702,0.615026,0.746466,0.807142,0.744121,0.678863,0.630911,0.508545,0.703345,0.646089,0.676964,0.547614,0.619961,0.661628,0.564868,0.445987,0.629693,0.508376,0.570638,0.61966,0.582511,0.438111,0.6708,0.809181,0.466403,0.434712,0.649367,0.727681,0.535192,0.238666,0.0293653,0.361314,0.746395,0.499187,0.360408,0.418183,0.258602,0.556612,0.51798,0.647569,0.362655,0.673693,0.653711,0.630652,0.757514,0.73345,1,0.572087,0.629904,0.645195,0.390682,0.637723,0.750255,0.614811,0.640813,0.623354,0.47189,0.501976,0.597383,0.326633,0.406828,0.444202,0.563222,0.713332,0.693436,0.670934,0.63507,0.801393,0.398204,0.542417,0.794324,0.443026,0.0647876,0.342351,0.319031,0.483683,0.685412,0.441887,-0.25124,0.132536,0.482553,0.581541,0.58177,-0.0230031,0.307915
0.657656,0.7665,0.570913,0.621428,0.796817,0.657439,0.647772,0.588749,0.493487,0.713772,0.611767,0.690723,0.67672,0.719481,0.556362,0.566416,0.641546,0.547165,0.454341,0.697909,0.693853,0.341911,0.707571,0.692995,0.437974,0.450431,0.695031,0.653695,0.284171,0.118879,0.171528,0.550437,0.780157,0.586592,0.50064,0.237995,0.399447,0.406597,0.676942,0.725063,0.455436,0.612596,0.657893,0.751309,0.604838,0.567714,0.572087,1,0.666135,0.754905,0.357868,0.57939,0.569696,0.72962,0.725323,0.689164,0.602299,0.733037,0.630635,0.227474,0.138175,0.545056,0.546859,0.729208,0.73623,0.65062,0.559742,0.645464,0.448614,0.522564,0.624723,0.275421,0.230533,0.186077,0.395851,0.557351,0.567981,0.469922,0.0473977,0.325198,0.373075,0.66164,0.583233,0.0613066,0.552328
0.579618,0.621408,0.580616,0.649382,0.758086,0.677816,0.652288,0.467596,0.624186,0.546833,0.582517,0.567662,0.615432,0.686139,0.722957,0.492688,0.558111,0.580639,0.384502,0.630137,0.618192,0.291481,0.664792,0.711254,0.459555,0.634763,0.648665,0.570309,0.362505,0.108465,0.261484,0.465715,0.644286,0.503366,0.277434,0.16395,0.18311,0.444028,0.54391,0.597249,0.275693,0.493074,0.55214,0.636518,0.579907,0.621022,0.629904,0.666135,1,0.60778,0.478699,0.612879,0.607041,0.63484,0.647302,0.71728,0.476844,0.582695,0.551624,0.297222,0.299643,0.534303,0.583958,0.68507,0.676058,0.416736,0.643909,0.705748,0.287141,0.586578,0.694068,0.454022,0.180152,0.306496,0.335992,0.319013,0.519662,0.15515,-0.0643257,0.300691,0.396244,0.562909,0.576371,0.0888998,0.460137
0.710335,0.777335,0.669999,0.699037,0.772388,0.69068,0.69076,0.668702,0.615679,0.662427,0.637714,0.685969,0.699783,0.736926,0.657713,0.560488,0.671308,0.572364,0.563392,0.74338,0.729307,0.50379,0.689078,0.770761,0.387625,0.515053,0.674796,0.711053,0.382215,0.110456,0.0730517,0.532414,0.800107,0.607369,0.551026,0.228494,0.23028,0.435651,0.709331,0.726169,0.320127,0.643449,0.728682,0.722678,0.686645,0.707876,0.645195,0.754905,0.60778,1,0.443905,0.621694,0.623062,0.709796,0.741739,0.780721,0.689472,0.69446,0.664929,0.382619,0.294844,0.572422,0.576602,0.833772,0.778897,0.628973,0.678513,0.745841,0.484021,0.474663,0.745137,0.319033,0.158694,0.215823,0.336971,0.542351,0.558356,0.535745,-0.0298438,0.425013,0.385391,0.706856,0.6034,0.211245,0.405391
0.592684,0.565675,0.596742,0.581933,0.500537,0.536319,0.654789,0.430284,0.622881,0.510099,0.626241,0.493591,0.534498,0.489828,0.651445,0.257449,0.441551,0.493632,0.159978,0.480516,0.329527,0.323805,0.55745,0.571006,0.305846,0.26245,0.376193,0.38742,0.348302,-0.0842029,0.154569,0.260931,0.448868,0.547066,0.422857,0.307819,0.157578,0.140575,0.274891,0.419493,0.218998,0.285189,0.617634,0.642372,0.603456,0.526338,0.390682,0.357868,0.478699,0.443905,1,0.66654,0.641945,0.54845,0.630203,0.598003,0.61196,0.414308,0.652378,0.340597,0.292972,0.558199,0.242142,0.448724,0.488931,0.327219,0.557454,0.606872,0.221168,0.233717,0.519179,0.356626,0.0714013,-0.0240075,0.343697,0.245027,0.511029,0.232772,-0.0161458,0.156071,0.129003,0.264496,0.38965,0.237515,0.0453098
0.810383,0.701578,0.79716,0.843704,0.769954,0.725801,0.713599,0.560956,0.728711,0.764244,0.818319,0.615795,0.725719,0.720659,0.719921,0.511735,0.689219,0.53737,0.471509,0.726812,0.61542,0.476574,0.688701,0.796001,0.419862,0.557591,0.594544,0.67512,0.526517,0.0687644,0.00983025,0.560794,0.64795,0.708583,0.449801,0.358423,0.171292,0.369973,0.51255,0.68807,0.41153,0.55,0.823193,0.791711,0.802209,0.646535,0.637723,0.57939,0.612879,0.621694,0.66654,1,0.797616,0.72416,0.800906,0.730779,0.567089,0.656654,0.834195,0.551758,0.559838,0.641788,0.522338,0.637826,0.744235,0.597349,0.617869,0.794949,0.328841,0.626493,0.702661,0.674306,0.364649,0.278074,0.400268,0.468017,0.719692,0.498492,-0.0733745,0.330405,0.238239,0.477723,0.653741,0.116792,0.328199
0.788104,0.72854,0.878542,0.850474,0.733861,0.706721,0.688786,0.661529,0.850326,0.79024,0.821067,0.732655,0.824776,0.705317,0.66184,0.617322,0.811669,0.558279,0.503738,0.649796,0.583635,0.513007,0.756531,0.835667,0.407328,0.527096,0.589786,0.631068,0.72265,0.177053,0.0358785,0.604001,0.650876,0.722316,0.405889,0.39964,0.19866,0.435888,0.534221,0.729879,0.385744,0.577406,0.76734,0.810645,0.884699,0.809967,0.750255,0.569696,0.607041,0.623062,0.641945,0.797616,1,0.799336,0.867762,0.701512,0.544242,0.658651,0.845852,0.369967,0.571498,0.585022,0.583033,0.728969,0.757149,0.611565,0.670231,0.854454,0.49955,0.547262,0.730105,0.591654,0.24432,0.421902,0.549753,0.544913,0.743646,0.521445,-0.10782,0.0766212,0.244774,0.501745,0.622473,0.154222,0.355493
