1,0.87393,0.956126,0.866953,0.878916,0.786445,0.692707,0.614088,0.671552,0.618818,0.899075,0.799769,0.859312,0.818264,0.611719,0.895162,0.895327,0.677994,0.881887,0.908868,0.921244,0.776939,0.817234,0.952715,0.770807,0.784114,0.889294,0.782301,0.53409,0.368357,0.468963,0.697528,0.793509,0.889765,0.774723,0.758776,0.492944,0.817222,0.929956,0.92442,0.678541,0.822964,0.965748,0.897888,0.960474,0.925956,0.830405,0.841894,0.638359,0.625345,0.823552,0.720385,0.872443,0.839089,0.827247,0.950927,0.826481,0.848721,0.918551,0.70319,0.345305,0.783063,0.842839,0.909455,0.926689,0.802485,0.888439,0.955146,0.802096,0.802871,0.935849,0.767835,0.626809,0.594458,0.703769,0.8611,0.88372,0.672301,0.455801,0.518909,0.778948,0.958768,0.874972,0.659053,0.788704
0.87393,1,0.817772,0.735833,0.776901,0.727868,0.704652,0.593222,0.592857,0.638891,0.844204,0.637399,0.763379,0.92621,0.681129,0.776329,0.823197,0.54779,0.752022,0.782466,0.787844,0.682377,0.710141,0.838628,0.688275,0.686246,0.79215,0.693215,0.500129,0.351708,0.324609,0.63936,0.619537,0.777597,0.712736,0.598935,0.398798,0.676323,0.791335,0.781688,0.577649,0.634301,0.837433,0.878318,0.79821,0.751574,0.7089,0.725312,0.692961,0.469792,0.740909,0.6784,0.797437,0.756526,0.743338,0.880769,0.76925,0.750462,0.804337,0.659892,0.37215,0.697944,0.759722,0.798353,0.765467,0.63872,0.808071,0.852343,0.687968,0.701038,0.803147,0.657922,0.477096,0.412936,0.579189,0.696912,0.699941,0.614947,0.492571,0.399667,0.557312,0.803338,0.700186,0.474339,0.66357
0.956126,0.817772,1,0.918045,0.92216,0.825697,0.686918,0.575313,0.722189,0.705685,0.89646,0.875853,0.901345,0.785512,0.656779,0.890921,0.931914,0.746446,0.843126,0.917663,0.928348,0.775445,0.838082,0.965217,0.755556,0.785805,0.910691,0.764881,0.451084,0.361256,0.538057,0.733704,0.812922,0.911312,0.838637,0.749148,0.423991,0.805388,0.940491,0.94014,0.591763,0.832131,0.931349,0.888739,0.972601,0.936489,0.882913,0.847736,0.645593,0.682398,0.773984,0.76644,0.883587,0.871882,0.890136,0.927454,0.797687,0.874276,0.961029,0.685193,0.336659,0.757951,0.833129,0.913653,0.929464,0.784459,0.8688,0.972417,0.753316,0.796809,0.94273,0.819861,0.616518,0.547712,0.662239,0.830502,0.88954,0.662901,0.451017,0.4657,0.805913,0.960637,0.901017,0.587346,0.82976
0.866953,0.735833,0.918045,1,0.814418,0.712809,0.528385,0.592413,0.598827,0.724319,0.857107,0.752724,0.789453,0.730234,0.598158,0.733613,0.827736,0.66313,0.790111,0.862936,0.831622,0.676052,0.73446,0.872894,0.644087,0.698184,0.843759,0.664961,0.417536,0.396055,0.388631,0.717093,0.761463,0.761937,0.753459,0.669645,0.343096,0.686648,0.832817,0.835627,0.510328,0.857997,0.821984,0.757806,0.861907,0.879737,0.816876,0.782975,0.544683,0.609305,0.681819,0.703606,0.777829,0.807387,0.787025,0.844171,0.71089,0.758048,0.872964,0.662044,0.379366,0.756387,0.712621,0.788887,0.806363,0.720202,0.765868,0.87459,0.65218,0.733442,0.883578,0.748915,0.620396,0.483222,0.583971,0.728502,0.779326,0.613422,0.329067,0.439825,0.692446,0.843214,0.813076,0.464043,0.768913
0.878916,0.776901,0.92216,0.814418,1,0.755951,0.687912,0.494845,0.686731,0.580924,0.7748,0.854528,0.858482,0.768837,0.624997,0.833031,0.879179,0.648553,0.757306,0.856446,0.833712,0.698442,0.741464,0.906255,0.717944,0.722639,0.836566,0.715948,0.38151,0.269653,0.541861,0.661631,0.704912,0.848463,0.795899,0.72991,0.324321,0.737591,0.882647,0.857008,0.570901,0.745313,0.853672,0.835424,0.89546,0.844562,0.808063,0.794159,0.659217,0.621373,0.731999,0.628121,0.784325,0.790989,0.835782,0.865141,0.70522,0.800934,0.895748,0.609246,0.279754,0.695151,0.770006,0.83981,0.853321,0.670324,0.850594,0.92125,0.718399,0.640063,0.863049,0.797708,0.583133,0.548747,0.661432,0.741044,0.807918,0.587039,0.373899,0.434245,0.744041,0.888058,0.816219,0.522138,0.775483
0.786445,0.727868,0.825697,0.712809,0.755951,1,0.631159,0.393005,0.794107,0.580663,0.762736,0.70412,0.743206,0.674306,0.722128,0.790268,0.786377,0.671808,0.684551,0.738577,0.757105,0.626163,0.777313,0.823023,0.622358,0.659391,0.763137,0.669154,0.303857,0.485908,0.554776,0.584595,0.678051,0.739968,0.727394,0.61241,0.312523,0.632718,0.752047,0.813806,0.368794,0.629393,0.787331,0.816803,0.839826,0.767654,0.724602,0.707872,0.521839,0.606811,0.593776,0.736268,0.827425,0.791505,0.806728,0.789667,0.75328,0.812564,0.817847,0.539605,0.234101,0.536123,0.684558,0.797231,0.766913,0.708633,0.658868,0.79201,0.520117,0.637542,0.768994,0.661553,0.3306,0.40735,0.372339,0.639981,0.766449,0.677656,0.475914,0.271265,0.635979,0.836595,0.765153,0.385917,0.555367
0.692707,0.704652,0.686918,0.528385,0.687912,0.631159,1,0.523187,0.565342,0.453683,0.617384,0.53486,0.643131,0.673345,0.488002,0.579315,0.660847,0.480389,0.50781,0.604175,0.578642,0.456686,0.555325,0.726023,0.692393,0.43697,0.568931,0.657908,0.332173,0.207291,0.350451,0.497452,0.40601,0.6471,0.527507,0.56319,0.401043,0.633422,0.681906,0.670243,0.19064,0.473812,0.636702,0.622149,0.652185,0.59061,0.623097,0.647354,0.552031,0.534899,0.639946,0.475654,0.624596,0.552984,0.630894,0.699035,0.688666,0.490789,0.689453,0.526361,0.428752,0.668838,0.524903,0.662565,0.573529,0.515335,0.654966,0.702191,0.614293,0.576322,0.568352,0.591395,0.370401,0.254954,0.45854,0.483264,0.607604,0.537795,0.490468,0.3553,0.589403,0.686808,0.586861,0.420203,0.512612
0.614088,0.593222,0.575313,0.592413,0.494845,0.393005,0.523187,1,0.380657,0.50253,0.641828,0.394825,0.537317,0.653943,0.372367,0.519627,0.546607,0.319997,0.527717,0.523135,0.533,0.448194,0.517166,0.607215,0.327767,0.251218,0.611161,0.489979,0.349334,0.349588,-0.00972691,0.51422,0.531482,0.498547,0.362385,0.431805,0.277702,0.479469,0.583221,0.543783,0.317244,0.587414,0.520313,0.552995,0.561045,0.61886,0.58603,0.566938,0.3112,0.470756,0.58333,0.418311,0.437151,0.554471,0.482087,0.701528,0.687152,0.509479,0.567055,0.416256,0.285828,0.549556,0.525061,0.589971,0.562954,0.495389,0.631949,0.624277,0.444279,0.552104,0.58726,0.41075,0.370602,0.383531,0.29876,0.419106,0.395483,0.324743,0.335739,0.345089,0.481046,0.545974,0.592997,0.328773,0.455455
0.671552,0.592857,0.722189,0.598827,0.686731,0.794107,0.565342,0.380657,1,0.484926,0.621273,0.601177,0.626888,0.538652,0.797194,0.683185,0.658839,0.575079,0.597046,0.607152,0.65237,0.606482,0.714485,0.747226,0.616112,0.510015,0.603696,0.568507,0.272819,0.430473,0.564516,0.478834,0.58419,0.649359,0.732132,0.543755,0.235093,0.518305,0.649003,0.71168,0.283767,0.504588,0.702391,0.699636,0.724099,0.619161,0.688918,0.732813,0.306793,0.588695,0.380576,0.484818,0.637741,0.596831,0.630417,0.668066,0.659468,0.714286,0.714345,0.379125,0.131142,0.429499,0.528688,0.718795,0.668792,0.678169,0.612022,0.688143,0.464976,0.594086,0.700207,0.646632,0.24624,0.339975,0.334863,0.554482,0.679335,0.459081,0.30089,0.290481,0.656563,0.721701,0.615636,0.264821,0.475132
0.618818,0.638891,0.705685,0.724319,0.580924,0.580663,0.453683,0.50253,0.484926,1,0.822392,0.619681,0.687852,0.681487,0.572158,0.560542,0.698107,0.512367,0.561176,0.586482,0.688036,0.616821,0.673449,0.655386,0.389549,0.510039,0.752894,0.623113,0.497732,0.314282,0.211602,0.538723,0.611822,0.543285,0.587116,0.412068,0.387921,0.491683,0.670267,0.662608,0.328093,0.554655,0.591275,0.63041,0.672932,0.672818,0.786323,0.565708,0.546768,0.469476,0.57942,0.783592,0.694387,0.734113,0.734936,0.651961,0.603921,0.63407,0.71025,0.39379,0.339415,0.506224,0.574303,0.682806,0.633289,0.567965,0.585319,0.683393,0.343135,0.591942,0.695817,0.591183,0.491012,0.280708,0.27654,0.463088,0.493221,0.482839,0.424102,0.338452,0.514076,0.600613,0.608999,0.289887,0.676068
0.899075,0.844204,0.89646,0.857107,0.7748,0.762736,0.617384,0.641828,0.621273,0.822392,1,0.79196,0.879804,0.837228,0.643396,0.854191,0.903561,0.626451,0.818918,0.831534,0.908968,0.7767,0.824817,0.896645,0.628234,0.704296,0.918595,0.784401,0.553118,0.455005,0.391645,0.648797,0.774456,0.823078,0.721503,0.612209,0.481509,0.70602,0.871159,0.866398,0.604673,0.751202,0.885403,0.851759,0.908184,0.894383,0.869152,0.748005,0.610187,0.596926,0.778808,0.860482,0.889615,0.899717,0.874049,0.897705,0.814695,0.860158,0.899248,0.618282,0.324676,0.683582,0.813907,0.899195,0.879456,0.829951,0.798654,0.903591,0.691351,0.77703,0.889986,0.710883,0.588889,0.521552,0.514877,0.744251,0.775739,0.684045,0.471559,0.41184,0.717565,0.87296,0.829417,0.572801,0.734186
0.799769,0.637399,0.875853,0.752724,0.854528,0.70412,0.53486,0.394825,0.601177,0.619681,0.79196,1,0.920619,0.630857,0.504074,0.838509,0.894178,0.740501,0.729748,0.807198,0.836341,0.786429,0.702045,0.82646,0.639167,0.750536,0.874116,0.651259,0.293102,0.379862,0.596434,0.664771,0.782015,0.829778,0.763215,0.669347,0.378644,0.668598,0.856255,0.821589,0.591256,0.650444,0.78871,0.748958,0.87489,0.813735,0.772229,0.682085,0.595284,0.641065,0.607173,0.744404,0.79409,0.85626,0.885618,0.759906,0.646943,0.818293,0.847195,0.467436,0.231138,0.554447,0.776885,0.796475,0.856526,0.739418,0.772406,0.879981,0.72245,0.584596,0.815474,0.71004,0.539222,0.437567,0.614518,0.714379,0.798005,0.530081,0.361744,0.346857,0.691181,0.834674,0.815659,0.538895,0.752997
0.859312,0.763379,0.901345,0.789453,0.858482,0.743206,0.643131,0.537317,0.626888,0.687852,0.879804,0.920619,1,0.755788,0.591626,0.888361,0.96962,0.66628,0.738239,0.813603,0.875025,0.773958,0.788736,0.875654,0.605889,0.734178,0.904214,0.736425,0.36712,0.421539,0.486434,0.627303,0.773592,0.855351,0.779496,0.657745,0.423504,0.701531,0.881168,0.858021,0.584016,0.748544,0.825425,0.833754,0.907009,0.863636,0.807796,0.697371,0.625315,0.685554,0.740297,0.767364,0.850748,0.919838,0.94712,0.867393,0.766432,0.864413,0.92484,0.567134,0.326091,0.649757,0.827413,0.880435,0.895044,0.780786,0.819606,0.920247,0.689968,0.649993,0.862281,0.657999,0.593382,0.528738,0.567973,0.788553,0.80658,0.562639,0.421116,0.469362,0.636828,0.879944,0.865326,0.544832,0.784619
0.818264,0.92621,0.785512,0.730234,0.768837,0.674306,0.673345,0.653943,0.538652,0.681487,0.837228,0.630857,0.755788,1,0.635563,0.731298,0.81386,0.51994,0.70066,0.706342,0.743195,0.65675,0.713606,0.801265,0.553556,0.582132,0.799773,0.720537,0.501817,0.416429,0.288258,0.558655,0.614779,0.745447,0.665857,0.617312,0.323342,0.665917,0.77602,0.779486,0.554538,0.632131,0.788406,0.818461,0.775747,0.772532,0.729542,0.699002,0.765794,0.491884,0.782873,0.687061,0.800788,0.725608,0.729554,0.870535,0.745407,0.735868,0.776556,0.601563,0.230089,0.699391,0.745232,0.760431,0.735655,0.598287,0.756033,0.822869,0.610997,0.666401,0.772378,0.637983,0.505333,0.409027,0.475949,0.630676,0.650912,0.677293,0.536307,0.36398,0.575096,0.760994,0.710532,0.482999,0.632778
0.611719,0.681129,0.656779,0.598158,0.624997,0.722128,0.488002,0.372367,0.797194,0.572158,0.643396,0.504074,0.591626,0.635563,1,0.630684,0.650189,0.600892,0.607657,0.529197,0.640407,0.559489,0.657409,0.694809,0.458198,0.536425,0.605989,0.608786,0.354574,0.437283,0.35699,0.372666,0.504142,0.560354,0.665272,0.417019,0.11711,0.335269,0.571294,0.617712,0.335081,0.519374,0.653634,0.731894,0.642164,0.574965,0.656916,0.671693,0.339257,0.453708,0.398359,0.523567,0.632703,0.582891,0.607863,0.654334,0.566341,0.671488,0.668811,0.336895,0.128381,0.402191,0.541569,0.632973,0.577285,0.539537,0.537264,0.639429,0.368064,0.554189,0.66325,0.603739,0.186607,0.254205,0.202159,0.473149,0.527221,0.413485,0.310939,0.235234,0.540822,0.594535,0.467674,0.140008,0.364794
0.895162,0.776329,0.890921,0.733613,0.833031,0.790268,0.579315,0.519627,0.683185,0.560542,0.854191,0.838509,0.888361,0.731298,0.630684,1,0.914019,0.655942,0.841111,0.861286,0.929368,0.770907,0.800608,0.889072,0.64561,0.808689,0.890235,0.740698,0.354727,0.337384,0.543063,0.642444,0.810058,0.901173,0.747305,0.684666,0.341191,0.772231,0.906958,0.865919,0.672757,0.75745,0.903841,0.893966,0.934924,0.883102,0.780511,0.753739,0.590267,0.678673,0.759165,0.770851,0.860489,0.878678,0.883748,0.887198,0.779198,0.955072,0.912243,0.57782,0.110475,0.604545,0.905214,0.917022,0.95046,0.794444,0.836519,0.896959,0.728007,0.733067,0.891528,0.647691,0.556082,0.631594,0.575959,0.851493,0.840226,0.591403,0.448804,0.477843,0.761338,0.917381,0.855626,0.681298,0.747813
0.895327,0.823197,0.931914,0.827736,0.879179,0.786377,0.660847,0.546607,0.658839,0.698107,0.903561,0.894178,0.96962,0.81386,0.650189,0.914019,1,0.668609,0.766985,0.858216,0.899936,0.777521,0.814685,0.912934,0.640553,0.763855,0.926673,0.752418,0.360035,0.422666,0.512034,0.677245,0.778457,0.902061,0.783637,0.648662,0.411319,0.73021,0.904404,0.871895,0.61577,0.769812,0.865702,0.876183,0.92688,0.907283,0.830023,0.763626,0.653669,0.690141,0.756089,0.778048,0.870343,0.906337,0.932636,0.906845,0.798293,0.897173,0.940838,0.61039,0.28306,0.680239,0.859659,0.903993,0.906492,0.764126,0.851469,0.946317,0.731371,0.72863,0.88492,0.678993,0.585793,0.571,0.604226,0.805713,0.835076,0.620981,0.456241,0.470548,0.687162,0.912237,0.863764,0.560996,0.782805
0.677994,0.54779,0.746446,0.66313,0.648553,0.671808,0.480389,0.319997,0.575079,0.512367,0.626451,0.740501,0.66628,0.51994,0.600892,0.655942,0.668609,1,0.647471,0.611304,0.651112,0.603731,0.527536,0.671818,0.616655,0.651516,0.656132,0.46199,0.333103,0.414275,0.391065,0.520398,0.669546,0.643902,0.67913,0.58191,0.169438,0.459381,0.636944,0.714327,0.478961,0.546641,0.655262,0.633906,0.707017,0.674849,0.578236,0.570937,0.408443,0.510387,0.430428,0.607448,0.668947,0.624884,0.636507,0.620092,0.456672,0.626472,0.640229,0.454196,0.193753,0.453472,0.544392,0.586908,0.629019,0.570003,0.527952,0.699054,0.491627,0.554664,0.657568,0.597055,0.251483,0.0969795,0.43675,0.569946,0.697465,0.53876,0.388123,0.237859,0.661743,0.66913,0.631748,0.264378,0.48347
0.881887,0.752022,0.843126,0.790111,0.757306,0.684551,0.50781,0.527717,0.597046,0.561176,0.818918,0.729748,0.738239,0.70066,0.607657,0.841111,0.766985,0.647471,1,0.874158,0.898051,0.758143,0.754685,0.842762,0.648188,0.796789,0.818168,0.680044,0.503176,0.263486,0.34491,0.609386,0.773406,0.764761,0.692797,0.732613,0.342522,0.699226,0.847872,0.819997,0.639939,0.782858,0.87565,0.803921,0.85865,0.809825,0.69738,0.760884,0.464179,0.588616,0.70418,0.760896,0.808271,0.792346,0.764289,0.829251,0.684773,0.801577,0.829138,0.554799,0.224372,0.639331,0.847671,0.833933,0.883574,0.709627,0.790697,0.842091,0.738943,0.669336,0.888073,0.746659,0.605944,0.537609,0.578479,0.767865,0.767768,0.482821,0.272007,0.516526,0.696613,0.82288,0.775739,0.621469,0.702084
0.908868,0.782466,0.917663,0.862936,0.856446,0.738577,0.604175,0.523135,0.607152,0.586482,0.831534,0.807198,0.813603,0.706342,0.529197,0.861286,0.858216,0.611304,0.874158,1,0.899526,0.734432,0.761101,0.902557,0.75937,0.773365,0.845364,0.676865,0.428784,0.258244,0.502315,0.784178,0.786784,0.856766,0.755845,0.702192,0.46381,0.811308,0.903719,0.858988,0.597492,0.83276,0.884121,0.783512,0.897549,0.868339,0.770893,0.763038,0.545103,0.601081,0.738358,0.751588,0.819354,0.850296,0.826398,0.847624,0.729105,0.811035,0.888437,0.653346,0.376022,0.752283,0.852724,0.869549,0.901965,0.736687,0.86214,0.918794,0.801837,0.762471,0.875755,0.747238,0.672593,0.600225,0.719162,0.8069,0.852687,0.588813,0.301972,0.471538,0.714313,0.913144,0.881441,0.605906,0.810681
0.921244,0.787844,0.928348,0.831622,0.833712,0.757105,0.578642,0.533,0.65237,0.688036,0.908968,0.836341,0.875025,0.743195,0.640407,0.929368,0.899936,0.651112,0.898051,0.899526,1,0.818958,0.868749,0.934593,0.686653,0.818044,0.920661,0.772035,0.493937,0.332684,0.497113,0.640506,0.84874,0.857433,0.748762,0.749248,0.459303,0.765181,0.918832,0.898232,0.650747,0.823155,0.937831,0.87668,0.952584,0.899377,0.859921,0.804482,0.570502,0.635964,0.801359,0.837904,0.889736,0.900438,0.892962,0.883433,0.75971,0.91283,0.935036,0.59765,0.256497,0.681381,0.894468,0.934237,0.944435,0.821644,0.857599,0.933757,0.780687,0.78511,0.944263,0.771304,0.632529,0.64506,0.580762,0.811674,0.84897,0.605049,0.405816,0.447359,0.758935,0.920284,0.857472,0.655219,0.811247
0.776939,0.682377,0.775445,0.676052,0.698442,0.626163,0.456686,0.448194,0.606482,0.616821,0.7767,0.786429,0.773958,0.65675,0.559489,0.770907,0.777521,0.603731,0.758143,0.734432,0.818958,1,0.69959,0.776159,0.58601,0.637953,0.804644,0.633889,0.369035,0.504024,0.406126,0.576947,0.725354,0.705914,0.62093,0.666975,0.427281,0.587645,0.781598,0.753923,0.547885,0.607928,0.806892,0.766812,0.794965,0.742161,0.735817,0.713979,0.481631,0.381531,0.603698,0.749876,0.784468,0.794004,0.756938,0.699458,0.607097,0.797794,0.751157,0.413774,0.22934,0.530341,0.713614,0.750534,0.801255,0.697846,0.77842,0.805897,0.683216,0.622506,0.779991,0.598048,0.444951,0.408035,0.49225,0.67336,0.660405,0.445757,0.358218,0.308527,0.63448,0.763569,0.693156,0.549808,0.634113
0.817234,0.710141,0.838082,0.73446,0.741464,0.777313,0.555325,0.517166,0.714485,0.673449,0.824817,0.702045,0.788736,0.713606,0.657409,0.800608,0.814685,0.527536,0.754685,0.761101,0.868749,0.69959,1,0.866776,0.567636,0.607968,0.813117,0.741642,0.51722,0.338802,0.504141,0.436675,0.771575,0.745568,0.696766,0.64665,0.490756,0.722721,0.823425,0.872352,0.459917,0.755566,0.833593,0.794276,0.872032,0.818714,0.857745,0.761758,0.55738,0.619847,0.766438,0.769993,0.845148,0.771586,0.820033,0.823358,0.76501,0.832543,0.864322,0.468972,0.194241,0.646365,0.797624,0.859551,0.853193,0.783836,0.762232,0.84839,0.609771,0.756803,0.848723,0.718555,0.546003,0.598253,0.427543,0.686156,0.774525,0.585616,0.455887,0.385964,0.631014,0.837842,0.810749,0.517473,0.706156
0.952715,0.838628,0.965217,0.872894,0.906255,0.823023,0.726023,0.607215,0.747226,0.655386,0.896645,0.82646,0.875654,0.801265,0.694809,0.889072,0.912934,0.671818,0.842762,0.902557,0.934593,0.776159,0.866776,1,0.780899,0.759659,0.89118,0.791485,0.490905,0.403281,0.541214,0.682472,0.78181,0.89854,0.784975,0.753482,0.42723,0.772877,0.907836,0.924008,0.570688,0.808196,0.951172,0.885718,0.960181,0.901825,0.89886,0.868927,0.602808,0.619041,0.807641,0.738255,0.865063,0.850129,0.860022,0.932817,0.845176,0.86292,0.93997,0.659963,0.335114,0.773029,0.812548,0.908191,0.910406,0.815437,0.886557,0.971655,0.812097,0.813967,0.930522,0.837622,0.565763,0.569504,0.606654,0.799244,0.870322,0.658886,0.419983,0.404964,0.807883,0.948118,0.854776,0.590798,0.749575
0.770807,0.688275,0.755556,0.644087,0.717944,0.622358,0.692393,0.327767,0.616112,0.389549,0.628234,0.639167,0.605889,0.553556,0.458198,0.64561,0.640553,0.616655,0.648188,0.75937,0.686653,0.58601,0.567636,0.780899,1,0.64031,0.57368,0.529192,0.450645,0.216369,0.507738,0.613671,0.574488,0.726852,0.688338,0.599226,0.41311,0.655127,0.685629,0.713022,0.422424,0.54651,0.748684,0.595103,0.711148,0.614587,0.64031,0.673527,0.43973,0.377692,0.555306,0.481257,0.633077,0.559088,0.570483,0.650804,0.563453,0.547604,0.657234,0.556673,0.505476,0.655339,0.559238,0.655042,0.653052,0.62821,0.667345,0.760206,0.77842,0.659649,0.660802,0.736449,0.443194,0.289939,0.595394,0.615602,0.741628,0.542686,0.342104,0.257994,0.667144,0.748745,0.624306,0.425496,0.571496
0.784114,0.686246,0.785805,0.698184,0.722639,0.659391,0.43697,0.251218,0.510015,0.510039,0.704296,0.750536,0.734178,0.582132,0.536425,0.808689,0.763855,0.651516,0.796789,0.773365,0.818044,0.637953,0.607968,0.759659,0.64031,1,0.78708,0.578519,0.282216,0.184572,0.429015,0.579493,0.665441,0.742137,0.694212,0.655217,0.271013,0.621451,0.74559,0.697373,0.626595,0.627315,0.777353,0.771154,0.782142,0.699421,0.621078,0.659714,0.538553,0.544538,0.641622,0.674723,0.688376,0.739751,0.757851,0.725479,0.63299,0.753874,0.766721,0.470737,0.18556,0.544708,0.743059,0.704381,0.782012,0.583545,0.688988,0.764898,0.711699,0.564951,0.801732,0.670754,0.428921,0.431248,0.513398,0.790926,0.755445,0.436408,0.304423,0.515993,0.598074,0.742669,0.639937,0.524343,0.698633
0.889294,0.79215,0.910691,0.843759,0.836566,0.763137,0.568931,0.611161,0.603696,0.752894,0.918595,0.874116,0.904214,0.799773,0.605989,0.890235,0.926673,0.656132,0.818168,0.845364,0.920661,0.804644,0.813117,0.89118,0.57368,0.78708,1,0.76154,0.356028,0.398214,0.452952,0.67738,0.804971,0.817308,0.727003,0.700131,0.38023,0.733111,0.90732,0.860252,0.622865,0.776705,0.870631,0.879369,0.924436,0.89936,0.874719,0.800664,0.659372,0.63972,0.789105,0.844545,0.857632,0.921783,0.908967,0.90064,0.799751,0.900505,0.913205,0.541045,0.245215,0.666469,0.855495,0.864268,0.903746,0.750104,0.856513,0.923904,0.714357,0.72794,0.924544,0.700093,0.554427,0.575185,0.562746,0.760527,0.764507,0.596751,0.487971,0.45655,0.70544,0.881073,0.832212,0.598164,0.777932
0.782301,0.693215,0.764881,0.664961,0.715948,0.669154,0.657908,0.489979,0.568507,0.623113,0.784401,0.651259,0.736425,0.720537,0.608786,0.740698,0.752418,0.46199,0.680044,0.676865,0.772035,0.633889,0.741642,0.791485,0.529192,0.578519,0.76154,1,0.464217,0.248777,0.375426,0.52514,0.606611,0.737266,0.609822,0.688475,0.489855,0.665501,0.817672,0.825516,0.578409,0.667116,0.814963,0.764523,0.820917,0.745717,0.821091,0.729457,0.606104,0.57689,0.742809,0.628669,0.794471,0.739821,0.762046,0.784285,0.733132,0.680173,0.80511,0.430705,0.240709,0.631901,0.733705,0.778852,0.774951,0.686405,0.700426,0.773119,0.558108,0.653212,0.741701,0.693558,0.594844,0.483922,0.462741,0.639025,0.62215,0.546645,0.387809,0.470396,0.735707,0.781646,0.736898,0.688276,0.612713
0.53409,0.500129,0.451084,0.417536,0.38151,0.303857,0.332173,0.349334,0.272819,0.497732,0.553118,0.293102,0.36712,0.501817,0.354574,0.354727,0.360035,0.333103,0.503176,0.428784,0.493937,0.369035,0.51722,0.490905,0.450645,0.282216,0.356028,0.464217,1,0.194681,0.082113,0.191558,0.480111,0.386253,0.409654,0.293041,0.479674,0.36284,0.441224,0.529307,0.413821,0.376154,0.534233,0.383568,0.47966,0.44644,0.460555,0.337275,0.342642,0.122143,0.541657,0.43166,0.498723,0.363882,0.335202,0.454092,0.370766,0.337543,0.395885,0.413228,0.263887,0.41049,0.431681,0.514374,0.469072,0.491835,0.357762,0.467875,0.343085,0.463685,0.437438,0.511645,0.496218,0.267365,0.273857,0.387363,0.440279,0.489024,0.249034,0.159526,0.396693,0.467099,0.459984,0.203965,0.400341
0.368357,0.351708,0.361256,0.396055,0.269653,0.485908,0.207291,0.349588,0.430473,0.314282,0.455005,0.379862,0.421539,0.416429,0.437283,0.337384,0.422666,0.414275,0.263486,0.258244,0.332684,0.504024,0.338802,0.403281,0.216369,0.184572,0.398214,0.248777,0.194681,1,0.209311,0.268545,0.467215,0.292108,0.297656,0.277864,0.190028,0.124495,0.278415,0.32735,0.180949,0.26762,0.373156,0.327332,0.385577,0.44197,0.351534,0.290493,0.0970087,0.191264,0.197823,0.372917,0.386448,0.432394,0.353143,0.347277,0.341172,0.434971,0.31579,0.198674,0.0921111,0.228436,0.250096,0.356173,0.299755,0.510218,0.212595,0.386839,0.260331,0.357881,0.318394,0.137173,-0.0380215,0.144636,-0.00867587,0.258048,0.410353,0.515032,0.339709,-0.0826886,0.233284,0.374929,0.357891,-0.0128529,0.0787311
0.468963,0.324609,0.538057,0.388631,0.541861,0.554776,0.350451,-0.00972691,0.564516,0.211602,0.391645,0.596434,0.486434,0.288258,0.35699,0.543063,0.512034,0.391065,0.34491,0.502315,0.497113,0.406126,0.504141,0.541214,0.507738,0.429015,0.452952,0.375426,0.082113,0.209311,1,0.274925,0.457203,0.568559,0.583516,0.344441,0.232431,0.571744,0.526076,0.552868,0.230021,0.379369,0.559687,0.430808,0.562978,0.474545,0.532655,0.524308,0.377092,0.392225,0.295439,0.390751,0.541494,0.414545,0.498753,0.433132,0.432168,0.572396,0.515374,0.290036,-0.0577603,0.35734,0.43835,0.463462,0.530419,0.546026,0.462251,0.509304,0.543321,0.513915,0.471887,0.502956,0.307672,0.34797,0.397134,0.455741,0.586092,0.453295,0.328632,0.00782678,0.520811,0.551405,0.45762,0.432803,0.38557
0.697528,0.63936,0.733704,0.717093,0.661631,0.584595,0.497452,0.51422,0.478834,0.538723,0.648797,0.664771,0.627303,0.558655,0.372666,0.642444,0.677245,0.520398,0.609386,0.784178,0.640506,0.576947,0.436675,0.682472,0.613671,0.579493,0.67738,0.52514,0.191558,0.268545,0.274925,1,0.615476,0.670161,0.533224,0.580425,0.316116,0.606403,0.715267,0.622566,0.484949,0.587361,0.639348,0.626592,0.673504,0.691318,0.567969,0.56442,0.391243,0.528525,0.455326,0.509803,0.567746,0.702212,0.630034,0.690613,0.563459,0.589478,0.681408,0.503573,0.372945,0.606435,0.611461,0.669107,0.644548,0.476211,0.718492,0.734133,0.564483,0.591258,0.667533,0.502445,0.485607,0.359363,0.688185,0.597804,0.642382,0.419083,0.172657,0.362538,0.572841,0.7226,0.690485,0.451267,0.676957
0.793509,0.619537,0.812922,0.761463,0.704912,0.678051,0.40601,0.531482,0.58419,0.611822,0.774456,0.782015,0.773592,0.614779,0.504142,0.810058,0.778457,0.669546,0.773406,0.786784,0.84874,0.725354,0.771575,0.78181,0.574488,0.665441,0.804971,0.606611,0.480111,0.467215,0.457203,0.615476,1,0.705552,0.707977,0.692088,0.472353,0.683397,0.832485,0.80462,0.582574,0.757467,0.76524,0.70391,0.849582,0.833853,0.719153,0.686689,0.438829,0.698538,0.640436,0.744435,0.762922,0.818149,0.806049,0.734583,0.625985,0.835561,0.799981,0.452049,0.156082,0.52546,0.835359,0.835466,0.852151,0.798557,0.691163,0.822699,0.662218,0.658862,0.801389,0.616096,0.657644,0.546386,0.498781,0.653846,0.771689,0.541954,0.495396,0.340659,0.611092,0.801615,0.840174,0.481937,0.761115
0.889765,0.777597,0.911312,0.761937,0.848463,0.739968,0.6471,0.498547,0.649359,0.543285,0.823078,0.829778,0.855351,0.745447,0.560354,0.901173,0.902061,0.643902,0.764761,0.856766,0.857433,0.705914,0.745568,0.89854,0.726852,0.742137,0.817308,0.737266,0.386253,0.292108,0.568559,0.670161,0.705552,1,0.784184,0.661772,0.359491,0.774671,0.866935,0.87863,0.651203,0.699084,0.889369,0.83914,0.912915,0.859754,0.794229,0.751934,0.627699,0.616866,0.732786,0.66733,0.819747,0.7872,0.811962,0.864725,0.76106,0.833171,0.879782,0.677482,0.247804,0.682223,0.820217,0.872947,0.902091,0.744623,0.78858,0.905191,0.759918,0.76414,0.827357,0.753772,0.566998,0.52759,0.618829,0.831973,0.857404,0.640852,0.395363,0.413574,0.814202,0.914501,0.857003,0.654613,0.719186
0.774723,0.712736,0.838637,0.753459,0.795899,0.727394,0.527507,0.362385,0.732132,0.587116,0.721503,0.763215,0.779496,0.665857,0.665272,0.747305,0.783637,0.67913,0.692797,0.755845,0.748762,0.62093,0.696766,0.784975,0.688338,0.694212,0.727003,0.609822,0.409654,0.297656,0.583516,0.533224,0.707977,0.784184,1,0.61773,0.368488,0.681167,0.777693,0.818942,0.503618,0.678825,0.761059,0.755112,0.810201,0.721192,0.721883,0.728103,0.524581,0.583964,0.566729,0.615787,0.759866,0.718675,0.767178,0.73532,0.623226,0.739404,0.817289,0.591293,0.323908,0.541815,0.707619,0.755646,0.795504,0.667766,0.657941,0.809597,0.589707,0.648089,0.796476,0.781661,0.555067,0.370932,0.554791,0.707675,0.741276,0.529909,0.4606,0.300989,0.620596,0.779307,0.761236,0.343944,0.644849
0.758776,0.598935,0.749148,0.669645,0.72991,0.61241,0.56319,0.431805,0.543755,0.412068,0.612209,0.669347,0.657745,0.617312,0.417019,0.684666,0.648662,0.58191,0.732613,0.702192,0.749248,0.666975,0.64665,0.753482,0.599226,0.655217,0.700131,0.688475,0.293041,0.277864,0.344441,0.580425,0.692088,0.661772,0.61773,1,0.402739,0.690776,0.754605,0.783479,0.532053,0.676006,0.758742,0.700102,0.774711,0.704479,0.645649,0.724263,0.486208,0.576255,0.690634,0.541877,0.672318,0.678138,0.689286,0.712719,0.580885,0.627428,0.747607,0.42948,0.23347,0.669932,0.65721,0.694217,0.722546,0.611977,0.710955,0.774818,0.646242,0.572406,0.754195,0.69998,0.48494,0.371367,0.541282,0.609174,0.714283,0.473464,0.30639,0.380285,0.649895,0.741167,0.726524,0.598232,0.637673
0.492944,0.398798,0.423991,0.343096,0.324321,0.312523,0.401043,0.277702,0.235093,0.387921,0.481509,0.378644,0.423504,0.323342,0.11711,0.341191,0.411319,0.169438,0.342522,0.46381,0.459303,0.427281,0.490756,0.42723,0.41311,0.271013,0.38023,0.489855,0.479674,0.190028,0.232431,0.316116,0.472353,0.359491,0.368488,0.402739,1,0.498439,0.504472,0.471758,0.363104,0.359313,0.451975,0.338928,0.459742,0.448412,0.433075,0.390246,0.265627,0.35307,0.416265,0.383158,0.416336,0.422024,0.432136,0.376634,0.432371,0.293478,0.439159,0.212359,0.434027,0.381737,0.438293,0.511502,0.46301,0.552671,0.433598,0.47255,0.454901,0.456464,0.370445,0.357033,0.463843,0.283413,0.45701,0.334264,0.440354,0.313061,0.336128,0.266959,0.282758,0.449946,0.503727,0.352666,0.473338
0.817222,0.676323,0.805388,0.686648,0.737591,0.632718,0.633422,0.479469,0.518305,0.491683,0.70602,0.668598,0.701531,0.665917,0.335269,0.772231,0.73021,0.459381,0.699226,0.811308,0.765181,0.587645,0.722721,0.772877,0.655127,0.621451,0.733111,0.665501,0.36284,0.124495,0.571744,0.606403,0.683397,0.774671,0.681167,0.690776,0.498439,1,0.878025,0.828088,0.450623,0.736827,0.792791,0.708421,0.819691,0.813607,0.716675,0.754767,0.640287,0.596719,0.803188,0.640906,0.769478,0.693964,0.748071,0.786521,0.695229,0.73732,0.817981,0.604131,0.215201,0.734671,0.783875,0.760499,0.835312,0.633692,0.75433,0.795516,0.690371,0.774074,0.765174,0.626687,0.657547,0.591915,0.673327,0.779414,0.772661,0.553332,0.540607,0.482242,0.671387,0.830607,0.816175,0.741662,0.78474
0.929956,0.791335,0.940491,0.832817,0.882647,0.752047,0.681906,0.583221,0.649003,0.670267,0.871159,0.856255,0.881168,0.77602,0.571294,0.906958,0.904404,0.636944,0.847872,0.903719,0.918832,0.781598,0.823425,0.907836,0.685629,0.74559,0.90732,0.817672,0.441224,0.278415,0.526076,0.715267,0.832485,0.866935,0.777693,0.754605,0.504472,0.878025,1,0.930201,0.597999,0.811503,0.902721,0.862089,0.949077,0.915689,0.8485,0.845898,0.671428,0.719764,0.796699,0.777764,0.879405,0.872449,0.90125,0.903672,0.782974,0.880535,0.949677,0.589491,0.24882,0.71332,0.905902,0.918093,0.950829,0.776929,0.893338,0.936854,0.747628,0.765989,0.904806,0.737716,0.699572,0.595147,0.701288,0.806802,0.830153,0.592615,0.50848,0.531416,0.774897,0.932836,0.897661,0.696634,0.853743
0.92442,0.781688,0.94014,0.835627,0.857008,0.813806,0.670243,0.543783,0.71168,0.662608,0.866398,0.821589,0.858021,0.779486,0.617712,0.865919,0.871895,0.714327,0.819997,0.858988,0.898232,0.753923,0.872352,0.924008,0.713022,0.697373,0.860252,0.825516,0.529307,0.32735,0.552868,0.622566,0.80462,0.87863,0.818942,0.783479,0.471758,0.828088,0.930201,1,0.588752,0.798625,0.922103,0.856243,0.957798,0.88727,0.870443,0.82528,0.653614,0.648562,0.803432,0.764934,0.913983,0.84192,0.863528,0.896743,0.796247,0.842871,0.920917,0.625251,0.294873,0.732624,0.823945,0.886402,0.922021,0.80998,0.83148,0.929773,0.697613,0.792448,0.888819,0.806303,0.626621,0.507654,0.611743,0.791497,0.858938,0.662457,0.450712,0.428245,0.803619,0.939562,0.916135,0.644884,0.765829
0.678541,0.577649,0.591763,0.510328,0.570901,0.368794,0.19064,0.317244,0.283767,0.328093,0.604673,0.591256,0.584016,0.554538,0.335081,0.672757,0.61577,0.478961,0.639939,0.597492,0.650747,0.547885,0.459917,0.570688,0.422424,0.626595,0.622865,0.578409,0.413821,0.180949,0.230021,0.484949,0.582574,0.651203,0.503618,0.532053,0.363104,0.450623,0.597999,0.588752,1,0.534359,0.699607,0.642849,0.652119,0.632707,0.479678,0.457191,0.422546,0.381005,0.510484,0.408329,0.542938,0.579788,0.508389,0.632921,0.411517,0.568157,0.548128,0.429873,0.0799529,0.377243,0.682081,0.607852,0.665101,0.546956,0.58121,0.635162,0.552428,0.48982,0.638299,0.455268,0.499932,0.484248,0.588749,0.65802,0.596489,0.420725,0.179858,0.446609,0.551725,0.617694,0.59648,0.574998,0.530236
0.822964,0.634301,0.832131,0.857997,0.745313,0.629393,0.473812,0.587414,0.504588,0.554655,0.751202,0.650444,0.748544,0.632131,0.519374,0.75745,0.769812,0.546641,0.782858,0.83276,0.823155,0.607928,0.755566,0.808196,0.54651,0.627315,0.776705,0.667116,0.376154,0.26762,0.379369,0.587361,0.757467,0.699084,0.678825,0.676006,0.359313,0.736827,0.811503,0.798625,0.534359,1,0.783783,0.701897,0.827117,0.864793,0.750356,0.716871,0.389586,0.618707,0.749145,0.617465,0.759105,0.779753,0.754624,0.811795,0.636589,0.734813,0.842358,0.615379,0.33148,0.75634,0.773314,0.765972,0.811132,0.65703,0.751304,0.828944,0.615834,0.745807,0.855303,0.648043,0.701292,0.68394,0.576623,0.765462,0.735747,0.505887,0.306009,0.498524,0.630569,0.803049,0.821585,0.557981,0.713232
0.965748,0.837433,0.931349,0.821984,0.853672,0.787331,0.636702,0.520313,0.702391,0.591275,0.885403,0.78871,0.825425,0.788406,0.653634,0.903841,0.865702,0.655262,0.87565,0.884121,0.937831,0.806892,0.833593,0.951172,0.748684,0.777353,0.870631,0.814963,0.534233,0.373156,0.559687,0.639348,0.76524,0.889369,0.761059,0.758742,0.451975,0.792791,0.902721,0.922103,0.699607,0.783783,1,0.90412,0.957246,0.893904,0.846688,0.838669,0.621487,0.550721,0.799724,0.734044,0.893944,0.825214,0.811094,0.914735,0.79117,0.870138,0.901383,0.666277,0.233206,0.73321,0.83493,0.894845,0.922145,0.816379,0.861704,0.927632,0.798702,0.821274,0.926035,0.787419,0.580823,0.602289,0.64988,0.85437,0.871521,0.691448,0.417467,0.431238,0.823102,0.950459,0.841132,0.704156,0.731772
0.897888,0.878318,0.888739,0.757806,0.835424,0.816803,0.622149,0.552995,0.699636,0.63041,0.851759,0.748958,0.833754,0.818461,0.731894,0.893966,0.876183,0.633906,0.803921,0.783512,0.87668,0.766812,0.794276,0.885718,0.595103,0.771154,0.879369,0.764523,0.383568,0.327332,0.430808,0.626592,0.70391,0.83914,0.755112,0.700102,0.338928,0.708421,0.862089,0.856243,0.642849,0.701897,0.90412,1,0.906002,0.837822,0.782315,0.822906,0.640513,0.584979,0.751733,0.719363,0.848829,0.846197,0.850631,0.922963,0.788728,0.89165,0.906211,0.637674,0.199321,0.590448,0.828385,0.868977,0.884436,0.6971,0.846323,0.893344,0.654512,0.696747,0.89835,0.70437,0.464803,0.51514,0.561877,0.791685,0.752392,0.554471,0.49343,0.445247,0.698662,0.88115,0.771116,0.577037,0.712038
0.960474,0.79821,0.972601,0.861907,0.89546,0.839826,0.652185,0.561045,0.724099,0.672932,0.908184,0.87489,0.907009,0.775747,0.642164,0.934924,0.92688,0.707017,0.85865,0.897549,0.952584,0.794965,0.872032,0.960181,0.711148,0.782142,0.924436,0.820917,0.47966,0.385577,0.562978,0.673504,0.849582,0.912915,0.810201,0.774711,0.459742,0.819691,0.949077,0.957798,0.652119,0.827117,0.957246,0.906002,1,0.945675,0.891333,0.846882,0.639349,0.687291,0.810501,0.786641,0.912378,0.902793,0.909752,0.927358,0.815857,0.913648,0.960454,0.659377,0.266513,0.705013,0.877277,0.937946,0.965622,0.853191,0.855126,0.962528,0.750307,0.787101,0.94306,0.798229,0.63541,0.612657,0.619799,0.842277,0.888059,0.676347,0.481808,0.471915,0.821802,0.970562,0.919463,0.662845,0.810745
0.925956,0.751574,0.936489,0.879737,0.844562,0.767654,0.59061,0.61886,0.619161,0.672818,0.894383,0.813735,0.863636,0.772532,0.574965,0.883102,0.907283,0.674849,0.809825,0.868339,0.899377,0.742161,0.818714,0.901825,0.614587,0.699421,0.89936,0.745717,0.44644,0.44197,0.474545,0.691318,0.833853,0.859754,0.721192,0.704479,0.448412,0.813607,0.915689,0.88727,0.632707,0.864793,0.893904,0.837822,0.945675,1,0.835114,0.775786,0.587411,0.695763,0.795999,0.748139,0.867417,0.854,0.851668,0.909667,0.75258,0.880149,0.919745,0.676697,0.205494,0.733408,0.83584,0.896877,0.905395,0.779761,0.812499,0.920402,0.681923,0.813382,0.905921,0.67171,0.63781,0.656853,0.634822,0.832813,0.877865,0.712627,0.487656,0.469941,0.776274,0.927227,0.892877,0.632719,0.790075
0.830405,0.7089,0.882913,0.816876,0.808063,0.724602,0.623097,0.58603,0.688918,0.786323,0.869152,0.772229,0.807796,0.729542,0.656916,0.780511,0.830023,0.578236,0.69738,0.770893,0.859921,0.735817,0.857745,0.89886,0.64031,0.621078,0.874719,0.821091,0.460555,0.351534,0.532655,0.567969,0.719153,0.794229,0.721883,0.645649,0.433075,0.716675,0.8485,0.870443,0.479678,0.750356,0.846688,0.782315,0.891333,0.835114,1,0.840036,0.611128,0.548065,0.761496,0.740762,0.802371,0.795241,0.811719,0.826099,0.777214,0.794692,0.871808,0.492103,0.331264,0.707734,0.727473,0.82027,0.831998,0.789117,0.779094,0.879195,0.651628,0.805301,0.856708,0.799749,0.53724,0.516856,0.454321,0.658751,0.71607,0.615491,0.484248,0.356579,0.808847,0.835347,0.781658,0.55062,0.713592
0.841894,0.725312,0.847736,0.782975,0.794159,0.707872,0.647354,0.566938,0.732813,0.565708,0.748005,0.682085,0.697371,0.699002,0.671693,0.753739,0.763626,0.570937,0.760884,0.763038,0.804482,0.713979,0.761758,0.868927,0.673527,0.659714,0.800664,0.729457,0.337275,0.290493,0.524308,0.56442,0.686689,0.751934,0.728103,0.724263,0.390246,0.754767,0.845898,0.82528,0.457191,0.716871,0.838669,0.822906,0.846882,0.775786,0.840036,1,0.542707,0.572461,0.68037,0.602311,0.712315,0.70531,0.736965,0.826292,0.7744,0.763085,0.837058,0.511691,0.268084,0.642193,0.734238,0.762835,0.818451,0.70643,0.806638,0.847358,0.731186,0.744555,0.837261,0.781912,0.479599,0.465902,0.531978,0.646417,0.673583,0.445465,0.496416,0.44272,0.772115,0.805045,0.703202,0.554401,0.658236
0.638359,0.692961,0.645593,0.544683,0.659217,0.521839,0.552031,0.3112,0.306793,0.546768,0.610187,0.595284,0.625315,0.765794,0.339257,0.590267,0.653669,0.408443,0.464179,0.545103,0.570502,0.481631,0.55738,0.602808,0.43973,0.538553,0.659372,0.606104,0.342642,0.0970087,0.377092,0.391243,0.438829,0.627699,0.524581,0.486208,0.265627,0.640287,0.671428,0.653614,0.422546,0.389586,0.621487,0.640513,0.639349,0.587411,0.611128,0.542707,1,0.382983,0.693021,0.600702,0.674289,0.534382,0.618082,0.65659,0.604426,0.588241,0.617855,0.473136,0.085165,0.552161,0.596493,0.553016,0.603808,0.452108,0.610626,0.622659,0.469446,0.429247,0.588761,0.513337,0.469429,0.260429,0.461115,0.508437,0.510435,0.573431,0.562861,0.350435,0.463528,0.622003,0.56666,0.536497,0.678762
0.625345,0.469792,0.682398,0.609305,0.621373,0.606811,0.534899,0.470756,0.588695,0.469476,0.596926,0.641065,0.685554,0.491884,0.453708,0.678673,0.690141,0.510387,0.588616,0.601081,0.635964,0.381531,0.619847,0.619041,0.377692,0.544538,0.63972,0.57689,0.122143,0.191264,0.392225,0.528525,0.698538,0.616866,0.583964,0.576255,0.35307,0.596719,0.719764,0.648562,0.381005,0.618707,0.550721,0.584979,0.687291,0.695763,0.548065,0.572461,0.382983,1,0.442542,0.500927,0.585585,0.628539,0.716662,0.67764,0.62165,0.649997,0.73668,0.349041,0.0529893,0.455186,0.666578,0.730546,0.679836,0.605162,0.576219,0.653803,0.452016,0.459939,0.655472,0.485957,0.557251,0.406056,0.428873,0.518394,0.66301,0.354015,0.337941,0.551827,0.508843,0.64616,0.686713,0.441152,0.677381
0.823552,0.740909,0.773984,0.681819,0.731999,0.593776,0.639946,0.58333,0.380576,0.57942,0.778808,0.607173,0.740297,0.782873,0.398359,0.759165,0.756089,0.430428,0.70418,0.738358,0.801359,0.603698,0.766438,0.807641,0.555306,0.641622,0.789105,0.742809,0.541657,0.197823,0.295439,0.455326,0.640436,0.732786,0.566729,0.690634,0.416265,0.803188,0.796699,0.803432,0.510484,0.749145,0.799724,0.751733,0.810501,0.795999,0.761496,0.68037,0.693021,0.442542,1,0.689151,0.782802,0.72887,0.748803,0.824021,0.746343,0.711705,0.794434,0.610584,0.267671,0.768095,0.755928,0.7487,0.795848,0.603306,0.745069,0.809874,0.663083,0.714219,0.77026,0.632816,0.595385,0.61341,0.483523,0.753998,0.697216,0.60086,0.507529,0.457911,0.620945,0.798861,0.766223,0.669296,0.706663
0.720385,0.6784,0.76644,0.703606,0.628121,0.736268,0.475654,0.418311,0.484818,0.783592,0.860482,0.744404,0.767364,0.687061,0.523567,0.770851,0.778048,0.607448,0.760896,0.751588,0.837904,0.749876,0.769993,0.738255,0.481257,0.674723,0.844545,0.628669,0.43166,0.372917,0.390751,0.509803,0.744435,0.66733,0.615787,0.541877,0.383158,0.640906,0.777764,0.764934,0.408329,0.617465,0.734044,0.719363,0.786641,0.748139,0.740762,0.602311,0.600702,0.500927,0.689151,1,0.867768,0.851783,0.849601,0.702657,0.650148,0.821328,0.78389,0.467122,0.200037,0.503939,0.774705,0.779173,0.797573,0.694659,0.650849,0.753995,0.565785,0.618495,0.762568,0.594642,0.499356,0.407632,0.339821,0.596099,0.654442,0.600603,0.492761,0.291019,0.552467,0.739965,0.743297,0.495276,0.677881
0.872443,0.797437,0.883587,0.777829,0.784325,0.827425,0.624596,0.437151,0.637741,0.694387,0.889615,0.79409,0.850748,0.800788,0.632703,0.860489,0.870343,0.668947,0.808271,0.819354,0.889736,0.784468,0.845148,0.865063,0.633077,0.688376,0.857632,0.794471,0.498723,0.386448,0.541494,0.567746,0.762922,0.819747,0.759866,0.672318,0.416336,0.769478,0.879405,0.913983,0.542938,0.759105,0.893944,0.848829,0.912378,0.867417,0.802371,0.712315,0.674289,0.585585,0.782802,0.867768,1,0.866274,0.882776,0.849012,0.7175,0.867632,0.88754,0.665385,0.218049,0.653571,0.823119,0.85804,0.879317,0.753507,0.765181,0.872963,0.648127,0.718751,0.860747,0.719911,0.634306,0.516851,0.539992,0.770915,0.802539,0.709916,0.504567,0.348632,0.679372,0.894036,0.8442,0.635148,0.718294
