1,0.959684,0.959964,0.857409,0.803718,0.86334,0.624864,0.509115,0.58274,0.842211,0.8639,0.82245,0.855742,0.934375,0.833195,0.913445,0.90857,0.792018,0.853,0.921176,0.906511,0.65056,0.812765,0.944967,0.734474,0.81524,0.90632,0.756611,0.361587,0.360055,0.489497,0.434225,0.801691,0.808482,0.703105,0.494522,0.479858,0.673983,0.917287,0.883922,0.315187,0.632984,0.950573,0.950917,0.952439,0.855318,0.78289,0.83929,0.564827,0.691205,0.778461,0.863785,0.919632,0.815381,0.829791,0.95684,0.63389,0.937896,0.911676,0.74508,0.530002,0.790015,0.881431,0.921996,0.896572,0.820082,0.876015,0.953207,0.623999,0.739957,0.823586,0.550123,0.405579,0.385012,0.641481,0.834336,0.815959,0.642951,0.50237,0.302737,0.590237,0.921294,0.824847,0.602666,0.771082
0.959684,1,0.944441,0.829166,0.8385,0.856793,0.622051,0.495141,0.627906,0.793818,0.82603,0.863697,0.892726,0.938143,0.849638,0.922056,0.91939,0.810781,0.869043,0.918086,0.919193,0.676179,0.849898,0.954315,0.730263,0.81785,0.890595,0.772726,0.397321,0.371433,0.432694,0.369183,0.776787,0.829303,0.716069,0.45285,0.514921,0.686036,0.926508,0.858494,0.361625,0.691309,0.939771,0.933934,0.931965,0.830344,0.755784,0.851431,0.538491,0.716057,0.771586,0.851647,0.911355,0.840188,0.835644,0.941737,0.658141,0.929636,0.905226,0.7782,0.578215,0.782857,0.844964,0.926043,0.91739,0.838042,0.884664,0.956823,0.676306,0.710634,0.837667,0.620072,0.426235,0.349311,0.592528,0.822866,0.81182,0.600015,0.516717,0.313934,0.605625,0.919298,0.823478,0.542382,0.771911
0.959964,0.944441,1,0.860279,0.813532,0.876436,0.653063,0.517424,0.628169,0.86639,0.890089,0.84611,0.896457,0.945673,0.832892,0.922744,0.946232,0.830741,0.859107,0.930427,0.920415,0.723257,0.84262,0.960925,0.755277,0.772164,0.897963,0.82036,0.405261,0.407408,0.539723,0.493623,0.833276,0.811377,0.702953,0.402467,0.565379,0.661795,0.925407,0.87292,0.288941,0.68747,0.953122,0.930976,0.974425,0.888447,0.809751,0.881731,0.542448,0.713984,0.771524,0.863133,0.914888,0.810494,0.856358,0.951462,0.677004,0.944108,0.912938,0.804858,0.558681,0.806791,0.868024,0.943363,0.925059,0.886266,0.863555,0.963628,0.602462,0.717287,0.854728,0.585821,0.441991,0.405678,0.638618,0.87532,0.844175,0.645856,0.494025,0.341067,0.661584,0.949982,0.850398,0.562595,0.789129
0.857409,0.829166,0.860279,1,0.776575,0.798152,0.565252,0.409193,0.547913,0.870671,0.846355,0.790612,0.799408,0.866002,0.680484,0.767693,0.833731,0.714849,0.865215,0.834806,0.874739,0.667561,0.655565,0.846765,0.570495,0.724104,0.793124,0.649516,0.357696,0.393727,0.42819,0.654433,0.725746,0.753852,0.577867,0.435946,0.421801,0.594954,0.840085,0.822423,0.426265,0.653203,0.881481,0.826781,0.860067,0.835867,0.827408,0.839706,0.432676,0.566524,0.643928,0.79135,0.885425,0.752996,0.776329,0.865272,0.679904,0.813538,0.838852,0.717307,0.52455,0.777088,0.873288,0.841868,0.873716,0.788955,0.776258,0.851964,0.625304,0.716803,0.721154,0.568155,0.508141,0.531142,0.661887,0.82145,0.748247,0.544682,0.476526,0.201421,0.579162,0.889363,0.835455,0.620371,0.709711
0.803718,0.8385,0.813532,0.776575,1,0.860992,0.643862,0.386364,0.568565,0.665337,0.712393,0.725267,0.804001,0.773845,0.652039,0.760521,0.810811,0.647505,0.781945,0.8028,0.789505,0.585701,0.678798,0.828844,0.565138,0.720446,0.713775,0.586371,0.501537,0.387982,0.577706,0.396643,0.778035,0.756589,0.712915,0.343687,0.47322,0.692095,0.801785,0.725408,0.297222,0.478032,0.811403,0.818463,0.829508,0.738406,0.668278,0.707699,0.409922,0.545422,0.581551,0.694905,0.781401,0.711116,0.758031,0.818139,0.568997,0.79351,0.758454,0.608034,0.446857,0.623789,0.718523,0.804187,0.834168,0.778757,0.709639,0.796924,0.507165,0.621548,0.668108,0.463283,0.497294,0.340936,0.579972,0.750148,0.723253,0.6231,0.337164,0.115735,0.709106,0.801857,0.692835,0.349126,0.706033
0.86334,0.856793,0.876436,0.798152,0.860992,1,0.65037,0.512248,0.604499,0.774921,0.852591,0.789266,0.813252,0.854773,0.672995,0.820547,0.804048,0.644193,0.836374,0.857614,0.837489,0.548371,0.756105,0.87589,0.692292,0.699644,0.748249,0.636397,0.414883,0.363713,0.559102,0.483855,0.748397,0.762649,0.702765,0.269353,0.469309,0.656733,0.820709,0.765308,0.212474,0.527357,0.861699,0.882242,0.879949,0.773753,0.730744,0.759279,0.480779,0.572662,0.7429,0.76146,0.840529,0.822046,0.801087,0.864079,0.561897,0.851783,0.809027,0.670692,0.46255,0.709451,0.74037,0.830595,0.844255,0.787193,0.733338,0.825782,0.437453,0.753704,0.677661,0.466236,0.446787,0.350862,0.62127,0.751468,0.778671,0.717919,0.412032,0.317038,0.66932,0.807754,0.723518,0.414361,0.736644
0.624864,0.622051,0.653063,0.565252,0.643862,0.65037,1,0.626748,0.431542,0.495923,0.507914,0.559152,0.592044,0.582317,0.591909,0.541484,0.664331,0.599438,0.527005,0.552224,0.518722,0.484207,0.518863,0.654385,0.438229,0.441657,0.515691,0.545209,0.464313,0.382715,0.511614,0.34346,0.631888,0.482608,0.337567,0.233934,0.337018,0.483356,0.627502,0.549499,0.182902,0.272091,0.644895,0.590852,0.577918,0.621518,0.548719,0.545282,0.314079,0.670226,0.523909,0.49273,0.485307,0.578184,0.520162,0.667715,0.371599,0.557429,0.523038,0.36827,0.102349,0.598633,0.573509,0.606929,0.59481,0.585249,0.568121,0.614375,0.364522,0.483022,0.414125,0.191379,0.485226,0.139586,0.294566,0.564942,0.475651,0.365995,0.343163,0.125124,0.619565,0.594576,0.410528,0.341261,0.535815
0.509115,0.495141,0.517424,0.409193,0.386364,0.512248,0.626748,1,0.406774,0.405318,0.41693,0.49022,0.406687,0.52119,0.526873,0.424908,0.481644,0.380079,0.402879,0.468266,0.409677,0.386708,0.480464,0.559676,0.385318,0.378452,0.433321,0.52705,0.386825,0.160442,0.348622,0.372695,0.341116,0.348358,0.256557,0.162237,0.181734,0.347243,0.437387,0.376606,0.00450209,0.159679,0.504002,0.507287,0.455097,0.519327,0.426428,0.426752,0.413763,0.696871,0.494904,0.380841,0.373858,0.474902,0.330144,0.518604,0.351273,0.466679,0.365304,0.414868,-0.0249516,0.439825,0.417109,0.474101,0.446398,0.461294,0.534324,0.493284,0.128883,0.278868,0.393702,0.0654013,0.417004,0.00932742,0.181507,0.328038,0.445144,0.41259,0.344907,0.205468,0.493403,0.416685,0.225182,0.250784,0.344094
0.58274,0.627906,0.628169,0.547913,0.568565,0.604499,0.431542,0.406774,1,0.51578,0.554197,0.549398,0.496571,0.590579,0.57325,0.532753,0.615849,0.612737,0.63203,0.627758,0.603244,0.437822,0.520131,0.676868,0.529835,0.522953,0.498788,0.568915,0.253232,0.412318,0.159415,0.190444,0.407106,0.533852,0.439353,0.293225,0.192475,0.393946,0.496881,0.506022,0.290744,0.428089,0.640441,0.572829,0.607537,0.603475,0.362076,0.498729,0.262272,0.496328,0.389965,0.573057,0.559523,0.457702,0.450074,0.59365,0.331261,0.533133,0.550762,0.58378,0.420577,0.574631,0.474113,0.594678,0.550198,0.607931,0.46314,0.567291,0.32785,0.490071,0.527197,0.443505,0.247831,0.434329,0.316818,0.56815,0.484202,0.337043,0.116555,0.260203,0.587122,0.57884,0.568805,0.302239,0.398914
0.842211,0.793818,0.86639,0.870671,0.665337,0.774921,0.495923,0.405318,0.51578,1,0.865816,0.69746,0.736926,0.845321,0.669549,0.74249,0.817484,0.759234,0.791094,0.807047,0.82364,0.639767,0.594491,0.838151,0.586696,0.675265,0.846163,0.723177,0.347171,0.327606,0.544792,0.612069,0.771465,0.669623,0.539842,0.352131,0.560077,0.597787,0.816091,0.795266,0.258032,0.618531,0.865358,0.847587,0.870779,0.813985,0.790744,0.768565,0.453659,0.529155,0.596112,0.883902,0.860015,0.665173,0.705907,0.851219,0.621361,0.818904,0.830275,0.680966,0.465978,0.681442,0.819903,0.829848,0.825538,0.748218,0.729163,0.823699,0.585368,0.672113,0.737122,0.574774,0.402739,0.493304,0.604557,0.828478,0.660066,0.552844,0.410289,0.284759,0.527472,0.829469,0.780121,0.57198,0.725616
0.8639,0.82603,0.890089,0.846355,0.712393,0.852591,0.507914,0.41693,0.554197,0.865816,1,0.763377,0.831913,0.869511,0.721992,0.853661,0.862177,0.652868,0.820064,0.887222,0.888713,0.664417,0.757496,0.867808,0.686143,0.687995,0.836444,0.730968,0.416133,0.417643,0.481059,0.59331,0.810684,0.733551,0.638269,0.390023,0.477449,0.518707,0.868264,0.836978,0.284635,0.692604,0.86582,0.846638,0.898095,0.806206,0.725475,0.810141,0.531152,0.581389,0.69264,0.844439,0.884414,0.763547,0.811814,0.843738,0.641058,0.868477,0.899011,0.705636,0.549022,0.823683,0.816879,0.8672,0.866853,0.841571,0.817768,0.860865,0.556704,0.698743,0.762874,0.544862,0.391231,0.481274,0.671298,0.83163,0.751957,0.632504,0.395397,0.434752,0.57758,0.855329,0.846551,0.51239,0.730005
0.82245,0.863697,0.84611,0.790612,0.725267,0.789266,0.559152,0.49022,0.549398,0.69746,0.763377,1,0.860191,0.832569,0.775473,0.819483,0.822796,0.679009,0.82769,0.845353,0.854741,0.718923,0.754927,0.869833,0.711398,0.764912,0.759077,0.634789,0.413674,0.503457,0.397401,0.490442,0.702655,0.801784,0.704871,0.331001,0.493085,0.571798,0.837863,0.76725,0.420717,0.699887,0.85736,0.808086,0.835024,0.848054,0.827693,0.860017,0.47285,0.662403,0.76852,0.732831,0.827722,0.841808,0.823976,0.829103,0.6788,0.841612,0.789005,0.796303,0.65081,0.730416,0.833673,0.819001,0.858289,0.81465,0.852892,0.855287,0.64473,0.603542,0.772867,0.541311,0.501463,0.342187,0.550673,0.780274,0.822028,0.570157,0.46006,0.264283,0.560358,0.838253,0.765674,0.408899,0.611848
0.855742,0.892726,0.896457,0.799408,0.804001,0.813252,0.592044,0.406687,0.496571,0.736926,0.831913,0.860191,1,0.86415,0.730378,0.901466,0.890782,0.712655,0.807172,0.910903,0.925537,0.773876,0.831837,0.876691,0.686339,0.753932,0.832602,0.72176,0.441364,0.379062,0.488476,0.457953,0.808785,0.870505,0.738833,0.32457,0.52194,0.637097,0.935925,0.858491,0.309041,0.721587,0.873359,0.858332,0.908064,0.822558,0.770637,0.859877,0.476758,0.709186,0.737901,0.749034,0.889836,0.89762,0.950141,0.829625,0.739351,0.93647,0.931411,0.802048,0.595905,0.798375,0.811217,0.919372,0.926824,0.895649,0.897017,0.910485,0.613472,0.626641,0.776493,0.499013,0.421648,0.36791,0.711858,0.835236,0.850009,0.657819,0.567144,0.314607,0.632357,0.914555,0.84036,0.479953,0.73536
0.934375,0.938143,0.945673,0.866002,0.773845,0.854773,0.582317,0.52119,0.590579,0.845321,0.869511,0.832569,0.86415,1,0.830135,0.920926,0.909843,0.8017,0.868408,0.915682,0.938165,0.704052,0.843975,0.938431,0.679864,0.786906,0.886952,0.801714,0.369716,0.333951,0.398531,0.523897,0.763479,0.811398,0.67893,0.378699,0.538656,0.686429,0.903261,0.87638,0.368749,0.7309,0.919766,0.907785,0.912992,0.805181,0.815267,0.876115,0.511018,0.701782,0.761161,0.848711,0.902724,0.790172,0.808682,0.939335,0.689224,0.898153,0.896463,0.801516,0.507528,0.805653,0.841568,0.935417,0.928876,0.852506,0.853963,0.956811,0.65208,0.716738,0.892073,0.652743,0.408081,0.397556,0.61982,0.818176,0.839519,0.594765,0.52672,0.425114,0.626747,0.924952,0.861656,0.594784,0.819053
0.833195,0.849638,0.832892,0.680484,0.652039,0.672995,0.591909,0.526873,0.57325,0.669549,0.721992,0.775473,0.730378,0.830135,1,0.795167,0.822446,0.789339,0.7009,0.784714,0.785161,0.670665,0.789051,0.827511,0.687332,0.729938,0.748055,0.728737,0.39214,0.488837,0.399886,0.336798,0.669947,0.671166,0.629177,0.387757,0.431256,0.513978,0.789391,0.740251,0.34798,0.642726,0.769843,0.776091,0.778878,0.710357,0.636719,0.769345,0.480731,0.745554,0.691152,0.746353,0.719468,0.67555,0.676028,0.852717,0.5073,0.756771,0.742359,0.636938,0.356937,0.697167,0.741778,0.783872,0.780979,0.694312,0.785047,0.858554,0.623176,0.479743,0.784134,0.504101,0.385051,0.265686,0.372751,0.729693,0.709513,0.503672,0.396751,0.332736,0.631001,0.775745,0.681298,0.474319,0.608567
0.913445,0.922056,0.922744,0.767693,0.760521,0.820547,0.541484,0.424908,0.532753,0.74249,0.853661,0.819483,0.901466,0.920926,0.795167,1,0.89134,0.698901,0.828923,0.945868,0.937979,0.641822,0.843718,0.894228,0.709663,0.760002,0.871507,0.763033,0.357669,0.270221,0.41943,0.405154,0.786357,0.862084,0.789995,0.397779,0.493394,0.65595,0.939644,0.896388,0.305538,0.7577,0.879847,0.879524,0.922949,0.784372,0.737595,0.848902,0.511172,0.660851,0.727121,0.768386,0.887126,0.838243,0.864824,0.887435,0.610229,0.922465,0.927376,0.795203,0.585147,0.815933,0.79273,0.933653,0.908923,0.835571,0.849908,0.94048,0.580813,0.688483,0.846301,0.569192,0.370451,0.301299,0.642604,0.789049,0.88455,0.654368,0.466007,0.462127,0.578284,0.924285,0.836419,0.501654,0.807191
0.90857,0.91939,0.946232,0.833731,0.810811,0.804048,0.664331,0.481644,0.615849,0.817484,0.862177,0.822796,0.890782,0.909843,0.822446,0.89134,1,0.819395,0.841513,0.893875,0.892423,0.764979,0.823478,0.934398,0.724938,0.783444,0.897363,0.791878,0.434953,0.417222,0.517461,0.486624,0.846581,0.781381,0.645517,0.431811,0.574229,0.612123,0.907467,0.844052,0.368505,0.683934,0.935121,0.861937,0.919032,0.85341,0.812958,0.85673,0.526458,0.728128,0.73121,0.833986,0.861318,0.768766,0.808353,0.901632,0.682065,0.8978,0.886535,0.812901,0.519184,0.847431,0.837184,0.913486,0.90015,0.871346,0.858215,0.940262,0.675031,0.648528,0.856554,0.560124,0.471492,0.364329,0.5618,0.823924,0.800247,0.566959,0.430162,0.322487,0.637087,0.933321,0.836514,0.510498,0.749252
0.792018,0.810781,0.830741,0.714849,0.647505,0.644193,0.599438,0.380079,0.612737,0.759234,0.652868,0.679009,0.712655,0.8017,0.789339,0.698901,0.819395,1,0.684148,0.693358,0.727628,0.608061,0.689058,0.831939,0.614913,0.655341,0.737894,0.810187,0.242964,0.328242,0.385331,0.317108,0.614105,0.640458,0.526957,0.389953,0.475196,0.567198,0.731519,0.670646,0.350737,0.607536,0.794847,0.764803,0.768484,0.7253,0.690216,0.695395,0.468225,0.626486,0.666039,0.792706,0.694243,0.61884,0.667385,0.803887,0.576496,0.731926,0.743466,0.680441,0.417007,0.624881,0.700796,0.764521,0.742966,0.676567,0.691046,0.818991,0.652325,0.563928,0.741937,0.551013,0.289364,0.332065,0.360751,0.780824,0.618136,0.408481,0.507952,0.248528,0.563299,0.792037,0.69331,0.582246,0.615243
0.853,0.869043,0.859107,0.865215,0.781945,0.836374,0.527005,0.402879,0.63203,0.791094,0.820064,0.82769,0.807172,0.868408,0.7009,0.828923,0.841513,0.684148,1,0.84961,0.88396,0.633387,0.722831,0.855791,0.643714,0.723603,0.841883,0.682376,0.375226,0.300477,0.441378,0.458687,0.784441,0.860021,0.674296,0.398552,0.556918,0.627405,0.831078,0.761434,0.43031,0.611183,0.908334,0.877362,0.874325,0.816413,0.796714,0.836035,0.490269,0.5202,0.635156,0.803565,0.884123,0.78597,0.781833,0.864142,0.644204,0.856079,0.850836,0.755137,0.585295,0.833531,0.803283,0.844482,0.872672,0.752985,0.7577,0.869586,0.555796,0.668213,0.753215,0.584704,0.56609,0.426745,0.636542,0.851116,0.8425,0.590696,0.424307,0.363841,0.584892,0.853399,0.769349,0.441506,0.67486
0.921176,0.918086,0.930427,0.834806,0.8028,0.857614,0.552224,0.468266,0.627758,0.807047,0.887222,0.845353,0.910903,0.915682,0.784714,0.945868,0.893875,0.693358,0.84961,1,0.968183,0.697874,0.795724,0.916396,0.704691,0.831882,0.876601,0.729077,0.345361,0.34027,0.427136,0.458715,0.786704,0.84764,0.785881,0.405982,0.497323,0.689463,0.938117,0.938037,0.337852,0.75694,0.914527,0.907058,0.954426,0.856152,0.748479,0.860124,0.459149,0.681308,0.711257,0.79962,0.924702,0.84027,0.882099,0.886628,0.680787,0.937234,0.9329,0.797607,0.57197,0.830171,0.83257,0.957318,0.937426,0.896686,0.87757,0.932762,0.561024,0.665355,0.83657,0.534995,0.342367,0.402485,0.701756,0.837147,0.880161,0.683292,0.399571,0.404473,0.651246,0.94231,0.853249,0.46751,0.758958
0.906511,0.919193,0.920415,0.874739,0.789505,0.837489,0.518722,0.409677,0.603244,0.82364,0.888713,0.854741,0.925537,0.938165,0.785161,0.937979,0.892423,0.727628,0.88396,0.968183,1,0.730332,0.79771,0.910437,0.651788,0.827908,0.885323,0.750385,0.352132,0.349332,0.39093,0.529478,0.784649,0.87773,0.765138,0.415394,0.482755,0.705052,0.940218,0.926215,0.40256,0.785714,0.905856,0.899853,0.938423,0.840864,0.776612,0.875816,0.45482,0.629652,0.712816,0.812483,0.930007,0.855123,0.906998,0.89235,0.689158,0.924145,0.949349,0.826307,0.625716,0.832436,0.842537,0.955097,0.956831,0.884328,0.867678,0.938257,0.597729,0.677148,0.843315,0.585774,0.4045,0.414171,0.695931,0.863776,0.882489,0.661567,0.482335,0.413286,0.643299,0.946608,0.893746,0.534765,0.778151
0.65056,0.676179,0.723257,0.667561,0.585701,0.548371,0.484207,0.386708,0.437822,0.639767,0.664417,0.718923,0.773876,0.704052,0.670665,0.641822,0.764979,0.608061,0.633387,0.697874,0.730332,1,0.625769,0.692241,0.548396,0.582273,0.686407,0.585546,0.560276,0.570908,0.397959,0.543186,0.699158,0.655698,0.423919,0.10771,0.449519,0.514352,0.736009,0.664271,0.332464,0.598411,0.694717,0.623148,0.693647,0.706412,0.681115,0.791552,0.378017,0.692235,0.547621,0.638031,0.688498,0.571593,0.695347,0.633334,0.644949,0.697585,0.686986,0.692955,0.490716,0.654793,0.708242,0.747411,0.745099,0.755093,0.785145,0.718515,0.569582,0.351505,0.70059,0.451053,0.434343,0.428368,0.480286,0.690563,0.668791,0.352611,0.442618,0.284053,0.509621,0.719856,0.769375,0.410824,0.55686
0.812765,0.849898,0.84262,0.655565,0.678798,0.756105,0.518863,0.480464,0.520131,0.594491,0.757496,0.754927,0.831837,0.843975,0.789051,0.843718,0.823478,0.689058,0.722831,0.795724,0.79771,0.625769,1,0.834416,0.725042,0.666696,0.748405,0.730858,0.380229,0.339506,0.342639,0.264016,0.657166,0.746678,0.615562,0.298099,0.471958,0.525133,0.773516,0.706808,0.265802,0.611503,0.786218,0.77166,0.789173,0.660114,0.626224,0.762302,0.509926,0.680593,0.757485,0.718933,0.759237,0.7328,0.723726,0.78266,0.593824,0.809001,0.80404,0.708218,0.467959,0.743563,0.669546,0.805223,0.786178,0.784622,0.787844,0.873792,0.591093,0.639947,0.834111,0.56722,0.34931,0.240301,0.489691,0.651767,0.761331,0.559289,0.551003,0.340634,0.529651,0.797263,0.73478,0.481526,0.705958
0.944967,0.954315,0.960925,0.846765,0.828844,0.87589,0.654385,0.559676,0.676868,0.838151,0.867808,0.869833,0.876691,0.938431,0.827511,0.894228,0.934398,0.831939,0.855791,0.916396,0.910437,0.692241,0.834416,1,0.75599,0.848264,0.876615,0.824834,0.409882,0.408154,0.46815,0.483921,0.795506,0.821205,0.702524,0.457679,0.529088,0.676796,0.890753,0.847399,0.36099,0.665232,0.958039,0.924343,0.945144,0.895509,0.821856,0.854795,0.53133,0.69767,0.767771,0.885397,0.893668,0.819659,0.82157,0.937787,0.705666,0.91761,0.900431,0.800747,0.555526,0.800113,0.873516,0.936358,0.92469,0.891435,0.878369,0.956007,0.676542,0.748872,0.861768,0.616923,0.40545,0.405575,0.612869,0.850996,0.806633,0.612504,0.510029,0.321154,0.673036,0.929213,0.828422,0.551269,0.761534
0.734474,0.730263,0.755277,0.570495,0.565138,0.692292,0.438229,0.385318,0.529835,0.586696,0.686143,0.711398,0.686339,0.679864,0.687332,0.709663,0.724938,0.614913,0.643714,0.704691,0.651788,0.548396,0.725042,0.75599,1,0.685997,0.644571,0.673993,0.257003,0.31881,0.440356,0.223697,0.637322,0.643882,0.63489,0.299567,0.44179,0.335034,0.643061,0.564527,0.264919,0.466236,0.72187,0.672275,0.731559,0.69294,0.6259,0.773366,0.505391,0.589101,0.617978,0.714664,0.691365,0.687916,0.634107,0.692555,0.466692,0.751341,0.690285,0.660815,0.422532,0.642346,0.692474,0.653894,0.635644,0.611763,0.67485,0.730317,0.469447,0.559455,0.613798,0.381967,0.241189,0.234572,0.419179,0.653503,0.675198,0.524347,0.427697,0.49532,0.384699,0.663299,0.595078,0.420967,0.480017
0.81524,0.81785,0.772164,0.724104,0.720446,0.699644,0.441657,0.378452,0.522953,0.675265,0.687995,0.764912,0.753932,0.786906,0.729938,0.760002,0.783444,0.655341,0.723603,0.831882,0.827908,0.582273,0.666696,0.848264,0.685997,1,0.742363,0.608219,0.241679,0.347618,0.316623,0.347591,0.666771,0.715555,0.700219,0.527749,0.42236,0.603484,0.734291,0.760478,0.448367,0.609218,0.812942,0.791432,0.815037,0.781024,0.726323,0.765857,0.38383,0.537554,0.666141,0.734006,0.782542,0.731573,0.730664,0.791733,0.625468,0.795497,0.777843,0.7275,0.465572,0.673897,0.806211,0.80827,0.819855,0.745168,0.771306,0.836577,0.628905,0.581257,0.755541,0.496029,0.231255,0.264638,0.533211,0.730855,0.727446,0.524171,0.351059,0.251276,0.589114,0.816276,0.700326,0.432186,0.583555
0.90632,0.890595,0.897963,0.793124,0.713775,0.748249,0.515691,0.433321,0.498788,0.846163,0.836444,0.759077,0.832602,0.886952,0.748055,0.871507,0.897363,0.737894,0.841883,0.876601,0.885323,0.686407,0.748405,0.876615,0.644571,0.742363,1,0.755142,0.30849,0.228317,0.476191,0.471065,0.828981,0.801305,0.661602,0.418851,0.605181,0.705725,0.896629,0.866687,0.33952,0.632947,0.894196,0.890728,0.895772,0.819355,0.768702,0.792538,0.531022,0.603936,0.688287,0.836529,0.867541,0.750801,0.784881,0.865946,0.648579,0.912355,0.893028,0.754111,0.584384,0.806982,0.821057,0.900615,0.866474,0.790255,0.842825,0.907177,0.56144,0.597539,0.817536,0.522277,0.380808,0.297647,0.632629,0.819178,0.7982,0.589717,0.466193,0.391681,0.481688,0.876646,0.78944,0.544803,0.734964
0.756611,0.772726,0.82036,0.649516,0.586371,0.636397,0.545209,0.52705,0.568915,0.723177,0.730968,0.634789,0.72176,0.801714,0.728737,0.763033,0.791878,0.810187,0.682376,0.729077,0.750385,0.585546,0.730858,0.824834,0.673993,0.608219,0.755142,1,0.355884,0.148494,0.420196,0.406616,0.689313,0.684888,0.564619,0.425903,0.472568,0.512526,0.737437,0.664122,0.190755,0.568728,0.759806,0.752853,0.77386,0.687371,0.613573,0.742603,0.523299,0.662587,0.516556,0.811875,0.701193,0.627345,0.651054,0.778335,0.554314,0.746848,0.796313,0.726021,0.385944,0.686423,0.686678,0.79015,0.74338,0.697236,0.702857,0.819399,0.492315,0.54009,0.746214,0.507276,0.366616,0.303494,0.426575,0.770582,0.639663,0.505413,0.573577,0.535922,0.586092,0.746518,0.658239,0.552062,0.666546
0.361587,0.397321,0.405261,0.357696,0.501537,0.414883,0.464313,0.386825,0.253232,0.347171,0.416133,0.413674,0.441364,0.369716,0.39214,0.357669,0.434953,0.242964,0.375226,0.345361,0.352132,0.560276,0.380229,0.409882,0.257003,0.241679,0.30849,0.355884,1,0.548955,0.595094,0.328394,0.567909,0.37854,0.185664,0.0135194,0.183575,0.374889,0.438858,0.321264,-0.0585094,0.282058,0.389122,0.371802,0.383447,0.373947,0.32043,0.429393,0.252004,0.445539,0.284538,0.346057,0.400384,0.24888,0.322003,0.421462,0.217292,0.36874,0.371644,0.292816,0.281305,0.319657,0.433016,0.433073,0.448247,0.428983,0.474181,0.382694,0.322935,0.299382,0.303272,0.374183,0.554237,0.376723,0.200602,0.397908,0.277587,0.0998166,0.242643,-0.0249322,0.449417,0.345693,0.361902,0.211964,0.498031
0.360055,0.371433,0.407408,0.393727,0.387982,0.363713,0.382715,0.160442,0.412318,0.327606,0.417643,0.503457,0.379062,0.333951,0.488837,0.270221,0.417222,0.328242,0.300477,0.34027,0.349332,0.570908,0.339506,0.408154,0.31881,0.347618,0.228317,0.148494,0.548955,1,0.238637,0.345553,0.43889,0.219512,0.128296,0.108661,0.0865535,0.0974641,0.348638,0.30142,0.163593,0.316858,0.365101,0.291847,0.36073,0.474128,0.33194,0.3964,0.0962583,0.362499,0.407285,0.323129,0.337542,0.280578,0.357201,0.399045,0.189903,0.310287,0.283373,0.284186,0.395925,0.265639,0.483791,0.328584,0.366896,0.516899,0.414892,0.340261,0.40525,0.252718,0.313797,0.339673,0.369356,0.334173,0.1909,0.415373,0.238047,0.0773007,-0.0570618,-0.124894,0.345201,0.352576,0.471576,0.227239,0.234123
0.489497,0.432694,0.539723,0.42819,0.577706,0.559102,0.511614,0.348622,0.159415,0.544792,0.481059,0.397401,0.488476,0.398531,0.399886,0.41943,0.517461,0.385331,0.441378,0.427136,0.39093,0.397959,0.342639,0.46815,0.440356,0.316623,0.476191,0.420196,0.595094,0.238637,1,0.367676,0.682143,0.410598,0.426817,0.0271433,0.392844,0.504263,0.504754,0.403384,-0.132134,0.177389,0.491036,0.506615,0.538163,0.512713,0.497579,0.433923,0.3064,0.319194,0.349742,0.429002,0.439184,0.382662,0.45232,0.533847,0.226133,0.520661,0.442798,0.288707,0.140175,0.318577,0.471076,0.468347,0.457682,0.373254,0.417986,0.442243,0.152121,0.34618,0.291091,0.112565,0.493771,0.214619,0.285736,0.495696,0.433973,0.508925,0.277064,0.0212873,0.472788,0.42834,0.265534,0.255614,0.491193
0.434225,0.369183,0.493623,0.654433,0.396643,0.483855,0.34346,0.372695,0.190444,0.612069,0.59331,0.490442,0.457953,0.523897,0.336798,0.405154,0.486624,0.317108,0.458687,0.458715,0.529478,0.543186,0.264016,0.483921,0.223697,0.347591,0.471065,0.406616,0.328394,0.345553,0.367676,1,0.48848,0.414794,0.289456,0.168219,0.183325,0.32346,0.500064,0.49963,0.17377,0.345498,0.47474,0.422022,0.483786,0.544734,0.64323,0.512142,0.217208,0.319026,0.352829,0.434372,0.458472,0.448694,0.489869,0.48458,0.419054,0.420371,0.454331,0.478829,0.276218,0.41986,0.60971,0.503807,0.538282,0.51896,0.455921,0.434893,0.246211,0.395271,0.386233,0.204984,0.451737,0.345653,0.463458,0.472144,0.44228,0.426122,0.284857,0.202554,0.432473,0.496561,0.557508,0.484559,0.45587
0.801691,0.776787,0.833276,0.725746,0.778035,0.748397,0.631888,0.341116,0.407106,0.771465,0.810684,0.702655,0.808785,0.763479,0.669947,0.786357,0.846581,0.614105,0.784441,0.786704,0.784649,0.699158,0.657166,0.795506,0.637322,0.666771,0.828981,0.689313,0.567909,0.43889,0.682143,0.48848,1,0.75171,0.643853,0.325623,0.617854,0.574247,0.842083,0.753821,0.247177,0.508863,0.823453,0.798312,0.83811,0.794821,0.730062,0.774134,0.460532,0.543606,0.543078,0.766507,0.787859,0.683751,0.750163,0.812879,0.561722,0.823629,0.814145,0.610593,0.495832,0.721962,0.819807,0.821982,0.81654,0.771531,0.771791,0.815743,0.535285,0.583305,0.679807,0.468342,0.52301,0.348434,0.621026,0.845745,0.714539,0.550192,0.326889,0.313694,0.601353,0.790252,0.716628,0.397091,0.727248
0.808482,0.829303,0.811377,0.753852,0.756589,0.762649,0.482608,0.348358,0.533852,0.669623,0.733551,0.801784,0.870505,0.811398,0.671166,0.862084,0.781381,0.640458,0.860021,0.84764,0.87773,0.655698,0.746678,0.821205,0.643882,0.715555,0.801305,0.684888,0.37854,0.219512,0.410598,0.414794,0.75171,1,0.816701,0.269716,0.539385,0.690783,0.857359,0.791965,0.398289,0.644854,0.829171,0.838628,0.837969,0.738246,0.760778,0.826282,0.405596,0.529884,0.591687,0.721245,0.835814,0.819669,0.839019,0.778778,0.656967,0.840728,0.86539,0.746749,0.591447,0.752856,0.767606,0.871026,0.888449,0.749605,0.795899,0.85832,0.554302,0.670762,0.728899,0.511725,0.441841,0.406147,0.685811,0.79815,0.894296,0.665142,0.552844,0.333412,0.603944,0.842737,0.771082,0.463535,0.709676
0.703105,0.716069,0.702953,0.577867,0.712915,0.702765,0.337567,0.256557,0.439353,0.539842,0.638269,0.704871,0.738833,0.67893,0.629177,0.789995,0.645517,0.526957,0.674296,0.785881,0.765138,0.423919,0.615562,0.702524,0.63489,0.700219,0.661602,0.564619,0.185664,0.128296,0.426817,0.289456,0.643853,0.816701,1,0.160128,0.468942,0.609782,0.753685,0.722518,0.38142,0.616172,0.657465,0.709048,0.75273,0.628378,0.594954,0.686745,0.42618,0.402593,0.544347,0.567115,0.681609,0.726124,0.758907,0.69613,0.473523,0.731118,0.729546,0.600648,0.519769,0.558476,0.619395,0.736469,0.749863,0.61724,0.649662,0.72064,0.391376,0.546693,0.602391,0.347977,0.208284,0.22514,0.513358,0.675544,0.816838,0.699796,0.298949,0.345952,0.601012,0.713977,0.618091,0.305128,0.612633
0.494522,0.45285,0.402467,0.435946,0.343687,0.269353,0.233934,0.162237,0.293225,0.352131,0.390023,0.331001,0.32457,0.378699,0.387757,0.397779,0.431811,0.389953,0.398552,0.405982,0.415394,0.10771,0.298099,0.457679,0.299567,0.527749,0.418851,0.425903,0.0135194,0.108661,0.0271433,0.168219,0.325623,0.269716,0.160128,1,-0.0464956,0.0863396,0.344196,0.386749,0.154751,0.16703,0.487813,0.46112,0.439935,0.469827,0.25901,0.266093,0.256665,0.263541,0.283908,0.451703,0.426529,0.393252,0.359084,0.432383,0.288774,0.434129,0.45582,0.36293,0.202058,0.416885,0.495822,0.382698,0.374372,0.354376,0.401325,0.45589,0.31578,0.261695,0.389131,0.158585,0.195141,0.0833098,0.342547,0.454123,0.223788,0.226457,0.175479,0.122621,0.185337,0.431816,0.322343,0.30502,0.142007
0.479858,0.514921,0.565379,0.421801,0.47322,0.469309,0.337018,0.181734,0.192475,0.560077,0.477449,0.493085,0.52194,0.538656,0.431256,0.493394,0.574229,0.475196,0.556918,0.497323,0.482755,0.449519,0.471958,0.529088,0.44179,0.42236,0.605181,0.472568,0.183575,0.0865535,0.392844,0.183325,0.617854,0.539385,0.468942,-0.0464956,1,0.420133,0.533347,0.432214,0.299364,0.409913,0.551975,0.552914,0.552601,0.44131,0.591039,0.579943,0.155991,0.275394,0.304991,0.578081,0.53762,0.385474,0.424313,0.512896,0.597534,0.529047,0.47535,0.425719,0.263492,0.471771,0.476912,0.538044,0.5954,0.474475,0.463693,0.57815,0.475038,0.322514,0.587994,0.464054,0.286971,0.177104,0.32746,0.549813,0.556958,0.401028,0.193835,0.189435,0.380933,0.532776,0.392492,0.0221487,0.449673
0.673983,0.686036,0.661795,0.594954,0.692095,0.656733,0.483356,0.347243,0.393946,0.597787,0.518707,0.571798,0.637097,0.686429,0.513978,0.65595,0.612123,0.567198,0.627405,0.689463,0.705052,0.514352,0.525133,0.676796,0.335034,0.603484,0.705725,0.512526,0.374889,0.0974641,0.504263,0.32346,0.574247,0.690783,0.609782,0.0863396,0.420133,1,0.703358,0.733495,0.272575,0.548117,0.645324,0.698542,0.671357,0.573515,0.598996,0.574622,0.230261,0.35642,0.53826,0.539654,0.638457,0.50664,0.604388,0.680821,0.445335,0.652371,0.646754,0.504361,0.460595,0.519333,0.555934,0.756822,0.720108,0.578041,0.619545,0.66601,0.375984,0.546829,0.604284,0.463933,0.257039,0.275402,0.39656,0.571875,0.678572,0.463302,0.476959,0.147834,0.528346,0.677873,0.564633,0.423691,0.740095
0.917287,0.926508,0.925407,0.840085,0.801785,0.820709,0.627502,0.437387,0.496881,0.816091,0.868264,0.837863,0.935925,0.903261,0.789391,0.939644,0.907467,0.731519,0.831078,0.938117,0.940218,0.736009,0.773516,0.890753,0.643061,0.734291,0.896629,0.737437,0.438858,0.348638,0.504754,0.500064,0.842083,0.857359,0.753685,0.344196,0.533347,0.703358,1,0.925257,0.326429,0.757784,0.897407,0.902949,0.932136,0.818405,0.775226,0.868314,0.518082,0.69517,0.712859,0.800039,0.907051,0.85103,0.90189,0.902365,0.664232,0.929853,0.937021,0.748184,0.590047,0.803888,0.845314,0.950159,0.937291,0.855221,0.901844,0.928047,0.619081,0.670843,0.783795,0.553324,0.438819,0.393104,0.666296,0.847185,0.846831,0.645347,0.518116,0.344567,0.621771,0.933847,0.856027,0.524121,0.814368
0.883922,0.858494,0.87292,0.822423,0.725408,0.765308,0.549499,0.376606,0.506022,0.795266,0.836978,0.76725,0.858491,0.87638,0.740251,0.896388,0.844052,0.670646,0.761434,0.938037,0.926215,0.664271,0.706808,0.847399,0.564527,0.760478,0.866687,0.664122,0.321264,0.30142,0.403384,0.49963,0.753821,0.791965,0.722518,0.386749,0.432214,0.733495,0.925257,1,0.381627,0.791122,0.860373,0.830486,0.887601,0.80911,0.721689,0.79098,0.375826,0.636048,0.696875,0.724668,0.874475,0.755296,0.828665,0.8477,0.671225,0.868417,0.895359,0.687408,0.563156,0.810349,0.823586,0.933807,0.909402,0.834491,0.86155,0.883323,0.590419,0.67875,0.777116,0.515536,0.232453,0.44621,0.694646,0.785526,0.79669,0.542713,0.413499,0.312051,0.595858,0.92081,0.844739,0.550325,0.792407
0.315187,0.361625,0.288941,0.426265,0.297222,0.212474,0.182902,0.00450209,0.290744,0.258032,0.284635,0.420717,0.309041,0.368749,0.34798,0.305538,0.368505,0.350737,0.43031,0.337852,0.40256,0.332464,0.265802,0.36099,0.264919,0.448367,0.33952,0.190755,-0.0585094,0.163593,-0.132134,0.17377,0.247177,0.398289,0.38142,0.154751,0.299364,0.272575,0.326429,0.381627,1,0.467904,0.362643,0.231911,0.279069,0.36166,0.433202,0.402865,0.143708,0.114072,0.256001,0.290893,0.319264,0.260898,0.266963,0.327259,0.416111,0.255366,0.32329,0.244664,0.324302,0.437897,0.379121,0.343383,0.428153,0.304616,0.352242,0.382672,0.54643,0.362354,0.414906,0.34787,0.0509825,0.277686,0.109459,0.381226,0.417635,0.0265314,0.119273,0.120432,0.222728,0.418561,0.40925,0.22541,0.287806
0.632984,0.691309,0.68747,0.653203,0.478032,0.527357,0.272091,0.159679,0.428089,0.618531,0.692604,0.699887,0.721587,0.7309,0.642726,0.7577,0.683934,0.607536,0.611183,0.75694,0.785714,0.598411,0.611503,0.665232,0.466236,0.609218,0.632947,0.568728,0.282058,0.316858,0.177389,0.345498,0.508863,0.644854,0.616172,0.16703,0.409913,0.548117,0.757784,0.791122,0.467904,1,0.645489,0.590811,0.686102,0.586509,0.59964,0.72485,0.270171,0.480911,0.616894,0.566889,0.709181,0.57112,0.681917,0.652968,0.598645,0.656514,0.729511,0.662377,0.626715,0.651431,0.641236,0.762948,0.777622,0.688115,0.70713,0.729449,0.653071,0.54826,0.709822,0.681113,0.11355,0.465749,0.438996,0.648979,0.682573,0.296556,0.334322,0.32151,0.460947,0.783847,0.771219,0.448731,0.686265
0.950573,0.939771,0.953122,0.881481,0.811403,0.861699,0.644895,0.504002,0.640441,0.865358,0.86582,0.85736,0.873359,0.919766,0.769843,0.879847,0.935121,0.794847,0.908334,0.914527,0.905856,0.694717,0.786218,0.958039,0.72187,0.812942,0.894196,0.759806,0.389122,0.365101,0.491036,0.47474,0.823453,0.829171,0.657465,0.487813,0.551975,0.645324,0.897407,0.860373,0.362643,0.645489,1,0.937212,0.953388,0.910212,0.839041,0.854723,0.53139,0.681421,0.746541,0.877559,0.930531,0.81908,0.824305,0.922869,0.744728,0.932194,0.903501,0.790637,0.543074,0.83769,0.896275,0.931467,0.921639,0.855614,0.878437,0.947003,0.67277,0.747728,0.832164,0.589194,0.449739,0.464526,0.680617,0.864531,0.807443,0.594623,0.486265,0.276008,0.637113,0.942325,0.831805,0.524917,0.733815
0.950917,0.933934,0.930976,0.826781,0.818463,0.882242,0.590852,0.507287,0.572829,0.847587,0.846638,0.808086,0.858332,0.907785,0.776091,0.879524,0.861937,0.764803,0.877362,0.907058,0.899853,0.623148,0.77166,0.924343,0.672275,0.791432,0.890728,0.752853,0.371802,0.291847,0.506615,0.422022,0.798312,0.838628,0.709048,0.46112,0.552914,0.698542,0.902949,0.830486,0.231911,0.590811,0.937212,1,0.953132,0.821635,0.767175,0.81443,0.570569,0.636117,0.731663,0.877267,0.926749,0.841579,0.855157,0.929291,0.667216,0.944662,0.907742,0.751519,0.497402,0.741745,0.843637,0.920558,0.910394,0.800657,0.855278,0.933387,0.563284,0.69071,0.793912,0.553514,0.456965,0.381976,0.679658,0.855344,0.819632,0.71884,0.534854,0.297439,0.654977,0.887372,0.782227,0.499856,0.729278
0.952439,0.931965,0.974425,0.860067,0.829508,0.879949,0.577918,0.455097,0.607537,0.870779,0.898095,0.835024,0.908064,0.912992,0.778878,0.922949,0.919032,0.768484,0.874325,0.954426,0.938423,0.693647,0.789173,0.945144,0.731559,0.815037,0.895772,0.77386,0.383447,0.36073,0.538163,0.483786,0.83811,0.837969,0.75273,0.439935,0.552601,0.671357,0.932136,0.887601,0.279069,0.686102,0.953388,0.953132,1,0.891693,0.801171,0.871794,0.535697,0.662682,0.735541,0.868134,0.950951,0.839994,0.897316,0.932679,0.707887,0.96789,0.94598,0.813436,0.58808,0.806068,0.871047,0.949894,0.938224,0.877958,0.865778,0.951991,0.580899,0.705892,0.822308,0.560747,0.413845,0.431936,0.710104,0.884568,0.852607,0.68962,0.473126,0.319298,0.676868,0.952921,0.852103,0.50817,0.765798
0.855318,0.830344,0.888447,0.835867,0.738406,0.773753,0.621518,0.519327,0.603475,0.813985,0.806206,0.848054,0.822558,0.805181,0.710357,0.784372,0.85341,0.7253,0.816413,0.856152,0.840864,0.706412,0.660114,0.895509,0.69294,0.781024,0.819355,0.687371,0.373947,0.474128,0.512713,0.544734,0.794821,0.738246,0.628378,0.469827,0.44131,0.573515,0.818405,0.80911,0.36166,0.586509,0.910212,0.821635,0.891693,1,0.806347,0.793402,0.475976,0.62067,0.722552,0.754788,0.824607,0.791315,0.807663,0.827358,0.68531,0.871458,0.818167,0.740517,0.594657,0.769826,0.870888,0.846776,0.844399,0.855577,0.841579,0.847327,0.539108,0.613031,0.715397,0.422446,0.416018,0.384096,0.640304,0.864483,0.766503,0.532908,0.366023,0.240943,0.575184,0.876135,0.743914,0.484423,0.588189
0.78289,0.755784,0.809751,0.827408,0.668278,0.730744,0.548719,0.426428,0.362076,0.790744,0.725475,0.827693,0.770637,0.815267,0.636719,0.737595,0.812958,0.690216,0.796714,0.748479,0.776612,0.681115,0.626224,0.821856,0.6259,0.726323,0.768702,0.613573,0.32043,0.33194,0.497579,0.64323,0.730062,0.760778,0.594954,0.25901,0.591039,0.598996,0.775226,0.721689,0.433202,0.59964,0.839041,0.767175,0.801171,0.806347,1,0.833466,0.405029,0.532231,0.676193,0.74244,0.785345,0.738439,0.742176,0.804101,0.724554,0.785972,0.751835,0.749887,0.473406,0.688857,0.83712,0.779952,0.825356,0.739659,0.748703,0.821105,0.663252,0.657486,0.740161,0.515628,0.491938,0.398348,0.595441,0.739062,0.794521,0.56175,0.50465,0.217638,0.520401,0.831738,0.732799,0.516786,0.664858
0.83929,0.851431,0.881731,0.839706,0.707699,0.759279,0.545282,0.426752,0.498729,0.768565,0.810141,0.860017,0.859877,0.876115,0.769345,0.848902,0.85673,0.695395,0.836035,0.860124,0.875816,0.791552,0.762302,0.854795,0.773366,0.765857,0.792538,0.742603,0.429393,0.3964,0.433923,0.512142,0.774134,0.826282,0.686745,0.266093,0.579943,0.574622,0.868314,0.79098,0.402865,0.72485,0.854723,0.81443,0.871794,0.793402,0.833466,1,0.509205,0.688118,0.661277,0.799779,0.881639,0.770599,0.809046,0.859922,0.689207,0.855097,0.85144,0.816213,0.558874,0.802679,0.856861,0.865434,0.887886,0.790802,0.835908,0.897039,0.635912,0.634452,0.781513,0.604793,0.490321,0.440762,0.572627,0.815983,0.844868,0.527118,0.549714,0.398623,0.571678,0.879041,0.838362,0.543671,0.720987
0.564827,0.538491,0.542448,0.432676,0.409922,0.480779,0.314079,0.413763,0.262272,0.453659,0.531152,0.47285,0.476758,0.511018,0.480731,0.511172,0.526458,0.468225,0.490269,0.459149,0.45482,0.378017,0.509926,0.53133,0.505391,0.38383,0.531022,0.523299,0.252004,0.0962583,0.3064,0.217208,0.460532,0.405596,0.42618,0.256665,0.155991,0.230261,0.518082,0.375826,0.143708,0.270171,0.53139,0.570569,0.535697,0.475976,0.405029,0.509205,1,0.486066,0.558229,0.530849,0.492889,0.509922,0.491534,0.561489,0.277144,0.584652,0.539515,0.484652,0.305619,0.419008,0.45108,0.482675,0.435484,0.40286,0.53907,0.545855,0.317182,0.402372,0.441504,0.306431,0.307512,0.179859,0.279559,0.481054,0.431684,0.338013,0.435161,0.276153,0.284357,0.470039,0.504381,0.441523,0.416719
0.691205,0.716057,0.713984,0.566524,0.545422,0.572662,0.670226,0.696871,0.496328,0.529155,0.581389,0.662403,0.709186,0.701782,0.745554,0.660851,0.728128,0.626486,0.5202,0.681308,0.629652,0.692235,0.680593,0.69767,0.589101,0.537554,0.603936,0.662587,0.445539,0.362499,0.319194,0.319026,0.543606,0.529884,0.402593,0.263541,0.275394,0.35642,0.69517,0.636048,0.114072,0.480911,0.681421,0.636117,0.662682,0.62067,0.532231,0.688118,0.486066,1,0.596091,0.590357,0.629526,0.631176,0.600647,0.680284,0.575598,0.692738,0.649447,0.633944,0.180838,0.654289,0.610505,0.689062,0.652254,0.68352,0.74649,0.727621,0.479364,0.348392,0.610162,0.283172,0.339189,0.238598,0.43048,0.55275,0.536016,0.361962,0.465129,0.286336,0.574646,0.674121,0.587328,0.404091,0.524794
0.778461,0.771586,0.771524,0.643928,0.581551,0.7429,0.523909,0.494904,0.389965,0.596112,0.69264,0.76852,0.737901,0.761161,0.691152,0.727121,0.73121,0.666039,0.635156,0.711257,0.712816,0.547621,0.757485,0.767771,0.617978,0.666141,0.688287,0.516556,0.284538,0.407285,0.349742,0.352829,0.543078,0.591687,0.544347,0.283908,0.304991,0.53826,0.712859,0.696875,0.256001,0.616894,0.746541,0.731663,0.735541,0.722552,0.676193,0.661277,0.558229,0.596091,1,0.558244,0.687765,0.751129,0.742549,0.731924,0.560851,0.769706,0.682561,0.663225,0.524716,0.646072,0.686722,0.719599,0.718309,0.674489,0.788487,0.763656,0.494425,0.594692,0.634243,0.398581,0.237172,0.171278,0.42786,0.591792,0.69436,0.440528,0.461973,0.180803,0.432123,0.740336,0.655209,0.51244,0.557716
0.863785,0.851647,0.863133,0.79135,0.694905,0.76146,0.49273,0.380841,0.573057,0.883902,0.844439,0.732831,0.749034,0.848711,0.746353,0.768386,0.833986,0.792706,0.803565,0.79962,0.812483,0.638031,0.718933,0.885397,0.714664,0.734006,0.836529,0.811875,0.346057,0.323129,0.429002,0.434372,0.766507,0.721245,0.567115,0.451703,0.578081,0.539654,0.800039,0.724668,0.290893,0.566889,0.877559,0.877267,0.868134,0.754788,0.74244,0.799779,0.530849,0.590357,0.558244,1,0.863914,0.685706,0.699898,0.86821,0.646156,0.835748,0.864053,0.690704,0.472326,0.702986,0.810426,0.822486,0.812607,0.75707,0.754475,0.86938,0.681754,0.661831,0.801144,0.657206,0.392744,0.457747,0.586776,0.837252,0.646537,0.557327,0.512818,0.377579,0.539072,0.807916,0.784276,0.514843,0.692112
0.919632,0.911355,0.914888,0.885425,0.781401,0.840529,0.485307,0.373858,0.559523,0.860015,0.884414,0.827722,0.889836,0.902724,0.719468,0.887126,0.861318,0.694243,0.884123,0.924702,0.930007,0.688498,0.759237,0.893668,0.691365,0.782542,0.867541,0.701193,0.400384,0.337542,0.439184,0.458472,0.787859,0.835814,0.681609,0.426529,0.53762,0.638457,0.907051,0.874475,0.319264,0.709181,0.930531,0.926749,0.950951,0.824607,0.785345,0.881639,0.492889,0.629526,0.687765,0.863914,1,0.820158,0.8667,0.893013,0.743343,0.943898,0.939514,0.79841,0.618152,0.808373,0.874888,0.917665,0.925904,0.832052,0.863194,0.922636,0.650188,0.721577,0.799415,0.641975,0.413828,0.543522,0.757116,0.844306,0.807593,0.607219,0.519401,0.296656,0.576563,0.921251,0.880387,0.526108,0.755421
