1,0.751471,0.956934,0.891928,0.794062,0.690054,0.694246,0.537661,0.620895,0.709062,0.794417,0.747996,0.846887,0.716408,0.554794,0.777101,0.910773,0.67846,0.810776,0.859344,0.858795,0.572132,0.845455,0.868464,0.637942,0.81966,0.873141,0.828883,0.587852,0.817954,0.67078,0.68219,0.913181,0.898232,0.817711,0.688995,0.456894,0.785498,0.914563,0.864608,0.574212,0.790893,0.927261,0.767219,0.957105,0.792804,0.783149,0.702422,0.660674,0.726207,0.727645,0.61769,0.695993,0.718987,0.781123,0.786593,0.729312,0.767565,0.908845,0.525222,0.456767,0.654568,0.818839,0.875034,0.891103,0.649144,0.867833,0.864019,0.657611,0.798639,0.914647,0.807836,0.643005,0.70645,0.678121,0.881061,0.915351,0.842777,0.719161,0.724636,0.709844,0.919099,0.891989,0.765446,0.857516
0.751471,1,0.652454,0.700753,0.673664,0.63822,0.600069,0.582508,0.442812,0.591194,0.667373,0.666846,0.766568,0.883495,0.441129,0.798768,0.758388,0.538199,0.639647,0.760803,0.686535,0.373322,0.739696,0.751021,0.535676,0.621572,0.661683,0.578091,0.277623,0.746441,0.422723,0.513868,0.661155,0.725551,0.57523,0.711425,0.428192,0.583384,0.733834,0.70564,0.302101,0.550685,0.732682,0.864599,0.667064,0.620085,0.650608,0.697064,0.605678,0.67418,0.620482,0.557826,0.614112,0.611539,0.729112,0.846288,0.685818,0.735359,0.792949,0.617873,0.336366,0.670552,0.618626,0.713098,0.641989,0.532494,0.71026,0.740402,0.399432,0.491727,0.654535,0.552049,0.464487,0.499541,0.553544,0.694834,0.662489,0.530067,0.512356,0.450694,0.660621,0.667024,0.701815,0.775468,0.597354
0.956934,0.652454,1,0.914333,0.798259,0.701895,0.702448,0.551016,0.696464,0.687291,0.777257,0.724624,0.804489,0.680259,0.609525,0.715593,0.911895,0.762536,0.834043,0.878775,0.900405,0.588704,0.817306,0.895475,0.648926,0.838859,0.88908,0.861767,0.653479,0.776774,0.679349,0.610874,0.843768,0.848086,0.777325,0.708864,0.431006,0.834152,0.899817,0.872217,0.58139,0.80386,0.938575,0.754405,0.980216,0.849811,0.806421,0.680033,0.664588,0.706703,0.69128,0.58184,0.687087,0.693026,0.768834,0.75318,0.717365,0.742785,0.911555,0.489367,0.490018,0.657842,0.847658,0.914489,0.94204,0.683829,0.870458,0.869578,0.715942,0.806006,0.923957,0.791864,0.682789,0.697817,0.745881,0.876999,0.900684,0.869774,0.684822,0.718416,0.62593,0.935474,0.895133,0.740132,0.859759
0.891928,0.700753,0.914333,1,0.90537,0.807826,0.702022,0.607361,0.690645,0.68608,0.798945,0.727433,0.79258,0.711649,0.68746,0.685082,0.815975,0.71917,0.780251,0.81409,0.851016,0.602382,0.800711,0.904702,0.590642,0.83859,0.901085,0.865647,0.55531,0.69663,0.655101,0.672005,0.765484,0.80828,0.707457,0.752226,0.401604,0.704445,0.861346,0.82987,0.554026,0.738691,0.921968,0.8063,0.91537,0.905929,0.830636,0.753635,0.68846,0.752691,0.730047,0.569134,0.682074,0.730889,0.788631,0.789156,0.811229,0.729446,0.874389,0.453647,0.531898,0.785847,0.825311,0.855834,0.865865,0.682351,0.844564,0.853027,0.683416,0.757138,0.876253,0.73153,0.635986,0.601565,0.740615,0.834737,0.802303,0.784571,0.642768,0.715433,0.588866,0.861101,0.799187,0.775417,0.819435
0.794062,0.673664,0.798259,0.90537,1,0.860987,0.680728,0.616148,0.664674,0.643644,0.756174,0.629176,0.684882,0.70563,0.68816,0.590448,0.719556,0.689811,0.634556,0.721742,0.722558,0.507076,0.739827,0.812474,0.618568,0.700888,0.839129,0.725077,0.480744,0.670796,0.44631,0.580053,0.67138,0.722535,0.595277,0.691134,0.400486,0.58081,0.748511,0.691335,0.495693,0.662483,0.79444,0.727204,0.804388,0.786036,0.813082,0.767092,0.693449,0.738049,0.648095,0.577601,0.627087,0.688948,0.713151,0.755891,0.795883,0.626772,0.769037,0.362455,0.491208,0.708096,0.734202,0.74572,0.765983,0.668189,0.753181,0.771601,0.642785,0.65558,0.765212,0.62878,0.547823,0.555143,0.612026,0.719973,0.673753,0.644213,0.59652,0.573196,0.5335,0.73858,0.702361,0.635811,0.719147
0.690054,0.63822,0.701895,0.807826,0.860987,1,0.727877,0.665301,0.718085,0.642123,0.780604,0.564146,0.607491,0.692035,0.805353,0.538311,0.654476,0.712054,0.544919,0.614914,0.643619,0.53977,0.661039,0.783319,0.655443,0.574438,0.763833,0.613333,0.370962,0.562025,0.366999,0.454549,0.566037,0.567936,0.504547,0.626859,0.525316,0.589458,0.658694,0.629051,0.549213,0.647781,0.734244,0.696219,0.717603,0.728552,0.794368,0.835805,0.696013,0.731584,0.672023,0.554163,0.64783,0.664085,0.65854,0.775896,0.752396,0.554369,0.709876,0.299385,0.645985,0.737398,0.68887,0.684585,0.695588,0.700585,0.697364,0.763305,0.601903,0.644636,0.699848,0.535504,0.557009,0.443445,0.475108,0.62775,0.579057,0.573694,0.457036,0.459573,0.549064,0.665743,0.613897,0.634212,0.640124
0.694246,0.600069,0.702448,0.702022,0.680728,0.727877,1,0.787765,0.736559,0.602158,0.737666,0.539223,0.606928,0.739344,0.67891,0.583262,0.664242,0.704808,0.732185,0.73381,0.781205,0.641943,0.813396,0.793281,0.669775,0.663639,0.750586,0.611568,0.348435,0.591243,0.493628,0.493225,0.637465,0.643092,0.540302,0.614473,0.547892,0.720756,0.718436,0.752202,0.473387,0.633613,0.725072,0.668941,0.702211,0.564573,0.682767,0.749111,0.737382,0.771693,0.679,0.463052,0.588476,0.543267,0.626004,0.777611,0.722328,0.592721,0.694861,0.430401,0.559827,0.677175,0.738462,0.720559,0.797224,0.642891,0.722093,0.816281,0.607988,0.702168,0.795407,0.619385,0.511071,0.464541,0.567416,0.691159,0.626348,0.645148,0.492454,0.610803,0.571467,0.752524,0.711554,0.641265,0.669532
0.537661,0.582508,0.551016,0.607361,0.616148,0.665301,0.787765,1,0.682407,0.531379,0.596131,0.489085,0.52207,0.753548,0.53534,0.434196,0.554158,0.5965,0.509915,0.602358,0.633446,0.607145,0.677026,0.706818,0.553667,0.549534,0.655876,0.562203,0.311322,0.505267,0.283054,0.411337,0.491753,0.589465,0.41117,0.615517,0.427885,0.62754,0.625924,0.60648,0.535476,0.484041,0.581651,0.515631,0.556453,0.508772,0.574808,0.708101,0.542918,0.675989,0.442908,0.409761,0.496005,0.532523,0.624133,0.7439,0.609817,0.377019,0.597927,0.56569,0.334976,0.654769,0.680248,0.623459,0.680596,0.679564,0.547386,0.69057,0.550209,0.557794,0.599713,0.380604,0.500247,0.347192,0.53264,0.589088,0.533409,0.51208,0.444075,0.472846,0.497294,0.594403,0.564719,0.56714,0.55371
0.620895,0.442812,0.696464,0.690645,0.664674,0.718085,0.736559,0.682407,1,0.508276,0.614761,0.473626,0.53043,0.595696,0.792451,0.540651,0.598688,0.79451,0.706321,0.666529,0.757874,0.473928,0.599562,0.741454,0.576808,0.60148,0.743437,0.646241,0.35131,0.427336,0.317844,0.36181,0.495255,0.610368,0.519522,0.653752,0.45351,0.681086,0.65232,0.730149,0.671993,0.664352,0.710067,0.564233,0.704202,0.60795,0.603687,0.569907,0.648844,0.680437,0.533859,0.339557,0.448096,0.509212,0.522521,0.686175,0.549571,0.555155,0.591913,0.38783,0.586594,0.581239,0.735235,0.703944,0.751991,0.611683,0.566171,0.681659,0.572148,0.607518,0.680298,0.514941,0.474119,0.464653,0.47473,0.586772,0.533967,0.604286,0.388871,0.415734,0.327861,0.696668,0.636362,0.629221,0.663405
0.709062,0.591194,0.687291,0.68608,0.643644,0.642123,0.602158,0.531379,0.508276,1,0.913737,0.664131,0.777311,0.710937,0.490004,0.628851,0.7685,0.484134,0.683998,0.615133,0.650226,0.582909,0.688748,0.770224,0.596529,0.664358,0.739132,0.584076,0.492677,0.636867,0.542244,0.364356,0.607873,0.662813,0.608522,0.567508,0.296631,0.669353,0.663554,0.564092,0.613736,0.37438,0.703571,0.573909,0.711706,0.673957,0.667785,0.653816,0.656019,0.799091,0.6841,0.852197,0.914287,0.741348,0.859166,0.797802,0.671627,0.700238,0.774379,0.43044,0.508198,0.608639,0.811627,0.648121,0.673794,0.665319,0.761996,0.821736,0.612193,0.722841,0.749389,0.646741,0.585414,0.323341,0.41803,0.71079,0.655037,0.688516,0.401655,0.485255,0.770545,0.608793,0.575091,0.511579,0.549899
0.794417,0.667373,0.777257,0.798945,0.756174,0.780604,0.737666,0.596131,0.614761,0.913737,1,0.713925,0.825864,0.749089,0.6506,0.724864,0.832946,0.623571,0.744902,0.701745,0.753248,0.619767,0.762692,0.859528,0.615419,0.719967,0.782248,0.671779,0.396084,0.693082,0.62063,0.49243,0.669458,0.714274,0.627371,0.622895,0.391003,0.703397,0.78504,0.723617,0.575098,0.533586,0.825805,0.701342,0.797225,0.745584,0.76307,0.771598,0.77747,0.854377,0.791216,0.80781,0.888337,0.812604,0.881292,0.84144,0.797074,0.797285,0.841349,0.463784,0.594074,0.729408,0.821277,0.746771,0.758389,0.70599,0.835274,0.891147,0.606276,0.737668,0.840585,0.671441,0.61095,0.404937,0.492064,0.746888,0.731295,0.738985,0.485946,0.539039,0.721118,0.712463,0.67844,0.631872,0.66623
0.747996,0.666846,0.724624,0.727433,0.629176,0.564146,0.539223,0.489085,0.473626,0.664131,0.713925,1,0.882449,0.656426,0.54453,0.799735,0.834014,0.558577,0.732138,0.758753,0.753996,0.605342,0.721834,0.798343,0.568203,0.710423,0.808582,0.750922,0.331924,0.670523,0.608351,0.470054,0.650356,0.714821,0.544431,0.5304,0.342019,0.590055,0.764083,0.763767,0.478589,0.639989,0.814008,0.685329,0.767867,0.635832,0.636995,0.654077,0.703484,0.58703,0.645745,0.527957,0.656813,0.886727,0.876955,0.718461,0.682933,0.794768,0.842244,0.442599,0.415786,0.594641,0.718632,0.777046,0.729986,0.611851,0.786858,0.759068,0.540838,0.614002,0.800054,0.726922,0.431333,0.581682,0.609607,0.712126,0.775864,0.76728,0.681699,0.625662,0.698313,0.756587,0.735335,0.658637,0.576744
0.846887,0.766568,0.804489,0.79258,0.684882,0.607491,0.606928,0.52207,0.53043,0.777311,0.825864,0.882449,1,0.753371,0.503616,0.905558,0.929559,0.574437,0.806232,0.828269,0.83802,0.60924,0.760971,0.872219,0.563846,0.792309,0.793389,0.762449,0.409297,0.787017,0.669066,0.609875,0.776831,0.871898,0.690378,0.619135,0.305999,0.734911,0.891645,0.812953,0.499296,0.631744,0.86644,0.747511,0.841205,0.728633,0.702095,0.690035,0.710931,0.753247,0.742799,0.614132,0.739489,0.889809,0.9403,0.844159,0.76916,0.908158,0.898425,0.589749,0.520256,0.679186,0.830249,0.845295,0.804733,0.714414,0.863306,0.867066,0.616795,0.737892,0.856385,0.762807,0.539975,0.626564,0.602731,0.800964,0.84508,0.814716,0.650603,0.609414,0.747225,0.824995,0.808613,0.727141,0.724499
0.716408,0.883495,0.680259,0.711649,0.70563,0.692035,0.739344,0.753548,0.595696,0.710937,0.749089,0.656426,0.753371,1,0.551662,0.715424,0.762572,0.640597,0.719013,0.749809,0.752605,0.479286,0.803947,0.803578,0.634682,0.66808,0.714138,0.594487,0.309844,0.746572,0.413486,0.433448,0.61445,0.701861,0.535804,0.735294,0.421045,0.708538,0.747337,0.706004,0.472168,0.541929,0.73928,0.818231,0.688087,0.62853,0.671423,0.686161,0.685962,0.815569,0.629138,0.677306,0.703427,0.663846,0.778939,0.94594,0.708587,0.704813,0.793804,0.613821,0.402175,0.642336,0.717433,0.724827,0.728945,0.649318,0.749437,0.789596,0.474741,0.578853,0.717511,0.559762,0.491062,0.481316,0.560398,0.740341,0.646525,0.578323,0.433645,0.465166,0.65176,0.696145,0.72643,0.735324,0.607805
0.554794,0.441129,0.609525,0.68746,0.68816,0.805353,0.67891,0.53534,0.792451,0.490004,0.6506,0.54453,0.503616,0.551662,1,0.523099,0.572322,0.655745,0.589369,0.549137,0.663914,0.555169,0.574543,0.663639,0.565746,0.523956,0.71255,0.568157,0.30726,0.439536,0.297875,0.307593,0.390409,0.440004,0.318164,0.595449,0.485983,0.533842,0.591457,0.636341,0.52689,0.574966,0.664285,0.583746,0.613548,0.520103,0.622744,0.652642,0.676752,0.627749,0.520211,0.343419,0.446128,0.577476,0.512327,0.655184,0.601815,0.562273,0.546585,0.139097,0.60575,0.532028,0.606544,0.638799,0.649253,0.475236,0.5434,0.601759,0.546489,0.528338,0.609673,0.455823,0.31025,0.341916,0.441248,0.492553,0.46007,0.538351,0.313533,0.36087,0.339219,0.636767,0.569823,0.554054,0.571896
0.777101,0.798768,0.715593,0.685082,0.590448,0.538311,0.583262,0.434196,0.540651,0.628851,0.724864,0.799735,0.905558,0.715424,0.523099,1,0.864797,0.537586,0.767042,0.824385,0.809778,0.504257,0.696241,0.786792,0.529371,0.68869,0.719369,0.601895,0.231287,0.739707,0.534129,0.487301,0.694211,0.7903,0.580606,0.634622,0.311671,0.658379,0.81872,0.812142,0.376549,0.58491,0.794983,0.746935,0.758291,0.572194,0.582482,0.64485,0.729971,0.684213,0.70798,0.468694,0.595449,0.77548,0.805078,0.780917,0.703299,0.93927,0.81639,0.65174,0.482795,0.641332,0.73175,0.805088,0.719618,0.608398,0.733314,0.778969,0.541745,0.575499,0.759574,0.678426,0.348993,0.512671,0.567698,0.691723,0.735517,0.718781,0.544032,0.489679,0.64266,0.745776,0.763731,0.68668,0.623446
0.910773,0.758388,0.911895,0.815975,0.719556,0.654476,0.664242,0.554158,0.598688,0.7685,0.832946,0.834014,0.929559,0.762572,0.572322,0.864797,1,0.684752,0.817688,0.890185,0.885679,0.586095,0.787833,0.892834,0.686514,0.818917,0.835616,0.774283,0.534485,0.840591,0.632855,0.543993,0.802899,0.861257,0.697629,0.690747,0.439948,0.817837,0.91459,0.852762,0.503051,0.726846,0.9055,0.780611,0.924981,0.763821,0.771582,0.725017,0.721331,0.7452,0.682473,0.61803,0.737556,0.804384,0.888035,0.836128,0.748429,0.863768,0.93706,0.556075,0.484955,0.636239,0.842338,0.914419,0.888287,0.730503,0.87346,0.893754,0.695066,0.770905,0.90021,0.775203,0.609259,0.674191,0.656689,0.852232,0.91406,0.84711,0.632411,0.612643,0.748043,0.891346,0.890029,0.724718,0.786636
0.67846,0.538199,0.762536,0.71917,0.689811,0.712054,0.704808,0.5965,0.79451,0.484134,0.623571,0.558577,0.574437,0.640597,0.655745,0.537586,0.684752,1,0.679784,0.729139,0.764625,0.397048,0.699872,0.807142,0.612506,0.677428,0.712484,0.668738,0.373137,0.528942,0.403864,0.350369,0.551402,0.584861,0.470882,0.546409,0.584528,0.680303,0.678336,0.726496,0.47722,0.746309,0.775823,0.733021,0.770489,0.692353,0.759105,0.616803,0.566609,0.599559,0.613661,0.384306,0.517095,0.519921,0.572306,0.687784,0.661801,0.624885,0.715606,0.298008,0.562341,0.518993,0.669502,0.771332,0.796266,0.689702,0.660192,0.753312,0.515384,0.635848,0.776322,0.659879,0.610143,0.597709,0.491614,0.693089,0.689063,0.598874,0.441625,0.457823,0.380701,0.755004,0.735611,0.640865,0.648544
0.810776,0.639647,0.834043,0.780251,0.634556,0.544919,0.732185,0.509915,0.706321,0.683998,0.744902,0.732138,0.806232,0.719013,0.589369,0.767042,0.817688,0.679784,1,0.86158,0.909969,0.532771,0.806142,0.866955,0.548288,0.847265,0.821193,0.799661,0.454202,0.658949,0.686224,0.462189,0.674743,0.789575,0.673783,0.631722,0.395487,0.812244,0.796724,0.841635,0.541038,0.644727,0.865811,0.739856,0.850748,0.71747,0.654457,0.561971,0.743671,0.732324,0.72918,0.580455,0.692752,0.647107,0.758724,0.784811,0.685622,0.82785,0.82014,0.568304,0.512441,0.599395,0.843926,0.823328,0.859949,0.575238,0.834178,0.846572,0.566424,0.695967,0.879408,0.771715,0.513219,0.585814,0.659912,0.823263,0.74433,0.841664,0.533406,0.691267,0.634517,0.839167,0.812887,0.728965,0.692129
0.859344,0.760803,0.878775,0.81409,0.721742,0.614914,0.73381,0.602358,0.666529,0.615133,0.701745,0.758753,0.828269,0.749809,0.549137,0.824385,0.890185,0.729139,0.86158,1,0.948616,0.563513,0.820484,0.885049,0.584442,0.796462,0.839787,0.74144,0.499699,0.760433,0.543186,0.530068,0.763045,0.875133,0.713743,0.687919,0.434904,0.777187,0.868484,0.873466,0.397538,0.754838,0.888968,0.77682,0.892882,0.717127,0.724039,0.70001,0.729487,0.700987,0.659654,0.460736,0.620428,0.660507,0.789396,0.780046,0.741807,0.809572,0.90673,0.633629,0.391766,0.64265,0.842103,0.935834,0.911311,0.691985,0.84509,0.873913,0.613158,0.679067,0.862964,0.772144,0.550762,0.668159,0.71414,0.837745,0.837493,0.829334,0.662119,0.650191,0.624433,0.893423,0.895842,0.736923,0.752651
0.858795,0.686535,0.900405,0.851016,0.722558,0.643619,0.781205,0.633446,0.757874,0.650226,0.753248,0.753996,0.83802,0.752605,0.663914,0.809778,0.885679,0.764625,0.909969,0.948616,1,0.622127,0.843205,0.909779,0.583307,0.836236,0.869347,0.787168,0.521628,0.727927,0.603251,0.563992,0.758565,0.868802,0.712701,0.701178,0.409831,0.818465,0.898815,0.897971,0.528312,0.762054,0.912264,0.76421,0.902425,0.730562,0.717331,0.663883,0.735492,0.778927,0.706958,0.473116,0.628679,0.703882,0.797765,0.816191,0.751827,0.829523,0.884148,0.56166,0.469805,0.654666,0.891623,0.940012,0.95109,0.7185,0.838158,0.88477,0.634678,0.747949,0.898201,0.772363,0.582049,0.610303,0.713092,0.84972,0.840025,0.870382,0.598083,0.654612,0.577534,0.920964,0.895357,0.755278,0.8152
0.572132,0.373322,0.588704,0.602382,0.507076,0.53977,0.641943,0.607145,0.473928,0.582909,0.619767,0.605342,0.60924,0.479286,0.555169,0.504257,0.586095,0.397048,0.532771,0.563513,0.622127,1,0.652989,0.644121,0.387847,0.529419,0.662275,0.626827,0.359774,0.47473,0.557145,0.431799,0.562435,0.514074,0.427597,0.391525,0.379951,0.606305,0.637183,0.570294,0.44892,0.371185,0.654485,0.383149,0.579759,0.469013,0.600463,0.707749,0.518857,0.550856,0.500756,0.326683,0.48954,0.686997,0.660763,0.578338,0.588433,0.481567,0.606755,0.398354,0.510714,0.589815,0.664003,0.667518,0.662142,0.544025,0.568548,0.672213,0.708291,0.683937,0.648339,0.5753,0.311066,0.288863,0.635083,0.535401,0.563854,0.651003,0.576019,0.512648,0.535024,0.648522,0.592677,0.446515,0.502707
0.845455,0.739696,0.817306,0.800711,0.739827,0.661039,0.813396,0.677026,0.599562,0.688748,0.762692,0.721834,0.760971,0.803947,0.574543,0.696241,0.787833,0.699872,0.806142,0.820484,0.843205,0.652989,1,0.874733,0.600657,0.730455,0.843271,0.752693,0.504133,0.716313,0.62144,0.524922,0.793434,0.784105,0.680866,0.630338,0.468402,0.765112,0.790114,0.777186,0.531917,0.637326,0.833423,0.757918,0.817215,0.641718,0.787652,0.717651,0.6899,0.748552,0.762392,0.591426,0.67863,0.664265,0.761362,0.827031,0.772487,0.710564,0.831222,0.547399,0.39297,0.669067,0.803818,0.815053,0.863466,0.647483,0.836197,0.888627,0.58865,0.703707,0.874103,0.802271,0.59157,0.526468,0.625172,0.830386,0.790258,0.786613,0.643486,0.684423,0.673286,0.829601,0.813137,0.698823,0.710274
0.868464,0.751021,0.895475,0.904702,0.812474,0.783319,0.793281,0.706818,0.741454,0.770224,0.859528,0.798343,0.872219,0.803578,0.663639,0.786792,0.892834,0.807142,0.866955,0.885049,0.909779,0.644121,0.874733,1,0.645122,0.860078,0.901322,0.847487,0.500954,0.699786,0.672837,0.528398,0.74014,0.83077,0.684309,0.702205,0.452434,0.83933,0.872443,0.856964,0.610132,0.701788,0.934508,0.83075,0.915569,0.843811,0.84711,0.793454,0.767811,0.81261,0.811147,0.626464,0.762118,0.78888,0.881408,0.892492,0.831934,0.826469,0.915044,0.581406,0.562195,0.785915,0.907093,0.918316,0.927074,0.797604,0.910921,0.968805,0.700318,0.783919,0.927381,0.812313,0.685945,0.593793,0.670521,0.861507,0.850999,0.83591,0.626941,0.711841,0.686594,0.872506,0.828355,0.778614,0.780222
0.637942,0.535676,0.648926,0.590642,0.618568,0.655443,0.669775,0.553667,0.576808,0.596529,0.615419,0.568203,0.563846,0.634682,0.565746,0.529371,0.686514,0.612506,0.548288,0.584442,0.583307,0.387847,0.600657,0.645122,1,0.579152,0.68398,0.531269,0.39852,0.652815,0.294123,0.330091,0.554129,0.542416,0.446842,0.590343,0.513569,0.597191,0.610075,0.603779,0.423607,0.606238,0.614709,0.598488,0.662852,0.52852,0.661493,0.651494,0.645823,0.626688,0.45055,0.463035,0.526014,0.519823,0.570803,0.684137,0.510941,0.485521,0.631485,0.244485,0.524413,0.454,0.573242,0.622047,0.657559,0.677969,0.603365,0.655311,0.677157,0.614737,0.676878,0.567291,0.362585,0.589314,0.434118,0.625603,0.612639,0.554742,0.324514,0.396514,0.625218,0.639661,0.630399,0.567688,0.564451
0.81966,0.621572,0.838859,0.83859,0.700888,0.574438,0.663639,0.549534,0.60148,0.664358,0.719967,0.710423,0.792309,0.66808,0.523956,0.68869,0.818917,0.677428,0.847265,0.796462,0.836236,0.529419,0.730455,0.860078,0.579152,1,0.828571,0.853346,0.510211,0.676077,0.720612,0.508675,0.674174,0.772476,0.557201,0.657904,0.485599,0.768108,0.830888,0.830935,0.484398,0.685838,0.864927,0.754258,0.865102,0.813203,0.735493,0.623841,0.604059,0.655492,0.625681,0.538142,0.650418,0.621884,0.742016,0.759028,0.709991,0.747718,0.833487,0.489735,0.489665,0.583256,0.786163,0.842527,0.84596,0.666641,0.781324,0.819961,0.696824,0.812196,0.888388,0.78589,0.566395,0.674977,0.711407,0.891126,0.841603,0.780186,0.532024,0.752444,0.634775,0.854285,0.829034,0.752388,0.731722
0.873141,0.661683,0.88908,0.901085,0.839129,0.763833,0.750586,0.655876,0.743437,0.739132,0.782248,0.808582,0.793389,0.714138,0.71255,0.719369,0.835616,0.712484,0.821193,0.839787,0.869347,0.662275,0.843271,0.901322,0.68398,0.828571,1,0.837969,0.530928,0.722145,0.57037,0.50076,0.755425,0.796293,0.669433,0.737194,0.482233,0.736035,0.823465,0.830906,0.623105,0.739296,0.892733,0.732193,0.904726,0.777112,0.794246,0.773503,0.776327,0.739194,0.681669,0.574593,0.685498,0.739513,0.804724,0.799327,0.773747,0.715256,0.883826,0.466659,0.529378,0.71289,0.858178,0.858456,0.886469,0.70448,0.823206,0.877413,0.732248,0.761723,0.910875,0.803615,0.564838,0.562815,0.720478,0.836532,0.803029,0.83756,0.670587,0.709575,0.682194,0.853146,0.811414,0.698859,0.732009
0.828883,0.578091,0.861767,0.865647,0.725077,0.613333,0.611568,0.562203,0.646241,0.584076,0.671779,0.750922,0.762449,0.594487,0.568157,0.601895,0.774283,0.668738,0.799661,0.74144,0.787168,0.626827,0.752693,0.847487,0.531269,0.853346,0.837969,1,0.574134,0.611533,0.759047,0.588129,0.695828,0.749862,0.634989,0.623121,0.431706,0.748483,0.806002,0.835213,0.59534,0.72162,0.888182,0.708566,0.854742,0.832259,0.766194,0.626495,0.576932,0.583606,0.604239,0.482561,0.594035,0.682692,0.730716,0.700568,0.652277,0.649516,0.790869,0.441385,0.468181,0.653584,0.742211,0.824208,0.839536,0.587692,0.793437,0.781406,0.663525,0.739563,0.848548,0.751122,0.612157,0.699219,0.731859,0.807154,0.822599,0.782667,0.687673,0.745497,0.56421,0.857004,0.791487,0.780231,0.767488
0.587852,0.277623,0.653479,0.55531,0.480744,0.370962,0.348435,0.311322,0.35131,0.492677,0.396084,0.331924,0.409297,0.309844,0.30726,0.231287,0.534485,0.373137,0.454202,0.499699,0.521628,0.359774,0.504133,0.500954,0.39852,0.510211,0.530928,0.574134,1,0.447768,0.469626,0.396165,0.5198,0.527029,0.586709,0.418502,0.152407,0.582232,0.455455,0.388746,0.505508,0.418893,0.483238,0.326623,0.595514,0.533956,0.518984,0.302168,0.162029,0.353048,0.311147,0.362278,0.472899,0.272517,0.412262,0.379005,0.314684,0.309089,0.483183,0.165321,0.101533,0.267027,0.599385,0.582203,0.642095,0.356811,0.543537,0.496258,0.585784,0.584706,0.486237,0.469596,0.618585,0.469575,0.45987,0.599204,0.583351,0.579767,0.418243,0.515834,0.371173,0.605801,0.537317,0.359276,0.623003
0.817954,0.746441,0.776774,0.69663,0.670796,0.562025,0.591243,0.505267,0.427336,0.636867,0.693082,0.670523,0.787017,0.746572,0.439536,0.739707,0.840591,0.528942,0.658949,0.760433,0.727927,0.47473,0.716313,0.699786,0.652815,0.676077,0.722145,0.611533,0.447768,1,0.460991,0.528364,0.763825,0.768713,0.592131,0.683801,0.326373,0.682353,0.81592,0.731876,0.336802,0.632127,0.731836,0.672786,0.760115,0.612655,0.665174,0.664194,0.619347,0.663727,0.511637,0.581972,0.639598,0.644129,0.735969,0.743657,0.655539,0.706477,0.821293,0.501194,0.368358,0.520844,0.657257,0.75567,0.739429,0.534923,0.744161,0.719569,0.560406,0.613467,0.744038,0.579959,0.409128,0.622822,0.655651,0.76023,0.758237,0.68337,0.606498,0.472805,0.662307,0.757176,0.817765,0.591491,0.648477
0.67078,0.422723,0.679349,0.655101,0.44631,0.366999,0.493628,0.283054,0.317844,0.542244,0.62063,0.608351,0.669066,0.413486,0.297875,0.534129,0.632855,0.403864,0.686224,0.543186,0.603251,0.557145,0.62144,0.672837,0.294123,0.720612,0.57037,0.759047,0.469626,0.460991,1,0.511606,0.610549,0.556422,0.563563,0.374431,0.279981,0.661337,0.636053,0.655407,0.410711,0.465431,0.706419,0.564058,0.680784,0.68099,0.609175,0.450624,0.422439,0.420127,0.645555,0.446629,0.569909,0.570948,0.606019,0.502163,0.579084,0.625388,0.656134,0.40787,0.381275,0.553802,0.6097,0.652538,0.636494,0.362608,0.704783,0.663096,0.538651,0.698452,0.714274,0.678692,0.541155,0.503054,0.608173,0.682719,0.689416,0.676573,0.564018,0.739536,0.512464,0.69304,0.641096,0.602336,0.581629
0.68219,0.513868,0.610874,0.672005,0.580053,0.454549,0.493225,0.411337,0.36181,0.364356,0.49243,0.470054,0.609875,0.433448,0.307593,0.487301,0.543993,0.350369,0.462189,0.530068,0.563992,0.431799,0.524922,0.528398,0.330091,0.508675,0.50076,0.588129,0.396165,0.528364,0.511606,1,0.744779,0.689244,0.641824,0.464852,0.169965,0.371722,0.706252,0.600047,0.254867,0.568914,0.619906,0.496812,0.579926,0.552343,0.432839,0.455859,0.303825,0.494692,0.517177,0.242954,0.342804,0.558244,0.53054,0.483457,0.516325,0.472616,0.551348,0.291106,0.344703,0.581203,0.505232,0.520185,0.543063,0.405108,0.548357,0.52518,0.395287,0.578774,0.573208,0.387693,0.491345,0.524288,0.501506,0.558089,0.579942,0.529925,0.515637,0.467915,0.381854,0.661904,0.551281,0.618919,0.780877
0.913181,0.661155,0.843768,0.765484,0.67138,0.566037,0.637465,0.491753,0.495255,0.607873,0.669458,0.650356,0.776831,0.61445,0.390409,0.694211,0.802899,0.551402,0.674743,0.763045,0.758565,0.562435,0.793434,0.74014,0.554129,0.674174,0.755425,0.695828,0.5198,0.763825,0.610549,0.744779,1,0.870725,0.857322,0.592352,0.37861,0.696493,0.842505,0.766722,0.479588,0.741325,0.79835,0.609269,0.850644,0.666235,0.693954,0.645431,0.513308,0.627417,0.668022,0.482923,0.60253,0.654692,0.699357,0.679152,0.655489,0.647655,0.816869,0.494006,0.403544,0.608515,0.748484,0.765218,0.787592,0.579626,0.756542,0.776643,0.566109,0.794584,0.82608,0.732588,0.586734,0.681842,0.582135,0.814853,0.857875,0.809293,0.712378,0.646347,0.647843,0.849144,0.804582,0.712969,0.815585
0.898232,0.725551,0.848086,0.80828,0.722535,0.567936,0.643092,0.589465,0.610368,0.662813,0.714274,0.714821,0.871898,0.701861,0.440004,0.7903,0.861257,0.584861,0.789575,0.875133,0.868802,0.514074,0.784105,0.83077,0.542416,0.772476,0.796293,0.749862,0.527029,0.768713,0.556422,0.689244,0.870725,1,0.839295,0.639886,0.271605,0.750568,0.907523,0.832634,0.552194,0.719473,0.828408,0.64705,0.87238,0.701284,0.656195,0.605606,0.648113,0.761706,0.65051,0.515135,0.612369,0.707529,0.800827,0.775458,0.702568,0.752077,0.843969,0.608775,0.331809,0.624262,0.85495,0.846634,0.856851,0.69816,0.818502,0.819113,0.567273,0.738795,0.826994,0.742532,0.595933,0.6807,0.58841,0.807699,0.861136,0.832668,0.693297,0.651895,0.646497,0.850845,0.829942,0.736987,0.826247
0.817711,0.57523,0.777325,0.707457,0.595277,0.504547,0.540302,0.41117,0.519522,0.608522,0.627371,0.544431,0.690378,0.535804,0.318164,0.580606,0.697629,0.470882,0.673783,0.713743,0.712701,0.427597,0.680866,0.684309,0.446842,0.557201,0.669433,0.634989,0.586709,0.592131,0.563563,0.641824,0.857322,0.839295,1,0.506404,0.223078,0.639687,0.710066,0.640696,0.570257,0.608474,0.722025,0.511031,0.777924,0.655457,0.619969,0.493551,0.477279,0.641879,0.63608,0.502468,0.599724,0.555413,0.648052,0.593464,0.527765,0.570921,0.72366,0.468337,0.306538,0.535072,0.755376,0.69672,0.724145,0.514538,0.743523,0.7147,0.453709,0.700785,0.706696,0.682694,0.627054,0.584865,0.471611,0.698611,0.73063,0.758182,0.679014,0.604391,0.587149,0.7194,0.666272,0.654203,0.765645
0.688995,0.711425,0.708864,0.752226,0.691134,0.626859,0.614473,0.615517,0.653752,0.567508,0.622895,0.5304,0.619135,0.735294,0.595449,0.634622,0.690747,0.546409,0.631722,0.687919,0.701178,0.391525,0.630338,0.702205,0.590343,0.657904,0.737194,0.623121,0.418502,0.683801,0.374431,0.464852,0.592352,0.639886,0.506404,1,0.314107,0.579498,0.685877,0.717279,0.405051,0.607369,0.713789,0.749252,0.687061,0.665627,0.580694,0.608033,0.580063,0.620961,0.474105,0.467378,0.548752,0.500273,0.627285,0.734515,0.558369,0.600065,0.718764,0.484944,0.397786,0.671586,0.621616,0.674965,0.664408,0.467278,0.621972,0.661735,0.537742,0.507325,0.645176,0.440311,0.46327,0.452693,0.657413,0.692503,0.599221,0.536514,0.424402,0.391789,0.449393,0.670481,0.655804,0.700075,0.653926
0.456894,0.428192,0.431006,0.401604,0.400486,0.525316,0.547892,0.427885,0.45351,0.296631,0.391003,0.342019,0.305999,0.421045,0.485983,0.311671,0.439948,0.584528,0.395487,0.434904,0.409831,0.379951,0.468402,0.452434,0.513569,0.485599,0.482233,0.431706,0.152407,0.326373,0.279981,0.169965,0.37861,0.271605,0.223078,0.314107,1,0.387913,0.388343,0.444729,0.168293,0.522609,0.514861,0.542927,0.480252,0.392806,0.617816,0.601002,0.335605,0.294297,0.302091,0.1559,0.271184,0.227682,0.279493,0.464117,0.461044,0.306949,0.455492,0.160027,0.492798,0.282711,0.326092,0.468578,0.433179,0.382629,0.327105,0.510793,0.439228,0.526913,0.544803,0.513574,0.314813,0.422024,0.305789,0.521926,0.465745,0.332088,0.249773,0.315199,0.496868,0.525317,0.55422,0.478213,0.361805
0.785498,0.583384,0.834152,0.704445,0.58081,0.589458,0.720756,0.62754,0.681086,0.669353,0.703397,0.590055,0.734911,0.708538,0.533842,0.658379,0.817837,0.680303,0.812244,0.777187,0.818465,0.606305,0.765112,0.83933,0.597191,0.768108,0.736035,0.748483,0.582232,0.682353,0.661337,0.371722,0.696493,0.750568,0.639687,0.579498,0.387913,1,0.804257,0.800504,0.628817,0.614266,0.772074,0.610711,0.83154,0.701916,0.714755,0.598037,0.620784,0.696149,0.583597,0.577795,0.661469,0.592185,0.692133,0.779296,0.624006,0.674749,0.774873,0.614856,0.448606,0.562329,0.831606,0.850109,0.895666,0.658878,0.794782,0.818384,0.701006,0.77008,0.804576,0.703019,0.623035,0.612402,0.637805,0.772525,0.781822,0.79443,0.542251,0.676796,0.596991,0.833457,0.811898,0.68221,0.712142
0.914563,0.733834,0.899817,0.861346,0.748511,0.658694,0.718436,0.625924,0.65232,0.663554,0.78504,0.764083,0.891645,0.747337,0.591457,0.81872,0.91459,0.678336,0.796724,0.868484,0.898815,0.637183,0.790114,0.872443,0.610075,0.830888,0.823465,0.806002,0.455455,0.81592,0.636053,0.706252,0.842505,0.907523,0.710066,0.685877,0.388343,0.804257,1,0.92334,0.490619,0.779493,0.900143,0.742341,0.899501,0.759665,0.732275,0.699422,0.712102,0.770983,0.648282,0.528484,0.618207,0.775003,0.82094,0.815143,0.752962,0.79311,0.894441,0.549545,0.48952,0.702028,0.819851,0.903303,0.899712,0.726097,0.848791,0.845399,0.66057,0.792106,0.879239,0.719889,0.58385,0.689086,0.705315,0.827772,0.888551,0.80528,0.649984,0.651622,0.627205,0.92194,0.894215,0.78663,0.850803
0.864608,0.70564,0.872217,0.82987,0.691335,0.629051,0.752202,0.60648,0.730149,0.564092,0.723617,0.763767,0.812953,0.706004,0.636341,0.812142,0.852762,0.726496,0.841635,0.873466,0.897971,0.570294,0.777186,0.856964,0.603779,0.830935,0.830906,0.835213,0.388746,0.731876,0.655407,0.600047,0.766722,0.832634,0.640696,0.717279,0.444729,0.800504,0.92334,1,0.474863,0.837839,0.895339,0.773289,0.87855,0.744684,0.690188,0.657142,0.738123,0.680638,0.624522,0.457057,0.57377,0.687301,0.734598,0.765983,0.708502,0.793153,0.863474,0.568309,0.469844,0.699774,0.760966,0.891441,0.879811,0.628144,0.804175,0.803679,0.602957,0.711126,0.875194,0.710633,0.549533,0.69948,0.736507,0.80272,0.84701,0.781834,0.647341,0.685269,0.542537,0.908079,0.885288,0.847509,0.789908
0.574212,0.302101,0.58139,0.554026,0.495693,0.549213,0.473387,0.535476,0.671993,0.613736,0.575098,0.478589,0.499296,0.472168,0.52689,0.376549,0.503051,0.47722,0.541038,0.397538,0.528312,0.44892,0.531917,0.610132,0.423607,0.484398,0.623105,0.59534,0.505508,0.336802,0.410711,0.254867,0.479588,0.552194,0.570257,0.405051,0.168293,0.628817,0.490619,0.474863,1,0.435031,0.553326,0.30317,0.598658,0.491223,0.473382,0.348496,0.426257,0.60043,0.530302,0.536384,0.562494,0.556599,0.537108,0.600187,0.33381,0.402816,0.470355,0.290299,0.312955,0.389688,0.697454,0.527144,0.612002,0.514389,0.541841,0.558213,0.442143,0.594201,0.555486,0.503927,0.527738,0.328017,0.251886,0.52675,0.53995,0.615883,0.407307,0.496975,0.432244,0.53346,0.456099,0.437335,0.563115
0.790893,0.550685,0.80386,0.738691,0.662483,0.647781,0.633613,0.484041,0.664352,0.37438,0.533586,0.639989,0.631744,0.541929,0.574966,0.58491,0.726846,0.746309,0.644727,0.754838,0.762054,0.371185,0.637326,0.701788,0.606238,0.685838,0.739296,0.72162,0.418893,0.632127,0.465431,0.568914,0.741325,0.719473,0.608474,0.607369,0.522609,0.614266,0.779493,0.837839,0.435031,1,0.785685,0.685742,0.817368,0.672561,0.642552,0.563567,0.583158,0.503535,0.513561,0.275613,0.410128,0.528795,0.537361,0.605937,0.573481,0.567755,0.748907,0.259629,0.401679,0.523301,0.605121,0.769849,0.779469,0.572853,0.689833,0.657484,0.466981,0.662889,0.776313,0.64536,0.564859,0.802399,0.546537,0.75168,0.80701,0.661752,0.603204,0.574695,0.415346,0.856004,0.848568,0.733033,0.76337
0.927261,0.732682,0.938575,0.921968,0.79444,0.734244,0.725072,0.581651,0.710067,0.703571,0.825805,0.814008,0.86644,0.73928,0.664285,0.794983,0.9055,0.775823,0.865811,0.888968,0.912264,0.654485,0.833423,0.934508,0.614709,0.864927,0.892733,0.888182,0.483238,0.731836,0.706419,0.619906,0.79835,0.828408,0.722025,0.713789,0.514861,0.772074,0.900143,0.895339,0.553326,0.785685,1,0.842853,0.946598,0.839956,0.820184,0.745808,0.705352,0.737246,0.771733,0.572337,0.700739,0.790707,0.838853,0.828831,0.757976,0.826649,0.931209,0.514427,0.558189,0.702384,0.828679,0.920954,0.900292,0.699301,0.87078,0.907232,0.655293,0.789168,0.940838,0.830604,0.629503,0.670576,0.710235,0.875457,0.889289,0.84672,0.673882,0.678712,0.662668,0.925324,0.885981,0.828619,0.832926
0.767219,0.864599,0.754405,0.8063,0.727204,0.696219,0.668941,0.515631,0.564233,0.573909,0.701342,0.685329,0.747511,0.818231,0.583746,0.746935,0.780611,0.733021,0.739856,0.77682,0.76421,0.383149,0.757918,0.83075,0.598488,0.754258,0.732193,0.708566,0.326623,0.672786,0.564058,0.496812,0.609269,0.64705,0.511031,0.749252,0.542927,0.610711,0.742341,0.773289,0.30317,0.685742,0.842853,1,0.759589,0.764124,0.751198,0.686444,0.647219,0.662369,0.709107,0.507883,0.601719,0.596165,0.697828,0.827826,0.72128,0.791013,0.817262,0.443674,0.489014,0.688482,0.621955,0.768241,0.723998,0.559225,0.770237,0.792498,0.486398,0.568958,0.780813,0.668526,0.550416,0.574572,0.61315,0.776883,0.719034,0.54862,0.474176,0.538848,0.575274,0.758586,0.774317,0.813896,0.666034
0.957105,0.667064,0.980216,0.91537,0.804388,0.717603,0.702211,0.556453,0.704202,0.711706,0.797225,0.767867,0.841205,0.688087,0.613548,0.758291,0.924981,0.770489,0.850748,0.892882,0.902425,0.579759,0.817215,0.915569,0.662852,0.865102,0.904726,0.854742,0.595514,0.760115,0.680784,0.579926,0.850644,0.87238,0.777924,0.687061,0.480252,0.83154,0.899501,0.87855,0.598658,0.817368,0.946598,0.759589,1,0.857698,0.825297,0.711026,0.701646,0.715792,0.725583,0.584497,0.708833,0.729297,0.800293,0.778058,0.764387,0.782461,0.927398,0.525376,0.506025,0.659904,0.874231,0.920171,0.933162,0.72619,0.88022,0.895358,0.708693,0.823046,0.945145,0.841774,0.668449,0.722144,0.692859,0.898661,0.920243,0.892092,0.681256,0.742924,0.669113,0.934985,0.899688,0.749775,0.836319
0.792804,0.620085,0.849811,0.905929,0.786036,0.728552,0.564573,0.508772,0.60795,0.673957,0.745584,0.635832,0.728633,0.62853,0.520103,0.572194,0.763821,0.692353,0.71747,0.717127,0.730562,0.469013,0.641718,0.843811,0.52852,0.813203,0.777112,0.832259,0.533956,0.612655,0.68099,0.552343,0.666235,0.701284,0.655457,0.665627,0.392806,0.701916,0.759665,0.744684,0.491223,0.672561,0.839956,0.764124,0.857698,1,0.823416,0.676717,0.572078,0.645706,0.636713,0.585097,0.719936,0.634663,0.732599,0.706324,0.735289,0.6704,0.820697,0.432905,0.538241,0.755277,0.758452,0.784903,0.77601,0.627859,0.80129,0.795693,0.643612,0.734566,0.801763,0.649872,0.688464,0.617758,0.684706,0.796594,0.754001,0.686702,0.557719,0.676393,0.537991,0.757558,0.706823,0.745333,0.719356
0.783149,0.650608,0.806421,0.830636,0.813082,0.794368,0.682767,0.574808,0.603687,0.667785,0.76307,0.636995,0.702095,0.671423,0.622744,0.582482,0.771582,0.759105,0.654457,0.724039,0.717331,0.600463,0.787652,0.84711,0.661493,0.735493,0.794246,0.766194,0.518984,0.665174,0.609175,0.432839,0.693954,0.656195,0.619969,0.580694,0.617816,0.714755,0.732275,0.690188,0.473382,0.642552,0.820184,0.751198,0.825297,0.823416,1,0.8358,0.622453,0.668816,0.646608,0.520693,0.66284,0.627418,0.706093,0.751193,0.783344,0.643798,0.790827,0.370836,0.569273,0.663541,0.738112,0.831622,0.801673,0.676072,0.79473,0.853006,0.725259,0.786099,0.8242,0.77342,0.59067,0.628229,0.579304,0.793542,0.781968,0.694352,0.598339,0.599652,0.620769,0.777861,0.765812,0.676827,0.692388
0.702422,0.697064,0.680033,0.753635,0.767092,0.835805,0.749111,0.708101,0.569907,0.653816,0.771598,0.654077,0.690035,0.686161,0.652642,0.64485,0.725017,0.616803,0.561971,0.70001,0.663883,0.707749,0.717651,0.793454,0.651494,0.623841,0.773503,0.626495,0.302168,0.664194,0.450624,0.455859,0.645431,0.605606,0.493551,0.608033,0.601002,0.598037,0.699422,0.657142,0.348496,0.563567,0.745808,0.686444,0.711026,0.676717,0.8358,1,0.704568,0.662832,0.645072,0.467136,0.64288,0.682476,0.731398,0.74963,0.833452,0.609922,0.763178,0.480576,0.619857,0.780847,0.702627,0.740465,0.706718,0.66722,0.692779,0.827659,0.718745,0.669115,0.745616,0.591325,0.407587,0.459859,0.599173,0.683998,0.658269,0.629722,0.569183,0.519035,0.680275,0.683838,0.673133,0.594973,0.568792
0.660674,0.605678,0.664588,0.68846,0.693449,0.696013,0.737382,0.542918,0.648844,0.656019,0.77747,0.703484,0.710931,0.685962,0.676752,0.729971,0.721331,0.566609,0.743671,0.729487,0.735492,0.518857,0.6899,0.767811,0.645823,0.604059,0.776327,0.576932,0.162029,0.619347,0.422439,0.303825,0.513308,0.648113,0.477279,0.580063,0.335605,0.620784,0.712102,0.738123,0.426257,0.583158,0.705352,0.647219,0.701646,0.572078,0.622453,0.704568,1,0.759573,0.633947,0.553832,0.606712,0.684091,0.724087,0.735201,0.733619,0.710612,0.731391,0.449067,0.517184,0.696928,0.708289,0.690257,0.712247,0.629361,0.76129,0.758657,0.535269,0.497971,0.742328,0.612627,0.308146,0.39709,0.497882,0.583461,0.571515,0.641164,0.467728,0.502082,0.577349,0.63477,0.658229,0.543358,0.482959
0.726207,0.67418,0.706703,0.752691,0.738049,0.731584,0.771693,0.675989,0.680437,0.799091,0.854377,0.58703,0.753247,0.815569,0.627749,0.684213,0.7452,0.599559,0.732324,0.700987,0.778927,0.550856,0.748552,0.81261,0.626688,0.655492,0.739194,0.583606,0.353048,0.663727,0.420127,0.494692,0.627417,0.761706,0.641879,0.620961,0.294297,0.696149,0.770983,0.680638,0.60043,0.503535,0.737246,0.662369,0.715792,0.645706,0.668816,0.662832,0.759573,1,0.689432,0.671124,0.70034,0.709099,0.79081,0.890596,0.705319,0.714427,0.722921,0.448634,0.488573,0.661806,0.795993,0.712141,0.755515,0.737513,0.775908,0.826358,0.545386,0.669134,0.758684,0.602275,0.548803,0.368435,0.453,0.664294,0.631744,0.649203,0.411737,0.48317,0.650679,0.663995,0.64708,0.636733,0.710426
0.727645,0.620482,0.69128,0.730047,0.648095,0.672023,0.679,0.442908,0.533859,0.6841,0.791216,0.645745,0.742799,0.629138,0.520211,0.70798,0.682473,0.613661,0.72918,0.659654,0.706958,0.500756,0.762392,0.811147,0.45055,0.625681,0.681669,0.604239,0.311147,0.511637,0.645555,0.517177,0.668022,0.65051,0.63608,0.474105,0.302091,0.583597,0.648282,0.624522,0.530302,0.513561,0.771733,0.709107,0.725583,0.636713,0.646608,0.645072,0.633947,0.689432,1,0.599952,0.731964,0.715239,0.730642,0.732558,0.736198,0.776419,0.731904,0.469751,0.550806,0.700791,0.755199,0.654593,0.676886,0.617688,0.766269,0.828818,0.444399,0.632271,0.781064,0.708388,0.550324,0.388062,0.395852,0.714898,0.654357,0.706224,0.472727,0.600075,0.620395,0.674898,0.598284,0.600313,0.628098
0.61769,0.557826,0.58184,0.569134,0.577601,0.554163,0.463052,0.409761,0.339557,0.852197,0.80781,0.527957,0.614132,0.677306,0.343419,0.468694,0.61803,0.384306,0.580455,0.460736,0.473116,0.326683,0.591426,0.626464,0.463035,0.538142,0.574593,0.482561,0.362278,0.581972,0.446629,0.242954,0.482923,0.515135,0.502468,0.467378,0.1559,0.577795,0.528484,0.457057,0.536384,0.275613,0.572337,0.507883,0.584497,0.585097,0.520693,0.467136,0.553832,0.671124,0.599952,1,0.902009,0.615428,0.719525,0.689287,0.500046,0.554474,0.671965,0.430339,0.315344,0.476465,0.604851,0.454091,0.526216,0.494987,0.700553,0.648276,0.343505,0.48717,0.606962,0.470953,0.546551,0.25947,0.327309,0.604391,0.524234,0.53222,0.340407,0.463383,0.685143,0.454175,0.428075,0.450551,0.419645
0.695993,0.614112,0.687087,0.682074,0.627087,0.64783,0.588476,0.496005,0.448096,0.914287,0.888337,0.656813,0.739489,0.703427,0.446128,0.595449,0.737556,0.517095,0.692752,0.620428,0.628679,0.48954,0.67863,0.762118,0.526014,0.650418,0.685498,0.594035,0.472899,0.639598,0.569909,0.342804,0.60253,0.612369,0.599724,0.548752,0.271184,0.661469,0.618207,0.57377,0.562494,0.410128,0.700739,0.601719,0.708833,0.719936,0.66284,0.64288,0.606712,0.70034,0.731964,0.902009,1,0.704425,0.837692,0.756208,0.666399,0.699022,0.793964,0.47922,0.481097,0.624713,0.772011,0.629252,0.657058,0.595249,0.79204,0.800829,0.487205,0.65092,0.735617,0.587332,0.60057,0.37778,0.443865,0.743284,0.657066,0.701843,0.427676,0.540576,0.729718,0.599278,0.556218,0.542231,0.510244
