1,0.890708,0.943595,0.842498,0.737137,0.787265,0.621839,0.656083,0.639614,0.667728,0.814066,0.666496,0.826883,0.886994,0.561021,0.849665,0.891389,0.71481,0.767417,0.778845,0.833334,0.561306,0.786371,0.89294,0.33689,0.677568,0.76214,0.762216,0.411921,0.557776,0.424818,0.473414,0.754019,0.829303,0.81581,0.551983,0.39811,0.643673,0.75111,0.73639,0.677011,0.738389,0.895135,0.818099,0.921944,0.858647,0.875945,0.842707,0.656293,0.5041,0.681018,0.877255,0.898203,0.628101,0.841307,0.937021,0.814526,0.887912,0.879091,0.685852,0.36883,0.852296,0.663237,0.840331,0.806694,0.567788,0.711772,0.908716,0.574099,0.786267,0.897537,0.669216,0.442176,0.461156,0.665924,0.874742,0.796787,0.682747,0.330013,0.396586,0.6551,0.740219,0.764426,0.487058,0.69501
0.890708,1,0.861722,0.767622,0.73024,0.793554,0.538895,0.564524,0.65671,0.61182,0.736872,0.570853,0.726098,0.833079,0.516324,0.802353,0.840797,0.753065,0.712746,0.654336,0.717766,0.611521,0.670828,0.882289,0.335216,0.687632,0.691908,0.701753,0.484809,0.611974,0.370436,0.461969,0.664242,0.737513,0.741403,0.569464,0.371127,0.71275,0.636375,0.596875,0.54761,0.708064,0.817291,0.784945,0.793214,0.692357,0.849346,0.835048,0.674079,0.451445,0.633163,0.753229,0.81691,0.600614,0.832101,0.865412,0.808628,0.873363,0.8941,0.591634,0.330869,0.763863,0.50939,0.744952,0.73874,0.433751,0.727629,0.851671,0.513086,0.700178,0.856326,0.666471,0.364111,0.329818,0.68681,0.865666,0.720171,0.731394,0.397241,0.464569,0.617985,0.636724,0.685178,0.467614,0.632622
0.943595,0.861722,1,0.863361,0.759607,0.841264,0.563801,0.652036,0.688756,0.684116,0.828251,0.555372,0.725804,0.871698,0.619543,0.783151,0.870607,0.726597,0.700309,0.72685,0.799726,0.610425,0.773024,0.90201,0.370261,0.701192,0.738336,0.771653,0.473405,0.614291,0.489004,0.501087,0.761844,0.825016,0.80643,0.623421,0.463231,0.641079,0.703171,0.691399,0.624058,0.657282,0.891134,0.79453,0.96227,0.882946,0.880464,0.834175,0.566094,0.471488,0.690482,0.878512,0.907491,0.546138,0.807755,0.914045,0.796472,0.858153,0.89119,0.6292,0.469554,0.837093,0.589349,0.824747,0.766038,0.552605,0.731745,0.934332,0.598589,0.810581,0.857918,0.700094,0.407356,0.474264,0.633526,0.895318,0.782199,0.741349,0.405066,0.430121,0.665735,0.720374,0.722724,0.467184,0.698081
0.842498,0.767622,0.863361,1,0.725148,0.776261,0.559766,0.65712,0.614321,0.674673,0.697108,0.60201,0.685134,0.792572,0.6077,0.684715,0.77705,0.70242,0.6457,0.6648,0.721485,0.61421,0.688745,0.858953,0.429554,0.652852,0.657138,0.784088,0.538519,0.508947,0.43549,0.354539,0.752339,0.756526,0.731012,0.45327,0.310134,0.590038,0.563144,0.646386,0.707508,0.564817,0.829133,0.716225,0.868185,0.731561,0.740242,0.737821,0.438751,0.534896,0.535044,0.811161,0.791016,0.571789,0.710598,0.869534,0.718468,0.741269,0.732076,0.648496,0.539696,0.771162,0.543546,0.760142,0.693237,0.460906,0.637697,0.84769,0.396022,0.688122,0.725628,0.655833,0.487495,0.356066,0.592852,0.801773,0.659168,0.680841,0.44794,0.424455,0.606079,0.633338,0.668665,0.505956,0.565566
0.737137,0.73024,0.759607,0.725148,1,0.809928,0.463815,0.476734,0.625806,0.558447,0.631369,0.46921,0.587492,0.684327,0.540018,0.630004,0.715995,0.554987,0.516012,0.53331,0.609071,0.526489,0.714184,0.748423,0.343219,0.561777,0.560099,0.568864,0.570363,0.529857,0.350284,0.251165,0.626203,0.585416,0.498378,0.422501,0.603606,0.613838,0.470168,0.491106,0.500656,0.553417,0.793915,0.624096,0.70509,0.589867,0.711408,0.701682,0.538916,0.376678,0.470697,0.695602,0.695717,0.449988,0.72229,0.723365,0.643386,0.726371,0.746735,0.508961,0.433303,0.676431,0.35613,0.613394,0.572968,0.407794,0.448978,0.805693,0.410993,0.769784,0.747849,0.596927,0.365172,0.167695,0.649139,0.759629,0.495576,0.666271,0.402453,0.403096,0.687022,0.48344,0.53545,0.526573,0.594331
0.787265,0.793554,0.841264,0.776261,0.809928,1,0.497597,0.481406,0.64055,0.483424,0.723907,0.4869,0.63643,0.770718,0.591385,0.701833,0.79789,0.587353,0.663868,0.624016,0.722039,0.626407,0.728855,0.772202,0.422277,0.573957,0.706107,0.690678,0.500709,0.553542,0.243867,0.503075,0.640999,0.712354,0.5889,0.573339,0.448009,0.608176,0.625955,0.568049,0.5806,0.651629,0.789844,0.711196,0.773515,0.71104,0.751782,0.703817,0.452221,0.491415,0.568634,0.653977,0.715709,0.483966,0.764584,0.750059,0.662154,0.795604,0.783201,0.591131,0.539144,0.664854,0.518059,0.76177,0.693823,0.5715,0.662311,0.846127,0.6115,0.76009,0.761789,0.618823,0.303223,0.405793,0.584257,0.793703,0.655242,0.649405,0.449368,0.286282,0.769732,0.57196,0.570499,0.449537,0.732022
0.621839,0.538895,0.563801,0.559766,0.463815,0.497597,1,0.587682,0.467044,0.462906,0.516069,0.450445,0.530866,0.50968,0.19307,0.551115,0.544442,0.544472,0.547882,0.591626,0.557626,0.319626,0.430203,0.501694,0.471947,0.504835,0.484593,0.54118,0.307129,0.156011,0.155624,0.272818,0.479007,0.546605,0.451002,0.451317,0.118015,0.437748,0.507834,0.474491,0.497735,0.411808,0.610486,0.508115,0.570933,0.52321,0.479208,0.496366,0.580601,0.5702,0.351216,0.590032,0.512571,0.535111,0.61074,0.654833,0.440443,0.618732,0.545999,0.300792,0.167181,0.592463,0.474478,0.603739,0.555056,0.444046,0.466302,0.512851,0.108044,0.336692,0.559374,0.543695,0.344476,0.245341,0.354866,0.427112,0.547029,0.527,0.217643,-0.0302036,0.377175,0.506705,0.458762,0.305931,0.30635
0.656083,0.564524,0.652036,0.65712,0.476734,0.481406,0.587682,1,0.433223,0.406074,0.563715,0.511544,0.498878,0.550276,0.320769,0.534918,0.536747,0.521493,0.605254,0.569722,0.541239,0.371423,0.574495,0.589166,0.237349,0.443913,0.581681,0.724793,0.405836,0.375588,0.486267,0.356472,0.494454,0.623583,0.580523,0.447824,0.232589,0.55973,0.478984,0.515449,0.540599,0.2615,0.639236,0.476317,0.639732,0.555545,0.568848,0.576871,0.431305,0.549315,0.475052,0.598934,0.609049,0.243123,0.463237,0.65093,0.544584,0.603767,0.460139,0.31828,0.255631,0.637226,0.49163,0.583368,0.537125,0.427573,0.478935,0.589644,0.275559,0.512214,0.578318,0.503613,0.317613,0.280474,0.372412,0.575239,0.571278,0.629221,0.36526,0.148486,0.548249,0.527888,0.53417,0.329707,0.442869
0.639614,0.65671,0.688756,0.614321,0.625806,0.64055,0.467044,0.433223,1,0.482536,0.577011,0.368498,0.514574,0.59731,0.427919,0.565812,0.555877,0.786434,0.625907,0.53387,0.622454,0.364998,0.673836,0.759091,0.287508,0.492627,0.68469,0.600591,0.402574,0.519791,0.299976,0.429859,0.637383,0.623804,0.638283,0.435304,0.255182,0.60054,0.522118,0.56098,0.45665,0.43346,0.781166,0.636023,0.714812,0.60663,0.684589,0.714719,0.540619,0.365021,0.639613,0.704074,0.61807,0.350837,0.60976,0.691836,0.725225,0.638716,0.664481,0.248533,0.228799,0.640008,0.46314,0.640102,0.628407,0.440331,0.537506,0.729017,0.39939,0.684412,0.732803,0.631502,0.412169,0.33065,0.554908,0.7092,0.598277,0.678092,0.323953,0.234543,0.508019,0.617307,0.664406,0.400849,0.514829
0.667728,0.61182,0.684116,0.674673,0.558447,0.483424,0.462906,0.406074,0.482536,1,0.718942,0.40493,0.512157,0.535342,0.496974,0.435986,0.655351,0.579771,0.414759,0.443467,0.512142,0.46054,0.490618,0.715085,0.481414,0.65638,0.446156,0.530852,0.260537,0.342301,0.234726,0.309887,0.644129,0.619027,0.561215,0.372563,0.210743,0.420818,0.347748,0.453243,0.392513,0.428327,0.636419,0.645266,0.673055,0.57833,0.554832,0.573739,0.498327,0.394218,0.542919,0.774654,0.777517,0.546853,0.594727,0.753832,0.688342,0.542974,0.691581,0.44734,0.412566,0.645543,0.259494,0.463996,0.449803,0.328938,0.623224,0.70181,0.226653,0.366233,0.60758,0.437541,0.450552,0.285488,0.529914,0.683391,0.477421,0.488235,0.318872,0.484727,0.279604,0.401276,0.446808,0.373983,0.392045
0.814066,0.736872,0.828251,0.697108,0.631369,0.723907,0.516069,0.563715,0.577011,0.718942,1,0.441367,0.568035,0.644733,0.527634,0.556972,0.764964,0.563915,0.707677,0.596587,0.676359,0.433587,0.663007,0.821332,0.306044,0.787079,0.716218,0.600003,0.28275,0.401811,0.33682,0.625644,0.585618,0.759026,0.67431,0.556138,0.227885,0.669734,0.522808,0.521346,0.552725,0.559049,0.742567,0.731257,0.798782,0.795555,0.718907,0.768988,0.515093,0.479416,0.706181,0.7819,0.857198,0.454267,0.681844,0.811678,0.768364,0.713163,0.800972,0.521381,0.366968,0.730588,0.574809,0.661696,0.59972,0.637515,0.669331,0.837811,0.521933,0.564347,0.841182,0.49801,0.283976,0.550079,0.606687,0.831071,0.658589,0.659186,0.368717,0.38288,0.534101,0.492713,0.468274,0.196308,0.683264
0.666496,0.570853,0.555372,0.60201,0.46921,0.4869,0.450445,0.511544,0.368498,0.40493,0.441367,1,0.86429,0.62327,0.454382,0.746533,0.701866,0.499058,0.602695,0.794767,0.783595,0.382841,0.578251,0.509304,0.340797,0.442331,0.651959,0.566755,0.166488,0.352345,0.241381,0.188932,0.612858,0.707316,0.655462,0.346519,0.162508,0.463129,0.725276,0.70576,0.658528,0.681844,0.574217,0.629132,0.596902,0.612548,0.586776,0.432652,0.322662,0.346567,0.430214,0.591091,0.575028,0.710378,0.697506,0.658145,0.480566,0.708538,0.569548,0.615811,0.188283,0.595651,0.645569,0.798013,0.768689,0.288965,0.449757,0.563674,0.289229,0.447623,0.562992,0.622437,0.383501,0.331425,0.542643,0.525873,0.729702,0.456717,0.151792,0.242711,0.473705,0.718884,0.665982,0.508777,0.537966
0.826883,0.726098,0.725804,0.685134,0.587492,0.63643,0.530866,0.498878,0.514574,0.512157,0.568035,0.86429,1,0.72213,0.493041,0.923235,0.898282,0.542825,0.618198,0.855821,0.878465,0.454668,0.66775,0.649148,0.282722,0.467923,0.739414,0.637504,0.231783,0.466583,0.302271,0.294184,0.764932,0.765735,0.721425,0.409918,0.249099,0.468189,0.827776,0.796202,0.683764,0.781945,0.709968,0.785172,0.727654,0.746162,0.753016,0.605417,0.536598,0.364516,0.521023,0.739777,0.738632,0.761845,0.877958,0.798952,0.5657,0.841375,0.764394,0.686607,0.265817,0.749095,0.654122,0.860682,0.845835,0.412197,0.536951,0.698048,0.386965,0.658096,0.694485,0.67171,0.446163,0.374733,0.630695,0.672137,0.783138,0.584519,0.281615,0.250839,0.548681,0.767527,0.781269,0.576605,0.671075
0.886994,0.833079,0.871698,0.792572,0.684327,0.770718,0.50968,0.550276,0.59731,0.535342,0.644733,0.62327,0.72213,1,0.548176,0.784141,0.768838,0.674103,0.688739,0.679029,0.732903,0.660903,0.70271,0.826557,0.306341,0.634682,0.697741,0.76916,0.435306,0.613995,0.379099,0.406691,0.659742,0.753049,0.754746,0.557882,0.389386,0.584667,0.706576,0.631295,0.627652,0.662797,0.828042,0.787864,0.884407,0.81928,0.874481,0.797679,0.553046,0.372216,0.623554,0.713487,0.74295,0.55885,0.754511,0.840808,0.741429,0.814475,0.788501,0.665702,0.404033,0.735589,0.593051,0.796349,0.765728,0.436002,0.675413,0.86926,0.577017,0.75819,0.786164,0.667553,0.489743,0.439054,0.590864,0.786476,0.735649,0.565841,0.338756,0.445079,0.665177,0.738779,0.751107,0.525579,0.657827
0.561021,0.516324,0.619543,0.6077,0.540018,0.591385,0.19307,0.320769,0.427919,0.496974,0.527634,0.454382,0.493041,0.548176,1,0.441718,0.553412,0.469375,0.519533,0.573871,0.638492,0.412185,0.584239,0.611104,0.311503,0.408191,0.621597,0.58659,0.29668,0.332314,0.174497,0.358419,0.675412,0.587493,0.473103,0.177498,0.42826,0.484596,0.51294,0.441982,0.512354,0.4418,0.672686,0.562709,0.636076,0.489126,0.481375,0.434779,0.193338,0.273222,0.427085,0.560837,0.605207,0.505749,0.550371,0.567365,0.563903,0.504677,0.614752,0.475963,0.578217,0.390877,0.379835,0.596872,0.575143,0.336099,0.491114,0.644132,0.357431,0.502055,0.563183,0.544596,0.214029,0.498814,0.44427,0.53569,0.520981,0.505359,0.353204,0.342137,0.557061,0.553295,0.531363,0.256017,0.597028
0.849665,0.802353,0.783151,0.684715,0.630004,0.701833,0.551115,0.534918,0.565812,0.435986,0.556972,0.746533,0.923235,0.784141,0.441718,1,0.893463,0.62421,0.646139,0.851572,0.856775,0.554666,0.68579,0.694367,0.215512,0.488755,0.732941,0.690858,0.323047,0.582657,0.315418,0.357301,0.751338,0.773992,0.759557,0.451069,0.331499,0.502785,0.874474,0.790365,0.650811,0.767315,0.74897,0.781356,0.757072,0.750563,0.816546,0.69432,0.620043,0.359511,0.519936,0.710353,0.703386,0.695374,0.898592,0.792003,0.590609,0.901699,0.80867,0.623966,0.314133,0.786925,0.654181,0.87587,0.89349,0.456143,0.639016,0.727121,0.489224,0.740963,0.709728,0.711178,0.321254,0.351809,0.646949,0.719874,0.8128,0.644699,0.316259,0.224963,0.568763,0.804045,0.799596,0.59605,0.621457
0.891389,0.840797,0.870607,0.77705,0.715995,0.79789,0.544442,0.536747,0.555877,0.655351,0.764964,0.701866,0.898282,0.768838,0.553412,0.893463,1,0.593376,0.66368,0.777106,0.830023,0.59311,0.706268,0.768935,0.304869,0.620373,0.722249,0.638654,0.313881,0.523096,0.37628,0.460626,0.772788,0.798976,0.719263,0.535163,0.327434,0.541246,0.725644,0.707385,0.615464,0.765993,0.766869,0.790137,0.804266,0.80301,0.823837,0.753551,0.559028,0.432421,0.573698,0.818419,0.860161,0.703977,0.909259,0.877593,0.676046,0.875903,0.883889,0.689083,0.425723,0.827712,0.584664,0.82782,0.781952,0.51898,0.650286,0.831296,0.542394,0.70119,0.768849,0.672147,0.340339,0.380846,0.655372,0.80867,0.756483,0.693028,0.330675,0.361831,0.608435,0.66256,0.693661,0.547885,0.715602
0.71481,0.753065,0.726597,0.70242,0.554987,0.587353,0.544472,0.521493,0.786434,0.579771,0.563915,0.499058,0.542825,0.674103,0.469375,0.62421,0.593376,1,0.688457,0.599075,0.629491,0.462431,0.584597,0.802003,0.422289,0.574871,0.630151,0.679051,0.460274,0.434966,0.326118,0.413091,0.637697,0.617724,0.701767,0.44257,0.205005,0.612536,0.549858,0.663652,0.524588,0.486731,0.775164,0.603372,0.754073,0.554617,0.649363,0.667665,0.483453,0.398988,0.523846,0.749011,0.683352,0.540539,0.633739,0.721828,0.769169,0.678747,0.698425,0.362001,0.320274,0.660086,0.534148,0.650408,0.670015,0.355992,0.673312,0.701242,0.359861,0.549889,0.741504,0.605247,0.31871,0.301749,0.53982,0.678747,0.668206,0.651293,0.284771,0.328393,0.425262,0.636506,0.675469,0.380388,0.386752
0.767417,0.712746,0.700309,0.6457,0.516012,0.663868,0.547882,0.605254,0.625907,0.414759,0.707677,0.602695,0.618198,0.688739,0.519533,0.646139,0.66368,0.688457,1,0.698298,0.743038,0.472432,0.621463,0.719394,0.325668,0.668839,0.75119,0.635078,0.306727,0.264703,0.13298,0.66961,0.601368,0.724979,0.679752,0.536382,0.142835,0.580403,0.643374,0.635367,0.629063,0.569607,0.743093,0.585799,0.711378,0.630975,0.624537,0.696295,0.410804,0.58437,0.645566,0.66503,0.657062,0.566704,0.66548,0.716135,0.754685,0.741732,0.677061,0.433604,0.250319,0.692904,0.698622,0.718977,0.720887,0.616287,0.693912,0.759991,0.555183,0.541895,0.765304,0.599364,0.228179,0.43081,0.44662,0.638713,0.713346,0.593451,0.18019,0.0707226,0.621746,0.673122,0.604509,0.332369,0.593907
0.778845,0.654336,0.72685,0.6648,0.53331,0.624016,0.591626,0.569722,0.53387,0.443467,0.596587,0.794767,0.855821,0.679029,0.573871,0.851572,0.777106,0.599075,0.698298,1,0.962562,0.479739,0.709807,0.667544,0.370906,0.587255,0.817709,0.737166,0.234353,0.442533,0.202987,0.458926,0.801828,0.868961,0.74856,0.468409,0.261954,0.547102,0.92591,0.860329,0.675535,0.685306,0.774708,0.767972,0.751179,0.734782,0.701685,0.591783,0.398777,0.403378,0.561559,0.691085,0.676144,0.739327,0.823567,0.763126,0.557342,0.86177,0.720044,0.625469,0.314671,0.716982,0.746744,0.937463,0.939698,0.622668,0.653994,0.674199,0.356106,0.630711,0.696936,0.718499,0.316553,0.532429,0.648678,0.662661,0.899097,0.632358,0.384524,0.176696,0.530846,0.910736,0.839072,0.413541,0.64299
0.833334,0.717766,0.799726,0.721485,0.609071,0.722039,0.557626,0.541239,0.622454,0.512142,0.676359,0.783595,0.878465,0.732903,0.638492,0.856775,0.830023,0.629491,0.743038,0.962562,1,0.542591,0.75367,0.734153,0.395177,0.630358,0.860301,0.742914,0.297287,0.50238,0.228821,0.494758,0.862057,0.886861,0.791805,0.510454,0.322178,0.603441,0.925974,0.852272,0.685153,0.720035,0.824087,0.832166,0.82369,0.815133,0.749615,0.643933,0.428679,0.427019,0.66505,0.760587,0.756329,0.72507,0.872602,0.813545,0.635621,0.900934,0.797116,0.631805,0.342977,0.767475,0.745713,0.951839,0.951085,0.657388,0.708214,0.773728,0.434283,0.712411,0.786388,0.729266,0.372529,0.578922,0.689141,0.745468,0.874756,0.67477,0.417664,0.217505,0.615858,0.905428,0.832211,0.474399,0.717097
0.561306,0.611521,0.610425,0.61421,0.526489,0.626407,0.319626,0.371423,0.364998,0.46054,0.433587,0.382841,0.454668,0.660903,0.412185,0.554666,0.59311,0.462431,0.472432,0.479739,0.542591,1,0.425131,0.598408,0.224497,0.541621,0.400536,0.553814,0.449822,0.473375,0.266255,0.398936,0.617657,0.558121,0.58295,0.507097,0.354692,0.346115,0.463817,0.383327,0.277513,0.415363,0.508756,0.530674,0.594791,0.517697,0.512245,0.514647,0.317177,0.340449,0.419116,0.405462,0.459087,0.519147,0.600177,0.534947,0.513671,0.652194,0.570596,0.442739,0.446308,0.504778,0.287488,0.53126,0.573713,0.385238,0.640199,0.641358,0.40321,0.518322,0.446569,0.501171,0.192903,0.269003,0.417342,0.582893,0.463694,0.448489,0.370567,0.377461,0.510704,0.491198,0.446659,0.495873,0.435366
0.786371,0.670828,0.773024,0.688745,0.714184,0.728855,0.430203,0.574495,0.673836,0.490618,0.663007,0.578251,0.66775,0.70271,0.584239,0.68579,0.706268,0.584597,0.621463,0.709807,0.75367,0.425131,1,0.740928,0.18748,0.462804,0.745848,0.632651,0.333498,0.504217,0.388948,0.297773,0.630999,0.741326,0.652898,0.325807,0.470509,0.72569,0.7159,0.619841,0.671721,0.676731,0.837257,0.678629,0.777563,0.722205,0.745651,0.705851,0.519326,0.331601,0.613496,0.743238,0.760555,0.450485,0.723166,0.760731,0.668587,0.744328,0.736394,0.500179,0.347541,0.65224,0.577088,0.772906,0.742424,0.671745,0.584651,0.797991,0.61898,0.768517,0.767608,0.613512,0.304288,0.483606,0.737825,0.751125,0.732254,0.590083,0.255157,0.295903,0.704499,0.660082,0.715368,0.392693,0.705359
0.89294,0.882289,0.90201,0.858953,0.748423,0.772202,0.501694,0.589166,0.759091,0.715085,0.821332,0.509304,0.649148,0.826557,0.611104,0.694367,0.768935,0.802003,0.719394,0.667544,0.734153,0.598408,0.740928,1,0.319574,0.758513,0.752852,0.784646,0.534972,0.612739,0.458034,0.531798,0.738685,0.814017,0.775177,0.527783,0.39251,0.722518,0.604845,0.652969,0.613968,0.587053,0.9142,0.815273,0.89839,0.763676,0.821401,0.855362,0.596028,0.494781,0.725442,0.804289,0.84956,0.555746,0.744824,0.885291,0.897502,0.806509,0.848978,0.556597,0.392686,0.778324,0.586429,0.744825,0.720597,0.520659,0.751178,0.927299,0.537407,0.736633,0.885183,0.682435,0.443439,0.43679,0.683441,0.915905,0.739997,0.717105,0.455993,0.515802,0.621708,0.663625,0.717803,0.403387,0.674617
0.33689,0.335216,0.370261,0.429554,0.343219,0.422277,0.471947,0.237349,0.287508,0.481414,0.306044,0.340797,0.282722,0.306341,0.311503,0.215512,0.304869,0.422289,0.325668,0.370906,0.395177,0.224497,0.18748,0.319574,1,0.408109,0.288671,0.388885,0.214839,0.0664393,-0.214979,0.217242,0.412615,0.349681,0.23597,0.380553,0.0102903,0.188037,0.25076,0.417961,0.15662,0.325349,0.356101,0.321512,0.348529,0.221002,0.236939,0.167673,0.0232758,0.401233,0.135589,0.37588,0.343049,0.387833,0.350253,0.425985,0.255509,0.397597,0.330193,0.396259,0.381376,0.346804,0.253442,0.381156,0.354532,0.232959,0.360571,0.337284,-0.0493387,0.119201,0.319276,0.323822,0.44386,0.0397502,0.255859,0.356207,0.338501,0.285338,0.358548,0.150728,0.115228,0.39944,0.290893,0.130767,0.12898
0.677568,0.687632,0.701192,0.652852,0.561777,0.573957,0.504835,0.443913,0.492627,0.65638,0.787079,0.442331,0.467923,0.634682,0.408191,0.488755,0.620373,0.574871,0.668839,0.587255,0.630358,0.541621,0.462804,0.758513,0.408109,1,0.583869,0.572986,0.389987,0.419769,0.179261,0.607229,0.551826,0.72347,0.648654,0.611744,0.185773,0.570084,0.477319,0.488968,0.486547,0.446061,0.658746,0.684229,0.708501,0.668055,0.624486,0.675453,0.345305,0.429388,0.673576,0.657375,0.685572,0.566939,0.637139,0.743238,0.698897,0.706065,0.712483,0.497772,0.28544,0.703265,0.510819,0.610715,0.594472,0.541674,0.681287,0.738443,0.344974,0.408501,0.706483,0.500936,0.2942,0.421972,0.548633,0.723806,0.642692,0.629072,0.388258,0.428512,0.370644,0.554161,0.478333,0.314815,0.519829
0.76214,0.691908,0.738336,0.657138,0.560099,0.706107,0.484593,0.581681,0.68469,0.446156,0.716218,0.651959,0.739414,0.697741,0.621597,0.732941,0.722249,0.630151,0.75119,0.817709,0.860301,0.400536,0.745848,0.752852,0.288671,0.583869,1,0.760887,0.332809,0.457698,0.215692,0.594291,0.710723,0.844982,0.702034,0.390692,0.252818,0.718598,0.792838,0.675786,0.670848,0.532321,0.802392,0.832327,0.770002,0.748296,0.739388,0.691078,0.485761,0.533705,0.750364,0.673201,0.695392,0.486456,0.7334,0.780213,0.729583,0.783023,0.709288,0.504846,0.368427,0.720712,0.66846,0.846306,0.825325,0.674601,0.631387,0.762893,0.427928,0.627801,0.815571,0.621461,0.366627,0.666524,0.662841,0.739832,0.774034,0.735731,0.525561,0.284805,0.690255,0.759319,0.751455,0.270396,0.793425
0.762216,0.701753,0.771653,0.784088,0.568864,0.690678,0.54118,0.724793,0.600591,0.530852,0.600003,0.566755,0.637504,0.76916,0.58659,0.690858,0.638654,0.679051,0.635078,0.737166,0.742914,0.553814,0.632651,0.784646,0.388885,0.572986,0.760887,1,0.506494,0.592499,0.278926,0.496886,0.707337,0.802588,0.758134,0.48309,0.335558,0.542148,0.704122,0.669525,0.682493,0.400604,0.807799,0.787966,0.805496,0.68829,0.70263,0.6077,0.471725,0.529523,0.616424,0.651688,0.654694,0.492871,0.637206,0.765076,0.681734,0.734489,0.633829,0.560924,0.493575,0.687999,0.559378,0.789759,0.761145,0.443225,0.674487,0.743698,0.325085,0.666135,0.692467,0.623772,0.414623,0.501832,0.482606,0.71014,0.741662,0.662302,0.550688,0.284458,0.611207,0.752958,0.71996,0.457499,0.572924
0.411921,0.484809,0.473405,0.538519,0.570363,0.500709,0.307129,0.405836,0.402574,0.260537,0.28275,0.166488,0.231783,0.435306,0.29668,0.323047,0.313881,0.460274,0.306727,0.234353,0.297287,0.449822,0.333498,0.534972,0.214839,0.389987,0.332809,0.506494,1,0.452157,0.350324,0.189391,0.396359,0.37424,0.332035,0.317886,0.405147,0.370698,0.221247,0.259507,0.362491,0.106737,0.50499,0.324557,0.473842,0.332851,0.346775,0.384975,0.299989,0.461789,0.279117,0.364226,0.302817,0.17466,0.335328,0.382243,0.367872,0.382445,0.367275,0.200346,0.321141,0.470237,0.148098,0.305141,0.323377,0.190324,0.285417,0.485804,0.175967,0.467275,0.393834,0.329319,0.192155,0.0979439,0.27416,0.406777,0.253865,0.582171,0.396893,0.26866,0.456386,0.279076,0.263412,0.491184,0.249209
0.557776,0.611974,0.614291,0.508947,0.529857,0.553542,0.156011,0.375588,0.519791,0.342301,0.401811,0.352345,0.466583,0.613995,0.332314,0.582657,0.523096,0.434966,0.264703,0.442533,0.50238,0.473375,0.504217,0.612739,0.0664393,0.419769,0.457698,0.592499,0.452157,1,0.361561,0.244686,0.526491,0.597021,0.515619,0.47003,0.460161,0.460986,0.51743,0.449053,0.295451,0.373428,0.574551,0.656276,0.57149,0.610984,0.675908,0.53667,0.394096,0.0885777,0.531252,0.46305,0.46016,0.206684,0.477191,0.561932,0.483458,0.593764,0.525063,0.452403,0.195496,0.499945,0.371053,0.590491,0.566437,0.249189,0.524532,0.55062,0.458708,0.645378,0.526022,0.408091,0.317645,0.394219,0.499755,0.687764,0.541706,0.474869,0.396429,0.398625,0.423199,0.54311,0.618174,0.578075,0.507586
0.424818,0.370436,0.489004,0.43549,0.350284,0.243867,0.155624,0.486267,0.299976,0.234726,0.33682,0.241381,0.302271,0.379099,0.174497,0.315418,0.37628,0.326118,0.13298,0.202987,0.228821,0.266255,0.388948,0.458034,-0.214979,0.179261,0.215692,0.278926,0.350324,0.361561,1,-0.0166862,0.281576,0.293091,0.381985,0.200057,0.338282,0.404686,0.163011,0.23281,0.224183,0.184145,0.380741,0.218971,0.499432,0.444316,0.416495,0.405423,0.230939,0.0866615,0.259352,0.411761,0.467116,0.0672419,0.254172,0.379149,0.32838,0.2848,0.322832,0.146298,-0.0403204,0.304304,0.171384,0.299656,0.207616,0.0530213,0.154368,0.379374,0.314803,0.497954,0.383704,0.343724,0.222329,0.060615,0.289647,0.402448,0.286111,0.396971,0.0360244,0.471435,0.313263,0.215622,0.29397,0.256678,0.327689
0.473414,0.461969,0.501087,0.354539,0.251165,0.503075,0.272818,0.356472,0.429859,0.309887,0.625644,0.188932,0.294184,0.406691,0.358419,0.357301,0.460626,0.413091,0.66961,0.458926,0.494758,0.398936,0.297773,0.531798,0.217242,0.607229,0.594291,0.496886,0.189391,0.244686,-0.0166862,1,0.443035,0.594904,0.486174,0.497329,0.0420656,0.274511,0.379721,0.374848,0.252688,0.174105,0.481076,0.456225,0.466794,0.435753,0.396087,0.522502,0.150017,0.542854,0.604564,0.364653,0.426215,0.255536,0.371044,0.488894,0.566506,0.474995,0.427508,0.238918,0.306758,0.513549,0.430547,0.454931,0.443987,0.584702,0.568157,0.53025,0.464639,0.325514,0.516851,0.326447,-0.00315282,0.429631,0.194459,0.542236,0.522741,0.516652,0.308157,0.108714,0.317876,0.441952,0.371845,0.112999,0.490613
0.754019,0.664242,0.761844,0.752339,0.626203,0.640999,0.479007,0.494454,0.637383,0.644129,0.585618,0.612858,0.764932,0.659742,0.675412,0.751338,0.772788,0.637697,0.601368,0.801828,0.862057,0.617657,0.630999,0.738685,0.412615,0.551826,0.710723,0.707337,0.396359,0.526491,0.281576,0.443035,1,0.786599,0.689892,0.465163,0.367983,0.485367,0.735855,0.768212,0.537948,0.542968,0.795492,0.738294,0.76615,0.697488,0.687113,0.62188,0.422519,0.433071,0.58046,0.749581,0.694191,0.658959,0.773467,0.783256,0.608184,0.778139,0.723176,0.523755,0.413625,0.757824,0.569582,0.792357,0.796052,0.519268,0.67075,0.749303,0.331775,0.670708,0.686599,0.731297,0.495694,0.436433,0.60707,0.717963,0.687128,0.644429,0.499997,0.323184,0.527544,0.782444,0.785637,0.544351,0.584754
0.829303,0.737513,0.825016,0.756526,0.585416,0.712354,0.546605,0.623583,0.623804,0.619027,0.759026,0.707316,0.765735,0.753049,0.587493,0.773992,0.798976,0.617724,0.724979,0.868961,0.886861,0.558121,0.741326,0.814017,0.349681,0.72347,0.844982,0.802588,0.37424,0.597021,0.293091,0.594904,0.786599,1,0.814862,0.552953,0.297867,0.601104,0.811671,0.71809,0.64501,0.597499,0.830751,0.835453,0.830467,0.824046,0.757268,0.700949,0.470569,0.588529,0.779547,0.72319,0.737776,0.617054,0.770719,0.846699,0.734479,0.8296,0.764112,0.570312,0.354955,0.789413,0.66033,0.89705,0.866923,0.638605,0.774289,0.824802,0.511796,0.644389,0.742668,0.718888,0.362621,0.589275,0.633898,0.811834,0.883084,0.712359,0.407693,0.314237,0.579356,0.835178,0.772565,0.497792,0.697353
0.81581,0.741403,0.80643,0.731012,0.498378,0.5889,0.451002,0.580523,0.638283,0.561215,0.67431,0.655462,0.721425,0.754746,0.473103,0.759557,0.719263,0.701767,0.679752,0.74856,0.791805,0.58295,0.652898,0.775177,0.23597,0.648654,0.702034,0.758134,0.332035,0.515619,0.381985,0.486174,0.689892,0.814862,1,0.47695,0.225454,0.504574,0.735643,0.669423,0.630184,0.584111,0.719827,0.765317,0.854819,0.790115,0.729163,0.67258,0.505423,0.44129,0.694536,0.761647,0.750758,0.598122,0.72775,0.78873,0.712352,0.786131,0.75144,0.566493,0.337702,0.767842,0.596548,0.793429,0.821815,0.448717,0.679012,0.775869,0.412498,0.670435,0.719165,0.60933,0.260262,0.467721,0.570311,0.770101,0.802739,0.701041,0.334089,0.360621,0.439589,0.782479,0.696623,0.435107,0.513688
0.551983,0.569464,0.623421,0.45327,0.422501,0.573339,0.451317,0.447824,0.435304,0.372563,0.556138,0.346519,0.409918,0.557882,0.177498,0.451069,0.535163,0.44257,0.536382,0.468409,0.510454,0.507097,0.325807,0.527783,0.380553,0.611744,0.390692,0.48309,0.317886,0.47003,0.200057,0.497329,0.465163,0.552953,0.47695,1,0.204792,0.342015,0.434857,0.481327,0.27912,0.400693,0.465914,0.461961,0.539117,0.623346,0.621273,0.508627,0.263916,0.277338,0.532912,0.476182,0.473929,0.361634,0.481699,0.538719,0.405505,0.616432,0.533999,0.416655,0.0227334,0.56654,0.506913,0.537914,0.437668,0.365111,0.53502,0.577527,0.414108,0.424647,0.523216,0.466397,0.358906,0.28353,0.240418,0.549768,0.552121,0.379262,0.268878,0.162516,0.438087,0.441779,0.431552,0.344736,0.471577
0.39811,0.371127,0.463231,0.310134,0.603606,0.448009,0.118015,0.232589,0.255182,0.210743,0.227885,0.162508,0.249099,0.389386,0.42826,0.331499,0.327434,0.205005,0.142835,0.261954,0.322178,0.354692,0.470509,0.39251,0.0102903,0.185773,0.252818,0.335558,0.405147,0.460161,0.338282,0.0420656,0.367983,0.297867,0.225454,0.204792,1,0.277176,0.340839,0.157595,0.195873,0.207296,0.492475,0.28061,0.413856,0.296429,0.397182,0.284954,0.289824,0.1325,0.36753,0.330721,0.3435,0.220705,0.328888,0.327354,0.404065,0.371874,0.394322,0.174714,0.140068,0.233458,0.0573812,0.325693,0.272964,0.130469,0.313903,0.455128,0.378746,0.529653,0.392352,0.355712,0.206777,0.14655,0.341855,0.396945,0.26395,0.281385,0.190319,0.304329,0.491683,0.291165,0.303303,0.360864,0.430364
0.643673,0.71275,0.641079,0.590038,0.613838,0.608176,0.437748,0.55973,0.60054,0.420818,0.669734,0.463129,0.468189,0.584667,0.484596,0.502785,0.541246,0.612536,0.580403,0.547102,0.603441,0.346115,0.72569,0.722518,0.188037,0.570084,0.718598,0.542148,0.370698,0.460986,0.404686,0.274511,0.485367,0.601104,0.504574,0.342015,0.277176,1,0.526932,0.45409,0.534095,0.515954,0.723357,0.664804,0.639459,0.585369,0.671764,0.692466,0.507605,0.297678,0.588575,0.586843,0.659158,0.295292,0.612651,0.6592,0.651241,0.680108,0.67279,0.321716,0.179302,0.554192,0.482972,0.633774,0.600512,0.558737,0.55743,0.663755,0.373632,0.541167,0.797987,0.566281,0.302477,0.469873,0.765779,0.700458,0.574541,0.635403,0.430205,0.380043,0.659396,0.486396,0.569916,0.146552,0.636547
0.75111,0.636375,0.703171,0.563144,0.470168,0.625955,0.507834,0.478984,0.522118,0.347748,0.522808,0.725276,0.827776,0.706576,0.51294,0.874474,0.725644,0.549858,0.643374,0.92591,0.925974,0.463817,0.7159,0.604845,0.25076,0.477319,0.792838,0.704122,0.221247,0.51743,0.163011,0.379721,0.735855,0.811671,0.735643,0.434857,0.340839,0.526932,1,0.827301,0.684905,0.717078,0.737731,0.772728,0.736168,0.760242,0.72053,0.5505,0.46299,0.285654,0.598469,0.629025,0.617584,0.654952,0.802965,0.68521,0.521017,0.839234,0.712597,0.537568,0.245255,0.660316,0.720901,0.913008,0.939946,0.579103,0.700313,0.647534,0.466416,0.664758,0.677698,0.684553,0.306002,0.583238,0.64233,0.618732,0.881655,0.538325,0.328925,0.0900449,0.554224,0.904842,0.823129,0.459203,0.648639
0.73639,0.596875,0.691399,0.646386,0.491106,0.568049,0.474491,0.515449,0.56098,0.453243,0.521346,0.70576,0.796202,0.631295,0.441982,0.790365,0.707385,0.663652,0.635367,0.860329,0.852272,0.383327,0.619841,0.652969,0.417961,0.488968,0.675786,0.669525,0.259507,0.449053,0.23281,0.374848,0.768212,0.71809,0.669423,0.481327,0.157595,0.45409,0.827301,1,0.637489,0.683857,0.732053,0.676581,0.718816,0.678152,0.669717,0.551954,0.29655,0.244227,0.421631,0.693995,0.658987,0.624988,0.703691,0.676446,0.502265,0.782697,0.633707,0.584,0.263808,0.71544,0.783218,0.814363,0.8292,0.492255,0.626005,0.611062,0.382608,0.619101,0.66311,0.634394,0.405036,0.345944,0.606311,0.63859,0.829982,0.498641,0.338102,0.124253,0.406248,0.830551,0.835633,0.426272,0.55224
0.677011,0.54761,0.624058,0.707508,0.500656,0.5806,0.497735,0.540599,0.45665,0.392513,0.552725,0.658528,0.683764,0.627652,0.512354,0.650811,0.615464,0.524588,0.629063,0.675535,0.685153,0.277513,0.671721,0.613968,0.15662,0.486547,0.670848,0.682493,0.362491,0.295451,0.224183,0.252688,0.537948,0.64501,0.630184,0.27912,0.195873,0.534095,0.684905,0.637489,1,0.588611,0.698299,0.634856,0.693753,0.653622,0.631071,0.552608,0.441725,0.363454,0.481122,0.658299,0.625427,0.581433,0.638086,0.652891,0.526339,0.609007,0.591691,0.501621,0.356859,0.651224,0.618559,0.709551,0.678861,0.400568,0.485523,0.649155,0.370462,0.523836,0.608554,0.600667,0.320578,0.429664,0.522742,0.516544,0.699929,0.510527,0.249337,0.0860116,0.575326,0.597981,0.585939,0.411892,0.545435
0.738389,0.708064,0.657282,0.564817,0.553417,0.651629,0.411808,0.2615,0.43346,0.428327,0.559049,0.681844,0.781945,0.662797,0.4418,0.767315,0.765993,0.486731,0.569607,0.685306,0.720035,0.415363,0.676731,0.587053,0.325349,0.446061,0.532321,0.400604,0.106737,0.373428,0.184145,0.174105,0.542968,0.597499,0.584111,0.400693,0.207296,0.515954,0.717078,0.683857,0.588611,1,0.611135,0.620335,0.624593,0.633709,0.698193,0.580391,0.467643,0.148455,0.358723,0.611571,0.672057,0.687075,0.798677,0.661785,0.475055,0.771928,0.76535,0.658549,0.229275,0.56134,0.612211,0.734012,0.735699,0.412218,0.548767,0.63918,0.572434,0.576499,0.637184,0.627351,0.322892,0.238336,0.674218,0.636094,0.72904,0.378092,0.0690692,0.240134,0.461496,0.636498,0.629725,0.371232,0.578885
0.895135,0.817291,0.891134,0.829133,0.793915,0.789844,0.610486,0.639236,0.781166,0.636419,0.742567,0.574217,0.709968,0.828042,0.672686,0.74897,0.766869,0.775164,0.743093,0.774708,0.824087,0.508756,0.837257,0.9142,0.356101,0.658746,0.802392,0.807799,0.50499,0.574551,0.380741,0.481076,0.795492,0.830751,0.719827,0.465914,0.492475,0.723357,0.737731,0.732053,0.698299,0.611135,1,0.793598,0.900599,0.767394,0.83065,0.835854,0.594046,0.495698,0.693621,0.83251,0.824218,0.566811,0.779064,0.879207,0.838831,0.823201,0.819709,0.51144,0.406342,0.790556,0.611536,0.827406,0.800631,0.583359,0.717281,0.897252,0.522617,0.798229,0.883522,0.765127,0.463846,0.452558,0.707867,0.840103,0.785224,0.726976,0.406748,0.347574,0.694854,0.781982,0.822575,0.488685,0.685878
0.818099,0.784945,0.79453,0.716225,0.624096,0.711196,0.508115,0.476317,0.636023,0.645266,0.731257,0.629132,0.785172,0.787864,0.562709,0.781356,0.790137,0.603372,0.585799,0.767972,0.832166,0.530674,0.678629,0.815273,0.321512,0.684229,0.832327,0.787966,0.324557,0.656276,0.218971,0.456225,0.738294,0.835453,0.765317,0.461961,0.28061,0.664804,0.772728,0.676581,0.634856,0.620335,0.793598,1,0.81322,0.819452,0.805684,0.698177,0.622338,0.363648,0.736125,0.729288,0.775981,0.601687,0.828476,0.842192,0.708608,0.855231,0.823417,0.637011,0.383302,0.75259,0.592356,0.830402,0.831884,0.551681,0.715837,0.802679,0.389456,0.641271,0.811817,0.61681,0.440347,0.613997,0.728082,0.825983,0.766078,0.674123,0.564875,0.371894,0.573659,0.736349,0.755019,0.409316,0.739671
0.921944,0.793214,0.96227,0.868185,0.70509,0.773515,0.570933,0.639732,0.714812,0.673055,0.798782,0.596902,0.727654,0.884407,0.636076,0.757072,0.804266,0.754073,0.711378,0.751179,0.82369,0.594791,0.777563,0.89839,0.348529,0.708501,0.770002,0.805496,0.473842,0.57149,0.499432,0.466794,0.76615,0.830467,0.854819,0.539117,0.413856,0.639459,0.736168,0.718816,0.693753,0.624593,0.900599,0.81322,1,0.902763,0.835579,0.791152,0.535567,0.453697,0.704138,0.878617,0.883602,0.569397,0.781953,0.894575,0.799215,0.824669,0.849564,0.595334,0.457128,0.811648,0.634028,0.838471,0.804586,0.550319,0.720747,0.916334,0.542984,0.799379,0.853103,0.693408,0.444201,0.538867,0.63874,0.854567,0.803249,0.717784,0.398521,0.412163,0.626956,0.778413,0.746549,0.463442,0.680902
0.858647,0.692357,0.882946,0.731561,0.589867,0.71104,0.52321,0.555545,0.60663,0.57833,0.795555,0.612548,0.746162,0.81928,0.489126,0.750563,0.80301,0.554617,0.630975,0.734782,0.815133,0.517697,0.722205,0.763676,0.221002,0.668055,0.748296,0.68829,0.332851,0.610984,0.444316,0.435753,0.697488,0.824046,0.790115,0.623346,0.296429,0.585369,0.760242,0.678152,0.653622,0.633709,0.767394,0.819452,0.902763,1,0.84738,0.747489,0.515838,0.331772,0.730784,0.803952,0.807129,0.503533,0.766419,0.835601,0.640747,0.797529,0.793308,0.618646,0.292079,0.796319,0.69813,0.839733,0.776125,0.583556,0.636511,0.836697,0.558623,0.733715,0.78888,0.613422,0.43555,0.628019,0.592318,0.781809,0.755957,0.611008,0.317153,0.346642,0.606327,0.723647,0.679609,0.465354,0.687136
0.875945,0.849346,0.880464,0.740242,0.711408,0.751782,0.479208,0.568848,0.684589,0.554832,0.718907,0.586776,0.753016,0.874481,0.481375,0.816546,0.823837,0.649363,0.624537,0.701685,0.749615,0.512245,0.745651,0.821401,0.236939,0.624486,0.739388,0.70263,0.346775,0.675908,0.416495,0.396087,0.687113,0.757268,0.729163,0.621273,0.397182,0.671764,0.72053,0.669717,0.631071,0.698193,0.83065,0.805684,0.835579,0.84738,1,0.892697,0.630959,0.275638,0.670678,0.787039,0.785225,0.498667,0.78115,0.864216,0.72835,0.838679,0.816367,0.662513,0.293754,0.813148,0.580846,0.805245,0.743135,0.445165,0.61789,0.84062,0.52824,0.769921,0.822187,0.693984,0.536249,0.409215,0.718856,0.842557,0.746929,0.649972,0.39744,0.502536,0.645698,0.701012,0.793222,0.466858,0.706966
0.842707,0.835048,0.834175,0.737821,0.701682,0.703817,0.496366,0.576871,0.714719,0.573739,0.768988,0.432652,0.605417,0.797679,0.434779,0.69432,0.753551,0.667665,0.696295,0.591783,0.643933,0.514647,0.705851,0.855362,0.167673,0.675453,0.691078,0.6077,0.384975,0.53667,0.405423,0.522502,0.62188,0.700949,0.67258,0.508627,0.284954,0.692466,0.5505,0.551954,0.552608,0.580391,0.835854,0.698177,0.791152,0.747489,0.892697,1,0.644253,0.415144,0.651596,0.760196,0.777256,0.401456,0.710569,0.845647,0.79969,0.754846,0.777593,0.491244,0.326624,0.821872,0.507866,0.667754,0.648812,0.531828,0.596721,0.847148,0.517895,0.723629,0.82008,0.643878,0.413092,0.319706,0.685326,0.853223,0.637203,0.683119,0.357968,0.479328,0.593042,0.594611,0.683121,0.374664,0.587566
0.656293,0.674079,0.566094,0.438751,0.538916,0.452221,0.580601,0.431305,0.540619,0.498327,0.515093,0.322662,0.536598,0.553046,0.193338,0.620043,0.559028,0.483453,0.410804,0.398777,0.428679,0.317177,0.519326,0.596028,0.0232758,0.345305,0.485761,0.471725,0.299989,0.394096,0.230939,0.150017,0.422519,0.470569,0.505423,0.263916,0.289824,0.507605,0.46299,0.29655,0.441725,0.467643,0.594046,0.622338,0.535567,0.515838,0.630959,0.644253,1,0.372352,0.505101,0.560697,0.548602,0.37689,0.639552,0.622116,0.587157,0.592299,0.664386,0.224231,0.123007,0.570643,0.269478,0.450131,0.487633,0.278324,0.432321,0.609423,0.295537,0.508533,0.624933,0.517096,0.312619,0.250402,0.455487,0.554553,0.415929,0.477996,0.195503,0.17217,0.47646,0.367961,0.436815,0.321417,0.367447
0.5041,0.451445,0.471488,0.534896,0.376678,0.491415,0.5702,0.549315,0.365021,0.394218,0.479416,0.346567,0.364516,0.372216,0.273222,0.359511,0.432421,0.398988,0.58437,0.403378,0.427019,0.340449,0.331601,0.494781,0.401233,0.429388,0.533705,0.529523,0.461789,0.0885777,0.0866615,0.542854,0.433071,0.588529,0.44129,0.277338,0.1325,0.297678,0.285654,0.244227,0.363454,0.148455,0.495698,0.363648,0.453697,0.331772,0.275638,0.415144,0.372352,1,0.494162,0.394885,0.392144,0.31665,0.3926,0.541068,0.534058,0.428049,0.36227,0.19206,0.330539,0.557031,0.250558,0.418206,0.398388,0.452648,0.432495,0.5245,0.181657,0.291641,0.415934,0.395353,0.201638,0.175379,0.176091,0.451389,0.384365,0.560826,0.325954,0.0799207,0.43516,0.360434,0.267898,0.229227,0.303339
0.681018,0.633163,0.690482,0.535044,0.470697,0.568634,0.351216,0.475052,0.639613,0.542919,0.706181,0.430214,0.521023,0.623554,0.427085,0.519936,0.573698,0.523846,0.645566,0.561559,0.66505,0.419116,0.613496,0.725442,0.135589,0.673576,0.750364,0.616424,0.279117,0.531252,0.259352,0.604564,0.58046,0.779547,0.694536,0.532912,0.36753,0.588575,0.598469,0.421631,0.481122,0.358723,0.693621,0.736125,0.704138,0.730784,0.670678,0.651596,0.505101,0.494162,1,0.635383,0.663468,0.381014,0.590197,0.719959,0.77297,0.645517,0.655353,0.298413,0.0484825,0.635554,0.453565,0.636328,0.613071,0.580015,0.71764,0.756775,0.514222,0.55284,0.741261,0.493714,0.395999,0.604404,0.505595,0.726458,0.632162,0.586725,0.343315,0.319091,0.562664,0.592056,0.575707,0.36155,0.663287
0.877255,0.753229,0.878512,0.811161,0.695602,0.653977,0.590032,0.598934,0.704074,0.774654,0.7819,0.591091,0.739777,0.713487,0.560837,0.710353,0.818419,0.749011,0.66503,0.691085,0.760587,0.405462,0.743238,0.804289,0.37588,0.657375,0.673201,0.651688,0.364226,0.46305,0.411761,0.364653,0.749581,0.72319,0.761647,0.476182,0.330721,0.586843,0.629025,0.693995,0.658299,0.611571,0.83251,0.729288,0.878617,0.803952,0.787039,0.760196,0.560697,0.394885,0.635383,1,0.917635,0.602702,0.773248,0.90413,0.744978,0.752089,0.822025,0.590105,0.361185,0.842418,0.532666,0.740936,0.70325,0.516051,0.620756,0.820919,0.393225,0.673205,0.822128,0.568942,0.431473,0.423777,0.658341,0.778942,0.691505,0.718208,0.283547,0.371474,0.493232,0.648735,0.689141,0.470442,0.555336
0.898203,0.81691,0.907491,0.791016,0.695717,0.715709,0.512571,0.609049,0.61807,0.777517,0.857198,0.575028,0.738632,0.74295,0.605207,0.703386,0.860161,0.683352,0.657062,0.676144,0.756329,0.459087,0.760555,0.84956,0.343049,0.685572,0.695392,0.654694,0.302817,0.46016,0.467116,0.426215,0.694191,0.737776,0.750758,0.473929,0.3435,0.659158,0.617584,0.658987,0.625427,0.672057,0.824218,0.775981,0.883602,0.807129,0.785225,0.777256,0.548602,0.392144,0.663468,0.917635,1,0.592901,0.811457,0.899589,0.776067,0.798795,0.891529,0.596288,0.412383,0.789902,0.55571,0.725577,0.698172,0.552039,0.671583,0.869329,0.502659,0.691297,0.855822,0.587315,0.37324,0.421103,0.689625,0.855178,0.716476,0.690597,0.348516,0.436407,0.557394,0.614585,0.638454,0.362852,0.654036
