1,0.87524,0.894262,0.857036,0.852853,0.76836,0.687524,0.721283,0.746448,0.716046,0.792848,0.79067,0.799934,0.83374,0.74717,0.829098,0.796041,0.749606,0.538065,0.848579,0.796613,0.447109,0.645666,0.915848,0.534142,0.753061,0.865319,0.741154,0.117459,0.297048,0.283858,0.378549,0.757184,0.855589,0.727554,0.511496,0.431495,0.627188,0.815551,0.790257,0.443572,0.606832,0.93896,0.862329,0.92774,0.819854,0.865145,0.707083,0.714809,0.586038,0.559843,0.707585,0.766801,0.699128,0.815712,0.900432,0.737523,0.784939,0.852605,0.581019,0.362546,0.609435,0.69449,0.850856,0.897876,0.540375,0.770815,0.90201,0.569806,0.769902,0.894864,0.709045,0.571369,0.368015,0.340465,0.890869,0.819275,0.59467,0.391529,0.301544,0.415718,0.882811,0.778945,0.391213,0.743313
0.87524,1,0.730314,0.788555,0.850783,0.750425,0.60132,0.640774,0.680483,0.718059,0.762589,0.710461,0.784726,0.92013,0.725688,0.715261,0.724007,0.712195,0.463261,0.728741,0.7089,0.32568,0.550505,0.832503,0.556794,0.717344,0.68796,0.690944,0.13262,0.243385,0.138338,0.214638,0.638623,0.803199,0.553402,0.588715,0.445777,0.396264,0.658267,0.645554,0.39918,0.445586,0.840967,0.967363,0.775208,0.706947,0.754194,0.696906,0.692957,0.551916,0.47342,0.716276,0.639503,0.670891,0.737954,0.90632,0.751181,0.652737,0.703605,0.415873,0.313535,0.468091,0.547671,0.642292,0.751803,0.445387,0.654027,0.86204,0.432577,0.818588,0.803344,0.667925,0.362059,0.38933,0.222602,0.714979,0.734405,0.435944,0.309748,0.276215,0.423961,0.714621,0.625075,0.318517,0.528372
0.894262,0.730314,1,0.861582,0.815735,0.691164,0.703459,0.780555,0.750472,0.729762,0.779523,0.786173,0.857239,0.777103,0.67491,0.90356,0.870391,0.697268,0.519247,0.864728,0.768419,0.455446,0.532717,0.783406,0.517475,0.642904,0.841486,0.600102,0.169193,0.283871,0.273973,0.36703,0.818024,0.855512,0.763859,0.346635,0.310305,0.623918,0.788308,0.753735,0.512259,0.610006,0.8721,0.716197,0.916348,0.765802,0.767185,0.674404,0.706661,0.623209,0.551643,0.672526,0.743483,0.701783,0.836579,0.844554,0.659943,0.898155,0.877348,0.559626,0.344977,0.545475,0.769338,0.909341,0.907501,0.60099,0.67501,0.77811,0.581026,0.580635,0.824554,0.651576,0.588969,0.40427,0.378106,0.932711,0.841633,0.689759,0.391954,0.311688,0.356323,0.85517,0.741485,0.387586,0.715013
0.857036,0.788555,0.861582,1,0.845309,0.77498,0.598956,0.629835,0.73804,0.66715,0.75578,0.70069,0.798356,0.800374,0.74533,0.865018,0.754606,0.686758,0.575906,0.801601,0.726682,0.429009,0.488962,0.764427,0.577488,0.62309,0.754573,0.625627,0.208468,0.174907,0.220993,0.336042,0.69036,0.793442,0.681564,0.402307,0.341078,0.583642,0.716203,0.676128,0.456492,0.576993,0.808984,0.782141,0.846984,0.773658,0.776522,0.66215,0.650994,0.585778,0.602672,0.642553,0.688769,0.676764,0.800022,0.838533,0.754723,0.786648,0.78842,0.483819,0.475413,0.565826,0.67951,0.782721,0.834643,0.419715,0.640808,0.756637,0.53522,0.644697,0.760547,0.604756,0.486648,0.303153,0.23487,0.810319,0.795895,0.597946,0.388556,0.340441,0.441966,0.763955,0.68336,0.441041,0.576245
0.852853,0.850783,0.815735,0.845309,1,0.791836,0.671452,0.624003,0.721316,0.721702,0.787421,0.764338,0.871275,0.877881,0.702828,0.794871,0.772666,0.715284,0.497712,0.793576,0.742934,0.419017,0.480176,0.764334,0.460066,0.625968,0.737865,0.64384,0.263826,0.189309,0.201672,0.262622,0.716004,0.831416,0.689586,0.416829,0.305918,0.549007,0.744579,0.731396,0.495463,0.517168,0.817359,0.840677,0.861945,0.821283,0.717577,0.677662,0.636798,0.560236,0.475658,0.706381,0.772292,0.677202,0.849334,0.897952,0.712843,0.751905,0.819099,0.623813,0.499843,0.491176,0.692512,0.776336,0.80531,0.553322,0.639939,0.757546,0.445267,0.679009,0.765871,0.631885,0.427854,0.386226,0.306789,0.806283,0.782747,0.629003,0.453568,0.257229,0.437712,0.773866,0.681463,0.376633,0.597367
0.76836,0.750425,0.691164,0.77498,0.791836,1,0.634032,0.53813,0.732326,0.72167,0.583637,0.770251,0.707374,0.691626,0.759851,0.637996,0.673317,0.73631,0.648869,0.706974,0.765273,0.335148,0.570173,0.83127,0.572216,0.669258,0.670645,0.59885,0.294987,0.14643,0.108242,0.322907,0.695562,0.749251,0.659165,0.371092,0.239208,0.495839,0.784345,0.656407,0.430744,0.457395,0.759744,0.729521,0.760736,0.734454,0.729363,0.761231,0.620447,0.639966,0.583124,0.707712,0.657966,0.696461,0.741106,0.710528,0.743724,0.609966,0.746095,0.572753,0.408758,0.564342,0.591641,0.630445,0.718326,0.410904,0.606675,0.802357,0.523449,0.648673,0.754052,0.600625,0.417086,0.327459,0.248185,0.741722,0.667588,0.584099,0.27461,0.209716,0.430938,0.707052,0.671663,0.316179,0.566925
0.687524,0.60132,0.703459,0.598956,0.671452,0.634032,1,0.702107,0.581847,0.50864,0.595779,0.670537,0.658442,0.667776,0.670021,0.634885,0.680228,0.46295,0.367487,0.734246,0.643479,0.338548,0.451747,0.658577,0.419984,0.484331,0.657339,0.498524,0.024278,0.178635,0.0907803,0.147457,0.652061,0.69671,0.700415,0.317746,0.155659,0.431917,0.571265,0.590008,0.516307,0.341438,0.671458,0.605855,0.670026,0.622994,0.528276,0.587237,0.722009,0.666491,0.481641,0.627956,0.455147,0.477281,0.637554,0.653597,0.640591,0.706539,0.75456,0.475528,0.189816,0.462016,0.50928,0.717611,0.697487,0.41907,0.520803,0.630275,0.524919,0.612911,0.619767,0.471069,0.530847,0.216452,0.058768,0.707701,0.639483,0.482204,0.256957,0.176996,0.0392024,0.737499,0.673269,0.386345,0.506924
0.721283,0.640774,0.780555,0.629835,0.624003,0.53813,0.702107,1,0.584802,0.598535,0.669018,0.686474,0.697207,0.712912,0.593329,0.683007,0.6699,0.524739,0.501078,0.671949,0.652249,0.377796,0.519884,0.684201,0.515275,0.510835,0.688354,0.518251,0.177919,0.142509,0.0332036,0.355553,0.734885,0.725202,0.596807,0.353913,0.24677,0.417998,0.614138,0.59899,0.498062,0.516819,0.73,0.6489,0.722406,0.564155,0.614272,0.611459,0.617701,0.579584,0.461263,0.644297,0.506311,0.521334,0.656259,0.705654,0.603987,0.719447,0.709809,0.431872,0.31624,0.405447,0.607843,0.73606,0.717409,0.447336,0.607481,0.689973,0.590355,0.473232,0.712422,0.518851,0.445461,0.443062,0.265378,0.767763,0.673827,0.580301,0.174184,0.108497,0.254096,0.72427,0.646681,0.304637,0.600858
0.746448,0.680483,0.750472,0.73804,0.721316,0.732326,0.581847,0.584802,1,0.749776,0.616334,0.638221,0.63824,0.581914,0.694557,0.658798,0.663489,0.744759,0.526518,0.72091,0.716126,0.452542,0.656137,0.772133,0.516619,0.593828,0.747448,0.647839,0.275362,-0.00713594,0.166563,0.468719,0.660234,0.764421,0.637487,0.171977,0.182153,0.552998,0.701472,0.708095,0.562938,0.53788,0.7267,0.636549,0.726054,0.740342,0.720463,0.574832,0.649924,0.542928,0.597909,0.660201,0.591404,0.683917,0.616086,0.717372,0.635154,0.618051,0.750454,0.544679,0.276879,0.474083,0.682522,0.70477,0.802215,0.517068,0.738206,0.744387,0.506899,0.524483,0.751658,0.626049,0.461253,0.219439,0.291283,0.738138,0.670284,0.412381,0.226738,0.215696,0.381057,0.714504,0.593353,0.313493,0.661861
0.716046,0.718059,0.729762,0.66715,0.721702,0.72167,0.50864,0.598535,0.749776,1,0.713027,0.744859,0.7688,0.681467,0.650019,0.693725,0.744736,0.768987,0.548716,0.715629,0.677607,0.42077,0.520662,0.772126,0.509475,0.729099,0.630281,0.561218,0.424191,0.16588,-0.0721315,0.448723,0.750904,0.724092,0.571976,0.274904,0.286002,0.536409,0.710954,0.766936,0.616503,0.503023,0.742402,0.678436,0.747838,0.717856,0.636973,0.577909,0.603567,0.537206,0.444773,0.766276,0.691235,0.744369,0.741629,0.763406,0.661166,0.646994,0.743189,0.531025,0.334352,0.398788,0.628972,0.691846,0.773358,0.57986,0.61071,0.769054,0.477586,0.554378,0.707987,0.684974,0.344488,0.492282,0.291802,0.74558,0.630569,0.612051,0.373221,0.177742,0.437921,0.708117,0.623823,0.319987,0.599941
0.792848,0.762589,0.779523,0.75578,0.787421,0.583637,0.595779,0.669018,0.616334,0.713027,1,0.701997,0.844683,0.791625,0.564705,0.843359,0.692364,0.593647,0.453662,0.728488,0.69372,0.468168,0.480433,0.681108,0.385202,0.626493,0.743456,0.630998,0.28275,0.203374,0.12231,0.362246,0.744658,0.789833,0.721721,0.475481,0.380195,0.5918,0.688346,0.769488,0.629897,0.628461,0.802186,0.782852,0.823082,0.738852,0.67038,0.529646,0.591072,0.614338,0.325738,0.73927,0.754156,0.644063,0.79797,0.845685,0.53936,0.752,0.78246,0.497573,0.423496,0.331478,0.63776,0.751612,0.791165,0.524248,0.591545,0.680292,0.322767,0.617857,0.704966,0.624846,0.475172,0.446836,0.196382,0.739582,0.657438,0.581895,0.442162,0.301878,0.470599,0.746339,0.656988,0.42443,0.623288
0.79067,0.710461,0.786173,0.70069,0.764338,0.770251,0.670537,0.686474,0.638221,0.744859,0.701997,1,0.821837,0.712412,0.68654,0.698262,0.768925,0.710656,0.665918,0.762129,0.808045,0.428769,0.536494,0.81946,0.657483,0.706464,0.723783,0.671539,0.286604,0.307907,0.143278,0.464222,0.817644,0.79955,0.687975,0.352962,0.279126,0.4411,0.839445,0.787697,0.461326,0.524502,0.803055,0.729042,0.831379,0.664867,0.715511,0.704271,0.567144,0.545501,0.564838,0.702916,0.727919,0.805058,0.822434,0.722655,0.627492,0.708955,0.827381,0.707947,0.33673,0.565379,0.674655,0.802989,0.817477,0.587832,0.583088,0.795971,0.675359,0.600448,0.754701,0.788952,0.490527,0.43692,0.37587,0.814484,0.695144,0.669688,0.317618,0.142352,0.452612,0.811917,0.816944,0.305023,0.687909
0.799934,0.784726,0.857239,0.798356,0.871275,0.707374,0.658442,0.697207,0.63824,0.7688,0.844683,0.821837,1,0.852807,0.63495,0.87602,0.844354,0.645445,0.553655,0.77137,0.736051,0.507866,0.424057,0.691651,0.468887,0.64097,0.711159,0.553125,0.25187,0.207565,0.136595,0.233987,0.830193,0.825683,0.72111,0.372699,0.309461,0.538256,0.79171,0.737812,0.55503,0.523027,0.803091,0.78732,0.873315,0.713908,0.644531,0.622422,0.603417,0.569002,0.404078,0.724986,0.733761,0.691878,0.879282,0.85607,0.584162,0.849635,0.845824,0.57505,0.46178,0.368829,0.707568,0.765795,0.824871,0.593832,0.509778,0.722445,0.463661,0.577491,0.758859,0.675492,0.481254,0.355903,0.32014,0.8282,0.72777,0.690779,0.350562,0.243613,0.437613,0.722415,0.725381,0.338065,0.596787
0.83374,0.92013,0.777103,0.800374,0.877881,0.691626,0.667776,0.712912,0.581914,0.681467,0.791625,0.712412,0.852807,1,0.702485,0.780945,0.79781,0.643482,0.450776,0.772876,0.650221,0.353569,0.43339,0.725893,0.48081,0.626258,0.673733,0.56554,0.092782,0.202399,0.110536,0.135195,0.654014,0.78562,0.615389,0.517855,0.43004,0.393486,0.600129,0.613318,0.422962,0.382847,0.793858,0.921863,0.777997,0.706534,0.676562,0.656784,0.697103,0.510178,0.415956,0.678753,0.584698,0.59454,0.77546,0.921794,0.697996,0.761409,0.726074,0.404605,0.388309,0.44051,0.537658,0.708804,0.719531,0.400995,0.57039,0.759036,0.441963,0.752085,0.743011,0.582239,0.317998,0.401236,0.166808,0.725986,0.754438,0.542258,0.3223,0.219461,0.380542,0.692539,0.649287,0.383967,0.437102
0.74717,0.725688,0.67491,0.74533,0.702828,0.759851,0.670021,0.593329,0.694557,0.650019,0.564705,0.68654,0.63495,0.702485,1,0.583722,0.657196,0.612042,0.513428,0.70149,0.704601,0.413899,0.508582,0.784778,0.502383,0.632624,0.636362,0.571994,0.156059,0.123513,0.10417,0.202535,0.583633,0.695782,0.556119,0.452639,0.218926,0.461897,0.627103,0.609367,0.380018,0.343732,0.699384,0.691318,0.683111,0.662017,0.654751,0.570364,0.648563,0.562986,0.599946,0.580367,0.504849,0.606247,0.61395,0.709773,0.733921,0.526334,0.686298,0.367747,0.311351,0.532488,0.379607,0.625099,0.703015,0.254513,0.580449,0.760294,0.554019,0.706787,0.687442,0.515598,0.455516,0.319773,0.177989,0.67374,0.617272,0.396954,0.265979,0.279331,0.151927,0.734923,0.638208,0.160528,0.535772
0.829098,0.715261,0.90356,0.865018,0.794871,0.637996,0.634885,0.683007,0.658798,0.693725,0.843359,0.698262,0.87602,0.780945,0.583722,1,0.802217,0.621535,0.464432,0.775178,0.678336,0.443569,0.463662,0.691652,0.442451,0.66488,0.832301,0.602097,0.199902,0.268499,0.161487,0.288854,0.753765,0.804395,0.773654,0.343956,0.467357,0.650555,0.748682,0.742112,0.583725,0.658252,0.818218,0.71704,0.870551,0.746717,0.704623,0.56334,0.617354,0.64067,0.452123,0.679635,0.712285,0.603347,0.804365,0.82419,0.635796,0.928239,0.793192,0.512131,0.392818,0.49984,0.705938,0.809094,0.838407,0.496287,0.619958,0.713446,0.448444,0.577581,0.785538,0.584613,0.513659,0.315747,0.167257,0.812384,0.763252,0.670699,0.39698,0.309139,0.440747,0.750813,0.718971,0.553672,0.647839
0.796041,0.724007,0.870391,0.754606,0.772666,0.673317,0.680228,0.6699,0.663489,0.744736,0.692364,0.768925,0.844354,0.79781,0.657196,0.802217,1,0.716906,0.530401,0.860284,0.599387,0.35202,0.320576,0.680797,0.479095,0.585149,0.662194,0.392857,0.117114,0.270296,0.161037,0.240983,0.74706,0.777651,0.643875,0.34117,0.310468,0.404145,0.666505,0.660833,0.425277,0.384247,0.739126,0.707358,0.796591,0.66414,0.673699,0.615915,0.697584,0.503759,0.470224,0.569368,0.607164,0.654833,0.764951,0.80532,0.616849,0.870767,0.782429,0.514406,0.256346,0.385276,0.663633,0.79389,0.755459,0.546764,0.483618,0.686893,0.532307,0.563267,0.715058,0.650108,0.426525,0.363946,0.282394,0.813898,0.811027,0.6736,0.287784,0.193042,0.404235,0.727676,0.642582,0.325462,0.475205
0.749606,0.712195,0.697268,0.686758,0.715284,0.73631,0.46295,0.524739,0.744759,0.768987,0.593647,0.710656,0.645445,0.643482,0.612042,0.621535,0.716906,1,0.574763,0.75254,0.685637,0.310637,0.588703,0.750926,0.540397,0.559917,0.653203,0.573826,0.157678,0.172476,0.116118,0.474336,0.557724,0.659475,0.498464,0.320998,0.339396,0.473925,0.68775,0.671143,0.443369,0.421967,0.69265,0.706499,0.73274,0.724895,0.715819,0.632187,0.574887,0.46335,0.597208,0.55246,0.654729,0.64046,0.678982,0.685429,0.661742,0.552536,0.714756,0.647363,0.332446,0.522031,0.599399,0.626588,0.691231,0.457435,0.693122,0.727262,0.453537,0.520784,0.709818,0.69625,0.350447,0.23363,0.286171,0.723113,0.686233,0.52588,0.295508,0.252485,0.537151,0.612914,0.50935,0.383612,0.557164
0.538065,0.463261,0.519247,0.575906,0.497712,0.648869,0.367487,0.501078,0.526518,0.548716,0.453662,0.665918,0.553655,0.450776,0.513428,0.464432,0.530401,0.574763,1,0.493451,0.620802,0.25549,0.391914,0.548012,0.457358,0.404003,0.462928,0.359447,0.300294,-0.100766,0.0186032,0.432378,0.64829,0.51381,0.514473,0.104783,0.135735,0.243415,0.643372,0.500943,0.344365,0.477815,0.53773,0.4812,0.620224,0.398087,0.631865,0.516974,0.367797,0.35835,0.37012,0.495332,0.459748,0.539704,0.612597,0.520603,0.409869,0.490863,0.59567,0.546259,0.455469,0.340351,0.632677,0.537447,0.570173,0.466088,0.416651,0.53901,0.513871,0.389607,0.536101,0.540402,0.266668,0.315969,0.338431,0.595776,0.4352,0.528303,-0.0197213,-0.0729,0.487589,0.529212,0.508531,0.170879,0.468671
0.848579,0.728741,0.864728,0.801601,0.793576,0.706974,0.734246,0.671949,0.72091,0.715629,0.728488,0.762129,0.77137,0.772876,0.70149,0.775178,0.860284,0.75254,0.493451,1,0.708242,0.435543,0.465243,0.767059,0.467472,0.600397,0.743021,0.510704,0.113657,0.235728,0.205737,0.347152,0.738644,0.80735,0.669398,0.328971,0.344089,0.580452,0.662727,0.710195,0.488118,0.429721,0.793545,0.753848,0.825305,0.72762,0.752349,0.650154,0.814844,0.565507,0.637303,0.614952,0.671409,0.651954,0.752102,0.784704,0.690864,0.773819,0.84835,0.606571,0.33945,0.53463,0.656563,0.878395,0.8084,0.492958,0.61038,0.742991,0.574995,0.651055,0.747316,0.693179,0.50806,0.29322,0.321636,0.829904,0.813379,0.664761,0.442811,0.315803,0.350806,0.817626,0.708319,0.423365,0.536957
0.796613,0.7089,0.768419,0.726682,0.742934,0.765273,0.643479,0.652249,0.716126,0.677607,0.69372,0.808045,0.736051,0.650221,0.704601,0.678336,0.599387,0.685637,0.620802,0.708242,1,0.481862,0.673586,0.83214,0.547442,0.620925,0.753511,0.749316,0.30086,0.0998641,0.264993,0.410477,0.722261,0.795269,0.745305,0.352588,0.236278,0.566418,0.869992,0.754727,0.484664,0.619515,0.862655,0.718976,0.851074,0.778795,0.728892,0.711863,0.539876,0.685766,0.626545,0.753866,0.694572,0.762087,0.813814,0.722065,0.572805,0.597554,0.856427,0.649843,0.329831,0.643364,0.701659,0.759542,0.832626,0.585699,0.710805,0.813059,0.593368,0.609472,0.772354,0.729511,0.586275,0.343954,0.474282,0.83974,0.592731,0.53175,0.321989,0.289911,0.332275,0.834068,0.729177,0.274521,0.761586
0.447109,0.32568,0.455446,0.429009,0.419017,0.335148,0.338548,0.377796,0.452542,0.42077,0.468168,0.428769,0.507866,0.353569,0.413899,0.443569,0.35202,0.310637,0.25549,0.435543,0.481862,1,0.455917,0.474809,0.253444,0.463476,0.495013,0.470471,0.194113,-0.0579014,0.131522,0.317627,0.599137,0.464263,0.370953,0.229617,0.197141,0.582436,0.491568,0.607946,0.455417,0.462389,0.528241,0.340129,0.545364,0.537372,0.372451,0.338746,0.352628,0.290484,0.421048,0.542525,0.470238,0.445245,0.514327,0.34393,0.228628,0.391773,0.611771,0.481403,0.188278,0.40574,0.450166,0.508238,0.565731,0.490432,0.473917,0.488133,0.454758,0.187712,0.550322,0.440389,0.355225,0.00779786,0.120327,0.469335,0.294881,0.230216,0.374627,0.39563,0.180005,0.488234,0.542107,0.265101,0.436356
0.645666,0.550505,0.532717,0.488962,0.480176,0.570173,0.451747,0.519884,0.656137,0.520662,0.480433,0.536494,0.424057,0.43339,0.508582,0.463662,0.320576,0.588703,0.391914,0.465243,0.673586,0.455917,1,0.766949,0.572916,0.50941,0.765147,0.732554,0.0509517,0.181982,0.235482,0.399532,0.499894,0.571491,0.496731,0.19819,0.269729,0.48693,0.638153,0.567494,0.402971,0.438959,0.664187,0.525743,0.584171,0.551875,0.655562,0.598443,0.50626,0.427855,0.489044,0.589582,0.473327,0.453118,0.458828,0.528872,0.463723,0.358734,0.561924,0.540566,0.162432,0.625865,0.428494,0.49535,0.618181,0.360119,0.915329,0.711331,0.426894,0.474501,0.768944,0.4619,0.31312,0.102325,0.13726,0.590362,0.396018,0.26342,0.200781,0.265005,0.33141,0.571203,0.546282,0.354325,0.710878
0.915848,0.832503,0.783406,0.764427,0.764334,0.83127,0.658577,0.684201,0.772133,0.772126,0.681108,0.81946,0.691651,0.725893,0.784778,0.691652,0.680797,0.750926,0.548012,0.767059,0.83214,0.474809,0.766949,1,0.652349,0.831445,0.838794,0.809558,0.226766,0.306562,0.197036,0.471174,0.742597,0.81851,0.662009,0.480992,0.381553,0.619389,0.823602,0.812101,0.472081,0.598942,0.914081,0.813173,0.848808,0.797055,0.844677,0.7517,0.696985,0.613352,0.653623,0.80301,0.725816,0.743131,0.752916,0.798516,0.762961,0.637261,0.800285,0.59517,0.250951,0.700426,0.627788,0.78413,0.868381,0.530594,0.828338,0.97003,0.644148,0.756717,0.903044,0.716496,0.524432,0.401708,0.324665,0.821574,0.723827,0.503507,0.360613,0.281965,0.406606,0.879941,0.787844,0.328919,0.764489
0.534142,0.556794,0.517475,0.577488,0.460066,0.572216,0.419984,0.515275,0.516619,0.509475,0.385202,0.657483,0.468887,0.48081,0.502383,0.442451,0.479095,0.540397,0.457358,0.467472,0.547442,0.253444,0.572916,0.652349,1,0.458345,0.483566,0.585317,0.198074,0.248077,0.0287053,0.547193,0.461585,0.584593,0.415529,0.272699,0.178303,0.155472,0.535164,0.434807,0.204907,0.308163,0.555629,0.543533,0.489641,0.395696,0.54565,0.534185,0.39421,0.311716,0.538668,0.504622,0.431478,0.559135,0.480173,0.470229,0.530425,0.420352,0.474694,0.405576,0.100078,0.495873,0.41291,0.472027,0.515313,0.256822,0.577212,0.651388,0.724811,0.381551,0.542024,0.555751,0.134029,0.183355,0.112287,0.530532,0.523335,0.391935,0.180654,0.234109,0.288723,0.515664,0.466127,0.321946,0.41695
0.753061,0.717344,0.642904,0.62309,0.625968,0.669258,0.484331,0.510835,0.593828,0.729099,0.626493,0.706464,0.64097,0.626258,0.632624,0.66488,0.585149,0.559917,0.404003,0.600397,0.620925,0.463476,0.50941,0.831445,0.458345,1,0.703323,0.71523,0.305612,0.402036,-0.0147916,0.392761,0.654617,0.683003,0.535146,0.469305,0.517305,0.61459,0.723633,0.788877,0.451377,0.61642,0.772678,0.685342,0.738282,0.675378,0.625747,0.527335,0.524543,0.512684,0.50303,0.72009,0.682708,0.649449,0.646628,0.692653,0.606104,0.602954,0.669116,0.448046,0.162942,0.497219,0.444307,0.653154,0.751276,0.493889,0.574049,0.86082,0.502127,0.621052,0.794571,0.681666,0.478764,0.39545,0.172158,0.61141,0.575282,0.436083,0.290619,0.184562,0.420775,0.747285,0.779922,0.300878,0.618397
0.865319,0.68796,0.841486,0.754573,0.737865,0.670645,0.657339,0.688354,0.747448,0.630281,0.743456,0.723783,0.711159,0.673733,0.636362,0.832301,0.662194,0.653203,0.462928,0.743021,0.753511,0.495013,0.765147,0.838794,0.483566,0.703323,1,0.751634,0.121284,0.309972,0.34293,0.389333,0.707759,0.777667,0.780092,0.348275,0.377338,0.699366,0.80889,0.800422,0.513625,0.655848,0.845866,0.681186,0.850966,0.767719,0.802541,0.626398,0.65128,0.588376,0.527683,0.70945,0.664451,0.539147,0.672884,0.763557,0.606286,0.775989,0.790844,0.602198,0.287693,0.645466,0.643062,0.819763,0.866278,0.473288,0.847202,0.810673,0.492675,0.628988,0.896245,0.556016,0.5611,0.254077,0.217726,0.787795,0.690139,0.526856,0.282664,0.187529,0.431099,0.817401,0.778436,0.46165,0.803422
0.741154,0.690944,0.600102,0.625627,0.64384,0.59885,0.498524,0.518251,0.647839,0.561218,0.630998,0.671539,0.553125,0.56554,0.571994,0.602097,0.392857,0.573826,0.359447,0.510704,0.749316,0.470471,0.732554,0.809558,0.585317,0.71523,0.751634,1,0.235813,0.223061,0.241378,0.488191,0.583756,0.724746,0.588701,0.496279,0.410163,0.514167,0.722329,0.687959,0.451636,0.635346,0.758204,0.683685,0.696378,0.667892,0.687297,0.561627,0.434198,0.505191,0.515265,0.696627,0.662406,0.64823,0.613744,0.652191,0.597042,0.493096,0.670347,0.552545,0.259841,0.638654,0.565021,0.60503,0.733933,0.422359,0.800332,0.791527,0.494134,0.623445,0.777028,0.626116,0.427037,0.227518,0.174214,0.613584,0.543353,0.270224,0.323608,0.337887,0.328133,0.706922,0.669313,0.415868,0.784749
0.117459,0.13262,0.169193,0.208468,0.263826,0.294987,0.024278,0.177919,0.275362,0.424191,0.28275,0.286604,0.25187,0.092782,0.156059,0.199902,0.117114,0.157678,0.300294,0.113657,0.30086,0.194113,0.0509517,0.226766,0.198074,0.305612,0.121284,0.235813,1,0.0209625,-0.0629987,0.493353,0.379926,0.295566,0.158723,0.144068,0.0872527,0.217758,0.362596,0.441456,0.248246,0.471322,0.278624,0.0949515,0.264058,0.270817,0.175833,0.214878,-0.0317336,0.179146,0.0950284,0.39181,0.407554,0.370254,0.34866,0.202121,0.19067,0.137242,0.254305,0.223791,0.0872922,0.0208252,0.388003,0.210152,0.275302,0.379204,0.0992301,0.225538,0.165032,0.0449663,0.15449,0.247997,0.264592,0.56922,0.292084,0.276263,0.165689,0.396052,0.167985,-0.0713012,0.267407,0.336129,0.279403,-0.107386,0.2839
0.297048,0.243385,0.283871,0.174907,0.189309,0.14643,0.178635,0.142509,-0.00713594,0.16588,0.203374,0.307907,0.207565,0.202399,0.123513,0.268499,0.270296,0.172476,-0.100766,0.235728,0.0998641,-0.0579014,0.181982,0.306562,0.248077,0.402036,0.309972,0.223061,0.0209625,1,0.315964,0.0467162,0.143472,0.290802,0.0570187,0.364845,0.335634,0.0987438,0.280343,0.212947,-0.187346,0.159667,0.260792,0.199077,0.220164,0.110324,0.237848,0.312479,0.233697,0.174347,0.192923,0.0248274,0.302705,0.197692,0.187372,0.230584,0.282648,0.242587,0.158313,0.163054,-0.197408,0.183398,0.0189595,0.215479,0.198462,0.0846524,0.170943,0.296615,0.0824318,0.15649,0.338489,0.161756,0.342293,0.337926,0.091616,0.259538,0.391515,0.384849,0.199942,0.13284,0.224985,0.307786,0.36576,0.0335371,0.298628
0.283858,0.138338,0.273973,0.220993,0.201672,0.108242,0.0907803,0.0332036,0.166563,-0.0721315,0.12231,0.143278,0.136595,0.110536,0.10417,0.161487,0.161037,0.116118,0.0186032,0.205737,0.264993,0.131522,0.235482,0.197036,0.0287053,-0.0147916,0.34293,0.241378,-0.0629987,0.315964,1,0.00189496,0.108928,0.305474,0.233646,0.300901,-0.103013,0.143348,0.284157,0.11947,-0.287426,0.058773,0.256971,0.129975,0.215837,0.16967,0.33396,0.32161,0.163986,-0.0142048,0.126448,-0.0235427,0.150362,0.16003,0.129672,0.148811,0.050664,0.140681,0.241482,0.120461,-0.0970177,0.296886,0.310372,0.214816,0.264507,0.0746386,0.28006,0.134839,-0.0218155,0.110283,0.268489,-0.00225891,0.410098,0.0172937,0.442707,0.289469,0.345473,0.156162,0.0184151,0.163124,0.0912086,0.226809,0.280455,-0.135464,0.348277
0.378549,0.214638,0.36703,0.336042,0.262622,0.322907,0.147457,0.355553,0.468719,0.448723,0.362246,0.464222,0.233987,0.135195,0.202535,0.288854,0.240983,0.474336,0.432378,0.347152,0.410477,0.317627,0.399532,0.471174,0.547193,0.392761,0.389333,0.488191,0.493353,0.0467162,0.00189496,1,0.41983,0.396552,0.364005,0.181271,0.157401,0.376447,0.426494,0.52144,0.372155,0.573951,0.4519,0.267509,0.413939,0.420056,0.428339,0.273542,0.225541,0.165551,0.399051,0.424325,0.499752,0.43953,0.377165,0.262876,0.256729,0.232808,0.415488,0.441512,0.0381641,0.362196,0.450972,0.482726,0.47058,0.42158,0.462788,0.460958,0.579548,0.0615518,0.351486,0.434852,0.180548,0.331679,0.206882,0.404495,0.371501,0.393292,0.257205,0.093302,0.388489,0.47002,0.399626,0.270704,0.480484
0.757184,0.638623,0.818024,0.69036,0.716004,0.695562,0.652061,0.734885,0.660234,0.750904,0.744658,0.817644,0.830193,0.654014,0.583633,0.753765,0.74706,0.557724,0.64829,0.738644,0.722261,0.599137,0.499894,0.742597,0.461585,0.654617,0.707759,0.583756,0.379926,0.143472,0.108928,0.41983,1,0.813063,0.681624,0.298314,0.268009,0.580687,0.761662,0.761965,0.649917,0.645897,0.803393,0.636771,0.824802,0.609518,0.695152,0.704094,0.651949,0.60415,0.432865,0.799298,0.737747,0.749156,0.828904,0.711264,0.57717,0.782456,0.831579,0.62511,0.366113,0.466392,0.816705,0.801663,0.834264,0.716921,0.564871,0.72595,0.563567,0.54166,0.787094,0.659775,0.504453,0.483516,0.378721,0.827385,0.696329,0.650445,0.389343,0.249595,0.422058,0.786525,0.749995,0.297563,0.698746
0.855589,0.803199,0.855512,0.793442,0.831416,0.749251,0.69671,0.725202,0.764421,0.724092,0.789833,0.79955,0.825683,0.78562,0.695782,0.804395,0.777651,0.659475,0.51381,0.80735,0.795269,0.464263,0.571491,0.81851,0.584593,0.683003,0.777667,0.724746,0.295566,0.290802,0.305474,0.396552,0.813063,1,0.779624,0.504561,0.335292,0.53625,0.765808,0.723679,0.445664,0.601117,0.874132,0.801055,0.851846,0.707204,0.749528,0.721887,0.692149,0.617865,0.585711,0.741839,0.755115,0.773196,0.812952,0.81582,0.698943,0.753575,0.856091,0.606149,0.292936,0.559168,0.748318,0.786209,0.818549,0.55865,0.683269,0.810925,0.575824,0.655226,0.8391,0.700664,0.527633,0.443428,0.34184,0.83069,0.826645,0.652864,0.406722,0.404549,0.40371,0.83683,0.742903,0.367234,0.682406
0.727554,0.553402,0.763859,0.681564,0.689586,0.659165,0.700415,0.596807,0.637487,0.571976,0.721721,0.687975,0.72111,0.615389,0.556119,0.773654,0.643875,0.498464,0.514473,0.669398,0.745305,0.370953,0.496731,0.662009,0.415529,0.535146,0.780092,0.588701,0.158723,0.0570187,0.233646,0.364005,0.681624,0.779624,1,0.265322,0.188811,0.604327,0.720156,0.657311,0.497708,0.614702,0.768469,0.598701,0.77487,0.704833,0.639994,0.535063,0.549089,0.651263,0.432837,0.696299,0.573676,0.506532,0.681189,0.672622,0.488366,0.751421,0.763189,0.529517,0.262387,0.566489,0.665934,0.76004,0.763654,0.468795,0.604672,0.654492,0.548856,0.569731,0.65776,0.532188,0.4846,0.244744,0.217235,0.72805,0.631288,0.595095,0.327457,0.205074,0.25162,0.734597,0.655245,0.473455,0.633669
0.511496,0.588715,0.346635,0.402307,0.416829,0.371092,0.317746,0.353913,0.171977,0.274904,0.475481,0.352962,0.372699,0.517855,0.452639,0.343956,0.34117,0.320998,0.104783,0.328971,0.352588,0.229617,0.19819,0.480992,0.272699,0.469305,0.348275,0.496279,0.144068,0.364845,0.300901,0.181271,0.298314,0.504561,0.265322,1,0.302647,0.24619,0.348839,0.366574,0.00801941,0.301267,0.5095,0.590262,0.427563,0.427885,0.431304,0.3786,0.325784,0.28782,0.168173,0.380663,0.393675,0.331004,0.393969,0.442016,0.446968,0.277636,0.380131,0.0623396,0.0525437,0.23418,0.183105,0.27128,0.405452,0.105413,0.288976,0.526668,0.186277,0.512898,0.425541,0.241037,0.303954,0.375424,0.0856274,0.345047,0.466679,0.195438,0.223944,0.339521,0.199941,0.453178,0.364643,0.0656003,0.332283
0.431495,0.445777,0.310305,0.341078,0.305918,0.239208,0.155659,0.24677,0.182153,0.286002,0.380195,0.279126,0.309461,0.43004,0.218926,0.467357,0.310468,0.339396,0.135735,0.344089,0.236278,0.197141,0.269729,0.381553,0.178303,0.517305,0.377338,0.410163,0.0872527,0.335634,-0.103013,0.157401,0.268009,0.335292,0.188811,0.302647,1,0.219914,0.291875,0.319573,0.154123,0.460316,0.447344,0.449382,0.367417,0.283546,0.494094,0.324498,0.369818,0.348982,0.331618,0.26954,0.346596,0.226589,0.335243,0.385319,0.451266,0.357833,0.219524,0.259474,0.0170849,0.369985,0.198969,0.290879,0.276887,0.165747,0.354129,0.453036,0.181358,0.40276,0.518539,0.362168,0.149581,0.230066,-0.145511,0.269378,0.356267,0.245779,0.205421,0.339236,0.372585,0.326773,0.31519,0.537162,0.253566
0.627188,0.396264,0.623918,0.583642,0.549007,0.495839,0.431917,0.417998,0.552998,0.536409,0.5918,0.4411,0.538256,0.393486,0.461897,0.650555,0.404145,0.473925,0.243415,0.580452,0.566418,0.582436,0.48693,0.619389,0.155472,0.61459,0.699366,0.514167,0.217758,0.0987438,0.143348,0.376447,0.580687,0.53625,0.604327,0.24619,0.219914,1,0.610185,0.737169,0.633087,0.598011,0.628303,0.439931,0.680971,0.736514,0.483846,0.363788,0.459021,0.462273,0.37781,0.65344,0.632524,0.405597,0.564829,0.493756,0.398539,0.528883,0.652857,0.433307,0.299738,0.498871,0.497802,0.647656,0.717265,0.387586,0.55797,0.593134,0.328733,0.409155,0.61403,0.388923,0.559152,0.155925,0.246888,0.587368,0.506591,0.371592,0.498815,0.370245,0.311703,0.618648,0.576967,0.284542,0.60285
0.815551,0.658267,0.788308,0.716203,0.744579,0.784345,0.571265,0.614138,0.701472,0.710954,0.688346,0.839445,0.79171,0.600129,0.627103,0.748682,0.666505,0.68775,0.643372,0.662727,0.869992,0.491568,0.638153,0.823602,0.535164,0.723633,0.80889,0.722329,0.362596,0.280343,0.284157,0.426494,0.761662,0.765808,0.720156,0.348839,0.291875,0.610185,1,0.834397,0.424362,0.676508,0.837538,0.634744,0.896401,0.7689,0.760327,0.628601,0.441954,0.5785,0.486935,0.700107,0.778193,0.724983,0.811854,0.713239,0.546904,0.699799,0.845522,0.687734,0.410405,0.507173,0.736181,0.75224,0.85013,0.58249,0.669994,0.809812,0.527831,0.533517,0.825339,0.712564,0.64784,0.311899,0.474634,0.862988,0.616992,0.645237,0.232978,0.162399,0.464433,0.815003,0.798354,0.269719,0.836686
0.790257,0.645554,0.753735,0.676128,0.731396,0.656407,0.590008,0.59899,0.708095,0.766936,0.769488,0.787697,0.737812,0.613318,0.609367,0.742112,0.660833,0.671143,0.500943,0.710195,0.754727,0.607946,0.567494,0.812101,0.434807,0.788877,0.800422,0.687959,0.441456,0.212947,0.11947,0.52144,0.761965,0.723679,0.657311,0.366574,0.319573,0.737169,0.834397,1,0.615442,0.680504,0.819393,0.64653,0.874644,0.841952,0.666216,0.49855,0.467054,0.496462,0.46392,0.802628,0.807046,0.708811,0.795871,0.723541,0.54257,0.686628,0.839641,0.654414,0.306106,0.48014,0.696981,0.820401,0.879666,0.654735,0.65056,0.790639,0.50414,0.570318,0.746814,0.708562,0.614351,0.392761,0.320724,0.767848,0.590397,0.542754,0.355657,0.179499,0.421813,0.84449,0.796297,0.302719,0.725526
0.443572,0.39918,0.512259,0.456492,0.495463,0.430744,0.516307,0.498062,0.562938,0.616503,0.629897,0.461326,0.55503,0.422962,0.380018,0.583725,0.425277,0.443369,0.344365,0.488118,0.484664,0.455417,0.402971,0.472081,0.204907,0.451377,0.513625,0.451636,0.248246,-0.187346,-0.287426,0.372155,0.649917,0.445664,0.497708,0.00801941,0.154123,0.633087,0.424362,0.615442,1,0.49015,0.479473,0.447203,0.528198,0.571999,0.323481,0.306663,0.465971,0.54013,0.270253,0.718524,0.491988,0.434224,0.533764,0.51117,0.349153,0.545742,0.553489,0.432398,0.324074,0.306213,0.493292,0.555877,0.595914,0.492094,0.469787,0.463595,0.302938,0.346498,0.469775,0.412404,0.232397,0.193242,-0.0246361,0.452532,0.335021,0.249891,0.368941,0.176311,0.283574,0.464131,0.419335,0.379857,0.435319
0.606832,0.445586,0.610006,0.576993,0.517168,0.457395,0.341438,0.516819,0.53788,0.503023,0.628461,0.524502,0.523027,0.382847,0.343732,0.658252,0.384247,0.421967,0.477815,0.429721,0.619515,0.462389,0.438959,0.598942,0.308163,0.61642,0.655848,0.635346,0.471322,0.159667,0.058773,0.573951,0.645897,0.601117,0.614702,0.301267,0.460316,0.598011,0.676508,0.680504,0.49015,1,0.732847,0.457645,0.709912,0.618057,0.639749,0.469161,0.38302,0.614764,0.444554,0.656426,0.630863,0.494478,0.638269,0.525858,0.458805,0.568071,0.59844,0.486921,0.180916,0.485743,0.681544,0.638923,0.69351,0.644222,0.544858,0.629536,0.475794,0.385796,0.651196,0.530664,0.5449,0.46221,0.255689,0.618785,0.499201,0.473603,0.375637,0.190255,0.458917,0.710193,0.549228,0.401446,0.708836
0.93896,0.840967,0.8721,0.808984,0.817359,0.759744,0.671458,0.73,0.7267,0.742402,0.802186,0.803055,0.803091,0.793858,0.699384,0.818218,0.739126,0.69265,0.53773,0.793545,0.862655,0.528241,0.664187,0.914081,0.555629,0.772678,0.845866,0.758204,0.278624,0.260792,0.256971,0.4519,0.803393,0.874132,0.768469,0.5095,0.447344,0.628303,0.837538,0.819393,0.479473,0.732847,1,0.833578,0.926572,0.823792,0.846402,0.761704,0.705701,0.688792,0.596871,0.807252,0.760109,0.741013,0.850882,0.84766,0.706923,0.748887,0.855839,0.576086,0.238816,0.673015,0.74376,0.844009,0.909252,0.655224,0.773642,0.920896,0.628768,0.727674,0.8865,0.735559,0.592865,0.472718,0.369309,0.89541,0.763865,0.631279,0.454977,0.336938,0.402017,0.910484,0.80712,0.420303,0.762972
0.862329,0.967363,0.716197,0.782141,0.840677,0.729521,0.605855,0.6489,0.636549,0.678436,0.782852,0.729042,0.78732,0.921863,0.691318,0.71704,0.707358,0.706499,0.4812,0.753848,0.718976,0.340129,0.525743,0.813173,0.543533,0.685342,0.681186,0.683685,0.0949515,0.199077,0.129975,0.267509,0.636771,0.801055,0.598701,0.590262,0.449382,0.439931,0.634744,0.64653,0.447203,0.457645,0.833578,1,0.77916,0.72637,0.737675,0.677454,0.696127,0.537543,0.509303,0.731603,0.624738,0.650753,0.749411,0.884894,0.709343,0.654723,0.715869,0.451754,0.33493,0.512195,0.543092,0.678912,0.747992,0.42439,0.62793,0.849354,0.489929,0.801836,0.776032,0.660442,0.331601,0.349764,0.206053,0.683253,0.738109,0.43652,0.342293,0.307389,0.448996,0.708992,0.633056,0.367961,0.495277
0.92774,0.775208,0.916348,0.846984,0.861945,0.760736,0.670026,0.722406,0.726054,0.747838,0.823082,0.831379,0.873315,0.777997,0.683111,0.870551,0.796591,0.73274,0.620224,0.825305,0.851074,0.545364,0.584171,0.848808,0.489641,0.738282,0.850966,0.696378,0.264058,0.220164,0.215837,0.413939,0.824802,0.851846,0.77487,0.427563,0.367417,0.680971,0.896401,0.874644,0.528198,0.709912,0.926572,0.77916,1,0.856911,0.79499,0.641923,0.596933,0.607966,0.555127,0.764794,0.850284,0.728628,0.916899,0.863375,0.643894,0.827768,0.930841,0.698309,0.467265,0.54593,0.787118,0.897452,0.92376,0.673593,0.702577,0.846749,0.572858,0.65078,0.858509,0.751265,0.612874,0.373651,0.388569,0.914693,0.735244,0.674658,0.376628,0.270225,0.448228,0.900542,0.796402,0.397957,0.752468
0.819854,0.706947,0.765802,0.773658,0.821283,0.734454,0.622994,0.564155,0.740342,0.717856,0.738852,0.664867,0.713908,0.706534,0.662017,0.746717,0.66414,0.724895,0.398087,0.72762,0.778795,0.537372,0.551875,0.797055,0.395696,0.675378,0.767719,0.667892,0.270817,0.110324,0.16967,0.420056,0.609518,0.707204,0.704833,0.427885,0.283546,0.736514,0.7689,0.841952,0.571999,0.618057,0.823792,0.72637,0.856911,1,0.672639,0.55074,0.543896,0.575603,0.52305,0.74878,0.708057,0.643052,0.796838,0.779176,0.617446,0.681163,0.830276,0.563517,0.358856,0.552209,0.616513,0.801367,0.841154,0.535576,0.688783,0.786625,0.489617,0.581286,0.719815,0.580868,0.511901,0.296527,0.273208,0.78087,0.65963,0.497929,0.429561,0.258564,0.391307,0.813763,0.68189,0.406648,0.657729
0.865145,0.754194,0.767185,0.776522,0.717577,0.729363,0.528276,0.614272,0.720463,0.636973,0.67038,0.715511,0.644531,0.676562,0.654751,0.704623,0.673699,0.715819,0.631865,0.752349,0.728892,0.372451,0.655562,0.844677,0.54565,0.625747,0.802541,0.687297,0.175833,0.237848,0.33396,0.428339,0.695152,0.749528,0.639994,0.431304,0.494094,0.483846,0.760327,0.666216,0.323481,0.639749,0.846402,0.737675,0.79499,0.672639,1,0.718321,0.714671,0.56606,0.543422,0.640976,0.641742,0.637186,0.692509,0.73616,0.750455,0.649845,0.693369,0.516127,0.322594,0.629651,0.699931,0.742837,0.803705,0.45851,0.765848,0.83123,0.509793,0.700578,0.840852,0.595762,0.452797,0.383416,0.372277,0.795356,0.741031,0.544288,0.275444,0.265654,0.510676,0.79239,0.645115,0.437442,0.730266
0.707083,0.696906,0.674404,0.66215,0.677662,0.761231,0.587237,0.611459,0.574832,0.577909,0.529646,0.704271,0.622422,0.656784,0.570364,0.56334,0.615915,0.632187,0.516974,0.650154,0.711863,0.338746,0.598443,0.7517,0.534185,0.527335,0.626398,0.561627,0.214878,0.312479,0.32161,0.273542,0.704094,0.721887,0.535063,0.3786,0.324498,0.363788,0.628601,0.49855,0.306663,0.469161,0.761704,0.677454,0.641923,0.55074,0.718321,1,0.733419,0.663451,0.612343,0.614059,0.511875,0.651144,0.677422,0.630796,0.682222,0.548742,0.633875,0.539555,0.0838921,0.693889,0.627584,0.588051,0.652668,0.523168,0.637484,0.710155,0.512289,0.550107,0.769933,0.545384,0.425313,0.483306,0.318889,0.737908,0.739113,0.56263,0.344018,0.299487,0.464463,0.662358,0.632242,0.302917,0.564746
0.714809,0.692957,0.706661,0.650994,0.636798,0.620447,0.722009,0.617701,0.649924,0.603567,0.591072,0.567144,0.603417,0.697103,0.648563,0.617354,0.697584,0.574887,0.367797,0.814844,0.539876,0.352628,0.50626,0.696985,0.39421,0.524543,0.65128,0.434198,-0.0317336,0.233697,0.163986,0.225541,0.651949,0.692149,0.549089,0.325784,0.369818,0.459021,0.441954,0.467054,0.465971,0.38302,0.705701,0.696127,0.596933,0.543896,0.714671,0.733419,1,0.643841,0.582612,0.590416,0.40444,0.481034,0.544331,0.669153,0.715115,0.623162,0.618473,0.354678,0.0614092,0.563157,0.481446,0.676794,0.674914,0.401324,0.590606,0.695579,0.491463,0.642065,0.727205,0.444403,0.378296,0.342027,0.109397,0.65609,0.757421,0.452037,0.386273,0.32437,0.293158,0.673688,0.557087,0.420874,0.445567
0.586038,0.551916,0.623209,0.585778,0.560236,0.639966,0.666491,0.579584,0.542928,0.537206,0.614338,0.545501,0.569002,0.510178,0.562986,0.64067,0.503759,0.46335,0.35835,0.565507,0.685766,0.290484,0.427855,0.613352,0.311716,0.512684,0.588376,0.505191,0.179146,0.174347,-0.0142048,0.165551,0.60415,0.617865,0.651263,0.28782,0.348982,0.462273,0.5785,0.496462,0.54013,0.614764,0.688792,0.537543,0.607966,0.575603,0.56606,0.663451,0.643841,1,0.566484,0.624731,0.474242,0.49654,0.574778,0.542006,0.641781,0.575218,0.58826,0.413146,0.107881,0.533126,0.512698,0.550824,0.619215,0.448018,0.512082,0.620906,0.409047,0.530029,0.614246,0.502361,0.540054,0.368001,0.0619295,0.632331,0.539611,0.456398,0.408187,0.354891,0.178368,0.644689,0.489779,0.451755,0.540064
0.559843,0.47342,0.551643,0.602672,0.475658,0.583124,0.481641,0.461263,0.597909,0.444773,0.325738,0.564838,0.404078,0.415956,0.599946,0.452123,0.470224,0.597208,0.37012,0.637303,0.626545,0.421048,0.489044,0.653623,0.538668,0.50303,0.527683,0.515265,0.0950284,0.192923,0.126448,0.399051,0.432865,0.585711,0.432837,0.168173,0.331618,0.37781,0.486935,0.46392,0.270253,0.444554,0.596871,0.509303,0.555127,0.52305,0.543422,0.612343,0.582612,0.566484,1,0.426415,0.439059,0.513726,0.486602,0.42611,0.611454,0.383464,0.5745,0.588775,0.0237438,0.725891,0.413943,0.572279,0.543566,0.377784,0.555452,0.643272,0.69782,0.348849,0.623529,0.617902,0.439679,0.0947828,0.0919966,0.524854,0.53664,0.359477,0.275772,0.381382,0.21628,0.605384,0.52594,0.389976,0.381139
0.707585,0.716276,0.672526,0.642553,0.706381,0.707712,0.627956,0.644297,0.660201,0.766276,0.73927,0.702916,0.724986,0.678753,0.580367,0.679635,0.569368,0.55246,0.495332,0.614952,0.753866,0.542525,0.589582,0.80301,0.504622,0.72009,0.70945,0.696627,0.39181,0.0248274,-0.0235427,0.424325,0.799298,0.741839,0.696299,0.380663,0.26954,0.65344,0.700107,0.802628,0.718524,0.656426,0.807252,0.731603,0.764794,0.74878,0.640976,0.614059,0.590416,0.624731,0.426415,1,0.671189,0.661361,0.772803,0.717776,0.6018,0.639823,0.740381,0.503899,0.279679,0.528939,0.68233,0.71131,0.791193,0.616471,0.644962,0.804362,0.509715,0.663523,0.740998,0.592244,0.394345,0.43404,0.238899,0.674992,0.559782,0.407631,0.363022,0.236436,0.387669,0.751458,0.64863,0.345425,0.618685
0.766801,0.639503,0.743483,0.688769,0.772292,0.657966,0.455147,0.506311,0.591404,0.691235,0.754156,0.727919,0.733761,0.584698,0.504849,0.712285,0.607164,0.654729,0.459748,0.671409,0.694572,0.470238,0.473327,0.725816,0.431478,0.682708,0.664451,0.662406,0.407554,0.302705,0.150362,0.499752,0.737747,0.755115,0.573676,0.393675,0.346596,0.632524,0.778193,0.807046,0.491988,0.630863,0.760109,0.624738,0.850284,0.708057,0.641742,0.511875,0.40444,0.474242,0.439059,0.671189,1,0.737465,0.846827,0.699486,0.553663,0.612328,0.781212,0.716412,0.490696,0.408901,0.699391,0.725228,0.745002,0.641038,0.58172,0.68825,0.361917,0.471965,0.707514,0.695016,0.498052,0.424455,0.377041,0.755531,0.617578,0.627387,0.485394,0.386556,0.46827,0.750502,0.64946,0.320379,0.681834
