1,0.813931,0.857049,0.783875,0.793989,0.773479,0.601051,0.59143,0.505833,0.574576,0.749316,0.671468,0.731306,0.760605,0.686454,0.691595,0.779612,0.568343,0.659886,0.791689,0.83779,0.611686,0.819714,0.815248,0.505719,0.745721,0.794475,0.652608,0.454648,0.530423,0.536577,0.580155,0.67766,0.702614,0.543826,0.52643,0.53454,0.704518,0.748381,0.757647,0.354128,0.73291,0.882738,0.635525,0.834893,0.789642,0.817716,0.761868,0.637405,0.636992,0.577804,0.681943,0.749948,0.486216,0.742739,0.727384,0.748024,0.422621,0.728023,0.600521,0.487534,0.568159,0.51746,0.743641,0.797562,0.495481,0.706105,0.787123,0.339902,0.644978,0.806701,0.682852,0.445221,0.423286,0.670702,0.761238,0.710779,0.525831,0.446256,0.358223,0.654515,0.780797,0.788305,0.395063,0.63764
0.813931,1,0.595708,0.521349,0.658847,0.797256,0.539678,0.494884,0.388972,0.417165,0.66527,0.604605,0.762005,0.905296,0.495213,0.858246,0.758477,0.525586,0.547314,0.647,0.689184,0.482995,0.630389,0.646874,0.366793,0.469539,0.606131,0.421306,0.317246,0.64078,0.513418,0.473739,0.542278,0.509126,0.437559,0.446169,0.402814,0.574974,0.684401,0.717097,0.15239,0.633929,0.813029,0.900668,0.661782,0.617366,0.659782,0.68119,0.576364,0.608561,0.458297,0.57066,0.578066,0.320451,0.730509,0.878688,0.663774,0.717277,0.732658,0.581538,0.647535,0.5525,0.442605,0.57828,0.61694,0.468026,0.540044,0.585101,0.0960255,0.440628,0.603226,0.573289,0.460526,0.286138,0.551408,0.599745,0.584839,0.356458,0.43195,0.162523,0.51951,0.621347,0.693004,0.170194,0.596499
0.857049,0.595708,1,0.893562,0.847993,0.716532,0.627058,0.647581,0.570574,0.739033,0.769249,0.663792,0.729164,0.571707,0.815581,0.387523,0.744684,0.545748,0.646856,0.823289,0.875602,0.675108,0.85282,0.896052,0.565299,0.788865,0.878576,0.726296,0.462517,0.481132,0.426998,0.616725,0.643542,0.784023,0.483819,0.608648,0.660011,0.654637,0.749337,0.772172,0.433747,0.785272,0.869461,0.429684,0.929858,0.884778,0.821808,0.818137,0.632297,0.655432,0.576788,0.742446,0.836123,0.540212,0.714087,0.541594,0.734994,0.134515,0.694756,0.636546,0.405388,0.666218,0.655439,0.822807,0.892452,0.458511,0.843837,0.875705,0.562234,0.777065,0.807052,0.692783,0.428813,0.383528,0.652334,0.784209,0.74809,0.667897,0.474211,0.373112,0.756974,0.786904,0.771335,0.554431,0.750634
0.783875,0.521349,0.893562,1,0.753371,0.702861,0.592401,0.614668,0.533165,0.776752,0.718668,0.560866,0.624463,0.460777,0.673947,0.271962,0.602881,0.579737,0.580355,0.789578,0.789197,0.610916,0.831643,0.848625,0.598997,0.740127,0.825751,0.636985,0.347897,0.47194,0.321155,0.495282,0.613288,0.685398,0.407921,0.653957,0.508631,0.677105,0.683554,0.652662,0.587216,0.73717,0.80126,0.394221,0.844115,0.889338,0.775559,0.730353,0.499324,0.612702,0.382379,0.696048,0.836131,0.517768,0.622773,0.433688,0.611162,0.128897,0.671284,0.426028,0.320096,0.567473,0.486891,0.786219,0.845833,0.31372,0.759527,0.812695,0.432125,0.81753,0.760478,0.535975,0.286006,0.294216,0.591837,0.662086,0.656881,0.502865,0.512541,0.286028,0.625677,0.696182,0.722412,0.516157,0.659251
0.793989,0.658847,0.847993,0.753371,1,0.80047,0.606446,0.610159,0.59809,0.601241,0.801931,0.72242,0.748083,0.636531,0.690643,0.516481,0.753568,0.582323,0.592219,0.793009,0.809453,0.666283,0.804521,0.802348,0.721245,0.633128,0.747108,0.645103,0.3934,0.463617,0.405283,0.511342,0.597083,0.687616,0.374113,0.557153,0.528217,0.543356,0.766351,0.788553,0.308425,0.669439,0.835695,0.576789,0.844006,0.844295,0.791131,0.770762,0.498091,0.513774,0.491016,0.657733,0.774607,0.495938,0.709333,0.631257,0.651169,0.320906,0.70098,0.470894,0.45387,0.670801,0.5633,0.755554,0.837015,0.333658,0.696582,0.76012,0.41228,0.709749,0.771087,0.615384,0.485211,0.300723,0.629291,0.706058,0.585016,0.577392,0.390214,0.166209,0.730095,0.812055,0.686259,0.30831,0.639057
0.773479,0.797256,0.716532,0.702861,0.80047,1,0.678509,0.638489,0.660746,0.535397,0.666108,0.661006,0.7911,0.722246,0.668206,0.662128,0.773978,0.705917,0.532171,0.737846,0.76482,0.48201,0.801051,0.805956,0.5849,0.571639,0.69992,0.524429,0.272897,0.549983,0.29489,0.537924,0.548444,0.649752,0.474068,0.516119,0.371844,0.609708,0.697524,0.697948,0.379625,0.683987,0.850844,0.70157,0.770539,0.725841,0.724891,0.724444,0.533141,0.562649,0.475583,0.602166,0.724844,0.366123,0.684819,0.71842,0.740207,0.444753,0.758011,0.344961,0.500936,0.597898,0.458625,0.649367,0.790272,0.416329,0.67665,0.742604,0.257339,0.652922,0.70653,0.581675,0.469327,0.276619,0.651847,0.66083,0.648523,0.436849,0.361145,0.138617,0.629324,0.724752,0.653802,0.235092,0.606622
0.601051,0.539678,0.627058,0.592401,0.606446,0.678509,1,0.7003,0.53636,0.521094,0.529462,0.65736,0.684164,0.515155,0.664762,0.466452,0.654133,0.541596,0.53819,0.779716,0.755667,0.545251,0.718033,0.738942,0.451504,0.533071,0.621149,0.556712,0.252556,0.464864,0.262376,0.681771,0.489561,0.583418,0.427659,0.575971,0.377038,0.60622,0.654182,0.703667,0.410882,0.725414,0.722344,0.422462,0.743158,0.672987,0.649127,0.699737,0.437599,0.615429,0.613713,0.633725,0.708177,0.429795,0.630535,0.577195,0.742112,0.198719,0.668391,0.24488,0.289266,0.629051,0.636026,0.595198,0.704289,0.452007,0.723027,0.733169,0.441329,0.638238,0.639644,0.673509,0.496866,0.32179,0.468666,0.690071,0.732064,0.564229,0.408258,0.265446,0.533334,0.65328,0.609615,0.486477,0.707248
0.59143,0.494884,0.647581,0.614668,0.610159,0.638489,0.7003,1,0.481206,0.46479,0.553182,0.730386,0.655151,0.424983,0.605376,0.316265,0.676231,0.451666,0.382248,0.636783,0.628422,0.549298,0.653134,0.632964,0.238429,0.458023,0.587749,0.334331,0.319957,0.399055,0.241982,0.663027,0.419186,0.437866,0.305341,0.50941,0.332856,0.487601,0.619935,0.57813,0.33015,0.64329,0.717339,0.365057,0.636369,0.647396,0.475421,0.504686,0.387458,0.516335,0.422041,0.620484,0.744028,0.545066,0.634448,0.381675,0.490134,0.184439,0.606476,0.31943,0.240242,0.468139,0.547252,0.450949,0.656419,0.395814,0.674054,0.60591,0.339662,0.668993,0.530777,0.650358,0.492578,0.0695114,0.387944,0.595702,0.538172,0.558003,0.421216,0.48005,0.457244,0.547738,0.549169,0.2676,0.612547
0.505833,0.388972,0.570574,0.533165,0.59809,0.660746,0.53636,0.481206,1,0.215407,0.388216,0.509896,0.518253,0.424703,0.650579,0.385367,0.458739,0.747702,0.343901,0.546057,0.551307,0.353371,0.595287,0.653476,0.517646,0.431103,0.516485,0.612119,0.235005,0.259952,0.0661292,0.582539,0.51791,0.503453,0.318154,0.253922,0.335143,0.377819,0.498131,0.406571,0.368738,0.401074,0.595447,0.262715,0.614263,0.489107,0.550947,0.51415,0.397114,0.31767,0.363881,0.356006,0.519819,0.262985,0.479228,0.418496,0.57892,0.0780984,0.507551,0.0755041,0.160034,0.419304,0.34809,0.471849,0.536131,0.248587,0.459568,0.590179,0.329488,0.50257,0.491895,0.362494,0.431911,0.0622398,0.491024,0.491449,0.493223,0.360355,0.0998222,0.117177,0.569638,0.517399,0.566285,0.272764,0.352411
0.574576,0.417165,0.739033,0.776752,0.601241,0.535397,0.521094,0.46479,0.215407,1,0.771374,0.390533,0.581329,0.342446,0.558733,0.14859,0.533831,0.329757,0.518733,0.641336,0.677432,0.468374,0.723234,0.699265,0.507095,0.644243,0.730022,0.44115,0.202542,0.383103,0.209988,0.299917,0.438326,0.513724,0.318937,0.610447,0.447661,0.490356,0.534172,0.544842,0.527472,0.621313,0.622089,0.37071,0.732708,0.760135,0.56693,0.633876,0.456688,0.568891,0.38137,0.759372,0.755754,0.44925,0.542768,0.339274,0.483878,0.0920281,0.643788,0.466454,0.326401,0.625529,0.547301,0.739784,0.750114,0.41838,0.796371,0.737905,0.470964,0.598367,0.643277,0.551147,0.0464219,0.21711,0.422505,0.630029,0.542861,0.473948,0.543574,0.176092,0.40789,0.598496,0.51705,0.361058,0.616352
0.749316,0.66527,0.769249,0.718668,0.801931,0.666108,0.529462,0.553182,0.388216,0.771374,1,0.566376,0.670385,0.627166,0.597364,0.45461,0.638853,0.404441,0.592869,0.74444,0.797443,0.531121,0.755932,0.755794,0.610882,0.643587,0.73627,0.566419,0.331974,0.535522,0.470867,0.389327,0.612269,0.590732,0.356614,0.575165,0.595624,0.550893,0.752971,0.732333,0.386151,0.628887,0.814979,0.605053,0.821935,0.844607,0.723514,0.727128,0.570007,0.540677,0.408653,0.759551,0.810833,0.48069,0.723545,0.641065,0.555954,0.381352,0.760182,0.613575,0.531466,0.612921,0.635426,0.737555,0.805814,0.53552,0.707987,0.746041,0.366963,0.661434,0.777253,0.567868,0.3271,0.276989,0.646724,0.7422,0.616706,0.567394,0.484621,0.189771,0.588054,0.746182,0.689965,0.270135,0.689955
0.671468,0.604605,0.663792,0.560866,0.72242,0.661006,0.65736,0.730386,0.509896,0.390533,0.566376,1,0.845901,0.516229,0.630803,0.486295,0.782031,0.438461,0.528068,0.6409,0.657246,0.566566,0.639313,0.630368,0.420115,0.390081,0.549405,0.471701,0.304052,0.274113,0.291791,0.617863,0.550089,0.482765,0.26605,0.529714,0.472099,0.352004,0.685224,0.668279,0.240005,0.570919,0.701716,0.427567,0.635198,0.687225,0.555591,0.589576,0.277105,0.513592,0.603956,0.499393,0.691258,0.667211,0.747988,0.504586,0.627063,0.265238,0.652414,0.421238,0.377627,0.559487,0.4731,0.478116,0.626779,0.300594,0.581128,0.604921,0.404451,0.602377,0.51195,0.568731,0.519195,0.131179,0.443831,0.509682,0.528126,0.538464,0.467261,0.415864,0.583268,0.557271,0.586086,0.267585,0.533803
0.731306,0.762005,0.729164,0.624463,0.748083,0.7911,0.684164,0.655151,0.518253,0.581329,0.670385,0.845901,1,0.705647,0.65934,0.630774,0.874947,0.609711,0.657079,0.729,0.782687,0.554152,0.762259,0.757392,0.484688,0.517313,0.710397,0.488985,0.309958,0.442295,0.387095,0.63542,0.630958,0.52877,0.418464,0.635011,0.469138,0.467728,0.814117,0.763755,0.288424,0.675532,0.816191,0.660781,0.758241,0.741286,0.696393,0.754008,0.447956,0.615201,0.691846,0.619269,0.729171,0.686653,0.888303,0.706321,0.766681,0.425555,0.769313,0.503109,0.449683,0.776803,0.554285,0.703122,0.734612,0.451485,0.739238,0.758641,0.447777,0.58606,0.64545,0.705159,0.513991,0.237664,0.55226,0.624618,0.579876,0.595408,0.537844,0.290373,0.654164,0.680656,0.661397,0.26902,0.668591
0.760605,0.905296,0.571707,0.460777,0.636531,0.722246,0.515155,0.424983,0.424703,0.342446,0.627166,0.516229,0.705647,1,0.533143,0.853221,0.710694,0.56689,0.571387,0.645271,0.709513,0.546512,0.588898,0.678537,0.306626,0.554942,0.649937,0.477167,0.390942,0.641201,0.531405,0.506717,0.568479,0.542935,0.546178,0.40342,0.355537,0.596233,0.723296,0.727343,0.106435,0.655632,0.787973,0.837119,0.673761,0.595638,0.733044,0.75712,0.675404,0.658104,0.59016,0.536763,0.528728,0.300256,0.718831,0.944376,0.701467,0.658512,0.692154,0.523382,0.625134,0.61452,0.578959,0.65197,0.59017,0.540688,0.521719,0.646785,0.224173,0.400242,0.681781,0.582057,0.487684,0.386473,0.64158,0.636149,0.586219,0.425386,0.459839,0.128383,0.566966,0.680245,0.69177,0.189192,0.65139
0.686454,0.495213,0.815581,0.673947,0.690643,0.668206,0.664762,0.605376,0.650579,0.558733,0.597364,0.630803,0.65934,0.533143,1,0.396063,0.681664,0.498465,0.62917,0.663677,0.721553,0.50689,0.737711,0.779818,0.452296,0.619041,0.710586,0.637939,0.388434,0.388039,0.233673,0.64619,0.53292,0.717194,0.488569,0.495671,0.575725,0.566903,0.615943,0.663776,0.415064,0.648373,0.751948,0.294881,0.828175,0.736612,0.688327,0.660025,0.568166,0.592162,0.59632,0.575529,0.728794,0.44854,0.63179,0.451625,0.747337,0.0438654,0.623772,0.428321,0.401173,0.610452,0.635142,0.642361,0.720985,0.49909,0.727146,0.774886,0.453964,0.644548,0.613437,0.586819,0.478419,0.233615,0.542237,0.752955,0.694885,0.640603,0.434164,0.364994,0.654635,0.720139,0.707085,0.463078,0.704878
0.691595,0.858246,0.387523,0.271962,0.516481,0.662128,0.466452,0.316265,0.385367,0.14859,0.45461,0.486295,0.630774,0.853221,0.396063,1,0.643778,0.524517,0.503539,0.504052,0.561165,0.40217,0.484552,0.493733,0.226181,0.426965,0.418336,0.417584,0.254649,0.503231,0.442404,0.418628,0.461309,0.390518,0.527838,0.270271,0.298556,0.561909,0.587763,0.630471,0.0541511,0.403988,0.660689,0.831221,0.511975,0.396269,0.602244,0.536224,0.457988,0.449869,0.474053,0.344312,0.362511,0.232156,0.641073,0.877292,0.601464,0.783902,0.649219,0.430779,0.510453,0.438324,0.36393,0.447208,0.437262,0.384226,0.346075,0.42933,-0.0480662,0.26114,0.496453,0.518243,0.525754,0.288846,0.501629,0.566594,0.441513,0.23831,0.276575,0.00878405,0.516053,0.586384,0.635771,0.114058,0.446827
0.779612,0.758477,0.744684,0.602881,0.753568,0.773978,0.654133,0.676231,0.458739,0.533831,0.638853,0.782031,0.874947,0.710694,0.681664,0.643778,1,0.566782,0.643986,0.667661,0.715751,0.499466,0.745329,0.708961,0.335876,0.523657,0.628225,0.48182,0.300253,0.460409,0.324129,0.71095,0.5246,0.559308,0.464216,0.500157,0.427913,0.525738,0.737885,0.725512,0.266718,0.703857,0.810527,0.621646,0.719034,0.701581,0.630617,0.716155,0.442325,0.526896,0.638064,0.5653,0.66739,0.591031,0.787137,0.682083,0.704332,0.425154,0.716217,0.537844,0.479261,0.651132,0.565516,0.619711,0.708716,0.40927,0.721386,0.701375,0.408432,0.50284,0.635403,0.69837,0.45559,0.299164,0.531616,0.670063,0.586835,0.578583,0.381285,0.265504,0.585667,0.727433,0.620822,0.210616,0.626054
0.568343,0.525586,0.545748,0.579737,0.582323,0.705917,0.541596,0.451666,0.747702,0.329757,0.404441,0.438461,0.609711,0.56689,0.498465,0.524517,0.566782,1,0.42231,0.615766,0.614042,0.426458,0.615639,0.729047,0.515316,0.448318,0.62626,0.537184,0.304709,0.474853,0.195908,0.511394,0.657039,0.502825,0.533295,0.305363,0.175188,0.56936,0.670215,0.513889,0.431061,0.544266,0.680884,0.471079,0.603824,0.574599,0.66122,0.579481,0.416398,0.413225,0.445493,0.411134,0.510743,0.382515,0.629589,0.597559,0.62148,0.296409,0.573126,0.122058,0.210367,0.522228,0.413947,0.655579,0.63309,0.307594,0.512973,0.663867,0.218937,0.415558,0.625249,0.443069,0.478941,0.155001,0.582737,0.501506,0.514279,0.408416,0.296181,0.0935967,0.569768,0.64129,0.65767,0.286571,0.436532
0.659886,0.547314,0.646856,0.580355,0.592219,0.532171,0.53819,0.382248,0.343901,0.518733,0.592869,0.528068,0.657079,0.571387,0.62917,0.503539,0.643986,0.42231,1,0.720233,0.759861,0.417211,0.709558,0.687073,0.335784,0.638338,0.664904,0.605012,0.278359,0.355335,0.366882,0.610655,0.646723,0.6102,0.451652,0.591601,0.381516,0.646621,0.704255,0.630309,0.495062,0.565367,0.676766,0.38401,0.70505,0.662914,0.697532,0.655097,0.442823,0.525931,0.592038,0.542024,0.656582,0.564112,0.650157,0.567568,0.760175,0.204039,0.444491,0.383583,0.379222,0.667286,0.532584,0.721633,0.672165,0.398211,0.577253,0.714892,0.440836,0.606344,0.685397,0.531364,0.392959,0.422188,0.399623,0.698383,0.655421,0.619116,0.511077,0.303642,0.492884,0.784627,0.662747,0.524294,0.706622
0.791689,0.647,0.823289,0.789578,0.793009,0.737846,0.779716,0.636783,0.546057,0.641336,0.74444,0.6409,0.729,0.645271,0.663677,0.504052,0.667661,0.615766,0.720233,1,0.941051,0.660611,0.839825,0.896435,0.59949,0.743883,0.878511,0.745278,0.437393,0.56997,0.42426,0.60279,0.737616,0.796927,0.537322,0.595837,0.466515,0.746509,0.846047,0.811676,0.517756,0.797232,0.872684,0.563904,0.881442,0.856648,0.86362,0.878801,0.624937,0.692095,0.645924,0.832743,0.841855,0.498676,0.736421,0.68072,0.820843,0.294947,0.69472,0.47156,0.391958,0.736926,0.683134,0.873935,0.917484,0.534132,0.749013,0.896908,0.535806,0.839247,0.874197,0.719942,0.450882,0.413399,0.713571,0.832758,0.801004,0.691677,0.529301,0.360066,0.703943,0.847615,0.789847,0.57411,0.769318
0.83779,0.689184,0.875602,0.789197,0.809453,0.76482,0.755667,0.628422,0.551307,0.677432,0.797443,0.657246,0.782687,0.709513,0.721553,0.561165,0.715751,0.614042,0.759861,0.941051,1,0.697937,0.863294,0.924722,0.58035,0.782155,0.904565,0.731114,0.495533,0.620714,0.533452,0.619148,0.749485,0.814586,0.612423,0.684577,0.583718,0.770908,0.870686,0.858943,0.475648,0.845399,0.9096,0.582552,0.931559,0.866898,0.912437,0.913184,0.66884,0.687149,0.704688,0.790349,0.851845,0.558876,0.800425,0.744489,0.872619,0.308861,0.727744,0.558493,0.488589,0.769655,0.745896,0.884937,0.93567,0.655541,0.824691,0.925498,0.556857,0.809287,0.910033,0.732038,0.549341,0.503901,0.736788,0.853459,0.835151,0.738831,0.573794,0.373998,0.77075,0.871226,0.798884,0.603667,0.833504
0.611686,0.482995,0.675108,0.610916,0.666283,0.48201,0.545251,0.549298,0.353371,0.468374,0.531121,0.566566,0.554152,0.546512,0.50689,0.40217,0.499466,0.426458,0.417211,0.660611,0.697937,1,0.552971,0.684893,0.366931,0.606595,0.70287,0.505567,0.602519,0.495176,0.524474,0.45049,0.508958,0.658757,0.491395,0.619882,0.530837,0.593716,0.652053,0.712638,0.159598,0.718665,0.669153,0.414006,0.701495,0.655416,0.693338,0.651097,0.517097,0.593661,0.432415,0.582297,0.591228,0.469709,0.614086,0.485968,0.532304,0.202487,0.592561,0.442485,0.308441,0.52485,0.704161,0.662384,0.65563,0.418493,0.579407,0.624399,0.326422,0.579254,0.639102,0.523202,0.510219,0.298566,0.539059,0.569391,0.54966,0.508701,0.613357,0.394124,0.6937,0.610051,0.624709,0.603141,0.694991
0.819714,0.630389,0.85282,0.831643,0.804521,0.801051,0.718033,0.653134,0.595287,0.723234,0.755932,0.639313,0.762259,0.588898,0.737711,0.484552,0.745329,0.615639,0.709558,0.839825,0.863294,0.552971,1,0.90121,0.600991,0.772665,0.835977,0.590778,0.456834,0.454162,0.376219,0.618791,0.709835,0.732992,0.593513,0.609592,0.447084,0.63652,0.742386,0.701249,0.574643,0.730418,0.867587,0.506882,0.891968,0.799473,0.76612,0.762982,0.601206,0.604868,0.602218,0.804016,0.838231,0.474262,0.697002,0.59649,0.79999,0.189852,0.705838,0.42373,0.276119,0.699011,0.64196,0.794405,0.892422,0.451362,0.829322,0.89656,0.48236,0.746248,0.808709,0.761071,0.369132,0.384633,0.63643,0.83957,0.783132,0.62281,0.411174,0.298407,0.66189,0.81464,0.706217,0.453936,0.704268
0.815248,0.646874,0.896052,0.848625,0.802348,0.805956,0.738942,0.632964,0.653476,0.699265,0.755794,0.630368,0.757392,0.678537,0.779818,0.493733,0.708961,0.729047,0.687073,0.896435,0.924722,0.684893,0.90121,1,0.606525,0.812913,0.934597,0.7346,0.503359,0.555372,0.439728,0.6253,0.785527,0.824352,0.629994,0.589352,0.524536,0.71646,0.812934,0.771805,0.515143,0.819224,0.905823,0.499728,0.933188,0.861082,0.888006,0.869001,0.702139,0.718611,0.651078,0.796433,0.833749,0.459504,0.727593,0.676478,0.85402,0.171732,0.72519,0.491179,0.373148,0.727503,0.754022,0.884943,0.928764,0.532246,0.823376,0.961096,0.525561,0.758908,0.898792,0.718603,0.475882,0.440941,0.761327,0.816677,0.862105,0.65246,0.522787,0.353262,0.759946,0.85151,0.822247,0.59063,0.807768
0.505719,0.366793,0.565299,0.598997,0.721245,0.5849,0.451504,0.238429,0.517646,0.507095,0.610882,0.420115,0.484688,0.306626,0.452296,0.226181,0.335876,0.515316,0.335784,0.59949,0.58035,0.366931,0.600991,0.606525,1,0.365085,0.585562,0.576093,0.153381,0.258818,0.200485,0.181454,0.460672,0.467573,0.181787,0.441718,0.345059,0.28448,0.51214,0.50311,0.311958,0.408806,0.538216,0.33234,0.62306,0.639018,0.621717,0.561674,0.311851,0.317331,0.285049,0.487038,0.531754,0.320209,0.462735,0.383221,0.463437,0.119562,0.503273,0.131427,0.287121,0.51761,0.244596,0.608114,0.620247,0.235609,0.499611,0.590637,0.280739,0.514928,0.599501,0.334573,0.217832,0.172726,0.533401,0.38055,0.39336,0.335951,0.250998,0.0240396,0.49196,0.519663,0.445855,0.18703,0.36913
0.745721,0.469539,0.788865,0.740127,0.633128,0.571639,0.533071,0.458023,0.431103,0.644243,0.643587,0.390081,0.517313,0.554942,0.619041,0.426965,0.523657,0.448318,0.638338,0.743883,0.782155,0.606595,0.772665,0.812913,0.365085,1,0.822445,0.635893,0.365993,0.3081,0.404193,0.425698,0.553314,0.663343,0.549668,0.497257,0.397595,0.693453,0.608765,0.576869,0.501885,0.6122,0.728654,0.387358,0.800729,0.712502,0.803745,0.745792,0.627137,0.638323,0.571582,0.71544,0.700014,0.333971,0.501222,0.519226,0.705377,0.144008,0.620841,0.432646,0.294438,0.553638,0.637226,0.807439,0.749835,0.455301,0.692237,0.807348,0.543361,0.673381,0.835102,0.670008,0.328939,0.558466,0.628871,0.781685,0.670084,0.419881,0.390835,0.332439,0.606405,0.757639,0.665955,0.574795,0.683907
0.794475,0.606131,0.878576,0.825751,0.747108,0.69992,0.621149,0.587749,0.516485,0.730022,0.73627,0.549405,0.710397,0.649937,0.710586,0.418336,0.628225,0.62626,0.664904,0.878511,0.904565,0.70287,0.835977,0.934597,0.585562,0.822445,1,0.700582,0.506292,0.510502,0.441085,0.548887,0.751158,0.764615,0.586777,0.630581,0.465813,0.683608,0.772044,0.707398,0.493558,0.793111,0.8467,0.479314,0.889233,0.827397,0.854125,0.837582,0.755428,0.777541,0.656089,0.853084,0.805601,0.465256,0.703498,0.614945,0.80243,0.143372,0.659123,0.514159,0.373401,0.749227,0.699877,0.924611,0.892346,0.594736,0.817336,0.946246,0.574546,0.749914,0.897716,0.750921,0.411751,0.400624,0.709095,0.773511,0.787278,0.643667,0.611327,0.432758,0.646451,0.786791,0.779464,0.592062,0.800451
0.652608,0.421306,0.726296,0.636985,0.645103,0.524429,0.556712,0.334331,0.612119,0.44115,0.566419,0.471701,0.488985,0.477167,0.637939,0.417584,0.48182,0.537184,0.605012,0.745278,0.731114,0.505567,0.590778,0.7346,0.576093,0.635893,0.700582,1,0.242161,0.31391,0.320107,0.517695,0.549434,0.645531,0.365762,0.376902,0.562437,0.552355,0.602605,0.613705,0.33039,0.485467,0.657714,0.301046,0.734805,0.66812,0.762898,0.693319,0.563029,0.560006,0.47491,0.51186,0.550438,0.349471,0.55365,0.538372,0.630843,0.150746,0.56252,0.417368,0.290899,0.532902,0.480151,0.692381,0.678272,0.335799,0.544067,0.704069,0.461953,0.620573,0.731699,0.480083,0.287851,0.261311,0.636285,0.607605,0.600791,0.451008,0.324121,0.123961,0.640179,0.660177,0.745988,0.505744,0.560179
0.454648,0.317246,0.462517,0.347897,0.3934,0.272897,0.252556,0.319957,0.235005,0.202542,0.331974,0.304052,0.309958,0.390942,0.388434,0.254649,0.300253,0.304709,0.278359,0.437393,0.495533,0.602519,0.456834,0.503359,0.153381,0.365993,0.506292,0.242161,1,0.433251,0.612233,0.346479,0.60785,0.622815,0.648617,0.196176,0.450903,0.369433,0.46033,0.482283,0.0950151,0.570143,0.48657,0.222597,0.438228,0.361211,0.417706,0.390385,0.566146,0.284678,0.372262,0.429532,0.356047,0.15236,0.40135,0.338489,0.44127,0.0288404,0.219881,0.450074,0.0344582,0.326876,0.573845,0.421254,0.481562,0.448202,0.301224,0.475712,0.203655,0.290243,0.424221,0.432506,0.393718,0.257573,0.50229,0.474014,0.549288,0.573238,0.234155,0.467333,0.534645,0.423091,0.444101,0.44662,0.434874
0.530423,0.64078,0.481132,0.47194,0.463617,0.549983,0.464864,0.399055,0.259952,0.383103,0.535522,0.274113,0.442295,0.641201,0.388039,0.503231,0.460409,0.474853,0.355335,0.56997,0.620714,0.495176,0.454162,0.555372,0.258818,0.3081,0.510502,0.31391,0.433251,1,0.472621,0.370682,0.472372,0.577675,0.524233,0.451116,0.457702,0.69683,0.635767,0.747054,0.126224,0.720241,0.680324,0.647292,0.58892,0.543349,0.570216,0.573786,0.429961,0.385405,0.268821,0.451449,0.512046,0.301725,0.604505,0.681331,0.473036,0.493701,0.510605,0.484456,0.530018,0.357006,0.595982,0.503015,0.62106,0.599336,0.480905,0.482914,-0.0117348,0.416657,0.551388,0.36156,0.527714,0.299729,0.519327,0.567571,0.562715,0.542176,0.414319,0.108242,0.550237,0.585219,0.56801,0.346042,0.608434
0.536577,0.513418,0.426998,0.321155,0.405283,0.29489,0.262376,0.241982,0.0661292,0.209988,0.470867,0.291791,0.387095,0.531405,0.233673,0.442404,0.324129,0.195908,0.366882,0.42426,0.533452,0.524474,0.376219,0.439728,0.200485,0.404193,0.441085,0.320107,0.612233,0.472621,1,0.171959,0.402996,0.423637,0.346748,0.350348,0.508331,0.375163,0.511756,0.549812,-0.15746,0.450613,0.500551,0.428988,0.423095,0.406761,0.562753,0.447495,0.47991,0.325855,0.29497,0.304727,0.253937,0.250591,0.460668,0.555753,0.383366,0.333725,0.338088,0.616249,0.237752,0.380137,0.423145,0.393397,0.415714,0.402068,0.309537,0.365098,0.0950144,0.276619,0.516808,0.399969,0.39562,0.448572,0.517375,0.383872,0.43048,0.330787,0.266575,0.231838,0.542691,0.40069,0.481342,0.292377,0.480952
0.580155,0.473739,0.616725,0.495282,0.511342,0.537924,0.681771,0.663027,0.582539,0.299917,0.389327,0.617863,0.63542,0.506717,0.64619,0.418628,0.71095,0.511394,0.610655,0.60279,0.619148,0.45049,0.618791,0.6253,0.181454,0.425698,0.548887,0.517695,0.346479,0.370682,0.171959,1,0.515083,0.49065,0.46764,0.466248,0.359018,0.505036,0.594678,0.551656,0.304051,0.627811,0.66909,0.270129,0.646325,0.50947,0.485859,0.552214,0.460228,0.536466,0.536838,0.497972,0.605177,0.503553,0.65435,0.486788,0.649813,0.0923215,0.448742,0.29243,0.14612,0.458036,0.535438,0.47545,0.542759,0.333813,0.584385,0.637799,0.439232,0.513083,0.535995,0.628739,0.484216,0.124934,0.345407,0.584867,0.620101,0.616477,0.259308,0.329109,0.445826,0.550801,0.53667,0.402321,0.599914
0.67766,0.542278,0.643542,0.613288,0.597083,0.548444,0.489561,0.419186,0.51791,0.438326,0.612269,0.550089,0.630958,0.568479,0.53292,0.461309,0.5246,0.657039,0.646723,0.737616,0.749485,0.508958,0.709835,0.785527,0.460672,0.553314,0.751158,0.549434,0.60785,0.472372,0.402996,0.515083,1,0.688782,0.585636,0.394718,0.411353,0.567505,0.777217,0.619099,0.494903,0.622184,0.730452,0.414186,0.687898,0.654507,0.696285,0.630394,0.544543,0.48739,0.56317,0.6587,0.669037,0.424315,0.657478,0.584762,0.723838,0.154842,0.460111,0.40197,0.234679,0.574175,0.610297,0.757937,0.746597,0.456022,0.522978,0.778166,0.353821,0.559023,0.714008,0.558975,0.477086,0.285897,0.622999,0.654887,0.734989,0.641658,0.489586,0.431146,0.565563,0.7218,0.754528,0.559364,0.591355
0.702614,0.509126,0.784023,0.685398,0.687616,0.649752,0.583418,0.437866,0.503453,0.513724,0.590732,0.482765,0.52877,0.542935,0.717194,0.390518,0.559308,0.502825,0.6102,0.796927,0.814586,0.658757,0.732992,0.824352,0.467573,0.663343,0.764615,0.645531,0.622815,0.577675,0.423637,0.49065,0.688782,1,0.641172,0.471103,0.604954,0.70188,0.660316,0.727339,0.44957,0.778676,0.74938,0.361963,0.807877,0.726664,0.747039,0.748543,0.590925,0.521695,0.495976,0.663875,0.688601,0.31056,0.530861,0.518369,0.780698,0.0666466,0.509822,0.496924,0.418507,0.506113,0.70415,0.733638,0.849232,0.533423,0.623523,0.788198,0.427295,0.699361,0.738034,0.484229,0.418264,0.446646,0.696395,0.785016,0.818448,0.691147,0.403737,0.413089,0.744302,0.782977,0.648867,0.68548,0.683989
0.543826,0.437559,0.483819,0.407921,0.374113,0.474068,0.427659,0.305341,0.318154,0.318937,0.356614,0.26605,0.418464,0.546178,0.488569,0.527838,0.464216,0.533295,0.451652,0.537322,0.612423,0.491395,0.593513,0.629994,0.181787,0.549668,0.586777,0.365762,0.648617,0.524233,0.346748,0.46764,0.585636,0.641172,1,0.232814,0.254009,0.631439,0.489932,0.521221,0.428973,0.573386,0.616701,0.378348,0.581782,0.403331,0.569095,0.548766,0.544039,0.466847,0.58331,0.486861,0.46274,0.173021,0.521464,0.550536,0.646994,0.212569,0.42403,0.369209,0.168539,0.399622,0.621059,0.554959,0.574412,0.533296,0.505381,0.631254,0.20895,0.343221,0.568806,0.537956,0.448442,0.362719,0.55267,0.645549,0.66643,0.521583,0.312573,0.296029,0.598514,0.607648,0.518273,0.468456,0.531939
0.52643,0.446169,0.608648,0.653957,0.557153,0.516119,0.575971,0.50941,0.253922,0.610447,0.575165,0.529714,0.635011,0.40342,0.495671,0.270271,0.500157,0.305363,0.591601,0.595837,0.684577,0.619882,0.609592,0.589352,0.441718,0.497257,0.630581,0.376902,0.196176,0.451116,0.350348,0.466248,0.394718,0.471103,0.232814,1,0.450331,0.523439,0.626558,0.637572,0.323866,0.637811,0.615007,0.388968,0.68661,0.701012,0.612569,0.574064,0.291241,0.519729,0.339988,0.530298,0.665645,0.703772,0.633628,0.393132,0.556532,0.176649,0.59587,0.257552,0.376508,0.520722,0.479352,0.602029,0.629797,0.416454,0.648533,0.590421,0.382287,0.657324,0.592533,0.459415,0.371256,0.266025,0.37624,0.515229,0.443271,0.464359,0.624065,0.219655,0.450644,0.52285,0.459209,0.462321,0.699746
0.53454,0.402814,0.660011,0.508631,0.528217,0.371844,0.377038,0.332856,0.335143,0.447661,0.595624,0.472099,0.469138,0.355537,0.575725,0.298556,0.427913,0.175188,0.381516,0.466515,0.583718,0.530837,0.447084,0.524536,0.345059,0.397595,0.465813,0.562437,0.450903,0.457702,0.508331,0.359018,0.411353,0.604954,0.254009,0.450331,1,0.411866,0.52108,0.678691,0.0520747,0.52813,0.553661,0.304004,0.641327,0.587143,0.542786,0.498374,0.412311,0.323082,0.21359,0.408533,0.509996,0.412992,0.576239,0.394067,0.423855,0.20736,0.524036,0.691822,0.443366,0.335946,0.515036,0.436582,0.572169,0.432363,0.494972,0.461017,0.222037,0.489024,0.431907,0.296808,0.383217,0.199709,0.51531,0.532347,0.478325,0.525967,0.336662,0.231975,0.693507,0.464085,0.575892,0.45818,0.5312
0.704518,0.574974,0.654637,0.677105,0.543356,0.609708,0.60622,0.487601,0.377819,0.490356,0.550893,0.352004,0.467728,0.596233,0.566903,0.561909,0.525738,0.56936,0.646621,0.746509,0.770908,0.593716,0.63652,0.71646,0.28448,0.693453,0.683608,0.552355,0.369433,0.69683,0.375163,0.505036,0.567505,0.70188,0.631439,0.523439,0.411866,1,0.694665,0.699905,0.5256,0.730982,0.757347,0.513988,0.735604,0.687851,0.769883,0.667646,0.493497,0.521939,0.428825,0.571538,0.688829,0.403949,0.603837,0.616096,0.681189,0.36941,0.587889,0.408938,0.469291,0.442481,0.597996,0.697974,0.744524,0.536167,0.590454,0.680095,0.15363,0.700623,0.723156,0.504194,0.589736,0.425349,0.543303,0.774833,0.707424,0.557804,0.503912,0.266189,0.590354,0.787313,0.735948,0.64698,0.721857
0.748381,0.684401,0.749337,0.683554,0.766351,0.697524,0.654182,0.619935,0.498131,0.534172,0.752971,0.685224,0.814117,0.723296,0.615943,0.587763,0.737885,0.670215,0.704255,0.846047,0.870686,0.652053,0.742386,0.812934,0.51214,0.608765,0.772044,0.602605,0.46033,0.635767,0.511756,0.594678,0.777217,0.660316,0.489932,0.626558,0.52108,0.694665,1,0.884186,0.333093,0.782192,0.875478,0.65143,0.806233,0.82704,0.844605,0.809388,0.531058,0.5332,0.612476,0.663603,0.756356,0.688803,0.87577,0.760709,0.722038,0.471992,0.722083,0.506988,0.458532,0.739204,0.714734,0.816527,0.831553,0.554027,0.673779,0.78677,0.389996,0.694235,0.796459,0.653265,0.600223,0.373842,0.746551,0.743229,0.658356,0.71834,0.594967,0.334168,0.757768,0.844392,0.808518,0.438012,0.758057
0.757647,0.717097,0.772172,0.652662,0.788553,0.697948,0.703667,0.57813,0.406571,0.544842,0.732333,0.668279,0.763755,0.727343,0.663776,0.630471,0.725512,0.513889,0.630309,0.811676,0.858943,0.712638,0.701249,0.771805,0.50311,0.576869,0.707398,0.613705,0.482283,0.747054,0.549812,0.551656,0.619099,0.727339,0.521221,0.637572,0.678691,0.699905,0.884186,1,0.185908,0.803373,0.864151,0.685661,0.837167,0.809081,0.816541,0.813436,0.50632,0.546822,0.570563,0.617313,0.733866,0.589477,0.828721,0.773152,0.709221,0.502147,0.737874,0.610484,0.561541,0.662875,0.73964,0.734709,0.818082,0.56534,0.67526,0.720485,0.308507,0.657541,0.737219,0.621537,0.61695,0.408823,0.679016,0.754058,0.670441,0.710167,0.548208,0.244549,0.821234,0.814612,0.766288,0.46172,0.780622
0.354128,0.15239,0.433747,0.587216,0.308425,0.379625,0.410882,0.33015,0.368738,0.527472,0.386151,0.240005,0.288424,0.106435,0.415064,0.0541511,0.266718,0.431061,0.495062,0.517756,0.475648,0.159598,0.574643,0.515143,0.311958,0.501885,0.493558,0.33039,0.0950151,0.126224,-0.15746,0.304051,0.494903,0.44957,0.428973,0.323866,0.0520747,0.5256,0.333093,0.185908,1,0.358391,0.43653,0.0760403,0.497224,0.519365,0.379587,0.372429,0.162615,0.330579,0.279311,0.517529,0.649576,0.274136,0.300947,0.0989087,0.503116,-0.11175,0.333867,-0.00852912,0.106216,0.288213,0.303125,0.528016,0.55036,0.223168,0.471708,0.574098,0.338843,0.602665,0.423471,0.243577,0.140215,0.043521,0.191659,0.494611,0.49138,0.343713,0.374073,0.258032,0.198604,0.49276,0.367501,0.487605,0.3638
0.73291,0.633929,0.785272,0.73717,0.669439,0.683987,0.725414,0.64329,0.401074,0.621313,0.628887,0.570919,0.675532,0.655632,0.648373,0.403988,0.703857,0.544266,0.565367,0.797232,0.845399,0.718665,0.730418,0.819224,0.408806,0.6122,0.793111,0.485467,0.570143,0.720241,0.450613,0.627811,0.622184,0.778676,0.573386,0.637811,0.52813,0.730982,0.782192,0.803373,0.358391,1,0.815325,0.509821,0.804471,0.773676,0.752058,0.827088,0.606017,0.621189,0.593874,0.705993,0.753353,0.495459,0.699865,0.632442,0.746627,0.233968,0.613114,0.48998,0.505068,0.638672,0.751926,0.754237,0.830281,0.644585,0.781061,0.813601,0.479684,0.660921,0.754372,0.620323,0.51379,0.500825,0.648206,0.70431,0.786201,0.732094,0.565518,0.469907,0.642263,0.739705,0.641743,0.580805,0.796644
0.882738,0.813029,0.869461,0.80126,0.835695,0.850844,0.722344,0.717339,0.595447,0.622089,0.814979,0.701716,0.816191,0.787973,0.751948,0.660689,0.810527,0.680884,0.676766,0.872684,0.9096,0.669153,0.867587,0.905823,0.538216,0.728654,0.8467,0.657714,0.48657,0.680324,0.500551,0.66909,0.730452,0.74938,0.616701,0.615007,0.553661,0.757347,0.875478,0.864151,0.43653,0.815325,1,0.710149,0.925107,0.879205,0.862088,0.84294,0.640056,0.675427,0.579318,0.765003,0.853784,0.538943,0.854334,0.785134,0.805218,0.450795,0.822209,0.570047,0.538481,0.653503,0.718397,0.810079,0.896269,0.584137,0.777302,0.859067,0.382212,0.754913,0.853842,0.723896,0.601162,0.340089,0.741752,0.816588,0.774973,0.650253,0.490172,0.353812,0.763188,0.85695,0.836208,0.462199,0.810501
0.635525,0.900668,0.429684,0.394221,0.576789,0.70157,0.422462,0.365057,0.262715,0.37071,0.605053,0.427567,0.660781,0.837119,0.294881,0.831221,0.621646,0.471079,0.38401,0.563904,0.582552,0.414006,0.506882,0.499728,0.33234,0.387358,0.479314,0.301046,0.222597,0.647292,0.428988,0.270129,0.414186,0.361963,0.378348,0.388968,0.304004,0.513988,0.65143,0.685661,0.0760403,0.509821,0.710149,1,0.545192,0.528637,0.586084,0.621337,0.452317,0.464297,0.33873,0.510861,0.468417,0.266149,0.666285,0.856217,0.503709,0.882817,0.74644,0.48016,0.612862,0.49966,0.386605,0.530051,0.532377,0.413999,0.416619,0.444715,-0.0103298,0.370262,0.514397,0.507831,0.378668,0.209682,0.548382,0.530213,0.362871,0.236267,0.367521,-0.0502239,0.482877,0.548806,0.579914,0.0212569,0.472955
0.834893,0.661782,0.929858,0.844115,0.844006,0.770539,0.743158,0.636369,0.614263,0.732708,0.821935,0.635198,0.758241,0.673761,0.828175,0.511975,0.719034,0.603824,0.70505,0.881442,0.931559,0.701495,0.891968,0.933188,0.62306,0.800729,0.889233,0.734805,0.438228,0.58892,0.423095,0.646325,0.687898,0.807877,0.581782,0.68661,0.641327,0.735604,0.806233,0.837167,0.497224,0.804471,0.925107,0.545192,1,0.897567,0.87983,0.864036,0.657423,0.706617,0.601094,0.80163,0.887865,0.545099,0.792425,0.667346,0.823345,0.24669,0.792411,0.533044,0.471261,0.702626,0.759175,0.868168,0.92245,0.558559,0.867779,0.91906,0.527029,0.803445,0.855353,0.70487,0.507928,0.387495,0.691606,0.863971,0.793723,0.695509,0.537674,0.308797,0.785668,0.868144,0.802911,0.577416,0.840061
0.789642,0.617366,0.884778,0.889338,0.844295,0.725841,0.672987,0.647396,0.489107,0.760135,0.844607,0.687225,0.741286,0.595638,0.736612,0.396269,0.701581,0.574599,0.662914,0.856648,0.866898,0.655416,0.799473,0.861082,0.639018,0.712502,0.827397,0.66812,0.361211,0.543349,0.406761,0.50947,0.654507,0.726664,0.403331,0.701012,0.587143,0.687851,0.82704,0.809081,0.519365,0.773676,0.879205,0.528637,0.897567,1,0.843231,0.834249,0.474721,0.626438,0.491753,0.735282,0.889432,0.655534,0.766775,0.583381,0.703734,0.281988,0.795772,0.510155,0.535151,0.634091,0.635784,0.830789,0.889678,0.464927,0.746306,0.834999,0.482559,0.826857,0.828467,0.574123,0.42375,0.307158,0.688104,0.73589,0.661491,0.621285,0.565097,0.315779,0.695608,0.805438,0.748277,0.461413,0.760897
0.817716,0.659782,0.821808,0.775559,0.791131,0.724891,0.649127,0.475421,0.550947,0.56693,0.723514,0.555591,0.696393,0.733044,0.688327,0.602244,0.630617,0.66122,0.697532,0.86362,0.912437,0.693338,0.76612,0.888006,0.621717,0.803745,0.854125,0.762898,0.417706,0.570216,0.562753,0.485859,0.696285,0.747039,0.569095,0.612569,0.542786,0.769883,0.844605,0.816541,0.379587,0.752058,0.862088,0.586084,0.87983,0.843231,1,0.887201,0.63574,0.654854,0.626015,0.645943,0.722169,0.49083,0.736828,0.755832,0.798195,0.377146,0.717359,0.488885,0.499208,0.709975,0.647465,0.887023,0.840704,0.533073,0.721355,0.850331,0.441578,0.738284,0.899869,0.629005,0.569851,0.570623,0.795861,0.761166,0.706633,0.561344,0.53371,0.258534,0.811648,0.853795,0.831832,0.557688,0.786194
0.761868,0.68119,0.818137,0.730353,0.770762,0.724444,0.699737,0.504686,0.51415,0.633876,0.727128,0.589576,0.754008,0.75712,0.660025,0.536224,0.716155,0.579481,0.655097,0.878801,0.913184,0.651097,0.762982,0.869001,0.561674,0.745792,0.837582,0.693319,0.390385,0.573786,0.447495,0.552214,0.630394,0.748543,0.548766,0.574064,0.498374,0.667646,0.809388,0.813436,0.372429,0.827088,0.84294,0.621337,0.864036,0.834249,0.887201,1,0.610311,0.662338,0.714631,0.720345,0.747384,0.473855,0.717553,0.766931,0.827923,0.351728,0.734323,0.539251,0.551798,0.757524,0.698302,0.858691,0.830755,0.572437,0.746914,0.870687,0.586993,0.707719,0.861769,0.673646,0.430147,0.551853,0.752013,0.73711,0.731347,0.60811,0.485273,0.267744,0.736854,0.789248,0.683302,0.472999,0.758483
0.637405,0.576364,0.632297,0.499324,0.498091,0.533141,0.437599,0.387458,0.397114,0.456688,0.570007,0.277105,0.447956,0.675404,0.568166,0.457988,0.442325,0.416398,0.442823,0.624937,0.66884,0.517097,0.601206,0.702139,0.311851,0.627137,0.755428,0.563029,0.566146,0.429961,0.47991,0.460228,0.544543,0.590925,0.544039,0.291241,0.412311,0.493497,0.531058,0.50632,0.162615,0.606017,0.640056,0.452317,0.657423,0.474721,0.63574,0.610311,1,0.742606,0.52909,0.670719,0.470063,0.0316596,0.493192,0.618569,0.587542,0.203014,0.465972,0.540945,0.251286,0.620386,0.596457,0.660667,0.601199,0.567612,0.610842,0.718031,0.382102,0.422306,0.655847,0.650026,0.24332,0.339584,0.637744,0.677042,0.690513,0.495127,0.402628,0.232739,0.480318,0.532516,0.686787,0.393118,0.656443
0.636992,0.608561,0.655432,0.612702,0.513774,0.562649,0.615429,0.516335,0.31767,0.568891,0.540677,0.513592,0.615201,0.658104,0.592162,0.449869,0.526896,0.413225,0.525931,0.692095,0.687149,0.593661,0.604868,0.718611,0.317331,0.638323,0.777541,0.560006,0.284678,0.385405,0.325855,0.536466,0.48739,0.521695,0.466847,0.519729,0.323082,0.521939,0.5332,0.546822,0.330579,0.621189,0.675427,0.464297,0.706617,0.626438,0.654854,0.662338,0.742606,1,0.608045,0.707954,0.623721,0.265358,0.60258,0.598364,0.65059,0.204165,0.602357,0.47097,0.350997,0.631776,0.558153,0.694544,0.616924,0.420744,0.691966,0.75031,0.478488,0.564556,0.652935,0.654373,0.287008,0.228275,0.481515,0.601171,0.653463,0.430369,0.619677,0.26132,0.4347,0.502056,0.658739,0.467155,0.721932
0.577804,0.458297,0.576788,0.382379,0.491016,0.475583,0.613713,0.422041,0.363881,0.38137,0.408653,0.603956,0.691846,0.59016,0.59632,0.474053,0.638064,0.445493,0.592038,0.645924,0.704688,0.432415,0.602218,0.651078,0.285049,0.571582,0.656089,0.47491,0.372262,0.268821,0.29497,0.536838,0.56317,0.495976,0.58331,0.339988,0.21359,0.428825,0.612476,0.570563,0.279311,0.593874,0.579318,0.33873,0.601094,0.491753,0.626015,0.714631,0.52909,0.608045,1,0.522262,0.530817,0.430767,0.611516,0.591338,0.788261,0.132052,0.461663,0.377543,0.24544,0.76212,0.615077,0.645447,0.586345,0.538409,0.653297,0.74858,0.65068,0.412944,0.614455,0.730979,0.455332,0.510185,0.480937,0.617196,0.632749,0.633758,0.453742,0.37958,0.519035,0.619144,0.521102,0.38422,0.569225
0.681943,0.57066,0.742446,0.696048,0.657733,0.602166,0.633725,0.620484,0.356006,0.759372,0.759551,0.499393,0.619269,0.536763,0.575529,0.344312,0.5653,0.411134,0.542024,0.832743,0.790349,0.582297,0.804016,0.796433,0.487038,0.71544,0.853084,0.51186,0.429532,0.451449,0.304727,0.497972,0.6587,0.663875,0.486861,0.530298,0.408533,0.571538,0.663603,0.617313,0.517529,0.705993,0.765003,0.510861,0.80163,0.735282,0.645943,0.720345,0.670719,0.707954,0.522262,1,0.81587,0.349136,0.60403,0.520518,0.67572,0.179968,0.652103,0.487915,0.309504,0.625945,0.69686,0.79013,0.829433,0.561552,0.759902,0.832559,0.487473,0.723547,0.766798,0.77185,0.243227,0.235074,0.597026,0.797863,0.73252,0.569262,0.519317,0.418154,0.472129,0.681305,0.637043,0.475696,0.689064
0.749948,0.578066,0.836123,0.836131,0.774607,0.724844,0.708177,0.744028,0.519819,0.755754,0.810833,0.691258,0.729171,0.528728,0.728794,0.362511,0.66739,0.510743,0.656582,0.841855,0.851845,0.591228,0.838231,0.833749,0.531754,0.700014,0.805601,0.550438,0.356047,0.512046,0.253937,0.605177,0.669037,0.688601,0.46274,0.665645,0.509996,0.688829,0.756356,0.733866,0.649576,0.753353,0.853784,0.468417,0.887865,0.889432,0.722169,0.747384,0.470063,0.623721,0.530817,0.81587,1,0.614027,0.754046,0.505857,0.729693,0.193195,0.723059,0.409805,0.427446,0.601414,0.652932,0.768065,0.888371,0.491961,0.794148,0.84989,0.49403,0.875522,0.754208,0.615231,0.472394,0.220486,0.515132,0.776329,0.709571,0.682221,0.591828,0.409959,0.611273,0.791947,0.694459,0.508066,0.727851
