1,0.59024,0.805406,0.652542,0.634963,0.621081,0.445166,0.268764,0.698511,0.418007,0.567956,0.710249,0.783813,0.754808,0.444658,0.630841,0.802718,0.556723,0.83288,0.782802,0.746332,0.222112,0.628242,0.80499,0.62229,0.475797,0.694034,0.513558,0.421647,0.165989,0.290827,0.437216,0.685137,0.687336,0.254905,0.197445,0.13661,0.361709,0.725825,0.64822,0.239291,0.611662,0.846557,0.689275,0.797275,0.648498,0.597502,0.595904,0.287843,0.402566,0.207088,0.475808,0.530178,0.644281,0.751001,0.709912,0.470335,0.699345,0.760768,0.118297,0.421116,0.62108,0.554492,0.752957,0.766789,0.466459,0.616685,0.788354,0.459477,0.511095,0.714861,0.497325,0.488308,0.252435,0.314407,0.520386,0.552388,0.467999,0.34992,0.0220418,0.386264,0.687358,0.543378,0.329556,0.732182
0.59024,1,0.548295,0.491403,0.421432,0.24728,0.476542,0.188899,0.530997,0.524571,0.556811,0.333792,0.664353,0.761013,0.282744,0.661436,0.690097,0.376241,0.470104,0.413377,0.396098,0.129171,0.32854,0.525572,0.275275,0.127974,0.434739,0.307107,0.120561,0.0320578,-0.0346472,0.140483,0.233963,0.165005,-0.205165,-0.0140682,0.0326495,0.117312,0.209833,0.0995365,0.250825,0.239191,0.633747,0.806289,0.532989,0.538936,0.440477,0.465363,-0.0172285,0.0507311,-0.123043,0.622416,0.767046,0.351148,0.524113,0.868276,0.252763,0.611594,0.594879,0.0820797,0.476543,0.176526,0.147008,0.416039,0.373738,0.319507,0.337506,0.531892,0.443181,0.273398,0.277338,0.134446,0.147509,-0.116172,0.199543,0.0724209,0.264399,0.257966,0.14076,0.164101,0.287418,0.231028,0.150778,-0.0425407,0.352123
0.805406,0.548295,1,0.783682,0.658826,0.585568,0.37716,0.272198,0.664457,0.336483,0.488658,0.663943,0.755988,0.66162,0.435232,0.574896,0.8555,0.5788,0.820837,0.797532,0.719547,0.172598,0.76585,0.85561,0.701438,0.65465,0.792157,0.494407,0.336152,0.0932573,0.223292,0.449036,0.538677,0.726685,0.34961,0.322916,0.17726,0.371134,0.683395,0.662976,0.256482,0.619879,0.84771,0.507121,0.914274,0.63439,0.652817,0.688016,0.362241,0.608995,0.494821,0.404357,0.488254,0.759491,0.827561,0.679488,0.647326,0.682369,0.833952,-0.0125063,0.329498,0.611252,0.644546,0.697017,0.836451,0.440119,0.668432,0.821272,0.39419,0.607193,0.786251,0.534337,0.429615,0.346836,0.231681,0.545747,0.47842,0.336081,0.462795,0.177489,0.602293,0.726675,0.69414,0.31468,0.706343
0.652542,0.491403,0.783682,1,0.538081,0.495027,0.377437,0.360858,0.571117,0.288391,0.484644,0.63195,0.780877,0.68835,0.272492,0.554012,0.733664,0.576996,0.641,0.7624,0.69274,0.36962,0.73657,0.705082,0.692437,0.511196,0.665074,0.643729,0.303352,0.0542009,0.339622,0.427769,0.438918,0.564363,0.154062,0.0573387,0.0809688,0.286832,0.698384,0.601407,0.148781,0.531836,0.691462,0.587772,0.770223,0.656636,0.720908,0.669918,0.308873,0.325431,0.532962,0.416102,0.499228,0.558816,0.686702,0.638238,0.544722,0.706781,0.753237,-0.0746701,0.297223,0.595881,0.567939,0.653096,0.639341,0.46471,0.520449,0.679553,0.275191,0.541202,0.623929,0.395731,0.41894,0.327649,0.157148,0.371575,0.361987,0.386523,0.351208,0.117039,0.559458,0.56198,0.62569,0.389408,0.55363
0.634963,0.421432,0.658826,0.538081,1,0.521517,0.177255,0.202702,0.441888,0.351753,0.471321,0.473858,0.672832,0.659364,0.405235,0.56045,0.665052,0.495282,0.591161,0.605199,0.556683,-0.0754879,0.515571,0.713073,0.546,0.528378,0.434993,0.440847,0.0784933,0.0820232,0.0332439,0.323409,0.540199,0.515478,0.367859,0.353168,-0.103374,0.622184,0.593499,0.525078,0.120131,0.569365,0.665969,0.482849,0.689087,0.425973,0.544434,0.574021,0.289586,0.324271,0.25791,0.301686,0.286014,0.660096,0.645332,0.596515,0.494448,0.632151,0.632985,-0.0761687,0.271171,0.6223,0.55358,0.526595,0.735851,0.241706,0.465535,0.765848,0.313119,0.381336,0.481863,0.649092,0.40394,0.191521,0.0857276,0.582283,0.357398,0.23889,0.213962,0.111544,0.375528,0.525698,0.518818,0.192638,0.504386
0.621081,0.24728,0.585568,0.495027,0.521517,1,0.264571,0.18273,0.47895,0.0968273,0.228401,0.633075,0.517544,0.617596,0.101329,0.473007,0.435654,0.383084,0.543366,0.594789,0.589209,-0.0443918,0.534975,0.554187,0.441936,0.553132,0.537998,0.320559,0.466763,-0.105308,0.233481,0.0416619,0.475571,0.477173,0.28285,0.160898,0.186118,0.258552,0.592917,0.428991,0.155944,0.454052,0.631977,0.474993,0.620804,0.514175,0.54305,0.37398,0.292643,0.47917,0.294259,0.418543,0.184132,0.533056,0.4917,0.414262,0.583313,0.535479,0.460944,-0.219942,0.178947,0.492452,0.462834,0.513642,0.617752,-0.00693568,0.436567,0.608662,0.192211,0.439123,0.622237,0.669671,0.32485,0.379509,0.434338,0.413793,0.283584,0.334513,0.322565,0.0850793,0.517039,0.515796,0.473596,0.277282,0.583045
0.445166,0.476542,0.37716,0.377437,0.177255,0.264571,1,0.323712,0.460455,0.139868,0.373841,0.379932,0.429555,0.411395,0.00899488,0.513748,0.455271,0.362561,0.280267,0.352957,0.311664,0.0164242,0.453089,0.421008,0.163003,0.216955,0.527024,0.176295,0.138027,-0.128406,0.18294,0.353944,0.0561448,0.212799,-0.00571291,0.233139,0.235087,-0.146679,0.179751,0.296321,0.343715,0.142754,0.457675,0.461157,0.306554,0.308943,0.334969,0.285566,0.270098,0.0931833,0.121646,0.365183,0.408214,0.30957,0.340016,0.439484,0.305834,0.397482,0.308877,0.00964782,0.263659,0.113765,-0.00722742,0.4457,0.219101,0.325277,0.316447,0.346197,0.0961115,0.0150262,0.478153,0.265633,0.24825,0.151141,-0.0424444,-0.0527018,0.103088,0.160577,0.358369,0.100509,0.366441,0.278241,0.23718,-0.0376968,0.287535
0.268764,0.188899,0.272198,0.360858,0.202702,0.18273,0.323712,1,0.250544,0.16703,0.44484,0.280871,0.269996,0.326825,0.0709043,0.314168,0.378978,0.288929,0.157084,0.3256,0.461053,0.213438,0.412781,0.421262,0.284875,0.0257619,0.343487,0.2684,0.0497233,0.225986,0.203405,0.213329,0.207861,0.182426,0.244827,0.121196,0.0543028,-0.0162782,0.338017,0.282267,0.276799,0.278854,0.29179,0.447014,0.297313,0.27133,0.134891,0.403136,0.386014,0.334035,0.220976,0.226289,0.234603,0.151669,0.212819,0.384627,0.404069,0.385665,0.364066,0.0124374,0.36176,0.242354,0.173362,0.286823,0.366656,0.353052,0.426863,0.366681,0.0784011,0.175028,0.264902,0.133872,0.150825,0.0568424,0.220768,0.0858078,0.200181,0.399683,0.316226,0.118656,0.204352,0.216144,0.256764,0.159174,0.18643
0.698511,0.530997,0.664457,0.571117,0.441888,0.47895,0.460455,0.250544,1,0.365622,0.363288,0.482275,0.611748,0.630491,0.376889,0.604764,0.664632,0.604895,0.616048,0.661888,0.617868,0.175962,0.652766,0.644582,0.382871,0.405215,0.623776,0.375971,0.37569,0.104668,0.373872,0.164655,0.445176,0.503772,0.258703,0.0312971,0.227027,0.236858,0.579214,0.512964,0.325528,0.401943,0.664911,0.581295,0.65933,0.569683,0.656228,0.585102,0.176971,0.349851,0.174837,0.388237,0.466139,0.57155,0.606063,0.604654,0.464003,0.531424,0.531861,0.101671,0.458981,0.41559,0.545413,0.632785,0.664491,0.375729,0.598076,0.670066,0.311671,0.46546,0.653395,0.342371,0.610912,0.24987,0.207742,0.308664,0.607253,0.580858,0.405213,0.356298,0.37225,0.653665,0.487641,0.300239,0.666093
0.418007,0.524571,0.336483,0.288391,0.351753,0.0968273,0.139868,0.16703,0.365622,1,0.723786,0.30757,0.399745,0.509126,0.478986,0.238058,0.511031,0.245866,0.31779,0.159799,0.237278,0.247935,0.301061,0.362201,0.265225,0.0537806,0.232486,0.156266,0.0189248,0.121248,0.0520875,-0.0310631,0.118369,0.136591,0.0245989,-0.00132773,-0.185273,0.118643,0.156261,0.144284,0.41569,0.0940365,0.317951,0.467875,0.287456,0.465623,0.295492,0.25762,0.203622,0.111407,-0.090737,0.655528,0.723424,0.342979,0.440598,0.531597,0.0287888,0.325039,0.399257,0.27015,0.481595,0.0480822,0.259111,0.203315,0.299544,0.361453,0.351002,0.361192,-0.126525,0.0440431,0.219278,0.0852395,0.378831,-0.115046,0.0788941,0.0771948,0.0800172,0.168535,0.0600018,0.318312,0.229649,0.173689,0.11025,-0.140173,0.282197
0.567956,0.556811,0.488658,0.484644,0.471321,0.228401,0.373841,0.44484,0.363288,0.723786,1,0.530363,0.621723,0.592723,0.517289,0.474181,0.704014,0.430465,0.479398,0.392951,0.495328,0.13203,0.53719,0.612407,0.452132,0.23125,0.445323,0.363908,0.120006,0.139485,0.151849,0.264666,0.291594,0.341007,0.151615,0.113032,-0.0313731,0.190409,0.363535,0.35718,0.41259,0.253301,0.552222,0.666687,0.519685,0.55023,0.270282,0.410668,0.366398,0.101793,0.113245,0.689738,0.750323,0.449926,0.579328,0.696858,0.281682,0.632743,0.649421,0.261582,0.517178,0.109348,0.338438,0.364065,0.456704,0.557015,0.43598,0.55968,0.0608719,0.245484,0.375325,0.272905,0.359327,0.139671,0.0553668,0.257151,0.268482,0.365333,0.258463,0.155704,0.304152,0.263257,0.332317,0.0322411,0.299716
0.710249,0.333792,0.663943,0.63195,0.473858,0.633075,0.379932,0.280871,0.482275,0.30757,0.530363,1,0.761676,0.600024,0.359626,0.508584,0.654106,0.558296,0.676189,0.684065,0.703712,0.170968,0.60544,0.695053,0.541059,0.561559,0.734016,0.527025,0.436226,0.145459,0.309277,0.382993,0.44374,0.583668,0.333607,0.138986,0.185643,0.364384,0.63487,0.653319,0.209841,0.558898,0.719082,0.521938,0.694979,0.556561,0.579331,0.478512,0.437564,0.300129,0.29891,0.49013,0.439911,0.721278,0.761768,0.529608,0.498941,0.590243,0.667338,0.208705,0.417847,0.40755,0.523857,0.573093,0.63352,0.482805,0.597947,0.663957,0.0900417,0.37672,0.701507,0.490848,0.509281,0.45842,0.201558,0.403211,0.359731,0.402472,0.403075,0.155514,0.581844,0.606301,0.656281,0.374843,0.671858
0.783813,0.664353,0.755988,0.780877,0.672832,0.517544,0.429555,0.269996,0.611748,0.399745,0.621723,0.761676,1,0.776947,0.399614,0.648969,0.874741,0.699673,0.723684,0.77145,0.776472,0.134351,0.642773,0.757705,0.57365,0.58737,0.683952,0.581988,0.278423,0.120899,0.136659,0.418264,0.565901,0.630146,0.179852,0.044927,-0.00929717,0.43359,0.63613,0.609798,0.143285,0.536397,0.872669,0.729171,0.836034,0.655836,0.728191,0.72051,0.291963,0.274727,0.224643,0.569359,0.647381,0.674129,0.784492,0.769689,0.576284,0.757992,0.775417,0.175587,0.391026,0.5033,0.533909,0.687076,0.670805,0.487812,0.582485,0.747343,0.321528,0.407861,0.589731,0.480979,0.460478,0.301167,0.121272,0.471373,0.443136,0.37356,0.350773,0.168707,0.531104,0.623418,0.608846,0.36956,0.625451
0.754808,0.761013,0.66162,0.68835,0.659364,0.617596,0.411395,0.326825,0.630491,0.509126,0.592723,0.600024,0.776947,1,0.3881,0.668201,0.721301,0.534687,0.625698,0.667672,0.624297,0.127465,0.58485,0.726477,0.537882,0.310572,0.568645,0.488019,0.2233,-0.0203771,0.0963221,0.246695,0.438239,0.436054,0.096306,0.0644097,0.102567,0.307876,0.591565,0.420741,0.170868,0.500202,0.769563,0.8332,0.716353,0.665722,0.629269,0.583265,0.262132,0.25824,0.159273,0.701819,0.645116,0.550342,0.65425,0.855968,0.46213,0.759775,0.690196,-0.109439,0.404572,0.488924,0.450627,0.634924,0.64514,0.312055,0.435064,0.76739,0.341431,0.394549,0.53738,0.475223,0.404598,0.17386,0.236648,0.290734,0.310811,0.443374,0.251712,0.219286,0.440594,0.477328,0.453325,0.198927,0.584148
0.444658,0.282744,0.435232,0.272492,0.405235,0.101329,0.00899488,0.0709043,0.376889,0.478986,0.517289,0.359626,0.399614,0.3881,1,0.252184,0.439648,0.374955,0.448255,0.419573,0.418235,0.216612,0.277844,0.537278,0.281296,0.149653,0.333572,0.333166,0.108889,0.153625,-0.0339226,0.392005,0.431154,0.463025,0.27797,-0.0206275,0.139496,0.308459,0.4343,0.408988,0.298473,0.372817,0.401172,0.273574,0.446018,0.178496,0.134143,0.272205,0.315478,0.207204,0.0635749,0.313666,0.415865,0.561804,0.53315,0.4094,0.193985,0.382618,0.479442,0.150317,0.254128,0.1036,0.417469,0.464423,0.502718,0.378942,0.267859,0.483852,0.0404721,0.458735,0.354368,0.148003,0.460822,0.159537,0.12443,0.394905,0.354371,0.289163,0.167745,0.241256,0.0536935,0.41221,0.506044,0.082458,0.373996
0.630841,0.661436,0.574896,0.554012,0.56045,0.473007,0.513748,0.314168,0.604764,0.238058,0.474181,0.508584,0.648969,0.668201,0.252184,1,0.664336,0.50771,0.516601,0.669585,0.53655,0.0075492,0.519096,0.685039,0.409679,0.30565,0.593279,0.549417,0.0933265,0.0457312,0.269552,0.369135,0.425633,0.359961,0.142626,0.0513893,0.226912,0.341184,0.58838,0.358656,0.308277,0.353351,0.651715,0.727399,0.591502,0.316948,0.456927,0.476381,0.172405,0.0621464,0.0865131,0.305082,0.378247,0.447577,0.553056,0.795233,0.312781,0.81672,0.654102,0.0285409,0.416912,0.33737,0.342011,0.53741,0.580023,0.33667,0.367286,0.703495,0.502021,0.524675,0.435646,0.460346,0.297351,0.142131,0.227145,0.41806,0.431543,0.543565,0.321849,-0.0202273,0.251835,0.421436,0.505093,0.192573,0.433309
0.802718,0.690097,0.8555,0.733664,0.665052,0.435654,0.455271,0.378978,0.664632,0.511031,0.704014,0.654106,0.874741,0.721301,0.439648,0.664336,1,0.66351,0.73326,0.754811,0.750757,0.130045,0.727627,0.853363,0.616544,0.562026,0.751061,0.510624,0.253935,0.158222,0.178425,0.408191,0.546502,0.597582,0.264539,0.259017,0.0651255,0.384029,0.629101,0.594412,0.316427,0.546834,0.869649,0.696126,0.849887,0.67189,0.650579,0.733486,0.35775,0.408346,0.319279,0.541122,0.650981,0.678198,0.808587,0.807904,0.537004,0.735643,0.844764,0.146213,0.491877,0.510858,0.550309,0.671587,0.752683,0.569137,0.667477,0.781593,0.376409,0.433579,0.660511,0.441732,0.429561,0.216309,0.194191,0.480462,0.531157,0.410513,0.458084,0.150685,0.513038,0.62457,0.598485,0.305824,0.61427
0.556723,0.376241,0.5788,0.576996,0.495282,0.383084,0.362561,0.288929,0.604895,0.245866,0.430465,0.558296,0.699673,0.534687,0.374955,0.50771,0.66351,1,0.575562,0.649591,0.647988,0.173135,0.497482,0.677067,0.470067,0.513623,0.667051,0.270774,0.170914,0.072113,0.312343,0.419006,0.424419,0.535574,0.333233,0.188753,-0.0214008,0.325009,0.574558,0.586173,0.16324,0.384444,0.694459,0.509126,0.645996,0.486007,0.555084,0.539002,0.341312,0.254375,0.346088,0.346937,0.408178,0.654704,0.667459,0.519197,0.440381,0.520645,0.622228,0.213319,0.311145,0.445397,0.570585,0.571897,0.561501,0.51983,0.559589,0.665578,0.236438,0.320814,0.579443,0.463286,0.608294,0.20072,0.0309265,0.223369,0.443116,0.383047,0.411924,0.19739,0.536706,0.52389,0.580994,0.504379,0.57452
0.83288,0.470104,0.820837,0.641,0.591161,0.543366,0.280267,0.157084,0.616048,0.31779,0.479398,0.676189,0.723684,0.625698,0.448255,0.516601,0.73326,0.575562,1,0.728826,0.763956,0.10671,0.616737,0.761727,0.714221,0.536097,0.671044,0.499667,0.322539,0.10774,0.304053,0.498084,0.637899,0.794386,0.404673,0.229369,0.158552,0.446592,0.6981,0.693883,0.14173,0.637395,0.800729,0.483036,0.846207,0.653726,0.648539,0.521345,0.250478,0.392262,0.325675,0.417911,0.481084,0.740386,0.822498,0.599061,0.464484,0.651119,0.793739,-0.0132787,0.278295,0.539157,0.709844,0.708565,0.829644,0.536461,0.633488,0.795431,0.425961,0.627002,0.746681,0.550303,0.576831,0.280994,0.155964,0.587749,0.495759,0.494868,0.461518,0.121605,0.516638,0.79439,0.63705,0.473097,0.74568
0.782802,0.413377,0.797532,0.7624,0.605199,0.594789,0.352957,0.3256,0.661888,0.159799,0.392951,0.684065,0.77145,0.667672,0.419573,0.669585,0.754811,0.649591,0.728826,1,0.81543,0.195039,0.713905,0.868992,0.701077,0.55835,0.809938,0.697191,0.373023,0.139219,0.354992,0.592071,0.72128,0.723899,0.491669,0.0698189,0.267166,0.469807,0.889849,0.832295,0.284533,0.685403,0.841659,0.594866,0.85998,0.542936,0.672504,0.702625,0.406923,0.434217,0.449772,0.323731,0.333779,0.714018,0.773791,0.641338,0.580845,0.759609,0.790323,-0.0271518,0.283394,0.655502,0.69781,0.858047,0.820142,0.450718,0.632027,0.848169,0.402488,0.63709,0.748397,0.543322,0.545703,0.529008,0.263262,0.581787,0.572271,0.590371,0.393715,0.201085,0.425576,0.806861,0.777558,0.482615,0.75603
0.746332,0.396098,0.719547,0.69274,0.556683,0.589209,0.311664,0.461053,0.617868,0.237278,0.495328,0.703712,0.776472,0.624297,0.418235,0.53655,0.750757,0.647988,0.763956,0.81543,1,0.2582,0.648313,0.814715,0.617178,0.500556,0.73633,0.604749,0.439481,0.247301,0.271772,0.434095,0.740383,0.700615,0.45747,0.141543,0.156736,0.372495,0.773298,0.735175,0.189776,0.597574,0.85062,0.629892,0.861983,0.622282,0.681077,0.695352,0.458299,0.435861,0.365402,0.443209,0.441549,0.66947,0.788253,0.620906,0.662905,0.688596,0.813667,0.0670006,0.248234,0.568653,0.670587,0.80064,0.82513,0.611629,0.724652,0.766994,0.264272,0.499325,0.737262,0.454401,0.622955,0.307233,0.312513,0.56197,0.558686,0.581237,0.52181,0.251103,0.508464,0.78773,0.73684,0.576024,0.771388
0.222112,0.129171,0.172598,0.36962,-0.0754879,-0.0443918,0.0164242,0.213438,0.175962,0.247935,0.13203,0.170968,0.134351,0.127465,0.216612,0.0075492,0.130045,0.173135,0.10671,0.195039,0.2582,1,0.0352468,0.187247,0.253984,-0.111202,0.220856,0.226391,0.236655,0.357836,0.244725,0.2064,0.131537,0.0848632,-0.0343141,-0.107878,0.0658953,-0.163259,0.260204,0.224489,0.115096,0.0877771,0.0711013,0.178679,0.116588,0.115843,0.0510178,0.156374,0.203232,0.138221,0.195047,0.121841,0.273414,0.0524123,0.185566,0.143594,0.068689,0.0846072,0.231657,0.141148,0.220384,0.239071,0.0983222,0.241013,0.11514,0.365512,0.325584,0.166877,-0.0580481,0.228102,0.200626,-0.295974,0.30452,-0.0228547,0.249196,-0.16769,0.0458778,0.0467192,-0.0890494,0.0137659,0.101734,0.125905,0.140162,0.182998,0.303754
0.628242,0.32854,0.76585,0.73657,0.515571,0.534975,0.453089,0.412781,0.652766,0.301061,0.53719,0.60544,0.642773,0.58485,0.277844,0.519096,0.727627,0.497482,0.616737,0.713905,0.648313,0.0352468,1,0.755655,0.653228,0.627952,0.740663,0.535197,0.26331,-0.0197123,0.323583,0.269503,0.445703,0.586997,0.437986,0.197731,0.322643,0.346726,0.687144,0.641157,0.38277,0.446376,0.692166,0.463411,0.750285,0.684401,0.709621,0.74449,0.464443,0.49534,0.555356,0.451601,0.42971,0.628373,0.695893,0.560694,0.569024,0.707215,0.658492,0.053845,0.211062,0.448273,0.570255,0.629128,0.756866,0.437859,0.533305,0.719978,0.232808,0.459169,0.700557,0.541604,0.480323,0.467058,0.00101837,0.451234,0.530383,0.501802,0.629421,0.268009,0.598815,0.640415,0.619737,0.259092,0.551696
0.80499,0.525572,0.85561,0.705082,0.713073,0.554187,0.421008,0.421262,0.644582,0.362201,0.612407,0.695053,0.757705,0.726477,0.537278,0.685039,0.853363,0.677067,0.761727,0.868992,0.814715,0.187247,0.755655,1,0.733255,0.545765,0.82868,0.588361,0.307895,0.153361,0.246608,0.550774,0.641582,0.681764,0.510387,0.263636,0.265577,0.466958,0.792808,0.755088,0.393367,0.650088,0.879835,0.641498,0.876943,0.607483,0.621582,0.701162,0.469308,0.489133,0.417029,0.472536,0.469371,0.79284,0.865722,0.769223,0.533045,0.759055,0.873537,0.0527981,0.37644,0.598436,0.690416,0.812399,0.883782,0.548667,0.661816,0.912594,0.410671,0.582413,0.782061,0.617395,0.557425,0.374953,0.222137,0.522167,0.575801,0.547764,0.498188,0.243755,0.502946,0.743441,0.735812,0.351722,0.728229
0.62229,0.275275,0.701438,0.692437,0.546,0.441936,0.163003,0.284875,0.382871,0.265225,0.452132,0.541059,0.57365,0.537882,0.281296,0.409679,0.616544,0.470067,0.714221,0.701077,0.617178,0.253984,0.653228,0.733255,1,0.486606,0.558795,0.470249,0.197185,0.109047,0.360149,0.452293,0.487538,0.589922,0.414067,0.170236,0.108128,0.345179,0.690665,0.647061,0.206846,0.549356,0.629968,0.368574,0.731653,0.540834,0.554619,0.479919,0.458002,0.434981,0.521773,0.375552,0.32244,0.616324,0.664228,0.5139,0.464173,0.658875,0.690071,-0.110807,0.213981,0.644086,0.663426,0.58222,0.705156,0.436072,0.608585,0.708865,0.270389,0.617743,0.62864,0.511939,0.538045,0.324165,0.201836,0.420673,0.303158,0.391335,0.288683,0.106782,0.475242,0.628207,0.589273,0.249374,0.579151
0.475797,0.127974,0.65465,0.511196,0.528378,0.553132,0.216955,0.0257619,0.405215,0.0537806,0.23125,0.561559,0.58737,0.310572,0.149653,0.30565,0.562026,0.513623,0.536097,0.55835,0.500556,-0.111202,0.627952,0.545765,0.486606,1,0.645907,0.341743,0.202722,0.056731,0.261647,0.159103,0.341335,0.600251,0.504542,0.267227,0.114648,0.523171,0.443569,0.573294,0.236388,0.294512,0.606884,0.193837,0.657121,0.483469,0.602894,0.593692,0.394524,0.37844,0.432755,0.238828,0.120429,0.66816,0.596999,0.283285,0.533621,0.381967,0.437017,0.153083,0.137382,0.508491,0.594238,0.412544,0.612706,0.214151,0.499995,0.580798,0.180341,0.377847,0.649086,0.589034,0.350332,0.516556,0.0135583,0.584417,0.3658,0.181098,0.42688,0.196149,0.665388,0.573379,0.602592,0.335367,0.48375
0.694034,0.434739,0.792157,0.665074,0.434993,0.537998,0.527024,0.343487,0.623776,0.232486,0.445323,0.734016,0.683952,0.568645,0.333572,0.593279,0.751061,0.667051,0.671044,0.809938,0.73633,0.220856,0.740663,0.82868,0.558795,0.645907,1,0.543328,0.346899,0.0540421,0.419502,0.473896,0.506617,0.602027,0.487062,0.229719,0.343949,0.293979,0.693714,0.733918,0.446653,0.46985,0.821096,0.52756,0.785084,0.586061,0.60954,0.660275,0.536406,0.445184,0.468242,0.431564,0.421464,0.773106,0.824924,0.6128,0.535088,0.62041,0.750015,0.179411,0.307373,0.423266,0.621668,0.759238,0.754039,0.527842,0.671248,0.792847,0.226049,0.469134,0.788002,0.438724,0.528514,0.501368,0.184842,0.412066,0.478996,0.518134,0.555846,0.318909,0.649774,0.71561,0.735075,0.433722,0.76864
0.513558,0.307107,0.494407,0.643729,0.440847,0.320559,0.176295,0.2684,0.375971,0.156266,0.363908,0.527025,0.581988,0.488019,0.333166,0.549417,0.510624,0.270774,0.499667,0.697191,0.604749,0.226391,0.535197,0.588361,0.470249,0.341743,0.543328,1,0.0686627,0.204578,0.202933,0.46333,0.490089,0.476879,0.340605,-0.167987,0.213635,0.556668,0.734486,0.588955,0.219927,0.48626,0.52331,0.433085,0.602007,0.337299,0.544698,0.581309,0.283134,0.0652566,0.305428,0.243888,0.256811,0.444704,0.539039,0.526682,0.28997,0.641473,0.564364,0.00074147,0.223327,0.421998,0.473104,0.618828,0.596688,0.413345,0.371932,0.585695,0.284459,0.529922,0.398647,0.282286,0.345164,0.463206,0.198024,0.621349,0.419206,0.583925,0.330588,0.219494,0.134645,0.638327,0.674222,0.420772,0.475502
0.421647,0.120561,0.336152,0.303352,0.0784933,0.466763,0.138027,0.0497233,0.37569,0.0189248,0.120006,0.436226,0.278423,0.2233,0.108889,0.0933265,0.253935,0.170914,0.322539,0.373023,0.439481,0.236655,0.26331,0.307895,0.197185,0.202722,0.346899,0.0686627,1,0.165715,0.31204,0.072215,0.365341,0.293953,0.175733,0.0515861,0.274178,-0.0199093,0.306033,0.338507,0.0248267,0.433447,0.367592,0.362174,0.332375,0.492026,0.274744,0.168278,0.0421561,0.237395,0.0760884,0.232362,0.149069,0.263982,0.356866,0.1006,0.287889,0.129204,0.355406,-0.0122105,0.204102,0.226022,0.306105,0.370682,0.295401,0.203554,0.330993,0.261265,0.115201,0.264399,0.465512,0.14365,0.167187,0.2675,0.274351,0.0206389,0.37453,0.261853,0.00241084,-0.0800558,0.242441,0.247485,0.100818,0.27679,0.485992
0.165989,0.0320578,0.0932573,0.0542009,0.0820232,-0.105308,-0.128406,0.225986,0.104668,0.121248,0.139485,0.145459,0.120899,-0.0203771,0.153625,0.0457312,0.158222,0.072113,0.10774,0.139219,0.247301,0.357836,-0.0197123,0.153361,0.109047,0.056731,0.0540421,0.204578,0.165715,1,-0.0217284,0.186058,0.00754569,0.292014,0.302758,0.0729643,0.0172402,0.293102,0.103102,0.245039,0.060259,0.270801,0.0719662,0.161898,0.172281,0.0611414,0.0135422,0.287003,0.099779,-0.0748905,-0.12523,-0.145633,-0.0352556,-0.0324777,0.0960241,0.0678333,0.0747595,0.0928515,0.149596,0.137115,0.385351,0.113985,0.092159,0.114977,0.166681,0.408989,0.270652,0.103272,0.163883,0.0454915,0.170605,-0.0364036,0.131343,-0.0308991,0.00908933,0.213349,0.252553,0.0357562,-0.128215,0.00807543,-0.205674,0.137333,0.143467,0.374608,0.122002
0.290827,-0.0346472,0.223292,0.339622,0.0332439,0.233481,0.18294,0.203405,0.373872,0.0520875,0.151849,0.309277,0.136659,0.0963221,-0.0339226,0.269552,0.178425,0.312343,0.304053,0.354992,0.271772,0.244725,0.323583,0.246608,0.360149,0.261647,0.419502,0.202933,0.31204,-0.0217284,1,0.130661,0.19203,0.192633,0.288998,0.09789,0.010568,0.0302292,0.424517,0.399868,0.240774,0.117543,0.164731,0.219947,0.1988,0.29624,0.284302,0.0516138,0.125047,0.0180089,0.317966,0.0218283,0.0177121,0.288066,0.250747,0.157487,0.0823279,0.205509,0.27002,0.0311949,0.270095,0.250175,0.502669,0.269666,0.276785,0.31968,0.39513,0.326437,-0.0143809,0.364628,0.383472,0.0196186,0.379561,0.159304,0.258916,0.132258,0.213913,0.522336,0.149039,-0.0544164,0.275941,0.291845,0.23805,0.269352,0.406953
0.437216,0.140483,0.449036,0.427769,0.323409,0.0416619,0.353944,0.213329,0.164655,-0.0310631,0.264666,0.382993,0.418264,0.246695,0.392005,0.369135,0.408191,0.419006,0.498084,0.592071,0.434095,0.2064,0.269503,0.550774,0.452293,0.159103,0.473896,0.46333,0.072215,0.186058,0.130661,1,0.40539,0.614826,0.333435,0.141807,0.146978,0.235635,0.527414,0.692162,0.0378512,0.542691,0.415031,0.180665,0.438402,0.0333266,0.167094,0.202796,0.282241,0.0810794,0.340089,-0.0798987,0.0857928,0.41749,0.458839,0.286635,0.17343,0.376388,0.524563,-0.125838,0.139166,0.348589,0.353652,0.612694,0.379889,0.497627,0.270933,0.463909,0.226804,0.377576,0.436374,0.295589,0.278258,0.336101,-0.0988495,0.382289,0.12384,0.199964,0.118015,-0.0805654,0.0613939,0.48887,0.565809,0.435714,0.403633
0.685137,0.233963,0.538677,0.438918,0.540199,0.475571,0.0561448,0.207861,0.445176,0.118369,0.291594,0.44374,0.565901,0.438239,0.431154,0.425633,0.546502,0.424419,0.637899,0.72128,0.740383,0.131537,0.445703,0.641582,0.487538,0.341335,0.506617,0.490089,0.365341,0.00754569,0.19203,0.40539,1,0.534945,0.357777,-0.0516647,0.0944388,0.357472,0.740235,0.624895,0.0808398,0.57198,0.648247,0.432694,0.65456,0.410531,0.454131,0.484657,0.251872,0.410451,0.187873,0.212992,0.237356,0.544543,0.62655,0.439791,0.396759,0.535529,0.665197,0.125888,0.0778594,0.513183,0.588126,0.670441,0.693064,0.347052,0.474253,0.63189,0.391358,0.542719,0.430018,0.400845,0.453558,0.3195,0.305792,0.606193,0.593131,0.521556,0.305163,0.0599261,0.231681,0.643127,0.527305,0.422401,0.641007
0.687336,0.165005,0.726685,0.564363,0.515478,0.477173,0.212799,0.182426,0.503772,0.136591,0.341007,0.583668,0.630146,0.436054,0.463025,0.359961,0.597582,0.535574,0.794386,0.723899,0.700615,0.0848632,0.586997,0.681764,0.589922,0.600251,0.602027,0.476879,0.293953,0.292014,0.192633,0.614826,0.534945,1,0.556577,0.174099,0.159512,0.462049,0.702681,0.77605,0.113559,0.617824,0.663903,0.27371,0.747501,0.407043,0.49383,0.527912,0.318575,0.423519,0.404438,0.160497,0.192981,0.589694,0.615207,0.355586,0.487978,0.510468,0.600561,-0.0639852,0.190388,0.496628,0.648247,0.689163,0.740554,0.41576,0.476053,0.65637,0.279371,0.53139,0.710287,0.632973,0.440283,0.431762,-0.0350998,0.687858,0.437603,0.361939,0.359023,0.0889613,0.346629,0.765944,0.70293,0.58305,0.597548
0.254905,-0.205165,0.34961,0.154062,0.367859,0.28285,-0.00571291,0.244827,0.258703,0.0245989,0.151615,0.333607,0.179852,0.096306,0.27797,0.142626,0.264539,0.333233,0.404673,0.491669,0.45747,-0.0343141,0.437986,0.510387,0.414067,0.504542,0.487062,0.340605,0.175733,0.302758,0.288998,0.333435,0.357777,0.556577,1,0.248156,0.293472,0.520722,0.541167,0.698993,0.328563,0.425799,0.361165,0.0263308,0.428533,0.240907,0.281884,0.37605,0.439126,0.296986,0.3372,0.052053,-0.10685,0.555236,0.479373,0.0813059,0.238097,0.272988,0.346119,0.0286994,0.09644,0.353579,0.644318,0.453943,0.64006,0.344439,0.475617,0.546732,0.123532,0.351772,0.58976,0.506781,0.472906,0.482596,-0.0523736,0.512426,0.41457,0.444093,0.414622,0.312594,0.296307,0.629575,0.556108,0.401874,0.4548
0.197445,-0.0140682,0.322916,0.0573387,0.353168,0.160898,0.233139,0.121196,0.0312971,-0.00132773,0.113032,0.138986,0.044927,0.0644097,-0.0206275,0.0513893,0.259017,0.188753,0.229369,0.0698189,0.141543,-0.107878,0.197731,0.263636,0.170236,0.267227,0.229719,-0.167987,0.0515861,0.0729643,0.09789,0.141807,-0.0516647,0.174099,0.248156,1,0.0374695,0.119995,0.0745445,0.179378,-0.0283073,0.150849,0.227843,0.00833173,0.218643,0.125515,0.0380295,0.166526,0.330142,0.345431,0.348697,-0.0439361,-0.0526466,0.228053,0.209185,0.0145082,0.324596,0.0601501,0.231962,-0.22803,-0.0720954,0.342661,0.0983398,0.0729531,0.289957,0.180368,0.313384,0.272509,0.0014311,-0.0903485,0.427208,0.184956,0.119651,-0.140841,-0.0388287,0.0699189,-0.0286646,-0.186086,0.2391,-0.189943,0.327611,0.113346,0.18118,0.053458,0.171744
0.13661,0.0326495,0.17726,0.0809688,-0.103374,0.186118,0.235087,0.0543028,0.227027,-0.185273,-0.0313731,0.185643,-0.00929717,0.102567,0.139496,0.226912,0.0651255,-0.0214008,0.158552,0.267166,0.156736,0.0658953,0.322643,0.265577,0.108128,0.114648,0.343949,0.213635,0.274178,0.0172402,0.010568,0.146978,0.0944388,0.159512,0.293472,0.0374695,1,0.109367,0.210332,0.235079,0.272052,0.123022,0.201822,0.112426,0.186339,0.106695,0.0458098,0.199175,0.185718,0.145199,0.166153,0.137583,-0.0170137,0.109424,0.216977,0.0604759,0.148622,0.228352,0.187449,-0.0621198,-0.152441,-0.029355,0.0633939,0.272292,0.291862,0.143498,0.104571,0.317721,0.302499,0.389184,0.398682,0.139644,0.161594,0.432145,-0.0871735,0.0466203,0.288582,0.293047,0.265275,0.039659,0.0715644,0.228854,0.261892,0.113764,0.283999
0.361709,0.117312,0.371134,0.286832,0.622184,0.258552,-0.146679,-0.0162782,0.236858,0.118643,0.190409,0.364384,0.43359,0.307876,0.308459,0.341184,0.384029,0.325009,0.446592,0.469807,0.372495,-0.163259,0.346726,0.466958,0.345179,0.523171,0.293979,0.556668,-0.0199093,0.293102,0.0302292,0.235635,0.357472,0.462049,0.520722,0.119995,0.109367,1,0.474279,0.471822,0.136226,0.423791,0.413311,0.219101,0.492458,0.283743,0.476832,0.502437,0.185573,0.0560595,0.137745,0.0406761,-0.0189843,0.469037,0.480143,0.300285,0.173419,0.390567,0.382076,0.0123751,0.113723,0.466365,0.556814,0.380949,0.572893,0.202318,0.275117,0.544021,0.361518,0.332422,0.348884,0.485313,0.316926,0.351605,-0.0785214,0.614406,0.382464,0.34395,0.177466,0.184978,0.14976,0.497178,0.440168,0.319057,0.368346
0.725825,0.209833,0.683395,0.698384,0.593499,0.592917,0.179751,0.338017,0.579214,0.156261,0.363535,0.63487,0.63613,0.591565,0.4343,0.58838,0.629101,0.574558,0.6981,0.889849,0.773298,0.260204,0.687144,0.792808,0.690665,0.443569,0.693714,0.734486,0.306033,0.103102,0.424517,0.527414,0.740235,0.702681,0.541167,0.0745445,0.210332,0.474279,1,0.784079,0.19841,0.688793,0.692979,0.467307,0.748235,0.454051,0.588257,0.595245,0.414947,0.426203,0.499252,0.242544,0.217665,0.636362,0.676244,0.522717,0.44749,0.725686,0.717333,-0.0571449,0.222719,0.634241,0.696956,0.780123,0.829379,0.430507,0.549084,0.784355,0.331924,0.67086,0.648459,0.53666,0.560332,0.433885,0.296218,0.618373,0.593944,0.663581,0.437679,0.0680167,0.320891,0.779731,0.761313,0.540478,0.699877
0.64822,0.0995365,0.662976,0.601407,0.525078,0.428991,0.296321,0.282267,0.512964,0.144284,0.35718,0.653319,0.609798,0.420741,0.408988,0.358656,0.594412,0.586173,0.693883,0.832295,0.735175,0.224489,0.641157,0.755088,0.647061,0.573294,0.733918,0.588955,0.338507,0.245039,0.399868,0.692162,0.624895,0.77605,0.698993,0.179378,0.235079,0.471822,0.784079,1,0.239229,0.636368,0.66007,0.313558,0.720308,0.461106,0.587282,0.546492,0.45821,0.372355,0.539068,0.195433,0.184101,0.711605,0.724056,0.376569,0.477133,0.494349,0.651876,0.0028708,0.222405,0.578296,0.724555,0.80819,0.737804,0.582269,0.634108,0.749146,0.175456,0.467595,0.78481,0.490486,0.641555,0.622358,0.0201345,0.579318,0.429372,0.446047,0.392613,0.251884,0.409825,0.834625,0.760615,0.585044,0.767349
0.239291,0.250825,0.256482,0.148781,0.120131,0.155944,0.343715,0.276799,0.325528,0.41569,0.41259,0.209841,0.143285,0.170868,0.298473,0.308277,0.316427,0.16324,0.14173,0.284533,0.189776,0.115096,0.38277,0.393367,0.206846,0.236388,0.446653,0.219927,0.0248267,0.060259,0.240774,0.0378512,0.0808398,0.113559,0.328563,-0.0283073,0.272052,0.136226,0.19841,0.239229,1,-0.0420935,0.277546,0.24274,0.190714,0.224434,0.129435,0.302918,0.403348,0.215809,0.063595,0.344783,0.313871,0.371122,0.341852,0.300578,0.00252323,0.293356,0.196379,0.229116,0.283681,-0.0319563,0.159656,0.357509,0.337012,0.133373,0.273552,0.337727,-0.0485627,0.185094,0.301579,0.131928,0.315434,0.173781,0.059031,0.108434,0.208295,0.286861,0.271824,0.401708,0.167312,0.290084,0.14551,-0.190457,0.204796
0.611662,0.239191,0.619879,0.531836,0.569365,0.454052,0.142754,0.278854,0.401943,0.0940365,0.253301,0.558898,0.536397,0.500202,0.372817,0.353351,0.546834,0.384444,0.637395,0.685403,0.597574,0.0877771,0.446376,0.650088,0.549356,0.294512,0.46985,0.48626,0.433447,0.270801,0.117543,0.542691,0.57198,0.617824,0.425799,0.150849,0.123022,0.423791,0.688793,0.636368,-0.0420935,1,0.573836,0.372443,0.668035,0.453042,0.479525,0.416625,0.201134,0.368159,0.282319,0.155659,0.167745,0.595881,0.606097,0.38449,0.408641,0.494882,0.653187,-0.226427,0.361092,0.495183,0.533916,0.600695,0.659481,0.401113,0.494872,0.583824,0.380393,0.512328,0.556057,0.518678,0.357438,0.344904,0.264508,0.453122,0.522614,0.409877,0.198898,0.00929316,0.188002,0.618797,0.525953,0.445127,0.59456
0.846557,0.633747,0.84771,0.691462,0.665969,0.631977,0.457675,0.29179,0.664911,0.317951,0.552222,0.719082,0.872669,0.769563,0.401172,0.651715,0.869649,0.694459,0.800729,0.841659,0.85062,0.0711013,0.692166,0.879835,0.629968,0.606884,0.821096,0.52331,0.367592,0.0719662,0.164731,0.415031,0.648247,0.663903,0.361165,0.227843,0.201822,0.413311,0.692979,0.66007,0.277546,0.573836,1,0.713473,0.929263,0.685546,0.6937,0.741898,0.391191,0.481549,0.289742,0.589374,0.586428,0.76054,0.861641,0.761583,0.643245,0.769028,0.843755,0.128126,0.258275,0.561781,0.638315,0.799472,0.823822,0.451755,0.685969,0.855626,0.428284,0.476077,0.748535,0.572185,0.536231,0.340086,0.237371,0.50139,0.539421,0.466004,0.482373,0.248485,0.569314,0.752507,0.670737,0.388815,0.766531
0.689275,0.806289,0.507121,0.587772,0.482849,0.474993,0.461157,0.447014,0.581295,0.467875,0.666687,0.521938,0.729171,0.8332,0.273574,0.727399,0.696126,0.509126,0.483036,0.594866,0.629892,0.178679,0.463411,0.641498,0.368574,0.193837,0.52756,0.433085,0.362174,0.161898,0.219947,0.180665,0.432694,0.27371,0.0263308,0.00833173,0.112426,0.219101,0.467307,0.313558,0.24274,0.372443,0.713473,1,0.614142,0.660701,0.492471,0.555918,0.176235,0.0830575,-0.0447488,0.665637,0.665298,0.359944,0.559412,0.849347,0.394447,0.735544,0.701803,0.0909556,0.483111,0.317915,0.346218,0.53329,0.502434,0.429606,0.475171,0.663649,0.405771,0.347454,0.430651,0.278475,0.306025,0.0702133,0.296108,0.174893,0.394211,0.528828,0.163328,0.0998876,0.297437,0.307173,0.297676,0.205844,0.496609
0.797275,0.532989,0.914274,0.770223,0.689087,0.620804,0.306554,0.297313,0.65933,0.287456,0.519685,0.694979,0.836034,0.716353,0.446018,0.591502,0.849887,0.645996,0.846207,0.85998,0.861983,0.116588,0.750285,0.876943,0.731653,0.657121,0.785084,0.602007,0.332375,0.172281,0.1988,0.438402,0.65456,0.747501,0.428533,0.218643,0.186339,0.492458,0.748235,0.720308,0.190714,0.668035,0.929263,0.614142,1,0.680774,0.726256,0.758961,0.419051,0.532585,0.411939,0.48447,0.493772,0.772724,0.866251,0.71518,0.719775,0.767573,0.879824,9.48812e-05,0.274306,0.599771,0.74201,0.75965,0.881941,0.49712,0.735204,0.869846,0.416781,0.62386,0.776693,0.575646,0.567582,0.416555,0.24819,0.628289,0.547155,0.487636,0.457485,0.28846,0.551661,0.808282,0.774321,0.458474,0.780036
0.648498,0.538936,0.63439,0.656636,0.425973,0.514175,0.308943,0.27133,0.569683,0.465623,0.55023,0.556561,0.655836,0.665722,0.178496,0.316948,0.67189,0.486007,0.653726,0.542936,0.622282,0.115843,0.684401,0.607483,0.540834,0.483469,0.586061,0.337299,0.492026,0.0611414,0.29624,0.0333266,0.410531,0.407043,0.240907,0.125515,0.106695,0.283743,0.454051,0.461106,0.224434,0.453042,0.685546,0.660701,0.680774,1,0.744219,0.644026,0.197025,0.317845,0.237902,0.696635,0.640684,0.551892,0.688312,0.577989,0.423926,0.539996,0.669692,0.125402,0.298814,0.396614,0.548317,0.531191,0.609065,0.488372,0.541132,0.60796,0.291072,0.28381,0.602928,0.371046,0.430062,0.234764,0.103811,0.177751,0.496348,0.45124,0.429438,0.271191,0.623392,0.468754,0.292541,0.296104,0.581622
0.597502,0.440477,0.652817,0.720908,0.544434,0.54305,0.334969,0.134891,0.656228,0.295492,0.270282,0.579331,0.728191,0.629269,0.134143,0.456927,0.650579,0.555084,0.648539,0.672504,0.681077,0.0510178,0.709621,0.621582,0.554619,0.602894,0.60954,0.544698,0.274744,0.0135422,0.284302,0.167094,0.454131,0.49383,0.281884,0.0380295,0.0458098,0.476832,0.588257,0.587282,0.129435,0.479525,0.6937,0.492471,0.726256,0.744219,1,0.676846,0.16898,0.277073,0.379244,0.432434,0.414941,0.646618,0.690283,0.564633,0.483337,0.562802,0.586266,-0.0038051,0.212741,0.553929,0.620106,0.661007,0.649973,0.412077,0.538234,0.627419,0.248987,0.3178,0.625891,0.483586,0.559013,0.285707,0.127041,0.40053,0.448255,0.421802,0.498721,0.374615,0.618033,0.695943,0.541676,0.400293,0.667215
0.595904,0.465363,0.688016,0.669918,0.574021,0.37398,0.285566,0.403136,0.585102,0.25762,0.410668,0.478512,0.72051,0.583265,0.272205,0.476381,0.733486,0.539002,0.521345,0.702625,0.695352,0.156374,0.74449,0.701162,0.479919,0.593692,0.660275,0.581309,0.168278,0.287003,0.0516138,0.202796,0.484657,0.527912,0.37605,0.166526,0.199175,0.502437,0.595245,0.546492,0.302918,0.416625,0.741898,0.555918,0.758961,0.644026,0.676846,1,0.40099,0.455272,0.311713,0.394247,0.424574,0.517214,0.66881,0.576407,0.584908,0.663932,0.6417,0.207647,0.154341,0.509031,0.457214,0.613437,0.737807,0.424063,0.534831,0.689111,0.386673,0.302527,0.530919,0.384821,0.403775,0.297649,-0.0273062,0.438692,0.611232,0.382597,0.484822,0.325516,0.480799,0.593229,0.546165,0.363815,0.50922
0.287843,-0.0172285,0.362241,0.308873,0.289586,0.292643,0.270098,0.386014,0.176971,0.203622,0.366398,0.437564,0.291963,0.262132,0.315478,0.172405,0.35775,0.341312,0.250478,0.406923,0.458299,0.203232,0.464443,0.469308,0.458002,0.394524,0.536406,0.283134,0.0421561,0.099779,0.125047,0.282241,0.251872,0.318575,0.439126,0.330142,0.185718,0.185573,0.414947,0.45821,0.403348,0.201134,0.391191,0.176235,0.419051,0.197025,0.16898,0.40099,1,0.440317,0.351139,0.286797,0.129613,0.4679,0.438781,0.163051,0.476653,0.34233,0.363392,0.0433626,0.0280517,0.318586,0.305901,0.363705,0.468408,0.343935,0.528466,0.433015,-0.284834,0.196317,0.496196,0.215687,0.523291,0.341323,0.0771573,0.253282,0.0250993,0.22036,0.283521,0.327594,0.372961,0.404214,0.537983,0.0913928,0.42732
0.402566,0.0507311,0.608995,0.325431,0.324271,0.47917,0.0931833,0.334035,0.349851,0.111407,0.101793,0.300129,0.274727,0.25824,0.207204,0.0621464,0.408346,0.254375,0.392262,0.434217,0.435861,0.138221,0.49534,0.489133,0.434981,0.37844,0.445184,0.0652566,0.237395,-0.0748905,0.0180089,0.0810794,0.410451,0.423519,0.296986,0.345431,0.145199,0.0560595,0.426203,0.372355,0.215809,0.368159,0.481549,0.0830575,0.532585,0.317845,0.277073,0.455272,0.440317,1,0.423793,0.238258,0.178942,0.431043,0.38526,0.165389,0.608197,0.240025,0.367814,-0.0866573,-0.100584,0.440534,0.36772,0.409788,0.581033,-0.0400311,0.511874,0.437375,0.0465742,0.309986,0.50201,0.348546,0.302283,0.243671,0.284244,0.22664,0.224207,0.0682164,0.356533,0.197428,0.422951,0.52357,0.399887,0.0703271,0.45958
0.207088,-0.123043,0.494821,0.532962,0.25791,0.294259,0.121646,0.220976,0.174837,-0.090737,0.113245,0.29891,0.224643,0.159273,0.0635749,0.0865131,0.319279,0.346088,0.325675,0.449772,0.365402,0.195047,0.555356,0.417029,0.521773,0.432755,0.468242,0.305428,0.0760884,-0.12523,0.317966,0.340089,0.187873,0.404438,0.3372,0.348697,0.166153,0.137745,0.499252,0.539068,0.063595,0.282319,0.289742,-0.0447488,0.411939,0.237902,0.379244,0.311713,0.351139,0.423793,1,0.0240002,0.00498735,0.372071,0.32846,0.123887,0.470305,0.272752,0.359006,-0.268277,-0.0728592,0.462658,0.377551,0.388652,0.414674,0.266135,0.32231,0.392498,-0.0825144,0.302608,0.517874,0.270407,0.278751,0.417045,0.0790179,0.23608,0.090468,0.0879929,0.431128,0.051359,0.474551,0.42047,0.546736,0.350262,0.349123
0.475808,0.622416,0.404357,0.416102,0.301686,0.418543,0.365183,0.226289,0.388237,0.655528,0.689738,0.49013,0.569359,0.701819,0.313666,0.305082,0.541122,0.346937,0.417911,0.323731,0.443209,0.121841,0.451601,0.472536,0.375552,0.238828,0.431564,0.243888,0.232362,-0.145633,0.0218283,-0.0798987,0.212992,0.160497,0.052053,-0.0439361,0.137583,0.0406761,0.242544,0.195433,0.344783,0.155659,0.589374,0.665637,0.48447,0.696635,0.432434,0.394247,0.286797,0.238258,0.0240002,1,0.832728,0.442414,0.546195,0.62293,0.335392,0.510511,0.495665,0.181516,0.255822,0.0903483,0.284008,0.362227,0.395543,0.279766,0.435274,0.496046,0.0147611,0.168021,0.404365,0.258495,0.386796,0.185489,0.164867,-0.0118471,0.152553,0.31811,0.279089,0.365319,0.509017,0.299478,0.235083,-0.0633006,0.398496
