1,0.945643,0.960353,0.744387,0.820561,0.865867,0.354255,0.372547,0.578021,0.76754,0.787448,0.86713,0.901507,0.890638,0.672656,0.909432,0.878295,0.794641,0.83092,0.881441,0.897971,0.708117,0.728876,0.95555,0.60204,0.706799,0.897011,0.762714,0.540621,0.765412,0.437201,0.470609,0.878451,0.867793,0.76727,0.377822,0.0487707,0.424186,0.880022,0.828673,0.554649,0.644385,0.928069,0.905733,0.964441,0.774105,0.793962,0.775138,0.565484,0.45468,0.715622,0.782836,0.791415,0.868708,0.910558,0.883383,0.725508,0.901884,0.89005,0.47243,0.402558,0.577154,0.780847,0.920718,0.847319,0.671626,0.684636,0.95354,0.63505,0.76096,0.822879,0.736118,0.577065,0.567809,0.756159,0.79192,0.811,0.654323,0.258327,0.348086,0.575617,0.899513,0.832713,0.17001,0.624387
0.945643,1,0.953506,0.802751,0.818892,0.836937,0.352677,0.42305,0.634897,0.85031,0.858142,0.83957,0.898415,0.9235,0.767712,0.932153,0.894621,0.763799,0.812319,0.867517,0.872448,0.646825,0.691412,0.956119,0.557132,0.665678,0.852632,0.688312,0.465522,0.738116,0.388679,0.422269,0.830204,0.851774,0.716464,0.288753,0.110145,0.393262,0.891642,0.84962,0.519294,0.615559,0.935223,0.90287,0.944824,0.695681,0.823024,0.822313,0.557719,0.525271,0.749779,0.798006,0.838328,0.897545,0.945823,0.884596,0.721348,0.935941,0.906717,0.401522,0.355633,0.593278,0.714043,0.908291,0.803125,0.664769,0.658655,0.952538,0.662242,0.796898,0.827474,0.748664,0.468025,0.517854,0.741068,0.766094,0.759095,0.681542,0.215434,0.333946,0.607351,0.895277,0.792735,0.161869,0.61077
0.960353,0.953506,1,0.787673,0.797321,0.846851,0.400609,0.347921,0.586538,0.839212,0.83429,0.883281,0.916757,0.91094,0.733251,0.939977,0.928844,0.801599,0.857974,0.90813,0.917462,0.702602,0.669365,0.958109,0.614164,0.700798,0.902627,0.721952,0.532537,0.756169,0.445821,0.482524,0.876595,0.856927,0.74514,0.31865,0.105026,0.400988,0.924826,0.886488,0.523247,0.646124,0.948999,0.914258,0.970058,0.780324,0.789924,0.802666,0.560121,0.47521,0.774778,0.804112,0.844143,0.906613,0.927348,0.885383,0.765213,0.924311,0.912972,0.452248,0.351968,0.592486,0.795503,0.938302,0.876024,0.717133,0.740155,0.972557,0.632147,0.798324,0.805832,0.738804,0.529125,0.55088,0.783446,0.8129,0.831932,0.633435,0.249599,0.404356,0.601877,0.931446,0.872404,0.172684,0.655852
0.744387,0.802751,0.787673,1,0.742933,0.761913,0.202287,0.269788,0.413424,0.701906,0.778856,0.607752,0.643181,0.734644,0.424073,0.783383,0.744778,0.640052,0.70781,0.701746,0.674052,0.623311,0.670158,0.799292,0.489264,0.70014,0.761177,0.603161,0.364205,0.561855,0.262779,0.253877,0.682811,0.712841,0.490395,-0.0637419,0.19206,0.424954,0.680999,0.690095,0.477128,0.423233,0.813851,0.667852,0.743337,0.483734,0.793741,0.795132,0.327376,0.339027,0.743671,0.653809,0.720327,0.75734,0.776594,0.746928,0.439594,0.716426,0.771943,0.351259,0.351843,0.505483,0.637007,0.670359,0.659178,0.519382,0.511317,0.824689,0.54692,0.721451,0.636226,0.642483,0.304655,0.423147,0.568021,0.696755,0.732665,0.499295,0.324887,0.176705,0.515407,0.713028,0.710317,-0.0792606,0.469483
0.820561,0.818892,0.797321,0.742933,1,0.777063,0.397762,0.356376,0.435939,0.564398,0.711191,0.584512,0.704343,0.74739,0.536608,0.693686,0.744009,0.574278,0.719016,0.738641,0.717202,0.580225,0.649839,0.767193,0.502685,0.608643,0.736441,0.619459,0.56612,0.642175,0.318287,0.40392,0.697181,0.743509,0.723332,0.0806566,0.183804,0.524375,0.741895,0.723707,0.515676,0.56559,0.810589,0.696136,0.793012,0.515107,0.734661,0.612562,0.522756,0.318779,0.661126,0.617158,0.614479,0.671324,0.745976,0.744227,0.454376,0.68905,0.713883,0.456927,0.425479,0.522201,0.721675,0.746284,0.650116,0.481632,0.442189,0.81804,0.596926,0.791221,0.797638,0.645921,0.484028,0.404077,0.599988,0.815782,0.696666,0.564483,0.0597599,0.175536,0.510165,0.788047,0.567291,-0.0826192,0.494031
0.865867,0.836937,0.846851,0.761913,0.777063,1,0.365852,0.310157,0.371682,0.677285,0.691548,0.678216,0.700739,0.790717,0.511402,0.758926,0.767119,0.739375,0.774845,0.769167,0.737204,0.594888,0.666625,0.848749,0.498044,0.733384,0.829253,0.737635,0.485854,0.657305,0.269437,0.414319,0.727234,0.744799,0.654647,0.138868,0.178863,0.344051,0.699423,0.646161,0.39982,0.451251,0.835376,0.718272,0.874241,0.608438,0.709321,0.731258,0.379589,0.357747,0.798889,0.636089,0.614502,0.697378,0.777213,0.817724,0.611446,0.76185,0.729089,0.397141,0.329961,0.545126,0.7316,0.773542,0.701127,0.611661,0.707044,0.860781,0.59864,0.700573,0.773725,0.722457,0.482741,0.391266,0.635989,0.67743,0.735224,0.597308,0.22105,0.242048,0.576436,0.804956,0.760163,0.0346197,0.477049
0.354255,0.352677,0.400609,0.202287,0.397762,0.365852,1,0.204579,0.398411,0.307113,0.248328,0.289426,0.440146,0.322379,0.429903,0.348816,0.380096,0.381931,0.410613,0.29808,0.42973,0.163419,0.172983,0.252368,0.0853922,0.0947265,0.232916,0.130631,0.0936098,0.0846529,0.163627,0.107544,0.24989,0.274548,0.478731,0.0110443,0.277847,0.165063,0.414725,0.333726,0.262285,0.23128,0.298219,0.356944,0.369156,0.216146,0.291527,0.198255,0.235388,0.162533,0.343013,0.292247,0.328946,0.310469,0.336047,0.284861,0.275597,0.340297,0.382926,0.0456376,0.124016,0.187929,0.330041,0.377062,0.33801,0.163844,0.334997,0.377852,0.0940439,0.392807,0.283617,0.174153,-0.0433495,0.329524,0.365468,0.4827,0.287991,0.340895,-0.0637647,0.224761,-0.0190338,0.31844,0.255983,0.0388006,0.266235
0.372547,0.42305,0.347921,0.269788,0.356376,0.310157,0.204579,1,0.32523,0.174484,0.380143,0.302188,0.455041,0.39204,0.256351,0.319718,0.3595,0.298007,0.28763,0.420172,0.391116,0.127499,0.250298,0.416211,0.208615,0.23378,0.353316,0.180777,0.194057,0.221263,0.352868,-0.177433,0.165014,0.408734,0.231543,0.0584431,-0.0792544,0.0728931,0.390057,0.400401,0.0745867,0.151782,0.393619,0.267447,0.320168,0.227533,0.354356,0.273371,0.179962,0.397328,0.3051,0.190389,0.289919,0.233764,0.278278,0.235377,0.316677,0.336975,0.324739,0.0269221,0.0833086,0.0153439,0.261208,0.262202,0.235353,0.0762987,0.164228,0.343288,0.360066,0.273707,0.314467,0.264471,0.326766,0.277549,0.337454,0.17369,0.0966157,0.37215,0.203062,0.249169,0.244958,0.428718,0.269065,0.0681013,0.107605
0.578021,0.634897,0.586538,0.413424,0.435939,0.371682,0.398411,0.32523,1,0.595951,0.558956,0.579786,0.687976,0.61454,0.703283,0.674824,0.583411,0.694389,0.420888,0.488626,0.566422,0.331407,0.534193,0.575798,0.464213,0.237224,0.484367,0.229271,0.0426163,0.303057,0.34814,0.134528,0.507484,0.513396,0.470043,0.161516,0.0242927,0.154962,0.601913,0.566442,0.37388,0.446922,0.545077,0.5917,0.525912,0.426034,0.521127,0.564932,0.491773,0.580686,0.393889,0.553565,0.485549,0.585635,0.645329,0.5125,0.403543,0.630206,0.622545,0.19702,0.157699,0.385912,0.50769,0.596967,0.561148,0.422428,0.430888,0.575382,0.280773,0.558559,0.477717,0.217662,0.070972,0.566701,0.499011,0.497675,0.485522,0.53226,0.104206,0.381822,0.400045,0.510382,0.505181,0.297892,0.403103
0.76754,0.85031,0.839212,0.701906,0.564398,0.677285,0.307113,0.174484,0.595951,1,0.843716,0.798866,0.805376,0.803003,0.727102,0.867809,0.867883,0.681476,0.726873,0.782264,0.775165,0.544295,0.534958,0.816379,0.337533,0.455609,0.731359,0.591084,0.440031,0.568515,0.362964,0.423575,0.690187,0.701572,0.583058,0.27286,0.11592,0.229548,0.777617,0.685552,0.490305,0.599865,0.773074,0.810439,0.791321,0.552951,0.634781,0.695969,0.512798,0.514589,0.64672,0.693048,0.775156,0.814528,0.85468,0.783659,0.572142,0.878026,0.857925,0.211305,0.290985,0.534393,0.639541,0.791485,0.715616,0.720359,0.676682,0.826191,0.543161,0.684687,0.671174,0.543181,0.303034,0.470113,0.595928,0.670554,0.717496,0.499563,0.196518,0.464594,0.477672,0.724554,0.76153,0.149441,0.586318
0.787448,0.858142,0.83429,0.778856,0.711191,0.691548,0.248328,0.380143,0.558956,0.843716,1,0.734571,0.804303,0.77147,0.657644,0.845708,0.833127,0.679476,0.732046,0.815748,0.763392,0.579222,0.664949,0.837128,0.401217,0.529553,0.764288,0.599431,0.490662,0.651168,0.273238,0.424873,0.674983,0.759499,0.555584,0.203464,0.128006,0.290158,0.773758,0.753692,0.506355,0.667674,0.831559,0.768045,0.794126,0.527962,0.692883,0.695365,0.577091,0.607126,0.63288,0.61998,0.748758,0.778671,0.829132,0.784678,0.531315,0.839222,0.865185,0.35013,0.345937,0.53089,0.700466,0.790977,0.769925,0.638542,0.620066,0.870862,0.592633,0.735405,0.77881,0.593641,0.402907,0.487504,0.582021,0.683573,0.7841,0.610529,0.0641458,0.437452,0.630221,0.782885,0.726231,0.107192,0.470639
0.86713,0.83957,0.883281,0.607752,0.584512,0.678216,0.289426,0.302188,0.579786,0.798866,0.734571,1,0.923545,0.79656,0.665158,0.851252,0.844234,0.77371,0.76807,0.829063,0.851449,0.718507,0.57764,0.876398,0.520402,0.588451,0.809922,0.717746,0.474579,0.667985,0.430691,0.453964,0.809105,0.698305,0.630605,0.490768,0.0457852,0.243353,0.835997,0.793105,0.34887,0.690485,0.838433,0.882673,0.868275,0.775762,0.614576,0.683073,0.468278,0.505824,0.624688,0.701715,0.774277,0.851171,0.870001,0.774092,0.77523,0.914838,0.841109,0.421093,0.230877,0.558956,0.654933,0.864756,0.821253,0.721757,0.75299,0.843528,0.44435,0.615746,0.655376,0.618976,0.564597,0.586827,0.699214,0.625166,0.750892,0.491332,0.341364,0.426245,0.497309,0.797134,0.837963,0.268598,0.552571
0.901507,0.898415,0.916757,0.643181,0.704343,0.700739,0.440146,0.455041,0.687976,0.805376,0.804303,0.923545,1,0.848923,0.763643,0.900136,0.904313,0.785851,0.790138,0.845191,0.871869,0.619561,0.647341,0.891385,0.513865,0.539836,0.822083,0.663337,0.494813,0.668208,0.445212,0.388866,0.767755,0.784442,0.709314,0.426878,-0.00738364,0.258784,0.91061,0.857941,0.4491,0.683978,0.863147,0.901645,0.889938,0.708223,0.707896,0.69054,0.560905,0.569157,0.652332,0.747488,0.801944,0.853422,0.904618,0.789151,0.727604,0.926235,0.881031,0.403526,0.317877,0.547216,0.691829,0.873047,0.805991,0.644328,0.659,0.891037,0.50467,0.714806,0.726104,0.623489,0.556398,0.686086,0.74334,0.722804,0.743806,0.575864,0.203383,0.454681,0.498218,0.831757,0.796514,0.17693,0.540073
0.890638,0.9235,0.91094,0.734644,0.74739,0.790717,0.322379,0.39204,0.61454,0.803003,0.77147,0.79656,0.848923,1,0.722923,0.901077,0.877301,0.750798,0.74612,0.813846,0.835695,0.565711,0.688971,0.91105,0.643396,0.581288,0.848905,0.62259,0.481495,0.659792,0.491418,0.393885,0.795486,0.844627,0.728458,0.251473,0.101463,0.392516,0.885415,0.836878,0.449111,0.524647,0.901958,0.874061,0.895827,0.624924,0.752569,0.767895,0.585679,0.528785,0.694538,0.766677,0.763043,0.838152,0.879004,0.880112,0.70574,0.882416,0.823627,0.385431,0.341077,0.601705,0.751581,0.863181,0.806351,0.623806,0.64555,0.886597,0.634276,0.807151,0.801771,0.665523,0.376722,0.435264,0.637903,0.738252,0.664786,0.694857,0.19356,0.345726,0.56805,0.882816,0.789886,0.217778,0.645991
0.672656,0.767712,0.733251,0.424073,0.536608,0.511402,0.429903,0.256351,0.703283,0.727102,0.657644,0.665158,0.763643,0.722923,1,0.763387,0.698913,0.610667,0.590515,0.583269,0.653695,0.322931,0.483718,0.662122,0.412867,0.27587,0.53524,0.354317,0.239395,0.531034,0.211111,0.440709,0.580559,0.628246,0.541036,0.303402,0.0931341,0.132867,0.740784,0.740559,0.408498,0.541692,0.654746,0.776135,0.718826,0.527766,0.532278,0.611706,0.639184,0.489122,0.484368,0.708752,0.679289,0.748004,0.769374,0.651192,0.626842,0.79754,0.694038,0.285135,0.316881,0.468165,0.481908,0.781732,0.693004,0.585645,0.504359,0.702572,0.3995,0.584334,0.605579,0.603221,0.242526,0.474831,0.554275,0.572743,0.534553,0.548928,-0.133252,0.38513,0.468256,0.665476,0.576965,0.306176,0.597092
0.909432,0.932153,0.939977,0.783383,0.693686,0.758926,0.348816,0.319718,0.674824,0.867809,0.845708,0.851252,0.900136,0.901077,0.763387,1,0.895508,0.805989,0.787775,0.81727,0.848265,0.611572,0.695575,0.91538,0.585018,0.619703,0.845327,0.591033,0.398195,0.682695,0.410408,0.425663,0.812435,0.854687,0.656089,0.283492,0.12736,0.303525,0.871999,0.848066,0.535906,0.604214,0.900999,0.912742,0.911861,0.707363,0.838185,0.82318,0.600237,0.523391,0.733064,0.84687,0.852753,0.917305,0.93833,0.851671,0.70966,0.936775,0.915396,0.39903,0.383393,0.60076,0.75006,0.901487,0.870515,0.667436,0.670431,0.930591,0.629452,0.789464,0.778462,0.676518,0.394182,0.627072,0.712538,0.750942,0.780782,0.680217,0.212804,0.409923,0.558997,0.867344,0.861257,0.263856,0.66335
0.878295,0.894621,0.928844,0.744778,0.744009,0.767119,0.380096,0.3595,0.583411,0.867883,0.833127,0.844234,0.904313,0.877301,0.698913,0.895508,1,0.792081,0.856975,0.860911,0.869587,0.595888,0.665672,0.887451,0.53783,0.655475,0.874636,0.737268,0.599544,0.667242,0.466147,0.404507,0.751137,0.824265,0.713783,0.285876,0.0746451,0.280684,0.910702,0.847556,0.422051,0.671874,0.881675,0.831567,0.884696,0.672186,0.712807,0.707924,0.529041,0.55292,0.72465,0.772313,0.865516,0.849439,0.905642,0.808837,0.65498,0.890624,0.892352,0.42308,0.2871,0.564023,0.768627,0.855538,0.82271,0.63393,0.711908,0.901576,0.515966,0.713222,0.790191,0.612547,0.470354,0.568673,0.666748,0.803649,0.767688,0.554164,0.175834,0.511057,0.548697,0.835039,0.813844,0.112663,0.615008
0.794641,0.763799,0.801599,0.640052,0.574278,0.739375,0.381931,0.298007,0.694389,0.681476,0.679476,0.77371,0.785851,0.750798,0.610667,0.805989,0.792081,1,0.688671,0.692829,0.723319,0.522388,0.723575,0.787466,0.611103,0.569735,0.737073,0.637977,0.353299,0.614556,0.355186,0.277921,0.728705,0.651756,0.631908,0.168146,0.0843133,0.141584,0.752624,0.681342,0.334602,0.57207,0.735469,0.696435,0.770125,0.594949,0.678789,0.798467,0.342878,0.478472,0.624955,0.624437,0.631079,0.735035,0.801384,0.746904,0.572528,0.769874,0.786454,0.4819,0.234757,0.445557,0.777048,0.768015,0.76157,0.60452,0.752599,0.795836,0.31235,0.5872,0.5957,0.519128,0.378639,0.601027,0.59945,0.639362,0.676313,0.518155,0.209519,0.468982,0.575195,0.690224,0.752178,0.22206,0.524492
0.83092,0.812319,0.857974,0.70781,0.719016,0.774845,0.410613,0.28763,0.420888,0.726873,0.732046,0.76807,0.790138,0.74612,0.590515,0.787775,0.856975,0.688671,1,0.774654,0.858087,0.639855,0.67228,0.819095,0.51803,0.698132,0.821243,0.688266,0.476243,0.596467,0.20924,0.382774,0.701349,0.734933,0.662298,0.315909,0.143972,0.392135,0.766833,0.758532,0.382855,0.549475,0.825954,0.758683,0.851905,0.666476,0.619578,0.637542,0.423808,0.380761,0.719901,0.702101,0.783144,0.786767,0.805618,0.715671,0.594084,0.802957,0.8021,0.339921,0.191544,0.53308,0.667105,0.791528,0.795278,0.593688,0.755637,0.853293,0.471073,0.606876,0.68644,0.641702,0.504603,0.45193,0.674179,0.743359,0.765195,0.529199,0.23716,0.305347,0.469453,0.7677,0.796597,0.0291107,0.588862
0.881441,0.867517,0.90813,0.701746,0.738641,0.769167,0.29808,0.420172,0.488626,0.782264,0.815748,0.829063,0.845191,0.813846,0.583269,0.81727,0.860911,0.692829,0.774654,1,0.912642,0.730862,0.544528,0.901978,0.483904,0.672958,0.837106,0.698899,0.594729,0.711857,0.470601,0.402733,0.81803,0.805471,0.700224,0.351064,0.0158885,0.35513,0.842022,0.791801,0.438587,0.630098,0.877247,0.797566,0.857807,0.742027,0.652612,0.712926,0.537925,0.466895,0.697047,0.630563,0.757914,0.72715,0.793702,0.799726,0.642307,0.825206,0.822713,0.385968,0.29566,0.505013,0.731503,0.84175,0.79829,0.709269,0.733806,0.890208,0.610334,0.702648,0.711397,0.619309,0.520253,0.492776,0.757759,0.671189,0.750634,0.610534,0.322104,0.453558,0.56442,0.890653,0.804998,0.131206,0.569843
0.897971,0.872448,0.917462,0.674052,0.717202,0.737204,0.42973,0.391116,0.566422,0.775165,0.763392,0.851449,0.871869,0.835695,0.653695,0.848265,0.869587,0.723319,0.858087,0.912642,1,0.725918,0.629996,0.901344,0.539416,0.62577,0.813672,0.658049,0.488408,0.654484,0.424569,0.360753,0.805898,0.833635,0.722394,0.404656,0.0386121,0.387576,0.874806,0.811925,0.457519,0.589684,0.870459,0.822357,0.86315,0.768449,0.661932,0.726419,0.517152,0.423192,0.640355,0.730757,0.829623,0.798237,0.830616,0.79608,0.649101,0.837061,0.875761,0.352112,0.317357,0.498704,0.719774,0.881434,0.831454,0.655467,0.710677,0.904209,0.487363,0.698906,0.678758,0.569935,0.482696,0.506625,0.791576,0.751341,0.755081,0.612015,0.333716,0.400215,0.466303,0.863409,0.826228,0.114262,0.66041
0.708117,0.646825,0.702602,0.623311,0.580225,0.594888,0.163419,0.127499,0.331407,0.544295,0.579222,0.718507,0.619561,0.565711,0.322931,0.611572,0.595888,0.522388,0.639855,0.730862,0.725918,1,0.49723,0.699521,0.402063,0.656264,0.703455,0.648748,0.317511,0.594255,0.35817,0.399493,0.75627,0.596296,0.460675,0.29779,0.0988573,0.398584,0.60836,0.625055,0.176143,0.411531,0.677509,0.619367,0.678316,0.687131,0.538992,0.614654,0.312419,0.237125,0.441789,0.514565,0.534277,0.640917,0.613924,0.671379,0.504846,0.611086,0.619168,0.459528,0.25775,0.334463,0.514222,0.696856,0.678672,0.681715,0.579862,0.677729,0.377215,0.587818,0.518547,0.503976,0.419483,0.304165,0.544098,0.506256,0.726755,0.369878,0.456219,0.157484,0.434882,0.668331,0.682249,0.225231,0.471201
0.728876,0.691412,0.669365,0.670158,0.649839,0.666625,0.172983,0.250298,0.534193,0.534958,0.664949,0.57764,0.647341,0.688971,0.483718,0.695575,0.665672,0.723575,0.67228,0.544528,0.629996,0.49723,1,0.708171,0.55794,0.499678,0.704611,0.595995,0.316449,0.527389,0.143808,0.318987,0.583103,0.682282,0.548885,0.22422,0.0545411,0.28744,0.601426,0.601514,0.409213,0.496079,0.684109,0.633829,0.675522,0.415261,0.602439,0.669049,0.401921,0.430735,0.479916,0.557928,0.543653,0.63267,0.713231,0.713638,0.35938,0.666371,0.670235,0.411139,0.320852,0.539936,0.650707,0.616858,0.657983,0.40786,0.498599,0.709215,0.351737,0.572694,0.657593,0.487726,0.384506,0.412675,0.451769,0.657431,0.602972,0.560512,0.175871,0.128582,0.486941,0.558316,0.618318,0.0508007,0.434526
0.95555,0.956119,0.958109,0.799292,0.767193,0.848749,0.252368,0.416211,0.575798,0.816379,0.837128,0.876398,0.891385,0.91105,0.662122,0.91538,0.887451,0.787466,0.819095,0.901978,0.901344,0.699521,0.708171,1,0.62779,0.724315,0.885515,0.746769,0.504504,0.759874,0.423962,0.37985,0.858761,0.866646,0.689479,0.336686,-0.00628118,0.367208,0.883743,0.849503,0.49509,0.614754,0.952914,0.888932,0.943373,0.760926,0.800497,0.822413,0.53585,0.525452,0.709129,0.767836,0.812288,0.878289,0.918094,0.887454,0.726068,0.912844,0.905428,0.41433,0.32143,0.588683,0.751003,0.911085,0.817878,0.669478,0.701592,0.956335,0.646408,0.763815,0.789378,0.729565,0.540622,0.515128,0.755678,0.738376,0.777706,0.647845,0.31956,0.383765,0.610576,0.897304,0.863729,0.165819,0.593432
0.60204,0.557132,0.614164,0.489264,0.502685,0.498044,0.0853922,0.208615,0.464213,0.337533,0.401217,0.520402,0.513865,0.643396,0.412867,0.585018,0.53783,0.611103,0.51803,0.483904,0.539416,0.402063,0.55794,0.62779,1,0.572347,0.596667,0.413839,0.286626,0.488848,0.407656,0.223571,0.574818,0.600059,0.384149,0.0934387,-0.0783434,0.450179,0.570161,0.595003,0.252688,0.414258,0.634842,0.551674,0.600465,0.545026,0.498454,0.531862,0.458443,0.364189,0.495602,0.50388,0.454178,0.549702,0.576948,0.550089,0.544065,0.52272,0.510321,0.520679,0.0292547,0.532444,0.594999,0.618476,0.636841,0.399594,0.489281,0.585581,0.346091,0.60852,0.496364,0.472034,0.341626,0.289548,0.50047,0.472376,0.49751,0.439241,0.231185,0.230842,0.48784,0.638042,0.585013,0.165251,0.488854
0.706799,0.665678,0.700798,0.70014,0.608643,0.733384,0.0947265,0.23378,0.237224,0.455609,0.529553,0.588451,0.539836,0.581288,0.27587,0.619703,0.655475,0.569735,0.698132,0.672958,0.62577,0.656264,0.499678,0.724315,0.572347,1,0.759467,0.708021,0.393081,0.617642,0.296391,0.221395,0.671615,0.645825,0.450928,0.160339,0.0253476,0.367272,0.577603,0.595955,0.183658,0.365991,0.744984,0.538852,0.711565,0.681678,0.587846,0.590613,0.239867,0.403031,0.694721,0.638677,0.655578,0.623379,0.650942,0.561419,0.567225,0.58864,0.613722,0.485121,0.0485566,0.466752,0.510719,0.617046,0.601912,0.37556,0.568872,0.689653,0.432739,0.493059,0.644973,0.609196,0.36993,0.275536,0.544116,0.531071,0.625332,0.457987,0.338934,0.224399,0.5235,0.652164,0.618312,0.121482,0.336328
0.897011,0.852632,0.902627,0.761177,0.736441,0.829253,0.232916,0.353316,0.484367,0.731359,0.764288,0.809922,0.822083,0.848905,0.53524,0.845327,0.874636,0.737073,0.821243,0.837106,0.813672,0.703455,0.704611,0.885515,0.596667,0.759467,1,0.769897,0.574599,0.669862,0.475993,0.430599,0.811999,0.82014,0.661362,0.281506,0.0696007,0.361174,0.828035,0.799403,0.394111,0.573879,0.890413,0.824683,0.889308,0.745072,0.677393,0.684289,0.4597,0.457864,0.768442,0.701136,0.721274,0.789303,0.832216,0.820551,0.711638,0.817359,0.804237,0.477099,0.242545,0.547649,0.771044,0.816096,0.81806,0.633999,0.718594,0.864773,0.564496,0.704728,0.816111,0.693339,0.545869,0.476796,0.66802,0.745121,0.788277,0.555692,0.305451,0.289629,0.634705,0.841982,0.835223,0.151493,0.520673
0.762714,0.688312,0.721952,0.603161,0.619459,0.737635,0.130631,0.180777,0.229271,0.591084,0.599431,0.717746,0.663337,0.62259,0.354317,0.591033,0.737268,0.637977,0.688266,0.698899,0.658049,0.648748,0.595995,0.746769,0.413839,0.708021,0.769897,1,0.65919,0.758691,0.351778,0.432973,0.668003,0.608,0.488469,0.347842,-0.128647,0.27309,0.684264,0.601432,0.268457,0.589715,0.69798,0.632052,0.752556,0.614849,0.468425,0.519828,0.259161,0.417955,0.545559,0.500951,0.610065,0.658659,0.708452,0.730651,0.55786,0.668288,0.674591,0.498549,0.152489,0.397675,0.557466,0.688107,0.596726,0.538861,0.595863,0.713073,0.313286,0.436049,0.623846,0.61207,0.584937,0.325008,0.508332,0.589728,0.676402,0.267875,0.23193,0.263638,0.534956,0.602592,0.616736,-0.00239175,0.388082
0.540621,0.465522,0.532537,0.364205,0.56612,0.485854,0.0936098,0.194057,0.0426163,0.440031,0.490662,0.474579,0.494813,0.481495,0.239395,0.398195,0.599544,0.353299,0.476243,0.594729,0.488408,0.317511,0.316449,0.504504,0.286626,0.393081,0.574599,0.65919,1,0.600211,0.489668,0.440849,0.430502,0.521035,0.478873,0.256618,-0.156197,0.266242,0.530411,0.45101,0.394303,0.564036,0.519385,0.450729,0.531444,0.37647,0.321285,0.202224,0.310182,0.231198,0.458203,0.272691,0.422138,0.356978,0.467549,0.505222,0.307376,0.470145,0.463397,0.495679,0.306864,0.341021,0.528698,0.483581,0.424881,0.395426,0.354993,0.531422,0.351585,0.424764,0.537195,0.379546,0.516983,0.278547,0.344569,0.446923,0.458397,0.11167,0.00459757,0.391561,0.244151,0.514897,0.398347,-0.152528,0.325269
0.765412,0.738116,0.756169,0.561855,0.642175,0.657305,0.0846529,0.221263,0.303057,0.568515,0.651168,0.667985,0.668208,0.659792,0.531034,0.682695,0.667242,0.614556,0.596467,0.711857,0.654484,0.594255,0.527389,0.759874,0.488848,0.617642,0.669862,0.758691,0.600211,1,0.37734,0.464375,0.716022,0.679246,0.479197,0.236181,-0.118588,0.369219,0.695979,0.679353,0.374887,0.560254,0.710083,0.659349,0.772765,0.605112,0.635588,0.617025,0.373216,0.368532,0.557986,0.543439,0.629148,0.701111,0.723211,0.767413,0.566674,0.716841,0.682801,0.57142,0.302767,0.444187,0.600329,0.76583,0.614906,0.584079,0.509251,0.749952,0.476173,0.563174,0.636575,0.674396,0.592432,0.359321,0.585661,0.512867,0.601802,0.417752,0.0459278,0.273634,0.604603,0.712286,0.586966,0.1756,0.462423
0.437201,0.388679,0.445821,0.262779,0.318287,0.269437,0.163627,0.352868,0.34814,0.362964,0.273238,0.430691,0.445212,0.491418,0.211111,0.410408,0.466147,0.355186,0.20924,0.470601,0.424569,0.35817,0.143808,0.423962,0.407656,0.296391,0.475993,0.351778,0.489668,0.37734,1,0.0917832,0.398994,0.435876,0.31709,0.100769,-0.243551,0.262186,0.462633,0.433344,0.185555,0.278441,0.372452,0.379074,0.371363,0.41202,0.387526,0.227142,0.2743,0.311084,0.288304,0.206489,0.312385,0.298629,0.314289,0.437818,0.36988,0.349672,0.349439,0.335384,0.247519,0.042977,0.413372,0.394251,0.379953,0.362716,0.211496,0.332975,0.329031,0.483566,0.325128,0.161582,0.19049,0.249559,0.346644,0.294633,0.259722,0.223223,0.332283,0.407327,0.154528,0.466077,0.376362,0.281835,0.418715
0.470609,0.422269,0.482524,0.253877,0.40392,0.414319,0.107544,-0.177433,0.134528,0.423575,0.424873,0.453964,0.388866,0.393885,0.440709,0.425663,0.404507,0.277921,0.382774,0.402733,0.360753,0.399493,0.318987,0.37985,0.223571,0.221395,0.430599,0.432973,0.440849,0.464375,0.0917832,1,0.508928,0.449118,0.305573,0.420918,0.208666,0.295406,0.436457,0.417439,0.285497,0.387294,0.424048,0.495723,0.530672,0.388934,0.303861,0.27231,0.401189,0.0917666,0.328556,0.379153,0.339106,0.48583,0.481728,0.528253,0.340979,0.482624,0.371829,0.429495,0.396789,0.465021,0.315139,0.53802,0.540716,0.55918,0.335166,0.456333,0.360466,0.420197,0.495436,0.358005,0.28495,0.271441,0.307008,0.404702,0.621576,0.286646,-0.259925,0.13572,0.326215,0.512953,0.416778,0.120576,0.521842
0.878451,0.830204,0.876595,0.682811,0.697181,0.727234,0.24989,0.165014,0.507484,0.690187,0.674983,0.809105,0.767755,0.795486,0.580559,0.812435,0.751137,0.728705,0.701349,0.81803,0.805898,0.75627,0.583103,0.858761,0.574818,0.671615,0.811999,0.668003,0.430502,0.716022,0.398994,0.508928,1,0.775025,0.739193,0.337773,0.118516,0.475807,0.84821,0.785716,0.455439,0.512118,0.826836,0.824832,0.878142,0.757586,0.729316,0.78871,0.4277,0.296776,0.594384,0.7268,0.711917,0.829066,0.829779,0.812466,0.663189,0.800982,0.80719,0.496137,0.332752,0.539707,0.660236,0.856169,0.765115,0.661386,0.657862,0.850134,0.561412,0.675492,0.701912,0.661025,0.441565,0.476719,0.62562,0.725982,0.739367,0.571139,0.219589,0.302821,0.576282,0.809738,0.746607,0.27243,0.588046
0.867793,0.851774,0.856927,0.712841,0.743509,0.744799,0.274548,0.408734,0.513396,0.701572,0.759499,0.698305,0.784442,0.844627,0.628246,0.854687,0.824265,0.651756,0.734933,0.805471,0.833635,0.596296,0.682282,0.866646,0.600059,0.645825,0.82014,0.608,0.521035,0.679246,0.435876,0.449118,0.775025,1,0.623234,0.263547,0.0110401,0.393259,0.839583,0.799847,0.428262,0.482006,0.864541,0.796407,0.841887,0.623972,0.769942,0.718191,0.623854,0.397514,0.605349,0.757548,0.770891,0.765285,0.836813,0.830996,0.556024,0.820213,0.800691,0.468313,0.453905,0.5641,0.65954,0.855017,0.755815,0.517043,0.523423,0.865177,0.595586,0.777305,0.780852,0.620965,0.413486,0.556516,0.652203,0.700029,0.704827,0.649583,0.107146,0.29777,0.4672,0.842295,0.759087,0.103579,0.644453
0.76727,0.716464,0.74514,0.490395,0.723332,0.654647,0.478731,0.231543,0.470043,0.583058,0.555584,0.630605,0.709314,0.728458,0.541036,0.656089,0.713783,0.631908,0.662298,0.700224,0.722394,0.460675,0.548885,0.689479,0.384149,0.450928,0.661362,0.488469,0.478873,0.479197,0.31709,0.305573,0.739193,0.623234,1,0.293928,0.153859,0.325186,0.710575,0.598728,0.541268,0.541283,0.689353,0.67728,0.741974,0.514895,0.579867,0.568139,0.433442,0.263176,0.515184,0.584858,0.598619,0.60605,0.679062,0.599729,0.491477,0.667528,0.669258,0.340125,0.319135,0.440152,0.693879,0.643201,0.594615,0.383753,0.555038,0.739583,0.465419,0.570194,0.669071,0.422094,0.403844,0.389286,0.54891,0.765692,0.528236,0.564277,0.13433,0.379593,0.347935,0.654041,0.527468,0.0887082,0.382034
0.377822,0.288753,0.31865,-0.0637419,0.0806566,0.138868,0.0110443,0.0584431,0.161516,0.27286,0.203464,0.490768,0.426878,0.251473,0.303402,0.283492,0.285876,0.168146,0.315909,0.351064,0.404656,0.29779,0.22422,0.336686,0.0934387,0.160339,0.281506,0.347842,0.256618,0.236181,0.100769,0.420918,0.337773,0.263547,0.293928,1,-0.175519,-0.000737087,0.348279,0.253911,0.196928,0.360232,0.317226,0.425926,0.384397,0.517124,0.0573685,0.0836316,0.2424,0.297061,0.0388746,0.347073,0.27587,0.310561,0.339101,0.236711,0.438631,0.361192,0.335634,0.0106706,-0.0301839,0.228524,0.110587,0.346103,0.333373,0.279965,0.219732,0.287606,0.180451,0.0368219,0.281722,0.13697,0.341417,0.214497,0.270743,0.221496,0.273929,0.184425,0.198069,0.227834,0.0401546,0.252558,0.284468,0.28162,0.255543
0.0487707,0.110145,0.105026,0.19206,0.183804,0.178863,0.277847,-0.0792544,0.0242927,0.11592,0.128006,0.0457852,-0.00738364,0.101463,0.0931341,0.12736,0.0746451,0.0843133,0.143972,0.0158885,0.0386121,0.0988573,0.0545411,-0.00628118,-0.0783434,0.0253476,0.0696007,-0.128647,-0.156197,-0.118588,-0.243551,0.208666,0.118516,0.0110401,0.153859,-0.175519,1,0.155076,0.0658294,0.0393833,-0.0467786,0.0392703,0.121363,0.0999149,0.123357,-0.0306367,0.149607,0.137799,-0.00697806,-0.179504,0.229739,0.195415,0.0638043,0.151571,0.12196,0.0830256,0.128628,0.117981,0.132803,-0.0266093,0.0462432,0.192482,0.227628,0.103352,0.152925,0.0953933,0.200128,0.142788,0.201382,0.177872,0.271402,0.151525,-0.0769738,-0.108183,-0.116786,0.204443,0.142501,0.14243,-0.0223934,-0.112023,0.0440789,0.117342,0.0712453,0.162135,0.0305404
0.424186,0.393262,0.400988,0.424954,0.524375,0.344051,0.165063,0.0728931,0.154962,0.229548,0.290158,0.243353,0.258784,0.392516,0.132867,0.303525,0.280684,0.141584,0.392135,0.35513,0.387576,0.398584,0.28744,0.367208,0.450179,0.367272,0.361174,0.27309,0.266242,0.369219,0.262186,0.295406,0.475807,0.393259,0.325186,-0.000737087,0.155076,1,0.372232,0.31872,0.367519,0.0926097,0.412158,0.317125,0.414254,0.257705,0.356672,0.243552,0.163162,0.055352,0.430695,0.305801,0.300789,0.403155,0.342428,0.382849,0.178813,0.288957,0.363746,0.176766,0.0933051,0.512976,0.338781,0.349133,0.315852,0.318457,0.162639,0.398854,0.41153,0.491579,0.395629,0.319078,0.161967,-0.00767874,0.235649,0.460153,0.352298,0.371676,0.0722224,-0.0844163,0.259204,0.467631,0.242565,0.00179288,0.306288
0.880022,0.891642,0.924826,0.680999,0.741895,0.699423,0.414725,0.390057,0.601913,0.777617,0.773758,0.835997,0.91061,0.885415,0.740784,0.871999,0.910702,0.752624,0.766833,0.842022,0.874806,0.60836,0.601426,0.883743,0.570161,0.577603,0.828035,0.684264,0.530411,0.695979,0.462633,0.436457,0.84821,0.839583,0.710575,0.348279,0.0658294,0.372232,1,0.90191,0.429351,0.590543,0.880742,0.872425,0.892198,0.724556,0.726317,0.727362,0.517433,0.454744,0.637754,0.801437,0.834452,0.880648,0.904384,0.82835,0.726112,0.859949,0.893502,0.457341,0.314498,0.547109,0.701395,0.899617,0.798161,0.624951,0.612949,0.891082,0.494459,0.730161,0.758936,0.663954,0.474619,0.577447,0.674557,0.809639,0.728996,0.545719,0.111719,0.417424,0.546486,0.851763,0.751639,0.159683,0.617842
0.828673,0.84962,0.886488,0.690095,0.723707,0.646161,0.333726,0.400401,0.566442,0.685552,0.753692,0.793105,0.857941,0.836878,0.740559,0.848066,0.847556,0.681342,0.758532,0.791801,0.811925,0.625055,0.601514,0.849503,0.595003,0.595955,0.799403,0.601432,0.45101,0.679353,0.433344,0.417439,0.785716,0.799847,0.598728,0.253911,0.0393833,0.31872,0.90191,1,0.374487,0.57712,0.85745,0.85539,0.855175,0.734951,0.740157,0.742163,0.591975,0.477701,0.589181,0.740209,0.809255,0.85394,0.821022,0.813431,0.732139,0.828123,0.790374,0.492604,0.363887,0.473995,0.633792,0.872097,0.845378,0.612101,0.617352,0.846904,0.547977,0.719113,0.710797,0.731057,0.407905,0.559652,0.665764,0.690369,0.702348,0.619433,0.108245,0.350865,0.578938,0.852568,0.809331,0.262952,0.675185
0.554649,0.519294,0.523247,0.477128,0.515676,0.39982,0.262285,0.0745867,0.37388,0.490305,0.506355,0.34887,0.4491,0.449111,0.408498,0.535906,0.422051,0.334602,0.382855,0.438587,0.457519,0.176143,0.409213,0.49509,0.252688,0.183658,0.394111,0.268457,0.394303,0.374887,0.185555,0.285497,0.455439,0.428262,0.541268,0.196928,-0.0467786,0.367519,0.429351,0.374487,1,0.525354,0.472127,0.517044,0.50217,0.401223,0.490266,0.363988,0.458918,0.200868,0.416263,0.425629,0.462597,0.48956,0.495608,0.416059,0.257252,0.452284,0.592731,0.12841,0.357477,0.376923,0.523468,0.424523,0.425715,0.324888,0.192759,0.572265,0.498849,0.460082,0.449535,0.339991,0.227586,0.320632,0.423483,0.591296,0.477615,0.376331,0.0962853,0.344494,0.212153,0.420449,0.357813,-0.0312794,0.326923
0.644385,0.615559,0.646124,0.423233,0.56559,0.451251,0.23128,0.151782,0.446922,0.599865,0.667674,0.690485,0.683978,0.524647,0.541692,0.604214,0.671874,0.57207,0.549475,0.630098,0.589684,0.411531,0.496079,0.614754,0.414258,0.365991,0.573879,0.589715,0.564036,0.560254,0.278441,0.387294,0.512118,0.482006,0.541283,0.360232,0.0392703,0.0926097,0.590543,0.57712,0.525354,1,0.602599,0.663088,0.62022,0.554598,0.39627,0.388729,0.579293,0.499667,0.405519,0.41227,0.55848,0.552587,0.642061,0.563352,0.546845,0.661651,0.676495,0.407984,0.155125,0.432289,0.648352,0.650753,0.630569,0.485018,0.538161,0.661435,0.330982,0.472607,0.597818,0.455672,0.534913,0.454911,0.517905,0.554003,0.607051,0.310515,0.127632,0.517464,0.46713,0.533574,0.511498,0.105945,0.331206
0.928069,0.935223,0.948999,0.813851,0.810589,0.835376,0.298219,0.393619,0.545077,0.773074,0.831559,0.838433,0.863147,0.901958,0.654746,0.900999,0.881675,0.735469,0.825954,0.877247,0.870459,0.677509,0.684109,0.952914,0.634842,0.744984,0.890413,0.69798,0.519385,0.710083,0.372452,0.424048,0.826836,0.864541,0.689353,0.317226,0.121363,0.412158,0.880742,0.85745,0.472127,0.602599,1,0.890056,0.943813,0.742475,0.780217,0.789512,0.566739,0.508614,0.761448,0.807233,0.810195,0.872036,0.911367,0.85428,0.757547,0.894431,0.878368,0.41301,0.277601,0.648138,0.772319,0.900489,0.841985,0.625509,0.689817,0.948035,0.643016,0.779437,0.846313,0.730819,0.490095,0.53017,0.73471,0.777716,0.787701,0.658341,0.274439,0.294663,0.598471,0.909375,0.854767,0.145332,0.584432
0.905733,0.90287,0.914258,0.667852,0.696136,0.718272,0.356944,0.267447,0.5917,0.810439,0.768045,0.882673,0.901645,0.874061,0.776135,0.912742,0.831567,0.696435,0.758683,0.797566,0.822357,0.619367,0.633829,0.888932,0.551674,0.538852,0.824683,0.632052,0.450729,0.659349,0.379074,0.495723,0.824832,0.796407,0.67728,0.425926,0.0999149,0.317125,0.872425,0.85539,0.517044,0.663088,0.890056,1,0.925221,0.71065,0.693386,0.719771,0.66121,0.466238,0.628728,0.789738,0.779316,0.885906,0.909693,0.860794,0.796522,0.934252,0.856723,0.379574,0.348394,0.58384,0.672029,0.91778,0.835026,0.660482,0.650419,0.888057,0.596876,0.744474,0.77484,0.758468,0.50227,0.571047,0.706112,0.740058,0.736867,0.608973,0.204675,0.261431,0.523368,0.83159,0.823166,0.226205,0.618819
0.964441,0.944824,0.970058,0.743337,0.793012,0.874241,0.369156,0.320168,0.525912,0.791321,0.794126,0.868275,0.889938,0.895827,0.718826,0.911861,0.884696,0.770125,0.851905,0.857807,0.86315,0.678316,0.675522,0.943373,0.600465,0.711565,0.889308,0.752556,0.531444,0.772765,0.371363,0.530672,0.878142,0.841887,0.741974,0.384397,0.123357,0.414254,0.892198,0.855175,0.50217,0.62022,0.943813,0.925221,1,0.773368,0.772012,0.776266,0.564603,0.482258,0.762236,0.805298,0.800924,0.902224,0.927651,0.877385,0.797348,0.927418,0.878928,0.43917,0.316791,0.616882,0.750818,0.928917,0.847632,0.676742,0.726312,0.956675,0.65162,0.756836,0.849835,0.783154,0.557172,0.526938,0.725567,0.78407,0.808432,0.653327,0.188828,0.335347,0.609841,0.902843,0.848411,0.213952,0.612674
0.774105,0.695681,0.780324,0.483734,0.515107,0.608438,0.216146,0.227533,0.426034,0.552951,0.527962,0.775762,0.708223,0.624924,0.527766,0.707363,0.672186,0.594949,0.666476,0.742027,0.768449,0.687131,0.415261,0.760926,0.545026,0.681678,0.745072,0.614849,0.37647,0.605112,0.41202,0.388934,0.757586,0.623972,0.514895,0.517124,-0.0306367,0.257705,0.724556,0.734951,0.401223,0.554598,0.742475,0.71065,0.773368,1,0.556835,0.573397,0.427754,0.360618,0.579035,0.667479,0.682698,0.716396,0.677512,0.608845,0.801716,0.655225,0.716971,0.424708,0.123099,0.438105,0.5898,0.762483,0.775537,0.637887,0.635163,0.725886,0.426855,0.48602,0.602622,0.616936,0.451126,0.427013,0.669977,0.558117,0.693459,0.457275,0.388313,0.423439,0.467629,0.725747,0.739206,0.406132,0.536264
0.793962,0.823024,0.789924,0.793741,0.734661,0.709321,0.291527,0.354356,0.521127,0.634781,0.692883,0.614576,0.707896,0.752569,0.532278,0.838185,0.712807,0.678789,0.619578,0.652612,0.661932,0.538992,0.602439,0.800497,0.498454,0.587846,0.677393,0.468425,0.321285,0.635588,0.387526,0.303861,0.729316,0.769942,0.579867,0.0573685,0.149607,0.356672,0.726317,0.740157,0.490266,0.39627,0.780217,0.693386,0.772012,0.556835,1,0.810471,0.376119,0.292401,0.619474,0.715585,0.693617,0.782611,0.783675,0.762312,0.504913,0.730102,0.760441,0.413657,0.51695,0.459623,0.636724,0.746528,0.655584,0.482605,0.420599,0.816758,0.677265,0.757227,0.668328,0.596582,0.307865,0.571209,0.588343,0.6594,0.645644,0.593475,0.182464,0.298341,0.414805,0.76417,0.681293,0.178224,0.581801
0.775138,0.822313,0.802666,0.795132,0.612562,0.731258,0.198255,0.273371,0.564932,0.695969,0.695365,0.683073,0.69054,0.767895,0.611706,0.82318,0.707924,0.798467,0.637542,0.712926,0.726419,0.614654,0.669049,0.822413,0.531862,0.590613,0.684289,0.519828,0.202224,0.617025,0.227142,0.27231,0.78871,0.718191,0.568139,0.0836316,0.137799,0.243552,0.727362,0.742163,0.363988,0.388729,0.789512,0.719771,0.776266,0.573397,0.810471,1,0.36299,0.321126,0.599933,0.707715,0.683761,0.78194,0.790051,0.79705,0.561155,0.762958,0.753047,0.35544,0.379922,0.402377,0.634686,0.771037,0.714682,0.608722,0.632692,0.830536,0.496442,0.636435,0.554216,0.63877,0.28913,0.519734,0.622827,0.593664,0.625688,0.597232,0.291404,0.224491,0.580024,0.747645,0.783988,0.171938,0.626061
0.565484,0.557719,0.560121,0.327376,0.522756,0.379589,0.235388,0.179962,0.491773,0.512798,0.577091,0.468278,0.560905,0.585679,0.639184,0.600237,0.529041,0.342878,0.423808,0.537925,0.517152,0.312419,0.401921,0.53585,0.458443,0.239867,0.4597,0.259161,0.310182,0.373216,0.2743,0.401189,0.4277,0.623854,0.433442,0.2424,-0.00697806,0.163162,0.517433,0.591975,0.458918,0.579293,0.566739,0.66121,0.564603,0.427754,0.376119,0.36299,1,0.498232,0.271315,0.501637,0.470287,0.4765,0.53125,0.523991,0.444701,0.60289,0.501157,0.225841,0.345447,0.388435,0.498016,0.636186,0.625441,0.383677,0.339003,0.566487,0.471777,0.614982,0.609867,0.441684,0.20122,0.35867,0.406648,0.454628,0.508395,0.550397,-0.108925,0.336332,0.3297,0.576875,0.523587,0.211367,0.497817
0.45468,0.525271,0.47521,0.339027,0.318779,0.357747,0.162533,0.397328,0.580686,0.514589,0.607126,0.505824,0.569157,0.528785,0.489122,0.523391,0.55292,0.478472,0.380761,0.466895,0.423192,0.237125,0.430735,0.525452,0.364189,0.403031,0.457864,0.417955,0.231198,0.368532,0.311084,0.0917666,0.296776,0.397514,0.263176,0.297061,-0.179504,0.055352,0.454744,0.477701,0.200868,0.499667,0.508614,0.466238,0.482258,0.360618,0.292401,0.321126,0.498232,1,0.369259,0.412803,0.443401,0.457103,0.515295,0.391574,0.466162,0.549888,0.512144,0.0363474,-0.155564,0.376382,0.385154,0.442436,0.46639,0.268814,0.378432,0.471393,0.333942,0.367932,0.562542,0.262025,0.0791902,0.270637,0.260547,0.321775,0.336868,0.546758,0.0200271,0.492313,0.521898,0.425667,0.410453,0.368756,0.189069
0.715622,0.749779,0.774778,0.743671,0.661126,0.798889,0.343013,0.3051,0.393889,0.64672,0.63288,0.624688,0.652332,0.694538,0.484368,0.733064,0.72465,0.624955,0.719901,0.697047,0.640355,0.441789,0.479916,0.709129,0.495602,0.694721,0.768442,0.545559,0.458203,0.557986,0.288304,0.328556,0.594384,0.605349,0.515184,0.0388746,0.229739,0.430695,0.637754,0.589181,0.416263,0.405519,0.761448,0.628728,0.762236,0.579035,0.619474,0.599933,0.271315,0.369259,1,0.628234,0.656095,0.663934,0.720641,0.60701,0.600553,0.700726,0.670116,0.306905,0.107507,0.648768,0.658465,0.629079,0.645571,0.557398,0.639427,0.762162,0.534417,0.624931,0.663961,0.625499,0.38931,0.408678,0.62396,0.60382,0.64764,0.512497,0.248174,0.241656,0.525922,0.757002,0.665399,0.01766,0.387153
0.782836,0.798006,0.804112,0.653809,0.617158,0.636089,0.292247,0.190389,0.553565,0.693048,0.61998,0.701715,0.747488,0.766677,0.708752,0.84687,0.772313,0.624437,0.702101,0.630563,0.730757,0.514565,0.557928,0.767836,0.50388,0.638677,0.701136,0.500951,0.272691,0.543439,0.206489,0.379153,0.7268,0.757548,0.584858,0.347073,0.195415,0.305801,0.801437,0.740209,0.425629,0.41227,0.807233,0.789738,0.805298,0.667479,0.715585,0.707715,0.501637,0.412803,0.628234,1,0.810623,0.873263,0.868671,0.653038,0.652967,0.784974,0.815564,0.293099,0.280611,0.586161,0.583116,0.797005,0.721454,0.486376,0.449517,0.804274,0.483837,0.605165,0.723981,0.631333,0.290072,0.509986,0.523916,0.737287,0.638285,0.541936,0.11891,0.293564,0.43523,0.722743,0.683914,0.222337,0.581093
0.791415,0.838328,0.844143,0.720327,0.614479,0.614502,0.328946,0.289919,0.485549,0.775156,0.748758,0.774277,0.801944,0.763043,0.679289,0.852753,0.865516,0.631079,0.783144,0.757914,0.829623,0.534277,0.543653,0.812288,0.454178,0.655578,0.721274,0.610065,0.422138,0.629148,0.312385,0.339106,0.711917,0.770891,0.598619,0.27587,0.0638043,0.300789,0.834452,0.809255,0.462597,0.55848,0.810195,0.779316,0.800924,0.682698,0.693617,0.683761,0.470287,0.443401,0.656095,0.810623,1,0.866462,0.861334,0.677712,0.635348,0.84218,0.85942,0.389266,0.300573,0.564802,0.537079,0.787325,0.755053,0.482232,0.573717,0.83461,0.425135,0.571689,0.665098,0.612133,0.335246,0.518871,0.662423,0.702766,0.681825,0.527705,0.161125,0.405576,0.39186,0.736633,0.717652,0.103063,0.568995
