1,0.658526,0.832049,0.488047,0.414211,0.525614,0.549867,0.127481,0.142879,0.441994,0.668142,0.556459,0.683415,0.385163,0.354568,0.245727,0.685928,0.010889,0.310882,0.21565,0.24741,0.239406,0.312044,0.39322,0.195472,0.154144,0.264785,0.198405,0.345536,0.0748939,-0.231821,-0.0489225,0.591316,0.367696,0.503724,0.466358,0.358001,0.333906,0.477895,0.558532,0.157521,0.426367,0.689637,0.706113,0.73093,0.263519,0.340889,0.0929536,-0.00662785,0.362231,0.237763,0.49711,0.535372,0.542506,0.644617,0.439475,0.584831,0.407991,0.649587,0.0470696,-0.0231811,-0.181987,0.31954,0.310995,0.328755,0.455437,0.0212772,0.26816,0.0280922,0.124632,0.180443,0.245815,0.417763,0.112272,0.128861,0.354469,0.545743,0.466468,0.200073,0.13449,0.389881,0.340624,0.60216,-0.276678,0.418217
0.658526,1,0.629792,0.362152,0.322424,0.341696,0.455467,0.356917,0.248523,0.314945,0.463169,0.379152,0.61517,0.602408,0.446245,0.583917,0.664357,0.322674,0.497807,0.518017,0.551575,0.220173,0.452512,0.559376,0.208558,0.165304,0.487862,0.292513,0.142696,0.143416,-0.136664,0.344711,0.129476,0.4352,0.092402,0.153224,0.286862,0.400252,0.422178,0.487769,0.387312,0.327993,0.647825,0.783918,0.512993,0.17067,0.227458,0.264206,0.187465,0.24,0.395394,0.314277,0.309433,0.354526,0.521601,0.553329,0.507907,0.646747,0.514594,0.105815,-0.0657339,0.00991682,0.404358,0.653637,0.469616,0.541463,0.172755,0.394447,0.179545,0.392525,0.456131,0.180154,0.089463,0.175843,0.160002,0.0393765,0.309043,0.333603,-0.0359066,0.319663,0.350633,0.27977,0.373835,-0.199598,0.254078
0.832049,0.629792,1,0.675298,0.684627,0.617315,0.515655,0.147437,0.277573,0.627845,0.689944,0.652274,0.709687,0.398196,0.397118,0.228626,0.6562,0.0951147,0.409942,0.365231,0.381937,0.313951,0.477447,0.59699,0.401164,0.243037,0.437673,0.335782,0.324296,0.101657,-0.0236709,-0.0486239,0.555234,0.473116,0.489842,0.422722,0.39053,0.420549,0.443715,0.576957,0.243063,0.294974,0.605703,0.639329,0.811434,0.391484,0.455294,0.242581,0.0851875,0.366477,0.374627,0.63937,0.649112,0.613638,0.751985,0.480883,0.594078,0.365225,0.673302,0.251651,0.147098,0.0852438,0.343383,0.44839,0.492296,0.438828,0.312748,0.503637,0.193746,0.269863,0.450411,0.250611,0.261711,0.1746,0.305045,0.502538,0.626948,0.475698,0.273837,0.226555,0.363232,0.408403,0.665519,-0.356792,0.336304
0.488047,0.362152,0.675298,1,0.614691,0.750744,0.226372,0.21298,0.169294,0.472667,0.543647,0.470962,0.504641,0.322605,0.501466,-0.0905961,0.354137,0.0510085,0.458208,0.193166,0.289607,0.146679,0.286338,0.341738,0.361536,0.170103,0.259188,0.237341,0.093612,-0.051151,0.147329,-0.173491,0.440422,0.334597,0.427636,0.413243,0.362886,-0.0139419,0.18607,0.462387,0.353577,0.141144,0.47287,0.359884,0.554708,0.335387,0.326579,0.172766,0.34102,0.0728797,0.319124,0.55972,0.524407,0.4533,0.575318,0.303922,0.624406,0.0503043,0.454904,0.181629,0.292458,0.0851422,0.254667,0.295744,0.332994,0.341368,0.253954,0.33686,-0.000721656,0.288751,0.206386,0.073916,0.23108,0.0964307,0.126543,0.54594,0.519067,0.490272,0.421644,0.261016,0.220232,0.270009,0.584787,-0.0713896,0.181545
0.414211,0.322424,0.684627,0.614691,1,0.640244,0.38095,0.368215,0.343122,0.494194,0.431265,0.524855,0.422179,0.327162,0.396422,0.194299,0.21504,0.289559,0.448735,0.517945,0.516315,0.322019,0.557691,0.623361,0.452999,0.324156,0.407146,0.42496,0.253415,0.248844,0.0033717,0.0768391,0.419237,0.42521,0.325272,0.125002,0.214141,0.220052,0.418094,0.579599,0.323164,0.25016,0.378424,0.348076,0.625588,0.535307,0.686889,0.506093,0.280266,0.320687,0.220125,0.534982,0.450305,0.460062,0.580257,0.264766,0.5235,0.167849,0.388362,0.388027,0.259326,0.350522,0.295266,0.539901,0.511087,0.384159,0.483029,0.629102,0.243169,0.33997,0.436732,0.154035,0.0701267,0.212107,0.515271,0.474168,0.508904,0.445212,0.374497,0.354369,0.291189,0.521387,0.604564,-0.234004,0.190344
0.525614,0.341696,0.617315,0.750744,0.640244,1,0.276068,0.145867,0.208735,0.401397,0.447534,0.597458,0.506762,0.364105,0.428331,0.15015,0.317578,0.158382,0.428728,0.328196,0.304206,0.124446,0.244367,0.370447,0.395448,0.0840008,0.246227,0.378071,0.058381,0.0229513,0.0390906,-0.0907954,0.414754,0.413853,0.442639,0.446747,0.336417,0.285667,0.39807,0.621746,0.198889,0.294857,0.460973,0.391124,0.53459,0.36138,0.576787,0.203107,0.310989,0.230447,0.162262,0.466676,0.454894,0.503543,0.542469,0.269426,0.569015,0.212955,0.38243,0.195119,0.192055,0.0304638,0.209658,0.357892,0.32506,0.501519,0.285993,0.348579,0.0746906,0.186475,0.36326,0.00294637,0.231293,0.0567545,0.137452,0.493882,0.487787,0.435311,0.347731,0.264352,0.333885,0.383481,0.704007,-0.238208,0.426686
0.549867,0.455467,0.515655,0.226372,0.38095,0.276068,1,0.323078,0.366417,0.352777,0.307732,0.396147,0.412129,0.490274,0.324931,0.402756,0.277645,0.205141,0.216276,0.466152,0.512704,0.501405,0.446904,0.601212,-0.0402742,0.377614,0.439684,0.400946,0.24542,0.0432239,-0.375597,0.161029,0.374447,0.580874,0.185205,0.179211,0.288803,0.300112,0.695034,0.631541,0.176297,0.24591,0.421491,0.49779,0.602359,0.157599,0.264848,0.0955495,0.164778,0.464483,0.141566,0.302516,0.235826,0.405391,0.476491,0.54419,0.510559,0.512451,0.382744,0.0975188,0.178967,0.0547408,0.252614,0.528721,0.457034,0.421091,0.270726,0.471658,0.0600858,0.236414,0.416965,0.0776932,0.0777975,0.481096,0.432767,0.088356,0.573621,0.346149,0.0485073,0.345856,0.356463,0.597956,0.586854,-0.114528,0.22879
0.127481,0.356917,0.147437,0.21298,0.368215,0.145867,0.323078,1,0.405612,-0.18196,-0.110539,0.03659,0.156489,0.483253,0.263704,0.387069,-0.0328592,0.547672,0.341418,0.633459,0.637944,0.149242,0.427625,0.535961,-0.0643615,0.325584,0.446693,0.384186,0.149125,0.26238,-0.148483,0.577186,0.227956,0.429616,0.175601,-0.0937713,0.28056,-0.0223088,0.454548,0.369581,0.656034,0.405049,0.217067,0.242733,0.292626,0.202041,0.418392,0.607214,0.570255,0.387823,0.289541,-0.0143483,-0.0685218,0.138461,0.163621,0.438509,0.326519,0.271884,-0.0514067,0.0940809,-0.0079466,0.35842,0.495279,0.623358,0.471377,0.421827,0.27662,0.493139,0.278379,0.48861,0.414999,0.128647,-0.0889292,0.231286,0.423661,0.0543573,0.364303,0.240827,0.0542973,0.417577,0.0187052,0.485838,0.275221,0.204896,0.0831364
0.142879,0.248523,0.277573,0.169294,0.343122,0.208735,0.366417,0.405612,1,0.170002,0.0581864,0.401839,0.375653,0.329056,-0.0231298,0.623585,0.0860788,0.410117,0.416602,0.619761,0.66812,0.125029,0.506637,0.575691,0.251231,0.283061,0.412041,0.342031,-0.0464163,-0.0585607,-0.159192,0.160097,0.0474571,0.467732,-0.0418816,0.0129197,0.303668,0.358989,0.54762,0.408458,0.361597,-0.0149739,0.106538,0.296149,0.428892,0.158177,0.122306,0.455225,0.300061,0.517556,0.448479,0.106612,0.0744056,0.438456,0.364275,0.431928,0.387735,0.521329,0.0206868,0.218615,0.383471,0.49329,0.357605,0.543801,0.443747,0.457505,0.523558,0.609484,0.348265,0.583516,0.503794,0.272115,-0.208829,0.520449,0.446261,0.0995225,0.386843,0.115849,-0.160594,0.180768,0.263014,0.524894,0.231336,-0.147328,-0.0705186
0.441994,0.314945,0.627845,0.472667,0.494194,0.401397,0.352777,-0.18196,0.170002,1,0.805494,0.606232,0.66188,0.206943,0.467176,0.122724,0.584116,-0.0437397,0.246567,0.158106,0.204021,0.146334,0.480197,0.319086,0.444091,0.222645,0.105835,0.156011,0.0506895,-0.129502,-0.00909714,-0.403846,0.350147,0.26381,0.166409,0.218096,0.172658,0.228815,0.125013,0.315151,0.000241816,0.0231388,0.282563,0.351612,0.445254,0.0419377,0.165823,-0.0456422,-0.109184,0.227911,0.362542,0.794409,0.845333,0.607469,0.757317,0.260565,0.454291,0.182701,0.614554,0.506438,0.153433,0.188409,0.176734,0.216102,0.333334,0.36198,0.314522,0.261804,-0.0752976,0.0721728,0.215792,-0.106968,0.110613,0.254222,0.249881,0.429455,0.37048,0.210405,0.210757,0.252288,0.434485,0.041371,0.399407,-0.252415,-0.0748574
0.668142,0.463169,0.689944,0.543647,0.431265,0.447534,0.307732,-0.110539,0.0581864,0.805494,1,0.515013,0.65952,0.263945,0.50173,0.0938391,0.629898,-0.0222189,0.347057,0.051215,0.172267,0.191501,0.355897,0.245145,0.36578,0.198923,0.144292,0.159649,0.126657,-0.123295,-0.189263,-0.321087,0.518482,0.255643,0.372473,0.327259,0.321956,0.189384,0.21231,0.406479,0.179683,0.159446,0.519942,0.475067,0.575057,0.144343,0.154131,-0.0553857,-0.10959,0.227262,0.335875,0.766946,0.815376,0.598417,0.768719,0.275511,0.578043,0.25416,0.676529,0.226168,0.00965246,-0.0101165,0.308294,0.197913,0.256486,0.361492,0.0907478,0.159019,-0.115046,0.00994755,0.0739229,0.0483997,0.276019,0.11976,0.150886,0.407146,0.429223,0.389863,0.299163,0.204891,0.476189,0.0920772,0.518973,-0.265501,0.0672624
0.556459,0.379152,0.652274,0.470962,0.524855,0.597458,0.396147,0.03659,0.401839,0.606232,0.515013,1,0.760043,0.232298,0.32224,0.37077,0.577655,0.0667473,0.469624,0.391877,0.33394,0.0881599,0.371206,0.440272,0.515217,0.28593,0.250699,0.308507,0.171579,-0.0802723,-0.100577,-0.323517,0.436046,0.422151,0.16694,0.223018,0.132193,0.303213,0.410132,0.445444,0.0649308,0.186237,0.365188,0.44838,0.538337,0.135254,0.296996,0.132287,-0.00543406,0.404416,0.33364,0.640069,0.597382,0.690634,0.724726,0.22762,0.648617,0.34389,0.511273,0.428441,0.388473,0.208634,0.193491,0.324286,0.37902,0.400808,0.34471,0.405911,0.0395094,0.308442,0.35321,0.0589627,0.209773,0.14434,0.241287,0.280469,0.426508,0.156761,0.15381,0.273221,0.432907,0.31401,0.565669,-0.528332,0.0774797
0.683415,0.61517,0.709687,0.504641,0.422179,0.506762,0.412129,0.156489,0.375653,0.66188,0.65952,0.760043,1,0.514816,0.385152,0.423301,0.84315,-0.00489363,0.487843,0.350149,0.432526,0.154109,0.425847,0.406891,0.419597,0.25576,0.178735,0.319116,0.132017,-0.0944154,-0.0985642,-0.0533429,0.500545,0.547715,0.162753,0.421308,0.293016,0.304196,0.441453,0.558133,0.247562,0.310795,0.388712,0.525686,0.543015,-0.00886542,0.231844,0.160304,0.0701585,0.328428,0.459867,0.660813,0.738447,0.768561,0.847411,0.509397,0.622709,0.443607,0.609848,0.430262,0.136962,0.246701,0.287741,0.431835,0.43517,0.516824,0.246542,0.295216,0.0427388,0.346105,0.282387,-0.014215,0.28074,0.235164,0.343794,0.324694,0.42708,0.302317,0.160848,0.345393,0.579988,0.216408,0.527934,-0.262194,0.0355297
0.385163,0.602408,0.398196,0.322605,0.327162,0.364105,0.490274,0.483253,0.329056,0.206943,0.263945,0.232298,0.514816,1,0.307247,0.596774,0.352427,0.248313,0.460526,0.681225,0.687247,0.525209,0.421906,0.631335,0.231915,0.370602,0.519344,0.377297,-0.0300707,0.0375556,-0.218612,0.499703,0.220065,0.691435,0.105968,0.168656,0.43335,0.332062,0.658684,0.721134,0.42573,0.365119,0.423075,0.495692,0.488787,0.216987,0.35245,0.444798,0.60788,0.434956,0.14759,0.407051,0.258941,0.47391,0.517618,0.806253,0.387483,0.629014,0.34879,0.103775,0.0963681,0.342482,0.541323,0.775692,0.726473,0.663763,0.391206,0.565885,0.297776,0.55012,0.543441,0.243605,-0.0836282,0.303367,0.293274,0.158827,0.575016,0.281676,0.289234,0.569115,0.513164,0.580206,0.584326,0.0207358,0.208321
0.354568,0.446245,0.397118,0.501466,0.396422,0.428331,0.324931,0.263704,-0.0231298,0.467176,0.50173,0.32224,0.385152,0.307247,1,0.161562,0.322369,0.194479,0.378842,0.245858,0.3303,0.349405,0.217921,0.359576,0.270308,0.309167,0.223154,0.236573,0.0243491,0.0688311,-0.117398,-0.0679472,0.202846,0.371663,0.344219,0.13646,0.157214,-0.049152,0.204586,0.338061,0.186149,0.144334,0.542159,0.427034,0.304034,0.0933806,0.230102,0.0357075,0.139431,0.122739,0.373459,0.472844,0.444071,0.220557,0.465862,0.330338,0.558222,0.179245,0.464646,0.0610724,0.0310645,-0.152754,0.33841,0.403738,0.426906,0.50363,0.067409,0.19461,-0.0824346,0.113646,0.136658,-0.202357,0.164139,0.0387298,0.171649,0.15135,0.373456,0.364624,0.315641,0.309827,0.142666,0.168619,0.40039,-0.183658,0.135812
0.245727,0.583917,0.228626,-0.0905961,0.194299,0.15015,0.402756,0.387069,0.623585,0.122724,0.0938391,0.37077,0.423301,0.596774,0.161562,1,0.290143,0.52859,0.486619,0.752055,0.723969,0.281042,0.411042,0.583544,0.247785,0.340557,0.566685,0.296977,-0.0421649,-0.00618131,-0.303342,0.398865,-0.117556,0.493492,-0.208516,-0.132308,0.1702,0.508789,0.661885,0.437043,0.308644,0.100565,0.316753,0.561153,0.359002,0.0547516,0.162095,0.430909,0.263447,0.421949,0.277492,0.129443,0.0236574,0.351635,0.37267,0.535529,0.318672,0.869973,0.19742,0.134828,0.0987212,0.278579,0.434699,0.726955,0.523149,0.603053,0.346304,0.507582,0.362278,0.499742,0.527652,0.271409,-0.266476,0.295692,0.315846,-0.234437,0.205222,-0.0271132,-0.19463,0.35934,0.351286,0.505663,0.253273,-0.229539,0.139703
0.685928,0.664357,0.6562,0.354137,0.21504,0.317578,0.277645,-0.0328592,0.0860788,0.584116,0.629898,0.577655,0.84315,0.352427,0.322369,0.290143,1,-0.114533,0.250598,0.100775,0.120423,0.00965945,0.246073,0.165724,0.302174,0.116478,-0.00262882,0.0464071,0.034914,-0.0195448,-0.055276,-0.120012,0.270905,0.234103,0.0853932,0.331093,0.0442161,0.275031,0.179573,0.27711,0.164469,0.355317,0.351644,0.508654,0.357689,-0.0794836,0.0550475,-0.0474341,-0.255287,0.116319,0.342987,0.489664,0.647895,0.520516,0.648568,0.41047,0.339584,0.349062,0.643343,0.286776,-0.185227,0.000464868,0.0791752,0.241168,0.16289,0.337529,-0.0612164,0.0286574,0.0385725,0.174721,0.141317,0.0333987,0.296698,-0.00219104,0.140637,0.111809,0.202972,0.156533,-0.0127193,0.274634,0.420185,-0.0154535,0.32433,-0.286234,0.0964418
0.010889,0.322674,0.0951147,0.0510085,0.289559,0.158382,0.205141,0.547672,0.410117,-0.0437397,-0.0222189,0.0667473,-0.00489363,0.248313,0.194479,0.52859,-0.114533,1,0.257468,0.563226,0.558843,0.133337,0.275302,0.483498,0.107356,0.112342,0.525214,0.369588,-0.0452233,0.151929,-0.0844078,0.370896,-0.118577,0.211424,0.018442,-0.105914,0.272649,0.169415,0.363575,0.152694,0.452681,0.172171,0.228964,0.342561,0.280995,0.293254,0.299886,0.40059,0.349738,0.337118,0.121048,-0.0624053,-0.163414,-0.101768,0.0678715,0.216026,0.190039,0.502153,0.0546632,0.169351,0.0022629,0.0294876,0.391857,0.560458,0.276266,0.380827,0.231279,0.366955,0.312685,0.272812,0.462452,0.174492,-0.312519,0.185852,0.175427,-0.099511,0.075731,0.135421,-0.132767,0.0988949,-0.0463265,0.355336,0.144678,0.0267043,0.10247
0.310882,0.497807,0.409942,0.458208,0.448735,0.428728,0.216276,0.341418,0.416602,0.246567,0.347057,0.469624,0.487843,0.460526,0.378842,0.486619,0.250598,0.257468,1,0.599751,0.678575,0.281692,0.45386,0.533562,0.220944,-0.0139511,0.453093,0.245026,0.297035,0.0550512,-0.0190475,0.177739,0.291886,0.598523,0.182075,-0.0395533,0.238361,0.209533,0.359359,0.485549,0.341952,0.162454,0.321376,0.285307,0.426514,0.181087,0.324728,0.43242,0.37323,0.311536,0.33778,0.408081,0.257883,0.582332,0.501229,0.194556,0.634819,0.356987,0.119678,0.307539,0.360818,0.244567,0.554808,0.503499,0.580868,0.487468,0.508622,0.562668,0.325871,0.39455,0.43588,0.183657,0.138434,0.261365,0.227142,0.245703,0.361294,0.324335,0.0389216,0.348066,0.26389,0.288575,0.518615,-0.343625,0.0216456
0.21565,0.518017,0.365231,0.193166,0.517945,0.328196,0.466152,0.633459,0.619761,0.158106,0.051215,0.391877,0.350149,0.681225,0.245858,0.752055,0.100775,0.563226,0.599751,1,0.881155,0.385606,0.623854,0.874723,0.311091,0.312273,0.705465,0.47288,0.0491374,0.183652,-0.183127,0.499669,0.146779,0.670037,0.0865322,-0.219967,0.271585,0.404165,0.646268,0.594089,0.384584,0.200775,0.283492,0.399936,0.46407,0.330184,0.461749,0.666115,0.593615,0.604718,0.262682,0.263747,0.0652458,0.432569,0.398831,0.556242,0.434853,0.625956,0.0965336,0.318944,0.230454,0.448136,0.670541,0.837085,0.802527,0.658292,0.646971,0.838262,0.49323,0.651334,0.789294,0.308616,-0.322738,0.40714,0.410127,0.106519,0.503622,0.159746,0.0485843,0.470848,0.261608,0.610335,0.46383,-0.169874,0.154365
0.24741,0.551575,0.381937,0.289607,0.516315,0.304206,0.512704,0.637944,0.66812,0.204021,0.172267,0.33394,0.432526,0.687247,0.3303,0.723969,0.120423,0.558843,0.678575,0.881155,1,0.549044,0.646148,0.812641,0.272292,0.382979,0.703708,0.547543,0.0437476,0.192756,-0.273765,0.482039,0.175691,0.772437,0.101296,-0.12328,0.376054,0.25477,0.703546,0.648183,0.533017,0.142148,0.316354,0.424573,0.549448,0.204307,0.413927,0.669273,0.645204,0.474671,0.349334,0.308533,0.11406,0.452684,0.461646,0.576485,0.535923,0.639037,0.16113,0.341596,0.23789,0.418505,0.667522,0.846783,0.797921,0.672878,0.628336,0.746786,0.380581,0.597864,0.608133,0.277163,-0.175545,0.473687,0.520141,0.0695084,0.470378,0.267791,0.146378,0.375007,0.351445,0.609365,0.448606,-0.0500938,0.135717
0.239406,0.220173,0.313951,0.146679,0.322019,0.124446,0.501405,0.149242,0.125029,0.146334,0.191501,0.0881599,0.154109,0.525209,0.349405,0.281042,0.00965945,0.133337,0.281692,0.385606,0.549044,1,0.193285,0.506567,0.228995,0.429778,0.487762,0.376271,0.0744186,0.247739,-0.396792,0.200117,0.120706,0.633577,0.328515,0.00602001,0.232104,0.0549628,0.594445,0.534014,0.187695,0.0261257,0.344857,0.260644,0.486156,0.199425,0.274751,0.321723,0.337854,0.242802,0.0548678,0.282391,0.0574114,0.132954,0.24154,0.483227,0.252288,0.366542,0.302188,0.0056736,0.161365,0.00269014,0.368826,0.526799,0.588254,0.334106,0.287881,0.395411,0.336736,0.165434,0.222554,0.364258,-0.0705753,0.142348,0.289206,0.0295716,0.46396,0.277193,0.446106,0.0883481,0.258435,0.546701,0.435332,-0.00356151,0.320495
0.312044,0.452512,0.477447,0.286338,0.557691,0.244367,0.446904,0.427625,0.506637,0.480197,0.355897,0.371206,0.425847,0.421906,0.217921,0.411042,0.246073,0.275302,0.45386,0.623854,0.646148,0.193285,1,0.66066,0.185785,0.269912,0.386642,0.261588,0.145896,0.157309,-0.00221275,0.242823,0.259705,0.47144,0.00786319,-0.187144,0.290121,0.313813,0.398181,0.366882,0.31586,0.22052,0.2439,0.370568,0.505042,0.210474,0.380251,0.477879,0.357136,0.449052,0.283359,0.475281,0.315951,0.552475,0.504057,0.324472,0.352328,0.332758,0.22139,0.523664,0.189204,0.487614,0.427241,0.558793,0.603886,0.480243,0.658445,0.705554,0.188564,0.393671,0.533483,0.116319,-0.0180348,0.561151,0.435489,0.225234,0.363125,0.263762,0.048018,0.369348,0.209511,0.26074,0.309479,-0.134901,-0.067443
0.39322,0.559376,0.59699,0.341738,0.623361,0.370447,0.601212,0.535961,0.575691,0.319086,0.245145,0.440272,0.406891,0.631335,0.359576,0.583544,0.165724,0.483498,0.533562,0.874723,0.812641,0.506567,0.66066,1,0.322437,0.392252,0.729611,0.580571,0.21382,0.179001,-0.130477,0.365878,0.328136,0.717121,0.265778,-0.0535396,0.427177,0.423402,0.637496,0.631227,0.334448,0.221179,0.414212,0.49293,0.646968,0.437556,0.46244,0.577189,0.51417,0.641599,0.294632,0.406413,0.216317,0.475705,0.530746,0.599349,0.543405,0.555814,0.25299,0.229785,0.325358,0.327522,0.693618,0.821692,0.867633,0.646148,0.608651,0.885396,0.412356,0.569109,0.78077,0.279871,-0.182475,0.533945,0.455507,0.260173,0.670099,0.410317,0.224642,0.383216,0.32561,0.639298,0.561646,-0.289396,0.136061
0.195472,0.208558,0.401164,0.361536,0.452999,0.395448,-0.0402742,-0.0643615,0.251231,0.444091,0.36578,0.515217,0.419597,0.231915,0.270308,0.247785,0.302174,0.107356,0.220944,0.311091,0.272292,0.228995,0.185785,0.322437,1,0.305501,0.194684,0.377571,-0.287613,-0.041352,-0.0937973,-0.190113,0.06178,0.227318,0.178715,0.111331,0.0597429,0.123055,0.24149,0.304536,0.0576891,-0.093574,0.231433,0.285967,0.267349,0.212224,0.173499,0.233165,0.117945,0.203078,0.317487,0.377966,0.345018,0.219731,0.383732,0.342744,0.285892,0.218696,0.408778,0.270273,0.217983,0.297114,0.21261,0.374121,0.358678,0.404045,0.249834,0.295493,0.150055,0.429477,0.18046,0.254918,-0.248655,-0.0648725,0.144634,0.209431,0.288267,0.253983,0.409563,0.131685,0.358182,0.280181,0.237354,-0.19913,0.045541
0.154144,0.165304,0.243037,0.170103,0.324156,0.0840008,0.377614,0.325584,0.283061,0.222645,0.198923,0.28593,0.25576,0.370602,0.309167,0.340557,0.116478,0.112342,-0.0139511,0.312273,0.382979,0.429778,0.269912,0.392252,0.305501,1,0.423789,0.327673,-0.11436,0.0625107,-0.401211,0.0671626,0.115189,0.330026,0.0177,-0.0139159,0.0813099,0.101208,0.548475,0.317268,0.306857,-0.0121451,0.291691,0.407549,0.396056,0.186565,0.0394409,0.172853,0.195055,0.132785,0.260594,0.321316,0.255554,0.201151,0.397195,0.530153,0.232601,0.415209,0.404649,-0.015256,0.125583,0.285692,0.205575,0.466794,0.404776,0.312788,0.115764,0.291299,-0.0664891,0.360171,0.161674,0.199494,-0.195798,0.172769,0.520064,-0.0606917,0.413869,0.0527197,0.47681,0.322894,0.324519,0.594568,0.258693,-0.0425436,0.137995
0.264785,0.487862,0.437673,0.259188,0.407146,0.246227,0.439684,0.446693,0.412041,0.105835,0.144292,0.250699,0.178735,0.519344,0.223154,0.566685,-0.00262882,0.525214,0.453093,0.705465,0.703708,0.487762,0.386642,0.729611,0.194684,0.423789,1,0.398948,0.215711,0.28234,-0.164689,0.337928,0.188213,0.595295,0.14467,-0.0212626,0.431737,0.356354,0.619056,0.430898,0.423836,-4.33799e-05,0.474417,0.542059,0.63954,0.425787,0.276531,0.465779,0.51379,0.31253,0.24343,0.273168,0.0806479,0.220086,0.335849,0.532515,0.390729,0.658783,0.269118,0.0409841,0.246755,0.268187,0.565705,0.675034,0.657533,0.423685,0.509711,0.66666,0.34943,0.363957,0.645144,0.420807,-0.219661,0.287614,0.296681,0.14792,0.525573,0.232818,0.14344,0.161205,0.181576,0.649797,0.400497,-0.126825,0.322902
0.198405,0.292513,0.335782,0.237341,0.42496,0.378071,0.400946,0.384186,0.342031,0.156011,0.159649,0.308507,0.319116,0.377297,0.236573,0.296977,0.0464071,0.369588,0.245026,0.47288,0.547543,0.376271,0.261588,0.580571,0.377571,0.327673,0.398948,1,0.0453328,0.208339,-0.303192,0.166044,0.322545,0.5345,0.26494,0.209789,0.371602,0.138281,0.583318,0.573095,0.353182,0.196763,0.12441,0.197531,0.313833,0.0957841,0.39236,0.28048,0.37282,0.300149,0.24826,0.0792644,0.0816793,0.194751,0.231015,0.369215,0.437747,0.263944,0.00602998,0.21957,0.12091,0.265772,0.284547,0.599329,0.432026,0.448952,0.223955,0.37397,0.0127935,0.332256,0.418477,0.141704,-0.0680984,0.409212,0.541425,0.154852,0.391764,0.435379,0.339067,0.284215,0.549331,0.522003,0.364674,-0.01155,0.165436
0.345536,0.142696,0.324296,0.093612,0.253415,0.058381,0.24542,0.149125,-0.0464163,0.0506895,0.126657,0.171579,0.132017,-0.0300707,0.0243491,-0.0421649,0.034914,-0.0452233,0.297035,0.0491374,0.0437476,0.0744186,0.145896,0.21382,-0.287613,-0.11436,0.215711,0.0453328,1,0.247729,0.161082,0.0445206,0.468149,0.123514,0.268611,0.128992,0.127532,0.174926,0.0416941,0.129254,-0.0110008,0.293895,0.200451,0.153823,0.31035,0.228879,0.337548,0.132445,-0.0353228,0.195681,0.0417872,0.164777,0.178799,0.214065,0.19172,-0.112808,0.26138,-0.102493,0.0699015,-0.00867636,0.295021,-0.015494,0.0745378,0.00762478,0.165175,-0.150593,0.112019,0.248128,0.114858,-0.130943,0.0881148,0.00901641,0.399267,0.122035,0.128206,0.410134,0.214233,0.3395,-0.0491139,0.0508848,0.0200112,0.111513,0.30693,-0.187794,0.0258827
0.0748939,0.143416,0.101657,-0.051151,0.248844,0.0229513,0.0432239,0.26238,-0.0585607,-0.129502,-0.123295,-0.0802723,-0.0944154,0.0375556,0.0688311,-0.00618131,-0.0195448,0.151929,0.0550512,0.183652,0.192756,0.247739,0.157309,0.179001,-0.041352,0.0625107,0.28234,0.208339,0.247729,1,-0.0141003,0.161568,0.0156319,0.106024,0.176814,-0.220393,-0.241352,0.0320314,0.0917009,-0.0698122,0.297922,0.367399,-0.0603477,0.00559813,0.0696248,0.141701,0.371278,0.280256,0.075688,-0.0910691,-0.107371,-0.103107,-0.0562253,-0.172155,-0.181482,0.0271236,-0.153097,-0.0733035,-0.0224039,0.26152,-0.234246,-0.0121255,0.0436086,0.199239,0.190308,0.0819441,0.0678725,0.0853475,0.145403,-0.108576,0.146543,0.229152,0.125068,0.0559268,0.374013,0.0136566,-0.0108694,0.143724,0.130679,-0.0424954,0.0398013,0.0819671,-0.00440824,0.172001,0.356649
-0.231821,-0.136664,-0.0236709,0.147329,0.0033717,0.0390906,-0.375597,-0.148483,-0.159192,-0.00909714,-0.189263,-0.100577,-0.0985642,-0.218612,-0.117398,-0.303342,-0.055276,-0.0844078,-0.0190475,-0.183127,-0.273765,-0.396792,-0.00221275,-0.130477,-0.0937973,-0.401211,-0.164689,-0.303192,0.161082,-0.0141003,1,0.0222738,-0.0583575,-0.258223,-0.15158,0.128165,-0.0422357,0.03108,-0.467908,-0.398757,-0.150651,-0.0434598,-0.0873039,-0.147693,-0.174703,0.111623,0.04587,0.00972384,-0.000377939,-0.183649,-0.036667,-0.00371008,0.0204136,-0.105433,-0.0833351,-0.298972,-0.166254,-0.365474,-0.0896701,0.156916,0.154572,0.0505439,-0.176239,-0.327882,-0.126522,-0.209562,0.176345,-0.0357724,-0.0368437,-0.0911598,0.0725817,-0.375032,0.174058,0.0210345,-0.118197,0.30215,-0.262249,0.0866899,-0.156662,-0.193348,-0.341533,-0.458537,-0.16578,0.0202999,-0.269147
-0.0489225,0.344711,-0.0486239,-0.173491,0.0768391,-0.0907954,0.161029,0.577186,0.160097,-0.403846,-0.321087,-0.323517,-0.0533429,0.499703,-0.0679472,0.398865,-0.120012,0.370896,0.177739,0.499669,0.482039,0.200117,0.242823,0.365878,-0.190113,0.0671626,0.337928,0.166044,0.0445206,0.161568,0.0222738,1,-0.0352893,0.359663,-0.0728409,-0.0982484,0.173285,0.260186,0.352529,0.302929,0.235119,0.273322,0.0464515,0.14611,0.0903602,0.250053,0.321427,0.457362,0.466091,0.252264,-0.0436653,-0.237572,-0.296061,-0.0405234,-0.0485269,0.366453,-0.117308,0.346194,-0.118592,-0.0608987,-0.123069,0.183509,0.326831,0.449852,0.35599,0.197696,0.253886,0.343052,0.313154,0.311506,0.416792,0.00587159,-0.134619,0.115342,0.234372,-0.071508,0.0903563,0.160026,-0.0854123,0.195476,-0.0797833,0.307362,0.142255,0.155248,0.14522
0.591316,0.129476,0.555234,0.440422,0.419237,0.414754,0.374447,0.227956,0.0474571,0.350147,0.518482,0.436046,0.500545,0.220065,0.202846,-0.117556,0.270905,-0.118577,0.291886,0.146779,0.175691,0.120706,0.259705,0.328136,0.06178,0.115189,0.188213,0.322545,0.468149,0.0156319,-0.0583575,-0.0352893,1,0.462794,0.562725,0.425555,0.439973,0.0600384,0.331703,0.4794,0.117582,0.337849,0.279577,0.155499,0.556926,0.262724,0.382768,0.132656,0.189156,0.428019,0.149996,0.55571,0.567764,0.600108,0.589779,0.204893,0.562195,-0.017846,0.290103,0.152946,0.133925,0.167525,0.400317,0.0612329,0.331166,0.240372,0.222189,0.287188,-0.123629,0.0127479,0.177684,-0.0686972,0.458601,0.258807,0.293187,0.641951,0.622843,0.541703,0.377818,0.16226,0.306885,0.246863,0.616521,-0.193508,0.0503041
0.367696,0.4352,0.473116,0.334597,0.42521,0.413853,0.580874,0.429616,0.467732,0.26381,0.255643,0.422151,0.547715,0.691435,0.371663,0.493492,0.234103,0.211424,0.598523,0.670037,0.772437,0.633577,0.47144,0.717121,0.227318,0.330026,0.595295,0.5345,0.123514,0.106024,-0.258223,0.359663,0.462794,1,0.279025,0.194805,0.525307,0.232993,0.717213,0.740264,0.303737,0.159877,0.315951,0.317264,0.60303,0.176972,0.367815,0.419279,0.522857,0.520045,0.298703,0.441176,0.290619,0.559705,0.563467,0.609847,0.552504,0.512336,0.252932,0.23001,0.277339,0.32793,0.602297,0.642652,0.748325,0.606389,0.609084,0.603627,0.302958,0.353882,0.5885,0.0934212,0.115134,0.401346,0.37822,0.264276,0.6686,0.40046,0.252105,0.245853,0.375463,0.584109,0.610266,-0.228536,0.156973
0.503724,0.092402,0.489842,0.427636,0.325272,0.442639,0.185205,0.175601,-0.0418816,0.166409,0.372473,0.16694,0.162753,0.105968,0.344219,-0.208516,0.0853932,0.018442,0.182075,0.0865322,0.101296,0.328515,0.00786319,0.265778,0.178715,0.0177,0.14467,0.26494,0.268611,0.176814,-0.15158,-0.0728409,0.562725,0.279025,1,0.314702,0.319987,0.0556066,0.202445,0.406919,0.167944,0.270031,0.368657,0.132198,0.430818,0.264235,0.462616,0.17405,0.191702,0.349669,0.217167,0.256916,0.32828,0.232677,0.259282,0.178935,0.380307,-0.135134,0.229061,-0.0354612,-0.0767156,-0.222789,0.42304,0.0739414,0.29637,0.344543,0.00209866,0.167038,0.163587,-0.0637989,0.113412,0.156878,0.262456,-0.139357,0.0964331,0.547112,0.577539,0.478914,0.398268,-0.109075,0.0889376,0.264263,0.551185,-0.107165,0.454813
0.466358,0.153224,0.422722,0.413243,0.125002,0.446747,0.179211,-0.0937713,0.0129197,0.218096,0.327259,0.223018,0.421308,0.168656,0.13646,-0.132308,0.331093,-0.105914,-0.0395533,-0.219967,-0.12328,0.00602001,-0.187144,-0.0535396,0.111331,-0.0139159,-0.0212626,0.209789,0.128992,-0.220393,0.128165,-0.0982484,0.425555,0.194805,0.314702,1,0.538143,0.166152,0.210863,0.345416,-0.0740346,0.135772,0.370519,0.318379,0.345133,0.162598,0.148517,-0.179748,0.0192432,0.0681146,0.239406,0.212886,0.389129,0.176971,0.34102,0.233185,0.31951,0.0712445,0.370157,-0.145836,0.171377,-0.0577715,-0.121785,-0.0628714,-0.0705867,0.0908302,-0.044281,-0.11983,-0.254495,-0.096727,0.0311698,-0.194286,0.466308,0.00274803,-0.00960134,0.506211,0.324685,0.40477,0.205687,-0.129561,0.242067,0.167735,0.336501,-0.0211369,0.119804
0.358001,0.286862,0.39053,0.362886,0.214141,0.336417,0.288803,0.28056,0.303668,0.172658,0.321956,0.132193,0.293016,0.43335,0.157214,0.1702,0.0442161,0.272649,0.238361,0.271585,0.376054,0.232104,0.290121,0.427177,0.0597429,0.0813099,0.431737,0.371602,0.127532,-0.241352,-0.0422357,0.173285,0.439973,0.525307,0.319987,0.538143,1,0.13448,0.419068,0.510653,0.252205,-0.021175,0.482479,0.352985,0.567519,0.263965,0.239685,0.261484,0.560309,0.380034,0.321846,0.340968,0.192074,0.305714,0.38894,0.356738,0.487672,0.349424,0.175641,-0.121936,0.264196,0.184286,0.436005,0.332772,0.382908,0.356845,0.325716,0.374787,0.0722375,0.156205,0.348921,0.021904,0.215139,0.352957,-0.0453481,0.437875,0.529603,0.411298,0.191506,-0.0848924,0.203523,0.375559,0.350029,-0.0983839,0.0697691
0.333906,0.400252,0.420549,-0.0139419,0.220052,0.285667,0.300112,-0.0223088,0.358989,0.228815,0.189384,0.303213,0.304196,0.332062,-0.049152,0.508789,0.275031,0.169415,0.209533,0.404165,0.25477,0.0549628,0.313813,0.423402,0.123055,0.101208,0.356354,0.138281,0.174926,0.0320314,0.03108,0.260186,0.0600384,0.232993,0.0556066,0.166152,0.13448,1,0.337472,0.347126,-0.077529,0.216529,0.263971,0.480272,0.338976,0.204973,0.34173,0.104455,-0.0105481,0.341552,0.0808944,0.172616,0.237481,0.433258,0.392254,0.290315,0.0844887,0.51446,0.31421,0.0919039,0.11488,0.154811,0.101366,0.381249,0.320115,0.326623,0.249464,0.391277,0.215248,0.178242,0.563508,0.0944127,-0.105826,0.1723,0.262601,0.151901,0.223469,0.107463,-0.0747942,0.216587,0.349871,0.333468,0.415357,-0.350379,0.344989
0.477895,0.422178,0.443715,0.18607,0.418094,0.39807,0.695034,0.454548,0.54762,0.125013,0.21231,0.410132,0.441453,0.658684,0.204586,0.661885,0.179573,0.363575,0.359359,0.646268,0.703546,0.594445,0.398181,0.637496,0.24149,0.548475,0.619056,0.583318,0.0416941,0.0917009,-0.467908,0.352529,0.331703,0.717213,0.202445,0.210863,0.419068,0.337472,1,0.737689,0.342337,0.204358,0.445201,0.532054,0.682567,0.293316,0.379117,0.401902,0.418829,0.491523,0.25246,0.231876,0.111611,0.404511,0.433666,0.659757,0.458289,0.726779,0.283918,0.0444529,0.163038,0.245135,0.407041,0.696951,0.552611,0.553731,0.356335,0.53849,0.241592,0.397464,0.494811,0.361781,-0.0423681,0.377409,0.496657,0.0955144,0.600601,0.304558,0.189716,0.28896,0.41449,0.804447,0.578828,-0.0715128,0.413866
0.558532,0.487769,0.576957,0.462387,0.579599,0.621746,0.631541,0.369581,0.408458,0.315151,0.406479,0.445444,0.558133,0.721134,0.338061,0.437043,0.27711,0.152694,0.485549,0.594089,0.648183,0.534014,0.366882,0.631227,0.304536,0.317268,0.430898,0.573095,0.129254,-0.0698122,-0.398757,0.302929,0.4794,0.740264,0.406919,0.345416,0.510653,0.347126,0.737689,1,0.280774,0.249479,0.489761,0.455742,0.635659,0.296865,0.542437,0.410246,0.475987,0.518499,0.23334,0.43504,0.342627,0.586025,0.608929,0.607035,0.655055,0.483997,0.342979,0.0568941,0.203385,0.268069,0.440183,0.662315,0.6152,0.588139,0.368347,0.568737,0.207114,0.439528,0.445816,0.17779,0.0952852,0.249628,0.359137,0.372025,0.725294,0.450064,0.324206,0.400745,0.577443,0.735782,0.785021,-0.191031,0.339058
0.157521,0.387312,0.243063,0.353577,0.323164,0.198889,0.176297,0.656034,0.361597,0.000241816,0.179683,0.0649308,0.247562,0.42573,0.186149,0.308644,0.164469,0.452681,0.341952,0.384584,0.533017,0.187695,0.31586,0.334448,0.0576891,0.306857,0.423836,0.353182,-0.0110008,0.297922,-0.150651,0.235119,0.117582,0.303737,0.167944,-0.0740346,0.252205,-0.077529,0.342337,0.280774,1,0.221346,0.226612,0.209514,0.296613,0.00490071,0.177439,0.50317,0.426123,0.0407931,0.306448,0.109866,0.076115,0.163311,0.206411,0.397937,0.369469,0.268586,0.0616223,0.180718,-0.239663,0.302262,0.388884,0.525202,0.293004,0.422444,0.128558,0.232895,0.197516,0.338385,0.219136,0.256098,-0.0488514,0.132737,0.4329,-0.0309046,0.214983,0.17781,0.0610802,0.303142,0.275137,0.309038,0.200792,0.170504,0.140885
0.426367,0.327993,0.294974,0.141144,0.25016,0.294857,0.24591,0.405049,-0.0149739,0.0231388,0.159446,0.186237,0.310795,0.365119,0.144334,0.100565,0.355317,0.172171,0.162454,0.200775,0.142148,0.0261257,0.22052,0.221179,-0.093574,-0.0121451,-4.33799e-05,0.196763,0.293895,0.367399,-0.0434598,0.273322,0.337849,0.159877,0.270031,0.135772,-0.021175,0.216529,0.204358,0.249479,0.221346,1,0.0796425,0.221481,0.216172,0.0960402,0.499148,0.150662,0.0390071,0.36996,-0.215885,0.0902096,0.227912,0.278042,0.240063,0.269071,0.0504809,0.0310264,0.226245,0.187548,-0.159628,-0.0696734,0.125685,0.282826,0.238195,0.269476,-0.0679821,0.183891,0.115482,0.102327,0.183391,0.112416,0.221195,0.0306562,0.227863,0.103538,0.221018,0.340072,0.179681,0.413541,0.266032,0.17449,0.465271,0.0190514,0.210575
0.689637,0.647825,0.605703,0.47287,0.378424,0.460973,0.421491,0.217067,0.106538,0.282563,0.519942,0.365188,0.388712,0.423075,0.542159,0.316753,0.351644,0.228964,0.321376,0.283492,0.316354,0.344857,0.2439,0.414212,0.231433,0.291691,0.474417,0.12441,0.200451,-0.0603477,-0.0873039,0.0464515,0.279577,0.315951,0.368657,0.370519,0.482479,0.263971,0.445201,0.489761,0.226612,0.0796425,1,0.853225,0.70205,0.415483,0.264837,0.187667,0.228482,0.260709,0.385799,0.450322,0.313853,0.248847,0.527577,0.402842,0.626054,0.516655,0.646224,-0.202682,0.134278,-0.0953951,0.367692,0.414174,0.363183,0.449172,0.126889,0.348784,0.0928643,0.245973,0.244776,0.194737,0.182061,0.00943435,-0.0449874,0.268999,0.479221,0.403107,0.222505,0.0554511,0.163113,0.413312,0.465524,-0.206147,0.349591
0.706113,0.783918,0.639329,0.359884,0.348076,0.391124,0.49779,0.242733,0.296149,0.351612,0.475067,0.44838,0.525686,0.495692,0.427034,0.561153,0.508654,0.342561,0.285307,0.399936,0.424573,0.260644,0.370568,0.49293,0.285967,0.407549,0.542059,0.197531,0.153823,0.00559813,-0.147693,0.14611,0.155499,0.317264,0.132198,0.318379,0.352985,0.480272,0.532054,0.455742,0.209514,0.221481,0.853225,1,0.70986,0.346487,0.209997,0.147153,0.138637,0.308593,0.355248,0.380752,0.346303,0.302397,0.59095,0.562061,0.488322,0.731308,0.735741,-0.0441841,0.134723,-0.0115113,0.292388,0.561842,0.403081,0.505553,0.150276,0.404243,0.117201,0.38564,0.344266,0.281929,0.0154687,0.137785,0.102555,0.130354,0.418302,0.326448,0.125034,0.178426,0.281667,0.480124,0.407967,-0.183043,0.336036
0.73093,0.512993,0.811434,0.554708,0.625588,0.53459,0.602359,0.292626,0.428892,0.445254,0.575057,0.538337,0.543015,0.488787,0.304034,0.359002,0.357689,0.280995,0.426514,0.46407,0.549448,0.486156,0.505042,0.646968,0.267349,0.396056,0.63954,0.313833,0.31035,0.0696248,-0.174703,0.0903602,0.556926,0.60303,0.430818,0.345133,0.567519,0.338976,0.682567,0.635659,0.296613,0.216172,0.70205,0.70986,1,0.544557,0.446778,0.366245,0.324313,0.521887,0.343527,0.600614,0.484974,0.545856,0.725456,0.53806,0.583954,0.570452,0.648218,0.0970552,0.305315,0.157544,0.482771,0.52335,0.558034,0.451692,0.442355,0.622563,0.311004,0.30978,0.466962,0.385049,0.15827,0.297651,0.258181,0.475015,0.717646,0.482115,0.299962,0.107497,0.258684,0.64679,0.675178,-0.209559,0.352621
0.263519,0.17067,0.391484,0.335387,0.535307,0.36138,0.157599,0.202041,0.158177,0.0419377,0.144343,0.135254,-0.00886542,0.216987,0.0933806,0.0547516,-0.0794836,0.293254,0.181087,0.330184,0.204307,0.199425,0.210474,0.437556,0.212224,0.186565,0.425787,0.0957841,0.228879,0.141701,0.111623,0.250053,0.262724,0.176972,0.264235,0.162598,0.263965,0.204973,0.293316,0.296865,0.00490071,0.0960402,0.415483,0.346487,0.544557,1,0.369444,0.317765,0.243598,0.316298,0.0518676,0.23844,0.0979379,0.044164,0.232566,0.211085,0.14284,0.236634,0.23907,-0.148293,0.274751,0.076496,0.296629,0.273452,0.30009,0.0911946,0.323235,0.51519,0.37068,0.269964,0.466411,0.279177,-0.030782,0.173185,0.0654959,0.521709,0.483997,0.440757,0.265634,0.0590017,-0.12079,0.492908,0.398136,-0.200828,0.175812
0.340889,0.227458,0.455294,0.326579,0.686889,0.576787,0.264848,0.418392,0.122306,0.165823,0.154131,0.296996,0.231844,0.35245,0.230102,0.162095,0.0550475,0.299886,0.324728,0.461749,0.413927,0.274751,0.380251,0.46244,0.173499,0.0394409,0.276531,0.39236,0.337548,0.371278,0.04587,0.321427,0.382768,0.367815,0.462616,0.148517,0.239685,0.34173,0.379117,0.542437,0.177439,0.499148,0.264837,0.209997,0.446778,0.369444,1,0.562187,0.430326,0.395606,0.0226778,0.304806,0.234089,0.346139,0.314671,0.131618,0.259006,0.0684024,0.177818,0.289492,0.096271,0.178638,0.225724,0.429291,0.454228,0.329598,0.334962,0.481424,0.257618,0.11139,0.432598,0.0340115,0.250667,0.0478172,0.373673,0.438057,0.327017,0.378161,0.318349,0.25159,0.20462,0.421834,0.614292,-0.050521,0.467812
0.0929536,0.264206,0.242581,0.172766,0.506093,0.203107,0.0955495,0.607214,0.455225,-0.0456422,-0.0553857,0.132287,0.160304,0.444798,0.0357075,0.430909,-0.0474341,0.40059,0.43242,0.666115,0.669273,0.321723,0.477879,0.577189,0.233165,0.172853,0.465779,0.28048,0.132445,0.280256,0.00972384,0.457362,0.132656,0.419279,0.17405,-0.179748,0.261484,0.104455,0.401902,0.410246,0.50317,0.150662,0.187667,0.147153,0.366245,0.317765,0.562187,1,0.638282,0.391685,0.260655,0.196703,-0.0108483,0.207534,0.174473,0.327085,0.264955,0.224893,-0.0789066,0.144823,0.120691,0.514326,0.522534,0.591095,0.619835,0.374216,0.530329,0.65006,0.46267,0.392309,0.452223,0.247314,-0.0636539,0.159251,0.362781,0.225927,0.301759,0.178089,0.0812958,0.168798,0.0893273,0.408628,0.238179,0.0431887,0.0689949
-0.00662785,0.187465,0.0851875,0.34102,0.280266,0.310989,0.164778,0.570255,0.300061,-0.109184,-0.10959,-0.00543406,0.0701585,0.60788,0.139431,0.263447,-0.255287,0.349738,0.37323,0.593615,0.645204,0.337854,0.357136,0.51417,0.117945,0.195055,0.51379,0.37282,-0.0353228,0.075688,-0.000377939,0.466091,0.189156,0.522857,0.191702,0.0192432,0.560309,-0.0105481,0.418829,0.475987,0.426123,0.0390071,0.228482,0.138637,0.324313,0.243598,0.430326,0.638282,1,0.263683,0.129968,0.201761,-0.0743999,0.186515,0.149198,0.38225,0.330567,0.245958,-0.0819298,0.0730608,0.273541,0.390548,0.527146,0.535215,0.632963,0.451031,0.496079,0.557477,0.205516,0.393949,0.41691,0.0908252,-0.0807371,0.287509,0.156807,0.287654,0.388038,0.236542,0.344294,0.186765,0.111443,0.426984,0.309002,0.222671,0.154667
0.362231,0.24,0.366477,0.0728797,0.320687,0.230447,0.464483,0.387823,0.517556,0.227911,0.227262,0.404416,0.328428,0.434956,0.122739,0.421949,0.116319,0.337118,0.311536,0.604718,0.474671,0.242802,0.449052,0.641599,0.203078,0.132785,0.31253,0.300149,0.195681,-0.0910691,-0.183649,0.252264,0.428019,0.520045,0.349669,0.0681146,0.380034,0.341552,0.491523,0.518499,0.0407931,0.36996,0.260709,0.308593,0.521887,0.316298,0.395606,0.391685,0.263683,1,0.200951,0.304582,0.248114,0.45119,0.446897,0.427666,0.385352,0.355139,0.184101,0.129691,0.326593,0.26947,0.594881,0.424466,0.5704,0.479117,0.504541,0.661459,0.34982,0.399368,0.565794,0.199181,-0.0513755,0.334815,0.15286,0.319501,0.643184,0.302677,0.00173069,0.223467,0.190259,0.491462,0.526933,-0.212108,-0.063509
0.237763,0.395394,0.374627,0.319124,0.220125,0.162262,0.141566,0.289541,0.448479,0.362542,0.335875,0.33364,0.459867,0.14759,0.373459,0.277492,0.342987,0.121048,0.33778,0.262682,0.349334,0.0548678,0.283359,0.294632,0.317487,0.260594,0.24343,0.24826,0.0417872,-0.107371,-0.036667,-0.0436653,0.149996,0.298703,0.217167,0.239406,0.321846,0.0808944,0.25246,0.23334,0.306448,-0.215885,0.385799,0.355248,0.343527,0.0518676,0.0226778,0.260655,0.129968,0.200951,1,0.225883,0.351885,0.239979,0.393964,0.305369,0.485698,0.254674,0.201306,0.049797,0.149012,0.351761,0.273943,0.312285,0.232826,0.291753,0.268048,0.232105,0.162013,0.29675,0.297496,-0.00314117,0.0173119,0.157434,0.231073,0.311132,0.312103,0.195786,-0.116133,0.0630077,0.077982,0.163122,0.0695598,-0.0590061,-0.0303458
