1,0.893186,0.94496,0.841164,0.67601,0.750632,0.652969,0.690601,0.336032,0.827847,0.878069,0.816008,0.934165,0.927348,0.608029,0.857844,0.920859,0.60946,0.810811,0.896333,0.920114,0.581784,0.719999,0.916021,0.639526,0.785883,0.841187,0.841742,0.425282,0.256901,0.627861,0.700702,0.83707,0.853227,0.788685,0.342037,0.507596,0.716176,0.913165,0.83368,0.386044,0.74405,0.920446,0.888923,0.936035,0.800459,0.770271,0.811853,0.74055,0.590105,0.628827,0.699331,0.841219,0.915235,0.922069,0.929518,0.823826,0.909338,0.913401,0.623689,0.758467,0.64265,0.877282,0.907803,0.918941,0.719319,0.823172,0.914257,0.598248,0.75584,0.870285,0.675586,0.266762,0.278218,0.485444,0.814763,0.674399,0.663666,0.640751,0.606714,0.750498,0.908565,0.876092,0.715591,0.626909
0.893186,1,0.896635,0.835482,0.615248,0.777941,0.648997,0.704769,0.379757,0.867502,0.891764,0.833313,0.885168,0.859558,0.587756,0.918887,0.91763,0.609329,0.725033,0.906232,0.918551,0.689613,0.691665,0.860361,0.659623,0.721082,0.788072,0.804438,0.472141,0.377493,0.60273,0.686205,0.856677,0.791536,0.82941,0.337136,0.441391,0.635468,0.910988,0.804511,0.40314,0.699709,0.881279,0.886141,0.882846,0.756922,0.7321,0.707222,0.615185,0.493738,0.529731,0.730139,0.824912,0.911697,0.908651,0.879199,0.656436,0.904221,0.85762,0.544739,0.718825,0.527347,0.835844,0.906237,0.88513,0.650778,0.824995,0.890653,0.631345,0.741843,0.820742,0.725249,0.284836,0.3859,0.409317,0.877183,0.688419,0.572789,0.606443,0.651068,0.667437,0.854672,0.842466,0.649546,0.609822
0.94496,0.896635,1,0.86132,0.77474,0.812602,0.72739,0.703708,0.468687,0.822302,0.898931,0.8939,0.908923,0.945672,0.730812,0.844586,0.935257,0.69553,0.85328,0.923927,0.926886,0.707435,0.767229,0.959585,0.735432,0.811942,0.884258,0.830326,0.457235,0.427759,0.558451,0.686275,0.814951,0.902235,0.807618,0.481398,0.538117,0.706383,0.944759,0.894074,0.42397,0.773527,0.932389,0.883531,0.963117,0.900209,0.852388,0.805574,0.650155,0.622893,0.587612,0.700024,0.887148,0.90063,0.936321,0.926303,0.79181,0.913689,0.949157,0.59647,0.753255,0.620397,0.894969,0.917639,0.920837,0.685567,0.806541,0.939611,0.565155,0.860795,0.918601,0.750336,0.325878,0.335352,0.564402,0.862812,0.738685,0.619247,0.562315,0.671098,0.771051,0.91829,0.912574,0.693041,0.674888
0.841164,0.835482,0.86132,1,0.720946,0.674322,0.601059,0.556725,0.332256,0.836723,0.880595,0.775693,0.875103,0.833096,0.571268,0.807801,0.868774,0.541398,0.75718,0.821699,0.865624,0.596253,0.6737,0.843411,0.590259,0.684943,0.710801,0.646905,0.327464,0.347296,0.523076,0.636638,0.773472,0.828988,0.781853,0.354294,0.53597,0.647727,0.902199,0.745447,0.232614,0.65015,0.835079,0.808392,0.844706,0.759867,0.691923,0.709993,0.606036,0.464028,0.621758,0.680976,0.697547,0.774134,0.859616,0.770664,0.728931,0.861561,0.841427,0.410663,0.687348,0.545403,0.82534,0.87475,0.839687,0.64809,0.716542,0.872533,0.495452,0.739685,0.763002,0.597987,0.37404,0.354304,0.48632,0.814384,0.672091,0.583672,0.610487,0.597003,0.607638,0.854226,0.801121,0.620668,0.54826
0.67601,0.615248,0.77474,0.720946,1,0.556813,0.611226,0.463214,0.354963,0.573882,0.674896,0.673202,0.674232,0.753705,0.655409,0.538949,0.691258,0.602156,0.681152,0.667507,0.689247,0.5512,0.590843,0.738625,0.516008,0.605052,0.565027,0.632895,0.050314,0.382685,0.276305,0.383379,0.601627,0.679349,0.532749,0.469634,0.501031,0.599441,0.697765,0.658932,0.260573,0.592591,0.666431,0.620659,0.687519,0.61824,0.699275,0.702736,0.507865,0.536621,0.466978,0.443929,0.641863,0.585334,0.682749,0.670582,0.672285,0.626158,0.673485,0.479567,0.6553,0.45925,0.608271,0.710119,0.635153,0.577204,0.549555,0.72865,0.239406,0.65394,0.724432,0.500018,0.269718,0.273019,0.498009,0.588869,0.437491,0.487808,0.591599,0.520982,0.469741,0.710133,0.63066,0.466039,0.407225
0.750632,0.777941,0.812602,0.674322,0.556813,1,0.612161,0.584475,0.43094,0.740076,0.811955,0.823655,0.719185,0.760768,0.668457,0.764529,0.818811,0.696849,0.721201,0.7509,0.701485,0.817614,0.639713,0.789257,0.786394,0.779186,0.699865,0.776457,0.496997,0.35017,0.67409,0.573768,0.614691,0.647235,0.621027,0.265089,0.182741,0.474792,0.755301,0.712933,0.294382,0.67222,0.820759,0.779194,0.825066,0.774373,0.694269,0.562115,0.417606,0.425913,0.453196,0.615435,0.82693,0.757309,0.786975,0.80514,0.604909,0.766803,0.799843,0.421057,0.680375,0.368879,0.743078,0.76235,0.788075,0.381484,0.736365,0.743832,0.551402,0.684265,0.770823,0.7628,0.207156,0.0636552,0.371806,0.745951,0.651023,0.414478,0.405118,0.600168,0.652565,0.712999,0.759498,0.60211,0.511342
0.652969,0.648997,0.72739,0.601059,0.611226,0.612161,1,0.606509,0.255346,0.566664,0.602635,0.672356,0.607249,0.702342,0.54969,0.572203,0.654106,0.61747,0.535631,0.605428,0.600681,0.521702,0.749972,0.651459,0.381282,0.484211,0.646406,0.583397,0.287795,0.349357,0.370862,0.444058,0.460414,0.633336,0.536502,0.385891,0.410774,0.586451,0.666333,0.653838,0.35797,0.644363,0.612813,0.627672,0.650144,0.632391,0.632143,0.651772,0.502959,0.416125,0.461222,0.419274,0.551606,0.6291,0.607125,0.627578,0.582342,0.631239,0.645222,0.383859,0.606459,0.558023,0.605247,0.64721,0.58234,0.516119,0.688056,0.705763,0.399288,0.651419,0.698171,0.519264,0.261303,0.237762,0.461219,0.663502,0.573622,0.553551,0.427727,0.454629,0.45322,0.646056,0.673938,0.346218,0.530369
0.690601,0.704769,0.703708,0.556725,0.463214,0.584475,0.606509,1,0.365769,0.614349,0.60794,0.69478,0.654141,0.656284,0.503167,0.675739,0.655798,0.633523,0.678714,0.665512,0.645625,0.532167,0.648015,0.680728,0.517176,0.566493,0.732076,0.664652,0.435604,0.24451,0.406007,0.507338,0.606667,0.566407,0.591971,0.132816,0.403564,0.387669,0.64687,0.629297,0.366345,0.467951,0.708265,0.698117,0.759728,0.641746,0.618873,0.593915,0.529852,0.405122,0.445363,0.572153,0.612832,0.72487,0.644283,0.728491,0.57777,0.715534,0.720596,0.310761,0.761149,0.576162,0.636377,0.668705,0.673617,0.438899,0.598302,0.7162,0.430626,0.563571,0.642472,0.442573,0.32969,0.10926,0.385054,0.615795,0.585791,0.590977,0.519742,0.627823,0.47716,0.686979,0.696481,0.559461,0.412738
0.336032,0.379757,0.468687,0.332256,0.354963,0.43094,0.255346,0.365769,1,0.325028,0.324977,0.498025,0.318314,0.41716,0.496736,0.398307,0.411487,0.330859,0.363026,0.342298,0.376119,0.50356,0.502323,0.476646,0.522817,0.289179,0.382329,0.30166,0.409776,0.415601,0.121634,0.143416,0.308945,0.314238,0.252587,0.0875211,0.053923,0.113808,0.386888,0.35094,0.0377095,0.487079,0.46391,0.473576,0.484778,0.476727,0.428532,0.200993,0.130303,0.164764,0.278316,0.307234,0.550469,0.342757,0.408719,0.43375,0.321329,0.374583,0.491162,0.308215,0.410544,0.231555,0.439728,0.356162,0.361871,0.104824,0.193168,0.46326,0.237905,0.590248,0.385316,0.471867,0.280688,0.265371,0.251361,0.332699,0.417924,0.0916499,0.0445022,0.245557,0.294589,0.28168,0.311041,0.284336,0.134996
0.827847,0.867502,0.822302,0.836723,0.573882,0.740076,0.566664,0.614349,0.325028,1,0.911988,0.784106,0.852472,0.815766,0.477545,0.864795,0.867199,0.55863,0.753121,0.839889,0.84082,0.591077,0.543407,0.805951,0.546995,0.708439,0.658041,0.725412,0.403067,0.269639,0.621016,0.60597,0.821443,0.728826,0.780868,0.314254,0.461161,0.612451,0.858668,0.749239,0.266258,0.641654,0.835263,0.839933,0.862061,0.755252,0.710646,0.660186,0.483588,0.428253,0.625742,0.741114,0.718147,0.828387,0.829052,0.813857,0.62817,0.856638,0.835759,0.427969,0.733231,0.515467,0.780836,0.842934,0.841521,0.585494,0.731495,0.82072,0.627916,0.712229,0.713953,0.633521,0.241842,0.236017,0.417694,0.779237,0.662794,0.570482,0.644064,0.639431,0.596876,0.839418,0.816519,0.691818,0.468853
0.878069,0.891764,0.898931,0.880595,0.674896,0.811955,0.602635,0.60794,0.324977,0.911988,1,0.859795,0.894504,0.874564,0.606483,0.862627,0.91374,0.598873,0.774516,0.873997,0.887289,0.64877,0.616572,0.906821,0.733555,0.790877,0.77762,0.770659,0.395963,0.312729,0.670919,0.67046,0.852081,0.827723,0.802327,0.350954,0.512553,0.575363,0.917224,0.79709,0.330242,0.67142,0.892406,0.880948,0.90439,0.805046,0.756931,0.790052,0.580318,0.482515,0.584704,0.729188,0.8147,0.875214,0.924513,0.860078,0.704806,0.890153,0.866761,0.473107,0.693725,0.544241,0.846108,0.898257,0.877292,0.615197,0.78273,0.892314,0.615804,0.744182,0.818853,0.733535,0.222157,0.306198,0.433883,0.875255,0.753882,0.582566,0.621945,0.635529,0.655924,0.89017,0.868628,0.70918,0.593475
0.816008,0.833313,0.8939,0.775693,0.673202,0.823655,0.672356,0.69478,0.498025,0.784106,0.859795,1,0.826025,0.843233,0.73907,0.806994,0.843915,0.604759,0.77613,0.784078,0.788136,0.69242,0.724265,0.906606,0.812703,0.804667,0.830236,0.796506,0.4779,0.300081,0.554803,0.611827,0.774887,0.783362,0.697879,0.370275,0.375294,0.483258,0.856459,0.79414,0.345804,0.640245,0.86407,0.85488,0.902543,0.855973,0.83308,0.730698,0.476609,0.435182,0.577803,0.676123,0.87289,0.837501,0.851731,0.834018,0.693814,0.815971,0.875969,0.499436,0.734444,0.560988,0.814691,0.792145,0.82413,0.497618,0.759812,0.882861,0.529213,0.834055,0.864903,0.761715,0.187927,0.214996,0.396561,0.808263,0.731959,0.489778,0.507304,0.644368,0.700882,0.824336,0.835687,0.682887,0.566254
0.934165,0.885168,0.908923,0.875103,0.674232,0.719185,0.607249,0.654141,0.318314,0.852472,0.894504,0.826025,1,0.868973,0.591578,0.87726,0.944174,0.538357,0.796876,0.860393,0.923494,0.528546,0.713419,0.884391,0.592464,0.741386,0.817358,0.757194,0.380265,0.244135,0.539813,0.735315,0.867716,0.856389,0.836263,0.365837,0.52542,0.668477,0.907385,0.811039,0.313094,0.662174,0.876553,0.854881,0.907121,0.80247,0.75417,0.766759,0.657589,0.478531,0.631828,0.715884,0.817779,0.883068,0.914862,0.852286,0.762859,0.909552,0.885222,0.607023,0.718895,0.677578,0.865823,0.89983,0.92252,0.763522,0.784725,0.903516,0.574343,0.774996,0.816342,0.64092,0.273494,0.352431,0.545634,0.852818,0.748972,0.633503,0.650785,0.581597,0.758909,0.905428,0.86315,0.63586,0.613553
0.927348,0.859558,0.945672,0.833096,0.753705,0.760768,0.702342,0.656284,0.41716,0.815766,0.874564,0.843233,0.868973,1,0.730583,0.798926,0.884578,0.667715,0.806452,0.863274,0.860778,0.601046,0.748184,0.935457,0.66442,0.755648,0.819615,0.838616,0.399594,0.317668,0.51794,0.625678,0.775755,0.831022,0.735363,0.370397,0.492907,0.668091,0.877243,0.854896,0.344315,0.780588,0.901561,0.86508,0.927335,0.854335,0.811102,0.803713,0.663162,0.591679,0.581594,0.66509,0.803797,0.884516,0.883265,0.907523,0.772851,0.856555,0.89959,0.626355,0.722466,0.617118,0.821791,0.867012,0.853922,0.647809,0.781508,0.919496,0.562085,0.825399,0.892867,0.703656,0.283111,0.298418,0.513513,0.798276,0.675679,0.594478,0.590354,0.707666,0.690875,0.865168,0.83169,0.702216,0.595804
0.608029,0.587756,0.730812,0.571268,0.655409,0.668457,0.54969,0.503167,0.496736,0.477545,0.606483,0.73907,0.591578,0.730583,1,0.527872,0.602127,0.64578,0.649639,0.583392,0.59523,0.601803,0.600405,0.716901,0.663998,0.573487,0.589904,0.718205,0.235885,0.345458,0.315885,0.41122,0.591557,0.583701,0.434314,0.298842,0.169884,0.390476,0.60308,0.629455,0.315963,0.510762,0.639289,0.626222,0.678477,0.640688,0.648994,0.551022,0.423032,0.301708,0.252667,0.451879,0.713753,0.545972,0.622783,0.682619,0.580977,0.551328,0.634667,0.448022,0.500169,0.246713,0.558504,0.567841,0.57122,0.327312,0.474556,0.673636,0.260304,0.652014,0.714861,0.562771,0.098107,0.163312,0.309836,0.575456,0.455978,0.271352,0.246124,0.470282,0.576689,0.589833,0.561459,0.55563,0.377034
0.857844,0.918887,0.844586,0.807801,0.538949,0.764529,0.572203,0.675739,0.398307,0.864795,0.862627,0.806994,0.87726,0.798926,0.527872,1,0.907743,0.575234,0.739438,0.890693,0.902429,0.675453,0.698989,0.804636,0.622843,0.679422,0.765044,0.722144,0.516429,0.293314,0.597406,0.695091,0.852417,0.747445,0.763026,0.312734,0.345525,0.596983,0.892945,0.703337,0.265955,0.621063,0.856788,0.909529,0.886942,0.741188,0.739091,0.641064,0.580943,0.404591,0.507611,0.817639,0.8224,0.837332,0.86346,0.841748,0.625115,0.936095,0.84354,0.499734,0.725238,0.499828,0.80905,0.898113,0.917437,0.569118,0.746581,0.827146,0.588997,0.714656,0.745026,0.75758,0.334343,0.379845,0.523097,0.87918,0.728117,0.610955,0.609539,0.567253,0.628445,0.861835,0.840776,0.626432,0.611214
0.920859,0.91763,0.935257,0.868774,0.691258,0.818811,0.654106,0.655798,0.411487,0.867199,0.91374,0.843915,0.944174,0.884578,0.602127,0.907743,1,0.614516,0.789707,0.90129,0.925704,0.666047,0.735082,0.899507,0.674633,0.769506,0.820184,0.764367,0.44216,0.393146,0.613183,0.697868,0.829669,0.835843,0.823747,0.371066,0.470649,0.651625,0.931543,0.814376,0.296588,0.715759,0.926208,0.889645,0.936608,0.836521,0.780092,0.731421,0.601846,0.516668,0.542632,0.7687,0.87699,0.885635,0.941981,0.877447,0.714546,0.939314,0.924356,0.59677,0.722577,0.599929,0.846479,0.933038,0.931458,0.667226,0.795174,0.889319,0.611019,0.820279,0.84455,0.752222,0.344931,0.373582,0.551434,0.872845,0.745318,0.611048,0.63101,0.594251,0.705195,0.884409,0.86775,0.621496,0.660146
0.60946,0.609329,0.69553,0.541398,0.602156,0.696849,0.61747,0.633523,0.330859,0.55863,0.598873,0.604759,0.538357,0.667715,0.64578,0.575234,0.614516,1,0.605679,0.707549,0.607762,0.669075,0.521434,0.625149,0.542345,0.594037,0.538374,0.702354,0.367391,0.31421,0.499155,0.437522,0.51639,0.550365,0.440362,0.426812,0.23443,0.486613,0.638345,0.566365,0.281906,0.575777,0.655871,0.663403,0.694067,0.612275,0.609821,0.520373,0.496561,0.380521,0.298171,0.487458,0.634617,0.562238,0.563381,0.708548,0.579555,0.682683,0.693593,0.414057,0.661285,0.246929,0.560599,0.716742,0.664495,0.337069,0.484761,0.627374,0.214997,0.523233,0.724361,0.509167,0.423449,-0.0726447,0.364422,0.572906,0.418579,0.467818,0.311371,0.659433,0.489149,0.637559,0.587493,0.457792,0.473345
0.810811,0.725033,0.85328,0.75718,0.681152,0.721201,0.535631,0.678714,0.363026,0.753121,0.774516,0.77613,0.796876,0.806452,0.649639,0.739438,0.789707,0.605679,1,0.80884,0.800757,0.637398,0.642258,0.799964,0.655513,0.720568,0.761806,0.714275,0.361124,0.359758,0.437957,0.609496,0.740109,0.757683,0.713682,0.366582,0.452172,0.591865,0.818895,0.788893,0.348837,0.565436,0.848328,0.740403,0.857431,0.781041,0.752014,0.659803,0.607991,0.589141,0.509398,0.523437,0.735057,0.742664,0.797363,0.804994,0.752816,0.815048,0.840149,0.435289,0.714202,0.51146,0.740745,0.802684,0.851081,0.600389,0.737721,0.775026,0.489709,0.74469,0.756553,0.571441,0.273028,0.185957,0.56678,0.713893,0.574234,0.548249,0.523539,0.647136,0.656048,0.826554,0.831381,0.685905,0.578837
0.896333,0.906232,0.923927,0.821699,0.667507,0.7509,0.605428,0.665512,0.342298,0.839889,0.873997,0.784078,0.860393,0.863274,0.583392,0.890693,0.90129,0.707549,0.80884,1,0.949707,0.673224,0.640777,0.857178,0.655265,0.769152,0.804782,0.787232,0.445784,0.385741,0.563999,0.678019,0.835516,0.844895,0.802925,0.476251,0.49336,0.748813,0.935923,0.791118,0.371491,0.70947,0.89701,0.87386,0.91297,0.799766,0.754749,0.736276,0.673148,0.630021,0.507035,0.713127,0.812202,0.869246,0.887917,0.909122,0.717388,0.945783,0.890576,0.600012,0.724945,0.484991,0.832941,0.948401,0.929433,0.657804,0.773607,0.848249,0.539971,0.724671,0.848645,0.703356,0.430398,0.319702,0.568341,0.855361,0.673458,0.654694,0.546193,0.65895,0.723189,0.89968,0.877751,0.676818,0.680244
0.920114,0.918551,0.926886,0.865624,0.689247,0.701485,0.600681,0.645625,0.376119,0.84082,0.887289,0.788136,0.923494,0.860778,0.59523,0.902429,0.925704,0.607762,0.800757,0.949707,1,0.608341,0.650557,0.88741,0.636137,0.765888,0.810466,0.756523,0.382812,0.381554,0.552814,0.749118,0.88329,0.897959,0.850077,0.445574,0.568889,0.741585,0.954667,0.8162,0.389238,0.670705,0.88373,0.866106,0.903678,0.791792,0.757463,0.776523,0.693385,0.59404,0.523789,0.736605,0.83275,0.867278,0.927247,0.888986,0.712499,0.945532,0.891767,0.585224,0.689122,0.554887,0.863282,0.937661,0.931727,0.753693,0.768766,0.8977,0.601073,0.758117,0.828119,0.701634,0.367477,0.442758,0.525525,0.861506,0.729534,0.68215,0.592913,0.555632,0.733281,0.93044,0.893122,0.69009,0.702859
0.581784,0.689613,0.707435,0.596253,0.5512,0.817614,0.521702,0.532167,0.50356,0.591077,0.64877,0.69242,0.528546,0.601046,0.601803,0.675453,0.666047,0.669075,0.637398,0.673224,0.608341,1,0.563637,0.635887,0.718735,0.611081,0.578772,0.634125,0.507718,0.54889,0.539286,0.450704,0.538313,0.52972,0.51597,0.307393,0.0653113,0.416898,0.684215,0.638908,0.377091,0.574732,0.659579,0.648004,0.683486,0.646131,0.604264,0.361202,0.296553,0.350373,0.322528,0.569146,0.754169,0.559286,0.66089,0.650483,0.47841,0.665284,0.691331,0.232692,0.623174,0.181878,0.613969,0.664196,0.667335,0.255816,0.567949,0.594417,0.297864,0.621707,0.60843,0.68948,0.227103,0.164406,0.332376,0.658912,0.490526,0.248601,0.271212,0.55661,0.519603,0.587789,0.662729,0.438866,0.437743
0.719999,0.691665,0.767229,0.6737,0.590843,0.639713,0.749972,0.648015,0.502323,0.543407,0.616572,0.724265,0.713419,0.748184,0.600405,0.698989,0.735082,0.521434,0.642258,0.640777,0.650557,0.563637,1,0.70117,0.517078,0.418196,0.747393,0.563844,0.40897,0.319881,0.306928,0.519698,0.553031,0.616827,0.526577,0.23345,0.302675,0.460995,0.690562,0.56972,0.197315,0.743129,0.74163,0.764919,0.743151,0.677015,0.607979,0.602008,0.594711,0.393654,0.483385,0.423443,0.68455,0.708247,0.692841,0.703974,0.656166,0.688024,0.71682,0.510899,0.628492,0.578686,0.675646,0.694202,0.696412,0.451836,0.609706,0.767648,0.390598,0.70308,0.683758,0.574576,0.441619,0.346163,0.544189,0.723025,0.627463,0.471133,0.436106,0.504211,0.540407,0.630171,0.614969,0.313934,0.507052
0.916021,0.860361,0.959585,0.843411,0.738625,0.789257,0.651459,0.680728,0.476646,0.805951,0.906821,0.906606,0.884391,0.935457,0.716901,0.804636,0.899507,0.625149,0.799964,0.857178,0.88741,0.635887,0.70117,1,0.787874,0.851203,0.887394,0.828883,0.483168,0.353421,0.599394,0.712825,0.81139,0.883315,0.792056,0.407539,0.528094,0.598587,0.909533,0.880259,0.380073,0.696912,0.914359,0.871007,0.948839,0.895465,0.847753,0.830101,0.603494,0.574837,0.589443,0.727306,0.854605,0.902579,0.920391,0.905662,0.740859,0.86758,0.931842,0.543766,0.700688,0.624497,0.899153,0.861745,0.868542,0.642866,0.768661,0.952368,0.629201,0.843475,0.905557,0.764602,0.253812,0.299435,0.452915,0.82611,0.772537,0.557076,0.55881,0.66256,0.758547,0.900425,0.884361,0.749549,0.641052
0.639526,0.659623,0.735432,0.590259,0.516008,0.786394,0.381282,0.517176,0.522817,0.546995,0.733555,0.812703,0.592464,0.66442,0.663998,0.622843,0.674633,0.542345,0.655513,0.655265,0.636137,0.718735,0.517078,0.787874,1,0.788888,0.7316,0.678047,0.512325,0.343788,0.558715,0.554889,0.589988,0.639435,0.501672,0.202739,0.192664,0.224562,0.693009,0.647396,0.387423,0.510399,0.74039,0.710962,0.735304,0.694145,0.649951,0.59444,0.387093,0.438315,0.367495,0.528357,0.798325,0.690439,0.745594,0.728461,0.537387,0.66928,0.710819,0.363884,0.543539,0.303142,0.723882,0.644229,0.67227,0.269783,0.586331,0.706935,0.473613,0.669105,0.73978,0.749775,0.173814,0.147003,0.180982,0.670994,0.598493,0.302876,0.248493,0.531598,0.606331,0.636513,0.685166,0.660231,0.530302
0.785883,0.721082,0.811942,0.684943,0.605052,0.779186,0.484211,0.566493,0.289179,0.708439,0.790877,0.804667,0.741386,0.755648,0.573487,0.679422,0.769506,0.594037,0.720568,0.769152,0.765888,0.611081,0.418196,0.851203,0.788888,1,0.742284,0.799051,0.371198,0.309866,0.639067,0.649378,0.666977,0.789633,0.667091,0.338187,0.411229,0.574424,0.779308,0.806594,0.378931,0.528214,0.763762,0.69334,0.805999,0.759251,0.687125,0.667597,0.442012,0.580615,0.433021,0.688704,0.773624,0.760081,0.797102,0.775064,0.591541,0.785879,0.819058,0.4404,0.646615,0.390304,0.774772,0.738568,0.782509,0.517983,0.681991,0.744475,0.519888,0.687714,0.77877,0.720529,0.154333,0.134366,0.286056,0.646383,0.618643,0.548361,0.449179,0.545988,0.732129,0.79891,0.826934,0.765181,0.5676
0.841187,0.788072,0.884258,0.710801,0.565027,0.699865,0.646406,0.732076,0.382329,0.658041,0.77762,0.830236,0.817358,0.819615,0.589904,0.765044,0.820184,0.538374,0.761806,0.804782,0.810466,0.578772,0.747393,0.887394,0.7316,0.742284,1,0.716325,0.592112,0.273556,0.477264,0.741615,0.686767,0.83626,0.792103,0.431323,0.544895,0.529986,0.83885,0.842415,0.497687,0.602486,0.841198,0.791692,0.87995,0.873662,0.798339,0.745446,0.577046,0.595211,0.543888,0.66091,0.800362,0.882389,0.841695,0.794797,0.635594,0.84308,0.870737,0.469751,0.624479,0.718059,0.848697,0.805051,0.850798,0.653173,0.792446,0.860908,0.607874,0.779831,0.827584,0.704673,0.262188,0.36128,0.538436,0.83808,0.805743,0.607954,0.510349,0.649714,0.730638,0.852449,0.877645,0.654341,0.758013
0.841742,0.804438,0.830326,0.646905,0.632895,0.776457,0.583397,0.664652,0.30166,0.725412,0.770659,0.796506,0.757194,0.838616,0.718205,0.722144,0.764367,0.702354,0.714275,0.787232,0.756523,0.634125,0.563844,0.828883,0.678047,0.799051,0.716325,1,0.380259,0.27891,0.541594,0.543926,0.770123,0.679266,0.642315,0.293521,0.255818,0.629083,0.747117,0.785664,0.410424,0.592937,0.781161,0.772214,0.823055,0.676617,0.720014,0.678893,0.574267,0.486399,0.443193,0.597599,0.774372,0.795263,0.758646,0.866727,0.682235,0.739458,0.799202,0.576714,0.717531,0.37211,0.714167,0.769783,0.758722,0.509403,0.711353,0.770562,0.420655,0.650264,0.830922,0.67379,0.113898,0.0524517,0.284172,0.681393,0.530019,0.420262,0.502613,0.6419,0.786274,0.789687,0.74988,0.734438,0.467328
0.425282,0.472141,0.457235,0.327464,0.050314,0.496997,0.287795,0.435604,0.409776,0.403067,0.395963,0.4779,0.380265,0.399594,0.235885,0.516429,0.44216,0.367391,0.361124,0.445784,0.382812,0.507718,0.40897,0.483168,0.512325,0.371198,0.592112,0.380259,1,0.171279,0.443586,0.501083,0.340854,0.359698,0.422037,0.309555,0.0643281,0.108053,0.449126,0.461378,0.338283,0.321481,0.467736,0.504428,0.533834,0.55439,0.537547,0.223675,0.171594,0.105781,0.403412,0.509429,0.49052,0.504481,0.405029,0.425576,0.258244,0.511928,0.553641,0.0838385,0.332906,0.361645,0.592883,0.430937,0.519248,0.223554,0.448829,0.457079,0.476175,0.520956,0.417056,0.569266,0.164223,0.0588573,0.285751,0.528659,0.513833,0.0437296,0.048835,0.472984,0.43549,0.431009,0.504698,0.34176,0.428944
0.256901,0.377493,0.427759,0.347296,0.382685,0.35017,0.349357,0.24451,0.415601,0.269639,0.312729,0.300081,0.244135,0.317668,0.345458,0.293314,0.393146,0.31421,0.359758,0.385741,0.381554,0.54889,0.319881,0.353421,0.343788,0.309866,0.273556,0.27891,0.171279,1,0.0371592,0.191914,0.26118,0.393189,0.311845,0.34644,0.201114,0.406799,0.355004,0.451919,0.254912,0.421237,0.307086,0.198729,0.321423,0.354155,0.33231,0.158371,0.0749284,0.378677,-0.112017,0.192518,0.363117,0.223272,0.400157,0.318022,0.0982658,0.324038,0.365071,0.183916,0.152069,0.000361276,0.249539,0.353922,0.295408,0.198571,0.245319,0.274633,0.187002,0.492877,0.254998,0.485051,0.198115,0.364715,0.416159,0.327189,0.215254,0.0391294,0.0474907,0.189907,0.309512,0.284558,0.354427,0.068216,0.253778
0.627861,0.60273,0.558451,0.523076,0.276305,0.67409,0.370862,0.406007,0.121634,0.621016,0.670919,0.554803,0.539813,0.51794,0.315885,0.597406,0.613183,0.499155,0.437957,0.563999,0.552814,0.539286,0.306928,0.599394,0.558715,0.639067,0.477264,0.541594,0.443586,0.0371592,1,0.625644,0.587282,0.498266,0.50094,0.166942,0.155684,0.281721,0.625519,0.441488,0.142411,0.435274,0.628972,0.641282,0.601884,0.514474,0.430431,0.520977,0.442067,0.136356,0.351141,0.62511,0.631586,0.578148,0.650233,0.589019,0.45254,0.618715,0.607176,0.187983,0.490649,0.195898,0.585594,0.608321,0.625745,0.240852,0.520601,0.563186,0.48879,0.371607,0.552547,0.572906,0.016333,-0.0360602,0.0509973,0.588463,0.458839,0.322217,0.332261,0.406427,0.36322,0.575086,0.572131,0.460219,0.431222
0.700702,0.686205,0.686275,0.636638,0.383379,0.573768,0.444058,0.507338,0.143416,0.60597,0.67046,0.611827,0.735315,0.625678,0.41122,0.695091,0.697868,0.437522,0.609496,0.678019,0.749118,0.450704,0.519698,0.712825,0.554889,0.649378,0.741615,0.543926,0.501083,0.191914,0.625644,1,0.66758,0.761126,0.693089,0.438145,0.444259,0.442541,0.739123,0.664187,0.358748,0.450878,0.646039,0.628702,0.665561,0.685126,0.557435,0.637639,0.504509,0.331167,0.351924,0.645112,0.651705,0.682852,0.728102,0.629744,0.419405,0.738277,0.69685,0.361755,0.384301,0.439336,0.720204,0.67469,0.756265,0.561031,0.600912,0.705186,0.589737,0.614377,0.60509,0.638444,0.2126,0.271131,0.379071,0.728195,0.698113,0.432811,0.377553,0.441183,0.652949,0.728999,0.754555,0.461049,0.723911
0.83707,0.856677,0.814951,0.773472,0.601627,0.614691,0.460414,0.606667,0.308945,0.821443,0.852081,0.774887,0.867716,0.775755,0.591557,0.852417,0.829669,0.51639,0.740109,0.835516,0.88329,0.538313,0.553031,0.81139,0.589988,0.666977,0.686767,0.770123,0.340854,0.26118,0.587282,0.66758,1,0.744669,0.784055,0.354061,0.3878,0.57638,0.863333,0.698887,0.276415,0.514293,0.796364,0.832925,0.825395,0.66987,0.700143,0.708862,0.667485,0.321823,0.449227,0.704283,0.773264,0.76684,0.863197,0.814856,0.651086,0.821248,0.8058,0.497417,0.659089,0.442692,0.724754,0.844425,0.831632,0.583139,0.643875,0.804467,0.447257,0.637877,0.751438,0.617997,0.148331,0.298261,0.388682,0.807894,0.633322,0.460443,0.55934,0.550445,0.645689,0.846453,0.777198,0.635785,0.52901
0.853227,0.791536,0.902235,0.828988,0.679349,0.647235,0.633336,0.566407,0.314238,0.728826,0.827723,0.783362,0.856389,0.831022,0.583701,0.747445,0.835843,0.550365,0.757683,0.844895,0.897959,0.52972,0.616827,0.883315,0.639435,0.789633,0.83626,0.679266,0.359698,0.393189,0.498266,0.761126,0.744669,1,0.803111,0.569822,0.670121,0.724372,0.901109,0.852501,0.43627,0.653577,0.793094,0.71468,0.840577,0.863148,0.765106,0.782117,0.587204,0.617177,0.486826,0.636148,0.781334,0.814582,0.888237,0.793035,0.666642,0.858045,0.863691,0.519121,0.619871,0.624453,0.844687,0.837556,0.867489,0.71289,0.75397,0.863893,0.555311,0.816291,0.81528,0.698391,0.269282,0.389568,0.556561,0.819778,0.748986,0.630677,0.485501,0.580554,0.755334,0.892552,0.880894,0.622311,0.713376
0.788685,0.82941,0.807618,0.781853,0.532749,0.621027,0.536502,0.591971,0.252587,0.780868,0.802327,0.697879,0.836263,0.735363,0.434314,0.763026,0.823747,0.440362,0.713682,0.802925,0.850077,0.51597,0.526577,0.792056,0.501672,0.667091,0.792103,0.642315,0.422037,0.311845,0.50094,0.693089,0.784055,0.803111,1,0.496112,0.620469,0.658923,0.845158,0.823448,0.311689,0.48687,0.761851,0.701969,0.789616,0.783576,0.695356,0.626512,0.540326,0.461536,0.499254,0.683384,0.667452,0.790749,0.830552,0.680595,0.518554,0.809962,0.81157,0.37496,0.555975,0.608798,0.762125,0.839382,0.834399,0.766498,0.762166,0.783213,0.581475,0.662552,0.704646,0.570361,0.136051,0.42216,0.506684,0.848425,0.788661,0.557384,0.54444,0.585353,0.652215,0.847746,0.834211,0.597069,0.671567
0.342037,0.337136,0.481398,0.354294,0.469634,0.265089,0.385891,0.132816,0.0875211,0.314254,0.350954,0.370275,0.365837,0.370397,0.298842,0.312734,0.371066,0.426812,0.366582,0.476251,0.445574,0.307393,0.23345,0.407539,0.202739,0.338187,0.431323,0.293521,0.309555,0.34644,0.166942,0.438145,0.354061,0.569822,0.496112,1,0.532283,0.50101,0.46235,0.506137,0.249968,0.317715,0.296949,0.253957,0.380001,0.537191,0.607021,0.389076,0.184153,0.304813,0.189317,0.328579,0.395828,0.29983,0.373274,0.288259,0.194743,0.400619,0.440109,0.253276,0.14588,0.2941,0.385354,0.46837,0.487795,0.493816,0.3423,0.374831,0.135668,0.461629,0.451083,0.452603,0.0600317,0.226082,0.581059,0.477648,0.378001,0.223811,0.157309,0.378095,0.403368,0.518837,0.47804,0.154997,0.577056
0.507596,0.441391,0.538117,0.53597,0.501031,0.182741,0.410774,0.403564,0.053923,0.461161,0.512553,0.375294,0.52542,0.492907,0.169884,0.345525,0.470649,0.23443,0.452172,0.49336,0.568889,0.0653113,0.302675,0.528094,0.192664,0.411229,0.544895,0.255818,0.0643281,0.201114,0.155684,0.444259,0.3878,0.670121,0.620469,0.532283,1,0.471361,0.535932,0.586097,0.276757,0.360175,0.429195,0.36063,0.470815,0.532499,0.481285,0.620081,0.355761,0.533385,0.379758,0.351919,0.326544,0.520568,0.531542,0.377078,0.337631,0.503578,0.501109,0.169632,0.263218,0.630104,0.503202,0.520334,0.500846,0.718667,0.457797,0.568801,0.385709,0.431177,0.422729,0.284531,0.175711,0.475925,0.461314,0.467593,0.530453,0.6533,0.530493,0.37781,0.294166,0.60866,0.557215,0.432164,0.540774
0.716176,0.635468,0.706383,0.647727,0.599441,0.474792,0.586451,0.387669,0.113808,0.612451,0.575363,0.483258,0.668477,0.668091,0.390476,0.596983,0.651625,0.486613,0.591865,0.748813,0.741585,0.416898,0.460995,0.598587,0.224562,0.574424,0.529986,0.629083,0.108053,0.406799,0.281721,0.442541,0.57638,0.724372,0.658923,0.50101,0.471361,1,0.682382,0.69545,0.302068,0.639793,0.572536,0.507022,0.626849,0.581599,0.546398,0.550617,0.574177,0.588155,0.432038,0.425004,0.524885,0.568473,0.625061,0.642731,0.570602,0.668797,0.653709,0.574068,0.55942,0.382195,0.556712,0.704928,0.689706,0.726288,0.647606,0.593082,0.338108,0.542889,0.606581,0.471178,0.234381,0.254652,0.573133,0.589376,0.44943,0.566261,0.414325,0.408289,0.668752,0.727708,0.678285,0.44046,0.482169
0.913165,0.910988,0.944759,0.902199,0.697765,0.755301,0.666333,0.64687,0.386888,0.858668,0.917224,0.856459,0.907385,0.877243,0.60308,0.892945,0.931543,0.638345,0.818895,0.935923,0.954667,0.684215,0.690562,0.909533,0.693009,0.779308,0.83885,0.747117,0.449126,0.355004,0.625519,0.739123,0.863333,0.901109,0.845158,0.46235,0.535932,0.682382,1,0.831011,0.379003,0.668961,0.921842,0.89478,0.932722,0.850921,0.79377,0.782436,0.669395,0.54849,0.583969,0.758525,0.842649,0.867343,0.929115,0.869788,0.761333,0.951701,0.933336,0.511662,0.732955,0.577077,0.885045,0.941409,0.936683,0.693817,0.807815,0.917559,0.567433,0.805038,0.871112,0.730198,0.375048,0.39142,0.507122,0.896119,0.759236,0.640961,0.585778,0.62563,0.710422,0.932869,0.925774,0.666166,0.747458
0.83368,0.804511,0.894074,0.745447,0.658932,0.712933,0.653838,0.629297,0.35094,0.749239,0.79709,0.79414,0.811039,0.854896,0.629455,0.703337,0.814376,0.566365,0.788893,0.791118,0.8162,0.638908,0.56972,0.880259,0.647396,0.806594,0.842415,0.785664,0.461378,0.451919,0.441488,0.664187,0.698887,0.852501,0.823448,0.506137,0.586097,0.69545,0.831011,1,0.543411,0.619659,0.768262,0.670652,0.837387,0.861812,0.803008,0.670898,0.466257,0.593313,0.533307,0.648123,0.756103,0.803461,0.826991,0.765745,0.618755,0.803926,0.873217,0.460447,0.607462,0.621353,0.789885,0.776951,0.811604,0.741711,0.810209,0.818594,0.571028,0.830606,0.803637,0.689057,0.113069,0.319773,0.503302,0.752767,0.709822,0.515878,0.489334,0.658078,0.771176,0.847103,0.893879,0.708458,0.668303
0.386044,0.40314,0.42397,0.232614,0.260573,0.294382,0.35797,0.366345,0.0377095,0.266258,0.330242,0.345804,0.313094,0.344315,0.315963,0.265955,0.296588,0.281906,0.348837,0.371491,0.389238,0.377091,0.197315,0.380073,0.387423,0.378931,0.497687,0.410424,0.338283,0.254912,0.142411,0.358748,0.276415,0.43627,0.311689,0.249968,0.276757,0.302068,0.379003,0.543411,1,0.248383,0.319881,0.260833,0.359885,0.370398,0.424998,0.347082,0.227847,0.467436,0.267189,0.227052,0.419197,0.436282,0.365104,0.402772,0.27465,0.342401,0.36632,0.107088,0.313582,0.385686,0.411528,0.26648,0.33889,0.392568,0.505572,0.396262,0.436713,0.402948,0.391151,0.291965,-0.0599976,0.10816,0.0374812,0.309195,0.197766,0.265574,0.188013,0.327052,0.400812,0.407394,0.510865,0.385112,0.370488
0.74405,0.699709,0.773527,0.65015,0.592591,0.67222,0.644363,0.467951,0.487079,0.641654,0.67142,0.640245,0.662174,0.780588,0.510762,0.621063,0.715759,0.575777,0.565436,0.70947,0.670705,0.574732,0.743129,0.696912,0.510399,0.528214,0.602486,0.592937,0.321481,0.421237,0.435274,0.450878,0.514293,0.653577,0.48687,0.317715,0.360175,0.639793,0.668961,0.619659,0.248383,1,0.715938,0.688181,0.714555,0.683143,0.565848,0.63078,0.536452,0.552843,0.555484,0.35913,0.708911,0.710341,0.733855,0.773305,0.634816,0.666567,0.710349,0.660832,0.599479,0.483366,0.653177,0.70177,0.682077,0.492157,0.606705,0.731102,0.436612,0.656461,0.679229,0.604728,0.35759,0.214234,0.492561,0.626527,0.50631,0.471549,0.352616,0.553938,0.560148,0.609643,0.582631,0.382821,0.399471
0.920446,0.881279,0.932389,0.835079,0.666431,0.820759,0.612813,0.708265,0.46391,0.835263,0.892406,0.86407,0.876553,0.901561,0.639289,0.856788,0.926208,0.655871,0.848328,0.89701,0.88373,0.659579,0.74163,0.914359,0.74039,0.763762,0.841198,0.781161,0.467736,0.307086,0.628972,0.646039,0.796364,0.793094,0.761851,0.296949,0.429195,0.572536,0.921842,0.768262,0.319881,0.715938,1,0.925594,0.964535,0.844738,0.780181,0.766562,0.665964,0.597615,0.592447,0.6805,0.855504,0.909564,0.903845,0.923557,0.795426,0.904156,0.923565,0.578952,0.753196,0.582153,0.858173,0.900911,0.906217,0.593188,0.802894,0.907374,0.647601,0.780321,0.883446,0.694134,0.389794,0.258704,0.466024,0.816323,0.672326,0.616476,0.611656,0.656796,0.673381,0.861958,0.851502,0.685023,0.643689
0.888923,0.886141,0.883531,0.808392,0.620659,0.779194,0.627672,0.698117,0.473576,0.839933,0.880948,0.85488,0.854881,0.86508,0.626222,0.909529,0.889645,0.663403,0.740403,0.87386,0.866106,0.648004,0.764919,0.871007,0.710962,0.69334,0.791692,0.772214,0.504428,0.198729,0.641282,0.628702,0.832925,0.71468,0.701969,0.253957,0.36063,0.507022,0.89478,0.670652,0.260833,0.688181,0.925594,1,0.92661,0.75054,0.746898,0.755532,0.675578,0.440795,0.596686,0.745989,0.832993,0.880253,0.859703,0.899749,0.748562,0.892433,0.866321,0.530353,0.75939,0.525224,0.850124,0.89224,0.873021,0.53362,0.712227,0.904576,0.559454,0.709568,0.833868,0.709424,0.39158,0.303892,0.39333,0.847164,0.706066,0.616138,0.603525,0.606233,0.614695,0.844762,0.798247,0.667636,0.594707
0.936035,0.882846,0.963117,0.844706,0.687519,0.825066,0.650144,0.759728,0.484778,0.862061,0.90439,0.902543,0.907121,0.927335,0.678477,0.886942,0.936608,0.694067,0.857431,0.91297,0.903678,0.683486,0.743151,0.948839,0.735304,0.805999,0.87995,0.823055,0.533834,0.321423,0.601884,0.665561,0.825395,0.840577,0.789616,0.380001,0.470815,0.626849,0.932722,0.837387,0.359885,0.714555,0.964535,0.92661,1,0.907022,0.862268,0.776317,0.630547,0.565385,0.629498,0.762751,0.882747,0.908936,0.911916,0.935162,0.78668,0.933401,0.968838,0.558251,0.800515,0.63882,0.892123,0.91066,0.937661,0.631109,0.785972,0.932826,0.604005,0.833311,0.897054,0.74445,0.354674,0.263024,0.534293,0.841274,0.751252,0.630622,0.59669,0.703748,0.733724,0.922432,0.905133,0.736652,0.640443
0.800459,0.756922,0.900209,0.759867,0.61824,0.774373,0.632391,0.641746,0.476727,0.755252,0.805046,0.855973,0.80247,0.854335,0.640688,0.741188,0.836521,0.612275,0.781041,0.799766,0.791792,0.646131,0.677015,0.895465,0.694145,0.759251,0.873662,0.676617,0.55439,0.354155,0.514474,0.685126,0.66987,0.863148,0.783576,0.537191,0.532499,0.581599,0.850921,0.861812,0.370398,0.683143,0.844738,0.75054,0.907022,1,0.86017,0.693393,0.453327,0.549453,0.56423,0.689219,0.82099,0.81465,0.843917,0.793787,0.615846,0.821751,0.918814,0.460714,0.648414,0.67382,0.823081,0.787572,0.859617,0.595188,0.738598,0.857902,0.592509,0.869146,0.834447,0.731849,0.248561,0.262395,0.577987,0.794007,0.795844,0.539284,0.435736,0.725823,0.709921,0.841684,0.870079,0.639674,0.678433
0.770271,0.7321,0.852388,0.691923,0.699275,0.694269,0.632143,0.618873,0.428532,0.710646,0.756931,0.83308,0.75417,0.811102,0.648994,0.739091,0.780092,0.609821,0.752014,0.754749,0.757463,0.604264,0.607979,0.847753,0.649951,0.687125,0.798339,0.720014,0.537547,0.33231,0.430431,0.557435,0.700143,0.765106,0.695356,0.607021,0.481285,0.546398,0.79377,0.803008,0.424998,0.565848,0.780181,0.746898,0.862268,0.86017,1,0.753602,0.496465,0.533991,0.577501,0.664416,0.796894,0.759688,0.769636,0.785123,0.630795,0.759516,0.830016,0.443009,0.676365,0.668961,0.776645,0.772462,0.817575,0.630153,0.735349,0.835954,0.539112,0.814518,0.85092,0.754544,0.114194,0.252925,0.570858,0.753504,0.63794,0.506728,0.524445,0.7083,0.612595,0.866939,0.820626,0.657144,0.648233
0.811853,0.707222,0.805574,0.709993,0.702736,0.562115,0.651772,0.593915,0.200993,0.660186,0.790052,0.730698,0.766759,0.803713,0.551022,0.641064,0.731421,0.520373,0.659803,0.736276,0.776523,0.361202,0.602008,0.830101,0.59444,0.667597,0.745446,0.678893,0.223675,0.158371,0.520977,0.637639,0.708862,0.782117,0.626512,0.389076,0.620081,0.550617,0.782436,0.670898,0.347082,0.63078,0.766562,0.755532,0.776317,0.693393,0.753602,1,0.741022,0.5907,0.611927,0.504873,0.677596,0.787324,0.79329,0.805038,0.737974,0.717623,0.716654,0.55592,0.626164,0.633755,0.766275,0.758807,0.735165,0.688299,0.694077,0.87066,0.525834,0.627351,0.832499,0.614948,0.203411,0.279106,0.397745,0.716637,0.622492,0.651442,0.556104,0.563922,0.566158,0.845279,0.759535,0.627779,0.642148
0.74055,0.615185,0.650155,0.606036,0.507865,0.417606,0.502959,0.529852,0.130303,0.483588,0.580318,0.476609,0.657589,0.663162,0.423032,0.580943,0.601846,0.496561,0.607991,0.673148,0.693385,0.296553,0.594711,0.603494,0.387093,0.442012,0.577046,0.574267,0.171594,0.0749284,0.442067,0.504509,0.667485,0.587204,0.540326,0.184153,0.355761,0.574177,0.669395,0.466257,0.227847,0.536452,0.665964,0.675578,0.630547,0.453327,0.496465,0.741022,1,0.47013,0.457817,0.309926,0.520228,0.630017,0.655805,0.707674,0.758844,0.645469,0.590162,0.5242,0.59849,0.474586,0.5859,0.721628,0.662837,0.606394,0.603156,0.682794,0.348274,0.391179,0.701234,0.333239,0.286443,0.161314,0.338336,0.61328,0.398028,0.574875,0.370303,0.453352,0.46051,0.676721,0.57754,0.414679,0.546348
0.590105,0.493738,0.622893,0.464028,0.536621,0.425913,0.416125,0.405122,0.164764,0.428253,0.482515,0.435182,0.478531,0.591679,0.301708,0.404591,0.516668,0.380521,0.589141,0.630021,0.59404,0.350373,0.393654,0.574837,0.438315,0.580615,0.595211,0.486399,0.105781,0.378677,0.136356,0.331167,0.321823,0.617177,0.461536,0.304813,0.533385,0.588155,0.54849,0.593313,0.467436,0.552843,0.597615,0.440795,0.565385,0.549453,0.533991,0.5907,0.47013,1,0.314073,0.241668,0.473009,0.645287,0.564516,0.629989,0.477515,0.53284,0.543405,0.447106,0.436021,0.475984,0.531243,0.550747,0.545909,0.569605,0.610498,0.556345,0.494885,0.477213,0.583641,0.40037,0.298947,0.278438,0.386516,0.388043,0.300658,0.651492,0.420675,0.480571,0.488042,0.571084,0.56568,0.524367,0.535741
0.628827,0.529731,0.587612,0.621758,0.466978,0.453196,0.461222,0.445363,0.278316,0.625742,0.584704,0.577803,0.631828,0.581594,0.252667,0.507611,0.542632,0.298171,0.509398,0.507035,0.523789,0.322528,0.483385,0.589443,0.367495,0.433021,0.543888,0.443193,0.403412,-0.112017,0.351141,0.351924,0.449227,0.486826,0.499254,0.189317,0.379758,0.432038,0.583969,0.533307,0.267189,0.555484,0.592447,0.596686,0.629498,0.56423,0.577501,0.611927,0.457817,0.314073,1,0.367109,0.459849,0.614059,0.516866,0.570542,0.719916,0.558832,0.592711,0.366782,0.657512,0.6803,0.709513,0.547662,0.581307,0.619176,0.590343,0.681121,0.419396,0.499934,0.586258,0.315855,0.228479,0.0473083,0.307502,0.511978,0.51843,0.43497,0.421651,0.492156,0.475605,0.63225,0.604047,0.502462,0.302471
0.699331,0.730139,0.700024,0.680976,0.443929,0.615435,0.419274,0.572153,0.307234,0.741114,0.729188,0.676123,0.715884,0.66509,0.451879,0.817639,0.7687,0.487458,0.523437,0.713127,0.736605,0.569146,0.423443,0.727306,0.528357,0.688704,0.66091,0.597599,0.509429,0.192518,0.62511,0.645112,0.704283,0.636148,0.683384,0.328579,0.351919,0.425004,0.758525,0.648123,0.227052,0.35913,0.6805,0.745989,0.762751,0.689219,0.664416,0.504873,0.309926,0.241668,0.367109,1,0.692574,0.662545,0.708505,0.630364,0.394436,0.796284,0.752077,0.241437,0.559003,0.403925,0.694485,0.7148,0.748965,0.44259,0.523837,0.681248,0.475356,0.616796,0.594303,0.691424,0.199526,0.373292,0.372288,0.707628,0.686792,0.523871,0.571705,0.450074,0.477252,0.752693,0.752243,0.612597,0.543276
0.841219,0.824912,0.887148,0.697547,0.641863,0.82693,0.551606,0.612832,0.550469,0.718147,0.8147,0.87289,0.817779,0.803797,0.713753,0.8224,0.87699,0.634617,0.735057,0.812202,0.83275,0.754169,0.68455,0.854605,0.798325,0.773624,0.800362,0.774372,0.49052,0.363117,0.631586,0.651705,0.773264,0.781334,0.667452,0.395828,0.326544,0.524885,0.842649,0.756103,0.419197,0.708911,0.855504,0.832993,0.882747,0.82099,0.796894,0.677596,0.520228,0.473009,0.459849,0.692574,1,0.804555,0.893017,0.852347,0.653667,0.834906,0.873171,0.581883,0.696978,0.496747,0.787311,0.818185,0.876233,0.515234,0.707128,0.82723,0.521492,0.797491,0.825727,0.817469,0.164742,0.291724,0.416992,0.785084,0.653905,0.488869,0.46101,0.574084,0.703518,0.802841,0.791098,0.61795,0.612418
