1,0.851669,0.931636,0.763915,0.722255,0.727882,0.450432,0.416554,0.542105,0.72131,0.754042,0.755675,0.90946,0.84037,0.455716,0.88873,0.901458,0.516799,0.533291,0.797367,0.830243,0.473275,0.645729,0.854209,0.291077,0.64365,0.668367,0.363058,0.588181,0.36185,0.287859,0.468448,0.582475,0.596153,0.625789,0.0110718,0.0249217,0.539821,0.767689,0.778722,0.222328,0.632967,0.904972,0.901171,0.938936,0.829182,0.777357,0.639848,0.538541,0.316367,0.48248,0.835855,0.871128,0.845339,0.903849,0.885986,0.73287,0.881323,0.875246,0.453879,0.566162,0.633129,0.556851,0.815659,0.815765,0.543711,0.749027,0.806947,0.521354,0.547027,0.729271,0.593457,0.439635,0.451561,0.310865,0.734611,0.709363,0.58597,0.460876,0.532356,0.613704,0.858876,0.707364,0.449153,0.578465
0.851669,1,0.854093,0.752441,0.76772,0.619106,0.353041,0.394335,0.516657,0.611917,0.769264,0.778224,0.803023,0.826834,0.49859,0.901903,0.800552,0.404962,0.451449,0.682563,0.744769,0.572749,0.630063,0.744918,0.340072,0.583721,0.537914,0.220888,0.552806,0.354843,0.374552,0.38554,0.506064,0.463978,0.615386,-0.146863,0.01987,0.51971,0.726876,0.680943,0.277228,0.577283,0.778425,0.793473,0.828968,0.742142,0.6607,0.578358,0.461246,0.288912,0.357973,0.724616,0.793912,0.790811,0.837293,0.770983,0.618189,0.756765,0.83542,0.398664,0.461952,0.475525,0.549634,0.708031,0.745319,0.579077,0.650488,0.713663,0.513121,0.501059,0.674302,0.473078,0.444959,0.528232,0.360112,0.615406,0.703203,0.594481,0.391922,0.363768,0.589258,0.788899,0.680139,0.485782,0.570615
0.931636,0.854093,1,0.78689,0.787672,0.805338,0.447362,0.479505,0.676976,0.767996,0.798076,0.749743,0.898894,0.855821,0.549793,0.893776,0.882783,0.4847,0.556216,0.846921,0.846133,0.630766,0.737929,0.917799,0.319722,0.642149,0.71795,0.405561,0.620009,0.382099,0.389469,0.520702,0.66949,0.595261,0.656158,-0.0340197,0.0696794,0.688595,0.830495,0.804788,0.361419,0.659275,0.924023,0.870694,0.969375,0.817974,0.745594,0.704589,0.506271,0.328093,0.489595,0.79505,0.855863,0.793676,0.907284,0.892323,0.726958,0.896836,0.919981,0.425711,0.535423,0.703777,0.596288,0.87177,0.856555,0.528357,0.81571,0.887384,0.569114,0.604933,0.778645,0.606223,0.421256,0.487782,0.347012,0.738731,0.75821,0.595538,0.384332,0.50571,0.598093,0.875534,0.760939,0.49611,0.611149
0.763915,0.752441,0.78689,1,0.656054,0.580079,0.203043,0.313592,0.469264,0.646818,0.684406,0.702094,0.788141,0.670776,0.350792,0.741051,0.727344,0.288559,0.337336,0.643878,0.636181,0.577774,0.489906,0.649878,0.161996,0.355899,0.539064,0.104017,0.369637,0.310214,0.274033,0.253712,0.396283,0.604891,0.572927,-0.178795,-0.185833,0.551315,0.654731,0.704415,0.184586,0.35142,0.691007,0.723312,0.765431,0.660425,0.613602,0.654023,0.43568,0.223942,0.226022,0.619458,0.708266,0.651589,0.711948,0.787184,0.541085,0.765051,0.76048,0.336975,0.337969,0.395967,0.455282,0.637507,0.604701,0.402891,0.516794,0.680109,0.648754,0.508243,0.425111,0.487902,0.267857,0.457444,0.168453,0.542811,0.504408,0.475463,0.341801,0.299498,0.433493,0.663244,0.562749,0.350386,0.409053
0.722255,0.76772,0.787672,0.656054,1,0.519958,0.355646,0.415194,0.549966,0.571913,0.671366,0.653065,0.697496,0.782676,0.330662,0.733693,0.620978,0.386217,0.519594,0.654318,0.733749,0.573645,0.587392,0.694263,0.265831,0.466116,0.56036,0.279139,0.582603,0.378089,0.415135,0.311718,0.529669,0.40039,0.537248,-0.0446358,0.0942626,0.379769,0.689306,0.706303,0.439628,0.568334,0.703631,0.637201,0.75329,0.66852,0.585794,0.451899,0.400076,0.347485,0.374094,0.591541,0.665236,0.71259,0.653691,0.759141,0.533946,0.681197,0.664893,0.272408,0.542002,0.468115,0.49097,0.627594,0.667339,0.388921,0.552287,0.695231,0.407123,0.481617,0.64256,0.427366,0.332737,0.415424,0.335229,0.492205,0.591642,0.521762,0.353409,0.445623,0.514221,0.698645,0.627854,0.42857,0.573093
0.727882,0.619106,0.805338,0.580079,0.519958,1,0.441935,0.462875,0.584378,0.613424,0.623545,0.599117,0.647872,0.593734,0.551567,0.657741,0.660302,0.508848,0.456971,0.773761,0.673748,0.561018,0.639391,0.827852,0.279466,0.508426,0.60811,0.417594,0.488133,0.454846,0.324354,0.438529,0.558736,0.630553,0.58029,-0.0143507,-0.069989,0.644127,0.629229,0.650516,0.288652,0.651198,0.754866,0.6695,0.800358,0.533279,0.75062,0.716718,0.302735,0.250097,0.32103,0.605617,0.670004,0.654258,0.708414,0.71974,0.543712,0.751741,0.735964,0.525241,0.376419,0.69406,0.548328,0.789434,0.734995,0.615794,0.837019,0.848664,0.571744,0.507076,0.685179,0.547178,0.390772,0.379778,0.291667,0.586949,0.61425,0.531095,0.259209,0.35923,0.417555,0.703955,0.665882,0.429789,0.510577
0.450432,0.353041,0.447362,0.203043,0.355646,0.441935,1,0.186792,0.287454,0.301002,0.40695,0.396288,0.42422,0.3948,0.197662,0.365592,0.401394,0.198461,0.44038,0.424456,0.447163,0.166101,0.310907,0.470187,0.160542,0.37299,0.307417,0.394254,0.575577,0.266742,0.47179,0.452476,0.467504,0.316384,0.228891,0.0844193,0.0187826,0.193322,0.318944,0.303183,0.247513,0.44644,0.380901,0.329424,0.485147,0.410882,0.279835,0.248136,0.279073,0.0195156,0.382007,0.320316,0.325848,0.502272,0.355115,0.349262,0.32637,0.298313,0.425477,0.356202,0.559422,0.399156,0.0972476,0.30508,0.345513,0.307065,0.472091,0.356084,0.233858,0.225883,0.411218,0.399878,0.217499,0.0983498,0.21469,0.161631,0.290916,0.226432,0.0241852,0.269245,0.183712,0.43476,0.409808,0.0144101,0.276141
0.416554,0.394335,0.479505,0.313592,0.415194,0.462875,0.186792,1,0.501446,0.298507,0.358804,0.439957,0.380408,0.427254,0.696175,0.484629,0.3226,0.479523,0.622647,0.593407,0.437839,0.365419,0.653596,0.62542,0.353363,0.47734,0.591784,0.175132,0.118264,0.343725,0.271363,0.356041,0.594928,0.315746,0.368628,0.0205026,0.133382,0.385985,0.611105,0.476112,0.484868,0.463493,0.487729,0.3543,0.486423,0.380392,0.499918,0.316777,0.318668,0.383416,0.400044,0.246478,0.421362,0.408422,0.379533,0.35681,0.427973,0.5742,0.389133,0.198026,0.384764,0.522171,0.551828,0.570192,0.632543,0.280574,0.50446,0.52368,0.283166,0.488965,0.519634,0.388603,0.521575,0.388274,0.224719,0.289423,0.546556,0.482742,0.442912,0.250383,0.324713,0.588023,0.287058,0.474945,0.562381
0.542105,0.516657,0.676976,0.469264,0.549966,0.584378,0.287454,0.501446,1,0.497462,0.427533,0.411746,0.522737,0.57806,0.587583,0.56006,0.503306,0.334395,0.451543,0.72339,0.639047,0.590521,0.676498,0.654288,0.301313,0.55134,0.586088,0.152193,0.311426,0.0763746,0.390699,0.426148,0.705752,0.452396,0.409613,-0.184032,-0.00170453,0.592844,0.756618,0.661106,0.45125,0.447223,0.639198,0.571876,0.685426,0.402204,0.481911,0.552624,0.322925,0.378171,0.46916,0.372423,0.480129,0.53244,0.580398,0.567039,0.682322,0.622855,0.582607,0.429093,0.296018,0.502303,0.428135,0.679244,0.660212,0.306159,0.716219,0.755659,0.525634,0.650856,0.72906,0.539014,0.274038,0.453386,0.0657173,0.47932,0.530792,0.451906,0.459547,0.534554,0.469206,0.683633,0.656574,0.284651,0.614018
0.72131,0.611917,0.767996,0.646818,0.571913,0.613424,0.301002,0.298507,0.497462,1,0.781297,0.680496,0.747822,0.594751,0.371646,0.70622,0.732518,0.322398,0.408172,0.616771,0.597873,0.43847,0.515059,0.598738,0.0946274,0.515191,0.448829,0.27112,0.360541,0.267603,0.245701,0.324754,0.38633,0.432292,0.507516,-0.0993464,-0.093261,0.616821,0.536554,0.645084,0.159977,0.450144,0.773345,0.699994,0.736556,0.703459,0.587392,0.551804,0.380516,0.207895,0.530964,0.707747,0.62817,0.630323,0.765194,0.754418,0.504596,0.713466,0.746729,0.218719,0.284558,0.511432,0.383577,0.581747,0.582521,0.448071,0.562324,0.641487,0.401829,0.312579,0.513392,0.38605,0.194556,0.132988,0.156361,0.564127,0.498985,0.321462,0.324836,0.294414,0.363936,0.650549,0.531685,0.380567,0.322067
0.754042,0.769264,0.798076,0.684406,0.671366,0.623545,0.40695,0.358804,0.427533,0.781297,1,0.755653,0.818347,0.642338,0.398619,0.732962,0.812378,0.289136,0.409417,0.600227,0.624803,0.524859,0.481953,0.652158,0.192137,0.375791,0.454336,0.260609,0.446416,0.227023,0.375253,0.272351,0.412983,0.493255,0.462941,-0.187024,0.0260027,0.60543,0.517919,0.579887,0.170122,0.519948,0.7454,0.724615,0.752663,0.768636,0.513815,0.56197,0.398386,0.155474,0.512398,0.661197,0.735011,0.619004,0.792372,0.696253,0.51717,0.661319,0.852092,0.243506,0.375494,0.427971,0.414993,0.584803,0.648347,0.573702,0.585831,0.612306,0.432068,0.416472,0.473833,0.437463,0.389223,0.247521,0.207791,0.612865,0.565606,0.507828,0.269646,0.246826,0.402353,0.617818,0.528179,0.474118,0.344821
0.755675,0.778224,0.749743,0.702094,0.653065,0.599117,0.396288,0.439957,0.411746,0.680496,0.755653,1,0.787684,0.636297,0.469231,0.745888,0.692402,0.358622,0.489974,0.526624,0.605609,0.430252,0.512653,0.672426,0.245302,0.554381,0.455585,0.0890636,0.360726,0.375363,0.310234,0.272729,0.327557,0.487416,0.466876,-0.0834908,-0.162663,0.420085,0.557221,0.577659,0.197925,0.526762,0.736042,0.751728,0.762823,0.81253,0.529674,0.572804,0.25944,0.119726,0.36341,0.627662,0.728382,0.725425,0.700319,0.704248,0.484228,0.696913,0.781028,0.17699,0.346097,0.392312,0.426275,0.554578,0.599505,0.594561,0.505371,0.563558,0.406121,0.233344,0.612334,0.5949,0.390401,0.258071,0.289157,0.499918,0.475624,0.471804,0.332285,0.29018,0.253446,0.643913,0.502027,0.256961,0.409304
0.90946,0.803023,0.898894,0.788141,0.697496,0.647872,0.42422,0.380408,0.522737,0.747822,0.818347,0.787684,1,0.75448,0.378096,0.83908,0.928631,0.375181,0.420515,0.711044,0.751203,0.524711,0.570259,0.769156,0.174586,0.5386,0.579064,0.282397,0.536341,0.339285,0.335228,0.386413,0.511125,0.558474,0.510324,-0.154109,-0.0342071,0.587825,0.684467,0.709928,0.117058,0.592498,0.87919,0.893006,0.894927,0.828701,0.6759,0.638911,0.41228,0.206918,0.442952,0.773966,0.891563,0.786344,0.894589,0.813693,0.65194,0.824026,0.904892,0.347554,0.533558,0.555948,0.469022,0.694074,0.739009,0.506903,0.645296,0.72824,0.533678,0.468325,0.607711,0.612592,0.399879,0.406948,0.277368,0.694958,0.623721,0.583901,0.401049,0.454347,0.52801,0.77832,0.608434,0.339042,0.465977
0.84037,0.826834,0.855821,0.670776,0.782676,0.593734,0.3948,0.427254,0.57806,0.594751,0.642338,0.636297,0.75448,1,0.44829,0.842847,0.743106,0.470895,0.563401,0.73577,0.834996,0.466985,0.725623,0.806666,0.241711,0.602311,0.640899,0.398102,0.528832,0.321874,0.30018,0.513959,0.628868,0.544803,0.648745,-0.0127907,0.0925358,0.537742,0.731352,0.722253,0.400712,0.557209,0.792365,0.71881,0.838767,0.67347,0.671853,0.607156,0.480395,0.295838,0.511144,0.675186,0.694823,0.767449,0.753572,0.820621,0.730062,0.731072,0.77328,0.432979,0.563809,0.646075,0.566181,0.793125,0.792236,0.501659,0.709454,0.774002,0.460339,0.557524,0.709338,0.480304,0.317322,0.514704,0.421262,0.621998,0.668607,0.693964,0.456934,0.49006,0.558975,0.762979,0.684497,0.523298,0.641743
0.455716,0.49859,0.549793,0.350792,0.330662,0.551567,0.197662,0.696175,0.587583,0.371646,0.398619,0.469231,0.378096,0.44829,1,0.571846,0.395243,0.394403,0.566198,0.622774,0.5355,0.443736,0.768095,0.644103,0.468663,0.561881,0.590671,0.0549148,0.137551,0.132734,0.371895,0.429248,0.55472,0.234014,0.403711,0.03006,0.239,0.48806,0.622466,0.48731,0.369378,0.383492,0.554132,0.431044,0.541654,0.457091,0.510527,0.457583,0.318656,0.281002,0.344465,0.243021,0.372959,0.326254,0.446548,0.393504,0.50695,0.562313,0.449068,0.282777,0.110757,0.572225,0.57539,0.637283,0.713954,0.471124,0.571235,0.61728,0.247902,0.59938,0.60575,0.501005,0.665922,0.494999,0.318532,0.476388,0.574356,0.367157,0.347943,0.0267736,0.281692,0.662204,0.378235,0.459484,0.582432
0.88873,0.901903,0.893776,0.741051,0.733693,0.657741,0.365592,0.484629,0.56006,0.70622,0.732962,0.745888,0.83908,0.842847,0.571846,1,0.800526,0.508471,0.616968,0.78977,0.829749,0.537771,0.72283,0.818883,0.433266,0.70599,0.729109,0.281045,0.544403,0.394884,0.353119,0.446489,0.541065,0.521494,0.652809,-0.0630178,0.038942,0.617162,0.814877,0.787244,0.332393,0.612311,0.862544,0.812661,0.87755,0.796323,0.778787,0.617285,0.576992,0.371495,0.476595,0.715978,0.783079,0.768148,0.846985,0.801186,0.67432,0.870243,0.823267,0.385389,0.534989,0.641742,0.587188,0.804499,0.844394,0.577929,0.727813,0.786985,0.517435,0.540179,0.749849,0.502525,0.489495,0.495666,0.304419,0.659996,0.785981,0.588817,0.433675,0.405692,0.59062,0.885603,0.696739,0.567317,0.597248
0.901458,0.800552,0.882783,0.727344,0.620978,0.660302,0.401394,0.3226,0.503306,0.732518,0.812378,0.692402,0.928631,0.743106,0.395243,0.800526,1,0.319703,0.380249,0.702976,0.742642,0.459497,0.554546,0.757746,0.169164,0.514045,0.543826,0.271102,0.554578,0.33942,0.226525,0.437282,0.564466,0.545773,0.548076,-0.0962271,-0.0183704,0.58025,0.664384,0.651075,0.0289965,0.561952,0.85521,0.888158,0.878529,0.789672,0.635028,0.578202,0.454102,0.216299,0.412172,0.801039,0.841718,0.76909,0.90337,0.781918,0.667878,0.812742,0.905475,0.38441,0.456087,0.558662,0.518664,0.697661,0.760834,0.565405,0.661709,0.724141,0.502446,0.494142,0.619234,0.550714,0.348092,0.36675,0.270972,0.764846,0.642559,0.584528,0.392009,0.462074,0.525518,0.773263,0.6167,0.359047,0.487848
0.516799,0.404962,0.4847,0.288559,0.386217,0.508848,0.198461,0.479523,0.334395,0.322398,0.289136,0.358622,0.375181,0.470895,0.394403,0.508471,0.319703,1,0.564909,0.567553,0.473517,0.277699,0.411933,0.603924,0.158744,0.537992,0.486218,0.407216,0.287885,0.336145,0.222763,0.306775,0.389882,0.463194,0.409217,0.221573,-0.0595628,0.268435,0.458686,0.430718,0.249026,0.378748,0.527035,0.444572,0.452842,0.397886,0.5951,0.234928,0.323782,0.447636,0.485038,0.38211,0.412453,0.40129,0.379434,0.465267,0.304357,0.502664,0.335691,0.148209,0.272741,0.574525,0.425416,0.63029,0.554917,0.225485,0.430413,0.522737,0.314771,0.356381,0.463688,0.252197,0.514962,0.27784,0.149628,0.454928,0.616382,0.538827,0.313597,0.168391,0.361711,0.537703,0.404827,0.39451,0.604481
0.533291,0.451449,0.556216,0.337336,0.519594,0.456971,0.44038,0.622647,0.451543,0.408172,0.409417,0.489974,0.420515,0.563401,0.566198,0.616968,0.380249,0.564909,1,0.667768,0.662405,0.255964,0.627689,0.717368,0.432806,0.636649,0.668471,0.256017,0.359015,0.455471,0.327551,0.342209,0.530575,0.520194,0.502845,0.282648,0.0449893,0.328497,0.647872,0.613688,0.46779,0.408972,0.517173,0.393595,0.563163,0.549042,0.523198,0.324772,0.365291,0.339098,0.42209,0.355122,0.401909,0.519984,0.383895,0.501788,0.487558,0.571911,0.424176,0.132004,0.499566,0.604962,0.51666,0.663114,0.633344,0.398191,0.554534,0.567975,0.203932,0.454543,0.624345,0.371986,0.480225,0.214275,0.0847565,0.42102,0.652006,0.522195,0.389532,0.386635,0.146412,0.652117,0.461183,0.554322,0.593674
0.797367,0.682563,0.846921,0.643878,0.654318,0.773761,0.424456,0.593407,0.72339,0.616771,0.600227,0.526624,0.711044,0.73577,0.622774,0.78977,0.702976,0.567553,0.667768,1,0.826622,0.621227,0.782279,0.86694,0.4099,0.699947,0.800047,0.389135,0.508291,0.375032,0.385733,0.607221,0.76888,0.577249,0.683394,-0.0992934,-0.0233414,0.681603,0.864363,0.85597,0.398618,0.611606,0.797939,0.721592,0.848132,0.614105,0.76482,0.623431,0.541057,0.498568,0.455541,0.600053,0.630658,0.6723,0.726408,0.808501,0.729605,0.844706,0.732306,0.51542,0.515734,0.728955,0.676723,0.852842,0.857976,0.511194,0.797279,0.910654,0.614482,0.767347,0.7522,0.543924,0.48601,0.578858,0.148129,0.581787,0.812252,0.594419,0.47402,0.455777,0.61025,0.886054,0.779179,0.542284,0.685815
0.830243,0.744769,0.846133,0.636181,0.733749,0.673748,0.447163,0.437839,0.639047,0.597873,0.624803,0.605609,0.751203,0.834996,0.5355,0.829749,0.742642,0.473517,0.662405,0.826622,1,0.514178,0.738522,0.845925,0.383079,0.684197,0.726658,0.289647,0.457651,0.314192,0.387426,0.569604,0.639714,0.515699,0.64641,-0.130951,0.0913423,0.52127,0.790832,0.848956,0.376918,0.610009,0.82781,0.760214,0.843519,0.710885,0.701926,0.565074,0.516699,0.322881,0.473817,0.626742,0.691616,0.716588,0.74818,0.796903,0.711627,0.795281,0.755471,0.439474,0.516945,0.73876,0.566109,0.806251,0.845777,0.582314,0.720038,0.818576,0.529917,0.661491,0.781282,0.603597,0.441172,0.486715,0.243906,0.57947,0.657335,0.675253,0.53673,0.46876,0.516592,0.873213,0.778406,0.472178,0.705111
0.473275,0.572749,0.630766,0.577774,0.573645,0.561018,0.166101,0.365419,0.590521,0.43847,0.524859,0.430252,0.524711,0.466985,0.443736,0.537771,0.459497,0.277699,0.255964,0.621227,0.514178,1,0.575014,0.545408,0.364463,0.280004,0.412029,0.141153,0.367046,0.159958,0.408023,0.269996,0.448873,0.205756,0.375378,-0.35018,-0.0185621,0.616983,0.581659,0.57296,0.277293,0.333867,0.562732,0.519307,0.561045,0.292595,0.556875,0.50422,0.257306,0.35305,0.190403,0.338113,0.537136,0.432324,0.58624,0.554355,0.306452,0.511867,0.588213,0.260717,0.209702,0.371151,0.362142,0.552724,0.521457,0.418645,0.503279,0.626191,0.665241,0.544168,0.462008,0.440797,0.379018,0.481606,0.189073,0.370588,0.533082,0.414768,0.299536,0.194297,0.469978,0.579135,0.658463,0.393949,0.425284
0.645729,0.630063,0.737929,0.489906,0.587392,0.639391,0.310907,0.653596,0.676498,0.515059,0.481953,0.512653,0.570259,0.725623,0.768095,0.72283,0.554546,0.411933,0.627689,0.782279,0.738522,0.575014,1,0.800001,0.42646,0.687502,0.742311,0.224454,0.401857,0.3145,0.350502,0.529446,0.698903,0.377243,0.583165,-0.0507747,0.197856,0.61816,0.785788,0.740944,0.481742,0.568137,0.765196,0.630223,0.769186,0.503337,0.684783,0.607032,0.420046,0.238867,0.347302,0.42107,0.536338,0.578012,0.635377,0.619283,0.636883,0.676269,0.65412,0.436956,0.359582,0.658197,0.6056,0.805241,0.796163,0.544613,0.727294,0.818699,0.388741,0.68601,0.755147,0.593407,0.597332,0.594698,0.409801,0.553528,0.679709,0.523124,0.440266,0.363743,0.421449,0.799162,0.609225,0.493387,0.641813
0.854209,0.744918,0.917799,0.649878,0.694263,0.827852,0.470187,0.62542,0.654288,0.598738,0.652158,0.672426,0.769156,0.806666,0.644103,0.818883,0.757746,0.603924,0.717368,0.86694,0.845925,0.545408,0.800001,1,0.366481,0.701976,0.795418,0.424498,0.574905,0.447677,0.359492,0.556899,0.731901,0.647142,0.660543,0.10035,0.131549,0.632543,0.835327,0.767148,0.461183,0.676021,0.85725,0.766733,0.904085,0.73214,0.771572,0.651489,0.488203,0.35368,0.47651,0.67393,0.782342,0.728846,0.769435,0.795716,0.678177,0.846008,0.802393,0.411564,0.585313,0.809368,0.654562,0.921016,0.879851,0.50639,0.837165,0.878127,0.495109,0.640874,0.819634,0.597648,0.536084,0.512894,0.323994,0.689639,0.776416,0.662686,0.415414,0.522757,0.475488,0.863389,0.706862,0.536413,0.725121
0.291077,0.340072,0.319722,0.161996,0.265831,0.279466,0.160542,0.353363,0.301313,0.0946274,0.192137,0.245302,0.174586,0.241711,0.468663,0.433266,0.169164,0.158744,0.432806,0.4099,0.383079,0.364463,0.42646,0.366481,1,0.384927,0.528528,0.126528,0.263205,0.120733,0.228916,0.276547,0.275779,0.0594784,0.39829,0.0687291,0.190403,0.207103,0.531612,0.422335,0.360789,0.375712,0.286478,0.252709,0.349428,0.297567,0.349156,0.277812,0.389457,0.333963,0.0718348,0.167739,0.23644,0.213889,0.259005,0.166112,0.271043,0.437447,0.258595,0.185482,0.283404,0.210091,0.393618,0.420283,0.496547,0.396361,0.45168,0.383122,0.274315,0.400561,0.549953,0.282053,0.433682,0.202373,0.112514,0.226767,0.482386,0.16011,0.129448,0.265626,0.311318,0.457483,0.426131,0.373977,0.332095
0.64365,0.583721,0.642149,0.355899,0.466116,0.508426,0.37299,0.47734,0.55134,0.515191,0.375791,0.554381,0.5386,0.602311,0.561881,0.70599,0.514045,0.537992,0.636649,0.699947,0.684197,0.280004,0.687502,0.701976,0.384927,1,0.611309,0.215228,0.441276,0.397951,0.227571,0.585952,0.554084,0.406156,0.650294,0.00804573,0.0321571,0.422016,0.694108,0.694213,0.393179,0.646812,0.681008,0.604207,0.679691,0.606819,0.564574,0.411124,0.385584,0.356333,0.423479,0.495999,0.511002,0.591758,0.563173,0.566314,0.544433,0.652151,0.536846,0.301239,0.349827,0.61636,0.520845,0.685179,0.685809,0.397907,0.591452,0.664595,0.266968,0.424421,0.77794,0.615115,0.411099,0.409572,0.272801,0.409379,0.686023,0.488174,0.475867,0.410611,0.347812,0.786378,0.69543,0.287534,0.641757
0.668367,0.537914,0.71795,0.539064,0.56036,0.60811,0.307417,0.591784,0.586088,0.448829,0.454336,0.455585,0.579064,0.640899,0.590671,0.729109,0.543826,0.486218,0.668471,0.800047,0.726658,0.412029,0.742311,0.795418,0.528528,0.611309,1,0.321754,0.437583,0.234126,0.243921,0.470082,0.650455,0.542675,0.540043,0.0714428,0.0150271,0.62055,0.82428,0.712093,0.456754,0.540205,0.727733,0.591333,0.759523,0.563052,0.687421,0.575045,0.635677,0.400228,0.431608,0.40763,0.486222,0.443443,0.52233,0.615836,0.629778,0.793577,0.566588,0.442951,0.558726,0.709688,0.499548,0.810327,0.842211,0.362001,0.72822,0.787081,0.469191,0.630785,0.760313,0.467834,0.503356,0.448179,0.111848,0.513944,0.657374,0.479513,0.334733,0.443895,0.472554,0.775234,0.53675,0.484926,0.549784
0.363058,0.220888,0.405561,0.104017,0.279139,0.417594,0.394254,0.175132,0.152193,0.27112,0.260609,0.0890636,0.282397,0.398102,0.0549148,0.281045,0.271102,0.407216,0.256017,0.389135,0.289647,0.141153,0.224454,0.424498,0.126528,0.215228,0.321754,1,0.398437,0.244449,0.1856,0.401152,0.415249,0.312594,0.267962,0.255112,0.141484,0.332228,0.224401,0.219145,0.346628,0.335169,0.333446,0.209725,0.388095,0.304627,0.277433,0.271392,0.289807,0.25625,0.400599,0.31588,0.341456,0.252053,0.322861,0.334562,0.309432,0.322759,0.349375,0.269718,0.432001,0.4575,0.311566,0.429239,0.318711,0.00280596,0.426703,0.387113,0.0753984,0.215378,0.319032,-0.0640318,0.157681,-0.0626034,0.279767,0.325426,0.464209,0.224781,-0.226358,0.19016,0.301273,0.232646,0.299503,0.311514,0.143576
0.588181,0.552806,0.620009,0.369637,0.582603,0.488133,0.575577,0.118264,0.311426,0.360541,0.446416,0.360726,0.536341,0.528832,0.137551,0.544403,0.554578,0.287885,0.359015,0.508291,0.457651,0.367046,0.401857,0.574905,0.263205,0.441276,0.437583,0.398437,1,0.428505,0.437056,0.346389,0.435657,0.428777,0.503387,0.208404,0.115737,0.327406,0.522127,0.385724,0.285244,0.665368,0.515752,0.456206,0.602154,0.487494,0.485143,0.394065,0.276909,0.166144,0.149204,0.577123,0.513745,0.56217,0.522816,0.545011,0.370267,0.489395,0.502888,0.462104,0.571414,0.38639,0.318745,0.48437,0.519741,0.297495,0.600273,0.525073,0.300963,0.291629,0.50682,0.383761,0.123875,0.26002,0.464264,0.422354,0.596228,0.330421,0.137464,0.441301,0.518994,0.563169,0.558104,0.215641,0.337083
0.36185,0.354843,0.382099,0.310214,0.378089,0.454846,0.266742,0.343725,0.0763746,0.267603,0.227023,0.375363,0.339285,0.321874,0.132734,0.394884,0.33942,0.336145,0.455471,0.375032,0.314192,0.159958,0.3145,0.447677,0.120733,0.397951,0.234126,0.244449,0.428505,1,0.12596,0.162138,0.282597,0.42742,0.426007,0.252688,-0.128628,0.115534,0.348822,0.349086,0.183855,0.455351,0.357045,0.323837,0.41175,0.322587,0.464486,0.190511,0.00522554,0.0961168,-0.141115,0.361511,0.392261,0.546946,0.334036,0.379557,0.134021,0.461746,0.349115,0.122865,0.326869,0.321992,0.520803,0.42008,0.317833,0.334643,0.302499,0.378015,0.222433,0.134967,0.347904,0.245112,0.160343,0.114298,0.369893,0.313198,0.511356,0.396081,0.186502,0.251872,0.0626575,0.424691,0.326372,0.293598,0.336608
0.287859,0.374552,0.389469,0.274033,0.415135,0.324354,0.47179,0.271363,0.390699,0.245701,0.375253,0.310234,0.335228,0.30018,0.371895,0.353119,0.226525,0.222763,0.327551,0.385733,0.387426,0.408023,0.350502,0.359492,0.228916,0.227571,0.243921,0.1856,0.437056,0.12596,1,0.24663,0.26908,0.194745,0.16936,0.022133,0.245927,0.262584,0.421464,0.323408,0.478326,0.413085,0.359371,0.254807,0.342093,0.340253,0.251448,0.399445,0.0695734,-0.121229,0.24763,0.235273,0.307528,0.26632,0.312316,0.314786,0.228998,0.250261,0.302647,0.385965,0.242672,0.274512,0.276367,0.309918,0.3672,0.147623,0.440551,0.398994,0.346816,0.463026,0.240503,0.299576,0.315243,0.330753,0.320097,0.248017,0.365735,0.279455,0.19206,0.00810249,0.398724,0.445285,0.309362,0.177635,0.166203
0.468448,0.38554,0.520702,0.253712,0.311718,0.438529,0.452476,0.356041,0.426148,0.324754,0.272351,0.272729,0.386413,0.513959,0.429248,0.446489,0.437282,0.306775,0.342209,0.607221,0.569604,0.269996,0.529446,0.556899,0.276547,0.585952,0.470082,0.401152,0.346389,0.162138,0.24663,1,0.64119,0.266819,0.500809,-0.0686113,0.0974369,0.491789,0.51572,0.465895,0.344033,0.432591,0.475339,0.393314,0.513604,0.35894,0.379185,0.323094,0.403891,0.349229,0.397272,0.243203,0.264798,0.366642,0.385259,0.45773,0.458375,0.466993,0.427485,0.476437,0.31191,0.660066,0.470333,0.472342,0.59015,0.281942,0.488604,0.545515,0.423107,0.481146,0.503749,0.444932,0.247033,0.432698,0.396999,0.229468,0.449519,0.428908,0.185478,0.148634,0.357293,0.585013,0.556877,0.198403,0.397699
0.582475,0.506064,0.66949,0.396283,0.529669,0.558736,0.467504,0.594928,0.705752,0.38633,0.412983,0.327557,0.511125,0.628868,0.55472,0.541065,0.564466,0.389882,0.530575,0.76888,0.639714,0.448873,0.698903,0.731901,0.275779,0.554084,0.650455,0.415249,0.435657,0.282597,0.26908,0.64119,1,0.385994,0.453907,-0.0405206,0.137165,0.6014,0.723466,0.607326,0.446094,0.412152,0.580698,0.488765,0.677665,0.440476,0.476742,0.353887,0.545987,0.388452,0.494468,0.352106,0.430032,0.559484,0.552812,0.560567,0.632137,0.612723,0.570926,0.446445,0.458647,0.621798,0.557546,0.697951,0.686289,0.311586,0.662092,0.712977,0.36033,0.726989,0.67321,0.406406,0.395844,0.53968,0.211679,0.43709,0.666718,0.50626,0.24638,0.414922,0.428277,0.692454,0.622634,0.363268,0.719837
0.596153,0.463978,0.595261,0.604891,0.40039,0.630553,0.316384,0.315746,0.452396,0.432292,0.493255,0.487416,0.558474,0.544803,0.234014,0.521494,0.545773,0.463194,0.520194,0.577249,0.515699,0.205756,0.377243,0.647142,0.0594784,0.406156,0.542675,0.312594,0.428777,0.42742,0.194745,0.266819,0.385994,1,0.552215,0.11738,-0.31405,0.493644,0.502337,0.492648,0.215912,0.449191,0.518121,0.490599,0.626396,0.455589,0.52482,0.61533,0.213616,0.196606,0.257534,0.421261,0.530534,0.534258,0.445505,0.574819,0.521014,0.594464,0.552046,0.465715,0.432619,0.492982,0.445672,0.61141,0.556194,0.343662,0.629958,0.616798,0.500695,0.330392,0.426559,0.421117,0.127954,0.169062,0.0932699,0.504005,0.485676,0.632991,0.273174,0.430144,0.180473,0.473999,0.453779,0.268915,0.349432
0.625789,0.615386,0.656158,0.572927,0.537248,0.58029,0.228891,0.368628,0.409613,0.507516,0.462941,0.466876,0.510324,0.648745,0.403711,0.652809,0.548076,0.409217,0.502845,0.683394,0.64641,0.375378,0.583165,0.660543,0.39829,0.650294,0.540043,0.267962,0.503387,0.426007,0.16936,0.500809,0.453907,0.552215,1,-0.0642526,-0.0170292,0.395934,0.639999,0.737771,0.290363,0.63028,0.550348,0.525444,0.621871,0.530776,0.616268,0.530201,0.411175,0.417572,0.131658,0.613465,0.483795,0.56028,0.50392,0.624537,0.482475,0.642079,0.520997,0.437368,0.380918,0.527351,0.584236,0.669299,0.659895,0.468871,0.617504,0.666623,0.376082,0.428434,0.558684,0.497089,0.158681,0.418081,0.314712,0.343913,0.702985,0.53264,0.333111,0.397254,0.41694,0.660734,0.651881,0.522391,0.599587
0.0110718,-0.146863,-0.0340197,-0.178795,-0.0446358,-0.0143507,0.0844193,0.0205026,-0.184032,-0.0993464,-0.187024,-0.0834908,-0.154109,-0.0127907,0.03006,-0.0630178,-0.0962271,0.221573,0.282648,-0.0992934,-0.130951,-0.35018,-0.0507747,0.10035,0.0687291,0.00804573,0.0714428,0.255112,0.208404,0.252688,0.022133,-0.0686113,-0.0405206,0.11738,-0.0642526,1,0.294541,-0.272762,0.0397561,-0.172533,0.166605,-0.0234084,-0.0329001,-0.1085,-0.0278848,0.0590411,0.0412023,-0.0525392,0.0326413,-0.0505529,0.0159299,0.0261705,-0.0517329,0.0151181,-0.136742,-0.079279,-0.0623031,0.00693659,-0.176142,-0.107757,0.129717,0.131764,0.16619,0.132957,0.0400217,-0.187428,0.0700665,-0.00402694,-0.286831,-0.0905129,0.0345773,-0.150713,0.0744214,-0.186922,0.215015,0.326548,0.0675009,-0.133809,-0.187163,0.105143,-0.152651,-0.0277988,-0.242179,0.123233,-0.0518264
0.0249217,0.01987,0.0696794,-0.185833,0.0942626,-0.069989,0.0187826,0.133382,-0.00170453,-0.093261,0.0260027,-0.162663,-0.0342071,0.0925358,0.239,0.038942,-0.0183704,-0.0595628,0.0449893,-0.0233414,0.0913423,-0.0185621,0.197856,0.131549,0.190403,0.0321571,0.0150271,0.141484,0.115737,-0.128628,0.245927,0.0974369,0.137165,-0.31405,-0.0170292,0.294541,1,-0.0993399,0.150304,0.0103976,0.416471,0.154177,0.0450386,-0.0343055,-0.00683073,0.105932,-0.0116879,-0.121271,0.195547,-0.0716793,0.172646,0.0272024,0.103628,-0.0538115,0.0808195,-0.0982781,0.00970034,-0.0533796,-0.0171862,-0.141438,0.123902,0.166201,0.245272,0.104772,0.13803,-0.14295,0.124198,0.0348539,-0.276994,0.277268,0.024473,0.00602976,0.257496,0.214619,0.363951,0.176731,0.131081,-0.0814043,0.0234307,0.0448036,0.124877,0.083433,-0.0568372,0.23941,0.146536
0.539821,0.51971,0.688595,0.551315,0.379769,0.644127,0.193322,0.385985,0.592844,0.616821,0.60543,0.420085,0.587825,0.537742,0.48806,0.617162,0.58025,0.268435,0.328497,0.681603,0.52127,0.616983,0.61816,0.632543,0.207103,0.422016,0.62055,0.332228,0.327406,0.115534,0.262584,0.491789,0.6014,0.493644,0.395934,-0.272762,-0.0993399,1,0.586832,0.545568,0.304451,0.337326,0.639881,0.517038,0.650662,0.398198,0.532149,0.630108,0.405366,0.270577,0.481114,0.325641,0.4881,0.375219,0.618366,0.603108,0.499248,0.600086,0.669851,0.436879,0.271128,0.579711,0.404981,0.637509,0.615849,0.408347,0.658061,0.705964,0.541631,0.522277,0.508006,0.353151,0.308305,0.414912,0.145567,0.458532,0.55537,0.477751,0.145798,0.151584,0.338619,0.576632,0.59045,0.385398,0.295182
0.767689,0.726876,0.830495,0.654731,0.689306,0.629229,0.318944,0.611105,0.756618,0.536554,0.517919,0.557221,0.684467,0.731352,0.622466,0.814877,0.664384,0.458686,0.647872,0.864363,0.790832,0.581659,0.785788,0.835327,0.531612,0.694108,0.82428,0.224401,0.522127,0.348822,0.421464,0.51572,0.723466,0.502337,0.639999,0.0397561,0.150304,0.586832,1,0.83602,0.539139,0.600914,0.789809,0.738523,0.833898,0.629452,0.712761,0.576023,0.597636,0.422016,0.40678,0.581878,0.646919,0.680856,0.704146,0.722895,0.687474,0.852431,0.686491,0.442663,0.566412,0.651474,0.677892,0.842066,0.850498,0.36967,0.775836,0.856571,0.606977,0.741352,0.788844,0.573222,0.462408,0.618755,0.212663,0.605666,0.774974,0.533833,0.496293,0.581274,0.60609,0.91077,0.716304,0.480631,0.6622
0.778722,0.680943,0.804788,0.704415,0.706303,0.650516,0.303183,0.476112,0.661106,0.645084,0.579887,0.577659,0.709928,0.722253,0.48731,0.787244,0.651075,0.430718,0.613688,0.85597,0.848956,0.57296,0.740944,0.767148,0.422335,0.694213,0.712093,0.219145,0.385724,0.349086,0.323408,0.465895,0.607326,0.492648,0.737771,-0.172533,0.0103976,0.545568,0.83602,1,0.403496,0.586419,0.775912,0.751691,0.811886,0.629831,0.735483,0.649542,0.534672,0.33915,0.357076,0.621617,0.636425,0.701957,0.703565,0.766203,0.658379,0.795449,0.695945,0.426106,0.468038,0.600048,0.551987,0.807895,0.755343,0.4879,0.709129,0.856806,0.543351,0.667964,0.700607,0.601914,0.397539,0.571679,0.0940311,0.499899,0.704,0.530433,0.47401,0.546683,0.525512,0.843015,0.765091,0.516228,0.61648
0.222328,0.277228,0.361419,0.184586,0.439628,0.288652,0.247513,0.484868,0.45125,0.159977,0.170122,0.197925,0.117058,0.400712,0.369378,0.332393,0.0289965,0.249026,0.46779,0.398618,0.376918,0.277293,0.481742,0.461183,0.360789,0.393179,0.456754,0.346628,0.285244,0.183855,0.478326,0.344033,0.446094,0.215912,0.290363,0.166605,0.416471,0.304451,0.539139,0.403496,1,0.404052,0.288404,0.120294,0.344491,0.217467,0.259459,0.330879,0.294253,0.0603812,0.406777,0.109878,0.202813,0.232454,0.19036,0.233097,0.288547,0.299714,0.230249,0.193631,0.327058,0.41918,0.409117,0.441611,0.393411,-0.0104262,0.492086,0.444193,0.246184,0.470733,0.42585,0.17454,0.175084,0.307591,0.304085,0.125556,0.385585,0.25707,0.229826,0.290219,0.261597,0.385846,0.384366,0.317568,0.287441
0.632967,0.577283,0.659275,0.35142,0.568334,0.651198,0.44644,0.463493,0.447223,0.450144,0.519948,0.526762,0.592498,0.557209,0.383492,0.612311,0.561952,0.378748,0.408972,0.611606,0.610009,0.333867,0.568137,0.676021,0.375712,0.646812,0.540205,0.335169,0.665368,0.455351,0.413085,0.432591,0.412152,0.449191,0.63028,-0.0234084,0.154177,0.337326,0.600914,0.586419,0.404052,1,0.690026,0.631026,0.685841,0.561816,0.644462,0.568807,0.204977,0.158628,0.231118,0.618428,0.626155,0.570407,0.554672,0.524354,0.418261,0.648053,0.578521,0.48511,0.56972,0.533716,0.473714,0.599712,0.704012,0.459986,0.691729,0.648795,0.354061,0.325696,0.671632,0.635186,0.292419,0.360261,0.455109,0.382278,0.597961,0.455495,0.399396,0.483551,0.570644,0.667403,0.558073,0.2727,0.46156
0.904972,0.778425,0.924023,0.691007,0.703631,0.754866,0.380901,0.487729,0.639198,0.773345,0.7454,0.736042,0.87919,0.792365,0.554132,0.862544,0.85521,0.527035,0.517173,0.797939,0.82781,0.562732,0.765196,0.85725,0.286478,0.681008,0.727733,0.333446,0.515752,0.357045,0.359371,0.475339,0.580698,0.518121,0.550348,-0.0329001,0.0450386,0.639881,0.789809,0.775912,0.288404,0.690026,1,0.926189,0.940769,0.768901,0.789951,0.675999,0.476173,0.255115,0.525849,0.736318,0.823669,0.750121,0.88371,0.827307,0.650732,0.872959,0.877402,0.415259,0.465749,0.701659,0.555126,0.857181,0.859818,0.535396,0.756027,0.860926,0.53803,0.570511,0.797031,0.648561,0.523954,0.438021,0.35561,0.762509,0.69166,0.582109,0.481485,0.469585,0.570942,0.888331,0.676746,0.429108,0.555587
0.901171,0.793473,0.870694,0.723312,0.637201,0.6695,0.329424,0.3543,0.571876,0.699994,0.724615,0.751728,0.893006,0.71881,0.431044,0.812661,0.888158,0.444572,0.393595,0.721592,0.760214,0.519307,0.630223,0.766733,0.252709,0.604207,0.591333,0.209725,0.456206,0.323837,0.254807,0.393314,0.488765,0.490599,0.525444,-0.1085,-0.0343055,0.517038,0.738523,0.751691,0.120294,0.631026,0.926189,1,0.898372,0.780879,0.708308,0.618318,0.444602,0.206732,0.385119,0.776986,0.842126,0.753499,0.873031,0.774523,0.637683,0.836634,0.885664,0.33358,0.427508,0.533016,0.512974,0.750442,0.754773,0.546815,0.630643,0.761066,0.566493,0.505965,0.702756,0.652971,0.470331,0.459323,0.216196,0.74422,0.635477,0.519661,0.466757,0.511351,0.571105,0.815869,0.649872,0.300304,0.51688
0.938936,0.828968,0.969375,0.765431,0.75329,0.800358,0.485147,0.486423,0.685426,0.736556,0.752663,0.762823,0.894927,0.838767,0.541654,0.87755,0.878529,0.452842,0.563163,0.848132,0.843519,0.561045,0.769186,0.904085,0.349428,0.679691,0.759523,0.388095,0.602154,0.41175,0.342093,0.513604,0.677665,0.626396,0.621871,-0.0278848,-0.00683073,0.650662,0.833898,0.811886,0.344491,0.685841,0.940769,0.898372,1,0.805461,0.748207,0.727588,0.494252,0.269899,0.456989,0.760786,0.840659,0.817273,0.891758,0.868377,0.76642,0.910414,0.923582,0.482598,0.546957,0.674507,0.592475,0.867564,0.859904,0.557969,0.820011,0.896625,0.568211,0.604116,0.828533,0.650191,0.448198,0.450644,0.324063,0.736799,0.727804,0.58081,0.415667,0.569274,0.575464,0.881937,0.747285,0.416603,0.585515
0.829182,0.742142,0.817974,0.660425,0.66852,0.533279,0.410882,0.380392,0.402204,0.703459,0.768636,0.81253,0.828701,0.67347,0.457091,0.796323,0.789672,0.397886,0.549042,0.614105,0.710885,0.292595,0.503337,0.73214,0.297567,0.606819,0.563052,0.304627,0.487494,0.322587,0.340253,0.35894,0.440476,0.455589,0.530776,0.0590411,0.105932,0.398198,0.629452,0.629831,0.217467,0.561816,0.768901,0.780879,0.805461,1,0.476559,0.478678,0.455335,0.203314,0.453149,0.766554,0.753773,0.643427,0.760274,0.750432,0.656348,0.782972,0.792004,0.171959,0.434673,0.490313,0.511818,0.632207,0.683992,0.450386,0.522572,0.587001,0.253643,0.385014,0.626866,0.489615,0.407856,0.240178,0.252707,0.641622,0.640739,0.404049,0.298637,0.357542,0.44042,0.721087,0.523084,0.368845,0.486262
0.777357,0.6607,0.745594,0.613602,0.585794,0.75062,0.279835,0.499918,0.481911,0.587392,0.513815,0.529674,0.6759,0.671853,0.510527,0.778787,0.635028,0.5951,0.523198,0.76482,0.701926,0.556875,0.684783,0.771572,0.349156,0.564574,0.687421,0.277433,0.485143,0.464486,0.251448,0.379185,0.476742,0.52482,0.616268,0.0412023,-0.0116879,0.532149,0.712761,0.735483,0.259459,0.644462,0.789951,0.708308,0.748207,0.476559,1,0.647433,0.416045,0.364181,0.311904,0.602869,0.671032,0.672453,0.662629,0.701514,0.451351,0.78217,0.597605,0.519765,0.559771,0.708689,0.511511,0.797446,0.777779,0.510823,0.711354,0.792458,0.583652,0.500476,0.639833,0.524943,0.507708,0.547801,0.314382,0.574205,0.665732,0.552008,0.471005,0.392877,0.551537,0.794623,0.570548,0.529808,0.566521
0.639848,0.578358,0.704589,0.654023,0.451899,0.716718,0.248136,0.316777,0.552624,0.551804,0.56197,0.572804,0.638911,0.607156,0.457583,0.617285,0.578202,0.234928,0.324772,0.623431,0.565074,0.50422,0.607032,0.651489,0.277812,0.411124,0.575045,0.271392,0.394065,0.190511,0.399445,0.323094,0.353887,0.61533,0.530201,-0.0525392,-0.121271,0.630108,0.576023,0.649542,0.330879,0.568807,0.675999,0.618318,0.727588,0.478678,0.647433,1,0.145658,-0.0536245,0.218657,0.541535,0.594622,0.492097,0.588878,0.611995,0.559272,0.641272,0.663604,0.62461,0.309043,0.508966,0.371146,0.687496,0.651787,0.477387,0.753575,0.757214,0.546091,0.437499,0.538005,0.537324,0.243049,0.448179,0.276805,0.547058,0.473168,0.450581,0.264938,0.366807,0.458162,0.562711,0.487009,0.366991,0.221776
0.538541,0.461246,0.506271,0.43568,0.400076,0.302735,0.279073,0.318668,0.322925,0.380516,0.398386,0.25944,0.41228,0.480395,0.318656,0.576992,0.454102,0.323782,0.365291,0.541057,0.516699,0.257306,0.420046,0.488203,0.389457,0.385584,0.635677,0.289807,0.276909,0.00522554,0.0695734,0.403891,0.545987,0.213616,0.411175,0.0326413,0.195547,0.405366,0.597636,0.534672,0.294253,0.204977,0.476173,0.444602,0.494252,0.455335,0.416045,0.145658,1,0.491046,0.513156,0.308554,0.312978,0.389692,0.466488,0.424686,0.464487,0.530508,0.427749,0.197599,0.423692,0.407812,0.385409,0.520495,0.557869,0.215133,0.451315,0.493389,0.308446,0.543076,0.439825,0.166767,0.3564,0.339198,-0.0418883,0.361632,0.475094,0.229112,0.0897541,0.260848,0.363308,0.580946,0.45845,0.39842,0.434768
0.316367,0.288912,0.328093,0.223942,0.347485,0.250097,0.0195156,0.383416,0.378171,0.207895,0.155474,0.119726,0.206918,0.295838,0.281002,0.371495,0.216299,0.447636,0.339098,0.498568,0.322881,0.35305,0.238867,0.35368,0.333963,0.356333,0.400228,0.25625,0.166144,0.0961168,-0.121229,0.349229,0.388452,0.196606,0.417572,-0.0505529,-0.0716793,0.270577,0.422016,0.33915,0.0603812,0.158628,0.255115,0.206732,0.269899,0.203314,0.364181,-0.0536245,0.491046,1,0.273575,0.160703,0.208539,0.27483,0.255158,0.37486,0.306524,0.432429,0.175185,0.0885495,0.312026,0.312198,0.353503,0.37387,0.395335,0.123197,0.264664,0.347276,0.225032,0.281594,0.398078,0.103803,0.201313,0.164617,-0.0716463,0.157134,0.442241,0.218058,0.162809,0.180163,0.282038,0.402448,0.422855,0.397708,0.51458
0.48248,0.357973,0.489595,0.226022,0.374094,0.32103,0.382007,0.400044,0.46916,0.530964,0.512398,0.36341,0.442952,0.511144,0.344465,0.476595,0.412172,0.485038,0.42209,0.455541,0.473817,0.190403,0.347302,0.47651,0.0718348,0.423479,0.431608,0.400599,0.149204,-0.141115,0.24763,0.397272,0.494468,0.257534,0.131658,0.0159299,0.172646,0.481114,0.40678,0.357076,0.406777,0.231118,0.525849,0.385119,0.456989,0.453149,0.311904,0.218657,0.513156,0.273575,1,0.282093,0.359005,0.36513,0.471014,0.403575,0.437522,0.373359,0.449629,0.12094,0.345296,0.560246,0.25566,0.437786,0.509137,0.126949,0.438879,0.425618,0.211531,0.374789,0.444936,0.166599,0.328166,0.132663,0.027558,0.380689,0.367545,0.400076,0.260873,0.216615,0.296728,0.457685,0.354768,0.26412,0.36705
0.835855,0.724616,0.79505,0.619458,0.591541,0.605617,0.320316,0.246478,0.372423,0.707747,0.661197,0.627662,0.773966,0.675186,0.243021,0.715978,0.801039,0.38211,0.355122,0.600053,0.626742,0.338113,0.42107,0.67393,0.167739,0.495999,0.40763,0.31588,0.577123,0.361511,0.235273,0.243203,0.352106,0.421261,0.613465,0.0261705,0.0272024,0.325641,0.581878,0.621617,0.109878,0.618428,0.736318,0.776986,0.760786,0.766554,0.602869,0.541535,0.308554,0.160703,0.282093,1,0.775968,0.72792,0.810746,0.774597,0.582272,0.746661,0.749236,0.31445,0.45849,0.41479,0.372959,0.642918,0.586236,0.385681,0.607835,0.591049,0.35384,0.294008,0.553057,0.383127,0.133833,0.272174,0.237602,0.595554,0.607857,0.356335,0.392305,0.549609,0.641205,0.6713,0.571543,0.405443,0.434021
