1,0.726348,0.881213,0.700494,0.629618,0.793132,0.0511713,0.305238,0.553121,0.497692,0.648495,0.570915,0.719122,0.756571,0.469344,0.55834,0.799634,0.633896,0.673536,0.857318,0.847824,0.11361,0.698193,0.819651,0.44297,0.384542,0.679007,0.393941,0.374543,0.370786,0.418347,0.584225,0.749718,0.591143,0.0567805,0.637686,0.199724,0.348065,0.868358,0.709699,0.543217,0.494462,0.844506,0.740637,0.8931,0.715945,0.656651,0.640685,0.130819,0.0844505,0.489595,0.421598,0.680574,0.556366,0.698642,0.690297,0.569053,0.739706,0.670499,0.370031,0.330859,0.663771,0.685266,0.722293,0.85766,0.354913,0.467331,0.862981,0.171917,0.399887,0.513065,0.389231,0.436936,0.256914,0.474044,0.5401,0.589761,0.379725,0.32624,0.39023,0.2908,0.845327,0.687475,0.507336,0.460873
0.726348,1,0.600026,0.743811,0.591155,0.609645,0.13534,0.349449,0.340476,0.425114,0.668212,0.367871,0.723252,0.742117,0.268578,0.726823,0.772184,0.459906,0.431002,0.713355,0.648057,0.161405,0.553542,0.711506,0.334701,0.46015,0.488293,0.385551,0.247381,0.368569,0.303027,0.483388,0.544146,0.450553,0.129855,0.649178,0.199875,0.062216,0.769896,0.627667,0.333521,0.466465,0.722341,0.678476,0.717072,0.552643,0.4843,0.398678,0.00586814,0.0252649,0.446341,0.470662,0.684257,0.650677,0.682166,0.522267,0.635822,0.612766,0.657326,0.190055,0.184857,0.543198,0.429401,0.729376,0.709912,0.0299961,0.330583,0.701098,0.237872,0.210076,0.389052,0.380364,0.436809,0.287695,0.194005,0.624595,0.424473,0.411854,0.409913,0.254642,0.0680367,0.542744,0.649574,0.495384,0.324163
0.881213,0.600026,1,0.516632,0.681274,0.728505,0.23778,0.406096,0.667202,0.547758,0.63394,0.496287,0.641717,0.582444,0.44058,0.427932,0.692094,0.625527,0.775734,0.761126,0.829202,0.0900008,0.62862,0.719304,0.444866,0.315058,0.567634,0.348415,0.471046,0.324891,0.313729,0.513052,0.741808,0.700202,0.173329,0.532678,0.207383,0.415797,0.831711,0.686242,0.63291,0.535611,0.763342,0.586835,0.89749,0.67598,0.594382,0.605906,0.375275,0.167804,0.437993,0.38235,0.605848,0.462394,0.538173,0.598617,0.462754,0.701462,0.625291,0.382404,0.384979,0.588794,0.724002,0.672826,0.829812,0.498359,0.503742,0.838208,0.160613,0.408617,0.592525,0.300812,0.455909,0.195109,0.516762,0.564108,0.55675,0.252479,0.254901,0.332277,0.150447,0.845886,0.687572,0.329869,0.631439
0.700494,0.743811,0.516632,1,0.360239,0.656453,0.0213108,0.196995,0.199323,0.128814,0.464892,0.37244,0.704189,0.623371,0.239738,0.625833,0.693345,0.412546,0.339807,0.723714,0.612963,0.206173,0.412097,0.648964,0.414387,0.51421,0.657931,0.281731,0.217732,0.30005,0.312517,0.384927,0.493189,0.402131,0.0923189,0.549034,0.210978,0.164305,0.66269,0.645161,0.325298,0.289253,0.621723,0.696688,0.666562,0.408156,0.617312,0.477439,-0.0992985,0.142998,0.472922,0.292557,0.542892,0.600456,0.635738,0.563944,0.642918,0.579441,0.570139,0.31042,0.205715,0.466671,0.470419,0.706849,0.671979,0.114088,0.339439,0.695915,0.12953,0.436314,0.334398,0.487958,0.487198,0.429797,0.196462,0.480387,0.498796,0.403809,0.177315,0.422231,0.0513348,0.571708,0.514626,0.399157,0.116865
0.629618,0.591155,0.681274,0.360239,1,0.669017,0.0136587,0.278526,0.538117,0.509284,0.53067,0.502686,0.614738,0.501433,0.476645,0.558942,0.683817,0.50771,0.531559,0.556294,0.656366,0.211147,0.391419,0.66729,0.443468,0.106076,0.302571,0.386231,0.496716,0.295285,0.281305,0.361401,0.624507,0.472336,0.227331,0.490591,0.182175,0.341483,0.667188,0.541936,0.443164,0.441619,0.575047,0.612195,0.747107,0.539637,0.397091,0.632,-0.0122319,0.0989466,0.323499,0.53855,0.536803,0.352984,0.539584,0.454488,0.315213,0.595159,0.730734,0.2737,0.300665,0.300546,0.365328,0.642832,0.636413,0.25401,0.430907,0.582956,0.32671,0.238545,0.420075,0.1922,0.453163,0.161493,0.131987,0.576328,0.206032,0.16253,0.315106,0.117205,-0.105178,0.58831,0.738077,0.458979,0.339496
0.793132,0.609645,0.728505,0.656453,0.669017,1,0.07363,0.28689,0.471702,0.337919,0.543365,0.523537,0.65145,0.661546,0.499876,0.510178,0.628097,0.594034,0.47302,0.758736,0.773515,0.170323,0.529648,0.742912,0.440676,0.202568,0.473203,0.247698,0.266388,0.304305,0.192572,0.415324,0.627643,0.438717,0.125448,0.65868,0.327624,0.294131,0.706412,0.541881,0.560232,0.380366,0.704205,0.736511,0.766796,0.517211,0.634129,0.621539,0.0262515,0.080442,0.404316,0.47852,0.566555,0.432883,0.43734,0.698755,0.521224,0.631206,0.561914,0.389853,0.372399,0.560897,0.619311,0.732738,0.749281,0.378175,0.182832,0.736182,0.273096,0.406441,0.313934,0.44912,0.391151,0.354744,0.272611,0.619984,0.38667,0.28086,0.416858,0.482436,0.0731514,0.769358,0.569193,0.539871,0.18964
0.0511713,0.13534,0.23778,0.0213108,0.0136587,0.07363,1,0.265482,0.0266671,0.0945306,0.163903,-0.164031,0.0501617,0.0966584,-0.038108,0.0068442,0.0842567,0.149221,-0.0618145,0.153471,0.161091,-0.0533358,0.148864,0.0155681,-0.0408415,0.0597696,-0.00382394,0.211741,0.0054816,-0.107673,-0.179396,0.190333,0.117734,0.0861223,-0.0654156,0.172314,0.177584,-0.10321,0.179305,-0.0316946,0.171385,0.196907,0.219375,-0.0575279,0.110983,0.208829,-0.104677,-0.212066,0.358144,0.255974,0.00190658,0.0658992,0.197036,0.218823,-0.0369736,0.154963,-0.124968,0.0275212,-0.137095,0.0379147,0.112212,0.150266,0.200793,0.266641,0.114698,0.0570615,-0.0834598,0.172671,0.215535,0.127309,-0.0777846,0.171528,0.0212608,-0.0874164,0.225919,0.0342579,-0.00717892,-0.0328012,0.241926,-0.0569226,-0.129488,0.197598,0.0313364,-0.25851,0.0500788
0.305238,0.349449,0.406096,0.196995,0.278526,0.28689,0.265482,1,0.0551426,0.256771,0.353096,0.224585,0.15007,0.095896,-0.0309502,0.226219,0.136007,0.353137,0.242261,0.199064,0.171895,-0.0376771,0.157062,0.191001,-0.0577715,0.0861048,0.152801,-0.0120435,-0.0683765,0.350669,-0.0691406,0.10676,0.108083,0.35899,0.223851,0.284363,0.30345,0.0101043,0.32297,0.213691,0.15616,0.382696,0.293444,0.0353039,0.355851,0.110276,0.237143,0.156443,0.409623,0.145949,0.0849077,0.081689,0.0298991,0.0817753,0.126047,0.072295,0.0461653,0.292404,0.124058,0.0633379,0.131812,0.370145,0.350273,0.256298,0.480326,0.051543,0.0540889,0.248256,0.142386,0.169395,0.271458,-0.043013,0.0926655,-0.0165531,0.138084,0.140497,0.0344034,-0.144018,0.0391309,-0.0201134,-0.0108326,0.251908,0.3797,0.314394,0.338311
0.553121,0.340476,0.667202,0.199323,0.538117,0.471702,0.0266671,0.0551426,1,0.368074,0.445055,0.374979,0.474902,0.322186,0.33758,0.209427,0.557322,0.497082,0.626031,0.431781,0.597183,0.0697761,0.30261,0.515127,0.255582,0.0234059,0.210554,0.299572,0.336565,0.198181,0.349432,0.147047,0.604498,0.393442,0.117072,0.210542,0.0291263,0.396822,0.500039,0.432276,0.576793,0.3701,0.314287,0.45152,0.578201,0.406143,0.352352,0.360166,0.300393,0.0240659,0.167184,0.303469,0.44523,0.321498,0.354058,0.339481,0.185943,0.459115,0.531327,0.223912,0.37619,0.252999,0.397011,0.343059,0.45785,0.396478,0.264335,0.38806,0.0691421,0.158107,0.390747,0.234116,0.348417,0.111695,0.380159,0.571757,0.329296,0.32806,0.0689439,0.180167,0.0239521,0.565442,0.476548,0.0968838,0.462678
0.497692,0.425114,0.547758,0.128814,0.509284,0.337919,0.0945306,0.256771,0.368074,1,0.69749,0.301794,0.327401,0.340945,0.361442,0.185213,0.39567,0.411536,0.328719,0.391109,0.341429,-0.167179,0.328523,0.377141,0.36748,0.206543,0.258548,0.340426,0.260186,0.168212,0.243813,0.438034,0.307431,0.268067,0.182835,0.332519,0.0381688,0.25486,0.401302,0.403573,0.283956,0.285985,0.406454,0.138717,0.454449,0.434497,0.242134,0.271793,0.177326,0.0849323,-0.0223653,0.135136,0.289786,0.264573,0.411192,0.148278,0.187039,0.374806,0.501373,0.0655604,-0.028688,0.234188,0.152158,0.210819,0.476068,0.0518299,0.435798,0.395434,-0.116915,-0.0376579,0.336458,-0.175974,0.216167,-0.17504,0.319864,0.282466,0.143843,0.213409,0.110932,-0.104163,0.124543,0.399778,0.529502,0.352824,0.455478
0.648495,0.668212,0.63394,0.464892,0.53067,0.543365,0.163903,0.353096,0.445055,0.69749,1,0.454458,0.54811,0.56772,0.263418,0.409107,0.62089,0.455438,0.406823,0.574825,0.587696,0.0576701,0.344321,0.551903,0.378589,0.363803,0.414042,0.48777,0.299737,0.136053,0.320585,0.418886,0.516023,0.247793,-0.0608089,0.571967,0.159419,0.257971,0.656682,0.501217,0.354411,0.429138,0.617767,0.416696,0.638519,0.528068,0.261356,0.290733,0.162001,0.112337,0.335123,0.250474,0.493089,0.552049,0.576929,0.322797,0.318846,0.497567,0.591394,0.0917587,0.136215,0.457621,0.403811,0.521504,0.632018,0.0687907,0.327219,0.556839,0.0707271,0.264734,0.432317,0.119271,0.354793,0.258115,0.483782,0.574197,0.324319,0.290835,0.00656418,0.0634575,0.0598124,0.57247,0.699888,0.381774,0.437748
0.570915,0.367871,0.496287,0.37244,0.502686,0.523537,-0.164031,0.224585,0.374979,0.301794,0.454458,1,0.684263,0.306104,0.29604,0.455352,0.490775,0.426506,0.508028,0.518612,0.581629,0.36638,0.2436,0.553497,0.278295,0.180709,0.374312,0.333194,0.291025,0.22609,0.189515,0.298696,0.604539,0.357608,-0.0339866,0.501714,0.102717,0.522294,0.567777,0.465549,0.381129,0.43594,0.434302,0.460722,0.521842,0.4816,0.490426,0.500465,0.13665,0.144306,0.282359,0.468209,0.173139,0.255777,0.609392,0.420671,0.200291,0.414022,0.514478,0.117329,0.130734,0.291189,0.582308,0.437651,0.630315,0.21621,0.0559986,0.521722,0.135953,0.380734,0.418806,0.146509,0.314745,0.283916,0.41897,0.384412,0.293995,0.130987,0.0906162,0.274638,-0.0361336,0.531102,0.601328,0.491573,0.273476
0.719122,0.723252,0.641717,0.704189,0.614738,0.65145,0.0501617,0.15007,0.474902,0.327401,0.54811,0.684263,1,0.558328,0.397052,0.614536,0.821965,0.59509,0.521167,0.73157,0.753732,0.374129,0.373489,0.750979,0.336451,0.419699,0.603164,0.483213,0.292815,0.296207,0.236671,0.490583,0.683339,0.574202,0.109521,0.618092,0.112825,0.219082,0.719163,0.578927,0.416145,0.458739,0.622221,0.671037,0.767042,0.606438,0.502903,0.522738,0.0977844,0.0817511,0.455592,0.44478,0.594363,0.525504,0.738537,0.543826,0.420674,0.588726,0.714937,0.163651,0.295101,0.387417,0.509074,0.66396,0.687349,0.206306,0.251821,0.718207,0.233822,0.428346,0.474888,0.472703,0.506918,0.410446,0.311347,0.567555,0.492207,0.42387,0.261037,0.340471,-0.0812298,0.67443,0.699345,0.464284,0.312929
0.756571,0.742117,0.582444,0.623371,0.501433,0.661546,0.0966584,0.095896,0.322186,0.340945,0.56772,0.306104,0.558328,1,0.424049,0.566234,0.649473,0.355943,0.395626,0.728199,0.681424,0.123163,0.62533,0.680544,0.362908,0.383923,0.483896,0.350788,0.22545,0.238879,0.355769,0.421399,0.601193,0.302226,-0.213906,0.511274,-0.0137264,0.11849,0.672073,0.49846,0.357582,0.353876,0.785762,0.806428,0.679664,0.539988,0.53199,0.546803,-0.116899,-0.0393982,0.516269,0.415762,0.700963,0.603164,0.573558,0.720088,0.672789,0.567622,0.55003,0.305919,0.242226,0.617785,0.477147,0.653102,0.611084,0.229037,0.293092,0.738205,0.202131,0.304771,0.334717,0.460045,0.201361,0.335172,0.283527,0.550476,0.458795,0.282249,0.490485,0.326357,0.148524,0.5978,0.43359,0.553215,0.25395
0.469344,0.268578,0.44058,0.239738,0.476645,0.499876,-0.038108,-0.0309502,0.33758,0.361442,0.263418,0.29604,0.397052,0.424049,1,0.109496,0.377005,0.362439,0.282611,0.445118,0.3845,0.228022,0.293999,0.538402,0.467922,0.145591,0.430752,-0.114029,0.26763,0.319105,0.0967548,0.193881,0.351657,0.238756,-0.0246677,0.125974,0.0384954,0.0754304,0.29476,0.363916,0.0928311,0.0914866,0.476315,0.508082,0.528311,0.252702,0.533626,0.536355,-0.0102166,-0.000310001,0.245888,0.24448,0.379359,0.350697,0.424195,0.349258,0.297121,0.456107,0.445693,0.303253,0.0676472,0.351382,0.254975,0.321191,0.365611,0.15325,0.321402,0.471296,0.0497762,-0.0415493,0.315122,0.376986,-0.124706,0.0408684,0.0941631,0.140321,0.328393,-0.00100627,0.251753,0.320247,-0.161919,0.453941,0.326482,0.313891,0.101164
0.55834,0.726823,0.427932,0.625833,0.558942,0.510178,0.0068442,0.226219,0.209427,0.185213,0.409107,0.455352,0.614536,0.566234,0.109496,1,0.607211,0.398894,0.42132,0.657752,0.57439,0.250035,0.43557,0.586723,0.17869,0.350419,0.446193,0.302119,0.304986,0.296886,0.222217,0.317515,0.4825,0.340515,0.0750421,0.575979,-0.00997586,0.172705,0.718106,0.56101,0.222638,0.586103,0.552642,0.62397,0.576398,0.452482,0.475273,0.473859,0.0112334,-0.0133429,0.517505,0.605988,0.477567,0.484861,0.566971,0.565082,0.54472,0.660118,0.554963,0.279152,0.146205,0.265175,0.426785,0.676015,0.669818,0.129555,0.214321,0.622066,0.371787,0.286794,0.419988,0.261168,0.452127,0.281307,0.178487,0.525401,0.4018,0.255123,0.351855,0.2109,0.02007,0.433182,0.545018,0.512083,0.178804
0.799634,0.772184,0.692094,0.693345,0.683817,0.628097,0.0842567,0.136007,0.557322,0.39567,0.62089,0.490775,0.821965,0.649473,0.377005,0.607211,1,0.553114,0.507636,0.732013,0.825046,0.185441,0.513167,0.813688,0.39779,0.335618,0.564126,0.532746,0.452298,0.396208,0.465769,0.528793,0.712298,0.509448,0.0899658,0.612256,0.180127,0.204611,0.813714,0.609565,0.413692,0.426092,0.717239,0.720314,0.832301,0.683234,0.460536,0.546602,-0.00649536,0.163562,0.434721,0.451538,0.715678,0.543799,0.762957,0.540814,0.435656,0.667996,0.762484,0.257878,0.442826,0.470435,0.4313,0.731044,0.688973,0.157181,0.402676,0.721878,0.282586,0.370752,0.400611,0.476958,0.53834,0.345519,0.299508,0.606016,0.497339,0.432045,0.332286,0.27397,0.078771,0.680611,0.708713,0.380546,0.38672
0.633896,0.459906,0.625527,0.412546,0.50771,0.594034,0.149221,0.353137,0.497082,0.411536,0.455438,0.426506,0.59509,0.355943,0.362439,0.398894,0.553114,1,0.408854,0.509878,0.526834,0.118827,0.390581,0.694594,0.280641,0.286027,0.480276,0.251917,0.107969,0.364184,0.0435383,0.455356,0.456679,0.421515,0.296011,0.616881,-0.064225,0.129973,0.565918,0.500137,0.296471,0.490112,0.550407,0.417804,0.673766,0.427194,0.476332,0.477951,0.301405,-0.0409959,0.286592,0.0753176,0.472129,0.403777,0.441124,0.572802,0.293424,0.610933,0.53027,0.248861,0.261007,0.244412,0.38578,0.420349,0.63276,0.261979,0.240354,0.527457,0.106787,0.2787,0.479259,0.296461,0.406277,0.143228,0.32426,0.464805,0.268959,0.284263,0.171307,0.233241,0.183981,0.593047,0.649839,0.439042,0.375188
0.673536,0.431002,0.775734,0.339807,0.531559,0.47302,-0.0618145,0.242261,0.626031,0.328719,0.406823,0.508028,0.521167,0.395626,0.282611,0.42132,0.507636,0.408854,1,0.556337,0.642224,0.36558,0.543711,0.583231,0.385924,0.287691,0.374505,0.291699,0.414504,0.256646,0.147705,0.309833,0.637092,0.69434,0.181953,0.28249,0.0254118,0.543724,0.620125,0.673295,0.493354,0.595608,0.546989,0.468962,0.705217,0.627839,0.551606,0.505581,0.406007,-0.00493684,0.437628,0.332838,0.465412,0.249131,0.415475,0.438046,0.291032,0.60095,0.502169,0.206607,0.225324,0.361898,0.722128,0.494015,0.680585,0.446365,0.479653,0.631442,0.176593,0.278446,0.581968,0.241841,0.384013,0.161912,0.489971,0.446369,0.603156,0.209566,0.114592,0.430801,0.0146789,0.638287,0.593156,0.321901,0.668288
0.857318,0.713355,0.761126,0.723714,0.556294,0.758736,0.153471,0.199064,0.431781,0.391109,0.574825,0.518612,0.73157,0.728199,0.445118,0.657752,0.732013,0.509878,0.556337,1,0.835989,0.20786,0.669132,0.72042,0.419863,0.43982,0.698654,0.346907,0.362438,0.195384,0.325395,0.500452,0.695206,0.429921,0.0284058,0.679303,0.172009,0.238081,0.854373,0.594755,0.539222,0.528991,0.780022,0.720043,0.775504,0.69725,0.616904,0.621656,0.126225,0.0140126,0.576638,0.557945,0.704344,0.573296,0.655954,0.652698,0.673054,0.684322,0.611467,0.456594,0.206953,0.706785,0.671969,0.799258,0.794577,0.307702,0.328908,0.846631,0.214393,0.396197,0.420009,0.35033,0.375803,0.333806,0.383151,0.439428,0.639264,0.395279,0.375402,0.417732,0.137544,0.822018,0.596484,0.424392,0.344096
0.847824,0.648057,0.829202,0.612963,0.656366,0.773515,0.161091,0.171895,0.597183,0.341429,0.587696,0.581629,0.753732,0.681424,0.3845,0.57439,0.825046,0.526834,0.642224,0.835989,1,0.226577,0.64634,0.804986,0.407806,0.296144,0.544474,0.471072,0.568333,0.322823,0.424335,0.490847,0.796434,0.561428,0.00733462,0.643408,0.23657,0.31933,0.871216,0.647102,0.550759,0.50221,0.766982,0.71841,0.855885,0.694782,0.550461,0.639378,0.185007,0.174708,0.4852,0.554659,0.696136,0.445642,0.607303,0.646147,0.513538,0.70873,0.682996,0.35381,0.497955,0.599492,0.73272,0.791042,0.766229,0.443322,0.29239,0.840847,0.277662,0.486108,0.472527,0.487672,0.512745,0.384148,0.317795,0.642458,0.563805,0.359846,0.353607,0.474854,0.143695,0.851973,0.623513,0.400695,0.405258
0.11361,0.161405,0.0900008,0.206173,0.211147,0.170323,-0.0533358,-0.0376771,0.0697761,-0.167179,0.0576701,0.36638,0.374129,0.123163,0.228022,0.250035,0.185441,0.118827,0.36558,0.20786,0.226577,1,-0.00784288,0.310187,0.24978,0.106904,0.150358,0.154341,0.118888,0.00961285,-0.262086,-0.0469891,0.339842,0.225206,-0.0706494,0.205975,0.0342418,0.164412,0.138076,0.349753,-0.10355,0.276609,0.19311,0.335327,0.239759,0.116807,0.241324,0.190971,0.12636,-0.0160359,0.263843,0.240362,0.168683,0.090587,0.276808,0.198254,-0.061655,0.252974,0.277214,-0.063453,0.0823185,0.0141648,0.271758,0.266861,0.262426,0.196332,0.0415892,0.237201,0.355515,0.193775,0.262149,0.373973,0.0843946,0.139006,0.117804,0.112588,0.233752,-0.072913,0.0849191,0.349548,-0.469725,0.175012,0.287925,0.365638,-0.00501397
0.698193,0.553542,0.62862,0.412097,0.391419,0.529648,0.148864,0.157062,0.30261,0.328523,0.344321,0.2436,0.373489,0.62533,0.293999,0.43557,0.513167,0.390581,0.543711,0.669132,0.64634,-0.00784288,1,0.605151,0.457999,0.479811,0.449135,0.238957,0.327964,0.173259,0.096864,0.512491,0.442848,0.373384,0.169055,0.445945,0.122209,0.231313,0.657565,0.526371,0.411136,0.451635,0.713921,0.46273,0.581915,0.665885,0.502253,0.439846,0.0924261,0.075507,0.360642,0.33633,0.680437,0.349753,0.397915,0.528376,0.568892,0.539,0.392923,0.330057,0.147941,0.611893,0.612867,0.632094,0.590566,0.208937,0.396215,0.666564,0.10175,0.151191,0.25325,0.262632,0.234761,0.177234,0.202188,0.417868,0.502188,0.410312,0.520439,0.540445,0.379266,0.597073,0.440712,0.254325,0.374599
0.819651,0.711506,0.719304,0.648964,0.66729,0.742912,0.0155681,0.191001,0.515127,0.377141,0.551903,0.553497,0.750979,0.680544,0.538402,0.586723,0.813688,0.694594,0.583231,0.72042,0.804986,0.310187,0.605151,1,0.52812,0.305576,0.590685,0.367541,0.445168,0.478916,0.285896,0.492893,0.702733,0.555379,0.142372,0.655118,0.147553,0.319899,0.765498,0.765253,0.311222,0.384254,0.819162,0.770871,0.870652,0.582528,0.657521,0.704748,0.0732348,0.206118,0.43901,0.40703,0.638399,0.491152,0.67399,0.667971,0.514787,0.737647,0.715769,0.206184,0.343926,0.509368,0.552763,0.684794,0.773449,0.310382,0.438212,0.836917,0.321663,0.369721,0.533085,0.566589,0.471354,0.316685,0.229556,0.617005,0.433224,0.393605,0.382184,0.505022,0.0994019,0.720072,0.719247,0.540947,0.345654
0.44297,0.334701,0.444866,0.414387,0.443468,0.440676,-0.0408415,-0.0577715,0.255582,0.36748,0.378589,0.278295,0.336451,0.362908,0.467922,0.17869,0.39779,0.280641,0.385924,0.419863,0.407806,0.24978,0.457999,0.52812,1,0.326626,0.373865,0.248211,0.515916,-0.0738082,0.144943,0.327715,0.338761,0.177628,0.188361,0.205482,0.11669,0.418285,0.375564,0.596824,0.17002,0.0281371,0.490923,0.487816,0.472392,0.504435,0.440781,0.430119,-0.118579,0.218682,0.213459,0.212818,0.448974,0.440446,0.516032,0.396312,0.287802,0.431301,0.508443,0.235243,-0.162132,0.321978,0.318286,0.480963,0.413932,0.0720323,0.61304,0.525133,-0.12278,0.227164,0.335722,0.171228,0.154307,0.0786593,0.219841,0.399227,0.271978,0.267678,0.15295,0.511732,-0.156109,0.416245,0.517865,0.231551,0.203987
0.384542,0.46015,0.315058,0.51421,0.106076,0.202568,0.0597696,0.0861048,0.0234059,0.206543,0.363803,0.180709,0.419699,0.383923,0.145591,0.350419,0.335618,0.286027,0.287691,0.43982,0.296144,0.106904,0.479811,0.305576,0.326626,1,0.530533,0.304818,0.0585413,0.00779238,-0.0506783,0.427604,0.226259,0.21116,0.0178793,0.274474,-0.146434,-0.0313653,0.402696,0.427497,0.103615,0.307493,0.480717,0.248717,0.381948,0.357864,0.440794,0.201936,0.0500289,-0.0707682,0.446343,-0.136617,0.514858,0.384362,0.360518,0.212941,0.492108,0.293825,0.29804,0.298202,-0.0934673,0.286308,0.380666,0.475853,0.436761,-0.0707018,0.326045,0.387628,-0.247417,0.163246,0.210014,0.229321,0.23634,0.32997,0.201644,0.224588,0.530515,0.37077,0.0403075,0.289361,0.074781,0.307169,0.465787,0.200987,0.214098
0.679007,0.488293,0.567634,0.657931,0.302571,0.473203,-0.00382394,0.152801,0.210554,0.258548,0.414042,0.374312,0.603164,0.483896,0.430752,0.446193,0.564126,0.480276,0.374505,0.698654,0.544474,0.150358,0.449135,0.590685,0.373865,0.530533,1,0.240087,0.252656,0.233244,0.220708,0.415174,0.511705,0.334119,0.015742,0.413001,0.0825276,0.028967,0.619264,0.533365,0.20304,0.221105,0.609856,0.489495,0.649809,0.452791,0.528811,0.5076,0.0307892,0.128902,0.532095,0.18419,0.509009,0.443676,0.624693,0.504822,0.475617,0.56132,0.569036,0.376908,0.11729,0.534183,0.453489,0.511805,0.645417,0.152621,0.386867,0.663697,-0.0507442,0.246359,0.497313,0.267853,0.238916,0.238835,0.275919,0.274356,0.610581,0.355747,0.196655,0.251643,0.108019,0.579569,0.506557,0.330543,0.270455
0.393941,0.385551,0.348415,0.281731,0.386231,0.247698,0.211741,-0.0120435,0.299572,0.340426,0.48777,0.333194,0.483213,0.350788,-0.114029,0.302119,0.532746,0.251917,0.291699,0.346907,0.471072,0.154341,0.238957,0.367541,0.248211,0.304818,0.240087,1,0.296748,-0.137135,0.21853,0.500439,0.558355,0.22418,-0.11598,0.409975,0.110668,0.239826,0.450478,0.2776,0.370456,0.233002,0.35098,0.293397,0.382111,0.594982,0.0121396,0.107663,-0.132879,0.128388,0.124966,0.106877,0.441684,0.227537,0.406751,0.208239,-0.0114379,0.203574,0.39737,0.010483,0.139993,0.104334,0.259129,0.41038,0.388795,0.0938934,0.202037,0.328828,0.109699,0.371412,0.0804852,0.187015,0.514155,0.170925,0.351359,0.316743,0.200259,0.507927,0.103894,-0.0688072,0.00653067,0.447684,0.489907,0.151139,0.254817
0.374543,0.247381,0.471046,0.217732,0.496716,0.266388,0.0054816,-0.0683765,0.336565,0.260186,0.299737,0.291025,0.292815,0.22545,0.26763,0.304986,0.452298,0.107969,0.414504,0.362438,0.568333,0.118888,0.327964,0.445168,0.515916,0.0585413,0.252656,0.296748,1,0.271866,0.363592,0.285199,0.376926,0.343005,0.0109117,0.205702,0.118595,0.28075,0.491003,0.523024,0.194618,0.115408,0.393852,0.355765,0.487669,0.416107,0.222228,0.376536,0.0306925,0.268188,0.177276,0.464136,0.431109,0.253736,0.416647,0.234459,0.241178,0.525702,0.498079,0.311783,0.180588,0.184562,0.315966,0.446997,0.356858,0.269961,0.495882,0.518332,0.191017,0.324376,0.492177,0.155136,0.414393,0.0922856,0.0682664,0.421041,0.264835,0.191742,0.0706008,0.16588,-0.119704,0.444327,0.442543,0.0540616,0.319454
0.370786,0.368569,0.324891,0.30005,0.295285,0.304305,-0.107673,0.350669,0.198181,0.168212,0.136053,0.22609,0.296207,0.238879,0.319105,0.296886,0.396208,0.364184,0.256646,0.195384,0.322823,0.00961285,0.173259,0.478916,-0.0738082,0.00779238,0.233244,-0.137135,0.271866,1,0.178164,0.132122,0.211419,0.393581,0.16211,0.240141,-0.0195324,-0.131456,0.318635,0.427097,-0.00315058,0.20335,0.347909,0.27613,0.475878,0.0136907,0.453546,0.442188,0.11923,0.041235,0.11581,0.225636,0.193374,0.115981,0.250174,0.22521,0.342608,0.509388,0.353015,0.138213,0.361524,0.188524,0.167146,0.209779,0.408473,0.118381,0.142158,0.370664,0.236978,0.0419374,0.511474,0.283135,0.203223,0.126917,-0.110239,0.278155,0.231817,0.0198629,0.247518,0.0626567,0.100953,0.184976,0.240737,0.451453,0.320498
0.418347,0.303027,0.313729,0.312517,0.281305,0.192572,-0.179396,-0.0691406,0.349432,0.243813,0.320585,0.189515,0.236671,0.355769,0.0967548,0.222217,0.465769,0.0435383,0.147705,0.325395,0.424335,-0.262086,0.096864,0.285896,0.144943,-0.0506783,0.220708,0.21853,0.363592,0.178164,1,0.210449,0.354814,0.10895,-0.0759203,0.152813,0.0626791,0.117414,0.40637,0.249712,0.187588,-0.0270396,0.207232,0.343622,0.328009,0.252355,0.181113,0.391412,-0.0986266,0.00350391,0.107827,0.220728,0.199818,0.318578,0.486469,0.187704,0.271898,0.27611,0.412617,0.219738,0.300119,0.265521,0.0728424,0.187005,0.206155,0.0786993,0.320707,0.308667,-0.0190723,0.270547,0.229118,-0.0267024,0.199626,0.0955599,0.134447,0.258687,0.112619,0.125836,-0.104798,-0.0730688,0.405618,0.249022,0.162664,0.137646,0.215925
0.584225,0.483388,0.513052,0.384927,0.361401,0.415324,0.190333,0.10676,0.147047,0.438034,0.418886,0.298696,0.490583,0.421399,0.193881,0.317515,0.528793,0.455356,0.309833,0.500452,0.490847,-0.0469891,0.512491,0.492893,0.327715,0.427604,0.415174,0.500439,0.285199,0.132122,0.210449,1,0.449332,0.385662,0.14752,0.48677,0.0997854,0.0785019,0.570781,0.27511,0.31605,0.342915,0.558229,0.347059,0.537732,0.61929,0.257453,0.262665,-0.0143292,-0.0715761,0.340946,0.0100363,0.554198,0.315744,0.459746,0.351592,0.329686,0.378636,0.423301,0.329139,0.168648,0.294259,0.35352,0.446347,0.475499,0.148766,0.254463,0.573208,-0.0615331,0.206638,0.112723,0.212457,0.388741,0.231949,0.37473,0.256068,0.370558,0.402305,0.276702,0.0929013,0.386487,0.553611,0.468516,0.244327,0.193467
0.749718,0.544146,0.741808,0.493189,0.624507,0.627643,0.117734,0.108083,0.604498,0.307431,0.516023,0.604539,0.683339,0.601193,0.351657,0.4825,0.712298,0.456679,0.637092,0.695206,0.796434,0.339842,0.442848,0.702733,0.338761,0.226259,0.511705,0.558355,0.376926,0.211419,0.354814,0.449332,1,0.464451,-0.128659,0.539435,0.215831,0.401961,0.770916,0.619871,0.609267,0.426968,0.636948,0.686448,0.765663,0.605678,0.484219,0.621168,0.0464148,0.16586,0.435301,0.439989,0.561959,0.362806,0.567199,0.528426,0.42456,0.468078,0.601882,0.376531,0.35891,0.462833,0.629706,0.640729,0.750888,0.524038,0.308938,0.722243,0.196031,0.449592,0.419338,0.462378,0.498814,0.320609,0.518287,0.487329,0.493116,0.237946,0.316653,0.283273,0.0696975,0.756964,0.589709,0.427616,0.371033
0.591143,0.450553,0.700202,0.402131,0.472336,0.438717,0.0861223,0.35899,0.393442,0.268067,0.247793,0.357608,0.574202,0.302226,0.238756,0.340515,0.509448,0.421515,0.69434,0.429921,0.561428,0.225206,0.373384,0.555379,0.177628,0.21116,0.334119,0.22418,0.343005,0.393581,0.10895,0.385662,0.464451,1,0.411131,0.365141,0.0879827,0.303193,0.540715,0.548092,0.397978,0.391831,0.54129,0.359159,0.710522,0.441496,0.485703,0.362175,0.373186,0.239013,0.181666,0.187343,0.363929,0.140362,0.363344,0.337943,0.207984,0.539272,0.417135,0.147706,0.362802,0.2134,0.574121,0.458207,0.630407,0.441011,0.456571,0.637403,0.334079,0.347608,0.430179,0.373664,0.40978,0.0370344,0.209352,0.333917,0.504785,0.224226,0.191051,0.234109,-0.0215588,0.569671,0.545681,0.255432,0.442155
0.0567805,0.129855,0.173329,0.0923189,0.227331,0.125448,-0.0654156,0.223851,0.117072,0.182835,-0.0608089,-0.0339866,0.109521,-0.213906,-0.0246677,0.0750421,0.0899658,0.296011,0.181953,0.0284058,0.00733462,-0.0706494,0.169055,0.142372,0.188361,0.0178793,0.015742,-0.11598,0.0109117,0.16211,-0.0759203,0.14752,-0.128659,0.411131,1,0.175429,0.0302757,0.114627,0.0753413,0.170516,0.162556,0.118372,0.0118996,-0.154164,0.147068,0.0868276,0.151985,0.0859908,0.134063,0.0485484,-0.238274,-0.106636,0.0357768,-0.097113,0.0495378,-0.0290018,0.0275394,0.157854,0.202897,-0.0186877,-0.00794767,-0.127592,-0.00503504,0.0626544,0.176454,-0.00336568,0.313669,0.0931149,0.024455,-0.0367219,0.047231,-0.224351,0.185124,-0.174778,-0.218868,0.153037,0.053384,0.261759,0.0998949,0.0732719,0.150616,-0.00801414,0.226341,0.0147211,0.127631
0.637686,0.649178,0.532678,0.549034,0.490591,0.65868,0.172314,0.284363,0.210542,0.332519,0.571967,0.501714,0.618092,0.511274,0.125974,0.575979,0.612256,0.616881,0.28249,0.679303,0.643408,0.205975,0.445945,0.655118,0.205482,0.274474,0.413001,0.409975,0.205702,0.240141,0.152813,0.48677,0.539435,0.365141,0.175429,1,0.170921,0.14515,0.721499,0.476377,0.425189,0.488434,0.701932,0.476018,0.619153,0.502066,0.35711,0.351877,0.108939,0.0747544,0.329616,0.3814,0.501795,0.391517,0.479869,0.562912,0.456662,0.501779,0.451153,0.259009,0.27668,0.349334,0.446177,0.643447,0.714307,0.287787,0.14428,0.658893,0.399349,0.502193,0.317196,0.226547,0.482562,0.171839,0.281914,0.463342,0.302587,0.327193,0.371413,0.180246,0.227771,0.602551,0.647239,0.472375,0.195479
0.199724,0.199875,0.207383,0.210978,0.182175,0.327624,0.177584,0.30345,0.0291263,0.0381688,0.159419,0.102717,0.112825,-0.0137264,0.0384954,-0.00997586,0.180127,-0.064225,0.0254118,0.172009,0.23657,0.0342418,0.122209,0.147553,0.11669,-0.146434,0.0825276,0.110668,0.118595,-0.0195324,0.0626791,0.0997854,0.215831,0.0879827,0.0302757,0.170921,1,0.0679726,0.197707,0.11909,0.209078,-0.164502,0.109319,0.143683,0.153616,0.134438,-0.0170957,0.042425,-0.139944,0.302468,-0.0653955,0.227923,0.0540293,-0.0233681,0.0977733,-0.0688554,-0.0239505,-0.023696,0.0962414,0.00798084,0.169421,0.352976,0.112831,0.257229,0.189521,0.0899788,-0.00403864,0.150949,0.10863,0.194361,-0.188482,0.182914,0.324104,0.0488122,-0.0344286,0.108283,-0.185016,0.0575582,0.0821475,0.25408,-0.0089474,0.229372,0.0773439,-0.0165722,-0.114228
0.348065,0.062216,0.415797,0.164305,0.341483,0.294131,-0.10321,0.0101043,0.396822,0.25486,0.257971,0.522294,0.219082,0.11849,0.0754304,0.172705,0.204611,0.129973,0.543724,0.238081,0.31933,0.164412,0.231313,0.319899,0.418285,-0.0313653,0.028967,0.239826,0.28075,-0.131456,0.117414,0.0785019,0.401961,0.303193,0.114627,0.14515,0.0679726,1,0.28006,0.441036,0.404964,0.300322,0.204705,0.218892,0.307318,0.380626,0.243547,0.283345,0.141342,0.345531,0.0193228,0.234248,-0.0305268,0.00294195,0.221713,0.207973,0.0124925,0.153549,0.210903,-0.114572,-0.0201422,0.0235274,0.45862,0.225277,0.379415,0.32477,0.355262,0.345724,0.129174,0.277996,0.194104,0.0491398,0.352992,0.0401651,0.484138,0.240828,0.13105,0.0666337,-0.128136,0.29703,-0.0402653,0.380082,0.342002,0.0234671,0.248818
0.868358,0.769896,0.831711,0.66269,0.667188,0.706412,0.179305,0.32297,0.500039,0.401302,0.656682,0.567777,0.719163,0.672073,0.29476,0.718106,0.813714,0.565918,0.620125,0.854373,0.871216,0.138076,0.657565,0.765498,0.375564,0.402696,0.619264,0.450478,0.491003,0.318635,0.40637,0.570781,0.770916,0.540715,0.0753413,0.721499,0.197707,0.28006,1,0.672904,0.534543,0.554356,0.843957,0.703465,0.865646,0.719154,0.52799,0.589455,0.157101,0.131223,0.591415,0.524319,0.669862,0.630021,0.696519,0.644225,0.595112,0.763932,0.687952,0.414459,0.28916,0.599311,0.69497,0.804723,0.869872,0.296333,0.369682,0.849214,0.248606,0.417674,0.500829,0.336025,0.505327,0.305728,0.422548,0.594867,0.622038,0.380967,0.361654,0.288745,0.201266,0.793655,0.75485,0.381749,0.443054
0.709699,0.627667,0.686242,0.645161,0.541936,0.541881,-0.0316946,0.213691,0.432276,0.403573,0.501217,0.465549,0.578927,0.49846,0.363916,0.56101,0.609565,0.500137,0.673295,0.594755,0.647102,0.349753,0.526371,0.765253,0.596824,0.427497,0.533365,0.2776,0.523024,0.427097,0.249712,0.27511,0.619871,0.548092,0.170516,0.476377,0.11909,0.441036,0.672904,1,0.266868,0.365403,0.674743,0.573923,0.74923,0.446116,0.677873,0.596808,0.164186,0.300887,0.308345,0.383134,0.49456,0.459218,0.5986,0.491001,0.515377,0.684624,0.634133,0.212506,0.147338,0.367513,0.548396,0.632753,0.786619,0.298651,0.670868,0.745392,0.129218,0.33993,0.705964,0.362543,0.514866,0.122002,0.264425,0.562569,0.462527,0.297884,0.172924,0.496148,0.016508,0.550619,0.675971,0.4961,0.422375
0.543217,0.333521,0.63291,0.325298,0.443164,0.560232,0.171385,0.15616,0.576793,0.283956,0.354411,0.381129,0.416145,0.357582,0.0928311,0.222638,0.413692,0.296471,0.493354,0.539222,0.550759,-0.10355,0.411136,0.311222,0.17002,0.103615,0.20304,0.370456,0.194618,-0.00315058,0.187588,0.31605,0.609267,0.397978,0.162556,0.425189,0.209078,0.404964,0.534543,0.266868,1,0.398353,0.367179,0.364203,0.479854,0.470514,0.34605,0.256008,0.0737529,0.151055,0.139573,0.321638,0.370213,0.172073,0.186399,0.397019,0.342714,0.217593,0.291475,0.42803,0.300164,0.294041,0.558668,0.482115,0.529707,0.502571,0.159553,0.454182,0.0127525,0.342551,0.0701362,0.0525825,0.409994,0.107958,0.380454,0.4148,0.336074,0.329524,0.248248,0.113178,0.174523,0.661455,0.399123,0.104971,0.280019
0.494462,0.466465,0.535611,0.289253,0.441619,0.380366,0.196907,0.382696,0.3701,0.285985,0.429138,0.43594,0.458739,0.353876,0.0914866,0.586103,0.426092,0.490112,0.595608,0.528991,0.50221,0.276609,0.451635,0.384254,0.0281371,0.307493,0.221105,0.233002,0.115408,0.20335,-0.0270396,0.342915,0.426968,0.391831,0.118372,0.488434,-0.164502,0.300322,0.554356,0.365403,0.398353,1,0.423243,0.253077,0.496885,0.469644,0.343366,0.252694,0.445325,-0.167065,0.366716,0.331167,0.403256,0.235368,0.27481,0.373905,0.266187,0.464329,0.314015,0.197954,0.23035,0.211657,0.586356,0.508974,0.582325,0.272279,0.0869837,0.444464,0.265058,0.177336,0.340096,0.10322,0.29861,0.167695,0.443942,0.31303,0.404268,-0.00867638,0.177092,0.156168,0.108575,0.516292,0.468715,0.336253,0.373424
0.844506,0.722341,0.763342,0.621723,0.575047,0.704205,0.219375,0.293444,0.314287,0.406454,0.617767,0.434302,0.622221,0.785762,0.476315,0.552642,0.717239,0.550407,0.546989,0.780022,0.766982,0.19311,0.713921,0.819162,0.490923,0.480717,0.609856,0.35098,0.393852,0.347909,0.207232,0.558229,0.636948,0.54129,0.0118996,0.701932,0.109319,0.204705,0.843957,0.674743,0.367179,0.423243,1,0.72431,0.863334,0.685449,0.576965,0.556385,0.0905876,0.162384,0.596703,0.390035,0.702709,0.613617,0.621035,0.706103,0.574178,0.747369,0.55468,0.320014,0.207665,0.620717,0.643247,0.79107,0.815649,0.252164,0.460204,0.886037,0.277266,0.379295,0.485276,0.454467,0.297444,0.205957,0.362239,0.49835,0.610421,0.350125,0.473716,0.381407,0.126179,0.726954,0.711771,0.458058,0.380412
0.740637,0.678476,0.586835,0.696688,0.612195,0.736511,-0.0575279,0.0353039,0.45152,0.138717,0.416696,0.460722,0.671037,0.806428,0.508082,0.62397,0.720314,0.417804,0.468962,0.720043,0.71841,0.335327,0.46273,0.770871,0.487816,0.248717,0.489495,0.293397,0.355765,0.27613,0.343622,0.347059,0.686448,0.359159,-0.154164,0.476018,0.143683,0.218892,0.703465,0.573923,0.364203,0.253077,0.72431,1,0.751095,0.509669,0.61072,0.658374,-0.176441,0.0231182,0.61919,0.540449,0.622549,0.644796,0.662038,0.756295,0.610198,0.678187,0.666288,0.395685,0.26437,0.51009,0.478102,0.704611,0.641313,0.319883,0.291522,0.74739,0.236276,0.388307,0.386613,0.572541,0.325515,0.394917,0.256043,0.583621,0.46075,0.297428,0.402995,0.445342,-0.0682935,0.634667,0.530211,0.51604,0.16337
0.8931,0.717072,0.89749,0.666562,0.747107,0.766796,0.110983,0.355851,0.578201,0.454449,0.638519,0.521842,0.767042,0.679664,0.528311,0.576398,0.832301,0.673766,0.705217,0.775504,0.855885,0.239759,0.581915,0.870652,0.472392,0.381948,0.649809,0.382111,0.487669,0.475878,0.328009,0.537732,0.765663,0.710522,0.147068,0.619153,0.153616,0.307318,0.865646,0.74923,0.479854,0.496885,0.863334,0.751095,1,0.658888,0.629887,0.681751,0.179719,0.173503,0.545129,0.394046,0.696421,0.52337,0.666722,0.641825,0.516709,0.817314,0.749462,0.390939,0.400218,0.518247,0.6688,0.769922,0.874456,0.425236,0.523164,0.887232,0.272979,0.435205,0.605736,0.500457,0.496554,0.278085,0.385641,0.617345,0.620367,0.325845,0.297094,0.347668,0.0383429,0.83469,0.794678,0.488157,0.484805
0.715945,0.552643,0.67598,0.408156,0.539637,0.517211,0.208829,0.110276,0.406143,0.434497,0.528068,0.4816,0.606438,0.539988,0.252702,0.452482,0.683234,0.427194,0.627839,0.69725,0.694782,0.116807,0.665885,0.582528,0.504435,0.357864,0.452791,0.594982,0.416107,0.0136907,0.252355,0.61929,0.605678,0.441496,0.0868276,0.502066,0.134438,0.380626,0.719154,0.446116,0.470514,0.469644,0.685449,0.509669,0.658888,1,0.256459,0.39062,0.0343472,-0.0153016,0.432116,0.410499,0.678817,0.469382,0.619658,0.503119,0.262158,0.529886,0.49556,0.209437,0.0297749,0.496138,0.574095,0.680819,0.603234,0.121863,0.421607,0.654574,0.192607,0.375565,0.294591,0.242051,0.403538,0.220759,0.568012,0.413064,0.525558,0.443205,0.281331,0.308177,0.090173,0.670001,0.5998,0.220829,0.497647
0.656651,0.4843,0.594382,0.617312,0.397091,0.634129,-0.104677,0.237143,0.352352,0.242134,0.261356,0.490426,0.502903,0.53199,0.533626,0.475273,0.460536,0.476332,0.551606,0.616904,0.550461,0.241324,0.502253,0.657521,0.440781,0.440794,0.528811,0.0121396,0.222228,0.453546,0.181113,0.257453,0.484219,0.485703,0.151985,0.35711,-0.0170957,0.243547,0.52799,0.677873,0.34605,0.343366,0.576965,0.61072,0.629887,0.256459,1,0.659816,0.190305,0.116422,0.303904,0.280492,0.358236,0.334722,0.451866,0.603227,0.595495,0.585258,0.471453,0.483919,0.267083,0.441468,0.61258,0.525441,0.713058,0.3389,0.323873,0.669391,0.0219768,0.257436,0.450886,0.352743,0.141707,0.172746,0.165822,0.380373,0.497313,0.117344,0.32962,0.526497,0.0689391,0.548007,0.459589,0.572457,0.259952
0.640685,0.398678,0.605906,0.477439,0.632,0.621539,-0.212066,0.156443,0.360166,0.271793,0.290733,0.500465,0.522738,0.546803,0.536355,0.473859,0.546602,0.477951,0.505581,0.621656,0.639378,0.190971,0.439846,0.704748,0.430119,0.201936,0.5076,0.107663,0.376536,0.442188,0.391412,0.262665,0.621168,0.362175,0.0859908,0.351877,0.042425,0.283345,0.589455,0.596808,0.256008,0.252694,0.556385,0.658374,0.681751,0.39062,0.659816,1,-0.00723252,0.010289,0.464513,0.378155,0.408257,0.299166,0.508774,0.510641,0.583384,0.580602,0.611971,0.342053,0.218082,0.533906,0.440147,0.491809,0.593675,0.306928,0.436386,0.661377,0.137722,0.338566,0.559179,0.320899,0.299538,0.456568,0.117036,0.365091,0.372034,0.0952839,0.212869,0.442502,0.13772,0.512872,0.455386,0.568808,0.424244
0.130819,0.00586814,0.375275,-0.0992985,-0.0122319,0.0262515,0.358144,0.409623,0.300393,0.177326,0.162001,0.13665,0.0977844,-0.116899,-0.0102166,0.0112334,-0.00649536,0.301405,0.406007,0.126225,0.185007,0.12636,0.0924261,0.0732348,-0.118579,0.0500289,0.0307892,-0.132879,0.0306925,0.11923,-0.0986266,-0.0143292,0.0464148,0.373186,0.134063,0.108939,-0.139944,0.141342,0.157101,0.164186,0.0737529,0.445325,0.0905876,-0.176441,0.179719,0.0343472,0.190305,-0.00723252,1,0.0247997,0.0827554,-0.00627485,-0.0351292,-0.0519732,-0.0792479,0.0630832,-0.124116,0.198039,-0.0571586,-0.0277355,0.202287,0.119566,0.423237,-0.0511822,0.221883,0.308442,-0.0239407,0.165275,0.163294,0.109262,0.373147,-0.0355661,-0.0475383,-0.121633,0.288456,0.0230762,0.190506,-0.244428,-0.1307,0.147399,-0.0166702,0.244008,0.182997,-0.0568262,0.43106
0.0844505,0.0252649,0.167804,0.142998,0.0989466,0.080442,0.255974,0.145949,0.0240659,0.0849323,0.112337,0.144306,0.0817511,-0.0393982,-0.000310001,-0.0133429,0.163562,-0.0409959,-0.00493684,0.0140126,0.174708,-0.0160359,0.075507,0.206118,0.218682,-0.0707682,0.128902,0.128388,0.268188,0.041235,0.00350391,-0.0715761,0.16586,0.239013,0.0485484,0.0747544,0.302468,0.345531,0.131223,0.300887,0.151055,-0.167065,0.162384,0.0231182,0.173503,-0.0153016,0.116422,0.010289,0.0247997,1,-0.268932,0.142539,-0.183909,-0.0738655,0.146989,0.00729685,-0.126426,0.0293248,0.121792,-0.0598349,0.16894,0.0237465,0.195328,0.196478,0.239633,0.14555,0.224563,0.203228,0.0432495,0.122515,0.0600679,0.0674585,0.137465,-0.136339,-0.0640393,0.118358,-0.0367964,0.095042,0.0915932,0.0770678,-0.190686,0.124299,0.211149,-0.0945292,-0.0804192
0.489595,0.446341,0.437993,0.472922,0.323499,0.404316,0.00190658,0.0849077,0.167184,-0.0223653,0.335123,0.282359,0.455592,0.516269,0.245888,0.517505,0.434721,0.286592,0.437628,0.576638,0.4852,0.263843,0.360642,0.43901,0.213459,0.446343,0.532095,0.124966,0.177276,0.11581,0.107827,0.340946,0.435301,0.181666,-0.238274,0.329616,-0.0653955,0.0193228,0.591415,0.308345,0.139573,0.366716,0.596703,0.61919,0.545129,0.432116,0.303904,0.464513,0.0827554,-0.268932,1,0.297153,0.517545,0.49908,0.362315,0.538168,0.510842,0.536642,0.34929,0.286294,0.0831423,0.45137,0.450346,0.508381,0.422763,0.161272,0.134709,0.548378,0.121163,0.204368,0.398378,0.336633,0.170769,0.489286,0.314598,0.305488,0.568703,0.156381,0.122548,0.30065,-0.00252212,0.445589,0.411258,0.209543,0.274115
0.421598,0.470662,0.38235,0.292557,0.53855,0.47852,0.0658992,0.081689,0.303469,0.135136,0.250474,0.468209,0.44478,0.415762,0.24448,0.605988,0.451538,0.0753176,0.332838,0.557945,0.554659,0.240362,0.33633,0.40703,0.212818,-0.136617,0.18419,0.106877,0.464136,0.225636,0.220728,0.0100363,0.439989,0.187343,-0.106636,0.3814,0.227923,0.234248,0.524319,0.383134,0.321638,0.331167,0.390035,0.540449,0.394046,0.410499,0.280492,0.378155,-0.00627485,0.142539,0.297153,1,0.356988,0.329043,0.391359,0.477072,0.332169,0.451152,0.336602,0.192495,0.173192,0.388819,0.355518,0.58975,0.420623,0.203114,0.104285,0.505297,0.472506,0.214555,0.376561,0.148147,0.1706,0.087567,0.111666,0.466361,0.177855,0.0641706,0.456444,0.26145,-0.205241,0.369344,0.304042,0.301475,0.152763
