1,0.977485,0.950736,0.949059,0.945991,0.922131,0.837905,0.904868,0.858131,0.915367,0.903322,0.924715,0.930252,0.948229,0.888225,0.942905,0.920528,0.861741,0.903989,0.952525,0.9579,0.884106,0.954546,0.965863,0.907339,0.884685,0.966507,0.910801,0.837108,0.875006,0.738529,0.850049,0.890469,0.878813,0.889631,0.802598,0.634094,0.893185,0.950428,0.934499,0.78496,0.916198,0.969543,0.933924,0.960964,0.945456,0.953291,0.945039,0.796201,0.849724,0.878124,0.896501,0.922302,0.951011,0.93684,0.953013,0.835006,0.927915,0.950682,0.881414,0.87312,0.863057,0.937225,0.950352,0.962587,0.926139,0.923575,0.951255,0.801778,0.909222,0.950151,0.914252,0.793595,0.821822,0.791767,0.910335,0.922033,0.836176,0.790456,0.801297,0.893596,0.942444,0.938915,0.742122,0.915355
0.977485,1,0.956409,0.958406,0.945816,0.92768,0.856428,0.896829,0.829288,0.941844,0.942092,0.937972,0.948645,0.959375,0.888991,0.969747,0.951192,0.880582,0.920933,0.957787,0.970634,0.902449,0.949262,0.962915,0.923389,0.896056,0.961909,0.909763,0.860487,0.872454,0.767522,0.823326,0.898291,0.905061,0.884905,0.793911,0.635177,0.911591,0.955914,0.95228,0.762569,0.930807,0.972623,0.955477,0.962874,0.955013,0.960719,0.920523,0.798998,0.852795,0.860501,0.907134,0.931337,0.94914,0.954245,0.965774,0.830867,0.946273,0.968596,0.862601,0.899404,0.852626,0.930887,0.954648,0.964021,0.943104,0.908858,0.946967,0.773269,0.912927,0.95645,0.925441,0.805256,0.807303,0.769788,0.917302,0.922474,0.857272,0.792276,0.79376,0.892336,0.953655,0.948364,0.720418,0.913606
0.950736,0.956409,1,0.970675,0.92833,0.932173,0.850526,0.8596,0.845215,0.909302,0.919677,0.935099,0.94146,0.949918,0.894557,0.922461,0.950103,0.854875,0.892919,0.950287,0.955739,0.917782,0.947034,0.967363,0.87837,0.945178,0.959724,0.889959,0.882958,0.864062,0.78137,0.858136,0.945964,0.903542,0.879999,0.797824,0.665922,0.903715,0.945844,0.923644,0.777326,0.916515,0.961856,0.91262,0.976701,0.974694,0.929372,0.913312,0.783214,0.828843,0.868958,0.910807,0.943313,0.958345,0.927112,0.945572,0.879716,0.903859,0.95079,0.854969,0.893741,0.897295,0.917466,0.938028,0.949246,0.938591,0.92371,0.95341,0.798316,0.892482,0.960798,0.92038,0.82035,0.822478,0.75161,0.933607,0.921855,0.855552,0.770629,0.743221,0.855111,0.929657,0.939599,0.756069,0.92699
0.949059,0.958406,0.970675,1,0.938276,0.932766,0.848586,0.85575,0.844792,0.931815,0.955756,0.932719,0.956426,0.967126,0.885453,0.93605,0.953949,0.853316,0.90167,0.957066,0.958795,0.914994,0.961287,0.971414,0.899402,0.927723,0.966796,0.891124,0.872805,0.864178,0.795857,0.841717,0.922334,0.916304,0.879029,0.800999,0.71919,0.922293,0.945298,0.933777,0.789738,0.954909,0.958897,0.93552,0.964872,0.956684,0.948988,0.93294,0.843927,0.833929,0.860266,0.937848,0.94351,0.960446,0.950012,0.964884,0.851162,0.92187,0.960934,0.845782,0.924175,0.897389,0.919702,0.943543,0.953969,0.917764,0.923162,0.964322,0.843542,0.913942,0.957148,0.938765,0.847979,0.826825,0.713682,0.944632,0.934006,0.852877,0.748924,0.716479,0.868123,0.946543,0.942613,0.721091,0.932492
0.945991,0.945816,0.92833,0.938276,1,0.939117,0.856235,0.90625,0.824682,0.929795,0.915464,0.912822,0.941694,0.974863,0.891522,0.934907,0.927075,0.84903,0.930897,0.946274,0.960274,0.897904,0.944405,0.971447,0.922594,0.89012,0.964742,0.935156,0.872807,0.901392,0.721522,0.816706,0.902714,0.941692,0.942202,0.848232,0.615359,0.922341,0.945733,0.954867,0.772201,0.92811,0.959975,0.958609,0.961041,0.935362,0.950507,0.92705,0.787621,0.871512,0.88168,0.888855,0.903961,0.961841,0.959835,0.962558,0.853314,0.933408,0.973217,0.8798,0.901873,0.877086,0.956772,0.956955,0.973371,0.916239,0.915698,0.949609,0.799184,0.908263,0.935152,0.902228,0.791351,0.872157,0.795881,0.952432,0.958509,0.835675,0.735845,0.787596,0.896807,0.953524,0.94429,0.757528,0.944723
0.922131,0.92768,0.932173,0.932766,0.939117,1,0.866953,0.905729,0.77448,0.907661,0.885877,0.903333,0.922447,0.948821,0.888967,0.911845,0.920896,0.829853,0.935541,0.917874,0.94244,0.91412,0.922937,0.966563,0.87468,0.924432,0.952522,0.901104,0.857234,0.859783,0.732521,0.881939,0.901093,0.915625,0.906954,0.8099,0.599333,0.899936,0.93881,0.923164,0.797192,0.887613,0.954801,0.926422,0.953617,0.942592,0.924584,0.89668,0.770584,0.860582,0.895374,0.901567,0.913499,0.954917,0.930616,0.940512,0.860923,0.907007,0.955389,0.829282,0.880341,0.879452,0.925278,0.925538,0.951412,0.89996,0.914233,0.943624,0.802389,0.884451,0.946069,0.866438,0.786184,0.809256,0.746935,0.938128,0.921699,0.90713,0.791444,0.770693,0.850788,0.926168,0.910743,0.765018,0.930118
0.837905,0.856428,0.850526,0.848586,0.856235,0.866953,1,0.874651,0.764792,0.881251,0.83774,0.866164,0.835973,0.864636,0.82088,0.857142,0.837989,0.837009,0.87336,0.860981,0.883791,0.86122,0.837696,0.87166,0.764396,0.834685,0.888093,0.830355,0.805336,0.769484,0.690706,0.772915,0.844238,0.803374,0.791291,0.860169,0.665047,0.841512,0.872979,0.867346,0.703244,0.855442,0.883219,0.836618,0.852721,0.839289,0.806982,0.804758,0.759436,0.718167,0.787435,0.81945,0.840549,0.867763,0.870703,0.873054,0.797486,0.829184,0.892154,0.713463,0.815269,0.732336,0.856722,0.870176,0.885734,0.827905,0.850221,0.85124,0.636415,0.721599,0.838069,0.851506,0.70227,0.74605,0.747379,0.829791,0.853763,0.815757,0.67128,0.693553,0.788588,0.847046,0.852464,0.800391,0.830351
0.904868,0.896829,0.8596,0.85575,0.90625,0.905729,0.874651,1,0.774306,0.854673,0.824484,0.868767,0.859006,0.884624,0.860216,0.892937,0.838711,0.784694,0.8892,0.887914,0.912849,0.853443,0.89056,0.904619,0.851102,0.801113,0.913875,0.904994,0.806677,0.850218,0.667306,0.824991,0.840092,0.865248,0.837008,0.830121,0.614317,0.804886,0.883282,0.902738,0.763811,0.873216,0.922109,0.890161,0.888074,0.874956,0.874007,0.875713,0.767621,0.837786,0.868064,0.848451,0.873099,0.908821,0.887767,0.916911,0.825464,0.89231,0.91444,0.81245,0.787979,0.801383,0.92027,0.910261,0.933663,0.865302,0.873425,0.893361,0.736647,0.827208,0.891287,0.820296,0.753072,0.820526,0.81445,0.867169,0.890496,0.826491,0.807419,0.771472,0.841183,0.872644,0.873378,0.726611,0.872848
0.858131,0.829288,0.845215,0.844792,0.824682,0.77448,0.764792,0.774306,1,0.827998,0.834005,0.85068,0.846017,0.846583,0.797917,0.840563,0.813889,0.846898,0.795581,0.871417,0.864617,0.835342,0.897296,0.848732,0.777108,0.740158,0.867872,0.826445,0.788531,0.786019,0.778215,0.781338,0.872678,0.792793,0.818922,0.774133,0.739424,0.798953,0.862963,0.83975,0.65379,0.86919,0.851465,0.829107,0.825831,0.852426,0.81797,0.884303,0.776208,0.710556,0.74963,0.846232,0.856488,0.858134,0.867199,0.855301,0.784139,0.839036,0.832296,0.742326,0.733244,0.782084,0.864712,0.860743,0.866055,0.815181,0.857626,0.864734,0.733779,0.800898,0.844802,0.863354,0.706042,0.789773,0.72973,0.784402,0.8613,0.688024,0.64144,0.685123,0.750603,0.854378,0.830572,0.708994,0.803194
0.915367,0.941844,0.909302,0.931815,0.929795,0.907661,0.881251,0.854673,0.827998,1,0.955951,0.920715,0.951033,0.955788,0.855758,0.940763,0.943,0.901594,0.928089,0.920033,0.952004,0.922157,0.926747,0.942315,0.87175,0.867411,0.932955,0.880454,0.863223,0.821184,0.765959,0.789066,0.896246,0.913527,0.890405,0.814191,0.620269,0.904399,0.934794,0.923223,0.734793,0.92238,0.938285,0.939645,0.93141,0.931615,0.926251,0.904399,0.816243,0.832391,0.815544,0.914105,0.937783,0.939069,0.961788,0.942092,0.819365,0.918941,0.960432,0.818379,0.894131,0.814033,0.898567,0.915232,0.940964,0.911994,0.89202,0.927709,0.74226,0.869688,0.912903,0.90838,0.744028,0.813494,0.715465,0.909805,0.922157,0.867019,0.715562,0.747705,0.859691,0.943089,0.920869,0.739516,0.892647
0.903322,0.942092,0.919677,0.955756,0.915464,0.885877,0.83774,0.824484,0.834005,0.955951,1,0.926617,0.958454,0.94501,0.871457,0.947656,0.95851,0.882919,0.914608,0.925242,0.947958,0.915051,0.944768,0.935492,0.910291,0.870195,0.928652,0.869288,0.905897,0.853164,0.828042,0.759999,0.908168,0.942812,0.879736,0.794069,0.710041,0.891465,0.929552,0.931892,0.685352,0.946638,0.931038,0.929165,0.917645,0.922138,0.934927,0.903601,0.826311,0.822682,0.797178,0.922007,0.930412,0.932426,0.962609,0.945764,0.842336,0.918731,0.944616,0.780033,0.907037,0.839364,0.889923,0.910377,0.931566,0.915673,0.890796,0.933303,0.770879,0.906455,0.92608,0.920776,0.806146,0.838006,0.68803,0.914537,0.935369,0.827279,0.742961,0.672651,0.832161,0.944611,0.914785,0.706157,0.897671
0.924715,0.937972,0.935099,0.932719,0.912822,0.903333,0.866164,0.868767,0.85068,0.920715,0.926617,1,0.968638,0.939545,0.916502,0.932532,0.959878,0.866955,0.919983,0.938506,0.952844,0.907314,0.939214,0.944387,0.878812,0.892405,0.929846,0.881647,0.873238,0.823548,0.816199,0.83896,0.919623,0.895001,0.879988,0.810648,0.703961,0.897542,0.957986,0.941726,0.766258,0.937529,0.941595,0.912545,0.937058,0.945004,0.915363,0.873677,0.806813,0.797404,0.861061,0.870883,0.902364,0.937772,0.943042,0.944854,0.885438,0.911847,0.94077,0.769599,0.878594,0.842721,0.910131,0.910995,0.941958,0.934695,0.927328,0.944746,0.732909,0.894209,0.933732,0.921697,0.773124,0.800067,0.830978,0.940477,0.948408,0.86266,0.763961,0.758023,0.862184,0.953658,0.940791,0.79974,0.896175
0.930252,0.948645,0.94146,0.956426,0.941694,0.922447,0.835973,0.859006,0.846017,0.951033,0.958454,0.968638,1,0.96176,0.901822,0.946168,0.986675,0.884236,0.931255,0.937594,0.961969,0.910472,0.958916,0.961394,0.91197,0.897345,0.940995,0.888022,0.897559,0.85417,0.802822,0.831662,0.92333,0.933719,0.916641,0.803553,0.650668,0.911,0.967394,0.941226,0.731417,0.940817,0.95379,0.936806,0.956102,0.95682,0.943691,0.912565,0.83229,0.856779,0.849038,0.916461,0.932618,0.966355,0.968811,0.953888,0.858578,0.920871,0.958011,0.822147,0.913466,0.87764,0.917817,0.91644,0.952157,0.946827,0.921459,0.959016,0.780309,0.933309,0.947733,0.924294,0.795484,0.848607,0.757399,0.95442,0.954915,0.859798,0.739002,0.723914,0.870296,0.968041,0.943231,0.730755,0.902664
0.948229,0.959375,0.949918,0.967126,0.974863,0.948821,0.864636,0.884624,0.846583,0.955788,0.94501,0.939545,0.96176,1,0.89181,0.947592,0.950983,0.853565,0.936948,0.966232,0.970053,0.927206,0.957789,0.987234,0.908481,0.924463,0.976474,0.913338,0.878377,0.883192,0.777466,0.853776,0.920569,0.93484,0.926675,0.830117,0.649556,0.927921,0.956583,0.956393,0.787183,0.951759,0.971511,0.971074,0.971358,0.955955,0.966417,0.934345,0.810301,0.878949,0.897243,0.919142,0.929734,0.970306,0.974504,0.976281,0.877828,0.951391,0.984216,0.866661,0.904394,0.898696,0.948413,0.971934,0.972361,0.931538,0.936454,0.974535,0.835893,0.920181,0.957542,0.940264,0.82504,0.853251,0.758311,0.956737,0.955444,0.854794,0.75745,0.796876,0.884042,0.969234,0.952501,0.761801,0.95671
0.888225,0.888991,0.894557,0.885453,0.891522,0.888967,0.82088,0.860216,0.797917,0.855758,0.871457,0.916502,0.901822,0.89181,1,0.911332,0.904923,0.820348,0.900412,0.904942,0.913131,0.857769,0.905583,0.900943,0.879299,0.852318,0.913854,0.86322,0.839677,0.827894,0.806222,0.853825,0.885168,0.872954,0.862014,0.797578,0.695897,0.801905,0.916699,0.895701,0.737092,0.890069,0.90255,0.886859,0.896076,0.871645,0.879686,0.859045,0.762023,0.793278,0.845312,0.833425,0.867604,0.907455,0.894477,0.924695,0.865319,0.895894,0.90139,0.765025,0.822401,0.823723,0.8836,0.893831,0.924147,0.87075,0.870133,0.916562,0.710271,0.861581,0.907903,0.875056,0.725047,0.83279,0.798981,0.898597,0.922636,0.832135,0.768288,0.681517,0.761861,0.900199,0.872085,0.755886,0.912005
0.942905,0.969747,0.922461,0.93605,0.934907,0.911845,0.857142,0.892937,0.840563,0.940763,0.947656,0.932532,0.946168,0.947592,0.911332,1,0.935736,0.8767,0.924432,0.962065,0.970897,0.895394,0.944295,0.936964,0.938522,0.858349,0.949745,0.903258,0.868003,0.848575,0.787956,0.799937,0.894747,0.909809,0.867815,0.817517,0.656727,0.883587,0.944828,0.953978,0.719706,0.925599,0.958024,0.970179,0.934415,0.926566,0.958215,0.921198,0.791466,0.864503,0.829095,0.919059,0.916587,0.940688,0.964291,0.972031,0.83375,0.972653,0.96068,0.838149,0.871268,0.838005,0.941042,0.952139,0.957765,0.925318,0.883025,0.935742,0.741539,0.914278,0.948926,0.925416,0.786364,0.813987,0.774054,0.907451,0.934594,0.829342,0.754066,0.762592,0.857347,0.95021,0.93825,0.742959,0.908829
0.920528,0.951192,0.950103,0.953949,0.927075,0.920896,0.837989,0.838711,0.813889,0.943,0.95851,0.959878,0.986675,0.950983,0.904923,0.935736,1,0.893061,0.930784,0.922639,0.958804,0.905227,0.939806,0.954082,0.901345,0.9142,0.932963,0.867635,0.897538,0.834741,0.806937,0.817737,0.922379,0.92537,0.913056,0.776262,0.634767,0.903948,0.963821,0.931066,0.710181,0.924653,0.944892,0.915454,0.949281,0.95391,0.930898,0.884223,0.795698,0.839994,0.836431,0.907976,0.927312,0.949127,0.952605,0.939331,0.854348,0.900707,0.95468,0.797741,0.927136,0.854856,0.896383,0.906448,0.940617,0.937822,0.913715,0.943215,0.757192,0.912817,0.939387,0.916246,0.791221,0.824691,0.734322,0.942962,0.937768,0.867491,0.731721,0.699732,0.852535,0.951762,0.927683,0.723361,0.894466
0.861741,0.880582,0.854875,0.853316,0.84903,0.829853,0.837009,0.784694,0.846898,0.901594,0.882919,0.866955,0.884236,0.853565,0.820348,0.8767,0.893061,1,0.85646,0.86582,0.89826,0.832942,0.871113,0.863788,0.855794,0.770642,0.869858,0.848068,0.788627,0.744513,0.768941,0.698506,0.860987,0.8176,0.854236,0.74981,0.583976,0.830043,0.928979,0.850354,0.609283,0.850551,0.868725,0.841432,0.849886,0.872273,0.83689,0.823684,0.765474,0.734104,0.713423,0.84522,0.863441,0.861536,0.893476,0.857456,0.727868,0.823029,0.877457,0.707626,0.85028,0.709764,0.827463,0.831536,0.87901,0.827843,0.818497,0.827968,0.599104,0.816987,0.830624,0.842232,0.723934,0.779404,0.6888,0.808201,0.862637,0.797097,0.629866,0.654033,0.80559,0.874201,0.849402,0.70729,0.790789
0.903989,0.920933,0.892919,0.90167,0.930897,0.935541,0.87336,0.8892,0.795581,0.928089,0.914608,0.919983,0.931255,0.936948,0.900412,0.924432,0.930784,0.85646,1,0.897927,0.960907,0.903161,0.913647,0.933561,0.887934,0.88151,0.929543,0.871026,0.854343,0.832753,0.785011,0.84069,0.900581,0.930309,0.933298,0.83216,0.655494,0.86203,0.935292,0.930287,0.755385,0.894341,0.933589,0.926989,0.90882,0.90767,0.91753,0.888393,0.776317,0.842698,0.872488,0.893731,0.912021,0.924357,0.942684,0.924282,0.851621,0.91203,0.949748,0.813732,0.870874,0.807558,0.936655,0.917248,0.960957,0.90575,0.891856,0.922484,0.742403,0.854643,0.909093,0.87139,0.738247,0.827775,0.769272,0.927928,0.951828,0.906626,0.770622,0.762989,0.840495,0.931722,0.893178,0.797508,0.906132
0.952525,0.957787,0.950287,0.957066,0.946274,0.917874,0.860981,0.887914,0.871417,0.920033,0.925242,0.938506,0.937594,0.966232,0.904942,0.962065,0.922639,0.86582,0.897927,1,0.96267,0.887919,0.954393,0.963425,0.916763,0.894198,0.965253,0.905586,0.855599,0.861529,0.779929,0.832671,0.90137,0.892314,0.873479,0.814003,0.676457,0.88715,0.952353,0.939352,0.753715,0.948257,0.964128,0.960248,0.956544,0.946984,0.952054,0.922225,0.791497,0.844914,0.854002,0.899054,0.910699,0.953614,0.955831,0.97407,0.864765,0.960199,0.961122,0.844637,0.867888,0.868164,0.943862,0.973913,0.96113,0.922883,0.920144,0.955047,0.778002,0.919867,0.944898,0.935335,0.844634,0.83156,0.785621,0.915928,0.944861,0.819499,0.74824,0.787526,0.859907,0.951633,0.947734,0.75788,0.941235
0.9579,0.970634,0.955739,0.958795,0.960274,0.94244,0.883791,0.912849,0.864617,0.952004,0.947958,0.952844,0.961969,0.970053,0.913131,0.970897,0.958804,0.89826,0.960907,0.96267,1,0.929823,0.961755,0.970553,0.933156,0.90151,0.972135,0.928968,0.886988,0.876611,0.797355,0.839762,0.936644,0.937626,0.922126,0.843215,0.674658,0.911599,0.966745,0.965682,0.764049,0.941967,0.980834,0.961622,0.96552,0.963772,0.962945,0.940015,0.808285,0.876329,0.880761,0.927474,0.939553,0.962358,0.972081,0.973641,0.860916,0.961539,0.983917,0.866118,0.910356,0.864241,0.970648,0.964815,0.989124,0.946941,0.920267,0.960039,0.792183,0.915202,0.957969,0.937327,0.829136,0.859772,0.79346,0.942945,0.965572,0.882528,0.76831,0.781313,0.902872,0.967913,0.95516,0.791838,0.93066
0.884106,0.902449,0.917782,0.914994,0.897904,0.91412,0.86122,0.853443,0.835342,0.922157,0.915051,0.907314,0.910472,0.927206,0.857769,0.895394,0.905227,0.832942,0.903161,0.887919,0.929823,1,0.920236,0.926401,0.818758,0.894652,0.92074,0.866704,0.899975,0.853046,0.820943,0.82495,0.949309,0.924379,0.884545,0.802894,0.70772,0.88974,0.896791,0.925807,0.752937,0.900896,0.917946,0.891145,0.915889,0.930352,0.885868,0.898609,0.808253,0.820718,0.866959,0.90185,0.940339,0.931367,0.933034,0.923611,0.894747,0.891506,0.935612,0.798985,0.845044,0.874154,0.909082,0.912147,0.933277,0.889929,0.928999,0.92509,0.806871,0.841385,0.921755,0.878088,0.784961,0.814281,0.732872,0.897649,0.920317,0.861855,0.781789,0.740243,0.851335,0.913728,0.914822,0.769585,0.900198
0.954546,0.949262,0.947034,0.961287,0.944405,0.922937,0.837696,0.89056,0.897296,0.926747,0.944768,0.939214,0.958916,0.957789,0.905583,0.944295,0.939806,0.871113,0.913647,0.954393,0.961755,0.920236,1,0.96941,0.926707,0.88237,0.968365,0.916929,0.884562,0.907404,0.810659,0.860165,0.930515,0.930592,0.897327,0.830595,0.710361,0.885827,0.951228,0.952304,0.783962,0.949372,0.967696,0.943189,0.956242,0.95113,0.949542,0.957778,0.827512,0.866831,0.874752,0.91496,0.938696,0.965824,0.966056,0.966625,0.876676,0.942663,0.953166,0.849121,0.882973,0.900245,0.944177,0.950804,0.967921,0.932473,0.920998,0.974652,0.832646,0.935593,0.958623,0.937525,0.842371,0.884341,0.780667,0.939477,0.95076,0.834903,0.801575,0.741077,0.873728,0.96467,0.945142,0.756024,0.930128
0.965863,0.962915,0.967363,0.971414,0.971447,0.966563,0.87166,0.904619,0.848732,0.942315,0.935492,0.944387,0.961394,0.987234,0.900943,0.936964,0.954082,0.863788,0.933561,0.963425,0.970553,0.926401,0.96941,1,0.910713,0.934307,0.983904,0.925535,0.887986,0.903479,0.7632,0.874917,0.926905,0.931516,0.929896,0.830413,0.640905,0.919836,0.966643,0.951204,0.797874,0.942453,0.984615,0.952927,0.98332,0.969516,0.961114,0.941037,0.807261,0.87753,0.907939,0.913978,0.934984,0.979244,0.967146,0.970835,0.889054,0.938265,0.978441,0.86824,0.909636,0.90901,0.947429,0.964409,0.975729,0.944021,0.94575,0.982496,0.834801,0.928385,0.969272,0.930361,0.832433,0.868588,0.779778,0.958699,0.953789,0.870715,0.793569,0.78802,0.886175,0.966351,0.949635,0.777331,0.953348
0.907339,0.923389,0.87837,0.899402,0.922594,0.87468,0.764396,0.851102,0.777108,0.87175,0.910291,0.878812,0.91197,0.908481,0.879299,0.938522,0.901345,0.855794,0.887934,0.916763,0.933156,0.818758,0.926707,0.910713,1,0.805468,0.911868,0.904763,0.838337,0.857043,0.75495,0.742276,0.847069,0.907075,0.86905,0.796885,0.582315,0.844056,0.926014,0.918039,0.678847,0.888843,0.926996,0.930588,0.906115,0.885385,0.931908,0.889341,0.739795,0.854233,0.802214,0.847099,0.847898,0.90923,0.931268,0.926949,0.771617,0.922707,0.918827,0.796725,0.863848,0.809735,0.910345,0.89638,0.929758,0.895477,0.811546,0.894468,0.7225,0.940307,0.904549,0.877546,0.821639,0.857535,0.732542,0.897933,0.915244,0.780461,0.739566,0.691707,0.848496,0.928194,0.904636,0.690553,0.880345
0.884685,0.896056,0.945178,0.927723,0.89012,0.924432,0.834685,0.801113,0.740158,0.867411,0.870195,0.892405,0.897345,0.924463,0.852318,0.858349,0.9142,0.770642,0.88151,0.894198,0.90151,0.894652,0.88237,0.934307,0.805468,1,0.923683,0.819918,0.840415,0.819157,0.760991,0.836756,0.912154,0.869443,0.857744,0.760727,0.634231,0.871307,0.898094,0.875933,0.746428,0.855754,0.913815,0.868764,0.929572,0.91951,0.870585,0.854088,0.695463,0.822903,0.849948,0.856975,0.893569,0.921756,0.886766,0.894327,0.873199,0.848241,0.918518,0.810691,0.864165,0.882439,0.868548,0.903109,0.903583,0.877304,0.904343,0.918987,0.775003,0.839419,0.918058,0.889871,0.783215,0.777311,0.687032,0.903474,0.881069,0.856616,0.726226,0.713204,0.79857,0.878352,0.88673,0.752235,0.893602
0.966507,0.961909,0.959724,0.966796,0.964742,0.952522,0.888093,0.913875,0.867872,0.932955,0.928652,0.929846,0.940995,0.976474,0.913854,0.949745,0.932963,0.869858,0.929543,0.965253,0.972135,0.92074,0.968365,0.983904,0.911868,0.923683,1,0.930032,0.861068,0.897946,0.777447,0.866138,0.935818,0.91761,0.902025,0.841858,0.687794,0.904164,0.960328,0.953362,0.797654,0.940742,0.977509,0.955516,0.968233,0.946481,0.94627,0.948564,0.803737,0.874569,0.899724,0.928759,0.936484,0.970848,0.959243,0.975762,0.874338,0.944524,0.971788,0.880613,0.905309,0.904363,0.952322,0.975303,0.978657,0.91828,0.936994,0.974651,0.831737,0.909633,0.972219,0.940811,0.828247,0.87114,0.772286,0.939652,0.948876,0.851889,0.780541,0.772133,0.869186,0.951133,0.941376,0.790103,0.944537
0.910801,0.909763,0.889959,0.891124,0.935156,0.901104,0.830355,0.904994,0.826445,0.880454,0.869288,0.881647,0.888022,0.913338,0.86322,0.903258,0.867635,0.848068,0.871026,0.905586,0.928968,0.866704,0.916929,0.925535,0.904763,0.819918,0.930032,1,0.846358,0.910202,0.710046,0.794606,0.890336,0.905929,0.878165,0.854859,0.612337,0.892222,0.92206,0.935129,0.779421,0.899669,0.935734,0.92184,0.920153,0.910636,0.920815,0.891307,0.784905,0.84141,0.86138,0.843039,0.863132,0.92943,0.924833,0.934108,0.807647,0.918885,0.92927,0.825126,0.855026,0.868684,0.927574,0.910982,0.945259,0.900987,0.855409,0.90703,0.75257,0.894396,0.910523,0.895045,0.787964,0.853559,0.806608,0.907,0.910913,0.827089,0.740676,0.749358,0.910834,0.923164,0.922462,0.736451,0.89617
0.837108,0.860487,0.882958,0.872805,0.872807,0.857234,0.805336,0.806677,0.788531,0.863223,0.905897,0.873238,0.897559,0.878377,0.839677,0.868003,0.897538,0.788627,0.854343,0.855599,0.886988,0.899975,0.884562,0.887986,0.838337,0.840415,0.861068,0.846358,1,0.864927,0.778084,0.79685,0.888352,0.92184,0.874821,0.765118,0.62353,0.845859,0.867941,0.882321,0.629688,0.862844,0.88178,0.849494,0.883467,0.885799,0.872128,0.850955,0.756218,0.769693,0.804728,0.846624,0.871612,0.90725,0.90289,0.889174,0.861546,0.862172,0.896,0.729525,0.800577,0.843828,0.865145,0.851674,0.883255,0.899635,0.870496,0.889049,0.75236,0.851301,0.880485,0.871837,0.743097,0.827519,0.732784,0.880755,0.890924,0.757252,0.74781,0.621662,0.798172,0.901384,0.866642,0.685187,0.869116
0.875006,0.872454,0.864062,0.864178,0.901392,0.859783,0.769484,0.850218,0.786019,0.821184,0.853164,0.823548,0.85417,0.883192,0.827894,0.848575,0.834741,0.744513,0.832753,0.861529,0.876611,0.853046,0.907404,0.903479,0.857043,0.819157,0.897946,0.910202,0.864927,1,0.681335,0.790941,0.845421,0.892898,0.861681,0.776554,0.602686,0.816456,0.847766,0.891502,0.702824,0.86989,0.902098,0.867816,0.900218,0.865083,0.892878,0.905095,0.724203,0.834212,0.849666,0.784323,0.826177,0.89727,0.887411,0.884235,0.811576,0.880381,0.881985,0.837069,0.808682,0.876014,0.889196,0.894925,0.90558,0.903651,0.844254,0.907931,0.799184,0.868443,0.884546,0.862222,0.801131,0.884084,0.769846,0.860808,0.879101,0.74586,0.802796,0.726307,0.833682,0.900007,0.863003,0.637376,0.8714
0.738529,0.767522,0.78137,0.795857,0.721522,0.732521,0.690706,0.667306,0.778215,0.765959,0.828042,0.816199,0.802822,0.777466,0.806222,0.787956,0.806937,0.768941,0.785011,0.779929,0.797355,0.820943,0.810659,0.7632,0.75495,0.760991,0.777447,0.710046,0.778084,0.681335,1,0.70153,0.851607,0.788163,0.757234,0.685944,0.704617,0.704953,0.812217,0.816609,0.622863,0.814418,0.766057,0.770122,0.730794,0.786471,0.74782,0.73127,0.673457,0.662339,0.701553,0.786922,0.817756,0.797846,0.830636,0.79974,0.782327,0.776387,0.786194,0.555573,0.676414,0.69591,0.759291,0.771681,0.79239,0.735086,0.771209,0.765436,0.59704,0.764927,0.77817,0.7837,0.684196,0.648498,0.659,0.76603,0.78943,0.701309,0.67753,0.571103,0.649062,0.8008,0.772392,0.722555,0.749776
0.850049,0.823326,0.858136,0.841717,0.816706,0.881939,0.772915,0.824991,0.781338,0.789066,0.759999,0.83896,0.831662,0.853776,0.853825,0.799937,0.817737,0.698506,0.84069,0.832671,0.839762,0.82495,0.860165,0.874917,0.742276,0.836756,0.866138,0.794606,0.79685,0.790941,0.70153,1,0.823448,0.795463,0.817424,0.713313,0.611,0.753138,0.847195,0.821893,0.788374,0.803945,0.858463,0.818186,0.860289,0.854401,0.821441,0.837172,0.730517,0.751596,0.896015,0.824634,0.850658,0.874887,0.816099,0.862307,0.808243,0.825374,0.843463,0.757498,0.716665,0.831344,0.845112,0.845668,0.860758,0.82573,0.856262,0.894004,0.809088,0.784173,0.8785,0.839788,0.691004,0.748405,0.749198,0.859789,0.817611,0.811261,0.772017,0.662249,0.739663,0.845763,0.806714,0.707568,0.880416
0.890469,0.898291,0.945964,0.922334,0.902714,0.901093,0.844238,0.840092,0.872678,0.896246,0.908168,0.919623,0.92333,0.920569,0.885168,0.894747,0.922379,0.860987,0.900581,0.90137,0.936644,0.949309,0.930515,0.926905,0.847069,0.912154,0.935818,0.890336,0.888352,0.845421,0.851607,0.823448,1,0.924143,0.889077,0.827358,0.70719,0.879681,0.928964,0.927706,0.74384,0.895939,0.925484,0.889168,0.920076,0.937823,0.8818,0.890318,0.757432,0.815266,0.867339,0.906012,0.934043,0.940637,0.930726,0.915333,0.901895,0.87875,0.926882,0.816914,0.859111,0.89256,0.920231,0.909821,0.939128,0.896404,0.916377,0.922324,0.775711,0.862324,0.928212,0.900528,0.787935,0.840422,0.743907,0.914708,0.935692,0.85354,0.741577,0.724556,0.832613,0.911669,0.91968,0.81075,0.890038
0.878813,0.905061,0.903542,0.916304,0.941692,0.915625,0.803374,0.865248,0.792793,0.913527,0.942812,0.895001,0.933719,0.93484,0.872954,0.909809,0.92537,0.8176,0.930309,0.892314,0.937626,0.924379,0.930592,0.931516,0.907075,0.869443,0.91761,0.905929,0.92184,0.892898,0.788163,0.795463,0.924143,1,0.920759,0.82675,0.658041,0.873655,0.910274,0.942318,0.734783,0.917715,0.921994,0.920679,0.918788,0.925541,0.917164,0.892779,0.783258,0.844512,0.860175,0.901589,0.922957,0.940544,0.948828,0.931864,0.850836,0.908028,0.945054,0.805754,0.888635,0.871697,0.923971,0.905167,0.946157,0.911107,0.883249,0.926806,0.795132,0.905383,0.919913,0.86999,0.808482,0.875409,0.725205,0.946474,0.951544,0.859753,0.764081,0.697119,0.851765,0.931953,0.909182,0.723838,0.917057
0.889631,0.884905,0.879999,0.879029,0.942202,0.906954,0.791291,0.837008,0.818922,0.890405,0.879736,0.879988,0.916641,0.926675,0.862014,0.867815,0.913056,0.854236,0.933298,0.873479,0.922126,0.884545,0.897327,0.929896,0.86905,0.857744,0.902025,0.878165,0.874821,0.861681,0.757234,0.817424,0.889077,0.920759,1,0.805341,0.582931,0.8726,0.924109,0.897411,0.699257,0.86842,0.907476,0.88698,0.904593,0.909489,0.903059,0.889336,0.755704,0.833751,0.855514,0.859824,0.886258,0.922892,0.930173,0.89418,0.845162,0.863128,0.930934,0.806076,0.837425,0.830568,0.912551,0.889343,0.933369,0.882442,0.89551,0.897757,0.754662,0.8581,0.875548,0.845593,0.726005,0.856353,0.767054,0.910908,0.938987,0.822646,0.725444,0.751324,0.83988,0.914009,0.8676,0.72753,0.896502
0.802598,0.793911,0.797824,0.800999,0.848232,0.8099,0.860169,0.830121,0.774133,0.814191,0.794069,0.810648,0.803553,0.830117,0.797578,0.817517,0.776262,0.74981,0.83216,0.814003,0.843215,0.802894,0.830595,0.830413,0.796885,0.760727,0.841858,0.854859,0.765118,0.776554,0.685944,0.713313,0.827358,0.82675,0.805341,1,0.701887,0.808602,0.835986,0.857966,0.709933,0.84783,0.860309,0.818897,0.813728,0.801373,0.796327,0.823617,0.732157,0.706393,0.766746,0.778332,0.790641,0.84921,0.866683,0.829283,0.746317,0.811571,0.854237,0.685594,0.764621,0.754931,0.869329,0.832097,0.865935,0.77995,0.766622,0.822867,0.632446,0.738505,0.796698,0.805207,0.68678,0.795242,0.727138,0.823443,0.861383,0.741417,0.618026,0.683747,0.757619,0.815788,0.824606,0.756405,0.805416
0.634094,0.635177,0.665922,0.71919,0.615359,0.599333,0.665047,0.614317,0.739424,0.620269,0.710041,0.703961,0.650668,0.649556,0.695897,0.656727,0.634767,0.583976,0.655494,0.676457,0.674658,0.70772,0.710361,0.640905,0.582315,0.634231,0.687794,0.612337,0.62353,0.602686,0.704617,0.611,0.70719,0.658041,0.582931,0.701887,1,0.636459,0.631001,0.660575,0.622056,0.770852,0.641563,0.62655,0.615508,0.619793,0.605869,0.683416,0.737855,0.461015,0.589973,0.695872,0.69863,0.651024,0.667495,0.694934,0.673202,0.647377,0.655793,0.48501,0.619504,0.631729,0.661959,0.675506,0.681787,0.57982,0.685463,0.696294,0.622305,0.554684,0.648428,0.695148,0.599952,0.621711,0.564791,0.651432,0.719346,0.587277,0.540053,0.419412,0.553197,0.641244,0.640973,0.550607,0.66584
0.893185,0.911591,0.903715,0.922293,0.922341,0.899936,0.841512,0.804886,0.798953,0.904399,0.891465,0.897542,0.911,0.927921,0.801905,0.883587,0.903948,0.830043,0.86203,0.88715,0.911599,0.88974,0.885827,0.919836,0.844056,0.871307,0.904164,0.892222,0.845859,0.816456,0.704953,0.753138,0.879681,0.873655,0.8726,0.808602,0.636459,1,0.910595,0.912992,0.750526,0.886245,0.912031,0.899081,0.924683,0.909991,0.904754,0.858903,0.802515,0.769642,0.816165,0.854629,0.861648,0.918008,0.918637,0.908256,0.80166,0.869208,0.931126,0.782818,0.877633,0.849723,0.894,0.885675,0.911266,0.886656,0.885635,0.886633,0.762845,0.840122,0.888753,0.888536,0.75474,0.744287,0.708771,0.905929,0.893026,0.803993,0.667362,0.741171,0.907493,0.91955,0.941276,0.704268,0.872106
0.950428,0.955914,0.945844,0.945298,0.945733,0.93881,0.872979,0.883282,0.862963,0.934794,0.929552,0.957986,0.967394,0.956583,0.916699,0.944828,0.963821,0.928979,0.935292,0.952353,0.966745,0.896791,0.951228,0.966643,0.926014,0.898094,0.960328,0.92206,0.867941,0.847766,0.812217,0.847195,0.928964,0.910274,0.924109,0.835986,0.631001,0.910595,1,0.952905,0.738776,0.929732,0.96572,0.934743,0.954165,0.95634,0.937992,0.903191,0.798597,0.841913,0.866093,0.903241,0.916226,0.967809,0.967461,0.950994,0.844322,0.920122,0.960423,0.802051,0.907385,0.856825,0.932703,0.929567,0.965474,0.930126,0.921603,0.942257,0.74698,0.924528,0.950401,0.925274,0.810322,0.833904,0.783744,0.934414,0.947533,0.859142,0.747432,0.744814,0.875935,0.96161,0.943055,0.786308,0.909163
0.934499,0.95228,0.923644,0.933777,0.954867,0.923164,0.867346,0.902738,0.83975,0.923223,0.931892,0.941726,0.941226,0.956393,0.895701,0.953978,0.931066,0.850354,0.930287,0.939352,0.965682,0.925807,0.952304,0.951204,0.918039,0.875933,0.953362,0.935129,0.882321,0.891502,0.816609,0.821893,0.927706,0.942318,0.897411,0.857966,0.660575,0.912992,0.952905,1,0.77794,0.937977,0.960304,0.952131,0.938255,0.940987,0.94796,0.904921,0.780046,0.851878,0.894017,0.891612,0.903472,0.953285,0.971043,0.964013,0.855764,0.950732,0.964887,0.821763,0.890472,0.864029,0.963061,0.951988,0.970408,0.928115,0.908454,0.938737,0.782753,0.912722,0.951118,0.924284,0.826117,0.81749,0.82232,0.94277,0.944358,0.841661,0.778541,0.781151,0.904657,0.965767,0.962683,0.811282,0.918082
0.78496,0.762569,0.777326,0.789738,0.772201,0.797192,0.703244,0.763811,0.65379,0.734793,0.685352,0.766258,0.731417,0.787183,0.737092,0.719706,0.710181,0.609283,0.755385,0.753715,0.764049,0.752937,0.783962,0.797874,0.678847,0.746428,0.797654,0.779421,0.629688,0.702824,0.622863,0.788374,0.74384,0.734783,0.699257,0.709933,0.622056,0.750526,0.738776,0.77794,1,0.781293,0.775366,0.792658,0.788754,0.777308,0.759019,0.721115,0.725528,0.619415,0.826442,0.732454,0.770549,0.765634,0.747023,0.792738,0.716769,0.769839,0.791991,0.706484,0.699886,0.732998,0.771641,0.783333,0.79622,0.72,0.716976,0.788055,0.653607,0.695541,0.75924,0.719977,0.592884,0.593325,0.756242,0.848502,0.742189,0.785643,0.702468,0.704686,0.764501,0.778314,0.801363,0.713479,0.808635
0.916198,0.930807,0.916515,0.954909,0.92811,0.887613,0.855442,0.873216,0.86919,0.92238,0.946638,0.937529,0.940817,0.951759,0.890069,0.925599,0.924653,0.850551,0.894341,0.948257,0.941967,0.900896,0.949372,0.942453,0.888843,0.855754,0.940742,0.899669,0.862844,0.86989,0.814418,0.803945,0.895939,0.917715,0.86842,0.84783,0.770852,0.886245,0.929732,0.937977,0.781293,1,0.933968,0.93277,0.924176,0.921966,0.922506,0.905428,0.860944,0.793105,0.838402,0.893057,0.909057,0.936174,0.954849,0.957044,0.83497,0.930231,0.945101,0.776305,0.894391,0.847477,0.913919,0.937745,0.946519,0.900145,0.905343,0.951562,0.786631,0.906143,0.914945,0.921067,0.823545,0.831527,0.766308,0.923824,0.944421,0.82632,0.721655,0.720265,0.853163,0.948968,0.926877,0.713198,0.91363
0.969543,0.972623,0.961856,0.958897,0.959975,0.954801,0.883219,0.922109,0.851465,0.938285,0.931038,0.941595,0.95379,0.971511,0.90255,0.958024,0.944892,0.868725,0.933589,0.964128,0.980834,0.917946,0.967696,0.984615,0.926996,0.913815,0.977509,0.935734,0.88178,0.902098,0.766057,0.858463,0.925484,0.921994,0.907476,0.860309,0.641563,0.912031,0.96572,0.960304,0.775366,0.933968,1,0.958038,0.978924,0.966281,0.96361,0.946532,0.784734,0.875074,0.897462,0.906053,0.925505,0.974911,0.970654,0.968837,0.867584,0.956756,0.979247,0.867419,0.894026,0.889895,0.965152,0.967657,0.981911,0.951356,0.918,0.970805,0.803321,0.924676,0.967704,0.934816,0.83742,0.86581,0.793801,0.93683,0.944834,0.867054,0.798089,0.804985,0.893652,0.96661,0.958903,0.777303,0.931503
0.933924,0.955477,0.91262,0.93552,0.958609,0.926422,0.836618,0.890161,0.829107,0.939645,0.929165,0.912545,0.936806,0.971074,0.886859,0.970179,0.915454,0.841432,0.926989,0.960248,0.961622,0.891145,0.943189,0.952927,0.930588,0.868764,0.955516,0.92184,0.849494,0.867816,0.770122,0.818186,0.889168,0.920679,0.88698,0.818897,0.62655,0.899081,0.934743,0.952131,0.792658,0.93277,0.958038,1,0.940546,0.924931,0.963537,0.913399,0.789793,0.881266,0.860283,0.902449,0.905982,0.944767,0.966531,0.97476,0.836675,0.983469,0.967892,0.860201,0.858853,0.857191,0.951269,0.9667,0.963254,0.919189,0.877085,0.944953,0.765535,0.928208,0.939529,0.917222,0.781354,0.816921,0.780461,0.933614,0.93101,0.842786,0.750735,0.789647,0.877731,0.962814,0.949838,0.760644,0.938516
0.960964,0.962874,0.976701,0.964872,0.961041,0.953617,0.852721,0.888074,0.825831,0.93141,0.917645,0.937058,0.956102,0.971358,0.896076,0.934415,0.949281,0.849886,0.90882,0.956544,0.96552,0.915889,0.956242,0.98332,0.906115,0.929572,0.968233,0.920153,0.883467,0.900218,0.730794,0.860289,0.920076,0.918788,0.904593,0.813728,0.615508,0.924683,0.954165,0.938255,0.788754,0.924176,0.978924,0.940546,1,0.97229,0.958059,0.938292,0.793803,0.863288,0.890489,0.8957,0.921699,0.972344,0.947823,0.958274,0.860112,0.930774,0.970839,0.884365,0.913398,0.908986,0.936265,0.947121,0.966745,0.954346,0.923765,0.968895,0.822183,0.91548,0.964069,0.926275,0.832865,0.855696,0.772742,0.950016,0.940391,0.854492,0.792544,0.784085,0.894279,0.959135,0.953829,0.735957,0.937744
0.945456,0.955013,0.974694,0.956684,0.935362,0.942592,0.839289,0.874956,0.852426,0.931615,0.922138,0.945004,0.95682,0.955955,0.871645,0.926566,0.95391,0.872273,0.90767,0.946984,0.963772,0.930352,0.95113,0.969516,0.885385,0.91951,0.946481,0.910636,0.885799,0.865083,0.786471,0.854401,0.937823,0.925541,0.909489,0.801373,0.619793,0.909991,0.95634,0.940987,0.777308,0.921966,0.966281,0.924931,0.97229,1,0.935698,0.915296,0.787219,0.848744,0.860623,0.908734,0.94908,0.963036,0.949045,0.950371,0.857186,0.918189,0.959889,0.836771,0.892799,0.872853,0.931423,0.931513,0.957164,0.952677,0.923619,0.950948,0.788746,0.920106,0.956266,0.911628,0.824938,0.820585,0.770512,0.940771,0.931355,0.885637,0.769785,0.774831,0.883254,0.948493,0.948005,0.764123,0.908192
0.953291,0.960719,0.929372,0.948988,0.950507,0.924584,0.806982,0.874007,0.81797,0.926251,0.934927,0.915363,0.943691,0.966417,0.879686,0.958215,0.930898,0.83689,0.91753,0.952054,0.962945,0.885868,0.949542,0.961114,0.931908,0.870585,0.94627,0.920815,0.872128,0.892878,0.74782,0.821441,0.8818,0.917164,0.903059,0.796327,0.605869,0.904754,0.937992,0.94796,0.759019,0.922506,0.96361,0.963537,0.958059,0.935698,1,0.935941,0.803947,0.887605,0.882017,0.894605,0.895225,0.945848,0.958449,0.957904,0.847728,0.961529,0.963039,0.877176,0.87967,0.891101,0.942969,0.950159,0.959891,0.941878,0.891817,0.948301,0.821353,0.930561,0.942472,0.927188,0.8249,0.829984,0.760696,0.931494,0.934851,0.825167,0.784185,0.795184,0.909637,0.965801,0.944316,0.711572,0.942042
0.945039,0.920523,0.913312,0.93294,0.92705,0.89668,0.804758,0.875713,0.884303,0.904399,0.903601,0.873677,0.912565,0.934345,0.859045,0.921198,0.884223,0.823684,0.888393,0.922225,0.940015,0.898609,0.957778,0.941037,0.889341,0.854088,0.948564,0.891307,0.850955,0.905095,0.73127,0.837172,0.890318,0.892779,0.889336,0.823617,0.683416,0.858903,0.903191,0.904921,0.721115,0.905428,0.946532,0.913399,0.938292,0.915296,0.935941,1,0.806192,0.873599,0.844262,0.906871,0.918034,0.939839,0.933582,0.933906,0.823703,0.918254,0.927384,0.893346,0.84878,0.887325,0.935492,0.933399,0.947718,0.89908,0.898772,0.954124,0.872292,0.889246,0.936957,0.914762,0.810691,0.894892,0.713956,0.881357,0.927833,0.78814,0.780255,0.749061,0.838463,0.9188,0.891177,0.681394,0.897306
0.796201,0.798998,0.783214,0.843927,0.787621,0.770584,0.759436,0.767621,0.776208,0.816243,0.826311,0.806813,0.83229,0.810301,0.762023,0.791466,0.795698,0.765474,0.776317,0.791497,0.808285,0.808253,0.827512,0.807261,0.739795,0.695463,0.803737,0.784905,0.756218,0.724203,0.673457,0.730517,0.757432,0.783258,0.755704,0.732157,0.737855,0.802515,0.798597,0.780046,0.725528,0.860944,0.784734,0.789793,0.793803,0.787219,0.803947,0.806192,1,0.690476,0.715953,0.840012,0.846765,0.811901,0.809824,0.836279,0.693393,0.771879,0.807063,0.70099,0.776619,0.772629,0.761047,0.772574,0.816096,0.766209,0.7931,0.823813,0.741306,0.752533,0.792397,0.786316,0.682432,0.745841,0.595306,0.804491,0.8116,0.746192,0.656481,0.552132,0.784498,0.798486,0.793736,0.555493,0.799735
0.849724,0.852795,0.828843,0.833929,0.871512,0.860582,0.718167,0.837786,0.710556,0.832391,0.822682,0.797404,0.856779,0.878949,0.793278,0.864503,0.839994,0.734104,0.842698,0.844914,0.876329,0.820718,0.866831,0.87753,0.854233,0.822903,0.874569,0.84141,0.769693,0.834212,0.662339,0.751596,0.815266,0.844512,0.833751,0.706393,0.461015,0.769642,0.841913,0.851878,0.619415,0.793105,0.875074,0.881266,0.863288,0.848744,0.887605,0.873599,0.690476,1,0.780562,0.831,0.840568,0.877588,0.86514,0.877393,0.797698,0.871771,0.864329,0.859085,0.78344,0.856663,0.858041,0.873473,0.873942,0.857557,0.833695,0.874118,0.779265,0.884836,0.888856,0.825267,0.764776,0.821967,0.635526,0.834433,0.84284,0.766891,0.720195,0.659297,0.813685,0.839122,0.827929,0.66559,0.846785
0.878124,0.860501,0.868958,0.860266,0.88168,0.895374,0.787435,0.868064,0.74963,0.815544,0.797178,0.861061,0.849038,0.897243,0.845312,0.829095,0.836431,0.713423,0.872488,0.854002,0.880761,0.866959,0.874752,0.907939,0.802214,0.849948,0.899724,0.86138,0.804728,0.849666,0.701553,0.896015,0.867339,0.860175,0.855514,0.766746,0.589973,0.816165,0.866093,0.894017,0.826442,0.838402,0.897462,0.860283,0.890489,0.860623,0.882017,0.844262,0.715953,0.780562,1,0.823764,0.833689,0.892056,0.865627,0.878028,0.858589,0.861651,0.899971,0.834808,0.783666,0.891274,0.907652,0.899497,0.909446,0.83996,0.868871,0.898881,0.824854,0.805396,0.884558,0.839528,0.780286,0.788846,0.782228,0.899403,0.871664,0.819344,0.793641,0.805001,0.851939,0.887375,0.876504,0.745186,0.9188
0.896501,0.907134,0.910807,0.937848,0.888855,0.901567,0.81945,0.848451,0.846232,0.914105,0.922007,0.870883,0.916461,0.919142,0.833425,0.919059,0.907976,0.84522,0.893731,0.899054,0.927474,0.90185,0.91496,0.913978,0.847099,0.856975,0.928759,0.843039,0.846624,0.784323,0.786922,0.824634,0.906012,0.901589,0.859824,0.778332,0.695872,0.854629,0.903241,0.891612,0.732454,0.893057,0.906053,0.902449,0.8957,0.908734,0.894605,0.906871,0.840012,0.831,0.823764,1,0.964522,0.92912,0.919071,0.928487,0.814107,0.883309,0.925324,0.816328,0.861372,0.861998,0.88848,0.902149,0.912862,0.84333,0.895367,0.908433,0.807268,0.847131,0.923636,0.866605,0.770076,0.793893,0.650603,0.893615,0.895195,0.823669,0.707748,0.656109,0.806401,0.879934,0.874471,0.69722,0.885877
0.922302,0.931337,0.943313,0.94351,0.903961,0.913499,0.840549,0.873099,0.856488,0.937783,0.930412,0.902364,0.932618,0.929734,0.867604,0.916587,0.927312,0.863441,0.912021,0.910699,0.939553,0.940339,0.938696,0.934984,0.847898,0.893569,0.936484,0.863132,0.871612,0.826177,0.817756,0.850658,0.934043,0.922957,0.886258,0.790641,0.69863,0.861648,0.916226,0.903472,0.770549,0.909057,0.925505,0.905982,0.921699,0.94908,0.895225,0.918034,0.846765,0.840568,0.833689,0.964522,1,0.947376,0.929888,0.940916,0.856184,0.888255,0.939309,0.831681,0.852863,0.859783,0.897162,0.915263,0.937686,0.89364,0.919188,0.931392,0.792932,0.863785,0.932645,0.878453,0.767421,0.824376,0.697331,0.909533,0.913258,0.881096,0.771301,0.703283,0.824821,0.898883,0.89951,0.72212,0.900832
