1,0.945273,0.955608,0.907863,0.765958,0.804924,0.746166,0.578559,0.702181,0.718965,0.787036,0.811277,0.851095,0.906442,0.902722,0.920093,0.863876,0.801088,0.821341,0.894941,0.929559,0.754938,0.864002,0.942738,0.744386,0.737313,0.879871,0.856911,0.203466,0.567995,0.119534,0.580086,0.830044,0.878526,0.63155,0.461902,0.539585,0.637983,0.930134,0.919752,0.574589,0.80743,0.956932,0.932107,0.9567,0.86692,0.871278,0.896493,0.705595,0.59724,0.817073,0.7943,0.837735,0.7591,0.852221,0.888001,0.842416,0.936039,0.902346,0.651627,0.673018,0.78272,0.800554,0.925995,0.912517,0.804455,0.874501,0.947166,0.823703,0.866415,0.872115,0.78516,0.490101,0.38306,0.573738,0.876906,0.828385,0.582422,0.645504,0.449146,0.629823,0.945091,0.852295,0.478778,0.724014
0.945273,1,0.931347,0.905765,0.7748,0.799984,0.754882,0.562277,0.679798,0.761019,0.818195,0.807367,0.862827,0.935733,0.839448,0.937804,0.903647,0.81835,0.832,0.918204,0.954428,0.831135,0.838671,0.945403,0.71788,0.729511,0.887222,0.816708,0.284943,0.605544,0.0962781,0.574479,0.812769,0.853756,0.615465,0.46777,0.579588,0.610957,0.905623,0.899283,0.555379,0.848018,0.947442,0.957825,0.958417,0.898905,0.869928,0.880176,0.671992,0.610121,0.79368,0.799189,0.857507,0.757569,0.853813,0.916708,0.870211,0.931473,0.925368,0.665842,0.650425,0.705677,0.823609,0.89359,0.939554,0.765666,0.888677,0.957456,0.804659,0.877259,0.891952,0.786488,0.510328,0.323242,0.624803,0.88738,0.818102,0.580547,0.64903,0.527821,0.649892,0.92241,0.860574,0.519861,0.694265
0.955608,0.931347,1,0.937337,0.845196,0.820433,0.796179,0.57147,0.737925,0.785945,0.818592,0.804484,0.874143,0.910631,0.887708,0.933069,0.912947,0.81668,0.859507,0.887513,0.925913,0.776612,0.892651,0.933627,0.743392,0.673107,0.878442,0.843144,0.222837,0.592353,0.127451,0.616893,0.812806,0.863752,0.628452,0.538956,0.517369,0.594392,0.929296,0.915859,0.573152,0.859605,0.954835,0.927933,0.966987,0.880163,0.8381,0.83315,0.7417,0.608969,0.823182,0.853668,0.861175,0.828246,0.89287,0.887668,0.86772,0.89475,0.92643,0.672284,0.676384,0.76361,0.787653,0.922541,0.927142,0.752165,0.869583,0.935788,0.837272,0.880307,0.881601,0.796947,0.477325,0.351605,0.550352,0.844098,0.828507,0.548522,0.665609,0.448084,0.658372,0.936445,0.840896,0.569815,0.657589
0.907863,0.905765,0.937337,1,0.863781,0.824516,0.757183,0.495738,0.678418,0.760208,0.795153,0.841053,0.851847,0.896205,0.828693,0.931091,0.871453,0.777986,0.816491,0.869696,0.901595,0.812241,0.872266,0.892672,0.758312,0.590256,0.863859,0.802296,0.297708,0.52188,0.165452,0.552369,0.804639,0.848083,0.646343,0.525201,0.434211,0.650313,0.901823,0.880632,0.620831,0.874233,0.936987,0.893386,0.938985,0.874078,0.815371,0.861133,0.701729,0.530577,0.760361,0.828596,0.875325,0.838459,0.848615,0.853774,0.837017,0.863178,0.869429,0.660233,0.641642,0.705068,0.747127,0.941309,0.895386,0.711848,0.842286,0.917227,0.84194,0.810309,0.822342,0.784884,0.514757,0.353591,0.599022,0.843785,0.832577,0.506345,0.572154,0.486324,0.62019,0.901816,0.873993,0.565293,0.648858
0.765958,0.7748,0.845196,0.863781,1,0.697629,0.699313,0.433513,0.66973,0.67992,0.624136,0.645979,0.760186,0.809816,0.702149,0.819555,0.760292,0.827095,0.803198,0.788691,0.811921,0.691856,0.807576,0.824445,0.687823,0.437951,0.796329,0.756337,0.361833,0.569712,0.129329,0.371741,0.734172,0.730893,0.601818,0.4908,0.398129,0.558101,0.807282,0.792979,0.45223,0.803835,0.835382,0.813854,0.807799,0.723957,0.736206,0.725903,0.646111,0.415174,0.677092,0.73545,0.784992,0.742587,0.792604,0.814928,0.749097,0.71848,0.750687,0.632576,0.637316,0.710939,0.786543,0.830587,0.838873,0.627312,0.764181,0.822558,0.779391,0.715801,0.819695,0.694302,0.543023,0.297844,0.474923,0.704642,0.697669,0.328742,0.574549,0.444077,0.642088,0.77476,0.770902,0.543496,0.530989
0.804924,0.799984,0.820433,0.824516,0.697629,1,0.581945,0.525956,0.796606,0.641452,0.747539,0.72619,0.747609,0.819194,0.906322,0.757275,0.773027,0.738549,0.778919,0.820971,0.825028,0.713009,0.808844,0.837597,0.72933,0.719473,0.750879,0.80799,0.10715,0.388095,0.121922,0.47631,0.651267,0.692624,0.590422,0.483021,0.419398,0.693685,0.825547,0.750012,0.548632,0.754657,0.83189,0.789573,0.846989,0.760476,0.740266,0.756852,0.535599,0.368523,0.604742,0.769738,0.7108,0.777853,0.830469,0.792449,0.716674,0.779861,0.844364,0.565597,0.515397,0.72151,0.627896,0.829862,0.830081,0.68298,0.741359,0.857493,0.756531,0.736827,0.74833,0.786613,0.32041,0.205224,0.573094,0.769337,0.753138,0.333793,0.59779,0.328242,0.59634,0.844994,0.731355,0.683484,0.616083
0.746166,0.754882,0.796179,0.757183,0.699313,0.581945,1,0.727685,0.563234,0.641592,0.555809,0.556768,0.652591,0.761254,0.664375,0.753431,0.661633,0.731418,0.659913,0.701056,0.694193,0.702107,0.698276,0.712222,0.662138,0.485479,0.650403,0.599371,0.186396,0.607122,0.305916,0.379771,0.722512,0.697155,0.47497,0.4145,0.322504,0.420487,0.673457,0.762678,0.426705,0.710169,0.79124,0.700995,0.805487,0.760783,0.62825,0.674623,0.78506,0.682439,0.725101,0.682495,0.678729,0.554576,0.638958,0.651739,0.659394,0.673883,0.739629,0.570738,0.45159,0.600048,0.60949,0.679517,0.746545,0.52236,0.721796,0.738857,0.527122,0.682318,0.763824,0.625027,0.275029,0.422516,0.330522,0.669603,0.638415,0.357028,0.430178,0.44042,0.462441,0.704554,0.619885,0.433712,0.365796
0.578559,0.562277,0.57147,0.495738,0.433513,0.525956,0.727685,1,0.538496,0.450933,0.341535,0.475138,0.451656,0.523729,0.580704,0.520502,0.473418,0.518902,0.515635,0.519929,0.51539,0.543603,0.541412,0.542996,0.565221,0.527947,0.41413,0.462412,-0.10859,0.535009,0.202182,0.283279,0.520812,0.489678,0.359166,0.340005,0.28578,0.316397,0.512273,0.556745,0.110381,0.454462,0.558447,0.539175,0.581138,0.486913,0.401642,0.518919,0.570301,0.603604,0.531758,0.434163,0.424937,0.359834,0.460306,0.473252,0.430122,0.579011,0.570814,0.335842,0.472189,0.477546,0.431418,0.485125,0.527312,0.465931,0.523656,0.558563,0.410429,0.493595,0.500062,0.528733,0.106371,0.0960822,0.228038,0.422064,0.418383,0.210192,0.265545,0.27434,0.482352,0.520635,0.371057,0.379914,0.376151
0.702181,0.679798,0.737925,0.678418,0.66973,0.796606,0.563234,0.538496,1,0.53705,0.632536,0.551846,0.632547,0.707641,0.775634,0.67982,0.693774,0.670324,0.684529,0.686194,0.686,0.550871,0.728344,0.736221,0.743747,0.571722,0.660023,0.714186,0.105674,0.436999,0.254954,0.36794,0.614969,0.62047,0.599086,0.496559,0.365482,0.46722,0.765836,0.690266,0.29058,0.724271,0.713203,0.689515,0.746317,0.644572,0.645958,0.622554,0.545936,0.318834,0.519304,0.708649,0.647078,0.570181,0.703874,0.724623,0.579172,0.666997,0.731105,0.582624,0.531047,0.577245,0.679833,0.703328,0.733135,0.434455,0.640979,0.732261,0.686936,0.686034,0.679082,0.720212,0.337015,0.150331,0.385678,0.662742,0.650391,0.265243,0.448901,0.313275,0.455671,0.719912,0.609135,0.571748,0.586189
0.718965,0.761019,0.785945,0.760208,0.67992,0.641452,0.641592,0.450933,0.53705,1,0.864047,0.701369,0.858794,0.738522,0.699609,0.732433,0.864974,0.666155,0.775964,0.765466,0.790579,0.603337,0.730835,0.79567,0.548156,0.564083,0.639023,0.651599,0.278356,0.626315,0.0698328,0.546686,0.716015,0.686333,0.369094,0.386446,0.567168,0.433695,0.713044,0.737013,0.352871,0.660718,0.729695,0.739885,0.787387,0.735901,0.733433,0.666184,0.551147,0.518744,0.667917,0.755301,0.833036,0.776372,0.816502,0.770028,0.723222,0.765867,0.831316,0.697573,0.740825,0.456945,0.555674,0.718274,0.75643,0.648824,0.739525,0.792579,0.716664,0.720902,0.676429,0.54638,0.537846,0.414566,0.554308,0.561365,0.559372,0.412665,0.643938,0.34072,0.467368,0.741998,0.768289,0.603541,0.632694
0.787036,0.818195,0.818592,0.795153,0.624136,0.747539,0.555809,0.341535,0.632536,0.864047,1,0.72884,0.839236,0.785363,0.755075,0.763613,0.882289,0.636493,0.773177,0.807943,0.822243,0.613959,0.737015,0.831128,0.561802,0.644615,0.718517,0.708869,0.206555,0.553905,0.11277,0.639914,0.667926,0.759672,0.467214,0.515546,0.612235,0.552298,0.788995,0.741699,0.492691,0.713465,0.786264,0.797779,0.827178,0.8197,0.817329,0.741469,0.531511,0.413112,0.654978,0.797156,0.840769,0.781436,0.827065,0.79647,0.78114,0.795112,0.848334,0.693211,0.668686,0.514104,0.592824,0.803874,0.811059,0.665555,0.77064,0.848629,0.752086,0.762349,0.713964,0.698743,0.431002,0.343397,0.607935,0.708518,0.640509,0.544074,0.688622,0.242501,0.455229,0.798781,0.802786,0.572761,0.642639
0.811277,0.807367,0.804484,0.841053,0.645979,0.72619,0.556768,0.475138,0.551846,0.701369,0.72884,1,0.869071,0.730262,0.751903,0.79923,0.824109,0.643627,0.709812,0.802217,0.833933,0.745912,0.685454,0.803382,0.513337,0.530679,0.742829,0.669439,0.13026,0.580948,-0.0708676,0.508314,0.704796,0.715557,0.452487,0.363529,0.468311,0.473695,0.814607,0.783309,0.626381,0.743074,0.800889,0.789328,0.809312,0.780934,0.721325,0.732617,0.563695,0.52528,0.679622,0.697765,0.795457,0.873658,0.840795,0.785387,0.668111,0.81371,0.842351,0.46856,0.609078,0.553368,0.573452,0.838722,0.803158,0.677788,0.729368,0.792812,0.72514,0.687024,0.674,0.648769,0.434712,0.219144,0.722382,0.719603,0.695146,0.445886,0.555346,0.473938,0.569049,0.832062,0.794022,0.451304,0.667633
0.851095,0.862827,0.874143,0.851847,0.760186,0.747609,0.652591,0.451656,0.632547,0.858794,0.839236,0.869071,1,0.81928,0.821068,0.847676,0.94144,0.798329,0.819649,0.890616,0.911127,0.707545,0.794803,0.911543,0.610153,0.572898,0.816666,0.789113,0.195046,0.615815,0.0648581,0.560676,0.815908,0.782632,0.511198,0.396777,0.610706,0.544562,0.867373,0.847568,0.525413,0.843322,0.856155,0.866153,0.877054,0.857768,0.818877,0.766775,0.648329,0.487572,0.741688,0.850505,0.932639,0.88404,0.942731,0.86849,0.804182,0.879902,0.92381,0.721991,0.717562,0.646396,0.674073,0.860337,0.90108,0.76401,0.834869,0.882122,0.76701,0.752218,0.780613,0.664969,0.502686,0.41894,0.751573,0.756269,0.672751,0.466391,0.717208,0.484192,0.560758,0.895288,0.857789,0.497356,0.708552
0.906442,0.935733,0.910631,0.896205,0.809816,0.819194,0.761254,0.523729,0.707641,0.738522,0.785363,0.730262,0.81928,1,0.83211,0.886908,0.867705,0.849229,0.833912,0.919221,0.915466,0.831457,0.874209,0.925038,0.753701,0.75235,0.828484,0.847927,0.331286,0.569598,0.123379,0.558205,0.849593,0.840234,0.713679,0.480035,0.518644,0.694403,0.895518,0.880935,0.57498,0.835473,0.925162,0.895913,0.934547,0.863956,0.865039,0.879467,0.690799,0.579138,0.71717,0.794548,0.812075,0.748675,0.844725,0.917913,0.850267,0.865949,0.888097,0.68154,0.586762,0.775534,0.801541,0.890847,0.899799,0.683647,0.870221,0.956025,0.8298,0.885093,0.929434,0.852782,0.421593,0.347338,0.558727,0.858675,0.80183,0.527352,0.65079,0.493012,0.668004,0.887765,0.879722,0.594091,0.666111
0.902722,0.839448,0.887708,0.828693,0.702149,0.906322,0.664375,0.580704,0.775634,0.699609,0.755075,0.751903,0.821068,0.83211,1,0.812966,0.818074,0.760557,0.829439,0.820429,0.856608,0.666686,0.856499,0.891932,0.720567,0.73871,0.757293,0.834794,0.0493015,0.496551,0.11839,0.487597,0.747164,0.766832,0.58815,0.437031,0.406011,0.684924,0.883788,0.836044,0.480605,0.766468,0.873328,0.824134,0.88523,0.789034,0.778524,0.785255,0.585428,0.439986,0.743044,0.801221,0.765763,0.756636,0.864427,0.814063,0.768853,0.858172,0.895699,0.586807,0.564937,0.783144,0.686091,0.86735,0.854738,0.760418,0.808371,0.88804,0.747622,0.78953,0.776799,0.734206,0.389587,0.342331,0.552845,0.791731,0.778712,0.420517,0.678316,0.353976,0.596902,0.91095,0.748799,0.596079,0.693618
0.920093,0.937804,0.933069,0.931091,0.819555,0.757275,0.753431,0.520502,0.67982,0.732433,0.763613,0.79923,0.847676,0.886908,0.812966,1,0.8758,0.781041,0.814159,0.885562,0.91054,0.793673,0.857978,0.901235,0.722862,0.608399,0.926094,0.752285,0.331803,0.590167,0.170153,0.545735,0.833392,0.848537,0.602832,0.534957,0.484235,0.551684,0.894541,0.922467,0.584781,0.860065,0.955771,0.953368,0.941584,0.855764,0.817302,0.852998,0.68003,0.59666,0.741251,0.797094,0.845363,0.749097,0.82917,0.89265,0.853956,0.91613,0.876388,0.597705,0.616056,0.741134,0.833664,0.912903,0.908335,0.708673,0.848522,0.901251,0.801983,0.867267,0.871023,0.774354,0.546336,0.290854,0.601096,0.880154,0.86461,0.538392,0.527557,0.539103,0.601714,0.896701,0.847225,0.433491,0.639718
0.863876,0.903647,0.912947,0.871453,0.760292,0.773027,0.661633,0.473418,0.693774,0.864974,0.882289,0.824109,0.94144,0.867705,0.818074,0.8758,1,0.77402,0.838044,0.879059,0.903687,0.766199,0.839489,0.912191,0.657015,0.678858,0.820867,0.815582,0.179046,0.611607,0.0515936,0.671097,0.808384,0.827172,0.638802,0.489168,0.637218,0.583279,0.893475,0.85643,0.499977,0.855851,0.883384,0.896356,0.903401,0.873031,0.81395,0.788418,0.680782,0.506372,0.767958,0.838601,0.909744,0.840156,0.905688,0.880448,0.89182,0.885637,0.920406,0.742394,0.724075,0.611056,0.696275,0.864714,0.899039,0.749039,0.861978,0.901083,0.805906,0.82768,0.79726,0.748821,0.4833,0.350946,0.665118,0.766705,0.703291,0.567589,0.700846,0.465819,0.601034,0.908269,0.851584,0.523009,0.672324
0.801088,0.81835,0.81668,0.777986,0.827095,0.738549,0.731418,0.518902,0.670324,0.666155,0.636493,0.643627,0.798329,0.849229,0.760557,0.781041,0.77402,1,0.714339,0.866159,0.867067,0.707853,0.774276,0.879786,0.746742,0.584927,0.78757,0.827569,0.235894,0.535684,0.171595,0.35768,0.821183,0.71865,0.517385,0.403673,0.540888,0.647067,0.802117,0.813421,0.458681,0.769746,0.848163,0.816275,0.835215,0.749511,0.830283,0.804314,0.664416,0.495899,0.667326,0.743942,0.77807,0.723588,0.815878,0.841623,0.727942,0.765035,0.802892,0.665371,0.54006,0.690677,0.728492,0.782734,0.888113,0.722606,0.797127,0.862078,0.698915,0.752037,0.840597,0.703238,0.465616,0.425382,0.539689,0.781206,0.667657,0.37932,0.661243,0.428258,0.64549,0.839724,0.759306,0.506342,0.609714
0.821341,0.832,0.859507,0.816491,0.803198,0.778919,0.659913,0.515635,0.684529,0.775964,0.773177,0.709812,0.819649,0.833912,0.829439,0.814159,0.838044,0.714339,1,0.786966,0.851978,0.731842,0.811644,0.868736,0.653101,0.706992,0.742018,0.75432,0.250325,0.662823,0.0218641,0.485957,0.716963,0.752202,0.588705,0.514516,0.467283,0.621583,0.85006,0.808362,0.418777,0.745343,0.829897,0.837796,0.835382,0.802127,0.745217,0.724816,0.611496,0.405342,0.763151,0.793845,0.790681,0.733722,0.856037,0.836794,0.808714,0.843115,0.850368,0.679938,0.661899,0.718282,0.707909,0.83764,0.881849,0.695022,0.829361,0.872154,0.754567,0.755783,0.808716,0.66415,0.387652,0.304428,0.613499,0.720714,0.702339,0.444328,0.704468,0.449008,0.57525,0.822137,0.751179,0.55596,0.645581
0.894941,0.918204,0.887513,0.869696,0.788691,0.820971,0.701056,0.519929,0.686194,0.765466,0.807943,0.802217,0.890616,0.919221,0.820429,0.885562,0.879059,0.866159,0.786966,1,0.955023,0.773812,0.828198,0.93882,0.687859,0.662662,0.877706,0.834556,0.300298,0.602254,0.190962,0.496057,0.833751,0.801545,0.561537,0.435267,0.621878,0.63667,0.885482,0.881289,0.526108,0.823731,0.92341,0.912952,0.929735,0.840222,0.889717,0.87224,0.669287,0.603465,0.706125,0.792179,0.86895,0.808387,0.893323,0.91145,0.770013,0.886207,0.919675,0.658057,0.657229,0.746244,0.785135,0.910802,0.926903,0.7702,0.848298,0.943934,0.81117,0.855033,0.894522,0.840018,0.521904,0.345536,0.656414,0.841786,0.801894,0.481515,0.651795,0.429039,0.656041,0.905208,0.907198,0.574279,0.694423
0.929559,0.954428,0.925913,0.901595,0.811921,0.825028,0.694193,0.51539,0.686,0.790579,0.822243,0.833933,0.911127,0.915466,0.856608,0.91054,0.903687,0.867067,0.851978,0.955023,1,0.792461,0.854061,0.969376,0.722768,0.68116,0.889687,0.85524,0.302072,0.595726,0.0940957,0.508338,0.836358,0.816189,0.543595,0.471887,0.620458,0.654266,0.929959,0.91516,0.523481,0.844417,0.931613,0.943217,0.935788,0.849112,0.896525,0.87167,0.636428,0.580301,0.777769,0.823226,0.894273,0.848403,0.917978,0.932452,0.818061,0.92407,0.926769,0.671815,0.694691,0.728246,0.805713,0.91586,0.963234,0.816719,0.864572,0.963829,0.842675,0.862362,0.880143,0.784449,0.557503,0.327403,0.698066,0.844861,0.812174,0.532841,0.713141,0.457679,0.683371,0.945212,0.889136,0.573544,0.780101
0.754938,0.831135,0.776612,0.812241,0.691856,0.713009,0.702107,0.543603,0.550871,0.603337,0.613959,0.745912,0.707545,0.831457,0.666686,0.793673,0.766199,0.707853,0.731842,0.773812,0.792461,1,0.732578,0.776603,0.691752,0.651939,0.722649,0.682172,0.210781,0.506424,0.00198297,0.466005,0.735533,0.743805,0.611744,0.489857,0.361834,0.561953,0.770629,0.786278,0.539653,0.741485,0.811615,0.784461,0.798999,0.774737,0.636753,0.753199,0.60475,0.621299,0.698053,0.688695,0.697241,0.679202,0.721597,0.742601,0.75682,0.732651,0.7607,0.496249,0.513148,0.597709,0.621653,0.76011,0.792944,0.567673,0.730274,0.808351,0.654418,0.718356,0.760649,0.7352,0.333055,0.252071,0.588187,0.752898,0.752261,0.506597,0.485352,0.57594,0.555698,0.760395,0.799679,0.479594,0.459909
0.864002,0.838671,0.892651,0.872266,0.807576,0.808844,0.698276,0.541412,0.728344,0.730835,0.737015,0.685454,0.794803,0.874209,0.856499,0.857978,0.839489,0.774276,0.811644,0.828198,0.854061,0.732578,1,0.891253,0.748757,0.643135,0.813898,0.883574,0.280635,0.505094,0.216372,0.574659,0.857896,0.816648,0.706128,0.484186,0.472911,0.682391,0.891438,0.875801,0.436465,0.850809,0.859724,0.856206,0.861958,0.765848,0.818785,0.771111,0.640255,0.487238,0.697164,0.824995,0.819878,0.745525,0.844868,0.853553,0.830501,0.839494,0.820998,0.624557,0.597852,0.828213,0.756986,0.892218,0.829963,0.70943,0.829147,0.892099,0.860012,0.836996,0.830312,0.786998,0.462013,0.316541,0.556535,0.744756,0.784761,0.484116,0.592719,0.396973,0.611965,0.870269,0.795641,0.640743,0.678
0.942738,0.945403,0.933627,0.892672,0.824445,0.837597,0.712222,0.542996,0.736221,0.79567,0.831128,0.803382,0.911543,0.925038,0.891932,0.901235,0.912191,0.879786,0.868736,0.93882,0.969376,0.776603,0.891253,1,0.747916,0.742969,0.903409,0.909592,0.306869,0.610573,0.137947,0.530055,0.864526,0.847273,0.593118,0.472761,0.650377,0.69356,0.926627,0.927384,0.510959,0.857496,0.938365,0.937032,0.937127,0.883396,0.921467,0.890664,0.686353,0.557374,0.811599,0.837727,0.88902,0.820532,0.928065,0.920434,0.838774,0.920367,0.932471,0.707903,0.697229,0.779325,0.805819,0.911416,0.945478,0.810366,0.903367,0.97717,0.858745,0.852571,0.900848,0.805864,0.566614,0.367426,0.675368,0.833333,0.787925,0.503748,0.750175,0.451846,0.651974,0.938234,0.876794,0.561738,0.746148
0.744386,0.71788,0.743392,0.758312,0.687823,0.72933,0.662138,0.565221,0.743747,0.548156,0.561802,0.513337,0.610153,0.753701,0.720567,0.722862,0.657015,0.746742,0.653101,0.687859,0.722768,0.691752,0.748757,0.747916,1,0.628389,0.678176,0.718342,0.194048,0.331067,0.310587,0.334272,0.69282,0.697043,0.587547,0.636418,0.373948,0.63429,0.755513,0.729161,0.306361,0.660492,0.758144,0.704177,0.755686,0.62285,0.67256,0.74645,0.567134,0.476853,0.603207,0.661465,0.624761,0.548171,0.623376,0.689805,0.685255,0.702472,0.665706,0.619993,0.589859,0.590073,0.621321,0.706948,0.744034,0.525017,0.645687,0.772537,0.667675,0.667033,0.677604,0.686631,0.34772,0.448794,0.363648,0.72308,0.71848,0.421765,0.468775,0.371289,0.4514,0.729339,0.649264,0.521464,0.589545
0.737313,0.729511,0.673107,0.590256,0.437951,0.719473,0.485479,0.527947,0.571722,0.564083,0.644615,0.530679,0.572898,0.75235,0.73871,0.608399,0.678858,0.584927,0.706992,0.662662,0.68116,0.651939,0.643135,0.742969,0.628389,1,0.581098,0.710834,0.0965479,0.482253,0.0151227,0.516413,0.577279,0.624767,0.579353,0.356857,0.567172,0.646211,0.674322,0.627897,0.352605,0.516445,0.692596,0.686779,0.70228,0.657482,0.674131,0.69622,0.500882,0.383838,0.65329,0.492765,0.509632,0.462933,0.604738,0.665227,0.720172,0.71443,0.698881,0.544955,0.535502,0.583661,0.517869,0.608368,0.652551,0.67091,0.741636,0.758527,0.60873,0.640172,0.648495,0.672624,0.288068,0.26924,0.396376,0.591927,0.539815,0.387487,0.620945,0.374357,0.463597,0.677236,0.588331,0.455002,0.578869
0.879871,0.887222,0.878442,0.863859,0.796329,0.750879,0.650403,0.41413,0.660023,0.639023,0.718517,0.742829,0.816666,0.828484,0.757293,0.926094,0.820867,0.78757,0.742018,0.877706,0.889687,0.722649,0.813898,0.903409,0.678176,0.581098,1,0.810156,0.395124,0.448864,0.213808,0.516981,0.786096,0.788554,0.533799,0.472638,0.597964,0.54886,0.833743,0.883219,0.593434,0.853214,0.920387,0.933225,0.88524,0.834146,0.833539,0.8305,0.696094,0.549698,0.696188,0.778132,0.813869,0.732248,0.815584,0.852226,0.785647,0.869402,0.820881,0.61727,0.597645,0.759668,0.802145,0.867123,0.875397,0.714203,0.802044,0.875507,0.813376,0.806608,0.866127,0.774434,0.595943,0.248415,0.631264,0.827522,0.801589,0.42661,0.556598,0.455874,0.570254,0.850166,0.800066,0.379603,0.590684
0.856911,0.816708,0.843144,0.802296,0.756337,0.80799,0.599371,0.462412,0.714186,0.651599,0.708869,0.669439,0.789113,0.847927,0.834794,0.752285,0.815582,0.827569,0.75432,0.834556,0.85524,0.682172,0.883574,0.909592,0.718342,0.710834,0.810156,1,0.275536,0.426851,0.190096,0.529028,0.790837,0.798057,0.688574,0.376282,0.585817,0.751798,0.873193,0.826603,0.396289,0.818191,0.832095,0.818035,0.833994,0.773534,0.856579,0.792901,0.648403,0.409887,0.732437,0.772871,0.794024,0.736596,0.849219,0.808061,0.770575,0.804226,0.807378,0.688968,0.623777,0.759469,0.741061,0.845733,0.827399,0.779421,0.835048,0.888487,0.839559,0.762866,0.811306,0.775505,0.509221,0.336073,0.542462,0.714166,0.686131,0.460658,0.704402,0.347146,0.65589,0.874829,0.790294,0.577513,0.681813
0.203466,0.284943,0.222837,0.297708,0.361833,0.10715,0.186396,-0.10859,0.105674,0.278356,0.206555,0.13026,0.195046,0.331286,0.0493015,0.331803,0.179046,0.235894,0.250325,0.300298,0.302072,0.210781,0.280635,0.306869,0.194048,0.0965479,0.395124,0.275536,1,0.169688,0.218353,0.0592366,0.269714,0.252265,0.0817777,0.113674,0.295464,0.197979,0.217777,0.311495,0.100131,0.26388,0.246423,0.281176,0.249623,0.256531,0.419802,0.255658,0.214894,0.248181,0.16687,0.225444,0.263764,0.202748,0.2374,0.286938,0.158382,0.275588,0.195339,0.228438,0.156334,0.289592,0.403472,0.272163,0.232159,0.0838823,0.307229,0.304175,0.398512,0.32092,0.416793,0.21951,0.415934,0.0773494,0.228669,0.210167,0.264084,0.12387,0.154208,0.280583,0.181795,0.188873,0.374574,0.17314,0.270788
0.567995,0.605544,0.592353,0.52188,0.569712,0.388095,0.607122,0.535009,0.436999,0.626315,0.553905,0.580948,0.615815,0.569598,0.496551,0.590167,0.611607,0.535684,0.662823,0.602254,0.595726,0.506424,0.505094,0.610573,0.331067,0.482253,0.448864,0.426851,0.169688,1,0.0143462,0.236556,0.562018,0.490485,0.351989,0.27955,0.513742,0.313666,0.600644,0.591637,0.274781,0.516475,0.576156,0.57901,0.587992,0.550105,0.593561,0.493034,0.500832,0.402376,0.629399,0.39797,0.578901,0.512256,0.58855,0.624362,0.55363,0.56381,0.639578,0.370213,0.490042,0.424175,0.521483,0.54204,0.630406,0.534642,0.707454,0.597938,0.446658,0.490135,0.60767,0.449193,0.324857,0.212942,0.399735,0.438096,0.388558,0.26844,0.464568,0.365241,0.449107,0.568518,0.518283,0.359518,0.476679
0.119534,0.0962781,0.127451,0.165452,0.129329,0.121922,0.305916,0.202182,0.254954,0.0698328,0.11277,-0.0708676,0.0648581,0.123379,0.11839,0.170153,0.0515936,0.171595,0.0218641,0.190962,0.0940957,0.00198297,0.216372,0.137947,0.310587,0.0151227,0.213808,0.190096,0.218353,0.0143462,1,0.0540396,0.0851911,0.096178,0.0240663,0.213515,0.142235,0.144686,0.0652687,0.0895812,-0.187627,0.226505,0.174761,0.148383,0.201044,0.209888,0.18266,0.155013,0.267399,0.0692272,0.0603702,0.216351,0.151854,-0.0747062,0.0600947,0.00030192,0.00777498,0.0993299,0.122087,0.232437,0.076539,0.175115,0.167311,0.140101,0.125946,0.0435363,0.156594,0.131348,0.121835,0.0838349,0.129807,0.247837,0.158541,0.229809,-0.120854,0.146064,0.1063,-0.176296,-0.0556521,0.0763921,0.0197995,0.0823823,0.0681402,0.0947809,0.0135981
0.580086,0.574479,0.616893,0.552369,0.371741,0.47631,0.379771,0.283279,0.36794,0.546686,0.639914,0.508314,0.560676,0.558205,0.487597,0.545735,0.671097,0.35768,0.485957,0.496057,0.508338,0.466005,0.574659,0.530055,0.334272,0.516413,0.516981,0.529028,0.0592366,0.236556,0.0540396,1,0.38432,0.643211,0.569671,0.369372,0.460643,0.270027,0.514842,0.432399,0.432259,0.557363,0.544587,0.620856,0.566379,0.658258,0.447583,0.427898,0.402294,0.264046,0.409992,0.595766,0.533009,0.502334,0.507599,0.495153,0.667675,0.573637,0.523478,0.514628,0.526116,0.399214,0.37694,0.535455,0.501007,0.419846,0.529035,0.542147,0.638371,0.540516,0.451592,0.568204,0.170911,0.20052,0.330666,0.47692,0.37502,0.535101,0.455521,0.333326,0.317155,0.520168,0.54537,0.304384,0.378731
0.830044,0.812769,0.812806,0.804639,0.734172,0.651267,0.722512,0.520812,0.614969,0.716015,0.667926,0.704796,0.815908,0.849593,0.747164,0.833392,0.808384,0.821183,0.716963,0.833751,0.836358,0.735533,0.857896,0.864526,0.69282,0.577279,0.786096,0.790837,0.269714,0.562018,0.0851911,0.38432,1,0.768058,0.593589,0.357058,0.490269,0.642604,0.841548,0.927897,0.487191,0.787866,0.830373,0.793786,0.818502,0.724606,0.823661,0.833818,0.690058,0.618343,0.687883,0.737997,0.833071,0.715109,0.799053,0.85559,0.757939,0.825653,0.783283,0.613922,0.54821,0.719745,0.684221,0.834755,0.806066,0.691719,0.795062,0.85765,0.742234,0.801912,0.825885,0.709461,0.488118,0.376953,0.653413,0.727948,0.738241,0.509486,0.528785,0.380896,0.550203,0.841358,0.808998,0.440625,0.670954
0.878526,0.853756,0.863752,0.848083,0.730893,0.692624,0.697155,0.489678,0.62047,0.686333,0.759672,0.715557,0.782632,0.840234,0.766832,0.848537,0.827172,0.71865,0.752202,0.801545,0.816189,0.743805,0.816648,0.847273,0.697043,0.624767,0.788554,0.798057,0.252265,0.490485,0.096178,0.643211,0.768058,1,0.684202,0.574585,0.434161,0.579532,0.858116,0.844414,0.486142,0.747972,0.884297,0.845685,0.845043,0.817297,0.769329,0.808307,0.624596,0.553847,0.698181,0.754784,0.766956,0.691974,0.77239,0.793518,0.812196,0.849174,0.785346,0.588184,0.64425,0.656364,0.707701,0.861004,0.822997,0.629178,0.764987,0.849165,0.738943,0.839282,0.812902,0.752712,0.414492,0.369072,0.520125,0.802312,0.75851,0.696681,0.656825,0.409434,0.482551,0.849702,0.834583,0.409722,0.541991
0.63155,0.615465,0.628452,0.646343,0.601818,0.590422,0.47497,0.359166,0.599086,0.369094,0.467214,0.452487,0.511198,0.713679,0.58815,0.602832,0.638802,0.517385,0.588705,0.561537,0.543595,0.611744,0.706128,0.593118,0.587547,0.579353,0.533799,0.688574,0.0817777,0.351989,0.0240663,0.569671,0.593589,0.684202,1,0.323672,0.260232,0.626169,0.714986,0.593706,0.421106,0.688585,0.625527,0.599572,0.608679,0.576303,0.509635,0.585456,0.527653,0.190348,0.504492,0.517074,0.53886,0.453845,0.517191,0.607701,0.748405,0.569295,0.533051,0.540748,0.40683,0.577927,0.588195,0.67192,0.582899,0.451182,0.653964,0.64921,0.64746,0.543855,0.625638,0.694926,0.172169,0.233743,0.280943,0.598005,0.552713,0.521263,0.39521,0.360723,0.454745,0.633358,0.611554,0.424347,0.4409
0.461902,0.46777,0.538956,0.525201,0.4908,0.483021,0.4145,0.340005,0.496559,0.386446,0.515546,0.363529,0.396777,0.480035,0.437031,0.534957,0.489168,0.403673,0.514516,0.435267,0.471887,0.489857,0.484186,0.472761,0.636418,0.356857,0.472638,0.376282,0.113674,0.27955,0.213515,0.369372,0.357058,0.574585,0.323672,1,0.288536,0.331664,0.510049,0.48514,0.242383,0.376405,0.556783,0.546381,0.491703,0.456452,0.45152,0.497976,0.319622,0.310891,0.345042,0.53052,0.404267,0.402846,0.452344,0.475595,0.522511,0.47962,0.421593,0.303786,0.428138,0.387035,0.395449,0.496445,0.538149,0.230696,0.354776,0.483618,0.442686,0.521403,0.457174,0.534576,0.0480387,0.109632,0.255249,0.539984,0.471901,0.406832,0.295809,0.165071,0.325429,0.470621,0.407477,0.198547,0.194873
0.539585,0.579588,0.517369,0.434211,0.398129,0.419398,0.322504,0.28578,0.365482,0.567168,0.612235,0.468311,0.610706,0.518644,0.406011,0.484235,0.637218,0.540888,0.467283,0.621878,0.620458,0.361834,0.472911,0.650377,0.373948,0.567172,0.597964,0.585817,0.295464,0.513742,0.142235,0.460643,0.490269,0.434161,0.260232,0.288536,1,0.370518,0.516723,0.502472,0.270241,0.459259,0.52218,0.610582,0.537372,0.550183,0.697786,0.554561,0.525556,0.308113,0.532583,0.418139,0.591662,0.484837,0.554533,0.567745,0.550639,0.592504,0.557902,0.573006,0.585494,0.39881,0.439411,0.450541,0.565554,0.644703,0.652664,0.593431,0.572706,0.44809,0.511921,0.479523,0.383748,0.261607,0.530535,0.396174,0.256711,0.297986,0.540603,0.254067,0.365463,0.547594,0.50675,0.201489,0.549302
0.637983,0.610957,0.594392,0.650313,0.558101,0.693685,0.420487,0.316397,0.46722,0.433695,0.552298,0.473695,0.544562,0.694403,0.684924,0.551684,0.583279,0.647067,0.621583,0.63667,0.654266,0.561953,0.682391,0.69356,0.63429,0.646211,0.54886,0.751798,0.197979,0.313666,0.144686,0.270027,0.642604,0.579532,0.626169,0.331664,0.370518,1,0.703868,0.645244,0.350721,0.590121,0.634319,0.56385,0.598084,0.556917,0.689276,0.716925,0.483042,0.201408,0.554521,0.536002,0.569829,0.574883,0.613477,0.581191,0.64394,0.610999,0.588569,0.516471,0.298151,0.63501,0.455704,0.711597,0.650001,0.679851,0.696236,0.735448,0.614712,0.531613,0.622987,0.66836,0.221269,0.305252,0.478373,0.61036,0.556541,0.454855,0.584966,0.174263,0.588928,0.70647,0.607468,0.492913,0.589516
0.930134,0.905623,0.929296,0.901823,0.807282,0.825547,0.673457,0.512273,0.765836,0.713044,0.788995,0.814607,0.867373,0.895518,0.883788,0.894541,0.893475,0.802117,0.85006,0.885482,0.929959,0.770629,0.891438,0.926627,0.755513,0.674322,0.833743,0.873193,0.217777,0.600644,0.0652687,0.514842,0.841548,0.858116,0.714986,0.510049,0.516723,0.703868,1,0.925917,0.535177,0.850124,0.910105,0.886918,0.906334,0.792056,0.857952,0.846387,0.647002,0.504278,0.773726,0.800885,0.854221,0.822432,0.896819,0.90342,0.851293,0.893329,0.892796,0.628393,0.658448,0.750504,0.801874,0.940233,0.92553,0.778608,0.867474,0.932062,0.846013,0.838377,0.854019,0.80335,0.448845,0.319884,0.635669,0.848276,0.829886,0.60854,0.659436,0.42145,0.658817,0.967988,0.869549,0.583223,0.777992
0.919752,0.899283,0.915859,0.880632,0.792979,0.750012,0.762678,0.556745,0.690266,0.737013,0.741699,0.783309,0.847568,0.880935,0.836044,0.922467,0.85643,0.813421,0.808362,0.881289,0.91516,0.786278,0.875801,0.927384,0.729161,0.627897,0.883219,0.826603,0.311495,0.591637,0.0895812,0.432399,0.927897,0.844414,0.593706,0.48514,0.502472,0.645244,0.925917,1,0.548837,0.82454,0.92441,0.885487,0.903238,0.794639,0.856996,0.879909,0.703643,0.683964,0.786954,0.795445,0.847927,0.788914,0.869464,0.889571,0.801486,0.896844,0.87542,0.589973,0.604768,0.759597,0.787215,0.911203,0.897942,0.734726,0.838248,0.919678,0.799256,0.867883,0.902387,0.77524,0.513611,0.3168,0.639443,0.826017,0.855235,0.581767,0.587849,0.398484,0.619701,0.928874,0.856098,0.478412,0.682929
0.574589,0.555379,0.573152,0.620831,0.45223,0.548632,0.426705,0.110381,0.29058,0.352871,0.492691,0.626381,0.525413,0.57498,0.480605,0.584781,0.499977,0.458681,0.418777,0.526108,0.523481,0.539653,0.436465,0.510959,0.306361,0.352605,0.593434,0.396289,0.100131,0.274781,-0.187627,0.432259,0.487191,0.486142,0.421106,0.242383,0.270241,0.350721,0.535177,0.548837,1,0.520234,0.610737,0.52767,0.572219,0.579602,0.489263,0.574454,0.463863,0.324944,0.378216,0.461979,0.453486,0.64062,0.52063,0.557814,0.553567,0.467684,0.509571,0.26129,0.138022,0.497778,0.344618,0.564197,0.545639,0.394,0.487137,0.534793,0.491451,0.434934,0.571242,0.507678,0.129423,0.14946,0.481536,0.627437,0.521315,0.30927,0.297819,0.293425,0.317509,0.564342,0.541652,0.215273,0.29085
0.80743,0.848018,0.859605,0.874233,0.803835,0.754657,0.710169,0.454462,0.724271,0.660718,0.713465,0.743074,0.843322,0.835473,0.766468,0.860065,0.855851,0.769746,0.745343,0.823731,0.844417,0.741485,0.850809,0.857496,0.660492,0.516445,0.853214,0.818191,0.26388,0.516475,0.226505,0.557363,0.787866,0.747972,0.688585,0.376405,0.459259,0.590121,0.850124,0.82454,0.520234,1,0.844565,0.849556,0.84986,0.846118,0.752864,0.712191,0.664381,0.417896,0.686077,0.825152,0.85936,0.768121,0.82272,0.816146,0.803151,0.776726,0.822529,0.665241,0.549001,0.669874,0.756271,0.844351,0.853028,0.630375,0.823286,0.851223,0.800964,0.721206,0.806129,0.783964,0.517016,0.256028,0.590409,0.75121,0.72764,0.401162,0.572793,0.493935,0.591057,0.836078,0.776455,0.554106,0.614215
0.956932,0.947442,0.954835,0.936987,0.835382,0.83189,0.79124,0.558447,0.713203,0.729695,0.786264,0.800889,0.856155,0.925162,0.873328,0.955771,0.883384,0.848163,0.829897,0.92341,0.931613,0.811615,0.859724,0.938365,0.758144,0.692596,0.920387,0.832095,0.246423,0.576156,0.174761,0.544587,0.830373,0.884297,0.625527,0.556783,0.52218,0.634319,0.910105,0.92441,0.610737,0.844565,1,0.953727,0.968568,0.887937,0.857092,0.909275,0.7334,0.590045,0.768638,0.804397,0.837372,0.772875,0.858092,0.904093,0.85986,0.916559,0.901639,0.642942,0.622538,0.769677,0.805217,0.92805,0.942316,0.758139,0.858138,0.94293,0.798482,0.883761,0.911869,0.831095,0.496958,0.335286,0.565495,0.895165,0.839529,0.51242,0.613635,0.470828,0.636536,0.935351,0.857864,0.457878,0.604771
0.932107,0.957825,0.927933,0.893386,0.813854,0.789573,0.700995,0.539175,0.689515,0.739885,0.797779,0.789328,0.866153,0.895913,0.824134,0.953368,0.896356,0.816275,0.837796,0.912952,0.943217,0.784461,0.856206,0.937032,0.704177,0.686779,0.933225,0.818035,0.281176,0.57901,0.148383,0.620856,0.793786,0.845685,0.599572,0.546381,0.610582,0.56385,0.886918,0.885487,0.52767,0.849556,0.953727,1,0.940918,0.882368,0.858167,0.860117,0.662144,0.542211,0.745817,0.820661,0.864839,0.739478,0.851583,0.919252,0.876794,0.939328,0.885842,0.672963,0.701301,0.746773,0.843258,0.897854,0.934211,0.768982,0.868137,0.933343,0.832348,0.862734,0.879023,0.788084,0.533934,0.279205,0.622165,0.87282,0.790753,0.526817,0.606731,0.530194,0.655663,0.898426,0.844029,0.435282,0.655834
0.9567,0.958417,0.966987,0.938985,0.807799,0.846989,0.805487,0.581138,0.746317,0.787387,0.827178,0.809312,0.877054,0.934547,0.88523,0.941584,0.903401,0.835215,0.835382,0.929735,0.935788,0.798999,0.861958,0.937127,0.755686,0.70228,0.88524,0.833994,0.249623,0.587992,0.201044,0.566379,0.818502,0.845043,0.608679,0.491703,0.537372,0.598084,0.906334,0.903238,0.572219,0.84986,0.968568,0.940918,1,0.914727,0.863908,0.882429,0.749157,0.61315,0.801575,0.85165,0.8804,0.784449,0.876338,0.895954,0.841719,0.917409,0.947892,0.70856,0.658773,0.739884,0.798914,0.917805,0.935199,0.74933,0.891823,0.952893,0.802488,0.875716,0.888469,0.789993,0.488631,0.393014,0.57868,0.890281,0.834524,0.509095,0.604388,0.506231,0.639871,0.932132,0.871132,0.542543,0.652578
0.86692,0.898905,0.880163,0.874078,0.723957,0.760476,0.760783,0.486913,0.644572,0.735901,0.8197,0.780934,0.857768,0.863956,0.789034,0.855764,0.873031,0.749511,0.802127,0.840222,0.849112,0.774737,0.765848,0.883396,0.62285,0.657482,0.834146,0.773534,0.256531,0.550105,0.209888,0.658258,0.724606,0.817297,0.576303,0.456452,0.550183,0.556917,0.792056,0.794639,0.579602,0.846118,0.887937,0.882368,0.914727,1,0.796299,0.79973,0.731176,0.501369,0.788382,0.867462,0.868676,0.737194,0.830141,0.779039,0.802776,0.835896,0.883315,0.750783,0.593161,0.656232,0.672071,0.830557,0.876186,0.652519,0.862681,0.883856,0.723556,0.752732,0.809612,0.72262,0.400486,0.417129,0.637927,0.830946,0.691244,0.48602,0.643035,0.560387,0.51115,0.829714,0.810449,0.411025,0.520056
0.871278,0.869928,0.8381,0.815371,0.736206,0.740266,0.62825,0.401642,0.645958,0.733433,0.817329,0.721325,0.818877,0.865039,0.778524,0.817302,0.81395,0.830283,0.745217,0.889717,0.896525,0.636753,0.818785,0.921467,0.67256,0.674131,0.833539,0.856579,0.419802,0.593561,0.18266,0.447583,0.823661,0.769329,0.509635,0.45152,0.697786,0.689276,0.857952,0.856996,0.489263,0.752864,0.857092,0.858167,0.863908,0.796299,1,0.862894,0.637725,0.478493,0.705575,0.749209,0.843982,0.744281,0.852101,0.888588,0.759244,0.856985,0.839931,0.669777,0.609636,0.726183,0.768911,0.862393,0.870185,0.771814,0.867156,0.914979,0.804996,0.813782,0.858619,0.742444,0.513605,0.383628,0.627598,0.807474,0.706147,0.510637,0.659824,0.36867,0.614267,0.872225,0.820665,0.502939,0.742914
0.896493,0.880176,0.83315,0.861133,0.725903,0.756852,0.674623,0.518919,0.622554,0.666184,0.741469,0.732617,0.766775,0.879467,0.785255,0.852998,0.788418,0.804314,0.724816,0.87224,0.87167,0.753199,0.771111,0.890664,0.74645,0.69622,0.8305,0.792901,0.255658,0.493034,0.155013,0.427898,0.833818,0.808307,0.585456,0.497976,0.554561,0.716925,0.846387,0.879909,0.574454,0.712191,0.909275,0.860117,0.882429,0.79973,0.862894,1,0.671354,0.551834,0.712893,0.695522,0.785823,0.691975,0.762056,0.835148,0.7701,0.859827,0.801895,0.639638,0.587978,0.696807,0.739506,0.868499,0.854659,0.748074,0.801892,0.909802,0.765677,0.787748,0.838767,0.800273,0.493051,0.337061,0.548733,0.854372,0.771115,0.561281,0.552131,0.327149,0.602857,0.861005,0.843751,0.383252,0.635903
0.705595,0.671992,0.7417,0.701729,0.646111,0.535599,0.78506,0.570301,0.545936,0.551147,0.531511,0.563695,0.648329,0.690799,0.585428,0.68003,0.680782,0.664416,0.611496,0.669287,0.636428,0.60475,0.640255,0.686353,0.567134,0.500882,0.696094,0.648403,0.214894,0.500832,0.267399,0.402294,0.690058,0.624596,0.527653,0.319622,0.525556,0.483042,0.647002,0.703643,0.463863,0.664381,0.7334,0.662144,0.749157,0.731176,0.637725,0.671354,1,0.560079,0.712202,0.63173,0.684897,0.533774,0.6114,0.596759,0.646697,0.666584,0.678265,0.674046,0.448496,0.599793,0.501727,0.661183,0.667366,0.562174,0.747819,0.697544,0.553852,0.595477,0.69585,0.591593,0.232516,0.371388,0.429954,0.6007,0.493664,0.311399,0.415163,0.406024,0.498515,0.677456,0.570803,0.241544,0.360233
0.59724,0.610121,0.608969,0.530577,0.415174,0.368523,0.682439,0.603604,0.318834,0.518744,0.413112,0.52528,0.487572,0.579138,0.439986,0.59666,0.506372,0.495899,0.405342,0.603465,0.580301,0.621299,0.487238,0.557374,0.476853,0.383838,0.549698,0.409887,0.248181,0.402376,0.0692272,0.264046,0.618343,0.553847,0.190348,0.310891,0.308113,0.201408,0.504278,0.683964,0.324944,0.417896,0.590045,0.542211,0.61315,0.501369,0.478493,0.551834,0.560079,1,0.55979,0.487222,0.475782,0.468607,0.484514,0.504646,0.392122,0.559046,0.594497,0.266567,0.41794,0.416259,0.412503,0.51645,0.516139,0.339084,0.469531,0.576432,0.428698,0.657115,0.614945,0.484503,0.262488,0.27525,0.355929,0.50815,0.62665,0.429982,0.291794,0.260484,0.388965,0.542078,0.557503,0.329373,0.313081
0.817073,0.79368,0.823182,0.760361,0.677092,0.604742,0.725101,0.531758,0.519304,0.667917,0.654978,0.679622,0.741688,0.71717,0.743044,0.741251,0.767958,0.667326,0.763151,0.706125,0.777769,0.698053,0.697164,0.811599,0.603207,0.65329,0.696188,0.732437,0.16687,0.629399,0.0603702,0.409992,0.687883,0.698181,0.504492,0.345042,0.532583,0.554521,0.773726,0.786954,0.378216,0.686077,0.768638,0.745817,0.801575,0.788382,0.705575,0.712893,0.712202,0.55979,1,0.682232,0.785048,0.643233,0.723504,0.639623,0.75045,0.732034,0.786615,0.655428,0.647769,0.58489,0.617133,0.730618,0.769204,0.761126,0.845815,0.799176,0.620297,0.613109,0.677077,0.549905,0.482346,0.49309,0.529225,0.645627,0.657815,0.505524,0.653027,0.42678,0.51565,0.786839,0.699035,0.400079,0.552675
0.7943,0.799189,0.853668,0.828596,0.73545,0.769738,0.682495,0.434163,0.708649,0.755301,0.797156,0.697765,0.850505,0.794548,0.801221,0.797094,0.838601,0.743942,0.793845,0.792179,0.823226,0.688695,0.824995,0.837727,0.661465,0.492765,0.778132,0.772871,0.225444,0.39797,0.216351,0.595766,0.737997,0.754784,0.517074,0.53052,0.418139,0.536002,0.800885,0.795445,0.461979,0.825152,0.804397,0.820661,0.85165,0.867462,0.749209,0.695522,0.63173,0.487222,0.682232,1,0.890991,0.769022,0.868764,0.76199,0.738606,0.787759,0.842284,0.740583,0.593315,0.661806,0.641543,0.822629,0.846296,0.570756,0.763827,0.84125,0.751897,0.749144,0.749355,0.640767,0.334815,0.430555,0.664774,0.797103,0.703931,0.47896,0.572678,0.448595,0.531789,0.823924,0.788031,0.526394,0.559332
0.837735,0.857507,0.861175,0.875325,0.784992,0.7108,0.678729,0.424937,0.647078,0.833036,0.840769,0.795457,0.932639,0.812075,0.765763,0.845363,0.909744,0.77807,0.790681,0.86895,0.894273,0.697241,0.819878,0.88902,0.624761,0.509632,0.813869,0.794024,0.263764,0.578901,0.151854,0.533009,0.833071,0.766956,0.53886,0.404267,0.591662,0.569829,0.854221,0.847927,0.453486,0.85936,0.837372,0.864839,0.8804,0.868676,0.843982,0.785823,0.684897,0.475782,0.785048,0.890991,1,0.81502,0.880471,0.832439,0.795022,0.850952,0.869105,0.807373,0.725613,0.609892,0.702707,0.871486,0.882634,0.743652,0.855645,0.887926,0.780716,0.7439,0.757116,0.651636,0.537273,0.449017,0.739037,0.763025,0.691526,0.521962,0.616756,0.452196,0.564837,0.867586,0.868217,0.48708,0.692242
