1,0.870212,0.924668,0.885627,0.824492,0.689276,0.603412,0.474902,0.433036,0.715645,0.750108,0.716712,0.765238,0.826442,0.639212,0.720639,0.817198,0.527823,0.514038,0.795644,0.759164,0.520838,0.689182,0.839848,0.551422,0.718602,0.836852,0.605718,0.405514,0.313352,0.269671,0.462096,0.654529,0.768409,0.525816,0.359697,0.279188,0.757481,0.721745,0.748679,0.60261,0.849157,0.885869,0.744554,0.937036,0.77193,0.620649,0.687799,0.490383,0.550922,0.616893,0.424551,0.703406,0.77432,0.819832,0.812989,0.581838,0.783509,0.849248,0.567709,0.51123,0.712333,0.627092,0.836288,0.804085,0.693769,0.741077,0.779982,0.443176,0.487163,0.784948,0.710831,0.543858,0.290406,0.438709,0.770713,0.820902,0.59277,0.526871,0.419515,0.52048,0.757055,0.719879,0.537764,0.754297
0.870212,1,0.836448,0.806359,0.740526,0.689946,0.473989,0.342525,0.509926,0.588395,0.71108,0.620698,0.782168,0.847608,0.534514,0.779563,0.845654,0.490679,0.427355,0.724477,0.702387,0.506938,0.718854,0.664493,0.452204,0.593745,0.687341,0.58693,0.296546,0.0904733,0.168814,0.323096,0.516637,0.679679,0.363851,0.284448,0.215028,0.596592,0.622484,0.669975,0.64713,0.687978,0.850177,0.847696,0.830432,0.723425,0.595478,0.700507,0.300736,0.55459,0.424505,0.453014,0.628485,0.786489,0.735233,0.807197,0.418206,0.799561,0.785243,0.600216,0.510435,0.639681,0.525095,0.743209,0.746231,0.583646,0.527989,0.637663,0.372832,0.495698,0.613712,0.68008,0.496175,0.33836,0.323374,0.745056,0.715237,0.503701,0.540945,0.380713,0.348711,0.731305,0.706662,0.520424,0.619088
0.924668,0.836448,1,0.908747,0.900442,0.709604,0.570473,0.430247,0.484421,0.736864,0.813252,0.760972,0.839567,0.787921,0.618764,0.758007,0.856109,0.527774,0.551898,0.842199,0.841855,0.577132,0.736572,0.865539,0.644019,0.732238,0.867903,0.600473,0.352686,0.384873,0.247014,0.503304,0.590777,0.772863,0.530087,0.409632,0.352485,0.69131,0.783796,0.794188,0.66083,0.820408,0.908386,0.754147,0.956793,0.775199,0.713798,0.720392,0.441795,0.502774,0.619723,0.483809,0.71702,0.859299,0.8683,0.77517,0.593476,0.789144,0.842081,0.580753,0.506272,0.667792,0.744064,0.835041,0.833332,0.755223,0.684452,0.835963,0.446881,0.53754,0.807565,0.77752,0.599176,0.246548,0.438514,0.776811,0.78074,0.630322,0.545268,0.405334,0.536909,0.786188,0.7179,0.542517,0.79953
0.885627,0.806359,0.908747,1,0.808227,0.73201,0.568604,0.52446,0.405328,0.686372,0.75999,0.656723,0.748636,0.807299,0.681094,0.745659,0.720643,0.611662,0.427064,0.830757,0.743805,0.549716,0.680688,0.852714,0.609975,0.717968,0.85333,0.630845,0.520753,0.292312,0.28124,0.512396,0.622941,0.822056,0.532547,0.331848,0.340634,0.661054,0.732009,0.769134,0.600239,0.730504,0.910928,0.746216,0.914444,0.818096,0.741549,0.740718,0.381285,0.572208,0.550712,0.519857,0.726255,0.859236,0.819268,0.790435,0.64973,0.736916,0.724421,0.569502,0.459806,0.648472,0.689267,0.831263,0.855026,0.739392,0.682984,0.806643,0.521775,0.443802,0.7893,0.693357,0.595213,0.146009,0.422062,0.854822,0.869666,0.546871,0.597942,0.440981,0.576707,0.81966,0.757241,0.548349,0.778245
0.824492,0.740526,0.900442,0.808227,1,0.721675,0.522114,0.390573,0.548795,0.714785,0.719603,0.671144,0.771954,0.675455,0.669118,0.670325,0.790992,0.596342,0.564996,0.816884,0.81263,0.545303,0.739195,0.828888,0.587055,0.713268,0.831021,0.569304,0.270151,0.310799,0.100819,0.535926,0.555803,0.674995,0.458879,0.34355,0.376411,0.639369,0.775658,0.751031,0.61598,0.72126,0.80596,0.628077,0.882261,0.719189,0.688015,0.70789,0.421519,0.411338,0.57294,0.467578,0.621796,0.765572,0.772214,0.669709,0.540094,0.67081,0.701362,0.461518,0.64914,0.688876,0.720071,0.833892,0.834819,0.714617,0.66912,0.795741,0.396012,0.475964,0.760443,0.758129,0.553396,0.167568,0.404254,0.737363,0.768414,0.551191,0.471245,0.417121,0.517756,0.778426,0.692759,0.424379,0.764399
0.689276,0.689946,0.709604,0.73201,0.721675,1,0.420343,0.428577,0.469387,0.569783,0.599707,0.578778,0.664401,0.648761,0.737068,0.599238,0.584792,0.598153,0.424067,0.638773,0.581013,0.590189,0.488672,0.700127,0.58559,0.785898,0.763437,0.633856,0.333071,0.246745,0.303826,0.29354,0.418343,0.69281,0.456921,0.317046,0.222276,0.6666,0.700248,0.704293,0.533558,0.543706,0.703685,0.599874,0.745805,0.610141,0.6405,0.665668,0.303366,0.441172,0.678605,0.352265,0.37882,0.747331,0.674666,0.694656,0.582379,0.542221,0.558323,0.333301,0.445715,0.672904,0.500786,0.76341,0.757114,0.581085,0.507053,0.643681,0.296763,0.23405,0.560974,0.469226,0.383222,-0.15848,0.387757,0.716276,0.784018,0.314292,0.387261,0.533777,0.477025,0.757577,0.594981,0.294618,0.681404
0.603412,0.473989,0.570473,0.568604,0.522114,0.420343,1,0.633824,0.413082,0.539254,0.553239,0.658505,0.61579,0.619784,0.699719,0.547206,0.607997,0.481709,0.372016,0.545944,0.569504,0.165298,0.538034,0.505341,0.404011,0.460069,0.615763,0.518468,0.232836,0.194421,0.0650918,0.178708,0.62738,0.622313,0.32621,0.344402,0.260105,0.39974,0.405259,0.502909,0.338326,0.660336,0.66054,0.471349,0.648997,0.429913,0.438364,0.325095,0.63245,0.412251,0.361519,0.234396,0.47862,0.413157,0.540427,0.643435,0.319757,0.510114,0.593294,0.175399,0.486131,0.594398,0.420353,0.523209,0.588221,0.408822,0.502074,0.512681,0.390815,0.244546,0.64457,0.301736,0.397296,0.0746177,0.515058,0.559474,0.592707,0.666603,0.345713,0.349254,0.106579,0.40618,0.343689,0.207445,0.567248
0.474902,0.342525,0.430247,0.52446,0.390573,0.428577,0.633824,1,0.309652,0.540646,0.449869,0.57055,0.398836,0.446938,0.54386,0.414302,0.368241,0.394404,0.386738,0.600515,0.460251,0.286374,0.34978,0.460105,0.311991,0.472548,0.501841,0.37354,0.459078,0.341261,0.123421,0.211759,0.637485,0.692699,0.324815,0.215043,0.272537,0.598006,0.323695,0.586199,0.351441,0.523785,0.565819,0.361289,0.520905,0.487656,0.463399,0.30117,0.367311,0.387105,0.441003,0.384438,0.493471,0.535533,0.530498,0.533798,0.359062,0.432115,0.440014,0.158929,0.303989,0.380991,0.34522,0.543818,0.515299,0.332984,0.477557,0.531523,0.356481,0.31463,0.521287,0.209232,0.389254,-0.0493565,0.335466,0.518786,0.594919,0.333374,0.345997,0.140925,0.239355,0.421916,0.401425,0.343241,0.513084
0.433036,0.509926,0.484421,0.405328,0.548795,0.469387,0.413082,0.309652,1,0.325079,0.473689,0.432211,0.488251,0.316719,0.495141,0.509322,0.427958,0.6044,0.496987,0.53633,0.548726,0.23984,0.535758,0.485601,0.527932,0.363903,0.477699,0.521046,-0.181745,0.0758688,-0.0653537,0.414988,0.304059,0.356291,0.293307,0.521373,0.197906,0.264219,0.511868,0.564998,0.521955,0.548948,0.498275,0.292203,0.477735,0.385894,0.660818,0.48488,0.183035,0.247618,0.344159,0.162327,0.131834,0.490507,0.440017,0.36065,0.296617,0.453618,0.381615,0.230461,0.478978,0.543364,0.549021,0.63051,0.523448,0.424701,0.274669,0.527645,0.206487,0.448483,0.492173,0.372136,0.322294,0.00999059,0.379648,0.483977,0.381012,0.249855,0.374972,-0.00611058,0.230042,0.584608,0.45849,0.358128,0.437046
0.715645,0.588395,0.736864,0.686372,0.714785,0.569783,0.539254,0.540646,0.325079,1,0.769774,0.773088,0.769754,0.640482,0.57416,0.589448,0.697935,0.390411,0.368054,0.649481,0.584661,0.32948,0.576543,0.576894,0.41337,0.563377,0.658884,0.369676,0.368853,0.327929,0.193821,0.292316,0.47358,0.641499,0.230985,0.398041,0.216589,0.672062,0.554782,0.664551,0.416247,0.670974,0.730831,0.651842,0.766056,0.544173,0.414202,0.491444,0.371849,0.278743,0.639401,0.541517,0.655413,0.672354,0.768039,0.724149,0.298965,0.726949,0.77161,0.387635,0.475386,0.539196,0.492956,0.610641,0.615948,0.495765,0.611647,0.566434,0.287375,0.301352,0.61056,0.529514,0.529808,0.0727887,0.34731,0.610683,0.632339,0.585766,0.318494,0.278648,0.405815,0.569874,0.540541,0.41104,0.654845
0.750108,0.71108,0.813252,0.75999,0.719603,0.599707,0.553239,0.449869,0.473689,0.769774,1,0.718127,0.789364,0.645197,0.548868,0.637686,0.726493,0.396797,0.344922,0.593385,0.620823,0.375002,0.58704,0.653383,0.510308,0.531695,0.712977,0.375537,0.357099,0.335161,0.27439,0.307155,0.490637,0.618884,0.198481,0.396414,0.219292,0.513462,0.469289,0.627723,0.558382,0.703772,0.754463,0.692667,0.774697,0.576329,0.547919,0.560381,0.339575,0.611362,0.516122,0.590721,0.692754,0.740902,0.822903,0.709917,0.460194,0.719465,0.83969,0.473497,0.470027,0.558544,0.507775,0.649609,0.639048,0.539442,0.606299,0.61488,0.306542,0.414308,0.592784,0.485753,0.430145,0.156838,0.451374,0.588596,0.58798,0.538951,0.42029,0.287843,0.302126,0.540873,0.431072,0.523044,0.652378
0.716712,0.620698,0.760972,0.656723,0.671144,0.578778,0.658505,0.57055,0.432211,0.773088,0.718127,1,0.811132,0.610713,0.522139,0.654547,0.788847,0.486275,0.504246,0.653798,0.653975,0.414818,0.654624,0.633672,0.469975,0.672987,0.636552,0.490623,0.325484,0.224397,0.226343,0.139268,0.578945,0.674041,0.287868,0.373953,0.0992498,0.638975,0.563472,0.60408,0.609466,0.695145,0.789858,0.619368,0.798415,0.580277,0.562509,0.586538,0.561023,0.375915,0.62534,0.545855,0.599048,0.705448,0.784665,0.669508,0.389012,0.710482,0.841588,0.274278,0.468784,0.56444,0.540721,0.609926,0.631148,0.510653,0.548571,0.658316,0.284459,0.406163,0.620252,0.570219,0.558296,0.161929,0.474711,0.634448,0.629041,0.653704,0.33439,0.348448,0.390042,0.536143,0.494682,0.392396,0.625503
0.765238,0.782168,0.839567,0.748636,0.771954,0.664401,0.61579,0.398836,0.488251,0.769754,0.789364,0.811132,1,0.721981,0.61332,0.81015,0.916723,0.479082,0.29467,0.6474,0.635142,0.339747,0.646939,0.635973,0.538751,0.534079,0.692356,0.425806,0.207695,0.164374,0.091508,0.202163,0.539223,0.618499,0.31869,0.428979,0.109854,0.514822,0.546996,0.587011,0.590637,0.678389,0.801082,0.754171,0.83043,0.64926,0.524435,0.578688,0.409305,0.388303,0.511966,0.413499,0.645746,0.769267,0.77861,0.770517,0.354858,0.729709,0.834333,0.486737,0.496306,0.657832,0.551975,0.607391,0.645912,0.628234,0.537726,0.585399,0.250257,0.293061,0.620367,0.578725,0.482453,0.218041,0.372297,0.68574,0.69113,0.645419,0.436093,0.26667,0.367086,0.611889,0.548637,0.314329,0.701815
0.826442,0.847608,0.787921,0.807299,0.675455,0.648761,0.619784,0.446938,0.316719,0.640482,0.645197,0.610713,0.721981,1,0.617845,0.742139,0.769685,0.51318,0.348143,0.713863,0.652155,0.442452,0.688867,0.621806,0.521967,0.631999,0.724837,0.613421,0.448612,0.257621,0.309384,0.295714,0.581965,0.770253,0.386486,0.215255,0.255202,0.586127,0.630056,0.638488,0.517068,0.694227,0.851059,0.886446,0.816674,0.619651,0.53213,0.585406,0.49175,0.443128,0.445239,0.35581,0.587659,0.690111,0.680044,0.932749,0.326646,0.80882,0.701504,0.532815,0.449356,0.610186,0.501049,0.679827,0.751555,0.546118,0.529302,0.573868,0.409584,0.364629,0.660738,0.631961,0.469843,0.225059,0.360236,0.696037,0.726408,0.524372,0.43353,0.411726,0.378031,0.730455,0.667562,0.498721,0.601839
0.639212,0.534514,0.618764,0.681094,0.669118,0.737068,0.699719,0.54386,0.495141,0.57416,0.548868,0.522139,0.61332,0.617845,1,0.542119,0.523918,0.661909,0.388805,0.595941,0.561272,0.322051,0.4654,0.665244,0.539114,0.591026,0.713476,0.563778,0.341084,0.261748,0.156611,0.360577,0.504705,0.625227,0.481756,0.335199,0.238158,0.47361,0.569636,0.61647,0.349217,0.569293,0.677173,0.480666,0.702637,0.534828,0.552152,0.43936,0.426177,0.349371,0.649232,0.258625,0.399925,0.55633,0.618661,0.639572,0.46016,0.48037,0.524624,0.266989,0.459519,0.716925,0.464931,0.704174,0.68417,0.546049,0.488055,0.630621,0.310868,0.112667,0.602705,0.338365,0.347551,-0.200196,0.444593,0.655243,0.790293,0.38966,0.435139,0.393625,0.317774,0.63428,0.456796,0.207054,0.690077
0.720639,0.779563,0.758007,0.745659,0.670325,0.599238,0.547206,0.414302,0.509322,0.589448,0.637686,0.654547,0.81015,0.742139,0.542119,1,0.761581,0.596293,0.351651,0.698569,0.653752,0.49274,0.659137,0.559972,0.450451,0.487428,0.688971,0.627954,0.111696,0.126245,0.0688681,0.227431,0.602282,0.666445,0.374446,0.269731,0.191165,0.526535,0.609816,0.597462,0.574903,0.613556,0.8202,0.709707,0.764203,0.677023,0.539542,0.589949,0.270394,0.280839,0.389126,0.344385,0.580971,0.696369,0.662752,0.730644,0.282874,0.799724,0.678678,0.536392,0.43545,0.61107,0.504635,0.634352,0.684669,0.659032,0.399343,0.556805,0.42627,0.301295,0.684045,0.538224,0.490679,0.246247,0.349529,0.752357,0.713136,0.546208,0.511196,0.26565,0.40429,0.7165,0.671552,0.404398,0.644071
0.817198,0.845654,0.856109,0.720643,0.790992,0.584792,0.607997,0.368241,0.427958,0.697935,0.726493,0.788847,0.916723,0.769685,0.523918,0.761581,1,0.404481,0.456539,0.707089,0.737713,0.405954,0.687066,0.626732,0.463368,0.545596,0.647789,0.435694,0.221823,0.123589,0.0737936,0.19191,0.546354,0.615141,0.30973,0.313145,0.157878,0.542153,0.557724,0.566474,0.58479,0.684099,0.827382,0.808086,0.844837,0.632352,0.522245,0.587056,0.464139,0.432567,0.460155,0.457356,0.689982,0.742999,0.798556,0.798146,0.324842,0.763589,0.875015,0.516536,0.550524,0.5808,0.564008,0.655171,0.701204,0.570792,0.530442,0.611709,0.274583,0.450503,0.631105,0.695488,0.457324,0.312567,0.353579,0.675828,0.655253,0.671316,0.398369,0.354191,0.246776,0.589444,0.601296,0.365622,0.686304
0.527823,0.490679,0.527774,0.611662,0.596342,0.598153,0.481709,0.394404,0.6044,0.390411,0.396797,0.486275,0.479082,0.51318,0.661909,0.596293,0.404481,1,0.476057,0.675303,0.559016,0.443053,0.570093,0.623905,0.569381,0.603887,0.66073,0.675348,0.274658,0.14545,0.149983,0.485668,0.564281,0.636719,0.552299,0.286667,0.17356,0.480557,0.609215,0.542367,0.46063,0.528678,0.61902,0.383357,0.637724,0.562976,0.626472,0.544587,0.447977,0.21236,0.481733,0.146708,0.251409,0.55398,0.443987,0.465291,0.43411,0.450849,0.356634,0.201571,0.416348,0.622738,0.536611,0.658018,0.691673,0.61033,0.448632,0.620103,0.285695,0.268735,0.587973,0.39927,0.498779,-0.0130336,0.427408,0.662548,0.638615,0.385826,0.39369,0.278776,0.453651,0.710506,0.539844,0.230728,0.507213
0.514038,0.427355,0.551898,0.427064,0.564996,0.424067,0.372016,0.386738,0.496987,0.368054,0.344922,0.504246,0.29467,0.348143,0.388805,0.351651,0.456539,0.476057,1,0.712714,0.791461,0.619699,0.468568,0.551191,0.362026,0.609474,0.492507,0.552569,0.154478,0.262461,0.229163,0.318069,0.340799,0.493785,0.527375,0.128955,0.246211,0.565019,0.626118,0.60435,0.440022,0.491686,0.578051,0.287739,0.569689,0.443023,0.583352,0.439501,0.32845,0.195682,0.566964,0.369063,0.360063,0.47602,0.530807,0.379815,0.413848,0.445448,0.467164,0.143925,0.409488,0.427635,0.576685,0.699852,0.655192,0.456449,0.414132,0.69129,0.31395,0.592094,0.530813,0.499473,0.421382,0.0576651,0.276512,0.450414,0.411273,0.388027,0.278201,0.361722,0.222672,0.520273,0.482831,0.354219,0.546479
0.795644,0.724477,0.842199,0.830757,0.816884,0.638773,0.545944,0.600515,0.53633,0.649481,0.593385,0.653798,0.6474,0.713863,0.595941,0.698569,0.707089,0.675303,0.712714,1,0.907274,0.635001,0.755642,0.820263,0.624591,0.758436,0.785024,0.686318,0.408305,0.388975,0.196282,0.588881,0.629974,0.843957,0.639545,0.353722,0.45383,0.732623,0.82517,0.830232,0.614522,0.73788,0.877707,0.645299,0.869651,0.71697,0.814654,0.702784,0.449571,0.350882,0.5859,0.441838,0.638639,0.821765,0.722364,0.691295,0.53555,0.730433,0.621787,0.459759,0.510921,0.672083,0.786448,0.889252,0.870992,0.756561,0.606766,0.878434,0.422337,0.63319,0.796777,0.687268,0.665537,0.167553,0.397821,0.775634,0.751612,0.576003,0.532934,0.350129,0.464507,0.859608,0.782431,0.520277,0.725603
0.759164,0.702387,0.841855,0.743805,0.81263,0.581013,0.569504,0.460251,0.548726,0.584661,0.620823,0.653975,0.635142,0.652155,0.561272,0.653752,0.737713,0.559016,0.791461,0.907274,1,0.65389,0.719148,0.784055,0.558052,0.716809,0.725799,0.645451,0.333586,0.381443,0.207469,0.54344,0.523121,0.756295,0.589568,0.359338,0.486243,0.589305,0.791127,0.790272,0.562726,0.701714,0.84885,0.578779,0.835128,0.63006,0.767447,0.653021,0.449316,0.372775,0.571013,0.428898,0.637837,0.737689,0.73075,0.62402,0.551907,0.709238,0.671595,0.395086,0.531684,0.669195,0.807189,0.862587,0.871481,0.737549,0.581443,0.854973,0.376576,0.669901,0.762702,0.660891,0.619791,0.246534,0.428845,0.725362,0.647074,0.648316,0.588807,0.449664,0.378784,0.759456,0.645405,0.483194,0.705271
0.520838,0.506938,0.577132,0.549716,0.545303,0.590189,0.165298,0.286374,0.23984,0.32948,0.375002,0.414818,0.339747,0.442452,0.322051,0.49274,0.405954,0.443053,0.619699,0.635001,0.65389,1,0.420051,0.546325,0.294489,0.661695,0.538725,0.517514,0.331077,0.303469,0.366361,0.291843,0.329425,0.646447,0.501373,0.00155226,0.327012,0.657993,0.669509,0.607929,0.511952,0.328834,0.593264,0.420575,0.571505,0.501521,0.510465,0.565969,0.100577,0.219497,0.482581,0.37437,0.419081,0.549589,0.485186,0.41267,0.56757,0.538267,0.408466,0.212012,0.203914,0.454286,0.597261,0.618251,0.64551,0.481073,0.417581,0.612295,0.402806,0.503499,0.498865,0.472465,0.48746,0.122601,-0.0123497,0.596781,0.568845,0.257426,0.53377,0.419716,0.466698,0.654561,0.565711,0.410015,0.48141
0.689182,0.718854,0.736572,0.680688,0.739195,0.488672,0.538034,0.34978,0.535758,0.576543,0.58704,0.654624,0.646939,0.688867,0.4654,0.659137,0.687066,0.570093,0.468568,0.755642,0.719148,0.420051,1,0.684765,0.556981,0.616196,0.681053,0.679106,0.205424,0.25381,0.0407512,0.468322,0.590202,0.650944,0.245833,0.343327,0.26464,0.565887,0.711402,0.66117,0.54558,0.668843,0.743965,0.651485,0.775496,0.544511,0.658511,0.752724,0.411163,0.321327,0.414577,0.447464,0.480556,0.660553,0.567137,0.583405,0.397735,0.760013,0.58913,0.531662,0.456001,0.65664,0.639108,0.686683,0.697771,0.582288,0.502404,0.728153,0.448424,0.566331,0.71474,0.670235,0.643237,0.263577,0.441664,0.594925,0.600146,0.474111,0.455332,0.300087,0.430789,0.744359,0.695308,0.47855,0.394132
0.839848,0.664493,0.865539,0.852714,0.828888,0.700127,0.505341,0.460105,0.485601,0.576894,0.653383,0.633672,0.635973,0.621806,0.665244,0.559972,0.626732,0.623905,0.551191,0.820263,0.784055,0.546325,0.684765,1,0.74666,0.791126,0.879166,0.646359,0.449924,0.468096,0.233622,0.646229,0.585975,0.744777,0.635285,0.451713,0.330347,0.691523,0.771769,0.740937,0.643115,0.778815,0.78598,0.537403,0.887805,0.731942,0.80425,0.768329,0.479785,0.499789,0.686714,0.382192,0.570117,0.761589,0.710067,0.58769,0.784076,0.578788,0.62924,0.508791,0.440182,0.716978,0.76612,0.865748,0.829751,0.797808,0.763839,0.94737,0.421149,0.546989,0.82144,0.680558,0.611184,0.17061,0.517532,0.710508,0.798519,0.436717,0.579917,0.416114,0.659728,0.824376,0.676477,0.489251,0.702407
0.551422,0.452204,0.644019,0.609975,0.587055,0.58559,0.404011,0.311991,0.527932,0.41337,0.510308,0.469975,0.538751,0.521967,0.539114,0.450451,0.463368,0.569381,0.362026,0.624591,0.558052,0.294489,0.556981,0.74666,1,0.616108,0.705695,0.632398,0.216647,0.529417,0.251157,0.534807,0.406343,0.57825,0.479393,0.566372,0.160766,0.431626,0.686781,0.549985,0.444683,0.660326,0.565527,0.493215,0.688187,0.46418,0.68743,0.609861,0.344407,0.251172,0.640705,0.0488782,0.254816,0.637823,0.557243,0.530581,0.520234,0.482877,0.445439,0.437434,0.263616,0.505117,0.628455,0.66048,0.6222,0.682386,0.525454,0.702357,0.196125,0.331265,0.61016,0.46758,0.523759,-0.104367,0.509231,0.456651,0.517194,0.298519,0.287545,0.171153,0.510876,0.712888,0.57044,0.434209,0.455248
0.718602,0.593745,0.732238,0.717968,0.713268,0.785898,0.460069,0.472548,0.363903,0.563377,0.531695,0.672987,0.534079,0.631999,0.591026,0.487428,0.545596,0.603887,0.609474,0.758436,0.716809,0.661695,0.616196,0.791126,0.616108,1,0.715206,0.686354,0.459983,0.381261,0.511177,0.452884,0.424036,0.785719,0.554949,0.263815,0.394833,0.783979,0.816617,0.706419,0.595901,0.63902,0.756872,0.561075,0.798806,0.555727,0.676921,0.731693,0.490973,0.417647,0.704228,0.372513,0.444462,0.737942,0.664763,0.623304,0.676773,0.600455,0.572516,0.216088,0.422422,0.629066,0.611325,0.779594,0.804206,0.64447,0.66831,0.79228,0.317055,0.458845,0.638161,0.569154,0.62776,0.0356958,0.419614,0.656096,0.711551,0.416769,0.398099,0.567133,0.579886,0.735585,0.622399,0.412055,0.612266
0.836852,0.687341,0.867903,0.85333,0.831021,0.763437,0.615763,0.501841,0.477699,0.658884,0.712977,0.636552,0.692356,0.724837,0.713476,0.688971,0.647789,0.66073,0.492507,0.785024,0.725799,0.538725,0.681053,0.879166,0.705695,0.715206,1,0.737328,0.32813,0.458859,0.160674,0.511757,0.692205,0.783602,0.580619,0.451219,0.283855,0.706794,0.751838,0.789,0.600155,0.789189,0.796868,0.585504,0.895071,0.759065,0.722323,0.680052,0.460391,0.489698,0.665814,0.340507,0.550397,0.709885,0.6965,0.699105,0.656985,0.632962,0.643047,0.53223,0.499826,0.702352,0.674515,0.825144,0.824097,0.759261,0.740711,0.840499,0.547895,0.4272,0.882197,0.630959,0.560254,0.0952365,0.577074,0.735394,0.787219,0.514112,0.505223,0.451817,0.622072,0.819843,0.684392,0.493247,0.753006
0.605718,0.58693,0.600473,0.630845,0.569304,0.633856,0.518468,0.37354,0.521046,0.369676,0.375537,0.490623,0.425806,0.613421,0.563778,0.627954,0.435694,0.675348,0.552569,0.686318,0.645451,0.517514,0.679106,0.646359,0.632398,0.686354,0.737328,1,0.123965,0.299408,0.233756,0.377075,0.511687,0.68369,0.553354,0.38556,0.181218,0.56156,0.78556,0.682442,0.521089,0.617161,0.708684,0.490159,0.701778,0.562888,0.699632,0.695803,0.316166,0.244473,0.552997,0.201872,0.335765,0.542178,0.49549,0.542407,0.480917,0.602535,0.431442,0.323991,0.407933,0.582011,0.560214,0.7295,0.73347,0.574238,0.472595,0.715272,0.511769,0.421964,0.697236,0.489842,0.598097,0.00855085,0.530172,0.610218,0.612414,0.365541,0.371202,0.453624,0.467954,0.776254,0.704005,0.469067,0.46564
0.405514,0.296546,0.352686,0.520753,0.270151,0.333071,0.232836,0.459078,-0.181745,0.368853,0.357099,0.325484,0.207695,0.448612,0.341084,0.111696,0.221823,0.274658,0.154478,0.408305,0.333586,0.331077,0.205424,0.449924,0.216647,0.459983,0.32813,0.123965,1,0.330339,0.349265,0.35295,0.344566,0.593591,0.276463,-0.0247307,0.167622,0.361102,0.232812,0.316499,0.195312,0.285004,0.422662,0.340468,0.413133,0.305041,0.304511,0.285711,0.40343,0.417801,0.344002,0.360053,0.494963,0.439265,0.359721,0.380627,0.42886,0.316384,0.319541,0.117038,0.130869,0.33438,0.264619,0.387402,0.448926,0.300689,0.416914,0.419037,0.11399,0.164865,0.224181,0.214713,0.377846,0.090624,0.176354,0.390003,0.450261,0.273252,0.330731,0.370495,0.217744,0.324279,0.167638,0.263142,0.293195
0.313352,0.0904733,0.384873,0.292312,0.310799,0.246745,0.194421,0.341261,0.0758688,0.327929,0.335161,0.224397,0.164374,0.257621,0.261748,0.126245,0.123589,0.14545,0.262461,0.388975,0.381443,0.303469,0.25381,0.468096,0.529417,0.381261,0.458859,0.299408,0.330339,1,0.275009,0.444034,0.324585,0.462068,0.488382,0.237486,0.257625,0.377317,0.379663,0.437825,0.211588,0.442475,0.243259,0.141729,0.36587,0.147216,0.262089,0.157658,0.242476,0.0984146,0.500493,-0.0406182,0.28375,0.33156,0.281763,0.205791,0.321472,0.244602,0.268302,0.143642,-0.0522072,0.323236,0.384152,0.403278,0.292483,0.378212,0.337894,0.467661,0.00101923,0.168579,0.333173,0.0652441,0.28824,-0.0231621,0.25649,0.081605,0.247068,0.0923227,0.0975618,-0.0358926,0.267556,0.335736,0.15412,0.368847,0.283005
0.269671,0.168814,0.247014,0.28124,0.100819,0.303826,0.0650918,0.123421,-0.0653537,0.193821,0.27439,0.226343,0.091508,0.309384,0.156611,0.0688681,0.0737936,0.149983,0.229163,0.196282,0.207469,0.366361,0.0407512,0.233622,0.251157,0.511177,0.160674,0.233756,0.349265,0.275009,1,0.031797,0.0201443,0.33434,0.314659,-0.0534739,0.170611,0.312957,0.322807,0.252761,0.206802,0.180433,0.313125,0.332488,0.274331,0.149812,0.203329,0.242655,0.159,0.158235,0.379021,0.165562,0.257456,0.304543,0.358439,0.33406,0.312169,0.288891,0.278859,-0.0558946,-0.0234435,0.12994,0.160727,0.246833,0.23012,0.193048,0.289963,0.212091,-0.00730944,0.153063,0.0897382,0.107338,0.195183,-0.017045,0.0137101,0.117419,0.179321,0.0389619,0.0884731,0.212098,0.306281,0.240216,0.149749,0.278237,0.177482
0.462096,0.323096,0.503304,0.512396,0.535926,0.29354,0.178708,0.211759,0.414988,0.292316,0.307155,0.139268,0.202163,0.295714,0.360577,0.227431,0.19191,0.485668,0.318069,0.588881,0.54344,0.291843,0.468322,0.646229,0.534807,0.452884,0.511757,0.377075,0.35295,0.444034,0.031797,1,0.25569,0.491827,0.473794,0.399822,0.537105,0.340283,0.599243,0.554792,0.28029,0.56001,0.392783,0.158685,0.491445,0.330075,0.523101,0.435142,0.250102,0.234207,0.312115,-0.0133118,0.241519,0.466125,0.311985,0.195212,0.547137,0.363395,0.184245,0.263551,0.271933,0.442262,0.601031,0.620409,0.582524,0.585057,0.513275,0.62342,0.183295,0.432652,0.546615,0.454219,0.56232,0.183349,0.313212,0.475428,0.390716,0.231896,0.491624,0.155362,0.456746,0.596647,0.448487,0.300729,0.38521
0.654529,0.516637,0.590777,0.622941,0.555803,0.418343,0.62738,0.637485,0.304059,0.47358,0.490637,0.578945,0.539223,0.581965,0.504705,0.602282,0.546354,0.564281,0.340799,0.629974,0.523121,0.329425,0.590202,0.585975,0.406343,0.424036,0.692205,0.511687,0.344566,0.324585,0.0201443,0.25569,1,0.691688,0.443524,0.229612,0.140925,0.567126,0.435851,0.555568,0.373908,0.601539,0.613316,0.42338,0.665143,0.656905,0.47148,0.395929,0.536651,0.408417,0.398698,0.312181,0.544628,0.515886,0.506379,0.520528,0.365328,0.487846,0.511866,0.394852,0.349252,0.532228,0.447709,0.542717,0.541981,0.5659,0.529753,0.577924,0.546205,0.276401,0.641228,0.367932,0.428286,0.166307,0.400256,0.589216,0.66295,0.528547,0.352466,0.0950259,0.381705,0.546398,0.493236,0.381964,0.464693
0.768409,0.679679,0.772863,0.822056,0.674995,0.69281,0.622313,0.692699,0.356291,0.641499,0.618884,0.674041,0.618499,0.770253,0.625227,0.666445,0.615141,0.636719,0.493785,0.843957,0.756295,0.646447,0.650944,0.744777,0.57825,0.785719,0.783602,0.68369,0.593591,0.462068,0.33434,0.491827,0.691688,1,0.570833,0.384549,0.440972,0.759321,0.736458,0.831438,0.548176,0.711334,0.844313,0.666996,0.836516,0.64574,0.668168,0.671707,0.484597,0.422599,0.617457,0.380337,0.638254,0.794968,0.706341,0.723791,0.598026,0.730318,0.632487,0.392456,0.360193,0.658437,0.697609,0.782506,0.812353,0.646109,0.64008,0.77022,0.482281,0.508214,0.733812,0.500461,0.700882,0.139123,0.369309,0.787611,0.775168,0.583073,0.61387,0.374862,0.466762,0.800529,0.656625,0.557145,0.616638
0.525816,0.363851,0.530087,0.532547,0.458879,0.456921,0.32621,0.324815,0.293307,0.230985,0.198481,0.287868,0.31869,0.386486,0.481756,0.374446,0.30973,0.552299,0.527375,0.639545,0.589568,0.501373,0.245833,0.635285,0.479393,0.554949,0.580619,0.553354,0.276463,0.488382,0.314659,0.473794,0.443524,0.570833,1,0.25286,0.2686,0.467545,0.58971,0.556122,0.423142,0.513267,0.513135,0.206095,0.546303,0.547695,0.541072,0.321484,0.373128,0.1793,0.489141,-0.0352272,0.360553,0.468703,0.373351,0.328942,0.497811,0.230039,0.301918,0.100725,0.214305,0.500825,0.564924,0.607591,0.555278,0.602613,0.448632,0.642551,0.194021,0.309987,0.513986,0.31404,0.394627,0.0773369,0.218216,0.479609,0.532848,0.343585,0.351534,0.161574,0.412337,0.555909,0.434813,0.239948,0.597926
0.359697,0.284448,0.409632,0.331848,0.34355,0.317046,0.344402,0.215043,0.521373,0.398041,0.396414,0.373953,0.428979,0.215255,0.335199,0.269731,0.313145,0.286667,0.128955,0.353722,0.359338,0.00155226,0.343327,0.451713,0.566372,0.263815,0.451219,0.38556,-0.0247307,0.237486,-0.0534739,0.399822,0.229612,0.384549,0.25286,1,0.185081,0.23035,0.428903,0.5141,0.216046,0.580779,0.382226,0.229145,0.435635,0.264504,0.502165,0.448956,0.165437,0.158417,0.443862,0.0461913,0.194598,0.404671,0.420344,0.277621,0.381166,0.328045,0.368807,0.32167,0.231762,0.380123,0.569914,0.392258,0.324024,0.403126,0.409652,0.433702,0.119951,0.404023,0.453566,0.231618,0.456945,0.0501945,0.400924,0.316475,0.230312,0.44044,0.415261,-0.0447071,0.272469,0.419571,0.256019,0.32956,0.265722
0.279188,0.215028,0.352485,0.340634,0.376411,0.222276,0.260105,0.272537,0.197906,0.216589,0.219292,0.0992498,0.109854,0.255202,0.238158,0.191165,0.157878,0.17356,0.246211,0.45383,0.486243,0.327012,0.26464,0.330347,0.160766,0.394833,0.283855,0.181218,0.167622,0.257625,0.170611,0.537105,0.140925,0.440972,0.2686,0.185081,1,0.273239,0.447844,0.447738,0.0902661,0.334091,0.359518,0.223233,0.303861,0.118127,0.31978,0.191363,0.188011,0.222245,0.061747,0.137319,0.175877,0.308921,0.264519,0.224157,0.305448,0.275203,0.112733,0.0923046,0.14666,0.178001,0.385599,0.370799,0.416596,0.341401,0.290927,0.332617,0.216598,0.396727,0.413092,0.296389,0.328734,0.170195,0.137331,0.406772,0.280562,0.267221,0.400754,0.169249,0.204715,0.375554,0.286781,0.180469,0.325891
0.757481,0.596592,0.69131,0.661054,0.639369,0.6666,0.39974,0.598006,0.264219,0.672062,0.513462,0.638975,0.514822,0.586127,0.47361,0.526535,0.542153,0.480557,0.565019,0.732623,0.589305,0.657993,0.565887,0.691523,0.431626,0.783979,0.706794,0.56156,0.361102,0.377317,0.312957,0.340283,0.567126,0.759321,0.467545,0.23035,0.273239,1,0.680152,0.71285,0.533886,0.66323,0.693502,0.570912,0.762694,0.63931,0.481878,0.620916,0.344243,0.288128,0.698844,0.390734,0.503265,0.681,0.643403,0.618478,0.551649,0.626891,0.60167,0.384188,0.304983,0.533196,0.514595,0.681307,0.65807,0.540366,0.687011,0.695353,0.450092,0.463086,0.669234,0.545551,0.569774,0.114812,0.250822,0.63535,0.738957,0.374202,0.384705,0.364553,0.564802,0.686432,0.67323,0.428598,0.569828
0.721745,0.622484,0.783796,0.732009,0.775658,0.700248,0.405259,0.323695,0.511868,0.554782,0.469289,0.563472,0.546996,0.630056,0.569636,0.609816,0.557724,0.609215,0.626118,0.82517,0.791127,0.669509,0.711402,0.771769,0.686781,0.816617,0.751838,0.78556,0.232812,0.379663,0.322807,0.599243,0.435851,0.736458,0.58971,0.428903,0.447844,0.680152,1,0.783789,0.495533,0.660567,0.769565,0.556504,0.810294,0.602482,0.731636,0.771393,0.278868,0.176057,0.644502,0.30651,0.42796,0.69475,0.665202,0.584545,0.581312,0.7046,0.526481,0.383049,0.398622,0.625075,0.740531,0.818815,0.799468,0.716391,0.557679,0.796224,0.434959,0.506535,0.74173,0.717225,0.704869,0.0165435,0.323879,0.683734,0.695678,0.443237,0.488282,0.410227,0.623827,0.886477,0.803402,0.483565,0.588234
0.748679,0.669975,0.794188,0.769134,0.751031,0.704293,0.502909,0.586199,0.564998,0.664551,0.627723,0.60408,0.587011,0.638488,0.61647,0.597462,0.566474,0.542367,0.60435,0.830232,0.790272,0.607929,0.66117,0.740937,0.549985,0.706419,0.789,0.682442,0.316499,0.437825,0.252761,0.554792,0.555568,0.831438,0.556122,0.5141,0.447738,0.71285,0.783789,1,0.571802,0.729659,0.802405,0.541093,0.786708,0.670796,0.758211,0.658815,0.316534,0.376727,0.644898,0.438739,0.579319,0.798178,0.732596,0.638683,0.594909,0.687538,0.608018,0.42902,0.445177,0.649773,0.800709,0.860016,0.789854,0.604494,0.595035,0.798022,0.50275,0.613593,0.763954,0.54467,0.593932,0.101874,0.342189,0.749312,0.691345,0.499582,0.620399,0.280219,0.491275,0.807369,0.679833,0.618199,0.68443
0.60261,0.64713,0.66083,0.600239,0.61598,0.533558,0.338326,0.351441,0.521955,0.416247,0.558382,0.609466,0.590637,0.517068,0.349217,0.574903,0.58479,0.46063,0.440022,0.614522,0.562726,0.511952,0.54558,0.643115,0.444683,0.595901,0.600155,0.521089,0.195312,0.211588,0.206802,0.28029,0.373908,0.548176,0.423142,0.216046,0.0902661,0.533886,0.495533,0.571802,1,0.551239,0.661433,0.502512,0.643397,0.623699,0.663081,0.654184,0.27642,0.446429,0.377411,0.350677,0.51441,0.673955,0.531746,0.479866,0.512007,0.542737,0.539084,0.219217,0.481726,0.490019,0.574495,0.625463,0.619987,0.49822,0.512241,0.666192,0.295953,0.529607,0.550397,0.569378,0.505229,0.385301,0.296646,0.553451,0.51703,0.274734,0.433444,0.291225,0.420363,0.600057,0.4922,0.553043,0.611572
0.849157,0.687978,0.820408,0.730504,0.72126,0.543706,0.660336,0.523785,0.548948,0.670974,0.703772,0.695145,0.678389,0.694227,0.569293,0.613556,0.684099,0.528678,0.491686,0.73788,0.701714,0.328834,0.668843,0.778815,0.660326,0.63902,0.789189,0.617161,0.285004,0.442475,0.180433,0.56001,0.601539,0.711334,0.513267,0.580779,0.334091,0.66323,0.660567,0.729659,0.551239,1,0.784225,0.588872,0.838626,0.594726,0.647339,0.576208,0.586231,0.466237,0.562303,0.241201,0.532315,0.678792,0.709251,0.695533,0.499188,0.691065,0.751249,0.462576,0.510004,0.643391,0.655623,0.752533,0.729156,0.635691,0.747851,0.743894,0.370038,0.55835,0.796931,0.610851,0.569118,0.326962,0.60451,0.63088,0.637544,0.612306,0.430345,0.264999,0.457786,0.665429,0.587458,0.450774,0.683858
0.885869,0.850177,0.908386,0.910928,0.80596,0.703685,0.66054,0.565819,0.498275,0.730831,0.754463,0.789858,0.801082,0.851059,0.677173,0.8202,0.827382,0.61902,0.578051,0.877707,0.84885,0.593264,0.743965,0.78598,0.565527,0.756872,0.796868,0.708684,0.422662,0.243259,0.313125,0.392783,0.613316,0.844313,0.513135,0.382226,0.359518,0.693502,0.769565,0.802405,0.661433,0.784225,1,0.814132,0.934822,0.755997,0.76192,0.733827,0.458983,0.477041,0.595562,0.563861,0.745149,0.848478,0.864533,0.847464,0.538361,0.85742,0.818577,0.510404,0.534383,0.666415,0.714173,0.836471,0.874516,0.696443,0.642858,0.808022,0.495345,0.569856,0.797606,0.715997,0.637496,0.240527,0.451104,0.848396,0.816523,0.659393,0.589602,0.463889,0.46392,0.807816,0.744967,0.567171,0.778644
0.744554,0.847696,0.754147,0.746216,0.628077,0.599874,0.471349,0.361289,0.292203,0.651842,0.692667,0.619368,0.754171,0.886446,0.480666,0.709707,0.808086,0.383357,0.287739,0.645299,0.578779,0.420575,0.651485,0.537403,0.493215,0.561075,0.585504,0.490159,0.340468,0.141729,0.332488,0.158685,0.42338,0.666996,0.206095,0.229145,0.223233,0.570912,0.556504,0.541093,0.502512,0.588872,0.814132,1,0.77167,0.58874,0.472165,0.612598,0.283098,0.354824,0.442117,0.481819,0.584804,0.729358,0.7482,0.897806,0.269665,0.805425,0.753738,0.63145,0.307915,0.435545,0.434371,0.567298,0.62925,0.457613,0.450807,0.503034,0.347935,0.431756,0.550634,0.63501,0.440163,0.197357,0.220605,0.640006,0.645467,0.456108,0.387436,0.311563,0.291919,0.660105,0.678109,0.492051,0.497393
0.937036,0.830432,0.956793,0.914444,0.882261,0.745805,0.648997,0.520905,0.477735,0.766056,0.774697,0.798415,0.83043,0.816674,0.702637,0.764203,0.844837,0.637724,0.569689,0.869651,0.835128,0.571505,0.775496,0.887805,0.688187,0.798806,0.895071,0.701778,0.413133,0.36587,0.274331,0.491445,0.665143,0.836516,0.546303,0.435635,0.303861,0.762694,0.810294,0.786708,0.643397,0.838626,0.934822,0.77167,1,0.796768,0.722283,0.774514,0.486323,0.489658,0.708757,0.448368,0.707063,0.850906,0.865988,0.806237,0.6412,0.804974,0.84326,0.547071,0.528827,0.717453,0.723579,0.859613,0.877491,0.786082,0.770304,0.867664,0.463805,0.51275,0.845039,0.74616,0.682427,0.21328,0.518924,0.814277,0.841281,0.650825,0.547265,0.477249,0.578236,0.825308,0.75505,0.51196,0.776629
0.77193,0.723425,0.775199,0.818096,0.719189,0.610141,0.429913,0.487656,0.385894,0.544173,0.576329,0.580277,0.64926,0.619651,0.534828,0.677023,0.632352,0.562976,0.443023,0.71697,0.63006,0.501521,0.544511,0.731942,0.46418,0.555727,0.759065,0.562888,0.305041,0.147216,0.149812,0.330075,0.656905,0.64574,0.547695,0.264504,0.118127,0.63931,0.602482,0.670796,0.623699,0.594726,0.755997,0.58874,0.796768,1,0.637563,0.630523,0.182649,0.41781,0.510421,0.407393,0.628549,0.730867,0.697663,0.614016,0.567744,0.518598,0.621624,0.494944,0.396816,0.500529,0.569261,0.68379,0.677358,0.705566,0.631395,0.706533,0.518251,0.401029,0.700055,0.625987,0.522825,0.182248,0.294109,0.750629,0.762315,0.505009,0.547378,0.320883,0.615692,0.684011,0.698112,0.463602,0.687247
0.620649,0.595478,0.713798,0.741549,0.688015,0.6405,0.438364,0.463399,0.660818,0.414202,0.547919,0.562509,0.524435,0.53213,0.552152,0.539542,0.522245,0.626472,0.583352,0.814654,0.767447,0.510465,0.658511,0.80425,0.68743,0.676921,0.722323,0.699632,0.304511,0.262089,0.203329,0.523101,0.47148,0.668168,0.541072,0.502165,0.31978,0.481878,0.731636,0.758211,0.663081,0.647339,0.76192,0.472165,0.722283,0.637563,1,0.752784,0.372438,0.447606,0.495205,0.433761,0.438721,0.739029,0.617906,0.521056,0.621804,0.542774,0.453662,0.367639,0.504192,0.598839,0.805231,0.828202,0.786286,0.658538,0.498797,0.85078,0.40104,0.664905,0.723997,0.609536,0.515556,0.0506277,0.526127,0.670133,0.613598,0.398195,0.519134,0.359819,0.473646,0.801889,0.644408,0.506853,0.623654
0.687799,0.700507,0.720392,0.740718,0.70789,0.665668,0.325095,0.30117,0.48488,0.491444,0.560381,0.586538,0.578688,0.585406,0.43936,0.589949,0.587056,0.544587,0.439501,0.702784,0.653021,0.565969,0.752724,0.768329,0.609861,0.731693,0.680052,0.695803,0.285711,0.157658,0.242655,0.435142,0.395929,0.671707,0.321484,0.448956,0.191363,0.620916,0.771393,0.658815,0.654184,0.576208,0.733827,0.612598,0.774514,0.630523,0.752784,1,0.20237,0.409312,0.52142,0.463636,0.507913,0.755712,0.665668,0.542259,0.667965,0.676862,0.565829,0.462441,0.468138,0.586453,0.706179,0.751381,0.760924,0.583115,0.587601,0.761066,0.421034,0.573995,0.657849,0.687464,0.668029,0.144789,0.365399,0.6503,0.687454,0.339895,0.550881,0.432936,0.583354,0.812993,0.721629,0.55929,0.442709
0.490383,0.300736,0.441795,0.381285,0.421519,0.303366,0.63245,0.367311,0.183035,0.371849,0.339575,0.561023,0.409305,0.49175,0.426177,0.270394,0.464139,0.447977,0.32845,0.449571,0.449316,0.100577,0.411163,0.479785,0.344407,0.490973,0.460391,0.316166,0.40343,0.242476,0.159,0.250102,0.536651,0.484597,0.373128,0.165437,0.188011,0.344243,0.278868,0.316534,0.27642,0.586231,0.458983,0.283098,0.486323,0.182649,0.372438,0.20237,1,0.359965,0.307005,0.102067,0.255073,0.310391,0.303262,0.440978,0.194558,0.320217,0.402072,0.0215021,0.472217,0.511231,0.355595,0.398149,0.476746,0.324672,0.399204,0.432346,0.149427,0.213576,0.449936,0.290377,0.207714,0.181347,0.564782,0.383193,0.400978,0.550019,0.0491511,0.304913,0.121187,0.293987,0.13769,0.0448118,0.390327
0.550922,0.55459,0.502774,0.572208,0.411338,0.441172,0.412251,0.387105,0.247618,0.278743,0.611362,0.375915,0.388303,0.443128,0.349371,0.280839,0.432567,0.21236,0.195682,0.350882,0.372775,0.219497,0.321327,0.499789,0.251172,0.417647,0.489698,0.244473,0.417801,0.0984146,0.158235,0.234207,0.408417,0.422599,0.1793,0.158417,0.222245,0.288128,0.176057,0.376727,0.446429,0.466237,0.477041,0.354824,0.489658,0.41781,0.447606,0.409312,0.359965,1,0.148891,0.381811,0.44177,0.525999,0.473908,0.446386,0.559287,0.327756,0.495939,0.179821,0.452315,0.328932,0.265284,0.503972,0.533495,0.315744,0.51805,0.447631,0.253146,0.303983,0.374375,0.315717,0.213681,0.209625,0.497113,0.440769,0.431451,0.276414,0.302835,0.401938,0.177089,0.262047,0.207793,0.364936,0.479459
0.616893,0.424505,0.619723,0.550712,0.57294,0.678605,0.361519,0.441003,0.344159,0.639401,0.516122,0.62534,0.511966,0.445239,0.649232,0.389126,0.460155,0.481733,0.566964,0.5859,0.571013,0.482581,0.414577,0.686714,0.640705,0.704228,0.665814,0.552997,0.344002,0.500493,0.379021,0.312115,0.398698,0.617457,0.489141,0.443862,0.061747,0.698844,0.644502,0.644898,0.377411,0.562303,0.595562,0.442117,0.708757,0.510421,0.495205,0.52142,0.307005,0.148891,1,0.261496,0.373493,0.610776,0.67113,0.518272,0.535672,0.50869,0.611278,0.324899,0.225081,0.578605,0.525136,0.66243,0.567698,0.58426,0.567661,0.707021,0.219444,0.260775,0.538607,0.338206,0.481328,-0.168474,0.394921,0.503429,0.600646,0.366403,0.320555,0.31643,0.497662,0.610681,0.451695,0.396946,0.538962
0.424551,0.453014,0.483809,0.519857,0.467578,0.352265,0.234396,0.384438,0.162327,0.541517,0.590721,0.545855,0.413499,0.35581,0.258625,0.344385,0.457356,0.146708,0.369063,0.441838,0.428898,0.37437,0.447464,0.382192,0.0488782,0.372513,0.340507,0.201872,0.360053,-0.0406182,0.165562,-0.0133118,0.312181,0.380337,-0.0352272,0.0461913,0.137319,0.390734,0.30651,0.438739,0.350677,0.241201,0.563861,0.481819,0.448368,0.407393,0.433761,0.463636,0.102067,0.381811,0.261496,1,0.62714,0.484238,0.60568,0.41728,0.258434,0.486541,0.521505,0.388187,0.298236,0.187116,0.300677,0.415334,0.411406,0.153508,0.272594,0.452885,0.426377,0.469296,0.33211,0.482224,0.284588,0.0293073,0.0503087,0.394167,0.424166,0.247096,0.294817,0.225989,0.143388,0.344209,0.413511,0.477916,0.357299
0.703406,0.628485,0.71702,0.726255,0.621796,0.37882,0.47862,0.493471,0.131834,0.655413,0.692754,0.599048,0.645746,0.587659,0.399925,0.580971,0.689982,0.251409,0.360063,0.638639,0.637837,0.419081,0.480556,0.570117,0.254816,0.444462,0.550397,0.335765,0.494963,0.28375,0.257456,0.241519,0.544628,0.638254,0.360553,0.194598,0.175877,0.503265,0.42796,0.579319,0.51441,0.532315,0.745149,0.584804,0.707063,0.628549,0.438721,0.507913,0.255073,0.44177,0.373493,0.62714,1,0.664387,0.751919,0.589768,0.410917,0.660351,0.744191,0.419122,0.466008,0.433538,0.513371,0.591334,0.598653,0.50966,0.588875,0.596218,0.323854,0.40957,0.507159,0.495375,0.557383,0.331299,0.154151,0.558446,0.588796,0.575379,0.498201,0.268563,0.24182,0.459153,0.471826,0.563961,0.633509
