1,0.927673,0.9452,0.820214,0.792746,0.752094,0.463103,0.330386,0.522289,0.718829,0.812899,0.874717,0.919887,0.882416,0.68104,0.898395,0.86599,0.762878,0.8113,0.913387,0.888494,0.631051,0.768925,0.945554,0.468953,0.846156,0.892181,0.705106,0.617503,0.571059,0.414289,0.524383,0.37231,0.756876,0.426451,0.440037,-0.257963,0.688686,0.911338,0.816477,0.564333,0.840086,0.924743,0.883006,0.9359,0.811183,0.816758,0.793909,0.349853,0.689605,0.637189,0.648489,0.762669,0.837481,0.873868,0.892666,0.630095,0.919069,0.887659,0.45297,0.279377,0.682505,0.647404,0.901108,0.879369,0.502207,0.825034,0.935119,0.571561,0.860925,0.806062,0.774107,0.54685,0.566415,0.311208,0.677785,0.543588,0.532542,0.448328,0.561789,0.735703,0.911189,0.861704,0.112941,0.656163
0.927673,1,0.910573,0.810505,0.838054,0.731534,0.361946,0.311497,0.518304,0.723477,0.838554,0.851298,0.938121,0.836893,0.697779,0.881566,0.868725,0.676629,0.841753,0.881218,0.888217,0.546041,0.76283,0.917302,0.412794,0.786917,0.907708,0.752462,0.604085,0.450692,0.421132,0.530345,0.369535,0.7124,0.436291,0.454358,-0.245998,0.684211,0.89097,0.847376,0.594278,0.707745,0.895534,0.870781,0.894127,0.807494,0.820864,0.790899,0.361042,0.661998,0.612018,0.629316,0.802388,0.890535,0.863587,0.877805,0.580352,0.884588,0.846461,0.344482,0.192603,0.706312,0.6493,0.899984,0.89462,0.521981,0.824026,0.882367,0.598989,0.864634,0.837566,0.780526,0.514298,0.531153,0.267826,0.59127,0.520628,0.541594,0.316247,0.684877,0.705245,0.914843,0.808123,0.131738,0.676151
0.9452,0.910573,1,0.857628,0.811138,0.710682,0.377198,0.367394,0.507106,0.751232,0.871126,0.850133,0.934372,0.824098,0.657011,0.912968,0.821075,0.77223,0.819781,0.877234,0.884516,0.671242,0.733799,0.926601,0.497358,0.813912,0.846834,0.733802,0.638624,0.555623,0.456457,0.584519,0.322884,0.755384,0.499683,0.417815,-0.144755,0.784831,0.916394,0.864994,0.63977,0.818081,0.913255,0.827139,0.93674,0.825948,0.740936,0.718678,0.247791,0.661408,0.515198,0.698026,0.763423,0.846821,0.837577,0.818877,0.50899,0.911648,0.896821,0.465573,0.278246,0.622694,0.598834,0.86331,0.864966,0.558173,0.74734,0.904107,0.513515,0.820406,0.851643,0.691914,0.607464,0.613059,0.360856,0.719277,0.581176,0.540065,0.52762,0.659218,0.791791,0.877673,0.848526,0.153677,0.642666
0.820214,0.810505,0.857628,1,0.774393,0.670775,0.22882,0.246021,0.462834,0.795011,0.892182,0.768446,0.862958,0.670772,0.644758,0.78825,0.745865,0.691493,0.740902,0.808494,0.804138,0.642276,0.691909,0.867,0.498324,0.775552,0.730282,0.72222,0.617319,0.610701,0.351662,0.59684,0.285677,0.787222,0.477128,0.458872,-0.295836,0.641626,0.823175,0.772697,0.554506,0.690711,0.760448,0.652725,0.852376,0.77736,0.804067,0.594584,0.0831596,0.612548,0.543121,0.615715,0.821569,0.808032,0.777356,0.718652,0.556237,0.771018,0.799386,0.410727,0.311305,0.618592,0.494815,0.776159,0.735071,0.729374,0.701876,0.827685,0.597522,0.776343,0.829686,0.655129,0.502678,0.486772,0.395865,0.625235,0.580431,0.483794,0.268381,0.708262,0.716687,0.814869,0.706256,0.195751,0.561031
0.792746,0.838054,0.811138,0.774393,1,0.692689,0.30244,0.232785,0.578269,0.649597,0.822228,0.802641,0.850786,0.799109,0.784419,0.760304,0.798654,0.679684,0.756083,0.797652,0.740179,0.486394,0.68367,0.836519,0.389528,0.704171,0.800631,0.796598,0.611321,0.450883,0.53349,0.360667,0.41705,0.603966,0.515491,0.456261,-0.247606,0.551773,0.779394,0.702333,0.48565,0.674554,0.831347,0.767265,0.824004,0.821822,0.77044,0.648191,0.369901,0.545759,0.430935,0.814594,0.818723,0.797195,0.773775,0.79173,0.453686,0.723828,0.780107,0.349683,0.258526,0.628524,0.586637,0.751097,0.774951,0.562989,0.758107,0.826836,0.555516,0.726623,0.779134,0.678847,0.453835,0.582779,0.313439,0.617971,0.435884,0.569877,0.294154,0.579477,0.671307,0.821055,0.729898,0.0328121,0.624529
0.752094,0.731534,0.710682,0.670775,0.692689,1,0.430664,0.24711,0.610096,0.615722,0.745057,0.674726,0.743271,0.740066,0.819435,0.679517,0.630997,0.753188,0.736011,0.787719,0.812804,0.492121,0.746001,0.800847,0.344317,0.682953,0.758793,0.599728,0.382561,0.540541,0.464972,0.471736,0.441472,0.670983,0.410078,0.31535,-0.337147,0.464287,0.744483,0.658326,0.441482,0.633832,0.822638,0.727598,0.661682,0.783348,0.773393,0.698145,0.331535,0.711968,0.50105,0.531151,0.695273,0.759119,0.69763,0.806131,0.534191,0.702434,0.671047,0.55345,0.471237,0.664055,0.620821,0.767227,0.816686,0.474582,0.71845,0.729544,0.414141,0.729129,0.633073,0.650235,0.348017,0.419458,0.370383,0.586199,0.493369,0.440839,0.337729,0.479027,0.671048,0.720105,0.638428,0.0871202,0.447149
0.463103,0.361946,0.377198,0.22882,0.30244,0.430664,1,0.431901,0.3191,0.237617,0.219593,0.310933,0.329698,0.421563,0.453615,0.417305,0.342791,0.420912,0.258503,0.436963,0.386848,0.0734484,0.408688,0.462148,0.275655,0.222321,0.468718,0.0530819,0.457131,0.343554,0.352082,-0.0681208,0.0505606,0.25421,0.0723133,0.155724,0.0482153,0.243401,0.390629,0.305607,0.325914,0.473123,0.442512,0.550558,0.313219,0.410805,0.471153,0.590406,0.378488,0.409208,0.433293,0.290039,0.343119,0.301324,0.352948,0.50226,0.340128,0.500916,0.341057,0.228442,0.0717521,0.518928,0.400068,0.41112,0.438362,0.0218589,0.513188,0.48475,0.184472,0.385662,0.25188,0.394837,0.194393,0.130575,0.0507435,0.394443,0.45294,0.130397,0.251297,0.20209,0.358715,0.467157,0.531774,-0.116159,0.362806
0.330386,0.311497,0.367394,0.246021,0.232785,0.24711,0.431901,1,0.0866246,0.321615,0.314261,0.190878,0.309807,0.140225,0.298136,0.350852,0.252297,0.306409,0.28384,0.182272,0.277223,0.0491405,0.222654,0.291645,0.219639,0.255295,0.279324,0.209804,0.576203,0.0804803,0.435267,0.215835,0.302064,0.220815,0.222166,0.111235,0.189212,0.301801,0.344574,0.224664,0.371663,0.306234,0.258431,0.279597,0.206453,0.305505,0.217003,0.199381,0.168451,0.171422,0.170006,0.257967,0.268302,0.354976,0.273195,0.315687,0.0687235,0.390362,0.277543,-0.0148257,0.0749651,0.302963,0.296218,0.156018,0.305745,0.0120207,0.265638,0.347334,0.0360282,0.434259,0.234391,0.191963,0.330701,-0.0285966,0.293166,0.326516,0.437395,0.272303,0.361937,0.301861,0.417221,0.386557,0.367127,-0.0252495,0.240742
0.522289,0.518304,0.507106,0.462834,0.578269,0.610096,0.3191,0.0866246,1,0.522372,0.508374,0.441476,0.474942,0.573204,0.684409,0.384392,0.485493,0.645294,0.568245,0.591166,0.568118,0.297389,0.534909,0.589023,0.441424,0.509405,0.557211,0.310204,0.196883,0.455367,0.45188,0.233225,0.23317,0.549257,0.312722,0.348299,-0.338678,0.290101,0.593325,0.47952,0.327806,0.472441,0.587741,0.56772,0.542173,0.640838,0.469022,0.495875,0.238097,0.336531,0.326589,0.56241,0.628493,0.482044,0.568038,0.613609,0.349494,0.529304,0.624081,0.391467,0.456648,0.246716,0.470656,0.602577,0.514512,0.295454,0.583282,0.479557,0.318882,0.370252,0.487629,0.535499,0.0904203,0.199825,0.216146,0.576351,0.371277,0.439574,0.186597,0.369318,0.582753,0.575298,0.568544,0.152117,0.307147
0.718829,0.723477,0.751232,0.795011,0.649597,0.615722,0.237617,0.321615,0.522372,1,0.798942,0.589226,0.727791,0.52982,0.571231,0.655255,0.637292,0.58355,0.680899,0.718807,0.743582,0.572526,0.573191,0.748128,0.42614,0.676173,0.651714,0.548751,0.497419,0.57754,0.265006,0.574648,0.175917,0.652473,0.270724,0.282538,-0.288337,0.46517,0.735228,0.717851,0.554523,0.637896,0.670361,0.565357,0.712224,0.66969,0.654468,0.438859,0.156409,0.584454,0.421714,0.479522,0.72037,0.640532,0.666672,0.672549,0.481633,0.703516,0.688939,0.287482,0.267173,0.543335,0.543123,0.690239,0.648232,0.603054,0.725221,0.698452,0.445604,0.645632,0.730434,0.561455,0.253284,0.386959,0.419895,0.509731,0.6005,0.508027,0.27493,0.673424,0.568187,0.693772,0.60236,0.336601,0.517236
0.812899,0.838554,0.871126,0.892182,0.822228,0.745057,0.219593,0.314261,0.508374,0.798942,1,0.736769,0.869237,0.68691,0.766034,0.756732,0.743514,0.772822,0.798103,0.826395,0.851087,0.633188,0.712359,0.857986,0.489465,0.771697,0.780992,0.741952,0.552215,0.573451,0.466817,0.627109,0.302299,0.787313,0.52092,0.357875,-0.31533,0.605548,0.825947,0.786568,0.551106,0.704018,0.821999,0.67839,0.832251,0.837118,0.758825,0.591607,0.16053,0.590008,0.510042,0.650704,0.81674,0.814627,0.767604,0.729498,0.488413,0.772064,0.779172,0.468646,0.344406,0.639153,0.506091,0.802615,0.79737,0.660454,0.732311,0.819608,0.453153,0.762861,0.802061,0.665968,0.536922,0.587642,0.416394,0.613429,0.486444,0.475909,0.393664,0.767817,0.763146,0.81829,0.690571,0.101276,0.586036
0.874717,0.851298,0.850133,0.768446,0.802641,0.674726,0.310933,0.190878,0.441476,0.589226,0.736769,1,0.927493,0.832427,0.609978,0.823689,0.839195,0.644881,0.789697,0.84508,0.818019,0.605501,0.654695,0.873551,0.375269,0.822098,0.818687,0.712366,0.51303,0.456297,0.432901,0.533344,0.385213,0.715737,0.563415,0.557527,-0.283082,0.649382,0.840311,0.662817,0.468234,0.688902,0.844226,0.836642,0.827138,0.739193,0.797155,0.759116,0.321774,0.708193,0.558003,0.629671,0.735389,0.807473,0.813744,0.835874,0.541222,0.813068,0.803757,0.494857,0.246902,0.640328,0.697272,0.79467,0.836752,0.464466,0.684036,0.814368,0.572651,0.775837,0.763121,0.782674,0.590559,0.64187,0.158523,0.716983,0.532547,0.557215,0.304237,0.503298,0.701295,0.803647,0.722635,0.0992586,0.571791
0.919887,0.938121,0.934372,0.862958,0.850786,0.743271,0.329698,0.309807,0.474942,0.727791,0.869237,0.927493,1,0.826815,0.686421,0.888857,0.876712,0.72385,0.847985,0.882234,0.9004,0.625865,0.738521,0.936138,0.403599,0.852919,0.878601,0.798322,0.606042,0.488409,0.489582,0.583787,0.397195,0.779025,0.566302,0.517405,-0.264733,0.712132,0.902807,0.799824,0.579759,0.750116,0.911319,0.84748,0.893281,0.843904,0.858135,0.745182,0.270989,0.734173,0.592469,0.669112,0.819644,0.886262,0.864504,0.88225,0.534497,0.883224,0.861171,0.489516,0.251676,0.699946,0.680888,0.862119,0.892044,0.589269,0.777838,0.883333,0.610836,0.863776,0.866037,0.772752,0.60754,0.634773,0.316588,0.691097,0.586178,0.564947,0.375909,0.701076,0.738875,0.879784,0.782689,0.0934192,0.665495
0.882416,0.836893,0.824098,0.670772,0.799109,0.740066,0.421563,0.140225,0.573204,0.52982,0.68691,0.832427,0.826815,1,0.677938,0.779165,0.831765,0.715078,0.801412,0.894487,0.825639,0.554569,0.737992,0.877228,0.436726,0.744335,0.84194,0.682572,0.414207,0.482217,0.439938,0.370237,0.331588,0.650624,0.456249,0.340442,-0.23294,0.660829,0.84136,0.72961,0.452704,0.698411,0.920247,0.899117,0.85858,0.749444,0.768825,0.839485,0.383336,0.616417,0.573808,0.705878,0.719999,0.796033,0.856666,0.864994,0.590386,0.820876,0.829567,0.429723,0.316404,0.665496,0.651277,0.868835,0.825887,0.433873,0.74674,0.876044,0.527157,0.727662,0.727211,0.780922,0.445285,0.566514,0.316625,0.617335,0.445752,0.531037,0.405871,0.397711,0.643498,0.857172,0.770704,0.11922,0.557928
0.68104,0.697779,0.657011,0.644758,0.784419,0.819435,0.453615,0.298136,0.684409,0.571231,0.766034,0.609978,0.686421,0.677938,1,0.572245,0.573036,0.750081,0.636023,0.718192,0.709794,0.298109,0.715925,0.728894,0.306701,0.612988,0.720371,0.562938,0.529139,0.492478,0.640453,0.384347,0.424653,0.595925,0.35795,0.315751,-0.435942,0.312951,0.675944,0.574771,0.363717,0.645852,0.747352,0.655369,0.63414,0.813117,0.707865,0.60689,0.279721,0.48911,0.378256,0.666948,0.691028,0.646908,0.691773,0.735625,0.370293,0.636313,0.673051,0.401673,0.49425,0.566381,0.469768,0.689072,0.708749,0.396198,0.703645,0.670369,0.429137,0.64785,0.527023,0.603708,0.28474,0.439447,0.289962,0.54787,0.35157,0.402949,0.176949,0.50606,0.69071,0.701397,0.624832,0.00143678,0.472811
0.898395,0.881566,0.912968,0.78825,0.760304,0.679517,0.417305,0.350852,0.384392,0.655255,0.756732,0.823689,0.888857,0.779165,0.572245,1,0.819469,0.616016,0.755649,0.81429,0.798477,0.502272,0.640347,0.858724,0.363792,0.674624,0.815095,0.742217,0.646778,0.452416,0.302693,0.457922,0.424172,0.658352,0.475097,0.56512,-0.0813002,0.81,0.842019,0.780748,0.640483,0.760387,0.845237,0.826034,0.87954,0.732037,0.732021,0.734627,0.371721,0.651051,0.490398,0.629114,0.758434,0.853378,0.810567,0.796549,0.533822,0.87091,0.846397,0.439662,0.143613,0.635405,0.656005,0.79156,0.84856,0.495768,0.772286,0.853614,0.480992,0.838536,0.813373,0.61059,0.624006,0.495224,0.293731,0.706484,0.639213,0.471436,0.394279,0.610792,0.609694,0.806546,0.856803,0.0709776,0.649635
0.86599,0.868725,0.821075,0.745865,0.798654,0.630997,0.342791,0.252297,0.485493,0.637292,0.743514,0.839195,0.876712,0.831765,0.573036,0.819469,1,0.63141,0.745393,0.861933,0.856231,0.514569,0.69675,0.89302,0.475841,0.758337,0.841655,0.713294,0.463778,0.444109,0.37287,0.460207,0.303387,0.667502,0.566139,0.577527,-0.156873,0.664012,0.844656,0.71443,0.456458,0.747048,0.851655,0.887635,0.84463,0.747908,0.82338,0.8093,0.399804,0.611446,0.672503,0.610095,0.756302,0.832501,0.863274,0.880215,0.622912,0.84102,0.821959,0.478988,0.167787,0.676584,0.711838,0.870615,0.849535,0.552685,0.808573,0.875568,0.542617,0.763217,0.789746,0.787073,0.499262,0.474866,0.418361,0.611047,0.52948,0.572145,0.350222,0.583249,0.564208,0.860956,0.770588,-0.00686837,0.662313
0.762878,0.676629,0.77223,0.691493,0.679684,0.753188,0.420912,0.306409,0.645294,0.58355,0.772822,0.644881,0.72385,0.715078,0.750081,0.616016,0.63141,1,0.672112,0.744047,0.780491,0.621431,0.712493,0.812209,0.495338,0.749078,0.726273,0.476008,0.373794,0.586976,0.498049,0.497354,0.216748,0.67362,0.523308,0.359065,-0.32297,0.495734,0.756452,0.59245,0.410821,0.724391,0.785309,0.67935,0.695356,0.815614,0.633215,0.593301,-0.00387654,0.602536,0.461716,0.669418,0.675304,0.592833,0.664559,0.734437,0.344857,0.676938,0.702007,0.584764,0.45262,0.51456,0.455374,0.743362,0.691815,0.426554,0.675994,0.733776,0.341027,0.593185,0.689741,0.640388,0.470368,0.568174,0.45108,0.590481,0.394151,0.385479,0.544316,0.462017,0.795194,0.734773,0.739074,0.146345,0.509426
0.8113,0.841753,0.819781,0.740902,0.756083,0.736011,0.258503,0.28384,0.568245,0.680899,0.798103,0.789697,0.847985,0.801412,0.636023,0.755649,0.745393,0.672112,1,0.848352,0.871237,0.611176,0.653158,0.816397,0.482719,0.70952,0.781704,0.703529,0.404489,0.487527,0.393796,0.465578,0.358033,0.802903,0.58566,0.340653,-0.315132,0.692644,0.895407,0.743944,0.578819,0.606806,0.827827,0.747195,0.806391,0.799908,0.719503,0.691021,0.227664,0.662505,0.502357,0.589056,0.784801,0.864398,0.817065,0.807382,0.482934,0.814798,0.800009,0.387042,0.204984,0.610498,0.748664,0.80431,0.8314,0.485934,0.689331,0.789555,0.51032,0.753708,0.80139,0.750041,0.472505,0.501391,0.263586,0.642631,0.582055,0.637045,0.38978,0.640742,0.738222,0.868366,0.729185,0.149613,0.434452
0.913387,0.881218,0.877234,0.808494,0.797652,0.787719,0.436963,0.182272,0.591166,0.718807,0.826395,0.84508,0.882234,0.894487,0.718192,0.81429,0.861933,0.744047,0.848352,1,0.93043,0.622636,0.782425,0.945494,0.570742,0.801746,0.893581,0.674887,0.502134,0.689753,0.381413,0.537272,0.205325,0.775057,0.525085,0.432923,-0.25872,0.635438,0.932635,0.805164,0.534091,0.781214,0.898868,0.88507,0.872069,0.788674,0.85236,0.855127,0.30455,0.724258,0.655063,0.615437,0.779659,0.838951,0.862199,0.873528,0.635947,0.869957,0.832896,0.531137,0.264382,0.725646,0.704456,0.957587,0.861145,0.521191,0.818693,0.923376,0.556416,0.764825,0.816647,0.832105,0.440738,0.57028,0.350417,0.674243,0.511422,0.525378,0.357543,0.58645,0.710434,0.913297,0.777687,0.0841128,0.586031
0.888494,0.888217,0.884516,0.804138,0.740179,0.812804,0.386848,0.277223,0.568118,0.743582,0.851087,0.818019,0.9004,0.825639,0.709794,0.798477,0.856231,0.780491,0.871237,0.93043,1,0.628797,0.8272,0.932876,0.533292,0.8118,0.885362,0.670066,0.448544,0.569629,0.42682,0.61012,0.248281,0.814361,0.562299,0.369993,-0.306689,0.656265,0.924667,0.802768,0.554074,0.777509,0.901675,0.836398,0.83377,0.863719,0.823883,0.804666,0.230961,0.742929,0.614523,0.565154,0.734319,0.841855,0.860011,0.885407,0.555285,0.881377,0.830369,0.529355,0.289859,0.680996,0.719325,0.93339,0.919225,0.531995,0.797439,0.865414,0.553404,0.80053,0.827373,0.819606,0.474611,0.526148,0.398211,0.63471,0.549393,0.565716,0.371935,0.668561,0.755322,0.895079,0.766254,0.0933961,0.571859
0.631051,0.546041,0.671242,0.642276,0.486394,0.492121,0.0734484,0.0491405,0.297389,0.572526,0.633188,0.605501,0.625865,0.554569,0.298109,0.502272,0.514569,0.621431,0.611176,0.622636,0.628797,1,0.466458,0.642758,0.428022,0.708269,0.560546,0.395096,0.200916,0.569525,0.186723,0.496585,-0.043138,0.626674,0.443193,0.131156,-0.217926,0.508925,0.627099,0.615236,0.313639,0.499644,0.562835,0.471678,0.599097,0.494529,0.481566,0.370423,-0.124401,0.549274,0.44799,0.355046,0.493526,0.506351,0.456104,0.468382,0.382632,0.531383,0.555469,0.295959,0.10477,0.392332,0.384173,0.56822,0.516515,0.517491,0.411641,0.626406,0.386408,0.422146,0.625832,0.617124,0.328854,0.623489,0.273031,0.400558,0.396192,0.446381,0.521181,0.470983,0.638092,0.558499,0.461932,0.342391,0.42568
0.768925,0.76283,0.733799,0.691909,0.68367,0.746001,0.408688,0.222654,0.534909,0.573191,0.712359,0.654695,0.738521,0.737992,0.715925,0.640347,0.69675,0.712493,0.653158,0.782425,0.8272,0.466458,1,0.821371,0.42701,0.655482,0.771918,0.531566,0.485846,0.517604,0.433591,0.37219,0.198159,0.610683,0.459646,0.21974,-0.206027,0.491401,0.72861,0.70201,0.397927,0.631759,0.803786,0.728585,0.702638,0.795244,0.75892,0.757038,0.302207,0.66898,0.568219,0.54598,0.594893,0.670897,0.718158,0.781584,0.569625,0.712031,0.702062,0.433576,0.442629,0.504815,0.414557,0.815523,0.775007,0.475389,0.70825,0.745415,0.561801,0.660469,0.671682,0.656306,0.356042,0.411499,0.406737,0.518006,0.391802,0.384348,0.236832,0.525802,0.644982,0.757646,0.644466,-0.106046,0.536221
0.945554,0.917302,0.926601,0.867,0.836519,0.800847,0.462148,0.291645,0.589023,0.748128,0.857986,0.873551,0.936138,0.877228,0.728894,0.858724,0.89302,0.812209,0.816397,0.945494,0.932876,0.642758,0.821371,1,0.540213,0.866105,0.927566,0.702795,0.565779,0.650308,0.466455,0.543272,0.277455,0.785012,0.506932,0.488279,-0.240723,0.694928,0.917929,0.798748,0.567801,0.805824,0.936353,0.907627,0.904474,0.858205,0.877551,0.812658,0.294058,0.743253,0.670024,0.668102,0.812118,0.856339,0.887616,0.918245,0.629473,0.901485,0.877436,0.538907,0.30236,0.704315,0.665905,0.932091,0.89402,0.55952,0.83603,0.946854,0.565787,0.83538,0.874034,0.817141,0.53613,0.587394,0.42353,0.679443,0.561698,0.52227,0.418396,0.6338,0.751102,0.913375,0.810204,0.0832938,0.665895
0.468953,0.412794,0.497358,0.498324,0.389528,0.344317,0.275655,0.219639,0.441424,0.42614,0.489465,0.375269,0.403599,0.436726,0.306701,0.363792,0.475841,0.495338,0.482719,0.570742,0.533292,0.428022,0.42701,0.540213,1,0.429486,0.486007,0.243194,0.246614,0.511457,0.0565626,0.194453,-0.155663,0.516002,0.44921,0.174209,-0.041588,0.443185,0.567131,0.472572,0.208951,0.486502,0.417518,0.478138,0.505477,0.486796,0.399952,0.470408,0.0814514,0.316908,0.516507,0.233978,0.341181,0.430643,0.452553,0.412108,0.306608,0.456314,0.495206,0.23475,0.018547,0.326418,0.372739,0.541549,0.424479,0.277303,0.350814,0.54835,0.180851,0.397415,0.548403,0.512923,0.346286,0.0952216,0.251855,0.398465,0.218434,0.26764,0.356341,0.418521,0.511995,0.563447,0.485764,0.0580653,0.122452
0.846156,0.786917,0.813912,0.775552,0.704171,0.682953,0.222321,0.255295,0.509405,0.676173,0.771697,0.822098,0.852919,0.744335,0.612988,0.674624,0.758337,0.749078,0.70952,0.801746,0.8118,0.708269,0.655482,0.866105,0.429486,1,0.804913,0.657782,0.479617,0.552633,0.496508,0.677757,0.306698,0.773894,0.451203,0.393438,-0.399318,0.515356,0.806809,0.665186,0.429969,0.703717,0.785572,0.719997,0.784925,0.728776,0.734816,0.571652,0.124834,0.638857,0.576385,0.552751,0.673502,0.719682,0.741586,0.776573,0.480477,0.740096,0.747914,0.472028,0.290311,0.568162,0.569001,0.782889,0.742074,0.534137,0.656312,0.815114,0.568223,0.730934,0.752629,0.775369,0.452367,0.579925,0.353638,0.570758,0.405653,0.522571,0.362035,0.458001,0.743804,0.784482,0.623084,0.16881,0.57522
0.892181,0.907708,0.846834,0.730282,0.800631,0.758793,0.468718,0.279324,0.557211,0.651714,0.780992,0.818687,0.878601,0.84194,0.720371,0.815095,0.841655,0.726273,0.781704,0.893581,0.885362,0.560546,0.771918,0.927566,0.486007,0.804913,1,0.671554,0.515957,0.567733,0.455105,0.463528,0.228327,0.700304,0.414526,0.47295,-0.299038,0.612897,0.859975,0.753262,0.491347,0.759965,0.867945,0.913345,0.827502,0.798531,0.810901,0.782588,0.359181,0.684711,0.587386,0.587401,0.727002,0.795501,0.83072,0.887058,0.542479,0.832874,0.816417,0.371036,0.133795,0.705352,0.669607,0.882227,0.851166,0.437177,0.820873,0.896986,0.511377,0.795322,0.837209,0.869633,0.439817,0.518129,0.291201,0.560823,0.468526,0.51684,0.265757,0.593054,0.743252,0.879477,0.766444,0.0141489,0.612141
0.705106,0.752462,0.733802,0.72222,0.796598,0.599728,0.0530819,0.209804,0.310204,0.548751,0.741952,0.712366,0.798322,0.682572,0.562938,0.742217,0.713294,0.476008,0.703529,0.674887,0.670066,0.395096,0.531566,0.702795,0.243194,0.657782,0.671554,1,0.583985,0.218383,0.476837,0.46208,0.492329,0.627502,0.407472,0.346657,-0.255184,0.618454,0.697203,0.649261,0.423456,0.533565,0.738897,0.616105,0.781738,0.694932,0.66099,0.505786,0.328526,0.434538,0.367014,0.697297,0.695469,0.834158,0.714972,0.650009,0.392367,0.68372,0.700369,0.307621,0.214606,0.647841,0.560924,0.659248,0.738286,0.551715,0.615049,0.725637,0.491854,0.78095,0.763383,0.538835,0.525041,0.380955,0.225274,0.468615,0.328953,0.447489,0.240629,0.503332,0.529314,0.729284,0.573652,-0.00324055,0.44193
0.617503,0.604085,0.638624,0.617319,0.611321,0.382561,0.457131,0.576203,0.196883,0.497419,0.552215,0.51303,0.606042,0.414207,0.529139,0.646778,0.463778,0.373794,0.404489,0.502134,0.448544,0.200916,0.485846,0.565779,0.246614,0.479617,0.515957,0.583985,1,0.317241,0.486234,0.269334,0.339575,0.395299,0.231403,0.279641,-0.0370415,0.387404,0.536599,0.508998,0.542088,0.543923,0.511852,0.484928,0.592627,0.519263,0.511106,0.383071,0.310861,0.343907,0.360105,0.515549,0.492978,0.592672,0.500135,0.495064,0.285334,0.607416,0.539486,0.149247,0.154542,0.457905,0.294006,0.444535,0.527047,0.323028,0.551894,0.614738,0.496586,0.672191,0.518218,0.364352,0.47442,0.259048,0.16322,0.448273,0.386636,0.22577,0.182233,0.433209,0.508868,0.612879,0.547282,-0.0338871,0.523242
0.571059,0.450692,0.555623,0.610701,0.450883,0.540541,0.343554,0.0804803,0.455367,0.57754,0.573451,0.456297,0.488409,0.482217,0.492478,0.452416,0.444109,0.586976,0.487527,0.689753,0.569629,0.569525,0.517604,0.650308,0.511457,0.552633,0.567733,0.218383,0.317241,1,0.132244,0.300389,-0.126602,0.490687,0.358514,0.310856,-0.148862,0.352552,0.581596,0.470061,0.349687,0.595671,0.499593,0.52454,0.514367,0.470665,0.518582,0.451613,0.000991309,0.520015,0.411723,0.300108,0.501399,0.421764,0.468664,0.522197,0.343172,0.508763,0.504849,0.475447,0.207996,0.315896,0.401344,0.599859,0.452969,0.343424,0.561369,0.62632,0.311586,0.356665,0.534678,0.515015,0.20511,0.463974,0.458626,0.493673,0.353356,0.287193,0.341592,0.428016,0.54555,0.533059,0.497927,-0.0360886,0.429932
0.414289,0.421132,0.456457,0.351662,0.53349,0.464972,0.352082,0.435267,0.45188,0.265006,0.466817,0.432901,0.489582,0.439938,0.640453,0.302693,0.37287,0.498049,0.393796,0.381413,0.42682,0.186723,0.433591,0.466455,0.0565626,0.496508,0.455105,0.476837,0.486234,0.132244,1,0.305491,0.338975,0.378083,0.21931,0.147126,-0.21161,0.230451,0.420497,0.311474,0.283614,0.37884,0.555604,0.470696,0.421194,0.551409,0.415383,0.328262,0.260882,0.295143,0.249068,0.601882,0.444018,0.472123,0.425061,0.477212,0.163149,0.476849,0.459154,0.308913,0.413661,0.366036,0.273902,0.363186,0.473026,0.192819,0.372062,0.42486,0.221787,0.444423,0.351491,0.432291,0.284185,0.277217,0.18322,0.383098,0.254818,0.225334,0.241804,0.282686,0.614796,0.466344,0.307423,-0.00518752,0.3693
0.524383,0.530345,0.584519,0.59684,0.360667,0.471736,-0.0681208,0.215835,0.233225,0.574648,0.627109,0.533344,0.583787,0.370237,0.384347,0.457922,0.460207,0.497354,0.465578,0.537272,0.61012,0.496585,0.37219,0.543272,0.194453,0.677757,0.463528,0.46208,0.269334,0.300389,0.305491,1,0.226821,0.577345,0.29552,0.278541,-0.226537,0.332923,0.588578,0.543571,0.378046,0.491424,0.484825,0.367251,0.495956,0.407378,0.438138,0.325354,-0.134893,0.513601,0.25593,0.338417,0.455374,0.486508,0.473517,0.416267,0.330621,0.476717,0.46846,0.359694,0.278471,0.464434,0.310376,0.556945,0.455882,0.394517,0.353955,0.472596,0.300109,0.496455,0.4699,0.459113,0.287573,0.371951,0.250254,0.415848,0.293949,0.31389,0.168484,0.360516,0.548625,0.474755,0.306489,0.366603,0.323233
0.37231,0.369535,0.322884,0.285677,0.41705,0.441472,0.0505606,0.302064,0.23317,0.175917,0.302299,0.385213,0.397195,0.331588,0.424653,0.424172,0.303387,0.216748,0.358033,0.205325,0.248281,-0.043138,0.198159,0.277455,-0.155663,0.306698,0.228327,0.492329,0.339575,-0.126602,0.338975,0.226821,1,0.326698,0.174834,0.293094,-0.158915,0.199216,0.329177,0.224595,0.307844,0.292352,0.407211,0.260547,0.357857,0.389705,0.329497,0.199442,0.348472,0.178569,0.0546122,0.414496,0.367166,0.479129,0.431488,0.414783,0.263313,0.357738,0.366131,0.183052,0.399886,0.197716,0.277091,0.216117,0.388886,0.231708,0.265069,0.261877,0.246484,0.527549,0.17808,0.0894565,0.357229,0.125668,0.102383,0.418624,0.308261,0.336873,0.0884145,0.114283,0.188626,0.30294,0.317886,-0.027884,0.234778
0.756876,0.7124,0.755384,0.787222,0.603966,0.670983,0.25421,0.220815,0.549257,0.652473,0.787313,0.715737,0.779025,0.650624,0.595925,0.658352,0.667502,0.67362,0.802903,0.775057,0.814361,0.626674,0.610683,0.785012,0.516002,0.773894,0.700304,0.627502,0.395299,0.490687,0.378083,0.577345,0.326698,1,0.433035,0.366385,-0.41895,0.599718,0.841781,0.689293,0.421864,0.646619,0.716825,0.61303,0.748654,0.748575,0.70763,0.591906,0.1473,0.545371,0.576713,0.513399,0.711378,0.746402,0.775432,0.669541,0.585947,0.786757,0.779602,0.443063,0.355386,0.575125,0.571487,0.775454,0.729267,0.546268,0.551671,0.750991,0.522208,0.746237,0.700397,0.673635,0.445043,0.418775,0.213813,0.654233,0.573905,0.585609,0.286592,0.606523,0.689139,0.768182,0.636192,0.156335,0.367441
0.426451,0.436291,0.499683,0.477128,0.515491,0.410078,0.0723133,0.222166,0.312722,0.270724,0.52092,0.563415,0.566302,0.456249,0.35795,0.475097,0.566139,0.523308,0.58566,0.525085,0.562299,0.443193,0.459646,0.506932,0.44921,0.451203,0.414526,0.407472,0.231403,0.358514,0.21931,0.29552,0.174834,0.433035,1,0.421987,0.04175,0.484588,0.545021,0.361513,0.323721,0.383127,0.471174,0.447644,0.40865,0.540613,0.455621,0.45746,-0.0518309,0.513528,0.324496,0.409473,0.497791,0.535801,0.39701,0.484554,0.0832294,0.405454,0.402939,0.534697,0.0670381,0.248181,0.531466,0.459237,0.528132,0.40312,0.41522,0.457995,0.322469,0.347146,0.556388,0.446059,0.568981,0.455849,0.365751,0.58514,0.325047,0.382128,0.378341,0.445072,0.506611,0.513636,0.498749,-0.165091,0.419653
0.440037,0.454358,0.417815,0.458872,0.456261,0.31535,0.155724,0.111235,0.348299,0.282538,0.357875,0.557527,0.517405,0.340442,0.315751,0.56512,0.577527,0.359065,0.340653,0.432923,0.369993,0.131156,0.21974,0.488279,0.174209,0.393438,0.47295,0.346657,0.279641,0.310856,0.147126,0.278541,0.293094,0.366385,0.421987,1,-0.0979157,0.39309,0.486612,0.256622,0.218737,0.470905,0.380801,0.544539,0.428522,0.352499,0.437911,0.419202,0.181408,0.369825,0.281886,0.384581,0.560831,0.452684,0.499615,0.499462,0.281125,0.436509,0.499159,0.471663,0.0976561,0.291428,0.43002,0.411742,0.397427,0.247853,0.458807,0.406071,0.292678,0.395135,0.470784,0.38156,0.336663,0.226724,0.176344,0.52689,0.466205,0.318892,0.0122021,0.312653,0.301216,0.385062,0.523928,-0.0665699,0.3865
-0.257963,-0.245998,-0.144755,-0.295836,-0.247606,-0.337147,0.0482153,0.189212,-0.338678,-0.288337,-0.31533,-0.283082,-0.264733,-0.23294,-0.435942,-0.0813002,-0.156873,-0.32297,-0.315132,-0.25872,-0.306689,-0.217926,-0.206027,-0.240723,-0.041588,-0.399318,-0.299038,-0.255184,-0.0370415,-0.148862,-0.21161,-0.226537,-0.158915,-0.41895,0.04175,-0.0979157,1,0.109707,-0.208864,-0.087779,0.120678,-0.262572,-0.23237,-0.119057,-0.272852,-0.38969,-0.274747,-0.0637323,0.0107447,-0.15714,-0.218016,-0.163254,-0.245931,-0.163326,-0.290186,-0.272301,-0.118161,-0.147339,-0.298659,-0.122354,-0.232817,-0.191498,-0.22036,-0.238615,-0.238345,-0.18692,-0.285317,-0.158786,-0.335983,-0.295106,-0.189869,-0.380124,0.0613722,-0.121867,0.0916188,-0.0203679,0.0156224,-0.170214,0.245338,-0.177003,-0.338759,-0.224614,-0.165528,-0.245447,-0.0211502
0.688686,0.684211,0.784831,0.641626,0.551773,0.464287,0.243401,0.301801,0.290101,0.46517,0.605548,0.649382,0.712132,0.660829,0.312951,0.81,0.664012,0.495734,0.692644,0.635438,0.656265,0.508925,0.491401,0.694928,0.443185,0.515356,0.612897,0.618454,0.387404,0.352552,0.230451,0.332923,0.199216,0.599718,0.484588,0.39309,0.109707,1,0.723124,0.710531,0.451277,0.570001,0.703277,0.692541,0.750097,0.569135,0.498255,0.626188,0.203385,0.467768,0.37873,0.500385,0.623028,0.750306,0.711201,0.605771,0.371603,0.762506,0.781579,0.355523,0.100125,0.454621,0.533083,0.641369,0.715469,0.357264,0.443857,0.679289,0.260034,0.618384,0.718056,0.465122,0.568213,0.326997,0.299911,0.590013,0.596545,0.43933,0.538478,0.538424,0.54402,0.643654,0.704735,0.0448299,0.353328
0.911338,0.89097,0.916394,0.823175,0.779394,0.744483,0.390629,0.344574,0.593325,0.735228,0.825947,0.840311,0.902807,0.84136,0.675944,0.842019,0.844656,0.756452,0.895407,0.932635,0.924667,0.627099,0.72861,0.917929,0.567131,0.806809,0.859975,0.697203,0.536599,0.581596,0.420497,0.588578,0.329177,0.841781,0.545021,0.486612,-0.208864,0.723124,1,0.838793,0.555871,0.800323,0.877506,0.852118,0.865575,0.801722,0.788007,0.795005,0.255147,0.687987,0.562755,0.655997,0.802699,0.867199,0.887036,0.860448,0.575417,0.918869,0.882696,0.444686,0.289724,0.692653,0.725974,0.915278,0.857367,0.509879,0.732885,0.897979,0.55849,0.793903,0.83708,0.777737,0.461476,0.498434,0.34453,0.728579,0.65482,0.67119,0.400761,0.613527,0.772722,0.924445,0.827883,0.142076,0.520751
0.816477,0.847376,0.864994,0.772697,0.702333,0.658326,0.305607,0.224664,0.47952,0.717851,0.786568,0.662817,0.799824,0.72961,0.574771,0.780748,0.71443,0.59245,0.743944,0.805164,0.802768,0.615236,0.70201,0.798748,0.472572,0.665186,0.753262,0.649261,0.508998,0.470061,0.311474,0.543571,0.224595,0.689293,0.361513,0.256622,-0.087779,0.710531,0.838793,1,0.507215,0.698058,0.798981,0.731979,0.82986,0.672201,0.684922,0.699347,0.24005,0.58995,0.484137,0.57148,0.732957,0.794,0.743879,0.684544,0.534987,0.79581,0.792558,0.266956,0.196456,0.632355,0.51061,0.8311,0.781699,0.570491,0.643001,0.786022,0.526884,0.70357,0.744659,0.620754,0.371927,0.405645,0.287111,0.56835,0.550464,0.537513,0.388965,0.670591,0.664899,0.797923,0.739614,0.18396,0.522389
0.564333,0.594278,0.63977,0.554506,0.48565,0.441482,0.325914,0.371663,0.327806,0.554523,0.551106,0.468234,0.579759,0.452704,0.363717,0.640483,0.456458,0.410821,0.578819,0.534091,0.554074,0.313639,0.397927,0.567801,0.208951,0.429969,0.491347,0.423456,0.542088,0.349687,0.283614,0.378046,0.307844,0.421864,0.323721,0.218737,0.120678,0.451277,0.555871,0.507215,1,0.36742,0.553934,0.464307,0.569359,0.490843,0.458229,0.375766,0.10614,0.470696,0.26636,0.380442,0.518424,0.594095,0.495648,0.51058,0.287181,0.583313,0.47083,0.344865,0.0694894,0.354733,0.376792,0.48692,0.514001,0.371186,0.597705,0.551001,0.304126,0.550905,0.59351,0.411326,0.534262,0.442535,0.306524,0.539251,0.497113,0.179834,0.333303,0.51572,0.440195,0.615826,0.487346,0.138506,0.583269
0.840086,0.707745,0.818081,0.690711,0.674554,0.633832,0.473123,0.306234,0.472441,0.637896,0.704018,0.688902,0.750116,0.698411,0.645852,0.760387,0.747048,0.724391,0.606806,0.781214,0.777509,0.499644,0.631759,0.805824,0.486502,0.703717,0.759965,0.533565,0.543923,0.595671,0.37884,0.491424,0.292352,0.646619,0.383127,0.470905,-0.262572,0.570001,0.800323,0.698058,0.36742,1,0.787376,0.757762,0.799081,0.740847,0.635075,0.633525,0.248039,0.573018,0.440891,0.595323,0.594987,0.634623,0.772253,0.762158,0.424631,0.797319,0.823644,0.490752,0.288137,0.532746,0.557933,0.770474,0.74528,0.379834,0.691609,0.791363,0.437315,0.691121,0.649274,0.6053,0.402927,0.437336,0.396028,0.632547,0.482302,0.514142,0.408432,0.463003,0.670676,0.723475,0.805196,0.0127723,0.532459
0.924743,0.895534,0.913255,0.760448,0.831347,0.822638,0.442512,0.258431,0.587741,0.670361,0.821999,0.844226,0.911319,0.920247,0.747352,0.845237,0.851655,0.785309,0.827827,0.898868,0.901675,0.562835,0.803786,0.936353,0.417518,0.785572,0.867945,0.738897,0.511852,0.499593,0.555604,0.484825,0.407211,0.716825,0.471174,0.380801,-0.23237,0.703277,0.877506,0.798981,0.553934,0.787376,1,0.904956,0.909021,0.872996,0.821301,0.806651,0.390971,0.711845,0.601868,0.724663,0.78076,0.861327,0.886292,0.918899,0.600851,0.901432,0.877144,0.571315,0.40471,0.67198,0.635765,0.898224,0.915801,0.522559,0.797522,0.883389,0.485783,0.823573,0.796466,0.725041,0.556649,0.594532,0.402226,0.676838,0.525319,0.497768,0.492517,0.571491,0.714024,0.86334,0.796826,0.0682214,0.634615
0.883006,0.870781,0.827139,0.652725,0.767265,0.727598,0.550558,0.279597,0.56772,0.565357,0.67839,0.836642,0.84748,0.899117,0.655369,0.826034,0.887635,0.67935,0.747195,0.88507,0.836398,0.471678,0.728585,0.907627,0.478138,0.719997,0.913345,0.616105,0.484928,0.52454,0.470696,0.367251,0.260547,0.61303,0.447644,0.544539,-0.119057,0.692541,0.852118,0.731979,0.464307,0.757762,0.904956,1,0.82314,0.727014,0.787609,0.886919,0.486178,0.680255,0.641395,0.611611,0.737682,0.812806,0.857534,0.918178,0.598496,0.877763,0.833182,0.489674,0.223284,0.691761,0.702096,0.878243,0.870848,0.360195,0.794794,0.869568,0.450782,0.749711,0.760265,0.809899,0.472792,0.467747,0.324489,0.636603,0.547064,0.496051,0.385843,0.492622,0.650954,0.846507,0.797526,-0.000730694,0.610087
0.9359,0.894127,0.93674,0.852376,0.824004,0.661682,0.313219,0.206453,0.542173,0.712224,0.832251,0.827138,0.893281,0.85858,0.63414,0.87954,0.84463,0.695356,0.806391,0.872069,0.83377,0.599097,0.702638,0.904474,0.505477,0.784925,0.827502,0.781738,0.592627,0.514367,0.421194,0.495956,0.357857,0.748654,0.40865,0.428522,-0.272852,0.750097,0.865575,0.82986,0.569359,0.799081,0.909021,0.82314,1,0.809066,0.74412,0.706718,0.333217,0.590137,0.578586,0.704996,0.772921,0.850692,0.882279,0.816154,0.596782,0.88234,0.928988,0.438584,0.276783,0.59869,0.558952,0.859309,0.834668,0.562561,0.772953,0.887406,0.54972,0.83078,0.837771,0.70762,0.566203,0.515605,0.29682,0.652211,0.483611,0.4654,0.416889,0.612146,0.69959,0.867382,0.814431,0.144315,0.603188
0.811183,0.807494,0.825948,0.77736,0.821822,0.783348,0.410805,0.305505,0.640838,0.66969,0.837118,0.739193,0.843904,0.749444,0.813117,0.732037,0.747908,0.815614,0.799908,0.788674,0.863719,0.494529,0.795244,0.858205,0.486796,0.728776,0.798531,0.694932,0.519263,0.470665,0.551409,0.407378,0.389705,0.748575,0.540613,0.352499,-0.38969,0.569135,0.801722,0.672201,0.490843,0.740847,0.872996,0.727014,0.809066,1,0.786042,0.651686,0.219778,0.630497,0.525932,0.707322,0.738338,0.775645,0.793512,0.835409,0.429128,0.783518,0.806929,0.502727,0.355282,0.580692,0.61206,0.788914,0.845477,0.553442,0.768145,0.79389,0.523554,0.776289,0.773958,0.647992,0.510063,0.523533,0.349888,0.630678,0.458495,0.51366,0.384128,0.6771,0.757288,0.820609,0.767106,-0.0322241,0.556672
0.816758,0.820864,0.740936,0.804067,0.77044,0.773393,0.471153,0.217003,0.469022,0.654468,0.758825,0.797155,0.858135,0.768825,0.707865,0.732021,0.82338,0.633215,0.719503,0.85236,0.823883,0.481566,0.75892,0.877551,0.399952,0.734816,0.810901,0.66099,0.511106,0.518582,0.415383,0.438138,0.329497,0.70763,0.455621,0.437911,-0.274747,0.498255,0.788007,0.684922,0.458229,0.635075,0.821301,0.787609,0.74412,0.786042,1,0.799627,0.316581,0.739093,0.735265,0.530433,0.795669,0.792993,0.776715,0.853166,0.681176,0.759032,0.702496,0.439957,0.229118,0.800488,0.639554,0.82505,0.786664,0.616327,0.771797,0.850072,0.591039,0.795496,0.730884,0.748025,0.426592,0.502825,0.330629,0.574526,0.537775,0.465117,0.212067,0.623586,0.571552,0.831851,0.655778,0.0120037,0.60448
0.793909,0.790899,0.718678,0.594584,0.648191,0.698145,0.590406,0.199381,0.495875,0.438859,0.591607,0.759116,0.745182,0.839485,0.60689,0.734627,0.8093,0.593301,0.691021,0.855127,0.804666,0.370423,0.757038,0.812658,0.470408,0.571652,0.782588,0.505786,0.383071,0.451613,0.328262,0.325354,0.199442,0.591906,0.45746,0.419202,-0.0637323,0.626188,0.795005,0.699347,0.375766,0.633525,0.806651,0.886919,0.706718,0.651686,0.799627,1,0.476855,0.634111,0.660949,0.510918,0.659204,0.750422,0.774174,0.815,0.64526,0.78339,0.710072,0.444382,0.237833,0.716367,0.665615,0.875689,0.810858,0.307469,0.694973,0.782529,0.463782,0.672083,0.616229,0.74625,0.377344,0.351595,0.208404,0.626083,0.505327,0.454242,0.288696,0.457453,0.558567,0.808603,0.750263,-0.0592707,0.48317
0.349853,0.361042,0.247791,0.0831596,0.369901,0.331535,0.378488,0.168451,0.238097,0.156409,0.16053,0.321774,0.270989,0.383336,0.279721,0.371721,0.399804,-0.00387654,0.227664,0.30455,0.230961,-0.124401,0.302207,0.294058,0.0814514,0.124834,0.359181,0.328526,0.310861,0.000991309,0.260882,-0.134893,0.348472,0.1473,-0.0518309,0.181408,0.0107447,0.203385,0.255147,0.24005,0.10614,0.248039,0.390971,0.486178,0.333217,0.219778,0.316581,0.476855,1,0.193661,0.334621,0.247422,0.253367,0.37423,0.344996,0.404923,0.515573,0.397384,0.317059,0.0986321,0.202173,0.317874,0.320676,0.333817,0.409556,0.0916093,0.363553,0.338567,0.161036,0.419399,0.17154,0.262593,0.136994,-0.0724044,-0.0157273,0.318227,0.274161,0.220945,-0.0398494,0.0630516,0.0723999,0.299641,0.311506,-0.1746,0.260564
0.689605,0.661998,0.661408,0.612548,0.545759,0.711968,0.409208,0.171422,0.336531,0.584454,0.590008,0.708193,0.734173,0.616417,0.48911,0.651051,0.611446,0.602536,0.662505,0.724258,0.742929,0.549274,0.66898,0.743253,0.316908,0.638857,0.684711,0.434538,0.343907,0.520015,0.295143,0.513601,0.178569,0.545371,0.513528,0.369825,-0.15714,0.467768,0.687987,0.58995,0.470696,0.573018,0.711845,0.680255,0.590137,0.630497,0.739093,0.634111,0.193661,1,0.554299,0.346381,0.604639,0.600744,0.548058,0.726863,0.499649,0.634154,0.541429,0.537811,0.125848,0.60236,0.585134,0.684306,0.69154,0.449389,0.625302,0.656139,0.442697,0.608351,0.690212,0.622396,0.42508,0.501302,0.265258,0.542234,0.517769,0.273763,0.256304,0.45159,0.556053,0.619275,0.532748,0.119165,0.530114
0.637189,0.612018,0.515198,0.543121,0.430935,0.50105,0.433293,0.170006,0.326589,0.421714,0.510042,0.558003,0.592469,0.573808,0.378256,0.490398,0.672503,0.461716,0.502357,0.655063,0.614523,0.44799,0.568219,0.670024,0.516507,0.576385,0.587386,0.367014,0.360105,0.411723,0.249068,0.25593,0.0546122,0.576713,0.324496,0.281886,-0.218016,0.37873,0.562755,0.484137,0.26636,0.440891,0.601868,0.641395,0.578586,0.525932,0.735265,0.660949,0.334621,0.554299,1,0.225551,0.540878,0.593066,0.573335,0.612829,0.717153,0.607555,0.534297,0.417495,0.112881,0.579336,0.428573,0.666046,0.587951,0.3704,0.585815,0.650022,0.402783,0.648889,0.50874,0.63397,0.452878,0.283326,0.231112,0.387227,0.331454,0.155657,0.29001,0.492223,0.369222,0.624523,0.473278,0.0555093,0.522342
0.648489,0.629316,0.698026,0.615715,0.814594,0.531151,0.290039,0.257967,0.56241,0.479522,0.650704,0.629671,0.669112,0.705878,0.666948,0.629114,0.610095,0.669418,0.589056,0.615437,0.565154,0.355046,0.54598,0.668102,0.233978,0.552751,0.587401,0.697297,0.515549,0.300108,0.601882,0.338417,0.414496,0.513399,0.409473,0.384581,-0.163254,0.500385,0.655997,0.57148,0.380442,0.595323,0.724663,0.611611,0.704996,0.707322,0.530433,0.510918,0.247422,0.346381,0.225551,1,0.73652,0.636719,0.65057,0.591705,0.297442,0.601231,0.68934,0.335226,0.433921,0.487236,0.47343,0.608414,0.596207,0.388665,0.612734,0.663824,0.442033,0.582723,0.640796,0.444142,0.432301,0.469441,0.291965,0.660468,0.388506,0.51555,0.363503,0.390712,0.634658,0.67576,0.715561,0.0675096,0.537863
0.762669,0.802388,0.763423,0.821569,0.818723,0.695273,0.343119,0.268302,0.628493,0.72037,0.81674,0.735389,0.819644,0.719999,0.691028,0.758434,0.756302,0.675304,0.784801,0.779659,0.734319,0.493526,0.594893,0.812118,0.341181,0.673502,0.727002,0.695469,0.492978,0.501399,0.444018,0.455374,0.367166,0.711378,0.497791,0.560831,-0.245931,0.623028,0.802699,0.732957,0.518424,0.594987,0.78076,0.737682,0.772921,0.738338,0.795669,0.659204,0.253367,0.604639,0.540878,0.73652,1,0.820328,0.764143,0.759066,0.557525,0.755406,0.759173,0.421756,0.292848,0.683,0.646101,0.750257,0.737198,0.591709,0.770483,0.769165,0.504757,0.704149,0.77553,0.645905,0.437459,0.457917,0.318831,0.695871,0.67246,0.558176,0.288275,0.657323,0.649778,0.800189,0.750986,0.148445,0.60547
