1,0.606494,0.8212,0.701399,0.45466,0.561477,0.273282,0.553005,0.103915,0.349796,0.513013,0.365054,0.544194,0.569182,0.59376,0.477877,0.771525,0.116481,0.30167,0.358958,0.435947,0.316974,0.317213,0.530757,0.111343,0.493641,0.55865,0.481583,0.500548,0.182532,-0.0177057,0.442845,0.631759,0.47619,0.574354,0.258305,0.243272,0.585709,0.457488,0.599299,0.118538,0.515354,0.585348,0.483838,0.675398,0.462419,0.462927,0.143019,0.450269,0.593167,0.109133,0.461313,0.376931,0.452955,0.567775,0.660491,0.318557,0.327951,0.633417,0.332635,0.413512,0.280584,0.556971,0.412853,0.271917,0.226249,0.34611,0.379,0.0325099,0.135146,0.466123,0.35844,0.21019,0.444737,0.375649,0.436323,0.552692,0.568612,0.224592,-0.163525,0.46679,0.304709,0.463524,0.0292531,0.29182
0.606494,1,0.790848,0.745961,0.58295,0.721099,0.532663,0.535936,0.373668,0.610467,0.752131,0.648947,0.744703,0.879172,0.648698,0.873486,0.836026,0.327752,0.798248,0.806094,0.861975,0.631774,0.612896,0.817338,0.501711,0.509401,0.788355,0.592767,0.53463,0.410199,0.133816,0.636963,0.730642,0.746601,0.674862,0.201281,0.1619,0.50855,0.879174,0.824949,0.354635,0.696485,0.82363,0.931951,0.853331,0.656023,0.797947,0.565011,0.612626,0.719559,0.610877,0.602578,0.598875,0.720331,0.78586,0.893559,0.738291,0.832817,0.795135,0.670208,0.470083,0.565682,0.774713,0.856848,0.782813,0.612684,0.75099,0.803485,0.283071,0.536224,0.734077,0.532012,0.325554,0.637582,0.473266,0.646133,0.76948,0.685561,0.650261,-0.0305488,0.215775,0.824879,0.804284,0.116,0.564603
0.8212,0.790848,1,0.865312,0.739155,0.738788,0.460987,0.608388,0.334757,0.551496,0.7248,0.531584,0.668311,0.671005,0.637272,0.669184,0.785766,0.415008,0.630095,0.715739,0.71095,0.640734,0.591855,0.821038,0.388945,0.547355,0.795519,0.691458,0.621056,0.314877,0.145005,0.685773,0.787983,0.766269,0.770958,0.360353,0.298002,0.520239,0.738367,0.847657,0.49766,0.723568,0.810855,0.737134,0.933731,0.76429,0.741505,0.519496,0.568712,0.679186,0.433818,0.628609,0.564217,0.649681,0.716254,0.825387,0.560852,0.569524,0.809093,0.600004,0.571461,0.540686,0.762041,0.748179,0.648439,0.494328,0.630493,0.702323,0.125992,0.286085,0.758609,0.50118,0.49079,0.610073,0.620631,0.729888,0.798528,0.732332,0.538595,0.0193526,0.511888,0.651476,0.758813,0.13161,0.538357
0.701399,0.745961,0.865312,1,0.777612,0.680146,0.478176,0.61681,0.313063,0.734895,0.836426,0.506573,0.639156,0.593706,0.605941,0.61337,0.711155,0.409641,0.68095,0.735836,0.757845,0.6647,0.553265,0.840403,0.513502,0.505581,0.801834,0.700858,0.71062,0.451574,0.120807,0.715963,0.841512,0.714835,0.740737,0.327895,0.277568,0.453446,0.71283,0.804673,0.459477,0.821515,0.677307,0.666942,0.854036,0.705394,0.685013,0.432927,0.584471,0.642798,0.45577,0.771931,0.633384,0.664169,0.71356,0.692744,0.499757,0.590539,0.758928,0.672317,0.520851,0.494461,0.7644,0.764265,0.667808,0.564792,0.559538,0.712137,0.130964,0.241309,0.684497,0.46368,0.397881,0.647188,0.566943,0.772332,0.775376,0.724295,0.512177,-0.0208246,0.44697,0.66498,0.699679,0.0543585,0.575619
0.45466,0.58295,0.739155,0.777612,1,0.72204,0.607312,0.552397,0.319002,0.605861,0.703317,0.429071,0.518072,0.518246,0.41945,0.557674,0.511031,0.426426,0.638787,0.741839,0.693099,0.640543,0.612758,0.782085,0.547561,0.522558,0.728498,0.657389,0.691803,0.456239,0.251232,0.515665,0.747495,0.686836,0.674528,0.331369,0.283926,0.1807,0.724433,0.742571,0.512367,0.71242,0.619836,0.576075,0.77409,0.65185,0.637696,0.585668,0.600477,0.474387,0.378854,0.670913,0.598647,0.556258,0.556488,0.6788,0.487735,0.50522,0.633309,0.525893,0.598701,0.456041,0.739473,0.699943,0.702969,0.594782,0.593436,0.695673,0.222166,0.397745,0.764109,0.527064,0.512754,0.589102,0.612101,0.755267,0.736876,0.652746,0.530115,0.0802903,0.381836,0.679614,0.675723,0.113937,0.656482
0.561477,0.721099,0.738788,0.680146,0.72204,1,0.652435,0.611319,0.549611,0.50858,0.579477,0.43938,0.56823,0.709649,0.69962,0.664371,0.646307,0.559965,0.724583,0.678728,0.756443,0.547089,0.771341,0.844162,0.439297,0.597485,0.736757,0.634106,0.640223,0.18241,0.195627,0.502295,0.748978,0.705757,0.527267,0.382773,0.257813,0.481518,0.753344,0.724727,0.44184,0.698866,0.624183,0.655467,0.764264,0.589913,0.728403,0.531964,0.665139,0.640449,0.346893,0.562159,0.487984,0.605104,0.602454,0.815995,0.605892,0.570879,0.648582,0.491136,0.626455,0.526198,0.724283,0.709172,0.721529,0.608066,0.794517,0.742749,0.328624,0.398311,0.8158,0.53175,0.374077,0.673789,0.529986,0.659451,0.743946,0.626446,0.531792,-0.158386,0.487327,0.749801,0.690704,0.143153,0.704461
0.273282,0.532663,0.460987,0.478176,0.607312,0.652435,1,0.541143,0.476432,0.414141,0.458208,0.516689,0.56274,0.497264,0.357232,0.470682,0.431907,0.31069,0.606773,0.654516,0.639685,0.59112,0.647809,0.632732,0.54167,0.360973,0.557061,0.581557,0.478778,0.300952,0.0257591,0.200697,0.551574,0.601448,0.346658,0.256043,0.116313,0.272772,0.615324,0.573398,0.194052,0.555453,0.359285,0.496387,0.494817,0.414687,0.631037,0.619483,0.691267,0.464275,0.42961,0.425458,0.390862,0.529963,0.510604,0.585872,0.521274,0.409159,0.432191,0.2928,0.632513,0.527051,0.600766,0.546155,0.647826,0.609882,0.565917,0.670097,0.375573,0.444227,0.698129,0.476469,0.203016,0.708045,0.460318,0.504869,0.596494,0.417713,0.540045,0.0954118,0.395825,0.601252,0.614915,0.18091,0.640412
0.553005,0.535936,0.608388,0.61681,0.552397,0.611319,0.541143,1,0.154615,0.481053,0.50182,0.364869,0.472635,0.431951,0.367963,0.447171,0.451385,0.300978,0.437281,0.570748,0.657397,0.471003,0.434626,0.636725,0.43457,0.623245,0.703848,0.481951,0.560529,0.368316,0.107053,0.457915,0.713799,0.59647,0.488339,0.452964,0.160089,0.436326,0.565379,0.620451,0.282852,0.702683,0.485677,0.437765,0.623483,0.439193,0.572261,0.435871,0.594787,0.54231,0.32459,0.610522,0.419032,0.519387,0.5562,0.605988,0.500955,0.381264,0.65554,0.404252,0.280293,0.427496,0.738829,0.520259,0.578634,0.615073,0.517209,0.582592,0.122834,0.353687,0.651693,0.313904,0.314846,0.713288,0.689068,0.62816,0.54772,0.4557,0.396776,-0.0241955,0.420019,0.48574,0.639756,0.108903,0.555478
0.103915,0.373668,0.334757,0.313063,0.319002,0.549611,0.476432,0.154615,1,0.224338,0.306263,0.464234,0.484173,0.312174,0.458852,0.342656,0.370612,0.636148,0.5581,0.478876,0.533447,0.486647,0.659124,0.611299,0.493489,0.215971,0.352518,0.223859,0.281638,-0.120749,-0.0410347,0.155138,0.326818,0.359312,0.169727,0.145204,-0.0855062,0.278562,0.471996,0.354421,0.397898,0.301877,0.19131,0.349664,0.355406,0.39983,0.416575,0.432517,0.254803,0.248648,0.371675,0.328557,0.295635,0.437123,0.402077,0.361627,0.497078,0.325075,0.344188,0.258227,0.502047,0.35117,0.326857,0.526357,0.582435,0.530625,0.643428,0.600816,0.334705,0.340973,0.556577,0.337279,0.136825,0.459816,0.384454,0.421138,0.502256,0.276258,0.399557,0.0289918,0.460903,0.530514,0.445051,0.207665,0.594042
0.349796,0.610467,0.551496,0.734895,0.605861,0.50858,0.414141,0.481053,0.224338,1,0.815525,0.403953,0.504678,0.529459,0.390599,0.467364,0.445328,0.389396,0.665297,0.602941,0.63309,0.629606,0.417816,0.691375,0.582508,0.262569,0.789812,0.531188,0.593624,0.564273,0.084473,0.678524,0.765928,0.647768,0.631065,0.147484,0.340391,0.251814,0.666432,0.594946,0.469003,0.705205,0.525499,0.610215,0.632708,0.457401,0.54459,0.429974,0.53174,0.483808,0.415698,0.724906,0.700336,0.484705,0.546889,0.534619,0.422148,0.596325,0.670678,0.745453,0.344513,0.340872,0.651098,0.691771,0.612762,0.494627,0.440405,0.580215,-0.0410222,0.329883,0.550175,0.249121,0.30611,0.409029,0.353319,0.725128,0.721758,0.696156,0.436462,-0.0834941,0.251021,0.583614,0.59286,0.146945,0.407171
0.513013,0.752131,0.7248,0.836426,0.703317,0.579477,0.458208,0.50182,0.306263,0.815525,1,0.587346,0.669027,0.629386,0.465105,0.682701,0.619015,0.305298,0.754521,0.763482,0.778063,0.731291,0.506319,0.784405,0.63107,0.394202,0.81925,0.512879,0.627357,0.568038,0.135519,0.721496,0.751745,0.677232,0.724849,0.19182,0.187366,0.397586,0.748084,0.764101,0.443182,0.754019,0.670864,0.752127,0.794937,0.657169,0.639092,0.580536,0.510525,0.55487,0.543507,0.800871,0.804437,0.597889,0.708921,0.663207,0.618975,0.689219,0.743777,0.732217,0.474091,0.506939,0.77259,0.78868,0.73672,0.614618,0.513697,0.729764,0.103605,0.34369,0.654614,0.36821,0.316135,0.580724,0.507919,0.753325,0.764898,0.733741,0.437245,0.033315,0.28219,0.667383,0.664074,-0.00704727,0.44545
0.365054,0.648947,0.531584,0.506573,0.429071,0.43938,0.516689,0.364869,0.464234,0.403953,0.587346,1,0.878378,0.582004,0.191797,0.655448,0.718303,0.221284,0.584989,0.73154,0.725937,0.674295,0.389553,0.632688,0.441207,0.340113,0.560763,0.301635,0.383281,0.323449,-0.0929909,0.487328,0.572396,0.613254,0.36618,0.253318,0.0545631,0.374792,0.703714,0.619663,0.259323,0.485058,0.56558,0.686895,0.646315,0.391051,0.486567,0.455675,0.387047,0.498182,0.636382,0.404777,0.52349,0.74415,0.828056,0.613267,0.657837,0.630701,0.706281,0.529047,0.523151,0.621769,0.601474,0.730984,0.725882,0.706257,0.507031,0.751478,0.354845,0.493592,0.625572,0.361793,0.408004,0.718671,0.469569,0.634242,0.69285,0.485792,0.48995,-0.0128872,0.340731,0.664362,0.646211,0.259875,0.541534
0.544194,0.744703,0.668311,0.639156,0.518072,0.56823,0.56274,0.472635,0.484173,0.504678,0.669027,0.878378,1,0.663067,0.334035,0.708158,0.841915,0.343111,0.623568,0.71664,0.718134,0.688537,0.400919,0.689935,0.360837,0.375895,0.642246,0.360266,0.492394,0.448515,0.0293297,0.485671,0.706902,0.633629,0.510448,0.169392,0.0144456,0.480595,0.771212,0.704406,0.266878,0.542543,0.654567,0.742544,0.736974,0.44844,0.611706,0.431201,0.489571,0.560379,0.570753,0.53301,0.594744,0.83479,0.902174,0.727417,0.618114,0.69275,0.81054,0.502611,0.540972,0.560368,0.61125,0.759869,0.705575,0.721431,0.517957,0.721808,0.29592,0.426602,0.665196,0.308874,0.406635,0.706524,0.492707,0.647694,0.721745,0.610838,0.418158,-0.181168,0.497268,0.622027,0.624922,0.269281,0.571499
0.569182,0.879172,0.671005,0.593706,0.518246,0.709649,0.497264,0.431951,0.312174,0.529459,0.629386,0.582004,0.663067,1,0.524076,0.877776,0.810241,0.263059,0.693097,0.672559,0.712559,0.537645,0.54085,0.686816,0.409314,0.382312,0.653688,0.457497,0.42599,0.379801,-0.00948277,0.451646,0.601103,0.600403,0.520311,0.0863297,0.147355,0.477663,0.828704,0.754271,0.170479,0.545537,0.690637,0.856619,0.723715,0.573904,0.635136,0.413892,0.54455,0.659677,0.516085,0.548991,0.615139,0.582737,0.627977,0.903368,0.641706,0.838137,0.680394,0.573198,0.523389,0.412404,0.667414,0.682301,0.653466,0.521043,0.70754,0.613033,0.14322,0.448717,0.629134,0.469233,0.230767,0.502205,0.423256,0.504834,0.734974,0.648122,0.482272,-0.161478,0.170324,0.752957,0.704618,-0.044468,0.431458
0.59376,0.648698,0.637272,0.605941,0.41945,0.69962,0.357232,0.367963,0.458852,0.390599,0.465105,0.191797,0.334035,0.524076,1,0.43184,0.557043,0.359557,0.55584,0.424995,0.563836,0.393928,0.616536,0.657597,0.260725,0.492921,0.555388,0.517449,0.431726,-0.0164161,0.0318458,0.4436,0.538356,0.430163,0.435862,0.361851,0.251144,0.586508,0.47525,0.466027,0.30884,0.553418,0.463625,0.502598,0.56487,0.56815,0.569745,0.293715,0.420731,0.439597,0.212516,0.388027,0.241711,0.347951,0.406783,0.562383,0.430425,0.380243,0.483277,0.329957,0.376264,0.242404,0.552824,0.517774,0.464964,0.279375,0.555569,0.513216,0.107347,0.229664,0.483154,0.440656,0.0584975,0.442687,0.300225,0.426032,0.515935,0.492375,0.492675,-0.0590293,0.294792,0.530583,0.488962,-0.00274965,0.419009
0.477877,0.873486,0.669184,0.61337,0.557674,0.664371,0.470682,0.447171,0.342656,0.467364,0.682701,0.655448,0.708158,0.877776,0.43184,1,0.74341,0.243879,0.719487,0.788692,0.78862,0.583232,0.510588,0.716207,0.45798,0.412549,0.641325,0.372324,0.443986,0.46001,0.115492,0.553672,0.598906,0.645623,0.566103,0.0721636,0.0056169,0.484725,0.845028,0.823787,0.232584,0.565094,0.711251,0.872748,0.76967,0.618759,0.639476,0.508178,0.484449,0.544877,0.652656,0.525228,0.587706,0.611346,0.694687,0.841379,0.723577,0.914226,0.688072,0.557276,0.449452,0.594449,0.681361,0.761047,0.728471,0.599793,0.702908,0.712965,0.23969,0.506951,0.688194,0.483284,0.353974,0.565828,0.529922,0.583146,0.649016,0.544221,0.468278,-0.00521716,0.2041,0.756917,0.727528,-0.0479508,0.450156
0.771525,0.836026,0.785766,0.711155,0.511031,0.646307,0.431907,0.451385,0.370612,0.445328,0.619015,0.718303,0.841915,0.810241,0.557043,0.74341,1,0.282921,0.580849,0.632018,0.697029,0.553398,0.458726,0.687409,0.314907,0.446988,0.656424,0.501443,0.557761,0.328441,-0.0186018,0.474478,0.680926,0.557802,0.508081,0.129014,0.0947394,0.584332,0.743901,0.724403,0.214869,0.620806,0.75012,0.7771,0.775382,0.514112,0.629843,0.32466,0.516806,0.660513,0.398385,0.468159,0.487879,0.711415,0.796046,0.815767,0.520601,0.664226,0.790136,0.545817,0.547388,0.413953,0.620351,0.702477,0.578911,0.57195,0.598679,0.628577,0.264095,0.392228,0.621454,0.483921,0.325275,0.604864,0.369774,0.563697,0.719684,0.61843,0.472504,-0.216843,0.334565,0.65085,0.652843,0.203826,0.539974
0.116481,0.327752,0.415008,0.409641,0.426426,0.559965,0.31069,0.300978,0.636148,0.389396,0.305298,0.221284,0.343111,0.263059,0.359557,0.243879,0.282921,1,0.46937,0.387845,0.440776,0.409825,0.645896,0.618645,0.388395,0.242054,0.455055,0.432059,0.472967,0.0691665,0.236093,0.226505,0.4304,0.426392,0.280523,0.213067,-0.0432617,0.225905,0.479336,0.387144,0.628759,0.460321,0.380461,0.310598,0.464009,0.511842,0.537651,0.277814,0.306287,0.314489,0.238216,0.41917,0.283489,0.493344,0.370894,0.39638,0.291529,0.279624,0.468284,0.404831,0.325542,0.216612,0.372238,0.493502,0.538391,0.454516,0.632428,0.485843,0.190862,0.247282,0.582964,0.268866,0.45004,0.330738,0.43845,0.578377,0.481314,0.477854,0.331906,-0.0628362,0.440281,0.501002,0.502458,0.282486,0.630409
0.30167,0.798248,0.630095,0.68095,0.638787,0.724583,0.606773,0.437281,0.5581,0.665297,0.754521,0.584989,0.623568,0.693097,0.55584,0.719487,0.580849,0.46937,1,0.817453,0.859991,0.781136,0.705475,0.843929,0.712623,0.45478,0.736649,0.578188,0.429378,0.292065,0.0981911,0.591,0.677746,0.751927,0.618346,0.305111,0.204349,0.34255,0.837146,0.772864,0.454601,0.659872,0.622301,0.784963,0.733221,0.634579,0.722758,0.687693,0.629131,0.527933,0.622094,0.639241,0.701118,0.632337,0.656361,0.717708,0.730771,0.752916,0.687156,0.596786,0.610471,0.533034,0.739989,0.836211,0.846151,0.664883,0.752169,0.827678,0.270672,0.419879,0.751783,0.499879,0.355318,0.665904,0.515123,0.664823,0.783971,0.659503,0.628234,0.0556925,0.373305,0.818382,0.78148,0.130217,0.5927
0.358958,0.806094,0.715739,0.735836,0.741839,0.678728,0.654516,0.570748,0.478876,0.602941,0.763482,0.73154,0.71664,0.672559,0.424995,0.788692,0.632018,0.387845,0.817453,1,0.911852,0.783342,0.652426,0.856591,0.625848,0.542568,0.8294,0.590245,0.557639,0.439576,0.16736,0.64853,0.73032,0.800101,0.658739,0.347657,0.100809,0.439549,0.860933,0.876644,0.507177,0.762443,0.718498,0.799357,0.851874,0.71375,0.765414,0.732893,0.58845,0.516996,0.709471,0.686042,0.650788,0.69663,0.772229,0.75635,0.792065,0.746502,0.754972,0.695693,0.537117,0.70995,0.795423,0.91781,0.928865,0.782557,0.739384,0.905202,0.313734,0.560839,0.837201,0.507226,0.418059,0.760114,0.673093,0.769498,0.782622,0.616322,0.678317,0.0815731,0.284369,0.879423,0.834158,0.0920468,0.654068
0.435947,0.861975,0.71095,0.757845,0.693099,0.756443,0.639685,0.657397,0.533447,0.63309,0.778063,0.725937,0.718134,0.712559,0.563836,0.78862,0.697029,0.440776,0.859991,0.911852,1,0.739586,0.687745,0.908715,0.709461,0.647433,0.831247,0.59234,0.626082,0.390202,0.124612,0.647727,0.78265,0.80396,0.625855,0.377481,0.151822,0.450815,0.888635,0.81576,0.492328,0.809565,0.713068,0.824513,0.836902,0.656946,0.758527,0.682805,0.672523,0.608997,0.677186,0.692745,0.658021,0.730063,0.788987,0.799225,0.832236,0.761241,0.78794,0.699544,0.552709,0.6733,0.851785,0.912501,0.918076,0.822174,0.8021,0.935161,0.387297,0.608034,0.853244,0.57999,0.407806,0.820196,0.612227,0.781622,0.795377,0.618614,0.705815,0.0630424,0.284871,0.887608,0.866233,0.154533,0.741495
0.316974,0.631774,0.640734,0.6647,0.640543,0.547089,0.59112,0.471003,0.486647,0.629606,0.731291,0.674295,0.688537,0.537645,0.393928,0.583232,0.553398,0.409825,0.781136,0.783342,0.739586,1,0.51815,0.756764,0.660608,0.349002,0.71788,0.507333,0.447971,0.466531,0.0513495,0.566145,0.689015,0.660998,0.492609,0.333009,0.224835,0.438377,0.728653,0.740753,0.469102,0.672328,0.562141,0.645732,0.695937,0.638804,0.638764,0.647946,0.555056,0.45213,0.590768,0.569125,0.646427,0.644285,0.694374,0.588307,0.591106,0.597385,0.720562,0.536818,0.533847,0.496584,0.696154,0.758977,0.774699,0.641541,0.565218,0.718377,0.155562,0.386917,0.679693,0.36,0.394809,0.677834,0.585616,0.736855,0.768895,0.610563,0.544193,0.0395144,0.4661,0.669782,0.7151,0.149731,0.512491
0.317213,0.612896,0.591855,0.553265,0.612758,0.771341,0.647809,0.434626,0.659124,0.417816,0.506319,0.389553,0.400919,0.54085,0.616536,0.510588,0.458726,0.645896,0.705475,0.652426,0.687745,0.51815,1,0.793123,0.604374,0.380136,0.634826,0.64147,0.474416,0.0238015,0.193574,0.365789,0.528245,0.602762,0.424063,0.328143,0.0576171,0.343382,0.632223,0.603914,0.470655,0.610493,0.504608,0.558521,0.615714,0.691197,0.790682,0.61607,0.460266,0.555946,0.425737,0.491888,0.361341,0.487035,0.456927,0.622293,0.592543,0.424415,0.504287,0.491791,0.619218,0.409413,0.654255,0.650687,0.757772,0.530685,0.809424,0.746195,0.318981,0.497453,0.720363,0.588891,0.193985,0.594928,0.525732,0.627767,0.676438,0.560134,0.622452,0.1747,0.336736,0.77305,0.721723,0.137194,0.658885
0.530757,0.817338,0.821038,0.840403,0.782085,0.844162,0.632732,0.636725,0.611299,0.691375,0.784405,0.632688,0.689935,0.686816,0.657597,0.716207,0.687409,0.618645,0.843929,0.856591,0.908715,0.756764,0.793123,1,0.676043,0.571725,0.866787,0.683271,0.689295,0.313074,0.20216,0.685831,0.804905,0.799992,0.669772,0.404763,0.273649,0.458151,0.863574,0.828006,0.633342,0.809836,0.714515,0.781049,0.888527,0.766064,0.795104,0.674859,0.636981,0.660445,0.571264,0.732187,0.636531,0.755477,0.756714,0.800862,0.732568,0.695879,0.801354,0.691104,0.616541,0.597856,0.872432,0.910813,0.89722,0.727944,0.829868,0.915784,0.289411,0.465744,0.856038,0.595774,0.466064,0.764144,0.655015,0.872065,0.854313,0.722921,0.664671,0.0605002,0.481531,0.863604,0.856099,0.198347,0.735475
0.111343,0.501711,0.388945,0.513502,0.547561,0.439297,0.54167,0.43457,0.493489,0.582508,0.63107,0.441207,0.360837,0.409314,0.260725,0.45798,0.314907,0.388395,0.712623,0.625848,0.709461,0.660608,0.604374,0.676043,1,0.28257,0.61009,0.468088,0.465893,0.319053,0.0278946,0.36677,0.468055,0.537175,0.402078,0.172601,0.159799,0.141417,0.577933,0.534373,0.447534,0.634785,0.402142,0.532675,0.482601,0.507752,0.50659,0.714526,0.536149,0.400542,0.514836,0.536437,0.570483,0.385402,0.419107,0.456078,0.583068,0.457124,0.454475,0.531081,0.491524,0.361735,0.62008,0.616799,0.686975,0.562818,0.625707,0.695975,0.288094,0.523013,0.642945,0.479015,0.199349,0.533949,0.455142,0.594105,0.603551,0.39022,0.511387,0.305088,0.187275,0.620697,0.669579,0.140034,0.559184
0.493641,0.509401,0.547355,0.505581,0.522558,0.597485,0.360973,0.623245,0.215971,0.262569,0.394202,0.340113,0.375895,0.382312,0.492921,0.412549,0.446988,0.242054,0.45478,0.542568,0.647433,0.349002,0.380136,0.571725,0.28257,1,0.559741,0.445179,0.41523,0.183137,0.103564,0.370366,0.602276,0.580709,0.426082,0.518493,0.28521,0.391518,0.544651,0.502749,0.344963,0.594543,0.553471,0.447839,0.61706,0.497944,0.418516,0.292499,0.558433,0.240663,0.269929,0.448659,0.381173,0.462273,0.553337,0.588729,0.555007,0.336771,0.59739,0.25852,0.282629,0.488166,0.603661,0.479466,0.506439,0.516026,0.490194,0.568875,0.252532,0.381553,0.584589,0.403595,0.414733,0.610232,0.506163,0.473319,0.465785,0.329654,0.399884,-0.0598635,0.294823,0.461297,0.567784,0.060501,0.539408
0.55865,0.788355,0.795519,0.801834,0.728498,0.736757,0.557061,0.703848,0.352518,0.789812,0.81925,0.560763,0.642246,0.653688,0.555388,0.641325,0.656424,0.455055,0.736649,0.8294,0.831247,0.71788,0.634826,0.866787,0.61009,0.559741,1,0.682852,0.728544,0.503743,0.161206,0.704196,0.811935,0.784418,0.706558,0.401136,0.269959,0.549727,0.79717,0.827454,0.602586,0.871853,0.786093,0.768974,0.883612,0.666654,0.772161,0.674293,0.65367,0.652599,0.472004,0.747431,0.67262,0.631764,0.755515,0.759655,0.639521,0.61617,0.841386,0.804158,0.489363,0.539198,0.840655,0.849115,0.820847,0.677557,0.708749,0.815984,0.211391,0.49522,0.828616,0.471575,0.362633,0.651301,0.573434,0.803833,0.79734,0.703503,0.592546,-0.0201448,0.324548,0.797719,0.78618,0.238857,0.597615
0.481583,0.592767,0.691458,0.700858,0.657389,0.634106,0.581557,0.481951,0.223859,0.531188,0.512879,0.301635,0.360266,0.457497,0.517449,0.372324,0.501443,0.432059,0.578188,0.590245,0.59234,0.507333,0.64147,0.683271,0.468088,0.445179,0.682852,1,0.580151,0.242764,0.221095,0.45039,0.648021,0.684545,0.539558,0.337661,0.294121,0.273915,0.565009,0.612416,0.44027,0.69873,0.579318,0.538086,0.659862,0.577879,0.758258,0.487774,0.603987,0.589312,0.327681,0.47152,0.317699,0.475758,0.469277,0.603272,0.341255,0.277087,0.531192,0.495887,0.548715,0.432099,0.630136,0.58152,0.554721,0.344122,0.590705,0.61686,0.317995,0.294238,0.655603,0.597915,0.349229,0.574476,0.363251,0.587895,0.646205,0.55958,0.482089,0.0571402,0.270323,0.619936,0.708838,0.245184,0.579379
0.500548,0.53463,0.621056,0.71062,0.691803,0.640223,0.478778,0.560529,0.281638,0.593624,0.627357,0.383281,0.492394,0.42599,0.431726,0.443986,0.557761,0.472967,0.429378,0.557639,0.626082,0.447971,0.474416,0.689295,0.465893,0.41523,0.728544,0.580151,1,0.41595,0.245158,0.460889,0.673775,0.52726,0.461551,0.194559,0.220034,0.365411,0.546533,0.586867,0.465094,0.786827,0.550427,0.471987,0.666154,0.400266,0.567217,0.406475,0.511261,0.543443,0.181141,0.564687,0.402729,0.476629,0.529572,0.557903,0.334193,0.375287,0.544634,0.663051,0.385671,0.371865,0.653897,0.627392,0.541569,0.52768,0.512694,0.608951,0.300985,0.37759,0.716178,0.44609,0.440951,0.490779,0.371323,0.730558,0.544858,0.482591,0.420748,0.00792201,0.245483,0.571836,0.561409,0.24863,0.686754
0.182532,0.410199,0.314877,0.451574,0.456239,0.18241,0.300952,0.368316,-0.120749,0.564273,0.568038,0.323449,0.448515,0.379801,-0.0164161,0.46001,0.328441,0.0691665,0.292065,0.439576,0.390202,0.466531,0.0238015,0.313074,0.319053,0.183137,0.503743,0.242764,0.41595,1,0.11934,0.36069,0.469253,0.356221,0.378014,-0.101702,0.0851422,0.159856,0.491792,0.482242,0.180509,0.465048,0.490081,0.477621,0.436884,0.283974,0.335507,0.262194,0.359777,0.291203,0.415495,0.43146,0.552426,0.399448,0.478029,0.385044,0.183733,0.528966,0.50831,0.428164,0.0733911,0.273078,0.352061,0.4071,0.369375,0.406213,0.155131,0.29813,-0.00888057,0.33269,0.332201,0.0925954,0.228766,0.269122,0.280558,0.411561,0.346527,0.332723,0.199834,-0.0691043,0.0233201,0.323222,0.325545,-0.0195629,0.217137
-0.0177057,0.133816,0.145005,0.120807,0.251232,0.195627,0.0257591,0.107053,-0.0410347,0.084473,0.135519,-0.0929909,0.0293297,-0.00948277,0.0318458,0.115492,-0.0186018,0.236093,0.0981911,0.16736,0.124612,0.0513495,0.193574,0.20216,0.0278946,0.103564,0.161206,0.221095,0.245158,0.11934,1,0.199062,0.176681,0.0975115,0.090408,-0.152289,-0.0259169,-0.0235284,0.14536,0.11394,0.352138,0.154908,0.191521,0.128243,0.199869,0.156865,0.447123,0.208735,0.0258465,0.153951,0.025328,0.0899331,-0.0746577,0.229789,0.0650449,0.100936,0.176541,0.0714392,0.0406216,0.132466,0.00934053,0.0248564,0.138442,0.211854,0.209696,0.0593951,0.107757,0.188018,0.235041,0.199994,0.129157,0.0885087,0.261712,0.0564032,0.072009,0.269616,0.0083531,0.14493,0.0227997,-0.109053,-0.0092375,0.131613,0.106003,-0.00191827,0.174295
0.442845,0.636963,0.685773,0.715963,0.515665,0.502295,0.200697,0.457915,0.155138,0.678524,0.721496,0.487328,0.485671,0.451646,0.4436,0.553672,0.474478,0.226505,0.591,0.64853,0.647727,0.566145,0.365789,0.685831,0.36677,0.370366,0.704196,0.45039,0.460889,0.36069,0.199062,1,0.723357,0.680687,0.654562,0.354811,0.43617,0.320364,0.574371,0.648197,0.481594,0.662278,0.650272,0.65384,0.754081,0.530178,0.515225,0.444713,0.369748,0.551767,0.545674,0.486275,0.543339,0.504203,0.596935,0.545865,0.494056,0.599336,0.677284,0.674429,0.277159,0.574036,0.636118,0.749086,0.632916,0.428315,0.362289,0.6411,0.00219255,0.248531,0.518774,0.193792,0.442083,0.515387,0.425475,0.745821,0.681472,0.579791,0.51579,-0.00715995,0.29525,0.588135,0.561548,0.0298616,0.343528
0.631759,0.730642,0.787983,0.841512,0.747495,0.748978,0.551574,0.713799,0.326818,0.765928,0.751745,0.572396,0.706902,0.601103,0.538356,0.598906,0.680926,0.4304,0.677746,0.73032,0.78265,0.689015,0.528245,0.804905,0.468055,0.602276,0.811935,0.648021,0.673775,0.469253,0.176681,0.723357,1,0.827843,0.71723,0.356182,0.313124,0.446097,0.771141,0.773321,0.45685,0.79564,0.690421,0.67547,0.822327,0.530045,0.708173,0.461677,0.678068,0.61327,0.479784,0.665525,0.617794,0.697787,0.754864,0.753863,0.579479,0.598891,0.835765,0.632302,0.515059,0.566682,0.734921,0.789519,0.70492,0.625824,0.564748,0.729154,0.172824,0.473171,0.750754,0.367231,0.48795,0.732183,0.559588,0.809981,0.835207,0.735742,0.548203,-0.179146,0.489284,0.653766,0.712519,0.208967,0.633572
0.47619,0.746601,0.766269,0.714835,0.686836,0.705757,0.601448,0.59647,0.359312,0.647768,0.677232,0.613254,0.633629,0.600403,0.430163,0.645623,0.557802,0.426392,0.751927,0.800101,0.80396,0.660998,0.602762,0.799992,0.537175,0.580709,0.784418,0.684545,0.52726,0.356221,0.0975115,0.680687,0.827843,1,0.777447,0.499294,0.315434,0.342196,0.799216,0.801564,0.55204,0.686787,0.724904,0.74523,0.83803,0.604299,0.70474,0.653323,0.716612,0.605024,0.598097,0.627663,0.651594,0.667774,0.737319,0.784582,0.700906,0.603469,0.755951,0.645794,0.588005,0.768346,0.76995,0.822086,0.780846,0.595642,0.675663,0.82923,0.287715,0.477033,0.83792,0.489126,0.493004,0.702033,0.570295,0.733764,0.819827,0.67388,0.624258,0.0814002,0.448006,0.732606,0.818575,0.294611,0.600983
0.574354,0.674862,0.770958,0.740737,0.674528,0.527267,0.346658,0.488339,0.169727,0.631065,0.724849,0.36618,0.510448,0.520311,0.435862,0.566103,0.508081,0.280523,0.618346,0.658739,0.625855,0.492609,0.424063,0.669772,0.402078,0.426082,0.706558,0.539558,0.461551,0.378014,0.090408,0.654562,0.71723,0.777447,1,0.355347,0.220253,0.261988,0.646432,0.764571,0.438464,0.56685,0.695145,0.645186,0.78396,0.568519,0.564658,0.547192,0.54999,0.460489,0.452463,0.695425,0.690148,0.470966,0.585598,0.677209,0.53196,0.555256,0.696773,0.605306,0.412912,0.518768,0.630866,0.710797,0.588318,0.388364,0.453235,0.613798,0.0589419,0.283023,0.644215,0.321528,0.364962,0.435804,0.509417,0.593378,0.655296,0.714438,0.43605,0.103976,0.341462,0.528441,0.598936,0.0967811,0.359587
0.258305,0.201281,0.360353,0.327895,0.331369,0.382773,0.256043,0.452964,0.145204,0.147484,0.19182,0.253318,0.169392,0.0863297,0.361851,0.0721636,0.129014,0.213067,0.305111,0.347657,0.377481,0.333009,0.328143,0.404763,0.172601,0.518493,0.401136,0.337661,0.194559,-0.101702,-0.152289,0.354811,0.356182,0.499294,0.355347,1,0.363674,0.281661,0.222703,0.28093,0.309405,0.368382,0.269989,0.153109,0.387946,0.34188,0.208773,0.300901,0.371743,0.232965,0.153114,0.333175,0.288405,0.263812,0.358021,0.280225,0.344861,0.00720359,0.390894,0.221294,0.259972,0.340782,0.499256,0.333304,0.42943,0.342376,0.253775,0.424669,0.0808756,0.0270724,0.430612,0.0853909,0.175009,0.531136,0.428007,0.388877,0.376555,0.292973,0.318791,0.0492629,0.433494,0.346696,0.355761,0.0802666,0.362774
0.243272,0.1619,0.298002,0.277568,0.283926,0.257813,0.116313,0.160089,-0.0855062,0.340391,0.187366,0.0545631,0.0144456,0.147355,0.251144,0.0056169,0.0947394,-0.0432617,0.204349,0.100809,0.151822,0.224835,0.0576171,0.273649,0.159799,0.28521,0.269959,0.294121,0.220034,0.0851422,-0.0259169,0.43617,0.313124,0.315434,0.220253,0.363674,1,-0.0518412,0.17692,0.143987,0.210392,0.230337,0.242064,0.20038,0.264008,0.15369,0.0499053,0.23257,0.270945,0.30255,0.049729,0.103147,0.233455,0.108071,0.0908751,0.22929,0.0544492,0.107368,0.191606,0.19984,0.155724,0.0739975,0.281716,0.193555,0.129949,0.0304069,0.00888972,0.187922,-0.154684,-0.0729972,0.178534,-0.0444821,0.244189,0.183023,0.0320321,0.310858,0.340986,0.153581,0.340296,0.0149769,0.286,0.138565,0.184838,0.0237938,0.169742
0.585709,0.50855,0.520239,0.453446,0.1807,0.481518,0.272772,0.436326,0.278562,0.251814,0.397586,0.374792,0.480595,0.477663,0.586508,0.484725,0.584332,0.225905,0.34255,0.439549,0.450815,0.438377,0.343382,0.458151,0.141417,0.391518,0.549727,0.273915,0.365411,0.159856,-0.0235284,0.320364,0.446097,0.342196,0.261988,0.281661,-0.0518412,1,0.377921,0.523866,0.161368,0.526013,0.432975,0.434698,0.505488,0.477559,0.456841,0.235864,0.307594,0.310413,0.223354,0.322063,0.182533,0.319654,0.517646,0.47436,0.403264,0.358175,0.51268,0.335265,0.332018,0.281289,0.449635,0.410568,0.400826,0.328524,0.417437,0.394385,0.102356,0.245233,0.457292,0.220209,-0.027956,0.444811,0.366346,0.338883,0.363007,0.316167,0.220975,-0.195123,0.33764,0.367094,0.404544,0.00848634,0.211864
0.457488,0.879174,0.738367,0.71283,0.724433,0.753344,0.615324,0.565379,0.471996,0.666432,0.748084,0.703714,0.771212,0.828704,0.47525,0.845028,0.743901,0.479336,0.837146,0.860933,0.888635,0.728653,0.632223,0.863574,0.577933,0.544651,0.79717,0.565009,0.546533,0.491792,0.14536,0.574371,0.771141,0.799216,0.646432,0.222703,0.17692,0.377921,1,0.852135,0.466855,0.675318,0.748209,0.873481,0.843077,0.662718,0.758519,0.627645,0.6523,0.631535,0.617055,0.687543,0.709923,0.791144,0.788502,0.862344,0.740674,0.848963,0.832428,0.658337,0.553745,0.579216,0.772552,0.871243,0.854132,0.791517,0.803422,0.843293,0.30182,0.537303,0.810512,0.533047,0.461349,0.688343,0.560519,0.7419,0.819237,0.702307,0.624472,-0.0973272,0.328119,0.867305,0.839704,0.200264,0.659141
0.599299,0.824949,0.847657,0.804673,0.742571,0.724727,0.573398,0.620451,0.354421,0.594946,0.764101,0.619663,0.704406,0.754271,0.466027,0.823787,0.724403,0.387144,0.772864,0.876644,0.81576,0.740753,0.603914,0.828006,0.534373,0.502749,0.827454,0.612416,0.586867,0.482242,0.11394,0.648197,0.773321,0.801564,0.764571,0.28093,0.143987,0.523866,0.852135,1,0.425694,0.735945,0.788852,0.79696,0.907513,0.714778,0.761703,0.646002,0.645188,0.64366,0.583559,0.683374,0.686818,0.677076,0.752307,0.828263,0.673636,0.769787,0.807042,0.67402,0.562623,0.633113,0.756158,0.842016,0.781118,0.635192,0.71728,0.773736,0.205555,0.414845,0.820377,0.508861,0.439722,0.665441,0.661918,0.715937,0.778713,0.704682,0.573364,0.0202421,0.397879,0.777594,0.780836,0.0863403,0.515114
0.118538,0.354635,0.49766,0.459477,0.512367,0.44184,0.194052,0.282852,0.397898,0.469003,0.443182,0.259323,0.266878,0.170479,0.30884,0.232584,0.214869,0.628759,0.454601,0.507177,0.492328,0.469102,0.470655,0.633342,0.447534,0.344963,0.602586,0.44027,0.465094,0.180509,0.352138,0.481594,0.45685,0.55204,0.438464,0.309405,0.210392,0.161368,0.466855,0.425694,1,0.493419,0.551568,0.453448,0.596267,0.559117,0.480085,0.513877,0.373363,0.256414,0.246809,0.427301,0.330698,0.503449,0.462527,0.384923,0.390891,0.277823,0.495938,0.546948,0.257482,0.456013,0.463315,0.628253,0.564425,0.445128,0.580064,0.600102,0.283944,0.226237,0.54622,0.43726,0.493832,0.274972,0.334097,0.597663,0.4571,0.381797,0.425748,0.139493,0.233617,0.549716,0.510622,0.471846,0.47388
0.515354,0.696485,0.723568,0.821515,0.71242,0.698866,0.555453,0.702683,0.301877,0.705205,0.754019,0.485058,0.542543,0.545537,0.553418,0.565094,0.620806,0.460321,0.659872,0.762443,0.809565,0.672328,0.610493,0.809836,0.634785,0.594543,0.871853,0.69873,0.786827,0.465048,0.154908,0.662278,0.79564,0.686787,0.56685,0.368382,0.230337,0.526013,0.675318,0.735945,0.493419,1,0.697348,0.626502,0.794736,0.652081,0.700884,0.544059,0.660511,0.55619,0.444705,0.619916,0.526901,0.538806,0.648547,0.653709,0.539604,0.51831,0.735098,0.706477,0.448909,0.509938,0.793956,0.757285,0.731206,0.640365,0.609605,0.733454,0.171191,0.48218,0.746822,0.477388,0.39569,0.684028,0.541309,0.812694,0.741467,0.636883,0.645407,0.013015,0.258185,0.701772,0.736478,0.122784,0.653785
0.585348,0.82363,0.810855,0.677307,0.619836,0.624183,0.359285,0.485677,0.19131,0.525499,0.670864,0.56558,0.654567,0.690637,0.463625,0.711251,0.75012,0.380461,0.622301,0.718498,0.713068,0.562141,0.504608,0.714515,0.402142,0.553471,0.786093,0.579318,0.550427,0.490081,0.191521,0.650272,0.690421,0.724904,0.695145,0.269989,0.242064,0.432975,0.748209,0.788852,0.551568,0.697348,1,0.859786,0.902199,0.663235,0.708107,0.54706,0.605105,0.615372,0.486547,0.477553,0.568544,0.683053,0.791362,0.829722,0.571979,0.678107,0.852435,0.662839,0.374524,0.556863,0.661837,0.78972,0.685076,0.547222,0.636698,0.695504,0.252425,0.469837,0.709661,0.452864,0.511023,0.515763,0.440461,0.635148,0.691947,0.637944,0.580917,-0.00471476,0.225031,0.711915,0.693972,0.242878,0.518138
0.483838,0.931951,0.737134,0.666942,0.576075,0.655467,0.496387,0.437765,0.349664,0.610215,0.752127,0.686895,0.742544,0.856619,0.502598,0.872748,0.7771,0.310598,0.784963,0.799357,0.824513,0.645732,0.558521,0.781049,0.532675,0.447839,0.768974,0.538086,0.471987,0.477621,0.128243,0.65384,0.67547,0.74523,0.645186,0.153109,0.20038,0.434698,0.873481,0.79696,0.453448,0.626502,0.859786,1,0.8509,0.662282,0.733912,0.630581,0.587002,0.66111,0.67058,0.551166,0.63473,0.718532,0.798538,0.880885,0.721045,0.866556,0.789463,0.694033,0.506721,0.619697,0.710785,0.848235,0.795384,0.637633,0.735832,0.806652,0.33049,0.514068,0.723341,0.498954,0.387975,0.583367,0.428831,0.627854,0.748922,0.593892,0.584916,0.0208479,0.203485,0.835438,0.776823,0.193299,0.52573
0.675398,0.853331,0.933731,0.854036,0.77409,0.764264,0.494817,0.623483,0.355406,0.632708,0.794937,0.646315,0.736974,0.723715,0.56487,0.76967,0.775382,0.464009,0.733221,0.851874,0.836902,0.695937,0.615714,0.888527,0.482601,0.61706,0.883612,0.659862,0.666154,0.436884,0.199869,0.754081,0.822327,0.83803,0.78396,0.387946,0.264008,0.505488,0.843077,0.907513,0.596267,0.794736,0.902199,0.8509,1,0.778423,0.779436,0.611112,0.632971,0.675653,0.574418,0.691553,0.672458,0.743362,0.831822,0.867189,0.701021,0.720718,0.889225,0.730324,0.54884,0.65435,0.819299,0.883618,0.808838,0.643847,0.714066,0.828197,0.219612,0.428981,0.830538,0.516056,0.550963,0.672504,0.642431,0.807638,0.825435,0.751295,0.605049,0.0162958,0.413174,0.795957,0.80147,0.166329,0.598426
0.462419,0.656023,0.76429,0.705394,0.65185,0.589913,0.414687,0.439193,0.39983,0.457401,0.657169,0.391051,0.44844,0.573904,0.56815,0.618759,0.514112,0.511842,0.634579,0.71375,0.656946,0.638804,0.691197,0.766064,0.507752,0.497944,0.666654,0.577879,0.400266,0.283974,0.156865,0.530178,0.530045,0.604299,0.568519,0.34188,0.15369,0.477559,0.662718,0.714778,0.559117,0.652081,0.663235,0.662282,0.778423,1,0.689544,0.536749,0.400355,0.404642,0.558573,0.608294,0.506717,0.508661,0.562066,0.667694,0.577716,0.557901,0.639327,0.496845,0.472516,0.491234,0.694801,0.650244,0.708953,0.490134,0.663094,0.67031,0.0756151,0.276335,0.637795,0.470815,0.335468,0.494561,0.67757,0.65217,0.647057,0.570964,0.504803,0.224906,0.323886,0.676229,0.735661,-0.0951476,0.445989
0.462927,0.797947,0.741505,0.685013,0.637696,0.728403,0.631037,0.572261,0.416575,0.54459,0.639092,0.486567,0.611706,0.635136,0.569745,0.639476,0.629843,0.537651,0.722758,0.765414,0.758527,0.638764,0.790682,0.795104,0.50659,0.418516,0.772161,0.758258,0.567217,0.335507,0.447123,0.515225,0.708173,0.70474,0.564658,0.208773,0.0499053,0.456841,0.758519,0.761703,0.480085,0.700884,0.708107,0.733912,0.779436,0.689544,1,0.649772,0.55083,0.694009,0.531093,0.565077,0.41925,0.674494,0.656516,0.742447,0.649341,0.568569,0.680817,0.614065,0.547277,0.474836,0.705055,0.771174,0.790777,0.569654,0.73235,0.777768,0.352192,0.544916,0.759723,0.513316,0.327281,0.645015,0.540413,0.682905,0.690463,0.661548,0.602523,0.0170495,0.282428,0.77958,0.779932,0.17289,0.62329
0.143019,0.565011,0.519496,0.432927,0.585668,0.531964,0.619483,0.435871,0.432517,0.429974,0.580536,0.455675,0.431201,0.413892,0.293715,0.508178,0.32466,0.277814,0.687693,0.732893,0.682805,0.647946,0.61607,0.674859,0.714526,0.292499,0.674293,0.487774,0.406475,0.262194,0.208735,0.444713,0.461677,0.653323,0.547192,0.300901,0.23257,0.235864,0.627645,0.646002,0.513877,0.544059,0.54706,0.630581,0.611112,0.536749,0.649772,1,0.538038,0.469731,0.518372,0.455212,0.488831,0.421293,0.477416,0.531447,0.651844,0.465229,0.473327,0.546627,0.530565,0.517568,0.621487,0.70451,0.763981,0.595887,0.621446,0.77102,0.378749,0.482019,0.722083,0.405367,0.184334,0.56489,0.434902,0.553744,0.566824,0.367256,0.608349,0.307416,0.232007,0.671939,0.625198,0.261463,0.49919
0.450269,0.612626,0.568712,0.584471,0.600477,0.665139,0.691267,0.594787,0.254803,0.53174,0.510525,0.387047,0.489571,0.54455,0.420731,0.484449,0.516806,0.306287,0.629131,0.58845,0.672523,0.555056,0.460266,0.636981,0.536149,0.558433,0.65367,0.603987,0.511261,0.359777,0.0258465,0.369748,0.678068,0.716612,0.54999,0.371743,0.270945,0.307594,0.6523,0.645188,0.373363,0.660511,0.605105,0.587002,0.632971,0.400355,0.55083,0.538038,1,0.535266,0.242865,0.489483,0.55872,0.59039,0.624694,0.665947,0.503789,0.454454,0.614399,0.409289,0.500628,0.51773,0.618653,0.611581,0.559992,0.56104,0.574637,0.600104,0.384833,0.361683,0.664556,0.494679,0.290162,0.589604,0.272393,0.452257,0.603429,0.533365,0.489079,-0.125397,0.336481,0.563657,0.562341,0.292957,0.533313
0.593167,0.719559,0.679186,0.642798,0.474387,0.640449,0.464275,0.54231,0.248648,0.483808,0.55487,0.498182,0.560379,0.659677,0.439597,0.544877,0.660513,0.314489,0.527933,0.516996,0.608997,0.45213,0.555946,0.660445,0.400542,0.240663,0.652599,0.589312,0.543443,0.291203,0.153951,0.551767,0.61327,0.605024,0.460489,0.232965,0.30255,0.310413,0.631535,0.64366,0.256414,0.55619,0.615372,0.66111,0.675653,0.404642,0.694009,0.469731,0.535266,1,0.378113,0.49321,0.471911,0.646167,0.606115,0.683743,0.46636,0.494913,0.589731,0.611131,0.4983,0.36124,0.615321,0.620674,0.581781,0.45677,0.571234,0.622121,0.306025,0.342313,0.597632,0.360432,0.16765,0.565417,0.296347,0.552839,0.682939,0.586448,0.504019,-0.1199,0.296503,0.655359,0.571008,0.173415,0.507731
0.109133,0.610877,0.433818,0.45577,0.378854,0.346893,0.42961,0.32459,0.371675,0.415698,0.543507,0.636382,0.570753,0.516085,0.212516,0.652656,0.398385,0.238216,0.622094,0.709471,0.677186,0.590768,0.425737,0.571264,0.514836,0.269929,0.472004,0.327681,0.181141,0.415495,0.025328,0.545674,0.479784,0.598097,0.452463,0.153114,0.049729,0.223354,0.617055,0.583559,0.246809,0.444705,0.486547,0.67058,0.574418,0.558573,0.531093,0.518372,0.242865,0.378113,1,0.436145,0.51893,0.457092,0.550889,0.532954,0.71383,0.704957,0.540003,0.485163,0.398127,0.591193,0.476976,0.652067,0.719281,0.508501,0.470528,0.670085,0.106077,0.519757,0.518452,0.221807,0.24454,0.584617,0.562956,0.553409,0.575359,0.383869,0.518543,0.219352,0.14908,0.622087,0.612304,-0.108152,0.382911
0.461313,0.602578,0.628609,0.771931,0.670913,0.562159,0.425458,0.610522,0.328557,0.724906,0.800871,0.404777,0.53301,0.548991,0.388027,0.525228,0.468159,0.41917,0.639241,0.686042,0.692745,0.569125,0.491888,0.732187,0.536437,0.448659,0.747431,0.47152,0.564687,0.43146,0.0899331,0.486275,0.665525,0.627663,0.695425,0.333175,0.103147,0.322063,0.687543,0.683374,0.427301,0.619916,0.477553,0.551166,0.691553,0.608294,0.565077,0.455212,0.489483,0.49321,0.436145,1,0.811181,0.556765,0.593988,0.601493,0.605807,0.548565,0.656131,0.652311,0.454879,0.34577,0.715447,0.668533,0.67832,0.622588,0.543514,0.63698,0.0374889,0.22292,0.628076,0.293322,0.190589,0.547494,0.616422,0.635561,0.66399,0.690893,0.294247,-0.083708,0.350058,0.608842,0.614203,-0.0707228,0.472651
0.376931,0.598875,0.564217,0.633384,0.598647,0.487984,0.390862,0.419032,0.295635,0.700336,0.804437,0.52349,0.594744,0.615139,0.241711,0.587706,0.487879,0.283489,0.701118,0.650788,0.658021,0.646427,0.361341,0.636531,0.570483,0.381173,0.67262,0.317699,0.402729,0.552426,-0.0746577,0.543339,0.617794,0.651594,0.690148,0.288405,0.233455,0.182533,0.709923,0.686818,0.330698,0.526901,0.568544,0.63473,0.672458,0.506717,0.41925,0.488831,0.55872,0.471911,0.51893,0.811181,1,0.534772,0.633531,0.625785,0.594265,0.652045,0.700465,0.619082,0.454265,0.410946,0.623979,0.667672,0.64906,0.589456,0.433064,0.582401,-0.0118324,0.266964,0.579476,0.17951,0.248015,0.483301,0.485707,0.56861,0.721415,0.688959,0.312531,-0.093158,0.334392,0.568995,0.541388,-0.103411,0.363206
