1,0.937301,0.977753,0.942613,0.895975,0.905856,0.812843,0.88108,0.841959,0.821774,0.891113,0.892731,0.923942,0.858849,0.786802,0.874721,0.909531,0.860101,0.857069,0.916562,0.915013,0.824935,0.861162,0.916288,0.835934,0.796638,0.937797,0.928345,0.774753,0.608085,0.506119,0.700785,0.868087,0.897399,0.804848,0.669285,0.596249,0.885016,0.940812,0.92833,0.798609,0.843254,0.967877,0.811896,0.962194,0.924599,0.909302,0.85583,0.88356,0.883731,0.809567,0.869379,0.927175,0.844138,0.910779,0.82087,0.71865,0.867423,0.948481,0.799093,0.673643,0.697791,0.879048,0.911315,0.903199,0.843315,0.818832,0.926439,0.645995,0.855537,0.899654,0.899774,0.582351,0.40166,0.846583,0.869307,0.822352,0.808651,0.63824,0.616891,0.833226,0.935754,0.911653,0.706132,0.802046
0.937301,1,0.891952,0.88478,0.848481,0.906622,0.77346,0.890103,0.805906,0.811447,0.839494,0.814314,0.893454,0.934316,0.768386,0.944074,0.890668,0.814521,0.778521,0.844686,0.859405,0.808382,0.79969,0.804488,0.786563,0.688658,0.862609,0.907458,0.71991,0.567482,0.459428,0.669086,0.838714,0.824596,0.732946,0.586957,0.542399,0.82451,0.87973,0.88587,0.729353,0.762942,0.94228,0.926664,0.891211,0.888528,0.873329,0.864582,0.819836,0.873804,0.745049,0.823795,0.87698,0.802698,0.882243,0.915644,0.748643,0.939543,0.903386,0.742574,0.648347,0.638793,0.827875,0.836778,0.854225,0.842618,0.751499,0.855866,0.591096,0.767817,0.801686,0.840163,0.527184,0.39633,0.856851,0.812744,0.826376,0.766721,0.539392,0.58765,0.744257,0.888509,0.866232,0.624334,0.732081
0.977753,0.891952,1,0.93705,0.874685,0.861442,0.765639,0.845557,0.819576,0.814112,0.890183,0.897868,0.899962,0.787695,0.738068,0.824778,0.897692,0.824614,0.839938,0.930368,0.921403,0.788092,0.861395,0.924775,0.844024,0.856827,0.951831,0.905654,0.734519,0.568175,0.518992,0.710434,0.844919,0.916717,0.827812,0.654241,0.603259,0.867381,0.956388,0.931633,0.784926,0.856313,0.922146,0.737516,0.958216,0.90152,0.860979,0.804458,0.86255,0.879164,0.772338,0.866649,0.909279,0.783553,0.876454,0.764528,0.625325,0.82443,0.921587,0.791695,0.623907,0.64781,0.915969,0.941546,0.922796,0.815205,0.809864,0.905664,0.683212,0.845147,0.914156,0.885541,0.573657,0.425065,0.805899,0.869989,0.826799,0.835555,0.643322,0.602446,0.850175,0.944434,0.920293,0.757596,0.801092
0.942613,0.88478,0.93705,1,0.91269,0.863708,0.718166,0.838918,0.830587,0.859504,0.926383,0.877175,0.929208,0.820702,0.708431,0.807225,0.893359,0.816719,0.832508,0.900784,0.897005,0.737737,0.855021,0.903386,0.849359,0.76482,0.904482,0.889378,0.700277,0.514566,0.477372,0.695166,0.864923,0.856827,0.768518,0.603856,0.604448,0.805611,0.917872,0.903145,0.795889,0.843132,0.916603,0.740409,0.933298,0.92416,0.902422,0.833629,0.80458,0.826612,0.775446,0.852848,0.912025,0.826199,0.925489,0.775523,0.681852,0.804287,0.917731,0.784181,0.617374,0.705592,0.876331,0.898341,0.898095,0.806866,0.821431,0.925316,0.670038,0.84065,0.904849,0.873105,0.566274,0.408449,0.814334,0.8269,0.836184,0.807528,0.598128,0.599764,0.811656,0.900374,0.863163,0.731892,0.753496
0.895975,0.848481,0.874685,0.91269,1,0.864124,0.671691,0.76255,0.810486,0.836643,0.891567,0.835215,0.892679,0.81215,0.790231,0.782119,0.826417,0.836859,0.848206,0.87345,0.881479,0.775166,0.836925,0.84754,0.805035,0.690585,0.883391,0.875661,0.686582,0.610083,0.395661,0.761986,0.883528,0.889503,0.69412,0.570543,0.550499,0.797153,0.875654,0.864744,0.745414,0.829716,0.906939,0.729855,0.912109,0.901846,0.913141,0.879825,0.836215,0.83236,0.769605,0.869462,0.901348,0.802556,0.897994,0.756422,0.72808,0.790166,0.920485,0.82138,0.698966,0.785719,0.850325,0.856522,0.885605,0.755678,0.805991,0.892931,0.742796,0.893604,0.896848,0.888789,0.492059,0.364712,0.800808,0.824627,0.790844,0.800051,0.605308,0.67918,0.756732,0.851301,0.82487,0.649149,0.748043
0.905856,0.906622,0.861442,0.863708,0.864124,1,0.735016,0.866228,0.805979,0.763291,0.816848,0.810342,0.866988,0.830334,0.806657,0.854117,0.847904,0.880822,0.803846,0.84027,0.860416,0.811485,0.827069,0.83984,0.788299,0.703764,0.849678,0.858182,0.741068,0.50696,0.480347,0.66116,0.834537,0.803101,0.695305,0.560343,0.55382,0.857287,0.846284,0.838376,0.735472,0.786171,0.91757,0.791399,0.840774,0.825343,0.865053,0.857165,0.862138,0.835962,0.780764,0.774083,0.833557,0.776114,0.837178,0.788622,0.792677,0.837932,0.866544,0.686447,0.726794,0.760752,0.804482,0.800897,0.841215,0.827609,0.767432,0.882301,0.670765,0.809846,0.80403,0.855486,0.586637,0.425101,0.789736,0.799939,0.765005,0.722025,0.665365,0.665189,0.766999,0.847982,0.807032,0.570526,0.796454
0.812843,0.77346,0.765639,0.718166,0.671691,0.735016,1,0.75873,0.709252,0.59612,0.596967,0.70268,0.697675,0.730647,0.605637,0.696274,0.695803,0.80779,0.743895,0.756251,0.74847,0.695775,0.758015,0.769609,0.575448,0.642127,0.79517,0.768229,0.700478,0.437748,0.428794,0.430808,0.684583,0.716067,0.643727,0.676245,0.435409,0.751748,0.771603,0.739694,0.672796,0.66879,0.825506,0.727908,0.764543,0.739464,0.727311,0.718174,0.767863,0.632251,0.746972,0.668165,0.715411,0.707543,0.68846,0.685162,0.62511,0.7276,0.743077,0.567156,0.427538,0.617831,0.683814,0.743281,0.722906,0.773005,0.655715,0.798973,0.441584,0.673146,0.749926,0.724222,0.476172,0.390584,0.679971,0.713608,0.734079,0.689463,0.619675,0.527873,0.609908,0.780635,0.776514,0.443979,0.662363
0.88108,0.890103,0.845557,0.838918,0.76255,0.866228,0.75873,1,0.725124,0.726476,0.814948,0.775771,0.84457,0.82056,0.669807,0.795617,0.835303,0.789789,0.804079,0.809917,0.815877,0.770303,0.797956,0.830811,0.771837,0.715046,0.828944,0.866725,0.701065,0.5585,0.563724,0.609099,0.710584,0.765146,0.70779,0.631816,0.618074,0.811255,0.821758,0.793871,0.67723,0.762192,0.88829,0.799888,0.83403,0.8467,0.862772,0.846632,0.809088,0.793616,0.745117,0.7692,0.817384,0.750851,0.840172,0.799712,0.713034,0.820443,0.841602,0.618404,0.618385,0.63413,0.769711,0.826638,0.800069,0.751253,0.777939,0.866336,0.586822,0.740921,0.777515,0.76723,0.702074,0.365375,0.7769,0.76242,0.77088,0.689987,0.528947,0.516114,0.718753,0.846366,0.781056,0.528686,0.734324
0.841959,0.805906,0.819576,0.830587,0.810486,0.805979,0.709252,0.725124,1,0.667694,0.72951,0.757834,0.797103,0.75051,0.813876,0.7887,0.838098,0.861336,0.768482,0.834245,0.842194,0.742649,0.783068,0.824711,0.728656,0.737117,0.85058,0.842677,0.651985,0.479146,0.536875,0.554718,0.841769,0.810933,0.719856,0.516406,0.42472,0.800264,0.832147,0.870394,0.7276,0.774873,0.804643,0.638975,0.793757,0.782036,0.798753,0.743942,0.746145,0.691418,0.757836,0.69006,0.753031,0.648313,0.726888,0.704221,0.65132,0.762988,0.753059,0.617909,0.505721,0.648775,0.834447,0.793443,0.799475,0.759524,0.778976,0.796243,0.670857,0.745312,0.820214,0.844177,0.452649,0.26315,0.811995,0.82592,0.722274,0.71142,0.66233,0.586194,0.749784,0.823783,0.83973,0.707144,0.624906
0.821774,0.811447,0.814112,0.859504,0.836643,0.763291,0.59612,0.726476,0.667694,1,0.864948,0.772563,0.840689,0.778957,0.560019,0.716235,0.798368,0.759923,0.721582,0.774315,0.766258,0.688528,0.784764,0.777013,0.785964,0.666438,0.790292,0.778295,0.556413,0.570302,0.411148,0.704604,0.78533,0.756931,0.70453,0.46186,0.492323,0.719966,0.775587,0.754919,0.809825,0.768332,0.828038,0.712888,0.846537,0.868625,0.837905,0.782456,0.705909,0.777966,0.691117,0.841786,0.885414,0.744938,0.857369,0.744095,0.627243,0.716629,0.809285,0.796509,0.577358,0.661114,0.761829,0.749491,0.785856,0.754243,0.73256,0.81521,0.625336,0.765531,0.799398,0.767151,0.455151,0.449031,0.696065,0.680618,0.707236,0.683517,0.515264,0.520852,0.679448,0.765866,0.719452,0.594811,0.64876
0.891113,0.839494,0.890183,0.926383,0.891567,0.816848,0.596967,0.814948,0.72951,0.864948,1,0.855493,0.914093,0.739198,0.651227,0.75823,0.860845,0.745122,0.832435,0.869398,0.864839,0.699159,0.783529,0.855397,0.862715,0.731562,0.832025,0.850913,0.632807,0.574449,0.504025,0.745161,0.794949,0.840754,0.794745,0.584768,0.666246,0.768856,0.866786,0.848319,0.805939,0.851653,0.870134,0.690386,0.885215,0.905015,0.912637,0.847987,0.813667,0.831716,0.69567,0.855344,0.906029,0.787124,0.914468,0.727569,0.659173,0.744672,0.890867,0.766605,0.645074,0.701556,0.846284,0.885873,0.878849,0.749769,0.772374,0.892504,0.66959,0.850454,0.841309,0.829787,0.621612,0.427214,0.782358,0.801677,0.776706,0.780534,0.522801,0.559905,0.769219,0.85641,0.780402,0.68895,0.750764
0.892731,0.814314,0.897868,0.877175,0.835215,0.810342,0.70268,0.775771,0.757834,0.772563,0.855493,1,0.891138,0.698779,0.647078,0.716843,0.817383,0.795549,0.846462,0.874707,0.870413,0.722155,0.849306,0.901627,0.784113,0.74475,0.916723,0.853913,0.67484,0.605798,0.499673,0.735328,0.85847,0.858151,0.825302,0.738145,0.683291,0.768232,0.893955,0.862352,0.7526,0.878761,0.883799,0.664697,0.888437,0.853836,0.820555,0.77259,0.779812,0.793868,0.799815,0.775614,0.871205,0.856522,0.870178,0.676509,0.612775,0.719162,0.880289,0.757714,0.677814,0.707288,0.852561,0.856071,0.852682,0.744004,0.744638,0.907653,0.66822,0.850954,0.920963,0.874427,0.518626,0.495363,0.737168,0.827275,0.759975,0.742444,0.701057,0.627714,0.79625,0.882715,0.79459,0.776383,0.785477
0.923942,0.893454,0.899962,0.929208,0.892679,0.866988,0.697675,0.84457,0.797103,0.840689,0.914093,0.891138,1,0.830581,0.742779,0.851334,0.904915,0.801724,0.854223,0.898589,0.89387,0.787277,0.83895,0.855738,0.816031,0.729728,0.891906,0.909807,0.729437,0.645827,0.508177,0.685823,0.87666,0.844289,0.788747,0.656579,0.621967,0.81056,0.901063,0.900425,0.782613,0.862389,0.911432,0.78594,0.917544,0.932675,0.916122,0.846741,0.807617,0.856804,0.747018,0.838243,0.933756,0.876888,0.952716,0.818261,0.671365,0.843258,0.936554,0.762373,0.718269,0.716653,0.839979,0.868918,0.88583,0.816809,0.800847,0.894624,0.646156,0.82121,0.866154,0.859827,0.631371,0.372727,0.860041,0.853128,0.808737,0.7703,0.611686,0.629036,0.778804,0.910628,0.83878,0.709124,0.747889
0.858849,0.934316,0.787695,0.820702,0.81215,0.830334,0.730647,0.82056,0.75051,0.778957,0.739198,0.698779,0.830581,1,0.76778,0.919842,0.828394,0.774362,0.711474,0.724377,0.757929,0.773574,0.704494,0.694604,0.643454,0.554456,0.76995,0.866122,0.636618,0.520894,0.38048,0.554782,0.774165,0.740891,0.583002,0.502523,0.378956,0.717093,0.77661,0.793476,0.678068,0.630434,0.893214,0.944039,0.828846,0.863988,0.825436,0.815992,0.733519,0.780012,0.67689,0.805734,0.839704,0.762545,0.838428,0.963474,0.667657,0.9241,0.858115,0.709769,0.624418,0.558874,0.705701,0.69409,0.7273,0.768363,0.688618,0.747951,0.475827,0.705312,0.7282,0.758567,0.418166,0.264615,0.82349,0.68024,0.714433,0.658831,0.50009,0.506409,0.623374,0.764442,0.78843,0.481929,0.568625
0.786802,0.768386,0.738068,0.708431,0.790231,0.806657,0.605637,0.669807,0.813876,0.560019,0.651227,0.647078,0.742779,0.76778,1,0.796198,0.743741,0.771379,0.695647,0.723212,0.758858,0.773813,0.711268,0.708152,0.64354,0.587117,0.75616,0.820333,0.633769,0.469069,0.430891,0.585808,0.72075,0.727935,0.538944,0.436966,0.333054,0.710422,0.733611,0.786739,0.569127,0.633273,0.785432,0.699226,0.726024,0.694994,0.726182,0.75556,0.752775,0.703577,0.678199,0.62358,0.676141,0.599368,0.669387,0.73062,0.685699,0.769286,0.764439,0.59722,0.662461,0.648546,0.735764,0.6899,0.714462,0.701363,0.789535,0.703044,0.569696,0.727951,0.672737,0.740616,0.41316,0.11807,0.728171,0.753686,0.611412,0.660298,0.61826,0.691999,0.623965,0.713597,0.762573,0.548679,0.588581
0.874721,0.944074,0.824778,0.807225,0.782119,0.854117,0.696274,0.795617,0.7887,0.716235,0.75823,0.716843,0.851334,0.919842,0.796198,1,0.876251,0.751192,0.734272,0.801252,0.826097,0.822268,0.686677,0.674195,0.718345,0.620692,0.794186,0.872193,0.658047,0.51795,0.4358,0.600885,0.817739,0.779317,0.658205,0.454903,0.403814,0.771376,0.840717,0.87065,0.675912,0.687239,0.863085,0.911651,0.81313,0.826864,0.818342,0.807837,0.754309,0.803854,0.646928,0.758689,0.815741,0.749269,0.820132,0.910497,0.646899,0.97191,0.850005,0.668988,0.641608,0.550853,0.773378,0.766416,0.808717,0.843787,0.680483,0.729879,0.514505,0.67072,0.711749,0.776593,0.454807,0.258989,0.87579,0.779314,0.778718,0.711294,0.522657,0.526442,0.741428,0.838007,0.862481,0.579911,0.612951
0.909531,0.890668,0.897692,0.893359,0.826417,0.847904,0.695803,0.835303,0.838098,0.798368,0.860845,0.817383,0.904915,0.828394,0.743741,0.876251,1,0.777311,0.769318,0.856558,0.85797,0.787482,0.752402,0.833592,0.807206,0.776249,0.857286,0.883775,0.650901,0.580398,0.527612,0.620743,0.835474,0.820933,0.771762,0.551656,0.485828,0.799773,0.878565,0.892162,0.740266,0.783071,0.866039,0.779927,0.880574,0.895827,0.875827,0.82901,0.750376,0.8281,0.689885,0.806391,0.880179,0.748934,0.849884,0.83146,0.63465,0.857825,0.869319,0.695843,0.588335,0.579595,0.80968,0.847134,0.85522,0.811847,0.785673,0.830582,0.591472,0.740736,0.801096,0.808667,0.569286,0.390031,0.818437,0.819322,0.804438,0.739201,0.563667,0.475285,0.817245,0.884737,0.897402,0.724784,0.6641
0.860101,0.814521,0.824614,0.816719,0.836859,0.880822,0.80779,0.789789,0.861336,0.759923,0.745122,0.795549,0.801724,0.774362,0.771379,0.751192,0.777311,1,0.814971,0.827003,0.844149,0.759019,0.877911,0.865467,0.726858,0.715333,0.880105,0.825033,0.727039,0.507657,0.614572,0.572863,0.808264,0.800678,0.687889,0.574734,0.474015,0.840304,0.82405,0.814225,0.801725,0.844744,0.880848,0.699081,0.806009,0.779503,0.818983,0.785024,0.858212,0.746546,0.845925,0.728866,0.783619,0.70441,0.757247,0.712836,0.702828,0.761002,0.774786,0.685012,0.584291,0.765794,0.803349,0.778931,0.794687,0.798613,0.781954,0.86257,0.684148,0.819254,0.850527,0.835067,0.530086,0.404828,0.723265,0.764705,0.718182,0.706684,0.752419,0.682394,0.723686,0.813183,0.773241,0.548941,0.707511
0.857069,0.778521,0.839938,0.832508,0.848206,0.803846,0.743895,0.804079,0.768482,0.721582,0.832435,0.846462,0.854223,0.711474,0.695647,0.734272,0.769318,0.814971,1,0.920104,0.934996,0.78618,0.816197,0.840266,0.770196,0.735582,0.888829,0.876717,0.654976,0.613933,0.486711,0.738949,0.817685,0.894875,0.793679,0.657259,0.598946,0.800905,0.898828,0.872543,0.739633,0.854224,0.859894,0.682605,0.846576,0.858946,0.900098,0.850656,0.841843,0.712921,0.743428,0.787918,0.839089,0.824004,0.879929,0.659204,0.634538,0.767577,0.869694,0.65401,0.715502,0.78443,0.835086,0.872874,0.88938,0.774704,0.765429,0.897491,0.731528,0.870647,0.896747,0.85874,0.591457,0.38086,0.795763,0.895444,0.808774,0.816589,0.695391,0.623074,0.752895,0.886117,0.80777,0.60582,0.808645
0.916562,0.844686,0.930368,0.900784,0.87345,0.84027,0.756251,0.809917,0.834245,0.774315,0.869398,0.874707,0.898589,0.724377,0.723212,0.801252,0.856558,0.827003,0.920104,1,0.987273,0.792259,0.868709,0.894675,0.864857,0.869283,0.935019,0.90804,0.72657,0.586313,0.547334,0.737861,0.883717,0.936958,0.880669,0.641704,0.622562,0.851116,0.968141,0.941112,0.765152,0.910392,0.881766,0.685067,0.903364,0.874776,0.889015,0.828065,0.844809,0.804861,0.771306,0.790429,0.865668,0.806066,0.872034,0.677884,0.653967,0.815646,0.881436,0.717473,0.670058,0.746553,0.929967,0.966304,0.972197,0.836261,0.823845,0.912193,0.781311,0.858296,0.926883,0.877111,0.578098,0.458624,0.804519,0.944856,0.881776,0.882232,0.693355,0.654896,0.822703,0.970698,0.919381,0.747739,0.818311
0.915013,0.859405,0.921403,0.897005,0.881479,0.860416,0.74847,0.815877,0.842194,0.766258,0.864839,0.870413,0.89387,0.757929,0.758858,0.826097,0.85797,0.844149,0.934996,0.987273,1,0.797852,0.862746,0.886043,0.858609,0.847018,0.936646,0.92082,0.713839,0.563144,0.551402,0.751836,0.886291,0.943886,0.86457,0.626245,0.593966,0.843429,0.970136,0.956405,0.756584,0.90751,0.895913,0.723382,0.895567,0.876346,0.894208,0.848026,0.859441,0.811202,0.771229,0.80184,0.862269,0.79537,0.877832,0.713604,0.65439,0.845927,0.888378,0.722457,0.695571,0.767905,0.934236,0.95269,0.971362,0.853897,0.819966,0.91081,0.786541,0.875722,0.925315,0.889627,0.540747,0.446734,0.820485,0.945395,0.886578,0.886914,0.699456,0.665768,0.808668,0.964839,0.913962,0.73076,0.826201
0.824935,0.808382,0.788092,0.737737,0.775166,0.811485,0.695775,0.770303,0.742649,0.688528,0.699159,0.722155,0.787277,0.773574,0.773813,0.822268,0.787482,0.759019,0.78618,0.792259,0.797852,1,0.779525,0.725518,0.773874,0.668586,0.819207,0.855614,0.605721,0.657011,0.34578,0.694757,0.815095,0.794949,0.633857,0.533268,0.465065,0.808004,0.795135,0.801521,0.619033,0.705828,0.826804,0.742731,0.815753,0.761996,0.791888,0.791725,0.74926,0.748222,0.74909,0.756321,0.817921,0.690237,0.759192,0.718896,0.692533,0.803464,0.817263,0.68438,0.724755,0.658724,0.765216,0.757696,0.801756,0.832982,0.803379,0.753867,0.547079,0.697098,0.763987,0.779848,0.496926,0.335687,0.774601,0.801565,0.726641,0.673085,0.6089,0.614548,0.777784,0.802453,0.841701,0.561819,0.654166
0.861162,0.79969,0.861395,0.855021,0.836925,0.827069,0.758015,0.797956,0.783068,0.784764,0.783529,0.849306,0.83895,0.704494,0.711268,0.686677,0.752402,0.877911,0.816197,0.868709,0.862746,0.779525,1,0.906188,0.837948,0.75928,0.918822,0.827662,0.687598,0.530009,0.560643,0.702878,0.807851,0.828976,0.724214,0.672149,0.571605,0.79876,0.85438,0.838019,0.764183,0.87158,0.876609,0.636003,0.853964,0.804858,0.788482,0.762382,0.823192,0.756198,0.91023,0.758344,0.815789,0.734075,0.810173,0.631672,0.747786,0.696153,0.822826,0.726124,0.614749,0.816124,0.871958,0.865452,0.868318,0.82916,0.907949,0.915617,0.667371,0.820209,0.887391,0.824948,0.550471,0.432843,0.717111,0.8257,0.788452,0.757136,0.668785,0.809206,0.735267,0.851511,0.809133,0.621679,0.767782
0.916288,0.804488,0.924775,0.903386,0.84754,0.83984,0.769609,0.830811,0.824711,0.777013,0.855397,0.901627,0.855738,0.694604,0.708152,0.674195,0.833592,0.865467,0.840266,0.894675,0.886043,0.725518,0.906188,1,0.823101,0.857897,0.937386,0.86604,0.720951,0.541982,0.563142,0.666135,0.799464,0.85455,0.840279,0.738052,0.64673,0.846806,0.895048,0.868158,0.775931,0.885165,0.900038,0.616056,0.90398,0.84579,0.850087,0.773143,0.86374,0.797118,0.828159,0.799617,0.858021,0.744393,0.819307,0.659044,0.683023,0.679802,0.854917,0.751882,0.595912,0.75156,0.872952,0.900663,0.868578,0.756249,0.85368,0.955453,0.722065,0.865182,0.926617,0.89026,0.582472,0.526181,0.733648,0.837792,0.760065,0.781237,0.687008,0.664374,0.788904,0.89297,0.830845,0.736565,0.80901
0.835934,0.786563,0.844024,0.849359,0.805035,0.788299,0.575448,0.771837,0.728656,0.785964,0.862715,0.784113,0.816031,0.643454,0.64354,0.718345,0.807206,0.726858,0.770196,0.864857,0.858609,0.773874,0.837948,0.823101,1,0.800437,0.828622,0.813356,0.574336,0.55526,0.530027,0.760288,0.798352,0.798442,0.766426,0.471936,0.604474,0.757874,0.837384,0.834187,0.71023,0.86849,0.807877,0.613197,0.826681,0.782862,0.837996,0.782796,0.752772,0.758825,0.772642,0.771876,0.824854,0.684965,0.81568,0.595175,0.731743,0.697072,0.787288,0.736279,0.580833,0.745539,0.865744,0.883762,0.889151,0.797121,0.851394,0.848351,0.670211,0.784295,0.798219,0.773442,0.603483,0.474025,0.707878,0.840211,0.795674,0.732278,0.4545,0.634368,0.770546,0.854152,0.821191,0.686349,0.731287
0.796638,0.688658,0.856827,0.76482,0.690585,0.703764,0.642127,0.715046,0.737117,0.666438,0.731562,0.74475,0.729728,0.554456,0.587117,0.620692,0.776249,0.715333,0.735582,0.869283,0.847018,0.668586,0.75928,0.857897,0.800437,1,0.850346,0.792827,0.642279,0.468233,0.583572,0.560684,0.725408,0.815968,0.831299,0.557692,0.529722,0.776418,0.842587,0.823388,0.693676,0.822191,0.73417,0.482004,0.810764,0.726903,0.720235,0.601488,0.723627,0.709868,0.648776,0.737004,0.756217,0.557679,0.667204,0.544522,0.487092,0.621852,0.688738,0.639537,0.481963,0.554767,0.853024,0.875541,0.85804,0.681148,0.746673,0.786003,0.721106,0.741965,0.816698,0.754986,0.545684,0.48295,0.654505,0.792614,0.727443,0.742308,0.572161,0.476148,0.691771,0.863166,0.84001,0.704209,0.693824
0.937797,0.862609,0.951831,0.904482,0.883391,0.849678,0.79517,0.828944,0.85058,0.790292,0.832025,0.916723,0.891906,0.76995,0.75616,0.794186,0.857286,0.880105,0.888829,0.935019,0.936646,0.819207,0.918822,0.937386,0.828622,0.850346,1,0.916493,0.728167,0.592525,0.524265,0.724457,0.874127,0.917106,0.820531,0.697955,0.592718,0.872258,0.954249,0.938045,0.775558,0.900998,0.921631,0.717938,0.938543,0.877225,0.85911,0.80216,0.867897,0.834131,0.823878,0.848882,0.89196,0.784329,0.863379,0.740027,0.643094,0.807108,0.901318,0.789099,0.635259,0.733688,0.925496,0.927011,0.927591,0.828369,0.844788,0.927811,0.738744,0.860891,0.954622,0.914108,0.531483,0.442023,0.830945,0.890707,0.835127,0.831461,0.699542,0.687241,0.837572,0.94279,0.900691,0.743928,0.797804
0.928345,0.907458,0.905654,0.889378,0.875661,0.858182,0.768229,0.866725,0.842677,0.778295,0.850913,0.853913,0.909807,0.866122,0.820333,0.872193,0.883775,0.825033,0.876717,0.90804,0.92082,0.855614,0.827662,0.86604,0.813356,0.792827,0.916493,1,0.7268,0.618448,0.495449,0.726174,0.863556,0.892835,0.799733,0.616839,0.553745,0.797059,0.927498,0.9299,0.748429,0.834864,0.921502,0.825294,0.922112,0.893663,0.900836,0.858571,0.83328,0.843987,0.785833,0.83917,0.890146,0.793695,0.884131,0.838924,0.685947,0.886862,0.90926,0.748045,0.715581,0.678221,0.886146,0.89628,0.906167,0.803817,0.837607,0.88001,0.663331,0.823977,0.884404,0.873856,0.530474,0.382489,0.851654,0.865089,0.827843,0.819297,0.652729,0.616471,0.7592,0.927123,0.905842,0.708097,0.729785
0.774753,0.71991,0.734519,0.700277,0.686582,0.741068,0.700478,0.701065,0.651985,0.556413,0.632807,0.67484,0.729437,0.636618,0.633769,0.658047,0.650901,0.727039,0.654976,0.72657,0.713839,0.605721,0.687598,0.720951,0.574336,0.642279,0.728167,0.7268,1,0.611665,0.441572,0.460625,0.656394,0.667825,0.601999,0.639741,0.577969,0.718266,0.745916,0.726527,0.634517,0.671365,0.781058,0.629643,0.753969,0.664071,0.70063,0.614634,0.669403,0.73661,0.652856,0.590012,0.658234,0.681951,0.673665,0.586259,0.572324,0.694859,0.704136,0.557878,0.607601,0.574739,0.631817,0.719606,0.713811,0.646238,0.593934,0.726436,0.60823,0.679013,0.687105,0.693352,0.505815,0.381067,0.629904,0.692609,0.659584,0.662044,0.603251,0.568521,0.592104,0.74485,0.706397,0.545542,0.626016
0.608085,0.567482,0.568175,0.514566,0.610083,0.50696,0.437748,0.5585,0.479146,0.570302,0.574449,0.605798,0.645827,0.520894,0.469069,0.51795,0.580398,0.507657,0.613933,0.586313,0.563144,0.657011,0.530009,0.541982,0.55526,0.468233,0.592525,0.618448,0.611665,1,0.219716,0.550446,0.592784,0.587589,0.544056,0.579673,0.562309,0.57936,0.592422,0.577659,0.438581,0.573125,0.62927,0.548597,0.688452,0.608086,0.667862,0.570883,0.456099,0.588607,0.487634,0.567343,0.68068,0.606636,0.649285,0.480573,0.477322,0.563123,0.640964,0.554192,0.638514,0.469737,0.450028,0.547824,0.581942,0.493873,0.520301,0.544117,0.513449,0.584412,0.593662,0.587157,0.453821,0.320512,0.50135,0.678662,0.543478,0.481473,0.331567,0.3714,0.535127,0.626015,0.580544,0.539445,0.498763
0.506119,0.459428,0.518992,0.477372,0.395661,0.480347,0.428794,0.563724,0.536875,0.411148,0.504025,0.499673,0.508177,0.38048,0.430891,0.4358,0.527612,0.614572,0.486711,0.547334,0.551402,0.34578,0.560643,0.563142,0.530027,0.583572,0.524265,0.495449,0.441572,0.219716,1,0.299181,0.449529,0.511302,0.545963,0.281916,0.302541,0.493157,0.500197,0.519984,0.534385,0.646466,0.489412,0.297295,0.42315,0.479274,0.46216,0.432766,0.560987,0.409786,0.61527,0.359863,0.421567,0.402218,0.394397,0.359161,0.417013,0.423548,0.375622,0.38125,0.197345,0.406512,0.580933,0.570788,0.495809,0.484589,0.52534,0.522891,0.407983,0.473013,0.479214,0.441088,0.511814,0.153243,0.414396,0.487672,0.425911,0.395646,0.469833,0.413258,0.419691,0.526236,0.476291,0.300598,0.375317
0.700785,0.669086,0.710434,0.695166,0.761986,0.66116,0.430808,0.609099,0.554718,0.704604,0.745161,0.735328,0.685823,0.554782,0.585808,0.600885,0.620743,0.572863,0.738949,0.737861,0.751836,0.694757,0.702878,0.666135,0.760288,0.560684,0.724457,0.726174,0.460625,0.550446,0.299181,1,0.693069,0.744629,0.64179,0.373611,0.518492,0.618874,0.739758,0.72585,0.53144,0.740588,0.709411,0.564743,0.718722,0.680905,0.698972,0.753122,0.679147,0.702999,0.670777,0.666977,0.704257,0.630116,0.730139,0.514304,0.640732,0.621128,0.761751,0.676168,0.724663,0.687308,0.777542,0.753838,0.778093,0.638304,0.696482,0.726657,0.662112,0.711025,0.726538,0.725705,0.271139,0.30889,0.579957,0.734299,0.673175,0.709443,0.485323,0.626345,0.66654,0.718031,0.687405,0.588118,0.697291
0.868087,0.838714,0.844919,0.864923,0.883528,0.834537,0.684583,0.710584,0.841769,0.78533,0.794949,0.85847,0.87666,0.774165,0.72075,0.817739,0.835474,0.808264,0.817685,0.883717,0.886291,0.815095,0.807851,0.799464,0.798352,0.725408,0.874127,0.863556,0.656394,0.592784,0.449529,0.693069,1,0.894072,0.76764,0.561088,0.467824,0.802892,0.867505,0.884538,0.713902,0.827238,0.853976,0.696916,0.863627,0.849422,0.840629,0.804886,0.742114,0.789695,0.793642,0.789899,0.869445,0.809065,0.842494,0.710198,0.699658,0.793602,0.848904,0.779746,0.671211,0.699818,0.854785,0.819703,0.882253,0.818154,0.75757,0.843192,0.65271,0.802973,0.894556,0.887273,0.397466,0.388588,0.815322,0.849693,0.826808,0.737633,0.671202,0.595978,0.801712,0.883384,0.847955,0.71547,0.739217
0.897399,0.824596,0.916717,0.856827,0.889503,0.803101,0.716067,0.765146,0.810933,0.756931,0.840754,0.858151,0.844289,0.740891,0.727935,0.779317,0.820933,0.800678,0.894875,0.936958,0.943886,0.794949,0.828976,0.85455,0.798442,0.815968,0.917106,0.892835,0.667825,0.587589,0.511302,0.744629,0.894072,1,0.833925,0.633046,0.5423,0.80871,0.93544,0.917271,0.718682,0.840544,0.867171,0.670644,0.908079,0.886886,0.844284,0.815038,0.827406,0.804787,0.771769,0.829993,0.861948,0.771518,0.841714,0.686052,0.606071,0.802016,0.881494,0.763261,0.666802,0.673189,0.909064,0.919842,0.932013,0.775894,0.778793,0.864906,0.735366,0.858716,0.93069,0.874095,0.462345,0.413215,0.807407,0.890303,0.840507,0.857388,0.691527,0.600533,0.808636,0.915445,0.891814,0.690275,0.78487
0.804848,0.732946,0.827812,0.768518,0.69412,0.695305,0.643727,0.70779,0.719856,0.70453,0.794745,0.825302,0.788747,0.583002,0.538944,0.658205,0.771762,0.687889,0.793679,0.880669,0.86457,0.633857,0.724214,0.840279,0.766426,0.831299,0.820531,0.799733,0.601999,0.544056,0.545963,0.64179,0.76764,0.833925,1,0.691915,0.652352,0.76189,0.843333,0.825414,0.736903,0.844436,0.773929,0.558617,0.795988,0.766271,0.786695,0.694136,0.729775,0.719926,0.660403,0.675996,0.783629,0.702503,0.743875,0.5669,0.534163,0.662094,0.761844,0.683167,0.507557,0.587397,0.830363,0.860165,0.832113,0.68653,0.657744,0.814064,0.701089,0.767383,0.820754,0.778021,0.467492,0.604748,0.727926,0.827072,0.714046,0.790203,0.614898,0.526447,0.698755,0.859423,0.769847,0.72334,0.729537
0.669285,0.586957,0.654241,0.603856,0.570543,0.560343,0.676245,0.631816,0.516406,0.46186,0.584768,0.738145,0.656579,0.502523,0.436966,0.454903,0.551656,0.574734,0.657259,0.641704,0.626245,0.533268,0.672149,0.738052,0.471936,0.557692,0.697955,0.616839,0.639741,0.579673,0.281916,0.373611,0.561088,0.633046,0.691915,1,0.702565,0.649637,0.647289,0.605948,0.559863,0.597777,0.713544,0.490515,0.695024,0.628783,0.605546,0.52362,0.593304,0.552282,0.585443,0.569566,0.670091,0.659871,0.637137,0.478395,0.43758,0.479171,0.695074,0.526741,0.475088,0.550815,0.548139,0.633765,0.594386,0.521237,0.546441,0.709611,0.486975,0.671955,0.69061,0.636272,0.440467,0.526401,0.602399,0.641405,0.522317,0.585081,0.489537,0.540992,0.513365,0.650229,0.557005,0.519113,0.598854
0.596249,0.542399,0.603259,0.604448,0.550499,0.55382,0.435409,0.618074,0.42472,0.492323,0.666246,0.683291,0.621967,0.378956,0.333054,0.403814,0.485828,0.474015,0.598946,0.622562,0.593966,0.465065,0.571605,0.64673,0.604474,0.529722,0.592718,0.553745,0.577969,0.562309,0.302541,0.518492,0.467824,0.5423,0.652352,0.702565,1,0.53887,0.592343,0.507385,0.499599,0.639209,0.628037,0.411266,0.635397,0.571544,0.610698,0.544217,0.542305,0.518132,0.478863,0.488889,0.620472,0.602982,0.616739,0.378479,0.412292,0.425675,0.620211,0.49558,0.456502,0.532933,0.547304,0.625657,0.586282,0.454026,0.48633,0.645929,0.660988,0.656407,0.620766,0.575549,0.542092,0.543525,0.465678,0.60381,0.506129,0.536258,0.396028,0.458432,0.482347,0.601107,0.469926,0.531155,0.538929
0.885016,0.82451,0.867381,0.805611,0.797153,0.857287,0.751748,0.811255,0.800264,0.719966,0.768856,0.768232,0.81056,0.717093,0.710422,0.771376,0.799773,0.840304,0.800905,0.851116,0.843429,0.808004,0.79876,0.846806,0.757874,0.776418,0.872258,0.797059,0.718266,0.57936,0.493157,0.618874,0.802892,0.80871,0.76189,0.649637,0.53887,1,0.833741,0.823917,0.740429,0.802521,0.862417,0.664934,0.830068,0.781307,0.817942,0.757581,0.854083,0.780971,0.705917,0.769452,0.822323,0.708494,0.765839,0.679686,0.671383,0.743081,0.811205,0.686561,0.59373,0.727519,0.8093,0.825205,0.814916,0.788187,0.735552,0.840952,0.692837,0.782225,0.813585,0.859351,0.598101,0.370064,0.798541,0.819781,0.684327,0.682592,0.610746,0.638123,0.815007,0.851244,0.796566,0.614787,0.781987
0.940812,0.87973,0.956388,0.917872,0.875654,0.846284,0.771603,0.821758,0.832147,0.775587,0.866786,0.893955,0.901063,0.77661,0.733611,0.840717,0.878565,0.82405,0.898828,0.968141,0.970136,0.795135,0.85438,0.895048,0.837384,0.842587,0.954249,0.927498,0.745916,0.592422,0.500197,0.739758,0.867505,0.93544,0.843333,0.647289,0.592343,0.833741,1,0.97346,0.738692,0.878124,0.906785,0.752559,0.934199,0.887227,0.878281,0.807536,0.840177,0.836675,0.761449,0.827617,0.877433,0.80429,0.894539,0.748013,0.61244,0.871514,0.913251,0.735028,0.684981,0.70112,0.926315,0.959316,0.962609,0.840598,0.789986,0.899737,0.731777,0.823251,0.92651,0.892988,0.533923,0.454187,0.823569,0.919397,0.890505,0.880346,0.667562,0.632052,0.853814,0.974071,0.94617,0.769129,0.798941
0.92833,0.88587,0.931633,0.903145,0.864744,0.838376,0.739694,0.793871,0.870394,0.754919,0.848319,0.862352,0.900425,0.793476,0.786739,0.87065,0.892162,0.814225,0.872543,0.941112,0.956405,0.801521,0.838019,0.868158,0.834187,0.823388,0.938045,0.9299,0.726527,0.577659,0.519984,0.72585,0.884538,0.917271,0.825414,0.605948,0.507385,0.823917,0.97346,1,0.74101,0.868069,0.897994,0.767563,0.916688,0.876415,0.868006,0.795784,0.825147,0.844279,0.760191,0.828969,0.872221,0.763227,0.875856,0.774536,0.635438,0.881138,0.899372,0.752716,0.673437,0.692724,0.922205,0.935149,0.954525,0.864133,0.795981,0.877118,0.685268,0.813021,0.893023,0.897667,0.48971,0.393098,0.862703,0.925467,0.885587,0.874049,0.631227,0.642513,0.816671,0.96153,0.948378,0.782646,0.782534
0.798609,0.729353,0.784926,0.795889,0.745414,0.735472,0.672796,0.67723,0.7276,0.809825,0.805939,0.7526,0.782613,0.678068,0.569127,0.675912,0.740266,0.801725,0.739633,0.765152,0.756584,0.619033,0.764183,0.775931,0.71023,0.693676,0.775558,0.748429,0.634517,0.438581,0.534385,0.53144,0.713902,0.718682,0.736903,0.559863,0.499599,0.740429,0.738692,0.74101,1,0.799363,0.794001,0.597325,0.770523,0.783951,0.790564,0.680756,0.709627,0.649803,0.692522,0.742165,0.798114,0.708284,0.748927,0.641871,0.539983,0.63688,0.714001,0.664394,0.434713,0.653172,0.735381,0.744154,0.741917,0.71519,0.670467,0.794519,0.596141,0.814263,0.757705,0.731338,0.547739,0.427564,0.72747,0.662451,0.598559,0.654897,0.601986,0.595007,0.602714,0.718357,0.67904,0.56588,0.57332
0.843254,0.762942,0.856313,0.843132,0.829716,0.786171,0.66879,0.762192,0.774873,0.768332,0.851653,0.878761,0.862389,0.630434,0.633273,0.687239,0.783071,0.844744,0.854224,0.910392,0.90751,0.705828,0.87158,0.885165,0.86849,0.822191,0.900998,0.834864,0.671365,0.573125,0.646466,0.740588,0.827238,0.840544,0.844436,0.597777,0.639209,0.802521,0.878124,0.868069,0.799363,1,0.835273,0.595355,0.835917,0.803137,0.837572,0.75718,0.822288,0.77555,0.793488,0.756518,0.834984,0.729807,0.819191,0.606884,0.631816,0.693874,0.797946,0.736385,0.604912,0.780982,0.88578,0.899113,0.895846,0.770429,0.779138,0.888194,0.749488,0.859334,0.896881,0.844206,0.588242,0.498381,0.721414,0.856409,0.784492,0.771195,0.635818,0.683426,0.742302,0.893152,0.80092,0.727797,0.780047
0.967877,0.94228,0.922146,0.916603,0.906939,0.91757,0.825506,0.88829,0.804643,0.828038,0.870134,0.883799,0.911432,0.893214,0.785432,0.863085,0.866039,0.880848,0.859894,0.881766,0.895913,0.826804,0.876609,0.900038,0.807877,0.73417,0.921631,0.921502,0.781058,0.62927,0.489412,0.709411,0.853976,0.867171,0.773929,0.713544,0.628037,0.862417,0.906785,0.897994,0.794001,0.835273,1,0.85407,0.949405,0.921282,0.922217,0.881399,0.882632,0.864766,0.833473,0.867896,0.930099,0.86157,0.91463,0.846247,0.770484,0.870462,0.952502,0.826265,0.706826,0.764046,0.844992,0.87209,0.880233,0.852522,0.810002,0.937489,0.667277,0.882483,0.892791,0.900419,0.535909,0.45057,0.843958,0.840644,0.808059,0.795717,0.639903,0.680998,0.761912,0.897853,0.864695,0.630777,0.784693
0.811896,0.926664,0.737516,0.740409,0.729855,0.791399,0.727908,0.799888,0.638975,0.712888,0.690386,0.664697,0.78594,0.944039,0.699226,0.911651,0.779927,0.699081,0.682605,0.685067,0.723382,0.742731,0.636003,0.616056,0.613197,0.482004,0.717938,0.825294,0.629643,0.548597,0.297295,0.564743,0.696916,0.670644,0.558617,0.490515,0.411266,0.664934,0.752559,0.767563,0.597325,0.595355,0.85407,1,0.774764,0.787993,0.784534,0.796056,0.700673,0.783627,0.591339,0.744131,0.781304,0.728422,0.810511,0.946842,0.628988,0.939664,0.828672,0.645733,0.619815,0.526349,0.646544,0.66678,0.707124,0.759618,0.591785,0.697383,0.42036,0.641591,0.642334,0.69993,0.420951,0.329656,0.758205,0.676239,0.735207,0.667202,0.413554,0.473389,0.570721,0.757438,0.756039,0.46867,0.59141
0.962194,0.891211,0.958216,0.933298,0.912109,0.840774,0.764543,0.83403,0.793757,0.846537,0.885215,0.888437,0.917544,0.828846,0.726024,0.81313,0.880574,0.806009,0.846576,0.903364,0.895567,0.815753,0.853964,0.90398,0.826681,0.810764,0.938543,0.922112,0.753969,0.688452,0.42315,0.718722,0.863627,0.908079,0.795988,0.695024,0.635397,0.830068,0.934199,0.916688,0.770523,0.835917,0.949405,0.774764,1,0.943652,0.904529,0.819729,0.823089,0.871422,0.770749,0.910535,0.960036,0.829747,0.92,0.796661,0.652336,0.828453,0.952574,0.855399,0.686343,0.674351,0.85633,0.904967,0.913366,0.800039,0.807768,0.908391,0.69027,0.864841,0.928846,0.902157,0.532393,0.444994,0.825399,0.858854,0.830296,0.819837,0.603315,0.591157,0.796161,0.926189,0.906227,0.738836,0.76843
0.924599,0.888528,0.90152,0.92416,0.901846,0.825343,0.739464,0.8467,0.782036,0.868625,0.905015,0.853836,0.932675,0.863988,0.694994,0.826864,0.895827,0.779503,0.858946,0.874776,0.876346,0.761996,0.804858,0.84579,0.782862,0.726903,0.877225,0.893663,0.664071,0.608086,0.479274,0.680905,0.849422,0.886886,0.766271,0.628783,0.571544,0.781307,0.887227,0.876415,0.783951,0.803137,0.921282,0.787993,0.943652,1,0.928572,0.871473,0.798448,0.812733,0.729971,0.899571,0.949712,0.872876,0.948541,0.839208,0.641868,0.83598,0.94104,0.787705,0.654787,0.678762,0.81303,0.862678,0.872032,0.797581,0.77783,0.897282,0.640299,0.845556,0.890505,0.862335,0.559272,0.359969,0.861854,0.812643,0.807839,0.763394,0.592555,0.528821,0.749768,0.876431,0.850359,0.654278,0.720952
0.909302,0.873329,0.860979,0.902422,0.913141,0.865053,0.727311,0.862772,0.798753,0.837905,0.912637,0.820555,0.916122,0.825436,0.726182,0.818342,0.875827,0.818983,0.900098,0.889015,0.894208,0.791888,0.788482,0.850087,0.837996,0.720235,0.85911,0.900836,0.70063,0.667862,0.46216,0.698972,0.840629,0.844284,0.786695,0.605546,0.610698,0.817942,0.878281,0.868006,0.790564,0.837572,0.922217,0.784534,0.904529,0.928572,1,0.921299,0.823459,0.797951,0.734739,0.851787,0.915848,0.856072,0.933197,0.786595,0.734556,0.82908,0.912639,0.758828,0.677955,0.767347,0.804864,0.863559,0.878452,0.789791,0.784685,0.914923,0.707859,0.870346,0.857808,0.863974,0.619757,0.422509,0.845786,0.852234,0.805416,0.78484,0.568468,0.568349,0.75221,0.877443,0.824149,0.624706,0.74331
0.85583,0.864582,0.804458,0.833629,0.879825,0.857165,0.718174,0.846632,0.743942,0.782456,0.847987,0.77259,0.846741,0.815992,0.75556,0.807837,0.82901,0.785024,0.850656,0.828065,0.848026,0.791725,0.762382,0.773143,0.782796,0.601488,0.80216,0.858571,0.614634,0.570883,0.432766,0.753122,0.804886,0.815038,0.694136,0.52362,0.544217,0.757581,0.807536,0.795784,0.680756,0.75718,0.881399,0.796056,0.819729,0.871473,0.921299,1,0.805713,0.78448,0.746234,0.766879,0.827587,0.800583,0.853875,0.769512,0.785686,0.81837,0.879127,0.691153,0.662802,0.73211,0.78824,0.811765,0.830661,0.791283,0.794826,0.87286,0.651504,0.82664,0.791179,0.78965,0.51566,0.331996,0.78626,0.810082,0.801101,0.779222,0.607511,0.569894,0.714809,0.812722,0.771059,0.514593,0.734376
0.88356,0.819836,0.86255,0.80458,0.836215,0.862138,0.767863,0.809088,0.746145,0.705909,0.813667,0.779812,0.807617,0.733519,0.752775,0.754309,0.750376,0.858212,0.841843,0.844809,0.859441,0.74926,0.823192,0.86374,0.752772,0.723627,0.867897,0.83328,0.669403,0.456099,0.560987,0.679147,0.742114,0.827406,0.729775,0.593304,0.542305,0.854083,0.840177,0.825147,0.709627,0.822288,0.882632,0.700673,0.823089,0.798448,0.823459,0.805713,1,0.830778,0.772562,0.824082,0.818819,0.705381,0.790306,0.713667,0.714459,0.746038,0.853868,0.752295,0.634366,0.76691,0.836758,0.847098,0.832495,0.779832,0.762231,0.882529,0.640061,0.806418,0.822024,0.864559,0.548183,0.365049,0.772789,0.787261,0.717006,0.761976,0.623037,0.668805,0.733997,0.848122,0.775206,0.508188,0.825756
0.883731,0.873804,0.879164,0.826612,0.83236,0.835962,0.632251,0.793616,0.691418,0.777966,0.831716,0.793868,0.856804,0.780012,0.703577,0.803854,0.8281,0.746546,0.712921,0.804861,0.811202,0.748222,0.756198,0.797118,0.758825,0.709868,0.834131,0.843987,0.73661,0.588607,0.409786,0.702999,0.789695,0.804787,0.719926,0.552282,0.518132,0.780971,0.836675,0.844279,0.649803,0.77555,0.864766,0.783627,0.871422,0.812733,0.797951,0.78448,0.830778,1,0.687627,0.836216,0.84872,0.687352,0.820768,0.785453,0.655856,0.812736,0.87551,0.805037,0.701437,0.577466,0.803881,0.826818,0.845312,0.752495,0.711748,0.815762,0.582068,0.738702,0.788243,0.805027,0.455048,0.437869,0.746695,0.755891,0.777136,0.784388,0.541362,0.533957,0.738055,0.863288,0.80275,0.662117,0.797368
0.809567,0.745049,0.772338,0.775446,0.769605,0.780764,0.746972,0.745117,0.757836,0.691117,0.69567,0.799815,0.747018,0.67689,0.678199,0.646928,0.689885,0.845925,0.743428,0.771306,0.771229,0.74909,0.91023,0.828159,0.772642,0.648776,0.823878,0.785833,0.652856,0.487634,0.61527,0.670777,0.793642,0.771769,0.660403,0.585443,0.478863,0.705917,0.761449,0.760191,0.692522,0.793488,0.833473,0.591339,0.770749,0.729971,0.734739,0.746234,0.772562,0.687627,1,0.665207,0.738321,0.725419,0.720687,0.562791,0.816475,0.645585,0.75309,0.71279,0.568272,0.739453,0.7989,0.772015,0.763256,0.768968,0.839552,0.849914,0.529552,0.730763,0.806782,0.748111,0.426131,0.357205,0.659926,0.731688,0.716557,0.676524,0.663201,0.723556,0.689883,0.759112,0.743286,0.492202,0.670871
0.869379,0.823795,0.866649,0.852848,0.869462,0.774083,0.668165,0.7692,0.69006,0.841786,0.855344,0.775614,0.838243,0.805734,0.62358,0.758689,0.806391,0.728866,0.787918,0.790429,0.80184,0.756321,0.758344,0.799617,0.771876,0.737004,0.848882,0.83917,0.590012,0.567343,0.359863,0.666977,0.789899,0.829993,0.675996,0.569566,0.488889,0.769452,0.827617,0.828969,0.742165,0.756518,0.867896,0.744131,0.910535,0.899571,0.851787,0.766879,0.824082,0.836216,0.665207,1,0.944063,0.714415,0.876958,0.805826,0.5843,0.75362,0.886437,0.839025,0.618551,0.644758,0.793908,0.809741,0.83848,0.750693,0.720012,0.832972,0.584624,0.803688,0.840316,0.857256,0.475672,0.367811,0.819671,0.725647,0.74284,0.716116,0.44582,0.487965,0.687398,0.827284,0.800824,0.583704,0.708862
0.927175,0.87698,0.909279,0.912025,0.901348,0.833557,0.715411,0.817384,0.753031,0.885414,0.906029,0.871205,0.933756,0.839704,0.676141,0.815741,0.880179,0.783619,0.839089,0.865668,0.862269,0.817921,0.815789,0.858021,0.824854,0.756217,0.89196,0.890146,0.658234,0.68068,0.421567,0.704257,0.869445,0.861948,0.783629,0.670091,0.620472,0.822323,0.877433,0.872221,0.798114,0.834984,0.930099,0.781304,0.960036,0.949712,0.915848,0.827587,0.818819,0.84872,0.738321,0.944063,1,0.831402,0.935625,0.82243,0.652869,0.803193,0.945226,0.87124,0.682836,0.692149,0.819252,0.847283,0.874767,0.813537,0.771451,0.884642,0.640549,0.857524,0.892532,0.891839,0.540882,0.434122,0.845546,0.816157,0.786076,0.748937,0.549071,0.565445,0.759345,0.886537,0.845785,0.684741,0.733695
