1,0.528552,0.925799,0.786424,0.60731,0.651676,0.397234,0.364516,0.626027,0.556205,0.824417,0.507097,0.624075,0.555431,0.624403,0.197298,0.646901,0.647272,0.688919,0.702565,0.843905,0.568664,0.786314,0.809836,0.563678,0.715771,0.840519,0.720362,0.479553,0.0446932,0.470285,0.570201,0.700595,0.807024,0.572133,0.31989,0.301224,0.456106,0.783997,0.668972,0.46211,0.632677,0.900991,-0.00227838,0.888769,0.750714,0.548983,0.738478,0.379257,0.498365,0.414315,0.434229,0.774051,0.516882,0.743255,0.351908,0.475456,0.420346,0.773533,0.376022,0.164102,0.791442,0.7027,0.737571,0.790501,0.286388,0.685806,0.865297,0.437448,0.719945,0.830953,0.532968,0.317388,0.466782,0.503705,0.582497,0.771922,0.4876,0.356061,0.211078,0.598886,0.73867,0.526357,0.377529,0.663295
0.528552,1,0.401979,0.324026,0.278885,0.232698,0.401509,0.410988,0.137974,0.176847,0.370835,0.17837,0.219967,0.643839,0.129168,0.430737,0.348487,0.300175,0.362253,0.348935,0.31298,0.372934,0.335359,0.220835,-0.0347376,0.252028,0.360359,0.181241,-0.143986,0.0352989,0.0204033,0.222377,0.147279,0.192807,-0.0947812,0.0317116,0.0925049,0.0625695,0.115561,0.181884,0.0794153,0.233621,0.467338,0.484417,0.355253,0.217111,0.379628,0.35693,0.0925487,0.130081,0.455163,0.416927,0.322218,0.179929,0.351761,0.427755,0.506895,0.337153,0.309384,0.102791,0.0777877,0.551624,0.270635,0.172868,0.181856,0.0294529,0.341913,0.293923,0.170322,0.213541,0.290721,0.148138,-0.061488,0.0749479,-0.135032,0.0368238,0.26792,-0.0138293,-0.0936385,-0.0220286,0.171302,0.157135,0.0582619,-0.01421,0.102824
0.925799,0.401979,1,0.832291,0.512235,0.540677,0.380741,0.338288,0.534562,0.697249,0.88404,0.474327,0.665444,0.336486,0.526121,0.0201602,0.794067,0.588087,0.684793,0.775069,0.85869,0.561873,0.831834,0.85962,0.561832,0.73947,0.865719,0.690616,0.464687,0.0504822,0.475449,0.621209,0.795538,0.831621,0.643799,0.25578,0.240074,0.378576,0.741642,0.528331,0.452844,0.586357,0.873616,-0.207536,0.928102,0.745304,0.44169,0.684428,0.236076,0.390878,0.385322,0.496136,0.862195,0.497658,0.804721,0.104818,0.480707,0.303438,0.891065,0.360861,0.04316,0.865399,0.733955,0.807058,0.811606,0.372585,0.713875,0.909409,0.484481,0.797828,0.824599,0.464114,0.333743,0.445178,0.533069,0.59974,0.751769,0.567552,0.341149,0.267694,0.581848,0.734137,0.409923,0.394697,0.668723
0.786424,0.324026,0.832291,1,0.449531,0.482225,0.447592,0.188948,0.639212,0.776832,0.838658,0.582783,0.718279,0.409781,0.526462,0.272705,0.768195,0.456832,0.589359,0.838736,0.763113,0.528865,0.683035,0.579033,0.468145,0.495158,0.683483,0.630098,0.38024,0.0366878,0.299779,0.535731,0.692446,0.739336,0.641717,-0.00576896,0.0794541,0.444457,0.667881,0.487309,0.465974,0.495561,0.76693,-0.0339827,0.821939,0.705796,0.353923,0.463912,0.308733,0.389634,0.412324,0.618709,0.882577,0.644146,0.772761,0.226925,0.502961,0.502915,0.819277,0.439245,0.0460048,0.775038,0.654629,0.781956,0.715109,0.435568,0.522504,0.646768,0.169074,0.589976,0.702115,0.171584,0.337488,0.285635,0.426587,0.653645,0.634481,0.524562,0.174139,0.0977466,0.519745,0.756703,0.391244,0.373981,0.486694
0.60731,0.278885,0.512235,0.449531,1,0.635019,0.497868,0.452352,0.460641,0.382199,0.415803,0.452301,0.544352,0.557039,0.56545,0.421681,0.295723,0.551145,0.690499,0.468374,0.674852,0.4391,0.4911,0.53508,0.256489,0.387276,0.618396,0.465779,0.354327,-0.00973971,0.337849,0.419587,0.64418,0.618471,0.413588,0.298014,0.202279,0.413947,0.767927,0.717716,0.125154,0.582779,0.739906,0.266785,0.688716,0.719876,0.625815,0.668247,0.504209,0.561734,0.14722,0.269313,0.422462,0.540393,0.648135,0.575503,0.47294,0.579958,0.579043,0.356318,0.400938,0.486454,0.672271,0.581818,0.692269,0.299859,0.453949,0.535983,0.262821,0.428821,0.701415,0.513987,0.161892,0.200567,0.480033,0.443671,0.740575,0.44952,0.3438,0.0677321,0.409136,0.673255,0.533058,0.291951,0.519959
0.651676,0.232698,0.540677,0.482225,0.635019,1,0.332508,0.308583,0.514662,0.391659,0.539355,0.400154,0.453344,0.444337,0.612644,0.225908,0.266946,0.470893,0.658139,0.461055,0.615546,0.477821,0.468346,0.528852,0.412302,0.38228,0.596329,0.474432,0.424171,-0.0655348,0.224247,0.360182,0.457273,0.583225,0.401006,0.458557,0.174994,0.278818,0.700046,0.720683,0.348695,0.584485,0.693114,0.101388,0.679159,0.678995,0.584375,0.590698,0.48682,0.50599,0.217382,0.149596,0.478657,0.463003,0.570959,0.444377,0.42481,0.449633,0.618784,0.411806,0.220807,0.506306,0.697072,0.549422,0.667872,0.194122,0.453477,0.586617,0.358177,0.441244,0.682069,0.432182,0.259359,0.183499,0.426452,0.377598,0.603435,0.267202,0.320578,0.172034,0.469748,0.658877,0.497935,0.26837,0.536892
0.397234,0.401509,0.380741,0.447592,0.497868,0.332508,1,0.611373,0.310537,0.316686,0.381712,0.290005,0.371964,0.561048,0.450448,0.355059,0.309173,0.208346,0.597605,0.44107,0.408281,0.324089,0.283769,0.256652,-0.126727,0.146528,0.377023,0.209314,0.0854272,0.062933,0.0501442,0.246634,0.388663,0.320035,0.188579,0.00293151,0.0668915,0.344386,0.34484,0.302455,0.193817,0.409624,0.591507,0.414285,0.477983,0.446642,0.315889,0.417746,0.430862,0.371244,0.378817,0.603733,0.460677,0.340658,0.463898,0.519205,0.639501,0.421385,0.464322,0.0345395,0.12556,0.494987,0.425995,0.354713,0.386367,0.188777,0.391296,0.277947,0.181097,0.19879,0.412819,0.133737,0.0821717,-0.0581855,0.101054,0.355443,0.447002,0.273042,-0.0211682,0.120525,0.368656,0.383013,0.155594,0.122057,0.362317
0.364516,0.410988,0.338288,0.188948,0.452352,0.308583,0.611373,1,0.0268317,0.202734,0.260669,0.0490688,0.293258,0.407915,0.473421,0.105783,0.124938,0.187576,0.547537,0.236509,0.43378,0.385993,0.408059,0.318848,0.0735093,0.156197,0.455523,0.269777,-0.0105106,0.0460725,-0.144172,0.130068,0.356773,0.308316,0.0980723,0.0194834,0.291426,0.294754,0.306718,0.32292,0.366231,0.461116,0.508547,0.370978,0.434072,0.343223,0.382247,0.541714,0.401561,0.464891,0.221206,0.415875,0.26647,0.35072,0.439565,0.470748,0.549184,0.192749,0.447456,0.0444649,0.206407,0.441365,0.415726,0.272781,0.411995,0.000102635,0.440031,0.373165,0.361515,0.241412,0.359124,0.2651,0.142161,0.0786049,0.229832,0.14036,0.350874,0.183683,0.143772,0.313514,0.343946,0.276679,0.226082,0.308711,0.433335
0.626027,0.137974,0.534562,0.639212,0.460641,0.514662,0.310537,0.0268317,1,0.360854,0.458984,0.545872,0.562743,0.487138,0.678651,0.340269,0.390051,0.643673,0.528127,0.664277,0.668862,0.45871,0.488377,0.510532,0.346277,0.43599,0.398845,0.45749,0.414721,0.0792635,0.392217,0.300755,0.465538,0.51062,0.523035,0.324583,0.220315,0.414042,0.664494,0.570842,0.387829,0.489263,0.63519,0.0889153,0.621114,0.690509,0.522955,0.325394,0.578609,0.473039,0.387148,0.342087,0.6075,0.664006,0.557094,0.395757,0.25309,0.5325,0.460358,0.433656,0.370274,0.358365,0.516766,0.649091,0.696392,0.550723,0.493211,0.517323,0.313606,0.502264,0.651765,0.398626,0.182232,0.311215,0.380417,0.696592,0.623236,0.4042,0.268285,0.163885,0.389476,0.696566,0.451312,0.378686,0.496038
0.556205,0.176847,0.697249,0.776832,0.382199,0.391659,0.316686,0.202734,0.360854,1,0.776266,0.436304,0.658931,0.170012,0.395207,0.0999927,0.660965,0.344218,0.535562,0.683792,0.636559,0.630877,0.646151,0.550572,0.440334,0.460454,0.552805,0.478295,0.315977,0.190903,0.180608,0.435939,0.710272,0.631778,0.547224,-0.110231,0.0469421,0.312588,0.49037,0.353831,0.415086,0.473872,0.539811,-0.121889,0.685175,0.629115,0.222938,0.422827,0.193637,0.184202,0.381158,0.506572,0.765367,0.566482,0.78195,0.00356055,0.492341,0.388727,0.790529,0.28975,-0.140334,0.665741,0.660314,0.584336,0.65659,0.340976,0.355323,0.55784,0.108037,0.546765,0.577402,0.234317,0.205497,0.0414981,0.57772,0.571471,0.487245,0.463826,0.253381,0.173927,0.38428,0.563585,0.292718,0.348512,0.384527
0.824417,0.370835,0.88404,0.838658,0.415803,0.539355,0.381712,0.260669,0.458984,0.776266,1,0.492382,0.687383,0.363357,0.468077,0.148097,0.714965,0.41086,0.601064,0.675623,0.758131,0.554086,0.711594,0.673377,0.534581,0.626134,0.711121,0.643399,0.424344,0.125429,0.355074,0.584716,0.720584,0.791895,0.613704,0.0959816,0.183307,0.409743,0.658773,0.509598,0.458124,0.509834,0.735743,-0.13369,0.816211,0.704392,0.368917,0.601534,0.239912,0.307482,0.474757,0.547125,0.847625,0.458057,0.77336,0.162716,0.454643,0.445817,0.847006,0.327662,-0.015799,0.815069,0.694751,0.719102,0.706019,0.286796,0.530857,0.735329,0.261276,0.621622,0.735566,0.282349,0.300969,0.211717,0.542858,0.558708,0.662564,0.484069,0.352483,0.256116,0.580672,0.727466,0.452495,0.253002,0.516476
0.507097,0.17837,0.474327,0.582783,0.452301,0.400154,0.290005,0.0490688,0.545872,0.436304,0.492382,1,0.610395,0.371536,0.414811,0.517516,0.466854,0.377858,0.427023,0.669398,0.609561,0.321592,0.319965,0.269142,0.165896,0.182888,0.342052,0.442582,0.295146,-0.0798323,0.281216,0.441334,0.366236,0.600067,0.320517,0.11964,-0.0811458,0.426333,0.625303,0.497726,0.144619,0.243791,0.477936,0.0879448,0.486371,0.606318,0.183079,0.228159,0.475129,0.181753,0.257166,0.314843,0.554189,0.615032,0.57107,0.349027,0.0564498,0.528666,0.441024,0.213102,0.138033,0.368106,0.343596,0.524724,0.460003,0.355289,0.308584,0.287049,-0.118846,0.369572,0.396108,0.17784,0.122478,0.153502,0.215071,0.446539,0.582047,0.410124,0.147064,0.0155179,0.347199,0.581939,0.303948,-0.0554334,0.298853
0.624075,0.219967,0.665444,0.718279,0.544352,0.453344,0.371964,0.293258,0.562743,0.658931,0.687383,0.610395,1,0.471566,0.513133,0.419584,0.625782,0.440309,0.519978,0.633451,0.689672,0.540109,0.567804,0.471473,0.362518,0.362566,0.569658,0.407868,0.299756,0.171348,0.204006,0.379753,0.652271,0.690026,0.610591,-0.00721763,-0.00410344,0.530884,0.736616,0.557014,0.316939,0.424781,0.612029,0.188336,0.688026,0.718304,0.435905,0.507627,0.415661,0.330547,0.388808,0.513249,0.688373,0.619514,0.796976,0.428534,0.418575,0.671674,0.700313,0.548306,0.213008,0.584008,0.583958,0.725429,0.6773,0.460764,0.431206,0.526234,0.18985,0.463858,0.688026,0.262473,0.315597,0.195572,0.474878,0.569522,0.673704,0.478365,0.249187,0.124874,0.320797,0.740921,0.558829,0.368449,0.374978
0.555431,0.643839,0.336486,0.409781,0.557039,0.444337,0.561048,0.407915,0.487138,0.170012,0.363357,0.371536,0.471566,1,0.488228,0.731691,0.128287,0.329377,0.4403,0.37684,0.405279,0.360647,0.316979,0.211922,0.0959796,0.230402,0.399183,0.285852,0.0422238,0.00613356,0.0935713,0.16426,0.21339,0.331631,0.123487,0.157322,0.263821,0.475423,0.455337,0.558961,0.198288,0.418625,0.559752,0.690267,0.447876,0.494215,0.620886,0.515142,0.386242,0.376145,0.389953,0.446695,0.34181,0.381027,0.410717,0.862175,0.542339,0.71353,0.287101,0.332498,0.208916,0.417499,0.334525,0.388232,0.374287,0.155358,0.324881,0.257834,0.029096,0.165501,0.480663,0.302677,-0.0287986,0.166711,0.094377,0.345207,0.471129,0.12831,0.0367773,0.133761,0.332622,0.474451,0.54801,0.13886,0.282873
0.624403,0.129168,0.526121,0.526462,0.56545,0.612644,0.450448,0.473421,0.678651,0.395207,0.468077,0.414811,0.513133,0.488228,1,0.163279,0.284429,0.48227,0.623719,0.507441,0.690941,0.442391,0.629288,0.565047,0.364617,0.463664,0.53835,0.416952,0.530551,0.0516718,0.1608,0.255611,0.51576,0.590808,0.495902,0.250932,0.325837,0.574528,0.676361,0.661069,0.486919,0.771822,0.678426,0.149946,0.638184,0.636196,0.461788,0.589443,0.648189,0.68088,0.131435,0.245218,0.463523,0.579794,0.518933,0.496172,0.404827,0.412691,0.557234,0.343462,0.335079,0.433564,0.596045,0.486359,0.702283,0.24892,0.546542,0.5898,0.368106,0.519823,0.628695,0.651485,0.164025,0.256791,0.499414,0.537801,0.629739,0.276094,0.287893,0.284466,0.41877,0.605568,0.396896,0.570576,0.542107
0.197298,0.430737,0.0201602,0.272705,0.421681,0.225908,0.355059,0.105783,0.340269,0.0999927,0.148097,0.517516,0.419584,0.731691,0.163279,1,0.0233824,0.0761592,0.197867,0.24718,0.141507,0.182082,-0.0320315,-0.223656,-0.182397,-0.216189,-0.0197346,0.053086,-0.0999947,-0.00717267,0.0280993,0.0113298,0.0175824,0.13152,-0.0961405,-0.0729114,-0.0193717,0.256271,0.30974,0.352081,-0.0538831,0.0360597,0.219063,0.75665,0.121596,0.36182,0.350859,0.130805,0.316784,0.114296,0.257669,0.265518,0.110039,0.379413,0.271803,0.791379,0.258216,0.792124,0.0513897,0.207661,0.170196,0.170626,0.0377664,0.185171,0.0789462,0.129555,-0.114827,-0.168848,-0.268228,-0.109609,0.202603,-0.062781,-0.211979,-0.126563,-0.151219,0.166717,0.335631,0.0701451,-0.0797818,-0.100965,0.0389232,0.32145,0.376909,-0.142449,-0.130532
0.646901,0.348487,0.794067,0.768195,0.295723,0.266946,0.309173,0.124938,0.390051,0.660965,0.714965,0.466854,0.625782,0.128287,0.284429,0.0233824,1,0.483484,0.482395,0.724183,0.625333,0.34549,0.584,0.547624,0.342438,0.538981,0.598966,0.460409,0.370538,0.0636941,0.245149,0.494841,0.623181,0.624661,0.51332,0.0915635,-0.0262816,0.273099,0.426572,0.13235,0.270576,0.324807,0.61183,-0.244771,0.668999,0.522116,0.109255,0.403172,0.0754337,0.166563,0.429591,0.542882,0.756212,0.391777,0.655789,-0.0842722,0.378559,0.206083,0.72818,0.303058,-0.041809,0.740211,0.476244,0.606883,0.529688,0.449936,0.574951,0.626965,0.318018,0.693273,0.527394,0.160754,0.212887,0.321234,0.282315,0.456252,0.551537,0.578396,-0.0129875,-0.103799,0.416107,0.532311,0.00383346,0.23982,0.330744
0.647272,0.300175,0.588087,0.456832,0.551145,0.470893,0.208346,0.187576,0.643673,0.344218,0.41086,0.377858,0.440309,0.329377,0.48227,0.0761592,0.483484,1,0.561788,0.546951,0.658679,0.406227,0.530775,0.668912,0.299993,0.551157,0.589924,0.455243,0.384972,-0.12404,0.414488,0.364925,0.526735,0.455391,0.491139,0.394805,0.244902,0.314658,0.596872,0.50054,0.135009,0.474122,0.656727,-0.135155,0.641759,0.624342,0.485203,0.394254,0.40098,0.443381,0.274473,0.281742,0.5325,0.501502,0.573537,0.197818,0.264299,0.317446,0.47744,0.364099,0.403243,0.401773,0.601784,0.545003,0.702637,0.358344,0.554352,0.687641,0.488981,0.587213,0.581686,0.466736,0.197977,0.362211,0.316747,0.485488,0.568037,0.441183,0.454997,0.0940658,0.396191,0.572238,0.285647,0.28207,0.583771
0.688919,0.362253,0.684793,0.589359,0.690499,0.658139,0.597605,0.547537,0.528127,0.535562,0.601064,0.427023,0.519978,0.4403,0.623719,0.197867,0.482395,0.561788,1,0.681834,0.754796,0.564189,0.668762,0.639046,0.185149,0.465152,0.646169,0.493937,0.276347,0.0390048,0.208328,0.458325,0.597472,0.605519,0.350273,0.321749,0.282859,0.2537,0.692774,0.545671,0.337664,0.667404,0.846849,0.0852539,0.780155,0.735382,0.518697,0.639963,0.496806,0.411529,0.359023,0.525494,0.705925,0.575957,0.722185,0.384183,0.479193,0.397225,0.72337,0.271237,0.262693,0.631978,0.776911,0.611949,0.761185,0.23675,0.581951,0.669113,0.47333,0.625438,0.638939,0.447891,0.1358,0.149474,0.357856,0.572459,0.705724,0.442458,0.323073,0.269714,0.580375,0.6635,0.374714,0.36802,0.533569
0.702565,0.348935,0.775069,0.838736,0.468374,0.461055,0.44107,0.236509,0.664277,0.683792,0.675623,0.669398,0.633451,0.37684,0.507441,0.24718,0.724183,0.546951,0.681834,1,0.810633,0.574881,0.706161,0.617336,0.330342,0.493129,0.659713,0.599719,0.262219,-0.0501071,0.359539,0.529054,0.601712,0.686114,0.420187,0.177574,0.136496,0.349626,0.651077,0.439652,0.38314,0.504808,0.748223,-0.0727734,0.805771,0.690707,0.420497,0.389367,0.357874,0.376548,0.366979,0.629383,0.863365,0.71783,0.734142,0.177867,0.398232,0.3512,0.741369,0.337055,0.0638856,0.691055,0.624243,0.802841,0.744688,0.545521,0.627946,0.655972,0.215857,0.666135,0.624418,0.271505,0.220888,0.371939,0.339945,0.640541,0.626694,0.528933,0.102259,0.15307,0.535007,0.703268,0.280304,0.284413,0.546198
0.843905,0.31298,0.85869,0.763113,0.674852,0.615546,0.408281,0.43378,0.668862,0.636559,0.758131,0.609561,0.689672,0.405279,0.690941,0.141507,0.625333,0.658679,0.754796,0.810633,1,0.596328,0.788789,0.819316,0.531674,0.663261,0.785413,0.703666,0.463028,0.0207885,0.456056,0.645456,0.795473,0.847262,0.599368,0.301458,0.294977,0.521779,0.829716,0.690543,0.469789,0.709373,0.868518,-0.0960495,0.916702,0.822021,0.575957,0.644458,0.523049,0.533407,0.320167,0.50569,0.833056,0.717598,0.813003,0.306371,0.408196,0.428425,0.83368,0.376875,0.290169,0.73544,0.839903,0.841937,0.920199,0.484969,0.764746,0.840058,0.382132,0.705979,0.806756,0.53454,0.400308,0.411494,0.609509,0.658969,0.783048,0.582631,0.381884,0.271,0.561169,0.829979,0.456169,0.431844,0.730291
0.568664,0.372934,0.561873,0.528865,0.4391,0.477821,0.324089,0.385993,0.45871,0.630877,0.554086,0.321592,0.540109,0.360647,0.442391,0.182082,0.34549,0.406227,0.564189,0.574881,0.596328,1,0.65548,0.577628,0.334637,0.419896,0.480647,0.394623,0.204298,0.364966,0.143208,0.141836,0.532625,0.537407,0.336018,0.12014,0.209142,0.328625,0.487061,0.541722,0.517677,0.491388,0.523206,0.131921,0.621098,0.6073,0.538246,0.34108,0.520243,0.319634,0.49055,0.442288,0.586062,0.697047,0.719502,0.185909,0.540574,0.345033,0.614253,0.226603,0.0663854,0.526839,0.662434,0.524898,0.68083,0.41205,0.462089,0.568772,0.215532,0.398618,0.583817,0.33565,0.347102,-0.0414204,0.577857,0.570241,0.502636,0.278891,0.322635,0.426243,0.347267,0.498987,0.469257,0.168667,0.420366
0.786314,0.335359,0.831834,0.683035,0.4911,0.468346,0.283769,0.408059,0.488377,0.646151,0.711594,0.319965,0.567804,0.316979,0.629288,-0.0320315,0.584,0.530775,0.668762,0.706161,0.788789,0.65548,1,0.838576,0.582543,0.74682,0.832191,0.647425,0.470829,0.214973,0.336743,0.440844,0.739257,0.797313,0.555749,0.225065,0.437716,0.432493,0.68737,0.593737,0.522441,0.74781,0.746668,-0.172021,0.827524,0.668094,0.549074,0.647132,0.296863,0.482952,0.195576,0.444667,0.696245,0.567262,0.668227,0.121853,0.411549,0.180006,0.736562,0.323954,0.0477396,0.726857,0.694558,0.705825,0.815972,0.380209,0.663496,0.862525,0.451066,0.773609,0.735545,0.608815,0.338332,0.382278,0.628596,0.689587,0.704137,0.430322,0.359295,0.425104,0.524395,0.688153,0.457992,0.475778,0.596946
0.809836,0.220835,0.85962,0.579033,0.53508,0.528852,0.256652,0.318848,0.510532,0.550572,0.673377,0.269142,0.471473,0.211922,0.565047,-0.223656,0.547624,0.668912,0.639046,0.617336,0.819316,0.577628,0.838576,1,0.582787,0.84318,0.823874,0.66436,0.572071,0.0873939,0.554809,0.517385,0.782499,0.747517,0.61078,0.446202,0.401189,0.345822,0.699881,0.574068,0.417851,0.70104,0.784152,-0.366401,0.847735,0.691551,0.539871,0.6579,0.283889,0.435582,0.19788,0.265587,0.672833,0.435287,0.662187,-0.0086807,0.359944,0.0856186,0.737576,0.23851,0.0713291,0.664432,0.765011,0.708478,0.863797,0.345918,0.744162,0.965206,0.559887,0.802089,0.7907,0.717382,0.372503,0.476384,0.677134,0.642783,0.696128,0.529173,0.520953,0.441011,0.536708,0.641718,0.395432,0.42021,0.754654
0.563678,-0.0347376,0.561832,0.468145,0.256489,0.412302,-0.126727,0.0735093,0.346277,0.440334,0.534581,0.165896,0.362518,0.0959796,0.364617,-0.182397,0.342438,0.299993,0.185149,0.330342,0.531674,0.334637,0.582543,0.582787,1,0.688418,0.600911,0.715831,0.513258,0.202832,0.373282,0.315406,0.575505,0.633676,0.564091,0.237982,0.327447,0.328009,0.470523,0.49827,0.518862,0.491501,0.402154,-0.30327,0.539488,0.379954,0.306731,0.467612,0.0530221,0.40207,0.157197,0.133197,0.452406,0.272424,0.397346,-0.0520572,0.120726,0.0615316,0.474109,0.307732,-0.1179,0.440236,0.427747,0.574743,0.56356,0.344881,0.448465,0.598836,0.149037,0.525842,0.605723,0.364921,0.49527,0.513363,0.687639,0.471692,0.358591,0.350382,0.229925,0.166707,0.4029,0.552047,0.510775,0.413093,0.609513
0.715771,0.252028,0.73947,0.495158,0.387276,0.38228,0.146528,0.156197,0.43599,0.460454,0.626134,0.182888,0.362566,0.230402,0.463664,-0.216189,0.538981,0.551157,0.465152,0.493129,0.663261,0.419896,0.74682,0.84318,0.688418,1,0.724135,0.649831,0.579327,0.232786,0.453363,0.518902,0.699856,0.687841,0.512169,0.467286,0.430861,0.326199,0.508911,0.443463,0.310479,0.707846,0.617164,-0.35247,0.690197,0.489911,0.440654,0.608058,0.0825038,0.335434,0.288523,0.31875,0.585446,0.21803,0.477666,-0.050765,0.279997,0.0359876,0.56465,0.17472,-0.048979,0.603444,0.586496,0.574975,0.683934,0.34426,0.698742,0.812818,0.334992,0.723025,0.654558,0.668647,0.345277,0.503806,0.633689,0.562314,0.533819,0.499787,0.301665,0.204364,0.506895,0.555684,0.327389,0.364626,0.627155
0.840519,0.360359,0.865719,0.683483,0.618396,0.596329,0.377023,0.455523,0.398845,0.552805,0.711121,0.342052,0.569658,0.399183,0.53835,-0.0197346,0.598966,0.589924,0.646169,0.659713,0.785413,0.480647,0.832191,0.823874,0.600911,0.724135,1,0.673131,0.437548,-0.0714999,0.392977,0.512713,0.735931,0.80406,0.617004,0.322081,0.266928,0.471972,0.740172,0.633919,0.351771,0.699434,0.838024,-0.166225,0.873664,0.659414,0.581519,0.75063,0.257155,0.522228,0.203283,0.430855,0.704094,0.413347,0.671047,0.194428,0.521188,0.208815,0.781327,0.366,0.0719669,0.805035,0.746613,0.783349,0.786684,0.325395,0.74273,0.879353,0.435177,0.695363,0.794278,0.509163,0.462121,0.540295,0.533994,0.532782,0.70839,0.514362,0.339373,0.237353,0.532311,0.715095,0.476101,0.436644,0.760243
0.720362,0.181241,0.690616,0.630098,0.465779,0.474432,0.209314,0.269777,0.45749,0.478295,0.643399,0.442582,0.407868,0.285852,0.416952,0.053086,0.460409,0.455243,0.493937,0.599719,0.703666,0.394623,0.647425,0.66436,0.715831,0.649831,0.673131,1,0.488314,0.182672,0.437541,0.519015,0.636421,0.761321,0.505099,0.309568,0.379491,0.365748,0.653749,0.580452,0.491639,0.464708,0.660579,-0.19681,0.710384,0.59663,0.433525,0.535186,0.198647,0.400369,0.239862,0.376644,0.638514,0.468496,0.545029,0.141116,0.10725,0.189447,0.572191,0.196684,0.0460345,0.522232,0.507077,0.661827,0.695797,0.269691,0.49888,0.676687,0.163704,0.668574,0.644508,0.360348,0.440325,0.529763,0.58045,0.628038,0.572026,0.572566,0.316658,0.260342,0.698589,0.683941,0.524729,0.258533,0.66148
0.479553,-0.143986,0.464687,0.38024,0.354327,0.424171,0.0854272,-0.0105106,0.414721,0.315977,0.424344,0.295146,0.299756,0.0422238,0.530551,-0.0999947,0.370538,0.384972,0.276347,0.262219,0.463028,0.204298,0.470829,0.572071,0.513258,0.579327,0.437548,0.488314,1,0.138239,0.496581,0.23419,0.6027,0.580621,0.636243,0.331661,0.258304,0.435849,0.519769,0.496775,0.252637,0.549653,0.423804,-0.337031,0.43943,0.473771,0.219174,0.419303,0.341823,0.435561,0.0360082,-0.0884699,0.264582,0.192286,0.290268,0.00353339,0.016504,0.0913168,0.382954,0.115021,-0.0112961,0.296434,0.381462,0.395367,0.524999,0.257604,0.418881,0.537854,0.250171,0.521428,0.578396,0.552227,0.242789,0.286146,0.573766,0.481601,0.608989,0.528876,0.359464,0.222087,0.360843,0.470693,0.213431,0.262496,0.432441
0.0446932,0.0352989,0.0504822,0.0366878,-0.00973971,-0.0655348,0.062933,0.0460725,0.0792635,0.190903,0.125429,-0.0798323,0.171348,0.00613356,0.0516718,-0.00717267,0.0636941,-0.12404,0.0390048,-0.0501071,0.0207885,0.364966,0.214973,0.0873939,0.202832,0.232786,-0.0714999,0.182672,0.138239,1,-0.0418378,-0.00459832,0.232628,0.172185,0.0728185,-0.181813,0.034831,0.200682,0.00464601,0.133176,0.259184,0.0927689,-0.0113924,0.15555,0.00195384,0.0522058,0.0212388,0.0787856,0.100403,0.00286401,0.333728,0.191122,0.10453,0.0508919,0.138683,-0.00826955,-0.0475262,0.0640956,0.0266248,-0.135789,0.0451868,0.00687034,0.0119016,0.000704082,0.122055,0.0468661,-0.0301536,0.0345753,-0.00682845,0.0944543,0.122172,0.130919,0.173679,-0.206149,0.331911,0.289572,0.0840229,0.04961,0.0177232,0.12272,0.174431,0.0984555,0.279187,0.121166,-0.0669754
0.470285,0.0204033,0.475449,0.299779,0.337849,0.224247,0.0501442,-0.144172,0.392217,0.180608,0.355074,0.281216,0.204006,0.0935713,0.1608,0.0280993,0.245149,0.414488,0.208328,0.359539,0.456056,0.143208,0.336743,0.554809,0.373282,0.453363,0.392977,0.437541,0.496581,-0.0418378,1,0.327747,0.446262,0.379497,0.311235,0.240372,0.176343,0.138913,0.486633,0.398572,-0.000703141,0.248415,0.429188,-0.26946,0.425811,0.444497,0.238112,0.242076,0.109259,0.315176,0.0580692,-0.0442521,0.332834,0.133399,0.296548,-0.0148846,-0.0367545,0.108905,0.31075,0.0433884,0.0431671,0.30855,0.299092,0.515335,0.436331,0.215345,0.286897,0.499361,0.251689,0.409751,0.567886,0.34588,0.11739,0.373972,0.303039,0.351201,0.502126,0.368945,0.372106,0.178095,0.226955,0.391935,0.312485,0.0205668,0.531076
0.570201,0.222377,0.621209,0.535731,0.419587,0.360182,0.246634,0.130068,0.300755,0.435939,0.584716,0.441334,0.379753,0.16426,0.255611,0.0113298,0.494841,0.364925,0.458325,0.529054,0.645456,0.141836,0.440844,0.517385,0.315406,0.518902,0.512713,0.519015,0.23419,-0.00459832,0.327747,1,0.562558,0.620059,0.309799,0.125661,0.131711,0.206369,0.523742,0.353117,0.179389,0.37779,0.582452,-0.184337,0.611882,0.42509,0.143114,0.424064,0.0994713,0.258179,0.186949,0.36246,0.615107,0.199168,0.449488,0.104947,0.108635,0.236089,0.540622,0.103645,0.14666,0.455681,0.470635,0.539835,0.512908,0.142264,0.404999,0.532067,0.0858027,0.483286,0.431958,0.263997,0.133883,0.186588,0.334771,0.27497,0.438925,0.393735,0.148903,-0.0514634,0.555876,0.560439,0.250365,0.169572,0.371273
0.700595,0.147279,0.795538,0.692446,0.64418,0.457273,0.388663,0.356773,0.465538,0.710272,0.720584,0.366236,0.652271,0.21339,0.51576,0.0175824,0.623181,0.526735,0.597472,0.601712,0.795473,0.532625,0.739257,0.782499,0.575505,0.699856,0.735931,0.636421,0.6027,0.232628,0.446262,0.562558,1,0.796914,0.713665,0.137049,0.236053,0.450089,0.731677,0.580361,0.388655,0.667148,0.738587,-0.17287,0.832065,0.735244,0.452027,0.616229,0.327223,0.484534,0.281443,0.424072,0.698558,0.502452,0.769548,0.127098,0.418302,0.345841,0.818542,0.30355,0.121295,0.700416,0.739854,0.778131,0.83535,0.437118,0.580766,0.771483,0.370946,0.648568,0.811555,0.492486,0.402629,0.289234,0.69718,0.612082,0.746176,0.674172,0.38582,0.238003,0.491022,0.74603,0.424881,0.46311,0.649737
0.807024,0.192807,0.831621,0.739336,0.618471,0.583225,0.320035,0.308316,0.51062,0.631778,0.791895,0.600067,0.690026,0.331631,0.590808,0.13152,0.624661,0.455391,0.605519,0.686114,0.847262,0.537407,0.797313,0.747517,0.633676,0.687841,0.80406,0.761321,0.580621,0.172185,0.379497,0.620059,0.796914,1,0.637116,0.3255,0.314752,0.608414,0.821837,0.716804,0.510345,0.664402,0.743178,-0.164764,0.844393,0.772385,0.518454,0.673503,0.372787,0.421533,0.220834,0.386596,0.708727,0.539472,0.677948,0.226514,0.313946,0.321616,0.761161,0.304229,0.0666592,0.711925,0.700619,0.781867,0.814481,0.447536,0.665038,0.794271,0.226961,0.679867,0.771348,0.52172,0.500311,0.390467,0.705119,0.670572,0.816744,0.615652,0.323169,0.245755,0.575044,0.82598,0.546057,0.33152,0.590313
0.572133,-0.0947812,0.643799,0.641717,0.413588,0.401006,0.188579,0.0980723,0.523035,0.547224,0.613704,0.320517,0.610591,0.123487,0.495902,-0.0961405,0.51332,0.491139,0.350273,0.420187,0.599368,0.336018,0.555749,0.61078,0.564091,0.512169,0.617004,0.505099,0.636243,0.0728185,0.311235,0.309799,0.713665,0.637116,1,0.0694601,0.0296004,0.458635,0.62811,0.530754,0.263928,0.417663,0.548139,-0.291519,0.652769,0.561912,0.3378,0.470726,0.271874,0.38033,0.184664,0.242977,0.56914,0.41837,0.620271,0.0228923,0.245256,0.348053,0.655404,0.512055,0.169069,0.437178,0.617213,0.6383,0.681305,0.446258,0.503276,0.606226,0.334323,0.457805,0.692488,0.309993,0.481987,0.309636,0.634535,0.562145,0.560935,0.530364,0.457332,0.211529,0.34324,0.634464,0.4078,0.480527,0.590267
0.31989,0.0317116,0.25578,-0.00576896,0.298014,0.458557,0.00293151,0.0194834,0.324583,-0.110231,0.0959816,0.11964,-0.00721763,0.157322,0.250932,-0.0729114,0.0915635,0.394805,0.321749,0.177574,0.301458,0.12014,0.225065,0.446202,0.237982,0.467286,0.322081,0.309568,0.331661,-0.181813,0.240372,0.125661,0.137049,0.3255,0.0694601,1,0.529504,0.0426189,0.316933,0.278953,0.181444,0.352958,0.317694,-0.221132,0.328697,0.37917,0.502331,0.275304,0.0714433,0.0625059,-0.00411576,-0.0839447,0.0984679,0.0907875,0.0574003,0.048153,0.0605955,-0.116366,0.141853,0.142915,0.0269925,0.203255,0.272084,0.227821,0.348311,0.25768,0.45291,0.446705,0.351749,0.456663,0.294319,0.524441,0.165767,0.410687,0.228698,0.301678,0.38324,0.366398,0.180996,0.206618,0.207396,0.259135,0.160801,0.0129192,0.335827
0.301224,0.0925049,0.240074,0.0794541,0.202279,0.174994,0.0668915,0.291426,0.220315,0.0469421,0.183307,-0.0811458,-0.00410344,0.263821,0.325837,-0.0193717,-0.0262816,0.244902,0.282859,0.136496,0.294977,0.209142,0.437716,0.401189,0.327447,0.430861,0.266928,0.379491,0.258304,0.034831,0.176343,0.131711,0.236053,0.314752,0.0296004,0.529504,1,0.15344,0.222564,0.296636,0.543596,0.445733,0.276446,-0.0448789,0.320667,0.34562,0.457876,0.268497,0.0426464,0.257834,-0.0220961,0.105825,0.0805908,0.183282,0.0359121,0.170784,0.0897666,-0.03933,0.131347,0.141262,-0.0639712,0.19845,0.194206,0.218274,0.365793,0.155567,0.284988,0.408401,0.221334,0.416922,0.296851,0.493708,0.0312115,0.224414,0.367551,0.404097,0.335772,0.198891,0.23966,0.535007,0.365566,0.265382,0.353624,0.153188,0.252328
0.456106,0.0625695,0.378576,0.444457,0.413947,0.278818,0.344386,0.294754,0.414042,0.312588,0.409743,0.426333,0.530884,0.475423,0.574528,0.256271,0.273099,0.314658,0.2537,0.349626,0.521779,0.328625,0.432493,0.345822,0.328009,0.326199,0.471972,0.365748,0.435849,0.200682,0.138913,0.206369,0.450089,0.608414,0.458635,0.0426189,0.15344,1,0.533937,0.594352,0.382935,0.506014,0.408166,0.120571,0.427682,0.524706,0.376997,0.452966,0.577121,0.446878,0.220281,0.374991,0.397184,0.41295,0.366153,0.458758,0.273409,0.386761,0.331408,0.134651,0.222611,0.341282,0.382763,0.485537,0.510875,0.290723,0.467324,0.385113,0.0113543,0.219286,0.425912,0.340979,0.369758,0.249843,0.469498,0.497881,0.524383,0.412353,0.216017,0.139815,0.399865,0.588553,0.480939,0.241094,0.412361
0.783997,0.115561,0.741642,0.667881,0.767927,0.700046,0.34484,0.306718,0.664494,0.49037,0.658773,0.625303,0.736616,0.455337,0.676361,0.30974,0.426572,0.596872,0.692774,0.651077,0.829716,0.487061,0.68737,0.699881,0.470523,0.508911,0.740172,0.653749,0.519769,0.00464601,0.486633,0.523742,0.731677,0.821837,0.62811,0.316933,0.222564,0.533937,1,0.832594,0.330334,0.604604,0.811034,0.0033327,0.837161,0.851311,0.617819,0.663023,0.52434,0.576075,0.125493,0.30496,0.657401,0.635618,0.732295,0.456827,0.298224,0.55274,0.705823,0.453461,0.369938,0.563224,0.695079,0.801561,0.844507,0.322736,0.502499,0.729658,0.364804,0.602763,0.813571,0.515866,0.327418,0.381969,0.560081,0.613645,0.840957,0.55144,0.506157,0.276675,0.51714,0.861596,0.699579,0.39567,0.642882
0.668972,0.181884,0.528331,0.487309,0.717716,0.720683,0.302455,0.32292,0.570842,0.353831,0.509598,0.497726,0.557014,0.558961,0.661069,0.352081,0.13235,0.50054,0.545671,0.439652,0.690543,0.541722,0.593737,0.574068,0.49827,0.443463,0.633919,0.580452,0.496775,0.133176,0.398572,0.353117,0.580361,0.716804,0.530754,0.278953,0.296636,0.594352,0.832594,1,0.343744,0.63904,0.673968,0.200204,0.677918,0.725833,0.673053,0.554825,0.579596,0.617454,0.0679675,0.150308,0.433077,0.546562,0.561117,0.565727,0.27292,0.566869,0.526941,0.374632,0.345531,0.402621,0.672348,0.637809,0.754134,0.241193,0.421304,0.58356,0.213608,0.378564,0.760063,0.54067,0.394078,0.180748,0.555574,0.550647,0.726943,0.292176,0.477023,0.382723,0.432855,0.760949,0.766657,0.309693,0.615246
0.46211,0.0794153,0.452844,0.465974,0.125154,0.348695,0.193817,0.366231,0.387829,0.415086,0.458124,0.144619,0.316939,0.198288,0.486919,-0.0538831,0.270576,0.135009,0.337664,0.38314,0.469789,0.517677,0.522441,0.417851,0.518862,0.310479,0.351771,0.491639,0.252637,0.259184,-0.000703141,0.179389,0.388655,0.510345,0.263928,0.181444,0.543596,0.382935,0.330334,0.343744,1,0.445068,0.389251,-0.00382879,0.475437,0.46277,0.292207,0.309603,0.303664,0.381018,0.285692,0.291501,0.423769,0.427846,0.323944,0.129697,0.303961,0.0547387,0.45281,0.186499,-0.034435,0.407481,0.33494,0.408906,0.482153,0.217112,0.380964,0.490635,0.232753,0.499103,0.397696,0.288862,0.302525,0.18257,0.518303,0.519643,0.365702,0.216542,0.169635,0.427741,0.479676,0.396514,0.394977,0.334359,0.332837
0.632677,0.233621,0.586357,0.495561,0.582779,0.584485,0.409624,0.461116,0.489263,0.473872,0.509834,0.243791,0.424781,0.418625,0.771822,0.0360597,0.324807,0.474122,0.667404,0.504808,0.709373,0.491388,0.74781,0.70104,0.491501,0.707846,0.699434,0.464708,0.549653,0.0927689,0.248415,0.37779,0.667148,0.664402,0.417663,0.352958,0.445733,0.506014,0.604604,0.63904,0.445068,1,0.688064,-0.0129956,0.676186,0.608679,0.564875,0.681756,0.464406,0.591187,0.177244,0.303488,0.490488,0.400517,0.474213,0.350275,0.498241,0.230476,0.58176,0.139113,0.0828912,0.607412,0.728062,0.556951,0.744155,0.254591,0.672895,0.707111,0.320776,0.593253,0.65537,0.735142,0.288618,0.286504,0.587901,0.588789,0.641099,0.349334,0.311778,0.274609,0.457794,0.627815,0.369763,0.498437,0.611276
0.900991,0.467338,0.873616,0.76693,0.739906,0.693114,0.591507,0.508547,0.63519,0.539811,0.735743,0.477936,0.612029,0.559752,0.678426,0.219063,0.61183,0.656727,0.846849,0.748223,0.868518,0.523206,0.746668,0.784152,0.402154,0.617164,0.838024,0.660579,0.423804,-0.0113924,0.429188,0.582452,0.738587,0.743178,0.548139,0.317694,0.276446,0.408166,0.811034,0.673968,0.389251,0.688064,1,0.0718186,0.920384,0.802009,0.589168,0.729434,0.450192,0.589395,0.361968,0.498582,0.783714,0.563839,0.788292,0.423441,0.550045,0.46589,0.82805,0.363105,0.296581,0.79482,0.789167,0.787828,0.848893,0.299145,0.693054,0.832633,0.535539,0.724429,0.849818,0.501999,0.257296,0.377299,0.40897,0.596415,0.815354,0.508375,0.354621,0.270198,0.638122,0.794731,0.478049,0.457369,0.715768
-0.00227838,0.484417,-0.207536,-0.0339827,0.266785,0.101388,0.414285,0.370978,0.0889153,-0.121889,-0.13369,0.0879448,0.188336,0.690267,0.149946,0.75665,-0.244771,-0.135155,0.0852539,-0.0727734,-0.0960495,0.131921,-0.172021,-0.366401,-0.30327,-0.35247,-0.166225,-0.19681,-0.337031,0.15555,-0.26946,-0.184337,-0.17287,-0.164764,-0.291519,-0.221132,-0.0448789,0.120571,0.0033327,0.200204,-0.00382879,-0.0129956,0.0718186,1,-0.0802962,0.0651727,0.227651,0.0778818,0.256989,0.144931,0.206858,0.170082,-0.134896,0.137332,0.0701048,0.793975,0.347903,0.598985,-0.096449,0.136938,0.259682,-0.0114274,-0.0895209,-0.119083,-0.121289,-0.129683,-0.195813,-0.322248,-0.150647,-0.311784,0.0387743,-0.070118,-0.259423,-0.3075,-0.281369,-0.124046,0.0385191,-0.25767,-0.273855,-0.0822633,-0.120837,-0.00870673,0.254804,-0.00533278,-0.209365
0.888769,0.355253,0.928102,0.821939,0.688716,0.679159,0.477983,0.434072,0.621114,0.685175,0.816211,0.486371,0.688026,0.447876,0.638184,0.121596,0.668999,0.641759,0.780155,0.805771,0.916702,0.621098,0.827524,0.847735,0.539488,0.690197,0.873664,0.710384,0.43943,0.00195384,0.425811,0.611882,0.832065,0.844393,0.652769,0.328697,0.320667,0.427682,0.837161,0.677918,0.475437,0.676186,0.920384,-0.0802962,1,0.852527,0.63443,0.687721,0.358594,0.518149,0.30266,0.532062,0.847355,0.649043,0.84494,0.273949,0.567403,0.431164,0.925546,0.4907,0.192006,0.815695,0.845954,0.870255,0.914873,0.45517,0.722878,0.89383,0.466989,0.732063,0.877399,0.499815,0.372366,0.400404,0.589248,0.63365,0.790516,0.593302,0.3566,0.316636,0.582644,0.82391,0.511472,0.425787,0.742806
0.750714,0.217111,0.745304,0.705796,0.719876,0.678995,0.446642,0.343223,0.690509,0.629115,0.704392,0.606318,0.718304,0.494215,0.636196,0.36182,0.522116,0.624342,0.735382,0.690707,0.822021,0.6073,0.668094,0.691551,0.379954,0.489911,0.659414,0.59663,0.473771,0.0522058,0.444497,0.42509,0.735244,0.772385,0.561912,0.37917,0.34562,0.524706,0.851311,0.725833,0.46277,0.608679,0.802009,0.0651727,0.852527,1,0.639109,0.581156,0.494954,0.419331,0.302585,0.401489,0.702988,0.719164,0.808437,0.43318,0.483268,0.592699,0.779885,0.405219,0.253179,0.67113,0.747025,0.77365,0.860839,0.405868,0.536102,0.725006,0.418624,0.647938,0.802993,0.50489,0.236853,0.217428,0.55062,0.721402,0.866135,0.610528,0.480571,0.37648,0.51725,0.839954,0.594844,0.256491,0.604914
0.548983,0.379628,0.44169,0.353923,0.625815,0.584375,0.315889,0.382247,0.522955,0.222938,0.368917,0.183079,0.435905,0.620886,0.461788,0.350859,0.109255,0.485203,0.518697,0.420497,0.575957,0.538246,0.549074,0.539871,0.306731,0.440654,0.581519,0.433525,0.219174,0.0212388,0.238112,0.143114,0.452027,0.518454,0.3378,0.502331,0.457876,0.376997,0.617819,0.673053,0.292207,0.564875,0.589168,0.227651,0.63443,0.639109,1,0.544705,0.374165,0.397712,0.160563,0.316334,0.35553,0.51753,0.467349,0.5148,0.472215,0.433026,0.44213,0.426997,0.29347,0.477294,0.624133,0.574461,0.670655,0.461366,0.548253,0.575265,0.335359,0.332327,0.64991,0.49401,0.350294,0.368362,0.434824,0.483537,0.584474,0.340565,0.377839,0.387597,0.23538,0.597502,0.564808,0.27732,0.511848
0.738478,0.35693,0.684428,0.463912,0.668247,0.590698,0.417746,0.541714,0.325394,0.422827,0.601534,0.228159,0.507627,0.515142,0.589443,0.130805,0.403172,0.394254,0.639963,0.389367,0.644458,0.34108,0.647132,0.6579,0.467612,0.608058,0.75063,0.535186,0.419303,0.0787856,0.242076,0.424064,0.616229,0.673503,0.470726,0.275304,0.268497,0.452966,0.663023,0.554825,0.309603,0.681756,0.729434,0.0778818,0.687721,0.581156,0.544705,1,0.26183,0.438192,0.261789,0.296054,0.479669,0.266181,0.566453,0.439253,0.501944,0.35377,0.600547,0.207578,0.105505,0.647547,0.598117,0.522389,0.638982,0.116313,0.631121,0.698636,0.429156,0.570006,0.68322,0.631914,0.150239,0.473071,0.562626,0.418589,0.636622,0.381659,0.3432,0.134924,0.539529,0.606044,0.485745,0.481417,0.560683
0.379257,0.0925487,0.236076,0.308733,0.504209,0.48682,0.430862,0.401561,0.578609,0.193637,0.239912,0.475129,0.415661,0.386242,0.648189,0.316784,0.0754337,0.40098,0.496806,0.357874,0.523049,0.520243,0.296863,0.283889,0.0530221,0.0825038,0.257155,0.198647,0.341823,0.100403,0.109259,0.0994713,0.327223,0.372787,0.271874,0.0714433,0.0426464,0.577121,0.52434,0.579596,0.303664,0.464406,0.450192,0.256989,0.358594,0.494954,0.374165,0.26183,1,0.569209,0.332268,0.255641,0.329391,0.61887,0.437149,0.510639,0.241732,0.430856,0.288229,0.0937112,0.458709,0.17464,0.484615,0.375255,0.520431,0.305014,0.362281,0.280806,0.141795,0.124746,0.426495,0.280988,0.246128,-0.0600242,0.340805,0.405396,0.52635,0.235403,0.282621,0.188601,0.294941,0.482046,0.321187,0.169069,0.37271
0.498365,0.130081,0.390878,0.389634,0.561734,0.50599,0.371244,0.464891,0.473039,0.184202,0.307482,0.181753,0.330547,0.376145,0.68088,0.114296,0.166563,0.443381,0.411529,0.376548,0.533407,0.319634,0.482952,0.435582,0.40207,0.335434,0.522228,0.400369,0.435561,0.00286401,0.315176,0.258179,0.484534,0.421533,0.38033,0.0625059,0.257834,0.446878,0.576075,0.617454,0.381018,0.591187,0.589395,0.144931,0.518149,0.419331,0.397712,0.438192,0.569209,1,0.108378,0.20139,0.310124,0.403726,0.371235,0.423758,0.364737,0.308178,0.418003,0.2475,0.422095,0.327534,0.429262,0.507905,0.560774,0.167839,0.367008,0.491293,0.324902,0.366979,0.599448,0.359484,0.183407,0.212251,0.406918,0.295328,0.512607,0.193785,0.263164,0.142466,0.449702,0.510848,0.407234,0.421697,0.590161
0.414315,0.455163,0.385322,0.412324,0.14722,0.217382,0.378817,0.221206,0.387148,0.381158,0.474757,0.257166,0.388808,0.389953,0.131435,0.257669,0.429591,0.274473,0.359023,0.366979,0.320167,0.49055,0.195576,0.19788,0.157197,0.288523,0.203283,0.239862,0.0360082,0.333728,0.0580692,0.186949,0.281443,0.220834,0.184664,-0.00411576,-0.0220961,0.220281,0.125493,0.0679675,0.285692,0.177244,0.361968,0.206858,0.30266,0.302585,0.160563,0.261789,0.332268,0.108378,1,0.625304,0.546596,0.271603,0.511563,0.204932,0.394415,0.368091,0.342254,0.019298,0.0244171,0.43418,0.298554,0.337981,0.292825,0.289913,0.359843,0.232432,0.0654308,0.193629,0.311878,-0.0648262,0.116213,-0.0116598,0.215522,0.326724,0.243173,0.302049,0.0362834,-0.0788982,0.434979,0.309893,0.219778,-0.00863207,0.243993
0.434229,0.416927,0.496136,0.618709,0.269313,0.149596,0.603733,0.415875,0.342087,0.506572,0.547125,0.314843,0.513249,0.446695,0.245218,0.265518,0.542882,0.281742,0.525494,0.629383,0.50569,0.442288,0.444667,0.265587,0.133197,0.31875,0.430855,0.376644,-0.0884699,0.191122,-0.0442521,0.36246,0.424072,0.386596,0.242977,-0.0839447,0.105825,0.374991,0.30496,0.150308,0.291501,0.303488,0.498582,0.170082,0.532062,0.401489,0.316334,0.296054,0.255641,0.20139,0.625304,1,0.75006,0.50335,0.581106,0.274742,0.495066,0.400786,0.52078,0.239698,0.122453,0.570625,0.428073,0.5306,0.444355,0.412717,0.433999,0.326225,0.0338018,0.278883,0.32767,-0.0891816,0.269772,0.120626,0.195267,0.442546,0.298,0.420259,-0.0802705,0.00315043,0.465622,0.485362,0.243979,0.137669,0.346998
