1,0.798796,0.911736,0.764552,0.704255,0.798614,0.460117,0.73272,0.568688,0.684677,0.784751,0.598152,0.785793,0.830633,0.708532,0.719264,0.82817,0.679095,0.694513,0.708465,0.839131,0.479879,0.677452,0.835453,0.398666,0.673923,0.825002,0.706706,0.324441,0.417746,0.0236675,0.594048,0.776712,0.776963,0.596457,0.436526,0.28342,0.292071,0.864803,0.646981,0.593462,0.536963,0.881609,0.860244,0.924896,0.81664,0.845999,0.860396,0.53009,0.440046,0.453324,0.652398,0.699962,0.70173,0.778209,0.819993,0.858281,0.79209,0.837416,0.102819,0.442999,0.678181,0.854924,0.820199,0.878605,0.656,0.795333,0.907983,0.553257,0.737073,0.760074,0.51787,0.435425,0.340001,0.601256,0.727175,0.738133,0.663239,0.490566,0.482039,0.586115,0.82273,0.75154,0.31251,0.862838
0.798796,1,0.829039,0.66681,0.679417,0.704704,0.597382,0.672177,0.54775,0.637876,0.791398,0.551029,0.694728,0.81034,0.567498,0.83885,0.71443,0.669814,0.649544,0.81582,0.85027,0.512957,0.688441,0.790049,0.369638,0.694895,0.768626,0.598865,0.236848,0.520418,0.0888038,0.597961,0.655056,0.822528,0.625892,0.453239,0.275659,0.388776,0.867353,0.761582,0.577752,0.613604,0.818052,0.857152,0.831864,0.835302,0.710816,0.847638,0.550969,0.377145,0.575205,0.758457,0.820746,0.65954,0.756411,0.759598,0.68978,0.81326,0.744631,0.224622,0.511784,0.703189,0.705814,0.745849,0.794832,0.653547,0.742584,0.850993,0.545867,0.702112,0.631076,0.479869,0.364141,0.314494,0.630893,0.666679,0.718221,0.766053,0.506241,0.363412,0.560683,0.770477,0.770046,0.307819,0.765804
0.911736,0.829039,1,0.776632,0.780551,0.762503,0.605424,0.737357,0.500628,0.740749,0.785921,0.680559,0.818057,0.857493,0.676197,0.824745,0.803352,0.641257,0.691445,0.81635,0.91337,0.511433,0.708784,0.869326,0.419549,0.632112,0.847596,0.668706,0.360649,0.373284,0.114593,0.652864,0.782293,0.785717,0.585235,0.362066,0.256613,0.383512,0.898731,0.751866,0.641577,0.66128,0.873854,0.897645,0.938321,0.85737,0.760675,0.861614,0.59138,0.456612,0.442501,0.717877,0.753305,0.691074,0.750321,0.819814,0.765062,0.848758,0.838392,0.124969,0.550002,0.658249,0.85385,0.86442,0.895084,0.62559,0.736036,0.902736,0.565669,0.675754,0.745466,0.526573,0.50737,0.33329,0.727075,0.677308,0.833248,0.665092,0.558936,0.390059,0.611669,0.847024,0.795505,0.249206,0.833011
0.764552,0.66681,0.776632,1,0.781365,0.570362,0.450318,0.634723,0.3035,0.643476,0.658373,0.649019,0.576172,0.741875,0.663486,0.712958,0.701916,0.43442,0.532306,0.734262,0.69384,0.203838,0.553155,0.762183,0.380197,0.624648,0.649492,0.743932,0.128193,0.376921,0.203015,0.371911,0.517327,0.67761,0.590254,0.321763,0.244502,0.383288,0.665595,0.593579,0.463578,0.534184,0.739859,0.714129,0.76529,0.632786,0.582786,0.670178,0.263553,0.265653,0.439889,0.501642,0.528843,0.569438,0.494674,0.688507,0.596195,0.672212,0.565722,0.232088,0.41343,0.620688,0.639129,0.738119,0.701611,0.572884,0.639238,0.783359,0.507038,0.54979,0.680471,0.45054,0.349649,0.417649,0.57647,0.361544,0.556964,0.551713,0.382189,0.392936,0.522353,0.700506,0.552032,0.229626,0.686211
0.704255,0.679417,0.780551,0.781365,1,0.648537,0.548554,0.502689,0.347276,0.711085,0.772584,0.682328,0.671529,0.748403,0.494286,0.750653,0.621085,0.361734,0.6328,0.723007,0.696825,0.224967,0.545463,0.729612,0.181316,0.540507,0.667518,0.642533,0.31075,0.336301,0.161683,0.505974,0.549293,0.707032,0.543019,0.457125,0.156636,0.361178,0.719711,0.612481,0.541701,0.608525,0.621431,0.725126,0.714211,0.564225,0.475763,0.62311,0.341543,0.250719,0.367968,0.51155,0.543772,0.659526,0.589185,0.702783,0.546706,0.715447,0.557747,0.178939,0.50764,0.471676,0.633851,0.746552,0.733465,0.531126,0.515099,0.749044,0.447254,0.52083,0.752332,0.516576,0.51791,0.176346,0.530959,0.437541,0.669996,0.514071,0.32413,0.299329,0.461601,0.670174,0.574762,0.243739,0.726496
0.798614,0.704704,0.762503,0.570362,0.648537,1,0.500894,0.542061,0.683651,0.451035,0.654357,0.460754,0.532018,0.668175,0.601313,0.652012,0.577978,0.673616,0.608962,0.633628,0.717245,0.502125,0.707783,0.712493,0.42051,0.667439,0.604301,0.528521,0.147656,0.440758,0.0766378,0.419651,0.605338,0.623474,0.387249,0.613697,0.476398,0.200188,0.725551,0.501455,0.532957,0.375793,0.743125,0.692537,0.78619,0.734498,0.796525,0.735138,0.47215,0.444533,0.348849,0.494836,0.619053,0.519072,0.59071,0.763357,0.699135,0.712165,0.629881,0.0677128,0.432639,0.539495,0.678409,0.658328,0.776033,0.640745,0.78453,0.772437,0.354816,0.594377,0.659726,0.564378,0.318303,0.29619,0.499937,0.68012,0.606816,0.499713,0.434201,0.328305,0.522529,0.725943,0.656061,0.439115,0.732381
0.460117,0.597382,0.605424,0.450318,0.548554,0.500894,1,0.475592,0.444709,0.433246,0.411758,0.349593,0.471576,0.429907,0.524667,0.481005,0.407041,0.496733,0.471076,0.592979,0.574304,0.378002,0.599719,0.594541,0.277738,0.449247,0.559911,0.560423,0.0985972,0.3354,0.0866166,0.437316,0.537358,0.657271,0.537778,0.228789,0.258307,0.320604,0.597,0.604851,0.27966,0.509927,0.54959,0.573961,0.613692,0.514925,0.386776,0.550182,0.610322,0.280747,0.279598,0.512479,0.519084,0.281889,0.450317,0.377969,0.473271,0.518006,0.475091,0.0343086,0.450027,0.246845,0.427809,0.534543,0.546474,0.283747,0.579178,0.584981,0.322103,0.43935,0.480406,0.358414,0.160418,0.282316,0.491548,0.450619,0.646786,0.416885,0.534034,0.0660246,0.395471,0.546286,0.496277,0.226765,0.469537
0.73272,0.672177,0.737357,0.634723,0.502689,0.542061,0.475592,1,0.408689,0.544489,0.553647,0.422695,0.57639,0.561295,0.719667,0.530166,0.710946,0.555215,0.492156,0.541184,0.666567,0.30817,0.635813,0.694788,0.226487,0.4086,0.682828,0.520504,0.187389,0.336731,0.0380274,0.35968,0.627746,0.602176,0.536381,0.00218254,0.275595,0.228167,0.651294,0.558913,0.303999,0.562967,0.786522,0.648929,0.76657,0.720273,0.671167,0.729448,0.551823,0.331414,0.374198,0.593267,0.575096,0.365183,0.576771,0.549095,0.697361,0.512998,0.661586,0.06147,0.34262,0.545668,0.570479,0.674741,0.604276,0.514084,0.728963,0.801682,0.572042,0.518058,0.518333,0.450523,0.361532,0.416968,0.675472,0.396165,0.656271,0.604833,0.597188,0.416904,0.458475,0.696927,0.557997,0.25096,0.58302
0.568688,0.54775,0.500628,0.3035,0.347276,0.683651,0.444709,0.408689,1,0.227366,0.438912,0.175691,0.315256,0.375835,0.506795,0.425741,0.371738,0.657947,0.430525,0.465847,0.506846,0.507159,0.648687,0.630111,0.358909,0.336663,0.48937,0.427375,0.322253,0.328333,0.0399315,0.339327,0.51518,0.518247,0.354702,0.373452,0.185553,-0.134888,0.58962,0.239446,0.290987,0.31551,0.548199,0.496275,0.587725,0.514998,0.536201,0.469422,0.417611,0.471641,0.152933,0.471206,0.389121,0.162517,0.342587,0.402233,0.528832,0.420308,0.378209,-0.196868,0.089239,0.240114,0.40259,0.381172,0.475883,0.373616,0.6888,0.573594,0.198877,0.322417,0.347826,0.434065,0.132042,0.243608,0.39853,0.569753,0.419429,0.453873,0.161637,0.160756,0.302043,0.443845,0.494541,0.321877,0.420321
0.684677,0.637876,0.740749,0.643476,0.711085,0.451035,0.433246,0.544489,0.227366,1,0.711157,0.68534,0.706599,0.754304,0.438868,0.649256,0.621799,0.317268,0.730861,0.556858,0.669697,0.433985,0.435768,0.668512,0.249973,0.465491,0.765012,0.752069,0.347505,0.33295,0.097666,0.542684,0.569428,0.702374,0.507834,0.264044,0.197429,0.597867,0.663791,0.647704,0.52893,0.61315,0.624177,0.709011,0.685102,0.581321,0.413741,0.718223,0.497979,0.276679,0.53574,0.631007,0.640996,0.652482,0.661134,0.65836,0.589473,0.594916,0.64566,0.143733,0.397206,0.566325,0.647083,0.584485,0.65317,0.431557,0.442613,0.68457,0.629556,0.598101,0.585288,0.522222,0.519492,0.242901,0.575392,0.53638,0.705995,0.450052,0.535929,0.284907,0.565343,0.69616,0.736788,0.163679,0.710493
0.784751,0.791398,0.785921,0.658373,0.772584,0.654357,0.411758,0.553647,0.438912,0.711157,1,0.578228,0.739246,0.817838,0.43844,0.756925,0.691241,0.513909,0.720638,0.705731,0.796529,0.320138,0.485852,0.6993,0.227786,0.586492,0.718718,0.589071,0.306078,0.378811,0.0977288,0.516289,0.61716,0.771248,0.596129,0.474699,0.136347,0.352974,0.854159,0.702086,0.731294,0.56937,0.650028,0.774141,0.745884,0.733133,0.622398,0.743718,0.395626,0.279535,0.546323,0.675606,0.754537,0.699192,0.716587,0.727944,0.665833,0.694976,0.70174,0.199022,0.488308,0.591479,0.792567,0.735193,0.775005,0.601017,0.599621,0.794182,0.564271,0.646847,0.684907,0.580307,0.49071,0.199578,0.486735,0.634515,0.66483,0.641784,0.412097,0.524751,0.528784,0.702729,0.745228,0.296254,0.802103
0.598152,0.551029,0.680559,0.649019,0.682328,0.460754,0.349593,0.422695,0.175691,0.68534,0.578228,1,0.579451,0.730672,0.336347,0.551025,0.488238,0.25743,0.590868,0.54126,0.538718,0.228266,0.363128,0.715385,0.227072,0.555726,0.567554,0.55859,0.270862,0.409118,-0.0617171,0.46272,0.437901,0.561495,0.525528,0.29181,0.127978,0.323635,0.542858,0.480728,0.484874,0.513759,0.518763,0.580531,0.609533,0.544771,0.365175,0.602311,0.327279,0.357991,0.343267,0.5023,0.597815,0.682812,0.398634,0.58341,0.480236,0.593551,0.439546,0.270324,0.509031,0.450045,0.596102,0.607511,0.610423,0.565766,0.406748,0.626457,0.463554,0.503921,0.463335,0.466737,0.581777,0.287905,0.389837,0.345099,0.621382,0.376939,0.300483,0.229781,0.509562,0.612448,0.576603,0.236193,0.488567
0.785793,0.694728,0.818057,0.576172,0.671529,0.532018,0.471576,0.57639,0.315256,0.706599,0.739246,0.579451,1,0.69019,0.354784,0.652509,0.830632,0.591717,0.639494,0.623419,0.815826,0.341914,0.478575,0.681507,0.124754,0.489528,0.795769,0.529773,0.488408,0.265857,-0.00614945,0.604734,0.673511,0.74512,0.566493,0.21114,0.111513,0.287226,0.769544,0.719258,0.596957,0.654906,0.672464,0.737441,0.762337,0.739641,0.604619,0.735266,0.595338,0.30216,0.46208,0.707874,0.732961,0.752051,0.786566,0.633098,0.719925,0.694675,0.823345,0.242876,0.532524,0.601954,0.79166,0.727221,0.716132,0.606832,0.504704,0.798282,0.585526,0.571687,0.703311,0.513609,0.669435,0.325536,0.547021,0.650507,0.768982,0.719407,0.549859,0.29339,0.642976,0.655807,0.735954,0.272468,0.829179
0.830633,0.81034,0.857493,0.741875,0.748403,0.668175,0.429907,0.561295,0.375835,0.754304,0.817838,0.730672,0.69019,1,0.515778,0.818943,0.656555,0.502152,0.587642,0.733643,0.760138,0.381708,0.48861,0.779072,0.370546,0.679549,0.758413,0.626658,0.307946,0.50211,-0.0255684,0.552567,0.529036,0.698873,0.528119,0.555155,0.162136,0.482223,0.801403,0.685999,0.66442,0.539642,0.73916,0.900313,0.78489,0.740296,0.681567,0.794527,0.446236,0.419759,0.548619,0.589305,0.720731,0.746562,0.682731,0.887806,0.619276,0.820301,0.70725,0.202649,0.435604,0.65483,0.760125,0.744174,0.797401,0.531928,0.586119,0.768529,0.424609,0.790305,0.630427,0.458356,0.457195,0.112979,0.518191,0.590504,0.629294,0.566981,0.407202,0.520693,0.620449,0.749245,0.774249,0.305776,0.782375
0.708532,0.567498,0.676197,0.663486,0.494286,0.601313,0.524667,0.719667,0.506795,0.438868,0.43844,0.336347,0.354784,0.515778,1,0.484324,0.55733,0.419747,0.46028,0.591563,0.607131,0.451148,0.700368,0.694378,0.45341,0.424711,0.592106,0.645007,0.141508,0.479556,-0.0268215,0.326813,0.667737,0.538761,0.425512,0.163956,0.246413,0.314504,0.562232,0.356321,0.258325,0.332521,0.807038,0.65518,0.758216,0.575247,0.676839,0.701041,0.473187,0.509041,0.315079,0.425827,0.389455,0.255002,0.491106,0.497581,0.683305,0.525188,0.570175,-0.0296941,0.293992,0.504856,0.517382,0.655401,0.671163,0.350482,0.726703,0.677047,0.321116,0.505474,0.489801,0.224448,0.0508421,0.257826,0.556673,0.424877,0.58553,0.43469,0.358164,0.358776,0.310709,0.665191,0.460881,0.19959,0.526731
0.719264,0.83885,0.824745,0.712958,0.750653,0.652012,0.481005,0.530166,0.425741,0.649256,0.756925,0.551025,0.652509,0.818943,0.484324,1,0.67722,0.567892,0.546365,0.869415,0.856379,0.432345,0.672241,0.726534,0.291405,0.593332,0.71482,0.526716,0.241523,0.32976,0.231214,0.556283,0.510397,0.690317,0.461765,0.439794,0.0927273,0.383096,0.785094,0.730588,0.61735,0.548154,0.700765,0.839353,0.753154,0.658211,0.608645,0.717294,0.479398,0.3291,0.504878,0.681304,0.734554,0.724573,0.759439,0.786505,0.557535,0.901152,0.669971,0.302741,0.430806,0.622182,0.683806,0.783041,0.789711,0.429002,0.536053,0.756372,0.428947,0.62045,0.673325,0.522405,0.41891,0.136976,0.612105,0.524738,0.625973,0.663987,0.399784,0.265789,0.578457,0.796432,0.735804,0.245039,0.752841
0.82817,0.71443,0.803352,0.701916,0.621085,0.577978,0.407041,0.710946,0.371738,0.621799,0.691241,0.488238,0.830632,0.656555,0.55733,0.67722,1,0.630738,0.634403,0.691384,0.818875,0.356718,0.615346,0.680706,0.211371,0.583198,0.741953,0.484046,0.393726,0.396142,0.107758,0.544427,0.691547,0.684874,0.617608,0.208843,0.0797722,0.211139,0.732924,0.624946,0.437756,0.617273,0.736906,0.740412,0.781967,0.725846,0.711659,0.764296,0.485169,0.325091,0.411918,0.665803,0.643478,0.685773,0.786102,0.635323,0.757163,0.736418,0.799007,0.293193,0.42568,0.734812,0.77219,0.758234,0.744785,0.56101,0.6183,0.83827,0.62757,0.622435,0.672917,0.555628,0.527831,0.306964,0.569633,0.53899,0.717803,0.705307,0.549065,0.42776,0.511789,0.767586,0.609125,0.359674,0.826022
0.679095,0.669814,0.641257,0.43442,0.361734,0.673616,0.496733,0.555215,0.657947,0.317268,0.513909,0.25743,0.591717,0.502152,0.419747,0.567892,0.630738,1,0.446496,0.552811,0.659327,0.375849,0.601015,0.600819,0.381233,0.503192,0.582705,0.37164,0.211047,0.225481,0.153154,0.425563,0.539805,0.626809,0.523906,0.30154,0.327802,0.0770306,0.678986,0.596778,0.435805,0.488664,0.634934,0.6428,0.686965,0.683493,0.748643,0.619935,0.496239,0.354976,0.273616,0.548876,0.590904,0.471976,0.579921,0.54199,0.672824,0.588484,0.604018,0.0893409,0.361288,0.403339,0.652671,0.616679,0.595783,0.482354,0.701183,0.698154,0.38206,0.46979,0.54024,0.528118,0.360921,0.370281,0.574846,0.590024,0.528457,0.547393,0.470347,0.26719,0.581361,0.602181,0.589826,0.338697,0.624279
0.694513,0.649544,0.691445,0.532306,0.6328,0.608962,0.471076,0.492156,0.430525,0.730861,0.720638,0.590868,0.639494,0.587642,0.46028,0.546365,0.634403,0.446496,1,0.549493,0.69296,0.477826,0.575659,0.665953,0.20891,0.558056,0.682154,0.668525,0.288431,0.447973,0.251132,0.526595,0.677728,0.798118,0.619104,0.249105,0.280152,0.394029,0.734424,0.606407,0.600012,0.545991,0.667513,0.615821,0.695228,0.693741,0.456833,0.770659,0.526503,0.262491,0.314669,0.65968,0.723045,0.603495,0.643724,0.551664,0.705256,0.546623,0.64538,0.133746,0.664486,0.501926,0.728456,0.621267,0.719819,0.60422,0.620493,0.769424,0.673373,0.463615,0.601973,0.618759,0.49982,0.412379,0.549386,0.645977,0.744948,0.538324,0.465129,0.239202,0.486997,0.699961,0.692438,0.328674,0.70248
0.708465,0.81582,0.81635,0.734262,0.723007,0.633628,0.592979,0.541184,0.465847,0.556858,0.705731,0.54126,0.623419,0.733643,0.591563,0.869415,0.691384,0.552811,0.549493,1,0.862189,0.460804,0.640063,0.797808,0.456976,0.63345,0.628911,0.569812,0.166667,0.3227,0.115324,0.49799,0.566112,0.675084,0.551029,0.381411,0.0584092,0.378804,0.757549,0.704929,0.519011,0.554796,0.702127,0.825245,0.801184,0.691681,0.617987,0.717757,0.521289,0.500207,0.524054,0.645809,0.708972,0.620765,0.669309,0.68613,0.565009,0.812154,0.636601,0.31956,0.47688,0.623749,0.674169,0.838982,0.779122,0.482578,0.574348,0.772752,0.385163,0.613846,0.568836,0.457464,0.260235,0.184476,0.612632,0.497023,0.651172,0.660907,0.426237,0.312867,0.531045,0.750651,0.630688,0.262134,0.646809
0.839131,0.85027,0.91337,0.69384,0.696825,0.717245,0.574304,0.666567,0.506846,0.669697,0.796529,0.538718,0.815826,0.760138,0.607131,0.856379,0.818875,0.659327,0.69296,0.862189,1,0.572094,0.705756,0.815996,0.347962,0.661619,0.780975,0.625157,0.324798,0.380764,0.121213,0.611646,0.734101,0.772378,0.583144,0.323222,0.19184,0.333849,0.883546,0.792197,0.643269,0.591192,0.833994,0.858432,0.901076,0.84317,0.762223,0.847123,0.613415,0.446356,0.560557,0.749942,0.850496,0.68788,0.810975,0.738369,0.747235,0.858721,0.851639,0.219267,0.552382,0.702277,0.852442,0.865735,0.891909,0.612307,0.686935,0.87557,0.536913,0.655916,0.662,0.53962,0.464481,0.344889,0.688807,0.714614,0.803541,0.794958,0.589646,0.339618,0.657477,0.837861,0.805555,0.319389,0.827208
0.479879,0.512957,0.511433,0.203838,0.224967,0.502125,0.378002,0.30817,0.507159,0.433985,0.320138,0.228266,0.341914,0.381708,0.451148,0.432345,0.356718,0.375849,0.477826,0.460804,0.572094,1,0.47358,0.415662,0.358913,0.339575,0.459646,0.471282,0.142235,0.260386,-0.00763373,0.398048,0.576837,0.441737,0.312849,0.218465,0.350008,0.228922,0.5147,0.409034,0.400124,0.219665,0.534801,0.471752,0.567765,0.460958,0.518589,0.547456,0.431596,0.531322,0.427951,0.509736,0.477921,0.206659,0.493062,0.415408,0.490986,0.518298,0.493427,-0.145624,0.150305,0.363089,0.415723,0.349988,0.552773,0.231893,0.418226,0.429334,0.186421,0.408798,0.23511,0.360644,0.0266959,0.209259,0.564265,0.59275,0.547489,0.329151,0.346782,-0.00300565,0.230194,0.568842,0.655325,0.14891,0.505403
0.677452,0.688441,0.708784,0.553155,0.545463,0.707783,0.599719,0.635813,0.648687,0.435768,0.485852,0.363128,0.478575,0.48861,0.700368,0.672241,0.615346,0.601015,0.575659,0.640063,0.705756,0.47358,1,0.704042,0.309603,0.481449,0.690486,0.531986,0.219848,0.404253,0.259535,0.419444,0.655735,0.638971,0.464856,0.22295,0.226651,0.194078,0.673063,0.467718,0.300657,0.330086,0.747163,0.634623,0.746458,0.592302,0.623318,0.704785,0.611762,0.322428,0.130347,0.617861,0.570428,0.424757,0.620206,0.534588,0.667476,0.67104,0.614874,0.0807663,0.408508,0.484335,0.49812,0.637771,0.676264,0.376334,0.734669,0.753485,0.456537,0.412332,0.602543,0.429688,0.285241,0.334675,0.583725,0.448436,0.620081,0.549731,0.388097,0.204261,0.415212,0.729958,0.557053,0.389522,0.619367
0.835453,0.790049,0.869326,0.762183,0.729612,0.712493,0.594541,0.694788,0.630111,0.668512,0.6993,0.715385,0.681507,0.779072,0.694378,0.726534,0.680706,0.600819,0.665953,0.797808,0.815996,0.415662,0.704042,1,0.450668,0.665387,0.770341,0.696765,0.350713,0.424566,0.0148859,0.545432,0.644569,0.758479,0.578421,0.313121,0.184205,0.316665,0.786934,0.613583,0.514707,0.590701,0.84876,0.849944,0.887574,0.801621,0.674872,0.796435,0.6219,0.521269,0.409303,0.647269,0.716498,0.634251,0.609475,0.655278,0.705648,0.736314,0.702927,0.144984,0.471998,0.562665,0.746121,0.797357,0.791435,0.642264,0.742372,0.877301,0.488693,0.58479,0.616401,0.470301,0.471947,0.392637,0.620641,0.625449,0.73699,0.718545,0.430087,0.316565,0.646594,0.753994,0.73464,0.293618,0.641213
0.398666,0.369638,0.419549,0.380197,0.181316,0.42051,0.277738,0.226487,0.358909,0.249973,0.227786,0.227072,0.124754,0.370546,0.45341,0.291405,0.211371,0.381233,0.20891,0.456976,0.347962,0.358913,0.309603,0.450668,1,0.34019,0.242855,0.385463,-0.0281977,0.181654,0.0505815,0.313794,0.408018,0.293827,0.13015,0.231169,0.28796,0.278517,0.351307,0.169525,0.20504,0.181557,0.42573,0.419666,0.436776,0.456025,0.374781,0.382057,0.169665,0.515444,0.171468,0.225043,0.203367,0.16056,0.130313,0.372095,0.291578,0.288971,0.247499,-0.0456894,0.0502195,0.36274,0.320895,0.32633,0.348759,0.268166,0.505137,0.30972,0.241888,0.407881,0.0807205,-0.0772506,-0.216175,0.282067,0.321198,0.389293,0.258626,0.105944,0.365097,0.267252,0.24934,0.348096,0.307157,-0.0948993,0.205799
0.673923,0.694895,0.632112,0.624648,0.540507,0.667439,0.449247,0.4086,0.336663,0.465491,0.586492,0.555726,0.489528,0.679549,0.424711,0.593332,0.583198,0.503192,0.558056,0.63345,0.661619,0.339575,0.481449,0.665387,0.34019,1,0.525421,0.459668,0.035768,0.460973,0.0821644,0.345847,0.440203,0.610762,0.549146,0.588826,0.360034,0.363615,0.627382,0.591852,0.343771,0.314971,0.64606,0.675531,0.700154,0.679669,0.63107,0.696765,0.432027,0.33371,0.421691,0.38348,0.695434,0.67113,0.568007,0.667254,0.60561,0.713657,0.585431,0.350261,0.545438,0.614515,0.644553,0.643408,0.73869,0.639102,0.623849,0.692559,0.328375,0.696558,0.48213,0.42172,0.310017,0.233858,0.342329,0.584405,0.559899,0.548886,0.413126,0.337313,0.584287,0.690805,0.518114,0.515676,0.623416
0.825002,0.768626,0.847596,0.649492,0.667518,0.604301,0.559911,0.682828,0.48937,0.765012,0.718718,0.567554,0.795769,0.758413,0.592106,0.71482,0.741953,0.582705,0.682154,0.628911,0.780975,0.459646,0.690486,0.770341,0.242855,0.525421,1,0.691,0.425082,0.374651,0.0304475,0.517543,0.672853,0.805409,0.522858,0.295248,0.171774,0.426105,0.808406,0.641201,0.525947,0.594159,0.798986,0.795226,0.828008,0.739612,0.591421,0.776312,0.607569,0.424231,0.342123,0.782968,0.730592,0.615723,0.759288,0.709085,0.790175,0.705624,0.818889,0.144995,0.523683,0.514372,0.699425,0.713012,0.754465,0.478371,0.676577,0.846585,0.607087,0.617489,0.73645,0.451429,0.520436,0.347024,0.646163,0.663025,0.725102,0.614455,0.531993,0.327675,0.623587,0.734264,0.805889,0.352627,0.795437
0.706706,0.598865,0.668706,0.743932,0.642533,0.528521,0.560423,0.520504,0.427375,0.752069,0.589071,0.55859,0.529773,0.626658,0.645007,0.526716,0.484046,0.37164,0.668525,0.569812,0.625157,0.471282,0.531986,0.696765,0.385463,0.459668,0.691,1,0.165152,0.383271,0.0371264,0.380521,0.585634,0.742703,0.56971,0.277509,0.31623,0.479621,0.648317,0.554293,0.487412,0.421136,0.684913,0.627033,0.728854,0.547553,0.486991,0.660443,0.399035,0.329678,0.515653,0.602064,0.565294,0.425736,0.488348,0.594747,0.65607,0.515599,0.554128,0.024575,0.382065,0.451343,0.568429,0.577519,0.640433,0.441887,0.620053,0.689077,0.484062,0.520996,0.584382,0.435904,0.259779,0.454049,0.544827,0.539046,0.575175,0.45093,0.417225,0.286883,0.530295,0.634824,0.667635,0.185253,0.630323
0.324441,0.236848,0.360649,0.128193,0.31075,0.147656,0.0985972,0.187389,0.322253,0.347505,0.306078,0.270862,0.488408,0.307946,0.141508,0.241523,0.393726,0.211047,0.288431,0.166667,0.324798,0.142235,0.219848,0.350713,-0.0281977,0.035768,0.425082,0.165152,1,0.321672,-0.0138447,0.514852,0.377385,0.355948,0.222195,-0.0368012,-0.134896,-0.0603287,0.384942,0.144477,0.210778,0.505785,0.333036,0.362395,0.274017,0.338532,0.1954,0.25224,0.291535,0.153774,0.046981,0.222295,0.158567,0.293235,0.290794,0.211929,0.251536,0.264016,0.407091,-0.224603,0.143747,0.142562,0.326379,0.211249,0.266569,0.163279,0.152656,0.300396,0.179831,0.0628235,0.252175,0.272413,0.601182,-0.0236739,0.183636,0.33379,0.414558,0.331129,0.0320747,0.138737,0.265891,0.184686,0.359306,0.0435601,0.370855
0.417746,0.520418,0.373284,0.376921,0.336301,0.440758,0.3354,0.336731,0.328333,0.33295,0.378811,0.409118,0.265857,0.50211,0.479556,0.32976,0.396142,0.225481,0.447973,0.3227,0.380764,0.260386,0.404253,0.424566,0.181654,0.460973,0.374651,0.383271,0.321672,1,-0.0936169,0.27052,0.336013,0.434314,0.391921,0.352603,0.177072,0.213252,0.406548,0.269766,0.253463,0.340282,0.522862,0.420317,0.393844,0.464104,0.432626,0.581624,0.257361,0.270295,0.340777,0.256908,0.422278,0.271048,0.301438,0.421585,0.423058,0.358338,0.339236,-0.00104471,0.344026,0.486579,0.358151,0.321078,0.440809,0.391954,0.502551,0.469804,0.276668,0.467919,0.193791,0.290838,0.203021,0.13589,0.208188,0.29862,0.399753,0.332793,0.294968,0.317533,0.356732,0.386131,0.408752,0.504318,0.452483
0.0236675,0.0888038,0.114593,0.203015,0.161683,0.0766378,0.0866166,0.0380274,0.0399315,0.097666,0.0977288,-0.0617171,-0.00614945,-0.0255684,-0.0268215,0.231214,0.107758,0.153154,0.251132,0.115324,0.121213,-0.00763373,0.259535,0.0148859,0.0505815,0.0821644,0.0304475,0.0371264,-0.0138447,-0.0936169,1,0.0547816,0.144667,0.221187,0.137663,-0.0639997,0.146718,0.076218,0.21058,0.216787,0.166362,0.163972,0.0689158,0.0195578,0.0230677,0.050783,-0.0383083,0.0458356,-0.0537261,-0.378419,-0.237839,0.0498394,0.0551909,0.0365905,0.043275,0.015114,-0.0474474,0.0701478,0.00978639,-0.0627647,0.130502,0.00239506,0.0945622,0.106107,0.0984774,0.0347571,0.142891,0.143798,0.321074,-0.174726,0.190529,0.265729,0.146816,0.217664,0.268366,-0.0349429,0.0610201,0.00415166,0.0448843,-0.143532,-0.013215,0.202411,0.0523607,-0.0726077,0.140535
0.594048,0.597961,0.652864,0.371911,0.505974,0.419651,0.437316,0.35968,0.339327,0.542684,0.516289,0.46272,0.604734,0.552567,0.326813,0.556283,0.544427,0.425563,0.526595,0.49799,0.611646,0.398048,0.419444,0.545432,0.313794,0.345847,0.517543,0.380521,0.514852,0.27052,0.0547816,1,0.6922,0.567799,0.350767,0.213902,0.117373,0.193724,0.665431,0.500068,0.470309,0.635958,0.566564,0.633393,0.580722,0.574731,0.399139,0.512029,0.391878,0.157164,0.227289,0.477978,0.450026,0.588894,0.612755,0.476605,0.405464,0.633857,0.644769,-0.0891864,0.299403,0.419602,0.648995,0.54297,0.651331,0.387065,0.412116,0.493143,0.370993,0.445837,0.471781,0.262553,0.380648,0.148785,0.392981,0.64533,0.689071,0.489989,0.374624,0.147912,0.351613,0.50282,0.515036,-0.176141,0.555621
0.776712,0.655056,0.782293,0.517327,0.549293,0.605338,0.537358,0.627746,0.51518,0.569428,0.61716,0.437901,0.673511,0.529036,0.667737,0.510397,0.691547,0.539805,0.677728,0.566112,0.734101,0.576837,0.655735,0.644569,0.408018,0.440203,0.672853,0.585634,0.377385,0.336013,0.144667,0.6922,1,0.724337,0.595011,0.173565,0.244386,0.229833,0.805951,0.567506,0.473461,0.543032,0.733948,0.639787,0.801562,0.710014,0.647602,0.718492,0.525702,0.332856,0.254197,0.636375,0.556277,0.463455,0.65138,0.514251,0.748632,0.595103,0.739809,-0.133651,0.416354,0.511701,0.735061,0.684193,0.777892,0.482569,0.710182,0.732816,0.516365,0.514281,0.55183,0.398639,0.320188,0.350823,0.589356,0.695152,0.825954,0.540459,0.436044,0.296723,0.330367,0.713645,0.588903,0.102281,0.69799
0.776963,0.822528,0.785717,0.67761,0.707032,0.623474,0.657271,0.602176,0.518247,0.702374,0.771248,0.561495,0.74512,0.698873,0.538761,0.690317,0.684874,0.626809,0.798118,0.675084,0.772378,0.441737,0.638971,0.758479,0.293827,0.610762,0.805409,0.742703,0.355948,0.434314,0.221187,0.567799,0.724337,1,0.693625,0.244066,0.295733,0.445846,0.853822,0.705565,0.630155,0.645812,0.780804,0.778042,0.787966,0.787283,0.581033,0.803556,0.610838,0.291293,0.478028,0.739504,0.718575,0.624562,0.717882,0.614484,0.724452,0.67374,0.714189,0.0819257,0.605602,0.516632,0.721803,0.703401,0.763336,0.630365,0.720776,0.851402,0.627384,0.525809,0.698349,0.597354,0.491169,0.455127,0.625416,0.696591,0.764957,0.658984,0.454304,0.248965,0.587504,0.733885,0.784203,0.250558,0.782179
0.596457,0.625892,0.585235,0.590254,0.543019,0.387249,0.537778,0.536381,0.354702,0.507834,0.596129,0.525528,0.566493,0.528119,0.425512,0.461765,0.617608,0.523906,0.619104,0.551029,0.583144,0.312849,0.464856,0.578421,0.13015,0.549146,0.522858,0.56971,0.222195,0.391921,0.137663,0.350767,0.595011,0.693625,1,0.193421,0.200035,0.173161,0.626205,0.686265,0.304099,0.519958,0.541998,0.536722,0.613702,0.545898,0.513173,0.638769,0.404978,0.134837,0.405857,0.509691,0.589159,0.486165,0.42878,0.444826,0.601907,0.490825,0.490798,0.0609754,0.434387,0.478403,0.624204,0.578148,0.56327,0.451324,0.572347,0.695671,0.476421,0.512186,0.479836,0.548194,0.34848,0.334808,0.449382,0.369333,0.624748,0.527187,0.337935,0.427921,0.315788,0.600903,0.493909,0.409372,0.586477
0.436526,0.453239,0.362066,0.321763,0.457125,0.613697,0.228789,0.00218254,0.373452,0.264044,0.474699,0.29181,0.21114,0.555155,0.163956,0.439794,0.208843,0.30154,0.249105,0.381411,0.323222,0.218465,0.22295,0.313121,0.231169,0.588826,0.295248,0.277509,-0.0368012,0.352603,-0.0639997,0.213902,0.173565,0.244066,0.193421,1,0.20196,0.141371,0.402868,0.303617,0.285096,0.0948274,0.245722,0.389256,0.383205,0.286316,0.409588,0.301932,0.0146805,0.177362,0.245047,0.175303,0.366517,0.432932,0.314206,0.639061,0.328228,0.49339,0.269067,0.156594,0.185152,0.29371,0.386481,0.327947,0.468565,0.296525,0.379096,0.344739,-0.0197935,0.576194,0.418397,0.24034,0.065736,-0.216338,0.0584127,0.448309,0.189111,0.173455,0.0792252,0.360951,0.300995,0.354678,0.293741,0.438248,0.454228
0.28342,0.275659,0.256613,0.244502,0.156636,0.476398,0.258307,0.275595,0.185553,0.197429,0.136347,0.127978,0.111513,0.162136,0.246413,0.0927273,0.0797722,0.327802,0.280152,0.0584092,0.19184,0.350008,0.226651,0.184205,0.28796,0.360034,0.171774,0.31623,-0.134896,0.177072,0.146718,0.117373,0.244386,0.295733,0.200035,0.20196,1,0.230156,0.226084,0.308134,0.107071,0.235211,0.428691,0.15392,0.304565,0.385039,0.382333,0.344505,0.119206,0.0881065,0.26124,0.00348411,0.19694,0.0555975,0.111479,0.315353,0.301193,0.128323,0.222428,-0.15847,0.280308,0.184836,0.221564,0.104992,0.252575,0.484792,0.44826,0.296609,0.227109,0.103591,0.256861,0.225099,0.0377624,0.456418,0.387282,0.343329,0.31005,0.0748865,0.426368,-0.0692693,0.256823,0.226274,0.323182,0.130044,0.302867
0.292071,0.388776,0.383512,0.383288,0.361178,0.200188,0.320604,0.228167,-0.134888,0.597867,0.352974,0.323635,0.287226,0.482223,0.314504,0.383096,0.211139,0.0770306,0.394029,0.378804,0.333849,0.228922,0.194078,0.316665,0.278517,0.363615,0.426105,0.479621,-0.0603287,0.213252,0.076218,0.193724,0.229833,0.445846,0.173161,0.141371,0.230156,1,0.317895,0.445879,0.357733,0.251071,0.401063,0.507698,0.356822,0.326153,0.188642,0.461592,0.364267,0.129438,0.387073,0.307224,0.388508,0.378181,0.451861,0.411755,0.2364,0.326289,0.411957,0.233783,0.4097,0.360925,0.321948,0.369363,0.410325,0.175672,0.129967,0.307627,0.324871,0.382144,0.258397,0.0880357,0.144492,0.0523681,0.382586,0.290946,0.328109,0.123931,0.334566,0.149366,0.413288,0.377301,0.428298,0.0436142,0.365303
0.864803,0.867353,0.898731,0.665595,0.719711,0.725551,0.597,0.651294,0.58962,0.663791,0.854159,0.542858,0.769544,0.801403,0.562232,0.785094,0.732924,0.678986,0.734424,0.757549,0.883546,0.5147,0.673063,0.786934,0.351307,0.627382,0.808406,0.648317,0.384942,0.406548,0.21058,0.665431,0.805951,0.853822,0.626205,0.402868,0.226084,0.317895,1,0.785128,0.730153,0.639544,0.810526,0.85004,0.873992,0.839157,0.718775,0.814384,0.528947,0.325705,0.425153,0.725287,0.769324,0.614578,0.753649,0.742461,0.742268,0.77587,0.808139,8.10498e-05,0.545363,0.547874,0.823386,0.783925,0.859183,0.591397,0.749993,0.863261,0.558113,0.62922,0.691736,0.570317,0.464502,0.35337,0.682189,0.729306,0.775952,0.70073,0.465425,0.379351,0.554376,0.779608,0.794698,0.232349,0.836331
0.646981,0.761582,0.751866,0.593579,0.612481,0.501455,0.604851,0.558913,0.239446,0.647704,0.702086,0.480728,0.719258,0.685999,0.356321,0.730588,0.624946,0.596778,0.606407,0.704929,0.792197,0.409034,0.467718,0.613583,0.169525,0.591852,0.641201,0.554293,0.144477,0.269766,0.216787,0.500068,0.567506,0.705565,0.686265,0.303617,0.308134,0.445879,0.785128,1,0.586959,0.646733,0.64576,0.697858,0.727658,0.684281,0.610795,0.701903,0.506216,0.113035,0.523094,0.602624,0.800009,0.620576,0.664195,0.61294,0.617614,0.691429,0.713323,0.122339,0.616647,0.492846,0.753004,0.714465,0.731086,0.46085,0.51948,0.739255,0.453295,0.550698,0.619574,0.554183,0.468733,0.31797,0.694371,0.537037,0.716606,0.659978,0.570947,0.225936,0.613888,0.674751,0.715728,0.2876,0.71073
0.593462,0.577752,0.641577,0.463578,0.541701,0.532957,0.27966,0.303999,0.290987,0.52893,0.731294,0.484874,0.596957,0.66442,0.258325,0.61735,0.437756,0.435805,0.600012,0.519011,0.643269,0.400124,0.300657,0.514707,0.20504,0.343771,0.525947,0.487412,0.210778,0.253463,0.166362,0.470309,0.473461,0.630155,0.304099,0.285096,0.107071,0.357733,0.730153,0.586959,1,0.375033,0.524133,0.627215,0.569138,0.612893,0.495222,0.572691,0.28061,0.171176,0.406929,0.598416,0.621131,0.526518,0.567378,0.568647,0.443221,0.585055,0.573957,0.0113181,0.417575,0.350232,0.675858,0.580628,0.65127,0.451121,0.348144,0.562536,0.421584,0.397994,0.527787,0.515913,0.426738,0.307324,0.478885,0.530158,0.452079,0.463623,0.261377,0.225502,0.473766,0.539514,0.756627,0.055758,0.668499
0.536963,0.613604,0.66128,0.534184,0.608525,0.375793,0.509927,0.562967,0.31551,0.61315,0.56937,0.513759,0.654906,0.539642,0.332521,0.548154,0.617273,0.488664,0.545991,0.554796,0.591192,0.219665,0.330086,0.590701,0.181557,0.314971,0.594159,0.421136,0.505785,0.340282,0.163972,0.635958,0.543032,0.645812,0.519958,0.0948274,0.235211,0.251071,0.639544,0.646733,0.375033,1,0.562303,0.575416,0.555565,0.620826,0.360007,0.534682,0.329124,0.230926,0.361187,0.468982,0.479441,0.434618,0.456169,0.457341,0.445284,0.450963,0.515405,-0.00459947,0.466458,0.362301,0.59076,0.535582,0.515822,0.507592,0.476569,0.631559,0.529309,0.309849,0.479324,0.506446,0.535567,0.335458,0.651265,0.453607,0.746565,0.478872,0.519656,0.0655319,0.454876,0.465676,0.524311,0.0425359,0.530377
0.881609,0.818052,0.873854,0.739859,0.621431,0.743125,0.54959,0.786522,0.548199,0.624177,0.650028,0.518763,0.672464,0.73916,0.807038,0.700765,0.736906,0.634934,0.667513,0.702127,0.833994,0.534801,0.747163,0.84876,0.42573,0.64606,0.798986,0.684913,0.333036,0.522862,0.0689158,0.566564,0.733948,0.780804,0.541998,0.245722,0.428691,0.401063,0.810526,0.64576,0.524133,0.562303,1,0.851264,0.905725,0.862897,0.797673,0.877737,0.622958,0.435523,0.453725,0.602119,0.681983,0.556021,0.71312,0.721154,0.786623,0.73442,0.83374,0.0198514,0.512309,0.640841,0.758473,0.777576,0.837473,0.646473,0.807739,0.880786,0.535398,0.586929,0.668839,0.433553,0.367375,0.437657,0.707085,0.673212,0.748297,0.702425,0.540691,0.340401,0.607701,0.78089,0.76939,0.276741,0.769922
0.860244,0.857152,0.897645,0.714129,0.725126,0.692537,0.573961,0.648929,0.496275,0.709011,0.774141,0.580531,0.737441,0.900313,0.65518,0.839353,0.740412,0.6428,0.615821,0.825245,0.858432,0.471752,0.634623,0.849944,0.419666,0.675531,0.795226,0.627033,0.362395,0.420317,0.0195578,0.633393,0.639787,0.778042,0.536722,0.389256,0.15392,0.507698,0.85004,0.697858,0.627215,0.575416,0.851264,1,0.861292,0.798368,0.743156,0.855443,0.640346,0.491394,0.539604,0.63456,0.718033,0.723551,0.807647,0.814697,0.668276,0.856311,0.804463,0.206876,0.448516,0.674943,0.778488,0.820703,0.839897,0.526843,0.642083,0.810932,0.448591,0.74458,0.654107,0.43242,0.412414,0.146434,0.613459,0.677162,0.709053,0.673526,0.466714,0.438711,0.620838,0.79777,0.777926,0.216403,0.796402
0.924896,0.831864,0.938321,0.76529,0.714211,0.78619,0.613692,0.76657,0.587725,0.685102,0.745884,0.609533,0.762337,0.78489,0.758216,0.753154,0.781967,0.686965,0.695228,0.801184,0.901076,0.567765,0.746458,0.887574,0.436776,0.700154,0.828008,0.728854,0.274017,0.393844,0.0230677,0.580722,0.801562,0.787966,0.613702,0.383205,0.304565,0.356822,0.873992,0.727658,0.569138,0.555565,0.905725,0.861292,1,0.864029,0.816129,0.867598,0.637641,0.516929,0.457174,0.724845,0.770935,0.642708,0.758245,0.769033,0.868498,0.815716,0.849978,0.116215,0.556149,0.63898,0.821511,0.872721,0.914503,0.647177,0.798187,0.930567,0.490737,0.681208,0.715188,0.53683,0.431791,0.385745,0.726876,0.701843,0.827529,0.717616,0.536971,0.388161,0.670797,0.846838,0.763157,0.354108,0.816024
0.81664,0.835302,0.85737,0.632786,0.564225,0.734498,0.514925,0.720273,0.514998,0.581321,0.733133,0.544771,0.739641,0.740296,0.575247,0.658211,0.725846,0.683493,0.693741,0.691681,0.84317,0.460958,0.592302,0.801621,0.456025,0.679669,0.739612,0.547553,0.338532,0.464104,0.050783,0.574731,0.710014,0.787283,0.545898,0.286316,0.385039,0.326153,0.839157,0.684281,0.612893,0.620826,0.862897,0.798368,0.864029,1,0.745731,0.857895,0.614559,0.454182,0.468271,0.685554,0.796429,0.580198,0.64937,0.714101,0.729639,0.686554,0.811016,0.114835,0.600602,0.673973,0.785518,0.726505,0.781324,0.780424,0.790504,0.869389,0.563163,0.600378,0.574456,0.487482,0.461387,0.487758,0.641532,0.738488,0.76753,0.7474,0.59703,0.400559,0.676635,0.718667,0.770425,0.318817,0.747273
0.845999,0.710816,0.760675,0.582786,0.475763,0.796525,0.386776,0.671167,0.536201,0.413741,0.622398,0.365175,0.604619,0.681567,0.676839,0.608645,0.711659,0.748643,0.456833,0.617987,0.762223,0.518589,0.623318,0.674872,0.374781,0.63107,0.591421,0.486991,0.1954,0.432626,-0.0383083,0.399139,0.647602,0.581033,0.513173,0.409588,0.382333,0.188642,0.718775,0.610795,0.495222,0.360007,0.797673,0.743156,0.816129,0.745731,1,0.782319,0.478802,0.433231,0.50692,0.466867,0.616742,0.540922,0.667709,0.696168,0.777746,0.72326,0.737709,0.0395224,0.347534,0.632959,0.753747,0.714606,0.78016,0.548828,0.733583,0.762431,0.288605,0.639378,0.592121,0.489073,0.324098,0.245685,0.557958,0.631961,0.611927,0.609051,0.446493,0.483002,0.551979,0.730281,0.651321,0.386609,0.759317
0.860396,0.847638,0.861614,0.670178,0.62311,0.735138,0.550182,0.729448,0.469422,0.718223,0.743718,0.602311,0.735266,0.794527,0.701041,0.717294,0.764296,0.619935,0.770659,0.717757,0.847123,0.547456,0.704785,0.796435,0.382057,0.696765,0.776312,0.660443,0.25224,0.581624,0.0458356,0.512029,0.718492,0.803556,0.638769,0.301932,0.344505,0.461592,0.814384,0.701903,0.572691,0.534682,0.877737,0.855443,0.867598,0.857895,0.782319,1,0.692905,0.479548,0.58436,0.672078,0.796672,0.658192,0.768021,0.746784,0.805447,0.73853,0.773733,0.180474,0.589428,0.797048,0.773492,0.754137,0.818552,0.67658,0.768298,0.87618,0.622791,0.733132,0.616961,0.519306,0.398821,0.372484,0.627707,0.667156,0.78945,0.659603,0.619425,0.42335,0.60744,0.812096,0.77799,0.385364,0.813753
0.53009,0.550969,0.59138,0.263553,0.341543,0.47215,0.610322,0.551823,0.417611,0.497979,0.395626,0.327279,0.595338,0.446236,0.473187,0.479398,0.485169,0.496239,0.526503,0.521289,0.613415,0.431596,0.611762,0.6219,0.169665,0.432027,0.607569,0.399035,0.291535,0.257361,-0.0537261,0.391878,0.525702,0.610838,0.404978,0.0146805,0.119206,0.364267,0.528947,0.506216,0.28061,0.329124,0.622958,0.640346,0.637641,0.614559,0.478802,0.692905,1,0.391512,0.325782,0.540533,0.633419,0.474723,0.659084,0.395645,0.553697,0.504954,0.62934,0.132246,0.425896,0.421235,0.469315,0.544988,0.531389,0.30276,0.479874,0.61839,0.311078,0.449879,0.398782,0.399857,0.332058,0.128242,0.405486,0.53435,0.623149,0.560274,0.472739,0.157338,0.575401,0.585326,0.596904,0.330893,0.496715
0.440046,0.377145,0.456612,0.265653,0.250719,0.444533,0.280747,0.331414,0.471641,0.276679,0.279535,0.357991,0.30216,0.419759,0.509041,0.3291,0.325091,0.354976,0.262491,0.500207,0.446356,0.531322,0.322428,0.521269,0.515444,0.33371,0.424231,0.329678,0.153774,0.270295,-0.378419,0.157164,0.332856,0.291293,0.134837,0.177362,0.0881065,0.129438,0.325705,0.113035,0.171176,0.230926,0.435523,0.491394,0.516929,0.454182,0.433231,0.479548,0.391512,1,0.321876,0.341665,0.347945,0.20554,0.308959,0.414772,0.472174,0.395275,0.304849,0.205551,0.215672,0.330905,0.290601,0.423421,0.40913,0.303313,0.40535,0.40595,0.0665702,0.43191,0.0937184,0.128618,0.0167138,0.0887196,0.391915,0.388185,0.437427,0.213313,0.312669,0.130604,0.361001,0.417518,0.40096,0.250161,0.288592
0.453324,0.575205,0.442501,0.439889,0.367968,0.348849,0.279598,0.374198,0.152933,0.53574,0.546323,0.343267,0.46208,0.548619,0.315079,0.504878,0.411918,0.273616,0.314669,0.524054,0.560557,0.427951,0.130347,0.409303,0.171468,0.421691,0.342123,0.515653,0.046981,0.340777,-0.237839,0.227289,0.254197,0.478028,0.405857,0.245047,0.26124,0.387073,0.425153,0.523094,0.406929,0.361187,0.453725,0.539604,0.457174,0.468271,0.50692,0.58436,0.325782,0.321876,1,0.408093,0.52379,0.418251,0.49648,0.502875,0.360764,0.458489,0.394228,0.212247,0.156999,0.604191,0.444101,0.379742,0.424418,0.430964,0.302702,0.428721,0.289963,0.538138,0.276806,0.404873,0.130034,0.13338,0.304726,0.435689,0.413822,0.476026,0.430066,0.283635,0.42854,0.450567,0.571722,0.123916,0.493573
0.652398,0.758457,0.717877,0.501642,0.51155,0.494836,0.512479,0.593267,0.471206,0.631007,0.675606,0.5023,0.707874,0.589305,0.425827,0.681304,0.665803,0.548876,0.65968,0.645809,0.749942,0.509736,0.617861,0.647269,0.225043,0.38348,0.782968,0.602064,0.222295,0.256908,0.0498394,0.477978,0.636375,0.739504,0.509691,0.175303,0.00348411,0.307224,0.725287,0.602624,0.598416,0.468982,0.602119,0.63456,0.724845,0.685554,0.466867,0.672078,0.540533,0.341665,0.408093,1,0.787209,0.536557,0.694735,0.541564,0.678902,0.658223,0.696188,0.281999,0.427477,0.532046,0.607566,0.622141,0.648864,0.457294,0.550473,0.747929,0.612562,0.533577,0.551394,0.503628,0.450687,0.414555,0.572829,0.57826,0.643086,0.693755,0.45363,0.244827,0.501349,0.707505,0.748532,0.253835,0.653191
0.699962,0.820746,0.753305,0.528843,0.543772,0.619053,0.519084,0.575096,0.389121,0.640996,0.754537,0.597815,0.732961,0.720731,0.389455,0.734554,0.643478,0.590904,0.723045,0.708972,0.850496,0.477921,0.570428,0.716498,0.203367,0.695434,0.730592,0.565294,0.158567,0.422278,0.0551909,0.450026,0.556277,0.718575,0.589159,0.366517,0.19694,0.388508,0.769324,0.800009,0.621131,0.479441,0.681983,0.718033,0.770935,0.796429,0.616742,0.796672,0.633419,0.347945,0.52379,0.787209,1,0.690022,0.720695,0.672545,0.695636,0.720252,0.755858,0.365325,0.637499,0.631031,0.757324,0.741024,0.765028,0.606213,0.617221,0.803612,0.518154,0.680081,0.533623,0.536165,0.503176,0.362845,0.535797,0.675114,0.689625,0.754716,0.597153,0.333659,0.722858,0.754709,0.80705,0.494113,0.700182
