1,0.875045,0.9434,0.909943,0.813124,0.739762,0.444386,0.592384,0.711506,0.911045,0.879931,0.854313,0.943819,0.895942,0.592171,0.670952,0.92159,0.732832,0.835832,0.92009,0.942261,0.706706,0.81599,0.942943,0.644455,0.762053,0.897666,0.753119,0.640699,0.611663,0.363521,0.606104,0.789735,0.860118,0.750812,0.391925,0.382069,0.818078,0.91868,0.905233,0.528826,0.701251,0.935161,0.876399,0.944405,0.938339,0.900192,0.835975,0.649492,0.797238,0.663578,0.865514,0.876301,0.824367,0.878175,0.928023,0.728904,0.702616,0.9115,0.594215,0.733357,0.817429,0.839088,0.906155,0.910712,0.81763,0.843194,0.940412,0.764625,0.765549,0.82183,0.755,0.709132,0.506398,0.584615,0.854797,0.818107,0.578869,0.493645,0.430179,0.749006,0.926568,0.893465,0.667031,0.830542
0.875045,1,0.841505,0.754429,0.639955,0.660506,0.140127,0.368298,0.659443,0.856875,0.829673,0.720755,0.851546,0.849739,0.57387,0.87941,0.800925,0.543396,0.84421,0.856667,0.803274,0.597872,0.62356,0.78545,0.565971,0.548689,0.753125,0.536483,0.582023,0.513737,0.413735,0.445421,0.623646,0.726131,0.580112,0.352508,0.214293,0.760723,0.806507,0.819296,0.469296,0.503565,0.873028,0.929362,0.827778,0.841444,0.855694,0.69303,0.517826,0.626994,0.633939,0.726442,0.786542,0.829844,0.83645,0.872115,0.630308,0.893296,0.860464,0.488162,0.669174,0.66828,0.814789,0.842425,0.744691,0.631787,0.710853,0.787454,0.706963,0.565027,0.677615,0.603254,0.589379,0.463764,0.357284,0.712439,0.609314,0.400831,0.297475,0.248033,0.617342,0.793848,0.749417,0.401818,0.598537
0.9434,0.841505,1,0.92114,0.820547,0.752463,0.396796,0.541367,0.783466,0.870071,0.924824,0.770209,0.90681,0.880144,0.669898,0.621025,0.91654,0.685967,0.829451,0.915959,0.951732,0.790449,0.80505,0.94402,0.720703,0.764893,0.856702,0.791129,0.66609,0.604855,0.463785,0.707947,0.830073,0.84127,0.797072,0.470371,0.414507,0.81176,0.955722,0.918866,0.615315,0.753368,0.961448,0.84073,0.977686,0.954197,0.922233,0.847019,0.616206,0.746998,0.654853,0.877855,0.931399,0.827952,0.880871,0.93298,0.624623,0.68865,0.920117,0.60395,0.713531,0.804646,0.856193,0.944875,0.929535,0.790592,0.892668,0.95475,0.75923,0.834754,0.855972,0.73632,0.704107,0.55873,0.625162,0.883186,0.822397,0.598328,0.482279,0.374488,0.757069,0.926947,0.875417,0.740935,0.827455
0.909943,0.754429,0.92114,1,0.837153,0.759646,0.56056,0.67068,0.755727,0.848733,0.85089,0.787938,0.8345,0.868903,0.691901,0.482784,0.865774,0.748366,0.782468,0.880598,0.935392,0.688184,0.85877,0.956951,0.706196,0.790844,0.902126,0.828401,0.56598,0.594063,0.419526,0.6598,0.805968,0.886868,0.774309,0.37214,0.440545,0.872514,0.919637,0.915396,0.597032,0.77094,0.893225,0.764448,0.935719,0.942181,0.893233,0.860927,0.670755,0.746803,0.641315,0.839383,0.915753,0.751494,0.805391,0.904994,0.64044,0.565616,0.853157,0.584453,0.713035,0.890765,0.836412,0.870142,0.934177,0.876011,0.914156,0.927994,0.721212,0.812444,0.873747,0.792206,0.760329,0.643834,0.611084,0.848023,0.76998,0.646397,0.53025,0.469888,0.804814,0.918137,0.855473,0.775102,0.829959
0.813124,0.639955,0.820547,0.837153,1,0.704141,0.635644,0.591895,0.697938,0.723139,0.783292,0.715528,0.753044,0.818933,0.44146,0.388839,0.716863,0.621596,0.709134,0.805552,0.807641,0.668264,0.793251,0.872335,0.668494,0.666885,0.811353,0.738271,0.557752,0.435064,0.389499,0.616209,0.790139,0.855581,0.743309,0.25962,0.43093,0.771627,0.837862,0.892415,0.492648,0.71083,0.815052,0.655916,0.834939,0.845143,0.833435,0.835121,0.620064,0.725864,0.491224,0.70897,0.799111,0.674502,0.69632,0.81869,0.522864,0.466378,0.73098,0.581158,0.767535,0.749306,0.802846,0.829696,0.849773,0.779091,0.791416,0.877252,0.604327,0.825837,0.800515,0.64993,0.762967,0.543667,0.718167,0.85122,0.82806,0.635503,0.537548,0.47212,0.751621,0.831903,0.810882,0.75502,0.75802
0.739762,0.660506,0.752463,0.759646,0.704141,1,0.352017,0.518603,0.678625,0.655494,0.697896,0.617722,0.696024,0.763207,0.575831,0.432361,0.663889,0.739319,0.643903,0.826035,0.801706,0.745345,0.692061,0.830832,0.702134,0.585769,0.807244,0.677221,0.43445,0.439571,0.48248,0.651549,0.620776,0.811374,0.741555,0.368428,0.25824,0.6712,0.775865,0.806217,0.409366,0.5106,0.753349,0.636381,0.742899,0.720937,0.734807,0.65401,0.65858,0.699185,0.487183,0.650354,0.699166,0.655068,0.705017,0.811054,0.459073,0.588988,0.702272,0.49139,0.679757,0.736648,0.713933,0.764064,0.731553,0.759851,0.704696,0.756994,0.436678,0.662337,0.754847,0.673734,0.597579,0.466415,0.567183,0.68836,0.596574,0.546116,0.435819,0.186571,0.581161,0.735423,0.675144,0.48089,0.638205
0.444386,0.140127,0.396796,0.56056,0.635644,0.352017,1,0.643703,0.337502,0.314184,0.252474,0.301051,0.270045,0.468215,0.257558,-0.124037,0.277063,0.350059,0.305276,0.317282,0.454744,0.305442,0.519102,0.551129,0.368056,0.46548,0.513288,0.502286,0.331074,0.341763,0.182627,0.351258,0.510357,0.504506,0.446608,0.0518972,0.364018,0.427153,0.448825,0.50241,0.166067,0.462404,0.376866,0.170998,0.444939,0.449713,0.398933,0.498574,0.402036,0.530126,0.228769,0.347878,0.405742,0.164046,0.178333,0.437436,0.268784,-0.038733,0.236422,0.408268,0.359293,0.481069,0.438468,0.347385,0.490563,0.544147,0.430193,0.493753,0.366956,0.489425,0.499773,0.569841,0.496806,0.331146,0.395135,0.458298,0.48347,0.477539,0.623954,0.387896,0.527018,0.468449,0.515542,0.639766,0.531985
0.592384,0.368298,0.541367,0.67068,0.591895,0.518603,0.643703,1,0.482649,0.557888,0.512344,0.487749,0.483499,0.58853,0.299852,0.133791,0.526257,0.665125,0.493302,0.529003,0.612647,0.288024,0.670188,0.672676,0.46583,0.664621,0.655901,0.633169,0.233069,0.532276,0.0872995,0.327667,0.45113,0.598654,0.643904,0.0573567,0.274351,0.589927,0.558956,0.589427,0.381444,0.548615,0.519937,0.386676,0.531747,0.561138,0.46886,0.513039,0.594465,0.641587,0.398845,0.496758,0.590567,0.336084,0.354659,0.584821,0.486703,0.167823,0.393519,0.430501,0.428045,0.642864,0.540887,0.500347,0.657914,0.698808,0.610795,0.596433,0.502007,0.618673,0.615349,0.688593,0.703161,0.407391,0.442992,0.571332,0.455785,0.59481,0.628169,0.397145,0.568361,0.577616,0.60035,0.610491,0.576824
0.711506,0.659443,0.783466,0.755727,0.697938,0.678625,0.337502,0.482649,1,0.570003,0.74846,0.48059,0.603209,0.754014,0.527867,0.360664,0.672819,0.616039,0.580711,0.695091,0.744113,0.61903,0.797783,0.771322,0.603706,0.543137,0.72431,0.593835,0.580032,0.671398,0.407883,0.630138,0.631537,0.687188,0.584709,0.49385,0.301147,0.76874,0.786582,0.785848,0.492249,0.750778,0.766959,0.642272,0.746276,0.73544,0.719024,0.699659,0.486513,0.551447,0.32034,0.730719,0.796,0.555444,0.604841,0.766444,0.4653,0.465444,0.677834,0.563738,0.532316,0.621681,0.67606,0.725207,0.756333,0.70204,0.782854,0.733501,0.629075,0.687129,0.676817,0.582876,0.634331,0.455417,0.632032,0.706149,0.575191,0.574572,0.557539,0.297583,0.654507,0.641062,0.697064,0.579688,0.652268
0.911045,0.856875,0.870071,0.848733,0.723139,0.655494,0.314184,0.557888,0.570003,1,0.855138,0.802527,0.903962,0.861469,0.5565,0.734955,0.868229,0.671767,0.82071,0.887419,0.867895,0.572417,0.732679,0.852841,0.59607,0.735852,0.820187,0.679236,0.532571,0.465019,0.244334,0.425308,0.668301,0.774504,0.719987,0.265779,0.390363,0.765293,0.830176,0.831755,0.63015,0.564969,0.851276,0.852684,0.866359,0.881277,0.877007,0.78692,0.618986,0.727125,0.674951,0.757743,0.803545,0.831566,0.840207,0.851275,0.715336,0.721863,0.858971,0.458299,0.681921,0.798504,0.809828,0.863866,0.849196,0.751472,0.79194,0.879266,0.713496,0.715529,0.78724,0.704874,0.699663,0.583086,0.45836,0.759321,0.723257,0.45303,0.353287,0.376079,0.721885,0.897069,0.826373,0.57585,0.725677
0.879931,0.829673,0.924824,0.85089,0.783292,0.697896,0.252474,0.512344,0.74846,0.855138,1,0.763577,0.866753,0.798789,0.600815,0.676934,0.866212,0.618379,0.842816,0.879796,0.870818,0.726179,0.779133,0.855103,0.651084,0.679596,0.778547,0.676584,0.54658,0.577806,0.396124,0.583964,0.759936,0.75334,0.774234,0.453469,0.381163,0.80718,0.885265,0.869828,0.604306,0.691003,0.916123,0.855486,0.912715,0.909195,0.856869,0.818318,0.557044,0.596275,0.571693,0.828702,0.899326,0.820881,0.838443,0.841878,0.636306,0.728164,0.888592,0.531925,0.677114,0.754839,0.816034,0.905117,0.875072,0.748594,0.838722,0.87342,0.73092,0.802348,0.814041,0.669265,0.709395,0.516342,0.63016,0.783331,0.73523,0.547186,0.386972,0.32089,0.695317,0.866471,0.826138,0.667986,0.773439
0.854313,0.720755,0.770209,0.787938,0.715528,0.617722,0.301051,0.487749,0.48059,0.802527,0.763577,1,0.914407,0.701185,0.456732,0.644641,0.884032,0.615452,0.755502,0.868032,0.83941,0.590969,0.658025,0.796356,0.435481,0.690229,0.784246,0.637661,0.46164,0.390621,0.261411,0.530761,0.768456,0.814369,0.69285,0.122766,0.30841,0.734319,0.784225,0.788636,0.41428,0.571677,0.765849,0.743884,0.81442,0.82597,0.761174,0.731281,0.531378,0.674817,0.573761,0.79105,0.773477,0.806989,0.864317,0.768659,0.650346,0.622826,0.858556,0.521312,0.722896,0.720734,0.744019,0.807346,0.837118,0.758854,0.691618,0.828538,0.563957,0.608731,0.691971,0.657225,0.625446,0.527052,0.592027,0.729563,0.771775,0.611114,0.231295,0.454839,0.652496,0.859359,0.775267,0.563445,0.721017
0.943819,0.851546,0.90681,0.8345,0.753044,0.696024,0.270045,0.483499,0.603209,0.903962,0.866753,0.914407,1,0.81956,0.515453,0.736131,0.957195,0.657012,0.810473,0.937758,0.913512,0.671685,0.71449,0.877097,0.572437,0.77499,0.849732,0.716169,0.567031,0.50157,0.292974,0.582097,0.745026,0.825264,0.740025,0.295351,0.39042,0.772077,0.858721,0.846496,0.520648,0.615488,0.88492,0.84231,0.898802,0.901662,0.880012,0.815677,0.59155,0.741388,0.667922,0.847015,0.846232,0.858079,0.922866,0.87389,0.747746,0.733247,0.925874,0.559855,0.776321,0.760552,0.800742,0.895902,0.884233,0.754902,0.779726,0.906448,0.65699,0.732553,0.785136,0.675524,0.670785,0.493205,0.579388,0.801054,0.802578,0.555011,0.333543,0.349459,0.709847,0.913728,0.848392,0.601522,0.782773
0.895942,0.849739,0.880144,0.868903,0.818933,0.763207,0.468215,0.58853,0.754014,0.861469,0.798789,0.701185,0.81956,1,0.598633,0.627491,0.790452,0.656665,0.736623,0.876127,0.882773,0.669783,0.774196,0.908891,0.644804,0.698816,0.889603,0.70658,0.554208,0.537734,0.436748,0.52418,0.706551,0.838505,0.713721,0.290576,0.40406,0.801217,0.861217,0.889348,0.53701,0.603555,0.877416,0.809261,0.870569,0.862349,0.894637,0.794271,0.595557,0.786991,0.606796,0.748227,0.817242,0.71057,0.746751,0.919645,0.649882,0.676747,0.794402,0.540066,0.705942,0.794471,0.854969,0.88805,0.845926,0.764258,0.829458,0.908398,0.769858,0.712647,0.831023,0.738717,0.744735,0.649603,0.500022,0.822611,0.738807,0.552712,0.573214,0.329382,0.77678,0.859518,0.832222,0.638287,0.733645
0.592171,0.57387,0.669898,0.691901,0.44146,0.575831,0.257558,0.299852,0.527867,0.5565,0.600815,0.456732,0.515453,0.598633,1,0.450639,0.529563,0.391523,0.616421,0.557431,0.633788,0.598288,0.447949,0.617853,0.446511,0.446102,0.522371,0.522841,0.465473,0.356107,0.597379,0.620577,0.608073,0.558883,0.498118,0.490513,0.0524004,0.542277,0.670226,0.627659,0.343934,0.528604,0.667217,0.577644,0.706788,0.650895,0.569778,0.505201,0.457648,0.450722,0.517142,0.528833,0.633585,0.592205,0.656988,0.642653,0.255627,0.493279,0.669999,0.280189,0.298964,0.665331,0.58626,0.563756,0.573666,0.512494,0.629399,0.572605,0.576183,0.466862,0.518792,0.526789,0.395041,0.506212,0.367168,0.55042,0.356,0.333462,0.226027,0.197285,0.507565,0.562122,0.517801,0.497191,0.559991
0.670952,0.87941,0.621025,0.482784,0.388839,0.432361,-0.124037,0.133791,0.360664,0.734955,0.676934,0.644641,0.736131,0.627491,0.450639,1,0.637008,0.238701,0.763649,0.685915,0.584988,0.412727,0.318313,0.506368,0.289343,0.344542,0.50708,0.228272,0.412672,0.248071,0.273021,0.221145,0.448834,0.464474,0.41684,0.199461,0.0322546,0.515292,0.588664,0.604859,0.320722,0.203732,0.673892,0.814985,0.620844,0.631254,0.654602,0.496356,0.261835,0.433874,0.479615,0.539857,0.555417,0.757514,0.722227,0.650311,0.511334,0.930307,0.720281,0.276597,0.520448,0.451065,0.658174,0.664368,0.527488,0.397213,0.466802,0.557985,0.584391,0.316763,0.429942,0.435116,0.377421,0.377838,0.160502,0.450224,0.414839,0.222847,-0.00908881,0.0655277,0.394977,0.609865,0.574676,0.15022,0.372744
0.92159,0.800925,0.91654,0.865774,0.716863,0.663889,0.277063,0.526257,0.672819,0.868229,0.866212,0.884032,0.957195,0.790452,0.529563,0.637008,1,0.705865,0.773529,0.900079,0.914379,0.638807,0.744045,0.879655,0.548481,0.814794,0.850332,0.763278,0.569623,0.595256,0.25326,0.601473,0.74099,0.81023,0.728499,0.323776,0.448884,0.791828,0.860578,0.831814,0.556814,0.70392,0.871163,0.798828,0.897899,0.899893,0.844173,0.799539,0.562081,0.711846,0.611832,0.891675,0.890288,0.817404,0.888265,0.861418,0.725072,0.643172,0.914824,0.600871,0.735331,0.752999,0.777774,0.879252,0.903121,0.789165,0.821754,0.901922,0.676367,0.760191,0.798712,0.677914,0.675048,0.526599,0.619395,0.809203,0.78419,0.624886,0.362907,0.389021,0.735098,0.90761,0.835702,0.667533,0.811401
0.732832,0.543396,0.685967,0.748366,0.621596,0.739319,0.350059,0.665125,0.616039,0.671767,0.618379,0.615452,0.657012,0.656665,0.391523,0.238701,0.705865,1,0.521945,0.712009,0.74639,0.506464,0.794978,0.778693,0.63726,0.688471,0.773452,0.782311,0.359899,0.556853,0.187834,0.51765,0.518952,0.72359,0.6633,0.320848,0.294628,0.681832,0.699858,0.706227,0.544992,0.653161,0.655619,0.556463,0.649394,0.674949,0.630722,0.598848,0.720244,0.699131,0.49436,0.650187,0.690792,0.536478,0.619597,0.717126,0.516539,0.32157,0.628618,0.445628,0.560649,0.730317,0.568627,0.63406,0.743639,0.714315,0.74762,0.71797,0.438269,0.682535,0.683973,0.580688,0.64955,0.327846,0.548993,0.745246,0.593619,0.561633,0.56648,0.483636,0.547317,0.664046,0.586366,0.555159,0.672998
0.835832,0.84421,0.829451,0.782468,0.709134,0.643903,0.305276,0.493302,0.580711,0.82071,0.842816,0.755502,0.810473,0.736623,0.616421,0.763649,0.773529,0.521945,1,0.80719,0.803789,0.579829,0.598785,0.767379,0.526396,0.539393,0.728611,0.578362,0.478526,0.454088,0.342104,0.543944,0.677185,0.754148,0.637872,0.395902,0.157622,0.7348,0.849653,0.835269,0.524235,0.596178,0.861204,0.849183,0.852718,0.865342,0.798899,0.674071,0.589404,0.64739,0.582518,0.75025,0.824289,0.797747,0.790963,0.838166,0.564572,0.770942,0.810704,0.431219,0.691958,0.719675,0.832876,0.791924,0.774972,0.686986,0.747203,0.763044,0.654053,0.666959,0.715532,0.672761,0.651423,0.489406,0.437817,0.728663,0.61407,0.491672,0.254563,0.325264,0.67435,0.812855,0.740849,0.570199,0.671204
0.92009,0.856667,0.915959,0.880598,0.805552,0.826035,0.317282,0.529003,0.695091,0.887419,0.879796,0.868032,0.937758,0.876127,0.557431,0.685915,0.900079,0.712009,0.80719,1,0.947407,0.74556,0.768742,0.92562,0.688906,0.744479,0.900963,0.742407,0.528874,0.483792,0.423985,0.63555,0.777327,0.897704,0.811882,0.279502,0.409604,0.827928,0.899383,0.914553,0.578891,0.624474,0.89457,0.820089,0.906883,0.913591,0.923642,0.82817,0.642907,0.762046,0.666445,0.808704,0.878385,0.835289,0.882418,0.907924,0.659728,0.735143,0.901066,0.599223,0.791381,0.815085,0.862905,0.945203,0.909857,0.807137,0.835507,0.935239,0.639971,0.753718,0.85355,0.73435,0.696991,0.612735,0.60964,0.8073,0.795045,0.584477,0.395834,0.324342,0.746999,0.934153,0.832943,0.623036,0.758993
0.942261,0.803274,0.951732,0.935392,0.807641,0.801706,0.454744,0.612647,0.744113,0.867895,0.870818,0.83941,0.913512,0.882773,0.633788,0.584988,0.914379,0.74639,0.803789,0.947407,1,0.762519,0.820077,0.964969,0.677135,0.789428,0.908407,0.794741,0.576122,0.598703,0.431469,0.661074,0.816694,0.899053,0.826728,0.368957,0.412198,0.843494,0.943854,0.922402,0.600931,0.736326,0.905515,0.788358,0.943557,0.929044,0.910022,0.868741,0.671518,0.774214,0.66578,0.84189,0.899411,0.799824,0.856452,0.923368,0.643639,0.6288,0.895218,0.58828,0.73794,0.862874,0.842553,0.921588,0.955258,0.860587,0.879449,0.95199,0.685718,0.785538,0.872274,0.805233,0.748352,0.609765,0.623684,0.854968,0.802599,0.65324,0.471298,0.366794,0.806878,0.934879,0.871734,0.735343,0.846604
0.706706,0.597872,0.790449,0.688184,0.668264,0.745345,0.305442,0.288024,0.61903,0.572417,0.726179,0.590969,0.671685,0.669783,0.598288,0.412727,0.638807,0.506464,0.579829,0.74556,0.762519,1,0.640562,0.769378,0.668512,0.447044,0.643194,0.645508,0.562706,0.328966,0.64945,0.778881,0.79108,0.719538,0.745393,0.489093,0.25578,0.563942,0.776193,0.725003,0.424233,0.533787,0.778973,0.644088,0.808137,0.707466,0.705988,0.667095,0.44279,0.567269,0.435032,0.681864,0.682563,0.657586,0.722638,0.703807,0.293924,0.575934,0.746971,0.430903,0.512479,0.657653,0.674863,0.78457,0.702987,0.601993,0.640848,0.758337,0.480252,0.612835,0.68343,0.591381,0.485655,0.382682,0.53761,0.730367,0.72354,0.478486,0.366903,0.228311,0.523106,0.7467,0.68472,0.509064,0.715202
0.81599,0.62356,0.80505,0.85877,0.793251,0.692061,0.519102,0.670188,0.797783,0.732679,0.779133,0.658025,0.71449,0.774196,0.447949,0.318313,0.744045,0.794978,0.598785,0.768742,0.820077,0.640562,1,0.86999,0.700664,0.688146,0.81871,0.717771,0.574249,0.639684,0.346128,0.555579,0.718639,0.76385,0.755551,0.423768,0.422417,0.8075,0.811059,0.818387,0.55264,0.770596,0.788241,0.67035,0.796934,0.789604,0.767711,0.788918,0.612511,0.701062,0.477236,0.744764,0.806768,0.64544,0.683857,0.793657,0.629413,0.412661,0.737666,0.563089,0.605804,0.794453,0.686548,0.773244,0.871243,0.809081,0.832444,0.857016,0.628407,0.756167,0.737192,0.706918,0.765553,0.482946,0.65776,0.768057,0.732746,0.588707,0.612712,0.536448,0.654155,0.774713,0.799856,0.637926,0.775621
0.942943,0.78545,0.94402,0.956951,0.872335,0.830832,0.551129,0.672676,0.771322,0.852841,0.855103,0.796356,0.877097,0.908891,0.617853,0.506368,0.879655,0.778693,0.767379,0.92562,0.964969,0.769378,0.86999,1,0.722026,0.790499,0.929817,0.825452,0.630024,0.608513,0.478713,0.679435,0.810668,0.923452,0.839651,0.359972,0.451743,0.837686,0.928725,0.93517,0.559361,0.758057,0.914359,0.784365,0.941183,0.921241,0.910196,0.880884,0.680905,0.804992,0.615804,0.827385,0.888712,0.781079,0.833642,0.933005,0.623691,0.596102,0.875742,0.618681,0.744096,0.864954,0.849018,0.915667,0.944676,0.889443,0.875924,0.960129,0.689893,0.836158,0.882271,0.813594,0.777956,0.576686,0.659049,0.88316,0.826353,0.67262,0.581391,0.439377,0.812776,0.938631,0.897061,0.741481,0.857424
0.644455,0.565971,0.720703,0.706196,0.668494,0.702134,0.368056,0.46583,0.603706,0.59607,0.651084,0.435481,0.572437,0.644804,0.446511,0.289343,0.548481,0.63726,0.526396,0.688906,0.677135,0.668512,0.700664,0.722026,1,0.520363,0.644491,0.697455,0.429875,0.393896,0.427262,0.574031,0.630822,0.679788,0.669849,0.3947,0.327006,0.680514,0.733863,0.703882,0.55504,0.573905,0.68968,0.572795,0.68711,0.692763,0.717443,0.611115,0.644027,0.589637,0.600918,0.522406,0.665345,0.527833,0.584533,0.696058,0.352542,0.428621,0.594228,0.463311,0.523136,0.64226,0.633218,0.725004,0.69188,0.535648,0.697044,0.710719,0.457827,0.669216,0.673482,0.510165,0.563863,0.338617,0.431105,0.723312,0.674709,0.334215,0.451372,0.310572,0.501145,0.643599,0.589389,0.550579,0.525256
0.762053,0.548689,0.764893,0.790844,0.666885,0.585769,0.46548,0.664621,0.543137,0.735852,0.679596,0.690229,0.77499,0.698816,0.446102,0.344542,0.814794,0.688471,0.539393,0.744479,0.789428,0.447044,0.688146,0.790499,0.520363,1,0.772234,0.769961,0.411001,0.540048,0.136416,0.46572,0.572179,0.689723,0.718762,0.179827,0.632183,0.656151,0.668409,0.708395,0.461302,0.573441,0.6643,0.526732,0.709098,0.760977,0.717906,0.71701,0.622441,0.706504,0.643171,0.693826,0.740609,0.576816,0.65371,0.714225,0.715077,0.350819,0.675907,0.515259,0.634911,0.724665,0.604407,0.706057,0.814367,0.700506,0.732965,0.805864,0.61496,0.758106,0.778098,0.628108,0.570167,0.58167,0.658346,0.658409,0.688937,0.538421,0.461392,0.347562,0.645114,0.772468,0.703684,0.688584,0.732998
0.897666,0.753125,0.856702,0.902126,0.811353,0.807244,0.513288,0.655901,0.72431,0.820187,0.778547,0.784246,0.849732,0.889603,0.522371,0.50708,0.850332,0.773452,0.728611,0.900963,0.908407,0.643194,0.81871,0.929817,0.644491,0.772234,1,0.783503,0.480788,0.594237,0.341144,0.605688,0.686032,0.89235,0.77781,0.264826,0.505638,0.848647,0.852322,0.882445,0.549855,0.668458,0.846929,0.754121,0.850571,0.864322,0.880647,0.823797,0.682552,0.839624,0.598092,0.788223,0.839193,0.668146,0.748035,0.899872,0.71307,0.584153,0.789182,0.588126,0.753832,0.827881,0.84629,0.850955,0.901907,0.860512,0.850147,0.90964,0.646282,0.772158,0.868104,0.787533,0.78206,0.588777,0.566237,0.789802,0.74408,0.656707,0.55887,0.397655,0.790935,0.875523,0.819866,0.699866,0.791781
0.753119,0.536483,0.791129,0.828401,0.738271,0.677221,0.502286,0.633169,0.593835,0.679236,0.676584,0.637661,0.716169,0.70658,0.522841,0.228272,0.763278,0.782311,0.578362,0.742407,0.794741,0.645508,0.717771,0.825452,0.697455,0.769961,0.783503,1,0.406291,0.507756,0.24528,0.680381,0.683354,0.776353,0.708844,0.361222,0.438463,0.697573,0.747199,0.720819,0.618993,0.702054,0.730874,0.556923,0.773316,0.77829,0.724805,0.68674,0.67876,0.719531,0.642051,0.752753,0.796385,0.540069,0.663717,0.752057,0.530328,0.333281,0.675422,0.507796,0.56291,0.764786,0.633652,0.704847,0.78791,0.673733,0.790396,0.798047,0.465081,0.765027,0.83189,0.526866,0.684228,0.447938,0.568687,0.822742,0.685614,0.547707,0.54195,0.373352,0.656219,0.766148,0.651092,0.759484,0.788316
0.640699,0.582023,0.66609,0.56598,0.557752,0.43445,0.331074,0.233069,0.580032,0.532571,0.54658,0.46164,0.567031,0.554208,0.465473,0.412672,0.569623,0.359899,0.478526,0.528874,0.576122,0.562706,0.574249,0.630024,0.429875,0.411001,0.480788,0.406291,1,0.403063,0.493179,0.486988,0.644795,0.516685,0.470025,0.461986,0.129737,0.467138,0.63603,0.628674,0.262348,0.569897,0.633731,0.57824,0.651117,0.593122,0.620065,0.578986,0.257657,0.547687,0.298585,0.55523,0.545206,0.677845,0.691411,0.646033,0.220481,0.464302,0.697287,0.459258,0.401906,0.39492,0.54674,0.623941,0.576249,0.536467,0.505915,0.643866,0.564364,0.49539,0.312331,0.421523,0.332616,0.242519,0.509102,0.619382,0.642199,0.435371,0.251414,0.383901,0.367727,0.577615,0.697408,0.356427,0.502554
0.611663,0.513737,0.604855,0.594063,0.435064,0.439571,0.341763,0.532276,0.671398,0.465019,0.577806,0.390621,0.50157,0.537734,0.356107,0.248071,0.595256,0.556853,0.454088,0.483792,0.598703,0.328966,0.639684,0.608513,0.393896,0.540048,0.594237,0.507756,0.403063,1,0.0858017,0.299281,0.358941,0.445881,0.378557,0.387734,0.248004,0.586416,0.55672,0.52835,0.235367,0.596167,0.547293,0.475997,0.557385,0.569716,0.507344,0.506448,0.493552,0.470932,0.389631,0.622885,0.630805,0.380215,0.445813,0.558281,0.568677,0.299369,0.532785,0.606445,0.310629,0.483797,0.440894,0.480475,0.618144,0.620235,0.528053,0.53705,0.524786,0.520576,0.511442,0.534096,0.591505,0.214207,0.419937,0.514553,0.375228,0.440656,0.546963,0.214267,0.489108,0.457887,0.585224,0.515769,0.625302
0.363521,0.413735,0.463785,0.419526,0.389499,0.48248,0.182627,0.0872995,0.407883,0.244334,0.396124,0.261411,0.292974,0.436748,0.597379,0.273021,0.25326,0.187834,0.342104,0.423985,0.431469,0.64945,0.346128,0.478713,0.427262,0.136416,0.341144,0.24528,0.493179,0.0858017,1,0.574517,0.54348,0.469215,0.479614,0.356877,0.00901537,0.350236,0.486235,0.4719,0.129846,0.344298,0.486318,0.392775,0.480803,0.380873,0.435978,0.323067,0.117095,0.272726,0.215834,0.23112,0.386235,0.381051,0.414879,0.453261,-0.118486,0.364866,0.427697,0.217642,0.311685,0.413659,0.467183,0.473607,0.372967,0.310068,0.401386,0.428883,0.384246,0.302244,0.279421,0.37692,0.231309,0.292025,0.291641,0.422019,0.399703,0.342397,0.221212,0.13384,0.272516,0.39655,0.367184,0.268823,0.327416
0.606104,0.445421,0.707947,0.6598,0.616209,0.651549,0.351258,0.327667,0.630138,0.425308,0.583964,0.530761,0.582097,0.52418,0.620577,0.221145,0.601473,0.51765,0.543944,0.63555,0.661074,0.778881,0.555579,0.679435,0.574031,0.46572,0.605688,0.680381,0.486988,0.299281,0.574517,1,0.746337,0.706517,0.624293,0.479936,0.153973,0.55943,0.735275,0.667372,0.352688,0.659801,0.702717,0.503833,0.726971,0.656197,0.590232,0.508447,0.45639,0.546501,0.32433,0.663081,0.704394,0.508514,0.639908,0.637727,0.215596,0.36898,0.633122,0.45651,0.531353,0.598694,0.617869,0.610443,0.654701,0.528216,0.668802,0.648496,0.383438,0.650342,0.576973,0.50926,0.395351,0.27776,0.548089,0.683283,0.603544,0.527614,0.428876,0.373059,0.461715,0.620861,0.581173,0.583354,0.648282
0.789735,0.623646,0.830073,0.805968,0.790139,0.620776,0.510357,0.45113,0.631537,0.668301,0.759936,0.768456,0.745026,0.706551,0.608073,0.448834,0.74099,0.518952,0.677185,0.777327,0.816694,0.79108,0.718639,0.810668,0.630822,0.572179,0.686032,0.683354,0.644795,0.358941,0.54348,0.746337,1,0.773714,0.767218,0.328871,0.295059,0.719064,0.872075,0.834883,0.44497,0.701747,0.820803,0.673306,0.876884,0.836701,0.749841,0.727997,0.420148,0.626848,0.489224,0.778711,0.813032,0.7454,0.786332,0.774874,0.376989,0.523874,0.803815,0.582727,0.58039,0.663784,0.756836,0.84264,0.828101,0.680421,0.745598,0.853535,0.621631,0.672175,0.69041,0.660846,0.553563,0.501576,0.625532,0.789326,0.811043,0.621712,0.395616,0.497862,0.594923,0.823733,0.793608,0.68507,0.715801
0.860118,0.726131,0.84127,0.886868,0.855581,0.811374,0.504506,0.598654,0.687188,0.774504,0.75334,0.814369,0.825264,0.838505,0.558883,0.464474,0.81023,0.72359,0.754148,0.897704,0.899053,0.719538,0.76385,0.923452,0.679788,0.689723,0.89235,0.776353,0.516685,0.445881,0.469215,0.706517,0.773714,1,0.765663,0.263342,0.388129,0.834715,0.879704,0.894069,0.463294,0.721252,0.828878,0.708722,0.860223,0.859213,0.855803,0.781384,0.726136,0.763836,0.608897,0.722869,0.832974,0.723856,0.787681,0.865208,0.535842,0.52685,0.797681,0.616966,0.803381,0.836294,0.859368,0.848901,0.880501,0.837047,0.80898,0.880625,0.534558,0.758138,0.81299,0.748279,0.709038,0.552982,0.613575,0.848558,0.774593,0.637383,0.440674,0.481874,0.781058,0.884971,0.803238,0.66225,0.771927
0.750812,0.580112,0.797072,0.774309,0.743309,0.741555,0.446608,0.643904,0.584709,0.719987,0.774234,0.69285,0.740025,0.713721,0.498118,0.41684,0.728499,0.6633,0.637872,0.811882,0.826728,0.745393,0.755551,0.839651,0.669849,0.718762,0.77781,0.708844,0.470025,0.378557,0.479614,0.624293,0.767218,0.765663,1,0.283923,0.474119,0.647282,0.787631,0.807456,0.575239,0.629618,0.777324,0.650194,0.793191,0.725783,0.759078,0.751774,0.514994,0.708486,0.452261,0.643309,0.742498,0.701834,0.704461,0.754312,0.427936,0.495646,0.719292,0.418081,0.587979,0.754237,0.731426,0.822283,0.86065,0.75891,0.745189,0.838983,0.498752,0.782262,0.781104,0.766892,0.689954,0.537638,0.618716,0.706822,0.730104,0.638908,0.450776,0.400953,0.641765,0.814939,0.792502,0.655355,0.737782
0.391925,0.352508,0.470371,0.37214,0.25962,0.368428,0.0518972,0.0573567,0.49385,0.265779,0.453469,0.122766,0.295351,0.290576,0.490513,0.199461,0.323776,0.320848,0.395902,0.279502,0.368957,0.489093,0.423768,0.359972,0.3947,0.179827,0.264826,0.361222,0.461986,0.387734,0.356877,0.479936,0.328871,0.263342,0.283923,1,-0.0107079,0.306366,0.469206,0.367278,0.325382,0.481991,0.464432,0.379541,0.451179,0.381716,0.384111,0.239508,0.216566,0.264903,0.194034,0.415195,0.435372,0.309909,0.384539,0.417509,0.173404,0.288963,0.397341,0.0658099,0.179924,0.415238,0.282293,0.332209,0.317318,0.20013,0.50348,0.332618,0.302866,0.331849,0.260448,0.168808,0.228366,0.0420513,0.242844,0.387173,0.266426,0.132377,0.116976,0.0240661,0.132026,0.24666,0.338684,0.225454,0.43814
0.382069,0.214293,0.414507,0.440545,0.43093,0.25824,0.364018,0.274351,0.301147,0.390363,0.381163,0.30841,0.39042,0.40406,0.0524004,0.0322546,0.448884,0.294628,0.157622,0.409604,0.412198,0.25578,0.422417,0.451743,0.327006,0.632183,0.505638,0.438463,0.129737,0.248004,0.00901537,0.153973,0.295059,0.388129,0.474119,-0.0107079,1,0.380135,0.321055,0.373626,0.397318,0.308161,0.352316,0.257863,0.376428,0.41093,0.479339,0.521565,0.235422,0.371452,0.329007,0.36731,0.410526,0.226282,0.239993,0.36795,0.490495,0.0840847,0.309667,0.318799,0.354768,0.314383,0.3707,0.460584,0.461459,0.396698,0.416214,0.517824,0.258065,0.508197,0.602022,0.316422,0.317784,0.381993,0.404123,0.267191,0.497002,0.270089,0.270511,0.211964,0.501732,0.507257,0.408749,0.477059,0.437248
0.818078,0.760723,0.81176,0.872514,0.771627,0.6712,0.427153,0.589927,0.76874,0.765293,0.80718,0.734319,0.772077,0.801217,0.542277,0.515292,0.791828,0.681832,0.7348,0.827928,0.843494,0.563942,0.8075,0.837686,0.680514,0.656151,0.848647,0.697573,0.467138,0.586416,0.350236,0.55943,0.719064,0.834715,0.647282,0.306366,0.380135,1,0.848586,0.866297,0.542128,0.767897,0.782266,0.709653,0.803396,0.876064,0.816156,0.785004,0.681815,0.611656,0.628413,0.726469,0.869728,0.650137,0.71874,0.840554,0.650328,0.540209,0.770587,0.573024,0.724113,0.771688,0.830831,0.808093,0.856639,0.735919,0.854947,0.824488,0.64051,0.675579,0.7654,0.646948,0.77276,0.53794,0.573423,0.772528,0.649139,0.551009,0.446792,0.36797,0.751089,0.781243,0.722657,0.682375,0.689276
0.91868,0.806507,0.955722,0.919637,0.837862,0.775865,0.448825,0.558956,0.786582,0.830176,0.885265,0.784225,0.858721,0.861217,0.670226,0.588664,0.860578,0.699858,0.849653,0.899383,0.943854,0.776193,0.811059,0.928725,0.733863,0.668409,0.852322,0.747199,0.63603,0.55672,0.486235,0.735275,0.872075,0.879704,0.787631,0.469206,0.321055,0.848586,1,0.954165,0.595609,0.797396,0.949066,0.825541,0.962959,0.942619,0.909935,0.826649,0.61706,0.751108,0.589083,0.849837,0.925686,0.804739,0.85216,0.940378,0.540651,0.65691,0.887455,0.585275,0.729183,0.811318,0.894441,0.921792,0.927707,0.810493,0.913063,0.929985,0.712398,0.810412,0.80694,0.774154,0.717384,0.526014,0.59961,0.892423,0.817623,0.673022,0.475325,0.465656,0.759507,0.894925,0.871519,0.728343,0.80615
0.905233,0.819296,0.918866,0.915396,0.892415,0.806217,0.50241,0.589427,0.785848,0.831755,0.869828,0.788636,0.846496,0.889348,0.627659,0.604859,0.831814,0.706227,0.835269,0.914553,0.922402,0.725003,0.818387,0.93517,0.703882,0.708395,0.882445,0.720819,0.628674,0.52835,0.4719,0.667372,0.834883,0.894069,0.807456,0.367278,0.373626,0.866297,0.954165,1,0.561162,0.749375,0.917578,0.811036,0.922604,0.929316,0.919339,0.872871,0.643732,0.77477,0.563745,0.797135,0.905195,0.818903,0.833856,0.94879,0.557196,0.671936,0.873859,0.596966,0.784708,0.807034,0.920562,0.921125,0.926095,0.846261,0.887569,0.930129,0.693061,0.825202,0.816234,0.771854,0.742436,0.584184,0.668047,0.860067,0.795243,0.67894,0.50039,0.460981,0.778426,0.902097,0.872601,0.705581,0.794122
0.528826,0.469296,0.615315,0.597032,0.492648,0.409366,0.166067,0.381444,0.492249,0.63015,0.604306,0.41428,0.520648,0.53701,0.343934,0.320722,0.556814,0.544992,0.524235,0.578891,0.600931,0.424233,0.55264,0.559361,0.55504,0.461302,0.549855,0.618993,0.262348,0.235367,0.129846,0.352688,0.44497,0.463294,0.575239,0.325382,0.397318,0.542128,0.595609,0.561162,1,0.526819,0.588358,0.553022,0.592869,0.575111,0.643981,0.578909,0.362704,0.484004,0.388944,0.504213,0.602791,0.464122,0.471921,0.587366,0.330181,0.336254,0.515621,0.078454,0.324903,0.549727,0.514558,0.600785,0.604103,0.469483,0.710154,0.620124,0.37218,0.589299,0.6529,0.349373,0.635434,0.473835,0.315076,0.578607,0.526916,0.362213,0.248941,0.213808,0.617396,0.587574,0.477316,0.577314,0.503215
0.701251,0.503565,0.753368,0.77094,0.71083,0.5106,0.462404,0.548615,0.750778,0.564969,0.691003,0.571677,0.615488,0.603555,0.528604,0.203732,0.70392,0.653161,0.596178,0.624474,0.736326,0.533787,0.770596,0.758057,0.573905,0.573441,0.668458,0.702054,0.569897,0.596167,0.344298,0.659801,0.701747,0.721252,0.629618,0.481991,0.308161,0.767897,0.797396,0.749375,0.526819,1,0.70716,0.546266,0.748491,0.720091,0.652332,0.709481,0.559992,0.535255,0.402969,0.664436,0.789677,0.56876,0.632016,0.708698,0.392161,0.222346,0.677918,0.475526,0.511265,0.644554,0.643098,0.653976,0.784191,0.687763,0.803933,0.721075,0.488574,0.752048,0.613761,0.544803,0.690717,0.315924,0.664789,0.764619,0.613981,0.59708,0.501438,0.529051,0.713123,0.640625,0.678076,0.779465,0.730242
0.935161,0.873028,0.961448,0.893225,0.815052,0.753349,0.376866,0.519937,0.766959,0.851276,0.916123,0.765849,0.88492,0.877416,0.667217,0.673892,0.871163,0.655619,0.861204,0.89457,0.905515,0.778973,0.788241,0.914359,0.68968,0.6643,0.846929,0.730874,0.633731,0.547293,0.486318,0.702717,0.820803,0.828878,0.777324,0.464432,0.352316,0.782266,0.949066,0.917578,0.588358,0.70716,1,0.916276,0.970166,0.930991,0.912903,0.819877,0.550606,0.73966,0.576548,0.862131,0.91309,0.835592,0.871499,0.938369,0.601818,0.760934,0.908117,0.572807,0.702293,0.782557,0.874864,0.918678,0.890692,0.776426,0.869904,0.920632,0.740281,0.811512,0.822442,0.747437,0.698924,0.492844,0.542551,0.858661,0.789768,0.628368,0.489487,0.447773,0.729376,0.904495,0.876817,0.659478,0.801825
0.876399,0.929362,0.84073,0.764448,0.655916,0.636381,0.170998,0.386676,0.642272,0.852684,0.855486,0.743884,0.84231,0.809261,0.577644,0.814985,0.798828,0.556463,0.849183,0.820089,0.788358,0.644088,0.67035,0.784365,0.572795,0.526732,0.754121,0.556923,0.57824,0.475997,0.392775,0.503833,0.673306,0.708722,0.650194,0.379541,0.257863,0.709653,0.825541,0.811036,0.553022,0.546266,0.916276,1,0.865118,0.828516,0.844724,0.72712,0.471822,0.651845,0.538132,0.768443,0.774435,0.84647,0.847019,0.855114,0.605814,0.860328,0.877377,0.39791,0.589428,0.662839,0.794049,0.833327,0.77582,0.673549,0.714941,0.804041,0.68653,0.641678,0.69047,0.652852,0.607829,0.405296,0.357442,0.72445,0.672398,0.463915,0.324316,0.42647,0.631975,0.810762,0.80965,0.449084,0.667172
0.944405,0.827778,0.977686,0.935719,0.834939,0.742899,0.444939,0.531747,0.746276,0.866359,0.912715,0.81442,0.898802,0.870569,0.706788,0.620844,0.897899,0.649394,0.852718,0.906883,0.943557,0.808137,0.796934,0.941183,0.68711,0.709098,0.850571,0.773316,0.651117,0.557385,0.480803,0.726971,0.876884,0.860223,0.793191,0.451179,0.376428,0.803396,0.962959,0.922604,0.592869,0.748491,0.970166,0.865118,1,0.957214,0.914917,0.849999,0.586949,0.743619,0.61586,0.88662,0.920886,0.849583,0.893195,0.923268,0.603786,0.69649,0.932806,0.571151,0.689987,0.821321,0.861359,0.934764,0.925982,0.815154,0.872357,0.948938,0.738282,0.808126,0.850809,0.773039,0.709235,0.574551,0.595472,0.872484,0.826944,0.617536,0.456825,0.438141,0.775745,0.938538,0.900103,0.737432,0.845712
0.938339,0.841444,0.954197,0.942181,0.845143,0.720937,0.449713,0.561138,0.73544,0.881277,0.909195,0.82597,0.901662,0.862349,0.650895,0.631254,0.899893,0.674949,0.865342,0.913591,0.929044,0.707466,0.789604,0.921241,0.692763,0.760977,0.864322,0.77829,0.593122,0.569716,0.380873,0.656197,0.836701,0.859213,0.725783,0.381716,0.41093,0.876064,0.942619,0.929316,0.575111,0.720091,0.930991,0.828516,0.957214,1,0.918486,0.847077,0.651594,0.73369,0.703783,0.888514,0.947028,0.806162,0.864341,0.924299,0.690468,0.68959,0.902813,0.630332,0.760175,0.815198,0.873138,0.923077,0.912378,0.793437,0.887353,0.937705,0.772344,0.800273,0.861114,0.730852,0.698769,0.58636,0.618016,0.862336,0.808959,0.610495,0.449808,0.417002,0.762984,0.929397,0.846062,0.730662,0.804484
0.900192,0.855694,0.922233,0.893233,0.833435,0.734807,0.398933,0.46886,0.719024,0.877007,0.856869,0.761174,0.880012,0.894637,0.569778,0.654602,0.844173,0.630722,0.798899,0.923642,0.910022,0.705988,0.767711,0.910196,0.717443,0.717906,0.880647,0.724805,0.620065,0.507344,0.435978,0.590232,0.749841,0.855803,0.759078,0.384111,0.479339,0.816156,0.909935,0.919339,0.643981,0.652332,0.912903,0.844724,0.914917,0.918486,1,0.868907,0.588407,0.770486,0.637951,0.78546,0.874865,0.803583,0.839176,0.92296,0.61249,0.721867,0.871711,0.543826,0.756386,0.794707,0.888759,0.923187,0.900914,0.785279,0.865132,0.932738,0.6731,0.786663,0.831064,0.712808,0.710867,0.590418,0.52344,0.826027,0.819427,0.586755,0.408744,0.391793,0.770087,0.902713,0.869588,0.643451,0.763755
0.835975,0.69303,0.847019,0.860927,0.835121,0.65401,0.498574,0.513039,0.699659,0.78692,0.818318,0.731281,0.815677,0.794271,0.505201,0.496356,0.799539,0.598848,0.674071,0.82817,0.868741,0.667095,0.788918,0.880884,0.611115,0.71701,0.823797,0.68674,0.578986,0.506448,0.323067,0.508447,0.727997,0.781384,0.751774,0.239508,0.521565,0.785004,0.826649,0.872871,0.578909,0.709481,0.819877,0.72712,0.849999,0.847077,0.868907,1,0.56975,0.649881,0.517276,0.737311,0.787948,0.758857,0.765583,0.817146,0.601994,0.55163,0.83078,0.513302,0.674821,0.730757,0.768974,0.833764,0.881276,0.839908,0.77403,0.872479,0.596531,0.819381,0.803592,0.705191,0.741348,0.508837,0.651381,0.759667,0.759914,0.614714,0.477328,0.411538,0.842405,0.868348,0.848339,0.716759,0.814992
0.649492,0.517826,0.616206,0.670755,0.620064,0.65858,0.402036,0.594465,0.486513,0.618986,0.557044,0.531378,0.59155,0.595557,0.457648,0.261835,0.562081,0.720244,0.589404,0.642907,0.671518,0.44279,0.612511,0.680905,0.644027,0.622441,0.682552,0.67876,0.257657,0.493552,0.117095,0.45639,0.420148,0.726136,0.514994,0.216566,0.235422,0.681815,0.61706,0.643732,0.362704,0.559992,0.550606,0.471822,0.586949,0.651594,0.588407,0.56975,1,0.592494,0.717233,0.46861,0.597877,0.498362,0.572009,0.617882,0.534085,0.304547,0.56602,0.434943,0.571132,0.678149,0.575531,0.55215,0.65415,0.615936,0.581357,0.615262,0.365743,0.596393,0.637175,0.513098,0.569289,0.363566,0.490885,0.644888,0.43993,0.24101,0.399473,0.345738,0.555487,0.593415,0.477856,0.55861,0.549479
0.797238,0.626994,0.746998,0.746803,0.725864,0.699185,0.530126,0.641587,0.551447,0.727125,0.596275,0.674817,0.741388,0.786991,0.450722,0.433874,0.711846,0.699131,0.64739,0.762046,0.774214,0.567269,0.701062,0.804992,0.589637,0.706504,0.839624,0.719531,0.547687,0.470932,0.272726,0.546501,0.626848,0.763836,0.708486,0.264903,0.371452,0.611656,0.751108,0.77477,0.484004,0.535255,0.73966,0.651845,0.743619,0.73369,0.770486,0.649881,0.592494,1,0.559408,0.688332,0.694143,0.61742,0.672946,0.835793,0.568359,0.483755,0.670761,0.508336,0.584246,0.717206,0.737039,0.736123,0.78441,0.748316,0.707766,0.824434,0.579759,0.672839,0.677981,0.695021,0.6283,0.473433,0.45171,0.751745,0.750685,0.605787,0.458731,0.453251,0.62688,0.766833,0.785464,0.548893,0.725537
0.663578,0.633939,0.654853,0.641315,0.491224,0.487183,0.228769,0.398845,0.32034,0.674951,0.571693,0.573761,0.667922,0.606796,0.517142,0.479615,0.611832,0.49436,0.582518,0.666445,0.66578,0.435032,0.477236,0.615804,0.600918,0.643171,0.598092,0.642051,0.298585,0.389631,0.215834,0.32433,0.489224,0.608897,0.452261,0.194034,0.329007,0.628413,0.589083,0.563745,0.388944,0.402969,0.576548,0.538132,0.61586,0.703783,0.637951,0.517276,0.717233,0.559408,1,0.503403,0.609268,0.540684,0.621109,0.640459,0.639799,0.447183,0.605945,0.444106,0.489988,0.611724,0.555145,0.627728,0.596859,0.454685,0.561208,0.652044,0.517035,0.433412,0.609161,0.416961,0.41416,0.453692,0.307922,0.570107,0.489494,0.147307,0.168344,0.158319,0.475749,0.62988,0.446915,0.480808,0.456556
0.865514,0.726442,0.877855,0.839383,0.70897,0.650354,0.347878,0.496758,0.730719,0.757743,0.828702,0.79105,0.847015,0.748227,0.528833,0.539857,0.891675,0.650187,0.75025,0.808704,0.84189,0.681864,0.744764,0.827385,0.522406,0.693826,0.788223,0.752753,0.55523,0.622885,0.23112,0.663081,0.778711,0.722869,0.643309,0.415195,0.36731,0.726469,0.849837,0.797135,0.504213,0.664436,0.862131,0.768443,0.88662,0.888514,0.78546,0.737311,0.46861,0.688332,0.503403,1,0.892144,0.725641,0.80877,0.825959,0.682434,0.642321,0.84225,0.585829,0.609562,0.66458,0.723268,0.81513,0.831305,0.74325,0.784686,0.844591,0.66845,0.716688,0.786464,0.63272,0.608468,0.44339,0.591082,0.765227,0.744995,0.641074,0.458568,0.390357,0.631294,0.835409,0.800734,0.640389,0.799608
0.876301,0.786542,0.931399,0.915753,0.799111,0.699166,0.405742,0.590567,0.796,0.803545,0.899326,0.773477,0.846232,0.817242,0.633585,0.555417,0.890288,0.690792,0.824289,0.878385,0.899411,0.682563,0.806768,0.888712,0.665345,0.740609,0.839193,0.796385,0.545206,0.630805,0.386235,0.704394,0.813032,0.832974,0.742498,0.435372,0.410526,0.869728,0.925686,0.905195,0.602791,0.789677,0.91309,0.774435,0.920886,0.947028,0.874865,0.787948,0.597877,0.694143,0.609268,0.892144,1,0.746654,0.815389,0.897936,0.623855,0.623012,0.855533,0.676181,0.723298,0.78408,0.868274,0.877868,0.904892,0.777157,0.918481,0.89662,0.702848,0.820099,0.836115,0.681655,0.731883,0.547437,0.649175,0.834097,0.746674,0.672743,0.508374,0.427441,0.733379,0.873377,0.806516,0.748326,0.810961
