1,0.962699,0.978324,0.939572,0.918316,0.94178,0.825101,0.885655,0.834085,0.895801,0.938427,0.853502,0.918335,0.953091,0.839057,0.844852,0.924972,0.84625,0.870914,0.928856,0.949585,0.849504,0.939154,0.976344,0.776036,0.936214,0.922773,0.933577,0.816063,0.805574,0.74866,0.797182,0.92697,0.918157,0.833815,0.761609,0.594643,0.931152,0.92488,0.914152,0.66057,0.880644,0.974213,0.941074,0.977585,0.965071,0.949239,0.909909,0.828999,0.90666,0.711983,0.844776,0.908824,0.89335,0.907485,0.937824,0.880677,0.856778,0.954963,0.743669,0.818206,0.863498,0.943932,0.938059,0.962195,0.912903,0.923699,0.974037,0.657549,0.949977,0.947811,0.883342,0.790048,0.768178,0.824441,0.932258,0.918383,0.790378,0.8197,0.66334,0.91074,0.926109,0.9036,0.857388,0.896509
0.962699,1,0.962539,0.938256,0.915039,0.937264,0.863845,0.910896,0.806611,0.883309,0.924118,0.876053,0.950208,0.968064,0.849688,0.92156,0.967812,0.851229,0.88663,0.954062,0.963587,0.834534,0.913486,0.953869,0.761048,0.927173,0.932974,0.902191,0.852307,0.775668,0.73141,0.848587,0.918145,0.898267,0.804856,0.686777,0.576112,0.90758,0.950385,0.944736,0.632152,0.884054,0.958799,0.976488,0.963691,0.951423,0.939374,0.93924,0.820363,0.892607,0.757991,0.873555,0.899674,0.904063,0.936567,0.967026,0.878437,0.929903,0.967694,0.744908,0.817578,0.87591,0.931906,0.966118,0.97021,0.933181,0.902873,0.957666,0.703757,0.92921,0.946665,0.894961,0.823842,0.800941,0.833175,0.929172,0.910197,0.782738,0.82239,0.681848,0.891501,0.96286,0.901245,0.845635,0.909766
0.978324,0.962539,1,0.950017,0.913266,0.9328,0.839435,0.87108,0.813797,0.893296,0.958369,0.837883,0.922446,0.948036,0.861525,0.855941,0.946515,0.802645,0.883838,0.927443,0.953561,0.861178,0.927605,0.963059,0.763657,0.912887,0.922129,0.923146,0.838496,0.797181,0.764256,0.80572,0.928783,0.926339,0.843354,0.741999,0.576952,0.921251,0.926615,0.917226,0.62785,0.876249,0.968957,0.935932,0.97768,0.962515,0.943312,0.927166,0.833902,0.895475,0.701056,0.884184,0.927086,0.870262,0.903344,0.934992,0.851007,0.87275,0.948548,0.710796,0.821095,0.869608,0.956658,0.950472,0.965618,0.923068,0.911126,0.966695,0.718674,0.951296,0.947089,0.874877,0.816612,0.765193,0.793912,0.93808,0.918626,0.79466,0.817551,0.670345,0.904908,0.93752,0.890999,0.836796,0.902386
0.939572,0.938256,0.950017,1,0.917988,0.906283,0.789711,0.868173,0.77571,0.898256,0.928002,0.858593,0.930642,0.910947,0.843802,0.811341,0.929811,0.792469,0.85112,0.906201,0.920337,0.822912,0.901083,0.951103,0.713618,0.890619,0.903016,0.908527,0.755065,0.727835,0.701304,0.810663,0.910054,0.865205,0.814604,0.708463,0.544358,0.882548,0.890531,0.890797,0.63648,0.826458,0.937361,0.919318,0.941552,0.943272,0.929666,0.917785,0.81286,0.900433,0.739828,0.909639,0.937449,0.868924,0.899181,0.90495,0.889515,0.840436,0.927214,0.725535,0.782151,0.846277,0.899208,0.924265,0.935762,0.876433,0.900808,0.946998,0.734874,0.92858,0.936117,0.839206,0.783451,0.748807,0.756872,0.876027,0.871874,0.751386,0.784403,0.707819,0.855574,0.894708,0.862197,0.807689,0.877849
0.918316,0.915039,0.913266,0.917988,1,0.913641,0.778736,0.866163,0.758101,0.937938,0.887096,0.85468,0.932473,0.918117,0.817545,0.824719,0.911588,0.806337,0.844775,0.914526,0.898562,0.751458,0.942102,0.94527,0.750698,0.867871,0.914564,0.910176,0.748178,0.696348,0.65946,0.82407,0.9006,0.898572,0.759481,0.771345,0.521927,0.864563,0.881277,0.887522,0.591939,0.812652,0.909013,0.911032,0.921829,0.9321,0.906299,0.902074,0.751631,0.864491,0.708322,0.843798,0.933669,0.876893,0.894567,0.894849,0.847633,0.849925,0.914847,0.754104,0.715057,0.794285,0.882314,0.922411,0.923587,0.902069,0.874063,0.927712,0.631384,0.941581,0.918841,0.843446,0.81989,0.757975,0.7548,0.856081,0.86131,0.736768,0.800084,0.687767,0.858883,0.895593,0.864855,0.805956,0.855527
0.94178,0.937264,0.9328,0.906283,0.913641,1,0.801071,0.881818,0.8304,0.883406,0.896982,0.873751,0.903964,0.931025,0.819112,0.840226,0.913037,0.819034,0.84287,0.931585,0.930664,0.816445,0.917253,0.944705,0.790998,0.888731,0.91262,0.897378,0.789467,0.784999,0.702073,0.800714,0.926557,0.927584,0.802891,0.708727,0.548531,0.902915,0.889665,0.895316,0.593674,0.898651,0.937795,0.941271,0.952661,0.936676,0.933403,0.892436,0.816781,0.865435,0.714053,0.803038,0.887366,0.869712,0.892656,0.92378,0.85808,0.875778,0.928973,0.700002,0.811848,0.794169,0.92818,0.925265,0.959445,0.910343,0.875612,0.928225,0.648329,0.913387,0.911501,0.855923,0.829949,0.803171,0.824684,0.925658,0.919412,0.755443,0.822825,0.734039,0.898591,0.930489,0.876683,0.830168,0.886359
0.825101,0.863845,0.839435,0.789711,0.778736,0.801071,1,0.85086,0.711797,0.777135,0.832162,0.773719,0.818788,0.87264,0.774089,0.848748,0.851115,0.764249,0.740357,0.815933,0.841455,0.741734,0.754834,0.844608,0.696983,0.820622,0.83952,0.789819,0.834832,0.694799,0.621332,0.770397,0.792519,0.759141,0.705985,0.60195,0.608679,0.78444,0.861163,0.887094,0.545856,0.775705,0.831585,0.857917,0.811304,0.832411,0.820018,0.805646,0.785589,0.782736,0.647626,0.811563,0.795383,0.782538,0.833895,0.86775,0.74005,0.836996,0.82945,0.724532,0.747551,0.707463,0.84454,0.860237,0.850253,0.834037,0.839866,0.837584,0.637347,0.846478,0.807194,0.80029,0.784494,0.691105,0.745057,0.838284,0.750289,0.699105,0.748842,0.49544,0.779305,0.866085,0.827535,0.712372,0.808703
0.885655,0.910896,0.87108,0.868173,0.866163,0.881818,0.85086,1,0.70784,0.804878,0.85355,0.883977,0.898306,0.915768,0.8401,0.886149,0.884744,0.851008,0.800575,0.88508,0.893311,0.817042,0.868603,0.90701,0.742778,0.880472,0.888127,0.88147,0.81238,0.68547,0.708104,0.787557,0.870713,0.879271,0.72916,0.682691,0.606262,0.880238,0.890791,0.87512,0.700932,0.839075,0.889777,0.92145,0.885936,0.893136,0.902748,0.872121,0.780753,0.869758,0.779266,0.810701,0.837315,0.895205,0.917753,0.928237,0.881109,0.892669,0.907121,0.705579,0.74011,0.815674,0.891261,0.88963,0.918246,0.902942,0.882905,0.902792,0.710435,0.897061,0.880023,0.878984,0.816833,0.792537,0.742081,0.878593,0.823899,0.736739,0.786513,0.628657,0.845655,0.904983,0.858213,0.777766,0.901524
0.834085,0.806611,0.813797,0.77571,0.758101,0.8304,0.711797,0.70784,1,0.792795,0.802856,0.76981,0.768031,0.787034,0.779041,0.668648,0.802663,0.752564,0.754463,0.808747,0.829491,0.70397,0.778868,0.797994,0.652467,0.769601,0.8064,0.756663,0.721349,0.786727,0.517533,0.701669,0.776955,0.753456,0.802135,0.636488,0.536019,0.781942,0.794739,0.775906,0.466184,0.737382,0.810947,0.758563,0.800491,0.772645,0.771401,0.744142,0.70346,0.751979,0.494695,0.720127,0.762791,0.711413,0.70362,0.775286,0.66159,0.67915,0.769767,0.562921,0.771618,0.708824,0.814667,0.769749,0.81384,0.78931,0.77819,0.795557,0.604311,0.793384,0.735365,0.730027,0.70972,0.785885,0.762552,0.817474,0.849637,0.727054,0.762796,0.527825,0.830546,0.810784,0.780751,0.772867,0.783044
0.895801,0.883309,0.893296,0.898256,0.937938,0.883406,0.777135,0.804878,0.792795,1,0.912913,0.827056,0.887374,0.872265,0.753924,0.761212,0.896467,0.813919,0.844687,0.862949,0.868266,0.725796,0.89394,0.910389,0.741324,0.846328,0.864345,0.898251,0.750822,0.718089,0.646006,0.807846,0.886473,0.854112,0.765491,0.722955,0.520964,0.813719,0.862587,0.883034,0.548268,0.80975,0.891982,0.860729,0.882894,0.899923,0.862101,0.833943,0.708995,0.796446,0.669905,0.905598,0.949062,0.818362,0.860055,0.850217,0.770243,0.777622,0.893891,0.715942,0.774183,0.741726,0.850625,0.880422,0.896507,0.86725,0.85099,0.883458,0.551583,0.912255,0.852911,0.804287,0.818826,0.738433,0.816277,0.863341,0.854333,0.793966,0.825591,0.661464,0.824971,0.865655,0.848198,0.827227,0.794503
0.938427,0.924118,0.958369,0.928002,0.887096,0.896982,0.832162,0.85355,0.802856,0.912913,1,0.80505,0.894758,0.93457,0.836623,0.829267,0.913321,0.788433,0.84043,0.901638,0.909628,0.832195,0.909556,0.940941,0.776959,0.894531,0.8758,0.910787,0.812899,0.789217,0.715215,0.786882,0.908096,0.90722,0.814702,0.718875,0.543038,0.914007,0.878924,0.900471,0.628518,0.851295,0.93158,0.907337,0.939022,0.945798,0.922526,0.864361,0.81086,0.884669,0.681069,0.917536,0.944614,0.852534,0.902089,0.909927,0.806883,0.843046,0.937938,0.728105,0.840755,0.802472,0.920309,0.917829,0.940129,0.901106,0.907347,0.947755,0.635911,0.939176,0.904747,0.877069,0.80432,0.760104,0.765578,0.907089,0.86337,0.763508,0.835882,0.642792,0.862138,0.901895,0.84674,0.7979,0.848984
0.853502,0.876053,0.837883,0.858593,0.85468,0.873751,0.773719,0.883977,0.76981,0.827056,0.80505,1,0.933809,0.860419,0.790599,0.781357,0.904625,0.86005,0.848119,0.862521,0.904587,0.820588,0.853229,0.885287,0.727782,0.883589,0.881899,0.861303,0.730034,0.698214,0.618199,0.825677,0.845485,0.842006,0.841659,0.746633,0.705298,0.802893,0.886801,0.871329,0.493007,0.83489,0.855753,0.85322,0.850797,0.848007,0.831677,0.831245,0.715936,0.867323,0.748424,0.778462,0.845498,0.897591,0.878161,0.856619,0.892883,0.81783,0.866035,0.675521,0.763289,0.783355,0.862144,0.834206,0.895125,0.858681,0.869199,0.861358,0.675172,0.845838,0.836227,0.810249,0.748166,0.772259,0.748824,0.880393,0.873746,0.774931,0.831162,0.733618,0.852239,0.874247,0.843294,0.850686,0.889421
0.918335,0.950208,0.922446,0.930642,0.932473,0.903964,0.818788,0.898306,0.768031,0.887374,0.894758,0.933809,1,0.931271,0.842879,0.872575,0.972985,0.82117,0.903182,0.943161,0.944101,0.807292,0.928199,0.946124,0.72453,0.910775,0.932825,0.896931,0.78751,0.740752,0.672448,0.874669,0.898393,0.899025,0.82769,0.742865,0.61846,0.861325,0.932501,0.926187,0.540813,0.848088,0.913229,0.929705,0.926868,0.924517,0.891802,0.905891,0.756029,0.909293,0.755375,0.868575,0.921382,0.928706,0.936673,0.909038,0.902029,0.892,0.945565,0.75602,0.783849,0.8451,0.925016,0.94761,0.942853,0.911074,0.898016,0.937292,0.69904,0.914139,0.920261,0.867772,0.82369,0.767816,0.729678,0.892409,0.890181,0.764931,0.822659,0.733034,0.854101,0.92703,0.845429,0.806044,0.899426
0.953091,0.968064,0.948036,0.910947,0.918117,0.931025,0.87264,0.915768,0.787034,0.872265,0.93457,0.860419,0.931271,1,0.851325,0.911655,0.940618,0.842443,0.848765,0.946418,0.950853,0.853254,0.923021,0.963884,0.808402,0.918404,0.933517,0.898438,0.809754,0.76498,0.696058,0.839505,0.917971,0.920194,0.796746,0.731097,0.587298,0.937185,0.926007,0.951387,0.607891,0.871695,0.939947,0.974541,0.950559,0.946927,0.93972,0.938306,0.82243,0.901431,0.742437,0.835217,0.902089,0.897998,0.924336,0.977353,0.876259,0.939524,0.952863,0.803398,0.825839,0.842701,0.933494,0.9658,0.969751,0.924827,0.929702,0.967157,0.676953,0.942389,0.947394,0.920838,0.845685,0.804898,0.77956,0.920066,0.889756,0.752237,0.82015,0.619716,0.898037,0.953322,0.902829,0.84442,0.909941
0.839057,0.849688,0.861525,0.843802,0.817545,0.819112,0.774089,0.8401,0.779041,0.753924,0.836623,0.790599,0.842879,0.851325,1,0.807195,0.870375,0.711869,0.783302,0.887578,0.88042,0.761108,0.808874,0.846601,0.599046,0.775373,0.861517,0.774755,0.748059,0.756823,0.568207,0.65452,0.786325,0.80863,0.742415,0.63176,0.623945,0.814745,0.833865,0.812858,0.600255,0.74075,0.806571,0.825719,0.823405,0.83911,0.82249,0.825407,0.80558,0.818072,0.677284,0.785038,0.794668,0.792288,0.800049,0.838853,0.759305,0.828252,0.811916,0.629687,0.761478,0.739419,0.837456,0.864537,0.85467,0.850386,0.807202,0.874564,0.751635,0.857163,0.855159,0.784141,0.776195,0.803791,0.632911,0.827207,0.84253,0.733827,0.715801,0.534988,0.882553,0.874488,0.794139,0.696511,0.897688
0.844852,0.92156,0.855941,0.811341,0.824719,0.840226,0.848748,0.886149,0.668648,0.761212,0.829267,0.781357,0.872575,0.911655,0.807195,1,0.906638,0.737089,0.82088,0.90428,0.900551,0.742427,0.817585,0.852849,0.687129,0.839642,0.849329,0.805735,0.787836,0.705125,0.638481,0.829667,0.829196,0.835251,0.663777,0.586788,0.48427,0.80728,0.914905,0.893113,0.59091,0.812254,0.847387,0.931686,0.854364,0.849794,0.856173,0.861097,0.799225,0.784536,0.686578,0.794927,0.802469,0.810661,0.861923,0.918289,0.777555,0.970766,0.883474,0.666892,0.7108,0.786602,0.851866,0.91617,0.900939,0.884127,0.768463,0.855845,0.687254,0.832456,0.872987,0.815592,0.817688,0.730623,0.732189,0.84309,0.809589,0.701536,0.670367,0.520241,0.802613,0.934676,0.850621,0.731045,0.867671
0.924972,0.967812,0.946515,0.929811,0.911588,0.913037,0.851115,0.884744,0.802663,0.896467,0.913321,0.904625,0.972985,0.940618,0.870375,0.906638,1,0.823205,0.916023,0.950609,0.964365,0.829913,0.898611,0.937936,0.718597,0.893731,0.938338,0.883997,0.809536,0.780704,0.65855,0.882966,0.910608,0.896184,0.838067,0.676049,0.611239,0.858041,0.960345,0.948971,0.544473,0.860264,0.921793,0.937714,0.931339,0.919972,0.901601,0.922088,0.805704,0.875722,0.736435,0.892179,0.91793,0.886269,0.914269,0.92894,0.861224,0.918508,0.941813,0.729492,0.809097,0.847159,0.922423,0.963962,0.954967,0.937749,0.876902,0.934253,0.730437,0.91901,0.928063,0.863413,0.857124,0.807715,0.786016,0.924667,0.920208,0.809708,0.789771,0.66982,0.885466,0.963924,0.891257,0.8314,0.916083
0.84625,0.851229,0.802645,0.792469,0.806337,0.819034,0.764249,0.851008,0.752564,0.813919,0.788433,0.86005,0.82117,0.842443,0.711869,0.737089,0.823205,1,0.793312,0.789527,0.823877,0.755019,0.777698,0.833054,0.762296,0.848662,0.822918,0.819473,0.780571,0.654708,0.628584,0.749155,0.77715,0.786739,0.706276,0.652615,0.632643,0.832361,0.823999,0.840034,0.487544,0.777589,0.842236,0.825688,0.816993,0.816063,0.789396,0.815353,0.664839,0.783609,0.682249,0.754101,0.802764,0.844929,0.862322,0.85424,0.790114,0.766583,0.852146,0.739071,0.641466,0.762727,0.784729,0.791004,0.844509,0.832244,0.841614,0.824984,0.537732,0.828775,0.81135,0.830357,0.721233,0.73888,0.841034,0.864335,0.799344,0.766546,0.777541,0.647608,0.844255,0.800901,0.826877,0.8478,0.843965
0.870914,0.88663,0.883838,0.85112,0.844775,0.84287,0.740357,0.800575,0.754463,0.844687,0.84043,0.848119,0.903182,0.848765,0.783302,0.82088,0.916023,0.793312,1,0.886963,0.926276,0.761629,0.866093,0.866444,0.683705,0.881022,0.845189,0.868416,0.792742,0.697014,0.644391,0.798679,0.884143,0.87225,0.824436,0.709013,0.553073,0.797225,0.921797,0.883424,0.488274,0.848447,0.859492,0.858306,0.856053,0.884117,0.821205,0.860541,0.697152,0.806921,0.67754,0.816636,0.859694,0.837802,0.83093,0.827519,0.772489,0.852727,0.864211,0.66257,0.735546,0.778386,0.888244,0.880186,0.914035,0.875144,0.823436,0.860334,0.658181,0.848133,0.86121,0.805084,0.758928,0.720131,0.741325,0.895027,0.90439,0.841453,0.74164,0.676104,0.844672,0.891515,0.83377,0.85088,0.844414
0.928856,0.954062,0.927443,0.906201,0.914526,0.931585,0.815933,0.88508,0.808747,0.862949,0.901638,0.862521,0.943161,0.946418,0.887578,0.90428,0.950609,0.789527,0.886963,1,0.968338,0.773836,0.920506,0.945922,0.760604,0.901151,0.947121,0.87451,0.80632,0.788171,0.625723,0.810109,0.922716,0.889295,0.779269,0.704674,0.622221,0.886027,0.935695,0.933672,0.587023,0.888776,0.916324,0.952848,0.922669,0.927129,0.913805,0.896547,0.819606,0.876649,0.693678,0.821562,0.868763,0.881919,0.891427,0.921233,0.849658,0.919185,0.918202,0.716061,0.791053,0.807966,0.918761,0.971407,0.952532,0.9223,0.870884,0.943922,0.697866,0.911148,0.937251,0.871781,0.831211,0.810913,0.754492,0.896165,0.909561,0.754678,0.78498,0.674445,0.910253,0.951109,0.861609,0.8061,0.913857
0.949585,0.963587,0.953561,0.920337,0.898562,0.930664,0.841455,0.893311,0.829491,0.868266,0.909628,0.904587,0.944101,0.950853,0.88042,0.900551,0.964365,0.823877,0.926276,0.968338,1,0.859098,0.924123,0.953815,0.771047,0.93943,0.949474,0.899369,0.827151,0.79333,0.692677,0.837374,0.935607,0.911595,0.845817,0.760014,0.655406,0.892424,0.975096,0.952157,0.591296,0.918665,0.938011,0.949835,0.938447,0.937481,0.930925,0.922339,0.83477,0.884621,0.725948,0.838158,0.884627,0.889067,0.891435,0.936643,0.872194,0.919281,0.924569,0.714112,0.835462,0.841487,0.948489,0.956763,0.976572,0.941191,0.903491,0.953472,0.751735,0.924505,0.941789,0.876788,0.808667,0.822994,0.785805,0.950482,0.949122,0.83466,0.800937,0.662378,0.932878,0.973847,0.919598,0.883337,0.935312
0.849504,0.834534,0.861178,0.822912,0.751458,0.816445,0.741734,0.817042,0.70397,0.725796,0.832195,0.820588,0.807292,0.853254,0.761108,0.742427,0.829913,0.755019,0.761629,0.773836,0.859098,1,0.809401,0.838872,0.66477,0.816266,0.837987,0.786661,0.700341,0.727994,0.67684,0.704017,0.830681,0.866079,0.814722,0.67257,0.521318,0.850837,0.836514,0.835669,0.540484,0.799806,0.822569,0.81997,0.853694,0.828198,0.859865,0.834787,0.77011,0.862016,0.746853,0.727479,0.809234,0.796515,0.798912,0.8674,0.829722,0.773258,0.832101,0.713467,0.791045,0.790588,0.858707,0.806004,0.87494,0.848608,0.85334,0.87293,0.696621,0.863139,0.838199,0.781324,0.686705,0.74984,0.697107,0.883863,0.851524,0.765188,0.699424,0.548527,0.821608,0.86774,0.863399,0.808612,0.833268
0.939154,0.913486,0.927605,0.901083,0.942102,0.917253,0.754834,0.868603,0.778868,0.89394,0.909556,0.853229,0.928199,0.923021,0.808874,0.817585,0.898611,0.777698,0.866093,0.920506,0.924123,0.809401,1,0.951208,0.756232,0.894869,0.901682,0.917949,0.761321,0.72707,0.694049,0.798931,0.930865,0.928362,0.819166,0.80555,0.531381,0.881553,0.893884,0.88186,0.650575,0.855875,0.926332,0.908656,0.944053,0.939783,0.929735,0.87942,0.740404,0.894849,0.730629,0.802256,0.904498,0.899433,0.887469,0.882476,0.859919,0.83501,0.920462,0.734193,0.801226,0.811962,0.93771,0.914251,0.939679,0.90446,0.904035,0.940241,0.598371,0.925428,0.913557,0.863755,0.771868,0.767604,0.715827,0.886319,0.90077,0.763122,0.805582,0.683119,0.868752,0.902979,0.849593,0.827178,0.862567
0.976344,0.953869,0.963059,0.951103,0.94527,0.944705,0.844608,0.90701,0.797994,0.910389,0.940941,0.885287,0.946124,0.963884,0.846601,0.852849,0.937936,0.833054,0.866444,0.945922,0.953815,0.838872,0.951208,1,0.810151,0.941493,0.943666,0.950562,0.785539,0.769268,0.717843,0.82325,0.942456,0.920918,0.817028,0.773016,0.61962,0.920295,0.92404,0.93747,0.653012,0.890148,0.967994,0.946769,0.96594,0.972576,0.967838,0.915197,0.829058,0.931851,0.743525,0.855393,0.931342,0.914087,0.922138,0.938794,0.918516,0.873169,0.947711,0.765778,0.818609,0.84452,0.941839,0.950738,0.968714,0.918645,0.935595,0.986035,0.676296,0.960762,0.959571,0.906371,0.808472,0.795593,0.780083,0.914103,0.89457,0.77119,0.827881,0.704031,0.899978,0.925902,0.895205,0.855318,0.906291
0.776036,0.761048,0.763657,0.713618,0.750698,0.790998,0.696983,0.742778,0.652467,0.741324,0.776959,0.727782,0.72453,0.808402,0.599046,0.687129,0.718597,0.762296,0.683705,0.760604,0.771047,0.66477,0.756232,0.810151,1,0.815586,0.773058,0.806518,0.716893,0.580066,0.664845,0.699989,0.773885,0.758014,0.58826,0.665915,0.495807,0.800196,0.731102,0.805233,0.456871,0.857253,0.823868,0.784768,0.787693,0.790441,0.791682,0.722177,0.557163,0.735286,0.485226,0.651733,0.738975,0.726478,0.76818,0.805487,0.743898,0.726483,0.764465,0.589932,0.647999,0.636638,0.762759,0.75956,0.801515,0.774012,0.774734,0.790964,0.50336,0.7867,0.769983,0.860843,0.708297,0.685726,0.698763,0.77913,0.679593,0.582085,0.765343,0.64666,0.737202,0.736619,0.738793,0.836418,0.723241
0.936214,0.927173,0.912887,0.890619,0.867871,0.888731,0.820622,0.880472,0.769601,0.846328,0.894531,0.883589,0.910775,0.918404,0.775373,0.839642,0.893731,0.848662,0.881022,0.901151,0.93943,0.816266,0.894869,0.941493,0.815586,1,0.896122,0.919027,0.815584,0.735092,0.759265,0.80307,0.893888,0.877835,0.779814,0.81495,0.638119,0.894038,0.925385,0.916747,0.581,0.91765,0.925752,0.914293,0.911737,0.930646,0.905792,0.864295,0.786263,0.881737,0.660177,0.811834,0.864606,0.895715,0.896136,0.908065,0.873002,0.852659,0.916513,0.711696,0.765591,0.802001,0.909373,0.892984,0.939216,0.892217,0.916351,0.936293,0.657526,0.904815,0.910728,0.882852,0.720603,0.729655,0.770959,0.911606,0.856635,0.758953,0.841043,0.694051,0.866676,0.892922,0.868697,0.880745,0.858587
0.922773,0.932974,0.922129,0.903016,0.914564,0.91262,0.83952,0.888127,0.8064,0.864345,0.8758,0.881899,0.932825,0.933517,0.861517,0.849329,0.938338,0.822918,0.845189,0.947121,0.949474,0.837987,0.901682,0.943666,0.773058,0.896122,1,0.85805,0.819521,0.785312,0.673471,0.812145,0.921045,0.891829,0.782016,0.749649,0.644567,0.88887,0.936333,0.941228,0.560567,0.887664,0.908056,0.921725,0.918088,0.910188,0.914659,0.906541,0.778264,0.885191,0.695121,0.804636,0.879013,0.861639,0.877288,0.933055,0.861178,0.863524,0.895429,0.74788,0.767454,0.81056,0.925159,0.95234,0.93821,0.929057,0.883595,0.943586,0.728678,0.947771,0.93214,0.874164,0.844713,0.808741,0.770819,0.912063,0.901063,0.746744,0.781327,0.653008,0.910884,0.94124,0.885133,0.841531,0.912138
0.933577,0.902191,0.923146,0.908527,0.910176,0.897378,0.789819,0.88147,0.756663,0.898251,0.910787,0.861303,0.896931,0.898438,0.774755,0.805735,0.883997,0.819473,0.868416,0.87451,0.899369,0.786661,0.917949,0.950562,0.806518,0.919027,0.85805,1,0.765244,0.698611,0.756012,0.794652,0.903482,0.886237,0.790021,0.764217,0.578849,0.868031,0.891696,0.882048,0.640696,0.837783,0.943448,0.88978,0.920173,0.943517,0.929284,0.860346,0.753057,0.893879,0.712931,0.862248,0.923051,0.853142,0.867381,0.879375,0.867441,0.823315,0.896041,0.665066,0.769126,0.826358,0.909139,0.86808,0.931014,0.87454,0.892745,0.920893,0.629287,0.912897,0.897186,0.854338,0.785092,0.744232,0.771659,0.892176,0.857052,0.801841,0.822177,0.725871,0.84146,0.869628,0.877444,0.867164,0.868538
0.816063,0.852307,0.838496,0.755065,0.748178,0.789467,0.834832,0.81238,0.721349,0.750822,0.812899,0.730034,0.78751,0.809754,0.748059,0.787836,0.809536,0.780571,0.792742,0.80632,0.827151,0.700341,0.761321,0.785539,0.716893,0.815584,0.819521,0.765244,1,0.647777,0.74035,0.696777,0.78071,0.799583,0.669244,0.628978,0.538522,0.812586,0.832525,0.817309,0.538959,0.818421,0.827247,0.824798,0.819591,0.838189,0.780981,0.800753,0.651605,0.731656,0.607552,0.765782,0.764088,0.781014,0.838347,0.828466,0.6693,0.791487,0.832936,0.609943,0.698283,0.721645,0.860363,0.823337,0.841844,0.832904,0.812039,0.810314,0.624284,0.829598,0.778227,0.821993,0.754548,0.661776,0.784018,0.846151,0.775936,0.734433,0.768062,0.617911,0.798833,0.836406,0.75577,0.735813,0.787198
0.805574,0.775668,0.797181,0.727835,0.696348,0.784999,0.694799,0.68547,0.786727,0.718089,0.789217,0.698214,0.740752,0.76498,0.756823,0.705125,0.780704,0.654708,0.697014,0.788171,0.79333,0.727994,0.72707,0.769268,0.580066,0.735092,0.785312,0.698611,0.647777,1,0.564016,0.601508,0.727617,0.741345,0.719887,0.613791,0.507457,0.715142,0.754699,0.724831,0.434689,0.703508,0.755255,0.740085,0.796178,0.730555,0.736097,0.641655,0.734485,0.771369,0.441022,0.687951,0.715978,0.678018,0.706704,0.738882,0.656912,0.682339,0.765257,0.585176,0.74872,0.626814,0.770672,0.776037,0.755562,0.772008,0.677221,0.781075,0.484677,0.767129,0.757169,0.59401,0.685717,0.717682,0.685988,0.819987,0.789464,0.591372,0.674237,0.479199,0.762133,0.785303,0.715766,0.670981,0.736053
0.74866,0.73141,0.764256,0.701304,0.65946,0.702073,0.621332,0.708104,0.517533,0.646006,0.715215,0.618199,0.672448,0.696058,0.568207,0.638481,0.65855,0.628584,0.644391,0.625723,0.692677,0.67684,0.694049,0.717843,0.664845,0.759265,0.673471,0.756012,0.74035,0.564016,1,0.578785,0.702425,0.742043,0.577269,0.635198,0.369956,0.720903,0.685843,0.68,0.516392,0.727638,0.764629,0.710958,0.771619,0.747952,0.734626,0.703392,0.537558,0.666516,0.537943,0.684115,0.695958,0.626617,0.705032,0.737034,0.671254,0.637134,0.745307,0.443723,0.589552,0.723932,0.744949,0.68145,0.732497,0.697215,0.691947,0.724748,0.557572,0.736853,0.676777,0.680325,0.646506,0.509011,0.594397,0.739241,0.664623,0.600022,0.692191,0.587577,0.6128,0.672548,0.646754,0.675729,0.650979
0.797182,0.848587,0.80572,0.810663,0.82407,0.800714,0.770397,0.787557,0.701669,0.807846,0.786882,0.825677,0.874669,0.839505,0.65452,0.829667,0.882966,0.749155,0.798679,0.810109,0.837374,0.704017,0.798931,0.82325,0.699989,0.80307,0.812145,0.794652,0.696777,0.601508,0.578785,1,0.80322,0.779862,0.764899,0.628028,0.438843,0.7277,0.878322,0.865772,0.44666,0.760764,0.841477,0.850506,0.839788,0.777094,0.798196,0.843894,0.692019,0.733415,0.580364,0.768874,0.829046,0.76799,0.813394,0.832088,0.759468,0.844624,0.851288,0.700312,0.640107,0.780292,0.809651,0.845762,0.847948,0.842851,0.767247,0.792929,0.652149,0.811271,0.79511,0.79642,0.770232,0.685989,0.723783,0.788892,0.777079,0.688035,0.653373,0.57534,0.742586,0.850001,0.823319,0.756115,0.787479
0.92697,0.918145,0.928783,0.910054,0.9006,0.926557,0.792519,0.870713,0.776955,0.886473,0.908096,0.845485,0.898393,0.917971,0.786325,0.829196,0.910608,0.77715,0.884143,0.922716,0.935607,0.830681,0.930865,0.942456,0.773885,0.893888,0.921045,0.903482,0.78071,0.727617,0.702425,0.80322,1,0.921291,0.828635,0.719965,0.547039,0.876976,0.913476,0.915918,0.65036,0.91802,0.923691,0.912532,0.922704,0.933977,0.941577,0.884263,0.773508,0.868327,0.718814,0.829448,0.88586,0.847134,0.859247,0.899422,0.85364,0.848316,0.895871,0.681067,0.789158,0.796992,0.920524,0.924798,0.951487,0.913802,0.875661,0.923034,0.67454,0.92387,0.89753,0.86079,0.808007,0.755829,0.776461,0.910762,0.902859,0.755989,0.784638,0.677644,0.873619,0.919227,0.870841,0.856918,0.848222
0.918157,0.898267,0.926339,0.865205,0.898572,0.927584,0.759141,0.879271,0.753456,0.854112,0.90722,0.842006,0.899025,0.920194,0.80863,0.835251,0.896184,0.786739,0.87225,0.889295,0.911595,0.866079,0.928362,0.920918,0.758014,0.877835,0.891829,0.886237,0.799583,0.741345,0.742043,0.779862,0.921291,1,0.805264,0.77279,0.515164,0.926169,0.885548,0.877646,0.571637,0.880467,0.89018,0.902875,0.931401,0.937497,0.913782,0.891041,0.761776,0.865913,0.715738,0.79406,0.904483,0.873163,0.890691,0.906846,0.830103,0.869316,0.927084,0.704807,0.790999,0.79055,0.93713,0.899742,0.95223,0.922835,0.883115,0.927415,0.650556,0.924599,0.89119,0.870689,0.814826,0.756121,0.732299,0.922026,0.909067,0.778889,0.792789,0.687225,0.882268,0.917518,0.8537,0.807482,0.867213
0.833815,0.804856,0.843354,0.814604,0.759481,0.802891,0.705985,0.72916,0.802135,0.765491,0.814702,0.841659,0.82769,0.796746,0.742415,0.663777,0.838067,0.706276,0.824436,0.779269,0.845817,0.814722,0.819166,0.817028,0.58826,0.779814,0.782016,0.790021,0.669244,0.719887,0.577269,0.764899,0.828635,0.805264,1,0.67935,0.580595,0.761133,0.814343,0.778947,0.50895,0.742631,0.817395,0.764099,0.837688,0.790634,0.779434,0.791009,0.703661,0.79121,0.659563,0.73703,0.796668,0.759267,0.747487,0.768254,0.744636,0.71253,0.805533,0.624054,0.780525,0.775733,0.858107,0.775632,0.842501,0.784194,0.816935,0.800948,0.616902,0.794462,0.748105,0.722188,0.660612,0.680136,0.65655,0.843035,0.882157,0.747582,0.742157,0.554253,0.799412,0.822882,0.790812,0.766679,0.776776
0.761609,0.686777,0.741999,0.708463,0.771345,0.708727,0.60195,0.682691,0.636488,0.722955,0.718875,0.746633,0.742865,0.731097,0.63176,0.586788,0.676049,0.652615,0.709013,0.704674,0.760014,0.67257,0.80555,0.773016,0.665915,0.81495,0.749649,0.764217,0.628978,0.613791,0.635198,0.628028,0.719965,0.77279,0.67935,1,0.586579,0.720144,0.733782,0.688417,0.398248,0.723355,0.732623,0.692098,0.737476,0.759023,0.716037,0.693157,0.556269,0.714739,0.449023,0.603749,0.733853,0.749574,0.700965,0.690713,0.656037,0.628598,0.710524,0.591021,0.644133,0.587806,0.781155,0.689332,0.756162,0.711663,0.777183,0.760227,0.507371,0.777272,0.716217,0.658848,0.565213,0.574869,0.528471,0.742329,0.715127,0.600975,0.71476,0.557962,0.753108,0.691693,0.673769,0.730602,0.682611
0.594643,0.576112,0.576952,0.544358,0.521927,0.548531,0.608679,0.606262,0.536019,0.520964,0.543038,0.705298,0.61846,0.587298,0.623945,0.48427,0.611239,0.632643,0.553073,0.622221,0.655406,0.521318,0.531381,0.61962,0.495807,0.638119,0.644567,0.578849,0.538522,0.507457,0.369956,0.438843,0.547039,0.515164,0.580595,0.586579,1,0.552038,0.630952,0.59452,0.283491,0.58604,0.568085,0.534811,0.520807,0.56161,0.527712,0.50597,0.551475,0.581591,0.509636,0.53505,0.498188,0.609533,0.577046,0.548168,0.588593,0.509357,0.523787,0.427379,0.547267,0.487559,0.598831,0.564298,0.577988,0.54064,0.63718,0.591628,0.50567,0.53972,0.55154,0.554121,0.441753,0.503627,0.463346,0.664613,0.598611,0.597444,0.62132,0.450055,0.67283,0.573408,0.551749,0.549517,0.663779
0.931152,0.90758,0.921251,0.882548,0.864563,0.902915,0.78444,0.880238,0.781942,0.813719,0.914007,0.802893,0.861325,0.937185,0.814745,0.80728,0.858041,0.832361,0.797225,0.886027,0.892424,0.850837,0.881553,0.920295,0.800196,0.894038,0.88887,0.868031,0.812586,0.715142,0.720903,0.7277,0.876976,0.926169,0.761133,0.720144,0.552038,1,0.851521,0.886727,0.595708,0.855071,0.893221,0.921336,0.920744,0.931757,0.907905,0.901442,0.785481,0.870987,0.689057,0.790131,0.873577,0.856027,0.878952,0.935508,0.838688,0.851853,0.916946,0.736253,0.769798,0.807653,0.908551,0.893079,0.935122,0.887649,0.927814,0.943152,0.652592,0.915935,0.907403,0.911439,0.784619,0.749743,0.727466,0.889845,0.866256,0.730598,0.826172,0.663304,0.889278,0.887574,0.858485,0.798855,0.873446
0.92488,0.950385,0.926615,0.890531,0.881277,0.889665,0.861163,0.890791,0.794739,0.862587,0.878924,0.886801,0.932501,0.926007,0.833865,0.914905,0.960345,0.823999,0.921797,0.935695,0.975096,0.836514,0.893884,0.92404,0.731102,0.925385,0.936333,0.891696,0.832525,0.754699,0.685843,0.878322,0.913476,0.885548,0.814343,0.733782,0.630952,0.851521,1,0.957504,0.57043,0.889186,0.916934,0.936205,0.911431,0.91134,0.906055,0.913114,0.807213,0.846477,0.70488,0.839035,0.877011,0.851156,0.865925,0.924827,0.832883,0.913557,0.905223,0.714137,0.787212,0.831112,0.925678,0.937023,0.95437,0.940177,0.878686,0.918819,0.730878,0.913968,0.918389,0.854387,0.815251,0.784865,0.806029,0.936729,0.929375,0.85425,0.741792,0.617873,0.903555,0.969811,0.939027,0.871347,0.918552
0.914152,0.944736,0.917226,0.890797,0.887522,0.895316,0.887094,0.87512,0.775906,0.883034,0.900471,0.871329,0.926187,0.951387,0.812858,0.893113,0.948971,0.840034,0.883424,0.933672,0.952157,0.835669,0.88186,0.93747,0.805233,0.916747,0.941228,0.882048,0.817309,0.724831,0.68,0.865772,0.915918,0.877646,0.778947,0.688417,0.59452,0.886727,0.957504,1,0.525147,0.8958,0.907009,0.948416,0.904019,0.918769,0.906543,0.919075,0.785165,0.857416,0.708426,0.847724,0.902511,0.846536,0.875962,0.947516,0.846613,0.911663,0.910218,0.775611,0.798085,0.807985,0.904136,0.950474,0.955203,0.927513,0.905007,0.934387,0.682151,0.926487,0.92261,0.89898,0.85463,0.780932,0.792867,0.907358,0.896626,0.809268,0.7869,0.646209,0.886295,0.95172,0.92303,0.875075,0.899661
0.66057,0.632152,0.62785,0.63648,0.591939,0.593674,0.545856,0.700932,0.466184,0.548268,0.628518,0.493007,0.540813,0.607891,0.600255,0.59091,0.544473,0.487544,0.488274,0.587023,0.591296,0.540484,0.650575,0.653012,0.456871,0.581,0.560567,0.640696,0.538959,0.434689,0.516392,0.44666,0.65036,0.571637,0.50895,0.398248,0.283491,0.595708,0.57043,0.525147,1,0.592771,0.67826,0.617788,0.651082,0.660556,0.719824,0.578913,0.593683,0.592983,0.653536,0.546594,0.537084,0.614084,0.618786,0.634381,0.606056,0.564065,0.625502,0.404501,0.56157,0.619234,0.613067,0.585048,0.630038,0.588951,0.58141,0.658107,0.470105,0.642938,0.629043,0.65575,0.470788,0.532706,0.540475,0.54686,0.533361,0.459518,0.47993,0.305277,0.550192,0.602322,0.585711,0.51259,0.571478
0.880644,0.884054,0.876249,0.826458,0.812652,0.898651,0.775705,0.839075,0.737382,0.80975,0.851295,0.83489,0.848088,0.871695,0.74075,0.812254,0.860264,0.777589,0.848447,0.888776,0.918665,0.799806,0.855875,0.890148,0.857253,0.91765,0.887664,0.837783,0.818421,0.703508,0.727638,0.760764,0.91802,0.880467,0.742631,0.723355,0.58604,0.855071,0.889186,0.8958,0.592771,1,0.892224,0.882641,0.878428,0.885182,0.88746,0.822914,0.726972,0.788981,0.642255,0.748598,0.794841,0.833422,0.852982,0.882327,0.817681,0.831432,0.868637,0.624635,0.778755,0.725796,0.886476,0.879644,0.921405,0.884928,0.839394,0.885032,0.661348,0.868572,0.852396,0.883423,0.737653,0.732474,0.772235,0.901735,0.853292,0.71868,0.801421,0.692195,0.850958,0.891215,0.827722,0.860251,0.806054
0.974213,0.958799,0.968957,0.937361,0.909013,0.937795,0.831585,0.889777,0.810947,0.891982,0.93158,0.855753,0.913229,0.939947,0.806571,0.847387,0.921793,0.842236,0.859492,0.916324,0.938011,0.822569,0.926332,0.967994,0.823868,0.925752,0.908056,0.943448,0.827247,0.755255,0.764629,0.841477,0.923691,0.89018,0.817395,0.732623,0.568085,0.893221,0.916934,0.907009,0.67826,0.892224,1,0.936545,0.97717,0.947002,0.955261,0.909142,0.799218,0.888816,0.710332,0.850255,0.900886,0.886271,0.913646,0.932181,0.877628,0.858947,0.946454,0.71047,0.79425,0.883644,0.93979,0.93026,0.957882,0.908485,0.899239,0.952164,0.686395,0.937118,0.933419,0.901193,0.793297,0.784134,0.840566,0.917468,0.883909,0.767599,0.816771,0.687487,0.878913,0.91282,0.882812,0.864796,0.892009
0.941074,0.976488,0.935932,0.919318,0.911032,0.941271,0.857917,0.92145,0.758563,0.860729,0.907337,0.85322,0.929705,0.974541,0.825719,0.931686,0.937714,0.825688,0.858306,0.952848,0.949835,0.81997,0.908656,0.946769,0.784768,0.914293,0.921725,0.88978,0.824798,0.740085,0.710958,0.850506,0.912532,0.902875,0.764099,0.692098,0.534811,0.921336,0.936205,0.948416,0.617788,0.882641,0.936545,1,0.950898,0.945854,0.937404,0.946045,0.814781,0.873955,0.745702,0.835234,0.89204,0.881912,0.916782,0.972081,0.867638,0.956541,0.950701,0.783251,0.796973,0.827005,0.922485,0.965618,0.970335,0.930033,0.907663,0.947751,0.677628,0.924295,0.948617,0.894482,0.84253,0.793517,0.794637,0.904023,0.890681,0.752924,0.786999,0.666818,0.885293,0.960953,0.906059,0.824564,0.902691
0.977585,0.963691,0.97768,0.941552,0.921829,0.952661,0.811304,0.885936,0.800491,0.882894,0.939022,0.850797,0.926868,0.950559,0.823405,0.854364,0.931339,0.816993,0.856053,0.922669,0.938447,0.853694,0.944053,0.96594,0.787693,0.911737,0.918088,0.920173,0.819591,0.796178,0.771619,0.839788,0.922704,0.931401,0.837688,0.737476,0.520807,0.920744,0.911431,0.904019,0.651082,0.878428,0.97717,0.950898,1,0.956635,0.956123,0.921178,0.806976,0.907841,0.714788,0.838136,0.915354,0.887472,0.920711,0.939557,0.878895,0.87413,0.966625,0.746686,0.805931,0.863666,0.95057,0.94231,0.962343,0.928438,0.90738,0.964353,0.658166,0.948904,0.947385,0.886054,0.80064,0.786781,0.80254,0.92379,0.909117,0.752162,0.808626,0.700367,0.885113,0.930383,0.885773,0.833008,0.88782
0.965071,0.951423,0.962515,0.943272,0.9321,0.936676,0.832411,0.893136,0.772645,0.899923,0.945798,0.848007,0.924517,0.946927,0.83911,0.849794,0.919972,0.816063,0.884117,0.927129,0.937481,0.828198,0.939783,0.972576,0.790441,0.930646,0.910188,0.943517,0.838189,0.730555,0.747952,0.777094,0.933977,0.937497,0.790634,0.759023,0.56161,0.931757,0.91134,0.918769,0.660556,0.885182,0.947002,0.945854,0.956635,1,0.956112,0.919553,0.802226,0.918423,0.754802,0.865296,0.935405,0.910581,0.926363,0.929709,0.877919,0.879635,0.948961,0.745257,0.825227,0.814159,0.938175,0.933691,0.96817,0.917591,0.938866,0.975328,0.651702,0.954645,0.950236,0.902386,0.801796,0.760264,0.793075,0.913797,0.891662,0.794455,0.822085,0.730018,0.89286,0.920988,0.881449,0.83976,0.883392
0.949239,0.939374,0.943312,0.929666,0.906299,0.933403,0.820018,0.902748,0.771401,0.862101,0.922526,0.831677,0.891802,0.93972,0.82249,0.856173,0.901601,0.789396,0.821205,0.913805,0.930925,0.859865,0.929735,0.967838,0.791682,0.905792,0.914659,0.929284,0.780981,0.736097,0.734626,0.798196,0.941577,0.913782,0.779434,0.716037,0.527712,0.907905,0.906055,0.906543,0.719824,0.88746,0.955261,0.937404,0.956123,0.956112,1,0.909593,0.826369,0.907206,0.755943,0.828343,0.895262,0.869208,0.885743,0.932398,0.894052,0.866073,0.921261,0.715934,0.809973,0.832474,0.921461,0.918701,0.956647,0.923773,0.900028,0.963644,0.705271,0.941243,0.936314,0.891886,0.777609,0.816687,0.773076,0.898219,0.871638,0.761454,0.768863,0.682302,0.878188,0.924746,0.897382,0.840464,0.884007
0.909909,0.93924,0.927166,0.917785,0.902074,0.892436,0.805646,0.872121,0.744142,0.833943,0.864361,0.831245,0.905891,0.938306,0.825407,0.861097,0.922088,0.815353,0.860541,0.896547,0.922339,0.834787,0.87942,0.915197,0.722177,0.864295,0.906541,0.860346,0.800753,0.641655,0.703392,0.843894,0.884263,0.891041,0.791009,0.693157,0.50597,0.901442,0.913114,0.919075,0.578913,0.822914,0.909142,0.946045,0.921178,0.919553,0.909593,1,0.783126,0.836073,0.754166,0.812272,0.890306,0.845841,0.871023,0.946242,0.838403,0.917324,0.911246,0.770037,0.743075,0.871509,0.900906,0.930647,0.949025,0.896069,0.900871,0.926181,0.764274,0.916877,0.928469,0.886967,0.828789,0.757133,0.752873,0.873542,0.888841,0.78736,0.724671,0.632989,0.888099,0.928577,0.900481,0.833468,0.908275
0.828999,0.820363,0.833902,0.81286,0.751631,0.816781,0.785589,0.780753,0.70346,0.708995,0.81086,0.715936,0.756029,0.82243,0.80558,0.799225,0.805704,0.664839,0.697152,0.819606,0.83477,0.77011,0.740404,0.829058,0.557163,0.786263,0.778264,0.753057,0.651605,0.734485,0.537558,0.692019,0.773508,0.761776,0.703661,0.556269,0.551475,0.785481,0.807213,0.785165,0.593683,0.726972,0.799218,0.814781,0.806976,0.802226,0.826369,0.783126,1,0.771855,0.607339,0.74059,0.752053,0.734849,0.768412,0.814403,0.75428,0.797105,0.803644,0.634696,0.673207,0.747883,0.779235,0.814219,0.826922,0.77559,0.758582,0.839531,0.70835,0.799659,0.827152,0.699759,0.640099,0.642646,0.703907,0.802064,0.774302,0.696709,0.610919,0.471423,0.820158,0.828384,0.824536,0.637837,0.823654
0.90666,0.892607,0.895475,0.900433,0.864491,0.865435,0.782736,0.869758,0.751979,0.796446,0.884669,0.867323,0.909293,0.901431,0.818072,0.784536,0.875722,0.783609,0.806921,0.876649,0.884621,0.862016,0.894849,0.931851,0.735286,0.881737,0.885191,0.893879,0.731656,0.771369,0.666516,0.733415,0.868327,0.865913,0.79121,0.714739,0.581591,0.870987,0.846477,0.857416,0.592983,0.788981,0.888816,0.873955,0.907841,0.918423,0.907206,0.836073,0.771855,1,0.743432,0.793727,0.876278,0.894708,0.884941,0.870466,0.918836,0.803854,0.884961,0.754986,0.781212,0.80263,0.891374,0.870194,0.895083,0.858702,0.900657,0.938149,0.636095,0.900615,0.912293,0.830412,0.715615,0.761319,0.705831,0.861181,0.823147,0.691214,0.780935,0.704556,0.825579,0.854041,0.817899,0.788268,0.866937
0.711983,0.757991,0.701056,0.739828,0.708322,0.714053,0.647626,0.779266,0.494695,0.669905,0.681069,0.748424,0.755375,0.742437,0.677284,0.686578,0.736435,0.682249,0.67754,0.693678,0.725948,0.746853,0.730629,0.743525,0.485226,0.660177,0.695121,0.712931,0.607552,0.441022,0.537943,0.580364,0.718814,0.715738,0.659563,0.449023,0.509636,0.689057,0.70488,0.708426,0.653536,0.642255,0.710332,0.745702,0.714788,0.754802,0.755943,0.754166,0.607339,0.743432,1,0.6904,0.718308,0.764571,0.762568,0.750963,0.79265,0.721976,0.732704,0.66856,0.701412,0.709394,0.728359,0.710924,0.765044,0.682486,0.740909,0.746521,0.545748,0.706952,0.732883,0.720291,0.588161,0.634508,0.602929,0.72094,0.713294,0.713413,0.617241,0.575329,0.657489,0.748503,0.715895,0.634265,0.73217
0.844776,0.873555,0.884184,0.909639,0.843798,0.803038,0.811563,0.810701,0.720127,0.905598,0.917536,0.778462,0.868575,0.835217,0.785038,0.794927,0.892179,0.754101,0.816636,0.821562,0.838158,0.727479,0.802256,0.855393,0.651733,0.811834,0.804636,0.862248,0.765782,0.687951,0.684115,0.768874,0.829448,0.79406,0.73703,0.603749,0.53505,0.790131,0.839035,0.847724,0.546594,0.748598,0.850255,0.835234,0.838136,0.865296,0.828343,0.812272,0.74059,0.793727,0.6904,1,0.926541,0.767014,0.851576,0.830151,0.755838,0.786941,0.867466,0.642539,0.745345,0.762577,0.827831,0.859187,0.858369,0.825699,0.81325,0.847667,0.675448,0.854599,0.815945,0.760978,0.79431,0.660259,0.718332,0.843542,0.780468,0.767848,0.787012,0.64536,0.756883,0.84006,0.794137,0.716481,0.785984
0.908824,0.899674,0.927086,0.937449,0.933669,0.887366,0.795383,0.837315,0.762791,0.949062,0.944614,0.845498,0.921382,0.902089,0.794668,0.802469,0.91793,0.802764,0.859694,0.868763,0.884627,0.809234,0.904498,0.931342,0.738975,0.864606,0.879013,0.923051,0.764088,0.715978,0.695958,0.829046,0.88586,0.904483,0.796668,0.733853,0.498188,0.873577,0.877011,0.902511,0.537084,0.794841,0.900886,0.89204,0.915354,0.935405,0.895262,0.890306,0.752053,0.876278,0.718308,0.926541,1,0.835295,0.883437,0.889555,0.823443,0.829112,0.915516,0.76012,0.77259,0.796966,0.894684,0.896491,0.928103,0.88551,0.888498,0.921544,0.634834,0.938247,0.904084,0.8348,0.835545,0.71884,0.763,0.876342,0.861793,0.79892,0.794051,0.707043,0.84288,0.886152,0.866869,0.80894,0.85479
