1,0.80889,0.87307,0.762784,0.695203,0.691217,0.277761,0.31553,0.457994,0.277291,0.491314,0.670355,0.565587,0.707372,0.547288,0.528559,0.638609,0.565105,0.553621,0.661058,0.682889,0.547928,0.644131,0.844438,0.390188,0.714762,0.72669,0.655299,0.48136,0.328768,-0.0111009,0.55985,0.611997,0.537055,0.495241,0.149383,0.0830732,0.420962,0.757742,0.768225,0.578725,0.679187,0.841336,0.690294,0.854119,0.734009,0.605564,0.700249,0.322266,0.522522,0.425181,0.480989,0.635643,0.654099,0.797649,0.668221,0.637506,0.62521,0.760687,0.337684,0.454856,0.73231,0.358935,0.712469,0.688186,0.291045,0.781592,0.808131,0.514375,0.449557,0.741283,0.610901,0.388297,0.234042,0.364843,0.606618,0.61726,0.59826,0.398942,0.533649,0.197436,0.693155,0.618312,0.493964,0.398454
0.80889,1,0.685167,0.63503,0.602687,0.632088,0.171182,0.325556,0.231686,0.3419,0.516812,0.596938,0.523589,0.779763,0.394021,0.577894,0.580396,0.405487,0.421925,0.588489,0.598294,0.551311,0.563868,0.637638,0.223287,0.726868,0.643141,0.500872,0.404047,0.217715,-0.0201296,0.565731,0.365013,0.452159,0.321543,0.202464,-0.200502,0.299963,0.634813,0.711862,0.547902,0.615452,0.677748,0.772103,0.689417,0.602014,0.502298,0.550046,0.349066,0.371261,0.257492,0.464572,0.616853,0.610873,0.74768,0.848397,0.654171,0.55784,0.661291,0.263697,0.468648,0.567687,0.288586,0.539816,0.628013,0.296453,0.540351,0.644306,0.401353,0.380833,0.743689,0.557557,0.561212,0.209564,0.392923,0.441389,0.627452,0.510735,0.315961,0.29289,0.165846,0.572054,0.603886,0.54696,0.333036
0.87307,0.685167,1,0.775355,0.591356,0.608829,0.265819,0.293147,0.497907,0.347958,0.573433,0.634567,0.659359,0.563276,0.49848,0.469622,0.799836,0.501028,0.549275,0.622392,0.692398,0.409542,0.686234,0.742293,0.371221,0.651055,0.64977,0.555648,0.527657,0.198118,0.0277481,0.558265,0.696066,0.55892,0.411685,0.158936,0.141959,0.293404,0.670718,0.74024,0.565784,0.742596,0.798367,0.584278,0.922024,0.761808,0.523168,0.575219,0.418709,0.450202,0.35277,0.475371,0.708584,0.684428,0.803106,0.553217,0.596588,0.524491,0.792709,0.360047,0.490704,0.65547,0.318844,0.677822,0.685019,0.339437,0.76785,0.764523,0.509882,0.385233,0.69944,0.621648,0.384704,0.313511,0.2447,0.642064,0.675525,0.612904,0.406513,0.52131,0.337835,0.62085,0.489744,0.623829,0.510379
0.762784,0.63503,0.775355,1,0.690585,0.617289,0.272501,0.188093,0.356663,0.310488,0.410827,0.66268,0.613046,0.67136,0.356935,0.57378,0.661554,0.481272,0.495671,0.647195,0.663372,0.535187,0.690647,0.763555,0.542607,0.642336,0.60216,0.546211,0.441877,0.0828701,0.0489796,0.340537,0.539171,0.568753,0.493592,0.0103635,0.139495,0.283274,0.665266,0.705109,0.664656,0.683531,0.650665,0.54787,0.715321,0.634329,0.617641,0.579669,0.200692,0.374354,0.519361,0.352169,0.529867,0.788746,0.779562,0.636019,0.570564,0.642152,0.653059,0.281936,0.38156,0.664314,0.446418,0.686664,0.657125,0.381094,0.759153,0.789653,0.627465,0.381672,0.659479,0.580232,0.361532,0.396873,0.163878,0.53935,0.658658,0.608375,0.390712,0.281435,0.183583,0.668713,0.534145,0.453877,0.502091
0.695203,0.602687,0.591356,0.690585,1,0.710322,0.353035,0.328883,0.284047,0.0879286,0.350552,0.678661,0.478459,0.620896,0.359656,0.532041,0.359873,0.348936,0.50019,0.629085,0.55443,0.552211,0.563555,0.773857,0.269543,0.601345,0.635516,0.606332,0.32719,0.233613,0.226132,0.224423,0.51271,0.394337,0.435931,0.0460138,0.112489,0.175503,0.643096,0.562243,0.417263,0.612964,0.529486,0.514586,0.66834,0.557944,0.74967,0.545285,0.131948,0.316204,0.2893,0.221131,0.330716,0.560372,0.619459,0.592952,0.652246,0.520691,0.510504,0.189814,0.328724,0.485692,0.469367,0.650611,0.562482,0.33255,0.606739,0.818288,0.399314,0.555979,0.678949,0.621184,0.354359,0.108646,0.438902,0.515409,0.63375,0.692862,0.232749,0.36683,0.185451,0.6594,0.60891,0.275653,0.452986
0.691217,0.632088,0.608829,0.617289,0.710322,1,0.106562,0.22056,0.305788,0.332945,0.482791,0.535811,0.456709,0.672549,0.218734,0.422323,0.534072,0.590039,0.38442,0.482881,0.482514,0.528149,0.453609,0.718954,0.355296,0.719774,0.462209,0.617386,0.457896,0.177137,0.233271,0.283364,0.524484,0.462289,0.20751,0.225495,-0.0389438,0.090331,0.568983,0.56284,0.409858,0.539471,0.675647,0.679939,0.712865,0.571187,0.619921,0.564781,0.336541,0.294011,0.375895,0.250689,0.452428,0.479379,0.649244,0.627308,0.611596,0.483046,0.636904,0.43409,0.460075,0.444736,0.200905,0.584776,0.490399,0.252116,0.604314,0.630014,0.498758,0.275283,0.580137,0.547863,0.370408,-0.0150989,0.521853,0.473508,0.48797,0.579788,0.307386,0.539204,0.291983,0.46617,0.578923,0.214171,0.310839
0.277761,0.171182,0.265819,0.272501,0.353035,0.106562,1,0.57485,0.27057,0.151477,0.137798,0.454771,0.333709,0.147312,0.355857,0.183013,0.149141,0.093755,0.1808,0.269353,0.298575,0.127069,0.300035,0.23659,-0.0724072,0.156958,0.2941,0.193621,0.0795352,0.0964213,0.00319601,0.247829,0.114205,0.12019,0.430772,0.27196,0.196052,0.319864,0.388238,0.0897984,0.308046,0.248345,0.274443,0.129488,0.244205,0.175042,0.232876,0.182061,0.219708,0.21308,0.0580056,0.211263,0.188669,0.383686,0.374067,0.191555,0.268275,0.0951927,0.25017,-0.0617021,0.275988,0.189265,0.356302,0.171599,0.218731,0.0242886,0.199331,0.323717,0.0655028,0.213351,0.348572,0.238386,0.237148,0.432482,0.318366,0.345407,0.254175,0.166739,0.123453,-0.062852,-0.136448,0.33371,0.289272,0.390238,0.455392
0.31553,0.325556,0.293147,0.188093,0.328883,0.22056,0.57485,1,0.344985,0.355036,0.280788,0.499921,0.417428,0.38231,0.379833,0.315431,0.212224,0.230832,0.238421,0.326823,0.395959,0.284506,0.404987,0.336349,-0.274252,0.191017,0.471851,0.316357,0.214578,0.236153,0.0638995,0.14206,0.18764,0.258754,0.192904,0.375253,0.14702,0.340004,0.496443,0.180626,0.274337,0.213353,0.400529,0.343802,0.262764,0.250405,0.441121,0.359684,0.363849,0.370807,0.079314,0.338992,0.492284,0.401748,0.50013,0.318456,0.37934,0.207673,0.31986,0.11179,0.319544,0.281965,0.343411,0.37776,0.382565,0.025378,0.31654,0.392024,0.181143,0.164707,0.426164,0.468479,0.483967,0.177566,0.488604,0.369885,0.315453,0.126969,0.350766,0.0923548,0.225779,0.398494,0.359982,0.360681,0.481757
0.457994,0.231686,0.497907,0.356663,0.284047,0.305788,0.27057,0.344985,1,0.160188,0.0849674,0.286715,0.176997,0.266085,0.34173,0.237663,0.254649,0.454199,0.374379,0.386703,0.430442,0.398322,0.430169,0.452953,0.0843605,0.362415,0.497985,0.359036,0.161196,0.200376,-0.175069,0.394034,0.362017,0.372629,0.0191985,-0.0132971,0.503898,0.304379,0.459514,0.353163,0.190016,0.427181,0.619167,0.350625,0.445522,0.326845,0.371413,0.489869,0.386509,0.372013,0.309689,0.241836,0.452545,0.303088,0.437578,0.240244,0.35974,0.305479,0.405264,0.133657,0.269851,0.542979,0.121239,0.466355,0.388711,-0.0184066,0.503301,0.501726,0.35925,0.0854668,0.353584,0.374061,-0.0483883,0.189929,0.161961,0.604503,0.360721,0.196545,0.17709,0.413959,0.207249,0.414602,0.408498,0.250425,0.385452
0.277291,0.3419,0.347958,0.310488,0.0879286,0.332945,0.151477,0.355036,0.160188,1,0.747784,0.238941,0.553101,0.401367,-0.0342495,-0.00875549,0.556403,0.307959,0.126726,0.010642,0.249333,0.312331,0.280525,0.143348,-0.0310677,0.280216,0.143274,0.29657,0.338298,0.00907202,-0.00406382,0.291001,0.145447,0.356428,0.0171985,0.150041,0.135191,0.00474066,0.213386,0.178665,0.2277,0.243193,0.50844,0.624067,0.4491,0.348082,0.128785,0.134476,0.354251,0.150166,0.353925,0.706957,0.579909,0.281271,0.571315,0.480033,0.329673,0.107466,0.687293,0.374117,0.430353,0.302799,-0.109489,0.111411,0.217964,-0.0143055,0.351809,0.147903,0.257218,-0.0763699,0.342333,0.0717818,0.366098,0.123659,0.514492,0.0881934,-6.96421e-05,0.0877934,0.246706,0.366165,0.391366,0.173063,0.272465,0.385061,0.383894
0.491314,0.516812,0.573433,0.410827,0.350552,0.482791,0.137798,0.280788,0.0849674,0.747784,1,0.435377,0.731031,0.442456,0.134468,0.216103,0.674855,0.354881,0.327109,0.232394,0.366526,0.33975,0.415687,0.377706,0.10062,0.411813,0.353292,0.295383,0.369444,0.114724,0.104661,0.435919,0.47152,0.439857,0.252113,0.18317,0.0123121,0.0356829,0.342432,0.379577,0.275308,0.378214,0.510149,0.650699,0.646555,0.539189,0.292673,0.257856,0.362509,0.260975,0.172317,0.678265,0.632141,0.38932,0.642774,0.543557,0.501601,0.256843,0.724766,0.386953,0.466934,0.301521,0.0663789,0.337363,0.40264,0.158986,0.411746,0.358351,0.292962,0.111328,0.489605,0.237021,0.496591,-0.0346585,0.510916,0.187507,0.22084,0.252691,0.342268,0.423909,0.442404,0.363063,0.397884,0.444157,0.317409
0.670355,0.596938,0.634567,0.66268,0.678661,0.535811,0.454771,0.499921,0.286715,0.238941,0.435377,1,0.726265,0.579323,0.483518,0.467624,0.537492,0.369216,0.459525,0.471265,0.53744,0.468156,0.671709,0.64609,0.137148,0.430935,0.618354,0.415332,0.299523,0.129711,0.0264811,0.455314,0.427692,0.454075,0.567106,0.398863,0.10759,0.435048,0.675735,0.445857,0.497955,0.575088,0.558056,0.471334,0.577741,0.531967,0.661188,0.645634,0.223888,0.318224,0.125561,0.346399,0.434113,0.674096,0.747085,0.54678,0.62354,0.429442,0.559952,0.213785,0.191429,0.465536,0.419692,0.55886,0.533549,0.283202,0.596305,0.666455,0.372566,0.538059,0.542083,0.594356,0.553553,0.331271,0.428052,0.587828,0.673186,0.434854,0.267836,0.0670723,0.348451,0.675509,0.614161,0.477837,0.388993
0.565587,0.523589,0.659359,0.613046,0.478459,0.456709,0.333709,0.417428,0.176997,0.553101,0.731031,0.726265,1,0.491786,0.312515,0.364414,0.838568,0.280572,0.410348,0.371516,0.532459,0.404948,0.607374,0.469988,-0.00806102,0.287632,0.425205,0.410982,0.351941,0.149015,0.0290117,0.331522,0.466571,0.344728,0.420294,0.158431,0.163427,0.267105,0.562348,0.441852,0.533612,0.49446,0.508094,0.585416,0.602764,0.519371,0.401506,0.426776,0.362067,0.303637,0.190782,0.600734,0.651038,0.664511,0.805651,0.51216,0.607061,0.364202,0.749116,0.315279,0.277259,0.425924,0.264777,0.497399,0.506426,0.161368,0.543617,0.508536,0.451012,0.314859,0.530874,0.450951,0.592291,0.215619,0.495989,0.466144,0.496823,0.317719,0.349044,0.150867,0.440463,0.527805,0.521928,0.525324,0.471263
0.707372,0.779763,0.563276,0.67136,0.620896,0.672549,0.147312,0.38231,0.266085,0.401367,0.442456,0.579323,0.491786,1,0.308282,0.700191,0.482699,0.506432,0.633578,0.703247,0.724004,0.724486,0.606901,0.752167,0.290622,0.715429,0.633415,0.67233,0.485935,0.288076,0.082127,0.353433,0.440998,0.516774,0.294387,0.135297,-0.0338225,0.183403,0.739554,0.697094,0.506826,0.503753,0.704695,0.774304,0.647086,0.545123,0.666655,0.662431,0.32944,0.360203,0.487233,0.537113,0.660389,0.595928,0.769366,0.894179,0.544573,0.745581,0.582926,0.417992,0.448842,0.656122,0.463522,0.701428,0.734282,0.22169,0.71144,0.717359,0.548684,0.383318,0.730162,0.605053,0.306713,0.227776,0.383762,0.557387,0.64277,0.463281,0.480075,0.321465,0.316076,0.692498,0.732933,0.428106,0.511117
0.547288,0.394021,0.49848,0.356935,0.359656,0.218734,0.355857,0.379833,0.34173,-0.0342495,0.134468,0.483518,0.312515,0.308282,1,0.362186,0.289914,0.144181,0.250339,0.488837,0.370835,0.0916272,0.370204,0.461472,0.00154846,0.309765,0.508335,0.211975,0.16898,0.255806,-0.0842021,0.477963,0.224222,0.244183,0.169481,0.263006,0.142562,0.471193,0.534957,0.395048,0.332897,0.249209,0.454895,0.278436,0.404014,0.401201,0.354045,0.365619,0.0606946,0.464405,-0.0361061,0.259758,0.3429,0.400683,0.392793,0.24712,0.180772,0.445528,0.371907,-0.109683,0.213701,0.366376,0.43213,0.447125,0.422092,-0.0195067,0.339237,0.472013,0.291356,0.331311,0.440381,0.536893,0.126047,0.102127,0.0303861,0.465694,0.535817,0.150654,0.402325,0.113745,0.0307767,0.395664,0.338406,0.220548,0.209868
0.528559,0.577894,0.469622,0.57378,0.532041,0.422323,0.183013,0.315431,0.237663,-0.00875549,0.216103,0.467624,0.364414,0.700191,0.362186,1,0.31117,0.342729,0.763608,0.869884,0.823467,0.497962,0.549561,0.659011,0.306381,0.511129,0.698776,0.469646,0.325417,0.134725,0.205384,0.296116,0.507141,0.457796,0.371111,-0.00739118,0.0188908,0.323264,0.75134,0.782522,0.513717,0.454565,0.406036,0.407176,0.401603,0.454644,0.578142,0.621049,0.342108,0.348915,0.382517,0.231345,0.440789,0.572381,0.556971,0.63846,0.481584,0.826731,0.207533,0.279077,0.26989,0.554128,0.644855,0.81586,0.866372,0.410323,0.554644,0.697632,0.562286,0.322807,0.5986,0.614035,0.261648,0.246422,0.0951159,0.54757,0.715167,0.335569,0.502084,0.0883594,0.218066,0.764298,0.655563,0.392532,0.413673
0.638609,0.580396,0.799836,0.661554,0.359873,0.534072,0.149141,0.212224,0.254649,0.556403,0.674855,0.537492,0.838568,0.482699,0.289914,0.31117,1,0.302295,0.392245,0.369387,0.522305,0.321354,0.59309,0.452644,0.179,0.355121,0.354534,0.419212,0.410809,0.0892528,-0.0665651,0.446097,0.493385,0.304461,0.228905,0.0535709,0.0671421,0.180265,0.495574,0.537119,0.536929,0.541085,0.642643,0.623667,0.719139,0.581042,0.24219,0.410144,0.53641,0.29752,0.319168,0.598158,0.732484,0.63777,0.798113,0.515817,0.556402,0.347235,0.818332,0.451126,0.317668,0.45322,0.117238,0.481978,0.488477,0.211469,0.591045,0.47539,0.543568,0.233207,0.500116,0.462535,0.443869,0.220533,0.344748,0.437915,0.518488,0.385566,0.347194,0.306347,0.414948,0.438829,0.368823,0.569517,0.444906
0.565105,0.405487,0.501028,0.481272,0.348936,0.590039,0.093755,0.230832,0.454199,0.307959,0.354881,0.369216,0.280572,0.506432,0.144181,0.342729,0.302295,1,0.379004,0.409453,0.443503,0.61946,0.304437,0.570042,0.352003,0.684085,0.56471,0.510993,0.523868,0.132121,0.234318,0.245721,0.456051,0.679871,0.271878,0.174736,0.172008,0.144432,0.403752,0.441017,0.367172,0.390187,0.605268,0.373935,0.541144,0.526993,0.491551,0.491851,0.312568,0.197349,0.448474,0.295535,0.533636,0.361281,0.544323,0.433007,0.367411,0.486335,0.493189,0.294772,0.4806,0.555719,0.221792,0.432597,0.490818,0.231856,0.550735,0.432046,0.352428,-0.0526613,0.404981,0.414072,0.216159,0.180563,0.257416,0.540456,0.322814,0.230277,0.453419,0.537711,0.194522,0.379868,0.527532,0.255012,0.221944
0.553621,0.421925,0.549275,0.495671,0.50019,0.38442,0.1808,0.238421,0.374379,0.126726,0.327109,0.459525,0.410348,0.633578,0.250339,0.763608,0.392245,0.379004,1,0.734743,0.848925,0.54677,0.613796,0.684078,0.350784,0.41565,0.666009,0.556454,0.37402,0.289482,0.138868,0.325376,0.632573,0.507255,0.377403,-0.021013,0.290738,0.269983,0.694903,0.687556,0.331011,0.471761,0.576612,0.39587,0.565055,0.448123,0.47663,0.637967,0.450458,0.303858,0.414004,0.435054,0.504453,0.44277,0.600625,0.578172,0.442456,0.710725,0.374318,0.365238,0.259004,0.63654,0.517017,0.798935,0.813914,0.331231,0.695735,0.70248,0.491667,0.421859,0.556179,0.502903,0.118192,0.257028,0.206298,0.660041,0.610337,0.376974,0.505602,0.300061,0.42916,0.807089,0.620891,0.482244,0.596948
0.661058,0.588489,0.622392,0.647195,0.629085,0.482881,0.269353,0.326823,0.386703,0.010642,0.232394,0.471265,0.371516,0.703247,0.488837,0.869884,0.369387,0.409453,0.734743,1,0.843192,0.550784,0.54777,0.747574,0.303077,0.624408,0.689787,0.566479,0.359865,0.180752,0.265931,0.3682,0.608211,0.435306,0.377852,-0.0473216,0.0540011,0.297467,0.787788,0.776172,0.507104,0.593154,0.537792,0.435475,0.61167,0.592286,0.629893,0.563301,0.229752,0.350391,0.406593,0.30553,0.551907,0.620014,0.635282,0.607675,0.515969,0.85904,0.383556,0.252469,0.433437,0.671809,0.673891,0.835871,0.860205,0.299979,0.653558,0.781611,0.629601,0.311947,0.674084,0.663178,0.150308,0.211334,0.100469,0.644711,0.717446,0.41502,0.426543,0.291523,0.166354,0.812581,0.693273,0.478886,0.492405
0.682889,0.598294,0.692398,0.663372,0.55443,0.482514,0.298575,0.395959,0.430442,0.249333,0.366526,0.53744,0.532459,0.724004,0.370835,0.823467,0.522305,0.443503,0.848925,0.843192,1,0.599364,0.678169,0.744157,0.380842,0.552303,0.678202,0.655281,0.505303,0.234293,0.198659,0.328892,0.626881,0.584516,0.511887,0.0491746,0.258783,0.420008,0.77441,0.764891,0.517636,0.581486,0.653127,0.501619,0.666366,0.577085,0.558533,0.600432,0.418206,0.362734,0.530525,0.450408,0.646875,0.674291,0.744089,0.666926,0.5366,0.751206,0.509103,0.316268,0.42853,0.732395,0.551051,0.858628,0.910917,0.343481,0.787867,0.794723,0.605309,0.371133,0.655579,0.650262,0.330918,0.411427,0.250361,0.680199,0.702234,0.477721,0.504372,0.3321,0.370884,0.827997,0.646377,0.607303,0.635236
0.547928,0.551311,0.409542,0.535187,0.552211,0.528149,0.127069,0.284506,0.398322,0.312331,0.33975,0.468156,0.404948,0.724486,0.0916272,0.497962,0.321354,0.61946,0.54677,0.550784,0.599364,1,0.505978,0.567558,0.319553,0.553501,0.60321,0.634925,0.313654,0.289681,0.188421,0.209041,0.314078,0.499851,0.293636,-0.0166497,0.234015,0.0940705,0.552686,0.509241,0.309013,0.52604,0.614896,0.519071,0.496267,0.501245,0.613575,0.573769,0.246568,0.186361,0.419697,0.431743,0.568899,0.534427,0.670722,0.687819,0.472005,0.660379,0.48902,0.39408,0.329048,0.541449,0.220893,0.546138,0.578544,0.154608,0.608506,0.561898,0.47223,0.17508,0.531118,0.532258,0.205809,0.271574,0.326474,0.584127,0.500031,0.283912,0.315777,0.355081,0.230931,0.570338,0.656575,0.38243,0.39678
0.644131,0.563868,0.686234,0.690647,0.563555,0.453609,0.300035,0.404987,0.430169,0.280525,0.415687,0.671709,0.607374,0.606901,0.370204,0.549561,0.59309,0.304437,0.613796,0.54777,0.678169,0.505978,1,0.703179,0.209335,0.483489,0.597094,0.473964,0.372135,0.124107,-0.0828065,0.304523,0.517026,0.608531,0.503335,0.113253,0.21036,0.399511,0.690606,0.713914,0.47382,0.521919,0.665186,0.493377,0.633928,0.421858,0.576516,0.634991,0.409777,0.432774,0.363904,0.466818,0.557399,0.712946,0.778958,0.567879,0.491458,0.543021,0.591725,0.338635,0.22176,0.627089,0.513772,0.65262,0.727499,0.284416,0.711548,0.772968,0.527142,0.519829,0.663301,0.70466,0.341859,0.433367,0.302978,0.589628,0.680921,0.410714,0.414077,0.131912,0.502053,0.712403,0.485592,0.542518,0.617016
0.844438,0.637638,0.742293,0.763555,0.773857,0.718954,0.23659,0.336349,0.452953,0.143348,0.377706,0.64609,0.469988,0.752167,0.461472,0.659011,0.452644,0.570042,0.684078,0.747574,0.744157,0.567558,0.703179,1,0.444986,0.749094,0.721186,0.71136,0.603926,0.454083,0.121892,0.277533,0.712488,0.627527,0.491312,0.16254,0.201645,0.301774,0.794331,0.779792,0.493115,0.648144,0.745142,0.5898,0.782883,0.548178,0.740663,0.699557,0.247907,0.467864,0.464285,0.289568,0.515842,0.649915,0.69792,0.650997,0.570159,0.7291,0.577131,0.36002,0.375554,0.727581,0.557017,0.847813,0.783767,0.38981,0.794861,0.931548,0.560974,0.538979,0.731713,0.6487,0.328129,0.21957,0.385821,0.635157,0.688195,0.655956,0.51496,0.489343,0.297831,0.747622,0.664223,0.293289,0.501144
0.390188,0.223287,0.371221,0.542607,0.269543,0.355296,-0.0724072,-0.274252,0.0843605,-0.0310677,0.10062,0.137148,-0.00806102,0.290622,0.00154846,0.306381,0.179,0.352003,0.350784,0.303077,0.380842,0.319553,0.209335,0.444986,1,0.371793,0.305768,0.221078,0.288702,0.0531304,0.114404,0.123275,0.319473,0.414179,0.39936,0.0386119,0.108409,0.062493,0.202446,0.361111,0.23708,0.301438,0.301957,0.06791,0.342899,0.369205,0.219291,0.319508,-0.0477782,0.177817,0.377526,-0.0441855,0.0978672,0.299303,0.199342,0.257139,0.0951166,0.363955,0.114725,0.130505,0.160571,0.295661,0.0904143,0.385389,0.289689,0.317862,0.444465,0.377043,0.166772,0.127639,0.156296,0.114812,0.0869703,0.297138,-0.235818,0.150816,0.235506,0.47135,0.287884,0.281988,-0.0138203,0.277389,0.0308961,0.0990939,0.0727593
0.714762,0.726868,0.651055,0.642336,0.601345,0.719774,0.156958,0.191017,0.362415,0.280216,0.411813,0.430935,0.287632,0.715429,0.309765,0.511129,0.355121,0.684085,0.41565,0.624408,0.552303,0.553501,0.483489,0.749094,0.371793,1,0.616999,0.577456,0.581841,0.218634,0.21178,0.396588,0.511367,0.643772,0.280087,0.194928,-0.0268768,0.0464894,0.597618,0.69968,0.456914,0.662016,0.678458,0.580785,0.751392,0.580999,0.577656,0.5011,0.230058,0.376417,0.385624,0.267791,0.492018,0.446809,0.608705,0.678183,0.510548,0.60094,0.579134,0.230934,0.632561,0.610553,0.405895,0.53644,0.625486,0.320266,0.593923,0.687345,0.39297,0.316825,0.758025,0.539119,0.278835,0.265888,0.304441,0.534082,0.553871,0.572256,0.474226,0.518356,0.11103,0.520387,0.575,0.352001,0.434389
0.72669,0.643141,0.64977,0.60216,0.635516,0.462209,0.2941,0.471851,0.497985,0.143274,0.353292,0.618354,0.425205,0.633415,0.508335,0.698776,0.354534,0.56471,0.666009,0.689787,0.678202,0.60321,0.597094,0.721186,0.305768,0.616999,1,0.557998,0.408219,0.216783,0.186879,0.447496,0.552114,0.573263,0.424672,0.11706,0.196019,0.384924,0.735289,0.705615,0.507199,0.609326,0.631372,0.4183,0.596548,0.598662,0.636391,0.693734,0.355656,0.535237,0.367894,0.374231,0.566422,0.569435,0.663809,0.568779,0.636791,0.665359,0.474289,0.181725,0.321258,0.681431,0.489614,0.665021,0.723109,0.404877,0.663522,0.729175,0.377601,0.294279,0.663638,0.577976,0.385318,0.287344,0.215029,0.67857,0.67079,0.452587,0.502579,0.390331,0.239015,0.73887,0.643893,0.446557,0.484352
0.655299,0.500872,0.555648,0.546211,0.606332,0.617386,0.193621,0.316357,0.359036,0.29657,0.295383,0.415332,0.410982,0.67233,0.211975,0.469646,0.419212,0.510993,0.556454,0.566479,0.655281,0.634925,0.473964,0.71136,0.221078,0.577456,0.557998,1,0.55872,0.367461,0.254396,0.0532967,0.429267,0.376484,0.31039,-0.0310501,0.261156,0.128843,0.599768,0.614262,0.356165,0.635351,0.682231,0.537174,0.647797,0.50534,0.619019,0.506677,0.304508,0.363232,0.632913,0.359256,0.507621,0.533076,0.616945,0.597177,0.498074,0.569302,0.618014,0.4534,0.408479,0.701958,0.243668,0.600205,0.601104,0.275038,0.672683,0.686695,0.637578,0.385018,0.644954,0.552734,0.186739,0.211861,0.49329,0.573784,0.508176,0.448689,0.290542,0.574688,0.176814,0.540835,0.585658,0.306434,0.560447
0.48136,0.404047,0.527657,0.441877,0.32719,0.457896,0.0795352,0.214578,0.161196,0.338298,0.369444,0.299523,0.351941,0.485935,0.16898,0.325417,0.410809,0.523868,0.37402,0.359865,0.505303,0.313654,0.372135,0.603926,0.288702,0.581841,0.408219,0.55872,1,0.365193,0.287286,0.0014513,0.528255,0.55548,0.305262,0.219887,0.13476,0.130276,0.356129,0.441087,0.356486,0.391675,0.493351,0.347746,0.586346,0.240253,0.257962,0.174067,0.305963,0.0939959,0.470629,0.246451,0.504414,0.503648,0.490047,0.449285,0.308024,0.37476,0.475822,0.353178,0.325743,0.432781,0.272536,0.401187,0.567777,0.514226,0.44272,0.459464,0.243055,0.113351,0.345003,0.38478,0.382126,0.30897,0.383456,0.414931,0.48154,0.425549,0.501116,0.534734,0.220876,0.333072,0.334366,0.277041,0.334927
0.328768,0.217715,0.198118,0.0828701,0.233613,0.177137,0.0964213,0.236153,0.200376,0.00907202,0.114724,0.129711,0.149015,0.288076,0.255806,0.134725,0.0892528,0.132121,0.289482,0.180752,0.234293,0.289681,0.124107,0.454083,0.0531304,0.218634,0.216783,0.367461,0.365193,1,-0.143528,-0.0207461,0.225045,0.040575,-0.0171839,0.125031,0.298599,-0.0425446,0.295196,0.18057,-0.0936362,0.242908,0.382453,0.321681,0.273892,-0.0170862,0.140556,0.180144,0.16587,0.187633,-0.0529593,0.0835247,0.205052,0.112899,0.141601,0.298926,0.0687213,0.250619,0.189828,0.145562,0.0531403,0.158859,0.051493,0.343638,0.236357,0.089048,0.204314,0.361231,0.0932814,0.3612,0.267928,0.16009,0.0988933,0.0309201,0.377711,0.255937,0.25502,0.270672,0.359946,0.314066,-0.0480248,0.140085,0.196604,-0.0654207,0.179705
-0.0111009,-0.0201296,0.0277481,0.0489796,0.226132,0.233271,0.00319601,0.0638995,-0.175069,-0.00406382,0.104661,0.0264811,0.0290117,0.082127,-0.0842021,0.205384,-0.0665651,0.234318,0.138868,0.265931,0.198659,0.188421,-0.0828065,0.121892,0.114404,0.21178,0.186879,0.254396,0.287286,-0.143528,1,-0.226743,0.312076,0.116385,0.155188,-0.0343581,-0.0361273,-0.0622318,0.100907,0.0995215,0.020051,0.14077,-0.0504429,-0.172942,0.130159,0.198335,0.242521,-0.0830377,-0.0215513,-0.0661592,0.0664129,-0.0948547,0.0429391,0.124069,0.0651115,-0.0106259,0.228758,0.24837,-0.00589938,0.0975583,0.236162,0.0765685,0.137041,0.130046,0.195544,0.231735,0.0635975,0.107495,0.16234,-0.167135,0.0421708,0.130287,0.172148,-0.123772,0.0544857,0.108137,0.164433,0.20114,0.111868,0.244993,0.0566444,0.182201,0.204098,0.0281844,0.111222
0.55985,0.565731,0.558265,0.340537,0.224423,0.283364,0.247829,0.14206,0.394034,0.291001,0.435919,0.455314,0.331522,0.353433,0.477963,0.296116,0.446097,0.245721,0.325376,0.3682,0.328892,0.209041,0.304523,0.277533,0.123275,0.396588,0.447496,0.0532967,0.0014513,-0.0207461,-0.226743,1,0.254112,0.25215,0.140959,0.177252,-0.0282655,0.256913,0.477214,0.413945,0.334715,0.418433,0.542205,0.485339,0.51349,0.557663,0.170441,0.47066,0.337789,0.291321,0.00939642,0.486746,0.430251,0.237882,0.500372,0.446147,0.435001,0.320239,0.477611,0.174725,0.310858,0.351576,0.121965,0.303688,0.356645,-0.0266602,0.368944,0.319809,0.163176,0.19641,0.442148,0.262019,0.152609,0.0922983,0.0951974,0.362671,0.360173,0.16774,0.17459,0.182114,0.120695,0.447571,0.434118,0.489121,0.149271
0.611997,0.365013,0.696066,0.539171,0.51271,0.524484,0.114205,0.18764,0.362017,0.145447,0.47152,0.427692,0.466571,0.440998,0.224222,0.507141,0.493385,0.456051,0.632573,0.608211,0.626881,0.314078,0.517026,0.712488,0.319473,0.511367,0.552114,0.429267,0.528255,0.225045,0.312076,0.254112,1,0.498391,0.39689,-0.0713272,0.0276743,0.16321,0.598104,0.613783,0.391115,0.553217,0.520074,0.353838,0.721733,0.431816,0.441287,0.43975,0.406803,0.290155,0.373853,0.239615,0.514635,0.437431,0.553381,0.323157,0.55905,0.530661,0.466606,0.38531,0.341544,0.529781,0.414135,0.688744,0.641666,0.487307,0.667118,0.662741,0.40612,0.165085,0.464819,0.445423,0.252417,0.0355114,0.242061,0.497819,0.461931,0.578096,0.407229,0.53953,0.471171,0.641706,0.5698,0.356867,0.441731
0.537055,0.452159,0.55892,0.568753,0.394337,0.462289,0.12019,0.258754,0.372629,0.356428,0.439857,0.454075,0.344728,0.516774,0.244183,0.457796,0.304461,0.679871,0.507255,0.435306,0.584516,0.499851,0.608531,0.627527,0.414179,0.643772,0.573263,0.376484,0.55548,0.040575,0.116385,0.25215,0.498391,1,0.468809,0.289421,0.16916,0.294755,0.514213,0.582871,0.497056,0.346589,0.570255,0.409889,0.559797,0.422893,0.500269,0.508431,0.216613,0.175181,0.432931,0.349468,0.481465,0.491277,0.557993,0.517302,0.292952,0.52986,0.451189,0.291357,0.444324,0.516325,0.443047,0.55716,0.682026,0.248572,0.642433,0.577776,0.273391,0.179678,0.526423,0.499857,0.360216,0.284123,0.183078,0.547518,0.427212,0.353945,0.517762,0.362673,0.428481,0.545801,0.503295,0.360565,0.35622
0.495241,0.321543,0.411685,0.493592,0.435931,0.20751,0.430772,0.192904,0.0191985,0.0171985,0.252113,0.567106,0.420294,0.294387,0.169481,0.371111,0.228905,0.271878,0.377403,0.377852,0.511887,0.293636,0.503335,0.491312,0.39936,0.280087,0.424672,0.31039,0.305262,-0.0171839,0.155188,0.140959,0.39689,0.468809,1,0.237164,0.0795663,0.508256,0.452451,0.381308,0.527368,0.352975,0.232861,0.0792265,0.350554,0.301125,0.365416,0.363868,-0.00560897,0.224986,0.346593,0.164728,0.153235,0.51685,0.425192,0.265809,0.392218,0.317208,0.239858,0.0511204,0.0696655,0.414263,0.479267,0.390187,0.474241,0.237864,0.498295,0.489463,0.170285,0.354167,0.334713,0.286842,0.426378,0.473021,0.141772,0.353093,0.324341,0.37717,0.186091,0.00763724,0.0805121,0.592789,0.320166,0.397817,0.283921
0.149383,0.202464,0.158936,0.0103635,0.0460138,0.225495,0.27196,0.375253,-0.0132971,0.150041,0.18317,0.398863,0.158431,0.135297,0.263006,-0.00739118,0.0535709,0.174736,-0.021013,-0.0473216,0.0491746,-0.0166497,0.113253,0.16254,0.0386119,0.194928,0.11706,-0.0310501,0.219887,0.125031,-0.0343581,0.177252,-0.0713272,0.289421,0.237164,1,0.0429736,0.291119,0.127048,-0.0521502,0.10519,0.0397602,0.209047,0.147068,0.139658,0.0464097,0.151396,0.0889813,0.0043943,0.0691962,-0.263777,0.0363103,0.00887072,0.142064,0.147372,0.192261,0.0129523,-0.0504688,0.10684,-0.0494078,0.0502552,-0.141587,0.0598235,0.00540633,0.0580828,0.0253684,0.00303861,0.0357053,-0.163778,0.180656,0.0298691,0.0801236,0.34592,0.272125,0.181111,0.156984,0.151816,0.0534155,0.232611,-0.0221553,0.0568446,-0.0184402,0.0437546,0.168334,-0.00768615
0.0830732,-0.200502,0.141959,0.139495,0.112489,-0.0389438,0.196052,0.14702,0.503898,0.135191,0.0123121,0.10759,0.163427,-0.0338225,0.142562,0.0188908,0.0671421,0.172008,0.290738,0.0540011,0.258783,0.234015,0.21036,0.201645,0.108409,-0.0268768,0.196019,0.261156,0.13476,0.298599,-0.0361273,-0.0282655,0.0276743,0.16916,0.0795663,0.0429736,1,0.12297,0.13027,0.00720393,-0.129214,0.139591,0.299309,0.0201132,0.147698,0.139757,0.134592,0.125655,0.0931581,0.161259,0.115865,0.216928,0.10612,0.158148,0.170029,-0.020946,-0.0276184,0.0887808,0.197157,0.00812914,0.0148079,0.254978,-0.0109229,0.204252,0.149924,-0.0380543,0.274422,0.244768,0.18412,0.215275,0.0612388,0.0608813,-0.146105,0.342524,0.0966485,0.25119,0.170279,0.03877,0.189061,0.19315,0.11666,0.139297,0.0293874,-0.0254854,0.268086
0.420962,0.299963,0.293404,0.283274,0.175503,0.090331,0.319864,0.340004,0.304379,0.00474066,0.0356829,0.435048,0.267105,0.183403,0.471193,0.323264,0.180265,0.144432,0.269983,0.297467,0.420008,0.0940705,0.399511,0.301774,0.062493,0.0464894,0.384924,0.128843,0.130276,-0.0425446,-0.0622318,0.256913,0.16321,0.294755,0.508256,0.291119,0.12297,1,0.347532,0.302528,0.323234,0.0827264,0.268875,0.135674,0.129401,0.119968,0.226835,0.30984,0.15497,0.247946,0.203022,0.184875,0.194084,0.373105,0.370617,0.197387,0.293557,0.220541,0.19816,-0.149783,-0.079931,0.388965,0.321258,0.328783,0.391733,0.107666,0.288385,0.2962,0.259713,0.087723,0.0821544,0.294528,0.29927,0.244836,0.111169,0.308315,0.270745,-0.0248177,0.156788,-0.0070396,0.0898369,0.448103,0.267122,0.409132,0.0890451
0.757742,0.634813,0.670718,0.665266,0.643096,0.568983,0.388238,0.496443,0.459514,0.213386,0.342432,0.675735,0.562348,0.739554,0.534957,0.75134,0.495574,0.403752,0.694903,0.787788,0.77441,0.552686,0.690606,0.794331,0.202446,0.597618,0.735289,0.599768,0.356129,0.295196,0.100907,0.477214,0.598104,0.514213,0.452451,0.127048,0.13027,0.347532,1,0.781714,0.688688,0.608032,0.713468,0.616603,0.646251,0.555128,0.635967,0.797775,0.366224,0.52675,0.404304,0.405743,0.539022,0.602198,0.72704,0.657175,0.667822,0.795813,0.522687,0.383199,0.286081,0.669475,0.573381,0.853294,0.808019,0.127943,0.738517,0.833451,0.546557,0.490661,0.755335,0.662377,0.344872,0.255685,0.33747,0.764426,0.685001,0.492283,0.529128,0.256158,0.282496,0.868887,0.783283,0.389027,0.587354
0.768225,0.711862,0.74024,0.705109,0.562243,0.56284,0.0897984,0.180626,0.353163,0.178665,0.379577,0.445857,0.441852,0.697094,0.395048,0.782522,0.537119,0.441017,0.687556,0.776172,0.764891,0.509241,0.713914,0.779792,0.361111,0.69968,0.705615,0.614262,0.441087,0.18057,0.0995215,0.413945,0.613783,0.582871,0.381308,-0.0521502,0.00720393,0.302528,0.781714,1,0.626031,0.652925,0.658783,0.566604,0.693055,0.596936,0.576114,0.690589,0.362158,0.446243,0.515313,0.35055,0.550416,0.600947,0.679294,0.66833,0.575194,0.79409,0.538223,0.454288,0.337188,0.717196,0.528732,0.783065,0.865925,0.365105,0.716148,0.793944,0.645347,0.384504,0.76893,0.638249,0.265585,0.223472,0.161791,0.585663,0.662911,0.480585,0.50126,0.357542,0.284433,0.728635,0.635255,0.474764,0.479515
0.578725,0.547902,0.565784,0.664656,0.417263,0.409858,0.308046,0.274337,0.190016,0.2277,0.275308,0.497955,0.533612,0.506826,0.332897,0.513717,0.536929,0.367172,0.331011,0.507104,0.517636,0.309013,0.47382,0.493115,0.23708,0.456914,0.507199,0.356165,0.356486,-0.0936362,0.020051,0.334715,0.391115,0.497056,0.527368,0.10519,-0.129214,0.323234,0.688688,0.626031,1,0.424896,0.413922,0.436371,0.447016,0.446332,0.320289,0.548943,0.228379,0.278296,0.505745,0.267286,0.438319,0.573321,0.579688,0.486335,0.558587,0.52833,0.4393,0.301849,0.182249,0.439749,0.504208,0.539425,0.587207,0.0857913,0.543568,0.500959,0.362401,0.17512,0.54027,0.481141,0.466916,0.297087,0.0980898,0.552209,0.463891,0.40346,0.451918,0.0452918,0.0849427,0.593386,0.544376,0.368525,0.371191
0.679187,0.615452,0.742596,0.683531,0.612964,0.539471,0.248345,0.213353,0.427181,0.243193,0.378214,0.575088,0.49446,0.503753,0.249209,0.454565,0.541085,0.390187,0.471761,0.593154,0.581486,0.52604,0.521919,0.648144,0.301438,0.662016,0.609326,0.635351,0.391675,0.242908,0.14077,0.418433,0.553217,0.346589,0.352975,0.0397602,0.139591,0.0827264,0.608032,0.652925,0.424896,1,0.627762,0.450553,0.744323,0.585234,0.543387,0.478406,0.306167,0.357883,0.370418,0.228321,0.4513,0.568646,0.652214,0.537881,0.679064,0.491834,0.611944,0.310155,0.371595,0.608044,0.245795,0.536155,0.554455,0.468998,0.626089,0.701692,0.518326,0.42764,0.67653,0.470261,0.305938,0.396701,0.314216,0.55079,0.603261,0.610975,0.19772,0.443746,0.133109,0.582158,0.539706,0.551907,0.559685
0.841336,0.677748,0.798367,0.650665,0.529486,0.675647,0.274443,0.400529,0.619167,0.50844,0.510149,0.558056,0.508094,0.704695,0.454895,0.406036,0.642643,0.605268,0.576612,0.537792,0.653127,0.614896,0.665186,0.745142,0.301957,0.678458,0.631372,0.682231,0.493351,0.382453,-0.0504429,0.542205,0.520074,0.570255,0.232861,0.209047,0.299309,0.268875,0.713468,0.658783,0.413922,0.627762,1,0.760961,0.846066,0.648299,0.526569,0.640926,0.500202,0.487054,0.419225,0.606948,0.697655,0.566241,0.807197,0.704463,0.499055,0.602652,0.829607,0.453327,0.512986,0.710236,0.165464,0.643143,0.621309,0.161401,0.745838,0.724676,0.55984,0.353605,0.701191,0.596132,0.247592,0.309971,0.426907,0.64643,0.55929,0.458263,0.462912,0.567348,0.306232,0.596022,0.592796,0.46794,0.524319
0.690294,0.772103,0.584278,0.54787,0.514586,0.679939,0.129488,0.343802,0.350625,0.624067,0.650699,0.471334,0.585416,0.774304,0.278436,0.407176,0.623667,0.373935,0.39587,0.435475,0.501619,0.519071,0.493377,0.5898,0.06791,0.580785,0.4183,0.537174,0.347746,0.321681,-0.172942,0.485339,0.353838,0.409889,0.0792265,0.147068,0.0201132,0.135674,0.616603,0.566604,0.436371,0.450553,0.760961,1,0.67737,0.515472,0.453094,0.512858,0.408587,0.318461,0.326455,0.649021,0.634358,0.46348,0.721971,0.857435,0.539276,0.501749,0.758106,0.470258,0.466348,0.48723,0.123791,0.548964,0.517742,0.0363501,0.552889,0.577847,0.48399,0.300196,0.679338,0.43154,0.359951,0.0026799,0.577092,0.376254,0.411469,0.378136,0.303029,0.402502,0.308104,0.475004,0.649425,0.332739,0.333732
0.854119,0.689417,0.922024,0.715321,0.66834,0.712865,0.244205,0.262764,0.445522,0.4491,0.646555,0.577741,0.602764,0.647086,0.404014,0.401603,0.719139,0.541144,0.565055,0.61167,0.666366,0.496267,0.633928,0.782883,0.342899,0.751392,0.596548,0.647797,0.586346,0.273892,0.130159,0.51349,0.721733,0.559797,0.350554,0.139658,0.147698,0.129401,0.646251,0.693055,0.447016,0.744323,0.846066,0.67737,1,0.744741,0.554014,0.492844,0.362096,0.375603,0.392164,0.551067,0.702294,0.605581,0.803269,0.631723,0.599882,0.532961,0.858333,0.425503,0.589154,0.66263,0.286831,0.630328,0.648462,0.327939,0.772208,0.764181,0.490518,0.383077,0.740844,0.564411,0.304431,0.226366,0.392718,0.584223,0.595112,0.664054,0.369939,0.657472,0.370138,0.605624,0.561297,0.560827,0.560845
0.734009,0.602014,0.761808,0.634329,0.557944,0.571187,0.175042,0.250405,0.326845,0.348082,0.539189,0.531967,0.519371,0.545123,0.401201,0.454644,0.581042,0.526993,0.448123,0.592286,0.577085,0.501245,0.421858,0.548178,0.369205,0.580999,0.598662,0.50534,0.240253,-0.0170862,0.198335,0.557663,0.431816,0.422893,0.301125,0.0464097,0.139757,0.119968,0.555128,0.596936,0.446332,0.585234,0.648299,0.515472,0.744741,1,0.614003,0.568377,0.17254,0.41231,0.283966,0.536866,0.628198,0.549157,0.69178,0.497815,0.509183,0.524771,0.662779,0.354905,0.596294,0.566748,0.18441,0.569519,0.53953,0.136288,0.651693,0.600281,0.48967,0.280558,0.657333,0.519335,0.268338,0.148064,0.113424,0.449755,0.532497,0.451365,0.278331,0.397534,0.164033,0.556643,0.433965,0.478323,0.311826
0.605564,0.502298,0.523168,0.617641,0.74967,0.619921,0.232876,0.441121,0.371413,0.128785,0.292673,0.661188,0.401506,0.666655,0.354045,0.578142,0.24219,0.491551,0.47663,0.629893,0.558533,0.613575,0.576516,0.740663,0.219291,0.577656,0.636391,0.619019,0.257962,0.140556,0.242521,0.170441,0.441287,0.500269,0.365416,0.151396,0.134592,0.226835,0.635967,0.576114,0.320289,0.543387,0.526569,0.453094,0.554014,0.614003,1,0.651106,0.0819076,0.420798,0.311194,0.257435,0.416492,0.588628,0.610033,0.526548,0.514784,0.594081,0.415192,0.274166,0.364174,0.588258,0.446756,0.657558,0.601093,0.226202,0.624892,0.764579,0.515052,0.46097,0.63215,0.640594,0.222109,0.123274,0.285895,0.511362,0.614379,0.43565,0.213387,0.274656,0.279876,0.612885,0.616186,0.272125,0.423422
0.700249,0.550046,0.575219,0.579669,0.545285,0.564781,0.182061,0.359684,0.489869,0.134476,0.257856,0.645634,0.426776,0.662431,0.365619,0.621049,0.410144,0.491851,0.637967,0.563301,0.600432,0.573769,0.634991,0.699557,0.319508,0.5011,0.693734,0.506677,0.174067,0.180144,-0.0830377,0.47066,0.43975,0.508431,0.363868,0.0889813,0.125655,0.30984,0.797775,0.690589,0.548943,0.478406,0.640926,0.512858,0.492844,0.568377,0.651106,1,0.396879,0.542221,0.377415,0.293234,0.454865,0.445282,0.623052,0.537727,0.581014,0.619687,0.405542,0.380045,0.209671,0.631007,0.425879,0.764917,0.643087,0.0486456,0.727002,0.726649,0.440885,0.500634,0.649737,0.600324,0.308647,0.147943,0.281756,0.649438,0.557291,0.374967,0.4489,0.210283,0.369637,0.727354,0.641338,0.264989,0.387932
0.322266,0.349066,0.418709,0.200692,0.131948,0.336541,0.219708,0.363849,0.386509,0.354251,0.362509,0.223888,0.362067,0.32944,0.0606946,0.342108,0.53641,0.312568,0.450458,0.229752,0.418206,0.246568,0.409777,0.247907,-0.0477782,0.230058,0.355656,0.304508,0.305963,0.16587,-0.0215513,0.337789,0.406803,0.216613,-0.00560897,0.0043943,0.0931581,0.15497,0.366224,0.362158,0.228379,0.306167,0.500202,0.408587,0.362096,0.17254,0.0819076,0.396879,1,0.23337,0.256658,0.372209,0.53368,0.238266,0.48802,0.381319,0.446544,0.191243,0.384212,0.382594,0.249274,0.292242,0.10892,0.355046,0.417661,0.236635,0.355884,0.295899,0.308144,0.105171,0.33623,0.396203,0.265298,0.170167,0.432937,0.378062,0.383169,0.165682,0.385306,0.264879,0.364862,0.330578,0.348309,0.424089,0.435113
0.522522,0.371261,0.450202,0.374354,0.316204,0.294011,0.21308,0.370807,0.372013,0.150166,0.260975,0.318224,0.303637,0.360203,0.464405,0.348915,0.29752,0.197349,0.303858,0.350391,0.362734,0.186361,0.432774,0.467864,0.177817,0.376417,0.535237,0.363232,0.0939959,0.187633,-0.0661592,0.291321,0.290155,0.175181,0.224986,0.0691962,0.161259,0.247946,0.52675,0.446243,0.278296,0.357883,0.487054,0.318461,0.375603,0.41231,0.420798,0.542221,0.23337,1,0.203517,0.265323,0.290866,0.258177,0.391269,0.246991,0.326254,0.371569,0.363262,-0.0777839,0.251074,0.558831,0.163008,0.458811,0.332387,-0.0111854,0.369369,0.526557,0.320822,0.390507,0.55563,0.364567,0.18746,0.222007,0.13032,0.33272,0.29136,0.230644,0.449192,0.18041,0.0292464,0.40703,0.183249,0.101567,0.451057
0.425181,0.257492,0.35277,0.519361,0.2893,0.375895,0.0580056,0.079314,0.309689,0.353925,0.172317,0.125561,0.190782,0.487233,-0.0361061,0.382517,0.319168,0.448474,0.414004,0.406593,0.530525,0.419697,0.363904,0.464285,0.377526,0.385624,0.367894,0.632913,0.470629,-0.0529593,0.0664129,0.00939642,0.373853,0.432931,0.346593,-0.263777,0.115865,0.203022,0.404304,0.515313,0.505745,0.370418,0.419225,0.326455,0.392164,0.283966,0.311194,0.377415,0.256658,0.203517,1,0.316844,0.424466,0.382933,0.452368,0.384922,0.392224,0.410925,0.38619,0.419359,0.191501,0.609963,0.298379,0.432526,0.518843,0.264102,0.623182,0.411559,0.497226,-0.0108832,0.338012,0.257992,0.0226209,0.274055,0.17968,0.352907,0.18636,0.269795,0.263872,0.457202,0.174667,0.470352,0.377644,0.294486,0.460752
0.480989,0.464572,0.475371,0.352169,0.221131,0.250689,0.211263,0.338992,0.241836,0.706957,0.678265,0.346399,0.600734,0.537113,0.259758,0.231345,0.598158,0.295535,0.435054,0.30553,0.450408,0.431743,0.466818,0.289568,-0.0441855,0.267791,0.374231,0.359256,0.246451,0.0835247,-0.0948547,0.486746,0.239615,0.349468,0.164728,0.0363103,0.216928,0.184875,0.405743,0.35055,0.267286,0.228321,0.606948,0.649021,0.551067,0.536866,0.257435,0.293234,0.372209,0.265323,0.316844,1,0.739937,0.436889,0.71341,0.565723,0.300418,0.343074,0.715338,0.396539,0.427231,0.468297,0.114611,0.289071,0.4481,-0.0395482,0.499052,0.306667,0.341445,0.127269,0.489048,0.24386,0.139191,0.152815,0.322537,0.308021,0.300281,0.0661198,0.273558,0.260819,0.333349,0.442135,0.394848,0.555087,0.418914
