1,0.884907,0.932596,0.803267,0.45453,0.61254,0.602513,0.520514,0.196149,0.616376,0.8208,0.847808,0.89707,0.854206,0.523286,0.794729,0.87539,0.576581,0.899392,0.774962,0.851869,0.591473,0.770177,0.920595,0.477574,0.756009,0.871158,0.624114,0.53774,0.384074,0.406841,0.474057,0.843196,0.730312,0.578003,0.175379,0.344513,0.444322,0.857631,0.694818,0.497458,0.673988,0.901521,0.911802,0.90271,0.840294,0.668938,0.678346,0.381919,0.474385,0.545725,0.853773,0.880068,0.880971,0.904765,0.855592,0.606973,0.837956,0.889579,0.505887,0.546925,0.727926,0.683848,0.859492,0.825231,0.701474,0.692013,0.886843,0.596166,0.760599,0.760665,0.484517,0.607665,0.538458,0.540512,0.723281,0.659601,0.541998,0.559478,0.402108,0.53265,0.896512,0.811737,0.389174,0.786943
0.884907,1,0.904512,0.815034,0.464496,0.557851,0.525927,0.420154,0.310112,0.739624,0.860144,0.830285,0.870095,0.818385,0.549586,0.767066,0.875367,0.614929,0.814853,0.744877,0.789208,0.515401,0.760312,0.889872,0.461158,0.759377,0.804227,0.580604,0.513544,0.530521,0.398983,0.527756,0.807404,0.718667,0.520224,0.0621757,0.302813,0.498625,0.871481,0.73819,0.471937,0.637729,0.849594,0.866166,0.920165,0.782989,0.651537,0.65111,0.391733,0.42841,0.55024,0.884516,0.852012,0.863569,0.876206,0.827319,0.625516,0.851376,0.854113,0.510124,0.504118,0.634421,0.754402,0.83654,0.831915,0.689047,0.625804,0.893786,0.529956,0.74594,0.747455,0.527888,0.565583,0.52001,0.462559,0.63981,0.685702,0.643289,0.544146,0.227538,0.443839,0.797287,0.724898,0.361075,0.680796
0.932596,0.904512,1,0.876303,0.516104,0.631723,0.627004,0.476134,0.309226,0.675769,0.82025,0.804411,0.862419,0.845384,0.605351,0.851516,0.900654,0.563622,0.908588,0.800889,0.882935,0.514506,0.716536,0.93518,0.458411,0.761966,0.849679,0.619826,0.517765,0.437344,0.399684,0.543135,0.865778,0.823888,0.561649,0.127205,0.379385,0.45392,0.923134,0.7538,0.438956,0.683819,0.920796,0.918911,0.953948,0.88102,0.704473,0.713392,0.422513,0.449168,0.583101,0.840189,0.881151,0.879343,0.875839,0.875144,0.687659,0.883314,0.910855,0.427752,0.488782,0.698978,0.732822,0.873623,0.873449,0.703019,0.683307,0.927213,0.506427,0.825497,0.774223,0.593058,0.564987,0.493882,0.550319,0.752635,0.702006,0.646875,0.584446,0.361512,0.435248,0.866903,0.785968,0.249022,0.734964
0.803267,0.815034,0.876303,1,0.61938,0.668699,0.622147,0.441476,0.389255,0.640728,0.799962,0.771654,0.810922,0.823651,0.627224,0.722008,0.8759,0.661399,0.746383,0.70744,0.784566,0.606399,0.677926,0.883091,0.484159,0.640357,0.80617,0.588206,0.419444,0.393024,0.282734,0.598274,0.761344,0.697534,0.545947,0.148782,0.367034,0.323971,0.761517,0.601672,0.47086,0.609764,0.858523,0.84747,0.850186,0.799496,0.59635,0.548726,0.474973,0.175535,0.437122,0.795762,0.820775,0.880635,0.84318,0.778618,0.55411,0.814814,0.823461,0.387975,0.365901,0.472751,0.717107,0.791326,0.825936,0.533747,0.65677,0.792579,0.498788,0.686497,0.662678,0.582433,0.443051,0.414794,0.529414,0.702422,0.543876,0.542717,0.470094,0.244918,0.478271,0.759078,0.729485,0.305792,0.543644
0.45453,0.464496,0.516104,0.61938,1,0.410216,0.220839,0.445751,0.368015,0.411397,0.54091,0.455745,0.446952,0.556055,0.306203,0.571114,0.569224,0.397453,0.465776,0.554074,0.55129,0.35118,0.389177,0.541676,0.440992,0.37589,0.401131,0.472179,0.281064,0.207637,0.0171314,0.363239,0.462252,0.418615,0.381905,-0.00497601,0.00961734,0.0401164,0.500735,0.340724,0.186863,0.552406,0.457757,0.482605,0.474752,0.467418,0.46969,0.282389,0.505363,-0.117936,0.289988,0.394154,0.444215,0.554224,0.519474,0.542815,0.400334,0.592024,0.491807,0.204679,0.269758,0.178341,0.628083,0.591247,0.61174,0.322034,0.343678,0.435786,0.213067,0.43446,0.480509,0.489877,0.50974,0.186533,0.234497,0.560802,0.46093,0.186502,0.197418,0.172635,0.247291,0.558877,0.412961,0.463692,0.202835
0.61254,0.557851,0.631723,0.668699,0.410216,1,0.527552,0.211338,0.339478,0.484126,0.59446,0.583162,0.615345,0.682497,0.675081,0.594029,0.591688,0.435605,0.618288,0.55719,0.546301,0.547757,0.643268,0.647309,0.237039,0.571812,0.617417,0.397652,0.473003,0.325498,0.106843,0.385271,0.464936,0.637641,0.599786,0.154085,0.10714,0.0891565,0.548405,0.482573,0.21067,0.434322,0.700058,0.604461,0.625828,0.647831,0.556288,0.495229,0.372699,0.215264,0.49955,0.563292,0.652968,0.624128,0.579887,0.639164,0.485792,0.572629,0.596397,0.346038,0.310195,0.467468,0.53003,0.548347,0.583457,0.44581,0.464739,0.61584,0.437998,0.651275,0.43652,0.440677,0.354029,0.273432,0.527323,0.639564,0.336047,0.389336,0.301321,0.11931,0.404639,0.595633,0.595075,0.19248,0.322059
0.602513,0.525927,0.627004,0.622147,0.220839,0.527552,1,0.490792,0.127556,0.280705,0.424122,0.576277,0.569365,0.569462,0.399695,0.460068,0.563461,0.216229,0.529475,0.429441,0.560448,0.437825,0.566868,0.625932,0.288096,0.365097,0.515516,0.298299,0.420758,0.141102,0.145552,0.226997,0.483243,0.622073,0.420405,0.379781,0.231647,0.11152,0.556788,0.485393,0.340588,0.426081,0.554312,0.570144,0.538972,0.572186,0.304455,0.39665,0.150444,0.318215,0.447654,0.635401,0.597849,0.534797,0.46695,0.509071,0.307772,0.510219,0.599211,0.360561,0.344093,0.418203,0.377957,0.490041,0.491018,0.515771,0.498088,0.558664,0.414681,0.449194,0.455764,0.356883,0.410346,0.16015,0.461459,0.534445,0.220011,0.529679,0.547372,0.297498,0.465899,0.56789,0.647099,0.0770726,0.421353
0.520514,0.420154,0.476134,0.441476,0.445751,0.211338,0.490792,1,-0.0282254,0.223871,0.319939,0.460176,0.450449,0.499569,0.238507,0.322382,0.407789,0.167762,0.408411,0.41987,0.425051,0.359034,0.39349,0.493886,0.246849,0.344447,0.406505,0.375248,0.241522,-0.0521173,0.200717,0.0727207,0.401584,0.355638,0.29106,0.161744,0.161887,0.205605,0.505975,0.321271,0.468207,0.360273,0.445889,0.498105,0.425724,0.53443,0.235695,0.41846,0.208804,0.0453175,0.478285,0.406817,0.455689,0.44921,0.442037,0.440793,0.234804,0.456678,0.46191,0.321245,0.320412,0.259776,0.426567,0.396858,0.431881,0.284514,0.514256,0.342861,0.267585,0.220157,0.527998,0.376906,0.450204,0.200141,0.256907,0.429516,0.345691,0.227066,0.280192,0.224667,0.301082,0.56899,0.315205,0.335213,0.354918
0.196149,0.310112,0.309226,0.389255,0.368015,0.339478,0.127556,-0.0282254,1,0.501547,0.362955,0.136724,0.137275,0.352646,0.547976,0.303899,0.351468,0.442767,0.352782,0.168905,0.274611,0.121047,0.264202,0.228074,-0.00277367,0.136418,0.187027,0.483322,0.277307,0.423885,0.154711,0.299996,0.238092,0.344549,0.13603,-0.00791981,0.0717026,-0.0740416,0.335466,0.231342,0.00326702,0.33229,0.304244,0.214565,0.283691,0.202558,0.452012,0.251001,0.332521,-0.0681194,0.215453,0.155014,0.218526,0.33253,0.195824,0.23225,0.440599,0.192513,0.269262,-0.0201956,0.027928,0.0641626,0.313278,0.27698,0.328406,0.16006,0.0596181,0.29581,0.0526835,0.333264,0.259918,0.412884,0.263889,-0.00565867,0.146777,0.292703,0.209124,0.151403,0.338214,0.00392403,-0.00446974,0.229722,0.311356,0.0488763,0.118436
0.616376,0.739624,0.675769,0.640728,0.411397,0.484126,0.280705,0.223871,0.501547,1,0.767242,0.586621,0.631873,0.683946,0.533952,0.65899,0.712499,0.541753,0.684651,0.600454,0.66004,0.308719,0.504772,0.649504,0.320118,0.509574,0.638837,0.566602,0.375151,0.566359,0.312989,0.453402,0.681901,0.640005,0.405526,0.0417999,0.155527,0.322005,0.675646,0.529059,0.397124,0.630989,0.670747,0.651374,0.73099,0.604587,0.553354,0.476945,0.392561,0.243245,0.496017,0.644365,0.657401,0.706028,0.672164,0.664363,0.503574,0.651073,0.671553,0.361421,0.433817,0.49475,0.58679,0.66461,0.689291,0.480827,0.485993,0.73723,0.428208,0.660399,0.557306,0.431708,0.399835,0.263984,0.269832,0.599936,0.614888,0.498674,0.390569,0.189253,0.17913,0.582089,0.492349,0.227845,0.374373
0.8208,0.860144,0.82025,0.799962,0.54091,0.59446,0.424122,0.319939,0.362955,0.767242,1,0.734017,0.846887,0.823876,0.559163,0.80513,0.848393,0.65972,0.809131,0.701773,0.778663,0.532112,0.707644,0.843621,0.504377,0.704794,0.787844,0.575553,0.541414,0.599939,0.336826,0.603508,0.780384,0.635026,0.534204,0.144706,0.230036,0.39155,0.780565,0.686051,0.391643,0.676842,0.804997,0.80669,0.856652,0.719448,0.678846,0.613517,0.500596,0.340252,0.509245,0.837679,0.813166,0.884585,0.86414,0.880931,0.549406,0.856801,0.800461,0.497938,0.512862,0.579735,0.723131,0.86081,0.833128,0.603596,0.555942,0.844084,0.529406,0.754254,0.59635,0.468694,0.465273,0.567463,0.412508,0.629955,0.629594,0.551143,0.439612,0.217976,0.357469,0.778244,0.744226,0.420502,0.561595
0.847808,0.830285,0.804411,0.771654,0.455745,0.583162,0.576277,0.460176,0.136724,0.586621,0.734017,1,0.915854,0.862405,0.35312,0.706243,0.851678,0.572337,0.730428,0.730543,0.721505,0.481234,0.718515,0.858954,0.465587,0.62706,0.799431,0.583331,0.440007,0.366323,0.394696,0.411228,0.698892,0.644921,0.63597,-0.0369543,0.289332,0.41686,0.73479,0.658524,0.673894,0.710138,0.779162,0.827642,0.819568,0.732795,0.497029,0.438598,0.217688,0.342459,0.47833,0.87655,0.797905,0.828724,0.875516,0.722642,0.406919,0.810369,0.819878,0.480614,0.62408,0.522451,0.623794,0.807813,0.781184,0.679686,0.714104,0.801972,0.572847,0.632033,0.714598,0.507525,0.493807,0.421096,0.502133,0.689654,0.486231,0.433885,0.480704,0.246827,0.55135,0.7262,0.726875,0.538841,0.601225
0.89707,0.870095,0.862419,0.810922,0.446952,0.615345,0.569365,0.450449,0.137275,0.631873,0.846887,0.915854,1,0.845523,0.457868,0.784041,0.885689,0.551772,0.779884,0.698148,0.739182,0.562531,0.738229,0.871404,0.497404,0.68283,0.846398,0.585839,0.513372,0.400513,0.295481,0.45559,0.730164,0.648694,0.626874,0.0499852,0.411819,0.394758,0.760418,0.640369,0.509611,0.66813,0.814278,0.841556,0.863496,0.79535,0.560566,0.57793,0.330489,0.42668,0.54906,0.917063,0.865484,0.906779,0.925906,0.840511,0.444213,0.863593,0.826202,0.544658,0.610782,0.666072,0.642636,0.840892,0.80229,0.740865,0.770371,0.861385,0.592436,0.766433,0.653289,0.401371,0.488415,0.528603,0.521386,0.656156,0.495302,0.550145,0.49421,0.218581,0.475026,0.786265,0.780363,0.48677,0.623272
0.854206,0.818385,0.845384,0.823651,0.556055,0.682497,0.569462,0.499569,0.352646,0.683946,0.823876,0.862405,0.845523,1,0.575801,0.787421,0.863565,0.617547,0.818583,0.841869,0.804993,0.577745,0.689612,0.904345,0.426581,0.695831,0.845436,0.669528,0.562144,0.541482,0.392967,0.502123,0.813519,0.727687,0.626194,0.109171,0.118508,0.293702,0.796652,0.695073,0.562189,0.712907,0.882959,0.906132,0.87326,0.78666,0.672056,0.485263,0.368181,0.236554,0.562926,0.806868,0.802395,0.861669,0.89078,0.835708,0.595804,0.834341,0.833972,0.472022,0.596267,0.526808,0.693638,0.835827,0.838981,0.585523,0.645969,0.835665,0.457007,0.68583,0.676277,0.644465,0.491066,0.434494,0.628438,0.716825,0.597749,0.489457,0.498857,0.353442,0.577167,0.777832,0.681159,0.469933,0.603458
0.523286,0.549586,0.605351,0.627224,0.306203,0.675081,0.399695,0.238507,0.547976,0.533952,0.559163,0.35312,0.457868,0.575801,1,0.435538,0.560321,0.39471,0.575683,0.402881,0.472909,0.465114,0.43576,0.571117,0.10736,0.428256,0.557731,0.476252,0.291806,0.517093,0.0799328,0.409117,0.528762,0.488954,0.333174,0.116165,0.0542768,0.0741701,0.53114,0.37077,0.151691,0.339051,0.679938,0.582398,0.57794,0.538627,0.559431,0.479657,0.54639,0.10742,0.559808,0.404215,0.643084,0.526915,0.501489,0.616117,0.619239,0.438376,0.527426,0.358087,0.183571,0.389834,0.472157,0.408587,0.457483,0.314739,0.404116,0.521476,0.276308,0.576652,0.353791,0.407489,0.315598,0.12763,0.467106,0.415373,0.316796,0.369041,0.300704,0.0921453,0.273125,0.517712,0.493775,-0.00197149,0.350419
0.794729,0.767066,0.851516,0.722008,0.571114,0.594029,0.460068,0.322382,0.303899,0.65899,0.80513,0.706243,0.784041,0.787421,0.435538,1,0.807659,0.505779,0.83022,0.808274,0.856976,0.481075,0.623021,0.794894,0.502247,0.65954,0.710734,0.584114,0.579961,0.533784,0.345001,0.594698,0.764509,0.824661,0.633936,0.140957,0.22463,0.279843,0.859743,0.779984,0.207494,0.731145,0.776227,0.764246,0.860879,0.793074,0.668814,0.665317,0.38701,0.386494,0.532013,0.775982,0.78003,0.763997,0.776662,0.848428,0.653082,0.902051,0.842301,0.412389,0.543563,0.584501,0.755423,0.899808,0.899329,0.702075,0.544251,0.85693,0.35904,0.7957,0.585252,0.621333,0.505434,0.506589,0.459233,0.70976,0.714514,0.647252,0.582219,0.226816,0.423575,0.812986,0.746854,0.238362,0.592188
0.87539,0.875367,0.900654,0.8759,0.569224,0.591688,0.563461,0.407789,0.351468,0.712499,0.848393,0.851678,0.885689,0.863565,0.560321,0.807659,1,0.599738,0.828732,0.752144,0.79983,0.542048,0.659105,0.869015,0.547334,0.658085,0.834192,0.661287,0.449677,0.419253,0.316926,0.474179,0.798407,0.667691,0.584037,0.0369019,0.28247,0.319854,0.794808,0.616752,0.5143,0.690695,0.867833,0.892617,0.89011,0.766362,0.62044,0.524225,0.45643,0.314077,0.487229,0.811626,0.82487,0.874984,0.887209,0.817406,0.601193,0.863518,0.858663,0.450732,0.532264,0.547392,0.682582,0.823036,0.816751,0.633215,0.681456,0.848958,0.517633,0.740422,0.783763,0.538466,0.52571,0.419675,0.514094,0.681239,0.576787,0.564706,0.527868,0.350373,0.462298,0.747719,0.734703,0.365285,0.621672
0.576581,0.614929,0.563622,0.661399,0.397453,0.435605,0.216229,0.167762,0.442767,0.541753,0.65972,0.572337,0.551772,0.617547,0.39471,0.505779,0.599738,1,0.569727,0.514106,0.527607,0.526809,0.579235,0.621005,0.346602,0.419598,0.603096,0.499952,0.433401,0.389954,0.486493,0.652145,0.507583,0.473108,0.422746,0.0327939,0.303823,0.31727,0.526164,0.555884,0.390055,0.481048,0.603553,0.591596,0.605576,0.581006,0.505182,0.383234,0.284736,0.13772,0.25578,0.5954,0.581151,0.654309,0.660305,0.585415,0.411918,0.56574,0.631099,0.335547,0.243082,0.340142,0.496698,0.604453,0.64808,0.272521,0.481826,0.549684,0.34505,0.436859,0.418677,0.494626,0.378161,0.494878,0.220882,0.518718,0.423216,0.222886,0.256434,0.0716709,0.30648,0.534578,0.580548,0.227374,0.387479
0.899392,0.814853,0.908588,0.746383,0.465776,0.618288,0.529475,0.408411,0.352782,0.684651,0.809131,0.730428,0.779884,0.818583,0.575683,0.83022,0.828732,0.569727,1,0.798652,0.861605,0.504803,0.733405,0.865295,0.404423,0.678308,0.798967,0.543921,0.583677,0.484301,0.404867,0.523696,0.842233,0.787476,0.51845,0.152788,0.214666,0.432535,0.880457,0.747682,0.392521,0.612406,0.905075,0.863844,0.897173,0.815983,0.725553,0.706752,0.439711,0.483968,0.582001,0.738923,0.82365,0.812729,0.829216,0.866476,0.663483,0.830608,0.876419,0.461359,0.512185,0.637964,0.683242,0.858623,0.835381,0.632471,0.560511,0.855122,0.41075,0.805843,0.717135,0.536773,0.629925,0.485694,0.541055,0.788218,0.713358,0.527693,0.563648,0.40771,0.376482,0.873896,0.787496,0.248459,0.691083
0.774962,0.744877,0.800889,0.70744,0.554074,0.55719,0.429441,0.41987,0.168905,0.600454,0.701773,0.730543,0.698148,0.841869,0.402881,0.808274,0.752144,0.514106,0.798652,1,0.882168,0.536159,0.57942,0.863484,0.458416,0.71872,0.773585,0.504576,0.410181,0.433627,0.392002,0.550884,0.836213,0.7613,0.59555,0.152805,0.0167815,0.286604,0.783763,0.767741,0.44845,0.585526,0.813402,0.838657,0.857549,0.792597,0.705818,0.488534,0.2952,0.305861,0.417769,0.716732,0.725164,0.694767,0.777821,0.777356,0.626372,0.84493,0.813847,0.38418,0.598489,0.487662,0.72525,0.840778,0.851557,0.539578,0.492458,0.790838,0.314993,0.696271,0.62075,0.727251,0.507591,0.474649,0.471867,0.769873,0.786509,0.532321,0.486134,0.395378,0.541802,0.776579,0.604524,0.287383,0.685155
0.851869,0.789208,0.882935,0.784566,0.55129,0.546301,0.560448,0.425051,0.274611,0.66004,0.778663,0.721505,0.739182,0.804993,0.472909,0.856976,0.79983,0.527607,0.861605,0.882168,1,0.59166,0.634704,0.907528,0.506818,0.741677,0.792002,0.534596,0.446149,0.446348,0.493593,0.61817,0.916336,0.85886,0.585952,0.259146,0.219093,0.337036,0.873921,0.77344,0.414271,0.712108,0.843127,0.844151,0.89672,0.828877,0.687864,0.614549,0.374729,0.355658,0.424658,0.764506,0.811424,0.767958,0.793714,0.820817,0.59922,0.848147,0.852436,0.40785,0.508071,0.59536,0.804465,0.9006,0.927981,0.598499,0.534863,0.887068,0.451364,0.710665,0.675439,0.686013,0.526552,0.52719,0.529965,0.815849,0.844571,0.628827,0.576481,0.391025,0.510371,0.881317,0.772459,0.281245,0.715342
0.591473,0.515401,0.514506,0.606399,0.35118,0.547757,0.437825,0.359034,0.121047,0.308719,0.532112,0.481234,0.562531,0.577745,0.465114,0.481075,0.542048,0.526809,0.504803,0.536159,0.59166,1,0.422907,0.617227,0.317593,0.497422,0.631043,0.365357,0.274065,0.180774,0.313318,0.47161,0.545841,0.538414,0.421667,0.310522,0.192874,0.198491,0.481092,0.479084,0.265853,0.339223,0.631896,0.616133,0.571706,0.63327,0.423552,0.416626,0.322775,0.129745,0.259087,0.509842,0.623464,0.537239,0.599351,0.61365,0.333553,0.566112,0.577764,0.56608,0.245887,0.33695,0.629224,0.500514,0.60419,0.166474,0.547338,0.497078,0.328088,0.365487,0.320536,0.393481,0.328987,0.443114,0.530823,0.514618,0.455444,0.303298,0.190526,0.0677807,0.622474,0.644891,0.588948,0.272709,0.353578
0.770177,0.760312,0.716536,0.677926,0.389177,0.643268,0.566868,0.39349,0.264202,0.504772,0.707644,0.718515,0.738229,0.689612,0.43576,0.623021,0.659105,0.579235,0.733405,0.57942,0.634704,0.422907,1,0.739357,0.496878,0.629934,0.654573,0.435765,0.636437,0.403533,0.3251,0.437318,0.543658,0.571882,0.572351,0.160005,0.300607,0.267743,0.710177,0.614708,0.292747,0.469969,0.713728,0.66178,0.719822,0.67687,0.545655,0.670021,0.351299,0.303893,0.515306,0.732889,0.72693,0.725696,0.69996,0.702739,0.497913,0.689885,0.709944,0.388748,0.413158,0.531665,0.564438,0.732735,0.703498,0.650622,0.473471,0.734322,0.478954,0.665877,0.607206,0.458113,0.495298,0.505351,0.396877,0.583388,0.46023,0.496194,0.589068,0.279937,0.381304,0.741076,0.723222,0.321134,0.555609
0.920595,0.889872,0.93518,0.883091,0.541676,0.647309,0.625932,0.493886,0.228074,0.649504,0.843621,0.858954,0.871404,0.904345,0.571117,0.794894,0.869015,0.621005,0.865295,0.863484,0.907528,0.617227,0.739357,1,0.495983,0.800426,0.891542,0.586079,0.492254,0.451198,0.449272,0.588106,0.890827,0.788185,0.595193,0.185378,0.274457,0.427343,0.867612,0.762835,0.559078,0.693307,0.915413,0.942254,0.946221,0.853413,0.693082,0.601705,0.405299,0.395771,0.541841,0.866957,0.891006,0.889954,0.916909,0.88529,0.613069,0.875638,0.885376,0.503541,0.507727,0.654463,0.779241,0.892594,0.897931,0.62946,0.681486,0.911171,0.508602,0.764698,0.721987,0.617996,0.515971,0.534535,0.608261,0.788067,0.710458,0.58275,0.501288,0.382525,0.583641,0.877287,0.781439,0.404735,0.71321
0.477574,0.461158,0.458411,0.484159,0.440992,0.237039,0.288096,0.246849,-0.00277367,0.320118,0.504377,0.465587,0.497404,0.426581,0.10736,0.502247,0.547334,0.346602,0.404423,0.458416,0.506818,0.317593,0.496878,0.495983,1,0.371492,0.412821,0.45393,0.303408,0.187699,0.238581,0.336642,0.427576,0.333071,0.40041,-0.153883,0.179688,0.0786471,0.448814,0.375925,0.268488,0.450945,0.364424,0.420094,0.476707,0.466362,0.439626,0.340924,0.267564,0.134727,0.111666,0.478509,0.499421,0.458807,0.47178,0.484101,0.451427,0.598881,0.536714,0.355132,0.391791,0.362628,0.401629,0.56368,0.595417,0.452681,0.425699,0.561414,0.458352,0.421143,0.456747,0.330916,0.203124,0.431071,0.0929865,0.35805,0.414413,0.458895,0.454254,0.450029,0.188125,0.480405,0.368222,0.306865,0.381302
0.756009,0.759377,0.761966,0.640357,0.37589,0.571812,0.365097,0.344447,0.136418,0.509574,0.704794,0.62706,0.68283,0.695831,0.428256,0.65954,0.658085,0.419598,0.678308,0.71872,0.741677,0.497422,0.629934,0.800426,0.371492,1,0.739179,0.391514,0.314122,0.314996,0.49216,0.459083,0.756169,0.649953,0.570243,0.0897333,0.311159,0.475239,0.750931,0.685834,0.371397,0.506774,0.748346,0.770559,0.792552,0.721584,0.614597,0.614029,0.202148,0.310205,0.434977,0.673178,0.708556,0.719805,0.74833,0.746211,0.560672,0.708178,0.69646,0.396425,0.309633,0.658254,0.713124,0.732332,0.715447,0.551504,0.482817,0.808881,0.42067,0.633675,0.649321,0.518303,0.361751,0.678685,0.494711,0.527928,0.68641,0.524984,0.38683,0.281702,0.535857,0.72359,0.549132,0.257477,0.674223
0.871158,0.804227,0.849679,0.80617,0.401131,0.617417,0.515516,0.406505,0.187027,0.638837,0.787844,0.799431,0.846398,0.845436,0.557731,0.710734,0.834192,0.603096,0.798967,0.773585,0.792002,0.631043,0.654573,0.891542,0.412821,0.739179,1,0.527224,0.418143,0.415104,0.426805,0.508288,0.828971,0.67999,0.58762,0.237394,0.312008,0.420984,0.77284,0.677597,0.576268,0.628042,0.894726,0.922923,0.882486,0.760757,0.558103,0.592468,0.308214,0.377203,0.540879,0.804793,0.834757,0.817354,0.889977,0.808982,0.494888,0.81628,0.829632,0.495733,0.533615,0.669475,0.639143,0.785037,0.784909,0.556193,0.747577,0.814678,0.533728,0.708305,0.628904,0.522222,0.456151,0.540461,0.608327,0.659541,0.591683,0.523232,0.427851,0.411128,0.560687,0.783589,0.737651,0.308391,0.657332
0.624114,0.580604,0.619826,0.588206,0.472179,0.397652,0.298299,0.375248,0.483322,0.566602,0.575553,0.583331,0.585839,0.669528,0.476252,0.584114,0.661287,0.499952,0.543921,0.504576,0.534596,0.365357,0.435765,0.586079,0.45393,0.391514,0.527224,1,0.309715,0.317647,0.309936,0.366461,0.513702,0.502549,0.329582,-0.106589,0.320616,0.166678,0.606985,0.403039,0.348203,0.58699,0.578445,0.568266,0.621872,0.604045,0.616741,0.443422,0.457958,0.0739271,0.429141,0.52274,0.619165,0.609416,0.569713,0.545146,0.564947,0.55501,0.638471,0.355007,0.410522,0.412821,0.472235,0.540355,0.617552,0.386306,0.595302,0.623643,0.418235,0.576782,0.451794,0.498985,0.298806,0.16996,0.186248,0.506353,0.428675,0.242066,0.424752,0.332198,0.34422,0.558285,0.434694,0.356697,0.432276
0.53774,0.513544,0.517765,0.419444,0.281064,0.473003,0.420758,0.241522,0.277307,0.375151,0.541414,0.440007,0.513372,0.562144,0.291806,0.579961,0.449677,0.433401,0.583677,0.410181,0.446149,0.274065,0.636437,0.492254,0.303408,0.314122,0.418143,0.309715,1,0.392835,0.237018,0.332034,0.383453,0.445975,0.263416,0.307051,0.101746,0.0613749,0.523657,0.497625,0.0831132,0.376386,0.506968,0.476571,0.515925,0.411179,0.518228,0.499246,0.378705,0.490964,0.48206,0.513884,0.432451,0.526632,0.498933,0.557945,0.470682,0.498873,0.453247,0.324527,0.378571,0.506358,0.318707,0.579244,0.552385,0.500228,0.264445,0.524584,0.254719,0.518828,0.374773,0.332952,0.379808,0.356236,0.454312,0.503561,0.311163,0.557522,0.489864,0.315235,0.0976271,0.511476,0.515411,0.271487,0.288939
0.384074,0.530521,0.437344,0.393024,0.207637,0.325498,0.141102,-0.0521173,0.423885,0.566359,0.599939,0.366323,0.400513,0.541482,0.517093,0.533784,0.419253,0.389954,0.484301,0.433627,0.446348,0.180774,0.403533,0.451198,0.187699,0.314996,0.415104,0.317647,0.392835,1,0.190382,0.445159,0.522954,0.45011,0.297034,0.0379542,-0.206334,0.15329,0.538321,0.500018,0.0210409,0.462235,0.471442,0.443069,0.504256,0.316181,0.403515,0.324192,0.306654,0.084428,0.371161,0.463387,0.43105,0.414208,0.453959,0.50335,0.495399,0.500141,0.44414,0.245479,0.284496,0.209035,0.474279,0.514043,0.513074,0.371593,0.180015,0.513476,0.0902092,0.411138,0.175206,0.404719,0.206218,0.226937,0.316237,0.214041,0.442633,0.380574,0.392199,-0.0216728,0.202169,0.390667,0.397673,0.178023,0.318251
0.406841,0.398983,0.399684,0.282734,0.0171314,0.106843,0.145552,0.200717,0.154711,0.312989,0.336826,0.394696,0.295481,0.392967,0.0799328,0.345001,0.316926,0.486493,0.404867,0.392002,0.493593,0.313318,0.3251,0.449272,0.238581,0.49216,0.426805,0.309936,0.237018,0.190382,1,0.384903,0.462963,0.480888,0.304985,0.105513,0.327483,0.370085,0.516512,0.564368,0.408101,0.472662,0.404731,0.426051,0.477796,0.3975,0.32675,0.393129,-0.0480069,0.205796,0.137487,0.315302,0.351075,0.307342,0.365619,0.329536,0.294625,0.355001,0.417397,0.109329,0.129456,0.30645,0.473765,0.417265,0.528955,0.130975,0.33572,0.493412,0.25609,0.174039,0.423404,0.515715,0.162445,0.513,0.259201,0.382628,0.571772,0.221384,0.244218,0.224233,0.30737,0.424981,0.307998,0.139894,0.371542
0.474057,0.527756,0.543135,0.598274,0.363239,0.385271,0.226997,0.0727207,0.299996,0.453402,0.603508,0.411228,0.45559,0.502123,0.409117,0.594698,0.474179,0.652145,0.523696,0.550884,0.61817,0.47161,0.437318,0.588106,0.336642,0.459083,0.508288,0.366461,0.332034,0.445159,0.384903,1,0.568704,0.599001,0.38631,0.048569,0.257101,0.303938,0.560824,0.673402,0.197096,0.384448,0.567934,0.535366,0.590365,0.558174,0.515002,0.511705,0.259408,0.0967753,0.193797,0.560702,0.639786,0.549443,0.559722,0.594394,0.398293,0.629221,0.646005,0.435819,0.372735,0.387349,0.505795,0.655628,0.687924,0.367924,0.349262,0.53985,0.265004,0.490307,0.23014,0.498924,0.349561,0.490576,0.212003,0.517226,0.538101,0.395675,0.317262,0.100918,0.262863,0.594935,0.597942,0.0842752,0.345919
0.843196,0.807404,0.865778,0.761344,0.462252,0.464936,0.483243,0.401584,0.238092,0.681901,0.780384,0.698892,0.730164,0.813519,0.528762,0.764509,0.798407,0.507583,0.842233,0.836213,0.916336,0.545841,0.543658,0.890827,0.427576,0.756169,0.828971,0.513702,0.383453,0.522954,0.462963,0.568704,1,0.781012,0.528286,0.164946,0.145242,0.460192,0.845156,0.729828,0.499181,0.649539,0.864272,0.896142,0.886536,0.785902,0.625172,0.534639,0.345415,0.318974,0.481669,0.739801,0.7808,0.756667,0.827758,0.803385,0.570389,0.790817,0.815677,0.481779,0.474134,0.626219,0.735422,0.822451,0.838941,0.536067,0.597239,0.861587,0.405988,0.662946,0.657208,0.580917,0.488213,0.514842,0.592835,0.701897,0.808653,0.596582,0.48324,0.395418,0.496305,0.808985,0.685664,0.260484,0.722822
0.730312,0.718667,0.823888,0.697534,0.418615,0.637641,0.622073,0.355638,0.344549,0.640005,0.635026,0.644921,0.648694,0.727687,0.488954,0.824661,0.667691,0.473108,0.787476,0.7613,0.85886,0.538414,0.571882,0.788185,0.333071,0.649953,0.67999,0.502549,0.445975,0.45011,0.480888,0.599001,0.781012,1,0.598236,0.163636,0.25591,0.364657,0.870401,0.824955,0.317989,0.67768,0.765219,0.732034,0.823144,0.835196,0.592005,0.651375,0.218383,0.344841,0.530557,0.712522,0.751098,0.652565,0.647402,0.727759,0.575187,0.753377,0.812474,0.402336,0.425971,0.603744,0.741272,0.769274,0.846788,0.577443,0.59684,0.839418,0.345623,0.699134,0.556188,0.661887,0.504041,0.427618,0.508574,0.773078,0.732072,0.600391,0.559599,0.200919,0.449271,0.792436,0.729551,0.104847,0.556443
0.578003,0.520224,0.561649,0.545947,0.381905,0.599786,0.420405,0.29106,0.13603,0.405526,0.534204,0.63597,0.626874,0.626194,0.333174,0.633936,0.584037,0.422746,0.51845,0.59555,0.585952,0.421667,0.572351,0.595193,0.40041,0.570243,0.58762,0.329582,0.263416,0.297034,0.304985,0.38631,0.528286,0.598236,1,-0.0337869,0.114702,0.137252,0.525208,0.588804,0.315969,0.604584,0.561904,0.545395,0.56177,0.637101,0.385432,0.349027,-0.0662293,0.0602044,0.365014,0.580646,0.557313,0.52756,0.582918,0.584379,0.318019,0.607803,0.59375,0.229659,0.441202,0.452245,0.491221,0.596237,0.606523,0.516435,0.549395,0.621011,0.267175,0.530633,0.493998,0.493259,0.430569,0.46771,0.345519,0.451499,0.415989,0.410146,0.472601,-0.0349852,0.409934,0.537423,0.606942,0.143748,0.506514
0.175379,0.0621757,0.127205,0.148782,-0.00497601,0.154085,0.379781,0.161744,-0.00791981,0.0417999,0.144706,-0.0369543,0.0499852,0.109171,0.116165,0.140957,0.0369019,0.0327939,0.152788,0.152805,0.259146,0.310522,0.160005,0.185378,-0.153883,0.0897333,0.237394,-0.106589,0.307051,0.0379542,0.105513,0.048569,0.164946,0.163636,-0.0337869,1,-0.0668242,-0.170591,0.131672,0.0900046,-0.124228,0.0358761,0.198017,0.164972,0.161681,0.045262,0.015305,0.218049,0.214399,0.221283,0.0896243,0.132564,0.0903397,0.0845657,0.0528329,0.16274,0.00696334,0.0866985,0.0458957,-0.0846933,-0.107521,0.0756074,0.186771,0.100862,0.132961,-0.0793093,-0.0125757,0.0675781,0.11387,0.0490137,-0.0687277,0.130469,0.0749683,0.0974466,0.239234,0.214785,0.172933,0.30279,0.0956841,0.203959,0.307703,0.224098,0.217751,-0.124044,0.126517
0.344513,0.302813,0.379385,0.367034,0.00961734,0.10714,0.231647,0.161887,0.0717026,0.155527,0.230036,0.289332,0.411819,0.118508,0.0542768,0.22463,0.28247,0.303823,0.214666,0.0167815,0.219093,0.192874,0.300607,0.274457,0.179688,0.311159,0.312008,0.320616,0.101746,-0.206334,0.327483,0.257101,0.145242,0.25591,0.114702,-0.0668242,1,0.326181,0.316093,0.237419,0.143009,0.227189,0.238707,0.230223,0.298848,0.40993,0.135001,0.474135,0.0415373,0.268147,0.206948,0.355612,0.412373,0.396814,0.318568,0.247702,0.0431558,0.252475,0.341113,0.202365,0.0617947,0.423954,0.169045,0.28681,0.295173,0.337068,0.427338,0.354956,0.362072,0.318314,0.233298,0.0775063,0.108955,0.292267,0.049108,0.21664,0.0880792,0.158517,0.202618,0.0420897,0.0493089,0.341921,0.383775,0.0562473,0.201765
0.444322,0.498625,0.45392,0.323971,0.0401164,0.0891565,0.11152,0.205605,-0.0740416,0.322005,0.39155,0.41686,0.394758,0.293702,0.0741701,0.279843,0.319854,0.31727,0.432535,0.286604,0.337036,0.198491,0.267743,0.427343,0.0786471,0.475239,0.420984,0.166678,0.0613749,0.15329,0.370085,0.303938,0.460192,0.364657,0.137252,-0.170591,0.326181,1,0.509441,0.532566,0.491643,0.249839,0.452143,0.463828,0.487529,0.403001,0.258918,0.434216,-0.0787416,0.311619,0.228945,0.459792,0.404567,0.441217,0.486638,0.377114,0.105621,0.43802,0.465357,0.396704,0.120061,0.380962,0.376993,0.382467,0.395647,0.180477,0.34078,0.403068,0.201065,0.319805,0.375203,0.0281558,0.173429,0.365218,0.142132,0.239592,0.424658,0.138348,0.093959,0.0141323,0.19472,0.384695,0.310579,0.0620205,0.358315
0.857631,0.871481,0.923134,0.761517,0.500735,0.548405,0.556788,0.505975,0.335466,0.675646,0.780565,0.73479,0.760418,0.796652,0.53114,0.859743,0.794808,0.526164,0.880457,0.783763,0.873921,0.481092,0.710177,0.867612,0.448814,0.750931,0.77284,0.606985,0.523657,0.538321,0.516512,0.560824,0.845156,0.870401,0.525208,0.131672,0.316093,0.509441,1,0.848392,0.373846,0.709404,0.860632,0.852972,0.924874,0.837749,0.667492,0.787475,0.388563,0.380121,0.633846,0.783822,0.830667,0.771357,0.785047,0.828096,0.671717,0.87175,0.887945,0.453065,0.443982,0.62185,0.820173,0.862482,0.907276,0.641005,0.602933,0.887317,0.409317,0.749049,0.700533,0.667875,0.551563,0.476029,0.491505,0.726273,0.791546,0.617266,0.590125,0.30916,0.443527,0.882764,0.735918,0.234125,0.659006
0.694818,0.73819,0.7538,0.601672,0.340724,0.482573,0.485393,0.321271,0.231342,0.529059,0.686051,0.658524,0.640369,0.695073,0.37077,0.779984,0.616752,0.555884,0.747682,0.767741,0.77344,0.479084,0.614708,0.762835,0.375925,0.685834,0.677597,0.403039,0.497625,0.500018,0.564368,0.673402,0.729828,0.824955,0.588804,0.0900046,0.237419,0.532566,0.848392,1,0.380035,0.624776,0.716554,0.723116,0.79496,0.750351,0.641343,0.698935,0.119306,0.443813,0.53068,0.753422,0.73346,0.617713,0.670416,0.750335,0.558567,0.812305,0.82874,0.52902,0.537277,0.571433,0.684561,0.814338,0.834119,0.601399,0.470708,0.762396,0.264957,0.670402,0.511059,0.668038,0.527054,0.558561,0.359455,0.65096,0.702684,0.566799,0.559915,0.178584,0.406338,0.769268,0.74057,0.12234,0.590519
0.497458,0.471937,0.438956,0.47086,0.186863,0.21067,0.340588,0.468207,0.00326702,0.397124,0.391643,0.673894,0.509611,0.562189,0.151691,0.207494,0.5143,0.390055,0.392521,0.44845,0.414271,0.265853,0.292747,0.559078,0.268488,0.371397,0.576268,0.348203,0.0831132,0.0210409,0.408101,0.197096,0.499181,0.317989,0.315969,-0.124228,0.143009,0.491643,0.373846,0.380035,1,0.451432,0.500722,0.587493,0.490604,0.372728,0.222903,0.124371,-0.099121,0.187374,0.211388,0.514322,0.455422,0.523918,0.574041,0.373147,0.0881333,0.414616,0.477898,0.348362,0.425926,0.326885,0.284806,0.42201,0.423378,0.232455,0.555527,0.425642,0.396783,0.246438,0.579386,0.230838,0.196027,0.243149,0.326356,0.402187,0.253942,0.160167,0.22783,0.324473,0.347534,0.342269,0.341719,0.419253,0.394239
0.673988,0.637729,0.683819,0.609764,0.552406,0.434322,0.426081,0.360273,0.33229,0.630989,0.676842,0.710138,0.66813,0.712907,0.339051,0.731145,0.690695,0.481048,0.612406,0.585526,0.712108,0.339223,0.469969,0.693307,0.450945,0.506774,0.628042,0.58699,0.376386,0.462235,0.472662,0.384448,0.649539,0.67768,0.604584,0.0358761,0.227189,0.249839,0.709404,0.624776,0.451432,1,0.588526,0.640555,0.66167,0.558144,0.432917,0.433202,0.210888,0.295261,0.454158,0.684545,0.66462,0.680526,0.670199,0.666059,0.468038,0.678912,0.693066,0.279012,0.4418,0.512477,0.657716,0.753674,0.744709,0.588982,0.598442,0.723381,0.460871,0.552171,0.611208,0.515682,0.496642,0.311043,0.351446,0.587758,0.555018,0.403902,0.462658,0.202548,0.344884,0.653713,0.65813,0.466973,0.478767
0.901521,0.849594,0.920796,0.858523,0.457757,0.700058,0.554312,0.445889,0.304244,0.670747,0.804997,0.779162,0.814278,0.882959,0.679938,0.776227,0.867833,0.603553,0.905075,0.813402,0.843127,0.631896,0.713728,0.915413,0.364424,0.748346,0.894726,0.578445,0.506968,0.471442,0.404731,0.567934,0.864272,0.765219,0.561904,0.198017,0.238707,0.452143,0.860632,0.716554,0.500722,0.588526,1,0.952771,0.945547,0.824782,0.660369,0.684228,0.468772,0.350328,0.552802,0.759696,0.866603,0.841293,0.880718,0.866555,0.634648,0.838355,0.868049,0.464318,0.448402,0.595403,0.715651,0.813923,0.841281,0.521616,0.63934,0.838002,0.446852,0.76089,0.704925,0.585802,0.505597,0.470116,0.646728,0.729157,0.684804,0.561949,0.493515,0.37776,0.533279,0.834443,0.744805,0.248226,0.664456
0.911802,0.866166,0.918911,0.84747,0.482605,0.604461,0.570144,0.498105,0.214565,0.651374,0.80669,0.827642,0.841556,0.906132,0.582398,0.764246,0.892617,0.591596,0.863844,0.838657,0.844151,0.616133,0.66178,0.942254,0.420094,0.770559,0.922923,0.568266,0.476571,0.443069,0.426051,0.535366,0.896142,0.732034,0.545395,0.164972,0.230223,0.463828,0.852972,0.723116,0.587493,0.640555,0.952771,1,0.932466,0.806034,0.618285,0.581329,0.386634,0.355665,0.555106,0.800208,0.851931,0.858624,0.922717,0.86604,0.606362,0.861114,0.880455,0.51621,0.491973,0.619539,0.723581,0.83303,0.833858,0.563704,0.688944,0.854242,0.453212,0.718399,0.759607,0.561642,0.520481,0.464923,0.65998,0.700885,0.663304,0.550928,0.444098,0.42608,0.582633,0.823376,0.719031,0.355834,0.673388
0.90271,0.920165,0.953948,0.850186,0.474752,0.625828,0.538972,0.425724,0.283691,0.73099,0.856652,0.819568,0.863496,0.87326,0.57794,0.860879,0.89011,0.605576,0.897173,0.857549,0.89672,0.571706,0.719822,0.946221,0.476707,0.792552,0.882486,0.621872,0.515925,0.504256,0.477796,0.590365,0.886536,0.823144,0.56177,0.161681,0.298848,0.487529,0.924874,0.79496,0.490604,0.66167,0.945547,0.932466,1,0.86117,0.696883,0.704007,0.437802,0.432917,0.555223,0.849133,0.878608,0.859447,0.890326,0.885901,0.650439,0.906539,0.892052,0.467943,0.49356,0.646251,0.794564,0.883761,0.921059,0.614121,0.664622,0.930985,0.4795,0.816046,0.71361,0.628373,0.471921,0.547051,0.561246,0.757676,0.766277,0.660638,0.54093,0.352027,0.512923,0.847947,0.743315,0.275784,0.690998
0.840294,0.782989,0.88102,0.799496,0.467418,0.647831,0.572186,0.53443,0.202558,0.604587,0.719448,0.732795,0.79535,0.78666,0.538627,0.793074,0.766362,0.581006,0.815983,0.792597,0.828877,0.63327,0.67687,0.853413,0.466362,0.721584,0.760757,0.604045,0.411179,0.316181,0.3975,0.558174,0.785902,0.835196,0.637101,0.045262,0.40993,0.403001,0.837749,0.750351,0.372728,0.558144,0.824782,0.806034,0.86117,1,0.658602,0.668999,0.334233,0.277792,0.597041,0.775303,0.845678,0.757808,0.780252,0.811476,0.567766,0.814096,0.872241,0.531691,0.499449,0.627601,0.711298,0.778019,0.836639,0.597268,0.699267,0.855082,0.449209,0.735358,0.615787,0.629326,0.518275,0.519228,0.443477,0.769395,0.680789,0.525731,0.47377,0.195139,0.453011,0.855373,0.718264,0.173624,0.625332
0.668938,0.651537,0.704473,0.59635,0.46969,0.556288,0.304455,0.235695,0.452012,0.553354,0.678846,0.497029,0.560566,0.672056,0.559431,0.668814,0.62044,0.505182,0.725553,0.705818,0.687864,0.423552,0.545655,0.693082,0.439626,0.614597,0.558103,0.616741,0.518228,0.403515,0.32675,0.515002,0.625172,0.592005,0.385432,0.015305,0.135001,0.258918,0.667492,0.641343,0.222903,0.432917,0.660369,0.618285,0.696883,0.658602,1,0.57617,0.412502,0.368318,0.389282,0.546347,0.623171,0.644835,0.616541,0.686718,0.76061,0.670877,0.679958,0.372967,0.489803,0.56114,0.542017,0.703573,0.713194,0.508726,0.297771,0.70698,0.317327,0.75702,0.500257,0.553439,0.395903,0.414913,0.293497,0.637191,0.62785,0.429596,0.51,0.374442,0.269213,0.677736,0.519222,0.193273,0.612297
0.678346,0.65111,0.713392,0.548726,0.282389,0.495229,0.39665,0.41846,0.251001,0.476945,0.613517,0.438598,0.57793,0.485263,0.479657,0.665317,0.524225,0.383234,0.706752,0.488534,0.614549,0.416626,0.670021,0.601705,0.340924,0.614029,0.592468,0.443422,0.499246,0.324192,0.393129,0.511705,0.534639,0.651375,0.349027,0.218049,0.474135,0.434216,0.787475,0.698935,0.124371,0.433202,0.684228,0.581329,0.704007,0.668999,0.57617,1,0.411335,0.448359,0.574157,0.587915,0.733079,0.581995,0.533685,0.680127,0.573921,0.692592,0.713478,0.437252,0.349537,0.617454,0.556635,0.652305,0.682641,0.550343,0.469132,0.645106,0.394229,0.690056,0.461993,0.46286,0.487754,0.516075,0.246141,0.539924,0.615639,0.548307,0.534945,0.274487,0.171151,0.779544,0.653633,0.0459841,0.520054
0.381919,0.391733,0.422513,0.474973,0.505363,0.372699,0.150444,0.208804,0.332521,0.392561,0.500596,0.217688,0.330489,0.368181,0.54639,0.38701,0.45643,0.284736,0.439711,0.2952,0.374729,0.322775,0.351299,0.405299,0.267564,0.202148,0.308214,0.457958,0.378705,0.306654,-0.0480069,0.259408,0.345415,0.218383,-0.0662293,0.214399,0.0415373,-0.0787416,0.388563,0.119306,-0.099121,0.210888,0.468772,0.386634,0.437802,0.334233,0.412502,0.411335,1,0.0916579,0.38704,0.22824,0.431255,0.384865,0.333875,0.430426,0.453311,0.377632,0.335348,0.278613,0.105068,0.138966,0.413379,0.352657,0.40954,0.135834,0.171548,0.32337,0.213551,0.417181,0.220319,0.34885,0.265083,0.0312149,0.251716,0.471325,0.364044,0.204118,0.0465252,0.307276,0.0539804,0.45247,0.304458,0.282085,0.0798138
0.474385,0.42841,0.449168,0.175535,-0.117936,0.215264,0.318215,0.0453175,-0.0681194,0.243245,0.340252,0.342459,0.42668,0.236554,0.10742,0.386494,0.314077,0.13772,0.483968,0.305861,0.355658,0.129745,0.303893,0.395771,0.134727,0.310205,0.377203,0.0739271,0.490964,0.084428,0.205796,0.0967753,0.318974,0.344841,0.0602044,0.221283,0.268147,0.311619,0.380121,0.443813,0.187374,0.295261,0.350328,0.355665,0.432917,0.277792,0.368318,0.448359,0.0916579,1,0.287801,0.470463,0.409246,0.370127,0.361701,0.415277,0.341906,0.359854,0.389203,0.264657,0.339108,0.604232,0.154691,0.443227,0.325089,0.515325,0.23768,0.440184,0.33165,0.51809,0.324569,0.0289014,0.29548,0.327576,0.202681,0.368866,0.276183,0.482948,0.378047,0.295985,0.0448272,0.386734,0.463134,0.0625087,0.450656
0.545725,0.55024,0.583101,0.437122,0.289988,0.49955,0.447654,0.478285,0.215453,0.496017,0.509245,0.47833,0.54906,0.562926,0.559808,0.532013,0.487229,0.25578,0.582001,0.417769,0.424658,0.259087,0.515306,0.541841,0.111666,0.434977,0.540879,0.429141,0.48206,0.371161,0.137487,0.193797,0.481669,0.530557,0.365014,0.0896243,0.206948,0.228945,0.633846,0.53068,0.211388,0.454158,0.552802,0.555106,0.555223,0.597041,0.389282,0.574157,0.38704,0.287801,1,0.519665,0.611877,0.469577,0.493616,0.594044,0.410457,0.490777,0.559918,0.580001,0.397097,0.550632,0.434327,0.459748,0.460976,0.495074,0.534906,0.532692,0.14467,0.590298,0.364246,0.386421,0.452288,0.113605,0.444832,0.515851,0.319171,0.350319,0.263827,0.141993,0.185454,0.580343,0.510632,0.177988,0.286997
0.853773,0.884516,0.840189,0.795762,0.394154,0.563292,0.635401,0.406817,0.155014,0.644365,0.837679,0.87655,0.917063,0.806868,0.404215,0.775982,0.811626,0.5954,0.738923,0.716732,0.764506,0.509842,0.732889,0.866957,0.478509,0.673178,0.804793,0.52274,0.513884,0.463387,0.315302,0.560702,0.739801,0.712522,0.580646,0.132564,0.355612,0.459792,0.783822,0.753422,0.514322,0.684545,0.759696,0.800208,0.849133,0.775303,0.546347,0.587915,0.22824,0.470463,0.519665,1,0.860635,0.868271,0.863251,0.800813,0.446536,0.855824,0.860427,0.555483,0.624631,0.659945,0.640668,0.860894,0.808803,0.767458,0.68905,0.850867,0.621843,0.723928,0.582982,0.454677,0.492943,0.545555,0.392057,0.653373,0.528116,0.629212,0.559434,0.187225,0.478547,0.771272,0.79746,0.366596,0.650059
0.880068,0.852012,0.881151,0.820775,0.444215,0.652968,0.597849,0.455689,0.218526,0.657401,0.813166,0.797905,0.865484,0.802395,0.643084,0.78003,0.82487,0.581151,0.82365,0.725164,0.811424,0.623464,0.72693,0.891006,0.499421,0.708556,0.834757,0.619165,0.432451,0.43105,0.351075,0.639786,0.7808,0.751098,0.557313,0.0903397,0.412373,0.404567,0.830667,0.73346,0.455422,0.66462,0.866603,0.851931,0.878608,0.845678,0.623171,0.733079,0.431255,0.409246,0.611877,0.860635,1,0.844851,0.855317,0.890324,0.593333,0.855179,0.927165,0.658398,0.573748,0.667177,0.691244,0.842351,0.830042,0.706221,0.715223,0.851617,0.614802,0.782741,0.606464,0.519886,0.568429,0.483698,0.460521,0.710746,0.608772,0.566461,0.513658,0.300391,0.49672,0.892206,0.825714,0.30623,0.636489
