1,0.849677,0.921531,0.778971,0.668889,0.795637,0.708946,0.740231,0.821637,0.765589,0.835271,0.538633,0.838254,0.914072,0.80456,0.804835,0.866777,0.799837,0.680562,0.921398,0.918441,0.452331,0.834012,0.803851,0.737465,0.660592,0.761546,0.712272,0.414731,0.419564,0.58664,0.763554,0.754381,0.568898,0.520524,-0.0137513,0.400398,0.671383,0.848223,0.78903,0.450604,0.798909,0.904576,0.766234,0.913499,0.869669,0.742325,0.748905,0.637176,0.709068,0.633784,0.798146,0.842374,0.671361,0.803815,0.893295,0.818089,0.606473,0.820562,0.449025,0.580896,0.718829,0.772982,0.870839,0.865107,0.760892,0.807397,0.817122,0.673555,0.73716,0.813346,0.752599,0.462342,0.397365,0.616679,0.680736,0.730828,0.315532,0.147699,0.314879,0.6109,0.866691,0.825499,0.51708,0.660666
0.849677,1,0.702393,0.570759,0.368707,0.613246,0.726427,0.57549,0.682966,0.646192,0.722393,0.454916,0.791105,0.894078,0.614405,0.857476,0.837007,0.701633,0.518022,0.82553,0.738331,0.417953,0.692484,0.583519,0.6065,0.462989,0.631279,0.479253,0.264817,0.349558,0.349876,0.53991,0.548598,0.320029,0.31237,-0.129406,0.102444,0.493685,0.669309,0.640249,0.395402,0.658254,0.825455,0.886716,0.759269,0.741536,0.614125,0.57262,0.622479,0.664543,0.377329,0.762099,0.744669,0.534877,0.791479,0.891305,0.694848,0.831811,0.836223,0.29711,0.556452,0.551232,0.53606,0.684256,0.654692,0.548485,0.656878,0.596898,0.521956,0.522865,0.639876,0.576164,0.338176,0.171132,0.403361,0.494081,0.479115,0.142089,-0.0646591,0.0886511,0.401056,0.646655,0.621006,0.333074,0.494798
0.921531,0.702393,1,0.862532,0.808003,0.811892,0.675174,0.718088,0.856895,0.853865,0.86703,0.459228,0.761134,0.784876,0.781779,0.667173,0.772087,0.824253,0.704377,0.864153,0.887078,0.36495,0.843905,0.837038,0.654942,0.714882,0.686567,0.734942,0.54294,0.478378,0.604507,0.734764,0.735874,0.659757,0.602615,0.0690698,0.351137,0.59669,0.827926,0.772944,0.392275,0.785828,0.877618,0.667312,0.928018,0.876173,0.775371,0.76991,0.588974,0.683952,0.615685,0.777146,0.82567,0.585754,0.724989,0.778652,0.752909,0.411565,0.756051,0.55313,0.592306,0.700055,0.821637,0.85921,0.832719,0.759435,0.795436,0.86257,0.66086,0.780533,0.837907,0.740375,0.478235,0.393218,0.653729,0.75524,0.761295,0.489115,0.326153,0.417114,0.627713,0.847624,0.814512,0.523649,0.671806
0.778971,0.570759,0.862532,1,0.786326,0.697711,0.590733,0.651155,0.7295,0.796351,0.880297,0.51997,0.699073,0.591408,0.747082,0.465042,0.634686,0.709039,0.627823,0.712315,0.758379,0.35092,0.638889,0.80271,0.569108,0.715346,0.576908,0.624916,0.584272,0.428981,0.511932,0.653767,0.65738,0.724395,0.563613,0.154181,0.277147,0.532474,0.72433,0.581047,0.416336,0.713238,0.740842,0.520109,0.796083,0.726736,0.728793,0.694721,0.478227,0.51813,0.471644,0.665427,0.7487,0.621012,0.694527,0.644823,0.675271,0.2194,0.640152,0.64663,0.510294,0.523987,0.707402,0.721215,0.700199,0.672406,0.743889,0.776861,0.631924,0.729528,0.700561,0.68394,0.326807,0.311681,0.597187,0.683914,0.641169,0.608907,0.34556,0.378212,0.698637,0.732637,0.749693,0.391796,0.522771
0.668889,0.368707,0.808003,0.786326,1,0.727916,0.50016,0.631366,0.665086,0.752757,0.772558,0.45661,0.572447,0.461128,0.628991,0.411624,0.466465,0.586177,0.611561,0.661015,0.737067,0.317912,0.646969,0.802315,0.503211,0.77069,0.637163,0.65209,0.66005,0.362676,0.482137,0.675978,0.627758,0.684627,0.647505,0.327243,0.425343,0.418768,0.70446,0.658778,0.371122,0.562275,0.664172,0.354739,0.773292,0.719093,0.706501,0.782402,0.467307,0.532515,0.608363,0.688583,0.703005,0.574889,0.584959,0.520729,0.652674,0.0804005,0.55799,0.595252,0.408615,0.584984,0.698606,0.718592,0.738688,0.689164,0.674252,0.815561,0.689975,0.653994,0.774256,0.635539,0.33146,0.349473,0.618537,0.725264,0.656041,0.50062,0.491017,0.540864,0.610363,0.665917,0.69515,0.417731,0.542746
0.795637,0.613246,0.811892,0.697711,0.727916,1,0.691276,0.657723,0.743473,0.738162,0.766285,0.427326,0.767013,0.725052,0.762323,0.680308,0.704514,0.653613,0.546017,0.776164,0.809977,0.51968,0.750302,0.82666,0.669143,0.664518,0.773166,0.669783,0.575511,0.309018,0.507214,0.763076,0.749716,0.680119,0.530397,0.244025,0.524328,0.61894,0.740319,0.707468,0.306187,0.6268,0.750356,0.614485,0.826031,0.796246,0.738968,0.781575,0.5237,0.665793,0.709488,0.721644,0.833696,0.573392,0.679718,0.713633,0.771101,0.375425,0.702854,0.500798,0.598389,0.736605,0.713644,0.794004,0.768087,0.772889,0.69789,0.796382,0.69086,0.706612,0.786777,0.681782,0.432328,0.492177,0.677626,0.73327,0.683392,0.44668,0.349902,0.436583,0.633449,0.688216,0.748239,0.40393,0.68713
0.708946,0.726427,0.675174,0.590733,0.50016,0.691276,1,0.720629,0.628885,0.632964,0.692382,0.5476,0.81385,0.72269,0.625763,0.788535,0.782314,0.548825,0.583129,0.770063,0.72186,0.363698,0.71572,0.585137,0.486934,0.550051,0.572613,0.540141,0.546464,0.248166,0.451085,0.663873,0.684826,0.527768,0.440507,0.0448274,0.152895,0.519433,0.668377,0.717772,0.304206,0.527485,0.738814,0.725147,0.716821,0.626457,0.677159,0.642464,0.719829,0.572719,0.461406,0.620146,0.641845,0.546103,0.709649,0.792563,0.640078,0.554189,0.7327,0.428458,0.353627,0.585468,0.688947,0.748158,0.728363,0.681806,0.685715,0.668733,0.681133,0.650845,0.640516,0.580559,0.331226,0.196111,0.500449,0.645535,0.537117,0.14801,0.18068,0.167849,0.583046,0.706275,0.708782,0.353848,0.521822
0.740231,0.57549,0.718088,0.651155,0.631366,0.657723,0.720629,1,0.644065,0.616015,0.666076,0.645972,0.758654,0.646753,0.610895,0.601143,0.753361,0.600077,0.633152,0.780671,0.83268,0.470852,0.744895,0.713917,0.62865,0.743804,0.597279,0.60337,0.580481,0.335835,0.476674,0.642878,0.714299,0.65353,0.513725,0.244817,0.39796,0.621604,0.800849,0.742137,0.439797,0.601104,0.746458,0.560915,0.756467,0.575775,0.696597,0.697847,0.757799,0.65986,0.587998,0.615442,0.613831,0.685336,0.744773,0.726589,0.611063,0.379641,0.667828,0.465831,0.347135,0.664019,0.743503,0.771717,0.853469,0.67621,0.727513,0.730886,0.685981,0.715693,0.672475,0.659423,0.533807,0.452882,0.45645,0.611945,0.678727,0.234233,0.250157,0.446787,0.609843,0.8353,0.635241,0.611556,0.639556
0.821637,0.682966,0.856895,0.7295,0.665086,0.743473,0.628885,0.644065,1,0.806459,0.787954,0.44878,0.693871,0.772363,0.744155,0.672654,0.705268,0.864374,0.723158,0.834624,0.812756,0.430108,0.795535,0.756642,0.628904,0.608415,0.556245,0.510474,0.476258,0.362129,0.47293,0.668345,0.713778,0.572772,0.562612,0.0508396,0.395785,0.589335,0.820405,0.772028,0.40239,0.752672,0.850758,0.659002,0.861911,0.803119,0.793827,0.724744,0.554871,0.607315,0.522886,0.774485,0.785512,0.550109,0.691922,0.755672,0.671662,0.461192,0.758322,0.486433,0.531685,0.640157,0.788698,0.780733,0.775851,0.638053,0.782985,0.74853,0.613579,0.731164,0.710358,0.723277,0.444613,0.343243,0.515363,0.623653,0.789331,0.384808,0.207145,0.287454,0.583949,0.783052,0.715963,0.520059,0.582666
0.765589,0.646192,0.853865,0.796351,0.752757,0.738162,0.632964,0.616015,0.806459,1,0.885158,0.44176,0.676688,0.66471,0.673358,0.637326,0.6577,0.681496,0.59053,0.779078,0.766727,0.33016,0.704397,0.712019,0.417514,0.668397,0.591584,0.581983,0.602057,0.280465,0.423736,0.576531,0.6316,0.628688,0.531391,0.0222085,0.230159,0.55144,0.747103,0.642088,0.25457,0.673131,0.803829,0.699023,0.837378,0.772041,0.74597,0.746904,0.577949,0.593522,0.60821,0.779626,0.845028,0.566996,0.723887,0.669916,0.671517,0.432089,0.731517,0.53314,0.476031,0.696038,0.698768,0.751275,0.703541,0.54616,0.776843,0.78282,0.599822,0.683718,0.757143,0.628579,0.362559,0.260352,0.564049,0.684619,0.684309,0.440075,0.294182,0.318529,0.617568,0.69495,0.75632,0.432928,0.52499
0.835271,0.722393,0.86703,0.880297,0.772558,0.766285,0.692382,0.666076,0.787954,0.885158,1,0.627379,0.808199,0.719432,0.743022,0.645586,0.732169,0.705719,0.630194,0.825116,0.816294,0.383068,0.74989,0.792426,0.596577,0.756486,0.693331,0.659828,0.597147,0.397357,0.478779,0.627842,0.730568,0.70006,0.643188,0.121711,0.292728,0.648195,0.790403,0.690238,0.519197,0.738036,0.853049,0.699788,0.878917,0.815806,0.807433,0.745846,0.6093,0.647292,0.507784,0.817993,0.888583,0.705185,0.840126,0.745746,0.717148,0.430501,0.788702,0.574061,0.520632,0.632303,0.739124,0.81117,0.777348,0.617333,0.767687,0.810331,0.6769,0.741477,0.758995,0.706134,0.331591,0.247975,0.560915,0.691678,0.706696,0.486679,0.298781,0.364812,0.675645,0.771419,0.766497,0.408472,0.536526
0.538633,0.454916,0.459228,0.51997,0.45661,0.427326,0.5476,0.645972,0.44878,0.44176,0.627379,1,0.771197,0.411259,0.583677,0.436414,0.606397,0.285956,0.5762,0.557573,0.59962,0.29152,0.424986,0.461492,0.462542,0.614708,0.392387,0.360564,0.326516,0.282073,0.100465,0.480342,0.438151,0.481231,0.510404,0.252005,0.253036,0.433449,0.57379,0.450296,0.359435,0.420195,0.576543,0.422192,0.515512,0.328956,0.499606,0.466092,0.380402,0.332327,0.276524,0.428677,0.530917,0.741066,0.716874,0.507502,0.489535,0.238325,0.586361,0.129758,0.102813,0.423008,0.4638,0.551869,0.663339,0.469214,0.480769,0.491697,0.507329,0.570969,0.392627,0.477376,0.112215,0.0398749,0.21737,0.347093,0.424512,0.33033,0.0848902,0.148731,0.604826,0.567355,0.426301,0.225811,0.158638
0.838254,0.791105,0.761134,0.699073,0.572447,0.767013,0.81385,0.758654,0.693871,0.676688,0.808199,0.771197,1,0.797329,0.748021,0.735088,0.903119,0.636127,0.606201,0.815347,0.812239,0.418816,0.722314,0.672538,0.667268,0.651748,0.588468,0.561252,0.504052,0.316818,0.41671,0.712574,0.698807,0.585332,0.532772,0.0881331,0.270929,0.632059,0.751434,0.69616,0.355167,0.708401,0.803891,0.740516,0.778708,0.667958,0.67722,0.637926,0.58246,0.605501,0.461913,0.705746,0.789628,0.676816,0.831823,0.81986,0.737974,0.574544,0.847809,0.364077,0.466935,0.611398,0.663761,0.754254,0.782363,0.681937,0.688192,0.678761,0.672086,0.698692,0.661685,0.671333,0.437172,0.214662,0.539455,0.587801,0.57847,0.290507,0.124547,0.237809,0.616802,0.754629,0.710828,0.362709,0.479186
0.914072,0.894078,0.784876,0.591408,0.461128,0.725052,0.72269,0.646753,0.772363,0.66471,0.719432,0.411259,0.797329,1,0.742254,0.859169,0.869672,0.772843,0.562773,0.898858,0.853756,0.510099,0.779908,0.723185,0.730939,0.507679,0.7114,0.616045,0.318394,0.390435,0.554806,0.6535,0.759923,0.472759,0.428181,-0.0187186,0.336204,0.654245,0.762421,0.765874,0.393659,0.767369,0.884808,0.861962,0.837291,0.847117,0.707994,0.698411,0.616261,0.698117,0.533705,0.763584,0.784201,0.591089,0.784047,0.919139,0.765294,0.773269,0.796073,0.440279,0.661194,0.682456,0.659521,0.809511,0.782861,0.654962,0.702351,0.710811,0.597291,0.622463,0.729835,0.651556,0.491105,0.373053,0.579536,0.643668,0.643381,0.092695,0.0609066,0.25777,0.466908,0.789494,0.764862,0.474144,0.630995
0.80456,0.614405,0.781779,0.747082,0.628991,0.762323,0.625763,0.610895,0.744155,0.673358,0.743022,0.583677,0.748021,0.742254,1,0.685606,0.710417,0.670094,0.664418,0.813448,0.838394,0.55731,0.634304,0.831457,0.693211,0.619713,0.685459,0.664137,0.351139,0.526618,0.442165,0.731377,0.760895,0.717246,0.511969,0.288094,0.458652,0.583337,0.779151,0.679685,0.252352,0.645237,0.809365,0.601531,0.814729,0.765752,0.766275,0.793799,0.393518,0.518262,0.55579,0.663974,0.784683,0.747746,0.789217,0.726821,0.808463,0.367752,0.680286,0.503654,0.601467,0.724581,0.67079,0.825062,0.832395,0.748852,0.681597,0.789714,0.597194,0.742655,0.717868,0.680621,0.232955,0.438124,0.642255,0.766309,0.699269,0.470868,0.309749,0.353439,0.705225,0.719768,0.733635,0.281599,0.438099
0.804835,0.857476,0.667173,0.465042,0.411624,0.680308,0.788535,0.601143,0.672654,0.637326,0.645586,0.436414,0.735088,0.859169,0.685606,1,0.787828,0.643843,0.603655,0.857992,0.772871,0.497353,0.670463,0.564686,0.503646,0.436405,0.683259,0.574612,0.362708,0.268486,0.396538,0.542642,0.600182,0.394717,0.287555,-0.0627785,0.279245,0.564794,0.69679,0.760821,0.257322,0.552327,0.801701,0.852051,0.737539,0.713757,0.619727,0.644899,0.640625,0.603515,0.497209,0.695465,0.702339,0.560166,0.760391,0.85673,0.704706,0.801494,0.783177,0.298395,0.472646,0.661103,0.577966,0.783054,0.738043,0.591906,0.643299,0.615174,0.557595,0.496791,0.697603,0.556669,0.230847,0.266719,0.456002,0.577096,0.554956,0.0896771,0.0730522,0.117748,0.471919,0.675638,0.680564,0.368983,0.47877
0.866777,0.837007,0.772087,0.634686,0.466465,0.704514,0.782314,0.753361,0.705268,0.6577,0.732169,0.606397,0.903119,0.869672,0.710417,0.787828,1,0.71655,0.663237,0.84067,0.832456,0.521779,0.757583,0.652714,0.627724,0.562332,0.575538,0.559362,0.363506,0.374879,0.554764,0.684933,0.692351,0.502722,0.440877,-0.00700988,0.2526,0.670039,0.731138,0.72643,0.380149,0.662317,0.829644,0.831655,0.783799,0.716659,0.600225,0.647539,0.657337,0.651116,0.505887,0.709762,0.748268,0.612246,0.813806,0.871673,0.721558,0.699129,0.877869,0.3405,0.511993,0.650883,0.686054,0.789103,0.765176,0.691135,0.750932,0.66908,0.63513,0.639618,0.707822,0.675956,0.47094,0.335892,0.533903,0.575388,0.536124,0.162667,0.0721196,0.162667,0.543501,0.772109,0.718602,0.404491,0.515904
0.799837,0.701633,0.824253,0.709039,0.586177,0.653613,0.548825,0.600077,0.864374,0.681496,0.705719,0.285956,0.636127,0.772843,0.670094,0.643843,0.71655,1,0.685131,0.787456,0.758663,0.416683,0.711406,0.723864,0.610388,0.555514,0.562203,0.533581,0.433359,0.460104,0.558072,0.581618,0.642904,0.52991,0.469348,-0.0283969,0.242226,0.547608,0.731489,0.755641,0.449531,0.737884,0.795275,0.662521,0.795203,0.791572,0.730617,0.652584,0.557942,0.575497,0.390395,0.74053,0.675955,0.510315,0.667613,0.779233,0.598029,0.521834,0.72306,0.57016,0.670349,0.559012,0.677841,0.713706,0.663762,0.604014,0.677597,0.643305,0.549343,0.564478,0.679447,0.692325,0.485471,0.37412,0.493345,0.604335,0.704885,0.342103,0.204472,0.375469,0.484709,0.732624,0.6394,0.435625,0.561801
0.680562,0.518022,0.704377,0.627823,0.611561,0.546017,0.583129,0.633152,0.723158,0.59053,0.630194,0.5762,0.606201,0.562773,0.664418,0.603655,0.663237,0.685131,1,0.706989,0.758819,0.452959,0.586278,0.601426,0.379843,0.615583,0.44893,0.521708,0.300911,0.382612,0.331572,0.591549,0.52455,0.584439,0.40919,0.187409,0.360177,0.451522,0.674627,0.762384,0.377219,0.479462,0.735162,0.541906,0.663177,0.568194,0.611763,0.616755,0.526374,0.468702,0.33524,0.487701,0.483422,0.634523,0.643552,0.722075,0.497779,0.40055,0.671746,0.333743,0.279687,0.452747,0.722063,0.758755,0.764008,0.586562,0.609387,0.57987,0.579081,0.546582,0.579699,0.625014,0.116996,0.255883,0.345644,0.475295,0.57871,0.315952,0.257786,0.336219,0.634764,0.741452,0.629702,0.389585,0.437882
0.921398,0.82553,0.864153,0.712315,0.661015,0.776164,0.770063,0.780671,0.834624,0.779078,0.825116,0.557573,0.815347,0.898858,0.813448,0.857992,0.84067,0.787456,0.706989,1,0.939865,0.557674,0.856969,0.816338,0.697691,0.703617,0.780108,0.679078,0.499824,0.445379,0.569085,0.709994,0.829295,0.6581,0.573089,0.140054,0.433798,0.724274,0.914558,0.876685,0.444536,0.757691,0.938655,0.792119,0.920503,0.844532,0.836472,0.834805,0.698175,0.748869,0.629415,0.82292,0.837546,0.700357,0.856114,0.887852,0.82057,0.613639,0.833578,0.489025,0.61509,0.792882,0.737625,0.924401,0.910938,0.712283,0.820901,0.859855,0.733276,0.726447,0.852323,0.793126,0.433066,0.421148,0.578236,0.724786,0.74011,0.267262,0.142816,0.324352,0.633685,0.883049,0.817657,0.537274,0.662176
0.918441,0.738331,0.887078,0.758379,0.737067,0.809977,0.72186,0.83268,0.812756,0.766727,0.816294,0.59962,0.812239,0.853756,0.838394,0.772871,0.832456,0.758663,0.758819,0.939865,1,0.605883,0.813235,0.873541,0.686719,0.762054,0.770163,0.75213,0.470695,0.473706,0.566927,0.764684,0.814825,0.727833,0.597349,0.248012,0.516042,0.691227,0.878522,0.84087,0.415397,0.746392,0.924934,0.725331,0.929623,0.85538,0.808034,0.869041,0.683547,0.769683,0.667438,0.783337,0.813666,0.767477,0.854363,0.878215,0.820806,0.509575,0.799908,0.513001,0.57031,0.797532,0.794778,0.932659,0.952535,0.758907,0.81315,0.874098,0.737484,0.767923,0.833075,0.752918,0.405573,0.492892,0.657169,0.754258,0.784873,0.343782,0.294113,0.489992,0.669087,0.8875,0.814651,0.529048,0.699007
0.452331,0.417953,0.36495,0.35092,0.317912,0.51968,0.363698,0.470852,0.430108,0.33016,0.383068,0.29152,0.418816,0.510099,0.55731,0.497353,0.521779,0.416683,0.452959,0.557674,0.605883,1,0.455596,0.639123,0.384748,0.338217,0.458652,0.371472,0.148769,0.301496,0.367361,0.465147,0.544693,0.471457,0.123985,0.450467,0.590716,0.535764,0.522319,0.506485,0.286567,0.256447,0.539695,0.44915,0.54777,0.463828,0.460668,0.65009,0.438247,0.434411,0.480261,0.466789,0.507437,0.458374,0.568631,0.526807,0.570618,0.347514,0.508659,0.3021,0.421225,0.56893,0.476049,0.653506,0.579241,0.431421,0.556362,0.548066,0.56605,0.416184,0.538818,0.500296,0.159429,0.560019,0.422026,0.454495,0.335413,0.12035,0.242026,0.280948,0.3675,0.419665,0.463036,0.280482,0.449512
0.834012,0.692484,0.843905,0.638889,0.646969,0.750302,0.71572,0.744895,0.795535,0.704397,0.74989,0.424986,0.722314,0.779908,0.634304,0.670463,0.757583,0.711406,0.586278,0.856969,0.813235,0.455596,1,0.764417,0.654652,0.667558,0.670118,0.623329,0.529647,0.285435,0.600322,0.758497,0.81407,0.547771,0.540386,0.0954645,0.423585,0.694249,0.85855,0.824504,0.514212,0.706574,0.813482,0.631541,0.895839,0.767625,0.775967,0.746247,0.702178,0.749174,0.677243,0.794801,0.797893,0.512007,0.679463,0.77643,0.692769,0.456948,0.768291,0.466624,0.543309,0.726912,0.847977,0.828179,0.819773,0.712521,0.843073,0.842496,0.740443,0.792649,0.828303,0.787428,0.578109,0.483358,0.549908,0.658571,0.726658,0.265611,0.17623,0.295915,0.537742,0.824864,0.761024,0.637105,0.731855
0.803851,0.583519,0.837038,0.80271,0.802315,0.82666,0.585137,0.713917,0.756642,0.712019,0.792426,0.461492,0.672538,0.723185,0.831457,0.564686,0.652714,0.723864,0.601426,0.816338,0.873541,0.639123,0.764417,1,0.779861,0.777646,0.816793,0.705407,0.503208,0.527178,0.547226,0.766035,0.817558,0.722085,0.592276,0.417128,0.533553,0.583837,0.819631,0.71677,0.51406,0.676749,0.833224,0.563073,0.90895,0.87352,0.845801,0.906437,0.552201,0.691123,0.680574,0.78548,0.825735,0.728477,0.779896,0.73404,0.786603,0.283295,0.676133,0.651159,0.685374,0.752197,0.755402,0.848949,0.846488,0.79334,0.760941,0.920429,0.75355,0.754731,0.847496,0.711438,0.408779,0.589641,0.699192,0.823672,0.715373,0.465562,0.368045,0.543124,0.67012,0.764767,0.751079,0.43934,0.67636
0.737465,0.6065,0.654942,0.569108,0.503211,0.669143,0.486934,0.62865,0.628904,0.417514,0.596577,0.462542,0.667268,0.730939,0.693211,0.503646,0.627724,0.610388,0.379843,0.697691,0.686719,0.384748,0.654652,0.779861,1,0.60316,0.719834,0.480268,0.341608,0.520367,0.413098,0.615103,0.689639,0.448602,0.529298,0.27095,0.381492,0.444417,0.691967,0.586998,0.555463,0.664769,0.711345,0.520381,0.710273,0.704413,0.648003,0.624853,0.4415,0.608222,0.476481,0.638361,0.651598,0.588292,0.658365,0.666035,0.671216,0.377621,0.571064,0.407873,0.624674,0.528712,0.526255,0.636848,0.71529,0.728906,0.529799,0.683287,0.537197,0.615294,0.633394,0.604612,0.503946,0.42035,0.456542,0.610371,0.552129,0.219672,0.1234,0.334493,0.513716,0.673446,0.544872,0.439337,0.55545
0.660592,0.462989,0.714882,0.715346,0.77069,0.664518,0.550051,0.743804,0.608415,0.668397,0.756486,0.614708,0.651748,0.507679,0.619713,0.436405,0.562332,0.555514,0.615583,0.703617,0.762054,0.338217,0.667558,0.777646,0.60316,1,0.661702,0.611397,0.581068,0.322046,0.287573,0.624066,0.700812,0.726404,0.704881,0.38622,0.361246,0.512034,0.707762,0.649314,0.545874,0.682804,0.731457,0.439098,0.762719,0.669317,0.769122,0.748012,0.557704,0.69061,0.533659,0.685855,0.689731,0.763703,0.763683,0.646437,0.578818,0.186919,0.646186,0.526891,0.413123,0.59808,0.651123,0.713541,0.780487,0.635325,0.648655,0.782055,0.725631,0.668049,0.713764,0.687825,0.28418,0.361016,0.461386,0.617464,0.69795,0.439166,0.263767,0.594694,0.767429,0.735431,0.623333,0.386405,0.560256
0.761546,0.631279,0.686567,0.576908,0.637163,0.773166,0.572613,0.597279,0.556245,0.591584,0.693331,0.392387,0.588468,0.7114,0.685459,0.683259,0.575538,0.562203,0.44893,0.780108,0.770163,0.458652,0.670118,0.816793,0.719834,0.661702,1,0.686575,0.435394,0.415686,0.431918,0.656368,0.691755,0.527215,0.505669,0.218447,0.446457,0.507474,0.733736,0.664259,0.510209,0.531625,0.743997,0.608145,0.78836,0.813615,0.72221,0.774109,0.56841,0.680372,0.672175,0.739756,0.759949,0.717804,0.74008,0.702837,0.750494,0.422837,0.603455,0.459068,0.633063,0.712396,0.57202,0.76444,0.748727,0.690405,0.587287,0.791174,0.621378,0.572801,0.783277,0.558787,0.277745,0.488438,0.567916,0.735495,0.598875,0.341413,0.167604,0.426787,0.556932,0.667139,0.64375,0.401828,0.642924
0.712272,0.479253,0.734942,0.624916,0.65209,0.669783,0.540141,0.60337,0.510474,0.581983,0.659828,0.360564,0.561252,0.616045,0.664137,0.574612,0.559362,0.533581,0.521708,0.679078,0.75213,0.371472,0.623329,0.705407,0.480268,0.611397,0.686575,1,0.336101,0.396253,0.507681,0.565198,0.649481,0.645152,0.421777,0.231629,0.3721,0.541997,0.616079,0.646474,0.278094,0.563751,0.679178,0.497938,0.727682,0.71999,0.635341,0.635622,0.424145,0.627775,0.46156,0.49492,0.614588,0.597429,0.618978,0.616309,0.551632,0.265085,0.51304,0.568069,0.378617,0.626785,0.636662,0.724375,0.719406,0.606723,0.568252,0.694486,0.495789,0.533334,0.685124,0.444285,0.24799,0.4852,0.692793,0.650611,0.613675,0.348671,0.412798,0.519051,0.43556,0.713996,0.679727,0.372798,0.598893
0.414731,0.264817,0.54294,0.584272,0.66005,0.575511,0.546464,0.580481,0.476258,0.602057,0.597147,0.326516,0.504052,0.318394,0.351139,0.362708,0.363506,0.433359,0.300911,0.499824,0.470695,0.148769,0.529647,0.503208,0.341608,0.581068,0.435394,0.336101,1,0.084728,0.370586,0.387624,0.532878,0.589655,0.521994,0.0648552,0.244951,0.421119,0.588525,0.527598,0.22317,0.497895,0.460834,0.350729,0.540456,0.402241,0.550562,0.496324,0.541987,0.364801,0.426714,0.537758,0.541515,0.357077,0.455306,0.378268,0.44925,0.162404,0.47031,0.539966,0.350176,0.346739,0.521337,0.494551,0.474052,0.429815,0.477787,0.533366,0.502144,0.510483,0.592266,0.536239,0.415972,0.178366,0.416729,0.56528,0.463648,0.372493,0.26364,0.358451,0.530122,0.535942,0.507737,0.508702,0.458691
0.419564,0.349558,0.478378,0.428981,0.362676,0.309018,0.248166,0.335835,0.362129,0.280465,0.397357,0.282073,0.316818,0.390435,0.526618,0.268486,0.374879,0.460104,0.382612,0.445379,0.473706,0.301496,0.285435,0.527178,0.520367,0.322046,0.415686,0.396253,0.084728,1,0.268195,0.242323,0.286459,0.328537,0.352337,0.346626,0.150833,0.102792,0.351854,0.303717,0.224529,0.379126,0.488022,0.37165,0.459071,0.458243,0.336296,0.492975,0.291167,0.417039,0.157106,0.332815,0.299529,0.358534,0.446322,0.348073,0.365557,0.0916851,0.270376,0.325797,0.482772,0.320189,0.263134,0.456917,0.440103,0.446083,0.314214,0.444361,0.237678,0.412111,0.346992,0.391258,0.128778,0.148394,0.229595,0.431118,0.338656,0.310477,0.399729,0.272156,0.234957,0.363159,0.227384,0.14035,0.240068
0.58664,0.349876,0.604507,0.511932,0.482137,0.507214,0.451085,0.476674,0.47293,0.423736,0.478779,0.100465,0.41671,0.554806,0.442165,0.396538,0.554764,0.558072,0.331572,0.569085,0.566927,0.367361,0.600322,0.547226,0.413098,0.287573,0.431918,0.507681,0.370586,0.268195,1,0.49869,0.657457,0.476552,0.401844,-0.00213428,0.355335,0.686848,0.526365,0.559113,0.321681,0.397209,0.447433,0.328276,0.550324,0.583519,0.472946,0.543412,0.454214,0.359169,0.537813,0.479205,0.478345,0.234359,0.32085,0.455773,0.537715,0.181028,0.394624,0.473907,0.456656,0.570547,0.50378,0.579653,0.501773,0.550935,0.631717,0.613349,0.528413,0.465472,0.610387,0.582751,0.538809,0.463552,0.528924,0.576925,0.472781,0.0631691,0.239099,0.207504,0.258791,0.553938,0.608894,0.355609,0.44909
0.763554,0.53991,0.734764,0.653767,0.675978,0.763076,0.663873,0.642878,0.668345,0.576531,0.627842,0.480342,0.712574,0.6535,0.731377,0.542642,0.684933,0.581618,0.591549,0.709994,0.764684,0.465147,0.758497,0.766035,0.615103,0.624066,0.656368,0.565198,0.387624,0.242323,0.49869,1,0.745623,0.552251,0.530365,0.145047,0.434853,0.551621,0.758431,0.665623,0.31496,0.568748,0.663689,0.448438,0.764702,0.704477,0.664268,0.742381,0.518116,0.576692,0.710543,0.676036,0.711015,0.622767,0.61416,0.689297,0.752073,0.263981,0.669614,0.366295,0.489097,0.674544,0.748679,0.742834,0.760416,0.78777,0.753302,0.793182,0.741148,0.727124,0.726037,0.695576,0.425115,0.44455,0.711518,0.716096,0.642649,0.333105,0.142193,0.274492,0.632937,0.688588,0.755359,0.327731,0.579739
0.754381,0.548598,0.735874,0.65738,0.627758,0.749716,0.684826,0.714299,0.713778,0.6316,0.730568,0.438151,0.698807,0.759923,0.760895,0.600182,0.692351,0.642904,0.52455,0.829295,0.814825,0.544693,0.81407,0.817558,0.689639,0.700812,0.691755,0.649481,0.532878,0.286459,0.657457,0.745623,1,0.776477,0.655101,0.244509,0.546124,0.79806,0.825071,0.799676,0.467216,0.709135,0.785686,0.559131,0.825574,0.760466,0.850954,0.808006,0.610119,0.649245,0.622805,0.712007,0.768468,0.662134,0.725327,0.725468,0.74219,0.341717,0.677871,0.644482,0.5538,0.728298,0.747622,0.844031,0.83096,0.634578,0.740424,0.844541,0.731661,0.77033,0.776234,0.776755,0.47985,0.471346,0.647578,0.765764,0.760007,0.22564,0.195053,0.453641,0.653622,0.825018,0.788009,0.520179,0.636007
0.568898,0.320029,0.659757,0.724395,0.684627,0.680119,0.527768,0.65353,0.572772,0.628688,0.70006,0.481231,0.585332,0.472759,0.717246,0.394717,0.502722,0.52991,0.584439,0.6581,0.727833,0.471457,0.547771,0.722085,0.448602,0.726404,0.527215,0.645152,0.589655,0.328537,0.476552,0.552251,0.776477,1,0.661791,0.378022,0.513404,0.658386,0.715413,0.650296,0.21633,0.562901,0.656939,0.385084,0.678136,0.563052,0.773153,0.70866,0.461071,0.478114,0.45978,0.489252,0.604705,0.693983,0.652888,0.540141,0.580687,0.108153,0.509249,0.661788,0.450291,0.582801,0.606004,0.732123,0.735935,0.517561,0.577247,0.697597,0.522412,0.700905,0.621484,0.700751,0.297287,0.401208,0.592324,0.721833,0.683101,0.495489,0.420524,0.681033,0.746312,0.721417,0.676682,0.392343,0.553284
0.520524,0.31237,0.602615,0.563613,0.647505,0.530397,0.440507,0.513725,0.562612,0.531391,0.643188,0.510404,0.532772,0.428181,0.511969,0.287555,0.440877,0.469348,0.40919,0.573089,0.597349,0.123985,0.540386,0.592276,0.529298,0.704881,0.505669,0.421777,0.521994,0.352337,0.401844,0.530365,0.655101,0.661791,1,0.127508,0.298093,0.464734,0.611709,0.467876,0.29861,0.608494,0.601109,0.341964,0.601186,0.573218,0.661671,0.617497,0.407188,0.532466,0.391765,0.568408,0.572489,0.604751,0.576145,0.431873,0.5778,0.0606832,0.463014,0.437774,0.411797,0.456355,0.4337,0.572508,0.604488,0.46311,0.459849,0.639655,0.423194,0.634874,0.551997,0.633325,0.329041,0.13581,0.404852,0.61795,0.622575,0.447893,0.110721,0.432054,0.648856,0.58214,0.457808,0.337796,0.403282
-0.0137513,-0.129406,0.0690698,0.154181,0.327243,0.244025,0.0448274,0.244817,0.0508396,0.0222085,0.121711,0.252005,0.0881331,-0.0187186,0.288094,-0.0627785,-0.00700988,-0.0283969,0.187409,0.140054,0.248012,0.450467,0.0954645,0.417128,0.27095,0.38622,0.218447,0.231629,0.0648552,0.346626,-0.00213428,0.145047,0.244509,0.378022,0.127508,1,0.372422,0.0786937,0.12052,0.179668,0.252138,-0.0101122,0.125894,-0.108865,0.168031,0.132607,0.271068,0.38696,-0.0325366,0.189396,0.175391,0.0579367,0.120212,0.24186,0.180865,0.0362803,0.126646,-0.281741,-0.00934885,0.235612,0.173076,0.280575,0.133756,0.229634,0.315797,0.290508,0.109567,0.323415,0.397631,0.154639,0.193514,0.116418,-0.0897702,0.378443,0.184843,0.215367,0.134915,0.154814,0.517279,0.386155,0.19955,0.103055,0.132761,-0.0535648,0.142396
0.400398,0.102444,0.351137,0.277147,0.425343,0.524328,0.152895,0.39796,0.395785,0.230159,0.292728,0.253036,0.270929,0.336204,0.458652,0.279245,0.2526,0.242226,0.360177,0.433798,0.516042,0.590716,0.423585,0.533553,0.381492,0.361246,0.446457,0.3721,0.244951,0.150833,0.355335,0.434853,0.546124,0.513404,0.298093,0.372422,1,0.545774,0.511849,0.492518,0.183113,0.296501,0.380575,0.140588,0.464583,0.343141,0.431685,0.513257,0.218341,0.305719,0.510995,0.298365,0.393905,0.408189,0.317978,0.318562,0.438908,0.0076271,0.295952,0.171332,0.240592,0.466906,0.502244,0.542954,0.560312,0.341005,0.408199,0.47911,0.39153,0.479527,0.441799,0.512824,0.107961,0.434207,0.370532,0.319328,0.477006,0.194703,0.228171,0.40974,0.397352,0.480704,0.457278,0.439264,0.443472
0.671383,0.493685,0.59669,0.532474,0.418768,0.61894,0.519433,0.621604,0.589335,0.55144,0.648195,0.433449,0.632059,0.654245,0.583337,0.564794,0.670039,0.547608,0.451522,0.724274,0.691227,0.535764,0.694249,0.583837,0.444417,0.512034,0.507474,0.541997,0.421119,0.102792,0.686848,0.551621,0.79806,0.658386,0.464734,0.0786937,0.545774,1,0.734529,0.684246,0.382736,0.568047,0.602783,0.483595,0.653066,0.564429,0.666305,0.578468,0.520537,0.474804,0.56527,0.573588,0.677597,0.53255,0.605112,0.605761,0.555641,0.359218,0.597326,0.363679,0.474581,0.718094,0.606188,0.708317,0.655896,0.416251,0.689475,0.632561,0.597359,0.572449,0.612078,0.683253,0.478299,0.481431,0.508404,0.508074,0.663027,0.184536,0.0816408,0.277803,0.501162,0.709897,0.693957,0.41154,0.48886
0.848223,0.669309,0.827926,0.72433,0.70446,0.740319,0.668377,0.800849,0.820405,0.747103,0.790403,0.57379,0.751434,0.762421,0.779151,0.69679,0.731138,0.731489,0.674627,0.914558,0.878522,0.522319,0.85855,0.819631,0.691967,0.707762,0.733736,0.616079,0.588525,0.351854,0.526365,0.758431,0.825071,0.715413,0.611709,0.12052,0.511849,0.734529,1,0.855472,0.421393,0.699747,0.86581,0.637591,0.898433,0.751214,0.850527,0.794193,0.68681,0.654283,0.651539,0.7916,0.812785,0.736415,0.804495,0.781452,0.769858,0.45711,0.784371,0.486686,0.581298,0.750166,0.775571,0.871768,0.890669,0.673732,0.813759,0.84298,0.658446,0.782317,0.829831,0.800155,0.522147,0.474874,0.620009,0.752979,0.750573,0.390611,0.122185,0.374901,0.687004,0.897474,0.784583,0.624831,0.668002
0.78903,0.640249,0.772944,0.581047,0.658778,0.707468,0.717772,0.742137,0.772028,0.642088,0.690238,0.450296,0.69616,0.765874,0.679685,0.760821,0.72643,0.755641,0.762384,0.876685,0.84087,0.506485,0.824504,0.71677,0.586998,0.649314,0.664259,0.646474,0.527598,0.303717,0.559113,0.665623,0.799676,0.650296,0.467876,0.179668,0.492518,0.684246,0.855472,1,0.462993,0.611584,0.831215,0.664041,0.826843,0.727574,0.798107,0.72915,0.702542,0.616937,0.515379,0.688187,0.669721,0.604235,0.703982,0.821111,0.624476,0.539929,0.775459,0.502748,0.472641,0.68269,0.793528,0.864652,0.864134,0.630433,0.729008,0.737561,0.694952,0.628705,0.79678,0.717816,0.388287,0.396056,0.55836,0.657048,0.700495,0.151247,0.254487,0.419485,0.577665,0.880651,0.804954,0.581187,0.636645
0.450604,0.395402,0.392275,0.416336,0.371122,0.306187,0.304206,0.439797,0.40239,0.25457,0.519197,0.359435,0.355167,0.393659,0.252352,0.257322,0.380149,0.449531,0.377219,0.444536,0.415397,0.286567,0.514212,0.51406,0.555463,0.545874,0.510209,0.278094,0.22317,0.224529,0.321681,0.31496,0.467216,0.21633,0.29861,0.252138,0.183113,0.382736,0.421393,0.462993,1,0.391505,0.453023,0.256479,0.4804,0.494093,0.456012,0.381797,0.466058,0.42956,0.248458,0.531567,0.425662,0.435385,0.474587,0.452932,0.266222,0.207775,0.417568,0.332671,0.265665,0.246417,0.477265,0.444337,0.455344,0.406184,0.428946,0.469819,0.593093,0.336501,0.417423,0.414044,0.242602,0.293613,0.11874,0.247778,0.392497,0.055042,0.0730513,0.225722,0.308625,0.491845,0.33416,0.294584,0.385451
0.798909,0.658254,0.785828,0.713238,0.562275,0.6268,0.527485,0.601104,0.752672,0.673131,0.738036,0.420195,0.708401,0.767369,0.645237,0.552327,0.662317,0.737884,0.479462,0.757691,0.746392,0.256447,0.706574,0.676749,0.664769,0.682804,0.531625,0.563751,0.497895,0.379126,0.397209,0.568748,0.709135,0.562901,0.608494,-0.0101122,0.296501,0.568047,0.699747,0.611584,0.391505,1,0.780502,0.607135,0.778237,0.726821,0.665516,0.611101,0.507704,0.683645,0.431495,0.693684,0.71636,0.549053,0.684716,0.716882,0.606158,0.435591,0.669764,0.563591,0.555262,0.474893,0.618222,0.674109,0.686361,0.533392,0.652306,0.668678,0.539662,0.694455,0.632588,0.722177,0.486077,0.235529,0.513938,0.544354,0.740066,0.320923,0.095642,0.376671,0.573237,0.773347,0.683389,0.527789,0.624332
0.904576,0.825455,0.877618,0.740842,0.664172,0.750356,0.738814,0.746458,0.850758,0.803829,0.853049,0.576543,0.803891,0.884808,0.809365,0.801701,0.829644,0.795275,0.735162,0.938655,0.924934,0.539695,0.813482,0.833224,0.711345,0.731457,0.743997,0.679178,0.460834,0.488022,0.447433,0.663689,0.785686,0.656939,0.601109,0.125894,0.380575,0.602783,0.86581,0.831215,0.453023,0.780502,1,0.854573,0.940883,0.862672,0.841627,0.821167,0.687709,0.76197,0.518052,0.807544,0.83276,0.745618,0.900588,0.90492,0.780847,0.637047,0.865812,0.531299,0.566312,0.699249,0.762754,0.91693,0.90121,0.676357,0.765395,0.830779,0.635597,0.744189,0.834893,0.728036,0.36313,0.32697,0.558331,0.73415,0.713476,0.326672,0.182088,0.400817,0.67193,0.880492,0.78725,0.560764,0.64956
0.766234,0.886716,0.667312,0.520109,0.354739,0.614485,0.725147,0.560915,0.659002,0.699023,0.699788,0.422192,0.740516,0.861962,0.601531,0.852051,0.831655,0.662521,0.541906,0.792119,0.725331,0.44915,0.631541,0.563073,0.520381,0.439098,0.608145,0.497938,0.350729,0.37165,0.328276,0.448438,0.559131,0.385084,0.341964,-0.108865,0.140588,0.483595,0.637591,0.664041,0.256479,0.607135,0.854573,1,0.736643,0.703718,0.602912,0.604431,0.649302,0.656162,0.341995,0.674639,0.699613,0.549003,0.798558,0.859309,0.624822,0.862027,0.837878,0.363569,0.512878,0.551658,0.534665,0.71147,0.642806,0.470147,0.60242,0.557408,0.425033,0.478747,0.668997,0.499775,0.264112,0.130274,0.420627,0.538872,0.425677,0.100304,0.0238199,0.122425,0.452202,0.658167,0.65205,0.408843,0.457461
0.913499,0.759269,0.928018,0.796083,0.773292,0.826031,0.716821,0.756467,0.861911,0.837378,0.878917,0.515512,0.778708,0.837291,0.814729,0.737539,0.783799,0.795203,0.663177,0.920503,0.929623,0.54777,0.895839,0.90895,0.710273,0.762719,0.78836,0.727682,0.540456,0.459071,0.550324,0.764702,0.825574,0.678136,0.601186,0.168031,0.464583,0.653066,0.898433,0.826843,0.4804,0.778237,0.940883,0.736643,1,0.91248,0.865714,0.879685,0.690946,0.766035,0.678792,0.885808,0.906333,0.716572,0.852512,0.845719,0.796844,0.484994,0.844072,0.581421,0.621854,0.791439,0.847421,0.912799,0.900479,0.755992,0.866793,0.922357,0.725063,0.826819,0.894726,0.775133,0.438142,0.456752,0.681344,0.797288,0.796075,0.423969,0.286135,0.444716,0.660966,0.863487,0.827869,0.540437,0.697091
0.869669,0.741536,0.876173,0.726736,0.719093,0.796246,0.626457,0.575775,0.803119,0.772041,0.815806,0.328956,0.667958,0.847117,0.765752,0.713757,0.716659,0.791572,0.568194,0.844532,0.85538,0.463828,0.767625,0.87352,0.704413,0.669317,0.813615,0.71999,0.402241,0.458243,0.583519,0.704477,0.760466,0.563052,0.573218,0.132607,0.343141,0.564429,0.751214,0.727574,0.494093,0.726821,0.862672,0.703718,0.91248,1,0.780547,0.818813,0.553108,0.722531,0.62408,0.869889,0.865186,0.641624,0.770081,0.798864,0.766339,0.496992,0.75007,0.580165,0.707703,0.732828,0.703468,0.81517,0.774923,0.729774,0.740309,0.854863,0.659715,0.644214,0.843386,0.628983,0.391364,0.455845,0.728952,0.796603,0.721529,0.35104,0.24661,0.416179,0.537414,0.741496,0.771175,0.336465,0.626781
0.742325,0.614125,0.775371,0.728793,0.706501,0.738968,0.677159,0.696597,0.793827,0.74597,0.807433,0.499606,0.67722,0.707994,0.766275,0.619727,0.600225,0.730617,0.611763,0.836472,0.808034,0.460668,0.775967,0.845801,0.648003,0.769122,0.72221,0.635341,0.550562,0.336296,0.472946,0.664268,0.850954,0.773153,0.661671,0.271068,0.431685,0.666305,0.850527,0.798107,0.456012,0.665516,0.841627,0.602912,0.865714,0.780547,1,0.82161,0.564607,0.608223,0.512969,0.755893,0.791249,0.736304,0.782667,0.756833,0.683735,0.353042,0.694737,0.639905,0.611986,0.741891,0.720869,0.804947,0.816474,0.600361,0.705386,0.835888,0.662313,0.738133,0.762002,0.715214,0.373952,0.385137,0.54164,0.775281,0.790285,0.43431,0.224388,0.523454,0.673238,0.783234,0.732309,0.442693,0.571221
0.748905,0.57262,0.76991,0.694721,0.782402,0.781575,0.642464,0.697847,0.724744,0.746904,0.745846,0.466092,0.637926,0.698411,0.793799,0.644899,0.647539,0.652584,0.616755,0.834805,0.869041,0.65009,0.746247,0.906437,0.624853,0.748012,0.774109,0.635622,0.496324,0.492975,0.543412,0.742381,0.808006,0.70866,0.617497,0.38696,0.513257,0.578468,0.794193,0.72915,0.381797,0.611101,0.821167,0.604431,0.879685,0.818813,0.82161,1,0.648714,0.714962,0.75267,0.802993,0.793668,0.719678,0.781229,0.723884,0.788885,0.306931,0.689712,0.624593,0.58958,0.822461,0.682288,0.865379,0.857171,0.741702,0.8215,0.927649,0.772523,0.763026,0.855983,0.759846,0.331996,0.474093,0.621715,0.83092,0.731865,0.339966,0.389571,0.475085,0.68834,0.710733,0.746362,0.416784,0.587666
0.637176,0.622479,0.588974,0.478227,0.467307,0.5237,0.719829,0.757799,0.554871,0.577949,0.6093,0.380402,0.58246,0.616261,0.393518,0.640625,0.657337,0.557942,0.526374,0.698175,0.683547,0.438247,0.702178,0.552201,0.4415,0.557704,0.56841,0.424145,0.541987,0.291167,0.454214,0.518116,0.610119,0.461071,0.407188,-0.0325366,0.218341,0.520537,0.68681,0.702542,0.466058,0.507704,0.687709,0.649302,0.690946,0.553108,0.564607,0.648714,1,0.692653,0.535537,0.655217,0.520523,0.533573,0.663427,0.718359,0.492148,0.519043,0.667996,0.423667,0.294206,0.529946,0.646716,0.711575,0.690173,0.484881,0.707006,0.619177,0.61563,0.611636,0.612612,0.628372,0.398646,0.23466,0.35119,0.544074,0.572312,0.00671256,0.204848,0.320536,0.53043,0.701451,0.56762,0.578575,0.625041
0.709068,0.664543,0.683952,0.51813,0.532515,0.665793,0.572719,0.65986,0.607315,0.593522,0.647292,0.332327,0.605501,0.698117,0.518262,0.603515,0.651116,0.575497,0.468702,0.748869,0.769683,0.434411,0.749174,0.691123,0.608222,0.69061,0.680372,0.627775,0.364801,0.417039,0.359169,0.576692,0.649245,0.478114,0.532466,0.189396,0.305719,0.474804,0.654283,0.616937,0.42956,0.683645,0.76197,0.656162,0.766035,0.722531,0.608223,0.714962,0.692653,1,0.504514,0.713666,0.645039,0.523704,0.677913,0.737425,0.59471,0.454346,0.675434,0.404037,0.452779,0.578666,0.563585,0.696193,0.7137,0.567058,0.645281,0.698356,0.569972,0.587862,0.701309,0.593988,0.36507,0.372532,0.436518,0.51632,0.609973,0.147354,0.184721,0.401761,0.447769,0.663141,0.5317,0.491048,0.694788
0.633784,0.377329,0.615685,0.471644,0.608363,0.709488,0.461406,0.587998,0.522886,0.60821,0.507784,0.276524,0.461913,0.533705,0.55579,0.497209,0.505887,0.390395,0.33524,0.629415,0.667438,0.480261,0.677243,0.680574,0.476481,0.533659,0.672175,0.46156,0.426714,0.157106,0.537813,0.710543,0.622805,0.45978,0.391765,0.175391,0.510995,0.56527,0.651539,0.515379,0.248458,0.431495,0.518052,0.341995,0.678792,0.62408,0.512969,0.75267,0.535537,0.504514,1,0.638796,0.675747,0.467912,0.479421,0.470887,0.670509,0.182365,0.444618,0.337967,0.458838,0.816483,0.609459,0.669656,0.668141,0.70003,0.750252,0.78544,0.69338,0.652359,0.705492,0.629097,0.474082,0.623894,0.570126,0.658752,0.63225,0.231359,0.256916,0.282473,0.536168,0.545917,0.65132,0.407315,0.60451
0.798146,0.762099,0.777146,0.665427,0.688583,0.721644,0.620146,0.615442,0.774485,0.779626,0.817993,0.428677,0.705746,0.763584,0.663974,0.695465,0.709762,0.74053,0.487701,0.82292,0.783337,0.466789,0.794801,0.78548,0.638361,0.685855,0.739756,0.49492,0.537758,0.332815,0.479205,0.676036,0.712007,0.489252,0.568408,0.0579367,0.298365,0.573588,0.7916,0.688187,0.531567,0.693684,0.807544,0.674639,0.885808,0.869889,0.755893,0.802993,0.655217,0.713666,0.638796,1,0.908927,0.634378,0.81438,0.761718,0.768478,0.518707,0.831359,0.479862,0.651477,0.70181,0.661953,0.74242,0.725676,0.639022,0.791543,0.812392,0.693357,0.674781,0.811944,0.711109,0.448323,0.35652,0.570126,0.704586,0.694983,0.313565,0.136581,0.325656,0.520469,0.662204,0.650896,0.369268,0.526682
0.842374,0.744669,0.82567,0.7487,0.703005,0.833696,0.641845,0.613831,0.785512,0.845028,0.888583,0.530917,0.789628,0.784201,0.784683,0.702339,0.748268,0.675955,0.483422,0.837546,0.813666,0.507437,0.797893,0.825735,0.651598,0.689731,0.759949,0.614588,0.541515,0.299529,0.478345,0.711015,0.768468,0.604705,0.572489,0.120212,0.393905,0.677597,0.812785,0.669721,0.425662,0.71636,0.83276,0.699613,0.906333,0.865186,0.791249,0.793668,0.520523,0.645039,0.675747,0.908927,1,0.663911,0.833266,0.738006,0.832511,0.482608,0.820706,0.50248,0.648539,0.774152,0.70658,0.794591,0.757046,0.666232,0.797132,0.850259,0.679925,0.741333,0.840446,0.696097,0.427541,0.418873,0.66911,0.736751,0.691188,0.476135,0.171293,0.301686,0.598841,0.69708,0.752187,0.384514,0.549633
