1,0.956892,0.966635,0.903885,0.857178,0.853335,0.762625,0.771948,0.75429,0.803803,0.853452,0.814612,0.855187,0.959014,0.848801,0.843438,0.914483,0.7791,0.841366,0.896049,0.916547,0.832465,0.880068,0.924843,0.725415,0.884336,0.866891,0.891474,0.722717,0.502112,0.406513,0.752552,0.85616,0.857671,0.879214,0.6124,0.418187,0.760611,0.912233,0.871629,0.600934,0.795641,0.953153,0.890807,0.957483,0.897315,0.858737,0.824811,0.775048,0.654224,0.736705,0.837666,0.873862,0.797819,0.88975,0.882507,0.804715,0.879303,0.917717,0.776718,0.645548,0.787987,0.871486,0.905848,0.904142,0.797249,0.806141,0.930833,0.730649,0.735559,0.913966,0.780247,0.486211,0.535997,0.75581,0.81854,0.87454,0.722843,0.440622,0.455239,0.731714,0.917357,0.869973,0.59678,0.819431
0.956892,1,0.93108,0.907683,0.809033,0.806004,0.728896,0.751019,0.728281,0.783176,0.829171,0.796009,0.836506,0.926727,0.825677,0.86992,0.907811,0.762009,0.827419,0.87551,0.900965,0.805138,0.816099,0.88508,0.741553,0.870354,0.824252,0.8564,0.71672,0.498398,0.434382,0.72711,0.864521,0.825876,0.854319,0.532349,0.39176,0.734842,0.923046,0.850598,0.597501,0.749542,0.935642,0.894356,0.929486,0.849971,0.809693,0.797478,0.73955,0.634548,0.722819,0.82057,0.835383,0.745246,0.858344,0.857594,0.767858,0.879908,0.910209,0.78802,0.570912,0.778957,0.828988,0.902497,0.900163,0.794111,0.7836,0.895802,0.734744,0.765366,0.896245,0.730342,0.481318,0.542694,0.728425,0.815808,0.879721,0.676252,0.425774,0.511793,0.728016,0.893523,0.84977,0.514773,0.795351
0.966635,0.93108,1,0.923759,0.891722,0.900125,0.792627,0.776176,0.793229,0.873603,0.910711,0.875018,0.902498,0.949763,0.884689,0.863053,0.938435,0.844781,0.844446,0.945163,0.956058,0.869337,0.902542,0.968583,0.765263,0.894907,0.895364,0.888871,0.764802,0.504365,0.453707,0.728901,0.885568,0.874192,0.858451,0.668244,0.48426,0.786534,0.9338,0.894575,0.649559,0.81592,0.956567,0.872789,0.985393,0.945321,0.884399,0.806607,0.752682,0.670067,0.749835,0.89723,0.933388,0.871019,0.947429,0.881118,0.835532,0.91637,0.955723,0.811477,0.75449,0.788003,0.905551,0.931148,0.947455,0.849636,0.833516,0.967102,0.768854,0.803612,0.938058,0.797981,0.430454,0.570261,0.791235,0.879874,0.90689,0.753652,0.466819,0.490224,0.791297,0.953265,0.925118,0.622593,0.872776
0.903885,0.907683,0.923759,1,0.893629,0.82561,0.673124,0.652917,0.768381,0.84488,0.869792,0.840156,0.85112,0.899993,0.857987,0.842862,0.902546,0.798388,0.80281,0.883864,0.902008,0.796489,0.823974,0.909059,0.731768,0.871606,0.828214,0.816161,0.718671,0.44536,0.392479,0.626328,0.827784,0.839929,0.79231,0.542974,0.378639,0.728123,0.867787,0.875627,0.599452,0.743168,0.889464,0.834707,0.930054,0.900987,0.852621,0.768732,0.775252,0.66943,0.757998,0.827402,0.858457,0.820464,0.875043,0.83628,0.81294,0.850026,0.883065,0.733735,0.691747,0.794893,0.823587,0.902132,0.899398,0.78199,0.794935,0.889484,0.794385,0.755294,0.884867,0.742951,0.395573,0.4417,0.715518,0.803886,0.853986,0.633198,0.471509,0.483884,0.733763,0.887838,0.862628,0.460716,0.822206
0.857178,0.809033,0.891722,0.893629,1,0.832146,0.6551,0.714259,0.728428,0.817711,0.824612,0.815394,0.797893,0.876038,0.87201,0.786644,0.834788,0.776683,0.75316,0.865419,0.879441,0.779694,0.854114,0.904846,0.675757,0.791683,0.86082,0.80878,0.774165,0.397473,0.368242,0.581382,0.749604,0.76249,0.751792,0.639445,0.430738,0.646565,0.806969,0.815876,0.578701,0.733326,0.854513,0.834481,0.902659,0.875087,0.898838,0.761424,0.734982,0.632997,0.720935,0.784058,0.831868,0.82485,0.839793,0.852639,0.754423,0.791766,0.84454,0.67969,0.747489,0.733205,0.847572,0.837559,0.868479,0.719342,0.7715,0.883574,0.735305,0.724676,0.887646,0.742679,0.331559,0.38326,0.695772,0.783793,0.802331,0.618694,0.410843,0.424204,0.707738,0.851832,0.824573,0.608709,0.800511
0.853335,0.806004,0.900125,0.82561,0.832146,1,0.64819,0.745151,0.807528,0.778374,0.822306,0.786744,0.79423,0.836388,0.886407,0.816133,0.823657,0.786029,0.820889,0.90347,0.867805,0.704352,0.790658,0.923293,0.649143,0.841195,0.819898,0.805092,0.750879,0.450449,0.565172,0.594248,0.793511,0.865223,0.810334,0.642701,0.455112,0.602156,0.848072,0.838099,0.576874,0.66264,0.881175,0.760403,0.913277,0.87356,0.797798,0.712597,0.721397,0.571835,0.660211,0.810644,0.838846,0.784839,0.860391,0.765337,0.838403,0.860836,0.839032,0.745958,0.718579,0.745163,0.828176,0.908525,0.839185,0.791779,0.730998,0.899293,0.761628,0.804259,0.882489,0.776117,0.260053,0.467115,0.695506,0.788288,0.764434,0.668797,0.338578,0.560229,0.726648,0.872256,0.844378,0.561902,0.827577
0.762625,0.728896,0.792627,0.673124,0.6551,0.64819,1,0.73489,0.457064,0.652755,0.69379,0.676091,0.657422,0.735441,0.583823,0.550765,0.696174,0.599779,0.633823,0.777982,0.73075,0.792566,0.727955,0.748009,0.710148,0.628583,0.687049,0.663335,0.599096,0.514359,0.300057,0.665456,0.667677,0.700097,0.749419,0.555635,0.54778,0.680039,0.715476,0.623384,0.656864,0.704423,0.782839,0.649865,0.758002,0.646338,0.645174,0.665307,0.531316,0.570137,0.554011,0.733836,0.735915,0.672831,0.735582,0.702397,0.619133,0.731096,0.767283,0.650914,0.550244,0.628425,0.669582,0.693097,0.754478,0.565498,0.656481,0.751839,0.545297,0.662774,0.760955,0.601256,0.473403,0.437451,0.612598,0.70803,0.74022,0.757001,0.410801,0.354555,0.613418,0.77128,0.756066,0.565187,0.666836
0.771948,0.751019,0.776176,0.652917,0.714259,0.745151,0.73489,1,0.595182,0.60939,0.627508,0.665854,0.696152,0.76748,0.694392,0.631305,0.720351,0.623131,0.657046,0.735359,0.729592,0.636403,0.774944,0.781188,0.607113,0.60802,0.773293,0.678294,0.670835,0.428462,0.323139,0.635618,0.670322,0.687512,0.739177,0.584143,0.52902,0.575867,0.704787,0.656469,0.589201,0.686532,0.825246,0.750936,0.782656,0.675578,0.721137,0.716745,0.644547,0.641407,0.484632,0.671074,0.668119,0.653944,0.735475,0.755314,0.674312,0.659291,0.772929,0.660285,0.467412,0.687562,0.713499,0.72361,0.726555,0.588124,0.677727,0.79394,0.693626,0.715825,0.78217,0.660175,0.264232,0.409564,0.577485,0.630951,0.630591,0.559632,0.305851,0.500399,0.592695,0.731959,0.736283,0.625777,0.622768
0.75429,0.728281,0.793229,0.768381,0.728428,0.807528,0.457064,0.595182,1,0.76998,0.746318,0.80164,0.822349,0.793643,0.818772,0.83789,0.827109,0.763915,0.697116,0.761717,0.830208,0.572267,0.780967,0.84422,0.457514,0.78462,0.800686,0.711828,0.703014,0.269725,0.447098,0.594773,0.842551,0.80409,0.724177,0.613354,0.348647,0.584092,0.820213,0.828692,0.576817,0.655071,0.769145,0.734403,0.811959,0.856212,0.797543,0.572861,0.595021,0.565135,0.683155,0.751949,0.773796,0.716798,0.810221,0.748809,0.706229,0.777196,0.821021,0.721134,0.607329,0.698057,0.81994,0.827094,0.778276,0.752627,0.782964,0.844147,0.738295,0.715159,0.759855,0.734395,0.327504,0.509423,0.711898,0.743448,0.741584,0.530252,0.512222,0.455349,0.701123,0.74901,0.767528,0.442675,0.732675
0.803803,0.783176,0.873603,0.84488,0.817711,0.778374,0.652755,0.60939,0.76998,1,0.932366,0.936676,0.928882,0.808813,0.82959,0.796241,0.901149,0.810552,0.677101,0.846419,0.883273,0.775017,0.827419,0.861747,0.753362,0.743504,0.822452,0.756582,0.628766,0.392144,0.385511,0.637157,0.834842,0.752418,0.691258,0.576805,0.471074,0.722309,0.830056,0.884759,0.553541,0.747792,0.791746,0.75196,0.859992,0.880174,0.794354,0.675608,0.583813,0.619625,0.688566,0.846264,0.919038,0.897496,0.919645,0.794916,0.81477,0.849836,0.868752,0.729976,0.758173,0.671725,0.840664,0.832452,0.881041,0.811332,0.773608,0.876037,0.70941,0.819604,0.802665,0.71806,0.453311,0.549911,0.769733,0.853615,0.833545,0.687878,0.439338,0.48969,0.711796,0.864663,0.880666,0.579354,0.837044
0.853452,0.829171,0.910711,0.869792,0.824612,0.822306,0.69379,0.627508,0.746318,0.932366,1,0.89613,0.895961,0.841695,0.805564,0.804622,0.896335,0.787595,0.735436,0.853471,0.885882,0.817525,0.805191,0.880964,0.763941,0.795378,0.795899,0.802433,0.627342,0.385361,0.475997,0.621643,0.856923,0.788459,0.71428,0.635807,0.435175,0.789152,0.845099,0.876003,0.480706,0.763836,0.843212,0.75557,0.890946,0.89578,0.850526,0.752032,0.658576,0.54815,0.683427,0.882799,0.929634,0.872271,0.914406,0.766643,0.840554,0.868216,0.886655,0.696562,0.795742,0.655825,0.869537,0.866592,0.895872,0.832384,0.749208,0.890694,0.738679,0.792668,0.850212,0.698107,0.446875,0.510927,0.752811,0.87584,0.831814,0.680309,0.466947,0.485252,0.709693,0.904606,0.857618,0.61208,0.875687
0.814612,0.796009,0.875018,0.840156,0.815394,0.786744,0.676091,0.665854,0.80164,0.936676,0.89613,1,0.963005,0.837478,0.872023,0.787885,0.904361,0.830842,0.685167,0.86692,0.877555,0.783292,0.841803,0.880197,0.648091,0.748283,0.876912,0.785479,0.636781,0.531202,0.516725,0.697763,0.842562,0.779707,0.737532,0.642926,0.416525,0.693569,0.849323,0.876699,0.623162,0.789387,0.833945,0.817296,0.87927,0.88261,0.838077,0.713089,0.646802,0.648472,0.744609,0.853185,0.932373,0.938589,0.954307,0.846395,0.748746,0.831309,0.918304,0.745941,0.738388,0.744747,0.839385,0.853317,0.873874,0.76113,0.855365,0.885447,0.784052,0.799347,0.816129,0.723246,0.508482,0.547514,0.79024,0.818479,0.826014,0.66684,0.427533,0.528354,0.752724,0.881724,0.908249,0.580273,0.817101
0.855187,0.836506,0.902498,0.85112,0.797893,0.79423,0.657422,0.696152,0.822349,0.928882,0.895961,0.963005,1,0.864175,0.875578,0.834696,0.945586,0.829324,0.705717,0.855804,0.908281,0.78768,0.869324,0.88713,0.688375,0.791843,0.879188,0.814225,0.63011,0.525002,0.460612,0.7606,0.891095,0.804982,0.755506,0.617101,0.416273,0.768296,0.864169,0.916734,0.62087,0.821611,0.867436,0.847863,0.910013,0.923395,0.834847,0.733215,0.662743,0.640444,0.742866,0.876054,0.946549,0.906798,0.957484,0.838586,0.789426,0.841737,0.937843,0.776079,0.700735,0.729428,0.873026,0.873831,0.890529,0.802597,0.859669,0.904976,0.759707,0.802787,0.845288,0.770659,0.460727,0.637886,0.775747,0.838321,0.847077,0.660418,0.419653,0.504959,0.749348,0.880801,0.920553,0.578537,0.828024
0.959014,0.926727,0.949763,0.899993,0.876038,0.836388,0.735441,0.76748,0.793643,0.808813,0.841695,0.837478,0.864175,1,0.87227,0.852456,0.912529,0.78863,0.799866,0.897996,0.932024,0.79911,0.881676,0.933969,0.657289,0.868293,0.92668,0.862891,0.772775,0.44943,0.41044,0.762905,0.87471,0.851075,0.865009,0.673119,0.387696,0.732549,0.920253,0.880768,0.650989,0.82451,0.954693,0.920485,0.951349,0.908291,0.907959,0.816037,0.756845,0.684233,0.791042,0.852997,0.887568,0.81333,0.887399,0.938591,0.778413,0.867866,0.911192,0.790057,0.658308,0.791163,0.883598,0.893207,0.922192,0.736601,0.875564,0.935364,0.752856,0.709826,0.917136,0.750115,0.489555,0.508389,0.769322,0.843911,0.887897,0.674464,0.424685,0.388141,0.768143,0.914858,0.878639,0.603761,0.815714
0.848801,0.825677,0.884689,0.857987,0.87201,0.886407,0.583823,0.694392,0.818772,0.82959,0.805564,0.872023,0.875578,0.87227,1,0.830552,0.853541,0.882528,0.731529,0.898634,0.900506,0.699018,0.828502,0.903357,0.617094,0.80789,0.926374,0.795359,0.74071,0.552388,0.513261,0.612832,0.804471,0.824983,0.769186,0.608729,0.358767,0.584454,0.864428,0.8669,0.643004,0.683403,0.881639,0.860377,0.918319,0.906469,0.854197,0.73204,0.766293,0.671474,0.762532,0.814896,0.866778,0.856061,0.896596,0.890261,0.7721,0.838859,0.873687,0.784017,0.695775,0.754419,0.821981,0.871945,0.841073,0.705382,0.834218,0.896433,0.732117,0.78977,0.876716,0.813005,0.314703,0.54374,0.750711,0.774469,0.827155,0.672776,0.277092,0.460798,0.782511,0.879969,0.900648,0.528697,0.800187
0.843438,0.86992,0.863053,0.842862,0.786644,0.816133,0.550765,0.631305,0.83789,0.796241,0.804622,0.787885,0.834696,0.852456,0.830552,1,0.88588,0.771528,0.766778,0.805487,0.882501,0.6937,0.723597,0.84928,0.600172,0.833708,0.792221,0.787941,0.732068,0.331781,0.456683,0.736498,0.849535,0.771628,0.745858,0.663306,0.444257,0.699134,0.87984,0.846076,0.633751,0.781312,0.818043,0.843568,0.854825,0.874164,0.837309,0.67951,0.56711,0.502245,0.655448,0.858666,0.83849,0.726263,0.828353,0.796884,0.696879,0.89419,0.856916,0.695713,0.634908,0.637165,0.846718,0.869439,0.872274,0.802336,0.727654,0.85232,0.725406,0.76061,0.81768,0.643744,0.433166,0.612969,0.703063,0.834841,0.835527,0.52384,0.428578,0.505917,0.678435,0.801141,0.806979,0.550277,0.876666
0.914483,0.907811,0.938435,0.902546,0.834788,0.823657,0.696174,0.720351,0.827109,0.901149,0.896335,0.904361,0.945586,0.912529,0.853541,0.88588,1,0.822884,0.805215,0.879728,0.937754,0.833837,0.889669,0.919096,0.731839,0.85236,0.869326,0.866173,0.718237,0.483441,0.424033,0.722619,0.900933,0.828963,0.811113,0.650533,0.507638,0.782267,0.909321,0.89403,0.614134,0.866013,0.903142,0.865088,0.936162,0.923024,0.85575,0.765746,0.657098,0.671534,0.709006,0.864779,0.9259,0.853652,0.941482,0.866533,0.803429,0.870178,0.949567,0.80433,0.706893,0.755342,0.877364,0.916693,0.934049,0.87293,0.842873,0.947982,0.798366,0.821355,0.871796,0.770339,0.457304,0.579881,0.789357,0.858728,0.869482,0.651244,0.484651,0.506101,0.778568,0.887159,0.902418,0.563473,0.855301
0.7791,0.762009,0.844781,0.798388,0.776683,0.786029,0.599779,0.623131,0.763915,0.810552,0.787595,0.830842,0.829324,0.78863,0.882528,0.771528,0.822884,1,0.738682,0.827847,0.860007,0.71606,0.747549,0.859488,0.575699,0.757217,0.866121,0.709306,0.686384,0.46031,0.434321,0.546589,0.736071,0.737879,0.674212,0.699097,0.431302,0.640923,0.803709,0.761594,0.719348,0.655794,0.806712,0.757099,0.847009,0.858368,0.774924,0.605848,0.649892,0.621268,0.586418,0.799826,0.812999,0.826868,0.879155,0.829855,0.698719,0.83397,0.8576,0.707156,0.757512,0.620635,0.724876,0.807711,0.824761,0.75377,0.728971,0.823035,0.687791,0.773384,0.787723,0.705613,0.192005,0.526658,0.692266,0.747818,0.811421,0.652022,0.513227,0.446864,0.783535,0.816024,0.872448,0.443071,0.735981
0.841366,0.827419,0.844446,0.80281,0.75316,0.820889,0.633823,0.657046,0.697116,0.677101,0.735436,0.685167,0.705717,0.799866,0.731529,0.766778,0.805215,0.738682,1,0.851082,0.846186,0.798845,0.750722,0.881358,0.628326,0.867947,0.766902,0.810798,0.594012,0.459327,0.484893,0.603305,0.750734,0.815814,0.851637,0.58128,0.381481,0.639697,0.830685,0.729813,0.587391,0.688019,0.819255,0.71815,0.85252,0.779998,0.688658,0.734973,0.661562,0.546263,0.543367,0.72002,0.74159,0.637621,0.772849,0.742458,0.69069,0.797342,0.813018,0.716538,0.571598,0.687221,0.756491,0.901606,0.862783,0.827284,0.680344,0.831708,0.669104,0.648892,0.814976,0.618966,0.251839,0.298025,0.515551,0.688695,0.775572,0.616711,0.57201,0.602199,0.730892,0.821899,0.763906,0.421269,0.687862
0.896049,0.87551,0.945163,0.883864,0.865419,0.90347,0.777982,0.735359,0.761717,0.846419,0.853471,0.86692,0.855804,0.897996,0.898634,0.805487,0.879728,0.827847,0.851082,1,0.947688,0.865563,0.876311,0.957717,0.751166,0.870537,0.907689,0.849654,0.725569,0.540697,0.500146,0.661884,0.855673,0.899735,0.863306,0.591115,0.439682,0.622611,0.934231,0.864282,0.626463,0.737651,0.923073,0.822562,0.955848,0.893887,0.80688,0.800189,0.737689,0.732192,0.753438,0.85457,0.90507,0.839298,0.917756,0.882616,0.778065,0.887483,0.920188,0.856301,0.689888,0.791735,0.88066,0.939601,0.941943,0.795979,0.840368,0.941638,0.723986,0.805977,0.916401,0.782982,0.372793,0.483258,0.753338,0.860348,0.906579,0.781758,0.404493,0.523806,0.829596,0.95785,0.930002,0.577924,0.812149
0.916547,0.900965,0.956058,0.902008,0.879441,0.867805,0.73075,0.729592,0.830208,0.883273,0.885882,0.877555,0.908281,0.932024,0.900506,0.882501,0.937754,0.860007,0.846186,0.947688,1,0.858995,0.908491,0.963841,0.762932,0.910035,0.922869,0.868816,0.729974,0.451102,0.421169,0.705851,0.904744,0.896719,0.853312,0.655805,0.45342,0.750879,0.945576,0.909886,0.658731,0.813827,0.927289,0.863162,0.964542,0.944887,0.867071,0.815197,0.717811,0.704121,0.76799,0.910428,0.923588,0.821457,0.913607,0.896546,0.80594,0.900982,0.944695,0.821952,0.711391,0.747073,0.922728,0.941989,0.968931,0.818843,0.869939,0.959494,0.736435,0.801949,0.933222,0.802314,0.351327,0.567789,0.735586,0.89574,0.95222,0.708743,0.502469,0.461856,0.83579,0.945262,0.917226,0.578756,0.849342
0.832465,0.805138,0.869337,0.796489,0.779694,0.704352,0.792566,0.636403,0.572267,0.775017,0.817525,0.783292,0.78768,0.79911,0.699018,0.6937,0.833837,0.71606,0.798845,0.865563,0.858995,1,0.799196,0.848903,0.760619,0.78973,0.763759,0.795769,0.573004,0.52187,0.377947,0.627787,0.755872,0.753113,0.757481,0.579445,0.493752,0.746243,0.845104,0.772368,0.554739,0.789211,0.832873,0.713689,0.857245,0.797855,0.71096,0.751964,0.58786,0.687101,0.62373,0.790548,0.833112,0.750765,0.831717,0.778474,0.665174,0.777383,0.870532,0.739924,0.67368,0.653155,0.802015,0.833341,0.89409,0.763194,0.741565,0.841001,0.656445,0.701353,0.810202,0.661775,0.386106,0.455738,0.640002,0.798956,0.856738,0.664479,0.493791,0.508603,0.758918,0.865104,0.825921,0.533286,0.749355
0.880068,0.816099,0.902542,0.823974,0.854114,0.790658,0.727955,0.774944,0.780967,0.827419,0.805191,0.841803,0.869324,0.881676,0.828502,0.723597,0.889669,0.747549,0.750722,0.876311,0.908491,0.799196,1,0.904931,0.744994,0.804407,0.885862,0.848928,0.69865,0.464171,0.309173,0.674793,0.833951,0.846008,0.811901,0.607705,0.43853,0.667046,0.849793,0.838838,0.543533,0.784099,0.874061,0.833675,0.908094,0.875461,0.83097,0.818614,0.756684,0.752422,0.776721,0.768289,0.857721,0.796731,0.869125,0.861629,0.789777,0.75465,0.901912,0.777618,0.657955,0.801174,0.894416,0.84983,0.886408,0.743631,0.875181,0.932333,0.715086,0.744734,0.87642,0.836124,0.36279,0.476894,0.755259,0.780327,0.840851,0.679847,0.473099,0.393189,0.753768,0.87972,0.852114,0.649369,0.723989
0.924843,0.88508,0.968583,0.909059,0.904846,0.923293,0.748009,0.781188,0.84422,0.861747,0.880964,0.880197,0.88713,0.933969,0.903357,0.84928,0.919096,0.859488,0.881358,0.957717,0.963841,0.848903,0.904931,1,0.715887,0.903893,0.921589,0.875748,0.750157,0.45936,0.473653,0.691832,0.881987,0.899043,0.886176,0.688509,0.459044,0.721955,0.926355,0.895404,0.672781,0.78137,0.942481,0.839743,0.977669,0.936663,0.87829,0.790264,0.750397,0.70082,0.745033,0.885335,0.909581,0.849178,0.929105,0.883305,0.81911,0.887143,0.942822,0.832885,0.74687,0.803151,0.906109,0.944412,0.95526,0.84039,0.854986,0.96869,0.802505,0.795981,0.92887,0.793329,0.346667,0.496889,0.722276,0.853452,0.886096,0.717893,0.511425,0.539856,0.831892,0.940896,0.917044,0.577998,0.838245
0.725415,0.741553,0.765263,0.731768,0.675757,0.649143,0.710148,0.607113,0.457514,0.753362,0.763941,0.648091,0.688375,0.657289,0.617094,0.600172,0.731839,0.575699,0.628326,0.751166,0.762932,0.760619,0.744994,0.715887,1,0.644841,0.596697,0.73251,0.475478,0.413582,0.17805,0.492812,0.693958,0.694268,0.694956,0.353483,0.389853,0.591794,0.713679,0.715099,0.36516,0.620244,0.713156,0.589747,0.738122,0.64886,0.563574,0.731045,0.599156,0.549157,0.579641,0.706048,0.710677,0.624485,0.688311,0.595826,0.707097,0.693765,0.715544,0.62395,0.580048,0.564368,0.745093,0.734373,0.77834,0.675425,0.613749,0.759394,0.575565,0.722463,0.741498,0.622462,0.229065,0.391357,0.561492,0.696882,0.752349,0.645812,0.311237,0.393375,0.534679,0.784244,0.704293,0.510255,0.662618
0.884336,0.870354,0.894907,0.871606,0.791683,0.841195,0.628583,0.60802,0.78462,0.743504,0.795378,0.748283,0.791843,0.868293,0.80789,0.833708,0.85236,0.757217,0.867947,0.870537,0.910035,0.78973,0.804407,0.903893,0.644841,1,0.800932,0.797244,0.677688,0.375599,0.496742,0.635773,0.821866,0.853417,0.802778,0.58826,0.29382,0.732801,0.874949,0.857234,0.57565,0.684597,0.851389,0.766501,0.914975,0.883763,0.781073,0.762498,0.732824,0.605827,0.750622,0.784866,0.82059,0.715753,0.811392,0.774522,0.778757,0.797627,0.844876,0.77136,0.624033,0.73857,0.829169,0.89899,0.880587,0.814036,0.74791,0.866081,0.702888,0.652213,0.850344,0.737709,0.299977,0.495943,0.622828,0.761621,0.874759,0.629729,0.480983,0.448668,0.820093,0.858394,0.797127,0.440334,0.768883
0.866891,0.824252,0.895364,0.828214,0.86082,0.819898,0.687049,0.773293,0.800686,0.822452,0.795899,0.876912,0.879188,0.92668,0.926374,0.792221,0.869326,0.866121,0.766902,0.907689,0.922869,0.763759,0.885862,0.921589,0.596697,0.800932,1,0.802454,0.724251,0.495638,0.436953,0.693245,0.820242,0.831959,0.807585,0.686271,0.397013,0.620572,0.873176,0.841451,0.691238,0.779488,0.901569,0.885824,0.915318,0.896672,0.873389,0.773782,0.729884,0.729207,0.74039,0.815513,0.873087,0.847124,0.899177,0.961013,0.724232,0.823133,0.896117,0.78703,0.660317,0.738189,0.860621,0.862629,0.893793,0.681162,0.88673,0.911145,0.703325,0.735881,0.880326,0.758181,0.367359,0.511629,0.750778,0.797553,0.871107,0.688882,0.405795,0.40384,0.798605,0.89168,0.907114,0.616288,0.74867
0.891474,0.8564,0.888871,0.816161,0.80878,0.805092,0.663335,0.678294,0.711828,0.756582,0.802433,0.785479,0.814225,0.862891,0.795359,0.787941,0.866173,0.709306,0.810798,0.849654,0.868816,0.795769,0.848928,0.875748,0.73251,0.797244,0.802454,1,0.60234,0.532236,0.331496,0.687421,0.839252,0.808015,0.864792,0.589063,0.383439,0.633192,0.872072,0.82147,0.525515,0.76648,0.875717,0.816316,0.879368,0.814647,0.795463,0.742486,0.694061,0.565888,0.669786,0.795617,0.822231,0.731175,0.821338,0.79403,0.650658,0.816938,0.884986,0.679994,0.665896,0.715884,0.861337,0.852654,0.883722,0.772062,0.796178,0.894877,0.689976,0.729846,0.846489,0.730286,0.405424,0.532682,0.725149,0.797634,0.800754,0.591488,0.462832,0.394335,0.644956,0.856566,0.811121,0.532585,0.778815
0.722717,0.71672,0.764802,0.718671,0.774165,0.750879,0.599096,0.670835,0.703014,0.628766,0.627342,0.636781,0.63011,0.772775,0.74071,0.732068,0.718237,0.686384,0.594012,0.725569,0.729974,0.573004,0.69865,0.750157,0.475478,0.677688,0.724251,0.60234,1,0.289134,0.434944,0.466717,0.640998,0.626002,0.60364,0.659423,0.521955,0.528613,0.728595,0.647365,0.601493,0.600568,0.733111,0.766756,0.767062,0.741113,0.77285,0.578648,0.563578,0.529282,0.595069,0.648771,0.693339,0.704901,0.735546,0.769279,0.687553,0.730244,0.718466,0.632128,0.614053,0.666219,0.652109,0.708507,0.703577,0.612137,0.659252,0.773058,0.624054,0.681325,0.74512,0.620726,0.391498,0.382373,0.722511,0.658849,0.693247,0.577961,0.338037,0.371625,0.606317,0.687289,0.706663,0.496841,0.65931
0.502112,0.498398,0.504365,0.44536,0.397473,0.450449,0.514359,0.428462,0.269725,0.392144,0.385361,0.531202,0.525002,0.44943,0.552388,0.331781,0.483441,0.46031,0.459327,0.540697,0.451102,0.52187,0.464171,0.45936,0.413582,0.375599,0.495638,0.532236,0.289134,1,0.456231,0.455127,0.430134,0.485223,0.54296,0.273116,0.208642,0.369937,0.51672,0.461434,0.436252,0.463458,0.536986,0.504749,0.522173,0.422596,0.339675,0.443775,0.517342,0.375315,0.449484,0.392587,0.494431,0.519615,0.561284,0.498326,0.346881,0.457234,0.544999,0.495124,0.311726,0.527212,0.36607,0.539371,0.420291,0.351827,0.51492,0.514388,0.394208,0.460656,0.499765,0.531513,0.345274,0.338398,0.506103,0.318628,0.428901,0.571071,0.0172725,0.33883,0.456987,0.542732,0.618375,0.123336,0.398542
0.406513,0.434382,0.453707,0.392479,0.368242,0.565172,0.300057,0.323139,0.447098,0.385511,0.475997,0.516725,0.460612,0.41044,0.513261,0.456683,0.424033,0.434321,0.484893,0.500146,0.421169,0.377947,0.309173,0.473653,0.17805,0.496742,0.436953,0.331496,0.434944,0.456231,1,0.326819,0.424714,0.440639,0.412068,0.416583,0.0411573,0.347517,0.501408,0.429503,0.243249,0.281247,0.431822,0.426591,0.486112,0.469504,0.417434,0.438036,0.484154,0.139127,0.466546,0.418355,0.507289,0.515505,0.536614,0.391638,0.441198,0.481434,0.463573,0.436651,0.42837,0.416553,0.430458,0.568054,0.411254,0.449509,0.396519,0.448568,0.436128,0.343767,0.445133,0.251321,0.373969,0.131648,0.389403,0.346755,0.409076,0.411732,0.0574555,0.527216,0.511562,0.533485,0.480756,0.248234,0.436965
0.752552,0.72711,0.728901,0.626328,0.581382,0.594248,0.665456,0.635618,0.594773,0.637157,0.621643,0.697763,0.7606,0.762905,0.612832,0.736498,0.722619,0.546589,0.603305,0.661884,0.705851,0.627787,0.674793,0.691832,0.492812,0.635773,0.693245,0.687421,0.466717,0.455127,0.326819,1,0.740717,0.68196,0.717947,0.586576,0.33563,0.67638,0.714911,0.722435,0.638244,0.763072,0.716335,0.790433,0.712563,0.676314,0.664148,0.631072,0.49965,0.40733,0.677991,0.714617,0.738724,0.618863,0.704524,0.699487,0.553977,0.727315,0.74945,0.601392,0.431787,0.628698,0.728873,0.694799,0.736398,0.557473,0.703379,0.693145,0.560621,0.518221,0.700015,0.532759,0.613579,0.556516,0.562197,0.66479,0.691065,0.555085,0.371446,0.396719,0.497079,0.676156,0.720286,0.547168,0.680025
0.85616,0.864521,0.885568,0.827784,0.749604,0.793511,0.667677,0.670322,0.842551,0.834842,0.856923,0.842562,0.891095,0.87471,0.804471,0.849535,0.900933,0.736071,0.750734,0.855673,0.904744,0.755872,0.833951,0.881987,0.693958,0.821866,0.820242,0.839252,0.640998,0.430134,0.424714,0.740717,1,0.888363,0.822519,0.574882,0.308521,0.719387,0.92789,0.911174,0.589957,0.748015,0.880539,0.800542,0.891302,0.855584,0.798092,0.702438,0.659406,0.586517,0.748763,0.870499,0.889109,0.738807,0.869829,0.797862,0.72416,0.857427,0.915665,0.821078,0.596905,0.723983,0.897561,0.897044,0.906243,0.794701,0.875595,0.89841,0.703288,0.760769,0.878665,0.724061,0.468399,0.565647,0.737919,0.88833,0.864789,0.657638,0.483524,0.487812,0.728769,0.87351,0.846703,0.509935,0.832191
0.857671,0.825876,0.874192,0.839929,0.76249,0.865223,0.700097,0.687512,0.80409,0.752418,0.788459,0.779707,0.804982,0.851075,0.824983,0.771628,0.828963,0.737879,0.815814,0.899735,0.896719,0.753113,0.846008,0.899043,0.694268,0.853417,0.831959,0.808015,0.626002,0.485223,0.440639,0.68196,0.888363,1,0.861036,0.551519,0.314483,0.626515,0.894181,0.870872,0.593977,0.698138,0.882893,0.76281,0.893149,0.843857,0.748869,0.759449,0.758379,0.64762,0.773387,0.811205,0.826042,0.695757,0.818389,0.792706,0.785278,0.824514,0.863768,0.763855,0.58008,0.785265,0.858627,0.931583,0.870799,0.695032,0.846412,0.879314,0.712441,0.726375,0.888894,0.785437,0.33635,0.443924,0.672603,0.801761,0.862103,0.698036,0.472876,0.515522,0.72294,0.880972,0.842056,0.477876,0.753238
0.879214,0.854319,0.858451,0.79231,0.751792,0.810334,0.749419,0.739177,0.724177,0.691258,0.71428,0.737532,0.755506,0.865009,0.769186,0.745858,0.811113,0.674212,0.851637,0.863306,0.853312,0.757481,0.811901,0.886176,0.694956,0.802778,0.807585,0.864792,0.60364,0.54296,0.412068,0.717947,0.822519,0.861036,1,0.542457,0.356798,0.598005,0.866191,0.794874,0.625104,0.711112,0.88499,0.764219,0.862322,0.763264,0.715598,0.743461,0.687429,0.585548,0.686756,0.774061,0.769175,0.653848,0.775716,0.787156,0.664571,0.820548,0.835192,0.75162,0.538611,0.766848,0.827433,0.881287,0.850426,0.712316,0.78783,0.867645,0.684784,0.66729,0.865761,0.666436,0.385998,0.417314,0.628284,0.733425,0.799264,0.691014,0.434985,0.501133,0.695695,0.859128,0.78179,0.470274,0.710901
0.6124,0.532349,0.668244,0.542974,0.639445,0.642701,0.555635,0.584143,0.613354,0.576805,0.635807,0.642926,0.617101,0.673119,0.608729,0.663306,0.650533,0.699097,0.58128,0.591115,0.655805,0.579445,0.607705,0.688509,0.353483,0.58826,0.686271,0.589063,0.659423,0.273116,0.416583,0.586576,0.574882,0.551519,0.542457,1,0.476834,0.615069,0.61178,0.572238,0.617826,0.730557,0.615256,0.627287,0.636023,0.65048,0.76396,0.57207,0.466652,0.347232,0.457805,0.672003,0.668392,0.652861,0.671915,0.668764,0.503305,0.632055,0.671068,0.418323,0.718352,0.444448,0.654803,0.628382,0.679215,0.572415,0.588944,0.681023,0.641202,0.541892,0.627235,0.439548,0.274044,0.352155,0.580187,0.593636,0.585262,0.399035,0.461918,0.289766,0.535998,0.627866,0.61944,0.605862,0.684621
0.418187,0.39176,0.48426,0.378639,0.430738,0.455112,0.54778,0.52902,0.348647,0.471074,0.435175,0.416525,0.416273,0.387696,0.358767,0.444257,0.507638,0.431302,0.381481,0.439682,0.45342,0.493752,0.43853,0.459044,0.389853,0.29382,0.397013,0.383439,0.521955,0.208642,0.0411573,0.33563,0.308521,0.314483,0.356798,0.476834,1,0.479874,0.387061,0.302826,0.446148,0.561388,0.420081,0.392516,0.438801,0.454767,0.427525,0.272468,0.0485392,0.353528,0.0915519,0.464051,0.45251,0.437195,0.481242,0.410539,0.449942,0.51764,0.472152,0.314316,0.445285,0.330476,0.345988,0.410652,0.444384,0.468543,0.26755,0.506397,0.399152,0.597786,0.423365,0.453491,0.19593,0.452512,0.447899,0.466703,0.362018,0.354341,0.329506,0.371641,0.322661,0.37905,0.479272,0.396146,0.487051
0.760611,0.734842,0.786534,0.728123,0.646565,0.602156,0.680039,0.575867,0.584092,0.722309,0.789152,0.693569,0.768296,0.732549,0.584454,0.699134,0.782267,0.640923,0.639697,0.622611,0.750879,0.746243,0.667046,0.721955,0.591794,0.732801,0.620572,0.633192,0.528613,0.369937,0.347517,0.67638,0.719387,0.626515,0.598005,0.615069,0.479874,1,0.684763,0.740663,0.573881,0.768169,0.721344,0.660482,0.763714,0.772255,0.732947,0.623411,0.519861,0.389106,0.542205,0.768722,0.771859,0.676355,0.742165,0.608831,0.726783,0.703108,0.761236,0.532091,0.624617,0.531004,0.678626,0.705461,0.730179,0.691538,0.593292,0.719268,0.601055,0.595852,0.728933,0.614487,0.423308,0.560372,0.538847,0.706981,0.715546,0.527947,0.509141,0.385886,0.599953,0.714475,0.714837,0.444941,0.745818
0.912233,0.923046,0.9338,0.867787,0.806969,0.848072,0.715476,0.704787,0.820213,0.830056,0.845099,0.849323,0.864169,0.920253,0.864428,0.87984,0.909321,0.803709,0.830685,0.934231,0.945576,0.845104,0.849793,0.926355,0.713679,0.874949,0.873176,0.872072,0.728595,0.51672,0.501408,0.714911,0.92789,0.894181,0.866191,0.61178,0.387061,0.684763,1,0.893063,0.618201,0.766595,0.927661,0.855692,0.932526,0.882701,0.814185,0.76107,0.703567,0.702553,0.769863,0.867828,0.88475,0.770558,0.893611,0.887985,0.736177,0.912975,0.941642,0.849619,0.642685,0.776596,0.899652,0.940365,0.943512,0.802425,0.871074,0.941513,0.731601,0.787787,0.892953,0.748094,0.469498,0.562289,0.794387,0.885087,0.93037,0.695227,0.465247,0.530773,0.815542,0.934481,0.894185,0.512748,0.8337
0.871629,0.850598,0.894575,0.875627,0.815876,0.838099,0.623384,0.656469,0.828692,0.884759,0.876003,0.876699,0.916734,0.880768,0.8669,0.846076,0.89403,0.761594,0.729813,0.864282,0.909886,0.772368,0.838838,0.895404,0.715099,0.857234,0.841451,0.82147,0.647365,0.461434,0.429503,0.722435,0.911174,0.870872,0.794874,0.572238,0.302826,0.740663,0.893063,1,0.556802,0.743981,0.872767,0.806628,0.91307,0.894638,0.822757,0.729545,0.710804,0.637494,0.79094,0.824613,0.889052,0.804196,0.87786,0.810915,0.823163,0.826249,0.883565,0.773349,0.661915,0.745734,0.89755,0.897701,0.88616,0.764184,0.82517,0.894388,0.753667,0.793572,0.880764,0.805252,0.420434,0.591043,0.757112,0.847774,0.864322,0.663202,0.410641,0.479773,0.720741,0.87726,0.886228,0.498919,0.833615
0.600934,0.597501,0.649559,0.599452,0.578701,0.576874,0.656864,0.589201,0.576817,0.553541,0.480706,0.623162,0.62087,0.650989,0.643004,0.633751,0.614134,0.719348,0.587391,0.626463,0.658731,0.554739,0.543533,0.672781,0.36516,0.57565,0.691238,0.525515,0.601493,0.436252,0.243249,0.638244,0.589957,0.593977,0.625104,0.617826,0.446148,0.573881,0.618201,0.556802,1,0.643245,0.662842,0.632322,0.651804,0.613793,0.581391,0.397706,0.377844,0.446413,0.447705,0.684593,0.628642,0.604615,0.654256,0.687618,0.447113,0.689159,0.667292,0.558453,0.463737,0.549449,0.483791,0.604548,0.638031,0.465362,0.65771,0.612696,0.550519,0.573111,0.62956,0.500997,0.294037,0.505644,0.437526,0.569064,0.63763,0.500648,0.410184,0.370812,0.573589,0.570326,0.680147,0.32202,0.603187
0.795641,0.749542,0.81592,0.743168,0.733326,0.66264,0.704423,0.686532,0.655071,0.747792,0.763836,0.789387,0.821611,0.82451,0.683403,0.781312,0.866013,0.655794,0.688019,0.737651,0.813827,0.789211,0.784099,0.78137,0.620244,0.684597,0.779488,0.76648,0.600568,0.463458,0.281247,0.763072,0.748015,0.698138,0.711112,0.730557,0.561388,0.768169,0.766595,0.743981,0.643245,1,0.787064,0.782212,0.787287,0.783738,0.809491,0.75131,0.493968,0.578517,0.585515,0.797485,0.834537,0.747673,0.802767,0.791501,0.625561,0.742115,0.822873,0.595775,0.616631,0.619802,0.788342,0.775045,0.826876,0.67045,0.764169,0.826601,0.737461,0.68475,0.759165,0.617939,0.464422,0.523965,0.680367,0.75438,0.761774,0.478652,0.39184,0.378201,0.621118,0.761652,0.783959,0.667215,0.806301
0.953153,0.935642,0.956567,0.889464,0.854513,0.881175,0.782839,0.825246,0.769145,0.791746,0.843212,0.833945,0.867436,0.954693,0.881639,0.818043,0.903142,0.806712,0.819255,0.923073,0.927289,0.832873,0.874061,0.942481,0.713156,0.851389,0.901569,0.875717,0.733111,0.536986,0.431822,0.716335,0.880539,0.882893,0.88499,0.615256,0.420081,0.721344,0.927661,0.872767,0.662842,0.787064,1,0.886701,0.968622,0.889047,0.855902,0.803406,0.775314,0.710793,0.732471,0.867818,0.876256,0.797722,0.900758,0.896086,0.796185,0.877859,0.941549,0.813514,0.64454,0.80836,0.867916,0.913756,0.91476,0.749716,0.867725,0.940211,0.774674,0.80339,0.941923,0.8094,0.387934,0.545898,0.746444,0.856708,0.867877,0.692493,0.401242,0.490155,0.781051,0.932959,0.906503,0.583165,0.821795
0.890807,0.894356,0.872789,0.834707,0.834481,0.760403,0.649865,0.750936,0.734403,0.75196,0.75557,0.817296,0.847863,0.920485,0.860377,0.843568,0.865088,0.757099,0.71815,0.822562,0.863162,0.713689,0.833675,0.839743,0.589747,0.766501,0.885824,0.816316,0.766756,0.504749,0.426591,0.790433,0.800542,0.76281,0.764219,0.627287,0.392516,0.660482,0.855692,0.806628,0.632322,0.782212,0.886701,1,0.886998,0.846152,0.871008,0.785524,0.719032,0.58947,0.771208,0.78267,0.838407,0.775196,0.846924,0.916194,0.730669,0.834079,0.881296,0.70183,0.573756,0.751306,0.814544,0.83479,0.851707,0.638912,0.850184,0.859784,0.687016,0.702105,0.864567,0.705146,0.545204,0.542545,0.740805,0.770073,0.827537,0.611159,0.393753,0.449639,0.640925,0.831607,0.84415,0.605991,0.735335
0.957483,0.929486,0.985393,0.930054,0.902659,0.913277,0.758002,0.782656,0.811959,0.859992,0.890946,0.87927,0.910013,0.951349,0.918319,0.854825,0.936162,0.847009,0.85252,0.955848,0.964542,0.857245,0.908094,0.977669,0.738122,0.914975,0.915318,0.879368,0.767062,0.522173,0.486112,0.712563,0.891302,0.893149,0.862322,0.636023,0.438801,0.763714,0.932526,0.91307,0.651804,0.787287,0.968622,0.886998,1,0.950626,0.882428,0.821329,0.789207,0.697091,0.778596,0.883363,0.928148,0.864055,0.944368,0.892361,0.852915,0.891411,0.954569,0.841499,0.718376,0.817485,0.89828,0.945535,0.943448,0.828082,0.860531,0.966221,0.779527,0.803608,0.95059,0.833631,0.396218,0.549124,0.753035,0.8632,0.900652,0.743208,0.439146,0.511409,0.82086,0.952645,0.936147,0.583655,0.847142
0.897315,0.849971,0.945321,0.900987,0.875087,0.87356,0.646338,0.675578,0.856212,0.880174,0.89578,0.88261,0.923395,0.908291,0.906469,0.874164,0.923024,0.858368,0.779998,0.893887,0.944887,0.797855,0.875461,0.936663,0.64886,0.883763,0.896672,0.814647,0.741113,0.422596,0.469504,0.676314,0.855584,0.843857,0.763264,0.65048,0.454767,0.772255,0.882701,0.894638,0.613793,0.783738,0.889047,0.846152,0.950626,1,0.882561,0.740207,0.702403,0.645672,0.750332,0.888177,0.934732,0.871309,0.931939,0.853414,0.834547,0.877141,0.915769,0.77081,0.75973,0.717308,0.885713,0.898501,0.903059,0.822417,0.814556,0.924366,0.722672,0.751621,0.883848,0.796882,0.37698,0.607002,0.75406,0.857549,0.880938,0.662994,0.465973,0.449016,0.80807,0.897052,0.897219,0.568012,0.837761
0.858737,0.809693,0.884399,0.852621,0.898838,0.797798,0.645174,0.721137,0.797543,0.794354,0.850526,0.838077,0.834847,0.907959,0.854197,0.837309,0.85575,0.774924,0.688658,0.80688,0.867071,0.71096,0.83097,0.87829,0.563574,0.781073,0.873389,0.795463,0.77285,0.339675,0.417434,0.664148,0.798092,0.748869,0.715598,0.76396,0.427525,0.732947,0.814185,0.822757,0.581391,0.809491,0.855902,0.871008,0.882428,0.882561,1,0.785235,0.723939,0.593106,0.718468,0.828592,0.851296,0.830811,0.854341,0.862063,0.734638,0.790354,0.873499,0.632917,0.759488,0.701252,0.865573,0.804815,0.84869,0.684026,0.792634,0.880188,0.778218,0.719757,0.860916,0.712785,0.437485,0.478297,0.758806,0.810873,0.798848,0.549216,0.440604,0.339418,0.68195,0.843547,0.820858,0.688382,0.84494
0.824811,0.797478,0.806607,0.768732,0.761424,0.712597,0.665307,0.716745,0.572861,0.675608,0.752032,0.713089,0.733215,0.816037,0.73204,0.67951,0.765746,0.605848,0.734973,0.800189,0.815197,0.751964,0.818614,0.790264,0.731045,0.762498,0.773782,0.742486,0.578648,0.443775,0.438036,0.631072,0.702438,0.759449,0.743461,0.57207,0.272468,0.623411,0.76107,0.729545,0.397706,0.75131,0.803406,0.785524,0.821329,0.740207,0.785235,1,0.816653,0.633248,0.73164,0.722989,0.763613,0.68782,0.74122,0.771433,0.723341,0.667952,0.777368,0.639788,0.548346,0.697721,0.826428,0.815106,0.814396,0.61982,0.743066,0.812638,0.697059,0.593376,0.818425,0.633035,0.339338,0.251425,0.569783,0.672893,0.779318,0.571351,0.280824,0.345604,0.625603,0.869417,0.741547,0.699879,0.68992
0.775048,0.73955,0.752682,0.775252,0.734982,0.721397,0.531316,0.644547,0.595021,0.583813,0.658576,0.646802,0.662743,0.756845,0.766293,0.56711,0.657098,0.649892,0.661562,0.737689,0.717811,0.58786,0.756684,0.750397,0.599156,0.732824,0.729884,0.694061,0.563578,0.517342,0.484154,0.49965,0.659406,0.758379,0.687429,0.466652,0.0485392,0.519861,0.703567,0.710804,0.377844,0.493968,0.775314,0.719032,0.789207,0.702403,0.723939,0.816653,1,0.600272,0.766327,0.59312,0.6393,0.656301,0.695925,0.708187,0.699252,0.599479,0.720475,0.594928,0.555466,0.771979,0.715827,0.754445,0.686739,0.541167,0.716504,0.739204,0.680049,0.543002,0.775367,0.703674,0.234251,0.199149,0.575713,0.537123,0.66733,0.551917,0.257466,0.306046,0.623738,0.809485,0.719518,0.438984,0.581497
0.654224,0.634548,0.670067,0.66943,0.632997,0.571835,0.570137,0.641407,0.565135,0.619625,0.54815,0.648472,0.640444,0.684233,0.671474,0.502245,0.671534,0.621268,0.546263,0.732192,0.704121,0.687101,0.752422,0.70082,0.549157,0.605827,0.729207,0.565888,0.529282,0.375315,0.139127,0.40733,0.586517,0.64762,0.585548,0.347232,0.353528,0.389106,0.702553,0.637494,0.446413,0.578517,0.710793,0.58947,0.697091,0.645672,0.593106,0.633248,0.600272,1,0.578244,0.536042,0.584594,0.607363,0.668436,0.760651,0.552827,0.53135,0.710549,0.740389,0.438913,0.731389,0.627132,0.626321,0.69363,0.516332,0.713184,0.720889,0.648818,0.634033,0.628449,0.705767,0.139314,0.314411,0.601163,0.586346,0.680555,0.4623,0.300234,0.282531,0.757361,0.687883,0.717713,0.380161,0.527551
0.736705,0.722819,0.749835,0.757998,0.720935,0.660211,0.554011,0.484632,0.683155,0.688566,0.683427,0.744609,0.742866,0.791042,0.762532,0.655448,0.709006,0.586418,0.543367,0.753438,0.76799,0.62373,0.776721,0.745033,0.579641,0.750622,0.74039,0.669786,0.595069,0.449484,0.466546,0.677991,0.748763,0.773387,0.686756,0.457805,0.0915519,0.542205,0.769863,0.79094,0.447705,0.585515,0.732471,0.771208,0.778596,0.750332,0.718468,0.73164,0.766327,0.578244,1,0.667222,0.75015,0.691695,0.714546,0.741179,0.688915,0.676131,0.733516,0.688236,0.557941,0.802239,0.777376,0.745126,0.738594,0.506639,0.8438,0.755067,0.645651,0.503009,0.762738,0.684482,0.502458,0.37996,0.655139,0.651759,0.776427,0.605878,0.259326,0.282973,0.667093,0.786851,0.733017,0.437588,0.65219
0.837666,0.82057,0.89723,0.827402,0.784058,0.810644,0.733836,0.671074,0.751949,0.846264,0.882799,0.853185,0.876054,0.852997,0.814896,0.858666,0.864779,0.799826,0.72002,0.85457,0.910428,0.790548,0.768289,0.885335,0.706048,0.784866,0.815513,0.795617,0.648771,0.392587,0.418355,0.714617,0.870499,0.811205,0.774061,0.672003,0.464051,0.768722,0.867828,0.824613,0.684593,0.797485,0.867818,0.78267,0.883363,0.888177,0.828592,0.722989,0.59312,0.536042,0.667222,1,0.921224,0.812634,0.877895,0.793121,0.721279,0.900233,0.889632,0.712355,0.70655,0.608706,0.852439,0.852911,0.900908,0.74756,0.80589,0.875098,0.682853,0.737747,0.84275,0.649014,0.415244,0.60208,0.644134,0.888861,0.868894,0.638151,0.433315,0.466157,0.714772,0.890139,0.845372,0.611517,0.872405
0.873862,0.835383,0.933388,0.858457,0.831868,0.838846,0.735915,0.668119,0.773796,0.919038,0.929634,0.932373,0.946549,0.887568,0.866778,0.83849,0.9259,0.812999,0.74159,0.90507,0.923588,0.833112,0.857721,0.909581,0.710677,0.82059,0.873087,0.822231,0.693339,0.494431,0.507289,0.738724,0.889109,0.826042,0.769175,0.668392,0.45251,0.771859,0.88475,0.889052,0.628642,0.834537,0.876256,0.838407,0.928148,0.934732,0.851296,0.763613,0.6393,0.584594,0.75015,0.921224,1,0.903439,0.951397,0.842218,0.807253,0.886225,0.918423,0.786856,0.739891,0.69034,0.880849,0.892449,0.919171,0.807085,0.843786,0.914986,0.707521,0.775194,0.882316,0.717483,0.507744,0.609173,0.767699,0.896498,0.877814,0.715319,0.387147,0.490605,0.759147,0.914805,0.90218,0.645303,0.878114
