1,0.824956,0.910055,0.764823,0.741743,0.584119,0.633587,0.485022,0.659459,0.688764,0.767845,0.756535,0.910045,0.93595,0.632908,0.806558,0.893269,0.511718,0.757616,0.888511,0.862775,0.720538,0.667816,0.851425,0.250231,0.641268,0.838488,0.636994,-0.0740328,0.130503,0.331977,0.38201,0.811589,0.825888,0.613831,0.522948,0.27594,0.504052,0.908267,0.7983,0.548474,0.597135,0.945035,0.879728,0.939287,0.867816,0.795333,0.697139,0.454885,0.616203,0.586097,0.848985,0.870279,0.814788,0.870629,0.834326,0.500887,0.864114,0.860988,0.283784,0.688453,0.47316,0.8081,0.872556,0.881282,0.668554,0.766906,0.907257,0.410814,0.751408,0.707076,0.475651,0.519753,0.515324,0.430145,0.815677,0.813173,0.750013,0.561602,0.312717,0.778805,0.878359,0.802047,0.406147,0.733275
0.824956,1,0.913419,0.773207,0.53004,0.399137,0.498816,0.295933,0.555695,0.754921,0.772098,0.805567,0.863912,0.765663,0.460983,0.879851,0.865464,0.361983,0.587471,0.75932,0.736565,0.560192,0.443782,0.705013,0.145735,0.505022,0.633579,0.499658,0.0392185,0.107444,0.113692,0.48139,0.735146,0.782732,0.536681,0.416517,0.21812,0.462027,0.845988,0.729701,0.331212,0.419253,0.80282,0.798311,0.840071,0.816417,0.576102,0.468973,0.196746,0.312961,0.272569,0.843421,0.740052,0.742771,0.743007,0.64848,0.221831,0.839489,0.698922,0.261017,0.515911,0.260913,0.712904,0.780167,0.723322,0.753395,0.505656,0.774423,0.453907,0.796079,0.545537,0.391939,0.382068,0.421307,0.226247,0.684013,0.633381,0.6264,0.440104,0.354546,0.594298,0.773974,0.600724,0.318535,0.545408
0.910055,0.913419,1,0.836869,0.658973,0.514696,0.543238,0.379558,0.685368,0.711157,0.853567,0.81985,0.959143,0.833881,0.627262,0.820947,0.965059,0.436221,0.644116,0.83136,0.828533,0.605263,0.472969,0.767982,0.151718,0.542393,0.735453,0.49084,-0.0493439,0.0165741,0.251796,0.345871,0.792333,0.829498,0.582553,0.40149,0.17699,0.431492,0.909188,0.772011,0.411696,0.406916,0.872286,0.869037,0.922021,0.841643,0.702755,0.613497,0.303739,0.515897,0.440199,0.859206,0.802166,0.808298,0.852321,0.739148,0.397533,0.816362,0.820607,0.342063,0.610397,0.424094,0.728759,0.859685,0.823479,0.753507,0.636234,0.836209,0.458104,0.768982,0.590256,0.40937,0.444003,0.457184,0.334326,0.75787,0.709361,0.674739,0.430499,0.252643,0.652174,0.792827,0.699417,0.30001,0.65021
0.764823,0.773207,0.836869,1,0.576096,0.428329,0.504315,0.314676,0.540192,0.723624,0.755868,0.714694,0.7888,0.740847,0.52206,0.637813,0.760379,0.394367,0.570021,0.733393,0.708569,0.525432,0.413935,0.665325,0.303892,0.384453,0.586027,0.350285,0.0789751,0.0904278,0.125117,0.295665,0.718778,0.70779,0.462055,0.28788,0.0878414,0.398545,0.80666,0.66738,0.400884,0.474485,0.702796,0.779386,0.826725,0.681818,0.597733,0.479073,0.374063,0.374441,0.401367,0.762851,0.742298,0.672705,0.728653,0.694961,0.390764,0.69278,0.730786,0.467109,0.379186,0.350373,0.691861,0.798451,0.736837,0.771301,0.595086,0.753829,0.412144,0.622936,0.511494,0.437294,0.442812,0.487649,0.187674,0.621459,0.70946,0.709716,0.528967,0.295443,0.429853,0.748028,0.697082,0.260146,0.618118
0.741743,0.53004,0.658973,0.576096,1,0.748147,0.555451,0.557922,0.579752,0.481432,0.624267,0.645325,0.678112,0.738769,0.440777,0.545187,0.654019,0.581014,0.799634,0.733856,0.827113,0.620299,0.595387,0.871015,0.317393,0.699307,0.74723,0.592886,-0.015911,-0.0913927,0.339789,0.330003,0.633275,0.687338,0.595974,0.430205,0.200681,0.44221,0.695864,0.711625,0.569176,0.500867,0.786627,0.762021,0.767545,0.666399,0.687878,0.6743,0.425265,0.663603,0.535415,0.657137,0.656443,0.474148,0.62944,0.725393,0.541612,0.648731,0.717788,0.303304,0.484417,0.376794,0.715786,0.733048,0.788133,0.400652,0.736141,0.816891,0.154167,0.524648,0.716068,0.591715,0.532154,0.421751,0.488232,0.682041,0.681247,0.603155,0.411914,0.286817,0.595829,0.732409,0.651203,0.560506,0.692924
0.584119,0.399137,0.514696,0.428329,0.748147,1,0.5745,0.677517,0.585209,0.535916,0.607829,0.435007,0.545132,0.641654,0.573307,0.448622,0.565761,0.744387,0.60514,0.629204,0.709964,0.449645,0.524869,0.773648,0.395113,0.622677,0.596267,0.562378,-0.00835648,0.0131476,0.377236,0.386799,0.487278,0.537395,0.562416,0.494062,0.385329,0.522159,0.592048,0.546528,0.458125,0.442976,0.622546,0.579412,0.573791,0.51573,0.533541,0.56471,0.3534,0.605471,0.427866,0.457281,0.578279,0.260316,0.409483,0.629288,0.547879,0.529624,0.538024,0.407491,0.337244,0.362557,0.664868,0.590549,0.627853,0.374536,0.530588,0.728337,0.0708836,0.533629,0.675452,0.456649,0.542532,0.492193,0.484296,0.510733,0.658132,0.463217,0.422932,0.469136,0.459323,0.625976,0.619289,0.48357,0.595035
0.633587,0.498816,0.543238,0.504315,0.555451,0.5745,1,0.538324,0.596046,0.459428,0.447116,0.437885,0.532295,0.709972,0.634821,0.452796,0.556571,0.550795,0.678007,0.583571,0.678667,0.537808,0.564196,0.675536,0.363394,0.445519,0.544287,0.442909,-0.137188,0.239116,0.214281,0.477406,0.54608,0.621987,0.524327,0.491826,0.174482,0.326174,0.717881,0.584488,0.47041,0.552392,0.651807,0.650226,0.598805,0.600147,0.634697,0.738213,0.588147,0.382531,0.446299,0.595323,0.659089,0.439822,0.544609,0.723608,0.50404,0.543479,0.576407,0.449134,0.28929,0.485829,0.69598,0.620785,0.692751,0.345015,0.646573,0.713448,0.273778,0.57346,0.557914,0.537256,0.410503,0.573482,0.281593,0.541161,0.66406,0.621631,0.634522,0.322207,0.395213,0.688996,0.666603,0.497345,0.638048
0.485022,0.295933,0.379558,0.314676,0.557922,0.677517,0.538324,1,0.564479,0.421979,0.420768,0.365761,0.44117,0.481079,0.502937,0.413779,0.446778,0.693398,0.527234,0.536144,0.585884,0.514219,0.672674,0.647212,0.427259,0.399996,0.507529,0.479881,-0.0970815,0.166578,0.415729,0.32784,0.58805,0.540045,0.511907,0.482235,0.348885,0.305214,0.566813,0.486538,0.270141,0.324426,0.494265,0.469636,0.416923,0.430026,0.447017,0.572045,0.428444,0.619648,0.548171,0.466603,0.552215,0.312061,0.456623,0.506787,0.695336,0.4229,0.517267,0.31825,0.175202,0.345991,0.443498,0.502639,0.504301,0.164213,0.396421,0.666898,0.13933,0.371194,0.644455,0.49506,0.281956,0.348929,0.3702,0.432982,0.535922,0.408788,0.374665,0.418094,0.389703,0.53121,0.527364,0.654092,0.347441
0.659459,0.555695,0.685368,0.540192,0.579752,0.585209,0.596046,0.564479,1,0.459316,0.732082,0.544131,0.76586,0.609962,0.770794,0.573566,0.757709,0.624308,0.667144,0.596951,0.740583,0.434012,0.521898,0.653461,0.240387,0.489991,0.612664,0.406371,-0.239281,-0.0142284,0.406143,0.284997,0.620348,0.631262,0.532501,0.259084,0.273309,0.265537,0.759256,0.695531,0.38373,0.312956,0.682898,0.707575,0.659677,0.625585,0.63438,0.67275,0.474395,0.619785,0.470577,0.616449,0.711986,0.5896,0.717397,0.642635,0.466916,0.577259,0.686585,0.384692,0.430313,0.484445,0.575752,0.698344,0.736288,0.490641,0.571818,0.709225,0.426553,0.573639,0.647046,0.44128,0.234144,0.373626,0.289589,0.583818,0.600269,0.50837,0.380248,0.299346,0.582716,0.584221,0.51766,0.478095,0.540657
0.688764,0.754921,0.711157,0.723624,0.481432,0.535916,0.459428,0.421979,0.459316,1,0.679992,0.618261,0.677366,0.653936,0.446259,0.744032,0.703069,0.442407,0.478235,0.730335,0.721166,0.643278,0.342068,0.64596,0.390796,0.367869,0.536783,0.507261,0.325152,0.232222,0.253919,0.375302,0.675913,0.670701,0.54363,0.52459,0.312093,0.454852,0.706151,0.661384,0.285212,0.59661,0.606661,0.630231,0.65391,0.596166,0.390826,0.330771,0.326712,0.354705,0.195558,0.747598,0.708893,0.485958,0.553133,0.551067,0.228377,0.671916,0.5734,0.39862,0.431613,0.221296,0.733428,0.673315,0.657722,0.6957,0.453651,0.679299,0.319882,0.728678,0.488783,0.33199,0.533686,0.436636,0.316545,0.661629,0.662708,0.486367,0.453277,0.461951,0.393836,0.717428,0.690734,0.370565,0.541146
0.767845,0.772098,0.853567,0.755868,0.624267,0.607829,0.447116,0.420768,0.732082,0.679992,1,0.794006,0.868861,0.718042,0.634278,0.711341,0.895553,0.50624,0.605928,0.793154,0.760399,0.436341,0.434302,0.694738,0.203169,0.536489,0.674751,0.474718,-0.126437,-0.162534,0.257729,0.408761,0.719234,0.711674,0.444716,0.321745,0.303327,0.327869,0.81531,0.703439,0.252942,0.298804,0.768644,0.797951,0.804855,0.679138,0.602381,0.47901,0.242768,0.448038,0.387499,0.747846,0.73104,0.689974,0.759171,0.718364,0.381001,0.746851,0.753913,0.299507,0.495688,0.389952,0.634606,0.747232,0.760333,0.741689,0.518654,0.748152,0.41628,0.660943,0.583063,0.423236,0.402251,0.490776,0.237987,0.715649,0.665873,0.604037,0.482782,0.398134,0.527315,0.710246,0.680042,0.314414,0.628775
0.756535,0.805567,0.81985,0.714694,0.645325,0.435007,0.437885,0.365761,0.544131,0.618261,0.794006,1,0.842883,0.670651,0.395353,0.699977,0.800454,0.372643,0.616832,0.791254,0.697025,0.607352,0.449991,0.667633,0.259838,0.581234,0.628911,0.422465,0.067993,-0.103298,0.155891,0.407004,0.729837,0.744647,0.437898,0.306709,0.0180191,0.356749,0.805343,0.683775,0.315512,0.336096,0.795386,0.862692,0.824799,0.682724,0.466481,0.494772,0.261303,0.34252,0.24514,0.794655,0.716984,0.733659,0.748024,0.650704,0.331912,0.7211,0.759651,0.128478,0.514253,0.234765,0.595458,0.723242,0.725571,0.63457,0.540798,0.702681,0.471809,0.593543,0.473773,0.353764,0.475322,0.375847,0.370826,0.744092,0.55416,0.56014,0.487832,0.238342,0.499657,0.702608,0.643565,0.408583,0.625506
0.910045,0.863912,0.959143,0.7888,0.678112,0.545132,0.532295,0.44117,0.76586,0.677366,0.868861,0.842883,1,0.823348,0.668561,0.819138,0.964339,0.481997,0.701764,0.856715,0.852176,0.61823,0.562097,0.786327,0.181317,0.618687,0.745177,0.55581,-0.120562,0.016624,0.28307,0.393447,0.817141,0.821304,0.633698,0.392982,0.242743,0.439455,0.916783,0.815506,0.434015,0.396868,0.911839,0.895477,0.941722,0.833066,0.702071,0.648079,0.40693,0.583972,0.517828,0.855022,0.85218,0.839897,0.90607,0.771446,0.455089,0.838369,0.872306,0.264629,0.654083,0.439629,0.743243,0.856905,0.861164,0.762169,0.653227,0.842557,0.5188,0.727424,0.662878,0.394471,0.403534,0.404872,0.339613,0.77204,0.741263,0.669096,0.458796,0.242694,0.72295,0.811334,0.69839,0.377785,0.645426
0.93595,0.765663,0.833881,0.740847,0.738769,0.641654,0.709972,0.481079,0.609962,0.653936,0.718042,0.670651,0.823348,1,0.671682,0.734892,0.822339,0.558115,0.738099,0.827263,0.840869,0.708829,0.679394,0.843849,0.236783,0.649279,0.812808,0.658147,-0.0549593,0.147465,0.347014,0.400154,0.745144,0.791448,0.55162,0.50344,0.280341,0.557784,0.887188,0.766795,0.616816,0.634927,0.926137,0.845218,0.896036,0.865627,0.793589,0.673366,0.468077,0.584749,0.581762,0.796939,0.831412,0.7572,0.803919,0.8666,0.473702,0.848304,0.813955,0.321971,0.558416,0.584155,0.7954,0.863358,0.880611,0.593685,0.741982,0.907333,0.419676,0.712215,0.739109,0.561975,0.583666,0.599361,0.322313,0.789132,0.835624,0.764811,0.667452,0.330684,0.717234,0.895655,0.827341,0.412711,0.76637
0.632908,0.460983,0.627262,0.52206,0.440777,0.573307,0.634821,0.502937,0.770794,0.446259,0.634278,0.395353,0.668561,0.671682,1,0.426606,0.681194,0.630019,0.47954,0.535678,0.625704,0.374215,0.470942,0.568568,0.203456,0.336246,0.503144,0.343726,-0.283663,0.109371,0.367039,0.242154,0.500493,0.513098,0.396132,0.358234,0.229858,0.380182,0.701379,0.507823,0.471748,0.32344,0.641029,0.592494,0.592341,0.548531,0.624863,0.690437,0.476244,0.59039,0.554796,0.505457,0.62695,0.564386,0.638397,0.665415,0.509573,0.483821,0.587157,0.398804,0.376293,0.65034,0.568603,0.663227,0.656796,0.39509,0.455221,0.674365,0.437386,0.509143,0.603555,0.315428,0.380908,0.553631,0.221979,0.517112,0.656485,0.570675,0.447088,0.259313,0.536644,0.55822,0.556552,0.409012,0.525322
0.806558,0.879851,0.820947,0.637813,0.545187,0.448622,0.452796,0.413779,0.573566,0.744032,0.711341,0.699977,0.819138,0.734892,0.426606,1,0.812885,0.381165,0.588905,0.758078,0.761351,0.635268,0.465139,0.723723,0.165475,0.632375,0.640653,0.5659,0.0533904,0.192901,0.301109,0.381598,0.752616,0.769498,0.655589,0.383877,0.315883,0.479877,0.792986,0.77223,0.331706,0.427111,0.801046,0.76136,0.791456,0.847169,0.55664,0.39003,0.286794,0.472565,0.282093,0.813255,0.734258,0.669854,0.719105,0.597886,0.240619,0.909657,0.726176,0.190652,0.534365,0.278558,0.677658,0.766105,0.734941,0.671417,0.474388,0.757202,0.482437,0.789276,0.601244,0.478103,0.314459,0.226348,0.226978,0.740776,0.626396,0.575587,0.36931,0.347687,0.629981,0.773212,0.591457,0.387278,0.453629
0.893269,0.865464,0.965059,0.760379,0.654019,0.565761,0.556571,0.446778,0.757709,0.703069,0.895553,0.800454,0.964339,0.822339,0.681194,0.812885,1,0.479504,0.664377,0.850516,0.857949,0.594323,0.507679,0.77173,0.118451,0.550572,0.734164,0.53052,-0.148766,-0.0492365,0.289243,0.403622,0.815704,0.813594,0.615286,0.411078,0.257241,0.367474,0.91374,0.803309,0.366842,0.356444,0.879985,0.866972,0.899308,0.821754,0.709238,0.638218,0.344117,0.577613,0.479223,0.855945,0.815929,0.801357,0.876001,0.759298,0.434051,0.81541,0.861045,0.344537,0.62958,0.455614,0.725861,0.838716,0.849338,0.725812,0.608606,0.833734,0.458629,0.776588,0.616,0.398713,0.403749,0.433657,0.304314,0.769797,0.736576,0.625531,0.471634,0.273012,0.666186,0.788228,0.724251,0.331971,0.669948
0.511718,0.361983,0.436221,0.394367,0.581014,0.744387,0.550795,0.693398,0.624308,0.442407,0.50624,0.372643,0.481997,0.558115,0.630019,0.381165,0.479504,1,0.566111,0.491742,0.625451,0.36614,0.654894,0.674675,0.328058,0.521178,0.519409,0.524827,0.0599695,0.240047,0.560695,0.235861,0.463401,0.379921,0.373155,0.251022,0.370158,0.435494,0.583044,0.482707,0.490282,0.362931,0.512689,0.504911,0.503483,0.509869,0.562588,0.565418,0.370099,0.539224,0.462997,0.420004,0.580848,0.40875,0.488303,0.648193,0.532213,0.462409,0.516735,0.246208,0.301829,0.521533,0.518206,0.5748,0.597614,0.276357,0.540083,0.701465,0.315724,0.44085,0.757171,0.426137,0.502238,0.638607,0.377136,0.534817,0.554519,0.469481,0.364452,0.306238,0.430462,0.546111,0.564419,0.545681,0.46156
0.757616,0.587471,0.644116,0.570021,0.799634,0.60514,0.678007,0.527234,0.667144,0.478235,0.605928,0.616832,0.701764,0.738099,0.47954,0.588905,0.664377,0.566111,1,0.746216,0.850479,0.567582,0.676036,0.794841,0.376564,0.617836,0.716743,0.743412,-0.137872,0.0639532,0.229756,0.530499,0.669852,0.708209,0.649027,0.507978,0.356212,0.458167,0.770059,0.854785,0.634348,0.565702,0.810639,0.806557,0.76358,0.649415,0.75821,0.733023,0.562072,0.584203,0.539643,0.752734,0.766556,0.483843,0.657283,0.781982,0.458886,0.692899,0.707424,0.358599,0.576028,0.45686,0.801649,0.717719,0.831691,0.52429,0.72309,0.809577,0.255974,0.542094,0.75232,0.63717,0.394635,0.447894,0.375734,0.726893,0.775782,0.669892,0.528606,0.394576,0.698586,0.816893,0.694501,0.590529,0.648302
0.888511,0.75932,0.83136,0.733393,0.733856,0.629204,0.583571,0.536144,0.596951,0.730335,0.793154,0.791254,0.856715,0.827263,0.535678,0.758078,0.850516,0.491742,0.746216,1,0.883832,0.726071,0.603583,0.852022,0.340296,0.641606,0.794651,0.663893,0.0655664,0.0668848,0.350045,0.397851,0.860836,0.777162,0.619202,0.507972,0.295116,0.443236,0.884087,0.856135,0.39385,0.577593,0.885686,0.892082,0.886345,0.731568,0.663521,0.625585,0.473833,0.568299,0.52441,0.878975,0.874724,0.707841,0.789039,0.830887,0.483684,0.826825,0.866412,0.299538,0.613327,0.37109,0.836646,0.828906,0.892518,0.723063,0.663749,0.845954,0.356266,0.71777,0.616121,0.456455,0.593711,0.419166,0.440892,0.816169,0.855062,0.667139,0.560996,0.378386,0.649593,0.890537,0.853391,0.476635,0.755173
0.862775,0.736565,0.828533,0.708569,0.827113,0.709964,0.678667,0.585884,0.740583,0.721166,0.760399,0.697025,0.852176,0.840869,0.625704,0.761351,0.857949,0.625451,0.850479,0.883832,1,0.697908,0.624586,0.909649,0.279047,0.628033,0.775642,0.69428,0.0181155,0.0916622,0.415076,0.459132,0.814824,0.817032,0.786396,0.471602,0.33752,0.514997,0.887856,0.927244,0.565033,0.563052,0.882628,0.869368,0.857799,0.757452,0.761462,0.71646,0.515639,0.683088,0.52261,0.872015,0.856526,0.634261,0.79537,0.844474,0.466832,0.806255,0.848472,0.408614,0.618346,0.506181,0.884785,0.872875,0.936944,0.636909,0.739003,0.910332,0.426273,0.764391,0.782595,0.601615,0.518383,0.479038,0.456106,0.829146,0.868631,0.6348,0.512724,0.380096,0.669544,0.896518,0.795797,0.562754,0.748795
0.720538,0.560192,0.605263,0.525432,0.620299,0.449645,0.537808,0.514219,0.434012,0.643278,0.436341,0.607352,0.61823,0.708829,0.374215,0.635268,0.594323,0.36614,0.567582,0.726071,0.697908,1,0.598496,0.697937,0.305813,0.582266,0.675355,0.552189,0.225263,0.128414,0.392445,0.172144,0.695557,0.723048,0.530233,0.509275,0.0828143,0.398486,0.694605,0.669932,0.457706,0.632003,0.703459,0.669238,0.673158,0.637947,0.480439,0.487189,0.532822,0.524271,0.411843,0.713813,0.69851,0.546448,0.601774,0.606169,0.366721,0.665681,0.660345,0.160946,0.478793,0.317623,0.584991,0.706735,0.74781,0.366869,0.594011,0.688749,0.348712,0.55769,0.511986,0.419523,0.544496,0.339448,0.419503,0.703306,0.634676,0.521631,0.487798,0.236776,0.47883,0.708328,0.678312,0.470026,0.676433
0.667816,0.443782,0.472969,0.413935,0.595387,0.524869,0.564196,0.672674,0.521898,0.342068,0.434302,0.449991,0.562097,0.679394,0.470942,0.465139,0.507679,0.654894,0.676036,0.603583,0.624586,0.598496,1,0.750964,0.298118,0.618783,0.66731,0.699908,-0.15718,0.229226,0.423055,0.390061,0.627172,0.570988,0.453055,0.387002,0.387296,0.432543,0.634794,0.608239,0.461617,0.470682,0.691158,0.574313,0.64151,0.617642,0.708935,0.636313,0.487096,0.507983,0.735243,0.584889,0.699455,0.571884,0.641581,0.735662,0.657705,0.625633,0.648094,0.0738289,0.37179,0.441488,0.544529,0.613431,0.676483,0.319852,0.667661,0.762307,0.320425,0.442029,0.776442,0.527105,0.311726,0.470393,0.32357,0.528033,0.658205,0.60641,0.601367,0.315039,0.645361,0.680946,0.591088,0.549662,0.522152
0.851425,0.705013,0.767982,0.665325,0.871015,0.773648,0.675536,0.647212,0.653461,0.64596,0.694738,0.667633,0.786327,0.843849,0.568568,0.723723,0.77173,0.674675,0.794841,0.852022,0.909649,0.697937,0.750964,1,0.383146,0.725019,0.791114,0.668351,0.0312263,0.135642,0.442635,0.457069,0.808937,0.772563,0.716075,0.46144,0.291523,0.554592,0.825586,0.839991,0.545146,0.566432,0.880336,0.845566,0.852099,0.790566,0.785062,0.753226,0.506772,0.686182,0.60692,0.786917,0.823428,0.595819,0.733363,0.86039,0.635289,0.795615,0.825526,0.316594,0.532883,0.414157,0.832568,0.850381,0.878617,0.551901,0.770547,0.931629,0.338851,0.71599,0.790951,0.585035,0.552456,0.483925,0.52387,0.74263,0.834851,0.678081,0.511908,0.398032,0.671493,0.860939,0.756707,0.632683,0.718015
0.250231,0.145735,0.151718,0.303892,0.317393,0.395113,0.363394,0.427259,0.240387,0.390796,0.203169,0.259838,0.181317,0.236783,0.203456,0.165475,0.118451,0.328058,0.376564,0.340296,0.279047,0.305813,0.298118,0.383146,1,0.177332,0.163038,0.201541,0.148641,0.269538,0.168943,0.280412,0.343249,0.28641,0.214892,0.386571,0.0431672,0.318384,0.283058,0.341154,0.281243,0.482831,0.23936,0.36563,0.224811,0.137325,0.205342,0.266545,0.382365,0.262136,0.126866,0.287554,0.394025,-0.0277808,0.106926,0.391524,0.503672,0.107404,0.237015,0.328818,0.0326885,0.157329,0.346125,0.24761,0.305193,0.239385,0.353018,0.309871,0.0258697,0.117847,0.199731,0.242013,0.418305,0.187581,0.346395,0.254776,0.410772,0.387941,0.363716,0.434474,0.0824359,0.29675,0.379279,0.387293,0.313523
0.641268,0.505022,0.542393,0.384453,0.699307,0.622677,0.445519,0.399996,0.489991,0.367869,0.536489,0.581234,0.618687,0.649279,0.336246,0.632375,0.550572,0.521178,0.617836,0.641606,0.628033,0.582266,0.618783,0.725019,0.177332,1,0.677261,0.602656,0.0264661,0.023525,0.431149,0.163085,0.531478,0.567387,0.470276,0.242163,0.208552,0.492354,0.583071,0.592716,0.456003,0.427826,0.732006,0.638093,0.72037,0.70636,0.545239,0.413342,0.452879,0.45778,0.443132,0.494784,0.606416,0.507973,0.566131,0.624924,0.398521,0.756154,0.63894,-0.0766023,0.496385,0.219457,0.522311,0.628626,0.682235,0.412498,0.638329,0.664983,0.255332,0.463104,0.630103,0.468935,0.431322,0.24202,0.355127,0.609158,0.508859,0.53209,0.32694,0.127395,0.593676,0.625533,0.499425,0.400633,0.511457
0.838488,0.633579,0.735453,0.586027,0.74723,0.596267,0.544287,0.507529,0.612664,0.536783,0.674751,0.628911,0.745177,0.812808,0.503144,0.640653,0.734164,0.519409,0.716743,0.794651,0.775642,0.675355,0.66731,0.791114,0.163038,0.677261,1,0.624129,0.0593551,0.029772,0.454623,0.193727,0.625445,0.722559,0.447314,0.430561,0.327851,0.436364,0.77488,0.712857,0.434348,0.601915,0.829804,0.700276,0.803682,0.772946,0.724991,0.577865,0.455943,0.521985,0.556997,0.709511,0.796935,0.706783,0.732782,0.760034,0.420734,0.777778,0.706556,0.113349,0.61972,0.40109,0.665361,0.749284,0.767428,0.554556,0.716671,0.806065,0.329507,0.565302,0.692363,0.541976,0.554234,0.513247,0.464564,0.778414,0.665787,0.593354,0.493191,0.19566,0.715065,0.785536,0.727155,0.392511,0.67401
0.636994,0.499658,0.49084,0.350285,0.592886,0.562378,0.442909,0.479881,0.406371,0.507261,0.474718,0.422465,0.55581,0.658147,0.343726,0.5659,0.53052,0.524827,0.743412,0.663893,0.69428,0.552189,0.699908,0.668351,0.201541,0.602656,0.624129,1,-0.00602306,0.212575,0.292993,0.488084,0.543271,0.574797,0.515888,0.607319,0.666009,0.445135,0.568725,0.67456,0.445019,0.554646,0.682004,0.548,0.608946,0.530205,0.617187,0.47638,0.273586,0.488427,0.542895,0.642702,0.652092,0.386754,0.47305,0.587731,0.274207,0.671788,0.493559,0.17703,0.489656,0.442865,0.663674,0.534592,0.643133,0.46522,0.501458,0.683368,0.136744,0.55234,0.723149,0.454758,0.335814,0.357016,0.268617,0.609251,0.693443,0.500214,0.462339,0.460488,0.702088,0.737414,0.583651,0.488355,0.492048
-0.0740328,0.0392185,-0.0493439,0.0789751,-0.015911,-0.00835648,-0.137188,-0.0970815,-0.239281,0.325152,-0.126437,0.067993,-0.120562,-0.0549593,-0.283663,0.0533904,-0.148766,0.0599695,-0.137872,0.0655664,0.0181155,0.225263,-0.15718,0.0312263,0.148641,0.0264661,0.0593551,-0.00602306,1,0.3061,0.284488,-0.301484,-0.0505059,-0.081928,-0.0415477,-0.168037,-0.126507,0.225467,-0.0411268,0.00612929,0.0459785,0.313529,-0.124928,-0.0511607,-0.0337618,-0.0100224,-0.275118,-0.208285,-0.0280044,-0.162668,-0.404079,0.0878017,0.0586254,-0.0488734,-0.138134,-0.0977586,-0.324559,0.000270839,-0.09106,-0.145952,-0.0482129,-0.179458,0.0921852,0.0736008,0.00190059,0.154574,0.0550189,-0.0593946,0.118258,0.0572928,-0.143688,-0.0578334,0.436175,0.000951401,0.38087,0.194496,-0.037264,-0.19031,-0.143494,-0.0871846,-0.135471,0.105218,0.140151,0.113623,0.0182028
0.130503,0.107444,0.0165741,0.0904278,-0.0913927,0.0131476,0.239116,0.166578,-0.0142284,0.232222,-0.162534,-0.103298,0.016624,0.147465,0.109371,0.192901,-0.0492365,0.240047,0.0639532,0.0668848,0.0916622,0.128414,0.229226,0.135642,0.269538,0.023525,0.029772,0.212575,0.3061,1,0.214626,0.00882607,0.10561,0.0896345,0.167729,0.119148,0.237229,0.419798,0.132235,0.126415,0.227069,0.414209,0.047762,0.024783,0.0408079,0.12467,0.127001,0.115131,0.081207,0.172839,0.062401,0.163121,0.282583,0.0643913,0.0473384,0.124693,0.0896089,0.102526,-0.0224378,0.164835,0.0166495,0.266059,0.205367,0.126818,0.0924934,0.0984922,0.181978,0.168145,0.100282,0.184988,0.199178,0.123462,0.148453,0.0469753,0.185291,0.157992,0.230427,0.205729,0.0364609,0.168571,0.14265,0.249789,0.150456,0.271745,0.00901529
0.331977,0.113692,0.251796,0.125117,0.339789,0.377236,0.214281,0.415729,0.406143,0.253919,0.257729,0.155891,0.28307,0.347014,0.367039,0.301109,0.289243,0.560695,0.229756,0.350045,0.415076,0.392445,0.423055,0.442635,0.168943,0.431149,0.454623,0.292993,0.284488,0.214626,1,-0.239894,0.346623,0.272445,0.25211,-0.0549811,0.110391,0.201565,0.28835,0.38526,0.199193,0.333785,0.332712,0.284841,0.28411,0.357874,0.375016,0.278396,0.306923,0.505739,0.310159,0.320166,0.38922,0.331568,0.352416,0.384593,0.28439,0.283115,0.384428,-0.0900318,0.336855,0.461963,0.207652,0.420263,0.433107,0.0795242,0.444757,0.378065,0.325652,0.303873,0.441663,0.178562,0.473558,0.193802,0.414101,0.423537,0.303844,0.177293,0.101832,-0.00462371,0.249526,0.29303,0.342758,0.274964,0.330357
0.38201,0.48139,0.345871,0.295665,0.330003,0.386799,0.477406,0.32784,0.284997,0.375302,0.408761,0.407004,0.393447,0.400154,0.242154,0.381598,0.403622,0.235861,0.530499,0.397851,0.459132,0.172144,0.390061,0.457069,0.280412,0.163085,0.193727,0.488084,-0.301484,0.00882607,-0.239894,1,0.407527,0.44415,0.520257,0.513859,0.410392,0.234485,0.423833,0.458196,0.233499,0.211969,0.468057,0.442329,0.378401,0.314036,0.373998,0.41915,0.066729,0.141154,0.188343,0.443205,0.370109,0.178166,0.289989,0.427927,0.212602,0.410713,0.338605,0.280951,0.153242,0.118933,0.546715,0.28311,0.357971,0.336261,0.196507,0.483279,0.118415,0.509106,0.403865,0.280339,0.00800271,0.339013,0.0500983,0.241929,0.500694,0.411248,0.557409,0.602959,0.324929,0.495528,0.355712,0.306237,0.323073
0.811589,0.735146,0.792333,0.718778,0.633275,0.487278,0.54608,0.58805,0.620348,0.675913,0.719234,0.729837,0.817141,0.745144,0.500493,0.752616,0.815704,0.463401,0.669852,0.860836,0.814824,0.695557,0.627172,0.808937,0.343249,0.531478,0.625445,0.543271,-0.0505059,0.10561,0.346623,0.407527,1,0.810845,0.638212,0.349074,0.118722,0.31491,0.842536,0.820569,0.333641,0.457368,0.801338,0.860618,0.804115,0.714217,0.634468,0.639591,0.456945,0.572376,0.544234,0.860466,0.827455,0.6684,0.78221,0.751177,0.580689,0.732711,0.871535,0.346738,0.54237,0.361382,0.695096,0.811577,0.831976,0.579505,0.617536,0.809571,0.385475,0.699178,0.577836,0.482984,0.401487,0.279891,0.314809,0.712714,0.786539,0.68789,0.511645,0.365893,0.508496,0.765045,0.721757,0.519287,0.643286
0.825888,0.782732,0.829498,0.70779,0.687338,0.537395,0.621987,0.540045,0.631262,0.670701,0.711674,0.744647,0.821304,0.791448,0.513098,0.769498,0.813594,0.379921,0.708209,0.777162,0.817032,0.723048,0.570988,0.772563,0.28641,0.567387,0.722559,0.574797,-0.081928,0.0896345,0.272445,0.44415,0.810845,1,0.676414,0.547323,0.210394,0.404997,0.824224,0.787547,0.410729,0.571585,0.83855,0.793495,0.780632,0.72188,0.675763,0.605906,0.385677,0.535008,0.441414,0.862106,0.79175,0.606717,0.72507,0.710439,0.46303,0.739359,0.719164,0.344342,0.584212,0.407697,0.683797,0.826039,0.789594,0.574783,0.632271,0.847746,0.353425,0.742991,0.682145,0.602161,0.422414,0.361729,0.33949,0.73356,0.749347,0.684307,0.554251,0.4676,0.529218,0.78586,0.62042,0.452223,0.689225
0.613831,0.536681,0.582553,0.462055,0.595974,0.562416,0.524327,0.511907,0.532501,0.54363,0.444716,0.437898,0.633698,0.55162,0.396132,0.655589,0.615286,0.373155,0.649027,0.619202,0.786396,0.530233,0.453055,0.716075,0.214892,0.470276,0.447314,0.515888,-0.0415477,0.167729,0.25211,0.520257,0.638212,0.676414,1,0.449924,0.317338,0.392025,0.612252,0.731046,0.490387,0.424955,0.639074,0.611878,0.603649,0.565552,0.506213,0.579718,0.428134,0.637729,0.337302,0.655779,0.61016,0.366075,0.568089,0.523219,0.377096,0.615498,0.639123,0.309301,0.500885,0.254549,0.745408,0.683187,0.677418,0.44526,0.494716,0.695874,0.255479,0.680266,0.597225,0.410138,0.191682,0.122652,0.445876,0.52065,0.703263,0.407421,0.265098,0.333668,0.516635,0.69487,0.518584,0.435107,0.440015
0.522948,0.416517,0.40149,0.28788,0.430205,0.494062,0.491826,0.482235,0.259084,0.52459,0.321745,0.306709,0.392982,0.50344,0.358234,0.383877,0.411078,0.251022,0.507978,0.507972,0.471602,0.509275,0.387002,0.46144,0.386571,0.242163,0.430561,0.607319,-0.168037,0.119148,-0.0549811,0.513859,0.349074,0.547323,0.449924,1,0.537523,0.26453,0.439135,0.411435,0.296703,0.550807,0.482196,0.363874,0.383494,0.303554,0.389528,0.402463,0.246211,0.382505,0.373068,0.460835,0.41838,0.173004,0.266803,0.389853,0.322751,0.383385,0.246029,0.306023,0.32042,0.231151,0.551957,0.368363,0.392173,0.286796,0.267066,0.52634,-0.130756,0.43995,0.443493,0.216086,0.323064,0.388268,0.26744,0.329357,0.552422,0.398239,0.42916,0.570033,0.461288,0.510916,0.445099,0.314347,0.42454
0.27594,0.21812,0.17699,0.0878414,0.200681,0.385329,0.174482,0.348885,0.273309,0.312093,0.303327,0.0180191,0.242743,0.280341,0.229858,0.315883,0.257241,0.370158,0.356212,0.295116,0.33752,0.0828143,0.387296,0.291523,0.0431672,0.208552,0.327851,0.666009,-0.126507,0.237229,0.110391,0.410392,0.118722,0.210394,0.317338,0.537523,1,0.189646,0.237265,0.3185,0.101464,0.268226,0.257617,0.0919264,0.205163,0.206366,0.35165,0.145917,0.00786507,0.283648,0.297947,0.249516,0.287268,0.153061,0.219393,0.26081,0.0844996,0.373966,0.134499,0.109435,0.126398,0.262276,0.352363,0.173175,0.236358,0.338996,0.099194,0.361634,0.0147917,0.350344,0.512157,0.253963,0.00378847,0.265461,0.0143329,0.231555,0.387568,0.164861,0.253,0.473634,0.487582,0.401933,0.276871,0.149758,0.126477
0.504052,0.462027,0.431492,0.398545,0.44221,0.522159,0.326174,0.305214,0.265537,0.454852,0.327869,0.356749,0.439455,0.557784,0.380182,0.479877,0.367474,0.435494,0.458167,0.443236,0.514997,0.398486,0.432543,0.554592,0.318384,0.492354,0.436364,0.445135,0.225467,0.419798,0.201565,0.234485,0.31491,0.404997,0.392025,0.26453,0.189646,1,0.512523,0.473917,0.666973,0.433459,0.539488,0.438074,0.5119,0.507868,0.426747,0.343661,0.298178,0.367798,0.228876,0.428506,0.510775,0.272588,0.338238,0.498752,0.22834,0.510851,0.362151,0.251038,0.294878,0.293958,0.566721,0.485881,0.491196,0.425775,0.472882,0.55086,0.282356,0.37154,0.562213,0.394744,0.418838,0.36158,0.389424,0.511715,0.533377,0.406544,0.299444,0.247072,0.534677,0.597294,0.426146,0.387695,0.329021
0.908267,0.845988,0.909188,0.80666,0.695864,0.592048,0.717881,0.566813,0.759256,0.706151,0.81531,0.805343,0.916783,0.887188,0.701379,0.792986,0.91374,0.583044,0.770059,0.884087,0.887856,0.694605,0.634794,0.825586,0.283058,0.583071,0.77488,0.568725,-0.0411268,0.132235,0.28835,0.423833,0.842536,0.824224,0.612252,0.439135,0.237265,0.512523,1,0.844897,0.510285,0.519071,0.900403,0.915234,0.913116,0.858116,0.71315,0.703173,0.50303,0.556668,0.496698,0.897875,0.902101,0.810497,0.888309,0.851433,0.481832,0.842226,0.886284,0.399779,0.509412,0.512222,0.805195,0.891975,0.914202,0.711136,0.6971,0.90381,0.529525,0.732022,0.682626,0.569242,0.493704,0.533948,0.342289,0.826573,0.820766,0.730089,0.616705,0.330541,0.679953,0.896288,0.836864,0.495242,0.716419
0.7983,0.729701,0.772011,0.66738,0.711625,0.546528,0.584488,0.486538,0.695531,0.661384,0.703439,0.683775,0.815506,0.766795,0.507823,0.77223,0.803309,0.482707,0.854785,0.856135,0.927244,0.669932,0.608239,0.839991,0.341154,0.592716,0.712857,0.67456,0.00612929,0.126415,0.38526,0.458196,0.820569,0.787547,0.731046,0.411435,0.3185,0.473917,0.844897,1,0.504826,0.51267,0.849928,0.872077,0.812802,0.714075,0.735362,0.62731,0.527661,0.62677,0.479489,0.882107,0.845114,0.596971,0.755607,0.816623,0.411583,0.789873,0.816056,0.342544,0.569442,0.46342,0.812394,0.800859,0.90223,0.643995,0.656516,0.82659,0.454917,0.680926,0.707635,0.579081,0.427437,0.334447,0.345266,0.782042,0.82906,0.602378,0.514581,0.397664,0.662778,0.857569,0.732281,0.533361,0.666155
0.548474,0.331212,0.411696,0.400884,0.569176,0.458125,0.47041,0.270141,0.38373,0.285212,0.252942,0.315512,0.434015,0.616816,0.471748,0.331706,0.366842,0.490282,0.634348,0.39385,0.565033,0.457706,0.461617,0.545146,0.281243,0.456003,0.434348,0.445019,0.0459785,0.227069,0.199193,0.233499,0.333641,0.410729,0.490387,0.296703,0.101464,0.666973,0.510285,0.504826,1,0.469121,0.576707,0.517454,0.547267,0.505041,0.585179,0.574577,0.432882,0.541205,0.343223,0.395847,0.507894,0.318632,0.415136,0.552605,0.301953,0.444347,0.444224,0.249366,0.428362,0.465908,0.559225,0.56751,0.588658,0.208565,0.541377,0.60849,0.204641,0.351102,0.576441,0.384144,0.388712,0.405825,0.367285,0.529334,0.608693,0.506776,0.345763,0.141139,0.581458,0.592787,0.480893,0.360038,0.447214
0.597135,0.419253,0.406916,0.474485,0.500867,0.442976,0.552392,0.324426,0.312956,0.59661,0.298804,0.336096,0.396868,0.634927,0.32344,0.427111,0.356444,0.362931,0.565702,0.577593,0.563052,0.632003,0.470682,0.566432,0.482831,0.427826,0.601915,0.554646,0.313529,0.414209,0.333785,0.211969,0.457368,0.571585,0.424955,0.550807,0.268226,0.433459,0.519071,0.51267,0.469121,1,0.531472,0.473808,0.493929,0.460596,0.401529,0.397438,0.437136,0.337244,0.231922,0.57038,0.655623,0.330706,0.365541,0.55405,0.213942,0.484438,0.388662,0.241448,0.442491,0.281724,0.679167,0.620092,0.598908,0.433323,0.619054,0.596266,0.104897,0.528737,0.446018,0.438958,0.672847,0.410895,0.50389,0.575282,0.678289,0.59282,0.504534,0.437894,0.423657,0.675159,0.632172,0.383198,0.681603
0.945035,0.80282,0.872286,0.702796,0.786627,0.622546,0.651807,0.494265,0.682898,0.606661,0.768644,0.795386,0.911839,0.926137,0.641029,0.801046,0.879985,0.512689,0.810639,0.885686,0.882628,0.703459,0.691158,0.880336,0.23936,0.732006,0.829804,0.682004,-0.124928,0.047762,0.332712,0.468057,0.801338,0.83855,0.639074,0.482196,0.257617,0.539488,0.900403,0.849928,0.576707,0.531472,1,0.918493,0.944484,0.866519,0.808363,0.726176,0.478132,0.625517,0.59977,0.849846,0.855362,0.765561,0.841496,0.856769,0.499554,0.88268,0.865792,0.239802,0.664012,0.49334,0.80607,0.860906,0.897217,0.632069,0.723288,0.907029,0.444361,0.723787,0.755314,0.510656,0.497189,0.459688,0.378037,0.815189,0.819276,0.733811,0.601599,0.310991,0.792828,0.885799,0.751317,0.497328,0.728218
0.879728,0.798311,0.869037,0.779386,0.762021,0.579412,0.650226,0.469636,0.707575,0.630231,0.797951,0.862692,0.895477,0.845218,0.592494,0.76136,0.866972,0.504911,0.806557,0.892082,0.869368,0.669238,0.574313,0.845566,0.36563,0.638093,0.700276,0.548,-0.0511607,0.024783,0.284841,0.442329,0.860618,0.793495,0.611878,0.363874,0.0919264,0.438074,0.915234,0.872077,0.517454,0.473808,0.918493,1,0.916842,0.791323,0.705988,0.710648,0.477673,0.59933,0.462382,0.869024,0.854931,0.726854,0.822294,0.841279,0.502121,0.807954,0.897802,0.359422,0.573255,0.460966,0.786915,0.864689,0.912807,0.651526,0.691456,0.8512,0.464606,0.684824,0.617415,0.510053,0.520527,0.408754,0.378099,0.807748,0.797683,0.727405,0.551399,0.319173,0.634677,0.851932,0.789522,0.529614,0.746259
0.939287,0.840071,0.922021,0.826725,0.767545,0.573791,0.598805,0.416923,0.659677,0.65391,0.804855,0.824799,0.941722,0.896036,0.592341,0.791456,0.899308,0.503483,0.76358,0.886345,0.857799,0.673158,0.64151,0.852099,0.224811,0.72037,0.803682,0.608946,-0.0337618,0.0408079,0.28411,0.378401,0.804115,0.780632,0.603649,0.383494,0.205163,0.5119,0.913116,0.812802,0.547267,0.493929,0.944484,0.916842,1,0.888748,0.766837,0.672319,0.48453,0.55974,0.575192,0.841269,0.864646,0.830277,0.888303,0.832019,0.484353,0.890931,0.902313,0.265297,0.624104,0.423471,0.796639,0.874115,0.897042,0.750888,0.750742,0.879012,0.448806,0.704553,0.670108,0.460996,0.490385,0.451835,0.351605,0.788584,0.784044,0.746937,0.535259,0.18948,0.750218,0.878255,0.778103,0.389634,0.697889
0.867816,0.816417,0.841643,0.681818,0.666399,0.51573,0.600147,0.430026,0.625585,0.596166,0.679138,0.682724,0.833066,0.865627,0.548531,0.847169,0.821754,0.509869,0.649415,0.731568,0.757452,0.637947,0.617642,0.790566,0.137325,0.70636,0.772946,0.530205,-0.0100224,0.12467,0.357874,0.314036,0.714217,0.72188,0.565552,0.303554,0.206366,0.507868,0.858116,0.714075,0.505041,0.460596,0.866519,0.791323,0.888748,1,0.693295,0.581419,0.438092,0.49648,0.446967,0.765073,0.782563,0.810287,0.826296,0.727152,0.40487,0.899102,0.822534,0.169268,0.495707,0.414659,0.682082,0.82414,0.802495,0.612032,0.678364,0.833449,0.494397,0.70933,0.64751,0.507701,0.377726,0.409071,0.258925,0.7432,0.6405,0.669439,0.500147,0.123488,0.726588,0.799809,0.705934,0.329106,0.533936
0.795333,0.576102,0.702755,0.597733,0.687878,0.533541,0.634697,0.447017,0.63438,0.390826,0.602381,0.466481,0.702071,0.793589,0.624863,0.55664,0.709238,0.562588,0.75821,0.663521,0.761462,0.480439,0.708935,0.785062,0.205342,0.545239,0.724991,0.617187,-0.275118,0.127001,0.375016,0.373998,0.634468,0.675763,0.506213,0.389528,0.35165,0.426747,0.71315,0.735362,0.585179,0.401529,0.808363,0.705988,0.766837,0.693295,1,0.751649,0.425585,0.64847,0.726848,0.645006,0.706655,0.579161,0.697109,0.815449,0.604157,0.664555,0.703059,0.342001,0.552978,0.580773,0.642822,0.693593,0.761557,0.443065,0.700778,0.829272,0.282401,0.597842,0.771796,0.523342,0.338875,0.518485,0.228635,0.633022,0.748371,0.691677,0.515285,0.281356,0.703131,0.713695,0.592518,0.375182,0.624982
0.697139,0.468973,0.613497,0.479073,0.6743,0.56471,0.738213,0.572045,0.67275,0.330771,0.47901,0.494772,0.648079,0.673366,0.690437,0.39003,0.638218,0.565418,0.733023,0.625585,0.71646,0.487189,0.636313,0.753226,0.266545,0.413342,0.577865,0.47638,-0.208285,0.115131,0.278396,0.41915,0.639591,0.605906,0.579718,0.402463,0.145917,0.343661,0.703173,0.62731,0.574577,0.397438,0.726176,0.710648,0.672319,0.581419,0.751649,1,0.541674,0.66638,0.644242,0.61874,0.67822,0.515546,0.64172,0.694025,0.664068,0.468503,0.678768,0.410816,0.492692,0.482226,0.685746,0.680062,0.719679,0.310737,0.664711,0.756829,0.225907,0.560513,0.609198,0.375264,0.355129,0.411902,0.453085,0.556756,0.706167,0.585819,0.418181,0.218331,0.633957,0.655503,0.583087,0.627466,0.606766
0.454885,0.196746,0.303739,0.374063,0.425265,0.3534,0.588147,0.428444,0.474395,0.326712,0.242768,0.261303,0.40693,0.468077,0.476244,0.286794,0.344117,0.370099,0.562072,0.473833,0.515639,0.532822,0.487096,0.506772,0.382365,0.452879,0.455943,0.273586,-0.0280044,0.081207,0.306923,0.066729,0.456945,0.385677,0.428134,0.246211,0.00786507,0.298178,0.50303,0.527661,0.432882,0.437136,0.478132,0.477673,0.48453,0.438092,0.425585,0.541674,1,0.41673,0.509093,0.3987,0.56104,0.363344,0.520622,0.577474,0.518289,0.398307,0.573863,0.160253,0.341231,0.262148,0.517718,0.494385,0.602632,0.312881,0.589907,0.469259,0.370419,0.184949,0.441433,0.351766,0.336663,0.222145,0.242333,0.419142,0.523422,0.376054,0.401852,-0.0565706,0.378204,0.487694,0.515402,0.426709,0.389206
0.616203,0.312961,0.515897,0.374441,0.663603,0.605471,0.382531,0.619648,0.619785,0.354705,0.448038,0.34252,0.583972,0.584749,0.59039,0.472565,0.577613,0.539224,0.584203,0.568299,0.683088,0.524271,0.507983,0.686182,0.262136,0.45778,0.521985,0.488427,-0.162668,0.172839,0.505739,0.141154,0.572376,0.535008,0.637729,0.382505,0.283648,0.367798,0.556668,0.62677,0.541205,0.337244,0.625517,0.59933,0.55974,0.49648,0.64847,0.66638,0.41673,1,0.583278,0.507437,0.593467,0.387209,0.56946,0.548726,0.600807,0.462042,0.629943,0.370341,0.477083,0.564567,0.49938,0.630551,0.650195,0.210587,0.492633,0.666444,0.174933,0.443197,0.628344,0.334657,0.346842,0.134527,0.446157,0.554336,0.656938,0.420985,0.165785,0.215879,0.60823,0.560992,0.508209,0.52565,0.506298
0.586097,0.272569,0.440199,0.401367,0.535415,0.427866,0.446299,0.548171,0.470577,0.195558,0.387499,0.24514,0.517828,0.581762,0.554796,0.282093,0.479223,0.462997,0.539643,0.52441,0.52261,0.411843,0.735243,0.60692,0.126866,0.443132,0.556997,0.542895,-0.404079,0.062401,0.310159,0.188343,0.544234,0.441414,0.337302,0.373068,0.297947,0.228876,0.496698,0.479489,0.343223,0.231922,0.59977,0.462382,0.575192,0.446967,0.726848,0.644242,0.509093,0.583278,1,0.410826,0.509763,0.455961,0.562465,0.597418,0.706508,0.437493,0.55161,0.211103,0.392029,0.467355,0.441802,0.461397,0.540105,0.253051,0.556312,0.598693,0.0795998,0.241302,0.667162,0.259005,0.141808,0.340252,0.105784,0.321786,0.572286,0.511491,0.358713,0.114959,0.569716,0.477171,0.408913,0.404403,0.37107
0.848985,0.843421,0.859206,0.762851,0.657137,0.457281,0.595323,0.466603,0.616449,0.747598,0.747846,0.794655,0.855022,0.796939,0.505457,0.813255,0.855945,0.420004,0.752734,0.878975,0.872015,0.713813,0.584889,0.786917,0.287554,0.494784,0.709511,0.642702,0.0878017,0.163121,0.320166,0.443205,0.860466,0.862106,0.655779,0.460835,0.249516,0.428506,0.897875,0.882107,0.395847,0.57038,0.849846,0.869024,0.841269,0.765073,0.645006,0.61874,0.3987,0.507437,0.410826,1,0.867625,0.712363,0.796293,0.75708,0.366185,0.790683,0.809202,0.341834,0.566229,0.478681,0.804085,0.862302,0.878617,0.718435,0.640563,0.825772,0.484474,0.770223,0.626415,0.512618,0.472684,0.363463,0.353649,0.828687,0.809559,0.635691,0.573486,0.387365,0.610197,0.878345,0.764435,0.514032,0.685486
0.870279,0.740052,0.802166,0.742298,0.656443,0.578279,0.659089,0.552215,0.711986,0.708893,0.73104,0.716984,0.85218,0.831412,0.62695,0.734258,0.815929,0.580848,0.766556,0.874724,0.856526,0.69851,0.699455,0.823428,0.394025,0.606416,0.796935,0.652092,0.0586254,0.282583,0.38922,0.370109,0.827455,0.79175,0.61016,0.41838,0.287268,0.510775,0.902101,0.845114,0.507894,0.655623,0.855362,0.854931,0.864646,0.782563,0.706655,0.67822,0.56104,0.593467,0.509763,0.867625,1,0.752122,0.822747,0.847029,0.523214,0.805734,0.835894,0.339867,0.589186,0.50799,0.805857,0.861031,0.89147,0.703636,0.715387,0.864535,0.466891,0.695819,0.672558,0.538165,0.543202,0.42048,0.433042,0.825731,0.858593,0.708048,0.611244,0.336337,0.701673,0.894704,0.837866,0.510837,0.738861
