1,0.869922,0.969369,0.82417,0.856708,0.881797,0.661969,0.759287,0.714052,0.764222,0.863625,0.63369,0.821741,0.874546,0.796326,0.843021,0.866249,0.807672,0.733073,0.868685,0.846195,0.799591,0.927339,0.84217,0.764121,0.863613,0.817673,0.757756,0.299302,0.54255,0.204251,0.689802,0.821201,0.863086,0.754786,0.511871,0.618368,0.677983,0.899151,0.907716,0.551956,0.740125,0.926062,0.877968,0.951725,0.872812,0.907423,0.879625,0.733005,0.860082,0.757456,0.791331,0.795794,0.55365,0.771709,0.899756,0.64969,0.756811,0.881347,0.501453,0.513009,0.608341,0.833449,0.851761,0.871163,0.802352,0.802557,0.815632,0.555027,0.797831,0.890498,0.87897,0.662943,0.556474,0.78759,0.825372,0.892104,0.758781,0.641342,0.41627,0.682778,0.861013,0.865222,0.658722,0.693007
0.869922,1,0.890087,0.798258,0.817102,0.82633,0.761799,0.739985,0.745625,0.653466,0.723719,0.607675,0.784772,0.852944,0.768123,0.840712,0.806431,0.773291,0.69306,0.794822,0.788742,0.684713,0.806246,0.81292,0.718073,0.759695,0.74582,0.597922,0.413642,0.50174,0.0788774,0.687973,0.773405,0.741485,0.731874,0.530795,0.570706,0.665976,0.859851,0.779742,0.491189,0.676906,0.859483,0.875849,0.845245,0.730238,0.800386,0.793668,0.689515,0.827333,0.723871,0.729524,0.771861,0.54516,0.75445,0.872492,0.719974,0.749581,0.827365,0.498051,0.501319,0.691959,0.786159,0.79799,0.832952,0.759744,0.725069,0.795448,0.482085,0.76225,0.80335,0.796257,0.629617,0.544752,0.757975,0.800417,0.834528,0.61029,0.6314,0.368376,0.633489,0.822213,0.793816,0.68103,0.633382
0.969369,0.890087,1,0.850272,0.873983,0.922296,0.684505,0.800441,0.756803,0.813122,0.878499,0.685637,0.872425,0.905357,0.80118,0.853523,0.906631,0.838324,0.801625,0.887063,0.890699,0.801666,0.941319,0.867384,0.779071,0.863227,0.863716,0.758057,0.37649,0.554133,0.156814,0.765165,0.883251,0.907016,0.775815,0.555845,0.626349,0.691709,0.926006,0.912872,0.520671,0.782052,0.94048,0.917753,0.975844,0.876992,0.893104,0.891838,0.764648,0.87689,0.758665,0.813898,0.822836,0.582914,0.815115,0.941664,0.676573,0.745484,0.909724,0.527042,0.530855,0.668,0.873833,0.889746,0.914566,0.796671,0.841734,0.851622,0.56007,0.833741,0.918633,0.904789,0.678198,0.603722,0.80258,0.869572,0.919993,0.78749,0.689976,0.438096,0.697047,0.911936,0.90471,0.652946,0.724453
0.82417,0.798258,0.850272,1,0.793858,0.72018,0.58314,0.701383,0.615225,0.667454,0.805297,0.571375,0.800911,0.734582,0.594001,0.770931,0.811223,0.686285,0.614087,0.726064,0.693911,0.679428,0.814156,0.659356,0.695605,0.703369,0.702262,0.447565,0.248069,0.443327,0.149604,0.649796,0.81379,0.767653,0.734633,0.493572,0.447369,0.60001,0.765838,0.763475,0.371649,0.551773,0.769133,0.762396,0.836908,0.768905,0.666618,0.699322,0.670107,0.719321,0.687325,0.788645,0.839036,0.565696,0.771084,0.777448,0.608918,0.646148,0.865066,0.377874,0.506203,0.609137,0.678334,0.709664,0.767393,0.656861,0.614027,0.645827,0.503326,0.668052,0.715789,0.731035,0.574525,0.413151,0.750969,0.654342,0.73564,0.592626,0.51936,0.385667,0.456907,0.766952,0.749056,0.636325,0.527372
0.856708,0.817102,0.873983,0.793858,1,0.766294,0.601579,0.701004,0.742241,0.713715,0.826001,0.567868,0.787724,0.759809,0.695359,0.750292,0.821285,0.787531,0.728608,0.756705,0.837576,0.755969,0.8539,0.762674,0.805608,0.76637,0.778251,0.584219,0.334147,0.507898,0.0974898,0.732665,0.859912,0.818113,0.693644,0.604459,0.515563,0.63722,0.840341,0.795457,0.498639,0.797441,0.864442,0.866372,0.877817,0.849511,0.794134,0.77701,0.719513,0.720825,0.747029,0.8416,0.862081,0.523519,0.791726,0.838344,0.704084,0.728455,0.854214,0.588595,0.434535,0.618598,0.742772,0.816379,0.882272,0.786927,0.779816,0.755936,0.486674,0.733731,0.800213,0.808017,0.601968,0.548611,0.810349,0.791533,0.854503,0.674314,0.644061,0.379592,0.634151,0.859498,0.837291,0.60283,0.70359
0.881797,0.82633,0.922296,0.72018,0.766294,1,0.668548,0.780563,0.734069,0.796488,0.788334,0.693307,0.819335,0.879376,0.86104,0.812165,0.8101,0.819329,0.787304,0.879328,0.847934,0.70955,0.866056,0.879289,0.703582,0.737228,0.813612,0.727568,0.335591,0.565951,0.051029,0.628321,0.77615,0.822033,0.712688,0.49542,0.647976,0.559897,0.828774,0.822588,0.406442,0.736909,0.913363,0.905243,0.909908,0.806086,0.864591,0.849057,0.771802,0.870659,0.715307,0.684305,0.712715,0.595119,0.779926,0.927731,0.653693,0.721695,0.815284,0.577329,0.548009,0.557327,0.858363,0.845559,0.833904,0.67475,0.815989,0.87388,0.425384,0.832253,0.897962,0.814734,0.630552,0.627761,0.712094,0.815804,0.84855,0.667459,0.703762,0.427971,0.665045,0.815577,0.85867,0.51095,0.684027
0.661969,0.761799,0.684505,0.58314,0.601579,0.668548,1,0.754909,0.592328,0.407119,0.427389,0.512949,0.580964,0.70588,0.68577,0.714037,0.584832,0.632345,0.632846,0.640853,0.609035,0.552799,0.588975,0.735634,0.494038,0.588837,0.558399,0.574679,0.135022,0.470531,0.0430408,0.525803,0.577839,0.499209,0.464977,0.423997,0.412896,0.413913,0.599469,0.540973,0.219581,0.487455,0.67623,0.748526,0.656641,0.470311,0.629392,0.596179,0.681297,0.736895,0.614773,0.47565,0.531487,0.328672,0.552504,0.732092,0.660496,0.568383,0.585572,0.345978,0.267,0.703625,0.586125,0.617043,0.64372,0.527933,0.534318,0.709257,0.482813,0.660123,0.729364,0.580045,0.54973,0.404197,0.542649,0.675556,0.664581,0.435181,0.532082,0.410301,0.505873,0.644259,0.625366,0.557657,0.405301
0.759287,0.739985,0.800441,0.701383,0.701004,0.780563,0.754909,1,0.544717,0.611708,0.627214,0.51342,0.706434,0.785675,0.658131,0.631572,0.707854,0.695315,0.719702,0.766097,0.748628,0.773766,0.731453,0.725601,0.620945,0.713428,0.756921,0.601739,0.184351,0.449532,0.0612109,0.634574,0.738207,0.695022,0.559321,0.596643,0.471042,0.57943,0.734463,0.727707,0.347762,0.552641,0.788652,0.781555,0.799726,0.666098,0.680903,0.677624,0.800155,0.794832,0.607316,0.620582,0.670524,0.411138,0.634961,0.831662,0.651734,0.572507,0.721564,0.54388,0.38851,0.675935,0.655982,0.691579,0.725655,0.728542,0.686474,0.729487,0.554525,0.711028,0.830388,0.708517,0.737055,0.581942,0.681787,0.764513,0.759907,0.539075,0.634947,0.450256,0.52818,0.763942,0.754893,0.586256,0.642665
0.714052,0.745625,0.756803,0.615225,0.742241,0.734069,0.592328,0.544717,1,0.731647,0.700949,0.729122,0.825547,0.691089,0.767104,0.81253,0.821671,0.804166,0.716315,0.667091,0.703571,0.461086,0.727545,0.820524,0.7075,0.620297,0.646769,0.570375,0.39846,0.407776,0.00516532,0.582231,0.699053,0.612702,0.654811,0.525271,0.56545,0.365363,0.704172,0.592012,0.375515,0.696952,0.748812,0.831352,0.73837,0.643891,0.667333,0.705004,0.524944,0.629312,0.620318,0.700397,0.671317,0.632541,0.749632,0.73898,0.666845,0.771128,0.800715,0.388153,0.254449,0.599744,0.801632,0.753531,0.71313,0.516153,0.725807,0.789152,0.429018,0.685467,0.653881,0.783661,0.353087,0.402362,0.603343,0.636175,0.748606,0.580103,0.542682,0.320521,0.530349,0.772518,0.720598,0.562663,0.628037
0.764222,0.653466,0.813122,0.667454,0.713715,0.796488,0.407119,0.611708,0.731647,1,0.871566,0.752946,0.870405,0.758121,0.652913,0.735995,0.866859,0.728306,0.753932,0.813948,0.825618,0.656653,0.818105,0.760402,0.755862,0.730383,0.776145,0.6578,0.467839,0.44703,0.0881547,0.652081,0.761504,0.778122,0.745655,0.470431,0.553164,0.530897,0.758712,0.770376,0.44115,0.673836,0.779375,0.775234,0.855769,0.80119,0.668085,0.719934,0.680503,0.641955,0.665074,0.835813,0.808647,0.60267,0.798397,0.762473,0.671259,0.735803,0.79263,0.500465,0.404422,0.457854,0.810227,0.861895,0.794383,0.562044,0.800304,0.769549,0.475126,0.754467,0.786152,0.846326,0.582951,0.524542,0.687818,0.676204,0.807178,0.733275,0.602375,0.293463,0.57056,0.836171,0.823786,0.5329,0.640657
0.863625,0.723719,0.878499,0.805297,0.826001,0.788334,0.427389,0.627214,0.700949,0.871566,1,0.640022,0.813376,0.789545,0.610403,0.763989,0.848373,0.73481,0.685331,0.77362,0.79963,0.734915,0.885328,0.684591,0.75565,0.790725,0.786549,0.653813,0.388706,0.467878,0.16899,0.619178,0.789523,0.824383,0.748446,0.402483,0.482378,0.656781,0.815446,0.837922,0.593619,0.725028,0.834598,0.782708,0.896281,0.88787,0.767043,0.749427,0.667081,0.681202,0.746808,0.869715,0.854731,0.64764,0.805844,0.770632,0.613798,0.72393,0.878369,0.448547,0.562699,0.518095,0.803715,0.823982,0.823829,0.69163,0.788657,0.689914,0.457974,0.64698,0.779296,0.839003,0.517367,0.498431,0.726699,0.691547,0.801546,0.752116,0.531856,0.230829,0.620582,0.822872,0.802571,0.58652,0.624149
0.63369,0.607675,0.685637,0.571375,0.567868,0.693307,0.512949,0.51342,0.729122,0.752946,0.640022,1,0.833079,0.697608,0.703329,0.709814,0.801836,0.813699,0.718811,0.734358,0.71953,0.483257,0.667211,0.78069,0.705086,0.63198,0.699848,0.462865,0.400359,0.303769,-0.101876,0.451872,0.607913,0.609641,0.741631,0.387416,0.650612,0.23541,0.613527,0.595704,0.365732,0.525741,0.709578,0.66623,0.699363,0.587669,0.530197,0.603012,0.534984,0.655393,0.595528,0.626806,0.629375,0.804909,0.811157,0.647632,0.456081,0.600111,0.67203,0.186917,0.249924,0.476114,0.74548,0.815882,0.655781,0.408111,0.572718,0.762058,0.567624,0.73207,0.66854,0.666793,0.435923,0.358344,0.545686,0.606365,0.653757,0.623412,0.673894,0.179082,0.446244,0.68382,0.680957,0.601088,0.541102
0.821741,0.784772,0.872425,0.800911,0.787724,0.819335,0.580964,0.706434,0.825547,0.870405,0.813376,0.833079,1,0.811375,0.72921,0.84014,0.970961,0.835222,0.787861,0.829979,0.839287,0.689452,0.849991,0.822292,0.786599,0.751146,0.79966,0.571371,0.380475,0.478806,-0.0550565,0.659101,0.8488,0.798279,0.825036,0.598372,0.559007,0.511673,0.799406,0.794811,0.448971,0.687492,0.867393,0.860057,0.889979,0.790032,0.694338,0.76174,0.695696,0.757693,0.655889,0.836178,0.830882,0.712371,0.903052,0.851953,0.696314,0.770995,0.886463,0.441555,0.28995,0.584055,0.829256,0.874227,0.833064,0.639527,0.720564,0.81506,0.594329,0.829872,0.811711,0.822535,0.601738,0.532048,0.778527,0.743326,0.860169,0.676948,0.607718,0.39871,0.555039,0.879662,0.842835,0.616263,0.69335
0.874546,0.852944,0.905357,0.734582,0.759809,0.879376,0.70588,0.785675,0.691089,0.758121,0.789545,0.697608,0.811375,1,0.748885,0.836369,0.807068,0.797129,0.842992,0.873807,0.890065,0.765619,0.900444,0.839917,0.743768,0.833395,0.855165,0.743253,0.307103,0.512106,0.082214,0.656397,0.748203,0.828598,0.75705,0.478551,0.563292,0.69158,0.88859,0.871657,0.590094,0.722776,0.919835,0.85872,0.893468,0.789187,0.832695,0.852849,0.764573,0.791111,0.738481,0.691904,0.745224,0.644878,0.780831,0.911625,0.664228,0.752095,0.811348,0.565174,0.466918,0.638436,0.882257,0.872853,0.866639,0.773043,0.83653,0.839712,0.581415,0.813572,0.885172,0.843466,0.58626,0.603288,0.795562,0.804803,0.860316,0.722686,0.717214,0.400794,0.768357,0.871217,0.866709,0.639965,0.651056
0.796326,0.768123,0.80118,0.594001,0.695359,0.86104,0.68577,0.658131,0.767104,0.652913,0.610403,0.703329,0.72921,0.748885,1,0.746689,0.709473,0.792574,0.675492,0.787996,0.725503,0.47588,0.746537,0.886824,0.64859,0.638772,0.672546,0.633579,0.271011,0.391928,0.0486184,0.540353,0.682154,0.613959,0.60078,0.52766,0.7198,0.272925,0.678461,0.644289,0.245304,0.556852,0.817793,0.845251,0.770491,0.660257,0.763496,0.751857,0.645684,0.786902,0.613618,0.635466,0.633962,0.555154,0.72256,0.785773,0.579595,0.692014,0.70245,0.50093,0.38716,0.515994,0.743069,0.737963,0.697596,0.527848,0.714925,0.861545,0.408479,0.781579,0.795274,0.73114,0.560717,0.459104,0.594923,0.667844,0.725014,0.532013,0.722447,0.337288,0.526728,0.663807,0.710005,0.549659,0.591936
0.843021,0.840712,0.853523,0.770931,0.750292,0.812165,0.714037,0.631572,0.81253,0.735995,0.763989,0.709814,0.84014,0.836369,0.746689,1,0.830774,0.746632,0.766585,0.779164,0.746594,0.582804,0.79743,0.811026,0.689385,0.72121,0.674272,0.678672,0.315049,0.530707,0.0822605,0.562171,0.712029,0.71897,0.782006,0.383819,0.556689,0.518397,0.77102,0.748876,0.419671,0.6729,0.838209,0.872649,0.846646,0.752118,0.783882,0.820172,0.646828,0.733446,0.688832,0.724442,0.779054,0.650567,0.810288,0.819219,0.712589,0.871786,0.81735,0.385552,0.365984,0.634647,0.824525,0.803755,0.77947,0.597407,0.703483,0.770389,0.46731,0.765615,0.759294,0.786227,0.43513,0.490085,0.720554,0.724204,0.809432,0.645159,0.537477,0.310473,0.678252,0.795152,0.81572,0.528494,0.49673
0.866249,0.806431,0.906631,0.811223,0.821285,0.8101,0.584832,0.707854,0.821671,0.866859,0.848373,0.801836,0.970961,0.807068,0.709473,0.830774,1,0.853685,0.763354,0.820146,0.8508,0.727354,0.864368,0.820389,0.785949,0.830939,0.82216,0.636882,0.445066,0.47419,0.0152692,0.730142,0.866026,0.824819,0.816272,0.596281,0.578484,0.592605,0.846532,0.839748,0.494666,0.719204,0.860877,0.854253,0.908976,0.810377,0.740703,0.788482,0.68183,0.776389,0.679056,0.864503,0.837612,0.673879,0.872696,0.850048,0.702176,0.761445,0.90668,0.403852,0.351161,0.636797,0.842324,0.882857,0.861085,0.692357,0.750996,0.808263,0.603333,0.80907,0.822596,0.868138,0.638144,0.581639,0.767131,0.784675,0.886069,0.745759,0.602572,0.399572,0.592184,0.908804,0.848048,0.667254,0.717492
0.807672,0.773291,0.838324,0.686285,0.787531,0.819329,0.632345,0.695315,0.804166,0.728306,0.73481,0.813699,0.835222,0.797129,0.792574,0.746632,0.853685,1,0.73084,0.758342,0.843715,0.669755,0.810561,0.829377,0.754979,0.802795,0.836686,0.582837,0.398424,0.415927,0.0372823,0.601001,0.733616,0.732996,0.76145,0.602893,0.628606,0.510859,0.768983,0.758494,0.487029,0.633312,0.871593,0.813023,0.832018,0.713233,0.726406,0.719719,0.687951,0.798219,0.709702,0.685449,0.711342,0.716989,0.840444,0.798726,0.589413,0.721632,0.827043,0.363129,0.350291,0.612497,0.80069,0.83558,0.800191,0.632019,0.746395,0.813602,0.576728,0.793291,0.788279,0.778332,0.593369,0.49354,0.651957,0.725697,0.796537,0.702309,0.776044,0.31601,0.615267,0.823538,0.781025,0.710421,0.748838
0.733073,0.69306,0.801625,0.614087,0.728608,0.787304,0.632846,0.719702,0.716315,0.753932,0.685331,0.718811,0.787861,0.842992,0.675492,0.766585,0.763354,0.73084,1,0.842784,0.859258,0.65595,0.815438,0.857677,0.733157,0.710313,0.780801,0.702501,0.331818,0.536845,0.131741,0.671174,0.702581,0.754951,0.737295,0.512814,0.593643,0.5041,0.791902,0.736254,0.434969,0.742088,0.770059,0.802934,0.810325,0.672801,0.694674,0.793383,0.719256,0.693074,0.682028,0.646846,0.700178,0.559948,0.707377,0.830681,0.623818,0.635143,0.682063,0.562964,0.242286,0.573687,0.827884,0.857464,0.815903,0.670046,0.783076,0.858842,0.529919,0.804149,0.804237,0.769968,0.512434,0.558006,0.768963,0.806347,0.809205,0.700071,0.706798,0.481315,0.709247,0.812432,0.856497,0.496389,0.68368
0.868685,0.794822,0.887063,0.726064,0.756705,0.879328,0.640853,0.766097,0.667091,0.813948,0.77362,0.734358,0.829979,0.873807,0.787996,0.779164,0.820146,0.758342,0.842784,1,0.924074,0.744434,0.883227,0.904393,0.774944,0.774658,0.876871,0.698271,0.431343,0.575983,0.142048,0.689543,0.834272,0.848574,0.792694,0.516802,0.736417,0.546007,0.886713,0.864505,0.49565,0.747907,0.877696,0.824886,0.895878,0.80401,0.840457,0.876689,0.824481,0.810798,0.693475,0.720899,0.754656,0.583124,0.776692,0.891108,0.651521,0.692309,0.733502,0.617209,0.379416,0.477314,0.862051,0.93478,0.89974,0.742071,0.803647,0.909703,0.592761,0.826524,0.937869,0.796987,0.664578,0.672452,0.839775,0.874184,0.886154,0.743892,0.714833,0.535566,0.652816,0.862049,0.921297,0.601568,0.715557
0.846195,0.788742,0.890699,0.693911,0.837576,0.847934,0.609035,0.748628,0.703571,0.825618,0.79963,0.71953,0.839287,0.890065,0.725503,0.746594,0.8508,0.843715,0.859258,0.924074,1,0.793731,0.904689,0.863134,0.812805,0.857626,0.917049,0.686593,0.456163,0.529743,0.106576,0.766383,0.846127,0.888536,0.787343,0.59777,0.666592,0.657134,0.904532,0.891818,0.596189,0.808009,0.904521,0.835285,0.896687,0.799121,0.821231,0.850743,0.808598,0.7799,0.740006,0.747362,0.784847,0.612238,0.819624,0.891859,0.698677,0.724743,0.778532,0.650783,0.376313,0.551587,0.865938,0.953041,0.940451,0.77774,0.87052,0.883139,0.662561,0.813834,0.927156,0.839458,0.674873,0.703905,0.856299,0.87914,0.916082,0.827568,0.788604,0.490005,0.738681,0.933691,0.937039,0.641583,0.795297
0.799591,0.684713,0.801666,0.679428,0.755969,0.70955,0.552799,0.773766,0.461086,0.656653,0.734915,0.483257,0.689452,0.765619,0.47588,0.582804,0.727354,0.669755,0.65595,0.744434,0.793731,1,0.76207,0.624321,0.731296,0.726886,0.821031,0.58107,0.240047,0.572737,0.19308,0.629572,0.725194,0.857362,0.622091,0.546551,0.389477,0.759485,0.802219,0.846998,0.516481,0.701289,0.805468,0.695303,0.842723,0.794417,0.738196,0.69097,0.695796,0.720627,0.650259,0.641791,0.667861,0.406937,0.61364,0.807605,0.575157,0.551054,0.749424,0.505943,0.454205,0.498166,0.662704,0.749675,0.809826,0.871303,0.653199,0.619732,0.543292,0.744657,0.790367,0.730404,0.696936,0.584769,0.707561,0.811266,0.819795,0.640047,0.579173,0.339792,0.563556,0.810389,0.776565,0.580638,0.755537
0.927339,0.806246,0.941319,0.814156,0.8539,0.866056,0.588975,0.731453,0.727545,0.818105,0.885328,0.667211,0.849991,0.900444,0.746537,0.79743,0.864368,0.810561,0.815438,0.883227,0.904689,0.76207,1,0.851201,0.776348,0.859752,0.85451,0.728267,0.336017,0.506811,0.169868,0.687632,0.83886,0.866208,0.785914,0.572838,0.580888,0.656694,0.90244,0.901285,0.599979,0.769389,0.91908,0.882267,0.942601,0.847088,0.849514,0.875689,0.784806,0.792339,0.770951,0.807189,0.788793,0.61646,0.813401,0.900435,0.659978,0.736129,0.871321,0.569189,0.459577,0.596478,0.86035,0.884731,0.905147,0.775457,0.876248,0.862356,0.588305,0.798415,0.891325,0.882165,0.627927,0.561093,0.850045,0.79076,0.890895,0.791131,0.679309,0.470244,0.71999,0.898521,0.89219,0.662071,0.697199
0.84217,0.81292,0.867384,0.659356,0.762674,0.879289,0.735634,0.725601,0.820524,0.760402,0.684591,0.78069,0.822292,0.839917,0.886824,0.811026,0.820389,0.829377,0.857677,0.904393,0.863134,0.624321,0.851201,1,0.746511,0.742057,0.811579,0.747458,0.37829,0.520825,0.10692,0.671864,0.770522,0.739852,0.740437,0.593156,0.735427,0.451638,0.835722,0.745618,0.388117,0.734145,0.84994,0.878266,0.849348,0.681656,0.806935,0.86256,0.742032,0.835717,0.681513,0.67443,0.667735,0.570296,0.745308,0.886053,0.684581,0.711654,0.743967,0.510865,0.316915,0.593222,0.871092,0.88665,0.839981,0.641096,0.832584,0.98029,0.552595,0.839698,0.889072,0.826067,0.607626,0.566126,0.716008,0.813665,0.860448,0.684381,0.742801,0.519086,0.674545,0.843525,0.880752,0.642304,0.680449
0.764121,0.718073,0.779071,0.695605,0.805608,0.703582,0.494038,0.620945,0.7075,0.755862,0.75565,0.705086,0.786599,0.743768,0.64859,0.689385,0.785949,0.754979,0.733157,0.774944,0.812805,0.731296,0.776348,0.746511,1,0.708165,0.726206,0.512848,0.326542,0.453551,0.0689835,0.65692,0.711811,0.786574,0.655945,0.538036,0.530506,0.562098,0.751919,0.740634,0.394735,0.67371,0.779822,0.76352,0.795369,0.771237,0.619604,0.694804,0.552606,0.648281,0.642572,0.740856,0.770615,0.591659,0.746967,0.765369,0.603724,0.667322,0.792573,0.456813,0.330288,0.476922,0.702356,0.849285,0.772149,0.728779,0.69732,0.731016,0.565727,0.714676,0.724257,0.72744,0.500156,0.453695,0.712723,0.712822,0.813171,0.633419,0.664018,0.265179,0.503964,0.802971,0.765217,0.619338,0.720152
0.863613,0.759695,0.863227,0.703369,0.76637,0.737228,0.588837,0.713428,0.620297,0.730383,0.790725,0.63198,0.751146,0.833395,0.638772,0.72121,0.830939,0.802795,0.710313,0.774658,0.857626,0.726886,0.859752,0.742057,0.708165,1,0.808492,0.695608,0.406736,0.424742,0.115054,0.700122,0.719983,0.789831,0.718713,0.489855,0.578575,0.691607,0.83737,0.881045,0.643567,0.643195,0.8293,0.73457,0.83863,0.734726,0.765086,0.768528,0.698908,0.757758,0.699681,0.740586,0.73255,0.544613,0.737886,0.778401,0.610778,0.674096,0.774191,0.437052,0.373814,0.621678,0.784453,0.8353,0.826727,0.714895,0.769414,0.742901,0.697165,0.705677,0.83413,0.828339,0.683285,0.597032,0.753999,0.766876,0.834287,0.830768,0.656969,0.354466,0.730929,0.846557,0.789712,0.696502,0.64199
0.817673,0.74582,0.863716,0.702262,0.778251,0.813612,0.558399,0.756921,0.646769,0.776145,0.786549,0.699848,0.79966,0.855165,0.672546,0.674272,0.82216,0.836686,0.780801,0.876871,0.917049,0.821031,0.85451,0.811579,0.726206,0.808492,1,0.667953,0.453695,0.562057,0.14665,0.677949,0.824773,0.874183,0.809367,0.638431,0.639472,0.657274,0.894853,0.864219,0.580377,0.721997,0.880081,0.749188,0.879381,0.759656,0.804966,0.804679,0.794254,0.772923,0.702349,0.693576,0.713936,0.626506,0.769885,0.850111,0.603406,0.642031,0.76025,0.55463,0.395978,0.528894,0.84249,0.884132,0.898283,0.773318,0.832003,0.824792,0.618621,0.783657,0.891732,0.809366,0.684536,0.668484,0.7482,0.826057,0.877266,0.751895,0.734625,0.444336,0.671849,0.891538,0.900465,0.660195,0.768967
0.757756,0.597922,0.758057,0.447565,0.584219,0.727568,0.574679,0.601739,0.570375,0.6578,0.653813,0.462865,0.571371,0.743253,0.633579,0.678672,0.636882,0.582837,0.702501,0.698271,0.686593,0.58107,0.728267,0.747458,0.512848,0.695608,0.667953,1,0.282842,0.414614,0.30493,0.625078,0.585764,0.663048,0.558423,0.415714,0.457145,0.603079,0.729636,0.718062,0.369885,0.630695,0.682562,0.702368,0.749264,0.609478,0.758132,0.779251,0.579742,0.689846,0.552296,0.579315,0.531953,0.314563,0.48366,0.70976,0.574857,0.599762,0.608957,0.420881,0.339074,0.540444,0.707653,0.679711,0.684381,0.588772,0.761541,0.741793,0.370678,0.607206,0.76872,0.753661,0.474089,0.560386,0.467963,0.671922,0.740465,0.653246,0.453106,0.326575,0.766133,0.713169,0.746213,0.435027,0.498298
0.299302,0.413642,0.37649,0.248069,0.334147,0.335591,0.135022,0.184351,0.39846,0.467839,0.388706,0.400359,0.380475,0.307103,0.271011,0.315049,0.445066,0.398424,0.331818,0.431343,0.456163,0.240047,0.336017,0.37829,0.326542,0.406736,0.453695,0.282842,1,0.179306,-0.05182,0.434493,0.450709,0.42408,0.496696,0.313679,0.472894,0.246156,0.435296,0.393756,0.348258,0.470974,0.322029,0.340741,0.382394,0.385896,0.393859,0.410282,0.383807,0.285847,0.166982,0.412613,0.337447,0.289004,0.38994,0.300276,0.22799,0.358822,0.298411,0.112107,0.16245,0.239159,0.454805,0.521934,0.51416,0.384872,0.367867,0.394739,0.261221,0.339589,0.345843,0.418139,0.319843,0.526796,0.330013,0.509539,0.434057,0.515397,0.331713,0.115885,0.357892,0.439293,0.411733,0.281117,0.426457
0.54255,0.50174,0.554133,0.443327,0.507898,0.565951,0.470531,0.449532,0.407776,0.44703,0.467878,0.303769,0.478806,0.512106,0.391928,0.530707,0.47419,0.415927,0.536845,0.575983,0.529743,0.572737,0.506811,0.520825,0.453551,0.424742,0.562057,0.414614,0.179306,1,-0.00778234,0.309805,0.495443,0.599349,0.481943,0.237943,0.304057,0.422653,0.559804,0.534657,0.350295,0.622368,0.553155,0.521851,0.587906,0.504011,0.59192,0.509437,0.507861,0.427361,0.429759,0.287178,0.334902,0.176415,0.409593,0.6573,0.328754,0.399723,0.422316,0.345027,0.17992,0.195395,0.63813,0.534673,0.622897,0.528219,0.521617,0.476674,0.183693,0.57951,0.541695,0.479812,0.359042,0.357005,0.584911,0.616418,0.643906,0.358039,0.345061,0.565505,0.389448,0.546384,0.558892,0.177111,0.390756
0.204251,0.0788774,0.156814,0.149604,0.0974898,0.051029,0.0430408,0.0612109,0.00516532,0.0881547,0.16899,-0.101876,-0.0550565,0.082214,0.0486184,0.0822605,0.0152692,0.0372823,0.131741,0.142048,0.106576,0.19308,0.169868,0.10692,0.0689835,0.115054,0.14665,0.30493,-0.05182,-0.00778234,1,0.187035,0.0809703,0.097548,0.0877216,0.0160964,0.121273,0.312757,0.241418,0.196693,0.0336612,-0.0299796,0.0541566,0.0663463,0.167442,0.0968024,0.154864,0.213934,0.0890134,0.123783,0.31015,0.131364,0.159802,-0.0312036,-0.0260401,0.0392164,0.159618,0.0474036,0.101418,0.210731,0.218055,0.0993979,0.00319882,0.0242327,0.111165,0.15112,0.165633,0.103415,-0.0882302,0.0701621,0.107129,0.163628,0.127704,-0.0459435,-0.0233567,0.0998648,0.0524219,0.181995,0.0888159,0.0144753,0.138663,0.132023,0.166937,0.218032,0.139556
0.689802,0.687973,0.765165,0.649796,0.732665,0.628321,0.525803,0.634574,0.582231,0.652081,0.619178,0.451872,0.659101,0.656397,0.540353,0.562171,0.730142,0.601001,0.671174,0.689543,0.766383,0.629572,0.687632,0.671864,0.65692,0.700122,0.677949,0.625078,0.434493,0.309805,0.187035,1,0.817902,0.756456,0.547295,0.586581,0.509201,0.665965,0.787386,0.710716,0.301498,0.652593,0.623847,0.662049,0.71148,0.65173,0.638424,0.70882,0.570994,0.650356,0.555888,0.721287,0.719738,0.270103,0.551767,0.72244,0.619947,0.514836,0.686447,0.561811,0.352944,0.591247,0.645558,0.735395,0.779968,0.645362,0.676562,0.681735,0.493835,0.614271,0.733217,0.74365,0.608853,0.643815,0.663513,0.741981,0.748841,0.681691,0.578982,0.44653,0.591666,0.809727,0.76086,0.565357,0.714232
0.821201,0.773405,0.883251,0.81379,0.859912,0.77615,0.577839,0.738207,0.699053,0.761504,0.789523,0.607913,0.8488,0.748203,0.682154,0.712029,0.866026,0.733616,0.702581,0.834272,0.846127,0.725194,0.83886,0.770522,0.711811,0.719983,0.824773,0.585764,0.450709,0.495443,0.0809703,0.817902,1,0.85619,0.687931,0.630857,0.57587,0.576589,0.866512,0.808928,0.429401,0.762743,0.826983,0.8298,0.883111,0.823012,0.772683,0.797802,0.775968,0.733126,0.642078,0.826249,0.81307,0.478606,0.77607,0.856867,0.646627,0.641696,0.825113,0.571115,0.369021,0.58168,0.764945,0.830037,0.901493,0.716986,0.75417,0.772394,0.537304,0.747951,0.853981,0.800712,0.674114,0.616844,0.810964,0.821196,0.854413,0.706502,0.618318,0.52892,0.555463,0.893521,0.865752,0.558952,0.70985
0.863086,0.741485,0.907016,0.767653,0.818113,0.822033,0.499209,0.695022,0.612702,0.778122,0.824383,0.609641,0.798279,0.828598,0.613959,0.71897,0.824819,0.732996,0.754951,0.848574,0.888536,0.857362,0.866208,0.739852,0.786574,0.789831,0.874183,0.663048,0.42408,0.599349,0.097548,0.756456,0.85619,1,0.744212,0.54235,0.573064,0.68894,0.897072,0.915395,0.539941,0.827689,0.866351,0.772843,0.916551,0.879541,0.843061,0.850361,0.708288,0.73706,0.663693,0.720775,0.737239,0.521713,0.728743,0.872022,0.550599,0.627719,0.804719,0.561236,0.471616,0.513273,0.818617,0.873811,0.906642,0.823494,0.772072,0.732909,0.593971,0.784511,0.85017,0.820184,0.610274,0.666848,0.811752,0.876112,0.898628,0.78412,0.65252,0.457427,0.651728,0.882371,0.894146,0.503729,0.737791
0.754786,0.731874,0.775815,0.734633,0.693644,0.712688,0.464977,0.559321,0.654811,0.745655,0.748446,0.741631,0.825036,0.75705,0.60078,0.782006,0.816272,0.76145,0.737295,0.792694,0.787343,0.622091,0.785914,0.740437,0.655945,0.718713,0.809367,0.558423,0.496696,0.481943,0.0877216,0.547295,0.687931,0.744212,1,0.497372,0.620868,0.541581,0.782335,0.781949,0.57995,0.607789,0.790175,0.679453,0.798494,0.697226,0.694696,0.730783,0.662016,0.685812,0.59633,0.70304,0.738495,0.734379,0.820064,0.721353,0.571639,0.707004,0.721863,0.337374,0.263656,0.452471,0.780227,0.825941,0.796753,0.655693,0.654647,0.74046,0.593346,0.704282,0.724821,0.738169,0.489218,0.531832,0.718944,0.672339,0.794997,0.695678,0.536495,0.345457,0.615911,0.78302,0.818301,0.635154,0.587998
0.511871,0.530795,0.555845,0.493572,0.604459,0.49542,0.423997,0.596643,0.525271,0.470431,0.402483,0.387416,0.598372,0.478551,0.52766,0.383819,0.596281,0.602893,0.512814,0.516802,0.59777,0.546551,0.572838,0.593156,0.538036,0.489855,0.638431,0.415714,0.313679,0.237943,0.0160964,0.586581,0.630857,0.54235,0.497372,1,0.339928,0.34774,0.530083,0.527087,0.12804,0.421067,0.558672,0.599072,0.584246,0.423711,0.449338,0.533728,0.529102,0.570848,0.403477,0.585231,0.494108,0.272619,0.477128,0.579645,0.570578,0.458019,0.578327,0.437099,0.143733,0.44232,0.434412,0.533834,0.578206,0.581668,0.521521,0.627545,0.489222,0.602479,0.587557,0.602922,0.624286,0.489305,0.48758,0.531922,0.646359,0.320014,0.515786,0.283395,0.398975,0.617919,0.600802,0.529998,0.701012
0.618368,0.570706,0.626349,0.447369,0.515563,0.647976,0.412896,0.471042,0.56545,0.553164,0.482378,0.650612,0.559007,0.563292,0.7198,0.556689,0.578484,0.628606,0.593643,0.736417,0.666592,0.389477,0.580888,0.735427,0.530506,0.578575,0.639472,0.457145,0.472894,0.304057,0.121273,0.509201,0.57587,0.573064,0.620868,0.339928,1,0.204222,0.626302,0.53139,0.32214,0.475428,0.603788,0.540149,0.589677,0.525266,0.633103,0.629311,0.516186,0.585057,0.46155,0.461491,0.466088,0.531082,0.58587,0.588179,0.33094,0.491864,0.471882,0.373358,0.258187,0.406502,0.668985,0.713004,0.631967,0.458927,0.597846,0.719755,0.398817,0.6263,0.644925,0.562986,0.43534,0.48972,0.550441,0.629347,0.580871,0.629,0.602282,0.341527,0.391477,0.563553,0.658387,0.435595,0.528228
0.677983,0.665976,0.691709,0.60001,0.63722,0.559897,0.413913,0.57943,0.365363,0.530897,0.656781,0.23541,0.511673,0.69158,0.272925,0.518397,0.592605,0.510859,0.5041,0.546007,0.657134,0.759485,0.656694,0.451638,0.562098,0.691607,0.657274,0.603079,0.246156,0.422653,0.312757,0.665965,0.576589,0.68894,0.541581,0.34774,0.204222,1,0.765228,0.729509,0.59516,0.559027,0.648791,0.556767,0.67195,0.607333,0.615861,0.606922,0.508163,0.570126,0.581036,0.549256,0.602025,0.325573,0.512953,0.67077,0.578418,0.550821,0.677434,0.46062,0.478788,0.546361,0.569118,0.59393,0.700671,0.717453,0.649074,0.475404,0.339022,0.459718,0.62057,0.634167,0.515976,0.507662,0.554708,0.607683,0.676077,0.6131,0.403653,0.27359,0.655277,0.754122,0.661076,0.564348,0.560003
0.899151,0.859851,0.926006,0.765838,0.840341,0.828774,0.599469,0.734463,0.704172,0.758712,0.815446,0.613527,0.799406,0.88859,0.678461,0.77102,0.846532,0.768983,0.791902,0.886713,0.904532,0.802219,0.90244,0.835722,0.751919,0.83737,0.894853,0.729636,0.435296,0.559804,0.241418,0.787386,0.866512,0.897072,0.782335,0.530083,0.626302,0.765228,1,0.91399,0.653242,0.809361,0.885604,0.816437,0.911451,0.819515,0.875338,0.902876,0.743262,0.780395,0.743631,0.745542,0.758628,0.559376,0.734265,0.897206,0.683243,0.676683,0.819034,0.607883,0.460634,0.603237,0.868329,0.880335,0.929386,0.836273,0.850003,0.831325,0.571786,0.766702,0.878172,0.876876,0.617,0.640826,0.828077,0.877718,0.913313,0.78057,0.653751,0.531277,0.730088,0.93692,0.919125,0.669793,0.718656
0.907716,0.779742,0.912872,0.763475,0.795457,0.822588,0.540973,0.727707,0.592012,0.770376,0.837922,0.595704,0.794811,0.871657,0.644289,0.748876,0.839748,0.758494,0.736254,0.864505,0.891818,0.846998,0.901285,0.745618,0.740634,0.881045,0.864219,0.718062,0.393756,0.534657,0.196693,0.710716,0.808928,0.915395,0.781949,0.527087,0.53139,0.729509,0.91399,1,0.604113,0.752322,0.891722,0.788934,0.92343,0.851174,0.8512,0.858865,0.738748,0.800956,0.707647,0.757177,0.782196,0.53704,0.737065,0.850214,0.635388,0.663299,0.801085,0.563171,0.474951,0.464983,0.791501,0.848001,0.875442,0.83839,0.750793,0.753781,0.643871,0.760227,0.877843,0.857285,0.674317,0.663388,0.805426,0.853329,0.905797,0.775217,0.60949,0.431233,0.717156,0.876969,0.87501,0.611235,0.711542
0.551956,0.491189,0.520671,0.371649,0.498639,0.406442,0.219581,0.347762,0.375515,0.44115,0.593619,0.365732,0.448971,0.590094,0.245304,0.419671,0.494666,0.487029,0.434969,0.49565,0.596189,0.516481,0.599979,0.388117,0.394735,0.643567,0.580377,0.369885,0.348258,0.350295,0.0336612,0.301498,0.429401,0.539941,0.57995,0.12804,0.32214,0.59516,0.653242,0.604113,1,0.576515,0.594138,0.388139,0.531038,0.508541,0.574215,0.48872,0.453262,0.327409,0.521822,0.405995,0.398443,0.536582,0.529485,0.487087,0.303065,0.446471,0.493293,0.311917,0.263758,0.345256,0.605198,0.581967,0.613177,0.597068,0.567521,0.416489,0.492643,0.325373,0.48792,0.554772,0.266548,0.295493,0.61214,0.488611,0.550631,0.664161,0.371454,0.293646,0.535377,0.600009,0.524641,0.507082,0.409706
0.740125,0.676906,0.782052,0.551773,0.797441,0.736909,0.487455,0.552641,0.696952,0.673836,0.725028,0.525741,0.687492,0.722776,0.556852,0.6729,0.719204,0.633312,0.742088,0.747907,0.808009,0.701289,0.769389,0.734145,0.67371,0.643195,0.721997,0.630695,0.470974,0.622368,-0.0299796,0.652593,0.762743,0.827689,0.607789,0.421067,0.475428,0.559027,0.809361,0.752322,0.576515,1,0.763164,0.769242,0.779608,0.763715,0.810075,0.794034,0.635585,0.607171,0.561275,0.602876,0.596531,0.39947,0.607496,0.808489,0.52798,0.597024,0.671927,0.52316,0.342716,0.422252,0.810556,0.807191,0.847493,0.758261,0.750144,0.71816,0.455823,0.652036,0.742823,0.761261,0.427987,0.637152,0.756785,0.854214,0.826823,0.718429,0.533658,0.493059,0.670339,0.808856,0.807123,0.373699,0.696038
0.926062,0.859483,0.94048,0.769133,0.864442,0.913363,0.67623,0.788652,0.748812,0.779375,0.834598,0.709578,0.867393,0.919835,0.817793,0.838209,0.860877,0.871593,0.770059,0.877696,0.904521,0.805468,0.91908,0.84994,0.779822,0.8293,0.880081,0.682562,0.322029,0.553155,0.0541566,0.623847,0.826983,0.866351,0.790175,0.558672,0.603788,0.648791,0.885604,0.891722,0.594138,0.763164,1,0.908932,0.948607,0.868582,0.891403,0.859385,0.800873,0.839629,0.740409,0.758727,0.785359,0.683048,0.875474,0.926862,0.69226,0.807424,0.880875,0.572908,0.463023,0.600017,0.852961,0.885891,0.902117,0.792157,0.826135,0.845477,0.593054,0.839062,0.914208,0.849275,0.645154,0.595499,0.807811,0.827735,0.914865,0.736928,0.724264,0.38453,0.70434,0.897096,0.890294,0.662905,0.712565
0.877968,0.875849,0.917753,0.762396,0.866372,0.905243,0.748526,0.781555,0.831352,0.775234,0.782708,0.66623,0.860057,0.85872,0.845251,0.872649,0.854253,0.813023,0.802934,0.824886,0.835285,0.695303,0.882267,0.878266,0.76352,0.73457,0.749188,0.702368,0.340741,0.521851,0.0663463,0.662049,0.8298,0.772843,0.679453,0.599072,0.540149,0.556767,0.816437,0.788934,0.388139,0.769242,0.908932,1,0.919047,0.804169,0.816576,0.833838,0.773619,0.807007,0.727045,0.789947,0.793691,0.557606,0.819849,0.924762,0.764961,0.81485,0.877165,0.56312,0.44888,0.681163,0.807543,0.828531,0.85687,0.729813,0.81564,0.867917,0.455109,0.841301,0.856788,0.851941,0.633647,0.555373,0.760555,0.812137,0.87817,0.652901,0.671963,0.406507,0.651579,0.862878,0.845024,0.571292,0.668978
0.951725,0.845245,0.975844,0.836908,0.877817,0.909908,0.656641,0.799726,0.73837,0.855769,0.896281,0.699363,0.889979,0.893468,0.770491,0.846646,0.908976,0.832018,0.810325,0.895878,0.896687,0.842723,0.942601,0.849348,0.795369,0.83863,0.879381,0.749264,0.382394,0.587906,0.167442,0.71148,0.883111,0.916551,0.798494,0.584246,0.589677,0.67195,0.911451,0.92343,0.531038,0.779608,0.948607,0.919047,1,0.909114,0.878635,0.880154,0.816284,0.830913,0.778484,0.845559,0.838209,0.60972,0.842486,0.92713,0.70469,0.766731,0.908372,0.547687,0.506628,0.635119,0.852018,0.895567,0.926344,0.811088,0.831477,0.841439,0.562385,0.862214,0.913838,0.906377,0.693533,0.594617,0.815563,0.863024,0.934804,0.770391,0.68353,0.421455,0.682413,0.919028,0.915089,0.635092,0.715512
0.872812,0.730238,0.876992,0.768905,0.849511,0.806086,0.470311,0.666098,0.643891,0.80119,0.88787,0.587669,0.790032,0.789187,0.660257,0.752118,0.810377,0.713233,0.672801,0.80401,0.799121,0.794417,0.847088,0.681656,0.771237,0.734726,0.759656,0.609478,0.385896,0.504011,0.0968024,0.65173,0.823012,0.879541,0.697226,0.423711,0.525266,0.607333,0.819515,0.851174,0.508541,0.763715,0.868582,0.804169,0.909114,1,0.849075,0.808416,0.723465,0.661943,0.640956,0.82188,0.817009,0.553996,0.76185,0.802107,0.570237,0.730996,0.835735,0.526527,0.488934,0.479918,0.760996,0.817467,0.851125,0.7853,0.719374,0.657081,0.435568,0.760817,0.78144,0.783855,0.532449,0.60247,0.798127,0.779245,0.821359,0.701415,0.576434,0.298873,0.58976,0.799729,0.793684,0.507439,0.678029
0.907423,0.800386,0.893104,0.666618,0.794134,0.864591,0.629392,0.680903,0.667333,0.668085,0.767043,0.530197,0.694338,0.832695,0.763496,0.783882,0.740703,0.726406,0.694674,0.840457,0.821231,0.738196,0.849514,0.806935,0.619604,0.765086,0.804966,0.758132,0.393859,0.59192,0.154864,0.638424,0.772683,0.843061,0.694696,0.449338,0.633103,0.615861,0.875338,0.8512,0.574215,0.810075,0.891403,0.816576,0.878635,0.849075,1,0.913097,0.733987,0.779696,0.680095,0.646192,0.644219,0.495359,0.671625,0.857707,0.590633,0.734629,0.744168,0.561285,0.51981,0.522288,0.847045,0.808988,0.866621,0.780989,0.802234,0.785778,0.447212,0.757545,0.855918,0.806674,0.540642,0.676596,0.76168,0.859695,0.856454,0.725956,0.63368,0.449018,0.741497,0.802056,0.847392,0.535625,0.664371
0.879625,0.793668,0.891838,0.699322,0.77701,0.849057,0.596179,0.677624,0.705004,0.719934,0.749427,0.603012,0.76174,0.852849,0.751857,0.820172,0.788482,0.719719,0.793383,0.876689,0.850743,0.69097,0.875689,0.86256,0.694804,0.768528,0.804679,0.779251,0.410282,0.509437,0.213934,0.70882,0.797802,0.850361,0.730783,0.533728,0.629311,0.606922,0.902876,0.858865,0.48872,0.794034,0.859385,0.833838,0.880154,0.808416,0.913097,1,0.717916,0.780403,0.659653,0.71075,0.694739,0.550869,0.696694,0.844424,0.669713,0.738505,0.747118,0.57728,0.451618,0.550831,0.842904,0.839707,0.85201,0.751854,0.810166,0.851709,0.503354,0.760235,0.851534,0.834918,0.530497,0.71823,0.76877,0.869576,0.86038,0.69853,0.67471,0.4486,0.808387,0.838705,0.910845,0.563828,0.682764
0.733005,0.689515,0.764648,0.670107,0.719513,0.771802,0.681297,0.800155,0.524944,0.680503,0.667081,0.534984,0.695696,0.764573,0.645684,0.646828,0.68183,0.687951,0.719256,0.824481,0.808598,0.695796,0.784806,0.742032,0.552606,0.698908,0.794254,0.579742,0.383807,0.507861,0.0890134,0.570994,0.775968,0.708288,0.662016,0.529102,0.516186,0.508163,0.743262,0.738748,0.453262,0.635585,0.800873,0.773619,0.816284,0.723465,0.733987,0.717916,1,0.674342,0.637848,0.670946,0.68395,0.44246,0.719233,0.796423,0.656497,0.639176,0.652885,0.609105,0.278611,0.543261,0.675283,0.768957,0.843157,0.656954,0.712256,0.760902,0.54294,0.730971,0.852983,0.666556,0.756773,0.639011,0.772757,0.747123,0.769091,0.662467,0.654616,0.541621,0.623339,0.775922,0.792832,0.518727,0.576342
0.860082,0.827333,0.87689,0.719321,0.720825,0.870659,0.736895,0.794832,0.629312,0.641955,0.681202,0.655393,0.757693,0.791111,0.786902,0.733446,0.776389,0.798219,0.693074,0.810798,0.7799,0.720627,0.792339,0.835717,0.648281,0.757758,0.772923,0.689846,0.285847,0.427361,0.123783,0.650356,0.733126,0.73706,0.685812,0.570848,0.585057,0.570126,0.780395,0.800956,0.327409,0.607171,0.839629,0.807007,0.830913,0.661943,0.779696,0.780403,0.674342,1,0.667239,0.643674,0.682507,0.48462,0.680892,0.837903,0.636483,0.598691,0.754836,0.416938,0.492081,0.557896,0.725937,0.771138,0.743553,0.651064,0.663076,0.828432,0.535069,0.757079,0.87886,0.751484,0.692906,0.566709,0.600213,0.804951,0.798868,0.606287,0.64377,0.334857,0.637589,0.764996,0.807855,0.64401,0.674366
0.757456,0.723871,0.758665,0.687325,0.747029,0.715307,0.614773,0.607316,0.620318,0.665074,0.746808,0.595528,0.655889,0.738481,0.613618,0.688832,0.679056,0.709702,0.682028,0.693475,0.740006,0.650259,0.770951,0.681513,0.642572,0.699681,0.702349,0.552296,0.166982,0.429759,0.31015,0.555888,0.642078,0.663693,0.59633,0.403477,0.46155,0.581036,0.743631,0.707647,0.521822,0.561275,0.740409,0.727045,0.778484,0.640956,0.680095,0.659653,0.637848,0.667239,1,0.694994,0.727851,0.602192,0.704043,0.711086,0.660895,0.612018,0.733718,0.564811,0.611946,0.592873,0.665293,0.719693,0.727238,0.573842,0.699438,0.707176,0.425119,0.65655,0.718806,0.751287,0.551888,0.315251,0.667255,0.651883,0.688535,0.612959,0.653792,0.265107,0.556751,0.733726,0.730999,0.612205,0.533469
0.791331,0.729524,0.813898,0.788645,0.8416,0.684305,0.47565,0.620582,0.700397,0.835813,0.869715,0.626806,0.836178,0.691904,0.635466,0.724442,0.864503,0.685449,0.646846,0.720899,0.747362,0.641791,0.807189,0.67443,0.740856,0.740586,0.693576,0.579315,0.412613,0.287178,0.131364,0.721287,0.826249,0.720775,0.70304,0.585231,0.461491,0.549256,0.745542,0.757177,0.405995,0.602876,0.758727,0.789947,0.845559,0.82188,0.646192,0.71075,0.670946,0.643674,0.694994,1,0.930488,0.576515,0.811726,0.695036,0.74147,0.727762,0.852469,0.49242,0.436136,0.584302,0.654742,0.777077,0.779861,0.646147,0.676601,0.697135,0.48157,0.662278,0.741103,0.820336,0.619393,0.515666,0.71302,0.650578,0.775011,0.628039,0.518283,0.176485,0.552169,0.796961,0.764455,0.643984,0.611487
0.795794,0.771861,0.822836,0.839036,0.862081,0.712715,0.531487,0.670524,0.671317,0.808647,0.854731,0.629375,0.830882,0.745224,0.633962,0.779054,0.837612,0.711342,0.700178,0.754656,0.784847,0.667861,0.788793,0.667735,0.770615,0.73255,0.713936,0.531953,0.337447,0.334902,0.159802,0.719738,0.81307,0.737239,0.738495,0.494108,0.466088,0.602025,0.758628,0.782196,0.398443,0.596531,0.785359,0.793691,0.838209,0.817009,0.644219,0.694739,0.68395,0.682507,0.727851,0.930488,1,0.601164,0.838555,0.732076,0.757888,0.751095,0.837912,0.55149,0.455057,0.55551,0.669921,0.787693,0.785423,0.651956,0.667593,0.68418,0.489416,0.672356,0.758606,0.774998,0.594187,0.511947,0.752216,0.678199,0.767197,0.632918,0.568279,0.215549,0.556144,0.800866,0.79649,0.609746,0.60917
