1,0.847325,0.937222,0.821465,0.724234,0.7111,0.345969,0.559773,0.717746,0.710213,0.780661,0.770702,0.831658,0.868955,0.613376,0.780028,0.845794,0.506509,0.736303,0.900898,0.893177,0.591474,0.769868,0.824644,0.408567,0.478696,0.742124,0.748412,0.399683,0.112091,0.507076,0.285248,0.729671,0.676982,0.47744,0.426276,-0.0248852,0.382346,0.805051,0.791524,0.282901,0.31755,0.919107,0.796435,0.893174,0.673823,0.82644,0.737391,0.581213,0.471616,0.570741,0.806883,0.831848,0.824487,0.833963,0.872596,0.526943,0.825592,0.856435,0.482136,0.694311,0.652767,0.773423,0.893746,0.815968,0.518687,0.711562,0.831748,0.678174,0.7272,0.695289,0.653395,0.60205,0.204063,0.518029,0.824757,0.764905,0.61269,0.368913,0.159513,0.0910115,0.822343,0.784124,0.195826,0.590097
0.847325,1,0.761945,0.776524,0.556571,0.546676,0.311321,0.389535,0.590511,0.60588,0.756629,0.810741,0.798884,0.830174,0.57205,0.938266,0.797289,0.294923,0.597834,0.874684,0.773373,0.382881,0.623941,0.545309,0.37097,0.417616,0.499371,0.698097,0.431894,0.225882,0.496242,-0.0247638,0.536291,0.354442,0.334723,0.323479,-0.119936,0.0489438,0.496094,0.637902,0.324885,0.16871,0.80053,0.920257,0.717154,0.548568,0.644036,0.590553,0.526309,0.496452,0.269742,0.700371,0.733798,0.757576,0.758661,0.871814,0.209632,0.934123,0.783945,0.364537,0.59425,0.419321,0.781049,0.788394,0.736987,0.516263,0.560702,0.598712,0.577923,0.57383,0.535827,0.471363,0.497297,-0.00861253,0.420997,0.721298,0.576387,0.604999,0.458851,0.188183,-0.22404,0.718924,0.640908,0.0608076,0.468175
0.937222,0.761945,1,0.822632,0.737244,0.669535,0.317808,0.543561,0.713403,0.717544,0.773887,0.661148,0.7937,0.852652,0.622412,0.723179,0.861448,0.54225,0.714004,0.83492,0.882368,0.631185,0.775879,0.880859,0.479158,0.519068,0.801569,0.742554,0.418182,0.177557,0.494283,0.383177,0.836296,0.730919,0.51752,0.504777,0.120556,0.46846,0.881885,0.815403,0.312878,0.288756,0.921525,0.752366,0.913676,0.629466,0.848628,0.743138,0.613463,0.485018,0.639838,0.864211,0.8578,0.785815,0.815197,0.844404,0.525431,0.775305,0.84285,0.539891,0.660268,0.690003,0.787402,0.888566,0.833243,0.550937,0.778651,0.900635,0.735855,0.753359,0.716375,0.672278,0.567979,0.233463,0.552235,0.794713,0.82606,0.660338,0.348881,0.173961,0.103002,0.878931,0.848162,0.246496,0.580527
0.821465,0.776524,0.822632,1,0.691975,0.519119,0.360703,0.420757,0.634283,0.788524,0.845232,0.640512,0.825756,0.819841,0.579563,0.727938,0.807187,0.445589,0.591063,0.766588,0.705915,0.528242,0.573439,0.687466,0.512603,0.465307,0.634992,0.734281,0.438077,0.13591,0.533926,0.187268,0.718014,0.61886,0.416076,0.286532,-0.0266596,0.299875,0.703133,0.708192,0.156016,0.222356,0.824346,0.74092,0.816472,0.617405,0.708953,0.613289,0.481851,0.466983,0.464552,0.714421,0.750569,0.708776,0.801306,0.817655,0.343038,0.800202,0.770986,0.36208,0.483039,0.474302,0.755555,0.724913,0.710542,0.407662,0.523438,0.697782,0.609543,0.655075,0.569463,0.379275,0.561315,0.159661,0.433633,0.582465,0.62443,0.543231,0.269735,-0.0493547,-0.0360375,0.729257,0.712263,0.122678,0.436326
0.724234,0.556571,0.737244,0.691975,1,0.573977,0.510168,0.615207,0.535948,0.661289,0.615134,0.535143,0.664886,0.69533,0.620158,0.470009,0.667395,0.505369,0.531923,0.592725,0.643066,0.56424,0.679623,0.773165,0.37556,0.591033,0.722547,0.549253,0.402483,0.193321,0.425468,0.275215,0.619368,0.608366,0.509908,0.44089,-0.0222979,0.315105,0.700748,0.717674,0.200355,0.217063,0.789165,0.569748,0.768937,0.642594,0.699421,0.707766,0.592034,0.505743,0.655382,0.756461,0.691006,0.676023,0.681405,0.674611,0.447416,0.521984,0.688426,0.339056,0.487347,0.580433,0.55227,0.637199,0.655068,0.438369,0.488446,0.749103,0.558412,0.562108,0.673041,0.375495,0.278801,0.0972077,0.348396,0.611802,0.716825,0.472866,0.34295,-0.0487889,0.0564165,0.675251,0.733417,0.202021,0.453196
0.7111,0.546676,0.669535,0.519119,0.573977,1,0.238841,0.351906,0.677969,0.501679,0.646447,0.421498,0.582532,0.662481,0.569718,0.491805,0.551253,0.606638,0.826535,0.667607,0.782649,0.327034,0.562106,0.685974,0.357699,0.197793,0.53829,0.576803,0.0731041,-0.0129079,0.335596,0.168413,0.550431,0.551228,0.303551,0.621781,0.293762,0.265461,0.659849,0.615076,0.453667,0.408795,0.686116,0.610133,0.7003,0.733872,0.60178,0.629623,0.30878,0.307378,0.313364,0.583207,0.62552,0.588261,0.59217,0.578775,0.427206,0.531098,0.589768,0.475297,0.569592,0.683565,0.530723,0.688295,0.626735,0.536152,0.536049,0.627597,0.402349,0.608321,0.469072,0.588218,0.289875,-0.0726609,0.312597,0.647708,0.617693,0.446544,0.378186,0.400161,0.189672,0.686452,0.490903,0.408035,0.512243
0.345969,0.311321,0.317808,0.360703,0.510168,0.238841,1,0.390276,0.321214,0.342608,0.370014,0.321171,0.386927,0.351184,0.358062,0.284482,0.373201,0.359201,0.191855,0.405436,0.357689,0.126585,0.421071,0.398739,0.397073,0.342046,0.319512,0.320321,0.134909,0.212897,0.254141,0.0707903,0.133148,0.30258,0.413916,0.130493,-0.225284,0.286329,0.334362,0.369658,0.26639,0.0698115,0.337407,0.32077,0.351386,0.284919,0.331424,0.507517,0.428672,0.585623,0.365757,0.290653,0.404971,0.293033,0.360768,0.383446,-0.0350427,0.316364,0.354973,0.0738813,0.205827,0.265443,0.275639,0.248491,0.25128,0.166722,0.340407,0.374776,0.438426,0.324394,0.482812,0.116858,0.0948599,0.0505199,-0.0344696,0.305053,0.368126,0.0563165,0.442956,0.0591113,-0.0522309,0.257614,0.353817,-0.0146064,0.217373
0.559773,0.389535,0.543561,0.420757,0.615207,0.351906,0.390276,1,0.354374,0.393961,0.41586,0.509145,0.510402,0.488009,0.258553,0.377862,0.509655,0.379066,0.286624,0.432543,0.434507,0.416397,0.589146,0.530912,0.289624,0.39679,0.457608,0.239274,0.29553,-0.0262669,0.402188,0.211269,0.289855,0.379018,0.432798,0.356076,0.0388358,0.104085,0.418256,0.461644,0.00485254,0.348795,0.549678,0.405522,0.497998,0.399297,0.481271,0.630783,0.567625,0.278157,0.654208,0.493393,0.436925,0.464693,0.435665,0.483575,0.432325,0.336123,0.449294,0.223325,0.257201,0.546926,0.468717,0.491181,0.540832,0.193194,0.441501,0.524297,0.48309,0.530164,0.348681,0.4035,0.310006,0.134332,0.157413,0.578963,0.474706,0.326541,0.163569,0.082462,-0.0860912,0.464586,0.611755,0.259099,0.458457
0.717746,0.590511,0.713403,0.634283,0.535948,0.677969,0.321214,0.354374,1,0.511423,0.601836,0.431699,0.659634,0.60495,0.394441,0.576297,0.507589,0.613008,0.738491,0.746275,0.730805,0.41464,0.521553,0.653047,0.339563,0.396087,0.534341,0.615121,0.174476,-0.0333964,0.323323,0.14143,0.539654,0.653055,0.520517,0.346826,0.0939148,0.270414,0.703591,0.766501,0.231202,0.34968,0.602233,0.565928,0.610897,0.48309,0.548561,0.562857,0.304375,0.311359,0.381179,0.559844,0.582353,0.468883,0.506805,0.590888,0.300407,0.574314,0.534891,0.303758,0.521198,0.664773,0.617578,0.718343,0.638472,0.32102,0.425623,0.578514,0.540836,0.658028,0.433683,0.517553,0.463069,0.187747,0.346666,0.576431,0.635633,0.319302,0.385799,0.147513,-0.0852573,0.64135,0.541873,0.40625,0.397981
0.710213,0.60588,0.717544,0.788524,0.661289,0.501679,0.342608,0.393961,0.511423,1,0.816,0.500139,0.783803,0.803207,0.422799,0.561544,0.802304,0.356813,0.545086,0.58603,0.665667,0.557191,0.504109,0.698056,0.442558,0.422741,0.712764,0.664587,0.357015,0.194069,0.591334,0.234183,0.634196,0.631624,0.453942,0.332734,0.104937,0.334198,0.655897,0.694683,0.106755,0.229204,0.793154,0.624947,0.781164,0.603781,0.673372,0.569203,0.540683,0.221011,0.495487,0.666516,0.752484,0.744939,0.817813,0.714274,0.50274,0.652282,0.827504,0.496257,0.548484,0.433796,0.545091,0.599279,0.618057,0.522094,0.486034,0.647732,0.470898,0.490296,0.497395,0.332665,0.524871,0.011977,0.343881,0.567582,0.560347,0.610007,0.227433,0.123232,-0.0467203,0.590702,0.756552,0.190007,0.378529
0.780661,0.756629,0.773887,0.845232,0.615134,0.646447,0.370014,0.41586,0.601836,0.816,1,0.658653,0.901022,0.84673,0.513663,0.747385,0.835885,0.353895,0.621009,0.722206,0.74855,0.470084,0.456631,0.643682,0.352549,0.258919,0.604075,0.756572,0.2409,0.231148,0.579118,0.071364,0.592529,0.570959,0.291779,0.439075,0.0488081,0.211177,0.637605,0.622432,0.187477,0.177061,0.786808,0.81281,0.770874,0.582709,0.652335,0.631729,0.491786,0.297511,0.422696,0.709495,0.80169,0.813047,0.896703,0.862528,0.316202,0.831705,0.876833,0.558731,0.601487,0.461234,0.753103,0.702298,0.67863,0.617522,0.534445,0.635889,0.657912,0.69144,0.549996,0.394946,0.506421,-0.0365494,0.328311,0.611627,0.585699,0.667572,0.353753,0.194267,-0.096176,0.678553,0.712231,0.193443,0.385984
0.770702,0.810741,0.661148,0.640512,0.535143,0.421498,0.321171,0.509145,0.431699,0.500139,0.658653,1,0.759271,0.714208,0.406454,0.811421,0.71924,0.228583,0.418933,0.736952,0.654326,0.400186,0.532348,0.498959,0.230385,0.286665,0.472484,0.488308,0.42233,0.170145,0.497949,0.118618,0.454236,0.334157,0.342194,0.282057,-0.212803,0.0421757,0.464154,0.513737,0.0929148,0.0505942,0.66282,0.805684,0.657964,0.456844,0.641193,0.59979,0.533721,0.431065,0.412089,0.629649,0.602216,0.804147,0.773405,0.789435,0.345977,0.785582,0.730433,0.433604,0.494279,0.478769,0.667954,0.613122,0.569174,0.403332,0.501167,0.558736,0.555935,0.443261,0.555149,0.321738,0.506702,-0.0340283,0.279842,0.655252,0.512972,0.485382,0.355594,0.147968,-0.115401,0.543543,0.645892,0.154172,0.345978
0.831658,0.798884,0.7937,0.825756,0.664886,0.582532,0.386927,0.510402,0.659634,0.783803,0.901022,0.759271,1,0.867173,0.464052,0.811956,0.87431,0.39113,0.586629,0.812178,0.780977,0.536862,0.529017,0.634275,0.348961,0.384478,0.590209,0.73622,0.305035,0.172388,0.642304,0.104736,0.591373,0.55679,0.351397,0.427216,0.00429491,0.174271,0.626519,0.739987,0.140272,0.278808,0.806859,0.809033,0.763811,0.589741,0.666967,0.619191,0.555535,0.264737,0.493624,0.721052,0.829199,0.82896,0.906334,0.869586,0.284212,0.858113,0.859397,0.496692,0.655548,0.50903,0.833391,0.772704,0.789528,0.55369,0.496956,0.636201,0.64843,0.679786,0.618496,0.483829,0.58663,0.103558,0.415917,0.707411,0.5312,0.615178,0.26193,0.180575,-0.21199,0.713183,0.73212,0.140438,0.458037
0.868955,0.830174,0.852652,0.819841,0.69533,0.662481,0.351184,0.488009,0.60495,0.803207,0.84673,0.714208,0.867173,1,0.646245,0.777345,0.872092,0.344555,0.644779,0.7818,0.784816,0.527723,0.672495,0.728487,0.491007,0.5098,0.659226,0.749254,0.358141,0.245183,0.56706,0.182733,0.708555,0.575308,0.369552,0.464216,0.0127987,0.162912,0.708018,0.702614,0.256041,0.230262,0.889497,0.811616,0.859879,0.662787,0.79247,0.718121,0.651658,0.403979,0.470806,0.835085,0.847075,0.86939,0.883211,0.916583,0.388084,0.806647,0.863454,0.528642,0.662593,0.571729,0.813382,0.750992,0.762505,0.600041,0.60363,0.73226,0.555417,0.640143,0.700266,0.577034,0.511534,0.0180969,0.487045,0.769014,0.667098,0.786979,0.338283,0.213647,-0.0648995,0.741608,0.727416,0.162826,0.56036
0.613376,0.57205,0.622412,0.579563,0.620158,0.569718,0.358062,0.258553,0.394441,0.422799,0.513663,0.406454,0.464052,0.646245,1,0.425448,0.597558,0.389355,0.571252,0.549654,0.537488,0.289485,0.556036,0.617495,0.362583,0.387228,0.471984,0.43291,0.392871,0.226502,0.134457,0.203171,0.585663,0.496167,0.326059,0.404171,-0.0773045,0.241747,0.50997,0.502212,0.460369,0.0257153,0.712428,0.593642,0.677977,0.633305,0.658224,0.557352,0.235942,0.634847,0.342683,0.646087,0.543378,0.573016,0.541079,0.611164,0.254289,0.505295,0.535691,0.25304,0.378488,0.433372,0.456033,0.541263,0.477283,0.364925,0.533706,0.668438,0.373866,0.483676,0.635339,0.545718,0.0842659,-0.0611918,0.162704,0.427036,0.574843,0.39278,0.421304,0.0507795,0.116165,0.631586,0.433918,0.031559,0.500545
0.780028,0.938266,0.723179,0.727938,0.470009,0.491805,0.284482,0.377862,0.576297,0.561544,0.747385,0.811421,0.811956,0.777345,0.425448,1,0.765406,0.255766,0.539028,0.867825,0.758173,0.335612,0.566918,0.435425,0.350341,0.314967,0.421824,0.664752,0.384551,0.202821,0.500402,0.0123729,0.492349,0.26831,0.264929,0.349226,-0.0772332,-0.0315381,0.468975,0.621268,0.251969,0.133321,0.698332,0.886814,0.635948,0.411779,0.543043,0.479793,0.49516,0.455457,0.211429,0.616487,0.694527,0.698953,0.74698,0.813951,0.116372,0.935703,0.732612,0.403305,0.557415,0.387572,0.807059,0.747026,0.714735,0.439066,0.502974,0.503721,0.574161,0.52871,0.437341,0.406924,0.536219,-0.0130944,0.378259,0.702073,0.500552,0.569708,0.338773,0.18091,-0.273733,0.661069,0.625823,0.109863,0.391235
0.845794,0.797289,0.861448,0.807187,0.667395,0.551253,0.373201,0.509655,0.507589,0.802304,0.835885,0.71924,0.87431,0.872092,0.597558,0.765406,1,0.440735,0.599325,0.790297,0.818142,0.573682,0.620772,0.725701,0.38991,0.442329,0.697937,0.675726,0.387385,0.324216,0.557459,0.263576,0.696742,0.556783,0.432048,0.498169,0.0990032,0.285849,0.645209,0.737202,0.338853,0.146171,0.888709,0.799065,0.826646,0.582179,0.800207,0.645151,0.599974,0.394409,0.559426,0.783447,0.846079,0.8299,0.880944,0.854082,0.360076,0.815277,0.878212,0.486483,0.633528,0.480973,0.781625,0.797284,0.771804,0.571399,0.673524,0.761599,0.611377,0.663848,0.692662,0.528088,0.525672,0.00855673,0.422519,0.719725,0.636629,0.682651,0.372166,0.215594,-0.108596,0.761446,0.834486,0.0796818,0.504783
0.506509,0.294923,0.54225,0.445589,0.505369,0.606638,0.359201,0.379066,0.613008,0.356813,0.353895,0.228583,0.39113,0.344555,0.389355,0.255766,0.440735,1,0.515727,0.553729,0.607451,0.417493,0.477143,0.677818,0.398601,0.194281,0.421332,0.314568,0.0431057,-0.0669818,0.262076,0.332495,0.458347,0.418244,0.47918,0.307437,0.269018,0.423662,0.589537,0.66065,0.357223,0.357068,0.472656,0.292634,0.4683,0.453971,0.451174,0.551564,0.235879,0.363319,0.518297,0.317651,0.387611,0.180162,0.243111,0.256213,0.326852,0.262099,0.275009,0.139214,0.168944,0.630098,0.324492,0.54247,0.491275,0.197845,0.525548,0.55451,0.425747,0.557082,0.358595,0.423946,0.343161,0.0129525,0.23507,0.369524,0.474743,0.0908551,0.318383,0.212988,0.0946532,0.561994,0.541431,0.313688,0.297212
0.736303,0.597834,0.714004,0.591063,0.531923,0.826535,0.191855,0.286624,0.738491,0.545086,0.621009,0.418933,0.586629,0.644779,0.571252,0.539028,0.599325,0.515727,1,0.702177,0.779659,0.389827,0.492274,0.650089,0.316936,0.275082,0.560422,0.623007,0.262391,0.0421224,0.227665,0.212717,0.575277,0.667626,0.373295,0.521521,0.178852,0.277524,0.667068,0.637524,0.463545,0.269816,0.702033,0.593108,0.684418,0.631015,0.642871,0.540854,0.208314,0.353705,0.269274,0.613619,0.585204,0.577158,0.557532,0.571288,0.424012,0.577047,0.590674,0.403491,0.675604,0.615331,0.55309,0.702867,0.598811,0.443398,0.515261,0.642038,0.393961,0.59815,0.459652,0.632708,0.366279,-0.0263822,0.294604,0.596988,0.650021,0.380894,0.353156,0.192517,0.14627,0.640581,0.499405,0.274192,0.431056
0.900898,0.874684,0.83492,0.766588,0.592725,0.667607,0.405436,0.432543,0.746275,0.58603,0.722206,0.736952,0.812178,0.7818,0.549654,0.867825,0.790297,0.553729,0.702177,1,0.903662,0.539057,0.705188,0.670871,0.436182,0.418923,0.561899,0.6662,0.323825,0.0972206,0.449498,0.243887,0.572109,0.526334,0.455469,0.352652,-0.0782714,0.266796,0.696137,0.787047,0.385923,0.313423,0.776304,0.805197,0.747778,0.568056,0.700983,0.637726,0.507416,0.48515,0.428925,0.645952,0.758524,0.670797,0.71873,0.778874,0.31265,0.862659,0.718793,0.329205,0.609374,0.572512,0.793818,0.856649,0.823969,0.457892,0.62327,0.662497,0.588836,0.663333,0.556666,0.633633,0.552857,0.148479,0.425852,0.764341,0.663747,0.471505,0.37595,0.169068,-0.0265021,0.80118,0.680822,0.1848,0.531947
0.893177,0.773373,0.882368,0.705915,0.643066,0.782649,0.357689,0.434507,0.730805,0.665667,0.74855,0.654326,0.780977,0.784816,0.537488,0.758173,0.818142,0.607451,0.779659,0.903662,1,0.538684,0.687095,0.802851,0.394976,0.397009,0.707322,0.722809,0.254456,0.251158,0.504555,0.309951,0.667951,0.6417,0.471481,0.525384,0.125599,0.401792,0.763318,0.809674,0.436156,0.354692,0.825678,0.790636,0.807465,0.620776,0.756595,0.730563,0.522208,0.408516,0.528561,0.718704,0.817599,0.715214,0.766525,0.750666,0.437754,0.803019,0.792095,0.504328,0.705226,0.635007,0.694851,0.874046,0.838924,0.647124,0.717902,0.776827,0.670135,0.693518,0.595455,0.646044,0.512761,0.0895331,0.52211,0.82649,0.768245,0.561667,0.460587,0.323917,0.124405,0.822715,0.75291,0.250815,0.617325
0.591474,0.382881,0.631185,0.528242,0.56424,0.327034,0.126585,0.416397,0.41464,0.557191,0.470084,0.400186,0.536862,0.527723,0.289485,0.335612,0.573682,0.417493,0.389827,0.539057,0.538684,1,0.461056,0.670174,0.31346,0.407089,0.700297,0.302811,0.250924,-0.00437238,0.223447,0.567249,0.382617,0.548382,0.533053,0.190028,0.0160511,0.452494,0.711141,0.606124,0.224839,0.18361,0.578329,0.324804,0.637682,0.476992,0.575713,0.511349,0.523668,-0.0109299,0.673802,0.465877,0.492353,0.54146,0.526016,0.496941,0.566265,0.394268,0.54805,0.191344,0.362538,0.471153,0.513131,0.487655,0.596685,0.435017,0.385414,0.575903,0.384175,0.551997,0.459739,0.453416,0.333682,0.0554669,0.373638,0.405968,0.623882,0.482302,-0.0330783,-0.0406189,0.253947,0.544397,0.672452,0.310479,0.307624
0.769868,0.623941,0.775879,0.573439,0.679623,0.562106,0.421071,0.589146,0.521553,0.504109,0.456631,0.532348,0.529017,0.672495,0.556036,0.566918,0.620772,0.477143,0.492274,0.705188,0.687095,0.461056,1,0.735315,0.541119,0.572412,0.644878,0.481345,0.407611,0.0361908,0.361832,0.350171,0.651957,0.507357,0.550545,0.345473,0.0600924,0.376256,0.703574,0.722012,0.354537,0.367276,0.755796,0.579806,0.757151,0.596341,0.701542,0.635944,0.650959,0.577949,0.539268,0.619727,0.694153,0.59011,0.575296,0.647365,0.494189,0.541131,0.599569,0.257974,0.476536,0.600161,0.582723,0.711661,0.680365,0.287521,0.605413,0.731037,0.493001,0.521643,0.625091,0.630671,0.335071,0.260696,0.367454,0.726878,0.720828,0.391545,0.33243,0.205692,0.150943,0.73418,0.673078,0.31038,0.581073
0.824644,0.545309,0.880859,0.687466,0.773165,0.685974,0.398739,0.530912,0.653047,0.698056,0.643682,0.498959,0.634275,0.728487,0.617495,0.435425,0.725701,0.677818,0.650089,0.670871,0.802851,0.670174,0.735315,1,0.489248,0.523127,0.879368,0.591351,0.349933,0.144713,0.423047,0.470973,0.756221,0.773467,0.635416,0.453895,0.155041,0.629475,0.88895,0.792636,0.354699,0.310317,0.849174,0.556649,0.882882,0.704873,0.820502,0.812279,0.606392,0.404116,0.748367,0.76717,0.750776,0.695073,0.69212,0.671429,0.649508,0.529094,0.759102,0.414275,0.571716,0.765558,0.534456,0.740162,0.701908,0.58838,0.751346,0.937919,0.688917,0.720972,0.743057,0.616281,0.422507,0.107854,0.471855,0.684905,0.855658,0.535907,0.437367,0.300276,0.267857,0.772057,0.800379,0.352079,0.588633
0.408567,0.37097,0.479158,0.512603,0.37556,0.357699,0.397073,0.289624,0.339563,0.442558,0.352549,0.230385,0.348961,0.491007,0.362583,0.350341,0.38991,0.398601,0.316936,0.436182,0.394976,0.31346,0.541119,0.489248,1,0.429404,0.411632,0.325033,0.168456,-0.14855,0.250975,0.293156,0.406837,0.348916,0.288848,0.127302,0.0280044,0.386348,0.47041,0.460899,0.425926,0.375831,0.464491,0.345802,0.470314,0.389484,0.468931,0.441839,0.534265,0.423413,0.262019,0.341172,0.414372,0.298367,0.355476,0.345915,0.213071,0.330506,0.311115,0.0077718,0.247871,0.490652,0.301753,0.313599,0.452581,0.215907,0.439838,0.479107,0.293489,0.310493,0.367042,0.364783,0.133769,0.117546,0.309765,0.332644,0.346159,0.167543,0.113035,0.158459,0.127638,0.393062,0.32976,0.343221,0.374991
0.478696,0.417616,0.519068,0.465307,0.591033,0.197793,0.342046,0.39679,0.396087,0.422741,0.258919,0.286665,0.384478,0.5098,0.387228,0.314967,0.442329,0.194281,0.275082,0.418923,0.397009,0.407089,0.572412,0.523127,0.429404,1,0.622148,0.275373,0.506684,0.27445,0.281655,0.171235,0.468307,0.436442,0.47929,0.250709,0.0464937,0.223208,0.449168,0.619417,0.219176,0.104609,0.556936,0.339749,0.558732,0.404504,0.618941,0.441315,0.502472,0.350292,0.453998,0.520764,0.487761,0.399595,0.364691,0.491248,0.260426,0.310884,0.433196,0.111381,0.346588,0.382413,0.445593,0.445507,0.514816,0.351104,0.26241,0.539357,0.305599,0.340205,0.543725,0.403766,0.19355,0.198185,0.339648,0.509404,0.579187,0.361316,0.243883,0.00146512,0.0290097,0.473426,0.397013,0.0669958,0.467296
0.742124,0.499371,0.801569,0.634992,0.722547,0.53829,0.319512,0.457608,0.534341,0.712764,0.604075,0.472484,0.590209,0.659226,0.471984,0.421824,0.697937,0.421332,0.560422,0.561899,0.707322,0.700297,0.644878,0.879368,0.411632,0.622148,1,0.490341,0.422945,0.231773,0.340211,0.485456,0.679029,0.702812,0.60835,0.42958,0.18784,0.599246,0.811784,0.770669,0.326756,0.123932,0.801399,0.507742,0.851769,0.621679,0.77477,0.625195,0.604951,0.288873,0.644821,0.706653,0.692117,0.72838,0.715065,0.660664,0.599195,0.502168,0.79722,0.379084,0.585882,0.611016,0.51388,0.653452,0.642415,0.616855,0.561276,0.862617,0.600471,0.581686,0.719757,0.429031,0.351728,0.0695947,0.463335,0.643863,0.840497,0.56724,0.325974,0.214319,0.267018,0.685615,0.75284,0.365362,0.479552
0.748412,0.698097,0.742554,0.734281,0.549253,0.576803,0.320321,0.239274,0.615121,0.664587,0.756572,0.488308,0.73622,0.749254,0.43291,0.664752,0.675726,0.314568,0.623007,0.6662,0.722809,0.302811,0.481345,0.591351,0.325033,0.275373,0.490341,1,0.210528,0.262811,0.500077,0.00315969,0.609943,0.566612,0.264241,0.348212,0.0738306,0.294919,0.616441,0.540405,0.22475,0.326946,0.724317,0.691056,0.690954,0.45937,0.540081,0.539182,0.41161,0.332459,0.27725,0.686842,0.71882,0.666547,0.736168,0.782087,0.217828,0.753449,0.762062,0.560977,0.642342,0.393264,0.671184,0.688386,0.588123,0.434615,0.525507,0.624782,0.668675,0.67241,0.548267,0.409864,0.492565,0.220568,0.598574,0.561641,0.522347,0.599872,0.379861,0.157442,-0.0571786,0.590018,0.615181,-0.0415638,0.403879
0.399683,0.431894,0.418182,0.438077,0.402483,0.0731041,0.134909,0.29553,0.174476,0.357015,0.2409,0.42233,0.305035,0.358141,0.392871,0.384551,0.387385,0.0431057,0.262391,0.323825,0.254456,0.250924,0.407611,0.349933,0.168456,0.506684,0.422945,0.210528,1,0.0455751,0.223638,0.251229,0.425728,0.333961,0.473127,0.139738,0.0803274,0.154479,0.31648,0.347105,0.126041,-0.0471331,0.493729,0.381146,0.542264,0.446979,0.458917,0.266554,0.19511,0.342732,0.26233,0.433347,0.29873,0.45501,0.369242,0.390227,0.385946,0.372643,0.41722,0.158071,0.212049,0.402207,0.370092,0.352723,0.304108,0.129893,0.277337,0.467476,0.275551,0.227753,0.308763,0.297575,0.175385,-0.0449701,0.0492205,0.277496,0.417275,0.230774,0.183455,-0.00769612,-0.0105201,0.382054,0.371004,-0.0201338,0.314688
0.112091,0.225882,0.177557,0.13591,0.193321,-0.0129079,0.212897,-0.0262669,-0.0333964,0.194069,0.231148,0.170145,0.172388,0.245183,0.226502,0.202821,0.324216,-0.0669818,0.0421224,0.0972206,0.251158,-0.00437238,0.0361908,0.144713,-0.14855,0.27445,0.231773,0.262811,0.0455751,1,0.138153,-0.139741,0.166594,0.0360825,0.0027989,0.148292,0.0441789,-0.12321,0.00243678,0.136081,0.0919206,-0.37958,0.201278,0.33486,0.158645,-0.0149099,0.26504,0.220642,0.155561,0.233294,0.180126,0.329989,0.28584,0.257567,0.246736,0.308621,-0.104174,0.255506,0.3072,0.267147,0.168334,-0.214081,0.168664,0.125488,0.0586331,0.407264,0.136713,0.178265,0.214868,0.104663,0.315757,-0.0573036,0.173087,-0.241673,0.0865593,0.138779,0.284632,0.40606,0.437465,0.0424172,-0.0696964,0.100019,0.28263,-0.394681,0.0234227
0.507076,0.496242,0.494283,0.533926,0.425468,0.335596,0.254141,0.402188,0.323323,0.591334,0.579118,0.497949,0.642304,0.56706,0.134457,0.500402,0.557459,0.262076,0.227665,0.449498,0.504555,0.223447,0.361832,0.423047,0.250975,0.281655,0.340211,0.500077,0.223638,0.138153,1,-0.0909467,0.491482,0.343278,0.146981,0.268028,0.0916874,0.0902293,0.323827,0.38789,-0.153746,0.452615,0.545444,0.590078,0.507167,0.384995,0.428998,0.458851,0.476311,0.173993,0.356342,0.485473,0.609534,0.537035,0.570737,0.575445,0.316814,0.58774,0.557616,0.554218,0.359014,0.33803,0.458799,0.53247,0.573728,0.472019,0.392917,0.399562,0.447664,0.328097,0.260787,0.196089,0.537201,0.170252,0.426352,0.575846,0.250231,0.42708,0.216404,0.278707,-0.192875,0.478792,0.562654,0.00902951,0.334153
0.285248,-0.0247638,0.383177,0.187268,0.275215,0.168413,0.0707903,0.211269,0.14143,0.234183,0.071364,0.118618,0.104736,0.182733,0.203171,0.0123729,0.263576,0.332495,0.212717,0.243887,0.309951,0.567249,0.350171,0.470973,0.293156,0.171235,0.485456,0.00315969,0.251229,-0.139741,-0.0909467,1,0.355929,0.459459,0.445615,0.135476,0.116709,0.605747,0.573004,0.352859,0.16976,0.0299948,0.262395,-0.0343908,0.388687,0.197043,0.367122,0.249485,0.360851,0.116485,0.483684,0.242426,0.202551,0.231078,0.2289,0.0737094,0.548788,0.00203952,0.193589,0.0441173,0.104301,0.42491,0.143304,0.232283,0.276193,0.0284246,0.388817,0.432516,0.174707,0.236229,0.246827,0.333063,0.0314096,0.140449,0.16064,0.18866,0.479986,0.100038,-0.100316,-0.0907974,0.432494,0.328309,0.34788,0.237299,0.195823
0.729671,0.536291,0.836296,0.718014,0.619368,0.550431,0.133148,0.289855,0.539654,0.634196,0.592529,0.454236,0.591373,0.708555,0.585663,0.492349,0.696742,0.458347,0.575277,0.572109,0.667951,0.382617,0.651957,0.756221,0.406837,0.468307,0.679029,0.609943,0.425728,0.166594,0.491482,0.355929,1,0.625347,0.336101,0.457638,0.204195,0.445018,0.757252,0.711076,0.164753,0.213583,0.766173,0.539249,0.789217,0.551609,0.718699,0.543818,0.435266,0.453523,0.526946,0.744872,0.760791,0.61427,0.674106,0.653616,0.478828,0.544816,0.65693,0.517547,0.512434,0.559498,0.607599,0.755742,0.653313,0.378985,0.620121,0.802206,0.53667,0.551625,0.636158,0.504834,0.459871,0.274261,0.50019,0.622632,0.6727,0.542622,0.279298,0.114864,0.10903,0.746626,0.671498,0.14045,0.467808
0.676982,0.354442,0.730919,0.61886,0.608366,0.551228,0.30258,0.379018,0.653055,0.631624,0.570959,0.334157,0.55679,0.575308,0.496167,0.26831,0.556783,0.418244,0.667626,0.526334,0.6417,0.548382,0.507357,0.773467,0.348916,0.436442,0.702812,0.566612,0.333961,0.0360825,0.343278,0.459459,0.625347,1,0.584993,0.308292,0.069522,0.618398,0.774782,0.589009,0.189377,0.360227,0.682119,0.440316,0.746587,0.569545,0.732985,0.605609,0.320181,0.223966,0.584244,0.645126,0.591522,0.602081,0.611997,0.554067,0.632798,0.426914,0.612294,0.393357,0.564195,0.64004,0.422414,0.563481,0.544003,0.388223,0.526188,0.723126,0.505439,0.552802,0.522823,0.573647,0.301253,0.336655,0.352948,0.507549,0.694966,0.302962,0.255164,0.0159319,0.363788,0.593623,0.560053,0.292433,0.500798
0.47744,0.334723,0.51752,0.416076,0.509908,0.303551,0.413916,0.432798,0.520517,0.453942,0.291779,0.342194,0.351397,0.369552,0.326059,0.264929,0.432048,0.47918,0.373295,0.455469,0.471481,0.533053,0.550545,0.635416,0.288848,0.47929,0.60835,0.264241,0.473127,0.0027989,0.146981,0.445615,0.336101,0.584993,1,0.250994,0.191436,0.484825,0.583388,0.577568,0.332324,0.195018,0.508433,0.311386,0.609425,0.477118,0.495871,0.449477,0.378908,0.247501,0.450997,0.424789,0.34393,0.410471,0.370995,0.381305,0.459506,0.265678,0.464331,0.157704,0.296329,0.576427,0.300576,0.409541,0.373842,0.175517,0.374506,0.589662,0.364883,0.385036,0.446135,0.33676,0.189874,0.0252635,0.125233,0.369209,0.643308,0.12443,0.376125,0.188672,0.0355391,0.448866,0.593713,0.411822,0.409669
0.426276,0.323479,0.504777,0.286532,0.44089,0.621781,0.130493,0.356076,0.346826,0.332734,0.439075,0.282057,0.427216,0.464216,0.404171,0.349226,0.498169,0.307437,0.521521,0.352652,0.525384,0.190028,0.345473,0.453895,0.127302,0.250709,0.42958,0.348212,0.139738,0.148292,0.268028,0.135476,0.457638,0.308292,0.250994,1,0.548846,0.14596,0.393695,0.456849,0.411149,0.149281,0.52404,0.407358,0.536544,0.54061,0.420124,0.405968,0.301807,0.159911,0.295801,0.570583,0.583446,0.443184,0.488737,0.418178,0.159431,0.347448,0.472741,0.639816,0.460899,0.401882,0.448613,0.546037,0.522376,0.442648,0.491224,0.511023,0.386788,0.504838,0.41047,0.44527,0.165195,-0.109157,0.125484,0.507138,0.439006,0.457376,0.145293,0.343285,0.000370884,0.494513,0.389868,0.170239,0.446546
-0.0248852,-0.119936,0.120556,-0.0266596,-0.0222979,0.293762,-0.225284,0.0388358,0.0939148,0.104937,0.0488081,-0.212803,0.00429491,0.0127987,-0.0773045,-0.0772332,0.0990032,0.269018,0.178852,-0.0782714,0.125599,0.0160511,0.0600924,0.155041,0.0280044,0.0464937,0.18784,0.0738306,0.0803274,0.0441789,0.0916874,0.116709,0.204195,0.069522,0.191436,0.548846,1,0.136452,0.124375,0.162953,0.25023,0.185602,0.15199,-0.00967505,0.201143,0.283745,0.0815168,0.00637291,0.00301785,-0.189199,0.0365718,0.119369,0.149055,0.0226678,0.0145351,-0.0394452,0.169753,-0.0815087,0.0740605,0.360637,0.0317708,0.220591,0.103449,0.166952,0.131292,0.156327,0.146006,0.14916,0.0253769,0.178442,0.0162303,0.15925,0.107541,-0.181584,0.0350555,0.0525765,0.0946227,0.14187,-0.0553311,0.426147,0.00624446,0.19343,0.148846,0.154286,0.115013
0.382346,0.0489438,0.46846,0.299875,0.315105,0.265461,0.286329,0.104085,0.270414,0.334198,0.211177,0.0421757,0.174271,0.162912,0.241747,-0.0315381,0.285849,0.423662,0.277524,0.266796,0.401792,0.452494,0.376256,0.629475,0.386348,0.223208,0.599246,0.294919,0.154479,-0.12321,0.0902293,0.605747,0.445018,0.618398,0.484825,0.14596,0.136452,1,0.627073,0.423077,0.330839,0.28949,0.391966,0.0463588,0.484851,0.354258,0.369647,0.341136,0.305693,0.146341,0.48198,0.275199,0.377532,0.248371,0.3179,0.181607,0.465929,0.127432,0.364847,0.174929,0.289957,0.407305,0.0758252,0.369806,0.334877,0.235575,0.519063,0.615092,0.474211,0.387352,0.419549,0.358492,0.0896473,0.379744,0.339783,0.234688,0.483276,-0.0016605,0.107891,0.119941,0.457373,0.404037,0.370121,0.150949,0.327777
0.805051,0.496094,0.881885,0.703133,0.700748,0.659849,0.334362,0.418256,0.703591,0.655897,0.637605,0.464154,0.626519,0.708018,0.50997,0.468975,0.645209,0.589537,0.667068,0.696137,0.763318,0.711141,0.703574,0.88895,0.47041,0.449168,0.811784,0.616441,0.31648,0.00243678,0.323827,0.573004,0.757252,0.774782,0.583388,0.393695,0.124375,0.627073,1,0.756231,0.247004,0.276998,0.767621,0.477591,0.85436,0.617136,0.745116,0.672337,0.547653,0.379019,0.633374,0.719753,0.71103,0.644606,0.677086,0.658086,0.612427,0.53632,0.701776,0.466651,0.547374,0.734087,0.632795,0.724129,0.685949,0.46036,0.665776,0.850323,0.621767,0.66989,0.664973,0.602181,0.465588,0.25059,0.505141,0.653328,0.831128,0.525955,0.211434,0.112466,0.310292,0.774038,0.748688,0.376411,0.481243
0.791524,0.637902,0.815403,0.708192,0.717674,0.615076,0.369658,0.461644,0.766501,0.694683,0.622432,0.513737,0.739987,0.702614,0.502212,0.621268,0.737202,0.66065,0.637524,0.787047,0.809674,0.606124,0.722012,0.792636,0.460899,0.619417,0.770669,0.540405,0.347105,0.136081,0.38789,0.352859,0.711076,0.589009,0.577568,0.456849,0.162953,0.423077,0.756231,1,0.348904,0.263398,0.764725,0.578479,0.762069,0.610349,0.688631,0.601528,0.522968,0.363008,0.611558,0.613205,0.764525,0.587542,0.669861,0.637247,0.395955,0.603012,0.689822,0.300259,0.550664,0.593556,0.649797,0.798504,0.782348,0.432561,0.511321,0.747117,0.568787,0.651281,0.626615,0.563308,0.495238,0.147919,0.366518,0.680238,0.726191,0.423299,0.291626,0.169429,-0.0121648,0.756909,0.719526,0.314015,0.491164
0.282901,0.324885,0.312878,0.156016,0.200355,0.453667,0.26639,0.00485254,0.231202,0.106755,0.187477,0.0929148,0.140272,0.256041,0.460369,0.251969,0.338853,0.357223,0.463545,0.385923,0.436156,0.224839,0.354537,0.354699,0.425926,0.219176,0.326756,0.22475,0.126041,0.0919206,-0.153746,0.16976,0.164753,0.189377,0.332324,0.411149,0.25023,0.330839,0.247004,0.348904,1,0.124597,0.35168,0.294355,0.340913,0.384034,0.329951,0.254947,0.155145,0.208116,0.0653449,0.203529,0.297421,0.224988,0.207426,0.205306,-0.0399971,0.236254,0.263578,-0.0122591,0.364346,0.293702,0.229235,0.313902,0.315807,0.319134,0.334799,0.390418,0.182578,0.367686,0.38405,0.433008,-0.21364,-0.266618,0.107817,0.191283,0.360939,0.100354,0.379078,0.3734,0.217997,0.288201,0.147449,0.200886,0.39704
0.31755,0.16871,0.288756,0.222356,0.217063,0.408795,0.0698115,0.348795,0.34968,0.229204,0.177061,0.0505942,0.278808,0.230262,0.0257153,0.133321,0.146171,0.357068,0.269816,0.313423,0.354692,0.18361,0.367276,0.310317,0.375831,0.104609,0.123932,0.326946,-0.0471331,-0.37958,0.452615,0.0299948,0.213583,0.360227,0.195018,0.149281,0.185602,0.28949,0.276998,0.263398,0.124597,1,0.3046,0.215986,0.274813,0.365164,0.176276,0.321209,0.206625,-0.0975854,0.217924,0.164902,0.312287,0.136045,0.170919,0.165271,0.300879,0.225127,0.166261,0.16579,0.334914,0.435983,0.201561,0.363329,0.519632,0.166649,0.233172,0.238418,0.189418,0.255372,0.0366464,0.404054,0.131733,0.50202,0.439612,0.411619,0.107367,0.00262955,-0.096961,0.192295,0.137983,0.388915,0.184414,0.225246,0.559198
0.919107,0.80053,0.921525,0.824346,0.789165,0.686116,0.337407,0.549678,0.602233,0.793154,0.786808,0.66282,0.806859,0.889497,0.712428,0.698332,0.888709,0.472656,0.702033,0.776304,0.825678,0.578329,0.755796,0.849174,0.464491,0.556936,0.801399,0.724317,0.493729,0.201278,0.545444,0.262395,0.766173,0.682119,0.508433,0.52404,0.15199,0.391966,0.767621,0.764725,0.35168,0.3046,1,0.800831,0.946428,0.764582,0.859954,0.713455,0.612299,0.471409,0.548776,0.885388,0.858616,0.864069,0.848108,0.875381,0.522943,0.791889,0.897575,0.53412,0.686944,0.632276,0.734822,0.854627,0.818992,0.618292,0.724564,0.886429,0.647188,0.674615,0.737679,0.632892,0.489737,0.105007,0.522721,0.790768,0.742627,0.659333,0.363261,0.222951,0.0410409,0.854745,0.812775,0.162112,0.63957
0.796435,0.920257,0.752366,0.74092,0.569748,0.610133,0.32077,0.405522,0.565928,0.624947,0.81281,0.805684,0.809033,0.811616,0.593642,0.886814,0.799065,0.292634,0.593108,0.805197,0.790636,0.324804,0.579806,0.556649,0.345802,0.339749,0.507742,0.691056,0.381146,0.33486,0.590078,-0.0343908,0.539249,0.440316,0.311386,0.407358,-0.00967505,0.0463588,0.477591,0.578479,0.294355,0.215986,0.800831,1,0.736851,0.567836,0.69171,0.642763,0.471236,0.493831,0.308009,0.734381,0.738384,0.816408,0.804218,0.877914,0.289181,0.929079,0.806083,0.515299,0.578316,0.452702,0.732473,0.738083,0.706471,0.599337,0.584032,0.600978,0.592121,0.537866,0.505936,0.433999,0.455492,-0.0478767,0.375088,0.698775,0.586122,0.592554,0.499114,0.25602,-0.141777,0.728278,0.672874,0.126698,0.457594
0.893174,0.717154,0.913676,0.816472,0.768937,0.7003,0.351386,0.497998,0.610897,0.781164,0.770874,0.657964,0.763811,0.859879,0.677977,0.635948,0.826646,0.4683,0.684418,0.747778,0.807465,0.637682,0.757151,0.882882,0.470314,0.558732,0.851769,0.690954,0.542264,0.158645,0.507167,0.388687,0.789217,0.746587,0.609425,0.536544,0.201143,0.484851,0.85436,0.762069,0.340913,0.274813,0.946428,0.736851,1,0.81579,0.871421,0.721169,0.594633,0.435661,0.581013,0.849301,0.827723,0.868688,0.85881,0.849363,0.615174,0.723366,0.884844,0.580119,0.642291,0.69953,0.718859,0.788476,0.75141,0.589657,0.685148,0.894608,0.628133,0.673658,0.754619,0.604476,0.482616,0.10093,0.454658,0.737752,0.814756,0.646296,0.329663,0.229028,0.192437,0.823658,0.803549,0.264231,0.610039
0.673823,0.548568,0.629466,0.617405,0.642594,0.733872,0.284919,0.399297,0.48309,0.603781,0.582709,0.456844,0.589741,0.662787,0.633305,0.411779,0.582179,0.453971,0.631015,0.568056,0.620776,0.476992,0.596341,0.704873,0.389484,0.404504,0.621679,0.45937,0.446979,-0.0149099,0.384995,0.197043,0.551609,0.569545,0.477118,0.54061,0.283745,0.354258,0.617136,0.610349,0.384034,0.365164,0.764582,0.567836,0.81579,1,0.635973,0.636003,0.386473,0.248465,0.43794,0.617954,0.673829,0.661042,0.64548,0.592622,0.53626,0.522846,0.63794,0.401302,0.463546,0.595871,0.507566,0.622308,0.636199,0.552167,0.476293,0.672768,0.380729,0.54899,0.566231,0.5667,0.311141,-0.0541036,0.203491,0.558481,0.571046,0.42315,0.206243,0.283536,0.219327,0.675652,0.509838,0.228724,0.586746
0.82644,0.644036,0.848628,0.708953,0.699421,0.60178,0.331424,0.481271,0.548561,0.673372,0.652335,0.641193,0.666967,0.79247,0.658224,0.543043,0.800207,0.451174,0.642871,0.700983,0.756595,0.575713,0.701542,0.820502,0.468931,0.618941,0.77477,0.540081,0.458917,0.26504,0.428998,0.367122,0.718699,0.732985,0.495871,0.420124,0.0815168,0.369647,0.745116,0.688631,0.329951,0.176276,0.859954,0.69171,0.871421,0.635973,1,0.728834,0.546654,0.487774,0.604517,0.821108,0.734096,0.787643,0.733409,0.754948,0.604752,0.619383,0.75395,0.453874,0.627005,0.662012,0.630416,0.683472,0.661194,0.543516,0.680114,0.824339,0.492996,0.542384,0.738066,0.637492,0.433835,0.104485,0.399755,0.694259,0.757393,0.572287,0.380653,0.169315,0.257852,0.728756,0.721598,0.243531,0.557279
0.737391,0.590553,0.743138,0.613289,0.707766,0.629623,0.507517,0.630783,0.562857,0.569203,0.631729,0.59979,0.619191,0.718121,0.557352,0.479793,0.645151,0.551564,0.540854,0.637726,0.730563,0.511349,0.635944,0.812279,0.441839,0.441315,0.625195,0.539182,0.266554,0.220642,0.458851,0.249485,0.543818,0.605609,0.449477,0.405968,0.00637291,0.341136,0.672337,0.601528,0.254947,0.321209,0.713455,0.642763,0.721169,0.636003,0.728834,1,0.601629,0.469025,0.780415,0.673274,0.686175,0.635745,0.625173,0.664354,0.550616,0.549111,0.635304,0.403718,0.405563,0.668878,0.533549,0.618296,0.64473,0.567914,0.734868,0.73371,0.673921,0.682547,0.582635,0.548961,0.353745,0.016543,0.323803,0.644077,0.751095,0.550416,0.488394,0.237501,0.195712,0.672857,0.680635,0.22258,0.529803
0.581213,0.526309,0.613463,0.481851,0.592034,0.30878,0.428672,0.567625,0.304375,0.540683,0.491786,0.533721,0.555535,0.651658,0.235942,0.49516,0.599974,0.235879,0.208314,0.507416,0.522208,0.523668,0.650959,0.606392,0.534265,0.502472,0.604951,0.41161,0.19511,0.155561,0.476311,0.360851,0.435266,0.320181,0.378908,0.301807,0.00301785,0.305693,0.547653,0.522968,0.155145,0.206625,0.612299,0.471236,0.594633,0.386473,0.546654,0.601629,1,0.313816,0.534497,0.625,0.682308,0.612914,0.604915,0.606457,0.362837,0.487246,0.62872,0.291232,0.433918,0.433859,0.52644,0.53548,0.628206,0.47886,0.573255,0.592268,0.561323,0.459917,0.564072,0.337099,0.299075,0.106254,0.420907,0.648011,0.551038,0.539939,0.261161,0.24107,-0.0779255,0.530027,0.661185,0.157876,0.411594
0.471616,0.496452,0.485018,0.466983,0.505743,0.307378,0.585623,0.278157,0.311359,0.221011,0.297511,0.431065,0.264737,0.403979,0.634847,0.455457,0.394409,0.363319,0.353705,0.48515,0.408516,-0.0109299,0.577949,0.404116,0.423413,0.350292,0.288873,0.332459,0.342732,0.233294,0.173993,0.116485,0.453523,0.223966,0.247501,0.159911,-0.189199,0.146341,0.379019,0.363008,0.208116,-0.0975854,0.471409,0.493831,0.435661,0.248465,0.487774,0.469025,0.313816,1,0.219615,0.45611,0.362047,0.308103,0.296316,0.446235,0.106616,0.428854,0.305154,0.162736,0.137023,0.307033,0.321835,0.40492,0.275889,0.0555602,0.531409,0.480005,0.389883,0.229258,0.445826,0.21145,0.200126,0.0623111,0.0934379,0.38456,0.476024,0.131674,0.479351,-0.0569376,-0.0174789,0.469844,0.406465,-0.038937,0.180342
0.570741,0.269742,0.639838,0.464552,0.655382,0.313364,0.365757,0.654208,0.381179,0.495487,0.422696,0.412089,0.493624,0.470806,0.342683,0.211429,0.559426,0.518297,0.269274,0.428925,0.528561,0.673802,0.539268,0.748367,0.262019,0.453998,0.644821,0.27725,0.26233,0.180126,0.356342,0.483684,0.526946,0.584244,0.450997,0.295801,0.0365718,0.48198,0.633374,0.611558,0.0653449,0.217924,0.548776,0.308009,0.581013,0.43794,0.604517,0.780415,0.534497,0.219615,1,0.507245,0.583325,0.46357,0.491278,0.439104,0.598787,0.277763,0.482595,0.267093,0.225495,0.510721,0.396718,0.509876,0.546924,0.357424,0.580251,0.658757,0.580606,0.624962,0.498659,0.457166,0.346684,0.170082,0.209358,0.44447,0.657065,0.399468,0.19999,0.00808876,0.251991,0.525314,0.68062,0.138663,0.378874
0.806883,0.700371,0.864211,0.714421,0.756461,0.583207,0.290653,0.493393,0.559844,0.666516,0.709495,0.629649,0.721052,0.835085,0.646087,0.616487,0.783447,0.317651,0.613619,0.645952,0.718704,0.465877,0.619727,0.76717,0.341172,0.520764,0.706653,0.686842,0.433347,0.329989,0.485473,0.242426,0.744872,0.645126,0.424789,0.570583,0.119369,0.275199,0.719753,0.613205,0.203529,0.164902,0.885388,0.734381,0.849301,0.617954,0.821108,0.673274,0.625,0.45611,0.507245,1,0.822686,0.828463,0.787823,0.82749,0.445718,0.703327,0.821565,0.604627,0.685951,0.582683,0.707941,0.766345,0.71429,0.597417,0.704998,0.828354,0.611497,0.598283,0.728325,0.553119,0.466236,0.124341,0.491088,0.725311,0.724699,0.711405,0.369742,0.146368,-0.0250643,0.760105,0.742025,0.074474,0.542692
