1,0.77315,0.94157,0.824586,0.684744,0.7151,0.477188,0.562818,0.585562,0.628039,0.67013,0.632688,0.608533,0.827835,0.727924,0.684492,0.729145,0.751888,0.866846,0.774145,0.880302,0.372899,0.831802,0.833191,0.519748,0.607094,0.838587,0.538505,0.620804,0.263033,0.319891,0.610414,0.693999,0.833597,0.518581,0.285361,0.567404,0.528444,0.835931,0.793134,0.185225,0.594748,0.891141,0.831594,0.93907,0.754448,0.821282,0.776317,0.502351,0.682639,0.686445,0.869444,0.791292,0.737926,0.766041,0.874097,0.590192,0.884364,0.86178,0.486705,0.433255,0.71131,0.693268,0.831443,0.867298,0.483185,0.644175,0.89361,0.538398,0.422655,0.812418,0.763823,0.356632,0.345268,0.744597,0.757585,0.708155,0.725311,0.474982,0.228942,0.492557,0.89871,0.806362,0.557576,0.68105
0.77315,1,0.83649,0.768225,0.713972,0.77459,0.324735,0.716984,0.313779,0.704363,0.833166,0.622337,0.68969,0.812661,0.587516,0.82291,0.720357,0.665014,0.688535,0.779606,0.83307,0.481786,0.602918,0.714381,0.506811,0.542604,0.753386,0.391524,0.468488,0.361768,0.160279,0.428971,0.693524,0.696506,0.432704,0.255739,0.477658,0.586911,0.814177,0.7777,0.122492,0.480519,0.82416,0.877011,0.835749,0.761221,0.673703,0.687006,0.307418,0.581463,0.610074,0.760527,0.805931,0.792497,0.804883,0.782404,0.569239,0.876091,0.74503,0.455338,0.284792,0.425555,0.539964,0.857555,0.797357,0.297259,0.607198,0.752004,0.304006,0.432435,0.741076,0.530324,0.135855,0.428095,0.607085,0.715786,0.729749,0.569031,0.516035,0.291523,0.455637,0.820311,0.699345,0.478829,0.546503
0.94157,0.83649,1,0.890505,0.706529,0.755257,0.425464,0.577412,0.636913,0.682901,0.756571,0.690132,0.678174,0.82688,0.708354,0.784771,0.783453,0.706802,0.815749,0.864368,0.913436,0.349642,0.795615,0.880242,0.519904,0.658611,0.856808,0.502477,0.58325,0.299093,0.360125,0.600863,0.707633,0.831963,0.484302,0.25298,0.556036,0.606242,0.862572,0.826654,0.130528,0.576015,0.938345,0.841767,0.952729,0.779208,0.806094,0.802871,0.387543,0.640501,0.742172,0.898578,0.855304,0.784245,0.802703,0.886167,0.630194,0.892141,0.855889,0.524013,0.343233,0.721688,0.717009,0.897604,0.893069,0.414175,0.658385,0.911829,0.580129,0.50627,0.862074,0.763558,0.427472,0.444991,0.695703,0.768403,0.766191,0.665978,0.535053,0.288494,0.599503,0.908496,0.817033,0.503018,0.702128
0.824586,0.768225,0.890505,1,0.693025,0.740079,0.216469,0.458467,0.518832,0.610938,0.787508,0.644088,0.66103,0.802239,0.665739,0.707459,0.74206,0.647724,0.659603,0.745006,0.785113,0.319316,0.588209,0.775266,0.568047,0.505427,0.758771,0.273373,0.54489,0.261302,0.491687,0.560674,0.634024,0.708917,0.414922,0.137695,0.409557,0.553534,0.806139,0.7517,0.251146,0.338488,0.821736,0.739847,0.830988,0.768788,0.693884,0.821584,0.302283,0.549897,0.587838,0.754059,0.802148,0.724785,0.740244,0.752722,0.494909,0.811672,0.745253,0.622367,0.24305,0.539849,0.560147,0.800301,0.789226,0.307562,0.543544,0.780135,0.526261,0.522685,0.756222,0.644569,0.341131,0.385578,0.56607,0.634785,0.676547,0.698661,0.487467,0.373989,0.515277,0.804736,0.664241,0.358223,0.550848
0.684744,0.713972,0.706529,0.693025,1,0.809383,0.231183,0.59499,0.354518,0.414368,0.634287,0.59874,0.639949,0.62908,0.684457,0.666256,0.609486,0.487617,0.488753,0.683572,0.640593,0.282666,0.697443,0.725064,0.523146,0.511623,0.597852,0.260173,0.538051,-0.0579619,0.257955,0.486638,0.628669,0.501097,0.529572,0.075833,0.478965,0.358989,0.727991,0.567939,0.204546,0.360309,0.713808,0.699512,0.711174,0.506027,0.607162,0.6459,0.293226,0.739484,0.50115,0.585784,0.681732,0.560828,0.638164,0.681426,0.468122,0.785878,0.639558,0.381529,0.121299,0.374397,0.349398,0.716971,0.583723,0.238763,0.66429,0.746502,0.272724,0.387502,0.553419,0.424617,0.102243,0.216734,0.418421,0.572873,0.580549,0.589617,0.631869,0.223035,0.362849,0.608354,0.618493,0.547257,0.379916
0.7151,0.77459,0.755257,0.740079,0.809383,1,0.268466,0.517639,0.353361,0.515116,0.676642,0.556568,0.591815,0.686109,0.774085,0.612735,0.628961,0.620405,0.591978,0.724158,0.710778,0.484934,0.667662,0.757885,0.400354,0.60046,0.639098,0.270064,0.53188,0.01998,0.108057,0.528005,0.724948,0.55263,0.574808,0.230142,0.509089,0.456714,0.731733,0.665522,0.0955953,0.384637,0.711163,0.818072,0.762815,0.565201,0.583712,0.594081,0.322574,0.608567,0.574941,0.6431,0.719755,0.650294,0.735057,0.720939,0.501747,0.865974,0.635532,0.456357,0.0672777,0.34055,0.356147,0.738752,0.69907,0.227764,0.61074,0.764538,0.251384,0.380996,0.657353,0.548774,0.0672904,0.357501,0.654627,0.573382,0.489682,0.629094,0.614626,0.130347,0.340007,0.734284,0.627827,0.587273,0.517005
0.477188,0.324735,0.425464,0.216469,0.231183,0.268466,1,0.374434,0.35595,0.459719,0.259514,0.216432,0.300531,0.307059,0.46543,0.348414,0.23978,0.306714,0.450779,0.400532,0.49312,0.285675,0.525393,0.482031,0.178859,0.289731,0.390481,0.37632,0.413754,0.270915,-0.00464699,0.408576,0.357154,0.566235,0.186166,0.25431,0.221066,0.422433,0.381702,0.403968,0.210054,0.604058,0.461247,0.462665,0.493016,0.318341,0.576522,0.484553,0.309817,0.526665,0.475001,0.434167,0.329696,0.116653,0.371973,0.38689,0.62406,0.429541,0.390203,0.232301,0.229368,0.395603,0.534368,0.36869,0.41416,0.319183,0.562816,0.496551,0.305794,0.259136,0.467291,0.447488,0.335903,0.302645,0.51424,0.39207,0.291716,0.278633,0.20148,0.149353,0.295837,0.478232,0.552074,0.341567,0.495571
0.562818,0.716984,0.577412,0.458467,0.59499,0.517639,0.374434,1,0.191188,0.553816,0.520431,0.375234,0.503698,0.560385,0.463677,0.69763,0.385255,0.465397,0.508768,0.530025,0.578145,0.367195,0.559293,0.56127,0.214926,0.27464,0.517057,0.382011,0.392935,0.324471,0.0637977,0.229459,0.400886,0.540793,0.330623,0.095462,0.319103,0.421616,0.598082,0.528952,0.0756082,0.354797,0.592603,0.601459,0.607518,0.469142,0.406076,0.416805,0.333616,0.611021,0.376199,0.487923,0.540793,0.415859,0.455987,0.527328,0.38322,0.658355,0.502744,0.261319,0.233958,0.386138,0.510069,0.616364,0.497548,0.214253,0.62152,0.587333,0.204108,0.331514,0.551,0.390434,0.15423,0.208545,0.372182,0.627629,0.569578,0.388586,0.429545,0.308279,0.241057,0.527032,0.558376,0.229435,0.355678
0.585562,0.313779,0.636913,0.518832,0.354518,0.353361,0.35595,0.191188,1,0.294625,0.421071,0.409816,0.372539,0.466191,0.576732,0.387801,0.420813,0.40805,0.504137,0.647764,0.551029,0.0397855,0.658659,0.654401,0.27123,0.530379,0.567354,0.377057,0.333686,0.116826,0.300673,0.445157,0.327167,0.51069,0.228621,0.128012,0.385346,0.377913,0.452273,0.469065,-0.00367924,0.442735,0.570054,0.391414,0.599876,0.444729,0.517399,0.522783,0.330657,0.359038,0.526583,0.603892,0.584116,0.433696,0.451833,0.59984,0.486499,0.412328,0.54877,0.328919,0.079464,0.566657,0.500722,0.467216,0.578823,0.301047,0.458803,0.570631,0.514465,0.386503,0.511765,0.563072,0.516054,0.302226,0.498266,0.486032,0.543792,0.322288,0.35546,0.221542,0.55614,0.505726,0.550827,0.371114,0.514452
0.628039,0.704363,0.682901,0.610938,0.414368,0.515116,0.459719,0.553816,0.294625,1,0.721103,0.665126,0.781603,0.544486,0.47453,0.587942,0.740961,0.525113,0.645281,0.502928,0.772656,0.403781,0.510796,0.702644,0.182866,0.474739,0.661964,0.375593,0.339534,0.45094,0.34894,0.394666,0.513491,0.753942,0.314199,0.190512,0.3722,0.596691,0.662888,0.551231,-0.0241269,0.556546,0.682828,0.698619,0.683626,0.68451,0.544121,0.629613,0.188331,0.461958,0.562897,0.681953,0.638902,0.613513,0.750609,0.554346,0.513331,0.666524,0.552531,0.373506,0.391029,0.520419,0.696765,0.666072,0.69919,0.408065,0.488585,0.703345,0.408687,0.414072,0.715511,0.547204,0.293323,0.468141,0.468205,0.600631,0.685058,0.590633,0.370324,0.563907,0.271393,0.69204,0.530663,0.376579,0.498124
0.67013,0.833166,0.756571,0.787508,0.634287,0.676642,0.259514,0.520431,0.421071,0.721103,1,0.637728,0.767069,0.702272,0.561249,0.757727,0.777786,0.514975,0.619947,0.735683,0.790717,0.331754,0.477907,0.688351,0.434418,0.537577,0.760584,0.219113,0.430564,0.330365,0.398549,0.381023,0.517698,0.60104,0.352053,0.0629597,0.3413,0.569781,0.751659,0.633139,0.0487227,0.410979,0.731083,0.735826,0.699732,0.760486,0.644358,0.72002,0.275456,0.514794,0.611753,0.668496,0.764486,0.695023,0.738969,0.648604,0.455254,0.756627,0.572917,0.440988,0.197873,0.37435,0.592508,0.759088,0.804227,0.35261,0.529589,0.692534,0.368495,0.479388,0.668855,0.533159,0.227216,0.502365,0.554699,0.600613,0.724862,0.592347,0.488116,0.461587,0.505464,0.732497,0.628462,0.468631,0.402824
0.632688,0.622337,0.690132,0.644088,0.59874,0.556568,0.216432,0.375234,0.409816,0.665126,0.637728,1,0.806097,0.577039,0.488947,0.599179,0.812686,0.500178,0.620687,0.586226,0.668892,0.201472,0.548325,0.722072,0.42387,0.562233,0.690785,0.412583,0.440976,0.235226,0.47064,0.457327,0.475246,0.514961,0.460176,0.18064,0.341859,0.251393,0.733829,0.595718,-0.0415762,0.433784,0.76437,0.630788,0.670743,0.53105,0.609812,0.652714,0.110995,0.471091,0.47677,0.659796,0.639067,0.7743,0.718253,0.678285,0.383651,0.603633,0.59739,0.421032,0.352199,0.537325,0.487954,0.667405,0.623939,0.185455,0.381547,0.656954,0.517067,0.234879,0.56759,0.461615,0.277014,0.162906,0.410777,0.654569,0.645566,0.56594,0.473458,0.43483,0.210283,0.558697,0.560083,0.402207,0.463639
0.608533,0.68969,0.678174,0.66103,0.639949,0.591815,0.300531,0.503698,0.372539,0.781603,0.767069,0.806097,1,0.549542,0.501417,0.691377,0.890975,0.401935,0.607557,0.628575,0.790473,0.34771,0.534059,0.784727,0.318605,0.550373,0.651821,0.297584,0.402878,0.169088,0.471549,0.430997,0.489803,0.642877,0.341473,0.131709,0.43646,0.384945,0.76166,0.507931,0.0392229,0.471566,0.716011,0.695624,0.630578,0.661272,0.66264,0.685399,0.0724273,0.566123,0.587367,0.653719,0.69949,0.645394,0.781567,0.565138,0.488726,0.666522,0.518028,0.387036,0.328431,0.505387,0.567007,0.682279,0.704041,0.234078,0.50795,0.723611,0.439395,0.382814,0.557126,0.437227,0.197752,0.369219,0.423703,0.598986,0.696005,0.628779,0.479548,0.612282,0.279297,0.614544,0.532558,0.34034,0.281822
0.827835,0.812661,0.82688,0.802239,0.62908,0.686109,0.307059,0.560385,0.466191,0.544486,0.702272,0.577039,0.549542,1,0.581567,0.743687,0.613388,0.715319,0.765365,0.746245,0.783636,0.395787,0.687153,0.727571,0.490595,0.576449,0.784169,0.397039,0.57389,0.247432,0.254043,0.471258,0.725202,0.698028,0.455772,0.251425,0.542912,0.463078,0.830651,0.778531,0.12927,0.422787,0.819555,0.790944,0.82145,0.769512,0.67878,0.684231,0.379827,0.519014,0.563058,0.73217,0.766026,0.776363,0.754108,0.85799,0.458299,0.780563,0.781675,0.593583,0.306588,0.451987,0.584069,0.748278,0.815945,0.327287,0.523269,0.67652,0.365762,0.33354,0.641873,0.599705,0.340117,0.393741,0.685619,0.690405,0.646183,0.712462,0.420571,0.22709,0.506259,0.776428,0.762121,0.418151,0.649181
0.727924,0.587516,0.708354,0.665739,0.684457,0.774085,0.46543,0.463677,0.576732,0.47453,0.561249,0.488947,0.501417,0.581567,1,0.530381,0.498797,0.600437,0.558353,0.645141,0.664839,0.317179,0.708202,0.784376,0.466793,0.462811,0.673161,0.334067,0.574618,0.187051,0.113955,0.573043,0.611354,0.584523,0.488211,0.212256,0.402224,0.483447,0.690504,0.591279,0.083414,0.580538,0.670314,0.672217,0.738658,0.522488,0.54633,0.641115,0.475443,0.626859,0.455401,0.535742,0.638413,0.496119,0.653639,0.660199,0.576496,0.769506,0.623147,0.410386,0.0289144,0.496649,0.501401,0.668704,0.65647,0.388211,0.664472,0.756479,0.386732,0.499493,0.636946,0.494232,0.276625,0.390455,0.648879,0.634725,0.559963,0.593214,0.56669,0.229175,0.486043,0.682618,0.629425,0.588306,0.51485
0.684492,0.82291,0.784771,0.707459,0.666256,0.612735,0.348414,0.69763,0.387801,0.587942,0.757727,0.599179,0.691377,0.743687,0.530381,1,0.662851,0.420763,0.636345,0.783206,0.77115,0.33561,0.563813,0.723004,0.431882,0.511142,0.753013,0.413329,0.548347,0.306077,0.392943,0.298539,0.523084,0.607943,0.352186,0.112804,0.312697,0.430559,0.778745,0.676761,0.114233,0.445153,0.805378,0.749767,0.708713,0.630814,0.662466,0.61943,0.277278,0.563352,0.523508,0.598064,0.727287,0.686667,0.710297,0.718361,0.492681,0.721134,0.667748,0.372085,0.218946,0.455413,0.609642,0.705271,0.682499,0.164843,0.496515,0.654987,0.366788,0.383941,0.567612,0.49815,0.372378,0.457509,0.485169,0.581535,0.632994,0.516274,0.558774,0.2994,0.508678,0.689704,0.652291,0.182697,0.434034
0.729145,0.720357,0.783453,0.74206,0.609486,0.628961,0.23978,0.385255,0.420813,0.740961,0.777786,0.812686,0.890975,0.613388,0.498797,0.662851,1,0.491106,0.703507,0.730003,0.838161,0.319014,0.560178,0.792227,0.389355,0.635686,0.732752,0.382674,0.419651,0.165912,0.453306,0.552792,0.535315,0.692931,0.448976,0.2858,0.453145,0.418063,0.805117,0.601065,-0.00743209,0.463586,0.790008,0.717825,0.705063,0.684037,0.728079,0.680434,0.168491,0.517835,0.695333,0.757123,0.723292,0.744355,0.777098,0.708715,0.445718,0.746032,0.652835,0.367034,0.424822,0.574478,0.631762,0.75838,0.818742,0.252756,0.502378,0.782913,0.527119,0.342877,0.646569,0.589579,0.273787,0.38039,0.532604,0.624356,0.645314,0.670088,0.496326,0.456956,0.405025,0.71804,0.626146,0.423665,0.417894
0.751888,0.665014,0.706802,0.647724,0.487617,0.620405,0.306714,0.465397,0.40805,0.525113,0.514975,0.500178,0.401935,0.715319,0.600437,0.420763,0.491106,1,0.709487,0.548114,0.639889,0.337409,0.630589,0.572043,0.411255,0.433385,0.551181,0.36413,0.559432,0.399884,0.0644876,0.534757,0.64756,0.690671,0.4178,0.242548,0.479995,0.385428,0.684983,0.675366,-0.0183235,0.434474,0.693956,0.697604,0.773082,0.710717,0.502594,0.591617,0.567834,0.465561,0.484944,0.716816,0.591951,0.720407,0.656537,0.73893,0.414445,0.675223,0.740242,0.553931,0.369851,0.453811,0.457208,0.684365,0.688079,0.412386,0.536812,0.639514,0.341158,0.217051,0.723175,0.526248,0.249825,0.160693,0.595574,0.703204,0.560973,0.595973,0.380406,0.214579,0.395893,0.675196,0.619133,0.544717,0.739986
0.866846,0.688535,0.815749,0.659603,0.488753,0.591978,0.450779,0.508768,0.504137,0.645281,0.619947,0.620687,0.607557,0.765365,0.558353,0.636345,0.703507,0.709487,1,0.652217,0.849545,0.376857,0.710247,0.735083,0.369624,0.630469,0.824732,0.44342,0.521911,0.309163,0.313418,0.461197,0.589837,0.759032,0.487526,0.322403,0.447921,0.466037,0.747145,0.647969,0.0770973,0.574937,0.802891,0.769142,0.803335,0.748002,0.743706,0.610281,0.385911,0.517561,0.698144,0.813052,0.722765,0.784174,0.764554,0.78554,0.434029,0.756279,0.77286,0.470945,0.436087,0.616737,0.730458,0.693405,0.823604,0.503294,0.502494,0.763088,0.414708,0.266958,0.686378,0.710828,0.357976,0.392203,0.754463,0.67301,0.660035,0.700427,0.49613,0.334221,0.388158,0.787547,0.724987,0.438917,0.694129
0.774145,0.779606,0.864368,0.745006,0.683572,0.724158,0.400532,0.530025,0.647764,0.502928,0.735683,0.586226,0.628575,0.746245,0.645141,0.783206,0.730003,0.548114,0.652217,1,0.830522,0.364509,0.689132,0.825207,0.503929,0.737456,0.739984,0.476969,0.518511,0.157172,0.197427,0.592897,0.663179,0.714402,0.545098,0.349567,0.542592,0.513067,0.805843,0.769373,0.0754054,0.548646,0.859709,0.772427,0.82338,0.652984,0.775886,0.718685,0.372593,0.650946,0.744821,0.771131,0.834269,0.687453,0.728788,0.853428,0.645851,0.806502,0.767187,0.445474,0.140864,0.537247,0.608252,0.829906,0.858589,0.216391,0.733227,0.793965,0.470854,0.465647,0.682618,0.669232,0.413424,0.41932,0.706888,0.702622,0.638276,0.527431,0.552866,0.216627,0.649983,0.795725,0.822512,0.463574,0.614973
0.880302,0.83307,0.913436,0.785113,0.640593,0.710778,0.49312,0.578145,0.551029,0.772656,0.790717,0.668892,0.790473,0.783636,0.664839,0.77115,0.838161,0.639889,0.849545,0.830522,1,0.478227,0.742183,0.888056,0.416612,0.676491,0.845976,0.489626,0.533036,0.303688,0.303397,0.592742,0.709283,0.866352,0.493751,0.29475,0.535859,0.633058,0.855473,0.765737,0.0852321,0.644891,0.882785,0.868984,0.886246,0.799853,0.822886,0.755981,0.293838,0.64185,0.786259,0.869198,0.87239,0.756863,0.876724,0.820248,0.661748,0.891203,0.80443,0.48466,0.32335,0.688343,0.77085,0.872317,0.925828,0.474186,0.668868,0.901402,0.473679,0.511342,0.783144,0.709695,0.400854,0.56448,0.763221,0.761395,0.785586,0.727767,0.513971,0.361742,0.575771,0.908345,0.785262,0.503182,0.62329
0.372899,0.481786,0.349642,0.319316,0.282666,0.484934,0.285675,0.367195,0.0397855,0.403781,0.331754,0.201472,0.34771,0.395787,0.317179,0.33561,0.319014,0.337409,0.376857,0.364509,0.478227,1,0.263436,0.394346,0.192661,0.340501,0.315317,0.247607,0.237788,0.204821,-0.176366,0.0981072,0.468778,0.455171,0.481225,0.198731,0.194977,0.367393,0.333983,0.40682,0.0604111,0.366518,0.402045,0.636782,0.438958,0.438087,0.33438,0.360933,0.0442043,0.330487,0.298262,0.362122,0.51233,0.384572,0.5727,0.341351,0.371854,0.514383,0.39617,0.40199,-0.179694,0.152923,0.202125,0.368413,0.402503,0.0424752,0.364817,0.365772,-0.0149781,0.38751,0.242291,0.376014,0.00462864,0.125859,0.492753,0.314929,0.34012,0.327422,0.334667,0.0853925,0.135828,0.5526,0.464105,0.233315,0.200736
0.831802,0.602918,0.795615,0.588209,0.697443,0.667662,0.525393,0.559293,0.658659,0.510796,0.477907,0.548325,0.534059,0.687153,0.708202,0.563813,0.560178,0.630589,0.710247,0.689132,0.742183,0.263436,1,0.796474,0.319375,0.60619,0.693051,0.549509,0.506539,0.0120977,0.182321,0.569063,0.64394,0.706559,0.404517,0.219429,0.632662,0.401064,0.735301,0.611677,0.011159,0.564859,0.735396,0.693017,0.822759,0.563409,0.655654,0.601915,0.497077,0.649915,0.626451,0.729205,0.680476,0.592127,0.665744,0.780213,0.588993,0.735032,0.745015,0.307671,0.337294,0.658652,0.574481,0.677988,0.713838,0.363736,0.609179,0.826062,0.455692,0.337258,0.715497,0.669345,0.343759,0.343166,0.582209,0.671187,0.606588,0.607596,0.497858,0.150002,0.420988,0.725731,0.694131,0.556226,0.615644
0.833191,0.714381,0.880242,0.775266,0.725064,0.757885,0.482031,0.56127,0.654401,0.702644,0.688351,0.722072,0.784727,0.727571,0.784376,0.723004,0.792227,0.572043,0.735083,0.825207,0.888056,0.394346,0.796474,1,0.361643,0.699205,0.802098,0.440491,0.631331,0.170522,0.356139,0.644318,0.689771,0.785268,0.579365,0.281461,0.570478,0.606431,0.851792,0.732336,0.0976991,0.662608,0.893471,0.785384,0.859601,0.636149,0.764265,0.769884,0.274109,0.707226,0.717379,0.792463,0.811364,0.672935,0.805725,0.812367,0.678989,0.839056,0.751325,0.470684,0.220751,0.684151,0.709783,0.817415,0.832522,0.332184,0.742593,0.898113,0.51795,0.520318,0.718395,0.662524,0.485902,0.427291,0.711886,0.764032,0.702981,0.718989,0.525673,0.364905,0.511101,0.782087,0.790618,0.489983,0.608017
0.519748,0.506811,0.519904,0.568047,0.523146,0.400354,0.178859,0.214926,0.27123,0.182866,0.434418,0.42387,0.318605,0.490595,0.466793,0.431882,0.389355,0.411255,0.369624,0.503929,0.416612,0.192661,0.319375,0.361643,1,0.263292,0.430466,0.378831,0.26005,0.207295,0.211655,0.440136,0.480335,0.396381,0.279781,0.292931,0.186645,0.243832,0.518042,0.500652,0.237946,0.320083,0.511344,0.458876,0.533854,0.561758,0.482311,0.581103,0.333418,0.338736,0.355531,0.375336,0.470757,0.490938,0.4492,0.472231,0.392753,0.506451,0.550958,0.294031,0.0392201,0.16268,0.272641,0.533439,0.461658,0.125508,0.401962,0.458616,0.222858,0.371779,0.3423,0.268829,0.147431,0.119419,0.305613,0.366889,0.456207,0.246889,0.388346,0.263607,0.412321,0.530501,0.457123,0.315177,0.374167
0.607094,0.542604,0.658611,0.505427,0.511623,0.60046,0.289731,0.27464,0.530379,0.474739,0.537577,0.562233,0.550373,0.576449,0.462811,0.511142,0.635686,0.433385,0.630469,0.737456,0.676491,0.340501,0.60619,0.699205,0.263292,1,0.597946,0.434944,0.385595,0.000871914,0.206584,0.375695,0.598842,0.600818,0.632008,0.32101,0.553249,0.357479,0.538109,0.522947,0.125485,0.509364,0.680083,0.603761,0.642882,0.478863,0.662203,0.602912,0.142671,0.563684,0.568147,0.725888,0.7638,0.672122,0.673813,0.700158,0.43168,0.600541,0.557805,0.48517,0.0534201,0.376351,0.438285,0.578495,0.702563,0.344736,0.569824,0.58729,0.257764,0.305389,0.436997,0.530716,0.260294,0.318914,0.686755,0.542802,0.508619,0.487314,0.500397,0.260061,0.419208,0.583698,0.638265,0.403377,0.662561
0.838587,0.753386,0.856808,0.758771,0.597852,0.639098,0.390481,0.517057,0.567354,0.661964,0.760584,0.690785,0.651821,0.784169,0.673161,0.753013,0.732752,0.551181,0.824732,0.739984,0.845976,0.315317,0.693051,0.802098,0.430466,0.597946,1,0.415339,0.5385,0.302259,0.34789,0.532578,0.652188,0.704251,0.479234,0.244683,0.403153,0.500527,0.82756,0.705809,-0.0236236,0.551734,0.826877,0.728223,0.84738,0.66708,0.683559,0.700256,0.325737,0.480627,0.630073,0.730458,0.783727,0.775666,0.741571,0.785205,0.475097,0.797902,0.744884,0.461626,0.285653,0.644069,0.720286,0.765691,0.830634,0.392987,0.484458,0.793279,0.486789,0.451116,0.735006,0.709829,0.427409,0.465835,0.716461,0.765093,0.787609,0.726555,0.467592,0.340132,0.450504,0.793061,0.730273,0.453492,0.577591
0.538505,0.391524,0.502477,0.273373,0.260173,0.270064,0.37632,0.382011,0.377057,0.375593,0.219113,0.412583,0.297584,0.397039,0.334067,0.413329,0.382674,0.36413,0.44342,0.476969,0.489626,0.247607,0.549509,0.440491,0.378831,0.434944,0.415339,1,0.121229,0.207188,0.167583,0.391694,0.375688,0.509006,0.268349,0.480941,0.384106,0.154493,0.377576,0.523354,-0.126797,0.36195,0.477969,0.48508,0.55231,0.320906,0.503692,0.344573,0.371938,0.322156,0.344952,0.454806,0.417735,0.431668,0.374765,0.536268,0.447803,0.378243,0.487974,0.0690166,0.38866,0.359504,0.38508,0.420339,0.44721,0.276631,0.326025,0.464454,0.326634,0.0552134,0.326588,0.426668,0.254078,0.232625,0.339804,0.418593,0.340893,0.157424,0.175848,0.061966,0.242169,0.515111,0.413766,0.247256,0.477997
0.620804,0.468488,0.58325,0.54489,0.538051,0.53188,0.413754,0.392935,0.333686,0.339534,0.430564,0.440976,0.402878,0.57389,0.574618,0.548347,0.419651,0.559432,0.521911,0.518511,0.533036,0.237788,0.506539,0.631331,0.26005,0.385595,0.5385,0.121229,1,0.262561,0.234419,0.488431,0.49574,0.510464,0.53155,-0.0526095,0.196515,0.270162,0.620442,0.596608,0.191263,0.470094,0.662544,0.538734,0.578344,0.382914,0.508526,0.612967,0.324367,0.590494,0.372445,0.527196,0.4643,0.443481,0.474259,0.595515,0.33022,0.604778,0.56284,0.519797,0.144802,0.388652,0.450693,0.532398,0.497523,0.145359,0.534576,0.510684,0.326252,0.285041,0.468154,0.472376,0.493429,0.0223156,0.612151,0.608244,0.407763,0.595246,0.321125,0.117933,0.377166,0.439503,0.660276,0.407335,0.516189
0.263033,0.361768,0.299093,0.261302,-0.0579619,0.01998,0.270915,0.324471,0.116826,0.45094,0.330365,0.235226,0.169088,0.247432,0.187051,0.306077,0.165912,0.399884,0.309163,0.157172,0.303688,0.204821,0.0120977,0.170522,0.207295,0.000871914,0.302259,0.207188,0.262561,1,0.066091,-0.0205961,0.0549331,0.297352,0.103473,-0.00779761,-0.178836,0.415005,0.181265,0.440238,0.0877709,0.259991,0.323685,0.327962,0.326358,0.427228,0.193409,0.306203,0.172402,0.15918,0.120693,0.293302,0.252501,0.299027,0.328695,0.269316,0.213836,0.232733,0.350579,0.312537,0.124607,0.248816,0.352965,0.360207,0.302446,0.279722,0.228846,0.171085,0.18927,0.206396,0.375953,0.144816,0.269816,0.106038,0.219189,0.37409,0.401497,0.0969269,0.000861964,0.269469,0.228383,0.318087,0.330611,0.121036,0.378898
0.319891,0.160279,0.360125,0.491687,0.257955,0.108057,-0.00464699,0.0637977,0.300673,0.34894,0.398549,0.47064,0.471549,0.254043,0.113955,0.392943,0.453306,0.0644876,0.313418,0.197427,0.303397,-0.176366,0.182321,0.356139,0.211655,0.206584,0.34789,0.167583,0.234419,0.066091,1,0.126746,-0.028326,0.221868,-0.0366992,-0.105235,-0.0391149,0.0925822,0.289729,0.193001,0.243832,0.0190216,0.328505,0.146049,0.244521,0.274533,0.393212,0.42973,0.0478488,0.148591,0.185179,0.271502,0.243609,0.329834,0.255304,0.212738,0.153231,0.150386,0.193456,0.102579,0.333551,0.202389,0.33905,0.156576,0.219321,0.146454,0.0233614,0.272672,0.42209,0.152373,0.198729,0.332761,0.395172,0.101087,-0.000910064,0.0916155,0.20856,0.262716,0.196324,0.446662,0.0378658,0.203413,0.100968,-0.159362,0.151828
0.610414,0.428971,0.600863,0.560674,0.486638,0.528005,0.408576,0.229459,0.445157,0.394666,0.381023,0.457327,0.430997,0.471258,0.573043,0.298539,0.552792,0.534757,0.461197,0.592897,0.592742,0.0981072,0.569063,0.644318,0.440136,0.375695,0.532578,0.391694,0.488431,-0.0205961,0.126746,1,0.675476,0.638231,0.39565,0.42181,0.429958,0.310626,0.665663,0.586366,-0.0508593,0.395326,0.581215,0.474131,0.643297,0.411857,0.520879,0.578902,0.321076,0.398147,0.654098,0.561899,0.467803,0.407498,0.428165,0.558695,0.528905,0.608858,0.586873,0.333296,0.280794,0.446526,0.453127,0.605076,0.590316,0.179377,0.579253,0.706998,0.420791,0.337761,0.581185,0.542252,0.363455,0.2508,0.563727,0.610747,0.433969,0.589371,0.211366,0.213011,0.387689,0.534909,0.507076,0.51214,0.528767
0.693999,0.693524,0.707633,0.634024,0.628669,0.724948,0.357154,0.400886,0.327167,0.513491,0.517698,0.475246,0.489803,0.725202,0.611354,0.523084,0.535315,0.64756,0.589837,0.663179,0.709283,0.468778,0.64394,0.689771,0.480335,0.598842,0.652188,0.375688,0.49574,0.0549331,-0.028326,0.675476,1,0.74791,0.534546,0.400918,0.644915,0.43357,0.753727,0.705465,0.0571627,0.538202,0.729031,0.749017,0.794184,0.606288,0.534624,0.643882,0.234264,0.474451,0.616843,0.649144,0.708471,0.635865,0.719647,0.678123,0.601171,0.768044,0.719637,0.50066,0.129343,0.363127,0.396983,0.733039,0.699709,0.241224,0.603813,0.708267,0.167461,0.45793,0.606038,0.509994,0.167918,0.360405,0.645452,0.675152,0.596922,0.641168,0.375915,0.144291,0.364145,0.712613,0.642981,0.514164,0.602303
0.833597,0.696506,0.831963,0.708917,0.501097,0.55263,0.566235,0.540793,0.51069,0.753942,0.60104,0.514961,0.642877,0.698028,0.584523,0.607943,0.692931,0.690671,0.759032,0.714402,0.866352,0.455171,0.706559,0.785268,0.396381,0.600818,0.704251,0.509006,0.510464,0.297352,0.221868,0.638231,0.74791,1,0.442904,0.34242,0.624361,0.5968,0.769111,0.700807,0.093301,0.685466,0.823512,0.757324,0.848685,0.775847,0.706206,0.756909,0.335928,0.581867,0.722185,0.841239,0.765991,0.621588,0.742199,0.710661,0.661151,0.779237,0.745595,0.515836,0.388967,0.639322,0.746185,0.783005,0.831872,0.461918,0.695808,0.820345,0.457484,0.507792,0.749638,0.688078,0.419504,0.45211,0.676883,0.731224,0.715531,0.665059,0.404331,0.383409,0.509183,0.834809,0.751984,0.410671,0.664352
0.518581,0.432704,0.484302,0.414922,0.529572,0.574808,0.186166,0.330623,0.228621,0.314199,0.352053,0.460176,0.341473,0.455772,0.488211,0.352186,0.448976,0.4178,0.487526,0.545098,0.493751,0.481225,0.404517,0.579365,0.279781,0.632008,0.479234,0.268349,0.53155,0.103473,-0.0366992,0.39565,0.534546,0.442904,1,0.145303,0.285782,0.355097,0.458024,0.441665,0.0835018,0.459509,0.585254,0.539975,0.51538,0.269478,0.408337,0.446715,0.156082,0.591462,0.362077,0.513447,0.553325,0.481149,0.512327,0.562084,0.231823,0.625825,0.503427,0.453836,-0.190791,0.282088,0.34737,0.500204,0.493151,0.269976,0.576168,0.504083,-0.0346764,0.277612,0.334656,0.440609,0.209315,0.0617513,0.679729,0.499371,0.409576,0.532627,0.420555,0.0779864,0.274875,0.472221,0.619652,0.491743,0.506301
0.285361,0.255739,0.25298,0.137695,0.075833,0.230142,0.25431,0.095462,0.128012,0.190512,0.0629597,0.18064,0.131709,0.251425,0.212256,0.112804,0.2858,0.242548,0.322403,0.349567,0.29475,0.198731,0.219429,0.281461,0.292931,0.32101,0.244683,0.480941,-0.0526095,-0.00779761,-0.105235,0.42181,0.400918,0.34242,0.145303,1,0.352103,0.216622,0.293496,0.43068,-0.00358067,0.234754,0.310089,0.296899,0.34377,0.188463,0.380235,0.181697,0.114375,0.12617,0.402028,0.25242,0.266246,0.284712,0.267282,0.356132,0.364655,0.26028,0.389243,0.0493577,0.324344,0.0942846,0.185022,0.333581,0.386542,0.0648117,0.338248,0.259991,0.249682,0.00627755,0.115314,0.168862,0.0921606,0.164879,0.358414,0.311435,0.018844,0.0938293,0.104186,-0.0350033,0.0698839,0.305055,0.324173,0.129924,0.350293
0.567404,0.477658,0.556036,0.409557,0.478965,0.509089,0.221066,0.319103,0.385346,0.3722,0.3413,0.341859,0.43646,0.542912,0.402224,0.312697,0.453145,0.479995,0.447921,0.542592,0.535859,0.194977,0.632662,0.570478,0.186645,0.553249,0.403153,0.384106,0.196515,-0.178836,-0.0391149,0.429958,0.644915,0.624361,0.285782,0.352103,1,0.32709,0.563003,0.428152,-0.0599232,0.518296,0.55223,0.530886,0.578403,0.452915,0.48692,0.411822,0.233775,0.43702,0.517805,0.606637,0.518894,0.418049,0.469124,0.540578,0.46569,0.491626,0.416783,0.250761,0.369006,0.407793,0.333547,0.588282,0.618642,0.363649,0.5065,0.57706,0.25101,0.112007,0.448713,0.304715,0.0409524,0.338293,0.400735,0.523793,0.439332,0.403679,0.179219,0.0458711,0.2983,0.54566,0.504012,0.457968,0.385912
0.528444,0.586911,0.606242,0.553534,0.358989,0.456714,0.422433,0.421616,0.377913,0.596691,0.569781,0.251393,0.384945,0.463078,0.483447,0.430559,0.418063,0.385428,0.466037,0.513067,0.633058,0.367393,0.401064,0.606431,0.243832,0.357479,0.500527,0.154493,0.270162,0.415005,0.0925822,0.310626,0.43357,0.5968,0.355097,0.216622,0.32709,1,0.482829,0.550816,0.265839,0.532072,0.5749,0.570171,0.600323,0.538258,0.516901,0.537972,0.134655,0.514815,0.581983,0.565795,0.600581,0.346813,0.570812,0.459841,0.619671,0.611944,0.53282,0.289664,0.0198046,0.419952,0.579394,0.641277,0.632704,0.448751,0.620979,0.590425,0.159655,0.511724,0.597855,0.387078,0.363564,0.506703,0.534395,0.462338,0.518495,0.369307,0.156887,0.161613,0.532836,0.67096,0.595564,0.313529,0.49602
0.835931,0.814177,0.862572,0.806139,0.727991,0.731733,0.381702,0.598082,0.452273,0.662888,0.751659,0.733829,0.76166,0.830651,0.690504,0.778745,0.805117,0.684983,0.747145,0.805843,0.855473,0.333983,0.735301,0.851792,0.518042,0.538109,0.82756,0.377576,0.620442,0.181265,0.289729,0.665663,0.753727,0.769111,0.458024,0.293496,0.563003,0.482829,1,0.74942,-0.0253144,0.583307,0.881678,0.790523,0.848306,0.732462,0.701313,0.732778,0.43362,0.612379,0.687802,0.717145,0.745465,0.76077,0.799733,0.808768,0.568096,0.848269,0.792457,0.422476,0.356625,0.630804,0.679626,0.854337,0.862322,0.213049,0.625249,0.852813,0.484585,0.402047,0.764024,0.601338,0.413785,0.381941,0.622383,0.800234,0.708841,0.769983,0.476555,0.323401,0.51088,0.803145,0.754036,0.447485,0.547991
0.793134,0.7777,0.826654,0.7517,0.567939,0.665522,0.403968,0.528952,0.469065,0.551231,0.633139,0.595718,0.507931,0.778531,0.591279,0.676761,0.601065,0.675366,0.647969,0.769373,0.765737,0.40682,0.611677,0.732336,0.500652,0.522947,0.705809,0.523354,0.596608,0.440238,0.193001,0.586366,0.705465,0.700807,0.441665,0.43068,0.428152,0.550816,0.74942,1,0.181483,0.42872,0.842874,0.802571,0.865859,0.641459,0.717271,0.74185,0.295392,0.584209,0.625782,0.755891,0.772114,0.684412,0.714592,0.810933,0.631843,0.772802,0.829241,0.536257,0.302235,0.510766,0.449305,0.841805,0.767401,0.252661,0.644654,0.711884,0.483298,0.41161,0.680451,0.549626,0.337927,0.28598,0.674468,0.784654,0.594674,0.53395,0.315525,0.0690045,0.436335,0.771577,0.776302,0.456561,0.652291
0.185225,0.122492,0.130528,0.251146,0.204546,0.0955953,0.210054,0.0756082,-0.00367924,-0.0241269,0.0487227,-0.0415762,0.0392229,0.12927,0.083414,0.114233,-0.00743209,-0.0183235,0.0770973,0.0754054,0.0852321,0.0604111,0.011159,0.0976991,0.237946,0.125485,-0.0236236,-0.126797,0.191263,0.0877709,0.243832,-0.0508593,0.0571627,0.093301,0.0835018,-0.00358067,-0.0599232,0.265839,-0.0253144,0.181483,1,0.0124188,0.146312,0.137407,0.133027,0.0991334,0.371381,0.36988,-0.151599,0.422922,0.0339274,0.169811,0.220263,-0.0533096,0.134978,0.0499233,0.285645,0.162662,0.176295,0.254804,-0.0419066,-0.0564601,-0.060587,0.0973165,0.0275451,0.146295,0.294159,0.0485451,-0.0211923,0.257552,0.027349,0.0275344,-0.142607,-0.129328,0.138261,-0.0439838,-0.0392374,0.00410611,0.023537,0.0679337,-0.0415398,0.128036,0.127639,-0.143935,0.14299
0.594748,0.480519,0.576015,0.338488,0.360309,0.384637,0.604058,0.354797,0.442735,0.556546,0.410979,0.433784,0.471566,0.422787,0.580538,0.445153,0.463586,0.434474,0.574937,0.548646,0.644891,0.366518,0.564859,0.662608,0.320083,0.509364,0.551734,0.36195,0.470094,0.259991,0.0190216,0.395326,0.538202,0.685466,0.459509,0.234754,0.518296,0.532072,0.583307,0.42872,0.0124188,1,0.669639,0.561235,0.600031,0.467543,0.530135,0.538454,0.323099,0.537377,0.523143,0.573578,0.531668,0.439043,0.597095,0.485901,0.61167,0.58147,0.513058,0.187097,0.0706635,0.551588,0.654139,0.608702,0.626147,0.389862,0.630351,0.626145,0.252595,0.443339,0.524008,0.427952,0.424991,0.322544,0.598593,0.607796,0.594473,0.35393,0.345262,0.222085,0.457713,0.633446,0.641386,0.479562,0.501536
0.891141,0.82416,0.938345,0.821736,0.713808,0.711163,0.461247,0.592603,0.570054,0.682828,0.731083,0.76437,0.716011,0.819555,0.670314,0.805378,0.790008,0.693956,0.802891,0.859709,0.882785,0.402045,0.735396,0.893471,0.511344,0.680083,0.826877,0.477969,0.662544,0.323685,0.328505,0.581215,0.729031,0.823512,0.585254,0.310089,0.55223,0.5749,0.881678,0.842874,0.146312,0.669639,1,0.850425,0.91506,0.729336,0.811319,0.809938,0.301945,0.697677,0.729827,0.874645,0.85072,0.792364,0.816129,0.880451,0.617391,0.859076,0.859479,0.570273,0.315475,0.663036,0.692929,0.891004,0.861028,0.342133,0.720832,0.851138,0.526746,0.458254,0.752931,0.653155,0.439849,0.348592,0.703573,0.807681,0.750147,0.651012,0.558064,0.278782,0.557653,0.836113,0.872389,0.491019,0.682778
0.831594,0.877011,0.841767,0.739847,0.699512,0.818072,0.462665,0.601459,0.391414,0.698619,0.735826,0.630788,0.695624,0.790944,0.672217,0.749767,0.717825,0.697604,0.769142,0.772427,0.868984,0.636782,0.693017,0.785384,0.458876,0.603761,0.728223,0.48508,0.538734,0.327962,0.146049,0.474131,0.749017,0.757324,0.539975,0.296899,0.530886,0.570171,0.790523,0.802571,0.137407,0.561235,0.850425,1,0.869478,0.785192,0.771105,0.706033,0.339089,0.657092,0.699389,0.778775,0.812663,0.73971,0.892751,0.817212,0.663564,0.867581,0.807296,0.51948,0.271466,0.46454,0.518432,0.798762,0.80968,0.342747,0.636868,0.800838,0.327182,0.372483,0.701358,0.620163,0.153062,0.398647,0.689374,0.655285,0.660271,0.640974,0.511309,0.196029,0.426491,0.880982,0.751925,0.543576,0.58437
0.93907,0.835749,0.952729,0.830988,0.711174,0.762815,0.493016,0.607518,0.599876,0.683626,0.699732,0.670743,0.630578,0.82145,0.738658,0.708713,0.705063,0.773082,0.803335,0.82338,0.886246,0.438958,0.822759,0.859601,0.533854,0.642882,0.84738,0.55231,0.578344,0.326358,0.244521,0.643297,0.794184,0.848685,0.51538,0.34377,0.578403,0.600323,0.848306,0.865859,0.133027,0.600031,0.91506,0.869478,1,0.770012,0.794058,0.817191,0.437003,0.654756,0.714153,0.878975,0.851826,0.782894,0.815053,0.888725,0.691537,0.888489,0.891238,0.548559,0.344456,0.672198,0.65008,0.891877,0.865961,0.406768,0.693427,0.901381,0.526551,0.492884,0.859751,0.747586,0.373125,0.366129,0.719144,0.829667,0.782231,0.685791,0.466709,0.268333,0.482541,0.89971,0.827818,0.563219,0.74904
0.754448,0.761221,0.779208,0.768788,0.506027,0.565201,0.318341,0.469142,0.444729,0.68451,0.760486,0.53105,0.661272,0.769512,0.522488,0.630814,0.684037,0.710717,0.748002,0.652984,0.799853,0.438087,0.563409,0.636149,0.561758,0.478863,0.66708,0.320906,0.382914,0.427228,0.274533,0.411857,0.606288,0.775847,0.269478,0.188463,0.452915,0.538258,0.732462,0.641459,0.0991334,0.467543,0.729336,0.785192,0.770012,1,0.66279,0.696344,0.384764,0.437158,0.678112,0.746204,0.741626,0.715783,0.80232,0.695612,0.49996,0.714456,0.735917,0.562265,0.329029,0.463275,0.641432,0.733028,0.82971,0.399072,0.49747,0.70756,0.439307,0.438175,0.685208,0.566499,0.25793,0.474922,0.533479,0.566898,0.749679,0.637905,0.435503,0.495897,0.528177,0.803833,0.660209,0.425921,0.539183
0.821282,0.673703,0.806094,0.693884,0.607162,0.583712,0.576522,0.406076,0.517399,0.544121,0.644358,0.609812,0.66264,0.67878,0.54633,0.662466,0.728079,0.502594,0.743706,0.775886,0.822886,0.33438,0.655654,0.764265,0.482311,0.662203,0.683559,0.503692,0.508526,0.193409,0.393212,0.520879,0.534624,0.706206,0.408337,0.380235,0.48692,0.516901,0.701313,0.717271,0.371381,0.530135,0.811319,0.771105,0.794058,0.66279,1,0.786512,0.278101,0.710722,0.720017,0.79607,0.746005,0.608086,0.715639,0.774087,0.666608,0.712464,0.717196,0.481518,0.432481,0.559961,0.600874,0.722895,0.791659,0.408417,0.634938,0.75251,0.565818,0.283485,0.600516,0.615462,0.321943,0.343526,0.663641,0.604451,0.565188,0.562059,0.347014,0.248452,0.473766,0.770623,0.765798,0.423068,0.589355
0.776317,0.687006,0.802871,0.821584,0.6459,0.594081,0.484553,0.416805,0.522783,0.629613,0.72002,0.652714,0.685399,0.684231,0.641115,0.61943,0.680434,0.591617,0.610281,0.718685,0.755981,0.360933,0.601915,0.769884,0.581103,0.602912,0.700256,0.344573,0.612967,0.306203,0.42973,0.578902,0.643882,0.756909,0.446715,0.181697,0.411822,0.537972,0.732778,0.74185,0.36988,0.538454,0.809938,0.706033,0.817191,0.696344,0.786512,1,0.237758,0.707807,0.54483,0.771378,0.80537,0.631648,0.730118,0.664146,0.68904,0.743409,0.676973,0.644656,0.205675,0.52274,0.537525,0.766573,0.748011,0.390808,0.686126,0.734878,0.549934,0.632576,0.674764,0.616707,0.351229,0.259358,0.620419,0.723556,0.707106,0.586855,0.380827,0.501992,0.433306,0.750637,0.736389,0.430425,0.57533
0.502351,0.307418,0.387543,0.302283,0.293226,0.322574,0.309817,0.333616,0.330657,0.188331,0.275456,0.110995,0.0724273,0.379827,0.475443,0.277278,0.168491,0.567834,0.385911,0.372593,0.293838,0.0442043,0.497077,0.274109,0.333418,0.142671,0.325737,0.371938,0.324367,0.172402,0.0478488,0.321076,0.234264,0.335928,0.156082,0.114375,0.233775,0.134655,0.43362,0.295392,-0.151599,0.323099,0.301945,0.339089,0.437003,0.384764,0.278101,0.237758,1,0.342808,0.244029,0.22165,0.169136,0.298046,0.268816,0.441125,0.23877,0.353754,0.445859,-0.0621011,0.230033,0.311994,0.347053,0.308965,0.399469,0.182216,0.30982,0.421972,0.217234,-0.00711136,0.492021,0.403284,0.288601,0.0661115,0.290325,0.310824,0.215994,0.314018,0.166677,0.0142067,0.305047,0.432372,0.293244,0.336123,0.427942
0.682639,0.581463,0.640501,0.549897,0.739484,0.608567,0.526665,0.611021,0.359038,0.461958,0.514794,0.471091,0.566123,0.519014,0.626859,0.563352,0.517835,0.465561,0.517561,0.650946,0.64185,0.330487,0.649915,0.707226,0.338736,0.563684,0.480627,0.322156,0.590494,0.15918,0.148591,0.398147,0.474451,0.581867,0.591462,0.12617,0.43702,0.514815,0.612379,0.584209,0.422922,0.537377,0.697677,0.657092,0.654756,0.437158,0.710722,0.707807,0.342808,1,0.467233,0.620182,0.681939,0.378673,0.60339,0.60398,0.568541,0.717807,0.600751,0.410429,0.102589,0.513244,0.430855,0.679842,0.614599,0.417828,0.820277,0.687634,0.286119,0.390508,0.539437,0.402045,0.187621,0.168883,0.583847,0.60649,0.489929,0.484558,0.421414,0.19826,0.391761,0.628637,0.693299,0.456766,0.466
0.686445,0.610074,0.742172,0.587838,0.50115,0.574941,0.475001,0.376199,0.526583,0.562897,0.611753,0.47677,0.587367,0.563058,0.455401,0.523508,0.695333,0.484944,0.698144,0.744821,0.786259,0.298262,0.626451,0.717379,0.355531,0.568147,0.630073,0.344952,0.372445,0.120693,0.185179,0.654098,0.616843,0.722185,0.362077,0.402028,0.517805,0.581983,0.687802,0.625782,0.0339274,0.523143,0.729827,0.699389,0.714153,0.678112,0.720017,0.54483,0.244029,0.467233,1,0.736791,0.651749,0.521503,0.629533,0.676559,0.588534,0.678927,0.701331,0.309878,0.307135,0.505513,0.636845,0.696661,0.778801,0.263161,0.64956,0.791882,0.417472,0.329654,0.638808,0.632173,0.349903,0.442984,0.606516,0.527505,0.557961,0.531687,0.405689,0.183181,0.547552,0.712865,0.681375,0.501271,0.542442
0.869444,0.760527,0.898578,0.754059,0.585784,0.6431,0.434167,0.487923,0.603892,0.681953,0.668496,0.659796,0.653719,0.73217,0.535742,0.598064,0.757123,0.716816,0.813052,0.771131,0.869198,0.362122,0.729205,0.792463,0.375336,0.725888,0.730458,0.454806,0.527196,0.293302,0.271502,0.561899,0.649144,0.841239,0.513447,0.25242,0.606637,0.565795,0.717145,0.755891,0.169811,0.573578,0.874645,0.778775,0.878975,0.746204,0.79607,0.771378,0.22165,0.620182,0.736791,1,0.837154,0.754869,0.750001,0.820079,0.567626,0.804333,0.77259,0.61503,0.403513,0.660028,0.654013,0.83537,0.851419,0.52174,0.653429,0.820496,0.519435,0.425393,0.782083,0.704646,0.32627,0.375817,0.720415,0.759187,0.751377,0.611472,0.458375,0.318401,0.494568,0.814759,0.804973,0.573799,0.72519
0.791292,0.805931,0.855304,0.802148,0.681732,0.719755,0.329696,0.540793,0.584116,0.638902,0.764486,0.639067,0.69949,0.766026,0.638413,0.727287,0.723292,0.591951,0.722765,0.834269,0.87239,0.51233,0.680476,0.811364,0.470757,0.7638,0.783727,0.417735,0.4643,0.252501,0.243609,0.467803,0.708471,0.765991,0.553325,0.266246,0.518894,0.600581,0.745465,0.772114,0.220263,0.531668,0.85072,0.812663,0.851826,0.741626,0.746005,0.80537,0.169136,0.681939,0.651749,0.837154,1,0.774982,0.852579,0.783077,0.589013,0.827886,0.787216,0.653826,0.088559,0.561065,0.540809,0.835282,0.853322,0.414096,0.665632,0.765558,0.412243,0.578838,0.663705,0.592134,0.270943,0.482715,0.72638,0.726924,0.790225,0.612046,0.585624,0.333059,0.538182,0.842997,0.763969,0.442141,0.586006
