1,0.849485,0.94578,0.801244,0.826251,0.903128,0.651483,0.589652,0.680609,0.810144,0.871634,0.756512,0.803975,0.907219,0.785425,0.519671,0.824313,0.733313,0.831966,0.847474,0.88448,0.791706,0.838955,0.905974,0.616443,0.752661,0.874277,0.744567,0.510692,0.579035,0.207445,0.750051,0.726823,0.80012,0.722553,0.607624,0.429813,0.771975,0.834503,0.74587,0.54447,0.742754,0.959669,0.744827,0.941052,0.897814,0.782585,0.901839,0.698952,0.746344,0.699019,0.830397,0.842309,0.674193,0.807558,0.874377,0.839615,0.310026,0.877975,0.68006,0.668487,0.690539,0.834844,0.878688,0.908151,0.756694,0.873059,0.906115,0.650439,0.814805,0.860321,0.777807,0.561248,0.145674,0.713485,0.82449,0.794137,0.711733,0.500911,0.477208,0.622841,0.862498,0.786299,0.500727,0.756515
0.849485,1,0.730136,0.527609,0.576199,0.798083,0.703363,0.469081,0.61667,0.673931,0.741073,0.826327,0.866519,0.879292,0.731344,0.699438,0.861074,0.735137,0.730843,0.743484,0.816187,0.774151,0.627543,0.748486,0.480081,0.63328,0.635951,0.653454,0.444007,0.457009,0.0178632,0.682638,0.609251,0.659602,0.545755,0.475796,0.370136,0.636039,0.709056,0.693535,0.380666,0.648817,0.843793,0.881651,0.759206,0.725006,0.559909,0.79399,0.563354,0.685509,0.612442,0.735549,0.733506,0.75778,0.819752,0.815531,0.652403,0.527252,0.832861,0.58155,0.648737,0.567222,0.748895,0.73185,0.827068,0.760427,0.765536,0.735136,0.503021,0.623906,0.708286,0.670088,0.404916,0.145921,0.581831,0.757282,0.652554,0.493379,0.537199,0.423116,0.537659,0.714764,0.691678,0.446273,0.720025
0.94578,0.730136,1,0.886374,0.867701,0.8347,0.571214,0.541684,0.635528,0.84321,0.881238,0.720166,0.765734,0.84416,0.774742,0.46503,0.815208,0.703651,0.820899,0.876129,0.860057,0.779893,0.819971,0.938419,0.626362,0.799092,0.887758,0.751679,0.53014,0.563594,0.287784,0.667364,0.746338,0.838175,0.797564,0.685149,0.501583,0.742003,0.848923,0.743188,0.578006,0.731876,0.925564,0.660635,0.967317,0.901829,0.798963,0.871007,0.727816,0.710536,0.710003,0.858214,0.890888,0.665669,0.797387,0.861892,0.870997,0.251703,0.854025,0.672265,0.665588,0.739604,0.832016,0.890563,0.892232,0.687355,0.842228,0.908023,0.697998,0.806659,0.857484,0.788808,0.62982,0.176732,0.78049,0.814123,0.780907,0.714786,0.416428,0.485119,0.529563,0.882941,0.803108,0.467263,0.763365
0.801244,0.527609,0.886374,1,0.861627,0.72994,0.450952,0.433129,0.499834,0.82321,0.820363,0.538947,0.593824,0.684266,0.663032,0.295195,0.649271,0.505267,0.722518,0.826029,0.739303,0.644056,0.733497,0.799744,0.516478,0.71462,0.784827,0.604852,0.428996,0.464459,0.265722,0.495513,0.682824,0.764411,0.708262,0.617285,0.391286,0.719516,0.772243,0.690556,0.546905,0.657865,0.750813,0.465341,0.83242,0.767581,0.722494,0.679876,0.670154,0.55074,0.645565,0.757471,0.771847,0.488527,0.67786,0.723631,0.744479,0.177184,0.731503,0.529926,0.541239,0.675782,0.687284,0.799534,0.755845,0.507153,0.709966,0.790534,0.657838,0.725776,0.774979,0.660314,0.497601,0.161623,0.632636,0.711773,0.760553,0.658464,0.212243,0.389549,0.447795,0.761947,0.767694,0.430751,0.595049
0.826251,0.576199,0.867701,0.861627,1,0.793115,0.449428,0.658574,0.546472,0.79015,0.804514,0.536625,0.595466,0.714341,0.645827,0.319406,0.608233,0.575122,0.782672,0.813621,0.772733,0.697023,0.808114,0.789808,0.43649,0.733302,0.778903,0.679714,0.301069,0.439957,0.258389,0.532463,0.609299,0.683796,0.64799,0.556259,0.374169,0.76462,0.745474,0.642306,0.653545,0.709369,0.763136,0.491729,0.793549,0.715627,0.70546,0.747805,0.601785,0.592434,0.644635,0.726378,0.719456,0.435422,0.630438,0.67531,0.728181,0.1393,0.667521,0.642426,0.555061,0.654392,0.716264,0.799259,0.755701,0.580997,0.766849,0.847854,0.551314,0.730888,0.808059,0.756268,0.597063,0.158623,0.59268,0.764196,0.721196,0.697439,0.230788,0.536453,0.492385,0.777533,0.764543,0.424895,0.539277
0.903128,0.798083,0.8347,0.72994,0.793115,1,0.641087,0.558182,0.628182,0.79904,0.795132,0.722521,0.786136,0.846946,0.752228,0.510768,0.779577,0.626436,0.81074,0.827705,0.882089,0.775116,0.821226,0.838031,0.619506,0.769294,0.820136,0.73382,0.479055,0.513693,0.0822576,0.714421,0.695145,0.754121,0.666335,0.538042,0.323574,0.726091,0.808446,0.730252,0.569146,0.702504,0.865439,0.756209,0.848128,0.75889,0.697176,0.798897,0.675807,0.700151,0.562505,0.762942,0.785509,0.631646,0.78254,0.812263,0.771022,0.342591,0.834415,0.617713,0.625853,0.636847,0.760482,0.841751,0.858454,0.761499,0.820613,0.871391,0.622523,0.748184,0.833942,0.720659,0.440486,0.255158,0.680491,0.838002,0.792938,0.63035,0.434935,0.376878,0.632284,0.835978,0.799524,0.44075,0.711968
0.651483,0.703363,0.571214,0.450952,0.449428,0.641087,1,0.382345,0.367676,0.570893,0.578538,0.722173,0.687034,0.740969,0.558056,0.511934,0.667706,0.492523,0.545281,0.54742,0.628694,0.553035,0.53457,0.631469,0.356229,0.62586,0.559564,0.396617,0.472378,0.34564,0.0734773,0.59253,0.47066,0.529304,0.387865,0.458782,0.418114,0.430014,0.527874,0.578085,0.310108,0.316549,0.620691,0.614754,0.574751,0.505314,0.472936,0.541619,0.736131,0.572744,0.566706,0.41943,0.523192,0.610922,0.627956,0.727011,0.562735,0.323297,0.621352,0.592099,0.465589,0.431581,0.53258,0.496776,0.630685,0.659316,0.582235,0.601043,0.572056,0.472333,0.472248,0.461917,0.380594,0.167709,0.558725,0.540387,0.453608,0.235381,0.371971,0.442804,0.378569,0.528764,0.383615,0.328343,0.489847
0.589652,0.469081,0.541684,0.433129,0.658574,0.558182,0.382345,1,0.577414,0.539651,0.598304,0.501167,0.458833,0.487054,0.474722,0.120228,0.366146,0.456031,0.666655,0.464056,0.525135,0.499462,0.624808,0.56329,0.204712,0.553407,0.504902,0.458148,0.256311,0.305439,0.0851601,0.485288,0.341904,0.480762,0.402805,0.201365,0.0992525,0.439986,0.371273,0.252702,0.485684,0.404432,0.527344,0.355823,0.491598,0.465136,0.445726,0.548272,0.404189,0.503683,0.460392,0.497297,0.487556,0.403244,0.436277,0.470634,0.452665,-0.0801063,0.464924,0.658054,0.364088,0.466509,0.483992,0.478205,0.495183,0.506569,0.645145,0.626414,0.371408,0.469899,0.590064,0.530289,0.425745,-0.0221125,0.4683,0.587365,0.376964,0.501814,0.126693,0.43967,0.375604,0.512564,0.458748,0.389157,0.286776
0.680609,0.61667,0.635528,0.499834,0.546472,0.628182,0.367676,0.577414,1,0.614814,0.67985,0.701506,0.750857,0.610941,0.624021,0.392831,0.688026,0.68482,0.726815,0.599637,0.731052,0.659938,0.625866,0.661892,0.346831,0.53317,0.640803,0.563869,0.465785,0.527333,-0.100873,0.595545,0.518956,0.697276,0.600236,0.0593496,0.0666653,0.502449,0.656273,0.427023,0.545614,0.591122,0.729473,0.557786,0.672132,0.631953,0.606693,0.633154,0.464762,0.50402,0.42365,0.727626,0.742917,0.747266,0.695671,0.594093,0.563816,0.175691,0.7278,0.474889,0.404026,0.504129,0.699477,0.658678,0.730134,0.637752,0.677797,0.637896,0.457206,0.593723,0.624313,0.556886,0.419168,0.0598642,0.569279,0.664517,0.534144,0.70574,0.296114,0.280684,0.590436,0.767835,0.673236,0.451273,0.544742
0.810144,0.673931,0.84321,0.82321,0.79015,0.79904,0.570893,0.539651,0.614814,1,0.885136,0.697405,0.754076,0.725256,0.794623,0.49265,0.777085,0.54514,0.76226,0.87501,0.84138,0.745471,0.671395,0.771984,0.41646,0.747198,0.69065,0.576987,0.412196,0.446288,0.0281178,0.545989,0.697701,0.757396,0.645666,0.57693,0.235997,0.689564,0.804956,0.747082,0.552977,0.655965,0.797664,0.681664,0.826101,0.714271,0.66047,0.684737,0.695935,0.579964,0.600477,0.790933,0.8208,0.667391,0.81241,0.774773,0.800804,0.3904,0.860942,0.599123,0.630423,0.691996,0.673686,0.831652,0.812762,0.719432,0.788779,0.758445,0.671561,0.633433,0.739853,0.636903,0.438156,0.142118,0.64461,0.751876,0.823689,0.600451,0.191821,0.240111,0.479725,0.773643,0.767895,0.346431,0.641614
0.871634,0.741073,0.881238,0.820363,0.804514,0.795132,0.578538,0.598304,0.67985,0.885136,1,0.707946,0.779808,0.77863,0.751425,0.531822,0.813277,0.639874,0.841665,0.865023,0.870448,0.736467,0.743224,0.818447,0.454463,0.764653,0.807055,0.735485,0.542098,0.619815,0.0573397,0.622205,0.72924,0.832493,0.688915,0.538482,0.356122,0.68886,0.834031,0.738364,0.502994,0.713144,0.860666,0.718066,0.854659,0.804285,0.729706,0.776059,0.629668,0.636562,0.687021,0.820202,0.826169,0.680166,0.843484,0.820552,0.725582,0.392712,0.867893,0.682384,0.614803,0.778034,0.738367,0.867658,0.88513,0.751846,0.826832,0.816177,0.602406,0.716872,0.797883,0.755166,0.611811,0.158327,0.684747,0.852325,0.757925,0.650362,0.370057,0.474705,0.569454,0.860905,0.796331,0.364233,0.676275
0.756512,0.826327,0.720166,0.538947,0.536625,0.722521,0.722173,0.501167,0.701506,0.697405,0.707946,1,0.968195,0.870781,0.762846,0.657642,0.892773,0.768365,0.786923,0.697843,0.83842,0.773907,0.634362,0.799755,0.473049,0.697773,0.644157,0.583518,0.62801,0.504293,0.122327,0.576672,0.65106,0.710919,0.622751,0.374708,0.331276,0.507751,0.719959,0.62623,0.462893,0.507416,0.797003,0.790393,0.752292,0.69528,0.599143,0.745248,0.664775,0.749455,0.64708,0.761836,0.809974,0.90242,0.890342,0.866357,0.64867,0.42637,0.837392,0.602626,0.5821,0.580862,0.801217,0.715493,0.841425,0.700334,0.783206,0.725269,0.599829,0.626809,0.654071,0.589862,0.361517,0.13205,0.723308,0.733095,0.576212,0.465214,0.455453,0.395356,0.480494,0.739043,0.677079,0.418445,0.686309
0.803975,0.866519,0.765734,0.593824,0.595466,0.786136,0.687034,0.458833,0.750857,0.754076,0.779808,0.968195,1,0.901819,0.77487,0.717737,0.952078,0.797133,0.804203,0.765687,0.891842,0.807,0.644347,0.808887,0.492846,0.713607,0.674599,0.631065,0.624057,0.534911,0.0776163,0.575259,0.691198,0.746551,0.659097,0.393875,0.361887,0.570778,0.803943,0.700495,0.501117,0.581796,0.845465,0.839355,0.799822,0.710637,0.615016,0.764219,0.656389,0.753317,0.645849,0.799697,0.83977,0.919594,0.939123,0.888309,0.659529,0.512522,0.905214,0.602199,0.623618,0.644366,0.841547,0.779378,0.895139,0.734442,0.809694,0.754417,0.590994,0.662725,0.689058,0.672002,0.390638,0.170909,0.726652,0.779519,0.63996,0.531856,0.473501,0.39194,0.524071,0.797471,0.764931,0.393918,0.716095
0.907219,0.879292,0.84416,0.684266,0.714341,0.846946,0.740969,0.487054,0.610941,0.725256,0.77863,0.870781,0.901819,1,0.755409,0.681358,0.89937,0.806347,0.794367,0.793257,0.884194,0.763237,0.724931,0.851334,0.591395,0.730486,0.736243,0.677715,0.559275,0.541055,0.275744,0.628106,0.719748,0.733363,0.682975,0.54501,0.458711,0.666291,0.824905,0.787773,0.478922,0.615833,0.899985,0.822431,0.860627,0.802138,0.6714,0.844846,0.706587,0.794883,0.728854,0.768351,0.780816,0.771124,0.881054,0.927932,0.723145,0.474172,0.872859,0.643888,0.668328,0.665176,0.83873,0.810711,0.90433,0.719828,0.849437,0.832488,0.619327,0.74486,0.75314,0.734657,0.476763,0.236532,0.710374,0.760093,0.71987,0.582375,0.565551,0.502304,0.513745,0.796636,0.74618,0.386783,0.726809
0.785425,0.731344,0.774742,0.663032,0.645827,0.752228,0.558056,0.474722,0.624021,0.794623,0.751425,0.762846,0.77487,0.755409,1,0.502938,0.773185,0.559044,0.716479,0.757236,0.827224,0.783465,0.724747,0.771121,0.513106,0.640764,0.652056,0.55252,0.544844,0.555415,-0.029718,0.535979,0.719072,0.774039,0.702173,0.436988,0.252307,0.713813,0.789275,0.659045,0.584057,0.664364,0.771484,0.684251,0.799628,0.765684,0.716283,0.83339,0.588441,0.653568,0.559194,0.802905,0.801939,0.671615,0.76579,0.797555,0.81537,0.314579,0.799022,0.514513,0.558656,0.573547,0.739039,0.814515,0.820918,0.74601,0.752559,0.735239,0.604082,0.62366,0.706425,0.670511,0.399801,0.12835,0.681912,0.746619,0.775046,0.503273,0.295263,0.234816,0.458705,0.758949,0.725173,0.429142,0.66691
0.519671,0.699438,0.46503,0.295195,0.319406,0.510768,0.511934,0.120228,0.392831,0.49265,0.531822,0.657642,0.717737,0.681358,0.502938,1,0.744193,0.592475,0.499641,0.614484,0.667107,0.537113,0.234611,0.41076,0.423212,0.35871,0.322735,0.462031,0.296271,0.317212,0.145347,0.263666,0.469815,0.449164,0.336401,0.30964,0.183771,0.350352,0.676317,0.727392,0.0738441,0.385694,0.544742,0.823154,0.457717,0.435125,0.246904,0.474407,0.374812,0.409118,0.440861,0.444895,0.461734,0.630546,0.738022,0.607015,0.391556,0.894902,0.613277,0.376296,0.522604,0.364958,0.481356,0.584547,0.651055,0.572497,0.453759,0.345806,0.324245,0.371207,0.39413,0.4151,0.333248,0.271937,0.450938,0.491108,0.509458,0.158329,0.405777,0.219964,0.12251,0.509112,0.517854,0.121185,0.402311
0.824313,0.861074,0.815208,0.649271,0.608233,0.779577,0.667706,0.366146,0.688026,0.777085,0.813277,0.892773,0.952078,0.89937,0.773185,0.744193,1,0.805887,0.796429,0.807012,0.890338,0.790353,0.62115,0.824852,0.557797,0.668634,0.68256,0.673565,0.598083,0.552656,0.122232,0.601474,0.718054,0.767455,0.695736,0.513507,0.423139,0.61946,0.845804,0.745683,0.455457,0.60004,0.868485,0.869462,0.840303,0.767262,0.607875,0.76578,0.688623,0.730936,0.623217,0.79571,0.833148,0.883266,0.9533,0.897144,0.705558,0.582828,0.929692,0.600445,0.656338,0.713472,0.83301,0.799334,0.903419,0.746674,0.766994,0.740979,0.594553,0.64318,0.680765,0.680377,0.455181,0.255452,0.751118,0.770772,0.679591,0.543647,0.5032,0.398039,0.496292,0.799149,0.766514,0.353737,0.782312
0.733313,0.735137,0.703651,0.505267,0.575122,0.626436,0.492523,0.456031,0.68482,0.54514,0.639874,0.768365,0.797133,0.806347,0.559044,0.592475,0.805887,1,0.776605,0.6582,0.739066,0.697101,0.618005,0.744696,0.474242,0.554698,0.622584,0.68178,0.388907,0.437456,0.277542,0.584927,0.525829,0.584794,0.601295,0.297775,0.291086,0.521486,0.629668,0.502879,0.418803,0.580959,0.76614,0.679982,0.729997,0.70031,0.572836,0.732576,0.598367,0.651145,0.669889,0.730303,0.715558,0.712048,0.743198,0.722405,0.552231,0.358868,0.716119,0.574349,0.587371,0.650601,0.809696,0.651822,0.781114,0.607579,0.769507,0.673182,0.462007,0.536519,0.591176,0.619938,0.42732,0.27387,0.613322,0.614924,0.531801,0.583034,0.583579,0.481574,0.390249,0.689825,0.627816,0.434899,0.714839
0.831966,0.730843,0.820899,0.722518,0.782672,0.81074,0.545281,0.666655,0.726815,0.76226,0.841665,0.786923,0.804203,0.794367,0.716479,0.499641,0.796429,0.776605,1,0.842179,0.911221,0.797428,0.800304,0.869141,0.525383,0.713328,0.798949,0.755014,0.52935,0.574099,0.172262,0.691166,0.714761,0.829061,0.717228,0.406841,0.242355,0.688638,0.774927,0.61914,0.525521,0.702164,0.832912,0.711121,0.815859,0.792418,0.733016,0.794823,0.627526,0.689124,0.64185,0.844757,0.827317,0.682865,0.818937,0.782413,0.671837,0.294406,0.799215,0.666545,0.687025,0.703434,0.81839,0.853239,0.899029,0.744852,0.862307,0.856817,0.591829,0.725021,0.784014,0.713604,0.517374,0.280474,0.751529,0.882664,0.719123,0.730031,0.533823,0.496665,0.621188,0.864025,0.792888,0.540385,0.71862
0.847474,0.743484,0.876129,0.826029,0.813621,0.827705,0.54742,0.464056,0.599637,0.87501,0.865023,0.697843,0.765687,0.793257,0.757236,0.614484,0.807012,0.6582,0.842179,1,0.924116,0.794177,0.722145,0.843809,0.53668,0.769057,0.748622,0.736843,0.433864,0.508692,0.187868,0.612598,0.759508,0.826861,0.713362,0.5877,0.258695,0.757641,0.903495,0.837787,0.503295,0.76133,0.852762,0.753275,0.866498,0.790862,0.683605,0.794429,0.683513,0.646717,0.589804,0.819893,0.839686,0.658335,0.841324,0.781881,0.785635,0.471792,0.82846,0.549967,0.689885,0.646874,0.746572,0.940555,0.902309,0.802306,0.820541,0.842756,0.663648,0.767794,0.83526,0.742717,0.55669,0.328581,0.707256,0.847632,0.862831,0.676927,0.417338,0.353655,0.499314,0.871044,0.849678,0.361594,0.688127
0.88448,0.816187,0.860057,0.739303,0.772733,0.882089,0.628694,0.525135,0.731052,0.84138,0.870448,0.83842,0.891842,0.884194,0.827224,0.667107,0.890338,0.739066,0.911221,0.924116,1,0.850891,0.778941,0.879461,0.584047,0.77507,0.788234,0.722735,0.588963,0.620247,0.17185,0.670934,0.836336,0.865335,0.7486,0.47971,0.291309,0.744505,0.931218,0.804776,0.567649,0.760024,0.897704,0.820145,0.878364,0.804031,0.718847,0.84617,0.683501,0.748477,0.615792,0.859414,0.860942,0.776841,0.911464,0.857214,0.771577,0.469812,0.896889,0.622059,0.696011,0.652848,0.838167,0.941911,0.974805,0.851193,0.865746,0.866759,0.634806,0.805603,0.8077,0.770324,0.548132,0.293214,0.778992,0.908341,0.825964,0.693537,0.523236,0.406453,0.592527,0.914313,0.856756,0.445625,0.744506
0.791706,0.774151,0.779893,0.644056,0.697023,0.775116,0.553035,0.499462,0.659938,0.745471,0.736467,0.773907,0.807,0.763237,0.783465,0.537113,0.790353,0.697101,0.797428,0.794177,0.850891,1,0.759046,0.838789,0.535142,0.707535,0.677262,0.628879,0.4655,0.513063,0.114114,0.600432,0.753549,0.68218,0.631645,0.496589,0.372398,0.715194,0.742278,0.553797,0.570532,0.69589,0.769275,0.654535,0.803732,0.708921,0.672539,0.831415,0.623909,0.67263,0.543335,0.783363,0.809584,0.686783,0.744058,0.751556,0.693097,0.288266,0.775401,0.673688,0.640041,0.594014,0.805208,0.791018,0.849232,0.749702,0.783124,0.802894,0.633907,0.741086,0.744027,0.741201,0.418163,0.145029,0.774345,0.793555,0.680406,0.608428,0.365514,0.403645,0.560467,0.775289,0.780706,0.555108,0.739963
0.838955,0.627543,0.819971,0.733497,0.808114,0.821226,0.53457,0.624808,0.625866,0.671395,0.743224,0.634362,0.644347,0.724931,0.724747,0.234611,0.62115,0.618005,0.800304,0.722145,0.778941,0.759046,1,0.864457,0.530936,0.753258,0.877032,0.696516,0.549039,0.530963,0.192479,0.713919,0.685658,0.743318,0.718367,0.47041,0.399119,0.72774,0.697278,0.491848,0.687508,0.732886,0.792309,0.47979,0.839413,0.823353,0.852245,0.842534,0.619819,0.628868,0.615588,0.778371,0.784455,0.51479,0.611474,0.704536,0.736508,-0.0479938,0.698608,0.672311,0.536417,0.635751,0.772628,0.801055,0.78582,0.684988,0.83215,0.903724,0.676485,0.78435,0.833077,0.738249,0.57699,0.232615,0.692759,0.782282,0.70266,0.712168,0.383537,0.492841,0.672757,0.808052,0.712673,0.59422,0.683558
0.905974,0.748486,0.938419,0.799744,0.789808,0.838031,0.631469,0.56329,0.661892,0.771984,0.818447,0.799755,0.808887,0.851334,0.771121,0.41076,0.824852,0.744696,0.869141,0.843809,0.879461,0.838789,0.864457,1,0.667387,0.85057,0.888542,0.774245,0.636702,0.573328,0.279554,0.757501,0.797188,0.856769,0.809336,0.614637,0.4781,0.717529,0.792408,0.659356,0.567353,0.692917,0.906414,0.651708,0.949459,0.892383,0.801594,0.895301,0.750633,0.782092,0.633273,0.862843,0.917789,0.703579,0.790792,0.87275,0.81776,0.153953,0.83778,0.690426,0.628928,0.686234,0.86391,0.852806,0.902575,0.73501,0.879306,0.9523,0.746742,0.832346,0.849689,0.782767,0.598822,0.266835,0.831397,0.854735,0.716154,0.727571,0.511462,0.508335,0.634353,0.88063,0.761043,0.529447,0.833783
0.616443,0.480081,0.626362,0.516478,0.43649,0.619506,0.356229,0.204712,0.346831,0.41646,0.454463,0.473049,0.492846,0.591395,0.513106,0.423212,0.557797,0.474242,0.525383,0.53668,0.584047,0.535142,0.530936,0.667387,1,0.472384,0.640178,0.587238,0.512381,0.404794,0.384384,0.437848,0.583393,0.595591,0.607578,0.437741,0.240039,0.362961,0.603882,0.525926,0.114338,0.440358,0.589438,0.513674,0.639368,0.672588,0.443898,0.621348,0.417767,0.456693,0.273084,0.559912,0.587528,0.398343,0.539011,0.59734,0.511574,0.246582,0.567087,0.35312,0.371592,0.356487,0.473125,0.565747,0.594868,0.408703,0.5056,0.568849,0.544613,0.540891,0.528397,0.454092,0.395728,0.247411,0.642381,0.519793,0.528567,0.401732,0.323776,0.245913,0.381688,0.543482,0.418536,0.377053,0.552471
0.752661,0.63328,0.799092,0.71462,0.733302,0.769294,0.62586,0.553407,0.53317,0.747198,0.764653,0.697773,0.713607,0.730486,0.640764,0.35871,0.668634,0.554698,0.713328,0.769057,0.77507,0.707535,0.753258,0.85057,0.472384,1,0.780581,0.67379,0.556272,0.437023,0.244386,0.631236,0.734238,0.749281,0.670231,0.590865,0.472823,0.565967,0.679792,0.67541,0.574535,0.607115,0.750871,0.550379,0.810651,0.693577,0.700586,0.731012,0.706473,0.62711,0.605707,0.754638,0.830973,0.62394,0.674388,0.742374,0.700986,0.110644,0.700291,0.679026,0.493078,0.576914,0.684633,0.753342,0.779126,0.703153,0.784996,0.869658,0.685919,0.71232,0.783687,0.728348,0.595115,0.305234,0.673729,0.761943,0.63377,0.598914,0.351218,0.52321,0.514097,0.804821,0.697004,0.348215,0.717414
0.874277,0.635951,0.887758,0.784827,0.778903,0.820136,0.559564,0.504902,0.640803,0.69065,0.807055,0.644157,0.674599,0.736243,0.652056,0.322735,0.68256,0.622584,0.798949,0.748622,0.788234,0.677262,0.877032,0.888542,0.640178,0.780581,1,0.756037,0.622449,0.638724,0.202797,0.741141,0.707075,0.835278,0.75827,0.5172,0.417773,0.677752,0.752286,0.629245,0.547748,0.71297,0.85874,0.550746,0.880587,0.855836,0.870295,0.784804,0.618804,0.588998,0.629528,0.81371,0.826208,0.54704,0.670356,0.748261,0.777586,0.0863148,0.746737,0.633592,0.551599,0.659736,0.755939,0.819722,0.822362,0.638633,0.794363,0.883521,0.679836,0.783088,0.809406,0.686216,0.63806,0.225322,0.699858,0.806264,0.694176,0.696136,0.464364,0.498082,0.666047,0.879453,0.695331,0.550681,0.736545
0.744567,0.653454,0.751679,0.604852,0.679714,0.73382,0.396617,0.458148,0.563869,0.576987,0.735485,0.583518,0.631065,0.677715,0.55252,0.462031,0.673565,0.68178,0.755014,0.736843,0.722735,0.628879,0.696516,0.774245,0.587238,0.67379,0.756037,1,0.370888,0.478625,0.0942649,0.719799,0.562479,0.699077,0.628984,0.463487,0.240057,0.576858,0.656962,0.592632,0.294744,0.677693,0.777472,0.646711,0.760174,0.782491,0.628984,0.769141,0.460867,0.543597,0.456553,0.727019,0.760802,0.514238,0.646864,0.680495,0.620286,0.272456,0.644035,0.505429,0.440102,0.580753,0.657356,0.719829,0.744991,0.643657,0.730367,0.760122,0.511924,0.63524,0.817435,0.684381,0.505272,0.347989,0.545293,0.754093,0.658143,0.593054,0.496351,0.452461,0.602045,0.791172,0.672559,0.358686,0.702689
0.510692,0.444007,0.53014,0.428996,0.301069,0.479055,0.472378,0.256311,0.465785,0.412196,0.542098,0.62801,0.624057,0.559275,0.544844,0.296271,0.598083,0.388907,0.52935,0.433864,0.588963,0.4655,0.549039,0.636702,0.512381,0.556272,0.622449,0.370888,1,0.580581,0.159273,0.380038,0.691481,0.69868,0.669444,0.260962,0.345647,0.370679,0.587659,0.451082,0.371373,0.406269,0.567913,0.459659,0.58687,0.573006,0.575718,0.5188,0.42448,0.535379,0.411893,0.571427,0.58281,0.609848,0.631245,0.660536,0.467232,0.121995,0.633694,0.373739,0.336662,0.461678,0.59863,0.570238,0.629818,0.451692,0.554395,0.565365,0.589677,0.560451,0.477063,0.458634,0.417663,0.277429,0.689507,0.602985,0.40512,0.420162,0.447225,0.284039,0.47552,0.596457,0.444153,0.32471,0.539539
0.579035,0.457009,0.563594,0.464459,0.439957,0.513693,0.34564,0.305439,0.527333,0.446288,0.619815,0.504293,0.534911,0.541055,0.555415,0.317212,0.552656,0.437456,0.574099,0.508692,0.620247,0.513063,0.530963,0.573328,0.404794,0.437023,0.638724,0.478625,0.580581,1,0.13591,0.456487,0.651071,0.681074,0.556357,0.293414,0.140484,0.530061,0.660244,0.51321,0.34354,0.564315,0.622885,0.468573,0.588635,0.557384,0.691026,0.562922,0.349927,0.494758,0.376355,0.565005,0.49803,0.491026,0.597136,0.552365,0.585551,0.215258,0.605576,0.456309,0.489136,0.603251,0.535752,0.634935,0.660961,0.53542,0.482661,0.524416,0.29983,0.522737,0.476747,0.399944,0.401111,0.12695,0.600285,0.615264,0.530736,0.478769,0.354286,0.404914,0.455184,0.706958,0.493165,0.201856,0.553069
0.207445,0.0178632,0.287784,0.265722,0.258389,0.0822576,0.0734773,0.0851601,-0.100873,0.0281178,0.0573397,0.122327,0.0776163,0.275744,-0.029718,0.145347,0.122232,0.277542,0.172262,0.187868,0.17185,0.114114,0.192479,0.279554,0.384384,0.244386,0.202797,0.0942649,0.159273,0.13591,1,0.00298435,0.26107,0.111337,0.182263,0.40753,0.339282,0.0406954,0.219193,0.247487,0.0394517,0.136541,0.155743,0.0244725,0.236869,0.270869,0.139297,0.228115,0.269607,0.235593,0.32239,0.111494,0.121316,0.070624,0.139402,0.15372,0.157579,0.00873846,0.0962766,0.324644,0.20049,0.174996,0.183835,0.205876,0.190084,0.00320647,0.12808,0.208026,0.0884226,0.242945,0.134544,0.141984,0.37271,0.243147,0.289014,0.059875,0.0683115,0.19127,0.125379,0.364755,-0.170004,0.106142,0.0418349,0.0240159,0.170612
0.750051,0.682638,0.667364,0.495513,0.532463,0.714421,0.59253,0.485288,0.595545,0.545989,0.622205,0.576672,0.575259,0.628106,0.535979,0.263666,0.601474,0.584927,0.691166,0.612598,0.670934,0.600432,0.713919,0.757501,0.437848,0.631236,0.741141,0.719799,0.380038,0.456487,0.00298435,1,0.563327,0.653692,0.550643,0.461123,0.27007,0.600191,0.522066,0.479017,0.357008,0.617402,0.760059,0.559364,0.718344,0.720265,0.651384,0.672449,0.596559,0.52274,0.367864,0.61247,0.685254,0.51752,0.545136,0.609446,0.647491,0.0729428,0.642961,0.605313,0.490415,0.472209,0.609459,0.596015,0.663274,0.712531,0.671808,0.73271,0.520486,0.597853,0.720947,0.526856,0.477838,0.261924,0.503427,0.681268,0.585992,0.595061,0.562436,0.386627,0.668607,0.713006,0.533526,0.461914,0.723977
0.726823,0.609251,0.746338,0.682824,0.609299,0.695145,0.47066,0.341904,0.518956,0.697701,0.72924,0.65106,0.691198,0.719748,0.719072,0.469815,0.718054,0.525829,0.714761,0.759508,0.836336,0.753549,0.685658,0.797188,0.583393,0.734238,0.707075,0.562479,0.691481,0.651071,0.26107,0.563327,1,0.791084,0.742432,0.541437,0.316507,0.686781,0.828795,0.716271,0.499471,0.678962,0.757047,0.62557,0.803575,0.732099,0.673434,0.729987,0.551178,0.629221,0.470902,0.778868,0.735975,0.595525,0.743819,0.751354,0.707058,0.311472,0.754405,0.537137,0.584303,0.581224,0.698214,0.829397,0.848128,0.659703,0.730572,0.756485,0.689442,0.77951,0.68839,0.659521,0.507852,0.3331,0.738226,0.829619,0.738246,0.619509,0.516866,0.314472,0.545743,0.806963,0.731043,0.40473,0.760764
0.80012,0.659602,0.838175,0.764411,0.683796,0.754121,0.529304,0.480762,0.697276,0.757396,0.832493,0.710919,0.746551,0.733363,0.774039,0.449164,0.767455,0.584794,0.829061,0.826861,0.865335,0.68218,0.743318,0.856769,0.595591,0.749281,0.835278,0.699077,0.69868,0.681074,0.111337,0.653692,0.791084,1,0.869719,0.455966,0.287271,0.689405,0.848294,0.734104,0.460395,0.700192,0.842021,0.637514,0.853332,0.82133,0.778226,0.769438,0.611901,0.651229,0.521892,0.840051,0.843911,0.682835,0.791766,0.776904,0.78085,0.247725,0.80622,0.496219,0.568461,0.631695,0.77934,0.876587,0.878751,0.733618,0.761988,0.821079,0.713667,0.75995,0.759694,0.68972,0.587132,0.288962,0.772997,0.863057,0.760362,0.721972,0.472862,0.387197,0.622065,0.910369,0.759763,0.514706,0.68899
0.722553,0.545755,0.797564,0.708262,0.64799,0.666335,0.387865,0.402805,0.600236,0.645666,0.688915,0.622751,0.659097,0.682975,0.702173,0.336401,0.695736,0.601295,0.717228,0.713362,0.7486,0.631645,0.718367,0.809336,0.607578,0.670231,0.75827,0.628984,0.669444,0.556357,0.182263,0.550643,0.742432,0.869719,1,0.477418,0.319057,0.632629,0.778629,0.61002,0.524433,0.636637,0.799361,0.540395,0.828823,0.771639,0.714635,0.733845,0.589651,0.672927,0.481533,0.798686,0.786748,0.640337,0.71294,0.75181,0.747452,0.138333,0.722483,0.402624,0.45086,0.634969,0.786103,0.773198,0.770932,0.561055,0.699996,0.772335,0.75072,0.711419,0.736869,0.633958,0.469979,0.255567,0.791016,0.737594,0.709007,0.717803,0.461622,0.352587,0.557088,0.835399,0.742624,0.489486,0.669579
0.607624,0.475796,0.685149,0.617285,0.556259,0.538042,0.458782,0.201365,0.0593496,0.57693,0.538482,0.374708,0.393875,0.54501,0.436988,0.30964,0.513507,0.297775,0.406841,0.5877,0.47971,0.496589,0.47041,0.614637,0.437741,0.590865,0.5172,0.463487,0.260962,0.293414,0.40753,0.461123,0.541437,0.455966,0.477418,1,0.598897,0.443962,0.512315,0.620616,0.234868,0.459805,0.583957,0.420311,0.655508,0.604579,0.431463,0.534978,0.586258,0.41445,0.470926,0.441594,0.515106,0.36157,0.486512,0.56182,0.611099,0.245502,0.541386,0.52748,0.489843,0.582341,0.431126,0.52962,0.48698,0.372429,0.419884,0.560346,0.504519,0.494124,0.572118,0.439378,0.392868,0.158554,0.531961,0.448566,0.52981,0.338414,0.189834,0.407309,0.244299,0.486385,0.487989,0.152177,0.581742
0.429813,0.370136,0.501583,0.391286,0.374169,0.323574,0.418114,0.0992525,0.0666653,0.235997,0.356122,0.331276,0.361887,0.458711,0.252307,0.183771,0.423139,0.291086,0.242355,0.258695,0.291309,0.372398,0.399119,0.4781,0.240039,0.472823,0.417773,0.240057,0.345647,0.140484,0.339282,0.27007,0.316507,0.287271,0.319057,0.598897,1,0.272538,0.284568,0.249454,0.323825,0.209265,0.366869,0.172137,0.448571,0.368344,0.337671,0.409487,0.436174,0.399021,0.46979,0.248008,0.350799,0.322081,0.286699,0.452107,0.283706,-0.00319043,0.344125,0.520343,0.321536,0.361533,0.47615,0.276439,0.351771,0.219835,0.269268,0.460686,0.316059,0.425158,0.31202,0.534939,0.47046,-0.0157379,0.451022,0.291489,0.0914829,0.184899,0.261791,0.583704,0.152452,0.29997,0.349037,0.238024,0.382972
0.771975,0.636039,0.742003,0.719516,0.76462,0.726091,0.430014,0.439986,0.502449,0.689564,0.68886,0.507751,0.570778,0.666291,0.713813,0.350352,0.61946,0.521486,0.688638,0.757641,0.744505,0.715194,0.72774,0.717529,0.362961,0.565967,0.677752,0.576858,0.370679,0.530061,0.0406954,0.600191,0.686781,0.689405,0.632629,0.443962,0.272538,1,0.726469,0.59283,0.615724,0.693969,0.731771,0.507072,0.738609,0.661249,0.703214,0.716762,0.506557,0.585971,0.43492,0.690998,0.627655,0.410284,0.58499,0.622158,0.759576,0.189722,0.644081,0.489031,0.548219,0.50767,0.766364,0.776428,0.739801,0.680226,0.67851,0.762122,0.555737,0.733395,0.736899,0.68991,0.397815,0.271632,0.544541,0.753833,0.744535,0.623727,0.423495,0.354756,0.560512,0.734385,0.762012,0.51389,0.62028
0.834503,0.709056,0.848923,0.772243,0.745474,0.808446,0.527874,0.371273,0.656273,0.804956,0.834031,0.719959,0.803943,0.824905,0.789275,0.676317,0.845804,0.629668,0.774927,0.903495,0.931218,0.742278,0.697278,0.792408,0.603882,0.679792,0.752286,0.656962,0.587659,0.660244,0.219193,0.522066,0.828795,0.848294,0.778629,0.512315,0.284568,0.726469,1,0.859639,0.542543,0.746346,0.864307,0.766997,0.853621,0.777338,0.677421,0.776678,0.619563,0.667525,0.562075,0.799184,0.781592,0.732985,0.892132,0.810912,0.792804,0.530033,0.864688,0.495166,0.626803,0.643394,0.76548,0.940969,0.921005,0.754242,0.747444,0.772334,0.631164,0.786379,0.763068,0.712703,0.548176,0.257566,0.755239,0.835754,0.841127,0.6366,0.414195,0.324019,0.490092,0.888286,0.849736,0.342611,0.644482
0.74587,0.693535,0.743188,0.690556,0.642306,0.730252,0.578085,0.252702,0.427023,0.747082,0.738364,0.62623,0.700495,0.787773,0.659045,0.727392,0.745683,0.502879,0.61914,0.837787,0.804776,0.553797,0.491848,0.659356,0.525926,0.67541,0.629245,0.592632,0.451082,0.51321,0.247487,0.479017,0.716271,0.734104,0.61002,0.620616,0.249454,0.59283,0.859639,1,0.29454,0.641383,0.766451,0.775926,0.738279,0.687637,0.560083,0.633248,0.577639,0.509042,0.577202,0.652439,0.662412,0.592755,0.798911,0.737941,0.706315,0.657548,0.76916,0.433955,0.604415,0.547993,0.568881,0.81721,0.786395,0.64027,0.641733,0.641223,0.539519,0.609713,0.674277,0.558549,0.503107,0.358144,0.534379,0.676263,0.806957,0.482682,0.395681,0.283007,0.339032,0.7503,0.678524,0.149047,0.572148
0.54447,0.380666,0.578006,0.546905,0.653545,0.569146,0.310108,0.485684,0.545614,0.552977,0.502994,0.462893,0.501117,0.478922,0.584057,0.0738441,0.455457,0.418803,0.525521,0.503295,0.567649,0.570532,0.687508,0.567353,0.114338,0.574535,0.547748,0.294744,0.371373,0.34354,0.0394517,0.357008,0.499471,0.460395,0.524433,0.234868,0.323825,0.615724,0.542543,0.29454,1,0.53539,0.532355,0.272723,0.587611,0.437948,0.594537,0.529912,0.512031,0.454237,0.471867,0.600847,0.557941,0.463738,0.43885,0.453032,0.581421,-0.116782,0.506369,0.439716,0.366106,0.433404,0.633411,0.577409,0.540948,0.511019,0.557144,0.647765,0.424359,0.555666,0.571828,0.602077,0.358467,0.0589531,0.518601,0.550097,0.491915,0.556918,0.140746,0.317777,0.317895,0.600602,0.671641,0.397571,0.451434
0.742754,0.648817,0.731876,0.657865,0.709369,0.702504,0.316549,0.404432,0.591122,0.655965,0.713144,0.507416,0.581796,0.615833,0.664364,0.385694,0.60004,0.580959,0.702164,0.76133,0.760024,0.69589,0.732886,0.692917,0.440358,0.607115,0.71297,0.677693,0.406269,0.564315,0.136541,0.617402,0.678962,0.700192,0.636637,0.459805,0.209265,0.693969,0.746346,0.641383,0.53539,1,0.743329,0.579425,0.757353,0.730451,0.700827,0.746318,0.454568,0.426503,0.592931,0.771963,0.694586,0.517487,0.628876,0.561054,0.703907,0.234561,0.702233,0.437346,0.596179,0.578909,0.678198,0.811322,0.761879,0.643207,0.684207,0.69806,0.444053,0.641645,0.766737,0.682535,0.500124,0.214057,0.533782,0.745121,0.802497,0.695053,0.38122,0.305436,0.502089,0.770437,0.741969,0.522517,0.657175
0.959669,0.843793,0.925564,0.750813,0.763136,0.865439,0.620691,0.527344,0.729473,0.797664,0.860666,0.797003,0.845465,0.899985,0.771484,0.544742,0.868485,0.76614,0.832912,0.852762,0.897704,0.769275,0.792309,0.906414,0.589438,0.750871,0.85874,0.777472,0.567913,0.622885,0.155743,0.760059,0.757047,0.842021,0.799361,0.583957,0.366869,0.731771,0.864307,0.766451,0.532355,0.743329,1,0.798964,0.955177,0.902348,0.770289,0.888276,0.696195,0.772438,0.642527,0.870921,0.872531,0.76741,0.865285,0.89459,0.848636,0.356827,0.904446,0.585244,0.618729,0.694363,0.852107,0.887188,0.92556,0.775022,0.868547,0.88971,0.687161,0.816918,0.856775,0.746348,0.526828,0.158291,0.733885,0.839395,0.798651,0.750055,0.55387,0.432256,0.67095,0.911089,0.805456,0.45269,0.803779
0.744827,0.881651,0.660635,0.465341,0.491729,0.756209,0.614754,0.355823,0.557786,0.681664,0.718066,0.790393,0.839355,0.822431,0.684251,0.823154,0.869462,0.679982,0.711121,0.753275,0.820145,0.654535,0.47979,0.651708,0.513674,0.550379,0.550746,0.646711,0.459659,0.468573,0.0244725,0.559364,0.62557,0.637514,0.540395,0.420311,0.172137,0.507072,0.766997,0.775926,0.272723,0.579425,0.798964,1,0.698088,0.66489,0.461962,0.679117,0.53687,0.625354,0.526703,0.69006,0.675896,0.76193,0.887582,0.807544,0.620839,0.748044,0.824855,0.451084,0.61987,0.547561,0.634961,0.741288,0.816715,0.740129,0.690264,0.611537,0.467456,0.51955,0.640952,0.549872,0.377448,0.258168,0.580491,0.722227,0.690584,0.435785,0.553947,0.267025,0.433981,0.704146,0.653734,0.224298,0.675415
0.941052,0.759206,0.967317,0.83242,0.793549,0.848128,0.574751,0.491598,0.672132,0.826101,0.854659,0.752292,0.799822,0.860627,0.799628,0.457717,0.840303,0.729997,0.815859,0.866498,0.878364,0.803732,0.839413,0.949459,0.639368,0.810651,0.880587,0.760174,0.58687,0.588635,0.236869,0.718344,0.803575,0.853332,0.828823,0.655508,0.448571,0.738609,0.853621,0.738279,0.587611,0.757353,0.955177,0.698088,1,0.925406,0.813683,0.901755,0.735299,0.737566,0.663251,0.897138,0.919102,0.717888,0.815594,0.876352,0.870678,0.240669,0.890234,0.625924,0.632515,0.717069,0.862404,0.900798,0.916456,0.734402,0.876627,0.91746,0.741868,0.82859,0.870522,0.800801,0.559799,0.215756,0.776278,0.822048,0.815579,0.768486,0.492114,0.398944,0.611148,0.902208,0.808527,0.488003,0.834563
0.897814,0.725006,0.901829,0.767581,0.715627,0.75889,0.505314,0.465136,0.631953,0.714271,0.804285,0.69528,0.710637,0.802138,0.765684,0.435125,0.767262,0.70031,0.792418,0.790862,0.804031,0.708921,0.823353,0.892383,0.672588,0.693577,0.855836,0.782491,0.573006,0.557384,0.270869,0.720265,0.732099,0.82133,0.771639,0.604579,0.368344,0.661249,0.777338,0.687637,0.437948,0.730451,0.902348,0.66489,0.925406,1,0.803039,0.90033,0.602713,0.617433,0.643992,0.859374,0.859863,0.609338,0.750244,0.799071,0.797604,0.220078,0.802025,0.57398,0.550225,0.662806,0.756269,0.847611,0.84937,0.673032,0.814973,0.840406,0.683612,0.74639,0.822861,0.68119,0.612906,0.251405,0.67211,0.758038,0.756244,0.718882,0.487009,0.409836,0.621993,0.826148,0.692975,0.466086,0.803141
0.782585,0.559909,0.798963,0.722494,0.70546,0.697176,0.472936,0.445726,0.606693,0.66047,0.729706,0.599143,0.615016,0.6714,0.716283,0.246904,0.607875,0.572836,0.733016,0.683605,0.718847,0.672539,0.852245,0.801594,0.443898,0.700586,0.870295,0.628984,0.575718,0.691026,0.139297,0.651384,0.673434,0.778226,0.714635,0.431463,0.337671,0.703214,0.677421,0.560083,0.594537,0.700827,0.770289,0.461962,0.813683,0.803039,1,0.758207,0.555993,0.514522,0.634745,0.783628,0.78374,0.485229,0.591697,0.68762,0.777403,0.00819906,0.691207,0.615223,0.587958,0.645453,0.707427,0.790269,0.767446,0.630871,0.753233,0.809197,0.629699,0.667031,0.7464,0.598134,0.550681,0.258144,0.64091,0.679509,0.717447,0.687524,0.401365,0.440876,0.616002,0.831196,0.645195,0.481498,0.720545
0.901839,0.79399,0.871007,0.679876,0.747805,0.798897,0.541619,0.548272,0.633154,0.684737,0.776059,0.745248,0.764219,0.844846,0.83339,0.474407,0.76578,0.732576,0.794823,0.794429,0.84617,0.831415,0.842534,0.895301,0.621348,0.731012,0.784804,0.769141,0.5188,0.562922,0.228115,0.672449,0.729987,0.769438,0.733845,0.534978,0.409487,0.716762,0.776678,0.633248,0.529912,0.746318,0.888276,0.679117,0.901755,0.90033,0.758207,1,0.605132,0.766091,0.616852,0.829969,0.840126,0.638024,0.733673,0.824274,0.775365,0.206882,0.771508,0.605016,0.530724,0.57966,0.833961,0.847055,0.881725,0.765845,0.845264,0.888587,0.620492,0.800555,0.841838,0.828704,0.547384,0.157861,0.708384,0.80543,0.716122,0.694679,0.507082,0.470776,0.61713,0.820472,0.737938,0.481421,0.761964
0.698952,0.563354,0.727816,0.670154,0.601785,0.675807,0.736131,0.404189,0.464762,0.695935,0.629668,0.664775,0.656389,0.706587,0.588441,0.374812,0.688623,0.598367,0.627526,0.683513,0.683501,0.623909,0.619819,0.750633,0.417767,0.706473,0.618804,0.460867,0.42448,0.349927,0.269607,0.596559,0.551178,0.611901,0.589651,0.586258,0.436174,0.506557,0.619563,0.577639,0.512031,0.454568,0.696195,0.53687,0.735299,0.602713,0.555993,0.605132,1,0.64652,0.568468,0.559856,0.652237,0.649782,0.654752,0.727458,0.699529,0.203073,0.67563,0.548403,0.502341,0.578021,0.669126,0.613149,0.688216,0.653637,0.598362,0.669895,0.656276,0.549874,0.586223,0.511715,0.422805,0.237879,0.724003,0.53797,0.592454,0.489053,0.30227,0.430636,0.288864,0.647474,0.585402,0.352481,0.607685
0.746344,0.685509,0.710536,0.55074,0.592434,0.700151,0.572744,0.503683,0.50402,0.579964,0.636562,0.749455,0.753317,0.794883,0.653568,0.409118,0.730936,0.651145,0.689124,0.646717,0.748477,0.67263,0.628868,0.782092,0.456693,0.62711,0.588998,0.543597,0.535379,0.494758,0.235593,0.52274,0.629221,0.651229,0.672927,0.41445,0.399021,0.585971,0.667525,0.509042,0.454237,0.426503,0.772438,0.625354,0.737566,0.617433,0.514522,0.766091,0.64652,1,0.483663,0.620476,0.660589,0.680199,0.714051,0.832013,0.64195,0.231605,0.706745,0.490455,0.431212,0.51951,0.814322,0.670122,0.769177,0.627031,0.727106,0.763102,0.518376,0.729997,0.639646,0.693946,0.305733,0.0516997,0.72602,0.713588,0.506299,0.529504,0.541956,0.395261,0.49982,0.670345,0.620363,0.362178,0.590002
0.699019,0.612442,0.710003,0.645565,0.644635,0.562505,0.566706,0.460392,0.42365,0.600477,0.687021,0.64708,0.645849,0.728854,0.559194,0.440861,0.623217,0.669889,0.64185,0.589804,0.615792,0.543335,0.615588,0.633273,0.273084,0.605707,0.629528,0.456553,0.411893,0.376355,0.32239,0.367864,0.470902,0.521892,0.481533,0.470926,0.46979,0.43492,0.562075,0.577202,0.471867,0.592931,0.642527,0.526703,0.663251,0.643992,0.634745,0.616852,0.568468,0.483663,1,0.634678,0.608424,0.539381,0.62641,0.668063,0.565384,0.26514,0.640816,0.594419,0.632254,0.693633,0.647964,0.636088,0.671875,0.422056,0.70134,0.621212,0.403952,0.481015,0.56313,0.590084,0.490128,0.10491,0.519518,0.531566,0.543721,0.449165,0.355706,0.499681,0.205496,0.580194,0.547227,0.41267,0.51804
0.830397,0.735549,0.858214,0.757471,0.726378,0.762942,0.41943,0.497297,0.727626,0.790933,0.820202,0.761836,0.799697,0.768351,0.802905,0.444895,0.79571,0.730303,0.844757,0.819893,0.859414,0.783363,0.778371,0.862843,0.559912,0.754638,0.81371,0.727019,0.571427,0.565005,0.111494,0.61247,0.778868,0.840051,0.798686,0.441594,0.248008,0.690998,0.799184,0.652439,0.600847,0.771963,0.870921,0.69006,0.897138,0.859374,0.783628,0.829969,0.559856,0.620476,0.634678,1,0.92291,0.706291,0.803428,0.779208,0.776069,0.244259,0.828895,0.508035,0.603492,0.691917,0.815459,0.875011,0.887848,0.688272,0.868246,0.841979,0.655077,0.731472,0.792408,0.711539,0.482265,0.235308,0.685173,0.84104,0.785076,0.73032,0.434443,0.363217,0.587528,0.887866,0.824766,0.531569,0.831498
0.842309,0.733506,0.890888,0.771847,0.719456,0.785509,0.523192,0.487556,0.742917,0.8208,0.826169,0.809974,0.83977,0.780816,0.801939,0.461734,0.833148,0.715558,0.827317,0.839686,0.860942,0.809584,0.784455,0.917789,0.587528,0.830973,0.826208,0.760802,0.58281,0.49803,0.121316,0.685254,0.735975,0.843911,0.786748,0.515106,0.350799,0.627655,0.781592,0.662412,0.557941,0.694586,0.872531,0.675896,0.919102,0.859863,0.78374,0.840126,0.652237,0.660589,0.608424,0.92291,1,0.763311,0.811787,0.829405,0.778036,0.230241,0.860396,0.611897,0.565446,0.655728,0.813559,0.842854,0.873894,0.716007,0.866353,0.87646,0.698088,0.736892,0.849188,0.739561,0.519371,0.234126,0.721002,0.807001,0.74029,0.710448,0.393357,0.357966,0.606561,0.878766,0.782287,0.457964,0.815895
