1,0.958423,0.963773,0.789106,0.760628,0.868178,0.760799,0.767597,0.727461,0.662173,0.729448,0.580971,0.852617,0.89091,0.791065,0.890346,0.862648,0.881615,0.795441,0.859719,0.898792,0.693358,0.7916,0.768843,0.643234,0.669705,0.813696,0.730562,0.459299,0.385805,0.298942,0.452405,0.821,0.854801,0.613223,0.396341,0.27719,0.721665,0.914403,0.891902,0.588885,0.762611,0.921244,0.884685,0.90087,0.881765,0.754672,0.894704,0.766503,0.77253,0.644935,0.797371,0.775535,0.743435,0.85192,0.89731,0.74259,0.901479,0.911498,0.517416,0.548057,0.754855,0.847504,0.848199,0.846365,0.691908,0.748668,0.705501,0.687268,0.682837,0.843058,0.760467,0.620376,0.503004,0.594311,0.860147,0.802281,0.649012,0.0695558,0.374646,0.679081,0.89057,0.872794,0.371602,0.64557
0.958423,1,0.911644,0.718108,0.719496,0.844307,0.811549,0.687403,0.710642,0.572692,0.654814,0.489606,0.826235,0.929034,0.838067,0.94579,0.864216,0.843401,0.713724,0.803139,0.838024,0.73678,0.731707,0.656843,0.586067,0.544506,0.750517,0.653888,0.435495,0.346919,0.262211,0.302193,0.763137,0.786165,0.534062,0.347086,0.143828,0.704558,0.870797,0.910044,0.494105,0.694925,0.876491,0.944007,0.831669,0.839802,0.678106,0.820693,0.714673,0.676124,0.596042,0.724353,0.710413,0.680902,0.831814,0.938192,0.720538,0.94204,0.87922,0.451784,0.454812,0.671659,0.814182,0.784634,0.779085,0.620909,0.673713,0.601117,0.619855,0.548251,0.775178,0.689883,0.553998,0.42599,0.453007,0.799705,0.744679,0.616653,-0.0787152,0.278852,0.696797,0.821611,0.886058,0.286704,0.543343
0.963773,0.911644,1,0.856354,0.785973,0.837957,0.720706,0.735302,0.788442,0.691116,0.728029,0.551541,0.805274,0.851861,0.732155,0.826199,0.81315,0.850206,0.835542,0.877215,0.924161,0.726319,0.843241,0.808367,0.708872,0.679154,0.8627,0.767648,0.446414,0.369968,0.387809,0.418454,0.830809,0.900199,0.625725,0.432575,0.23345,0.664703,0.941429,0.869618,0.621734,0.797221,0.887742,0.796015,0.912985,0.916373,0.778027,0.892547,0.779935,0.803086,0.686196,0.773727,0.781984,0.750924,0.842732,0.845125,0.739708,0.823132,0.881041,0.506587,0.587132,0.767736,0.881357,0.897412,0.900561,0.701771,0.784288,0.751861,0.727902,0.746287,0.885438,0.775363,0.643189,0.496282,0.635521,0.848022,0.831577,0.72986,0.150405,0.387288,0.657698,0.934262,0.882168,0.412119,0.67935
0.789106,0.718108,0.856354,1,0.8598,0.779983,0.524958,0.734582,0.773291,0.647872,0.749781,0.455626,0.635165,0.64001,0.656181,0.547616,0.60554,0.701669,0.823917,0.822142,0.86892,0.721678,0.761349,0.818321,0.606517,0.682057,0.833349,0.691835,0.367676,0.371398,0.528314,0.496253,0.736811,0.862494,0.67692,0.519693,0.349793,0.658013,0.797278,0.77016,0.661618,0.655754,0.781652,0.571242,0.847383,0.894689,0.757381,0.809563,0.617279,0.767969,0.652208,0.764084,0.76505,0.598425,0.742775,0.652238,0.670884,0.576534,0.785547,0.408724,0.51336,0.759769,0.793737,0.870982,0.881688,0.610658,0.768475,0.789536,0.744312,0.733847,0.831158,0.747944,0.541247,0.417815,0.670636,0.794576,0.748925,0.633849,0.348869,0.41986,0.66458,0.912762,0.780205,0.547261,0.748806
0.760628,0.719496,0.785973,0.8598,1,0.865403,0.680279,0.682847,0.681938,0.503897,0.620221,0.567054,0.646973,0.688743,0.730594,0.539884,0.565607,0.679122,0.758434,0.823596,0.84895,0.628725,0.657346,0.692726,0.490656,0.670028,0.778925,0.597396,0.38941,0.303555,0.400543,0.428154,0.712093,0.744601,0.599471,0.626877,0.183906,0.690635,0.776531,0.69461,0.613761,0.609712,0.785626,0.620947,0.800935,0.807585,0.817623,0.774978,0.681365,0.624973,0.536162,0.675757,0.674967,0.595677,0.629994,0.649464,0.656179,0.600751,0.745217,0.440909,0.49949,0.752831,0.796682,0.825155,0.820338,0.460543,0.68751,0.650968,0.637392,0.676168,0.773157,0.752332,0.472299,0.410035,0.532416,0.719215,0.683199,0.542681,0.254444,0.530308,0.714898,0.8519,0.750216,0.436989,0.747104
0.868178,0.844307,0.837957,0.779983,0.865403,1,0.814362,0.722452,0.62889,0.560186,0.686345,0.620293,0.786987,0.841342,0.783277,0.729591,0.763975,0.757217,0.76194,0.821595,0.864381,0.632308,0.733025,0.70531,0.541873,0.688363,0.790083,0.708596,0.469085,0.348397,0.298689,0.418833,0.728431,0.777836,0.575731,0.499417,0.300213,0.772114,0.833792,0.75866,0.527692,0.635079,0.851479,0.801247,0.824689,0.779667,0.833342,0.847486,0.767493,0.63813,0.562713,0.726815,0.666151,0.721415,0.732879,0.828096,0.73683,0.776368,0.822668,0.539268,0.499481,0.778386,0.812033,0.783321,0.807103,0.53746,0.712848,0.638705,0.646864,0.677412,0.783505,0.744818,0.521548,0.563142,0.492082,0.858526,0.751082,0.565211,0.117022,0.428414,0.730252,0.8553,0.826415,0.396241,0.736295
0.760799,0.811549,0.720706,0.524958,0.680279,0.814362,1,0.599252,0.581248,0.421133,0.459194,0.548468,0.694643,0.856395,0.758389,0.773026,0.684366,0.663076,0.529648,0.704746,0.702803,0.588067,0.638066,0.515728,0.462758,0.515764,0.656291,0.570824,0.486288,0.365254,0.0829403,0.149124,0.68342,0.631238,0.38338,0.476359,0.177279,0.662736,0.736985,0.728264,0.308373,0.469922,0.732184,0.831137,0.662174,0.645683,0.691784,0.704973,0.67596,0.458572,0.590082,0.521229,0.496969,0.627794,0.627512,0.83807,0.696892,0.795877,0.683842,0.404624,0.350826,0.664417,0.73757,0.673626,0.683004,0.451817,0.624234,0.443499,0.435176,0.436255,0.628101,0.630133,0.390128,0.427329,0.302678,0.709614,0.682676,0.414947,0.00300263,0.435756,0.593671,0.686445,0.839709,0.283581,0.598309
0.767597,0.687403,0.735302,0.734582,0.682847,0.722452,0.599252,1,0.532606,0.582801,0.664227,0.569594,0.677086,0.614174,0.607129,0.569912,0.598731,0.604276,0.662585,0.732926,0.749461,0.541714,0.658276,0.747116,0.632725,0.566964,0.734048,0.514195,0.4225,0.320415,0.366902,0.506871,0.74297,0.739821,0.599533,0.431581,0.461471,0.658434,0.635374,0.720672,0.663305,0.517979,0.779001,0.639584,0.759027,0.797326,0.655346,0.736415,0.475748,0.695896,0.653748,0.716403,0.721975,0.623728,0.712782,0.643143,0.677516,0.635545,0.765008,0.294334,0.520543,0.76703,0.688213,0.731687,0.764591,0.437074,0.654975,0.668737,0.577098,0.643112,0.666709,0.712772,0.462916,0.334362,0.726531,0.768664,0.693542,0.441773,0.382948,0.464973,0.562846,0.777959,0.670113,0.395236,0.708402
0.727461,0.710642,0.788442,0.773291,0.681938,0.62889,0.581248,0.532606,1,0.492867,0.500173,0.286078,0.47423,0.726405,0.599714,0.591297,0.486404,0.649839,0.689906,0.728112,0.76163,0.750921,0.720753,0.67772,0.428985,0.573754,0.808205,0.655143,0.399209,0.365761,0.179681,0.351756,0.695371,0.74424,0.492379,0.481302,0.240162,0.535277,0.783182,0.792474,0.415701,0.665348,0.768694,0.605718,0.805595,0.809664,0.662403,0.711111,0.651614,0.745235,0.595672,0.585265,0.684098,0.541117,0.715023,0.7332,0.676727,0.607346,0.736704,0.341654,0.444852,0.65856,0.768764,0.820347,0.775335,0.669991,0.701267,0.694755,0.619331,0.599284,0.813213,0.618415,0.450856,0.123112,0.490013,0.64909,0.717144,0.567679,0.110754,0.382306,0.725675,0.795184,0.801299,0.468417,0.568591
0.662173,0.572692,0.691116,0.647872,0.503897,0.560186,0.421133,0.582801,0.492867,1,0.759278,0.589181,0.734124,0.568915,0.477617,0.531396,0.685318,0.62228,0.785012,0.645389,0.650208,0.449256,0.779922,0.807435,0.781692,0.597766,0.646539,0.775532,0.41063,0.487391,0.507381,0.583855,0.632173,0.730596,0.540958,0.361239,0.377395,0.528162,0.642061,0.560111,0.639117,0.662128,0.690773,0.552919,0.755394,0.708601,0.683824,0.749778,0.601115,0.711696,0.607124,0.755145,0.80347,0.786728,0.791585,0.538385,0.693096,0.536752,0.735388,0.498513,0.439308,0.605679,0.618349,0.685621,0.740802,0.588906,0.7566,0.825568,0.521505,0.580357,0.639408,0.706329,0.455971,0.552718,0.616607,0.711253,0.642803,0.614372,0.297452,0.393329,0.437624,0.69416,0.541468,0.47702,0.555705
0.729448,0.654814,0.728029,0.749781,0.620221,0.686345,0.459194,0.664227,0.500173,0.759278,1,0.620219,0.763402,0.575568,0.630015,0.584594,0.756638,0.665639,0.759141,0.751732,0.770691,0.475535,0.698619,0.812204,0.72095,0.687708,0.646979,0.690912,0.443155,0.439971,0.545219,0.631019,0.678391,0.750931,0.641141,0.338908,0.435681,0.679835,0.688736,0.647326,0.445654,0.62313,0.695039,0.585291,0.744062,0.719416,0.633159,0.721057,0.621102,0.648799,0.669213,0.841839,0.741256,0.69874,0.811881,0.608815,0.594912,0.643503,0.813317,0.506529,0.504902,0.704912,0.642747,0.780799,0.772,0.729218,0.695753,0.761163,0.673298,0.653904,0.657647,0.669944,0.49308,0.547573,0.691479,0.82713,0.764992,0.608984,0.309238,0.322473,0.511528,0.756542,0.646966,0.365415,0.638605
0.580971,0.489606,0.551541,0.455626,0.567054,0.620293,0.548468,0.569594,0.286078,0.589181,0.620219,1,0.754192,0.466387,0.469739,0.42332,0.559018,0.529054,0.605317,0.643832,0.611324,0.241495,0.602374,0.620414,0.622828,0.674663,0.562127,0.61425,0.470009,0.402861,0.279436,0.502291,0.585575,0.574291,0.397288,0.360875,0.418815,0.653053,0.545525,0.445989,0.434649,0.519645,0.594091,0.490236,0.618305,0.536566,0.64927,0.576995,0.57887,0.514399,0.432491,0.586736,0.610649,0.762302,0.586586,0.429122,0.495333,0.47052,0.610739,0.539371,0.481742,0.59199,0.571055,0.589197,0.636615,0.441523,0.654609,0.579742,0.297719,0.472062,0.579383,0.576649,0.320195,0.622384,0.487938,0.602952,0.586509,0.455877,0.234265,0.445101,0.458798,0.575787,0.43103,0.360528,0.566148
0.852617,0.826235,0.805274,0.635165,0.646973,0.786987,0.694643,0.677086,0.47423,0.734124,0.763402,0.754192,1,0.799106,0.682267,0.811457,0.918875,0.777158,0.752624,0.76371,0.783225,0.543058,0.786136,0.731876,0.732421,0.612909,0.696713,0.751266,0.491523,0.376873,0.436081,0.418475,0.753385,0.775981,0.478585,0.354116,0.31325,0.718596,0.795523,0.73511,0.555902,0.684238,0.797339,0.851626,0.809549,0.738431,0.747468,0.793467,0.664617,0.628272,0.599288,0.798175,0.758155,0.832493,0.835152,0.767538,0.679528,0.83056,0.873936,0.527816,0.529047,0.712578,0.709744,0.713115,0.784619,0.593209,0.730601,0.669619,0.496548,0.565162,0.743986,0.677708,0.580199,0.684755,0.532487,0.824652,0.756929,0.642486,0.00290069,0.35804,0.582232,0.776195,0.712785,0.323637,0.583024
0.89091,0.929034,0.851861,0.64001,0.688743,0.841342,0.856395,0.614174,0.726405,0.568915,0.575568,0.466387,0.799106,1,0.763827,0.914924,0.821246,0.814306,0.703878,0.755272,0.787238,0.676317,0.750316,0.648335,0.54296,0.523851,0.731972,0.675199,0.521739,0.369616,0.197089,0.279791,0.769243,0.7137,0.396631,0.408414,0.154924,0.638766,0.854875,0.851123,0.423975,0.652949,0.845114,0.934252,0.818723,0.77241,0.718982,0.789372,0.743557,0.631748,0.656052,0.705669,0.675178,0.710957,0.822714,0.946008,0.770759,0.919923,0.863717,0.414186,0.468819,0.660211,0.809357,0.753683,0.745764,0.611927,0.675534,0.602669,0.530404,0.525619,0.773658,0.67283,0.573162,0.43805,0.391666,0.787953,0.759671,0.594825,-0.0806838,0.307251,0.667451,0.781729,0.882794,0.279425,0.543993
0.791065,0.838067,0.732155,0.656181,0.730594,0.783277,0.758389,0.607129,0.599714,0.477617,0.630015,0.469739,0.682267,0.763827,1,0.72479,0.72026,0.765609,0.588443,0.799924,0.771355,0.639678,0.664242,0.643777,0.43069,0.616474,0.667111,0.577971,0.448792,0.312654,0.185365,0.301986,0.648089,0.671569,0.586719,0.479513,0.150198,0.750121,0.750775,0.784256,0.366357,0.585751,0.76845,0.788567,0.721133,0.761926,0.654433,0.735063,0.624958,0.55172,0.497926,0.637045,0.637482,0.561903,0.696456,0.782158,0.662058,0.745954,0.762594,0.400723,0.310307,0.642473,0.712715,0.750271,0.725163,0.529193,0.652978,0.609512,0.575574,0.543632,0.647631,0.710385,0.434126,0.293885,0.409761,0.763145,0.694521,0.511645,-0.0261984,0.429703,0.614515,0.701997,0.762111,0.23901,0.522319
0.890346,0.94579,0.826199,0.547616,0.539884,0.729591,0.773026,0.569912,0.591297,0.531396,0.584594,0.42332,0.811457,0.914924,0.72479,1,0.892244,0.784853,0.598068,0.670789,0.716621,0.636362,0.638571,0.516346,0.556484,0.396798,0.612563,0.571174,0.42552,0.322628,0.157312,0.17048,0.669251,0.658552,0.399791,0.158096,0.0685753,0.576843,0.808324,0.823684,0.347552,0.644897,0.749655,0.94013,0.708031,0.698028,0.536719,0.709895,0.633476,0.57399,0.557047,0.674209,0.593867,0.66084,0.804314,0.91484,0.660621,0.971955,0.805566,0.326937,0.391985,0.517859,0.709361,0.66989,0.654486,0.593793,0.590995,0.459111,0.491456,0.386039,0.653945,0.528613,0.554126,0.420707,0.362705,0.724913,0.671115,0.560788,-0.165286,0.156063,0.534082,0.686948,0.821969,0.147627,0.389594
0.862648,0.864216,0.81315,0.60554,0.565607,0.763975,0.684366,0.598731,0.486404,0.685318,0.756638,0.559018,0.918875,0.821246,0.72026,0.892244,1,0.769903,0.654668,0.724142,0.753031,0.559549,0.700704,0.637346,0.665274,0.531321,0.62538,0.71555,0.445832,0.34619,0.307456,0.278585,0.642804,0.719657,0.477644,0.199403,0.186143,0.676862,0.819039,0.751169,0.439589,0.667137,0.735652,0.878197,0.742566,0.691295,0.623701,0.774233,0.645115,0.575979,0.563213,0.792699,0.635615,0.756881,0.813643,0.829878,0.690892,0.890913,0.840189,0.498409,0.400809,0.631366,0.670058,0.684832,0.728241,0.663549,0.692889,0.560088,0.508617,0.501131,0.647539,0.57349,0.584553,0.632861,0.438026,0.809195,0.724238,0.58683,-0.070894,0.243656,0.507919,0.721575,0.763765,0.195185,0.526582
0.881615,0.843401,0.850206,0.701669,0.679122,0.757217,0.663076,0.604276,0.649839,0.62228,0.665639,0.529054,0.777158,0.814306,0.765609,0.784853,0.769903,1,0.753451,0.826605,0.786993,0.497842,0.752862,0.754042,0.569808,0.720352,0.705104,0.707024,0.381325,0.402011,0.264653,0.450637,0.764909,0.726164,0.515139,0.427112,0.292887,0.642663,0.808004,0.772943,0.480687,0.757452,0.815603,0.795013,0.800564,0.780713,0.746526,0.826034,0.685709,0.677585,0.580457,0.73492,0.690795,0.631989,0.743942,0.757982,0.623603,0.801084,0.806533,0.501927,0.549174,0.658735,0.719784,0.767425,0.74034,0.596321,0.731073,0.706114,0.630223,0.624904,0.817419,0.748414,0.568905,0.508175,0.526065,0.743275,0.751754,0.682305,-0.0316752,0.43333,0.519805,0.747556,0.734693,0.336722,0.557866
0.795441,0.713724,0.835542,0.823917,0.758434,0.76194,0.529648,0.662585,0.689906,0.785012,0.759141,0.605317,0.752624,0.703878,0.588443,0.598068,0.654668,0.753451,1,0.854028,0.885343,0.579856,0.849527,0.881253,0.681239,0.675036,0.821176,0.756491,0.517089,0.461662,0.493468,0.603518,0.857268,0.863318,0.65211,0.531452,0.466856,0.594828,0.799759,0.69665,0.662091,0.72624,0.798307,0.627806,0.867124,0.842273,0.862725,0.86805,0.77725,0.821856,0.623845,0.803995,0.831677,0.74149,0.786431,0.64873,0.734666,0.62191,0.8118,0.535921,0.634751,0.727841,0.858849,0.837664,0.871688,0.561223,0.820611,0.879115,0.667637,0.786827,0.877424,0.75286,0.586053,0.503665,0.719113,0.800529,0.773299,0.732055,0.271027,0.468627,0.621502,0.847192,0.663535,0.561747,0.697633
0.859719,0.803139,0.877215,0.822142,0.823596,0.821595,0.704746,0.732926,0.728112,0.645389,0.751732,0.643832,0.76371,0.755272,0.799924,0.670789,0.724142,0.826605,0.854028,1,0.952494,0.63707,0.81123,0.856032,0.61104,0.717348,0.812217,0.718031,0.504575,0.408597,0.373529,0.522253,0.871641,0.842721,0.651306,0.557086,0.409582,0.705276,0.859835,0.799936,0.554359,0.736088,0.803762,0.703682,0.860176,0.866267,0.834098,0.875988,0.73485,0.742914,0.668827,0.799741,0.77798,0.693849,0.757206,0.719323,0.802931,0.705177,0.834275,0.554454,0.609447,0.7797,0.906768,0.907013,0.926835,0.657465,0.860349,0.805259,0.597292,0.774873,0.84982,0.752739,0.577321,0.422106,0.65288,0.81124,0.874848,0.718134,0.189633,0.579505,0.624565,0.854511,0.770736,0.39812,0.758155
0.898792,0.838024,0.924161,0.86892,0.84895,0.864381,0.702803,0.749461,0.76163,0.650208,0.770691,0.611324,0.783225,0.787238,0.771355,0.716621,0.753031,0.786993,0.885343,0.952494,1,0.711148,0.834835,0.841058,0.614432,0.713181,0.879104,0.718832,0.543069,0.385601,0.378863,0.490393,0.86566,0.893271,0.73388,0.524521,0.370075,0.74509,0.923505,0.831206,0.562137,0.758478,0.833841,0.71917,0.886382,0.887701,0.840022,0.881784,0.778661,0.79644,0.641447,0.80999,0.800472,0.724009,0.806468,0.7733,0.787589,0.733003,0.870489,0.516881,0.559448,0.782421,0.93828,0.929892,0.952889,0.668773,0.827825,0.786324,0.696849,0.81739,0.866474,0.78233,0.659143,0.452976,0.685374,0.849592,0.866934,0.72788,0.240696,0.477668,0.692543,0.918782,0.822096,0.442603,0.765577
0.693358,0.73678,0.726319,0.721678,0.628725,0.632308,0.588067,0.541714,0.750921,0.449256,0.475535,0.241495,0.543058,0.676317,0.639678,0.636362,0.559549,0.497842,0.579856,0.63707,0.711148,1,0.629611,0.522321,0.39372,0.339053,0.699158,0.478748,0.259173,0.311073,0.37541,0.288967,0.624524,0.721405,0.500498,0.423833,0.112305,0.536584,0.699217,0.820891,0.414808,0.482183,0.663086,0.640512,0.706888,0.742664,0.504184,0.60088,0.454685,0.544649,0.427207,0.48683,0.663048,0.470647,0.698527,0.694316,0.616464,0.61642,0.700975,0.313473,0.306367,0.556349,0.698354,0.674311,0.724306,0.505771,0.567562,0.512261,0.481711,0.460948,0.668151,0.518126,0.337895,0.156245,0.344768,0.624945,0.570717,0.527878,-0.053278,0.147253,0.742357,0.744731,0.802495,0.420172,0.513669
0.7916,0.731707,0.843241,0.761349,0.657346,0.733025,0.638066,0.658276,0.720753,0.779922,0.698619,0.602374,0.786136,0.750316,0.664242,0.638571,0.700704,0.752862,0.849527,0.81123,0.834835,0.629611,1,0.894858,0.789858,0.72097,0.901786,0.822965,0.521175,0.450973,0.403439,0.466842,0.792811,0.882746,0.584563,0.5208,0.423946,0.683032,0.841981,0.770543,0.615238,0.770765,0.820327,0.683252,0.886745,0.863427,0.866184,0.841908,0.705136,0.800908,0.702674,0.711104,0.843229,0.827591,0.835962,0.738373,0.74807,0.639289,0.834767,0.47955,0.568708,0.786624,0.828513,0.838271,0.889712,0.633908,0.872582,0.896293,0.658135,0.744989,0.872854,0.81663,0.593459,0.479596,0.666817,0.849433,0.804682,0.721905,0.205358,0.469122,0.616064,0.866327,0.753842,0.509904,0.677763
0.768843,0.656843,0.808367,0.818321,0.692726,0.70531,0.515728,0.747116,0.67772,0.807435,0.812204,0.620414,0.731876,0.648335,0.643777,0.516346,0.637346,0.754042,0.881253,0.856032,0.841058,0.522321,0.894858,1,0.740224,0.810509,0.822579,0.816987,0.557734,0.469647,0.545307,0.661112,0.836828,0.849245,0.634592,0.592988,0.523848,0.663535,0.756573,0.70575,0.633818,0.718652,0.818283,0.577811,0.896831,0.864828,0.845248,0.847312,0.714644,0.831746,0.764505,0.829423,0.869942,0.737674,0.795067,0.619658,0.756159,0.567803,0.841199,0.542978,0.646076,0.820279,0.77996,0.85775,0.878101,0.676271,0.840436,0.970946,0.676326,0.831439,0.856998,0.852209,0.566667,0.499463,0.775166,0.840962,0.857267,0.713615,0.358546,0.545698,0.599483,0.847614,0.655917,0.546824,0.706126
0.643234,0.586067,0.708872,0.606517,0.490656,0.541873,0.462758,0.632725,0.428985,0.781692,0.72095,0.622828,0.732421,0.54296,0.43069,0.556484,0.665274,0.569808,0.681239,0.61104,0.614432,0.39372,0.789858,0.740224,1,0.540882,0.685873,0.667273,0.367178,0.406547,0.492044,0.38449,0.60362,0.72238,0.487398,0.270862,0.228607,0.503327,0.63236,0.592304,0.628255,0.655704,0.642556,0.566988,0.720926,0.731029,0.629101,0.656452,0.517542,0.644445,0.71448,0.666484,0.713241,0.786646,0.735954,0.566219,0.596292,0.566595,0.696355,0.386025,0.586559,0.651558,0.614797,0.663443,0.70343,0.541471,0.71714,0.714239,0.515634,0.522822,0.66756,0.618007,0.418005,0.497208,0.627084,0.693009,0.627791,0.605739,0.280743,0.257014,0.395617,0.692592,0.585295,0.367702,0.532912
0.669705,0.544506,0.679154,0.682057,0.670028,0.688363,0.515764,0.566964,0.573754,0.597766,0.687708,0.674663,0.612909,0.523851,0.616474,0.396798,0.531321,0.720352,0.675036,0.717348,0.713181,0.339053,0.72097,0.810509,0.540882,1,0.749028,0.761551,0.496233,0.470439,0.282133,0.545829,0.625997,0.702845,0.611857,0.570253,0.427882,0.758202,0.696186,0.560503,0.444725,0.672506,0.73556,0.471389,0.770332,0.678405,0.78768,0.738734,0.711946,0.685599,0.53983,0.698026,0.681662,0.665681,0.608266,0.524938,0.528108,0.458227,0.700128,0.598954,0.4484,0.770955,0.604597,0.732548,0.713538,0.626398,0.729278,0.762313,0.635521,0.728428,0.755882,0.790088,0.414915,0.608628,0.549984,0.714263,0.709008,0.540325,0.250306,0.512559,0.5897,0.728796,0.58691,0.563978,0.678366
0.813696,0.750517,0.8627,0.833349,0.778925,0.790083,0.656291,0.734048,0.808205,0.646539,0.646979,0.562127,0.696713,0.731972,0.667111,0.612563,0.62538,0.705104,0.821176,0.812217,0.879104,0.699158,0.901786,0.822579,0.685873,0.749028,1,0.737964,0.508215,0.377169,0.2986,0.419654,0.771405,0.890205,0.682561,0.550835,0.400918,0.764905,0.864148,0.820457,0.641222,0.752156,0.860447,0.668823,0.899235,0.888884,0.848777,0.83126,0.708999,0.843282,0.614239,0.685558,0.805261,0.777811,0.799389,0.754361,0.720507,0.623689,0.824979,0.467866,0.523791,0.805855,0.858397,0.870238,0.890368,0.599095,0.827144,0.804127,0.732331,0.751657,0.887237,0.807073,0.59212,0.367024,0.671758,0.807291,0.770372,0.665575,0.298691,0.458771,0.727295,0.916428,0.801972,0.576197,0.751314
0.730562,0.653888,0.767648,0.691835,0.597396,0.708596,0.570824,0.514195,0.655143,0.775532,0.690912,0.61425,0.751266,0.675199,0.577971,0.571174,0.71555,0.707024,0.756491,0.718031,0.718832,0.478748,0.822965,0.816987,0.667273,0.761551,0.737964,1,0.466827,0.353748,0.379337,0.446576,0.632152,0.778604,0.449675,0.405545,0.392694,0.606934,0.766474,0.601456,0.565789,0.705148,0.772933,0.630617,0.819923,0.715813,0.786651,0.824387,0.748257,0.675655,0.61666,0.708674,0.696427,0.806047,0.720142,0.657302,0.710106,0.599347,0.751591,0.643325,0.549566,0.745255,0.666623,0.724992,0.774251,0.687023,0.790387,0.793058,0.595994,0.652294,0.77865,0.708561,0.429044,0.649477,0.53681,0.787395,0.755661,0.597457,0.102316,0.451012,0.588133,0.774217,0.638388,0.4505,0.607373
0.459299,0.435495,0.446414,0.367676,0.38941,0.469085,0.486288,0.4225,0.399209,0.41063,0.443155,0.470009,0.491523,0.521739,0.448792,0.42552,0.445832,0.381325,0.517089,0.504575,0.543069,0.259173,0.521175,0.557734,0.367178,0.496233,0.508215,0.466827,1,0.424249,0.10313,0.1116,0.571748,0.529348,0.438989,0.358248,0.304777,0.462648,0.573879,0.479969,0.21883,0.512152,0.494688,0.446678,0.548119,0.485848,0.546552,0.433792,0.636776,0.598555,0.430051,0.611909,0.556158,0.526981,0.50192,0.534553,0.605833,0.438682,0.527909,0.235205,0.355439,0.47014,0.539877,0.501222,0.525613,0.502129,0.5618,0.526719,0.225694,0.490925,0.499938,0.437141,0.590774,0.374706,0.38085,0.599409,0.676223,0.509073,0.197213,0.149909,0.436112,0.470968,0.409789,0.314098,0.288071
0.385805,0.346919,0.369968,0.371398,0.303555,0.348397,0.365254,0.320415,0.365761,0.487391,0.439971,0.402861,0.376873,0.369616,0.312654,0.322628,0.34619,0.402011,0.461662,0.408597,0.385601,0.311073,0.450973,0.469647,0.406547,0.470439,0.377169,0.353748,0.424249,1,0.192548,0.357586,0.451419,0.498743,0.490478,0.462394,0.361183,0.377398,0.402462,0.421969,0.193178,0.402096,0.432593,0.34539,0.497717,0.430459,0.44953,0.465134,0.4218,0.494782,0.41412,0.548636,0.536557,0.461338,0.444128,0.400165,0.448332,0.35164,0.466311,0.349297,0.217214,0.447847,0.432742,0.419865,0.473382,0.42561,0.604946,0.493615,0.173701,0.319131,0.436207,0.31365,0.153253,0.448593,0.283525,0.463458,0.420394,0.27827,0.0565953,0.171858,0.381232,0.426228,0.455666,0.593049,0.406148
0.298942,0.262211,0.387809,0.528314,0.400543,0.298689,0.0829403,0.366902,0.179681,0.507381,0.545219,0.279436,0.436081,0.197089,0.185365,0.157312,0.307456,0.264653,0.493468,0.373529,0.378863,0.37541,0.403439,0.545307,0.492044,0.282133,0.2986,0.379337,0.10313,0.192548,1,0.424938,0.460947,0.455943,0.227668,0.356568,0.180032,0.228709,0.249824,0.274088,0.476631,0.251852,0.318306,0.165933,0.427393,0.440353,0.354706,0.342733,0.21063,0.282796,0.428795,0.461818,0.503015,0.297316,0.384051,0.119935,0.275534,0.193049,0.410328,0.249903,0.43337,0.366426,0.293574,0.358949,0.439489,0.254318,0.281258,0.515017,0.345549,0.380479,0.395826,0.448509,0.209707,0.433094,0.406759,0.373277,0.366057,0.473716,0.170702,0.161469,0.307742,0.467047,0.252111,0.285165,0.360113
0.452405,0.302193,0.418454,0.496253,0.428154,0.418833,0.149124,0.506871,0.351756,0.583855,0.631019,0.502291,0.418475,0.279791,0.301986,0.17048,0.278585,0.450637,0.603518,0.522253,0.490393,0.288967,0.466842,0.661112,0.38449,0.545829,0.419654,0.446576,0.1116,0.357586,0.424938,1,0.51624,0.450518,0.454378,0.369511,0.542904,0.413182,0.333387,0.371129,0.439539,0.371675,0.525734,0.252857,0.568716,0.493603,0.482981,0.504951,0.355648,0.470426,0.412678,0.525868,0.634709,0.387391,0.505384,0.234759,0.379895,0.279482,0.550329,0.419418,0.49781,0.514129,0.391101,0.497705,0.48479,0.45506,0.443459,0.663542,0.435709,0.52243,0.499671,0.566937,0.138168,0.260247,0.620805,0.476472,0.423894,0.343848,0.274537,0.314278,0.392508,0.484957,0.296129,0.367156,0.520413
0.821,0.763137,0.830809,0.736811,0.712093,0.728431,0.68342,0.74297,0.695371,0.632173,0.678391,0.585575,0.753385,0.769243,0.648089,0.669251,0.642804,0.764909,0.857268,0.871641,0.86566,0.624524,0.792811,0.836828,0.60362,0.625997,0.771405,0.632152,0.571748,0.451419,0.460947,0.51624,1,0.815573,0.57289,0.628244,0.45638,0.587075,0.771766,0.7799,0.538267,0.60807,0.819711,0.701854,0.84276,0.838281,0.800974,0.800901,0.728174,0.769374,0.715365,0.757552,0.797216,0.653711,0.773009,0.713297,0.721675,0.711228,0.822546,0.445959,0.646859,0.759093,0.84543,0.828908,0.850032,0.575028,0.734652,0.796184,0.601066,0.773033,0.854174,0.736644,0.634982,0.416424,0.685177,0.793635,0.835769,0.700679,0.219096,0.527642,0.589371,0.817004,0.742131,0.526047,0.699536
0.854801,0.786165,0.900199,0.862494,0.744601,0.777836,0.631238,0.739821,0.74424,0.730596,0.750931,0.574291,0.775981,0.7137,0.671569,0.658552,0.719657,0.726164,0.863318,0.842721,0.893271,0.721405,0.882746,0.849245,0.72238,0.702845,0.890205,0.778604,0.529348,0.498743,0.455943,0.450518,0.815573,1,0.749188,0.522977,0.440398,0.681129,0.88841,0.817084,0.68462,0.773279,0.856536,0.68912,0.903262,0.899747,0.813049,0.884272,0.741108,0.822041,0.638867,0.76239,0.839797,0.756246,0.788733,0.757679,0.726037,0.667095,0.831214,0.525389,0.56429,0.844237,0.838918,0.835959,0.920324,0.6756,0.840656,0.816559,0.681969,0.783545,0.874863,0.747227,0.589719,0.50691,0.675243,0.879413,0.830685,0.715649,0.196547,0.378048,0.693802,0.936563,0.797973,0.567576,0.724712
0.613223,0.534062,0.625725,0.67692,0.599471,0.575731,0.38338,0.599533,0.492379,0.540958,0.641141,0.397288,0.478585,0.396631,0.586719,0.399791,0.477644,0.515139,0.65211,0.651306,0.73388,0.500498,0.584563,0.634592,0.487398,0.611857,0.682561,0.449675,0.438989,0.490478,0.227668,0.454378,0.57289,0.749188,1,0.42196,0.332708,0.599054,0.658674,0.578727,0.47103,0.608678,0.616176,0.417838,0.653524,0.690105,0.597648,0.665877,0.541716,0.680176,0.380757,0.631489,0.670429,0.490601,0.545805,0.487354,0.535236,0.420903,0.601346,0.33585,0.321066,0.635879,0.624448,0.659624,0.706157,0.458336,0.625286,0.608137,0.627084,0.695402,0.589553,0.603026,0.464926,0.293335,0.659126,0.650799,0.595146,0.515086,0.294623,0.236811,0.498308,0.677252,0.540564,0.520416,0.607368
0.396341,0.347086,0.432575,0.519693,0.626877,0.499417,0.476359,0.431581,0.481302,0.361239,0.338908,0.360875,0.354116,0.408414,0.479513,0.158096,0.199403,0.427112,0.531452,0.557086,0.524521,0.423833,0.5208,0.592988,0.270862,0.570253,0.550835,0.405545,0.358248,0.462394,0.356568,0.369511,0.628244,0.522977,0.42196,1,0.260258,0.421828,0.435239,0.434264,0.340016,0.30537,0.561323,0.307747,0.572487,0.530094,0.694764,0.504483,0.49103,0.465154,0.406289,0.391333,0.546972,0.358653,0.35626,0.343004,0.389477,0.227145,0.458693,0.497066,0.350368,0.623491,0.536236,0.560216,0.580117,0.244538,0.493386,0.571417,0.408678,0.63696,0.567349,0.594846,0.212275,0.283318,0.316994,0.454046,0.472979,0.319899,0.258074,0.57053,0.516513,0.57017,0.479849,0.682639,0.553515
0.27719,0.143828,0.23345,0.349793,0.183906,0.300213,0.177279,0.461471,0.240162,0.377395,0.435681,0.418815,0.31325,0.154924,0.150198,0.0685753,0.186143,0.292887,0.466856,0.409582,0.370075,0.112305,0.423946,0.523848,0.228607,0.427882,0.400918,0.392694,0.304777,0.361183,0.180032,0.542904,0.45638,0.440398,0.332708,0.260258,1,0.377174,0.221655,0.257463,0.261509,0.169038,0.340565,0.155396,0.336054,0.287728,0.414767,0.404793,0.243638,0.418277,0.302388,0.370657,0.360332,0.344727,0.318622,0.189584,0.332494,0.140737,0.320861,0.304382,0.30973,0.439586,0.320258,0.327814,0.403925,0.303995,0.489885,0.514657,0.307219,0.409339,0.355984,0.334497,0.200066,0.26787,0.543078,0.455785,0.407001,0.201456,0.344581,0.415071,0.199376,0.337933,0.184198,0.412404,0.526221
0.721665,0.704558,0.664703,0.658013,0.690635,0.772114,0.662736,0.658434,0.535277,0.528162,0.679835,0.653053,0.718596,0.638766,0.750121,0.576843,0.676862,0.642663,0.594828,0.705276,0.74509,0.536584,0.683032,0.663535,0.503327,0.758202,0.764905,0.606934,0.462648,0.377398,0.228709,0.413182,0.587075,0.681129,0.599054,0.421828,0.377174,1,0.695486,0.743813,0.419357,0.521334,0.735659,0.682142,0.719724,0.687871,0.691673,0.681853,0.563175,0.605872,0.443473,0.665829,0.658442,0.6366,0.691687,0.687081,0.602604,0.619395,0.782824,0.475048,0.169203,0.66455,0.663797,0.701645,0.719835,0.555068,0.67924,0.608257,0.544751,0.536607,0.6282,0.746213,0.42291,0.483784,0.440216,0.72132,0.628738,0.441525,0.144127,0.379808,0.710204,0.718943,0.716391,0.39965,0.700547
0.914403,0.870797,0.941429,0.797278,0.776531,0.833792,0.736985,0.635374,0.783182,0.642061,0.688736,0.545525,0.795523,0.854875,0.750775,0.808324,0.819039,0.808004,0.799759,0.859835,0.923505,0.699217,0.841981,0.756573,0.63236,0.696186,0.864148,0.766474,0.573879,0.402462,0.249824,0.333387,0.771766,0.88841,0.658674,0.435239,0.221655,0.695486,1,0.854333,0.538663,0.846515,0.842625,0.7872,0.892488,0.861302,0.80706,0.85632,0.798371,0.777453,0.613222,0.773051,0.767747,0.773324,0.809151,0.8657,0.752555,0.800096,0.861786,0.492393,0.532884,0.760651,0.883296,0.878201,0.898023,0.753654,0.822578,0.705737,0.650393,0.736308,0.853024,0.712672,0.682968,0.504753,0.565848,0.845281,0.837002,0.723988,0.0902467,0.333108,0.662055,0.911277,0.868133,0.396166,0.654712
0.891902,0.910044,0.869618,0.77016,0.69461,0.75866,0.728264,0.720672,0.792474,0.560111,0.647326,0.445989,0.73511,0.851123,0.784256,0.823684,0.751169,0.772943,0.69665,0.799936,0.831206,0.820891,0.770543,0.70575,0.592304,0.560503,0.820457,0.601456,0.479969,0.421969,0.274088,0.371129,0.7799,0.817084,0.578727,0.434264,0.257463,0.743813,0.854333,1,0.512163,0.679235,0.855583,0.848863,0.862083,0.890629,0.663302,0.741298,0.608427,0.740011,0.615068,0.714439,0.792413,0.624715,0.834938,0.897049,0.726414,0.824364,0.877138,0.424558,0.452522,0.690446,0.824154,0.810093,0.81601,0.716376,0.738346,0.66541,0.569896,0.570957,0.797661,0.688234,0.560263,0.29695,0.489406,0.770665,0.744737,0.63711,0.0366593,0.21816,0.737117,0.842057,0.898233,0.410747,0.588285
0.588885,0.494105,0.621734,0.661618,0.613761,0.527692,0.308373,0.663305,0.415701,0.639117,0.445654,0.434649,0.555902,0.423975,0.366357,0.347552,0.439589,0.480687,0.662091,0.554359,0.562137,0.414808,0.615238,0.633818,0.628255,0.444725,0.641222,0.565789,0.21883,0.193178,0.476631,0.439539,0.538267,0.68462,0.47103,0.340016,0.261509,0.419357,0.538663,0.512163,1,0.53857,0.656864,0.455485,0.690724,0.71133,0.627294,0.691957,0.38205,0.576969,0.447309,0.578835,0.665986,0.544283,0.485432,0.426867,0.554766,0.373252,0.549075,0.341592,0.520251,0.611329,0.549053,0.490912,0.607512,0.293093,0.571121,0.63649,0.437422,0.513918,0.608537,0.618382,0.377983,0.368193,0.555116,0.546773,0.405361,0.388347,0.252527,0.324944,0.418003,0.673618,0.423954,0.344232,0.603578
0.762611,0.694925,0.797221,0.655754,0.609712,0.635079,0.469922,0.517979,0.665348,0.662128,0.62313,0.519645,0.684238,0.652949,0.585751,0.644897,0.667137,0.757452,0.72624,0.736088,0.758478,0.482183,0.770765,0.718652,0.655704,0.672506,0.752156,0.705148,0.512152,0.402096,0.251852,0.371675,0.60807,0.773279,0.608678,0.30537,0.169038,0.521334,0.846515,0.679235,0.53857,1,0.731819,0.596849,0.809921,0.759504,0.703477,0.72898,0.668321,0.754557,0.480781,0.720175,0.790335,0.745925,0.719526,0.654583,0.630093,0.62593,0.73329,0.449649,0.627772,0.621553,0.707763,0.747831,0.759147,0.69075,0.748942,0.71357,0.539446,0.637066,0.77456,0.648779,0.613892,0.417087,0.540371,0.671698,0.734041,0.794008,0.0327058,0.244876,0.568776,0.769352,0.595306,0.339846,0.423236
0.921244,0.876491,0.887742,0.781652,0.785626,0.851479,0.732184,0.779001,0.768694,0.690773,0.695039,0.594091,0.797339,0.845114,0.76845,0.749655,0.735652,0.815603,0.798307,0.803762,0.833841,0.663086,0.820327,0.818283,0.642556,0.73556,0.860447,0.772933,0.494688,0.432593,0.318306,0.525734,0.819711,0.856536,0.616176,0.561323,0.340565,0.735659,0.842625,0.855583,0.656864,0.731819,1,0.837432,0.947486,0.901097,0.828618,0.884094,0.791425,0.820505,0.643585,0.755934,0.838775,0.770663,0.84448,0.866888,0.731777,0.802877,0.912274,0.562111,0.578805,0.847235,0.795555,0.833497,0.832832,0.648821,0.739936,0.791038,0.725473,0.723471,0.861966,0.829133,0.555563,0.444397,0.629221,0.862977,0.781996,0.60778,0.154168,0.460041,0.771066,0.903179,0.821081,0.518077,0.664651
0.884685,0.944007,0.796015,0.571242,0.620947,0.801247,0.831137,0.639584,0.605718,0.552919,0.585291,0.490236,0.851626,0.934252,0.788567,0.94013,0.878197,0.795013,0.627806,0.703682,0.71917,0.640512,0.683252,0.577811,0.566988,0.471389,0.668823,0.630617,0.446678,0.34539,0.165933,0.252857,0.701854,0.68912,0.417838,0.307747,0.155396,0.682142,0.7872,0.848863,0.455485,0.596849,0.837432,1,0.771607,0.741493,0.6576,0.77272,0.653967,0.579711,0.573274,0.690071,0.640542,0.675661,0.793842,0.941734,0.721245,0.959432,0.848055,0.411867,0.419118,0.645417,0.706119,0.659675,0.673736,0.550191,0.639987,0.523758,0.48603,0.419745,0.702164,0.601558,0.491965,0.430383,0.375501,0.772555,0.680673,0.501453,-0.160263,0.26126,0.634034,0.714296,0.831435,0.224371,0.488676
0.90087,0.831669,0.912985,0.847383,0.800935,0.824689,0.662174,0.759027,0.805595,0.755394,0.744062,0.618305,0.809549,0.818723,0.721133,0.708031,0.742566,0.800564,0.867124,0.860176,0.886382,0.706888,0.886745,0.896831,0.720926,0.770332,0.899235,0.819923,0.548119,0.497717,0.427393,0.568716,0.84276,0.903262,0.653524,0.572487,0.336054,0.719724,0.892488,0.862083,0.690724,0.809921,0.947486,0.771607,1,0.941854,0.862208,0.893858,0.786001,0.869071,0.711547,0.842128,0.915163,0.811468,0.871223,0.816073,0.8037,0.749129,0.936237,0.560072,0.657903,0.862137,0.852433,0.882411,0.903658,0.732993,0.844269,0.872194,0.661667,0.765696,0.929712,0.810459,0.600144,0.48682,0.674613,0.86823,0.845061,0.710266,0.171609,0.421605,0.773326,0.943116,0.820299,0.56059,0.694523
0.881765,0.839802,0.916373,0.894689,0.807585,0.779667,0.645683,0.797326,0.809664,0.708601,0.719416,0.536566,0.738431,0.77241,0.761926,0.698028,0.691295,0.780713,0.842273,0.866267,0.887701,0.742664,0.863427,0.864828,0.731029,0.678405,0.888884,0.715813,0.485848,0.430459,0.440353,0.493603,0.838281,0.899747,0.690105,0.530094,0.287728,0.687871,0.861302,0.890629,0.71133,0.759504,0.901097,0.741493,0.941854,1,0.79392,0.856254,0.697221,0.851195,0.723081,0.795748,0.879856,0.708572,0.84243,0.793837,0.770205,0.713131,0.873011,0.408231,0.604379,0.793201,0.857195,0.892053,0.900733,0.654994,0.813369,0.855301,0.694887,0.722824,0.897887,0.801046,0.59936,0.337941,0.693188,0.839783,0.800756,0.696192,0.235573,0.404169,0.697401,0.924303,0.82893,0.512073,0.681065
0.754672,0.678106,0.778027,0.757381,0.817623,0.833342,0.691784,0.655346,0.662403,0.683824,0.633159,0.64927,0.747468,0.718982,0.654433,0.536719,0.623701,0.746526,0.862725,0.834098,0.840022,0.504184,0.866184,0.845248,0.629101,0.78768,0.848777,0.786651,0.546552,0.44953,0.354706,0.482981,0.800974,0.813049,0.597648,0.694764,0.414767,0.691673,0.80706,0.663302,0.627294,0.703477,0.828618,0.6576,0.862208,0.79392,1,0.87355,0.781786,0.74783,0.610357,0.720142,0.763777,0.755084,0.68348,0.680565,0.738579,0.599139,0.780858,0.586197,0.607207,0.845421,0.815603,0.809348,0.855819,0.503523,0.833142,0.817541,0.635051,0.805003,0.85543,0.813896,0.547243,0.565072,0.626174,0.797459,0.769168,0.622201,0.263734,0.631471,0.649435,0.844611,0.689208,0.583022,0.760525
0.894704,0.820693,0.892547,0.809563,0.774978,0.847486,0.704973,0.736415,0.711111,0.749778,0.721057,0.576995,0.793467,0.789372,0.735063,0.709895,0.774233,0.826034,0.86805,0.875988,0.881784,0.60088,0.841908,0.847312,0.656452,0.738734,0.83126,0.824387,0.433792,0.465134,0.342733,0.504951,0.800901,0.884272,0.665877,0.504483,0.404793,0.681853,0.85632,0.741298,0.691957,0.72898,0.884094,0.77272,0.893858,0.856254,0.87355,1,0.791195,0.759975,0.687882,0.809338,0.752114,0.762016,0.761334,0.778498,0.806644,0.745171,0.843534,0.579393,0.557803,0.840144,0.836605,0.823898,0.869904,0.589805,0.836103,0.810977,0.689265,0.744972,0.858787,0.787277,0.537269,0.547716,0.658297,0.868094,0.800555,0.585954,0.174353,0.578481,0.631299,0.880182,0.782855,0.471207,0.767537
0.766503,0.714673,0.779935,0.617279,0.681365,0.767493,0.67596,0.475748,0.651614,0.601115,0.621102,0.57887,0.664617,0.743557,0.624958,0.633476,0.645115,0.685709,0.77725,0.73485,0.778661,0.454685,0.705136,0.714644,0.517542,0.711946,0.708999,0.748257,0.636776,0.4218,0.21063,0.355648,0.728174,0.741108,0.541716,0.49103,0.243638,0.563175,0.798371,0.608427,0.38205,0.668321,0.791425,0.653967,0.786001,0.697221,0.781786,0.791195,1,0.73677,0.539477,0.663015,0.62783,0.713928,0.669229,0.732888,0.665518,0.65514,0.721448,0.628542,0.534096,0.705518,0.759531,0.738285,0.718318,0.607911,0.673269,0.686581,0.607976,0.71827,0.783675,0.653104,0.572847,0.512295,0.488452,0.765419,0.774732,0.613952,0.167433,0.404409,0.646947,0.743866,0.667986,0.448515,0.534004
0.77253,0.676124,0.803086,0.767969,0.624973,0.63813,0.458572,0.695896,0.745235,0.711696,0.648799,0.514399,0.628272,0.631748,0.55172,0.57399,0.575979,0.677585,0.821856,0.742914,0.79644,0.544649,0.800908,0.831746,0.644445,0.685599,0.843282,0.675655,0.598555,0.494782,0.282796,0.470426,0.769374,0.822041,0.680176,0.465154,0.418277,0.605872,0.777453,0.740011,0.576969,0.754557,0.820505,0.579711,0.869071,0.851195,0.74783,0.759975,0.73677,1,0.573198,0.752654,0.841381,0.719162,0.805185,0.680624,0.694875,0.586526,0.792702,0.413118,0.542449,0.694475,0.780294,0.825768,0.812082,0.642783,0.792878,0.839067,0.652122,0.770761,0.818706,0.682359,0.680679,0.324727,0.748386,0.762127,0.765653,0.685354,0.368269,0.39625,0.599214,0.82064,0.648247,0.606567,0.547918
0.644935,0.596042,0.686196,0.652208,0.536162,0.562713,0.590082,0.653748,0.595672,0.607124,0.669213,0.432491,0.599288,0.656052,0.497926,0.557047,0.563213,0.580457,0.623845,0.668827,0.641447,0.427207,0.702674,0.764505,0.71448,0.53983,0.614239,0.61666,0.430051,0.41412,0.428795,0.412678,0.715365,0.638867,0.380757,0.406289,0.302388,0.443473,0.613222,0.615068,0.447309,0.480781,0.643585,0.573274,0.711547,0.723081,0.610357,0.687882,0.539477,0.573198,1,0.727817,0.624328,0.611243,0.692015,0.629007,0.689644,0.6011,0.712044,0.256529,0.559758,0.699021,0.673971,0.724706,0.698509,0.623286,0.65593,0.719832,0.504454,0.521131,0.681065,0.616883,0.444745,0.361698,0.604177,0.711937,0.7583,0.457523,0.334331,0.423806,0.392339,0.697617,0.700903,0.345502,0.603375
0.797371,0.724353,0.773727,0.764084,0.675757,0.726815,0.521229,0.716403,0.585265,0.755145,0.841839,0.586736,0.798175,0.705669,0.637045,0.674209,0.792699,0.73492,0.803995,0.799741,0.80999,0.48683,0.711104,0.829423,0.666484,0.698026,0.685558,0.708674,0.611909,0.548636,0.461818,0.525868,0.757552,0.76239,0.631489,0.391333,0.370657,0.665829,0.773051,0.714439,0.578835,0.720175,0.755934,0.690071,0.842128,0.795748,0.720142,0.809338,0.663015,0.752654,0.727817,1,0.815502,0.723338,0.80735,0.697323,0.783306,0.713608,0.862001,0.441387,0.543119,0.709244,0.73494,0.774131,0.799565,0.723029,0.789608,0.785385,0.515136,0.637123,0.749911,0.655843,0.618067,0.589034,0.626238,0.813938,0.801213,0.616234,0.200548,0.340048,0.560854,0.780727,0.680435,0.418773,0.638842
0.775535,0.710413,0.781984,0.76505,0.674967,0.666151,0.496969,0.721975,0.684098,0.80347,0.741256,0.610649,0.758155,0.675178,0.637482,0.593867,0.635615,0.690795,0.831677,0.77798,0.800472,0.663048,0.843229,0.869942,0.713241,0.681662,0.805261,0.696427,0.556158,0.536557,0.503015,0.634709,0.797216,0.839797,0.670429,0.546972,0.360332,0.658442,0.767747,0.792413,0.665986,0.790335,0.838775,0.640542,0.915163,0.879856,0.763777,0.752114,0.62783,0.841381,0.624328,0.815502,1,0.766437,0.863193,0.669362,0.728191,0.617382,0.874941,0.460035,0.591389,0.73146,0.771515,0.807763,0.851776,0.673059,0.779824,0.879612,0.542167,0.709153,0.81085,0.770676,0.546213,0.412302,0.662983,0.773458,0.756405,0.733081,0.187049,0.320681,0.705192,0.843905,0.662711,0.567911,0.583672
