1,0.822743,0.968826,0.809359,0.753558,0.791789,0.54506,0.418581,0.630818,0.688796,0.828296,0.711706,0.753468,0.844406,0.682384,0.715958,0.711226,0.757981,0.66654,0.784824,0.898302,0.538494,0.645288,0.913792,0.614181,0.666367,0.762902,0.812972,0.608775,0.314118,0.446,0.590562,0.761537,0.64223,0.580589,0.578547,0.386987,0.397522,0.859932,0.699336,0.339102,0.718894,0.94721,0.716541,0.95111,0.839046,0.782678,0.734424,0.62575,0.551359,0.545886,0.550382,0.706023,0.70198,0.806623,0.820445,0.705016,0.655023,0.817799,0.588496,0.54632,0.683181,0.739999,0.897801,0.889691,0.596434,0.700524,0.89034,0.728952,0.733826,0.800968,0.700451,0.623895,0.524492,0.675242,0.650143,0.67969,0.427226,0.483428,0.39536,0.167409,0.884164,0.814449,0.201226,0.513056
0.822743,1,0.777723,0.611726,0.487007,0.566506,0.486026,0.313931,0.370254,0.561847,0.643108,0.556425,0.651138,0.730828,0.48597,0.735312,0.696037,0.554857,0.561137,0.647406,0.743636,0.508418,0.436962,0.64152,0.576009,0.600594,0.498299,0.588955,0.445669,0.0819507,0.391372,0.352339,0.632627,0.454074,0.478349,0.533374,0.257016,0.333195,0.635266,0.627182,0.278744,0.478184,0.755847,0.853424,0.744162,0.679244,0.670419,0.574866,0.456096,0.313298,0.455084,0.485643,0.631059,0.645827,0.727087,0.723396,0.641443,0.751916,0.712509,0.36997,0.378374,0.474412,0.614754,0.632633,0.718871,0.410342,0.609929,0.612969,0.523247,0.498217,0.646691,0.515968,0.537796,0.221703,0.485864,0.522039,0.519698,0.152663,0.493705,0.224518,0.0942159,0.65569,0.674085,0.247043,0.333417
0.968826,0.777723,1,0.784991,0.735113,0.752302,0.55241,0.415465,0.600161,0.664953,0.789052,0.71704,0.751968,0.860051,0.660018,0.677779,0.728837,0.736713,0.681775,0.787226,0.875486,0.482649,0.629074,0.897467,0.617723,0.597864,0.760477,0.827845,0.573185,0.260928,0.431071,0.556012,0.745694,0.616162,0.590033,0.527383,0.41304,0.428141,0.838974,0.700109,0.355426,0.676221,0.946193,0.678099,0.959292,0.851667,0.74885,0.669245,0.631077,0.541678,0.468599,0.508403,0.690048,0.7191,0.766714,0.812072,0.653349,0.604183,0.797149,0.583023,0.575284,0.742928,0.719843,0.86217,0.869879,0.572772,0.691945,0.874012,0.762211,0.772123,0.782338,0.742484,0.576602,0.489473,0.643167,0.650055,0.640184,0.494355,0.433482,0.422726,0.209083,0.876398,0.7971,0.142619,0.450786
0.809359,0.611726,0.784991,1,0.82257,0.677257,0.394285,0.504616,0.580597,0.62287,0.746648,0.635938,0.725166,0.726179,0.562488,0.529344,0.708175,0.555772,0.587134,0.824265,0.862044,0.48715,0.624009,0.810535,0.409572,0.704281,0.718137,0.648727,0.58201,0.490358,0.364902,0.501051,0.679042,0.470912,0.458881,0.537949,0.177337,0.465616,0.787463,0.606303,0.11707,0.584424,0.803064,0.535417,0.788848,0.771855,0.649532,0.705599,0.631297,0.519642,0.590837,0.661907,0.710532,0.615971,0.680543,0.684915,0.685603,0.480422,0.734993,0.574887,0.355407,0.630491,0.681802,0.869487,0.841176,0.649914,0.562493,0.818449,0.551167,0.629925,0.687897,0.640378,0.570456,0.571029,0.620811,0.555571,0.612445,0.47584,0.458767,0.239653,0.0928119,0.786002,0.657098,0.263356,0.409178
0.753558,0.487007,0.735113,0.82257,1,0.816707,0.404663,0.467069,0.577884,0.719094,0.776372,0.609574,0.611697,0.740311,0.498253,0.446352,0.592063,0.627786,0.546941,0.778149,0.799948,0.560206,0.626148,0.836367,0.34925,0.70759,0.68265,0.606269,0.665058,0.368298,0.39195,0.577175,0.632751,0.615286,0.374398,0.399016,0.216552,0.455145,0.720634,0.703284,0.222237,0.58976,0.771772,0.434767,0.802323,0.778278,0.670753,0.725618,0.58504,0.571487,0.681191,0.583135,0.64777,0.570449,0.646882,0.692139,0.603939,0.463685,0.705532,0.572664,0.4226,0.61323,0.672069,0.85493,0.803147,0.591133,0.528453,0.854118,0.553649,0.578335,0.73622,0.618582,0.556655,0.540594,0.649977,0.598124,0.618352,0.576331,0.355211,0.274389,0.201121,0.753035,0.699709,0.2351,0.471604
0.791789,0.566506,0.752302,0.677257,0.816707,1,0.2498,0.344947,0.47197,0.822999,0.817045,0.581413,0.587948,0.645962,0.607298,0.430532,0.553058,0.633488,0.419057,0.656392,0.752214,0.48296,0.708191,0.82436,0.437914,0.67304,0.699573,0.556339,0.67153,0.295462,0.4556,0.681313,0.638024,0.738108,0.409037,0.380666,0.462826,0.215218,0.700192,0.602122,0.266023,0.638629,0.748517,0.415716,0.809518,0.695647,0.645676,0.697831,0.398977,0.548832,0.701784,0.517154,0.558791,0.511693,0.672109,0.599131,0.634595,0.464294,0.653445,0.571508,0.348091,0.579231,0.60643,0.806282,0.765261,0.509017,0.644662,0.827589,0.49355,0.538772,0.729155,0.427588,0.437851,0.541707,0.595747,0.573619,0.562459,0.416122,0.379845,0.343975,0.105384,0.780999,0.754331,0.12494,0.526942
0.54506,0.486026,0.55241,0.394285,0.404663,0.2498,1,0.261987,0.343151,0.261623,0.425593,0.475225,0.475007,0.543682,0.399895,0.584819,0.371375,0.450343,0.707602,0.456757,0.49435,0.467538,0.150183,0.503341,0.255729,0.412756,0.392931,0.584973,0.53034,0.0936446,0.178853,0.260111,0.503187,0.151138,0.384214,0.303032,0.086108,0.37841,0.544264,0.470639,0.401585,0.35102,0.530962,0.474868,0.575157,0.569649,0.537985,0.468659,0.691278,0.477491,0.162721,0.179766,0.583699,0.56526,0.586366,0.692363,0.450816,0.637271,0.602948,0.317613,0.684828,0.30209,0.538025,0.520649,0.527084,0.496671,0.269634,0.527835,0.541669,0.471469,0.554156,0.571519,0.636997,0.285318,0.565182,0.547129,0.432415,0.437975,0.274835,0.243165,-0.00507313,0.517364,0.420608,0.369158,0.533559
0.418581,0.313931,0.415465,0.504616,0.467069,0.344947,0.261987,1,0.0696017,0.404965,0.395133,0.369945,0.411617,0.321732,0.395419,0.245305,0.430999,0.307949,0.203927,0.479391,0.474212,0.396808,0.438968,0.432715,-0.0536743,0.351921,0.478955,0.354897,0.283616,0.118495,0.204941,0.320958,0.378174,0.239719,0.409807,0.473714,0.230953,0.276358,0.437478,0.425512,0.14521,0.492552,0.413,0.309097,0.482032,0.539731,0.115194,0.401186,0.412618,0.58385,0.244853,0.493842,0.448126,0.517853,0.482707,0.42514,0.556625,0.285115,0.396596,0.239006,0.190993,0.253476,0.445085,0.52971,0.507525,0.362308,0.343012,0.451269,0.346718,0.396368,0.399806,0.34092,0.357217,0.347093,0.266662,0.273313,0.313178,0.289652,0.402098,0.0817244,0.0302359,0.471509,0.431284,0.253578,-0.00285551
0.630818,0.370254,0.600161,0.580597,0.577884,0.47197,0.343151,0.0696017,1,0.359499,0.573541,0.553703,0.532026,0.605833,0.387062,0.448703,0.371181,0.646406,0.504307,0.398004,0.589503,0.381861,0.37701,0.63523,0.311504,0.32251,0.430499,0.575828,0.355871,0.469761,0.0835363,0.353518,0.4817,0.259714,0.282692,0.349933,0.196856,0.39173,0.567306,0.467197,0.254475,0.352555,0.649296,0.422457,0.596025,0.476367,0.634173,0.512652,0.290493,0.274408,0.4632,0.354682,0.451725,0.398919,0.513356,0.562756,0.28384,0.401955,0.644022,0.427711,0.423127,0.594001,0.468713,0.605681,0.551227,0.59891,0.288759,0.613304,0.449224,0.444797,0.497457,0.575317,0.301152,0.323097,0.48766,0.350348,0.623348,0.474477,0.0535675,0.314209,0.075225,0.559131,0.578052,0.16052,0.54165
0.688796,0.561847,0.664953,0.62287,0.719094,0.822999,0.261623,0.404965,0.359499,1,0.728018,0.575123,0.649247,0.604212,0.635794,0.413058,0.513442,0.51013,0.36639,0.576183,0.600143,0.602825,0.664216,0.706913,0.275818,0.701979,0.615233,0.431213,0.598646,0.270076,0.433914,0.614538,0.509387,0.593607,0.180123,0.367429,0.466083,0.319589,0.608525,0.589285,0.14271,0.6169,0.647612,0.451486,0.701282,0.646638,0.565883,0.556501,0.4477,0.514435,0.566624,0.523976,0.6199,0.533048,0.631473,0.597938,0.64097,0.469564,0.653051,0.51396,0.397573,0.440551,0.476867,0.703205,0.687488,0.424947,0.562795,0.744032,0.456688,0.484514,0.713313,0.407532,0.52258,0.587959,0.515305,0.546959,0.36179,0.450459,0.418236,0.312659,0.0559678,0.65597,0.643469,0.128779,0.374959
0.828296,0.643108,0.789052,0.746648,0.776372,0.817045,0.425593,0.395133,0.573541,0.728018,1,0.678762,0.696986,0.691382,0.551024,0.58577,0.538279,0.69463,0.657101,0.657113,0.798488,0.577055,0.551898,0.811648,0.51245,0.71146,0.635367,0.666768,0.632108,0.364524,0.492699,0.583313,0.72348,0.67515,0.464135,0.512231,0.396661,0.16107,0.791519,0.701212,0.33717,0.529134,0.810782,0.560064,0.823628,0.731404,0.732375,0.664943,0.405514,0.57808,0.602706,0.627819,0.730535,0.591333,0.73937,0.716862,0.658598,0.580356,0.752413,0.685739,0.369829,0.548294,0.714045,0.806067,0.780152,0.62504,0.440076,0.799766,0.492813,0.627499,0.767268,0.485331,0.600231,0.596418,0.690968,0.648025,0.781239,0.463089,0.37935,0.280771,0.00627771,0.812533,0.824021,0.240486,0.534733
0.711706,0.556425,0.71704,0.635938,0.609574,0.581413,0.475225,0.369945,0.553703,0.575123,0.678762,1,0.914358,0.640871,0.629181,0.670701,0.602843,0.601272,0.647554,0.554208,0.741159,0.587487,0.372842,0.618303,0.369053,0.54566,0.531266,0.655389,0.410736,0.441051,0.351309,0.514233,0.742387,0.494138,0.374455,0.455723,0.520219,0.448508,0.76759,0.613585,0.258303,0.611082,0.764837,0.556587,0.704869,0.57066,0.60213,0.538644,0.475531,0.56878,0.270777,0.540851,0.742733,0.829767,0.835241,0.790192,0.396037,0.66384,0.828234,0.477052,0.521788,0.425709,0.68418,0.687372,0.733069,0.632369,0.444892,0.610052,0.49384,0.55015,0.570128,0.496183,0.386848,0.520713,0.703528,0.61323,0.602698,0.397871,0.254867,0.255346,0.0837741,0.752351,0.600416,0.0779011,0.518816
0.753468,0.651138,0.751968,0.725166,0.611697,0.587948,0.475007,0.411617,0.532026,0.649247,0.696986,0.914358,1,0.690564,0.696222,0.721873,0.716923,0.585122,0.644103,0.588876,0.763902,0.544493,0.421101,0.64456,0.453749,0.610006,0.594705,0.60099,0.491369,0.476153,0.428017,0.509849,0.728683,0.508735,0.347639,0.547324,0.456344,0.485518,0.809765,0.575577,0.174476,0.613416,0.768427,0.635805,0.720814,0.585341,0.626496,0.553387,0.541601,0.542503,0.328336,0.56156,0.778454,0.855959,0.864112,0.802914,0.529289,0.714888,0.835088,0.430268,0.487624,0.445328,0.658056,0.728944,0.735713,0.637607,0.515742,0.628544,0.536076,0.542161,0.599711,0.552395,0.46122,0.51965,0.686836,0.597685,0.551857,0.335904,0.300423,0.145684,0.0894624,0.778353,0.586379,0.108192,0.449295
0.844406,0.730828,0.860051,0.726179,0.740311,0.645962,0.543682,0.321732,0.605833,0.604212,0.691382,0.640871,0.690564,1,0.487367,0.707589,0.651668,0.691391,0.64595,0.726656,0.77287,0.516127,0.437242,0.775508,0.586092,0.573878,0.635824,0.665895,0.56585,0.216319,0.406901,0.438607,0.733193,0.545899,0.447218,0.447196,0.267625,0.428406,0.767377,0.796342,0.319734,0.495694,0.863979,0.746471,0.844539,0.753235,0.746264,0.636932,0.583156,0.500354,0.428583,0.509794,0.710749,0.631612,0.661903,0.86408,0.491375,0.638223,0.764537,0.409043,0.499375,0.648072,0.660956,0.714043,0.755584,0.510486,0.515507,0.734398,0.653474,0.607413,0.770287,0.736997,0.58775,0.372377,0.606989,0.620247,0.545098,0.477556,0.39562,0.233734,0.345421,0.761356,0.730071,0.250296,0.426402
0.682384,0.48597,0.660018,0.562488,0.498253,0.607298,0.399895,0.395419,0.387062,0.635794,0.551024,0.629181,0.696222,0.487367,1,0.451436,0.55349,0.516732,0.388511,0.581806,0.62946,0.444087,0.660961,0.688352,0.396661,0.564468,0.681503,0.550316,0.530883,0.325571,0.434663,0.494796,0.602712,0.488664,0.234251,0.567172,0.417034,0.434313,0.65745,0.361129,0.113501,0.731608,0.663571,0.336182,0.658035,0.545204,0.44987,0.488605,0.54939,0.611428,0.317427,0.395492,0.532298,0.691474,0.688747,0.635596,0.629258,0.481635,0.56753,0.490821,0.472477,0.389433,0.417427,0.723399,0.691354,0.43158,0.614919,0.690969,0.527438,0.57427,0.561036,0.414123,0.35971,0.526265,0.597203,0.479907,0.324397,0.362672,0.230576,0.312809,0.0161529,0.729853,0.49787,0.0531237,0.404004
0.715958,0.735312,0.677779,0.529344,0.446352,0.430532,0.584819,0.245305,0.448703,0.413058,0.58577,0.670701,0.721873,0.707589,0.451436,1,0.554633,0.603196,0.644198,0.473417,0.663272,0.54317,0.203414,0.493822,0.446095,0.534359,0.429254,0.657011,0.413901,0.395362,0.255264,0.448668,0.658775,0.493569,0.317185,0.35285,0.264161,0.348056,0.756987,0.648993,0.102014,0.438995,0.655292,0.778021,0.652676,0.531587,0.518141,0.494612,0.495974,0.460163,0.281812,0.426066,0.692443,0.597383,0.670391,0.760331,0.471226,0.876383,0.737494,0.297558,0.372248,0.362173,0.646108,0.615469,0.630764,0.600943,0.37523,0.447778,0.586493,0.51201,0.535102,0.544177,0.564011,0.354825,0.497125,0.596599,0.579362,0.174441,0.394082,0.122047,0.201908,0.696705,0.597219,0.186764,0.443603
0.711226,0.696037,0.728837,0.708175,0.592063,0.553058,0.371375,0.430999,0.371181,0.513442,0.538279,0.602843,0.716923,0.651668,0.55349,0.554633,1,0.628948,0.516064,0.754482,0.764426,0.456534,0.536491,0.629071,0.415519,0.578334,0.600081,0.596481,0.363521,0.114845,0.43582,0.462164,0.615346,0.424555,0.459865,0.391495,0.175423,0.40795,0.673431,0.47647,0.349607,0.426859,0.679882,0.656402,0.701409,0.629488,0.560131,0.637366,0.479909,0.413633,0.560072,0.608349,0.641513,0.710711,0.716282,0.662732,0.576023,0.639875,0.67103,0.369382,0.425349,0.604714,0.707723,0.692062,0.720061,0.452503,0.678878,0.627994,0.48261,0.383564,0.562791,0.486682,0.387968,0.270109,0.477948,0.552775,0.45965,0.303574,0.26707,0.152204,0.236843,0.646337,0.591562,0.0699863,0.251805
0.757981,0.554857,0.736713,0.555772,0.627786,0.633488,0.450343,0.307949,0.646406,0.51013,0.69463,0.601272,0.585122,0.691391,0.516732,0.603196,0.628948,1,0.567622,0.571984,0.711444,0.555518,0.449061,0.720697,0.471167,0.429868,0.563574,0.737468,0.46423,0.131442,0.425815,0.530814,0.580122,0.597667,0.480365,0.399387,0.342042,0.23772,0.733491,0.554816,0.501996,0.481095,0.709702,0.591229,0.752165,0.627921,0.698379,0.619989,0.349,0.451286,0.562937,0.441367,0.544793,0.559567,0.708625,0.722882,0.479141,0.597854,0.745945,0.500274,0.442376,0.571634,0.724268,0.700175,0.702709,0.518559,0.495347,0.681242,0.514568,0.468336,0.691547,0.495179,0.457107,0.437414,0.561297,0.62379,0.663848,0.469985,0.135499,0.274438,0.163303,0.667813,0.655062,0.227091,0.468864
0.66654,0.561137,0.681775,0.587134,0.546941,0.419057,0.707602,0.203927,0.504307,0.36639,0.657101,0.647554,0.644103,0.64595,0.388511,0.644198,0.516064,0.567622,1,0.634932,0.714153,0.479081,0.139388,0.616169,0.477035,0.578932,0.450613,0.70032,0.552904,0.284495,0.401456,0.382198,0.741525,0.435765,0.441676,0.361374,0.12111,0.380224,0.667471,0.620188,0.431862,0.368597,0.67068,0.579447,0.699049,0.678341,0.584709,0.518781,0.566266,0.475163,0.342732,0.535037,0.793896,0.661071,0.688853,0.717367,0.409439,0.649538,0.757603,0.613467,0.523908,0.5571,0.806453,0.650015,0.733148,0.58976,0.263232,0.634115,0.577336,0.549381,0.624011,0.687083,0.711954,0.344308,0.644371,0.724345,0.717039,0.537831,0.196351,0.156287,0.123547,0.662267,0.599157,0.202381,0.487707
0.784824,0.647406,0.787226,0.824265,0.778149,0.656392,0.456757,0.479391,0.398004,0.576183,0.657113,0.554208,0.588876,0.726656,0.581806,0.473417,0.754482,0.571984,0.634932,1,0.872212,0.512369,0.574828,0.813964,0.480519,0.691207,0.639758,0.615088,0.520428,0.162867,0.531081,0.479671,0.699924,0.563561,0.483349,0.477946,0.15823,0.457528,0.731749,0.638303,0.317969,0.574984,0.751486,0.504358,0.781076,0.84749,0.59758,0.595892,0.616032,0.576622,0.564666,0.670498,0.694219,0.624856,0.634745,0.672996,0.638463,0.477541,0.659116,0.64732,0.456036,0.682195,0.722493,0.844841,0.860698,0.514905,0.586185,0.829411,0.685541,0.680467,0.728128,0.684737,0.594468,0.381657,0.577803,0.61987,0.569464,0.544623,0.340679,0.171883,0.237745,0.747528,0.651208,0.208495,0.317845
0.898302,0.743636,0.875486,0.862044,0.799948,0.752214,0.49435,0.474212,0.589503,0.600143,0.798488,0.741159,0.763902,0.77287,0.62946,0.663272,0.764426,0.711444,0.714153,0.872212,1,0.523209,0.596166,0.855601,0.569267,0.691559,0.692756,0.73064,0.635808,0.377943,0.481028,0.584014,0.828439,0.663122,0.591759,0.58232,0.269635,0.421769,0.840394,0.696542,0.329405,0.66356,0.88285,0.6146,0.877199,0.850477,0.740528,0.723427,0.588104,0.572151,0.621407,0.62572,0.747161,0.75697,0.821474,0.794272,0.683272,0.649633,0.818506,0.60939,0.476536,0.685696,0.826372,0.911955,0.9262,0.666916,0.658122,0.851596,0.695287,0.704587,0.723208,0.690108,0.597279,0.466749,0.715236,0.682416,0.757551,0.451135,0.350618,0.250393,0.160716,0.896729,0.768572,0.214961,0.531864
0.538494,0.508418,0.482649,0.48715,0.560206,0.48296,0.467538,0.396808,0.381861,0.602825,0.577055,0.587487,0.544493,0.516127,0.444087,0.54317,0.456534,0.555518,0.479081,0.512369,0.523209,1,0.382685,0.527257,0.0016505,0.658418,0.45169,0.456903,0.435316,0.194016,0.374033,0.387967,0.565898,0.308713,0.192227,0.382534,0.164142,0.241096,0.510634,0.566461,0.36192,0.516728,0.484812,0.506478,0.565194,0.597703,0.379567,0.572207,0.459582,0.504386,0.436585,0.57803,0.658709,0.502894,0.609156,0.659631,0.356341,0.598936,0.699702,0.358267,0.277621,0.353278,0.603683,0.58265,0.585236,0.516931,0.270051,0.549991,0.337504,0.406809,0.70895,0.32595,0.536857,0.452464,0.431259,0.392681,0.503546,0.487629,0.265882,0.178335,-0.196791,0.469113,0.524935,0.26209,0.335213
0.645288,0.436962,0.629074,0.624009,0.626148,0.708191,0.150183,0.438968,0.37701,0.664216,0.551898,0.372842,0.421101,0.437242,0.660961,0.203414,0.536491,0.449061,0.139388,0.574828,0.596166,0.382685,1,0.707943,0.202008,0.523097,0.692783,0.45303,0.477641,0.267464,0.211165,0.455814,0.423682,0.385918,0.344181,0.395331,0.223995,0.318069,0.429065,0.331963,0.100106,0.604895,0.649149,0.263576,0.649502,0.654072,0.421379,0.583527,0.45332,0.41566,0.561541,0.407983,0.321623,0.469857,0.470492,0.477484,0.70189,0.246827,0.410582,0.396944,0.293533,0.474086,0.339171,0.703761,0.634111,0.403729,0.701779,0.727449,0.46034,0.513648,0.530901,0.33457,0.251814,0.442811,0.368468,0.277432,0.324411,0.321806,0.339101,0.405476,-0.0366156,0.626193,0.610759,-0.0769764,0.28192
0.913792,0.64152,0.897467,0.810535,0.836367,0.82436,0.503341,0.432715,0.63523,0.706913,0.811648,0.618303,0.64456,0.775508,0.688352,0.493822,0.629071,0.720697,0.616169,0.813964,0.855601,0.527257,0.707943,1,0.51144,0.663811,0.838162,0.742329,0.655438,0.284272,0.450037,0.542559,0.715736,0.605592,0.50852,0.566389,0.33388,0.393534,0.789136,0.595213,0.418202,0.71482,0.884771,0.489683,0.91965,0.860101,0.762318,0.748743,0.610381,0.598305,0.638261,0.547747,0.619462,0.633653,0.752441,0.73179,0.729625,0.509972,0.766264,0.692048,0.522347,0.734004,0.680344,0.91858,0.898367,0.590404,0.620681,0.97202,0.707069,0.764309,0.862167,0.675074,0.587049,0.57701,0.72176,0.594977,0.665589,0.574177,0.444486,0.441974,0.113332,0.83488,0.785101,0.205293,0.533282
0.614181,0.576009,0.617723,0.409572,0.34925,0.437914,0.255729,-0.0536743,0.311504,0.275818,0.51245,0.369053,0.453749,0.586092,0.396661,0.446095,0.415519,0.471167,0.477035,0.480519,0.569267,0.0016505,0.202008,0.51144,1,0.267572,0.386378,0.480354,0.342675,0.0444037,0.442535,0.327951,0.493009,0.599284,0.390319,0.420525,0.233407,0.1283,0.512382,0.39295,0.16003,0.285539,0.61361,0.480951,0.545603,0.420365,0.640013,0.284444,0.277902,0.100865,0.177116,0.164434,0.346282,0.408829,0.415807,0.477633,0.355164,0.307746,0.377984,0.366529,0.262257,0.369799,0.377381,0.429868,0.49376,0.121549,0.524665,0.423781,0.429054,0.380883,0.37954,0.362007,0.344002,0.173225,0.528321,0.475507,0.321311,0.085939,0.104724,0.156286,0.295063,0.551332,0.399164,0.0391612,0.272295
0.666367,0.600594,0.597864,0.704281,0.70759,0.67304,0.412756,0.351921,0.32251,0.701979,0.71146,0.54566,0.610006,0.573878,0.564468,0.534359,0.578334,0.429868,0.578932,0.691207,0.691559,0.658418,0.523097,0.663811,0.267572,1,0.585813,0.516221,0.667736,0.447723,0.544545,0.429962,0.615887,0.458814,0.112514,0.434137,0.129093,0.371124,0.608909,0.526583,0.177995,0.551109,0.612749,0.53504,0.642017,0.626673,0.473023,0.689281,0.57382,0.554426,0.640291,0.699241,0.768324,0.544877,0.644176,0.625385,0.611285,0.584307,0.650479,0.556332,0.262538,0.428054,0.658186,0.75112,0.738426,0.57656,0.41181,0.709089,0.40215,0.50517,0.679983,0.402061,0.711565,0.575354,0.633831,0.635526,0.568655,0.397226,0.494479,0.220046,0.0869749,0.631474,0.570703,0.206959,0.430341
0.762902,0.498299,0.760477,0.718137,0.68265,0.699573,0.392931,0.478955,0.430499,0.615233,0.635367,0.531266,0.594705,0.635824,0.681503,0.429254,0.600081,0.563574,0.450613,0.639758,0.692756,0.45169,0.692783,0.838162,0.386378,0.585813,1,0.605519,0.573284,0.222843,0.364026,0.4328,0.693539,0.477196,0.511391,0.453697,0.207773,0.338756,0.669889,0.446051,0.309759,0.626523,0.77461,0.442452,0.811275,0.695615,0.576141,0.731657,0.622731,0.639436,0.523753,0.484878,0.533404,0.649856,0.677944,0.637198,0.705305,0.448888,0.604516,0.391435,0.377609,0.592385,0.605705,0.767802,0.770308,0.478474,0.626972,0.787804,0.638001,0.674607,0.774881,0.544334,0.477005,0.554398,0.612533,0.410908,0.517654,0.403751,0.476132,0.354239,0.109115,0.727766,0.666496,0.0630948,0.371319
0.812972,0.588955,0.827845,0.648727,0.606269,0.556339,0.584973,0.354897,0.575828,0.431213,0.666768,0.655389,0.60099,0.665895,0.550316,0.657011,0.596481,0.737468,0.70032,0.615088,0.73064,0.456903,0.45303,0.742329,0.480354,0.516221,0.605519,1,0.449875,0.32383,0.336375,0.544963,0.608262,0.423821,0.436426,0.405107,0.322836,0.408589,0.71843,0.585909,0.312023,0.592569,0.772746,0.590413,0.823603,0.686124,0.613205,0.612562,0.57869,0.498713,0.375903,0.428789,0.625852,0.597332,0.681839,0.714822,0.524776,0.57015,0.738475,0.61492,0.504266,0.604012,0.704792,0.764617,0.789802,0.52361,0.555477,0.739936,0.558113,0.601798,0.615027,0.599163,0.556819,0.531017,0.63018,0.668519,0.605406,0.482835,0.325601,0.516456,0.193958,0.729766,0.664415,0.131049,0.500103
0.608775,0.445669,0.573185,0.58201,0.665058,0.67153,0.53034,0.283616,0.355871,0.598646,0.632108,0.410736,0.491369,0.56585,0.530883,0.413901,0.363521,0.46423,0.552904,0.520428,0.635808,0.435316,0.477641,0.655438,0.342675,0.667736,0.573284,0.449875,1,0.32759,0.461693,0.409731,0.605023,0.488003,0.299882,0.419212,0.112034,0.252492,0.550583,0.494319,0.224225,0.494738,0.574943,0.309075,0.63164,0.629841,0.563456,0.602321,0.544288,0.503249,0.518697,0.301768,0.624235,0.528189,0.607775,0.615876,0.571059,0.454311,0.601474,0.409977,0.3934,0.379598,0.558379,0.665437,0.616628,0.486896,0.393721,0.696321,0.447744,0.481013,0.577995,0.459988,0.673288,0.558774,0.693508,0.652523,0.502664,0.443235,0.319779,0.171003,-0.0238112,0.660138,0.484742,0.393876,0.543036
0.314118,0.0819507,0.260928,0.490358,0.368298,0.295462,0.0936446,0.118495,0.469761,0.270076,0.364524,0.441051,0.476153,0.216319,0.325571,0.395362,0.114845,0.131442,0.284495,0.162867,0.377943,0.194016,0.267464,0.284272,0.0444037,0.447723,0.222843,0.32383,0.32759,1,0.0199071,0.304507,0.305978,0.240658,-0.118219,0.279008,0.116806,0.278954,0.374654,0.182279,-0.386973,0.440791,0.323673,0.0871268,0.275554,0.244031,0.154926,0.327833,0.322288,0.274978,0.205213,0.298425,0.346229,0.214812,0.259746,0.284478,0.209612,0.219719,0.339952,0.251545,0.00320798,0.170966,0.200178,0.482492,0.356222,0.541151,0.131055,0.322848,0.212329,0.372673,0.140385,0.267587,0.237567,0.521249,0.355603,0.247027,0.355622,0.224615,0.190604,0.217669,-0.0542577,0.458297,0.274499,-0.00294564,0.468786
0.446,0.391372,0.431071,0.364902,0.39195,0.4556,0.178853,0.204941,0.0835363,0.433914,0.492699,0.351309,0.428017,0.406901,0.434663,0.255264,0.43582,0.425815,0.401456,0.531081,0.481028,0.374033,0.211165,0.450037,0.442535,0.544545,0.364026,0.336375,0.461693,0.0199071,1,0.285378,0.459068,0.48373,0.114509,0.34744,0.218022,0.0929042,0.47979,0.316325,0.318415,0.42522,0.374149,0.36913,0.425385,0.377511,0.385457,0.280408,0.310816,0.402054,0.344509,0.455105,0.530665,0.433456,0.510114,0.442437,0.276718,0.295809,0.419984,0.441902,0.138914,0.368431,0.473038,0.442727,0.450164,0.24043,0.338391,0.441861,0.223117,0.302841,0.509271,0.28709,0.413714,0.429181,0.484422,0.51697,0.327461,0.282725,0.00188461,-0.0715952,0.123068,0.379578,0.228796,0.177163,0.113541
0.590562,0.352339,0.556012,0.501051,0.577175,0.681313,0.260111,0.320958,0.353518,0.614538,0.583313,0.514233,0.509849,0.438607,0.494796,0.448668,0.462164,0.530814,0.382198,0.479671,0.584014,0.387967,0.455814,0.542559,0.327951,0.429962,0.4328,0.544963,0.409731,0.304507,0.285378,1,0.490777,0.571307,0.363559,0.358799,0.564757,0.254641,0.652497,0.580153,0.0538141,0.539189,0.501766,0.320126,0.624978,0.533109,0.469756,0.419682,0.347436,0.421619,0.44861,0.349768,0.509152,0.420669,0.494262,0.507663,0.476308,0.440164,0.552957,0.427214,0.433596,0.420163,0.498171,0.645544,0.571484,0.372687,0.620764,0.582398,0.461656,0.291842,0.516319,0.360032,0.384656,0.399795,0.37631,0.493349,0.384411,0.312775,0.10913,0.376938,0.170492,0.648331,0.566184,0.00106695,0.510074
0.761537,0.632627,0.745694,0.679042,0.632751,0.638024,0.503187,0.378174,0.4817,0.509387,0.72348,0.742387,0.728683,0.733193,0.602712,0.658775,0.615346,0.580122,0.741525,0.699924,0.828439,0.565898,0.423682,0.715736,0.493009,0.615887,0.693539,0.608262,0.605023,0.305978,0.459068,0.490777,1,0.608226,0.546039,0.498638,0.233513,0.341335,0.760179,0.707443,0.405508,0.535746,0.807809,0.586907,0.795995,0.751865,0.627064,0.714097,0.536354,0.629974,0.370506,0.607732,0.767395,0.786161,0.783995,0.802476,0.530115,0.679259,0.777012,0.462213,0.449462,0.597022,0.791728,0.727558,0.817232,0.612897,0.489571,0.692226,0.623966,0.648049,0.708347,0.612055,0.537011,0.363394,0.696475,0.586216,0.680958,0.39642,0.245858,0.175202,0.122586,0.833066,0.768335,0.130022,0.480525
0.64223,0.454074,0.616162,0.470912,0.615286,0.738108,0.151138,0.239719,0.259714,0.593607,0.67515,0.494138,0.508735,0.545899,0.488664,0.493569,0.424555,0.597667,0.435765,0.563561,0.663122,0.308713,0.385918,0.605592,0.599284,0.458814,0.477196,0.423821,0.488003,0.240658,0.48373,0.571307,0.608226,1,0.334015,0.330727,0.410442,0.105413,0.667124,0.559683,0.1537,0.525584,0.621202,0.339265,0.654406,0.58991,0.520981,0.486519,0.231887,0.411171,0.37882,0.396557,0.415311,0.429748,0.524773,0.528476,0.466076,0.411123,0.503815,0.46718,0.245352,0.364717,0.546438,0.641138,0.626663,0.332484,0.508583,0.580015,0.508212,0.531542,0.527105,0.410746,0.365894,0.356149,0.470945,0.576469,0.47168,0.278193,0.132618,0.131325,0.257889,0.702808,0.607015,0.0186164,0.287143
0.580589,0.478349,0.590033,0.458881,0.374398,0.409037,0.384214,0.409807,0.282692,0.180123,0.464135,0.374455,0.347639,0.447218,0.234251,0.317185,0.459865,0.480365,0.441676,0.483349,0.591759,0.192227,0.344181,0.50852,0.390319,0.112514,0.511391,0.436426,0.299882,-0.118219,0.114509,0.363559,0.546039,0.334015,1,0.348811,0.137429,-0.0458678,0.500434,0.443541,0.406274,0.283778,0.587951,0.372281,0.612855,0.582306,0.496206,0.424101,0.294224,0.358131,0.286044,0.241069,0.337375,0.493844,0.491053,0.463321,0.403528,0.317057,0.403084,0.192745,0.337876,0.397191,0.562269,0.44738,0.485387,0.256797,0.465327,0.472151,0.460897,0.393245,0.436337,0.422715,0.262745,0.094782,0.272836,0.257434,0.529187,0.191584,0.21744,0.180662,-0.0418357,0.551844,0.550318,0.168763,0.322735
0.578547,0.533374,0.527383,0.537949,0.399016,0.380666,0.303032,0.473714,0.349933,0.367429,0.512231,0.455723,0.547324,0.447196,0.567172,0.35285,0.391495,0.399387,0.361374,0.477946,0.58232,0.382534,0.395331,0.566389,0.420525,0.434137,0.453697,0.405107,0.419212,0.279008,0.34744,0.358799,0.498638,0.330727,0.348811,1,0.402856,0.283398,0.509837,0.415067,0.16056,0.562137,0.562025,0.407144,0.550173,0.555629,0.464265,0.406078,0.362033,0.336213,0.249219,0.381329,0.407341,0.547218,0.533362,0.569698,0.504038,0.344416,0.496457,0.318683,0.241636,0.316917,0.33611,0.555866,0.548837,0.387686,0.433994,0.529963,0.364872,0.474411,0.517129,0.374033,0.34586,0.268883,0.494284,0.203205,0.405494,0.170731,0.236253,0.254769,-0.147056,0.56287,0.421483,0.297292,0.275381
0.386987,0.257016,0.41304,0.177337,0.216552,0.462826,0.086108,0.230953,0.196856,0.466083,0.396661,0.520219,0.456344,0.267625,0.417034,0.264161,0.175423,0.342042,0.12111,0.15823,0.269635,0.164142,0.223995,0.33388,0.233407,0.129093,0.207773,0.322836,0.112034,0.116806,0.218022,0.564757,0.233513,0.410442,0.137429,0.402856,1,0.17653,0.474364,0.353107,0.0568247,0.418057,0.368987,0.223018,0.404986,0.225069,0.295838,0.0973133,-0.00458773,0.304537,0.0463241,0.190052,0.252736,0.332984,0.394608,0.346508,0.240035,0.236379,0.401058,0.35846,0.329832,0.155584,0.157585,0.310623,0.305516,0.261003,0.345623,0.313476,0.249329,0.286048,0.314581,0.183057,0.0201253,0.23878,0.276141,0.301186,0.16602,0.174154,0.0870584,0.288236,0.117281,0.416048,0.338957,0.080171,0.222326
0.397522,0.333195,0.428141,0.465616,0.455145,0.215218,0.37841,0.276358,0.39173,0.319589,0.16107,0.448508,0.485518,0.428406,0.434313,0.348056,0.40795,0.23772,0.380224,0.457528,0.421769,0.241096,0.318069,0.393534,0.1283,0.371124,0.338756,0.408589,0.252492,0.278954,0.0929042,0.254641,0.341335,0.105413,-0.0458678,0.283398,0.17653,1,0.381389,0.403135,-0.0460554,0.390529,0.449636,0.399544,0.419014,0.425771,0.279736,0.337703,0.52338,0.214965,0.145873,0.291819,0.420297,0.5688,0.422445,0.466357,0.359424,0.372642,0.469663,0.260136,0.397659,0.36515,0.34139,0.470099,0.49253,0.392832,0.376946,0.426644,0.504746,0.371603,0.328131,0.632309,0.2846,0.0556323,0.324244,0.307908,0.161991,0.367095,0.0897441,0.207583,0.332826,0.347915,0.236162,0.00324925,0.0892389
0.859932,0.635266,0.838974,0.787463,0.720634,0.700192,0.544264,0.437478,0.567306,0.608525,0.791519,0.76759,0.809765,0.767377,0.65745,0.756987,0.673431,0.733491,0.667471,0.731749,0.840394,0.510634,0.429065,0.789136,0.512382,0.608909,0.669889,0.71843,0.550583,0.374654,0.47979,0.652497,0.760179,0.667124,0.500434,0.509837,0.474364,0.381389,1,0.699538,0.293289,0.594624,0.824853,0.612532,0.832624,0.704154,0.705171,0.639842,0.549393,0.65539,0.461219,0.606814,0.762286,0.692849,0.809137,0.791633,0.634269,0.700356,0.82641,0.6132,0.534718,0.588708,0.748232,0.842285,0.80548,0.712381,0.519438,0.754848,0.67237,0.672197,0.723422,0.665201,0.531431,0.542491,0.665113,0.704992,0.668673,0.423155,0.344528,0.235284,0.180844,0.853103,0.68241,0.313902,0.493858
0.699336,0.627182,0.700109,0.606303,0.703284,0.602122,0.470639,0.425512,0.467197,0.589285,0.701212,0.613585,0.575577,0.796342,0.361129,0.648993,0.47647,0.554816,0.620188,0.638303,0.696542,0.566461,0.331963,0.595213,0.39295,0.526583,0.446051,0.585909,0.494319,0.182279,0.316325,0.580153,0.707443,0.559683,0.443541,0.415067,0.353107,0.403135,0.699538,1,0.220525,0.397943,0.731898,0.669688,0.757073,0.72413,0.595096,0.531183,0.440438,0.530336,0.361834,0.568233,0.731867,0.570331,0.575108,0.786414,0.445607,0.607332,0.67803,0.405746,0.428955,0.497686,0.676148,0.621543,0.669005,0.494016,0.404138,0.612381,0.54096,0.518581,0.661988,0.679989,0.542843,0.23239,0.446206,0.545427,0.550385,0.450528,0.248019,0.215694,0.219763,0.683777,0.731491,0.302237,0.343121
0.339102,0.278744,0.355426,0.11707,0.222237,0.266023,0.401585,0.14521,0.254475,0.14271,0.33717,0.258303,0.174476,0.319734,0.113501,0.102014,0.349607,0.501996,0.431862,0.317969,0.329405,0.36192,0.100106,0.418202,0.16003,0.177995,0.309759,0.312023,0.224225,-0.386973,0.318415,0.0538141,0.405508,0.1537,0.406274,0.16056,0.0568247,-0.0460554,0.293289,0.220525,1,0.0733003,0.346683,0.288928,0.375524,0.351974,0.417279,0.431378,0.129002,0.225906,0.293937,0.281158,0.30849,0.339823,0.471381,0.34794,0.165934,0.324848,0.440545,0.326631,0.42885,0.454564,0.511684,0.241173,0.352958,0.279321,0.0962713,0.380425,0.225018,0.200017,0.46333,0.210844,0.249099,0.0448283,0.388568,0.3058,0.418037,0.267639,0.0301971,0.121086,-0.0183405,0.203054,0.362776,0.179894,0.174993
0.718894,0.478184,0.676221,0.584424,0.58976,0.638629,0.35102,0.492552,0.352555,0.6169,0.529134,0.611082,0.613416,0.495694,0.731608,0.438995,0.426859,0.481095,0.368597,0.574984,0.66356,0.516728,0.604895,0.71482,0.285539,0.551109,0.626523,0.592569,0.494738,0.440791,0.42522,0.539189,0.535746,0.525584,0.283778,0.562137,0.418057,0.390529,0.594624,0.397943,0.0733003,1,0.647323,0.316196,0.692908,0.641425,0.412626,0.528951,0.637757,0.508271,0.344411,0.355604,0.440373,0.562434,0.629675,0.573574,0.485133,0.373286,0.58129,0.429335,0.365912,0.427191,0.468884,0.777279,0.691189,0.404992,0.619095,0.741359,0.558914,0.624094,0.616326,0.518506,0.445701,0.588309,0.511689,0.398362,0.387332,0.407657,0.39663,0.374577,-0.0223433,0.681294,0.4953,0.0907216,0.455151
0.94721,0.755847,0.946193,0.803064,0.771772,0.748517,0.530962,0.413,0.649296,0.647612,0.810782,0.764837,0.768427,0.863979,0.663571,0.655292,0.679882,0.709702,0.67068,0.751486,0.88285,0.484812,0.649149,0.884771,0.61361,0.612749,0.77461,0.772746,0.574943,0.323673,0.374149,0.501766,0.807809,0.621202,0.587951,0.562025,0.368987,0.449636,0.824853,0.731898,0.346683,0.647323,1,0.694225,0.940485,0.829402,0.790707,0.750463,0.623629,0.562266,0.461393,0.564339,0.694467,0.762401,0.796883,0.858473,0.661075,0.607735,0.794579,0.555534,0.560724,0.669166,0.712208,0.841791,0.882176,0.613742,0.676617,0.85442,0.696592,0.744528,0.756164,0.715725,0.524689,0.460002,0.700005,0.617574,0.653345,0.448083,0.414315,0.393976,0.186581,0.885136,0.822158,0.174767,0.481346
0.716541,0.853424,0.678099,0.535417,0.434767,0.415716,0.474868,0.309097,0.422457,0.451486,0.560064,0.556587,0.635805,0.746471,0.336182,0.778021,0.656402,0.591229,0.579447,0.504358,0.6146,0.506478,0.263576,0.489683,0.480951,0.53504,0.442452,0.590413,0.309075,0.0871268,0.36913,0.320126,0.586907,0.339265,0.372281,0.407144,0.223018,0.399544,0.612532,0.669688,0.288928,0.316196,0.694225,1,0.657481,0.525331,0.559924,0.546516,0.474298,0.314887,0.363173,0.537699,0.687612,0.612847,0.662734,0.744981,0.466942,0.759469,0.689886,0.259433,0.345786,0.453982,0.646266,0.50299,0.618425,0.480216,0.486386,0.445334,0.43968,0.342885,0.585085,0.525859,0.554304,0.164086,0.412986,0.510231,0.498246,0.127144,0.389093,0.0605862,0.267884,0.554003,0.589005,0.228865,0.189487
0.95111,0.744162,0.959292,0.788848,0.802323,0.809518,0.575157,0.482032,0.596025,0.701282,0.823628,0.704869,0.720814,0.844539,0.658035,0.652676,0.701409,0.752165,0.699049,0.781076,0.877199,0.565194,0.649502,0.91965,0.545603,0.642017,0.811275,0.823603,0.63164,0.275554,0.425385,0.624978,0.795995,0.654406,0.612855,0.550173,0.404986,0.419014,0.832624,0.757073,0.375524,0.692908,0.940485,0.657481,1,0.900161,0.751281,0.779014,0.634277,0.596992,0.543615,0.55976,0.708727,0.734186,0.796976,0.848375,0.701843,0.633907,0.815846,0.573915,0.547319,0.709325,0.756584,0.88653,0.89991,0.588355,0.707944,0.90698,0.727563,0.739481,0.849386,0.731456,0.588709,0.483833,0.663513,0.640449,0.666458,0.563032,0.393227,0.474257,0.156793,0.877574,0.862061,0.186796,0.499735
0.839046,0.679244,0.851667,0.771855,0.778278,0.695647,0.569649,0.539731,0.476367,0.646638,0.731404,0.57066,0.585341,0.753235,0.545204,0.531587,0.629488,0.627921,0.678341,0.84749,0.850477,0.597703,0.654072,0.860101,0.420365,0.626673,0.695615,0.686124,0.629841,0.244031,0.377511,0.533109,0.751865,0.58991,0.582306,0.555629,0.225069,0.425771,0.704154,0.72413,0.351974,0.641425,0.829402,0.525331,0.900161,1,0.652884,0.708309,0.637804,0.555304,0.513922,0.589426,0.65876,0.665774,0.668137,0.76168,0.695828,0.521294,0.723079,0.567583,0.487945,0.686134,0.722406,0.862752,0.867679,0.566587,0.621521,0.877886,0.745398,0.778753,0.808917,0.745959,0.607722,0.395969,0.550595,0.562727,0.62422,0.612299,0.353499,0.4185,0.0231196,0.796207,0.795863,0.209756,0.414333
0.782678,0.670419,0.74885,0.649532,0.670753,0.645676,0.537985,0.115194,0.634173,0.565883,0.732375,0.60213,0.626496,0.746264,0.44987,0.518141,0.560131,0.698379,0.584709,0.59758,0.740528,0.379567,0.421379,0.762318,0.640013,0.473023,0.576141,0.613205,0.563456,0.154926,0.385457,0.469756,0.627064,0.520981,0.496206,0.464265,0.295838,0.279736,0.705171,0.595096,0.417279,0.412626,0.790707,0.559924,0.751281,0.652884,1,0.642643,0.393715,0.373842,0.517827,0.339543,0.539297,0.596437,0.716925,0.730265,0.586566,0.565745,0.732163,0.451608,0.585564,0.501454,0.590791,0.66695,0.697078,0.436754,0.565249,0.73671,0.518527,0.508644,0.698194,0.56302,0.454733,0.381452,0.720949,0.573088,0.570671,0.346918,0.256217,0.371806,0.131845,0.669987,0.672296,0.28122,0.647359
0.734424,0.574866,0.669245,0.705599,0.725618,0.697831,0.468659,0.401186,0.512652,0.556501,0.664943,0.538644,0.553387,0.636932,0.488605,0.494612,0.637366,0.619989,0.518781,0.595892,0.723427,0.572207,0.583527,0.748743,0.284444,0.689281,0.731657,0.612562,0.602321,0.327833,0.280408,0.419682,0.714097,0.486519,0.424101,0.406078,0.0973133,0.337703,0.639842,0.531183,0.431378,0.528951,0.750463,0.546516,0.779014,0.708309,0.642643,1,0.537091,0.465369,0.627393,0.571853,0.575184,0.580781,0.72104,0.676962,0.616589,0.575831,0.692459,0.388327,0.339738,0.512923,0.716533,0.743494,0.758983,0.577499,0.574489,0.747458,0.422165,0.481087,0.693309,0.470166,0.479262,0.377169,0.624189,0.489826,0.562439,0.401076,0.377482,0.417452,0.0211739,0.648445,0.71331,0.251083,0.476447
0.62575,0.456096,0.631077,0.631297,0.58504,0.398977,0.691278,0.412618,0.290493,0.4477,0.405514,0.475531,0.541601,0.583156,0.54939,0.495974,0.479909,0.349,0.566266,0.616032,0.588104,0.459582,0.45332,0.610381,0.277902,0.57382,0.622731,0.57869,0.544288,0.322288,0.310816,0.347436,0.536354,0.231887,0.294224,0.362033,-0.00458773,0.52338,0.549393,0.440438,0.129002,0.637757,0.623629,0.474298,0.634277,0.637804,0.393715,0.537091,1,0.52149,0.276442,0.325442,0.596464,0.560302,0.527661,0.633983,0.50713,0.44678,0.539347,0.330455,0.503386,0.510412,0.491746,0.671096,0.660719,0.525724,0.513025,0.640453,0.609985,0.547195,0.595384,0.618873,0.661159,0.500054,0.538064,0.466445,0.319919,0.420475,0.454052,0.206775,0.0858023,0.610446,0.387757,0.211646,0.352274
0.551359,0.313298,0.541678,0.519642,0.571487,0.548832,0.477491,0.58385,0.274408,0.514435,0.57808,0.56878,0.542503,0.500354,0.611428,0.460163,0.413633,0.451286,0.475163,0.576622,0.572151,0.504386,0.41566,0.598305,0.100865,0.554426,0.639436,0.498713,0.503249,0.274978,0.402054,0.421619,0.629974,0.411171,0.358131,0.336213,0.304537,0.214965,0.65539,0.530336,0.225906,0.508271,0.562266,0.314887,0.596992,0.555304,0.373842,0.465369,0.52149,1,0.342078,0.562016,0.639405,0.571059,0.602692,0.603087,0.528981,0.474025,0.534199,0.431211,0.404459,0.387793,0.57939,0.656262,0.653341,0.574583,0.315341,0.611925,0.521558,0.640726,0.609148,0.488489,0.463181,0.564016,0.53089,0.512214,0.512891,0.426331,0.392999,0.082503,0.0978894,0.690424,0.579229,0.256241,0.439038
0.545886,0.455084,0.468599,0.590837,0.681191,0.701784,0.162721,0.244853,0.4632,0.566624,0.602706,0.270777,0.328336,0.428583,0.317427,0.281812,0.560072,0.562937,0.342732,0.564666,0.621407,0.436585,0.561541,0.638261,0.177116,0.640291,0.523753,0.375903,0.518697,0.205213,0.344509,0.44861,0.370506,0.37882,0.286044,0.249219,0.0463241,0.145873,0.461219,0.361834,0.293937,0.344411,0.461393,0.363173,0.543615,0.513922,0.517827,0.627393,0.276442,0.342078,1,0.561539,0.447284,0.288354,0.493994,0.374674,0.578062,0.433385,0.49125,0.481546,0.136026,0.541408,0.576418,0.652383,0.593236,0.466415,0.409675,0.654678,0.310641,0.252012,0.608443,0.306276,0.423758,0.377948,0.407137,0.432852,0.604519,0.370841,0.335479,0.181431,0.0278821,0.458163,0.564541,0.253995,0.470938
0.550382,0.485643,0.508403,0.661907,0.583135,0.517154,0.179766,0.493842,0.354682,0.523976,0.627819,0.540851,0.56156,0.509794,0.395492,0.426066,0.608349,0.441367,0.535037,0.670498,0.62572,0.57803,0.407983,0.547747,0.164434,0.699241,0.484878,0.428789,0.301768,0.298425,0.455105,0.349768,0.607732,0.396557,0.241069,0.381329,0.190052,0.291819,0.606814,0.568233,0.281158,0.355604,0.564339,0.537699,0.55976,0.589426,0.339543,0.571853,0.325442,0.562016,0.561539,1,0.734765,0.503187,0.571243,0.545065,0.479923,0.483528,0.586011,0.591174,0.158293,0.519547,0.699327,0.638718,0.669372,0.610128,0.27524,0.559551,0.333487,0.43452,0.589488,0.448142,0.409555,0.346511,0.363206,0.478784,0.571841,0.408303,0.302543,0.0446735,0.0336674,0.518966,0.595694,0.228177,0.169054
0.706023,0.631059,0.690048,0.710532,0.64777,0.558791,0.583699,0.448126,0.451725,0.6199,0.730535,0.742733,0.778454,0.710749,0.532298,0.692443,0.641513,0.544793,0.793896,0.694219,0.747161,0.658709,0.321623,0.619462,0.346282,0.768324,0.533404,0.625852,0.624235,0.346229,0.530665,0.509152,0.767395,0.415311,0.337375,0.407341,0.252736,0.420297,0.762286,0.731867,0.30849,0.440373,0.694467,0.687612,0.708727,0.65876,0.539297,0.575184,0.596464,0.639405,0.447284,0.734765,1,0.729121,0.766177,0.79482,0.522659,0.708452,0.812736,0.564547,0.477672,0.52332,0.796328,0.707497,0.753699,0.661346,0.34749,0.649461,0.539503,0.517213,0.669011,0.579157,0.744739,0.521269,0.671695,0.7626,0.656021,0.515945,0.344134,0.0666102,0.171044,0.710102,0.624955,0.324545,0.415853
