1,0.92104,0.921766,0.854318,0.875224,0.866324,0.626464,0.550452,0.699772,0.856871,0.854313,0.729697,0.847033,0.918338,0.817574,0.874675,0.784361,0.676183,0.71909,0.872542,0.780714,0.533086,0.769425,0.819681,0.58883,0.743733,0.772451,0.811665,0.211351,0.274297,0.325051,0.695221,0.707036,0.79402,0.717098,0.546471,0.548068,0.686411,0.888209,0.851215,0.578226,0.540626,0.926302,0.88129,0.908512,0.912576,0.889057,0.858268,0.728963,0.713563,0.632712,0.765592,0.836577,0.740989,0.836974,0.897261,0.801856,0.879722,0.867949,0.328834,0.352771,0.683936,0.54473,0.83776,0.798804,0.566422,0.739467,0.848957,0.704696,0.821459,0.776581,0.662821,0.539149,0.49201,0.476273,0.742499,0.781529,0.64867,0.41838,0.354963,0.613565,0.805931,0.853796,0.406719,0.632251
0.92104,1,0.854342,0.784867,0.832129,0.790254,0.626187,0.524081,0.64662,0.794602,0.753209,0.725845,0.826639,0.860412,0.734749,0.850913,0.766257,0.554134,0.670549,0.760043,0.737094,0.471481,0.698403,0.750944,0.573405,0.662587,0.667509,0.845881,0.281072,0.217658,0.359546,0.605462,0.668291,0.737881,0.652129,0.552339,0.537576,0.526954,0.811529,0.816444,0.459902,0.441304,0.908424,0.879527,0.850516,0.85429,0.866764,0.846431,0.677355,0.766738,0.565332,0.724288,0.815503,0.710744,0.813964,0.846362,0.800253,0.851704,0.797453,0.426058,0.378005,0.599693,0.605556,0.778034,0.736032,0.489083,0.703811,0.790328,0.688882,0.730601,0.699567,0.653996,0.466975,0.396367,0.572618,0.696338,0.77471,0.593834,0.322314,0.374163,0.445016,0.768393,0.819142,0.371396,0.581662
0.921766,0.854342,1,0.89686,0.847725,0.893188,0.714009,0.622205,0.743485,0.887851,0.809773,0.797428,0.888212,0.890144,0.815815,0.918507,0.855679,0.707064,0.688977,0.896417,0.807362,0.532119,0.75539,0.834524,0.648537,0.737159,0.794777,0.746044,0.169182,0.396697,0.441495,0.665527,0.760833,0.796184,0.710024,0.525628,0.577842,0.753808,0.862923,0.862584,0.578365,0.530021,0.918411,0.899711,0.934274,0.882785,0.89601,0.86982,0.81729,0.687747,0.652205,0.796242,0.838275,0.778133,0.870948,0.902572,0.838072,0.899317,0.904673,0.414875,0.347624,0.654659,0.478236,0.8273,0.785385,0.560887,0.735488,0.841714,0.735376,0.858892,0.841322,0.668417,0.547149,0.496129,0.487134,0.689641,0.757101,0.614972,0.514438,0.516651,0.593255,0.799071,0.843907,0.413428,0.626282
0.854318,0.784867,0.89686,1,0.873544,0.822296,0.694764,0.649742,0.640561,0.826364,0.749704,0.83255,0.830322,0.819586,0.797899,0.822885,0.759748,0.678638,0.696924,0.805793,0.80679,0.599075,0.6326,0.824329,0.604948,0.722528,0.711365,0.728833,0.197647,0.306091,0.351837,0.754046,0.798442,0.814722,0.674525,0.590304,0.513646,0.739147,0.887594,0.862927,0.516261,0.517242,0.869106,0.755178,0.868053,0.871812,0.858764,0.884245,0.702885,0.624192,0.558104,0.758233,0.816691,0.661914,0.790259,0.78335,0.767096,0.801413,0.80831,0.425416,0.442269,0.562016,0.512309,0.813063,0.783631,0.582676,0.63912,0.808041,0.714072,0.757658,0.791881,0.647272,0.550357,0.523511,0.610021,0.694907,0.746127,0.656421,0.400395,0.448709,0.661283,0.780593,0.862918,0.376525,0.68313
0.875224,0.832129,0.847725,0.873544,1,0.872655,0.670903,0.57004,0.662745,0.835096,0.817758,0.779407,0.796954,0.787349,0.811884,0.824198,0.716754,0.651323,0.7464,0.783157,0.796667,0.557454,0.637998,0.826964,0.582852,0.784746,0.716981,0.828668,0.165984,0.188392,0.275483,0.708012,0.720249,0.805521,0.740212,0.5706,0.545973,0.644992,0.864106,0.857606,0.638452,0.544687,0.866499,0.741638,0.864832,0.884041,0.852913,0.864671,0.673845,0.747288,0.558925,0.783524,0.886262,0.680139,0.785096,0.729992,0.746775,0.796728,0.80213,0.419302,0.524743,0.590385,0.503929,0.848629,0.779468,0.611851,0.643027,0.829136,0.659193,0.792676,0.792217,0.677431,0.542529,0.452217,0.626461,0.712083,0.817258,0.735656,0.349323,0.457939,0.698576,0.827737,0.872776,0.452684,0.704372
0.866324,0.790254,0.893188,0.822296,0.872655,1,0.682046,0.549396,0.755631,0.822217,0.834547,0.685337,0.793268,0.826468,0.818938,0.868747,0.710956,0.693437,0.690517,0.845801,0.828657,0.607396,0.675407,0.844325,0.654309,0.836056,0.779238,0.756991,0.142313,0.269777,0.32402,0.68876,0.745256,0.785056,0.789727,0.549475,0.513127,0.739935,0.854435,0.829521,0.628686,0.489795,0.884209,0.838721,0.906936,0.872612,0.852636,0.823977,0.774046,0.723652,0.646309,0.82177,0.882007,0.765428,0.806718,0.85386,0.794241,0.856924,0.863426,0.481093,0.429055,0.645983,0.422754,0.817032,0.815816,0.618368,0.678551,0.857485,0.723299,0.869569,0.838753,0.735932,0.578373,0.46647,0.552902,0.729154,0.826718,0.667633,0.378787,0.519248,0.671881,0.837725,0.818494,0.549275,0.666746
0.626464,0.626187,0.714009,0.694764,0.670903,0.682046,1,0.716646,0.758978,0.706554,0.612076,0.604256,0.65992,0.648339,0.740545,0.727862,0.581664,0.66272,0.671032,0.715861,0.829996,0.697938,0.720259,0.831131,0.643662,0.633433,0.770875,0.71558,0.386693,0.251115,0.485622,0.714408,0.814349,0.701944,0.727471,0.49371,0.520288,0.549757,0.766894,0.797343,0.609266,0.460219,0.762385,0.6896,0.770257,0.686803,0.804051,0.733054,0.774888,0.677416,0.581132,0.706045,0.706708,0.558637,0.669983,0.686506,0.779861,0.642821,0.726106,0.474023,0.443976,0.557428,0.644697,0.797455,0.795001,0.57473,0.688047,0.800257,0.461936,0.670678,0.762273,0.634917,0.451152,0.365155,0.583424,0.650989,0.639413,0.712907,0.357568,0.524704,0.380025,0.794806,0.740382,0.325496,0.493479
0.550452,0.524081,0.622205,0.649742,0.57004,0.549396,0.716646,1,0.55291,0.535641,0.454172,0.434167,0.594966,0.628829,0.57344,0.626828,0.513834,0.628256,0.515122,0.575691,0.728591,0.695795,0.613567,0.745206,0.628744,0.517224,0.660218,0.644352,0.184249,0.462736,0.367374,0.559036,0.705044,0.707219,0.598626,0.40019,0.404991,0.621101,0.712823,0.660729,0.604947,0.396105,0.618495,0.546916,0.646854,0.65973,0.67947,0.666388,0.729107,0.523424,0.402354,0.612216,0.565287,0.522493,0.574001,0.62105,0.575921,0.544402,0.579119,0.45294,0.338628,0.525659,0.560173,0.681154,0.627648,0.514244,0.593563,0.708902,0.484017,0.580742,0.695406,0.510295,0.36568,0.391264,0.554039,0.616048,0.602612,0.574825,0.239755,0.482777,0.376312,0.625699,0.668773,0.36098,0.511083
0.699772,0.64662,0.743485,0.640561,0.662745,0.755631,0.758978,0.55291,1,0.628827,0.668791,0.516829,0.694193,0.700693,0.799973,0.794552,0.668916,0.85151,0.549372,0.741662,0.804596,0.736419,0.783726,0.865315,0.65661,0.789705,0.739662,0.673648,0.180308,0.293865,0.421737,0.624266,0.72427,0.760233,0.751694,0.600467,0.429554,0.619443,0.713709,0.740487,0.557912,0.338057,0.755472,0.703377,0.786079,0.69856,0.777555,0.74364,0.754855,0.685579,0.705651,0.782849,0.70145,0.501681,0.565044,0.71814,0.836779,0.728586,0.749438,0.423123,0.487425,0.541962,0.484184,0.785737,0.821529,0.547592,0.79811,0.828679,0.693048,0.763613,0.828734,0.761842,0.388652,0.460919,0.421145,0.653354,0.708105,0.736276,0.389522,0.634509,0.501458,0.743416,0.675726,0.480428,0.439646
0.856871,0.794602,0.887851,0.826364,0.835096,0.822217,0.706554,0.535641,0.628827,1,0.874881,0.803873,0.835464,0.839287,0.769276,0.838138,0.813321,0.60508,0.686277,0.866657,0.773792,0.485342,0.71195,0.76932,0.565297,0.694022,0.731589,0.726733,0.309287,0.34484,0.390324,0.690596,0.79235,0.754816,0.727231,0.332025,0.487969,0.617848,0.826467,0.852195,0.598545,0.648944,0.854388,0.832969,0.888504,0.831379,0.837725,0.805848,0.644675,0.616266,0.570564,0.790925,0.793735,0.768863,0.869748,0.820955,0.724391,0.837887,0.858988,0.385498,0.387105,0.559385,0.590719,0.820249,0.789474,0.613625,0.698414,0.794783,0.557441,0.774327,0.780723,0.626219,0.529879,0.500361,0.470693,0.729549,0.721475,0.61787,0.471891,0.435405,0.591997,0.826229,0.854579,0.286091,0.573921
0.854313,0.753209,0.809773,0.749704,0.817758,0.834547,0.612076,0.454172,0.668791,0.874881,1,0.699964,0.78705,0.84711,0.803837,0.788731,0.755154,0.596818,0.557306,0.816884,0.693967,0.574202,0.664888,0.752744,0.538154,0.799922,0.714484,0.756496,0.112814,0.260726,0.293421,0.661537,0.666358,0.704371,0.773865,0.406934,0.375436,0.6667,0.771998,0.790574,0.662988,0.568861,0.800731,0.795545,0.860152,0.816372,0.817569,0.767044,0.657133,0.603227,0.654206,0.839013,0.799999,0.798223,0.786113,0.819511,0.718388,0.783898,0.800972,0.359617,0.377533,0.584251,0.530318,0.757342,0.77461,0.622906,0.673669,0.796673,0.605299,0.757155,0.745934,0.689039,0.47182,0.586393,0.449336,0.780277,0.736098,0.578505,0.361041,0.362285,0.676,0.818846,0.798353,0.379021,0.572446
0.729697,0.725845,0.797428,0.83255,0.779407,0.685337,0.604256,0.434167,0.516829,0.803873,0.699964,1,0.821805,0.670526,0.713072,0.767102,0.75039,0.524058,0.685573,0.71198,0.679053,0.463737,0.523394,0.659867,0.513742,0.626158,0.597215,0.657098,0.269719,0.327906,0.441737,0.62654,0.727553,0.732735,0.63222,0.526447,0.484748,0.532703,0.702828,0.772614,0.364123,0.465835,0.781773,0.717267,0.785962,0.73678,0.760958,0.745311,0.53378,0.629795,0.561866,0.714592,0.75375,0.727609,0.808533,0.658141,0.691335,0.749277,0.712608,0.270599,0.228732,0.472477,0.501467,0.700048,0.678509,0.549293,0.571291,0.686562,0.533846,0.606707,0.698359,0.537101,0.535156,0.410126,0.468062,0.554285,0.6973,0.568335,0.314229,0.471433,0.618554,0.694859,0.733727,0.223329,0.459399
0.847033,0.826639,0.888212,0.830322,0.796954,0.793268,0.65992,0.594966,0.694193,0.835464,0.78705,0.821805,1,0.825667,0.747336,0.898243,0.900504,0.668396,0.580666,0.75632,0.735108,0.563719,0.690528,0.769375,0.621761,0.755231,0.735271,0.78705,0.153066,0.455342,0.495663,0.635568,0.779007,0.768672,0.717552,0.509629,0.455352,0.65483,0.778545,0.829993,0.591101,0.406758,0.8754,0.859518,0.867239,0.825991,0.828048,0.800648,0.686128,0.706141,0.672451,0.785069,0.768119,0.77318,0.825429,0.816457,0.813505,0.897992,0.783431,0.465166,0.319598,0.573111,0.581009,0.752118,0.744164,0.541853,0.683625,0.788072,0.695315,0.77401,0.783501,0.724481,0.462603,0.531877,0.426769,0.724484,0.751942,0.590284,0.444827,0.549257,0.577707,0.762447,0.814218,0.430368,0.462835
0.918338,0.860412,0.890144,0.819586,0.787349,0.826468,0.648339,0.628829,0.700693,0.839287,0.84711,0.670526,0.825667,1,0.767762,0.855684,0.788838,0.648308,0.627311,0.845072,0.749467,0.59483,0.744693,0.807357,0.629993,0.722079,0.825231,0.818112,0.252868,0.398387,0.367035,0.656673,0.718701,0.748992,0.731061,0.408245,0.544799,0.673089,0.874416,0.865387,0.55688,0.570718,0.881745,0.861243,0.905456,0.862213,0.881016,0.872245,0.73987,0.677102,0.596587,0.8026,0.848975,0.755406,0.815166,0.953844,0.775517,0.864489,0.848375,0.426681,0.364561,0.644207,0.609008,0.816697,0.791574,0.626353,0.721824,0.854828,0.693241,0.803169,0.770227,0.671464,0.541867,0.502954,0.485009,0.80936,0.7228,0.592411,0.455273,0.368263,0.48613,0.830996,0.874856,0.413083,0.626809
0.817574,0.734749,0.815815,0.797899,0.811884,0.818938,0.740545,0.57344,0.799973,0.769276,0.803837,0.713072,0.747336,0.767762,1,0.841308,0.701138,0.759309,0.727423,0.810828,0.816485,0.71967,0.735088,0.847232,0.495486,0.751496,0.762892,0.739511,0.252149,0.260823,0.371648,0.765857,0.750482,0.792851,0.774176,0.616446,0.519271,0.69529,0.851609,0.858421,0.620142,0.523293,0.828353,0.773033,0.870916,0.787292,0.860465,0.786731,0.754897,0.74305,0.589384,0.830223,0.792223,0.691385,0.765067,0.770978,0.843123,0.762589,0.817751,0.369867,0.447219,0.57399,0.577031,0.830314,0.836631,0.675087,0.676445,0.847898,0.63834,0.773693,0.795955,0.600704,0.533507,0.393249,0.526984,0.723685,0.75567,0.750472,0.324763,0.492491,0.649144,0.821876,0.798471,0.340482,0.607249
0.874675,0.850913,0.918507,0.822885,0.824198,0.868747,0.727862,0.626828,0.794552,0.838138,0.788731,0.767102,0.898243,0.855684,0.841308,1,0.810786,0.779574,0.688904,0.839055,0.848163,0.66323,0.727987,0.877831,0.650062,0.791197,0.773526,0.812319,0.277162,0.402469,0.489084,0.67558,0.790603,0.830009,0.754198,0.573295,0.55962,0.692991,0.855796,0.84808,0.608638,0.586121,0.896098,0.89368,0.923296,0.855393,0.866157,0.822995,0.763782,0.763815,0.642186,0.860317,0.837157,0.758766,0.847789,0.873368,0.865395,0.933538,0.878633,0.460722,0.397884,0.586331,0.591344,0.859883,0.841609,0.614257,0.728683,0.873104,0.7154,0.864703,0.854378,0.747798,0.530447,0.476806,0.524253,0.744195,0.829329,0.699338,0.46414,0.547447,0.633624,0.851194,0.822198,0.528344,0.617489
0.784361,0.766257,0.855679,0.759748,0.716754,0.710956,0.581664,0.513834,0.668916,0.813321,0.755154,0.75039,0.900504,0.788838,0.701138,0.810786,1,0.581338,0.509509,0.717569,0.649195,0.469022,0.682491,0.69496,0.600896,0.639005,0.675725,0.681654,0.0319324,0.440504,0.461404,0.536191,0.663866,0.691804,0.641056,0.438467,0.412366,0.543249,0.713692,0.797807,0.55473,0.342505,0.79664,0.788988,0.809558,0.744577,0.787421,0.800288,0.596895,0.590269,0.668856,0.756863,0.666692,0.715366,0.736502,0.772902,0.733347,0.821892,0.734172,0.467967,0.338578,0.538406,0.538321,0.694837,0.662926,0.512488,0.654703,0.720372,0.661516,0.696432,0.720644,0.625539,0.335883,0.518267,0.403915,0.668866,0.665076,0.531416,0.427036,0.544278,0.468992,0.684905,0.765203,0.327966,0.4338
0.676183,0.554134,0.707064,0.678638,0.651323,0.693437,0.66272,0.628256,0.85151,0.60508,0.596818,0.524058,0.668396,0.648308,0.759309,0.779574,0.581338,1,0.583579,0.739587,0.800052,0.721771,0.687726,0.868564,0.636484,0.778876,0.694052,0.616446,0.184199,0.326037,0.440048,0.626161,0.708913,0.832516,0.673128,0.557345,0.428319,0.683032,0.737626,0.640348,0.606028,0.48306,0.679184,0.632046,0.726864,0.669261,0.701962,0.677186,0.709292,0.592117,0.615,0.725381,0.633422,0.450117,0.566692,0.633256,0.757471,0.688729,0.712189,0.277505,0.486161,0.524162,0.445965,0.792498,0.774203,0.511654,0.718289,0.792822,0.657539,0.748566,0.793821,0.72399,0.408105,0.474558,0.429635,0.584138,0.686545,0.761762,0.367072,0.55299,0.639086,0.703411,0.607966,0.518483,0.50653
0.71909,0.670549,0.688977,0.696924,0.7464,0.690517,0.671032,0.515122,0.549372,0.686277,0.557306,0.685573,0.580666,0.627311,0.727423,0.688904,0.509509,0.583579,1,0.748483,0.833682,0.529871,0.650272,0.759052,0.464112,0.536646,0.758893,0.675812,0.465751,0.258917,0.26381,0.699565,0.737834,0.768537,0.684106,0.499899,0.656953,0.4805,0.834584,0.771623,0.432513,0.583687,0.731186,0.631529,0.748622,0.721109,0.750046,0.717742,0.596271,0.663737,0.472486,0.613589,0.731759,0.565126,0.700367,0.632304,0.636634,0.701812,0.727712,0.16085,0.258511,0.64825,0.582109,0.816788,0.77683,0.662209,0.564654,0.769984,0.376579,0.71585,0.712783,0.476132,0.633178,0.187817,0.569517,0.634317,0.693879,0.791109,0.248536,0.297861,0.472226,0.748871,0.698237,0.275911,0.636074
0.872542,0.760043,0.896417,0.805793,0.783157,0.845801,0.715861,0.575691,0.741662,0.866657,0.816884,0.71198,0.75632,0.845072,0.810828,0.839055,0.717569,0.739587,0.748483,1,0.843654,0.604034,0.777455,0.866647,0.609251,0.774217,0.815409,0.743376,0.325168,0.301236,0.351478,0.727041,0.767363,0.818055,0.774105,0.438516,0.558792,0.669999,0.87616,0.827315,0.602046,0.661142,0.843332,0.805773,0.891391,0.824982,0.890749,0.824861,0.802121,0.664853,0.616999,0.79784,0.836625,0.709755,0.852115,0.852335,0.772534,0.818977,0.923243,0.393553,0.404167,0.638915,0.526943,0.887907,0.855265,0.698686,0.718231,0.879893,0.559938,0.856281,0.800172,0.683352,0.674657,0.495123,0.525771,0.731119,0.731949,0.702508,0.413569,0.412576,0.56143,0.839516,0.801373,0.354223,0.609359
0.780714,0.737094,0.807362,0.80679,0.796667,0.828657,0.829996,0.728591,0.804596,0.773792,0.693967,0.679053,0.735108,0.749467,0.816485,0.848163,0.649195,0.800052,0.833682,0.843654,1,0.78015,0.766982,0.946969,0.689167,0.750543,0.81518,0.752456,0.426422,0.347321,0.384833,0.763189,0.877587,0.901416,0.7939,0.55751,0.519451,0.63734,0.904868,0.858257,0.575555,0.585122,0.855782,0.762991,0.890676,0.86244,0.868542,0.84026,0.780948,0.711414,0.6186,0.831401,0.829129,0.668976,0.7758,0.764481,0.798497,0.816218,0.871173,0.426673,0.475711,0.630786,0.636382,0.943792,0.946365,0.728592,0.753595,0.917252,0.606166,0.849372,0.895836,0.763324,0.63967,0.491196,0.651645,0.782071,0.855494,0.865558,0.325102,0.518356,0.573519,0.887475,0.824977,0.457976,0.681742
0.533086,0.471481,0.532119,0.599075,0.557454,0.607396,0.697938,0.695795,0.736419,0.485342,0.574202,0.463737,0.563719,0.59483,0.71967,0.66323,0.469022,0.721771,0.529871,0.604034,0.78015,1,0.607821,0.828103,0.579069,0.668128,0.658516,0.644884,0.256303,0.232118,0.281945,0.757011,0.77165,0.760569,0.765096,0.571741,0.23828,0.572229,0.711618,0.668293,0.599158,0.4327,0.611232,0.521788,0.684723,0.666987,0.693287,0.626727,0.626771,0.561017,0.512065,0.752518,0.637932,0.523111,0.525908,0.590917,0.65685,0.584701,0.593359,0.422455,0.535502,0.41603,0.633159,0.756255,0.794402,0.676816,0.643179,0.813695,0.452957,0.582641,0.753984,0.705974,0.44833,0.405178,0.519837,0.709335,0.677867,0.671843,0.177141,0.509422,0.526439,0.757771,0.672341,0.410992,0.539437
0.769425,0.698403,0.75539,0.6326,0.637998,0.675407,0.720259,0.613567,0.783726,0.71195,0.664888,0.523394,0.690528,0.744693,0.735088,0.727987,0.682491,0.687726,0.650272,0.777455,0.766982,0.607821,1,0.824286,0.640054,0.622383,0.80229,0.633879,0.290749,0.351592,0.46947,0.663449,0.76972,0.735015,0.741101,0.476707,0.409673,0.605644,0.749596,0.764535,0.532166,0.456801,0.779469,0.715967,0.789488,0.744055,0.819132,0.716884,0.72557,0.571192,0.703503,0.672662,0.645502,0.575824,0.66617,0.758102,0.824895,0.698026,0.728679,0.288558,0.257635,0.641433,0.624871,0.786026,0.785365,0.541094,0.90195,0.85013,0.593104,0.742186,0.812059,0.629774,0.333783,0.31618,0.399536,0.721882,0.671548,0.66443,0.387227,0.489123,0.343364,0.755583,0.701457,0.195258,0.452751
0.819681,0.750944,0.834524,0.824329,0.826964,0.844325,0.831131,0.745206,0.865315,0.76932,0.752744,0.659867,0.769375,0.807357,0.847232,0.877831,0.69496,0.868564,0.759052,0.866647,0.946969,0.828103,0.824286,1,0.745248,0.823034,0.85304,0.80037,0.29402,0.328605,0.410845,0.790907,0.881474,0.910861,0.833264,0.624886,0.505966,0.712524,0.925113,0.860602,0.683328,0.615845,0.864264,0.75956,0.900788,0.874374,0.903557,0.869961,0.813963,0.708965,0.695353,0.853594,0.841587,0.645612,0.758619,0.80281,0.861702,0.810684,0.853908,0.435083,0.549536,0.646581,0.659406,0.952485,0.92749,0.70086,0.81713,0.972455,0.664016,0.857578,0.92491,0.822664,0.553797,0.493045,0.643334,0.798422,0.838453,0.846688,0.404301,0.570894,0.62713,0.914243,0.83762,0.497535,0.714942
0.58883,0.573405,0.648537,0.604948,0.582852,0.654309,0.643662,0.628744,0.65661,0.565297,0.538154,0.513742,0.621761,0.629993,0.495486,0.650062,0.600896,0.636484,0.464112,0.609251,0.689167,0.579069,0.640054,0.745248,1,0.672452,0.647633,0.601979,0.0813265,0.437119,0.496859,0.456224,0.648438,0.664344,0.5557,0.474803,0.305788,0.57201,0.631002,0.617356,0.503132,0.323414,0.675594,0.568364,0.661951,0.684648,0.669868,0.694838,0.606716,0.483528,0.704342,0.603651,0.587414,0.494509,0.526738,0.633528,0.628623,0.559278,0.583425,0.392344,0.31175,0.645216,0.428223,0.666343,0.631062,0.368286,0.755356,0.718361,0.582823,0.559234,0.716928,0.63155,0.330386,0.488351,0.478605,0.504745,0.658428,0.591697,0.276789,0.547898,0.360785,0.610647,0.589458,0.448485,0.439472
0.743733,0.662587,0.737159,0.722528,0.784746,0.836056,0.633433,0.517224,0.789705,0.694022,0.799922,0.626158,0.755231,0.722079,0.751496,0.791197,0.639005,0.778876,0.536646,0.774217,0.750543,0.668128,0.622383,0.823034,0.672452,1,0.687002,0.762188,0.149118,0.246991,0.399575,0.642501,0.681262,0.741531,0.772375,0.544318,0.368835,0.679972,0.740627,0.715722,0.63451,0.411797,0.756955,0.681673,0.795225,0.764237,0.779676,0.770142,0.695279,0.700155,0.690254,0.812017,0.80375,0.594895,0.680939,0.722158,0.753751,0.727367,0.749348,0.477803,0.469314,0.528331,0.459242,0.776968,0.793107,0.628089,0.656571,0.82137,0.708592,0.756913,0.742574,0.804008,0.459448,0.578849,0.540318,0.686151,0.762473,0.691512,0.31397,0.55288,0.666481,0.774957,0.693835,0.569045,0.488408
0.772451,0.667509,0.794777,0.711365,0.716981,0.779238,0.770875,0.660218,0.739662,0.731589,0.714484,0.597215,0.735271,0.825231,0.762892,0.773526,0.675725,0.694052,0.758893,0.815409,0.81518,0.658516,0.80229,0.85304,0.647633,0.687002,1,0.747092,0.264852,0.479159,0.392268,0.713643,0.787903,0.749767,0.764661,0.439385,0.537233,0.656821,0.868728,0.851366,0.629054,0.554701,0.811382,0.72637,0.85851,0.801505,0.817367,0.770555,0.801105,0.706626,0.688154,0.756163,0.809212,0.63654,0.705689,0.825725,0.782003,0.782828,0.785899,0.339168,0.302971,0.723421,0.591289,0.83427,0.823203,0.677428,0.674436,0.879975,0.54204,0.848701,0.852156,0.643941,0.58472,0.3202,0.398621,0.773093,0.69547,0.756185,0.548451,0.507536,0.431528,0.837597,0.790356,0.498788,0.610959
0.811665,0.845881,0.746044,0.728833,0.828668,0.756991,0.71558,0.644352,0.673648,0.726733,0.756496,0.657098,0.78705,0.818112,0.739511,0.812319,0.681654,0.616446,0.675812,0.743376,0.752456,0.644884,0.633879,0.80037,0.601979,0.762188,0.747092,1,0.257142,0.219298,0.323247,0.656453,0.687643,0.773973,0.757722,0.547859,0.612683,0.514594,0.824162,0.831164,0.677437,0.472721,0.789174,0.732769,0.786779,0.787505,0.82145,0.821687,0.676834,0.850659,0.544842,0.751139,0.827387,0.647478,0.723258,0.773531,0.709399,0.778204,0.728592,0.524254,0.484914,0.629464,0.682814,0.809707,0.746779,0.572441,0.606117,0.812738,0.557219,0.716609,0.694824,0.690373,0.497201,0.352702,0.641136,0.76508,0.76501,0.707486,0.303764,0.425076,0.500806,0.78924,0.844299,0.539686,0.544328
0.211351,0.281072,0.169182,0.197647,0.165984,0.142313,0.386693,0.184249,0.180308,0.309287,0.112814,0.269719,0.153066,0.252868,0.252149,0.277162,0.0319324,0.184199,0.465751,0.325168,0.426422,0.256303,0.290749,0.29402,0.0813265,0.149118,0.264852,0.257142,1,0.0584382,0.343527,0.273484,0.393654,0.255134,0.225166,-0.053314,0.282948,-0.0839724,0.336801,0.317886,-0.0825079,0.4683,0.296795,0.258868,0.312866,0.223949,0.321322,0.258851,0.168182,0.301612,-0.00695178,0.276005,0.344538,0.207628,0.433367,0.26895,0.295953,0.29111,0.404465,0.125328,0.0757159,0.027201,0.475659,0.406314,0.467876,0.497963,0.21634,0.330692,-0.0138079,0.263239,0.193064,0.267377,0.487209,0.10169,0.334173,0.394241,0.28417,0.409984,0.0437801,-0.0840722,-0.0840308,0.421399,0.333205,-0.0783826,0.144801
0.274297,0.217658,0.396697,0.306091,0.188392,0.269777,0.251115,0.462736,0.293865,0.34484,0.260726,0.327906,0.455342,0.398387,0.260823,0.402469,0.440504,0.326037,0.258917,0.301236,0.347321,0.232118,0.351592,0.328605,0.437119,0.246991,0.479159,0.219298,0.0584382,1,0.34881,0.133626,0.37523,0.345532,0.194648,0.0646846,0.277861,0.406881,0.334075,0.388192,0.200916,0.233295,0.339303,0.339015,0.391277,0.313222,0.29116,0.342553,0.383481,0.208309,0.401138,0.352148,0.223457,0.365821,0.310242,0.378418,0.291659,0.380807,0.308783,0.0917934,-0.184571,0.409418,0.209726,0.300509,0.322793,0.255011,0.335468,0.330289,0.255519,0.396759,0.477315,0.162192,0.234656,0.271401,0.0298597,0.327068,0.344106,0.280067,0.28608,0.314139,0.211162,0.247187,0.253384,0.28724,0.148208
0.325051,0.359546,0.441495,0.351837,0.275483,0.32402,0.485622,0.367374,0.421737,0.390324,0.293421,0.441737,0.495663,0.367035,0.371648,0.489084,0.461404,0.440048,0.26381,0.351478,0.384833,0.281945,0.46947,0.410845,0.496859,0.399575,0.392268,0.323247,0.343527,0.34881,1,0.287064,0.446921,0.374325,0.318289,0.277543,0.218377,0.27153,0.347323,0.410372,0.249982,0.125789,0.448944,0.396752,0.44372,0.32325,0.464551,0.317423,0.367711,0.308144,0.482675,0.407173,0.320125,0.391981,0.49256,0.398011,0.579547,0.378098,0.440037,0.241963,-0.0426363,0.261828,0.412635,0.364236,0.366315,0.213823,0.496338,0.409954,0.396081,0.306647,0.381737,0.352357,0.162178,0.324467,0.223296,0.360131,0.450237,0.378524,0.201429,0.384852,0.11629,0.363249,0.340669,0.0739341,-0.0208886
0.695221,0.605462,0.665527,0.754046,0.708012,0.68876,0.714408,0.559036,0.624266,0.690596,0.661537,0.62654,0.635568,0.656673,0.765857,0.67558,0.536191,0.626161,0.699565,0.727041,0.763189,0.757011,0.663449,0.790907,0.456224,0.642501,0.713643,0.656453,0.273484,0.133626,0.287064,1,0.834468,0.736425,0.744543,0.584704,0.347009,0.650761,0.829559,0.803784,0.526476,0.469979,0.755648,0.613667,0.777211,0.775594,0.782632,0.66185,0.617598,0.571514,0.465283,0.702613,0.723542,0.520813,0.651918,0.63955,0.704659,0.637581,0.666077,0.357764,0.488643,0.422662,0.62329,0.795657,0.799952,0.622993,0.635267,0.810837,0.434357,0.616207,0.733639,0.552194,0.455598,0.306513,0.438755,0.678458,0.655999,0.650538,0.29516,0.402448,0.559142,0.79302,0.744187,0.240404,0.567752
0.707036,0.668291,0.760833,0.798442,0.720249,0.745256,0.814349,0.705044,0.72427,0.79235,0.666358,0.727553,0.779007,0.718701,0.750482,0.790603,0.663866,0.708913,0.737834,0.767363,0.877587,0.77165,0.76972,0.881474,0.648438,0.681262,0.787903,0.687643,0.393654,0.37523,0.446921,0.834468,1,0.830383,0.806491,0.537518,0.380778,0.650728,0.85199,0.847897,0.540381,0.541596,0.823086,0.704469,0.840977,0.807284,0.829377,0.755461,0.673221,0.608575,0.589669,0.772544,0.747971,0.630145,0.757069,0.724771,0.795543,0.758848,0.7486,0.405281,0.408352,0.505004,0.717918,0.846004,0.856701,0.684976,0.77746,0.882093,0.536179,0.717357,0.87171,0.71222,0.54145,0.404509,0.501662,0.737116,0.735739,0.718889,0.38994,0.601265,0.53917,0.848981,0.807418,0.292173,0.575294
0.79402,0.737881,0.796184,0.814722,0.805521,0.785056,0.701944,0.707219,0.760233,0.754816,0.704371,0.732735,0.768672,0.748992,0.792851,0.830009,0.691804,0.832516,0.768537,0.818055,0.901416,0.760569,0.735015,0.910861,0.664344,0.741531,0.749767,0.773973,0.255134,0.345532,0.374325,0.736425,0.830383,1,0.792837,0.641538,0.488083,0.619763,0.854748,0.795087,0.638368,0.550145,0.802261,0.715085,0.829335,0.813637,0.826696,0.796901,0.70589,0.691957,0.638412,0.804564,0.771678,0.644328,0.729907,0.717374,0.7567,0.792091,0.801675,0.334304,0.468272,0.624903,0.598077,0.897559,0.848387,0.609331,0.759126,0.882202,0.597338,0.795179,0.873007,0.751525,0.583128,0.450778,0.592605,0.743763,0.86934,0.828063,0.283759,0.559296,0.685279,0.801453,0.792031,0.459952,0.615124
0.717098,0.652129,0.710024,0.674525,0.740212,0.789727,0.727471,0.598626,0.751694,0.727231,0.773865,0.63222,0.717552,0.731061,0.774176,0.754198,0.641056,0.673128,0.684106,0.774105,0.7939,0.765096,0.741101,0.833264,0.5557,0.772375,0.764661,0.757722,0.225166,0.194648,0.318289,0.744543,0.806491,0.792837,1,0.486749,0.432314,0.550673,0.778583,0.793897,0.674253,0.513071,0.759723,0.682633,0.795683,0.721195,0.828922,0.734814,0.645425,0.66861,0.676595,0.760556,0.781402,0.71601,0.698871,0.749129,0.724883,0.730807,0.749995,0.46475,0.448848,0.624589,0.687864,0.800731,0.823196,0.708883,0.704017,0.877819,0.512036,0.73834,0.817928,0.725686,0.477583,0.371136,0.56706,0.811902,0.717794,0.690484,0.240495,0.579487,0.559156,0.843544,0.744929,0.319499,0.507718
0.546471,0.552339,0.525628,0.590304,0.5706,0.549475,0.49371,0.40019,0.600467,0.332025,0.406934,0.526447,0.509629,0.408245,0.616446,0.573295,0.438467,0.557345,0.499899,0.438516,0.55751,0.571741,0.476707,0.624886,0.474803,0.544318,0.439385,0.547859,-0.053314,0.0646846,0.277543,0.584704,0.537518,0.641538,0.486749,1,0.365373,0.539059,0.557509,0.543147,0.355864,0.0826802,0.559255,0.445027,0.506097,0.547604,0.597503,0.521884,0.523262,0.541553,0.566859,0.500905,0.491563,0.321145,0.384784,0.420887,0.648731,0.486072,0.438678,0.17652,0.306943,0.408447,0.365846,0.556024,0.502194,0.233922,0.547307,0.593119,0.564753,0.408937,0.56373,0.478442,0.218801,0.135529,0.409724,0.326076,0.575094,0.50899,0.143601,0.459597,0.544672,0.475292,0.470359,0.375089,0.422795
0.548068,0.537576,0.577842,0.513646,0.545973,0.513127,0.520288,0.404991,0.429554,0.487969,0.375436,0.484748,0.455352,0.544799,0.519271,0.55962,0.412366,0.428319,0.656953,0.558792,0.519451,0.23828,0.409673,0.505966,0.305788,0.368835,0.537233,0.612683,0.282948,0.277861,0.218377,0.347009,0.380778,0.488083,0.432314,0.365373,1,0.418265,0.596658,0.581445,0.311052,0.427616,0.50528,0.53388,0.51799,0.423398,0.543246,0.598811,0.512681,0.590286,0.289889,0.332494,0.562509,0.448766,0.491316,0.548462,0.438662,0.576198,0.550411,0.133919,0.19838,0.62803,0.373193,0.54649,0.46136,0.305701,0.315173,0.487607,0.354464,0.543773,0.439021,0.229847,0.361404,0.00212917,0.519816,0.429566,0.402272,0.486795,0.200865,0.127321,0.312406,0.465671,0.477454,0.238942,0.390408
0.686411,0.526954,0.753808,0.739147,0.644992,0.739935,0.549757,0.621101,0.619443,0.617848,0.6667,0.532703,0.65483,0.673089,0.69529,0.692991,0.543249,0.683032,0.4805,0.669999,0.63734,0.572229,0.605644,0.712524,0.57201,0.679972,0.656821,0.514594,-0.0839724,0.406881,0.27153,0.650761,0.650728,0.619763,0.550673,0.539059,0.418265,1,0.699922,0.628575,0.49979,0.394161,0.664464,0.671729,0.732979,0.740461,0.663563,0.626788,0.767225,0.433774,0.507737,0.621905,0.626041,0.564399,0.581894,0.696028,0.681132,0.649924,0.62234,0.184257,0.245181,0.54617,0.279088,0.617494,0.621511,0.380168,0.627426,0.689427,0.678958,0.671265,0.728197,0.487199,0.274411,0.401174,0.313775,0.50863,0.555076,0.429134,0.418452,0.391589,0.639186,0.617687,0.586946,0.387077,0.583489
0.888209,0.811529,0.862923,0.887594,0.864106,0.854435,0.766894,0.712823,0.713709,0.826467,0.771998,0.702828,0.778545,0.874416,0.851609,0.855796,0.713692,0.737626,0.834584,0.87616,0.904868,0.711618,0.749596,0.925113,0.631002,0.740627,0.868728,0.824162,0.336801,0.334075,0.347323,0.829559,0.85199,0.854748,0.778583,0.557509,0.596658,0.699922,1,0.92432,0.635403,0.651757,0.902742,0.787313,0.921473,0.909069,0.914731,0.891007,0.765647,0.710195,0.567109,0.808947,0.876697,0.697102,0.823613,0.850179,0.795565,0.836055,0.872987,0.414253,0.491671,0.662628,0.6883,0.931955,0.888842,0.724714,0.692174,0.927282,0.625711,0.835204,0.84258,0.679488,0.635133,0.446966,0.62904,0.818119,0.806784,0.795184,0.412319,0.41789,0.608447,0.901348,0.898346,0.436247,0.759279
0.851215,0.816444,0.862584,0.862927,0.857606,0.829521,0.797343,0.660729,0.740487,0.852195,0.790574,0.772614,0.829993,0.865387,0.858421,0.84808,0.797807,0.640348,0.771623,0.827315,0.858257,0.668293,0.764535,0.860602,0.617356,0.715722,0.851366,0.831164,0.317886,0.388192,0.410372,0.803784,0.847897,0.795087,0.793897,0.543147,0.581445,0.628575,0.92432,1,0.571658,0.507654,0.914647,0.777102,0.913995,0.864526,0.921924,0.882582,0.723364,0.757541,0.615345,0.832942,0.877129,0.712432,0.811736,0.827262,0.810817,0.814044,0.84437,0.522108,0.437551,0.612744,0.682488,0.886222,0.852798,0.697499,0.709183,0.885361,0.612006,0.776622,0.838967,0.627497,0.58459,0.405705,0.555608,0.800902,0.789248,0.745529,0.397505,0.514228,0.524592,0.870891,0.918317,0.361627,0.59595
0.578226,0.459902,0.578365,0.516261,0.638452,0.628686,0.609266,0.604947,0.557912,0.598545,0.662988,0.364123,0.591101,0.55688,0.620142,0.608638,0.55473,0.606028,0.432513,0.602046,0.575555,0.599158,0.532166,0.683328,0.503132,0.63451,0.629054,0.677437,-0.0825079,0.200916,0.249982,0.526476,0.540381,0.638368,0.674253,0.355864,0.311052,0.49979,0.635403,0.571658,1,0.433141,0.526063,0.482105,0.573543,0.573265,0.592094,0.534723,0.566094,0.509435,0.527036,0.591141,0.516773,0.51701,0.50537,0.538589,0.486093,0.518153,0.561491,0.409077,0.513488,0.570438,0.474668,0.618131,0.528552,0.429059,0.470441,0.646719,0.333255,0.599298,0.607351,0.55087,0.304532,0.363186,0.424912,0.61354,0.558175,0.574524,0.338583,0.486989,0.567694,0.597982,0.614978,0.481755,0.441528
0.540626,0.441304,0.530021,0.517242,0.544687,0.489795,0.460219,0.396105,0.338057,0.648944,0.568861,0.465835,0.406758,0.570718,0.523293,0.586121,0.342505,0.48306,0.583687,0.661142,0.585122,0.4327,0.456801,0.615845,0.323414,0.411797,0.554701,0.472721,0.4683,0.233295,0.125789,0.469979,0.541596,0.550145,0.513071,0.0826802,0.427616,0.394161,0.651757,0.507654,0.433141,1,0.489695,0.488738,0.595081,0.535865,0.538119,0.520432,0.434211,0.321989,0.252284,0.525269,0.583665,0.517919,0.615825,0.545537,0.433629,0.555576,0.648735,0.0778144,0.365149,0.378664,0.533031,0.671701,0.635987,0.569979,0.402968,0.623692,0.214071,0.62332,0.579363,0.475394,0.527152,0.254911,0.444118,0.587972,0.475354,0.514793,0.440699,0.0886215,0.474707,0.703987,0.567006,0.241573,0.702182
0.926302,0.908424,0.918411,0.869106,0.866499,0.884209,0.762385,0.618495,0.755472,0.854388,0.800731,0.781773,0.8754,0.881745,0.828353,0.896098,0.79664,0.679184,0.731186,0.843332,0.855782,0.611232,0.779469,0.864264,0.675594,0.756955,0.811382,0.789174,0.296795,0.339303,0.448944,0.755648,0.823086,0.802261,0.759723,0.559255,0.50528,0.664464,0.902742,0.914647,0.526063,0.489695,1,0.905003,0.960621,0.930899,0.926454,0.883031,0.762357,0.760595,0.661175,0.819386,0.883737,0.761389,0.869951,0.890951,0.876196,0.87768,0.876942,0.463603,0.383225,0.638846,0.598162,0.865517,0.862262,0.638027,0.770458,0.890734,0.723308,0.82626,0.838874,0.701237,0.574715,0.507719,0.521293,0.754001,0.837934,0.706962,0.384278,0.516707,0.560761,0.865333,0.863193,0.383204,0.613974
0.88129,0.879527,0.899711,0.755178,0.741638,0.838721,0.6896,0.546916,0.703377,0.832969,0.795545,0.717267,0.859518,0.861243,0.773033,0.89368,0.788988,0.632046,0.631529,0.805773,0.762991,0.521788,0.715967,0.75956,0.568364,0.681673,0.72637,0.732769,0.258868,0.339015,0.396752,0.613667,0.704469,0.715085,0.682633,0.445027,0.53388,0.671729,0.787313,0.777102,0.482105,0.488738,0.905003,1,0.913079,0.837883,0.838498,0.790215,0.779765,0.697565,0.576875,0.784817,0.792718,0.827793,0.86377,0.913469,0.837183,0.906835,0.83837,0.376245,0.258383,0.593918,0.524702,0.758769,0.785084,0.560563,0.70672,0.79326,0.691996,0.814801,0.747742,0.666332,0.469909,0.483117,0.459891,0.693672,0.735914,0.543196,0.373597,0.384359,0.504057,0.800197,0.761942,0.367809,0.572907
0.908512,0.850516,0.934274,0.868053,0.864832,0.906936,0.770257,0.646854,0.786079,0.888504,0.860152,0.785962,0.867239,0.905456,0.870916,0.923296,0.809558,0.726864,0.748622,0.891391,0.890676,0.684723,0.789488,0.900788,0.661951,0.795225,0.85851,0.786779,0.312866,0.391277,0.44372,0.777211,0.840977,0.829335,0.795683,0.506097,0.51799,0.732979,0.921473,0.913995,0.573543,0.595081,0.960621,0.913079,1,0.944232,0.931821,0.894404,0.80929,0.738138,0.649986,0.895552,0.912347,0.821122,0.900339,0.919108,0.872748,0.913305,0.917573,0.432658,0.399179,0.629097,0.610278,0.904603,0.917089,0.735388,0.766483,0.926863,0.709637,0.88554,0.888224,0.741491,0.60027,0.549572,0.536845,0.81876,0.849528,0.734768,0.438397,0.505812,0.613558,0.922403,0.890561,0.416995,0.685632
0.912576,0.85429,0.882785,0.871812,0.884041,0.872612,0.686803,0.65973,0.69856,0.831379,0.816372,0.73678,0.825991,0.862213,0.787292,0.855393,0.744577,0.669261,0.721109,0.824982,0.86244,0.666987,0.744055,0.874374,0.684648,0.764237,0.801505,0.787505,0.223949,0.313222,0.32325,0.775594,0.807284,0.813637,0.721195,0.547604,0.423398,0.740461,0.909069,0.864526,0.573265,0.535865,0.930899,0.837883,0.944232,1,0.87748,0.875997,0.744067,0.70208,0.609345,0.828073,0.879523,0.746069,0.830643,0.851241,0.793725,0.866636,0.842719,0.398579,0.434428,0.621071,0.563917,0.875827,0.86547,0.651096,0.747181,0.889538,0.722062,0.826583,0.850694,0.725101,0.547974,0.55314,0.524031,0.770307,0.851484,0.701506,0.432219,0.460428,0.630091,0.868712,0.884677,0.46485,0.720919
0.889057,0.866764,0.89601,0.858764,0.852913,0.852636,0.804051,0.67947,0.777555,0.837725,0.817569,0.760958,0.828048,0.881016,0.860465,0.866157,0.787421,0.701962,0.750046,0.890749,0.868542,0.693287,0.819132,0.903557,0.669868,0.779676,0.817367,0.82145,0.321322,0.29116,0.464551,0.782632,0.829377,0.826696,0.828922,0.597503,0.543246,0.663563,0.914731,0.921924,0.592094,0.538119,0.926454,0.838498,0.931821,0.87748,1,0.912082,0.823553,0.715857,0.68551,0.852808,0.877917,0.772781,0.882223,0.882969,0.87645,0.820965,0.895533,0.483625,0.44266,0.642339,0.705541,0.902434,0.874542,0.715191,0.794884,0.937207,0.650737,0.790232,0.836771,0.736343,0.554339,0.501859,0.659238,0.804489,0.787653,0.718068,0.339567,0.470696,0.520961,0.907047,0.892777,0.30697,0.650978
0.858268,0.846431,0.86982,0.884245,0.864671,0.823977,0.733054,0.666388,0.74364,0.805848,0.767044,0.745311,0.800648,0.872245,0.786731,0.822995,0.800288,0.677186,0.717742,0.824861,0.84026,0.626727,0.716884,0.869961,0.694838,0.770142,0.770555,0.821687,0.258851,0.342553,0.317423,0.66185,0.755461,0.796901,0.734814,0.521884,0.598811,0.626788,0.891007,0.882582,0.534723,0.520432,0.883031,0.790215,0.894404,0.875997,0.912082,1,0.736318,0.731477,0.641133,0.793234,0.862454,0.692525,0.790546,0.849394,0.771404,0.821214,0.828118,0.479537,0.525787,0.661034,0.621051,0.874614,0.845658,0.681516,0.703981,0.875682,0.714082,0.789708,0.804456,0.730627,0.512694,0.532786,0.716599,0.766084,0.761236,0.724884,0.365331,0.477843,0.535537,0.851418,0.879136,0.409637,0.70645
0.728963,0.677355,0.81729,0.702885,0.673845,0.774046,0.774888,0.729107,0.754855,0.644675,0.657133,0.53378,0.686128,0.73987,0.754897,0.763782,0.596895,0.709292,0.596271,0.802121,0.780948,0.626771,0.72557,0.813963,0.606716,0.695279,0.801105,0.676834,0.168182,0.383481,0.367711,0.617598,0.673221,0.70589,0.645425,0.523262,0.512681,0.767225,0.765647,0.723364,0.566094,0.434211,0.762357,0.779765,0.80929,0.744067,0.823553,0.736318,1,0.64895,0.574721,0.738529,0.760154,0.64129,0.716518,0.788206,0.812868,0.708159,0.772816,0.387841,0.309034,0.599203,0.414876,0.757822,0.739553,0.560834,0.669372,0.804468,0.59876,0.800103,0.775563,0.641966,0.506553,0.410891,0.497054,0.614681,0.6502,0.591812,0.403436,0.43986,0.426248,0.750355,0.698436,0.455659,0.609027
0.713563,0.766738,0.687747,0.624192,0.747288,0.723652,0.677416,0.523424,0.685579,0.616266,0.603227,0.629795,0.706141,0.677102,0.74305,0.763815,0.590269,0.592117,0.663737,0.664853,0.711414,0.561017,0.571192,0.708965,0.483528,0.700155,0.706626,0.850659,0.301612,0.208309,0.308144,0.571514,0.608575,0.691957,0.66861,0.541553,0.590286,0.433774,0.710195,0.757541,0.509435,0.321989,0.760595,0.697565,0.738138,0.70208,0.715857,0.731477,0.64895,1,0.496244,0.675971,0.789637,0.536334,0.649727,0.685512,0.708326,0.745641,0.680616,0.481987,0.461004,0.525743,0.503637,0.740513,0.708451,0.537002,0.490218,0.7182,0.567801,0.693686,0.640188,0.580987,0.512862,0.199532,0.488042,0.583138,0.709296,0.685044,0.296151,0.5751,0.442289,0.701999,0.715446,0.547796,0.43076
0.632712,0.565332,0.652205,0.558104,0.558925,0.646309,0.581132,0.402354,0.705651,0.570564,0.654206,0.561866,0.672451,0.596587,0.589384,0.642186,0.668856,0.615,0.472486,0.616999,0.6186,0.512065,0.703503,0.695353,0.704342,0.690254,0.688154,0.544842,-0.00695178,0.401138,0.482675,0.465283,0.589669,0.638412,0.676595,0.566859,0.289889,0.507737,0.567109,0.615345,0.527036,0.252284,0.661175,0.576875,0.649986,0.609345,0.68551,0.641133,0.574721,0.496244,1,0.611913,0.549964,0.537729,0.513382,0.637292,0.710351,0.607314,0.611332,0.219102,0.195864,0.716818,0.442734,0.624942,0.635485,0.366739,0.720225,0.720188,0.571526,0.623154,0.741742,0.666947,0.238805,0.418125,0.345745,0.56842,0.597618,0.583936,0.380383,0.583863,0.439925,0.616226,0.513879,0.394753,0.34459
0.765592,0.724288,0.796242,0.758233,0.783524,0.82177,0.706045,0.612216,0.782849,0.790925,0.839013,0.714592,0.785069,0.8026,0.830223,0.860317,0.756863,0.725381,0.613589,0.79784,0.831401,0.752518,0.672662,0.853594,0.603651,0.812017,0.756163,0.751139,0.276005,0.352148,0.407173,0.702613,0.772544,0.804564,0.760556,0.500905,0.332494,0.621905,0.808947,0.832942,0.591141,0.525269,0.819386,0.784817,0.895552,0.828073,0.852808,0.793234,0.738529,0.675971,0.611913,1,0.833151,0.732752,0.799985,0.785839,0.813968,0.804141,0.825896,0.521859,0.420096,0.421509,0.554157,0.840255,0.869321,0.78309,0.70101,0.871085,0.635474,0.80092,0.833237,0.795524,0.547505,0.609086,0.532878,0.793287,0.844578,0.725448,0.3377,0.497548,0.629856,0.880843,0.833252,0.517204,0.60684
0.836577,0.815503,0.838275,0.816691,0.886262,0.882007,0.706708,0.565287,0.70145,0.793735,0.799999,0.75375,0.768119,0.848975,0.792223,0.837157,0.666692,0.633422,0.731759,0.836625,0.829129,0.637932,0.645502,0.841587,0.587414,0.80375,0.809212,0.827387,0.344538,0.223457,0.320125,0.723542,0.747971,0.771678,0.781402,0.491563,0.562509,0.626041,0.876697,0.877129,0.516773,0.583665,0.883737,0.792718,0.912347,0.879523,0.877917,0.862454,0.760154,0.789637,0.549964,0.833151,1,0.745114,0.837119,0.826873,0.790189,0.836715,0.864366,0.473212,0.474986,0.55239,0.546506,0.874086,0.848347,0.726937,0.617572,0.880627,0.638471,0.830397,0.801358,0.734783,0.681177,0.418866,0.600278,0.770859,0.81326,0.70622,0.393345,0.454285,0.557581,0.906741,0.870119,0.470489,0.682271
