1,0.889475,0.950978,0.893536,0.895646,0.829938,0.512422,0.322892,0.654531,0.769934,0.81617,0.804953,0.827263,0.873439,0.648863,0.731327,0.860167,0.774445,0.641154,0.877048,0.903855,0.589184,0.830512,0.901934,0.778917,0.692924,0.858436,0.837428,0.524881,0.594032,0.22838,0.45194,0.812223,0.614442,0.67279,0.452019,0.261078,0.507263,0.880735,0.873716,0.561941,0.619487,0.90657,0.863707,0.938051,0.865149,0.853111,0.693492,0.786682,0.462077,0.618491,0.705745,0.849263,0.834808,0.873027,0.936176,0.44622,0.834332,0.880487,0.522583,0.60248,0.610534,0.564812,0.85258,0.892245,0.683087,0.861824,0.886197,0.5784,0.831314,0.897342,0.79582,0.526487,0.448175,0.34571,0.774536,0.804482,0.65415,0.467135,-0.183528,0.685637,0.883946,0.776889,0.621395,0.783131
0.889475,1,0.923653,0.860267,0.807712,0.672902,0.520559,0.349382,0.579174,0.763304,0.865919,0.817834,0.846331,0.809116,0.665499,0.86024,0.912137,0.648507,0.555137,0.864481,0.834096,0.536913,0.814241,0.855942,0.695925,0.647247,0.784347,0.73428,0.371776,0.571002,0.148573,0.479832,0.741272,0.517955,0.569396,0.492474,0.327166,0.525688,0.836378,0.869587,0.410371,0.500864,0.930129,0.907484,0.944336,0.869764,0.833809,0.720961,0.718919,0.466049,0.592359,0.665076,0.834629,0.808467,0.866091,0.841584,0.525729,0.857833,0.901391,0.470707,0.536193,0.635816,0.458984,0.825542,0.823841,0.528654,0.79303,0.845747,0.65501,0.692462,0.797064,0.759459,0.352859,0.376222,0.283892,0.698873,0.687066,0.582227,0.399064,-0.191456,0.591913,0.849188,0.746531,0.525085,0.726149
0.950978,0.923653,1,0.934905,0.89429,0.796972,0.583001,0.323184,0.706273,0.815211,0.882378,0.832838,0.846034,0.888993,0.710462,0.803215,0.89797,0.799441,0.604018,0.901224,0.895262,0.521552,0.84956,0.880743,0.781886,0.682777,0.877006,0.820673,0.492878,0.589571,0.174207,0.499402,0.804245,0.594479,0.659315,0.465961,0.250215,0.451921,0.894767,0.868898,0.454405,0.642286,0.938504,0.869669,0.973777,0.86528,0.864007,0.744372,0.725594,0.406742,0.657087,0.713748,0.832824,0.8514,0.862792,0.915644,0.484703,0.857996,0.893549,0.515657,0.571222,0.677082,0.591114,0.867655,0.891023,0.633806,0.815183,0.879465,0.554008,0.78741,0.887041,0.791251,0.556762,0.420212,0.334371,0.783656,0.794758,0.716459,0.459654,-0.141545,0.682382,0.901291,0.830278,0.631787,0.783746
0.893536,0.860267,0.934905,1,0.858156,0.73178,0.578104,0.283078,0.575382,0.817949,0.870622,0.776833,0.775497,0.846354,0.636449,0.724456,0.821006,0.724888,0.553352,0.837566,0.877896,0.477351,0.804366,0.869881,0.787586,0.607824,0.802371,0.767771,0.420781,0.506373,0.133647,0.468045,0.773997,0.587481,0.68033,0.483134,0.19511,0.439216,0.874537,0.880229,0.414121,0.567659,0.874168,0.785965,0.916543,0.838868,0.854211,0.731614,0.637684,0.317864,0.627595,0.72635,0.816066,0.816142,0.795658,0.845986,0.362159,0.779759,0.85506,0.463874,0.550415,0.68445,0.510661,0.864434,0.863745,0.5941,0.758074,0.864104,0.582257,0.815978,0.835106,0.789259,0.593649,0.362644,0.393138,0.765307,0.716187,0.708074,0.423254,-0.155248,0.666254,0.832704,0.77623,0.655994,0.806283
0.895646,0.807712,0.89429,0.858156,1,0.830015,0.452668,0.22425,0.614852,0.755198,0.762452,0.745438,0.73528,0.821513,0.688212,0.63863,0.793921,0.806997,0.655264,0.788755,0.842,0.549493,0.811613,0.846263,0.80538,0.561646,0.744979,0.735082,0.496844,0.472964,0.071438,0.456709,0.771284,0.622823,0.690653,0.470998,0.166894,0.432078,0.85541,0.81385,0.475482,0.660109,0.823649,0.761792,0.877448,0.822964,0.752531,0.546743,0.629907,0.339136,0.657317,0.65917,0.743467,0.742005,0.730323,0.876916,0.327714,0.773425,0.831116,0.544429,0.462464,0.563867,0.630571,0.795646,0.870163,0.691526,0.775334,0.805922,0.516025,0.7487,0.826541,0.774965,0.54102,0.412614,0.332399,0.717708,0.778092,0.69285,0.50965,-0.13633,0.613045,0.857537,0.769535,0.669231,0.760641
0.829938,0.672902,0.796972,0.73178,0.830015,1,0.450916,0.32559,0.638745,0.561404,0.558011,0.710776,0.683857,0.775862,0.537774,0.563341,0.730853,0.676045,0.653123,0.776564,0.786069,0.598417,0.703298,0.756127,0.687896,0.695162,0.774466,0.751671,0.578177,0.603256,0.318351,0.598039,0.778816,0.612762,0.585713,0.490801,0.20229,0.440794,0.765843,0.721718,0.610795,0.716063,0.737438,0.74034,0.794335,0.735818,0.721231,0.580428,0.612603,0.454414,0.600767,0.517116,0.652045,0.755076,0.756159,0.83223,0.396984,0.716557,0.661261,0.608455,0.556864,0.47567,0.68517,0.750338,0.841907,0.661879,0.75459,0.763615,0.440999,0.678184,0.83661,0.702659,0.573862,0.366113,0.406534,0.615261,0.795338,0.658526,0.515987,-0.16129,0.656247,0.823473,0.755089,0.49036,0.743803
0.512422,0.520559,0.583001,0.578104,0.452668,0.450916,1,0.221522,0.628965,0.438339,0.519488,0.561252,0.61578,0.610699,0.402971,0.578617,0.522717,0.441215,0.40036,0.640477,0.606168,0.250387,0.592952,0.456947,0.343976,0.433813,0.638943,0.560683,0.418713,0.172217,0.214026,0.492311,0.636589,0.56469,0.456277,0.383194,0.185294,0.335751,0.6279,0.639967,0.351032,0.411766,0.632759,0.550439,0.589201,0.502128,0.592416,0.50187,0.378328,0.474703,0.573205,0.456941,0.608754,0.55297,0.647664,0.475568,0.492215,0.611878,0.494924,0.451513,0.489488,0.449808,0.521933,0.543972,0.62936,0.397933,0.541677,0.502043,0.403479,0.464616,0.622204,0.539399,0.604133,0.196586,0.385287,0.476956,0.478438,0.275956,0.296352,-0.0744743,0.419703,0.644289,0.585146,0.261056,0.395326
0.322892,0.349382,0.323184,0.283078,0.22425,0.32559,0.221522,1,0.204806,0.252909,0.323147,0.345337,0.348303,0.356232,0.267951,0.300529,0.317196,0.245414,0.1201,0.435115,0.421008,0.394384,0.261322,0.401403,0.22608,0.322879,0.273609,0.254918,0.0655057,0.23098,0.115346,0.199454,0.184998,0.341549,0.142644,0.2946,0.131459,0.129387,0.304421,0.248254,0.140569,0.336338,0.350732,0.402313,0.315504,0.30656,0.252337,0.220161,0.345367,0.479955,0.116123,0.34709,0.307526,0.390836,0.429813,0.304004,0.0850123,0.3295,0.369803,0.302977,0.490828,0.169444,0.0808641,0.493453,0.279697,0.0786608,0.171977,0.352596,0.267686,0.278041,0.347788,0.241884,0.165171,0.119638,0.152265,0.136895,0.243353,0.158669,0.0772882,-0.317739,0.1503,0.289771,0.207001,0.0950781,0.388158
0.654531,0.579174,0.706273,0.575382,0.614852,0.638745,0.628965,0.204806,1,0.502066,0.561063,0.641641,0.681131,0.692917,0.635399,0.539417,0.625012,0.748391,0.403726,0.731031,0.675251,0.39696,0.7289,0.621421,0.392908,0.613346,0.80204,0.663104,0.550657,0.3938,0.183038,0.379952,0.617791,0.546933,0.445745,0.200631,0.10089,0.260969,0.638634,0.636815,0.384008,0.610459,0.639188,0.602782,0.641156,0.497876,0.528601,0.450419,0.596993,0.350535,0.68357,0.443606,0.627393,0.645313,0.667308,0.679635,0.545994,0.558887,0.551477,0.433874,0.418402,0.498038,0.545738,0.622639,0.697126,0.499161,0.677905,0.62796,0.246316,0.409402,0.642403,0.495362,0.698102,0.248938,0.317443,0.622397,0.783717,0.481358,0.344648,-0.0484996,0.501903,0.764054,0.734396,0.365886,0.584261
0.769934,0.763304,0.815211,0.817949,0.755198,0.561404,0.438339,0.252909,0.502066,1,0.811509,0.763516,0.717151,0.771217,0.579775,0.662628,0.727093,0.685322,0.404632,0.751691,0.767409,0.307169,0.767019,0.764901,0.67156,0.371051,0.681656,0.637368,0.353564,0.383956,-0.00413159,0.263968,0.626919,0.40332,0.596275,0.500098,0.276025,0.342831,0.691333,0.743341,0.25281,0.503024,0.756572,0.708121,0.784451,0.702267,0.663555,0.575901,0.484608,0.378818,0.491544,0.770608,0.798096,0.731546,0.730702,0.764312,0.375666,0.709278,0.851749,0.299242,0.482234,0.645138,0.276991,0.735479,0.643625,0.493489,0.595824,0.738323,0.441623,0.662516,0.68274,0.677153,0.455006,0.372875,0.23124,0.602103,0.577139,0.615816,0.322249,-0.257736,0.476259,0.711505,0.593958,0.526504,0.617288
0.81617,0.865919,0.882378,0.870622,0.762452,0.558011,0.519488,0.323147,0.561063,0.811509,1,0.731567,0.782883,0.751465,0.649404,0.76338,0.800602,0.709991,0.454823,0.777969,0.801741,0.428638,0.799016,0.822001,0.701577,0.575153,0.759884,0.672312,0.384701,0.382951,0.102177,0.370012,0.65844,0.545514,0.605077,0.461252,0.193742,0.391075,0.787714,0.826361,0.273388,0.423944,0.854106,0.788542,0.874189,0.741464,0.780619,0.67507,0.594536,0.310126,0.622956,0.686813,0.784215,0.752955,0.765199,0.78195,0.414375,0.809888,0.887287,0.416446,0.580265,0.713798,0.390078,0.794861,0.732745,0.499616,0.704895,0.793716,0.555294,0.699422,0.759158,0.718374,0.464356,0.240464,0.273328,0.700606,0.658998,0.539202,0.39105,-0.0703024,0.537862,0.800877,0.721124,0.594153,0.641693
0.804953,0.817834,0.832838,0.776833,0.745438,0.710776,0.561252,0.345337,0.641641,0.763516,0.731567,1,0.923988,0.792733,0.731905,0.776517,0.857544,0.711215,0.55939,0.849913,0.823597,0.417516,0.801672,0.810174,0.625132,0.617605,0.718799,0.738506,0.48031,0.523597,0.198489,0.509245,0.736546,0.603263,0.52415,0.530538,0.506314,0.385096,0.818975,0.784827,0.353885,0.738062,0.864177,0.826837,0.821475,0.755641,0.745194,0.685215,0.60125,0.517411,0.650135,0.623197,0.791778,0.904887,0.877092,0.759557,0.583139,0.786026,0.840198,0.509358,0.580034,0.758451,0.504883,0.853302,0.795002,0.559759,0.693317,0.852733,0.471286,0.627972,0.76911,0.739099,0.503105,0.390395,0.243581,0.684149,0.657299,0.609414,0.44684,-0.245599,0.486645,0.830063,0.79144,0.499343,0.672129
0.827263,0.846331,0.846034,0.775497,0.73528,0.683857,0.61578,0.348303,0.681131,0.717151,0.782883,0.923988,1,0.738223,0.63011,0.825528,0.865698,0.718383,0.544348,0.87309,0.836399,0.466642,0.790456,0.794284,0.635201,0.599278,0.733625,0.731763,0.471375,0.51341,0.240899,0.498214,0.762382,0.612908,0.588178,0.473668,0.392216,0.460266,0.829947,0.818279,0.451335,0.672213,0.889064,0.888953,0.845254,0.800961,0.786397,0.672852,0.656774,0.601941,0.697966,0.657626,0.826724,0.869462,0.905689,0.782168,0.558276,0.849755,0.844369,0.446691,0.672397,0.711153,0.531983,0.845158,0.78049,0.626747,0.704315,0.825871,0.46254,0.632318,0.806266,0.766605,0.524363,0.364003,0.277822,0.688633,0.684128,0.54738,0.457987,-0.250772,0.501741,0.849782,0.772156,0.484425,0.676315
0.873439,0.809116,0.888993,0.846354,0.821513,0.775862,0.610699,0.356232,0.692917,0.771217,0.751465,0.792733,0.738223,1,0.730466,0.7246,0.793844,0.713775,0.538556,0.862444,0.863695,0.528666,0.863543,0.883237,0.710756,0.687376,0.812639,0.741023,0.515097,0.508352,0.184941,0.423475,0.76797,0.62166,0.668534,0.472988,0.343848,0.430892,0.821889,0.822949,0.415194,0.637131,0.876603,0.807555,0.883818,0.752558,0.822526,0.655071,0.646306,0.406031,0.601025,0.676572,0.782471,0.795551,0.834024,0.89249,0.47282,0.762774,0.800659,0.514786,0.549276,0.641623,0.495902,0.829081,0.814104,0.529135,0.78371,0.875536,0.487331,0.741704,0.8235,0.722082,0.61682,0.445687,0.362218,0.762604,0.702265,0.635381,0.53078,-0.0658328,0.661347,0.835715,0.697304,0.61784,0.697444
0.648863,0.665499,0.710462,0.636449,0.688212,0.537774,0.402971,0.267951,0.635399,0.579775,0.649404,0.731905,0.63011,0.730466,1,0.62026,0.696678,0.648556,0.440325,0.682781,0.705689,0.452081,0.700803,0.749755,0.513689,0.527965,0.56383,0.506209,0.300201,0.333627,0.0206227,0.388116,0.502849,0.52629,0.462378,0.291476,0.148855,0.253814,0.667873,0.635283,0.220638,0.526264,0.702679,0.627697,0.692573,0.582696,0.591488,0.457804,0.468346,0.147583,0.671746,0.484176,0.576124,0.65512,0.59733,0.692902,0.426263,0.592706,0.707525,0.557124,0.3187,0.627628,0.366282,0.714217,0.628546,0.330918,0.596109,0.739728,0.31146,0.437782,0.552898,0.491734,0.448532,0.235886,0.12158,0.638363,0.611076,0.545322,0.440417,0.0557229,0.486574,0.70148,0.676418,0.570719,0.490881
0.731327,0.86024,0.803215,0.724456,0.63863,0.563341,0.578617,0.300529,0.539417,0.662628,0.76338,0.776517,0.825528,0.7246,0.62026,1,0.835848,0.510593,0.464649,0.780704,0.705697,0.530197,0.650382,0.667426,0.539192,0.533529,0.61238,0.587327,0.23652,0.495961,0.13927,0.429255,0.604521,0.453373,0.469035,0.515814,0.36428,0.476988,0.706578,0.773187,0.353829,0.418522,0.88554,0.890344,0.847874,0.725584,0.80076,0.749484,0.570189,0.5341,0.54855,0.516199,0.726987,0.741453,0.838123,0.694624,0.585074,0.90252,0.824122,0.382164,0.581677,0.683768,0.359644,0.753218,0.64683,0.330668,0.58501,0.693974,0.463258,0.560186,0.660481,0.604644,0.280475,0.386971,0.0860498,0.598323,0.578704,0.451987,0.451525,-0.0640899,0.519735,0.739291,0.635617,0.404732,0.51721
0.860167,0.912137,0.89797,0.821006,0.793921,0.730853,0.522717,0.317196,0.625012,0.727093,0.800602,0.857544,0.865698,0.793844,0.696678,0.835848,1,0.689169,0.516113,0.834838,0.793882,0.465383,0.779511,0.837793,0.63539,0.600663,0.753447,0.77802,0.399006,0.525653,0.0958928,0.558901,0.721327,0.546111,0.55584,0.532698,0.329039,0.420847,0.831262,0.842045,0.45249,0.582059,0.894734,0.907256,0.885992,0.817979,0.776615,0.696762,0.679785,0.489,0.583492,0.644468,0.82086,0.840472,0.879319,0.810901,0.451175,0.847782,0.910965,0.541469,0.558554,0.596269,0.472347,0.803544,0.792193,0.494092,0.737578,0.810816,0.503288,0.64206,0.785063,0.776592,0.388958,0.380285,0.228175,0.647031,0.724257,0.619371,0.549351,-0.242439,0.622609,0.852404,0.785113,0.510901,0.726969
0.774445,0.648507,0.799441,0.724888,0.806997,0.676045,0.441215,0.245414,0.748391,0.685322,0.709991,0.711215,0.718383,0.713775,0.648556,0.510593,0.689169,1,0.443208,0.749958,0.749149,0.463381,0.722343,0.741873,0.617478,0.512659,0.733002,0.667093,0.554485,0.288728,0.0253703,0.288554,0.646894,0.555769,0.570749,0.315525,0.104611,0.296638,0.735894,0.679406,0.415606,0.641219,0.673338,0.631187,0.696943,0.642313,0.597924,0.442393,0.597776,0.233822,0.636229,0.598967,0.627112,0.719319,0.632668,0.724063,0.319802,0.591628,0.729633,0.381177,0.391963,0.575248,0.505955,0.721454,0.731896,0.71263,0.671078,0.720261,0.377837,0.583383,0.740923,0.596364,0.652206,0.36882,0.281093,0.660294,0.741804,0.58021,0.316977,-0.210298,0.602162,0.744366,0.750153,0.641714,0.709741
0.641154,0.555137,0.604018,0.553352,0.655264,0.653123,0.40036,0.1201,0.403726,0.404632,0.454823,0.55939,0.544348,0.538556,0.440325,0.464649,0.516113,0.443208,1,0.555055,0.645354,0.544586,0.536604,0.536101,0.580492,0.521191,0.636869,0.632194,0.508687,0.462848,0.226346,0.53471,0.616777,0.721949,0.56021,0.355939,0.193842,0.379482,0.680033,0.568011,0.370234,0.610598,0.588238,0.53083,0.63549,0.577274,0.632161,0.454482,0.592856,0.375737,0.527908,0.330189,0.49835,0.563196,0.604393,0.666356,0.517463,0.61393,0.494365,0.581973,0.424598,0.430529,0.731945,0.53609,0.747124,0.51537,0.688532,0.596648,0.476666,0.586282,0.657195,0.560874,0.436239,0.463288,0.344887,0.660258,0.588233,0.536964,0.43115,0.00912522,0.405437,0.65756,0.610397,0.411896,0.556794
0.877048,0.864481,0.901224,0.837566,0.788755,0.776564,0.640477,0.435115,0.731031,0.751691,0.777969,0.849913,0.87309,0.862444,0.682781,0.780704,0.834838,0.749958,0.555055,1,0.921593,0.598152,0.809928,0.859486,0.692475,0.694881,0.822635,0.751113,0.493786,0.538791,0.284316,0.523357,0.797705,0.636071,0.600512,0.559488,0.273736,0.597214,0.857149,0.834843,0.516303,0.665793,0.886561,0.867323,0.895627,0.833558,0.795132,0.673081,0.685981,0.529482,0.678968,0.706848,0.831867,0.846555,0.890842,0.855674,0.604034,0.796026,0.842345,0.508849,0.596553,0.615859,0.524286,0.899456,0.867553,0.605458,0.785207,0.886304,0.587298,0.683967,0.859126,0.747569,0.592303,0.477289,0.425625,0.694528,0.709544,0.582577,0.39318,-0.199635,0.644382,0.903983,0.775723,0.472328,0.781337
0.903855,0.834096,0.895262,0.877896,0.842,0.786069,0.606168,0.421008,0.675251,0.767409,0.801741,0.823597,0.836399,0.863695,0.705689,0.705697,0.793882,0.749149,0.645354,0.921593,1,0.639727,0.829976,0.915028,0.750019,0.663314,0.840682,0.796742,0.524273,0.537494,0.269101,0.480101,0.838362,0.721465,0.730349,0.487799,0.251162,0.59062,0.896642,0.852541,0.541132,0.658584,0.864797,0.797672,0.887015,0.82874,0.829773,0.650608,0.729662,0.442146,0.709545,0.723044,0.82175,0.812425,0.851102,0.893498,0.556496,0.772043,0.822362,0.518974,0.599364,0.615811,0.590351,0.90806,0.903125,0.608237,0.818443,0.915373,0.59023,0.788165,0.856345,0.759295,0.672489,0.428286,0.434076,0.794901,0.786384,0.663103,0.421426,-0.215731,0.620775,0.911018,0.77133,0.610591,0.813212
0.589184,0.536913,0.521552,0.477351,0.549493,0.598417,0.250387,0.394384,0.39696,0.307169,0.428638,0.417516,0.466642,0.528666,0.452081,0.530197,0.465383,0.463381,0.544586,0.598152,0.639727,1,0.412413,0.567957,0.467183,0.519331,0.478451,0.372378,0.33892,0.440625,0.23182,0.200216,0.484503,0.455829,0.523444,0.273133,0.0349928,0.468793,0.527267,0.543194,0.554768,0.347895,0.504471,0.532551,0.558393,0.54461,0.516666,0.238978,0.638955,0.299665,0.449584,0.289356,0.411128,0.472473,0.523329,0.61078,0.379456,0.552965,0.510456,0.399514,0.320738,0.292919,0.393955,0.573218,0.593838,0.350956,0.614094,0.553001,0.479449,0.444373,0.510479,0.317338,0.363573,0.4608,0.300417,0.566591,0.591276,0.320048,0.220294,-0.102964,0.489089,0.537834,0.416472,0.40448,0.553066
0.830512,0.814241,0.84956,0.804366,0.811613,0.703298,0.592952,0.261322,0.7289,0.767019,0.799016,0.801672,0.790456,0.863543,0.700803,0.650382,0.779511,0.722343,0.536604,0.809928,0.829976,0.412413,1,0.891191,0.693919,0.664346,0.848238,0.760338,0.607976,0.515156,0.239133,0.47429,0.777721,0.601741,0.698565,0.424492,0.371443,0.429095,0.847293,0.846704,0.336089,0.61477,0.857669,0.752917,0.850976,0.715484,0.761133,0.569435,0.568676,0.323968,0.760468,0.647648,0.799507,0.76157,0.778007,0.840827,0.494945,0.732981,0.795198,0.497172,0.54696,0.71701,0.491606,0.794376,0.815186,0.592694,0.833003,0.89691,0.515141,0.684512,0.813537,0.746271,0.642972,0.226142,0.313991,0.728341,0.748916,0.609499,0.502594,-0.0781963,0.49827,0.869232,0.780725,0.544303,0.707001
0.901934,0.855942,0.880743,0.869881,0.846263,0.756127,0.456947,0.401403,0.621421,0.764901,0.822001,0.810174,0.794284,0.883237,0.749755,0.667426,0.837793,0.741873,0.536101,0.859486,0.915028,0.567957,0.891191,1,0.780688,0.71507,0.79401,0.762118,0.505207,0.550837,0.221433,0.441153,0.793484,0.652641,0.699122,0.427347,0.320356,0.491696,0.855489,0.868758,0.446946,0.583734,0.868656,0.819914,0.88185,0.808927,0.818279,0.622654,0.664211,0.32715,0.667306,0.715593,0.796283,0.805249,0.804381,0.894918,0.411924,0.725605,0.859967,0.495227,0.55497,0.657092,0.44015,0.88328,0.832886,0.568087,0.8177,0.955247,0.567883,0.760952,0.815468,0.784531,0.578091,0.346818,0.347418,0.761342,0.755418,0.682859,0.513191,-0.118337,0.614982,0.863389,0.746962,0.657182,0.797398
0.778917,0.695925,0.781886,0.787586,0.80538,0.687896,0.343976,0.22608,0.392908,0.67156,0.701577,0.625132,0.635201,0.710756,0.513689,0.539192,0.63539,0.617478,0.580492,0.692475,0.750019,0.467183,0.693919,0.780688,1,0.617953,0.618812,0.615755,0.449828,0.551495,0.288883,0.306996,0.697853,0.587276,0.667552,0.331413,0.228205,0.342335,0.719589,0.656,0.283155,0.5972,0.741919,0.648875,0.796305,0.707084,0.748267,0.547999,0.504756,0.218292,0.449955,0.578323,0.561458,0.720548,0.630804,0.792161,0.241477,0.638403,0.703693,0.415683,0.481316,0.577778,0.503598,0.71661,0.753026,0.662193,0.696293,0.752001,0.543027,0.701727,0.794238,0.711136,0.491012,0.472914,0.384165,0.698215,0.570626,0.687667,0.332864,0.0579797,0.629808,0.685482,0.614578,0.643224,0.608073
0.692924,0.647247,0.682777,0.607824,0.561646,0.695162,0.433813,0.322879,0.613346,0.371051,0.575153,0.617605,0.599278,0.687376,0.527965,0.533529,0.600663,0.512659,0.521191,0.694881,0.663314,0.519331,0.664346,0.71507,0.617953,1,0.725794,0.632878,0.575576,0.617634,0.446985,0.436445,0.64786,0.609514,0.372835,0.330928,0.268509,0.381426,0.586552,0.609809,0.392828,0.511092,0.676887,0.659377,0.708474,0.531855,0.695651,0.596516,0.624193,0.293321,0.467547,0.416922,0.538112,0.688758,0.668547,0.693501,0.546921,0.554828,0.554419,0.482025,0.495905,0.556243,0.500725,0.665532,0.736841,0.547754,0.754942,0.752479,0.581753,0.582405,0.702856,0.611011,0.47853,0.324352,0.400522,0.607442,0.620587,0.445794,0.379398,0.172097,0.552067,0.695516,0.620366,0.426643,0.592058
0.858436,0.784347,0.877006,0.802371,0.744979,0.774466,0.638943,0.273609,0.80204,0.681656,0.759884,0.718799,0.733625,0.812639,0.56383,0.61238,0.753447,0.733002,0.636869,0.822635,0.840682,0.478451,0.848238,0.79401,0.618812,0.725794,1,0.849352,0.663235,0.574834,0.2947,0.512538,0.795232,0.632592,0.633143,0.386838,0.226589,0.453887,0.815695,0.791842,0.47793,0.608594,0.791117,0.721675,0.842356,0.698434,0.77783,0.640016,0.740377,0.382443,0.673254,0.614991,0.781029,0.75131,0.812611,0.842134,0.597295,0.70462,0.716279,0.530238,0.569157,0.582144,0.638001,0.750987,0.878402,0.620008,0.879184,0.813691,0.556312,0.723167,0.861651,0.713042,0.697759,0.310496,0.425821,0.765613,0.843032,0.655817,0.373735,-0.145719,0.604242,0.865183,0.802045,0.504234,0.768207
0.837428,0.73428,0.820673,0.767771,0.735082,0.751671,0.560683,0.254918,0.663104,0.637368,0.672312,0.738506,0.731763,0.741023,0.506209,0.587327,0.77802,0.667093,0.632194,0.751113,0.796742,0.372378,0.760338,0.762118,0.615755,0.632878,0.849352,1,0.497213,0.596592,0.287469,0.598496,0.772398,0.660816,0.536972,0.459568,0.312265,0.431644,0.794999,0.750245,0.519445,0.580841,0.792967,0.724955,0.789053,0.695991,0.737872,0.706712,0.715586,0.384094,0.593697,0.63528,0.739337,0.759811,0.796834,0.768526,0.479761,0.692177,0.707655,0.568394,0.577497,0.471635,0.602214,0.768949,0.850957,0.565509,0.778737,0.772504,0.476903,0.728375,0.763433,0.758427,0.518467,0.313267,0.284663,0.649604,0.755102,0.649455,0.431668,-0.185892,0.549408,0.8369,0.760118,0.492167,0.741564
0.524881,0.371776,0.492878,0.420781,0.496844,0.578177,0.418713,0.0655057,0.550657,0.353564,0.384701,0.48031,0.471375,0.515097,0.300201,0.23652,0.399006,0.554485,0.508687,0.493786,0.524273,0.33892,0.607976,0.505207,0.449828,0.575576,0.663235,0.497213,1,0.315242,0.508022,0.353613,0.617909,0.509855,0.551903,0.206138,0.265012,0.344928,0.579948,0.482716,0.307687,0.609934,0.448954,0.357839,0.469568,0.412378,0.478599,0.286686,0.391248,0.261372,0.476944,0.347957,0.462117,0.482658,0.466979,0.524884,0.387126,0.371303,0.39669,0.324008,0.278313,0.425257,0.521605,0.359671,0.606028,0.522001,0.670474,0.571809,0.32801,0.484724,0.619126,0.500778,0.659387,0.348029,0.290651,0.620647,0.62527,0.323766,0.275668,-0.0556621,0.438587,0.550801,0.619269,0.353416,0.472197
0.594032,0.571002,0.589571,0.506373,0.472964,0.603256,0.172217,0.23098,0.3938,0.383956,0.382951,0.523597,0.51341,0.508352,0.333627,0.495961,0.525653,0.288728,0.462848,0.538791,0.537494,0.440625,0.515156,0.550837,0.551495,0.617634,0.574834,0.596592,0.315242,1,0.435912,0.359047,0.516185,0.35329,0.278441,0.259586,0.349753,0.311315,0.496226,0.426388,0.392966,0.4675,0.565038,0.516837,0.612063,0.501009,0.586269,0.515261,0.542473,0.296452,0.300353,0.409842,0.457092,0.493554,0.531898,0.597916,0.430726,0.473664,0.438496,0.361158,0.505536,0.360091,0.495103,0.594904,0.585576,0.366846,0.54809,0.59552,0.364212,0.583004,0.551057,0.528924,0.279394,0.277507,0.0968413,0.470772,0.554712,0.533644,0.254135,0.0738073,0.232038,0.554089,0.460113,0.39715,0.560553
0.22838,0.148573,0.174207,0.133647,0.071438,0.318351,0.214026,0.115346,0.183038,-0.00413159,0.102177,0.198489,0.240899,0.184941,0.0206227,0.13927,0.0958928,0.0253703,0.226346,0.284316,0.269101,0.23182,0.239133,0.221433,0.288883,0.446985,0.2947,0.287469,0.508022,0.435912,1,0.288528,0.412163,0.351813,0.202859,0.102393,0.311031,0.432895,0.266253,0.184688,0.246538,0.212323,0.280032,0.21092,0.24757,0.187063,0.333497,0.34799,0.090301,0.212213,0.254721,0.134987,0.0924227,0.174455,0.257796,0.223218,0.277386,0.152737,0.0871164,0.18027,0.322295,0.155434,0.231502,0.231893,0.31497,0.190295,0.348966,0.351893,0.121553,0.28038,0.293865,0.310068,0.278708,0.134944,-0.0448452,0.2714,0.173218,-0.00597607,-0.0798552,0.252138,0.325321,0.301535,0.295061,0.109261,0.130341
0.45194,0.479832,0.499402,0.468045,0.456709,0.598039,0.492311,0.199454,0.379952,0.263968,0.370012,0.509245,0.498214,0.423475,0.388116,0.429255,0.558901,0.288554,0.53471,0.523357,0.480101,0.200216,0.47429,0.441153,0.306996,0.436445,0.512538,0.598496,0.353613,0.359047,0.288528,1,0.549436,0.455709,0.313163,0.4689,0.157043,0.444966,0.585972,0.492576,0.376685,0.382461,0.554552,0.536076,0.541319,0.578136,0.534988,0.576983,0.26067,0.325345,0.582977,0.32885,0.444173,0.471395,0.530259,0.41136,0.381896,0.52555,0.4245,0.599712,0.404754,0.366398,0.47118,0.512469,0.603862,0.335035,0.473748,0.524582,0.255674,0.389352,0.5197,0.610868,0.347717,-0.06321,0.210313,0.28247,0.45975,0.398687,0.385237,0.0233881,0.382351,0.627141,0.636825,0.136993,0.463553
0.812223,0.741272,0.804245,0.773997,0.771284,0.778816,0.636589,0.184998,0.617791,0.626919,0.65844,0.736546,0.762382,0.76797,0.502849,0.604521,0.721327,0.646894,0.616777,0.797705,0.838362,0.484503,0.777721,0.793484,0.697853,0.64786,0.795232,0.772398,0.617909,0.516185,0.412163,0.549436,1,0.616364,0.752898,0.391787,0.37414,0.575241,0.861833,0.827601,0.637044,0.572563,0.807674,0.731575,0.807536,0.806537,0.757282,0.640162,0.623232,0.383417,0.690848,0.571923,0.668972,0.716791,0.778207,0.781203,0.474255,0.699533,0.669808,0.372154,0.429425,0.543133,0.668284,0.712065,0.8594,0.664171,0.819081,0.806839,0.477609,0.688053,0.793577,0.746108,0.624785,0.370946,0.425617,0.723604,0.70272,0.589265,0.395612,-0.178835,0.602631,0.878266,0.792157,0.505118,0.69064
0.614442,0.517955,0.594479,0.587481,0.622823,0.612762,0.56469,0.341549,0.546933,0.40332,0.545514,0.603263,0.612908,0.62166,0.52629,0.453373,0.546111,0.555769,0.721949,0.636071,0.721465,0.455829,0.601741,0.652641,0.587276,0.609514,0.632592,0.660816,0.509855,0.35329,0.351813,0.455709,0.616364,1,0.456191,0.434307,0.180779,0.394805,0.676578,0.586149,0.345658,0.632031,0.597872,0.570052,0.59678,0.473048,0.653004,0.512793,0.525734,0.415623,0.519761,0.504075,0.540002,0.590775,0.641032,0.625969,0.43144,0.513711,0.539524,0.595736,0.609846,0.421078,0.650769,0.656445,0.728049,0.489806,0.63715,0.661246,0.468509,0.586904,0.658668,0.653039,0.620366,0.379971,0.281388,0.629718,0.590792,0.426671,0.457906,0.114275,0.4674,0.705894,0.632664,0.533022,0.604142
0.67279,0.569396,0.659315,0.68033,0.690653,0.585713,0.456277,0.142644,0.445745,0.596275,0.605077,0.52415,0.588178,0.668534,0.462378,0.469035,0.55584,0.570749,0.56021,0.600512,0.730349,0.523444,0.698565,0.699122,0.667552,0.372835,0.633143,0.536972,0.551903,0.278441,0.202859,0.313163,0.752898,0.456191,1,0.187206,0.185982,0.365191,0.755164,0.69915,0.405584,0.477542,0.64596,0.562172,0.662426,0.64203,0.623686,0.34054,0.499923,0.142576,0.651962,0.441339,0.514366,0.544706,0.592572,0.736449,0.286193,0.616967,0.576973,0.227003,0.339122,0.512428,0.480092,0.565358,0.65528,0.484127,0.695794,0.692236,0.332856,0.59602,0.673775,0.559607,0.628971,0.373123,0.392642,0.720317,0.610952,0.62647,0.426563,-0.212889,0.518113,0.653361,0.578685,0.50586,0.524563
0.452019,0.492474,0.465961,0.483134,0.470998,0.490801,0.383194,0.2946,0.200631,0.500098,0.461252,0.530538,0.473668,0.472988,0.291476,0.515814,0.532698,0.315525,0.355939,0.559488,0.487799,0.273133,0.424492,0.427347,0.331413,0.330928,0.386838,0.459568,0.206138,0.259586,0.102393,0.4689,0.391787,0.434307,0.187206,1,0.273861,0.539701,0.458838,0.4737,0.33757,0.331694,0.496474,0.54933,0.488427,0.38975,0.454765,0.484983,0.24303,0.426034,0.286134,0.53365,0.53872,0.4544,0.562746,0.396151,0.402188,0.515622,0.582547,0.419902,0.480837,0.329242,0.280529,0.57278,0.48741,0.323285,0.355424,0.466433,0.510644,0.441888,0.491212,0.546577,0.18568,0.299242,0.120808,0.147886,0.256085,0.174613,0.312348,-0.205792,0.277944,0.553645,0.366977,0.161007,0.492131
0.261078,0.327166,0.250215,0.19511,0.166894,0.20229,0.185294,0.131459,0.10089,0.276025,0.193742,0.506314,0.392216,0.343848,0.148855,0.36428,0.329039,0.104611,0.193842,0.273736,0.251162,0.0349928,0.371443,0.320356,0.228205,0.268509,0.226589,0.312265,0.265012,0.349753,0.311031,0.157043,0.37414,0.180779,0.185982,0.273861,1,0.168209,0.299746,0.261278,-0.0524097,0.24824,0.422944,0.320652,0.297763,0.26394,0.292456,0.343975,0.10988,0.246701,0.209615,0.163127,0.2508,0.331391,0.380847,0.18152,0.423187,0.289483,0.303121,0.116582,0.203859,0.389629,0.0731577,0.314201,0.269531,0.0990747,0.192615,0.399753,0.187769,0.307117,0.252377,0.354546,0.146434,0.249167,-0.0916359,0.297992,0.095245,0.197312,0.0627844,-0.0897738,0.0316034,0.288077,0.224789,0.0448408,0.237448
0.507263,0.525688,0.451921,0.439216,0.432078,0.440794,0.335751,0.129387,0.260969,0.342831,0.391075,0.385096,0.460266,0.430892,0.253814,0.476988,0.420847,0.296638,0.379482,0.597214,0.59062,0.468793,0.429095,0.491696,0.342335,0.381426,0.453887,0.431644,0.344928,0.311315,0.432895,0.444966,0.575241,0.394805,0.365191,0.539701,0.168209,1,0.529151,0.527422,0.582964,0.149464,0.519034,0.505178,0.513127,0.549312,0.580562,0.519865,0.340441,0.325335,0.459479,0.42643,0.487518,0.315368,0.495076,0.434062,0.448671,0.424841,0.454076,0.204733,0.308167,0.289833,0.233616,0.523763,0.538939,0.356828,0.524968,0.557743,0.449433,0.486475,0.474276,0.474168,0.280907,0.223655,0.0984663,0.368557,0.327624,0.132337,0.155803,-0.0704788,0.457968,0.579421,0.384869,0.252947,0.496671
0.880735,0.836378,0.894767,0.874537,0.85541,0.765843,0.6279,0.304421,0.638634,0.691333,0.787714,0.818975,0.829947,0.821889,0.667873,0.706578,0.831262,0.735894,0.680033,0.857149,0.896642,0.527267,0.847293,0.855489,0.719589,0.586552,0.815695,0.794999,0.579948,0.496226,0.266253,0.585972,0.861833,0.676578,0.755164,0.458838,0.299746,0.529151,1,0.890184,0.502791,0.708818,0.887404,0.776595,0.882007,0.835337,0.818138,0.670067,0.642538,0.393241,0.72375,0.612765,0.768224,0.792274,0.813583,0.833621,0.462763,0.797082,0.794415,0.486845,0.51122,0.636233,0.660227,0.818558,0.902064,0.590159,0.808079,0.867775,0.482413,0.7332,0.854837,0.73811,0.601504,0.357485,0.34356,0.770052,0.768843,0.645703,0.500108,-0.199708,0.596416,0.90728,0.88537,0.586695,0.78396
0.873716,0.869587,0.868898,0.880229,0.81385,0.721718,0.639967,0.248254,0.636815,0.743341,0.826361,0.784827,0.818279,0.822949,0.635283,0.773187,0.842045,0.679406,0.568011,0.834843,0.852541,0.543194,0.846704,0.868758,0.656,0.609809,0.791842,0.750245,0.482716,0.426388,0.184688,0.492576,0.827601,0.586149,0.69915,0.4737,0.261278,0.527422,0.890184,1,0.520639,0.504182,0.890047,0.847346,0.890785,0.822152,0.833613,0.706236,0.641154,0.4147,0.709984,0.661451,0.85459,0.784236,0.840011,0.84051,0.463252,0.849274,0.84708,0.451889,0.503537,0.652844,0.488603,0.794645,0.832389,0.508994,0.807615,0.847506,0.552768,0.695298,0.787942,0.721558,0.511342,0.314026,0.33702,0.735511,0.74439,0.5707,0.562417,-0.182497,0.627546,0.874423,0.807197,0.524889,0.738049
0.561941,0.410371,0.454405,0.414121,0.475482,0.610795,0.351032,0.140569,0.384008,0.25281,0.273388,0.353885,0.451335,0.415194,0.220638,0.353829,0.45249,0.415606,0.370234,0.516303,0.541132,0.554768,0.336089,0.446946,0.283155,0.392828,0.47793,0.519445,0.307687,0.392966,0.246538,0.376685,0.637044,0.345658,0.405584,0.33757,-0.0524097,0.582964,0.502791,0.520639,1,0.259823,0.414007,0.490896,0.45191,0.521027,0.477229,0.309832,0.572082,0.344066,0.39047,0.438254,0.450776,0.375364,0.506484,0.492712,0.237215,0.430533,0.390947,0.237622,0.280886,0.0448021,0.482878,0.448473,0.527732,0.531658,0.552572,0.410415,0.264047,0.397822,0.455967,0.396053,0.316551,0.218413,0.231926,0.326288,0.527189,0.264702,0.271415,-0.286122,0.412444,0.542004,0.416071,0.353527,0.502956
0.619487,0.500864,0.642286,0.567659,0.660109,0.716063,0.411766,0.336338,0.610459,0.503024,0.423944,0.738062,0.672213,0.637131,0.526264,0.418522,0.582059,0.641219,0.610598,0.665793,0.658584,0.347895,0.61477,0.583734,0.5972,0.511092,0.608594,0.580841,0.609934,0.4675,0.212323,0.382461,0.572563,0.632031,0.477542,0.331694,0.24824,0.149464,0.708818,0.504182,0.259823,1,0.577311,0.53383,0.584986,0.508668,0.514884,0.380187,0.516753,0.454475,0.430456,0.441207,0.536257,0.735098,0.636301,0.660079,0.370788,0.519653,0.514657,0.450178,0.469029,0.485895,0.677549,0.618674,0.692192,0.56744,0.555023,0.620236,0.255785,0.456318,0.69803,0.503903,0.565032,0.47131,0.348805,0.588627,0.614875,0.610682,0.436506,-0.244796,0.377764,0.633983,0.686913,0.442811,0.604091
0.90657,0.930129,0.938504,0.874168,0.823649,0.737438,0.632759,0.350732,0.639188,0.756572,0.854106,0.864177,0.889064,0.876603,0.702679,0.88554,0.894734,0.673338,0.588238,0.886561,0.864797,0.504471,0.857669,0.868656,0.741919,0.676887,0.791117,0.792967,0.448954,0.565038,0.280032,0.554552,0.807674,0.597872,0.64596,0.496474,0.422944,0.519034,0.887404,0.890047,0.414007,0.577311,1,0.923509,0.966727,0.869489,0.888588,0.789437,0.648596,0.494586,0.703451,0.659415,0.82916,0.849679,0.905737,0.863638,0.53059,0.915574,0.896966,0.530773,0.627707,0.726704,0.506997,0.87835,0.849044,0.531358,0.780542,0.890306,0.528456,0.758815,0.84271,0.797095,0.469662,0.38519,0.245177,0.756025,0.694912,0.601296,0.490003,-0.0828857,0.631834,0.894552,0.791525,0.546217,0.682439
0.863707,0.907484,0.869669,0.785965,0.761792,0.74034,0.550439,0.402313,0.602782,0.708121,0.788542,0.826837,0.888953,0.807555,0.627697,0.890344,0.907256,0.631187,0.53083,0.867323,0.797672,0.532551,0.752917,0.819914,0.648875,0.659377,0.721675,0.724955,0.357839,0.516837,0.21092,0.536076,0.731575,0.570052,0.562172,0.54933,0.320652,0.505178,0.776595,0.847346,0.490896,0.53383,0.923509,1,0.904716,0.810267,0.846782,0.742423,0.676347,0.602016,0.589382,0.661184,0.801041,0.83027,0.929408,0.842277,0.498978,0.904333,0.882978,0.482296,0.677419,0.633246,0.425384,0.835467,0.751679,0.534608,0.723222,0.813228,0.513399,0.632476,0.787454,0.766759,0.348974,0.402113,0.215733,0.608811,0.659084,0.558214,0.546377,-0.160784,0.631316,0.829091,0.695042,0.46532,0.637845
0.938051,0.944336,0.973777,0.916543,0.877448,0.794335,0.589201,0.315504,0.641156,0.784451,0.874189,0.821475,0.845254,0.883818,0.692573,0.847874,0.885992,0.696943,0.63549,0.895627,0.887015,0.558393,0.850976,0.88185,0.796305,0.708474,0.842356,0.789053,0.469568,0.612063,0.24757,0.541319,0.807536,0.59678,0.662426,0.488427,0.297763,0.513127,0.882007,0.890785,0.45191,0.584986,0.966727,0.904716,1,0.886077,0.910721,0.76144,0.686769,0.453442,0.67827,0.696219,0.840241,0.831089,0.875326,0.921064,0.523428,0.906109,0.896487,0.55519,0.605967,0.68239,0.566523,0.871651,0.883037,0.593165,0.822825,0.889904,0.601918,0.786157,0.876561,0.806591,0.497177,0.405066,0.326285,0.77252,0.74911,0.677697,0.48596,-0.0680327,0.67367,0.896218,0.792537,0.607292,0.734183
0.865149,0.869764,0.86528,0.838868,0.822964,0.735818,0.502128,0.30656,0.497876,0.702267,0.741464,0.755641,0.800961,0.752558,0.582696,0.725584,0.817979,0.642313,0.577274,0.833558,0.82874,0.54461,0.715484,0.808927,0.707084,0.531855,0.698434,0.695991,0.412378,0.501009,0.187063,0.578136,0.806537,0.473048,0.64203,0.38975,0.26394,0.549312,0.835337,0.822152,0.521027,0.508668,0.869489,0.810267,0.886077,1,0.768055,0.651125,0.650718,0.476427,0.6597,0.627881,0.790901,0.770284,0.7906,0.792412,0.3688,0.814537,0.823865,0.479371,0.469673,0.552106,0.502263,0.777912,0.820577,0.575744,0.734849,0.811859,0.543139,0.744747,0.797734,0.783159,0.433448,0.349557,0.412727,0.709331,0.663378,0.572637,0.377658,-0.234399,0.61453,0.827496,0.752204,0.496194,0.706679
0.853111,0.833809,0.864007,0.854211,0.752531,0.721231,0.592416,0.252337,0.528601,0.663555,0.780619,0.745194,0.786397,0.822526,0.591488,0.80076,0.776615,0.597924,0.632161,0.795132,0.829773,0.516666,0.761133,0.818279,0.748267,0.695651,0.77783,0.737872,0.478599,0.586269,0.333497,0.534988,0.757282,0.653004,0.623686,0.454765,0.292456,0.580562,0.818138,0.833613,0.477229,0.514884,0.888588,0.846782,0.910721,0.768055,1,0.807049,0.601926,0.419349,0.608889,0.66482,0.752631,0.755142,0.818387,0.828966,0.494241,0.819426,0.780845,0.490338,0.651581,0.695216,0.510535,0.824306,0.796013,0.576847,0.756047,0.845454,0.548995,0.768251,0.825733,0.7586,0.52467,0.333626,0.217734,0.744776,0.674579,0.645482,0.512878,0.0513351,0.678578,0.784262,0.697063,0.665228,0.673204
0.693492,0.720961,0.744372,0.731614,0.546743,0.580428,0.50187,0.220161,0.450419,0.575901,0.67507,0.685215,0.672852,0.655071,0.457804,0.749484,0.696762,0.442393,0.454482,0.673081,0.650608,0.238978,0.569435,0.622654,0.547999,0.596516,0.640016,0.706712,0.286686,0.515261,0.34799,0.576983,0.640162,0.512793,0.34054,0.484983,0.343975,0.519865,0.670067,0.706236,0.309832,0.380187,0.789437,0.742423,0.76144,0.651125,0.807049,1,0.465874,0.382073,0.441157,0.497143,0.620285,0.672883,0.732408,0.604304,0.479051,0.702255,0.64222,0.336934,0.558741,0.663961,0.362474,0.689712,0.662527,0.333783,0.549517,0.691849,0.393552,0.654934,0.660017,0.657839,0.316875,0.204299,0.0788581,0.546847,0.496756,0.469923,0.397447,0.0802095,0.602311,0.711028,0.681271,0.38298,0.535259
0.786682,0.718919,0.725594,0.637684,0.629907,0.612603,0.378328,0.345367,0.596993,0.484608,0.594536,0.60125,0.656774,0.646306,0.468346,0.570189,0.679785,0.597776,0.592856,0.685981,0.729662,0.638955,0.568676,0.664211,0.504756,0.624193,0.740377,0.715586,0.391248,0.542473,0.090301,0.26067,0.623232,0.525734,0.499923,0.24303,0.10988,0.340441,0.642538,0.641154,0.572082,0.516753,0.648596,0.676347,0.686769,0.650718,0.601926,0.465874,1,0.42703,0.40654,0.506077,0.672779,0.675891,0.746217,0.747691,0.431569,0.624161,0.635352,0.426307,0.459536,0.348341,0.544676,0.645821,0.744397,0.51862,0.786936,0.635831,0.537722,0.575051,0.655869,0.518924,0.378725,0.467884,0.384471,0.695107,0.704792,0.510818,0.330351,-0.309639,0.470333,0.668791,0.57812,0.438833,0.646663
0.462077,0.466049,0.406742,0.317864,0.339136,0.454414,0.474703,0.479955,0.350535,0.378818,0.310126,0.517411,0.601941,0.406031,0.147583,0.5341,0.489,0.233822,0.375737,0.529482,0.442146,0.299665,0.323968,0.32715,0.218292,0.293321,0.382443,0.384094,0.261372,0.296452,0.212213,0.325345,0.383417,0.415623,0.142576,0.426034,0.246701,0.325335,0.393241,0.4147,0.344066,0.454475,0.494586,0.602016,0.453442,0.476427,0.419349,0.382073,0.42703,1,0.192884,0.388718,0.596131,0.493588,0.664668,0.43042,0.309504,0.598872,0.48491,0.398307,0.662748,0.222999,0.308912,0.446802,0.39884,0.292365,0.329506,0.334832,0.279694,0.370767,0.504192,0.442699,0.145184,0.32703,0.176066,0.224379,0.308441,0.0378706,0.261526,-0.295511,0.246855,0.469278,0.315287,0.0711557,0.308475
0.618491,0.592359,0.657087,0.627595,0.657317,0.600767,0.573205,0.116123,0.68357,0.491544,0.622956,0.650135,0.697966,0.601025,0.671746,0.54855,0.583492,0.636229,0.527908,0.678968,0.709545,0.449584,0.760468,0.667306,0.449955,0.467547,0.673254,0.593697,0.476944,0.300353,0.254721,0.582977,0.690848,0.519761,0.651962,0.286134,0.209615,0.459479,0.72375,0.709984,0.39047,0.430456,0.703451,0.589382,0.67827,0.6597,0.608889,0.441157,0.40654,0.192884,1,0.425289,0.600031,0.57983,0.609455,0.636422,0.502821,0.647354,0.601514,0.533979,0.39739,0.622901,0.49968,0.69571,0.709964,0.479409,0.66899,0.738437,0.324006,0.503461,0.624103,0.574599,0.663721,0.0700929,0.27486,0.66603,0.644544,0.482577,0.365527,-0.0410348,0.434601,0.780489,0.730499,0.410206,0.557064
0.705745,0.665076,0.713748,0.72635,0.65917,0.517116,0.456941,0.34709,0.443606,0.770608,0.686813,0.623197,0.657626,0.676572,0.484176,0.516199,0.644468,0.598967,0.330189,0.706848,0.723044,0.289356,0.647648,0.715593,0.578323,0.416922,0.614991,0.63528,0.347957,0.409842,0.134987,0.32885,0.571923,0.504075,0.441339,0.53365,0.163127,0.42643,0.612765,0.661451,0.438254,0.441207,0.659415,0.661184,0.696219,0.627881,0.66482,0.497143,0.506077,0.388718,0.425289,1,0.79731,0.562857,0.641908,0.686363,0.267226,0.569827,0.760592,0.423724,0.521664,0.382164,0.305192,0.738692,0.604745,0.54524,0.528982,0.690943,0.421999,0.625727,0.598767,0.713843,0.446232,0.280361,0.136584,0.484527,0.491164,0.523288,0.303207,-0.200273,0.429317,0.621083,0.482116,0.599447,0.666235
0.849263,0.834629,0.832824,0.816066,0.743467,0.652045,0.608754,0.307526,0.627393,0.798096,0.784215,0.791778,0.826724,0.782471,0.576124,0.726987,0.82086,0.627112,0.49835,0.831867,0.82175,0.411128,0.799507,0.796283,0.561458,0.538112,0.781029,0.739337,0.462117,0.457092,0.0924227,0.444173,0.668972,0.540002,0.514366,0.53872,0.2508,0.487518,0.768224,0.85459,0.450776,0.536257,0.82916,0.801041,0.840241,0.790901,0.752631,0.620285,0.672779,0.596131,0.600031,0.79731,1,0.76568,0.853024,0.80253,0.489716,0.799898,0.871314,0.541308,0.619386,0.568474,0.430373,0.792132,0.768699,0.498016,0.73621,0.789338,0.576065,0.719877,0.768287,0.751299,0.480945,0.330649,0.337645,0.671193,0.689758,0.49708,0.475581,-0.278773,0.468965,0.801194,0.681916,0.45358,0.717352
