1,0.953048,0.973927,0.957764,0.926782,0.918021,0.592673,0.820325,0.679813,0.909387,0.955407,0.886821,0.936974,0.9472,0.854926,0.922615,0.932034,0.849327,0.901887,0.955451,0.956732,0.839209,0.88,0.975933,0.834393,0.861699,0.896756,0.89269,0.543809,0.341003,0.49769,0.805819,0.900553,0.90498,0.944042,0.692357,0.581038,0.764826,0.954435,0.936849,0.575431,0.862512,0.970746,0.940199,0.980056,0.933666,0.897845,0.910059,0.855975,0.852092,0.699593,0.889795,0.9516,0.883527,0.941437,0.965446,0.873673,0.937644,0.928271,0.788122,0.698509,0.826152,0.870605,0.960969,0.95091,0.859217,0.738259,0.973574,0.792957,0.836688,0.91818,0.8586,0.769699,0.630965,0.784804,0.918783,0.921093,0.84013,0.68075,0.391818,0.821646,0.969241,0.929372,0.521475,0.87571
0.953048,1,0.933651,0.935974,0.887871,0.872845,0.559018,0.842333,0.598982,0.913763,0.927957,0.887553,0.905762,0.926588,0.859854,0.938195,0.922879,0.790455,0.842263,0.929639,0.937701,0.829914,0.875938,0.945173,0.789491,0.84467,0.876442,0.85318,0.592666,0.309469,0.489675,0.782745,0.870052,0.881738,0.927911,0.713761,0.578383,0.732121,0.93395,0.906645,0.553084,0.838812,0.964732,0.958796,0.945845,0.90406,0.865243,0.878896,0.849971,0.860676,0.679083,0.848056,0.922779,0.896601,0.949464,0.944424,0.853134,0.954527,0.931131,0.78778,0.617707,0.732084,0.847308,0.94779,0.919424,0.814895,0.690317,0.934973,0.78349,0.803657,0.869862,0.871997,0.722757,0.5992,0.762207,0.897206,0.902217,0.846422,0.660423,0.308651,0.847586,0.943449,0.898374,0.528456,0.842791
0.973927,0.933651,1,0.952299,0.931323,0.91041,0.579018,0.792975,0.678135,0.88639,0.941345,0.918868,0.959158,0.949762,0.816161,0.919489,0.963852,0.870267,0.883964,0.96865,0.952923,0.842631,0.868805,0.980445,0.804457,0.881063,0.903333,0.895907,0.509904,0.376883,0.542586,0.786095,0.910513,0.889073,0.929446,0.757256,0.681708,0.815263,0.961721,0.935135,0.651151,0.852815,0.955916,0.93002,0.990197,0.943421,0.909045,0.92479,0.844663,0.850293,0.731623,0.928983,0.950068,0.916011,0.969144,0.952362,0.868117,0.929816,0.957698,0.785636,0.709455,0.8246,0.860134,0.972502,0.963585,0.872677,0.733976,0.977453,0.791545,0.838163,0.881942,0.848575,0.731398,0.616064,0.807329,0.940627,0.929815,0.864296,0.673403,0.457252,0.847216,0.971458,0.93057,0.446933,0.886953
0.957764,0.935974,0.952299,1,0.89728,0.927046,0.556718,0.800982,0.609934,0.902943,0.953123,0.875738,0.92104,0.908328,0.818389,0.877928,0.934509,0.814876,0.901636,0.936474,0.951784,0.844162,0.830566,0.946799,0.794539,0.825627,0.903394,0.881098,0.53751,0.293272,0.509025,0.824506,0.890368,0.900894,0.902491,0.755095,0.625164,0.723723,0.936527,0.935773,0.547194,0.849424,0.94195,0.907603,0.951749,0.919939,0.882774,0.872654,0.866989,0.880843,0.645795,0.909855,0.952979,0.889592,0.946746,0.921309,0.858923,0.912397,0.916729,0.746297,0.676219,0.773276,0.857812,0.949506,0.940095,0.848833,0.65279,0.934616,0.814417,0.793471,0.885929,0.812594,0.695353,0.599885,0.765753,0.927711,0.919656,0.809059,0.640007,0.349364,0.831804,0.959428,0.911777,0.456362,0.841882
0.926782,0.887871,0.931323,0.89728,1,0.865431,0.620549,0.786555,0.642622,0.881255,0.906054,0.885417,0.913717,0.921311,0.805501,0.858823,0.902428,0.795533,0.84159,0.926389,0.896716,0.852422,0.843185,0.93428,0.759232,0.840618,0.930234,0.852443,0.568294,0.459329,0.532817,0.774474,0.879253,0.863612,0.91664,0.726342,0.659367,0.784642,0.919664,0.877831,0.581998,0.858252,0.904034,0.85569,0.930475,0.857438,0.879512,0.869543,0.838465,0.859062,0.699515,0.895511,0.903045,0.84431,0.900989,0.913203,0.78513,0.875392,0.907948,0.749521,0.618808,0.802304,0.83723,0.928038,0.921119,0.816819,0.738652,0.940132,0.692424,0.797768,0.832042,0.85379,0.755763,0.608374,0.809804,0.842768,0.893559,0.867417,0.672413,0.402735,0.767042,0.91033,0.849668,0.57029,0.826569
0.918021,0.872845,0.91041,0.927046,0.865431,1,0.539492,0.806835,0.65288,0.828454,0.894071,0.823199,0.870245,0.873699,0.737312,0.830039,0.896303,0.823147,0.868804,0.900101,0.910125,0.83429,0.783675,0.932062,0.756037,0.784232,0.852077,0.866592,0.509404,0.398603,0.4973,0.80083,0.859453,0.848617,0.903308,0.766623,0.578413,0.675339,0.907099,0.879867,0.516348,0.8368,0.895,0.862962,0.911943,0.864599,0.831935,0.86446,0.842614,0.824598,0.737179,0.864113,0.901615,0.850224,0.902274,0.880696,0.857222,0.8538,0.862962,0.647091,0.635755,0.767902,0.797044,0.893099,0.895148,0.824182,0.652555,0.898582,0.738622,0.762097,0.854811,0.751696,0.648366,0.620269,0.757294,0.886693,0.875984,0.796452,0.623542,0.313027,0.827003,0.912589,0.874894,0.525396,0.81918
0.592673,0.559018,0.579018,0.556718,0.620549,0.539492,1,0.750243,0.542069,0.561727,0.59885,0.492701,0.544138,0.666488,0.444,0.624174,0.567633,0.587355,0.488144,0.652955,0.593056,0.566908,0.498937,0.608185,0.522542,0.451328,0.682115,0.516055,0.690438,0.368463,0.452925,0.436923,0.588791,0.673025,0.610081,0.33935,0.411154,0.595574,0.690922,0.646972,0.487383,0.645392,0.542568,0.600567,0.595025,0.520819,0.53819,0.642202,0.620648,0.592397,0.473807,0.523788,0.591558,0.610076,0.581719,0.652661,0.479046,0.603376,0.554295,0.321369,0.508146,0.480636,0.582248,0.632419,0.621939,0.559249,0.532282,0.5818,0.424697,0.422359,0.641918,0.617193,0.470746,0.48171,0.61524,0.558263,0.622962,0.69778,0.375399,0.396249,0.5096,0.584332,0.636395,0.28616,0.658979
0.820325,0.842333,0.792975,0.800982,0.786555,0.806835,0.750243,1,0.563619,0.73702,0.785324,0.732028,0.770256,0.854239,0.744008,0.820096,0.800381,0.716232,0.727328,0.838992,0.823112,0.789388,0.692003,0.842292,0.728796,0.708624,0.831793,0.75954,0.655484,0.37849,0.534934,0.661482,0.784549,0.831466,0.822122,0.622609,0.463724,0.678976,0.858226,0.826651,0.631101,0.797505,0.80301,0.843212,0.802524,0.729408,0.726996,0.77897,0.725901,0.743168,0.651516,0.678471,0.795089,0.759429,0.83049,0.85615,0.711265,0.814287,0.807485,0.548078,0.524783,0.614607,0.742624,0.837377,0.807328,0.718619,0.630961,0.806975,0.640022,0.626782,0.787184,0.789237,0.58029,0.634847,0.714381,0.771882,0.824152,0.839997,0.568642,0.411768,0.758958,0.8089,0.825214,0.517281,0.796518
0.679813,0.598982,0.678135,0.609934,0.642622,0.65288,0.542069,0.563619,1,0.588717,0.675741,0.581782,0.611991,0.703792,0.589436,0.633629,0.618266,0.6837,0.542517,0.739785,0.704487,0.661909,0.66477,0.692864,0.656785,0.540169,0.688501,0.515278,0.266588,0.448341,0.314701,0.523744,0.651071,0.642905,0.677631,0.50212,0.516358,0.653235,0.720959,0.704439,0.566053,0.722303,0.64514,0.684908,0.692375,0.707872,0.680498,0.707726,0.662512,0.619422,0.477134,0.627455,0.635651,0.643154,0.638627,0.679791,0.504547,0.67356,0.615364,0.423318,0.720411,0.665404,0.66317,0.694943,0.726056,0.693471,0.618005,0.704668,0.527774,0.724177,0.610653,0.521055,0.457952,0.38852,0.722878,0.655209,0.699601,0.549127,0.593189,0.228016,0.667253,0.69122,0.716388,0.31969,0.686093
0.909387,0.913763,0.88639,0.902943,0.881255,0.828454,0.561727,0.73702,0.588717,1,0.92971,0.838775,0.891072,0.843468,0.811599,0.879964,0.87959,0.769282,0.859749,0.893434,0.923466,0.848407,0.84333,0.885524,0.686096,0.79916,0.859353,0.84535,0.642174,0.405933,0.359456,0.783179,0.889954,0.905671,0.901244,0.60364,0.510892,0.711759,0.90476,0.87783,0.503253,0.80997,0.909712,0.851012,0.903419,0.892818,0.831915,0.861093,0.883132,0.870211,0.637184,0.872031,0.905738,0.89725,0.892488,0.865069,0.79287,0.901423,0.877167,0.727327,0.655419,0.720669,0.876839,0.901614,0.909707,0.845432,0.61073,0.885886,0.755028,0.754631,0.852979,0.853535,0.751109,0.619433,0.805395,0.866888,0.900008,0.780509,0.592932,0.254122,0.746943,0.925292,0.889006,0.541324,0.792696
0.955407,0.927957,0.941345,0.953123,0.906054,0.894071,0.59885,0.785324,0.675741,0.92971,1,0.841482,0.922961,0.919702,0.835856,0.885767,0.925578,0.805207,0.851511,0.94312,0.950674,0.883131,0.862801,0.938149,0.782706,0.778889,0.909961,0.880419,0.572627,0.439507,0.446062,0.805462,0.888976,0.903371,0.926727,0.67485,0.635025,0.755667,0.940348,0.929932,0.554787,0.855053,0.926165,0.890986,0.945,0.933322,0.873652,0.893698,0.872631,0.916271,0.669758,0.923013,0.961159,0.901216,0.925005,0.920821,0.819091,0.9133,0.904102,0.697586,0.705632,0.818255,0.83959,0.94782,0.934611,0.886688,0.720748,0.940348,0.800329,0.833691,0.881126,0.843683,0.710064,0.63851,0.805581,0.897188,0.928211,0.836962,0.603375,0.281915,0.844325,0.970233,0.908455,0.493692,0.837509
0.886821,0.887553,0.918868,0.875738,0.885417,0.823199,0.492701,0.732028,0.581782,0.838775,0.841482,1,0.931903,0.872755,0.739532,0.890523,0.925407,0.810904,0.853978,0.882822,0.874806,0.770927,0.817409,0.895619,0.709859,0.922007,0.846461,0.788824,0.517158,0.298982,0.405732,0.750512,0.855118,0.840772,0.906332,0.72148,0.613896,0.701718,0.891042,0.873616,0.556625,0.822673,0.918408,0.898374,0.929509,0.872172,0.858827,0.868952,0.792654,0.783364,0.593462,0.848768,0.861684,0.875694,0.941272,0.888626,0.818411,0.892586,0.940908,0.749585,0.565565,0.718312,0.842508,0.923445,0.913344,0.710257,0.631677,0.901728,0.671482,0.802685,0.807966,0.764355,0.693152,0.56855,0.729936,0.871364,0.857745,0.762192,0.717176,0.411176,0.793619,0.900704,0.852811,0.406262,0.808882
0.936974,0.905762,0.959158,0.92104,0.913717,0.870245,0.544138,0.770256,0.611991,0.891072,0.922961,0.931903,1,0.908465,0.811341,0.916379,0.966332,0.809752,0.880954,0.935141,0.929943,0.829089,0.855708,0.939074,0.763815,0.870915,0.889389,0.8615,0.591955,0.375143,0.473594,0.824471,0.87802,0.887094,0.920716,0.720401,0.626962,0.78102,0.928786,0.913998,0.591781,0.818118,0.939243,0.896199,0.95996,0.907761,0.867176,0.894159,0.846064,0.852183,0.663722,0.896914,0.913904,0.91801,0.963937,0.934593,0.856086,0.917181,0.955122,0.72404,0.64515,0.811491,0.848836,0.955495,0.945401,0.830624,0.68722,0.94407,0.769533,0.84792,0.869055,0.81447,0.732447,0.599995,0.784982,0.899688,0.904854,0.835119,0.637902,0.408542,0.852258,0.950626,0.907135,0.482346,0.837082
0.9472,0.926588,0.949762,0.908328,0.921311,0.873699,0.666488,0.854239,0.703792,0.843468,0.919702,0.872755,0.908465,1,0.794053,0.904685,0.934734,0.834074,0.836264,0.941228,0.912444,0.844591,0.859629,0.953878,0.814017,0.87161,0.927454,0.870001,0.562925,0.446852,0.556591,0.752169,0.900147,0.894826,0.909521,0.738303,0.665469,0.818774,0.95703,0.929251,0.639789,0.886317,0.930564,0.929231,0.94627,0.90585,0.896829,0.903058,0.810344,0.839065,0.710465,0.876851,0.918447,0.873895,0.923478,0.951374,0.787035,0.911682,0.917394,0.696459,0.665449,0.836904,0.829908,0.951751,0.932764,0.823495,0.780586,0.957272,0.729061,0.824357,0.835681,0.829777,0.706634,0.602279,0.797976,0.881456,0.910538,0.900812,0.725625,0.395566,0.86026,0.930767,0.889228,0.448615,0.885587
0.854926,0.859854,0.816161,0.818389,0.805501,0.737312,0.444,0.744008,0.589436,0.811599,0.835856,0.739532,0.811341,0.794053,1,0.815072,0.786809,0.698342,0.758716,0.831312,0.849175,0.784891,0.820792,0.815429,0.732464,0.707653,0.804001,0.762541,0.534951,0.25255,0.378406,0.744016,0.77035,0.763077,0.803518,0.540473,0.432445,0.65375,0.787938,0.788498,0.474763,0.709797,0.850081,0.840876,0.813965,0.781128,0.77079,0.752274,0.765012,0.786152,0.53098,0.706048,0.830366,0.762076,0.803936,0.835248,0.725615,0.845661,0.816719,0.734271,0.675127,0.666595,0.74533,0.82617,0.775023,0.705183,0.629532,0.831396,0.766523,0.688254,0.832393,0.799962,0.655878,0.532176,0.688048,0.760804,0.788864,0.683982,0.505424,0.230752,0.720801,0.833166,0.804747,0.596985,0.744855
0.922615,0.938195,0.919489,0.877928,0.858823,0.830039,0.624174,0.820096,0.633629,0.879964,0.885767,0.890523,0.916379,0.904685,0.815072,1,0.916671,0.802546,0.830609,0.913003,0.897745,0.776797,0.822459,0.916992,0.819847,0.831334,0.834604,0.798179,0.645453,0.325648,0.462918,0.750722,0.858906,0.884521,0.930981,0.649756,0.528056,0.756429,0.922978,0.913652,0.550132,0.834553,0.948058,0.952444,0.923879,0.871067,0.850952,0.917436,0.820965,0.82226,0.689538,0.817148,0.877084,0.906549,0.945903,0.943787,0.828509,0.97772,0.919353,0.759945,0.599052,0.757975,0.868249,0.938568,0.921326,0.778716,0.668234,0.893197,0.793396,0.780072,0.87213,0.851125,0.744044,0.635214,0.766192,0.888669,0.868372,0.809723,0.595888,0.279008,0.828272,0.918733,0.918611,0.483194,0.854477
0.932034,0.922879,0.963852,0.934509,0.902428,0.896303,0.567633,0.800381,0.618266,0.87959,0.925578,0.925407,0.966332,0.934734,0.786809,0.916671,1,0.843075,0.87963,0.936471,0.931774,0.836153,0.860362,0.942657,0.745977,0.866205,0.900209,0.866037,0.569648,0.408747,0.540944,0.789703,0.89759,0.882033,0.919787,0.741139,0.652357,0.765623,0.944458,0.917888,0.615777,0.850192,0.930895,0.917259,0.956014,0.927178,0.884823,0.920536,0.827173,0.831928,0.701092,0.910987,0.924863,0.929953,0.970392,0.924335,0.870411,0.921603,0.969363,0.717414,0.678829,0.797201,0.851739,0.95184,0.949437,0.849627,0.707813,0.940979,0.775608,0.807176,0.855481,0.800284,0.70762,0.593478,0.771639,0.918052,0.918914,0.874156,0.659823,0.376559,0.850952,0.944876,0.906861,0.46299,0.86956
0.849327,0.790455,0.870267,0.814876,0.795533,0.823147,0.587355,0.716232,0.6837,0.769282,0.805207,0.810904,0.809752,0.834074,0.698342,0.802546,0.843075,1,0.822908,0.85502,0.839523,0.719106,0.768131,0.855555,0.646082,0.823096,0.809537,0.821192,0.438813,0.31644,0.460921,0.689995,0.847962,0.768426,0.819087,0.652772,0.485286,0.64675,0.865085,0.819724,0.577818,0.831116,0.832201,0.809864,0.867667,0.859665,0.810124,0.82288,0.796389,0.731349,0.65305,0.827477,0.841401,0.786411,0.82672,0.819652,0.782414,0.813611,0.825157,0.677679,0.69884,0.651501,0.795944,0.852767,0.844728,0.785165,0.582192,0.837199,0.657996,0.640804,0.821707,0.721836,0.62281,0.562709,0.716739,0.820487,0.815305,0.758748,0.653603,0.416165,0.70504,0.826109,0.838464,0.417957,0.851685
0.901887,0.842263,0.883964,0.901636,0.84159,0.868804,0.488144,0.727328,0.542517,0.859749,0.851511,0.853978,0.880954,0.836264,0.758716,0.830609,0.87963,0.822908,1,0.873845,0.906015,0.786937,0.813185,0.893031,0.710071,0.882118,0.840864,0.879564,0.501373,0.316304,0.460881,0.864514,0.899217,0.892788,0.873142,0.682075,0.430123,0.698245,0.880548,0.858389,0.45681,0.822681,0.886193,0.816495,0.887711,0.85259,0.865893,0.828887,0.799122,0.75181,0.635044,0.864698,0.890821,0.816904,0.862834,0.858343,0.80579,0.83744,0.864419,0.704185,0.616212,0.751813,0.899642,0.86813,0.889982,0.800558,0.608389,0.888606,0.717389,0.723177,0.865099,0.748672,0.760177,0.636227,0.713951,0.872992,0.873073,0.743512,0.623515,0.349017,0.758092,0.876245,0.897344,0.482173,0.861693
0.955451,0.929639,0.96865,0.936474,0.926389,0.900101,0.652955,0.838992,0.739785,0.893434,0.94312,0.882822,0.935141,0.941228,0.831312,0.913003,0.936471,0.85502,0.873845,1,0.975302,0.896039,0.874856,0.977634,0.796268,0.831703,0.938423,0.889947,0.550225,0.441402,0.527898,0.821803,0.915152,0.919616,0.941902,0.749599,0.660262,0.828879,0.977925,0.948593,0.651056,0.896903,0.933383,0.919468,0.966484,0.912448,0.91762,0.915544,0.880791,0.870966,0.714765,0.915549,0.946798,0.90685,0.952519,0.953262,0.819865,0.926874,0.926488,0.732427,0.746975,0.80033,0.896038,0.970066,0.972008,0.902674,0.753438,0.969448,0.792293,0.844559,0.890469,0.869769,0.740958,0.65869,0.873717,0.938411,0.953472,0.888227,0.652447,0.427513,0.870678,0.962841,0.943661,0.520291,0.900792
0.956732,0.937701,0.952923,0.951784,0.896716,0.910125,0.593056,0.823112,0.704487,0.923466,0.950674,0.874806,0.929943,0.912444,0.849175,0.897745,0.931774,0.839523,0.906015,0.975302,1,0.898558,0.896302,0.964037,0.793947,0.834811,0.910447,0.886509,0.549311,0.424251,0.472884,0.85274,0.912053,0.917929,0.929366,0.754725,0.62002,0.778903,0.95974,0.92394,0.58156,0.86653,0.934543,0.909482,0.95968,0.933478,0.914696,0.918336,0.899285,0.861957,0.708366,0.90895,0.953179,0.925492,0.946789,0.940214,0.836288,0.920801,0.926547,0.739921,0.735914,0.806835,0.893486,0.949274,0.958783,0.900451,0.736741,0.961632,0.797136,0.843139,0.900782,0.863084,0.738222,0.630184,0.816485,0.930939,0.950087,0.845749,0.624912,0.376668,0.88033,0.970353,0.958909,0.532159,0.889478
0.839209,0.829914,0.842631,0.844162,0.852422,0.83429,0.566908,0.789388,0.661909,0.848407,0.883131,0.770927,0.829089,0.844591,0.784891,0.776797,0.836153,0.719106,0.786937,0.896039,0.898558,1,0.747466,0.86443,0.683014,0.738379,0.893363,0.812215,0.558198,0.575879,0.430584,0.775483,0.89633,0.878665,0.843015,0.710638,0.617002,0.752884,0.892122,0.83727,0.573723,0.838,0.805678,0.774968,0.833786,0.825508,0.810724,0.82166,0.798682,0.838971,0.689584,0.83068,0.889066,0.834821,0.83841,0.82611,0.671089,0.787394,0.813155,0.545909,0.682956,0.747398,0.79049,0.843595,0.854948,0.824593,0.723803,0.880241,0.709473,0.772905,0.740601,0.780757,0.652657,0.59826,0.870764,0.825306,0.909064,0.830646,0.573163,0.312976,0.810345,0.884665,0.833671,0.537661,0.780319
0.88,0.875938,0.868805,0.830566,0.843185,0.783675,0.498937,0.692003,0.66477,0.84333,0.862801,0.817409,0.855708,0.859629,0.820792,0.822459,0.860362,0.768131,0.813185,0.874856,0.896302,0.747466,1,0.867188,0.673854,0.780489,0.84932,0.815475,0.476251,0.39342,0.418618,0.773331,0.779953,0.780192,0.844138,0.644683,0.549521,0.72146,0.851752,0.810542,0.460633,0.76025,0.886602,0.861888,0.891943,0.857253,0.861758,0.833627,0.849083,0.771845,0.599272,0.837959,0.859981,0.852319,0.852462,0.877925,0.784831,0.864549,0.882664,0.754692,0.686675,0.739076,0.785046,0.874905,0.865972,0.792605,0.74992,0.887084,0.728582,0.787137,0.842805,0.823643,0.684254,0.467753,0.685283,0.788366,0.818025,0.780879,0.61376,0.239779,0.791194,0.865754,0.859931,0.514539,0.843947
0.975933,0.945173,0.980445,0.946799,0.93428,0.932062,0.608185,0.842292,0.692864,0.885524,0.938149,0.895619,0.939074,0.953878,0.815429,0.916992,0.942657,0.855555,0.893031,0.977634,0.964037,0.86443,0.867188,1,0.811612,0.873445,0.916065,0.913212,0.532336,0.400798,0.53598,0.820983,0.908607,0.905475,0.94544,0.783374,0.660381,0.814156,0.970957,0.929093,0.627208,0.881705,0.959348,0.925596,0.980373,0.921224,0.904126,0.916057,0.871964,0.855066,0.761947,0.909455,0.94306,0.89046,0.956658,0.961462,0.858078,0.926019,0.932654,0.753076,0.668505,0.825215,0.875608,0.968951,0.964575,0.881475,0.754621,0.982121,0.759294,0.833481,0.886557,0.867416,0.758967,0.660757,0.836897,0.935175,0.932141,0.878961,0.670042,0.429198,0.870711,0.972169,0.931334,0.525591,0.902038
0.834393,0.789491,0.804457,0.794539,0.759232,0.756037,0.522542,0.728796,0.656785,0.686096,0.782706,0.709859,0.763815,0.814017,0.732464,0.819847,0.745977,0.646082,0.710071,0.796268,0.793947,0.683014,0.673854,0.811612,1,0.699509,0.724896,0.633473,0.421704,0.309453,0.516665,0.656931,0.739122,0.734602,0.797339,0.623676,0.533898,0.673254,0.774302,0.799512,0.50119,0.703727,0.798131,0.812087,0.8027,0.780364,0.798049,0.814435,0.647957,0.722598,0.613617,0.716907,0.758861,0.72742,0.78975,0.851595,0.637205,0.808085,0.762256,0.600623,0.522015,0.806577,0.733827,0.790427,0.788937,0.679256,0.668618,0.802899,0.665672,0.803425,0.735309,0.705554,0.560544,0.477349,0.59039,0.745824,0.755855,0.647699,0.550913,0.275796,0.808542,0.804047,0.807196,0.389565,0.694775
0.861699,0.84467,0.881063,0.825627,0.840618,0.784232,0.451328,0.708624,0.540169,0.79916,0.778889,0.922007,0.870915,0.87161,0.707653,0.831334,0.866205,0.823096,0.882118,0.831703,0.834811,0.738379,0.780489,0.873445,0.699509,1,0.823439,0.808771,0.473151,0.312393,0.455893,0.755439,0.882856,0.826282,0.830282,0.734813,0.547175,0.756585,0.864508,0.815552,0.563499,0.78343,0.886374,0.841196,0.889813,0.847126,0.856685,0.820512,0.722293,0.709721,0.636203,0.824491,0.819838,0.80126,0.864089,0.854447,0.753247,0.82,0.879535,0.730753,0.496395,0.749164,0.835117,0.861793,0.869321,0.679155,0.632396,0.888702,0.568594,0.742768,0.74929,0.726867,0.69754,0.53557,0.692973,0.817889,0.831265,0.746778,0.760882,0.447933,0.759913,0.844329,0.822811,0.374728,0.825147
0.896756,0.876442,0.903333,0.903394,0.930234,0.852077,0.682115,0.831793,0.688501,0.859353,0.909961,0.846461,0.889389,0.927454,0.804001,0.834604,0.900209,0.809537,0.840864,0.938423,0.910447,0.893363,0.84932,0.916065,0.724896,0.823439,1,0.866829,0.606932,0.455472,0.548041,0.806114,0.894669,0.899361,0.876668,0.746069,0.662512,0.815325,0.940622,0.910157,0.614361,0.888572,0.884158,0.858749,0.907932,0.852024,0.878721,0.845449,0.868066,0.884121,0.630681,0.905607,0.909007,0.849597,0.892136,0.903404,0.743799,0.862933,0.878702,0.634119,0.685606,0.763584,0.861161,0.935601,0.926109,0.825293,0.713499,0.918323,0.706866,0.769181,0.839644,0.808688,0.693721,0.576592,0.854945,0.850081,0.913388,0.878346,0.664354,0.349411,0.825135,0.90432,0.866619,0.509569,0.871456
0.89269,0.85318,0.895907,0.881098,0.852443,0.866592,0.516055,0.75954,0.515278,0.84535,0.880419,0.788824,0.8615,0.870001,0.762541,0.798179,0.866037,0.821192,0.879564,0.889947,0.886509,0.812215,0.815475,0.913212,0.633473,0.808771,0.866829,1,0.511061,0.370332,0.427413,0.801208,0.871281,0.862569,0.851132,0.719977,0.570657,0.732643,0.888754,0.857829,0.497354,0.807635,0.877896,0.800022,0.886538,0.830015,0.815579,0.779009,0.818829,0.801123,0.662592,0.87978,0.905626,0.795613,0.849625,0.851621,0.758458,0.820985,0.828559,0.659483,0.641752,0.696195,0.801042,0.884335,0.856478,0.827033,0.606963,0.887426,0.707483,0.66946,0.831935,0.831856,0.718859,0.692485,0.77108,0.869484,0.855598,0.840951,0.563479,0.385969,0.774861,0.890917,0.830106,0.493677,0.844008
0.543809,0.592666,0.509904,0.53751,0.568294,0.509404,0.690438,0.655484,0.266588,0.642174,0.572627,0.517158,0.591955,0.562925,0.534951,0.645453,0.569648,0.438813,0.501373,0.550225,0.549311,0.558198,0.476251,0.532336,0.421704,0.473151,0.606932,0.511061,1,0.335867,0.152549,0.578076,0.573435,0.663576,0.568418,0.317271,0.279038,0.500311,0.593225,0.56916,0.251047,0.549179,0.583163,0.565848,0.530461,0.490881,0.435861,0.607567,0.672665,0.643189,0.453982,0.459588,0.545616,0.655708,0.581403,0.587183,0.549486,0.604311,0.517522,0.338731,0.346472,0.421937,0.479405,0.58506,0.536904,0.401533,0.423747,0.507988,0.466873,0.323775,0.577377,0.570386,0.532421,0.406631,0.54954,0.532026,0.537324,0.63239,0.265367,0.0984876,0.48094,0.562962,0.556173,0.381544,0.51558
0.341003,0.309469,0.376883,0.293272,0.459329,0.398603,0.368463,0.37849,0.448341,0.405933,0.439507,0.298982,0.375143,0.446852,0.25255,0.325648,0.408747,0.31644,0.316304,0.441402,0.424251,0.575879,0.39342,0.400798,0.309453,0.312393,0.455472,0.370332,0.335867,1,0.178113,0.354496,0.476117,0.438848,0.440387,0.345554,0.442315,0.518495,0.439132,0.344657,0.411125,0.492046,0.292297,0.264688,0.363707,0.428449,0.437764,0.503797,0.337126,0.369307,0.543236,0.482346,0.404487,0.440292,0.368596,0.33249,0.181255,0.296454,0.380939,0.0979736,0.344514,0.546253,0.316295,0.360666,0.428037,0.496489,0.592562,0.44553,0.184154,0.459491,0.186865,0.434818,0.341075,0.446922,0.504749,0.372408,0.49605,0.541324,0.32041,0.0984,0.451669,0.411817,0.406512,0.278493,0.413759
0.49769,0.489675,0.542586,0.509025,0.532817,0.4973,0.452925,0.534934,0.314701,0.359456,0.446062,0.405732,0.473594,0.556591,0.378406,0.462918,0.540944,0.460921,0.460881,0.527898,0.472884,0.430584,0.418618,0.53598,0.516665,0.455893,0.548041,0.427413,0.152549,0.178113,1,0.272611,0.462317,0.416093,0.437655,0.470495,0.403209,0.508468,0.540792,0.489192,0.518459,0.409476,0.43153,0.482277,0.510796,0.435319,0.505652,0.454124,0.315097,0.381463,0.55551,0.538642,0.510954,0.426121,0.508199,0.530297,0.437535,0.465429,0.556287,0.372235,0.321461,0.466938,0.47737,0.505698,0.518264,0.576466,0.404481,0.521894,0.473971,0.450038,0.466855,0.413997,0.218262,0.197272,0.371499,0.421574,0.501552,0.584668,0.341143,0.315641,0.474229,0.447254,0.499132,0.304152,0.497613
0.805819,0.782745,0.786095,0.824506,0.774474,0.80083,0.436923,0.661482,0.523744,0.783179,0.805462,0.750512,0.824471,0.752169,0.744016,0.750722,0.789703,0.689995,0.864514,0.821803,0.85274,0.775483,0.773331,0.820983,0.656931,0.755439,0.806114,0.801208,0.578076,0.354496,0.272611,1,0.804389,0.829027,0.798036,0.71821,0.454988,0.706099,0.802016,0.759068,0.340994,0.758481,0.820211,0.737223,0.798908,0.746388,0.785996,0.759919,0.834844,0.813319,0.564027,0.782527,0.793239,0.786298,0.796447,0.812391,0.74627,0.745488,0.752759,0.60504,0.515973,0.714898,0.792871,0.796343,0.803627,0.716434,0.666831,0.813084,0.613069,0.676689,0.792539,0.717301,0.774795,0.573412,0.72267,0.799632,0.807468,0.729151,0.463858,0.256639,0.780863,0.809295,0.803305,0.457077,0.813033
0.900553,0.870052,0.910513,0.890368,0.879253,0.859453,0.588791,0.784549,0.651071,0.889954,0.888976,0.855118,0.87802,0.900147,0.77035,0.858906,0.89759,0.847962,0.899217,0.915152,0.912053,0.89633,0.779953,0.908607,0.739122,0.882856,0.894669,0.871281,0.573435,0.476117,0.462317,0.804389,1,0.944717,0.880998,0.706709,0.548495,0.802383,0.932054,0.896943,0.636454,0.862967,0.884948,0.854229,0.895878,0.882265,0.843025,0.867882,0.800215,0.817886,0.732569,0.879317,0.893907,0.871847,0.883028,0.862217,0.734735,0.853531,0.862451,0.664346,0.675515,0.783906,0.894514,0.892814,0.916184,0.838104,0.680245,0.910843,0.696779,0.739739,0.801442,0.781126,0.745464,0.608653,0.853289,0.895964,0.939431,0.829995,0.664699,0.407297,0.796917,0.902991,0.8891,0.471695,0.85755
0.90498,0.881738,0.889073,0.900894,0.863612,0.848617,0.673025,0.831466,0.642905,0.905671,0.903371,0.840772,0.887094,0.894826,0.763077,0.884521,0.882033,0.768426,0.892788,0.919616,0.917929,0.878665,0.780192,0.905475,0.734602,0.826282,0.899361,0.862569,0.663576,0.438848,0.416093,0.829027,0.944717,1,0.899871,0.663235,0.525447,0.805214,0.94426,0.933985,0.571375,0.891197,0.900272,0.870117,0.896625,0.852489,0.827211,0.861673,0.834479,0.843565,0.641367,0.846438,0.897169,0.877157,0.893995,0.890053,0.747772,0.879444,0.855152,0.62378,0.661401,0.757558,0.908826,0.917659,0.926898,0.836414,0.661062,0.901276,0.711833,0.75273,0.845645,0.814335,0.788724,0.69014,0.85718,0.909061,0.942309,0.827497,0.626411,0.378823,0.804575,0.918877,0.909401,0.453539,0.874662
0.944042,0.927911,0.929446,0.902491,0.91664,0.903308,0.610081,0.822122,0.677631,0.901244,0.926727,0.906332,0.920716,0.909521,0.803518,0.930981,0.919787,0.819087,0.873142,0.941902,0.929366,0.843015,0.844138,0.94544,0.797339,0.830282,0.876668,0.851132,0.568418,0.440387,0.437655,0.798036,0.880998,0.899871,1,0.65949,0.567085,0.711303,0.938017,0.920698,0.537662,0.893109,0.935873,0.912511,0.942314,0.897489,0.879757,0.913137,0.837898,0.86481,0.666013,0.873346,0.911769,0.882219,0.938346,0.928975,0.819245,0.926779,0.923472,0.697779,0.642187,0.763104,0.890861,0.941429,0.937025,0.838741,0.693094,0.934451,0.714984,0.842333,0.882509,0.856452,0.759309,0.730659,0.809309,0.909754,0.919718,0.826466,0.673986,0.325995,0.844174,0.940142,0.90688,0.535066,0.857014
0.692357,0.713761,0.757256,0.755095,0.726342,0.766623,0.33935,0.622609,0.50212,0.60364,0.67485,0.72148,0.720401,0.738303,0.540473,0.649756,0.741139,0.652772,0.682075,0.749599,0.754725,0.710638,0.644683,0.783374,0.623676,0.734813,0.746069,0.719977,0.317271,0.345554,0.470495,0.71821,0.706709,0.663235,0.65949,1,0.740119,0.704148,0.739549,0.679697,0.457829,0.704242,0.725879,0.673304,0.742914,0.701025,0.747701,0.687262,0.70436,0.664101,0.651592,0.755333,0.711746,0.700256,0.762661,0.71749,0.624444,0.672284,0.719818,0.565244,0.395107,0.649369,0.633904,0.741072,0.739756,0.634837,0.568606,0.757054,0.5332,0.655663,0.54946,0.610059,0.512177,0.392881,0.634246,0.713963,0.71498,0.692805,0.536445,0.323845,0.811401,0.731354,0.673682,0.351342,0.710422
0.581038,0.578383,0.681708,0.625164,0.659367,0.578413,0.411154,0.463724,0.516358,0.510892,0.635025,0.613896,0.626962,0.665469,0.432445,0.528056,0.652357,0.485286,0.430123,0.660262,0.62002,0.617002,0.549521,0.660381,0.533898,0.547175,0.662512,0.570657,0.279038,0.442315,0.403209,0.454988,0.548495,0.525447,0.567085,0.740119,1,0.684253,0.644829,0.584162,0.499309,0.564413,0.562641,0.565548,0.663325,0.649667,0.635189,0.643548,0.557091,0.600975,0.490823,0.69498,0.617827,0.629425,0.649043,0.599334,0.434202,0.539885,0.62753,0.413825,0.45925,0.635577,0.455476,0.649075,0.647261,0.579756,0.608368,0.676911,0.384651,0.647468,0.427548,0.558117,0.36128,0.325473,0.553576,0.631959,0.610989,0.630487,0.498426,0.36102,0.694834,0.666386,0.52919,0.16072,0.546666
0.764826,0.732121,0.815263,0.723723,0.784642,0.675339,0.595574,0.678976,0.653235,0.711759,0.755667,0.701718,0.78102,0.818774,0.65375,0.756429,0.765623,0.64675,0.698245,0.828879,0.778903,0.752884,0.72146,0.814156,0.673254,0.756585,0.815325,0.732643,0.500311,0.518495,0.508468,0.706099,0.802383,0.805214,0.711303,0.704148,0.684253,1,0.824413,0.761367,0.70447,0.708409,0.758344,0.745937,0.804315,0.736142,0.771771,0.768529,0.681565,0.69513,0.671373,0.777027,0.748561,0.766287,0.774879,0.794433,0.607317,0.738884,0.760676,0.605551,0.554785,0.786367,0.736013,0.802983,0.819344,0.740011,0.736987,0.827373,0.572445,0.694704,0.6512,0.727122,0.647054,0.499415,0.791992,0.762864,0.805836,0.784524,0.546538,0.449468,0.745036,0.789223,0.792142,0.318744,0.817713
0.954435,0.93395,0.961721,0.936527,0.919664,0.907099,0.690922,0.858226,0.720959,0.90476,0.940348,0.891042,0.928786,0.95703,0.787938,0.922978,0.944458,0.865085,0.880548,0.977925,0.95974,0.892122,0.851752,0.970957,0.774302,0.864508,0.940622,0.888754,0.593225,0.439132,0.540792,0.802016,0.932054,0.94426,0.938017,0.739549,0.644829,0.824413,1,0.958063,0.638187,0.912648,0.934537,0.928438,0.967243,0.911257,0.903229,0.920405,0.870431,0.868151,0.714404,0.911711,0.942677,0.918091,0.953132,0.956238,0.820558,0.928938,0.929015,0.709245,0.697087,0.804352,0.905703,0.973781,0.978633,0.892973,0.741276,0.962043,0.756714,0.825455,0.884184,0.861146,0.748522,0.668206,0.854286,0.941372,0.957449,0.901269,0.680974,0.419338,0.855139,0.960746,0.946807,0.467567,0.913749
0.936849,0.906645,0.935135,0.935773,0.877831,0.879867,0.646972,0.826651,0.704439,0.87783,0.929932,0.873616,0.913998,0.929251,0.788498,0.913652,0.917888,0.819724,0.858389,0.948593,0.92394,0.83727,0.810542,0.929093,0.799512,0.815552,0.910157,0.857829,0.56916,0.344657,0.489192,0.759068,0.896943,0.933985,0.920698,0.679697,0.584162,0.761367,0.958063,1,0.585279,0.892429,0.927231,0.923402,0.937309,0.891427,0.886775,0.875431,0.835296,0.869006,0.601487,0.881949,0.924436,0.88693,0.935973,0.930774,0.794838,0.937711,0.899619,0.673762,0.719717,0.762182,0.890884,0.964719,0.951906,0.842889,0.644261,0.917266,0.814022,0.820152,0.869588,0.801835,0.683723,0.663683,0.812893,0.930538,0.920123,0.813111,0.668601,0.340059,0.833448,0.936869,0.922734,0.407146,0.850191
0.575431,0.553084,0.651151,0.547194,0.581998,0.516348,0.487383,0.631101,0.566053,0.503253,0.554787,0.556625,0.591781,0.639789,0.474763,0.550132,0.615777,0.577818,0.45681,0.651056,0.58156,0.573723,0.460633,0.627208,0.50119,0.563499,0.614361,0.497354,0.251047,0.411125,0.518459,0.340994,0.636454,0.571375,0.537662,0.457829,0.499309,0.70447,0.638187,0.585279,1,0.510579,0.526634,0.598571,0.615486,0.588406,0.508699,0.556668,0.415588,0.474486,0.580676,0.552795,0.520046,0.539568,0.615527,0.558943,0.447098,0.538375,0.619803,0.459509,0.483069,0.532488,0.56083,0.629765,0.651612,0.628019,0.476862,0.632571,0.399586,0.504922,0.473358,0.468265,0.347964,0.35163,0.659427,0.602439,0.656575,0.609547,0.491941,0.61304,0.526826,0.59393,0.626901,0.235684,0.577125
0.862512,0.838812,0.852815,0.849424,0.858252,0.8368,0.645392,0.797505,0.722303,0.80997,0.855053,0.822673,0.818118,0.886317,0.709797,0.834553,0.850192,0.831116,0.822681,0.896903,0.86653,0.838,0.76025,0.881705,0.703727,0.78343,0.888572,0.807635,0.549179,0.492046,0.409476,0.758481,0.862967,0.891197,0.893109,0.704242,0.564413,0.708409,0.912648,0.892429,0.510579,1,0.860534,0.822902,0.864592,0.845415,0.856604,0.861028,0.816999,0.80188,0.597242,0.83204,0.869874,0.798217,0.853562,0.851407,0.73591,0.841318,0.827393,0.587189,0.678844,0.701132,0.837828,0.894363,0.890331,0.807302,0.688518,0.87856,0.645956,0.748304,0.767743,0.785362,0.742263,0.710311,0.822332,0.87091,0.891114,0.822782,0.716122,0.310063,0.771674,0.868639,0.833667,0.456098,0.872226
0.970746,0.964732,0.955916,0.94195,0.904034,0.895,0.542568,0.80301,0.64514,0.909712,0.926165,0.918408,0.939243,0.930564,0.850081,0.948058,0.930895,0.832201,0.886193,0.933383,0.934543,0.805678,0.886602,0.959348,0.798131,0.886374,0.884158,0.877896,0.583163,0.292297,0.43153,0.820211,0.884948,0.900272,0.935873,0.725879,0.562641,0.758344,0.934537,0.927231,0.526634,0.860534,1,0.954358,0.96895,0.919066,0.883135,0.901816,0.880504,0.8623,0.668966,0.870004,0.926112,0.896324,0.957952,0.954397,0.888101,0.961697,0.934705,0.796939,0.637272,0.769953,0.864364,0.96498,0.940337,0.797534,0.68317,0.9457,0.787447,0.803738,0.893573,0.856774,0.766002,0.610124,0.789513,0.904763,0.895529,0.807811,0.682619,0.31191,0.835541,0.960424,0.908558,0.504649,0.875898
0.940199,0.958796,0.93002,0.907603,0.85569,0.862962,0.600567,0.843212,0.684908,0.851012,0.890986,0.898374,0.896199,0.929231,0.840876,0.952444,0.917259,0.809864,0.816495,0.919468,0.909482,0.774968,0.861888,0.925596,0.812087,0.841196,0.858749,0.800022,0.565848,0.264688,0.482277,0.737223,0.854229,0.870117,0.912511,0.673304,0.565548,0.745937,0.928438,0.923402,0.598571,0.822902,0.954358,1,0.940727,0.877962,0.856057,0.887025,0.811227,0.807175,0.638218,0.804687,0.882179,0.887596,0.944638,0.950295,0.834264,0.964922,0.925427,0.776916,0.651891,0.745495,0.845904,0.947421,0.923096,0.763418,0.686422,0.913734,0.779061,0.800755,0.885829,0.818826,0.677857,0.569237,0.73912,0.890587,0.870258,0.79875,0.678659,0.334666,0.834202,0.92139,0.908374,0.474296,0.850791
0.980056,0.945845,0.990197,0.951749,0.930475,0.911943,0.595025,0.802524,0.692375,0.903419,0.945,0.929509,0.95996,0.94627,0.813965,0.923879,0.956014,0.867667,0.887711,0.966484,0.95968,0.833786,0.891943,0.980373,0.8027,0.889813,0.907932,0.886538,0.530461,0.363707,0.510796,0.798908,0.895878,0.896625,0.942314,0.742914,0.663325,0.804315,0.967243,0.937309,0.615486,0.864592,0.96895,0.940727,1,0.947195,0.91422,0.927648,0.868841,0.856619,0.693878,0.923956,0.949515,0.918653,0.971413,0.965671,0.879487,0.93856,0.960794,0.783065,0.695489,0.814623,0.87173,0.978915,0.971916,0.865019,0.734217,0.979529,0.766543,0.855322,0.901023,0.863733,0.739159,0.619553,0.795188,0.934166,0.929491,0.854025,0.705488,0.439561,0.848828,0.978178,0.93826,0.461731,0.89213
0.933666,0.90406,0.943421,0.919939,0.857438,0.864599,0.520819,0.729408,0.707872,0.892818,0.933322,0.872172,0.907761,0.90585,0.781128,0.871067,0.927178,0.859665,0.85259,0.912448,0.933478,0.825508,0.857253,0.921224,0.780364,0.847126,0.852024,0.830015,0.490881,0.428449,0.435319,0.746388,0.882265,0.852489,0.897489,0.701025,0.649667,0.736142,0.911257,0.891427,0.588406,0.845415,0.919066,0.877962,0.947195,1,0.884658,0.916601,0.832154,0.832817,0.674043,0.906082,0.925013,0.906799,0.91985,0.885177,0.834705,0.890002,0.916052,0.718129,0.742786,0.802177,0.817313,0.917803,0.918941,0.856281,0.701521,0.94092,0.750352,0.836779,0.810248,0.786635,0.668001,0.546281,0.760396,0.906598,0.90962,0.788913,0.738398,0.347062,0.837482,0.948754,0.90427,0.402997,0.837647
0.897845,0.865243,0.909045,0.882774,0.879512,0.831935,0.53819,0.726996,0.680498,0.831915,0.873652,0.858827,0.867176,0.896829,0.77079,0.850952,0.884823,0.810124,0.865893,0.91762,0.914696,0.810724,0.861758,0.904126,0.798049,0.856685,0.878721,0.815579,0.435861,0.437764,0.505652,0.785996,0.843025,0.827211,0.879757,0.747701,0.635189,0.771771,0.903229,0.886775,0.508699,0.856604,0.883135,0.856057,0.91422,0.884658,1,0.895077,0.786793,0.786585,0.612208,0.906015,0.902617,0.843798,0.890162,0.911498,0.757907,0.875686,0.899241,0.742066,0.684079,0.80427,0.863172,0.897814,0.914852,0.791444,0.732453,0.91859,0.726663,0.843301,0.81028,0.814712,0.671836,0.615558,0.715105,0.860812,0.873328,0.800024,0.67529,0.333057,0.812866,0.888917,0.892393,0.414706,0.855912
0.910059,0.878896,0.92479,0.872654,0.869543,0.86446,0.642202,0.77897,0.707726,0.861093,0.893698,0.868952,0.894159,0.903058,0.752274,0.917436,0.920536,0.82288,0.828887,0.915544,0.918336,0.82166,0.833627,0.916057,0.814435,0.820512,0.845449,0.779009,0.607567,0.503797,0.454124,0.759919,0.867882,0.861673,0.913137,0.687262,0.643548,0.768529,0.920405,0.875431,0.556668,0.861028,0.901816,0.887025,0.927648,0.916601,0.895077,1,0.838041,0.811855,0.753931,0.868728,0.894037,0.921549,0.925605,0.909502,0.836272,0.895483,0.909805,0.698929,0.672547,0.831149,0.824981,0.909651,0.92377,0.816635,0.789438,0.9134,0.731769,0.804368,0.841336,0.822519,0.73889,0.601235,0.763167,0.881122,0.893811,0.831426,0.610246,0.318743,0.831723,0.927838,0.907706,0.426074,0.875532
0.855975,0.849971,0.844663,0.866989,0.838465,0.842614,0.620648,0.725901,0.662512,0.883132,0.872631,0.792654,0.846064,0.810344,0.765012,0.820965,0.827173,0.796389,0.799122,0.880791,0.899285,0.798682,0.849083,0.871964,0.647957,0.722293,0.868066,0.818829,0.672665,0.337126,0.315097,0.834844,0.800215,0.834479,0.837898,0.70436,0.557091,0.681565,0.870431,0.835296,0.415588,0.816999,0.880504,0.811227,0.868841,0.832154,0.786793,0.838041,1,0.888098,0.6391,0.826003,0.862321,0.874938,0.856345,0.852094,0.824124,0.855933,0.803976,0.650994,0.653806,0.682859,0.787758,0.887371,0.864328,0.787847,0.638412,0.840924,0.736181,0.682219,0.860128,0.792741,0.697452,0.511484,0.804454,0.821949,0.818679,0.759757,0.503575,0.204057,0.784041,0.886456,0.851112,0.529383,0.814597
0.852092,0.860676,0.850293,0.880843,0.859062,0.824598,0.592397,0.743168,0.619422,0.870211,0.916271,0.783364,0.852183,0.839065,0.786152,0.82226,0.831928,0.731349,0.75181,0.870966,0.861957,0.838971,0.771845,0.855066,0.722598,0.709721,0.884121,0.801123,0.643189,0.369307,0.381463,0.813319,0.817886,0.843565,0.86481,0.664101,0.600975,0.69513,0.868151,0.869006,0.474486,0.80188,0.8623,0.807175,0.856619,0.832817,0.786585,0.811855,0.888098,1,0.583885,0.85433,0.86942,0.857282,0.866237,0.853443,0.747071,0.840214,0.816812,0.584629,0.579177,0.694201,0.777666,0.89204,0.847875,0.787188,0.623294,0.836691,0.72353,0.732887,0.821228,0.789387,0.645891,0.575224,0.801221,0.825025,0.852778,0.781981,0.504935,0.191674,0.819428,0.883854,0.824775,0.389955,0.761415
0.699593,0.679083,0.731623,0.645795,0.699515,0.737179,0.473807,0.651516,0.477134,0.637184,0.669758,0.593462,0.663722,0.710465,0.53098,0.689538,0.701092,0.65305,0.635044,0.714765,0.708366,0.689584,0.599272,0.761947,0.613617,0.636203,0.630681,0.662592,0.453982,0.543236,0.55551,0.564027,0.732569,0.641367,0.666013,0.651592,0.490823,0.671373,0.714404,0.601487,0.580676,0.597242,0.668966,0.638218,0.693878,0.674043,0.612208,0.753931,0.6391,0.583885,1,0.685299,0.682358,0.703893,0.687014,0.676775,0.672354,0.645598,0.66252,0.57309,0.403237,0.744118,0.579979,0.667519,0.696358,0.7134,0.702555,0.726412,0.586841,0.549042,0.591656,0.629937,0.564724,0.393103,0.674707,0.64467,0.682042,0.743905,0.356605,0.295475,0.662986,0.701037,0.695997,0.535782,0.664559
0.889795,0.848056,0.928983,0.909855,0.895511,0.864113,0.523788,0.678471,0.627455,0.872031,0.923013,0.848768,0.896914,0.876851,0.706048,0.817148,0.910987,0.827477,0.864698,0.915549,0.90895,0.83068,0.837959,0.909455,0.716907,0.824491,0.905607,0.87978,0.459588,0.482346,0.538642,0.782527,0.879317,0.846438,0.873346,0.755333,0.69498,0.777027,0.911711,0.881949,0.552795,0.83204,0.870004,0.804687,0.923956,0.906082,0.906015,0.868728,0.826003,0.85433,0.685299,1,0.932127,0.878304,0.900419,0.865846,0.767864,0.845584,0.889053,0.672247,0.670185,0.796788,0.839722,0.910543,0.925011,0.878851,0.669544,0.911352,0.732751,0.811842,0.805947,0.792751,0.659878,0.591506,0.781088,0.8722,0.898116,0.834918,0.616013,0.320431,0.818708,0.915357,0.873823,0.404141,0.835645
0.9516,0.922779,0.950068,0.952979,0.903045,0.901615,0.591558,0.795089,0.635651,0.905738,0.961159,0.861684,0.913904,0.918447,0.830366,0.877084,0.924863,0.841401,0.890821,0.946798,0.953179,0.889066,0.859981,0.94306,0.758861,0.819838,0.909007,0.905626,0.545616,0.404487,0.510954,0.793239,0.893907,0.897169,0.911769,0.711746,0.617827,0.748561,0.942677,0.924436,0.520046,0.869874,0.926112,0.882179,0.949515,0.925013,0.902617,0.894037,0.862321,0.86942,0.682358,0.932127,1,0.904151,0.933331,0.925965,0.838803,0.910412,0.921782,0.71071,0.733627,0.775231,0.833869,0.940238,0.919173,0.86943,0.700061,0.946624,0.839633,0.814753,0.880891,0.853203,0.686947,0.65116,0.794225,0.894277,0.926514,0.856975,0.618641,0.332821,0.830408,0.962697,0.911598,0.478301,0.865004
