1,0.920904,0.96491,0.897316,0.870456,0.89597,0.32444,0.800575,0.551509,0.853416,0.892742,0.79161,0.901418,0.878141,0.858647,0.872601,0.906459,0.72933,0.79268,0.933954,0.898956,0.726954,0.692762,0.944982,0.681786,0.860084,0.878473,0.874146,0.324871,0.367306,0.396766,0.812089,0.855425,0.892609,0.811133,0.597631,0.468969,0.803106,0.938791,0.896977,0.694607,0.769924,0.932818,0.919021,0.962936,0.890243,0.882468,0.906903,0.792833,0.656706,0.662122,0.823591,0.887104,0.753195,0.921393,0.913864,0.841481,0.894291,0.905812,0.670663,0.74664,0.734756,0.81419,0.957767,0.940583,0.893746,0.694219,0.956141,0.606878,0.761268,0.896864,0.816314,0.426047,0.536912,0.697723,0.821408,0.901868,0.798588,0.499699,0.542038,0.700774,0.928051,0.908461,0.537426,0.797689
0.920904,1,0.911714,0.880482,0.848105,0.890649,0.351328,0.718586,0.62119,0.791824,0.836126,0.739288,0.877474,0.883039,0.83374,0.872451,0.894133,0.659516,0.743624,0.894628,0.858425,0.749346,0.61199,0.916225,0.654387,0.758893,0.83222,0.799238,0.315316,0.440285,0.469277,0.804163,0.838903,0.89659,0.802855,0.57338,0.392554,0.765743,0.886554,0.87883,0.626508,0.711149,0.900666,0.882771,0.918103,0.80113,0.845989,0.832917,0.658146,0.600147,0.573925,0.74206,0.829343,0.721884,0.885863,0.865098,0.870627,0.859779,0.885671,0.588964,0.704773,0.694492,0.750164,0.897335,0.895626,0.823247,0.61035,0.907406,0.523171,0.821238,0.789075,0.800092,0.292177,0.433771,0.621851,0.822093,0.899254,0.787637,0.508816,0.517118,0.643305,0.897708,0.819471,0.436929,0.764086
0.96491,0.911714,1,0.92087,0.867578,0.918026,0.346156,0.846162,0.533184,0.864727,0.870292,0.822085,0.936563,0.896528,0.813812,0.880591,0.927098,0.709022,0.797743,0.940252,0.921406,0.745009,0.706939,0.962547,0.655129,0.891931,0.901347,0.875414,0.39205,0.386952,0.374976,0.804865,0.858614,0.920516,0.877897,0.563243,0.487142,0.794948,0.946046,0.883914,0.68877,0.801944,0.947799,0.93486,0.981955,0.878043,0.870267,0.899831,0.740777,0.634308,0.698948,0.841835,0.914387,0.804056,0.936975,0.926051,0.837289,0.92429,0.916601,0.65662,0.748838,0.781594,0.839236,0.960823,0.958148,0.892167,0.714829,0.954542,0.625377,0.777063,0.858523,0.834306,0.415555,0.461667,0.729338,0.834947,0.898377,0.819096,0.545366,0.592632,0.655347,0.953271,0.902811,0.571124,0.780457
0.897316,0.880482,0.92087,1,0.83027,0.911473,0.34325,0.778948,0.650582,0.808007,0.815903,0.75081,0.913544,0.856304,0.749031,0.798308,0.876609,0.682644,0.775067,0.89431,0.86856,0.666909,0.675633,0.938562,0.59622,0.809889,0.876705,0.828756,0.311896,0.470667,0.393421,0.822156,0.813483,0.892996,0.854452,0.522808,0.348,0.78711,0.880123,0.862116,0.651311,0.799481,0.918176,0.88719,0.921691,0.857293,0.8387,0.824218,0.666759,0.662004,0.694374,0.795141,0.828435,0.787388,0.932638,0.884915,0.80208,0.843995,0.885193,0.529915,0.761943,0.708753,0.78715,0.935285,0.91668,0.815962,0.758579,0.897421,0.563654,0.698825,0.823282,0.818504,0.514544,0.419418,0.628232,0.783162,0.880474,0.803346,0.511725,0.54769,0.72504,0.92122,0.806942,0.558326,0.814597
0.870456,0.848105,0.867578,0.83027,1,0.86585,0.328177,0.72549,0.625259,0.765294,0.757967,0.827961,0.862625,0.830611,0.742647,0.760438,0.824948,0.690894,0.730346,0.848853,0.823161,0.721337,0.649668,0.893075,0.589686,0.821985,0.776481,0.759196,0.29995,0.386734,0.318574,0.780495,0.746064,0.817846,0.800434,0.553815,0.460502,0.658063,0.823945,0.797178,0.720841,0.735284,0.828992,0.824438,0.870636,0.754494,0.846468,0.786707,0.667155,0.58294,0.71648,0.668177,0.770712,0.784857,0.843427,0.832673,0.833018,0.795945,0.849997,0.571332,0.601896,0.709165,0.763027,0.851288,0.857333,0.812528,0.65392,0.894955,0.545846,0.76597,0.7918,0.700605,0.438135,0.518849,0.674739,0.731995,0.820567,0.686299,0.315135,0.519373,0.56705,0.838638,0.81502,0.43667,0.805616
0.89597,0.890649,0.918026,0.911473,0.86585,1,0.432035,0.686936,0.662642,0.789367,0.796328,0.810854,0.886316,0.855274,0.734356,0.828932,0.864868,0.707006,0.769041,0.875946,0.864106,0.725477,0.596149,0.932762,0.607613,0.839793,0.840453,0.86177,0.34548,0.432848,0.399725,0.799194,0.79519,0.908586,0.856139,0.490221,0.515124,0.77261,0.888451,0.868579,0.622093,0.767524,0.888237,0.868502,0.916255,0.819502,0.85578,0.862419,0.662072,0.5613,0.707207,0.741573,0.826488,0.747831,0.894551,0.913188,0.854881,0.836936,0.896436,0.574395,0.713583,0.727736,0.7664,0.905311,0.910602,0.787855,0.68321,0.910086,0.558448,0.762484,0.822125,0.806217,0.409327,0.480268,0.663964,0.851101,0.90929,0.768832,0.499261,0.505793,0.607775,0.912446,0.83916,0.451603,0.771065
0.32444,0.351328,0.346156,0.34325,0.328177,0.432035,1,0.294354,0.625272,0.374108,0.323154,0.288302,0.335497,0.369779,0.117155,0.339717,0.326457,0.276231,-0.0140128,0.269383,0.205848,0.281512,0.190798,0.38265,-0.123588,0.286114,0.270164,0.433504,0.485264,0.445425,0.47653,0.193241,0.149232,0.295101,0.352228,0.273947,0.323906,0.23063,0.266474,0.237918,0.238949,0.39694,0.235749,0.193894,0.348731,0.382377,0.30564,0.392439,0.262203,-0.128469,0.415953,0.1547,0.319684,0.163574,0.339887,0.421048,0.311767,0.229332,0.327645,0.161584,0.324891,0.480896,0.15677,0.304098,0.328422,0.374372,0.522687,0.331851,-0.148813,0.372456,0.313579,0.331911,0.120893,0.06096,0.338976,0.474894,0.314267,0.317839,0.0260877,0.0518448,-0.055783,0.3161,0.345122,0.38685,0.318804
0.800575,0.718586,0.846162,0.778948,0.72549,0.686936,0.294354,1,0.443335,0.770675,0.741463,0.723582,0.808742,0.727154,0.647833,0.659683,0.825421,0.48659,0.633479,0.778744,0.762241,0.633031,0.68582,0.798161,0.512388,0.736442,0.762543,0.700327,0.353922,0.460334,0.289045,0.690359,0.669839,0.748703,0.695528,0.485557,0.367891,0.634728,0.789167,0.730808,0.611953,0.737584,0.763719,0.739198,0.831075,0.767302,0.672907,0.713054,0.667606,0.563304,0.545437,0.710141,0.749682,0.771521,0.799189,0.757921,0.652447,0.796346,0.735261,0.617966,0.746482,0.621066,0.724848,0.801708,0.803945,0.790369,0.705202,0.789748,0.418221,0.656142,0.709429,0.683966,0.400213,0.317152,0.720498,0.666106,0.707897,0.65354,0.519925,0.639998,0.562492,0.779103,0.728901,0.585986,0.680608
0.551509,0.62119,0.533184,0.650582,0.625259,0.662642,0.625272,0.443335,1,0.478015,0.552962,0.49075,0.590462,0.628069,0.400411,0.501422,0.563192,0.510514,0.378313,0.528876,0.470208,0.467964,0.301862,0.631943,0.272212,0.504055,0.479664,0.550612,0.312025,0.635096,0.469162,0.486805,0.449472,0.51381,0.511368,0.316479,0.214479,0.373081,0.538736,0.579418,0.392917,0.591681,0.559257,0.52388,0.564052,0.553833,0.600302,0.461308,0.509457,0.231546,0.669048,0.327545,0.499685,0.408252,0.61831,0.603902,0.508635,0.440017,0.59038,0.328661,0.435575,0.639056,0.33604,0.579161,0.538215,0.473778,0.593051,0.595691,0.185051,0.591844,0.535337,0.462742,0.323275,0.252169,0.283363,0.613488,0.60084,0.458605,0.275889,0.291119,0.33448,0.539211,0.502502,0.252479,0.59305
0.853416,0.791824,0.864727,0.808007,0.765294,0.789367,0.374108,0.770675,0.478015,1,0.906007,0.783307,0.870987,0.795988,0.751332,0.794982,0.831287,0.708548,0.707667,0.8688,0.856624,0.71841,0.738259,0.87178,0.458023,0.769265,0.792661,0.764104,0.347225,0.386116,0.357542,0.665985,0.804766,0.896959,0.831268,0.451529,0.525619,0.804966,0.808131,0.70902,0.737281,0.742048,0.810068,0.7887,0.880256,0.847723,0.757816,0.87337,0.668998,0.668938,0.550114,0.869082,0.892795,0.81952,0.864526,0.754446,0.715637,0.829813,0.876978,0.701923,0.665674,0.663416,0.833587,0.850556,0.866467,0.833359,0.693259,0.870032,0.429272,0.687917,0.861042,0.72937,0.436853,0.527665,0.689021,0.755637,0.839574,0.649124,0.478361,0.612541,0.407519,0.871375,0.816428,0.465763,0.70091
0.892742,0.836126,0.870292,0.815903,0.757967,0.796328,0.323154,0.741463,0.552962,0.906007,1,0.751023,0.858865,0.82035,0.825212,0.839023,0.874032,0.75301,0.729634,0.866695,0.842023,0.706748,0.686326,0.883326,0.538609,0.784797,0.792091,0.777509,0.286704,0.417451,0.494186,0.666396,0.859123,0.860579,0.751331,0.462603,0.392547,0.794906,0.853552,0.766147,0.654758,0.71585,0.85616,0.853045,0.894144,0.841436,0.78084,0.830112,0.735551,0.725188,0.562399,0.842368,0.901406,0.764343,0.871518,0.799969,0.688628,0.840415,0.865425,0.698804,0.616623,0.683287,0.788478,0.874239,0.866354,0.800595,0.625949,0.881285,0.504335,0.745441,0.860897,0.687828,0.394487,0.451387,0.617904,0.742627,0.849409,0.691738,0.538572,0.566254,0.495629,0.852193,0.829003,0.459471,0.710038
0.79161,0.739288,0.822085,0.75081,0.827961,0.810854,0.288302,0.723582,0.49075,0.783307,0.751023,1,0.887293,0.745151,0.694159,0.776953,0.867648,0.600442,0.704606,0.837994,0.813369,0.751853,0.627723,0.803747,0.549926,0.825959,0.712836,0.773956,0.411923,0.3993,0.265493,0.736902,0.748446,0.811856,0.787894,0.437416,0.378252,0.650436,0.805414,0.775385,0.620121,0.759079,0.72362,0.755977,0.818921,0.749959,0.798715,0.717422,0.6142,0.527232,0.554369,0.697981,0.780463,0.861152,0.8757,0.759005,0.722248,0.817115,0.852182,0.704082,0.614121,0.582228,0.837201,0.818505,0.845386,0.811204,0.575723,0.822696,0.500969,0.70993,0.729747,0.570143,0.369198,0.543939,0.696846,0.782424,0.823412,0.732177,0.425162,0.668065,0.454755,0.823745,0.837243,0.321548,0.723431
0.901418,0.877474,0.936563,0.913544,0.862625,0.886316,0.335497,0.808742,0.590462,0.870987,0.858865,0.887293,1,0.844871,0.744081,0.883202,0.938247,0.73703,0.755357,0.912338,0.862377,0.714268,0.7165,0.926006,0.562894,0.83186,0.833506,0.843572,0.387306,0.401297,0.364764,0.800573,0.829394,0.891661,0.868891,0.506614,0.364942,0.759708,0.870205,0.847028,0.733815,0.817132,0.904891,0.915758,0.938641,0.854595,0.853512,0.817236,0.65104,0.650634,0.664882,0.803382,0.882944,0.848494,0.963442,0.866395,0.818992,0.927071,0.924159,0.650025,0.726601,0.70682,0.848994,0.927766,0.918126,0.880159,0.708983,0.919487,0.551295,0.75425,0.80149,0.761877,0.452402,0.427279,0.658264,0.830048,0.880069,0.813721,0.505955,0.617677,0.595785,0.936275,0.875519,0.514281,0.780038
0.878141,0.883039,0.896528,0.856304,0.830611,0.855274,0.369779,0.727154,0.628069,0.795988,0.82035,0.745151,0.844871,1,0.810592,0.789536,0.798372,0.612935,0.775812,0.903213,0.870728,0.774257,0.636673,0.925556,0.640253,0.830052,0.842348,0.837906,0.356573,0.481891,0.426915,0.738943,0.841083,0.901639,0.831569,0.655444,0.464464,0.723719,0.839247,0.822987,0.642009,0.802437,0.860616,0.829722,0.879654,0.78027,0.86887,0.819159,0.670306,0.512594,0.6943,0.794544,0.860761,0.720391,0.859249,0.883124,0.7674,0.780159,0.822476,0.625176,0.609834,0.789538,0.773567,0.870337,0.913028,0.791678,0.667529,0.925783,0.532853,0.719755,0.815186,0.781104,0.417748,0.418935,0.691507,0.815735,0.884857,0.763879,0.551936,0.626278,0.590733,0.864765,0.792872,0.448089,0.826792
0.858647,0.83374,0.813812,0.749031,0.742647,0.734356,0.117155,0.647833,0.400411,0.751332,0.825212,0.694159,0.744081,0.810592,1,0.756331,0.780109,0.613605,0.766829,0.85693,0.831846,0.714334,0.671493,0.827864,0.640536,0.689302,0.78675,0.748726,0.24278,0.285929,0.34919,0.672265,0.85524,0.812439,0.693509,0.668156,0.397196,0.783936,0.814301,0.818973,0.527231,0.657442,0.787126,0.76555,0.842141,0.718799,0.795068,0.802417,0.736617,0.667032,0.421865,0.793214,0.807702,0.717805,0.793721,0.76368,0.77511,0.760316,0.797541,0.58937,0.540382,0.57991,0.785612,0.824419,0.835283,0.732608,0.479983,0.837805,0.669998,0.6407,0.819115,0.704193,0.330257,0.517201,0.687987,0.661551,0.819168,0.723041,0.479352,0.575999,0.66859,0.782392,0.768785,0.348691,0.7472
0.872601,0.872451,0.880591,0.798308,0.760438,0.828932,0.339717,0.659683,0.501422,0.794982,0.839023,0.776953,0.883202,0.789536,0.756331,1,0.901854,0.728305,0.723251,0.852632,0.803827,0.621906,0.594582,0.85332,0.547303,0.78163,0.789042,0.769216,0.432387,0.283697,0.376165,0.729484,0.8402,0.839335,0.745392,0.461357,0.363193,0.804025,0.840068,0.799036,0.625313,0.691638,0.842934,0.861806,0.875285,0.774472,0.774234,0.763732,0.588089,0.568781,0.570749,0.77637,0.865734,0.694582,0.861434,0.773363,0.727337,0.924911,0.868966,0.600374,0.648393,0.677317,0.802054,0.893496,0.864113,0.817844,0.628392,0.838004,0.572429,0.776977,0.711467,0.7204,0.332457,0.43283,0.595988,0.782507,0.853047,0.761157,0.406769,0.470309,0.563373,0.871171,0.874916,0.365872,0.621578
0.906459,0.894133,0.927098,0.876609,0.824948,0.864868,0.326457,0.825421,0.563192,0.831287,0.874032,0.867648,0.938247,0.798372,0.780109,0.901854,1,0.699149,0.740334,0.886726,0.853971,0.693965,0.671315,0.887346,0.57094,0.81286,0.849309,0.80943,0.458018,0.459209,0.459757,0.827258,0.850893,0.864157,0.77229,0.445886,0.320777,0.776961,0.91981,0.870274,0.601795,0.779399,0.875614,0.893438,0.929385,0.833886,0.807081,0.806345,0.710498,0.657315,0.578077,0.777521,0.877151,0.842016,0.934105,0.840515,0.768827,0.931642,0.930575,0.689267,0.763446,0.641554,0.829479,0.920894,0.894098,0.866459,0.68039,0.878719,0.550465,0.790299,0.773916,0.715496,0.414991,0.43099,0.66505,0.821646,0.863582,0.784113,0.496632,0.583346,0.6242,0.897377,0.871892,0.447467,0.740903
0.72933,0.659516,0.709022,0.682644,0.690894,0.707006,0.276231,0.48659,0.510514,0.708548,0.75301,0.600442,0.73703,0.612935,0.613605,0.728305,0.699149,1,0.601421,0.739715,0.686897,0.435369,0.568972,0.729227,0.348934,0.679699,0.647344,0.674107,0.142903,0.201466,0.329897,0.513066,0.682483,0.663469,0.686827,0.338199,0.255993,0.593648,0.686047,0.650762,0.578498,0.583912,0.705446,0.741056,0.708915,0.686606,0.604976,0.649352,0.472686,0.540214,0.607296,0.594131,0.694744,0.623032,0.716798,0.62507,0.633515,0.690653,0.71671,0.400242,0.530847,0.621184,0.696741,0.721618,0.707849,0.639403,0.529589,0.734077,0.513655,0.72374,0.665385,0.621271,0.320847,0.350704,0.463759,0.60812,0.667546,0.592112,0.251839,0.400926,0.440259,0.711375,0.715723,0.304757,0.637981
0.79268,0.743624,0.797743,0.775067,0.730346,0.769041,-0.0140128,0.633479,0.378313,0.707667,0.729634,0.704606,0.755357,0.775812,0.766829,0.723251,0.740334,0.601421,1,0.87904,0.901176,0.627438,0.658771,0.787666,0.620715,0.726905,0.840936,0.671071,0.142727,0.290698,0.214317,0.772395,0.86967,0.840964,0.742046,0.460649,0.378849,0.743088,0.816514,0.818818,0.645446,0.618942,0.826378,0.811185,0.809782,0.734247,0.763351,0.730777,0.609574,0.763957,0.500423,0.795643,0.778566,0.744984,0.782364,0.774725,0.741707,0.77673,0.773135,0.631036,0.599998,0.602168,0.856188,0.858167,0.860045,0.676109,0.483689,0.813943,0.658613,0.612141,0.767199,0.663136,0.428649,0.508757,0.610999,0.671317,0.85883,0.656111,0.504685,0.561777,0.619237,0.802954,0.755475,0.158972,0.710088
0.933954,0.894628,0.940252,0.89431,0.848853,0.875946,0.269383,0.778744,0.528876,0.8688,0.866695,0.837994,0.912338,0.903213,0.85693,0.852632,0.886726,0.739715,0.87904,1,0.965405,0.761453,0.738897,0.940267,0.642164,0.858006,0.902132,0.834775,0.288824,0.364217,0.371593,0.800031,0.910598,0.938309,0.897123,0.565588,0.395022,0.815199,0.921778,0.897338,0.74452,0.785236,0.906565,0.892816,0.943612,0.880804,0.874459,0.880319,0.698568,0.697535,0.623926,0.863001,0.885035,0.855379,0.946775,0.881817,0.852601,0.878899,0.91246,0.695537,0.739687,0.76622,0.91869,0.954197,0.977198,0.872979,0.651984,0.950975,0.628497,0.782216,0.879823,0.802608,0.409127,0.526923,0.756311,0.847983,0.954143,0.803077,0.515154,0.663104,0.639044,0.940352,0.89101,0.411591,0.830949
0.898956,0.858425,0.921406,0.86856,0.823161,0.864106,0.205848,0.762241,0.470208,0.856624,0.842023,0.813369,0.862377,0.870728,0.831846,0.803827,0.853971,0.686897,0.901176,0.965405,1,0.784036,0.713731,0.922977,0.646739,0.868968,0.906113,0.813626,0.248112,0.359592,0.260621,0.770132,0.907432,0.934982,0.883138,0.517898,0.443545,0.810153,0.929979,0.89185,0.673283,0.743115,0.882622,0.857174,0.920348,0.846415,0.822712,0.855394,0.71508,0.723665,0.627806,0.876987,0.8607,0.859504,0.895315,0.846711,0.815541,0.854299,0.891252,0.682249,0.716364,0.743991,0.903762,0.930954,0.957264,0.822123,0.609816,0.929069,0.649009,0.746345,0.881331,0.778263,0.364893,0.555003,0.779348,0.785987,0.936725,0.767433,0.498527,0.681672,0.624056,0.923331,0.852175,0.350764,0.787411
0.726954,0.749346,0.745009,0.666909,0.721337,0.725477,0.281512,0.633031,0.467964,0.71841,0.706748,0.751853,0.714268,0.774257,0.714334,0.621906,0.693965,0.435369,0.627438,0.761453,0.784036,1,0.536769,0.794254,0.54251,0.697357,0.606692,0.736069,0.165982,0.48189,0.368278,0.554913,0.685628,0.790976,0.704001,0.526753,0.514089,0.586527,0.721205,0.718234,0.593426,0.678468,0.676146,0.652925,0.750373,0.700886,0.755317,0.729901,0.663671,0.483905,0.507311,0.690122,0.690201,0.688872,0.733247,0.70866,0.665311,0.639665,0.696352,0.563102,0.512432,0.634611,0.726427,0.720367,0.785055,0.692254,0.472826,0.802899,0.433454,0.717407,0.7154,0.667062,0.254072,0.485511,0.626594,0.674207,0.792461,0.5479,0.470908,0.6582,0.386248,0.69309,0.697328,0.296492,0.64759
0.692762,0.61199,0.706939,0.675633,0.649668,0.596149,0.190798,0.68582,0.301862,0.738259,0.686326,0.627723,0.7165,0.636673,0.671493,0.594582,0.671315,0.568972,0.658771,0.738897,0.713731,0.536769,1,0.72275,0.492209,0.63539,0.719804,0.696512,0.132486,0.203218,0.256758,0.556199,0.66,0.664836,0.688881,0.538138,0.335466,0.605304,0.661105,0.607963,0.591915,0.641562,0.658945,0.69101,0.728839,0.655449,0.656197,0.65105,0.603039,0.599503,0.402661,0.721396,0.704249,0.65878,0.701386,0.669749,0.628388,0.689545,0.693562,0.453943,0.549277,0.559203,0.763614,0.707208,0.736163,0.743296,0.570644,0.743966,0.529593,0.547469,0.743478,0.674117,0.520231,0.361587,0.598727,0.663219,0.661036,0.610329,0.316128,0.494745,0.511352,0.689247,0.701647,0.451857,0.696324
0.944982,0.916225,0.962547,0.938562,0.893075,0.932762,0.38265,0.798161,0.631943,0.87178,0.883326,0.803747,0.926006,0.925556,0.827864,0.85332,0.887346,0.729227,0.787666,0.940267,0.922977,0.794254,0.72275,1,0.63742,0.884324,0.887601,0.884204,0.312369,0.426616,0.377947,0.770056,0.860888,0.938741,0.891843,0.60567,0.496501,0.825756,0.922347,0.883744,0.703442,0.829764,0.931113,0.90125,0.962368,0.863185,0.889666,0.890075,0.741742,0.634665,0.736807,0.849045,0.888433,0.807823,0.937439,0.912101,0.851311,0.88002,0.912184,0.601452,0.707629,0.81044,0.833836,0.948921,0.96312,0.8715,0.728929,0.978373,0.610489,0.779192,0.883749,0.863875,0.45835,0.468548,0.735868,0.830428,0.928909,0.783034,0.497991,0.621039,0.664886,0.941973,0.86963,0.536124,0.834938
0.681786,0.654387,0.655129,0.59622,0.589686,0.607613,-0.123588,0.512388,0.272212,0.458023,0.538609,0.549926,0.562894,0.640253,0.640536,0.547303,0.57094,0.348934,0.620715,0.642164,0.646739,0.54251,0.492209,0.63742,1,0.664062,0.556638,0.602556,0.0120014,0.244687,0.127283,0.53498,0.601917,0.616124,0.560585,0.341648,0.242634,0.493372,0.670938,0.696935,0.377832,0.428531,0.668237,0.702646,0.625306,0.495913,0.649925,0.55209,0.51581,0.40583,0.434658,0.560282,0.564273,0.452255,0.602484,0.620332,0.557867,0.637994,0.577183,0.451074,0.427974,0.501169,0.508017,0.628794,0.658053,0.585077,0.299906,0.665021,0.580419,0.538274,0.574485,0.514356,0.211114,0.450541,0.3866,0.615465,0.65245,0.546177,0.581461,0.416174,0.650764,0.646598,0.625042,0.355979,0.502176
0.860084,0.758893,0.891931,0.809889,0.821985,0.839793,0.286114,0.736442,0.504055,0.769265,0.784797,0.825959,0.83186,0.830052,0.689302,0.78163,0.81286,0.679699,0.726905,0.858006,0.868968,0.697357,0.63539,0.884324,0.664062,1,0.794166,0.816029,0.313086,0.342454,0.218633,0.672081,0.769978,0.823588,0.835248,0.450313,0.419151,0.682465,0.887574,0.796948,0.577866,0.781288,0.816201,0.838985,0.851162,0.743833,0.792902,0.749941,0.673732,0.523244,0.746126,0.771683,0.804708,0.760455,0.840711,0.805911,0.683867,0.819434,0.815451,0.597334,0.599532,0.79912,0.75401,0.852457,0.875152,0.808663,0.642607,0.896857,0.657371,0.732904,0.800901,0.722339,0.407832,0.505838,0.700724,0.75929,0.823637,0.732866,0.409912,0.539883,0.600485,0.878111,0.843346,0.479713,0.724083
0.878473,0.83222,0.901347,0.876705,0.776481,0.840453,0.270164,0.762543,0.479664,0.792661,0.792091,0.712836,0.833506,0.842348,0.78675,0.789042,0.849309,0.647344,0.840936,0.902132,0.906113,0.606692,0.719804,0.887601,0.556638,0.794166,1,0.771447,0.376229,0.348571,0.344574,0.814593,0.884849,0.875666,0.796968,0.556366,0.40678,0.844743,0.902538,0.825429,0.574379,0.754511,0.866434,0.828254,0.900137,0.793584,0.765526,0.813701,0.723805,0.662741,0.631383,0.820798,0.848701,0.795587,0.858428,0.872923,0.785868,0.834199,0.868063,0.641371,0.707903,0.692822,0.813417,0.919337,0.90612,0.802766,0.676428,0.870544,0.582842,0.634636,0.834361,0.793639,0.472966,0.43503,0.773813,0.778959,0.866254,0.775179,0.455338,0.559952,0.69016,0.883254,0.782723,0.417367,0.769855
0.874146,0.799238,0.875414,0.828756,0.759196,0.86177,0.433504,0.700327,0.550612,0.764104,0.777509,0.773956,0.843572,0.837906,0.748726,0.769216,0.80943,0.674107,0.671071,0.834775,0.813626,0.736069,0.696512,0.884204,0.602556,0.816029,0.771447,1,0.334485,0.416072,0.342008,0.65604,0.769105,0.808452,0.76745,0.609759,0.445598,0.707248,0.826447,0.848902,0.536697,0.772944,0.800365,0.801604,0.851018,0.770755,0.811968,0.802307,0.708729,0.475787,0.644013,0.735194,0.803889,0.674386,0.838468,0.85465,0.770326,0.798773,0.794977,0.527341,0.646907,0.717925,0.741714,0.836176,0.87228,0.806826,0.634782,0.897585,0.58096,0.697631,0.79386,0.783331,0.393581,0.444679,0.676029,0.79235,0.815591,0.768528,0.444004,0.539976,0.645587,0.85403,0.828636,0.474091,0.811583
0.324871,0.315316,0.39205,0.311896,0.29995,0.34548,0.485264,0.353922,0.312025,0.347225,0.286704,0.411923,0.387306,0.356573,0.24278,0.432387,0.458018,0.142903,0.142727,0.288824,0.248112,0.165982,0.132486,0.312369,0.0120014,0.313086,0.376229,0.334485,1,0.308124,0.251253,0.390522,0.286749,0.305005,0.270874,0.158801,0.257779,0.358863,0.358054,0.278743,0.0867388,0.496631,0.27185,0.260522,0.379105,0.302606,0.359535,0.361536,0.369924,0.0191618,0.254219,0.225932,0.443514,0.291273,0.364112,0.322568,0.25984,0.359111,0.435277,0.396765,0.281933,0.251562,0.240455,0.359978,0.334677,0.436028,0.450654,0.300549,0.103125,0.19762,0.215841,0.272568,0.390291,0.0693556,0.368673,0.400187,0.270975,0.245665,0.182179,0.160884,0.189986,0.34944,0.277681,0.209018,0.292989
0.367306,0.440285,0.386952,0.470667,0.386734,0.432848,0.445425,0.460334,0.635096,0.386116,0.417451,0.3993,0.401297,0.481891,0.285929,0.283697,0.459209,0.201466,0.290698,0.364217,0.359592,0.48189,0.203218,0.426616,0.244687,0.342454,0.348571,0.416072,0.308124,1,0.53454,0.358673,0.401858,0.423014,0.290091,0.166127,0.142886,0.240039,0.416386,0.407932,0.204817,0.400308,0.356189,0.313765,0.378538,0.311697,0.36941,0.34941,0.371453,0.198528,0.387701,0.288011,0.450707,0.333447,0.426691,0.433012,0.276378,0.295134,0.370247,0.337426,0.239674,0.365143,0.270627,0.401841,0.391737,0.424044,0.401686,0.395921,-0.0740885,0.448633,0.335698,0.254949,0.269494,0.244523,0.196963,0.446953,0.420763,0.261523,0.480728,0.320107,0.147927,0.337441,0.316706,0.167781,0.413218
0.396766,0.469277,0.374976,0.393421,0.318574,0.399725,0.47653,0.289045,0.469162,0.357542,0.494186,0.265493,0.364764,0.426915,0.34919,0.376165,0.459757,0.329897,0.214317,0.371593,0.260621,0.368278,0.256758,0.377947,0.127283,0.218633,0.344574,0.342008,0.251253,0.53454,1,0.385258,0.416439,0.38569,0.253911,0.209616,0.0637385,0.26489,0.354808,0.313991,0.321651,0.331923,0.366532,0.382358,0.39067,0.410528,0.384394,0.460779,0.330306,0.255501,0.201345,0.259091,0.420915,0.250688,0.416028,0.453509,0.27529,0.273753,0.372013,0.295202,0.323032,0.345992,0.3058,0.388165,0.379033,0.379857,0.349108,0.355169,-0.0185741,0.460976,0.34831,0.315989,0.276052,0.093302,0.176869,0.494969,0.409037,0.304857,0.298174,0.0930329,0.103784,0.277776,0.360351,0.302292,0.363506
0.812089,0.804163,0.804865,0.822156,0.780495,0.799194,0.193241,0.690359,0.486805,0.665985,0.666396,0.736902,0.800573,0.738943,0.672265,0.729484,0.827258,0.513066,0.772395,0.800031,0.770132,0.554913,0.556199,0.770056,0.53498,0.672081,0.814593,0.65604,0.390522,0.358673,0.385258,1,0.745038,0.784862,0.694636,0.491059,0.311594,0.655875,0.819726,0.795067,0.567691,0.694714,0.804594,0.789803,0.803361,0.770027,0.783603,0.729594,0.611534,0.615411,0.503457,0.645435,0.702489,0.701549,0.810549,0.795525,0.741701,0.763149,0.833684,0.633627,0.742144,0.46938,0.739675,0.840793,0.805729,0.748236,0.632476,0.777473,0.484329,0.555779,0.721432,0.672054,0.533639,0.470198,0.588741,0.747206,0.805218,0.7299,0.363091,0.445385,0.695305,0.795609,0.733558,0.358127,0.753398
0.855425,0.838903,0.858614,0.813483,0.746064,0.79519,0.149232,0.669839,0.449472,0.804766,0.859123,0.748446,0.829394,0.841083,0.85524,0.8402,0.850893,0.682483,0.86967,0.910598,0.907432,0.685628,0.66,0.860888,0.601917,0.769978,0.884849,0.769105,0.286749,0.401858,0.416439,0.745038,1,0.894278,0.751666,0.501832,0.318499,0.825025,0.879834,0.836169,0.626768,0.649313,0.847577,0.828231,0.863248,0.739446,0.798297,0.806812,0.666511,0.748139,0.533704,0.86294,0.886664,0.799312,0.861237,0.789524,0.746411,0.847961,0.856136,0.679298,0.580493,0.687873,0.846725,0.901236,0.889885,0.792846,0.533931,0.865784,0.620581,0.701691,0.815771,0.703332,0.369451,0.520296,0.687541,0.74787,0.89928,0.747504,0.503314,0.570905,0.605355,0.865321,0.822294,0.280082,0.721692
0.892609,0.89659,0.920516,0.892996,0.817846,0.908586,0.295101,0.748703,0.51381,0.896959,0.860579,0.811856,0.891661,0.901639,0.812439,0.839335,0.864157,0.663469,0.840964,0.938309,0.934982,0.790976,0.664836,0.938741,0.616124,0.823588,0.875666,0.808452,0.305005,0.423014,0.38569,0.784862,0.894278,1,0.895531,0.532177,0.511116,0.841837,0.895169,0.848265,0.705552,0.747428,0.894055,0.853921,0.926057,0.85029,0.853037,0.895016,0.638628,0.652801,0.590662,0.891276,0.893827,0.84505,0.913918,0.861046,0.82521,0.857081,0.904178,0.661978,0.713015,0.705354,0.877119,0.915777,0.953581,0.815938,0.642773,0.925083,0.552825,0.746186,0.84993,0.801874,0.387364,0.48471,0.73087,0.826948,0.947286,0.758562,0.568421,0.657014,0.562111,0.927892,0.830526,0.39976,0.774554
0.811133,0.802855,0.877897,0.854452,0.800434,0.856139,0.352228,0.695528,0.511368,0.831268,0.751331,0.787894,0.868891,0.831569,0.693509,0.745392,0.77229,0.686827,0.742046,0.897123,0.883138,0.704001,0.688881,0.891843,0.560585,0.835248,0.796968,0.76745,0.270874,0.290091,0.253911,0.694636,0.751666,0.895531,1,0.463605,0.463315,0.699616,0.818288,0.781511,0.706549,0.75918,0.831155,0.828205,0.874776,0.830044,0.80516,0.825088,0.548402,0.567655,0.66943,0.789777,0.783935,0.813147,0.872447,0.816962,0.796585,0.787262,0.859049,0.564061,0.69688,0.758157,0.81022,0.839783,0.899013,0.75646,0.666768,0.8794,0.571837,0.70394,0.795774,0.751896,0.358185,0.422371,0.703462,0.782885,0.858157,0.758001,0.443019,0.615642,0.4922,0.903187,0.808797,0.519374,0.761259
0.597631,0.57338,0.563243,0.522808,0.553815,0.490221,0.273947,0.485557,0.316479,0.451529,0.462603,0.437416,0.506614,0.655444,0.668156,0.461357,0.445886,0.338199,0.460649,0.565588,0.517898,0.526753,0.538138,0.60567,0.341648,0.450313,0.556366,0.609759,0.158801,0.166127,0.209616,0.491059,0.501832,0.532177,0.463605,1,0.432456,0.453791,0.497136,0.543959,0.349766,0.575705,0.479423,0.429935,0.542362,0.491584,0.583936,0.51503,0.46887,0.186812,0.371824,0.449102,0.473615,0.35272,0.511049,0.614635,0.614359,0.414932,0.414776,0.209691,0.376337,0.418779,0.522148,0.554755,0.601767,0.566327,0.38287,0.61476,0.382101,0.334156,0.57288,0.658541,0.320525,0.193372,0.569907,0.47445,0.503973,0.664206,0.215812,0.469091,0.539403,0.490462,0.536162,0.376167,0.673287
0.468969,0.392554,0.487142,0.348,0.460502,0.515124,0.323906,0.367891,0.214479,0.525619,0.392547,0.378252,0.364942,0.464464,0.397196,0.363193,0.320777,0.255993,0.378849,0.395022,0.443545,0.514089,0.335466,0.496501,0.242634,0.419151,0.40678,0.445598,0.257779,0.142886,0.0637385,0.311594,0.318499,0.511116,0.463315,0.432456,1,0.471376,0.381638,0.340065,0.428943,0.435919,0.40924,0.341332,0.490326,0.481376,0.469958,0.584498,0.453594,0.173086,0.461654,0.407335,0.434639,0.285677,0.348122,0.491513,0.427898,0.331856,0.419091,0.42264,0.324244,0.396294,0.381315,0.422925,0.453423,0.387471,0.48904,0.500039,0.128468,0.305304,0.50983,0.520507,0.313732,0.286954,0.470027,0.378378,0.431911,0.211531,0.248211,0.332052,0.100103,0.410386,0.456383,0.263555,0.342759
0.803106,0.765743,0.794948,0.78711,0.658063,0.77261,0.23063,0.634728,0.373081,0.804966,0.794906,0.650436,0.759708,0.723719,0.783936,0.804025,0.776961,0.593648,0.743088,0.815199,0.810153,0.586527,0.605304,0.825756,0.493372,0.682465,0.844743,0.707248,0.358863,0.240039,0.26489,0.655875,0.825025,0.841837,0.699616,0.453791,0.471376,1,0.778693,0.741576,0.555797,0.690683,0.774346,0.729894,0.822061,0.71832,0.702337,0.790296,0.610485,0.671976,0.451889,0.816325,0.783524,0.738059,0.793297,0.715291,0.71672,0.817337,0.803536,0.60176,0.627101,0.55662,0.761679,0.828431,0.832997,0.724041,0.604311,0.790013,0.510544,0.561752,0.743726,0.753092,0.451074,0.443452,0.725651,0.654285,0.819885,0.599641,0.45529,0.501911,0.615547,0.829758,0.710571,0.347716,0.651867
0.938791,0.886554,0.946046,0.880123,0.823945,0.888451,0.266474,0.789167,0.538736,0.808131,0.853552,0.805414,0.870205,0.839247,0.814301,0.840068,0.91981,0.686047,0.816514,0.921778,0.929979,0.721205,0.661105,0.922347,0.670938,0.887574,0.902538,0.826447,0.358054,0.416386,0.354808,0.819726,0.879834,0.895169,0.818288,0.497136,0.381638,0.778693,1,0.908579,0.567443,0.752792,0.903647,0.888082,0.93717,0.834248,0.842824,0.857626,0.790211,0.656213,0.630537,0.832071,0.884003,0.794138,0.907851,0.872436,0.807983,0.881803,0.91861,0.654399,0.727561,0.721177,0.813792,0.943793,0.929158,0.86639,0.615797,0.925262,0.679453,0.752279,0.866274,0.771598,0.397431,0.537586,0.702602,0.820463,0.900501,0.782297,0.503722,0.586842,0.692515,0.919709,0.872514,0.426655,0.778918
0.896977,0.87883,0.883914,0.862116,0.797178,0.868579,0.237918,0.730808,0.579418,0.70902,0.766147,0.775385,0.847028,0.822987,0.818973,0.799036,0.870274,0.650762,0.818818,0.897338,0.89185,0.718234,0.607963,0.883744,0.696935,0.796948,0.825429,0.848902,0.278743,0.407932,0.313991,0.795067,0.836169,0.848265,0.781511,0.543959,0.340065,0.741576,0.908579,1,0.554485,0.736805,0.870551,0.85559,0.888574,0.811119,0.837331,0.799386,0.730727,0.628524,0.610895,0.753666,0.774025,0.747474,0.882002,0.855596,0.847204,0.844427,0.853995,0.600072,0.770224,0.680518,0.785942,0.901039,0.901352,0.778327,0.607029,0.897641,0.668472,0.71155,0.808535,0.74702,0.352902,0.503569,0.690164,0.786882,0.89894,0.798943,0.477135,0.601197,0.764134,0.881418,0.844402,0.359978,0.806815
0.694607,0.626508,0.68877,0.651311,0.720841,0.622093,0.238949,0.611953,0.392917,0.737281,0.654758,0.620121,0.733815,0.642009,0.527231,0.625313,0.601795,0.578498,0.645446,0.74452,0.673283,0.593426,0.591915,0.703442,0.377832,0.577866,0.574379,0.536697,0.0867388,0.204817,0.321651,0.567691,0.626768,0.705552,0.706549,0.349766,0.428943,0.555797,0.567443,0.554485,1,0.526104,0.707193,0.697862,0.718565,0.748941,0.711459,0.727341,0.469292,0.594899,0.569696,0.649195,0.649202,0.650762,0.720286,0.653682,0.632514,0.650105,0.665147,0.577947,0.550164,0.659622,0.726947,0.718562,0.714853,0.684542,0.609798,0.714024,0.279632,0.609736,0.673723,0.580621,0.355429,0.431916,0.49087,0.599294,0.719081,0.468383,0.317423,0.43963,0.269601,0.6763,0.716411,0.421983,0.53276
0.769924,0.711149,0.801944,0.799481,0.735284,0.767524,0.39694,0.737584,0.591681,0.742048,0.71585,0.759079,0.817132,0.802437,0.657442,0.691638,0.779399,0.583912,0.618942,0.785236,0.743115,0.678468,0.641562,0.829764,0.428531,0.781288,0.754511,0.772944,0.496631,0.400308,0.331923,0.694714,0.649313,0.747428,0.75918,0.575705,0.435919,0.690683,0.752792,0.736805,0.526104,1,0.705478,0.725858,0.779431,0.758248,0.769099,0.699578,0.687195,0.45021,0.66801,0.64297,0.697296,0.695013,0.800762,0.744724,0.635872,0.709984,0.747223,0.548151,0.694715,0.608483,0.719726,0.792131,0.816499,0.747342,0.791173,0.828116,0.489054,0.573908,0.714532,0.771555,0.65859,0.390676,0.67366,0.700271,0.734079,0.650585,0.421671,0.626789,0.624976,0.752698,0.7316,0.501791,0.81551
0.932818,0.900666,0.947799,0.918176,0.828992,0.888237,0.235749,0.763719,0.559257,0.810068,0.85616,0.72362,0.904891,0.860616,0.787126,0.842934,0.875614,0.705446,0.826378,0.906565,0.882622,0.676146,0.658945,0.931113,0.668237,0.816201,0.866434,0.800365,0.27185,0.356189,0.366532,0.804594,0.847577,0.894055,0.831155,0.479423,0.40924,0.774346,0.903647,0.870551,0.707193,0.705478,1,0.967189,0.959863,0.85292,0.872673,0.86391,0.707451,0.703901,0.676146,0.84046,0.889171,0.75647,0.917358,0.911288,0.83139,0.902045,0.899073,0.636,0.692401,0.769217,0.779902,0.933549,0.903807,0.823291,0.650144,0.926409,0.633106,0.727145,0.840086,0.797138,0.39092,0.401738,0.592505,0.803106,0.893245,0.769081,0.580266,0.487529,0.67596,0.926753,0.834471,0.514529,0.731161
0.919021,0.882771,0.93486,0.88719,0.824438,0.868502,0.193894,0.739198,0.52388,0.7887,0.853045,0.755977,0.915758,0.829722,0.76555,0.861806,0.893438,0.741056,0.811185,0.892816,0.857174,0.652925,0.69101,0.90125,0.702646,0.838985,0.828254,0.801604,0.260522,0.313765,0.382358,0.789803,0.828231,0.853921,0.828205,0.429935,0.341332,0.729894,0.888082,0.85559,0.697862,0.725858,0.967189,1,0.933617,0.829791,0.857498,0.81471,0.678056,0.692587,0.665927,0.793576,0.860346,0.749674,0.903825,0.875432,0.782793,0.920964,0.883476,0.620103,0.682052,0.742587,0.784802,0.912417,0.889984,0.808126,0.633835,0.911207,0.661339,0.754476,0.788538,0.758269,0.40851,0.40591,0.539338,0.790818,0.860287,0.764705,0.549311,0.466543,0.674303,0.905545,0.859083,0.521144,0.720574
0.962936,0.918103,0.981955,0.921691,0.870636,0.916255,0.348731,0.831075,0.564052,0.880256,0.894144,0.818921,0.938641,0.879654,0.842141,0.875285,0.929385,0.708915,0.809782,0.943612,0.920348,0.750373,0.728839,0.962368,0.625306,0.851162,0.900137,0.851018,0.379105,0.378538,0.39067,0.803361,0.863248,0.926057,0.874776,0.542362,0.490326,0.822061,0.93717,0.888574,0.718565,0.779431,0.959863,0.933617,1,0.902647,0.891483,0.916104,0.772463,0.691966,0.665488,0.868088,0.924997,0.827051,0.95049,0.933032,0.865009,0.91952,0.945652,0.682762,0.750549,0.772615,0.846259,0.964731,0.952393,0.884933,0.71527,0.954811,0.617203,0.770675,0.890803,0.823658,0.417722,0.455076,0.728145,0.842122,0.920039,0.7998,0.544512,0.584197,0.637937,0.953316,0.890755,0.546411,0.774054
0.890243,0.80113,0.878043,0.857293,0.754494,0.819502,0.382377,0.767302,0.553833,0.847723,0.841436,0.749959,0.854595,0.78027,0.718799,0.774472,0.833886,0.686606,0.734247,0.880804,0.846415,0.700886,0.655449,0.863185,0.495913,0.743833,0.793584,0.770755,0.302606,0.311697,0.410528,0.770027,0.739446,0.85029,0.830044,0.491584,0.481376,0.71832,0.834248,0.811119,0.748941,0.758248,0.85292,0.829791,0.902647,1,0.816331,0.858328,0.739388,0.626531,0.6348,0.783387,0.790437,0.74882,0.888936,0.845225,0.723606,0.776225,0.864727,0.662364,0.856557,0.677058,0.822838,0.900634,0.894534,0.783871,0.759385,0.85901,0.479268,0.695293,0.862944,0.753988,0.452863,0.441026,0.651763,0.78084,0.860934,0.723362,0.447587,0.618891,0.546313,0.850754,0.851688,0.501286,0.739345
0.882468,0.845989,0.870267,0.8387,0.846468,0.85578,0.30564,0.672907,0.600302,0.757816,0.78084,0.798715,0.853512,0.86887,0.795068,0.774234,0.807081,0.604976,0.763351,0.874459,0.822712,0.755317,0.656197,0.889666,0.649925,0.792902,0.765526,0.811968,0.359535,0.36941,0.384394,0.783603,0.798297,0.853037,0.80516,0.583936,0.469958,0.702337,0.842824,0.837331,0.711459,0.769099,0.872673,0.857498,0.891483,0.816331,1,0.848463,0.722436,0.557139,0.612326,0.769931,0.826101,0.71853,0.889391,0.861581,0.811601,0.794373,0.867079,0.639812,0.622029,0.715196,0.771598,0.881653,0.881038,0.839629,0.66714,0.919368,0.584017,0.672412,0.834909,0.744551,0.474111,0.521144,0.612045,0.812599,0.875622,0.728789,0.504354,0.512323,0.627776,0.845102,0.832377,0.464537,0.808952
0.906903,0.832917,0.899831,0.824218,0.786707,0.862419,0.392439,0.713054,0.461308,0.87337,0.830112,0.717422,0.817236,0.819159,0.802417,0.763732,0.806345,0.649352,0.730777,0.880319,0.855394,0.729901,0.65105,0.890075,0.55209,0.749941,0.813701,0.802307,0.361536,0.34941,0.460779,0.729594,0.806812,0.895016,0.825088,0.51503,0.584498,0.790296,0.857626,0.799386,0.727341,0.699578,0.86391,0.81471,0.916104,0.858328,0.848463,1,0.738118,0.642925,0.575458,0.841666,0.870071,0.733803,0.859729,0.864222,0.827814,0.78849,0.874233,0.661883,0.703213,0.699605,0.792326,0.877428,0.884464,0.838598,0.662994,0.890237,0.517709,0.647989,0.888631,0.780522,0.416485,0.532249,0.708461,0.799035,0.864321,0.680263,0.501213,0.508905,0.516137,0.863043,0.837881,0.54727,0.727323
0.792833,0.658146,0.740777,0.666759,0.667155,0.662072,0.262203,0.667606,0.509457,0.668998,0.735551,0.6142,0.65104,0.670306,0.736617,0.588089,0.710498,0.472686,0.609574,0.698568,0.71508,0.663671,0.603039,0.741742,0.51581,0.673732,0.723805,0.708729,0.369924,0.371453,0.330306,0.611534,0.666511,0.638628,0.548402,0.46887,0.453594,0.610485,0.790211,0.730727,0.469292,0.687195,0.707451,0.678056,0.772463,0.739388,0.722436,0.738118,1,0.560965,0.59128,0.664637,0.720841,0.567484,0.690019,0.740889,0.60175,0.625121,0.732539,0.627071,0.555091,0.613777,0.587265,0.764519,0.709786,0.703744,0.593365,0.761092,0.551472,0.514205,0.825692,0.627055,0.496211,0.540307,0.57145,0.631322,0.699589,0.50653,0.369548,0.478161,0.592906,0.657143,0.711823,0.369995,0.630381
0.656706,0.600147,0.634308,0.662004,0.58294,0.5613,-0.128469,0.563304,0.231546,0.668938,0.725188,0.527232,0.650634,0.512594,0.667032,0.568781,0.657315,0.540214,0.763957,0.697535,0.723665,0.483905,0.599503,0.634665,0.40583,0.523244,0.662741,0.475787,0.0191618,0.198528,0.255501,0.615411,0.748139,0.652801,0.567655,0.186812,0.173086,0.671976,0.656213,0.628524,0.594899,0.45021,0.703901,0.692587,0.691966,0.626531,0.557139,0.642925,0.560965,1,0.304315,0.725959,0.648393,0.699105,0.654204,0.554225,0.580498,0.675549,0.683395,0.578558,0.508115,0.398436,0.686097,0.702475,0.645908,0.558955,0.427281,0.648672,0.542345,0.463285,0.688505,0.503029,0.417492,0.459698,0.466368,0.412219,0.663743,0.46032,0.346322,0.388799,0.497793,0.671948,0.590233,0.249745,0.527615
0.662122,0.573925,0.698948,0.694374,0.71648,0.707207,0.415953,0.545437,0.669048,0.550114,0.562399,0.554369,0.664882,0.6943,0.421865,0.570749,0.578077,0.607296,0.500423,0.623926,0.627806,0.507311,0.402661,0.736807,0.434658,0.746126,0.631383,0.644013,0.254219,0.387701,0.201345,0.503457,0.533704,0.590662,0.66943,0.371824,0.461654,0.451889,0.630537,0.610895,0.569696,0.66801,0.676146,0.665927,0.665488,0.6348,0.612326,0.575458,0.59128,0.304315,1,0.492749,0.576141,0.495807,0.643233,0.711772,0.506684,0.561767,0.61194,0.418814,0.465837,0.797932,0.484117,0.684209,0.650066,0.568545,0.708622,0.700899,0.3677,0.550195,0.629199,0.595185,0.39856,0.318382,0.472268,0.58279,0.627504,0.541837,0.253877,0.415701,0.432091,0.644791,0.6693,0.475091,0.549853
0.823591,0.74206,0.841835,0.795141,0.668177,0.741573,0.1547,0.710141,0.327545,0.869082,0.842368,0.697981,0.803382,0.794544,0.793214,0.77637,0.777521,0.594131,0.795643,0.863001,0.876987,0.690122,0.721396,0.849045,0.560282,0.771683,0.820798,0.735194,0.225932,0.288011,0.259091,0.645435,0.86294,0.891276,0.789777,0.449102,0.407335,0.816325,0.832071,0.753666,0.649195,0.64297,0.84046,0.793576,0.868088,0.783387,0.769931,0.841666,0.664637,0.725959,0.492749,1,0.902758,0.791717,0.836263,0.767214,0.681009,0.830818,0.838461,0.631193,0.606528,0.665419,0.846532,0.851921,0.859361,0.782165,0.581666,0.846266,0.634522,0.579133,0.856325,0.714319,0.396635,0.488615,0.69296,0.714344,0.847156,0.698773,0.525567,0.5986,0.535652,0.858957,0.787305,0.420045,0.64772
0.887104,0.829343,0.914387,0.828435,0.770712,0.826488,0.319684,0.749682,0.499685,0.892795,0.901406,0.780463,0.882944,0.860761,0.807702,0.865734,0.877151,0.694744,0.778566,0.885035,0.8607,0.690201,0.704249,0.888433,0.564273,0.804708,0.848701,0.803889,0.443514,0.450707,0.420915,0.702489,0.886664,0.893827,0.783935,0.473615,0.434639,0.783524,0.884003,0.774025,0.649202,0.697296,0.889171,0.860346,0.924997,0.790437,0.826101,0.870071,0.720841,0.648393,0.576141,0.902758,1,0.767573,0.887366,0.846932,0.74812,0.881688,0.897531,0.694181,0.570882,0.729613,0.823757,0.902346,0.885688,0.87162,0.618814,0.888199,0.573031,0.707763,0.841021,0.718645,0.419667,0.461329,0.636665,0.81799,0.860626,0.721219,0.600572,0.558273,0.497356,0.886323,0.835999,0.438596,0.682537
