1,0.836477,0.899413,0.70318,0.718175,0.666048,0.485162,0.539534,0.453967,0.697132,0.747592,0.831293,0.789049,0.88647,0.436303,0.755945,0.829196,0.476576,0.866407,0.879674,0.931671,0.672816,0.783199,0.902551,0.653162,0.608995,0.789297,0.636086,0.594043,0.432042,0.451202,0.709466,0.788923,0.686835,0.67138,0.433376,0.47992,0.710354,0.911553,0.837716,0.529618,0.711398,0.893551,0.87855,0.853762,0.747972,0.824444,0.776242,0.56605,0.569766,0.411767,0.747355,0.788515,0.768984,0.855664,0.831096,0.73524,0.780467,0.850414,0.442276,0.690446,0.523384,0.66117,0.88014,0.892452,0.661418,0.695914,0.903814,0.623475,0.785597,0.803576,0.550252,0.278943,0.380146,0.655174,0.778831,0.750748,0.482007,0.31149,0.244447,0.576328,0.860458,0.732796,0.523495,0.767529
0.836477,1,0.868696,0.722653,0.660141,0.575977,0.395781,0.460849,0.336985,0.593277,0.718943,0.85309,0.790082,0.796416,0.261715,0.810774,0.740077,0.507999,0.768767,0.817207,0.810193,0.525058,0.654464,0.767908,0.64039,0.502222,0.711532,0.499799,0.514194,0.31326,0.246717,0.605653,0.708098,0.553667,0.701024,0.386741,0.652633,0.58102,0.795891,0.781009,0.438358,0.686804,0.834389,0.848691,0.835557,0.803934,0.716797,0.6104,0.399394,0.325644,0.28823,0.673041,0.824567,0.73822,0.862383,0.692784,0.617803,0.83221,0.846107,0.475951,0.581382,0.499867,0.595159,0.745506,0.755536,0.472155,0.471173,0.770297,0.537525,0.766772,0.685645,0.517005,0.131322,0.200615,0.531624,0.704072,0.625832,0.377827,0.0994086,0.23847,0.538858,0.679176,0.567532,0.491612,0.626319
0.899413,0.868696,1,0.739631,0.710922,0.485802,0.352807,0.450014,0.302038,0.546029,0.763535,0.787439,0.695147,0.822599,0.159422,0.77571,0.735933,0.401146,0.817631,0.809954,0.797024,0.599971,0.663651,0.775134,0.561913,0.52155,0.714823,0.509476,0.563694,0.425575,0.399173,0.639321,0.698304,0.610952,0.624484,0.485044,0.518356,0.657015,0.869302,0.831773,0.480117,0.719844,0.904402,0.783944,0.924171,0.780422,0.725347,0.604864,0.395501,0.321513,0.25218,0.735701,0.732454,0.728833,0.828962,0.709352,0.569477,0.79644,0.797829,0.359195,0.558964,0.414358,0.618275,0.806383,0.797517,0.576773,0.551535,0.785104,0.55424,0.768598,0.667385,0.466176,0.157989,0.298504,0.524119,0.777495,0.65305,0.27398,0.129883,0.259178,0.551152,0.764166,0.658171,0.580313,0.771408
0.70318,0.722653,0.739631,1,0.553052,0.480881,0.420712,0.352572,0.167438,0.346623,0.492897,0.617455,0.572659,0.544937,0.147642,0.740771,0.66912,0.447504,0.698202,0.771265,0.663049,0.688972,0.481579,0.634515,0.398146,0.368706,0.432495,0.341239,0.502474,0.138695,0.330997,0.361444,0.697497,0.299393,0.618313,0.296564,0.448045,0.600446,0.625714,0.707727,0.38212,0.545817,0.701416,0.610482,0.817463,0.712439,0.608479,0.374537,0.148481,0.171002,0.360534,0.625137,0.558691,0.643824,0.699321,0.420682,0.552547,0.638727,0.615935,0.227896,0.475228,0.201533,0.540732,0.722528,0.72859,0.357395,0.349321,0.61395,0.488269,0.525201,0.567123,0.457962,0.243922,0.197735,0.487539,0.714565,0.496032,0.340568,0.106344,0.251239,0.667296,0.646071,0.595211,0.437977,0.55426
0.718175,0.660141,0.710922,0.553052,1,0.545856,0.356428,0.473528,0.154239,0.715143,0.694016,0.624632,0.665884,0.68456,0.259519,0.423028,0.652348,0.251095,0.597695,0.676438,0.67318,0.516452,0.586224,0.731393,0.521822,0.585232,0.675711,0.530176,0.324685,0.379184,0.428463,0.488673,0.656491,0.575031,0.60857,0.458314,0.33878,0.633269,0.768493,0.700598,0.370919,0.52047,0.681249,0.673912,0.727998,0.492595,0.647169,0.601723,0.403889,0.305283,0.314474,0.56639,0.634321,0.598252,0.732076,0.63784,0.482687,0.596937,0.652127,0.363028,0.430193,0.430185,0.580872,0.715642,0.72517,0.603407,0.644829,0.716314,0.520486,0.665455,0.703301,0.488637,0.0319104,0.228701,0.489068,0.649531,0.587395,0.29437,0.047478,0.162532,0.45815,0.754128,0.669896,0.524909,0.599574
0.666048,0.575977,0.485802,0.480881,0.545856,1,0.482397,0.491132,0.128965,0.697696,0.64983,0.624869,0.673716,0.570272,0.543795,0.438305,0.616111,0.325693,0.573146,0.61981,0.712623,0.432652,0.611228,0.732908,0.434255,0.490504,0.664679,0.49933,0.375035,0.207742,0.413724,0.630428,0.710115,0.541213,0.531115,0.254934,0.343065,0.658545,0.566821,0.559073,0.440068,0.497737,0.522579,0.729054,0.531468,0.477245,0.692686,0.75776,0.33353,0.433236,0.476518,0.575446,0.754861,0.597909,0.605563,0.593441,0.637189,0.498442,0.637362,0.386029,0.456877,0.417744,0.573545,0.679917,0.620347,0.383403,0.676295,0.645872,0.363683,0.541272,0.724126,0.475857,0.117371,0.382083,0.503156,0.571871,0.480437,0.395339,0.316967,0.150168,0.550431,0.600568,0.630433,0.415282,0.553953
0.485162,0.395781,0.352807,0.420712,0.356428,0.482397,1,0.446403,0.322367,0.466138,0.360093,0.531185,0.6843,0.439698,0.427481,0.441313,0.557837,0.309418,0.430375,0.517644,0.493002,0.379745,0.375411,0.535782,0.320104,0.553646,0.389478,0.310789,0.432669,0.16466,0.507982,0.293095,0.552093,0.284607,0.423421,0.414352,0.29427,0.268706,0.381988,0.505335,0.225136,0.351367,0.397696,0.530839,0.413262,0.451949,0.502863,0.57441,0.393822,0.587841,0.570752,0.220601,0.452794,0.515018,0.441119,0.442963,0.481324,0.326917,0.403953,0.303871,0.602677,0.491424,0.60307,0.476911,0.559025,0.221314,0.421703,0.564831,0.316582,0.386026,0.454154,0.310373,0.471112,0.28896,0.548751,0.432317,0.470912,0.395418,0.348059,0.0734977,0.340649,0.433085,0.454866,0.076929,0.384697
0.539534,0.460849,0.450014,0.352572,0.473528,0.491132,0.446403,1,0.423048,0.65282,0.59622,0.51125,0.581241,0.599737,0.501853,0.344367,0.530533,0.189503,0.489879,0.465094,0.558255,0.312659,0.684806,0.671598,0.417568,0.41023,0.595548,0.395033,0.58565,0.408022,0.426532,0.522647,0.446761,0.509059,0.406967,0.449009,0.354741,0.469969,0.599485,0.520208,0.416549,0.537546,0.556407,0.645005,0.421008,0.502273,0.524002,0.511125,0.526228,0.521469,0.388426,0.457146,0.56478,0.351409,0.43906,0.578743,0.529465,0.398117,0.510039,0.25673,0.467119,0.352055,0.331947,0.422574,0.513807,0.542696,0.569147,0.627758,0.152215,0.461945,0.692133,0.38334,0.241047,-0.101901,0.578102,0.421482,0.466581,0.288236,0.10273,0.450664,0.356378,0.427377,0.370578,0.322746,0.45962
0.453967,0.336985,0.302038,0.167438,0.154239,0.128965,0.322367,0.423048,1,0.279103,0.279886,0.293948,0.376542,0.409872,0.406972,0.275247,0.347645,0.302117,0.370571,0.342548,0.386093,0.168369,0.389302,0.390058,0.447236,0.390068,0.320279,0.326724,0.268106,0.139286,0.160795,0.267881,0.165752,0.302149,0.272296,0.230201,0.339787,9.93404e-05,0.387226,0.282528,-0.105198,0.244946,0.347925,0.375222,0.171386,0.412422,0.352382,0.269421,0.536187,0.509951,0.385036,0.179334,0.281926,0.0706803,0.207274,0.491085,0.417495,0.262471,0.282856,0.296539,0.415846,0.577719,0.124786,0.220797,0.323838,0.37932,0.252771,0.430981,0.426396,0.360317,0.438581,0.16888,0.260443,-0.0910301,0.300272,0.205456,0.314037,0.435359,0.292258,0.0877248,-0.105609,0.2468,0.169204,0.185074,0.0618723
0.697132,0.593277,0.546029,0.346623,0.715143,0.697696,0.466138,0.65282,0.279103,1,0.773875,0.60116,0.714331,0.675967,0.605766,0.411693,0.642522,0.169579,0.531627,0.614468,0.726869,0.413634,0.619348,0.721895,0.502863,0.462248,0.687863,0.62915,0.413203,0.474487,0.521665,0.624036,0.621784,0.666009,0.627303,0.349829,0.388624,0.557005,0.6973,0.646574,0.482177,0.62178,0.651133,0.752225,0.590754,0.463951,0.663504,0.791987,0.545092,0.510813,0.36601,0.497968,0.690983,0.542686,0.669489,0.669765,0.605037,0.554016,0.684445,0.357152,0.467842,0.456138,0.565224,0.659199,0.713387,0.590964,0.737055,0.765102,0.321477,0.719488,0.744137,0.522564,0.195844,0.326249,0.585737,0.463923,0.672324,0.400045,0.0526456,0.216306,0.437044,0.733119,0.623318,0.259919,0.614796
0.747592,0.718943,0.763535,0.492897,0.694016,0.64983,0.360093,0.59622,0.279886,0.773875,1,0.678669,0.707468,0.731413,0.275597,0.576578,0.663535,0.192576,0.624393,0.638761,0.70242,0.414202,0.54756,0.732535,0.44231,0.507349,0.684651,0.550238,0.377959,0.384498,0.519374,0.603669,0.536994,0.628339,0.54667,0.442107,0.448915,0.614372,0.733139,0.658505,0.401094,0.697579,0.723059,0.754824,0.737162,0.616945,0.592332,0.644855,0.414713,0.350078,0.381955,0.657563,0.73549,0.571653,0.724677,0.641647,0.590114,0.624496,0.72653,0.310988,0.396377,0.380384,0.632685,0.721742,0.722864,0.615701,0.581858,0.741686,0.341036,0.749178,0.722443,0.457752,0.270212,0.294612,0.487957,0.52918,0.470756,0.262394,0.0531185,0.296032,0.412925,0.649675,0.58938,0.394554,0.669546
0.831293,0.85309,0.787439,0.617455,0.624632,0.624869,0.531185,0.51125,0.293948,0.60116,0.678669,1,0.819498,0.781134,0.363601,0.707714,0.706849,0.391741,0.702598,0.703238,0.782639,0.486232,0.747262,0.771503,0.62572,0.546258,0.663754,0.479746,0.468894,0.334112,0.311175,0.685854,0.762571,0.579156,0.638065,0.411401,0.43249,0.680011,0.75161,0.751741,0.541811,0.600775,0.752794,0.804642,0.746099,0.719694,0.664189,0.685918,0.45976,0.488331,0.363053,0.620426,0.811407,0.808022,0.819171,0.702714,0.638857,0.758519,0.852688,0.38782,0.617742,0.422323,0.611214,0.724642,0.748309,0.469298,0.566134,0.757403,0.404395,0.754335,0.642977,0.50195,0.269139,0.331404,0.607135,0.72209,0.630631,0.440022,0.242173,0.23187,0.498099,0.69399,0.625002,0.384424,0.682446
0.789049,0.790082,0.695147,0.572659,0.665884,0.673716,0.6843,0.581241,0.376542,0.714331,0.707468,0.819498,1,0.75925,0.531597,0.667292,0.855664,0.452196,0.681696,0.740109,0.823276,0.569244,0.66223,0.818962,0.558663,0.740173,0.675777,0.550492,0.49392,0.273583,0.540697,0.621123,0.770835,0.588675,0.735749,0.586901,0.553988,0.536229,0.758183,0.771094,0.347492,0.673872,0.702129,0.823499,0.689407,0.668276,0.677583,0.736962,0.558996,0.588249,0.536696,0.578431,0.844975,0.685273,0.772379,0.701961,0.670865,0.619937,0.752819,0.474376,0.651874,0.64322,0.679361,0.726787,0.789148,0.389183,0.569744,0.772584,0.460027,0.668931,0.737067,0.538054,0.303836,0.299487,0.683386,0.636571,0.647877,0.521373,0.237174,0.282021,0.493369,0.673302,0.610862,0.37092,0.646762
0.88647,0.796416,0.822599,0.544937,0.68456,0.570272,0.439698,0.599737,0.409872,0.675967,0.731413,0.781134,0.75925,1,0.305853,0.682799,0.757785,0.411465,0.806141,0.74425,0.826348,0.545774,0.74228,0.875249,0.658028,0.607356,0.819734,0.504214,0.591587,0.324954,0.291997,0.666638,0.636662,0.733572,0.591457,0.537146,0.493383,0.649019,0.852073,0.809704,0.503367,0.662622,0.812924,0.847052,0.728773,0.700641,0.703203,0.686569,0.578598,0.561508,0.378748,0.633139,0.779286,0.649979,0.757387,0.890993,0.640622,0.704195,0.807677,0.513876,0.618757,0.481338,0.500899,0.733561,0.760963,0.640379,0.620691,0.855389,0.489941,0.682961,0.783288,0.427263,0.205105,0.215132,0.620277,0.679351,0.626521,0.26883,0.229111,0.459116,0.502558,0.718893,0.566228,0.44113,0.620019
0.436303,0.261715,0.159422,0.147642,0.259519,0.543795,0.427481,0.501853,0.406972,0.605766,0.275597,0.363601,0.531597,0.305853,1,0.268788,0.458011,0.305577,0.423974,0.393356,0.496753,0.254698,0.486918,0.452045,0.337599,0.218987,0.401897,0.503271,0.331458,0.308814,0.451889,0.383659,0.512579,0.337279,0.417759,0.127771,0.231895,0.205759,0.401861,0.373236,0.30294,0.367805,0.340732,0.528803,0.189508,0.287444,0.543652,0.57305,0.623891,0.590786,0.312147,0.285526,0.500274,0.276307,0.382994,0.472332,0.420145,0.330753,0.403772,0.0902988,0.414694,0.473259,0.300399,0.347514,0.397016,0.261689,0.588656,0.466685,0.216847,0.377995,0.489265,0.469452,0.238463,0.290142,0.518301,0.245079,0.48953,0.601023,0.198325,0.0572127,0.135028,0.454934,0.357942,0.115475,0.351167
0.755945,0.810774,0.77571,0.740771,0.423028,0.438305,0.441313,0.344367,0.275247,0.411693,0.576578,0.707714,0.667292,0.682799,0.268788,1,0.661056,0.490756,0.799541,0.836124,0.726175,0.529553,0.471518,0.689043,0.480391,0.37388,0.544483,0.38887,0.47874,0.334573,0.31008,0.378523,0.572404,0.358019,0.534012,0.264364,0.567508,0.434708,0.65676,0.72045,0.501639,0.613022,0.805336,0.750009,0.823354,0.831236,0.555463,0.529553,0.324046,0.398933,0.34894,0.547063,0.663833,0.728467,0.823453,0.57256,0.589938,0.84382,0.846972,0.372545,0.571417,0.389759,0.573484,0.774416,0.787207,0.395854,0.42449,0.738582,0.406385,0.606138,0.564099,0.39508,0.419905,0.391908,0.62797,0.662882,0.5911,0.352017,0.0866651,0.299355,0.56583,0.68993,0.543834,0.326879,0.643264
0.829196,0.740077,0.735933,0.66912,0.652348,0.616111,0.557837,0.530533,0.347645,0.642522,0.663535,0.706849,0.855664,0.757785,0.458011,0.661056,1,0.467223,0.745722,0.783149,0.887982,0.723632,0.65412,0.818423,0.543236,0.625039,0.667775,0.567785,0.586834,0.287096,0.539594,0.60734,0.789542,0.605393,0.712314,0.613348,0.51087,0.594061,0.818052,0.798026,0.333471,0.752514,0.682606,0.749932,0.696862,0.604028,0.672308,0.602431,0.569529,0.587018,0.466886,0.714198,0.758454,0.687558,0.773297,0.667512,0.754328,0.562526,0.722658,0.40475,0.567272,0.522372,0.610005,0.760274,0.802406,0.494001,0.596799,0.755211,0.476881,0.681198,0.738773,0.466887,0.291023,0.286177,0.705352,0.630078,0.641759,0.434128,0.2971,0.327128,0.547898,0.773114,0.679904,0.429777,0.658014
0.476576,0.507999,0.401146,0.447504,0.251095,0.325693,0.309418,0.189503,0.302117,0.169579,0.192576,0.391741,0.452196,0.411465,0.305577,0.490756,0.467223,1,0.4801,0.591545,0.492702,0.391621,0.452372,0.463684,0.502561,0.382657,0.338115,0.47397,0.274464,0.0820256,0.0498853,0.152067,0.4785,0.15467,0.280808,0.225292,0.303098,0.144421,0.440819,0.422472,0.171477,0.32393,0.46139,0.476944,0.390041,0.456395,0.564859,0.361848,0.307237,0.213256,0.23787,0.289383,0.432082,0.259194,0.351226,0.338283,0.429068,0.418808,0.387689,0.303046,0.65196,0.38762,0.277,0.480028,0.394087,0.211714,0.0991565,0.40183,0.370625,0.332315,0.30015,0.202958,0.0597063,0.0786749,0.331968,0.417577,0.186801,0.463568,0.190625,0.241153,0.277163,0.29971,0.221332,0.28939,0.27633
0.866407,0.768767,0.817631,0.698202,0.597695,0.573146,0.430375,0.489879,0.370571,0.531627,0.624393,0.702598,0.681696,0.806141,0.423974,0.799541,0.745722,0.4801,1,0.81145,0.819962,0.485883,0.614928,0.77996,0.486314,0.436576,0.750173,0.42722,0.578715,0.357574,0.412229,0.491978,0.706681,0.538428,0.557641,0.401055,0.494886,0.575676,0.809639,0.771261,0.464352,0.659578,0.807563,0.816511,0.762281,0.747493,0.731109,0.585348,0.42046,0.489889,0.328026,0.718631,0.730649,0.696996,0.829152,0.787375,0.615105,0.745441,0.795542,0.236972,0.635017,0.445104,0.53208,0.737724,0.739717,0.543033,0.641439,0.812647,0.588476,0.664175,0.715482,0.45051,0.353147,0.37472,0.660211,0.730593,0.589764,0.411881,0.223617,0.250993,0.531771,0.746949,0.595635,0.487673,0.6759
0.879674,0.817207,0.809954,0.771265,0.676438,0.61981,0.517644,0.465094,0.342548,0.614468,0.638761,0.703238,0.740109,0.74425,0.393356,0.836124,0.783149,0.591545,0.81145,1,0.888035,0.708109,0.642779,0.84987,0.602712,0.554535,0.699135,0.636545,0.600074,0.411537,0.471422,0.490751,0.7165,0.488696,0.604392,0.334614,0.505591,0.584478,0.807073,0.781198,0.508884,0.670604,0.861776,0.814434,0.876641,0.780948,0.769334,0.718822,0.43566,0.486137,0.462776,0.628724,0.706251,0.747783,0.845836,0.65684,0.744138,0.79564,0.831717,0.447437,0.714321,0.533011,0.68791,0.903362,0.912516,0.567743,0.631175,0.860887,0.617127,0.681614,0.749011,0.513135,0.332319,0.349115,0.679925,0.775424,0.72485,0.493811,0.242551,0.22887,0.661301,0.850281,0.694705,0.538144,0.697787
0.931671,0.810193,0.797024,0.663049,0.67318,0.712623,0.493002,0.558255,0.386093,0.726869,0.70242,0.782639,0.823276,0.826348,0.496753,0.726175,0.887982,0.492702,0.819962,0.888035,1,0.700986,0.74298,0.896767,0.638629,0.588399,0.769507,0.658262,0.630263,0.447012,0.490299,0.680238,0.805427,0.67776,0.706157,0.487983,0.514059,0.651281,0.905709,0.803486,0.491324,0.754767,0.822841,0.843434,0.797509,0.666436,0.809452,0.759766,0.545344,0.570205,0.42029,0.760551,0.803101,0.764354,0.832969,0.764008,0.77822,0.709464,0.833583,0.445421,0.71905,0.558746,0.669927,0.875282,0.871622,0.606812,0.692627,0.889068,0.557793,0.751664,0.807958,0.54558,0.29332,0.384099,0.732962,0.757767,0.763608,0.552419,0.289803,0.298024,0.625848,0.867596,0.718308,0.517409,0.748669
0.672816,0.525058,0.599971,0.688972,0.516452,0.432652,0.379745,0.312659,0.168369,0.413634,0.414202,0.486232,0.569244,0.545774,0.254698,0.529553,0.723632,0.391621,0.485883,0.708109,0.700986,1,0.59648,0.67444,0.437062,0.47528,0.43242,0.603378,0.503434,0.214682,0.438974,0.484518,0.63197,0.34921,0.587217,0.422742,0.406957,0.509499,0.635942,0.569303,0.295888,0.586621,0.621964,0.481822,0.667157,0.493187,0.566001,0.491432,0.426948,0.333192,0.439599,0.531092,0.443888,0.490053,0.54798,0.369646,0.629744,0.411171,0.499028,0.360349,0.459653,0.289958,0.53932,0.713304,0.754622,0.439827,0.447942,0.549186,0.377644,0.38852,0.567611,0.365435,0.155443,0.132462,0.541038,0.582561,0.645864,0.448977,0.310507,0.329999,0.639257,0.688549,0.671727,0.492953,0.539014
0.783199,0.654464,0.663651,0.481579,0.586224,0.611228,0.375411,0.684806,0.389302,0.619348,0.54756,0.747262,0.66223,0.74228,0.486918,0.471518,0.65412,0.452372,0.614928,0.642779,0.74298,0.59648,1,0.817298,0.679615,0.563855,0.717169,0.585362,0.541804,0.400399,0.292192,0.782446,0.697504,0.629261,0.501099,0.433211,0.344851,0.662094,0.759846,0.640667,0.476733,0.557088,0.708376,0.731406,0.578361,0.602924,0.723007,0.70633,0.564598,0.52562,0.390856,0.546304,0.705062,0.564589,0.609347,0.700419,0.66794,0.57082,0.681113,0.433351,0.581704,0.459255,0.386865,0.639392,0.656128,0.629768,0.665449,0.678776,0.310763,0.556496,0.671506,0.356872,0.0357993,0.0741012,0.63387,0.668629,0.63562,0.466723,0.34374,0.412095,0.50749,0.637313,0.626709,0.62872,0.629112
0.902551,0.767908,0.775134,0.634515,0.731393,0.732908,0.535782,0.671598,0.390058,0.721895,0.732535,0.771503,0.818962,0.875249,0.452045,0.689043,0.818423,0.463684,0.77996,0.84987,0.896767,0.67444,0.817298,1,0.627341,0.731639,0.842718,0.649236,0.647619,0.408708,0.49567,0.722452,0.760693,0.730022,0.59436,0.49007,0.477641,0.709106,0.852723,0.790269,0.55442,0.675527,0.85058,0.867518,0.774305,0.738978,0.764822,0.805537,0.567596,0.636846,0.497212,0.670523,0.817455,0.713881,0.793863,0.822328,0.781898,0.670408,0.835714,0.562457,0.665415,0.520919,0.677914,0.862512,0.886972,0.66392,0.760133,0.910904,0.494285,0.648537,0.860926,0.545544,0.261218,0.241325,0.737771,0.797808,0.72829,0.482792,0.339216,0.386206,0.621252,0.814686,0.719766,0.558826,0.711161
0.653162,0.64039,0.561913,0.398146,0.521822,0.434255,0.320104,0.417568,0.447236,0.502863,0.44231,0.62572,0.558663,0.658028,0.337599,0.480391,0.543236,0.502561,0.486314,0.602712,0.638629,0.437062,0.679615,0.627341,1,0.427067,0.657016,0.589759,0.369076,0.159774,0.068777,0.466603,0.509966,0.506607,0.511354,0.400454,0.472324,0.324702,0.670133,0.559929,0.322564,0.490283,0.569381,0.580494,0.516081,0.538557,0.606597,0.510085,0.491458,0.315259,0.300681,0.392886,0.561302,0.479095,0.549325,0.578262,0.522441,0.645069,0.596972,0.422521,0.642101,0.482025,0.288128,0.522861,0.541632,0.597461,0.396756,0.578587,0.433925,0.704782,0.474865,0.362598,-0.12742,0.00146093,0.496114,0.608489,0.526189,0.356765,0.168823,0.333529,0.244357,0.561857,0.346029,0.483794,0.366529
0.608995,0.502222,0.52155,0.368706,0.585232,0.490504,0.553646,0.41023,0.390068,0.462248,0.507349,0.546258,0.740173,0.607356,0.218987,0.37388,0.625039,0.382657,0.436576,0.554535,0.588399,0.47528,0.563855,0.731639,0.427067,1,0.54487,0.408169,0.404518,0.201937,0.503375,0.526856,0.539624,0.574194,0.478034,0.476892,0.261877,0.423056,0.587793,0.550245,0.103836,0.361362,0.501487,0.578741,0.451272,0.493403,0.408736,0.649395,0.317297,0.543117,0.491832,0.27371,0.539748,0.47884,0.476865,0.612204,0.555149,0.282961,0.479052,0.563767,0.568523,0.544385,0.598944,0.557393,0.619961,0.378732,0.462521,0.602399,0.416709,0.402207,0.574281,0.285232,0.159566,0.176993,0.500104,0.579741,0.463913,0.433051,0.39892,0.185599,0.35723,0.514111,0.5693,0.35238,0.421274
0.789297,0.711532,0.714823,0.432495,0.675711,0.664679,0.389478,0.595548,0.320279,0.687863,0.684651,0.663754,0.675777,0.819734,0.401897,0.544483,0.667775,0.338115,0.750173,0.699135,0.769507,0.43242,0.717169,0.842718,0.657016,0.54487,1,0.564905,0.602519,0.373903,0.344244,0.679811,0.624155,0.727017,0.570117,0.484525,0.606949,0.575582,0.777847,0.680921,0.527907,0.633326,0.736851,0.775981,0.652546,0.629202,0.768583,0.75687,0.519797,0.514753,0.227982,0.632383,0.731581,0.568554,0.693378,0.795791,0.629575,0.61969,0.7469,0.395944,0.612151,0.419188,0.484907,0.658113,0.689082,0.66414,0.71093,0.78681,0.498442,0.678847,0.754452,0.506616,0.00591059,0.115692,0.625753,0.692869,0.607491,0.304753,0.21378,0.286291,0.508,0.689758,0.551333,0.582741,0.590335
0.636086,0.499799,0.509476,0.341239,0.530176,0.49933,0.310789,0.395033,0.326724,0.62915,0.550238,0.479746,0.550492,0.504214,0.503271,0.38887,0.567785,0.47397,0.42722,0.636545,0.658262,0.603378,0.585362,0.649236,0.589759,0.408169,0.564905,1,0.459162,0.320218,0.438578,0.483444,0.559444,0.442399,0.433186,0.339251,0.413629,0.31666,0.663348,0.466147,0.393592,0.56151,0.621925,0.495996,0.54913,0.422648,0.681445,0.614904,0.638769,0.334848,0.360754,0.480311,0.479993,0.315494,0.494042,0.432671,0.59355,0.467674,0.505863,0.269255,0.593411,0.396294,0.552591,0.641929,0.655654,0.583345,0.504418,0.577331,0.440522,0.639258,0.56414,0.559477,0.047161,0.100085,0.414616,0.508801,0.549955,0.578202,0.189975,0.0909709,0.295112,0.620757,0.418347,0.417426,0.451065
0.594043,0.514194,0.563694,0.502474,0.324685,0.375035,0.432669,0.58565,0.268106,0.413203,0.377959,0.468894,0.49392,0.591587,0.331458,0.47874,0.586834,0.274464,0.578715,0.600074,0.630263,0.503434,0.541804,0.647619,0.369076,0.404518,0.602519,0.459162,1,0.362248,0.489421,0.526214,0.522094,0.523247,0.448816,0.455847,0.433033,0.441591,0.638796,0.643324,0.450563,0.51977,0.629038,0.548687,0.530798,0.542277,0.579819,0.479026,0.425045,0.402355,0.216628,0.523263,0.475097,0.446118,0.475783,0.578733,0.438849,0.400667,0.479198,0.179834,0.575384,0.314241,0.402628,0.457524,0.54737,0.393443,0.510104,0.620816,0.35136,0.476666,0.596707,0.471199,0.185143,-0.0197891,0.567479,0.615485,0.57277,0.28082,0.201796,0.24472,0.406528,0.539889,0.370765,0.34069,0.447722
0.432042,0.31326,0.425575,0.138695,0.379184,0.207742,0.16466,0.408022,0.139286,0.474487,0.384498,0.334112,0.273583,0.324954,0.308814,0.334573,0.287096,0.0820256,0.357574,0.411537,0.447012,0.214682,0.400399,0.408708,0.159774,0.201937,0.373903,0.320218,0.362248,1,0.384335,0.353917,0.312602,0.411933,0.270607,0.112388,0.160934,0.263149,0.473102,0.411853,0.375561,0.352619,0.503868,0.413646,0.423539,0.175056,0.391834,0.497365,0.241013,0.35001,-0.127838,0.345408,0.27875,0.464228,0.473306,0.372181,0.284129,0.421977,0.487517,0.179582,0.280184,0.270641,0.391,0.457819,0.416221,0.405993,0.562657,0.506771,-0.0978985,0.442637,0.277801,0.17639,0.151693,0.433297,0.453747,0.320216,0.554534,0.271036,-0.0906318,-0.00210627,0.317022,0.535116,0.585218,0.212049,0.580204
0.451202,0.246717,0.399173,0.330997,0.428463,0.413724,0.507982,0.426532,0.160795,0.521665,0.519374,0.311175,0.540697,0.291997,0.451889,0.31008,0.539594,0.0498853,0.412229,0.471422,0.490299,0.438974,0.292192,0.49567,0.068777,0.503375,0.344244,0.438578,0.489421,0.384335,1,0.319355,0.494766,0.341865,0.427811,0.433567,0.175061,0.33635,0.464493,0.491798,0.170139,0.453769,0.451669,0.420467,0.457441,0.384451,0.365308,0.514579,0.311753,0.429973,0.41194,0.366104,0.35867,0.390135,0.440424,0.37161,0.380959,0.192935,0.355853,0.026467,0.347145,0.382151,0.611766,0.476347,0.57458,0.286359,0.607427,0.501874,0.261582,0.42407,0.48,0.436118,0.461857,0.349621,0.554375,0.444315,0.552208,0.429365,0.210719,0.00257216,0.264699,0.579556,0.58178,0.179077,0.574756
0.709466,0.605653,0.639321,0.361444,0.488673,0.630428,0.293095,0.522647,0.267881,0.624036,0.603669,0.685854,0.621123,0.666638,0.383659,0.378523,0.60734,0.152067,0.491978,0.490751,0.680238,0.484518,0.782446,0.722452,0.466603,0.526856,0.679811,0.483444,0.526214,0.353917,0.319355,1,0.647917,0.807669,0.548195,0.341263,0.338527,0.666279,0.669025,0.599961,0.463662,0.60045,0.601917,0.643888,0.529145,0.488761,0.602733,0.703506,0.409739,0.469905,0.191613,0.574188,0.70597,0.585507,0.552694,0.641022,0.51529,0.473651,0.607868,0.38716,0.346361,0.305481,0.422463,0.559089,0.572775,0.474508,0.621279,0.59258,0.280604,0.550981,0.6093,0.375858,-0.00183528,0.179737,0.468025,0.567574,0.575974,0.261086,0.347739,0.341721,0.426929,0.568355,0.59108,0.499811,0.606384
0.788923,0.708098,0.698304,0.697497,0.656491,0.710115,0.552093,0.446761,0.165752,0.621784,0.536994,0.762571,0.770835,0.636662,0.512579,0.572404,0.789542,0.4785,0.706681,0.7165,0.805427,0.63197,0.697504,0.760693,0.509966,0.539624,0.624155,0.559444,0.522094,0.312602,0.494766,0.647917,1,0.600596,0.732448,0.434683,0.383708,0.624365,0.718719,0.760658,0.488271,0.652342,0.712739,0.762594,0.715517,0.570913,0.772838,0.685807,0.399093,0.430214,0.312032,0.672615,0.762503,0.72884,0.726443,0.641978,0.600083,0.603446,0.662437,0.350373,0.58455,0.439124,0.656141,0.731067,0.718951,0.39397,0.623271,0.69721,0.474196,0.668956,0.645422,0.564428,0.148474,0.335553,0.609054,0.768652,0.680329,0.507126,0.25276,0.198598,0.579555,0.722786,0.711681,0.440732,0.699493
0.686835,0.553667,0.610952,0.299393,0.575031,0.541213,0.284607,0.509059,0.302149,0.666009,0.628339,0.579156,0.588675,0.733572,0.337279,0.358019,0.605393,0.15467,0.538428,0.488696,0.67776,0.34921,0.629261,0.730022,0.506607,0.574194,0.727017,0.442399,0.523247,0.411933,0.341865,0.807669,0.600596,1,0.515291,0.442673,0.257174,0.571957,0.667072,0.694625,0.519674,0.613103,0.599452,0.654304,0.504193,0.445672,0.540201,0.654685,0.33649,0.50527,0.0572615,0.487248,0.687833,0.553738,0.524783,0.795745,0.431547,0.415513,0.570311,0.477169,0.411335,0.338105,0.472594,0.546948,0.552304,0.533374,0.616023,0.703269,0.274908,0.597053,0.600873,0.409625,0.0714312,0.202705,0.523977,0.613972,0.526868,0.139694,0.243469,0.425236,0.39502,0.599606,0.525525,0.352373,0.574193
0.67138,0.701024,0.624484,0.618313,0.60857,0.531115,0.423421,0.406967,0.272296,0.627303,0.54667,0.638065,0.735749,0.591457,0.417759,0.534012,0.712314,0.280808,0.557641,0.604392,0.706157,0.587217,0.501099,0.59436,0.511354,0.478034,0.570117,0.433186,0.448816,0.270607,0.427811,0.548195,0.732448,0.515291,1,0.450011,0.675445,0.4583,0.656389,0.709892,0.283336,0.58643,0.599486,0.646913,0.636221,0.507909,0.623724,0.600654,0.38833,0.358736,0.161397,0.523272,0.590961,0.529654,0.62244,0.573807,0.503754,0.516329,0.595759,0.313589,0.456235,0.436973,0.461593,0.554291,0.633859,0.271225,0.450702,0.60371,0.441434,0.676213,0.622597,0.50743,0.0258494,0.207277,0.50309,0.563985,0.637875,0.431378,-0.0430962,0.179404,0.471429,0.650929,0.645096,0.297354,0.524959
0.433376,0.386741,0.485044,0.296564,0.458314,0.254934,0.414352,0.449009,0.230201,0.349829,0.442107,0.411401,0.586901,0.537146,0.127771,0.264364,0.613348,0.225292,0.401055,0.334614,0.487983,0.422742,0.433211,0.49007,0.400454,0.476892,0.484525,0.339251,0.455847,0.112388,0.433567,0.341263,0.434683,0.442673,0.450011,1,0.45798,0.27151,0.547298,0.583075,0.112815,0.479843,0.430023,0.348912,0.415704,0.362581,0.42133,0.269588,0.448717,0.235302,0.299903,0.453062,0.498362,0.202016,0.29788,0.472868,0.319818,0.155726,0.32178,0.190928,0.452245,0.4803,0.252138,0.33825,0.393041,0.230017,0.309827,0.451469,0.237717,0.423779,0.495253,0.237648,0.0869263,-0.139135,0.554161,0.491169,0.310976,0.12847,0.0444792,0.412622,0.251987,0.372051,0.28062,0.398419,0.43637
0.47992,0.652633,0.518356,0.448045,0.33878,0.343065,0.29427,0.354741,0.339787,0.388624,0.448915,0.43249,0.553988,0.493383,0.231895,0.567508,0.51087,0.303098,0.494886,0.505591,0.514059,0.406957,0.344851,0.477641,0.472324,0.261877,0.606949,0.413629,0.433033,0.160934,0.175061,0.338527,0.383708,0.257174,0.675445,0.45798,1,0.131119,0.514076,0.486748,0.155453,0.494328,0.540137,0.484307,0.530713,0.548312,0.553999,0.36819,0.453002,0.198515,0.12553,0.508205,0.479631,0.258123,0.460202,0.377479,0.453654,0.486489,0.53573,0.308134,0.424283,0.365788,0.279383,0.389348,0.48666,0.22157,0.22931,0.46663,0.340644,0.535743,0.544015,0.41841,-0.0522272,-0.121435,0.386588,0.394497,0.433,0.256207,-0.0907865,0.143934,0.395032,0.374215,0.287248,0.378741,0.271714
0.710354,0.58102,0.657015,0.600446,0.633269,0.658545,0.268706,0.469969,9.93404e-05,0.557005,0.614372,0.680011,0.536229,0.649019,0.205759,0.434708,0.594061,0.144421,0.575676,0.584478,0.651281,0.509499,0.662094,0.709106,0.324702,0.423056,0.575582,0.31666,0.441591,0.263149,0.33635,0.666279,0.624365,0.571957,0.4583,0.27151,0.131119,1,0.638371,0.613958,0.60559,0.409171,0.607964,0.63291,0.637419,0.531394,0.54709,0.600619,0.25552,0.367701,0.277498,0.563538,0.617843,0.665444,0.64389,0.596684,0.576868,0.473924,0.636023,0.289133,0.323389,0.161343,0.491355,0.689399,0.657732,0.425889,0.629091,0.65825,0.363138,0.461013,0.64258,0.429415,0.13517,0.33897,0.379968,0.620994,0.514679,0.217597,0.301831,0.225075,0.648963,0.66732,0.663394,0.463819,0.655942
0.911553,0.795891,0.869302,0.625714,0.768493,0.566821,0.381988,0.599485,0.387226,0.6973,0.733139,0.75161,0.758183,0.852073,0.401861,0.65676,0.818052,0.440819,0.809639,0.807073,0.905709,0.635942,0.759846,0.852723,0.670133,0.587793,0.777847,0.663348,0.638796,0.473102,0.464493,0.669025,0.718719,0.667072,0.656389,0.547298,0.514076,0.638371,1,0.804913,0.43968,0.716939,0.843867,0.803834,0.802241,0.659611,0.794012,0.678635,0.593781,0.441184,0.331867,0.779634,0.750539,0.681842,0.816237,0.760962,0.642123,0.720241,0.783948,0.347507,0.691857,0.499746,0.610373,0.795299,0.804349,0.675522,0.64003,0.849493,0.554149,0.784471,0.772831,0.559046,0.132331,0.298208,0.626181,0.72178,0.715815,0.459559,0.176879,0.270464,0.517928,0.832285,0.632385,0.576655,0.702707
0.837716,0.781009,0.831773,0.707727,0.700598,0.559073,0.505335,0.520208,0.282528,0.646574,0.658505,0.751741,0.771094,0.809704,0.373236,0.72045,0.798026,0.422472,0.771261,0.781198,0.803486,0.569303,0.640667,0.790269,0.559929,0.550245,0.680921,0.466147,0.643324,0.411853,0.491798,0.599961,0.760658,0.694625,0.709892,0.583075,0.486748,0.613958,0.804913,1,0.535267,0.735064,0.817262,0.819562,0.824433,0.736312,0.730021,0.647825,0.444313,0.468109,0.263414,0.687899,0.800669,0.717937,0.771843,0.772519,0.513583,0.703128,0.779966,0.414194,0.554005,0.494848,0.55754,0.751684,0.78873,0.400181,0.587906,0.837511,0.421583,0.736296,0.73589,0.580724,0.275344,0.298894,0.712258,0.746015,0.663325,0.225177,0.0684761,0.353496,0.557678,0.784301,0.653801,0.354944,0.738433
0.529618,0.438358,0.480117,0.38212,0.370919,0.440068,0.225136,0.416549,-0.105198,0.482177,0.401094,0.541811,0.347492,0.503367,0.30294,0.501639,0.333471,0.171477,0.464352,0.508884,0.491324,0.295888,0.476733,0.55442,0.322564,0.103836,0.527907,0.393592,0.450563,0.375561,0.170139,0.463662,0.488271,0.519674,0.283336,0.112815,0.155453,0.60559,0.43968,0.535267,1,0.436629,0.620547,0.571983,0.564741,0.475398,0.474483,0.562589,0.266323,0.38588,-0.00365922,0.377355,0.5045,0.526546,0.514363,0.496069,0.351775,0.52397,0.606757,0.307741,0.398373,-0.00765153,0.418158,0.560509,0.547335,0.368517,0.523234,0.621883,0.125418,0.407811,0.452082,0.473076,0.169147,0.257502,0.394856,0.52373,0.477495,0.0854085,0.0168191,0.294967,0.562431,0.543717,0.389222,0.170651,0.613236
0.711398,0.686804,0.719844,0.545817,0.52047,0.497737,0.351367,0.537546,0.244946,0.62178,0.697579,0.600775,0.673872,0.662622,0.367805,0.613022,0.752514,0.32393,0.659578,0.670604,0.754767,0.586621,0.557088,0.675527,0.490283,0.361362,0.633326,0.56151,0.51977,0.352619,0.453769,0.60045,0.652342,0.613103,0.58643,0.479843,0.494328,0.409171,0.716939,0.735064,0.436629,1,0.698004,0.697905,0.713234,0.613357,0.619757,0.541845,0.386357,0.387319,0.255634,0.732759,0.718463,0.604091,0.689307,0.540171,0.54336,0.599928,0.628791,0.299377,0.428791,0.339083,0.56007,0.639542,0.681092,0.481484,0.499088,0.668433,0.302904,0.669967,0.631716,0.524127,0.250592,0.161306,0.612241,0.537554,0.579609,0.223247,0.102787,0.420199,0.484285,0.623599,0.512205,0.402248,0.711817
0.893551,0.834389,0.904402,0.701416,0.681249,0.522579,0.397696,0.556407,0.347925,0.651133,0.723059,0.752794,0.702129,0.812924,0.340732,0.805336,0.682606,0.46139,0.807563,0.861776,0.822841,0.621964,0.708376,0.85058,0.569381,0.501487,0.736851,0.621925,0.629038,0.503868,0.451669,0.601917,0.712739,0.599452,0.599486,0.430023,0.540137,0.607964,0.843867,0.817262,0.620547,0.698004,1,0.844128,0.929119,0.81923,0.767849,0.711237,0.501407,0.411053,0.294644,0.676501,0.753792,0.677515,0.812848,0.748473,0.609743,0.811637,0.837468,0.438708,0.652221,0.474235,0.656785,0.84461,0.868191,0.593883,0.648781,0.888165,0.517959,0.728698,0.757822,0.568251,0.255491,0.256922,0.632628,0.809685,0.765871,0.420337,0.0770949,0.301031,0.594483,0.804329,0.651203,0.524024,0.796528
0.87855,0.848691,0.783944,0.610482,0.673912,0.729054,0.530839,0.645005,0.375222,0.752225,0.754824,0.804642,0.823499,0.847052,0.528803,0.750009,0.749932,0.476944,0.816511,0.814434,0.843434,0.481822,0.731406,0.867518,0.580494,0.578741,0.775981,0.495996,0.548687,0.413646,0.420467,0.643888,0.762594,0.654304,0.646913,0.348912,0.484307,0.63291,0.803834,0.819562,0.571983,0.697905,0.844128,1,0.767242,0.750652,0.779477,0.800863,0.538997,0.587348,0.395736,0.669731,0.877424,0.741359,0.838946,0.836077,0.617536,0.797431,0.85365,0.527648,0.616275,0.55102,0.635304,0.780902,0.796338,0.539637,0.660456,0.885579,0.461968,0.69323,0.81069,0.559714,0.289704,0.34852,0.648911,0.652425,0.682747,0.390822,0.160961,0.303683,0.539174,0.725928,0.639124,0.379069,0.701487
0.853762,0.835557,0.924171,0.817463,0.727998,0.531468,0.413262,0.421008,0.171386,0.590754,0.737162,0.746099,0.689407,0.728773,0.189508,0.823354,0.696862,0.390041,0.762281,0.876641,0.797509,0.667157,0.578361,0.774305,0.516081,0.451272,0.652546,0.54913,0.530798,0.423539,0.457441,0.529145,0.715517,0.504193,0.636221,0.415704,0.530713,0.637419,0.802241,0.824433,0.564741,0.713234,0.929119,0.767242,1,0.7868,0.726901,0.632734,0.337208,0.276469,0.300753,0.716369,0.712559,0.758303,0.846496,0.602898,0.579238,0.826518,0.813542,0.363465,0.567369,0.377914,0.707709,0.888433,0.887715,0.521103,0.559948,0.818983,0.530907,0.738693,0.695229,0.573283,0.25962,0.338372,0.576749,0.808982,0.702903,0.316194,0.0387556,0.243517,0.667532,0.816716,0.683631,0.525381,0.802822
0.747972,0.803934,0.780422,0.712439,0.492595,0.477245,0.451949,0.502273,0.412422,0.463951,0.616945,0.719694,0.668276,0.700641,0.287444,0.831236,0.604028,0.456395,0.747493,0.780948,0.666436,0.493187,0.602924,0.738978,0.538557,0.493403,0.629202,0.422648,0.542277,0.175056,0.384451,0.488761,0.570913,0.445672,0.507909,0.362581,0.548312,0.531394,0.659611,0.736312,0.475398,0.613357,0.81923,0.750652,0.7868,1,0.598597,0.56163,0.358241,0.38921,0.425174,0.493646,0.704708,0.602722,0.711999,0.64392,0.62041,0.720088,0.770008,0.37729,0.581009,0.419836,0.552734,0.687144,0.769185,0.413421,0.476724,0.752158,0.529587,0.597557,0.68159,0.516218,0.347078,0.108505,0.597374,0.732973,0.593064,0.350407,0.240394,0.305877,0.525953,0.639167,0.499843,0.44369,0.605437
0.824444,0.716797,0.725347,0.608479,0.647169,0.692686,0.502863,0.524002,0.352382,0.663504,0.592332,0.664189,0.677583,0.703203,0.543652,0.555463,0.672308,0.564859,0.731109,0.769334,0.809452,0.566001,0.723007,0.764822,0.606597,0.408736,0.768583,0.681445,0.579819,0.391834,0.365308,0.602733,0.772838,0.540201,0.623724,0.42133,0.553999,0.54709,0.794012,0.730021,0.474483,0.619757,0.767849,0.779477,0.726901,0.598597,1,0.732981,0.606773,0.38513,0.290152,0.717786,0.72452,0.545591,0.658084,0.673887,0.575943,0.663434,0.65938,0.30936,0.684362,0.510877,0.545414,0.745441,0.702424,0.524494,0.585139,0.762322,0.56564,0.66757,0.718697,0.605361,0.0520677,0.228661,0.543581,0.662816,0.640087,0.483038,0.176837,0.147125,0.511777,0.683988,0.566705,0.558856,0.63379
0.776242,0.6104,0.604864,0.374537,0.601723,0.75776,0.57441,0.511125,0.269421,0.791987,0.644855,0.685918,0.736962,0.686569,0.57305,0.529553,0.602431,0.361848,0.585348,0.718822,0.759766,0.491432,0.70633,0.805537,0.510085,0.649395,0.75687,0.614904,0.479026,0.497365,0.514579,0.703506,0.685807,0.654685,0.600654,0.269588,0.36819,0.600619,0.678635,0.647825,0.562589,0.541845,0.711237,0.800863,0.632734,0.56163,0.732981,1,0.483199,0.634552,0.345134,0.432293,0.693279,0.644582,0.660324,0.720739,0.639841,0.573372,0.714909,0.482167,0.642221,0.519909,0.673892,0.743959,0.762241,0.487924,0.743689,0.801512,0.399184,0.599562,0.702569,0.507103,0.180687,0.453088,0.594081,0.614218,0.719684,0.497288,0.265767,0.118341,0.54727,0.734151,0.714192,0.376615,0.696478
0.56605,0.399394,0.395501,0.148481,0.403889,0.33353,0.393822,0.526228,0.536187,0.545092,0.414713,0.45976,0.558996,0.578598,0.623891,0.324046,0.569529,0.307237,0.42046,0.43566,0.545344,0.426948,0.564598,0.567596,0.491458,0.317297,0.519797,0.638769,0.425045,0.241013,0.311753,0.409739,0.399093,0.33649,0.38833,0.448717,0.453002,0.25552,0.593781,0.444313,0.266323,0.386357,0.501407,0.538997,0.337208,0.358241,0.606773,0.483199,1,0.587308,0.365688,0.438154,0.483456,0.187515,0.39493,0.549664,0.482109,0.387998,0.475365,0.285028,0.450889,0.514856,0.293715,0.417333,0.512083,0.425787,0.465284,0.555659,0.342108,0.446781,0.614531,0.45981,0.165377,0.0277567,0.437821,0.233687,0.530806,0.403069,0.163159,0.127897,0.0929816,0.469069,0.27374,0.233656,0.312431
0.569766,0.325644,0.321513,0.171002,0.305283,0.433236,0.587841,0.521469,0.509951,0.510813,0.350078,0.488331,0.588249,0.561508,0.590786,0.398933,0.587018,0.213256,0.489889,0.486137,0.570205,0.333192,0.52562,0.636846,0.315259,0.543117,0.514753,0.334848,0.402355,0.35001,0.429973,0.469905,0.430214,0.50527,0.358736,0.235302,0.198515,0.367701,0.441184,0.468109,0.38588,0.387319,0.411053,0.587348,0.276469,0.38921,0.38513,0.634552,0.587308,1,0.392564,0.228899,0.425392,0.487408,0.446544,0.649173,0.640679,0.291441,0.51812,0.482967,0.437315,0.434817,0.439405,0.475898,0.576798,0.415315,0.655271,0.639122,0.256849,0.333122,0.578186,0.310308,0.469502,0.337819,0.55415,0.324311,0.551295,0.390415,0.484308,0.163185,0.296231,0.529604,0.533173,0.0483774,0.409282
0.411767,0.28823,0.25218,0.360534,0.314474,0.476518,0.570752,0.388426,0.385036,0.36601,0.381955,0.363053,0.536696,0.378748,0.312147,0.34894,0.466886,0.23787,0.328026,0.462776,0.42029,0.439599,0.390856,0.497212,0.300681,0.491832,0.227982,0.360754,0.216628,-0.127838,0.41194,0.191613,0.312032,0.0572615,0.161397,0.299903,0.12553,0.277498,0.331867,0.263414,-0.00365922,0.255634,0.294644,0.395736,0.300753,0.425174,0.290152,0.345134,0.365688,0.392564,1,0.210973,0.37161,0.291544,0.368867,0.279623,0.53833,0.290658,0.357796,0.258902,0.37821,0.468009,0.330488,0.459041,0.509896,0.381127,0.377425,0.377543,0.358425,0.224941,0.497643,0.100023,0.414283,0.0885417,0.425161,0.304613,0.314489,0.417136,0.439111,0.201186,0.170954,0.341896,0.323651,0.276887,0.228148
0.747355,0.673041,0.735701,0.625137,0.56639,0.575446,0.220601,0.457146,0.179334,0.497968,0.657563,0.620426,0.578431,0.633139,0.285526,0.547063,0.714198,0.289383,0.718631,0.628724,0.760551,0.531092,0.546304,0.670523,0.392886,0.27371,0.632383,0.480311,0.523263,0.345408,0.366104,0.574188,0.672615,0.487248,0.523272,0.453062,0.508205,0.563538,0.779634,0.687899,0.377355,0.732759,0.676501,0.669731,0.716369,0.493646,0.717786,0.432293,0.438154,0.228899,0.210973,1,0.720924,0.602378,0.710828,0.515181,0.487254,0.620614,0.661371,0.157958,0.38408,0.2604,0.476236,0.66012,0.633779,0.440596,0.467391,0.646484,0.376531,0.650636,0.686121,0.572234,0.155968,0.200988,0.50902,0.546189,0.47886,0.227054,0.0678258,0.192438,0.484255,0.615664,0.492598,0.501316,0.62663
0.788515,0.824567,0.732454,0.558691,0.634321,0.754861,0.452794,0.56478,0.281926,0.690983,0.73549,0.811407,0.844975,0.779286,0.500274,0.663833,0.758454,0.432082,0.730649,0.706251,0.803101,0.443888,0.705062,0.817455,0.561302,0.539748,0.731581,0.479993,0.475097,0.27875,0.35867,0.70597,0.762503,0.687833,0.590961,0.498362,0.479631,0.617843,0.750539,0.800669,0.5045,0.718463,0.753792,0.877424,0.712559,0.704708,0.72452,0.693279,0.483456,0.425392,0.37161,0.720924,1,0.690014,0.780684,0.755979,0.56435,0.705913,0.816719,0.464475,0.512629,0.571229,0.567964,0.712932,0.695346,0.378537,0.601434,0.787182,0.372374,0.655782,0.760223,0.549699,0.188489,0.263232,0.65805,0.669395,0.564476,0.323118,0.127487,0.38135,0.504266,0.647999,0.541459,0.493979,0.703945
