1,0.835678,0.885312,0.841702,0.715505,0.766929,0.626317,0.331184,0.675991,0.723595,0.752187,0.860874,0.92002,0.843669,0.744681,0.885811,0.884755,0.776306,0.845742,0.892053,0.920315,0.715024,0.770329,0.845032,0.606208,0.601075,0.755946,0.671577,0.33925,0.00389469,0.519096,0.703132,0.741909,0.847031,0.802226,0.514492,0.249215,0.590839,0.863863,0.762476,0.204131,0.648695,0.908341,0.843413,0.889182,0.77576,0.827521,0.725954,0.401856,0.56562,0.502392,0.672961,0.789316,0.721424,0.887374,0.844017,0.702314,0.804111,0.833619,0.515703,0.471871,0.717747,0.671609,0.870759,0.879315,0.797295,0.67299,0.875503,0.636584,0.686929,0.743093,0.540317,0.530275,0.425034,0.630358,0.76308,0.749455,0.744971,0.323525,0.339661,0.724323,0.876797,0.805789,0.460424,0.709053
0.835678,1,0.88288,0.833441,0.586746,0.592749,0.433837,0.254956,0.586671,0.755288,0.774942,0.73567,0.803612,0.782944,0.675569,0.913565,0.836931,0.651797,0.725339,0.785996,0.809816,0.508648,0.721023,0.702537,0.543822,0.3567,0.667978,0.535534,0.254857,-0.00574487,0.486658,0.664867,0.621847,0.726537,0.732624,0.490159,0.273974,0.647784,0.819472,0.724786,0.201367,0.58994,0.900318,0.884003,0.845006,0.794773,0.584681,0.555402,0.333261,0.653539,0.575602,0.705378,0.805906,0.570051,0.820943,0.844812,0.7053,0.886974,0.835273,0.471471,0.320455,0.640706,0.652079,0.75125,0.761401,0.573296,0.464345,0.740201,0.543541,0.552155,0.538525,0.415669,0.547347,0.313207,0.480963,0.690371,0.748031,0.685602,0.257195,0.280177,0.686186,0.701369,0.785041,0.379338,0.623834
0.885312,0.88288,1,0.867557,0.66688,0.749591,0.512329,0.390393,0.634717,0.808534,0.842493,0.818253,0.896578,0.893825,0.822042,0.883899,0.912266,0.692143,0.809376,0.866522,0.886216,0.63923,0.767164,0.827219,0.675971,0.573028,0.755373,0.666332,0.328192,0.0303812,0.514201,0.773243,0.772828,0.87027,0.744636,0.562566,0.318562,0.7071,0.89987,0.810923,0.279387,0.647157,0.926735,0.887039,0.963815,0.852641,0.697926,0.729509,0.443452,0.66263,0.588838,0.82449,0.894141,0.629131,0.900542,0.886753,0.680178,0.855168,0.870901,0.592556,0.481118,0.705579,0.700401,0.861932,0.856015,0.752946,0.604398,0.846158,0.646512,0.653266,0.697864,0.494383,0.561967,0.278737,0.602496,0.749163,0.828243,0.76945,0.285152,0.329537,0.775472,0.859507,0.85843,0.561341,0.699583
0.841702,0.833441,0.867557,1,0.779234,0.707931,0.594965,0.433535,0.670878,0.633596,0.712264,0.732391,0.829362,0.853686,0.735129,0.823854,0.845389,0.70375,0.700749,0.783307,0.818399,0.677135,0.773428,0.813293,0.590326,0.500697,0.805385,0.623613,0.461386,-0.0569618,0.56865,0.663646,0.635299,0.689441,0.812182,0.485128,0.200262,0.52937,0.8006,0.734771,0.226396,0.54767,0.865552,0.818254,0.871546,0.774764,0.711316,0.691825,0.284822,0.658218,0.519976,0.685101,0.790749,0.712767,0.82408,0.893822,0.650518,0.78996,0.828503,0.459984,0.405567,0.767601,0.611268,0.812405,0.748134,0.732101,0.551642,0.862538,0.605731,0.750172,0.566407,0.479339,0.714428,0.385736,0.548197,0.620712,0.714507,0.720534,0.294856,0.347221,0.646538,0.819538,0.730858,0.408564,0.573526
0.715505,0.586746,0.66688,0.779234,1,0.754214,0.710113,0.469243,0.620016,0.473439,0.577587,0.621574,0.692056,0.683298,0.625278,0.540853,0.630512,0.682864,0.720345,0.71867,0.761412,0.577681,0.709256,0.82311,0.478748,0.624757,0.738119,0.564733,0.37686,0.0556757,0.342317,0.548595,0.594509,0.612571,0.712532,0.499749,0.193183,0.388515,0.590571,0.728959,0.199503,0.4402,0.679299,0.599178,0.728034,0.722593,0.703333,0.624697,0.353533,0.678763,0.418742,0.504653,0.673883,0.705098,0.666458,0.721825,0.466578,0.531194,0.65251,0.308924,0.339004,0.761026,0.59245,0.727556,0.67087,0.705816,0.646431,0.819532,0.543509,0.775314,0.663947,0.589952,0.550323,0.31922,0.692623,0.669478,0.588751,0.715082,0.350637,0.273529,0.613681,0.768641,0.650641,0.488063,0.487315
0.766929,0.592749,0.749591,0.707931,0.754214,1,0.564495,0.541807,0.633318,0.645993,0.641293,0.688797,0.784256,0.748554,0.731603,0.61651,0.762842,0.671231,0.719945,0.741592,0.809054,0.546731,0.78192,0.778138,0.561867,0.632419,0.64519,0.607054,0.0909874,0.123841,0.492586,0.737236,0.578881,0.691923,0.666404,0.540734,0.187893,0.432127,0.718712,0.738972,0.224196,0.529616,0.741931,0.661309,0.747332,0.656888,0.774281,0.699354,0.325405,0.480123,0.390082,0.64164,0.794391,0.641623,0.748869,0.683903,0.571805,0.589135,0.72613,0.509621,0.433868,0.76593,0.489963,0.771367,0.733362,0.767092,0.617306,0.816446,0.669977,0.649832,0.698116,0.631685,0.53159,0.338262,0.700662,0.650536,0.637371,0.695937,0.324335,0.320933,0.595981,0.823746,0.765477,0.540115,0.55964
0.626317,0.433837,0.512329,0.594965,0.710113,0.564495,1,0.42795,0.474186,0.406634,0.516357,0.440639,0.576655,0.559414,0.473199,0.418908,0.483805,0.733421,0.631478,0.664104,0.707794,0.682053,0.570076,0.749853,0.398332,0.648974,0.668495,0.432119,0.165531,0.0945766,0.355034,0.420974,0.579896,0.57872,0.655787,0.453181,0.367655,0.358819,0.508674,0.567284,0.243023,0.448606,0.605025,0.500413,0.574092,0.577495,0.737292,0.62627,0.479259,0.368732,0.369112,0.527103,0.529972,0.47831,0.568487,0.574717,0.515994,0.358645,0.47994,0.314455,0.392204,0.64234,0.586949,0.662682,0.676099,0.552444,0.616558,0.692596,0.395335,0.667874,0.591248,0.524554,0.420165,0.409571,0.537058,0.600082,0.461077,0.627872,0.278125,0.291286,0.497378,0.614208,0.432157,0.410614,0.439011
0.331184,0.254956,0.390393,0.433535,0.469243,0.541807,0.42795,1,0.320065,0.244149,0.230724,0.296367,0.377154,0.519318,0.437527,0.241184,0.346851,0.363658,0.36485,0.341145,0.382838,0.305409,0.436412,0.444131,0.328006,0.536733,0.453416,0.34003,0.116504,-0.0374932,0.201518,0.424862,0.278222,0.240179,0.446288,0.368991,0.0359566,0.436517,0.336895,0.461482,0.21894,0.118941,0.352434,0.378103,0.410865,0.43153,0.520554,0.425235,0.145938,0.289191,0.241295,0.239259,0.387257,0.455988,0.432527,0.473459,0.337964,0.24328,0.274855,0.264343,0.216605,0.419279,0.212884,0.42314,0.342236,0.305194,0.356341,0.501656,0.361517,0.530747,0.281055,0.47284,0.282435,0.0801832,0.534956,0.427332,0.329019,0.589691,0.053263,0.137341,0.328877,0.53842,0.359273,0.347669,0.236679
0.675991,0.586671,0.634717,0.670878,0.620016,0.633318,0.474186,0.320065,1,0.420981,0.407591,0.562746,0.654873,0.64071,0.608375,0.655772,0.658218,0.645007,0.538548,0.611136,0.669186,0.531972,0.64659,0.718053,0.413791,0.424277,0.62768,0.529378,0.255669,0.055166,0.240977,0.499511,0.519014,0.579213,0.675437,0.219259,0.173872,0.316172,0.736102,0.595062,0.19987,0.613798,0.706404,0.684359,0.635715,0.532831,0.628906,0.657415,0.211029,0.404462,0.27962,0.404742,0.523171,0.588189,0.683307,0.717632,0.463049,0.646729,0.670146,0.19661,0.257108,0.593133,0.348011,0.701642,0.631585,0.607247,0.337935,0.683523,0.631825,0.627822,0.591069,0.574657,0.593618,0.260442,0.495736,0.553964,0.574249,0.609358,0.297792,0.450115,0.430995,0.706001,0.654027,0.206931,0.366629
0.723595,0.755288,0.808534,0.633596,0.473439,0.645993,0.406634,0.244149,0.420981,1,0.883315,0.710068,0.757252,0.712435,0.598446,0.69418,0.80489,0.577858,0.687148,0.72553,0.768274,0.497051,0.546356,0.683965,0.42637,0.532761,0.551973,0.426245,-0.0512208,-0.0251816,0.483623,0.6969,0.619272,0.709437,0.623205,0.573452,0.146382,0.558113,0.744024,0.685238,0.177517,0.523346,0.773047,0.730454,0.716688,0.751158,0.597901,0.590569,0.537686,0.537424,0.586548,0.77635,0.836967,0.450935,0.719896,0.720827,0.597778,0.679612,0.694241,0.632365,0.389918,0.594797,0.578764,0.697658,0.738894,0.62236,0.5874,0.685339,0.487271,0.530706,0.690443,0.453581,0.348277,0.349084,0.467368,0.623289,0.720699,0.625799,0.345624,0.245815,0.642314,0.667149,0.726682,0.46553,0.629226
0.752187,0.774942,0.842493,0.712264,0.577587,0.641293,0.516357,0.230724,0.407591,0.883315,1,0.778862,0.838081,0.763523,0.613002,0.742589,0.8455,0.621831,0.724076,0.795509,0.822709,0.558679,0.564985,0.721785,0.56337,0.582418,0.674876,0.382651,0.178958,0.0148438,0.553619,0.653402,0.691043,0.747916,0.692944,0.605023,0.189338,0.659483,0.743888,0.731744,0.288294,0.555747,0.79433,0.734463,0.808937,0.801499,0.577307,0.670647,0.51606,0.602353,0.544539,0.814496,0.873147,0.557014,0.78994,0.754241,0.646447,0.715113,0.78105,0.626408,0.49685,0.612414,0.669316,0.772406,0.75613,0.681263,0.620026,0.721421,0.499061,0.54645,0.659895,0.464362,0.430533,0.299026,0.573096,0.695529,0.692214,0.631347,0.276768,0.319032,0.662747,0.7192,0.69628,0.614556,0.657555
0.860874,0.73567,0.818253,0.732391,0.621574,0.688797,0.440639,0.296367,0.562746,0.710068,0.778862,1,0.880144,0.780144,0.710902,0.813474,0.871451,0.699621,0.788591,0.806818,0.837951,0.583523,0.685158,0.759046,0.497001,0.605647,0.773129,0.478752,0.384331,-0.037301,0.502851,0.60019,0.71639,0.761201,0.684641,0.55176,0.0343425,0.678251,0.816444,0.683999,0.256913,0.593926,0.781316,0.719557,0.822575,0.792397,0.733545,0.732482,0.491947,0.602726,0.483125,0.640054,0.776153,0.759035,0.774957,0.803543,0.629628,0.732155,0.762498,0.589339,0.47048,0.659161,0.56821,0.823014,0.803948,0.812193,0.678199,0.786798,0.715758,0.541341,0.758437,0.527963,0.473825,0.359939,0.517951,0.634291,0.659549,0.676628,0.259123,0.353752,0.763931,0.832052,0.73553,0.557292,0.702661
0.92002,0.803612,0.896578,0.829362,0.692056,0.784256,0.576655,0.377154,0.654873,0.757252,0.838081,0.880144,1,0.91111,0.758878,0.862541,0.932642,0.685437,0.801081,0.882982,0.90584,0.684948,0.740892,0.834744,0.621228,0.607339,0.802746,0.546236,0.337997,0.0386348,0.537146,0.749075,0.736177,0.840873,0.7949,0.485947,0.131588,0.676417,0.887643,0.79073,0.284442,0.645953,0.87616,0.793502,0.891837,0.799912,0.764619,0.7513,0.40969,0.579113,0.413056,0.733611,0.844523,0.745897,0.902996,0.833472,0.616914,0.762235,0.856787,0.563719,0.578297,0.72753,0.598441,0.904092,0.84702,0.801533,0.624096,0.87369,0.705129,0.658781,0.767489,0.552044,0.52449,0.329229,0.661136,0.768665,0.759012,0.76708,0.321541,0.399087,0.723162,0.871036,0.802389,0.603097,0.73191
0.843669,0.782944,0.893825,0.853686,0.683298,0.748554,0.559414,0.519318,0.64071,0.712435,0.763523,0.780144,0.91111,1,0.761367,0.792243,0.855484,0.660009,0.777158,0.819012,0.848275,0.697906,0.692338,0.858808,0.509457,0.549661,0.803671,0.653109,0.359468,-0.0149859,0.470284,0.795851,0.73045,0.812199,0.776241,0.558797,0.183478,0.694226,0.870991,0.778403,0.362175,0.622964,0.844374,0.786376,0.888434,0.789432,0.730554,0.712948,0.400744,0.565261,0.395261,0.720453,0.846678,0.708116,0.890114,0.862441,0.597799,0.702975,0.801136,0.57572,0.474686,0.708937,0.619845,0.8433,0.822375,0.7449,0.578738,0.879562,0.61719,0.709823,0.703349,0.584816,0.560001,0.243479,0.647266,0.773416,0.794404,0.758886,0.221368,0.316815,0.665041,0.834911,0.777408,0.547777,0.59479
0.744681,0.675569,0.822042,0.735129,0.625278,0.731603,0.473199,0.437527,0.608375,0.598446,0.613002,0.710902,0.758878,0.761367,1,0.715993,0.736091,0.664728,0.723556,0.754978,0.787837,0.469097,0.78238,0.778099,0.621147,0.529878,0.679617,0.559594,0.239116,0.0153738,0.505508,0.638048,0.61027,0.70932,0.612394,0.460324,0.219618,0.576849,0.763148,0.75604,0.149798,0.616261,0.796966,0.756316,0.828992,0.71926,0.692018,0.588616,0.369545,0.600711,0.471345,0.666594,0.750188,0.623073,0.769213,0.710306,0.555108,0.716512,0.742838,0.453727,0.384532,0.716904,0.582264,0.78479,0.740679,0.725832,0.505537,0.708125,0.640431,0.614828,0.633822,0.592015,0.492633,0.253755,0.4929,0.592591,0.76625,0.720848,0.222649,0.200146,0.672306,0.779062,0.810249,0.540823,0.554425
0.885811,0.913565,0.883899,0.823854,0.540853,0.61651,0.418908,0.241184,0.655772,0.69418,0.742589,0.813474,0.862541,0.792243,0.715993,1,0.890653,0.669009,0.731854,0.840649,0.84025,0.527988,0.728938,0.707043,0.591776,0.41838,0.651543,0.512456,0.321154,0.023669,0.482859,0.635922,0.67286,0.774536,0.708383,0.405886,0.183956,0.667801,0.882477,0.723046,0.263532,0.643944,0.906391,0.896471,0.870511,0.759857,0.658055,0.653534,0.323749,0.548841,0.548613,0.656505,0.743043,0.653163,0.87567,0.81418,0.6902,0.941758,0.876412,0.458956,0.435412,0.62048,0.633456,0.81467,0.818583,0.630032,0.496113,0.715381,0.680916,0.52564,0.553936,0.424975,0.507182,0.375884,0.447198,0.634829,0.731201,0.658644,0.2524,0.404956,0.691957,0.808894,0.793708,0.35867,0.648317
0.884755,0.836931,0.912266,0.845389,0.630512,0.762842,0.483805,0.346851,0.658218,0.80489,0.8455,0.871451,0.932642,0.855484,0.736091,0.890653,1,0.676251,0.743666,0.81173,0.855086,0.600959,0.7508,0.79178,0.6135,0.554723,0.729258,0.518087,0.297402,-0.0212688,0.603352,0.713804,0.707122,0.801068,0.737458,0.477859,0.17549,0.598574,0.886047,0.764922,0.201369,0.572446,0.890892,0.825111,0.881297,0.786127,0.700925,0.756344,0.369448,0.563467,0.508298,0.738906,0.830546,0.684423,0.879746,0.870819,0.680782,0.836865,0.840688,0.586708,0.541998,0.750607,0.624897,0.818444,0.788066,0.745446,0.596523,0.850689,0.71957,0.649899,0.670141,0.47584,0.586971,0.366144,0.58436,0.682019,0.752719,0.693351,0.366422,0.423699,0.737118,0.840314,0.77664,0.505222,0.685293
0.776306,0.651797,0.692143,0.70375,0.682864,0.671231,0.733421,0.363658,0.645007,0.577858,0.621831,0.699621,0.685437,0.660009,0.664728,0.669009,0.676251,1,0.775839,0.738844,0.82646,0.69214,0.738528,0.838627,0.462527,0.652102,0.745281,0.449935,0.208254,0.108765,0.520029,0.564399,0.645526,0.649026,0.750962,0.643453,0.33369,0.492374,0.759947,0.694909,0.27175,0.645537,0.801947,0.715499,0.733285,0.752801,0.81338,0.751783,0.509486,0.593468,0.490412,0.614943,0.718667,0.63864,0.710017,0.759471,0.737682,0.649381,0.694185,0.418923,0.312646,0.771728,0.61819,0.81931,0.830829,0.69471,0.657701,0.773242,0.615647,0.653442,0.688291,0.645971,0.641227,0.413224,0.50673,0.635751,0.656329,0.744486,0.205289,0.308712,0.601269,0.780603,0.64053,0.430381,0.503103
0.845742,0.725339,0.809376,0.700749,0.720345,0.719945,0.631478,0.36485,0.538548,0.687148,0.724076,0.788591,0.801081,0.777158,0.723556,0.731854,0.743666,0.775839,1,0.872167,0.896786,0.599857,0.688428,0.845603,0.487503,0.685747,0.775729,0.569991,0.191418,0.0565746,0.384806,0.608322,0.725147,0.80854,0.662133,0.654445,0.314918,0.661744,0.746072,0.74057,0.20232,0.645776,0.8105,0.74644,0.841746,0.831548,0.759969,0.626261,0.538494,0.679592,0.645327,0.682584,0.790054,0.657921,0.80045,0.721708,0.668617,0.678467,0.73545,0.429667,0.346471,0.795352,0.712105,0.832495,0.848571,0.732188,0.756106,0.823899,0.592391,0.655311,0.787331,0.554279,0.382199,0.361587,0.65246,0.792769,0.742997,0.751801,0.284135,0.244298,0.728355,0.795774,0.756888,0.595378,0.589084
0.892053,0.785996,0.866522,0.783307,0.71867,0.741592,0.664104,0.341145,0.611136,0.72553,0.795509,0.806818,0.882982,0.819012,0.754978,0.840649,0.81173,0.738844,0.872167,1,0.937359,0.612768,0.72801,0.858708,0.598788,0.658952,0.759811,0.522619,0.284128,0.221277,0.426838,0.658948,0.792509,0.861048,0.760579,0.553805,0.278287,0.725292,0.848985,0.776299,0.396012,0.758864,0.881914,0.805554,0.901878,0.82361,0.789962,0.673062,0.505867,0.599506,0.530607,0.719691,0.809062,0.723884,0.912543,0.760008,0.685643,0.769397,0.854762,0.51651,0.474813,0.674298,0.711299,0.918442,0.921084,0.754274,0.666239,0.809609,0.672301,0.657428,0.74228,0.626802,0.366502,0.308493,0.631035,0.751992,0.766666,0.772087,0.347283,0.44306,0.720384,0.872227,0.816942,0.525072,0.710474
0.920315,0.809816,0.886216,0.818399,0.761412,0.809054,0.707794,0.382838,0.669186,0.768274,0.822709,0.837951,0.90584,0.848275,0.787837,0.84025,0.855086,0.82646,0.896786,0.937359,1,0.700258,0.777733,0.900221,0.623293,0.682549,0.810382,0.577831,0.2014,0.14261,0.505892,0.713737,0.835438,0.865158,0.823806,0.658746,0.317356,0.66342,0.862316,0.847576,0.326216,0.728954,0.897829,0.81381,0.882429,0.845666,0.858373,0.746348,0.56587,0.644916,0.611986,0.767539,0.885205,0.676282,0.892548,0.822807,0.736211,0.769692,0.824502,0.563157,0.461253,0.79516,0.732886,0.924664,0.937669,0.779978,0.719999,0.856468,0.680326,0.715732,0.789106,0.685546,0.497123,0.381231,0.661806,0.785512,0.800411,0.779419,0.304121,0.381474,0.739456,0.909103,0.864431,0.567779,0.690595
0.715024,0.508648,0.63923,0.677135,0.577681,0.546731,0.682053,0.305409,0.531972,0.497051,0.558679,0.583523,0.684948,0.697906,0.469097,0.527988,0.600959,0.69214,0.599857,0.612768,0.700258,1,0.474003,0.711677,0.367546,0.572702,0.714438,0.586601,0.356777,0.0566825,0.362433,0.484138,0.701727,0.628429,0.757966,0.509472,0.207019,0.400551,0.682646,0.522487,0.316422,0.527597,0.610086,0.485868,0.641728,0.581835,0.670596,0.64694,0.431583,0.44453,0.310322,0.610052,0.620719,0.426017,0.631136,0.685676,0.527398,0.40058,0.545002,0.474393,0.362898,0.572205,0.524842,0.687825,0.71564,0.68046,0.63407,0.747582,0.409529,0.558455,0.647997,0.394022,0.538876,0.227443,0.520453,0.566884,0.524106,0.574384,0.144844,0.344404,0.532493,0.665559,0.477968,0.410952,0.554181
0.770329,0.721023,0.767164,0.773428,0.709256,0.78192,0.570076,0.436412,0.64659,0.546356,0.564985,0.685158,0.740892,0.692338,0.78238,0.728938,0.7508,0.738528,0.688428,0.72801,0.777733,0.474003,1,0.748696,0.579141,0.453776,0.68802,0.542214,0.159734,0.0386738,0.495067,0.689867,0.564967,0.668114,0.65446,0.439701,0.28615,0.526464,0.78545,0.761191,0.194804,0.514609,0.808869,0.757804,0.761258,0.69827,0.740301,0.695006,0.347914,0.536671,0.503127,0.579156,0.713441,0.659877,0.717339,0.723169,0.608195,0.745421,0.686489,0.361479,0.417096,0.791372,0.586374,0.738341,0.733881,0.634117,0.447452,0.746431,0.716807,0.574521,0.587354,0.546226,0.612105,0.451893,0.500153,0.603285,0.617354,0.706761,0.300815,0.240886,0.627239,0.79111,0.781552,0.457001,0.567634
0.845032,0.702537,0.827219,0.813293,0.82311,0.778138,0.749853,0.444131,0.718053,0.683965,0.721785,0.759046,0.834744,0.858808,0.778099,0.707043,0.79178,0.838627,0.845603,0.858708,0.900221,0.711677,0.748696,1,0.468982,0.711748,0.812545,0.635834,0.275375,0.082797,0.500859,0.695021,0.780975,0.821137,0.795402,0.576273,0.299807,0.559981,0.837307,0.831373,0.286235,0.675441,0.857319,0.746327,0.858723,0.784758,0.852271,0.754648,0.561898,0.618018,0.462108,0.671896,0.801997,0.710926,0.829551,0.824135,0.618779,0.635815,0.747093,0.457693,0.469479,0.818175,0.720021,0.89088,0.892315,0.793618,0.69524,0.912736,0.630078,0.82011,0.817493,0.74159,0.575245,0.349743,0.630735,0.787884,0.778841,0.804155,0.397353,0.323006,0.714853,0.850127,0.747364,0.55057,0.602434
0.606208,0.543822,0.675971,0.590326,0.478748,0.561867,0.398332,0.328006,0.413791,0.42637,0.56337,0.497001,0.621228,0.509457,0.621147,0.591776,0.6135,0.462527,0.487503,0.598788,0.623293,0.367546,0.579141,0.468982,1,0.420784,0.490929,0.307482,0.332307,0.215071,0.536415,0.455641,0.447334,0.483963,0.439812,0.344406,0.359096,0.415262,0.524368,0.599384,0.135334,0.406886,0.620554,0.642302,0.657995,0.588298,0.460893,0.439085,0.141251,0.529856,0.40985,0.50447,0.588576,0.473544,0.652429,0.554219,0.580846,0.622368,0.624739,0.331124,0.30198,0.470407,0.445804,0.596834,0.486864,0.463743,0.293928,0.513808,0.376016,0.489743,0.376332,0.296986,0.385733,0.0685571,0.5616,0.423286,0.504459,0.477712,-0.030898,0.299299,0.460497,0.634428,0.562102,0.38313,0.513722
0.601075,0.3567,0.573028,0.500697,0.624757,0.632419,0.648974,0.536733,0.424277,0.532761,0.582418,0.605647,0.607339,0.549661,0.529878,0.41838,0.554723,0.652102,0.685747,0.658952,0.682549,0.572702,0.453776,0.711748,0.420784,1,0.594173,0.373433,0.169376,0.0665453,0.362845,0.4795,0.611768,0.573854,0.540905,0.485342,0.178543,0.483359,0.51367,0.5704,0.202888,0.382331,0.589609,0.493835,0.612812,0.622909,0.69189,0.621655,0.561182,0.531441,0.468593,0.543942,0.604117,0.564891,0.585963,0.561373,0.429097,0.389301,0.520022,0.402535,0.426961,0.587523,0.408477,0.727022,0.634318,0.656986,0.754454,0.684052,0.517539,0.627477,0.634081,0.547083,0.304571,0.22575,0.590387,0.617255,0.512673,0.695594,0.420107,0.328822,0.604768,0.713049,0.48492,0.535324,0.536534
0.755946,0.667978,0.755373,0.805385,0.738119,0.64519,0.668495,0.453416,0.62768,0.551973,0.674876,0.773129,0.802746,0.803671,0.679617,0.651543,0.729258,0.745281,0.775729,0.759811,0.810382,0.714438,0.68802,0.812545,0.490929,0.594173,1,0.461887,0.386551,0.103198,0.406321,0.544227,0.722317,0.682907,0.785347,0.622816,0.157983,0.649371,0.740465,0.688291,0.367249,0.633041,0.747609,0.657602,0.78205,0.785598,0.69106,0.731668,0.481975,0.661923,0.46248,0.662778,0.749623,0.66832,0.728938,0.801763,0.624743,0.579353,0.695795,0.490581,0.37758,0.7572,0.57256,0.837287,0.765041,0.787396,0.647605,0.830834,0.64757,0.658005,0.733843,0.599343,0.568377,0.221987,0.591279,0.676717,0.638619,0.751513,0.101422,0.369288,0.593221,0.793401,0.691752,0.551234,0.622526
0.671577,0.535534,0.666332,0.623613,0.564733,0.607054,0.432119,0.34003,0.529378,0.426245,0.382651,0.478752,0.546236,0.653109,0.559594,0.512456,0.518087,0.449935,0.569991,0.522619,0.577831,0.586601,0.542214,0.635834,0.307482,0.373433,0.461887,1,0.284889,-0.155528,0.208368,0.572663,0.52966,0.663209,0.547595,0.300347,0.265149,0.335902,0.576577,0.485985,0.0754957,0.324931,0.580576,0.542951,0.643705,0.410154,0.582511,0.511594,0.317422,0.31878,0.304974,0.514933,0.52871,0.363146,0.550291,0.586801,0.385628,0.440751,0.505781,0.275524,0.202471,0.431177,0.453953,0.523186,0.605662,0.6194,0.495563,0.683434,0.327365,0.529117,0.555783,0.351234,0.463432,0.285086,0.467445,0.641681,0.575874,0.548144,0.260191,0.119655,0.540167,0.555246,0.580876,0.407899,0.38058
0.33925,0.254857,0.328192,0.461386,0.37686,0.0909874,0.165531,0.116504,0.255669,-0.0512208,0.178958,0.384331,0.337997,0.359468,0.239116,0.321154,0.297402,0.208254,0.191418,0.284128,0.2014,0.356777,0.159734,0.275375,0.332307,0.169376,0.386551,0.284889,1,-0.0601179,0.230454,0.131883,0.247622,0.19236,0.272345,0.0638073,0.0252691,0.248142,0.302498,0.163187,0.227235,0.115381,0.232048,0.262146,0.436246,0.319026,0.178062,0.297652,-0.147524,0.346931,-0.0516847,0.0992135,0.183352,0.537297,0.340454,0.402281,0.155719,0.296568,0.376616,0.0776808,0.188646,0.082353,0.210273,0.309908,0.202213,0.320164,0.149633,0.350972,0.1679,0.335544,0.136194,0.0264591,0.433236,-0.0852037,0.261571,0.200664,0.166786,0.251021,-0.039801,0.248074,0.275664,0.315453,0.0718758,0.177722,0.198501
0.00389469,-0.00574487,0.0303812,-0.0569618,0.0556757,0.123841,0.0945766,-0.0374932,0.055166,-0.0251816,0.0148438,-0.037301,0.0386348,-0.0149859,0.0153738,0.023669,-0.0212688,0.108765,0.0565746,0.221277,0.14261,0.0566825,0.0386738,0.082797,0.215071,0.0665453,0.103198,-0.155528,-0.0601179,1,-0.0657577,0.0335742,0.301595,0.171152,0.0652175,0.165685,0.331627,0.10367,0.131575,0.168022,0.448243,0.432022,0.0869568,-0.054949,0.0478726,0.0694703,0.0430193,-0.0127673,0.218429,0.147708,-0.138872,0.145124,0.106999,-0.0895634,0.115858,-0.0730115,0.221602,-0.0350236,0.0813893,0.22992,-0.0369388,0.00129207,0.0956524,0.148998,0.209691,0.042157,-0.00368766,0.015868,0.262375,-0.0293669,0.0737888,0.306789,-0.0966763,-0.435053,0.202164,0.0352584,0.144121,0.00192918,-0.229423,0.334131,-0.0272102,0.120525,0.132538,-0.0700889,0.202479
0.519096,0.486658,0.514201,0.56865,0.342317,0.492586,0.355034,0.201518,0.240977,0.483623,0.553619,0.502851,0.537146,0.470284,0.505508,0.482859,0.603352,0.520029,0.384806,0.426838,0.505892,0.362433,0.495067,0.500859,0.536415,0.362845,0.406321,0.208368,0.230454,-0.0657577,1,0.434923,0.277024,0.330393,0.413068,0.387824,0.211524,0.242132,0.492615,0.483978,-0.0111188,0.278242,0.589058,0.531573,0.527077,0.44161,0.459265,0.444321,0.137026,0.306991,0.22033,0.430693,0.540339,0.454162,0.477004,0.546353,0.473013,0.467084,0.543249,0.341939,0.483245,0.537478,0.381348,0.518997,0.426908,0.456803,0.25837,0.514367,0.263347,0.491976,0.274261,0.31499,0.599391,0.340894,0.255051,0.337616,0.390344,0.408369,0.0666461,0.0207323,0.445997,0.461609,0.298709,0.365113,0.428014
0.703132,0.664867,0.773243,0.663646,0.548595,0.737236,0.420974,0.424862,0.499511,0.6969,0.653402,0.60019,0.749075,0.795851,0.638048,0.635922,0.713804,0.564399,0.608322,0.658948,0.713737,0.484138,0.689867,0.695021,0.455641,0.4795,0.544227,0.572663,0.131883,0.0335742,0.434923,1,0.597675,0.725363,0.619751,0.520777,0.284357,0.580806,0.737431,0.776537,0.298293,0.468889,0.743522,0.67747,0.721166,0.656688,0.635401,0.641274,0.393641,0.476111,0.327928,0.64972,0.802783,0.554918,0.735675,0.664383,0.409525,0.62917,0.67034,0.563519,0.428801,0.595255,0.452471,0.677543,0.680504,0.574185,0.420339,0.714329,0.535349,0.585427,0.543225,0.555146,0.537129,0.259296,0.571103,0.728514,0.734948,0.681512,0.309404,0.0850686,0.561097,0.708421,0.745063,0.439735,0.550589
0.741909,0.621847,0.772828,0.635299,0.594509,0.578881,0.579896,0.278222,0.519014,0.619272,0.691043,0.71639,0.736177,0.73045,0.61027,0.67286,0.707122,0.645526,0.725147,0.792509,0.835438,0.701727,0.564967,0.780975,0.447334,0.611768,0.722317,0.52966,0.247622,0.301595,0.277024,0.597675,1,0.868157,0.70357,0.591543,0.363873,0.652293,0.760226,0.754814,0.494824,0.650224,0.702779,0.571501,0.752123,0.712513,0.687469,0.70319,0.682336,0.510971,0.521905,0.707162,0.740633,0.438109,0.749526,0.684745,0.587664,0.569341,0.595592,0.615807,0.459521,0.563707,0.720744,0.746762,0.85761,0.670264,0.670425,0.713233,0.618791,0.543052,0.682213,0.643907,0.309471,0.0810914,0.519254,0.707915,0.684001,0.5963,0.222665,0.391075,0.701294,0.7834,0.741358,0.495658,0.651747
0.847031,0.726537,0.87027,0.689441,0.612571,0.691923,0.57872,0.240179,0.579213,0.709437,0.747916,0.761201,0.840873,0.812199,0.70932,0.774536,0.801068,0.649026,0.80854,0.861048,0.865158,0.628429,0.668114,0.821137,0.483963,0.573854,0.682907,0.663209,0.19236,0.171152,0.330393,0.725363,0.868157,1,0.686832,0.480199,0.407006,0.650489,0.828082,0.764155,0.298199,0.714358,0.836169,0.70381,0.850599,0.707171,0.713621,0.699083,0.593596,0.489614,0.437855,0.792856,0.788081,0.493392,0.812194,0.727662,0.539096,0.670164,0.725387,0.62661,0.5314,0.633137,0.679176,0.797699,0.87267,0.751752,0.65181,0.802871,0.658622,0.578016,0.757109,0.545306,0.375425,0.274733,0.564751,0.777134,0.799909,0.67753,0.379974,0.301122,0.750758,0.789015,0.819163,0.529342,0.705969
0.802226,0.732624,0.744636,0.812182,0.712532,0.666404,0.655787,0.446288,0.675437,0.623205,0.692944,0.684641,0.7949,0.776241,0.612394,0.708383,0.737458,0.750962,0.662133,0.760579,0.823806,0.757966,0.65446,0.795402,0.439812,0.540905,0.785347,0.547595,0.272345,0.0652175,0.413068,0.619751,0.70357,0.686832,1,0.603672,0.178284,0.565319,0.754818,0.724947,0.400652,0.63456,0.780115,0.67492,0.766524,0.726662,0.752378,0.677385,0.425937,0.521125,0.350715,0.635087,0.758005,0.614563,0.798169,0.810061,0.621832,0.646896,0.748241,0.520324,0.330987,0.637649,0.536588,0.821273,0.796306,0.721794,0.594377,0.800489,0.557905,0.669853,0.642005,0.670134,0.571002,0.277297,0.641849,0.723705,0.697545,0.736603,0.308413,0.330779,0.552524,0.809909,0.735366,0.424047,0.592836
0.514492,0.490159,0.562566,0.485128,0.499749,0.540734,0.453181,0.368991,0.219259,0.573452,0.605023,0.55176,0.485947,0.558797,0.460324,0.405886,0.477859,0.643453,0.654445,0.553805,0.658746,0.509472,0.439701,0.576273,0.344406,0.485342,0.622816,0.300347,0.0638073,0.165685,0.387824,0.520777,0.591543,0.480199,0.603672,1,0.342873,0.540333,0.478351,0.56571,0.440402,0.501183,0.530444,0.485847,0.576685,0.683455,0.529585,0.430924,0.502487,0.511615,0.472825,0.531991,0.714237,0.35837,0.531999,0.561831,0.574668,0.411724,0.500509,0.5851,0.0569503,0.552271,0.594849,0.583328,0.628478,0.52719,0.6114,0.525282,0.286751,0.4835,0.525071,0.552044,0.398367,0.141371,0.540853,0.519638,0.573799,0.506733,-0.0765427,0.0367139,0.467093,0.621965,0.549516,0.412887,0.487177
0.249215,0.273974,0.318562,0.200262,0.193183,0.187893,0.367655,0.0359566,0.173872,0.146382,0.189338,0.0343425,0.131588,0.183478,0.219618,0.183956,0.17549,0.33369,0.314918,0.278287,0.317356,0.207019,0.28615,0.299807,0.359096,0.178543,0.157983,0.265149,0.0252691,0.331627,0.211524,0.284357,0.363873,0.407006,0.178284,0.342873,1,0.0931247,0.237449,0.303034,0.0334592,0.390491,0.351278,0.277831,0.309395,0.233761,0.253297,0.155428,0.174268,0.186504,0.21187,0.352651,0.291971,-0.0842902,0.255184,0.24991,0.335237,0.225519,0.172045,0.266925,0.0573964,0.284924,0.443194,0.193273,0.285906,0.0819698,0.0968489,0.254792,0.0355582,0.346623,0.141093,0.178662,0.275281,0.0320096,0.349688,0.296935,0.389773,0.150745,0.0645916,-0.117865,0.219876,0.20868,0.266266,0.0293997,0.172171
0.590839,0.647784,0.7071,0.52937,0.388515,0.432127,0.358819,0.436517,0.316172,0.558113,0.659483,0.678251,0.676417,0.694226,0.576849,0.667801,0.598574,0.492374,0.661744,0.725292,0.66342,0.400551,0.526464,0.559981,0.415262,0.483359,0.649371,0.335902,0.248142,0.10367,0.242132,0.580806,0.652293,0.650489,0.565319,0.540333,0.0931247,1,0.680011,0.653181,0.519062,0.507391,0.641179,0.636305,0.735255,0.703837,0.47751,0.516949,0.512968,0.522464,0.441612,0.580476,0.634057,0.528573,0.69943,0.603015,0.49276,0.623102,0.635683,0.460773,0.374515,0.364904,0.54951,0.701306,0.693777,0.494967,0.51757,0.524591,0.530374,0.373758,0.524049,0.4697,0.223768,0.112949,0.465643,0.674292,0.600801,0.683796,0.0485957,0.294198,0.613688,0.658111,0.638153,0.605632,0.634259
0.863863,0.819472,0.89987,0.8006,0.590571,0.718712,0.508674,0.336895,0.736102,0.744024,0.743888,0.816444,0.887643,0.870991,0.763148,0.882477,0.886047,0.759947,0.746072,0.848985,0.862316,0.682646,0.78545,0.837307,0.524368,0.51367,0.740465,0.576577,0.302498,0.131575,0.492615,0.737431,0.760226,0.828082,0.754818,0.478351,0.237449,0.680011,1,0.782515,0.377109,0.712562,0.89127,0.825788,0.875545,0.770003,0.757716,0.78044,0.461056,0.546237,0.448974,0.720774,0.810358,0.678843,0.884667,0.838276,0.692736,0.814265,0.827934,0.521371,0.485983,0.685754,0.649702,0.866761,0.899185,0.710698,0.522575,0.821134,0.750454,0.612329,0.73029,0.588071,0.597176,0.30167,0.534935,0.698824,0.774445,0.742599,0.2669,0.445174,0.679981,0.852654,0.809749,0.474659,0.668458
0.762476,0.724786,0.810923,0.734771,0.728959,0.738972,0.567284,0.461482,0.595062,0.685238,0.731744,0.683999,0.79073,0.778403,0.75604,0.723046,0.764922,0.694909,0.74057,0.776299,0.847576,0.522487,0.761191,0.831373,0.599384,0.5704,0.688291,0.485985,0.163187,0.168022,0.483978,0.776537,0.754814,0.764155,0.724947,0.56571,0.303034,0.653181,0.782515,1,0.319107,0.594468,0.810564,0.754452,0.806427,0.783325,0.718473,0.6769,0.499469,0.666337,0.52105,0.634006,0.798883,0.616862,0.812793,0.74642,0.58442,0.724071,0.718205,0.494017,0.455652,0.727238,0.721983,0.78023,0.793789,0.621819,0.556463,0.753717,0.613166,0.716105,0.65934,0.733677,0.497136,0.257057,0.65819,0.77083,0.744946,0.707059,0.239499,0.212993,0.666709,0.832604,0.810413,0.483442,0.639908
0.204131,0.201367,0.279387,0.226396,0.199503,0.224196,0.243023,0.21894,0.19987,0.177517,0.288294,0.256913,0.284442,0.362175,0.149798,0.263532,0.201369,0.27175,0.20232,0.396012,0.326216,0.316422,0.194804,0.286235,0.135334,0.202888,0.367249,0.0754957,0.227235,0.448243,-0.0111188,0.298293,0.494824,0.298199,0.400652,0.440402,0.0334592,0.519062,0.377109,0.319107,1,0.334786,0.239257,0.227352,0.319383,0.40227,0.224442,0.382068,0.339746,0.093736,0.083093,0.257369,0.355017,0.306986,0.397779,0.223769,0.241614,0.250396,0.34551,0.301772,0.188763,0.00712455,0.239313,0.40668,0.467829,0.230839,0.174777,0.175965,0.339791,0.0514135,0.199368,0.450732,0.0643684,-0.313176,0.163762,0.295081,0.179945,0.22464,-0.196079,0.435053,0.0909898,0.417811,0.297214,0.153483,0.226785
0.648695,0.58994,0.647157,0.54767,0.4402,0.529616,0.448606,0.118941,0.613798,0.523346,0.555747,0.593926,0.645953,0.622964,0.616261,0.643944,0.572446,0.645537,0.645776,0.758864,0.728954,0.527597,0.514609,0.675441,0.406886,0.382331,0.633041,0.324931,0.115381,0.432022,0.278242,0.468889,0.650224,0.714358,0.63456,0.501183,0.390491,0.507391,0.712562,0.594468,0.334786,1,0.721719,0.61798,0.67812,0.590319,0.580028,0.477412,0.3681,0.474457,0.236969,0.598975,0.633526,0.389052,0.678478,0.60173,0.530903,0.562534,0.677987,0.581512,0.265615,0.52607,0.532668,0.73404,0.746443,0.635644,0.409926,0.566822,0.543155,0.438296,0.606723,0.556848,0.35603,0.161211,0.467746,0.478907,0.677913,0.521824,0.0864172,0.283929,0.475354,0.658361,0.66822,0.203523,0.575395
0.908341,0.900318,0.926735,0.865552,0.679299,0.741931,0.605025,0.352434,0.706404,0.773047,0.79433,0.781316,0.87616,0.844374,0.796966,0.906391,0.890892,0.801947,0.8105,0.881914,0.897829,0.610086,0.808869,0.857319,0.620554,0.589609,0.747609,0.580576,0.232048,0.0869568,0.589058,0.743522,0.702779,0.836169,0.780115,0.530444,0.351278,0.641179,0.89127,0.810564,0.239257,0.721719,1,0.930618,0.925795,0.824383,0.731749,0.715283,0.436392,0.627559,0.524422,0.765429,0.839815,0.654279,0.893305,0.88406,0.696266,0.877674,0.902092,0.539844,0.475913,0.759569,0.669732,0.892932,0.866043,0.751489,0.581713,0.84142,0.67629,0.683418,0.65856,0.558664,0.610707,0.383449,0.562066,0.748593,0.827619,0.79193,0.315541,0.326631,0.73123,0.849881,0.826757,0.436968,0.699331
0.843413,0.884003,0.887039,0.818254,0.599178,0.661309,0.500413,0.378103,0.684359,0.730454,0.734463,0.719557,0.793502,0.786376,0.756316,0.896471,0.825111,0.715499,0.74644,0.805554,0.81381,0.485868,0.757804,0.746327,0.642302,0.493835,0.657602,0.542951,0.262146,-0.054949,0.531573,0.67747,0.571501,0.70381,0.67492,0.485847,0.277831,0.636305,0.825788,0.754452,0.227352,0.61798,0.930618,1,0.881283,0.797533,0.656199,0.655288,0.262429,0.582139,0.58485,0.63013,0.759015,0.65531,0.848747,0.852439,0.678053,0.925664,0.877588,0.408532,0.386721,0.637583,0.663005,0.822796,0.776888,0.622445,0.477525,0.715345,0.562921,0.642205,0.57531,0.467554,0.584711,0.401476,0.504027,0.6646,0.707963,0.728705,0.188908,0.292233,0.655932,0.80825,0.757503,0.357349,0.585311
0.889182,0.845006,0.963815,0.871546,0.728034,0.747332,0.574092,0.410865,0.635715,0.716688,0.808937,0.822575,0.891837,0.888434,0.828992,0.870511,0.881297,0.733285,0.841746,0.901878,0.882429,0.641728,0.761258,0.858723,0.657995,0.612812,0.78205,0.643705,0.436246,0.0478726,0.527077,0.721166,0.752123,0.850599,0.766524,0.576685,0.309395,0.735255,0.875545,0.806427,0.319383,0.67812,0.925795,0.881283,1,0.861106,0.708365,0.718055,0.396235,0.667794,0.506093,0.759306,0.845566,0.709728,0.916016,0.880845,0.656132,0.843242,0.909537,0.546802,0.489746,0.704885,0.72608,0.896901,0.860267,0.781527,0.642289,0.854453,0.645203,0.686085,0.69132,0.51658,0.577305,0.292049,0.652149,0.764884,0.804623,0.798294,0.287684,0.329615,0.789315,0.875047,0.806361,0.57907,0.695113
0.77576,0.794773,0.852641,0.774764,0.722593,0.656888,0.577495,0.43153,0.532831,0.751158,0.801499,0.792397,0.799912,0.789432,0.71926,0.759857,0.786127,0.752801,0.831548,0.82361,0.845666,0.581835,0.69827,0.784758,0.588298,0.622909,0.785598,0.410154,0.319026,0.0694703,0.44161,0.656688,0.712513,0.707171,0.726662,0.683455,0.233761,0.703837,0.770003,0.783325,0.40227,0.590319,0.824383,0.797533,0.861106,1,0.668151,0.691661,0.498591,0.76164,0.638763,0.724339,0.860534,0.714671,0.818919,0.827358,0.644574,0.783819,0.79343,0.540025,0.380238,0.726987,0.6524,0.816202,0.801589,0.680201,0.601182,0.772611,0.619158,0.597221,0.660485,0.535157,0.471791,0.215258,0.577865,0.680657,0.710508,0.730173,0.190004,0.271016,0.722363,0.820607,0.769018,0.510051,0.575597
0.827521,0.584681,0.697926,0.711316,0.703333,0.774281,0.737292,0.520554,0.628906,0.597901,0.577307,0.733545,0.764619,0.730554,0.692018,0.658055,0.700925,0.81338,0.759969,0.789962,0.858373,0.670596,0.740301,0.852271,0.460893,0.69189,0.69106,0.582511,0.178062,0.0430193,0.459265,0.635401,0.687469,0.713621,0.752378,0.529585,0.253297,0.47751,0.757716,0.718473,0.224442,0.580028,0.731749,0.656199,0.708365,0.668151,1,0.735986,0.498724,0.447746,0.46699,0.538246,0.694906,0.685034,0.727743,0.727469,0.657881,0.573661,0.611594,0.425977,0.406109,0.722048,0.58374,0.811955,0.848969,0.697448,0.661994,0.817842,0.611621,0.755111,0.774995,0.712635,0.493662,0.492469,0.585353,0.637954,0.646788,0.714857,0.378438,0.269653,0.640157,0.848213,0.705656,0.446182,0.533886
0.725954,0.555402,0.729509,0.691825,0.624697,0.699354,0.62627,0.425235,0.657415,0.590569,0.670647,0.732482,0.7513,0.712948,0.588616,0.653534,0.756344,0.751783,0.626261,0.673062,0.746348,0.64694,0.695006,0.754648,0.439085,0.621655,0.731668,0.511594,0.297652,-0.0127673,0.444321,0.641274,0.70319,0.699083,0.677385,0.430924,0.155428,0.516949,0.78044,0.6769,0.382068,0.477412,0.715283,0.655288,0.718055,0.691661,0.735986,1,0.444745,0.376954,0.428714,0.640662,0.681107,0.650227,0.690694,0.744813,0.563229,0.628687,0.660993,0.456199,0.628884,0.629478,0.495871,0.763906,0.76667,0.705648,0.548932,0.759011,0.723666,0.547479,0.647979,0.572504,0.5859,0.357029,0.452649,0.647903,0.505872,0.678675,0.222682,0.391443,0.567381,0.802783,0.641731,0.525938,0.467621
0.401856,0.333261,0.443452,0.284822,0.353533,0.325405,0.479259,0.145938,0.211029,0.537686,0.51606,0.491947,0.40969,0.400744,0.369545,0.323749,0.369448,0.509486,0.538494,0.505867,0.56587,0.431583,0.347914,0.561898,0.141251,0.561182,0.481975,0.317422,-0.147524,0.218429,0.137026,0.393641,0.682336,0.593596,0.425937,0.502487,0.174268,0.512968,0.461056,0.499469,0.339746,0.3681,0.436392,0.262429,0.396235,0.498591,0.498724,0.444745,1,0.387247,0.460451,0.559852,0.524137,0.208694,0.377597,0.362044,0.363979,0.239882,0.275329,0.400492,0.160793,0.412974,0.417018,0.499467,0.638244,0.503525,0.605338,0.45535,0.423544,0.310743,0.615331,0.547286,0.0706078,0.134376,0.236518,0.505717,0.542198,0.443785,0.207915,0.199074,0.525824,0.459546,0.503966,0.455139,0.5077
0.56562,0.653539,0.66263,0.658218,0.678763,0.480123,0.368732,0.289191,0.404462,0.537424,0.602353,0.602726,0.579113,0.565261,0.600711,0.548841,0.563467,0.593468,0.679592,0.599506,0.644916,0.44453,0.536671,0.618018,0.529856,0.531441,0.661923,0.31878,0.346931,0.147708,0.306991,0.476111,0.510971,0.489614,0.521125,0.511615,0.186504,0.522464,0.546237,0.666337,0.093736,0.474457,0.627559,0.582139,0.667794,0.76164,0.447746,0.376954,0.387247,1,0.562157,0.58672,0.699642,0.525974,0.565445,0.645789,0.520997,0.583235,0.593326,0.399359,0.108629,0.65515,0.510718,0.611411,0.534337,0.520183,0.532852,0.629288,0.458329,0.548517,0.52668,0.363379,0.475125,0.121528,0.557119,0.50422,0.623084,0.596993,0.166736,0.212266,0.564526,0.586248,0.589332,0.389969,0.485863
0.502392,0.575602,0.588838,0.519976,0.418742,0.390082,0.369112,0.241295,0.27962,0.586548,0.544539,0.483125,0.413056,0.395261,0.471345,0.548613,0.508298,0.490412,0.645327,0.530607,0.611986,0.310322,0.503127,0.462108,0.40985,0.468593,0.46248,0.304974,-0.0516847,-0.138872,0.22033,0.327928,0.521905,0.437855,0.350715,0.472825,0.21187,0.441612,0.448974,0.52105,0.083093,0.236969,0.524422,0.58485,0.506093,0.638763,0.46699,0.428714,0.460451,0.562157,1,0.536223,0.570883,0.315992,0.491964,0.479466,0.591881,0.610081,0.426384,0.224778,0.131554,0.571758,0.58881,0.467075,0.541737,0.337279,0.549407,0.430971,0.365332,0.386795,0.398842,0.262478,0.173059,0.312363,0.219834,0.395613,0.440896,0.428526,0.192356,0.2357,0.495186,0.532531,0.570781,0.294411,0.337331
0.672961,0.705378,0.82449,0.685101,0.504653,0.64164,0.527103,0.239259,0.404742,0.77635,0.814496,0.640054,0.733611,0.720453,0.666594,0.656505,0.738906,0.614943,0.682584,0.719691,0.767539,0.610052,0.579156,0.671896,0.50447,0.543942,0.662778,0.514933,0.0992135,0.145124,0.430693,0.64972,0.707162,0.792856,0.635087,0.531991,0.352651,0.580476,0.720774,0.634006,0.257369,0.598975,0.765429,0.63013,0.759306,0.724339,0.538246,0.640662,0.559852,0.58672,0.536223,1,0.864453,0.349893,0.70777,0.671427,0.598158,0.610921,0.718358,0.714854,0.42885,0.635712,0.534864,0.720642,0.745543,0.708627,0.62664,0.707268,0.610022,0.450767,0.612648,0.387402,0.425077,0.181575,0.452117,0.611121,0.767178,0.649188,0.246431,0.356241,0.6168,0.649584,0.738866,0.547282,0.597754
0.789316,0.805906,0.894141,0.790749,0.673883,0.794391,0.529972,0.387257,0.523171,0.836967,0.873147,0.776153,0.844523,0.846678,0.750188,0.743043,0.830546,0.718667,0.790054,0.809062,0.885205,0.620719,0.713441,0.801997,0.588576,0.604117,0.749623,0.52871,0.183352,0.106999,0.540339,0.802783,0.740633,0.788081,0.758005,0.714237,0.291971,0.634057,0.810358,0.798883,0.355017,0.633526,0.839815,0.759015,0.845566,0.860534,0.694906,0.681107,0.524137,0.699642,0.570883,0.864453,1,0.601363,0.828925,0.796433,0.658912,0.720621,0.803631,0.69779,0.398884,0.751721,0.622243,0.826552,0.82187,0.744631,0.62045,0.811518,0.602841,0.602652,0.687674,0.59036,0.556075,0.215266,0.613279,0.717969,0.794794,0.720822,0.256446,0.27714,0.671299,0.809182,0.830469,0.567853,0.637885
