1,0.899041,0.91692,0.797849,0.827213,0.613516,0.298502,0.536106,0.588453,0.737086,0.855551,0.777712,0.888223,0.869842,0.701414,0.905298,0.821658,0.388286,0.709426,0.901662,0.9041,0.48093,0.760521,0.877551,0.473546,0.750656,0.856221,0.612752,0.456304,0.159573,0.105459,0.556154,0.819785,0.810103,0.461983,0.205185,0.367166,0.471617,0.827559,0.854658,0.649635,0.580764,0.878909,0.870069,0.928541,0.849543,0.777995,0.593803,0.516055,0.483498,0.502983,0.617861,0.811947,0.753594,0.865014,0.882514,0.606992,0.826591,0.85359,0.52284,0.403571,0.722869,0.605114,0.869443,0.865452,0.557515,0.819394,0.924384,0.545419,0.6983,0.764185,0.713875,0.369839,0.358567,0.555103,0.749411,0.83865,0.557348,0.370118,0.151819,0.587228,0.910352,0.871262,0.151484,0.691268
0.899041,1,0.91824,0.748984,0.844092,0.700331,0.332378,0.466936,0.504186,0.787564,0.841882,0.839638,0.852306,0.849386,0.713116,0.887769,0.797879,0.471899,0.669095,0.915909,0.909448,0.528425,0.775284,0.906392,0.624871,0.748795,0.786029,0.598896,0.449197,0.181134,0.0247406,0.529052,0.766815,0.821915,0.463596,0.35255,0.374324,0.491204,0.845163,0.837408,0.569292,0.602073,0.896091,0.868316,0.941272,0.846102,0.715081,0.58636,0.582863,0.332507,0.536856,0.696057,0.828828,0.7702,0.90228,0.842047,0.531662,0.854625,0.907025,0.532253,0.344826,0.684212,0.663012,0.911138,0.909811,0.528684,0.741665,0.874266,0.441311,0.694783,0.695345,0.721528,0.322658,0.227099,0.492267,0.724025,0.796807,0.514325,0.281762,0.0641716,0.625592,0.862123,0.800554,0.249819,0.586589
0.91692,0.91824,1,0.791766,0.817585,0.672303,0.312478,0.526312,0.570264,0.767382,0.876688,0.867547,0.844394,0.8443,0.690327,0.870979,0.821363,0.504407,0.650562,0.886851,0.890106,0.596721,0.783632,0.899481,0.511018,0.717035,0.840649,0.581118,0.521283,0.201757,0.097415,0.538209,0.795427,0.822211,0.430902,0.414599,0.373947,0.464538,0.863875,0.895563,0.618135,0.607225,0.899558,0.873528,0.96622,0.874125,0.775822,0.594539,0.560993,0.42679,0.433828,0.726262,0.835904,0.714896,0.853232,0.840278,0.563026,0.86072,0.870546,0.561592,0.396856,0.721616,0.626293,0.883791,0.876085,0.532373,0.779597,0.892698,0.465494,0.698996,0.781353,0.70571,0.389871,0.259371,0.582599,0.697906,0.772565,0.487195,0.266709,0.00741409,0.639942,0.886201,0.836123,0.261377,0.591224
0.797849,0.748984,0.791766,1,0.689129,0.575857,0.346285,0.502054,0.449227,0.611765,0.78187,0.743205,0.720019,0.806553,0.566972,0.742821,0.753208,0.500235,0.734545,0.795768,0.803193,0.467741,0.704722,0.8664,0.54868,0.670914,0.782783,0.501273,0.240611,0.0419403,0.173018,0.485146,0.703305,0.680295,0.363223,0.358283,0.223855,0.507076,0.737279,0.763349,0.532011,0.419611,0.844059,0.705936,0.775771,0.737547,0.731319,0.541408,0.544629,0.398145,0.513272,0.531419,0.74791,0.595433,0.696767,0.808685,0.537853,0.684272,0.726077,0.496683,0.282055,0.603053,0.573059,0.727226,0.770554,0.466491,0.603833,0.812064,0.387051,0.70505,0.670163,0.522756,0.242578,0.235489,0.512327,0.641579,0.64082,0.592665,0.408474,0.118913,0.548037,0.798808,0.68057,0.205005,0.636629
0.827213,0.844092,0.817585,0.689129,1,0.658097,0.1753,0.549391,0.527145,0.72384,0.756429,0.744136,0.752414,0.721075,0.610816,0.753306,0.676228,0.368115,0.674214,0.815292,0.806741,0.50302,0.668794,0.840178,0.508306,0.769791,0.778971,0.528581,0.449408,0.108472,0.0860049,0.35483,0.718606,0.71689,0.549586,0.227766,0.397463,0.469817,0.702227,0.779891,0.50719,0.469587,0.845282,0.774293,0.855873,0.769056,0.547634,0.502429,0.509394,0.394154,0.541566,0.682077,0.778319,0.69684,0.759162,0.791584,0.496417,0.675597,0.821304,0.45548,0.377572,0.606471,0.48219,0.793383,0.77029,0.390468,0.644989,0.803162,0.421791,0.54722,0.667876,0.723591,0.345715,0.24116,0.468511,0.676964,0.790543,0.406071,0.413841,0.0216903,0.695003,0.766358,0.748742,0.193807,0.554438
0.613516,0.700331,0.672303,0.575857,0.658097,1,-0.0811648,0.210068,0.484979,0.652858,0.647187,0.701154,0.574938,0.626936,0.687679,0.571706,0.435807,0.569586,0.492946,0.634391,0.667295,0.525266,0.498824,0.703552,0.5467,0.527857,0.546113,0.436838,0.592584,-0.144661,0.325175,0.403791,0.611824,0.781708,0.238591,0.501041,0.288761,0.340309,0.590716,0.604649,0.461228,0.390445,0.709124,0.647519,0.702135,0.744113,0.466442,0.442445,0.332842,0.160668,0.350181,0.441335,0.61145,0.574527,0.608819,0.62727,0.445399,0.552488,0.619628,0.355835,0.185514,0.364291,0.375906,0.664509,0.640324,0.107245,0.503527,0.631618,0.290399,0.561809,0.553953,0.510441,0.366614,-0.0789195,0.375621,0.638481,0.640392,0.389846,-0.098519,0.0122004,0.546855,0.649623,0.674268,0.0983799,0.564968
0.298502,0.332378,0.312478,0.346285,0.1753,-0.0811648,1,0.352041,0.00256125,0.157623,0.360072,0.329622,0.380274,0.275025,0.17772,0.353449,0.565161,0.0706796,0.216752,0.40898,0.362762,-0.0113769,0.375899,0.338719,0.392917,0.238511,0.323529,-0.0279767,-0.195073,0.218496,-0.21533,0.464014,0.268189,0.243847,0.261395,-0.0642449,0.119858,0.0477819,0.374576,0.172357,-0.0317265,0.167283,0.272282,0.375847,0.309618,0.235746,0.433805,0.341403,0.68095,0.358416,0.440149,0.294529,0.4675,0.477416,0.448851,0.280517,-0.0235752,0.51806,0.319957,0.169316,0.0584976,0.49384,0.487158,0.39322,0.442961,0.475526,0.242201,0.322605,0.165023,0.362841,0.331078,0.375413,0.0415886,0.291575,0.0722019,0.130724,0.277585,0.369517,0.290275,0.196135,0.0262623,0.352004,0.182797,0.145862,0.0107337
0.536106,0.466936,0.526312,0.502054,0.549391,0.210068,0.352041,1,0.575552,0.318262,0.43495,0.480451,0.465517,0.410804,0.50703,0.383191,0.481396,0.0844446,0.588943,0.458039,0.417738,0.0616922,0.523369,0.524317,0.118883,0.387,0.498027,0.289311,0.163591,0.199408,-0.0214,0.174472,0.467668,0.328573,0.210373,-0.0449145,0.200586,0.287796,0.360388,0.456236,0.0915503,0.242558,0.533267,0.46572,0.490334,0.470724,0.399692,0.394901,0.619375,0.490561,0.440254,0.476069,0.501247,0.462659,0.438321,0.448796,0.161497,0.461059,0.443292,0.470811,0.174981,0.583027,0.376854,0.449745,0.44732,0.315482,0.497316,0.510238,0.250387,0.357175,0.333748,0.419618,0.141461,0.513098,0.367267,0.494097,0.347711,0.344059,0.446554,-0.0402768,0.282713,0.529755,0.477416,0.213734,0.470332
0.588453,0.504186,0.570264,0.449227,0.527145,0.484979,0.00256125,0.575552,1,0.359287,0.408127,0.467558,0.477726,0.417195,0.677726,0.447808,0.455062,0.328586,0.448162,0.42085,0.490494,0.232026,0.597968,0.524479,0.0351456,0.336065,0.472604,0.172009,0.394951,0.10482,0.0832549,0.203972,0.376545,0.52269,0.188298,0.126407,0.232102,0.330571,0.420247,0.555411,0.321489,0.408479,0.633272,0.535771,0.525136,0.583625,0.506395,0.520112,0.40923,0.356891,0.28414,0.36882,0.466631,0.387899,0.42734,0.540562,0.283795,0.415853,0.479283,0.350124,0.420718,0.485658,0.318606,0.463159,0.49729,0.218642,0.504317,0.520992,0.512668,0.342116,0.431127,0.461203,0.44834,0.375762,0.496024,0.510382,0.491206,0.328378,0.268214,-0.00537567,0.451066,0.545508,0.579603,-0.000714458,0.527427
0.737086,0.787564,0.767382,0.611765,0.72384,0.652858,0.157623,0.318262,0.359287,1,0.807095,0.810098,0.807402,0.69514,0.50913,0.739323,0.720201,0.590153,0.472777,0.787927,0.793778,0.466187,0.507875,0.737324,0.425285,0.693204,0.65787,0.650642,0.419793,0.0845973,0.211521,0.337071,0.587723,0.68313,0.245928,0.380421,0.172452,0.420804,0.805506,0.672877,0.48573,0.657896,0.713881,0.747468,0.810749,0.704646,0.633556,0.550608,0.443868,0.296049,0.431299,0.592549,0.698413,0.667104,0.740523,0.732461,0.507179,0.700691,0.790138,0.260036,0.24938,0.55384,0.509092,0.739194,0.793283,0.465491,0.689188,0.715777,0.277762,0.513213,0.680949,0.737711,0.164221,0.117316,0.396677,0.585887,0.672787,0.317157,0.252247,0.082852,0.529425,0.742092,0.659338,0.188071,0.567575
0.855551,0.841882,0.876688,0.78187,0.756429,0.647187,0.360072,0.43495,0.408127,0.807095,1,0.837342,0.83699,0.830079,0.571106,0.857145,0.824229,0.547924,0.587599,0.867303,0.852789,0.554171,0.678169,0.815201,0.498479,0.689144,0.787917,0.565077,0.456946,0.096659,0.312485,0.537312,0.781759,0.737841,0.399334,0.365483,0.211713,0.445169,0.822937,0.804755,0.575438,0.525197,0.775592,0.789789,0.868501,0.803069,0.729077,0.523204,0.606711,0.50625,0.464191,0.666,0.8125,0.684985,0.800184,0.802291,0.56961,0.784964,0.845956,0.368112,0.289508,0.604547,0.627533,0.805532,0.857688,0.555066,0.739773,0.849588,0.376034,0.708439,0.727925,0.71888,0.296645,0.221086,0.497805,0.684464,0.760374,0.497804,0.288679,0.193716,0.612289,0.840562,0.751191,0.225192,0.615917
0.777712,0.839638,0.867547,0.743205,0.744136,0.701154,0.329622,0.480451,0.467558,0.810098,0.837342,1,0.872729,0.733593,0.63996,0.761494,0.814084,0.528546,0.607835,0.831277,0.842621,0.61943,0.666252,0.820128,0.541578,0.644384,0.749003,0.500035,0.520287,0.153525,0.229082,0.463178,0.700166,0.717458,0.433266,0.397638,0.210521,0.371442,0.809873,0.741783,0.536743,0.582892,0.83206,0.83773,0.852765,0.77409,0.692292,0.608969,0.543189,0.356027,0.383524,0.738503,0.77726,0.748145,0.835494,0.758022,0.526313,0.835617,0.869951,0.458556,0.3041,0.628333,0.69224,0.786827,0.875431,0.534352,0.668045,0.771721,0.241503,0.599176,0.705759,0.755697,0.240998,0.113113,0.5983,0.537531,0.697884,0.493578,0.214338,0.0885254,0.557683,0.810458,0.77115,0.181175,0.60737
0.888223,0.852306,0.844394,0.720019,0.752414,0.574938,0.380274,0.465517,0.477726,0.807402,0.83699,0.872729,1,0.81169,0.634172,0.886219,0.88135,0.406224,0.663093,0.887658,0.916205,0.481947,0.733895,0.810625,0.483576,0.681183,0.819775,0.570804,0.432838,0.193107,0.184593,0.547937,0.728561,0.752356,0.391686,0.178443,0.270065,0.312684,0.857594,0.753772,0.559398,0.591095,0.827011,0.851739,0.857526,0.752465,0.730973,0.637278,0.545176,0.407091,0.479217,0.670006,0.792802,0.854851,0.885863,0.806711,0.497846,0.833122,0.850368,0.422736,0.312052,0.664948,0.641759,0.847407,0.899999,0.619631,0.703354,0.834217,0.430661,0.625769,0.817581,0.766411,0.275087,0.262887,0.585018,0.663013,0.779009,0.566695,0.351841,0.22692,0.54994,0.909332,0.838415,0.111302,0.667729
0.869842,0.849386,0.8443,0.806553,0.721075,0.626936,0.275025,0.410804,0.417195,0.69514,0.830079,0.733593,0.81169,1,0.704602,0.875033,0.731209,0.463985,0.766344,0.859184,0.881685,0.534395,0.726272,0.837641,0.50798,0.706302,0.732924,0.646343,0.336656,0.130074,0.268781,0.565491,0.831006,0.743028,0.433818,0.268087,0.279147,0.397357,0.822502,0.763349,0.546882,0.543655,0.809493,0.787652,0.867344,0.751105,0.712523,0.580476,0.503886,0.427736,0.432652,0.603201,0.752368,0.602954,0.747035,0.80143,0.509096,0.799303,0.74321,0.509466,0.238667,0.636727,0.615154,0.84617,0.844195,0.4687,0.680559,0.890938,0.446715,0.782042,0.694973,0.630992,0.235893,0.263324,0.46503,0.721795,0.715023,0.602957,0.403996,0.182004,0.573351,0.892525,0.768994,0.206649,0.754636
0.701414,0.713116,0.690327,0.566972,0.610816,0.687679,0.17772,0.50703,0.677726,0.50913,0.571106,0.63996,0.634172,0.704602,1,0.61019,0.524297,0.455729,0.627361,0.653632,0.689896,0.400252,0.639834,0.691242,0.406247,0.49502,0.477004,0.407365,0.397848,0.109231,0.23145,0.474671,0.623065,0.701895,0.372559,0.169892,0.346697,0.186488,0.588101,0.560381,0.367809,0.417549,0.699624,0.689772,0.701055,0.620702,0.539387,0.497659,0.457677,0.296182,0.324572,0.51575,0.714804,0.562292,0.615126,0.628448,0.26605,0.715682,0.59578,0.503842,0.215996,0.635919,0.537998,0.685672,0.68619,0.278643,0.507586,0.680497,0.480172,0.585349,0.470121,0.546831,0.293407,0.127518,0.470577,0.635977,0.601187,0.570557,0.255539,0.0348837,0.452373,0.727675,0.638711,-0.0207291,0.657911
0.905298,0.887769,0.870979,0.742821,0.753306,0.571706,0.353449,0.383191,0.447808,0.739323,0.857145,0.761494,0.886219,0.875033,0.61019,1,0.842408,0.45061,0.692923,0.895518,0.897866,0.505481,0.81523,0.843999,0.502958,0.71221,0.793084,0.555696,0.498056,0.231475,0.147543,0.583827,0.715603,0.780562,0.421719,0.255152,0.346209,0.47482,0.875967,0.852722,0.632288,0.682147,0.805211,0.788734,0.883614,0.818065,0.745812,0.683969,0.497748,0.461473,0.444067,0.633749,0.811583,0.714429,0.874559,0.829833,0.633233,0.817538,0.845997,0.420617,0.385154,0.634278,0.638181,0.914303,0.884224,0.607941,0.70846,0.890455,0.47611,0.692941,0.780421,0.663673,0.331052,0.328506,0.524224,0.63568,0.759953,0.528949,0.34563,0.190718,0.592221,0.871079,0.839604,0.227462,0.652527
0.821658,0.797879,0.821363,0.753208,0.676228,0.435807,0.565161,0.481396,0.455062,0.720201,0.824229,0.814084,0.88135,0.731209,0.524297,0.842408,1,0.459453,0.545144,0.823053,0.850901,0.437159,0.742373,0.77244,0.448096,0.618741,0.790844,0.385658,0.332469,0.315335,0.116974,0.511163,0.667881,0.661581,0.383175,0.151425,0.154901,0.422971,0.808483,0.726122,0.490911,0.629047,0.787027,0.780154,0.789755,0.759756,0.788696,0.667759,0.632682,0.386454,0.489108,0.664315,0.793457,0.756772,0.878113,0.797345,0.473814,0.811369,0.868792,0.295509,0.366103,0.71052,0.714631,0.767657,0.859857,0.722894,0.691265,0.802491,0.404775,0.650507,0.787883,0.750352,0.217125,0.294147,0.563644,0.559978,0.690802,0.562373,0.412538,0.228703,0.457381,0.811405,0.684855,0.109228,0.511784
0.388286,0.471899,0.504407,0.500235,0.368115,0.569586,0.0706796,0.0844446,0.328586,0.590153,0.547924,0.528546,0.406224,0.463985,0.455729,0.45061,0.459453,1,0.365917,0.503912,0.536702,0.301561,0.345765,0.5305,0.394825,0.340334,0.367629,0.262944,0.31528,-0.17267,0.312007,0.246012,0.372844,0.514562,0.0414257,0.539045,-0.015239,0.339732,0.387582,0.442994,0.43714,0.458861,0.474312,0.447938,0.507254,0.471911,0.49178,0.356885,0.317633,0.159421,0.232962,0.418684,0.492897,0.314178,0.43078,0.585985,0.305344,0.386437,0.508396,0.138262,0.238183,0.314027,0.451546,0.520747,0.493423,0.388322,0.444606,0.518688,0.299372,0.415044,0.519433,0.425832,0.180007,0.00398999,0.357204,0.32082,0.356887,0.191269,0.198459,0.032618,0.513527,0.415044,0.344426,0.132144,0.404881
0.709426,0.669095,0.650562,0.734545,0.674214,0.492946,0.216752,0.588943,0.448162,0.472777,0.587599,0.607835,0.663093,0.766344,0.627361,0.692923,0.545144,0.365917,1,0.718159,0.725573,0.288233,0.660288,0.778276,0.423684,0.557328,0.647313,0.4884,0.336601,-0.020352,0.116886,0.339488,0.678494,0.612754,0.312893,0.122661,0.195154,0.423149,0.557302,0.617398,0.376471,0.411978,0.717273,0.618806,0.698526,0.606027,0.578116,0.489649,0.46848,0.41292,0.435191,0.507723,0.569474,0.523439,0.578886,0.685663,0.442128,0.548995,0.602519,0.543722,0.17129,0.522815,0.541876,0.756589,0.658081,0.470215,0.574849,0.764377,0.461347,0.661762,0.546572,0.48784,0.237096,0.446655,0.413872,0.622985,0.51989,0.452576,0.531,0.131908,0.580877,0.716614,0.738864,0.242707,0.746785
0.901662,0.915909,0.886851,0.795768,0.815292,0.634391,0.40898,0.458039,0.42085,0.787927,0.867303,0.831277,0.887658,0.859184,0.653632,0.895518,0.823053,0.503912,0.718159,1,0.930296,0.50167,0.724934,0.943893,0.676934,0.754875,0.86353,0.564095,0.416353,0.0940535,0.146136,0.545111,0.826494,0.80142,0.502676,0.322258,0.406811,0.467158,0.839201,0.800615,0.570711,0.565005,0.858972,0.858162,0.925049,0.786055,0.766586,0.580616,0.59458,0.422459,0.493201,0.691444,0.84434,0.798614,0.899862,0.882085,0.537117,0.837493,0.886669,0.517045,0.246333,0.65575,0.668981,0.911542,0.914552,0.64546,0.753283,0.923921,0.426341,0.73826,0.775205,0.74689,0.369817,0.240545,0.551266,0.705264,0.814654,0.522175,0.349754,0.221902,0.692994,0.87657,0.791121,0.269277,0.634835
0.9041,0.909448,0.890106,0.803193,0.806741,0.667295,0.362762,0.417738,0.490494,0.793778,0.852789,0.842621,0.916205,0.881685,0.689896,0.897866,0.850901,0.536702,0.725573,0.930296,1,0.574949,0.784125,0.901077,0.611094,0.731356,0.851769,0.585572,0.423311,0.116142,0.137384,0.555647,0.789687,0.850926,0.467535,0.339204,0.325366,0.468224,0.865203,0.802966,0.620103,0.641761,0.886004,0.847227,0.912594,0.81497,0.752116,0.628434,0.541572,0.364848,0.531538,0.696741,0.845725,0.801691,0.880931,0.863085,0.541395,0.824546,0.871448,0.49155,0.347139,0.669657,0.695966,0.894034,0.939952,0.597026,0.720508,0.899605,0.498511,0.691056,0.815409,0.75289,0.348546,0.182009,0.565108,0.710823,0.839444,0.527484,0.433077,0.13349,0.631993,0.900783,0.823359,0.183337,0.684905
0.48093,0.528425,0.596721,0.467741,0.50302,0.525266,-0.0113769,0.0616922,0.232026,0.466187,0.554171,0.61943,0.481947,0.534395,0.400252,0.505481,0.437159,0.301561,0.288233,0.50167,0.574949,1,0.422587,0.47061,0.301317,0.402896,0.485027,0.338515,0.463816,0.128627,0.347495,0.290229,0.471021,0.484636,0.520257,0.411121,0.154404,0.171323,0.612125,0.559139,0.539468,0.354508,0.531321,0.494143,0.555169,0.493688,0.338298,0.341026,0.014257,0.0551417,0.0927848,0.600349,0.503389,0.303449,0.468319,0.468999,0.448533,0.561775,0.559176,0.378722,0.362002,0.379451,0.373313,0.460532,0.542109,0.109929,0.315162,0.508844,0.0817778,0.372602,0.445584,0.394978,0.250066,-0.220602,0.522884,0.277769,0.490481,0.206944,-0.0185178,-0.104404,0.36001,0.484025,0.461551,0.157676,0.287012
0.760521,0.775284,0.783632,0.704722,0.668794,0.498824,0.375899,0.523369,0.597968,0.507875,0.678169,0.666252,0.733895,0.726272,0.639834,0.81523,0.742373,0.345765,0.660288,0.724934,0.784125,0.422587,1,0.778597,0.439428,0.663846,0.69414,0.393997,0.394682,0.207407,0.0134006,0.511276,0.548084,0.72207,0.376134,0.200368,0.411589,0.451639,0.750618,0.772714,0.498845,0.599373,0.786345,0.644662,0.755585,0.714677,0.632541,0.762213,0.552,0.410023,0.489641,0.590229,0.733339,0.671333,0.764865,0.748198,0.502201,0.669458,0.717206,0.608317,0.32544,0.658022,0.570089,0.766325,0.808462,0.432092,0.546231,0.763105,0.576618,0.574538,0.671936,0.512879,0.303379,0.329667,0.478973,0.539633,0.682187,0.566695,0.405651,0.0980897,0.510514,0.816348,0.714626,0.163101,0.545301
0.877551,0.906392,0.899481,0.8664,0.840178,0.703552,0.338719,0.524317,0.524479,0.737324,0.815201,0.820128,0.810625,0.837641,0.691242,0.843999,0.77244,0.5305,0.778276,0.943893,0.901077,0.47061,0.778597,1,0.66732,0.785916,0.862177,0.517032,0.415169,0.0442683,0.0777497,0.506056,0.799421,0.848309,0.466426,0.376219,0.395732,0.539584,0.811063,0.821728,0.561532,0.571304,0.918346,0.840544,0.92608,0.821614,0.741854,0.609339,0.601192,0.380331,0.531931,0.671826,0.824669,0.750355,0.854755,0.897478,0.562358,0.778961,0.85066,0.571215,0.259086,0.683063,0.667714,0.897835,0.885081,0.570551,0.725368,0.914656,0.481315,0.759393,0.750412,0.68364,0.42815,0.265287,0.515792,0.710649,0.773777,0.554103,0.355958,0.155338,0.681531,0.85287,0.807052,0.274369,0.663589
0.473546,0.624871,0.511018,0.54868,0.508306,0.5467,0.392917,0.118883,0.0351456,0.425285,0.498479,0.541578,0.483576,0.50798,0.406247,0.502958,0.448096,0.394825,0.423684,0.676934,0.611094,0.301317,0.439428,0.66732,1,0.502455,0.522123,0.343232,0.15342,-0.165039,-0.0114438,0.494107,0.503749,0.611641,0.469627,0.39909,0.386059,0.281956,0.473051,0.464579,0.369973,0.261748,0.585578,0.519874,0.56139,0.491423,0.399175,0.253456,0.450343,0.212707,0.337849,0.365455,0.609303,0.56187,0.596106,0.488271,0.263112,0.545981,0.565325,0.401099,0.127773,0.30774,0.475966,0.622388,0.597194,0.261601,0.348358,0.519887,0.160538,0.479675,0.421107,0.379754,0.15484,-0.142184,0.237428,0.390712,0.588075,0.330758,0.0564835,0.054439,0.401432,0.518857,0.440683,0.243087,0.276767
0.750656,0.748795,0.717035,0.670914,0.769791,0.527857,0.238511,0.387,0.336065,0.693204,0.689144,0.644384,0.681183,0.706302,0.49502,0.71221,0.618741,0.340334,0.557328,0.754875,0.731356,0.402896,0.663846,0.785916,0.502455,1,0.687667,0.526447,0.19609,0.0327785,-0.0701301,0.47421,0.628997,0.69531,0.575501,0.146791,0.337869,0.437493,0.652225,0.64042,0.460087,0.504875,0.717928,0.659823,0.780876,0.688427,0.473409,0.516995,0.423971,0.34652,0.495439,0.523435,0.675992,0.677147,0.715204,0.786262,0.588478,0.624911,0.713408,0.562009,0.255721,0.622735,0.511305,0.69692,0.788956,0.405921,0.598996,0.761335,0.425398,0.552616,0.598737,0.64619,0.289467,0.207755,0.292082,0.563578,0.794586,0.584943,0.393879,0.232918,0.493558,0.723763,0.695763,0.181998,0.55004
0.856221,0.786029,0.840649,0.782783,0.778971,0.546113,0.323529,0.498027,0.472604,0.65787,0.787917,0.749003,0.819775,0.732924,0.477004,0.793084,0.790844,0.367629,0.647313,0.86353,0.851769,0.485027,0.69414,0.862177,0.522123,0.687667,1,0.431208,0.429344,0.00492047,0.067019,0.464534,0.764309,0.743882,0.500173,0.299527,0.358004,0.508951,0.761571,0.835566,0.636824,0.511161,0.855288,0.782122,0.810534,0.76665,0.71055,0.499069,0.486629,0.37116,0.533975,0.659202,0.742333,0.749893,0.782593,0.830856,0.529339,0.684039,0.79188,0.51493,0.370625,0.551409,0.59358,0.776743,0.813977,0.567738,0.711293,0.838218,0.386963,0.592301,0.832171,0.701199,0.464177,0.233342,0.541142,0.681144,0.781355,0.456712,0.282621,0.0920115,0.657287,0.776734,0.787945,0.232665,0.567845
0.612752,0.598896,0.581118,0.501273,0.528581,0.436838,-0.0279767,0.289311,0.172009,0.650642,0.565077,0.500035,0.570804,0.646343,0.407365,0.555696,0.385658,0.262944,0.4884,0.564095,0.585572,0.338515,0.393997,0.517032,0.343232,0.526447,0.431208,1,0.210018,0.0509378,0.0487108,0.164023,0.548003,0.471884,0.133434,0.293208,0.234872,0.454045,0.563063,0.589988,0.36529,0.362749,0.509479,0.471679,0.609071,0.485289,0.399734,0.323369,0.237518,0.379059,0.354099,0.317305,0.399281,0.428672,0.448034,0.468162,0.420382,0.493049,0.495383,0.448321,0.0533462,0.336737,0.202992,0.521433,0.54039,0.190914,0.504781,0.560406,0.175136,0.278317,0.336779,0.312634,-0.17951,0.0902347,0.0952737,0.530215,0.469504,0.218574,0.247237,-0.134409,0.367046,0.652031,0.494812,0.0638233,0.525722
0.456304,0.449197,0.521283,0.240611,0.449408,0.592584,-0.195073,0.163591,0.394951,0.419793,0.456946,0.520287,0.432838,0.336656,0.397848,0.498056,0.332469,0.31528,0.336601,0.416353,0.423311,0.463816,0.394682,0.415169,0.15342,0.19609,0.429344,0.210018,1,0.0169238,0.26651,0.308181,0.338503,0.499999,0.224834,0.373954,0.311652,0.284005,0.435059,0.524744,0.602218,0.475629,0.420626,0.37712,0.477944,0.591403,0.392358,0.343538,0.0797101,0.189199,-0.141703,0.494952,0.385487,0.326112,0.45623,0.397627,0.480113,0.350726,0.483918,0.182336,0.385678,0.16256,0.291895,0.497662,0.426527,0.18075,0.380399,0.473174,0.261935,0.283278,0.493099,0.325975,0.347456,-0.00093038,0.498447,0.225112,0.337305,-0.00715393,-0.171368,-0.0585397,0.385395,0.385675,0.593406,0.123438,0.336986
0.159573,0.181134,0.201757,0.0419403,0.108472,-0.144661,0.218496,0.199408,0.10482,0.0845973,0.096659,0.153525,0.193107,0.130074,0.109231,0.231475,0.315335,-0.17267,-0.020352,0.0940535,0.116142,0.128627,0.207407,0.0442683,-0.165039,0.0327785,0.00492047,0.0509378,0.0169238,1,-0.0758717,0.062124,0.0343378,0.0372226,-0.0426159,-0.126783,-0.0500154,-0.096932,0.246905,0.135571,-0.102563,0.165348,0.127253,0.147364,0.196935,0.186386,0.0926243,0.32909,0.0893326,0.054428,-0.0368789,0.246362,0.156653,0.129874,0.287747,0.0229893,-0.0377666,0.366325,0.232538,-0.131908,0.176118,0.357263,0.230895,0.156138,0.101938,0.230792,0.119192,0.124512,-0.107625,0.0987934,0.0357117,0.0414335,-0.0422658,0.102107,0.133081,0.0102803,-0.0203961,0.148351,0.180359,0.0391031,-0.131397,0.152671,0.0723203,0.0652894,0.0201169
0.105459,0.0247406,0.097415,0.173018,0.0860049,0.325175,-0.21533,-0.0214,0.0832549,0.211521,0.312485,0.229082,0.184593,0.268781,0.23145,0.147543,0.116974,0.312007,0.116886,0.146136,0.137384,0.347495,0.0134006,0.0777497,-0.0114438,-0.0701301,0.067019,0.0487108,0.26651,-0.0758717,1,0.0455983,0.213604,0.112678,-0.0244323,0.16609,-0.210093,-0.171094,0.196927,0.0974236,0.111566,0.0720304,0.10184,0.164257,0.0926029,0.100107,0.181632,0.155988,-0.0243283,0.0260292,-0.166068,0.177165,0.162988,-0.0435251,0.057013,0.184737,0.0817748,0.104033,0.0778659,-0.2046,-0.0937123,-0.0182671,0.0393862,0.0750542,0.111209,-0.0709003,0.0418799,0.188206,-0.0471948,0.267899,0.202261,0.179655,0.0732978,-0.0933613,0.357596,0.0811106,0.0974006,-0.0011964,-0.0400041,0.199891,0.188692,0.211473,0.112287,0.0874537,0.331344
0.556154,0.529052,0.538209,0.485146,0.35483,0.403791,0.464014,0.174472,0.203972,0.337071,0.537312,0.463178,0.547937,0.565491,0.474671,0.583827,0.511163,0.246012,0.339488,0.545111,0.555647,0.290229,0.511276,0.506056,0.494107,0.47421,0.464534,0.164023,0.308181,0.062124,0.0455983,1,0.434486,0.624886,0.425887,0.202171,0.378933,-0.044914,0.534232,0.395442,0.479413,0.313325,0.497369,0.492967,0.538253,0.584018,0.548905,0.369235,0.439561,0.283175,0.110213,0.466186,0.626808,0.50258,0.538625,0.473711,0.269557,0.579004,0.409943,0.336179,0.46031,0.487544,0.508065,0.596458,0.600941,0.218995,0.33731,0.59996,0.486745,0.552066,0.564563,0.326705,0.345948,0.125989,0.340898,0.369232,0.530179,0.480522,0.0473505,0.297712,0.093504,0.57031,0.585048,0.191145,0.298113
0.819785,0.766815,0.795427,0.703305,0.718606,0.611824,0.268189,0.467668,0.376545,0.587723,0.781759,0.700166,0.728561,0.831006,0.623065,0.715603,0.667881,0.372844,0.678494,0.826494,0.789687,0.471021,0.548084,0.799421,0.503749,0.628997,0.764309,0.548003,0.338503,0.0343378,0.213604,0.434486,1,0.693381,0.470571,0.220984,0.254203,0.442794,0.617874,0.668157,0.480749,0.362643,0.736128,0.744591,0.801835,0.699124,0.621293,0.39568,0.468825,0.43665,0.454763,0.563425,0.664917,0.608659,0.72437,0.75233,0.543791,0.693752,0.735266,0.468372,0.0913989,0.573212,0.526948,0.71822,0.733719,0.515679,0.757995,0.845169,0.385154,0.768719,0.601223,0.688651,0.316056,0.224905,0.443029,0.760675,0.746038,0.536654,0.277229,0.274745,0.616617,0.790541,0.707416,0.0767789,0.701876
0.810103,0.821915,0.822211,0.680295,0.71689,0.781708,0.243847,0.328573,0.52269,0.68313,0.737841,0.717458,0.752356,0.743028,0.701895,0.780562,0.661581,0.514562,0.612754,0.80142,0.850926,0.484636,0.72207,0.848309,0.611641,0.69531,0.743882,0.471884,0.499999,0.0372226,0.112678,0.624886,0.693381,1,0.379135,0.39698,0.356759,0.349469,0.772761,0.724552,0.582895,0.576619,0.843024,0.793426,0.859585,0.832615,0.656873,0.582288,0.456117,0.250343,0.450856,0.591465,0.754891,0.75818,0.79425,0.79288,0.475715,0.725894,0.725288,0.467132,0.356989,0.647765,0.59061,0.860999,0.81202,0.357446,0.641264,0.832538,0.591995,0.690346,0.77067,0.610937,0.509479,0.14158,0.416569,0.671294,0.784845,0.453766,0.157635,0.134023,0.498498,0.807652,0.831142,0.247977,0.598995
0.461983,0.463596,0.430902,0.363223,0.549586,0.238591,0.261395,0.210373,0.188298,0.245928,0.399334,0.433266,0.391686,0.433818,0.372559,0.421719,0.383175,0.0414257,0.312893,0.502676,0.467535,0.520257,0.376134,0.466426,0.469627,0.575501,0.500173,0.133434,0.224834,-0.0426159,-0.0244323,0.425887,0.470571,0.379135,1,0.025324,0.390842,0.216505,0.382243,0.403372,0.469369,0.306963,0.454154,0.410881,0.430404,0.364821,0.277798,0.211456,0.179726,0.24656,0.135942,0.512061,0.543811,0.347628,0.427664,0.434432,0.380623,0.469084,0.484782,0.469162,0.40587,0.365067,0.464027,0.407991,0.544601,0.204322,0.258739,0.484692,0.215273,0.281951,0.304411,0.51424,0.232996,-0.0603964,0.338554,0.195005,0.590555,0.36094,0.221204,0.0920494,0.299214,0.377562,0.411006,0.047747,0.260856
0.205185,0.35255,0.414599,0.358283,0.227766,0.501041,-0.0642449,-0.0449145,0.126407,0.380421,0.365483,0.397638,0.178443,0.268087,0.169892,0.255152,0.151425,0.539045,0.122661,0.322258,0.339204,0.411121,0.200368,0.376219,0.39909,0.146791,0.299527,0.293208,0.373954,-0.126783,0.16609,0.202171,0.220984,0.39698,0.025324,1,0.270381,0.306314,0.388829,0.464689,0.374508,0.276952,0.33587,0.28616,0.372483,0.38721,0.365017,0.158684,0.0943838,0.0929634,0.0708869,0.272531,0.293637,0.138863,0.236958,0.272125,0.291814,0.261883,0.259255,0.136773,0.17987,0.00536447,0.072544,0.346996,0.316053,-0.0144651,0.190153,0.292398,-0.0670177,0.148089,0.284638,0.079858,0.237533,-0.201767,0.234235,0.177197,0.206196,-0.139593,-0.216747,-0.247867,0.377837,0.209432,0.237244,0.450004,0.146322
0.367166,0.374324,0.373947,0.223855,0.397463,0.288761,0.119858,0.200586,0.232102,0.172452,0.211713,0.210521,0.270065,0.279147,0.346697,0.346209,0.154901,-0.015239,0.195154,0.406811,0.325366,0.154404,0.411589,0.395732,0.386059,0.337869,0.358004,0.234872,0.311652,-0.0500154,-0.210093,0.378933,0.254203,0.356759,0.390842,0.270381,1,0.173887,0.344938,0.416544,0.22259,0.0906646,0.297042,0.215493,0.363669,0.316423,0.294468,0.195891,0.258458,0.334445,0.113455,0.192886,0.4312,0.406912,0.304531,0.231285,0.168055,0.328211,0.215371,0.465786,0.113087,0.123159,-0.0448012,0.380653,0.336219,0.0630147,0.0634964,0.335827,0.237361,0.0512326,0.264263,0.126193,0.277982,-0.0431044,0.138701,0.284974,0.350321,0.204231,0.0434942,-0.15306,0.363431,0.323233,0.257964,0.0853911,0.0599143
0.471617,0.491204,0.464538,0.507076,0.469817,0.340309,0.0477819,0.287796,0.330571,0.420804,0.445169,0.371442,0.312684,0.397357,0.186488,0.47482,0.422971,0.339732,0.423149,0.467158,0.468224,0.171323,0.451639,0.539584,0.281956,0.437493,0.508951,0.454045,0.284005,-0.096932,-0.171094,-0.044914,0.442794,0.349469,0.216505,0.306314,0.173887,1,0.35889,0.595156,0.415606,0.509711,0.46772,0.275068,0.43447,0.518071,0.451122,0.418052,0.232119,0.376815,0.417701,0.246865,0.301117,0.243274,0.40886,0.505138,0.657219,0.225144,0.559194,0.318064,0.153939,0.163475,0.282683,0.387852,0.476837,0.364094,0.559517,0.49378,0.176942,0.236612,0.282666,0.324263,0.0807302,0.216093,0.172879,0.372441,0.442909,0.198019,0.293478,-0.0518843,0.51534,0.382728,0.377232,0.0698716,0.446627
0.827559,0.845163,0.863875,0.737279,0.702227,0.590716,0.374576,0.360388,0.420247,0.805506,0.822937,0.809873,0.857594,0.822502,0.588101,0.875967,0.808483,0.387582,0.557302,0.839201,0.865203,0.612125,0.750618,0.811063,0.473051,0.652225,0.761571,0.563063,0.435059,0.246905,0.196927,0.534232,0.617874,0.772761,0.382243,0.388829,0.344938,0.35889,1,0.821881,0.545872,0.660282,0.80877,0.831764,0.867591,0.740355,0.746692,0.687305,0.4842,0.328304,0.462732,0.64118,0.794867,0.698367,0.812028,0.746254,0.482078,0.860089,0.769514,0.403666,0.321985,0.666558,0.586322,0.844832,0.869298,0.4362,0.61151,0.786574,0.346537,0.612014,0.770293,0.633732,0.301908,0.186715,0.47395,0.571117,0.683424,0.455501,0.257517,0.0395513,0.482471,0.836973,0.73686,0.295824,0.557358
0.854658,0.837408,0.895563,0.763349,0.779891,0.604649,0.172357,0.456236,0.555411,0.672877,0.804755,0.741783,0.753772,0.763349,0.560381,0.852722,0.726122,0.442994,0.617398,0.800615,0.802966,0.559139,0.772714,0.821728,0.464579,0.64042,0.835566,0.589988,0.524744,0.135571,0.0974236,0.395442,0.668157,0.724552,0.403372,0.464689,0.416544,0.595156,0.821881,1,0.65609,0.590156,0.8421,0.761381,0.844891,0.794648,0.709149,0.576899,0.390792,0.440784,0.482805,0.586757,0.753563,0.59788,0.742799,0.755907,0.604437,0.730422,0.793437,0.50475,0.466152,0.547261,0.462825,0.807308,0.783254,0.414785,0.686675,0.801168,0.355746,0.495234,0.695172,0.542726,0.356637,0.255692,0.51622,0.641406,0.708394,0.379612,0.256859,-0.112551,0.681345,0.777233,0.766418,0.248186,0.585155
0.649635,0.569292,0.618135,0.532011,0.50719,0.461228,-0.0317265,0.0915503,0.321489,0.48573,0.575438,0.536743,0.559398,0.546882,0.367809,0.632288,0.490911,0.43714,0.376471,0.570711,0.620103,0.539468,0.498845,0.561532,0.369973,0.460087,0.636824,0.36529,0.602218,-0.102563,0.111566,0.479413,0.480749,0.582895,0.469369,0.374508,0.22259,0.415606,0.545872,0.65609,1,0.547447,0.6032,0.52303,0.589107,0.573925,0.50045,0.37522,0.0365788,0.260146,0.127498,0.50303,0.522551,0.372322,0.582166,0.661148,0.626126,0.455371,0.61838,0.387065,0.582892,0.355148,0.487037,0.578635,0.579751,0.257244,0.581714,0.629311,0.393583,0.388335,0.623063,0.389949,0.226386,-0.0315433,0.569648,0.28423,0.59673,0.266767,0.0275903,0.00315532,0.37068,0.545165,0.631229,0.0518848,0.435389
0.580764,0.602073,0.607225,0.419611,0.469587,0.390445,0.167283,0.242558,0.408479,0.657896,0.525197,0.582892,0.591095,0.543655,0.417549,0.682147,0.629047,0.458861,0.411978,0.565005,0.641761,0.354508,0.599373,0.571304,0.261748,0.504875,0.511161,0.362749,0.475629,0.165348,0.0720304,0.313325,0.362643,0.576619,0.306963,0.276952,0.0906646,0.509711,0.660282,0.590156,0.547447,1,0.581509,0.542731,0.595596,0.57885,0.574675,0.71889,0.206853,0.142141,0.256274,0.548646,0.57216,0.416997,0.610367,0.613547,0.608761,0.551893,0.613186,0.282928,0.461192,0.582883,0.571302,0.63656,0.681092,0.460817,0.577014,0.606071,0.426905,0.37664,0.546511,0.542773,0.24433,0.33982,0.410131,0.253465,0.524915,0.170485,0.280716,0.0959797,0.251652,0.551951,0.612306,0.162384,0.533693
0.878909,0.896091,0.899558,0.844059,0.845282,0.709124,0.272282,0.533267,0.633272,0.713881,0.775592,0.83206,0.827011,0.809493,0.699624,0.805211,0.787027,0.474312,0.717273,0.858972,0.886004,0.531321,0.786345,0.918346,0.585578,0.717928,0.855288,0.509479,0.420626,0.127253,0.10184,0.497369,0.736128,0.843024,0.454154,0.33587,0.297042,0.46772,0.80877,0.8421,0.6032,0.581509,1,0.883733,0.898479,0.836561,0.750383,0.649808,0.545602,0.303033,0.545047,0.671875,0.804907,0.744158,0.831761,0.87429,0.488328,0.78748,0.843217,0.576715,0.437296,0.710101,0.645592,0.864349,0.865053,0.418946,0.712329,0.860182,0.504634,0.695446,0.775573,0.713174,0.374692,0.252663,0.602035,0.691544,0.789003,0.512275,0.313399,0.0157548,0.622716,0.875755,0.834849,0.21654,0.635294
0.870069,0.868316,0.873528,0.705936,0.774293,0.647519,0.375847,0.46572,0.535771,0.747468,0.789789,0.83773,0.851739,0.787652,0.689772,0.788734,0.780154,0.447938,0.618806,0.858162,0.847227,0.494143,0.644662,0.840544,0.519874,0.659823,0.782122,0.471679,0.37712,0.147364,0.164257,0.492967,0.744591,0.793426,0.410881,0.28616,0.215493,0.275068,0.831764,0.761381,0.52303,0.542731,0.883733,1,0.908181,0.736581,0.725678,0.557915,0.53561,0.297523,0.537801,0.608864,0.773807,0.757611,0.847778,0.824513,0.37153,0.878927,0.806923,0.43814,0.326626,0.739094,0.647501,0.869531,0.841378,0.487603,0.749809,0.802885,0.402916,0.694152,0.765472,0.785704,0.367023,0.286411,0.544276,0.654948,0.765262,0.47635,0.245199,0.0932095,0.573808,0.831265,0.804984,0.250944,0.600915
0.928541,0.941272,0.96622,0.775771,0.855873,0.702135,0.309618,0.490334,0.525136,0.810749,0.868501,0.852765,0.857526,0.867344,0.701055,0.883614,0.789755,0.507254,0.698526,0.925049,0.912594,0.555169,0.755585,0.92608,0.56139,0.780876,0.810534,0.609071,0.477944,0.196935,0.0926029,0.538253,0.801835,0.859585,0.430404,0.372483,0.363669,0.43447,0.867591,0.844891,0.589107,0.595596,0.898479,0.908181,1,0.861658,0.74819,0.610505,0.566478,0.419396,0.477819,0.686483,0.828988,0.759341,0.885943,0.870453,0.551286,0.869623,0.878498,0.541935,0.34211,0.74498,0.643872,0.930845,0.885301,0.533645,0.801842,0.913104,0.46969,0.737539,0.774397,0.727637,0.383245,0.269869,0.526453,0.709568,0.811226,0.500443,0.312781,0.081839,0.645769,0.895086,0.852018,0.304003,0.628563
0.849543,0.846102,0.874125,0.737547,0.769056,0.744113,0.235746,0.470724,0.583625,0.704646,0.803069,0.77409,0.752465,0.751105,0.620702,0.818065,0.759756,0.471911,0.606027,0.786055,0.81497,0.493688,0.714677,0.821614,0.491423,0.688427,0.76665,0.485289,0.591403,0.186386,0.100107,0.584018,0.699124,0.832615,0.364821,0.38721,0.316423,0.518071,0.740355,0.794648,0.573925,0.57885,0.836561,0.736581,0.861658,1,0.757317,0.609755,0.549345,0.430502,0.357807,0.624489,0.735475,0.683361,0.808835,0.794327,0.589144,0.710946,0.826369,0.378843,0.503244,0.573854,0.56377,0.810622,0.81443,0.424779,0.736974,0.867079,0.436987,0.668154,0.733334,0.637383,0.423207,0.239562,0.514049,0.669531,0.760134,0.437653,0.166458,0.0777928,0.537986,0.813694,0.84898,0.266762,0.560704
0.777995,0.715081,0.775822,0.731319,0.547634,0.466442,0.433805,0.399692,0.506395,0.633556,0.729077,0.692292,0.730973,0.712523,0.539387,0.745812,0.788696,0.49178,0.578116,0.766586,0.752116,0.338298,0.632541,0.741854,0.399175,0.473409,0.71055,0.399734,0.392358,0.0926243,0.181632,0.548905,0.621293,0.656873,0.277798,0.365017,0.294468,0.451122,0.746692,0.709149,0.50045,0.574675,0.750383,0.725678,0.74819,0.757317,1,0.632711,0.580019,0.429023,0.32894,0.523869,0.673614,0.575011,0.698285,0.764823,0.466911,0.68018,0.685109,0.341732,0.382004,0.561965,0.535392,0.731328,0.766367,0.545446,0.666975,0.808469,0.478746,0.627479,0.716456,0.617847,0.304662,0.376278,0.528691,0.509321,0.603129,0.366594,0.276626,0.113755,0.516269,0.759635,0.662527,0.224513,0.479354
0.593803,0.58636,0.594539,0.541408,0.502429,0.442445,0.341403,0.394901,0.520112,0.550608,0.523204,0.608969,0.637278,0.580476,0.497659,0.683969,0.667759,0.356885,0.489649,0.580616,0.628434,0.341026,0.762213,0.609339,0.253456,0.516995,0.499069,0.323369,0.343538,0.32909,0.155988,0.369235,0.39568,0.582288,0.211456,0.158684,0.195891,0.418052,0.687305,0.576899,0.37522,0.71889,0.649808,0.557915,0.610505,0.609755,0.632711,1,0.424589,0.36124,0.41972,0.466469,0.585928,0.537138,0.66649,0.648409,0.514785,0.578611,0.588171,0.342265,0.319589,0.637342,0.510261,0.63322,0.683922,0.341601,0.514586,0.644191,0.375955,0.444253,0.583631,0.505907,0.159413,0.353465,0.36716,0.260467,0.543956,0.405745,0.321341,0.163279,0.312318,0.692221,0.588893,0.0442465,0.543596
0.516055,0.582863,0.560993,0.544629,0.509394,0.332842,0.68095,0.619375,0.40923,0.443868,0.606711,0.543189,0.545176,0.503886,0.457677,0.497748,0.632682,0.317633,0.46848,0.59458,0.541572,0.014257,0.552,0.601192,0.450343,0.423971,0.486629,0.237518,0.0797101,0.0893326,-0.0243283,0.439561,0.468825,0.456117,0.179726,0.0943838,0.258458,0.232119,0.4842,0.390792,0.0365788,0.206853,0.545602,0.53561,0.566478,0.549345,0.580019,0.424589,1,0.540824,0.43715,0.434007,0.598292,0.604399,0.556669,0.501982,0.0495548,0.549366,0.506244,0.283553,0.0433431,0.486905,0.523104,0.57131,0.624247,0.474835,0.423911,0.552237,0.320256,0.568537,0.478023,0.557526,0.0976193,0.315767,0.20102,0.455033,0.43422,0.415289,0.368186,0.101064,0.384177,0.602774,0.415517,0.196406,0.265342
0.483498,0.332507,0.42679,0.398145,0.394154,0.160668,0.358416,0.490561,0.356891,0.296049,0.50625,0.356027,0.407091,0.427736,0.296182,0.461473,0.386454,0.159421,0.41292,0.422459,0.364848,0.0551417,0.410023,0.380331,0.212707,0.34652,0.37116,0.379059,0.189199,0.054428,0.0260292,0.283175,0.43665,0.250343,0.24656,0.0929634,0.334445,0.376815,0.328304,0.440784,0.260146,0.142141,0.303033,0.297523,0.419396,0.430502,0.429023,0.36124,0.540824,1,0.205348,0.157949,0.37559,0.283587,0.33246,0.327142,0.377567,0.378553,0.37198,0.240856,0.144912,0.235039,0.196268,0.394924,0.393458,0.259082,0.480882,0.454725,0.120013,0.281189,0.270747,0.317593,-0.0232651,0.299838,0.169098,0.295166,0.407398,0.343803,0.300686,0.0879044,0.373499,0.489357,0.398668,0.0739594,0.427943
0.502983,0.536856,0.433828,0.513272,0.541566,0.350181,0.440149,0.440254,0.28414,0.431299,0.464191,0.383524,0.479217,0.432652,0.324572,0.444067,0.489108,0.232962,0.435191,0.493201,0.531538,0.0927848,0.489641,0.531931,0.337849,0.495439,0.533975,0.354099,-0.141703,-0.0368789,-0.166068,0.110213,0.454763,0.450856,0.135942,0.0708869,0.113455,0.417701,0.462732,0.482805,0.127498,0.256274,0.545047,0.537801,0.477819,0.357807,0.32894,0.41972,0.43715,0.205348,1,0.219256,0.495965,0.598921,0.507317,0.523235,0.221945,0.429554,0.459393,0.354286,0.0391502,0.507327,0.266112,0.501448,0.489763,0.256565,0.467341,0.424312,0.267865,0.316515,0.396203,0.467723,0.133081,0.349555,0.0293665,0.591091,0.527313,0.411053,0.353352,-0.0106495,0.372474,0.503426,0.359658,0.0354932,0.363203
0.617861,0.696057,0.726262,0.531419,0.682077,0.441335,0.294529,0.476069,0.36882,0.592549,0.666,0.738503,0.670006,0.603201,0.51575,0.633749,0.664315,0.418684,0.507723,0.691444,0.696741,0.600349,0.590229,0.671826,0.365455,0.523435,0.659202,0.317305,0.494952,0.246362,0.177165,0.466186,0.563425,0.591465,0.512061,0.272531,0.192886,0.246865,0.64118,0.586757,0.50303,0.548646,0.671875,0.608864,0.686483,0.624489,0.523869,0.466469,0.434007,0.157949,0.219256,1,0.688274,0.545543,0.658279,0.660753,0.358179,0.638772,0.699575,0.432398,0.425063,0.605138,0.706043,0.661494,0.708947,0.493141,0.485136,0.731207,0.368893,0.483888,0.632721,0.57884,0.369918,0.161111,0.516964,0.38801,0.503307,0.303787,0.29358,0.0955988,0.402874,0.595941,0.593279,0.268595,0.369818
