1,0.684351,0.902649,0.717537,0.532309,0.605552,0.190443,0.532457,0.337606,0.689171,0.732509,0.665279,0.823039,0.630828,0.355315,0.543266,0.770281,0.550579,0.616273,0.739269,0.759899,0.40834,0.39166,0.768222,0.349249,0.428665,0.688313,0.475103,0.0168452,-0.139049,0.250871,0.437582,0.511275,0.566666,0.402591,0.26584,-0.024431,0.413976,0.595347,0.59764,0.382114,0.322796,0.817006,0.782327,0.892299,0.695213,0.624295,0.512663,0.248186,0.256416,0.630155,0.603254,0.669197,0.791054,0.78055,0.596962,0.613318,0.632389,0.808585,0.31884,0.456863,0.330632,0.666815,0.707973,0.708327,0.28668,0.393127,0.700469,0.343525,0.722307,0.745341,0.514826,0.511095,0.536043,0.370028,0.4039,0.384709,0.0254693,-0.0269719,-0.129578,0.262865,0.769962,0.639503,0.136866,0.356895
0.684351,1,0.540044,0.536353,0.340956,0.509522,-0.0135351,0.311675,0.486083,0.627586,0.594385,0.654323,0.842561,0.861997,0.420199,0.902501,0.858982,0.443028,0.28294,0.676498,0.66217,0.146002,0.222709,0.46969,-0.00672601,0.272568,0.396855,0.283811,-0.0751575,-0.316647,0.263128,0.256775,0.137391,0.295698,0.207191,0.0906896,-0.0166602,0.513855,0.690325,0.525124,0.229751,-0.0364528,0.694453,0.936933,0.564186,0.463744,0.399237,0.364473,0.21915,0.152697,0.385053,0.425316,0.559523,0.569108,0.815153,0.823027,0.612777,0.911549,0.737613,0.24658,0.36479,0.205286,0.386317,0.637209,0.627296,0.134502,0.239993,0.356995,0.220262,0.544795,0.514927,0.380822,0.329779,0.104474,0.333073,0.0905553,0.323092,-0.166583,-0.168666,-0.1989,0.237323,0.566818,0.54675,0.158214,0.12295
0.902649,0.540044,1,0.831105,0.596426,0.63268,0.277808,0.584104,0.305219,0.565615,0.714012,0.66199,0.76301,0.611608,0.447818,0.389954,0.702011,0.549642,0.664015,0.721803,0.782492,0.462704,0.451389,0.791422,0.317475,0.477589,0.793041,0.413262,-0.0336956,0.0290466,0.228542,0.312529,0.535805,0.607739,0.347604,0.329553,-0.0120253,0.48558,0.630527,0.641182,0.39697,0.476393,0.830167,0.634182,0.915173,0.681538,0.663092,0.513328,0.266499,0.349853,0.535578,0.560947,0.668406,0.757972,0.709535,0.552758,0.545027,0.515675,0.719035,0.396043,0.442061,0.354185,0.736152,0.766539,0.782858,0.332412,0.430941,0.729849,0.453645,0.778426,0.809984,0.648109,0.509104,0.495698,0.411033,0.50167,0.420174,0.185185,0.14524,0.0396946,0.224438,0.765455,0.629187,0.15631,0.450234
0.717537,0.536353,0.831105,1,0.527665,0.59135,0.228795,0.557394,0.35689,0.516272,0.582013,0.583582,0.669905,0.646563,0.539122,0.450106,0.588094,0.529243,0.453404,0.715703,0.75231,0.303168,0.314343,0.675482,0.197631,0.364142,0.732303,0.29534,0.0440594,0.0952653,0.199763,0.189227,0.391816,0.403666,0.0790746,0.28297,-0.0113287,0.426199,0.595294,0.539221,0.262532,0.395855,0.744386,0.585721,0.724976,0.541629,0.682976,0.44066,0.230075,0.423596,0.361128,0.434323,0.776606,0.601938,0.594021,0.628548,0.554679,0.48423,0.521387,0.494997,0.424029,0.386459,0.6477,0.641804,0.676769,0.205074,0.60783,0.59523,0.306226,0.566384,0.668062,0.581037,0.434148,0.281459,0.366203,0.437769,0.290674,0.184112,0.180078,0.0918477,0.273918,0.669232,0.483652,0.192724,0.407039
0.532309,0.340956,0.596426,0.527665,1,0.70964,0.0755887,0.327597,0.41087,0.454019,0.404057,0.33151,0.523553,0.49321,0.568613,0.306006,0.345666,0.511976,0.286394,0.639096,0.656503,0.414621,0.698962,0.763084,0.499618,0.224532,0.760107,0.335577,0.32258,0.248271,0.339121,0.408308,0.369955,0.49112,0.0525174,0.44716,0.251618,0.538951,0.533426,0.535947,0.470906,0.681561,0.657416,0.458193,0.629251,0.514882,0.636238,0.717147,0.347431,0.683805,0.474088,0.276819,0.308329,0.545098,0.459079,0.458859,0.676227,0.437508,0.45279,0.619634,0.453921,0.239367,0.732768,0.597982,0.690828,0.378742,0.407872,0.85146,0.516329,0.472258,0.766255,0.59429,0.488997,0.297295,0.469212,0.470433,0.510345,0.241804,0.221087,-0.11148,0.341019,0.639509,0.506126,-0.165404,0.483545
0.605552,0.509522,0.63268,0.59135,0.70964,1,0.284785,0.354399,0.32271,0.624578,0.596576,0.503269,0.593831,0.643968,0.561602,0.455328,0.507388,0.634495,0.36781,0.801381,0.668044,0.462278,0.621291,0.762284,0.292897,0.271747,0.797341,0.432431,0.210206,0.255618,0.375449,0.345461,0.302841,0.426702,0.14505,0.453142,0.202868,0.420821,0.633414,0.554198,0.375263,0.466474,0.715866,0.567776,0.663063,0.612069,0.699044,0.589245,0.445182,0.545587,0.391392,0.545744,0.46378,0.487124,0.606665,0.635273,0.507892,0.505781,0.611886,0.604027,0.398872,0.31616,0.656057,0.729337,0.702553,0.234298,0.381839,0.816061,0.491659,0.663049,0.66285,0.559977,0.498268,0.149239,0.421807,0.317988,0.429734,0.238133,0.0988591,-0.203249,0.277411,0.635135,0.557283,0.104496,0.624333
0.190443,-0.0135351,0.277808,0.228795,0.0755887,0.284785,1,-0.108265,0.00460511,0.155586,0.287361,0.0637789,0.11058,0.119394,-0.078429,-0.0176234,0.0755862,0.473331,0.364745,0.261864,0.184738,0.285625,0.149778,0.269179,-0.145676,0.181646,0.371033,0.213191,0.0553752,-0.238888,0.13753,0.00799283,0.456977,0.164018,0.387429,0.209765,0.13182,-0.247228,0.175795,0.267352,0.221178,0.0667767,0.0248648,-0.0186499,0.145154,0.250191,0.317546,0.136032,0.109317,0.287673,0.100877,0.356684,0.299076,0.0713669,0.239252,0.183285,-0.0704986,-0.0266873,0.215242,0.255193,0.158112,0.386025,0.127198,0.328219,0.175061,0.0164894,0.314454,0.308454,0.0179634,0.194199,0.162648,0.347077,-0.117295,-0.0245034,0.0837702,0.337877,0.00549941,0.06044,-0.084392,0.0177419,0.0874869,0.109199,0.305659,0.26251,0.196494
0.532457,0.311675,0.584104,0.557394,0.327597,0.354399,-0.108265,1,0.19595,0.349161,0.432182,0.397342,0.435005,0.415317,0.454338,0.319102,0.450213,0.198074,0.408362,0.431691,0.565346,0.380821,0.222721,0.399955,0.221499,0.273334,0.535754,0.38279,-0.0869105,0.139056,-0.145806,0.141591,0.0867225,0.421639,0.080211,0.0849907,-0.169731,0.383956,0.376266,0.420383,0.223398,0.177592,0.521477,0.410053,0.53989,0.345376,0.479811,0.319681,-0.00351685,0.317843,0.290257,0.289772,0.533569,0.436872,0.377128,0.371063,0.46879,0.346113,0.312974,0.25678,0.402938,0.175953,0.518972,0.471176,0.512945,0.336175,0.332253,0.350075,0.167378,0.45082,0.418463,0.382506,0.535555,0.277093,0.0436773,0.29291,0.258919,0.312594,0.249756,0.200679,0.195368,0.625901,0.367752,0.0775707,0.260539
0.337606,0.486083,0.305219,0.35689,0.41087,0.32271,0.00460511,0.19595,1,0.0704954,0.318643,0.302619,0.475004,0.544185,0.491329,0.550903,0.395203,0.316035,0.327643,0.397887,0.422886,0.0228215,0.505336,0.249295,-0.217712,0.267377,0.343986,0.11635,0.107278,-0.0647591,0.089913,0.382517,0.259515,0.299992,0.107391,0.184118,0.12988,0.408347,0.362131,0.461564,0.0230298,0.316497,0.42857,0.447706,0.355061,0.28251,0.252224,0.372391,0.271344,0.449756,0.29342,0.01026,0.256892,0.401813,0.424631,0.500111,0.467501,0.589415,0.357442,0.243771,0.448179,0.194376,0.305359,0.281254,0.39994,0.161576,0.323917,0.298818,0.108614,0.301875,0.440591,0.399582,0.276214,0.125487,0.352271,0.143401,0.40164,-0.118515,0.169247,-0.160065,0.0378859,0.272739,0.146664,-0.0818595,0.375735
0.689171,0.627586,0.565615,0.516272,0.454019,0.624578,0.155586,0.349161,0.0704954,1,0.627924,0.640855,0.675129,0.553796,0.220078,0.550522,0.64356,0.50943,0.3107,0.71557,0.666407,0.310396,0.205919,0.711045,0.306581,0.310041,0.511022,0.377146,0.0927808,-0.142566,0.280695,0.197933,0.361767,0.289171,0.228299,0.230748,-0.0493215,0.238972,0.571948,0.452575,0.300522,0.0712885,0.623547,0.681165,0.589972,0.53692,0.631728,0.482574,0.240756,0.210955,0.389053,0.611787,0.609053,0.472727,0.644627,0.593601,0.47467,0.497203,0.687938,0.286341,0.496837,0.214707,0.527952,0.604083,0.587637,0.164294,0.246262,0.62885,0.227773,0.567931,0.530657,0.371803,0.438699,0.339731,0.137173,0.263546,0.214779,0.0162415,-0.40416,-0.252281,0.276819,0.653461,0.709228,0.165895,0.261753
0.732509,0.594385,0.714012,0.582013,0.404057,0.596576,0.287361,0.432182,0.318643,0.627924,1,0.576375,0.643547,0.583109,0.389622,0.490185,0.688859,0.462076,0.527394,0.753861,0.682582,0.340741,0.46917,0.667857,0.317243,0.313243,0.5502,0.329967,-0.0139442,-0.0933621,0.0452248,0.404337,0.30016,0.256026,0.423065,0.371522,0.0376551,0.146967,0.595843,0.533968,0.280078,0.239171,0.548571,0.616482,0.660202,0.688637,0.641012,0.403103,0.329193,0.33878,0.493767,0.521956,0.591446,0.676857,0.724092,0.637562,0.286101,0.493884,0.718245,0.30343,0.545997,0.367577,0.433248,0.644608,0.61107,0.202493,0.121984,0.597361,0.38902,0.731027,0.570731,0.5361,0.237814,0.317926,0.146894,0.288511,0.208455,0.0381228,-0.13544,0.08172,0.276168,0.610675,0.591329,0.116103,0.232155
0.665279,0.654323,0.66199,0.583582,0.33151,0.503269,0.0637789,0.397342,0.302619,0.640855,0.576375,1,0.798203,0.631524,0.421353,0.578586,0.798854,0.297505,0.525281,0.601924,0.685677,0.219896,0.144232,0.456455,0.0638586,0.434942,0.409164,0.118457,-0.227162,-0.141192,0.189554,-0.00199087,0.378806,0.267549,0.251405,0.304105,-0.0563499,0.373637,0.58865,0.472336,0.26758,0.191238,0.677719,0.695572,0.656253,0.589333,0.396042,0.44048,0.283911,0.183875,0.271136,0.450058,0.584912,0.534602,0.729358,0.555322,0.440918,0.52177,0.734853,0.221252,0.414318,0.124807,0.430046,0.528846,0.594804,-0.0138345,0.232984,0.411871,0.181292,0.61703,0.466715,0.382475,0.372284,0.321025,0.351465,0.076956,0.323478,-0.107533,-0.23006,-0.0283537,-0.105179,0.598111,0.352221,-0.0591801,0.319501
0.823039,0.842561,0.76301,0.669905,0.523553,0.593831,0.11058,0.435005,0.475004,0.675129,0.643547,0.798203,1,0.800603,0.466413,0.754076,0.912888,0.490461,0.507101,0.700609,0.823869,0.300352,0.332566,0.658483,0.163015,0.484829,0.579834,0.340983,-0.0382628,-0.235323,0.309867,0.343245,0.446494,0.514342,0.331922,0.20695,-0.00581246,0.491571,0.730926,0.622575,0.404986,0.183575,0.778649,0.873815,0.73125,0.635477,0.492913,0.553506,0.253736,0.256144,0.493788,0.542403,0.673626,0.686123,0.857973,0.713829,0.649864,0.782475,0.819945,0.371479,0.489237,0.252425,0.634166,0.730052,0.782505,0.280401,0.371569,0.593475,0.285761,0.656094,0.719213,0.568948,0.459911,0.313938,0.380734,0.306517,0.3953,-0.00675936,-0.0931827,-0.230023,0.235641,0.701751,0.631706,0.0951839,0.309955
0.630828,0.861997,0.611608,0.646563,0.49321,0.643968,0.119394,0.415317,0.544185,0.553796,0.583109,0.631524,0.800603,1,0.506219,0.883348,0.799283,0.573332,0.461557,0.773891,0.801098,0.168463,0.387887,0.532689,-0.0605163,0.478614,0.602181,0.400116,-0.153574,-0.224442,0.174289,0.120224,0.199573,0.408276,0.0564664,0.169982,-0.0748999,0.596925,0.787486,0.715296,0.235465,0.206681,0.720506,0.863584,0.623844,0.48747,0.543002,0.515242,0.129097,0.360109,0.388907,0.47432,0.62447,0.508927,0.795099,0.911145,0.66086,0.875064,0.670793,0.43791,0.461513,0.341427,0.593068,0.723583,0.745663,0.292121,0.422794,0.481739,0.187422,0.611432,0.566014,0.532118,0.447014,0.116237,0.346145,0.232702,0.467262,0.0155524,0.0357948,-0.0989051,0.321945,0.698617,0.548119,0.124403,0.392968
0.355315,0.420199,0.447818,0.539122,0.568613,0.561602,-0.078429,0.454338,0.491329,0.220078,0.389622,0.421353,0.466413,0.506219,1,0.362703,0.378137,0.225077,0.209316,0.59627,0.554406,0.402252,0.532541,0.457377,0.219868,0.0219352,0.538029,0.100775,0.20108,0.351439,0.154083,0.258341,0.171385,0.286137,-0.0162662,0.249949,0.304277,0.537702,0.470555,0.391526,0.450207,0.506061,0.507122,0.429969,0.484384,0.458487,0.507117,0.576969,0.302675,0.598152,0.336681,0.11635,0.317066,0.37153,0.446257,0.463618,0.577754,0.443172,0.395174,0.336459,0.171519,0.325471,0.424334,0.441888,0.570401,0.0608943,0.301093,0.488709,0.356854,0.330215,0.43802,0.360797,0.52594,-0.0272279,0.50123,0.275167,0.445527,0.136155,0.373904,0.169711,0.0421548,0.369259,0.175496,-0.253132,0.360142
0.543266,0.902501,0.389954,0.450106,0.306006,0.455328,-0.0176234,0.319102,0.550903,0.550522,0.490185,0.578586,0.754076,0.883348,0.362703,1,0.758791,0.498585,0.312192,0.664167,0.693314,0.0754244,0.196777,0.346911,-0.114081,0.388912,0.368968,0.290629,-0.125717,-0.322522,0.124444,0.147692,0.110678,0.322592,0.127536,0.110731,-0.126444,0.476194,0.7156,0.646529,0.150953,0.00942111,0.594155,0.876325,0.430768,0.41223,0.38163,0.374447,0.169161,0.210261,0.363743,0.385037,0.576467,0.410761,0.748534,0.841472,0.605032,0.905384,0.633773,0.300217,0.454291,0.301048,0.434217,0.582947,0.590747,0.221675,0.343927,0.291622,0.0539243,0.475194,0.405328,0.38893,0.361969,0.0654672,0.267658,0.07755,0.317988,-0.122838,-0.183458,-0.177894,0.327867,0.570156,0.492522,0.118155,0.205767
0.770281,0.858982,0.702011,0.588094,0.345666,0.507388,0.0755862,0.450213,0.395203,0.64356,0.688859,0.798854,0.912888,0.799283,0.378137,0.758791,1,0.363762,0.518641,0.642668,0.713107,0.198003,0.249757,0.509563,0.108272,0.411622,0.426279,0.301918,-0.206311,-0.341726,0.237239,0.196588,0.371516,0.351517,0.354476,0.0931956,-0.092792,0.446514,0.641759,0.540687,0.267749,0.0455517,0.701077,0.851677,0.694414,0.561309,0.419711,0.41368,0.21668,0.113956,0.416821,0.52986,0.646666,0.649287,0.843891,0.724419,0.515022,0.745694,0.817269,0.199342,0.422652,0.181593,0.471394,0.695887,0.667304,0.199722,0.265513,0.406244,0.223946,0.617145,0.579295,0.423487,0.350208,0.295099,0.309442,0.155793,0.316454,-0.104487,-0.104077,-0.1356,0.108792,0.632011,0.547324,0.0784218,0.207521
0.550579,0.443028,0.549642,0.529243,0.511976,0.634495,0.473331,0.198074,0.316035,0.50943,0.462076,0.297505,0.490461,0.573332,0.225077,0.498585,0.363762,1,0.451861,0.678459,0.689648,0.301806,0.365696,0.625275,0.0319223,0.453475,0.751793,0.505227,0.165395,-0.0773639,0.184909,0.175222,0.378022,0.459351,0.189567,0.398133,-0.0551409,0.257716,0.656021,0.666628,0.416387,0.35446,0.562808,0.547983,0.515665,0.437084,0.667966,0.445485,0.197754,0.376541,0.580792,0.542405,0.569765,0.372676,0.532733,0.620584,0.516673,0.506516,0.523173,0.483523,0.371173,0.519044,0.67287,0.685324,0.645153,0.177101,0.491663,0.625666,0.233643,0.540478,0.571423,0.589864,0.404743,0.188936,0.322638,0.391031,0.413133,0.103505,-0.0980308,-0.0905834,0.365868,0.638947,0.639428,0.440675,0.491269
0.616273,0.28294,0.664015,0.453404,0.286394,0.36781,0.364745,0.408362,0.327643,0.3107,0.527394,0.525281,0.507101,0.461557,0.209316,0.312192,0.518641,0.451861,1,0.530265,0.619043,0.343194,0.23623,0.413827,-0.018661,0.442823,0.497484,0.287733,-0.387746,-0.234753,-0.126093,0.0464583,0.506842,0.394054,0.422065,0.121252,-0.233644,0.287208,0.382902,0.579269,0.317338,0.350354,0.415518,0.394603,0.672779,0.475906,0.451902,0.395159,0.0961814,0.203846,0.499289,0.342281,0.497766,0.353813,0.461998,0.369984,0.299183,0.307325,0.54609,0.0859268,0.41237,0.345673,0.482076,0.471962,0.552358,0.153349,0.268835,0.423078,0.12196,0.645147,0.454281,0.371914,0.371603,0.39502,0.304369,0.22875,0.333964,0.0638801,0.0304548,0.148396,0.0608201,0.55558,0.30118,0.0422044,0.449855
0.739269,0.676498,0.721803,0.715703,0.639096,0.801381,0.261864,0.431691,0.397887,0.71557,0.753861,0.601924,0.700609,0.773891,0.59627,0.664167,0.642668,0.678459,0.530265,1,0.854813,0.460434,0.509597,0.78142,0.267028,0.374713,0.773019,0.475688,0.0340648,0.0294617,0.105105,0.322605,0.38901,0.430189,0.225774,0.357543,0.0729117,0.438932,0.791572,0.773292,0.429784,0.469948,0.741267,0.737698,0.769033,0.709699,0.830443,0.607789,0.333106,0.56372,0.562786,0.530157,0.674028,0.583899,0.770137,0.783067,0.646044,0.67476,0.738481,0.527884,0.556149,0.553329,0.666872,0.805882,0.808036,0.335449,0.452019,0.770251,0.39304,0.709699,0.656861,0.541186,0.536442,0.251448,0.417948,0.353603,0.451476,0.159471,-0.0290629,0.0799681,0.352488,0.785326,0.659792,0.121698,0.480326
0.759899,0.66217,0.782492,0.75231,0.656503,0.668044,0.184738,0.565346,0.422886,0.666407,0.682582,0.685677,0.823869,0.801098,0.554406,0.693314,0.713107,0.689648,0.619043,0.854813,1,0.47331,0.426685,0.74089,0.209973,0.587312,0.766625,0.432152,-0.0310283,-0.0376001,0.138365,0.207736,0.424136,0.563646,0.185276,0.346743,-0.0807162,0.496043,0.834205,0.7953,0.493279,0.424813,0.762885,0.766272,0.749466,0.719861,0.71618,0.643492,0.185387,0.46724,0.586093,0.542778,0.779135,0.588539,0.778407,0.768989,0.682725,0.70058,0.727093,0.555567,0.618784,0.505744,0.815686,0.793699,0.896971,0.351375,0.501951,0.711785,0.33805,0.7187,0.722323,0.679681,0.596235,0.329214,0.373326,0.468842,0.524151,0.211028,-0.022452,0.02213,0.359574,0.859892,0.682183,0.0744091,0.480705
0.40834,0.146002,0.462704,0.303168,0.414621,0.462278,0.285625,0.380821,0.0228215,0.310396,0.340741,0.219896,0.300352,0.168463,0.402252,0.0754244,0.198003,0.301806,0.343194,0.460434,0.47331,1,0.400381,0.442757,0.328058,0.139711,0.523374,0.245608,0.134183,0.24697,0.136416,0.315789,0.228801,0.348957,0.241289,0.124108,0.109904,0.170531,0.276992,0.365313,0.386968,0.342239,0.310613,0.16306,0.464289,0.56978,0.395278,0.398442,0.092263,0.382984,0.288691,0.273073,0.367519,0.385421,0.374479,0.195669,0.335142,0.166599,0.399344,0.40968,0.282696,0.352581,0.423842,0.455879,0.527058,0.227806,0.274853,0.553056,0.449138,0.423091,0.442812,0.490176,0.270082,0.101757,0.356891,0.503841,0.333211,0.492602,0.0738286,0.181038,0.235905,0.394539,0.374498,-0.185345,0.339647
0.39166,0.222709,0.451389,0.314343,0.698962,0.621291,0.149778,0.222721,0.505336,0.205919,0.46917,0.144232,0.332566,0.387887,0.532541,0.196777,0.249757,0.365696,0.23623,0.509597,0.426685,0.400381,1,0.551826,0.438925,0.20728,0.605872,0.306726,0.404258,0.262263,0.32359,0.500202,0.325996,0.371981,0.0708891,0.475305,0.372838,0.255956,0.396142,0.4622,0.284142,0.630262,0.434375,0.289967,0.487468,0.482527,0.506421,0.633034,0.328075,0.6119,0.462892,0.329232,0.183934,0.532095,0.373937,0.401086,0.333167,0.316715,0.328917,0.528925,0.320439,0.321337,0.529039,0.474,0.48722,0.298959,0.214169,0.703857,0.4668,0.373262,0.591022,0.638,0.373609,0.146143,0.342462,0.410646,0.45993,0.192704,0.400083,-0.0845837,0.202813,0.411649,0.277018,-0.231222,0.481595
0.768222,0.46969,0.791422,0.675482,0.763084,0.762284,0.269179,0.399955,0.249295,0.711045,0.667857,0.456455,0.658483,0.532689,0.457377,0.346911,0.509563,0.625275,0.413827,0.78142,0.74089,0.442757,0.551826,1,0.480154,0.371717,0.83245,0.540215,0.33988,0.152671,0.310772,0.50441,0.479155,0.645299,0.235744,0.349734,0.0661232,0.414432,0.645133,0.607353,0.536382,0.474051,0.775209,0.580659,0.768445,0.664291,0.755423,0.695627,0.361074,0.47499,0.611798,0.589001,0.509581,0.683382,0.629661,0.546318,0.572029,0.475114,0.670578,0.467538,0.445596,0.434275,0.765689,0.771066,0.773227,0.423182,0.41176,0.926726,0.589275,0.674471,0.821767,0.621241,0.599738,0.462001,0.395771,0.535558,0.472254,0.273148,0.138182,-0.110421,0.416641,0.749824,0.782009,0.196375,0.462198
0.349249,-0.00672601,0.317475,0.197631,0.499618,0.292897,-0.145676,0.221499,-0.217712,0.306581,0.317243,0.0638586,0.163015,-0.0605163,0.219868,-0.114081,0.108272,0.0319223,-0.018661,0.267028,0.209973,0.328058,0.438925,0.480154,1,-0.141835,0.282223,0.216522,0.313826,0.325405,0.159945,0.44706,0.173635,0.12205,0.124723,0.222834,0.256632,0.0357904,0.066742,0.0541715,0.352585,0.366591,0.230504,0.116752,0.366087,0.414928,0.411292,0.430924,0.135401,0.213733,0.397517,0.309502,0.153207,0.453469,0.142177,-0.0398032,0.175541,-0.0741788,0.217923,0.260917,0.0375144,0.146155,0.308482,0.246279,0.188606,0.239494,0.0528362,0.550396,0.383478,0.101957,0.322057,0.218939,0.239442,0.35033,0.126553,0.276168,0.098118,0.132034,0.187184,0.0311934,0.336792,0.318414,0.238656,-0.239297,0.0323321
0.428665,0.272568,0.477589,0.364142,0.224532,0.271747,0.181646,0.273334,0.267377,0.310041,0.313243,0.434942,0.484829,0.478614,0.0219352,0.388912,0.411622,0.453475,0.442823,0.374713,0.587312,0.139711,0.20728,0.371717,-0.141835,1,0.409376,0.385549,-0.12359,-0.069929,0.0444373,-0.0212304,0.350275,0.550277,0.0779126,0.220227,-0.234946,0.206724,0.611473,0.68196,0.0575618,0.245726,0.497566,0.374221,0.442541,0.473715,0.287709,0.274517,-0.0472123,0.09341,0.257371,0.522533,0.484845,0.381343,0.532003,0.41807,0.239237,0.391137,0.474779,0.483775,0.513821,0.383349,0.590751,0.489493,0.5783,0.42956,0.421439,0.330355,0.00765839,0.506593,0.507294,0.549698,0.360347,0.399899,0.115289,0.425158,0.323629,0.328687,-0.0553021,-0.109897,0.161448,0.564886,0.435629,0.235146,0.488873
0.688313,0.396855,0.793041,0.732303,0.760107,0.797341,0.371033,0.535754,0.343986,0.511022,0.5502,0.409164,0.579834,0.602181,0.538029,0.368968,0.426279,0.751793,0.497484,0.773019,0.766625,0.523374,0.605872,0.83245,0.282223,0.409376,1,0.560703,0.233626,0.174403,0.160466,0.351685,0.414007,0.618181,0.124553,0.489355,0.0635932,0.425759,0.675024,0.706867,0.429891,0.605603,0.735067,0.509415,0.74682,0.609242,0.787219,0.63285,0.255858,0.686984,0.542632,0.472333,0.563374,0.579405,0.575022,0.595404,0.626553,0.460766,0.536732,0.603291,0.451808,0.468895,0.795104,0.782612,0.78351,0.36183,0.549626,0.862316,0.455798,0.681299,0.762307,0.690534,0.556117,0.324456,0.393238,0.485238,0.537188,0.325597,0.261891,0.0429319,0.403799,0.788238,0.674155,0.202479,0.584074
0.475103,0.283811,0.413262,0.29534,0.335577,0.432431,0.213191,0.38279,0.11635,0.377146,0.329967,0.118457,0.340983,0.400116,0.100775,0.290629,0.301918,0.505227,0.287733,0.475688,0.432152,0.245608,0.306726,0.540215,0.216522,0.385549,0.560703,1,0.188815,-0.0413601,-0.083777,0.412995,0.289952,0.412596,0.154366,0.131268,0.0673239,0.2046,0.460725,0.533458,0.23998,0.21259,0.443151,0.431755,0.498594,0.380424,0.581033,0.409554,-0.105987,0.318296,0.55678,0.539765,0.455636,0.443155,0.440694,0.378442,0.460416,0.352685,0.423698,0.29913,0.164026,0.542024,0.480843,0.612065,0.45047,0.458463,0.471079,0.519392,0.208149,0.279568,0.392619,0.281889,0.439131,0.387191,0.0944508,0.425261,0.523803,0.17489,0.194527,0.00974705,0.291164,0.642679,0.560292,0.420865,0.351385
0.0168452,-0.0751575,-0.0336956,0.0440594,0.32258,0.210206,0.0553752,-0.0869105,0.107278,0.0927808,-0.0139442,-0.227162,-0.0382628,-0.153574,0.20108,-0.125717,-0.206311,0.165395,-0.387746,0.0340648,-0.0310283,0.134183,0.404258,0.33988,0.313826,-0.12359,0.233626,0.188815,1,0.313064,0.466229,0.484647,0.0834543,0.227558,-0.18187,0.332922,0.221464,-0.164281,0.0427419,-0.0100162,0.185384,0.188042,0.107168,-0.0102266,-0.0556,0.119453,0.201834,0.329558,0.27204,0.342169,0.241828,0.0999528,-0.0262932,0.159161,-0.0199517,0.0596768,0.0665129,-0.0306185,-0.0564659,0.232945,-0.0407563,0.217968,0.180574,0.0610872,0.0637048,-0.0455097,0.220442,0.347217,0.376126,-0.160104,0.249611,0.256278,0.202922,-0.116814,0.185599,0.269704,0.139069,0.1703,0.289277,-0.136499,0.0259938,-0.00399674,0.0802447,-0.0657806,0.132231
-0.139049,-0.316647,0.0290466,0.0952653,0.248271,0.255618,-0.238888,0.139056,-0.0647591,-0.142566,-0.0933621,-0.141192,-0.235323,-0.224442,0.351439,-0.322522,-0.341726,-0.0773639,-0.234753,0.0294617,-0.0376001,0.24697,0.262263,0.152671,0.325405,-0.069929,0.174403,-0.0413601,0.313064,1,0.0794364,0.161926,-0.130546,0.133364,-0.267808,0.211252,0.252932,0.180741,-0.00604333,-0.0234665,-0.0080213,0.457473,0.149972,-0.275266,0.0726201,0.168087,0.152391,0.0505485,0.10324,0.196585,-0.155327,-0.0272651,-0.110795,-0.00899553,-0.19074,-0.204185,-0.0520729,-0.215184,-0.131495,0.285168,-0.0595232,0.153816,0.157739,0.00880539,0.0497026,0.15332,0.120068,0.224516,0.392771,0.0382175,0.0892281,0.0987309,0.302896,-0.0438583,0.182667,0.188829,0.0588804,0.373036,0.408894,0.127876,0.0272744,-0.0238683,-0.0618654,-0.186433,0.413085
0.250871,0.263128,0.228542,0.199763,0.339121,0.375449,0.13753,-0.145806,0.089913,0.280695,0.0452248,0.189554,0.309867,0.174289,0.154083,0.124444,0.237239,0.184909,-0.126093,0.105105,0.138365,0.136416,0.32359,0.310772,0.159945,0.0444373,0.160466,-0.083777,0.466229,0.0794364,1,0.0719724,0.27937,0.290336,0.0785859,0.185364,0.214062,0.229408,0.135404,-0.0238162,0.20007,0.109302,0.376648,0.249142,0.173075,0.208771,0.0650308,0.228843,0.391682,-0.0440362,0.0885232,0.300127,0.105697,0.185331,0.23793,0.229428,0.164229,0.260439,0.257553,0.268851,-0.0481536,-0.0231998,0.304445,0.185215,0.241874,-0.118804,0.178409,0.275999,0.361437,0.0261738,0.392569,0.31476,0.195326,-0.0954194,0.364797,0.291688,0.140589,0.0487131,0.103075,-0.507934,-0.145155,0.0286746,0.126803,-0.0977878,0.210779
0.437582,0.256775,0.312529,0.189227,0.408308,0.345461,0.00799283,0.141591,0.382517,0.197933,0.404337,-0.00199087,0.343245,0.120224,0.258341,0.147692,0.196588,0.175222,0.0464583,0.322605,0.207736,0.315789,0.500202,0.50441,0.44706,-0.0212304,0.351685,0.412995,0.484647,0.161926,0.0719724,1,0.222923,0.310914,0.186456,0.127793,0.229334,0.0901085,0.198028,0.245416,0.210151,0.255839,0.296665,0.297141,0.377144,0.373935,0.317428,0.338286,0.260252,0.291039,0.46659,0.200871,0.113126,0.56984,0.349823,0.166184,0.324826,0.282047,0.351267,0.17945,0.2326,0.259981,0.244898,0.296829,0.244058,0.394049,0.170612,0.54874,0.407476,0.254407,0.408382,0.297421,0.247003,0.201337,0.238824,0.326502,0.176904,0.0686429,0.178945,-0.168766,0.313534,0.286507,0.358413,-0.00585802,0.145389
0.511275,0.137391,0.535805,0.391816,0.369955,0.302841,0.456977,0.0867225,0.259515,0.361767,0.30016,0.378806,0.446494,0.199573,0.171385,0.110678,0.371516,0.378022,0.506842,0.38901,0.424136,0.228801,0.325996,0.479155,0.173635,0.350275,0.414007,0.289952,0.0834543,-0.130546,0.27937,0.222923,1,0.403239,0.451622,0.221591,0.174914,0.138088,0.31079,0.429211,0.394557,0.464647,0.372443,0.252075,0.552447,0.4184,0.451788,0.441825,0.279781,0.250203,0.426672,0.489976,0.430938,0.393076,0.435069,0.151196,0.328924,0.149968,0.508593,0.1665,0.284726,0.376121,0.45598,0.458176,0.388321,0.212596,0.405804,0.513262,0.0470997,0.222407,0.415159,0.267043,0.398743,0.447099,0.386289,0.462043,0.211764,-0.145932,-0.00149275,-0.222677,-0.0719627,0.358898,0.380887,0.0507071,0.380081
0.566666,0.295698,0.607739,0.403666,0.49112,0.426702,0.164018,0.421639,0.299992,0.289171,0.256026,0.267549,0.514342,0.408276,0.286137,0.322592,0.351517,0.459351,0.394054,0.430189,0.563646,0.348957,0.371981,0.645299,0.12205,0.550277,0.618181,0.412596,0.227558,0.133364,0.290336,0.310914,0.403239,1,0.207426,0.109267,-0.163394,0.515263,0.5122,0.611794,0.42396,0.333597,0.694333,0.4416,0.550968,0.444924,0.363843,0.502624,0.241774,0.236885,0.45505,0.415652,0.282129,0.455989,0.465595,0.341838,0.519917,0.508043,0.462206,0.298223,0.342257,0.322582,0.758419,0.571354,0.655956,0.549878,0.449047,0.583074,0.432644,0.503653,0.659611,0.545629,0.69032,0.403166,0.456185,0.539255,0.450271,0.347358,0.33159,-0.196886,0.240059,0.526624,0.587147,0.161792,0.535462
0.402591,0.207191,0.347604,0.0790746,0.0525174,0.14505,0.387429,0.080211,0.107391,0.228299,0.423065,0.251405,0.331922,0.0564664,-0.0162662,0.127536,0.354476,0.189567,0.422065,0.225774,0.185276,0.241289,0.0708891,0.235744,0.124723,0.0779126,0.124553,0.154366,-0.18187,-0.267808,0.0785859,0.186456,0.451622,0.207426,1,-0.0351255,0.0966353,0.0329758,0.0947632,0.15662,0.247779,-0.00910575,0.157086,0.172381,0.310518,0.342696,0.173095,0.0901586,0.358874,-0.00560909,0.309987,0.248996,0.211334,0.298225,0.318042,-0.0170124,0.11044,0.128902,0.458931,-0.0475537,0.10959,0.168243,0.0386157,0.300309,0.230328,0.116913,-0.040974,0.222495,0.12765,0.240325,0.285121,0.160478,-0.0588729,0.433077,0.162659,0.10467,-0.046938,-0.0274174,-0.218013,-0.0665868,0.0881776,0.105855,0.328074,0.240037,-0.0420406
0.26584,0.0906896,0.329553,0.28297,0.44716,0.453142,0.209765,0.0849907,0.184118,0.230748,0.371522,0.304105,0.20695,0.169982,0.249949,0.110731,0.0931956,0.398133,0.121252,0.357543,0.346743,0.124108,0.475305,0.349734,0.222834,0.220227,0.489355,0.131268,0.332922,0.211252,0.185364,0.127793,0.221591,0.109267,-0.0351255,1,0.408848,-0.102902,0.442268,0.361942,0.113599,0.540987,0.325524,0.18975,0.289591,0.482243,0.378999,0.303683,0.318795,0.550991,0.203317,0.230335,0.276608,0.296889,0.270284,0.301343,0.056979,0.122103,0.233584,0.533328,0.332428,0.203769,0.367771,0.307286,0.280637,-0.100547,0.0756073,0.440209,0.24509,0.408977,0.38935,0.403001,0.145435,0.0864937,0.0204917,0.136635,0.306326,-0.0436596,-0.0664581,-0.00141971,0.0228399,0.377812,0.185137,0.0108137,0.311628
-0.024431,-0.0166602,-0.0120253,-0.0113287,0.251618,0.202868,0.13182,-0.169731,0.12988,-0.0493215,0.0376551,-0.0563499,-0.00581246,-0.0748999,0.304277,-0.126444,-0.092792,-0.0551409,-0.233644,0.0729117,-0.0807162,0.109904,0.372838,0.0661232,0.256632,-0.234946,0.0635932,0.0673239,0.221464,0.252932,0.214062,0.229334,0.174914,-0.163394,0.0966353,0.408848,1,-0.0112285,0.0207737,-0.0849702,0.0949469,0.310048,0.0189886,-0.0522104,0.054915,0.183752,0.114363,0.116129,0.122608,0.339384,-0.0615166,0.0569622,-0.0625506,0.140325,0.0233961,-0.110343,0.0332114,-0.0151945,0.0543893,0.290043,-0.12027,0.0827455,-0.0341099,0.0313946,-0.0624128,-0.0293572,-0.0501714,0.188698,0.066539,-0.107848,0.093067,-0.0352018,-0.0530679,-0.0719392,-0.0460053,0.250804,0.203223,-0.186809,0.0703443,-0.182885,-0.057481,-0.130781,-0.0414462,-0.0485123,0.0694664
0.413976,0.513855,0.48558,0.426199,0.538951,0.420821,-0.247228,0.383956,0.408347,0.238972,0.146967,0.373637,0.491571,0.596925,0.537702,0.476194,0.446514,0.257716,0.287208,0.438932,0.496043,0.170531,0.255956,0.414432,0.0357904,0.206724,0.425759,0.2046,-0.164281,0.180741,0.229408,0.0901085,0.138088,0.515263,0.0329758,-0.102902,-0.0112285,1,0.448137,0.446886,0.314277,0.392782,0.676849,0.533954,0.568383,0.245159,0.312978,0.391344,0.221277,0.125219,0.292234,0.130356,0.179341,0.351472,0.430012,0.42366,0.703722,0.646023,0.448873,0.160269,0.0767909,0.167134,0.514364,0.462804,0.573748,0.325738,0.295199,0.35796,0.336763,0.386802,0.476308,0.276572,0.604098,0.197786,0.562592,0.303412,0.453591,0.117589,0.307945,-0.105152,0.176027,0.460983,0.342583,-0.0192279,0.34806
0.595347,0.690325,0.630527,0.595294,0.533426,0.633414,0.175795,0.376266,0.362131,0.571948,0.595843,0.58865,0.730926,0.787486,0.470555,0.7156,0.641759,0.656021,0.382902,0.791572,0.834205,0.276992,0.396142,0.645133,0.066742,0.611473,0.675024,0.460725,0.0427419,-0.00604333,0.135404,0.198028,0.31079,0.5122,0.0947632,0.442268,0.0207737,0.448137,1,0.858608,0.439057,0.359384,0.713668,0.757363,0.604163,0.610283,0.659996,0.501085,0.253601,0.425358,0.506428,0.514765,0.625861,0.495537,0.771903,0.788666,0.549427,0.746017,0.653682,0.594633,0.499041,0.549969,0.665723,0.828868,0.84451,0.341623,0.362373,0.587981,0.326755,0.685742,0.642434,0.605127,0.519558,0.125719,0.315911,0.330449,0.433576,0.210131,-0.018885,0.0484133,0.286672,0.785771,0.667871,0.261037,0.360093
0.59764,0.525124,0.641182,0.539221,0.535947,0.554198,0.267352,0.420383,0.461564,0.452575,0.533968,0.472336,0.622575,0.715296,0.391526,0.646529,0.540687,0.666628,0.579269,0.773292,0.7953,0.365313,0.4622,0.607353,0.0541715,0.68196,0.706867,0.533458,-0.0100162,-0.0234665,-0.0238162,0.245416,0.429211,0.611794,0.15662,0.361942,-0.0849702,0.446886,0.858608,1,0.345374,0.503498,0.657542,0.627179,0.673014,0.6252,0.6648,0.576733,0.155056,0.496373,0.527928,0.516465,0.624173,0.525959,0.732211,0.707834,0.546215,0.664997,0.633901,0.5444,0.559958,0.648595,0.701777,0.80099,0.792195,0.520368,0.516317,0.615461,0.225651,0.676066,0.634076,0.6395,0.56307,0.241786,0.36872,0.437058,0.477144,0.232606,0.0830814,0.117069,0.354404,0.77706,0.615985,0.170728,0.505305
0.382114,0.229751,0.39697,0.262532,0.470906,0.375263,0.221178,0.223398,0.0230298,0.300522,0.280078,0.26758,0.404986,0.235465,0.450207,0.150953,0.267749,0.416387,0.317338,0.429784,0.493279,0.386968,0.284142,0.536382,0.352585,0.0575618,0.429891,0.23998,0.185384,-0.0080213,0.20007,0.210151,0.394557,0.42396,0.247779,0.113599,0.0949469,0.314277,0.439057,0.345374,1,0.283452,0.314941,0.381393,0.359322,0.305402,0.438323,0.609964,0.281209,0.221721,0.660832,0.303052,0.215423,0.263632,0.352757,0.249449,0.450347,0.272681,0.356583,0.186583,-0.0209248,0.350965,0.475388,0.488452,0.525874,0.0556768,0.123394,0.527181,0.332292,0.216031,0.370264,0.302747,0.491527,0.0495388,0.461432,0.354589,0.324751,0.115509,0.10884,0.100427,0.0949922,0.437615,0.34851,-0.0075049,0.0454727
0.322796,-0.0364528,0.476393,0.395855,0.681561,0.466474,0.0667767,0.177592,0.316497,0.0712885,0.239171,0.191238,0.183575,0.206681,0.506061,0.00942111,0.0455517,0.35446,0.350354,0.469948,0.424813,0.342239,0.630262,0.474051,0.366591,0.245726,0.605603,0.21259,0.188042,0.457473,0.109302,0.255839,0.464647,0.333597,-0.00910575,0.540987,0.310048,0.392782,0.359384,0.503498,0.283452,1,0.408877,0.105646,0.565638,0.481903,0.531336,0.509479,0.247729,0.556031,0.393309,0.137954,0.201837,0.384508,0.260775,0.191752,0.392363,0.130271,0.295524,0.47153,0.203777,0.447418,0.567762,0.358912,0.456077,0.245437,0.316298,0.61319,0.312303,0.341521,0.480829,0.367845,0.435181,0.285004,0.440686,0.43909,0.433591,0.225405,0.353681,0.174508,0.150715,0.452278,0.155883,-0.229245,0.544196
0.817006,0.694453,0.830167,0.744386,0.657416,0.715866,0.0248648,0.521477,0.42857,0.623547,0.548571,0.677719,0.778649,0.720506,0.507122,0.594155,0.701077,0.562808,0.415518,0.741267,0.762885,0.310613,0.434375,0.775209,0.230504,0.497566,0.735067,0.443151,0.107168,0.149972,0.376648,0.296665,0.372443,0.694333,0.157086,0.325524,0.0189886,0.676849,0.713668,0.657542,0.314941,0.408877,1,0.782084,0.847247,0.634785,0.597998,0.537927,0.363547,0.335939,0.444187,0.560746,0.568339,0.729549,0.74051,0.651122,0.696586,0.731365,0.746086,0.462471,0.44625,0.290404,0.767566,0.762997,0.782652,0.374917,0.50374,0.689123,0.505125,0.713834,0.805011,0.57989,0.676569,0.432943,0.529411,0.393813,0.5368,0.132231,0.159604,-0.181581,0.177541,0.758535,0.63804,0.189842,0.581016
0.782327,0.936933,0.634182,0.585721,0.458193,0.567776,-0.0186499,0.410053,0.447706,0.681165,0.616482,0.695572,0.873815,0.863584,0.429969,0.876325,0.851677,0.547983,0.394603,0.737698,0.766272,0.16306,0.289967,0.580659,0.116752,0.374221,0.509415,0.431755,-0.0102266,-0.275266,0.249142,0.297141,0.252075,0.4416,0.172381,0.18975,-0.0522104,0.533954,0.757363,0.627179,0.381393,0.105646,0.782084,1,0.672655,0.518995,0.523183,0.514251,0.215896,0.201113,0.559594,0.524702,0.617031,0.628804,0.840397,0.829018,0.708782,0.905582,0.764144,0.287664,0.389011,0.283777,0.572887,0.692445,0.700319,0.197288,0.335085,0.485625,0.239818,0.581463,0.572944,0.420193,0.51483,0.209629,0.383554,0.194923,0.413385,-0.138728,-0.109207,-0.17766,0.214338,0.723375,0.570451,0.146639,0.24449
0.892299,0.564186,0.915173,0.724976,0.629251,0.663063,0.145154,0.53989,0.355061,0.589972,0.660202,0.656253,0.73125,0.623844,0.484384,0.430768,0.694414,0.515665,0.672779,0.769033,0.749466,0.464289,0.487468,0.768445,0.366087,0.442541,0.74682,0.498594,-0.0556,0.0726201,0.173075,0.377144,0.552447,0.550968,0.310518,0.289591,0.054915,0.568383,0.604163,0.673014,0.359322,0.565638,0.847247,0.672655,1,0.740427,0.710792,0.590364,0.210209,0.348875,0.5633,0.568157,0.62968,0.795388,0.761178,0.553731,0.643788,0.56867,0.819836,0.370513,0.414108,0.40748,0.687493,0.729227,0.749343,0.350849,0.41522,0.733955,0.37569,0.745585,0.749284,0.502376,0.610959,0.554606,0.485525,0.446901,0.483117,0.114182,0.149759,0.00794496,0.199559,0.796034,0.574244,0.0950102,0.540752
0.695213,0.463744,0.681538,0.541629,0.514882,0.612069,0.250191,0.345376,0.28251,0.53692,0.688637,0.589333,0.635477,0.48747,0.458487,0.41223,0.561309,0.437084,0.475906,0.709699,0.719861,0.56978,0.482527,0.664291,0.414928,0.473715,0.609242,0.380424,0.119453,0.168087,0.208771,0.373935,0.4184,0.444924,0.342696,0.482243,0.183752,0.245159,0.610283,0.6252,0.305402,0.481903,0.634785,0.518995,0.740427,1,0.6401,0.559638,0.178556,0.405574,0.46068,0.506028,0.677232,0.668202,0.769054,0.5502,0.400669,0.480225,0.799804,0.550042,0.470931,0.565181,0.534482,0.614162,0.676352,0.225549,0.335292,0.665412,0.398807,0.636365,0.616553,0.537579,0.43068,0.432518,0.337086,0.43466,0.451399,0.213716,-0.00551143,0.042154,0.249566,0.670386,0.530818,-0.0449581,0.446362
0.624295,0.399237,0.663092,0.682976,0.636238,0.699044,0.317546,0.479811,0.252224,0.631728,0.641012,0.396042,0.492913,0.543002,0.507117,0.38163,0.419711,0.667966,0.451902,0.830443,0.71618,0.395278,0.506421,0.755423,0.411292,0.287709,0.787219,0.581033,0.201834,0.152391,0.0650308,0.317428,0.451788,0.363843,0.173095,0.378999,0.114363,0.312978,0.659996,0.6648,0.438323,0.531336,0.597998,0.523183,0.710792,0.6401,1,0.592025,0.183625,0.598111,0.603777,0.484352,0.680554,0.496803,0.590681,0.606987,0.559681,0.415211,0.570362,0.512051,0.42364,0.631041,0.603649,0.693751,0.706161,0.228539,0.470452,0.756985,0.285508,0.509265,0.557153,0.473623,0.543363,0.293321,0.289704,0.437288,0.32233,0.219848,0.103281,0.165466,0.301228,0.754261,0.588856,0.185612,0.443452
0.512663,0.364473,0.513328,0.44066,0.717147,0.589245,0.136032,0.319681,0.372391,0.482574,0.403103,0.44048,0.553506,0.515242,0.576969,0.374447,0.41368,0.445485,0.395159,0.607789,0.643492,0.398442,0.633034,0.695627,0.430924,0.274517,0.63285,0.409554,0.329558,0.0505485,0.228843,0.338286,0.441825,0.502624,0.0901586,0.303683,0.116129,0.391344,0.501085,0.576733,0.609964,0.509479,0.537927,0.514251,0.590364,0.559638,0.592025,1,0.197809,0.556642,0.602433,0.461273,0.41499,0.569475,0.55128,0.496351,0.609431,0.41424,0.526206,0.391595,0.242628,0.404563,0.63556,0.539234,0.601133,0.233429,0.343657,0.759124,0.272016,0.375988,0.577134,0.532811,0.613023,0.328842,0.487608,0.440865,0.577147,0.115792,0.252039,-0.0101414,0.297153,0.606579,0.383928,-0.194144,0.434798
0.248186,0.21915,0.266499,0.230075,0.347431,0.445182,0.109317,-0.00351685,0.271344,0.240756,0.329193,0.283911,0.253736,0.129097,0.302675,0.169161,0.21668,0.197754,0.0961814,0.333106,0.185387,0.092263,0.328075,0.361074,0.135401,-0.0472123,0.255858,-0.105987,0.27204,0.10324,0.391682,0.260252,0.279781,0.241774,0.358874,0.318795,0.122608,0.221277,0.253601,0.155056,0.281209,0.247729,0.363547,0.215896,0.210209,0.178556,0.183625,0.197809,1,0.231755,0.259815,0.106783,-0.024646,0.243505,0.196429,0.136534,0.14178,0.182226,0.256367,0.140621,0.137547,0.0327405,0.194119,0.280519,0.235297,-0.0454155,0.0655375,0.366362,0.488213,0.293099,0.382729,0.306536,0.172139,0.0535949,0.491928,0.0137342,0.000138293,0.0390127,0.0291371,-0.195136,-0.0781479,0.0913753,0.144639,0.042461,0.157823
0.256416,0.152697,0.349853,0.423596,0.683805,0.545587,0.287673,0.317843,0.449756,0.210955,0.33878,0.183875,0.256144,0.360109,0.598152,0.210261,0.113956,0.376541,0.203846,0.56372,0.46724,0.382984,0.6119,0.47499,0.213733,0.09341,0.686984,0.318296,0.342169,0.196585,-0.0440362,0.291039,0.250203,0.236885,-0.00560909,0.550991,0.339384,0.125219,0.425358,0.496373,0.221721,0.556031,0.335939,0.201113,0.348875,0.405574,0.598111,0.556642,0.231755,1,0.23634,0.0894171,0.29694,0.313266,0.293161,0.377717,0.423583,0.210764,0.189274,0.580244,0.464189,0.324394,0.399543,0.448759,0.457079,0.213669,0.420367,0.630421,0.263886,0.301163,0.455902,0.4566,0.228758,0.0763801,0.246506,0.259498,0.407888,0.166021,0.246876,0.188782,0.217196,0.407173,0.292177,-0.15742,0.418467
0.630155,0.385053,0.535578,0.361128,0.474088,0.391392,0.100877,0.290257,0.29342,0.389053,0.493767,0.271136,0.493788,0.388907,0.336681,0.363743,0.416821,0.580792,0.499289,0.562786,0.586093,0.288691,0.462892,0.611798,0.397517,0.257371,0.542632,0.55678,0.241828,-0.155327,0.0885232,0.46659,0.426672,0.45505,0.309987,0.203317,-0.0615166,0.292234,0.506428,0.527928,0.660832,0.393309,0.444187,0.559594,0.5633,0.46068,0.603777,0.602433,0.259815,0.23634,1,0.34118,0.402633,0.495609,0.477571,0.430611,0.52981,0.42521,0.509681,0.14667,0.129276,0.529921,0.558868,0.528726,0.580737,0.104232,0.230785,0.595774,0.327739,0.362348,0.522888,0.38208,0.49676,0.392063,0.400804,0.350022,0.451347,0.0856861,0.13619,0.091335,0.222308,0.648856,0.42495,0.0979684,0.141809
0.603254,0.425316,0.560947,0.434323,0.276819,0.545744,0.356684,0.289772,0.01026,0.611787,0.521956,0.450058,0.542403,0.47432,0.11635,0.385037,0.52986,0.542405,0.342281,0.530157,0.542778,0.273073,0.329232,0.589001,0.309502,0.522533,0.472333,0.539765,0.0999528,-0.0272651,0.300127,0.200871,0.489976,0.415652,0.248996,0.230335,0.0569622,0.130356,0.514765,0.516465,0.303052,0.137954,0.560746,0.524702,0.568157,0.506028,0.484352,0.461273,0.106783,0.0894171,0.34118,1,0.581473,0.543786,0.61653,0.430737,0.242837,0.356072,0.635962,0.379944,0.274142,0.429843,0.559611,0.687387,0.467163,0.37377,0.425669,0.547242,0.150088,0.455169,0.465595,0.511111,0.481647,0.30558,0.207284,0.478545,0.255081,-0.00965715,-0.0382905,-0.297608,0.270724,0.52143,0.584037,0.306318,0.473781
