1,0.962016,0.961483,0.906222,0.891539,0.885151,0.650341,0.775771,0.859564,0.828763,0.911963,0.808924,0.917945,0.923406,0.8641,0.767618,0.960678,0.904394,0.734331,0.889645,0.883901,0.806701,0.919495,0.952769,0.848776,0.924407,0.9229,0.899749,0.624909,0.506686,0.482703,0.762359,0.897138,0.812458,0.813916,0.77392,0.535042,0.745501,0.903028,0.862198,0.845371,0.88737,0.959327,0.754969,0.965357,0.895772,0.931334,0.892895,0.674705,0.62011,0.77052,0.827851,0.89751,0.852982,0.94295,0.908268,0.839276,0.726661,0.932086,0.712909,0.665363,0.916058,0.806934,0.917779,0.938923,0.795441,0.940867,0.958012,0.841395,0.88629,0.918646,0.877299,0.58241,0.537413,0.620867,0.85677,0.868967,0.769769,0.760746,0.712374,0.854458,0.884265,0.896241,0.702814,0.851414
0.962016,1,0.913662,0.85965,0.841929,0.8766,0.622088,0.794529,0.83501,0.792008,0.87517,0.783361,0.910414,0.951209,0.842585,0.856202,0.943128,0.866992,0.748549,0.859654,0.850333,0.803275,0.857049,0.892353,0.7812,0.851063,0.852706,0.864726,0.571218,0.500849,0.471206,0.728823,0.86103,0.7837,0.776485,0.776329,0.508376,0.714267,0.893953,0.856634,0.801023,0.802223,0.947891,0.856754,0.930155,0.858729,0.894828,0.893397,0.681135,0.654044,0.689359,0.820485,0.889016,0.845796,0.92074,0.949614,0.82052,0.827192,0.920313,0.683391,0.63396,0.869895,0.821748,0.87636,0.914212,0.770198,0.886855,0.909217,0.772819,0.831344,0.854791,0.851196,0.511768,0.458983,0.554535,0.838757,0.826977,0.714554,0.700586,0.639814,0.825381,0.841079,0.894357,0.668055,0.805794
0.961483,0.913662,1,0.945266,0.914935,0.862024,0.668672,0.74503,0.873214,0.88514,0.933325,0.843197,0.915617,0.87402,0.888758,0.7101,0.965476,0.91622,0.798127,0.917353,0.932937,0.78875,0.931809,0.954142,0.845888,0.934382,0.958078,0.875198,0.622109,0.478317,0.453565,0.81353,0.935235,0.879378,0.82568,0.795506,0.562389,0.783718,0.935535,0.902873,0.882408,0.902775,0.952559,0.657375,0.983778,0.931899,0.951624,0.894163,0.732637,0.662066,0.806663,0.870189,0.923068,0.898561,0.952863,0.851145,0.848906,0.645156,0.933461,0.761638,0.629716,0.903592,0.815552,0.961327,0.973086,0.800442,0.950603,0.950452,0.853204,0.931737,0.948135,0.877174,0.628853,0.640206,0.68728,0.909455,0.912777,0.794065,0.773527,0.7433,0.852467,0.942292,0.899152,0.774357,0.881678
0.906222,0.85965,0.945266,1,0.89183,0.790551,0.610716,0.714507,0.810401,0.869356,0.918002,0.815357,0.890819,0.814055,0.88391,0.66407,0.927907,0.842034,0.79197,0.866834,0.873537,0.756621,0.878625,0.903297,0.814156,0.911231,0.896077,0.790472,0.651735,0.427374,0.53672,0.743282,0.903143,0.798631,0.810698,0.741972,0.502723,0.712877,0.863379,0.833902,0.831336,0.830282,0.905431,0.609185,0.929904,0.915113,0.912623,0.875393,0.771086,0.720029,0.760337,0.827502,0.882188,0.893806,0.912592,0.772987,0.788502,0.610735,0.886569,0.769805,0.609468,0.822632,0.788211,0.911399,0.928321,0.746441,0.883192,0.908732,0.808561,0.885168,0.902516,0.862069,0.710248,0.685061,0.697672,0.851772,0.906619,0.758574,0.672813,0.696958,0.806676,0.861939,0.833757,0.684096,0.848955
0.891539,0.841929,0.914935,0.89183,1,0.812172,0.621972,0.728556,0.825193,0.847322,0.860621,0.731192,0.837404,0.839702,0.806023,0.635336,0.91178,0.878748,0.73652,0.794483,0.854537,0.759338,0.882352,0.919621,0.820719,0.895663,0.858264,0.819553,0.618963,0.360122,0.519573,0.724958,0.830638,0.816301,0.776157,0.798614,0.5851,0.731517,0.868468,0.813607,0.763236,0.837506,0.898129,0.647242,0.89522,0.8387,0.903436,0.88514,0.675363,0.59659,0.688877,0.802522,0.864893,0.839883,0.877099,0.811205,0.744988,0.607814,0.852135,0.713624,0.655553,0.851664,0.722515,0.86715,0.903905,0.774213,0.892353,0.920396,0.77465,0.864457,0.874525,0.825451,0.712428,0.574466,0.606215,0.816132,0.850262,0.801298,0.700295,0.622048,0.794426,0.824557,0.832086,0.681213,0.776575
0.885151,0.8766,0.862024,0.790551,0.812172,1,0.539191,0.876612,0.840829,0.764019,0.839947,0.746757,0.838656,0.817436,0.842874,0.724842,0.873689,0.817544,0.735244,0.79292,0.842954,0.684145,0.792889,0.868646,0.736239,0.783157,0.83355,0.844904,0.465805,0.41773,0.417469,0.788457,0.809074,0.770656,0.776748,0.707811,0.482558,0.706826,0.844659,0.814339,0.814867,0.791649,0.831337,0.680263,0.857808,0.784737,0.828316,0.835296,0.68814,0.540797,0.689869,0.738333,0.80488,0.809265,0.830628,0.845796,0.743917,0.700332,0.803687,0.772777,0.724772,0.835963,0.797682,0.821797,0.84414,0.742618,0.808988,0.839867,0.769817,0.770871,0.803211,0.771255,0.472335,0.454483,0.601082,0.809999,0.800161,0.658058,0.601882,0.682801,0.778681,0.757203,0.843641,0.679944,0.725155
0.650341,0.622088,0.668672,0.610716,0.621972,0.539191,1,0.452934,0.616145,0.566585,0.626973,0.625008,0.661463,0.58944,0.605316,0.379165,0.653269,0.600917,0.493485,0.618156,0.637945,0.670881,0.662562,0.674037,0.659179,0.625361,0.637002,0.659324,0.394811,0.148252,0.112181,0.494748,0.639783,0.635781,0.511779,0.637345,0.47039,0.484166,0.578732,0.496578,0.604313,0.661465,0.646133,0.458739,0.641363,0.558411,0.619778,0.564318,0.450029,0.411683,0.715484,0.574561,0.58766,0.644818,0.642179,0.600285,0.602238,0.419933,0.658275,0.578321,0.468969,0.61517,0.545511,0.637222,0.649579,0.623396,0.672573,0.711899,0.66711,0.651808,0.641361,0.528259,0.30646,0.369492,0.435184,0.566117,0.554859,0.664643,0.697148,0.455002,0.548757,0.676889,0.57781,0.609128,0.620779
0.775771,0.794529,0.74503,0.714507,0.728556,0.876612,0.452934,1,0.775268,0.679703,0.773555,0.714983,0.737023,0.741967,0.738352,0.66391,0.78449,0.697947,0.688884,0.675215,0.73203,0.572399,0.695569,0.743005,0.620891,0.70056,0.732017,0.750536,0.401014,0.460795,0.473162,0.768778,0.727458,0.730799,0.73519,0.592885,0.353781,0.722069,0.727926,0.709203,0.715472,0.684151,0.732127,0.624899,0.733239,0.70807,0.728405,0.75117,0.583035,0.606758,0.509919,0.67273,0.758481,0.736055,0.729113,0.771676,0.666447,0.60945,0.70418,0.605494,0.672276,0.740045,0.733692,0.721936,0.737419,0.596835,0.694792,0.73513,0.730885,0.659137,0.674841,0.710369,0.474402,0.339021,0.480439,0.734796,0.741475,0.574538,0.552778,0.62039,0.710083,0.643795,0.771719,0.653155,0.644234
0.859564,0.83501,0.873214,0.810401,0.825193,0.840829,0.616145,0.775268,1,0.722858,0.875587,0.749255,0.821577,0.762554,0.832741,0.5793,0.872005,0.842804,0.697626,0.79278,0.825169,0.685471,0.882925,0.866376,0.804348,0.811291,0.85644,0.832466,0.404798,0.342918,0.442124,0.768621,0.827785,0.77757,0.735599,0.76096,0.377843,0.80852,0.801578,0.792674,0.757028,0.815352,0.808035,0.584188,0.848141,0.795962,0.880156,0.783323,0.596171,0.58044,0.697128,0.727543,0.781261,0.7994,0.820413,0.772616,0.790907,0.546045,0.79089,0.614919,0.705054,0.817941,0.705819,0.843704,0.822984,0.682981,0.812496,0.859021,0.832162,0.777118,0.793532,0.749542,0.516043,0.411314,0.561739,0.787117,0.736053,0.703965,0.680216,0.623137,0.755485,0.816343,0.832725,0.756634,0.709185
0.828763,0.792008,0.88514,0.869356,0.847322,0.764019,0.566585,0.679703,0.722858,1,0.886594,0.838564,0.87565,0.709159,0.804232,0.53888,0.893985,0.831678,0.799681,0.740352,0.787083,0.670721,0.841284,0.870238,0.793819,0.847591,0.818113,0.74199,0.58356,0.479528,0.374606,0.699533,0.805727,0.854334,0.801327,0.775879,0.651705,0.627157,0.81089,0.780692,0.781411,0.798734,0.832202,0.500324,0.873057,0.844347,0.829522,0.835845,0.732279,0.611918,0.692862,0.879267,0.890305,0.867669,0.869268,0.681669,0.720219,0.498498,0.874834,0.711869,0.520253,0.796187,0.696324,0.808219,0.872524,0.723078,0.806808,0.868682,0.727709,0.797009,0.883288,0.748151,0.643075,0.519933,0.69717,0.816793,0.838616,0.793435,0.753926,0.761354,0.766113,0.78318,0.741345,0.711769,0.820476
0.911963,0.87517,0.933325,0.918002,0.860621,0.839947,0.626973,0.773555,0.875587,0.886594,1,0.866104,0.925,0.789666,0.901844,0.630009,0.954377,0.888175,0.844016,0.840518,0.883217,0.718247,0.929409,0.933363,0.889602,0.90219,0.936257,0.8377,0.60891,0.487711,0.511869,0.772246,0.898613,0.848669,0.859263,0.845501,0.552921,0.703506,0.844275,0.853314,0.847441,0.868588,0.884862,0.575171,0.922515,0.933372,0.926621,0.870367,0.728648,0.621613,0.785978,0.839967,0.894019,0.863402,0.919506,0.778004,0.806877,0.583039,0.905343,0.727031,0.646617,0.881421,0.783003,0.894807,0.926636,0.794238,0.888388,0.935249,0.811005,0.851538,0.919971,0.831718,0.651517,0.541631,0.698165,0.878707,0.866062,0.806975,0.76467,0.781992,0.845457,0.872466,0.877705,0.776799,0.888391
0.808924,0.783361,0.843197,0.815357,0.731192,0.746757,0.625008,0.714983,0.749255,0.838564,0.866104,1,0.887486,0.691969,0.801786,0.531359,0.891032,0.780679,0.711115,0.778528,0.801449,0.653114,0.796546,0.829511,0.783996,0.856431,0.836116,0.766825,0.501307,0.581875,0.319152,0.731552,0.837997,0.804646,0.812768,0.717958,0.478835,0.673051,0.778026,0.73607,0.778584,0.839095,0.787186,0.486479,0.832854,0.77979,0.798801,0.730232,0.689438,0.518903,0.741184,0.718295,0.832104,0.877795,0.863408,0.701424,0.704351,0.507136,0.839723,0.718141,0.552804,0.742263,0.731513,0.806793,0.835025,0.778098,0.762712,0.82774,0.749717,0.772283,0.841113,0.715493,0.466709,0.587032,0.69311,0.836321,0.815887,0.762422,0.724171,0.697253,0.78259,0.80609,0.773471,0.80338,0.799579
0.917945,0.910414,0.915617,0.890819,0.837404,0.838656,0.661463,0.737023,0.821577,0.87565,0.925,0.887486,1,0.825371,0.889569,0.641869,0.951468,0.885421,0.736445,0.846438,0.838845,0.779552,0.892723,0.921123,0.850357,0.874199,0.891708,0.845484,0.582547,0.467077,0.458133,0.749591,0.865415,0.809897,0.815625,0.833296,0.595337,0.665174,0.857478,0.812899,0.789517,0.868753,0.924144,0.66988,0.937411,0.891013,0.892706,0.872093,0.729308,0.680847,0.758966,0.847899,0.905074,0.890384,0.936982,0.807711,0.778233,0.623263,0.935306,0.726142,0.662576,0.833648,0.773181,0.853981,0.904729,0.827527,0.878242,0.935592,0.778213,0.829883,0.903386,0.795006,0.568229,0.55433,0.64942,0.873821,0.838604,0.762426,0.762852,0.735147,0.768569,0.840136,0.838113,0.725093,0.855447
0.923406,0.951209,0.87402,0.814055,0.839702,0.817436,0.58944,0.741967,0.762554,0.709159,0.789666,0.691969,0.825371,1,0.765022,0.891852,0.8716,0.818878,0.668559,0.852775,0.841695,0.820766,0.796446,0.844982,0.713385,0.825556,0.817715,0.843334,0.598826,0.537263,0.48572,0.718397,0.855811,0.749779,0.702472,0.69705,0.539126,0.661477,0.890896,0.85624,0.771215,0.747595,0.940045,0.874707,0.890966,0.807377,0.86073,0.880978,0.629354,0.605984,0.646618,0.769216,0.854125,0.801185,0.888419,0.97184,0.775928,0.858061,0.876953,0.646018,0.583183,0.851043,0.832109,0.860542,0.884298,0.76977,0.887796,0.872209,0.717453,0.837151,0.816051,0.890844,0.513752,0.497821,0.49257,0.812037,0.809726,0.658248,0.669251,0.557146,0.795486,0.839233,0.902465,0.569149,0.755856
0.8641,0.842585,0.888758,0.88391,0.806023,0.842874,0.605316,0.738352,0.832741,0.804232,0.901844,0.801786,0.889569,0.765022,1,0.650868,0.886612,0.811592,0.753827,0.858832,0.860321,0.758686,0.837306,0.862419,0.747416,0.809769,0.871341,0.817513,0.571002,0.408314,0.540158,0.727661,0.867467,0.706994,0.712236,0.767932,0.483695,0.693069,0.839364,0.84102,0.827687,0.820298,0.855036,0.604523,0.892995,0.860414,0.871191,0.853654,0.785802,0.603399,0.756598,0.762918,0.807524,0.832464,0.841582,0.750767,0.792293,0.639688,0.812942,0.758644,0.696348,0.792167,0.766184,0.8685,0.872176,0.762846,0.828968,0.845907,0.765082,0.805931,0.833569,0.818923,0.584673,0.542485,0.720422,0.789759,0.818779,0.731542,0.619443,0.712994,0.751835,0.816165,0.818344,0.665776,0.799458
0.767618,0.856202,0.7101,0.66407,0.635336,0.724842,0.379165,0.66391,0.5793,0.53888,0.630009,0.531359,0.641869,0.891852,0.650868,1,0.715534,0.632888,0.643236,0.737061,0.736718,0.697356,0.567674,0.644713,0.487182,0.647939,0.637623,0.656529,0.494206,0.485142,0.445944,0.579262,0.729437,0.584969,0.546203,0.527197,0.395003,0.50665,0.78757,0.792376,0.677611,0.519944,0.798049,0.907727,0.732654,0.664954,0.700321,0.763709,0.606294,0.499928,0.459729,0.596761,0.696442,0.662467,0.728919,0.901716,0.639907,0.956662,0.714953,0.575044,0.455311,0.667794,0.775075,0.732423,0.747566,0.617785,0.697192,0.650973,0.487184,0.663737,0.606913,0.777666,0.371584,0.382698,0.400476,0.694582,0.710532,0.461463,0.398007,0.434826,0.715294,0.685131,0.812899,0.382301,0.631545
0.960678,0.943128,0.965476,0.927907,0.91178,0.873689,0.653269,0.78449,0.872005,0.893985,0.954377,0.891032,0.951468,0.8716,0.886612,0.715534,1,0.911711,0.810388,0.870757,0.897581,0.785911,0.924107,0.955356,0.876333,0.931103,0.926416,0.879849,0.601267,0.510554,0.469493,0.774828,0.905958,0.86396,0.871841,0.841249,0.550714,0.754873,0.907754,0.864074,0.856267,0.896555,0.940891,0.694128,0.961648,0.917436,0.938546,0.894372,0.71849,0.642069,0.776105,0.857968,0.923293,0.898755,0.95441,0.862906,0.832365,0.675521,0.945274,0.75586,0.661486,0.90012,0.815404,0.91505,0.959973,0.829119,0.924545,0.957635,0.819886,0.887018,0.933404,0.839423,0.604605,0.582543,0.673133,0.896752,0.891769,0.819682,0.769911,0.735488,0.861919,0.892353,0.897273,0.772238,0.871023
0.904394,0.866992,0.91622,0.842034,0.878748,0.817544,0.600917,0.697947,0.842804,0.831678,0.888175,0.780679,0.885421,0.818878,0.811592,0.632888,0.911711,1,0.707618,0.798616,0.839022,0.666798,0.90374,0.91954,0.851086,0.873524,0.879766,0.822585,0.598646,0.349168,0.411864,0.715139,0.825303,0.808306,0.761431,0.793979,0.591583,0.725203,0.837397,0.852868,0.760448,0.870203,0.892621,0.627338,0.914639,0.851058,0.910611,0.887233,0.643897,0.590939,0.75487,0.81211,0.875818,0.845615,0.908751,0.801567,0.795711,0.587708,0.910769,0.614243,0.581883,0.862842,0.725947,0.869246,0.905356,0.784744,0.882252,0.930986,0.766873,0.837282,0.904963,0.829219,0.641964,0.507181,0.588353,0.848282,0.819597,0.738616,0.78817,0.762072,0.805285,0.842098,0.855288,0.764675,0.774369
0.734331,0.748549,0.798127,0.79197,0.73652,0.735244,0.493485,0.688884,0.697626,0.799681,0.844016,0.711115,0.736445,0.668559,0.753827,0.643236,0.810388,0.707618,1,0.682833,0.815514,0.66687,0.723544,0.787882,0.698964,0.728172,0.786283,0.713701,0.534946,0.399676,0.504347,0.670835,0.807228,0.774948,0.752996,0.739819,0.54667,0.563527,0.765045,0.783704,0.762185,0.679634,0.724571,0.500285,0.768671,0.807786,0.751396,0.783802,0.63442,0.558595,0.630322,0.748059,0.737586,0.759649,0.772258,0.685125,0.649786,0.575744,0.737907,0.682641,0.457532,0.756354,0.753439,0.800734,0.826803,0.706091,0.744852,0.748983,0.621132,0.723434,0.776458,0.731117,0.580126,0.504116,0.689987,0.777915,0.821206,0.731827,0.590002,0.70092,0.829033,0.752506,0.751972,0.642307,0.784946
0.889645,0.859654,0.917353,0.866834,0.794483,0.79292,0.618156,0.675215,0.79278,0.740352,0.840518,0.778528,0.846438,0.852775,0.858832,0.737061,0.870757,0.798616,0.682833,1,0.933998,0.78633,0.810424,0.823111,0.693708,0.850067,0.893397,0.800779,0.620963,0.525919,0.520093,0.797014,0.890443,0.739105,0.698528,0.744218,0.485328,0.791761,0.947931,0.868714,0.84362,0.810212,0.898828,0.662737,0.919747,0.858539,0.870791,0.784093,0.750274,0.54259,0.784763,0.719424,0.819471,0.848261,0.893852,0.835562,0.765234,0.680558,0.832705,0.769185,0.533418,0.802464,0.796203,0.944448,0.917457,0.75195,0.873598,0.836067,0.790315,0.875115,0.871294,0.839256,0.512565,0.606681,0.662658,0.868639,0.838255,0.7127,0.658618,0.621596,0.806818,0.942744,0.866108,0.699827,0.868028
0.883901,0.850333,0.932937,0.873537,0.854537,0.842954,0.637945,0.73203,0.825169,0.787083,0.883217,0.801449,0.838845,0.841695,0.860321,0.736718,0.897581,0.839022,0.815514,0.933998,1,0.813545,0.843093,0.892924,0.767653,0.882208,0.932202,0.865381,0.633537,0.467286,0.554625,0.868053,0.93305,0.840088,0.764356,0.771612,0.593424,0.752364,0.951904,0.908911,0.868346,0.850213,0.886471,0.628032,0.920946,0.863699,0.886477,0.84917,0.749711,0.530501,0.801846,0.744922,0.844757,0.883708,0.920419,0.850208,0.779444,0.675047,0.849492,0.821162,0.588755,0.865657,0.853374,0.972525,0.948653,0.840447,0.90185,0.875826,0.793228,0.918821,0.8941,0.873181,0.587156,0.617614,0.750455,0.913467,0.918556,0.767156,0.687244,0.708252,0.876593,0.948922,0.891056,0.749864,0.886683
0.806701,0.803275,0.78875,0.756621,0.759338,0.684145,0.670881,0.572399,0.685471,0.670721,0.718247,0.653114,0.779552,0.820766,0.758686,0.697356,0.785911,0.666798,0.66687,0.78633,0.813545,1,0.712436,0.803388,0.695824,0.742429,0.749257,0.847667,0.616706,0.358478,0.496305,0.675543,0.841744,0.67276,0.557611,0.71866,0.674749,0.533638,0.832943,0.726487,0.715559,0.710184,0.826428,0.701051,0.816669,0.730379,0.729481,0.764828,0.586081,0.53587,0.720935,0.670362,0.701906,0.730016,0.790585,0.796171,0.701693,0.688734,0.754691,0.692968,0.54761,0.770027,0.753973,0.801276,0.794245,0.778872,0.820511,0.802354,0.62396,0.749709,0.748443,0.717922,0.456495,0.54718,0.616489,0.728041,0.746346,0.664636,0.569531,0.575042,0.701178,0.795632,0.730424,0.492023,0.75567
0.919495,0.857049,0.931809,0.878625,0.882352,0.792889,0.662562,0.695569,0.882925,0.841284,0.929409,0.796546,0.892723,0.796446,0.837306,0.567674,0.924107,0.90374,0.723544,0.810424,0.843093,0.712436,1,0.950532,0.908523,0.926725,0.930482,0.872026,0.584399,0.451432,0.460736,0.779908,0.855335,0.856246,0.805472,0.79723,0.551182,0.730025,0.809193,0.835012,0.816637,0.898828,0.894282,0.572562,0.922621,0.887495,0.938837,0.852126,0.606216,0.592799,0.778112,0.867575,0.887117,0.818902,0.905762,0.769127,0.849232,0.534019,0.912204,0.667879,0.659908,0.898574,0.720024,0.86239,0.895352,0.79334,0.917045,0.95443,0.846369,0.8516,0.910151,0.806078,0.650218,0.524898,0.617181,0.832204,0.839253,0.783774,0.815385,0.73422,0.801087,0.869007,0.843851,0.760346,0.828239
0.952769,0.892353,0.954142,0.903297,0.919621,0.868646,0.674037,0.743005,0.866376,0.870238,0.933363,0.829511,0.921123,0.844982,0.862419,0.644713,0.955356,0.91954,0.787882,0.823111,0.892924,0.803388,0.950532,1,0.9208,0.937578,0.943108,0.923637,0.638924,0.422229,0.463143,0.796317,0.894327,0.864091,0.82763,0.815211,0.644063,0.687747,0.864459,0.847919,0.834039,0.918306,0.926841,0.636874,0.952172,0.887314,0.928585,0.905249,0.646322,0.620632,0.803837,0.850703,0.892669,0.869649,0.943375,0.838691,0.81466,0.612049,0.926624,0.747461,0.700947,0.931394,0.777879,0.903012,0.931675,0.861301,0.939496,0.982429,0.826924,0.892384,0.934901,0.841781,0.639007,0.596972,0.691876,0.873941,0.895881,0.81142,0.7753,0.754812,0.85006,0.875786,0.864799,0.733938,0.859373
0.848776,0.7812,0.845888,0.814156,0.820719,0.736239,0.659179,0.620891,0.804348,0.793819,0.889602,0.783996,0.850357,0.713385,0.747416,0.487182,0.876333,0.851086,0.698964,0.693708,0.767653,0.695824,0.908523,0.9208,1,0.877971,0.852231,0.815216,0.578044,0.393044,0.334633,0.688744,0.817874,0.819809,0.763,0.778801,0.620859,0.569818,0.704997,0.735668,0.708425,0.875283,0.805597,0.500743,0.841539,0.81455,0.880649,0.775875,0.555283,0.511399,0.743852,0.774189,0.815555,0.769727,0.856145,0.702823,0.738653,0.48749,0.865304,0.654813,0.672871,0.859398,0.62656,0.770639,0.817778,0.788031,0.835921,0.922068,0.745329,0.778349,0.842125,0.700366,0.597827,0.52445,0.648449,0.780623,0.744467,0.764111,0.738675,0.702085,0.78029,0.772108,0.778902,0.682677,0.778312
0.924407,0.851063,0.934382,0.911231,0.895663,0.783157,0.625361,0.70056,0.811291,0.847591,0.90219,0.856431,0.874199,0.825556,0.809769,0.647939,0.931103,0.873524,0.728172,0.850067,0.882208,0.742429,0.926725,0.937578,0.877971,1,0.922481,0.827597,0.657054,0.537647,0.472699,0.771856,0.894201,0.848761,0.817607,0.732897,0.56347,0.700714,0.853921,0.847284,0.815795,0.887398,0.913011,0.605551,0.92417,0.868407,0.933263,0.851596,0.677949,0.548089,0.754269,0.7836,0.884996,0.866967,0.927004,0.811709,0.788755,0.612128,0.906302,0.726138,0.6328,0.854676,0.741718,0.895852,0.900631,0.80673,0.891612,0.934599,0.819982,0.879259,0.907557,0.836525,0.652246,0.614259,0.664392,0.873108,0.903418,0.804437,0.735336,0.706314,0.870625,0.887264,0.868694,0.740476,0.845893
0.9229,0.852706,0.958078,0.896077,0.858264,0.83355,0.637002,0.732017,0.85644,0.818113,0.936257,0.836116,0.891708,0.817715,0.871341,0.637623,0.926416,0.879766,0.786283,0.893397,0.932202,0.749257,0.930482,0.943108,0.852231,0.922481,1,0.88367,0.60264,0.498559,0.508697,0.828246,0.925599,0.859645,0.841166,0.786613,0.565447,0.724114,0.893777,0.895523,0.859386,0.908284,0.904121,0.553644,0.946723,0.927981,0.929603,0.8508,0.69435,0.593654,0.800408,0.815125,0.878732,0.840357,0.922099,0.799178,0.795096,0.566154,0.882789,0.737423,0.642357,0.892314,0.800889,0.946464,0.935918,0.8408,0.934851,0.924796,0.836544,0.931287,0.938341,0.861883,0.633703,0.619389,0.698875,0.903526,0.894705,0.78972,0.773127,0.770541,0.849895,0.938849,0.891458,0.787121,0.902034
0.899749,0.864726,0.875198,0.790472,0.819553,0.844904,0.659324,0.750536,0.832466,0.74199,0.8377,0.766825,0.845484,0.843334,0.817513,0.656529,0.879849,0.822585,0.713701,0.800779,0.865381,0.847667,0.872026,0.923637,0.815216,0.827597,0.88367,1,0.608987,0.449698,0.485686,0.820255,0.868966,0.803676,0.737591,0.783642,0.609292,0.706003,0.838483,0.805009,0.797097,0.873218,0.856636,0.6414,0.892047,0.800206,0.838594,0.83383,0.541577,0.524056,0.803751,0.759709,0.79188,0.797291,0.87601,0.841251,0.812451,0.628974,0.841261,0.731208,0.635314,0.923392,0.796924,0.86287,0.86943,0.83631,0.902832,0.907489,0.777449,0.835338,0.873413,0.788303,0.494217,0.542087,0.68775,0.798114,0.827707,0.724015,0.730797,0.710859,0.796971,0.845377,0.811526,0.701141,0.791441
0.624909,0.571218,0.622109,0.651735,0.618963,0.465805,0.394811,0.401014,0.404798,0.58356,0.60891,0.501307,0.582547,0.598826,0.571002,0.494206,0.601267,0.598646,0.534946,0.620963,0.633537,0.616706,0.584399,0.638924,0.578044,0.657054,0.60264,0.608987,1,0.331203,0.525171,0.512621,0.590494,0.474839,0.399792,0.554996,0.583852,0.427137,0.598159,0.582312,0.489991,0.569906,0.682502,0.475044,0.668757,0.627854,0.612198,0.631887,0.513555,0.408281,0.566263,0.477243,0.594578,0.568453,0.678955,0.563598,0.504313,0.449287,0.654468,0.621419,0.321264,0.630481,0.461925,0.633995,0.645746,0.553322,0.606995,0.646928,0.490779,0.624081,0.661153,0.637845,0.572085,0.543695,0.676134,0.562306,0.683215,0.499464,0.411107,0.524677,0.538785,0.608509,0.488638,0.446556,0.698933
0.506686,0.500849,0.478317,0.427374,0.360122,0.41773,0.148252,0.460795,0.342918,0.479528,0.487711,0.581875,0.467077,0.537263,0.408314,0.485142,0.510554,0.349168,0.399676,0.525919,0.467286,0.358478,0.451432,0.422229,0.393044,0.537647,0.498559,0.449698,0.331203,1,0.320798,0.497741,0.522957,0.510133,0.531369,0.33505,0.198441,0.410367,0.493957,0.505388,0.520824,0.458449,0.491446,0.345785,0.478141,0.458876,0.463933,0.382051,0.31794,0.128551,0.326678,0.459972,0.515771,0.444169,0.503395,0.498881,0.413803,0.435637,0.488042,0.386024,0.23044,0.494273,0.529254,0.472841,0.495218,0.450665,0.480267,0.441615,0.408684,0.466046,0.49358,0.488665,0.168303,0.339598,0.384563,0.488671,0.490049,0.458277,0.454553,0.363262,0.543209,0.503033,0.546179,0.347097,0.484548
0.482703,0.471206,0.453565,0.53672,0.519573,0.417469,0.112181,0.473162,0.442124,0.374606,0.511869,0.319152,0.458133,0.48572,0.540158,0.445944,0.469493,0.411864,0.504347,0.520093,0.554625,0.496305,0.460736,0.463143,0.334633,0.472699,0.508697,0.485686,0.525171,0.320798,1,0.473852,0.485987,0.318923,0.38725,0.469835,0.285873,0.429121,0.518185,0.516841,0.404657,0.392803,0.502572,0.384554,0.476658,0.515363,0.470854,0.552493,0.424742,0.358105,0.296501,0.353801,0.449419,0.411704,0.477403,0.454394,0.304217,0.371754,0.374717,0.40027,0.335932,0.46794,0.521124,0.550464,0.504317,0.486481,0.505395,0.461733,0.385206,0.501204,0.463297,0.572098,0.606653,0.312026,0.470094,0.435038,0.534062,0.374308,0.260028,0.369792,0.505383,0.456198,0.451407,0.297456,0.51956
0.762359,0.728823,0.81353,0.743282,0.724958,0.788457,0.494748,0.768778,0.768621,0.699533,0.772246,0.731552,0.749591,0.718397,0.727661,0.579262,0.774828,0.715139,0.670835,0.797014,0.868053,0.675543,0.779908,0.796317,0.688744,0.771856,0.828246,0.820255,0.512621,0.497741,0.473852,1,0.822829,0.835258,0.696601,0.629218,0.495252,0.761339,0.810046,0.77989,0.773743,0.793064,0.758845,0.505982,0.795248,0.713658,0.751742,0.709608,0.583645,0.562712,0.690049,0.71489,0.774946,0.800446,0.81593,0.726711,0.716196,0.513112,0.74896,0.73697,0.61295,0.827308,0.798057,0.830926,0.808719,0.707552,0.796701,0.783229,0.758117,0.782597,0.76595,0.725571,0.459582,0.541105,0.635763,0.824292,0.830048,0.609992,0.601769,0.657842,0.723881,0.809747,0.767181,0.67913,0.746883
0.897138,0.86103,0.935235,0.903143,0.830638,0.809074,0.639783,0.727458,0.827785,0.805727,0.898613,0.837997,0.865415,0.855811,0.867467,0.729437,0.905958,0.825303,0.807228,0.890443,0.93305,0.841744,0.855335,0.894327,0.817874,0.894201,0.925599,0.868966,0.590494,0.522957,0.485987,0.822829,1,0.861714,0.784183,0.736071,0.585065,0.687234,0.898707,0.906148,0.871615,0.865543,0.887579,0.616098,0.922076,0.898782,0.899474,0.855788,0.72396,0.604342,0.793593,0.791449,0.864112,0.86725,0.907296,0.821888,0.830234,0.669096,0.878979,0.75525,0.620575,0.869033,0.860501,0.9338,0.917098,0.811811,0.909429,0.892329,0.76845,0.881254,0.887956,0.871148,0.582093,0.653909,0.71279,0.882912,0.889629,0.735721,0.710255,0.760518,0.846312,0.921795,0.897777,0.705042,0.842897
0.812458,0.7837,0.879378,0.798631,0.816301,0.770656,0.635781,0.730799,0.77757,0.854334,0.848669,0.804646,0.809897,0.749779,0.706994,0.584969,0.86396,0.808306,0.774948,0.739105,0.840088,0.67276,0.856246,0.864091,0.819809,0.848761,0.859645,0.803676,0.474839,0.510133,0.318923,0.835258,0.861714,1,0.834986,0.733772,0.615079,0.650876,0.807488,0.818345,0.813941,0.803938,0.81771,0.49184,0.848546,0.823822,0.849427,0.801103,0.579503,0.593341,0.676654,0.867445,0.892575,0.828242,0.852899,0.735139,0.745028,0.502214,0.862174,0.685869,0.589257,0.854663,0.769944,0.83371,0.857323,0.746002,0.855627,0.873129,0.764096,0.844915,0.848188,0.737235,0.576762,0.541966,0.615089,0.864434,0.847404,0.751491,0.796122,0.753003,0.797685,0.85402,0.82501,0.781685,0.797028
0.813916,0.776485,0.82568,0.810698,0.776157,0.776748,0.511779,0.73519,0.735599,0.801327,0.859263,0.812768,0.815625,0.702472,0.712236,0.546203,0.871841,0.761431,0.752996,0.698528,0.764356,0.557611,0.805472,0.82763,0.763,0.817607,0.841166,0.737591,0.399792,0.531369,0.38725,0.696601,0.784183,0.834986,1,0.722467,0.407876,0.627437,0.755692,0.694485,0.736213,0.798792,0.749428,0.448208,0.794649,0.816855,0.794832,0.724984,0.553717,0.53821,0.613389,0.756186,0.792184,0.767807,0.811164,0.685445,0.706243,0.481176,0.800259,0.640162,0.603324,0.777884,0.718114,0.787169,0.828971,0.692819,0.784957,0.834049,0.78248,0.801523,0.841588,0.727601,0.550554,0.492197,0.542001,0.781395,0.822218,0.822661,0.757594,0.696314,0.776486,0.765158,0.769314,0.743837,0.79407
0.77392,0.776329,0.795506,0.741972,0.798614,0.707811,0.637345,0.592885,0.76096,0.775879,0.845501,0.717958,0.833296,0.69705,0.767932,0.527197,0.841249,0.793979,0.739819,0.744218,0.771612,0.71866,0.79723,0.815211,0.778801,0.732897,0.786613,0.783642,0.554996,0.33505,0.469835,0.629218,0.736071,0.733772,0.722467,1,0.62391,0.633771,0.782615,0.708955,0.680929,0.739474,0.780196,0.527602,0.800638,0.79117,0.787534,0.744507,0.547175,0.484725,0.693711,0.730471,0.726906,0.71931,0.792381,0.688757,0.622648,0.510821,0.766279,0.646001,0.484805,0.766545,0.642742,0.778706,0.826995,0.733547,0.786274,0.836445,0.619864,0.746726,0.817761,0.638275,0.517869,0.419915,0.604784,0.741763,0.695084,0.805432,0.68815,0.641861,0.732474,0.795891,0.732709,0.704523,0.814891
0.535042,0.508376,0.562389,0.502723,0.5851,0.482558,0.47039,0.353781,0.377843,0.651705,0.552921,0.478835,0.595337,0.539126,0.483695,0.395003,0.550714,0.591583,0.54667,0.485328,0.593424,0.674749,0.551182,0.644063,0.620859,0.56347,0.565447,0.609292,0.583852,0.198441,0.285873,0.495252,0.585065,0.615079,0.407876,0.62391,1,0.203013,0.588516,0.588234,0.49531,0.502698,0.613373,0.366788,0.612595,0.57058,0.546275,0.667917,0.45873,0.384309,0.538845,0.595625,0.59794,0.553701,0.631813,0.508078,0.437743,0.378238,0.628575,0.473491,0.318196,0.591281,0.465266,0.554446,0.590878,0.671886,0.590544,0.648665,0.383247,0.562242,0.636693,0.528827,0.539607,0.36432,0.51871,0.616647,0.600116,0.512595,0.537257,0.619296,0.525984,0.583302,0.511321,0.440401,0.638434
0.745501,0.714267,0.783718,0.712877,0.731517,0.706826,0.484166,0.722069,0.80852,0.627157,0.703506,0.673051,0.665174,0.661477,0.693069,0.50665,0.754873,0.725203,0.563527,0.791761,0.752364,0.533638,0.730025,0.687747,0.569818,0.700714,0.724114,0.706003,0.427137,0.410367,0.429121,0.761339,0.687234,0.650876,0.627437,0.633771,0.203013,1,0.770307,0.668254,0.665692,0.745024,0.693954,0.499262,0.746455,0.663428,0.728006,0.59587,0.512941,0.490653,0.624564,0.594221,0.659562,0.727043,0.71818,0.667613,0.71361,0.442897,0.655699,0.555571,0.450858,0.706277,0.609353,0.792132,0.764325,0.490626,0.705234,0.69615,0.786627,0.691481,0.720104,0.64284,0.403787,0.419425,0.498664,0.674355,0.685819,0.616693,0.585815,0.49452,0.667313,0.751316,0.681033,0.734545,0.621087
0.903028,0.893953,0.935535,0.863379,0.868468,0.844659,0.578732,0.727926,0.801578,0.81089,0.844275,0.778026,0.857478,0.890896,0.839364,0.78757,0.907754,0.837397,0.765045,0.947931,0.951904,0.832943,0.809193,0.864459,0.704997,0.853921,0.893777,0.838483,0.598159,0.493957,0.518185,0.810046,0.898707,0.807488,0.755692,0.782615,0.588516,0.770307,1,0.892273,0.845602,0.806155,0.918153,0.709421,0.935452,0.867205,0.8722,0.850271,0.761052,0.574619,0.732607,0.772066,0.861241,0.868209,0.912795,0.879936,0.768049,0.722591,0.856042,0.76535,0.557074,0.833441,0.828557,0.95081,0.947455,0.79368,0.893931,0.860763,0.77151,0.89726,0.887039,0.854063,0.553249,0.580495,0.654744,0.902991,0.877348,0.751634,0.673954,0.65588,0.839691,0.936384,0.884771,0.715121,0.871893
0.862198,0.856634,0.902873,0.833902,0.813607,0.814339,0.496578,0.709203,0.792674,0.780692,0.853314,0.73607,0.812899,0.85624,0.84102,0.792376,0.864074,0.852868,0.783704,0.868714,0.908911,0.726487,0.835012,0.847919,0.735668,0.847284,0.895523,0.805009,0.582312,0.505388,0.516841,0.77989,0.906148,0.818345,0.694485,0.708955,0.588234,0.668254,0.892273,1,0.831527,0.786026,0.893756,0.671643,0.911941,0.879101,0.912881,0.894929,0.760937,0.558655,0.699761,0.79736,0.866185,0.834084,0.876387,0.836353,0.781953,0.721238,0.859505,0.704218,0.56428,0.840714,0.822601,0.902787,0.894488,0.806587,0.870335,0.832205,0.661019,0.850494,0.849416,0.87268,0.6224,0.548804,0.669143,0.878375,0.85807,0.636588,0.651486,0.722796,0.818081,0.879987,0.924934,0.660556,0.785844
0.845371,0.801023,0.882408,0.831336,0.763236,0.814867,0.604313,0.715472,0.757028,0.781411,0.847441,0.778584,0.789517,0.771215,0.827687,0.677611,0.856267,0.760448,0.762185,0.84362,0.868346,0.715559,0.816637,0.834039,0.708425,0.815795,0.859386,0.797097,0.489991,0.520824,0.404657,0.773743,0.871615,0.813941,0.736213,0.680929,0.49531,0.665692,0.845602,0.831527,1,0.759299,0.826846,0.546533,0.851226,0.834041,0.802056,0.797889,0.644196,0.54457,0.787871,0.828987,0.834479,0.774758,0.81747,0.748969,0.753118,0.59937,0.81538,0.753739,0.551873,0.817556,0.875082,0.84318,0.881044,0.766306,0.880777,0.821623,0.726911,0.805243,0.823545,0.795696,0.515107,0.616804,0.611274,0.832688,0.840024,0.674179,0.697546,0.755513,0.80993,0.863817,0.8572,0.64848,0.801818
0.88737,0.802223,0.902775,0.830282,0.837506,0.791649,0.661465,0.684151,0.815352,0.798734,0.868588,0.839095,0.868753,0.747595,0.820298,0.519944,0.896555,0.870203,0.679634,0.810212,0.850213,0.710184,0.898828,0.918306,0.875283,0.887398,0.908284,0.873218,0.569906,0.458449,0.392803,0.793064,0.865543,0.803938,0.798792,0.739474,0.502698,0.745024,0.806155,0.786026,0.759299,1,0.830131,0.510981,0.893861,0.821051,0.862706,0.761821,0.622998,0.491578,0.818442,0.754459,0.809515,0.834802,0.882601,0.733097,0.82077,0.496304,0.858873,0.717707,0.668056,0.876826,0.694981,0.859591,0.868045,0.795692,0.880303,0.903337,0.81725,0.833418,0.898634,0.757191,0.505083,0.575718,0.703799,0.8119,0.808696,0.785385,0.781452,0.737364,0.775868,0.828528,0.781342,0.740137,0.78903
0.959327,0.947891,0.952559,0.905431,0.898129,0.831337,0.646133,0.732127,0.808035,0.832202,0.884862,0.787186,0.924144,0.940045,0.855036,0.798049,0.940891,0.892621,0.724571,0.898828,0.886471,0.826428,0.894282,0.926841,0.805597,0.913011,0.904121,0.856636,0.682502,0.491446,0.502572,0.758845,0.887579,0.81771,0.749428,0.780196,0.613373,0.693954,0.918153,0.893756,0.826846,0.830131,1,0.799874,0.972848,0.906882,0.932053,0.928481,0.715839,0.699398,0.729667,0.854643,0.930163,0.868584,0.95246,0.911988,0.804824,0.746165,0.950991,0.711581,0.631473,0.873963,0.801809,0.908313,0.938126,0.811411,0.933675,0.941064,0.771294,0.892001,0.901044,0.884127,0.619245,0.590045,0.60289,0.890648,0.885627,0.720385,0.728983,0.670194,0.800603,0.895802,0.902375,0.668229,0.859701
0.754969,0.856754,0.657375,0.609185,0.647242,0.680263,0.458739,0.624899,0.584188,0.500324,0.575171,0.486479,0.66988,0.874707,0.604523,0.907727,0.694128,0.627338,0.500285,0.662737,0.628032,0.701051,0.572562,0.636874,0.500743,0.605551,0.553644,0.6414,0.475044,0.345785,0.384554,0.505982,0.616098,0.49184,0.448208,0.527602,0.366788,0.499262,0.709421,0.671643,0.546533,0.510981,0.799874,1,0.702375,0.581716,0.665241,0.736596,0.548451,0.54266,0.422821,0.564518,0.670543,0.643974,0.713459,0.901287,0.620775,0.926441,0.720644,0.505393,0.498195,0.63301,0.656114,0.630889,0.682876,0.587509,0.660286,0.660251,0.466446,0.581036,0.550897,0.682069,0.297595,0.289101,0.290702,0.620453,0.603541,0.403268,0.388446,0.282202,0.582188,0.584159,0.733576,0.314028,0.55027
0.965357,0.930155,0.983778,0.929904,0.89522,0.857808,0.641363,0.733239,0.848141,0.873057,0.922515,0.832854,0.937411,0.890966,0.892995,0.732654,0.961648,0.914639,0.768671,0.919747,0.920946,0.816669,0.922621,0.952172,0.841539,0.92417,0.946723,0.892047,0.668757,0.478141,0.476658,0.795248,0.922076,0.848546,0.794649,0.800638,0.612595,0.746455,0.935452,0.911941,0.851226,0.893861,0.972848,0.702375,1,0.943617,0.952579,0.913424,0.746756,0.668073,0.804516,0.861447,0.924772,0.89872,0.966552,0.868597,0.852103,0.672231,0.952164,0.755919,0.620678,0.901061,0.792508,0.94524,0.95989,0.814237,0.9447,0.950462,0.818913,0.913552,0.952429,0.872226,0.614578,0.628796,0.703,0.914997,0.903873,0.754867,0.758828,0.739472,0.824592,0.926717,0.891002,0.74554,0.885602
0.895772,0.858729,0.931899,0.915113,0.8387,0.784737,0.558411,0.70807,0.795962,0.844347,0.933372,0.77979,0.891013,0.807377,0.860414,0.664954,0.917436,0.851058,0.807786,0.858539,0.863699,0.730379,0.887495,0.887314,0.81455,0.868407,0.927981,0.800206,0.627854,0.458876,0.515363,0.713658,0.898782,0.823822,0.816855,0.79117,0.57058,0.663428,0.867205,0.879101,0.834041,0.821051,0.906882,0.581716,0.943617,1,0.921521,0.870458,0.718988,0.688979,0.73051,0.859178,0.901795,0.80315,0.898155,0.75824,0.802683,0.56526,0.90239,0.678275,0.568435,0.846612,0.739378,0.88765,0.911928,0.739799,0.903979,0.89127,0.75816,0.860484,0.917815,0.83413,0.671413,0.609708,0.667135,0.875542,0.857065,0.721607,0.742776,0.772887,0.78397,0.885045,0.853773,0.724728,0.885663
0.931334,0.894828,0.951624,0.912623,0.903436,0.828316,0.619778,0.728405,0.880156,0.829522,0.926621,0.798801,0.892706,0.86073,0.871191,0.700321,0.938546,0.910611,0.751396,0.870791,0.886477,0.729481,0.938837,0.928585,0.880649,0.933263,0.929603,0.838594,0.612198,0.463933,0.470854,0.751742,0.899474,0.849427,0.794832,0.787534,0.546275,0.728006,0.8722,0.912881,0.802056,0.862706,0.932053,0.665241,0.952579,0.921521,1,0.903634,0.718453,0.60486,0.730287,0.820372,0.902445,0.867401,0.926382,0.842951,0.833029,0.666088,0.918196,0.712216,0.659407,0.87058,0.736397,0.909166,0.920568,0.786049,0.905551,0.934054,0.812759,0.890007,0.905876,0.866992,0.678166,0.567208,0.666615,0.876679,0.863093,0.766417,0.734571,0.685984,0.838642,0.898716,0.916468,0.745904,0.833177
0.892895,0.893397,0.894163,0.875393,0.88514,0.835296,0.564318,0.75117,0.783323,0.835845,0.870367,0.730232,0.872093,0.880978,0.853654,0.763709,0.894372,0.887233,0.783802,0.784093,0.84917,0.764828,0.852126,0.905249,0.775875,0.851596,0.8508,0.83383,0.631887,0.382051,0.552493,0.709608,0.855788,0.801103,0.724984,0.744507,0.667917,0.59587,0.850271,0.894929,0.797889,0.761821,0.928481,0.736596,0.913424,0.870458,0.903634,1,0.723032,0.682562,0.687281,0.828529,0.897076,0.849063,0.902067,0.86248,0.784306,0.722484,0.903493,0.679592,0.621751,0.844544,0.798637,0.858603,0.892672,0.818314,0.880183,0.906354,0.704106,0.843781,0.867593,0.886672,0.717534,0.527976,0.628465,0.852586,0.879527,0.668233,0.691893,0.718062,0.794196,0.810581,0.879678,0.649617,0.781932
0.674705,0.681135,0.732637,0.771086,0.675363,0.68814,0.450029,0.583035,0.596171,0.732279,0.728648,0.689438,0.729308,0.629354,0.785802,0.606294,0.71849,0.643897,0.63442,0.750274,0.749711,0.586081,0.606216,0.646322,0.555283,0.677949,0.69435,0.541577,0.513555,0.31794,0.424742,0.583645,0.72396,0.579503,0.553717,0.547175,0.45873,0.512941,0.761052,0.760937,0.644196,0.622998,0.715839,0.548451,0.746756,0.718988,0.718453,0.723032,1,0.485353,0.591671,0.572047,0.730554,0.794092,0.733701,0.634604,0.586256,0.611104,0.690678,0.748763,0.481226,0.555365,0.629737,0.731531,0.732511,0.631177,0.614209,0.633644,0.555873,0.683809,0.688588,0.694148,0.516114,0.464405,0.677881,0.735886,0.693529,0.510475,0.413421,0.520556,0.593279,0.656047,0.691551,0.541315,0.682013
0.62011,0.654044,0.662066,0.720029,0.59659,0.540797,0.411683,0.606758,0.58044,0.611918,0.621613,0.518903,0.680847,0.605984,0.603399,0.499928,0.642069,0.590939,0.558595,0.54259,0.530501,0.53587,0.592799,0.620632,0.511399,0.548089,0.593654,0.524056,0.408281,0.128551,0.358105,0.562712,0.604342,0.593341,0.53821,0.484725,0.384309,0.490653,0.574619,0.558655,0.54457,0.491578,0.699398,0.54266,0.668073,0.688979,0.60486,0.682562,0.485353,1,0.376212,0.735185,0.715752,0.619425,0.640238,0.559532,0.531103,0.397076,0.675677,0.385745,0.501451,0.553127,0.562583,0.597409,0.626828,0.425517,0.615842,0.646223,0.556582,0.605233,0.562018,0.587361,0.510383,0.464893,0.314977,0.614925,0.63088,0.368169,0.453217,0.48247,0.403604,0.554099,0.556761,0.423695,0.578336
0.77052,0.689359,0.806663,0.760337,0.688877,0.689869,0.715484,0.509919,0.697128,0.692862,0.785978,0.741184,0.758966,0.646618,0.756598,0.459729,0.776105,0.75487,0.630322,0.784763,0.801846,0.720935,0.778112,0.803837,0.743852,0.754269,0.800408,0.803751,0.566263,0.326678,0.296501,0.690049,0.793593,0.676654,0.613389,0.693711,0.538845,0.624564,0.732607,0.699761,0.787871,0.818442,0.729667,0.422821,0.804516,0.73051,0.730287,0.687281,0.591671,0.376212,1,0.651206,0.658899,0.76725,0.785357,0.633314,0.773059,0.443438,0.754679,0.732777,0.396555,0.775636,0.719437,0.796196,0.800258,0.760047,0.807159,0.800249,0.690846,0.721884,0.854319,0.650751,0.420153,0.641347,0.652086,0.765004,0.728159,0.641313,0.694977,0.698522,0.694592,0.803736,0.708343,0.68803,0.722472
0.827851,0.820485,0.870189,0.827502,0.802522,0.738333,0.574561,0.67273,0.727543,0.879267,0.839967,0.718295,0.847899,0.769216,0.762918,0.596761,0.857968,0.81211,0.748059,0.719424,0.744922,0.670362,0.867575,0.850703,0.774189,0.7836,0.815125,0.759709,0.477243,0.459972,0.353801,0.71489,0.791449,0.867445,0.756186,0.730471,0.595625,0.594221,0.772066,0.79736,0.828987,0.754459,0.854643,0.564518,0.861447,0.859178,0.820372,0.828529,0.572047,0.735185,0.651206,1,0.909899,0.776544,0.829007,0.710262,0.73926,0.52156,0.877816,0.597367,0.557419,0.829428,0.751947,0.767316,0.853557,0.717299,0.869746,0.865571,0.706056,0.77902,0.823482,0.748335,0.596398,0.525619,0.51138,0.80376,0.782025,0.689239,0.781894,0.730852,0.715151,0.78031,0.783181,0.600057,0.767446
0.89751,0.889016,0.923068,0.882188,0.864893,0.80488,0.58766,0.758481,0.781261,0.890305,0.894019,0.832104,0.905074,0.854125,0.807524,0.696442,0.923293,0.875818,0.737586,0.819471,0.844757,0.701906,0.887117,0.892669,0.815555,0.884996,0.878732,0.79188,0.594578,0.515771,0.449419,0.774946,0.864112,0.892575,0.792184,0.726906,0.59794,0.659562,0.861241,0.866185,0.834479,0.809515,0.930163,0.670543,0.924772,0.901795,0.902445,0.897076,0.730554,0.715752,0.658899,0.909899,1,0.868104,0.930587,0.825174,0.754351,0.622511,0.943665,0.693508,0.616598,0.856815,0.783369,0.855676,0.912359,0.779346,0.897273,0.911983,0.770297,0.872038,0.877101,0.850102,0.648636,0.576056,0.617687,0.889529,0.859566,0.693234,0.764853,0.70379,0.787336,0.850721,0.858838,0.719477,0.842335
