1,0.948725,0.928481,0.880252,0.812837,0.68693,0.62088,0.809387,0.608389,0.690838,0.835257,0.716634,0.842116,0.82932,0.857135,0.890625,0.894739,0.759493,0.810403,0.820449,0.817991,0.717526,0.754197,0.827768,0.69816,0.810941,0.796593,0.719981,0.479313,0.584091,0.325164,0.633337,0.667439,0.76602,0.621355,0.723451,0.380122,0.605478,0.897111,0.857577,0.461704,0.777305,0.903457,0.85474,0.92847,0.868405,0.813744,0.773223,0.661917,0.744675,0.626248,0.707096,0.605532,0.623743,0.794137,0.853935,0.787559,0.855582,0.902341,0.495183,0.384601,0.626218,0.793733,0.85069,0.850784,0.730661,0.738431,0.829529,0.521575,0.751749,0.816023,0.726352,0.417031,0.635262,0.584957,0.836862,0.682248,0.663274,0.403824,0.211087,0.675173,0.916917,0.771141,0.531634,0.748137
0.948725,1,0.878976,0.866409,0.79863,0.686334,0.575845,0.774752,0.606417,0.694208,0.812203,0.692383,0.846267,0.843638,0.823925,0.873599,0.908878,0.733128,0.758866,0.846108,0.80283,0.743106,0.728249,0.815297,0.672007,0.737359,0.765814,0.747376,0.51129,0.573377,0.330496,0.614996,0.646118,0.736073,0.544541,0.717678,0.351133,0.611667,0.8848,0.787606,0.505201,0.720373,0.904778,0.893884,0.880943,0.850935,0.820978,0.779105,0.650231,0.731724,0.657807,0.763834,0.604087,0.681287,0.865462,0.832622,0.818607,0.867152,0.933761,0.392513,0.423677,0.659905,0.786581,0.858889,0.85145,0.757311,0.717365,0.800335,0.527313,0.78448,0.844128,0.73142,0.450823,0.568183,0.575814,0.828808,0.715952,0.607152,0.41493,0.217459,0.648568,0.884933,0.784207,0.563082,0.690461
0.928481,0.878976,1,0.888171,0.868281,0.676412,0.591426,0.840138,0.639366,0.736898,0.837358,0.651932,0.873338,0.87057,0.809994,0.838127,0.896511,0.795791,0.808989,0.802086,0.847768,0.695635,0.825518,0.846004,0.67834,0.77121,0.804668,0.713323,0.41198,0.605566,0.253627,0.666012,0.702441,0.781291,0.630052,0.760766,0.476026,0.639924,0.881508,0.851992,0.363545,0.803603,0.912912,0.819664,0.975785,0.875409,0.783078,0.77251,0.686988,0.735206,0.572965,0.782494,0.655834,0.663279,0.752838,0.864308,0.753156,0.844715,0.873176,0.490304,0.453737,0.565691,0.766227,0.831251,0.815724,0.706528,0.817006,0.875528,0.51405,0.752122,0.845004,0.772426,0.449089,0.610261,0.489488,0.824557,0.68211,0.680273,0.435479,0.245741,0.706317,0.879912,0.714566,0.621693,0.76632
0.880252,0.866409,0.888171,1,0.774253,0.628752,0.446755,0.784872,0.552877,0.707059,0.81267,0.550115,0.729593,0.753979,0.761389,0.74977,0.8075,0.682548,0.766359,0.729162,0.769705,0.745468,0.673922,0.760402,0.666502,0.724717,0.701014,0.697982,0.403225,0.569992,0.230111,0.592477,0.582628,0.701627,0.612764,0.633766,0.394612,0.617726,0.813835,0.751327,0.291284,0.72958,0.83839,0.77229,0.855076,0.754808,0.644744,0.738712,0.617972,0.703513,0.625809,0.738575,0.595865,0.60452,0.728657,0.806027,0.769174,0.756644,0.824967,0.504787,0.368125,0.550075,0.783673,0.719323,0.799912,0.640121,0.741457,0.752235,0.547252,0.722056,0.79124,0.696669,0.400945,0.622274,0.48707,0.783358,0.613869,0.57566,0.44734,0.298066,0.694449,0.836636,0.671514,0.524331,0.773882
0.812837,0.79863,0.868281,0.774253,1,0.776531,0.682011,0.839788,0.763701,0.680573,0.755905,0.433368,0.738678,0.897754,0.824151,0.647502,0.786582,0.85009,0.807954,0.764978,0.838949,0.633982,0.874584,0.925499,0.521984,0.764714,0.796624,0.766065,0.581437,0.580091,0.363071,0.77584,0.737412,0.763288,0.557022,0.779241,0.341089,0.67819,0.841568,0.79231,0.439974,0.789555,0.863043,0.734862,0.851936,0.760531,0.794177,0.778417,0.752959,0.805499,0.598498,0.744981,0.585517,0.575362,0.611137,0.889548,0.771413,0.714404,0.734989,0.395777,0.501821,0.552164,0.819653,0.81539,0.797522,0.733238,0.844502,0.902591,0.6936,0.799987,0.865345,0.802784,0.521589,0.497151,0.470375,0.851311,0.797707,0.713866,0.497416,0.352721,0.679912,0.850975,0.722215,0.591526,0.816535
0.68693,0.686334,0.676412,0.628752,0.776531,1,0.737957,0.682458,0.706969,0.518997,0.557576,0.370819,0.566098,0.840427,0.768551,0.512185,0.678595,0.844155,0.747081,0.789586,0.800355,0.68779,0.792564,0.849824,0.467507,0.661237,0.805743,0.728841,0.393703,0.464548,0.272614,0.623465,0.627266,0.731906,0.512866,0.559209,0.311297,0.662684,0.738215,0.696284,0.453116,0.755963,0.755393,0.663735,0.663171,0.596803,0.730629,0.813764,0.824345,0.824589,0.700973,0.649005,0.544983,0.433784,0.514345,0.823947,0.819002,0.687182,0.646973,0.519016,0.395793,0.7463,0.847044,0.824028,0.787418,0.68458,0.779037,0.816647,0.736911,0.702096,0.687257,0.732754,0.379149,0.402198,0.528409,0.657151,0.759442,0.64702,0.561777,0.252637,0.564875,0.815138,0.721361,0.55293,0.803863
0.62088,0.575845,0.591426,0.446755,0.682011,0.737957,1,0.568543,0.756644,0.495803,0.623041,0.312066,0.585471,0.789944,0.778035,0.45691,0.599152,0.695013,0.643193,0.713209,0.761915,0.509319,0.745247,0.782558,0.380696,0.67662,0.663363,0.553701,0.385227,0.446856,0.229276,0.570945,0.742233,0.810897,0.457274,0.596586,0.144843,0.679156,0.721214,0.660594,0.449242,0.636393,0.600613,0.504085,0.651573,0.620628,0.730501,0.757709,0.722116,0.63748,0.552118,0.596097,0.587756,0.425818,0.475925,0.750767,0.673845,0.545676,0.561098,0.36604,0.364467,0.637279,0.64277,0.752494,0.710694,0.650158,0.706927,0.799859,0.567774,0.65054,0.594577,0.656262,0.288749,0.265158,0.43798,0.683109,0.70032,0.592864,0.398872,0.1472,0.463712,0.674905,0.551542,0.513429,0.635524
0.809387,0.774752,0.840138,0.784872,0.839788,0.682458,0.568543,1,0.605414,0.577418,0.784639,0.510875,0.691265,0.822972,0.832999,0.646787,0.750807,0.750911,0.788614,0.732132,0.77314,0.647595,0.769784,0.832232,0.620368,0.734413,0.721649,0.732749,0.441371,0.478774,0.254355,0.690171,0.677277,0.704833,0.574556,0.669289,0.378654,0.581057,0.784899,0.832169,0.407171,0.719584,0.817537,0.751642,0.828113,0.770838,0.767658,0.761582,0.694455,0.761328,0.674524,0.766181,0.53557,0.580691,0.633859,0.796374,0.745076,0.720334,0.768265,0.429617,0.420431,0.511878,0.813123,0.770357,0.738161,0.64973,0.770879,0.84107,0.628623,0.730474,0.815878,0.72131,0.424462,0.533726,0.418308,0.728355,0.724598,0.574351,0.615333,0.305369,0.595113,0.814663,0.737777,0.588769,0.756237
0.608389,0.606417,0.639366,0.552877,0.763701,0.706969,0.756644,0.605414,1,0.507469,0.640009,0.247847,0.593998,0.763497,0.728415,0.439358,0.632037,0.786354,0.606131,0.745926,0.79684,0.5377,0.760533,0.817604,0.469547,0.646204,0.633717,0.568637,0.492003,0.464347,0.154476,0.64112,0.749375,0.773066,0.447405,0.652726,0.327837,0.730814,0.766666,0.692568,0.370422,0.667934,0.657479,0.544198,0.651205,0.679623,0.71083,0.705868,0.715406,0.586364,0.593668,0.572615,0.608072,0.435109,0.477941,0.769983,0.714706,0.534062,0.560985,0.215985,0.477245,0.633568,0.730889,0.717727,0.741679,0.633005,0.722188,0.782034,0.540507,0.688836,0.644935,0.662772,0.357829,0.229265,0.532244,0.718302,0.718537,0.527272,0.338921,0.194249,0.636317,0.709024,0.568598,0.534265,0.620343
0.690838,0.694208,0.736898,0.707059,0.680573,0.518997,0.495803,0.577418,0.507469,1,0.678807,0.580431,0.725746,0.66953,0.583002,0.681265,0.72315,0.547939,0.584594,0.618076,0.681152,0.511941,0.735223,0.665637,0.250453,0.570292,0.583519,0.477628,0.30659,0.539074,0.224229,0.430596,0.494502,0.585036,0.374426,0.584691,0.206792,0.457828,0.722771,0.532989,0.128258,0.652948,0.709823,0.716631,0.724122,0.649212,0.62374,0.666147,0.522317,0.600815,0.360499,0.740243,0.550724,0.605542,0.646286,0.700105,0.637285,0.673364,0.672271,0.482487,0.361382,0.531166,0.582681,0.655461,0.628798,0.633428,0.664759,0.675187,0.54968,0.613487,0.718536,0.594055,0.379206,0.479086,0.393976,0.62235,0.500669,0.695431,0.33521,0.241271,0.545208,0.677966,0.476457,0.377218,0.561463
0.835257,0.812203,0.837358,0.81267,0.755905,0.557576,0.623041,0.784639,0.640009,0.678807,1,0.564932,0.771057,0.809816,0.812735,0.752321,0.785042,0.646504,0.76767,0.834875,0.853953,0.674781,0.733746,0.782057,0.643491,0.715019,0.731553,0.665137,0.319785,0.532592,0.171121,0.679432,0.714867,0.797664,0.581387,0.71368,0.361635,0.61384,0.859626,0.759258,0.417707,0.771094,0.836865,0.743965,0.867968,0.825605,0.722637,0.716858,0.625092,0.651423,0.559387,0.763891,0.662293,0.499077,0.709973,0.791308,0.726466,0.751658,0.808206,0.328459,0.328075,0.499376,0.6786,0.771776,0.824114,0.669634,0.669804,0.779902,0.484515,0.734921,0.774906,0.723655,0.251808,0.644673,0.385391,0.820033,0.654025,0.51199,0.394432,0.20614,0.606321,0.799831,0.678412,0.58344,0.68494
0.716634,0.692383,0.651932,0.550115,0.433368,0.370819,0.312066,0.510875,0.247847,0.580431,0.564932,1,0.743757,0.560646,0.512901,0.845285,0.759721,0.494663,0.480949,0.618326,0.508606,0.447608,0.520746,0.46643,0.60209,0.44696,0.57987,0.474404,0.190308,0.399144,0.413318,0.144327,0.3657,0.366342,0.276233,0.482975,0.131019,0.260567,0.595556,0.587282,0.439151,0.507032,0.647789,0.805641,0.660348,0.641173,0.61692,0.490036,0.436012,0.534695,0.438055,0.564699,0.390737,0.65339,0.805624,0.492834,0.519257,0.788973,0.735132,0.235625,0.393969,0.470561,0.468151,0.660553,0.540481,0.503391,0.421658,0.527822,0.319348,0.426591,0.508997,0.41021,0.296249,0.518975,0.437323,0.527686,0.375531,0.567126,0.174007,-0.101502,0.31697,0.631452,0.642127,0.3428,0.397881
0.842116,0.846267,0.873338,0.729593,0.738678,0.566098,0.585471,0.691265,0.593998,0.725746,0.771057,0.743757,1,0.807453,0.673575,0.909153,0.942969,0.739988,0.677954,0.779249,0.810398,0.562864,0.741758,0.756385,0.653361,0.71068,0.75874,0.663273,0.443941,0.675358,0.365171,0.537319,0.671436,0.714351,0.509483,0.751088,0.408013,0.590867,0.846402,0.807264,0.482065,0.756337,0.851898,0.851703,0.883723,0.820161,0.791642,0.749351,0.590021,0.642398,0.52617,0.726968,0.707903,0.749731,0.862426,0.800676,0.69721,0.883113,0.894949,0.392277,0.527441,0.591195,0.665042,0.833998,0.791856,0.711382,0.720417,0.780929,0.433324,0.739742,0.76825,0.696544,0.436411,0.519299,0.465544,0.818426,0.66122,0.662762,0.271243,0.0707794,0.641479,0.82528,0.675684,0.632601,0.587866
0.82932,0.843638,0.87057,0.753979,0.897754,0.840427,0.789944,0.822972,0.763497,0.66953,0.809816,0.560646,0.807453,1,0.878751,0.718019,0.850895,0.875385,0.8377,0.900551,0.921762,0.776714,0.927173,0.960278,0.637463,0.750608,0.881817,0.808779,0.48085,0.567184,0.358756,0.699106,0.752235,0.862452,0.58554,0.783862,0.36962,0.74828,0.891794,0.833479,0.567235,0.825827,0.875734,0.803597,0.868246,0.827399,0.884219,0.891409,0.822637,0.85089,0.701733,0.836109,0.702243,0.607439,0.728555,0.91917,0.845595,0.816693,0.828125,0.392691,0.552476,0.67803,0.833602,0.930006,0.870995,0.783497,0.88346,0.962679,0.689291,0.841275,0.868334,0.82138,0.458211,0.486357,0.505689,0.860169,0.86839,0.717973,0.521308,0.247894,0.687911,0.893946,0.805979,0.725568,0.807699
0.857135,0.823925,0.809994,0.761389,0.824151,0.768551,0.778035,0.832999,0.728415,0.583002,0.812735,0.512901,0.673575,0.878751,1,0.649698,0.75776,0.770256,0.787309,0.814078,0.810635,0.755805,0.819161,0.894605,0.599915,0.766787,0.781621,0.688653,0.476417,0.361759,0.303905,0.689039,0.715321,0.825206,0.518465,0.674455,0.274187,0.665692,0.833653,0.799013,0.483248,0.733747,0.795377,0.723179,0.824098,0.784818,0.808282,0.788391,0.74048,0.798962,0.673349,0.721109,0.490534,0.535213,0.670037,0.817376,0.799139,0.679657,0.769126,0.371952,0.372414,0.651156,0.79099,0.827186,0.781859,0.734535,0.790749,0.885947,0.63853,0.754583,0.765214,0.779288,0.321994,0.521709,0.521287,0.784679,0.717719,0.599531,0.56104,0.273558,0.622524,0.840909,0.749495,0.553449,0.782752
0.890625,0.873599,0.838127,0.74977,0.647502,0.512185,0.45691,0.646787,0.439358,0.681265,0.752321,0.845285,0.909153,0.718019,0.649698,1,0.918049,0.639849,0.684622,0.742152,0.736795,0.548726,0.648509,0.663677,0.652648,0.66212,0.719028,0.678709,0.384705,0.633296,0.301399,0.432245,0.55478,0.617303,0.478638,0.643893,0.295109,0.441029,0.78214,0.767877,0.432873,0.692682,0.8529,0.884217,0.848207,0.775058,0.716496,0.640933,0.567202,0.589387,0.511263,0.653592,0.642776,0.658527,0.848967,0.731307,0.622074,0.933898,0.906898,0.387626,0.37129,0.514759,0.617236,0.795333,0.766451,0.652527,0.590244,0.675936,0.381566,0.669778,0.706745,0.575674,0.381267,0.592033,0.458998,0.749348,0.579871,0.568152,0.275892,-0.0452148,0.550065,0.804521,0.713923,0.487682,0.528874
0.894739,0.908878,0.896511,0.8075,0.786582,0.678595,0.599152,0.750807,0.632037,0.72315,0.785042,0.759721,0.942969,0.850895,0.75776,0.918049,1,0.792543,0.733663,0.826754,0.838135,0.654324,0.782627,0.810858,0.644626,0.722413,0.779577,0.749075,0.518029,0.640778,0.337133,0.54673,0.690829,0.706624,0.529165,0.725297,0.414436,0.621056,0.870198,0.837922,0.475141,0.761351,0.912457,0.917142,0.898558,0.823342,0.802241,0.784791,0.698222,0.719934,0.630774,0.779303,0.699251,0.744609,0.887269,0.855793,0.773304,0.931098,0.926795,0.363337,0.487136,0.676291,0.776542,0.897007,0.857719,0.747095,0.765501,0.828081,0.487548,0.77323,0.801854,0.698833,0.464754,0.516232,0.523679,0.822781,0.696517,0.670492,0.405857,0.101885,0.626936,0.889603,0.76793,0.591955,0.686266
0.759493,0.733128,0.795791,0.682548,0.85009,0.844155,0.695013,0.750911,0.786354,0.547939,0.646504,0.494663,0.739988,0.875385,0.770256,0.639849,0.792543,1,0.759438,0.796381,0.827344,0.691336,0.852922,0.906668,0.628277,0.772862,0.803565,0.751782,0.459802,0.523903,0.331492,0.647475,0.744837,0.784418,0.584304,0.740919,0.441442,0.709592,0.78972,0.789285,0.479561,0.819887,0.790163,0.730602,0.780153,0.760329,0.783603,0.814113,0.777106,0.803535,0.710292,0.629041,0.642898,0.552789,0.627775,0.851432,0.767902,0.744017,0.718765,0.417651,0.614661,0.715107,0.820503,0.842513,0.794509,0.709978,0.844935,0.859834,0.588922,0.715416,0.721665,0.739083,0.36096,0.472121,0.560288,0.794136,0.829261,0.761816,0.364779,0.168283,0.662787,0.853058,0.717769,0.684097,0.756578
0.810403,0.758866,0.808989,0.766359,0.807954,0.747081,0.643193,0.788614,0.606131,0.584594,0.76767,0.480949,0.677954,0.8377,0.787309,0.684622,0.733663,0.759438,1,0.750749,0.851697,0.736975,0.814277,0.861895,0.578373,0.796318,0.745648,0.83135,0.399111,0.560044,0.34987,0.705365,0.694684,0.795827,0.759444,0.747314,0.33351,0.640632,0.838345,0.764149,0.536237,0.748129,0.822858,0.733022,0.823541,0.788315,0.7634,0.839146,0.758311,0.756007,0.667502,0.668188,0.712379,0.439724,0.540758,0.8784,0.779511,0.747724,0.742854,0.525976,0.507328,0.524284,0.822525,0.824008,0.839171,0.605375,0.788948,0.860206,0.602334,0.742882,0.74564,0.632052,0.448325,0.566801,0.537497,0.812371,0.767182,0.709353,0.512568,0.102568,0.683144,0.87048,0.778061,0.584676,0.845317
0.820449,0.846108,0.802086,0.729162,0.764978,0.789586,0.713209,0.732132,0.745926,0.618076,0.834875,0.618326,0.779249,0.900551,0.814078,0.742152,0.826754,0.796381,0.750749,1,0.91911,0.698711,0.81817,0.855732,0.687661,0.677354,0.875673,0.760335,0.359551,0.625799,0.241922,0.643698,0.749949,0.785068,0.537623,0.733505,0.416821,0.653524,0.887568,0.784603,0.566249,0.817098,0.883439,0.830512,0.819166,0.825538,0.850194,0.804476,0.714886,0.767255,0.6976,0.788779,0.694448,0.574941,0.775729,0.868676,0.837988,0.839176,0.831795,0.298078,0.427632,0.697649,0.7664,0.894175,0.890575,0.699477,0.710143,0.840092,0.566691,0.797699,0.805042,0.777312,0.362356,0.50009,0.468589,0.794269,0.764665,0.586848,0.408341,0.158763,0.61219,0.863311,0.75958,0.617,0.701257
0.817991,0.80283,0.847768,0.769705,0.838949,0.800355,0.761915,0.77314,0.79684,0.681152,0.853953,0.508606,0.810398,0.921762,0.810635,0.736795,0.838135,0.827344,0.851697,0.91911,1,0.712247,0.869752,0.91575,0.628601,0.755258,0.862862,0.786842,0.445915,0.698994,0.227765,0.706395,0.750035,0.858325,0.642612,0.771192,0.434142,0.737264,0.926266,0.851503,0.494488,0.843834,0.895064,0.77806,0.85729,0.822166,0.837294,0.874485,0.803332,0.794815,0.652461,0.788865,0.814033,0.539729,0.685041,0.943082,0.817504,0.833033,0.812691,0.456366,0.507674,0.604941,0.825386,0.901875,0.928058,0.721209,0.805941,0.900784,0.611484,0.874855,0.821857,0.785683,0.434693,0.506903,0.461392,0.855746,0.852394,0.653277,0.511227,0.164319,0.711594,0.898115,0.74142,0.641363,0.785691
0.717526,0.743106,0.695635,0.745468,0.633982,0.68779,0.509319,0.647595,0.5377,0.511941,0.674781,0.447608,0.562864,0.776714,0.755805,0.548726,0.654324,0.691336,0.736975,0.698711,0.712247,1,0.688365,0.779755,0.598061,0.648464,0.660352,0.648631,0.371297,0.260131,0.330386,0.508402,0.527214,0.740123,0.590407,0.628625,0.321643,0.686842,0.723311,0.61304,0.468664,0.626281,0.670404,0.621068,0.678974,0.7154,0.665977,0.777701,0.66821,0.724496,0.638054,0.634702,0.518413,0.386215,0.597097,0.698274,0.748047,0.588099,0.69226,0.414456,0.50201,0.600963,0.715374,0.707273,0.707634,0.66952,0.741097,0.746003,0.502008,0.66335,0.66646,0.631674,0.279515,0.491964,0.616631,0.710326,0.69198,0.607682,0.416795,0.286966,0.664722,0.759106,0.698938,0.633602,0.749986
0.754197,0.728249,0.825518,0.673922,0.874584,0.792564,0.745247,0.769784,0.760533,0.735223,0.733746,0.520746,0.741758,0.927173,0.819161,0.648509,0.782627,0.852922,0.814277,0.81817,0.869752,0.688365,1,0.926199,0.467009,0.707184,0.843841,0.756871,0.469078,0.527351,0.354472,0.64921,0.75529,0.810117,0.549399,0.768034,0.298325,0.658936,0.843791,0.762346,0.470045,0.808391,0.832599,0.759817,0.805138,0.784689,0.822803,0.84065,0.765377,0.821434,0.632075,0.808369,0.668972,0.555513,0.613591,0.889256,0.782431,0.741625,0.716461,0.387134,0.525114,0.662271,0.786204,0.867865,0.786274,0.709157,0.88561,0.939469,0.700871,0.775107,0.815014,0.762512,0.434827,0.406054,0.498852,0.8056,0.807645,0.774446,0.511714,0.234279,0.680229,0.860304,0.731246,0.641887,0.7853
0.827768,0.815297,0.846004,0.760402,0.925499,0.849824,0.782558,0.832232,0.817604,0.665637,0.782057,0.46643,0.756385,0.960278,0.894605,0.663677,0.810858,0.906668,0.861895,0.855732,0.91575,0.779755,0.926199,1,0.601249,0.820232,0.851073,0.791929,0.581186,0.548874,0.386429,0.741994,0.782777,0.864961,0.625267,0.802593,0.399272,0.78215,0.892691,0.835122,0.544646,0.839598,0.847314,0.750311,0.840775,0.818977,0.875753,0.8882,0.811618,0.860893,0.707405,0.755105,0.668685,0.526908,0.645312,0.931652,0.841061,0.738453,0.764222,0.443533,0.550782,0.687408,0.869939,0.891494,0.867311,0.780709,0.896858,0.963368,0.679262,0.842445,0.855981,0.804766,0.490907,0.490941,0.550512,0.875853,0.875554,0.764481,0.52244,0.241525,0.73343,0.902923,0.768138,0.658166,0.840466
0.69816,0.672007,0.67834,0.666502,0.521984,0.467507,0.380696,0.620368,0.469547,0.250453,0.643491,0.60209,0.653361,0.637463,0.599915,0.652648,0.644626,0.628277,0.578373,0.687661,0.628601,0.598061,0.467009,0.601249,1,0.530194,0.676725,0.539775,0.268066,0.413205,0.350907,0.455182,0.495742,0.627631,0.528066,0.536702,0.372238,0.531076,0.623523,0.73097,0.575449,0.594243,0.624189,0.600676,0.662936,0.713263,0.640729,0.535474,0.464119,0.554632,0.615142,0.500591,0.489461,0.435762,0.636221,0.559445,0.573916,0.652403,0.675031,0.263474,0.385112,0.465369,0.600906,0.621143,0.631336,0.539906,0.519942,0.596476,0.309058,0.563482,0.563456,0.575215,0.250426,0.589351,0.463631,0.695333,0.556696,0.434656,0.177995,-0.0261934,0.504562,0.658101,0.658892,0.550947,0.489546
0.810941,0.737359,0.77121,0.724717,0.764714,0.661237,0.67662,0.734413,0.646204,0.570292,0.715019,0.44696,0.71068,0.750608,0.766787,0.66212,0.722413,0.772862,0.796318,0.677354,0.755258,0.648464,0.707184,0.820232,0.530194,1,0.635648,0.689137,0.393709,0.477797,0.289746,0.631995,0.75434,0.753677,0.64694,0.720436,0.361415,0.625352,0.828301,0.727478,0.399483,0.740955,0.698538,0.671657,0.801011,0.772524,0.709623,0.776326,0.714066,0.67536,0.553904,0.525601,0.590152,0.460467,0.564091,0.810045,0.724122,0.655048,0.705667,0.558053,0.495306,0.57606,0.72082,0.728771,0.778093,0.617771,0.730187,0.79186,0.46826,0.635193,0.656278,0.593139,0.391866,0.547188,0.628126,0.755742,0.688991,0.666815,0.307507,0.0886961,0.616012,0.809323,0.676721,0.502589,0.785067
0.796593,0.765814,0.804668,0.701014,0.796624,0.805743,0.663363,0.721649,0.633717,0.583519,0.731553,0.57987,0.75874,0.881817,0.781621,0.719028,0.779577,0.803565,0.745648,0.875673,0.862862,0.660352,0.843841,0.851073,0.676725,0.635648,1,0.733914,0.389575,0.627093,0.367356,0.651839,0.62427,0.763449,0.519525,0.682469,0.352036,0.574219,0.793424,0.823173,0.587834,0.833439,0.865524,0.761562,0.781789,0.738495,0.814761,0.753421,0.67168,0.837908,0.594061,0.741175,0.589946,0.535141,0.685224,0.839593,0.723713,0.7944,0.774689,0.395939,0.396094,0.608202,0.736302,0.846932,0.820026,0.699166,0.717521,0.838249,0.648036,0.788449,0.821538,0.853035,0.402528,0.537655,0.435516,0.798765,0.769929,0.639243,0.410779,0.209512,0.565618,0.860582,0.726755,0.60032,0.737653
0.719981,0.747376,0.713323,0.697982,0.766065,0.728841,0.553701,0.732749,0.568637,0.477628,0.665137,0.474404,0.663273,0.808779,0.688653,0.678709,0.749075,0.751782,0.83135,0.760335,0.786842,0.648631,0.756871,0.791929,0.539775,0.689137,0.733914,1,0.474752,0.635686,0.407483,0.571193,0.675218,0.693365,0.60912,0.662513,0.183945,0.63462,0.760615,0.691008,0.58949,0.689249,0.831958,0.798371,0.709609,0.661922,0.662142,0.784879,0.791922,0.704402,0.763065,0.683237,0.728878,0.523205,0.659583,0.841199,0.744686,0.785432,0.801094,0.320714,0.458003,0.543892,0.7699,0.808206,0.8544,0.56062,0.700227,0.785636,0.617851,0.783458,0.771629,0.57354,0.527087,0.367798,0.452361,0.76545,0.794916,0.516966,0.485397,0.110401,0.602874,0.803819,0.786198,0.564615,0.740863
0.479313,0.51129,0.41198,0.403225,0.581437,0.393703,0.385227,0.441371,0.492003,0.30659,0.319785,0.190308,0.443941,0.48085,0.476417,0.384705,0.518029,0.459802,0.399111,0.359551,0.445915,0.371297,0.469078,0.581186,0.268066,0.393709,0.389575,0.474752,1,0.362703,0.504931,0.351451,0.437275,0.386895,0.331703,0.467591,0.146718,0.566647,0.515463,0.535079,0.426539,0.391385,0.47023,0.384498,0.377843,0.329916,0.511915,0.471691,0.371964,0.475882,0.477888,0.362232,0.324764,0.299424,0.412549,0.553991,0.466795,0.349862,0.398849,0.100479,0.280321,0.43419,0.567752,0.479839,0.47574,0.553568,0.561505,0.545831,0.402794,0.593898,0.544836,0.415141,0.559931,-0.0018515,0.279262,0.616502,0.550441,0.433805,0.37153,0.231339,0.570144,0.541156,0.427935,0.299907,0.43618
0.584091,0.573377,0.605566,0.569992,0.580091,0.464548,0.446856,0.478774,0.464347,0.539074,0.532592,0.399144,0.675358,0.567184,0.361759,0.633296,0.640778,0.523903,0.560044,0.625799,0.698994,0.260131,0.527351,0.548874,0.413205,0.477797,0.627093,0.635686,0.362703,1,0.227446,0.434797,0.499059,0.489764,0.414188,0.573941,0.299828,0.455802,0.645281,0.61418,0.378108,0.61938,0.708244,0.62649,0.608949,0.50259,0.563186,0.602175,0.438675,0.484009,0.44272,0.546883,0.720726,0.531914,0.564402,0.708837,0.48422,0.688729,0.623668,0.385098,0.389706,0.365432,0.550189,0.600983,0.711936,0.438214,0.477895,0.558087,0.459232,0.676818,0.662711,0.550553,0.538438,0.247564,0.189794,0.630924,0.565728,0.443354,0.22997,0.0761358,0.51571,0.636257,0.421805,0.394898,0.452251
0.325164,0.330496,0.253627,0.230111,0.363071,0.272614,0.229276,0.254355,0.154476,0.224229,0.171121,0.413318,0.365171,0.358756,0.303905,0.301399,0.337133,0.331492,0.34987,0.241922,0.227765,0.330386,0.354472,0.386429,0.350907,0.289746,0.367356,0.407483,0.504931,0.227446,1,0.206065,0.207361,0.250197,0.169942,0.324903,-0.0953347,0.414992,0.336096,0.33458,0.671208,0.296544,0.291963,0.346263,0.208145,0.236177,0.355801,0.370133,0.263044,0.467019,0.414715,0.226994,0.154163,0.226784,0.372854,0.299512,0.352592,0.255718,0.312634,0.177623,0.37207,0.393205,0.393153,0.359548,0.334378,0.365573,0.373027,0.405947,0.437198,0.402101,0.376268,0.254539,0.49417,0.199354,0.375245,0.476907,0.343439,0.525818,0.0823165,0.160592,0.363016,0.405126,0.422401,0.121498,0.394671
0.633337,0.614996,0.666012,0.592477,0.77584,0.623465,0.570945,0.690171,0.64112,0.430596,0.679432,0.144327,0.537319,0.699106,0.689039,0.432245,0.54673,0.647475,0.705365,0.643698,0.706395,0.508402,0.64921,0.741994,0.455182,0.631995,0.651839,0.571193,0.351451,0.434797,0.206065,1,0.630064,0.726191,0.458005,0.605356,0.438103,0.550543,0.692376,0.685104,0.402442,0.64373,0.702292,0.50632,0.666102,0.633387,0.613245,0.603004,0.518696,0.636095,0.410859,0.495177,0.451777,0.297658,0.358052,0.710148,0.564986,0.493506,0.548649,0.333798,0.275841,0.411374,0.691257,0.630555,0.674465,0.53881,0.622966,0.682605,0.492315,0.705987,0.666952,0.695501,0.244651,0.496056,0.420337,0.694531,0.617283,0.460111,0.421055,0.424593,0.541827,0.676243,0.508374,0.428181,0.64595
0.667439,0.646118,0.702441,0.582628,0.737412,0.627266,0.742233,0.677277,0.749375,0.494502,0.714867,0.3657,0.671436,0.752235,0.715321,0.55478,0.690829,0.744837,0.694684,0.749949,0.750035,0.527214,0.75529,0.782777,0.495742,0.75434,0.62427,0.675218,0.437275,0.499059,0.207361,0.630064,1,0.753693,0.552544,0.75428,0.291516,0.640226,0.768929,0.653488,0.412618,0.688624,0.720042,0.62406,0.760634,0.743211,0.69014,0.678414,0.634497,0.547831,0.616243,0.596216,0.585231,0.492446,0.541346,0.761309,0.697353,0.616321,0.617097,0.252215,0.353526,0.644859,0.640231,0.699516,0.739241,0.580295,0.698377,0.765203,0.406646,0.600339,0.628329,0.610852,0.311569,0.349938,0.488046,0.775257,0.622355,0.587035,0.316202,0.100473,0.53525,0.70297,0.549226,0.585217,0.639464
0.76602,0.736073,0.781291,0.701627,0.763288,0.731906,0.810897,0.704833,0.773066,0.585036,0.797664,0.366342,0.714351,0.862452,0.825206,0.617303,0.706624,0.784418,0.795827,0.785068,0.858325,0.740123,0.810117,0.864961,0.627631,0.753677,0.763449,0.693365,0.386895,0.489764,0.250197,0.726191,0.753693,1,0.676899,0.698076,0.342625,0.788905,0.843499,0.766777,0.47191,0.765342,0.746749,0.61981,0.783355,0.787777,0.739348,0.825377,0.732766,0.690341,0.640377,0.645808,0.71837,0.428356,0.57202,0.83097,0.74638,0.666875,0.731045,0.462328,0.420563,0.668488,0.760866,0.815472,0.822512,0.749879,0.80242,0.853372,0.577079,0.778593,0.72495,0.738268,0.260296,0.520554,0.582895,0.829257,0.802765,0.605562,0.377262,0.195752,0.712819,0.805999,0.646017,0.705586,0.724448
0.621355,0.544541,0.630052,0.612764,0.557022,0.512866,0.457274,0.574556,0.447405,0.374426,0.581387,0.276233,0.509483,0.58554,0.518465,0.478638,0.529165,0.584304,0.759444,0.537623,0.642612,0.590407,0.549399,0.625267,0.528066,0.64694,0.519525,0.60912,0.331703,0.414188,0.169942,0.458005,0.552544,0.676899,1,0.554065,0.443823,0.611449,0.663255,0.587405,0.305225,0.533989,0.570526,0.467848,0.62987,0.642759,0.526517,0.644989,0.515524,0.471341,0.518665,0.417536,0.649515,0.259179,0.376986,0.711693,0.66038,0.525181,0.543435,0.412635,0.351624,0.42936,0.617968,0.603402,0.667978,0.432265,0.589368,0.638421,0.284143,0.485161,0.56787,0.373461,0.306901,0.462169,0.417558,0.626151,0.608938,0.546218,0.154416,0.104338,0.585822,0.630854,0.50019,0.537536,0.659919
0.723451,0.717678,0.760766,0.633766,0.779241,0.559209,0.596586,0.669289,0.652726,0.584691,0.71368,0.482975,0.751088,0.783862,0.674455,0.643893,0.725297,0.740919,0.747314,0.733505,0.771192,0.628625,0.768034,0.802593,0.536702,0.720436,0.682469,0.662513,0.467591,0.573941,0.324903,0.605356,0.75428,0.698076,0.554065,1,0.441703,0.553259,0.810339,0.696766,0.540733,0.726446,0.760713,0.690597,0.803827,0.81039,0.783622,0.751301,0.56862,0.630808,0.534644,0.631186,0.624237,0.598341,0.63417,0.785371,0.63246,0.626141,0.687431,0.223638,0.626393,0.520472,0.652411,0.738845,0.691475,0.641168,0.713003,0.764958,0.426223,0.729737,0.71088,0.692315,0.42712,0.406684,0.458159,0.801554,0.67581,0.678784,0.250531,0.0965889,0.667402,0.777419,0.589382,0.714233,0.651527
0.380122,0.351133,0.476026,0.394612,0.341089,0.311297,0.144843,0.378654,0.327837,0.206792,0.361635,0.131019,0.408013,0.36962,0.274187,0.295109,0.414436,0.441442,0.33351,0.416821,0.434142,0.321643,0.298325,0.399272,0.372238,0.361415,0.352036,0.183945,0.146718,0.299828,-0.0953347,0.438103,0.291516,0.342625,0.443823,0.441703,1,0.387021,0.447869,0.490171,0.132801,0.520242,0.377758,0.262253,0.436374,0.409328,0.343912,0.37709,0.166678,0.29952,0.243958,0.204946,0.353126,0.151533,0.272478,0.42707,0.307239,0.320348,0.345477,0.22314,0.236936,0.318475,0.383925,0.381038,0.379923,0.28707,0.381168,0.369123,-0.0199241,0.345637,0.344601,0.350973,0.09884,0.345487,0.0843118,0.258035,0.273881,0.235076,0.0929869,0.119226,0.478763,0.433499,0.157597,0.395049,0.350864
0.605478,0.611667,0.639924,0.617726,0.67819,0.662684,0.679156,0.581057,0.730814,0.457828,0.61384,0.260567,0.590867,0.74828,0.665692,0.441029,0.621056,0.709592,0.640632,0.653524,0.737264,0.686842,0.658936,0.78215,0.531076,0.625352,0.574219,0.63462,0.566647,0.455802,0.414992,0.550543,0.640226,0.788905,0.611449,0.553259,0.387021,1,0.745922,0.675432,0.482722,0.62916,0.602056,0.468155,0.612214,0.579162,0.587424,0.770864,0.683864,0.622717,0.682399,0.531206,0.649186,0.328495,0.508768,0.733901,0.707107,0.508321,0.602137,0.408057,0.43506,0.645668,0.728083,0.704147,0.770046,0.651916,0.759751,0.784549,0.511243,0.70243,0.66524,0.569227,0.50082,0.29012,0.476591,0.712147,0.723053,0.554903,0.393189,0.306657,0.721895,0.673539,0.515205,0.51308,0.675085
0.897111,0.8848,0.881508,0.813835,0.841568,0.738215,0.721214,0.784899,0.766666,0.722771,0.859626,0.595556,0.846402,0.891794,0.833653,0.78214,0.870198,0.78972,0.838345,0.887568,0.926266,0.723311,0.843791,0.892691,0.623523,0.828301,0.793424,0.760615,0.515463,0.645281,0.336096,0.692376,0.768929,0.843499,0.663255,0.810339,0.447869,0.745922,1,0.853455,0.514341,0.813459,0.894801,0.825685,0.888304,0.863831,0.844302,0.883543,0.747598,0.7823,0.652815,0.746741,0.738979,0.612762,0.764266,0.936015,0.855301,0.818446,0.857693,0.452113,0.517854,0.679576,0.848802,0.901464,0.91596,0.750588,0.802005,0.896823,0.601996,0.848775,0.823108,0.754867,0.478623,0.512733,0.596485,0.856922,0.790358,0.677858,0.45452,0.242586,0.762701,0.93145,0.747513,0.617158,0.800164
0.857577,0.787606,0.851992,0.751327,0.79231,0.696284,0.660594,0.832169,0.692568,0.532989,0.759258,0.587282,0.807264,0.833479,0.799013,0.767877,0.837922,0.789285,0.764149,0.784603,0.851503,0.61304,0.762346,0.835122,0.73097,0.727478,0.823173,0.691008,0.535079,0.61418,0.33458,0.685104,0.653488,0.766777,0.587405,0.696766,0.490171,0.675432,0.853455,1,0.508286,0.779732,0.849631,0.738815,0.83116,0.765405,0.789534,0.773596,0.686978,0.756745,0.645895,0.675479,0.652409,0.568883,0.698107,0.849374,0.681735,0.794419,0.811784,0.434682,0.43184,0.580137,0.822873,0.847334,0.824206,0.701268,0.763907,0.842606,0.570005,0.817757,0.78746,0.749494,0.478137,0.509432,0.477837,0.794943,0.750061,0.578701,0.492063,0.214089,0.673663,0.883316,0.697359,0.563083,0.730717
0.461704,0.505201,0.363545,0.291284,0.439974,0.453116,0.449242,0.407171,0.370422,0.128258,0.417707,0.439151,0.482065,0.567235,0.483248,0.432873,0.475141,0.479561,0.536237,0.566249,0.494488,0.468664,0.470045,0.544646,0.575449,0.399483,0.587834,0.58949,0.426539,0.378108,0.671208,0.402442,0.412618,0.47191,0.305225,0.540733,0.132801,0.482722,0.514341,0.508286,1,0.494189,0.48929,0.527247,0.389126,0.491642,0.650054,0.5865,0.409067,0.564825,0.615376,0.417654,0.406602,0.313783,0.508369,0.491993,0.485274,0.447084,0.514809,0.0722087,0.459477,0.469557,0.507713,0.60113,0.561606,0.461899,0.437142,0.562956,0.405394,0.569487,0.52283,0.481204,0.409663,0.218282,0.410771,0.595532,0.547033,0.415321,0.225138,-0.0733071,0.359577,0.583362,0.6591,0.400372,0.413248
0.777305,0.720373,0.803603,0.72958,0.789555,0.755963,0.636393,0.719584,0.667934,0.652948,0.771094,0.507032,0.756337,0.825827,0.733747,0.692682,0.761351,0.819887,0.748129,0.817098,0.843834,0.626281,0.808391,0.839598,0.594243,0.740955,0.833439,0.689249,0.391385,0.61938,0.296544,0.64373,0.688624,0.765342,0.533989,0.726446,0.520242,0.62916,0.813459,0.779732,0.494189,1,0.803176,0.707353,0.781183,0.695713,0.746174,0.78905,0.654437,0.736123,0.688403,0.676853,0.653651,0.432132,0.616541,0.833218,0.717924,0.736052,0.727322,0.527062,0.385815,0.676028,0.73626,0.780358,0.790575,0.683484,0.799429,0.812364,0.61756,0.740056,0.761407,0.758794,0.285711,0.554409,0.357315,0.782019,0.681064,0.637854,0.385687,0.149455,0.727047,0.877341,0.675585,0.630631,0.724202
0.903457,0.904778,0.912912,0.83839,0.863043,0.755393,0.600613,0.817537,0.657479,0.709823,0.836865,0.647789,0.851898,0.875734,0.795377,0.8529,0.912457,0.790163,0.822858,0.883439,0.895064,0.670404,0.832599,0.847314,0.624189,0.698538,0.865524,0.831958,0.47023,0.708244,0.291963,0.702292,0.720042,0.746749,0.570526,0.760713,0.377758,0.602056,0.894801,0.849631,0.48929,0.803176,1,0.908183,0.91061,0.830756,0.80604,0.794161,0.71544,0.775163,0.655484,0.81478,0.692485,0.679469,0.797787,0.904576,0.788065,0.90572,0.909355,0.40199,0.410713,0.603978,0.814544,0.884518,0.899288,0.696816,0.74661,0.843306,0.593462,0.843116,0.883142,0.794025,0.484395,0.541422,0.474556,0.844748,0.737301,0.616688,0.50916,0.25993,0.649333,0.913439,0.760074,0.574265,0.748206
0.85474,0.893884,0.819664,0.77229,0.734862,0.663735,0.504085,0.751642,0.544198,0.716631,0.743965,0.805641,0.851703,0.803597,0.723179,0.884217,0.917142,0.730602,0.733022,0.830512,0.77806,0.621068,0.759817,0.750311,0.600676,0.671657,0.761562,0.798371,0.384498,0.62649,0.346263,0.50632,0.62406,0.61981,0.467848,0.690597,0.262253,0.468155,0.825685,0.738815,0.527247,0.707353,0.908183,1,0.828627,0.814046,0.801662,0.775245,0.664296,0.742172,0.671377,0.79639,0.646374,0.784125,0.88635,0.814904,0.790544,0.927706,0.911165,0.322436,0.502979,0.648496,0.764964,0.871529,0.821989,0.656663,0.674639,0.767468,0.551214,0.728129,0.793056,0.663279,0.443407,0.505175,0.55008,0.752266,0.667187,0.624913,0.413999,0.081837,0.539634,0.86296,0.81921,0.533502,0.637162
0.92847,0.880943,0.975785,0.855076,0.851936,0.663171,0.651573,0.828113,0.651205,0.724122,0.867968,0.660348,0.883723,0.868246,0.824098,0.848207,0.898558,0.780153,0.823541,0.819166,0.85729,0.678974,0.805138,0.840775,0.662936,0.801011,0.781789,0.709609,0.377843,0.608949,0.208145,0.666102,0.760634,0.783355,0.62987,0.803827,0.436374,0.612214,0.888304,0.83116,0.389126,0.781183,0.91061,0.828627,1,0.903445,0.805552,0.775767,0.695563,0.693826,0.559783,0.771842,0.655945,0.696746,0.764809,0.864157,0.753402,0.843654,0.880002,0.451908,0.454203,0.547254,0.736069,0.829697,0.82613,0.680834,0.777399,0.861561,0.461469,0.733395,0.819793,0.750799,0.404741,0.618439,0.486899,0.835085,0.658579,0.670692,0.409613,0.186531,0.643092,0.860991,0.709489,0.63794,0.742506
0.868405,0.850935,0.875409,0.754808,0.760531,0.596803,0.620628,0.770838,0.679623,0.649212,0.825605,0.641173,0.820161,0.827399,0.784818,0.775058,0.823342,0.760329,0.788315,0.825538,0.822166,0.7154,0.784689,0.818977,0.713263,0.772524,0.738495,0.661922,0.329916,0.50259,0.236177,0.633387,0.743211,0.787777,0.642759,0.81039,0.409328,0.579162,0.863831,0.765405,0.491642,0.695713,0.830756,0.814046,0.903445,1,0.84629,0.764163,0.618909,0.661066,0.578391,0.741243,0.659656,0.631318,0.727562,0.803789,0.766804,0.773585,0.826199,0.361421,0.52774,0.575131,0.708114,0.811637,0.791129,0.645359,0.706417,0.824754,0.36283,0.682854,0.76911,0.696558,0.374242,0.58176,0.640241,0.811417,0.705272,0.672492,0.298195,0.0908641,0.605383,0.822834,0.728048,0.612468,0.653663
0.813744,0.820978,0.783078,0.644744,0.794177,0.730629,0.730501,0.767658,0.71083,0.62374,0.722637,0.61692,0.791642,0.884219,0.808282,0.716496,0.802241,0.783603,0.7634,0.850194,0.837294,0.665977,0.822803,0.875753,0.640729,0.709623,0.814761,0.662142,0.511915,0.563186,0.355801,0.613245,0.69014,0.739348,0.526517,0.783622,0.343912,0.587424,0.844302,0.789534,0.650054,0.746174,0.80604,0.801662,0.805552,0.84629,1,0.843873,0.656298,0.806048,0.640547,0.768319,0.628888,0.627413,0.717846,0.839994,0.801381,0.768435,0.765927,0.344225,0.610682,0.640178,0.772609,0.881267,0.767026,0.76967,0.781466,0.884396,0.594077,0.756447,0.804394,0.802802,0.483823,0.389217,0.533353,0.796447,0.789187,0.734431,0.436883,0.0810301,0.617713,0.861386,0.804183,0.637967,0.641889
0.773223,0.779105,0.77251,0.738712,0.778417,0.813764,0.757709,0.761582,0.705868,0.666147,0.716858,0.490036,0.749351,0.891409,0.788391,0.640933,0.784791,0.814113,0.839146,0.804476,0.874485,0.777701,0.84065,0.8882,0.535474,0.776326,0.753421,0.784879,0.471691,0.602175,0.370133,0.603004,0.678414,0.825377,0.644989,0.751301,0.37709,0.770864,0.883543,0.773596,0.5865,0.78905,0.794161,0.775245,0.775767,0.764163,0.843873,1,0.781146,0.836618,0.761402,0.771645,0.780598,0.605056,0.69162,0.916934,0.867621,0.742568,0.789528,0.516672,0.634705,0.720227,0.874378,0.889805,0.859554,0.723768,0.882449,0.910541,0.691832,0.820567,0.794833,0.738106,0.483676,0.375526,0.560238,0.781957,0.829594,0.72034,0.535147,0.209584,0.744834,0.900088,0.766197,0.686017,0.805529
0.661917,0.650231,0.686988,0.617972,0.752959,0.824345,0.722116,0.694455,0.715406,0.522317,0.625092,0.436012,0.590021,0.822637,0.74048,0.567202,0.698222,0.777106,0.758311,0.714886,0.803332,0.66821,0.765377,0.811618,0.464119,0.714066,0.67168,0.791922,0.371964,0.438675,0.263044,0.518696,0.634497,0.732766,0.515524,0.56862,0.166678,0.683864,0.747598,0.686978,0.409067,0.654437,0.71544,0.664296,0.695563,0.618909,0.656298,0.781146,1,0.729528,0.64275,0.630438,0.649573,0.43656,0.548283,0.788351,0.725821,0.707312,0.684879,0.425366,0.472605,0.57597,0.778082,0.796275,0.80529,0.651765,0.73061,0.817558,0.638461,0.725605,0.647023,0.569194,0.409738,0.406334,0.52084,0.66375,0.768822,0.557005,0.537162,0.0776742,0.512356,0.757969,0.756583,0.514772,0.782299
0.744675,0.731724,0.735206,0.703513,0.805499,0.824589,0.63748,0.761328,0.586364,0.600815,0.651423,0.534695,0.642398,0.85089,0.798962,0.589387,0.719934,0.803535,0.756007,0.767255,0.794815,0.724496,0.821434,0.860893,0.554632,0.67536,0.837908,0.704402,0.475882,0.484009,0.467019,0.636095,0.547831,0.690341,0.471341,0.630808,0.29952,0.622717,0.7823,0.756745,0.564825,0.736123,0.775163,0.742172,0.693826,0.661066,0.806048,0.836618,0.729528,1,0.619344,0.711055,0.533544,0.512988,0.627016,0.823287,0.776477,0.705965,0.673579,0.462204,0.555161,0.62707,0.848841,0.839086,0.753715,0.742255,0.798589,0.857306,0.751502,0.774957,0.741638,0.816697,0.438816,0.495079,0.510253,0.726998,0.801634,0.742077,0.590972,0.285099,0.599908,0.863996,0.771894,0.523463,0.823195
0.626248,0.657807,0.572965,0.625809,0.598498,0.700973,0.552118,0.674524,0.593668,0.360499,0.559387,0.438055,0.52617,0.701733,0.673349,0.511263,0.630774,0.710292,0.667502,0.6976,0.652461,0.638054,0.632075,0.707405,0.615142,0.553904,0.594061,0.763065,0.477888,0.44272,0.414715,0.410859,0.616243,0.640377,0.518665,0.534644,0.243958,0.682399,0.652815,0.645895,0.615376,0.688403,0.655484,0.671377,0.559783,0.578391,0.640547,0.761402,0.64275,0.619344,1,0.640039,0.590792,0.460212,0.599138,0.686998,0.774691,0.618503,0.65831,0.333689,0.395715,0.73964,0.781843,0.704877,0.715019,0.54616,0.709397,0.703722,0.591879,0.654009,0.651807,0.515687,0.353502,0.275645,0.418727,0.677453,0.661163,0.473855,0.462274,0.0917741,0.62341,0.737897,0.724531,0.555866,0.594155
0.707096,0.763834,0.782494,0.738575,0.744981,0.649005,0.596097,0.766181,0.572615,0.740243,0.763891,0.564699,0.726968,0.836109,0.721109,0.653592,0.779303,0.629041,0.668188,0.788779,0.788865,0.634702,0.808369,0.755105,0.500591,0.525601,0.741175,0.683237,0.362232,0.546883,0.226994,0.495177,0.596216,0.645808,0.417536,0.631186,0.204946,0.531206,0.746741,0.675479,0.417654,0.676853,0.81478,0.79639,0.771842,0.741243,0.768319,0.771645,0.630438,0.711055,0.640039,1,0.644071,0.693488,0.741794,0.773482,0.767048,0.757392,0.777849,0.306917,0.427834,0.552931,0.69011,0.774272,0.715942,0.642949,0.761905,0.812205,0.633395,0.741267,0.849467,0.758609,0.462447,0.353625,0.322623,0.710834,0.67637,0.563292,0.567298,0.24748,0.530636,0.754088,0.721548,0.58193,0.634102
0.605532,0.604087,0.655834,0.595865,0.585517,0.544983,0.587756,0.53557,0.608072,0.550724,0.662293,0.390737,0.707903,0.702243,0.490534,0.642776,0.699251,0.642898,0.712379,0.694448,0.814033,0.518413,0.668972,0.668685,0.489461,0.590152,0.589946,0.728878,0.324764,0.720726,0.154163,0.451777,0.585231,0.71837,0.649515,0.624237,0.353126,0.649186,0.738979,0.652409,0.406602,0.653651,0.692485,0.646374,0.655945,0.659656,0.628888,0.780598,0.649573,0.533544,0.590792,0.644071,1,0.435957,0.57146,0.793383,0.647949,0.736634,0.696155,0.365747,0.493607,0.477787,0.649481,0.768191,0.786679,0.583636,0.669661,0.704997,0.448782,0.735112,0.652802,0.501567,0.402817,0.292386,0.346474,0.672676,0.72731,0.496469,0.286124,-0.0639195,0.669339,0.720095,0.61791,0.581971,0.548495
