1,0.886649,0.929801,0.865294,0.742326,0.831653,0.41036,0.651651,0.705978,0.774532,0.812793,0.581754,0.741339,0.852561,0.703954,0.686898,0.870971,0.647317,0.591979,0.792637,0.748124,0.61127,0.745805,0.894796,0.402911,0.656051,0.853726,0.633638,0.142873,0.261658,0.539901,0.605318,0.828377,0.799534,0.650654,0.407432,0.272456,0.716732,0.916616,0.859116,0.446064,0.844641,0.941333,0.923163,0.89086,0.824035,0.859993,0.757352,0.283966,0.528327,0.544697,0.794661,0.858312,0.624523,0.784325,0.798485,0.729899,0.722199,0.735251,0.710054,0.596887,0.73581,0.643613,0.859158,0.839082,0.727677,0.776959,0.94014,0.642887,0.789599,0.809857,0.709821,0.33938,0.485632,0.445684,0.834869,0.83153,0.756207,0.492189,0.435158,0.440673,0.848537,0.742567,0.624727,0.821793
0.886649,1,0.872249,0.779315,0.732657,0.792587,0.453567,0.64306,0.640306,0.760403,0.718025,0.715623,0.809856,0.811236,0.68713,0.751367,0.810455,0.673753,0.643077,0.811827,0.782327,0.541605,0.712815,0.868198,0.403694,0.506649,0.820933,0.647626,0.207702,0.336299,0.451575,0.639968,0.836085,0.754032,0.621343,0.501096,0.23583,0.705905,0.861023,0.803298,0.596455,0.798346,0.890713,0.911548,0.825879,0.770385,0.8846,0.742524,0.346812,0.444684,0.571087,0.742749,0.787554,0.743805,0.820081,0.800848,0.774565,0.794696,0.79992,0.707388,0.624843,0.635,0.786238,0.877138,0.88861,0.630834,0.712585,0.874483,0.632207,0.725715,0.782235,0.630755,0.281312,0.42917,0.468942,0.832383,0.793559,0.679029,0.501039,0.407471,0.339009,0.848314,0.756102,0.550216,0.675592
0.929801,0.872249,1,0.898444,0.730441,0.79194,0.397711,0.582969,0.693308,0.875597,0.904861,0.59987,0.840551,0.791843,0.65186,0.73834,0.886344,0.651736,0.668428,0.863945,0.802785,0.675232,0.716275,0.861139,0.475183,0.612074,0.87439,0.565509,0.13141,0.382575,0.470823,0.600324,0.831492,0.806124,0.72728,0.499093,0.343845,0.729235,0.931068,0.832275,0.363549,0.835294,0.922498,0.890933,0.960517,0.859716,0.856148,0.782449,0.2804,0.558101,0.511149,0.871927,0.897502,0.661737,0.844571,0.769966,0.736475,0.805634,0.767299,0.737295,0.606859,0.688467,0.584651,0.907561,0.857957,0.794648,0.74059,0.943325,0.730372,0.757486,0.794098,0.683769,0.189695,0.381555,0.496189,0.887436,0.841078,0.744756,0.498526,0.516759,0.414389,0.909701,0.817017,0.50478,0.821541
0.865294,0.779315,0.898444,1,0.699432,0.699632,0.437539,0.608987,0.696896,0.745767,0.847977,0.486625,0.742378,0.724054,0.637162,0.781005,0.866496,0.633885,0.670446,0.777993,0.796555,0.706031,0.687586,0.849186,0.476953,0.638369,0.784945,0.598645,0.165411,0.237551,0.533778,0.587632,0.727532,0.804331,0.725593,0.401792,0.316723,0.552895,0.86744,0.800391,0.34483,0.756476,0.867131,0.847065,0.894926,0.820231,0.794737,0.802422,0.2412,0.532732,0.480955,0.863986,0.814327,0.60498,0.83816,0.732843,0.636954,0.775756,0.737961,0.610696,0.64315,0.613163,0.538755,0.847945,0.743558,0.704254,0.764241,0.868837,0.668441,0.740351,0.754571,0.764609,0.251111,0.49444,0.504725,0.841878,0.753794,0.708371,0.527591,0.495626,0.363342,0.839478,0.761194,0.493359,0.709009
0.742326,0.732657,0.730441,0.699432,1,0.744812,0.298363,0.469209,0.638628,0.539175,0.68302,0.572246,0.537181,0.713567,0.605295,0.551983,0.558488,0.628884,0.699586,0.612074,0.571171,0.336084,0.477802,0.781485,0.546069,0.462416,0.655045,0.641093,0.258962,0.19089,0.391175,0.493829,0.66282,0.719632,0.563699,0.430883,0.0104262,0.528957,0.631106,0.60075,0.283887,0.57934,0.735533,0.778539,0.649874,0.583998,0.675648,0.667019,0.0615883,0.333687,0.511469,0.620894,0.616528,0.54269,0.654755,0.708192,0.528504,0.54353,0.648138,0.513624,0.525986,0.546336,0.549577,0.632379,0.619322,0.49599,0.567221,0.744511,0.578611,0.440328,0.630658,0.40106,0.428271,0.289949,0.321678,0.769384,0.632029,0.487232,0.342294,0.478666,0.464836,0.561421,0.52749,0.613608,0.661685
0.831653,0.792587,0.79194,0.699632,0.744812,1,0.296704,0.524432,0.741899,0.612736,0.634916,0.535353,0.610422,0.784255,0.636043,0.612005,0.621359,0.623734,0.630521,0.722106,0.689259,0.354576,0.604798,0.806273,0.509552,0.542659,0.734495,0.527238,0.241653,0.276981,0.430196,0.543413,0.787721,0.686843,0.559688,0.487172,0.231976,0.507178,0.716138,0.665317,0.351311,0.684705,0.768647,0.83863,0.68375,0.643387,0.70269,0.593423,0.151777,0.497131,0.439825,0.596597,0.698705,0.588044,0.645884,0.716361,0.481252,0.612876,0.595123,0.580963,0.426172,0.60226,0.604877,0.683073,0.692874,0.5496,0.647022,0.809271,0.585104,0.487633,0.648027,0.539138,0.281242,0.285966,0.43943,0.794893,0.681164,0.60099,0.287486,0.477097,0.306632,0.648107,0.535785,0.581336,0.660612
0.41036,0.453567,0.397711,0.437539,0.298363,0.296704,1,0.743112,0.419869,0.294876,0.299673,0.465875,0.417552,0.43691,0.247926,0.380398,0.532598,0.414282,0.184351,0.395522,0.426596,0.328422,0.483652,0.488225,0.289903,0.0316083,0.50539,0.384521,0.227447,0.0606617,0.312469,0.302618,0.360308,0.439518,0.244569,0.378656,0.214386,0.392469,0.412214,0.343401,0.310047,0.360833,0.409964,0.424651,0.418202,0.481379,0.392004,0.44019,0.750625,0.405615,0.480405,0.352871,0.301764,0.383974,0.416356,0.339935,0.390255,0.371368,0.543221,0.382096,0.290255,0.232711,0.396738,0.522257,0.435435,0.30607,0.623848,0.400991,0.162708,0.389777,0.563976,0.469048,0.155685,0.412554,0.301281,0.30871,0.402205,0.438939,0.409838,0.185192,0.133953,0.496951,0.404954,0.108,0.115838
0.651651,0.64306,0.582969,0.608987,0.469209,0.524432,0.743112,1,0.592563,0.463358,0.486229,0.518277,0.508973,0.524482,0.393228,0.491808,0.635087,0.48631,0.320363,0.531142,0.516662,0.414469,0.57402,0.66598,0.193573,0.200336,0.622235,0.521807,0.0609972,0.113889,0.402269,0.410474,0.516225,0.559907,0.445492,0.376381,0.287436,0.472739,0.605093,0.563455,0.508296,0.52362,0.599327,0.608095,0.569896,0.571188,0.601475,0.611857,0.562469,0.439716,0.586337,0.514786,0.537845,0.450005,0.570663,0.451887,0.616845,0.488415,0.528285,0.509841,0.335018,0.479731,0.497595,0.603223,0.574432,0.381366,0.714903,0.601391,0.355355,0.487357,0.611194,0.485743,0.175837,0.416809,0.186433,0.474838,0.580413,0.545231,0.385146,0.281228,0.0718481,0.638445,0.499319,0.322082,0.283906
0.705978,0.640306,0.693308,0.696896,0.638628,0.741899,0.419869,0.592563,1,0.533744,0.564011,0.443815,0.467631,0.692699,0.747602,0.487418,0.566359,0.671449,0.524968,0.660384,0.643516,0.328043,0.571912,0.75975,0.439577,0.386738,0.638614,0.58655,0.246421,0.169481,0.466255,0.499801,0.651963,0.616641,0.515701,0.331424,0.190716,0.516821,0.617193,0.496535,0.293747,0.59479,0.66382,0.737955,0.611797,0.651311,0.57244,0.598358,0.317364,0.439683,0.506377,0.665501,0.588409,0.421944,0.571927,0.678426,0.387623,0.523312,0.555799,0.527376,0.447341,0.502702,0.443998,0.622953,0.613273,0.503688,0.58371,0.662067,0.464402,0.36708,0.503315,0.569,0.157448,0.444516,0.391405,0.609343,0.659283,0.577331,0.270676,0.393864,0.17506,0.612787,0.502758,0.369406,0.473852
0.774532,0.760403,0.875597,0.745767,0.539175,0.612736,0.294876,0.463358,0.533744,1,0.828491,0.635286,0.836044,0.687261,0.555256,0.739216,0.807771,0.441206,0.587859,0.817537,0.719932,0.561991,0.671478,0.709571,0.243908,0.503383,0.783803,0.501933,0.152978,0.471681,0.288396,0.40033,0.754667,0.655685,0.592028,0.482237,0.441976,0.683697,0.854567,0.718699,0.300941,0.768301,0.824515,0.726566,0.877298,0.783344,0.83942,0.645489,0.32818,0.549397,0.289084,0.798679,0.848559,0.642338,0.785512,0.70787,0.675095,0.760784,0.646393,0.680035,0.583451,0.537771,0.48527,0.832906,0.80963,0.776516,0.629864,0.808914,0.669999,0.654533,0.582618,0.533282,-0.00516793,0.262985,0.432594,0.725433,0.744885,0.676415,0.451005,0.354094,0.314362,0.865045,0.827666,0.258755,0.7169
0.812793,0.718025,0.904861,0.847977,0.68302,0.634916,0.299673,0.486229,0.564011,0.828491,1,0.510742,0.822228,0.640578,0.520333,0.716957,0.853884,0.519774,0.639538,0.783147,0.70779,0.665737,0.589397,0.743739,0.429286,0.593647,0.761048,0.480371,0.186155,0.365112,0.443005,0.462816,0.72366,0.74634,0.758903,0.521028,0.295946,0.658357,0.859919,0.822266,0.253844,0.748365,0.839624,0.762319,0.926631,0.77394,0.775869,0.684191,0.182361,0.48211,0.319905,0.846156,0.872928,0.551019,0.818946,0.607851,0.660744,0.740499,0.701541,0.611437,0.497022,0.583567,0.413277,0.816046,0.753771,0.798955,0.636583,0.84181,0.775849,0.709885,0.666183,0.592401,0.160392,0.189874,0.415299,0.858159,0.785853,0.70885,0.437949,0.532422,0.391286,0.841179,0.803646,0.473114,0.805149
0.581754,0.715623,0.59987,0.486625,0.572246,0.535353,0.465875,0.518277,0.443815,0.635286,0.510742,1,0.703748,0.599184,0.447941,0.758053,0.634479,0.508653,0.44895,0.653794,0.681657,0.312577,0.518121,0.638488,0.269605,0.371157,0.595361,0.523006,0.342351,0.313735,0.0758635,0.486065,0.720746,0.553657,0.489257,0.60387,0.222537,0.571654,0.651465,0.575885,0.406456,0.584609,0.655298,0.677449,0.559515,0.537633,0.728608,0.598329,0.359842,0.310569,0.31654,0.546488,0.675113,0.758689,0.752096,0.653833,0.578635,0.739742,0.670392,0.632881,0.565248,0.306101,0.661636,0.699431,0.71869,0.447716,0.618088,0.619671,0.46501,0.356966,0.450763,0.383688,0.0760369,0.139564,0.32232,0.557414,0.584609,0.43147,0.337113,0.289102,0.187898,0.620123,0.519175,0.47543,0.383468
0.741339,0.809856,0.840551,0.742378,0.537181,0.610422,0.417552,0.508973,0.467631,0.836044,0.822228,0.703748,1,0.66825,0.531913,0.823259,0.872488,0.601149,0.548297,0.820515,0.815952,0.645923,0.6759,0.747983,0.397153,0.550319,0.760901,0.43185,0.270835,0.49172,0.326945,0.562907,0.753554,0.681268,0.702074,0.607346,0.330547,0.74093,0.857281,0.784553,0.416362,0.787408,0.794476,0.759564,0.844137,0.799124,0.838866,0.694888,0.375763,0.489694,0.305968,0.765082,0.843814,0.720161,0.866657,0.668922,0.726604,0.880761,0.806389,0.599188,0.517204,0.469291,0.601893,0.877812,0.89056,0.713122,0.722648,0.825859,0.691678,0.714713,0.70689,0.590819,0.0106645,0.198388,0.488633,0.799148,0.777878,0.624377,0.490901,0.428617,0.322758,0.876541,0.846295,0.437946,0.627755
0.852561,0.811236,0.791843,0.724054,0.713567,0.784255,0.43691,0.524482,0.692699,0.687261,0.640578,0.599184,0.66825,1,0.786794,0.614719,0.727437,0.725492,0.543319,0.718677,0.695371,0.455432,0.788901,0.896054,0.434444,0.607238,0.773777,0.66474,0.290734,0.317581,0.354593,0.64757,0.764233,0.743471,0.459756,0.463333,0.236181,0.688488,0.79563,0.687256,0.538915,0.783795,0.849915,0.869857,0.74358,0.787014,0.716035,0.657239,0.362778,0.608657,0.543457,0.684995,0.71016,0.586957,0.680718,0.904214,0.633324,0.623786,0.798223,0.669895,0.638087,0.632637,0.642109,0.798775,0.852613,0.558087,0.72069,0.861094,0.420541,0.678239,0.774131,0.582227,0.358608,0.552677,0.591404,0.713976,0.800122,0.609875,0.54192,0.305084,0.403822,0.711564,0.660991,0.565374,0.710441
0.703954,0.68713,0.65186,0.637162,0.605295,0.636043,0.247926,0.393228,0.747602,0.555256,0.520333,0.447941,0.531913,0.786794,1,0.539994,0.61801,0.633552,0.403078,0.619921,0.63943,0.323446,0.587167,0.770545,0.437365,0.560755,0.540556,0.639207,0.111089,0.331125,0.346536,0.566817,0.659647,0.617146,0.418959,0.264275,0.0732356,0.571165,0.66005,0.49276,0.448966,0.698951,0.669609,0.732143,0.588243,0.66334,0.644448,0.63613,0.183299,0.360208,0.334395,0.678867,0.585837,0.471962,0.552082,0.793026,0.472454,0.559269,0.648513,0.524773,0.671049,0.38832,0.502114,0.633398,0.73948,0.499723,0.479687,0.695401,0.36084,0.547169,0.551849,0.542648,0.327532,0.51169,0.492436,0.57533,0.585578,0.470763,0.381038,0.361518,0.244825,0.576902,0.527887,0.529204,0.58807
0.686898,0.751367,0.73834,0.781005,0.551983,0.612005,0.380398,0.491808,0.487418,0.739216,0.716957,0.758053,0.823259,0.614719,0.539994,1,0.798233,0.528772,0.568287,0.794588,0.863713,0.564495,0.627909,0.709161,0.402628,0.601525,0.641023,0.483507,0.272544,0.444765,0.269383,0.512877,0.760281,0.689025,0.645988,0.594396,0.329301,0.470917,0.779086,0.718861,0.368617,0.694577,0.737061,0.736951,0.742862,0.699128,0.812408,0.658094,0.225466,0.381682,0.201742,0.71158,0.795377,0.712006,0.840972,0.696918,0.579015,0.904946,0.745559,0.606324,0.64493,0.286325,0.605557,0.789827,0.762579,0.654807,0.696226,0.725261,0.583815,0.56072,0.553969,0.619221,0.105314,0.26085,0.536152,0.751506,0.63122,0.597437,0.456787,0.499324,0.104863,0.773891,0.685276,0.426742,0.548349
0.870971,0.810455,0.886344,0.866496,0.558488,0.621359,0.532598,0.635087,0.566359,0.807771,0.853884,0.634479,0.872488,0.727437,0.61801,0.798233,1,0.578707,0.512081,0.809121,0.797947,0.69784,0.776554,0.828946,0.362087,0.636283,0.83856,0.539344,0.163155,0.353521,0.498807,0.551579,0.784743,0.771559,0.706131,0.487351,0.380055,0.745436,0.915959,0.873605,0.427007,0.844043,0.875994,0.825586,0.908128,0.846044,0.85708,0.810493,0.427754,0.501617,0.409274,0.846426,0.861824,0.666437,0.844054,0.715964,0.734826,0.813491,0.793886,0.696915,0.605487,0.582609,0.566908,0.899886,0.860328,0.7939,0.814284,0.89559,0.654007,0.850824,0.803903,0.748338,0.163928,0.453672,0.506733,0.784861,0.76704,0.705715,0.586332,0.480262,0.397072,0.920915,0.791271,0.531173,0.689231
0.647317,0.673753,0.651736,0.633885,0.628884,0.623734,0.414282,0.48631,0.671449,0.441206,0.519774,0.508653,0.601149,0.725492,0.633552,0.528772,0.578707,1,0.545671,0.653993,0.702018,0.396052,0.585944,0.745771,0.471611,0.421492,0.609484,0.484575,0.327999,0.329573,0.440865,0.718617,0.646543,0.641635,0.5496,0.322228,0.0828435,0.523806,0.6182,0.501231,0.480022,0.622997,0.67268,0.77535,0.630534,0.659234,0.53995,0.637449,0.345209,0.54533,0.464135,0.67453,0.600611,0.497379,0.610276,0.725093,0.527763,0.674567,0.795139,0.510984,0.521907,0.50754,0.676069,0.701153,0.723687,0.462427,0.589228,0.71685,0.4326,0.471767,0.653096,0.47235,0.197058,0.401213,0.654489,0.691198,0.694038,0.439413,0.476489,0.28262,0.240018,0.596919,0.546914,0.511659,0.486738
0.591979,0.643077,0.668428,0.670446,0.699586,0.630521,0.184351,0.320363,0.524968,0.587859,0.639538,0.44895,0.548297,0.543319,0.403078,0.568287,0.512081,0.545671,1,0.701337,0.595524,0.389746,0.46189,0.625033,0.310534,0.425649,0.646111,0.480623,0.406008,0.0960224,0.477645,0.443829,0.671974,0.670975,0.703576,0.285019,0.0428592,0.347234,0.553812,0.591234,0.320797,0.507413,0.653331,0.678836,0.657454,0.501975,0.61599,0.567908,0.123743,0.413111,0.399256,0.657853,0.526859,0.577512,0.672248,0.580011,0.434996,0.555448,0.509616,0.469062,0.385449,0.507662,0.518904,0.63318,0.545379,0.572008,0.472343,0.637125,0.657229,0.411806,0.518899,0.384061,0.299745,0.284524,0.332111,0.745527,0.571026,0.485,0.395698,0.416751,0.39229,0.587606,0.551366,0.343337,0.536557
0.792637,0.811827,0.863945,0.777993,0.612074,0.722106,0.395522,0.531142,0.660384,0.817537,0.783147,0.653794,0.820515,0.718677,0.619921,0.794588,0.809121,0.653993,0.701337,1,0.840663,0.64297,0.73597,0.794846,0.349581,0.473892,0.869849,0.465996,0.203349,0.460942,0.478448,0.620437,0.823,0.691529,0.70381,0.466273,0.274845,0.671882,0.820078,0.746665,0.430483,0.723277,0.825711,0.81233,0.864114,0.741632,0.786341,0.714421,0.393546,0.532049,0.421899,0.786532,0.822667,0.719454,0.788145,0.742796,0.702951,0.856063,0.758223,0.747279,0.561878,0.533833,0.622663,0.903824,0.852351,0.738963,0.709578,0.850395,0.695641,0.670019,0.687629,0.559223,0.169435,0.381496,0.52841,0.834703,0.807415,0.675965,0.431422,0.458711,0.311551,0.865863,0.789857,0.431253,0.656398
0.748124,0.782327,0.802785,0.796555,0.571171,0.689259,0.426596,0.516662,0.643516,0.719932,0.70779,0.681657,0.815952,0.695371,0.63943,0.863713,0.797947,0.702018,0.595524,0.840663,1,0.588915,0.69833,0.807372,0.541603,0.611533,0.722972,0.528073,0.35419,0.442254,0.381972,0.616764,0.845803,0.780639,0.723338,0.445501,0.261717,0.532454,0.82099,0.711111,0.395503,0.741927,0.804335,0.832731,0.800727,0.767225,0.801292,0.716662,0.297991,0.415739,0.395044,0.795901,0.818783,0.624831,0.864855,0.75589,0.569213,0.913334,0.811443,0.585452,0.599806,0.402152,0.687349,0.869874,0.856828,0.692231,0.722101,0.794603,0.602877,0.601657,0.653296,0.659786,0.06414,0.330025,0.628748,0.799406,0.752963,0.6918,0.551823,0.494698,0.122989,0.837977,0.694495,0.435665,0.580425
0.61127,0.541605,0.675232,0.706031,0.336084,0.354576,0.328422,0.414469,0.328043,0.561991,0.665737,0.312577,0.645923,0.455432,0.323446,0.564495,0.69784,0.396052,0.389746,0.64297,0.588915,1,0.560003,0.57241,0.121368,0.433751,0.62898,0.246086,-0.0195274,0.0953378,0.365976,0.531982,0.431184,0.56064,0.560206,0.302719,0.190065,0.528437,0.661555,0.628221,0.314216,0.523827,0.607581,0.573357,0.713391,0.630543,0.591921,0.615485,0.249598,0.423175,0.387805,0.593669,0.621329,0.549476,0.622592,0.44607,0.641276,0.661803,0.558206,0.551357,0.461181,0.350981,0.459334,0.713816,0.579644,0.509435,0.592463,0.621581,0.495007,0.69695,0.650475,0.613342,0.23382,0.377981,0.243936,0.557807,0.605745,0.480833,0.322179,0.315594,0.313503,0.720801,0.756805,0.297562,0.463344
0.745805,0.712815,0.716275,0.687586,0.477802,0.604798,0.483652,0.57402,0.571912,0.671478,0.589397,0.518121,0.6759,0.788901,0.587167,0.627909,0.776554,0.585944,0.46189,0.73597,0.69833,0.560003,1,0.812428,0.240669,0.507758,0.793429,0.557818,0.219585,0.27757,0.505302,0.512809,0.675909,0.779822,0.499794,0.363161,0.35966,0.614899,0.707065,0.711028,0.502556,0.710053,0.762094,0.766041,0.715491,0.788765,0.708985,0.689677,0.49535,0.608765,0.603211,0.621608,0.641787,0.560118,0.639354,0.789769,0.668112,0.632939,0.727373,0.657643,0.52154,0.520868,0.525347,0.765106,0.795173,0.585409,0.738455,0.770892,0.376696,0.690288,0.78805,0.565187,0.150827,0.610181,0.59992,0.601923,0.702385,0.606513,0.662966,0.413069,0.305008,0.770511,0.601962,0.405852,0.490357
0.894796,0.868198,0.861139,0.849186,0.781485,0.806273,0.488225,0.66598,0.75975,0.709571,0.743739,0.638488,0.747983,0.896054,0.770545,0.709161,0.828946,0.745771,0.625033,0.794846,0.807372,0.57241,0.812428,1,0.51544,0.600295,0.835,0.736414,0.259424,0.305516,0.455176,0.717121,0.814464,0.824435,0.688975,0.45799,0.259114,0.711282,0.845318,0.799166,0.561523,0.832405,0.897269,0.945403,0.820346,0.821109,0.83014,0.834257,0.345313,0.534111,0.608575,0.769324,0.781416,0.655618,0.797074,0.891826,0.722,0.733497,0.82254,0.684255,0.666451,0.619531,0.723326,0.876514,0.877187,0.578155,0.783439,0.914265,0.590997,0.698854,0.834156,0.633061,0.29379,0.539281,0.570728,0.811659,0.822912,0.672226,0.540373,0.451403,0.406342,0.816786,0.696414,0.627529,0.670186
0.402911,0.403694,0.475183,0.476953,0.546069,0.509552,0.289903,0.193573,0.439577,0.243908,0.429286,0.269605,0.397153,0.434444,0.437365,0.402628,0.362087,0.471611,0.310534,0.349581,0.541603,0.121368,0.240669,0.51544,1,0.438346,0.304861,0.436575,0.216876,0.240846,0.157597,0.37613,0.46687,0.48115,0.406895,0.297316,-0.0819212,0.246053,0.416684,0.384329,0.0208583,0.3913,0.421426,0.48734,0.420024,0.479943,0.328938,0.30167,0.00353011,0.193617,0.256106,0.375573,0.400922,0.201488,0.447106,0.40739,0.14376,0.408281,0.532163,0.167528,0.305311,0.209777,0.331042,0.419332,0.397535,0.297386,0.351925,0.458683,0.34962,0.208865,0.436885,0.395578,0.0449314,-0.0122352,0.49974,0.548798,0.409859,0.379425,0.21028,0.387391,0.202763,0.362049,0.240547,0.377854,0.449289
0.656051,0.506649,0.612074,0.638369,0.462416,0.542659,0.0316083,0.200336,0.386738,0.503383,0.593647,0.371157,0.550319,0.607238,0.560755,0.601525,0.636283,0.421492,0.425649,0.473892,0.611533,0.433751,0.507758,0.600295,0.438346,1,0.459422,0.419067,0.238181,0.143045,0.25924,0.411546,0.610167,0.643813,0.560541,0.250205,-0.00666688,0.434705,0.648428,0.717432,0.214653,0.600069,0.633015,0.622384,0.601848,0.614177,0.627863,0.512747,-0.0366611,0.375096,0.153483,0.596059,0.637098,0.341174,0.635585,0.607668,0.327849,0.540395,0.510374,0.362734,0.490567,0.429037,0.350897,0.517618,0.576051,0.605045,0.56364,0.684069,0.465282,0.538189,0.531824,0.588092,0.181169,0.308976,0.389153,0.606081,0.497626,0.388931,0.521094,0.417904,0.392635,0.525044,0.421665,0.58933,0.61591
0.853726,0.820933,0.87439,0.784945,0.655045,0.734495,0.50539,0.622235,0.638614,0.783803,0.761048,0.595361,0.760901,0.773777,0.540556,0.641023,0.83856,0.609484,0.646111,0.869849,0.722972,0.62898,0.793429,0.835,0.304861,0.459422,1,0.499837,0.259261,0.324935,0.49663,0.537249,0.783608,0.714482,0.640243,0.45085,0.324141,0.740346,0.826366,0.777603,0.396862,0.68189,0.85387,0.81752,0.868134,0.777242,0.797282,0.730955,0.48534,0.557548,0.553879,0.749905,0.774866,0.653081,0.744254,0.73526,0.712016,0.717547,0.701247,0.739947,0.484276,0.640125,0.600057,0.888183,0.813775,0.74313,0.783265,0.886572,0.640089,0.736558,0.801415,0.644332,0.131679,0.507832,0.454327,0.802382,0.79273,0.645751,0.513382,0.438856,0.530171,0.87332,0.774772,0.462577,0.663822
0.633638,0.647626,0.565509,0.598645,0.641093,0.527238,0.384521,0.521807,0.58655,0.501933,0.480371,0.523006,0.43185,0.66474,0.639207,0.483507,0.539344,0.484575,0.480623,0.465996,0.528073,0.246086,0.557818,0.736414,0.436575,0.419067,0.499837,1,0.190775,-0.0373031,0.269946,0.422256,0.621326,0.636255,0.386763,0.261057,-0.0279722,0.448061,0.615119,0.547865,0.41312,0.548237,0.706746,0.686871,0.567208,0.593031,0.633604,0.546288,0.261535,0.384631,0.480697,0.52497,0.512248,0.460363,0.603803,0.692652,0.488183,0.414036,0.580831,0.41801,0.592059,0.458691,0.56307,0.581095,0.587113,0.352025,0.457213,0.579749,0.26719,0.417103,0.486066,0.488979,0.256268,0.376893,0.426051,0.496173,0.522085,0.474818,0.389929,0.16193,0.24874,0.509887,0.439042,0.414854,0.463949
0.142873,0.207702,0.13141,0.165411,0.258962,0.241653,0.227447,0.0609972,0.246421,0.152978,0.186155,0.342351,0.270835,0.290734,0.111089,0.272544,0.163155,0.327999,0.406008,0.203349,0.35419,-0.0195274,0.219585,0.259424,0.216876,0.238181,0.259261,0.190775,1,0.0560463,0.0727827,0.0769395,0.332844,0.308708,0.356631,0.267605,0.0293745,0.144922,0.161062,0.145965,0.112517,0.179347,0.24416,0.292271,0.16459,0.235715,0.230921,0.103335,0.202028,0.182713,0.0910641,0.168385,0.170831,0.166878,0.282673,0.271963,-0.00722152,0.230921,0.292666,-0.00473894,-0.0633485,0.0672318,0.270443,0.278314,0.280989,0.215212,0.287476,0.171596,0.182837,0.0323119,0.131402,0.215741,-0.0903714,-0.00450211,0.22782,0.289958,0.338924,0.260496,0.317366,0.151109,0.16002,0.200881,0.179048,0.141936,0.0769801
0.261658,0.336299,0.382575,0.237551,0.19089,0.276981,0.0606617,0.113889,0.169481,0.471681,0.365112,0.313735,0.49172,0.317581,0.331125,0.444765,0.353521,0.329573,0.0960224,0.460942,0.442254,0.0953378,0.27757,0.305516,0.240846,0.143045,0.324935,-0.0373031,0.0560463,1,-0.100511,0.247519,0.321621,0.195725,0.284996,0.417037,0.485548,0.330561,0.377875,0.188696,0.167878,0.44926,0.283446,0.267205,0.365656,0.323944,0.32268,0.269883,0.0691178,0.104149,-0.0914176,0.353735,0.441729,0.151795,0.233592,0.399498,0.371498,0.496275,0.435626,0.302547,0.323665,0.0558568,0.183587,0.417859,0.512414,0.350967,0.211564,0.374011,0.309355,0.284067,0.258284,0.00204414,-0.177833,0.0416042,0.509017,0.37565,0.360098,0.323844,0.246041,0.346226,-0.0844023,0.385702,0.345345,0.101273,0.390995
0.539901,0.451575,0.470823,0.533778,0.391175,0.430196,0.312469,0.402269,0.466255,0.288396,0.443005,0.0758635,0.326945,0.354593,0.346536,0.269383,0.498807,0.440865,0.477645,0.478448,0.381972,0.365976,0.505302,0.455176,0.157597,0.25924,0.49663,0.269946,0.0727827,-0.100511,1,0.263466,0.416473,0.541325,0.403006,-0.0551194,0.0399784,0.314366,0.379016,0.495694,0.263977,0.441159,0.498659,0.521829,0.497711,0.460805,0.349729,0.485463,0.247944,0.335578,0.466372,0.496423,0.312882,0.260753,0.371622,0.32028,0.259753,0.314543,0.415199,0.333884,0.14131,0.555913,0.260613,0.429495,0.376359,0.494549,0.464993,0.478026,0.453935,0.489903,0.564427,0.432733,0.410936,0.423097,0.231499,0.487806,0.436548,0.427909,0.414852,0.385976,0.275803,0.479242,0.33077,0.31659,0.333035
0.605318,0.639968,0.600324,0.587632,0.493829,0.543413,0.302618,0.410474,0.499801,0.40033,0.462816,0.486065,0.562907,0.64757,0.566817,0.512877,0.551579,0.718617,0.443829,0.620437,0.616764,0.531982,0.512809,0.717121,0.37613,0.411546,0.537249,0.422256,0.0769395,0.247519,0.263466,1,0.568569,0.527167,0.514731,0.207968,0.0913869,0.475911,0.566619,0.551178,0.523383,0.564935,0.61092,0.726453,0.560892,0.554592,0.557167,0.656132,0.193352,0.406865,0.468704,0.547822,0.54285,0.605058,0.610184,0.645457,0.664388,0.637829,0.696262,0.550449,0.608462,0.422919,0.716489,0.672092,0.662233,0.268216,0.510559,0.669558,0.441735,0.475919,0.676569,0.376361,0.367409,0.415418,0.504225,0.633108,0.595464,0.453355,0.291268,0.284985,0.279984,0.527983,0.464745,0.590297,0.460074
0.828377,0.836085,0.831492,0.727532,0.66282,0.787721,0.360308,0.516225,0.651963,0.754667,0.72366,0.720746,0.753554,0.764233,0.659647,0.760281,0.784743,0.646543,0.671974,0.823,0.845803,0.431184,0.675909,0.814464,0.46687,0.610167,0.783608,0.621326,0.332844,0.321621,0.416473,0.568569,1,0.764722,0.666848,0.413033,0.16729,0.619554,0.827393,0.769539,0.391225,0.762438,0.869083,0.868929,0.797621,0.697764,0.834519,0.675055,0.311246,0.479537,0.416561,0.78763,0.797962,0.707966,0.828466,0.757136,0.582462,0.798739,0.734992,0.679747,0.508667,0.534448,0.710284,0.839275,0.839799,0.727505,0.693335,0.835226,0.571377,0.615043,0.629711,0.632981,0.160434,0.321514,0.539965,0.821359,0.752855,0.657699,0.533764,0.417994,0.238696,0.810357,0.677801,0.540829,0.664642
0.799534,0.754032,0.806124,0.804331,0.719632,0.686843,0.439518,0.559907,0.616641,0.655685,0.74634,0.553657,0.681268,0.743471,0.617146,0.689025,0.771559,0.641635,0.670975,0.691529,0.780639,0.56064,0.779822,0.824435,0.48115,0.643813,0.714482,0.636255,0.308708,0.195725,0.541325,0.527167,0.764722,1,0.702011,0.347617,0.170743,0.49788,0.758788,0.750843,0.380013,0.758373,0.837803,0.845326,0.789959,0.762317,0.777359,0.759361,0.226029,0.543983,0.602519,0.786374,0.710294,0.564079,0.789125,0.765663,0.5723,0.699884,0.772655,0.607014,0.580604,0.513138,0.537372,0.777179,0.764805,0.669771,0.707108,0.781564,0.512766,0.622702,0.753981,0.603505,0.309404,0.461566,0.552266,0.760435,0.712723,0.673497,0.714405,0.587429,0.32036,0.76796,0.609981,0.507048,0.60986
0.650654,0.621343,0.72728,0.725593,0.563699,0.559688,0.244569,0.445492,0.515701,0.592028,0.758903,0.489257,0.702074,0.459756,0.418959,0.645988,0.706131,0.5496,0.703576,0.70381,0.723338,0.560206,0.499794,0.688975,0.406895,0.560541,0.640243,0.386763,0.356631,0.284996,0.403006,0.514731,0.666848,0.702011,1,0.316486,0.176814,0.524331,0.696812,0.696522,0.329289,0.680882,0.690105,0.728522,0.740803,0.600911,0.703892,0.76087,0.0391669,0.259656,0.351803,0.712927,0.738057,0.496855,0.729493,0.548205,0.548482,0.699356,0.580754,0.503885,0.359678,0.449759,0.487442,0.734812,0.669666,0.605609,0.580267,0.705203,0.740687,0.534007,0.574891,0.516711,0.0923872,0.231283,0.339839,0.744713,0.642221,0.601259,0.438667,0.526416,0.316091,0.698585,0.574503,0.548355,0.548889
0.407432,0.501096,0.499093,0.401792,0.430883,0.487172,0.378656,0.376381,0.331424,0.482237,0.521028,0.60387,0.607346,0.463333,0.264275,0.594396,0.487351,0.322228,0.285019,0.466273,0.445501,0.302719,0.363161,0.45799,0.297316,0.250205,0.45085,0.261057,0.267605,0.417037,-0.0551194,0.207968,0.413033,0.347617,0.316486,1,0.369172,0.410458,0.512824,0.421184,0.262245,0.440968,0.42502,0.418542,0.455575,0.486125,0.429229,0.264001,0.287937,0.288814,0.0671627,0.354043,0.525719,0.471352,0.490527,0.377923,0.387586,0.494989,0.504127,0.396455,0.361809,0.172578,0.345611,0.481851,0.489556,0.371916,0.431834,0.474813,0.332711,0.353973,0.387519,0.313591,-0.0357901,-0.115088,0.286898,0.485053,0.462576,0.309734,0.13794,0.356195,0.0860456,0.489673,0.479532,0.234136,0.334539
0.272456,0.23583,0.343845,0.316723,0.0104262,0.231976,0.214386,0.287436,0.190716,0.441976,0.295946,0.222537,0.330547,0.236181,0.0732356,0.329301,0.380055,0.0828435,0.0428592,0.274845,0.261717,0.190065,0.35966,0.259114,-0.0819212,-0.00666688,0.324141,-0.0279722,0.0293745,0.485548,0.0399784,0.0913869,0.16729,0.170743,0.176814,0.369172,1,0.205036,0.323479,0.181651,0.151732,0.38591,0.252487,0.222898,0.299216,0.32489,0.252051,0.30344,0.206319,0.159204,0.0662916,0.264978,0.315807,0.150397,0.199985,0.282537,0.268118,0.323827,0.219168,0.384753,0.213475,0.15199,0.044701,0.329719,0.314754,0.302601,0.300526,0.273944,0.212151,0.215596,0.261494,0.134978,-0.281725,0.142788,0.271605,0.192964,0.272718,0.348606,0.188012,0.272931,-0.14461,0.423722,0.256158,-0.106212,0.204515
0.716732,0.705905,0.729235,0.552895,0.528957,0.507178,0.392469,0.472739,0.516821,0.683697,0.658357,0.571654,0.74093,0.688488,0.571165,0.470917,0.745436,0.523806,0.347234,0.671882,0.532454,0.528437,0.614899,0.711282,0.246053,0.434705,0.740346,0.448061,0.144922,0.330561,0.314366,0.475911,0.619554,0.49788,0.524331,0.410458,0.205036,1,0.732269,0.685779,0.480301,0.723488,0.71722,0.668989,0.710005,0.679389,0.689189,0.673315,0.440409,0.380589,0.452498,0.598375,0.678198,0.523623,0.580161,0.657782,0.699709,0.566942,0.628842,0.591208,0.416628,0.607178,0.467898,0.73674,0.789671,0.58289,0.676222,0.76745,0.566577,0.667696,0.669573,0.477276,0.11265,0.389495,0.269919,0.612784,0.730291,0.543334,0.399377,0.272742,0.518563,0.734985,0.695977,0.478653,0.580582
0.916616,0.861023,0.931068,0.86744,0.631106,0.716138,0.412214,0.605093,0.617193,0.854567,0.859919,0.651465,0.857281,0.79563,0.66005,0.779086,0.915959,0.6182,0.553812,0.820078,0.82099,0.661555,0.707065,0.845318,0.416684,0.648428,0.826366,0.615119,0.161062,0.377875,0.379016,0.566619,0.827393,0.758788,0.696812,0.512824,0.323479,0.732269,1,0.846885,0.46894,0.844102,0.930838,0.869588,0.931607,0.835872,0.861677,0.740447,0.286074,0.488005,0.422634,0.859738,0.945392,0.658264,0.871469,0.749959,0.729795,0.821023,0.769157,0.719026,0.630143,0.648815,0.610379,0.918007,0.896576,0.754087,0.745989,0.913869,0.628228,0.827767,0.721975,0.739086,0.150425,0.362053,0.493734,0.824384,0.853121,0.736,0.510117,0.352541,0.366689,0.897369,0.832001,0.550964,0.788276
0.859116,0.803298,0.832275,0.800391,0.60075,0.665317,0.343401,0.563455,0.496535,0.718699,0.822266,0.575885,0.784553,0.687256,0.49276,0.718861,0.873605,0.501231,0.591234,0.746665,0.711111,0.628221,0.711028,0.799166,0.384329,0.717432,0.777603,0.547865,0.145965,0.188696,0.495694,0.551178,0.769539,0.750843,0.696522,0.421184,0.181651,0.685779,0.846885,1,0.456037,0.77338,0.875988,0.812038,0.849371,0.717269,0.808983,0.6878,0.311712,0.497927,0.482619,0.743967,0.808608,0.633305,0.836263,0.672023,0.70702,0.716583,0.703455,0.587964,0.506056,0.698275,0.560982,0.798494,0.761895,0.674184,0.774991,0.873566,0.70529,0.780876,0.761181,0.61619,0.229856,0.371629,0.419541,0.811746,0.770606,0.67661,0.558011,0.423585,0.469657,0.826502,0.699521,0.59733,0.682906
0.446064,0.596455,0.363549,0.34483,0.283887,0.351311,0.310047,0.508296,0.293747,0.300941,0.253844,0.406456,0.416362,0.538915,0.448966,0.368617,0.427007,0.480022,0.320797,0.430483,0.395503,0.314216,0.502556,0.561523,0.0208583,0.214653,0.396862,0.41312,0.112517,0.167878,0.263977,0.523383,0.391225,0.380013,0.329289,0.262245,0.151732,0.480301,0.46894,0.456037,1,0.52173,0.440794,0.520419,0.369821,0.378209,0.415962,0.467627,0.277594,0.218407,0.489761,0.328871,0.338783,0.402237,0.393423,0.493351,0.572,0.35365,0.445926,0.448003,0.391355,0.45624,0.516785,0.485055,0.592673,0.125343,0.387077,0.468403,0.246844,0.500543,0.504963,0.214601,0.286544,0.4264,0.241947,0.375254,0.507779,0.394977,0.362341,0.122558,0.173302,0.436323,0.316748,0.442048,0.247292
0.844641,0.798346,0.835294,0.756476,0.57934,0.684705,0.360833,0.52362,0.59479,0.768301,0.748365,0.584609,0.787408,0.783795,0.698951,0.694577,0.844043,0.622997,0.507413,0.723277,0.741927,0.523827,0.710053,0.832405,0.3913,0.600069,0.68189,0.548237,0.179347,0.44926,0.441159,0.564935,0.762438,0.758373,0.680882,0.440968,0.38591,0.723488,0.844102,0.77338,0.52173,1,0.85267,0.837898,0.806121,0.757066,0.769772,0.758709,0.2657,0.49792,0.443564,0.763089,0.787768,0.581861,0.712352,0.803548,0.680303,0.710821,0.764696,0.590495,0.579619,0.648728,0.56511,0.829965,0.861425,0.609675,0.719192,0.840939,0.606424,0.764709,0.727657,0.555932,0.267472,0.414255,0.529279,0.723507,0.803028,0.736434,0.563502,0.409354,0.282692,0.801108,0.678619,0.537566,0.705069
0.941333,0.890713,0.922498,0.867131,0.735533,0.768647,0.409964,0.599327,0.66382,0.824515,0.839624,0.655298,0.794476,0.849915,0.669609,0.737061,0.875994,0.67268,0.653331,0.825711,0.804335,0.607581,0.762094,0.897269,0.421426,0.633015,0.85387,0.706746,0.24416,0.283446,0.498659,0.61092,0.869083,0.837803,0.690105,0.42502,0.252487,0.71722,0.930838,0.875988,0.440794,0.85267,1,0.937882,0.927621,0.816378,0.855605,0.770796,0.334538,0.58941,0.552437,0.850579,0.889343,0.690896,0.861232,0.837048,0.727506,0.788096,0.831966,0.70024,0.626623,0.731382,0.674364,0.91943,0.876899,0.716312,0.782281,0.926283,0.633832,0.780999,0.763882,0.664726,0.281487,0.439069,0.56075,0.84815,0.877873,0.755889,0.600449,0.356055,0.402203,0.873836,0.801399,0.562423,0.770525
0.923163,0.911548,0.890933,0.847065,0.778539,0.83863,0.424651,0.608095,0.737955,0.726566,0.762319,0.677449,0.759564,0.869857,0.732143,0.736951,0.825586,0.77535,0.678836,0.81233,0.832731,0.573357,0.766041,0.945403,0.48734,0.622384,0.81752,0.686871,0.292271,0.267205,0.521829,0.726453,0.868929,0.845326,0.728522,0.418542,0.222898,0.668989,0.869588,0.812038,0.520419,0.837898,0.937882,1,0.84745,0.80941,0.844619,0.821737,0.256076,0.513359,0.587707,0.800318,0.829108,0.713193,0.832901,0.864034,0.706906,0.789297,0.837178,0.720844,0.643995,0.664609,0.778018,0.893008,0.873083,0.624207,0.758351,0.918134,0.630962,0.697782,0.801872,0.664918,0.344447,0.468594,0.564412,0.847722,0.823717,0.698155,0.54138,0.421611,0.363639,0.813208,0.706352,0.667793,0.707243
0.89086,0.825879,0.960517,0.894926,0.649874,0.68375,0.418202,0.569896,0.611797,0.877298,0.926631,0.559515,0.844137,0.74358,0.588243,0.742862,0.908128,0.630534,0.657454,0.864114,0.800727,0.713391,0.715491,0.820346,0.420024,0.601848,0.868134,0.567208,0.16459,0.365656,0.497711,0.560892,0.797621,0.789959,0.740803,0.455575,0.299216,0.710005,0.931607,0.849371,0.369821,0.806121,0.927621,0.84745,1,0.866072,0.831029,0.744255,0.342068,0.586756,0.446716,0.891733,0.911796,0.623698,0.855189,0.723441,0.724344,0.802865,0.785379,0.709907,0.602424,0.677159,0.563809,0.919964,0.846213,0.826137,0.712692,0.913644,0.728109,0.800344,0.76103,0.68447,0.162239,0.376866,0.545708,0.871033,0.849988,0.766887,0.54646,0.449364,0.428189,0.923686,0.846878,0.44545,0.815437
0.824035,0.770385,0.859716,0.820231,0.583998,0.643387,0.481379,0.571188,0.651311,0.783344,0.77394,0.537633,0.799124,0.787014,0.66334,0.699128,0.846044,0.659234,0.501975,0.741632,0.767225,0.630543,0.788765,0.821109,0.479943,0.614177,0.777242,0.593031,0.235715,0.323944,0.460805,0.554592,0.697764,0.762317,0.600911,0.486125,0.32489,0.679389,0.835872,0.717269,0.378209,0.757066,0.816378,0.80941,0.866072,1,0.78481,0.691886,0.373075,0.565185,0.453787,0.743993,0.787651,0.511775,0.745686,0.731975,0.660861,0.715791,0.777386,0.641673,0.62168,0.526181,0.551512,0.823398,0.822546,0.74964,0.710185,0.84451,0.581024,0.695442,0.806694,0.725844,0.117775,0.373378,0.531362,0.74639,0.774689,0.692702,0.507724,0.506112,0.363681,0.851483,0.724081,0.391594,0.684053
0.859993,0.8846,0.856148,0.794737,0.675648,0.70269,0.392004,0.601475,0.57244,0.83942,0.775869,0.728608,0.838866,0.716035,0.644448,0.812408,0.85708,0.53995,0.61599,0.786341,0.801292,0.591921,0.708985,0.83014,0.328938,0.627863,0.797282,0.633604,0.230921,0.32268,0.349729,0.557167,0.834519,0.777359,0.703892,0.429229,0.252051,0.689189,0.861677,0.808983,0.415962,0.769772,0.855605,0.844619,0.831029,0.78481,1,0.793944,0.279976,0.415068,0.402034,0.762783,0.826237,0.701962,0.854665,0.764168,0.759963,0.81904,0.693864,0.655218,0.645627,0.478588,0.694833,0.845095,0.854173,0.737984,0.725535,0.855089,0.682841,0.673268,0.710904,0.671451,0.155008,0.381453,0.379782,0.804679,0.693083,0.675166,0.506454,0.495062,0.351631,0.856459,0.760044,0.519896,0.675075
0.757352,0.742524,0.782449,0.802422,0.667019,0.593423,0.44019,0.611857,0.598358,0.645489,0.684191,0.598329,0.694888,0.657239,0.63613,0.658094,0.810493,0.637449,0.567908,0.714421,0.716662,0.615485,0.689677,0.834257,0.30167,0.512747,0.730955,0.546288,0.103335,0.269883,0.485463,0.656132,0.675055,0.759361,0.76087,0.264001,0.30344,0.673315,0.740447,0.6878,0.467627,0.758709,0.770796,0.821737,0.744255,0.691886,0.793944,1,0.226712,0.36698,0.575973,0.757758,0.702575,0.630152,0.729014,0.749578,0.717682,0.71988,0.705262,0.651441,0.614165,0.551428,0.565248,0.790673,0.767722,0.565713,0.743887,0.816464,0.623817,0.641763,0.767026,0.555144,0.299256,0.567567,0.37965,0.693259,0.623198,0.560932,0.560297,0.519702,0.352437,0.743257,0.60124,0.606798,0.516771
0.283966,0.346812,0.2804,0.2412,0.0615883,0.151777,0.750625,0.562469,0.317364,0.32818,0.182361,0.359842,0.375763,0.362778,0.183299,0.225466,0.427754,0.345209,0.123743,0.393546,0.297991,0.249598,0.49535,0.345313,0.00353011,-0.0366611,0.48534,0.261535,0.202028,0.0691178,0.247944,0.193352,0.311246,0.226029,0.0391669,0.287937,0.206319,0.440409,0.286074,0.311712,0.277594,0.2657,0.334538,0.256076,0.342068,0.373075,0.279976,0.226712,1,0.576611,0.334579,0.30012,0.2005,0.380282,0.309502,0.295516,0.359975,0.294744,0.438899,0.280087,0.174599,0.258169,0.342058,0.427633,0.381726,0.298535,0.516931,0.330373,0.102931,0.347045,0.41428,0.25609,-0.0958638,0.352122,0.313596,0.184284,0.39858,0.274676,0.361791,-0.0600426,0.14704,0.487401,0.443691,-0.139068,0.0105903
0.528327,0.444684,0.558101,0.532732,0.333687,0.497131,0.405615,0.439716,0.439683,0.549397,0.48211,0.310569,0.489694,0.608657,0.360208,0.381682,0.501617,0.54533,0.413111,0.532049,0.415739,0.423175,0.608765,0.534111,0.193617,0.375096,0.557548,0.384631,0.182713,0.104149,0.335578,0.406865,0.479537,0.543983,0.259656,0.288814,0.159204,0.380589,0.488005,0.497927,0.218407,0.49792,0.58941,0.513359,0.586756,0.565185,0.415068,0.36698,0.576611,1,0.346362,0.527122,0.473234,0.495031,0.483479,0.525896,0.430299,0.433232,0.547044,0.380121,0.35734,0.507412,0.367124,0.551612,0.487536,0.393733,0.584364,0.585884,0.315345,0.439554,0.515593,0.354063,0.12701,0.309786,0.514426,0.47848,0.600095,0.388093,0.44999,0.0939496,0.314094,0.533655,0.570144,0.150401,0.371331
0.544697,0.571087,0.511149,0.480955,0.511469,0.439825,0.480405,0.586337,0.506377,0.289084,0.319905,0.31654,0.305968,0.543457,0.334395,0.201742,0.409274,0.464135,0.399256,0.421899,0.395044,0.387805,0.603211,0.608575,0.256106,0.153483,0.553879,0.480697,0.0910641,-0.0914176,0.466372,0.468704,0.416561,0.602519,0.351803,0.0671627,0.0662916,0.452498,0.422634,0.482619,0.489761,0.443564,0.552437,0.587707,0.446716,0.453787,0.402034,0.575973,0.334579,0.346362,1,0.357288,0.310052,0.357822,0.403108,0.502803,0.57596,0.297684,0.483001,0.418596,0.195301,0.630044,0.369728,0.513928,0.48272,0.16652,0.566195,0.5149,0.237523,0.43199,0.65984,0.317852,0.348107,0.541787,0.180101,0.39578,0.577629,0.520177,0.477139,0.276872,0.259526,0.475902,0.309174,0.344854,0.247459
0.794661,0.742749,0.871927,0.863986,0.620894,0.596597,0.352871,0.514786,0.665501,0.798679,0.846156,0.546488,0.765082,0.684995,0.678867,0.71158,0.846426,0.67453,0.657853,0.786532,0.795901,0.593669,0.621608,0.769324,0.375573,0.596059,0.749905,0.52497,0.168385,0.353735,0.496423,0.547822,0.78763,0.786374,0.712927,0.354043,0.264978,0.598375,0.859738,0.743967,0.328871,0.763089,0.850579,0.800318,0.891733,0.743993,0.762783,0.757758,0.30012,0.527122,0.357288,1,0.847776,0.612702,0.86738,0.709989,0.571435,0.806632,0.761139,0.673073,0.646147,0.564982,0.522738,0.844701,0.803129,0.791331,0.644447,0.832189,0.629535,0.706409,0.624293,0.64975,0.121638,0.417299,0.555914,0.800138,0.757245,0.606647,0.595448,0.397382,0.318845,0.852351,0.789014,0.423804,0.686204
0.858312,0.787554,0.897502,0.814327,0.616528,0.698705,0.301764,0.537845,0.588409,0.848559,0.872928,0.675113,0.843814,0.71016,0.585837,0.795377,0.861824,0.600611,0.526859,0.822667,0.818783,0.621329,0.641787,0.781416,0.400922,0.637098,0.774866,0.512248,0.170831,0.441729,0.312882,0.54285,0.797962,0.710294,0.738057,0.525719,0.315807,0.678198,0.945392,0.808608,0.338783,0.787768,0.889343,0.829108,0.911796,0.787651,0.826237,0.702575,0.2005,0.473234,0.310052,0.847776,1,0.644198,0.865763,0.699244,0.681167,0.851632,0.742426,0.712619,0.58178,0.581492,0.575435,0.871876,0.852728,0.747172,0.688751,0.882541,0.66867,0.713481,0.609294,0.654315,0.0595633,0.219995,0.492581,0.816512,0.829415,0.694337,0.423555,0.366046,0.312729,0.856687,0.791251,0.547924,0.764652
