1,0.477158,0.896492,0.88039,0.795589,0.742045,0.736745,0.692011,0.565098,0.714497,0.745618,0.349878,0.684001,0.845411,0.819106,0.364267,0.711859,0.599776,0.556415,0.759154,0.781784,0.456011,0.76822,0.797305,0.542074,0.768582,0.814891,0.811403,0.616548,0.388155,0.384688,0.544641,0.605649,0.71713,0.698704,0.620431,0.707384,0.553609,0.793712,0.774378,0.595348,0.556739,0.897519,0.301246,0.8975,0.841308,0.741611,0.631029,0.646254,0.727833,0.498464,0.684961,0.844273,0.493091,0.730693,0.74503,0.691981,0.723565,0.76394,0.429687,0.189918,0.671374,0.54576,0.870994,0.782725,0.692659,0.649559,0.794022,0.646581,0.65836,0.824156,0.794792,0.462816,0.447238,0.648571,0.595204,0.640247,0.438832,0.540031,0.697482,0.650744,0.739773,0.666272,0.549771,0.699295
0.477158,1,0.342879,0.432571,0.378898,0.424911,0.52056,0.360667,0.439538,0.288187,0.328635,0.420932,0.571603,0.631273,0.43881,0.491656,0.469006,0.381733,0.12244,0.404532,0.296832,0.0116364,0.581881,0.416721,0.230023,0.295539,0.359622,0.233282,-9.21135e-05,0.272918,0.19649,0.413138,0.215428,0.123489,0.285877,0.331911,0.440622,0.111896,0.198088,0.15145,0.192113,0.175897,0.530145,0.807876,0.451482,0.35685,0.351925,0.656823,0.451646,0.345523,0.0713654,0.385064,0.512837,0.167786,0.328655,0.489786,0.501077,0.445172,0.485715,0.401165,-0.0991991,0.381058,0.117174,0.372892,0.312905,0.42009,0.327855,0.429627,0.371463,0.231693,0.229374,0.293388,0.180545,0.174606,0.374212,0.0920954,0.072549,-0.0770059,0.500775,0.423245,0.203774,0.206249,0.00346606,0.365713,0.239059
0.896492,0.342879,1,0.902763,0.80469,0.757823,0.684745,0.745623,0.582715,0.709007,0.740483,0.377846,0.741402,0.73422,0.76361,0.0633911,0.814555,0.633864,0.623009,0.736484,0.856662,0.619363,0.784847,0.906834,0.552441,0.801996,0.90259,0.792378,0.67444,0.443859,0.515213,0.636281,0.665794,0.792391,0.705613,0.617479,0.691306,0.705131,0.76392,0.788739,0.633411,0.643266,0.886683,0.125314,0.953584,0.90125,0.862986,0.645724,0.637561,0.687044,0.517429,0.726133,0.843234,0.5467,0.714394,0.644352,0.732478,0.570299,0.79973,0.432548,0.229235,0.739949,0.630808,0.850759,0.800955,0.738472,0.797748,0.912675,0.67542,0.782052,0.889876,0.784166,0.582986,0.371246,0.60693,0.72771,0.788975,0.513781,0.537604,0.628479,0.609151,0.718684,0.612732,0.573396,0.75705
0.88039,0.432571,0.902763,1,0.844254,0.785976,0.661758,0.772257,0.642311,0.651197,0.76866,0.442241,0.744332,0.769152,0.791573,0.218868,0.752781,0.5708,0.563199,0.706658,0.830406,0.505094,0.741794,0.826034,0.531926,0.740755,0.862347,0.786745,0.617118,0.412195,0.465294,0.610516,0.778986,0.79991,0.745288,0.614077,0.660029,0.717746,0.766191,0.784575,0.579479,0.719595,0.872078,0.283991,0.887454,0.843304,0.779138,0.630829,0.592859,0.760071,0.403252,0.787819,0.859931,0.637961,0.734293,0.634219,0.68902,0.601726,0.781322,0.554203,0.245776,0.711871,0.717032,0.810053,0.807884,0.710645,0.757972,0.832278,0.643863,0.72756,0.792674,0.784899,0.581518,0.442958,0.654855,0.708493,0.75418,0.456067,0.617786,0.640037,0.610409,0.672294,0.607722,0.564393,0.700039
0.795589,0.378898,0.80469,0.844254,1,0.787403,0.580472,0.597699,0.554781,0.644749,0.715217,0.414055,0.650048,0.745779,0.720895,0.227668,0.619895,0.481678,0.53138,0.63963,0.707704,0.45934,0.687031,0.7352,0.614661,0.650795,0.783558,0.733927,0.49099,0.379866,0.367805,0.550804,0.664242,0.606975,0.678313,0.624114,0.532943,0.591044,0.684494,0.719587,0.485432,0.619678,0.734011,0.215852,0.740448,0.762296,0.710905,0.627958,0.497531,0.666202,0.461173,0.789832,0.828867,0.604248,0.715653,0.608126,0.614768,0.463935,0.670912,0.576544,0.315024,0.667783,0.695002,0.747476,0.785667,0.662582,0.58694,0.747243,0.596379,0.746862,0.806894,0.77125,0.395692,0.419216,0.645429,0.555948,0.670643,0.487273,0.583375,0.56025,0.530176,0.660924,0.606486,0.370687,0.620437
0.742045,0.424911,0.757823,0.785976,0.787403,1,0.659347,0.737344,0.673638,0.529364,0.659651,0.410572,0.639453,0.763498,0.80891,0.204716,0.625535,0.694225,0.524299,0.593146,0.756795,0.585602,0.626071,0.745629,0.538165,0.70497,0.804941,0.724346,0.454649,0.451901,0.536493,0.649022,0.6695,0.663114,0.695207,0.756676,0.521354,0.627131,0.623633,0.739981,0.501188,0.666672,0.772569,0.315292,0.762988,0.741179,0.703815,0.660138,0.567076,0.698958,0.504051,0.651124,0.763436,0.514826,0.742327,0.666257,0.751757,0.529233,0.696654,0.342751,0.385193,0.760648,0.642948,0.74608,0.733001,0.74561,0.697448,0.784072,0.723982,0.70743,0.766368,0.688881,0.439541,0.338729,0.557425,0.688184,0.698439,0.426042,0.500247,0.529142,0.512435,0.537557,0.605358,0.478452,0.780153
0.736745,0.52056,0.684745,0.661758,0.580472,0.659347,1,0.580661,0.388321,0.726914,0.549896,0.443829,0.618128,0.765061,0.664382,0.298926,0.624827,0.580348,0.300534,0.457715,0.541746,0.375843,0.591523,0.638843,0.384331,0.645669,0.609726,0.543565,0.484078,0.471465,0.424063,0.538366,0.528231,0.439635,0.473055,0.656784,0.647714,0.436295,0.489818,0.609834,0.364044,0.410726,0.823983,0.473302,0.745067,0.740188,0.66001,0.502108,0.532964,0.545729,0.372357,0.429878,0.654046,0.427084,0.619603,0.679765,0.618131,0.649969,0.627647,0.289552,0.131137,0.584314,0.374013,0.673787,0.539904,0.685727,0.538212,0.699096,0.719002,0.583662,0.674476,0.587364,0.390607,0.189296,0.454653,0.36424,0.586861,0.266318,0.552799,0.493607,0.468271,0.438816,0.436741,0.410895,0.583572
0.692011,0.360667,0.745623,0.772257,0.597699,0.737344,0.580661,1,0.536387,0.493333,0.70254,0.470532,0.691789,0.737422,0.699395,0.13657,0.634957,0.65204,0.582284,0.641258,0.774591,0.6083,0.707862,0.804765,0.521262,0.736564,0.771914,0.670251,0.652255,0.334477,0.430216,0.594199,0.691557,0.733403,0.663683,0.552608,0.495567,0.67158,0.62206,0.608001,0.734747,0.597793,0.680902,0.226364,0.760757,0.708877,0.621952,0.569914,0.581309,0.731041,0.439659,0.577504,0.670639,0.602485,0.654593,0.658665,0.708642,0.505616,0.632959,0.486842,0.334393,0.689998,0.56783,0.70542,0.73039,0.687185,0.66996,0.82923,0.592941,0.715609,0.705723,0.615479,0.640342,0.501265,0.516043,0.687624,0.719309,0.248499,0.584516,0.583228,0.532764,0.518626,0.495193,0.683408,0.739935
0.565098,0.439538,0.582715,0.642311,0.554781,0.673638,0.388321,0.536387,1,0.356782,0.532019,0.344482,0.582426,0.592636,0.592411,0.235065,0.507209,0.648312,0.469032,0.640076,0.653446,0.364125,0.586871,0.64617,0.558078,0.551963,0.668371,0.525567,0.259468,0.536731,0.409292,0.481085,0.594507,0.567084,0.528069,0.523873,0.520303,0.597753,0.591667,0.55222,0.395118,0.494352,0.641806,0.296977,0.60941,0.455334,0.581922,0.661028,0.653383,0.624329,0.446773,0.571966,0.633167,0.413292,0.578535,0.590288,0.666624,0.45019,0.575078,0.329932,0.218583,0.564206,0.454805,0.649581,0.654459,0.546651,0.658467,0.650858,0.576558,0.542192,0.46897,0.406353,0.249348,0.267974,0.574033,0.628611,0.451824,0.289965,0.339487,0.418759,0.463152,0.538635,0.473498,0.373968,0.614381
0.714497,0.288187,0.709007,0.651197,0.644749,0.529364,0.726914,0.493333,0.356782,1,0.656793,0.442522,0.630972,0.67735,0.56241,0.189048,0.67319,0.455596,0.379481,0.550818,0.591924,0.457924,0.5577,0.687689,0.437267,0.530005,0.582244,0.509391,0.547597,0.429046,0.343997,0.509628,0.431129,0.499205,0.460627,0.497972,0.543541,0.527553,0.5482,0.581301,0.430448,0.408686,0.667915,0.274949,0.678888,0.681066,0.665628,0.357568,0.591575,0.654425,0.321308,0.52469,0.60825,0.532615,0.713703,0.692439,0.528914,0.588115,0.643334,0.358587,0.11144,0.400753,0.43271,0.654636,0.527529,0.433093,0.484972,0.690832,0.473634,0.710568,0.756334,0.657189,0.523118,0.203983,0.475572,0.373882,0.600912,0.483881,0.414036,0.4452,0.464024,0.521241,0.568418,0.233185,0.513977
0.745618,0.328635,0.740483,0.76866,0.715217,0.659651,0.549896,0.70254,0.532019,0.656793,1,0.389424,0.714742,0.662419,0.644217,0.0718688,0.695245,0.50853,0.448534,0.669476,0.710419,0.64132,0.713958,0.847199,0.497809,0.634435,0.71508,0.743358,0.564588,0.374424,0.388705,0.635367,0.584988,0.627292,0.658032,0.496168,0.377795,0.633329,0.531737,0.624059,0.681281,0.603612,0.639763,0.146577,0.695759,0.695701,0.616029,0.518505,0.619488,0.766598,0.366559,0.790652,0.798862,0.552567,0.761401,0.545085,0.661961,0.335196,0.616708,0.627137,0.358081,0.600824,0.560863,0.727189,0.728533,0.604772,0.717786,0.793791,0.47513,0.674583,0.755185,0.600871,0.508261,0.623366,0.729184,0.584639,0.616651,0.436269,0.544611,0.658121,0.564026,0.465425,0.48218,0.487759,0.670837
0.349878,0.420932,0.377846,0.442241,0.414055,0.410572,0.443829,0.470532,0.344482,0.442522,0.389424,1,0.67857,0.545073,0.392436,0.209775,0.482948,0.353759,0.264807,0.369271,0.416774,0.262885,0.49824,0.477285,0.448193,0.406486,0.492495,0.339516,0.280861,0.250008,0.321986,0.559179,0.553744,0.211697,0.161595,0.476518,0.369197,0.39506,0.271735,0.317476,0.134883,0.403407,0.421921,0.357146,0.451892,0.358206,0.512633,0.474334,0.547117,0.568358,0.422836,0.39528,0.444066,0.599269,0.525355,0.426766,0.471318,0.367629,0.543721,0.422184,0.246624,0.467268,0.314989,0.467089,0.456808,0.456466,0.377804,0.562462,0.314354,0.611088,0.461756,0.429714,0.291328,0.336544,0.273642,0.185442,0.422035,0.295446,0.424668,0.257336,0.331667,0.356448,0.244487,0.192746,0.389794
0.684001,0.571603,0.741402,0.744332,0.650048,0.639453,0.618128,0.691789,0.582426,0.630972,0.714742,0.67857,1,0.709594,0.58342,0.0892882,0.892515,0.658728,0.36592,0.58517,0.671899,0.472619,0.800343,0.83223,0.457992,0.667727,0.758654,0.659918,0.480354,0.344788,0.467412,0.579699,0.610706,0.560915,0.468341,0.545775,0.450944,0.554167,0.436022,0.427768,0.423031,0.539917,0.700746,0.308276,0.757744,0.652427,0.71581,0.587491,0.656997,0.764684,0.35777,0.673215,0.743439,0.576725,0.703392,0.52133,0.670097,0.421439,0.75581,0.608119,0.231195,0.660202,0.478974,0.661597,0.632583,0.66058,0.743815,0.828092,0.644141,0.708491,0.666165,0.570357,0.544464,0.424859,0.529089,0.472486,0.55606,0.336344,0.702981,0.543452,0.431293,0.412088,0.2955,0.519738,0.668906
0.845411,0.631273,0.73422,0.769152,0.745779,0.763498,0.765061,0.737422,0.592636,0.67735,0.662419,0.545073,0.709594,1,0.774884,0.55252,0.589127,0.646256,0.556583,0.665732,0.687474,0.319766,0.742563,0.716524,0.534795,0.710803,0.739141,0.64075,0.55707,0.421178,0.348505,0.56934,0.621924,0.583182,0.621545,0.607769,0.707142,0.571238,0.691932,0.639916,0.479805,0.477563,0.826825,0.565978,0.774542,0.746467,0.661523,0.688057,0.610469,0.761082,0.47147,0.584378,0.772579,0.554232,0.741393,0.876273,0.716687,0.777406,0.674113,0.427782,0.267247,0.709011,0.5394,0.816218,0.743777,0.695625,0.554906,0.769576,0.669125,0.694324,0.75331,0.744639,0.377551,0.383757,0.603279,0.510755,0.624193,0.33547,0.628266,0.598128,0.587671,0.626543,0.648108,0.52212,0.701552
0.819106,0.43881,0.76361,0.791573,0.720895,0.80891,0.664382,0.699395,0.592411,0.56241,0.644217,0.392436,0.58342,0.774884,1,0.397881,0.597382,0.58718,0.513561,0.661301,0.696967,0.522539,0.666697,0.679174,0.605468,0.733119,0.799206,0.732339,0.505664,0.450965,0.383931,0.584545,0.650855,0.607234,0.673393,0.621218,0.639736,0.569218,0.67587,0.826933,0.45374,0.661529,0.818747,0.385302,0.779851,0.730187,0.699892,0.708185,0.546857,0.618298,0.47145,0.581212,0.74152,0.454619,0.759923,0.704468,0.768514,0.711255,0.794848,0.276715,0.294891,0.653117,0.596193,0.830004,0.778503,0.730213,0.63989,0.735707,0.535523,0.601088,0.763648,0.730599,0.49003,0.356744,0.558754,0.629333,0.652806,0.412255,0.398532,0.566252,0.684216,0.664345,0.724035,0.392581,0.686737
0.364267,0.491656,0.0633911,0.218868,0.227668,0.204716,0.298926,0.13657,0.235065,0.189048,0.0718688,0.209775,0.0892882,0.55252,0.397881,1,-0.092418,0.0714539,0.302491,0.309088,0.175031,-0.158697,0.119502,-0.0618142,0.133376,0.175775,0.154986,0.130244,0.0576268,0.0379724,-0.0356063,0.139195,0.22956,0.112251,0.167244,0.2249,0.418015,-0.0385971,0.404652,0.26746,-0.00191759,0.110788,0.318903,0.661022,0.151776,0.0982424,0.0987603,0.328737,0.225214,0.194061,0.0806257,-0.00603218,0.216807,0.191634,0.221451,0.507354,0.119639,0.704825,0.244348,0.0909241,-0.104389,0.128224,0.189329,0.384084,0.321508,0.12812,-0.0890874,0.0189302,0.144344,0.0629802,0.113543,0.27557,-0.00497042,0.158927,0.166433,0.0505949,0.108214,0.0262134,0.0973642,0.267996,0.388748,0.414015,0.4311,0.15058,0.0987428
0.711859,0.469006,0.814555,0.752781,0.619895,0.625535,0.624827,0.634957,0.507209,0.67319,0.695245,0.482948,0.892515,0.589127,0.597382,-0.092418,1,0.638017,0.294131,0.544749,0.648855,0.544243,0.754703,0.853984,0.426231,0.661551,0.749635,0.695636,0.442148,0.373962,0.530947,0.599371,0.476153,0.590541,0.48757,0.485814,0.46764,0.573273,0.449742,0.477486,0.484946,0.558194,0.727467,0.231728,0.804343,0.697904,0.724034,0.492085,0.61728,0.645134,0.312443,0.666003,0.693914,0.517002,0.671627,0.478595,0.680443,0.383991,0.785588,0.505895,0.185611,0.549584,0.407255,0.644706,0.54057,0.612861,0.789989,0.815981,0.607632,0.674891,0.705857,0.580134,0.613392,0.311546,0.480857,0.508627,0.524964,0.299677,0.599895,0.557448,0.39928,0.401411,0.277876,0.453477,0.61194
0.599776,0.381733,0.633864,0.5708,0.481678,0.694225,0.580348,0.65204,0.648312,0.455596,0.50853,0.353759,0.658728,0.646256,0.58718,0.0714539,0.638017,1,0.459342,0.593943,0.654011,0.383525,0.643465,0.710027,0.442226,0.68622,0.715744,0.605776,0.400733,0.452531,0.207233,0.40312,0.495004,0.553214,0.594119,0.539717,0.573125,0.543944,0.478543,0.502986,0.440458,0.38192,0.62566,0.199661,0.665474,0.50269,0.537319,0.565734,0.550006,0.678372,0.53223,0.444984,0.620862,0.374735,0.630856,0.639352,0.626854,0.504505,0.636533,0.147951,0.421081,0.722809,0.353259,0.66786,0.604855,0.740811,0.73002,0.715092,0.738998,0.690532,0.6397,0.494115,0.272305,0.262736,0.526637,0.623495,0.469974,0.140287,0.554455,0.535777,0.423815,0.457687,0.465998,0.519091,0.774153
0.556415,0.12244,0.623009,0.563199,0.53138,0.524299,0.300534,0.582284,0.469032,0.379481,0.448534,0.264807,0.36592,0.556583,0.513561,0.302491,0.294131,0.459342,1,0.810107,0.844102,0.48774,0.475123,0.549953,0.466206,0.463017,0.67699,0.450332,0.518853,0.200279,0.329586,0.438502,0.638318,0.654911,0.572559,0.415739,0.543048,0.574705,0.768731,0.674155,0.557197,0.337465,0.489694,-0.0199667,0.525812,0.447445,0.462334,0.482538,0.561491,0.54744,0.580792,0.265436,0.523771,0.48434,0.536111,0.568558,0.369345,0.562262,0.48608,0.237522,0.256365,0.645618,0.686847,0.728234,0.800346,0.390157,0.495811,0.60091,0.448002,0.608281,0.641225,0.441053,0.439067,0.380568,0.367604,0.588139,0.68415,0.448755,0.208638,0.479795,0.596752,0.79275,0.589813,0.51074,0.575859
0.759154,0.404532,0.736484,0.706658,0.63963,0.593146,0.457715,0.641258,0.640076,0.550818,0.669476,0.369271,0.58517,0.665732,0.661301,0.309088,0.544749,0.593943,0.810107,1,0.867225,0.505292,0.713576,0.751169,0.638138,0.585719,0.78762,0.622856,0.487525,0.40608,0.241689,0.547541,0.589878,0.660006,0.634755,0.469963,0.594047,0.571176,0.778137,0.702319,0.61415,0.426878,0.634669,0.159182,0.682843,0.549456,0.559694,0.66688,0.762259,0.699089,0.64725,0.49946,0.731598,0.516231,0.719348,0.661928,0.577666,0.61756,0.713998,0.389146,0.177192,0.678559,0.611058,0.867949,0.859615,0.509652,0.640614,0.744965,0.508482,0.636399,0.709058,0.572954,0.490874,0.512413,0.575413,0.581736,0.593513,0.369562,0.333766,0.714016,0.734908,0.834194,0.559519,0.515614,0.603302
0.781784,0.296832,0.856662,0.830406,0.707704,0.756795,0.541746,0.774591,0.653446,0.591924,0.710419,0.416774,0.671899,0.687474,0.696967,0.175031,0.648855,0.654011,0.844102,0.867225,1,0.66533,0.711606,0.827347,0.601913,0.711401,0.886083,0.731466,0.656889,0.359818,0.497918,0.640667,0.749299,0.829139,0.72398,0.609415,0.606645,0.725074,0.830489,0.789565,0.701112,0.581102,0.736507,0.091029,0.796906,0.702953,0.698908,0.595241,0.71859,0.76821,0.577825,0.62104,0.775778,0.626782,0.748173,0.668743,0.645759,0.599618,0.741772,0.425987,0.296582,0.771574,0.731767,0.856088,0.873844,0.650371,0.754419,0.836511,0.636211,0.749785,0.807698,0.617729,0.575713,0.509705,0.55426,0.756834,0.789223,0.53099,0.418793,0.654072,0.65635,0.773093,0.611637,0.641037,0.786577
0.456011,0.0116364,0.619363,0.505094,0.45934,0.585602,0.375843,0.6083,0.364125,0.457924,0.64132,0.262885,0.472619,0.319766,0.522539,-0.158697,0.544243,0.383525,0.48774,0.505292,0.66533,1,0.419586,0.665771,0.489373,0.549254,0.636171,0.491352,0.455765,0.282715,0.583718,0.646718,0.492576,0.576697,0.47161,0.534197,0.256185,0.556044,0.393417,0.552937,0.525008,0.570392,0.497072,-0.0790684,0.580033,0.533584,0.609984,0.366238,0.541545,0.44104,0.368052,0.407535,0.49058,0.399466,0.538696,0.308996,0.593641,0.20422,0.513701,0.295665,0.314813,0.457928,0.52597,0.545042,0.5665,0.493234,0.595029,0.683702,0.399004,0.561025,0.618683,0.351157,0.611507,0.25933,0.290039,0.548458,0.659295,0.486197,0.194826,0.360487,0.524995,0.385354,0.361115,0.44439,0.600321
0.76822,0.581881,0.784847,0.741794,0.687031,0.626071,0.591523,0.707862,0.586871,0.5577,0.713958,0.49824,0.800343,0.742563,0.666697,0.119502,0.754703,0.643465,0.475123,0.713576,0.711606,0.419586,1,0.862424,0.588639,0.662326,0.78195,0.683067,0.501605,0.299448,0.288192,0.567272,0.534298,0.609031,0.591238,0.401249,0.549898,0.576662,0.593978,0.518927,0.556564,0.351214,0.716493,0.299311,0.763943,0.675403,0.635272,0.733057,0.603855,0.703407,0.448073,0.722385,0.815318,0.48347,0.699722,0.679847,0.727483,0.481617,0.71226,0.547254,0.195638,0.732837,0.447441,0.723043,0.654832,0.719004,0.7636,0.821501,0.596601,0.656714,0.704811,0.594889,0.386509,0.500229,0.566704,0.51607,0.503545,0.264391,0.662049,0.647391,0.519342,0.545789,0.373616,0.551311,0.685467
0.797305,0.416721,0.906834,0.826034,0.7352,0.745629,0.638843,0.804765,0.64617,0.687689,0.847199,0.477285,0.83223,0.716524,0.679174,-0.0618142,0.853984,0.710027,0.549953,0.751169,0.827347,0.665771,0.862424,1,0.619993,0.774317,0.875968,0.761657,0.635675,0.445104,0.505564,0.70085,0.616462,0.7323,0.685884,0.553678,0.552622,0.710132,0.623258,0.66294,0.69525,0.579776,0.773837,0.13703,0.874257,0.806077,0.798983,0.675999,0.70636,0.767083,0.521752,0.754498,0.830574,0.553093,0.756927,0.646983,0.804443,0.415573,0.734776,0.534499,0.275426,0.738357,0.553065,0.788602,0.75247,0.745402,0.844076,0.96718,0.659811,0.81123,0.839157,0.665503,0.60069,0.461367,0.66132,0.697401,0.711801,0.425405,0.607925,0.623419,0.546494,0.567832,0.456957,0.604611,0.758877
0.542074,0.230023,0.552441,0.531926,0.614661,0.538165,0.384331,0.521262,0.558078,0.437267,0.497809,0.448193,0.457992,0.534795,0.605468,0.133376,0.426231,0.442226,0.466206,0.638138,0.601913,0.489373,0.588639,0.619993,1,0.620199,0.67601,0.535117,0.439217,0.439606,0.298357,0.493903,0.580305,0.453296,0.494406,0.449444,0.381261,0.517968,0.589355,0.613726,0.393536,0.402917,0.50567,0.126629,0.524819,0.468723,0.557396,0.564746,0.530228,0.558414,0.639706,0.474095,0.561295,0.512192,0.679447,0.593352,0.662111,0.418812,0.529055,0.291524,0.192634,0.477218,0.521729,0.648813,0.669914,0.60529,0.436371,0.637362,0.438794,0.567758,0.611116,0.459654,0.346789,0.298995,0.380925,0.427331,0.539039,0.355222,0.276447,0.35551,0.611422,0.604783,0.504848,0.265062,0.500258
0.768582,0.295539,0.801996,0.740755,0.650795,0.70497,0.645669,0.736564,0.551963,0.530005,0.634435,0.406486,0.667727,0.710803,0.733119,0.175775,0.661551,0.68622,0.463017,0.585719,0.711401,0.549254,0.662326,0.774317,0.620199,1,0.848113,0.846502,0.666191,0.297295,0.389556,0.602674,0.656425,0.6915,0.685333,0.625949,0.617344,0.565467,0.666236,0.719697,0.526546,0.678124,0.773913,0.157459,0.839848,0.783242,0.779404,0.619195,0.430092,0.646042,0.507531,0.595531,0.728996,0.565514,0.718369,0.628537,0.719947,0.57187,0.700118,0.358348,0.262951,0.6793,0.508483,0.781697,0.736586,0.815906,0.684765,0.797158,0.6871,0.705092,0.799906,0.668899,0.508038,0.39694,0.514227,0.764071,0.770807,0.404304,0.539,0.56626,0.661075,0.55283,0.630152,0.6317,0.756043
0.814891,0.359622,0.90259,0.862347,0.783558,0.804941,0.609726,0.771914,0.668371,0.582244,0.71508,0.492495,0.758654,0.739141,0.799206,0.154986,0.749635,0.715744,0.67699,0.78762,0.886083,0.636171,0.78195,0.875968,0.67601,0.848113,1,0.846336,0.67134,0.433506,0.478463,0.691818,0.728818,0.779158,0.708255,0.635108,0.673083,0.686574,0.770831,0.816266,0.598292,0.69596,0.816388,0.167791,0.876441,0.77709,0.806136,0.713162,0.669555,0.712681,0.630005,0.680475,0.844137,0.6631,0.795437,0.672386,0.742374,0.598472,0.834752,0.449414,0.319481,0.831839,0.708334,0.903728,0.866656,0.806177,0.827954,0.900484,0.691937,0.79483,0.87699,0.718953,0.591114,0.484417,0.602976,0.802489,0.794653,0.466543,0.518365,0.650364,0.733381,0.747052,0.651791,0.615655,0.785854
0.811403,0.233282,0.792378,0.786745,0.733927,0.724346,0.543565,0.670251,0.525567,0.509391,0.743358,0.339516,0.659918,0.64075,0.732339,0.130244,0.695636,0.605776,0.450332,0.622856,0.731466,0.491352,0.683067,0.761657,0.535117,0.846502,0.846336,1,0.650232,0.268229,0.348232,0.525101,0.584854,0.688891,0.670242,0.55609,0.50005,0.520517,0.704573,0.749873,0.628781,0.67672,0.690087,0.049996,0.769292,0.727873,0.654281,0.505584,0.481016,0.699559,0.502618,0.74189,0.784682,0.616661,0.74568,0.567543,0.601074,0.488803,0.74404,0.479985,0.318641,0.657702,0.545099,0.793565,0.728784,0.724853,0.721386,0.718747,0.582247,0.645955,0.800492,0.670001,0.485184,0.634835,0.61739,0.737184,0.640621,0.385794,0.493559,0.68724,0.628877,0.596732,0.618697,0.525052,0.72331
0.616548,-9.21135e-05,0.67444,0.617118,0.49099,0.454649,0.484078,0.652255,0.259468,0.547597,0.564588,0.280861,0.480354,0.55707,0.505664,0.0576268,0.442148,0.400733,0.518853,0.487525,0.656889,0.455765,0.501605,0.635675,0.439217,0.666191,0.67134,0.650232,1,0.259359,0.326418,0.399071,0.510373,0.620213,0.458839,0.363042,0.443061,0.509055,0.611108,0.59141,0.577413,0.4386,0.552286,-0.0776268,0.621864,0.672904,0.544813,0.257237,0.398219,0.581406,0.330837,0.458698,0.545112,0.543347,0.558615,0.521197,0.457078,0.40636,0.457734,0.366591,0.215818,0.529518,0.53348,0.627154,0.610642,0.566145,0.445861,0.661257,0.423997,0.586961,0.680887,0.57344,0.517059,0.451086,0.484019,0.60583,0.720936,0.433263,0.379258,0.358173,0.470608,0.478318,0.540561,0.506197,0.598024
0.388155,0.272918,0.443859,0.412195,0.379866,0.451901,0.471465,0.334477,0.536731,0.429046,0.374424,0.250008,0.344788,0.421178,0.450965,0.0379724,0.373962,0.452531,0.200279,0.40608,0.359818,0.282715,0.299448,0.445104,0.439606,0.297295,0.433506,0.268229,0.259359,1,0.187943,0.300079,0.326228,0.131027,0.222365,0.476665,0.470805,0.421362,0.28317,0.465866,0.320717,0.427971,0.505887,0.277179,0.47141,0.446917,0.450197,0.317402,0.57599,0.380218,0.442532,0.376071,0.405357,0.279775,0.466527,0.445941,0.501212,0.357826,0.526021,0.129625,0.142656,0.397578,0.20362,0.484079,0.454933,0.384984,0.414263,0.519625,0.292533,0.38548,0.414498,0.391836,0.24343,0.0995773,0.453473,0.319965,0.326545,0.233511,0.0794744,0.309071,0.344247,0.382505,0.388926,-0.0533145,0.431704
0.384688,0.19649,0.515213,0.465294,0.367805,0.536493,0.424063,0.430216,0.409292,0.343997,0.388705,0.321986,0.467412,0.348505,0.383931,-0.0356063,0.530947,0.207233,0.329586,0.241689,0.497918,0.583718,0.288192,0.505564,0.298357,0.389556,0.478463,0.348232,0.326418,0.187943,1,0.542768,0.432968,0.48707,0.335317,0.518081,0.223126,0.479754,0.346246,0.439237,0.332592,0.472861,0.547684,0.0857494,0.522571,0.527903,0.594204,0.293725,0.474951,0.271352,0.219832,0.315032,0.325392,0.278315,0.27829,0.240113,0.537645,0.210021,0.322252,0.19013,0.077387,0.344487,0.397887,0.374843,0.35778,0.344684,0.406451,0.55159,0.416632,0.353434,0.407012,0.234834,0.519088,0.00163053,0.155845,0.372473,0.520499,0.526452,0.158013,0.0971162,0.23534,0.225993,0.177471,0.298352,0.426795
0.544641,0.413138,0.636281,0.610516,0.550804,0.649022,0.538366,0.594199,0.481085,0.509628,0.635367,0.559179,0.579699,0.56934,0.584545,0.139195,0.599371,0.40312,0.438502,0.547541,0.640667,0.646718,0.567272,0.70085,0.493903,0.602674,0.691818,0.525101,0.399071,0.300079,0.542768,1,0.505203,0.470156,0.384554,0.51482,0.522347,0.507419,0.475274,0.560137,0.459302,0.631657,0.641129,0.363498,0.653159,0.59145,0.647357,0.615239,0.583446,0.522965,0.305876,0.526303,0.619281,0.647993,0.665,0.505271,0.695895,0.351447,0.615831,0.488169,0.210737,0.535171,0.490025,0.65682,0.586248,0.546567,0.591401,0.741494,0.475377,0.673388,0.654254,0.536368,0.503885,0.408714,0.444859,0.553466,0.680103,0.34593,0.384959,0.459427,0.546451,0.450672,0.347457,0.45027,0.438223
0.605649,0.215428,0.665794,0.778986,0.664242,0.6695,0.528231,0.691557,0.594507,0.431129,0.584988,0.553744,0.610706,0.621924,0.650855,0.22956,0.476153,0.495004,0.638318,0.589878,0.749299,0.492576,0.534298,0.616462,0.580305,0.656425,0.728818,0.584854,0.510373,0.326228,0.432968,0.505203,1,0.653022,0.603864,0.672578,0.516225,0.650713,0.645161,0.722458,0.389516,0.627696,0.657755,0.115639,0.667229,0.608062,0.675109,0.533813,0.476784,0.68346,0.519666,0.507626,0.635394,0.635375,0.67369,0.488885,0.508782,0.504265,0.603784,0.437975,0.277937,0.689942,0.735869,0.678198,0.82297,0.632353,0.624607,0.700668,0.58973,0.70293,0.664565,0.600934,0.47857,0.405051,0.422357,0.623542,0.809791,0.509139,0.498787,0.388476,0.55152,0.603567,0.583657,0.4723,0.641235
0.71713,0.123489,0.792391,0.79991,0.606975,0.663114,0.439635,0.733403,0.567084,0.499205,0.627292,0.211697,0.560915,0.583182,0.607234,0.112251,0.590541,0.553214,0.654911,0.660006,0.829139,0.576697,0.609031,0.7323,0.453296,0.6915,0.779158,0.688891,0.620213,0.131027,0.48707,0.470156,0.653022,1,0.782906,0.453628,0.430222,0.687624,0.777949,0.683962,0.553,0.537413,0.673049,-0.000363573,0.733603,0.670878,0.641152,0.487011,0.470874,0.631786,0.40619,0.54767,0.667443,0.456435,0.553546,0.542859,0.59401,0.517554,0.54778,0.297137,0.209433,0.632811,0.700919,0.717094,0.691592,0.596932,0.700342,0.701722,0.630821,0.621473,0.68041,0.614353,0.528415,0.316339,0.446708,0.795769,0.720839,0.436201,0.413527,0.559166,0.559879,0.604149,0.58924,0.683991,0.718955
0.698704,0.285877,0.705613,0.745288,0.678313,0.695207,0.473055,0.663683,0.528069,0.460627,0.658032,0.161595,0.468341,0.621545,0.673393,0.167244,0.48757,0.594119,0.572559,0.634755,0.72398,0.47161,0.591238,0.685884,0.494406,0.685333,0.708255,0.670242,0.458839,0.222365,0.335317,0.384554,0.603864,0.782906,1,0.56418,0.443661,0.599491,0.656828,0.7215,0.58932,0.500183,0.620165,0.0793017,0.66288,0.673768,0.565709,0.616439,0.356755,0.577703,0.429147,0.626806,0.729793,0.32485,0.564695,0.577736,0.622476,0.486325,0.513743,0.233866,0.308991,0.660851,0.622585,0.659866,0.710841,0.687646,0.612009,0.665297,0.520933,0.554831,0.693573,0.533561,0.452105,0.28068,0.599447,0.74633,0.6139,0.436273,0.444271,0.623565,0.514462,0.492412,0.598089,0.567898,0.69152
0.620431,0.331911,0.617479,0.614077,0.624114,0.756676,0.656784,0.552608,0.523873,0.497972,0.496168,0.476518,0.545775,0.607769,0.621218,0.2249,0.485814,0.539717,0.415739,0.469963,0.609415,0.534197,0.401249,0.553678,0.449444,0.625949,0.635108,0.55609,0.363042,0.476665,0.518081,0.51482,0.672578,0.453628,0.56418,1,0.490405,0.448647,0.507169,0.629815,0.351184,0.615059,0.692959,0.194692,0.689085,0.654567,0.65606,0.530614,0.540774,0.518143,0.535921,0.465258,0.629877,0.439359,0.574723,0.489219,0.58655,0.474068,0.623032,0.219611,0.376002,0.636157,0.500963,0.634456,0.679758,0.622488,0.448789,0.654621,0.554283,0.595469,0.646395,0.550574,0.40211,0.180614,0.493427,0.539486,0.633298,0.470232,0.333256,0.440647,0.458849,0.475153,0.547102,0.352249,0.623258
0.707384,0.440622,0.691306,0.660029,0.532943,0.521354,0.647714,0.495567,0.520303,0.543541,0.377795,0.369197,0.450944,0.707142,0.639736,0.418015,0.46764,0.573125,0.543048,0.594047,0.606645,0.256185,0.549898,0.552622,0.381261,0.617344,0.673083,0.50005,0.443061,0.470805,0.223126,0.522347,0.516225,0.430222,0.443661,0.490405,1,0.516277,0.674368,0.658849,0.369064,0.41584,0.800636,0.4414,0.752001,0.624803,0.637605,0.59819,0.554387,0.508571,0.437596,0.405329,0.633278,0.497204,0.557508,0.720994,0.493204,0.767706,0.684154,0.193071,0.181554,0.589036,0.381267,0.725582,0.612549,0.575207,0.556897,0.626564,0.548862,0.590439,0.638776,0.579439,0.300364,0.1797,0.473063,0.484795,0.563584,0.263693,0.412264,0.465771,0.624568,0.71493,0.623004,0.420947,0.522432
0.553609,0.111896,0.705131,0.717746,0.591044,0.627131,0.436295,0.67158,0.597753,0.527553,0.633329,0.39506,0.554167,0.571238,0.569218,-0.0385971,0.573273,0.543944,0.574705,0.571176,0.725074,0.556044,0.576662,0.710132,0.517968,0.565467,0.686574,0.520517,0.509055,0.421362,0.479754,0.507419,0.650713,0.687624,0.599491,0.448647,0.516277,1,0.669874,0.626016,0.467733,0.552329,0.643071,0.080326,0.669891,0.666165,0.620364,0.466115,0.509154,0.656374,0.485437,0.618265,0.635681,0.543981,0.631915,0.561686,0.624525,0.423958,0.571527,0.274536,0.54794,0.652361,0.646454,0.639656,0.65512,0.521668,0.69437,0.714857,0.498058,0.640468,0.635079,0.534712,0.47033,0.164425,0.508119,0.601829,0.690706,0.437694,0.452915,0.430785,0.546078,0.540333,0.602644,0.304456,0.751013
0.793712,0.198088,0.76392,0.766191,0.684494,0.623633,0.489818,0.62206,0.591667,0.5482,0.531737,0.271735,0.436022,0.691932,0.67587,0.404652,0.449742,0.478543,0.768731,0.778137,0.830489,0.393417,0.593978,0.623258,0.589355,0.666236,0.770831,0.704573,0.611108,0.28317,0.346246,0.475274,0.645161,0.777949,0.656828,0.507169,0.674368,0.669874,1,0.796052,0.5582,0.505081,0.716978,0.138284,0.72834,0.680587,0.617484,0.540119,0.57883,0.61114,0.603606,0.534857,0.676173,0.588953,0.638983,0.754235,0.537631,0.725673,0.654038,0.272196,0.255393,0.611939,0.651746,0.835462,0.785861,0.515244,0.539841,0.632575,0.535116,0.616281,0.712889,0.679326,0.445997,0.368725,0.536354,0.691968,0.69289,0.391311,0.337955,0.625737,0.709704,0.871194,0.786469,0.438137,0.636118
0.774378,0.15145,0.788739,0.784575,0.719587,0.739981,0.609834,0.608001,0.55222,0.581301,0.624059,0.317476,0.427768,0.639916,0.826933,0.26746,0.477486,0.502986,0.674155,0.702319,0.789565,0.552937,0.518927,0.66294,0.613726,0.719697,0.816266,0.749873,0.59141,0.465866,0.439237,0.560137,0.722458,0.683962,0.7215,0.629815,0.658849,0.626016,0.796052,1,0.55365,0.674451,0.752365,0.0961151,0.749014,0.744074,0.714463,0.58313,0.551484,0.580551,0.636334,0.555167,0.717693,0.515804,0.720566,0.64559,0.60484,0.67,0.704215,0.226742,0.23975,0.68158,0.678387,0.835767,0.823727,0.654798,0.647273,0.710603,0.535045,0.633059,0.818913,0.683113,0.516119,0.38857,0.545818,0.722655,0.795942,0.600508,0.245818,0.567302,0.728602,0.777646,0.806279,0.356545,0.677034
0.595348,0.192113,0.633411,0.579479,0.485432,0.501188,0.364044,0.734747,0.395118,0.430448,0.681281,0.134883,0.423031,0.479805,0.45374,-0.00191759,0.484946,0.440458,0.557197,0.61415,0.701112,0.525008,0.556564,0.69525,0.393536,0.526546,0.598292,0.628781,0.577413,0.320717,0.332592,0.459302,0.389516,0.553,0.58932,0.351184,0.369064,0.467733,0.5582,0.55365,1,0.413725,0.451705,-0.025177,0.570155,0.556641,0.418506,0.315839,0.537517,0.540369,0.326451,0.564067,0.531317,0.471603,0.48926,0.522953,0.468013,0.302336,0.443351,0.490593,0.157134,0.446115,0.339951,0.569659,0.600442,0.436156,0.510788,0.646604,0.28077,0.528727,0.612729,0.369982,0.563109,0.618778,0.513156,0.621668,0.514863,0.282176,0.321368,0.551867,0.366274,0.459695,0.381679,0.515541,0.535176
0.556739,0.175897,0.643266,0.719595,0.619678,0.666672,0.410726,0.597793,0.494352,0.408686,0.603612,0.403407,0.539917,0.477563,0.661529,0.110788,0.558194,0.38192,0.337465,0.426878,0.581102,0.570392,0.351214,0.579776,0.402917,0.678124,0.69596,0.67672,0.4386,0.427971,0.472861,0.631657,0.627696,0.537413,0.500183,0.615059,0.41584,0.552329,0.505081,0.674451,0.413725,1,0.650648,0.185221,0.700472,0.701739,0.734112,0.445478,0.414576,0.513428,0.325843,0.604359,0.551561,0.582556,0.574079,0.335154,0.609196,0.374743,0.692015,0.433702,0.287594,0.515256,0.577031,0.621117,0.636083,0.522935,0.574381,0.637649,0.363601,0.593722,0.623899,0.636678,0.593215,0.349695,0.470999,0.691369,0.69047,0.456618,0.277962,0.460172,0.577676,0.457733,0.556809,0.285576,0.557094
0.897519,0.530145,0.886683,0.872078,0.734011,0.772569,0.823983,0.680902,0.641806,0.667915,0.639763,0.421921,0.700746,0.826825,0.818747,0.318903,0.727467,0.62566,0.489694,0.634669,0.736507,0.497072,0.716493,0.773837,0.50567,0.773913,0.816388,0.690087,0.552286,0.505887,0.547684,0.641129,0.657755,0.673049,0.620165,0.692959,0.800636,0.643071,0.716978,0.752365,0.451705,0.650648,1,0.438583,0.947296,0.884372,0.853905,0.683545,0.640155,0.639525,0.446821,0.631289,0.796795,0.487012,0.668272,0.710595,0.780929,0.725838,0.785381,0.35312,0.209432,0.707934,0.555028,0.825985,0.720454,0.741692,0.703697,0.826973,0.715187,0.656292,0.761506,0.741905,0.469967,0.22492,0.567129,0.599203,0.694408,0.435016,0.532934,0.570015,0.641773,0.662154,0.614048,0.519877,0.719927
0.301246,0.807876,0.125314,0.283991,0.215852,0.315292,0.473302,0.226364,0.296977,0.274949,0.146577,0.357146,0.308276,0.565978,0.385302,0.661022,0.231728,0.199661,-0.0199667,0.159182,0.091029,-0.0790684,0.299311,0.13703,0.126629,0.157459,0.167791,0.049996,-0.0776268,0.277179,0.0857494,0.363498,0.115639,-0.000363573,0.0793017,0.194692,0.4414,0.080326,0.138284,0.0961151,-0.025177,0.185221,0.438583,1,0.275899,0.21538,0.220278,0.414794,0.272465,0.220486,-0.0893802,0.177523,0.282096,0.216743,0.27288,0.524382,0.361356,0.55303,0.376876,0.237752,-0.105256,0.164064,0.0603716,0.259135,0.108913,0.238488,0.14782,0.187405,0.244937,0.118185,0.0889468,0.260148,0.0633135,0.0106517,0.162184,-0.0298668,0.0129326,-0.165108,0.290686,0.262755,0.220315,0.125499,0.117326,0.154067,0.125326
0.8975,0.451482,0.953584,0.887454,0.740448,0.762988,0.745067,0.760757,0.60941,0.678888,0.695759,0.451892,0.757744,0.774542,0.779851,0.151776,0.804343,0.665474,0.525812,0.682843,0.796906,0.580033,0.763943,0.874257,0.524819,0.839848,0.876441,0.769292,0.621864,0.47141,0.522571,0.653159,0.667229,0.733603,0.66288,0.689085,0.752001,0.669891,0.72834,0.749014,0.570155,0.700472,0.947296,0.275899,1,0.922767,0.909645,0.681468,0.653835,0.675895,0.511136,0.694967,0.802959,0.519981,0.677624,0.676365,0.787857,0.638525,0.827301,0.40626,0.225389,0.726896,0.536975,0.831036,0.75056,0.753736,0.767444,0.900742,0.66423,0.755709,0.83216,0.789967,0.572033,0.312025,0.585575,0.70254,0.741056,0.457327,0.548946,0.605172,0.619447,0.678305,0.607575,0.583148,0.759009
0.841308,0.35685,0.90125,0.843304,0.762296,0.741179,0.740188,0.708877,0.455334,0.681066,0.695701,0.358206,0.652427,0.746467,0.730187,0.0982424,0.697904,0.50269,0.447445,0.549456,0.702953,0.533584,0.675403,0.806077,0.468723,0.783242,0.77709,0.727873,0.672904,0.446917,0.527903,0.59145,0.608062,0.670878,0.673768,0.654567,0.624803,0.666165,0.680587,0.744074,0.556641,0.701739,0.884372,0.21538,0.922767,1,0.860921,0.591816,0.498343,0.601192,0.440372,0.72706,0.763428,0.461979,0.632418,0.628022,0.755092,0.540145,0.703618,0.394862,0.245993,0.685551,0.565622,0.729934,0.684084,0.698841,0.644833,0.836178,0.577942,0.665714,0.819636,0.781296,0.580148,0.263615,0.585057,0.651077,0.765809,0.521935,0.532926,0.554453,0.549334,0.550036,0.613599,0.451417,0.712846
0.741611,0.351925,0.862986,0.779138,0.710905,0.703815,0.66001,0.621952,0.581922,0.665628,0.616029,0.512633,0.71581,0.661523,0.699892,0.0987603,0.724034,0.537319,0.462334,0.559694,0.698908,0.609984,0.635272,0.798983,0.557396,0.779404,0.806136,0.654281,0.544813,0.450197,0.594204,0.647357,0.675109,0.641152,0.565709,0.65606,0.637605,0.620364,0.617484,0.714463,0.418506,0.734112,0.853905,0.220278,0.909645,0.860921,1,0.654562,0.598978,0.580768,0.487664,0.622256,0.677561,0.468666,0.60005,0.569466,0.749617,0.526051,0.749838,0.361548,0.126207,0.617905,0.518521,0.720672,0.677862,0.694842,0.702059,0.848512,0.582241,0.764547,0.767076,0.718271,0.573607,0.166783,0.468947,0.642729,0.753029,0.575577,0.461417,0.389683,0.545579,0.594641,0.567827,0.416098,0.686536
0.631029,0.656823,0.645724,0.630829,0.627958,0.660138,0.502108,0.569914,0.661028,0.357568,0.518505,0.474334,0.587491,0.688057,0.708185,0.328737,0.492085,0.565734,0.482538,0.66688,0.595241,0.366238,0.733057,0.675999,0.564746,0.619195,0.713162,0.505584,0.257237,0.317402,0.293725,0.615239,0.533813,0.487011,0.616439,0.530614,0.59819,0.466115,0.540119,0.58313,0.315839,0.445478,0.683545,0.414794,0.681468,0.591816,0.654562,1,0.56654,0.48313,0.497355,0.561821,0.77126,0.293714,0.548352,0.595771,0.753868,0.485355,0.643838,0.269955,0.214119,0.706899,0.509488,0.693406,0.687578,0.723667,0.6046,0.713157,0.551892,0.548782,0.585638,0.541134,0.287506,0.227543,0.608721,0.539638,0.514228,0.205301,0.510818,0.527464,0.582515,0.580947,0.439689,0.471434,0.523563
0.646254,0.451646,0.637561,0.592859,0.497531,0.567076,0.532964,0.581309,0.653383,0.591575,0.619488,0.547117,0.656997,0.610469,0.546857,0.225214,0.61728,0.550006,0.561491,0.762259,0.71859,0.541545,0.603855,0.70636,0.530228,0.430092,0.669555,0.481016,0.398219,0.57599,0.474951,0.583446,0.476784,0.470874,0.356755,0.540774,0.554387,0.509154,0.57883,0.551484,0.537517,0.414576,0.640155,0.272465,0.653835,0.498343,0.598978,0.56654,1,0.641904,0.587025,0.462247,0.612956,0.454481,0.594621,0.621575,0.633729,0.519649,0.678557,0.347545,0.215898,0.53447,0.406681,0.742517,0.661961,0.46155,0.587423,0.733718,0.481066,0.601513,0.586966,0.431943,0.451179,0.366771,0.568954,0.396979,0.456148,0.295711,0.28242,0.526854,0.556993,0.685504,0.401711,0.359125,0.542482
0.727833,0.345523,0.687044,0.760071,0.666202,0.698958,0.545729,0.731041,0.624329,0.654425,0.766598,0.568358,0.764684,0.761082,0.618298,0.194061,0.645134,0.678372,0.54744,0.699089,0.76821,0.44104,0.703407,0.767083,0.558414,0.646042,0.712681,0.699559,0.581406,0.380218,0.271352,0.522965,0.68346,0.631786,0.577703,0.518143,0.508571,0.656374,0.61114,0.580551,0.540369,0.513428,0.639525,0.220486,0.675895,0.601192,0.580768,0.48313,0.641904,1,0.441963,0.662779,0.738077,0.680798,0.815471,0.665539,0.596603,0.542576,0.666634,0.543258,0.354147,0.646737,0.608706,0.731726,0.710329,0.60399,0.662226,0.750602,0.604462,0.754977,0.717154,0.595396,0.407355,0.554507,0.569072,0.530326,0.620521,0.404494,0.578399,0.544819,0.553223,0.569588,0.5421,0.512661,0.727152
0.498464,0.0713654,0.517429,0.403252,0.461173,0.504051,0.372357,0.439659,0.446773,0.321308,0.366559,0.422836,0.35777,0.47147,0.47145,0.0806257,0.312443,0.53223,0.580792,0.64725,0.577825,0.368052,0.448073,0.521752,0.639706,0.507531,0.630005,0.502618,0.330837,0.442532,0.219832,0.305876,0.519666,0.40619,0.429147,0.535921,0.437596,0.485437,0.603606,0.636334,0.326451,0.325843,0.446821,-0.0893802,0.511136,0.440372,0.487664,0.497355,0.587025,0.441963,1,0.276829,0.496333,0.349891,0.546422,0.526554,0.44597,0.453646,0.52728,0.0259347,0.372765,0.681562,0.395539,0.660598,0.664268,0.468217,0.485992,0.570107,0.47205,0.514627,0.59743,0.482663,0.250995,0.274597,0.385327,0.42101,0.478413,0.338881,0.158181,0.507676,0.579259,0.683285,0.561096,0.176855,0.588395
0.684961,0.385064,0.726133,0.787819,0.789832,0.651124,0.429878,0.577504,0.571966,0.52469,0.790652,0.39528,0.673215,0.584378,0.581212,-0.00603218,0.666003,0.444984,0.265436,0.49946,0.62104,0.407535,0.722385,0.754498,0.474095,0.595531,0.680475,0.74189,0.458698,0.376071,0.315032,0.526303,0.507626,0.54767,0.626806,0.465258,0.405329,0.618265,0.534857,0.555167,0.564067,0.604359,0.631289,0.177523,0.694967,0.72706,0.622256,0.561821,0.462247,0.662779,0.276829,1,0.813873,0.524673,0.627715,0.494865,0.647501,0.256201,0.632077,0.59791,0.339818,0.569083,0.483281,0.581424,0.59738,0.636686,0.650764,0.68829,0.396215,0.590289,0.658196,0.613067,0.323912,0.514042,0.705719,0.572126,0.48832,0.393813,0.576482,0.580517,0.394136,0.41586,0.446898,0.341142,0.617247
0.844273,0.512837,0.843234,0.859931,0.828867,0.763436,0.654046,0.670639,0.633167,0.60825,0.798862,0.444066,0.743439,0.772579,0.74152,0.216807,0.693914,0.620862,0.523771,0.731598,0.775778,0.49058,0.815318,0.830574,0.561295,0.728996,0.844137,0.784682,0.545112,0.405357,0.325392,0.619281,0.635394,0.667443,0.729793,0.629877,0.633278,0.635681,0.676173,0.717693,0.531317,0.551561,0.796795,0.282096,0.802959,0.763428,0.677561,0.77126,0.612956,0.738077,0.496333,0.813873,1,0.549458,0.772923,0.647568,0.683262,0.52548,0.766438,0.505586,0.37356,0.814406,0.672421,0.821538,0.804707,0.796456,0.768472,0.811849,0.69211,0.657693,0.78317,0.672312,0.382007,0.489812,0.785619,0.621915,0.65729,0.366868,0.630395,0.752618,0.654971,0.63625,0.558177,0.567391,0.727207
