1,0.732709,0.93268,0.80534,0.804744,0.684539,0.170378,0.402933,0.540104,0.781431,0.788192,0.637555,0.83291,0.695194,0.577574,0.397625,0.886683,0.713237,0.726913,0.698772,0.816342,0.509932,0.768687,0.932034,0.752006,0.656134,0.857447,0.714554,0.422422,0.263407,0.27308,0.603424,0.846502,0.796242,0.661392,0.265704,0.521526,0.697203,0.803601,0.832467,0.567077,0.727825,0.897668,0.694146,0.908086,0.815491,0.739057,0.767352,0.601088,0.30735,0.629787,0.783772,0.836087,0.642085,0.800641,0.77467,0.790126,0.657556,0.887289,0.546667,0.514535,0.763113,0.741611,0.812183,0.754135,0.64675,0.792501,0.880198,0.540251,0.734905,0.84764,0.756463,0.502923,0.605391,0.569639,0.78761,0.845133,0.766616,0.625431,0.518221,0.53608,0.813492,0.790486,0.402289,0.672012
0.732709,1,0.598212,0.485629,0.632191,0.613256,0.0636726,0.426222,0.519811,0.569471,0.641761,0.424166,0.748349,0.910212,0.534207,0.765308,0.740429,0.326394,0.6459,0.614419,0.622894,0.376579,0.540282,0.678657,0.541089,0.4551,0.542167,0.434244,0.269663,0.231063,0.273703,0.332095,0.705128,0.459045,0.413336,0.372822,0.314442,0.58127,0.586663,0.571755,0.35361,0.500342,0.572638,0.905384,0.589855,0.464712,0.563485,0.529433,0.480326,0.130977,0.304911,0.724607,0.712173,0.506935,0.765784,0.835852,0.439448,0.843337,0.7543,0.550836,0.401792,0.396319,0.658973,0.707764,0.656668,0.545206,0.837002,0.574326,0.337505,0.712142,0.581778,0.492118,0.227112,0.342896,0.323061,0.509876,0.530466,0.553043,0.417783,0.200683,0.431618,0.589532,0.559517,0.148527,0.352721
0.93268,0.598212,1,0.868069,0.783425,0.665087,0.225754,0.31373,0.545558,0.859672,0.857757,0.617498,0.811973,0.597022,0.639512,0.331485,0.901161,0.678579,0.738813,0.738517,0.848315,0.539447,0.773715,0.926019,0.676064,0.670284,0.882917,0.793928,0.441514,0.240362,0.278903,0.693107,0.836089,0.869634,0.691381,0.2486,0.5334,0.710008,0.874444,0.877324,0.564738,0.744979,0.913858,0.609303,0.9509,0.874247,0.743687,0.725025,0.633637,0.402234,0.699231,0.763207,0.814669,0.538972,0.753903,0.728284,0.804747,0.620424,0.85905,0.45605,0.651312,0.726546,0.778483,0.840406,0.811365,0.690471,0.710022,0.92863,0.558626,0.746873,0.827368,0.802259,0.608677,0.622392,0.554371,0.852303,0.913123,0.800781,0.630612,0.515167,0.545525,0.880056,0.848265,0.503447,0.741664
0.80534,0.485629,0.868069,1,0.80479,0.707072,0.171243,0.270958,0.475029,0.841243,0.810521,0.623079,0.724458,0.465179,0.60313,0.196224,0.818427,0.658939,0.573601,0.535618,0.694774,0.626364,0.783578,0.866078,0.633873,0.517584,0.858503,0.742066,0.365589,0.376538,0.180752,0.571391,0.704492,0.836518,0.682912,0.344534,0.440671,0.473124,0.757905,0.74134,0.333088,0.655305,0.893407,0.468491,0.891119,0.869196,0.555901,0.548692,0.598841,0.300743,0.604563,0.691944,0.731507,0.508517,0.64071,0.552105,0.671907,0.489875,0.778842,0.483334,0.528117,0.627856,0.685656,0.649877,0.59143,0.690006,0.645063,0.805853,0.525577,0.573355,0.749064,0.796223,0.612411,0.585689,0.476598,0.722685,0.868913,0.768317,0.555565,0.402875,0.592163,0.76382,0.790106,0.545325,0.741772
0.804744,0.632191,0.783425,0.80479,1,0.806949,0.0752177,0.327088,0.473179,0.770469,0.643551,0.699422,0.820506,0.654661,0.545036,0.378383,0.777251,0.603506,0.701166,0.61198,0.739663,0.56408,0.705122,0.816978,0.583876,0.553102,0.742812,0.665098,0.257341,0.136519,0.271771,0.608052,0.63091,0.677574,0.666274,0.510475,0.445064,0.48461,0.684953,0.696774,0.381052,0.511864,0.819507,0.604769,0.812507,0.715951,0.632026,0.604507,0.680507,0.31021,0.652707,0.724185,0.786839,0.600084,0.759979,0.779249,0.717371,0.614098,0.766318,0.426243,0.499255,0.67959,0.794101,0.732366,0.668815,0.694211,0.690678,0.759202,0.613238,0.616146,0.783297,0.643275,0.506031,0.540508,0.643796,0.644732,0.784093,0.770844,0.554982,0.405837,0.541672,0.73968,0.679012,0.437965,0.542043
0.684539,0.613256,0.665087,0.707072,0.806949,1,0.10261,0.235137,0.501166,0.697668,0.630242,0.50738,0.679182,0.648453,0.639675,0.382128,0.674737,0.512881,0.561757,0.584226,0.617313,0.510907,0.610226,0.730304,0.442752,0.517891,0.629589,0.464597,0.172331,0.368957,0.262834,0.432064,0.536126,0.528957,0.618311,0.598022,0.336271,0.431843,0.596806,0.609395,0.315116,0.341354,0.72449,0.634096,0.729499,0.718113,0.562316,0.498281,0.546884,0.169232,0.518586,0.618266,0.724606,0.431678,0.652787,0.747167,0.574278,0.588672,0.679589,0.46672,0.393433,0.555356,0.72008,0.623316,0.532268,0.617631,0.62162,0.628189,0.368071,0.527511,0.608855,0.587644,0.255432,0.429033,0.490701,0.599974,0.69449,0.683191,0.518474,0.314638,0.444624,0.658486,0.617629,0.25971,0.512841
0.170378,0.0636726,0.225754,0.171243,0.0752177,0.10261,1,0.33737,0.0265172,0.097765,0.107706,0.283105,0.171892,0.105216,0.180961,0.207044,0.218787,0.121672,0.187242,0.218845,0.199008,0.250053,0.341674,0.192384,0.192235,0.287528,0.123916,0.205311,0.239098,0.18845,0.135694,0.182686,0.225982,0.331117,-0.00561664,-0.159098,0.279274,0.225716,0.29565,0.238411,0.356757,0.148541,0.289647,0.115867,0.212935,0.184368,0.264376,0.125425,0.097792,0.34026,0.104987,0.0894493,0.0488887,0.157076,0.159587,0.115822,0.231811,0.230838,0.128803,0.0502272,0.133286,0.0292284,0.259165,0.142692,0.303138,0.0864414,0.199555,0.30062,-0.111533,0.212643,0.210112,0.275978,0.098092,0.246144,0.214677,0.369012,0.319016,0.179851,0.00881218,0.350074,0.0286125,0.235299,0.218221,0.0472438,0.336264
0.402933,0.426222,0.31373,0.270958,0.327088,0.235137,0.33737,1,0.181164,0.198708,0.145,0.263109,0.335299,0.339716,0.352816,0.363118,0.274152,0.293603,0.198098,0.21343,0.288586,0.213956,0.414289,0.351263,0.327649,0.0634223,0.300466,0.119977,0.0712096,0.20172,-0.0433172,0.300831,0.315188,0.354951,0.225642,0.069511,0.242548,0.191247,0.326067,0.170834,0.244994,0.253513,0.416715,0.354729,0.329147,0.35451,0.231941,0.11412,0.143075,0.225206,0.0550717,0.267904,0.244469,0.315712,0.307639,0.294719,0.164228,0.431564,0.363914,0.366289,0.0960237,0.178615,0.324913,0.308085,0.272488,0.27302,0.317345,0.324117,0.125719,0.414346,0.439727,0.351336,0.280818,0.394928,0.0901304,0.394072,0.413749,0.189637,0.176906,0.181992,0.390039,0.261918,0.367397,0.193966,0.226428
0.540104,0.519811,0.545558,0.475029,0.473179,0.501166,0.0265172,0.181164,1,0.557455,0.495567,0.453936,0.562812,0.460186,0.546019,0.201662,0.530089,0.337887,0.39056,0.353634,0.375038,0.0034536,0.516539,0.577264,0.348667,0.253319,0.533763,0.329753,0.141855,0.258188,0.228056,0.218259,0.406863,0.359773,0.44289,0.106317,0.121795,0.467811,0.438319,0.459207,0.146133,0.297965,0.527844,0.501823,0.502633,0.484343,0.539414,0.36573,0.56986,0.0314877,0.328631,0.46614,0.519978,0.41806,0.477457,0.555327,0.471287,0.360316,0.447526,0.551698,0.286757,0.486884,0.445837,0.416967,0.418455,0.484836,0.565827,0.525528,0.0474002,0.447133,0.383826,0.373069,0.0907783,0.425259,0.187521,0.371169,0.415921,0.412205,0.563004,0.341941,0.20896,0.38973,0.309976,0.0677075,0.226053
0.781431,0.569471,0.859672,0.841243,0.770469,0.697668,0.097765,0.198708,0.557455,1,0.856783,0.587634,0.818796,0.575238,0.605571,0.323314,0.848344,0.585581,0.666499,0.676629,0.76255,0.611931,0.707449,0.818287,0.555205,0.616913,0.786093,0.698657,0.262696,0.356517,0.146022,0.609963,0.680463,0.731923,0.61313,0.355068,0.434581,0.491111,0.724381,0.748986,0.429914,0.617296,0.83283,0.603521,0.844995,0.810332,0.604297,0.523306,0.549603,0.288604,0.544981,0.824631,0.8081,0.470835,0.718225,0.686346,0.590109,0.597663,0.828939,0.502671,0.654641,0.54866,0.734094,0.754579,0.691619,0.75906,0.637582,0.839903,0.50452,0.653935,0.685149,0.733213,0.51133,0.480259,0.475032,0.718514,0.802188,0.706641,0.607588,0.404935,0.569033,0.766243,0.752733,0.507672,0.66561
0.788192,0.641761,0.857757,0.810521,0.643551,0.630242,0.107706,0.145,0.495567,0.856783,1,0.410105,0.747511,0.648782,0.571826,0.435666,0.874213,0.499111,0.632837,0.706777,0.727839,0.560287,0.666885,0.85089,0.56419,0.628815,0.791349,0.715912,0.354062,0.400265,0.148943,0.567988,0.770298,0.708952,0.597806,0.225563,0.311413,0.620349,0.747233,0.794029,0.404736,0.680141,0.783847,0.687093,0.827711,0.760194,0.5897,0.619701,0.492957,0.334064,0.568053,0.800262,0.795173,0.363825,0.686362,0.678348,0.640282,0.658189,0.835553,0.526077,0.698117,0.505885,0.701469,0.765891,0.714451,0.658245,0.710226,0.824384,0.438655,0.648514,0.646324,0.760928,0.456685,0.434087,0.377163,0.728928,0.742922,0.724921,0.488533,0.375352,0.528861,0.774681,0.808542,0.512459,0.662388
0.637555,0.424166,0.617498,0.623079,0.699422,0.50738,0.283105,0.263109,0.453936,0.587634,0.410105,1,0.783241,0.375052,0.443763,0.21394,0.661264,0.427319,0.562203,0.377536,0.530565,0.418143,0.672112,0.664884,0.534033,0.371553,0.560848,0.502531,0.277241,-0.00323769,0.199424,0.39688,0.46288,0.530844,0.453186,0.319279,0.263174,0.312598,0.484756,0.484056,0.428858,0.4973,0.638173,0.364562,0.612131,0.52169,0.458819,0.490853,0.576201,0.238776,0.509041,0.570386,0.509692,0.778188,0.717789,0.557949,0.634393,0.427041,0.567553,0.307783,0.303362,0.568879,0.654577,0.474907,0.496279,0.455204,0.478601,0.640082,0.401509,0.486142,0.559702,0.370079,0.322874,0.448938,0.377791,0.413108,0.623439,0.536812,0.600171,0.373207,0.246792,0.466648,0.385628,0.229584,0.400212
0.83291,0.748349,0.811973,0.724458,0.820506,0.679182,0.171892,0.335299,0.562812,0.818796,0.747511,0.783241,1,0.743368,0.574168,0.543701,0.901441,0.48354,0.766236,0.71509,0.771152,0.503658,0.765901,0.851964,0.599457,0.627432,0.764858,0.599224,0.423876,0.164051,0.24181,0.624554,0.693538,0.649663,0.523338,0.369132,0.388156,0.536092,0.698263,0.702922,0.483892,0.609242,0.785709,0.778473,0.814092,0.671729,0.630352,0.650305,0.602772,0.282033,0.579837,0.822832,0.803694,0.705998,0.920313,0.849096,0.684105,0.773218,0.850645,0.582313,0.632284,0.658304,0.829987,0.825945,0.80008,0.731358,0.755236,0.847386,0.500068,0.73163,0.727346,0.608013,0.38537,0.538669,0.463393,0.699394,0.755267,0.759,0.581342,0.465214,0.473728,0.706949,0.641038,0.386981,0.50456
0.695194,0.910212,0.597022,0.465179,0.654661,0.648453,0.105216,0.339716,0.460186,0.575238,0.648782,0.375052,0.743368,1,0.610982,0.804011,0.703323,0.368502,0.740167,0.695398,0.708413,0.395841,0.519583,0.661805,0.454731,0.536372,0.55568,0.452873,0.216489,0.303019,0.35159,0.450193,0.682131,0.463027,0.36075,0.409173,0.272166,0.614267,0.623006,0.575557,0.238041,0.454622,0.594383,0.922045,0.626431,0.494763,0.624674,0.512289,0.531868,0.117023,0.317552,0.688332,0.728318,0.431124,0.761168,0.907261,0.48712,0.902607,0.759171,0.437225,0.526232,0.430407,0.687474,0.771784,0.760445,0.579656,0.785784,0.607281,0.327104,0.715932,0.624369,0.589967,0.243805,0.379395,0.496469,0.547908,0.558242,0.558197,0.331087,0.173064,0.496191,0.631539,0.57679,0.185384,0.358381
0.577574,0.534207,0.639512,0.60313,0.545036,0.639675,0.180961,0.352816,0.546019,0.605571,0.571826,0.443763,0.574168,0.610982,1,0.496135,0.594863,0.469168,0.571507,0.588077,0.610264,0.341294,0.583244,0.654654,0.344104,0.346267,0.645689,0.446168,0.142479,0.407914,0.360744,0.346809,0.62084,0.572484,0.424407,0.371899,0.241229,0.563935,0.654468,0.561048,0.133246,0.47491,0.64228,0.518162,0.651674,0.716398,0.66059,0.476664,0.617337,0.0890599,0.22059,0.491929,0.586085,0.34481,0.606856,0.625906,0.491526,0.635154,0.622556,0.270516,0.473685,0.410436,0.500312,0.600303,0.610348,0.543379,0.54596,0.611141,0.245957,0.6264,0.610811,0.676334,0.457865,0.547915,0.38949,0.559594,0.647243,0.555994,0.324463,0.103461,0.538425,0.58954,0.616689,0.241423,0.448785
0.397625,0.765308,0.331485,0.196224,0.378383,0.382128,0.207044,0.363118,0.201662,0.323314,0.435666,0.21394,0.543701,0.804011,0.496135,1,0.478627,0.112375,0.59615,0.624557,0.524869,0.299956,0.308108,0.403364,0.259756,0.367285,0.308175,0.259088,0.216629,0.162307,0.343538,0.281441,0.542611,0.303191,0.156415,0.323808,0.143699,0.481167,0.482611,0.425736,0.28,0.438073,0.288323,0.720695,0.288846,0.17492,0.415429,0.398404,0.327367,0.147896,0.0641277,0.470351,0.397717,0.253641,0.61251,0.678073,0.26827,0.884275,0.503951,0.196926,0.384818,0.0688767,0.469235,0.588348,0.624091,0.316901,0.605312,0.377317,0.195558,0.653508,0.387319,0.407223,0.232334,0.291776,0.216272,0.398021,0.334134,0.432148,0.0483121,0.0274772,0.319316,0.441447,0.46924,0.158392,0.271077
0.886683,0.740429,0.901161,0.818427,0.777251,0.674737,0.218787,0.274152,0.530089,0.848344,0.874213,0.661264,0.901441,0.703323,0.594863,0.478627,1,0.537507,0.741138,0.722313,0.776344,0.601208,0.786566,0.889013,0.617816,0.62364,0.822399,0.752444,0.462248,0.268796,0.154104,0.563414,0.790893,0.754808,0.556792,0.271642,0.463869,0.632619,0.780207,0.807966,0.511386,0.691395,0.82466,0.719649,0.874501,0.746323,0.683473,0.724967,0.620272,0.290003,0.659921,0.830435,0.845734,0.609492,0.834328,0.781487,0.710733,0.708468,0.876082,0.559186,0.639502,0.67048,0.808315,0.823367,0.801883,0.728114,0.786266,0.875441,0.535551,0.693389,0.727385,0.706381,0.475779,0.540999,0.439607,0.758617,0.815414,0.797381,0.599904,0.478011,0.553537,0.793204,0.766887,0.490264,0.666378
0.713237,0.326394,0.678579,0.658939,0.603506,0.512881,0.121672,0.293603,0.337887,0.585581,0.499111,0.427319,0.48354,0.368502,0.469168,0.112375,0.537507,1,0.548374,0.552275,0.671746,0.405443,0.588513,0.664622,0.465785,0.413118,0.669604,0.589846,0.273683,0.29252,0.325051,0.476148,0.612314,0.668329,0.552201,0.241792,0.404994,0.408386,0.538722,0.54193,0.336541,0.598789,0.720313,0.294384,0.710435,0.687915,0.577466,0.556009,0.493809,0.0558525,0.396215,0.491605,0.61513,0.455459,0.543849,0.448279,0.566493,0.372012,0.637524,0.329142,0.306359,0.606187,0.417988,0.594707,0.49016,0.477453,0.462435,0.663149,0.467207,0.503423,0.689504,0.617466,0.551351,0.613535,0.599959,0.61332,0.661821,0.510109,0.465806,0.415814,0.461254,0.577286,0.585361,0.338061,0.619705
0.726913,0.6459,0.738813,0.573601,0.701166,0.561757,0.187242,0.198098,0.39056,0.666499,0.632837,0.562203,0.766236,0.740167,0.571507,0.59615,0.741138,0.548374,1,0.78622,0.87114,0.419332,0.52584,0.70265,0.394649,0.589077,0.628189,0.66975,0.389237,0.107406,0.347154,0.707145,0.777329,0.694021,0.437539,0.349671,0.380483,0.599656,0.75309,0.655031,0.396602,0.730135,0.643168,0.617065,0.689386,0.561732,0.630159,0.674423,0.711905,0.262339,0.405866,0.657842,0.66501,0.557191,0.81176,0.780125,0.616712,0.760272,0.724347,0.246437,0.526568,0.575232,0.681027,0.859433,0.844821,0.574865,0.647693,0.694267,0.47365,0.810314,0.663086,0.585208,0.43732,0.595281,0.617594,0.635065,0.697439,0.63959,0.407009,0.209067,0.450881,0.731154,0.601514,0.313514,0.596241
0.698772,0.614419,0.738517,0.535618,0.61198,0.584226,0.218845,0.21343,0.353634,0.676629,0.706777,0.377536,0.71509,0.695398,0.588077,0.624557,0.722313,0.552275,0.78622,1,0.849449,0.40368,0.591075,0.723377,0.402943,0.730642,0.650549,0.576883,0.359919,0.227813,0.418309,0.646258,0.742339,0.613421,0.397466,0.307682,0.465622,0.595903,0.73713,0.73232,0.58192,0.61579,0.643173,0.658415,0.689821,0.600155,0.685419,0.643473,0.540403,0.252029,0.395047,0.687183,0.702859,0.36652,0.769162,0.757484,0.639688,0.772775,0.747372,0.324784,0.656672,0.443705,0.630137,0.912512,0.858128,0.57539,0.694505,0.765472,0.3587,0.699613,0.656623,0.653325,0.399996,0.468475,0.592237,0.766783,0.67361,0.671868,0.353048,0.286517,0.544747,0.78329,0.749017,0.439684,0.581525
0.816342,0.622894,0.848315,0.694774,0.739663,0.617313,0.199008,0.288586,0.375038,0.76255,0.727839,0.530565,0.771152,0.708413,0.610264,0.524869,0.776344,0.671746,0.87114,0.849449,1,0.561668,0.639488,0.795695,0.499404,0.750118,0.744837,0.707785,0.504506,0.292208,0.430107,0.77056,0.87466,0.84369,0.542761,0.371756,0.596262,0.680909,0.863588,0.795512,0.532717,0.756824,0.805958,0.663316,0.815016,0.716649,0.682928,0.659408,0.596649,0.384203,0.518708,0.714965,0.742035,0.527249,0.798535,0.779242,0.665902,0.766985,0.794032,0.316792,0.671065,0.613278,0.682072,0.912943,0.902949,0.644059,0.705353,0.796804,0.486082,0.770035,0.752124,0.714619,0.523682,0.629172,0.710204,0.796879,0.848033,0.715045,0.404739,0.322858,0.579817,0.885017,0.788659,0.473225,0.741001
0.509932,0.376579,0.539447,0.626364,0.56408,0.510907,0.250053,0.213956,0.0034536,0.611931,0.560287,0.418143,0.503658,0.395841,0.341294,0.299956,0.601208,0.405443,0.419332,0.40368,0.561668,1,0.451009,0.551952,0.360943,0.370865,0.512937,0.548687,0.256091,0.361772,-0.0142368,0.381594,0.478598,0.636667,0.370844,0.340888,0.372584,0.305916,0.516053,0.577002,0.264266,0.526788,0.609641,0.361117,0.58726,0.542812,0.372843,0.267356,0.339483,0.232443,0.437075,0.60723,0.595405,0.321302,0.507328,0.412823,0.339707,0.455042,0.61181,0.251227,0.408708,0.306783,0.558785,0.464432,0.485726,0.403505,0.387223,0.543066,0.484168,0.318833,0.482705,0.531721,0.46697,0.348666,0.424167,0.61403,0.606695,0.620748,0.166791,0.142322,0.49691,0.60618,0.642674,0.427482,0.661712
0.768687,0.540282,0.773715,0.783578,0.705122,0.610226,0.341674,0.414289,0.516539,0.707449,0.666885,0.672112,0.765901,0.519583,0.583244,0.308108,0.786566,0.588513,0.52584,0.591075,0.639488,0.451009,1,0.830429,0.692507,0.542409,0.744801,0.552571,0.307104,0.276286,0.153068,0.45448,0.639049,0.680185,0.522725,0.282491,0.352869,0.484437,0.636349,0.636217,0.493374,0.483916,0.811987,0.542795,0.809418,0.76115,0.607451,0.52037,0.562266,0.190195,0.457884,0.670654,0.735652,0.549036,0.662286,0.60591,0.636848,0.541975,0.73437,0.592997,0.51316,0.578657,0.701037,0.645469,0.624133,0.583837,0.641838,0.838941,0.263249,0.565034,0.690002,0.657836,0.409756,0.471668,0.395103,0.694848,0.735087,0.600201,0.632456,0.54634,0.593678,0.664969,0.64752,0.339848,0.608698
0.932034,0.678657,0.926019,0.866078,0.816978,0.730304,0.192384,0.351263,0.577264,0.818287,0.85089,0.664884,0.851964,0.661805,0.654654,0.403364,0.889013,0.664622,0.70265,0.723377,0.795695,0.551952,0.830429,1,0.718314,0.671595,0.906369,0.706449,0.424804,0.31449,0.247475,0.609111,0.818423,0.799632,0.707824,0.293013,0.426041,0.666898,0.794677,0.843309,0.509604,0.736429,0.900772,0.680671,0.921337,0.849553,0.735466,0.727886,0.638455,0.29264,0.63615,0.816196,0.859478,0.602656,0.82684,0.766201,0.806784,0.650593,0.888842,0.595135,0.575993,0.715668,0.769852,0.814194,0.754827,0.672672,0.765621,0.932849,0.494382,0.71778,0.814758,0.79401,0.501923,0.607172,0.553709,0.822191,0.841113,0.788257,0.579033,0.465281,0.553179,0.819743,0.821306,0.400747,0.685579
0.752006,0.541089,0.676064,0.633873,0.583876,0.442752,0.192235,0.327649,0.348667,0.555205,0.56419,0.534033,0.599457,0.454731,0.344104,0.259756,0.617816,0.465785,0.394649,0.402943,0.499404,0.360943,0.692507,0.718314,1,0.520502,0.664922,0.541084,0.259312,0.143228,0.1979,0.375443,0.616018,0.562983,0.494651,0.274682,0.410338,0.49832,0.588635,0.638693,0.597511,0.470141,0.701673,0.477217,0.655173,0.593098,0.516076,0.525617,0.349194,0.238689,0.41763,0.590563,0.54587,0.397909,0.499132,0.491869,0.62248,0.416758,0.645274,0.356292,0.280221,0.476873,0.611299,0.513433,0.480822,0.41245,0.596592,0.646654,0.403909,0.50432,0.715117,0.615332,0.397496,0.302816,0.406705,0.552063,0.577861,0.577509,0.430909,0.375921,0.34299,0.642888,0.617093,0.234903,0.441157
0.656134,0.4551,0.670284,0.517584,0.553102,0.517891,0.287528,0.0634223,0.253319,0.616913,0.628815,0.371553,0.627432,0.536372,0.346267,0.367285,0.62364,0.413118,0.589077,0.730642,0.750118,0.370865,0.542409,0.671595,0.520502,1,0.629953,0.58591,0.469412,0.302809,0.363066,0.625409,0.676662,0.58629,0.453576,0.140742,0.651048,0.570402,0.694828,0.741079,0.63363,0.45853,0.609753,0.588912,0.664995,0.526071,0.575484,0.591744,0.371476,0.458621,0.451653,0.555586,0.616647,0.34382,0.615173,0.627145,0.619845,0.539128,0.662877,0.328503,0.610697,0.443431,0.556663,0.743168,0.736302,0.505309,0.609582,0.713856,0.283321,0.561815,0.568822,0.590881,0.276329,0.338753,0.660395,0.710379,0.639941,0.546024,0.273068,0.497767,0.307189,0.743048,0.649747,0.359854,0.537537
0.857447,0.542167,0.882917,0.858503,0.742812,0.629589,0.123916,0.300466,0.533763,0.786093,0.791349,0.560848,0.764858,0.55568,0.645689,0.308175,0.822399,0.669604,0.628189,0.650549,0.744837,0.512937,0.744801,0.906369,0.664922,0.629953,1,0.707784,0.426253,0.368497,0.27167,0.585526,0.761678,0.816991,0.66073,0.28631,0.50164,0.622082,0.817017,0.831619,0.378129,0.697056,0.862233,0.561237,0.881199,0.813521,0.726881,0.682029,0.586399,0.22403,0.601241,0.663821,0.768218,0.490272,0.712028,0.640682,0.760883,0.544941,0.836466,0.521272,0.570206,0.69039,0.659172,0.753562,0.711409,0.734506,0.696629,0.857877,0.500381,0.654988,0.820558,0.821044,0.614953,0.628241,0.546283,0.802499,0.811103,0.792722,0.431287,0.440585,0.540667,0.787304,0.811599,0.419998,0.660418
0.714554,0.434244,0.793928,0.742066,0.665098,0.464597,0.205311,0.119977,0.329753,0.698657,0.715912,0.502531,0.599224,0.452873,0.446168,0.259088,0.752444,0.589846,0.66975,0.576883,0.707785,0.548687,0.552571,0.706449,0.541084,0.58591,0.707784,1,0.312656,0.213136,0.17607,0.589595,0.738743,0.796612,0.575826,0.0439747,0.491163,0.558886,0.749069,0.755438,0.426011,0.702904,0.713574,0.372331,0.739355,0.591563,0.517494,0.662,0.675596,0.409826,0.540144,0.623609,0.644612,0.339311,0.524407,0.506373,0.686402,0.455715,0.660814,0.170167,0.514429,0.50931,0.635018,0.677305,0.688429,0.500736,0.533551,0.714619,0.580469,0.529986,0.694946,0.680025,0.622814,0.512639,0.628805,0.663995,0.731073,0.660254,0.445685,0.390644,0.379151,0.795948,0.775367,0.611829,0.683656
0.422422,0.269663,0.441514,0.365589,0.257341,0.172331,0.239098,0.0712096,0.141855,0.262696,0.354062,0.277241,0.423876,0.216489,0.142479,0.216629,0.462248,0.273683,0.389237,0.359919,0.504506,0.256091,0.307104,0.424804,0.259312,0.469412,0.426253,0.312656,1,0.0645207,0.221292,0.425347,0.523873,0.540744,0.229143,0.0452385,0.509701,0.431963,0.490318,0.467797,0.346719,0.49904,0.359608,0.333099,0.40445,0.307264,0.312976,0.442279,0.171226,0.302091,0.400997,0.247189,0.304729,0.445313,0.503832,0.340002,0.293124,0.328956,0.363341,0.305123,0.353624,0.502463,0.280509,0.461702,0.508492,0.363453,0.406146,0.420004,0.343931,0.427016,0.307735,0.261205,0.27374,0.465458,0.196774,0.473147,0.452491,0.481532,0.0665106,0.327423,0.165595,0.419082,0.321616,0.276709,0.40074
0.263407,0.231063,0.240362,0.376538,0.136519,0.368957,0.18845,0.20172,0.258188,0.356517,0.400265,-0.00323769,0.164051,0.303019,0.407914,0.162307,0.268796,0.29252,0.107406,0.227813,0.292208,0.361772,0.276286,0.31449,0.143228,0.302809,0.368497,0.213136,0.0645207,1,0.100415,0.101841,0.336326,0.332412,0.143312,-0.00860564,0.211293,0.210207,0.343956,0.304654,-0.0278436,0.17769,0.425324,0.28782,0.351482,0.393205,0.305712,0.0278213,0.067887,-0.0179252,0.055088,0.253774,0.284378,0.11547,0.153263,0.160392,0.134862,0.286951,0.328244,0.36351,0.233341,0.131473,0.116043,0.218338,0.227696,0.346169,0.36607,0.253396,-0.155121,0.114282,0.254283,0.512588,0.0287255,0.21855,0.235144,0.351893,0.345954,0.205777,-0.0530993,0.0853561,0.396075,0.323305,0.425151,0.169508,0.414091
0.27308,0.273703,0.278903,0.180752,0.271771,0.262834,0.135694,-0.0433172,0.228056,0.146022,0.148943,0.199424,0.24181,0.35159,0.360744,0.343538,0.154104,0.325051,0.347154,0.418309,0.430107,-0.0142368,0.153068,0.247475,0.1979,0.363066,0.27167,0.17607,0.221292,0.100415,1,0.23622,0.407584,0.281299,0.209711,0.332538,0.254359,0.449152,0.394904,0.358242,0.199775,0.22308,0.265287,0.274249,0.244829,0.15529,0.402195,0.315138,0.25914,0.15171,0.170654,0.0468098,0.11059,0.191292,0.333212,0.382853,0.369384,0.377036,0.194578,-0.165051,0.196117,0.204672,0.193267,0.330806,0.393076,0.159341,0.434902,0.205253,0.12957,0.375785,0.339238,0.277672,0.183182,0.300346,0.471715,0.273384,0.305558,0.287086,0.0775743,0.183765,-0.0166456,0.354741,0.259067,-0.0320337,0.221514
0.603424,0.332095,0.693107,0.571391,0.608052,0.432064,0.182686,0.300831,0.218259,0.609963,0.567988,0.39688,0.624554,0.450193,0.346809,0.281441,0.563414,0.476148,0.707145,0.646258,0.77056,0.381594,0.45448,0.609111,0.375443,0.625409,0.585526,0.589595,0.425347,0.101841,0.23622,1,0.609496,0.688022,0.495367,0.196859,0.429689,0.463443,0.672881,0.55665,0.414809,0.57302,0.64615,0.444592,0.660745,0.560895,0.385223,0.417417,0.48909,0.513331,0.416935,0.509207,0.492364,0.341875,0.577129,0.565298,0.496565,0.539898,0.589429,0.218603,0.571217,0.502356,0.578561,0.753574,0.690402,0.509811,0.431401,0.641797,0.430641,0.632045,0.613045,0.559227,0.415797,0.539306,0.604826,0.705805,0.705477,0.576021,0.329855,0.349215,0.397475,0.682604,0.587564,0.490241,0.562473
0.846502,0.705128,0.836089,0.704492,0.63091,0.536126,0.225982,0.315188,0.406863,0.680463,0.770298,0.46288,0.693538,0.682131,0.62084,0.542611,0.790893,0.612314,0.777329,0.742339,0.87466,0.478598,0.639049,0.818423,0.616018,0.676662,0.761678,0.738743,0.523873,0.336326,0.407584,0.609496,1,0.854306,0.550158,0.208068,0.532526,0.818321,0.868249,0.83429,0.541069,0.811426,0.774807,0.635019,0.772542,0.670404,0.673652,0.738163,0.548533,0.421458,0.417772,0.709999,0.699667,0.498836,0.729539,0.687921,0.658361,0.713426,0.760332,0.335828,0.527899,0.552675,0.5876,0.807351,0.793665,0.571198,0.742596,0.755379,0.367543,0.765097,0.761161,0.746204,0.482057,0.554636,0.572915,0.752142,0.785189,0.671037,0.388283,0.363159,0.494906,0.85293,0.81534,0.377071,0.740335
0.796242,0.459045,0.869634,0.836518,0.677574,0.528957,0.331117,0.354951,0.359773,0.731923,0.708952,0.530844,0.649663,0.463027,0.572484,0.303191,0.754808,0.668329,0.694021,0.613421,0.84369,0.636667,0.680185,0.799632,0.562983,0.58629,0.816991,0.796612,0.540744,0.332412,0.281299,0.688022,0.854306,1,0.606175,0.21294,0.611119,0.654531,0.891166,0.816365,0.453067,0.809515,0.858936,0.436454,0.826292,0.766585,0.579368,0.610692,0.562897,0.464704,0.530925,0.609533,0.640226,0.469259,0.610779,0.522186,0.632549,0.542664,0.700729,0.331148,0.531642,0.615783,0.588445,0.717757,0.739825,0.611212,0.609325,0.7687,0.478729,0.643701,0.75952,0.776435,0.654132,0.688888,0.59424,0.810153,0.890694,0.742817,0.407075,0.407998,0.54949,0.861615,0.835277,0.518948,0.865444
0.661392,0.413336,0.691381,0.682912,0.666274,0.618311,-0.00561664,0.225642,0.44289,0.61313,0.597806,0.453186,0.523338,0.36075,0.424407,0.156415,0.556792,0.552201,0.437539,0.397466,0.542761,0.370844,0.522725,0.707824,0.494651,0.453576,0.66073,0.575826,0.229143,0.143312,0.209711,0.495367,0.550158,0.606175,1,0.286469,0.309519,0.408398,0.553747,0.589853,0.251984,0.538078,0.63137,0.402511,0.6848,0.639293,0.455977,0.448442,0.493156,0.261756,0.515009,0.47372,0.537176,0.44702,0.513361,0.516613,0.57308,0.373086,0.629255,0.429285,0.450414,0.542465,0.527757,0.551956,0.396168,0.457228,0.437508,0.627365,0.478876,0.566998,0.606573,0.557662,0.55432,0.344349,0.448291,0.538729,0.629102,0.512038,0.5776,0.377418,0.344394,0.530544,0.609403,0.21005,0.527781
0.265704,0.372822,0.2486,0.344534,0.510475,0.598022,-0.159098,0.069511,0.106317,0.355068,0.225563,0.319279,0.369132,0.409173,0.371899,0.323808,0.271642,0.241792,0.349671,0.307682,0.371756,0.340888,0.282491,0.293013,0.274682,0.140742,0.28631,0.0439747,0.0452385,-0.00860564,0.332538,0.196859,0.208068,0.21294,0.286469,1,0.14136,0.132761,0.271582,0.226647,0.0714572,0.127809,0.304408,0.352375,0.275369,0.325969,0.223414,0.0982475,0.24848,-0.0588517,0.231546,0.261305,0.313118,0.205399,0.402308,0.476442,0.144713,0.372815,0.331169,0.102603,0.0881781,0.229981,0.454855,0.309805,0.240352,0.329068,0.319673,0.161994,0.30648,0.323517,0.288916,0.199068,0.194442,0.138131,0.246593,0.161631,0.289907,0.377569,0.182023,-0.19952,0.304551,0.313563,0.233563,0.000810261,0.22089
0.521526,0.314442,0.5334,0.440671,0.445064,0.336271,0.279274,0.242548,0.121795,0.434581,0.311413,0.263174,0.388156,0.272166,0.241229,0.143699,0.463869,0.404994,0.380483,0.465622,0.596262,0.372584,0.352869,0.426041,0.410338,0.651048,0.50164,0.491163,0.509701,0.211293,0.254359,0.429689,0.532526,0.611119,0.309519,0.14136,1,0.379033,0.660762,0.605233,0.536672,0.381446,0.508184,0.314165,0.523135,0.450424,0.435448,0.399855,0.255222,0.353821,0.410711,0.298217,0.420808,0.265425,0.384668,0.336268,0.396719,0.30611,0.457735,0.250484,0.344589,0.388887,0.326293,0.54689,0.564048,0.481033,0.438845,0.443615,0.378165,0.313394,0.462652,0.447019,0.422849,0.403913,0.530068,0.609005,0.59928,0.510467,0.132878,0.308718,0.355214,0.647095,0.552111,0.345524,0.497599
0.697203,0.58127,0.710008,0.473124,0.48461,0.431843,0.225716,0.191247,0.467811,0.491111,0.620349,0.312598,0.536092,0.614267,0.563935,0.481167,0.632619,0.408386,0.599656,0.595903,0.680909,0.305916,0.484437,0.666898,0.49832,0.570402,0.622082,0.558886,0.431963,0.210207,0.449152,0.463443,0.818321,0.654531,0.408398,0.132761,0.379033,1,0.725107,0.801295,0.442482,0.565562,0.611012,0.540786,0.60136,0.47858,0.71441,0.640673,0.496389,0.433869,0.427178,0.535514,0.596083,0.340008,0.557545,0.674432,0.587606,0.534616,0.54052,0.21336,0.366248,0.545586,0.538593,0.616595,0.679012,0.372841,0.581135,0.639862,0.20771,0.607021,0.619308,0.598934,0.27727,0.474808,0.468188,0.651749,0.564792,0.592209,0.325315,0.452741,0.267908,0.703824,0.638777,0.186281,0.567478
0.803601,0.586663,0.874444,0.757905,0.684953,0.596806,0.29565,0.326067,0.438319,0.724381,0.747233,0.484756,0.698263,0.623006,0.654468,0.482611,0.780207,0.538722,0.75309,0.73713,0.863588,0.516053,0.636349,0.794677,0.588635,0.694828,0.817017,0.749069,0.490318,0.343956,0.394904,0.672881,0.868249,0.891166,0.553747,0.271582,0.660762,0.725107,1,0.900042,0.522628,0.742308,0.805886,0.573404,0.817195,0.740439,0.69657,0.647658,0.594058,0.477894,0.570519,0.592179,0.650371,0.418368,0.659643,0.660946,0.717841,0.674083,0.730232,0.306478,0.60692,0.573708,0.650339,0.818478,0.858305,0.695031,0.705523,0.758538,0.429702,0.704053,0.736437,0.825949,0.615134,0.614884,0.575678,0.834731,0.894739,0.762435,0.373873,0.347703,0.564911,0.931221,0.870733,0.452806,0.741506
0.832467,0.571755,0.877324,0.74134,0.696774,0.609395,0.238411,0.170834,0.459207,0.748986,0.794029,0.484056,0.702922,0.575557,0.561048,0.425736,0.807966,0.54193,0.655031,0.73232,0.795512,0.577002,0.636217,0.843309,0.638693,0.741079,0.831619,0.755438,0.467797,0.304654,0.358242,0.55665,0.83429,0.816365,0.589853,0.226647,0.605233,0.801295,0.900042,1,0.5919,0.722397,0.793048,0.553264,0.799379,0.697812,0.75077,0.703522,0.560356,0.462552,0.654983,0.682676,0.743235,0.410774,0.670686,0.676366,0.773183,0.573615,0.744103,0.361331,0.553824,0.604731,0.674218,0.760262,0.793256,0.603163,0.694403,0.820274,0.448129,0.606647,0.723312,0.791378,0.542183,0.520011,0.574798,0.852074,0.792138,0.818692,0.39644,0.46969,0.479569,0.900985,0.875014,0.434021,0.722484
0.567077,0.35361,0.564738,0.333088,0.381052,0.315116,0.356757,0.244994,0.146133,0.429914,0.404736,0.428858,0.483892,0.238041,0.133246,0.28,0.511386,0.336541,0.396602,0.58192,0.532717,0.264266,0.493374,0.509604,0.597511,0.63363,0.378129,0.426011,0.346719,-0.0278436,0.199775,0.414809,0.541069,0.453067,0.251984,0.0714572,0.536672,0.442482,0.522628,0.5919,1,0.426139,0.477656,0.318892,0.448257,0.355562,0.417853,0.558218,0.161625,0.459259,0.422203,0.500726,0.392187,0.299557,0.447205,0.380836,0.553695,0.36839,0.422532,0.150103,0.269072,0.264172,0.479085,0.522336,0.515298,0.249521,0.431157,0.556115,0.227313,0.424695,0.428335,0.337451,0.196748,0.262342,0.29682,0.564272,0.519002,0.458761,0.373488,0.494257,0.119883,0.616541,0.52743,0.294605,0.480703
0.727825,0.500342,0.744979,0.655305,0.511864,0.341354,0.148541,0.253513,0.297965,0.617296,0.680141,0.4973,0.609242,0.454622,0.47491,0.438073,0.691395,0.598789,0.730135,0.61579,0.756824,0.526788,0.483916,0.736429,0.470141,0.45853,0.697056,0.702904,0.49904,0.17769,0.22308,0.57302,0.811426,0.809515,0.538078,0.127809,0.381446,0.565562,0.742308,0.722397,0.426139,1,0.628252,0.403651,0.63649,0.571,0.476033,0.651309,0.548219,0.328633,0.422891,0.607824,0.540898,0.49973,0.678965,0.490491,0.572872,0.572032,0.668479,0.260181,0.395897,0.501134,0.44964,0.681503,0.667394,0.412079,0.571641,0.673436,0.503661,0.673646,0.581368,0.624399,0.593739,0.638948,0.398419,0.6678,0.682827,0.636872,0.330081,0.189976,0.424679,0.683886,0.708486,0.436624,0.745963
0.897668,0.572638,0.913858,0.893407,0.819507,0.72449,0.289647,0.416715,0.527844,0.83283,0.783847,0.638173,0.785709,0.594383,0.64228,0.288323,0.82466,0.720313,0.643168,0.643173,0.805958,0.609641,0.811987,0.900772,0.701673,0.609753,0.862233,0.713574,0.359608,0.425324,0.265287,0.64615,0.774807,0.858936,0.63137,0.304408,0.508184,0.611012,0.805886,0.793048,0.477656,0.628252,1,0.610827,0.939208,0.900973,0.719476,0.61799,0.560628,0.359795,0.631942,0.767659,0.801689,0.531367,0.692155,0.671358,0.754755,0.605881,0.818435,0.516941,0.582156,0.68422,0.747883,0.735568,0.729996,0.695746,0.717959,0.872236,0.457784,0.634968,0.860715,0.816386,0.519397,0.625329,0.608903,0.816514,0.901703,0.794492,0.528513,0.496638,0.581114,0.843783,0.823125,0.475305,0.726526
0.694146,0.905384,0.609303,0.468491,0.604769,0.634096,0.115867,0.354729,0.501823,0.603521,0.687093,0.364562,0.778473,0.922045,0.518162,0.720695,0.719649,0.294384,0.617065,0.658415,0.663316,0.361117,0.542795,0.680671,0.477217,0.588912,0.561237,0.372331,0.333099,0.28782,0.274249,0.444592,0.635019,0.436454,0.402511,0.352375,0.314165,0.540786,0.573404,0.553264,0.318892,0.403651,0.610827,1,0.649324,0.522939,0.572027,0.477351,0.379519,0.153827,0.388512,0.720434,0.740199,0.435118,0.76806,0.875125,0.450647,0.870196,0.775827,0.617329,0.601728,0.429252,0.69011,0.755496,0.731474,0.621094,0.804214,0.640418,0.304742,0.706244,0.572298,0.519943,0.17175,0.329646,0.368333,0.572227,0.555759,0.566169,0.352004,0.272844,0.41778,0.597549,0.546375,0.172997,0.310656
0.908086,0.589855,0.9509,0.891119,0.812507,0.729499,0.212935,0.329147,0.502633,0.844995,0.827711,0.612131,0.814092,0.626431,0.651674,0.288846,0.874501,0.710435,0.689386,0.689821,0.815016,0.58726,0.809418,0.921337,0.655173,0.664995,0.881199,0.739355,0.40445,0.351482,0.244829,0.660745,0.772542,0.826292,0.6848,0.275369,0.523135,0.60136,0.817195,0.799379,0.448257,0.63649,0.939208,0.649324,1,0.926103,0.7388,0.641641,0.603842,0.281882,0.681388,0.759297,0.867656,0.560539,0.763341,0.722322,0.764968,0.627069,0.901952,0.556307,0.685279,0.743951,0.778583,0.826732,0.781158,0.747751,0.695966,0.924815,0.539774,0.69616,0.846289,0.814655,0.58463,0.581694,0.584398,0.845394,0.915539,0.774176,0.59491,0.509922,0.599581,0.838642,0.814433,0.441533,0.688896
0.815491,0.464712,0.874247,0.869196,0.715951,0.718113,0.184368,0.35451,0.484343,0.810332,0.760194,0.52169,0.671729,0.494763,0.716398,0.17492,0.746323,0.687915,0.561732,0.600155,0.716649,0.542812,0.76115,0.849553,0.593098,0.526071,0.813521,0.591563,0.307264,0.393205,0.15529,0.560895,0.670404,0.766585,0.639293,0.325969,0.450424,0.47858,0.740439,0.697812,0.355562,0.571,0.900973,0.522939,0.926103,1,0.666695,0.520168,0.527372,0.194836,0.55699,0.671699,0.784753,0.451352,0.634176,0.587103,0.645124,0.509607,0.817209,0.518,0.598871,0.64952,0.638866,0.696353,0.635797,0.684496,0.585019,0.831458,0.455387,0.618618,0.758031,0.792784,0.588367,0.548153,0.474577,0.759351,0.869348,0.685562,0.538759,0.341665,0.64897,0.746598,0.761834,0.414134,0.64879
0.739057,0.563485,0.743687,0.555901,0.632026,0.562316,0.264376,0.231941,0.539414,0.604297,0.5897,0.458819,0.630352,0.624674,0.66059,0.415429,0.683473,0.577466,0.630159,0.685419,0.682928,0.372843,0.607451,0.735466,0.516076,0.575484,0.726881,0.517494,0.312976,0.305712,0.402195,0.385223,0.673652,0.579368,0.455977,0.223414,0.435448,0.71441,0.69657,0.75077,0.417853,0.476033,0.719476,0.572027,0.7388,0.666695,1,0.635047,0.549491,0.143562,0.557121,0.625352,0.72322,0.477202,0.680743,0.715877,0.725725,0.567573,0.702872,0.360095,0.494573,0.592272,0.625234,0.706473,0.744063,0.58994,0.678261,0.770079,0.32131,0.65113,0.735518,0.656061,0.429074,0.49364,0.541437,0.698214,0.642573,0.649742,0.311962,0.393832,0.415343,0.688661,0.638557,0.134879,0.481307
0.767352,0.529433,0.725025,0.548692,0.604507,0.498281,0.125425,0.11412,0.36573,0.523306,0.619701,0.490853,0.650305,0.512289,0.476664,0.398404,0.724967,0.556009,0.674423,0.643473,0.659408,0.267356,0.52037,0.727886,0.525617,0.591744,0.682029,0.662,0.442279,0.0278213,0.315138,0.417417,0.738163,0.610692,0.448442,0.0982475,0.399855,0.640673,0.647658,0.703522,0.558218,0.651309,0.61799,0.477351,0.641641,0.520168,0.635047,1,0.521666,0.336683,0.537589,0.577534,0.608185,0.4684,0.659322,0.594417,0.779764,0.510864,0.61228,0.226449,0.423258,0.609822,0.507926,0.670056,0.664492,0.450445,0.629636,0.683917,0.522084,0.577908,0.658667,0.522788,0.391321,0.601076,0.482582,0.56515,0.605142,0.691103,0.389201,0.479409,0.215113,0.662514,0.617762,0.401058,0.509432
0.601088,0.480326,0.633637,0.598841,0.680507,0.546884,0.097792,0.143075,0.56986,0.549603,0.492957,0.576201,0.602772,0.531868,0.617337,0.327367,0.620272,0.493809,0.711905,0.540403,0.596649,0.339483,0.562266,0.638455,0.349194,0.371476,0.586399,0.675596,0.171226,0.067887,0.25914,0.48909,0.548533,0.562897,0.493156,0.24848,0.255222,0.496389,0.594058,0.560356,0.161625,0.548219,0.560628,0.379519,0.603842,0.527372,0.549491,0.521666,1,0.071507,0.332524,0.462815,0.612855,0.390565,0.601817,0.632325,0.598529,0.462441,0.555939,0.243835,0.322335,0.536163,0.593308,0.593346,0.598534,0.347799,0.480056,0.595503,0.424445,0.518412,0.498923,0.507285,0.41145,0.62543,0.513593,0.543589,0.554725,0.585289,0.521903,0.20989,0.376954,0.578111,0.501085,0.313357,0.452787
0.30735,0.130977,0.402234,0.300743,0.31021,0.169232,0.34026,0.225206,0.0314877,0.288604,0.334064,0.238776,0.282033,0.117023,0.0890599,0.147896,0.290003,0.0558525,0.262339,0.252029,0.384203,0.232443,0.190195,0.29264,0.238689,0.458621,0.22403,0.409826,0.302091,-0.0179252,0.15171,0.513331,0.421458,0.464704,0.261756,-0.0588517,0.353821,0.433869,0.477894,0.462552,0.459259,0.328633,0.359795,0.153827,0.281882,0.194836,0.143562,0.336683,0.071507,1,0.37003,0.273017,0.130424,0.173057,0.174337,0.198079,0.342192,0.224097,0.148945,-0.0716599,0.288305,0.137462,0.291743,0.282356,0.369259,0.205963,0.264583,0.313927,0.140673,0.258845,0.315412,0.241311,0.183304,0.174586,0.269179,0.371799,0.431084,0.307587,0.0934794,0.391422,0.0629569,0.460399,0.388918,0.424132,0.373094
0.629787,0.304911,0.699231,0.604563,0.652707,0.518586,0.104987,0.0550717,0.328631,0.544981,0.568053,0.509041,0.579837,0.317552,0.22059,0.0641277,0.659921,0.396215,0.405866,0.395047,0.518708,0.437075,0.457884,0.63615,0.41763,0.451653,0.601241,0.540144,0.400997,0.055088,0.170654,0.416935,0.417772,0.530925,0.515009,0.231546,0.410711,0.427178,0.570519,0.654983,0.422203,0.422891,0.631942,0.388512,0.681388,0.55699,0.557121,0.537589,0.332524,0.37003,1,0.500942,0.570272,0.45303,0.506716,0.512122,0.699566,0.293323,0.513622,0.314749,0.450285,0.695267,0.637867,0.522073,0.562369,0.5521,0.477559,0.629391,0.545019,0.332573,0.511164,0.438088,0.383894,0.399228,0.340733,0.559386,0.648418,0.66206,0.411663,0.468688,0.236242,0.603284,0.532384,0.348039,0.477077
0.783772,0.724607,0.763207,0.691944,0.724185,0.618266,0.0894493,0.267904,0.46614,0.824631,0.800262,0.570386,0.822832,0.688332,0.491929,0.470351,0.830435,0.491605,0.657842,0.687183,0.714965,0.60723,0.670654,0.816196,0.590563,0.555586,0.663821,0.623609,0.247189,0.253774,0.0468098,0.509207,0.709999,0.609533,0.47372,0.261305,0.298217,0.535514,0.592179,0.682676,0.500726,0.607824,0.767659,0.720434,0.759297,0.671699,0.625352,0.577534,0.462815,0.273017,0.500942,1,0.863238,0.527149,0.774771,0.729541,0.591561,0.677145,0.817403,0.523992,0.562755,0.472731,0.744112,0.755334,0.694485,0.634891,0.685163,0.815962,0.403345,0.631667,0.722455,0.604053,0.343412,0.347609,0.455213,0.658218,0.656314,0.663744,0.473733,0.31475,0.485758,0.717104,0.702661,0.398118,0.549569
0.836087,0.712173,0.814669,0.731507,0.786839,0.724606,0.0488887,0.244469,0.519978,0.8081,0.795173,0.509692,0.803694,0.728318,0.586085,0.397717,0.845734,0.61513,0.66501,0.702859,0.742035,0.595405,0.735652,0.859478,0.54587,0.616647,0.768218,0.644612,0.304729,0.284378,0.11059,0.492364,0.699667,0.640226,0.537176,0.313118,0.420808,0.596083,0.650371,0.743235,0.392187,0.540898,0.801689,0.740199,0.867656,0.784753,0.72322,0.608185,0.612855,0.130424,0.570272,0.863238,1,0.480087,0.79066,0.795811,0.63129,0.634115,0.892102,0.639002,0.58912,0.637841,0.769298,0.795653,0.73828,0.667566,0.679899,0.861202,0.479124,0.617297,0.72333,0.648231,0.412937,0.462001,0.518766,0.755273,0.702235,0.713028,0.528383,0.411146,0.554225,0.745293,0.705463,0.334994,0.53712
