1,0.503549,0.859594,0.677556,0.566423,0.507225,0.47554,0.296484,0.489505,0.547741,0.611975,0.385249,0.655933,0.329821,0.365989,0.560621,0.624516,0.311168,0.492638,0.781094,0.798435,0.374991,0.696054,0.631131,0.431353,0.646887,0.653165,0.551034,0.285728,0.0643127,0.504809,0.550065,0.683191,0.710239,0.422173,0.0904373,0.346274,0.493699,0.727426,0.644949,0.179852,0.523955,0.856156,0.493305,0.806252,0.574662,0.672183,0.397769,0.455844,0.425675,0.433387,0.553814,0.63558,0.241831,0.596768,0.387394,0.261893,0.648308,0.688421,0.341111,0.36181,0.493109,0.583754,0.783143,0.808499,0.685866,0.685499,0.663036,0.589143,0.532879,0.734637,0.597158,0.48658,0.26434,0.515414,0.701705,0.711904,0.505642,0.44703,0.522248,0.565069,0.769768,0.644644,0.295686,0.623636
0.503549,1,0.458707,0.385537,0.524958,0.606122,0.34003,0.399525,0.243179,0.472824,0.504173,0.194535,0.547162,0.851713,0.221976,0.737724,0.62885,0.364584,0.548049,0.611704,0.50551,0.137904,0.429958,0.380712,0.367436,0.392374,0.244153,0.207379,0.444747,0.241616,0.178338,0.275856,0.313067,0.332782,0.0027266,0.185835,0.188616,0.213989,0.379715,0.458089,0.314523,0.391468,0.560262,0.924498,0.259759,0.24686,0.32646,0.531485,0.51331,0.529649,0.517228,0.593659,0.693467,0.0932813,0.623113,0.843699,0.293245,0.72272,0.540238,0.514517,0.469012,0.679625,0.359824,0.478836,0.364713,0.402323,0.490352,0.391312,0.234519,0.314005,0.406238,0.443096,0.0273521,-0.0443744,0.125049,0.378019,0.323182,0.279786,0.0627163,0.230907,0.356248,0.413757,0.474348,0.0732547,0.335718
0.859594,0.458707,1,0.719209,0.657754,0.546033,0.486469,0.183448,0.498451,0.618261,0.67148,0.471251,0.768814,0.25084,0.449742,0.524431,0.713284,0.462188,0.448072,0.755634,0.778618,0.488603,0.698094,0.734334,0.531988,0.656926,0.767021,0.638615,0.239466,0.0402028,0.487151,0.657971,0.782631,0.754028,0.498184,0.252173,0.514496,0.603571,0.800305,0.659105,0.378017,0.454212,0.695781,0.443636,0.870853,0.688908,0.76508,0.417965,0.459546,0.479897,0.365186,0.544375,0.632781,0.321124,0.581753,0.322056,0.377716,0.633587,0.680515,0.365311,0.439167,0.463137,0.558226,0.760599,0.835931,0.651499,0.613232,0.757272,0.408023,0.513561,0.790355,0.684702,0.484825,0.343425,0.596767,0.765493,0.717906,0.597237,0.465162,0.487284,0.575011,0.787718,0.533926,0.277624,0.754977
0.677556,0.385537,0.719209,1,0.633838,0.29254,0.26118,-0.0185577,0.333656,0.628004,0.651863,0.460647,0.597586,0.268542,0.270072,0.560154,0.629757,0.180422,0.340652,0.598944,0.570351,0.154096,0.545565,0.421756,0.414805,0.384441,0.528423,0.365499,0.00896782,-0.157883,0.236455,0.503231,0.380988,0.418587,0.258767,0.0986749,0.265304,0.267711,0.500083,0.435787,0.229951,0.25415,0.59185,0.343565,0.597399,0.560573,0.716173,0.252453,0.235394,0.284207,0.289376,0.561065,0.594633,0.390197,0.457441,0.304009,0.1597,0.610916,0.509568,0.454386,0.40104,0.315626,0.486383,0.640347,0.637385,0.580141,0.448387,0.468614,0.368238,0.163361,0.516875,0.554182,0.405528,0.0987754,0.403222,0.523793,0.435311,0.295902,0.180541,0.258098,0.238552,0.542514,0.314441,0.0299078,0.443167
0.566423,0.524958,0.657754,0.633838,1,0.647766,0.445389,0.24865,0.157679,0.551793,0.695087,0.417546,0.549756,0.381232,0.218947,0.470505,0.526829,0.583935,0.300399,0.542791,0.450783,0.269244,0.531391,0.669604,0.708786,0.555185,0.434591,0.506567,0.116958,0.175611,0.264082,0.385965,0.443347,0.419168,0.168467,0.0828918,0.268607,0.404373,0.53118,0.562272,0.57296,0.27097,0.589824,0.453191,0.597681,0.579465,0.56251,0.44689,0.267247,0.335458,0.390865,0.587565,0.470829,0.149436,0.339888,0.49433,0.259863,0.487064,0.39398,0.18282,0.472498,0.425575,0.428343,0.458739,0.484624,0.531215,0.44785,0.580806,0.328513,0.425929,0.598238,0.696435,0.110366,0.181866,0.193543,0.497716,0.471266,0.377895,0.248634,0.14008,0.319857,0.55398,0.425196,-0.0460653,0.456891
0.507225,0.606122,0.546033,0.29254,0.647766,1,0.43631,0.39845,0.170131,0.529308,0.6475,0.286674,0.558341,0.473949,0.280273,0.469703,0.583894,0.594866,0.16497,0.436131,0.353814,0.350418,0.540417,0.591269,0.388676,0.41556,0.3741,0.410886,0.26098,0.24256,0.167885,0.234925,0.358948,0.301621,0.186064,0.0241728,0.115005,0.104276,0.33941,0.348912,0.348419,0.298873,0.425761,0.559584,0.385899,0.412982,0.309207,0.438946,0.276003,0.375621,0.358984,0.479914,0.527354,-0.0264411,0.450979,0.513132,0.308322,0.409139,0.477534,0.2219,0.367329,0.42951,0.145456,0.274117,0.317113,0.482153,0.586089,0.524901,0.328414,0.54632,0.558415,0.599044,0.00068792,0.13205,0.32408,0.41875,0.422561,0.337788,0.180564,0.193984,0.282816,0.377513,0.484457,0.0129571,0.461826
0.47554,0.34003,0.486469,0.26118,0.445389,0.43631,1,0.670436,0.201789,0.271287,0.375993,0.0331811,0.294563,0.404734,0.369019,0.169418,0.327512,0.262407,0.309828,0.359366,0.39908,0.54119,0.361003,0.557299,0.579419,0.413062,0.461451,0.430217,0.336778,0.151602,0.549748,0.208556,0.27814,0.299714,0.406496,0.450794,0.507713,0.262157,0.497153,0.405567,0.299748,0.196466,0.450337,0.463911,0.460738,0.5428,0.238548,0.161288,0.506992,0.493158,0.326116,0.465665,0.315219,0.0650007,0.263856,0.48426,0.219862,0.250147,0.413531,0.16794,0.423509,0.269002,0.450256,0.332987,0.426417,0.17549,0.405878,0.533169,0.0569996,0.490478,0.512053,0.401978,0.0139465,0.290636,0.249378,0.400132,0.290863,0.106343,0.319061,0.22295,0.300651,0.490938,0.322533,-0.00496592,0.387032
0.296484,0.399525,0.183448,-0.0185577,0.24865,0.39845,0.670436,1,-0.0670232,0.00996851,0.133854,0.0705765,0.267782,0.54333,0.122255,0.104425,0.30057,0.166014,0.177566,0.177783,0.201752,0.363856,0.182044,0.353868,0.389937,0.360435,0.0745374,0.299336,0.292106,0.157354,0.403318,0.098881,0.153584,0.1404,0.0738013,0.191858,0.155553,0.133165,0.287631,0.326331,0.314725,0.341163,0.290357,0.475224,0.18297,0.206521,0.0589982,0.241019,0.427167,0.472166,0.166786,0.247888,0.199405,-0.084506,0.270131,0.570863,0.274299,0.124515,0.241006,0.160478,0.207206,0.357773,0.105237,0.172924,0.121085,0.27055,0.298613,0.286782,0.0691385,0.36451,0.172263,0.181379,-0.110716,0.042875,0.0395417,0.059691,0.0689506,-0.0329307,0.132259,0.00684213,0.238292,0.327521,0.394121,-0.0658677,0.215979
0.489505,0.243179,0.498451,0.333656,0.157679,0.170131,0.201789,-0.0670232,1,0.287207,0.342918,0.0780883,0.306854,0.139766,0.531718,0.405881,0.303999,0.269539,0.469501,0.65147,0.599527,0.191659,0.366418,0.343974,0.303112,0.366361,0.568647,0.502997,0.455653,0.20995,0.303011,0.423465,0.647069,0.529467,0.469384,0.133118,0.430736,0.469194,0.493973,0.415746,-0.0591579,0.370498,0.466698,0.272362,0.464601,0.456256,0.2956,0.0936415,0.26394,0.423253,0.150626,0.242177,0.435618,0.204719,0.361919,0.104717,0.312511,0.509882,0.432563,0.200753,0.2158,0.256656,0.49099,0.61945,0.668457,0.276426,0.308341,0.448041,0.298752,0.342316,0.486046,0.250872,0.457293,0.463497,0.497601,0.619968,0.455917,0.499314,0.441717,0.534918,0.398026,0.436234,0.264516,0.211255,0.382841
0.547741,0.472824,0.618261,0.628004,0.551793,0.529308,0.271287,0.00996851,0.287207,1,0.848921,0.373274,0.63405,0.279,0.123124,0.631598,0.731402,0.285724,0.412783,0.643875,0.590875,0.166606,0.368301,0.256056,0.353277,0.302909,0.390298,0.256178,0.189542,-0.121701,0.142578,0.330991,0.344284,0.376596,0.182503,-0.00222839,0.0514691,0.214799,0.462256,0.249564,0.284921,0.101762,0.500447,0.401254,0.433395,0.429122,0.507963,0.136599,0.242616,0.327041,0.142026,0.721072,0.719344,0.0630276,0.584802,0.35975,-0.0308261,0.654684,0.648173,0.281517,0.234619,0.294391,0.396786,0.501308,0.495428,0.439772,0.412608,0.276638,0.243955,0.105998,0.455281,0.608906,0.161949,0.0222247,0.389718,0.444802,0.442851,0.560721,0.25539,0.388645,0.371798,0.395489,0.280819,0.216511,0.403811
0.611975,0.504173,0.67148,0.651863,0.695087,0.6475,0.375993,0.133854,0.342918,0.848921,1,0.369932,0.589112,0.378465,0.255796,0.674363,0.716299,0.466894,0.388793,0.691195,0.588747,0.265322,0.452301,0.42337,0.493169,0.493362,0.567642,0.471462,0.296912,0.152608,0.321371,0.374061,0.42893,0.466163,0.253821,-0.027112,0.240371,0.242456,0.559467,0.442462,0.306873,0.345963,0.614476,0.48026,0.562675,0.623363,0.55789,0.345088,0.344331,0.419902,0.232149,0.75655,0.716416,0.0254862,0.607019,0.474827,0.215294,0.67917,0.697917,0.234791,0.349435,0.377081,0.507084,0.559712,0.625159,0.500972,0.44634,0.459769,0.454615,0.333469,0.598618,0.741661,0.313044,0.293436,0.489406,0.528246,0.568337,0.464906,0.312906,0.382297,0.303941,0.471858,0.402187,0.153953,0.465166
0.385249,0.194535,0.471251,0.460647,0.417546,0.286674,0.0331811,0.0705765,0.0780883,0.373274,0.369932,1,0.647034,-0.00480133,-0.157037,0.169052,0.513951,0.23009,0.224469,0.268132,0.324233,0.00489923,0.30656,0.247114,0.183156,0.217684,0.244129,0.350872,0.0730561,-0.264386,0.125991,0.389635,0.343828,0.327569,0.113978,-0.0369277,0.246224,0.281543,0.358348,0.180708,0.232476,0.22112,0.165973,0.0886913,0.307592,0.102048,0.398951,0.127056,0.125373,-0.00952177,0.120839,0.290848,0.334933,0.439376,0.396905,0.0261366,0.19832,0.274632,0.360572,-0.0343749,0.180316,0.360612,0.191013,0.337073,0.306841,0.545146,0.298066,0.231453,0.215183,0.0342794,0.151315,0.25505,0.385059,-0.123881,0.199099,0.281498,0.229553,0.327291,-0.0672651,0.240245,0.0981795,0.36532,0.229158,-0.0119171,0.398111
0.655933,0.547162,0.768814,0.597586,0.549756,0.558341,0.294563,0.267782,0.306854,0.63405,0.589112,0.647034,1,0.408393,0.277528,0.544763,0.86764,0.332063,0.419002,0.624942,0.660275,0.331945,0.496814,0.495663,0.374909,0.448976,0.479126,0.433553,0.320218,-0.0273569,0.370266,0.589302,0.593508,0.66331,0.346202,0.150321,0.215563,0.475875,0.671726,0.460171,0.379478,0.441857,0.451058,0.491916,0.545667,0.462652,0.636267,0.357175,0.395699,0.360931,0.198504,0.524208,0.716481,0.46105,0.788198,0.38523,0.330241,0.665851,0.731117,0.290104,0.339088,0.496981,0.261162,0.597243,0.604043,0.680738,0.572301,0.529728,0.280526,0.386826,0.49261,0.509311,0.368223,-0.00984792,0.469713,0.61328,0.557075,0.565263,0.221332,0.401629,0.428467,0.61763,0.556251,0.149805,0.708747
0.329821,0.851713,0.25084,0.268542,0.381232,0.473949,0.404734,0.54333,0.139766,0.279,0.378465,-0.00480133,0.408393,1,0.251994,0.671879,0.539844,0.303788,0.522211,0.528004,0.415924,0.0649595,0.323701,0.305092,0.28267,0.364075,0.2429,0.098945,0.52874,0.312542,0.287235,0.255136,0.152856,0.226806,-0.0536336,0.211421,0.139156,0.146201,0.31174,0.383578,0.257188,0.350596,0.407388,0.883513,0.129861,0.246276,0.141959,0.487272,0.47757,0.614044,0.385831,0.540919,0.653445,-0.0506825,0.576597,0.925985,0.270101,0.64285,0.506311,0.536615,0.437058,0.501509,0.325794,0.430265,0.294702,0.312824,0.279655,0.251795,0.130661,0.362344,0.289786,0.357465,0.0613673,-0.0761077,0.0628922,0.272559,0.200442,0.0623191,0.0472868,0.116391,0.228274,0.343254,0.452704,-0.0188639,0.227124
0.365989,0.221976,0.449742,0.270072,0.218947,0.280273,0.369019,0.122255,0.531718,0.123124,0.255796,-0.157037,0.277528,0.251994,1,0.328243,0.20294,0.238958,0.184833,0.478539,0.390193,0.483285,0.388784,0.532396,0.326338,0.396337,0.542293,0.313752,0.324746,0.384164,0.325911,0.244146,0.401061,0.404598,0.424122,0.301853,0.368427,0.391511,0.427469,0.454651,0.16669,0.301158,0.335937,0.355172,0.456436,0.607161,0.420551,0.290971,0.283261,0.542409,0.25119,0.154763,0.354467,0.301173,0.350523,0.283039,0.382825,0.353196,0.311643,0.368869,0.332573,0.162894,0.376906,0.454439,0.544489,0.187194,0.216064,0.660269,0.243307,0.459265,0.542242,0.421839,0.0686888,0.425244,0.463003,0.500565,0.437105,0.232579,0.314848,0.296876,0.388644,0.371207,0.315406,0.271152,0.424145
0.560621,0.737724,0.524431,0.560154,0.470505,0.469703,0.169418,0.104425,0.405881,0.631598,0.674363,0.169052,0.544763,0.671879,0.328243,1,0.660721,0.333363,0.565184,0.812881,0.666071,-0.00599901,0.377529,0.247216,0.238389,0.416762,0.405676,0.240858,0.341138,0.187888,0.257346,0.486635,0.350672,0.449539,0.174065,-0.033014,0.190411,0.229929,0.451388,0.385227,0.165669,0.328558,0.580514,0.690765,0.354077,0.425171,0.461594,0.47378,0.386104,0.496445,0.435704,0.689405,0.803367,0.0634843,0.649283,0.605584,0.208082,0.922119,0.566435,0.568123,0.30074,0.458143,0.489791,0.66563,0.610024,0.4843,0.352939,0.268127,0.356723,0.28276,0.519393,0.559604,0.332896,0.0906683,0.462327,0.472146,0.514421,0.367845,0.313834,0.342668,0.368606,0.458686,0.464036,0.222701,0.392108
0.624516,0.62885,0.713284,0.629757,0.526829,0.583894,0.327512,0.30057,0.303999,0.731402,0.716299,0.513951,0.86764,0.539844,0.20294,0.660721,1,0.265298,0.510275,0.653703,0.652154,0.249052,0.418718,0.360672,0.421212,0.428127,0.462107,0.349124,0.389926,-0.0265079,0.390239,0.551964,0.493295,0.462218,0.221702,0.105531,0.237799,0.274297,0.623342,0.38919,0.30858,0.358778,0.454908,0.583418,0.438695,0.460104,0.528011,0.314128,0.528107,0.454191,0.232312,0.719677,0.84095,0.214672,0.787701,0.487654,0.290549,0.714942,0.808239,0.445999,0.37901,0.479428,0.306483,0.596095,0.573516,0.626502,0.509334,0.432216,0.227251,0.305104,0.417887,0.517562,0.358277,-0.0299,0.523916,0.616117,0.455255,0.496855,0.183576,0.344605,0.313998,0.570782,0.478963,0.140924,0.652582
0.311168,0.364584,0.462188,0.180422,0.583935,0.594866,0.262407,0.166014,0.269539,0.285724,0.466894,0.23009,0.332063,0.303788,0.238958,0.333363,0.265298,1,0.145338,0.447221,0.351452,0.319826,0.35347,0.633227,0.405317,0.500718,0.437173,0.540011,0.289797,0.246955,0.269334,0.201716,0.469868,0.4197,0.198234,0.218886,0.296878,0.391087,0.463417,0.583608,0.290632,0.302886,0.35649,0.341069,0.446835,0.387836,0.240895,0.383285,0.0222729,0.409276,0.208488,0.323656,0.328235,-0.0405981,0.32011,0.346015,0.318073,0.313911,0.321077,0.167153,0.428631,0.362367,0.357724,0.359133,0.394213,0.285581,0.174454,0.465091,0.340491,0.610662,0.582194,0.503723,0.146927,0.367314,0.266238,0.457708,0.381413,0.281933,0.188947,0.21675,0.385703,0.423141,0.441449,0.0913636,0.390844
0.492638,0.548049,0.448072,0.340652,0.300399,0.16497,0.309828,0.177566,0.469501,0.412783,0.388793,0.224469,0.419002,0.522211,0.184833,0.565184,0.510275,0.145338,1,0.707492,0.750264,0.194255,0.364569,0.281385,0.251836,0.516746,0.416709,0.185687,0.59671,0.189133,0.433383,0.412601,0.511615,0.48629,0.207281,0.142901,0.317954,0.48041,0.617692,0.422182,0.292723,0.353531,0.53745,0.567833,0.330709,0.113106,0.158293,0.233807,0.500012,0.524797,0.277222,0.523049,0.54712,-0.0243402,0.544974,0.520751,0.0218367,0.684666,0.629964,0.311449,0.240259,0.39191,0.656176,0.672605,0.581513,0.226175,0.344433,0.2306,0.057782,0.316327,0.329676,0.30695,0.372082,-0.139854,0.267024,0.497305,0.433223,0.458995,0.280266,0.3945,0.396759,0.563118,0.40477,0.271843,0.336888
0.781094,0.611704,0.755634,0.598944,0.542791,0.436131,0.359366,0.177783,0.65147,0.643875,0.691195,0.268132,0.624942,0.528004,0.478539,0.812881,0.653703,0.447221,0.707492,1,0.91093,0.256233,0.569118,0.543989,0.393045,0.657025,0.706788,0.499106,0.483366,0.211242,0.48325,0.58683,0.687015,0.738742,0.402155,0.154964,0.402142,0.60137,0.759808,0.674594,0.266842,0.493105,0.739435,0.605646,0.684667,0.594706,0.559124,0.38358,0.504088,0.627943,0.343053,0.649825,0.786204,0.0895917,0.725686,0.556282,0.279102,0.884932,0.748082,0.390603,0.287654,0.472213,0.729376,0.892653,0.872198,0.544497,0.454214,0.538609,0.413721,0.496019,0.68432,0.645396,0.501397,0.261207,0.574262,0.711954,0.717477,0.637387,0.459391,0.529654,0.633552,0.715535,0.604421,0.407076,0.571224
0.798435,0.50551,0.778618,0.570351,0.450783,0.353814,0.39908,0.201752,0.599527,0.590875,0.588747,0.324233,0.660275,0.415924,0.390193,0.666071,0.652154,0.351452,0.750264,0.91093,1,0.365894,0.663371,0.542949,0.311125,0.676278,0.724334,0.559674,0.399612,0.0728187,0.457963,0.651179,0.752436,0.788714,0.496371,0.126535,0.363844,0.638946,0.818258,0.638244,0.276524,0.534005,0.730968,0.524152,0.676741,0.477954,0.523223,0.313718,0.540263,0.560948,0.321352,0.580237,0.702852,0.0768971,0.721251,0.411487,0.200751,0.797932,0.763294,0.388476,0.253559,0.446057,0.686047,0.886467,0.884852,0.597237,0.559331,0.52995,0.317918,0.535588,0.655281,0.599185,0.546214,0.152646,0.586397,0.713142,0.753469,0.661106,0.482467,0.595371,0.666108,0.773913,0.629285,0.365649,0.661111
0.374991,0.137904,0.488603,0.154096,0.269244,0.350418,0.54119,0.363856,0.191659,0.166606,0.265322,0.00489923,0.331945,0.0649595,0.483285,-0.00599901,0.249052,0.319826,0.194255,0.256233,0.365894,1,0.27189,0.579235,0.298337,0.528751,0.391944,0.406039,0.229134,0.285374,0.472055,0.0962496,0.489331,0.414354,0.474143,0.339569,0.308474,0.405423,0.60013,0.540662,0.375775,0.341023,0.388896,0.181546,0.445279,0.373262,0.311303,0.129986,0.31511,0.343469,0.0768885,0.138899,0.0614086,0.143153,0.321768,0.142801,0.128083,0.100899,0.401411,0.1014,0.155726,0.155339,0.264625,0.284203,0.408959,0.0239481,0.424718,0.58086,0.171382,0.612105,0.466001,0.3763,-0.0218667,0.246731,0.507854,0.493022,0.464878,0.355443,0.225015,0.13791,0.378185,0.475709,0.433242,0.238685,0.4998
0.696054,0.429958,0.698094,0.545565,0.531391,0.540417,0.361003,0.182044,0.366418,0.368301,0.452301,0.30656,0.496814,0.323701,0.388784,0.377529,0.418718,0.35347,0.364569,0.569118,0.663371,0.27189,1,0.731163,0.212856,0.490045,0.699264,0.567459,0.0569942,-0.0346645,0.0781005,0.54575,0.587795,0.579507,0.414248,0.0720529,0.228066,0.387619,0.465473,0.449987,0.368525,0.464254,0.629132,0.487237,0.646601,0.382647,0.478647,0.46654,0.30941,0.42834,0.429108,0.281555,0.449651,0.0951389,0.391288,0.362151,0.322707,0.446349,0.477461,0.346555,0.355858,0.376307,0.451126,0.637748,0.619383,0.649666,0.718173,0.668748,0.348357,0.48853,0.682545,0.660916,0.401848,0.156888,0.255948,0.474536,0.588238,0.380976,0.291594,0.46856,0.455514,0.57283,0.455743,0.0325929,0.549178
0.631131,0.380712,0.734334,0.421756,0.669604,0.591269,0.557299,0.353868,0.343974,0.256056,0.42337,0.247114,0.495663,0.305092,0.532396,0.247216,0.360672,0.633227,0.281385,0.543989,0.542949,0.579235,0.731163,1,0.534927,0.644119,0.672544,0.617419,0.212964,0.290048,0.352246,0.422323,0.670745,0.584577,0.485611,0.379227,0.462749,0.559215,0.618507,0.676914,0.47349,0.552737,0.603593,0.456665,0.785565,0.582514,0.519365,0.541352,0.365394,0.502148,0.447741,0.291333,0.349563,0.159491,0.35662,0.403165,0.532929,0.307693,0.453016,0.258817,0.52499,0.472556,0.476081,0.585369,0.634052,0.414736,0.620524,0.887615,0.358559,0.689339,0.777592,0.64999,0.259468,0.419909,0.359625,0.634176,0.571095,0.392336,0.425715,0.416252,0.553751,0.631112,0.544939,0.198029,0.640218
0.431353,0.367436,0.531988,0.414805,0.708786,0.388676,0.579419,0.389937,0.303112,0.353277,0.493169,0.183156,0.374909,0.28267,0.326338,0.238389,0.421212,0.405317,0.251836,0.393045,0.311125,0.298337,0.212856,0.534927,1,0.509279,0.311188,0.460802,0.312212,0.204348,0.463044,0.216592,0.40926,0.269589,0.11107,0.219677,0.459011,0.425374,0.515308,0.527899,0.420986,0.299361,0.471707,0.387749,0.536775,0.613493,0.466214,0.311271,0.351051,0.432547,0.279687,0.506671,0.366702,0.167244,0.244865,0.422415,0.378019,0.306967,0.307805,0.150303,0.58988,0.400834,0.418281,0.346698,0.428205,0.347282,0.248549,0.585531,0.218617,0.298316,0.413071,0.39753,-0.00531564,0.389835,0.18194,0.475496,0.235066,0.20714,0.326122,0.193006,0.30418,0.445969,0.221579,-0.0261469,0.367401
0.646887,0.392374,0.656926,0.384441,0.555185,0.41556,0.413062,0.360435,0.366361,0.302909,0.493362,0.217684,0.448976,0.364075,0.396337,0.416762,0.428127,0.500718,0.516746,0.657025,0.676278,0.528751,0.490045,0.644119,0.509279,1,0.613129,0.540947,0.374479,0.329594,0.561443,0.500926,0.683146,0.589398,0.194866,-0.027485,0.349024,0.697121,0.725039,0.71438,0.381029,0.624325,0.667038,0.419953,0.680825,0.474355,0.485905,0.436736,0.418717,0.496813,0.21344,0.376083,0.372793,-0.0123129,0.452109,0.455112,0.305798,0.50846,0.500321,0.301616,0.206087,0.368985,0.534859,0.633288,0.667749,0.516408,0.403334,0.579656,0.418677,0.571878,0.573516,0.562406,0.342623,0.278696,0.462514,0.589541,0.658963,0.442589,0.509,0.31108,0.573934,0.630836,0.565408,0.250302,0.500833
0.653165,0.244153,0.767021,0.528423,0.434591,0.3741,0.461451,0.0745374,0.568647,0.390298,0.567642,0.244129,0.479126,0.2429,0.542293,0.405676,0.462107,0.437173,0.416709,0.706788,0.724334,0.391944,0.699264,0.672544,0.311188,0.613129,1,0.637284,0.310213,0.136666,0.441118,0.63508,0.6851,0.724991,0.583367,0.242517,0.552586,0.521341,0.662626,0.562646,0.193089,0.456383,0.553872,0.370709,0.756534,0.685266,0.533865,0.400917,0.489412,0.542176,0.232609,0.359321,0.528871,0.17575,0.477979,0.27943,0.451173,0.553929,0.653632,0.256682,0.294498,0.250929,0.60752,0.737452,0.821769,0.450276,0.457771,0.690056,0.360391,0.526013,0.757282,0.601168,0.658418,0.48148,0.521899,0.683466,0.750886,0.447721,0.492729,0.560394,0.456267,0.610271,0.379274,0.258577,0.633083
0.551034,0.207379,0.638615,0.365499,0.506567,0.410886,0.430217,0.299336,0.502997,0.256178,0.471462,0.350872,0.433553,0.098945,0.313752,0.240858,0.349124,0.540011,0.185687,0.499106,0.559674,0.406039,0.567459,0.617419,0.460802,0.540947,0.637284,1,0.161049,0.0979384,0.310991,0.586487,0.674497,0.65733,0.479812,0.0810696,0.427896,0.496598,0.605535,0.633512,0.354783,0.457779,0.542692,0.247929,0.621463,0.55197,0.497967,0.369208,0.249447,0.401117,0.226795,0.354,0.313999,0.219499,0.376072,0.132801,0.430643,0.331878,0.40181,0.0845642,0.273869,0.402118,0.406339,0.572892,0.671018,0.525646,0.440799,0.587967,0.439541,0.504294,0.613717,0.541534,0.479691,0.555185,0.421905,0.545344,0.613585,0.396031,0.411309,0.461449,0.411807,0.63547,0.416916,0.0176712,0.604685
0.285728,0.444747,0.239466,0.00896782,0.116958,0.26098,0.336778,0.292106,0.455653,0.189542,0.296912,0.0730561,0.320218,0.52874,0.324746,0.341138,0.389926,0.289797,0.59671,0.483366,0.399612,0.229134,0.0569942,0.212964,0.312212,0.374479,0.310213,0.161049,1,0.391916,0.62992,0.095543,0.368605,0.396664,0.109517,0.31292,0.377393,0.35868,0.498053,0.466559,0.0763578,0.357313,0.286077,0.507092,0.142005,0.157134,0.0143589,0.226844,0.32134,0.562026,0.0953129,0.356843,0.456777,0.0315515,0.621515,0.532418,0.145216,0.465345,0.630248,0.0982194,0.390735,0.233511,0.438,0.397497,0.395998,0.0203279,0.0905074,0.29634,0.178562,0.453225,0.170997,0.183948,0.205202,0.123652,0.290526,0.473643,0.231066,0.245054,0.113106,0.269921,0.274468,0.42706,0.389948,0.216609,0.220122
0.0643127,0.241616,0.0402028,-0.157883,0.175611,0.24256,0.151602,0.157354,0.20995,-0.121701,0.152608,-0.264386,-0.0273569,0.312542,0.384164,0.187888,-0.0265079,0.246955,0.189133,0.211242,0.0728187,0.285374,-0.0346645,0.290048,0.204348,0.329594,0.136666,0.0979384,0.391916,1,0.242412,-0.0295682,0.146493,0.19607,0.0707446,0.073559,0.154011,0.166844,0.208137,0.373011,0.0213518,0.394671,0.213848,0.233964,0.145122,0.32508,-0.0480053,0.327072,0.29647,0.162128,0.185936,0.169726,0.0997126,-0.102001,0.106834,0.315046,0.315161,0.125931,0.102093,-0.0038184,0.0941487,0.170389,0.0725517,0.0720398,0.170364,-0.17624,0.0610748,0.263382,0.205814,0.438412,0.280918,0.171966,-0.0538678,0.272141,0.206603,0.2549,0.289696,0.135812,0.280999,0.000754217,0.0828884,0.105792,0.349278,0.185373,0.0635344
0.504809,0.178338,0.487151,0.236455,0.264082,0.167885,0.549748,0.403318,0.303011,0.142578,0.321371,0.125991,0.370266,0.287235,0.325911,0.257346,0.390239,0.269334,0.433383,0.48325,0.457963,0.472055,0.0781005,0.352246,0.463044,0.561443,0.441118,0.310991,0.62992,0.242412,1,0.246656,0.446562,0.510398,0.279524,0.3163,0.553877,0.454424,0.712091,0.556367,0.149426,0.349408,0.41656,0.238912,0.500258,0.429167,0.294407,0.118231,0.350596,0.446024,0.0752764,0.354709,0.291982,0.156567,0.457619,0.329356,0.118345,0.377668,0.565142,0.0472645,0.290473,0.12329,0.518322,0.476357,0.572755,0.145388,0.139115,0.393789,0.260465,0.560043,0.379297,0.272319,0.355549,0.290685,0.496274,0.557412,0.387219,0.193777,0.304997,0.12017,0.250652,0.595924,0.413547,0.200111,0.389209
0.550065,0.275856,0.657971,0.503231,0.385965,0.234925,0.208556,0.098881,0.423465,0.330991,0.374061,0.389635,0.589302,0.255136,0.244146,0.486635,0.551964,0.201716,0.412601,0.58683,0.651179,0.0962496,0.54575,0.422323,0.216592,0.500926,0.63508,0.586487,0.095543,-0.0295682,0.246656,1,0.644559,0.611993,0.377019,-0.0509926,0.239973,0.562175,0.557983,0.365704,0.268567,0.375036,0.374146,0.309024,0.56235,0.458951,0.517704,0.456207,0.339217,0.331984,0.269859,0.415571,0.494735,0.212191,0.39722,0.193321,0.327417,0.531851,0.425035,0.355379,0.189232,0.392811,0.383803,0.698593,0.688305,0.619312,0.359837,0.397913,0.195847,0.312126,0.524977,0.465255,0.639455,0.232285,0.392929,0.513479,0.642663,0.454538,0.567313,0.522378,0.370253,0.641473,0.366909,0.198181,0.676874
0.683191,0.313067,0.782631,0.380988,0.443347,0.358948,0.27814,0.153584,0.647069,0.344284,0.42893,0.343828,0.593508,0.152856,0.401061,0.350672,0.493295,0.469868,0.511615,0.687015,0.752436,0.489331,0.587795,0.670745,0.40926,0.683146,0.6851,0.674497,0.368605,0.146493,0.446562,0.644559,1,0.800471,0.516013,0.143172,0.410819,0.77293,0.795376,0.655791,0.416263,0.564791,0.585199,0.321043,0.761537,0.471213,0.574527,0.430636,0.346569,0.547643,0.18819,0.265364,0.421186,0.152607,0.489137,0.183712,0.304229,0.508676,0.574988,0.169541,0.305506,0.461527,0.540795,0.780504,0.811237,0.508352,0.472974,0.671158,0.369438,0.579946,0.639469,0.494166,0.558762,0.378905,0.493036,0.705205,0.723166,0.702326,0.556618,0.560441,0.625742,0.777673,0.512136,0.416307,0.732095
0.710239,0.332782,0.754028,0.418587,0.419168,0.301621,0.299714,0.1404,0.529467,0.376596,0.466163,0.327569,0.66331,0.226806,0.404598,0.449539,0.462218,0.4197,0.48629,0.738742,0.788714,0.414354,0.579507,0.584577,0.269589,0.589398,0.724991,0.65733,0.396664,0.19607,0.510398,0.611993,0.800471,1,0.583054,0.197087,0.365108,0.694362,0.797761,0.720258,0.299448,0.582546,0.638057,0.342179,0.736692,0.523196,0.575485,0.4177,0.337826,0.471532,0.144579,0.32204,0.478012,0.28756,0.634069,0.25927,0.266946,0.629981,0.654244,0.0884301,0.208316,0.334184,0.530833,0.752632,0.818714,0.477843,0.472763,0.589482,0.460464,0.616984,0.707791,0.549963,0.591507,0.329049,0.475507,0.658852,0.817659,0.602581,0.485348,0.525567,0.635876,0.745675,0.615353,0.349534,0.616971
0.422173,0.0027266,0.498184,0.258767,0.168467,0.186064,0.406496,0.0738013,0.469384,0.182503,0.253821,0.113978,0.346202,-0.0536336,0.424122,0.174065,0.221702,0.198234,0.207281,0.402155,0.496371,0.474143,0.414248,0.485611,0.11107,0.194866,0.583367,0.479812,0.109517,0.0707446,0.279524,0.377019,0.516013,0.583054,1,0.37462,0.382564,0.293819,0.535798,0.347171,0.141351,0.29326,0.350098,0.0881175,0.462553,0.470146,0.340426,0.16648,0.298094,0.252534,0.137421,0.124818,0.196855,0.218823,0.303174,-0.101683,0.233221,0.265401,0.415771,0.00613457,0.160756,0.20296,0.401991,0.456573,0.587453,0.100173,0.487731,0.554067,0.182844,0.5465,0.565179,0.310959,0.385942,0.393562,0.552238,0.462038,0.53329,0.463981,0.387588,0.53465,0.417876,0.507948,0.408443,0.368213,0.629053
0.0904373,0.185835,0.252173,0.0986749,0.0828918,0.0241728,0.450794,0.191858,0.133118,-0.00222839,-0.027112,-0.0369277,0.150321,0.211421,0.301853,-0.033014,0.105531,0.218886,0.142901,0.154964,0.126535,0.339569,0.0720529,0.379227,0.219677,-0.027485,0.242517,0.0810696,0.31292,0.073559,0.3163,-0.0509926,0.143172,0.197087,0.37462,1,0.499382,0.147404,0.249611,0.360693,0.124915,-0.0402753,0.0461603,0.25608,0.199881,0.294646,0.136366,0.0172374,0.29287,0.399995,0.185425,0.0900804,0.135145,0.250058,0.213783,0.249995,0.241498,0.0463981,0.282305,0.175621,0.428155,0.184022,0.318716,0.196023,0.195676,-0.272116,0.0750975,0.355687,-0.0845704,0.289069,0.15486,0.0893568,-0.0451552,0.15513,0.0619717,0.285376,-0.0467378,-0.00932057,-0.0889256,0.0905636,0.277207,0.281969,0.197089,0.171639,0.18968
0.346274,0.188616,0.514496,0.265304,0.268607,0.115005,0.507713,0.155553,0.430736,0.0514691,0.240371,0.246224,0.215563,0.139156,0.368427,0.190411,0.237799,0.296878,0.317954,0.402142,0.363844,0.308474,0.228066,0.462749,0.459011,0.349024,0.552586,0.427896,0.377393,0.154011,0.553877,0.239973,0.410819,0.365108,0.382564,0.499382,1,0.35792,0.486099,0.422425,0.126357,0.246663,0.324746,0.265842,0.471124,0.471294,0.331477,0.1971,0.506939,0.373501,0.350889,0.253498,0.260857,0.30045,0.240943,0.170841,0.495706,0.316511,0.336613,0.142279,0.426218,0.191891,0.524238,0.419195,0.528209,0.10868,0.173935,0.512346,0.137453,0.291646,0.410278,0.278475,0.391005,0.506969,0.418376,0.509148,0.234254,0.109723,0.17505,0.211041,0.219926,0.395105,0.0968453,0.0547229,0.326625
0.493699,0.213989,0.603571,0.267711,0.404373,0.104276,0.262157,0.133165,0.469194,0.214799,0.242456,0.281543,0.475875,0.146201,0.391511,0.229929,0.274297,0.391087,0.48041,0.60137,0.638946,0.405423,0.387619,0.559215,0.425374,0.697121,0.521341,0.496598,0.35868,0.166844,0.454424,0.562175,0.77293,0.694362,0.293819,0.147404,0.35792,1,0.746007,0.656901,0.479482,0.422731,0.449053,0.224851,0.653149,0.408218,0.511221,0.291903,0.24438,0.388157,0.121962,0.186349,0.261794,0.17975,0.370973,0.248563,0.181241,0.414459,0.389784,0.0532297,0.193707,0.287811,0.541845,0.645782,0.664476,0.412385,0.177767,0.519825,0.19196,0.444544,0.448068,0.429509,0.341468,0.319963,0.30229,0.563025,0.596225,0.640641,0.490134,0.406153,0.655816,0.67307,0.444457,0.343059,0.532202
0.727426,0.379715,0.800305,0.500083,0.53118,0.33941,0.497153,0.287631,0.493973,0.462256,0.559467,0.358348,0.671726,0.31174,0.427469,0.451388,0.623342,0.463417,0.617692,0.759808,0.818258,0.60013,0.465473,0.618507,0.515308,0.725039,0.662626,0.605535,0.498053,0.208137,0.712091,0.557983,0.795376,0.797761,0.535798,0.249611,0.486099,0.746007,1,0.791151,0.452087,0.522144,0.662013,0.379887,0.731068,0.572983,0.599015,0.338895,0.448721,0.524094,0.155107,0.53652,0.524642,0.180566,0.664685,0.357942,0.183427,0.609184,0.729075,0.185108,0.357242,0.417726,0.643938,0.755693,0.840051,0.468873,0.401605,0.647401,0.338023,0.691286,0.654193,0.56408,0.446898,0.299214,0.64028,0.747774,0.721692,0.662547,0.413018,0.419221,0.594244,0.88655,0.684667,0.414001,0.749809
0.644949,0.458089,0.659105,0.435787,0.562272,0.348912,0.405567,0.326331,0.415746,0.249564,0.442462,0.180708,0.460171,0.383578,0.454651,0.385227,0.38919,0.583608,0.422182,0.674594,0.638244,0.540662,0.449987,0.676914,0.527899,0.71438,0.562646,0.633512,0.466559,0.373011,0.556367,0.365704,0.655791,0.720258,0.347171,0.360693,0.422425,0.656901,0.791151,1,0.380096,0.549448,0.683669,0.440694,0.66332,0.554944,0.539629,0.436728,0.361588,0.552181,0.252649,0.418605,0.405192,0.144902,0.562232,0.487159,0.322088,0.489737,0.555965,0.235342,0.408433,0.444943,0.568909,0.632861,0.688987,0.379831,0.344157,0.667049,0.440998,0.693856,0.58068,0.547626,0.271406,0.371622,0.450808,0.646153,0.582748,0.426977,0.25298,0.239104,0.618411,0.773708,0.734572,0.297022,0.495748
0.179852,0.314523,0.378017,0.229951,0.57296,0.348419,0.299748,0.314725,-0.0591579,0.284921,0.306873,0.232476,0.379478,0.257188,0.16669,0.165669,0.30858,0.290632,0.292723,0.266842,0.276524,0.375775,0.368525,0.47349,0.420986,0.381029,0.193089,0.354783,0.0763578,0.0213518,0.149426,0.268567,0.416263,0.299448,0.141351,0.124915,0.126357,0.479482,0.452087,0.380096,1,0.129652,0.275225,0.291978,0.340694,0.190454,0.431,0.378334,0.115184,0.401937,0.0850699,0.236752,0.12073,0.0507193,0.220127,0.374303,0.00487662,0.227021,0.216163,-0.00151621,0.228736,0.268692,0.296284,0.307997,0.28417,0.251565,0.249909,0.37236,-0.0158221,0.248494,0.242232,0.501749,-0.0278721,0.00497472,0.0299551,0.168304,0.297004,0.40767,0.0798741,-0.00614329,0.292527,0.479967,0.230495,0.0666652,0.425021
0.523955,0.391468,0.454212,0.25415,0.27097,0.298873,0.196466,0.341163,0.370498,0.101762,0.345963,0.22112,0.441857,0.350596,0.301158,0.328558,0.358778,0.302886,0.353531,0.493105,0.534005,0.341023,0.464254,0.552737,0.299361,0.624325,0.456383,0.457779,0.357313,0.394671,0.349408,0.375036,0.564791,0.582546,0.29326,-0.0402753,0.246663,0.422731,0.522144,0.549448,0.129652,1,0.544362,0.421859,0.508439,0.278989,0.320157,0.514921,0.436604,0.367703,0.237876,0.188564,0.338293,0.0526485,0.511289,0.373691,0.563069,0.411586,0.449675,0.154112,0.217416,0.454706,0.285455,0.532707,0.55938,0.413057,0.572095,0.608866,0.475652,0.513574,0.499165,0.407784,0.409686,0.29027,0.41509,0.459972,0.561399,0.306815,0.401309,0.452264,0.447695,0.416921,0.52878,0.160692,0.45784
0.856156,0.560262,0.695781,0.59185,0.589824,0.425761,0.450337,0.290357,0.466698,0.500447,0.614476,0.165973,0.451058,0.407388,0.335937,0.580514,0.454908,0.35649,0.53745,0.739435,0.730968,0.388896,0.629132,0.603593,0.471707,0.667038,0.553872,0.542692,0.286077,0.213848,0.41656,0.374146,0.585199,0.638057,0.350098,0.0461603,0.324746,0.449053,0.662013,0.683669,0.275225,0.544362,1,0.583786,0.725878,0.489523,0.597686,0.477277,0.423212,0.457846,0.470942,0.542928,0.529971,0.14575,0.509398,0.479549,0.240353,0.651924,0.600087,0.38676,0.399162,0.480678,0.625477,0.715589,0.725751,0.525524,0.669696,0.613468,0.601175,0.481211,0.728134,0.608112,0.389123,0.358771,0.399277,0.589898,0.637398,0.398791,0.443108,0.448401,0.537689,0.652183,0.572349,0.180121,0.441982
0.493305,0.924498,0.443636,0.343565,0.453191,0.559584,0.463911,0.475224,0.272362,0.401254,0.48026,0.0886913,0.491916,0.883513,0.355172,0.690765,0.583418,0.341069,0.567833,0.605646,0.524152,0.181546,0.487237,0.456665,0.387749,0.419953,0.370709,0.247929,0.507092,0.233964,0.238912,0.309024,0.321043,0.342179,0.0881175,0.25608,0.265842,0.224851,0.379887,0.440694,0.291978,0.421859,0.583786,1,0.311899,0.300656,0.31404,0.605043,0.577375,0.661705,0.574646,0.564313,0.708229,0.0854156,0.623705,0.877186,0.39498,0.706524,0.592985,0.580729,0.563143,0.661265,0.438013,0.526258,0.422294,0.387246,0.504516,0.478349,0.191261,0.342349,0.463826,0.427446,0.109404,0.0869317,0.112978,0.391033,0.325434,0.163589,0.161034,0.358626,0.360348,0.413015,0.426553,0.0801905,0.353785
0.806252,0.259759,0.870853,0.597399,0.597681,0.385899,0.460738,0.18297,0.464601,0.433395,0.562675,0.307592,0.545667,0.129861,0.456436,0.354077,0.438695,0.446835,0.330709,0.684667,0.676741,0.445279,0.646601,0.785565,0.536775,0.680825,0.756534,0.621463,0.142005,0.145122,0.500258,0.56235,0.761537,0.736692,0.462553,0.199881,0.471124,0.653149,0.731068,0.66332,0.340694,0.508439,0.725878,0.311899,1,0.718997,0.722404,0.394189,0.34903,0.415896,0.277067,0.393386,0.442427,0.232012,0.387016,0.264476,0.374134,0.465118,0.542647,0.196176,0.366824,0.421952,0.597117,0.718671,0.818061,0.566804,0.516557,0.760692,0.468088,0.490373,0.81284,0.594093,0.535991,0.529427,0.457258,0.640529,0.683724,0.49149,0.578937,0.454057,0.529123,0.68454,0.445898,0.347739,0.616062
0.574662,0.24686,0.688908,0.560573,0.579465,0.412982,0.5428,0.206521,0.456256,0.429122,0.623363,0.102048,0.462652,0.246276,0.607161,0.425171,0.460104,0.387836,0.113106,0.594706,0.477954,0.373262,0.382647,0.582514,0.613493,0.474355,0.685266,0.55197,0.157134,0.32508,0.429167,0.458951,0.471213,0.523196,0.470146,0.294646,0.471294,0.408218,0.572983,0.554944,0.190454,0.278989,0.489523,0.300656,0.718997,1,0.645485,0.311002,0.430106,0.400028,0.212189,0.513473,0.527185,0.256451,0.36478,0.305881,0.454198,0.464336,0.454035,0.231421,0.341956,0.269339,0.440484,0.52996,0.67945,0.422272,0.270108,0.633716,0.387564,0.444666,0.670106,0.556464,0.306646,0.571631,0.492049,0.595575,0.565104,0.342085,0.464202,0.319977,0.356573,0.504778,0.389526,0.225809,0.514049
0.672183,0.32646,0.76508,0.716173,0.56251,0.309207,0.238548,0.0589982,0.2956,0.507963,0.55789,0.398951,0.636267,0.141959,0.420551,0.461594,0.528011,0.240895,0.158293,0.559124,0.523223,0.311303,0.478647,0.519365,0.466214,0.485905,0.533865,0.497967,0.0143589,-0.0480053,0.294407,0.517704,0.574527,0.575485,0.340426,0.136366,0.331477,0.511221,0.599015,0.539629,0.431,0.320157,0.597686,0.31404,0.722404,0.645485,1,0.506478,0.294088,0.355268,0.28046,0.355639,0.468233,0.464906,0.450171,0.233306,0.320113,0.532345,0.447902,0.310188,0.381935,0.43416,0.401292,0.617174,0.677878,0.601647,0.416245,0.627548,0.503328,0.234889,0.546375,0.570254,0.358623,0.414417,0.422305,0.498867,0.591293,0.460306,0.362001,0.360978,0.497742,0.609115,0.40825,0.287156,0.62893
0.397769,0.531485,0.417965,0.252453,0.44689,0.438946,0.161288,0.241019,0.0936415,0.136599,0.345088,0.127056,0.357175,0.487272,0.290971,0.47378,0.314128,0.383285,0.233807,0.38358,0.313718,0.129986,0.46654,0.541352,0.311271,0.436736,0.400917,0.369208,0.226844,0.327072,0.118231,0.456207,0.430636,0.4177,0.16648,0.0172374,0.1971,0.291903,0.338895,0.436728,0.378334,0.514921,0.477277,0.605043,0.394189,0.311002,0.506478,1,0.32983,0.487111,0.489671,0.26128,0.358315,0.0652116,0.329422,0.509711,0.514621,0.431919,0.269871,0.395754,0.515034,0.562179,0.283333,0.447752,0.417845,0.3683,0.380764,0.544705,0.430746,0.386515,0.514368,0.4588,0.2672,0.319893,0.14168,0.285014,0.493241,0.143652,0.404066,0.412472,0.362024,0.456794,0.439145,0.239875,0.473772
0.455844,0.51331,0.459546,0.235394,0.267247,0.276003,0.506992,0.427167,0.26394,0.242616,0.344331,0.125373,0.395699,0.47757,0.283261,0.386104,0.528107,0.0222729,0.500012,0.504088,0.540263,0.31511,0.30941,0.365394,0.351051,0.418717,0.489412,0.249447,0.32134,0.29647,0.350596,0.339217,0.346569,0.337826,0.298094,0.29287,0.506939,0.24438,0.448721,0.361588,0.115184,0.436604,0.423212,0.577375,0.34903,0.430106,0.294088,0.32983,1,0.429031,0.430631,0.40913,0.53419,0.0544591,0.431904,0.472093,0.553123,0.490723,0.534433,0.320991,0.188,0.408029,0.291629,0.433885,0.445415,0.25428,0.465869,0.469996,0.0326707,0.276033,0.347142,0.279547,0.213846,0.17462,0.342335,0.46449,0.427339,0.307888,0.313496,0.336823,0.395024,0.344753,0.368776,0.200162,0.4422
0.425675,0.529649,0.479897,0.284207,0.335458,0.375621,0.493158,0.472166,0.423253,0.327041,0.419902,-0.00952177,0.360931,0.614044,0.542409,0.496445,0.454191,0.409276,0.524797,0.627943,0.560948,0.343469,0.42834,0.502148,0.432547,0.496813,0.542176,0.401117,0.562026,0.162128,0.446024,0.331984,0.547643,0.471532,0.252534,0.399995,0.373501,0.388157,0.524094,0.552181,0.401937,0.367703,0.457846,0.661705,0.415896,0.400028,0.355268,0.487111,0.429031,1,0.246968,0.376385,0.547018,-0.039579,0.513925,0.655319,0.310735,0.549016,0.534166,0.483113,0.470967,0.403881,0.588252,0.665052,0.576662,0.254225,0.226251,0.497752,0.229826,0.452891,0.460934,0.458686,0.201356,0.235324,0.265711,0.439811,0.373315,0.236535,0.312381,0.372099,0.53878,0.579591,0.403906,0.275081,0.419223
0.433387,0.517228,0.365186,0.289376,0.390865,0.358984,0.326116,0.166786,0.150626,0.142026,0.232149,0.120839,0.198504,0.385831,0.25119,0.435704,0.232312,0.208488,0.277222,0.343053,0.321352,0.0768885,0.429108,0.447741,0.279687,0.21344,0.232609,0.226795,0.0953129,0.185936,0.0752764,0.269859,0.18819,0.144579,0.137421,0.185425,0.350889,0.121962,0.155107,0.252649,0.0850699,0.237876,0.470942,0.574646,0.277067,0.212189,0.28046,0.489671,0.430631,0.246968,1,0.399734,0.406663,0.189187,0.181234,0.364356,0.419303,0.353749,0.211408,0.485841,0.59334,0.449411,0.311624,0.386638,0.333333,0.265686,0.486774,0.450342,0.143095,0.252419,0.448583,0.446362,0.0863825,0.178162,0.111282,0.452693,0.267011,0.0123066,0.261004,0.374992,0.258793,0.290196,0.282754,-0.0741211,0.282839
0.553814,0.593659,0.544375,0.561065,0.587565,0.479914,0.465665,0.247888,0.242177,0.721072,0.75655,0.290848,0.524208,0.540919,0.154763,0.689405,0.719677,0.323656,0.523049,0.649825,0.580237,0.138899,0.281555,0.291333,0.506671,0.376083,0.359321,0.354,0.356843,0.169726,0.354709,0.415571,0.265364,0.32204,0.124818,0.0900804,0.253498,0.186349,0.53652,0.418605,0.236752,0.188564,0.542928,0.564313,0.393386,0.513473,0.355639,0.26128,0.40913,0.376385,0.399734,1,0.792635,0.050524,0.619635,0.540629,0.113393,0.648261,0.64227,0.407509,0.456601,0.476141,0.531272,0.545832,0.560162,0.418597,0.318187,0.269896,0.23139,0.276064,0.455566,0.546454,0.240461,0.0574406,0.398902,0.534549,0.370591,0.296629,0.190589,0.327939,0.182736,0.526879,0.415066,0.153636,0.428826
