1,0.930253,0.926102,0.827965,0.765785,0.868284,0.460789,0.431846,0.715557,0.843483,0.827757,0.856396,0.923518,0.898283,0.597946,0.904819,0.907775,0.817455,0.832782,0.907676,0.929244,0.580944,0.806058,0.920842,0.515866,0.765361,0.870845,0.704009,0.141577,0.392125,0.537344,0.645859,0.86241,0.819781,0.543502,0.563525,0.335113,0.80546,0.92801,0.840594,0.403071,0.735753,0.920102,0.904485,0.951974,0.899745,0.88127,0.804124,0.231025,0.407407,0.763798,0.840165,0.856436,0.824292,0.921726,0.872782,0.736644,0.917194,0.934585,0.625002,0.445844,0.604227,0.803364,0.889865,0.870414,0.824486,0.797988,0.922245,0.664211,0.815425,0.831521,0.748761,0.592118,0.405384,0.516574,0.794698,0.861269,0.620693,0.408806,0.340395,0.715875,0.893592,0.842123,0.509133,0.765149
0.930253,1,0.903737,0.778772,0.693006,0.865252,0.49219,0.438697,0.674915,0.775549,0.792239,0.813073,0.88753,0.857,0.619952,0.908625,0.888213,0.794949,0.826462,0.931801,0.890795,0.525897,0.797095,0.889778,0.456127,0.742216,0.827119,0.654491,0.0694983,0.445712,0.46837,0.709489,0.86551,0.759995,0.574206,0.5431,0.422525,0.81017,0.875333,0.838706,0.364064,0.754658,0.902814,0.887316,0.917054,0.866421,0.843316,0.793335,0.318265,0.530359,0.735002,0.795956,0.813972,0.762671,0.884551,0.854757,0.705977,0.906373,0.902845,0.693263,0.498178,0.487619,0.733987,0.850268,0.832934,0.814579,0.716207,0.88377,0.574347,0.862652,0.776003,0.688867,0.60649,0.467874,0.468614,0.804222,0.847342,0.527892,0.42028,0.258413,0.627505,0.847642,0.841148,0.521321,0.720581
0.926102,0.903737,1,0.90176,0.701299,0.852014,0.509192,0.42533,0.727053,0.838195,0.862093,0.884412,0.938902,0.875569,0.603094,0.891787,0.928566,0.767415,0.825178,0.892887,0.912712,0.551424,0.802116,0.901767,0.496394,0.751271,0.784663,0.689868,0.0863965,0.443971,0.476025,0.631016,0.811818,0.803024,0.50948,0.528829,0.396559,0.772231,0.900673,0.882476,0.319351,0.813724,0.919161,0.892154,0.961505,0.896855,0.849604,0.778487,0.223835,0.36249,0.72421,0.840315,0.846932,0.867403,0.948743,0.866185,0.700428,0.913049,0.930985,0.556658,0.514078,0.636639,0.81534,0.880638,0.876656,0.806214,0.767847,0.888211,0.592251,0.850756,0.86494,0.747678,0.647292,0.451913,0.525226,0.842241,0.852647,0.631793,0.508742,0.338885,0.68464,0.922133,0.82192,0.61994,0.741237
0.827965,0.778772,0.90176,1,0.652359,0.773246,0.449095,0.403843,0.72175,0.797169,0.821064,0.786479,0.83494,0.813351,0.646189,0.759566,0.784025,0.692741,0.688078,0.794534,0.776783,0.415929,0.69121,0.85204,0.534492,0.690443,0.615365,0.733768,0.0898352,0.407696,0.486289,0.561589,0.726568,0.760514,0.509748,0.407164,0.308826,0.763552,0.823158,0.810729,0.24805,0.710164,0.811685,0.782047,0.883004,0.860954,0.8357,0.66382,0.245201,0.246418,0.588221,0.784715,0.709303,0.775658,0.838248,0.778666,0.748419,0.747629,0.820302,0.466745,0.447249,0.594032,0.761571,0.833268,0.836202,0.744021,0.775585,0.839766,0.519154,0.759046,0.768407,0.737135,0.601972,0.57252,0.36901,0.787643,0.737307,0.63946,0.418165,0.292469,0.635849,0.856838,0.819555,0.512607,0.760494
0.765785,0.693006,0.701299,0.652359,1,0.762702,0.49851,0.354696,0.634112,0.821182,0.713762,0.666781,0.718975,0.771752,0.428526,0.647822,0.762282,0.786105,0.73822,0.743993,0.748151,0.380052,0.763673,0.77323,0.626564,0.636108,0.787588,0.678297,0.405616,0.343139,0.616174,0.533369,0.775928,0.767572,0.571554,0.475378,0.289095,0.568321,0.731743,0.658922,0.461974,0.584942,0.797541,0.794326,0.770614,0.748404,0.755217,0.720042,0.198106,0.175077,0.728808,0.825504,0.632572,0.588909,0.706842,0.770611,0.593009,0.738137,0.779777,0.454351,0.560251,0.64357,0.721168,0.804802,0.791749,0.63452,0.75752,0.799324,0.490808,0.591352,0.732612,0.721532,0.477434,0.34215,0.592497,0.723857,0.812314,0.533114,0.336807,0.119881,0.442486,0.792487,0.742633,0.446299,0.614334
0.868284,0.865252,0.852014,0.773246,0.762702,1,0.391311,0.464009,0.67412,0.817446,0.833512,0.802643,0.893585,0.837309,0.595861,0.831098,0.862012,0.799103,0.785716,0.912772,0.829926,0.474063,0.806654,0.897723,0.594719,0.807988,0.824498,0.651266,0.274803,0.337243,0.608816,0.604401,0.811791,0.778062,0.535199,0.458576,0.273132,0.731262,0.883789,0.842088,0.323853,0.721885,0.908048,0.870009,0.902027,0.897006,0.82683,0.745629,0.15443,0.397288,0.684172,0.828472,0.763364,0.709191,0.839878,0.849718,0.673786,0.866928,0.847376,0.650804,0.59443,0.520901,0.690748,0.833694,0.814903,0.785118,0.747103,0.874084,0.492357,0.828951,0.812705,0.716937,0.578722,0.481377,0.498394,0.802474,0.865865,0.512839,0.4202,0.132778,0.654784,0.897436,0.823038,0.460706,0.771073
0.460789,0.49219,0.509192,0.449095,0.49851,0.391311,1,0.532026,0.48823,0.505476,0.399974,0.506184,0.44978,0.552534,0.23905,0.400175,0.487496,0.551964,0.563338,0.449386,0.578161,0.0920774,0.464309,0.517764,0.211003,0.268584,0.395268,0.393733,0.0778255,0.405695,0.485873,0.503053,0.462654,0.400882,0.300626,0.267883,0.316427,0.4289,0.35075,0.47004,0.108185,0.41624,0.453755,0.516115,0.467999,0.373539,0.452752,0.468714,0.518114,0.41165,0.55425,0.567214,0.512416,0.373542,0.517085,0.533711,0.55797,0.459117,0.553058,0.345682,0.162572,0.410284,0.494649,0.40803,0.546218,0.428685,0.508682,0.447873,0.360458,0.46842,0.453937,0.509972,0.492755,0.393292,0.434253,0.550656,0.534698,0.334457,0.366868,0.155122,0.199835,0.476193,0.389419,0.36715,0.41274
0.431846,0.438697,0.42533,0.403843,0.354696,0.464009,0.532026,1,0.311071,0.415066,0.397077,0.367824,0.42045,0.485409,0.49049,0.300525,0.45967,0.511969,0.42857,0.473765,0.498795,0.173316,0.525912,0.494009,0.436739,0.329891,0.428143,0.513074,0.0158837,0.470198,0.32854,0.300519,0.544276,0.458159,0.369443,0.514063,0.342182,0.379598,0.464189,0.414032,0.142871,0.431808,0.474282,0.483409,0.479392,0.420323,0.491783,0.48354,0.337865,0.326599,0.592687,0.455601,0.439939,0.253218,0.403059,0.53037,0.614706,0.334883,0.452179,0.29524,0.316181,0.435781,0.496427,0.45079,0.600705,0.587574,0.513058,0.483729,0.342305,0.396208,0.465518,0.50085,0.373505,0.382401,0.331368,0.542785,0.461031,0.342546,0.405746,0.0239277,0.339289,0.468512,0.504371,0.347635,0.439973
0.715557,0.674915,0.727053,0.72175,0.634112,0.67412,0.48823,0.311071,1,0.644558,0.6752,0.729429,0.71041,0.756027,0.569638,0.647941,0.68193,0.751137,0.728256,0.657625,0.698631,0.382892,0.750466,0.760832,0.42088,0.553407,0.646885,0.621414,0.0599572,0.251683,0.4665,0.477514,0.602399,0.582211,0.516876,0.303238,0.255216,0.712319,0.696602,0.728004,0.218604,0.534076,0.7679,0.752627,0.712358,0.664446,0.661698,0.639015,0.149578,0.434707,0.544076,0.716644,0.695768,0.588893,0.735883,0.772484,0.555677,0.723828,0.734456,0.47913,0.345187,0.527381,0.695917,0.755902,0.691495,0.538177,0.681848,0.72615,0.410437,0.627413,0.669983,0.628399,0.474649,0.504997,0.476875,0.636319,0.752832,0.515942,0.406288,0.152579,0.437061,0.718089,0.685003,0.427305,0.602365
0.843483,0.775549,0.838195,0.797169,0.821182,0.817446,0.505476,0.415066,0.644558,1,0.784827,0.778695,0.844127,0.791886,0.529395,0.772932,0.823925,0.698496,0.703508,0.811364,0.752051,0.304277,0.761883,0.831922,0.552229,0.642677,0.715084,0.670967,0.276981,0.450634,0.562513,0.56508,0.785602,0.686238,0.403892,0.493424,0.338937,0.634766,0.800969,0.733658,0.332692,0.626626,0.819645,0.801401,0.843874,0.814841,0.740955,0.677873,0.267761,0.191894,0.679471,0.823249,0.746356,0.735152,0.852454,0.782472,0.658133,0.811546,0.868518,0.551307,0.499946,0.568188,0.769131,0.797607,0.842334,0.751259,0.740647,0.805473,0.620898,0.771177,0.723009,0.711521,0.578749,0.328373,0.493993,0.77082,0.779288,0.545817,0.358199,0.106553,0.476255,0.857219,0.756781,0.389274,0.679142
0.827757,0.792239,0.862093,0.821064,0.713762,0.833512,0.399974,0.397077,0.6752,0.784827,1,0.846496,0.904055,0.748919,0.623752,0.83977,0.873642,0.676724,0.821975,0.83345,0.813363,0.47346,0.735412,0.824589,0.534667,0.733056,0.68415,0.611719,0.140674,0.389331,0.420895,0.593554,0.766614,0.82157,0.620065,0.452195,0.352751,0.67802,0.882022,0.716193,0.275829,0.717931,0.839343,0.770443,0.867702,0.834973,0.806616,0.657784,0.171354,0.265881,0.653692,0.815547,0.808594,0.722432,0.851232,0.746447,0.624491,0.80837,0.878475,0.550279,0.518278,0.556257,0.740658,0.795324,0.807837,0.779834,0.694501,0.804655,0.508843,0.756964,0.809503,0.680256,0.535076,0.389776,0.462333,0.806102,0.865363,0.681708,0.49316,0.298655,0.652994,0.90528,0.735539,0.491716,0.776476
0.856396,0.813073,0.884412,0.786479,0.666781,0.802643,0.506184,0.367824,0.729429,0.778695,0.846496,1,0.88839,0.794828,0.459663,0.889702,0.867766,0.74503,0.790593,0.829251,0.854147,0.42144,0.729467,0.811138,0.472427,0.664821,0.708156,0.51092,0.0981083,0.30479,0.481181,0.590441,0.728817,0.725015,0.496394,0.351802,0.215721,0.695342,0.804332,0.792119,0.220792,0.714122,0.787635,0.79163,0.843322,0.821098,0.732715,0.641727,0.229378,0.375463,0.676656,0.780819,0.839038,0.762563,0.861686,0.707815,0.597597,0.903193,0.86645,0.538442,0.355526,0.487897,0.674318,0.758247,0.727778,0.695364,0.744778,0.747597,0.538337,0.769813,0.825302,0.612949,0.582829,0.345548,0.495611,0.759083,0.833251,0.598237,0.343669,0.390088,0.662044,0.846892,0.670519,0.502423,0.776177
0.923518,0.88753,0.938902,0.83494,0.718975,0.893585,0.44978,0.42045,0.71041,0.844127,0.904055,0.88839,1,0.830274,0.606523,0.921043,0.954842,0.756708,0.849098,0.931471,0.923229,0.574319,0.794083,0.905996,0.495721,0.782455,0.797682,0.669688,0.17037,0.420274,0.486703,0.648994,0.824871,0.814899,0.564277,0.48897,0.364827,0.775668,0.944269,0.858031,0.35714,0.78578,0.909242,0.870732,0.94007,0.875515,0.819185,0.769877,0.170121,0.351173,0.703246,0.846371,0.89639,0.822935,0.946138,0.84877,0.677132,0.922129,0.946743,0.590122,0.521454,0.609742,0.819222,0.870674,0.882868,0.827904,0.755219,0.890556,0.573291,0.86772,0.852373,0.752716,0.610149,0.381346,0.55943,0.827599,0.893879,0.609356,0.524413,0.270548,0.751063,0.941323,0.785793,0.527537,0.786775
0.898283,0.857,0.875569,0.813351,0.771752,0.837309,0.552534,0.485409,0.756027,0.791886,0.748919,0.794828,0.830274,1,0.523108,0.780112,0.837731,0.872294,0.795212,0.868288,0.871988,0.483965,0.810424,0.904707,0.524924,0.732049,0.816558,0.756389,0.162317,0.45476,0.629577,0.625146,0.787193,0.790938,0.524791,0.514902,0.372331,0.747213,0.836226,0.850287,0.439089,0.686739,0.865453,0.891664,0.897896,0.86941,0.847322,0.801691,0.280334,0.364115,0.740461,0.827635,0.774288,0.749058,0.85652,0.869824,0.754748,0.84236,0.857361,0.600034,0.4777,0.610221,0.75853,0.883936,0.85128,0.752551,0.85475,0.8934,0.581355,0.731508,0.83183,0.767951,0.560199,0.562248,0.433275,0.74187,0.830388,0.573973,0.378679,0.286088,0.582939,0.836138,0.877395,0.469684,0.77197
0.597946,0.619952,0.603094,0.646189,0.428526,0.595861,0.23905,0.49049,0.569638,0.529395,0.623752,0.459663,0.606523,0.523108,1,0.50714,0.563977,0.535894,0.524051,0.611792,0.553856,0.279582,0.618854,0.631781,0.346074,0.499745,0.540811,0.678175,-0.120908,0.32611,0.0889184,0.390445,0.638036,0.580683,0.641272,0.535977,0.322495,0.664217,0.718637,0.581988,0.115911,0.584443,0.669929,0.608735,0.64094,0.620886,0.682571,0.55283,-0.0145734,0.351089,0.402509,0.527826,0.461619,0.427994,0.528693,0.627909,0.689271,0.490865,0.580993,0.369058,0.587508,0.386843,0.652886,0.648544,0.677637,0.751957,0.475159,0.661209,0.506186,0.65995,0.541668,0.551001,0.543194,0.468498,0.396609,0.648023,0.573068,0.522269,0.486638,0.0891135,0.478038,0.604232,0.7132,0.416365,0.498347
0.904819,0.908625,0.891787,0.759566,0.647822,0.831098,0.400175,0.300525,0.647941,0.772932,0.83977,0.889702,0.921043,0.780112,0.50714,1,0.897739,0.699656,0.803495,0.909405,0.889408,0.570088,0.721273,0.84567,0.361452,0.698634,0.759167,0.511856,0.0349814,0.342425,0.427126,0.671271,0.797807,0.711154,0.51231,0.453285,0.267011,0.736683,0.869363,0.78536,0.292781,0.720424,0.837053,0.821363,0.879623,0.859426,0.751829,0.668855,0.280321,0.448085,0.666876,0.798796,0.87962,0.777331,0.904517,0.739906,0.592949,0.941258,0.923169,0.637434,0.395362,0.465406,0.659707,0.775985,0.739242,0.744459,0.654968,0.795249,0.525166,0.832351,0.76097,0.591478,0.50358,0.305069,0.424244,0.73111,0.863052,0.529555,0.39294,0.38154,0.724327,0.847352,0.711115,0.445625,0.71591
0.907775,0.888213,0.928566,0.784025,0.762282,0.862012,0.487496,0.45967,0.68193,0.823925,0.873642,0.867766,0.954842,0.837731,0.563977,0.897739,1,0.797228,0.858096,0.932641,0.929397,0.583756,0.840475,0.906624,0.512599,0.710401,0.823225,0.693129,0.178056,0.45653,0.481525,0.632878,0.839203,0.810528,0.554618,0.532951,0.391687,0.732164,0.912432,0.854309,0.41744,0.762677,0.90795,0.8804,0.936816,0.86746,0.826711,0.793411,0.20701,0.361723,0.752804,0.876857,0.877784,0.814051,0.929644,0.853698,0.649172,0.915915,0.944727,0.556135,0.531056,0.616038,0.804015,0.872237,0.873919,0.810288,0.734827,0.890075,0.537506,0.83765,0.84565,0.786918,0.606726,0.363982,0.56285,0.82481,0.898266,0.549069,0.569341,0.281087,0.690573,0.926316,0.792085,0.580891,0.725563
0.817455,0.794949,0.767415,0.692741,0.786105,0.799103,0.551964,0.511969,0.751137,0.698496,0.676724,0.74503,0.756708,0.872294,0.535894,0.699656,0.797228,1,0.778373,0.79395,0.814799,0.433041,0.799509,0.849497,0.566441,0.718044,0.804341,0.72817,0.175385,0.373517,0.664442,0.600365,0.766757,0.762444,0.522567,0.454993,0.334387,0.697051,0.767435,0.777972,0.382491,0.628383,0.81791,0.858611,0.814347,0.765842,0.825247,0.754655,0.25796,0.400589,0.759032,0.778359,0.695294,0.630233,0.756278,0.827295,0.698304,0.794981,0.770984,0.53607,0.520199,0.586744,0.710573,0.828014,0.797216,0.721151,0.811108,0.84866,0.541476,0.708414,0.778372,0.7218,0.480273,0.497058,0.548774,0.778296,0.812419,0.48892,0.42267,0.307386,0.495726,0.767198,0.786692,0.567854,0.700263
0.832782,0.826462,0.825178,0.688078,0.73822,0.785716,0.563338,0.42857,0.728256,0.703508,0.821975,0.790593,0.849098,0.795212,0.524051,0.803495,0.858096,0.778373,1,0.816204,0.881733,0.533824,0.832758,0.819391,0.452526,0.634991,0.791954,0.593959,0.201025,0.344283,0.492647,0.602379,0.722573,0.797011,0.5701,0.447905,0.470274,0.654566,0.778874,0.766142,0.316299,0.658936,0.866644,0.820976,0.844642,0.712969,0.758383,0.73266,0.27872,0.487012,0.747461,0.828416,0.82138,0.716205,0.821394,0.850177,0.606856,0.834608,0.862287,0.639095,0.432251,0.576728,0.75592,0.798501,0.790374,0.684238,0.665962,0.823559,0.520639,0.720463,0.781423,0.735266,0.501668,0.339003,0.629122,0.761302,0.862127,0.513931,0.491632,0.307713,0.571036,0.853518,0.72477,0.656555,0.703068
0.907676,0.931801,0.892887,0.794534,0.743993,0.912772,0.449386,0.473765,0.657625,0.811364,0.83345,0.829251,0.931471,0.868288,0.611792,0.909405,0.932641,0.79395,0.816204,1,0.912867,0.565825,0.803244,0.91348,0.460176,0.754645,0.849847,0.707549,0.164322,0.463593,0.479329,0.701434,0.868397,0.803394,0.620058,0.539754,0.394633,0.784996,0.921632,0.888538,0.38886,0.741804,0.90216,0.899945,0.939694,0.887154,0.828806,0.797602,0.184617,0.450426,0.745995,0.858786,0.852208,0.775853,0.891923,0.867638,0.696427,0.903336,0.923955,0.62968,0.53304,0.562276,0.747682,0.874615,0.85665,0.831722,0.75129,0.898078,0.518081,0.872659,0.812127,0.761164,0.594508,0.477747,0.484947,0.785364,0.866925,0.523004,0.520988,0.232058,0.708649,0.899874,0.862533,0.482152,0.777647
0.929244,0.890795,0.912712,0.776783,0.748151,0.829926,0.578161,0.498795,0.698631,0.752051,0.813363,0.854147,0.923229,0.871988,0.553856,0.889408,0.929397,0.814799,0.881733,0.912867,1,0.653559,0.803902,0.889836,0.429755,0.699187,0.852483,0.680984,0.139791,0.433377,0.533292,0.668408,0.831161,0.837929,0.614461,0.551457,0.364677,0.765404,0.901896,0.857157,0.379326,0.773033,0.890286,0.886041,0.92635,0.834934,0.824629,0.801664,0.249155,0.439384,0.773275,0.833727,0.882173,0.79239,0.901157,0.867874,0.707794,0.905222,0.925884,0.559738,0.428264,0.653881,0.788337,0.851117,0.866609,0.802648,0.767793,0.887289,0.565032,0.811155,0.83596,0.752784,0.59561,0.415231,0.620993,0.789904,0.898596,0.610249,0.527713,0.373534,0.772607,0.888521,0.792251,0.576747,0.734943
0.580944,0.525897,0.551424,0.415929,0.380052,0.474063,0.0920774,0.173316,0.382892,0.304277,0.47346,0.42144,0.574319,0.483965,0.279582,0.570088,0.583756,0.433041,0.533824,0.565825,0.653559,1,0.445728,0.501292,0.246951,0.476743,0.55257,0.414751,0.0415808,0.108606,0.180072,0.378298,0.426282,0.573244,0.337515,0.451431,0.258759,0.478004,0.615734,0.518981,0.552476,0.468348,0.564887,0.532964,0.572885,0.465097,0.477361,0.526528,-0.037433,0.151434,0.446152,0.480324,0.584049,0.646117,0.613596,0.551503,0.177163,0.532445,0.563603,0.12185,0.179793,0.567509,0.505064,0.561871,0.536086,0.486407,0.471949,0.532885,0.411104,0.410471,0.441419,0.398735,0.213978,0.262508,0.272356,0.303118,0.491195,0.27086,0.480721,0.343844,0.688369,0.538321,0.525232,0.335137,0.336959
0.806058,0.797095,0.802116,0.69121,0.763673,0.806654,0.464309,0.525912,0.750466,0.761883,0.735412,0.729467,0.794083,0.810424,0.618854,0.721273,0.840475,0.799509,0.832758,0.803244,0.803902,0.445728,1,0.875781,0.569813,0.610652,0.82716,0.68553,0.113399,0.260106,0.50669,0.504114,0.718672,0.687091,0.494666,0.554612,0.381631,0.663191,0.789475,0.807009,0.36397,0.626724,0.862348,0.835824,0.843907,0.794185,0.774158,0.716017,0.17124,0.403743,0.766866,0.813022,0.771831,0.656563,0.791501,0.847419,0.665809,0.80696,0.805614,0.577552,0.552788,0.54795,0.77067,0.844055,0.819256,0.71135,0.710334,0.842098,0.570044,0.747119,0.805299,0.810439,0.646002,0.445517,0.529715,0.774244,0.834596,0.434262,0.454537,0.129837,0.577301,0.835431,0.806968,0.583574,0.685329
0.920842,0.889778,0.901767,0.85204,0.77323,0.897723,0.517764,0.494009,0.760832,0.831922,0.824589,0.811138,0.905996,0.904707,0.631781,0.84567,0.906624,0.849497,0.819391,0.91348,0.889836,0.501292,0.875781,1,0.532478,0.764861,0.84017,0.750274,0.152772,0.411304,0.578286,0.654226,0.811189,0.754801,0.533996,0.522172,0.328277,0.795921,0.893174,0.872315,0.417114,0.751156,0.907821,0.909819,0.940338,0.918919,0.884124,0.806124,0.238502,0.446947,0.752928,0.890595,0.838438,0.729976,0.899903,0.902656,0.784593,0.86372,0.913217,0.648134,0.515823,0.644442,0.811871,0.911966,0.881179,0.822276,0.790588,0.948908,0.586258,0.853159,0.861742,0.857656,0.676714,0.505744,0.497492,0.828107,0.893482,0.551475,0.46933,0.228315,0.698132,0.906774,0.889622,0.495219,0.806312
0.515866,0.456127,0.496394,0.534492,0.626564,0.594719,0.211003,0.436739,0.42088,0.552229,0.534667,0.472427,0.495721,0.524924,0.346074,0.361452,0.512599,0.566441,0.452526,0.460176,0.429755,0.246951,0.569813,0.532478,1,0.565602,0.462149,0.608412,0.338411,0.170678,0.558111,0.24809,0.492216,0.584076,0.278278,0.187709,0.189302,0.458602,0.54345,0.470997,0.387171,0.412881,0.555273,0.442513,0.565577,0.576461,0.670899,0.532738,0.129987,-0.0366745,0.503644,0.576773,0.421495,0.498069,0.516948,0.473301,0.399991,0.467139,0.501854,0.0941645,0.497613,0.402463,0.614468,0.640207,0.64973,0.420023,0.673396,0.604922,0.347953,0.285753,0.562075,0.593552,0.349108,0.486486,0.288832,0.556717,0.512929,0.38804,0.214889,-0.0195487,0.316126,0.620791,0.565211,0.38225,0.504066
0.765361,0.742216,0.751271,0.690443,0.636108,0.807988,0.268584,0.329891,0.553407,0.642677,0.733056,0.664821,0.782455,0.732049,0.499745,0.698634,0.710401,0.718044,0.634991,0.754645,0.699187,0.476743,0.610652,0.764861,0.565602,1,0.700738,0.547837,0.180937,0.312293,0.479922,0.574311,0.710549,0.746812,0.493983,0.439604,0.251888,0.685417,0.811136,0.691003,0.394149,0.723194,0.776125,0.752718,0.787734,0.789324,0.757487,0.705184,0.0542453,0.222565,0.584262,0.649858,0.650552,0.591068,0.73366,0.710021,0.61486,0.727519,0.714362,0.514277,0.659959,0.552601,0.671314,0.761703,0.72395,0.677034,0.765486,0.783783,0.534424,0.677143,0.788265,0.588874,0.434282,0.41466,0.3678,0.731984,0.713949,0.61511,0.386095,0.268883,0.598705,0.759777,0.723899,0.427563,0.693529
0.870845,0.827119,0.784663,0.615365,0.787588,0.824498,0.395268,0.428143,0.646885,0.715084,0.68415,0.708156,0.797682,0.816558,0.540811,0.759167,0.823225,0.804341,0.791954,0.849847,0.852483,0.55257,0.82716,0.84017,0.462149,0.700738,1,0.629648,0.24314,0.315205,0.467161,0.606364,0.797533,0.757451,0.554325,0.574737,0.399402,0.71644,0.842939,0.813187,0.372264,0.631096,0.892026,0.903282,0.862351,0.790677,0.806239,0.842576,0.00714234,0.438216,0.840734,0.783643,0.774634,0.665407,0.778032,0.862573,0.594555,0.845621,0.817773,0.622978,0.507288,0.65506,0.761491,0.848978,0.784463,0.738311,0.676677,0.872344,0.487792,0.690597,0.828097,0.709043,0.554736,0.330109,0.625238,0.732165,0.814376,0.501108,0.472645,0.180907,0.619922,0.81452,0.775179,0.539084,0.719366
0.704009,0.654491,0.689868,0.733768,0.678297,0.651266,0.393733,0.513074,0.621414,0.670967,0.611719,0.51092,0.669688,0.756389,0.678175,0.511856,0.693129,0.72817,0.593959,0.707549,0.680984,0.414751,0.68553,0.750274,0.608412,0.547837,0.629648,1,0.143091,0.457841,0.453744,0.498669,0.727976,0.722409,0.539988,0.497963,0.409375,0.650054,0.760547,0.674756,0.42364,0.534246,0.72943,0.70402,0.768551,0.688474,0.779568,0.689321,0.0664417,0.135622,0.558117,0.74542,0.548867,0.638573,0.678352,0.7872,0.681078,0.559141,0.702431,0.275797,0.514232,0.563822,0.761754,0.818546,0.834611,0.689719,0.716012,0.806695,0.508645,0.607575,0.596955,0.813778,0.497805,0.610314,0.46445,0.674848,0.649854,0.544531,0.533378,0.0883247,0.458536,0.718408,0.834532,0.502472,0.542762
0.141577,0.0694983,0.0863965,0.0898352,0.405616,0.274803,0.0778255,0.0158837,0.0599572,0.276981,0.140674,0.0981083,0.17037,0.162317,-0.120908,0.0349814,0.178056,0.175385,0.201025,0.164322,0.139791,0.0415808,0.113399,0.152772,0.338411,0.180937,0.24314,0.143091,1,0.140785,0.37168,0.0254297,0.0896293,0.236798,0.0376834,-0.249901,-0.00651144,0.0581409,0.12198,0.220246,0.219187,0.053548,0.230311,0.15262,0.172732,0.0908885,0.149203,0.396058,-0.0711898,-0.0109262,0.151047,0.152092,0.0480785,0.208483,0.117927,0.200661,0.00125172,0.163222,0.113224,0.131792,0.111017,0.293653,0.238109,0.263552,0.256961,0.120396,0.234551,0.243722,-0.20166,0.00774752,0.214277,0.30212,0.0902764,0.013436,0.288897,0.0485101,0.200407,-0.0359722,0.011925,-0.402777,0.0284583,0.307124,0.107822,0.0871361,0.209615
0.392125,0.445712,0.443971,0.407696,0.343139,0.337243,0.405695,0.470198,0.251683,0.450634,0.389331,0.30479,0.420274,0.45476,0.32611,0.342425,0.45653,0.373517,0.344283,0.463593,0.433377,0.108606,0.260106,0.411304,0.170678,0.312293,0.315205,0.457841,0.140785,1,0.216748,0.319834,0.534163,0.419267,0.392942,0.367625,0.517911,0.385978,0.409705,0.352762,0.270137,0.517352,0.415492,0.40241,0.410192,0.375753,0.396825,0.529121,0.423045,0.229178,0.372334,0.34332,0.39735,0.281642,0.398835,0.459272,0.480989,0.311507,0.462451,0.338994,0.341689,0.441901,0.441456,0.409528,0.530664,0.550677,0.313891,0.481602,0.208247,0.380916,0.387683,0.372974,0.238683,0.221695,0.227116,0.41654,0.412716,0.375883,0.259917,0.0966958,0.164425,0.372934,0.403886,0.246445,0.373198
0.537344,0.46837,0.476025,0.486289,0.616174,0.608816,0.485873,0.32854,0.4665,0.562513,0.420895,0.481181,0.486703,0.629577,0.0889184,0.427126,0.481525,0.664442,0.492647,0.479329,0.533292,0.180072,0.50669,0.578286,0.558111,0.479922,0.467161,0.453744,0.37168,0.216748,1,0.405087,0.395101,0.496797,0.165375,0.0448931,0.133058,0.470133,0.44028,0.505328,0.231341,0.336837,0.492977,0.478886,0.522747,0.529902,0.56257,0.432734,0.39117,0.0927059,0.424152,0.554641,0.483302,0.418683,0.522656,0.515498,0.459165,0.516881,0.498579,0.355008,0.19671,0.256325,0.417612,0.478964,0.525968,0.354043,0.598213,0.576528,0.243075,0.383378,0.477725,0.51587,0.204298,0.384401,0.298045,0.475502,0.547067,0.2817,0.0636788,0.141174,0.296896,0.542279,0.43512,0.285183,0.511703
0.645859,0.709489,0.631016,0.561589,0.533369,0.604401,0.503053,0.300519,0.477514,0.56508,0.593554,0.590441,0.648994,0.625146,0.390445,0.671271,0.632878,0.600365,0.602379,0.701434,0.668408,0.378298,0.504114,0.654226,0.24809,0.574311,0.606364,0.498669,0.0254297,0.319834,0.405087,1,0.672836,0.606463,0.512801,0.415765,0.407293,0.597504,0.654619,0.527731,0.33908,0.468216,0.644019,0.676018,0.660976,0.581812,0.614132,0.569024,0.125934,0.251468,0.607855,0.634613,0.616131,0.500534,0.637435,0.656244,0.475941,0.62312,0.67742,0.523387,0.294651,0.405521,0.592067,0.590308,0.610906,0.574084,0.557849,0.629274,0.386349,0.594967,0.521694,0.490575,0.358144,0.317234,0.405545,0.658896,0.648699,0.559056,0.459072,0.0943931,0.43783,0.639445,0.594012,0.316234,0.544923
0.86241,0.86551,0.811818,0.726568,0.775928,0.811791,0.462654,0.544276,0.602399,0.785602,0.766614,0.728817,0.824871,0.787193,0.638036,0.797807,0.839203,0.766757,0.722573,0.868397,0.831161,0.426282,0.718672,0.811189,0.492216,0.710549,0.797533,0.727976,0.0896293,0.534163,0.395101,0.672836,1,0.822157,0.701588,0.66857,0.415999,0.713074,0.881743,0.700514,0.389452,0.730379,0.866435,0.84958,0.863213,0.824628,0.807911,0.735586,0.246655,0.34405,0.744171,0.777116,0.709459,0.645379,0.794121,0.816195,0.69588,0.794902,0.858836,0.574044,0.57136,0.565601,0.716502,0.816891,0.844014,0.810131,0.718138,0.833722,0.552791,0.746867,0.71606,0.649798,0.482293,0.37903,0.529647,0.845919,0.836916,0.678083,0.498754,0.19855,0.57367,0.812169,0.797907,0.513684,0.647735
0.819781,0.759995,0.803024,0.760514,0.767572,0.778062,0.400882,0.458159,0.582211,0.686238,0.82157,0.725015,0.814899,0.790938,0.580683,0.711154,0.810528,0.762444,0.797011,0.803394,0.837929,0.573244,0.687091,0.754801,0.584076,0.746812,0.757451,0.722409,0.236798,0.419267,0.496797,0.606463,0.822157,1,0.726837,0.544486,0.448861,0.702904,0.858398,0.71744,0.444673,0.728028,0.838869,0.790605,0.863408,0.786058,0.84618,0.710766,0.126163,0.17264,0.700783,0.760269,0.702528,0.700206,0.76968,0.792184,0.630097,0.736594,0.800077,0.433008,0.541232,0.634689,0.761946,0.834867,0.855378,0.767935,0.793276,0.825849,0.503201,0.612469,0.775784,0.694156,0.363841,0.398714,0.526967,0.795259,0.798364,0.732109,0.514313,0.302343,0.639224,0.860132,0.788412,0.648684,0.712446
0.543502,0.574206,0.50948,0.509748,0.571554,0.535199,0.300626,0.369443,0.516876,0.403892,0.620065,0.496394,0.564277,0.524791,0.641272,0.51231,0.554618,0.522567,0.5701,0.620058,0.614461,0.337515,0.494666,0.533996,0.278278,0.493983,0.554325,0.539988,0.0376834,0.392942,0.165375,0.512801,0.701588,0.726837,1,0.407255,0.34454,0.557987,0.650013,0.470634,0.274353,0.627134,0.61952,0.580937,0.583815,0.517271,0.603613,0.515298,0.0186014,0.323487,0.434944,0.522363,0.473581,0.305465,0.4694,0.584227,0.526019,0.486869,0.581813,0.330764,0.386324,0.408049,0.519949,0.599905,0.596411,0.58967,0.555662,0.593617,0.263622,0.445615,0.519508,0.491531,0.262727,0.310104,0.479292,0.581391,0.643215,0.594166,0.372868,0.170726,0.532415,0.583074,0.626415,0.412588,0.473931
0.563525,0.5431,0.528829,0.407164,0.475378,0.458576,0.267883,0.514063,0.303238,0.493424,0.452195,0.351802,0.48897,0.514902,0.535977,0.453285,0.532951,0.454993,0.447905,0.539754,0.551457,0.451431,0.554612,0.522172,0.187709,0.439604,0.574737,0.497963,-0.249901,0.367625,0.0448931,0.415765,0.66857,0.544486,0.407255,1,0.353624,0.367677,0.592564,0.365707,0.406345,0.504375,0.561766,0.61712,0.560211,0.546032,0.460168,0.431557,0.0680441,0.114788,0.619952,0.486697,0.490486,0.340777,0.488027,0.60553,0.51231,0.422934,0.543815,0.356382,0.50247,0.503311,0.494954,0.494359,0.568867,0.574735,0.428068,0.509867,0.646113,0.494745,0.449529,0.372524,0.345834,0.162057,0.311806,0.562448,0.492183,0.52521,0.468077,0.221299,0.418185,0.455728,0.599057,0.271792,0.316334
0.335113,0.422525,0.396559,0.308826,0.289095,0.273132,0.316427,0.342182,0.255216,0.338937,0.352751,0.215721,0.364827,0.372331,0.322495,0.267011,0.391687,0.334387,0.470274,0.394633,0.364677,0.258759,0.381631,0.328277,0.189302,0.251888,0.399402,0.409375,-0.00651144,0.517911,0.133058,0.407293,0.415999,0.448861,0.34454,0.353624,1,0.301768,0.356647,0.330863,0.134703,0.317247,0.433418,0.401348,0.408922,0.232444,0.430803,0.420286,0.162659,0.134169,0.48793,0.368671,0.371082,0.377772,0.405243,0.489702,0.210493,0.282058,0.41868,0.346956,0.247722,0.345847,0.477334,0.407848,0.498401,0.426223,0.182444,0.454383,0.264046,0.291146,0.314298,0.353001,0.141386,0.268985,0.27606,0.449673,0.321852,0.2018,0.4256,0.151948,0.0456982,0.376093,0.377844,0.545061,0.395231
0.80546,0.81017,0.772231,0.763552,0.568321,0.731262,0.4289,0.379598,0.712319,0.634766,0.67802,0.695342,0.775668,0.747213,0.664217,0.736683,0.732164,0.697051,0.654566,0.784996,0.765404,0.478004,0.663191,0.795921,0.458602,0.685417,0.71644,0.650054,0.0581409,0.385978,0.470133,0.597504,0.713074,0.702904,0.557987,0.367677,0.301768,1,0.819516,0.836437,0.367397,0.706963,0.794476,0.737445,0.785659,0.793515,0.827976,0.751622,0.216808,0.421702,0.545588,0.667011,0.752741,0.644914,0.761072,0.729792,0.679403,0.74889,0.756676,0.458725,0.476802,0.439595,0.760091,0.80325,0.773903,0.744516,0.686168,0.814097,0.433088,0.675986,0.744578,0.640003,0.542037,0.527308,0.292893,0.689443,0.729371,0.593731,0.380189,0.191889,0.644908,0.76071,0.747158,0.47793,0.70511
0.92801,0.875333,0.900673,0.823158,0.731743,0.883789,0.35075,0.464189,0.696602,0.800969,0.882022,0.804332,0.944269,0.836226,0.718637,0.869363,0.912432,0.767435,0.778874,0.921632,0.901896,0.615734,0.789475,0.893174,0.54345,0.811136,0.842939,0.760547,0.12198,0.409705,0.44028,0.654619,0.881743,0.858398,0.650013,0.592564,0.356647,0.819516,1,0.838515,0.405819,0.763325,0.925728,0.874209,0.945354,0.899647,0.878617,0.794877,0.0594423,0.295605,0.705858,0.811831,0.835697,0.784208,0.898291,0.849137,0.704325,0.872109,0.911024,0.523953,0.58646,0.627531,0.832896,0.900314,0.901105,0.865163,0.777373,0.914034,0.58052,0.808802,0.83512,0.73974,0.568802,0.44984,0.520303,0.826646,0.877533,0.694516,0.574283,0.252426,0.762044,0.922641,0.851703,0.498991,0.752175
0.840594,0.838706,0.882476,0.810729,0.658922,0.842088,0.47004,0.414032,0.728004,0.733658,0.716193,0.792119,0.858031,0.850287,0.581988,0.78536,0.854309,0.777972,0.766142,0.888538,0.857157,0.518981,0.807009,0.872315,0.470997,0.691003,0.813187,0.674756,0.220246,0.352762,0.505328,0.527731,0.700514,0.71744,0.470634,0.365707,0.330863,0.836437,0.838515,1,0.291611,0.712397,0.873047,0.854386,0.893834,0.828601,0.815695,0.816356,0.125947,0.478161,0.677078,0.763694,0.789555,0.801018,0.844194,0.835639,0.683296,0.873159,0.816624,0.505651,0.521164,0.576036,0.773373,0.874969,0.825342,0.747231,0.74413,0.87663,0.424273,0.806884,0.856585,0.783965,0.671937,0.560047,0.470437,0.730518,0.775047,0.428466,0.485893,0.210173,0.657729,0.86871,0.811387,0.579553,0.74858
0.403071,0.364064,0.319351,0.24805,0.461974,0.323853,0.108185,0.142871,0.218604,0.332692,0.275829,0.220792,0.35714,0.439089,0.115911,0.292781,0.41744,0.382491,0.316299,0.38886,0.379326,0.552476,0.36397,0.417114,0.387171,0.394149,0.372264,0.42364,0.219187,0.270137,0.231341,0.33908,0.389452,0.444673,0.274353,0.406345,0.134703,0.367397,0.405819,0.291611,1,0.424095,0.391881,0.33528,0.353953,0.362804,0.356877,0.462299,0.0858269,-0.109117,0.315116,0.341848,0.313243,0.385243,0.405548,0.386002,0.202832,0.287819,0.387635,0.00302715,0.288897,0.459111,0.46982,0.491937,0.481486,0.394015,0.528549,0.413656,0.433489,0.160809,0.291938,0.393672,0.17928,0.157717,0.123715,0.208704,0.362777,0.283088,0.157631,-0.046618,0.350553,0.364473,0.492294,0.0963829,0.183573
0.735753,0.754658,0.813724,0.710164,0.584942,0.721885,0.41624,0.431808,0.534076,0.626626,0.717931,0.714122,0.78578,0.686739,0.584443,0.720424,0.762677,0.628383,0.658936,0.741804,0.773033,0.468348,0.626724,0.751156,0.412881,0.723194,0.631096,0.534246,0.053548,0.517352,0.336837,0.468216,0.730379,0.728028,0.627134,0.504375,0.317247,0.706963,0.763325,0.712397,0.424095,1,0.760383,0.706014,0.763063,0.768897,0.72532,0.698128,0.261341,0.382451,0.535749,0.628711,0.656257,0.598724,0.740001,0.699636,0.657686,0.710985,0.757806,0.404,0.587646,0.575452,0.681075,0.742235,0.754565,0.759131,0.660319,0.741385,0.518774,0.696462,0.760551,0.573625,0.558223,0.368685,0.441184,0.724148,0.757057,0.596795,0.318406,0.33029,0.660845,0.74404,0.72373,0.575745,0.588168
0.920102,0.902814,0.919161,0.811685,0.797541,0.908048,0.453755,0.474282,0.7679,0.819645,0.839343,0.787635,0.909242,0.865453,0.669929,0.837053,0.90795,0.81791,0.866644,0.90216,0.890286,0.564887,0.862348,0.907821,0.555273,0.776125,0.892026,0.72943,0.230311,0.415492,0.492977,0.644019,0.866435,0.838869,0.61952,0.561766,0.433418,0.794476,0.925728,0.873047,0.391881,0.760383,1,0.942348,0.949256,0.869236,0.884014,0.84868,0.134224,0.423689,0.76569,0.84792,0.80678,0.773865,0.887695,0.941829,0.697565,0.894108,0.905077,0.619539,0.595863,0.666764,0.847714,0.923823,0.901548,0.815422,0.773018,0.934943,0.523654,0.787448,0.861356,0.777684,0.581094,0.44114,0.60569,0.854644,0.900228,0.593253,0.53755,0.165118,0.636243,0.936401,0.861637,0.623353,0.713257
0.904485,0.887316,0.892154,0.782047,0.794326,0.870009,0.516115,0.483409,0.752627,0.801401,0.770443,0.79163,0.870732,0.891664,0.608735,0.821363,0.8804,0.858611,0.820976,0.899945,0.886041,0.532964,0.835824,0.909819,0.442513,0.752718,0.903282,0.70402,0.15262,0.40241,0.478886,0.676018,0.84958,0.790605,0.580937,0.61712,0.401348,0.737445,0.874209,0.854386,0.33528,0.706014,0.942348,1,0.929214,0.8586,0.843086,0.804745,0.123448,0.463219,0.817448,0.867074,0.811658,0.700077,0.858946,0.94309,0.728796,0.89316,0.888168,0.659944,0.555885,0.675735,0.78739,0.893341,0.850276,0.785429,0.782278,0.900254,0.557601,0.819196,0.85837,0.757978,0.596732,0.427133,0.592964,0.841369,0.872565,0.563404,0.521829,0.232099,0.603333,0.870683,0.858276,0.56023,0.723142
0.951974,0.917054,0.961505,0.883004,0.770614,0.902027,0.467999,0.479392,0.712358,0.843874,0.867702,0.843322,0.94007,0.897896,0.64094,0.879623,0.936816,0.814347,0.844642,0.939694,0.92635,0.572885,0.843907,0.940338,0.565577,0.787734,0.862351,0.768551,0.172732,0.410192,0.522747,0.660976,0.863213,0.863408,0.583815,0.560211,0.408922,0.785659,0.945354,0.893834,0.353953,0.763063,0.949256,0.929214,1,0.918133,0.906386,0.809693,0.152759,0.382502,0.789401,0.888722,0.854565,0.838951,0.938216,0.910926,0.732344,0.909382,0.942723,0.589022,0.529434,0.64995,0.834913,0.931316,0.915664,0.824511,0.806495,0.948429,0.568305,0.84014,0.872704,0.832119,0.611087,0.486978,0.544131,0.859898,0.8791,0.624005,0.559324,0.279322,0.714946,0.957146,0.883179,0.607357,0.786549
0.899745,0.866421,0.896855,0.860954,0.748404,0.897006,0.373539,0.420323,0.664446,0.814841,0.834973,0.821098,0.875515,0.86941,0.620886,0.859426,0.86746,0.765842,0.712969,0.887154,0.834934,0.465097,0.794185,0.918919,0.576461,0.789324,0.790677,0.688474,0.0908885,0.375753,0.529902,0.581812,0.824628,0.786058,0.517271,0.546032,0.232444,0.793515,0.899647,0.828601,0.362804,0.768897,0.869236,0.8586,0.918133,1,0.878371,0.724336,0.225501,0.312112,0.67544,0.829125,0.775501,0.711524,0.855507,0.788576,0.751213,0.858975,0.867353,0.591873,0.61248,0.543318,0.715517,0.866826,0.821904,0.804806,0.756156,0.881543,0.55699,0.805196,0.860301,0.718061,0.615574,0.502569,0.348271,0.820738,0.867626,0.632892,0.378445,0.258918,0.701115,0.873166,0.850255,0.45232,0.796423
0.88127,0.843316,0.849604,0.8357,0.755217,0.82683,0.452752,0.491783,0.661698,0.740955,0.806616,0.732715,0.819185,0.847322,0.682571,0.751829,0.826711,0.825247,0.758383,0.828806,0.824629,0.477361,0.774158,0.884124,0.670899,0.757487,0.806239,0.779568,0.149203,0.396825,0.56257,0.614132,0.807911,0.84618,0.603613,0.460168,0.430803,0.827976,0.878617,0.815695,0.356877,0.72532,0.884014,0.843086,0.906386,0.878371,1,0.789577,0.21295,0.352013,0.739009,0.823491,0.738509,0.709903,0.816383,0.823348,0.764811,0.794903,0.836287,0.507799,0.577815,0.595246,0.829631,0.907888,0.884394,0.818868,0.783821,0.933655,0.525711,0.698731,0.849774,0.787374,0.572225,0.563596,0.444946,0.844778,0.826599,0.607604,0.418466,0.291221,0.615211,0.87234,0.866682,0.619422,0.777382
0.804124,0.793335,0.778487,0.66382,0.720042,0.745629,0.468714,0.48354,0.639015,0.677873,0.657784,0.641727,0.769877,0.801691,0.55283,0.668855,0.793411,0.754655,0.73266,0.797602,0.801664,0.526528,0.716017,0.806124,0.532738,0.705184,0.842576,0.689321,0.396058,0.529121,0.432734,0.569024,0.735586,0.710766,0.515298,0.431557,0.420286,0.751622,0.794877,0.816356,0.462299,0.698128,0.84868,0.804745,0.809693,0.724336,0.789577,1,0.136304,0.45097,0.728676,0.707676,0.688353,0.701173,0.752413,0.83012,0.611429,0.753054,0.770731,0.513584,0.544144,0.73966,0.848042,0.875621,0.848788,0.765488,0.701892,0.874924,0.402297,0.648975,0.812885,0.75103,0.601469,0.44972,0.540705,0.647513,0.748492,0.467633,0.475003,0.0523967,0.54011,0.800191,0.780161,0.495052,0.677649
0.231025,0.318265,0.223835,0.245201,0.198106,0.15443,0.518114,0.337865,0.149578,0.267761,0.171354,0.229378,0.170121,0.280334,-0.0145734,0.280321,0.20701,0.25796,0.27872,0.184617,0.249155,-0.037433,0.17124,0.238502,0.129987,0.0542453,0.00714234,0.0664417,-0.0711898,0.423045,0.39117,0.125934,0.246655,0.126163,0.0186014,0.0680441,0.162659,0.216808,0.0594423,0.125947,0.0858269,0.261341,0.134224,0.123448,0.152759,0.225501,0.21295,0.136304,1,0.310684,0.206268,0.215696,0.225599,0.106015,0.225911,0.13847,0.359276,0.201033,0.259424,0.341064,-0.0142442,0.0129823,0.0642484,0.109987,0.222194,0.224466,0.176178,0.195592,0.146493,0.193936,0.124235,0.0956543,0.0501083,0.157542,-0.128891,0.229703,0.257811,0.022876,-0.202657,0.253121,0.00767725,0.130765,0.150649,0.117695,0.205548
0.407407,0.530359,0.36249,0.246418,0.175077,0.397288,0.41165,0.326599,0.434707,0.191894,0.265881,0.375463,0.351173,0.364115,0.351089,0.448085,0.361723,0.400589,0.487012,0.450426,0.439384,0.151434,0.403743,0.446947,-0.0366745,0.222565,0.438216,0.135622,-0.0109262,0.229178,0.0927059,0.251468,0.34405,0.17264,0.323487,0.114788,0.134169,0.421702,0.295605,0.478161,-0.109117,0.382451,0.423689,0.463219,0.382502,0.312112,0.352013,0.45097,0.310684,1,0.413063,0.355097,0.414839,0.210438,0.330199,0.458511,0.429476,0.460935,0.395497,0.570151,0.0802104,0.178235,0.24267,0.355541,0.285811,0.354884,0.195154,0.400009,0.0807251,0.494648,0.374497,0.347587,0.394509,0.309433,0.231233,0.281641,0.419249,-0.0301317,0.141505,0.104669,0.267669,0.318264,0.365606,0.272853,0.347914
0.763798,0.735002,0.72421,0.588221,0.728808,0.684172,0.55425,0.592687,0.544076,0.679471,0.653692,0.676656,0.703246,0.740461,0.402509,0.666876,0.752804,0.759032,0.747461,0.745995,0.773275,0.446152,0.766866,0.752928,0.503644,0.584262,0.840734,0.558117,0.151047,0.372334,0.424152,0.607855,0.744171,0.700783,0.434944,0.619952,0.48793,0.545588,0.705858,0.677078,0.315116,0.535749,0.76569,0.817448,0.789401,0.67544,0.739009,0.728676,0.206268,0.413063,1,0.765603,0.763222,0.607948,0.726446,0.772914,0.582023,0.739053,0.76995,0.561423,0.404631,0.695716,0.730169,0.760145,0.77332,0.667319,0.662669,0.773567,0.466022,0.590907,0.777213,0.67856,0.492896,0.323913,0.534955,0.740093,0.726713,0.455586,0.485255,0.22158,0.489612,0.748402,0.67006,0.538289,0.714953
0.840165,0.795956,0.840315,0.784715,0.825504,0.828472,0.567214,0.455601,0.716644,0.823249,0.815547,0.780819,0.846371,0.827635,0.527826,0.798796,0.876857,0.778359,0.828416,0.858786,0.833727,0.480324,0.813022,0.890595,0.576773,0.649858,0.783643,0.74542,0.152092,0.34332,0.554641,0.634613,0.777116,0.760269,0.522363,0.486697,0.368671,0.667011,0.811831,0.763694,0.341848,0.628711,0.84792,0.867074,0.888722,0.829125,0.823491,0.707676,0.215696,0.355097,0.765603,1,0.825798,0.712274,0.870211,0.86236,0.658618,0.818278,0.922227,0.544035,0.468937,0.61869,0.772265,0.847044,0.822578,0.685986,0.740496,0.847845,0.524756,0.745839,0.767724,0.821671,0.561947,0.448096,0.530978,0.785573,0.8492,0.536184,0.522909,0.236413,0.560179,0.873212,0.81138,0.535092,0.71062
0.856436,0.813972,0.846932,0.709303,0.632572,0.763364,0.512416,0.439939,0.695768,0.746356,0.808594,0.839038,0.89639,0.774288,0.461619,0.87962,0.877784,0.695294,0.82138,0.852208,0.882173,0.584049,0.771831,0.838438,0.421495,0.650552,0.774634,0.548867,0.0480785,0.39735,0.483302,0.616131,0.709459,0.702528,0.473581,0.490486,0.371082,0.752741,0.835697,0.789555,0.313243,0.656257,0.80678,0.811658,0.854565,0.775501,0.738509,0.688353,0.225599,0.414839,0.763222,0.825798,1,0.719017,0.903819,0.779007,0.584899,0.878188,0.91106,0.553844,0.357002,0.562018,0.766015,0.783435,0.787051,0.696263,0.68229,0.798501,0.516246,0.737668,0.809369,0.696961,0.510103,0.306121,0.447401,0.719335,0.840216,0.544774,0.496882,0.337657,0.722117,0.849504,0.675694,0.458485,0.756432
