1,0.737465,0.955528,0.849213,0.852259,0.752558,0.370831,0.668628,0.709004,0.736303,0.822274,0.819884,0.884198,0.758758,0.677196,0.728866,0.922038,0.82932,0.786389,0.853319,0.884375,0.772787,0.842685,0.88524,0.640832,0.637942,0.863347,0.754139,0.468838,0.389673,0.622197,0.439229,0.838238,0.855712,0.740448,0.617537,0.51717,0.739559,0.881256,0.82544,0.602018,0.576945,0.910211,0.731668,0.953257,0.848758,0.856297,0.856519,0.697983,0.738043,0.725912,0.712071,0.751851,0.775148,0.816816,0.78282,0.790172,0.719067,0.857381,0.22911,0.556502,0.63846,0.8274,0.887424,0.894658,0.860419,0.761128,0.899131,0.552692,0.730841,0.78049,0.771293,0.228929,0.633925,0.720259,0.823867,0.799621,0.739114,0.679268,0.516972,0.687554,0.866429,0.835423,0.474138,0.529589
0.737465,1,0.651326,0.71091,0.784789,0.666548,0.225384,0.627614,0.698845,0.563885,0.764271,0.727728,0.830644,0.908963,0.77085,0.876924,0.750332,0.68331,0.494202,0.64585,0.644245,0.482592,0.707002,0.786994,0.350466,0.362236,0.622717,0.47254,0.276593,0.232263,0.532297,0.096645,0.491516,0.66489,0.464266,0.499143,0.341564,0.4252,0.642129,0.594007,0.356553,0.35624,0.76251,0.960397,0.677869,0.621611,0.700058,0.751816,0.537615,0.746266,0.627086,0.478392,0.660721,0.704573,0.860012,0.907303,0.705562,0.745331,0.751543,0.142798,0.525623,0.377391,0.53568,0.637267,0.680629,0.707859,0.574906,0.786801,0.381026,0.383851,0.599045,0.674314,0.215874,0.518653,0.601,0.676713,0.539229,0.367401,0.548241,0.258214,0.539413,0.674031,0.569579,0.193063,0.432769
0.955528,0.651326,1,0.858599,0.840037,0.759813,0.348884,0.670674,0.712963,0.758864,0.802242,0.792128,0.867433,0.693626,0.586981,0.708959,0.923831,0.827964,0.814375,0.881664,0.921366,0.843466,0.866236,0.869863,0.692221,0.701114,0.880782,0.720896,0.451739,0.409722,0.659066,0.471906,0.855095,0.860114,0.785767,0.648815,0.512783,0.725731,0.912077,0.860551,0.621439,0.684267,0.927452,0.67226,0.967129,0.868298,0.854298,0.841463,0.664393,0.68054,0.736758,0.7557,0.77325,0.758722,0.814779,0.722288,0.794504,0.742257,0.902097,0.232118,0.532213,0.681754,0.896009,0.905328,0.938034,0.873064,0.795391,0.880309,0.584189,0.719798,0.794537,0.79464,0.248239,0.645671,0.78749,0.857118,0.843205,0.772528,0.654924,0.47952,0.657835,0.900318,0.853687,0.455314,0.617811
0.849213,0.71091,0.858599,1,0.852652,0.737277,0.379853,0.608435,0.734215,0.699265,0.814992,0.789254,0.867776,0.801727,0.587711,0.719125,0.842417,0.725048,0.762666,0.804259,0.824662,0.674199,0.753675,0.839785,0.518731,0.523647,0.793543,0.63529,0.452474,0.264806,0.723617,0.416019,0.730684,0.800118,0.68697,0.545353,0.449359,0.639928,0.834782,0.801317,0.581405,0.479501,0.84383,0.707158,0.877728,0.828971,0.816851,0.776122,0.700232,0.686788,0.640616,0.668787,0.712557,0.811054,0.833853,0.751095,0.726845,0.682146,0.781862,0.181134,0.459887,0.422225,0.754146,0.804995,0.872224,0.779608,0.701251,0.835367,0.369304,0.588263,0.733212,0.803667,0.3379,0.590149,0.733738,0.778026,0.725262,0.650371,0.633945,0.396626,0.660438,0.842871,0.757573,0.28965,0.533825
0.852259,0.784789,0.840037,0.852652,1,0.851976,0.241866,0.641411,0.664261,0.622738,0.761375,0.783004,0.854311,0.835194,0.639777,0.783964,0.832505,0.770292,0.670943,0.822651,0.824414,0.72602,0.781025,0.885619,0.573137,0.591573,0.812704,0.576861,0.377337,0.352061,0.659947,0.258613,0.72636,0.808782,0.670907,0.53172,0.42461,0.666457,0.796821,0.808748,0.545269,0.557388,0.872275,0.78815,0.830951,0.780209,0.847984,0.889836,0.715776,0.714619,0.657686,0.65949,0.672853,0.725965,0.832443,0.821961,0.811351,0.776024,0.827575,0.125816,0.589784,0.538479,0.727514,0.748338,0.831941,0.821665,0.679365,0.871033,0.484427,0.614835,0.77125,0.756164,0.29683,0.61289,0.806043,0.799041,0.770202,0.650705,0.682831,0.477709,0.585449,0.848027,0.720963,0.264058,0.550402
0.752558,0.666548,0.759813,0.737277,0.851976,1,0.0646484,0.621742,0.640509,0.642218,0.738339,0.758989,0.804946,0.71711,0.670257,0.749613,0.714692,0.760903,0.583724,0.786888,0.772871,0.571799,0.683838,0.841396,0.598469,0.565057,0.739319,0.44446,0.187699,0.407297,0.500996,0.0855218,0.685604,0.740517,0.580157,0.367977,0.261463,0.648793,0.746183,0.754474,0.397172,0.563717,0.795223,0.641356,0.742608,0.665675,0.724834,0.730297,0.498307,0.634798,0.658871,0.687475,0.722526,0.544731,0.718226,0.678949,0.745964,0.741124,0.751942,0.21447,0.568243,0.620903,0.716287,0.734492,0.74325,0.767221,0.681717,0.79045,0.41575,0.545888,0.649818,0.737504,0.0851623,0.53085,0.791297,0.745106,0.672589,0.528459,0.655219,0.514589,0.621989,0.74667,0.619943,0.168186,0.553026
0.370831,0.225384,0.348884,0.379853,0.241866,0.0646484,1,0.290677,0.217663,0.212968,0.32927,0.219522,0.311616,0.256248,0.206501,0.223152,0.373909,0.31695,0.428542,0.352424,0.383739,0.446659,0.390344,0.306086,0.332352,0.251362,0.386864,0.484285,0.34682,0.105328,0.357846,0.656765,0.401823,0.350031,0.242646,0.43923,0.343633,0.234819,0.291292,0.338025,0.17799,0.243933,0.363172,0.286953,0.347361,0.386484,0.253756,0.287663,0.548374,0.153348,0.378239,0.328744,0.174468,0.37004,0.396896,0.198308,0.264238,0.274159,0.323732,0.165614,0.200234,0.12441,0.312625,0.367182,0.402813,0.384657,0.283382,0.311709,0.281428,0.462294,0.312923,0.384756,0.377773,0.332774,0.12372,0.282912,0.354498,0.386972,0.0852955,0.04795,0.296913,0.321701,0.317139,0.306075,0.251852
0.668628,0.627614,0.670674,0.608435,0.641411,0.621742,0.290677,1,0.429663,0.540968,0.604387,0.56144,0.716826,0.712411,0.535864,0.627556,0.673363,0.540958,0.585718,0.70731,0.71616,0.477311,0.74879,0.727149,0.559702,0.55817,0.705935,0.424881,0.372948,0.478837,0.510563,0.324195,0.675304,0.627604,0.517671,0.473378,0.458813,0.54045,0.774931,0.646606,0.413038,0.509855,0.749331,0.661024,0.706615,0.658269,0.685465,0.626261,0.446992,0.701424,0.55587,0.603283,0.644635,0.596529,0.667766,0.666465,0.696706,0.587794,0.639984,0.163821,0.305485,0.429716,0.621201,0.681728,0.737975,0.633195,0.537797,0.785216,0.429683,0.493653,0.802248,0.765433,0.184493,0.454074,0.580332,0.620593,0.652377,0.494031,0.436529,0.369924,0.592564,0.68336,0.72423,0.493735,0.314953
0.709004,0.698845,0.712963,0.734215,0.664261,0.640509,0.217663,0.429663,1,0.561531,0.631677,0.798984,0.77614,0.691,0.750841,0.732587,0.724196,0.813842,0.634094,0.644966,0.666243,0.443177,0.63474,0.770355,0.291872,0.297907,0.595003,0.539993,0.27512,0.0737989,0.429721,0.115738,0.480928,0.620007,0.410721,0.374512,0.177706,0.384085,0.657838,0.506073,0.339477,0.422844,0.724904,0.716534,0.677409,0.614488,0.663574,0.625927,0.455165,0.468373,0.538361,0.49278,0.555181,0.563524,0.685475,0.658733,0.588667,0.655105,0.709266,0.0883166,0.564058,0.369867,0.630444,0.649108,0.678386,0.769615,0.710647,0.72726,0.421299,0.371333,0.44104,0.618521,0.0624372,0.494303,0.6226,0.598836,0.422791,0.402315,0.631895,0.311148,0.447425,0.583389,0.431089,0.128426,0.623907
0.736303,0.563885,0.758864,0.699265,0.622738,0.642218,0.212968,0.540968,0.561531,1,0.881736,0.695016,0.777411,0.635065,0.445613,0.669752,0.760088,0.61517,0.664517,0.785198,0.766557,0.669161,0.621195,0.727388,0.54284,0.639021,0.796687,0.51156,0.430403,0.544628,0.44941,0.346039,0.685367,0.724222,0.771479,0.443061,0.328277,0.700449,0.81602,0.681893,0.611117,0.437934,0.724928,0.569665,0.762574,0.70035,0.685081,0.596884,0.40963,0.501805,0.676732,0.846124,0.868817,0.696719,0.740798,0.635678,0.655669,0.65702,0.761149,0.308106,0.522291,0.459383,0.742824,0.827018,0.805472,0.692092,0.581736,0.718998,0.544894,0.576761,0.695758,0.711289,0.200742,0.562153,0.68637,0.852772,0.78322,0.675936,0.602507,0.230548,0.66186,0.770197,0.692051,0.432652,0.465639
0.822274,0.764271,0.802242,0.814992,0.761375,0.738339,0.32927,0.604387,0.631677,0.881736,1,0.799929,0.88302,0.773409,0.609885,0.79826,0.809796,0.668446,0.682682,0.827779,0.796604,0.704823,0.684356,0.819389,0.582081,0.593685,0.761022,0.55866,0.362515,0.410558,0.554755,0.374833,0.705276,0.775518,0.672946,0.519968,0.331864,0.679966,0.79609,0.758211,0.560412,0.447788,0.818901,0.750648,0.827641,0.755828,0.715447,0.731461,0.565256,0.660707,0.771664,0.807144,0.866024,0.780885,0.879207,0.777214,0.765946,0.751934,0.846709,0.294652,0.551665,0.505865,0.77574,0.874727,0.859193,0.795505,0.624038,0.808361,0.476661,0.592577,0.739338,0.758034,0.295031,0.594758,0.714899,0.886601,0.741153,0.663436,0.610988,0.29625,0.688877,0.805232,0.724076,0.299006,0.491338
0.819884,0.727728,0.792128,0.789254,0.783004,0.758989,0.219522,0.56144,0.798984,0.695016,0.799929,1,0.89114,0.748112,0.671393,0.746455,0.804385,0.727767,0.650826,0.758337,0.754162,0.580683,0.639992,0.813348,0.458957,0.430891,0.69654,0.525086,0.326008,0.25511,0.534342,0.286,0.643997,0.717515,0.582269,0.443299,0.236682,0.555683,0.764442,0.650501,0.447891,0.477508,0.808896,0.685934,0.787266,0.673755,0.734262,0.721528,0.532847,0.5802,0.629221,0.657553,0.646625,0.695434,0.786214,0.723302,0.636904,0.648529,0.793169,0.105491,0.667525,0.487008,0.726521,0.791684,0.800294,0.772737,0.700481,0.80929,0.452558,0.503304,0.641938,0.646727,0.23168,0.531596,0.719782,0.755494,0.561221,0.551725,0.661748,0.474844,0.563059,0.698601,0.660045,0.190448,0.531617
0.884198,0.830644,0.867433,0.867776,0.854311,0.804946,0.311616,0.716826,0.77614,0.777411,0.88302,0.89114,1,0.853459,0.740526,0.84497,0.919832,0.798031,0.700029,0.859668,0.845095,0.680579,0.797775,0.88913,0.546808,0.602721,0.820123,0.608054,0.336812,0.344418,0.604573,0.301412,0.727786,0.812729,0.657981,0.590714,0.343384,0.645354,0.855663,0.765987,0.529423,0.555375,0.91662,0.817807,0.882242,0.805067,0.818356,0.795435,0.625989,0.706251,0.747529,0.760989,0.805191,0.807635,0.92148,0.830283,0.776543,0.804881,0.890648,0.149896,0.595329,0.581921,0.749439,0.854866,0.896202,0.854445,0.732208,0.903355,0.489755,0.541476,0.750179,0.800582,0.288781,0.576673,0.764171,0.837668,0.738983,0.647748,0.638946,0.450733,0.697586,0.827458,0.718884,0.30394,0.605848
0.758758,0.908963,0.693626,0.801727,0.835194,0.71711,0.256248,0.712411,0.691,0.635065,0.773409,0.748112,0.853459,1,0.716317,0.868146,0.793081,0.66731,0.598299,0.689282,0.746892,0.519927,0.71857,0.807998,0.410945,0.400916,0.729677,0.496075,0.39144,0.344503,0.630779,0.16964,0.580998,0.688758,0.610278,0.48754,0.421703,0.502517,0.753583,0.681229,0.507736,0.485424,0.807493,0.897652,0.726043,0.737083,0.833961,0.808324,0.652245,0.713144,0.647682,0.599942,0.691093,0.655445,0.810073,0.937968,0.762023,0.763739,0.725624,0.152403,0.546714,0.378544,0.588809,0.701028,0.767584,0.74416,0.549395,0.831898,0.354445,0.469067,0.746116,0.747627,0.185466,0.579267,0.683095,0.712756,0.644409,0.485547,0.565226,0.292141,0.663401,0.729057,0.643642,0.285831,0.397364
0.677196,0.77085,0.586981,0.587711,0.639777,0.670257,0.206501,0.535864,0.750841,0.445613,0.609885,0.671393,0.740526,0.716317,1,0.761529,0.644538,0.733221,0.463641,0.546416,0.551674,0.33537,0.638506,0.717057,0.307819,0.269576,0.508933,0.555434,0.158964,0.185782,0.395485,0.0974398,0.419631,0.531097,0.312954,0.301484,0.141614,0.376051,0.533105,0.474452,0.268944,0.351683,0.679543,0.751396,0.593179,0.505297,0.602545,0.586654,0.526391,0.529564,0.660759,0.452752,0.565629,0.425512,0.651193,0.689053,0.651234,0.661424,0.651163,0.0589185,0.572435,0.503499,0.469771,0.562194,0.547003,0.639478,0.570672,0.710665,0.319979,0.384773,0.399432,0.547255,0.107199,0.524389,0.446497,0.450554,0.376685,0.371372,0.47682,0.340918,0.486929,0.452055,0.322617,0.126324,0.45001
0.728866,0.876924,0.708959,0.719125,0.783964,0.749613,0.223152,0.627556,0.732587,0.669752,0.79826,0.746455,0.84497,0.868146,0.761529,1,0.805439,0.702327,0.568689,0.690025,0.729298,0.583516,0.650164,0.788476,0.427829,0.423165,0.686275,0.477892,0.259726,0.32895,0.531418,0.169717,0.589758,0.730062,0.59397,0.391068,0.218037,0.540951,0.697137,0.671375,0.424714,0.537179,0.788363,0.885542,0.682875,0.650823,0.747514,0.732539,0.568116,0.594448,0.709511,0.635431,0.775342,0.596421,0.84894,0.84336,0.768099,0.930487,0.808994,0.111072,0.670793,0.459087,0.611048,0.754106,0.760503,0.749885,0.542482,0.76216,0.469033,0.478831,0.628048,0.709086,0.155939,0.496632,0.726002,0.722782,0.633568,0.5335,0.527336,0.123255,0.657996,0.733438,0.555406,0.229656,0.560689
0.922038,0.750332,0.923831,0.842417,0.832505,0.714692,0.373909,0.673363,0.724196,0.760088,0.809796,0.804385,0.919832,0.793081,0.644538,0.805439,1,0.75947,0.798597,0.846589,0.902088,0.805642,0.83448,0.847786,0.543,0.686205,0.863202,0.75131,0.437539,0.406463,0.642443,0.409654,0.782897,0.856267,0.764714,0.65252,0.447663,0.707431,0.896438,0.820577,0.630674,0.673438,0.929766,0.77248,0.926264,0.87538,0.893161,0.840329,0.696303,0.686346,0.730602,0.777429,0.808862,0.77243,0.86074,0.802554,0.783468,0.811585,0.91063,0.117932,0.581279,0.650392,0.788898,0.909908,0.924221,0.848039,0.7437,0.886786,0.55278,0.66179,0.804087,0.789498,0.292795,0.619833,0.76458,0.833615,0.844917,0.785516,0.634248,0.334694,0.736685,0.887533,0.814258,0.458008,0.621845
0.82932,0.68331,0.827964,0.725048,0.770292,0.760903,0.31695,0.540958,0.813842,0.61517,0.668446,0.727767,0.798031,0.66731,0.733221,0.702327,0.75947,1,0.637547,0.791314,0.78295,0.6114,0.818492,0.847878,0.593975,0.46856,0.753933,0.60459,0.318201,0.293021,0.5101,0.236792,0.708259,0.765754,0.550882,0.55718,0.36992,0.522385,0.713883,0.672811,0.287563,0.550984,0.829974,0.716025,0.78248,0.721515,0.734621,0.742487,0.536139,0.548334,0.66266,0.572475,0.614115,0.621336,0.753895,0.659911,0.664578,0.729682,0.78041,0.248123,0.616185,0.563341,0.717221,0.694895,0.752887,0.816426,0.777223,0.805347,0.511544,0.591783,0.527845,0.704912,0.182426,0.538791,0.693,0.723019,0.635845,0.496834,0.68613,0.514244,0.551207,0.727424,0.575154,0.321218,0.677594
0.786389,0.494202,0.814375,0.762666,0.670943,0.583724,0.428542,0.585718,0.634094,0.664517,0.682682,0.650826,0.700029,0.598299,0.463641,0.568689,0.798597,0.637547,1,0.821342,0.882795,0.683356,0.717753,0.757792,0.497445,0.623904,0.789291,0.742138,0.498751,0.296508,0.626453,0.453765,0.732785,0.735896,0.596085,0.580123,0.4852,0.701751,0.84654,0.736153,0.647027,0.584708,0.831667,0.542331,0.861226,0.859958,0.752948,0.745715,0.607682,0.500777,0.539257,0.714956,0.659501,0.688831,0.661394,0.546251,0.704928,0.579872,0.733541,0.142455,0.382124,0.443388,0.878565,0.865852,0.856715,0.804358,0.725412,0.804391,0.532602,0.757205,0.778624,0.762335,0.299631,0.62937,0.711979,0.731972,0.700394,0.748021,0.690104,0.344525,0.600026,0.821047,0.732346,0.477641,0.61714
0.853319,0.64585,0.881664,0.804259,0.822651,0.786888,0.352424,0.70731,0.644966,0.785198,0.827779,0.758337,0.859668,0.689282,0.546416,0.690025,0.846589,0.791314,0.821342,1,0.927959,0.7559,0.838386,0.914777,0.675559,0.724598,0.896248,0.652781,0.365419,0.458944,0.570449,0.336036,0.827766,0.873865,0.641372,0.646343,0.453537,0.72256,0.892562,0.799003,0.485891,0.622313,0.894018,0.698228,0.891128,0.85488,0.795376,0.822236,0.581856,0.668388,0.698853,0.782568,0.792255,0.783523,0.839434,0.660699,0.812549,0.754018,0.840269,0.277663,0.543081,0.586343,0.872361,0.869101,0.914068,0.84121,0.819965,0.917496,0.554125,0.727677,0.835393,0.82408,0.372066,0.549751,0.840978,0.901015,0.828473,0.772612,0.722927,0.478327,0.649621,0.905264,0.783984,0.366554,0.70787
0.884375,0.644245,0.921366,0.824662,0.824414,0.772871,0.383739,0.71616,0.666243,0.766557,0.796604,0.754162,0.845095,0.746892,0.551674,0.729298,0.902088,0.78295,0.882795,0.927959,1,0.795189,0.855872,0.88124,0.683985,0.68608,0.928177,0.721127,0.416363,0.490847,0.675571,0.436569,0.837752,0.883025,0.767787,0.670319,0.558967,0.71784,0.91836,0.870721,0.552894,0.761997,0.92676,0.68934,0.924563,0.897756,0.867871,0.885682,0.677535,0.651508,0.730925,0.799353,0.784525,0.737008,0.805151,0.6975,0.837687,0.779205,0.849711,0.28308,0.570861,0.650616,0.895206,0.914184,0.951836,0.879703,0.785188,0.895911,0.588076,0.735669,0.863041,0.847044,0.262276,0.598662,0.822886,0.870455,0.861086,0.797165,0.724068,0.446994,0.70449,0.927617,0.83457,0.474614,0.692607
0.772787,0.482592,0.843466,0.674199,0.72602,0.571799,0.446659,0.477311,0.443177,0.669161,0.704823,0.580683,0.680579,0.519927,0.33537,0.583516,0.805642,0.6114,0.683356,0.7559,0.795189,1,0.693784,0.666149,0.600891,0.698508,0.78627,0.616907,0.406177,0.384561,0.632592,0.535581,0.803468,0.745607,0.775656,0.639494,0.415448,0.723409,0.743819,0.773364,0.634941,0.641328,0.791047,0.536808,0.800646,0.775091,0.717693,0.76146,0.661919,0.475112,0.666004,0.746006,0.706715,0.638701,0.709165,0.571236,0.689738,0.691941,0.800322,0.150105,0.504912,0.612421,0.776544,0.78381,0.799234,0.760119,0.558035,0.675351,0.5684,0.747748,0.734111,0.663971,0.37558,0.637004,0.706871,0.803928,0.88237,0.796959,0.459316,0.298923,0.578577,0.815753,0.757672,0.461118,0.503506
0.842685,0.707002,0.866236,0.753675,0.781025,0.683838,0.390344,0.74879,0.63474,0.621195,0.684356,0.639992,0.797775,0.71857,0.638506,0.650164,0.83448,0.818492,0.717753,0.838386,0.855872,0.693784,1,0.8458,0.635212,0.669209,0.840479,0.724984,0.374253,0.420312,0.629355,0.341977,0.70363,0.810614,0.628949,0.65311,0.587801,0.553895,0.813491,0.765651,0.443802,0.645339,0.878961,0.751048,0.875671,0.823904,0.82357,0.814698,0.634275,0.751245,0.713912,0.60308,0.662088,0.699418,0.797623,0.73343,0.750666,0.700671,0.822174,0.242361,0.437624,0.62488,0.756411,0.77111,0.84423,0.782687,0.83303,0.894018,0.497117,0.624202,0.746458,0.827613,0.294918,0.604436,0.710295,0.765056,0.772064,0.611998,0.630381,0.461072,0.557593,0.819375,0.753324,0.411664,0.631413
0.88524,0.786994,0.869863,0.839785,0.885619,0.841396,0.306086,0.727149,0.770355,0.727388,0.819389,0.813348,0.88913,0.807998,0.717057,0.788476,0.847786,0.847878,0.757792,0.914777,0.88124,0.666149,0.8458,1,0.648405,0.66332,0.874435,0.618757,0.438048,0.448772,0.60433,0.294596,0.773363,0.876694,0.61372,0.574976,0.393132,0.679662,0.876073,0.820576,0.484967,0.562464,0.888326,0.823337,0.866733,0.779686,0.843876,0.841501,0.643884,0.727355,0.733724,0.694391,0.776845,0.765404,0.844354,0.759397,0.837086,0.780458,0.836824,0.227367,0.562044,0.591931,0.806129,0.839339,0.872821,0.86785,0.804221,0.939356,0.479767,0.672158,0.778451,0.827037,0.284904,0.599597,0.818735,0.864475,0.763265,0.650442,0.761859,0.452479,0.663813,0.872113,0.724626,0.368167,0.662446
0.640832,0.350466,0.692221,0.518731,0.573137,0.598469,0.332352,0.559702,0.291872,0.54284,0.582081,0.458957,0.546808,0.410945,0.307819,0.427829,0.543,0.593975,0.497445,0.675559,0.683985,0.600891,0.635212,0.648405,1,0.610173,0.669198,0.375453,0.281916,0.414534,0.420675,0.466343,0.683025,0.610939,0.526431,0.518634,0.365351,0.573365,0.609319,0.66389,0.343756,0.573534,0.614225,0.37869,0.64134,0.52007,0.512472,0.569947,0.455481,0.441884,0.645394,0.502426,0.537859,0.502957,0.542934,0.403568,0.58333,0.543407,0.59772,0.316052,0.342464,0.643885,0.672963,0.628991,0.676567,0.576403,0.473149,0.619318,0.534102,0.585265,0.59563,0.593889,0.0922747,0.357179,0.585138,0.705685,0.678415,0.602699,0.42432,0.451405,0.589817,0.681076,0.607399,0.46571,0.450826
0.637942,0.362236,0.701114,0.523647,0.591573,0.565057,0.251362,0.55817,0.297907,0.639021,0.593685,0.430891,0.602721,0.400916,0.269576,0.423165,0.686205,0.46856,0.623904,0.724598,0.68608,0.698508,0.669209,0.66332,0.610173,1,0.722774,0.574771,0.329844,0.548783,0.353704,0.340908,0.634362,0.682616,0.600284,0.558842,0.386398,0.703663,0.729437,0.75791,0.580116,0.553911,0.666528,0.445601,0.708073,0.627696,0.610396,0.539415,0.454575,0.528794,0.593465,0.735174,0.721312,0.580825,0.580327,0.460737,0.681619,0.552643,0.729774,0.218348,0.17782,0.682377,0.709101,0.737298,0.70072,0.64066,0.577607,0.666334,0.420826,0.571997,0.699613,0.688139,0.241654,0.50534,0.645494,0.706113,0.807876,0.680844,0.476983,0.249612,0.521888,0.751721,0.666526,0.472821,0.488129
0.863347,0.622717,0.880782,0.793543,0.812704,0.739319,0.386864,0.705935,0.595003,0.796687,0.761022,0.69654,0.820123,0.729677,0.508933,0.686275,0.863202,0.753933,0.789291,0.896248,0.928177,0.78627,0.840479,0.874435,0.669198,0.722774,1,0.65048,0.507834,0.550832,0.649106,0.418299,0.831967,0.868394,0.814723,0.592063,0.569042,0.742239,0.902242,0.840936,0.586125,0.646928,0.853967,0.658331,0.866727,0.819185,0.856986,0.827281,0.662362,0.636658,0.715026,0.786161,0.770755,0.731568,0.780418,0.686369,0.790399,0.747311,0.781419,0.270222,0.530036,0.609498,0.808525,0.840426,0.885924,0.795285,0.721256,0.85843,0.594843,0.709997,0.845548,0.816513,0.258338,0.594721,0.799064,0.863375,0.89733,0.775894,0.644081,0.447275,0.694052,0.899894,0.795435,0.532511,0.599335
0.754139,0.47254,0.720896,0.63529,0.576861,0.44446,0.484285,0.424881,0.539993,0.51156,0.55866,0.525086,0.608054,0.496075,0.555434,0.477892,0.75131,0.60459,0.742138,0.652781,0.721127,0.616907,0.724984,0.618757,0.375453,0.574771,0.65048,1,0.24204,0.334799,0.446716,0.391041,0.545113,0.696042,0.541664,0.578254,0.502127,0.513715,0.678515,0.624735,0.415616,0.526021,0.6975,0.519336,0.756704,0.701691,0.661414,0.649615,0.673753,0.549056,0.612008,0.54501,0.557642,0.562512,0.607671,0.522273,0.630935,0.54099,0.675304,0.180713,0.419067,0.577537,0.655527,0.699522,0.691994,0.675793,0.721826,0.68715,0.419841,0.604968,0.58597,0.618188,0.255657,0.45517,0.469374,0.519075,0.635387,0.700966,0.481211,0.297984,0.500642,0.646783,0.579735,0.314605,0.558858
0.468838,0.276593,0.451739,0.452474,0.377337,0.187699,0.34682,0.372948,0.27512,0.430403,0.362515,0.326008,0.336812,0.39144,0.158964,0.259726,0.437539,0.318201,0.498751,0.365419,0.416363,0.406177,0.374253,0.438048,0.281916,0.329844,0.507834,0.24204,1,0.394295,0.47738,0.508116,0.544483,0.404174,0.480682,0.306401,0.279388,0.500893,0.522097,0.508119,0.594617,0.13217,0.408641,0.307589,0.460785,0.450194,0.521,0.363593,0.364525,0.2491,0.246517,0.407233,0.353289,0.438974,0.307773,0.345844,0.301664,0.175425,0.332964,0.0526421,0.10453,0.105989,0.414076,0.462903,0.454043,0.330076,0.281182,0.401424,0.244646,0.499317,0.455116,0.327709,0.387054,0.569299,0.317657,0.44279,0.464812,0.340755,0.356537,-0.044119,0.457189,0.465644,0.554226,0.587527,0.0354278
0.389673,0.232263,0.409722,0.264806,0.352061,0.407297,0.105328,0.478837,0.0737989,0.544628,0.410558,0.25511,0.344418,0.344503,0.185782,0.32895,0.406463,0.293021,0.296508,0.458944,0.490847,0.384561,0.420312,0.448772,0.414534,0.548783,0.550832,0.334799,0.394295,1,0.193414,0.267819,0.481541,0.535543,0.573132,0.344366,0.299914,0.40683,0.519908,0.58587,0.259303,0.333829,0.377153,0.30406,0.393121,0.326523,0.442883,0.354388,0.21811,0.381428,0.543743,0.540011,0.574332,0.289281,0.326452,0.306949,0.499301,0.393446,0.399011,0.346128,0.30025,0.534131,0.380494,0.474454,0.443485,0.332642,0.374623,0.354442,0.179189,0.359107,0.490736,0.344902,0.238204,0.321571,0.331613,0.460623,0.606312,0.429515,0.31689,0.028131,0.419834,0.458795,0.495196,0.416003,0.214758
0.622197,0.532297,0.659066,0.723617,0.659947,0.500996,0.357846,0.510563,0.429721,0.44941,0.554755,0.534342,0.604573,0.630779,0.395485,0.531418,0.642443,0.5101,0.626453,0.570449,0.675571,0.632592,0.629355,0.60433,0.420675,0.353704,0.649106,0.446716,0.47738,0.193414,1,0.448504,0.572375,0.583718,0.62304,0.543373,0.452012,0.461999,0.672614,0.673999,0.5289,0.505069,0.670772,0.511189,0.669867,0.643853,0.679782,0.725598,0.685961,0.488729,0.520064,0.500519,0.468502,0.594309,0.609719,0.570622,0.562004,0.5075,0.579295,0.102391,0.314489,0.375559,0.627043,0.600754,0.713968,0.578691,0.471558,0.635139,0.246725,0.607222,0.683134,0.608228,0.400541,0.517408,0.611123,0.611428,0.591972,0.508953,0.436382,0.364723,0.517404,0.683347,0.643557,0.355326,0.410377
0.439229,0.096645,0.471906,0.416019,0.258613,0.0855218,0.656765,0.324195,0.115738,0.346039,0.374833,0.286,0.301412,0.16964,0.0974398,0.169717,0.409654,0.236792,0.453765,0.336036,0.436569,0.535581,0.341977,0.294596,0.466343,0.340908,0.418299,0.391041,0.508116,0.267819,0.448504,1,0.589363,0.431925,0.495358,0.398221,0.347478,0.481576,0.401569,0.528681,0.345067,0.322523,0.369914,0.148585,0.479669,0.391145,0.354354,0.295734,0.561043,0.203841,0.474585,0.424649,0.294326,0.463908,0.350785,0.128985,0.34734,0.183286,0.389807,0.182774,0.155075,0.305557,0.431595,0.488782,0.461154,0.287759,0.169601,0.300783,0.40851,0.53274,0.382387,0.370164,0.329595,0.358349,0.140646,0.346143,0.471609,0.508254,0.162211,0.0878709,0.408861,0.436705,0.537202,0.62567,0.157222
0.838238,0.491516,0.855095,0.730684,0.72636,0.685604,0.401823,0.675304,0.480928,0.685367,0.705276,0.643997,0.727786,0.580998,0.419631,0.589758,0.782897,0.708259,0.732785,0.827766,0.837752,0.803468,0.70363,0.773363,0.683025,0.634362,0.831967,0.545113,0.544483,0.481541,0.572375,0.589363,1,0.813293,0.742032,0.58078,0.460865,0.815019,0.835603,0.812153,0.559004,0.588227,0.813278,0.545464,0.846454,0.809073,0.775565,0.72856,0.612066,0.581159,0.643487,0.743363,0.733348,0.68624,0.695691,0.551939,0.724763,0.64296,0.729056,0.246577,0.496473,0.54082,0.797932,0.820344,0.819734,0.729971,0.581859,0.757182,0.584171,0.821921,0.775577,0.750676,0.299654,0.565913,0.696839,0.797626,0.852433,0.738567,0.54574,0.405171,0.734465,0.851877,0.839216,0.622322,0.45216
0.855712,0.66489,0.860114,0.800118,0.808782,0.740517,0.350031,0.627604,0.620007,0.724222,0.775518,0.717515,0.812729,0.688758,0.531097,0.730062,0.856267,0.765754,0.735896,0.873865,0.883025,0.745607,0.810614,0.876694,0.610939,0.682616,0.868394,0.696042,0.404174,0.535543,0.583718,0.431925,0.813293,1,0.721319,0.608884,0.37088,0.755254,0.84681,0.86981,0.412361,0.602361,0.833322,0.708057,0.872195,0.782795,0.829372,0.820845,0.671443,0.745115,0.741011,0.676246,0.758602,0.775351,0.816253,0.659081,0.799288,0.775685,0.804066,0.278291,0.532078,0.615963,0.765369,0.86,0.864998,0.778694,0.771565,0.835732,0.508989,0.71146,0.743493,0.774334,0.319411,0.472109,0.769314,0.833104,0.838052,0.725846,0.723844,0.369663,0.692162,0.926925,0.784229,0.440373,0.672396
0.740448,0.464266,0.785767,0.68697,0.670907,0.580157,0.242646,0.517671,0.410721,0.771479,0.672946,0.582269,0.657981,0.610278,0.312954,0.59397,0.764714,0.550882,0.596085,0.641372,0.767787,0.775656,0.628949,0.61372,0.526431,0.600284,0.814723,0.541664,0.480682,0.573132,0.62304,0.495358,0.742032,0.721319,1,0.470545,0.553744,0.655938,0.786658,0.783701,0.621114,0.568273,0.686264,0.469819,0.744556,0.692624,0.759944,0.69268,0.597187,0.516261,0.618602,0.764485,0.735601,0.58877,0.633608,0.621992,0.647314,0.633124,0.679456,0.283816,0.521671,0.532087,0.675787,0.740614,0.769473,0.610108,0.473176,0.606949,0.488622,0.593243,0.719874,0.641184,0.161803,0.522626,0.619816,0.733696,0.84486,0.702008,0.438065,0.263053,0.584414,0.774857,0.787177,0.529543,0.323087
0.617537,0.499143,0.648815,0.545353,0.53172,0.367977,0.43923,0.473378,0.374512,0.443061,0.519968,0.443299,0.590714,0.48754,0.301484,0.391068,0.65252,0.55718,0.580123,0.646343,0.670319,0.639494,0.65311,0.574976,0.518634,0.558842,0.592063,0.578254,0.306401,0.344366,0.543373,0.398221,0.58078,0.608884,0.470545,1,0.48934,0.386638,0.627499,0.631205,0.293145,0.524916,0.701432,0.550815,0.677339,0.637134,0.549592,0.633207,0.495848,0.47807,0.580535,0.512043,0.549305,0.663768,0.628083,0.453356,0.582445,0.449804,0.66051,0.248352,0.243027,0.590773,0.64146,0.561109,0.649309,0.644414,0.552936,0.603724,0.392247,0.491094,0.58818,0.531731,0.403929,0.45504,0.431909,0.597954,0.624493,0.543098,0.412481,0.39808,0.503468,0.657189,0.625446,0.419124,0.513504
0.51717,0.341564,0.512783,0.449359,0.42461,0.261463,0.343633,0.458813,0.177706,0.328277,0.331864,0.236682,0.343384,0.421703,0.141614,0.218037,0.447663,0.36992,0.4852,0.453537,0.558967,0.415448,0.587801,0.393132,0.365351,0.386398,0.569042,0.502127,0.279388,0.299914,0.452012,0.347478,0.460865,0.37088,0.553744,0.48934,1,0.232975,0.496374,0.474689,0.320618,0.427073,0.449001,0.363619,0.517267,0.543803,0.488205,0.538659,0.427092,0.471187,0.320886,0.387052,0.322191,0.428975,0.402339,0.438114,0.455004,0.272258,0.387068,0.461262,0.189486,0.278831,0.488346,0.39353,0.495956,0.38765,0.377625,0.462759,0.348766,0.358195,0.548933,0.545527,0.0639516,0.350341,0.319826,0.388223,0.492898,0.394431,0.227833,0.328654,0.221348,0.488497,0.621379,0.387575,0.202211
0.739559,0.4252,0.725731,0.639928,0.666457,0.648793,0.234819,0.54045,0.384085,0.700449,0.679966,0.555683,0.645354,0.502517,0.376051,0.540951,0.707431,0.522385,0.701751,0.72256,0.71784,0.723409,0.553895,0.679662,0.573365,0.703663,0.742239,0.513715,0.500893,0.40683,0.461999,0.481576,0.815019,0.755254,0.655938,0.386638,0.232975,1,0.75543,0.748853,0.657045,0.42001,0.690593,0.4399,0.764578,0.691435,0.690862,0.633268,0.56965,0.55706,0.553286,0.731444,0.719952,0.638808,0.591559,0.505973,0.704648,0.564022,0.645324,0.173118,0.350461,0.496504,0.722379,0.796762,0.712208,0.635996,0.459355,0.694411,0.569372,0.754712,0.711783,0.685149,0.202234,0.542722,0.661512,0.71874,0.805563,0.713421,0.594796,0.332734,0.731279,0.805795,0.731397,0.620417,0.342235
0.881256,0.642129,0.912077,0.834782,0.796821,0.746183,0.291292,0.774931,0.657838,0.81602,0.79609,0.764442,0.855663,0.753583,0.533105,0.697137,0.896438,0.713883,0.84654,0.892562,0.91836,0.743819,0.813491,0.876073,0.609319,0.729437,0.902242,0.678515,0.522097,0.519908,0.672614,0.401569,0.835603,0.84681,0.786658,0.627499,0.496374,0.75543,1,0.834279,0.66858,0.629674,0.892929,0.673173,0.924613,0.847755,0.876588,0.810654,0.615055,0.721125,0.677676,0.815796,0.832824,0.771616,0.779963,0.726724,0.814877,0.695622,0.824922,0.238047,0.471384,0.588126,0.883247,0.903127,0.93542,0.824387,0.744185,0.895593,0.544068,0.722071,0.899906,0.836755,0.245547,0.616497,0.804316,0.849209,0.857404,0.760076,0.655133,0.425779,0.72653,0.90765,0.870481,0.521316,0.546499
0.82544,0.594007,0.860551,0.801317,0.808748,0.754474,0.338025,0.646606,0.506073,0.681893,0.758211,0.650501,0.765987,0.681229,0.474452,0.671375,0.820577,0.672811,0.736153,0.799003,0.870721,0.773364,0.765651,0.820576,0.66389,0.75791,0.840936,0.624735,0.508119,0.58587,0.673999,0.528681,0.812153,0.86981,0.783701,0.631205,0.474689,0.748853,0.834279,1,0.57106,0.645868,0.83056,0.639625,0.857962,0.77791,0.8134,0.775632,0.688653,0.659506,0.747718,0.752502,0.782709,0.71291,0.749343,0.644334,0.802839,0.704052,0.812064,0.294395,0.382192,0.696173,0.790607,0.862829,0.851466,0.770111,0.675699,0.77213,0.380536,0.679441,0.765772,0.777085,0.358173,0.621557,0.70776,0.800492,0.846087,0.700855,0.621166,0.308705,0.709364,0.887202,0.838455,0.513496,0.538354
0.602018,0.356553,0.621439,0.581405,0.545269,0.397172,0.17799,0.413038,0.339477,0.611117,0.560412,0.447891,0.529423,0.507736,0.268944,0.424714,0.630674,0.287563,0.647027,0.485891,0.552894,0.634941,0.443802,0.484967,0.343756,0.580116,0.586125,0.415616,0.594617,0.259303,0.5289,0.345067,0.559004,0.412361,0.621114,0.293145,0.320618,0.657045,0.66858,0.57106,1,0.349985,0.579751,0.359019,0.633315,0.628828,0.603479,0.501117,0.466973,0.364419,0.380143,0.637247,0.589244,0.459353,0.428676,0.543215,0.518214,0.387417,0.558131,0.041124,0.168587,0.301614,0.603922,0.65305,0.632439,0.561894,0.286812,0.548288,0.343938,0.585986,0.667012,0.551268,0.140747,0.683203,0.533622,0.57954,0.646762,0.610649,0.366634,0.107926,0.49631,0.589018,0.603809,0.457008,0.138945
0.576945,0.35624,0.684267,0.479501,0.557388,0.563717,0.243933,0.509855,0.422844,0.437934,0.447788,0.477508,0.555375,0.485424,0.351683,0.537179,0.673438,0.550984,0.584708,0.622313,0.761997,0.641328,0.645339,0.562464,0.573534,0.553911,0.646928,0.526021,0.13217,0.333829,0.505069,0.322523,0.588227,0.602361,0.568273,0.524916,0.427073,0.42001,0.629674,0.645868,0.349985,1,0.700443,0.436868,0.639279,0.681317,0.699367,0.651969,0.591668,0.347228,0.617716,0.585424,0.50106,0.289887,0.493035,0.462499,0.637878,0.658182,0.671972,0.147196,0.428973,0.685979,0.647342,0.643283,0.689365,0.649543,0.514985,0.633326,0.448382,0.546434,0.638411,0.592262,0.022099,0.37876,0.691663,0.572529,0.652052,0.626512,0.423419,0.273187,0.557249,0.649464,0.555086,0.292973,0.66222
0.910211,0.76251,0.927452,0.84383,0.872275,0.795223,0.363172,0.749331,0.724904,0.724928,0.818901,0.808896,0.91662,0.807493,0.679543,0.788363,0.929766,0.829974,0.831667,0.894018,0.92676,0.791047,0.878961,0.888326,0.614225,0.666528,0.853967,0.6975,0.408641,0.377153,0.670772,0.369914,0.813278,0.833322,0.686264,0.701432,0.449001,0.690593,0.892929,0.83056,0.579751,0.700443,1,0.788444,0.947846,0.922362,0.881368,0.865124,0.681509,0.674569,0.738638,0.778052,0.785536,0.763239,0.868791,0.793446,0.818032,0.784736,0.925881,0.104668,0.546625,0.63145,0.858088,0.888467,0.928397,0.92385,0.778695,0.93149,0.554755,0.702965,0.824668,0.839989,0.328773,0.689194,0.810387,0.852076,0.812873,0.70609,0.713565,0.468287,0.704567,0.886673,0.791457,0.421714,0.654933
0.731668,0.960397,0.67226,0.707158,0.78815,0.641356,0.286953,0.661024,0.716534,0.569665,0.750648,0.685934,0.817807,0.897652,0.751396,0.885542,0.77248,0.716025,0.542331,0.698228,0.68934,0.536808,0.751048,0.823337,0.37869,0.445601,0.658331,0.519336,0.307589,0.30406,0.511189,0.148585,0.545464,0.708057,0.469819,0.550815,0.363619,0.4399,0.673173,0.639625,0.359019,0.436868,0.788444,1,0.687962,0.666843,0.750328,0.759269,0.57438,0.719869,0.664876,0.523069,0.699311,0.692645,0.862668,0.88627,0.767493,0.806909,0.785499,0.16477,0.529855,0.404152,0.57224,0.667819,0.708274,0.742251,0.590927,0.81015,0.390441,0.438926,0.636698,0.726183,0.268699,0.531789,0.642296,0.697851,0.601141,0.428877,0.561657,0.181133,0.567397,0.710007,0.581192,0.262345,0.515424
0.953257,0.677869,0.967129,0.877728,0.830951,0.742608,0.347361,0.706615,0.677409,0.762574,0.827641,0.787266,0.882242,0.726043,0.593179,0.682875,0.926264,0.78248,0.861226,0.891128,0.924563,0.800646,0.875671,0.866733,0.64134,0.708073,0.866727,0.756704,0.460785,0.393121,0.669867,0.479669,0.846454,0.872195,0.744556,0.677339,0.517267,0.764578,0.924613,0.857962,0.633315,0.639279,0.947846,0.687962,1,0.918867,0.871581,0.845731,0.686314,0.740086,0.728991,0.760145,0.781557,0.820693,0.830723,0.738536,0.804751,0.687954,0.891024,0.20104,0.457144,0.641023,0.891695,0.921235,0.941361,0.867976,0.794324,0.916112,0.561853,0.73591,0.829849,0.830976,0.294238,0.653261,0.771098,0.852636,0.836123,0.762982,0.710251,0.507068,0.697597,0.917364,0.873508,0.48681,0.595568
0.848758,0.621611,0.868298,0.828971,0.780209,0.665675,0.386484,0.658269,0.614488,0.70035,0.755828,0.673755,0.805067,0.737083,0.505297,0.650823,0.87538,0.721515,0.859958,0.85488,0.897756,0.775091,0.823904,0.779686,0.52007,0.627696,0.819185,0.701691,0.450194,0.326523,0.643853,0.391145,0.809073,0.782795,0.692624,0.637134,0.543803,0.691435,0.847755,0.77791,0.628828,0.681317,0.922362,0.666843,0.918867,1,0.875403,0.829236,0.695198,0.617051,0.624429,0.749673,0.712591,0.702604,0.761481,0.725621,0.740198,0.68587,0.812782,0.118935,0.455781,0.48067,0.80562,0.851122,0.890346,0.83761,0.720637,0.871626,0.46894,0.737064,0.831834,0.82161,0.351572,0.646925,0.774916,0.816773,0.8162,0.735541,0.677919,0.380166,0.683693,0.86473,0.800956,0.426619,0.579283
0.856297,0.700058,0.854298,0.816851,0.847984,0.724834,0.253756,0.685465,0.663574,0.685081,0.715447,0.734262,0.818356,0.833961,0.602545,0.747514,0.893161,0.734621,0.752948,0.795376,0.867871,0.717693,0.82357,0.843876,0.512472,0.610396,0.856986,0.661414,0.521,0.442883,0.679782,0.354354,0.775565,0.829372,0.759944,0.549592,0.488205,0.690862,0.876588,0.8134,0.603479,0.699367,0.881368,0.750328,0.871581,0.875403,1,0.853695,0.762586,0.683686,0.685458,0.708798,0.714823,0.641973,0.744314,0.818766,0.796626,0.744174,0.794915,0.139234,0.5329,0.563261,0.750635,0.818947,0.849617,0.76063,0.671782,0.891087,0.464011,0.696234,0.827046,0.777136,0.258452,0.63655,0.814951,0.780106,0.820285,0.705041,0.658703,0.364495,0.757405,0.855404,0.789435,0.482367,0.52718
0.856519,0.751816,0.841463,0.776122,0.889836,0.730297,0.287663,0.626261,0.625927,0.596884,0.731461,0.721528,0.795435,0.808324,0.586654,0.732539,0.840329,0.742487,0.745715,0.822236,0.885682,0.76146,0.814698,0.841501,0.569947,0.539415,0.827281,0.649615,0.363593,0.354388,0.725598,0.295734,0.72856,0.820845,0.69268,0.633207,0.538659,0.633268,0.810654,0.775632,0.501117,0.651969,0.865124,0.759269,0.845731,0.829236,0.853695,1,0.746061,0.7258,0.64508,0.624036,0.646862,0.68702,0.774431,0.784907,0.816356,0.763598,0.764371,0.183051,0.635126,0.568429,0.761683,0.777377,0.847785,0.819232,0.702715,0.858893,0.502101,0.671804,0.824397,0.72313,0.280073,0.57092,0.774629,0.799001,0.768172,0.696533,0.670806,0.500589,0.568759,0.856977,0.757544,0.335213,0.570237
0.697983,0.537615,0.664393,0.700232,0.715776,0.498307,0.548374,0.446992,0.455165,0.40963,0.565256,0.532847,0.625989,0.652245,0.526391,0.568116,0.696303,0.536139,0.607682,0.581856,0.677535,0.661919,0.634275,0.643884,0.455481,0.454575,0.662362,0.673753,0.364525,0.21811,0.685961,0.561043,0.612066,0.671443,0.597187,0.495848,0.427092,0.56965,0.615055,0.688653,0.466973,0.591668,0.681509,0.57438,0.686314,0.695198,0.762586,0.746061,1,0.495753,0.671289,0.528275,0.456888,0.51702,0.620972,0.596552,0.69872,0.604587,0.618584,0.0689741,0.463017,0.482051,0.5575,0.616659,0.671073,0.632157,0.460221,0.686191,0.362087,0.65288,0.657532,0.605331,0.318537,0.451764,0.558786,0.555119,0.658415,0.663753,0.406909,0.320336,0.589107,0.668303,0.537216,0.325121,0.460096
0.738043,0.746266,0.68054,0.686788,0.714619,0.634798,0.153348,0.701424,0.468373,0.501805,0.660707,0.5802,0.706251,0.713144,0.529564,0.594448,0.686346,0.548334,0.500777,0.668388,0.651508,0.475112,0.751245,0.727355,0.441884,0.528794,0.636658,0.549056,0.2491,0.381428,0.488729,0.203841,0.581159,0.745115,0.516261,0.47807,0.471187,0.55706,0.721125,0.659506,0.364419,0.347228,0.674569,0.719869,0.740086,0.617051,0.683686,0.7258,0.495753,1,0.55262,0.462014,0.599824,0.712152,0.694692,0.763237,0.741116,0.540752,0.621451,0.373263,0.265887,0.44694,0.574666,0.638926,0.680224,0.583595,0.603364,0.759771,0.315356,0.441413,0.70437,0.688063,0.133597,0.387899,0.537354,0.625108,0.619131,0.442543,0.554432,0.432061,0.499281,0.716554,0.747946,0.305886,0.28156
0.725912,0.627086,0.736758,0.640616,0.657686,0.658871,0.378239,0.55587,0.538361,0.676732,0.771664,0.629221,0.747529,0.647682,0.660759,0.709511,0.730602,0.66266,0.539257,0.698853,0.730925,0.666004,0.713912,0.733724,0.645394,0.593465,0.715026,0.612008,0.246517,0.543743,0.520064,0.474585,0.643487,0.741011,0.618602,0.580535,0.320886,0.553286,0.677676,0.747718,0.380143,0.617716,0.738638,0.664876,0.728991,0.624429,0.685458,0.64508,0.671289,0.55262,1,0.671231,0.742836,0.559372,0.742733,0.632696,0.797,0.739898,0.81411,0.275733,0.486452,0.779809,0.666861,0.729333,0.726158,0.693017,0.57327,0.715476,0.496488,0.575216,0.616785,0.668931,0.227809,0.529875,0.591548,0.710815,0.716455,0.678762,0.452428,0.30804,0.684649,0.681079,0.56487,0.36381,0.589992
0.712071,0.478392,0.7557,0.668787,0.65949,0.687475,0.328744,0.603283,0.49278,0.846124,0.807144,0.657553,0.760989,0.599942,0.452752,0.635431,0.777429,0.572475,0.714956,0.782568,0.799353,0.746006,0.60308,0.694391,0.502426,0.735174,0.786161,0.54501,0.407233,0.540011,0.500519,0.424649,0.743363,0.676246,0.764485,0.512043,0.387052,0.731444,0.815796,0.752502,0.637247,0.585424,0.778052,0.523069,0.760145,0.749673,0.708798,0.624036,0.528275,0.462014,0.671231,1,0.846239,0.592903,0.678129,0.593246,0.750371,0.659871,0.784342,0.293081,0.496101,0.580175,0.787555,0.833965,0.805302,0.741882,0.515225,0.706966,0.523398,0.615836,0.768458,0.713481,0.243103,0.627879,0.678106,0.769194,0.813342,0.744467,0.537413,0.281387,0.659111,0.741,0.70949,0.449806,0.440495
0.751851,0.660721,0.77325,0.712557,0.672853,0.722526,0.174468,0.644635,0.555181,0.868817,0.866024,0.646625,0.805191,0.691093,0.565629,0.775342,0.808862,0.614115,0.659501,0.792255,0.784525,0.706715,0.662088,0.776845,0.537859,0.721312,0.770755,0.557642,0.353289,0.574332,0.468502,0.294326,0.733348,0.758602,0.735601,0.549305,0.322191,0.719952,0.832824,0.782709,0.589244,0.50106,0.785536,0.699311,0.781557,0.712591,0.714823,0.646862,0.456888,0.599824,0.742836,0.846239,1,0.680087,0.78672,0.675921,0.787899,0.778481,0.819137,0.267215,0.496608,0.613456,0.757498,0.853013,0.801968,0.743132,0.575365,0.740719,0.465037,0.583745,0.72392,0.772515,0.230312,0.583019,0.69195,0.816548,0.819477,0.69089,0.521886,0.169786,0.732863,0.807054,0.714151,0.439755,0.49159
