1,0.919421,0.965879,0.865737,0.894439,0.726496,0.460298,0.521246,0.638452,0.806165,0.77045,0.568629,0.770341,0.857727,0.602624,0.819255,0.85535,0.676698,0.656744,0.819663,0.848618,0.580355,0.819841,0.914802,0.663549,0.708203,0.849427,0.701166,0.382102,0.211651,0.469425,0.629803,0.808697,0.788761,0.70869,0.459718,0.089954,0.567819,0.898449,0.817214,0.560491,0.740765,0.970126,0.828306,0.935402,0.899686,0.853826,0.824611,0.588432,0.57891,0.551502,0.836537,0.853694,0.741854,0.900644,0.851075,0.758005,0.828476,0.861462,0.72259,0.3974,0.738156,0.631954,0.879182,0.839154,0.681907,0.821564,0.916014,0.665775,0.816514,0.839601,0.803109,0.669225,0.296896,0.67818,0.722362,0.732947,0.638977,0.270149,0.157121,0.520381,0.841694,0.843754,0.563176,0.743732
0.919421,1,0.900672,0.818893,0.862492,0.683222,0.47354,0.461239,0.553967,0.762409,0.748282,0.583069,0.786769,0.840419,0.586902,0.861624,0.841227,0.712425,0.689942,0.838098,0.836663,0.531609,0.795077,0.853013,0.684027,0.611253,0.808948,0.713124,0.51731,0.240208,0.520548,0.463581,0.822196,0.779028,0.659686,0.452309,-0.024902,0.485696,0.843949,0.707417,0.509125,0.687077,0.916004,0.870244,0.854106,0.818948,0.789835,0.825019,0.536912,0.462196,0.632717,0.736987,0.783772,0.721935,0.879762,0.883025,0.641981,0.871919,0.881726,0.585612,0.391698,0.727214,0.680239,0.864695,0.851777,0.685421,0.797473,0.851384,0.612642,0.734,0.8113,0.738966,0.531456,0.302764,0.626208,0.663959,0.718212,0.644773,0.13394,0.149239,0.544041,0.813228,0.825097,0.553242,0.683278
0.965879,0.900672,1,0.877402,0.88039,0.680024,0.451491,0.542571,0.592084,0.844482,0.800675,0.595278,0.765669,0.882625,0.607682,0.855058,0.862736,0.650387,0.705152,0.859454,0.901356,0.649178,0.813044,0.916485,0.650558,0.724151,0.849457,0.713288,0.384255,0.195061,0.454324,0.623159,0.822124,0.821411,0.701264,0.396913,0.0765772,0.6271,0.918641,0.840371,0.565034,0.792506,0.948021,0.79372,0.955359,0.922157,0.872458,0.820984,0.575242,0.525985,0.635077,0.833887,0.835218,0.716662,0.881535,0.892022,0.745537,0.812988,0.832165,0.72563,0.401212,0.751624,0.666025,0.889787,0.875327,0.707152,0.826976,0.937217,0.657937,0.803896,0.859682,0.804825,0.661798,0.30666,0.641138,0.737252,0.761037,0.631136,0.244475,0.242019,0.581522,0.876399,0.83727,0.585408,0.734818
0.865737,0.818893,0.877402,1,0.838849,0.642274,0.428419,0.58552,0.619125,0.745976,0.799958,0.609853,0.678659,0.825748,0.451227,0.752468,0.72519,0.61738,0.67681,0.777552,0.819091,0.629595,0.753727,0.911684,0.555862,0.727888,0.789878,0.691537,0.356794,0.181619,0.532896,0.65629,0.820565,0.827654,0.706639,0.395506,0.0778223,0.703879,0.826741,0.775876,0.559675,0.661653,0.864588,0.721789,0.868594,0.864285,0.894852,0.783652,0.551902,0.50654,0.680313,0.809213,0.807615,0.746487,0.809644,0.808133,0.691999,0.747962,0.759009,0.646906,0.51378,0.78423,0.636387,0.815121,0.857286,0.572542,0.78002,0.875316,0.592258,0.848705,0.781327,0.726412,0.610409,0.306097,0.679215,0.77156,0.720785,0.708182,0.257548,0.425093,0.57071,0.857197,0.812241,0.691528,0.668941
0.894439,0.862492,0.88039,0.838849,1,0.622176,0.501216,0.483298,0.638249,0.776141,0.723176,0.579497,0.696785,0.791264,0.499172,0.74945,0.749192,0.706639,0.735406,0.884401,0.846321,0.544787,0.764929,0.907669,0.597607,0.711117,0.822001,0.766909,0.397911,0.100218,0.541757,0.550172,0.817132,0.821645,0.649971,0.58665,0.044333,0.477739,0.867053,0.744452,0.564606,0.68919,0.882481,0.718915,0.810452,0.835013,0.872118,0.80909,0.472968,0.466564,0.583695,0.764464,0.808569,0.67347,0.802609,0.804481,0.687367,0.772153,0.76922,0.640697,0.396796,0.755848,0.676159,0.8834,0.839561,0.648846,0.854675,0.888529,0.715007,0.837695,0.914238,0.776359,0.63192,0.372223,0.607735,0.668353,0.698492,0.598234,0.173712,0.204492,0.474183,0.758227,0.787191,0.607323,0.726325
0.726496,0.683222,0.680024,0.642274,0.622176,1,0.400657,0.353014,0.740247,0.647301,0.737256,0.565623,0.700996,0.584254,0.626122,0.576268,0.766586,0.597441,0.346633,0.490745,0.524992,0.269901,0.584149,0.662263,0.56077,0.563364,0.504407,0.381504,0.070618,0.0918937,0.562909,0.399444,0.51088,0.508645,0.611131,0.309638,-0.000285242,0.612272,0.586685,0.486555,0.374503,0.386483,0.71207,0.652394,0.692097,0.72291,0.52148,0.499364,0.393188,0.335513,0.411169,0.752602,0.690244,0.684787,0.703627,0.553752,0.506968,0.702598,0.679859,0.589622,0.290683,0.493779,0.418912,0.524982,0.520465,0.359442,0.470799,0.627652,0.401049,0.536972,0.492942,0.603894,0.483718,0.260732,0.733651,0.523704,0.463533,0.540886,0.0965506,0.0611901,0.47019,0.612232,0.580934,0.292815,0.417332
0.460298,0.47354,0.451491,0.428419,0.501216,0.400657,1,0.296608,0.460887,0.457822,0.40503,0.197006,0.263599,0.332445,0.284392,0.279154,0.321512,0.498003,0.366974,0.418487,0.415087,0.103848,0.339054,0.447947,0.431826,0.405643,0.276551,0.286017,0.137619,0.000300513,0.429011,0.194047,0.423409,0.240209,0.323194,0.151096,-0.0586017,0.256093,0.348349,0.169659,0.312205,0.193737,0.376042,0.341013,0.368683,0.352194,0.455551,0.402996,0.442373,0.15107,0.353341,0.377408,0.439019,0.224787,0.313345,0.392107,0.378714,0.303583,0.373394,0.242634,0.273638,0.424533,0.231517,0.365006,0.363932,0.243276,0.387884,0.44658,0.419057,0.382343,0.483196,0.352857,0.326674,0.239486,0.329692,0.341843,0.193143,0.0695555,-0.0759077,0.0179342,0.0610184,0.325716,0.264504,0.33527,0.428074
0.521246,0.461239,0.542571,0.58552,0.483298,0.353014,0.296608,1,0.412166,0.486511,0.583267,0.524359,0.303264,0.489652,0.229214,0.516763,0.429451,0.281693,0.655393,0.504876,0.643515,0.463313,0.436291,0.549373,0.399436,0.641735,0.468562,0.57428,0.0897897,0.417104,0.361004,0.265773,0.584665,0.639949,0.691722,0.115997,0.118299,0.492177,0.592298,0.584767,0.325149,0.47523,0.477467,0.357398,0.598926,0.674544,0.62808,0.476507,0.266143,0.440746,0.500079,0.61456,0.647499,0.497591,0.510019,0.480712,0.396365,0.432386,0.403637,0.545693,0.229326,0.530882,0.590555,0.546934,0.653974,0.300771,0.499691,0.564297,0.236499,0.470343,0.416923,0.457659,0.417378,0.361753,0.472612,0.64761,0.580673,0.460233,0.102728,0.367117,0.280608,0.631026,0.488386,0.488935,0.606667
0.638452,0.553967,0.592084,0.619125,0.638249,0.740247,0.460887,0.412166,1,0.633667,0.60171,0.607146,0.602374,0.567426,0.493985,0.493445,0.647388,0.681104,0.476561,0.580933,0.590222,0.252639,0.615567,0.677173,0.613258,0.650604,0.547101,0.504673,0.0610336,0.174015,0.568014,0.460794,0.411282,0.530208,0.610757,0.250632,0.184019,0.623119,0.546929,0.547227,0.547008,0.373698,0.60271,0.513746,0.600174,0.639651,0.573803,0.486451,0.465046,0.23173,0.332255,0.664668,0.708308,0.633585,0.555322,0.576565,0.491669,0.562966,0.525728,0.575971,0.363622,0.411779,0.450958,0.5778,0.509809,0.382229,0.508261,0.61497,0.480234,0.670312,0.590339,0.598486,0.542758,0.49804,0.531267,0.51874,0.488809,0.542499,0.205987,0.213529,0.169262,0.580255,0.457385,0.479811,0.48825
0.806165,0.762409,0.844482,0.745976,0.776141,0.647301,0.457822,0.486511,0.633667,1,0.761033,0.647763,0.758587,0.763322,0.545475,0.680008,0.808497,0.604959,0.70535,0.777961,0.811587,0.507829,0.608413,0.846748,0.613522,0.718751,0.78464,0.576878,0.32996,0.254707,0.506894,0.587266,0.724146,0.711046,0.759113,0.353157,0.100776,0.643317,0.800233,0.668787,0.593177,0.632471,0.776311,0.60317,0.779993,0.7942,0.791933,0.719036,0.624274,0.251075,0.639608,0.762133,0.813517,0.697166,0.738765,0.7624,0.681454,0.65022,0.675953,0.735393,0.410335,0.691591,0.593515,0.780058,0.814812,0.547053,0.697733,0.844946,0.708744,0.767842,0.806822,0.657587,0.578753,0.322639,0.682212,0.675976,0.757167,0.623223,0.187781,0.164329,0.374608,0.783457,0.703672,0.466888,0.694329
0.77045,0.748282,0.800675,0.799958,0.723176,0.737256,0.40503,0.583267,0.60171,0.761033,1,0.714737,0.784408,0.666648,0.545172,0.733648,0.79275,0.623349,0.643364,0.648302,0.732531,0.52109,0.668598,0.780526,0.50259,0.608329,0.649302,0.597576,0.30826,0.208023,0.378038,0.515269,0.764989,0.648294,0.700469,0.276835,0.00345106,0.683797,0.752244,0.589548,0.397238,0.631547,0.764165,0.70351,0.763723,0.821789,0.674514,0.61453,0.463089,0.382604,0.608604,0.808335,0.791369,0.756162,0.804989,0.730302,0.634209,0.765204,0.685016,0.60245,0.445395,0.685833,0.638624,0.676934,0.736614,0.495308,0.598156,0.745603,0.565033,0.644254,0.693955,0.610086,0.460444,0.147337,0.66686,0.63524,0.644569,0.587783,0.194174,0.255474,0.533687,0.742164,0.6782,0.44543,0.594429
0.568629,0.583069,0.595278,0.609853,0.579497,0.565623,0.197006,0.524359,0.607146,0.647763,0.714737,1,0.734403,0.574867,0.314461,0.655943,0.761424,0.386084,0.627659,0.658829,0.710966,0.444662,0.530843,0.5881,0.346575,0.479273,0.59897,0.632751,0.160225,0.320994,0.377076,0.467549,0.567367,0.672162,0.664137,0.220976,-0.0879266,0.595864,0.660461,0.557202,0.436496,0.430217,0.575718,0.510676,0.622053,0.724285,0.538009,0.570144,0.369064,0.110244,0.535707,0.717442,0.755914,0.790146,0.671697,0.607247,0.611653,0.592334,0.62398,0.475646,0.280597,0.531549,0.658973,0.645182,0.64766,0.414912,0.570498,0.593766,0.418245,0.555571,0.553619,0.517892,0.412948,0.201466,0.628289,0.574185,0.699475,0.668297,0.19526,0.209596,0.287614,0.694611,0.617537,0.330275,0.510127
0.770341,0.786769,0.765669,0.678659,0.696785,0.700996,0.263599,0.303264,0.602374,0.758587,0.784408,0.734403,1,0.716337,0.576742,0.738774,0.890614,0.504204,0.536291,0.679665,0.71044,0.44688,0.65733,0.714517,0.553985,0.491585,0.737472,0.564991,0.426002,0.118389,0.40419,0.547536,0.675621,0.631628,0.612816,0.351137,-0.0703177,0.567642,0.736892,0.590762,0.408801,0.591659,0.752888,0.70904,0.715143,0.735105,0.586905,0.711988,0.498012,0.198201,0.543609,0.659989,0.715867,0.757531,0.810292,0.763109,0.640076,0.782939,0.74934,0.56689,0.322974,0.528502,0.513872,0.693735,0.667316,0.483777,0.621102,0.70291,0.615972,0.647623,0.702834,0.632815,0.538914,0.0974413,0.620347,0.47415,0.636872,0.616038,0.237293,0.0710824,0.409268,0.743176,0.729614,0.322122,0.513206
0.857727,0.840419,0.882625,0.825748,0.791264,0.584254,0.332445,0.489652,0.567426,0.763322,0.666648,0.574867,0.716337,1,0.566181,0.816566,0.766425,0.510566,0.681443,0.871345,0.8611,0.702065,0.82757,0.891413,0.722847,0.726318,0.87272,0.716586,0.406194,0.229074,0.525217,0.603423,0.773663,0.794738,0.600716,0.327635,-0.0295707,0.620254,0.875736,0.862338,0.608715,0.740203,0.860882,0.785453,0.880495,0.847975,0.849569,0.793276,0.577294,0.47104,0.71828,0.731384,0.773522,0.703425,0.851431,0.929567,0.617988,0.776587,0.742834,0.747305,0.425514,0.735478,0.576471,0.841619,0.838009,0.625576,0.800243,0.912826,0.599581,0.763014,0.817517,0.60811,0.63377,0.344307,0.538486,0.6488,0.769864,0.685975,0.318227,0.371726,0.510468,0.914855,0.829982,0.603722,0.632753
0.602624,0.586902,0.607682,0.451227,0.499172,0.626122,0.284392,0.229214,0.493985,0.545475,0.545172,0.314461,0.576742,0.566181,1,0.59746,0.679903,0.482843,0.472166,0.494269,0.515382,0.225067,0.673825,0.55554,0.616103,0.327934,0.511822,0.369217,0.438764,0.191476,0.344262,0.266041,0.381224,0.352787,0.390537,0.235515,-0.0392179,0.342684,0.527536,0.561525,0.249962,0.587422,0.58782,0.611586,0.61835,0.567699,0.406877,0.497222,0.169562,0.271366,0.298383,0.552036,0.532048,0.526095,0.613433,0.58937,0.370778,0.666848,0.518396,0.537923,0.35108,0.309913,0.358967,0.469721,0.392169,0.394198,0.440643,0.568923,0.432822,0.437792,0.432733,0.492113,0.336483,0.155109,0.326349,0.345348,0.358072,0.267921,0.0637509,0.130939,0.395958,0.488552,0.439192,0.26595,0.354862
0.819255,0.861624,0.855058,0.752468,0.74945,0.576268,0.279154,0.516763,0.493445,0.680008,0.733648,0.655943,0.738774,0.816566,0.59746,1,0.812443,0.524029,0.697109,0.818889,0.885741,0.645728,0.802429,0.776227,0.613103,0.566582,0.79645,0.703321,0.494273,0.278017,0.325665,0.419366,0.740809,0.778049,0.633195,0.351053,-0.0602275,0.571501,0.860159,0.789487,0.488216,0.764568,0.834461,0.847225,0.852319,0.812168,0.743215,0.764715,0.409738,0.40212,0.554892,0.721164,0.77166,0.750822,0.884513,0.880202,0.57879,0.884946,0.844748,0.624711,0.413844,0.624505,0.712438,0.845442,0.804995,0.725175,0.822896,0.794567,0.444207,0.611048,0.709453,0.71904,0.559094,0.303161,0.535919,0.675749,0.763886,0.619468,0.0873858,0.271526,0.651683,0.833094,0.818671,0.43031,0.60989
0.85535,0.841227,0.862736,0.72519,0.749192,0.766586,0.321512,0.429451,0.647388,0.808497,0.79275,0.761424,0.890614,0.766425,0.679903,0.812443,1,0.585302,0.651631,0.755573,0.804526,0.524621,0.704296,0.762702,0.613279,0.55471,0.75719,0.627461,0.320981,0.294557,0.436643,0.588245,0.670402,0.698692,0.692278,0.396509,0.0126267,0.617799,0.807848,0.720274,0.418839,0.627103,0.828041,0.761114,0.84366,0.848963,0.667105,0.740425,0.484492,0.348527,0.555103,0.789343,0.799229,0.847048,0.872212,0.789618,0.710594,0.829867,0.842678,0.628668,0.282046,0.580474,0.610864,0.749973,0.7428,0.610867,0.691599,0.783417,0.577302,0.671929,0.710446,0.731411,0.554809,0.261827,0.685285,0.58602,0.683563,0.669648,0.123336,0.0135551,0.447729,0.768088,0.761207,0.384804,0.580348
0.676698,0.712425,0.650387,0.61738,0.706639,0.597441,0.498003,0.281693,0.681104,0.604959,0.623349,0.386084,0.504204,0.510566,0.482843,0.524029,0.585302,1,0.519749,0.625312,0.557494,0.284262,0.601001,0.668429,0.548328,0.515193,0.508719,0.556478,0.293291,0.142888,0.506611,0.320543,0.57678,0.509593,0.466574,0.400487,0.260719,0.320766,0.538886,0.447306,0.433048,0.491119,0.688619,0.586013,0.551345,0.552885,0.512297,0.416644,0.422791,0.330081,0.352955,0.561288,0.555498,0.396498,0.486765,0.606518,0.382214,0.583244,0.540082,0.390387,0.29866,0.542945,0.575031,0.64892,0.583913,0.541209,0.540503,0.63319,0.527924,0.596097,0.692987,0.638769,0.288212,0.453436,0.418541,0.460604,0.384967,0.450109,0.144384,0.0999835,0.294723,0.447979,0.483617,0.630775,0.573429
0.656744,0.689942,0.705152,0.67681,0.735406,0.346633,0.366974,0.655393,0.476561,0.70535,0.643364,0.627659,0.536291,0.681443,0.472166,0.697109,0.651631,0.519749,1,0.82062,0.858438,0.462369,0.613324,0.686747,0.523735,0.532595,0.72393,0.714875,0.522705,0.494564,0.358078,0.393872,0.719892,0.746526,0.679005,0.333024,0.119888,0.457188,0.734608,0.69736,0.366998,0.661374,0.607539,0.527342,0.653718,0.71787,0.741852,0.65159,0.302537,0.235377,0.585818,0.607674,0.755878,0.599143,0.63985,0.698257,0.468431,0.664859,0.568166,0.578203,0.518259,0.56919,0.759423,0.74655,0.803736,0.589158,0.666485,0.706374,0.552738,0.661992,0.692506,0.63738,0.388165,0.351918,0.434845,0.600862,0.696994,0.570657,0.118591,0.30447,0.269552,0.702417,0.588428,0.559499,0.699185
0.819663,0.838098,0.859454,0.777552,0.884401,0.490745,0.418487,0.504876,0.580933,0.777961,0.648302,0.658829,0.679665,0.871345,0.494269,0.818889,0.755573,0.625312,0.82062,1,0.938526,0.659455,0.777403,0.857868,0.644981,0.665194,0.8591,0.827449,0.438946,0.250463,0.508074,0.556077,0.783683,0.839685,0.638645,0.501106,0.0106106,0.516536,0.872788,0.804058,0.556341,0.741391,0.812595,0.708053,0.800406,0.801269,0.831019,0.808254,0.495823,0.375184,0.647938,0.677297,0.770051,0.644814,0.768257,0.88005,0.643228,0.759927,0.716322,0.64234,0.409423,0.72299,0.724195,0.914174,0.869334,0.69554,0.852382,0.878352,0.657988,0.775796,0.887301,0.74924,0.605454,0.44828,0.492257,0.646399,0.791428,0.704476,0.181998,0.256706,0.437902,0.827483,0.800523,0.674784,0.764756
0.848618,0.836663,0.901356,0.819091,0.846321,0.524992,0.415087,0.643515,0.590222,0.811587,0.732531,0.710966,0.71044,0.8611,0.515382,0.885741,0.804526,0.557494,0.858438,0.938526,1,0.645751,0.789489,0.869618,0.6059,0.709249,0.887073,0.813936,0.431941,0.348135,0.401438,0.562513,0.800108,0.881211,0.73294,0.423024,0.0787648,0.618865,0.920615,0.842897,0.55157,0.797666,0.819837,0.715773,0.863481,0.875172,0.875835,0.802023,0.504813,0.409137,0.638451,0.744399,0.846017,0.715268,0.822305,0.887221,0.657572,0.785286,0.750113,0.692206,0.493326,0.728502,0.782351,0.923599,0.921313,0.682938,0.848173,0.882599,0.628385,0.785767,0.835863,0.783092,0.652089,0.438462,0.587408,0.758613,0.829209,0.67113,0.155571,0.274131,0.495339,0.902096,0.789255,0.598865,0.773077
0.580355,0.531609,0.649178,0.629595,0.544787,0.269901,0.103848,0.463313,0.252639,0.507829,0.52109,0.444662,0.44688,0.702065,0.225067,0.645728,0.524621,0.284262,0.462369,0.659455,0.645751,1,0.493289,0.613382,0.386431,0.532536,0.591416,0.596741,0.217079,0.0419675,0.386698,0.541199,0.626362,0.656603,0.413225,0.256152,-0.0448561,0.543717,0.684804,0.642385,0.44901,0.530141,0.604718,0.543687,0.650073,0.608506,0.601831,0.571859,0.387353,0.363647,0.613502,0.508754,0.472185,0.501875,0.614478,0.684694,0.496451,0.552602,0.576928,0.473866,0.0447557,0.617002,0.428942,0.610537,0.627521,0.562171,0.66875,0.63487,0.421671,0.457625,0.578904,0.388037,0.607642,0.347256,0.321685,0.475152,0.614072,0.560111,0.124923,0.256664,0.553389,0.654163,0.711005,0.474557,0.494626
0.819841,0.795077,0.813044,0.753727,0.764929,0.584149,0.339054,0.436291,0.615567,0.608413,0.668598,0.530843,0.65733,0.82757,0.673825,0.802429,0.704296,0.601001,0.613324,0.777403,0.789489,0.493289,1,0.847153,0.700485,0.640686,0.777215,0.705708,0.492628,0.180568,0.364152,0.456204,0.666428,0.72369,0.540826,0.314524,0.0700923,0.49393,0.823415,0.848438,0.55499,0.795928,0.855627,0.773965,0.834571,0.798949,0.758259,0.689807,0.423305,0.523527,0.496951,0.738789,0.778257,0.650398,0.785151,0.865814,0.537543,0.759888,0.69832,0.64618,0.498439,0.639646,0.630008,0.835599,0.71408,0.66693,0.778747,0.845675,0.529638,0.701083,0.747588,0.646653,0.521497,0.294835,0.390123,0.57394,0.659084,0.541103,0.26268,0.43225,0.512893,0.807779,0.738234,0.541415,0.598576
0.914802,0.853013,0.916485,0.911684,0.907669,0.662263,0.447947,0.549373,0.677173,0.846748,0.780526,0.5881,0.714517,0.891413,0.55554,0.776227,0.762702,0.668429,0.686747,0.857868,0.869618,0.613382,0.847153,1,0.700795,0.824506,0.886931,0.718428,0.34207,0.155856,0.538377,0.664914,0.805781,0.830534,0.718845,0.460152,0.112333,0.654612,0.907838,0.842102,0.653933,0.770469,0.916404,0.737462,0.892579,0.887188,0.930194,0.815896,0.612217,0.550834,0.675991,0.840036,0.865492,0.733977,0.829073,0.880362,0.707247,0.753599,0.742518,0.771208,0.497175,0.811839,0.6359,0.899834,0.87939,0.623536,0.852951,0.963009,0.69649,0.86325,0.898198,0.741874,0.676916,0.398524,0.636175,0.74308,0.777601,0.685928,0.299038,0.350492,0.526713,0.877395,0.823808,0.630987,0.759501
0.663549,0.684027,0.650558,0.555862,0.597607,0.56077,0.431826,0.399436,0.613258,0.613522,0.50259,0.346575,0.553985,0.722847,0.616103,0.613103,0.613279,0.548328,0.523735,0.644981,0.6059,0.386431,0.700485,0.700795,1,0.621535,0.609276,0.403511,0.314174,0.122745,0.56029,0.379566,0.496611,0.540348,0.539725,0.162049,0.0360826,0.494373,0.633605,0.668123,0.465285,0.547557,0.660794,0.596242,0.658754,0.604522,0.621804,0.625191,0.472708,0.342387,0.553591,0.582667,0.673408,0.52924,0.595947,0.709729,0.365716,0.635788,0.55063,0.704284,0.278675,0.41286,0.386867,0.610762,0.556198,0.490396,0.624305,0.720108,0.44657,0.497421,0.589195,0.555791,0.531537,0.380936,0.249841,0.356846,0.541921,0.50372,0.173384,0.299388,0.28963,0.633049,0.573216,0.415168,0.547616
0.708203,0.611253,0.724151,0.727888,0.711117,0.563364,0.405643,0.641735,0.650604,0.718751,0.608329,0.479273,0.491585,0.726318,0.327934,0.566582,0.55471,0.515193,0.532595,0.665194,0.709249,0.532536,0.640686,0.824506,0.621535,1,0.634573,0.543629,0.0345389,0.0886562,0.541228,0.536607,0.575625,0.714558,0.717993,0.336583,0.221144,0.616593,0.739724,0.70487,0.599034,0.551079,0.698885,0.478978,0.757963,0.742314,0.810601,0.605867,0.654076,0.506319,0.582001,0.749867,0.715968,0.566899,0.610217,0.685087,0.498675,0.454043,0.516568,0.717272,0.219679,0.687264,0.489249,0.714091,0.726906,0.373292,0.674255,0.807687,0.446077,0.699144,0.713423,0.528515,0.668879,0.500743,0.537166,0.667707,0.665065,0.527773,0.114839,0.373709,0.468917,0.755102,0.622532,0.538767,0.60972
0.849427,0.808948,0.849457,0.789878,0.822001,0.504407,0.276551,0.468562,0.547101,0.78464,0.649302,0.59897,0.737472,0.87272,0.511822,0.79645,0.75719,0.508719,0.72393,0.8591,0.887073,0.591416,0.777215,0.886931,0.609276,0.634573,1,0.679441,0.451122,0.249386,0.418405,0.625166,0.777554,0.820351,0.611879,0.443197,0.109951,0.552317,0.885643,0.83514,0.58976,0.811423,0.820032,0.708743,0.795099,0.791598,0.851614,0.787694,0.464618,0.383097,0.591333,0.691351,0.796077,0.6924,0.806016,0.846174,0.707697,0.765758,0.741923,0.722437,0.549458,0.675313,0.614115,0.869365,0.861429,0.675605,0.820431,0.853404,0.718006,0.806254,0.831513,0.708567,0.638556,0.389235,0.613668,0.687311,0.765387,0.651027,0.351693,0.21107,0.397642,0.848587,0.807923,0.544548,0.739782
0.701166,0.713124,0.713288,0.691537,0.766909,0.381504,0.286017,0.57428,0.504673,0.576878,0.597576,0.632751,0.564991,0.716586,0.369217,0.703321,0.627461,0.556478,0.714875,0.827449,0.813936,0.596741,0.705708,0.718428,0.403511,0.543629,0.679441,1,0.436872,0.33713,0.405688,0.367382,0.754595,0.760381,0.553648,0.433517,-0.016915,0.452775,0.781536,0.684286,0.563551,0.653372,0.729086,0.668673,0.688778,0.763348,0.697563,0.69049,0.324491,0.492772,0.540875,0.572006,0.65468,0.556871,0.68157,0.780729,0.520918,0.680884,0.605941,0.439344,0.314345,0.767852,0.796892,0.838194,0.783903,0.57932,0.696639,0.747793,0.575271,0.723637,0.786181,0.602467,0.471526,0.373046,0.494925,0.590198,0.658139,0.624112,0.160172,0.246431,0.371571,0.741436,0.697928,0.605514,0.701271
0.382102,0.51731,0.384255,0.356794,0.397911,0.070618,0.137619,0.0897897,0.0610336,0.32996,0.30826,0.160225,0.426002,0.406194,0.438764,0.494273,0.320981,0.293291,0.522705,0.438946,0.431941,0.217079,0.492628,0.34207,0.314174,0.0345389,0.451122,0.436872,1,0.200068,0.129741,0.0350011,0.525489,0.374818,0.224868,0.105838,-0.100387,0.0735014,0.406677,0.345345,0.251581,0.521353,0.404657,0.491581,0.306857,0.276315,0.34657,0.440068,0.0539937,0.0639778,0.226981,0.106776,0.325089,0.237883,0.419316,0.511528,0.143975,0.516859,0.381666,0.229671,0.440951,0.278864,0.474597,0.461098,0.417956,0.413554,0.362163,0.355094,0.451264,0.382365,0.401277,0.295468,0.179489,-0.078874,0.0689124,0.141428,0.349613,0.193112,0.0490119,0.26634,0.223919,0.392672,0.341237,0.227858,0.308962
0.211651,0.240208,0.195061,0.181619,0.100218,0.0918937,0.000300513,0.417104,0.174015,0.254707,0.208023,0.320994,0.118389,0.229074,0.191476,0.278017,0.294557,0.142888,0.494564,0.250463,0.348135,0.0419675,0.180568,0.155856,0.122745,0.0886562,0.249386,0.33713,0.200068,1,-0.0666606,0.0258713,0.169686,0.150184,0.281068,0.100708,0.212776,0.202359,0.194619,0.291395,-0.0183062,0.186777,0.169271,0.261362,0.240938,0.254923,0.238592,0.1418,0.0572349,0.0342566,0.0128546,0.183728,0.328229,0.380496,0.305275,0.191215,0.176385,0.310087,0.210162,0.198654,0.231818,0.177469,0.368011,0.216247,0.355615,0.139751,0.0934053,0.162881,0.107626,0.163696,0.0885967,0.177726,-0.0325833,0.143211,0.24035,0.319888,0.252648,0.344563,-0.0203914,-0.0636749,-0.0436,0.255646,0.148697,0.224807,0.329769
0.469425,0.520548,0.454324,0.532896,0.541757,0.562909,0.429011,0.361004,0.568014,0.506894,0.378038,0.377076,0.40419,0.525217,0.344262,0.325665,0.436643,0.506611,0.358078,0.508074,0.401438,0.386698,0.364152,0.538377,0.56029,0.541228,0.418405,0.405688,0.129741,-0.0666606,1,0.264263,0.510848,0.507331,0.425928,0.249637,-0.13864,0.430647,0.428912,0.353985,0.525357,0.243769,0.482108,0.386167,0.449344,0.483539,0.483728,0.552154,0.256924,0.140173,0.576487,0.485829,0.447858,0.403072,0.391136,0.502336,0.378477,0.440795,0.465113,0.418787,0.0803238,0.493402,0.353577,0.462027,0.47688,0.219998,0.426079,0.522737,0.433998,0.509853,0.507062,0.346334,0.471342,0.465796,0.504042,0.403782,0.379822,0.493659,0.0572908,0.204471,0.231845,0.479781,0.479858,0.508309,0.431879
0.629803,0.463581,0.623159,0.65629,0.550172,0.399444,0.194047,0.265773,0.460794,0.587266,0.515269,0.467549,0.547536,0.603423,0.266041,0.419366,0.588245,0.320543,0.393872,0.556077,0.562513,0.541199,0.456204,0.664914,0.379566,0.536607,0.625166,0.367382,0.0350011,0.0258713,0.264263,1,0.461028,0.533948,0.486571,0.356542,0.101563,0.572004,0.58899,0.598499,0.326286,0.39553,0.577227,0.356227,0.616425,0.585235,0.591373,0.570685,0.647608,0.458828,0.356707,0.582524,0.532891,0.585822,0.554959,0.519728,0.606827,0.410606,0.43171,0.520898,0.258511,0.400281,0.315427,0.543871,0.532916,0.257515,0.514185,0.619408,0.457125,0.683716,0.5646,0.562112,0.605223,0.275823,0.418993,0.445026,0.529556,0.616782,0.391124,0.0943859,0.281125,0.564143,0.541137,0.424438,0.474416
0.808697,0.822196,0.822124,0.820565,0.817132,0.51088,0.423409,0.584665,0.411282,0.724146,0.764989,0.567367,0.675621,0.773663,0.381224,0.740809,0.670402,0.57678,0.719892,0.783683,0.800108,0.626362,0.666428,0.805781,0.496611,0.575625,0.777554,0.754595,0.525489,0.169686,0.510848,0.461028,1,0.807502,0.658639,0.392216,-0.0776933,0.506068,0.850525,0.670666,0.521011,0.734868,0.817812,0.701456,0.753738,0.81504,0.792889,0.741916,0.430794,0.416767,0.713168,0.687801,0.753335,0.592288,0.771992,0.805838,0.583299,0.751596,0.725604,0.569224,0.459442,0.798513,0.727467,0.837576,0.877794,0.625281,0.759609,0.826138,0.615717,0.732436,0.827666,0.646684,0.469656,0.228868,0.651208,0.682371,0.737904,0.629586,0.308057,0.292941,0.480499,0.806712,0.826344,0.611801,0.693187
0.788761,0.779028,0.821411,0.827654,0.821645,0.508645,0.240209,0.639949,0.530208,0.711046,0.648294,0.672162,0.631628,0.794738,0.352787,0.778049,0.698692,0.509593,0.746526,0.839685,0.881211,0.656603,0.72369,0.830534,0.540348,0.714558,0.820351,0.760381,0.374818,0.150184,0.507331,0.533948,0.807502,1,0.739611,0.369174,0.102198,0.569894,0.880436,0.820331,0.594096,0.737861,0.80491,0.606593,0.824438,0.867576,0.846557,0.745198,0.429279,0.442372,0.685467,0.759043,0.805461,0.655996,0.740817,0.791198,0.551658,0.693302,0.706203,0.661391,0.40233,0.70884,0.784764,0.89926,0.886655,0.650924,0.830005,0.841187,0.545099,0.778593,0.754312,0.758536,0.62949,0.436993,0.577105,0.771346,0.84799,0.714507,0.235561,0.396885,0.528601,0.889274,0.793486,0.618408,0.681368
0.70869,0.659686,0.701264,0.706639,0.649971,0.611131,0.323194,0.691722,0.610757,0.759113,0.700469,0.664137,0.612816,0.600716,0.390537,0.633195,0.692278,0.466574,0.679005,0.638645,0.73294,0.413225,0.540826,0.718845,0.539725,0.717993,0.611879,0.553648,0.224868,0.281068,0.425928,0.486571,0.658639,0.739611,1,0.28132,0.0896684,0.611269,0.740434,0.643139,0.434547,0.543882,0.676195,0.523453,0.733705,0.777803,0.73164,0.680039,0.550234,0.418082,0.584477,0.77233,0.839482,0.710622,0.67172,0.626289,0.54622,0.568681,0.630051,0.6758,0.395124,0.610047,0.636622,0.71571,0.767863,0.454038,0.629046,0.733289,0.409953,0.667044,0.600016,0.681156,0.533953,0.282442,0.669153,0.71416,0.827454,0.666532,0.188973,0.296862,0.37617,0.742449,0.644894,0.385811,0.67912
0.459718,0.452309,0.396913,0.395506,0.58665,0.309638,0.151096,0.115997,0.250632,0.353157,0.276835,0.220976,0.351137,0.327635,0.235515,0.351053,0.396509,0.400487,0.333024,0.501106,0.423024,0.256152,0.314524,0.460152,0.162049,0.336583,0.443197,0.433517,0.105838,0.100708,0.249637,0.356542,0.392216,0.369174,0.28132,1,-0.0227526,0.126242,0.456559,0.303356,0.0344466,0.284505,0.459818,0.376336,0.35129,0.33994,0.414389,0.447677,0.217502,0.244688,0.123162,0.323401,0.294531,0.349286,0.412637,0.352287,0.350202,0.441092,0.428619,0.162948,0.116961,0.462197,0.374963,0.49555,0.446108,0.285031,0.513889,0.41342,0.367134,0.434149,0.49493,0.486888,0.304745,0.38383,0.407673,0.34312,0.285509,0.432405,-0.1922,-0.305384,0.372517,0.283937,0.52061,0.418532,0.380863
0.089954,-0.024902,0.0765772,0.0778223,0.044333,-0.000285242,-0.0586017,0.118299,0.184019,0.100776,0.00345106,-0.0879266,-0.0703177,-0.0295707,-0.0392179,-0.0602275,0.0126267,0.260719,0.119888,0.0106106,0.0787648,-0.0448561,0.0700923,0.112333,0.0360826,0.221144,0.109951,-0.016915,-0.100387,0.212776,-0.13864,0.101563,-0.0776933,0.102198,0.0896684,-0.0227526,1,-0.00211819,0.0200964,0.208226,0.0569259,0.195796,0.0232302,-0.215916,0.040715,0.0457161,0.118094,-0.209091,0.131164,0.057124,-0.145386,0.0606529,0.100129,-0.0733492,-0.130139,-0.0904097,-0.0273158,-0.153297,-0.0644496,0.2606,0.0549996,-0.0571607,-0.00228435,0.0584374,0.111028,0.162827,0.0644021,0.0734221,0.0700961,0.0992599,0.070643,0.191368,0.0283924,0.197485,-0.0158259,0.104893,0.0100065,0.0389128,0.0729928,-0.0376544,-0.139386,-0.00898184,-0.0988498,0.160659,0.167158
0.567819,0.485696,0.6271,0.703879,0.477739,0.612272,0.256093,0.492177,0.623119,0.643317,0.683797,0.595864,0.567642,0.620254,0.342684,0.571501,0.617799,0.320766,0.457188,0.516536,0.618865,0.543717,0.49393,0.654612,0.494373,0.616593,0.552317,0.452775,0.0735014,0.202359,0.430647,0.572004,0.506068,0.569894,0.611269,0.126242,-0.00211819,1,0.607292,0.594869,0.497318,0.416426,0.5688,0.511904,0.669041,0.689648,0.627047,0.54953,0.451969,0.296792,0.566918,0.637291,0.630823,0.676519,0.613313,0.615853,0.493234,0.589439,0.533631,0.544589,0.324122,0.486729,0.464319,0.522781,0.586149,0.372018,0.453984,0.603605,0.337392,0.584352,0.511438,0.504377,0.56942,0.403109,0.596402,0.531563,0.57152,0.642521,0.15322,0.340881,0.473507,0.707119,0.587931,0.322849,0.478559
0.898449,0.843949,0.918641,0.826741,0.867053,0.586685,0.348349,0.592298,0.546929,0.800233,0.752244,0.660461,0.736892,0.875736,0.527536,0.860159,0.807848,0.538886,0.734608,0.872788,0.920615,0.684804,0.823415,0.907838,0.633605,0.739724,0.885643,0.781536,0.406677,0.194619,0.428912,0.58899,0.850525,0.880436,0.740434,0.456559,0.0200964,0.607292,1,0.87088,0.584337,0.846374,0.911242,0.735743,0.912316,0.922941,0.897047,0.814549,0.522895,0.541318,0.659414,0.823399,0.878198,0.727231,0.870191,0.892991,0.690193,0.778979,0.804486,0.755987,0.433268,0.789912,0.750436,0.940138,0.899001,0.714579,0.897659,0.933142,0.653475,0.775354,0.850664,0.754141,0.678678,0.326695,0.633153,0.726671,0.827211,0.676842,0.247472,0.306172,0.566698,0.913463,0.866434,0.533179,0.750436
0.817214,0.707417,0.840371,0.775876,0.744452,0.486555,0.169659,0.584767,0.547227,0.668787,0.589548,0.557202,0.590762,0.862338,0.561525,0.789487,0.720274,0.447306,0.69736,0.804058,0.842897,0.642385,0.848438,0.842102,0.668123,0.70487,0.83514,0.684286,0.345345,0.291395,0.353985,0.598499,0.670666,0.820331,0.643139,0.303356,0.208226,0.594869,0.87088,1,0.530831,0.816991,0.820743,0.629791,0.8829,0.859224,0.839094,0.712739,0.428077,0.53924,0.546423,0.763709,0.800344,0.681909,0.770364,0.801177,0.594192,0.690973,0.687011,0.781532,0.384738,0.594199,0.596019,0.83535,0.786908,0.673798,0.829303,0.868515,0.463675,0.728164,0.733113,0.713197,0.602919,0.349936,0.441803,0.65094,0.770747,0.653312,0.332402,0.439243,0.490953,0.836119,0.786464,0.5651,0.649228
0.560491,0.509125,0.565034,0.559675,0.564606,0.374503,0.312205,0.325149,0.547008,0.593177,0.397238,0.436496,0.408801,0.608715,0.249962,0.488216,0.418839,0.433048,0.366998,0.556341,0.55157,0.44901,0.55499,0.653933,0.465285,0.599034,0.58976,0.563551,0.251581,-0.0183062,0.525357,0.326286,0.521011,0.594096,0.434547,0.0344466,0.0569259,0.497318,0.584337,0.530831,1,0.453796,0.611428,0.511474,0.568389,0.579054,0.612966,0.573516,0.399801,0.302889,0.519084,0.520172,0.586703,0.457806,0.48099,0.625141,0.520966,0.401307,0.461725,0.517789,0.271657,0.598982,0.46383,0.624346,0.543041,0.480688,0.538795,0.661648,0.544729,0.645914,0.64957,0.38966,0.549419,0.348427,0.467105,0.533709,0.541815,0.383347,0.298778,0.362456,0.182768,0.630275,0.512158,0.313996,0.523417
0.740765,0.687077,0.792506,0.661653,0.68919,0.386483,0.193737,0.47523,0.373698,0.632471,0.631547,0.430217,0.591659,0.740203,0.587422,0.764568,0.627103,0.491119,0.661374,0.741391,0.797666,0.530141,0.795928,0.770469,0.547557,0.551079,0.811423,0.653372,0.521353,0.186777,0.243769,0.39553,0.734868,0.737861,0.543882,0.284505,0.195796,0.416426,0.846374,0.816991,0.453796,1,0.754298,0.588844,0.758975,0.761349,0.717959,0.626142,0.291063,0.470617,0.511728,0.631315,0.704994,0.472661,0.673158,0.78744,0.509697,0.65843,0.580644,0.725946,0.528803,0.627148,0.655069,0.827054,0.764313,0.672391,0.743808,0.795067,0.583716,0.630865,0.738,0.666107,0.494004,0.200273,0.396766,0.594151,0.704887,0.496903,0.304361,0.362059,0.493266,0.775915,0.665052,0.520358,0.688638
0.970126,0.916004,0.948021,0.864588,0.882481,0.71207,0.376042,0.477467,0.60271,0.776311,0.764165,0.575718,0.752888,0.860882,0.58782,0.834461,0.828041,0.688619,0.607539,0.812595,0.819837,0.604718,0.855627,0.916404,0.660794,0.698885,0.820032,0.729086,0.404657,0.169271,0.482108,0.577227,0.817812,0.80491,0.676195,0.459818,0.0232302,0.5688,0.911242,0.820743,0.611428,0.754298,1,0.849383,0.94141,0.905009,0.843344,0.812033,0.550318,0.590192,0.581699,0.845776,0.839958,0.738114,0.896884,0.876345,0.720745,0.828079,0.856282,0.69647,0.37416,0.777232,0.680098,0.900858,0.830696,0.705104,0.833188,0.929279,0.637363,0.795015,0.840528,0.774378,0.626407,0.272404,0.643569,0.711943,0.738289,0.667553,0.27764,0.249219,0.59729,0.853377,0.873286,0.571432,0.705953
0.828306,0.870244,0.79372,0.721789,0.718915,0.652394,0.341013,0.357398,0.513746,0.60317,0.70351,0.510676,0.70904,0.785453,0.611586,0.847225,0.761114,0.586013,0.527342,0.708053,0.715773,0.543687,0.773965,0.737462,0.596242,0.478978,0.708743,0.668673,0.491581,0.261362,0.386167,0.356227,0.701456,0.606593,0.523453,0.376336,-0.215916,0.511904,0.735743,0.629791,0.511474,0.588844,0.849383,1,0.783055,0.723173,0.650397,0.740128,0.403863,0.463379,0.501583,0.638441,0.679455,0.734837,0.896008,0.84284,0.618946,0.90544,0.8362,0.462812,0.37218,0.676218,0.571113,0.721659,0.688044,0.637791,0.654437,0.735592,0.537994,0.629897,0.6789,0.573875,0.505288,0.232173,0.579508,0.579306,0.599039,0.525716,0.120665,0.128034,0.544421,0.734739,0.774081,0.422116,0.540667
0.935402,0.854106,0.955359,0.868594,0.810452,0.692097,0.368683,0.598926,0.600174,0.779993,0.763723,0.622053,0.715143,0.880495,0.61835,0.852319,0.84366,0.551345,0.653718,0.800406,0.863481,0.650073,0.834571,0.892579,0.658754,0.757963,0.795099,0.688778,0.306857,0.240938,0.449344,0.616425,0.753738,0.824438,0.733705,0.35129,0.040715,0.669041,0.912316,0.8829,0.568389,0.758975,0.94141,0.783055,1,0.947512,0.865189,0.811498,0.562702,0.582062,0.62747,0.892857,0.861134,0.789311,0.900259,0.868734,0.725374,0.784568,0.833797,0.745561,0.355408,0.729677,0.651651,0.860423,0.829097,0.654567,0.817471,0.922284,0.538594,0.766836,0.764722,0.753511,0.664694,0.289688,0.631123,0.777709,0.789462,0.656874,0.234474,0.322757,0.643562,0.90725,0.841749,0.550806,0.669606
0.899686,0.818948,0.922157,0.864285,0.835013,0.72291,0.352194,0.674544,0.639651,0.7942,0.821789,0.724285,0.735105,0.847975,0.567699,0.812168,0.848963,0.552885,0.71787,0.801269,0.875172,0.608506,0.798949,0.887188,0.604522,0.742314,0.791598,0.763348,0.276315,0.254923,0.483539,0.585235,0.81504,0.867576,0.777803,0.33994,0.0457161,0.689648,0.922941,0.859224,0.579054,0.761349,0.905009,0.723173,0.947512,1,0.856633,0.776915,0.470675,0.562333,0.680289,0.911252,0.90809,0.792306,0.873948,0.833567,0.699125,0.781103,0.78021,0.762397,0.4166,0.7637,0.739071,0.869452,0.860158,0.622306,0.791236,0.916951,0.569977,0.793654,0.787624,0.759941,0.626258,0.280163,0.710889,0.774458,0.800787,0.70303,0.273286,0.341127,0.558383,0.915171,0.814329,0.545928,0.700536
0.853826,0.789835,0.872458,0.894852,0.872118,0.52148,0.455551,0.62808,0.573803,0.791933,0.674514,0.538009,0.586905,0.849569,0.406877,0.743215,0.667105,0.512297,0.741852,0.831019,0.875835,0.601831,0.758259,0.930194,0.621804,0.810601,0.851614,0.697563,0.34657,0.238592,0.483728,0.591373,0.792889,0.846557,0.73164,0.414389,0.118094,0.627047,0.897047,0.839094,0.612966,0.717959,0.843344,0.650397,0.865189,0.856633,1,0.814754,0.558965,0.51551,0.668041,0.785411,0.854425,0.704688,0.790032,0.818607,0.697904,0.678716,0.739243,0.732873,0.509075,0.786884,0.627732,0.863649,0.899794,0.628107,0.856854,0.915584,0.635171,0.839024,0.83464,0.702121,0.663752,0.365253,0.622661,0.782943,0.774822,0.634958,0.222932,0.408265,0.485956,0.866133,0.795676,0.607096,0.72547
0.824611,0.825019,0.820984,0.783652,0.80909,0.499364,0.402996,0.476507,0.486451,0.719036,0.61453,0.570144,0.711988,0.793276,0.497222,0.764715,0.740425,0.416644,0.65159,0.808254,0.802023,0.571859,0.689807,0.815896,0.625191,0.605867,0.787694,0.69049,0.440068,0.1418,0.552154,0.570685,0.741916,0.745198,0.680039,0.447677,-0.209091,0.54953,0.814549,0.712739,0.573516,0.626142,0.812033,0.740128,0.811498,0.776915,0.814754,1,0.507922,0.437153,0.64169,0.701083,0.749011,0.742854,0.820924,0.826495,0.768663,0.7578,0.773926,0.59568,0.342802,0.701671,0.588192,0.818849,0.797199,0.54272,0.768043,0.827961,0.62569,0.783053,0.791219,0.68793,0.677004,0.221635,0.583455,0.664114,0.764472,0.661012,0.170926,0.210507,0.452761,0.79168,0.801235,0.485806,0.717374
0.588432,0.536912,0.575242,0.551902,0.472968,0.393188,0.442373,0.266143,0.465046,0.624274,0.463089,0.369064,0.498012,0.577294,0.169562,0.409738,0.484492,0.422791,0.302537,0.495823,0.504813,0.387353,0.423305,0.612217,0.472708,0.654076,0.464618,0.324491,0.0539937,0.0572349,0.256924,0.647608,0.430794,0.429279,0.550234,0.217502,0.131164,0.451969,0.522895,0.428077,0.399801,0.291063,0.550318,0.403863,0.562702,0.470675,0.558965,0.507922,1,0.343765,0.379066,0.531584,0.505062,0.458707,0.503827,0.560402,0.437428,0.280222,0.432098,0.46313,0.103464,0.469469,0.300702,0.528298,0.56027,0.291676,0.500727,0.620333,0.35407,0.529858,0.566193,0.406545,0.472396,0.244817,0.361101,0.462122,0.554252,0.462612,0.313197,0.117836,0.217871,0.548735,0.47789,0.373089,0.408412
0.57891,0.462196,0.525985,0.50654,0.466564,0.335513,0.15107,0.440746,0.23173,0.251075,0.382604,0.110244,0.198201,0.47104,0.271366,0.40212,0.348527,0.330081,0.235377,0.375184,0.409137,0.363647,0.523527,0.550834,0.342387,0.506319,0.383097,0.492772,0.0639778,0.0342566,0.140173,0.458828,0.416767,0.442372,0.418082,0.244688,0.057124,0.296792,0.541318,0.53924,0.302889,0.470617,0.590192,0.463379,0.582062,0.562333,0.51551,0.437153,0.343765,1,0.256162,0.475969,0.406844,0.33217,0.48173,0.457774,0.343151,0.363913,0.362253,0.396372,0.16741,0.491294,0.382721,0.504064,0.44268,0.298918,0.423895,0.560297,0.181435,0.48973,0.434484,0.444572,0.381296,0.216252,0.326102,0.364103,0.353727,0.349834,0.194547,0.221984,0.355635,0.458771,0.42893,0.30714,0.444366
0.551502,0.632717,0.635077,0.680313,0.583695,0.411169,0.353341,0.500079,0.332255,0.639608,0.608604,0.535707,0.543609,0.71828,0.298383,0.554892,0.555103,0.352955,0.585818,0.647938,0.638451,0.613502,0.496951,0.675991,0.553591,0.582001,0.591333,0.540875,0.226981,0.0128546,0.576487,0.356707,0.713168,0.685467,0.584477,0.123162,-0.145386,0.566918,0.659414,0.546423,0.519084,0.511728,0.581699,0.501583,0.62747,0.680289,0.668041,0.64169,0.379066,0.256162,1,0.604205,0.616598,0.525845,0.558195,0.706368,0.45526,0.526209,0.549233,0.485942,0.29524,0.722657,0.434623,0.598811,0.694893,0.488377,0.612569,0.718451,0.451701,0.522549,0.645517,0.384763,0.363371,0.216168,0.49381,0.537313,0.64903,0.536057,0.219491,0.423508,0.412394,0.732087,0.687006,0.439407,0.525774
0.836537,0.736987,0.833887,0.809213,0.764464,0.752602,0.377408,0.61456,0.664668,0.762133,0.808335,0.717442,0.659989,0.731384,0.552036,0.721164,0.789343,0.561288,0.607674,0.677297,0.744399,0.508754,0.738789,0.840036,0.582667,0.749867,0.691351,0.572006,0.106776,0.183728,0.485829,0.582524,0.687801,0.759043,0.77233,0.323401,0.0606529,0.637291,0.823399,0.763709,0.520172,0.631315,0.845776,0.638441,0.892857,0.911252,0.785411,0.701083,0.531584,0.475969,0.604205,1,0.898746,0.802247,0.810138,0.717584,0.696747,0.669333,0.756497,0.733212,0.370707,0.695445,0.623781,0.769149,0.754031,0.573225,0.751604,0.850778,0.469634,0.695551,0.68666,0.665105,0.525733,0.249552,0.695648,0.784307,0.758426,0.647435,0.280815,0.327995,0.539562,0.798565,0.764255,0.474019,0.621576
0.853694,0.783772,0.835218,0.807615,0.808569,0.690244,0.439019,0.647499,0.708308,0.813517,0.791369,0.755914,0.715867,0.773522,0.532048,0.77166,0.799229,0.555498,0.755878,0.770051,0.846017,0.472185,0.778257,0.865492,0.673408,0.715968,0.796077,0.65468,0.325089,0.328229,0.447858,0.532891,0.753335,0.805461,0.839482,0.294531,0.100129,0.630823,0.878198,0.800344,0.586703,0.704994,0.839958,0.679455,0.861134,0.90809,0.854425,0.749011,0.505062,0.406844,0.616598,0.898746,1,0.822778,0.828732,0.771306,0.702157,0.733012,0.765679,0.806794,0.533693,0.696266,0.696602,0.836052,0.818885,0.622639,0.796484,0.872628,0.615901,0.741255,0.742997,0.729176,0.615309,0.239665,0.668795,0.747589,0.81824,0.666031,0.293704,0.343179,0.389836,0.862349,0.745907,0.451333,0.736
