1,0.582851,0.925485,0.70904,0.599479,0.540733,0.58188,0.120621,0.573611,0.383168,0.646465,0.707615,0.743917,0.364614,0.514799,0.352746,0.679667,0.522364,0.532519,0.771322,0.797331,0.642249,0.774838,0.883929,0.534182,0.690419,0.792113,0.708376,0.248204,0.526464,0.294918,0.675216,0.730308,0.771309,0.580605,0.389378,0.451096,0.605269,0.822393,0.803712,0.210372,0.484937,0.865463,0.409018,0.878764,0.728575,0.787632,0.839653,0.29244,0.41175,0.580037,0.49679,0.655108,0.802647,0.650375,0.648958,0.74244,0.526374,0.751216,0.635895,0.451612,0.530802,0.613958,0.810087,0.819077,0.582336,0.632185,0.846541,0.612026,0.700714,0.71588,0.483705,0.411063,0.636848,0.661066,0.87539,0.831243,0.648942,0.427057,0.489883,0.566691,0.846888,0.65626,0.351396,0.71155
0.582851,1,0.514872,0.345435,0.324226,0.420721,0.473479,0.218881,0.434858,0.188724,0.297646,0.464318,0.389919,0.78126,0.291011,0.46269,0.383989,0.588232,0.406486,0.508762,0.488151,0.346873,0.545779,0.54948,0.128361,0.404611,0.488001,0.243333,0.0443654,0.31245,0.0745853,0.307953,0.597083,0.459021,0.265133,0.418682,0.432466,0.392768,0.475837,0.482802,0.0107238,0.408511,0.577838,0.829163,0.493106,0.27022,0.578932,0.53858,0.382099,0.396636,0.2935,0.33523,0.437768,0.524463,0.4574,0.729121,0.303781,0.515509,0.361973,0.253304,0.41582,0.494507,0.450273,0.439947,0.541983,0.363174,0.167429,0.481701,0.320658,0.427723,0.56008,0.39386,0.115069,0.418481,0.403831,0.41865,0.506647,0.433053,0.243289,0.447762,0.264089,0.490445,0.413865,0.310126,0.44037
0.925485,0.514872,1,0.824327,0.752461,0.645373,0.634682,0.323987,0.604734,0.555035,0.777206,0.77138,0.85058,0.394266,0.555214,0.37335,0.780591,0.485812,0.606134,0.849108,0.88829,0.619832,0.809367,0.92924,0.65735,0.677636,0.806675,0.744174,0.182307,0.538956,0.314448,0.683621,0.816289,0.795831,0.677409,0.390064,0.418942,0.637628,0.901176,0.873929,0.292492,0.554561,0.85322,0.38216,0.949818,0.858518,0.837573,0.849051,0.273077,0.507666,0.607041,0.622735,0.758315,0.845847,0.773199,0.653826,0.764739,0.576602,0.84619,0.701274,0.573832,0.590031,0.649391,0.890957,0.870849,0.687937,0.677899,0.938915,0.587792,0.748185,0.750242,0.540025,0.375986,0.630692,0.64455,0.878609,0.877405,0.584197,0.479708,0.56231,0.536428,0.935525,0.704583,0.436837,0.704584
0.70904,0.345435,0.824327,1,0.842891,0.612364,0.461335,0.223485,0.492557,0.654721,0.840796,0.616568,0.769727,0.237511,0.445816,0.277183,0.83453,0.42245,0.500179,0.785669,0.785387,0.466663,0.684266,0.818464,0.622077,0.541001,0.607156,0.577754,0.193751,0.525145,0.355165,0.729937,0.734654,0.66207,0.596643,0.22136,0.272251,0.509018,0.763113,0.79331,0.362233,0.490165,0.797318,0.373837,0.855307,0.85134,0.660154,0.676105,0.16287,0.495318,0.325307,0.772752,0.832908,0.710907,0.759005,0.542508,0.643757,0.572985,0.829831,0.694438,0.596484,0.487889,0.536043,0.812115,0.828232,0.595265,0.667807,0.796941,0.477757,0.734221,0.589375,0.5198,0.339615,0.605051,0.52457,0.716414,0.723922,0.466628,0.358608,0.363632,0.470355,0.799831,0.566414,0.475771,0.56806
0.599479,0.324226,0.752461,0.842891,1,0.646722,0.359263,0.267777,0.510742,0.656259,0.78539,0.539676,0.701589,0.257264,0.521239,0.164872,0.670438,0.346117,0.393837,0.680542,0.692919,0.307793,0.706836,0.744638,0.521347,0.33695,0.46743,0.445687,0.155546,0.457144,0.307788,0.542267,0.608361,0.525964,0.449838,0.253447,0.310675,0.240213,0.679758,0.653405,0.193197,0.381563,0.728383,0.368569,0.708218,0.789994,0.664626,0.617647,0.133201,0.461983,0.242247,0.652876,0.67492,0.687307,0.656033,0.51394,0.510737,0.414693,0.736801,0.580484,0.55953,0.387657,0.537304,0.706182,0.706931,0.629267,0.582156,0.794711,0.542954,0.657938,0.425363,0.275485,0.157333,0.504936,0.439163,0.605885,0.598078,0.354589,0.236656,0.490202,0.315286,0.740223,0.52127,0.441341,0.402661
0.540733,0.420721,0.645373,0.612364,0.646722,1,0.397607,0.369195,0.6672,0.629397,0.777554,0.635657,0.716659,0.433623,0.588657,0.291796,0.578174,0.441243,0.437262,0.689942,0.625118,0.424507,0.627737,0.650555,0.466276,0.487633,0.481434,0.433105,0.181782,0.39139,0.191167,0.297473,0.628036,0.383856,0.709895,0.493559,0.340297,0.286494,0.518586,0.52043,0.326786,0.547848,0.606259,0.525665,0.645451,0.539434,0.60364,0.63332,0.215524,0.421436,0.226817,0.697488,0.682541,0.626273,0.697522,0.479367,0.511698,0.48156,0.609236,0.535151,0.59698,0.507736,0.357369,0.698284,0.674741,0.59429,0.396675,0.706225,0.535125,0.626782,0.535538,0.428793,0.354962,0.421885,0.557951,0.608589,0.562367,0.301626,0.255083,0.439559,0.353323,0.644194,0.431361,0.400862,0.43046
0.58188,0.473479,0.634682,0.461335,0.359263,0.397607,1,0.473392,0.341637,0.299701,0.405838,0.548622,0.518268,0.427126,0.448761,0.236889,0.44205,0.272678,0.332056,0.461207,0.529151,0.351972,0.584306,0.653295,0.566267,0.388649,0.719471,0.542459,0.160258,0.371851,0.159922,0.42594,0.638993,0.593092,0.492036,0.209431,0.419944,0.56144,0.531606,0.597211,0.270595,0.443598,0.519142,0.301167,0.659685,0.483398,0.492126,0.543249,0.289522,0.547328,0.482399,0.318993,0.42844,0.5291,0.526918,0.464058,0.425948,0.35026,0.434888,0.464258,0.325662,0.491886,0.31318,0.559993,0.501424,0.254231,0.516343,0.655401,0.351471,0.364438,0.766086,0.570253,0.38882,0.541047,0.501824,0.576922,0.665047,0.346425,0.236052,0.337449,0.292488,0.593356,0.443102,0.285549,0.553468
0.120621,0.218881,0.323987,0.223485,0.267777,0.369195,0.473392,1,0.273038,0.28965,0.226873,0.371347,0.279543,0.36108,0.268399,0.122022,0.148414,0.145122,0.224239,0.226204,0.288523,0.0924306,0.265375,0.348932,0.28391,0.0322783,0.436359,0.388762,0.0828573,0.214776,-0.0703092,0.0744532,0.407324,0.287164,0.281741,0.263736,0.342621,0.45559,0.297454,0.315852,0.178327,0.300371,0.10058,0.131284,0.353074,0.268103,0.325395,0.329528,0.242951,0.59406,0.34541,0.295066,0.223722,0.218363,0.312607,0.31499,0.227925,0.115764,0.204955,0.23736,0.384959,0.317108,0.157507,0.321296,0.220743,0.338055,0.209041,0.421313,0.201197,0.136592,0.487156,0.34517,0.079052,0.0890463,0.178354,0.224524,0.265326,-0.0513053,0.0764248,0.130813,-0.0745072,0.327965,0.242233,0.20052,0.0933739
0.573611,0.434858,0.604734,0.492557,0.510742,0.6672,0.341637,0.273038,1,0.377351,0.565701,0.420916,0.626539,0.347733,0.629472,0.148846,0.411857,0.669137,0.413329,0.563613,0.507658,0.40182,0.622611,0.668467,0.32181,0.322986,0.472568,0.437177,0.149371,0.415773,0.254682,0.254328,0.532397,0.345078,0.62317,0.322375,0.503499,0.361113,0.54747,0.505936,0.25864,0.410196,0.560623,0.491923,0.597544,0.46215,0.599526,0.642944,0.334047,0.477535,0.301974,0.58079,0.578444,0.594898,0.522187,0.50509,0.478191,0.348491,0.555326,0.343347,0.391288,0.387205,0.399134,0.618256,0.564182,0.623882,0.542143,0.652111,0.656891,0.498444,0.503694,0.323198,0.370519,0.410327,0.583435,0.5897,0.507677,0.221986,0.22268,0.35296,0.312421,0.593081,0.503013,0.317466,0.339445
0.383168,0.188724,0.555035,0.654721,0.656259,0.629397,0.299701,0.28965,0.377351,1,0.875981,0.513734,0.612898,0.359856,0.394218,0.167967,0.61653,0.195976,0.332092,0.49957,0.521734,0.36215,0.606715,0.474943,0.518114,0.323806,0.391168,0.304973,0.139004,0.416323,0.111049,0.391702,0.527978,0.416694,0.398279,0.208583,0.115073,0.247824,0.422835,0.43104,0.188535,0.434318,0.495288,0.38604,0.580613,0.617693,0.398467,0.446557,0.128573,0.34732,0.0366493,0.770605,0.712532,0.505111,0.655053,0.390051,0.314709,0.390153,0.573608,0.578462,0.376891,0.256361,0.381911,0.525574,0.601141,0.496974,0.422575,0.497413,0.490595,0.427674,0.446926,0.236072,0.00248694,0.424944,0.309372,0.439219,0.394329,0.351014,0.149532,0.357204,0.218285,0.608708,0.379553,0.254373,0.288067
0.646465,0.297646,0.777206,0.840796,0.78539,0.777554,0.405838,0.226873,0.565701,0.875981,1,0.656054,0.8266,0.331297,0.538266,0.261796,0.790207,0.411069,0.46218,0.746478,0.729661,0.499937,0.756223,0.726776,0.640877,0.530351,0.534448,0.491593,0.234478,0.47892,0.214007,0.558206,0.692323,0.57011,0.636266,0.314143,0.179238,0.40257,0.657429,0.651723,0.273583,0.512824,0.708822,0.424894,0.785083,0.751479,0.611193,0.662212,0.18015,0.437135,0.200516,0.823708,0.842732,0.674849,0.765629,0.487647,0.589562,0.535282,0.77887,0.758503,0.513654,0.413511,0.491054,0.764637,0.797921,0.67431,0.579832,0.733242,0.521983,0.655536,0.572131,0.419388,0.264706,0.523572,0.529837,0.700268,0.660157,0.4447,0.268944,0.408699,0.457425,0.802474,0.551098,0.410693,0.519003
0.707615,0.464318,0.77138,0.616568,0.539676,0.635657,0.548622,0.371347,0.420916,0.513734,0.656054,1,0.845041,0.447232,0.328559,0.477289,0.779315,0.302588,0.561812,0.757781,0.774723,0.71617,0.625207,0.689639,0.516266,0.708258,0.752566,0.739246,0.0453634,0.495983,0.26175,0.429484,0.692243,0.642976,0.571072,0.377343,0.47122,0.532029,0.739915,0.691022,0.292895,0.476076,0.63303,0.346686,0.750285,0.591124,0.581956,0.687814,0.185621,0.436466,0.529799,0.498819,0.584354,0.748573,0.765035,0.638859,0.676365,0.615816,0.719189,0.568495,0.424853,0.646114,0.654569,0.762617,0.808594,0.601557,0.428013,0.712576,0.526166,0.518181,0.626179,0.459005,0.282374,0.530399,0.549035,0.674412,0.81298,0.746486,0.389772,0.504102,0.550547,0.803798,0.468311,0.308835,0.656894
0.743917,0.389919,0.85058,0.769727,0.701589,0.716659,0.518268,0.279543,0.626539,0.612898,0.8266,0.845041,1,0.358569,0.447048,0.468363,0.870997,0.422363,0.655755,0.857105,0.862109,0.70173,0.732438,0.795068,0.596663,0.669435,0.7172,0.705762,0.0726804,0.501969,0.312939,0.589427,0.76997,0.659237,0.696982,0.351678,0.382287,0.546348,0.828708,0.784712,0.270735,0.601077,0.688474,0.394869,0.852288,0.742192,0.683466,0.73426,0.214672,0.544258,0.444713,0.704629,0.800935,0.77152,0.864813,0.592459,0.704202,0.699098,0.867918,0.717912,0.46516,0.596401,0.694109,0.889102,0.877042,0.703991,0.603692,0.812622,0.589216,0.620611,0.672011,0.461552,0.338126,0.594748,0.614807,0.760751,0.819467,0.592413,0.450579,0.47099,0.663828,0.900223,0.622749,0.383444,0.673638
0.364614,0.78126,0.394266,0.237511,0.257264,0.433623,0.427126,0.36108,0.347733,0.359856,0.331297,0.447232,0.358569,1,0.320776,0.37138,0.34972,0.302212,0.351205,0.393698,0.354065,0.196656,0.427529,0.437671,0.146308,0.365186,0.45218,0.268599,0.0726069,0.288245,-0.051674,0.226358,0.515921,0.384924,0.292884,0.343127,0.313396,0.331097,0.29404,0.326853,-0.00363529,0.414986,0.368545,0.763342,0.418005,0.193405,0.453421,0.444634,0.489681,0.434891,0.233235,0.373646,0.371379,0.449511,0.533013,0.814835,0.198394,0.439189,0.354303,0.151879,0.28685,0.39447,0.342976,0.329497,0.401361,0.191037,0.166759,0.384289,0.254154,0.257761,0.464128,0.410927,0.0826371,0.34923,0.239184,0.289734,0.370355,0.30422,0.329122,0.494074,0.0514793,0.368229,0.327923,0.137794,0.248079
0.514799,0.291011,0.555214,0.445816,0.521239,0.588657,0.448761,0.268399,0.629472,0.394218,0.538266,0.328559,0.447048,0.320776,1,0.140001,0.290508,0.284513,0.407268,0.508803,0.484109,0.226408,0.616369,0.654817,0.322359,0.179178,0.475249,0.381184,0.373939,0.379927,0.220505,0.435515,0.461975,0.450477,0.609334,0.380978,0.255736,0.381695,0.411935,0.518033,0.20709,0.415074,0.527251,0.325789,0.542496,0.457082,0.47939,0.524893,0.404854,0.40521,0.211029,0.442334,0.399843,0.455236,0.4312,0.438686,0.418007,0.258089,0.450636,0.331329,0.443527,0.226902,0.25927,0.606132,0.489837,0.370297,0.366016,0.66618,0.519658,0.626913,0.421684,0.262495,0.425841,0.495965,0.517727,0.538056,0.510931,0.0860656,0.392499,0.307442,0.169669,0.519647,0.466552,0.25291,0.15223
0.352746,0.46269,0.37335,0.277183,0.164872,0.291796,0.236889,0.122022,0.148846,0.167967,0.261796,0.477289,0.468363,0.37138,0.140001,1,0.478438,0.154754,0.820756,0.659772,0.641111,0.587473,0.308992,0.353055,-0.0642245,0.408659,0.393752,0.401595,0.0551244,0.382829,-0.0347619,0.27649,0.432519,0.576951,0.318977,0.362036,0.150664,0.521444,0.546714,0.563592,-0.0694976,0.498145,0.331338,0.339193,0.395994,0.249571,0.423915,0.269412,0.163698,0.310492,0.355707,0.288309,0.370804,0.371136,0.461975,0.441765,0.340105,0.862291,0.378832,0.274757,0.276711,0.543083,0.710599,0.56196,0.628868,0.364384,0.0170332,0.360544,0.197699,0.416054,0.356392,0.0107836,0.19621,0.354525,0.485214,0.334622,0.500053,0.537957,0.550245,0.251142,0.5194,0.508773,0.593711,0.276863,0.356411
0.679667,0.383989,0.780591,0.83453,0.670438,0.578174,0.44205,0.148414,0.411857,0.61653,0.790207,0.779315,0.870997,0.34972,0.290508,0.478438,1,0.36198,0.628245,0.795137,0.820537,0.673324,0.670666,0.731669,0.569463,0.707774,0.659316,0.651099,0.125995,0.544118,0.323031,0.663749,0.783049,0.662325,0.572214,0.22939,0.200009,0.499415,0.765069,0.765616,0.331554,0.487872,0.73803,0.399054,0.828827,0.760479,0.6154,0.625771,0.248956,0.434019,0.347268,0.718982,0.790161,0.740377,0.851291,0.590373,0.675076,0.747111,0.868384,0.67036,0.499028,0.612522,0.647843,0.809542,0.853187,0.61419,0.51682,0.678728,0.36778,0.631055,0.574088,0.529232,0.347481,0.575438,0.497556,0.663471,0.800594,0.615295,0.485376,0.411002,0.604649,0.834274,0.588473,0.352729,0.67269
0.522364,0.588232,0.485812,0.42245,0.346117,0.441243,0.272678,0.145122,0.669137,0.195976,0.411069,0.302588,0.422363,0.302212,0.284513,0.154754,0.36198,1,0.20197,0.473224,0.388358,0.351385,0.583854,0.56283,0.351524,0.356772,0.371943,0.134504,0.0953994,0.144841,0.13529,0.209167,0.50251,0.321753,0.336972,0.382359,0.357686,0.250282,0.421037,0.433541,0.0597648,0.279041,0.494733,0.53265,0.492092,0.244771,0.55775,0.562985,0.270606,0.241408,0.281373,0.4505,0.528631,0.460461,0.375256,0.3488,0.419587,0.313115,0.418238,0.407267,0.45886,0.31241,0.261442,0.447349,0.501355,0.560477,0.321115,0.484778,0.259491,0.41124,0.47244,0.371332,0.238548,0.108072,0.472488,0.502364,0.447166,0.181306,-0.00216176,0.242164,0.283737,0.455104,0.456677,0.224742,0.492511
0.532519,0.406486,0.606134,0.500179,0.393837,0.437262,0.332056,0.224239,0.413329,0.332092,0.46218,0.561812,0.655755,0.351205,0.407268,0.820756,0.628245,0.20197,1,0.779846,0.826632,0.63554,0.487172,0.575803,0.131794,0.492821,0.574388,0.608257,-0.0143465,0.438642,0.184062,0.503081,0.617144,0.70329,0.527011,0.40623,0.221136,0.659459,0.714889,0.735605,0.0976859,0.536329,0.540107,0.34219,0.645383,0.565493,0.560189,0.499899,0.406156,0.374734,0.433902,0.45026,0.533612,0.546414,0.612485,0.556552,0.515473,0.832778,0.599682,0.395166,0.410138,0.580261,0.768946,0.771553,0.750709,0.490062,0.331148,0.598166,0.411387,0.610832,0.468088,0.156951,0.283966,0.58524,0.609505,0.56233,0.634172,0.493009,0.7167,0.397463,0.618308,0.71327,0.716175,0.411822,0.494961
0.771322,0.508762,0.849108,0.785669,0.680542,0.689942,0.461207,0.226204,0.563613,0.49957,0.746478,0.757781,0.857105,0.393698,0.508803,0.659772,0.795137,0.473224,0.779846,1,0.937917,0.702211,0.683282,0.845408,0.483053,0.676235,0.6861,0.690029,0.156752,0.529105,0.223788,0.643531,0.717683,0.731853,0.686473,0.430023,0.341789,0.635624,0.89701,0.861297,0.156077,0.62293,0.756771,0.44695,0.827178,0.71828,0.749462,0.746206,0.17346,0.48878,0.502731,0.65602,0.771396,0.718899,0.774173,0.663289,0.743143,0.765647,0.791204,0.632056,0.632956,0.587809,0.753762,0.934632,0.949975,0.714976,0.495292,0.857666,0.526646,0.760806,0.620625,0.434158,0.313038,0.543574,0.721636,0.749477,0.817473,0.595059,0.536955,0.541442,0.654453,0.870726,0.744536,0.552489,0.657772
0.797331,0.488151,0.88829,0.785387,0.692919,0.625118,0.529151,0.288523,0.507658,0.521734,0.729661,0.774723,0.862109,0.354065,0.484109,0.641111,0.820537,0.388358,0.826632,0.937917,1,0.724441,0.713435,0.827774,0.478013,0.654023,0.746559,0.707252,0.122412,0.540411,0.256942,0.718099,0.799843,0.820581,0.670517,0.412052,0.320272,0.705645,0.9188,0.901199,0.177313,0.632945,0.793843,0.393302,0.87704,0.805711,0.749364,0.751958,0.255434,0.478905,0.493901,0.632257,0.774408,0.738583,0.77434,0.630586,0.707604,0.785153,0.792396,0.696637,0.582483,0.678323,0.781909,0.938073,0.932809,0.689849,0.524845,0.856558,0.555515,0.767137,0.677924,0.436683,0.319178,0.649984,0.68162,0.767886,0.858963,0.604641,0.593679,0.54512,0.661489,0.934357,0.755997,0.503324,0.711176
0.642249,0.346873,0.619832,0.466663,0.307793,0.424507,0.351972,0.0924306,0.40182,0.36215,0.499937,0.71617,0.70173,0.196656,0.226408,0.587473,0.673324,0.351385,0.63554,0.702211,0.724441,1,0.57213,0.574133,0.321763,0.690014,0.693369,0.650198,0.0704437,0.479639,0.108354,0.422939,0.556906,0.537981,0.508906,0.158873,0.388961,0.555891,0.710171,0.60982,0.113167,0.451139,0.560803,0.263738,0.652858,0.515928,0.501618,0.592917,0.0395411,0.217106,0.42743,0.455651,0.561486,0.606078,0.611262,0.43425,0.614936,0.672244,0.575296,0.483091,0.239871,0.619995,0.679056,0.721205,0.776085,0.589607,0.348026,0.538486,0.50895,0.466202,0.616466,0.246388,0.198845,0.402662,0.526862,0.527779,0.655779,0.676684,0.405287,0.290924,0.618075,0.696899,0.547967,0.24993,0.582245
0.774838,0.545779,0.809367,0.684266,0.706836,0.627737,0.584306,0.265375,0.622611,0.606715,0.756223,0.625207,0.732438,0.427529,0.616369,0.308992,0.670666,0.583854,0.487172,0.683282,0.713435,0.57213,1,0.818886,0.603577,0.508929,0.716296,0.501896,0.249654,0.395951,0.201314,0.535957,0.77277,0.630794,0.546614,0.372115,0.359482,0.45503,0.690736,0.678419,0.13031,0.4359,0.759181,0.532968,0.821626,0.729187,0.707432,0.743006,0.337896,0.401287,0.342312,0.649093,0.694296,0.78643,0.726419,0.587543,0.607572,0.545388,0.745943,0.690481,0.461611,0.510938,0.509139,0.757941,0.782157,0.66033,0.545364,0.789829,0.51879,0.5858,0.721273,0.382669,0.293815,0.561285,0.595723,0.770037,0.709112,0.515197,0.307679,0.440661,0.478593,0.815229,0.633068,0.28917,0.595943
0.883929,0.54948,0.92924,0.818464,0.744638,0.650555,0.653295,0.348932,0.668467,0.474943,0.726776,0.689639,0.795068,0.437671,0.654817,0.353055,0.731669,0.56283,0.575803,0.845408,0.827774,0.574133,0.818886,1,0.62179,0.631377,0.801381,0.729252,0.291952,0.563584,0.244547,0.726304,0.816369,0.739404,0.677327,0.36418,0.48884,0.631837,0.844219,0.845645,0.312783,0.521436,0.836326,0.441585,0.933925,0.802837,0.839795,0.848992,0.337601,0.583863,0.606611,0.664824,0.747535,0.798548,0.760617,0.729551,0.774567,0.55871,0.845828,0.643443,0.601564,0.570534,0.587193,0.906116,0.85042,0.662829,0.715065,0.955096,0.5957,0.748593,0.740022,0.574807,0.463049,0.624379,0.698009,0.832537,0.846281,0.486311,0.470229,0.461516,0.494078,0.855005,0.736727,0.41055,0.609306
0.534182,0.128361,0.65735,0.622077,0.521347,0.466276,0.566267,0.28391,0.32181,0.518114,0.640877,0.516266,0.596663,0.146308,0.322359,-0.0642245,0.569463,0.351524,0.131794,0.483053,0.478013,0.321763,0.603577,0.62179,1,0.55713,0.633291,0.448357,0.207022,0.107361,0.211905,0.441289,0.586394,0.438684,0.475307,0.0930958,0.224042,0.350335,0.538568,0.507203,0.384777,0.354572,0.498766,0.194423,0.663535,0.618107,0.409185,0.479922,0.119808,0.255644,0.424344,0.508907,0.584426,0.544565,0.616155,0.241051,0.574563,0.20895,0.587795,0.664305,0.445471,0.3161,0.159679,0.545661,0.515551,0.429996,0.595621,0.64256,0.216147,0.33445,0.603523,0.650392,0.238489,0.309855,0.455293,0.564903,0.586926,0.271828,0.01989,0.238396,0.372608,0.601254,0.42328,0.219782,0.53979
0.690419,0.404611,0.677636,0.541001,0.33695,0.487633,0.388649,0.0322783,0.322986,0.323806,0.530351,0.708258,0.669435,0.365186,0.179178,0.408659,0.707774,0.356772,0.492821,0.676235,0.654023,0.690014,0.508929,0.631377,0.55713,1,0.67323,0.613643,0.0763281,0.27973,0.12676,0.468521,0.61119,0.556013,0.497716,0.240879,0.323536,0.45778,0.621943,0.558586,0.338069,0.335091,0.631317,0.369017,0.712534,0.545638,0.530581,0.622029,0.229906,0.0926519,0.495408,0.404085,0.584641,0.682824,0.706728,0.517249,0.714967,0.59655,0.682483,0.46931,0.321751,0.571274,0.453892,0.63286,0.704322,0.396728,0.443439,0.575921,0.332586,0.447839,0.560337,0.620691,0.370914,0.403138,0.472441,0.596725,0.678798,0.632358,0.426887,0.291795,0.583933,0.648849,0.481916,0.151392,0.629105
0.792113,0.488001,0.806675,0.607156,0.46743,0.481434,0.719471,0.436359,0.472568,0.391168,0.534448,0.752566,0.7172,0.45218,0.475249,0.393752,0.659316,0.371943,0.574388,0.6861,0.746559,0.693369,0.716296,0.801381,0.633291,0.67323,1,0.780218,0.244693,0.480364,0.223911,0.591362,0.751203,0.743566,0.574342,0.318302,0.535904,0.753552,0.775886,0.776576,0.251631,0.593497,0.688964,0.389701,0.850424,0.654323,0.647062,0.718292,0.42486,0.460131,0.640626,0.506646,0.597215,0.751666,0.751388,0.659317,0.698313,0.555307,0.679285,0.544899,0.451146,0.656419,0.562149,0.782825,0.757195,0.502785,0.610888,0.798158,0.532109,0.534115,0.817035,0.570406,0.341244,0.565961,0.645405,0.688447,0.785398,0.56465,0.387876,0.353203,0.47772,0.787819,0.656396,0.21723,0.605778
0.708376,0.243333,0.744174,0.577754,0.445687,0.433105,0.542459,0.388762,0.437177,0.304973,0.491593,0.739246,0.705762,0.268599,0.381184,0.401595,0.651099,0.134504,0.608257,0.690029,0.707252,0.650198,0.501896,0.729252,0.448357,0.613643,0.780218,1,0.195065,0.560404,0.256306,0.468964,0.576025,0.650089,0.60965,0.197323,0.447731,0.722692,0.782782,0.706079,0.308599,0.37798,0.571119,0.106252,0.748721,0.644153,0.601631,0.641736,0.212478,0.518369,0.609538,0.386206,0.435061,0.617894,0.605728,0.60384,0.674339,0.484185,0.685178,0.445971,0.292947,0.510482,0.622993,0.741979,0.684677,0.503287,0.558426,0.716713,0.520035,0.478633,0.576117,0.429952,0.332054,0.474216,0.51647,0.654623,0.735056,0.578436,0.477887,0.334825,0.54236,0.739594,0.536496,0.419495,0.509914
0.248204,0.0443654,0.182307,0.193751,0.155546,0.181782,0.160258,0.0828573,0.149371,0.139004,0.234478,0.0453634,0.0726804,0.0726069,0.373939,0.0551244,0.125995,0.0953994,-0.0143465,0.156752,0.122412,0.0704437,0.249654,0.291952,0.207022,0.0763281,0.244693,0.195065,1,0.423743,-0.0659231,0.252719,0.22895,0.26559,0.205953,0.104729,-0.135135,0.26979,0.119588,0.163701,0.151254,0.270873,0.302152,0.0126684,0.230463,0.162117,0.227628,0.0810815,0.0867452,0.199607,0.121046,0.275199,0.209378,0.123218,0.0972584,0.140811,0.0640892,0.0940377,0.148134,0.269108,0.175898,0.238021,-0.0205502,0.230944,0.145344,0.297204,0.210894,0.215198,0.162154,0.22211,0.276792,0.208394,0.365747,0.0700923,0.250796,0.170705,0.279896,0.0120407,0.0106281,-0.0904767,0.0901014,0.156398,0.393589,-0.0788123,-0.115844
0.526464,0.31245,0.538956,0.525145,0.457144,0.39139,0.371851,0.214776,0.415773,0.416323,0.47892,0.495983,0.501969,0.288245,0.379927,0.382829,0.544118,0.144841,0.438642,0.529105,0.540411,0.479639,0.395951,0.563584,0.107361,0.27973,0.480364,0.560404,0.423743,1,0.0856128,0.482723,0.415573,0.515525,0.359954,0.186128,0.190462,0.431833,0.513105,0.541712,0.265509,0.408701,0.622342,0.203875,0.559384,0.473534,0.495117,0.481155,0.166129,0.537064,0.318875,0.430609,0.438584,0.495693,0.45001,0.539975,0.378125,0.418782,0.469833,0.290873,0.360691,0.424984,0.525462,0.603002,0.559423,0.505807,0.410767,0.501028,0.525811,0.506437,0.425299,0.141828,0.285535,0.442676,0.438381,0.386238,0.516657,0.396551,0.360152,0.271776,0.253135,0.515597,0.537347,0.245322,0.172981
0.294918,0.0745853,0.314448,0.355165,0.307788,0.191167,0.159922,-0.0703092,0.254682,0.111049,0.214007,0.26175,0.312939,-0.051674,0.220505,-0.0347619,0.323031,0.13529,0.184062,0.223788,0.256942,0.108354,0.201314,0.244547,0.211905,0.12676,0.223911,0.256306,-0.0659231,0.0856128,1,0.195675,0.314085,0.257128,0.297462,0.223834,0.0987819,0.181492,0.300016,0.415058,0.296571,0.2787,0.20406,0.0980852,0.268189,0.26792,0.0890732,0.0365265,0.128249,0.104432,0.120465,0.21746,0.241416,0.388341,0.314015,0.154959,0.23011,0.193936,0.390685,0.0468699,0.111558,0.086084,0.20429,0.281829,0.274625,0.137941,0.247617,0.282167,0.263157,0.387623,0.158353,0.213705,0.312517,0.141436,0.103174,0.340685,0.393651,0.183857,0.19047,0.206246,0.416712,0.376925,0.0929416,0.18957,0.309842
0.675216,0.307953,0.683621,0.729937,0.542267,0.297473,0.42594,0.0744532,0.254328,0.391702,0.558206,0.429484,0.589427,0.226358,0.435515,0.27649,0.663749,0.209167,0.503081,0.643531,0.718099,0.422939,0.535957,0.726304,0.441289,0.468521,0.591362,0.468964,0.252719,0.482723,0.195675,1,0.667952,0.656857,0.437411,0.152543,0.129664,0.563636,0.633712,0.70978,0.211011,0.503575,0.675628,0.271548,0.74265,0.733025,0.515234,0.578526,0.266185,0.432772,0.296936,0.585159,0.701273,0.500576,0.601326,0.524191,0.572537,0.504201,0.673945,0.586528,0.442631,0.381471,0.448691,0.72374,0.662904,0.344593,0.572989,0.651063,0.401322,0.641345,0.560653,0.508786,0.376823,0.667891,0.45438,0.597558,0.628834,0.325737,0.555572,0.281534,0.430082,0.641187,0.581409,0.210902,0.476479
0.730308,0.597083,0.816289,0.734654,0.608361,0.628036,0.638993,0.407324,0.532397,0.527978,0.692323,0.692243,0.76997,0.515921,0.461975,0.432519,0.783049,0.50251,0.617144,0.717683,0.799843,0.556906,0.77277,0.816369,0.586394,0.61119,0.751203,0.576025,0.22895,0.415573,0.314085,0.667952,1,0.753266,0.667286,0.378288,0.351188,0.661518,0.728307,0.788297,0.424641,0.585541,0.728827,0.50842,0.876458,0.743931,0.713206,0.661961,0.424062,0.517174,0.490301,0.717303,0.797074,0.747351,0.801018,0.648008,0.582714,0.716145,0.798773,0.705964,0.49436,0.728245,0.528411,0.809638,0.773745,0.613843,0.603245,0.78433,0.440196,0.679567,0.797881,0.630522,0.509287,0.62191,0.536476,0.739549,0.851632,0.464828,0.531633,0.413021,0.556388,0.838113,0.674928,0.255682,0.635808
0.771309,0.459021,0.795831,0.66207,0.525964,0.383856,0.593092,0.287164,0.345078,0.416694,0.57011,0.642976,0.659237,0.384924,0.450477,0.576951,0.662325,0.321753,0.70329,0.731853,0.820581,0.537981,0.630794,0.739404,0.438684,0.556013,0.743566,0.650089,0.26559,0.515525,0.257128,0.656857,0.753266,1,0.507048,0.424758,0.264994,0.725431,0.762584,0.860152,0.184358,0.537229,0.707011,0.269653,0.783129,0.61772,0.645218,0.638012,0.363891,0.460905,0.572995,0.426155,0.600011,0.650294,0.627028,0.589411,0.582877,0.682862,0.659807,0.628633,0.398867,0.506588,0.717846,0.763676,0.776764,0.500922,0.548398,0.74489,0.444513,0.642867,0.674702,0.374855,0.408181,0.582834,0.574066,0.760797,0.820356,0.550772,0.584636,0.495939,0.545484,0.822486,0.75412,0.311156,0.643418
0.580605,0.265133,0.677409,0.596643,0.449838,0.709895,0.492036,0.281741,0.62317,0.398279,0.636266,0.571072,0.696982,0.292884,0.609334,0.318977,0.572214,0.336972,0.527011,0.686473,0.670517,0.508906,0.546614,0.677327,0.475307,0.497716,0.574342,0.60965,0.205953,0.359954,0.297462,0.437411,0.667286,0.507048,1,0.283957,0.251778,0.606466,0.599813,0.654984,0.381161,0.617834,0.528124,0.286772,0.706006,0.57162,0.569992,0.619733,0.186236,0.407719,0.302228,0.617899,0.63557,0.601493,0.648464,0.431857,0.520252,0.515603,0.59537,0.579745,0.433502,0.535342,0.329522,0.742651,0.638044,0.473789,0.475768,0.706813,0.414907,0.65267,0.582291,0.528489,0.497884,0.489686,0.501754,0.636282,0.691481,0.253404,0.453024,0.313581,0.472529,0.655062,0.47612,0.37344,0.484001
0.389378,0.418682,0.390064,0.22136,0.253447,0.493559,0.209431,0.263736,0.322375,0.208583,0.314143,0.377343,0.351678,0.343127,0.380978,0.362036,0.22939,0.382359,0.40623,0.430023,0.412052,0.158873,0.372115,0.36418,0.0930958,0.240879,0.318302,0.197323,0.104729,0.186128,0.223834,0.152543,0.378288,0.424758,0.283957,1,0.0856777,0.304535,0.287785,0.396536,0.020559,0.3188,0.362521,0.302231,0.338491,0.165307,0.379259,0.337408,0.404259,0.119844,0.25097,0.247574,0.323515,0.327359,0.303348,0.305278,0.257832,0.29468,0.308914,0.219934,0.544912,0.216114,0.223534,0.403644,0.394616,0.403729,0.090511,0.412193,0.269596,0.4545,0.252318,0.14241,0.224226,0.159675,0.414938,0.492125,0.377711,0.241684,0.250193,0.296474,0.267977,0.387086,0.320754,0.145537,0.332985
0.451096,0.432466,0.418942,0.272251,0.310675,0.340297,0.419944,0.342621,0.503499,0.115073,0.179238,0.47122,0.382287,0.313396,0.255736,0.150664,0.200009,0.357686,0.221136,0.341789,0.320272,0.388961,0.359482,0.48884,0.224042,0.323536,0.535904,0.447731,-0.135135,0.190462,0.0987819,0.129664,0.351188,0.264994,0.251778,0.0856777,1,0.290396,0.449193,0.311437,0.166091,0.2639,0.349853,0.324344,0.41227,0.265211,0.514922,0.510963,0.160357,0.373074,0.480538,0.242062,0.255968,0.466103,0.362378,0.455265,0.399102,0.228425,0.314436,0.110497,0.190195,0.412202,0.414867,0.36986,0.425696,0.230426,0.407046,0.508203,0.585953,0.260893,0.416449,0.247065,0.154335,0.373156,0.430254,0.358977,0.372086,0.371808,0.0567052,0.240377,0.156444,0.391945,0.276032,0.234333,0.308649
0.605269,0.392768,0.637628,0.509018,0.240213,0.286494,0.56144,0.45559,0.361113,0.247824,0.40257,0.532029,0.546348,0.331097,0.381695,0.521444,0.499415,0.250282,0.659459,0.635624,0.705645,0.555891,0.45503,0.631837,0.350335,0.45778,0.753552,0.722692,0.26979,0.431833,0.181492,0.563636,0.661518,0.725431,0.606466,0.304535,0.290396,1,0.722182,0.742527,0.231353,0.562492,0.486936,0.251274,0.690576,0.526513,0.528645,0.525217,0.340542,0.506827,0.498926,0.44641,0.517555,0.448426,0.505539,0.54139,0.502674,0.572838,0.506556,0.49903,0.347797,0.56167,0.504855,0.689636,0.629744,0.450223,0.41942,0.611048,0.367463,0.498288,0.675371,0.493032,0.327622,0.456662,0.521977,0.542518,0.691579,0.420922,0.471442,0.189301,0.507341,0.669876,0.593119,0.374587,0.472747
0.822393,0.475837,0.901176,0.763113,0.679758,0.518586,0.531606,0.297454,0.54747,0.422835,0.657429,0.739915,0.828708,0.29404,0.411935,0.546714,0.765069,0.421037,0.714889,0.89701,0.9188,0.710171,0.690736,0.844219,0.538568,0.621943,0.775886,0.782782,0.119588,0.513105,0.300016,0.633712,0.728307,0.762584,0.599813,0.287785,0.449193,0.722182,1,0.89615,0.18802,0.565771,0.746899,0.353432,0.842601,0.783472,0.755624,0.727791,0.157327,0.540325,0.589567,0.566262,0.706642,0.745252,0.715223,0.628733,0.762764,0.674978,0.779025,0.608379,0.531333,0.605081,0.792347,0.889625,0.892509,0.726795,0.596987,0.868098,0.557945,0.678011,0.680331,0.439158,0.26553,0.550951,0.682601,0.750029,0.846084,0.632639,0.453141,0.510004,0.630821,0.921643,0.739084,0.540699,0.685135
0.803712,0.482802,0.873929,0.79331,0.653405,0.52043,0.597211,0.315852,0.505936,0.43104,0.651723,0.691022,0.784712,0.326853,0.518033,0.563592,0.765616,0.433541,0.735605,0.861297,0.901199,0.60982,0.678419,0.845645,0.507203,0.558586,0.776576,0.706079,0.163701,0.541712,0.415058,0.70978,0.788297,0.860152,0.654984,0.396536,0.311437,0.742527,0.89615,1,0.248887,0.634649,0.722774,0.368715,0.850974,0.727772,0.675827,0.676255,0.315066,0.586675,0.543099,0.6019,0.718149,0.721446,0.727475,0.632862,0.751676,0.710819,0.777058,0.619582,0.555223,0.540385,0.725111,0.902343,0.86518,0.617996,0.595096,0.863799,0.491966,0.774436,0.681431,0.453903,0.434729,0.606036,0.638134,0.787506,0.876748,0.541363,0.574656,0.444421,0.558021,0.892802,0.743021,0.411743,0.652829
0.210372,0.0107238,0.292492,0.362233,0.193197,0.326786,0.270595,0.178327,0.25864,0.188535,0.273583,0.292895,0.270735,-0.00363529,0.20709,-0.0694976,0.331554,0.0597648,0.0976859,0.156077,0.177313,0.113167,0.13031,0.312783,0.384777,0.338069,0.251631,0.308599,0.151254,0.265509,0.296571,0.211011,0.424641,0.184358,0.381161,0.020559,0.166091,0.231353,0.18802,0.248887,1,0.0170601,0.287842,0.020598,0.365135,0.322383,0.132621,0.105001,0.211504,0.175108,0.313701,0.278418,0.249801,0.286301,0.321637,0.124014,0.323251,0.14444,0.402558,0.1658,0.163904,0.319636,-0.0891909,0.311799,0.161578,0.244996,0.349457,0.281825,0.172965,0.298164,0.222527,0.415471,0.57518,0.254655,0.23913,0.250105,0.379863,0.130478,0.250514,-0.130072,0.163308,0.240895,0.114417,0.00468181,0.0494582
0.484937,0.408511,0.554561,0.490165,0.381563,0.547848,0.443598,0.300371,0.410196,0.434318,0.512824,0.476076,0.601077,0.414986,0.415074,0.498145,0.487872,0.279041,0.536329,0.62293,0.632945,0.451139,0.4359,0.521436,0.354572,0.335091,0.593497,0.37798,0.270873,0.408701,0.2787,0.503575,0.585541,0.537229,0.617834,0.3188,0.2639,0.562492,0.565771,0.634649,0.0170601,1,0.429981,0.441917,0.572927,0.433586,0.484,0.394809,0.194286,0.517162,0.242712,0.617619,0.689834,0.506411,0.637128,0.431322,0.346189,0.619135,0.420808,0.453584,0.451674,0.517251,0.505505,0.636133,0.634354,0.334253,0.385315,0.583286,0.447005,0.582877,0.677844,0.37346,0.269206,0.462407,0.492643,0.47614,0.566106,0.233139,0.290559,0.33683,0.4215,0.610675,0.640736,0.261303,0.38752
0.865463,0.577838,0.85322,0.797318,0.728383,0.606259,0.519142,0.10058,0.560623,0.495288,0.708822,0.63303,0.688474,0.368545,0.527251,0.331338,0.73803,0.494733,0.540107,0.756771,0.793843,0.560803,0.759181,0.836326,0.498766,0.631317,0.688964,0.571119,0.302152,0.622342,0.20406,0.675628,0.728827,0.707011,0.528124,0.362521,0.349853,0.486936,0.746899,0.722774,0.287842,0.429981,1,0.472516,0.84965,0.784793,0.778439,0.79189,0.349021,0.337686,0.408393,0.558668,0.691284,0.779034,0.649651,0.615283,0.613455,0.539582,0.695935,0.618557,0.613319,0.613286,0.554424,0.777861,0.807843,0.622633,0.593957,0.796389,0.548322,0.747268,0.619594,0.45468,0.337601,0.673316,0.664614,0.732386,0.764495,0.555208,0.360691,0.489927,0.491483,0.79227,0.677234,0.400324,0.605831
0.409018,0.829163,0.38216,0.373837,0.368569,0.525665,0.301167,0.131284,0.491923,0.38604,0.424894,0.346686,0.394869,0.763342,0.325789,0.339193,0.399054,0.53265,0.34219,0.44695,0.393302,0.263738,0.532968,0.441585,0.194423,0.369017,0.389701,0.106252,0.0126684,0.203875,0.0980852,0.271548,0.50842,0.269653,0.286772,0.302231,0.324344,0.251274,0.353432,0.368715,0.020598,0.441917,0.472516,1,0.430201,0.24834,0.43276,0.444227,0.434289,0.327043,-0.000225194,0.529067,0.523745,0.518086,0.584358,0.682543,0.281447,0.520311,0.388321,0.211154,0.416309,0.383794,0.299713,0.392026,0.502985,0.262161,0.150999,0.377229,0.320633,0.364868,0.4543,0.414228,0.0798927,0.384076,0.38496,0.273372,0.333433,0.285545,0.110688,0.290585,0.212461,0.412495,0.315457,0.212749,0.327754
0.878764,0.493106,0.949818,0.855307,0.708218,0.645451,0.659685,0.353074,0.597544,0.580613,0.785083,0.750285,0.852288,0.418005,0.542496,0.395994,0.828827,0.492092,0.645383,0.827178,0.87704,0.652858,0.821626,0.933925,0.663535,0.712534,0.850424,0.748721,0.230463,0.559384,0.268189,0.74265,0.876458,0.783129,0.706006,0.338491,0.41227,0.690576,0.842601,0.850974,0.365135,0.572927,0.84965,0.430201,1,0.875822,0.826253,0.843723,0.389097,0.513496,0.582657,0.720915,0.80561,0.857665,0.847839,0.673706,0.752328,0.652476,0.885023,0.730999,0.570579,0.681534,0.582794,0.914892,0.873248,0.636328,0.703276,0.900351,0.559438,0.729736,0.796531,0.610813,0.460125,0.683952,0.669677,0.83933,0.861238,0.542287,0.505209,0.41581,0.562487,0.903096,0.725179,0.358126,0.690183
0.728575,0.27022,0.858518,0.85134,0.789994,0.539434,0.483398,0.268103,0.46215,0.617693,0.751479,0.591124,0.742192,0.193405,0.457082,0.249571,0.760479,0.244771,0.565493,0.71828,0.805711,0.515928,0.729187,0.802837,0.618107,0.545638,0.654323,0.644153,0.162117,0.473534,0.26792,0.733025,0.743931,0.61772,0.57162,0.165307,0.265211,0.526513,0.783472,0.727772,0.322383,0.433586,0.784793,0.24834,0.875822,1,0.697881,0.678193,0.202334,0.416901,0.408822,0.690836,0.743581,0.739493,0.712346,0.500804,0.628903,0.501901,0.809101,0.679592,0.519737,0.568694,0.514629,0.802475,0.748622,0.599533,0.668411,0.807834,0.505566,0.660722,0.609273,0.456474,0.286091,0.661721,0.508273,0.712706,0.696608,0.463534,0.445919,0.392849,0.468567,0.816009,0.611,0.397318,0.523946
0.787632,0.578932,0.837573,0.660154,0.664626,0.60364,0.492126,0.325395,0.599526,0.398467,0.611193,0.581956,0.683466,0.453421,0.47939,0.423915,0.6154,0.55775,0.560189,0.749462,0.749364,0.501618,0.707432,0.839795,0.409185,0.530581,0.647062,0.601631,0.227628,0.495117,0.0890732,0.515234,0.713206,0.645218,0.569992,0.379259,0.514922,0.528645,0.755624,0.675827,0.132621,0.484,0.778439,0.43276,0.826253,0.697881,1,0.839855,0.311485,0.443212,0.578805,0.56927,0.621896,0.756951,0.644936,0.64559,0.588715,0.561429,0.702724,0.552386,0.606103,0.650923,0.559285,0.764202,0.752556,0.61628,0.50839,0.82438,0.473554,0.706801,0.595529,0.410993,0.325385,0.509568,0.597528,0.702564,0.717453,0.40739,0.405395,0.503163,0.395677,0.751657,0.701667,0.414757,0.578322
0.839653,0.53858,0.849051,0.676105,0.617647,0.63332,0.543249,0.329528,0.642944,0.446557,0.662212,0.687814,0.73426,0.444634,0.524893,0.269412,0.625771,0.562985,0.499899,0.746206,0.751958,0.592917,0.743006,0.848992,0.479922,0.622029,0.718292,0.641736,0.0810815,0.481155,0.0365265,0.578526,0.661961,0.638012,0.619733,0.337408,0.510963,0.525217,0.727791,0.676255,0.105001,0.394809,0.79189,0.444227,0.843723,0.678193,0.839855,1,0.289977,0.435779,0.487589,0.537166,0.629597,0.758364,0.672417,0.672108,0.692683,0.446428,0.682812,0.615837,0.553238,0.510726,0.521689,0.773949,0.774502,0.577762,0.561169,0.821225,0.554424,0.602428,0.66826,0.507755,0.262664,0.569786,0.590571,0.751613,0.675294,0.444237,0.38019,0.543789,0.377438,0.746537,0.545268,0.375889,0.684198
0.29244,0.382099,0.273077,0.16287,0.133201,0.215524,0.289522,0.242951,0.334047,0.128573,0.18015,0.185621,0.214672,0.489681,0.404854,0.163698,0.248956,0.270606,0.406156,0.17346,0.255434,0.0395411,0.337896,0.337601,0.119808,0.229906,0.42486,0.212478,0.0867452,0.166129,0.128249,0.266185,0.424062,0.363891,0.186236,0.404259,0.160357,0.340542,0.157327,0.315066,0.211504,0.194286,0.349021,0.434289,0.389097,0.202334,0.311485,0.289977,1,0.253565,0.211396,0.217928,0.15627,0.341159,0.327768,0.467319,0.284274,0.27404,0.311425,0.133897,0.291886,0.319689,0.105042,0.28413,0.209078,0.0836778,0.227415,0.28846,0.105811,0.282946,0.228489,0.278604,0.368313,0.389576,0.392876,0.30114,0.311079,0.04952,0.327153,0.0733422,0.0744375,0.296694,0.406543,-0.0665982,0.179434
0.41175,0.396636,0.507666,0.495318,0.461983,0.421436,0.547328,0.59406,0.477535,0.34732,0.437135,0.436466,0.544258,0.434891,0.40521,0.310492,0.434019,0.241408,0.374734,0.48878,0.478905,0.217106,0.401287,0.583863,0.255644,0.0926519,0.460131,0.518369,0.199607,0.537064,0.104432,0.432772,0.517174,0.460905,0.407719,0.119844,0.373074,0.506827,0.540325,0.586675,0.175108,0.517162,0.337686,0.327043,0.513496,0.416901,0.443212,0.435779,0.253565,1,0.297024,0.499196,0.453586,0.354657,0.46564,0.557451,0.391059,0.372174,0.465855,0.429931,0.311817,0.302936,0.482533,0.552383,0.467206,0.407968,0.422135,0.569969,0.397722,0.320524,0.572027,0.344331,0.292591,0.440664,0.383348,0.457508,0.494977,0.16671,0.275102,0.270391,0.158139,0.546976,0.460373,0.382157,0.225474
0.580037,0.2935,0.607041,0.325307,0.242247,0.226817,0.482399,0.34541,0.301974,0.0366493,0.200516,0.529799,0.444713,0.233235,0.211029,0.355707,0.347268,0.281373,0.433902,0.502731,0.493901,0.42743,0.342312,0.606611,0.424344,0.495408,0.640626,0.609538,0.121046,0.318875,0.120465,0.296936,0.490301,0.572995,0.302228,0.25097,0.480538,0.498926,0.589567,0.543099,0.313701,0.242712,0.408393,-0.000225194,0.582657,0.408822,0.578805,0.487589,0.211396,0.297024,1,0.152207,0.248417,0.537129,0.405964,0.420331,0.547854,0.332576,0.515995,0.285581,0.285321,0.506818,0.450922,0.556795,0.46373,0.42538,0.490145,0.614295,0.314776,0.334108,0.497457,0.301532,0.372273,0.282195,0.55268,0.547641,0.59988,0.44056,0.39625,0.319397,0.356161,0.49935,0.554671,0.149806,0.447054
0.49679,0.33523,0.622735,0.772752,0.652876,0.697488,0.318993,0.295066,0.58079,0.770605,0.823708,0.498819,0.704629,0.373646,0.442334,0.288309,0.718982,0.4505,0.45026,0.65602,0.632257,0.455651,0.649093,0.664824,0.508907,0.404085,0.506646,0.386206,0.275199,0.430609,0.21746,0.585159,0.717303,0.426155,0.617899,0.247574,0.242062,0.44641,0.566262,0.6019,0.278418,0.617619,0.558668,0.529067,0.720915,0.690836,0.56927,0.537166,0.217928,0.499196,0.152207,1,0.900624,0.612273,0.772209,0.511492,0.477024,0.575264,0.725652,0.614892,0.558841,0.496909,0.373924,0.718162,0.705585,0.596588,0.528819,0.622761,0.490356,0.590606,0.566638,0.493317,0.315275,0.511258,0.485473,0.535628,0.53895,0.293643,0.279245,0.22136,0.334906,0.648925,0.521277,0.264892,0.395228
0.655108,0.437768,0.758315,0.832908,0.67492,0.682541,0.42844,0.223722,0.578444,0.712532,0.842732,0.584354,0.800935,0.371379,0.399843,0.370804,0.790161,0.528631,0.533612,0.771396,0.774408,0.561486,0.694296,0.747535,0.584426,0.584641,0.597215,0.435061,0.209378,0.438584,0.241416,0.701273,0.797074,0.600011,0.63557,0.323515,0.255968,0.517555,0.706642,0.718149,0.249801,0.689834,0.691284,0.523745,0.80561,0.743581,0.621896,0.629597,0.15627,0.453586,0.248417,0.900624,1,0.672285,0.807271,0.513368,0.559844,0.661181,0.762553,0.68749,0.565057,0.530419,0.523347,0.79113,0.818842,0.629423,0.643789,0.717808,0.555325,0.666262,0.705209,0.569643,0.326437,0.569816,0.542173,0.674486,0.673174,0.417266,0.343252,0.348154,0.512314,0.773092,0.631877,0.315976,0.585231
