1,0.882948,0.922375,0.799189,0.800011,0.776116,0.493098,0.451885,0.584028,0.728027,0.760909,0.748306,0.860939,0.857666,0.588316,0.890809,0.823062,0.519831,0.485946,0.778321,0.87476,0.561113,0.702761,0.916785,0.519462,0.638173,0.850368,0.570846,0.502008,0.609702,0.245986,0.256402,0.748131,0.659898,0.513499,0.260831,0.0290041,0.622884,0.87977,0.721853,0.554138,0.771223,0.922316,0.909041,0.917543,0.821479,0.699463,0.728785,0.292663,0.39569,0.740515,0.66854,0.768489,0.777753,0.818058,0.864912,0.686517,0.849721,0.799704,0.472952,0.675687,0.63265,0.704704,0.815137,0.878514,0.679755,0.755303,0.906248,0.620449,0.778554,0.798054,0.576274,0.428073,0.338121,0.743224,0.731032,0.7361,0.345093,0.413645,0.0401819,0.586737,0.9116,0.823024,0.417697,0.601893
0.882948,1,0.810217,0.769265,0.835769,0.609358,0.390127,0.418319,0.466976,0.734609,0.682631,0.705359,0.760867,0.780201,0.633221,0.854977,0.794592,0.510028,0.59335,0.808776,0.846291,0.487104,0.690642,0.817137,0.542248,0.5684,0.795626,0.638106,0.477003,0.614237,0.287592,0.341886,0.742241,0.631155,0.504983,0.392396,0.0643414,0.535128,0.852126,0.730946,0.458583,0.769345,0.83455,0.813828,0.803752,0.720065,0.694726,0.738162,0.301948,0.363506,0.636933,0.638867,0.714378,0.721335,0.771528,0.810089,0.591827,0.791903,0.737807,0.572208,0.559983,0.708488,0.669074,0.825059,0.849198,0.615742,0.613545,0.85077,0.597783,0.762649,0.719282,0.601342,0.349042,0.438703,0.719723,0.713411,0.755682,0.384076,0.385362,0.0953559,0.644235,0.8642,0.782337,0.357736,0.595551
0.922375,0.810217,1,0.847091,0.713828,0.657814,0.370863,0.47699,0.475143,0.798394,0.858084,0.677847,0.884519,0.763711,0.543005,0.848082,0.877468,0.487937,0.454469,0.776668,0.847812,0.604168,0.65329,0.830701,0.484328,0.621668,0.784348,0.513603,0.504529,0.511948,0.302156,0.22519,0.766083,0.665813,0.512518,0.299717,0.10704,0.584577,0.841721,0.74718,0.466864,0.666456,0.928424,0.871551,0.958954,0.798284,0.572911,0.725757,0.244622,0.344872,0.812085,0.715653,0.811006,0.698469,0.851586,0.88406,0.641829,0.849325,0.893622,0.455435,0.624089,0.61613,0.650502,0.83079,0.882047,0.626523,0.620254,0.878935,0.602267,0.778406,0.697486,0.553479,0.470486,0.207796,0.687159,0.790339,0.688274,0.379293,0.325114,0.125222,0.533356,0.857935,0.757178,0.398127,0.592836
0.799189,0.769265,0.847091,1,0.63899,0.674342,0.227195,0.467507,0.453381,0.793703,0.741481,0.631238,0.70998,0.625409,0.552581,0.763651,0.785614,0.518785,0.416186,0.746371,0.765836,0.501194,0.55855,0.762709,0.343428,0.537473,0.712736,0.437223,0.570783,0.47283,0.494189,0.204339,0.596134,0.560791,0.485292,0.473883,0.182831,0.589256,0.793963,0.743735,0.432846,0.55565,0.852199,0.788733,0.830251,0.662833,0.404152,0.647751,0.177813,0.396812,0.638088,0.525812,0.680433,0.682025,0.749788,0.726668,0.692696,0.647162,0.797839,0.548453,0.488685,0.648409,0.56738,0.745591,0.771666,0.527859,0.558734,0.775156,0.519783,0.654924,0.628951,0.71818,0.247383,0.353299,0.683814,0.723602,0.654345,0.378741,0.305379,0.201387,0.478781,0.715982,0.782741,0.494017,0.586039
0.800011,0.835769,0.713828,0.63899,1,0.643653,0.452945,0.378519,0.433874,0.618422,0.680042,0.664396,0.715996,0.819792,0.501935,0.74525,0.686819,0.454942,0.525521,0.688712,0.746226,0.344708,0.601115,0.80494,0.624901,0.474956,0.778121,0.619973,0.589132,0.537914,0.150963,0.183503,0.637916,0.602738,0.402137,0.383162,0.0225637,0.598456,0.788034,0.631921,0.323021,0.581501,0.795352,0.748517,0.766877,0.724267,0.728711,0.719355,0.516849,0.474504,0.56773,0.595229,0.709258,0.722594,0.755224,0.755935,0.591091,0.732964,0.663582,0.55708,0.576361,0.59582,0.674958,0.699576,0.756146,0.605301,0.663513,0.827817,0.588599,0.730476,0.723335,0.463175,0.266265,0.309041,0.625168,0.679421,0.770349,0.368155,0.352954,0.0739757,0.56327,0.773561,0.695605,0.340042,0.424996
0.776116,0.609358,0.657814,0.674342,0.643653,1,0.483568,0.363885,0.55616,0.513812,0.546865,0.538381,0.620509,0.734076,0.577375,0.656852,0.630754,0.452874,0.33442,0.541395,0.706938,0.361017,0.591693,0.700415,0.399092,0.311464,0.64098,0.428293,0.379541,0.398253,0.236221,0.0741076,0.495784,0.538669,0.32834,0.263162,-0.202341,0.602917,0.685308,0.523141,0.412264,0.489612,0.700449,0.638216,0.647815,0.75688,0.5177,0.613419,0.36007,0.456444,0.47714,0.508951,0.59187,0.649137,0.651266,0.624578,0.614639,0.583913,0.590835,0.358921,0.525122,0.463146,0.615332,0.585383,0.612268,0.60486,0.693236,0.708565,0.577957,0.438421,0.694618,0.521362,0.338267,0.339243,0.529532,0.4645,0.455017,0.155093,0.512496,0.0175668,0.266463,0.698716,0.636157,0.587221,0.505754
0.493098,0.390127,0.370863,0.227195,0.452945,0.483568,1,0.249553,0.339004,0.250202,0.286197,0.456327,0.358768,0.506158,0.276576,0.386897,0.297043,0.170201,0.265625,0.453491,0.443862,0.195398,0.293649,0.459504,0.24288,0.0341761,0.431752,0.425466,0.115213,0.159483,0.0569834,0.0961545,0.285482,0.378992,0.21987,0.176287,-0.0161312,0.122801,0.368525,0.170234,0.0488511,0.411223,0.422766,0.371475,0.394992,0.439131,0.465001,0.457051,0.318151,0.498498,0.549192,0.280035,0.32308,0.413514,0.472317,0.443646,0.320491,0.418404,0.225238,0.359253,0.483842,0.236648,0.38095,0.408765,0.383206,0.523103,0.395023,0.437225,0.183983,0.197882,0.411337,0.423613,0.233325,0.261691,0.407863,0.284566,0.313008,0.17673,0.16263,0.227889,0.123939,0.476533,0.394959,0.24715,0.382281
0.451885,0.418319,0.47699,0.467507,0.378519,0.363885,0.249553,1,0.361294,0.406566,0.324235,0.279233,0.459466,0.270813,0.162653,0.437434,0.380619,0.318203,0.218288,0.276489,0.436304,0.221222,0.380082,0.38826,-0.0197951,0.135762,0.435926,0.252124,0.180351,0.0644303,0.266664,0.150792,0.290597,0.344506,0.411816,0.21245,0.19992,0.144184,0.435922,0.383641,0.0614807,0.366125,0.428793,0.404735,0.3941,0.271589,0.251925,0.458268,0.0427582,0.121975,0.343483,0.305124,0.291185,0.38941,0.52903,0.385193,0.437752,0.400729,0.482457,0.292455,0.385025,0.323713,0.308215,0.35293,0.391921,0.330878,0.245427,0.367826,0.0644915,0.249467,0.246347,0.349705,0.130851,0.24342,0.440042,0.33547,0.376431,0.383497,-0.0992773,0.0814866,0.113605,0.441123,0.431184,0.318393,0.390442
0.584028,0.466976,0.475143,0.453381,0.433874,0.55616,0.339004,0.361294,1,0.348639,0.339237,0.476099,0.435586,0.417121,0.513872,0.471975,0.326219,0.549232,-0.0247005,0.365969,0.476872,0.574283,0.395877,0.601252,0.155168,0.310435,0.473326,0.456733,0.363802,0.308517,0.33123,-0.131882,0.56573,0.402842,0.442425,0.240258,0.0738879,0.624217,0.538315,0.509871,0.410812,0.50183,0.530461,0.46266,0.480986,0.528203,0.320303,0.42583,0.229767,0.370524,0.430911,0.248742,0.355461,0.543427,0.446109,0.297471,0.620205,0.39153,0.362124,0.255455,0.304168,0.141906,0.516144,0.447115,0.438762,0.504243,0.546812,0.46816,0.144004,0.239052,0.535177,0.408558,0.265689,0.0928009,0.477658,0.308698,0.423174,0.31809,0.185492,-0.0326626,0.322525,0.501856,0.454376,0.377946,0.494387
0.728027,0.734609,0.798394,0.793703,0.618422,0.513812,0.250202,0.406566,0.348639,1,0.743499,0.663069,0.662275,0.608001,0.509557,0.837691,0.746419,0.460486,0.515947,0.719507,0.809303,0.597312,0.531221,0.696787,0.565033,0.52068,0.672841,0.527539,0.409424,0.389898,0.452154,0.357106,0.59789,0.676234,0.408318,0.411356,0.214902,0.454336,0.770331,0.699106,0.413957,0.509779,0.807706,0.720795,0.812042,0.549143,0.448266,0.691467,0.147215,0.422968,0.662205,0.587025,0.667163,0.656188,0.719285,0.704603,0.561764,0.719767,0.768154,0.46707,0.605301,0.645924,0.530873,0.697375,0.738885,0.587819,0.475616,0.725055,0.556863,0.732115,0.572888,0.470902,0.277835,0.239198,0.597149,0.709842,0.731188,0.408264,0.300476,0.00682076,0.501655,0.683186,0.697364,0.325451,0.639718
0.760909,0.682631,0.858084,0.741481,0.680042,0.546865,0.286197,0.324235,0.339237,0.743499,1,0.575669,0.762524,0.631979,0.350737,0.74451,0.83474,0.272357,0.490222,0.681182,0.746073,0.59605,0.562082,0.715105,0.576011,0.559553,0.617841,0.420373,0.436204,0.350484,0.396573,0.13545,0.568364,0.626873,0.438041,0.203494,0.23255,0.451087,0.62911,0.55432,0.222692,0.407863,0.811474,0.763304,0.860235,0.743471,0.507303,0.613561,0.302831,0.356454,0.735288,0.741795,0.792067,0.610695,0.761213,0.747502,0.577596,0.762869,0.744651,0.467796,0.477836,0.466229,0.652247,0.683214,0.783911,0.441268,0.472433,0.752215,0.553582,0.716439,0.595181,0.479584,0.27696,0.0821273,0.618038,0.657293,0.541697,0.312992,0.272928,0.138179,0.436861,0.674306,0.575507,0.328232,0.488184
0.748306,0.705359,0.677847,0.631238,0.664396,0.538381,0.456327,0.279233,0.476099,0.663069,0.575669,1,0.712115,0.66237,0.470145,0.775943,0.571683,0.476533,0.442792,0.750149,0.802406,0.510411,0.485762,0.79833,0.51013,0.474264,0.781035,0.458923,0.518311,0.412669,0.286711,0.26388,0.644562,0.638708,0.468417,0.481528,0.228883,0.417711,0.760563,0.637509,0.505287,0.567515,0.823348,0.767698,0.734691,0.596178,0.550482,0.501549,0.255676,0.520722,0.568101,0.321396,0.598817,0.732523,0.614563,0.660682,0.587772,0.656641,0.512411,0.299637,0.601757,0.566379,0.674722,0.732452,0.735897,0.665777,0.614072,0.767384,0.52883,0.590577,0.63507,0.598299,0.166402,0.376749,0.521956,0.660417,0.644794,0.244352,0.337815,0.191991,0.447619,0.681002,0.707018,0.201087,0.517956
0.860939,0.760867,0.884519,0.70998,0.715996,0.620509,0.358768,0.459466,0.435586,0.662275,0.762524,0.712115,1,0.681589,0.39848,0.81744,0.822881,0.458959,0.474829,0.733433,0.858265,0.548613,0.618782,0.799089,0.500426,0.571,0.777235,0.464137,0.598033,0.497867,0.302129,0.173339,0.749801,0.675824,0.551345,0.282224,0.127242,0.556479,0.778052,0.639224,0.41187,0.602436,0.86844,0.808915,0.866488,0.784801,0.597924,0.593144,0.25986,0.344978,0.652467,0.668633,0.77329,0.763143,0.875085,0.830681,0.516906,0.849207,0.832822,0.384792,0.660779,0.530437,0.687268,0.803918,0.900556,0.654785,0.60358,0.834649,0.548919,0.75813,0.643279,0.438204,0.434866,0.167609,0.524002,0.722212,0.621607,0.400708,0.351398,0.111987,0.461024,0.853952,0.66865,0.331802,0.471529
0.857666,0.780201,0.763711,0.625409,0.819792,0.734076,0.506158,0.270813,0.417121,0.608001,0.631979,0.66237,0.681589,1,0.631042,0.719978,0.650237,0.517682,0.352178,0.674871,0.73305,0.315311,0.707229,0.872504,0.619428,0.579947,0.781395,0.62982,0.44486,0.605796,0.0262717,0.278962,0.617766,0.54529,0.296488,0.207155,-0.256624,0.598972,0.783581,0.610006,0.514749,0.692479,0.80741,0.810419,0.797809,0.796468,0.807119,0.746999,0.382834,0.331974,0.612178,0.637477,0.725986,0.68179,0.699479,0.860166,0.573666,0.702534,0.663715,0.423309,0.64597,0.60924,0.550056,0.744757,0.726915,0.610741,0.755721,0.897061,0.701086,0.742924,0.811863,0.454347,0.426652,0.334532,0.575443,0.69036,0.678884,0.194074,0.512156,0.0233885,0.617819,0.809844,0.742547,0.379762,0.485272
0.588316,0.633221,0.543005,0.552581,0.501935,0.577375,0.276576,0.162653,0.513872,0.509557,0.350737,0.470145,0.39848,0.631042,1,0.488479,0.454872,0.598025,0.111709,0.525959,0.564031,0.244215,0.513582,0.565896,0.394978,0.312251,0.483704,0.5175,0.292162,0.419818,0.174838,0.030992,0.524186,0.396795,0.238475,0.388328,-0.0984554,0.538323,0.614978,0.577292,0.480623,0.643193,0.560027,0.480735,0.49791,0.518346,0.474799,0.631767,0.366069,0.22766,0.463557,0.387426,0.477988,0.524272,0.488563,0.526514,0.574294,0.334825,0.440884,0.266775,0.191653,0.46657,0.430476,0.566168,0.485838,0.512176,0.495095,0.619025,0.510972,0.431997,0.590939,0.515809,0.421218,0.393682,0.398109,0.420067,0.436623,0.220376,0.374491,0.139552,0.437995,0.503131,0.542358,0.541087,0.618077
0.890809,0.854977,0.848082,0.763651,0.74525,0.656852,0.386897,0.437434,0.471975,0.837691,0.74451,0.775943,0.81744,0.719978,0.488479,1,0.778855,0.477857,0.686707,0.820632,0.897544,0.645722,0.65655,0.787943,0.585868,0.586205,0.836281,0.587341,0.435121,0.449026,0.365523,0.383555,0.761393,0.786302,0.585498,0.338679,0.121094,0.495251,0.841558,0.715347,0.468094,0.694904,0.873774,0.806383,0.864289,0.730852,0.614694,0.723356,0.187164,0.438618,0.659787,0.678477,0.741898,0.709289,0.766808,0.760544,0.617936,0.853773,0.755654,0.380363,0.643837,0.656634,0.716455,0.81271,0.87158,0.672926,0.70395,0.830649,0.640496,0.744441,0.721397,0.478392,0.307494,0.367319,0.648616,0.681031,0.733641,0.383755,0.474401,0.0359356,0.601416,0.866414,0.777859,0.314187,0.665468
0.823062,0.794592,0.877468,0.785614,0.686819,0.630754,0.297043,0.380619,0.326219,0.746419,0.83474,0.571683,0.822881,0.650237,0.454872,0.778855,1,0.300195,0.560576,0.723048,0.839036,0.529127,0.666755,0.726848,0.479991,0.493531,0.646987,0.407364,0.487943,0.498516,0.37004,0.225663,0.646725,0.628365,0.390625,0.245702,0.0753373,0.463816,0.748063,0.553206,0.358892,0.532072,0.823612,0.788717,0.838692,0.707056,0.50597,0.658816,0.287791,0.343059,0.721048,0.683207,0.675439,0.630833,0.777745,0.759854,0.551523,0.852776,0.810707,0.523942,0.538071,0.623004,0.625763,0.761662,0.865637,0.539201,0.501141,0.796488,0.645138,0.741594,0.664576,0.514767,0.363955,0.17627,0.648404,0.632303,0.612751,0.299463,0.324417,0.0285153,0.415697,0.749201,0.631203,0.326014,0.500093
0.519831,0.510028,0.487937,0.518785,0.454942,0.452874,0.170201,0.318203,0.549232,0.460486,0.272357,0.476533,0.458959,0.517682,0.598025,0.477857,0.300195,1,0.00802106,0.44078,0.434722,0.252243,0.444989,0.572739,0.31382,0.393575,0.642889,0.523185,0.353918,0.436696,0.0841015,0.0294721,0.484736,0.38967,0.295836,0.580879,0.00260806,0.496402,0.527149,0.505478,0.466959,0.4355,0.548407,0.392153,0.468674,0.469058,0.271724,0.418888,0.135455,0.324107,0.332246,0.206588,0.280681,0.520072,0.480057,0.411526,0.304978,0.275514,0.424191,0.170747,0.264193,0.225452,0.395634,0.476012,0.392011,0.558963,0.4454,0.493709,0.280125,0.446176,0.439232,0.30273,0.426436,0.226958,0.353004,0.518992,0.456696,0.379049,0.213164,0.0312454,0.42578,0.500514,0.413769,0.272078,0.369863
0.485946,0.59335,0.454469,0.416186,0.525521,0.33442,0.265625,0.218288,-0.0247005,0.515947,0.490222,0.442792,0.474829,0.352178,0.111709,0.686707,0.560576,0.00802106,1,0.633398,0.618952,0.336794,0.308518,0.306727,0.371585,0.245445,0.468597,0.275175,0.222282,0.184709,0.306272,0.403267,0.434679,0.522131,0.455234,0.234706,0.182893,0.0749113,0.53257,0.387259,0.0652892,0.343409,0.468134,0.439272,0.484604,0.413273,0.332797,0.492185,0.151443,0.314296,0.383558,0.480112,0.494117,0.329511,0.454882,0.429245,0.295977,0.638954,0.434926,0.378925,0.422193,0.552854,0.5797,0.474793,0.584488,0.416402,0.382312,0.436582,0.464306,0.429101,0.392845,0.189876,0.043343,0.340672,0.472719,0.35996,0.451366,0.312117,0.320817,0.108656,0.356976,0.525536,0.465401,0.131866,0.370679
0.778321,0.808776,0.776668,0.746371,0.688712,0.541395,0.453491,0.276489,0.365969,0.719507,0.681182,0.750149,0.733433,0.674871,0.525959,0.820632,0.723048,0.44078,0.633398,1,0.827859,0.55319,0.583493,0.744048,0.560117,0.54851,0.76774,0.541533,0.506044,0.440707,0.385815,0.449954,0.749095,0.675546,0.609863,0.476124,0.238788,0.493764,0.816815,0.704798,0.386921,0.632072,0.859053,0.775962,0.809217,0.708185,0.577946,0.720141,0.278828,0.580281,0.742024,0.512157,0.720261,0.732242,0.770421,0.733029,0.621504,0.798178,0.621979,0.504233,0.486365,0.742963,0.708592,0.881484,0.835025,0.607795,0.567618,0.8461,0.620027,0.653628,0.686844,0.587194,0.257389,0.307311,0.633279,0.706216,0.684039,0.450085,0.460994,0.33383,0.614927,0.826098,0.766795,0.238033,0.530409
0.87476,0.846291,0.847812,0.765836,0.746226,0.706938,0.443862,0.436304,0.476872,0.809303,0.746073,0.802406,0.858265,0.73305,0.564031,0.897544,0.839036,0.434722,0.618952,0.827859,1,0.577629,0.658111,0.80874,0.579933,0.514877,0.769947,0.515206,0.492063,0.477818,0.453699,0.318265,0.781027,0.775719,0.602127,0.366016,0.119691,0.539706,0.856213,0.685681,0.451317,0.680329,0.891411,0.831731,0.842155,0.744999,0.646748,0.714418,0.293305,0.463969,0.727732,0.681631,0.760305,0.784215,0.832774,0.80435,0.662183,0.872107,0.742928,0.410013,0.667928,0.667783,0.738352,0.856332,0.909315,0.719428,0.650768,0.861617,0.68688,0.742079,0.787277,0.576286,0.36458,0.379479,0.628404,0.674796,0.707838,0.392622,0.443487,0.118241,0.484434,0.82884,0.739138,0.421235,0.685856
0.561113,0.487104,0.604168,0.501194,0.344708,0.361017,0.195398,0.221222,0.574283,0.597312,0.59605,0.510411,0.548613,0.315311,0.244215,0.645722,0.529127,0.252243,0.336794,0.55319,0.577629,1,0.456187,0.52364,0.397079,0.425081,0.46191,0.375728,0.301896,0.230537,0.436295,0.159194,0.58477,0.45829,0.439544,0.273868,0.276512,0.405653,0.515022,0.626026,0.380283,0.319953,0.60245,0.561938,0.63117,0.474953,0.256363,0.419561,0.0714127,0.399725,0.604458,0.416144,0.493318,0.487095,0.474085,0.41198,0.459842,0.629615,0.495766,0.192579,0.36572,0.30549,0.509206,0.562384,0.561573,0.417482,0.322389,0.490403,0.314207,0.419204,0.42828,0.331469,0.165364,-0.0514198,0.456961,0.502812,0.405622,0.251435,0.282328,0.013918,0.353399,0.581123,0.412673,0.0621032,0.486159
0.702761,0.690642,0.65329,0.55855,0.601115,0.591693,0.293649,0.380082,0.395877,0.531221,0.562082,0.485762,0.618782,0.707229,0.513582,0.65655,0.666755,0.444989,0.308518,0.583493,0.658111,0.456187,1,0.699857,0.47742,0.369216,0.617623,0.495277,0.304885,0.44428,0.209628,0.428377,0.519381,0.442648,0.310701,0.203683,-0.12733,0.485098,0.58146,0.475944,0.503745,0.466872,0.667548,0.648605,0.621807,0.663987,0.632052,0.636272,0.280988,0.341841,0.61215,0.547085,0.552331,0.563412,0.600804,0.652306,0.47717,0.639389,0.538761,0.296143,0.341203,0.486192,0.472964,0.677378,0.628085,0.450521,0.541418,0.745504,0.670567,0.585225,0.76499,0.424224,0.232774,0.240834,0.437545,0.589146,0.514864,0.1932,0.543577,-0.0359916,0.421848,0.683712,0.505154,0.163124,0.441531
0.916785,0.817137,0.830701,0.762709,0.80494,0.700415,0.459504,0.38826,0.601252,0.696787,0.715105,0.79833,0.799089,0.872504,0.565896,0.787943,0.726848,0.572739,0.306727,0.744048,0.80874,0.52364,0.699857,1,0.539135,0.691342,0.863985,0.58992,0.56543,0.586477,0.302158,0.236658,0.682073,0.583887,0.467763,0.295926,0.0564006,0.665706,0.835311,0.713522,0.553298,0.679739,0.906151,0.924926,0.88192,0.761754,0.746046,0.706463,0.31415,0.440438,0.697499,0.566157,0.72078,0.819199,0.778459,0.826981,0.714958,0.76879,0.726788,0.47137,0.638805,0.629679,0.609975,0.802342,0.822185,0.659983,0.750659,0.924203,0.609654,0.764725,0.808445,0.598971,0.35389,0.293425,0.67359,0.759444,0.765574,0.337502,0.422088,0.0807272,0.61721,0.835655,0.809066,0.332195,0.526937
0.519462,0.542248,0.484328,0.343428,0.624901,0.399092,0.24288,-0.0197951,0.155168,0.565033,0.576011,0.51013,0.500426,0.619428,0.394978,0.585868,0.479991,0.31382,0.371585,0.560117,0.579933,0.397079,0.47742,0.539135,1,0.409644,0.534555,0.337038,0.342522,0.342029,0.0992718,0.355274,0.489921,0.483043,0.149036,0.278708,0.115176,0.374554,0.486331,0.458855,0.352778,0.347908,0.590844,0.506371,0.562102,0.549706,0.567309,0.478127,0.281751,0.34269,0.433387,0.562413,0.570453,0.619037,0.522254,0.5907,0.317868,0.543382,0.363081,0.111662,0.368837,0.339688,0.43516,0.556978,0.503826,0.344718,0.333494,0.625049,0.634668,0.614966,0.488429,0.234975,0.250727,0.212479,0.283143,0.52043,0.407169,0.124121,0.386711,-0.0171891,0.439798,0.541118,0.419072,0.0583868,0.260031
0.638173,0.5684,0.621668,0.537473,0.474956,0.311464,0.0341761,0.135762,0.310435,0.52068,0.559553,0.474264,0.571,0.579947,0.312251,0.586205,0.493531,0.393575,0.245445,0.54851,0.514877,0.425081,0.369216,0.691342,0.409644,1,0.626501,0.456298,0.475826,0.51535,0.226808,0.185115,0.510987,0.445442,0.472636,0.00401377,0.0699975,0.519877,0.603987,0.546983,0.422768,0.552709,0.584629,0.712559,0.669728,0.488112,0.541235,0.487639,0.249567,0.0567629,0.390703,0.560763,0.553908,0.481843,0.455515,0.609697,0.442858,0.576415,0.584449,0.187889,0.391787,0.536398,0.362877,0.571418,0.67293,0.31815,0.566219,0.619762,0.355447,0.71969,0.533486,0.262521,0.440113,0.14326,0.452692,0.512203,0.546901,0.328727,0.387371,0.131812,0.71227,0.620636,0.629874,0.273604,0.231941
0.850368,0.795626,0.784348,0.712736,0.778121,0.64098,0.431752,0.435926,0.473326,0.672841,0.617841,0.781035,0.777235,0.781395,0.483704,0.836281,0.646987,0.642889,0.468597,0.76774,0.769947,0.46191,0.617623,0.863985,0.534555,0.626501,1,0.547185,0.490606,0.470605,0.204417,0.344863,0.697907,0.632613,0.499634,0.385838,0.141743,0.497326,0.785783,0.686511,0.55915,0.651938,0.854474,0.809862,0.835593,0.698423,0.672146,0.694479,0.210074,0.448656,0.583755,0.558956,0.628706,0.735224,0.724919,0.766327,0.577394,0.765109,0.681498,0.372749,0.576636,0.58126,0.655692,0.752062,0.778861,0.660025,0.736958,0.83808,0.550057,0.686177,0.688983,0.498364,0.33731,0.443885,0.639836,0.75943,0.790811,0.399334,0.411436,0.154438,0.564997,0.840172,0.781099,0.212425,0.44794
0.570846,0.638106,0.513603,0.437223,0.619973,0.428293,0.425466,0.252124,0.456733,0.527539,0.420373,0.458923,0.464137,0.62982,0.5175,0.587341,0.407364,0.523185,0.275175,0.541533,0.515206,0.375728,0.495277,0.58992,0.337038,0.456298,0.547185,1,0.356319,0.551764,0.13013,0.0412664,0.475347,0.549927,0.353375,0.287777,-0.253857,0.500721,0.576086,0.398499,0.120664,0.552025,0.515501,0.465783,0.517994,0.509274,0.578746,0.607247,0.3924,0.392124,0.412637,0.452851,0.441251,0.353182,0.489356,0.475786,0.327919,0.488418,0.501013,0.477398,0.451057,0.454264,0.534598,0.555125,0.594689,0.495869,0.602398,0.571594,0.25833,0.496653,0.586576,0.270492,0.260445,0.0708023,0.412122,0.432696,0.604519,0.477938,0.281185,0.0143869,0.472822,0.620077,0.55224,0.353512,0.489936
0.502008,0.477003,0.504529,0.570783,0.589132,0.379541,0.115213,0.180351,0.363802,0.409424,0.436204,0.518311,0.598033,0.44486,0.292162,0.435121,0.487943,0.353918,0.222282,0.506044,0.492063,0.301896,0.304885,0.56543,0.342522,0.475826,0.490606,0.356319,1,0.44646,0.354733,0.0452408,0.401218,0.267946,0.278234,0.375973,0.180956,0.575024,0.668754,0.485295,0.279197,0.298798,0.58997,0.574058,0.575451,0.48266,0.256586,0.426158,0.428965,0.292044,0.317482,0.294742,0.490507,0.616864,0.531075,0.498746,0.438728,0.462981,0.536267,0.4479,0.33949,0.470008,0.412419,0.562063,0.606052,0.401963,0.422158,0.578214,0.235655,0.47129,0.41134,0.418042,0.148925,0.0431892,0.238636,0.448862,0.481324,0.359493,0.228598,0.186962,0.425153,0.527958,0.630443,0.331579,0.102402
0.609702,0.614237,0.511948,0.47283,0.537914,0.398253,0.159483,0.0644303,0.308517,0.389898,0.350484,0.412669,0.497867,0.605796,0.419818,0.449026,0.498516,0.436696,0.184709,0.440707,0.477818,0.230537,0.44428,0.586477,0.342029,0.51535,0.470605,0.551764,0.44646,1,-0.0639407,0.114603,0.419862,0.319434,0.145647,0.198792,-0.230436,0.5869,0.586217,0.406679,0.472756,0.547745,0.530603,0.545191,0.503183,0.497608,0.446493,0.268478,0.196871,0.258158,0.363839,0.330735,0.376991,0.414939,0.377602,0.499988,0.169855,0.505522,0.422693,0.455075,0.418115,0.326425,0.396655,0.484106,0.542918,0.378251,0.471941,0.515392,0.320309,0.651883,0.549325,0.301447,0.251092,0.175303,0.485457,0.504515,0.537318,0.315735,0.0856956,-0.119058,0.450049,0.567963,0.495217,0.191393,0.22001
0.245986,0.287592,0.302156,0.494189,0.150963,0.236221,0.0569834,0.266664,0.33123,0.452154,0.396573,0.286711,0.302129,0.0262717,0.174838,0.365523,0.37004,0.0841015,0.306272,0.385815,0.453699,0.436295,0.209628,0.302158,0.0992718,0.226808,0.204417,0.13013,0.354733,-0.0639407,1,0.120203,0.280341,0.308242,0.499367,0.235926,0.422803,0.31359,0.358896,0.372002,-0.0256429,0.136234,0.345929,0.320132,0.333257,0.222682,0.0699391,0.387757,-0.00256384,0.256256,0.386727,0.306979,0.318855,0.387833,0.404196,0.180376,0.521408,0.314389,0.316216,0.236255,0.0793347,0.335938,0.253133,0.393208,0.399171,0.26149,0.204289,0.287119,0.202298,0.126005,0.285574,0.450694,-0.0394183,0.167779,0.233152,0.128927,0.231825,0.469145,0.164598,0.252439,0.180398,0.232028,0.364024,0.340204,0.446318
0.256402,0.341886,0.22519,0.204339,0.183503,0.0741076,0.0961545,0.150792,-0.131882,0.357106,0.13545,0.26388,0.173339,0.278962,0.030992,0.383555,0.225663,0.0294721,0.403267,0.449954,0.318265,0.159194,0.428377,0.236658,0.355274,0.185115,0.344863,0.0412664,0.0452408,0.114603,0.120203,1,0.291593,0.151627,0.240794,0.0438793,0.0739468,0.00259412,0.335697,0.272764,0.317857,0.279273,0.318009,0.309459,0.291974,0.194379,0.293116,0.362443,-0.160884,0.179662,0.327586,0.231995,0.230307,0.268597,0.235184,0.322499,0.143344,0.390747,0.169077,0.177359,0.182691,0.467129,0.0532704,0.378915,0.28352,0.13869,0.155605,0.361041,0.359814,0.235213,0.288497,0.110644,-0.135341,0.242163,0.164116,0.346737,0.409235,0.13869,0.328987,-0.0296345,0.361314,0.380086,0.391832,-0.188642,0.0878398
0.748131,0.742241,0.766083,0.596134,0.637916,0.495784,0.285482,0.290597,0.56573,0.59789,0.568364,0.644562,0.749801,0.617766,0.524186,0.761393,0.646725,0.484736,0.434679,0.749095,0.781027,0.58477,0.519381,0.682073,0.489921,0.510987,0.697907,0.475347,0.401218,0.419862,0.280341,0.291593,1,0.679067,0.692576,0.308168,0.0261125,0.624516,0.771917,0.743808,0.45784,0.704023,0.776984,0.677669,0.756812,0.71316,0.566427,0.61552,0.179475,0.319386,0.676842,0.57792,0.717898,0.633429,0.734625,0.680505,0.581627,0.784201,0.682828,0.279114,0.50374,0.539007,0.636571,0.804445,0.793738,0.622914,0.591619,0.768605,0.577662,0.596797,0.677353,0.344388,0.460936,0.221314,0.510983,0.665586,0.679212,0.407483,0.414902,0.097006,0.558226,0.790394,0.603851,0.240573,0.560935
0.659898,0.631155,0.665813,0.560791,0.602738,0.538669,0.378992,0.344506,0.402842,0.676234,0.626873,0.638708,0.675824,0.54529,0.396795,0.786302,0.628365,0.38967,0.522131,0.675546,0.775719,0.45829,0.442648,0.583887,0.483043,0.445442,0.632613,0.549927,0.267946,0.319434,0.308242,0.151627,0.679067,1,0.513424,0.276984,0.00363267,0.475673,0.613879,0.43966,0.245756,0.554031,0.709256,0.505728,0.652064,0.660749,0.56964,0.541907,0.261354,0.529252,0.536493,0.569535,0.601358,0.532054,0.688946,0.594071,0.448552,0.681777,0.55605,0.197803,0.585559,0.449014,0.644222,0.688507,0.721454,0.598917,0.606877,0.642255,0.528672,0.61075,0.617054,0.40087,0.328008,0.300179,0.413198,0.472833,0.585066,0.380463,0.338589,0.141861,0.394095,0.661195,0.489821,0.372335,0.616329
0.513499,0.504983,0.512518,0.485292,0.402137,0.32834,0.21987,0.411816,0.442425,0.408318,0.438041,0.468417,0.551345,0.296488,0.238475,0.585498,0.390625,0.295836,0.455234,0.609863,0.602127,0.439544,0.310701,0.467763,0.149036,0.472636,0.499634,0.353375,0.278234,0.145647,0.499367,0.240794,0.692576,0.513424,1,0.186138,0.215964,0.444331,0.54056,0.55795,0.175165,0.462976,0.52796,0.518348,0.528981,0.432985,0.351189,0.489371,0.113892,0.218467,0.495137,0.440802,0.535556,0.472378,0.542066,0.399183,0.573816,0.570704,0.488243,0.20646,0.271597,0.475002,0.531693,0.533922,0.638554,0.411618,0.488118,0.483209,0.286309,0.369356,0.514992,0.265499,0.174592,0.177296,0.437631,0.406113,0.501093,0.509615,0.286165,0.225004,0.43779,0.580625,0.502002,0.300417,0.425928
0.260831,0.392396,0.299717,0.473883,0.383162,0.263162,0.176287,0.21245,0.240258,0.411356,0.203494,0.481528,0.282224,0.207155,0.388328,0.338679,0.245702,0.580879,0.234706,0.476124,0.366016,0.273868,0.203683,0.295926,0.278708,0.00401377,0.385838,0.287777,0.375973,0.198792,0.235926,0.0438793,0.308168,0.276984,0.186138,1,0.308308,0.260482,0.415776,0.504882,0.236504,0.11173,0.425877,0.222489,0.300096,0.184937,-0.0136116,0.251461,0.140826,0.468517,0.309596,-0.0770622,0.153958,0.446668,0.347938,0.222201,0.217499,0.176437,0.233669,0.214884,0.174432,0.254744,0.380989,0.373716,0.269552,0.362138,0.022187,0.318432,0.22161,0.2245,0.164428,0.447523,0.0866393,0.246151,0.287282,0.4776,0.310019,0.268896,-0.0114265,0.27235,0.127234,0.302315,0.279454,0.186689,0.305904
0.0290041,0.0643414,0.10704,0.182831,0.0225637,-0.202341,-0.0161312,0.19992,0.0738879,0.214902,0.23255,0.228883,0.127242,-0.256624,-0.0984554,0.121094,0.0753373,0.00260806,0.182893,0.238788,0.119691,0.276512,-0.12733,0.0564006,0.115176,0.0699975,0.141743,-0.253857,0.180956,-0.230436,0.422803,0.0739468,0.0261125,0.00363267,0.215964,0.308308,1,-0.128239,0.0550917,0.237249,0.0138937,-0.114923,0.162371,0.139523,0.13884,-0.130024,-0.1712,0.00462523,-0.0969917,0.201732,0.186121,-0.0737521,0.0887679,0.293607,0.159018,0.00695519,0.241295,0.0863852,0.0111987,0.105058,-0.141315,0.0125342,0.16404,0.0579595,0.0707646,-0.010032,-0.228099,0.000953736,-0.144016,0.0348842,-0.18909,0.224753,-0.137676,0.0995611,0.216094,0.180637,0.0491263,0.289792,-0.256606,0.386707,-0.0201247,-0.0252065,0.122642,-0.156915,0.0359458
0.622884,0.535128,0.584577,0.589256,0.598456,0.602917,0.122801,0.144184,0.624217,0.454336,0.451087,0.417711,0.556479,0.598972,0.538323,0.495251,0.463816,0.496402,0.0749113,0.493764,0.539706,0.405653,0.485098,0.665706,0.374554,0.519877,0.497326,0.500721,0.575024,0.5869,0.31359,0.00259412,0.624516,0.475673,0.444331,0.260482,-0.128239,1,0.672183,0.649699,0.479111,0.442544,0.636764,0.568097,0.602284,0.65686,0.470954,0.472443,0.345717,0.370271,0.462951,0.410071,0.631952,0.607566,0.586338,0.553654,0.533351,0.500039,0.574395,0.279273,0.332095,0.405178,0.414746,0.582998,0.560869,0.448123,0.641567,0.639633,0.518588,0.530647,0.685885,0.391019,0.334513,0.0757998,0.35521,0.525856,0.552493,0.420381,0.392546,0.0552898,0.483518,0.615972,0.553449,0.417164,0.352334
0.87977,0.852126,0.841721,0.793963,0.788034,0.685308,0.368525,0.435922,0.538315,0.770331,0.62911,0.760563,0.778052,0.783581,0.614978,0.841558,0.748063,0.527149,0.53257,0.816815,0.856213,0.515022,0.58146,0.835311,0.486331,0.603987,0.785783,0.576086,0.668754,0.586217,0.358896,0.335697,0.771917,0.613879,0.54056,0.415776,0.0550917,0.672183,1,0.829161,0.530498,0.73473,0.892029,0.857724,0.863987,0.73542,0.577866,0.775396,0.320659,0.412186,0.669176,0.557895,0.75167,0.772049,0.7763,0.800849,0.687604,0.812871,0.783607,0.520402,0.643343,0.792313,0.629521,0.850952,0.849521,0.704525,0.695402,0.880447,0.604832,0.704154,0.733024,0.577112,0.360079,0.307442,0.658519,0.68281,0.777135,0.427921,0.412761,0.08799,0.674586,0.875273,0.89149,0.418524,0.558581
0.721853,0.730946,0.74718,0.743735,0.631921,0.523141,0.170234,0.383641,0.509871,0.699106,0.55432,0.637509,0.639224,0.610006,0.577292,0.715347,0.553206,0.505478,0.387259,0.704798,0.685681,0.626026,0.475944,0.713522,0.458855,0.546983,0.686511,0.398499,0.485295,0.406679,0.372002,0.272764,0.743808,0.43966,0.55795,0.504882,0.237249,0.649699,0.829161,1,0.576281,0.577273,0.786384,0.753971,0.768706,0.570784,0.438097,0.657037,0.109804,0.307573,0.600841,0.468588,0.726702,0.71605,0.66102,0.703433,0.68802,0.640806,0.710208,0.34374,0.455087,0.650131,0.473152,0.715883,0.64928,0.538538,0.491306,0.738885,0.544928,0.600458,0.538878,0.511478,0.314043,0.318473,0.612803,0.768153,0.640797,0.337465,0.352669,0.179167,0.606678,0.753091,0.748087,0.314135,0.542637
0.554138,0.458583,0.466864,0.432846,0.323021,0.412264,0.0488511,0.0614807,0.410812,0.413957,0.222692,0.505287,0.41187,0.514749,0.480623,0.468094,0.358892,0.466959,0.0652892,0.386921,0.451317,0.380283,0.503745,0.553298,0.352778,0.422768,0.55915,0.120664,0.279197,0.472756,-0.0256429,0.317857,0.45784,0.245756,0.175165,0.236504,0.0138937,0.479111,0.530498,0.576281,1,0.450765,0.548273,0.522749,0.502869,0.355436,0.346124,0.299733,-0.0570759,0.105653,0.321829,0.200764,0.314653,0.528238,0.270478,0.480146,0.348892,0.414859,0.365653,0.0144195,0.292616,0.299535,0.233711,0.403602,0.377942,0.316773,0.423905,0.500412,0.465608,0.513274,0.472768,0.294102,0.263912,0.305084,0.386569,0.511482,0.482902,-0.00450036,0.322225,-0.109872,0.429764,0.501465,0.459774,0.0381355,0.247778
0.771223,0.769345,0.666456,0.55565,0.581501,0.489612,0.411223,0.366125,0.50183,0.509779,0.407863,0.567515,0.602436,0.692479,0.643193,0.694904,0.532072,0.4355,0.343409,0.632072,0.680329,0.319953,0.466872,0.679739,0.347908,0.552709,0.651938,0.552025,0.298798,0.547745,0.136234,0.279273,0.704023,0.554031,0.462976,0.11173,-0.114923,0.442544,0.73473,0.577273,0.450765,1,0.65966,0.665423,0.656291,0.612316,0.706814,0.643502,0.169994,0.143684,0.53081,0.549488,0.540071,0.523966,0.589685,0.661132,0.533087,0.615095,0.554059,0.314907,0.515771,0.552858,0.501656,0.704194,0.720886,0.547129,0.656238,0.713318,0.403739,0.567011,0.654932,0.471708,0.395041,0.405497,0.563959,0.451177,0.620124,0.320459,0.305868,0.104493,0.667125,0.725256,0.705363,0.411794,0.628423
0.922316,0.83455,0.928424,0.852199,0.795352,0.700449,0.422766,0.428793,0.530461,0.807706,0.811474,0.823348,0.86844,0.80741,0.560027,0.873774,0.823612,0.548407,0.468134,0.859053,0.891411,0.60245,0.667548,0.906151,0.590844,0.584629,0.854474,0.515501,0.58997,0.530603,0.345929,0.318009,0.776984,0.709256,0.52796,0.425877,0.162371,0.636764,0.892029,0.786384,0.548273,0.65966,1,0.894295,0.956775,0.822675,0.62069,0.732861,0.254513,0.535589,0.790352,0.607052,0.793457,0.833838,0.859905,0.862796,0.701448,0.8411,0.787764,0.474608,0.635726,0.658227,0.693539,0.876386,0.871199,0.692844,0.674248,0.9344,0.660889,0.776093,0.755722,0.631555,0.303398,0.271531,0.677406,0.810028,0.764677,0.365158,0.381018,0.138691,0.590989,0.884428,0.806703,0.335084,0.582603
0.909041,0.813828,0.871551,0.788733,0.748517,0.638216,0.371475,0.404735,0.46266,0.720795,0.763304,0.767698,0.808915,0.810419,0.480735,0.806383,0.788717,0.392153,0.439272,0.775962,0.831731,0.561938,0.648605,0.924926,0.506371,0.712559,0.809862,0.465783,0.574058,0.545191,0.320132,0.309459,0.677669,0.505728,0.518348,0.222489,0.139523,0.568097,0.857724,0.753971,0.522749,0.665423,0.894295,1,0.909094,0.713033,0.676195,0.701879,0.275605,0.340216,0.714987,0.621834,0.771422,0.770219,0.738684,0.841478,0.736221,0.844351,0.765549,0.47442,0.605137,0.704926,0.609881,0.818291,0.862368,0.582241,0.665383,0.908228,0.626314,0.763831,0.764159,0.59263,0.298918,0.285224,0.709667,0.747841,0.714262,0.278494,0.430063,0.134156,0.619862,0.829174,0.848949,0.277078,0.512099
0.917543,0.803752,0.958954,0.830251,0.766877,0.647815,0.394992,0.3941,0.480986,0.812042,0.860235,0.734691,0.866488,0.797809,0.49791,0.864289,0.838692,0.468674,0.484604,0.809217,0.842155,0.63117,0.621807,0.88192,0.562102,0.669728,0.835593,0.517994,0.575451,0.503183,0.333257,0.291974,0.756812,0.652064,0.528981,0.300096,0.13884,0.602284,0.863987,0.768706,0.502869,0.656291,0.956775,0.909094,1,0.811311,0.621318,0.759116,0.248603,0.405746,0.799849,0.699659,0.817133,0.765575,0.843883,0.874463,0.66639,0.870416,0.862924,0.484616,0.642431,0.638388,0.663219,0.833588,0.895474,0.645816,0.656517,0.912615,0.600351,0.801056,0.721678,0.537603,0.378638,0.177806,0.671497,0.804691,0.755505,0.360572,0.361681,0.11899,0.641565,0.878646,0.800901,0.338379,0.553568
0.821479,0.720065,0.798284,0.662833,0.724267,0.75688,0.439131,0.271589,0.528203,0.549143,0.743471,0.596178,0.784801,0.796468,0.518346,0.730852,0.707056,0.469058,0.413273,0.708185,0.744999,0.474953,0.663987,0.761754,0.549706,0.488112,0.698423,0.509274,0.48266,0.497608,0.222682,0.194379,0.71316,0.660749,0.432985,0.184937,-0.130024,0.65686,0.73542,0.570784,0.355436,0.612316,0.822675,0.713033,0.811311,1,0.647789,0.647335,0.399933,0.465959,0.651615,0.68778,0.814508,0.677884,0.80323,0.789909,0.521357,0.736738,0.669226,0.411597,0.529262,0.454915,0.683004,0.806523,0.770133,0.642053,0.68493,0.839354,0.602247,0.615637,0.751686,0.51386,0.384318,0.181831,0.493033,0.607501,0.509396,0.263395,0.517606,0.131014,0.563461,0.820946,0.618933,0.391026,0.477358
0.699463,0.694726,0.572911,0.404152,0.728711,0.5177,0.465001,0.251925,0.320303,0.448266,0.507303,0.550482,0.597924,0.807119,0.474799,0.614694,0.50597,0.271724,0.332797,0.577946,0.646748,0.256363,0.632052,0.746046,0.567309,0.541235,0.672146,0.578746,0.256586,0.446493,0.0699391,0.293116,0.566427,0.56964,0.351189,-0.0136116,-0.1712,0.470954,0.577866,0.438097,0.346124,0.706814,0.62069,0.676195,0.621318,0.647789,1,0.648273,0.369942,0.298981,0.483197,0.62146,0.635459,0.551899,0.616915,0.723632,0.502215,0.640519,0.495818,0.28442,0.562814,0.508899,0.52076,0.647629,0.678768,0.467738,0.681093,0.773941,0.580774,0.623229,0.771763,0.340159,0.299819,0.346392,0.406417,0.531076,0.61306,0.219843,0.49794,0.170873,0.546159,0.659108,0.586968,0.251603,0.475964
0.728785,0.738162,0.725757,0.647751,0.719355,0.613419,0.457051,0.458268,0.42583,0.691467,0.613561,0.501549,0.593144,0.746999,0.631767,0.723356,0.658816,0.418888,0.492185,0.720141,0.714418,0.419561,0.636272,0.706463,0.478127,0.487639,0.694479,0.607247,0.426158,0.268478,0.387757,0.362443,0.61552,0.541907,0.489371,0.251461,0.00462523,0.472443,0.775396,0.657037,0.299733,0.643502,0.732861,0.701879,0.759116,0.647335,0.648273,1,0.389128,0.347059,0.671892,0.699919,0.659331,0.597005,0.720139,0.698002,0.727533,0.695398,0.686403,0.48944,0.469006,0.729647,0.512597,0.728278,0.711488,0.645554,0.633725,0.802354,0.576109,0.546186,0.682852,0.435135,0.329377,0.26021,0.575276,0.549886,0.690273,0.342928,0.450218,0.161759,0.63974,0.759426,0.767329,0.431126,0.619061
0.292663,0.301948,0.244622,0.177813,0.516849,0.36007,0.318151,0.0427582,0.229767,0.147215,0.302831,0.255676,0.25986,0.382834,0.366069,0.187164,0.287791,0.135455,0.151443,0.278828,0.293305,0.0714127,0.280988,0.31415,0.281751,0.249567,0.210074,0.3924,0.428965,0.196871,-0.00256384,-0.160884,0.179475,0.261354,0.113892,0.140826,-0.0969917,0.345717,0.320659,0.109804,-0.0570759,0.169994,0.254513,0.275605,0.248603,0.399933,0.369942,0.389128,1,0.258071,0.191701,0.233666,0.306234,0.293306,0.304311,0.285035,0.274911,0.223563,0.205098,0.22377,0.165964,0.311185,0.428717,0.272239,0.348358,0.291641,0.290288,0.373709,0.20398,0.269858,0.423894,0.252936,0.294393,-0.060323,0.189722,0.145321,0.230615,0.104164,0.304787,0.197022,0.24829,0.263667,0.208208,0.38928,0.028771
0.39569,0.363506,0.344872,0.396812,0.474504,0.456444,0.498498,0.121975,0.370524,0.422968,0.356454,0.520722,0.344978,0.331974,0.22766,0.438618,0.343059,0.324107,0.314296,0.580281,0.463969,0.399725,0.341841,0.440438,0.34269,0.0567629,0.448656,0.392124,0.292044,0.258158,0.256256,0.179662,0.319386,0.529252,0.218467,0.468517,0.201732,0.370271,0.412186,0.307573,0.105653,0.143684,0.535589,0.340216,0.405746,0.465959,0.298981,0.347059,0.258071,1,0.496609,0.10358,0.300385,0.441788,0.428419,0.266714,0.347263,0.41007,0.15736,0.376893,0.288441,0.25009,0.511805,0.484941,0.357766,0.55783,0.387766,0.428376,0.315414,0.210681,0.44603,0.42509,-0.161834,0.159561,0.306981,0.403116,0.405223,0.288238,0.26569,0.268797,0.119378,0.407136,0.356298,0.0450285,0.349024
0.740515,0.636933,0.812085,0.638088,0.56773,0.47714,0.549192,0.343483,0.430911,0.662205,0.735288,0.568101,0.652467,0.612178,0.463557,0.659787,0.721048,0.332246,0.383558,0.742024,0.727732,0.604458,0.61215,0.697499,0.433387,0.390703,0.583755,0.412637,0.317482,0.363839,0.386727,0.327586,0.676842,0.536493,0.495137,0.309596,0.186121,0.462951,0.669176,0.600841,0.321829,0.53081,0.790352,0.714987,0.799849,0.651615,0.483197,0.671892,0.191701,0.496609,1,0.562973,0.651626,0.590924,0.733302,0.695456,0.602768,0.760467,0.613999,0.426821,0.442729,0.49315,0.510822,0.753497,0.70767,0.597661,0.452944,0.738704,0.550777,0.564337,0.655018,0.531033,0.30275,0.149906,0.594857,0.66816,0.603263,0.398502,0.231499,0.217341,0.411722,0.693005,0.573824,0.229287,0.603124
0.66854,0.638867,0.715653,0.525812,0.595229,0.508951,0.280035,0.305124,0.248742,0.587025,0.741795,0.321396,0.668633,0.637477,0.387426,0.678477,0.683207,0.206588,0.480112,0.512157,0.681631,0.416144,0.547085,0.566157,0.562413,0.560763,0.558956,0.452851,0.294742,0.330735,0.306979,0.231995,0.57792,0.569535,0.440802,-0.0770622,-0.0737521,0.410071,0.557895,0.468588,0.200764,0.549488,0.607052,0.621834,0.699659,0.68778,0.62146,0.699919,0.233666,0.10358,0.562973,1,0.733923,0.435126,0.646116,0.725119,0.461082,0.722942,0.692511,0.290419,0.445876,0.408369,0.412042,0.639185,0.704576,0.437622,0.54805,0.647578,0.537901,0.624934,0.592802,0.267972,0.388861,0.271579,0.448752,0.456938,0.473322,0.278885,0.421369,0.0531363,0.482086,0.674336,0.553068,0.399524,0.531686
0.768489,0.714378,0.811006,0.680433,0.709258,0.59187,0.32308,0.291185,0.355461,0.667163,0.792067,0.598817,0.77329,0.725986,0.477988,0.741898,0.675439,0.280681,0.494117,0.720261,0.760305,0.493318,0.552331,0.72078,0.570453,0.553908,0.628706,0.441251,0.490507,0.376991,0.318855,0.230307,0.717898,0.601358,0.535556,0.153958,0.0887679,0.631952,0.75167,0.726702,0.314653,0.540071,0.793457,0.771422,0.817133,0.814508,0.635459,0.659331,0.306234,0.300385,0.651626,0.733923,1,0.68781,0.827327,0.860846,0.616468,0.754426,0.782027,0.434542,0.544835,0.617746,0.575241,0.772112,0.774058,0.53149,0.589941,0.818002,0.650661,0.677944,0.650867,0.455816,0.381788,0.215003,0.476137,0.717569,0.552707,0.314035,0.498371,0.221305,0.546571,0.769252,0.701664,0.369632,0.518412
