1,0.565476,0.894165,0.759629,0.593088,0.723372,0.460587,0.447752,0.603449,0.573888,0.760625,0.746504,0.881792,0.826278,0.576887,0.589416,0.837407,0.670391,0.690704,0.663927,0.869386,0.546057,0.686722,0.837424,0.611336,0.602312,0.787305,0.764293,0.422895,0.377898,0.35476,0.684185,0.790874,0.764818,0.563159,0.27137,0.492573,0.664616,0.81536,0.76522,0.383956,0.676092,0.866408,0.48266,0.867125,0.762123,0.73053,0.781858,0.389992,0.440068,0.492056,0.716655,0.82036,0.708627,0.810462,0.746687,0.691984,0.681464,0.51431,0.536886,0.534858,0.74509,0.606705,0.750216,0.818705,0.558619,0.755771,0.889048,0.590947,0.737547,0.755532,0.553281,0.503511,0.305466,0.386081,0.772604,0.824389,0.671547,0.322788,-0.0155124,0.509153,0.834562,0.810275,0.307736,0.732723
0.565476,1,0.579807,0.468701,0.372821,0.49009,0.0775898,0.305489,0.366618,0.257908,0.412774,0.417713,0.472386,0.430974,0.208746,0.630422,0.45935,0.633804,0.430793,0.473763,0.593199,0.303028,0.263065,0.420604,0.148655,0.224435,0.384076,0.24333,0.293704,0.0390843,0.0856954,0.353267,0.386826,0.514505,0.117502,0.0373204,0.282099,0.470495,0.423623,0.344636,0.402027,0.269453,0.580757,0.634903,0.422806,0.247041,0.426798,0.551024,0.0554062,0.325348,0.0305845,0.269487,0.25561,0.446577,0.418525,0.32246,0.268627,0.518448,0.41736,0.23022,0.434606,0.473111,0.425483,0.411064,0.519798,0.125386,0.31056,0.438424,0.304041,0.457128,0.264847,0.234293,0.236461,0.150816,0.0732403,0.319185,0.520091,0.256566,0.220227,0.0262481,0.0855807,0.47609,0.298443,0.266796,0.185759
0.894165,0.579807,1,0.825458,0.718556,0.786752,0.420582,0.598096,0.659474,0.699156,0.848978,0.778511,0.886135,0.843301,0.67108,0.666281,0.898956,0.704027,0.743579,0.739385,0.918905,0.609679,0.746248,0.910109,0.583051,0.65088,0.8103,0.748949,0.371532,0.360886,0.237009,0.677002,0.838016,0.85791,0.561634,0.105165,0.436781,0.653612,0.85727,0.81614,0.393223,0.724991,0.906085,0.618678,0.903221,0.801536,0.78456,0.81948,0.289822,0.453347,0.397835,0.736153,0.845377,0.789922,0.837131,0.790062,0.741763,0.779315,0.628929,0.572886,0.511969,0.744355,0.615674,0.862994,0.897225,0.580801,0.800392,0.946141,0.523214,0.784416,0.807287,0.578464,0.548228,0.383516,0.423075,0.780363,0.831528,0.672732,0.49318,0.132376,0.589343,0.884914,0.864467,0.402364,0.742786
0.759629,0.468701,0.825458,1,0.730687,0.761199,0.336983,0.460536,0.724542,0.746513,0.780951,0.759227,0.81076,0.681249,0.639883,0.620953,0.813859,0.553663,0.731373,0.662983,0.828651,0.415526,0.82189,0.826881,0.563369,0.569582,0.750507,0.628775,0.357998,0.326091,0.354204,0.626841,0.703036,0.707858,0.548244,0.0539748,0.538956,0.540574,0.766181,0.722195,0.485605,0.607852,0.720107,0.512547,0.786326,0.788943,0.683042,0.652251,0.303163,0.325736,0.348677,0.714945,0.734125,0.804808,0.750893,0.708779,0.602737,0.619448,0.493048,0.445217,0.39422,0.696008,0.568593,0.693762,0.806736,0.628343,0.639761,0.830009,0.446961,0.698292,0.724116,0.531583,0.392461,0.264573,0.491137,0.737811,0.719177,0.427911,0.394589,0.152765,0.468888,0.75812,0.742639,0.370103,0.604891
0.593088,0.372821,0.718556,0.730687,1,0.639291,0.218941,0.269003,0.67639,0.729077,0.742834,0.670143,0.794014,0.613142,0.700599,0.578218,0.735827,0.503114,0.642364,0.702381,0.732997,0.385852,0.641576,0.762667,0.544065,0.647953,0.744312,0.693127,0.381675,0.252305,0.092579,0.569896,0.701376,0.600274,0.590166,-0.0251858,0.270773,0.400254,0.736366,0.765756,0.380146,0.559541,0.644204,0.327561,0.684887,0.673523,0.623666,0.671036,0.205311,0.407069,0.438292,0.622528,0.64369,0.77819,0.707131,0.72245,0.650798,0.552634,0.396371,0.537792,0.370685,0.652209,0.3629,0.711677,0.680271,0.66243,0.734628,0.768388,0.416166,0.722918,0.688743,0.521983,0.420217,0.0740947,0.56726,0.74102,0.628128,0.506789,0.576604,0.2554,0.46559,0.718296,0.626674,0.488832,0.658797
0.723372,0.49009,0.786752,0.761199,0.639291,1,0.440878,0.510389,0.650822,0.633153,0.714638,0.68853,0.788728,0.670219,0.697703,0.552798,0.775379,0.502745,0.609927,0.62344,0.737808,0.500439,0.718119,0.801658,0.482718,0.598139,0.622485,0.689145,0.297295,0.431009,0.242648,0.634202,0.549821,0.625157,0.552814,0.259406,0.422751,0.479557,0.742959,0.683028,0.441132,0.661053,0.704661,0.471026,0.734894,0.648022,0.640944,0.662701,0.245772,0.42281,0.330754,0.568924,0.653152,0.672677,0.702985,0.695496,0.600763,0.559727,0.424363,0.48985,0.429291,0.560742,0.520959,0.690386,0.723699,0.647021,0.691072,0.755966,0.368731,0.707237,0.689467,0.48826,0.390948,0.37652,0.456541,0.654049,0.649265,0.47407,0.291756,0.128723,0.432391,0.684135,0.706253,0.363516,0.625194
0.460587,0.0775898,0.420582,0.336983,0.218941,0.440878,1,0.422035,0.348858,0.338538,0.312676,0.343582,0.40725,0.54857,0.487341,0.192479,0.33173,0.121308,0.273893,0.466257,0.503098,0.306729,0.385176,0.438878,0.240549,0.444011,0.304221,0.416196,0.0796871,0.18531,0.293908,0.434422,0.290552,0.45761,0.498957,0.0138677,0.219412,0.387393,0.536178,0.412313,0.0442843,0.523859,0.487053,0.311224,0.540201,0.355039,0.442432,0.280738,0.502802,0.235843,0.235687,0.468753,0.52251,0.322993,0.377788,0.548058,0.404002,0.323892,0.136389,0.354716,0.24772,0.29146,0.469485,0.606108,0.523259,0.331054,0.493117,0.399074,0.22107,0.354384,0.571255,0.298445,0.187772,0.442097,0.183494,0.485591,0.609701,0.408511,0.146627,0.236215,0.361836,0.529918,0.606776,0.0385506,0.352266
0.447752,0.305489,0.598096,0.460536,0.269003,0.510389,0.422035,1,0.422896,0.307603,0.33479,0.366569,0.469441,0.493863,0.349856,0.266305,0.518429,0.347461,0.35187,0.376398,0.553444,0.408337,0.357547,0.49868,0.269769,0.371367,0.320043,0.355312,-0.0450801,-0.056552,0.178109,0.34398,0.342,0.434007,0.275085,0.0141144,0.220596,0.515392,0.483408,0.481638,0.261598,0.480309,0.506634,0.399525,0.528245,0.431362,0.376827,0.354753,0.130232,0.158759,0.000729413,0.284707,0.421357,0.457988,0.383602,0.329591,0.253,0.423972,0.442384,0.491665,0.37494,0.383014,0.431154,0.453444,0.520522,0.275686,0.482048,0.486781,0.327012,0.397923,0.49038,0.318295,0.27185,0.389029,0.143123,0.350023,0.474064,0.369463,0.251077,0.166901,0.361524,0.462637,0.554839,0.286146,0.471603
0.603449,0.366618,0.659474,0.724542,0.67639,0.650822,0.348858,0.422896,1,0.599565,0.63049,0.658399,0.690557,0.481305,0.602435,0.472704,0.651657,0.649356,0.532624,0.653547,0.707301,0.386426,0.63345,0.680132,0.429355,0.50653,0.654289,0.514338,0.414769,0.188338,0.0337493,0.44972,0.641643,0.616509,0.495574,0.152601,0.448557,0.365959,0.711312,0.762091,0.35587,0.51346,0.632564,0.238331,0.618631,0.635083,0.503913,0.556352,0.478379,0.394479,0.238425,0.585048,0.601905,0.707243,0.645028,0.58564,0.499152,0.525254,0.399307,0.629533,0.404861,0.572555,0.448827,0.641746,0.62339,0.614682,0.643864,0.67405,0.404752,0.744071,0.630679,0.627037,0.318206,0.141306,0.63781,0.631769,0.617059,0.336456,0.483417,0.335914,0.315851,0.646989,0.599925,0.422426,0.48503
0.573888,0.257908,0.699156,0.746513,0.729077,0.633153,0.338538,0.307603,0.599565,1,0.779805,0.645144,0.643055,0.615765,0.700836,0.532373,0.579015,0.478353,0.607542,0.606767,0.644595,0.282074,0.730498,0.66574,0.349406,0.48534,0.616395,0.587298,0.354873,0.183767,0.252478,0.546299,0.61303,0.63937,0.51688,0.00963984,0.491162,0.437116,0.667884,0.617625,0.220941,0.61527,0.623478,0.441609,0.658987,0.66133,0.741786,0.563644,0.230884,0.354761,0.286387,0.723024,0.660364,0.716676,0.642795,0.650612,0.567951,0.700718,0.503261,0.356287,0.395082,0.442611,0.595256,0.754936,0.758012,0.639391,0.574704,0.726751,0.375508,0.699271,0.745171,0.559,0.499241,0.347026,0.431831,0.641286,0.690504,0.326643,0.489014,0.093378,0.408804,0.639661,0.71578,0.0946913,0.535002
0.760625,0.412774,0.848978,0.780951,0.742834,0.714638,0.312676,0.33479,0.63049,0.779805,1,0.802354,0.836711,0.769133,0.678304,0.567643,0.84309,0.600909,0.671285,0.655558,0.753077,0.568073,0.758174,0.81416,0.511054,0.681546,0.783631,0.737929,0.444379,0.29622,0.277237,0.656251,0.803938,0.765976,0.623287,0.0672059,0.441643,0.555059,0.739171,0.730767,0.409455,0.587243,0.737784,0.401066,0.764054,0.776265,0.714549,0.811136,0.300188,0.507617,0.421562,0.755961,0.800541,0.82684,0.821675,0.769869,0.685436,0.687061,0.457187,0.503871,0.409059,0.731291,0.494659,0.794569,0.788155,0.71339,0.717385,0.887592,0.466893,0.741939,0.745169,0.609475,0.504503,0.368153,0.447104,0.783162,0.751367,0.588707,0.521293,0.183019,0.572136,0.832531,0.785706,0.364415,0.685409
0.746504,0.417713,0.778511,0.759227,0.670143,0.68853,0.343582,0.366569,0.658399,0.645144,0.802354,1,0.788831,0.656902,0.602666,0.43523,0.789862,0.564046,0.59826,0.573931,0.740339,0.49303,0.834443,0.80322,0.528816,0.486961,0.777301,0.638005,0.567565,0.408982,0.2364,0.588783,0.70334,0.613498,0.610539,0.179182,0.317661,0.458489,0.766725,0.681337,0.394147,0.564905,0.739912,0.377585,0.68257,0.704626,0.61685,0.73609,0.298949,0.260442,0.342721,0.591583,0.649923,0.773548,0.727751,0.692201,0.552024,0.615157,0.383817,0.482734,0.437125,0.693374,0.482106,0.693057,0.701076,0.581261,0.637646,0.794016,0.40344,0.826403,0.702597,0.479015,0.521228,0.280945,0.523869,0.71743,0.724823,0.500761,0.365516,0.279035,0.624264,0.809707,0.762222,0.353081,0.607823
0.881792,0.472386,0.886135,0.81076,0.794014,0.788728,0.40725,0.469441,0.690557,0.643055,0.836711,0.788831,1,0.808921,0.687182,0.603885,0.928288,0.602197,0.686733,0.704201,0.873624,0.567813,0.734464,0.899698,0.611287,0.723791,0.821516,0.841638,0.339813,0.328726,0.289298,0.735488,0.819986,0.73599,0.6559,0.209793,0.405096,0.603916,0.873967,0.839064,0.484268,0.695033,0.813479,0.406194,0.895941,0.810992,0.722116,0.750128,0.321442,0.397814,0.481356,0.734109,0.833722,0.822414,0.857355,0.784565,0.720406,0.628812,0.513149,0.628383,0.516319,0.806415,0.471049,0.776264,0.801613,0.727652,0.819972,0.899453,0.571817,0.791426,0.80328,0.552412,0.564767,0.288551,0.565374,0.855246,0.811343,0.727353,0.436579,0.146645,0.539354,0.875617,0.837569,0.471934,0.814676
0.826278,0.430974,0.843301,0.681249,0.613142,0.670219,0.54857,0.493863,0.481305,0.615765,0.769133,0.656902,0.808921,1,0.67184,0.584112,0.778016,0.492139,0.656998,0.692591,0.864028,0.626885,0.69488,0.806466,0.576296,0.6436,0.706056,0.783051,0.261562,0.336466,0.44186,0.727185,0.727755,0.818966,0.680715,0.00444379,0.387341,0.659683,0.842108,0.710246,0.343608,0.722744,0.777928,0.546633,0.855369,0.718169,0.76282,0.717806,0.424904,0.364383,0.503115,0.744853,0.813138,0.749141,0.759876,0.847689,0.70335,0.654789,0.439591,0.471832,0.456434,0.690544,0.556807,0.835451,0.836862,0.498904,0.762727,0.856545,0.437971,0.636185,0.799379,0.551333,0.463151,0.426535,0.241742,0.771664,0.85143,0.71357,0.388896,0.0183054,0.555071,0.851177,0.854477,0.327498,0.749323
0.576887,0.208746,0.67108,0.639883,0.700599,0.697703,0.487341,0.349856,0.602435,0.700836,0.678304,0.602666,0.687182,0.67184,1,0.507192,0.625342,0.440956,0.474774,0.616548,0.661447,0.422165,0.792617,0.740648,0.380721,0.482208,0.678634,0.619326,0.325081,0.376319,0.210429,0.576703,0.521363,0.551475,0.599233,0.12452,0.378298,0.388942,0.698402,0.607462,0.21647,0.568053,0.645815,0.386831,0.69794,0.611134,0.610417,0.525317,0.435264,0.385268,0.55514,0.573158,0.651332,0.755091,0.684868,0.745358,0.734676,0.512376,0.360651,0.410727,0.44766,0.559455,0.429815,0.752104,0.679554,0.611888,0.660242,0.722433,0.323506,0.612993,0.750646,0.448099,0.369515,0.40383,0.398152,0.650016,0.664707,0.531501,0.419911,0.116343,0.436049,0.634738,0.710006,0.280416,0.596041
0.589416,0.630422,0.666281,0.620953,0.578218,0.552798,0.192479,0.266305,0.472704,0.532373,0.567643,0.43523,0.603885,0.584112,0.507192,1,0.573798,0.632616,0.540461,0.511063,0.700019,0.394615,0.422678,0.590693,0.250462,0.470898,0.495965,0.396614,0.224368,0.182675,-0.051195,0.352388,0.529844,0.568709,0.404227,-0.0150225,0.327798,0.470506,0.504794,0.511671,0.510725,0.342438,0.634606,0.717279,0.623957,0.528255,0.498005,0.441483,0.0609515,0.397735,0.2748,0.547847,0.530845,0.66954,0.682282,0.495879,0.523449,0.745474,0.702509,0.202242,0.278991,0.518634,0.41886,0.61287,0.616108,0.342914,0.555901,0.618174,0.357808,0.504135,0.503745,0.213955,0.173137,0.104385,0.280771,0.562925,0.579045,0.348294,0.428557,0.025092,0.0981365,0.572294,0.489685,0.131095,0.459686
0.837407,0.45935,0.898956,0.813859,0.735827,0.775379,0.33173,0.518429,0.651657,0.579015,0.84309,0.789862,0.928288,0.778016,0.625342,0.573798,1,0.586286,0.689843,0.661125,0.845296,0.606309,0.756872,0.927232,0.675873,0.711146,0.834851,0.756497,0.351437,0.396934,0.234337,0.622084,0.812823,0.713228,0.624123,0.165724,0.352069,0.575365,0.812087,0.81819,0.468943,0.673493,0.793112,0.415381,0.839487,0.790682,0.626864,0.793213,0.244773,0.346905,0.48749,0.689831,0.807534,0.77384,0.813101,0.79124,0.699895,0.598925,0.443441,0.624952,0.455938,0.826687,0.414256,0.736117,0.768597,0.645097,0.79516,0.903798,0.535854,0.69302,0.763758,0.496739,0.504788,0.26612,0.497911,0.788916,0.734373,0.657124,0.452715,0.167716,0.645276,0.852963,0.803472,0.481613,0.783959
0.670391,0.633804,0.704027,0.553663,0.503114,0.502745,0.121308,0.347461,0.649356,0.478353,0.600909,0.564046,0.602197,0.492139,0.440956,0.632616,0.586286,1,0.590796,0.623652,0.681167,0.403441,0.44729,0.575475,0.356578,0.364516,0.647291,0.418097,0.33286,0.158439,-0.115955,0.403685,0.648064,0.629831,0.207527,0.357984,0.515657,0.451605,0.555569,0.548659,0.272311,0.408691,0.694692,0.373136,0.599389,0.518883,0.508892,0.618963,0.227386,0.427662,0.330241,0.453989,0.542271,0.63131,0.666357,0.487356,0.565283,0.603388,0.551758,0.368114,0.409358,0.582934,0.552249,0.612991,0.63204,0.402665,0.523532,0.618588,0.371864,0.636309,0.529096,0.501805,0.32635,0.0584671,0.409672,0.489872,0.552368,0.429752,0.471424,0.0697823,0.199382,0.594207,0.457284,0.307006,0.4833
0.690704,0.430793,0.743579,0.731373,0.642364,0.609927,0.273893,0.35187,0.532624,0.607542,0.671285,0.59826,0.686733,0.656998,0.474774,0.540461,0.689843,0.590796,1,0.761826,0.78317,0.381567,0.647342,0.683813,0.590255,0.573149,0.769285,0.587935,0.388255,0.309222,0.304257,0.63665,0.691453,0.738172,0.405615,0.0418769,0.526031,0.586763,0.684126,0.594921,0.408314,0.540233,0.651574,0.342264,0.6514,0.571057,0.627426,0.682305,0.174068,0.374443,0.394656,0.672023,0.699838,0.613121,0.605294,0.643305,0.536984,0.531828,0.358938,0.372798,0.211323,0.527777,0.660599,0.690726,0.775212,0.505935,0.558853,0.721203,0.375831,0.646238,0.580355,0.506845,0.547075,0.26351,0.393932,0.594017,0.627995,0.391633,0.545735,0.0757548,0.46431,0.69551,0.573015,0.500249,0.706604
0.663927,0.473763,0.739385,0.662983,0.702381,0.62344,0.466257,0.376398,0.653547,0.606767,0.655558,0.573931,0.704201,0.692591,0.616548,0.511063,0.661125,0.623652,0.761826,1,0.848307,0.534061,0.61536,0.718025,0.546383,0.521825,0.745854,0.621372,0.334103,0.275594,0.112473,0.645397,0.659404,0.808323,0.453825,0.0999098,0.502198,0.512532,0.77306,0.755056,0.254252,0.705536,0.723506,0.352873,0.694484,0.543171,0.742112,0.655928,0.485729,0.487291,0.461361,0.64514,0.694807,0.660412,0.567904,0.754525,0.56218,0.429531,0.226702,0.481904,0.482707,0.60059,0.715713,0.856888,0.832448,0.54294,0.690028,0.729727,0.433877,0.705701,0.690248,0.641625,0.428344,0.280112,0.455616,0.684096,0.739062,0.515662,0.533017,0.231275,0.55091,0.784394,0.629124,0.52388,0.637978
0.869386,0.593199,0.918905,0.828651,0.732997,0.737808,0.503098,0.553444,0.707301,0.644595,0.753077,0.740339,0.873624,0.864028,0.661447,0.700019,0.845296,0.681167,0.78317,0.848307,1,0.630224,0.739321,0.889628,0.620885,0.648748,0.798854,0.713962,0.346245,0.323626,0.229719,0.655664,0.764664,0.840082,0.588289,0.0557771,0.448804,0.672073,0.890464,0.835998,0.424746,0.728002,0.882982,0.590705,0.888844,0.772303,0.765345,0.722029,0.385668,0.403344,0.409008,0.744521,0.809923,0.809848,0.776306,0.800477,0.655767,0.711828,0.502912,0.516354,0.530745,0.752491,0.667072,0.881458,0.926367,0.552368,0.792607,0.887274,0.510525,0.789425,0.813421,0.584075,0.443323,0.324392,0.416985,0.799018,0.863461,0.634608,0.4612,0.205851,0.567837,0.893464,0.821786,0.483466,0.73748
0.546057,0.303028,0.609679,0.415526,0.385852,0.500439,0.306729,0.408337,0.386426,0.282074,0.568073,0.49303,0.567813,0.626885,0.422165,0.394615,0.606309,0.403441,0.381567,0.534061,0.630224,1,0.442241,0.668572,0.471937,0.537469,0.526547,0.615503,0.0730651,0.286613,0.0271904,0.368696,0.478836,0.508151,0.473367,0.125586,0.148413,0.436872,0.498438,0.620793,0.394909,0.472708,0.606775,0.306153,0.59797,0.636289,0.510476,0.494554,0.381443,0.458945,0.325828,0.486185,0.556462,0.512883,0.505544,0.541316,0.39557,0.398078,0.191415,0.328278,0.340915,0.557894,0.341925,0.551719,0.517119,0.478148,0.577691,0.630565,0.441101,0.459314,0.504097,0.465014,0.156049,0.208628,0.284651,0.642459,0.539735,0.560158,0.334716,0.316886,0.565313,0.560985,0.569617,0.447959,0.612223
0.686722,0.263065,0.746248,0.82189,0.641576,0.718119,0.385176,0.357547,0.63345,0.730498,0.758174,0.834443,0.734464,0.69488,0.792617,0.422678,0.756872,0.44729,0.647342,0.61536,0.739321,0.442241,1,0.845412,0.538563,0.420829,0.764895,0.619342,0.506185,0.536676,0.372483,0.601213,0.630783,0.62698,0.632677,0.12466,0.402386,0.438617,0.775871,0.64354,0.334705,0.617154,0.699799,0.39243,0.707275,0.706982,0.650807,0.629919,0.382028,0.254958,0.425107,0.642301,0.678709,0.756134,0.667308,0.764393,0.644022,0.531755,0.290678,0.393327,0.431989,0.627295,0.493541,0.723269,0.746854,0.563488,0.568448,0.792742,0.347868,0.725252,0.748079,0.435032,0.491372,0.38086,0.451397,0.674126,0.709737,0.462015,0.331328,0.120054,0.614167,0.728137,0.785496,0.335679,0.610167
0.837424,0.420604,0.910109,0.826881,0.762667,0.801658,0.438878,0.49868,0.680132,0.66574,0.81416,0.80322,0.899698,0.806466,0.740648,0.590693,0.927232,0.575475,0.683813,0.718025,0.889628,0.668572,0.845412,1,0.695324,0.674279,0.813887,0.80315,0.359533,0.508895,0.204972,0.635975,0.787829,0.732949,0.653692,0.173087,0.32654,0.563359,0.859028,0.852354,0.45314,0.732016,0.880204,0.498489,0.880253,0.849481,0.717321,0.751259,0.339418,0.38857,0.477032,0.704971,0.807708,0.766901,0.791223,0.842133,0.760014,0.627643,0.409257,0.519012,0.485265,0.762815,0.467677,0.813513,0.823493,0.604924,0.806599,0.922835,0.496198,0.763373,0.828993,0.498208,0.469321,0.245741,0.525462,0.843814,0.778387,0.649877,0.41799,0.248656,0.660321,0.846729,0.863289,0.465489,0.776523
0.611336,0.148655,0.583051,0.563369,0.544065,0.482718,0.240549,0.269769,0.429355,0.349406,0.511054,0.528816,0.611287,0.576296,0.380721,0.250462,0.675873,0.356578,0.590255,0.546383,0.620885,0.471937,0.538563,0.695324,1,0.542647,0.648554,0.593611,0.125346,0.450251,0.0542952,0.39613,0.591259,0.458846,0.334755,0.175271,0.253654,0.303216,0.643945,0.577505,0.224269,0.535965,0.551916,0.152641,0.59925,0.567281,0.391931,0.579078,0.265982,0.0637014,0.670534,0.447436,0.568367,0.436443,0.52771,0.641737,0.497578,0.24085,0.0680281,0.36155,0.199232,0.570094,0.284024,0.483717,0.513525,0.329093,0.659763,0.632926,0.32216,0.444016,0.595956,0.405131,0.162298,-0.0605643,0.40035,0.60279,0.380183,0.524653,0.192958,0.180157,0.501331,0.636583,0.509027,0.375649,0.624299
0.602312,0.224435,0.65088,0.569582,0.647953,0.598139,0.444011,0.371367,0.50653,0.48534,0.681546,0.486961,0.723791,0.6436,0.482208,0.470898,0.711146,0.364516,0.573149,0.521825,0.648748,0.537469,0.420829,0.674279,0.542647,1,0.591085,0.689812,0.120428,0.210117,0.254656,0.5418,0.643816,0.567147,0.643186,0.0308532,0.261321,0.544968,0.613183,0.691328,0.468037,0.5103,0.528083,0.250985,0.666377,0.655412,0.472901,0.586734,0.250436,0.381777,0.372052,0.619593,0.728548,0.618222,0.726844,0.651295,0.497289,0.496225,0.31346,0.534898,0.191293,0.644691,0.330037,0.630468,0.602516,0.628998,0.728147,0.69091,0.363966,0.467943,0.627085,0.419589,0.226285,0.122194,0.364496,0.729186,0.602424,0.606483,0.346777,0.208292,0.396146,0.678699,0.634799,0.358414,0.731886
0.787305,0.384076,0.8103,0.750507,0.744312,0.622485,0.304221,0.320043,0.654289,0.616395,0.783631,0.777301,0.821516,0.706056,0.678634,0.495965,0.834851,0.647291,0.769285,0.745854,0.798854,0.526547,0.764895,0.813887,0.648554,0.591085,1,0.714893,0.499514,0.38901,0.229611,0.623225,0.806907,0.728117,0.521252,0.270027,0.566517,0.54163,0.784015,0.708131,0.368376,0.532893,0.736203,0.278056,0.764164,0.717552,0.65902,0.7774,0.380702,0.403197,0.62226,0.692957,0.758953,0.769942,0.731028,0.800833,0.691233,0.516132,0.335162,0.600965,0.343146,0.770448,0.573235,0.746014,0.723424,0.639163,0.715835,0.862643,0.538621,0.706494,0.683669,0.557023,0.577667,0.214839,0.523539,0.758593,0.741002,0.634915,0.563825,0.140289,0.593804,0.808748,0.694986,0.452465,0.788487
0.764293,0.24333,0.748949,0.628775,0.693127,0.689145,0.416196,0.355312,0.514338,0.587298,0.737929,0.638005,0.841638,0.783051,0.619326,0.396614,0.756497,0.418097,0.587935,0.621372,0.713962,0.615503,0.619342,0.80315,0.593611,0.689812,0.714893,1,0.285761,0.418976,0.349364,0.753026,0.744144,0.667625,0.609868,0.24663,0.35199,0.495289,0.778186,0.770818,0.377867,0.697153,0.660453,0.209445,0.819202,0.774918,0.694376,0.638229,0.35307,0.458276,0.510976,0.628039,0.737622,0.615111,0.710589,0.790727,0.707412,0.452253,0.322052,0.568866,0.347709,0.684865,0.416987,0.691752,0.652213,0.678759,0.774511,0.814082,0.463742,0.651204,0.688297,0.641381,0.496117,0.147819,0.442472,0.827493,0.703655,0.750105,0.364206,0.10151,0.523854,0.725136,0.736321,0.429891,0.804356
0.422895,0.293704,0.371532,0.357998,0.381675,0.297295,0.0796871,-0.0450801,0.414769,0.354873,0.444379,0.567565,0.339813,0.261562,0.325081,0.224368,0.351437,0.33286,0.388255,0.334103,0.346245,0.0730651,0.506185,0.359533,0.125346,0.120428,0.499514,0.285761,1,0.471081,0.183861,0.318304,0.429281,0.371323,0.431447,0.0534671,0.218295,0.237535,0.432971,0.341707,0.246165,0.222671,0.319951,0.118261,0.243646,0.223774,0.320113,0.44618,0.154961,0.29848,0.107828,0.26105,0.241095,0.361346,0.336127,0.398961,0.273587,0.345145,0.122269,0.321368,0.188655,0.392637,0.304577,0.389339,0.315126,0.223235,0.23017,0.399711,0.160594,0.493752,0.187774,0.306257,0.430254,0.092094,0.23591,0.264735,0.442357,0.169461,0.161734,-0.0355563,0.344684,0.425731,0.310304,0.226915,0.225578
0.377898,0.0390843,0.360886,0.326091,0.252305,0.431009,0.18531,-0.056552,0.188338,0.183767,0.29622,0.408982,0.328726,0.336466,0.376319,0.182675,0.396934,0.158439,0.309222,0.275594,0.323626,0.286613,0.536676,0.508895,0.450251,0.210117,0.38901,0.418976,0.471081,1,0.105036,0.383175,0.351218,0.302845,0.396117,0.245762,0.122683,0.0808387,0.417803,0.317036,0.187149,0.415366,0.357861,0.209201,0.409471,0.342412,0.363701,0.294432,0.186676,0.133437,0.369318,0.24443,0.368283,0.202952,0.391695,0.52687,0.452826,0.131091,0.0335016,0.112832,-0.0186595,0.329167,0.202078,0.362887,0.281337,0.194516,0.354963,0.391731,0.0240414,0.251679,0.296631,0.0738176,0.156096,0.0132609,0.323103,0.334152,0.278448,0.38298,-0.132651,-0.141906,0.379328,0.338161,0.348049,0.206003,0.347028
0.35476,0.0856954,0.237009,0.354204,0.092579,0.242648,0.293908,0.178109,0.0337493,0.252478,0.277237,0.2364,0.289298,0.44186,0.210429,-0.051195,0.234337,-0.115955,0.304257,0.112473,0.229719,0.0271904,0.372483,0.204972,0.0542952,0.254656,0.229611,0.349364,0.183861,0.105036,1,0.589735,0.283808,0.320505,0.412768,-0.0536635,0.34012,0.429805,0.310381,0.145637,0.194452,0.243787,0.14022,0.10559,0.243574,0.219643,0.352532,0.312836,0.319186,0.0794577,0.120841,0.339399,0.325971,0.265004,0.246032,0.310514,0.170575,0.0668093,-0.0384956,0.163343,0.116411,0.260016,0.253368,0.157768,0.309488,0.2107,0.0872529,0.302975,0.11238,0.0732104,0.20958,0.169473,0.37097,0.344853,-0.0828102,0.246648,0.430357,0.174554,-0.0555639,-0.32691,0.196249,0.23488,0.376514,0.0587271,0.285732
0.684185,0.353267,0.677002,0.626841,0.569896,0.634202,0.434422,0.34398,0.44972,0.546299,0.656251,0.588783,0.735488,0.727185,0.576703,0.352388,0.622084,0.403685,0.63665,0.645397,0.655664,0.368696,0.601213,0.635975,0.39613,0.5418,0.623225,0.753026,0.318304,0.383175,0.589735,1,0.685294,0.718999,0.599622,0.160488,0.471248,0.554552,0.747735,0.608722,0.349097,0.689099,0.61419,0.302739,0.683196,0.519014,0.760036,0.652832,0.485004,0.402015,0.408476,0.591916,0.716793,0.625379,0.692216,0.74403,0.616981,0.345888,0.290499,0.471952,0.296198,0.583609,0.554327,0.650138,0.669824,0.562106,0.663197,0.689703,0.270052,0.535844,0.588232,0.505356,0.619587,0.309963,0.411801,0.670561,0.728073,0.595843,0.272335,-0.131473,0.422366,0.660571,0.66991,0.389172,0.655696
0.790874,0.386826,0.838016,0.703036,0.701376,0.549821,0.290552,0.342,0.641643,0.61303,0.803938,0.70334,0.819986,0.727755,0.521363,0.529844,0.812823,0.648064,0.691453,0.659404,0.764664,0.478836,0.630783,0.787829,0.591259,0.643816,0.806907,0.744144,0.429281,0.351218,0.283808,0.685294,1,0.814778,0.54495,0.131755,0.436338,0.512642,0.782798,0.768095,0.425319,0.603942,0.746266,0.360399,0.753466,0.724475,0.69667,0.8168,0.364501,0.433399,0.462832,0.739668,0.797595,0.698366,0.795411,0.747077,0.716199,0.558662,0.473117,0.58428,0.317246,0.73245,0.430576,0.735426,0.717351,0.500471,0.720704,0.859794,0.483705,0.65119,0.66997,0.519549,0.572579,0.121537,0.532934,0.805496,0.755922,0.597305,0.547387,0.0885527,0.497383,0.828835,0.741491,0.431727,0.727955
0.764818,0.514505,0.85791,0.707858,0.600274,0.625157,0.45761,0.434007,0.616509,0.63937,0.765976,0.613498,0.73599,0.818966,0.551475,0.568709,0.713228,0.629831,0.738172,0.808323,0.840082,0.508151,0.62698,0.732949,0.458846,0.567147,0.728117,0.667625,0.371323,0.302845,0.320505,0.718999,0.814778,1,0.472959,0.00606949,0.54993,0.559567,0.798422,0.720213,0.338119,0.689934,0.775272,0.519913,0.779269,0.660801,0.810662,0.74904,0.48354,0.532999,0.322741,0.766898,0.817985,0.681254,0.696971,0.796897,0.650619,0.632157,0.476341,0.530654,0.362706,0.645191,0.654295,0.855062,0.849737,0.467717,0.679701,0.831571,0.392534,0.680826,0.713715,0.638272,0.536816,0.365351,0.336294,0.742833,0.812666,0.583588,0.525993,0.0858541,0.446451,0.847966,0.754053,0.389884,0.622634
0.563159,0.117502,0.561634,0.548244,0.590166,0.552814,0.498957,0.275085,0.495574,0.51688,0.623287,0.610539,0.6559,0.680715,0.599233,0.404227,0.624123,0.207527,0.405615,0.453825,0.588289,0.473367,0.632677,0.653692,0.334755,0.643186,0.521252,0.609868,0.431447,0.396117,0.412768,0.599622,0.54495,0.472959,1,-0.0358381,0.0583913,0.472766,0.664883,0.66849,0.362579,0.561183,0.497854,0.274352,0.587607,0.561804,0.531242,0.541646,0.398855,0.34569,0.31183,0.586462,0.622718,0.637731,0.653765,0.665904,0.527917,0.477906,0.263104,0.48756,0.359343,0.549165,0.296239,0.628176,0.535308,0.606937,0.6026,0.647946,0.268285,0.542548,0.630103,0.349203,0.350246,0.255571,0.386936,0.635789,0.702169,0.524025,0.268378,0.0696004,0.555248,0.629072,0.727756,0.213312,0.573085
0.27137,0.0373204,0.105165,0.0539748,-0.0251858,0.259406,0.0138677,0.0141144,0.152601,0.00963984,0.0672059,0.179182,0.209793,0.00444379,0.12452,-0.0150225,0.165724,0.357984,0.0418769,0.0999098,0.0557771,0.125586,0.12466,0.173087,0.175271,0.0308532,0.270027,0.24663,0.0534671,0.245762,-0.0536635,0.160488,0.131755,0.00606949,-0.0358381,1,0.295334,0.0223839,0.13141,0.0618244,-0.098242,0.0840775,0.213598,-0.184921,0.191509,0.160736,0.0694683,0.0989813,0.139713,0.087213,0.342966,-0.0483355,0.111018,0.0790299,0.219688,0.124477,0.265489,-0.0887835,-0.0322768,0.0863513,0.0483891,0.135838,0.166346,0.0349959,0.0243263,0.189116,0.0934227,0.103532,0.100781,0.156599,0.12272,0.0783829,0.0756828,-0.176697,0.36909,0.106439,0.0277411,0.261373,-0.140671,-0.0879523,-0.0647717,0.0606539,0.104342,-0.0110113,0.282967
0.492573,0.282099,0.436781,0.538956,0.270773,0.422751,0.219412,0.220596,0.448557,0.491162,0.441643,0.317661,0.405096,0.387341,0.378298,0.327798,0.352069,0.515657,0.526031,0.502198,0.448804,0.148413,0.402386,0.32654,0.253654,0.261321,0.566517,0.35199,0.218295,0.122683,0.34012,0.471248,0.436338,0.54993,0.0583913,0.295334,1,0.397741,0.395583,0.314567,0.225594,0.29705,0.380892,0.202198,0.44254,0.423334,0.547564,0.400687,0.438631,0.3902,0.354462,0.535025,0.504099,0.501959,0.401278,0.443181,0.312317,0.25871,0.220206,0.248551,0.17499,0.397386,0.668701,0.423288,0.492112,0.411582,0.371217,0.487892,0.407085,0.323592,0.318754,0.418988,0.31126,0.245875,0.292471,0.417266,0.480331,0.205261,0.246354,-0.225402,0.06219,0.38205,0.3175,0.0839857,0.47109
0.664616,0.470495,0.653612,0.540574,0.400254,0.479557,0.387393,0.515392,0.365959,0.437116,0.555059,0.458489,0.603916,0.659683,0.388942,0.470506,0.575365,0.451605,0.586763,0.512532,0.672073,0.436872,0.438617,0.563359,0.303216,0.544968,0.54163,0.495289,0.237535,0.0808387,0.429805,0.554552,0.512642,0.559567,0.472766,0.0223839,0.397741,1,0.521577,0.531376,0.429154,0.341917,0.593594,0.371957,0.599331,0.465679,0.533832,0.543271,0.139565,0.242903,0.21419,0.509122,0.583466,0.555465,0.574347,0.421411,0.402766,0.53993,0.356062,0.331365,0.328908,0.58133,0.556229,0.558245,0.669487,0.467927,0.564754,0.60747,0.407475,0.426055,0.509006,0.348308,0.485044,0.35247,0.0614044,0.474024,0.691344,0.485461,0.318285,0.136843,0.500698,0.537471,0.57122,0.272767,0.567117
0.81536,0.423623,0.85727,0.766181,0.736366,0.742959,0.536178,0.483408,0.711312,0.667884,0.739171,0.766725,0.873967,0.842108,0.698402,0.504794,0.812087,0.555569,0.684126,0.77306,0.890464,0.498438,0.775871,0.859028,0.643945,0.613183,0.784015,0.778186,0.432971,0.417803,0.310381,0.747735,0.782798,0.798422,0.664883,0.13141,0.395583,0.521577,1,0.809182,0.328834,0.79481,0.792521,0.465759,0.867971,0.70427,0.741701,0.701437,0.459356,0.284654,0.448523,0.660448,0.764398,0.766542,0.775696,0.864717,0.697727,0.59516,0.419201,0.607664,0.500919,0.710395,0.562715,0.847129,0.827031,0.539063,0.801425,0.842512,0.384466,0.779265,0.803076,0.631126,0.561334,0.321023,0.522131,0.768095,0.838398,0.69093,0.346261,0.139794,0.534424,0.905238,0.862194,0.423121,0.714872
0.76522,0.344636,0.81614,0.722195,0.765756,0.683028,0.412313,0.481638,0.762091,0.617625,0.730767,0.681337,0.839064,0.710246,0.607462,0.511671,0.81819,0.548659,0.594921,0.755056,0.835998,0.620793,0.64354,0.852354,0.577505,0.691328,0.708131,0.770818,0.341707,0.317036,0.145637,0.608722,0.768095,0.720213,0.66849,0.0618244,0.314567,0.531376,0.809182,1,0.411312,0.739795,0.745632,0.306441,0.767086,0.773849,0.682235,0.687771,0.460576,0.484767,0.395555,0.665086,0.785684,0.724398,0.737956,0.725815,0.635527,0.564337,0.408093,0.640588,0.552879,0.730316,0.431711,0.766171,0.761938,0.663634,0.838276,0.865968,0.523303,0.740257,0.778551,0.661591,0.42806,0.166068,0.538452,0.80719,0.757214,0.601227,0.481008,0.263457,0.617506,0.784673,0.780979,0.478168,0.717933
0.383956,0.402027,0.393223,0.485605,0.380146,0.441132,0.0442843,0.261598,0.35587,0.220941,0.409455,0.394147,0.484268,0.343608,0.21647,0.510725,0.468943,0.272311,0.408314,0.254252,0.424746,0.394909,0.334705,0.45314,0.224269,0.468037,0.368376,0.377867,0.246165,0.187149,0.194452,0.349097,0.425319,0.338119,0.362579,-0.098242,0.225594,0.429154,0.328834,0.411312,1,0.133959,0.311773,0.316304,0.320605,0.366314,0.306055,0.351116,0.0441371,0.253464,0.0174948,0.322311,0.302428,0.457142,0.430857,0.263465,0.128013,0.27168,0.287329,0.248883,0.0856786,0.448374,0.130896,0.222523,0.287247,0.277162,0.342165,0.427637,0.318181,0.290119,0.189258,0.103598,0.27353,-0.0197574,0.251112,0.48967,0.422867,0.185989,0.271507,0.165463,0.159728,0.394601,0.280257,0.37246,0.392638
0.676092,0.269453,0.724991,0.607852,0.559541,0.661053,0.523859,0.480309,0.51346,0.61527,0.587243,0.564905,0.695033,0.722744,0.568053,0.342438,0.673493,0.408691,0.540233,0.705536,0.728002,0.472708,0.617154,0.732016,0.535965,0.5103,0.532893,0.697153,0.222671,0.415366,0.243787,0.689099,0.603942,0.689934,0.561183,0.0840775,0.29705,0.341917,0.79481,0.739795,0.133959,1,0.686349,0.411105,0.7417,0.590637,0.756219,0.584813,0.440616,0.308429,0.359864,0.598039,0.732852,0.509604,0.603914,0.760639,0.572696,0.466034,0.335738,0.474031,0.586341,0.49423,0.561825,0.772467,0.773142,0.510333,0.708922,0.70882,0.281061,0.593773,0.780617,0.614702,0.458121,0.362723,0.381709,0.668678,0.701119,0.543256,0.228504,-0.0128152,0.578111,0.721254,0.756402,0.306417,0.588503
0.866408,0.580757,0.906085,0.720107,0.644204,0.704661,0.487053,0.506634,0.632564,0.623478,0.737784,0.739912,0.813479,0.777928,0.645815,0.634606,0.793112,0.694692,0.651574,0.723506,0.882982,0.606775,0.699799,0.880204,0.551916,0.528083,0.736203,0.660453,0.319951,0.357861,0.14022,0.61419,0.746266,0.775272,0.497854,0.213598,0.380892,0.593594,0.792521,0.745632,0.311773,0.686349,1,0.656213,0.864359,0.77044,0.794241,0.75268,0.375107,0.43903,0.371916,0.727799,0.799646,0.733204,0.756937,0.742846,0.719619,0.730257,0.517811,0.420747,0.525874,0.624716,0.611521,0.830999,0.860574,0.474852,0.74712,0.86054,0.55849,0.781109,0.783739,0.439867,0.479948,0.34921,0.491148,0.775269,0.807193,0.591104,0.403864,0.200449,0.531488,0.822251,0.83928,0.363886,0.680634
0.48266,0.634903,0.618678,0.512547,0.327561,0.471026,0.311224,0.399525,0.238331,0.441609,0.401066,0.377585,0.406194,0.546633,0.386831,0.717279,0.415381,0.373136,0.342264,0.352873,0.590705,0.306153,0.39243,0.498489,0.152641,0.250985,0.278056,0.209445,0.118261,0.209201,0.10559,0.302739,0.360399,0.519913,0.274352,-0.184921,0.202198,0.371957,0.465759,0.306441,0.316304,0.411105,0.656213,1,0.557206,0.415519,0.568964,0.385127,0.0639672,0.180851,0.00197946,0.450136,0.40476,0.492974,0.461368,0.404215,0.346514,0.691228,0.598199,0.0256752,0.374541,0.272625,0.443386,0.556806,0.609651,0.0379712,0.371597,0.509945,0.268334,0.391546,0.428095,0.0434169,0.18301,0.398718,0.092916,0.39076,0.570358,0.237903,0.110703,-0.0189661,0.139587,0.518778,0.543196,-0.0155856,0.243546
0.867125,0.422806,0.903221,0.786326,0.684887,0.734894,0.540201,0.528245,0.618631,0.658987,0.764054,0.68257,0.895941,0.855369,0.69794,0.623957,0.839487,0.599389,0.6514,0.694484,0.888844,0.59797,0.707275,0.880253,0.59925,0.666377,0.764164,0.819202,0.243646,0.409471,0.243574,0.683196,0.753466,0.779269,0.587607,0.191509,0.44254,0.599331,0.867971,0.767086,0.320605,0.7417,0.864359,0.557206,1,0.85294,0.785958,0.63135,0.335853,0.370598,0.451169,0.769173,0.869798,0.772939,0.838374,0.82054,0.770328,0.718088,0.593965,0.535858,0.430863,0.718143,0.610016,0.850076,0.847109,0.649724,0.815391,0.876127,0.541164,0.717429,0.831912,0.55423,0.454475,0.369525,0.484986,0.820376,0.82162,0.779432,0.35903,0.106096,0.502446,0.849024,0.871165,0.362664,0.763812
0.762123,0.247041,0.801536,0.788943,0.673523,0.648022,0.355039,0.431362,0.635083,0.66133,0.776265,0.704626,0.810992,0.718169,0.611134,0.528255,0.790682,0.518883,0.571057,0.543171,0.772303,0.636289,0.706982,0.849481,0.567281,0.655412,0.717552,0.774918,0.223774,0.342412,0.219643,0.519014,0.724475,0.660801,0.561804,0.160736,0.423334,0.465679,0.70427,0.773849,0.366314,0.590637,0.77044,0.415519,0.85294,1,0.718723,0.608559,0.364546,0.479491,0.346268,0.774922,0.801006,0.759298,0.732511,0.710595,0.673884,0.650081,0.480068,0.399229,0.36175,0.681708,0.430777,0.70047,0.730356,0.663001,0.699943,0.870815,0.574788,0.7125,0.738582,0.52052,0.304997,0.189235,0.531608,0.860822,0.686908,0.613973,0.347634,0.21856,0.475056,0.731384,0.820256,0.374778,0.768163
0.73053,0.426798,0.78456,0.683042,0.623666,0.640944,0.442432,0.376827,0.503913,0.741786,0.714549,0.61685,0.722116,0.76282,0.610417,0.498005,0.626864,0.508892,0.627426,0.742112,0.765345,0.510476,0.650807,0.717321,0.391931,0.472901,0.65902,0.694376,0.320113,0.363701,0.352532,0.760036,0.69667,0.810662,0.531242,0.0694683,0.547564,0.533832,0.741701,0.682235,0.306055,0.756219,0.794241,0.568964,0.785958,0.718723,1,0.682311,0.470321,0.53797,0.286184,0.802811,0.785778,0.681521,0.637958,0.731121,0.589005,0.595529,0.454182,0.339856,0.480238,0.524459,0.711441,0.81954,0.835705,0.57553,0.642548,0.802576,0.52115,0.686437,0.695715,0.515046,0.557328,0.432744,0.448805,0.775845,0.843194,0.56721,0.346262,-0.000363271,0.495743,0.746071,0.789202,0.340121,0.651069
0.781858,0.551024,0.81948,0.652251,0.671036,0.662701,0.280738,0.354753,0.556352,0.563644,0.811136,0.73609,0.750128,0.717806,0.525317,0.441483,0.793213,0.618963,0.682305,0.655928,0.722029,0.494554,0.629919,0.751259,0.579078,0.586734,0.7774,0.638229,0.44618,0.294432,0.312836,0.652832,0.8168,0.74904,0.541646,0.0989813,0.400687,0.543271,0.701437,0.687771,0.351116,0.584813,0.75268,0.385127,0.63135,0.608559,0.682311,1,0.357708,0.528215,0.455205,0.644768,0.701395,0.651129,0.689642,0.716489,0.644384,0.544646,0.321399,0.526575,0.487897,0.69239,0.461777,0.696656,0.712418,0.498439,0.659317,0.842029,0.422269,0.674945,0.644446,0.49695,0.542107,0.25931,0.358178,0.710052,0.722558,0.520847,0.499548,0.107034,0.587814,0.784626,0.67668,0.398136,0.632033
0.389992,0.0554062,0.289822,0.303163,0.205311,0.245772,0.502802,0.130232,0.478379,0.230884,0.300188,0.298949,0.321442,0.424904,0.435264,0.0609515,0.244773,0.227386,0.174068,0.485729,0.385668,0.381443,0.382028,0.339418,0.265982,0.250436,0.380702,0.35307,0.154961,0.186676,0.319186,0.485004,0.364501,0.48354,0.398855,0.139713,0.438631,0.139565,0.459356,0.460576,0.0441371,0.440616,0.375107,0.0639672,0.335853,0.364546,0.470321,0.357708,1,0.459569,0.384694,0.398867,0.466395,0.392205,0.327256,0.533214,0.344693,0.0352872,-0.10519,0.281178,0.31881,0.39149,0.311318,0.405616,0.353372,0.27433,0.406624,0.413488,0.19714,0.276331,0.376204,0.433609,0.0772964,0.139791,0.300578,0.522153,0.47746,0.344605,0.0771964,0.0130755,0.161307,0.409304,0.445389,0.155421,0.320816
0.440068,0.325348,0.453347,0.325736,0.407069,0.42281,0.235843,0.158759,0.394479,0.354761,0.507617,0.260442,0.397814,0.364383,0.385268,0.397735,0.346905,0.427662,0.374443,0.487291,0.403344,0.458945,0.254958,0.38857,0.0637014,0.381777,0.403197,0.458276,0.29848,0.133437,0.0794577,0.402015,0.433399,0.532999,0.34569,0.087213,0.3902,0.242903,0.284654,0.484767,0.253464,0.308429,0.43903,0.180851,0.370598,0.479491,0.53797,0.528215,0.459569,1,0.125957,0.469201,0.463355,0.402393,0.369449,0.445269,0.438485,0.334873,0.208826,0.304821,0.243826,0.366907,0.370193,0.471469,0.390205,0.463727,0.393723,0.521968,0.309843,0.443178,0.260894,0.401337,0.138624,0.093936,0.229341,0.529948,0.42937,0.322238,0.407186,0.00931498,0.15488,0.354169,0.32747,0.286425,0.422495
0.492056,0.0305845,0.397835,0.348677,0.438292,0.330754,0.235687,0.000729413,0.238425,0.286387,0.421562,0.342721,0.481356,0.503115,0.55514,0.2748,0.48749,0.330241,0.394656,0.461361,0.409008,0.325828,0.425107,0.477032,0.670534,0.372052,0.62226,0.510976,0.107828,0.369318,0.120841,0.408476,0.462832,0.322741,0.31183,0.342966,0.354462,0.21419,0.448523,0.395555,0.0174948,0.359864,0.371916,0.00197946,0.451169,0.346268,0.286184,0.455205,0.384694,0.125957,1,0.346992,0.491102,0.401832,0.508748,0.584238,0.620597,0.0940694,0.0442532,0.260055,0.1843,0.535622,0.190179,0.394457,0.354607,0.354909,0.53793,0.506796,0.314394,0.20874,0.501493,0.336599,0.145541,-0.013262,0.325678,0.474185,0.318201,0.50638,0.262575,-0.0979066,0.323874,0.454932,0.377588,0.127273,0.555672
0.716655,0.269487,0.736153,0.714945,0.622528,0.568924,0.468753,0.284707,0.585048,0.723024,0.755961,0.591583,0.734109,0.744853,0.573158,0.547847,0.689831,0.453989,0.672023,0.64514,0.744521,0.486185,0.642301,0.704971,0.447436,0.619593,0.692957,0.628039,0.26105,0.24443,0.339399,0.591916,0.739668,0.766898,0.586462,-0.0483355,0.535025,0.509122,0.660448,0.665086,0.322311,0.598039,0.727799,0.450136,0.769173,0.774922,0.802811,0.644768,0.398867,0.469201,0.346992,1,0.871105,0.704855,0.660959,0.720826,0.587882,0.657558,0.469488,0.448886,0.298022,0.519052,0.602176,0.778838,0.776552,0.655097,0.63975,0.798698,0.659755,0.647208,0.725577,0.45552,0.46815,0.428525,0.500687,0.796826,0.787836,0.430677,0.547387,0.0424009,0.489092,0.731475,0.768995,0.288437,0.687352
0.82036,0.25561,0.845377,0.734125,0.64369,0.653152,0.52251,0.421357,0.601905,0.660364,0.800541,0.649923,0.833722,0.813138,0.651332,0.530845,0.807534,0.542271,0.699838,0.694807,0.809923,0.556462,0.678709,0.807708,0.568367,0.728548,0.758953,0.737622,0.241095,0.368283,0.325971,0.716793,0.797595,0.817985,0.622718,0.111018,0.504099,0.583466,0.764398,0.785684,0.302428,0.732852,0.799646,0.40476,0.869798,0.801006,0.785778,0.701395,0.466395,0.463355,0.491102,0.871105,1,0.74934,0.842975,0.797495,0.72137,0.650605,0.514619,0.53809,0.358752,0.650371,0.60057,0.82872,0.84387,0.700181,0.803412,0.880445,0.514048,0.639819,0.827501,0.542687,0.499555,0.436273,0.478986,0.820605,0.785945,0.669921,0.467276,0.0450404,0.567494,0.812186,0.84241,0.379064,0.778253
