0.000000000000000000e+00,9.606309199390213882e-01,8.895138967272910868e-01,3.692846606000543819e-01,9.680931293035414109e-01,8.373258869316088093e-01,9.611812691862003932e-01,1.344585321440163461e-01,9.004584198836101949e-01,7.575450264631597985e-01,8.340135127971888274e-01,5.177773392947514486e-01,8.830996817469907167e-01,8.086835195292786382e-01,7.919145790856645384e-01,8.087385364806326526e-01,9.359991340682320971e-01,4.193048524572119407e-01,9.006009237008474333e-01,7.980657251550715703e-01,8.221508254786036307e-01,9.679927927749474303e-01,8.831610468787866042e-01,8.675286013557729214e-01,8.395559736513326099e-01,3.298296224298552515e-01,9.322503115427820397e-01,9.196879852656277832e-01,7.140270230197068857e-01,5.411893391216807681e-01,1.787402812730264356e-01,9.700336561182107964e-01,5.040615928414082791e-01,8.173447035633339963e-01,8.989936336255305305e-01,2.263245731581297049e-01,5.660482038202472310e-01,6.382610141879827559e-01,8.950249964883928433e-01,4.933030427038252452e-01,3.305336865625965737e-01,8.241406175812661106e-01,9.768432170317764562e-01,7.125636391430321126e-01,7.827819865571994384e-01,3.266918209207853030e-01,7.380773470067284459e-01,9.287745742487031331e-01,3.282357077130069190e-01,4.005522226793239993e-01,9.532512980785946555e-01,2.331174920590151634e-01,6.823381820697675959e-01,8.118627748496702878e-01,6.948165761620020975e-01,7.218173093142353780e-01,6.076792942021551625e-01,9.395691248298448928e-01,9.555578362945349458e-01,2.124622070643641669e-01,1.514633191568468540e-01,4.812728517176412812e-01,7.931594615622550304e-01,6.696903018568645116e-01,8.662422094153389152e-01,3.757727427978353463e-01,5.168589439333513003e-01,6.058027106414249907e-01,9.323196565931741731e-01,8.389448901388396954e-03,6.300991259155170887e-01,9.354441204584469371e-01,2.692216963185849465e-01,4.356573991772039189e-01,6.263427500651647106e-01,5.187707329918571642e-01,6.210180157718534488e-01,5.932787383636889400e-01,6.066516383587732264e-01,4.086330348220481579e-01,9.550375668529484940e-01,9.578803459963328715e-01,7.495595183995806821e-01,5.852699165909449608e-01,8.275838420150297692e-01
9.606309199390213882e-01,0.000000000000000000e+00,6.442818353333695791e-01,4.757244524403592134e-01,6.651545230759579042e-01,4.610778608718744676e-01,3.508400139782864580e-01,8.988320161865062108e-01,4.108833355770810658e-01,8.130573140833242674e-01,6.362716763328425396e-01,7.617398417737505367e-01,7.587598812409205307e-01,8.762630580742355457e-01,9.565813165050600642e-01,8.382793854955271629e-01,4.664668577347523271e-01,9.613332155857090555e-01,4.841202893923495787e-01,4.402561995629100111e-01,4.844363937173362111e-01,7.675737568897365026e-01,8.552845627827010411e-01,7.935562039342105578e-01,9.275527952094386741e-01,9.139782457853483644e-01,8.803519503080474706e-01,9.745633823279560293e-01,5.497097233342832512e-01,5.464470932658486158e-01,7.876534964085171731e-02,5.087049289353744452e-01,3.303497285821124230e-01,4.477163993948971021e-01,3.633762689129994561e-01,-9.735113446593465780e-02,6.323796032755533147e-01,5.003497144209814174e-01,8.195983623955793718e-01,9.358690308466610652e-01,9.662406048264071678e-03,7.121518917408392602e-01,7.323763049108205081e-01,9.081003330319401545e-01,9.036409620092236139e-01,8.871375035765214356e-01,5.712285320046647241e-01,2.374694652931049199e-01,8.462172560083461303e-02,6.950313813177322331e-01,7.726670458413444909e-01,2.687847725810246780e-01,5.788433512433727168e-01,9.533049856579884906e-01,6.456653138741534903e-01,5.111126922397980499e-01,2.106625934228487096e-01,9.547941819760804583e-01,7.342437090144550149e-01,5.350927486048872028e-01,3.581517943808230076e-01,7.669676956082127628e-01,4.619164448290344338e-01,9.697223872758063967e-01,6.780557549734734790e-01,7.816806343082997044e-01,3.990312806711137084e-01,9.980335801113782157e-01,4.027988108759277264e-01,9.156286885644644435e-01,5.171342615266919518e-01,4.224695516224180603e-01,-2.139454411369332287e-01,5.077252895219666051e-01,7.339428450364635648e-01,5.315039227252327247e-01,7.370152324854243320e-01,7.195093052643212195e-01,-1.969276284762143669e-01,1.502523296467108138e-01,7.609110276493543656e-01,6.312067415026890727e-01,9.691164680975741241e-01,1.501141072976239915e-02,6.157946767580304570e-01
8.895138967272910868e-01,6.442818353333695791e-01,0.000000000000000000e+00,8.346847694430643561e-01,2.395467424719799066e-01,5.655794928295425628e-01,4.172855878300091304e-01,5.652188720677575606e-01,7.976229161012804436e-01,9.588975822795213766e-01,5.889820738987436854e-01,4.255665567576967789e-01,8.573448625934347866e-01,9.072341783625694767e-01,8.320839558789803192e-01,6.660393880179725778e-01,5.372370456382997705e-01,6.446862898894916150e-01,6.683866308718126037e-01,7.380458172315909060e-01,9.271920402956402851e-01,8.872610856565509296e-01,9.491462609803990036e-01,8.540776397252416441e-01,7.367002696965916364e-01,9.494178625930052018e-01,8.555119778774268324e-01,7.702943877903264402e-01,1.903985017366466581e-01,6.187779928127729034e-01,7.936075989027469024e-01,9.583311860936183368e-01,4.049533229413944113e-01,9.963918551220977138e-01,8.490016687594759137e-01,2.445970608452948669e-01,5.659601283112205561e-01,8.766439280873391526e-01,8.419703540658394214e-01,8.264303393887931781e-01,7.734700847585578298e-01,7.163776322764072724e-01,7.196523766991221871e-01,9.455888016121667405e-01,9.805331131425806257e-01,8.652038701680093702e-01,3.771331518991681842e-01,9.379022725442858199e-01,7.276737621196986971e-01,8.508741860812645275e-01,9.680189264783570779e-01,7.549933809441994326e-01,2.876534133593867115e-01,8.438058388042972702e-01,7.678250690583818816e-01,9.343595103163697679e-01,9.957710480977833845e-01,4.282228135678776137e-01,8.094458348397073344e-01,2.717868907609958806e-01,7.437250096577265879e-01,4.718744172249477176e-01,5.072042450580800388e-01,8.664780633059800952e-01,8.152540439374548198e-01,9.177247844277192090e-01,9.351269116929021852e-01,6.176696223772000227e-01,8.145284740825339265e-01,8.071280410644714465e-01,9.648372707311507757e-01,6.342133855086715677e-01,1.781220168765014489e-01,7.011636090025731294e-01,8.618421890261385165e-01,9.599645936372740440e-01,8.890876587701203038e-01,7.530471856795579733e-01,9.767059323199103194e-01,2.966669627093024841e-01,7.395613530335024555e-01,9.786039252709131109e-01,8.592698545459783732e-01,8.081526326891750323e-01,6.374652688712750814e-01
3.692846606000543819e-01,4.757244524403592134e-01,8.346847694430643561e-01,0.000000000000000000e+00,9.511692563758181729e-01,5.255833279220101240e-01,7.459992983901159169e-01,9.120352317917480578e-01,6.883228624856390088e-01,8.774147867793240518e-01,8.610457467981578183e-01,7.987938710319906210e-01,5.813210414590683772e-01,9.087098548783431040e-01,4.473512953724771979e-01,9.080405107876977633e-01,9.887770980935939313e-01,9.534083341007594248e-01,6.400694317959330082e-01,9.794143975410382064e-01,6.183491666607738857e-01,8.611198696223476556e-01,8.871242208357765779e-01,9.771106726583187463e-01,4.154948084035726130e-01,9.243741606408431011e-01,6.990842787682294279e-01,8.407127080057510415e-01,7.033342612483368672e-01,1.432498908573665852e-01,4.755629247256122349e-01,4.293978613732237215e-01,8.708757882836314357e-01,7.626298866003805577e-01,7.934688869722398286e-01,-5.314182913224721472e-02,6.737493014239068767e-01,6.108611447694560770e-01,7.412872592902433055e-01,7.331751015656832182e-01,4.146659637165019396e-01,5.557109111778328892e-01,7.988755797178072049e-01,8.365031167921962441e-01,4.877297282078582041e-01,5.870520455690950712e-01,7.334440804307005290e-01,7.501524453794364833e-01,7.288004425293554966e-01,6.153618271943842588e-01,8.811234160673266924e-01,6.676429863850183999e-01,7.913907170682068504e-01,7.225013210247872575e-01,8.357474139138975078e-01,4.681726703239603160e-01,9.516964851599647446e-01,8.466115578662256613e-01,4.566380660053575014e-01,4.707130242307345225e-01,4.003115163133840193e-01,8.433166837337525701e-01,6.701556318777508459e-01,6.379803609146201815e-01,7.569698775989812667e-01,7.997736427466702880e-01,9.659599238880567373e-01,9.172536548070400197e-01,6.834879740585797503e-01,9.028477412823401327e-01,6.961873574229313633e-01,4.424665814990230150e-01,3.037652995375353937e-01,5.648091719858676640e-01,6.243309917109606255e-01,6.405387742799621975e-01,9.613001203310826970e-01,7.713407362871650408e-01,4.525229529709216547e-01,1.558663503022406083e-01,5.959277408074601379e-01,9.129108512095098771e-01,6.541339917159654238e-01,4.026866553275919025e-01,6.423684247830269145e-01
9.680931293035414109e-01,6.651545230759579042e-01,2.395467424719799066e-01,9.511692563758181729e-01,0.000000000000000000e+00,1.564561653072005232e-01,7.824599590441182473e-01,7.983327722646904601e-01,5.283433793912075682e-01,7.767567038391560708e-01,8.748431057257012311e-01,4.488023025075054129e-01,6.762041333737895954e-01,9.014228303384794749e-01,7.214206412225511178e-01,4.510106961840789075e-01,8.265414321456799884e-01,7.456766452590503080e-01,6.387733509214660321e-01,9.871365872834221289e-01,9.532882680873605574e-01,7.161492099092398034e-01,5.735504753006579470e-01,4.222209165075112569e-01,5.647775304430342480e-01,9.882936090478287028e-01,8.977364891024544047e-01,6.838656255982297205e-01,5.879154736589595753e-01,3.703250779804397874e-01,3.501329329154627690e-01,3.363967359478293728e-01,8.694965173927550195e-01,7.220353633642020430e-01,3.871859601035416987e-02,4.344743694990694793e-01,5.027591216950436648e-01,9.228998400147970793e-01,6.928868707336178767e-01,8.361631414451116129e-01,4.809816137208772768e-01,7.896688606637046748e-01,6.733041182462042862e-01,6.200230511228377317e-01,8.680233306526011772e-01,6.174453254965491800e-01,4.802891023063491915e-01,6.146750339122940554e-01,9.104423435537714049e-01,8.884567121222148867e-01,3.127517496732568070e-01,7.419940390955387377e-01,8.537812919139310397e-01,6.978080994702220430e-01,7.746955474720033097e-01,9.591926478068437678e-01,5.327938451769493877e-01,9.689781792826310802e-01,4.448940167931905165e-01,3.580844241111660331e-01,5.549794134692357384e-01,7.820935037047743732e-01,7.463362993761851749e-01,7.810265656026482706e-01,8.808932943806171423e-01,7.060738584056267531e-01,4.163285498221518388e-01,9.792796968712265127e-01,7.508627981939054452e-01,6.231110336861251930e-01,9.246946592849549784e-01,3.114760361518930654e-01,7.981557726146906173e-01,3.562238114324066673e-01,9.522277859314042248e-01,9.613848908247516478e-01,6.334000753572818221e-01,8.836215089169322523e-01,5.683126520487606914e-01,1.601034367203572617e-01,8.565664926100030607e-01,9.178768457931792968e-01,7.554008990125078427e-01,5.429648766440964280e-01,9.655495319865111670e-01
8.373258869316088093e-01,4.610778608718744676e-01,5.655794928295425628e-01,5.255833279220101240e-01,1.564561653072005232e-01,0.000000000000000000e+00,8.507813236882462160e-01,6.186676667054891166e-01,7.065615830774892858e-01,7.289026657022315003e-01,4.169476706538884359e-01,3.042884289157973821e-01,9.103181324064926194e-01,5.918147742559184410e-01,1.945381108215285190e-02,7.278738763842647064e-01,6.730336104471510428e-01,7.319776140736006242e-01,7.433026919162553092e-01,7.242394517058082792e-01,6.796218351976546224e-01,6.932397315544879257e-01,7.706290764967335116e-01,7.942748168894362415e-01,6.056093804452634677e-01,2.316808227442594681e-01,9.572193395656268811e-01,3.217166487673502329e-01,3.592732524668414973e-01,2.270157596312993853e-01,3.649170735398781229e-01,5.055784592671376254e-01,8.187655470009521652e-01,4.154309041192456586e-01,4.145819368492141277e-01,4.942483744291407688e-01,3.201233562936967036e-01,9.840825286854575360e-01,9.978306646402125279e-01,6.166969569841690424e-01,4.734837025969839130e-01,7.470885040749938311e-01,8.634302387748545859e-01,3.009510449022350098e-01,7.591829437684122217e-01,7.263787828183129180e-01,7.975613077838001885e-01,4.629686587607607096e-01,8.632930639522292671e-01,4.344541726439637985e-01,7.084316922049892495e-01,9.160023226431672771e-01,5.295193261613458935e-01,8.925400497068717298e-01,6.173109765890710809e-01,5.023414643457910778e-01,7.480820325468185983e-01,9.589350763138814182e-01,5.090494878793925260e-01,7.987037589725347608e-01,6.176134304577546308e-01,5.828333482057366233e-01,7.147922675240347967e-01,7.724746782210925033e-01,9.844321097527554132e-01,6.509852499345053500e-01,8.838085603077460162e-01,9.982086775049356930e-01,5.750638724968427651e-01,6.197375955831129213e-01,4.956369661438460028e-01,9.640969825813785476e-01,5.402404171511205888e-01,2.877574170403036091e-01,5.561424055292840674e-01,8.704273711138774683e-01,4.160772759070379689e-01,4.871009289572328926e-01,9.971806518753996151e-01,3.182071905843279480e-01,8.811650750193996684e-01,9.687970584876166580e-01,6.773903179088416326e-01,5.883061154917975655e-01,5.430247816764411928e-01
9.611812691862003932e-01,3.508400139782864580e-01,4.172855878300091304e-01,7.459992983901159169e-01,7.824599590441182473e-01,8.507813236882462160e-01,0.000000000000000000e+00,6.442519869180873826e-01,8.202341784328593954e-01,7.255846169826029035e-01,5.669676289696727878e-01,3.862998186944311026e-03,6.616508601522487210e-01,5.299301482195966084e-01,6.391726036927907195e-01,6.171194507299526677e-01,4.728938705764013095e-01,7.126579869807707635e-01,2.758216175211836152e-01,9.578731496558378078e-01,7.979394305922178354e-01,2.756742003445034062e-01,8.644169321990019528e-01,5.783783837965501551e-01,4.821770421728789890e-01,5.103272335629762679e-01,7.098615438002605638e-01,7.098711633746559446e-01,2.076346027699740859e-01,4.446733471167985119e-01,5.053125333274316455e-01,2.741451999447980237e-01,7.853803895793147749e-01,3.247039844324826618e-01,1.996479224651374618e-01,7.887951403400583761e-01,7.051343438279474019e-02,5.124837882993633631e-01,7.527001790368232914e-01,7.574787319186755408e-01,4.832816872141266762e-01,7.299793829148556457e-01,-2.615995088233124544e-01,4.276999012167373992e-01,8.514144982243855297e-01,6.534602258194394109e-01,7.892807087029449775e-01,2.623137724427744288e-01,3.187298270890818186e-01,4.911225343906913121e-01,6.681928453076549368e-02,1.101007701340496192e-01,6.025170529150071230e-01,5.565389037130921146e-01,7.542839803052218128e-01,6.042194484429377344e-01,7.559220820184031631e-01,7.281177156303078046e-01,9.350536918348415494e-01,7.078067879447753619e-01,2.072543390443385980e-01,8.954945814144492644e-01,4.584829985079283410e-01,6.744920724125434974e-01,6.708074623042135087e-01,7.015776030689397924e-01,6.118497105760113408e-01,4.721229971309967022e-01,7.018854845949499266e-01,5.593893599537739236e-01,5.168852272027523176e-01,6.943114620599170062e-01,2.634724938460502597e-01,3.025210011854939738e-03,7.703351583753207388e-01,4.021205223366068893e-01,4.386553527956677523e-01,4.692279651833490273e-01,3.893519925954617156e-01,2.453036973849526958e-01,4.147843379425574240e-01,9.580875537088865412e-01,6.885358426745884497e-01,5.244807641498316908e-01,9.065005941380598342e-01
1.344585321440163461e-01,8.988320161865062108e-01,5.652188720677575606e-01,9.120352317917480578e-01,7.983327722646904601e-01,6.186676667054891166e-01,6.442519869180873826e-01,0.000000000000000000e+00,2.342366466309697137e-01,2.609716352929024596e-01,3.864000536600687985e-01,7.406688435118295999e-01,4.381907695199169783e-01,9.845111282617136084e-01,9.373597654073717589e-01,1.735448726621830473e-01,7.037565119044915107e-01,7.112704795588236095e-01,6.688331732827510479e-01,8.974725932602889422e-01,7.745431271464322531e-01,4.242035571201370203e-01,4.277723428760518143e-01,6.379508092214106751e-01,7.652841395952852954e-01,8.334524061350774282e-01,5.770380700341865010e-01,6.434845961215556187e-01,5.830967128417516854e-01,5.420196078961687924e-02,3.219470194330595336e-01,6.281064891254557470e-01,5.732913129662724483e-01,4.155124028066611297e-01,2.989644183104759323e-01,3.037219163616997064e-01,5.538731323602315015e-01,4.120720542047818791e-01,8.846968515031330416e-01,6.561162613847836278e-01,4.867155059089307012e-01,5.647775812549986618e-01,9.658765331024834477e-01,8.367000454980769719e-01,9.522325467765488938e-01,4.853375582752527118e-01,6.376458219321167187e-01,4.989437698175497315e-01,6.143191884349866738e-01,2.188295140240361369e-01,4.055775944977154102e-01,6.960923791448930809e-01,8.182862685085988408e-02,4.801288352092920597e-01,9.571863975011162262e-01,4.534132027985275926e-01,9.587273114746411862e-01,6.676031961175437068e-01,6.215743973188606608e-01,7.666775782847932152e-01,3.191575961987208054e-01,4.323730587804487380e-01,4.453318702318350142e-01,9.161556550633417340e-01,5.416755973262837864e-01,6.886683285448841341e-01,5.053012194666283152e-01,6.527905266612983315e-01,5.625008110599181155e-01,7.155767053526531640e-01,5.893359876223669414e-01,6.814967360161467980e-01,5.857627021304152581e-01,5.160389544578405374e-01,7.773886378444125889e-01,3.841993545964939027e-01,8.181705139058560450e-01,4.832039626234223562e-01,5.902998503688925425e-01,2.616674208642448263e-01,6.042032226846967280e-01,7.976634778150465399e-01,7.162006434513752406e-01,9.958193844263992789e-01,4.705801101069139736e-01
9.004584198836101949e-01,4.108833355770810658e-01,7.976229161012804436e-01,6.883228624856390088e-01,5.283433793912075682e-01,7.065615830774892858e-01,8.202341784328593954e-01,2.342366466309697137e-01,0.000000000000000000e+00,9.607447153241419624e-01,6.790851488912913458e-01,4.757228128203568884e-01,8.624322467687559612e-01,6.269454111847173605e-01,5.161439930557575329e-01,7.786077741212449332e-01,3.063145121115163905e-01,5.149964490850506005e-01,8.693167274760624785e-01,7.705105272970447228e-01,7.134901907441585367e-01,8.218067443527088400e-01,6.661885548306274440e-01,4.241468538996948090e-01,7.285345491701834542e-01,8.364720867696268103e-01,8.717376135255325842e-01,7.779317601796760240e-01,8.426172680160369799e-01,4.372149273355461774e-01,5.077908354387150602e-01,5.733104273633542469e-01,9.264214032967659218e-01,5.970335716239335566e-01,8.191836742622805589e-01,1.160757532284909799e-01,5.817860239077693452e-01,6.678306160672919933e-01,3.578655422224840121e-01,6.356322256999571430e-01,4.964913652227049834e-01,4.253633614449409683e-01,7.814955110718996290e-01,2.094294991808565432e-01,7.417234273381403398e-01,8.030682087227664079e-01,6.405845453709942960e-01,7.790723819174941722e-01,2.454705886025645156e-01,7.406864393422986081e-01,8.266356056787978190e-02,7.416484803026649475e-01,9.295881957090664782e-01,7.842282349707949685e-01,8.232034851589254965e-01,9.291835951784972458e-01,5.360628557622511003e-01,9.971320764526079294e-01,5.884126772522439985e-01,7.946066763030906754e-01,5.293197102622806405e-01,7.360262347123094351e-01,6.225895404967164426e-01,8.925121275190909254e-01,8.233602263914763242e-01,4.882006594802302812e-01,4.328995378263982841e-01,9.927052958558733042e-01,8.668808441035862344e-01,7.931922688655150822e-01,7.890688946345064680e-01,5.992393203814343483e-01,6.279496196330262014e-01,2.797611254456019436e-01,4.595786739430959278e-01,7.388389133936759112e-01,7.092391333040017898e-01,6.146991986256479246e-01,4.556692882744468598e-01,6.818465148095678163e-01,5.468087365649890730e-01,7.852893699228925550e-01,4.709439387614661188e-01,5.880378728255950538e-01,7.530237548006661896e-01
7.575450264631597985e-01,8.130573140833242674e-01,9.588975822795213766e-01,8.774147867793240518e-01,7.767567038391560708e-01,7.289026657022315003e-01,7.255846169826029035e-01,2.609716352929024596e-01,9.607447153241419624e-01,0.000000000000000000e+00,9.198606209498434438e-01,9.941415913293787376e-01,6.355014827676306322e-01,9.671371313730446895e-01,7.459107602163121964e-01,2.847388797552243278e-01,4.278738352889425167e-01,9.517797284331084295e-01,6.970512644216139142e-01,9.462423507037156512e-01,1.232513633013274795e-02,6.167293807980271936e-01,6.420822287548924034e-01,7.741590427031942445e-01,9.800998639316420569e-01,6.442252813284584656e-01,9.175448755837565251e-01,8.305440240057324619e-01,8.338080284758366822e-01,3.423960938781123349e-03,2.887149947570941677e-01,3.923685003774184804e-02,2.094290828967672047e-01,1.829404546674902599e-01,7.617018786296946287e-01,2.125578033512999510e-01,4.700733460843669054e-01,3.604902846875971956e-01,9.575034274904691278e-01,3.246921375358759465e-01,9.117706049460549966e-01,7.982967560243146021e-01,8.812995699334558175e-01,7.328315132827181166e-01,8.687853143775911002e-01,7.052837018115877266e-01,4.986981068170321385e-01,2.879878110265343683e-01,7.924828101213596820e-01,8.195943123507988259e-01,7.979236197093758642e-01,7.152243435836126428e-01,9.926392880762215931e-01,2.782308769790005076e-01,8.382037147855119219e-01,5.356979417098559626e-01,7.988487257632235217e-01,5.551746472120979714e-01,8.820619353539234098e-01,9.814918132129057948e-02,4.251790912377731435e-01,4.225643505487251539e-01,9.614612692058789323e-01,8.117060374511197995e-01,7.082458368409906280e-01,4.868319111675838973e-01,6.774634314058950446e-01,5.993850947984712407e-01,3.780416964029621463e-01,7.015722955758449952e-01,5.399981210010855737e-01,6.905739613325547754e-01,4.794531720844547595e-01,4.735929402634342367e-01,5.838069652080464245e-01,6.630164497725546946e-01,5.378323253693172434e-01,7.532785653898262934e-01,4.871652916253301768e-01,7.319948123454822486e-01,7.898624174718652524e-01,9.530879143381387752e-01,8.180708456272900442e-01,-1.566664279038761376e-01,7.715413836532373226e-01
8.340135127971888274e-01,6.362716763328425396e-01,5.889820738987436854e-01,8.610457467981578183e-01,8.748431057257012311e-01,4.169476706538884359e-01,5.669676289696727878e-01,3.864000536600687985e-01,6.790851488912913458e-01,9.198606209498434438e-01,0.000000000000000000e+00,8.343668209588591678e-01,7.613509621629643842e-01,7.237017555515765643e-01,2.354959931327043343e-01,5.968815967203909834e-01,6.889478201184289219e-01,7.087215092406921046e-01,7.377613306004134897e-01,9.156152825103190951e-01,7.664123430201681408e-01,6.798410101491588753e-01,8.044235108085373565e-01,4.620357278435994752e-01,7.295070837786667983e-01,9.433466797559093564e-01,8.576671749105254650e-01,6.716386815824886281e-01,4.790265596502091272e-01,7.633933145259790276e-01,4.291710439283293876e-01,1.460880511280870653e-01,9.415831816384838682e-01,8.957315591184240589e-01,5.285690685296856595e-01,4.554032117419898329e-01,1.848654658953856056e-01,7.851551753384973242e-01,8.210741092777713579e-01,2.702024779424884171e-01,9.267500997862307965e-01,4.681045373118059016e-01,8.847995218788278216e-01,7.114483094666379515e-01,9.444968450131646653e-01,6.551412937113089141e-01,5.204619282558724525e-01,8.498852227928553882e-01,6.000903445807370673e-02,7.011278093265533862e-01,7.284259810401336743e-01,7.945959541481835142e-01,4.508046203221120485e-01,4.778134814432820621e-01,8.069190618884398702e-01,7.644069819471002170e-01,4.975617289705226987e-01,8.133127963335268218e-01,8.735568361394776549e-01,4.192739637360193283e-01,2.614676419662831930e-01,7.466947377692187970e-01,7.128100756573249042e-01,9.222806638187264205e-01,9.035549950979276934e-01,8.459004482583751816e-01,8.612267884841379173e-01,8.344304638760713377e-01,5.885380029563045401e-01,4.209696616944801906e-01,5.372947090005819604e-01,7.059476570124199046e-01,5.279726861420890316e-01,5.173036325340095720e-01,5.232327272688023223e-01,6.468343089168666626e-01,7.683459431650649929e-01,8.043511015267930109e-01,5.261727487969306005e-02,2.240370445417097511e-01,2.225051819856812274e-01,9.412132421868274479e-01,9.825707459115435860e-01,1.655029003628765150e-01,4.981769859790661781e-01
5.177773392947514486e-01,7.617398417737505367e-01,4.255665567576967789e-01,7.987938710319906210e-01,4.488023025075054129e-01,3.042884289157973821e-01,3.862998186944311026e-03,7.406688435118295999e-01,4.757228128203568884e-01,9.941415913293787376e-01,8.343668209588591678e-01,0.000000000000000000e+00,7.357771009096834014e-01,5.543512260070285746e-01,7.462616537492936519e-01,9.835988146320258085e-01,8.453268856796609665e-01,4.204702290023681344e-01,5.608709443063562006e-01,6.714669317950656691e-01,9.908542473381560800e-01,-2.054827557397803650e-03,9.610818681089627891e-01,6.023858539817662505e-01,2.076688809321341200e-01,8.967569305753674280e-01,3.276910665681442847e-01,6.051461928791991296e-01,2.925935020665910713e-01,4.468184732886364974e-01,4.962773152647576014e-01,8.243683490665724145e-01,8.368180846903613412e-01,7.040291619395713241e-01,6.768814224513984845e-01,2.304231850396380454e-01,2.396742931888708739e-01,3.452605562580393084e-01,4.331839227996306385e-01,4.063506603532997530e-01,4.890059123030273125e-01,4.243886576102833819e-01,1.652602908821602379e-01,8.171735285365396839e-01,5.431325769979830076e-01,8.962783349077797501e-01,6.231452921999212080e-01,8.193866221262079419e-01,5.928715367607256814e-01,4.571489850237150376e-01,1.874790505864501466e-01,8.612342440608846683e-01,8.332277681871310682e-01,6.339191429644781550e-01,3.094828678563290025e-01,7.342323902800281799e-01,1.856114009671333553e-01,8.272888580084971633e-01,8.899411199546239937e-01,7.890511399974025064e-01,6.799302095902689524e-01,6.896895436810919211e-01,7.373056754969031790e-01,6.140687065725675131e-01,4.117173404455813923e-01,7.730386967918212449e-01,3.758008435891972976e-01,3.358419697606138815e-02,5.976249672623370479e-01,6.479612365947424735e-01,6.431266262634509623e-01,8.560891150432952124e-01,6.225606583133596050e-01,6.024977864184647425e-01,6.801325817177197308e-01,9.602919367928630656e-01,5.933711504196170772e-01,4.920729924164614077e-01,2.976836701913354588e-01,2.878508943017510369e-01,7.660614593268398886e-01,3.868189756516997591e-01,7.773071175876995476e-01,7.620617544815253552e-01,7.760321145813608990e-01
8.830996817469907167e-01,7.587598812409205307e-01,8.573448625934347866e-01,5.813210414590683772e-01,6.762041333737895954e-01,9.103181324064926194e-01,6.616508601522487210e-01,4.381907695199169783e-01,8.624322467687559612e-01,6.355014827676306322e-01,7.613509621629643842e-01,7.357771009096834014e-01,0.000000000000000000e+00,1.911650066913095358e-01,6.217131641513086171e-01,9.926692610473928369e-01,8.950685609892011785e-01,9.618824444309037602e-01,6.449830148982226286e-01,9.794069834195259228e-01,7.295630296562982675e-01,8.938165331616185760e-01,9.309136482808350044e-01,9.631521325067559092e-01,5.958713620262243854e-02,8.159579742317571993e-01,4.582410972346396827e-01,7.712969213014612135e-01,5.829762320086065985e-01,7.714537149929077964e-02,4.204043969501752853e-01,4.328079990434269830e-01,5.370332353609591491e-01,9.616918564008992698e-01,7.966953774330263194e-01,4.520732268943394860e-01,3.601307074971447642e-01,4.378965386665079063e-01,5.849446901376725849e-01,8.784574633468558158e-01,4.971508340823397321e-01,5.423189143161022407e-01,8.466807468947281645e-01,9.472344187672330218e-01,9.666922420166612628e-01,7.846886286969824154e-01,4.856988923217026577e-01,9.082410474474623685e-01,6.168143392949958503e-01,5.167388471114565673e-01,7.737341497155586501e-01,6.440187043628795571e-01,8.960331140664313798e-01,6.197405628039743819e-01,9.982239564575494661e-01,6.015683392467870982e-01,8.518133175990293404e-01,9.178855515404478194e-01,6.940918338503767604e-01,6.105150102114420552e-01,8.267054432180674928e-01,9.450909001985330349e-01,2.440260451541708675e-01,4.589099276720629006e-01,5.119144084560661029e-02,7.287257876244208621e-01,9.619336667542067731e-01,7.246777405849814668e-01,8.551028990536923002e-01,8.692014797138574167e-01,5.202784477774953509e-02,4.850176001601691489e-01,3.318577798336515006e-01,7.555541810431949390e-01,4.467713926694750204e-01,8.576070743749339975e-01,9.538055007978939459e-01,2.990571519786912602e-01,5.798039577101727904e-01,2.856119306545686354e-01,4.403271524544498661e-01,9.975931330941872899e-01,8.059878236287238984e-01,1.117156889332693304e-02,6.556481345881020051e-01
8.086835195292786382e-01,8.762630580742355457e-01,9.072341783625694767e-01,9.087098548783431040e-01,9.014228303384794749e-01,5.918147742559184410e-01,5.299301482195966084e-01,9.845111282617136084e-01,6.269454111847173605e-01,9.671371313730446895e-01,7.237017555515765643e-01,5.543512260070285746e-01,1.911650066913095358e-01,0.000000000000000000e+00,9.894339529788853671e-01,8.205189827356014209e-01,1.678178979097946430e-02,6.250006350187680138e-01,9.570965106833499991e-01,8.358147380960366801e-01,6.352256957998179132e-01,7.136278898145185234e-01,7.356719316097075634e-01,6.001543758472194234e-01,6.215024528352787181e-01,6.772374207565377002e-01,6.050307567779267259e-01,7.144224278467031786e-01,5.931978286658033950e-01,3.665931731286518058e-01,7.549181665715858358e-01,6.830015105404553255e-01,6.439535240308622566e-01,5.980930557280089710e-01,7.259375282022650921e-01,5.416100737558710021e-01,1.115481115678356172e-01,8.569538228380225720e-01,6.211577042348037647e-01,9.650255678141298477e-01,4.406691676676687819e-01,9.538660259462308222e-01,9.983183139404809836e-01,9.348276984394201516e-01,9.525355282668577228e-01,7.531295701042755031e-01,9.292480412299459758e-01,6.587937877099717676e-01,8.822691510241676971e-01,6.344384271829229816e-01,2.255280770932691081e-01,7.180553433038164846e-01,5.757355487593712740e-01,8.306481547871314985e-01,8.750262803122819122e-01,7.244554036481015702e-01,7.570323661244233726e-01,6.208573706850281093e-01,6.026017669619827544e-01,2.171596201349676181e-01,7.015548741251859122e-01,6.219660202182136777e-01,7.759976897583393818e-01,7.313155659987753410e-01,7.682369762025716975e-01,8.059104273258741458e-01,9.362431138273679121e-01,7.757235850836589064e-01,3.515002090013023550e-01,5.001094202688791679e-01,8.036513646308443004e-01,9.590336261915625160e-01,5.357157735705900814e-01,4.154530466007065326e-01,5.360841861185570156e-01,6.874288432181480113e-01,5.446554762518903692e-01,1.063337757326652255e-01,-1.543990471343354987e-01,5.744974684086364691e-01,4.784210702021886585e-01,8.838086485484429877e-01,9.112001874070989604e-01,3.839568466211893960e-01,6.785918523234248934e-01
7.919145790856645384e-01,9.565813165050600642e-01,8.320839558789803192e-01,4.473512953724771979e-01,7.214206412225511178e-01,1.945381108215285190e-02,6.391726036927907195e-01,9.373597654073717589e-01,5.161439930557575329e-01,7.459107602163121964e-01,2.354959931327043343e-01,7.462616537492936519e-01,6.217131641513086171e-01,9.894339529788853671e-01,0.000000000000000000e+00,8.750517307232364983e-01,9.964084940619916120e-01,4.895228674328838125e-01,5.691065297250960109e-01,9.707986691603802676e-01,6.125178374485731325e-01,7.928390091335089096e-01,7.043944446068119980e-01,4.084509982720394561e-01,7.390236971892779616e-01,8.118336721098925457e-01,8.136802992519708289e-01,7.988875754401316698e-01,2.182700279881035210e-01,3.584814947895977322e-01,3.212900382291167256e-01,6.776335059801470440e-01,7.292680573052194859e-01,9.318319878573567234e-04,7.350263332122115578e-01,4.807309934658265949e-01,8.890655995780177845e-02,6.316047379852227639e-01,6.031227098546307896e-01,9.814053638098270138e-01,-2.623939231631235991e-01,4.492329648247754270e-01,8.401030709656722717e-01,5.090413092266924400e-01,9.943907798785859287e-01,2.962799145746104479e-01,6.484115530630074620e-01,7.750383194906637074e-01,4.564729215586709188e-01,3.306164313999085946e-01,7.187015143952799612e-01,6.724502539201886453e-01,6.003089360981870293e-01,6.068864643920239832e-01,9.591759299376526604e-01,7.700674836118629463e-01,1.802414903692108883e-01,9.106208648070739375e-01,8.941899174752399038e-01,3.893551633287739566e-01,6.236024644141235918e-01,4.598399240286883960e-01,9.333923551576317479e-01,9.972166130411820317e-01,6.843148356937037713e-01,6.967549599295975726e-01,4.287479854350075281e-01,7.379832979791993708e-01,4.062363840980635077e-01,9.773038923866056438e-01,9.604888697977764789e-01,6.799223996795552560e-01,6.483883315035452455e-01,6.153819597258167740e-01,8.199087603661850965e-01,3.427157809619563733e-01,8.882692361164477024e-01,4.570822985134894156e-01,5.183826749019457836e-01,2.973138629178481152e-01,7.305826151606042984e-01,2.226708390972666485e-01,8.872954471025006340e-01,4.678280418883155045e-01,9.875122559351461327e-01
8.087385364806326526e-01,8.382793854955271629e-01,6.660393880179725778e-01,9.080405107876977633e-01,4.510106961840789075e-01,7.278738763842647064e-01,6.171194507299526677e-01,1.735448726621830473e-01,7.786077741212449332e-01,2.847388797552243278e-01,5.968815967203909834e-01,9.835988146320258085e-01,9.926692610473928369e-01,8.205189827356014209e-01,8.750517307232364983e-01,0.000000000000000000e+00,7.234677263451712026e-01,9.922724747986438887e-01,6.426966541569888447e-01,9.109671154918153047e-01,8.350393481303264309e-01,9.435245903893151320e-01,6.771112303055246695e-01,8.102044589127520569e-01,5.000907024379460664e-01,9.043564325157491535e-01,9.892681584468979716e-01,7.756641452079751087e-01,4.937359791787849783e-01,6.704080583294402818e-01,4.568342512115196041e-01,4.622704594432465175e-01,7.283259357697007275e-01,4.632597161332121516e-01,4.785822079073289159e-01,1.704571191593283186e-01,3.468236688165434733e-01,5.628078121130781764e-01,9.895726224823649941e-01,7.797634262296434526e-01,5.156839253675570278e-01,6.935935014427733192e-01,3.880158918361479858e-01,9.545219936324543797e-01,8.713640494342462794e-01,8.340708053633040242e-01,8.873877604960601628e-01,6.024298914419674578e-01,4.581384561356323104e-01,5.673880884748574438e-01,3.701416354796299713e-01,4.266627505246307628e-01,5.518786894877704130e-01,6.608446331819122221e-01,6.251930394506876043e-01,9.562304386536762957e-01,5.071821798965771011e-01,8.844918923702506097e-01,9.614265728525658306e-01,7.725923924373299112e-01,1.331611220659553174e-01,6.101340971065508656e-01,5.905053100201785865e-01,6.866345262816540007e-01,7.335728913711071497e-01,8.836868100160500950e-01,5.594611915622582643e-01,9.842187378406357379e-01,6.267122645847821305e-01,6.053805715543902899e-01,7.470543799781352856e-01,9.132925455359196532e-01,4.599339764654476470e-01,3.685678073454553560e-01,6.566959259896112400e-01,2.826399147101555931e-01,9.145391840264970318e-01,4.845009654806622934e-01,3.733201527641852313e-01,5.774151997839421790e-01,7.822118071850558962e-01,9.074915971563529693e-01,5.983592724868790347e-01,7.816338006611516231e-01,7.301544918526742256e-01
9.359991340682320971e-01,4.664668577347523271e-01,5.372370456382997705e-01,9.887770980935939313e-01,8.265414321456799884e-01,6.730336104471510428e-01,4.728938705764013095e-01,7.037565119044915107e-01,3.063145121115163905e-01,4.278738352889425167e-01,6.889478201184289219e-01,8.453268856796609665e-01,8.950685609892011785e-01,1.678178979097946430e-02,9.964084940619916120e-01,7.234677263451712026e-01,0.000000000000000000e+00,4.059390157229908480e-01,8.611382518617516357e-01,9.702885255250259799e-01,5.882087869169414507e-01,6.302786899193772996e-01,6.495162409714028140e-01,9.033599886952795588e-01,4.643287171279662506e-01,9.498022789961289014e-01,8.313678124262414704e-01,3.143543464489537698e-01,3.270900160352580577e-01,4.974299037020070147e-01,7.946591803374892793e-01,9.374043284568863710e-01,9.051489537024026699e-01,7.835034582631752453e-01,8.214966498899112235e-01,4.241146258906209332e-01,4.380100347938777894e-01,7.359588179224384463e-01,8.310427522236497611e-01,3.859680670956991966e-01,2.379598102891674893e-01,3.642108287764797003e-01,4.951412160044573740e-01,9.952762320029564513e-01,9.667384460117541822e-01,8.798369137358647007e-01,5.000238499063676123e-01,6.844709411466103344e-01,4.080255635776602885e-01,4.157277312558328441e-01,7.811897115420310955e-01,5.878642540623708612e-01,8.165705963241191023e-01,4.139048529958336831e-01,2.291738033259661522e-01,6.959838757406519028e-01,7.479408312972235517e-01,8.516917041560382318e-01,7.247848345684645421e-01,5.241589195301192827e-01,5.108765080219385135e-01,9.019830579108711888e-01,4.546501007833725905e-01,5.681836734630589802e-01,7.205795632417906216e-01,6.966977687507140971e-01,7.840001678460620793e-01,7.806483694464474432e-01,4.772288860533920873e-01,7.090209016176005630e-01,7.124456191145880357e-01,-4.234203230212607583e-02,4.791951448806896496e-01,1.588937915085302521e-01,1.309425384089637212e-01,9.127553409148873031e-01,8.532457584446504484e-01,4.561200741190751806e-01,4.275512446510472131e-01,2.136576241510736440e-01,9.339757317132900694e-01,6.782274440510386304e-01,8.664527465893120395e-01,2.792872543293229981e-01,8.223198681357544171e-01
4.193048524572119407e-01,9.613332155857090555e-01,6.446862898894916150e-01,9.534083341007594248e-01,7.456766452590503080e-01,7.319776140736006242e-01,7.126579869807707635e-01,7.112704795588236095e-01,5.149964490850506005e-01,9.517797284331084295e-01,7.087215092406921046e-01,4.204702290023681344e-01,9.618824444309037602e-01,6.250006350187680138e-01,4.895228674328838125e-01,9.922724747986438887e-01,4.059390157229908480e-01,0.000000000000000000e+00,2.680191718763060282e-01,8.871169157657250448e-01,6.512169194481400858e-01,7.520705318578350118e-01,6.926895046515509913e-01,9.661199345888917822e-01,7.898707939695935876e-01,2.080932324866888727e-01,6.203798948773261435e-01,4.117808079725296388e-01,4.048516025007831143e-01,4.391345262985632547e-01,5.203639906444106344e-01,3.569817091384865915e-01,6.914743893301353861e-01,4.544020776963029751e-01,5.945181641916098547e-01,4.262737922326622630e-01,6.424712719909002334e-02,5.116821713239871894e-01,4.586938849843320010e-01,6.753970178977567462e-01,8.548255910147145586e-02,9.170075277866043262e-01,8.134627923157750073e-01,6.902945002996654367e-01,6.368772706611536272e-01,9.687660400662110316e-01,9.217040878448725660e-01,7.968476829606629952e-01,6.400736227344768769e-01,1.784804424033100967e-01,4.130441318306369292e-01,4.111933811817594098e-01,9.844129455559085251e-01,7.809687851998885488e-01,7.576051932342139361e-01,3.292610980350491046e-01,9.999953111523356419e-01,9.609464607635792577e-01,2.461548514519000530e-01,6.655840143009351673e-01,1.530254623877249677e-02,8.162496814263099365e-01,9.969789834261627570e-01,9.415718363218607001e-01,9.168140157526456502e-01,6.110522435399807772e-01,5.691974550791132348e-01,8.246313207806894585e-01,6.165247215446806317e-01,4.253179659812766911e-01,8.075466467439910145e-01,8.709687528772674936e-01,4.728397385977629597e-01,4.435714351937751765e-01,4.233243923088043648e-01,7.073047134651532231e-01,9.950118377143899462e-01,4.205239815693573302e-01,6.865113210635647167e-01,5.440466547571313205e-01,4.399501841853910022e-01,5.175680887631917138e-01,6.458038203484601780e-01,-1.933688938494001475e-01,3.497306014723993578e-02
