0.000000000000000000e+00,9.273094873675655769e-01,9.769669632596975628e-01,8.192243729865624768e-01,7.661207733146785381e-01,5.223195324958584962e-01,9.309888833969945932e-01,7.044663446092866987e-01,8.389380918585100932e-01,6.774483861725733025e-01,5.677634068838453008e-01,9.452016525930864166e-01,7.696828300069746831e-01,8.013243270473536795e-01,6.124029361412217654e-01,9.984957688824472877e-01,6.663295895614923525e-01,6.998708622362217469e-01,6.151794141655385628e-01,6.293097272004964937e-01,9.766200753233960086e-01,4.345756241033914002e-01,9.674907674265326163e-01,9.335421937518892932e-01,9.065758632718518006e-01,7.238887794865517256e-01,5.373371585754684876e-01,9.635367350258666752e-01,4.907889331157849755e-01,7.531058426111193471e-01,7.386376648947027279e-01,8.018419240477040466e-01,4.424492665891075482e-01,6.716730796208398857e-01,3.752688299533691874e-01,7.550857800202177561e-01,-1.061856356672805646e-01,8.559389557626437828e-01,1.595562664441279588e-01,6.989243075860721577e-01,5.961248471749731603e-01,9.829354084368555622e-01,5.378871989737017689e-02,8.280318603634236885e-01,6.439185995387738393e-01,5.802466478534406003e-01,4.267079076943242066e-01,6.274175076261171435e-01,9.567499276981122902e-01,9.683351730015234970e-01,6.678147804855973924e-01,8.201404491366119931e-01,9.059572040260522874e-01,9.289359774306314987e-01,6.969104034293386318e-01,4.204646476247010378e-01,9.431298277629954763e-01,7.072392898422841245e-01,4.217583864717491804e-01,9.242092963237281689e-01,5.703848013387810001e-01,9.858777461100800554e-01,7.862845736530574836e-01,8.959268980946503147e-01,8.271699601746831387e-01,8.831987662776198400e-01,9.506812445345389495e-01,4.824737138624606847e-01,8.890166732733121302e-01,9.111815068378591453e-01,7.058411360901899467e-01,7.732185461660835424e-01,5.762169839799546889e-02,4.934687650525753089e-01,6.974512089172427709e-01,7.773190831082893437e-01,5.589322253923848516e-01,8.879657591808947092e-01,5.146604559093554965e-01,1.519484053283671754e-01,8.108763894403955286e-01,7.275661122127269342e-01,5.012678179345186891e-01,5.915154155291273419e-01,9.221687219654056689e-01
9.273094873675655769e-01,0.000000000000000000e+00,3.062749141157675714e-01,8.473055311031290060e-01,6.657728118133934281e-01,-1.618416463265403005e-01,7.234052013934544334e-01,3.206480285262058305e-01,8.183885750147640303e-01,5.128301001651074387e-01,4.654485194340529652e-01,2.094977170782619247e-01,7.180079075614073103e-01,7.181920587234469355e-01,6.051489360316544275e-01,2.625554154302570664e-01,7.814946373423719006e-01,3.760796901960951621e-01,6.324200254410646815e-01,6.046547544082392367e-01,9.181765036083018305e-01,8.468143162166531512e-01,8.364139042374578725e-01,6.794382149763966705e-01,6.191124525261796352e-01,6.309573847022560411e-01,3.886112720535440657e-01,8.204657522499601008e-01,2.784837396674356702e-01,7.690305715965440880e-01,2.821682524754409727e-02,3.708044646487443363e-01,5.930288132767450593e-01,9.146349904867803193e-01,7.715315556436004307e-01,2.773743193690708653e-01,2.230945715893506431e-01,6.034277765091312640e-01,8.342315551863495049e-01,8.670459784337560816e-01,3.660241981335512484e-01,8.004283853815670202e-01,6.426803780456895598e-01,9.950663179168470762e-01,7.647924970628150465e-01,9.028633582182199468e-01,9.134835009667650052e-01,6.268019840160435896e-01,7.365686746074666669e-01,9.019556478273089706e-01,7.180705572566512540e-01,4.272302361814397931e-01,4.796729042625710870e-01,3.404279530559355393e-01,7.525115472654960724e-01,7.052434852522528885e-01,4.438559277769423828e-01,5.962067211260754229e-01,8.639828972900117643e-01,7.196386827733416425e-01,3.756362813281706181e-01,8.697815580913189626e-01,5.778150433025995847e-01,6.449248908986364714e-01,4.773180865706790899e-01,4.446727508852215682e-01,8.270584254904478350e-01,8.771897451222914199e-01,6.826189376578246648e-01,6.266489941553416987e-01,7.689563728725277159e-01,8.166530477461960702e-01,8.538603243338838134e-02,9.608600768169729411e-01,8.880348838560633284e-01,8.405064653509560779e-01,7.280913834178535105e-01,6.719021451564142211e-01,2.586633217532658402e-01,5.909811451020131612e-01,2.003361098936986273e-01,6.089061432340668878e-01,9.182309744025570764e-01,7.366207964675998143e-01,4.555094974418077980e-01
9.769669632596975628e-01,3.062749141157675714e-01,0.000000000000000000e+00,6.816084392366891231e-01,6.552818536651706660e-01,8.756298527543031618e-01,7.331378625712579034e-01,9.046739998909542058e-01,8.388681615868964769e-01,4.348138855226878485e-01,9.519231497419473609e-01,3.853478581446869167e-01,1.148715900689221137e-01,6.302632961589956784e-01,9.349766736397769895e-01,8.991648363725139870e-01,6.446721129225334579e-01,8.881001082711633687e-01,9.272248598600854042e-01,7.485175889392314819e-01,9.820707906070570425e-01,9.067511681610862517e-01,8.755289817450809808e-01,7.051479948784181717e-01,7.837296122320358549e-01,9.809743838852388320e-01,7.214364163479827230e-01,9.849362002917220194e-01,4.237091501430172991e-01,2.858923043776349093e-01,4.641367090060115608e-01,4.018487098339455499e-01,8.606480134399810966e-01,7.665273625645288025e-01,3.884620098654741893e-01,1.328410038595417286e-01,2.438661935603591846e-01,9.101725698871492298e-01,5.217359166607848930e-01,9.806615130003073499e-01,3.154370229897396904e-01,9.165106941082583614e-01,7.911125086479935398e-01,7.927644728333911317e-01,9.342240447903881195e-01,8.711076304022248307e-01,8.575348690047345235e-01,7.107385062828931455e-01,8.932497400105560148e-01,7.568288571920230856e-01,5.068561707468434152e-01,9.072540182251512819e-01,9.995824204883431152e-01,9.482676008581414351e-01,9.024168702956577581e-01,7.633874103288705859e-01,9.332893940704805047e-01,7.019889092763086369e-01,8.452704340952335027e-01,6.584097560155171003e-01,4.256344707371901848e-01,8.532368791709999956e-01,6.115700599969330353e-01,9.288485531797349148e-01,8.506574954807964994e-01,9.264103836902378708e-01,3.127622324006601451e-01,6.552112644764422900e-01,9.799288360021209954e-01,6.203830679874460241e-01,7.511656458576624340e-01,8.422518839110334499e-01,4.310996285487040947e-01,2.846960727208920350e-01,9.086985175069922649e-01,9.732653157077794104e-01,8.514023829035184399e-01,9.531698269018251679e-01,4.501955764836331753e-01,6.136379249978206607e-01,8.400535192527711637e-01,3.561570508149690117e-01,6.838014192445992512e-01,8.782598352599670921e-01,6.676656306774795269e-01
8.192243729865624768e-01,8.473055311031290060e-01,6.816084392366891231e-01,0.000000000000000000e+00,8.970718176867020777e-01,6.632216890906412754e-01,6.536582101904989672e-01,2.849903674536824472e-01,6.740336065741228122e-01,8.919760033736158222e-01,8.904788924781931181e-01,9.253965907115435652e-01,8.844357056354784641e-01,6.329285597197171764e-01,5.719591957654831527e-01,9.405034716650693127e-01,3.036498217844916248e-01,9.445019748608299848e-01,7.873592254510360933e-01,9.787956845918899251e-01,6.816609845121750499e-01,9.668018673614855452e-01,6.822097586649740197e-01,9.969866672136582508e-01,2.912828973585457892e-01,6.946155673565023170e-01,5.305289841806405393e-01,5.142985443688207203e-01,3.177746577571058939e-01,5.955625004948388312e-01,7.821992408835343191e-01,5.254735515809897395e-01,9.526898155952242542e-01,8.826872823879771124e-01,6.581065124418482570e-01,5.889844775212347283e-01,3.607688699328394644e-01,8.443499954279199970e-01,6.799826586952509855e-01,5.664605236812948474e-01,4.267028317852169517e-01,2.511286303682552790e-01,5.923632363978621473e-01,8.201555126571500320e-01,5.866505673507601548e-01,4.077273066288067405e-01,9.411858052059962620e-01,8.081394311096330441e-01,7.141750714121937182e-01,4.471824701977633043e-01,6.910837380523777718e-01,3.588867179971700905e-01,8.886557688290569468e-01,7.485961667660958607e-01,9.981921742932973185e-01,6.803540664532072846e-01,6.288593575382418477e-01,4.559670270935272662e-01,8.647038884947831905e-01,6.039062628656166609e-01,3.806447544024487151e-01,3.992380306457105066e-01,6.402971679840894215e-01,3.239697425536016695e-01,8.566324681815361552e-01,1.305393466309993922e-01,8.220161526384884842e-01,7.179703924968399154e-01,6.967683098912829109e-01,8.038079866626973713e-01,9.463330088506251014e-01,6.281649312782074945e-01,3.730407765461181691e-01,9.665354061892627024e-01,-1.686847687943915375e-04,8.480571252650621616e-01,6.751522135109997436e-01,2.150850710301025759e-01,9.365098731237776475e-01,4.517540840107508310e-02,4.490072311325495336e-01,7.138106757023492399e-01,9.545567296887951247e-01,7.973054927801588310e-01,7.645457379938636056e-01
7.661207733146785381e-01,6.657728118133934281e-01,6.552818536651706660e-01,8.970718176867020777e-01,0.000000000000000000e+00,8.919798871299635667e-01,2.621443488286511747e-01,3.705481994033122950e-01,1.470337972052690734e-01,6.687571780005289179e-01,7.739879885768878864e-01,8.928522883985134939e-01,8.670013386193741178e-01,7.733728223596862961e-01,8.278841522710813638e-01,4.970979516137895571e-01,4.747993085747871378e-01,7.934508927161455505e-01,9.467492674838621225e-01,3.867401100709726425e-01,8.755740049819114024e-01,3.165124758876467492e-01,6.146782575186163777e-01,5.278392393535022986e-01,7.161643997221638358e-01,8.672345566839131381e-01,7.142806488842952106e-01,7.027170466366050583e-01,2.168768771762708165e-03,2.381406126020962633e-01,-1.764569264347019828e-01,8.232965835683646594e-01,5.581628924793892166e-01,9.000599457797816561e-01,2.620472078492658285e-01,5.503430771308589486e-01,3.814875602043030778e-01,7.592184284804154304e-01,9.588363104347243926e-01,6.231222157317808374e-01,6.743496484935366242e-01,7.793358236292687868e-01,7.793598663127617732e-01,9.796815232172563226e-01,8.601386111652196131e-01,6.710988470930830951e-01,8.033981655921145215e-01,7.289791904061828642e-01,3.935631082093967725e-01,6.824124782022214508e-02,7.000705077087800987e-01,8.830365536578418384e-01,4.651438193619600314e-01,6.158563140384187840e-01,6.108734193204568008e-01,8.551398798213243335e-01,8.479773600470074113e-01,8.696363977827444858e-01,6.863471963468996684e-01,4.502149517194140027e-01,5.586776013063196045e-01,7.967163994299416574e-01,6.639663312141265150e-01,7.388860626876828652e-01,9.275162182046721160e-01,7.323827491286754032e-01,3.478705179042095308e-01,9.298705191043900031e-01,6.458975090971262878e-01,6.102333884500663608e-01,6.914681654947600897e-01,5.798254252346377591e-01,2.602822529889484704e-01,7.695145276929112044e-02,1.873521320754071295e-01,7.489294895339595470e-01,3.585243059730527926e-01,5.780147868043392645e-01,7.203476637065846511e-01,6.573586643235344029e-01,5.555503513481691025e-01,7.148477928788076197e-01,8.005891060295623474e-01,2.050237330231203525e-01,9.345869497360528300e-01
5.223195324958584962e-01,-1.618416463265403005e-01,8.756298527543031618e-01,6.632216890906412754e-01,8.919798871299635667e-01,0.000000000000000000e+00,5.179264800916970612e-01,5.049787249686813473e-01,5.188950219856197643e-01,7.656117152784337465e-01,9.061336260600847403e-01,9.578527107409389174e-01,6.835917464654811537e-01,9.671458321397263802e-01,4.891005219623328348e-01,6.686824920928244875e-01,6.869915176894213493e-01,6.300069448973815156e-01,8.872906755992034933e-01,5.113746909967581411e-01,4.948632307668644481e-01,5.114417731373611664e-01,9.135830193306655467e-01,7.198608935317639679e-01,7.502910659135901827e-01,7.500197516908047035e-01,4.358160132586321733e-01,6.698614668158227037e-01,5.544033850306245848e-01,5.345326027214400977e-01,8.444241821308106077e-01,6.906758661997046689e-01,4.210418278324076780e-01,5.583791207507248222e-01,9.557255122823962168e-01,4.475659885366736757e-01,5.429165986535495758e-01,4.898268646248484792e-01,8.098203403142891776e-01,8.775617226400199700e-01,5.090138487617076324e-01,3.618693789398375604e-01,9.782110347957695407e-01,8.287816246514734253e-01,7.413234483449754331e-01,9.195677946032494443e-01,8.486743209658768050e-01,6.534265623347641494e-01,5.924745555890322812e-01,6.656577692631771015e-01,7.119039872215139342e-01,6.618243050761919433e-01,6.555052652227010279e-01,3.159163606580993600e-01,7.217110358242445622e-01,7.983894735403396226e-01,6.110378471249859889e-01,8.391389695183628650e-01,1.749116828209594521e-01,7.481306647992660430e-01,4.679607396424763088e-01,4.539684672002854415e-01,6.962003085298235083e-01,9.361327517189147462e-01,9.242373226610434145e-01,3.869116187852651434e-01,3.213317505778661154e-01,9.366053346028798687e-01,7.553132103498064742e-01,9.095326122797352530e-01,7.448821688195776947e-01,6.762133090139723635e-01,1.588814219008592016e-02,4.555140388341298308e-01,5.001542440491345554e-01,6.914909628306608047e-01,6.613888339990253717e-01,6.289600366472982707e-01,5.300973741503034464e-01,5.389360619457914670e-01,6.201429056507704596e-01,6.561124839196075254e-01,6.390763268647841056e-01,6.217465168372801054e-01,7.673548950016337855e-01
9.309888833969945932e-01,7.234052013934544334e-01,7.331378625712579034e-01,6.536582101904989672e-01,2.621443488286511747e-01,5.179264800916970612e-01,0.000000000000000000e+00,5.210119787708799022e-01,4.399686601492656668e-01,8.011402600494477166e-01,6.220047567718623993e-01,6.650608374663105060e-01,2.920637781247169551e-01,3.408957794022089427e-01,7.797604070451855662e-01,7.098087559552264114e-01,8.644237026258840828e-01,2.848688513170241632e-01,7.093477499113296503e-01,8.519546198758151112e-01,8.452221174893584932e-01,5.577581936387954187e-01,5.937831746565500612e-01,8.836510567670701199e-01,4.855173510411152638e-01,7.542238610740735760e-01,3.283000021127420176e-01,8.100308089183018145e-01,3.078426878022735291e-01,6.150914907410516275e-01,3.374098674993729063e-01,2.601495280054811898e-01,6.907788198421745962e-01,5.212343247153009562e-01,6.328345525542314887e-01,4.264301691207013079e-01,1.178181502870783437e-01,7.787340896069483431e-01,9.887754798099013254e-01,5.265800380511025391e-01,3.171729467180882667e-01,6.425912197742247312e-01,9.497874581591294607e-01,7.676691597771182485e-01,7.745400498335816009e-01,5.543322983711070906e-01,5.359446403716505714e-01,5.682596573080308522e-01,7.197808245245203018e-01,3.761290961012673378e-02,7.175089544215953463e-01,9.323218143628666521e-01,4.917722637867461555e-01,8.273796044134638095e-01,6.444196344464744319e-01,6.214731155140071905e-01,7.029107573837429790e-01,1.292519568050316640e-02,6.372795924488484642e-01,7.239433416679940114e-01,7.450290650755052591e-01,1.132945518477743996e-01,6.218479797755862570e-01,2.214675862451981059e-01,6.824367902211889714e-01,6.590391467271962123e-01,4.559852819131623436e-01,7.919689509769675118e-01,6.869808553572931409e-01,4.975355849051539825e-01,5.004604460198085469e-01,5.435663722347763294e-01,5.981535533293755869e-01,2.390608965411321896e-01,6.775028289335383036e-01,9.010671738356019755e-01,5.617022796014925490e-01,4.094180483796736603e-01,6.427331715028117287e-01,7.906479609522500951e-01,6.380398376309681652e-01,7.728220112211660053e-01,3.670182230209088625e-01,1.964938478782126130e-01,9.251768835382024880e-01
7.044663446092866987e-01,3.206480285262058305e-01,9.046739998909542058e-01,2.849903674536824472e-01,3.705481994033122950e-01,5.049787249686813473e-01,5.210119787708799022e-01,0.000000000000000000e+00,7.797316366163797863e-01,6.341315585338435090e-01,5.652229093243823499e-01,5.889139180715252664e-01,9.883809016587581375e-01,7.370580902590515571e-01,6.677003748408002481e-01,4.694128044997061822e-01,5.698990605101904583e-01,9.026703769504880182e-01,6.307970536335449907e-01,9.139452437865120960e-01,4.861475590538303360e-01,9.747574829978704614e-01,8.895964990233760084e-01,9.469663543424211571e-01,6.556079514987385171e-01,-5.546364849791901586e-02,7.706756046548322026e-01,5.525473117592841765e-01,7.947161605770542980e-01,7.385108585030939476e-01,5.204384490589024637e-01,2.585050123306856240e-01,7.556551784863958510e-01,5.630558349469401147e-01,5.484341096163052320e-01,7.159592785187631758e-01,1.049296344095568129e-01,9.215349057480446415e-01,8.896164203550442906e-01,9.309130506887741685e-01,6.074248179558898730e-01,4.484824361716722163e-01,7.904748642480583509e-01,9.873764784296973351e-01,5.784052040177268816e-01,1.999087605044371982e-02,4.484292268366046330e-01,4.603783115724965902e-01,7.728606223330443115e-01,6.442724520507289165e-01,2.758111583334038608e-01,4.955962797212519755e-01,2.776364438898756282e-01,7.690306304202216836e-01,5.755972520273194837e-01,6.729602891082173688e-01,7.772385866622744111e-01,6.173343900164544040e-01,6.449539239857996487e-01,5.704113457931179187e-01,3.217239310116131179e-01,5.506519963715472699e-01,5.736067313054277195e-01,7.935821506701192796e-01,7.709063632780350783e-01,4.631476377905273667e-01,5.631684829030554340e-01,3.187480389067128272e-01,5.568725272075082389e-01,9.211734516962921671e-01,8.380123629014850639e-01,5.110681101752023725e-01,6.188784765522264975e-01,5.967844307244301039e-01,4.599909665415992666e-01,6.234014212718809178e-01,7.514667246726554062e-01,8.630893407128266137e-01,1.659212743039092941e-01,2.802612008539923649e-01,9.354816993594617935e-01,7.578358432893472774e-01,9.907933089735556642e-01,3.916188751571416105e-01,4.454960901801366391e-01
8.389380918585100932e-01,8.183885750147640303e-01,8.388681615868964769e-01,6.740336065741228122e-01,1.470337972052690734e-01,5.188950219856197643e-01,4.399686601492656668e-01,7.797316366163797863e-01,0.000000000000000000e+00,6.727834830171166569e-01,9.375340977023537414e-01,6.503756618657379196e-01,8.062435681123184539e-01,6.486095469123930035e-02,7.026708310608006380e-01,3.613144712574175577e-01,8.836494294619505752e-01,4.693515790276306388e-01,7.223442226246377107e-01,8.857400384244723535e-01,9.742034760063043031e-01,8.758901481007980161e-01,5.617479834114018633e-01,6.345917931056751504e-01,5.609912118712229168e-01,6.147515052408835112e-01,5.740793569980535693e-01,4.558465249128421104e-01,6.479469416588213848e-01,8.758390396383815002e-01,5.049788247035538191e-01,7.486116691914160848e-01,4.508112984213721863e-01,6.222939811879028005e-01,1.561236947978103806e-01,6.708737671570415007e-01,1.682794607307993295e-01,9.962384342905741264e-01,9.687164745005345523e-01,9.864740159180220846e-01,-7.567853630203735804e-03,9.540832479763922125e-01,7.230738722670581042e-01,9.571049433826445130e-01,8.244310788548064872e-01,6.120908945648245725e-01,7.540421273747607289e-01,6.643454125699850277e-01,4.030610255974866329e-01,8.835538127316442392e-01,7.114589231557647553e-01,6.717113907368267300e-01,6.400806762246329384e-01,9.395734273783338253e-01,9.878864122463490993e-01,4.003835494671123540e-01,8.712213445759608987e-01,7.151042335575816811e-01,7.114243878591413051e-01,7.973917847274020199e-01,3.566044182910086957e-01,4.734450794779698768e-01,4.784826335303389855e-01,6.072000914626329848e-01,4.796506586548803797e-01,4.166890513166643384e-01,6.302092937423237062e-01,8.541516559542000619e-01,7.053246785849190958e-01,8.325129453064438190e-01,9.605713823452350919e-01,8.564360044564207630e-01,6.286300568127236588e-01,9.272800714766016306e-01,5.486489500889112358e-01,7.311468570456469696e-01,8.610016587928591703e-01,6.915749846900927089e-01,7.990447762541151855e-01,6.017829403798240495e-01,9.623352544906471628e-01,9.848923515207491652e-01,6.211925732307086445e-01,6.189997091637948756e-01,4.813865161069577625e-01
6.774483861725733025e-01,5.128301001651074387e-01,4.348138855226878485e-01,8.919760033736158222e-01,6.687571780005289179e-01,7.656117152784337465e-01,8.011402600494477166e-01,6.341315585338435090e-01,6.727834830171166569e-01,0.000000000000000000e+00,5.779536274935498374e-01,7.895456716105424544e-01,3.009222690970265734e-01,6.322904294075645248e-01,4.997586820005682218e-01,1.280740569253933925e-01,9.047422984804215362e-01,7.190021826180134079e-01,7.699605413008514532e-01,8.955451221596243405e-01,7.508528612495874999e-01,1.846044830571941242e-01,9.684143711039300273e-01,9.180392329909847771e-01,7.802195289083333485e-01,9.813381800103436747e-01,7.057268099183502397e-01,7.976124329732638962e-01,7.227802632495641255e-01,4.592736926193943248e-01,7.454343006928277893e-01,7.057507021688431692e-01,6.895089312186062358e-01,3.408911144580359931e-01,3.457689971604219759e-01,3.915647882007261549e-01,4.957614069268911905e-01,6.168976901102843913e-01,6.164303565222309933e-01,9.952905912309368830e-01,7.713101548535326035e-01,3.380715915287031414e-01,4.533352297481400006e-01,5.645251768709902418e-01,5.254774118297331764e-01,8.139801355375354541e-01,7.230242277046083910e-01,6.578246344118862110e-01,5.836559445529455603e-01,6.954632212095858135e-01,4.119223398860856755e-01,6.514536577667797701e-01,9.349713464313693656e-01,5.885677914215496909e-01,8.150965762307119666e-01,9.675786225405921259e-01,7.161606095966197572e-01,7.048367251576769243e-01,8.995506417735488203e-01,2.035257657935943543e-01,6.495768623368187722e-01,6.359349227091776191e-01,4.365510423118419414e-01,6.990127629676535781e-01,8.603891507473684364e-01,8.992556044185703312e-01,9.620731016219882248e-01,2.473408816656721965e-01,9.762001537135228668e-01,7.417541677689307722e-01,9.691303229835385169e-01,7.933748420539434854e-01,3.161349720710852629e-01,4.918173755056725049e-01,5.977815068076755001e-01,6.532289043997667743e-01,7.101045028629904277e-02,7.502166079813085142e-01,7.919771423144613687e-01,2.253585443507372665e-01,9.169785466245199412e-01,8.938644891535270087e-01,8.428816342629743552e-01,5.075628422831702791e-01,9.263140468453416876e-01
5.677634068838453008e-01,4.654485194340529652e-01,9.519231497419473609e-01,8.904788924781931181e-01,7.739879885768878864e-01,9.061336260600847403e-01,6.220047567718623993e-01,5.652229093243823499e-01,9.375340977023537414e-01,5.779536274935498374e-01,0.000000000000000000e+00,9.238963901870753670e-01,6.230778876522692356e-01,7.134294041538137288e-01,6.678484036377404509e-01,7.450618110768408853e-01,7.535755621687725281e-01,9.918452631641476724e-01,8.258359385514258966e-01,7.266126773394504523e-01,9.084704203909244047e-01,6.915055179064478752e-01,4.480215097374888877e-01,9.568149843999563808e-01,2.136675974906714418e-02,5.422627501936068128e-01,6.048387192918810440e-01,7.101274401364041644e-01,2.593453941334101787e-01,5.614365300558795679e-01,3.665674839038862015e-02,6.879566324057011517e-01,8.326598349920251163e-01,7.321051396311389903e-01,9.992749499283298809e-01,-7.561464512602215915e-02,8.426147738432485657e-01,9.907656618340894283e-01,9.275368728335455781e-01,2.764043632842581588e-01,4.260343211527556351e-01,8.336628852354753816e-01,6.825075064919129408e-01,9.174871741536742009e-01,6.887274585877003474e-01,9.899655044251581826e-01,6.176730107317333074e-01,8.027076826805992216e-01,8.670699538591759570e-01,2.929844170772987200e-01,7.168849716974295960e-01,4.113060827345093595e-01,9.377174525865585863e-01,2.668167630442979110e-01,8.668494597590178374e-01,8.309085621769529695e-01,6.824708792858051876e-01,7.149350053366857471e-01,4.247567059512325494e-01,7.630358742554277374e-01,3.227245243465889368e-01,5.886613438340231319e-01,4.365704224487567675e-01,7.479108782134715749e-01,9.017555890782402717e-01,7.964254202563965102e-01,6.020519117715870117e-01,6.446685239606533280e-01,4.463065843982904068e-01,6.276140391917360839e-01,9.908626902592726493e-01,3.654344487367646166e-01,9.208114106060623083e-01,2.519728116908507287e-01,9.421638181592337791e-01,6.166601038543303437e-01,8.289193127566787389e-01,4.659663812190672494e-01,3.482039780452511613e-01,3.523993715476626543e-01,5.873505576454113308e-01,6.537970965976038773e-01,8.098554930919401595e-01,7.013241426094907194e-01,9.465006482574591651e-01
9.452016525930864166e-01,2.094977170782619247e-01,3.853478581446869167e-01,9.253965907115435652e-01,8.928522883985134939e-01,9.578527107409389174e-01,6.650608374663105060e-01,5.889139180715252664e-01,6.503756618657379196e-01,7.895456716105424544e-01,9.238963901870753670e-01,0.000000000000000000e+00,9.500857045658254174e-01,7.878184081267768368e-01,6.905447883669176834e-01,7.903314909257472820e-01,8.971468108006555031e-01,6.655871462138203132e-01,4.648969784058739618e-01,9.505550909951774319e-01,9.560303065748037010e-01,5.768533176891694758e-01,9.359842093762215098e-01,7.555220907840870526e-01,6.830479115083588626e-01,7.906416762553258870e-01,4.371632201237307114e-01,6.707290799935792247e-01,7.672781362475222799e-01,4.154799934778293791e-01,2.120888699307578451e-01,2.994673642045838635e-01,7.503613901012077259e-01,6.064138416385698171e-01,7.791602580844193549e-01,6.801230099943409435e-01,1.281830503853203240e-01,2.810254995513716825e-01,7.462530212186103684e-01,5.557161390550935387e-01,2.829979180820124673e-01,7.672844057485342928e-01,9.760315194624930024e-01,8.237141851770727330e-01,6.977122600952964104e-01,7.884364708784634690e-01,6.840912936898375651e-01,5.128379472392347038e-01,7.227490271111598474e-01,6.543441738978611477e-01,9.937487776482031299e-01,8.410945972893986156e-01,9.633863978455123878e-01,6.853890974101299882e-01,7.630698004688163394e-01,6.833373031137373044e-01,8.711589124844176801e-01,6.958978688709321903e-01,4.514886998522316119e-03,3.188104756177501456e-03,8.064224443381827756e-01,4.894800521570838447e-01,7.507854712236579076e-01,7.989255944467592574e-01,8.873801247393833247e-01,9.383216361550890117e-01,6.569795812413650182e-01,9.600712636771864261e-01,7.653877961517565609e-01,5.930741254534445117e-01,7.926016858074614868e-01,7.913065836168807765e-01,6.572041740350466066e-01,3.092902075888900870e-01,9.453272475258585050e-01,4.189590791542565640e-01,4.175562004556824247e-01,6.002196916669324533e-01,1.821074259757369807e-01,3.990794211746879205e-01,7.924085098497750668e-01,8.151636904196088995e-01,4.483431329780763197e-01,6.952613100064803930e-01,6.475786155714269299e-01
7.696828300069746831e-01,7.180079075614073103e-01,1.148715900689221137e-01,8.844357056354784641e-01,8.670013386193741178e-01,6.835917464654811537e-01,2.920637781247169551e-01,9.883809016587581375e-01,8.062435681123184539e-01,3.009222690970265734e-01,6.230778876522692356e-01,9.500857045658254174e-01,0.000000000000000000e+00,7.896630605317463969e-01,8.366203649074815951e-01,5.247460429886333655e-01,9.457999093813119762e-01,4.836092699514695226e-01,8.757600111418001321e-01,8.665242940711137543e-01,6.679334447824246679e-01,2.688361503544654529e-01,8.729622281451761001e-01,8.454437140973796172e-01,6.738374451441263568e-01,6.869984394025470120e-01,6.241870238425363260e-01,8.007780249850190435e-01,5.453294025068583517e-01,5.745451727490386018e-01,5.182092167534836369e-01,6.782101165776655005e-01,8.024085517625509922e-01,1.731458335554867389e-01,8.288732075637097463e-01,3.995030661149981954e-01,4.590953368622248121e-01,7.919988604702714596e-01,3.675539651539073693e-01,6.141641259638014327e-01,6.855273619486985659e-01,9.714542497295332035e-01,7.194896198351551364e-01,7.445161854018066405e-01,4.182337119550497695e-01,7.806931507238483725e-01,6.686090626904298562e-01,7.365406199112678465e-01,8.833138954933774656e-01,7.943544031469286226e-01,7.973468426991131563e-01,7.085276100255194498e-01,4.529062703934199630e-01,9.865173675071824411e-01,9.315301056395268731e-01,7.729680580031290660e-01,7.398557328717823012e-01,9.512049601391314724e-01,8.315556227766971453e-01,6.289378196170222202e-01,3.290022256313613891e-01,3.366948123963936501e-01,8.776877638679043692e-01,9.301011041815878677e-01,9.049328975729185043e-01,6.571665536755423309e-01,5.338758703800383643e-01,8.717096984407805005e-01,5.177348910670751536e-01,9.248160511425397301e-01,4.558738705454182250e-01,4.891465887251428279e-01,7.371163183143366604e-01,4.226895807134797289e-01,7.714554234554495959e-01,6.763981031617081197e-01,7.230704185853491506e-01,7.399675553222683222e-01,5.505470694293708167e-01,5.065360784015364715e-01,6.154331193090063490e-01,7.663280114700904422e-01,8.582387608309824945e-01,8.161879836788591414e-01,9.071134098746538310e-01
8.013243270473536795e-01,7.181920587234469355e-01,6.302632961589956784e-01,6.329285597197171764e-01,7.733728223596862961e-01,9.671458321397263802e-01,3.408957794022089427e-01,7.370580902590515571e-01,6.486095469123930035e-02,6.322904294075645248e-01,7.134294041538137288e-01,7.878184081267768368e-01,7.896630605317463969e-01,0.000000000000000000e+00,8.409342577357302728e-01,7.590933215445954119e-01,3.008039640836427941e-01,5.917079396701270255e-01,4.368472452706287923e-01,4.235846141535261067e-01,7.448960286760570870e-01,8.131821977003538260e-01,7.971486405566807765e-01,7.666414253056662576e-01,7.756517889415019962e-01,1.211369883525192370e-01,8.183056648156248336e-01,1.098873775766572997e-01,3.024952129975606585e-01,2.747709817173086266e-01,9.622882749158527815e-01,7.587624545487254846e-01,4.583283511167871582e-01,8.107435152202527862e-01,8.803840245001572917e-01,3.664564448635222460e-01,7.364973738682790705e-01,6.359559489393978859e-01,7.431086015573561410e-01,3.545463329885961135e-01,5.884223919714463014e-01,5.762522182233127399e-01,8.897716308859784373e-01,9.213016755075897901e-01,4.255451742139662596e-01,-3.536213286110331810e-02,4.283929063709530638e-01,3.604457418826095827e-01,9.982297986454602423e-01,7.534854263615506920e-01,5.345479873697650541e-01,6.684092560976989672e-01,7.241077496162353633e-01,6.808537591849891379e-01,9.061746162071956379e-01,6.737005214016227317e-01,8.840680699966624312e-01,6.446845314276740124e-01,4.502350046683300522e-01,1.365969817359698191e-01,4.152283247471569294e-01,8.652266403221848812e-01,6.902152462751640627e-01,7.685572871881942714e-01,9.804447787078363064e-01,6.402551351133006774e-01,4.148186937029020305e-01,7.870952994956578186e-01,5.702547076912708457e-01,6.872349917103626193e-01,6.416806551880119835e-01,-8.834477254788469791e-02,2.853057649664205164e-01,4.824666648850403083e-01,5.629861999878023049e-01,6.535389938337186067e-01,6.784860534354300032e-01,5.847949159020116028e-01,5.826233307516583970e-01,1.490171666865248434e-01,9.575311747220839331e-01,6.087335405821366896e-01,8.023359713470866739e-01,6.572726882707801144e-01,3.888261400319180661e-01
6.124029361412217654e-01,6.051489360316544275e-01,9.349766736397769895e-01,5.719591957654831527e-01,8.278841522710813638e-01,4.891005219623328348e-01,7.797604070451855662e-01,6.677003748408002481e-01,7.026708310608006380e-01,4.997586820005682218e-01,6.678484036377404509e-01,6.905447883669176834e-01,8.366203649074815951e-01,8.409342577357302728e-01,0.000000000000000000e+00,8.041080493425232234e-01,8.553839986607199020e-01,1.407756120084804365e-02,6.397613889884867788e-01,8.396404059507275308e-01,5.190417267649543032e-01,1.633559894507234378e-01,5.402654621560509796e-01,7.344612356294177857e-01,7.834113888228649847e-01,7.535901910754679855e-01,3.631733407965024307e-01,8.510235768688337865e-01,7.688237589962532148e-01,5.110759923050012254e-01,5.507041855559997590e-01,4.071308535778168647e-01,5.250861471267572744e-01,5.211581407754131146e-01,6.892234325412789631e-02,3.147380731251569475e-01,1.649464089527912236e-01,4.099945528060402467e-01,6.498518237620365401e-01,9.012944205041507617e-01,6.412747312719994097e-01,9.437953987174597659e-01,4.737602593189642053e-01,5.211981418044469017e-01,9.818237756694087048e-01,6.723702543193414982e-01,9.842557409824168602e-01,7.265699525455223684e-01,7.296606858195587852e-01,6.877303514697838960e-01,5.820615830847211125e-01,6.203140821991639520e-01,5.569515555071509194e-01,4.796463344948396212e-01,7.231584307587722860e-01,4.684793521303912134e-01,7.578990805209021575e-01,4.730320565585064418e-01,8.222917988594432570e-01,4.721983169683880988e-01,4.088440862896564054e-01,6.330264208604653442e-01,2.864323058465883531e-01,8.677465933947988708e-01,9.628912105183847769e-01,6.607299032411210193e-01,3.293378654571630371e-01,8.968683448669998448e-01,4.764690770150706856e-01,6.935763308829127061e-01,6.318044172542794934e-01,7.301676621329770134e-01,2.463949609305051136e-01,4.683463315799523130e-01,6.817687692772046448e-01,7.294745265751606533e-01,8.325611191940330835e-01,7.111123413365311174e-01,6.375445978423508464e-01,2.457594418201262676e-01,7.438419665492448374e-01,3.689519705558587104e-01,2.547909013830779168e-01,5.756170257611522567e-01,1.191730882719677087e-02
9.984957688824472877e-01,2.625554154302570664e-01,8.991648363725139870e-01,9.405034716650693127e-01,4.970979516137895571e-01,6.686824920928244875e-01,7.098087559552264114e-01,4.694128044997061822e-01,3.613144712574175577e-01,1.280740569253933925e-01,7.450618110768408853e-01,7.903314909257472820e-01,5.247460429886333655e-01,7.590933215445954119e-01,8.041080493425232234e-01,0.000000000000000000e+00,9.498384367040281218e-01,9.450124775396142596e-01,7.269553167341453737e-01,4.974308812909706834e-01,6.284267586307183961e-01,9.617584666689404926e-01,8.727757831498788033e-01,8.566392451982998146e-01,4.656579829935419967e-01,8.921390110224218795e-01,7.372508799053125728e-01,6.613828275107105359e-01,4.521026945711631995e-01,7.529095383469693870e-01,3.413666555986329953e-01,7.650547476033732197e-01,3.018994907134081584e-01,8.422301065355244365e-01,6.456142271874963923e-01,4.505998882036023057e-01,4.240551061206125349e-01,7.917174030826010789e-01,6.519275579307239887e-01,6.905656373740439724e-01,2.054103432901444124e-03,3.335023967782766441e-01,9.234295331774048377e-01,8.134107844431780476e-01,5.476179485760267474e-01,7.833529629665102467e-01,9.009727095524292517e-01,6.469505406730207131e-01,5.816928316650640252e-01,6.820938347549430070e-01,6.938739152939319421e-01,9.295485935261729171e-01,7.284285710570210792e-01,7.263996340286951181e-01,7.329466778637276914e-01,6.103865597745324889e-01,6.126316600175896188e-01,9.545840464952978222e-01,9.972586611140674684e-01,6.029412548465196142e-01,4.953557251427299080e-01,2.129360339908802913e-01,6.699586207263998894e-01,3.235923509839758183e-01,8.222498704891548771e-01,8.081155675121405313e-01,5.475292955367241365e-01,8.765022989897540695e-01,8.785533857829471716e-01,6.048841208095180333e-01,8.288671908619723583e-01,6.737015125257900250e-01,6.728830697208347811e-01,5.785562059187787654e-01,2.362515013862079294e-01,7.218217260343358088e-01,8.348890478745538690e-01,4.657353119649877415e-01,5.015260071988277835e-01,3.425724490401838018e-01,4.295763223049487434e-01,2.858748307400666988e-01,7.740147907036331043e-01,3.130119168858283563e-01,6.741200576855130855e-01
6.663295895614923525e-01,7.814946373423719006e-01,6.446721129225334579e-01,3.036498217844916248e-01,4.747993085747871378e-01,6.869915176894213493e-01,8.644237026258840828e-01,5.698990605101904583e-01,8.836494294619505752e-01,9.047422984804215362e-01,7.535755621687725281e-01,8.971468108006555031e-01,9.457999093813119762e-01,3.008039640836427941e-01,8.553839986607199020e-01,9.498384367040281218e-01,0.000000000000000000e+00,8.822545030793211840e-01,9.821148250828775073e-01,8.890256833507618195e-01,5.877868520033170396e-01,7.111169425231649299e-01,9.892886353785559361e-01,9.934734224226702270e-01,6.984830901031126027e-01,6.988006563041347929e-01,8.828776499613333328e-01,5.432296508323295470e-01,9.853421995468785166e-01,6.669734079029446816e-01,2.475613551531593015e-01,8.292395040077943369e-01,6.077165439688199111e-01,6.451285798408928907e-01,4.049159935528653387e-01,3.021777312478424737e-01,3.895547692204114343e-01,9.766479635531657433e-01,9.076940062306844137e-01,6.570294056920364945e-01,9.603860902073804162e-01,7.438090869890747747e-01,9.275984873034830436e-01,8.124180174797618337e-01,9.126876551477068888e-01,8.362640876255559297e-01,8.247183051718324220e-01,6.507164868399097912e-01,8.265673617583179089e-01,9.211000201032835122e-01,9.180696586235009837e-01,6.401737248330299224e-01,7.882471109359678874e-01,9.768338183100231387e-01,4.329745159597944149e-01,9.476639856241291238e-01,9.619201109417456763e-01,9.114636769207231648e-01,9.569833034277451800e-01,1.781440425695166585e-01,6.299577321571061539e-01,8.127271754869047626e-01,6.926633251730128782e-01,8.917577663105963337e-01,8.946483474069194530e-01,4.246218020991693876e-01,6.734453602941060657e-01,9.524150755200679885e-01,5.605432766264599742e-01,7.493438767216125118e-01,7.211224350839079422e-01,8.615015571181414700e-01,2.678234879814727631e-01,6.510962793937061788e-01,9.027021036333615633e-01,9.765414272945807106e-01,4.335166881411474660e-01,9.493394988892158715e-01,9.604280619219834891e-02,2.513689048905640711e-01,7.744267211362009240e-01,4.038954271296936183e-01,3.108745481287283341e-01,6.951136344581166915e-01,6.591851145525760014e-01
6.998708622362217469e-01,3.760796901960951621e-01,8.881001082711633687e-01,9.445019748608299848e-01,7.934508927161455505e-01,6.300069448973815156e-01,2.848688513170241632e-01,9.026703769504880182e-01,4.693515790276306388e-01,7.190021826180134079e-01,9.918452631641476724e-01,6.655871462138203132e-01,4.836092699514695226e-01,5.917079396701270255e-01,1.407756120084804365e-02,9.450124775396142596e-01,8.822545030793211840e-01,0.000000000000000000e+00,6.207975187529092276e-01,7.250681229937225858e-01,7.004343124652665509e-01,5.649847067994624439e-01,7.377063784713581152e-01,9.067097384493398859e-01,2.033843656040557613e-01,7.224052252247525896e-01,7.303677972798208184e-01,7.601265409008503005e-01,4.141743259268891864e-01,4.245862840898569912e-01,6.190122247607545702e-01,8.715281770398120020e-01,6.163372226917335217e-01,8.917507761320508930e-01,7.464076606162237670e-01,5.116164979752673148e-01,4.877968307239762269e-01,5.449451010726866773e-01,4.621189685833014815e-01,6.318747957960049177e-01,7.126092601030197260e-01,6.136045754627433846e-01,8.721402768526989036e-01,8.906497679802630740e-01,8.053696659770258615e-01,5.105739495240840808e-01,9.625388814893871547e-01,7.555252356700353777e-01,8.735651921764853167e-01,7.142741362489272161e-01,8.807845994279462909e-01,9.488502061274184385e-01,5.949080640702060219e-01,5.793728305237877407e-01,9.678032326207992586e-01,4.772112935293176122e-02,1.356560364986660605e-01,3.783687100545433113e-01,9.146938637572511466e-01,3.915641018612276980e-01,2.653165484540609409e-01,4.325826776440153121e-01,6.328192789433940701e-01,7.470805580373549581e-01,8.535236880444004859e-01,6.242383184238600169e-01,5.238499633852952142e-01,3.260131858826459395e-01,4.108481411819741580e-01,9.534639677680347702e-01,6.066514669952445260e-01,8.240549809809625259e-01,7.927587796029889056e-01,2.289907529225095328e-01,7.026257757885807642e-01,9.510631593942734385e-01,5.040353081821291603e-01,9.776746919704718541e-01,6.638092997870979062e-01,1.464610683602478036e-01,6.439455255915702558e-01,8.081067943959668876e-01,9.004796181603561545e-01,1.822214927643925342e-01,6.000371386840586130e-01
