0.000000000000000000e+00,8.268791236925564503e-01,8.150958009422935024e-01,1.103757954439877481e-01,7.322768224358997546e-01,8.166134493512450243e-01,1.294844458120428532e-01,7.420613781490168481e-01,7.352088948780185484e-01,5.607367682924790930e-01,9.387668071008918869e-01,6.739042655036953100e-01,9.618978949164586068e-01,9.013407066207934637e-01,5.643302954226316892e-01,9.495693231761569431e-01,9.045694530431911407e-01,8.417472832940489091e-01,7.658595100717234816e-01,8.441801707321051618e-01,4.924258278666562849e-01,6.609996060864389289e-01,4.965006062718367863e-01,7.667075671883848420e-01,5.711649792465591791e-01,9.241414113990684687e-01,9.538842264348470490e-01,6.311800477352191852e-01,3.782465009381529297e-01,2.923595791783956122e-01,5.702856154948314771e-01,9.451146672906090007e-01,7.982315314449324184e-01,6.086243100973151021e-01,9.168265187056715559e-01,8.836851366739950642e-01,5.087949624006722349e-01,9.116548772735841855e-01,8.478476511290504725e-01,8.798705835186381163e-01,1.841961744304500548e-01,8.080444980461561899e-01,8.716081778639381827e-01,4.180393853880486343e-01,8.812116452595735172e-01,8.299031094336568604e-01,5.152663728360704631e-01,4.063581705763175123e-01,9.327806314876886384e-01,9.204684617379512712e-01,6.943756982363614716e-01,9.478708555459771645e-01,7.983891346375741049e-01,9.384423702345452423e-01,8.750295742923657194e-01,7.233068812002214631e-01,8.943968769238541672e-01,9.714262495605008318e-01,9.090597393461262721e-01,2.832001995121520288e-01,7.472297989443251742e-01,7.432576941505396606e-01,9.492368246555320521e-01,7.750635734279714972e-01,3.511879242685018165e-01,6.123031204744888711e-01,8.061612625319687364e-01,9.822113007490637093e-01,9.472743945921771047e-01,6.058644288929200261e-01,8.689910932265403343e-01,7.017744234666742909e-01,9.408610573602963489e-01,2.563619470818416235e-01,8.515622702041579783e-01,6.538189223002740524e-01,6.280620134196709392e-01,6.102617064110270606e-01,6.820030307764010091e-01,2.487408894283626992e-01,8.708223316482270882e-01,9.837181777555076279e-01,7.666882808027876139e-01,1.640779036896574949e-01,9.152372333664100523e-01
8.268791236925564503e-01,0.000000000000000000e+00,7.167080120951935251e-01,7.959223924277210038e-01,6.121460362747591644e-01,4.961563510517332798e-01,1.352422424770590992e-01,8.293598371531266666e-01,6.278534138380030827e-01,3.407611978634856875e-01,4.591070587696913230e-01,3.491833819378900028e-01,6.237298136024248540e-01,8.435184577678256357e-01,7.013989519342685997e-01,5.622701470788431521e-01,8.048798555462914894e-01,9.955389781062689014e-01,6.866344608149008710e-01,6.108158024500761618e-01,9.010345612657751913e-01,7.787973420949082515e-01,4.446342920261303067e-01,8.578314295186550975e-01,5.395639550967450404e-01,2.126880450176616144e-01,7.097773708266585935e-01,3.812918948976626310e-01,1.632115533967235521e-01,4.973104855449207440e-01,6.513570531353671811e-01,6.681858332473036288e-01,8.521832355361775857e-01,6.265464501233206640e-01,6.917044865051253932e-01,4.857618696748007836e-01,2.419102623129708030e-01,6.262472612292164786e-01,8.678593517305669414e-01,5.818101567820757047e-01,6.899896576462919429e-01,9.079442092658768226e-01,9.548628390427811308e-01,8.774633570469840826e-01,6.340914602057317051e-01,7.149660951437863954e-01,7.153712928967157492e-01,3.246145838556504515e-01,7.507424298666980356e-01,5.260318709089573108e-01,7.960673968296685388e-01,8.335791614266171434e-01,7.229612793819578664e-01,2.134323744842108461e-01,9.025619228241782421e-01,6.077926480815312171e-01,6.326004150440557305e-01,1.347736932519698339e-01,8.584703568001981200e-01,4.151268025352153890e-01,2.427924907034267887e-01,7.657607256507846794e-01,9.699329550629910424e-01,7.190865407137899679e-01,5.423211311729917439e-01,7.141750411352969508e-01,4.041460417674997418e-01,8.430731789497365458e-01,2.045556714290226730e-01,9.650795290582326880e-01,7.526563305874407472e-01,5.345214499080730430e-01,4.682035382189582706e-01,2.206798577321945620e-01,6.974253810801903652e-01,5.499515501438969611e-01,2.123267612295471340e-01,2.084940306998919468e-01,2.453471175957197825e-01,3.657418948842274253e-01,9.535523361142456134e-01,3.538799767205659252e-01,6.948861439724489664e-01,5.395022456326162841e-01,6.264063076341653824e-01
8.150958009422935024e-01,7.167080120951935251e-01,0.000000000000000000e+00,8.402182050238448108e-01,9.166494938306596341e-01,8.856838595905600631e-01,4.038667316375066374e-01,7.277617724887571748e-01,7.143650357971327303e-01,8.784584837801074908e-01,9.598265163876624761e-01,-6.884170594618846395e-02,5.903493712115993608e-01,9.498454359546458781e-01,6.011884841228244403e-01,8.167952112951513133e-01,9.142964253203926805e-01,9.701967043181821682e-01,9.929706009726261273e-01,6.686636773366820830e-01,9.384424817893750603e-01,9.405531386342733668e-01,4.225624694481547317e-01,9.828934615042604905e-01,8.617672776465692408e-01,7.183442919840025143e-01,9.853886841560484111e-01,8.979508249926739794e-01,4.770990700519447958e-01,9.387230151013568891e-02,1.184027927931679061e-02,9.573684257558323640e-01,9.391977979908672225e-01,8.643859426514135524e-01,6.742643434512690659e-01,1.412703833847321899e-01,1.691488089353755109e-01,7.597067521486082775e-01,7.421349157353769321e-01,6.990264238678224329e-01,4.249494862131321105e-01,7.256605103758096975e-01,9.815998385924282754e-01,7.736758150953905178e-01,8.973574759793014888e-01,3.754482629019558759e-01,6.347224515373475207e-01,8.440040017655209281e-01,8.537310706257383863e-01,2.076447097373549933e-01,9.309589570459833041e-01,8.174686621416648036e-01,8.273575668391593974e-01,8.444339916169100180e-01,5.682411095315557104e-01,7.424886823546970049e-01,8.431414790101163792e-01,9.124127704661740834e-01,7.126537354996653750e-01,7.242892649424580442e-01,5.779637135294015682e-01,5.908530690169198074e-01,8.719721198266742190e-01,9.088819003865779012e-01,8.903703726077428771e-01,8.735423281907213067e-01,5.671014431409513445e-01,8.699140745740344682e-01,9.755864125147130084e-01,7.535783967827813790e-01,4.127948762661663995e-01,9.898254677196693940e-01,7.765603860742108511e-01,2.836576346198934617e-01,9.087456636618819195e-01,8.777542274145031520e-01,5.215810889161938135e-01,6.335571225260342443e-01,6.307516206549776960e-01,3.330837181575744266e-01,3.130064208041680729e-01,8.394172339362477864e-01,6.409469878505497098e-01,8.188348429030982700e-01,9.397151338445908220e-01
1.103757954439877481e-01,7.959223924277210038e-01,8.402182050238448108e-01,0.000000000000000000e+00,3.626508363919179745e-01,6.271015892881400822e-01,7.828242197227877064e-01,6.491566372628795323e-01,7.923263663879740459e-01,7.803226266881388984e-01,7.110387113111464874e-01,8.314725402703595503e-01,9.834100468657777094e-01,7.775576595983868522e-01,9.176946397169679637e-01,6.290639645074864728e-01,7.714763844534878734e-01,8.887282103986745563e-01,9.083578655226700604e-01,8.881210540703737832e-01,8.245868321049624194e-01,6.475164715911119195e-01,6.284600488167189081e-01,9.538778534517391439e-01,4.885224342871266057e-01,8.232439791727457212e-01,9.266319203129660398e-01,6.271849163312076536e-01,7.630593642177504465e-01,2.988284944365083851e-01,3.150022857893713391e-01,3.128989112519083848e-01,5.125641890260945743e-01,6.497506001127026920e-01,9.253336148788579019e-01,2.206118746918557805e-01,8.870149132318717530e-03,6.134575414419044526e-01,8.554407745738535906e-01,4.438508480605157236e-01,4.307513967496694463e-01,6.945797390470883625e-01,5.873819825222709179e-01,7.468957873018917670e-01,4.959713930067651821e-01,4.358440194474767493e-01,6.622211171140691688e-01,8.919545864100905108e-01,5.218806620020121079e-01,7.197902394820241412e-01,3.731264340984327132e-01,1.456265961990677871e-01,9.371373350735970886e-01,8.683609724660635854e-01,8.810412777338028079e-01,9.421854875929600581e-01,-3.066958367329750690e-01,9.430744215794213403e-01,5.449550615922428287e-01,6.894044822523763827e-01,5.929104308724413297e-01,7.752651417921015975e-01,4.797123371444866891e-01,8.737184010795782108e-01,5.011095619700808301e-01,6.041199803368080268e-01,7.742818319628658186e-01,9.737147537919008666e-01,2.350279714637835971e-01,8.867098473756861443e-01,4.785110355532833371e-01,8.934377975947388473e-01,4.576403687676486864e-01,6.426276367279636359e-01,6.062551554400666953e-01,9.413085167347591264e-01,9.545873077627021752e-01,6.263873534090625972e-01,5.235997693592658875e-01,2.562723174587940300e-01,5.851975387600248935e-01,9.946370220362223957e-01,4.911051660631534643e-01,3.709662080472629908e-01,8.600752834291983673e-01
7.322768224358997546e-01,6.121460362747591644e-01,9.166494938306596341e-01,3.626508363919179745e-01,0.000000000000000000e+00,6.854647018580457551e-01,6.363110357970501729e-01,5.026002791218080468e-01,7.115866817830001079e-01,6.493170780394358355e-01,4.766397147986665694e-01,8.554273641247719384e-01,6.308161224241805032e-01,6.483544640275534787e-01,7.815092991333373318e-01,8.333266398560399413e-01,6.968754738444219443e-01,5.953330057462020708e-01,6.558497836141106152e-01,8.083693349862917099e-01,9.361040218913456723e-01,6.448328510042755646e-01,6.055738390661951076e-01,9.451353198149204937e-01,7.475771339346672928e-01,4.474912865762553094e-01,4.634009969353214409e-01,8.642467880892942267e-01,3.843171792885688443e-01,5.190174534556213359e-01,2.730320529436118804e-01,5.960019880249146640e-01,7.776231278174022821e-01,9.288130371190228551e-01,6.515555202951031077e-01,2.639848825673690724e-01,6.035230012495483853e-01,4.242803831169348339e-01,9.379062889886409238e-01,6.693824923660317561e-01,4.986249048611539059e-01,8.276368083561810307e-01,9.291286411194417116e-01,4.594505669035327533e-01,5.055787910633041671e-01,5.909486322779879952e-01,5.291432842890326782e-01,8.056413120912135906e-01,7.259908381020775403e-01,5.892702365983429891e-01,6.318794677933101678e-01,7.150419883145621158e-01,5.806575450804456473e-01,9.548202793152504864e-01,9.011623450824051140e-01,6.194798604014383203e-01,6.870991486312898466e-01,7.422816949777417683e-01,1.011509177987798269e-01,2.252227154487134453e-01,5.205961217540806540e-01,8.921020585541301617e-01,8.592128211258454051e-01,6.205343052862297704e-01,9.033985542115620104e-01,6.108907524500948316e-01,8.319246663380844842e-01,8.123094326949055199e-01,2.636908104385946028e-01,9.050699521803780012e-01,7.078611138572212802e-01,9.085206345232744729e-01,-1.184301761170544198e-01,2.642212205981623319e-01,4.257478542821042655e-01,6.893936475135501452e-01,6.193646092706516226e-01,4.601123249392495840e-01,6.184145782264255375e-01,3.139489611420901993e-01,7.674975950946676395e-01,8.745031775384657369e-01,7.326965000339228373e-01,5.100835801066523345e-01,8.008926903315624068e-01
8.166134493512450243e-01,4.961563510517332798e-01,8.856838595905600631e-01,6.271015892881400822e-01,6.854647018580457551e-01,0.000000000000000000e+00,6.728578914749908657e-01,5.347108752627456330e-01,7.382323659110363590e-01,8.593124577829513999e-01,7.803322355086537154e-01,6.867927654535856963e-01,8.471771825493843444e-01,5.829716526441138802e-01,4.355193965064281802e-01,7.740175075975940233e-01,8.117731710705322623e-01,7.268991921538437984e-01,9.076350051300855482e-01,7.736164251118259338e-01,4.213794973653843257e-01,4.863188885684047724e-01,7.955000060316022026e-01,2.247920067552622858e-01,4.532746201300630329e-01,8.979310061947164412e-01,6.669384319107692916e-01,9.334564141486938471e-01,8.672906421811054090e-01,3.876596296395514729e-01,1.467233596659122119e-01,9.616629254914039748e-01,1.236060643752296961e-01,5.283517557785041285e-01,9.473673365319548179e-01,3.206509977016903656e-01,2.619462967617404159e-01,6.148336449310272123e-01,9.734413280700738857e-01,8.618966407044482692e-01,6.488803018433156877e-01,4.093422069803343555e-01,8.191832664171471157e-01,7.229895626286505506e-01,8.514195332349834278e-01,8.742516498386545543e-01,7.381992488461751600e-01,8.420363653905137413e-01,6.062222260603520319e-01,6.290183210811935988e-01,6.247921548615995579e-01,9.153772881168267261e-01,7.575545181666686334e-01,8.749693661525634880e-01,4.768025816423130392e-01,2.208578201391888096e-01,2.646067109620401925e-01,7.438276335236595482e-01,8.537976698013660659e-01,5.580247080512059643e-01,5.809391233098855079e-01,8.080040580145365636e-01,8.741087051626330595e-01,5.814506314485111682e-01,7.386307165733909663e-01,6.571120260623918297e-01,9.318052929685799457e-01,6.328181542227269141e-01,6.451143119496102196e-01,6.623428648642605276e-01,8.550844537310785531e-01,8.931662085064073775e-01,5.140312889472570257e-01,-2.333634832428432837e-02,7.144887591485107325e-01,9.905357666459424504e-01,7.511553328506015426e-01,2.491480246171451363e-01,7.355790513041616796e-01,5.472060571817347618e-01,8.092255570920718899e-01,9.356850292445003658e-01,5.158096533053825317e-01,4.980897576080583478e-01,7.507620247399184876e-01
1.294844458120428532e-01,1.352422424770590992e-01,4.038667316375066374e-01,7.828242197227877064e-01,6.363110357970501729e-01,6.728578914749908657e-01,0.000000000000000000e+00,2.797713962768474949e-01,5.304633871333740425e-01,7.929206703800187883e-01,7.945313602304002742e-01,5.664077115627130787e-01,4.608180292057979521e-01,4.974025194294455776e-01,6.609477463443557133e-01,2.804142811582415185e-01,7.645313217520397497e-01,3.921371171938177191e-01,5.166296626696184058e-01,3.050571109873272957e-01,9.635115696639207084e-01,1.838861184803290694e-01,7.784150024608036400e-01,9.702577153716973601e-01,7.320281955720271405e-01,6.389166701866284548e-01,1.697132084499200777e-01,5.597138746804397602e-01,2.790745962968637153e-02,6.956203394710105403e-01,5.599220106800191499e-02,4.616104254990514022e-01,6.876625018770572417e-01,5.621768514956519969e-01,5.991447525509843164e-01,3.290294886955738574e-01,5.146591763381359597e-01,6.344462255007965457e-01,5.511741090386956810e-01,7.532045870610514227e-01,6.544485872452681097e-01,3.047456948130910503e-01,4.004317203559397131e-01,3.976484807950388944e-01,9.744805056117580300e-01,8.827962583170485544e-01,7.736557634687944995e-01,4.986138156717691561e-01,7.684624307418748135e-01,6.424809376130861116e-01,4.627992245070168265e-01,5.529813464696202718e-01,5.391182470766704427e-01,7.497967780247727365e-01,9.506182665650224628e-01,4.581624777067216936e-01,5.682078215264098064e-01,5.121755000079488696e-01,9.426874788029947494e-01,3.500920105027539031e-01,5.734806594399752822e-01,6.378807487812837573e-01,5.792055000136051568e-01,2.763342496330535858e-01,9.893800996595527586e-01,5.952307709783882794e-01,5.861410705528395937e-01,7.033546674010784372e-01,5.075195617042674856e-01,6.710823786844796190e-01,6.039030251486769973e-01,5.946584948350717159e-01,5.275447979902063711e-01,4.121904405544534189e-01,6.636813761600723893e-01,2.388907312818457640e-01,9.114723539239921735e-01,4.790158987996757656e-01,7.985398296766401671e-01,3.363335075160419629e-01,2.641742808962085909e-01,9.440910401021149756e-01,5.894826899868981229e-01,9.774728373928218694e-01,7.649961499699854395e-01
7.420613781490168481e-01,8.293598371531266666e-01,7.277617724887571748e-01,6.491566372628795323e-01,5.026002791218080468e-01,5.347108752627456330e-01,2.797713962768474949e-01,0.000000000000000000e+00,7.203459706548908104e-01,4.387693775932309803e-01,9.078914536740959607e-01,7.076374188438069313e-01,8.414003964851667350e-01,8.638045962027229852e-01,5.891306310209856179e-01,6.834636108977364399e-01,9.283711041495692484e-01,3.430588206727770428e-01,7.089401501116571191e-01,6.334550612380114298e-01,6.317459787296956231e-01,2.708226067917648416e-01,6.290244625295638992e-01,8.025519302292879464e-01,3.882466598397618096e-01,7.062294807133390195e-01,6.452547634376605279e-01,8.089949875778547073e-01,2.032044439109254863e-01,7.261461127042037056e-01,1.616197248227163596e-01,6.741959663080370202e-01,9.936052257689684808e-01,7.901781643205786354e-01,1.020434422820704068e-01,5.769310505224809482e-01,6.988523066086318458e-01,9.941464203808054734e-01,6.357067107241844983e-01,4.642750771654038378e-01,3.607289709460508309e-01,3.088445608508855189e-01,6.635913939293772712e-01,3.378546346465551853e-01,3.610606546362022939e-01,9.505877611108869418e-01,7.793918629156481037e-01,6.721448827428736505e-01,6.323860419642779451e-01,6.385395102519823007e-01,4.980596933129572412e-01,7.919741202252525980e-01,7.243876941108315926e-01,6.323455249819740498e-01,7.397247277443762536e-01,3.860222697155349381e-01,8.476219763786856376e-01,4.027340367750836259e-01,4.129296317814054040e-01,9.894516499016186017e-01,5.628112189387566300e-01,9.877291852227051416e-01,5.431505401728256022e-01,4.528206590425095657e-01,6.844268300019198392e-01,4.912196553544668221e-01,6.385145538587294611e-01,6.459552428891077724e-01,5.585466903757106971e-01,7.742152690852966979e-01,4.694912071915813452e-03,4.070715669354318944e-01,6.157026268296267313e-01,4.741380402528368454e-01,7.617754808160062119e-01,5.691296084640855568e-01,7.667040721150385485e-01,5.593171102406915285e-01,7.469629750170748705e-01,4.186817885432088659e-01,4.587729334643637080e-01,7.100138630742878210e-01,4.879602982505366615e-01,4.313145955910468454e-01,8.782610240987480665e-01
7.352088948780185484e-01,6.278534138380030827e-01,7.143650357971327303e-01,7.923263663879740459e-01,7.115866817830001079e-01,7.382323659110363590e-01,5.304633871333740425e-01,7.203459706548908104e-01,0.000000000000000000e+00,4.619709082404009348e-01,8.136851376175927575e-01,4.040792256086231937e-01,9.366681085818688857e-01,9.321295304906471735e-01,6.551823973082452346e-01,1.322123275252273522e-01,8.203195576880478734e-01,5.375537418008999868e-01,8.099610254263740483e-01,7.718153958017347493e-01,8.778212143850067095e-01,8.574712090647731433e-01,8.735309679347865730e-01,6.926462733823225415e-01,6.140850800174308954e-01,6.657740301625839630e-01,8.876090904098929979e-01,2.234150605164521297e-01,5.318729281164338296e-01,7.598156420035409031e-01,7.739913608359991759e-01,5.385535563404574289e-01,8.945904094861124589e-01,5.625723874235480926e-01,4.809469622307131487e-01,-1.698991834270505152e-02,5.168877583256648034e-01,6.600705028774271899e-01,9.938764923244784999e-01,9.353457754663834223e-01,5.365581893746854680e-01,6.975757253432954830e-01,8.942166072625751250e-01,6.248367673256961519e-01,8.049033964087560777e-01,6.284022070132041504e-01,6.067564522131430049e-01,2.243331026304215547e-01,8.081244460374522598e-01,7.633964810072764173e-01,6.024586620014300564e-01,4.114748836074659244e-01,4.970045904959952687e-01,8.348307631313229837e-01,8.599676492516524773e-01,9.709438063271083053e-01,6.181039831821071306e-01,8.168323216276026644e-01,9.106350292640184030e-01,6.019947969344064953e-01,4.108548685487278251e-01,9.532741720131274743e-01,6.635166874041064089e-01,7.301453392557873956e-01,8.495527995967311341e-01,9.809320333954810733e-01,7.736188959648605534e-01,6.486902532569709390e-01,6.298168929953006367e-01,7.273571435659088591e-01,5.871562864817774230e-01,8.798347595491943229e-01,4.304698409834672446e-01,8.446915956358158617e-01,8.504065097255181227e-01,6.764890354829113939e-01,8.365475469295158284e-01,6.997587450142734866e-01,5.652804596969007722e-01,4.676344632639096721e-01,5.099460662680341816e-01,9.753821648953980850e-01,6.380105111245782945e-01,7.094624538965041971e-01,7.252508469998589780e-01
5.607367682924790930e-01,3.407611978634856875e-01,8.784584837801074908e-01,7.803226266881388984e-01,6.493170780394358355e-01,8.593124577829513999e-01,7.929206703800187883e-01,4.387693775932309803e-01,4.619709082404009348e-01,0.000000000000000000e+00,5.903665874934548308e-01,4.186841792498990356e-01,8.450995932530485089e-01,8.412123573147688438e-01,4.884277675860815293e-01,7.543147551420837926e-01,9.440597314175814825e-01,7.692735912929197228e-01,9.662620355033441077e-01,8.188461056940792293e-01,9.777291266976086970e-01,6.126144699532134474e-01,4.508356629008215544e-01,7.905517673272554058e-01,6.561697478370507319e-01,7.657633159866481520e-01,9.819596116118288753e-01,9.028989237897868669e-01,5.401456205089721907e-01,3.756132536825902424e-01,4.949590011726612837e-01,7.056748742528691221e-01,6.240222386330052107e-01,7.011357933270150333e-01,8.703023514585905840e-01,6.392191668312853237e-01,4.241710535314213715e-01,4.164360399160052517e-01,9.755426426604417722e-01,2.209888566684263533e-01,7.379881711046740733e-01,6.523321378128982273e-01,1.849991142005227296e-01,9.904722456908536810e-01,8.806859664987309877e-01,2.514461781535113905e-01,9.261404059849179804e-01,7.714221326564780767e-01,7.777565548082951974e-01,3.240477174707066532e-01,6.656680745172225411e-01,4.666236091754602522e-01,8.906930897522360446e-01,7.448774494883595443e-01,4.500136208273325389e-01,7.665050204445778004e-01,3.029245976201823121e-01,-1.239653584866407809e-01,8.836096963463183629e-01,4.506640431784734169e-01,6.854588023705018296e-01,4.337468136451867462e-01,6.066787956686351402e-01,9.311859155699261370e-01,6.932456067285889256e-01,6.066711926087069440e-01,6.262677306807835631e-01,8.776915529883141387e-01,6.736503928309314215e-01,5.339498230489421182e-01,5.457427774087373340e-01,7.160312522796516976e-01,2.072332538579582661e-01,6.049909519916832901e-01,5.323036219848767958e-01,6.257046023840897586e-01,3.794377821541429219e-01,2.618885504569825051e-01,4.611198024999203504e-01,2.175736908228582955e-01,5.688177493602244450e-01,4.345931837716864310e-01,7.506909663041142489e-01,5.234641981394391186e-01,7.942287992894045967e-01
9.387668071008918869e-01,4.591070587696913230e-01,9.598265163876624761e-01,7.110387113111464874e-01,4.766397147986665694e-01,7.803322355086537154e-01,7.945313602304002742e-01,9.078914536740959607e-01,8.136851376175927575e-01,5.903665874934548308e-01,0.000000000000000000e+00,7.385400726917796810e-01,6.998916183234916710e-01,4.603173488577571026e-01,7.558597600533192296e-01,6.886207846603282778e-01,4.329253103397595615e-01,7.550400616284450583e-01,8.129319733053257391e-01,3.081460306563609808e-01,9.160438273160137479e-01,3.199551763677208061e-01,3.674158539073598684e-01,2.663037704366297831e-01,1.403398431489589482e-01,5.015643744765515555e-01,6.729863074207265150e-01,7.055078974327663177e-01,7.224416094157681822e-01,2.229406769950930123e-01,7.006715289645804035e-04,4.561209629420352463e-01,8.121902142523867996e-01,7.867877815660971885e-01,7.656610585015748427e-01,6.686143174057567196e-01,5.902400008974748591e-01,9.881030091613698385e-01,6.358025591278876343e-01,5.566235551676113058e-01,2.466707571331499538e-01,5.829545623566565471e-01,9.313613673799570059e-01,9.800820888494310434e-01,9.600258289620237084e-01,7.910463050307471322e-01,3.042343723380020459e-01,8.838303324152901874e-01,7.896715621899828008e-01,7.996129851384990994e-01,7.630662900787271719e-01,7.319842425722500323e-01,4.437793146500448316e-01,7.875527803374049451e-01,4.562669921458873956e-01,6.586112679500419897e-01,5.891656409749992385e-01,7.450269630522093900e-01,3.452615415343555649e-01,4.185080254384005993e-01,5.461871700164175891e-01,8.293467926429535231e-01,8.098319055618325990e-01,6.756688578889458174e-01,9.134916005387114790e-01,6.692225236705668934e-01,7.992393587110826481e-01,8.727916086586793298e-01,3.207941015952306962e-01,7.482138192677579847e-01,9.089848628054933988e-01,8.153704983395934081e-01,7.885036108085239359e-01,2.187037640596454779e-01,6.316758099042399932e-01,7.321826387005004877e-01,6.259616428360335050e-01,4.134478231264162584e-01,1.984312589264598248e-01,3.874677025984493151e-01,7.025833185226505462e-01,8.043878684771198495e-01,4.231901567379318663e-01,6.309221932649521358e-01,8.582016675565344865e-01
6.739042655036953100e-01,3.491833819378900028e-01,-6.884170594618846395e-02,8.314725402703595503e-01,8.554273641247719384e-01,6.867927654535856963e-01,5.664077115627130787e-01,7.076374188438069313e-01,4.040792256086231937e-01,4.186841792498990356e-01,7.385400726917796810e-01,0.000000000000000000e+00,6.441707558936686784e-01,7.657524532939671280e-01,5.159965044263842282e-01,9.059172100194553545e-01,4.359410043387053069e-01,8.594608762279197789e-01,5.068787962741587716e-01,6.180161922382910733e-01,6.196569955752716519e-01,5.312976867375287515e-01,1.179307468609712695e-01,5.498760572768347510e-01,4.612536337479391513e-01,5.289664037801781182e-01,2.852814402437148789e-01,4.980908791281786485e-02,6.859784227402395684e-01,8.937841736091225453e-01,7.728325081962403864e-01,6.799548279265082984e-01,8.950428782685190265e-01,6.967574580956629182e-01,3.115429521305455030e-01,2.563676111577212202e-01,6.655455291200740309e-01,5.693147720466500417e-01,6.698259895506216699e-01,6.385029723015578362e-01,5.814676881391189767e-02,8.016506940201496567e-01,6.786322598147022100e-01,7.502504759137875734e-01,4.983955162345016232e-01,5.071019414113097090e-01,4.126560645466347821e-01,7.941627967681976763e-01,6.385415859350119794e-01,1.084546761224806644e-01,7.274939425854842767e-01,6.552448438978666356e-01,5.283016360904048137e-01,6.175204386393184919e-01,9.159777095939179992e-01,3.626415932770922224e-01,7.028023209148783756e-01,5.856748736701473668e-01,2.515225020575219683e-01,6.973655030915147934e-01,5.589523370356137555e-01,8.873099023134608521e-01,2.494101370015127939e-01,9.047038115795984492e-01,9.003021462278938403e-01,5.102928014634400267e-01,6.003965142133714794e-01,9.924127748094548895e-01,5.764673720615539620e-01,8.772337422315984456e-01,9.925112796687061145e-01,3.842044320534789836e-01,7.330641915541724618e-01,5.507323422767962384e-01,8.118907184274929412e-01,7.433417259091708029e-01,5.148367081331809425e-01,4.078720069407798521e-01,4.580965060286957269e-01,2.949101197585204392e-01,1.692190676591327422e-02,9.137434921953039302e-01,2.190275769652407223e-01,7.013799011328901711e-01,6.904509729001633289e-01
9.618978949164586068e-01,6.237298136024248540e-01,5.903493712115993608e-01,9.834100468657777094e-01,6.308161224241805032e-01,8.471771825493843444e-01,4.608180292057979521e-01,8.414003964851667350e-01,9.366681085818688857e-01,8.450995932530485089e-01,6.998916183234916710e-01,6.441707558936686784e-01,0.000000000000000000e+00,7.602012191274094555e-01,2.507442349547389093e-01,7.858789397182219805e-01,7.941466180839000799e-01,8.430240659611187848e-01,5.296546345816728341e-01,8.758743681632162881e-01,7.414556471877709054e-01,7.690700555575085140e-01,7.331430921977899473e-01,8.064263730085644566e-01,7.787557957390200958e-01,7.759405366594688269e-01,7.879272250993111237e-01,4.025379624444713755e-01,7.775559798259037425e-01,6.501494856309233406e-01,3.015972642957554517e-01,8.672413403949010835e-01,9.390625577285822700e-01,9.365818915938932676e-01,9.934092655336169697e-01,2.295719602468330178e-01,2.727477817055152243e-01,9.117598526596117914e-01,9.574232859828060160e-01,7.872428129868733748e-01,4.891223058826530412e-01,9.509665478370759040e-01,6.228609748751039454e-01,9.375409873513754766e-01,9.229393950376124645e-01,9.338974893013481937e-01,6.828577764413878981e-01,9.484365203099519581e-01,7.917945224600675402e-01,9.495962427857022048e-01,8.553043651376304179e-01,7.754092264750345187e-01,6.548388861783764892e-01,7.488840223410629937e-01,6.090740706720532138e-01,8.718212270048601997e-01,7.194152740303756399e-01,7.828581808026960909e-01,8.286164987819980565e-01,5.107394735564539934e-01,4.954086849589692254e-01,7.272513442432410047e-01,7.892049029321145381e-01,8.956989833528797851e-01,6.539184449713935088e-01,9.800195327308059978e-01,5.168038461822908047e-01,1.739906974345893365e-01,4.313709608758988789e-01,9.818453119999894785e-01,8.614990414091044935e-01,4.236697107316560879e-02,7.155865192200505653e-01,7.373391791900221204e-01,6.845327292584507672e-01,5.428834479823105991e-02,9.436463609487970583e-01,9.825991820161074086e-01,4.360553707931140166e-01,3.197384742493433185e-01,9.254367350709603590e-01,9.547257958200286998e-01,8.125891599486863015e-01,4.010390603798636433e-01,8.802726001039579140e-01
9.013407066207934637e-01,8.435184577678256357e-01,9.498454359546458781e-01,7.775576595983868522e-01,6.483544640275534787e-01,5.829716526441138802e-01,4.974025194294455776e-01,8.638045962027229852e-01,9.321295304906471735e-01,8.412123573147688438e-01,4.603173488577571026e-01,7.657524532939671280e-01,7.602012191274094555e-01,0.000000000000000000e+00,7.933341990377695829e-01,8.723420428602932652e-01,9.844852473154935835e-01,2.036456637602748407e-02,4.443850803947173578e-01,9.041425438496223377e-01,9.086538045390120111e-01,5.959891968556805253e-01,8.068516808524451855e-01,8.762448943249488975e-01,4.381164528466097718e-01,8.946711980314221435e-01,6.956966822799215411e-01,6.699164912165979091e-01,3.431495140159248614e-01,3.445735195878844026e-01,7.257738473741699448e-01,6.190360888350276980e-01,2.717912088395825210e-01,5.225271905667867589e-01,8.420840553566072417e-01,4.125705153166195349e-01,2.289266504986383066e-01,2.748968608415640683e-02,4.412506613542106493e-01,7.246645876023266597e-01,8.882994237257498815e-01,7.897243614343005813e-01,5.102442987462637580e-01,8.792489975591242235e-01,8.413168213519364169e-01,5.736800438539437774e-01,6.683730675451318159e-01,7.372734768369048064e-01,7.424495843702546560e-01,6.529443352048015514e-01,6.631617889205564387e-01,7.770442263038117581e-01,6.241073112883115392e-01,8.069329950000644347e-01,7.869872961600649086e-01,6.353520686213157687e-01,5.566064612381471655e-01,8.615340071508481579e-01,8.222114886468607775e-01,4.878680571332579818e-01,2.631179744905280948e-01,4.174080996325133519e-01,8.929266933664248285e-01,9.407153154977482279e-01,9.502053169814840272e-01,8.959326069447464125e-01,8.229112600993798710e-01,6.204884568626186647e-01,4.778115205752740957e-01,4.571165931157339934e-01,7.001804947309857585e-01,9.525925817768854387e-01,3.434784758143819561e-01,3.496569873062599920e-01,4.360629892522646101e-01,5.071622912351435586e-01,9.716143517771939075e-01,7.062762511848379443e-01,3.585512794795948643e-01,3.545410291943030812e-01,6.344148982584040253e-01,8.267988461638356990e-01,7.628195374678036211e-01,7.621166761090045760e-01,6.276034596892934303e-01
5.643302954226316892e-01,7.013989519342685997e-01,6.011884841228244403e-01,9.176946397169679637e-01,7.815092991333373318e-01,4.355193965064281802e-01,6.609477463443557133e-01,5.891306310209856179e-01,6.551823973082452346e-01,4.884277675860815293e-01,7.558597600533192296e-01,5.159965044263842282e-01,2.507442349547389093e-01,7.933341990377695829e-01,0.000000000000000000e+00,5.194361387960713117e-01,6.870341689993637591e-01,6.283240309619465558e-01,3.493838098347711307e-01,9.282425603833142080e-01,6.372643631222845162e-01,7.577246747610928423e-01,7.978668402649866653e-01,9.697642151509602293e-01,6.852945540842280137e-01,7.840901877950099408e-01,7.836565306392130337e-01,4.156137276735521469e-01,7.176346881871882299e-01,5.545117486255790595e-01,7.172521284814628584e-02,4.375399411958413864e-01,7.701729313361075357e-01,7.650059240447736331e-01,6.584565361166501152e-01,2.013920100074854669e-01,3.544390203885030427e-02,7.905984221343269613e-01,2.286746641076302933e-01,9.740305932274033740e-01,2.620210475370307046e-01,8.330386483570215717e-01,9.820053006400168982e-01,4.966327834001703079e-01,8.711650422915986347e-01,8.307212301579207647e-01,3.936881663158303679e-01,9.761371411138239917e-01,7.657964615080349313e-01,7.367495829361129234e-01,9.372091834052099779e-01,3.725763014575522725e-01,7.306851201875380619e-01,8.628733665801372466e-01,8.789264478955062243e-01,7.693352369328813056e-01,8.396644049254662345e-01,9.618307092891873467e-01,7.926081651096028580e-01,8.434477645986901972e-01,8.266663347297558140e-01,7.146336002763612472e-01,6.357041480227897390e-01,7.800908330474183305e-01,8.904542023593172706e-01,8.764357612063191638e-01,8.781578015950270988e-01,9.184096811361878165e-01,5.736127554633665415e-01,8.210456274495435691e-01,8.819257521853130638e-03,4.530361569987341741e-01,8.615155494419109994e-01,4.217220840353768097e-01,6.653152037329383983e-01,7.480128577232524334e-01,6.553501614842099920e-01,2.229015138282651465e-01,5.830938948887188777e-01,2.505655860846243699e-01,6.561406807352703208e-01,8.945495095739380842e-01,8.245488969831394899e-01,9.162145566691172194e-01,9.803412706433656254e-01
9.495693231761569431e-01,5.622701470788431521e-01,8.167952112951513133e-01,6.290639645074864728e-01,8.333266398560399413e-01,7.740175075975940233e-01,2.804142811582415185e-01,6.834636108977364399e-01,1.322123275252273522e-01,7.543147551420837926e-01,6.886207846603282778e-01,9.059172100194553545e-01,7.858789397182219805e-01,8.723420428602932652e-01,5.194361387960713117e-01,0.000000000000000000e+00,4.254978353944608993e-01,7.976817995932485861e-01,5.954936182374557241e-01,8.409786588517854655e-01,4.204090521005105496e-01,7.599535494038257566e-01,3.128108340533625187e-01,8.201542024384900209e-01,7.436051924320823403e-01,6.600995632076664954e-01,7.358387172576153108e-03,5.183321257533574089e-01,5.566677345556049206e-01,4.460119622534083894e-01,8.822867021828659784e-01,3.136535943451777553e-01,8.948676805685849001e-01,9.500583131289570549e-01,6.371702548191867654e-01,3.623634850001055674e-01,5.867471738531180453e-02,7.629538241427726852e-01,7.628214415165391893e-01,9.898796610818294539e-01,5.482923866013165171e-01,5.876756030367851213e-01,7.886583041897717861e-01,9.275801477952759777e-01,8.518419728718247264e-01,6.086668320133206134e-01,6.410937788907660195e-01,-3.603981346129291885e-01,7.707272260314058654e-01,5.658627613814976032e-01,5.167888556228837915e-01,4.671172695682371256e-01,8.645463669682483809e-01,9.354454321529670491e-01,7.188838238053606444e-01,4.306093716751138167e-01,6.903928291232178660e-01,8.363613777910135216e-02,8.278939484855187825e-01,7.274677652515023629e-01,5.436715046372392335e-01,2.194897088920876871e-01,7.099936689476588070e-01,1.486136713419223924e-02,5.976563122367044567e-01,6.357795418916696306e-01,3.296457265934781278e-01,7.573994133028018050e-01,7.554411883461616961e-01,6.713754980290772556e-01,9.560374130045237173e-01,9.567601025161371897e-01,3.305407864127816731e-01,2.120505798114225571e-01,6.538433612004246331e-01,4.120006867208101387e-01,7.637905584401749604e-01,5.559607483678259410e-01,3.709887797300665535e-01,3.552988192814738877e-01,5.812072045918019736e-01,5.972070710258727821e-01,5.974984161159577756e-01,2.790938246969996706e-01,6.223643903700882829e-01
9.045694530431911407e-01,8.048798555462914894e-01,9.142964253203926805e-01,7.714763844534878734e-01,6.968754738444219443e-01,8.117731710705322623e-01,7.645313217520397497e-01,9.283711041495692484e-01,8.203195576880478734e-01,9.440597314175814825e-01,4.329253103397595615e-01,4.359410043387053069e-01,7.941466180839000799e-01,9.844852473154935835e-01,6.870341689993637591e-01,4.254978353944608993e-01,0.000000000000000000e+00,6.457469551339752867e-01,8.468789313103946004e-01,9.324891242542591163e-01,8.910724472818127850e-01,8.804467548449896874e-01,8.126725960425797979e-01,8.899131079712810921e-01,4.426289349486767222e-01,7.799595035805426679e-01,6.538938429511978456e-02,6.381894488404044052e-01,6.146908237585507750e-01,4.338671946995615314e-01,-1.453117269994346483e-01,9.530233182870722075e-01,9.109545181659350899e-01,7.756891382489660147e-01,9.914200889918241000e-01,3.219410327396009519e-01,7.710447980174226501e-01,4.028349006568073265e-01,4.157284624444904098e-02,7.837312048226471317e-01,9.508395130229595205e-02,4.562198185429498509e-01,4.756797130948130503e-01,9.506162165010949572e-01,4.188474823735959252e-01,5.625886237063071338e-01,6.108222487875405449e-01,9.189769074888058942e-01,2.419927242504584797e-01,9.139218523789808257e-01,6.809404635910000225e-01,8.580132676000711278e-01,3.256559197023100038e-01,7.156934746996591601e-01,9.806632932599685937e-01,4.144779386055120196e-01,9.944133275349431589e-01,6.643928799555740561e-01,6.818407494400631208e-01,2.561363028089542193e-01,4.429238462914206753e-01,6.633186955486107816e-01,7.881001558531450790e-01,6.025006683089257908e-01,6.643415826895158194e-01,4.907144915177356626e-01,6.609509841625280657e-01,5.824088447867619145e-01,6.031648349288100119e-01,8.116671957324392839e-01,7.206906672303050598e-01,7.152455704484090848e-01,6.335339778642856690e-02,6.820640159887201293e-01,5.296103088224018984e-01,7.446848309590679005e-01,5.480427844030649753e-01,8.034374891872274604e-01,2.494554037383502343e-01,5.773523175351731318e-01,3.036447801489772780e-01,9.864444916356809312e-01,7.360862716482149404e-01,7.907528424709759918e-01,6.803704985862171206e-01
8.417472832940489091e-01,9.955389781062689014e-01,9.701967043181821682e-01,8.887282103986745563e-01,5.953330057462020708e-01,7.268991921538437984e-01,3.921371171938177191e-01,3.430588206727770428e-01,5.375537418008999868e-01,7.692735912929197228e-01,7.550400616284450583e-01,8.594608762279197789e-01,8.430240659611187848e-01,2.036456637602748407e-02,6.283240309619465558e-01,7.976817995932485861e-01,6.457469551339752867e-01,0.000000000000000000e+00,9.678557411298002178e-01,7.917481385715632869e-02,6.348169567878900743e-01,8.998192624889700397e-01,7.454249737911869955e-01,9.329260195562322222e-01,5.985363817685730448e-01,4.101027903477524883e-01,6.469208665043910678e-01,5.826986682898436243e-01,7.786298652315097879e-01,4.803263006751979369e-01,4.016973361265948061e-01,8.809751681623216868e-01,4.912930878409293989e-01,9.687681584577536587e-01,9.592449497424253568e-01,4.167533894006841266e-01,5.921601522419268626e-01,7.890590508577990381e-01,7.825195382362291063e-01,4.487427173211836484e-01,4.120119226270195778e-01,4.054746742008866200e-01,6.103204102414311327e-01,7.756787120141660496e-01,9.375678350899714353e-01,8.116602599840193610e-01,6.921522160324364847e-01,4.504851526627421388e-01,8.455700093079759894e-01,4.416522281491335744e-01,7.870945045636357218e-01,4.118907212206406876e-01,9.732651696025148569e-01,2.302903655708256336e-01,5.611597995404610240e-01,6.417265833528633667e-01,7.234115354988791546e-01,7.017918421290838538e-01,8.995153801093875856e-01,2.571333142537974847e-01,7.673564859323039888e-01,8.607327589535905821e-01,2.542152742602669102e-01,3.760915655341794950e-01,8.028919440777312344e-01,6.395511897097337917e-01,8.048413850887601306e-01,7.150692080191444200e-01,4.461424043679506624e-01,6.657894761339487877e-01,8.491726109662255384e-01,6.316926080037720270e-01,5.562129325577240824e-01,3.000427354315661765e-01,7.230358448939411264e-01,7.710207384491409854e-01,9.189613592226710814e-01,7.118239096127569887e-01,1.633311621416277948e-01,3.548789394235457029e-01,4.429949669916793953e-01,8.079384703429498549e-01,9.010664210963547083e-01,2.671228401884135351e-01,5.134970770436576570e-01
