0.000000000000000000e+00,7.122075260940343711e-01,6.328911041966466255e-01,8.689533841872263409e-01,9.848708157463743618e-01,8.919827736661163353e-01,8.582996638765804098e-01,7.752251556459274218e-01,6.849625492764174206e-01,9.022849598023553463e-01,9.664397728945114396e-01,2.030424526943255814e-01,9.892945903500323102e-01,7.329680675714681515e-01,6.078370526168429544e-01,8.207894684348358005e-01,6.302933361316174210e-01,9.073232220856332075e-01,8.548799844488861321e-01,6.749777793555782335e-01,6.966156265406622250e-01,6.075418179613073510e-01,9.326604954263600922e-01,8.569816070095870320e-01,7.501147217453237870e-01,6.660407942578335794e-01,6.705820914656488441e-01,6.032251409099417261e-01,5.021521885057428358e-01,5.103059134709196920e-01,5.453284517550288646e-01,8.228252282930916817e-01,6.679846899709996899e-01,6.657589795807210553e-01,7.895120779718358683e-01,6.537853740496055721e-01,2.745641898033519546e-01,9.097755266187034229e-01,5.923757855636196945e-01,9.827175479967181770e-01,7.510497204181691977e-01,7.161972593362585515e-01,7.769532231276858880e-01,9.872953675214859448e-01,3.391884449821597203e-01,5.961796618350795329e-01,7.758946665957466848e-01,7.194052006871840543e-01,7.491441066689834560e-01,8.410283186779223819e-01,8.489998088177708180e-01,9.249923535426674004e-01,8.550926617142107222e-01,2.598175459498142104e-01,9.130972498689259309e-01,8.900516887053222526e-01,9.803496679338318254e-01,8.810366783276158964e-01,7.225756388618927994e-01,3.279243477181745803e-01,5.512825317236489386e-01,9.517081942365746006e-01,6.875865278340151932e-01,8.040173264121611707e-01,2.641661058883042479e-01,9.469829060362509043e-01,8.654018643282024303e-01,5.765381595893011024e-01,7.169164117217269316e-01,9.600451192338383954e-01,2.394457823305964350e-01,6.251870333529615520e-01,7.265072182893490549e-01,5.236032172511306815e-01,9.981807614344231361e-01,9.304874302587807788e-01,9.978891742808606580e-01,6.863797824223650812e-01,3.603974987882985759e-01,4.519528669184408320e-01,9.116372462597891468e-01,8.040695882485435764e-01,8.967658465022797509e-01,2.748108510569305940e-01,9.168267427129200842e-01
7.122075260940343711e-01,0.000000000000000000e+00,5.816523753635480798e-01,4.411242984408224044e-01,7.497120384252871084e-01,9.960405944905377229e-01,9.631979617133744620e-01,6.863543672710777921e-01,4.771388936343055054e-01,5.836603897739783831e-01,7.828641518849727143e-01,8.033410027269051179e-01,8.433060094719743160e-01,9.595466757499840904e-01,7.802134563051797977e-01,6.276944432304613075e-01,8.509600224424392900e-01,8.318315281555314078e-01,7.402496028428060537e-01,9.851074082039512625e-01,9.268658724179188457e-01,6.278941888308323671e-01,8.280367982656871018e-01,8.351213568802625664e-01,3.364338663574062971e-01,5.000098598553547324e-01,8.087314167109003193e-01,7.041345887635931389e-01,5.306604696153424117e-01,2.250163102435012719e-01,2.631593640216619567e-01,5.939305452645601280e-01,9.319607620445908847e-01,8.146766671541881555e-02,6.966601019544492734e-01,7.374402456716993015e-01,4.651063744199175898e-01,9.552488731441309833e-01,7.998882821637958163e-01,7.938609301969501431e-01,2.634194699038827636e-01,6.129854676988329976e-01,6.777671009423070769e-01,8.042201612025585700e-01,9.956857740205188323e-01,7.085125398471651126e-01,8.350898889032771777e-01,6.351917086634013554e-01,5.333174773420494841e-01,3.469588314031015752e-01,4.100236897832875704e-01,1.046290511422187097e-01,8.260074455248198610e-01,8.685314454809903717e-01,8.583366008426890348e-01,7.179184505513560577e-01,7.543019349267289231e-01,5.800754339122399239e-01,8.162797025577875898e-01,7.520763745143900225e-01,5.987480577880452959e-01,7.806832463281010437e-01,9.191083062682271487e-01,6.140645614101083449e-01,6.503045223795369534e-01,5.845236055098479433e-01,9.428837388015617327e-01,8.657283225719158981e-01,8.965108222497940593e-01,8.143092593765548504e-01,9.412365647349617559e-01,3.202815678212896922e-01,7.337946750060142520e-01,7.836193692139739042e-01,6.088956153797187021e-01,9.182299427067971420e-01,7.998387953933148165e-01,3.229821880751961721e-02,8.973835638646028290e-01,4.644628158724165012e-01,4.622027147803898783e-01,7.899788266544329751e-01,8.891645975109544464e-01,4.117529515970457243e-01,6.080741090774736124e-01
6.328911041966466255e-01,5.816523753635480798e-01,0.000000000000000000e+00,7.030018203383064934e-01,9.585215510064037936e-01,6.465710343138750815e-01,6.556497703550911993e-01,9.316410250321663922e-01,6.840717077458349227e-01,9.546225112220133591e-01,7.504796512992867319e-01,6.820300379172322680e-01,6.913554333403106877e-01,7.219965035276073584e-01,8.467908657846470177e-01,4.073034227881874858e-01,4.375480681373665748e-01,8.705203561387573341e-01,6.783406559780624789e-01,5.044352910348591790e-01,8.281554304814008338e-01,9.012426401095893214e-01,7.506860981871308347e-01,7.183067116651790096e-01,9.990640574729259260e-01,4.599146618326868108e-01,8.564671516400430562e-01,4.730285769886833358e-01,7.411850397130060886e-01,6.510690077124496877e-01,7.962512926871392338e-01,8.131326390040548580e-01,9.759638329032157555e-01,8.449764571427003101e-01,8.804407811444924237e-01,7.558233745852802610e-01,2.206060092919984172e-01,9.118750614654943520e-01,4.659035456692864896e-01,8.661957311974669560e-01,6.375188388213072210e-01,7.127441760138507609e-01,5.855706662106890947e-01,4.708705744355426437e-01,9.931548298494790039e-01,9.985261457144204433e-01,9.021261551768022802e-01,9.910736388719927348e-01,3.367190330419527200e-01,1.336328431321283372e-01,9.202149655899883873e-01,3.974625574610203271e-01,9.385520041297676919e-01,9.487349549093647694e-01,9.079876568440600204e-01,2.643394584878990816e-01,9.971467263067423925e-01,6.658602629647952797e-01,4.376561310162960794e-01,7.082358717144087157e-01,6.143624025480476369e-01,7.393693664749432237e-01,7.731048981645836093e-01,8.749690637492342216e-01,9.895772025051585707e-01,8.817142273569198441e-01,8.038947541553654874e-01,9.973061323235528075e-01,7.162439128363746743e-01,9.281548175560681013e-01,9.477940017222945546e-01,8.216842226437393037e-01,2.586559653325650743e-01,6.033052656349929821e-01,7.594374545562037060e-01,9.816655424108885475e-01,6.966063877559737216e-01,9.115835843981849873e-01,4.939331855740711208e-01,2.477692212225786061e-01,8.315772724151965223e-01,5.730643705855239523e-01,9.924399877994503072e-01,8.551419271726617977e-01,9.324118082445997935e-01
8.689533841872263409e-01,4.411242984408224044e-01,7.030018203383064934e-01,0.000000000000000000e+00,6.781848674292754175e-01,8.744430089800888650e-01,7.996308926094433112e-01,7.898854441142272309e-01,6.352953468198977438e-01,9.996067548037348427e-01,7.643730722246715459e-01,9.101422241207616226e-01,6.059061167321765362e-01,5.644264130380238775e-01,8.861799874518280218e-01,9.525505548660865296e-01,6.977225061305238896e-01,9.168965113244287313e-01,2.789184235508642695e-01,7.307092819046498988e-01,7.361351861637728256e-01,4.106055343530622403e-01,7.188567679148563094e-01,7.416934026175759920e-01,5.843888614384386004e-01,4.102020864015316626e-01,9.449052761165220859e-01,7.006892016045055405e-01,5.738741561662942248e-01,-8.999976322888958435e-02,9.034040490132347334e-02,8.490756383256631290e-01,8.879883748457366721e-01,6.460132725010606647e-01,6.732886094345453820e-01,7.959612408629372915e-01,2.813082127236796182e-01,5.318949763951108523e-01,5.501634403499684467e-01,6.975805351841358748e-01,4.600987764266131208e-01,7.176503736012525003e-01,8.521230328374735929e-01,6.339956317809686270e-01,7.917239612188047282e-01,8.479387859450212561e-01,2.402490448782181598e-01,6.441637246144893414e-01,2.431440008538189035e-01,6.072449495163955158e-01,9.082281045559005284e-01,9.971512507022797234e-01,8.398784531547227594e-01,4.537923401840830429e-01,8.192221424917162098e-01,7.742270523696842544e-01,3.367118482377867011e-02,9.598873286109514957e-01,6.104865220381865409e-01,4.480264228046358377e-01,5.549467897550096618e-01,6.619567506586582217e-01,8.997312289652459327e-01,7.490552036454783957e-01,9.837818722922397896e-01,5.709457534441481075e-01,8.724935813292017395e-01,7.398390452041325727e-01,9.693371131046074618e-01,8.087024707684140612e-01,2.965186402476725491e-01,6.930583299677696152e-01,7.412564352842665460e-01,3.535149289725945665e-01,7.046450416615736012e-01,7.562068353391507847e-01,9.581980054463721252e-01,6.395732065074228867e-01,4.126497502969999620e-01,3.671289582441560340e-01,7.704414215765094109e-01,4.739035673617582600e-01,6.242967093357167929e-01,5.433590963774271865e-01,6.057105979423370590e-01
9.848708157463743618e-01,7.497120384252871084e-01,9.585215510064037936e-01,6.781848674292754175e-01,0.000000000000000000e+00,2.818588448789449141e-01,6.378754984221232105e-01,4.880665377997931986e-01,6.258438850894323391e-01,3.598412057862470093e-01,9.375382282925844857e-01,8.433910840104056339e-01,5.095187128758339457e-01,8.740386522119282242e-01,9.580848961743555492e-01,7.981612527630852494e-01,5.221487400183143501e-01,7.958129961293713972e-01,9.854782448646939308e-01,9.850832365121122702e-01,9.015196289414284525e-01,7.868490269836648787e-01,9.517466008278502310e-01,5.589513959237083496e-01,7.983924096831493955e-01,5.235068656820656141e-01,6.786702812558363940e-01,6.772004798475619314e-01,9.440485272469743006e-01,4.069560810839139564e-01,2.143967402323093963e-01,4.736340808174464012e-01,8.667105576888882723e-01,8.053408044164113155e-01,4.740863098056095071e-01,5.006773696227631021e-01,4.971777498769607284e-01,1.826660868187162945e-01,4.781678506207830415e-01,6.814625549566196705e-01,3.760412491993939121e-01,5.179477580590632346e-01,7.898663015642684027e-01,9.506400056431170420e-02,6.519277247426003008e-01,9.087250201842576036e-01,6.798492685018131532e-01,6.463486403520648516e-01,8.935129784605481129e-01,8.917143560871100272e-01,7.781790485267087165e-01,6.694598192872605047e-01,6.136815966178712500e-01,6.860988326083625743e-01,8.705499047256529677e-01,7.721984094675953259e-01,8.751970796677883691e-01,9.675648505700593649e-01,6.406169360117314193e-01,4.860973443973088393e-01,3.234925036447423019e-01,5.155688094653693154e-01,3.828439617505631221e-01,9.297741585747036908e-01,9.981846512135834626e-01,9.800636274738732112e-01,8.011089967425032432e-01,1.117471836435806332e-01,5.769287400085693074e-01,9.524875785371210712e-01,6.143850621614947993e-01,9.540652488953985655e-01,5.122279339734758796e-01,4.902364664710708309e-01,9.942730517847117033e-01,7.503641458309739942e-01,8.484145255332891100e-01,6.609486882773855099e-01,5.930785620570171446e-01,1.427946959997787937e-02,9.878099977290595302e-01,5.207848575030200600e-01,7.030620240793598041e-01,6.783289003111827586e-01,6.956857123736269743e-01
8.919827736661163353e-01,9.960405944905377229e-01,6.465710343138750815e-01,8.744430089800888650e-01,2.818588448789449141e-01,0.000000000000000000e+00,5.346437140935773602e-01,2.402090297670396168e-01,6.441197709323819298e-01,4.595893521154409411e-01,9.141571730631440351e-01,4.290948072226100640e-01,8.412207178286439380e-01,4.599349393538443853e-01,5.687921213655532382e-01,4.968514399575848506e-01,8.851446141269730949e-01,8.189161071184305474e-01,6.207797316658859588e-01,9.389016891264243547e-01,9.995763936772733560e-01,7.049652947391383817e-01,9.806729452912210654e-01,7.147931987024584988e-01,7.253211686326120899e-01,7.522728227847872429e-01,7.227911901079027146e-01,7.379260521631157976e-01,7.406992897270323617e-01,3.802301259451897342e-01,4.534221803313607801e-01,6.994160650184825245e-01,5.609561034719205974e-01,6.718186387083238120e-01,5.414291320565037813e-01,4.111630161720989385e-01,2.696582872273664000e-01,6.054529122098436522e-01,7.644931491432251924e-01,7.023028418356739300e-01,4.548308072237645105e-01,8.387465269597771389e-01,7.148184582081020810e-01,7.730425406169243452e-01,6.554607797290291638e-01,7.382566377086586806e-01,9.964547980058175991e-01,7.719103693660278598e-01,8.403571909650631166e-01,7.726732107944410677e-01,8.581176960106255969e-01,4.922515835476629631e-01,9.742134979357264246e-01,8.113518515488056249e-01,6.376017056459897248e-01,8.037544092118175110e-01,6.685359185260684178e-01,9.019651469127289989e-01,4.572431307387597177e-01,5.420289072453816637e-01,3.301177087903163221e-01,3.756193770602120896e-01,6.550382982884441763e-01,3.508953045201705923e-01,9.274467547645235399e-01,4.769970248066632279e-01,2.016588875200271969e-01,9.088017642707307830e-01,3.189287660095310173e-01,7.818156920007452992e-01,7.241965360253261874e-01,3.685025709244007519e-01,2.923781335608879525e-02,7.835446487729148535e-01,6.895331576812883112e-01,8.311992881998271354e-01,7.043759649793573940e-01,8.159977849821234974e-01,9.736324980810774354e-01,1.252279682744826539e-01,3.881257517910135513e-01,7.245305749005375162e-01,6.027302147770694507e-01,8.175099360503120804e-01,7.913654878487761390e-01
8.582996638765804098e-01,9.631979617133744620e-01,6.556497703550911993e-01,7.996308926094433112e-01,6.378754984221232105e-01,5.346437140935773602e-01,0.000000000000000000e+00,7.860263091398476121e-01,4.365705717097156935e-01,3.908173138083063658e-01,8.375767409987510126e-01,9.450427808676796770e-01,7.434160492642117868e-01,6.592173917020854867e-01,7.223358338793794964e-01,3.311163444498937958e-01,8.104736744218249411e-01,7.806535399326597346e-01,7.207149056565488321e-01,9.316418649833881904e-01,7.749127463511906733e-01,5.880353196675613958e-01,5.792677957090198726e-01,9.376487121823993132e-01,4.062981426211002001e-01,4.748535165119871504e-01,7.086360740469915820e-01,5.737003547765640032e-01,6.828697448175566898e-01,5.695154930808173921e-01,4.740579340797623775e-01,5.494371359689554923e-01,7.133685460523934152e-01,4.904328740839825063e-01,4.383517910236596760e-01,5.485584591573026136e-01,7.342471652155393436e-01,3.625082656316619412e-01,9.807730433215258170e-01,7.945243976500679928e-01,5.113846913875760292e-01,7.868045434604927779e-01,6.187894610564029785e-01,4.857237294025000263e-01,8.266693052953008047e-01,7.067088000031418460e-01,7.583727456683889701e-01,9.496652166568922970e-01,4.611077643714531771e-01,6.576432477317889491e-01,9.502885359356998407e-01,7.438854928309113212e-01,6.898045506500570800e-01,6.910108979054558898e-01,8.873694183209490660e-01,6.921935264339270644e-01,6.370196477389464818e-01,5.537586034248941358e-01,4.192311583929245744e-01,7.120667782273278901e-01,6.165871238127120790e-01,2.389638692093403183e-01,5.621583412005992653e-01,8.628115196246872731e-01,7.326239106678716917e-01,7.678264184287630911e-01,2.176474001795464519e-01,8.221996725530263950e-01,5.936085247132804055e-01,4.630214729644123173e-01,6.570224910600908075e-01,2.919530909082226899e-01,3.318898118427313637e-01,6.593877778291455938e-01,5.380025072750761472e-01,7.947420703335226211e-01,5.970641315721066933e-01,3.435242941475187273e-01,6.294010609484746999e-01,1.384158433738962857e-01,7.557865484364836295e-01,7.191584054712427676e-01,2.576417715937857067e-01,6.461284030700787939e-01,5.012777738854632403e-01
7.752251556459274218e-01,6.863543672710777921e-01,9.316410250321663922e-01,7.898854441142272309e-01,4.880665377997931986e-01,2.402090297670396168e-01,7.860263091398476121e-01,0.000000000000000000e+00,4.503134461962905455e-01,5.733557072069380700e-01,5.102953358512066773e-01,5.393535402353942798e-01,8.212703025725786032e-01,7.259816810039381174e-01,9.480923738377853294e-01,5.841893494252281549e-01,8.130878567740805751e-01,4.836168725856514472e-01,9.796513559753198264e-01,9.544861033317821875e-01,6.801924532393628375e-01,7.313392349349955301e-01,6.485735974874378140e-01,8.018028406646520168e-01,6.935992325609819931e-01,3.833524347730105086e-01,5.146505657453553928e-01,9.028464049068194441e-01,6.276127824063809646e-01,4.629811351797711305e-01,-1.765412276132094782e-01,6.227629245991049833e-01,6.706306589890449477e-01,2.104343444965196264e-01,7.451896727095982387e-01,7.288469014473424323e-01,5.068720998714157933e-01,6.474869979339588077e-01,9.824095216227034522e-01,7.087570843944864807e-01,6.794121223948130783e-01,6.820537322061878127e-01,6.758416615428991525e-01,5.825035058097617346e-01,8.177055882367849637e-01,5.672757967695082337e-01,7.565595924170659403e-01,6.728640398364334196e-02,3.394057568549718740e-01,8.136823199274985097e-01,5.888075196016819834e-01,7.289246621641490842e-01,6.633762968632683776e-01,6.034532513374133433e-01,8.476854703387112222e-01,5.085776167250248836e-01,4.704290289573148653e-01,4.600460032292548740e-01,6.777999746111945667e-01,6.131030272387447688e-01,6.385744882240994569e-01,6.853176316864746376e-01,5.704099304449488095e-01,6.061177510869216745e-01,8.490703834869748334e-01,9.352786413667777410e-01,7.384371913354512706e-01,8.683902927396210947e-01,7.238682294651860305e-01,5.946509976046989721e-01,7.198473226402365421e-01,6.545591857301802374e-01,4.093525147713530932e-01,4.132850748370437421e-01,7.457630935655985560e-01,7.257563876533985603e-01,6.441905744610260109e-01,4.652194397491989930e-01,4.273607209764093695e-01,5.206004616260158091e-01,8.933849243224131209e-01,5.840879511321557249e-01,6.051604273849134907e-01,1.802515812968281950e-01,6.705945393368726304e-01
6.849625492764174206e-01,4.771388936343055054e-01,6.840717077458349227e-01,6.352953468198977438e-01,6.258438850894323391e-01,6.441197709323819298e-01,4.365705717097156935e-01,4.503134461962905455e-01,0.000000000000000000e+00,6.371933155176430219e-01,1.714264054109313484e-01,4.816329968611700041e-01,8.788933936567417948e-01,3.512172138665207166e-01,7.758572161864003558e-01,8.697699156136345922e-01,4.882305757999615969e-01,9.524339220965314379e-01,7.881056680506843826e-01,7.854419467138515909e-01,9.520108928843538099e-01,6.032564156232157471e-01,4.766290268402723074e-01,9.686843130022313453e-01,5.784552088192027597e-01,4.013533123033180550e-01,9.707558432646037350e-01,6.731904016144719671e-01,7.994650604992750154e-01,3.422638220286131627e-01,6.965911341385840061e-02,6.461279750586320647e-01,3.414416446122787718e-01,9.928095872975295499e-01,5.039946534419296187e-01,6.244037025018539522e-01,3.774687937277499405e-01,3.468413169192719470e-01,8.053798547989196033e-01,5.931257572999695249e-01,9.918550626592670394e-01,5.794880802582214052e-01,6.292904412009762138e-01,6.620631796327417495e-01,9.634519207122372864e-01,7.850953646642682138e-01,4.546733328075131531e-01,6.892504954852857191e-01,6.212335631923451285e-01,3.506510212164287710e-01,8.763558304367178309e-01,7.144044038857669809e-01,8.611755498947801790e-01,7.932077137471873485e-01,6.406453131450556837e-01,7.726045585115183245e-01,4.000370167369632357e-01,6.246038571544011431e-01,9.224913461478868593e-01,5.695914859727398971e-01,5.180266163127520418e-01,2.052677425494713048e-01,9.957735614058139673e-01,7.920363594194292922e-01,5.125921701370372841e-01,5.522152663600052858e-01,4.171030286458588532e-01,9.848614565614710603e-01,7.101819013444722328e-01,4.150254908223973138e-01,9.736813681900455819e-01,7.153036044594697218e-01,7.784614120396982084e-01,8.377019638039222560e-01,5.991359524394438418e-01,2.583995464270810727e-01,7.027446229398057742e-01,2.448883503452309873e-01,6.660761151542291536e-01,3.665503375682459541e-01,4.546386633753587980e-01,8.165197829028464360e-01,6.543551591349412444e-01,4.105108410954990128e-01,8.415275087620235350e-01
9.022849598023553463e-01,5.836603897739783831e-01,9.546225112220133591e-01,9.996067548037348427e-01,3.598412057862470093e-01,4.595893521154409411e-01,3.908173138083063658e-01,5.733557072069380700e-01,6.371933155176430219e-01,0.000000000000000000e+00,4.834319381222907941e-01,8.661280384430580792e-01,6.751266460652454171e-01,7.384717273739239696e-01,7.029557305339690920e-01,5.473376959786946383e-01,6.736557154672402348e-01,5.856370041860083919e-01,7.355034251916333643e-01,7.659995320693602228e-01,7.000036770007470599e-01,7.470630655009921073e-01,7.427433901475901656e-01,4.500129733275861077e-01,4.706672320634892603e-01,6.889442887697491136e-01,9.480377785057596540e-01,4.632237251781626819e-01,6.956492198507643332e-01,7.609764644475154327e-01,4.719549440094988335e-01,9.156173000204360646e-01,6.351666573453561560e-01,6.138094175713765255e-01,8.522996907955606716e-01,3.673985755775183160e-01,3.295897618979353183e-01,6.217905090444092453e-01,8.961575900299719732e-01,4.057621524930870027e-01,2.018903119894637499e-01,6.965580259303968402e-01,8.616732847754776659e-01,6.205633234642046192e-01,9.308248546595090378e-01,6.942918489168427021e-01,8.734512112084213964e-01,8.012535496561551396e-01,9.660443869687375118e-01,7.207057995748678003e-01,4.733648058746477427e-01,9.274357026452497710e-01,6.917832012105747941e-01,1.437321831125898397e-01,8.330085982711706860e-01,9.708009213784488667e-01,4.058064254791935443e-01,8.175931731553564008e-01,8.526208481419884633e-01,4.111804289225641229e-01,1.238924472761368523e-01,4.108077181227368091e-01,7.689667563927801153e-01,6.367490882470966396e-01,9.021655071205731957e-01,9.472675929050143884e-01,8.397516331550741731e-01,8.893424531940133937e-01,5.209883611234370493e-01,4.308366687490319813e-01,9.748768730364967272e-01,9.057235581708120709e-01,4.411952582624246166e-01,6.666194999363562745e-01,6.289413795858581624e-01,-1.581871140498115058e-01,6.359283779826128136e-01,8.611801285397276962e-01,6.992745087178532382e-01,3.028408588723288108e-01,4.552145375909607550e-01,6.810205671835990460e-01,8.393973663728027113e-01,5.252688986640433599e-01,9.589650682814140348e-01
9.664397728945114396e-01,7.828641518849727143e-01,7.504796512992867319e-01,7.643730722246715459e-01,9.375382282925844857e-01,9.141571730631440351e-01,8.375767409987510126e-01,5.102953358512066773e-01,1.714264054109313484e-01,4.834319381222907941e-01,0.000000000000000000e+00,7.648302053327232786e-01,7.628197706444173054e-01,8.476799659423654987e-01,9.067561483593946647e-01,4.321187266716760567e-01,9.880023114422911146e-01,8.700205446901486672e-01,9.840623794187469686e-01,4.248103375735248211e-01,6.095739390135772595e-01,7.750207465540926988e-01,6.776942181681854249e-01,8.893611708549327144e-01,4.382634651664364389e-01,9.669319608996087556e-01,6.454581788057882630e-01,5.383726084294409020e-01,6.466636689815248307e-01,4.043932554503272270e-01,1.497272838914578685e-01,5.250899645842175278e-01,8.112424283440169415e-01,7.082585516027980477e-01,5.339879776470949357e-01,6.842498510760347541e-01,2.806833496066835076e-01,4.407676324972307214e-01,8.767736246891063567e-01,5.969347882034237163e-01,7.935693043175064965e-01,8.146918436362823313e-01,8.421505360655219263e-01,4.553788844459688567e-01,5.160126362205378348e-01,2.499621599741138622e-01,6.422081246264444987e-01,8.132951604937489476e-01,4.754422303971160835e-01,9.397679399318152882e-01,4.446456800043581681e-01,2.868024303288186361e-01,7.254642073302850491e-01,6.192116599023032020e-01,4.650823108656030880e-01,6.374470806524610289e-01,7.993767720456127490e-01,7.603067244458872054e-01,6.170631668284793925e-01,3.257767465972504217e-01,2.175928654792813055e-01,9.100071906566337132e-01,9.486599751045281526e-01,8.014493909160126384e-01,5.382134263148684594e-01,8.958471160493155505e-01,5.720363016152657520e-01,8.210641481096121463e-01,8.304533964729973183e-01,6.948594590215853017e-01,7.114637503416075814e-01,4.586875856889633396e-01,4.490988570937927138e-01,3.205709069001718703e-01,7.942225171611789758e-01,9.729065047755244278e-01,6.585259126541092023e-01,1.348463867146439676e-01,5.972181746787004197e-01,2.359029979801870458e-01,7.928192793991049037e-01,7.933954532723723752e-01,7.266998546804849246e-01,6.942137664811200981e-01,4.431684568261405888e-01
2.030424526943255814e-01,8.033410027269051179e-01,6.820300379172322680e-01,9.101422241207616226e-01,8.433910840104056339e-01,4.290948072226100640e-01,9.450427808676796770e-01,5.393535402353942798e-01,4.816329968611700041e-01,8.661280384430580792e-01,7.648302053327232786e-01,0.000000000000000000e+00,6.110741927419197639e-01,9.891108165281583542e-01,2.621789817450812521e-01,1.676620654496235874e-01,9.694957949552726051e-01,7.314269515918325748e-01,9.463025331396461848e-01,7.647153360625926766e-01,4.817134637846783862e-01,7.164801605062676160e-01,2.450609825836054800e-01,9.435498110298462526e-01,3.855770647223927816e-01,4.179019264240239617e-01,9.012765343092674630e-01,8.965043418188175517e-01,5.413690789375399381e-01,7.992827004584708295e-01,5.198483724432383379e-01,5.440335071460014049e-01,7.083687264377240833e-01,7.340297501294157367e-01,8.875928745510749396e-01,5.322520505225468712e-01,2.143807585829182183e-01,1.788121753792999702e-01,9.902209037937574898e-01,7.285740479372513345e-01,7.167848724750875977e-01,7.626730675150756866e-01,5.349796815503919944e-01,4.973116753653340494e-01,8.619331550250146634e-01,8.223853043007529617e-01,6.334548303653499968e-01,5.492570521364960046e-01,4.767333179817351274e-01,7.626906051118058638e-01,9.434231783969858620e-01,8.072880516342665347e-01,4.436138245610333763e-01,6.510083757966422802e-01,1.423507418207643586e-02,6.298643791877361897e-01,6.683052973305270150e-01,8.177923295502498302e-01,8.237716063494906482e-01,5.394145498740884337e-01,3.897300217468205874e-01,1.559516430803847553e-01,4.326205987002880726e-01,7.913926394399881659e-01,4.665179490418402963e-01,6.986783822849623737e-01,6.523619744696118605e-01,9.378092028648749023e-01,6.508445967796316900e-01,9.311579813832907560e-01,2.327276835765863527e-01,3.946694165895017203e-01,4.207125741691620235e-01,3.726426649967314875e-01,1.608753612312088452e-02,9.766904475491334781e-01,6.909384691188517058e-01,2.116946219499119264e-01,5.935226903313306490e-01,5.244173488840492281e-01,6.945238894024995391e-01,7.466994576375062254e-01,9.983567012493479442e-01,7.266335061631994385e-01,2.480738925088750990e-01
9.892945903500323102e-01,8.433060094719743160e-01,6.913554333403106877e-01,6.059061167321765362e-01,5.095187128758339457e-01,8.412207178286439380e-01,7.434160492642117868e-01,8.212703025725786032e-01,8.788933936567417948e-01,6.751266460652454171e-01,7.628197706444173054e-01,6.110741927419197639e-01,0.000000000000000000e+00,8.411006833762022517e-01,6.070873538962335836e-01,4.733793484158084208e-01,4.131368448664745063e-01,9.756030891331000099e-01,6.322036744460333146e-01,8.040193305014707859e-01,7.401445028465686304e-01,7.913540974922292914e-01,9.784588021115798728e-01,9.153056197927708082e-01,4.044872695704254673e-01,6.022425674356315373e-01,8.852760766138882964e-01,9.495133434658058480e-01,7.387146737464165280e-01,4.557902329025143029e-02,5.886851153497849598e-01,4.980378047719469237e-01,8.421273775177864351e-01,6.271148193975674134e-01,6.823283703603724160e-01,5.682127194007935422e-01,3.006059250993635690e-01,7.543078078870393277e-01,5.976175393270282132e-01,9.736233289675516600e-01,5.402349712624883171e-01,5.572132728486658415e-01,7.668852916353637861e-01,9.736848550213023090e-01,6.410543649909961061e-01,7.214106346307906925e-01,8.215596877329675030e-01,4.868192772023166581e-01,7.827738551272029888e-01,9.482720322318749506e-01,8.281225796757071267e-01,5.051970545093834586e-01,6.925793904934683942e-01,7.720282723217269938e-01,6.062206129846362535e-01,3.414909165648353229e-01,9.217848943832147590e-01,4.146725339059694204e-01,9.612772596940952763e-01,-1.109139831140529969e-01,7.437418892189971986e-01,7.224184622737528372e-01,4.623273880981252359e-01,8.678511043112637768e-01,7.428369754392540880e-01,5.017919431164707955e-01,6.051991315299222185e-01,8.900844631563656906e-01,6.712136186619812595e-01,8.027113978416452467e-01,9.198376307996036783e-01,6.560162813103808110e-01,2.611702065818046758e-01,9.955360251693908813e-01,2.926268832892162663e-01,6.141431667447664333e-01,9.437489840452775169e-01,9.744964396722334277e-01,5.103241509210565408e-01,7.685443972958311276e-01,6.775892326103204466e-01,8.917335557231316212e-01,6.041608965739961867e-01,5.499092725650737146e-01,9.633371498075157247e-01
7.329680675714681515e-01,9.595466757499840904e-01,7.219965035276073584e-01,5.644264130380238775e-01,8.740386522119282242e-01,4.599349393538443853e-01,6.592173917020854867e-01,7.259816810039381174e-01,3.512172138665207166e-01,7.384717273739239696e-01,8.476799659423654987e-01,9.891108165281583542e-01,8.411006833762022517e-01,0.000000000000000000e+00,8.763994245278288187e-01,7.316446678399085579e-01,3.150688908815215683e-01,8.728418170482793448e-01,4.106011498517561087e-01,9.806954774423932708e-01,4.404238004016740593e-01,9.917533587772434656e-01,4.270648709515794672e-01,7.341070484921716766e-01,5.872123147685085476e-01,4.862462729062764222e-01,8.049419512562464574e-01,2.763323020372088767e-01,7.782218244418727116e-01,5.690289315719980756e-01,-1.084722643716908852e-01,3.593524275132633505e-01,2.191415347965138816e-01,5.228496184462502194e-01,9.075300805110148028e-01,5.267544837605683261e-01,2.234272740728323048e-01,9.667867779601622136e-01,4.758998732044284474e-01,6.529123461583077326e-01,7.345104305155942814e-01,4.080240099062273362e-01,9.238218706485565868e-01,7.638929168190676799e-01,6.573984468227913602e-01,6.275264952669965535e-01,8.925199139343611421e-01,4.600069011381642814e-01,3.434204715854188156e-02,7.358939474166903416e-01,6.845661799774906964e-01,9.023563594546893940e-01,8.966507369030822794e-01,5.791389865073900411e-01,4.995318702038481495e-01,6.710524635531871507e-01,9.534540620313705084e-01,6.625816655854257498e-01,5.584702544903422661e-01,2.411540577604791638e-02,2.191772431125383058e-01,3.472091096917582220e-01,6.430547110367792474e-01,6.379605131849909183e-01,7.375075155041980191e-01,8.421195757244571700e-01,4.927763488874649656e-01,9.354867740946826160e-01,6.663592050907426456e-01,7.021005896240757327e-01,9.657565688408511484e-01,8.478984598766644565e-01,5.833935971620197725e-01,6.547557496511886566e-01,5.162862193671614586e-01,6.016575914804527248e-01,6.409599829777328228e-01,4.511305972111336327e-01,7.662052367054297264e-01,4.852214049655504402e-01,9.499363592057904482e-01,7.625201758341535463e-01,8.235775593210215018e-01,6.325398221568508950e-01,8.905244515851552523e-01
6.078370526168429544e-01,7.802134563051797977e-01,8.467908657846470177e-01,8.861799874518280218e-01,9.580848961743555492e-01,5.687921213655532382e-01,7.223358338793794964e-01,9.480923738377853294e-01,7.758572161864003558e-01,7.029557305339690920e-01,9.067561483593946647e-01,2.621789817450812521e-01,6.070873538962335836e-01,8.763994245278288187e-01,0.000000000000000000e+00,9.521423270774215242e-01,6.495899288771721514e-01,6.928944783747077452e-01,6.730296756123835822e-01,9.558861100350177775e-01,9.973834738711873094e-01,7.124977346759382435e-01,7.220338035425810652e-01,9.194648855743546845e-01,6.236861744352105719e-01,8.315727824510688038e-01,3.006131371880685355e-01,7.710037354639858176e-01,5.680148447892980901e-01,6.774279663984981159e-01,9.168188728641685215e-02,5.854243403085237496e-01,9.904634452085452345e-01,6.700505737085148406e-01,4.716118513757115993e-01,5.698966210532282473e-01,4.496610229269030756e-01,2.775699372039303059e-01,5.408926948015794212e-01,6.418783569785320164e-01,4.504465254077570369e-01,6.623836390945263553e-01,9.255555050234751668e-01,7.670704816001714388e-01,6.091429659708808009e-01,9.893710997763740522e-01,9.381882595520216750e-01,4.026106547982909456e-01,1.510415109074935980e-01,5.672046665516863317e-01,6.449459734673052003e-01,7.883570829976137562e-01,-7.659866076465039753e-02,5.240447306514585124e-01,3.971784137124426683e-01,5.861569717018350056e-01,5.644116457820110844e-01,8.015321948566282995e-01,7.738944901391253683e-01,4.992631971817171888e-01,2.697123315578262570e-01,2.648383005131667578e-01,7.765900746861577053e-01,8.549834538559388797e-01,8.018350320649534346e-01,5.321841996880529724e-01,5.718702937882782500e-01,8.261165067080917801e-01,7.070136127811359472e-01,6.413430749634485561e-01,8.494692465626958455e-01,6.004453272486658388e-01,2.834318438811309071e-01,6.715483936612431926e-01,6.523537098153392444e-01,6.923169167512889244e-01,3.666633041811202531e-01,4.311014919103143272e-01,7.082808050968742997e-01,5.630142868541492263e-01,7.990917670270659690e-01,9.866887620901632072e-01,9.667129226252885177e-01,3.093276169776458806e-01,6.147133491071583578e-01
8.207894684348358005e-01,6.276944432304613075e-01,4.073034227881874858e-01,9.525505548660865296e-01,7.981612527630852494e-01,4.968514399575848506e-01,3.311163444498937958e-01,5.841893494252281549e-01,8.697699156136345922e-01,5.473376959786946383e-01,4.321187266716760567e-01,1.676620654496235874e-01,4.733793484158084208e-01,7.316446678399085579e-01,9.521423270774215242e-01,0.000000000000000000e+00,5.052363924499236880e-01,4.570690382402903817e-01,7.002379686566917449e-01,9.631598922579186484e-01,6.949790249920692053e-01,2.032849831329472390e-01,8.809743889513377280e-01,6.029439155238501824e-01,4.979965053461485325e-01,8.580998639239271197e-01,6.131026616958451525e-01,6.018036490630865876e-01,6.487497988501813584e-01,6.512641387296760342e-01,1.555986869490112723e-01,7.666834557015731466e-01,4.289634975358190827e-01,6.713668090301284641e-01,9.700216777990082750e-01,5.362884068127081738e-01,5.980159512038059066e-01,4.629781308435898524e-01,8.067482320006139629e-01,4.836260646144550090e-01,6.480585169875513474e-01,9.800069581342358838e-01,8.940340117376700535e-01,7.673595172741839443e-01,8.027653897836183328e-01,6.104324146639474868e-01,7.657271433451193765e-01,4.267920416640774706e-01,5.564689309860318955e-01,-1.629170083549302539e-01,4.432366809662424134e-01,4.374602735976566015e-01,8.691127202845972954e-01,9.917687998323112541e-01,4.763875211375390717e-01,4.366420517023000825e-01,6.889084105710148176e-01,8.045535447786628103e-01,1.095681726202041989e-01,7.032485310889795560e-01,4.276281117711733248e-01,3.939996986336425921e-01,-2.029164093674923064e-01,7.502692799107614219e-01,8.911736043450475542e-01,9.122629794576532225e-01,6.720118712321564436e-01,8.274278144822881931e-01,5.456860894057924405e-01,6.290679654066630988e-01,3.253417163878119522e-01,4.484530826981079632e-01,2.523682786289517255e-01,6.347538636057001860e-01,7.077026567083823938e-01,8.218316806165837374e-01,9.911313718121494976e-01,6.798153986876257493e-01,1.514348693613051799e-01,7.607855713219697780e-01,4.278553208628047000e-01,7.969329028836189543e-01,4.197969355451540152e-01,4.416705794892181181e-01,7.947755306408492704e-01
6.302933361316174210e-01,8.509600224424392900e-01,4.375480681373665748e-01,6.977225061305238896e-01,5.221487400183143501e-01,8.851446141269730949e-01,8.104736744218249411e-01,8.130878567740805751e-01,4.882305757999615969e-01,6.736557154672402348e-01,9.880023114422911146e-01,9.694957949552726051e-01,4.131368448664745063e-01,3.150688908815215683e-01,6.495899288771721514e-01,5.052363924499236880e-01,0.000000000000000000e+00,7.490404270541872744e-01,9.109882521292060886e-01,8.313847664866419462e-01,4.706451421130978807e-01,7.197766329642080185e-01,9.828042937404133372e-01,9.765163840632332670e-01,6.034101567195747640e-01,9.952430015621394066e-01,9.771518464510418056e-01,7.534456192891954007e-01,3.558782919855072446e-01,5.738247943199432932e-02,4.907991961700938766e-01,9.530134790995168359e-01,3.441858939175933552e-01,7.778841410205830087e-01,9.313906256807091832e-01,7.211430111037538948e-01,6.991983084658820458e-01,-6.686382306909349760e-03,8.022673260993054001e-01,7.504485345568151500e-01,6.306290945700209205e-01,6.250385752628082603e-01,7.817725355670470666e-01,9.027391125307093755e-01,8.776764084650771069e-01,9.207494681267770487e-01,4.837299605031606942e-01,1.697682710617046953e-01,8.008618427115192784e-01,6.396588778837781764e-01,9.778608701428748162e-01,4.555258210494603222e-01,9.274375295071677350e-01,8.015415829692007499e-01,8.678552609217373703e-01,5.852216280435015294e-01,8.260772841681351952e-01,6.440062944169261394e-01,3.260568532064862524e-01,6.263612282218469218e-01,5.102349093306547401e-01,7.534214801461396327e-01,5.748776865018712101e-01,6.139691510133197250e-01,7.061776643074128001e-01,7.435903584925620535e-01,5.894167178038184352e-01,8.564822455632364884e-01,6.087254216906174964e-01,8.159968585844064037e-01,8.792729803206812411e-01,7.794517137246030902e-01,6.661007454794619642e-01,5.994594111891609067e-01,9.124568833011056368e-01,9.871795724103610281e-01,4.304544113524422233e-01,8.202837010860700717e-01,4.538369480581263549e-01,4.968993236946466774e-01,6.062220162638481957e-01,5.039216400879174135e-02,3.188583203439777081e-01,2.891604602802002599e-01,6.074413207236802892e-01
9.073232220856332075e-01,8.318315281555314078e-01,8.705203561387573341e-01,9.168965113244287313e-01,7.958129961293713972e-01,8.189161071184305474e-01,7.806535399326597346e-01,4.836168725856514472e-01,9.524339220965314379e-01,5.856370041860083919e-01,8.700205446901486672e-01,7.314269515918325748e-01,9.756030891331000099e-01,8.728418170482793448e-01,6.928944783747077452e-01,4.570690382402903817e-01,7.490404270541872744e-01,0.000000000000000000e+00,6.017898565431850644e-01,6.759417650738516192e-01,4.863470915877023959e-01,5.043667633977109155e-01,7.659156569646742296e-01,9.595900872918918800e-01,4.984401749555446015e-01,9.211974487366452191e-01,8.515085756568157027e-01,2.987863453696119054e-01,5.970208719835787825e-01,3.996108104216613555e-01,2.543476935468449440e-01,7.570426745313085792e-01,6.118976519517597135e-01,7.759590324719363164e-01,7.082518467715748223e-01,5.170073560402235757e-02,2.978933858301407445e-01,9.253258404265289894e-01,4.663201795743109890e-01,7.741106414358946974e-01,4.414720581377368225e-01,4.464630279423302261e-01,9.134838741891746494e-01,5.131934482444535650e-01,9.039251077276271307e-01,8.944426708514415791e-01,-8.175324932270060241e-02,2.182040476890775849e-01,7.435917898904117473e-01,4.734759163472362364e-01,3.261601277496010143e-01,6.258470889937569615e-01,6.663392190156735007e-01,2.775604766964394621e-01,7.897243616970244240e-01,9.092299506092746952e-01,2.326644351896011709e-01,5.567515671158627111e-01,8.981016898950218152e-01,8.623358107013295859e-01,4.778684301892763969e-02,7.220683701750827410e-01,8.188529210627285559e-01,6.140614945615517906e-01,9.363883861482392712e-01,6.227920790793770589e-01,4.304979803836206376e-01,6.621245146252314751e-01,4.477111418420104960e-01,7.762813892250098879e-01,7.388851113002321558e-01,6.757940991331842229e-01,2.486331898001774843e-01,4.025198708885719401e-01,4.286172216730365636e-01,7.367551524476617653e-01,6.265563690748691128e-01,5.854061370280421173e-01,6.492424307416028162e-01,6.808892452477215140e-02,6.267477991996381892e-01,8.445890241512333807e-01,6.796431586493840715e-01,4.273220692745897664e-01,8.084714539271701250e-01
