0.000000000000000000e+00,9.063419193491526471e-01,8.223376629227084900e-01,9.893961019122767819e-01,5.408011994210758511e-01,6.748437393117493466e-01,7.695377452101744842e-01,9.497285219512668908e-01,1.679960682274042605e-01,9.119806874632915283e-01,9.364864319899374179e-01,7.759765185094303908e-01,8.653581916270456365e-01,8.679355591340675025e-01,8.579724926328108348e-01,7.416633766505360825e-02,7.162598378525347753e-01,9.212424242558995280e-01,8.593845940129835048e-01,5.387985734050139142e-01,6.544861240965855753e-01,9.324984817379375901e-01,8.232510788912267286e-01,5.707264727177572272e-01,8.328093555310190910e-01,7.270724171416077519e-01,8.611756295461348021e-01,6.542102696987623922e-01,1.883745735450699510e-01,5.094609510869548830e-01,5.176853829737741997e-01,7.947725659269034848e-01,9.765249235238275816e-01,7.494083881290436455e-01,9.309919124405225954e-01,1.540657725307995884e-01,2.632605186890450422e-01,8.799829071054384722e-01,6.862358157086386745e-01,5.701250435769680269e-01,-1.747818609365441589e-01,8.160039124188704918e-01,8.623771599879659355e-01,7.977603598982416777e-01,8.139726952716186403e-01,5.028128859476203028e-01,8.836683035713556178e-01,8.246878346507799940e-01,6.815274563045058409e-01,8.256125724552695333e-01,8.223819453200408303e-01,9.595811079887767159e-01,8.438654414895975231e-01,8.345680953588658912e-01,9.343285701341552674e-01,8.960933902471087675e-01,8.408041690755657660e-01,5.860722032023013561e-01,7.183763020834587065e-01,6.205057815917730535e-01,4.513772192821486340e-01,9.909417145813155248e-01,8.003212232342212795e-01,8.901151384315750814e-01,7.772733571740624292e-01,7.452644179414004144e-01,9.764280415637368593e-01,4.546140367484651779e-01,6.650537743431702564e-01,7.156101592211921991e-01,7.673393363639324782e-01,8.318479250913494161e-01,4.665807306383332187e-01,3.023942195102108932e-01,7.994898920974327083e-01,9.571390700661520645e-01,9.016595969409731959e-01,-3.771803111065867853e-01,2.787444709679134380e-01,1.517896525109158345e-01,5.136658958321228541e-01,8.135570740604817219e-01,5.072927932428158426e-01,5.407396186281272499e-01,5.392716431161885815e-01
9.063419193491526471e-01,0.000000000000000000e+00,4.525907894242348073e-01,9.074764005979092385e-01,9.883624372227578503e-01,6.870428696444771388e-01,5.137959474141713390e-01,3.099168413400517075e-01,8.137559094140686122e-01,2.045292183154333032e-01,6.563752458270109003e-01,7.656674657230625458e-01,7.668791507060658263e-01,6.480763033329756118e-01,1.396638154611391236e-01,5.305579004210350114e-01,2.270676565479080589e-01,3.632822849556817113e-01,8.816852553759996214e-01,6.057603063331875592e-01,8.822102579731849747e-01,7.331011341491874278e-01,1.536923134094655696e-01,9.650567453339180535e-01,2.306614329247431983e-01,6.342764779986046486e-01,3.189701206258220845e-01,8.834631181141845424e-01,8.583561358738043268e-01,2.132591671986477644e-01,5.510436762870620786e-01,4.558630511960553022e-01,9.293276769193569153e-01,7.961557043635607567e-01,3.654701034294344231e-01,4.993813766245735475e-01,1.638487940722157532e-01,5.714684110634364878e-01,8.113279843240791545e-01,4.570407158097338773e-01,6.666043882354072414e-01,8.000606918619482810e-01,2.000856538788410299e-01,5.626960949127796097e-01,8.614121449762562888e-01,2.454265583540629625e-01,6.920530116155121370e-01,6.424292373565153591e-01,5.765104871462517488e-01,6.108784947355901940e-01,5.827642525575984500e-01,4.829433774975441240e-01,4.852157981474257697e-01,7.799906810367076559e-01,6.807708334380148107e-01,5.769196090105356278e-01,9.416767629289756192e-01,6.254814595203314065e-01,4.332099406998887736e-01,2.442873641700608334e-01,4.425328859975601881e-01,7.780814660395629634e-01,4.518673300516706792e-01,7.468094272137901779e-01,9.140287789874874669e-01,8.711962218431064109e-01,6.562094743013204834e-01,8.889200648209190092e-01,6.285868807997176955e-01,5.832852684358700301e-01,3.402018264571413098e-01,3.600086409984549762e-01,5.674079823042463833e-01,7.543008017422483391e-01,5.708624517499082396e-01,9.096592493076602892e-01,7.528245517139828813e-01,6.713540989804189785e-01,6.057883521964683160e-01,3.790408749870652350e-01,6.184825713422142934e-01,9.190981798414468162e-01,8.936393455650233353e-01,9.854557548632456587e-01,8.133536570865362858e-01
8.223376629227084900e-01,4.525907894242348073e-01,0.000000000000000000e+00,6.500422300604909998e-01,9.670938315461341528e-01,4.393220952677229230e-01,8.080385871527747677e-01,6.975036938828748090e-01,7.577112554103302422e-01,4.263949458747602339e-01,8.674078031742482597e-01,2.168308272153676441e-01,9.287320193926791312e-01,4.486497675245378902e-01,9.190437621666560641e-01,6.293545785924791192e-01,9.997821242939141095e-01,8.440464994097127693e-01,6.328280000028816410e-01,9.762096628960412747e-01,9.951336910086523435e-01,5.678674566600492302e-01,9.210798764535197414e-01,8.901674949401989778e-01,9.027834546819339945e-01,8.710081888258710547e-01,8.603577625025992104e-01,5.658230144700829856e-01,4.836203154309855479e-01,7.156253015045045407e-01,4.855122349268848891e-01,4.044821189914205584e-01,7.691821165302435981e-01,8.323148459103270058e-01,8.205219350630000852e-01,-1.231112818787534618e-01,6.103085449137057861e-01,8.767465228678242850e-01,8.303632651264748477e-01,9.312985915352268718e-01,2.776085345365986168e-01,7.810529752977122264e-01,8.826478217166203732e-01,9.015359316976386816e-01,9.930203191913231642e-01,6.827733590412486953e-01,6.302006771573666066e-01,4.881016319325315322e-01,8.268248406857909849e-01,9.424724881623131045e-01,8.432163836750871111e-01,9.060990231040123577e-01,8.378552446380640450e-01,9.593961105674884138e-01,6.287142036076767138e-01,8.415151168171468576e-01,9.728957353182725587e-01,9.987905955174213313e-01,8.738274527780499623e-01,6.415801773259862673e-01,2.071978297524064982e-01,8.084239403537865076e-01,8.986065798457669729e-01,6.651965756272076868e-01,3.996407943700844290e-01,4.797559573119153375e-01,7.409465889587663057e-01,5.316088832435499345e-01,6.160806988279726726e-01,8.489421234622875900e-01,6.012274701322759540e-01,7.755960034517763724e-01,7.148249865925689894e-01,4.545514121854762335e-01,9.836547351317408427e-01,8.561809810892788697e-01,6.051837816073230014e-01,2.535149219710529089e-01,7.247480007321989159e-01,4.356720559842774954e-02,2.361425660728400655e-01,4.383231447504347122e-01,9.345470479920867657e-01,9.532769681939311512e-01,6.267620101578214031e-01
9.893961019122767819e-01,9.074764005979092385e-01,6.500422300604909998e-01,0.000000000000000000e+00,8.582107341633170572e-01,6.104499527149858107e-01,6.662153346508525864e-01,6.906651511263234289e-01,9.478351879579506312e-01,3.018675166941079402e-01,6.794250332966813577e-01,4.362299077377487233e-01,9.850831136166373625e-01,-3.703883288011400321e-02,7.852276309901221607e-01,6.418672424481897121e-01,5.940362876935227909e-01,8.742741085464909023e-01,7.816499658996849398e-01,9.421356791531598773e-01,1.440272825730334050e-01,6.738302361613247582e-01,3.465175639925233142e-01,-1.875146878565383812e-01,2.903487996635575330e-01,2.299406243759557489e-01,4.081035941552371149e-01,9.686368798316312700e-01,6.260833175692742669e-01,6.265991439333915558e-01,7.413551616974403125e-01,5.979684655589796449e-01,7.206249788865508599e-01,9.892558734750824811e-01,7.837994610435936593e-01,5.783713683524986937e-01,7.292997839837884744e-01,2.135427446228338466e-01,9.433172837585460657e-01,7.294381792881915461e-01,1.484719891329931707e-01,7.844033176210757352e-01,6.012788069241868927e-01,8.788930012553662907e-01,6.700857865049153483e-01,7.657622462288495857e-01,6.522626554306094615e-01,9.308365625783794339e-01,5.686387891490575219e-01,7.507991324900051833e-01,3.720168336958886712e-01,6.645052900198357149e-01,8.227431805583549362e-01,7.693259014182315392e-01,7.675442570485617733e-01,8.698317342085619686e-01,5.517230332653912939e-01,7.079954524297036311e-01,4.212489714585367917e-01,5.865342446858179404e-01,5.788037816493037946e-01,6.542465879288626995e-01,6.229265168313080636e-01,8.015778751465899576e-01,1.248097571569965619e-01,2.654724411761482661e-01,8.857006903846340595e-01,8.355879530308893965e-01,-1.730007854898678588e-01,7.368891267538139056e-01,6.141952868572879698e-01,6.243804226557868597e-01,2.047379149470566206e-01,6.728915175524999848e-01,9.187251357001489094e-01,7.698685166045085015e-01,8.013387406749635788e-01,4.055900547187293315e-01,4.295661535425435718e-01,3.840910327034383759e-02,5.827620938642634751e-01,5.669470727472308846e-01,8.623411814373556084e-01,-9.885214831249002077e-02,6.705733906825799284e-01
5.408011994210758511e-01,9.883624372227578503e-01,9.670938315461341528e-01,8.582107341633170572e-01,0.000000000000000000e+00,5.238138640462982609e-01,9.790879996908470329e-01,9.911014679390690585e-01,7.777218601125417408e-01,2.883678752494526765e-01,6.764721058490499317e-01,9.935183779411451699e-01,3.150798992724510583e-01,4.106446676315979039e-01,4.968620702579291670e-01,4.054651028074229835e-02,7.980317777418011183e-01,8.065282888566062125e-01,6.889158952579056416e-01,9.298403194134071681e-01,6.194326864238333119e-01,4.708509084200760975e-01,6.392854955823179530e-01,8.895193224649398100e-01,6.004296161831548240e-01,5.687019284207066594e-01,9.650603431558060219e-01,9.628405672851941821e-01,2.176597395134922397e-01,4.053783641722584763e-01,4.713431922288075504e-01,1.106473270573725270e-01,7.956129753672918081e-01,6.106681186476271561e-01,4.551029616641379949e-01,7.892757692516083612e-01,2.778185244439231871e-01,6.212187690833728126e-01,8.345082108727428505e-01,4.229396840361057119e-01,4.261509891555161356e-01,6.505163614474400724e-01,6.177505575504651514e-01,8.957144208519246531e-01,8.192965986208706752e-01,6.252596731693943477e-01,8.114615626427745809e-01,9.192797001883681318e-01,6.812838631208067985e-01,7.741074483838765730e-01,8.384068790367230628e-01,9.978279912959679976e-01,7.058728413233422705e-01,6.034053238136516395e-01,6.586992533059442545e-01,9.520676745333280788e-01,2.995528734624382239e-02,3.922960645868804885e-01,6.415911475384425966e-01,5.618809481251885347e-03,5.274892287539534319e-01,8.033319772671801973e-01,8.301017505223177162e-01,8.926401016683132017e-01,6.502545181491106163e-01,8.670635198355303164e-01,7.494995437593470200e-01,6.109944843369919942e-01,5.452019883237990694e-01,4.145380114934371640e-01,7.911461113024305103e-01,7.741101290418432868e-01,2.826548650456413569e-01,4.773356366536571915e-01,6.148710019892464906e-01,6.754832557516544655e-01,7.265014961506667257e-01,4.519273669963766449e-01,1.890905579220929222e-01,7.108591543346610697e-01,4.163890199481237175e-01,9.819501302825740519e-01,8.818457489657782755e-01,2.292780770904002952e-01,5.677383883767294082e-01
6.748437393117493466e-01,6.870428696444771388e-01,4.393220952677229230e-01,6.104499527149858107e-01,5.238138640462982609e-01,0.000000000000000000e+00,6.534556894860268361e-01,7.513792284056782789e-01,9.526309972675873761e-01,8.261800510530706854e-01,6.384455800216212173e-01,4.488175917363600997e-01,8.591503707711213300e-01,6.927719233232220164e-01,7.784836823577996334e-01,5.625114047885282353e-01,5.227866245422612135e-01,4.087792406916969101e-01,8.748771794424851089e-01,8.500934498116556881e-01,6.819188652630857606e-01,8.262183497361730300e-01,7.020702064775455886e-01,4.157145606826472828e-01,8.069195435694150875e-01,6.548798157769998296e-01,6.898324742803055853e-01,9.175537372176576500e-01,7.779500122463776091e-01,3.962900902454788987e-01,3.901418743591021920e-01,9.668376947757546525e-01,6.367801341210214128e-01,6.954627721349393443e-01,8.648733412904056062e-01,1.337477394701208355e-01,3.155044081291257241e-01,6.764278776636157842e-01,5.290003591949080652e-01,7.770212819486620459e-01,3.003668223313586960e-01,5.561450372121180541e-01,8.971396653905524543e-01,7.813035784345924162e-01,7.844869355767036811e-01,8.865868793066221665e-01,3.309565462729777696e-01,5.798349870541965601e-01,6.589633667606979994e-01,6.781436093994590575e-01,7.258030713193059924e-01,4.024355391652551517e-01,8.687542259026543867e-01,8.540823925344536161e-01,7.301281037389791839e-01,9.505673252185202760e-01,6.551921908833172603e-01,8.969835020460924513e-01,7.333657409644940284e-01,3.108190417393987826e-01,8.081016854000384608e-01,6.590978562700876564e-01,2.916206097676802278e-01,8.035988587299246477e-01,9.126825447548542192e-01,4.585972790324197579e-01,5.294176781947731447e-01,9.459648226198242860e-01,6.256903063696804823e-01,3.411136815412808554e-01,7.779400694208455924e-01,8.027327419605762016e-01,7.616489260344656564e-01,5.538956566869350784e-01,6.083571871646561435e-01,6.734888376861419834e-01,8.548984227339246900e-01,4.534011707264684610e-01,9.829708309737524019e-02,2.699168465159218488e-01,7.489176840261145829e-01,6.182056261063325620e-01,9.967166159859165431e-01,5.896867425785363714e-01,2.944778276669294814e-01
7.695377452101744842e-01,5.137959474141713390e-01,8.080385871527747677e-01,6.662153346508525864e-01,9.790879996908470329e-01,6.534556894860268361e-01,0.000000000000000000e+00,3.768965103217443158e-01,6.542496262222021741e-01,3.348098210906330641e-01,8.662874337438394301e-01,6.498340673830562686e-01,5.688613260858524923e-01,6.222772795409377000e-01,7.907820142644814698e-01,3.225133306157815793e-01,6.487325893301632007e-01,5.898654642426319761e-01,6.748147447680062916e-01,9.095749431533833862e-01,8.661286548418806186e-01,4.532214128955581733e-01,8.186166103664447302e-01,7.718341929381006272e-01,9.861416597831401676e-01,6.517604428734348199e-01,4.198867319440173773e-01,4.476038675396717958e-01,6.770903722800363234e-01,6.318121338604891779e-01,3.489230536941068106e-01,4.990611100205009087e-01,3.838742101104108961e-01,5.208144773680465356e-01,6.598022591917792612e-01,7.012905793781223363e-01,3.782916206749828980e-01,6.438584690388967635e-01,7.883320516215206464e-01,7.895376060446103184e-01,4.529645560436960650e-01,7.464462957595672243e-01,3.451899267926883397e-02,5.298910477907750050e-01,7.177416107350902408e-01,5.745554140299637957e-01,5.751681091973078752e-01,4.914895738335763875e-01,5.863783344936432940e-01,6.204876614693674020e-01,1.814769121374865124e-01,2.507002867272019042e-01,7.847577572853935424e-01,7.906658423633714516e-01,6.906696430577968782e-01,4.257749014688134159e-01,6.202304771653961435e-01,6.987308610077772597e-01,4.153719814117834974e-01,4.616052537948632239e-01,5.418160686614621468e-01,5.503394030171688822e-01,5.490762157958960499e-01,4.647471883992845831e-01,7.689255043466018957e-01,2.714355385879099400e-02,6.181893334994692513e-01,9.120320071900421821e-01,9.567107586653039730e-01,7.678325782875697891e-01,6.147362052628707607e-01,7.151124478980839250e-01,2.352612956262315203e-01,5.939412321263689565e-01,4.222510551121556044e-01,7.101918840945602440e-01,5.724333077872286735e-01,4.442376949143200249e-01,6.627726356219096893e-01,5.709289612996479996e-02,-1.103211832000223075e-01,2.832485624748830033e-01,2.045812673847760554e-01,3.168943635045521345e-01,9.209087658319233816e-01
9.497285219512668908e-01,3.099168413400517075e-01,6.975036938828748090e-01,6.906651511263234289e-01,9.911014679390690585e-01,7.513792284056782789e-01,3.768965103217443158e-01,0.000000000000000000e+00,5.340580173934781349e-01,6.270775297839911167e-01,3.981542469960123176e-01,5.876104601045699649e-01,3.270247691558282321e-01,2.352903293101507587e-01,6.745531998846409083e-01,7.360876219854058933e-01,8.271633964238833681e-01,6.829577815464082935e-01,2.094497823792138003e-01,8.836458828096619422e-01,7.946795825627286369e-01,5.158402832138246907e-01,2.575972332151610367e-01,7.601815846515795894e-01,4.453969629385928219e-01,7.184882319000084339e-01,7.520112748448301021e-01,4.912125480374116560e-01,5.338838659529477892e-01,6.280558128439480692e-01,1.647932353038626951e-01,5.120867390361484306e-01,7.255949616232171273e-01,5.623027407569677338e-01,7.503225689359761530e-01,4.697231873022310045e-01,5.308383150305959752e-01,5.852985483589763227e-01,5.316880811598438950e-01,4.933559418025948995e-01,4.492704863631876155e-01,1.801198899041752677e-01,9.849669878825295655e-01,7.654585633727732930e-01,8.833659247186606001e-01,6.769479152084224571e-01,4.884800429781748221e-01,6.083270226932706581e-01,5.358779492720568971e-01,9.980052718967213909e-01,7.127193254817087986e-01,6.193963554539697602e-01,3.018222538299413227e-01,8.239859834376931369e-01,7.729100010476800398e-01,7.821061261661899078e-01,9.175139159916516629e-01,7.155496823572019549e-01,5.769854706760917384e-01,1.295102577211394157e-01,2.402412571835522426e-01,7.287174506812884589e-01,4.281870335135187222e-01,6.888527072399290851e-01,9.973716578211833106e-01,4.774749040109210751e-01,9.573456636715861334e-01,8.143015263382247237e-01,6.456412603023521379e-01,6.446381545771998622e-01,3.903193984390734839e-01,2.299589047978769507e-01,5.518982545911853554e-01,9.170430800225186641e-01,7.666083637175518106e-01,6.850493209792970495e-01,6.879656347357543389e-01,5.302400660041532987e-01,5.548899130449550521e-01,2.349833637545039322e-01,4.315714148808566519e-01,8.346841444272472543e-01,8.710461140838743344e-01,9.777779317753562127e-01,6.579425213009505446e-01
1.679960682274042605e-01,8.137559094140686122e-01,7.577112554103302422e-01,9.478351879579506312e-01,7.777218601125417408e-01,9.526309972675873761e-01,6.542496262222021741e-01,5.340580173934781349e-01,0.000000000000000000e+00,5.063972253674636770e-01,4.560773368732879418e-01,6.800146243349975972e-01,4.847970721099027491e-01,3.762626096118966146e-01,7.754199122435246894e-01,8.935636311533576848e-01,6.049120495798849806e-01,6.133430111358076919e-01,4.179926284980156614e-01,9.991593471252788738e-01,9.391619092216620945e-01,4.069584054516495186e-01,9.072957347492807134e-01,9.437289812681474155e-01,3.365209665203767742e-01,7.712221503597863626e-01,7.561222713820561214e-01,4.185807963952619670e-01,5.572357983543039239e-01,7.770344865244056543e-01,5.013362980221583998e-01,6.060129603947987942e-01,8.174817625810715249e-01,7.854684635543897064e-01,4.890575396183456935e-01,-5.453119349300214469e-02,5.004733229028711650e-01,4.183256415164237074e-01,8.493735537640496602e-01,8.232350640159549204e-01,4.200088721186003848e-01,5.571975211092545788e-01,8.593549042411148253e-01,6.232102346181563890e-01,6.264236884864980981e-01,9.870962700081621355e-01,6.134568655809498061e-01,4.750617353884736827e-01,3.142119216425511841e-01,5.997735276039377617e-01,6.120698323907219907e-01,7.584149799509816159e-01,6.922466656291125231e-01,5.597200308986207684e-01,6.121863995458101115e-01,5.427799438292864043e-01,6.637638585795870849e-01,6.649730698091198544e-01,8.770508465092818895e-01,1.154977381400838637e-01,6.198932591259832536e-01,5.014357885131692782e-01,7.503022787510009728e-01,7.474243216434918180e-01,9.046684575445648191e-01,6.557030763006196361e-01,8.875503326790878944e-01,2.467451890019332350e-01,8.841821222252286283e-01,4.206902092665112947e-01,9.541722102080758550e-01,4.910499599921357428e-01,4.939074956429448937e-01,7.243458765040035052e-01,4.798327492010410755e-01,7.906289832654918026e-01,4.958224430936764016e-01,4.562784715884674047e-01,2.530596269433473267e-01,4.628389733159827268e-01,8.374941323962372675e-01,9.789925251686439900e-01,6.537255119657231495e-01,4.068075238151491746e-01,6.667839307668024240e-01
9.119806874632915283e-01,2.045292183154333032e-01,4.263949458747602339e-01,3.018675166941079402e-01,2.883678752494526765e-01,8.261800510530706854e-01,3.348098210906330641e-01,6.270775297839911167e-01,5.063972253674636770e-01,0.000000000000000000e+00,5.824552527282096381e-01,6.436918996513022462e-01,2.908920434205501948e-01,2.930612778774934757e-01,5.463523685919463579e-01,6.027306103944519711e-01,4.063979704033033880e-01,5.875194363494858907e-01,6.584901704218255603e-01,7.301076474812469019e-01,8.588832156028306519e-01,5.124707577459313157e-01,3.438768506177809492e-01,6.894235455543447078e-01,4.671359742949455773e-01,7.489539040397733549e-01,4.629168562169643231e-01,7.052498873155245152e-01,5.389425012387514258e-01,1.923445879757896826e-01,5.452954442473586516e-01,7.900738993441478453e-01,9.867588553721373668e-01,8.368808250024227791e-01,7.122251508944140719e-01,4.271190286589343632e-01,4.902865951229243291e-01,4.533827290838857160e-01,8.714053382941273629e-01,6.551081058173114924e-01,6.162527477485321148e-01,6.407182411404189759e-01,9.808170121317566492e-01,4.888250021154378899e-01,8.574864425871087104e-01,6.979506924777690857e-01,8.729265383946699375e-01,6.742484781434043839e-01,2.815883607440142211e-01,7.632924681034604086e-01,7.240468725850385256e-01,6.821584310919940330e-01,9.971956727414783561e-01,7.625560152735523234e-01,5.002064850795640005e-01,5.217046893146479736e-01,8.116873470380722155e-01,5.383681383806495635e-01,9.959117853116128405e-01,7.938778923398409626e-01,5.616842082246598089e-01,7.586690079961955213e-01,3.875404655810581467e-01,9.436777341249196205e-01,7.476905037997055858e-01,9.578897671845454376e-01,9.973360853294382933e-01,9.912255323197538548e-01,6.967209340693547581e-02,3.979030923288749966e-01,6.057039709561337082e-01,3.883751243897568539e-01,4.573806334415027597e-01,4.163841729492652743e-01,6.595854644761778296e-01,6.994493633601588378e-01,9.737417762950782985e-01,7.226090928690368509e-01,4.713954643424610458e-01,-5.099281082148462985e-02,6.946654592177495813e-01,9.985367425704482214e-01,8.563460820863818546e-01,8.065911027235738162e-01,4.448960074177559787e-01
9.364864319899374179e-01,6.563752458270109003e-01,8.674078031742482597e-01,6.794250332966813577e-01,6.764721058490499317e-01,6.384455800216212173e-01,8.662874337438394301e-01,3.981542469960123176e-01,4.560773368732879418e-01,5.824552527282096381e-01,0.000000000000000000e+00,8.213116167551834934e-01,9.059549244594462536e-01,6.344933347361564335e-01,7.291221022491060078e-01,8.171270998797608431e-01,7.942850135080326002e-01,6.475555923182259033e-01,4.823072634054174079e-01,9.604233973210901665e-01,8.415593659975028062e-01,3.888904462720141897e-01,6.467142285708031846e-01,4.269801399701279587e-01,5.286749448558560882e-01,8.488935080404026445e-01,7.755289299549071869e-01,9.864190884604205900e-01,7.046621072701273469e-01,2.512465309299093397e-01,4.634769555461617507e-01,7.799932326081987499e-01,7.311566178490932488e-01,8.256145014895042156e-01,1.610857213957711809e-01,5.822496983418782301e-01,6.239816741206993811e-04,4.063130385061101135e-01,8.902840612553103439e-01,8.555099133561684388e-01,7.122120134396504598e-01,7.222956451262193545e-01,6.255832938417212885e-01,9.906797191394443036e-01,9.074706461383162948e-01,5.838642803595615050e-01,3.247672364606036810e-01,4.597014440217739306e-01,6.028331957953574349e-01,3.333532770255208666e-01,7.515262031680326471e-01,7.566529784661126801e-01,7.612346342762484896e-01,3.008829226390428158e-01,7.257774898190443302e-01,9.857367311663070009e-01,2.403430358014318480e-01,6.521692025217203925e-01,9.912549906500263130e-01,7.651877626403578159e-01,2.908010047040966439e-01,2.833726284737254908e-02,2.358790238434934905e-01,8.080771493937696226e-01,5.753710849655800930e-01,9.357273568417427967e-01,5.925090212552113211e-01,8.696258721817622384e-01,7.661594616089573151e-01,9.343200649242520139e-01,6.501909538754347961e-01,4.255417505720567872e-01,7.935406279801162643e-01,2.403296847929815017e-01,8.406737769537442340e-01,8.216588472683691302e-01,7.786098735733384402e-01,6.178433548962006805e-01,6.517314568290077936e-02,2.600422054462031562e-01,8.756645013114920939e-01,9.224558766596360204e-01,6.509418675684062183e-01,3.326503826913843054e-01,6.278069642039475484e-01
7.759765185094303908e-01,7.656674657230625458e-01,2.168308272153676441e-01,4.362299077377487233e-01,9.935183779411451699e-01,4.488175917363600997e-01,6.498340673830562686e-01,5.876104601045699649e-01,6.800146243349975972e-01,6.436918996513022462e-01,8.213116167551834934e-01,0.000000000000000000e+00,7.307088410638428178e-01,8.837666582337537768e-01,7.948191693456057028e-01,7.060372240424626078e-01,8.983784314240051971e-01,2.667384355762151271e-01,8.068365474224580280e-01,2.892336827970908852e-01,6.456594808571842758e-01,7.507289562651817683e-01,6.039305798075770282e-01,9.844840326432695576e-01,5.346984066296074367e-01,4.231981914706603454e-01,9.436121401895501970e-01,6.580848400833363421e-01,7.900369945750755907e-01,2.399878128025766943e-01,4.593482937547675449e-01,1.387913806381064208e-01,4.719370217794347511e-01,7.449155234428783690e-01,7.954452636526680998e-01,4.084787364703553192e-01,7.374994674558663643e-01,9.310837858619543939e-01,8.489102735720788218e-01,7.933946711602910540e-01,3.439027990286625536e-01,2.575282623662500381e-01,7.517268437701031258e-01,8.673394185516010157e-01,7.999470372016583841e-01,4.953791109897922595e-01,7.484839418634854358e-01,6.649287715941734067e-01,5.083392202535008675e-02,6.448022096544611115e-01,6.507141098703036475e-01,9.014940717706890760e-01,9.998675553693338047e-01,4.517743964235714227e-01,3.465678615511786909e-01,9.290633073052504409e-01,3.526876303832397475e-01,7.613005702761783677e-01,9.361861123089785242e-01,3.882599290592481101e-01,4.159423450143600598e-01,6.407372299448563790e-01,6.913150721373518826e-01,6.657343262476496104e-01,7.331108051828290062e-01,7.683973948413451716e-01,5.150425530580882150e-01,7.001740566164589286e-01,3.566593511232279412e-01,5.381071343260405149e-01,8.894810162063249148e-01,7.985127630884105709e-01,5.742320006808937505e-01,8.746885072354169122e-01,4.264586206126126933e-01,6.309257406403415702e-01,3.006612409749851444e-01,5.454847047543125438e-01,1.819287035387212592e-01,2.120353574660877594e-01,9.033941812477294109e-01,7.381061378832804998e-01,7.122046202948144611e-01,9.101387876984624523e-03,9.385892035177919590e-01
8.653581916270456365e-01,7.668791507060658263e-01,9.287320193926791312e-01,9.850831136166373625e-01,3.150798992724510583e-01,8.591503707711213300e-01,5.688613260858524923e-01,3.270247691558282321e-01,4.847970721099027491e-01,2.908920434205501948e-01,9.059549244594462536e-01,7.307088410638428178e-01,0.000000000000000000e+00,7.174934088196998072e-01,9.555051569226205022e-01,8.324219389897519195e-01,9.938061631514708560e-01,3.470181459695784731e-01,9.380560701583422478e-01,4.662584385648177454e-01,9.693781320559480275e-01,9.376057779767991152e-01,9.737888721694817340e-01,9.974957318821724428e-01,6.607101187206230186e-01,5.795693319690264911e-01,6.441834408493545272e-01,9.399244073317558623e-01,4.387808442010356358e-01,5.549427453594210080e-01,2.686075257425981633e-01,6.477854166353232968e-01,7.406584597480470045e-01,4.138309275623050509e-01,6.661003814061167150e-01,7.907511794768664615e-01,1.778066106202917940e-01,7.563891907987957408e-01,7.258918047312836741e-01,5.737624118042286003e-01,3.456806697067276168e-01,9.700038226467820879e-01,9.410315456359795716e-01,7.864844237203072463e-01,7.494585235570794257e-01,9.012033670303416510e-01,9.453076328400409345e-01,2.660474581050640830e-01,9.662342612634651218e-01,8.438440091078290850e-01,4.221394212877360719e-01,8.931529712485054562e-01,2.143196169450527766e-01,6.429441276862309929e-01,9.155841394154075052e-01,9.922738714007087735e-01,9.316248918406749846e-01,6.705184346326362732e-01,7.682901860811358619e-01,6.266291481285761744e-01,3.320825914609393248e-01,8.123565801331583680e-01,7.962912016213656852e-01,7.929440053596599203e-01,8.424647332396948407e-01,8.715616336857033852e-01,7.081101501536052334e-01,5.183854238375956713e-01,6.581434252395970130e-01,7.187082912895929043e-01,7.056956669750618083e-01,6.898163681008681047e-01,8.435535858170115642e-01,7.672042664604925566e-01,9.234008117424874484e-01,5.770860471546270798e-01,9.429262382878255133e-01,7.433768444424948552e-01,2.154131865693114933e-01,7.855960165699272385e-03,5.694883939883719215e-01,8.568434723958995303e-01,4.673569734356587402e-01,6.824685924780404811e-01,9.361464766231173407e-01
8.679355591340675025e-01,6.480763033329756118e-01,4.486497675245378902e-01,-3.703883288011400321e-02,4.106446676315979039e-01,6.927719233232220164e-01,6.222772795409377000e-01,2.352903293101507587e-01,3.762626096118966146e-01,2.930612778774934757e-01,6.344933347361564335e-01,8.837666582337537768e-01,7.174934088196998072e-01,0.000000000000000000e+00,8.873090833530232757e-01,5.084018410829272971e-01,3.105670340219919279e-01,3.271936522768698064e-01,9.320334954503870506e-01,9.097505485181556217e-01,9.000075845415835829e-01,3.240088475268267931e-01,8.665152936908515624e-01,6.885341054483381518e-01,6.227963568100016722e-01,6.231620657451681922e-01,9.974279126255640726e-01,9.356754001723344150e-01,8.270486509220187354e-01,6.422726088569840064e-01,6.768071381902952544e-01,5.915809924754515947e-01,4.308802185580006827e-01,8.259369666393714393e-01,7.546417386069752542e-01,5.198251043119320736e-01,2.712079768238224720e-01,7.371893204235887564e-01,5.011798764344660428e-01,5.900533009487922698e-01,4.794896322782729592e-01,4.672363381773347868e-01,9.463617957052711249e-01,6.447480753762115935e-01,6.802374955229590903e-01,6.980845287916840336e-01,6.582298680687962422e-01,6.211053432197071178e-01,6.752955398970257317e-01,9.221881024238079982e-01,9.827432686736715661e-01,9.222914258611989435e-01,4.364975980742658579e-01,6.274908905674205783e-01,9.458894767253623881e-01,6.168268423035208059e-01,6.450378798463425323e-01,9.658605769294582588e-01,6.907123592819632840e-01,3.477355473993569701e-01,7.080701140669494187e-01,4.961783039310250776e-01,6.646005852788826607e-01,7.652368646434640764e-01,6.544777181477717809e-01,5.393883928488697466e-01,7.926942557226301922e-01,8.549027845540384529e-01,8.115386200613996515e-01,5.868647197750549438e-01,7.754090691741029051e-01,6.637569776687639589e-01,3.883491332536551655e-01,3.983821102643013701e-01,6.268355399943568163e-01,9.319752973953269182e-01,6.293649841289796765e-01,7.972461362310634403e-01,6.763682297231423668e-01,6.516452885548713880e-02,9.180175253115006040e-01,7.917274887913987591e-01,7.308300127873363916e-01,5.122472311908605747e-01,4.889422407218373401e-01
8.579724926328108348e-01,1.396638154611391236e-01,9.190437621666560641e-01,7.852276309901221607e-01,4.968620702579291670e-01,7.784836823577996334e-01,7.907820142644814698e-01,6.745531998846409083e-01,7.754199122435246894e-01,5.463523685919463579e-01,7.291221022491060078e-01,7.948191693456057028e-01,9.555051569226205022e-01,8.873090833530232757e-01,0.000000000000000000e+00,5.709135403231831996e-01,9.238768789403593029e-01,-2.559463157994415483e-02,7.450902141257373934e-01,6.101032582400945925e-01,8.401868664511865648e-01,8.506717279675823917e-01,4.202537039624350546e-01,7.359304822486194553e-01,4.160186845509068476e-01,5.683656661190228387e-01,2.737168777989434920e-01,9.898943808402471678e-01,2.759593604828152191e-01,2.539766424557580171e-01,4.753237456810118222e-01,5.827810333389012998e-01,7.272559356874745973e-01,1.359980440043961625e-01,4.917355564599715789e-01,2.821448596010671106e-01,4.839134192683348101e-01,7.836656386923501749e-01,9.008203494608848505e-01,4.935027309298043452e-01,7.320006654777642119e-01,7.245761320778295600e-01,7.829742999789537361e-01,2.468425927579267487e-01,9.088121408816430824e-01,7.601256776169158513e-01,7.364599255859033411e-01,9.490800608933993576e-01,3.369521186433898086e-01,1.986112889371364487e-01,8.334820252958341502e-01,4.977907338694731454e-01,6.658724591578103480e-01,8.742087640412119498e-01,6.134674143044296368e-01,6.166952664413382079e-01,7.009051414940840052e-01,8.678793160712261479e-01,6.154778243471561439e-01,3.624696017140057736e-01,4.171602009133949518e-01,8.010984479333882469e-01,8.961400685615233952e-01,9.377807057091867016e-01,5.719118362547711554e-01,2.559184168218088251e-01,9.278123593036025074e-01,7.640234089778052962e-01,4.870771711093453971e-01,1.569611321409271620e-01,9.514581241976488579e-01,2.484056701239070741e-01,5.224337889880636965e-01,3.070462156545191723e-01,4.269441879305723719e-01,3.500168413235508202e-01,8.793450558191098221e-01,7.795698138199436134e-01,3.930883347318820942e-01,6.370638753550145195e-01,2.159904730920962079e-01,8.673525359124525380e-01,8.587823746411467063e-01,6.398132218934922122e-01,5.683542246666373199e-01
7.416633766505360825e-02,5.305579004210350114e-01,6.293545785924791192e-01,6.418672424481897121e-01,4.054651028074229835e-02,5.625114047885282353e-01,3.225133306157815793e-01,7.360876219854058933e-01,8.935636311533576848e-01,6.027306103944519711e-01,8.171270998797608431e-01,7.060372240424626078e-01,8.324219389897519195e-01,5.084018410829272971e-01,5.709135403231831996e-01,0.000000000000000000e+00,9.251859653494745039e-01,6.571851737185616660e-01,2.993579865690945696e-01,6.741740801320654786e-01,9.108826413178641168e-01,7.695632059671958514e-01,7.712659662850116504e-01,5.105664943036762882e-01,4.312183080339256902e-01,8.454515149721733014e-01,5.603101286251178648e-01,6.030439324977953097e-01,5.320759904650873562e-01,5.189157120550977886e-01,3.869478874570563276e-01,6.432285680247333826e-01,8.126225592311063783e-01,4.451026085868681759e-01,4.274473181325111337e-01,3.645081163322260176e-01,1.525873175066330134e-01,7.407905054992467431e-01,5.320136567782480785e-01,9.463130351583821653e-01,6.183158964374413369e-02,8.075760743349446047e-01,6.140269646098749368e-01,1.851057797302607111e-01,8.020249344644519995e-01,7.307553531274918468e-01,5.332036821268584248e-01,7.709156533063000749e-01,1.050548354361658110e-01,2.936356074887568335e-01,4.810470610109354173e-01,9.192993101765116748e-01,6.380579864215853991e-01,6.074171594132526941e-01,7.042835340840186698e-01,9.290873688762356641e-01,7.376798278777009221e-01,7.687175470237803676e-01,8.406942435468217623e-01,1.066613610833675591e-02,5.729108370028184183e-01,8.925861040628165766e-01,6.288187020552518103e-01,2.777700432515605167e-01,5.638558186863074084e-01,6.700756767601980801e-01,6.525810786107214545e-01,4.275257720295804198e-01,2.751532623779896491e-01,6.670393764091133715e-01,6.590686695374553539e-01,7.249875177602485010e-01,4.229975891808162025e-01,2.612947410241070467e-01,5.861555689936668312e-01,6.621193080978032830e-01,9.656068742840336894e-01,5.481068924267925579e-01,4.357885847573485516e-01,4.553276966513666868e-01,3.102482782484599078e-01,8.753813777781401795e-01,6.372862559511737190e-01,5.375524650698850770e-01,7.939657526329716442e-01
7.162598378525347753e-01,2.270676565479080589e-01,9.997821242939141095e-01,5.940362876935227909e-01,7.980317777418011183e-01,5.227866245422612135e-01,6.487325893301632007e-01,8.271633964238833681e-01,6.049120495798849806e-01,4.063979704033033880e-01,7.942850135080326002e-01,8.983784314240051971e-01,9.938061631514708560e-01,3.105670340219919279e-01,9.238768789403593029e-01,9.251859653494745039e-01,0.000000000000000000e+00,7.437748529510719298e-01,5.525239722660736374e-01,6.960136183696697953e-01,8.533719546864353411e-01,8.613276777228628944e-01,9.041495313698693082e-01,8.989667105465186658e-01,5.768427043035400104e-01,8.953006109525486478e-01,9.859694456822457598e-01,7.763630208305918323e-01,2.770380426710253863e-01,7.437039278929773456e-01,4.583560516577747102e-01,8.913652029542441513e-01,7.102665705983064459e-01,5.113060075574068497e-01,5.608867223881604247e-02,4.520530903509615284e-01,7.953142218437208033e-01,9.439355633076014218e-01,6.651388030787588335e-01,-1.484711461461891147e-01,2.663605619620394438e-01,7.311309482183145914e-01,8.861335158065630768e-01,5.793122314793686112e-01,7.216383363841917253e-01,7.022909924302284113e-01,8.388114860014254104e-01,8.052215963270714649e-01,7.989600017150790823e-01,7.492835964433521845e-01,8.195916442497650500e-01,8.503896890240051354e-01,4.634407405355918108e-01,8.177713304163131136e-01,6.386970676739974762e-01,6.293013452180338252e-01,7.276090417981315728e-01,9.311407250411357639e-01,6.810843623351524601e-01,4.680418188386167300e-01,7.058529906799764220e-01,6.266423290691280901e-01,9.109735252351145451e-01,8.012273217722201135e-01,6.153432612502262034e-01,7.800030180761089449e-01,7.727384076564829396e-01,9.776387083421316238e-01,2.734936436472422128e-01,6.434775532022474209e-01,7.424695164044159412e-01,5.890779416504086097e-01,5.043069240812910747e-01,5.119573581013674435e-01,9.303834073531610516e-01,8.414549471597173591e-01,4.617167382265958686e-01,5.723808080689871680e-01,7.512016501818644665e-01,3.131754205096670685e-01,7.523894746528558830e-01,9.555733649827519161e-01,8.912674260830035777e-01,6.154784085141163930e-01,8.665958190132878602e-01
9.212424242558995280e-01,3.632822849556817113e-01,8.440464994097127693e-01,8.742741085464909023e-01,8.065282888566062125e-01,4.087792406916969101e-01,5.898654642426319761e-01,6.829577815464082935e-01,6.133430111358076919e-01,5.875194363494858907e-01,6.475555923182259033e-01,2.667384355762151271e-01,3.470181459695784731e-01,3.271936522768698064e-01,-2.559463157994415483e-02,6.571851737185616660e-01,7.437748529510719298e-01,0.000000000000000000e+00,7.747367629689266844e-01,4.040432069343409260e-01,5.849723134469210217e-01,7.747065838962191586e-01,4.344314193888708098e-01,7.035588855102102857e-01,7.795838174037740265e-01,6.352248003223576189e-01,9.571129831534108678e-01,7.231536431207028492e-01,7.672718331230324873e-01,4.747883775066344958e-01,7.635627533140054712e-01,4.304942585692947965e-01,7.543862909528882277e-01,6.988615404758791172e-01,6.329696262342806579e-01,6.128964906252361011e-01,6.491469940085110857e-02,7.388409842525945903e-01,9.643937258204687835e-01,6.934668541313104839e-01,3.958824348816926131e-01,5.025730660323052268e-01,6.338117772561524532e-01,7.383728354690510809e-01,6.625908030948777228e-01,6.964182472714803840e-01,8.833773909483406683e-01,5.460435126835437858e-01,5.198208210532930806e-01,2.931581651912736342e-01,9.674153576551837164e-01,8.116134946100668213e-01,7.472294842873479226e-01,3.455914788050893360e-01,7.520012442564022459e-01,7.849425570394730212e-01,8.256960722641771833e-01,8.057702064384251184e-01,8.347880777429305121e-01,1.356042936840882174e-01,4.922063242831621888e-01,3.998417246494240795e-01,9.985158683166444060e-01,3.392363009572569310e-01,8.522296000133591232e-01,4.453717946415223783e-01,1.922012104490741502e-01,8.400870318348421240e-01,3.180860991968681439e-01,6.285008116180584858e-01,2.650881100676918400e-01,7.980469218528991604e-01,5.062976635556436511e-01,1.733128878111490911e-01,4.460204163911335451e-01,3.062802864373920797e-01,9.398142081899369948e-01,7.411020831212874471e-01,7.477058935896507830e-01,7.845450055724950689e-01,9.118762291326646396e-01,4.255987993351313392e-01,6.047069210225047842e-01,9.726240627688215179e-02,4.671214394808771986e-01
