0.000000000000000000e+00,3.567787082687232658e-01,9.858273741350638275e-01,7.082088745248675821e-01,9.016632060671566640e-01,7.409637829864353931e-01,6.653740112241022242e-01,9.860545858406398745e-01,6.133295954126430916e-01,2.920716602860989330e-01,8.690509882462845725e-01,8.233406549761478344e-01,9.526564822787948472e-01,2.428387478361824225e-01,6.668122210756677326e-01,4.432091084724752439e-01,9.602032279574888030e-01,6.094206007455482688e-01,6.057045354019072736e-01,6.112751959716585803e-01,9.497627993655609613e-01,9.179477471666255273e-01,7.995314618570263931e-01,8.515525357909091708e-01,9.158908482918072247e-01,5.796588327786640349e-01,9.731653859837251508e-01,8.811291505764284882e-01,5.376542772331649456e-01,7.205139829632688508e-01,6.373894108630681066e-01,6.059632966982771984e-01,8.671981686133294343e-01,5.053850414751523967e-01,4.514872775497122959e-01,6.311423688466302195e-01,-2.427965539820244045e-01,5.669675082098262209e-01,9.056499613440270879e-01,9.300721036898161875e-01,6.125544355256822282e-01,9.070669556320316573e-01,9.567273347934844852e-01,8.566578642239897068e-01,8.843381853839299422e-01,8.328897763546572186e-01,4.133351867635373655e-01,6.424212953642314261e-01,9.769097752790352196e-01,8.898961456308447371e-01,9.373719382454397397e-01,9.521766182603857986e-01,6.257188079033220163e-01,9.164871130083531714e-01,6.182018015250488885e-01,9.697478269391475170e-01,6.092913739488967639e-01,9.616638871134890465e-01,9.055299390159874395e-01,6.497929901627056415e-01,-7.872265209388666640e-02,8.029512216628834631e-01,8.958132012971072866e-01,6.234955240943702570e-01,8.304741498662280286e-01,5.731798579045483955e-01,9.975428720994756748e-01,6.083097366879456347e-01,7.265274490439381783e-01,4.095492252653369358e-01,8.947064564203838222e-01,9.616932727981178930e-01,2.946875192990219827e-01,4.109543317894591152e-01,7.850934167194378865e-01,7.429120165832753253e-01,6.574168086289746693e-01,8.440085088318591833e-01,5.532283579506743765e-01,6.396853740310383118e-01,6.601259498301519368e-01,8.630600595630176786e-01,2.789320009169353742e-01,6.784087884433054327e-01,7.813828951009967883e-01
3.567787082687232658e-01,0.000000000000000000e+00,5.724969846252618844e-01,8.718901890158833323e-01,8.241086313888744685e-01,2.631833625457531411e-01,4.618635786940262777e-01,4.009629326985580944e-01,7.252407714461421850e-01,7.158032403686992451e-01,9.296929709199488467e-01,4.707202308685242143e-01,6.836716616261563351e-01,2.349380795893487306e-01,6.752830302966293941e-01,7.144920811390755855e-01,7.844093304241861464e-01,7.198634179321689031e-01,8.951706610437738521e-01,9.521097116940926419e-01,7.843086114484412175e-01,6.842866499838822225e-01,3.459626624527524785e-01,5.020440942719397448e-01,6.655214776429775325e-01,4.244043035471538050e-01,9.600681900671114155e-01,6.827913143637023285e-01,4.633606616601536055e-01,1.617473317132287619e-02,3.953447344863770807e-01,5.800203020292874490e-01,8.119647705028157914e-01,4.376819504798615812e-01,7.511206624591237890e-01,7.834861481654381565e-01,4.007714006659140460e-01,7.679358547710153360e-01,7.985628986164859944e-01,9.708299850559153343e-01,9.137511638825990268e-01,9.678786870049986835e-01,4.840126597484597504e-01,7.905029109619432504e-01,4.048739259202952523e-01,7.025702917843086315e-01,2.839572985600644084e-01,7.540867215740814089e-01,9.139052159649787566e-01,4.575342664025526251e-01,7.079661074567958901e-01,6.717769094767545024e-01,9.960951672804663204e-01,7.453413696521856702e-01,8.780263066112615755e-01,9.054524450125782664e-01,7.256115394887669989e-01,9.407216418166897132e-01,7.727497897358823753e-01,6.738271017076946645e-01,4.593329533198485248e-01,3.692714665735883361e-01,8.526206151639931230e-01,8.129975881776265734e-01,7.334125096515192732e-01,9.350984505008890224e-01,8.166390202561217837e-01,9.455190889920124242e-01,5.497845011549171712e-01,8.293419891090261231e-01,4.186608342616677803e-01,5.126771691683977838e-01,6.739700744958644352e-01,5.095696118167917232e-01,6.414827242452734168e-01,4.386995318462246773e-01,9.912645190630362535e-01,5.402629189117924557e-01,5.090928023298331162e-01,4.337658950203716612e-01,4.424172269978036698e-01,9.393555581030991197e-01,6.983703704410548774e-01,4.636084879138698822e-01,6.648077735440399705e-01
9.858273741350638275e-01,5.724969846252618844e-01,0.000000000000000000e+00,2.302937180860101518e-01,8.470597717908809887e-01,8.651535786929376304e-01,8.434329405190353901e-01,6.150041540585137190e-01,7.989913693201905476e-01,9.037124671887301064e-01,4.854228813120158303e-01,9.680930390402795460e-01,7.912692220686096123e-01,8.033219693199639133e-01,8.510293902450051240e-01,3.651989011001677277e-01,6.902910866812839163e-01,7.638078490175121971e-01,5.101415199441696746e-01,7.294959078303250299e-01,9.630663428699232087e-01,8.992832764151181824e-01,8.374395786832410371e-01,9.678768656799253689e-01,1.314051883160743395e-01,9.684193531477724992e-01,8.095114792122001246e-01,9.223070906403233460e-01,5.670154386648260658e-01,5.387994569115787113e-01,7.075162040339884051e-01,9.801307527325494595e-01,7.158879644462632363e-01,6.991944439033082048e-01,8.433569188538811989e-01,4.096945293727037307e-01,3.730097835804725426e-01,6.510299096247175177e-01,7.268688356956805041e-01,4.304728683853793481e-01,4.735895944031429661e-01,8.252049556128793206e-01,3.236224009084265330e-02,7.864839911561614105e-01,8.980325238490522999e-01,9.791751476296156609e-01,9.927143726741904928e-01,8.986864403094606546e-01,7.424726334943936301e-01,9.798228839587972416e-01,6.833771114203751607e-01,9.863191876334798103e-01,9.988017150748755846e-01,8.727273883208525040e-01,8.397240867972182166e-01,8.574327763027740357e-01,8.268844370202379501e-01,9.620673871485967421e-01,8.222555569426742705e-01,2.910308905862755702e-01,3.595260794356818224e-01,6.087149287089679284e-01,7.882958884143995704e-01,8.147924411943709977e-01,8.368059193941213003e-01,6.452434625878287200e-01,9.464611746659725711e-01,9.738244638340016746e-01,6.665845435791627471e-01,9.442492474004671177e-01,5.685296135172714926e-01,8.096590252461683956e-01,8.004898384660008581e-01,8.609037368001811741e-01,8.567683184291110532e-01,6.601794343615641214e-01,7.814130601393631803e-01,-9.077901117771552952e-02,6.850027009657638777e-01,8.199244935878318152e-01,8.196448489736736231e-01,2.371178116145531423e-01,9.539668728457978419e-01,9.248724023031329455e-01,9.995989505430256106e-01
7.082088745248675821e-01,8.718901890158833323e-01,2.302937180860101518e-01,0.000000000000000000e+00,4.218159700358449227e-01,6.531386928038790396e-01,5.081021097013134202e-01,5.475918123461696041e-01,8.166136188345136659e-01,9.810531846021521840e-01,4.496129101321274524e-01,9.447441051511257237e-01,8.414131205714041606e-01,7.501851763360795067e-01,9.629019784000654170e-01,9.730845888240048369e-01,7.058554452151872827e-01,6.550681393864460356e-01,8.082700761812974255e-01,6.847020851428682331e-01,2.852714577489395831e-01,6.682185731950772700e-01,4.325666205008684151e-01,7.456929437434579588e-01,9.842387578902798140e-01,6.564108843542119098e-01,6.020363295508880386e-01,7.137365268052047185e-01,7.672789825580155210e-01,5.215727533166096830e-01,-4.518228947259395056e-03,5.029937919874551966e-01,4.661893369114127883e-01,8.966514249421551064e-01,9.784507140093978705e-01,-3.360513205545143101e-01,1.229489139997947539e-01,4.981004158139356597e-01,8.435951106660467547e-01,9.628858737193013440e-01,8.975410104030109304e-01,8.151465514103068966e-01,9.593225374362657210e-01,9.320671386477956677e-01,7.778870584763570850e-01,4.407787136369857306e-01,4.964377869937115495e-01,6.007730128712474027e-01,6.999165761404245734e-01,4.289850213397515821e-01,4.069043946415325519e-01,8.123129235393689029e-01,7.865491678220243310e-01,9.662686954697218278e-01,7.771932728584181049e-01,7.070305068045877883e-01,3.572484082304905884e-01,6.360270307265576406e-01,5.064488504505595401e-01,6.507432018081215075e-01,5.220291889909361993e-01,4.983641546701948477e-01,9.131004963118509732e-01,8.222503198038939587e-01,9.197828004952526282e-01,3.413811258758854827e-01,7.845622085444579064e-01,9.419055606608042197e-01,6.238069662911464031e-01,9.332549394803748566e-01,6.389845337490974719e-01,9.485853566991419017e-01,6.930541420436926447e-01,6.068175726369574585e-01,7.524582859165486193e-01,8.220150356669400082e-01,8.641253412130121825e-02,8.930765606816111202e-01,2.034547661764049553e-01,2.996632748453534889e-01,6.013103597799797084e-01,8.523163459116298579e-01,4.544128116844198817e-01,7.843472086961588152e-01,8.768431862520047471e-01
9.016632060671566640e-01,8.241086313888744685e-01,8.470597717908809887e-01,4.218159700358449227e-01,0.000000000000000000e+00,7.888926991422432478e-01,9.380956677264769006e-01,6.637704233254309028e-01,8.330726487102002586e-01,9.390694943079042067e-01,6.543143243899477435e-01,6.097225208325546264e-01,6.029826997510804309e-01,6.797097345931624179e-01,2.574471846726593127e-01,5.663937069455151629e-01,9.006708289881455443e-01,5.562491615882678708e-01,7.516498481194141545e-01,7.311946771270896317e-01,7.467419185747045107e-01,5.963753844636923152e-01,7.185481989385881230e-01,4.826785626576523547e-01,6.752570857031163776e-01,7.353813171663253767e-01,6.422236094871580647e-01,7.822850464600731302e-01,3.312400264290040752e-01,5.176955473527357077e-01,5.892991768005901854e-01,6.051527187247043305e-01,4.664277108416846618e-01,8.411991263077002179e-01,9.150294880281485410e-01,7.761993768644684932e-01,2.423115397424113193e-01,2.497346595846218487e-01,8.402576598525232088e-01,7.635534290605916485e-01,7.711543618304030900e-01,4.919244438316161538e-01,9.724750469062648506e-01,1.873806161560431505e-01,5.334898713021692940e-01,4.104481947322196067e-01,9.007737085932197019e-01,7.220624626617813124e-01,6.523112805019228855e-01,9.665177279434522539e-01,6.524753172894022235e-01,7.315898302664506359e-01,6.122252322915678890e-01,2.261321804092656929e-01,2.831481625433327487e-01,4.471207107822806615e-01,5.075163027822674477e-01,4.471491842176174569e-01,3.345481470840904192e-01,5.697359298566304631e-01,4.135689647601635266e-01,4.175988839131230534e-01,7.345706572061729833e-01,9.817348527731026842e-01,8.548167492736206130e-01,5.979341260320992779e-01,7.284832409223680472e-01,6.916231090402148451e-01,5.329183105174870594e-01,7.476068223937994972e-01,8.451564925517565108e-01,8.256815111192852275e-01,5.620868246246153443e-01,4.446791526792491789e-01,2.977194309041080178e-01,9.671952173567761601e-01,8.931345820574524419e-01,5.622194146469506881e-01,2.940782894398462632e-01,3.707088446608504673e-01,8.340877752415214452e-01,9.718274936859010449e-01,7.277184172850907906e-01,6.652016600055743467e-01,6.926947516714822006e-01
7.409637829864353931e-01,2.631833625457531411e-01,8.651535786929376304e-01,6.531386928038790396e-01,7.888926991422432478e-01,0.000000000000000000e+00,5.385083093113591790e-01,8.097369009052948763e-02,6.232896605608081453e-01,9.746113866620106370e-01,6.285424953155011041e-01,5.119081755337099304e-01,6.451283456212815182e-01,4.950538418517508865e-01,6.036901681542927722e-01,8.100093837861009893e-01,8.203565262617061871e-01,5.501019727566148765e-01,7.450542269960562791e-01,7.330276323484136158e-01,4.496717892564436325e-01,7.936868371119062404e-01,6.861919202253430328e-01,9.784722817913874549e-01,5.345065710422575167e-01,1.402041988777948389e-01,8.293927869656222418e-01,5.998267342186502926e-01,5.417135170783530240e-01,6.748269111218456739e-01,3.176235645587186518e-01,5.131164765341418299e-01,6.053643383469510253e-01,5.464652274769588036e-01,3.208688107267155809e-01,7.344471521578347373e-01,-3.657579610342184817e-02,9.289359195592522545e-01,5.747958037922908936e-01,7.408627415318368437e-01,6.562789073791998051e-01,6.959274696472882438e-01,9.804811308514316259e-01,1.241421530160956577e-01,9.756259172290986381e-01,5.172947951499196062e-01,6.801456870142292832e-01,5.393347885211758896e-01,9.511102336484084097e-01,2.923319247235576790e-01,5.400367459180387408e-01,4.937555256205619081e-01,9.952357581792504737e-01,4.484838764454155968e-01,9.520820365602779001e-01,8.059068321721714057e-01,8.042337760719091566e-01,9.793559489158993880e-01,8.054361915048897647e-01,7.750023170853064247e-01,4.773431876582437394e-02,4.298943652311701946e-01,7.315740469913437627e-01,6.416538261831458145e-01,6.648245539507499080e-01,9.551825505458430010e-01,6.721931838541361781e-01,6.658766659295731749e-01,8.351465347137476680e-01,5.017907603186283483e-01,3.899628105596890104e-01,7.340838209536126868e-01,7.300688384343572146e-01,5.525862285610464442e-01,6.227752220391873372e-01,9.446193328196901273e-01,7.420029146924962404e-01,7.628726259180218516e-01,5.591334401726367753e-01,5.060046181794041198e-01,2.302671049938371517e-01,8.683346685049666558e-01,4.311673191348183165e-01,1.689684193444857818e-01,6.143138725792935961e-01
6.653740112241022242e-01,4.618635786940262777e-01,8.434329405190353901e-01,5.081021097013134202e-01,9.380956677264769006e-01,5.385083093113591790e-01,0.000000000000000000e+00,1.139185960755683680e-01,7.271647332202161307e-01,7.245542567505851572e-01,5.944385571580306227e-01,3.543062473077365770e-01,6.592454283504447510e-01,4.011617947793631456e-01,7.300225641992221792e-01,3.422207980559821561e-01,8.220059319328364422e-01,1.363673804729852168e-01,5.056309826836982158e-01,8.289993979722103390e-01,9.463967657473899564e-01,5.258949237807636345e-01,4.252191868366825278e-01,9.118699737936022398e-01,4.232494872108672479e-01,4.423735909351080298e-01,6.818939758940468776e-01,9.145957227647972809e-01,4.512491126285519960e-01,6.504015428795493214e-01,5.036970983724499140e-01,2.963516172170828078e-01,2.761580657016576290e-01,2.825052409243863361e-01,4.452691055626081806e-01,3.581201174583223956e-01,2.856734125465087981e-01,9.865175081484387487e-01,2.572704880415721540e-03,6.412956095660237166e-01,4.302505485306383215e-01,6.938704182212954708e-01,8.179200270757721603e-01,7.492504923335433498e-01,8.693933634051997927e-01,3.646870401376225979e-01,9.919690840919207497e-01,7.513974901541735640e-01,6.568788412619041006e-01,6.266932691414105472e-01,5.397413704917919386e-01,4.528370708172742010e-01,8.047866156611622745e-01,5.784134465131858249e-01,9.674768241237317046e-01,3.365292502054234025e-01,3.601158605383280031e-01,4.499383647308191070e-01,8.787160405066161140e-01,6.899842958124767778e-01,3.507270790207600575e-01,2.575103020478605731e-01,7.733817308863384365e-01,6.820480987312759202e-01,8.916246818019244458e-01,6.325546135767831091e-01,6.384701575003403073e-01,6.173401123317998618e-01,4.438438775811429648e-01,4.236362239241112104e-01,6.992282424165585653e-01,8.520988533933409048e-01,6.208456204515543364e-01,9.132398492419915303e-01,6.451810624862811538e-01,6.490170942273614241e-01,4.206349483716167459e-01,5.875567556406978698e-01,3.982599602153115148e-01,6.775775975766256121e-01,4.245256264275376612e-01,7.671970049285143922e-01,1.225747221220123279e-01,5.543828476027253815e-01,6.868357324611037429e-01
9.860545858406398745e-01,4.009629326985580944e-01,6.150041540585137190e-01,5.475918123461696041e-01,6.637704233254309028e-01,8.097369009052948763e-02,1.139185960755683680e-01,0.000000000000000000e+00,3.963785603035877569e-01,7.792478305691680207e-01,4.849784269218490595e-01,6.708365159495920382e-01,9.390660625634518199e-01,6.297762143351925967e-01,4.095161269187917452e-01,3.757357550968862814e-01,9.101225984991154760e-01,5.424626492553655810e-01,9.726281371071757165e-02,6.731605555993274148e-01,4.626583829724099095e-01,8.726495143000588817e-01,8.573725844480832858e-01,4.350485011857939677e-01,7.633423191865225110e-01,3.911130138750246177e-01,7.677750606935767053e-01,8.536294368438223090e-01,5.770456055631152381e-01,3.538127221838412440e-01,5.580053880985466064e-01,9.092308148834005177e-01,7.878386872562787024e-01,4.937800592048352533e-01,4.768665041577611063e-01,5.423068700057339653e-01,6.400757734306996571e-01,9.621688177621929849e-01,8.088052657810095303e-01,7.105976981482253763e-01,6.109250373937030743e-01,4.913908695345700073e-01,5.313334214603399053e-01,5.884093502887343119e-01,8.455376083986400060e-01,8.186821022045649432e-01,6.987404241498857971e-01,1.625038566092361636e-01,4.101996699282069447e-01,8.637758092678895494e-01,4.009452250211129054e-01,4.910435850637596134e-01,6.520970031085242535e-01,4.794276764780130984e-01,6.905322274945820960e-01,9.237196030219263498e-01,4.873681726648522172e-01,4.100650883824902282e-01,8.950938550893485779e-01,5.216630275534174244e-01,4.918466200369854269e-01,2.113575242168122537e-01,6.296764876216137674e-01,9.649672531707605971e-01,8.052529870983565763e-01,7.846611653142084863e-01,7.467256117045033559e-01,7.988852789328497739e-01,3.956157736803135316e-01,2.613582500131447772e-01,8.296686117404843408e-01,3.314388895326859652e-01,5.793843496658437342e-01,7.802152173433491988e-01,8.368472807849962614e-01,9.178062727986112668e-01,3.079664137421512238e-01,6.331376706884891403e-01,4.047971962744382757e-01,5.865638037482767686e-01,6.807261704566245353e-01,3.487538790351947804e-01,2.515104758546193864e-01,5.910944348915273538e-01,9.532447501575453952e-01
6.133295954126430916e-01,7.252407714461421850e-01,7.989913693201905476e-01,8.166136188345136659e-01,8.330726487102002586e-01,6.232896605608081453e-01,7.271647332202161307e-01,3.963785603035877569e-01,0.000000000000000000e+00,8.449344674645329345e-01,8.389030071631979890e-01,6.418354325064964394e-01,6.410657109684561039e-01,6.581205374225177485e-01,8.606229571441220694e-01,9.238581112728457834e-01,7.541321408355574629e-01,7.328985277115908081e-01,5.922187910789621368e-01,9.287714626126357675e-01,6.476932372713350983e-01,9.101840935414852174e-01,6.952927589761233040e-01,8.815373266100300365e-01,7.626985738889970889e-01,3.162525297786798056e-02,8.417129903455462525e-01,5.306224648433807145e-01,4.763338368288198010e-01,6.382834288138143908e-01,1.354868868895612866e-01,2.485020599763153870e-01,6.563384911724511328e-01,5.692109802625792137e-01,7.895524180732842456e-01,5.672167535488772394e-01,9.215062952894876869e-01,3.413473609035886369e-01,9.713998707279046796e-01,4.125776362459235846e-01,4.411819224903345549e-01,8.902470811178703203e-01,2.175690612172251071e-01,5.147035649057833950e-01,6.331364164484594159e-01,7.810308972791294435e-01,5.600149335418775909e-01,9.118174993853582766e-01,7.759058363885726894e-01,8.227973267702557436e-01,9.632877342948381605e-01,5.378135659980334271e-01,8.817335928550095181e-01,6.833849110155635342e-01,3.096601672386887216e-01,6.733184440945523264e-01,4.687217354949346770e-01,7.974633115427813834e-01,7.964168157215043564e-01,6.964604957933324680e-01,6.176351390132280850e-01,5.569960316285592627e-01,7.645863162807260416e-01,6.810973717639181579e-01,6.245739368452853935e-01,5.563510114937280093e-01,4.476914659318734224e-01,9.815674892087589143e-01,5.730646417003658621e-01,7.910755717478494820e-01,7.897054863456784979e-01,4.794799765944783854e-01,7.019138301407424896e-01,2.307420783096152950e-01,5.332646615028430181e-01,8.125240195951527467e-01,9.243450656248588526e-01,2.368221221700153589e-01,4.844184337165258758e-01,3.007973871750540540e-01,6.451087756215621027e-01,6.822404295103325911e-01,7.712782554454145068e-01,2.197195303152230939e-01,7.303760374638091912e-01
2.920716602860989330e-01,7.158032403686992451e-01,9.037124671887301064e-01,9.810531846021521840e-01,9.390694943079042067e-01,9.746113866620106370e-01,7.245542567505851572e-01,7.792478305691680207e-01,8.449344674645329345e-01,0.000000000000000000e+00,2.869142769968557882e-01,9.475359279051400740e-01,8.203738739816168746e-01,8.140067582836534310e-01,4.823329893636137400e-01,8.602336831393212480e-01,9.449913675044094852e-01,6.687377922639522465e-01,8.211322999894380414e-01,9.292085628668337316e-01,8.549789703245395112e-01,9.845995032292996774e-01,7.808878802151335563e-01,7.914260041540472912e-01,7.582185854953482629e-01,8.652849364259267428e-01,5.437573549797217742e-01,3.690557712193832662e-01,3.462129388024452470e-01,2.907327627382612634e-01,7.185123667842628903e-01,9.153018353442943233e-01,6.488300066952168432e-01,6.071707885159767226e-01,4.668768499200332545e-01,8.220883485875849495e-01,6.198780830979020440e-01,9.663689588521009455e-01,2.803628908299922173e-01,7.164930330788454871e-01,1.437632424039020362e-01,6.956224280166273255e-01,6.761668960771639592e-01,6.068872937520852773e-01,9.094527171729603898e-01,6.490534088235445642e-01,8.007530001428604383e-01,9.964280466544513937e-01,7.932761440207620751e-01,4.819407184702282354e-01,8.902880156943109302e-01,9.505609456810422131e-01,8.228199971108447475e-01,8.267377001459434993e-01,7.095273080603251570e-01,7.436795104088628205e-01,8.424412207384226470e-01,8.443862936614552339e-01,8.888742820887884921e-01,9.139636682548576418e-01,4.851468410400284204e-01,5.638372732226791806e-01,6.129287111823789047e-01,6.256825673325940862e-01,6.706928395305863377e-01,3.329456626587923296e-01,9.647383325931825349e-01,4.332715890256960689e-01,5.486895052728185673e-01,6.795917174135535088e-01,9.150411607688385685e-01,5.415733089737869710e-01,2.600452104216329774e-01,7.015814480012850796e-01,6.139030410985920616e-01,4.857550881701833134e-01,8.575609862906499181e-01,8.254780213816735879e-01,7.278150952650855876e-01,4.928093786558643830e-01,8.432383662130474300e-02,7.729182858230254638e-01,9.320518429235106206e-01,7.823743172413749614e-01,8.172703834787060639e-01
8.690509882462845725e-01,9.296929709199488467e-01,4.854228813120158303e-01,4.496129101321274524e-01,6.543143243899477435e-01,6.285424953155011041e-01,5.944385571580306227e-01,4.849784269218490595e-01,8.389030071631979890e-01,2.869142769968557882e-01,0.000000000000000000e+00,6.350979462279425780e-01,8.808848797621400273e-01,9.916549129693127407e-01,6.517831902814656964e-01,3.761907121541869237e-01,8.981107398636737349e-01,7.640951167133229749e-01,4.877702541624099331e-01,8.115386931559794848e-01,8.078371814562944619e-01,4.106172096593475040e-01,6.062163155505836398e-01,9.039858285589884579e-01,9.869290471428272538e-01,7.674627489719388906e-01,4.515649839391445708e-01,6.204102767410449859e-01,2.367867050491388042e-02,3.899553543614590057e-01,2.149866366780947557e-01,6.928197466399478310e-01,8.961622727794396059e-01,9.610929904182973216e-01,8.935414211112460148e-01,6.561599181293751304e-01,1.183829047023595982e-01,4.151986567925171068e-01,9.234746422590432990e-01,7.800533630045832778e-01,5.784700151001043178e-01,6.462271518187003849e-01,2.472463736491201935e-01,9.977324687857860308e-01,9.802628647442650500e-01,2.472257992197416099e-01,6.246688722988791298e-01,7.806335532069419436e-01,4.909343942884780709e-01,8.301105226652819580e-01,5.477962166465862870e-01,9.837945085773061038e-01,9.105619575172222424e-01,9.690566993544754704e-01,8.156346146939850161e-01,8.996948991058605349e-01,4.766938473011769761e-01,7.740255952116771310e-01,8.614167348281538406e-01,1.412551668618526948e-02,5.822218083135254352e-01,7.775215347865973570e-01,7.330099721638065891e-01,8.205562097499101704e-01,2.137301287825650875e-01,3.093064172326538408e-01,9.809312240646528291e-01,9.882064368728399328e-01,6.105242251311006063e-01,9.962403937514352492e-01,8.462421727861767495e-01,5.981259677264494368e-01,3.178667610754916661e-01,4.725286357706837137e-01,5.122156938008833871e-01,8.404699976856969679e-01,8.178770562545825129e-01,6.066576499591433969e-01,4.851215311709119460e-01,5.503346072962423952e-01,9.719053427534174450e-01,8.416473109201130232e-01,8.167012977944805296e-01,2.724529550145953216e-01,5.649137240223865986e-01
8.233406549761478344e-01,4.707202308685242143e-01,9.680930390402795460e-01,9.447441051511257237e-01,6.097225208325546264e-01,5.119081755337099304e-01,3.543062473077365770e-01,6.708365159495920382e-01,6.418354325064964394e-01,9.475359279051400740e-01,6.350979462279425780e-01,0.000000000000000000e+00,7.014289249389464853e-01,6.217687665271437458e-01,3.363850761891289953e-01,4.770651028225411650e-01,9.180413241245729550e-01,5.282395282497719391e-01,6.873471837806987006e-01,8.368216571321180908e-01,5.037330250391294229e-01,8.756291451832590722e-01,5.141563008136420532e-01,4.262461235427736916e-01,1.498793523009914752e-01,4.615559120042392882e-01,5.050898970096782126e-01,2.510460438958469487e-01,3.717797228964502820e-01,6.714321481055436358e-01,1.269124181914820237e-01,7.438779220415203675e-01,6.001826931449589786e-01,8.669881099051739426e-01,9.091122003324896284e-01,1.803574191563099838e-01,5.070514069317662020e-01,5.812950152380506053e-01,8.226655980714456806e-01,7.673088962082345033e-01,2.415425494678329066e-01,9.884283112536961236e-01,7.897746862383321353e-01,9.790311677917030719e-01,8.805787037796800609e-01,7.212150651029565207e-01,6.878717341960717269e-01,5.994360088484209648e-01,4.493254570555935828e-02,8.619246075489264136e-01,3.596422669420515916e-01,8.690224603396712322e-01,9.086507219697870230e-01,6.378156219348102285e-01,2.552950544650829379e-01,5.882734343188720239e-01,2.452033138662874645e-01,9.457517779394730706e-01,9.666649050295115231e-01,4.337955212876059563e-01,4.628721833838841393e-01,5.215291720196638114e-02,9.831311709693817402e-01,7.081417587870457719e-01,8.381438415658915009e-01,9.966811395122576744e-01,9.270546752702116811e-01,2.163970094861896454e-01,4.143518673961423815e-01,1.931679910804962874e-01,7.679738857322855605e-02,9.926278414218281387e-01,4.989313089443051519e-01,5.288666752221018452e-01,5.973756746037226506e-01,5.455373990080629731e-01,8.424158966896821976e-01,9.760314264115936833e-01,7.452659403877758271e-01,9.049383871299454540e-02,9.633701341204385926e-01,7.534662527929616438e-01,8.586336008229447092e-01,2.002188509207022127e-01,9.458760087429601837e-01
9.526564822787948472e-01,6.836716616261563351e-01,7.912692220686096123e-01,8.414131205714041606e-01,6.029826997510804309e-01,6.451283456212815182e-01,6.592454283504447510e-01,9.390660625634518199e-01,6.410657109684561039e-01,8.203738739816168746e-01,8.808848797621400273e-01,7.014289249389464853e-01,0.000000000000000000e+00,6.535202680141347642e-01,4.399430197542716359e-01,4.656485289026052743e-01,5.164539846280187252e-01,8.473862075060838439e-01,4.813641316625169586e-01,7.511115347158883182e-01,9.521041423614513555e-01,6.498340826906605638e-01,5.849351953232981849e-01,9.751417791523201428e-01,6.761423266304085189e-01,7.123215505885374110e-01,4.340332616425260359e-01,5.015778993000469255e-01,5.006090547317890715e-01,9.760981146666737329e-01,2.541170566392872421e-01,2.195289509000988848e-01,7.164952022869222059e-01,6.711923569714135507e-01,9.551740951310050409e-01,4.518253657698288461e-01,2.741892030572254391e-01,3.682535382503733246e-01,3.046449447806661159e-01,8.623375589978096167e-01,7.166626112518247327e-01,9.376044083677459451e-01,9.488993122915186929e-01,7.350524501762399909e-01,9.973540100808943043e-01,6.110824391790939947e-01,6.614120525997319033e-01,8.915922853216103894e-01,8.380448541143872276e-01,2.287862308555848115e-02,9.699435878968130087e-01,6.884409563682436506e-01,7.353448705168871280e-01,1.228545500505414945e-01,9.878315097660990141e-01,2.220693759433785830e-01,9.720389582523601968e-01,2.133486374567811206e-01,5.607836753015987830e-01,3.293801746165038735e-01,5.304429353090749366e-01,3.457237318107013180e-01,9.916536911784126218e-01,6.775948579836501562e-01,9.901149939957634150e-01,7.233099071551434278e-01,8.565575471447622879e-01,9.936480680993345915e-01,2.982994792128199069e-01,6.210580508151585244e-01,8.281346631708254025e-01,4.742651430548252556e-01,5.797556744475422796e-01,7.869602118033965921e-01,7.605233747117134957e-01,8.244358867239468536e-01,7.384264046222098754e-01,8.753524593725419134e-01,4.131438740421078393e-02,5.801888103961263532e-01,5.114284132957889195e-01,9.879429835725059839e-01,2.256617334553913112e-01,7.405160325715349767e-01,5.953246678266759240e-01
2.428387478361824225e-01,2.349380795893487306e-01,8.033219693199639133e-01,7.501851763360795067e-01,6.797097345931624179e-01,4.950538418517508865e-01,4.011617947793631456e-01,6.297762143351925967e-01,6.581205374225177485e-01,8.140067582836534310e-01,9.916549129693127407e-01,6.217687665271437458e-01,6.535202680141347642e-01,0.000000000000000000e+00,2.639661034238962797e-02,7.758133596660726772e-01,2.328380372039557111e-01,9.668291559157435877e-01,6.203798893338983156e-01,7.441772710779548383e-01,4.186431320114619714e-01,6.106659703151141594e-01,6.576259288925883073e-01,6.177520078058961195e-01,3.700745854120298661e-01,7.109206398269362071e-01,7.212624133964902207e-01,7.676723006626171575e-01,5.517862795298018597e-01,6.472103548098581127e-01,1.202881446704091688e-02,8.914936371474024845e-02,9.554337674222486143e-01,6.769167587926770979e-01,4.486165691555346058e-01,6.787236274399930380e-01,4.558704240476079139e-01,4.773559694163048706e-01,9.522035543586926387e-01,7.200864520329679497e-01,4.925365878128304953e-01,6.304676076274518329e-03,7.804034944931749207e-01,6.321258727167633484e-01,7.415366764752995277e-01,-1.593545857878087557e-01,1.891880983042014408e-01,8.138274725738133819e-01,5.020690273220357325e-01,4.840454602055995759e-01,6.468816167667950090e-01,9.931002558189704343e-01,6.815112834390815166e-01,7.648684341588349866e-01,5.896140902833417741e-01,5.442008926277059899e-01,2.751753957958911201e-01,9.829950934555556907e-01,8.728298081315903900e-01,1.358874785426239795e-01,8.123329800381410282e-01,7.051742744366417126e-01,9.557593249223179654e-01,3.369234658766612767e-01,9.573334435210889559e-01,9.344498157313958497e-01,8.931262032369846615e-02,6.095370082662859845e-01,6.191822345434974673e-02,7.462480047163224661e-01,4.781809629021368524e-01,3.544229698649054017e-01,4.764613223763121685e-01,4.827660774569009217e-01,4.240556743892266445e-01,3.363530130516032696e-02,7.056583632619194413e-01,7.207107722059366006e-01,6.061644160901935585e-01,4.549201250174828570e-01,6.437174016066405935e-01,7.896549178525067436e-01,9.626164428531109873e-01,6.305432907404295850e-01,6.704639196718085170e-01
6.668122210756677326e-01,6.752830302966293941e-01,8.510293902450051240e-01,9.629019784000654170e-01,2.574471846726593127e-01,6.036901681542927722e-01,7.300225641992221792e-01,4.095161269187917452e-01,8.606229571441220694e-01,4.823329893636137400e-01,6.517831902814656964e-01,3.363850761891289953e-01,4.399430197542716359e-01,2.639661034238962797e-02,0.000000000000000000e+00,6.028485820651252602e-02,7.078245701467933415e-01,6.874812183249677799e-01,9.240557672044218407e-01,9.714071126944766599e-01,2.087018538227747022e-01,8.863661204205348643e-01,6.815102595554100029e-01,6.045084681865245946e-01,6.364721238040802476e-01,4.421862206217320179e-01,6.967921608614127127e-01,5.679088438951547246e-01,5.258358883560255714e-01,4.239449072564605014e-01,5.952206923599063781e-01,5.730734409240654248e-01,5.733572150808342593e-01,2.668770112207775047e-01,8.774304149454950075e-01,5.051512514166115464e-01,9.989250121277890582e-01,6.214317747120753355e-01,8.961758366578399526e-01,3.359462884778443570e-01,2.345973822521326413e-01,7.997248061124565544e-01,9.465022481085325623e-01,4.056721266011472649e-01,9.396604434437698661e-01,8.343174113455820162e-01,4.197641719775430658e-01,4.510612410649896820e-01,4.489485526455355147e-01,7.061135680815993076e-01,9.094739217242353568e-01,6.632636397724077648e-01,8.353847553725723962e-01,1.618756809781848327e-01,6.018867116942858697e-01,6.740775769822695551e-01,8.393711107614432176e-01,5.935708337416075731e-01,6.151726955498751925e-01,6.806177126797610111e-01,5.224419703933282921e-01,9.682411337525377304e-01,5.375607285519978795e-01,9.209722570277363296e-01,8.610405391037485590e-01,4.824772131298484812e-01,9.276170739199733895e-01,9.181082002402801701e-01,7.166822770539726939e-01,7.622671169261410196e-01,6.979353185010217508e-01,6.922279744094709253e-01,5.094290469580110559e-01,8.175484021911235688e-01,-9.937913836712192195e-02,4.495478322706858987e-01,5.277137214758711448e-01,-3.595251446539092233e-01,4.461185203879569627e-02,4.931361857785475644e-01,8.970421797642812445e-01,6.650587096364815043e-01,7.156817755214365251e-01,5.461427367380599085e-01,2.501477021282662583e-01
4.432091084724752439e-01,7.144920811390755855e-01,3.651989011001677277e-01,9.730845888240048369e-01,5.663937069455151629e-01,8.100093837861009893e-01,3.422207980559821561e-01,3.757357550968862814e-01,9.238581112728457834e-01,8.602336831393212480e-01,3.761907121541869237e-01,4.770651028225411650e-01,4.656485289026052743e-01,7.758133596660726772e-01,6.028485820651252602e-02,0.000000000000000000e+00,9.591548584184759196e-01,7.833139312976555857e-01,1.722362325004000994e-01,8.471576607483939370e-01,8.345435428141756429e-01,7.969995702851664365e-01,4.828844154013220424e-01,4.057082373859579594e-01,1.108354853524726596e-01,7.005739192420784578e-01,8.803010870752503436e-01,1.755555823408213589e-01,4.492007457138521564e-01,5.294792682406249673e-01,2.887329943189906878e-01,4.858243199512505273e-01,8.870012573384219445e-01,4.410064598558371962e-01,4.875552290326122806e-01,7.309813676759445433e-02,3.457144631653812361e-01,5.435448947631608130e-01,9.779926018616883487e-01,5.094997607143125773e-01,6.186160688381510120e-01,3.675813327200603275e-01,4.702925147470653489e-01,8.788511767217361825e-01,1.136425161624932678e-01,9.291063882256420658e-01,8.970505759860073480e-01,9.539323308271889790e-01,4.708006358554316928e-01,3.362045685661182448e-01,8.810786069929971154e-01,8.637136064702616300e-01,7.752148845905897367e-01,8.059908363951802102e-01,7.609041106865818138e-01,8.578555598266299764e-01,5.834869413304275554e-01,2.352382552143045535e-01,5.806410744992616113e-01,4.150691716418303812e-01,4.508180694182535309e-01,5.605517355502841470e-01,7.717562153511295930e-01,9.278014710579413071e-01,6.404229770565916802e-01,3.327803558932429517e-01,7.410189902034408638e-01,9.491095644160822964e-01,6.877268479016861447e-01,6.577083562321840438e-01,6.052179310497761699e-01,5.780743044313445544e-01,7.453023025453265893e-01,6.429579941228730222e-01,7.658527283545543130e-01,-1.330707527371315091e-01,8.141202006962203752e-01,9.946017312599098048e-01,5.427145889114470823e-01,3.115005381198952539e-01,2.210154426943791994e-01,9.907663690688434110e-01,7.692074738106822185e-01,4.099855943329768770e-01,5.741415380209606845e-01
9.602032279574888030e-01,7.844093304241861464e-01,6.902910866812839163e-01,7.058554452151872827e-01,9.006708289881455443e-01,8.203565262617061871e-01,8.220059319328364422e-01,9.101225984991154760e-01,7.541321408355574629e-01,9.449913675044094852e-01,8.981107398636737349e-01,9.180413241245729550e-01,5.164539846280187252e-01,2.328380372039557111e-01,7.078245701467933415e-01,9.591548584184759196e-01,0.000000000000000000e+00,4.589528984338013817e-01,7.044329862978604417e-01,9.583169737422250201e-01,7.577630759402513849e-01,6.874089408962515968e-01,8.947479772183711821e-01,9.399633743729236546e-01,2.507867425012887397e-01,6.573647165011384796e-01,9.287844429901617183e-01,5.663712954210921025e-01,3.352539820405062154e-01,5.480183748752702755e-01,5.965155380839677335e-01,8.931769854498109451e-01,9.910699762630792442e-01,9.255517187738946383e-01,4.922212244636851031e-01,2.722006913268328332e-01,1.288322531965987172e-01,4.791623585050816536e-01,9.599283402286900024e-01,8.591862812472121913e-01,5.985717245877161252e-01,5.650541241946881454e-01,9.574553081350365424e-01,5.987150092447222072e-01,9.443906151070897703e-01,7.704995288412614940e-01,9.907949067596136805e-01,6.411772098203685211e-01,7.392292080705757940e-01,2.256589715453925504e-01,8.247780349747039219e-01,6.098367381366938123e-01,8.377162057998798206e-01,9.062094794605581871e-01,9.521369644280869293e-01,6.132635878302927779e-01,2.206007595067500104e-01,6.040632829044955132e-01,6.836657002630746049e-01,3.524118000786884419e-01,4.831433384615305138e-01,8.080135021218389779e-01,4.107312133004474286e-01,6.914197054975775858e-01,8.614298393765491557e-01,9.970479498132540641e-01,7.091761934506010112e-01,6.183320014466217041e-01,7.553904960206704322e-01,7.638178183842829760e-01,7.699036097343328056e-01,7.082500041993516904e-01,4.936740381570002834e-01,5.011675870110859909e-01,5.984356303233662189e-01,8.203729894541058609e-01,8.255229971718092141e-01,5.534915602273094981e-01,7.947056112470972655e-01,4.149913478058206984e-01,7.787630613366712806e-01,4.337652856131209433e-01,7.566214831172092259e-01,9.181626345396396438e-01,7.692477487251456747e-01
6.094206007455482688e-01,7.198634179321689031e-01,7.638078490175121971e-01,6.550681393864460356e-01,5.562491615882678708e-01,5.501019727566148765e-01,1.363673804729852168e-01,5.424626492553655810e-01,7.328985277115908081e-01,6.687377922639522465e-01,7.640951167133229749e-01,5.282395282497719391e-01,8.473862075060838439e-01,9.668291559157435877e-01,6.874812183249677799e-01,7.833139312976555857e-01,4.589528984338013817e-01,0.000000000000000000e+00,9.944248915949787104e-01,4.349465787272951411e-01,8.815423195579765725e-01,9.268900947125335854e-01,7.227969434000631743e-01,9.193042254847081374e-01,6.446261679145506296e-01,3.685607411690392521e-01,9.592378784047644880e-01,7.410231125909350069e-01,5.890133721919306176e-01,7.549430537163258625e-01,5.646610046059998833e-01,3.427140971334843300e-01,4.511888448607559443e-01,4.903836284625205932e-01,8.132142724650101018e-01,3.442238567041584485e-01,1.016965535520174824e-01,7.350407688036670883e-01,5.080269895208676667e-01,7.066327094749256243e-01,2.459759624025290303e-01,4.365956449844443643e-01,9.231015994499770505e-01,2.613179091642753304e-01,7.530732277084750681e-01,8.312839872403293695e-01,7.639037595049127383e-01,5.477795439088231078e-01,9.357563479804684725e-01,6.087987691602969598e-01,6.012264788563754792e-01,4.086469420000609087e-01,8.717219095398630602e-01,8.177051961769749022e-01,7.106796671149863132e-01,8.566111767135649036e-01,8.290466009268641079e-01,6.101421855960281748e-01,7.069720077423611304e-01,4.610767974143822334e-01,4.390783458601301148e-01,7.155955097971250511e-01,7.029320896910024041e-01,4.470250231096462579e-01,9.009046866030545608e-01,7.167620452639742457e-01,4.755421792574232587e-01,8.846022033870024615e-01,8.682836146649396403e-01,6.566080982665744026e-01,8.587140382259031979e-01,7.444474131390055316e-01,7.003761777520038923e-01,3.153806348875283216e-01,8.199226691653400956e-02,4.247533193334649959e-01,8.522146533094080434e-01,7.661930073342564373e-01,3.013150943323113506e-01,-9.128679517026418166e-02,5.393372595519043688e-01,9.647759587205332332e-01,9.089072056837431690e-01,7.551751553278120976e-01,6.932682816297350836e-01
