0.000000000000000000e+00,8.198940047260607766e-01,3.160790687255768394e-01,8.840845933175457416e-01,5.684368483048355403e-01,4.054770168292134991e-01,9.742217734278193486e-01,7.312422167916965421e-01,2.080848500260716952e-02,3.449631088901929377e-01,7.405323972281517841e-01,6.160667912629106402e-01,1.431808814719948419e-01,9.088697431568799612e-01,8.513032150598071057e-01,4.247757130131109005e-01,6.955073178579220805e-01,2.161299093670729088e-01,7.244496790339249870e-01,2.769801597668635207e-01,5.075446018562823625e-01,4.310684611800844057e-01,7.241300611439501766e-01,9.265147056175919715e-01,6.642161092807309375e-01,6.005769512473213556e-01,9.534778161707236910e-01,8.587548293062484683e-01,4.520138077306293245e-01,5.616458652484399711e-02,3.309356324180182662e-01,2.255100994675529602e-01,5.633410362820049366e-01,7.689155072591484785e-01,7.000875326872870730e-01,4.740874819844316523e-02,4.163273838970000806e-01,8.119763896537087744e-01,8.787485964418935147e-01,9.640585626743629621e-01,6.702871922244213465e-01,9.852972372607256002e-01,8.541581116907077664e-01,7.026971060576135963e-01,2.901325655197994902e-02,8.642244274788030145e-01,8.457891818139608997e-01,9.402758180621547668e-01,9.393868068688745465e-01,8.491792562672068057e-01,9.238067534049525520e-01,8.313665459107338895e-01,8.252075720983528262e-01,9.605807939539348084e-01,4.315687103733509833e-01,7.842202624496413810e-01,8.664493682909548689e-01,9.075279598131172909e-01,4.025738911573378265e-01,-1.278545736299556146e-01,5.908477278686365963e-01,9.752868578917819331e-01,8.408533362916305043e-01,6.041149158313303680e-01,7.221942183259359993e-01,8.426112139779574628e-01,8.606620582749596737e-01,7.101222526855334172e-01,4.435468300561951627e-01,4.219846146218447225e-01,9.460790339805174032e-01,8.174577380889817002e-01,3.478167786285030760e-01,5.044948051601766403e-01,9.858182319795234516e-01,9.312454615787694179e-01,6.610490192432126877e-01,8.474444918079701017e-01,2.993330752734787992e-01,6.299483734913707833e-01,9.109748976915523766e-01,8.228681672882180997e-01,8.519068619915718399e-01,3.958070737084836699e-01,9.050158576667628463e-01
8.198940047260607766e-01,0.000000000000000000e+00,7.500821151550318699e-01,8.607530378523136072e-01,8.563516207525476709e-01,8.043889324901130067e-01,6.626815108906213281e-01,9.104208919365297525e-01,7.181815557921682469e-01,8.090122671301690493e-01,8.356852486263524060e-01,8.814353664442673431e-01,6.128992319111821185e-01,4.059978132454357125e-01,8.889761639469139221e-01,8.305293168506920898e-01,9.545317932702438446e-01,4.600836077232062227e-01,2.638686224762143984e-01,8.060766947007054206e-01,9.125405012797676019e-01,5.775983857208510930e-01,6.393811761501067004e-01,8.322407326882056422e-01,8.157180825270378133e-01,9.258851513754442486e-01,5.607065867799968517e-01,6.929414903044789353e-01,5.757323521572921265e-01,5.351129502831156737e-01,2.008569934543667779e-01,7.268848372397223034e-01,7.752257475625410343e-01,4.935104204807780892e-01,4.563297375037406733e-01,6.030110277231697236e-01,5.608549980172293781e-01,4.647737487866366868e-01,4.721232000589346001e-01,8.631804824883014815e-01,8.684432563039247155e-01,8.694552194184069771e-01,7.520410839065301278e-01,7.271220979562549314e-01,9.736102948732600071e-01,9.727705805156879881e-01,9.736902142650842862e-01,9.582896488772356669e-01,2.695150824977222137e-01,3.207877452005211127e-01,6.669561684435364457e-01,4.753788393797441225e-01,9.873350314475790590e-01,7.087620237912579668e-01,9.769924712161297542e-01,8.876424548325217989e-01,8.882812707912816075e-01,7.610624419505135352e-01,9.765166530918729659e-01,5.427318316807464571e-01,7.898091521604733156e-01,2.231035724331231485e-01,3.120794270454336217e-01,4.308656004692100194e-01,8.964912489149061692e-01,6.467316239213038997e-01,4.864253014449714252e-01,7.666294052484835531e-01,2.595684616811089751e-01,6.694881820515351523e-01,9.627051332734352096e-01,8.437758315305671220e-01,5.639098959014954282e-01,7.088703061252558113e-01,6.061269884245348294e-01,7.300106023757856333e-01,5.096588481018887729e-01,3.212528273915655208e-01,4.152906102384832931e-01,5.759031029223707909e-01,4.634135057980442451e-01,6.995884050848387714e-01,8.238104517462511156e-01,2.743572488486374916e-01,7.727094158276247571e-01
3.160790687255768394e-01,7.500821151550318699e-01,0.000000000000000000e+00,5.203040856002486558e-01,7.017225978610205361e-01,6.374762007401695296e-01,8.933285733577598364e-01,5.301852613557321847e-01,7.295371521348195110e-01,9.928509868227687329e-01,9.348111842589644782e-01,9.406107577678715082e-01,9.414641844318463182e-01,7.992636111589774828e-01,9.957038614615401073e-01,9.567330777445678391e-01,3.997042659696448119e-01,3.910280372555960393e-01,9.014029116565716038e-01,8.014456014283488638e-01,8.457718339155904097e-01,3.156806460999606045e-01,9.138100913279382231e-01,9.850773213763676095e-01,9.880502548722863709e-01,8.784377097105049437e-01,8.921580751680077137e-01,6.888167362826036477e-01,8.300488083853078125e-01,4.456144988937203455e-01,4.461040734903288230e-01,8.167311414581082119e-01,8.980055112513446458e-01,9.219819268586000316e-01,7.363805903283108245e-01,6.689338291646197421e-01,4.675102461401974274e-01,6.792011947981618780e-01,9.896841211184277398e-01,9.870024916172575047e-01,4.202814041594635786e-01,8.298186563202296639e-01,8.323970263387958646e-01,8.833349811773397731e-01,4.073454603003282548e-01,5.585962052707620362e-01,8.034576717787976774e-01,4.443590267480446165e-01,9.539200901071384076e-01,2.803908620089532455e-01,8.090669571327658849e-01,7.335757450883679809e-01,8.066208577440738825e-01,7.764001692334823179e-01,7.210642841806707004e-01,8.755844359214144390e-01,9.493583727704549835e-01,8.154644300785157673e-01,6.209502116713563336e-01,4.644357457361241726e-01,3.218634141169860463e-01,9.633936935168118110e-01,1.453058460653204043e-01,6.882650057279650069e-01,8.903490740667031611e-01,7.201078020649378519e-01,9.745155485259616723e-01,9.891286854712262322e-01,8.764978568803550862e-01,4.939937279587677810e-01,4.057739104959486309e-01,9.328241069558994569e-01,7.438406677261308886e-01,8.029971575769978553e-02,5.576081430304277164e-01,6.247012489891066167e-01,9.034851064019837619e-01,7.779752570530487077e-01,5.599275545696260625e-01,5.484675285738840333e-01,6.010042808599148634e-01,8.033641167852846321e-01,5.774136004089582830e-01,9.011105218644155368e-01,8.422381060402001074e-01
8.840845933175457416e-01,8.607530378523136072e-01,5.203040856002486558e-01,0.000000000000000000e+00,7.955550706910924363e-01,7.062429496333347823e-01,6.351716794215691575e-01,4.522925760417716989e-01,8.967095129706512679e-01,8.877078385145418249e-01,8.113801147410064640e-01,6.285601476751818684e-01,9.106530057516839527e-01,2.766447884840375071e-01,6.981431499872513546e-01,1.402735928142512245e-01,6.433637590565283171e-01,9.952480933894264359e-01,8.711137158801750546e-01,9.150316714006998531e-01,2.027044011162712489e-01,8.840903966771580524e-01,8.711367217081367187e-01,7.967669703897062305e-01,7.298076805058097971e-01,8.722220921954074724e-01,5.320448481860426959e-01,6.816323035341063097e-01,8.608408815554928761e-01,6.326288033911978692e-01,1.726267888142461737e-01,6.755639195645822825e-01,5.270861859141664496e-01,4.467712532340177845e-01,7.647208911082911120e-01,2.561750933930663776e-01,3.490186593488626976e-02,5.324946224249523796e-01,6.679445508824164435e-01,6.598919108772183240e-01,7.795469630405211792e-01,2.959306261800955795e-01,8.473175541854287562e-01,7.068006487038844821e-01,9.100271790872176414e-01,7.803167512086832680e-01,7.036553183482656681e-01,9.770868666709826567e-01,4.592350966753594443e-01,4.857942409119495042e-01,9.882488565531426516e-01,3.236042529143986490e-01,9.393867485139455464e-01,6.844468731221537983e-01,4.885544882525276189e-01,7.870496582157435750e-01,9.622500666453657203e-01,7.110545657346665216e-01,8.274100432734806665e-01,5.602756993328262825e-01,2.259963777273788221e-01,7.557874873042490504e-01,9.409719665323696969e-01,8.631530898799166795e-01,7.764542929042813624e-01,7.688960891911207352e-01,5.180131660093760804e-01,8.136432689355117542e-01,7.261007967222721238e-01,3.426257262937799086e-01,9.173647204722137349e-01,9.565217683601303644e-01,6.797549983520440042e-01,5.580527718214047805e-01,7.866560806863156508e-01,7.657122532574163198e-01,6.993518426068703331e-01,3.042291356946422165e-01,3.416128070778379211e-01,5.628617183569868399e-01,6.351075048950785007e-01,6.736689084160042418e-01,6.545265618531335150e-01,6.477156456773462967e-01,7.774739667811989552e-01
5.684368483048355403e-01,8.563516207525476709e-01,7.017225978610205361e-01,7.955550706910924363e-01,0.000000000000000000e+00,6.694467394707995789e-01,5.655639998376837951e-01,9.180303899102253418e-01,6.110058514555061215e-01,7.657179640001318122e-01,9.712846623090388709e-01,6.090548223745090306e-01,8.490768237644515937e-01,7.342505400214526246e-01,6.478903342725891301e-01,9.937129119903840291e-01,7.629403994374015507e-01,4.657959487187375847e-01,6.525554900950552017e-01,7.910192424030091374e-01,8.147715196114067027e-01,4.127765364385570512e-01,9.383621829279957804e-01,8.127313182453171914e-01,7.766092558748305397e-01,6.288715039628318682e-01,5.861049967429147189e-01,8.175401621114171125e-01,3.038711936404137059e-01,2.968576366169244363e-01,5.711260944734896094e-01,6.010215756972295265e-02,-8.224107960667037531e-02,8.918603125077344540e-01,3.796452497969730611e-01,6.621167386584388970e-01,4.209180997557021020e-01,6.012090512719476809e-01,6.134235708751759608e-01,6.973724589242664695e-01,5.357541683597319970e-01,5.612963955413263761e-01,9.953789741638858768e-01,8.313216860881372794e-01,7.408512464823731047e-01,8.767226200303757100e-01,6.436258324596421110e-01,8.218967485458678057e-01,9.007862746317183422e-01,6.811964095686111609e-01,3.213608881894076674e-01,4.362351894604098446e-01,7.354992168991804080e-01,9.819769551071813041e-01,2.576283311019950117e-01,5.640477332532303212e-01,7.552001640672365568e-01,1.874570030738471546e-02,6.977588340014538870e-01,2.417938295777382618e-01,6.766792560536450951e-01,3.491915941211658492e-01,6.276181025958479376e-01,4.020084487371872739e-01,8.241898297710416044e-01,7.803445691520418670e-01,7.526538334795438434e-01,4.635167699739201064e-01,5.314076007618102615e-01,7.707171160154955292e-01,9.176534058042852271e-01,8.047957577437501175e-01,4.038642745241361465e-01,4.233742523815725023e-01,7.459040048036852388e-01,6.040931388531942670e-01,7.597865464456450280e-01,1.377244549122618178e-01,1.058330231892300743e-01,4.786934745631748478e-01,4.040956239780583159e-01,6.903468245871087206e-01,3.625693213194661757e-01,6.172395198788562798e-01,9.000633957609176505e-01
4.054770168292134991e-01,8.043889324901130067e-01,6.374762007401695296e-01,7.062429496333347823e-01,6.694467394707995789e-01,0.000000000000000000e+00,7.921882403922071436e-01,6.092360542326021866e-01,8.350492950937614678e-01,6.452807870626244835e-01,6.292484971572639418e-01,5.342568892856086604e-01,6.686285849225419575e-01,8.926698093959681835e-01,3.890074074777645219e-01,6.733520123685028391e-01,5.011673941145406985e-01,5.965235243982727198e-01,3.003000697528598884e-01,9.744305825976558033e-01,9.831796110721575666e-01,6.758765926642124056e-01,8.441775630521402007e-01,6.208917190499333438e-01,5.187144211704172170e-01,7.677537889465823051e-01,4.461921722013296732e-01,9.286963880375702640e-01,4.624553613646060768e-01,3.303168322953509706e-01,2.509890023680946824e-01,2.195905038828405986e-01,9.146879095887510136e-01,5.442976012372396921e-01,5.037219696306970418e-01,7.928745640909431458e-01,4.178962298670045317e-01,4.417807242946640289e-01,8.518599866961826805e-01,4.413393646401221893e-01,3.867052717184756849e-01,6.329615809349188327e-01,7.287557687237069537e-01,4.359025562949537247e-01,8.615883784401547896e-01,7.020606979971043549e-01,4.462983678954258182e-01,6.676850610590622237e-01,4.739138490782430768e-01,6.359206761818418929e-01,8.232604727199045458e-01,2.666330923464708680e-01,8.637568941031879000e-01,6.423745836427600109e-01,8.752216393352059143e-01,8.990177556369243206e-01,6.267274000915588061e-01,9.367791943598494653e-01,5.614771168489658404e-01,4.643518675546456365e-01,7.836685401984677668e-01,9.207499692419716109e-01,2.305340963041094260e-01,4.257413586650057313e-01,8.834335616164256111e-01,7.200398814508480738e-01,6.243237943859163419e-01,1.325786960624491251e-01,9.007757156698223966e-01,4.810546996350873461e-01,8.152757754833139803e-01,6.459501259360459491e-01,3.675629456333300293e-01,2.024058609076966608e-01,7.992605565704917758e-01,7.951054304376341531e-01,8.649802014889301782e-01,4.250214568010489136e-01,5.648287325771572664e-01,3.112450952991340225e-01,6.915111431496995253e-01,4.575847783268757185e-01,6.058751780567767087e-01,7.811235168557515429e-01,4.666541833289090668e-01
9.742217734278193486e-01,6.626815108906213281e-01,8.933285733577598364e-01,6.351716794215691575e-01,5.655639998376837951e-01,7.921882403922071436e-01,0.000000000000000000e+00,4.265134059078178885e-01,4.014600132398687404e-01,2.454813709275403544e-01,5.975592219865566435e-01,4.125499373436455341e-01,6.683294463930561369e-01,7.021619806244769890e-01,2.726371930946915323e-01,5.064058970674258919e-01,8.289612241004270521e-01,5.260176321357272755e-01,2.692971674450547193e-01,8.890425201777952813e-01,6.096142832366099329e-01,6.971836183556415767e-01,7.694726701168652649e-01,6.386237881185548027e-01,5.196007598771875680e-01,8.547158939046455295e-01,6.649736058792313775e-01,1.695596158679462673e-01,8.217190278263127867e-01,6.247263367051308913e-01,7.558125514931830491e-01,5.362756127475545309e-01,4.511081037687623141e-01,4.066279861669422901e-01,4.581555468762741334e-01,4.330512309353364286e-01,6.690153239615361791e-01,5.365500749794734903e-01,5.485725769762995752e-01,2.993261174358913257e-01,8.651916971542070733e-01,3.375914036960439013e-01,-6.852339593602846390e-03,5.344080498713756899e-01,8.039477800839630595e-01,4.415933010033324391e-01,6.998720296832418031e-01,3.715595269779918830e-01,5.924928900683550381e-01,4.551201249260726778e-01,6.547326469487769751e-01,6.086508217864546877e-01,8.739837918712309861e-01,6.761425736068052972e-01,8.968673835566366437e-01,7.852556495726064067e-01,5.501699956914690715e-01,4.495430812251433039e-01,4.828743841040176177e-01,5.883341612644965579e-01,6.264245037262153870e-01,9.328153442810697138e-01,6.402634003699487764e-01,5.520302966655008525e-01,9.347275802534160682e-01,7.891626916611393927e-01,7.147486744427518079e-01,6.957650605225560447e-01,6.159450160299757560e-01,2.168868675926439726e-01,3.498840812397331912e-01,5.020809166526297718e-01,5.762082472255988241e-01,7.146685678129159891e-01,4.568524970516755768e-01,5.578050412141648540e-01,4.622196378493390601e-01,4.587026588388218307e-01,6.020988778024737309e-01,1.458867352104898096e-01,4.337019066543174040e-01,4.679477726108595137e-01,8.499490639061332287e-01,6.575831695766949370e-01,4.673697121935080911e-01
7.312422167916965421e-01,9.104208919365297525e-01,5.301852613557321847e-01,4.522925760417716989e-01,9.180303899102253418e-01,6.092360542326021866e-01,4.265134059078178885e-01,0.000000000000000000e+00,7.145797817595995749e-01,2.414464541527563957e-01,5.419287512649062499e-01,6.675457085607878760e-01,4.803208134839540566e-01,9.366230833785044174e-01,8.336366683617564277e-01,2.661469386072821131e-01,5.681324850872214727e-01,5.192320119452447091e-01,7.604896883886123060e-01,5.824865428048171534e-01,6.254662589159015740e-01,6.212461987144964892e-01,4.939005326155719855e-01,6.113429340594203065e-01,3.773596846593304521e-01,5.569797362619353098e-01,4.551410098309094376e-01,6.160658433342379725e-01,4.912105463230682090e-01,7.614308319336184905e-01,2.896138085219899239e-01,6.133779829935661621e-01,8.930697558199387487e-01,4.692443331435540710e-01,8.948146305183053428e-01,3.074801871956745480e-01,4.059265692469225112e-02,7.459322357775184376e-01,6.693490341824548384e-01,7.611000576596235190e-01,5.210625265690229657e-01,6.211885637216122413e-01,7.020837721810133658e-01,5.583446678316276168e-01,5.846316821551666987e-01,7.410644102879511141e-01,4.017349874460066639e-01,9.438862316393198393e-01,6.591154129906321435e-01,7.578672473183749592e-01,6.407067314649717016e-01,9.647326937436876415e-01,6.349812760479369711e-01,7.482721222094090852e-01,9.301794525020657955e-01,4.484345926323017872e-01,3.880521020828885392e-01,6.735111976780000509e-01,9.901362323150666445e-01,7.454021384284960083e-01,3.080500947076787455e-01,5.316524710075594129e-01,6.537774706334427144e-01,7.467505181081435239e-01,8.714523282347279576e-01,7.630825148282316395e-01,2.226652839526681027e-01,5.001213198153259265e-01,2.112843849057601253e-01,6.184883395846965115e-01,2.632409051293815305e-01,4.203527209605421033e-01,2.495385079863076394e-01,7.014819938621574824e-01,4.971453132670262121e-01,8.626772627006482619e-01,5.752086967856447908e-01,4.669584626193371002e-01,2.109560087537446504e-01,-1.857620133650813299e-01,7.515991905045026344e-01,8.690153608638040428e-01,3.733920527025564873e-01,6.749294964914214212e-01,7.836191016123759123e-01
2.080848500260716952e-02,7.181815557921682469e-01,7.295371521348195110e-01,8.967095129706512679e-01,6.110058514555061215e-01,8.350492950937614678e-01,4.014600132398687404e-01,7.145797817595995749e-01,0.000000000000000000e+00,3.350499797813076830e-01,6.881998330556235999e-01,8.564709444872482536e-01,5.954501260844926591e-01,5.938320867385868951e-01,4.448879674742140522e-01,7.305929721713634306e-01,6.535559766475429466e-01,5.164181968697658665e-01,7.725829810656177632e-02,6.685390310248773282e-01,8.385673696950695089e-01,9.845946117883833670e-01,5.544880054408996006e-01,9.666279260269307061e-01,8.912863501805241562e-01,9.386815667686375653e-01,7.524451856116216586e-01,8.125818808809726068e-01,7.917438061878038225e-01,6.188639208797561686e-01,2.681995011414681218e-01,-1.503617569156343314e-01,6.855640933573512452e-01,6.688970859263947411e-01,7.357991763926049478e-01,3.936939331190980607e-01,5.335699895177765661e-01,8.417117019528039812e-01,5.764356472939474035e-02,6.508818593501365379e-01,4.878146845369532025e-01,7.952744747575219986e-01,5.399215008067207444e-01,6.825049326260289595e-01,5.959571189140299152e-01,6.637808053153075871e-01,5.635361707074758586e-01,4.048299058126109684e-01,5.287446060363946154e-01,7.209039703027003698e-01,9.325524696357474497e-01,7.779665056484706964e-01,7.334816994181008187e-01,7.051755088132680704e-01,7.148046164099974842e-01,9.793170842149198085e-01,7.921752630672891371e-01,4.893634919152418661e-01,5.258586087092967931e-01,5.283948541960100664e-01,3.830174753343232874e-01,7.799353013820113922e-01,7.360592615383234616e-01,6.458710591437981652e-01,8.353828297759451349e-01,7.972802212969040125e-01,4.770320707629714940e-01,4.782511440295502680e-01,2.815880043309428316e-01,6.583770284201636569e-01,8.702970154877750497e-01,6.915007176560156177e-01,2.940501373753344749e-01,5.937613786178690400e-01,6.970070186026032788e-01,4.999811519282757466e-01,8.198600884227472685e-01,6.661448977701719398e-01,5.178522761525261586e-01,4.429546979472290258e-01,7.293929039544171378e-01,6.290203414021917627e-01,7.620965167021165332e-01,5.984011985205311968e-01,7.275962803255728861e-01
3.449631088901929377e-01,8.090122671301690493e-01,9.928509868227687329e-01,8.877078385145418249e-01,7.657179640001318122e-01,6.452807870626244835e-01,2.454813709275403544e-01,2.414464541527563957e-01,3.350499797813076830e-01,0.000000000000000000e+00,4.059357787284071928e-01,3.336077527443326307e-01,5.899217971369128399e-01,8.253413409485965690e-01,8.678195100410995844e-01,7.111333168617642864e-01,8.549979807326127945e-01,3.681702595317557503e-01,9.771161576769646917e-01,6.430679170007845835e-01,7.430656043935816024e-01,5.467839560757797868e-01,6.173194278383764555e-01,7.700350852734674234e-01,8.635792923775975627e-01,8.564861647379310439e-01,7.595502498158849258e-01,5.077747728565012997e-01,8.410771838649085119e-02,2.266417811568114948e-01,-1.741207701034385436e-01,9.145833824584042038e-01,7.617891833098144883e-01,9.354368142444582368e-01,4.808425487547712818e-01,3.342207921040719620e-01,2.350625881507221182e-01,5.380908618652295861e-01,6.296857810356147889e-01,9.942574296608699402e-01,6.455795278379300450e-01,8.460982402296901572e-01,9.144512305840480915e-01,9.275260661739247459e-01,9.554827472316618220e-01,6.628236770969518910e-01,8.064377298590202914e-01,6.861286643031555554e-01,7.927256233531666529e-01,5.745594837185389325e-01,-7.966916505503324197e-02,2.936377490312361838e-01,8.628869628235693590e-01,7.767024909136051036e-01,6.725039265338803585e-01,6.933214034709432871e-01,6.229869491425351624e-01,8.067557622988407173e-01,6.601716141124662762e-01,4.093786521547426172e-01,7.635056446949201048e-01,6.591397641900027526e-01,9.004387067142504142e-01,9.002217416420668084e-01,8.253851984374274142e-01,7.325398028623797408e-01,3.192868743381568897e-01,8.471241467004424486e-01,5.543355613425753337e-01,9.193099344037234388e-01,8.277001401947373660e-01,6.721712317521183477e-01,5.814706548512338369e-01,3.495967490901527031e-01,6.819577249423718346e-01,7.491119037852070894e-01,7.780673463141536406e-01,6.226277453260934402e-01,-1.778143658792511739e-01,4.281575535505656172e-01,3.866912463085180329e-01,4.205662786487311955e-01,5.771919799823084229e-01,7.919487656287786947e-01,7.619802093140572996e-01
7.405323972281517841e-01,8.356852486263524060e-01,9.348111842589644782e-01,8.113801147410064640e-01,9.712846623090388709e-01,6.292484971572639418e-01,5.975592219865566435e-01,5.419287512649062499e-01,6.881998330556235999e-01,4.059357787284071928e-01,0.000000000000000000e+00,4.453878461273795830e-01,7.213471129862478737e-01,6.144717299592311610e-01,4.183189428733209425e-01,7.445696119197822149e-01,6.107963092483643663e-01,6.399863790228897953e-01,4.187992607258756994e-01,7.618509948377402141e-01,3.432213197655232806e-01,4.011806647487650146e-01,7.157260970169697645e-01,6.168732058058989942e-01,4.989089064430131115e-01,9.222264552159156192e-01,3.770905135411809495e-01,9.387946204629871172e-01,4.704823360933478860e-01,4.023862085595879962e-02,2.993512133563150934e-01,6.424936178899641748e-01,6.588026568163318775e-01,6.105652594345197803e-01,7.009899928273894965e-01,8.394649460973376831e-01,6.836784173157975375e-02,6.339512612384677892e-01,6.302754328686163143e-01,4.121108346263259170e-01,7.596957375494415299e-01,8.204864383389066651e-01,8.571833016759037305e-01,4.895078103572076955e-01,8.674558675568100341e-01,9.582688248144248799e-01,8.271606360170430383e-01,8.118122170557394712e-01,5.481304453958627532e-01,2.432220983895587163e-01,7.054116671867364241e-01,7.392700805032936806e-01,7.139787115322835387e-01,7.787246902851187036e-01,9.762919209382100449e-01,8.940969877803158772e-01,8.050617721970905194e-01,8.643090312774655004e-01,5.109206061645732433e-01,8.032729257319463079e-01,3.214351151742318446e-01,6.708429248873046813e-01,7.469506117315524163e-01,8.069598540094706784e-01,9.059968992822095002e-01,7.331423021353979941e-01,1.024360279072134977e-01,6.906983321685989941e-01,4.462519308807209040e-01,7.467373798589034273e-01,6.366534815470337172e-01,8.904506317254387016e-01,5.136111441668533839e-01,2.083812232735609005e-01,2.222594700745528784e-01,4.990335437853671841e-01,3.932780514159052165e-01,2.206758398934836884e-01,5.933411132369197372e-01,3.640117348365441430e-01,7.483982296561889624e-01,9.763722947388547846e-01,6.888404976201146779e-01,6.123598117965596277e-01,9.268118040941035751e-01
6.160667912629106402e-01,8.814353664442673431e-01,9.406107577678715082e-01,6.285601476751818684e-01,6.090548223745090306e-01,5.342568892856086604e-01,4.125499373436455341e-01,6.675457085607878760e-01,8.564709444872482536e-01,3.336077527443326307e-01,4.453878461273795830e-01,0.000000000000000000e+00,6.197955616873400686e-01,7.110146113653743605e-01,9.290841718489359913e-01,8.680015789627941736e-01,9.301693409375116905e-01,6.783498791364123148e-01,6.371710700107340308e-01,8.681143935352741980e-01,6.688840171243861654e-01,7.407395912493717205e-01,6.597727703800586596e-01,1.292965830935339511e-01,6.568680971082173636e-01,7.927037654997348692e-01,7.134740105892274364e-01,2.468666852284896462e-01,4.382982289967919387e-01,4.917638073185461867e-01,7.113413107822295078e-01,4.464758495151655571e-01,9.292030878714884201e-01,4.385262230056050647e-01,6.905791430712889811e-01,4.469897395420332487e-01,5.674403784552666252e-01,8.345339477627511382e-01,8.311413416601168835e-01,2.862701636566119534e-01,4.417388231795029152e-01,7.133633938688908049e-01,7.995394192197319283e-01,9.219890116841078509e-01,7.882300171844069947e-01,5.640530514128365702e-01,9.712804952586329144e-01,8.314122377691086641e-01,9.105158295663844381e-01,4.516962452872644307e-02,4.079851213356736062e-01,2.576762576031914054e-01,7.020528857353963703e-01,8.776869194374443683e-01,4.878325574686369626e-01,9.383827653810879188e-02,4.151340602506272126e-01,7.456022384703068218e-01,9.926801500465685102e-01,9.376902699855929613e-02,4.320248446516551377e-01,2.208900086545330654e-01,9.469923798317800845e-01,7.074399970498560508e-01,8.145737779838100323e-01,6.821501361258192064e-01,4.673334154568719034e-01,3.388586954315731536e-01,1.315359972928318300e-01,7.231198061153179535e-02,5.389465592426214702e-01,8.791473473750781586e-01,1.808550059947627575e-01,4.767732119934930957e-01,6.878144236620826746e-01,9.720286672492981506e-01,7.934442624335854566e-01,7.394463023450598138e-01,3.158852032522347919e-01,2.700710914925390574e-02,2.847097923290179411e-01,4.384235194153720538e-01,8.977666116205917923e-01,4.404139739811881449e-01,2.790985025734507574e-01
1.431808814719948419e-01,6.128992319111821185e-01,9.414641844318463182e-01,9.106530057516839527e-01,8.490768237644515937e-01,6.686285849225419575e-01,6.683294463930561369e-01,4.803208134839540566e-01,5.954501260844926591e-01,5.899217971369128399e-01,7.213471129862478737e-01,6.197955616873400686e-01,0.000000000000000000e+00,2.344704767419886482e-01,6.358310808111542478e-01,8.496871686150556657e-01,6.512227293028950426e-01,7.286729600878905089e-01,9.393954594511715328e-01,8.435663213640343105e-01,7.726432797710285350e-01,2.906856081452622864e-01,4.746373519716831635e-01,7.895721453356774333e-01,7.025690337256694784e-01,6.204812645716353270e-01,8.191098057226706697e-01,9.456838663900130060e-02,8.860570453800228341e-01,4.323668993019585960e-01,5.133419058313143379e-01,2.010205419106780300e-01,8.307907149583995121e-01,4.424548305326621578e-01,6.167147372386588833e-01,8.411895675557996555e-01,4.765071618882252835e-01,6.471715437737078913e-01,7.465535938585199371e-01,1.139764470800661705e-02,7.937860841837947046e-01,8.510698530163568476e-01,7.895131229374046100e-01,4.328029369951630345e-01,4.113485157483194876e-01,8.744046584958228285e-01,7.432333232944647872e-01,9.321990687952327326e-01,7.484490869466718932e-01,5.740295723425919983e-01,9.831582803355386480e-01,9.459342680672455650e-01,6.197190977324079642e-01,8.853352811167014558e-01,7.155244740636345080e-01,6.028624784428263661e-01,2.332382798006229774e-01,4.538450515702903698e-01,3.707541343249914911e-01,7.984298589720967287e-02,7.883411251980227963e-01,9.475605294918723054e-01,8.810334356092679453e-01,9.499561522745689768e-01,3.767709570512410289e-01,9.781274294831460159e-01,9.043031316109028106e-01,8.305592524207957572e-01,4.130492928250751317e-01,9.770063655938967528e-01,9.029430693572549904e-01,6.533884603317181572e-01,7.061485458562436479e-01,6.399462050701534288e-01,5.892152870896902872e-01,7.969311276472188510e-01,6.348989709596540854e-01,8.862047537403627828e-01,2.408589393972580261e-01,5.039535696027679368e-01,2.608388133800075837e-01,9.055423724327522628e-01,4.116254742631970109e-01,1.816641130274549432e-01,9.617977784876889924e-01
9.088697431568799612e-01,4.059978132454357125e-01,7.992636111589774828e-01,2.766447884840375071e-01,7.342505400214526246e-01,8.926698093959681835e-01,7.021619806244769890e-01,9.366230833785044174e-01,5.938320867385868951e-01,8.253413409485965690e-01,6.144717299592311610e-01,7.110146113653743605e-01,2.344704767419886482e-01,0.000000000000000000e+00,8.635174512529456559e-01,9.008154838342941062e-03,8.119163078220859031e-01,4.839960474788224110e-01,5.469884518153993458e-01,7.808689697521562501e-01,9.546047484059319022e-01,4.960624078579132790e-01,6.026286772624533938e-01,6.691142301749021248e-01,3.637101419605164310e-01,7.706733219823426184e-01,3.903266385350381285e-01,8.859018353994883022e-01,7.968544554773879796e-01,4.903452630534786000e-02,3.178552758061131134e-01,6.058724663136377808e-01,8.474706673537593105e-01,7.433538684868921109e-01,9.659167474799263964e-01,3.316529844212185441e-01,-1.261874663205047042e-01,7.442375108256684690e-01,8.746087535355436815e-01,9.762348352163053855e-01,9.612941896940743747e-02,1.988008923546406292e-01,8.662234346107348104e-01,9.235618759726658134e-01,8.416505950205064313e-01,6.485091458758842631e-01,9.668138895433738833e-01,8.557919323510574383e-01,9.330882011433078160e-01,8.434681519868941768e-01,4.477909801692089298e-01,4.853829850302365245e-01,7.615213114497230151e-01,6.752512224048853318e-01,9.979128351253384599e-01,7.813132441208594514e-01,2.934145398811006111e-01,1.741617125395159837e-01,6.863800901032123258e-01,2.972776622590050932e-01,6.137185561210034557e-01,2.108224135540489041e-01,2.821535139229875422e-01,6.383308895995581933e-01,7.324265098179105760e-01,3.506012660856999141e-01,6.503711074796839631e-01,9.463039026946846732e-01,7.177684671144883843e-01,6.566720183464861416e-01,6.078467537406446741e-01,6.171358021121260418e-01,4.522205505693568939e-01,1.001648940088941953e-01,7.658047483726101445e-01,7.550557586180598468e-01,8.455707414633043539e-01,2.408074423047315560e-01,6.267763001095888464e-01,3.135393027371415342e-01,6.220182862554322067e-01,8.560897490107959307e-01,8.950489909263010802e-01,7.148840840509382843e-01,7.893613664787288986e-01
8.513032150598071057e-01,8.889761639469139221e-01,9.957038614615401073e-01,6.981431499872513546e-01,6.478903342725891301e-01,3.890074074777645219e-01,2.726371930946915323e-01,8.336366683617564277e-01,4.448879674742140522e-01,8.678195100410995844e-01,4.183189428733209425e-01,9.290841718489359913e-01,6.358310808111542478e-01,8.635174512529456559e-01,0.000000000000000000e+00,6.370721353246974195e-01,7.661901661634873406e-01,7.863282619428211273e-01,6.590115820231421395e-01,8.998515716948588539e-01,9.574012146730597195e-01,5.638211947520244127e-01,2.670215471905960092e-01,5.077770720566051610e-01,6.799442315069970100e-01,8.239769765326330209e-01,7.080400200140795075e-01,5.560750020228590884e-01,6.915942341336362986e-01,5.772947485215444985e-01,1.685191941035598939e-01,2.250071548087950735e-02,6.061478011877206029e-01,8.954668184308114398e-01,8.710935481099285616e-01,1.012439670324382646e-01,3.881895979437579025e-01,6.693117162582402635e-01,5.747769219844466315e-01,7.191756485290305978e-01,7.419988406642674672e-01,4.711893783398918845e-01,6.220832333704420236e-01,9.845920762122357672e-01,9.366175736386180839e-01,8.507306302352252159e-01,6.560977591999762604e-01,3.294313895488468757e-01,4.064570305703421593e-01,3.455017439214258523e-01,6.240772973901828058e-01,4.952499358579829369e-01,8.653826823658663514e-01,6.591094851508924046e-01,8.008659837395246672e-01,6.121933282017179012e-01,4.914212324544633970e-01,6.450392748790441111e-01,6.067454542984723753e-01,3.010110576455256592e-01,6.238711807073012983e-01,5.120845134493066109e-01,5.061998901372470883e-01,8.695838334264129887e-01,9.528021480575042945e-01,4.988921058754531290e-01,7.530807015847111874e-01,7.164565399456651607e-01,3.530896756029995309e-01,9.783067620448354651e-01,9.992990357383164657e-01,-5.564064761690726280e-02,3.131036808915261815e-01,6.217938756664940225e-01,2.565149097494699021e-02,8.923156662275363304e-01,6.751451126868961428e-01,5.269910148540419836e-01,5.826584894746019705e-01,3.429893642109861918e-01,5.632714014801873947e-01,7.768686864736548126e-01,7.220318330912470772e-01,4.058387208826455539e-02,5.131084720872246541e-01
4.247757130131109005e-01,8.305293168506920898e-01,9.567330777445678391e-01,1.402735928142512245e-01,9.937129119903840291e-01,6.733520123685028391e-01,5.064058970674258919e-01,2.661469386072821131e-01,7.305929721713634306e-01,7.111333168617642864e-01,7.445696119197822149e-01,8.680015789627941736e-01,8.496871686150556657e-01,9.008154838342941062e-03,6.370721353246974195e-01,0.000000000000000000e+00,6.045968846522162821e-01,6.235107589920569904e-01,3.803342328239029957e-01,6.685612557478484153e-01,8.095928445963372910e-01,4.724643686268917286e-01,5.942872734579907057e-01,8.793722220962632008e-01,7.747423517245346503e-01,9.371959233590125837e-01,5.896050360179880823e-01,3.883026150007521937e-01,7.525465958445034520e-01,5.912603133379780163e-01,2.557491663137274884e-02,9.465329995478023450e-01,9.036909574363972686e-01,6.137863130648052445e-01,5.357332105869568872e-01,7.655616061384871163e-01,3.035844421865469545e-01,5.229067942688592208e-01,8.877126467149476508e-01,9.333400429162969081e-01,4.672449387975075030e-01,9.176116458811297560e-01,9.305488221289035522e-01,7.677278012648267591e-01,2.566566321585371790e-01,6.622018496594986869e-01,5.443056167677240431e-01,7.321922804448940392e-01,8.441971538945934883e-01,4.054744745620105228e-01,7.781083586801699203e-01,6.445330075393709279e-01,4.152965378743703750e-01,6.788602813997617336e-01,9.485474576830579263e-01,8.384681789804765417e-01,5.162429460090183220e-01,7.489402460026308717e-01,5.471761052549288795e-01,7.364667174710421982e-01,4.845642669661631707e-01,4.300524510024074654e-01,8.166177176717397401e-01,3.273732135535603605e-01,9.193782981809848209e-01,4.892773779403096213e-01,9.153654157552363335e-01,9.079550933731649343e-01,9.882208271020462842e-01,9.505759156840561941e-01,8.317543304145661454e-01,6.974195838529395619e-01,5.247797763102903801e-01,9.355208045629977154e-02,8.833102034748310238e-01,7.450576971046886099e-01,6.986793220010024674e-01,9.036951087666015292e-01,5.836731990597324726e-01,2.163870772072498325e-02,6.591405405958796759e-01,9.699652690796766175e-01,4.116087233537881751e-01,5.405072403971332706e-01,7.923089921152275394e-01
6.955073178579220805e-01,9.545317932702438446e-01,3.997042659696448119e-01,6.433637590565283171e-01,7.629403994374015507e-01,5.011673941145406985e-01,8.289612241004270521e-01,5.681324850872214727e-01,6.535559766475429466e-01,8.549979807326127945e-01,6.107963092483643663e-01,9.301693409375116905e-01,6.512227293028950426e-01,8.119163078220859031e-01,7.661901661634873406e-01,6.045968846522162821e-01,0.000000000000000000e+00,7.840283695830023714e-01,3.673156651500570358e-01,6.233939024269299356e-01,8.056402474045673001e-01,8.733407835006078423e-01,8.549343572462611007e-01,6.913092908492113331e-01,3.386238283082566025e-01,3.354627738407238713e-01,6.506654091199348677e-01,8.304122904012656292e-01,7.984136859923837148e-01,8.866223995096702559e-01,3.146854521240978475e-02,8.034765581648114496e-01,7.460346867057636722e-01,6.439320009000608636e-01,3.581183191590987525e-01,4.870902526490453188e-01,5.984649010704985450e-01,6.284214085460265720e-01,9.254281199413431080e-01,9.024436041829984045e-01,3.932364824959942995e-01,4.952127457363997287e-01,6.774729615992123311e-01,9.909182385643291457e-01,2.953778055826655202e-01,9.759748937174820282e-01,8.584806024391968826e-01,9.140724485114903874e-01,5.652820189747167490e-01,4.938894665463702816e-01,6.524412632639677856e-01,2.964963228983493737e-01,5.167590283939376139e-01,7.278923421787901749e-01,4.729977903365005232e-01,1.761340461619553908e-03,6.128906805242119171e-01,7.050616555918305384e-01,2.760941230845713745e-01,6.416170604537179134e-01,1.884757177069637524e-01,8.632482219334071116e-01,8.861089389027132501e-01,8.258664574698284522e-01,9.158582089349581734e-01,2.016666793084861686e-01,5.098155311670061751e-01,9.358147120244422190e-01,4.025308636888955682e-01,8.920767661887515354e-01,7.652785279264542329e-01,6.480033165497021130e-01,6.709447616428072525e-01,6.538166312181400430e-01,8.451498200900263713e-01,8.413937077921891383e-01,9.771825123877155850e-01,7.878456774257547313e-01,7.751051380807167934e-01,4.584981322760854905e-01,4.663477962889826522e-01,7.932015901961884108e-01,3.612663051348395382e-01,9.973825895805538133e-01,6.519084066473699313e-01
2.161299093670729088e-01,4.600836077232062227e-01,3.910280372555960393e-01,9.952480933894264359e-01,4.657959487187375847e-01,5.965235243982727198e-01,5.260176321357272755e-01,5.192320119452447091e-01,5.164181968697658665e-01,3.681702595317557503e-01,6.399863790228897953e-01,6.783498791364123148e-01,7.286729600878905089e-01,4.839960474788224110e-01,7.863282619428211273e-01,6.235107589920569904e-01,7.840283695830023714e-01,0.000000000000000000e+00,4.781243607163787601e-01,9.006657009476001230e-01,5.408521378347883601e-01,4.755862051437604876e-01,7.530541359638053267e-01,9.426797818413547025e-01,3.818985129575995230e-01,8.410585480914616330e-01,8.552391756236329412e-01,6.800300420291289782e-01,5.160419711446609936e-01,6.017700459488577458e-01,6.125416823946461253e-01,2.173476806742233314e-01,3.675291467648231225e-01,9.058376057825622274e-01,6.199239142814658710e-01,5.643983285737228517e-01,4.370182890145674071e-01,6.484404142100179680e-01,8.461912829174244033e-01,2.660873252703608305e-01,1.500852797848563069e-01,5.841277236928902328e-01,9.547963648357690181e-01,7.129224766437576299e-01,3.814186226922626766e-01,6.210584441197747330e-01,8.621799410449247913e-01,6.123184325978305864e-01,6.048179580507614395e-01,7.017614944767512908e-01,6.013780627268845436e-01,7.157859245645313839e-01,9.601808907939382021e-01,3.382771194545872162e-01,9.518647345647016644e-01,3.604888454399191033e-01,3.928769417047098811e-01,6.706110410663754795e-01,6.762458385225808000e-01,2.479436452565665638e-01,4.653562586709546478e-01,8.719306829726031216e-01,4.765601662858802157e-01,6.241877602305645478e-01,8.821039582629226494e-01,4.256353415768869275e-01,6.502197889793839281e-01,9.607784038827750228e-01,7.299235923643050405e-01,8.134845975288269582e-01,5.380491653988539458e-01,8.728982017067434818e-01,7.776644882061610753e-01,5.623628986168114352e-01,5.261091685395244966e-01,7.623639212931132558e-01,9.037929243842250937e-01,2.203304389673876040e-01,3.983282236136375110e-01,3.454026353492402057e-01,3.403417705815084404e-01,6.553661886572548223e-01,8.805606034502517776e-01,5.422586124295192267e-01,4.398506304053673155e-01
