0.000000000000000000e+00,9.398762520006821441e-01,8.545075392862846453e-01,8.860161964905969301e-01,8.872074753334560082e-01,7.790533176875915622e-01,9.989204970420164642e-01,9.848574876789913946e-01,8.307731840620997676e-01,8.776995763186872246e-01,8.185197182243509895e-01,8.430335365121960356e-01,3.270530571242664664e-01,9.508416385520547243e-01,5.240567810253889958e-01,8.818105892876507701e-01,9.455091353671032373e-01,6.994945112892806405e-01,3.275766038061934671e-01,8.366972009084377992e-01,6.889091061843869435e-01,6.166463208404164842e-01,8.015452623702915558e-01,4.761880778840549278e-01,9.423270498613691704e-01,5.342716781210201660e-01,9.420497478532201541e-01,5.219905266276645417e-01,3.469979826396585310e-01,6.669781825269753828e-01,3.493223356772311439e-01,7.493303399754035476e-01,8.687847272832611711e-01,8.887683586954279180e-01,7.986949126482518757e-01,5.380093252246170854e-01,2.592220466250062527e-01,6.448609915160794515e-01,6.048897209817986065e-01,6.650792467614008441e-01,2.544332660396668722e-01,5.229998717153290233e-01,6.977470287605036514e-01,9.654234636922151003e-01,8.155873542712107627e-01,9.216402686632383379e-01,8.684657405598957824e-01,6.625784376258710973e-01,6.548045924042509291e-01,6.439782070614437082e-01,7.268029835414014928e-01,9.857893127740203765e-01,8.295552161709848216e-01,8.867899105094186885e-01,2.406564409069563149e-01,9.909953382527298960e-01,4.996799761676514184e-01,6.159623498622095461e-01,8.211963171529746974e-01,8.926409009524756133e-01,5.773796090004312820e-01,5.385122046886727798e-01,8.093951795587240872e-01,8.818292322288416862e-01,8.105744142959695475e-01,9.111491860737469528e-01,5.868350877251347075e-01,6.787899599359339398e-01,8.541618493359843800e-01,5.173528056986994583e-01,9.524486309724858879e-01,9.858239142191473903e-01,3.779919807348738336e-01,2.898060944967802977e-01,6.682874249813324230e-01,9.587686206708090353e-01,8.163811794289940194e-01,6.885001030910342656e-01,3.105274284608968149e-01,2.882844923472541732e-01,7.691025679435818940e-01,5.408524349449082003e-01,8.136725797326483933e-01,3.811592403339206792e-01,8.539704855484618884e-01
9.398762520006821441e-01,0.000000000000000000e+00,8.089708242699751306e-01,6.334198789655531847e-01,8.701201873838901868e-01,2.580613997748459343e-01,6.539947156731286126e-01,6.584032020561467746e-01,9.672003990576092392e-01,2.539738107838939718e-01,8.906500015349644306e-01,4.466330448353473259e-01,8.711628726468992889e-01,2.405939733645447165e-01,4.624474690511926056e-01,7.017349991588863745e-01,7.558605054207373497e-01,3.880788525926531785e-01,6.999920152514992333e-01,2.338298077391419427e-01,8.386097855872429729e-01,6.607776012859027936e-01,9.401693231537383566e-01,7.601480711517204503e-01,3.422582535894456157e-01,8.819085683788643326e-01,3.238711136377218636e-01,6.478326903897841937e-01,6.272970602360927739e-01,3.605246130454048403e-01,7.885867970433788621e-01,6.218380042636231231e-01,3.284084408411631628e-01,4.851256829227729717e-01,6.634881937193167767e-01,1.233464741422746480e-01,5.487903633342223753e-01,6.966944398944610040e-01,5.520778156053930408e-01,8.134293395514697878e-01,6.193763347139884523e-01,6.583197077483228243e-01,8.469268162035745728e-01,3.271621812924767614e-01,8.709562438296660769e-01,6.689158262683563283e-01,7.763180693493523243e-01,7.954379466127914355e-01,7.348768164977990125e-01,7.123737396650837717e-01,5.958038783938932603e-01,9.770985945351079449e-01,6.114747515312727311e-01,8.805098253808485431e-01,9.784897031691518476e-01,6.882320869514242379e-01,9.671811604570186294e-01,8.916582532617720602e-01,8.496166118320704896e-01,6.978839383056315571e-01,4.274975551567949394e-01,9.143999079483322578e-01,4.987486046358965419e-01,9.415866393261833611e-01,8.708511998478201122e-01,5.225472221549927188e-01,8.083943389040814109e-01,9.859704647050768767e-01,2.124904146213571488e-01,8.717042809495817446e-01,6.390335306872821919e-01,8.273116091885228673e-01,4.293826573341671393e-01,7.601050971276923640e-01,7.136127990634074658e-01,9.687733686276596146e-01,6.300366919838334967e-01,5.509450783544278529e-01,1.052211592638747743e-02,3.564698428997330470e-01,6.719523125257236273e-01,8.054633037245328975e-01,9.495993764547394633e-01,2.708918282998482585e-01,2.336146930848965464e-01
8.545075392862846453e-01,8.089708242699751306e-01,0.000000000000000000e+00,5.491011982714322226e-01,8.279329409710963761e-01,9.565406876703929084e-01,6.596679671611260787e-01,7.439193878348364652e-01,8.883940505969962764e-01,9.923472554581477256e-01,6.934227861362659562e-01,9.864899516318809125e-01,7.930851284417151925e-01,9.686295438872386532e-01,9.770134267474102074e-01,9.464253262199263661e-01,7.906502934350640999e-01,9.147030088546380666e-01,6.708444852530507374e-01,5.360567597785976801e-01,7.479041562843780078e-01,9.908737368687566827e-01,7.238048923961084569e-01,6.527749471308371687e-01,9.463892364151251790e-01,7.968000604569011047e-01,6.880750905726901179e-01,7.984649096780389588e-01,3.197725937498352433e-01,7.967876447567583398e-01,2.801936421856339177e-01,8.765182409144924858e-01,7.207934871368910645e-01,9.780745605973262258e-01,4.098438358948597871e-01,5.472359679928013865e-01,6.148422764258624218e-01,9.365933622449158502e-01,6.545283136214401498e-01,6.672789909289180699e-01,5.979022543901533204e-01,9.510558875288804837e-01,9.126720799439673737e-01,4.071003788300282533e-01,5.793783792957680756e-01,6.848550788285335811e-01,5.467237062667275049e-01,6.497456731919891704e-01,8.735431712527278458e-01,9.933959947317086980e-01,7.323658414270648453e-01,9.327952660035329080e-01,9.193089404723034930e-01,9.596297186120336109e-01,5.833688462925890050e-01,5.089207156721412550e-01,8.546847947654334643e-01,8.008587664072167600e-01,9.454521281892372953e-01,3.021851505745812849e-01,-1.472857532178602769e-01,8.490992567004733704e-01,8.474266032621367017e-01,7.252544988142808347e-01,7.067017383397903307e-01,7.702459289224964367e-01,8.585422014336403507e-01,4.742099962830486071e-01,7.607473647387301696e-01,1.858255532645639863e-01,8.676855447889422202e-01,8.402052553805554602e-01,2.929698573597282474e-01,4.192993773216515674e-01,6.350188902410951464e-01,8.446690944090571307e-01,8.169195198753761433e-01,4.505732104096077384e-01,-3.368270332035117054e-02,7.375456297050441146e-01,4.826643092434022009e-01,5.004926864291013855e-01,6.974017239151206748e-01,9.982267425070050493e-01,8.429179138568207996e-01
8.860161964905969301e-01,6.334198789655531847e-01,5.491011982714322226e-01,0.000000000000000000e+00,8.385763660824219201e-01,7.571992161775713548e-01,6.676023625494865721e-01,5.173072015436896987e-01,6.203088697755220204e-01,5.089432240043204603e-01,7.658469648711927480e-01,4.034388726079442544e-01,7.612326508940820968e-01,6.000927191336538069e-01,8.790562167532334215e-01,8.378308796100735201e-01,7.415875934942826042e-01,7.352610349587058725e-01,9.654548532238265146e-01,7.083140632659417069e-01,5.527124199993533882e-01,3.811810997293404446e-01,9.312072307727126130e-01,8.182708482523908256e-01,9.466187271807663395e-01,8.601752732191060291e-01,8.693759203122842782e-01,6.846773132890825453e-01,7.523399004968721604e-01,2.816800692944180229e-01,1.916260192055129208e-01,9.883126738876210071e-01,3.453924555349134895e-01,9.421444678503272385e-01,5.766896658848780222e-01,4.319103787768554525e-01,3.947837376958295286e-01,2.184527238995100928e-01,7.525206731159004292e-01,6.449893360044857138e-01,7.925965094213072160e-01,9.120743485325172317e-01,9.106255135941704326e-01,6.676053108275037395e-01,8.742993279411483964e-01,4.410430778593982248e-01,7.375206821497631848e-01,8.901356136228630866e-01,7.061899020822429707e-01,6.998964236660127902e-01,7.520820006629252985e-01,6.953066794371083326e-01,8.454872497572182288e-01,5.256282662795156435e-01,7.094579426950196055e-01,7.428086089163006278e-01,6.270321627908852502e-01,7.677138181584877152e-01,8.834994871224487456e-01,1.407219540783323231e-01,3.465600925991346726e-01,9.596776141253939851e-01,5.742731652762008698e-01,8.450102939686141568e-01,9.000798173230267762e-01,6.165274804260638675e-01,4.499008013098542147e-01,7.206497187932442428e-01,4.061587811298005279e-01,7.339544234816326451e-01,9.301019854488792316e-01,8.250317249553376087e-01,3.442719346107249168e-01,2.516679063135333072e-01,6.283543047856138264e-01,8.458746140775046385e-01,5.882400182100565589e-01,3.187441891184510934e-01,2.772672187764173568e-01,-6.626675174916371591e-02,6.701143921082770571e-01,6.298889210002843742e-01,4.527047301175310956e-01,4.326364390087870104e-01,7.970506080477565147e-01
8.872074753334560082e-01,8.701201873838901868e-01,8.279329409710963761e-01,8.385763660824219201e-01,0.000000000000000000e+00,9.198345649634434018e-01,7.786505966188987937e-01,4.471830350457017267e-01,9.556873355008927984e-01,9.114994383501143771e-01,4.646069527680148914e-01,7.239080255718423063e-01,9.864016048281849525e-01,6.796641821945047512e-01,6.247151573740860053e-01,9.227516594691342888e-01,7.816431554651015468e-01,5.440598091020369953e-01,6.796185203391362784e-01,8.809113406922477463e-01,1.069911213477197087e-01,2.447970156325509905e-01,9.379844000714405716e-01,9.121632331399922577e-01,6.036388156743363043e-01,5.541056295278283805e-01,6.926471380394496613e-01,5.835836551058105615e-01,2.785021887790919415e-01,6.665884542512003907e-01,5.844765891386610734e-01,4.379340431482457996e-01,7.045188168130797068e-01,6.336581328840529270e-01,3.174030649768277978e-01,6.422256623087865268e-01,5.329616820765344931e-01,5.014617610574871875e-01,8.522455153771588687e-01,8.863511182216035067e-01,4.395876900450363389e-01,8.066534528876040389e-01,7.244816121211017368e-01,5.698555092200232597e-01,6.878464458047374164e-01,8.004634970089610224e-01,4.221487261192139462e-01,8.891367524499156350e-01,6.986330423368078968e-01,6.545383773550217388e-01,6.315409306951946800e-01,9.589272238748688393e-01,9.246375522332771490e-01,7.693482232775701313e-01,9.545790016152067015e-02,5.502166935930101754e-01,8.908182301679360426e-01,9.720332264416956525e-01,9.677391713100451653e-01,6.434910562253677302e-01,2.811148047581081277e-01,5.327774022220512773e-01,8.011656660999580959e-01,9.681484629875322101e-01,8.117663534541061932e-01,4.640666980818408116e-01,9.463922509559807850e-01,9.561127795667199170e-01,6.929755540814229731e-01,6.214529350161905885e-01,6.217846721608879523e-01,3.297889386329175970e-02,6.992822248574235289e-01,7.481084952486494188e-01,6.226674938602100307e-01,5.298027838549929092e-01,4.604960122917936549e-01,5.319342635564678901e-01,-8.550559723144221524e-02,1.040176025517219882e-01,4.943691002165999659e-01,9.690033469586845083e-01,5.312116014820155163e-01,6.727109501101273814e-01,8.804745950021005685e-01
7.790533176875915622e-01,2.580613997748459343e-01,9.565406876703929084e-01,7.571992161775713548e-01,9.198345649634434018e-01,0.000000000000000000e+00,6.362545997270494524e-01,5.237135192384975158e-01,6.228963706214510898e-01,7.151544685014800118e-01,7.142253423719037153e-01,9.831739653574006477e-01,8.033854544695092637e-01,4.880497265557696140e-01,9.027225392195110665e-01,9.807085367093113515e-01,8.177193247697995826e-01,7.571872320334774864e-01,7.776986057122036167e-01,9.535283356758578188e-01,9.322738763904045989e-01,8.854369276604896477e-01,9.848602370662338235e-01,9.548885348682598639e-01,6.267835666435555009e-01,6.735705076234830280e-01,9.172026362456155990e-01,9.626544300021200318e-01,4.987633346464032114e-01,8.574822577480162300e-02,3.471729749046156277e-01,7.399985863862010849e-01,8.531466088032070294e-01,7.431652279137739292e-01,4.742877177452051729e-01,6.130596429380768403e-02,4.188736495565968387e-01,6.420222634511640880e-01,7.571322626296275171e-01,4.810906011288240691e-01,9.701950061769191169e-01,6.471474083721137083e-01,9.584693655244781452e-01,9.354540664713796305e-01,7.480975911623226615e-01,7.441492418988263635e-01,6.887913800020278865e-01,9.661731485302290645e-01,5.215803668388454550e-01,7.682571938570601500e-01,9.238134691931501052e-01,9.592614807310708702e-01,5.962775191878071368e-01,8.194084698471558736e-01,6.538907127710266165e-01,2.036521728443837775e-01,8.538805354861527253e-01,7.898057640204811936e-01,4.283500673828965488e-01,6.403580272649000982e-01,2.075936960163926037e-01,6.411853160547958952e-01,5.775752108288058073e-01,6.632730026900615083e-01,8.297299207959619727e-01,7.897132464180718348e-01,7.927687453501186532e-01,8.651756426288742530e-01,6.918381060319807041e-01,9.835275643311258698e-01,5.572649194403654915e-01,8.055332912790785782e-01,2.522228207500920583e-01,4.484699579839210304e-01,7.709668346833631336e-01,6.625489947933749235e-01,5.900517781971454934e-01,7.792244201801729053e-01,4.348673740963501233e-01,5.390693622123625683e-01,7.272690607997808199e-01,6.103399123744190913e-01,8.076726319386505759e-01,6.062708615706916548e-01,3.026882217917756801e-01
9.989204970420164642e-01,6.539947156731286126e-01,6.596679671611260787e-01,6.676023625494865721e-01,7.786505966188987937e-01,6.362545997270494524e-01,0.000000000000000000e+00,6.972262672645674897e-01,7.645351353806760786e-01,6.846917717403718795e-01,6.514016618353335453e-01,4.931597669888924118e-01,5.199520376840722768e-01,2.627886309030256773e-01,6.944584229999549718e-01,5.611144283145979017e-01,5.051593799948931318e-01,5.465184188025908885e-01,7.780122644168725454e-01,9.930943628909951748e-01,5.042295299607735259e-01,4.743628315828318232e-01,6.150993357283969232e-01,8.963245170917756299e-01,3.549568424126102739e-01,4.737724814451830802e-01,7.802494577699312650e-01,6.668029144156482069e-01,5.870491146084394485e-01,5.602645026126223948e-01,2.534345909595051571e-01,6.911821638154289626e-01,5.514005008603466429e-01,7.301118970672264563e-01,5.060584197551576402e-01,1.352370865047918813e-01,5.259484030481772487e-01,1.778695495154422324e-01,7.731996995794807592e-01,4.070929667319058143e-01,3.678667161099641314e-01,5.579813351717111125e-01,7.057723243797634494e-01,3.542777500509402544e-01,6.737492674159670791e-01,2.789962414232848298e-01,6.072158313222736359e-01,8.778018460391138200e-01,3.995973209872210052e-01,6.727703302409887565e-01,6.263299263966413122e-01,5.826564343833365855e-01,5.826259965105431426e-01,4.663004843100764796e-01,2.840124322203110285e-01,7.537609907805522536e-01,5.117420457608058415e-01,4.789098473909371156e-01,5.289030769713455316e-01,9.404980207924129587e-01,2.646270652109769528e-01,7.723473218121608141e-01,5.253289119827559972e-01,5.677468393121691825e-01,4.372785065660145243e-01,2.729870937772370665e-01,6.674703684621163813e-02,8.739475262263998179e-01,1.456017925986348716e-01,5.321557655735852377e-01,9.793625512677226475e-01,3.376910645182799042e-01,9.656494644300839258e-01,-5.208657809172800857e-02,6.422077349730611617e-01,9.656898198002259459e-01,6.862278835094526297e-01,4.203538812225528498e-01,3.395550153224662915e-01,2.222647795604300036e-01,4.085736161943365197e-01,8.406147968012591676e-01,3.619580975034959458e-01,6.603796141088110749e-01,7.735397158844332655e-01
9.848574876789913946e-01,6.584032020561467746e-01,7.439193878348364652e-01,5.173072015436896987e-01,4.471830350457017267e-01,5.237135192384975158e-01,6.972262672645674897e-01,0.000000000000000000e+00,3.415394641002268417e-01,4.649162398138620422e-01,2.320492374903668498e-01,9.823065597893538836e-01,9.363247319422177695e-01,9.854717757119317856e-01,2.761211987874886975e-01,3.406955926773575505e-01,2.554537440954280925e-01,4.963552103032596308e-01,6.028434578697703383e-01,9.320993038132224795e-01,8.968475228403695043e-01,4.461210758917415475e-01,7.124461782010091948e-01,7.336176222769803523e-01,7.680413617066956800e-01,9.488575593112575923e-01,6.972262778622436707e-01,9.519882507198472732e-01,3.819243112777880311e-01,4.196812414333886965e-01,5.692518259803408531e-01,5.476145202985325255e-01,5.503138519004802109e-01,4.883446321840538840e-01,6.195351165956473061e-01,3.119642790079477090e-01,2.860256536885022460e-01,9.946320059842932437e-01,8.460651120149036419e-01,4.128795025986232714e-01,2.402764063156708277e-02,6.587507697052866762e-01,9.027322504660239000e-01,8.428300895931059022e-01,5.203335895373309983e-01,5.393128964335078823e-01,5.461408977856139213e-01,7.655589328162246687e-01,2.616117567427936885e-01,6.268756601408654872e-01,9.535556220542521499e-01,4.791691753762317707e-01,7.157466047174847468e-01,2.421728327059313457e-01,3.925853200060588355e-01,6.696933388748632643e-01,5.774108901850081299e-01,5.375595011373957011e-01,8.066144977135319971e-01,6.586226437097608688e-01,4.574380936323967362e-01,9.297931134641486128e-01,6.970100139896896474e-01,9.224216139497282141e-01,6.370316949985521671e-01,7.445543294886328711e-01,6.576491079981504617e-01,3.675032204564230298e-01,8.903800324898699659e-01,7.981595154257381530e-01,5.179888978148360357e-01,4.020677402342308082e-01,6.022655084764607647e-01,8.867720544941000149e-01,4.911018251743964336e-01,9.555430258578151426e-01,6.024165780017023408e-01,7.389919653067835714e-01,5.711739742595985936e-01,4.415628738117732266e-01,6.762055063168134206e-01,5.301671870332231862e-01,4.291870455814707497e-01,4.345423641370670387e-01,5.972917635005112885e-02
8.307731840620997676e-01,9.672003990576092392e-01,8.883940505969962764e-01,6.203088697755220204e-01,9.556873355008927984e-01,6.228963706214510898e-01,7.645351353806760786e-01,3.415394641002268417e-01,0.000000000000000000e+00,9.433237275398520527e-01,2.634640845305410983e-01,6.404354477766787124e-01,9.457804577059021334e-01,4.873059620385829516e-01,5.404673875646179848e-01,7.476137991924796111e-01,6.332847747924262860e-01,8.378244736043870544e-01,7.821489546548562322e-01,7.183098907489547935e-01,8.650365751475977971e-01,7.282409212035247936e-01,6.307817718066501822e-01,7.327245064884826409e-01,4.146456106528259022e-01,8.436706715579547211e-01,8.645760863862463896e-01,5.655833699103889334e-01,2.113456953702867458e-01,4.561398819679743921e-01,5.682653511730401119e-01,8.527072480570312418e-01,7.612615115096708074e-01,4.256696233328697287e-01,2.071340365132194328e-01,4.107671714620758641e-01,7.464302857766794141e-02,6.920080018029086677e-01,9.016237402302060833e-01,7.699493806024388931e-01,3.077138000104354676e-01,3.851225366953991980e-01,8.355491173404926419e-01,6.639942966059789731e-01,9.782404160414919225e-01,6.257665458236181255e-01,7.750209359168201972e-01,6.465247799442592758e-01,7.633725668291970745e-01,6.630693281238807524e-01,4.150775053157024219e-01,9.398730677738970085e-01,4.348429628246712753e-01,8.439782675657543365e-01,7.352379224219490750e-01,8.092901056904954205e-01,9.705685140423854218e-01,6.163121910547433302e-01,8.351133846534090077e-01,4.207596154260390131e-01,2.091660289401410522e-01,4.011444092838684639e-01,4.459485133534897283e-01,2.624769952567096998e-01,8.539860967203900532e-01,6.477074668571461968e-01,7.277569470115596850e-01,5.573778780227810481e-01,6.985492927366778737e-01,6.388492375128437262e-01,6.195852854273803390e-01,4.364602231291889178e-01,6.894235237162712471e-01,1.212617445359374102e-01,3.518251581882689827e-01,4.810570855767597465e-01,5.525051481988453306e-01,7.198569613666561118e-01,6.495347916193937587e-01,4.664102604741761637e-01,5.286134416613490483e-01,6.801673135634627165e-01,6.501941463348319683e-01,7.106723228940199366e-01,6.880905876012152200e-01
8.776995763186872246e-01,2.539738107838939718e-01,9.923472554581477256e-01,5.089432240043204603e-01,9.114994383501143771e-01,7.151544685014800118e-01,6.846917717403718795e-01,4.649162398138620422e-01,9.433237275398520527e-01,0.000000000000000000e+00,9.459076163258383074e-01,9.406574092525604724e-01,3.561280180935257889e-01,7.713843663959788488e-01,2.162423774835114942e-01,4.062854760107454388e-01,6.076195855712488436e-01,7.349561638264756613e-01,9.106479016326262110e-01,5.833848181400768107e-01,3.545075088407496078e-01,3.405263960568479797e-01,7.217681209223403282e-01,6.130428091568784765e-01,7.101890075694635707e-01,8.509202653879006650e-01,4.993694803180863118e-01,7.225351246368977298e-01,3.543629538162216819e-01,4.717336365665910081e-01,3.497770027748103860e-01,7.341337261433600325e-01,5.518224440957392174e-01,6.680059238656281817e-01,7.119201364118922237e-01,6.377430111521220635e-01,7.221587027365919953e-01,6.854035294914091470e-01,9.384877147048890089e-01,8.666576241193388874e-01,8.460588247681968266e-01,5.282368492535945981e-01,4.629296248644677592e-01,7.031216540297658968e-01,7.780192340303050402e-01,8.831877950727996529e-01,8.692995992801337835e-01,9.387643885474720173e-01,5.671344946112932828e-01,6.341314268961176781e-01,9.421309433739335493e-01,7.369601086026656978e-01,8.709753817360703643e-01,6.682908452317032344e-01,9.226446254714164574e-01,7.726745613391636791e-01,3.793670757184682829e-01,6.330748043395626468e-01,5.914429322134067135e-01,6.006338314971760850e-01,3.732860581255583732e-01,3.900035399184579310e-01,9.830538324203421663e-01,9.580091041779398298e-01,8.426634104905830203e-01,7.396573777271304717e-01,8.203176701406564852e-01,8.740370350201762673e-01,6.031074667008419210e-01,6.165942789372831356e-01,5.446614702255063722e-01,4.530256630902039228e-01,7.292257846863224868e-01,2.048849870910584570e-01,5.748623893461674017e-01,7.776513474837988271e-01,8.266901710814426041e-01,6.080621807775498100e-01,7.779484684760437085e-01,4.364759078420037408e-01,7.313667037338913435e-01,7.167930111354093858e-01,7.386892664539668196e-01,9.430695407603392200e-01,4.889906365101895358e-01
8.185197182243509895e-01,8.906500015349644306e-01,6.934227861362659562e-01,7.658469648711927480e-01,4.646069527680148914e-01,7.142253423719037153e-01,6.514016618353335453e-01,2.320492374903668498e-01,2.634640845305410983e-01,9.459076163258383074e-01,0.000000000000000000e+00,7.965647453392736832e-01,5.295497872961145713e-01,9.214025602342899024e-01,9.028024980648871045e-01,7.077298052309902721e-01,2.478667185441214005e-01,4.842749235830426935e-01,6.705200145152000468e-01,6.672074276485822075e-01,6.863983676120689603e-01,4.140093474685538344e-01,7.746420520253174402e-01,6.566241548414064599e-01,6.633452846393430580e-01,8.475761681150788540e-01,7.543005603769410428e-01,6.103990601522224502e-01,5.606694175197657337e-01,5.125452470974030394e-02,6.579248384271345618e-01,9.733926353824807753e-01,7.369391877193838258e-01,7.555458354678241673e-01,4.670127432808606760e-01,3.316739689509049516e-01,3.518625734418242001e-01,3.080189654016548539e-01,9.419834461310677698e-01,8.973123657087176408e-01,2.855348535745727001e-01,6.751007601318996798e-01,4.126971312474077558e-01,8.703092816077721006e-01,9.638172931845747637e-01,2.004962972514877650e-01,7.672917601907732754e-01,1.170205959916886668e-01,6.597595857089457727e-01,4.134884896376792018e-01,7.282018060281278959e-01,8.101683374108964442e-01,7.710474106272351413e-01,8.451168403089424075e-01,8.855120714585724695e-01,6.139321868176600416e-01,6.031718609627576555e-01,2.142626008343727628e-01,9.398755356713646147e-01,7.077445361695428039e-01,2.086814529612978086e-01,5.746783050004521387e-01,5.146295988274612876e-01,7.742936560597905027e-01,9.749185667863955462e-01,9.025029482295234828e-01,8.084827949323577512e-01,8.942609172846399668e-01,6.515008906367570907e-01,8.984172724652424169e-02,7.578419560605557104e-01,7.524924745726810915e-01,4.534398240229703947e-01,3.709389283324785458e-01,7.091607400975881159e-01,3.490744239432870266e-01,9.044859653054035942e-01,8.775911343878570747e-01,1.680506048847940637e-02,3.594235457109029586e-01,9.668608832788360141e-01,9.992099701743616391e-01,6.387743878102316586e-01,4.568502507078506247e-01,8.851313461891471279e-01
8.430335365121960356e-01,4.466330448353473259e-01,9.864899516318809125e-01,4.034388726079442544e-01,7.239080255718423063e-01,9.831739653574006477e-01,4.931597669888924118e-01,9.823065597893538836e-01,6.404354477766787124e-01,9.406574092525604724e-01,7.965647453392736832e-01,0.000000000000000000e+00,7.551487747137060058e-01,3.341287996522192966e-02,5.445345113434109097e-01,5.403740500903015942e-01,7.608210849412562204e-01,5.402783657594273370e-01,4.985939309222013893e-01,9.688500961183381666e-01,8.618297007085540251e-01,4.100132082233601816e-01,9.361076731813315899e-01,7.934357092508992348e-01,6.854901563991849800e-01,5.703060726052600060e-01,7.850950579607698376e-01,9.430324371845700826e-01,5.817217464520546555e-01,4.349711869260474706e-01,5.575857863764216438e-01,5.644073067606412142e-01,5.231235889890969437e-01,8.371096363125182238e-01,6.302080202329182201e-01,5.215210338277829205e-01,7.101507679538235918e-01,8.795903114964357394e-01,8.987722196791246843e-01,6.571109392170585428e-01,3.528086238302256539e-01,6.372523885802288124e-01,9.258119707072760551e-01,8.671265691422012090e-01,9.657530652911615610e-01,9.760930587910147116e-01,7.350362356291006982e-01,3.156552384432140257e-01,4.966373233091800343e-01,6.211906749928380878e-01,9.788399763154085331e-01,7.860392824074950990e-01,4.765235198497025371e-01,6.133329601639678774e-01,6.761353042448752237e-01,9.474679021538170431e-01,6.896519687742975746e-01,6.321385545903158709e-01,9.317917464030882613e-01,2.063047128767538374e-01,-5.413493401936278482e-02,8.440031633056284122e-01,6.261004945849883985e-01,5.791563774288217559e-01,9.821723435524951640e-01,7.493187526538623855e-01,3.253159720579156255e-01,5.635520479627977863e-01,8.377243523050911245e-01,9.144399502489863885e-01,9.713295942355008039e-01,7.175636276674457470e-01,6.457310123811511593e-01,8.783128493262140069e-01,7.389663115960215523e-01,6.846959444078006829e-01,7.513659701997601470e-01,2.319057399212713366e-01,6.008763306438659191e-01,4.251827729266771105e-01,7.056226810657961757e-01,7.721276801068573947e-01,7.539298758880376150e-01,7.191725015868151161e-01,9.401143369205391398e-01
3.270530571242664664e-01,8.711628726468992889e-01,7.930851284417151925e-01,7.612326508940820968e-01,9.864016048281849525e-01,8.033854544695092637e-01,5.199520376840722768e-01,9.363247319422177695e-01,9.457804577059021334e-01,3.561280180935257889e-01,5.295497872961145713e-01,7.551487747137060058e-01,0.000000000000000000e+00,6.932634756674026510e-01,7.646992875677558477e-01,6.950349883096755832e-01,7.472229383521189483e-01,5.925944292292967264e-01,7.916371983028152037e-01,8.382717491762115003e-01,8.406335309358032859e-01,9.307114177525447340e-01,8.453690064095400469e-01,5.652130359994887998e-01,6.886234251256048156e-01,6.191473999583816390e-01,2.182855655266811856e-01,6.063570442960595219e-01,4.298046194550316224e-01,7.272759820630054772e-01,6.422643511047119169e-01,7.406617350894378893e-01,7.759507002639081108e-01,8.974387621156821870e-01,6.514867269210447009e-01,5.361850798005453056e-01,-1.720222647550446182e-01,6.980214994668844097e-01,7.681744476101750596e-01,7.786224440085829368e-01,6.990182453481225133e-01,7.726367985985864717e-01,6.428233842829951250e-01,8.727998428179534196e-01,5.935576362447718690e-01,6.332544452828217096e-01,8.870847193662305674e-01,7.271542856723496318e-01,6.246354397036528727e-01,6.921387302799330010e-01,6.117227446400982371e-01,6.737112701043223018e-01,9.667821959923790232e-01,6.196592166400793911e-01,9.498879068852875696e-01,7.381987956311804044e-01,5.967061449817412377e-01,8.307867319216080126e-01,6.311644993431916317e-01,7.572610773096621894e-01,5.712063646416531970e-01,8.913992675646500441e-01,5.900179171503459052e-01,9.662429296966484893e-01,8.441564958538527730e-01,3.152786813247278053e-01,8.998666462368095642e-01,8.045203088420509463e-01,7.366297092471191243e-01,6.901426120516290785e-01,9.781044172182441487e-01,5.000369305786137586e-01,5.233338821057401669e-01,6.890725626568391382e-01,3.017694333171850873e-01,9.268160251823748252e-01,9.951884661009575972e-02,8.956848188202409800e-01,2.237803405124940692e-01,3.817568107964953716e-01,4.448698902570098479e-01,6.721415280193828723e-01,9.468278405068728532e-01,4.825148574764601683e-01,9.612237857095973226e-01
9.508416385520547243e-01,2.405939733645447165e-01,9.686295438872386532e-01,6.000927191336538069e-01,6.796641821945047512e-01,4.880497265557696140e-01,2.627886309030256773e-01,9.854717757119317856e-01,4.873059620385829516e-01,7.713843663959788488e-01,9.214025602342899024e-01,3.341287996522192966e-02,6.932634756674026510e-01,0.000000000000000000e+00,6.107541587320616250e-01,6.879193758274642079e-01,9.814468118520177642e-01,2.241855306684347460e-01,9.895591898424622723e-01,4.826447223565507039e-01,8.489529811580983631e-01,4.667187521790102100e-01,2.216452849863468910e-01,6.823331394279832374e-01,5.660311591655821095e-01,6.954459615561308095e-01,7.472065497887516727e-01,6.080871871459576639e-01,2.463286042063181636e-01,5.453834030398241328e-01,1.610982274996668531e-02,7.056326280828899566e-01,6.849568161234356189e-01,8.628770151253084553e-01,8.121302846183666713e-01,9.130284388175902155e-01,5.912347184564938907e-01,7.214014549420304512e-01,7.136697788906406492e-01,2.273487859108798970e-01,8.446603317553011969e-01,3.371865444707671244e-01,7.477195784694700142e-01,6.449081701815915224e-01,6.714155689449807785e-01,9.035400322270240592e-01,8.011025860024569845e-01,8.228671616521270327e-01,9.862833201658964821e-01,6.134704534005053223e-01,9.198078581458545289e-01,8.978322488996445250e-01,6.590125305723643079e-01,6.697602582171449104e-01,8.670209199548901680e-01,9.206371885239214015e-01,7.244670854783197278e-01,7.065231744179577555e-01,7.603685089565896948e-01,5.651323148545268626e-01,5.202441921969923611e-01,9.094645443730968726e-01,8.204057331006657794e-01,8.060997529128541839e-01,8.719444858164906442e-01,7.494463721758126695e-01,9.711829810291645604e-01,3.704450639031869885e-01,3.844768241500930439e-01,6.674015085103350842e-01,8.765963272875613166e-01,8.113363892389720000e-01,1.343947746408420511e-02,4.512274680404499971e-01,7.648956385080251108e-01,8.460894008981286740e-01,9.719104093046502246e-01,4.729861150532106984e-01,4.973256410005838513e-01,7.735679920150689837e-02,4.606280807500002239e-01,7.600958439067602157e-01,7.751221967909538435e-01,5.189910622616518143e-01,5.963461552648332553e-01
5.240567810253889958e-01,4.624474690511926056e-01,9.770134267474102074e-01,8.790562167532334215e-01,6.247151573740860053e-01,9.027225392195110665e-01,6.944584229999549718e-01,2.761211987874886975e-01,5.404673875646179848e-01,2.162423774835114942e-01,9.028024980648871045e-01,5.445345113434109097e-01,7.646992875677558477e-01,6.107541587320616250e-01,0.000000000000000000e+00,8.730702754430373913e-01,8.986965712398842232e-01,7.380553943183971732e-01,4.185671115797768294e-01,9.946864474430863190e-01,6.986309299556218155e-01,5.064473554912075626e-01,2.636554119670071472e-01,9.856407945730935038e-01,6.228166624319159128e-01,4.475268195047358843e-01,7.102286576845809885e-01,9.770365725429125403e-01,9.818531109486715591e-01,1.109853919378712278e-01,5.657045379432481536e-01,9.205952622857640488e-01,7.231069257659590299e-01,6.408549792286637459e-01,8.595347645749699117e-01,3.168304558895970180e-01,5.901352442378651197e-01,8.792562631600004952e-01,4.565148131132447107e-01,6.980805792808708610e-01,5.264909443442137293e-01,7.882733903895626781e-01,6.722295381940479597e-01,9.714674450979109421e-01,9.132296568693540895e-01,8.640762139619455606e-01,5.622776719498183695e-01,2.655399785329943252e-01,6.507491497763503441e-01,6.587620468013805075e-01,6.918870950621440752e-01,6.583516418897916722e-01,7.048876338979515044e-01,6.813753538410916022e-01,8.244944626716423919e-01,4.914112346465270287e-01,7.180804490706913512e-01,8.859824911939514491e-01,8.755854197532816352e-01,6.782134189426716198e-01,7.664628088801306305e-01,5.387000991109325287e-01,1.883897201084203665e-01,6.079310920934655194e-01,8.839641598875127571e-01,5.942572135531527522e-01,2.389636031428791496e-01,8.174104709452162387e-01,2.053232690016559281e-01,8.315933381446154460e-01,8.270417221738660674e-01,9.979389754663942069e-01,3.615774850896112946e-01,6.306380890181039200e-01,3.985726043465281365e-01,5.276596025673152557e-01,6.798423612640858149e-01,5.447814081745915304e-01,6.721474774082179804e-02,4.222890354403954216e-01,6.482701342759265017e-01,7.173448563945180600e-01,4.006557230842907602e-01,1.545305525640706668e-01,4.348063532539740983e-01
8.818105892876507701e-01,7.017349991588863745e-01,9.464253262199263661e-01,8.378308796100735201e-01,9.227516594691342888e-01,9.807085367093113515e-01,5.611144283145979017e-01,3.406955926773575505e-01,7.476137991924796111e-01,4.062854760107454388e-01,7.077298052309902721e-01,5.403740500903015942e-01,6.950349883096755832e-01,6.879193758274642079e-01,8.730702754430373913e-01,0.000000000000000000e+00,8.591930310961977124e-01,-1.393181503775772212e-01,8.030255851624636954e-01,4.864502137174963048e-01,9.272700360607455394e-01,7.270693835676164118e-01,6.557644564679644406e-01,9.150806994909084224e-01,9.850591873293841338e-01,6.670853574141040188e-01,7.854354747786108648e-01,9.905633499267891828e-01,7.123113539678411765e-01,5.496744216604486644e-01,5.145263978146513706e-01,8.555668136191068029e-01,4.078461311400465306e-01,6.884906761071027947e-01,6.548511210629897050e-01,7.709257572066279263e-01,2.688150455094558966e-01,6.564348375897145482e-01,7.736638063212497585e-01,7.954754116213459403e-01,4.492052657110138791e-01,9.156210906172357333e-01,-1.597338964803174111e-01,8.775911908097555614e-01,7.985763634717543136e-01,8.960438185131504030e-01,7.097845104945424977e-01,6.431872945746881509e-01,7.118394323749079877e-01,7.802240109653163502e-01,5.387130491188065751e-01,8.208399155063181851e-01,5.074921940883835303e-01,2.413810022294177737e-01,6.274982296608057064e-01,8.390944503035999702e-01,6.720604669253805730e-01,8.758263908800680841e-01,6.163852818703534631e-01,5.160483847071860586e-01,4.038703820069420303e-01,6.286323652143884777e-01,7.364109094725724836e-01,8.341432108707710347e-01,8.839314648431648713e-01,6.793419420938221487e-01,9.336272866942092463e-01,6.284183266480528607e-01,5.860462388564348091e-01,4.330340783872219657e-01,8.231962830027286238e-01,5.337350446409702132e-01,3.769495269247594704e-01,2.421764276353261802e-01,4.437750429992131651e-01,7.206223831078271136e-01,1.262745188646195726e-01,6.861605362353695448e-01,7.426802678456635443e-01,1.456348504126045718e-01,6.066072152283153995e-01,5.637167878235591623e-01,9.638433845337563977e-01,4.646378263356326088e-01,-1.720506976889482342e-01
9.455091353671032373e-01,7.558605054207373497e-01,7.906502934350640999e-01,7.415875934942826042e-01,7.816431554651015468e-01,8.177193247697995826e-01,5.051593799948931318e-01,2.554537440954280925e-01,6.332847747924262860e-01,6.076195855712488436e-01,2.478667185441214005e-01,7.608210849412562204e-01,7.472229383521189483e-01,9.814468118520177642e-01,8.986965712398842232e-01,8.591930310961977124e-01,0.000000000000000000e+00,9.020354910188068676e-01,4.351730839229319137e-01,8.586682234775276923e-01,5.784643704506522432e-01,6.293181682809789734e-01,8.281438775266632968e-01,9.053194074066565067e-01,4.033269895364698931e-01,6.060207020282614154e-01,8.240304944411503962e-01,7.027488756174387063e-01,8.208315831654618144e-02,5.208338268464781651e-01,7.033643624459038346e-01,3.022611096531586106e-01,8.655166470734384498e-01,8.246814371283848200e-01,7.904084339651824553e-01,7.403191066543897136e-01,1.130550316862156263e-01,9.763745705761850413e-01,7.259593489503691766e-01,4.268937237462259726e-01,8.874125154338858845e-01,5.981962553553457074e-01,8.602118794571093074e-01,9.157846402344107517e-01,7.069625934687011615e-01,7.244155461960526399e-01,9.312383971034463581e-01,7.155975137426423549e-01,7.982728992878103114e-01,6.419158857672936369e-01,8.312994941958162798e-01,8.055595072299395198e-01,6.321052209977593428e-01,8.719250238442450840e-01,8.268917303473395375e-01,8.670209113671718537e-01,9.687619469560299068e-01,8.374704049475275580e-01,9.380164697383798211e-01,7.293719471941121357e-01,6.240027560826476583e-01,9.468044852682974133e-01,7.716009943012824834e-01,9.215910661432832329e-01,8.918522709882404920e-01,9.376118733528199245e-01,7.831338799151513763e-01,4.121008982885715488e-01,7.861617206124128510e-01,8.606363043340150565e-01,8.927154183098732210e-01,6.448059326752952902e-01,5.474963669618435613e-01,2.445105921057350584e-01,7.025563867351906078e-01,5.882202999125678566e-01,2.163034213487914081e-01,8.614924970443958996e-01,5.665102569801837573e-01,5.872141078107158130e-01,6.738607712966263596e-01,3.457836934801115092e-01,9.970388614405030214e-01,4.401516663687998210e-01,5.889156679965150687e-01
6.994945112892806405e-01,3.880788525926531785e-01,9.147030088546380666e-01,7.352610349587058725e-01,5.440598091020369953e-01,7.571872320334774864e-01,5.465184188025908885e-01,4.963552103032596308e-01,8.378244736043870544e-01,7.349561638264756613e-01,4.842749235830426935e-01,5.402783657594273370e-01,5.925944292292967264e-01,2.241855306684347460e-01,7.380553943183971732e-01,-1.393181503775772212e-01,9.020354910188068676e-01,0.000000000000000000e+00,3.911645203877094357e-01,1.472894126206600596e-01,7.448960408802840494e-01,6.629429334859580081e-01,6.711743594789401079e-01,8.597966409725994463e-01,8.590438389934673680e-01,6.017546659176060686e-01,7.745647017394670097e-01,7.675333480415937881e-01,7.730277723689800151e-01,3.670972632659518231e-01,7.479180173484994976e-01,6.891704544096463048e-01,7.600376204599874619e-01,4.527607772735100511e-01,6.486135100061429792e-01,2.409037194333756848e-01,3.271711216198857075e-01,8.559401330326812385e-01,6.428627014572854126e-01,3.757819548552446820e-01,4.496299156301322708e-01,8.250178842054844974e-01,8.067869064916513011e-01,8.983945407376043857e-01,9.921804416627653112e-01,5.940105573884069123e-01,5.704158293285876979e-01,8.150201648600824411e-01,2.244196990140411574e-01,6.293685973984953774e-01,5.384995518912409906e-01,3.150569527472475428e-01,9.395767763934648187e-01,4.285755402133920589e-01,6.701540093005161625e-01,9.774073232687643387e-01,6.240428532763913072e-01,8.272135766985627692e-01,6.781070568944468357e-01,5.662827013461863013e-01,2.077747121584207768e-01,6.685103894796281532e-01,7.264029291084734830e-01,7.084085189910278579e-01,9.318476124386776416e-01,5.917740387752457032e-01,7.653808157535773038e-01,3.187768148913346367e-01,8.173306140122763574e-01,5.508754222637891607e-01,9.432842373010720260e-01,3.362243861984289817e-01,3.160311610325485798e-01,7.113580017810663403e-01,6.880826018201560146e-01,4.854499303843191615e-01,8.817963541523987647e-02,4.739579721845672555e-01,2.018027529090959393e-01,7.542834238422549964e-01,4.339800601960015491e-01,7.656822256799559190e-01,7.246168148555238719e-01,5.329313902775727474e-01,5.157238612554939650e-01
