0.000000000000000000e+00,7.835951728785258696e-01,5.379656323765014125e-01,8.333884695745367166e-01,9.916583375064998984e-01,9.738462288950907597e-01,6.710717831804258182e-01,9.368773131403045351e-01,6.486121204729796696e-01,7.864673106962003502e-01,8.086654612533923370e-01,8.172550077664852974e-01,6.708331713232662530e-01,7.141852330472826527e-01,8.201677382741546785e-01,5.009556920099894617e-01,6.111989042733215749e-01,8.943202125624205578e-01,9.394773340199484846e-01,5.767549749416844840e-01,6.669801695000299180e-01,8.241719115807712992e-01,8.283940472181513526e-01,3.358758783267735137e-01,6.188677983727036702e-01,6.332882184996455610e-01,7.163223979638309036e-01,8.722190931502992184e-01,8.544393768472560158e-01,4.687572249439570515e-01,-1.788722008998755997e-01,8.509026241285055914e-01,8.161485784826691958e-01,7.479226586564761137e-01,9.301456432497199334e-01,6.966931985986707376e-01,3.208550085596534873e-01,8.289056162157479868e-01,9.497935372288521805e-01,5.381248650602119543e-01,5.128058051412882623e-01,8.813969643265536780e-01,8.771082642403881247e-01,6.919154292808901152e-01,5.325506900378890185e-01,8.588917378678242454e-01,6.374694914735916651e-01,9.422889194701064008e-01,6.717152573935838422e-01,8.278704204336352346e-01,9.845597442062176130e-01,7.047463066324110015e-01,8.317233483826876883e-01,8.510036038165145200e-01,8.845504110784195850e-01,6.168744935200453083e-01,6.451492440122624794e-01,9.188288899760848061e-01,8.671494061364160011e-01,5.728375171571489233e-01,-1.539528863222653365e-01,8.477190885605698778e-01,9.020062973042403121e-01,9.491284798414209023e-01,6.997299576847375580e-01,3.850465803915921192e-01,8.721834244220608712e-01,7.388642904752510399e-01,9.651357292450268854e-01,8.738832820988589045e-01,2.127896229563785713e-01,9.917814869571246472e-01,6.378391769358635610e-01,5.819402124730919112e-01,6.738548704014755142e-01,9.349378552400536835e-01,6.011625687940231888e-01,8.017569043998789002e-01,2.888917773720172111e-01,6.775887019088822722e-04,7.336014702697397638e-01,7.488155434544743194e-01,8.040565940692110392e-01,3.812353500171570264e-01,7.487547647956308561e-01
7.835951728785258696e-01,0.000000000000000000e+00,3.399838808229966869e-01,2.649858085951506959e-01,8.537011895261535921e-01,4.852184272507432117e-01,4.772631157068538688e-01,5.634107523630744740e-01,8.765775650556446585e-01,9.182168347091769212e-01,4.896557688809105024e-01,8.418717843928551492e-01,9.644341069799818866e-01,9.178037401277999718e-01,9.728993704718297275e-01,4.991776138120568862e-01,-1.438971868475425464e-01,8.949921815358761190e-01,7.198882581922390056e-01,7.778563174614097075e-01,9.849941781039255329e-01,6.332739925287731442e-01,3.479243635010322855e-01,9.162614544457802213e-01,7.533867072087108152e-01,7.393389827440070006e-01,6.533514921365519701e-01,5.119546597938440247e-01,5.745827153307130342e-01,2.514086937694266499e-01,5.585599073154806637e-01,7.116007889792687058e-01,2.599297203606198980e-01,9.071425028910243826e-01,4.129749842654854564e-01,6.948702237824916361e-01,-1.377632318464701577e-01,9.971383159347624314e-01,9.819263632191770341e-01,8.699109708632717375e-01,4.194172747032352544e-01,7.528278201100158107e-01,6.799723638650899682e-01,7.271815315203566943e-01,8.658818422670957471e-01,6.003146637517412509e-01,9.958025760492510425e-01,8.047496060418225516e-01,5.224282460617393209e-01,3.830675030350938481e-02,4.235907358308570458e-01,6.729611951813331272e-01,4.533382883310322908e-01,5.382290211214714182e-01,5.969303764956632730e-01,8.740600291318441073e-01,6.786915664713384366e-01,6.063488734913521361e-01,8.210370663386921120e-01,3.881059470658480559e-01,7.253606164051772387e-01,7.076604156359427300e-01,8.928433905568622375e-01,5.891702163782974733e-01,6.811596282564745808e-01,5.046783972762516335e-01,7.205678375570424565e-01,8.340360118244384280e-01,6.161390388290629572e-01,8.023880223965194070e-01,8.787617608664014535e-01,9.247378793091607374e-01,5.161496209002728319e-01,7.543348286664465219e-01,4.725888213736955112e-01,4.645661977197118597e-01,7.050202164541923278e-01,7.541667786099836013e-01,4.473674250918747708e-01,3.032373714353742145e-01,5.874898073628819217e-01,7.798062787200095158e-01,7.139787880329329095e-01,6.379733651206511702e-01,6.697328265206100584e-01
5.379656323765014125e-01,3.399838808229966869e-01,0.000000000000000000e+00,6.071537414284334799e-01,6.643952777010845301e-01,8.151280049813214301e-01,8.538314596990494998e-01,8.797593369011118547e-01,7.474414302938178212e-01,8.049943568599789989e-01,8.247459344473671017e-01,7.753264930770885632e-01,4.930692891081590590e-01,8.734985770688936668e-01,6.713421180819860723e-01,9.505106838343531095e-01,7.461971225313346334e-01,9.366461038156422836e-01,4.805130240053954171e-01,7.690851962548195253e-01,9.742871623038873441e-01,8.958247162810634157e-01,6.477711513412139910e-01,8.542140305106996623e-01,9.261570536709835544e-01,7.565503062523941669e-01,8.950390511260652993e-01,7.014254039907894533e-01,2.905713418769581002e-01,6.740616457506143702e-03,3.270212370855333783e-01,8.725627204210841814e-01,9.874169812380215738e-01,9.537503361103587540e-01,8.955022181527882985e-01,5.950923032450605721e-01,6.088324077709291737e-01,9.049804013690854188e-01,7.717233983677546094e-01,9.972920450423891081e-01,6.271402945823261188e-01,4.129061813491535782e-01,8.179927802678591542e-01,5.038016436617752669e-01,6.984207034817756510e-01,8.288127868249173247e-01,8.863953851317429855e-01,8.537916905856720584e-01,7.475470051889403500e-01,9.112718109188002735e-01,9.930202670357421990e-01,4.556796269084656403e-01,8.981560599435879366e-01,4.765783410797428399e-01,9.662119965150350875e-01,9.154427451046611708e-01,9.978789110508868854e-01,9.670048676153200073e-01,9.537062478609281690e-01,3.183320611134149436e-01,6.757091707203313202e-01,8.134233882824369877e-01,8.810971603735946456e-01,9.112862709680986661e-01,3.119109898200919107e-01,7.970671341809314470e-01,6.863602937766070111e-01,8.051095231941401975e-01,8.784140685757934053e-01,3.769106234314970605e-01,2.438256192361792363e-01,6.119716052845461940e-01,7.081578468999989440e-01,4.260460172566933601e-02,7.121536773601028214e-01,7.556056210267887430e-01,9.864276129027593765e-01,7.669365189557341145e-01,3.648327466911316375e-01,5.496760165014249466e-01,7.955199590516245367e-01,9.158561525352122423e-01,9.217565623981679446e-01,4.259398513041150469e-01,7.905829799201959940e-01
8.333884695745367166e-01,2.649858085951506959e-01,6.071537414284334799e-01,0.000000000000000000e+00,7.494221307368990059e-01,7.455799690793724066e-01,6.872616236046663607e-01,9.205257000696039915e-01,8.275617755504971473e-01,9.801286070861587874e-01,6.986256845520758541e-01,5.469157496288936660e-01,5.402229275432823830e-01,6.117887389199385684e-01,6.448679506653949289e-01,5.266612542718619450e-01,9.155979669253822006e-01,8.720577494674417451e-01,6.672156488192946266e-01,7.687849283468300987e-01,9.955058991269030155e-01,7.807933018079239451e-01,8.938737405434172834e-01,4.060541120622506162e-01,5.087622131736141418e-01,8.230298426130668865e-01,7.212149754384947764e-01,7.179043052286232518e-01,9.280741972366648440e-01,3.860796950074615319e-01,2.694520946590759358e-01,7.891711017125513372e-01,7.793436918729944596e-01,6.109552081811759905e-01,5.254661815804534397e-01,4.689915740742540695e-01,1.321382233735604074e-02,4.080839372478268223e-01,7.184752650414345521e-01,9.886937279144992763e-01,4.082507024895997705e-01,6.211498547375394752e-01,9.165334956514179510e-01,3.761995389503243192e-01,7.798870113994544884e-01,9.264222044884629081e-01,9.079955499207050806e-01,4.208330405401760621e-01,4.312087755985130055e-01,8.145821828659934871e-01,2.160420866338128854e-01,8.276114999735276756e-01,9.427210079888646010e-01,8.421144487085254760e-01,8.221363423407985760e-01,9.038880838039399235e-01,4.234811478074427260e-01,4.200803661008568612e-01,6.426307405912177195e-01,5.537840380587026878e-01,7.890950004655417072e-02,7.381102053455133039e-01,9.666343701674994238e-01,7.925957158233712940e-01,8.106768501867485099e-01,7.816095431434391116e-01,9.071213079997109130e-01,8.088392598513942655e-01,7.733856969333836595e-01,6.110879983296245710e-01,6.935058376414644510e-01,7.599541131965648066e-01,5.765172753714352671e-01,4.427323975583274951e-01,8.039591671524053407e-01,7.998265343229855606e-01,6.342702868313450093e-01,6.596750052747082371e-01,3.775894764111817903e-01,2.228044624123994011e-01,4.083247587817762647e-01,9.276123290590685411e-01,8.372284114314985093e-01,7.258234285082028059e-01,7.387446436753903889e-01
9.916583375064998984e-01,8.537011895261535921e-01,6.643952777010845301e-01,7.494221307368990059e-01,0.000000000000000000e+00,9.243377986379740507e-01,4.634190857906445027e-01,4.938399731094555989e-01,7.351569467167361482e-01,5.565145406596908595e-01,9.665516701937306721e-01,9.557105207671540148e-01,6.499934518317980192e-01,6.594858945014449025e-01,7.073494175710345333e-01,7.890590614479653375e-01,9.184101812248676167e-01,6.769578118942531919e-01,6.763959640119678873e-01,8.966508032035482856e-01,5.258808493869361333e-01,6.562331388853972491e-01,8.787175943489013985e-01,6.698740849649194029e-01,7.957620058098353599e-01,8.308883988452885339e-01,9.070136512539820339e-01,6.959451501732231149e-01,4.343588253482914552e-01,7.673569318167429154e-01,4.071748541896779150e-01,2.285072870586752902e-01,5.580850675081346912e-01,6.034310873192996194e-01,7.796747953103440043e-01,5.309758539879065875e-01,4.886337345228114470e-01,4.108279967928372689e-01,9.186077077016240322e-01,6.356827086475977939e-01,2.263124047976588227e-01,7.934022097516381100e-01,9.127210167389556705e-01,7.765542832120142513e-01,8.722637898224312458e-01,6.815846378035352870e-01,9.912306428620868415e-01,9.805591160559647967e-01,6.489823226955631075e-01,4.047744591249916590e-01,7.677957295085686695e-01,3.075275451875169597e-01,9.458440146864870446e-01,8.361959201053322799e-01,4.057755328690964558e-01,9.191973230833900832e-01,7.010310811304524270e-01,5.751809814491565254e-01,5.033312711585760102e-01,1.489904609267757030e-01,6.009812033645284268e-01,5.414314157362941637e-01,9.140487411912826543e-01,8.046551763543661195e-01,9.114598554624739890e-01,9.158659169456606630e-01,8.039947150210450255e-01,8.296325223670492077e-01,7.616570096114581023e-01,9.661727216158332299e-01,8.093667788931312446e-01,7.919848741846358120e-01,4.786119761306927289e-01,5.238348845135891718e-01,4.797028677387434326e-01,6.195248169613843947e-01,6.106685140114079813e-01,2.118250292973401505e-01,6.994718230476861809e-01,3.286549265106376572e-01,8.790173623845586315e-01,9.601012746858439417e-01,7.608538838464101728e-01,5.434274102066883883e-01,2.514443324639221711e-01
9.738462288950907597e-01,4.852184272507432117e-01,8.151280049813214301e-01,7.455799690793724066e-01,9.243377986379740507e-01,0.000000000000000000e+00,5.648890929902513625e-01,4.151888810689199349e-01,8.961562898146785416e-01,8.353485104129605432e-01,6.392943130107262562e-01,4.577111848312258591e-01,9.970241697323167784e-01,5.368884743590729425e-01,7.049444431324564109e-01,6.029613627440133516e-01,8.697272637329491740e-01,6.803000843403066433e-01,6.703079748131272053e-01,9.928375780597047395e-01,8.947122458708360870e-01,6.208797072755773971e-01,7.661890662103375549e-01,4.890954148380390332e-01,-1.132853683182984683e-01,5.051647282638465075e-01,7.746408946244089933e-01,7.244085029738680515e-01,6.984106148844800854e-01,6.796900402297663124e-01,2.977800872858449299e-02,6.537661654598608818e-01,6.955528744896032345e-01,9.332051459931715032e-01,2.194904734963449289e-01,5.747012809055993543e-01,5.994506786994028280e-01,-1.824595934128133146e-01,9.852897507077091888e-01,1.628506062980056568e-01,3.139489875528838625e-01,6.609056877769455829e-01,5.420400420865855162e-01,8.734774398290374720e-01,9.206214758401657372e-01,9.640276028546832521e-01,6.706420246165674115e-01,8.544264381091566385e-01,5.851319125441583058e-01,8.743214844205907665e-01,7.199825455415685971e-01,7.515257040703555713e-01,6.859805987503260205e-01,5.308730665816570049e-01,6.882667230788439561e-01,7.780751078350168770e-01,6.724338588229681335e-01,4.656699203703420498e-01,6.652389862495710071e-01,4.311041520346793332e-01,4.602985174438229410e-01,5.424307647790844733e-01,6.326730591299194462e-01,4.669039786459733832e-01,3.806583232524481386e-01,6.091903224704966480e-01,7.921078946727904135e-01,4.780577626936526880e-01,4.679422606760827996e-01,7.748243795663135591e-01,5.741946066363528001e-01,9.488416291595254126e-01,5.704099032467369046e-01,5.460800820391289445e-01,4.773150664884592276e-01,7.247264969597586592e-01,8.058987923055567215e-01,9.816060440179387170e-01,7.283241461129874583e-01,4.615658939066464850e-01,2.602887674655973149e-01,5.677819002476127697e-01,7.464575960622328310e-01,1.258113924319394783e-01,8.551499522067941284e-01
6.710717831804258182e-01,4.772631157068538688e-01,8.538314596990494998e-01,6.872616236046663607e-01,4.634190857906445027e-01,5.648890929902513625e-01,0.000000000000000000e+00,7.070287578249278004e-01,2.728949007136057814e-01,8.178783560453548596e-01,7.676058691755826002e-01,6.473320862954855537e-01,5.703164455469581506e-01,7.565465883559154836e-01,4.975103506798833619e-01,4.166494238301867159e-01,8.701845892513672132e-01,6.385132478476558404e-01,3.738293047399799396e-01,9.772247817346120247e-01,5.213846850378009989e-01,4.542867186713699379e-01,5.449376732040460691e-01,9.795223357258466823e-01,7.282635515469672027e-01,7.046660285395442980e-01,2.017874677412530293e-01,5.062703730342998920e-01,7.568270700498304082e-01,7.527054546194693607e-01,6.142187253401459185e-02,8.991098900847270814e-01,7.853634806427260973e-01,7.364201893290104328e-01,2.860960925999664339e-01,3.759054010948025271e-01,1.999145536597426165e-01,5.792401343981508077e-01,5.587985602323973788e-01,5.851926107245790654e-01,6.901073473296355232e-01,1.740050239654126196e-01,8.718807869261236965e-01,3.131809202157909700e-01,9.230053693139839144e-01,8.670603507836573964e-01,6.269821380159381619e-01,6.947594290765602976e-01,6.274866437452129020e-01,7.067055533612719431e-01,4.812282314809325223e-01,3.179493088798211464e-01,1.596814707473319384e-01,3.744134140160516599e-01,8.384097226790572233e-01,6.984561558419664085e-01,7.454922274992097364e-01,2.915149320983025927e-01,9.325850453176682819e-01,2.368525590580027040e-01,2.036580611231277038e-01,9.063838691108939694e-01,6.827107639649120374e-01,6.243890778609669789e-01,7.918314092080628308e-01,7.456061684051256133e-01,5.888860843517612631e-01,8.145177632182000194e-01,6.118904371010184251e-01,4.471259228374584449e-01,3.254576809955304073e-01,6.620162553185642285e-01,4.639692611631471841e-01,3.635979620869255191e-01,7.939798853109116816e-01,4.193646268218440554e-01,5.133580402514666963e-01,5.282919841578310738e-01,3.247348428445145929e-01,5.971537879691283246e-01,6.245142349227009726e-01,8.047821245027891868e-01,5.982965473118333904e-02,5.637620111359346042e-01,7.432018433719855821e-01
9.368773131403045351e-01,5.634107523630744740e-01,8.797593369011118547e-01,9.205257000696039915e-01,4.938399731094555989e-01,4.151888810689199349e-01,7.070287578249278004e-01,0.000000000000000000e+00,4.865645566399356969e-01,5.775367646126943200e-01,7.249040233516004239e-01,8.656210675825594114e-01,6.884826309984563020e-01,6.831786953811376240e-01,1.948311281241799087e-01,5.908172255511783266e-01,6.512224257236824965e-01,7.093529851638509243e-01,7.927997843939496025e-01,6.717063881131402070e-01,9.398463236152996281e-01,6.830385620710662797e-01,6.291758426611211430e-01,6.846123712570211239e-01,7.714299447736856497e-01,8.711527943470558366e-01,4.616087291276341209e-01,1.816037592339007078e-01,5.332383932523113712e-01,8.236528409893912883e-01,2.136732652452760228e-01,7.560656359653911140e-01,4.602340887527783808e-01,7.998230608071242864e-01,5.006785690319143223e-01,7.444324067838192782e-01,1.842075427322621417e-01,3.261541851076372178e-01,6.878318543510949512e-01,4.656582908258523057e-01,4.140341314369717640e-01,6.128015525643021322e-01,6.120621792676754769e-01,5.482375557580315695e-01,8.021847667761424772e-01,6.350036119864739259e-01,8.615014491449297651e-01,9.455494626025141569e-01,5.442920242423680000e-01,4.247970465726234046e-01,5.752821483145609260e-01,7.675772968689540399e-01,7.206604281513517840e-01,5.513063326887187587e-01,8.346397115693878765e-01,4.191605130274558277e-01,6.668016828172946830e-01,3.811870650613378708e-01,8.891849545702243951e-01,4.852261816786311299e-01,4.267589070833618381e-01,1.533781396283544207e-01,5.473857454226558339e-01,9.296596526648148728e-01,8.480786301290267337e-01,8.536932470933275008e-01,1.132638200121412024e-02,3.528143039090425592e-01,2.809482455102629284e-01,9.812662943856984565e-01,6.796116617502290236e-01,5.732050417142368071e-01,6.022864119146175144e-01,3.658216876281588092e-01,4.684910136086441468e-01,7.216481086497537056e-01,7.568519633808760139e-01,9.881274277591005628e-01,4.254333264715218221e-01,3.650252868322693689e-01,3.173684297798453624e-01,7.826984237483007867e-01,8.455865546693569490e-01,5.063022061340765045e-01,4.313842995885982523e-01
6.486121204729796696e-01,8.765775650556446585e-01,7.474414302938178212e-01,8.275617755504971473e-01,7.351569467167361482e-01,8.961562898146785416e-01,2.728949007136057814e-01,4.865645566399356969e-01,0.000000000000000000e+00,6.184024743224129095e-01,8.239088328289360108e-01,6.131664899569085891e-01,6.559039088971989617e-01,7.609834204009693348e-01,7.156000626530141240e-01,5.026761978964674471e-01,4.063974292416092648e-01,7.778584401903485546e-01,7.220158170805008879e-01,5.527172773253030691e-01,9.670484024337996365e-01,5.276057829222767781e-01,4.876771155320309692e-01,8.383198129133564436e-01,7.100035845361960529e-01,9.306106235752258371e-01,6.161778206945845993e-01,9.617828635571954443e-01,3.211799373837575522e-01,5.625182089101329330e-01,2.691889109295791394e-01,8.355418515498396204e-01,3.787594066700484263e-01,5.156173066211984235e-01,2.321758743894449806e-01,4.490785863617806628e-01,2.875467365355071081e-01,7.992609496967723048e-01,8.646731706588447475e-01,9.785407147235910541e-01,1.314004815706873441e-01,5.065242641110820898e-01,4.565197445148969080e-01,9.499953383249764016e-01,8.821122676633696980e-01,7.244802989160714635e-01,6.125569915547257605e-01,6.214015697600164811e-01,6.957260332179633355e-01,6.157671405494353767e-01,6.766734448060585105e-01,8.276499412549740420e-01,1.687375245260233636e-01,8.434376880599365744e-01,4.139116153088542305e-01,7.486570846466118478e-01,1.981594690764951483e-01,6.038691354753419338e-01,2.221090901428213471e-01,-1.816024432680567735e-01,4.766203899719035353e-01,9.421798243352230706e-01,4.988038811101477843e-01,2.151171588238273424e-01,9.118740808814241872e-01,8.273784580510638031e-01,4.047449647186997512e-01,8.070567280703292434e-01,5.841891027164730632e-01,4.564230345113935994e-01,8.970341282831858498e-01,7.062301600173649385e-01,7.224236920232366410e-01,3.400300446832070778e-01,2.962651626515622749e-01,4.399112540801605187e-01,8.149706385385775409e-01,1.918642900817358887e-01,2.724270371896340137e-01,2.778073521691980519e-01,4.999574106780841909e-01,7.419657448571790326e-01,7.882615309540647042e-01,7.919751780882893222e-01,3.464405776191671338e-01
7.864673106962003502e-01,9.182168347091769212e-01,8.049943568599789989e-01,9.801286070861587874e-01,5.565145406596908595e-01,8.353485104129605432e-01,8.178783560453548596e-01,5.775367646126943200e-01,6.184024743224129095e-01,0.000000000000000000e+00,4.254578501356831577e-02,5.396039726260803970e-01,8.663464408962325836e-01,4.102756746742267646e-01,7.729585816395140307e-01,9.735262741068952952e-01,9.273824029083109766e-01,6.754581076050278909e-01,7.591695918841239177e-01,7.606233035536821285e-01,6.400113385879445671e-01,7.449649513968269465e-01,6.124443276750446419e-01,7.260807333352683468e-01,6.118346977805572129e-01,9.004019618146194004e-01,6.033876886044675647e-01,7.932422371892843271e-01,1.428949578635598516e-01,6.092774805688261353e-01,1.066836999262461144e-01,7.533840894325329884e-01,8.094324597985109726e-01,4.004926867462796358e-01,-1.458114144366823295e-01,6.915367589877106091e-01,3.456099523114261052e-01,8.456865244606049936e-01,9.170931404607433057e-01,9.903925166231926092e-01,7.929513639706261552e-01,8.852338752272251865e-01,6.366275653435873316e-01,1.454934293811801227e-01,4.103719662874891205e-01,5.507716364027712697e-01,4.926488346926596873e-01,4.305719184888265327e-01,6.592032726860179714e-01,5.695131733639282601e-01,8.976825310277639636e-01,7.910535146765329539e-01,2.499149882031725389e-01,6.333194657612458700e-01,8.530408059471190629e-01,8.618228672117707045e-01,6.764578817276327705e-01,6.372842008186401230e-01,7.360868902987467433e-01,2.159222799205912091e-01,1.383404548983058202e-02,4.531189437115433760e-01,7.559957634034168983e-01,8.639625412586192654e-01,8.257183528057089328e-01,6.928484673917437719e-01,-1.032311831845560968e-01,8.467063253918254428e-01,3.646004798289011473e-01,8.691693691539726929e-01,6.084961196139536677e-01,7.204245123045943666e-01,3.648928622481769635e-01,4.428938836556567948e-01,2.159161132629743851e-01,4.903233490988527787e-01,9.964544450594277070e-01,1.456855111054067009e-01,2.607262637934056881e-01,-5.462245207909569022e-02,5.115639794461799283e-01,9.008536050055190314e-01,5.467177831466435434e-01,6.452794233294238957e-01,5.853028613932951263e-01
8.086654612533923370e-01,4.896557688809105024e-01,8.247459344473671017e-01,6.986256845520758541e-01,9.665516701937306721e-01,6.392943130107262562e-01,7.676058691755826002e-01,7.249040233516004239e-01,8.239088328289360108e-01,4.254578501356831577e-02,0.000000000000000000e+00,6.471640962706313172e-01,7.794048180180412899e-01,6.397230093718881960e-01,6.214736026956405590e-01,5.202409515437200760e-01,9.570788564380752206e-01,4.284442022476290246e-01,7.584782248861288156e-01,8.615047831736982742e-01,4.449625783920618805e-01,6.872989433271506909e-01,9.018558114345197607e-01,9.284557126068395672e-01,6.983367111860093734e-01,2.329027336980341867e-01,6.210396079541253833e-01,7.839510076202120814e-01,7.979473831059231692e-01,5.462505550460207138e-01,2.323331381879170099e-01,4.659811099665927547e-01,4.419057716481323839e-01,2.577956100031766340e-01,6.092509401054443385e-01,4.285634073692375923e-01,7.012012403468181887e-02,7.575253481926472743e-01,9.935237415616029466e-01,9.856328682183899126e-01,6.830959215869252255e-01,8.623242742028032204e-01,8.769985781287119586e-01,9.028272489937616552e-01,1.650974550875282665e-01,9.552996698133320308e-01,8.279491298891120676e-01,6.739038483082003816e-01,6.325430297866059259e-01,4.526693810159348463e-01,4.402074737913056479e-01,7.685823652315593169e-01,6.575388347260716637e-01,6.629191092413110331e-01,7.435970267951426127e-01,2.528393012128516970e-01,4.647920340747506707e-01,5.496007342939965845e-01,8.335414241770150445e-01,3.466525711735540805e-01,7.832968046394473971e-01,6.381045469081719768e-01,6.160645735347364260e-01,8.069174884220468025e-01,9.134615228770813777e-01,2.288747671076047097e-01,7.182302517613636805e-01,7.967802744682109806e-01,7.782505022641574843e-01,4.452254861699056487e-01,7.436601072505721888e-01,6.851270769949463491e-01,5.543851030785953427e-01,5.065092914356378317e-01,8.153833753984206512e-01,5.842288754207638490e-01,4.730864268281386176e-01,5.434449711644945280e-01,4.617992315571818884e-01,5.988528613563919301e-01,9.872912303666460110e-01,8.655644158135762378e-01,7.049624655375796856e-01,3.912306333651511814e-01,9.402871338796552347e-01
8.172550077664852974e-01,8.418717843928551492e-01,7.753264930770885632e-01,5.469157496288936660e-01,9.557105207671540148e-01,4.577111848312258591e-01,6.473320862954855537e-01,8.656210675825594114e-01,6.131664899569085891e-01,5.396039726260803970e-01,6.471640962706313172e-01,0.000000000000000000e+00,9.753416987688308115e-01,4.320487530811806254e-01,3.446679125218933271e-01,7.034799853715475448e-01,7.815216737406880387e-01,7.799459830822190742e-01,7.780565652229143314e-01,7.569853652943550060e-01,8.279025900691223683e-01,6.392257536186420896e-01,6.025889589677666525e-01,9.433178179377998962e-01,5.898992944480810907e-01,9.934155233250371309e-01,8.236885017890293037e-01,8.249859885869456066e-01,1.923001848037859951e-02,5.635371317085069442e-01,-4.487923526973280897e-02,7.113540561671475304e-01,2.611735124592399759e-01,4.543681511866038414e-01,4.322840724168639515e-01,3.375565074690299872e-01,5.975538940967479729e-01,3.747569839829141269e-01,6.320394575644115998e-01,8.527909210864171863e-01,4.252073802948199699e-01,6.936645292819099140e-01,9.683896612069424759e-01,8.940309985730219289e-01,8.420423199534234904e-01,7.406392179255509856e-01,6.037794605625476096e-01,2.206126268334238638e-01,4.875114727087557220e-01,8.753205907514682860e-01,6.748637494848008789e-01,6.132618373700799985e-01,8.747400171869498253e-01,5.583510271269639391e-01,8.760366105675565507e-01,8.141573087634174088e-01,5.916033814638584909e-01,7.519679852260530151e-01,5.518515809267523498e-01,6.485090502419903480e-01,4.280690953278413202e-01,7.126646878902346272e-01,5.690372455714809430e-01,8.957771685417660334e-01,6.802064732855090945e-01,5.211551123447156764e-01,7.397327143332358412e-01,9.832712635979966587e-01,5.618003941948508384e-01,6.058406350757180592e-01,8.659197429745256747e-01,7.593611067899718181e-01,3.908237116664561861e-01,6.033778302789066100e-02,6.065016294194341961e-01,6.407392665257202191e-01,8.409037953781586250e-01,5.155292451543298515e-01,3.205777465957115324e-01,-3.219884164609099209e-02,5.104515934592758208e-01,8.723827515859921000e-01,9.070387289054745450e-01,4.190162664685419536e-01,9.404126655914977206e-01
6.708331713232662530e-01,9.644341069799818866e-01,4.930692891081590590e-01,5.402229275432823830e-01,6.499934518317980192e-01,9.970241697323167784e-01,5.703164455469581506e-01,6.884826309984563020e-01,6.559039088971989617e-01,8.663464408962325836e-01,7.794048180180412899e-01,9.753416987688308115e-01,0.000000000000000000e+00,9.754864583330447037e-01,8.104769316055391304e-01,7.303843328948983471e-01,8.017650978051613642e-01,6.003694803625077014e-01,4.611017417939310414e-01,3.175703829916822207e-01,5.736680127064311963e-01,8.074672787005076069e-01,8.428966650334130950e-01,6.095406438105721580e-01,4.240840320243757788e-01,9.359786435193375720e-01,7.056302273030126138e-01,4.957542716710752195e-01,4.231179298843363856e-01,3.259122757705471551e-01,3.314336467564223954e-01,2.052322825534746431e-01,7.384951585228527460e-01,9.433172444060829998e-01,6.778548461308344653e-01,7.977080225563273341e-01,2.976922670119339642e-01,9.914722388190890801e-01,4.632041292171191760e-01,7.379970229814734051e-01,5.508659217947700082e-01,6.559970358799298573e-01,7.241086639696689975e-01,8.069683002012221218e-01,3.372843163622864932e-02,9.021447563085553956e-01,7.763412255682407004e-01,9.832151660266028603e-01,8.181218399392173879e-01,4.153150447518775268e-01,6.400833931912724983e-01,8.828975959477682878e-01,6.381294469815538273e-01,8.081280489551387891e-01,9.033005910635814040e-01,8.660781880922729936e-01,9.773079450907508070e-01,6.358417472088474520e-01,9.778317493513373204e-01,3.919111806294726108e-01,7.997268752070987308e-01,9.235847688125313759e-01,9.672592596263269726e-01,8.400672063158685088e-01,6.046200643448428336e-01,9.424377761746447479e-01,6.816691644995330757e-01,6.101735110390633654e-01,9.648886711280256767e-01,4.467330895006444980e-01,8.902877105332136498e-01,9.641375434489197760e-01,5.439898510334872928e-01,4.204574963961126288e-01,7.253215808823837429e-01,6.674553944992001053e-01,9.106979493951828930e-01,9.625025174197809896e-01,4.460730662877976892e-03,2.779876382279975466e-01,7.460707783079920663e-01,7.937417876663082072e-01,8.657889380682952662e-01,3.639567062133444164e-01,7.189457570408870346e-01
7.141852330472826527e-01,9.178037401277999718e-01,8.734985770688936668e-01,6.117887389199385684e-01,6.594858945014449025e-01,5.368884743590729425e-01,7.565465883559154836e-01,6.831786953811376240e-01,7.609834204009693348e-01,4.102756746742267646e-01,6.397230093718881960e-01,4.320487530811806254e-01,9.754864583330447037e-01,0.000000000000000000e+00,5.106310248430671050e-01,8.803409893690921084e-01,4.614014887284826338e-01,4.009794629680115685e-01,8.144631380345701555e-01,1.429333477252623108e-01,6.140698722041647573e-01,5.119497611619266975e-01,6.194084747519702505e-01,9.037851832795982254e-01,3.782540885966895750e-01,9.802296811973933988e-01,7.951239494937339947e-01,9.404047557399857205e-01,2.765704928707173327e-01,2.340310910495240482e-01,1.616559645527969602e-01,4.412125244088686560e-01,9.186579248224234773e-01,6.029433023385220025e-01,9.298273804654177965e-01,5.299631283495148670e-01,7.371528197948662431e-01,4.855850821674648765e-01,8.662328505620010555e-01,5.658954257576710445e-01,6.411688657263242552e-01,8.835892266471336853e-01,8.313309829826259767e-01,7.528496363133334590e-01,9.316824896467551520e-01,1.791988487167018862e-01,8.700343993989929636e-01,9.975123745950045251e-01,9.713783451924589141e-01,3.282699916025451636e-01,9.486471426222082837e-01,8.986278927313839926e-01,4.426373536458125257e-01,1.828404459268747617e-01,6.102113747425820245e-01,6.905734525856138672e-01,9.526100346026271648e-01,1.392348760354078507e-01,9.436826501011981172e-01,5.118800225999512454e-01,3.663252151049106731e-01,7.711403952131783424e-01,7.209947419001310198e-01,9.001652174710816912e-02,7.576966945674139531e-01,6.585084956289197766e-01,3.369830882854895626e-01,9.651601215721994365e-01,5.257302598027475682e-01,4.144208221931001690e-01,6.920770947330237011e-01,7.128210529314032984e-01,2.224516303288346375e-01,4.427216236659730075e-01,6.248093613263671076e-01,6.603184474668362114e-01,9.517207579580594379e-01,6.985938007213663425e-01,1.940364155736107321e-01,5.444385548862564761e-01,8.810130816437001799e-01,3.731142140218146781e-03,7.252212001112831041e-01,4.120209594658484353e-01,3.133483419427026684e-01
8.201677382741546785e-01,9.728993704718297275e-01,6.713421180819860723e-01,6.448679506653949289e-01,7.073494175710345333e-01,7.049444431324564109e-01,4.975103506798833619e-01,1.948311281241799087e-01,7.156000626530141240e-01,7.729585816395140307e-01,6.214736026956405590e-01,3.446679125218933271e-01,8.104769316055391304e-01,5.106310248430671050e-01,0.000000000000000000e+00,7.285860146079239374e-01,8.051865954500139200e-01,6.942549574011737112e-01,7.634536082828238257e-01,7.167663466072397016e-01,4.959904922031602714e-01,6.620698740945766270e-01,5.787139301691865967e-01,9.393614343618895690e-01,5.893099130826834342e-01,7.160790133042744809e-01,8.378900301287159902e-01,7.780029067093731099e-01,6.884763107542768434e-01,2.119596675786192819e-01,5.670067554126974052e-01,2.891176421898153936e-01,6.214666107904253112e-01,9.187358019149312049e-01,1.584835445483647465e-01,2.410534364167057908e-01,3.346384970132324499e-01,4.093491073670600944e-01,8.807423936740388370e-01,6.202199529915315424e-01,4.128090835106594803e-01,8.021799986724867937e-01,8.548981036563834124e-01,7.381494444301517355e-01,9.143264829286817941e-01,7.777730675001807148e-01,5.421050490888682516e-01,6.663355364232612654e-01,6.838558606901380399e-01,7.546980128547156053e-01,2.599496800817041042e-01,7.701621895135796203e-01,9.859517671006030604e-01,6.362605867863526665e-01,1.988731301975888988e-01,9.971506738524285041e-01,6.042643352108819643e-01,8.640361744758159324e-01,7.403395899203792929e-01,3.790766594452026905e-01,6.632821666993940490e-02,6.858241789407523159e-01,6.750606078401758525e-01,9.970343010919677784e-01,8.789875661139510132e-01,9.221280922859000917e-01,8.652486040618003749e-01,8.341277526161750000e-01,7.601322234686479218e-02,6.691747286622334867e-01,8.310889098190465951e-01,6.722815936154156180e-01,4.566403851878392817e-01,7.699875220952776544e-01,6.734913338013397421e-01,6.470166430502367616e-01,7.460435153423380372e-01,5.212069135751717930e-01,5.534807714464111683e-01,4.603553114099666055e-01,7.661891671358187494e-01,6.633519262693855501e-01,9.692629885938286449e-01,4.139875994467366871e-01,5.711081084646032480e-01
5.009556920099894617e-01,4.991776138120568862e-01,9.505106838343531095e-01,5.266612542718619450e-01,7.890590614479653375e-01,6.029613627440133516e-01,4.166494238301867159e-01,5.908172255511783266e-01,5.026761978964674471e-01,9.735262741068952952e-01,5.202409515437200760e-01,7.034799853715475448e-01,7.303843328948983471e-01,8.803409893690921084e-01,7.285860146079239374e-01,0.000000000000000000e+00,7.010053606653033897e-01,6.891652903342798675e-01,4.058341158883713717e-01,9.079596951568214003e-01,7.533899977908633527e-01,6.902231116395203259e-01,7.241778926567309371e-01,1.783117491988086278e-01,8.553977263380593277e-01,7.284226969613416536e-01,8.962154620731712651e-01,4.486911525200225070e-01,8.384759724513818346e-02,3.734451948991752701e-01,6.600722640496696492e-02,8.359268086636422179e-01,7.797176644587980876e-01,5.927101069371428776e-01,8.740734344649336851e-01,6.727098357213012747e-01,3.281475385752235380e-02,9.016779119403923737e-01,8.500661402365973229e-01,4.577222967633796658e-01,6.714958998536375845e-02,9.991300322162089964e-01,7.299624067871642863e-01,7.209369166635826165e-01,9.567537319856170841e-01,9.205458328485567332e-01,6.975066668101131961e-01,8.237053581182635087e-01,9.634975610307396909e-01,4.764957858004751357e-01,8.938503367571142277e-01,6.448757390481295593e-01,9.699629963808791278e-01,7.078217339507563155e-01,1.968516992313376068e-01,9.048636211940912499e-01,6.134861549968719796e-01,8.518378536595319073e-01,6.754608267335872052e-01,1.908730669070332620e-01,3.283185283045959579e-01,7.855870973308936023e-01,9.944947785061392098e-01,9.945345889824228625e-01,7.519489079210159854e-01,8.424118077161594220e-01,8.622963904920579736e-01,5.772687934271215626e-01,3.771626264661209760e-01,7.776366042559473835e-01,5.200522373576639268e-01,5.345109349718215608e-01,3.296732357377185618e-01,5.755640479402419629e-01,9.700698784824413057e-01,2.143966879542562043e-01,9.696907437799807683e-01,6.203575110519056190e-01,3.822804702981967839e-01,6.583154636774701807e-01,6.498401648191273194e-01,7.562681573144389713e-01,6.574550991940601996e-01,3.898622630754378093e-01,7.270472646814573059e-01
6.111989042733215749e-01,-1.438971868475425464e-01,7.461971225313346334e-01,9.155979669253822006e-01,9.184101812248676167e-01,8.697272637329491740e-01,8.701845892513672132e-01,6.512224257236824965e-01,4.063974292416092648e-01,9.273824029083109766e-01,9.570788564380752206e-01,7.815216737406880387e-01,8.017650978051613642e-01,4.614014887284826338e-01,8.051865954500139200e-01,7.010053606653033897e-01,0.000000000000000000e+00,9.759800309858061018e-01,9.214242206709923888e-01,7.475045041799072143e-01,8.870132909730951143e-01,6.122513542762054728e-01,8.298120646763155195e-01,7.691685803774475083e-01,2.415483552571366654e-01,5.477411610975604361e-01,8.488891913027255542e-01,9.449238340482367660e-01,4.910951348597473731e-01,6.396981209665825174e-01,1.393649459325329854e-01,8.500819876761613880e-01,7.467747633125735307e-01,6.183943535764566679e-01,6.497124833256504584e-01,7.920469058628392123e-01,1.346948878955556983e-01,9.267371369144344895e-01,9.079115676142736069e-01,8.056025031074085518e-01,5.325052572298377696e-01,8.097270830853502410e-01,4.958525678733293196e-01,5.921093733876550136e-01,8.078089215284883773e-01,9.085962774445347501e-01,7.065730041749432866e-01,4.581424859037691033e-01,4.794894830748592240e-01,7.728692471082546644e-01,6.389617788890922245e-01,9.337085171472433442e-01,9.352681739342332268e-01,5.227816656617362279e-01,6.378498133367682676e-01,7.879500240606469585e-01,4.708206939341992303e-01,3.468342508279403380e-01,6.138367210967830001e-01,7.512142130690869779e-01,6.879717332050012679e-01,6.584024409199633610e-01,6.825378009493855425e-01,6.838557683668367027e-01,8.142975962078262686e-01,4.676656249186468273e-01,6.585992081969560541e-01,3.195548313228872561e-01,3.078994898469315511e-01,8.143165954844575616e-01,6.745937152000160975e-01,6.425717605923474407e-01,3.473784438982462919e-01,4.478437408722884538e-01,-6.511866292313123195e-02,6.544394137051238181e-01,9.739085640339699701e-01,6.289140118797810208e-01,4.086042854009194758e-01,5.773184484859734678e-01,9.289221043914795972e-01,5.851455843601754969e-01,8.744282489645009981e-01,5.217100688989851909e-01,5.272756196072164725e-01
8.943202125624205578e-01,8.949921815358761190e-01,9.366461038156422836e-01,8.720577494674417451e-01,6.769578118942531919e-01,6.803000843403066433e-01,6.385132478476558404e-01,7.093529851638509243e-01,7.778584401903485546e-01,6.754581076050278909e-01,4.284442022476290246e-01,7.799459830822190742e-01,6.003694803625077014e-01,4.009794629680115685e-01,6.942549574011737112e-01,6.891652903342798675e-01,9.759800309858061018e-01,0.000000000000000000e+00,3.078404764485880296e-01,5.496510520105734043e-01,8.908880578951307028e-01,3.407405301171080314e-01,6.788483432878426038e-01,9.409138818726258124e-01,6.756734319927200361e-02,7.835292394098545277e-01,6.993245958055136491e-01,7.078027103258287545e-01,7.759505213844829496e-01,5.250640692175944091e-01,7.336481544754965833e-01,5.782737826876269693e-01,3.409405253771080613e-01,7.022458904054467155e-01,8.199318933127848208e-01,7.848558586771696710e-01,3.140609902715566504e-01,6.036474759118275468e-01,6.382253655244930490e-01,9.334264400535687844e-01,6.177445343790390897e-01,6.411634650154938164e-01,7.536273309578072066e-01,6.866552591641790215e-01,4.048629349079814199e-01,7.257971930448950948e-01,8.491791964396214754e-01,8.132733860514467228e-01,4.319696402780327515e-01,4.576968212057342944e-01,7.970158533968718650e-01,4.375997800644992330e-01,6.464115361464177756e-01,7.116878933535222274e-01,9.790874483180349586e-01,8.414853174486038867e-01,8.616840036678866666e-01,3.033712043843130313e-01,8.832854955964682953e-01,3.389988648450906750e-01,3.713965320157193717e-01,6.980647892685339917e-01,2.907704435643643226e-01,7.771432454843115734e-01,6.485095869181176642e-01,7.080351955987366219e-01,4.463817527495690940e-01,9.147575719600435917e-01,4.496736734650459422e-01,3.871790775533716644e-01,8.587520775211003876e-01,7.089982610786024209e-01,2.173052231749903751e-01,5.802987116276936419e-01,6.853748221860703760e-01,5.681200511024605548e-01,9.970055101413202170e-01,2.482214759780035016e-02,1.208330543225746290e-01,6.157647008758181384e-01,8.355279512011547505e-01,9.669979006183804238e-01,6.400124459393687903e-01,7.686167352587183754e-02,7.735747927016849435e-01
