0.000000000000000000e+00,7.543533298753419825e-01,7.741360194701281117e-01,9.582921779928486039e-01,8.166072294068444926e-01,9.273161613539244730e-01,9.132553669037511979e-01,6.500418195598064441e-01,6.857029564178935832e-01,7.445582787470649277e-01,5.140733489644059295e-01,8.002201836840986404e-01,7.678783287816166592e-01,9.503169383817247073e-01,5.483473397669530458e-01,6.224167615917469698e-01,8.998073795006668041e-01,4.407357659094425784e-01,8.378053134369332078e-01,9.605520097159315762e-01,8.231413204160639152e-01,8.088408944168011816e-01,6.725915016627961318e-01,8.587474465140956248e-01,6.344186787614326528e-01,9.559338604710472254e-01,7.431177418298311466e-01,-1.054990906064853379e-01,9.178175164566765298e-01,8.133115688796003218e-01,2.603687487139216272e-01,7.841550072741676480e-01,9.839630300063280099e-01,9.659547787513931283e-01,3.020298176821785141e-01,3.222315047920065734e-01,7.544809426638966476e-01,8.222160943206036077e-01,4.662702892825835166e-01,2.289626024933998638e-01,5.275086165604905286e-01,6.884662708304204459e-01,7.724857772537720990e-01,8.990414015212313537e-01,7.247506928996431119e-01,6.798574914776592815e-01,6.580114257194312755e-01,9.585840148855906406e-01,9.802019111855311273e-01,8.437184722747488319e-01,6.034693311061324339e-01,4.381177019704621256e-01,6.992843193234661303e-01,3.708034033878812030e-01,8.468035329552058288e-01,2.289290795838601622e-01,7.513749125112928473e-01,5.337045237862700908e-01,9.261829775952521437e-01,2.280335961378618936e-01,5.574848004763932607e-01,6.224360926254707271e-01,9.880007769474745682e-01,5.368144398624533631e-01,7.787468024734730543e-01,3.712409495517871028e-01,9.082460632459461447e-01,6.841812777312614724e-01,-2.144840299360528668e-02,9.581055351878187132e-01,6.400644974733316062e-01,8.217083894894900986e-01,6.650365786815580771e-01,7.728882853458312052e-01,7.132016854685884200e-01,9.142659163631947639e-01,8.425601210128951246e-01,2.565050385051227400e-01,5.226929301816987117e-01,7.409239278617356650e-01,8.580234896151459623e-01,8.503298364778271168e-01,9.563343242347308593e-01,7.514959238987103385e-01,2.603720361455525434e-01
7.543533298753419825e-01,0.000000000000000000e+00,8.388215557624505436e-01,7.129809149002722668e-01,7.058121327548202428e-01,8.057673000561760279e-01,8.007673261856272928e-01,9.258295711470680978e-01,6.919698930976451168e-01,8.642944937150738305e-01,8.771913759112850428e-01,2.281527923532203350e-01,9.225909579562878715e-01,7.868002227453790853e-01,5.737803861953685303e-01,6.770366236557412432e-01,8.307529154455264297e-01,8.178824557030885956e-01,9.594200672870530910e-01,8.089563430066256666e-01,8.193019962433008008e-01,7.174793260964100750e-01,6.884251037557479469e-01,8.530446564038106638e-01,5.097201268375911587e-01,9.069999427491186594e-01,6.655769905150787924e-01,5.969996746865083859e-01,2.182489709064355243e-01,2.630458274223833604e-01,1.740289035846407512e-02,6.476517932717988923e-01,1.574496958173471350e-01,6.525918273420588944e-01,-1.573929135322716943e-01,2.383768044756942039e-01,8.657832017451511097e-02,6.630028261674589807e-01,8.752175023256417719e-01,7.392529312485787152e-01,5.566817338000702442e-01,7.407140301728678544e-01,8.591226590658396223e-01,4.316123867210506782e-01,8.082244578913428956e-01,7.063227743542005443e-01,8.145705992132313833e-01,4.640369107929732673e-01,8.104535693195881185e-01,7.183266049288917765e-01,-3.334499111751310085e-02,8.817563785061366399e-01,8.299381064282495002e-01,8.340896526880576811e-01,8.792560542926920464e-01,7.604153188931682683e-01,3.084134204730399897e-01,8.735312669660538765e-01,9.863661189139749652e-01,6.604613611824198260e-01,8.318540712038169360e-01,8.638816869965563194e-01,9.304519000130464512e-01,3.903176216011824406e-01,8.258432194331681853e-01,9.987994092801071311e-01,6.507488146122830663e-01,9.030552802184793615e-01,7.206064461097969609e-01,7.401230294847074287e-01,6.128005396893460022e-01,6.515733698805638019e-01,5.650189876502936803e-01,5.611776551724714235e-01,7.998097829909481815e-01,8.991950523012854912e-01,5.941089762666050822e-01,5.722925093945869790e-01,6.329342464338123531e-01,-1.257525942931415619e-01,9.725889485333742979e-01,6.434624686484267109e-01,7.749249397972102216e-01,4.381812895671647334e-01,7.289460099252424996e-01
7.741360194701281117e-01,8.388215557624505436e-01,0.000000000000000000e+00,9.358300778001057418e-01,6.083598416197660841e-01,9.962528117869597910e-01,9.593121853914168273e-01,6.545278635461744265e-01,8.490145508223437831e-01,9.434074398059166811e-01,5.820166861470299491e-01,8.837498983757414717e-01,7.929619682621407151e-01,8.481110166302519016e-01,9.892549821044946956e-01,8.579828715959603169e-01,8.816646171485335026e-01,7.627340215024177583e-01,6.487594746052426364e-01,7.944079020953360715e-01,5.573835734272877263e-01,8.672527570896921834e-01,8.054673266589200686e-01,7.109189347496455147e-01,8.307510071281126729e-01,6.805286436103572534e-01,7.151874637261562695e-01,2.846475156731059775e-01,5.613655545700122484e-01,9.513917431220951515e-02,3.127481331849941149e-01,7.475785252590594343e-01,1.614009902145241704e-01,7.170874866970996520e-01,7.280850497850250846e-01,6.329410881490755703e-01,5.304812170389439085e-02,8.856728990308311289e-01,8.473314693515807683e-01,8.641521157550213772e-01,3.507595453754818737e-01,4.263036661952773754e-01,9.268560186967068626e-01,9.173629510483435334e-01,9.786236165223859418e-01,9.771510358212986969e-01,3.539169494015319967e-02,8.559168389292772794e-01,9.664014269863084872e-01,9.675096846488140390e-01,8.657220734995288991e-01,9.817617879012111581e-01,9.316741304332591955e-01,9.165552014732275543e-01,7.604315312191974874e-01,8.656401895762556586e-01,2.085920167120638991e-01,8.729168314383320970e-01,6.268928379943053963e-01,4.745704141659012887e-01,5.095918235433796184e-01,6.358772220878496917e-01,7.532272896367918635e-01,9.682126769723050641e-01,5.647856524684420343e-01,2.315914673363178578e-01,8.374984610711384558e-01,9.794219353790589722e-01,7.238942901895654147e-01,6.186935963053047383e-01,8.552564244788882775e-01,6.135135968884913860e-01,7.103928711517318861e-01,5.258523438184463661e-01,6.881355394431245553e-01,6.630155349581386970e-01,8.867219395272223359e-01,9.584016957896306366e-01,7.623645002785331970e-01,2.655719994841242437e-01,8.648763777517676221e-01,6.468577730200593123e-01,7.914772251504212930e-01,7.905400901971715300e-01,6.538686510327290646e-01
9.582921779928486039e-01,7.129809149002722668e-01,9.358300778001057418e-01,0.000000000000000000e+00,6.276293611592591581e-01,9.524856246421344874e-01,4.407528556696805322e-01,4.504991151388699211e-01,8.754853314465830261e-01,4.109385769905370411e-01,7.543500868982500052e-01,9.118745462972631666e-01,7.852551899357517184e-01,7.178349306185761725e-01,4.424722986921517665e-01,8.442930872765435080e-01,8.357523331417450185e-01,6.636187785464155997e-01,8.184069841464720607e-01,9.591702127603103367e-01,9.515576618936829600e-01,8.859282001056135725e-01,5.882162462944990899e-01,9.877402970848365715e-01,5.083505072875134090e-01,6.035310570883560821e-01,8.032548178793574856e-01,6.434219067880235787e-01,4.792520105766784333e-01,4.292483522839180554e-01,1.634175940576575725e-01,6.349302040504634093e-01,8.233258721097432842e-01,7.219136700322607014e-01,6.216141728798052490e-01,4.472863793185021808e-01,2.628423345722554968e-02,2.222735696695597174e-01,7.628385526103890202e-01,9.985702916853966826e-01,2.687911441980502802e-01,8.635911585074105279e-01,6.927228647702942110e-01,6.351086477571078470e-01,9.801160940294308954e-01,7.924668356356550092e-01,6.406609335305702979e-01,4.423751863106920035e-01,6.624840642843764504e-01,7.212319120251888815e-01,9.369979001787768214e-01,7.910715453111505369e-01,2.267689237434782346e-01,6.083220129814186361e-01,8.571479666925199137e-01,5.421120750411053679e-01,3.333939426179207688e-01,8.983789981106086175e-01,9.259930525378770039e-01,9.024994178391759769e-01,6.202436275424736412e-01,4.358144660545791860e-01,2.413717652789126866e-02,7.581085807975687096e-01,6.592501372172120400e-01,9.731579469560494022e-01,1.415538633403174151e-01,6.044558525179359876e-01,5.942570956570762952e-01,2.874421555566849529e-01,8.197390559674175847e-01,6.017226026385031901e-01,-1.633772135246941148e-01,2.340676351138075151e-01,3.085196838389734908e-01,5.126881952315582858e-01,9.173197742926776366e-01,3.549233344128647216e-01,6.047923242255340837e-01,3.542840664048487187e-01,6.156630523541939404e-01,8.633380011109068608e-01,6.472962925720674443e-01,5.946957902635898741e-01,6.408524462038519554e-01
8.166072294068444926e-01,7.058121327548202428e-01,6.083598416197660841e-01,6.276293611592591581e-01,0.000000000000000000e+00,7.933619842522741106e-01,4.018354283388387294e-01,6.760701742692284411e-01,2.232008872377777287e-01,6.012593993937298542e-01,7.482871591293036584e-01,3.384906556663387356e-01,9.201860193853460546e-01,5.513763027811567907e-01,7.790382910415463158e-01,4.417038411600540670e-01,4.130396073226051401e-01,9.428495757249362175e-01,6.071615555076527171e-01,6.763191065782766520e-01,7.845100777843838635e-01,9.673719136148846154e-01,2.068694053882657868e-01,8.103297062592705879e-01,5.771532747621429538e-01,7.247253349692757141e-01,8.605074749692066538e-01,9.656034838300687762e-01,7.674070283050674623e-01,6.191803128467934236e-01,5.822895659817421965e-01,6.045305307336483747e-01,7.712298695670598558e-01,8.647974164200259439e-01,8.976769133833846226e-01,3.348333772371946404e-01,5.844247926910013380e-01,2.853035467152299498e-01,8.801589313171285234e-01,6.887371636352190851e-01,3.344763201814073827e-01,7.150489212386234028e-01,7.562083545547270136e-01,8.510576814874343254e-01,5.299700719580212604e-01,6.187166261257245337e-01,6.053146101645108246e-01,8.474900314347246777e-01,5.916249846281775859e-01,9.012929096686559394e-01,3.805229124993321221e-01,9.876304295133881972e-01,7.229066265784009904e-01,8.840584925799884752e-01,8.725545923349380395e-01,6.303161824117829992e-01,4.809726028668538378e-01,8.769544475728259236e-01,8.686894572036659712e-01,4.353843222322161810e-01,5.232267266832962838e-01,7.441331365440633228e-01,8.458587791635072684e-01,9.907192824020069066e-01,4.912711294919863136e-01,4.809493897044870847e-01,5.437460106896454537e-01,8.391329824651013736e-01,6.279303153999516995e-01,7.017908083652970586e-01,9.406564040402785043e-01,4.325136999266694371e-01,2.542710394791420914e-01,3.905624930441842779e-01,6.752088769856983141e-01,8.901399943060395170e-01,7.400454230308635140e-01,5.919108530114383093e-01,4.125497489131545459e-01,4.748711551261804997e-01,6.180444085122959175e-01,9.125506037521110558e-01,9.705158546136746223e-01,1.876332684941647566e-01,8.559992829138796111e-01
9.273161613539244730e-01,8.057673000561760279e-01,9.962528117869597910e-01,9.524856246421344874e-01,7.933619842522741106e-01,0.000000000000000000e+00,5.361061214495275173e-01,7.230282765520960053e-01,7.901511090650535918e-01,6.929926081749722133e-01,4.660515508892754677e-01,9.534956362059016088e-01,9.417097546310291278e-01,9.216622964615113212e-01,7.184014812092677227e-01,9.128025201407582445e-01,9.857073499410871076e-01,8.571807706122385184e-01,7.445507917766116535e-01,6.942576204301099674e-01,8.874716982390551401e-01,5.599713916789775814e-01,7.107012862688948385e-01,8.139170604157244249e-01,7.570668536224541834e-01,7.197421931067979894e-01,7.255879537530552925e-01,5.026898906916938969e-01,6.912211446269735937e-01,6.862639851218512721e-01,1.733826169084975444e-01,6.208940286946416087e-01,7.107369370092391225e-01,9.011791030397444668e-01,6.317847469851817221e-01,2.505415108524140511e-01,8.319161828537775805e-02,8.247430156458888106e-01,8.256007960265444590e-01,9.139335435854029077e-01,4.292287519185553624e-01,6.055410988168896669e-01,6.300528090742942844e-01,6.884531774249987857e-01,7.385431175394008285e-01,8.786925134259526704e-01,4.840009336793540951e-01,4.238301379458085383e-01,2.657538501528297070e-01,5.034901347646191239e-01,6.164811595504160469e-01,9.304760903168436403e-01,7.629325941199918137e-01,6.405599343475609775e-01,8.221682011850518501e-01,7.342357331381734742e-01,7.762123838643718576e-01,8.685304982334483004e-01,1.094712619003049697e-01,3.533813232661816017e-01,5.528447367519596645e-01,8.717123120960421634e-01,7.551485100860844124e-01,9.555468823246927590e-01,8.833081225820847981e-01,6.542666831401938721e-01,7.987913777690376360e-01,8.420904575457764940e-01,9.728891814332213395e-01,6.396766069259297582e-01,7.077738750291792114e-01,8.684786528994969945e-01,4.249202156352133164e-01,6.982009339568709949e-01,5.783133464980153571e-01,9.286425512675096083e-01,8.791599738183319968e-01,7.132289648461476173e-01,3.002424688542002645e-02,5.887628687274207295e-02,4.221031414264080350e-01,5.137122069594701745e-01,9.744737362265801783e-01,5.579790065151772893e-01,6.460454654922201945e-01
9.132553669037511979e-01,8.007673261856272928e-01,9.593121853914168273e-01,4.407528556696805322e-01,4.018354283388387294e-01,5.361061214495275173e-01,0.000000000000000000e+00,5.555374719261918504e-01,4.741318286374765489e-01,6.638896465275565539e-01,4.169545920113418291e-01,3.043196573368370794e-01,7.581289346654840333e-01,5.327728239753060091e-01,7.449320841962556727e-01,5.322917942178730932e-01,2.740722368827451239e-01,4.190668017367203402e-01,7.494810824854571951e-01,7.223270655472383561e-01,9.510027513485539430e-01,5.531200659172056389e-01,7.974194028262900913e-01,6.805260517352123006e-01,7.101699696826468955e-01,8.989250920004862033e-01,1.787618459620709810e-01,6.486231067297081321e-01,6.950701044418886587e-01,5.327500254563211080e-01,6.841049070918597819e-01,5.792330457083535444e-01,4.855295146707905851e-01,2.259504162473613409e-01,6.899196002830739749e-01,6.812419755657301845e-01,5.852289084137808350e-01,5.769260093541598300e-01,9.105169867971978359e-01,6.049758005585809117e-01,4.280178106014117523e-01,5.384825978625347176e-01,4.774548300224088493e-01,2.632421165008946851e-02,8.069832863042963877e-01,3.974114172717758686e-01,7.707119261487805906e-01,1.207714990613558137e-01,6.599905883687916530e-01,5.985864475413451569e-01,7.746924755516072514e-01,2.974939390576316622e-01,7.153217580970794298e-01,2.031000970099800795e-01,7.948486488238581948e-01,2.044780992278742993e-01,8.258668443671661752e-01,6.549092027304067587e-01,7.211210275493520339e-01,1.266514931890510842e-01,7.628389805125970202e-01,8.138554437315139722e-01,5.159243901954926326e-01,7.394377330302922546e-01,8.422191547551578505e-01,6.496259686060849026e-01,3.762738837948895743e-01,3.888410269237209116e-01,1.342446001837276914e-01,7.328449798767603385e-01,4.705742599391287140e-01,4.005727469870725699e-01,4.590710840228823808e-01,2.980687713335753997e-01,2.360113351666462411e-01,6.031286875255221780e-01,6.867830602989689615e-01,6.350054894218034596e-01,5.296736647217982208e-01,3.137893584862945229e-01,7.544074695882269088e-01,6.541052207639752591e-01,6.575450383744672056e-01,5.109956034155589411e-01,4.350172421245334098e-01
6.500418195598064441e-01,9.258295711470680978e-01,6.545278635461744265e-01,4.504991151388699211e-01,6.760701742692284411e-01,7.230282765520960053e-01,5.555374719261918504e-01,0.000000000000000000e+00,5.652149780779321953e-01,6.669602721922307520e-01,6.254693962897216464e-01,7.738053963579144545e-01,6.851855250995754210e-01,5.619138925035237486e-01,6.596421998143064958e-01,7.749018097375132141e-01,9.473156342728451529e-01,4.551390307032275317e-01,4.056801022751247432e-01,3.507023309872910888e-01,8.424584698884263201e-01,8.359927472220043398e-01,2.042062667594296554e-01,3.819547851905018554e-01,5.340902908795115422e-01,8.706985019141333382e-02,2.883532503035101668e-01,5.432767446746510354e-01,3.174645570614494372e-01,3.237357807339179550e-01,3.818463830093371536e-01,2.352335552532383578e-01,6.833669639974410126e-01,7.446266806253094561e-01,6.109768854202191068e-01,2.205487248694162072e-01,6.780920640983001402e-01,1.751791313104849104e-02,7.961533719826985322e-01,2.050825344195380540e-01,4.138313881016987272e-01,3.923552770229633002e-01,8.802587563346067068e-01,9.250561838225523914e-01,6.990168864089225664e-01,6.463879209956269190e-01,4.391281335933507890e-01,4.366591255729349030e-01,5.168782985698743282e-01,6.783380789343171902e-01,6.822875602528910566e-01,7.952807817858281725e-01,4.212599618784097499e-01,7.172926346133876585e-01,9.287855647301888062e-01,6.356834051557911369e-01,8.165733416690292845e-01,6.151726401967121394e-01,9.608409006136947594e-01,7.894287394694879390e-02,1.642900308589800937e-03,8.498288505414890448e-01,6.145924120754203690e-01,8.364667783830923575e-01,6.238484986801523524e-01,7.390062411976210388e-01,5.026112451212207954e-01,3.880367664290781948e-01,1.319011126793226685e-01,7.345179606449373511e-01,6.864839380878001718e-01,5.743876294193995813e-01,7.891066966340649635e-01,4.541523248574514948e-01,1.381511562550441496e-01,7.424622646897499623e-01,7.135705885744419996e-01,6.855670373903098858e-01,1.935683812287652406e-01,7.494125787598727717e-01,6.554612813763580625e-01,9.865428391047412759e-01,8.170332211362317798e-01,6.377264267209095117e-01,6.875068096525224215e-01
6.857029564178935832e-01,6.919698930976451168e-01,8.490145508223437831e-01,8.754853314465830261e-01,2.232008872377777287e-01,7.901511090650535918e-01,4.741318286374765489e-01,5.652149780779321953e-01,0.000000000000000000e+00,8.445245104776504252e-01,5.612729101475434357e-01,5.541741602596140792e-01,5.591665772313447746e-01,7.624055383711501044e-01,4.263806170914987148e-01,9.088742931373902101e-01,9.485299754808882433e-01,9.044878060203020986e-01,6.906823963328735383e-01,7.135097242689207864e-01,2.379825980737844959e-01,9.818587480408837997e-01,9.486722145961226094e-01,7.184437805331820304e-01,7.402657132779826288e-01,6.031752628215474310e-01,9.289790315514869778e-01,7.774841993101033744e-01,8.097688688935344992e-01,3.837760960340875771e-01,4.257763526631505036e-01,5.364742997764530008e-01,7.458398700872170828e-01,6.404462747382915211e-01,9.517102687093315083e-01,7.648781284349951415e-01,2.280659404600010876e-01,9.834202172573602851e-02,6.576852630030800562e-01,6.548396990762043179e-01,7.890926268690845458e-01,8.548016477818329850e-01,4.720377517013648605e-01,7.964319340637446842e-01,8.028042236364363315e-01,9.022664254422460006e-01,2.384909859341315108e-01,4.875747192980744993e-01,2.326564193856509311e-01,1.990458183844937834e-01,9.257234487228019892e-01,5.823097061117283868e-01,8.784157984405988051e-01,9.741500770946309729e-01,9.402689824969113763e-01,2.058138265268576184e-01,4.323953937557346028e-01,7.194863603554751963e-01,6.013730751695027799e-01,7.014591286118163627e-01,1.330669484150497350e-01,6.613866743395445669e-01,4.073549502710016937e-03,7.184203615218124339e-01,5.935906649509026245e-01,9.129944138342502846e-01,-9.785926311998220661e-02,8.516583751450379491e-01,7.261586413354099712e-01,7.148092312393250491e-01,8.767050451795375121e-01,2.057475905728471111e-01,6.898868485555741392e-01,7.720146661815575628e-01,5.221952936869176387e-01,6.926173145447335200e-01,6.557416054088793800e-01,5.270684587848851743e-01,3.765892309102264468e-01,3.640092579624833458e-01,8.230690367946061903e-01,7.986928431933768557e-01,8.839432849763139144e-01,-1.102648864672342577e-02,7.635062761594715308e-01
7.445582787470649277e-01,8.642944937150738305e-01,9.434074398059166811e-01,4.109385769905370411e-01,6.012593993937298542e-01,6.929926081749722133e-01,6.638896465275565539e-01,6.669602721922307520e-01,8.445245104776504252e-01,0.000000000000000000e+00,9.161099696958695526e-01,2.266090818677110041e-01,8.441051756979894849e-01,7.678915965790444886e-01,5.033312449066883465e-01,2.078716689406122364e-01,1.834650370255908602e-01,5.387166361331836573e-01,7.704759096233610993e-01,9.670541553056580808e-01,9.798413032882998808e-01,7.593521859420265807e-01,9.199416640845366200e-02,9.468482832081749345e-01,4.294355112554913423e-01,4.384686392498466923e-01,9.296170931447711450e-01,6.423029804911842833e-01,5.818020089349251744e-01,4.350225991718523755e-01,1.763072890755379429e-02,5.480015298772739074e-01,6.213550402387535421e-01,8.095656602492106169e-01,5.480437495055002772e-01,3.560533518159594291e-01,1.191896984609097238e-01,6.845046475991003465e-01,6.156828328796321026e-01,9.935416929618203774e-01,3.476626284153847557e-01,1.320193299804609532e-01,9.513085352462491429e-01,6.510994192352237420e-01,4.780727966793621997e-01,8.699464095554877430e-01,7.399040119206116151e-01,7.349541689297816038e-01,6.117262558901023217e-01,7.119782307386838260e-01,5.840007252580561303e-01,7.206224226516849685e-01,4.408501221716982221e-01,8.641859844330589402e-01,-1.058897804498879491e-01,7.166316260100547009e-01,7.522108625297470041e-01,5.225742699736746211e-01,8.098205304137677807e-01,2.361617397338766078e-01,6.322184425701087296e-01,5.564621343290374611e-01,-1.411692157978420292e-01,9.847280516099671255e-01,7.181058907738492314e-01,5.430506791267476485e-01,7.316577933955739077e-01,7.500675054633094696e-01,3.007132370152817979e-01,9.132235746484860250e-01,6.918996060243082225e-01,4.307624804780660899e-01,5.969427553064962089e-01,5.720969164477809343e-01,9.060440630836057441e-01,6.023951334411384861e-01,9.125940107832845039e-01,6.951173154980642144e-01,3.527161885485841086e-01,8.753955243993938318e-02,4.711127567714700204e-01,8.875139757146612851e-01,8.690099175374056406e-01,2.885169837774960722e-01,4.825251615975619246e-01
5.140733489644059295e-01,8.771913759112850428e-01,5.820166861470299491e-01,7.543500868982500052e-01,7.482871591293036584e-01,4.660515508892754677e-01,4.169545920113418291e-01,6.254693962897216464e-01,5.612729101475434357e-01,9.161099696958695526e-01,0.000000000000000000e+00,7.678155164717214154e-01,7.334867211980954371e-01,4.799037874027062833e-01,2.771705570777107663e-01,4.361952898883494356e-01,8.872909715372035988e-01,3.636963353881913497e-01,6.919474293690239808e-01,5.151454003916395852e-01,6.326241136069553628e-01,5.620119701809282997e-01,8.931644101224501808e-01,7.905359159314975237e-01,7.785790619877576146e-01,4.544795944206002081e-01,7.148903577914663687e-01,6.141065834720152994e-01,5.750724714597060805e-01,2.783179747951321503e-01,7.034791906020845254e-01,3.721648116577085386e-01,5.830231500547132795e-01,6.334996293695029923e-01,7.573399424165686566e-01,7.884477264247387041e-01,5.626751664621599813e-01,6.301354002569168333e-01,5.387743410546237399e-01,6.197634572014512067e-01,7.566514563908139923e-01,6.164084746022269190e-01,8.867159670605483379e-01,8.377884396323034277e-01,9.242651660992110552e-01,8.153439114132406962e-01,8.474030206324392189e-01,5.655761261167479015e-01,7.128147777159009602e-01,3.825164003905435761e-01,7.178767851310992043e-01,8.991931837434780084e-01,5.605358500631444363e-01,6.970380426822542219e-01,9.903105944071617373e-01,5.561092157544021974e-01,9.889803001777974778e-01,6.714128336530714725e-01,8.668075621059820879e-01,3.938634230170008910e-01,3.263424296059823648e-01,7.635352153165859690e-01,7.227238677396279343e-01,7.059486746777388078e-01,8.044321255560499262e-01,5.672605776659278565e-01,9.031905574964523842e-01,9.879445076163502204e-01,1.564476668055464481e-01,6.373351523114170192e-01,8.111735018076925430e-01,7.709746913612125496e-01,7.487436763790562555e-01,5.759305442812429066e-01,6.009183841731704501e-01,3.891490789239528958e-01,9.177001904604979998e-01,6.248157167728312089e-01,7.629253629968024697e-02,2.894450080026255701e-01,5.166904959234899231e-01,9.756847470861982341e-01,9.421489843406023468e-01,8.950860908984367148e-01,6.745114732262046386e-01
8.002201836840986404e-01,2.281527923532203350e-01,8.837498983757414717e-01,9.118745462972631666e-01,3.384906556663387356e-01,9.534956362059016088e-01,3.043196573368370794e-01,7.738053963579144545e-01,5.541741602596140792e-01,2.266090818677110041e-01,7.678155164717214154e-01,0.000000000000000000e+00,3.344026754659789047e-01,9.928996385439021743e-01,6.438774054604734509e-01,5.729706159328502579e-01,8.510767444816140781e-01,5.814912955222659718e-01,5.719699417348355075e-01,5.122583729503960015e-01,7.994147123674169020e-01,8.774806061320424844e-01,4.454547872846634227e-01,8.302724621218667833e-01,2.972221789882686371e-01,9.613907061544276766e-01,8.135959094460759600e-01,1.589943808747397713e-01,4.736988401388644299e-01,6.700913135128885312e-01,3.711006641175789156e-01,7.802521174620109523e-01,7.643324391038954779e-01,8.998654867330098117e-01,1.154362991422991369e-01,6.029343315021076233e-01,2.788731643633505231e-01,9.954516918738935960e-01,8.083262607261492150e-01,7.168214888518594785e-01,8.421341623364965168e-01,8.586933106097458523e-01,6.197041564039124095e-01,8.197057019241790199e-01,7.543653980745305132e-01,7.374796805616919970e-01,6.582080535532540688e-01,4.344991501106154619e-01,5.766771345755772327e-01,3.485712092351343078e-02,6.314985908469996634e-01,6.156529683991923685e-01,3.235888381444317341e-01,3.992797823572180604e-01,5.170075828747262570e-01,2.548417723416109282e-01,1.420106845003390739e-01,9.076242142854468176e-01,4.479536251928468715e-01,2.879640295960484431e-01,5.963662434129279877e-01,2.000399815616996091e-01,-4.909726860394525438e-02,7.292737768332675508e-01,8.446690078336429597e-01,8.970661945672603332e-01,6.104831781292661130e-01,5.339117529128163397e-01,8.872328195417458208e-01,7.196524967957025343e-01,9.033547360159143169e-01,7.770398563852567442e-01,4.055827900024575605e-01,8.035788674166182144e-01,3.416429628411797870e-01,7.365050069277427891e-01,5.931596532892304818e-01,3.021559844876939294e-01,-1.239819624313907021e-01,2.760820156760594446e-01,7.348399088709923754e-01,6.435354052614156162e-01,4.767019131446267877e-01,4.742928529833425610e-01,6.480429010200777773e-01
7.678783287816166592e-01,9.225909579562878715e-01,7.929619682621407151e-01,7.852551899357517184e-01,9.201860193853460546e-01,9.417097546310291278e-01,7.581289346654840333e-01,6.851855250995754210e-01,5.591665772313447746e-01,8.441051756979894849e-01,7.334867211980954371e-01,3.344026754659789047e-01,0.000000000000000000e+00,4.548373288648436819e-01,7.115651083052835224e-01,9.982609405290530091e-01,7.934517450918450177e-01,6.179013463513542970e-01,8.688377523079205966e-01,8.554509860588155323e-01,6.607910555410303477e-01,9.594383048203682929e-01,7.045613310468392676e-01,8.323977911969184795e-01,4.898353084156104043e-01,7.991977809164454438e-01,7.742727221720000497e-01,8.835090969857467558e-01,1.325128245957429840e-01,9.304423350548310934e-01,6.014195776317713404e-01,6.874200985162894906e-01,8.354426555650266151e-01,7.333602667076138948e-01,9.431010700049747841e-01,6.094902350709675565e-01,4.959140371935956138e-01,9.448198391516657857e-01,4.806120494658683850e-01,8.073115690877642470e-01,9.827453358325054511e-01,3.537869346874200072e-01,4.627764083003840789e-01,8.445947404808333836e-01,7.271118332223994729e-01,7.767366329165743544e-01,4.742744918495193640e-01,2.645506779918224693e-01,9.749912071702091509e-01,8.328878876126724062e-01,6.619984573222905677e-01,9.357919626056615536e-01,6.540308200468860633e-01,7.761974634726048761e-01,8.793669253868452440e-01,9.100133054524683907e-01,6.797087832597695223e-02,6.003817892369845977e-01,9.645344640367151667e-01,4.264054321772743905e-01,7.940625559910342579e-01,6.571662598898578844e-01,3.060671629092597823e-01,1.038576949055680515e-01,2.608581159130038962e-01,9.582927843192612372e-01,9.141477062774898688e-01,8.763197755140528233e-01,5.396951024730943791e-01,9.423612934143601461e-01,9.543378253501645370e-01,8.078297010705095538e-01,7.176975378361205582e-01,1.356163038725076153e-01,4.689307426388786837e-01,7.115343983373986214e-01,3.635853421096152394e-01,9.895564799653835397e-01,5.806312988821478172e-01,2.477273761758650161e-01,5.939171189951142349e-01,3.114267461714248508e-01,6.767944216276581271e-01,6.158836636392971409e-01,6.140620073766834830e-01
9.503169383817247073e-01,7.868002227453790853e-01,8.481110166302519016e-01,7.178349306185761725e-01,5.513763027811567907e-01,9.216622964615113212e-01,5.327728239753060091e-01,5.619138925035237486e-01,7.624055383711501044e-01,7.678915965790444886e-01,4.799037874027062833e-01,9.928996385439021743e-01,4.548373288648436819e-01,0.000000000000000000e+00,2.624455037549003888e-01,7.028847308455381526e-01,2.028353835150814577e-01,4.310567482079183388e-01,8.326170032562851819e-01,9.856802235802818446e-01,5.649659020255233255e-01,6.102393697831574038e-01,7.325142928166117340e-01,2.249548550134400915e-01,8.877432985560277379e-01,4.344648684196688038e-01,2.486160672170595887e-01,7.333061265815161711e-01,6.849054525229179013e-01,1.209579955211135538e-01,1.884461021629569577e-01,5.258109317315566855e-01,5.016238367883631977e-01,9.748375235439707964e-01,8.578149478307273146e-01,-6.098455246704961863e-02,7.377083986668261373e-01,2.480190497503024505e-01,8.537383156255400340e-01,6.908544900714419512e-01,-1.831120342177321725e-01,9.474196488908960267e-01,8.220767314229584510e-01,8.878814856102862363e-01,4.082035994865610418e-01,8.422431529868020794e-01,8.985594081037604486e-01,6.008002947176969144e-01,2.635653072909825423e-01,9.005573221705154285e-01,5.096973119156900101e-01,3.659290488163797761e-01,7.415836719093753526e-01,7.831371358486725054e-01,4.518782557879446604e-01,9.257243930929597298e-01,8.960428757999880922e-01,6.706302208914185492e-01,6.902528446677413942e-01,9.795914050676566287e-01,8.566447812877318047e-01,7.756662796259110593e-01,6.802822103083964178e-01,7.281907434322619777e-01,7.608184963101207732e-01,7.187888718346200356e-01,8.580036050452406471e-01,8.468467306274830575e-01,7.016211233436964179e-01,7.707888406291655281e-01,5.101050418233422645e-01,8.985891566289593291e-01,8.112100314847600080e-01,4.727254957572224470e-01,4.740819741657498199e-01,2.138767110607329713e-01,7.153298193293858853e-01,7.556022787962580756e-01,2.486797302559928535e-01,3.080761667299060647e-01,5.282068354895967932e-01,7.573218704022121051e-01,7.301737104778763809e-01,4.743226192201135949e-01,2.527324007357308333e-01
5.483473397669530458e-01,5.737803861953685303e-01,9.892549821044946956e-01,4.424722986921517665e-01,7.790382910415463158e-01,7.184014812092677227e-01,7.449320841962556727e-01,6.596421998143064958e-01,4.263806170914987148e-01,5.033312449066883465e-01,2.771705570777107663e-01,6.438774054604734509e-01,7.115651083052835224e-01,2.624455037549003888e-01,0.000000000000000000e+00,7.389347803522055003e-01,8.466866126248275837e-01,9.237279966320144364e-01,5.376399650651082496e-01,9.585389849004107843e-01,9.960833269928688338e-01,7.196283534088800948e-01,7.439554821385203631e-01,7.263463420925139191e-01,3.891419454440834397e-02,3.935382208816562977e-01,6.837410727854793535e-01,5.718437577372763592e-01,4.374616402720609143e-01,5.949079084943558193e-01,2.899539698855007064e-01,4.305599196967461184e-01,3.358697524920176702e-01,4.237676422874537829e-01,8.311368396420004689e-01,4.603593491000113058e-01,3.907433515408200719e-01,6.514980979599402922e-01,3.131557578619787452e-01,9.448951440835144933e-01,6.933442277711745483e-01,7.539257532725311961e-01,5.773137159565890908e-01,9.206096018483173049e-01,6.446636381965236140e-01,8.305555399666152416e-01,9.702918154372477400e-01,7.631804558150827589e-01,9.560689282233965081e-01,4.683227327336373369e-01,6.438364688768711819e-01,4.696371953749291506e-01,9.204316925138568140e-01,6.471519034202396492e-01,7.420458553264691615e-01,2.637504957269325989e-01,3.419427513628682247e-01,8.495912892262131866e-01,6.799340154995695551e-01,5.340254057902266149e-01,3.690487297013683027e-02,6.481906630527406454e-01,6.703978124996989862e-01,8.927328519017576625e-01,3.383957396080832236e-01,4.315299382032898867e-01,5.652485350784840490e-01,6.246530113308148557e-01,4.675034400620431407e-01,6.765361096468760493e-01,9.881751753482497236e-01,9.591073175002349238e-01,-1.147251435047214885e-01,7.163365829003311980e-01,5.631538457323022051e-01,8.427002430809225064e-01,8.786096227370295830e-01,7.305203963433545278e-01,3.843844178438405867e-01,5.981185787169331913e-01,4.460560733039323211e-01,9.329005793392599610e-01,8.858623088118420252e-01,6.662568831110126100e-01,5.257561834105939358e-01
6.224167615917469698e-01,6.770366236557412432e-01,8.579828715959603169e-01,8.442930872765435080e-01,4.417038411600540670e-01,9.128025201407582445e-01,5.322917942178730932e-01,7.749018097375132141e-01,9.088742931373902101e-01,2.078716689406122364e-01,4.361952898883494356e-01,5.729706159328502579e-01,9.982609405290530091e-01,7.028847308455381526e-01,7.389347803522055003e-01,0.000000000000000000e+00,6.131867888738220529e-01,2.485669279374495555e-01,5.905104116199384467e-01,3.303778803923752561e-01,7.598141003577374430e-01,7.788406719182383586e-01,8.641453947652519840e-01,8.072010513968077561e-01,6.388052550718784639e-01,-3.057083517347300439e-02,5.951478983083459129e-01,4.525492048315356564e-01,7.514956428215849860e-01,3.751758650992543798e-01,1.575793507324043663e-01,7.035009176486212157e-01,5.705245110657872765e-01,9.153703814908110692e-01,5.059116945001500554e-01,4.125412266618818102e-01,6.402102767310422493e-01,8.792978836400875409e-01,8.812985615371482506e-01,7.374127781110192403e-01,5.437752217506270913e-01,6.410844930827201693e-02,6.324344856568915318e-01,2.016279041822100770e-01,9.650038540599154002e-01,6.626402664953681132e-01,8.391848866019985254e-01,5.774979966515451091e-01,7.583661474497234156e-01,9.749122280849072120e-02,6.515176302931031671e-01,6.150884411457057110e-01,4.063368355710559876e-01,8.374826773697231497e-01,7.445858860198312223e-01,9.087241807877780575e-01,8.655886688981238031e-01,7.778859072944530606e-01,9.912977037475927400e-01,1.087291548412164383e-01,3.673022847132652591e-01,8.315445579312947810e-01,4.014553327691166018e-01,7.974790073989979078e-01,5.418616400043702042e-01,6.225539218650709694e-01,8.118372438061128848e-01,9.496923237741425883e-01,4.589451195616525703e-01,5.081078316483035318e-01,8.315316566567596546e-01,5.949259041420271732e-01,2.187496222296247961e-01,9.900722586692634053e-01,7.411185949098140213e-01,-1.154952392316277443e-03,4.786791277418915858e-01,7.031277862226745778e-01,5.399065924806371042e-01,3.225202281687286066e-01,5.154336818389504415e-01,6.977418398553478784e-01,9.851324818937432504e-01,1.218867144826868282e-01,2.015183912360483665e-01
8.998073795006668041e-01,8.307529154455264297e-01,8.816646171485335026e-01,8.357523331417450185e-01,4.130396073226051401e-01,9.857073499410871076e-01,2.740722368827451239e-01,9.473156342728451529e-01,9.485299754808882433e-01,1.834650370255908602e-01,8.872909715372035988e-01,8.510767444816140781e-01,7.934517450918450177e-01,2.028353835150814577e-01,8.466866126248275837e-01,6.131867888738220529e-01,0.000000000000000000e+00,2.259146179985701552e-01,6.666664743331507381e-01,6.163785735511726482e-01,7.717457599336341456e-01,9.885299339689915810e-01,4.076525519860695335e-01,8.012905031882991969e-01,7.729640386329152957e-01,7.602973685736647003e-01,6.431378746715877837e-01,9.350874501204187172e-01,1.089203542735708852e-01,8.867208543566358625e-02,9.428151851415367962e-03,3.949944846268437226e-01,7.230091747754117115e-01,7.678075349946156258e-01,8.010718486919116144e-01,7.880671913191179545e-01,4.043500392799893040e-01,7.825481569550077898e-01,9.941212675149573297e-01,6.243863833845941791e-01,3.920291320783174660e-01,8.165733023191420470e-01,6.161338835005505388e-01,3.740269554029368448e-01,7.754868685357063640e-01,4.742157328320525389e-01,8.507383012585402193e-01,7.972321889012830010e-01,3.923806507262289633e-01,4.153373624185093815e-01,8.074033724978709747e-01,3.697159607738328968e-01,5.434628548523993130e-01,5.493567062201996087e-01,8.015781526714095273e-01,6.368075729992230816e-01,6.151913492741839518e-01,4.720849811250570349e-01,8.764637697494468416e-01,2.509674914165810344e-01,1.288160618371092248e-01,7.428847929524577953e-01,2.683274583196992857e-01,1.609364292922212114e-01,7.798730495381560601e-01,9.682341752489838083e-01,9.569569543918059473e-01,8.723046216879597470e-01,4.975967810149911630e-01,1.960970539144997193e-01,8.415125532718169543e-01,5.298581785771293573e-01,3.209734848865732904e-01,3.735937638533776139e-01,9.253915298420758440e-01,7.368253354000455779e-01,7.708546247501869564e-01,1.581774542723081989e-01,6.641214462604206892e-01,5.910897283056830709e-01,7.515774798614146546e-01,8.479005780543048543e-01,9.955250722669697350e-01,5.851796289827028152e-01,4.660989794923007246e-01
4.407357659094425784e-01,8.178824557030885956e-01,7.627340215024177583e-01,6.636187785464155997e-01,9.428495757249362175e-01,8.571807706122385184e-01,4.190668017367203402e-01,4.551390307032275317e-01,9.044878060203020986e-01,5.387166361331836573e-01,3.636963353881913497e-01,5.814912955222659718e-01,6.179013463513542970e-01,4.310567482079183388e-01,9.237279966320144364e-01,2.485669279374495555e-01,2.259146179985701552e-01,0.000000000000000000e+00,4.841662479215529946e-01,6.966188755451735437e-01,9.876484654119679352e-01,6.022992819219926686e-01,3.511525594654961169e-01,4.970792050935479711e-01,1.173494133357659841e-01,5.737354065150620519e-01,9.113297300221748776e-01,7.203230586479711928e-01,2.100400527693824515e-01,6.139542554933946628e-01,-1.951024240626058059e-01,7.851865539156401841e-01,5.368556530282260209e-01,7.208660193128592075e-01,4.538736016201984080e-01,7.040911924278786538e-01,2.582631156222136015e-01,2.260312130680548481e-01,7.927135977431862823e-01,4.126669743044384386e-01,8.356470851286580404e-01,6.387409347595751630e-01,7.914293726876424628e-01,5.070217666493024300e-01,4.861571183650156835e-01,7.984426611063741852e-01,9.341272998030618613e-01,8.536669516821330239e-01,5.784132952472208489e-01,9.410497279329050890e-01,-2.947865158195919766e-02,6.812046044552155788e-01,7.096478580804845837e-01,7.108198573971882261e-01,9.432810840707674949e-01,7.916482527720402063e-01,6.749232059261183192e-01,7.089250342738319111e-01,8.341668831512225601e-01,9.425436126449631136e-01,4.246472945739893645e-01,7.135546145195547085e-01,3.331672701537682912e-01,7.623355304659006348e-01,7.257069094647213836e-01,9.615350764378667314e-01,4.217911174374856520e-01,2.496058519293342104e-01,3.356963046856766830e-01,9.548932411935449061e-01,8.623314220305366984e-01,-3.087511473218429447e-01,2.339992383586509128e-01,6.752716351151255569e-01,5.803081149395915572e-01,9.712080964227043367e-01,7.256326088305355970e-01,5.946697583056871350e-01,3.857751587102182800e-01,4.883948532051087255e-01,4.118602188158042993e-02,8.077819926336828882e-01,3.888718897597950308e-01,5.160411595891718495e-01,7.900315236934577490e-01
