0.000000000000000000e+00,6.682962275845547584e-01,8.805924820501590533e-01,3.691564481723949021e-01,6.067868196543059200e-01,5.491135321815813208e-01,8.053153264259250710e-01,8.128974138768879643e-01,6.582083661398766550e-01,8.406369103728160708e-01,8.146165780295536729e-01,9.110024663495428499e-01,9.803022346875482906e-01,6.445579314078346833e-01,8.736089569543313837e-01,6.265160030841165906e-01,2.522250074460354319e-01,8.537963377605898296e-01,8.697180211405258765e-01,8.607452730108091643e-01,6.883985465084242472e-01,3.273090751211851224e-01,7.376105520335169974e-01,8.746550346160655298e-01,8.604396318311203773e-01,5.217586535339029385e-01,9.157373339233515486e-01,1.747013828493926280e-01,7.713575776575181120e-01,4.342491964146841937e-02,7.550983175026504401e-01,8.724440570711878840e-01,6.597405726730540820e-01,9.423376862433473500e-01,9.445249847932669640e-01,4.790033425925533939e-01,4.484500804236524751e-01,9.954498004993046489e-01,9.499727611545145667e-01,9.878456539064373043e-01,3.686544256012527221e-01,4.943694037124779506e-01,8.785484117351582967e-01,9.387459137405920195e-01,8.097828104420891071e-01,8.646970544929932778e-01,6.673854689229283821e-01,7.367902180978447291e-01,8.572310072377646861e-01,5.619057081689383670e-01,9.297718549634503837e-01,7.263252525593921760e-01,5.458957902807923812e-01,9.199611214727556607e-01,9.586059214629499836e-01,6.872193289229819868e-01,3.467133302593947697e-01,8.991368483947104195e-01,-1.086226083739794124e-02,5.489512787223057577e-01,1.619568599658586794e-01,6.907603489820913767e-01,8.671077142136613958e-01,7.782280655281987869e-01,7.741751884963284924e-01,6.899850551714727942e-01,6.682446908692823984e-01,9.347514832175537469e-01,8.723573284419406937e-01,7.542757236894802597e-01,8.690794543564726027e-01,9.421865076023390184e-01,6.472575485712822596e-01,9.363839551933188510e-01,9.982489525581034195e-01,8.284084346521440878e-01,4.191569996953837252e-01,6.764317254930799495e-01,4.958399058479168731e-01,6.838968661883649824e-01,8.295582133453003326e-01,9.940507627052630468e-01,8.099309910600925866e-01,7.745969388908556796e-01,9.388583186421612936e-01
6.682962275845547584e-01,0.000000000000000000e+00,9.197863907157601826e-01,5.764332317348006551e-01,6.999096027269717801e-01,4.128530524878276653e-01,7.729565175560666468e-01,5.752189024634121184e-01,8.924602443124080020e-01,4.269403433690113214e-01,6.157831525743546752e-01,7.429173521412584247e-01,7.241952889850441499e-01,2.338749666448525499e-01,5.592364977059571807e-01,9.648650796092166360e-01,9.058772701226874835e-01,-1.257405069321501090e-01,6.361677908403472470e-01,9.181708185315432535e-01,9.854662638022759769e-01,8.791388047999819655e-01,2.264586528733611437e-01,8.301119762752567910e-01,7.578551542952800535e-01,5.576729300599886363e-01,6.717300262101975061e-01,9.027300563170127523e-01,8.685921865564356636e-01,2.242637522092564839e-01,3.317830401257275685e-01,2.265807584006665487e-01,1.954994744860753808e-01,9.245127951913828523e-01,4.950455914293059867e-01,7.866525440640739220e-01,1.991619631008651747e-01,9.769058177572558233e-01,9.410959936005630633e-01,8.255403828371931096e-01,3.254228371894334892e-01,6.876806449081610539e-01,8.739561035157440427e-01,7.018533487698115358e-01,9.199553686953052534e-01,9.288550868308308450e-01,8.694272991671088135e-01,8.676496394357129383e-01,5.618436266355495423e-01,4.152725488703518653e-01,7.881711170027995150e-01,5.393970162823158443e-01,7.837270025755774805e-01,8.657757278017550462e-01,9.092426984581772897e-01,8.184097001910262126e-01,5.655988653195280769e-01,9.109820682292033567e-01,5.762945354054049840e-01,7.774408355789745872e-01,3.785582345565686735e-01,9.779607823788381005e-01,6.079540804588090541e-01,9.214763131045600186e-01,9.445832506781099980e-01,4.307055463977715326e-01,4.978974221024120017e-01,9.576970851502295545e-01,4.226926398387479411e-01,7.372356889076007169e-01,6.269323757587637047e-01,-7.184227810434076766e-02,6.911916393652933754e-01,6.644964588342922029e-01,4.807562281409231697e-01,8.028586800622585784e-01,9.864381214858970459e-01,7.984153911290379213e-01,7.929962677608948241e-01,2.152450435222794389e-01,4.847804428014548250e-01,7.286605704828523766e-01,9.741368303408575180e-01,3.976409290922451323e-01,9.952237104992729400e-01
8.805924820501590533e-01,9.197863907157601826e-01,0.000000000000000000e+00,8.609006674464043662e-01,9.554546687883286316e-01,4.451403188595772775e-01,4.732433193064820021e-01,6.380031215351773533e-01,6.642229248541851039e-01,6.131673481593753472e-01,6.167122446402474312e-01,3.907866049785373441e-01,7.997498666338551665e-01,8.606143859407020535e-01,8.664840193917726641e-01,9.495685959082619254e-01,9.623190623098819563e-01,9.089146508662447888e-01,6.857527098647938635e-01,8.839979305942531340e-01,9.799239014399356851e-01,5.655118271647433525e-01,4.454087280247495673e-01,9.946520027400211905e-01,8.833291121928393830e-01,6.063523857828225783e-01,8.915646465356886763e-01,6.384462085934882181e-01,7.957982816852794405e-01,1.208684907900887118e-01,3.288334048158972900e-01,6.674373545460878798e-01,8.861205749183785896e-01,8.457606719819936725e-01,9.024918181423390307e-01,3.830162922390824010e-01,5.383796477123170554e-01,7.556069263615937670e-01,8.528492384411476834e-01,9.666860939903287875e-01,4.194037538661402609e-01,9.311710651112783399e-01,8.395006747651566625e-01,7.561449811162828105e-01,5.703662546054990568e-01,8.601124034997640333e-01,8.910776380522897888e-01,7.658352926129232685e-01,6.775235943366560987e-01,8.400062900374907215e-01,6.340920405538789106e-01,9.996611281455576314e-01,6.307064785085172431e-01,9.388951235797357020e-01,9.908803498676925781e-01,9.007559415733713548e-01,9.544417671897849065e-01,6.554165097759780956e-01,9.343859996238065291e-01,6.662620414520965539e-01,2.507624524460450588e-01,2.782879894513075048e-01,4.713914537686940687e-01,9.226759471485644903e-01,9.135264790082802122e-01,9.879479258880525805e-01,3.396119454671557847e-01,8.340747763895869360e-01,8.158259364726155871e-01,9.286177904684500550e-01,6.793649972106085011e-01,9.939569389280564771e-01,3.888883026285232525e-01,-3.811891582312739168e-01,7.256930205584395388e-01,9.044819365287524171e-01,9.855761400882010470e-01,7.597853706440975685e-01,2.430323117468018435e-01,4.795635222669926145e-01,6.510475215565586504e-01,6.072896359003395750e-01,7.775008440453168301e-01,8.182789908045049465e-01,9.965265996640620960e-01
3.691564481723949021e-01,5.764332317348006551e-01,8.609006674464043662e-01,0.000000000000000000e+00,4.277809096998461125e-01,6.652846229919243681e-01,6.735283379153415018e-01,6.774088751077199655e-01,3.899230936450832630e-01,9.465062326831307216e-01,8.975491254201097835e-01,8.808323036737903955e-01,9.526896273686200622e-01,5.377206726753596122e-01,4.085927650432900626e-01,9.172937572077435320e-01,6.334367679538218665e-01,9.439349251792730211e-01,9.264029683548971050e-01,3.396420478771865481e-01,2.263710119286147238e-01,9.417897008673743464e-01,7.792877088073003611e-01,6.586944357666560945e-01,5.871560506307424987e-01,9.319819514718654663e-01,6.812846311309300740e-01,6.907348107047598385e-01,4.795148075652077568e-01,5.864707373873960794e-01,4.561660889546549358e-01,7.513170649467950657e-01,6.140088117825743819e-01,8.789639791714477512e-01,7.548309615917430104e-01,2.462377798630932257e-01,7.670130313378603626e-01,6.465824386185083927e-01,9.207475452152580342e-01,9.169823947327114810e-01,5.989693688798839455e-01,6.480448863415549932e-01,8.589487878608351723e-01,8.664980431321488430e-01,9.341905877740048769e-01,3.717370775890719292e-01,7.054657415709209012e-01,8.704512858478319348e-01,6.861560342785563149e-01,4.817901385857879526e-01,6.080409501704773234e-01,7.468676138334345849e-01,4.027077878527838828e-01,6.260175003924913772e-01,9.051639349715803196e-01,7.474993534024358954e-01,8.246919649256686524e-01,7.990118881941949969e-01,8.936371833046120594e-01,7.335932077299459619e-01,9.412614971566423128e-01,8.057994603578831905e-01,8.267003610177603434e-01,5.803441084061080613e-01,5.876417145536191322e-01,9.145199639286897275e-01,9.323173587260464856e-01,9.654979570293404922e-01,7.319112974606876154e-01,6.466392809628017657e-01,8.519314923485814539e-01,9.706551452117548884e-01,8.453170697876921658e-01,6.967027986585170307e-01,7.663141899826108050e-01,3.543844640625907205e-01,6.071328224122722883e-01,5.391652452278807850e-01,6.748224608652332313e-01,8.391835428278354714e-02,9.812787124343341771e-01,9.329181926800627078e-01,9.125512863011524534e-01,6.901057377880492893e-01,7.009759343990182856e-01
6.067868196543059200e-01,6.999096027269717801e-01,9.554546687883286316e-01,4.277809096998461125e-01,0.000000000000000000e+00,8.440494869068512207e-01,5.999971142417730441e-01,7.502921764289232076e-01,4.901530894137142713e-01,8.718578984776718110e-01,8.789398232470594374e-01,6.403415631959820109e-01,7.829038032749938703e-01,2.269483440072848635e-01,4.681466790836332770e-01,-2.058164611167773161e-01,8.748889284484291373e-01,8.159107581123243857e-01,9.148030431627396375e-01,2.887922620238807525e-01,8.512693620484538259e-01,4.771483904524947972e-01,4.057473416401431998e-01,9.505629431731718038e-01,6.573411766105241583e-01,7.299606546586364653e-01,8.569033608594153195e-01,9.416606603277397625e-01,3.135834966085633835e-01,2.877560531140542222e-01,5.246370976840243339e-01,6.237580867664879181e-01,8.690877117921015360e-01,5.643605188413585161e-01,7.167653816058082439e-02,8.321672477198215068e-02,1.248622154868760659e-01,9.171326282605904989e-01,9.012037475274057297e-01,5.564283707171404636e-01,9.680356266211507243e-01,7.244262453283687453e-01,8.091587971979546934e-01,9.803952593901993362e-01,5.357084486204652940e-01,9.436791222269783619e-01,6.955135203721772852e-01,8.539213140359559473e-01,9.573196622704795988e-01,7.886148604545000218e-01,9.022418333739309348e-01,8.906870707742640114e-01,5.542399213953514980e-01,9.113089934582851992e-01,6.810477244898487381e-01,3.620456188163369005e-01,3.239938266578429316e-01,9.696768240335956746e-01,8.768286751830012271e-01,4.205587878157022730e-01,5.220198273615345164e-01,7.711829207772168404e-01,6.310251147932202098e-01,7.708516055428569214e-01,8.627946038275491336e-01,8.246946482226049646e-01,8.372828559401750415e-01,7.071893529588368921e-01,4.037792871953757023e-01,4.642868303608351233e-01,3.083617653914786927e-01,7.141805900413942254e-01,6.667362380849162218e-01,4.748729979205308926e-01,5.779238615111925714e-01,8.050390373573720337e-01,7.052591192390911257e-01,5.067173797027374471e-01,2.430324308962454605e-01,4.443749961737356591e-01,6.376794663661246032e-01,6.797822598885442380e-01,5.339237683724918915e-01,-2.433838647790109166e-01,2.334642834539394085e-01
5.491135321815813208e-01,4.128530524878276653e-01,4.451403188595772775e-01,6.652846229919243681e-01,8.440494869068512207e-01,0.000000000000000000e+00,6.985986921707618702e-01,4.149939848910023099e-01,5.990456686543148557e-01,4.939299117238895032e-01,3.173313824576553532e-01,9.394012801249460587e-01,9.036448512551741308e-01,7.433675780475468287e-01,7.350268397042312163e-01,4.284913411689417195e-01,4.009503527967601677e-01,8.518116884248503329e-01,9.785916198599160509e-01,6.520620630577186327e-01,7.241848070386001091e-01,7.322267743757404634e-01,8.434654957691456456e-01,9.334518687834032491e-01,5.937739093638323418e-01,7.293762391671310130e-01,7.822340614096158218e-01,5.791932254938365610e-01,3.461245059452215944e-01,7.617295403401080911e-01,3.763493860206998387e-01,6.597167011493257904e-01,3.947584704165053582e-01,8.413524446442326443e-01,8.966253559707416665e-01,7.737996670483920925e-01,5.725827518211144135e-02,7.113034192724224658e-01,5.846720086524056503e-01,6.601004113727797495e-01,2.396737978502735955e-01,7.763221890420443083e-01,4.126877832162768045e-01,4.882926964745324949e-01,5.581982669415097575e-01,6.613091178018505323e-01,8.374178811101780084e-01,6.725311611295821113e-01,8.948157629305564242e-01,5.188823773949269302e-01,8.593933434192521092e-01,7.345487251816841257e-01,3.781508669720902160e-01,3.423997542637270408e-01,7.482195871539401022e-01,5.491071485572408539e-01,5.172101850421855218e-01,9.015057685212943817e-01,9.323426400519641000e-01,5.927274792256007618e-01,5.788362788732136499e-01,6.600301021727759121e-01,8.049656691041500167e-01,9.928034279554792674e-01,6.280796251666872498e-01,5.161410862198901883e-01,9.207813453615651955e-01,6.671030788569667358e-01,5.681523238814939480e-01,8.217755919182806457e-01,4.407515088353199384e-01,3.527457593768222321e-01,3.103257362847491874e-01,4.095035926338020937e-01,6.118840257512705438e-01,9.768770777316535536e-01,3.296031384830703237e-01,7.524720924761307828e-01,2.197788539180448031e-01,4.583962922776242954e-01,1.376146860664570204e-01,6.031592321997506501e-01,5.718812290412075283e-01,4.651770995220608218e-01,6.449720610359562789e-01
8.053153264259250710e-01,7.729565175560666468e-01,4.732433193064820021e-01,6.735283379153415018e-01,5.999971142417730441e-01,6.985986921707618702e-01,0.000000000000000000e+00,4.704584522273287661e-02,2.348917325284680946e-01,5.862162891312898694e-01,3.390942279498440071e-01,6.105514946990662217e-01,4.540771097089694175e-01,3.029407204292811073e-01,8.028812094995216864e-01,5.693939110507648671e-01,4.484233929844720357e-01,7.417468927234019405e-02,6.549426495236631007e-01,9.832090406685001227e-01,9.102046189462728032e-01,7.905149865038244572e-01,7.122034589000642013e-01,7.055669691066250859e-01,8.772410233158602910e-01,4.745815716665729989e-01,9.835955512170562187e-01,6.486364896455553142e-01,8.900804640300664650e-01,3.674814845952865117e-01,6.246375281127947154e-01,6.726397163067662222e-01,4.431187314841752434e-01,7.081870434539789816e-01,4.832261283285762543e-01,7.479706949063208432e-01,5.941113618582254396e-01,6.470470508846215552e-01,4.265483791310524242e-01,8.246162159060113073e-01,5.390815421439931754e-01,4.005334170161200524e-01,7.737991626924387578e-01,7.133411849763861001e-01,6.362170311180499471e-01,3.014933052111497536e-01,8.989838331965739338e-01,9.141165617884784433e-01,4.510714202619119928e-01,4.396571456988608850e-01,6.831546174547763473e-01,2.048519764982967839e-01,6.182024557727076042e-01,2.288038688503884477e-01,9.766579346538348805e-01,8.429660543527649486e-01,6.430978633203073835e-01,6.548375346425070465e-01,7.208870815606451821e-01,1.380757304099799743e-01,3.471942274457341382e-01,7.205428990162516811e-01,2.225366211647573644e-01,9.151406997810795918e-01,8.612089479209595888e-01,7.152822221164177874e-01,7.134830189404162137e-01,6.355113453102558818e-01,7.055263603981213327e-01,3.304057733955639842e-01,5.161604289235995902e-01,5.890734335925269516e-01,7.840626094230498389e-01,6.981823834915520388e-01,9.196369864855744591e-01,7.441245611355078449e-01,5.966788476735120916e-01,3.082643955116475265e-01,3.674941578902766182e-01,1.135398018755219840e-01,7.917567838714723027e-01,9.479135317480694711e-01,2.668569729449050132e-01,6.895329009870845294e-01,6.925025284903123524e-01
8.128974138768879643e-01,5.752189024634121184e-01,6.380031215351773533e-01,6.774088751077199655e-01,7.502921764289232076e-01,4.149939848910023099e-01,4.704584522273287661e-02,0.000000000000000000e+00,7.431332736840623454e-01,5.128925074940204887e-01,4.251166704741209390e-01,2.050043863967180580e-01,8.515317484173796636e-01,6.376992221670002570e-01,7.593880225258696770e-01,4.081142259073978207e-01,6.577339178535575037e-01,7.711006067649753826e-01,9.633922670418560985e-01,7.147241101855438261e-01,4.163051983392609956e-01,7.964773485336449355e-01,7.138331048452527527e-01,8.585226834778979521e-01,2.415321061370888645e-01,8.097452491616317083e-01,3.935044693329716736e-01,7.006077163425793453e-01,8.695936186493220532e-01,5.121350659999435173e-01,3.071198500282920074e-01,7.650522332324034558e-01,3.895225407761835346e-01,2.280638569038088703e-01,6.875744613314468401e-01,7.169338229808910334e-01,4.627111653524029755e-01,5.633942959656477178e-01,8.926270410319440129e-01,6.559229006159704722e-01,9.705748668325417938e-01,1.872223996048173189e-01,9.670938933360989642e-01,4.846679880998073786e-01,9.434277051344034382e-01,9.604402203852803188e-01,3.477842485512789850e-01,6.517257790183657029e-01,7.879473761766089268e-01,7.287236000293243476e-01,9.646867785217047020e-01,7.496900470218456070e-01,4.586076131682715329e-01,5.205499997578836302e-01,6.495966319898085484e-01,6.306870279691398906e-01,7.413395304089724913e-01,4.783906778849697505e-01,4.320348721374900891e-01,1.926057468784608262e-01,5.116846997997399615e-01,6.735801300319242957e-01,5.644283405746433058e-01,8.153040007620750984e-01,9.634948293012652876e-01,4.884547150870539034e-01,5.113172797428282568e-01,5.600770048188130623e-01,2.762999701052490376e-01,3.979439292418993634e-01,7.758764621136118311e-01,2.597729458290763960e-01,4.014133664928913880e-01,8.377221163734472897e-01,9.136196939431713293e-01,7.540579122889621289e-01,3.944532424380929880e-01,7.864882298365625246e-01,2.686537982388612633e-01,1.806071878721802332e-02,3.704330969637261717e-01,8.786322624314644170e-01,9.150935852908702595e-01,6.083610742010757688e-01,4.572888345381297404e-01
6.582083661398766550e-01,8.924602443124080020e-01,6.642229248541851039e-01,3.899230936450832630e-01,4.901530894137142713e-01,5.990456686543148557e-01,2.348917325284680946e-01,7.431332736840623454e-01,0.000000000000000000e+00,3.890641553681657427e-01,5.123327006990994192e-01,9.118816131242437617e-01,9.733616233480738567e-01,8.551653595720402068e-01,4.233818884027540363e-01,3.105263607534772263e-01,4.799625629555365203e-01,6.791134060417262086e-01,6.324709624373876515e-01,8.323542168283117881e-01,8.681953954415900787e-01,3.113575996290259829e-01,5.869069804713880067e-01,9.981841015404542272e-01,7.104991520114737336e-01,7.047068455589468039e-01,7.812990972145692492e-01,9.471084601958517091e-01,7.162075392652029748e-01,5.409365074156062825e-01,4.922856338462116566e-01,7.616415963865137417e-01,7.885564971834050363e-01,6.862770196821785795e-01,7.740911314009635280e-01,2.164074650993667026e-01,5.066750473402771293e-01,5.880901240447837797e-01,7.986449173849229366e-01,9.163538137213603774e-01,6.941663995306731616e-01,5.321339254901409355e-01,8.361302099517371467e-01,6.638194000594939137e-01,7.361408025764839547e-01,3.112254810846702968e-01,3.615084413145635556e-01,6.656041825378292698e-01,4.464297407672842000e-01,6.160131215340473032e-01,4.259591509845198076e-02,6.989716459751204036e-01,5.720694618749696536e-01,5.858163385975856396e-01,9.562506200155632685e-01,5.159931584508783420e-01,4.263212391470173612e-01,6.065006092032299012e-01,7.319660125956608532e-01,4.992720444005412928e-01,3.321565885473314328e-01,6.991882111462166538e-01,6.274708478029816794e-01,9.551108402902346306e-01,9.020627644697828407e-01,7.450314593307815203e-01,4.353889173703361370e-01,5.089930153145715286e-01,6.092226002903838866e-01,6.380953154506066038e-01,8.497571742055258781e-01,4.098494308048440948e-01,7.682733947494213567e-01,3.954143581475615954e-01,4.140536723283310128e-01,7.620446582308024741e-01,9.291172161521019657e-01,5.950564235005033620e-01,6.350036556709492963e-01,3.381149508708840012e-01,6.562275278031192149e-01,5.190530095603673733e-01,9.003388944148901230e-01,4.791385031487253587e-01,6.628431287650414783e-01
8.406369103728160708e-01,4.269403433690113214e-01,6.131673481593753472e-01,9.465062326831307216e-01,8.718578984776718110e-01,4.939299117238895032e-01,5.862162891312898694e-01,5.128925074940204887e-01,3.890641553681657427e-01,0.000000000000000000e+00,5.069144675422589952e-01,4.450000087315271191e-01,9.572246228277432323e-01,8.594296476115648176e-01,7.045629039379335268e-01,9.500347690594266314e-01,6.481226427394054523e-01,1.340445334723794624e-01,5.664162950498480287e-01,3.879837230835988526e-01,8.886673701421357041e-01,6.265259524096791210e-01,6.832166207172720718e-01,8.691891442966572789e-01,3.598247958987879080e-01,9.790894540409658120e-01,7.564309082271563067e-01,6.531741617824957657e-01,4.636271684778331403e-01,8.437266176175317600e-01,5.750094635440469171e-01,3.843335461844595846e-01,5.459234823840408701e-01,3.776078796597006626e-01,6.260111583026720106e-02,3.673077331997147699e-01,4.410319399525162720e-01,5.460994402345389354e-01,6.516419623877196532e-01,4.710759621049254164e-01,4.461507008968114696e-01,9.678664125753138059e-01,7.723118534846800110e-01,6.769330062873125664e-01,9.263405414082324096e-01,6.252841400306150543e-01,8.331235998469623816e-01,7.935201969447842618e-01,7.385004138681581232e-01,1.684837409172820488e-01,3.711889779936433653e-01,8.024662710867854765e-01,7.652795401477328063e-01,7.977046418645469261e-01,8.895418861329967841e-01,8.281742178482345285e-01,5.458499420844062922e-01,7.163463172692831060e-01,5.131299696249461695e-01,5.269123069941584747e-01,2.786882505116339281e-01,7.253863044679105254e-01,9.261413076501584518e-01,6.925061489631710865e-01,9.380739819075375463e-01,6.061352200170347926e-01,9.597095322380028160e-01,9.279791549793805494e-01,7.069723314944127424e-01,7.757526782794310627e-01,8.686011653714653669e-01,5.717212736587707900e-01,3.391367400855487269e-01,6.411871925237043746e-01,6.889277877986605958e-01,4.158325691583916739e-01,7.119449415603212872e-01,5.490019737780903464e-01,4.274166086003021725e-01,4.644766183119885539e-01,9.338882333083653453e-01,2.023247937407267327e-01,8.366118515455576166e-01,6.052073717148263032e-01,6.454323184116079748e-01
8.146165780295536729e-01,6.157831525743546752e-01,6.167122446402474312e-01,8.975491254201097835e-01,8.789398232470594374e-01,3.173313824576553532e-01,3.390942279498440071e-01,4.251166704741209390e-01,5.123327006990994192e-01,5.069144675422589952e-01,0.000000000000000000e+00,9.405375267513212956e-01,2.798155678415190639e-01,9.782211251754369119e-01,1.162454535740839595e-01,6.815275951154174949e-01,8.728015643066541207e-01,5.741538265542872610e-01,3.209630583911826651e-01,4.997671661504718421e-01,9.051416141030248497e-01,7.010237945939236104e-01,4.056785217940492294e-01,9.309044536491914990e-01,3.022114484950157998e-01,8.487060419476138984e-01,6.621122942808155276e-01,9.436941450539958476e-01,1.319608469590130007e-01,3.293234361998609305e-01,4.784164892147269588e-01,7.797856425566570548e-01,6.761060283724948938e-01,7.209515687260190653e-01,3.352894911065290029e-01,5.031136759778983558e-01,9.877237057711168999e-02,5.505533786961908094e-01,8.798321323207234368e-01,7.983087198423065578e-01,4.381456434329369376e-01,9.200536384522072231e-01,4.698109170409425772e-01,4.998069585762558997e-01,8.659151659173016657e-01,3.193050789757926333e-01,6.416119669881902299e-01,6.143902606721419746e-01,2.544095581276084681e-03,4.255393463588295622e-01,7.452701676283075560e-01,7.118381573379320981e-01,6.179986464184343831e-01,7.363450616136730797e-01,8.696704308403212513e-01,5.626976015180753521e-01,7.070794468146588407e-01,5.605674515113877598e-01,5.427515007397358815e-01,4.537228449487410997e-01,5.873277758815587113e-01,3.659464492177380013e-01,4.719904858767779987e-01,7.035142076214072615e-01,5.881256492496577115e-01,6.391464470954055788e-01,4.044071084869354377e-02,8.655312863717445904e-01,5.420663836317693995e-01,8.544347447698875664e-01,5.774575218931616849e-01,5.468364804266473422e-01,5.531298476106772943e-01,4.228294662565562634e-01,6.936637475436491229e-01,7.422272914212579842e-01,9.327987777342539033e-01,9.175789249534692660e-01,5.359770000957795322e-01,3.114161623011038604e-01,6.789627138585497823e-01,8.252346434323706292e-01,5.420057811993730379e-01,5.345623536532901898e-01,6.751517733965932688e-01
9.110024663495428499e-01,7.429173521412584247e-01,3.907866049785373441e-01,8.808323036737903955e-01,6.403415631959820109e-01,9.394012801249460587e-01,6.105514946990662217e-01,2.050043863967180580e-01,9.118816131242437617e-01,4.450000087315271191e-01,9.405375267513212956e-01,0.000000000000000000e+00,6.389837130827440426e-01,8.313773431027041694e-01,9.018422659646078143e-01,7.895773338281290021e-01,8.207704458681874815e-01,6.893120659248319626e-01,3.278867840001181144e-01,7.353196916293415208e-01,6.355443849687949509e-01,4.959271624587366922e-01,8.705574837754375128e-01,9.249886085976449790e-01,7.329456552936517433e-01,7.109061135596292935e-01,8.726036933503913406e-01,9.296753210494863584e-01,6.875257246104696796e-01,3.874103816591207283e-01,4.817674064923892496e-01,6.247345126432327644e-01,7.552491956030696896e-01,8.398860231004106058e-01,6.830837927214082894e-01,5.249971543523253015e-01,5.557569773500643517e-01,2.172737565285630112e-01,9.194464386945524481e-01,6.872752476448908965e-01,7.256895182213675133e-01,7.352782778938545816e-01,9.467727420511443670e-01,4.348115987871752353e-01,9.362588930427400147e-01,6.849387743919762572e-01,8.746941012674362970e-01,7.150880244192985291e-01,7.766342711173441771e-01,5.052154587603248093e-01,6.729718810649449878e-01,2.688936028807949463e-01,9.461496975415740751e-01,9.009900688618081022e-01,5.063056127956515606e-01,4.723141082270309044e-01,7.479549785029294684e-01,7.748604533960740115e-01,2.285254954254630211e-01,5.306997179745489568e-01,7.055716660478861257e-01,-9.333361700078543488e-02,6.705972422662679344e-01,7.016453579350382386e-01,3.101113479452309862e-01,8.458664144787925165e-01,9.863367650710634926e-01,8.173684282083562014e-01,6.689188473678930880e-01,7.164937887999300870e-01,9.690606291510825976e-01,7.808105358326801193e-01,6.355145977024763138e-01,2.789835373471241109e-01,4.435907953358290690e-01,9.859289896621781235e-01,6.842431991637694111e-01,-1.909665539253271871e-01,9.481091588515906388e-01,3.218228316507149023e-01,4.313109817073663144e-01,9.956543690980989014e-01,8.156672089970812278e-01,6.038348076051891500e-02,7.259872022772625444e-01
9.803022346875482906e-01,7.241952889850441499e-01,7.997498666338551665e-01,9.526896273686200622e-01,7.829038032749938703e-01,9.036448512551741308e-01,4.540771097089694175e-01,8.515317484173796636e-01,9.733616233480738567e-01,9.572246228277432323e-01,2.798155678415190639e-01,6.389837130827440426e-01,0.000000000000000000e+00,9.580352244026590913e-01,4.756386607836715075e-01,6.393371665977430895e-01,6.563247243804753994e-01,7.626936446929627467e-01,4.837400067278438964e-01,9.488370535264514238e-01,9.220572253633565474e-01,9.189473159666392554e-01,9.939592820986066224e-01,5.766162401783972991e-01,4.394423443189457990e-01,9.631291617255174353e-01,6.673146982507343061e-01,6.139821308757795748e-01,2.836999862238974712e-01,5.833060050235038263e-01,7.911631947454444980e-01,7.420666443600691942e-01,9.146642279618127924e-01,7.646584741112275596e-01,8.415097035762695299e-01,1.320204151659382374e-01,6.830290052786016641e-01,6.322212072799685556e-01,7.700930063363499167e-01,6.939302787049307364e-01,6.130241970138359253e-01,9.176061024887531836e-01,7.626757478668315660e-01,4.678527101166277125e-01,8.890182635809134037e-01,7.709880496552978801e-01,7.670220752359341310e-01,8.963155475518830295e-01,8.991887100270512523e-01,5.749895375961834310e-01,8.526993143777175099e-01,8.174056054738666477e-01,8.536174297993894822e-01,8.517598043536120933e-01,2.659700231676710436e-01,7.833510077951099104e-01,9.717390696311841713e-01,8.486417618637853710e-01,8.210807550067100724e-01,4.673191978722807116e-01,6.022000431999064984e-01,9.296194079556564516e-01,9.443712429652070250e-01,7.159737248040941582e-01,8.777925795322267799e-01,8.088382940015174105e-01,6.440576139272072842e-01,6.728470203307852504e-01,6.665578897248342072e-01,9.957791145573637870e-01,9.436196065222992591e-01,9.538866763602558141e-01,2.210641621757888642e-01,3.302515692237303346e-01,4.897252778057060163e-01,2.072891621284970454e-01,6.492965916700117468e-01,9.396966531674595391e-01,6.675799838477828319e-01,1.804398137391964030e-01,7.788869401318699870e-01,9.040751859396159995e-01,9.413567161713033427e-01,-7.804576276764479958e-03,7.967859848167452297e-01
6.445579314078346833e-01,2.338749666448525499e-01,8.606143859407020535e-01,5.377206726753596122e-01,2.269483440072848635e-01,7.433675780475468287e-01,3.029407204292811073e-01,6.376992221670002570e-01,8.551653595720402068e-01,8.594296476115648176e-01,9.782211251754369119e-01,8.313773431027041694e-01,9.580352244026590913e-01,0.000000000000000000e+00,4.974673961835483493e-01,9.032736498869425867e-01,8.680709503206099908e-01,7.997351816128215329e-01,7.165446684386275189e-01,4.771710699223020713e-01,4.255328266469577958e-01,6.757770121405333175e-01,9.310995775756880644e-01,7.698809139284316094e-01,9.712019078981268816e-01,9.641459328053426647e-01,8.593045550104037034e-01,6.431887318678018994e-01,6.284751008790165905e-01,5.005768048889704946e-01,3.497830899228053236e-01,6.269298498672232212e-01,7.257705685704858301e-01,2.552036119793029134e-01,6.347502890052099112e-01,2.251479781219608012e-01,9.700878108577795089e-01,6.094700894308187344e-02,5.031744885795266242e-01,8.683925110065728870e-01,3.646844092050473968e-02,4.668003084666236813e-01,7.327778888505555033e-01,7.992032219750977440e-01,9.251548771611369792e-01,7.088174338119302975e-01,4.343610864406569627e-01,4.022740706103269392e-01,9.582592499012148046e-01,7.013357163259821281e-01,5.586120815720216903e-01,8.896191770999856141e-01,9.932525817088639908e-01,9.534881869692822809e-01,6.113296347863625968e-01,5.247092434723543697e-01,9.537927972464048665e-01,9.066583355899948682e-01,4.060873083941629602e-01,5.565715469609010535e-01,6.012997854957918831e-01,5.519721648243453016e-01,8.282730279283916364e-01,6.788402879586397098e-01,6.843026897883897064e-01,6.983039466504533666e-01,9.744976262458402427e-01,6.601738062807270824e-01,7.562125433763718929e-01,6.208194931024509922e-01,5.967441835442461873e-01,6.301247119018160703e-01,5.220717719347458541e-01,4.227236850037852656e-01,2.060126257008415007e-01,6.678259982010186224e-01,8.751196838702145486e-01,9.320717230467026049e-01,7.299248757173357749e-01,1.852007291354846874e-01,6.291918856579732378e-01,6.315686891171664596e-01,6.145220061321635674e-01,5.299339988427448356e-01,8.034508769991998145e-01
8.736089569543313837e-01,5.592364977059571807e-01,8.664840193917726641e-01,4.085927650432900626e-01,4.681466790836332770e-01,7.350268397042312163e-01,8.028812094995216864e-01,7.593880225258696770e-01,4.233818884027540363e-01,7.045629039379335268e-01,1.162454535740839595e-01,9.018422659646078143e-01,4.756386607836715075e-01,4.974673961835483493e-01,0.000000000000000000e+00,5.109127770205653674e-01,8.205141273024511017e-01,4.197168323322562067e-01,5.117204528502261596e-01,2.672777726240895824e-01,6.676262402874848512e-01,5.986295964720909080e-01,6.440686508479784855e-01,9.134004404147658684e-01,8.961673499037380308e-01,5.237331213452723899e-01,9.477624727701622342e-01,6.476669765129476897e-01,4.525021714047135490e-01,6.053999863445329588e-01,3.422109530249941578e-01,8.001008284608103205e-01,8.428058378538683115e-01,8.622340923893310194e-01,8.363640598507721124e-01,7.361637864094178196e-01,2.639226479014908922e-01,4.290565209384162859e-01,2.852261661892175892e-01,6.952291394791667578e-01,7.895062287576415372e-01,6.907156352738073046e-01,8.216634852746723672e-01,7.345036699415061765e-01,8.472908564667698261e-01,1.358906592600979957e-01,6.928690059259969836e-01,5.039786046030346744e-01,7.234751304372118996e-01,6.201275678863682472e-01,6.219166632292385533e-01,5.316034908025533134e-01,7.690154752759242873e-01,6.463268416897482993e-02,6.620180947236375957e-01,6.703049487452160671e-01,9.009446064718648062e-01,7.507400659259757525e-01,8.292059619897251821e-01,5.693607473707555933e-01,1.682300983636278446e-01,6.554456705157245544e-01,9.700374207437506557e-01,9.820083908144713325e-01,7.633164761518519414e-01,5.373541548864841921e-01,6.205394338334808690e-01,6.334722506953256449e-01,6.018749847781521556e-01,4.093657901939990462e-01,8.801297218687520463e-01,5.457296399191238212e-01,2.510706210381460912e-01,6.965677987951058858e-01,5.852429943788354239e-01,8.557612973462191963e-01,6.840052481357365988e-01,4.352817151508355797e-01,5.950243803189666503e-01,3.785307721524167057e-01,5.737653440836234520e-01,7.017583143650212296e-01,7.003486171358316303e-01,6.807702980375114343e-01,7.598233164003994622e-01
6.265160030841165906e-01,9.648650796092166360e-01,9.495685959082619254e-01,9.172937572077435320e-01,-2.058164611167773161e-01,4.284913411689417195e-01,5.693939110507648671e-01,4.081142259073978207e-01,3.105263607534772263e-01,9.500347690594266314e-01,6.815275951154174949e-01,7.895773338281290021e-01,6.393371665977430895e-01,9.032736498869425867e-01,5.109127770205653674e-01,0.000000000000000000e+00,6.306485225287477014e-01,2.873781057470259914e-01,9.807260799070113277e-01,3.749621008859431170e-01,8.286648964947413987e-01,4.373469711154169270e-01,9.149645709394168547e-01,8.341501571718976660e-01,3.958110845375607534e-01,6.949659435117327977e-01,5.664680290026098408e-01,4.890290457718694528e-01,6.512226271886334406e-01,5.443979437649950626e-01,4.575705791940522515e-01,6.491297131756981198e-01,2.971731546182386774e-01,4.218818175625647093e-01,5.098647015637082225e-01,6.479312480114383099e-01,8.376013757669811266e-01,5.546368853304577407e-01,7.592142711008668110e-01,8.699606514403198654e-01,5.351579069898968477e-01,6.620558780191452275e-01,6.639813394326468110e-01,8.690335173616104969e-01,6.495221001605218092e-01,1.753776167700999908e-02,9.376452731679518759e-01,4.372585827423955407e-01,3.711524801048924349e-01,5.451502428602739148e-01,2.646700278777220361e-01,4.683285789374133090e-01,7.079939674753495948e-01,8.433390549366051037e-01,8.703684130936968355e-01,9.059288635717108740e-01,6.474960104720431930e-01,8.708805853978491829e-01,2.149354313402211669e-01,8.033642274660854898e-01,3.077495971864885327e-01,6.802910883747428361e-01,7.869078309660059167e-01,3.622478349706066414e-01,9.528606732541597957e-01,6.411438509333677871e-01,9.422440402774580059e-01,7.242426140829731906e-01,7.481276220445977065e-01,8.262181044064350610e-01,5.028603681078415155e-01,5.355551594052706532e-01,4.617138083447697161e-01,5.668138502797207545e-01,7.973665315544702370e-01,9.290452958555339702e-01,9.045326798069351915e-01,7.174982243234825363e-01,5.665097374578568212e-01,1.097181513579575801e-01,7.039969822615174122e-01,8.580534002253243919e-01,9.821000281632019657e-01,6.529260398210140481e-01,4.184559314527082075e-01
2.522250074460354319e-01,9.058772701226874835e-01,9.623190623098819563e-01,6.334367679538218665e-01,8.748889284484291373e-01,4.009503527967601677e-01,4.484233929844720357e-01,6.577339178535575037e-01,4.799625629555365203e-01,6.481226427394054523e-01,8.728015643066541207e-01,8.207704458681874815e-01,6.563247243804753994e-01,8.680709503206099908e-01,8.205141273024511017e-01,6.306485225287477014e-01,0.000000000000000000e+00,6.659551105890235689e-01,9.405215309191623518e-01,6.084936995136042137e-01,9.931596336784641599e-01,6.560063108625130424e-01,8.298344729629892891e-01,8.355088210347245692e-01,7.070289918160738152e-01,8.253396659774697719e-01,4.168057905120827744e-01,5.985407442994203908e-01,4.712030309897783376e-01,6.849847554296545349e-01,5.987957471519241848e-01,6.712480574298622660e-01,3.598989738210885969e-01,7.001467253046410599e-01,3.926661048039147284e-01,6.187494930561887596e-01,2.739212196300238600e-01,6.355021955607550455e-01,7.180615699654717687e-01,6.832741793587692181e-01,8.934866338326494795e-01,7.628902477737899979e-01,7.825960275325136717e-01,9.806495061044120387e-01,9.714683281395033454e-01,7.671336672288724401e-01,8.271176387814102027e-01,4.018913375451456660e-01,8.052891591593607235e-01,7.711335752075882954e-01,6.126042747227510299e-01,4.941555288522061495e-01,9.189374684533684334e-01,7.735853154577456703e-01,9.286681461018415629e-01,8.364430684672763405e-01,8.019769867004699071e-01,8.112681058843821402e-01,9.428946874211763252e-01,-1.584367196749656703e-01,2.272828946303291076e-01,5.889611480646873565e-01,7.465023011462431635e-01,7.255106480156440218e-01,6.388695319402221129e-01,8.475849717381584991e-01,4.773917554680572328e-01,5.874045076903993134e-01,8.428834444453349173e-01,9.766634918140542077e-01,6.329066883663072574e-01,7.399058139265402012e-01,5.490536920997528547e-01,3.033485916966071061e-01,6.533300074273947766e-01,7.590705278953844282e-01,9.100926650602032542e-01,8.652590715841038671e-01,2.241722451015256412e-01,2.148071663502814366e-01,8.733834375662615779e-01,9.497504281978719209e-01,7.159936331577094748e-01,6.412217643081085106e-01,7.940316899337093171e-01
8.537963377605898296e-01,-1.257405069321501090e-01,9.089146508662447888e-01,9.439349251792730211e-01,8.159107581123243857e-01,8.518116884248503329e-01,7.417468927234019405e-02,7.711006067649753826e-01,6.791134060417262086e-01,1.340445334723794624e-01,5.741538265542872610e-01,6.893120659248319626e-01,7.626936446929627467e-01,7.997351816128215329e-01,4.197168323322562067e-01,2.873781057470259914e-01,6.659551105890235689e-01,0.000000000000000000e+00,6.309937027107979102e-01,8.219621891842723294e-01,9.282104174994380008e-01,7.047604813028433002e-01,7.755554847080134984e-01,9.364611203200644551e-01,7.782977786722460323e-01,7.965818763818162118e-01,8.284443076108952697e-01,8.927390210585691710e-01,7.975722127635028746e-01,3.192603665188676887e-01,2.438022699544755145e-01,6.643461046331322617e-01,9.019736840568015612e-01,8.395950330047157184e-01,5.170760919303504233e-01,6.551118819332466536e-01,3.528216623912892036e-01,2.465690709484163468e-01,9.755245515056101269e-01,6.610791064121896987e-01,5.312966326871498834e-01,2.681181170717162887e-01,9.505990102005910103e-01,7.699489222955655521e-01,8.546461775426928975e-01,9.648039826854124534e-01,9.599240888778609593e-01,7.299422365719095973e-01,7.916407859898262345e-01,5.884021912975342383e-01,2.593654899674409098e-01,2.580762541861512105e-01,7.895118210548358606e-01,9.450412982961905461e-01,2.377469153297563642e-01,3.479356362592961327e-01,7.388189682982532203e-01,5.815262257750479780e-01,9.865515305899139609e-01,1.231902133585040943e-01,5.113535400008178966e-01,7.157740663219477328e-01,9.061159215795575594e-01,7.036077039360595364e-01,7.331457164712371632e-01,7.444605028572743866e-01,8.551275126247019909e-01,8.638030711949017393e-01,5.817134279278932674e-01,6.229795685250387738e-01,7.252354832681600083e-01,5.831745981408084090e-01,7.397694541892783082e-01,6.077421800604367874e-01,7.303482264301195404e-01,2.509556657367602028e-01,2.553008267941329068e-01,6.724599316025020590e-01,-3.289603333136086327e-01,7.177806393059560364e-01,6.971099685146496805e-01,5.115462864298009338e-01,6.173471469676399259e-01,4.525207377174153556e-01,7.664459704767576653e-01
