0.000000000000000000e+00,8.856077592554062461e-01,9.226901391092786620e-01,6.319616934582963919e-02,6.838832118633861867e-01,9.211673838960972027e-01,6.589023972538474716e-01,9.576977030271099922e-01,6.038809380702646612e-01,9.004482045343829011e-01,7.165711760232464922e-01,6.870722010207859221e-01,6.127989961171771416e-01,5.986843588988217668e-01,8.149968875096498255e-01,7.641057257213113019e-01,4.698209848994773785e-01,8.496856039860591903e-01,7.739831420680511886e-01,8.565351805913683503e-01,9.614397811100224844e-01,9.652790934537656131e-01,5.528643948277518483e-01,7.434886476595522486e-01,4.439526779352404584e-01,5.899071809866525129e-01,5.274095203724289416e-01,9.134107479765772863e-01,6.788739272545234460e-01,7.685966490297895248e-01,3.139735558080395950e-01,8.580225939749314135e-01,8.457037915996086230e-01,7.124863683239776035e-01,8.181293646335150438e-01,3.137276603783731299e-01,4.840128830722296716e-01,4.541883513732513644e-01,8.545576335389969413e-01,4.202548030459800632e-01,4.770695309217288793e-01,6.728084318514766515e-01,9.235006124118375626e-01,9.498102657427986983e-01,8.451266678849224112e-01,7.798097462992531481e-01,9.150937024599722358e-01,2.215690423168961976e-01,2.029768339370940089e-01,5.279445637660653556e-01,7.648105314056667936e-01,9.330951339822841639e-01,9.882063808904908431e-01,8.909974699919021024e-01,8.225175725236628654e-01,6.494007396740586469e-01,6.770411912831841850e-01,5.268053971840097605e-01,7.328050976209209422e-01,4.917619793840068421e-01,9.741163673356505459e-01,9.307853405621286935e-01,8.588548609949366863e-01,9.436168926122947553e-01,9.719818103488856442e-01,8.377592645475439026e-01,6.766498151205575518e-01,7.926859024642771701e-01,9.961983064750951078e-01,4.014472802067296509e-01,2.462429054595636768e-01,8.876939338927237744e-01,2.097029076326437369e-01,3.027412867552925491e-01,6.982961824288029806e-01,5.197744843833175254e-01,9.468626664718126085e-01,6.989237832930019767e-01,6.175242897076897997e-01,5.757851503394606496e-01,7.237241931508713311e-01,6.744637904215151636e-01,4.179218050432332854e-01,6.394822431280541286e-01,8.777848539102838243e-01
8.856077592554062461e-01,0.000000000000000000e+00,8.304180120650531682e-01,4.683278960605359309e-01,5.770718502139207118e-01,7.734656877081187432e-01,1.116248707880415358e-01,6.928347358675265300e-01,5.606217548116670946e-01,6.923570573835042818e-01,7.872004609999697644e-01,6.468200440208529134e-01,4.294590145779465518e-01,5.137663613308002253e-01,9.370176065004511834e-01,7.636809022567968563e-01,8.015009414811956612e-01,1.231480501339771716e-01,9.256749198882385787e-01,3.696712211952629112e-01,9.955672270198361318e-01,9.753955607748435730e-01,6.120782152152977051e-01,7.740864671392778673e-01,4.817676252380785340e-01,6.829011486852100132e-01,9.884627274797135321e-01,1.684897336318243177e-01,5.996116461872557091e-01,7.701392915717054644e-01,1.354005407757954138e-01,7.230782468648110362e-01,6.227369231206645317e-01,6.995313592219299936e-01,6.314213825300134530e-01,3.438664029497590646e-01,3.122924640680846409e-01,8.879677726846280095e-01,9.329926654163355204e-01,9.775372858371783602e-01,7.011081623411357100e-01,9.261463599776107447e-01,7.525613656401375362e-01,8.050005432522673310e-01,9.013130498955294057e-01,8.089336072631295727e-01,8.659926989513572204e-01,7.015193255337675016e-01,7.437255557495086045e-01,7.485569465877193185e-01,7.823584768769383802e-01,2.574055915153026786e-01,5.793297452494282629e-01,5.161856561522442099e-01,5.260982181112485723e-01,8.289748075773519798e-01,8.349486134763223211e-01,8.504586659481623290e-01,4.395307979391300801e-01,2.461106194440761397e-01,4.407639803967604020e-01,5.527480111677748331e-01,4.793310002376590662e-01,8.680872960617240786e-01,8.003737826506547304e-01,7.148708514976948036e-01,8.407634021196708218e-01,4.131953917825885170e-01,5.225247061869634502e-01,4.843743070876779799e-01,3.163014467851749112e-01,9.725769193477199481e-01,3.000986636809386265e-01,6.832471936551157699e-01,4.219391755957848100e-01,5.904388289194160144e-01,8.752326451831808907e-01,2.602268615098257687e-01,4.508937425621101780e-01,6.255415631460686798e-01,8.318512289012962579e-01,9.429012288129312580e-01,6.103690167623574414e-01,3.555243246818163838e-01,5.841201083983906805e-01
9.226901391092786620e-01,8.304180120650531682e-01,0.000000000000000000e+00,7.254936349645582094e-01,8.960421977172982055e-01,6.479785234954376083e-01,5.529889353619934500e-01,8.374085901403486298e-01,5.838788930112579489e-01,6.026711752088981244e-01,9.271169953475177916e-01,8.525054761216543930e-01,3.259157247245190181e-01,1.500413455429219257e-02,6.935351087894781053e-01,5.660562999584060062e-01,6.457682824239160402e-01,4.504701057705751688e-01,7.858887671488692384e-01,8.361692929920274686e-01,7.469854709450605146e-01,5.463042626007460489e-01,9.717807326405161206e-01,2.043395273086872355e-01,7.969205519226896239e-01,8.784088315872703445e-01,9.451201043227434040e-01,4.591032583773836939e-01,2.149485792516439842e-01,1.928855352287757452e-01,3.210719615313234465e-01,6.245310357735305296e-01,8.233680273078427536e-01,7.264677873221447868e-01,9.530222568857519283e-01,7.506539985688501782e-01,5.178004331406493854e-01,6.389186323554261193e-01,7.092683775354380327e-01,6.550810118253151959e-01,1.807817429021488509e-01,9.157244563472701770e-01,8.757297373163747123e-01,9.039174121663088313e-01,7.924143500830744813e-01,7.207189627631074291e-01,8.972752727951587293e-01,8.050153876952466092e-01,5.510359708502707843e-01,7.568740201039327875e-01,8.753764034787195891e-01,9.117115708633352078e-01,8.961015616386998062e-01,9.971910959980099243e-01,9.416587800958021726e-01,1.473209369699825799e-01,9.111424310224504053e-01,9.336597747924679780e-01,2.732428683116979728e-01,9.364993677533967054e-02,4.666206215299380511e-01,7.404075636126141724e-01,7.836786942998388295e-01,8.953300423348484749e-01,2.876273081070729321e-01,8.585656356444334447e-01,9.245573000499228700e-01,6.683042742924830693e-01,4.741825519323133453e-01,9.469180577805726973e-01,9.696038895048005868e-01,8.461777215924912721e-01,4.933573094563186712e-01,5.203741025548551669e-01,8.083722768480100518e-01,2.177388726036903754e-01,6.536405556339321965e-01,8.982273556759448052e-01,4.413428419717734807e-01,1.483912694235555996e-01,9.337696110451878528e-01,7.701099747468739265e-01,1.267715289736129625e-01,7.686716675610292260e-01,8.683050398289910987e-01
6.319616934582963919e-02,4.683278960605359309e-01,7.254936349645582094e-01,0.000000000000000000e+00,5.292198157688294824e-01,4.281898562508071326e-01,6.852281657480717714e-01,4.879981810244128915e-01,9.344612071083970850e-01,7.472146035713811418e-01,7.029060032320940676e-01,8.684188313718391727e-01,8.182684094338907865e-01,7.729389283231395957e-01,8.380635382769234809e-01,7.519435061627726125e-01,8.647217224137014879e-01,9.403151891209752256e-01,9.055711362768787964e-01,9.823743153859801902e-01,9.284828645103128109e-01,9.491323802576506763e-01,3.024329876655004745e-01,7.484698476691084013e-01,7.567817531699536637e-01,9.257683281777774331e-01,8.329301154764103821e-01,7.910206621302452445e-01,2.042612661236499760e-01,7.846984503195537641e-01,1.489340919123130769e-01,9.749059606383040366e-01,9.815151209413573996e-01,9.342329052075485363e-01,8.525278042014142743e-01,2.485431198352190674e-01,2.298360626034691712e-01,8.340865867901966491e-01,8.229039602142507182e-01,9.639127671944339726e-01,2.136281813761659598e-01,8.386692732383713711e-01,7.327656424517883238e-01,5.570749302080352239e-01,5.489608502475690210e-01,8.454869540158310715e-01,6.462611642691833413e-01,5.083082522471651377e-01,7.883304703379125922e-01,7.329216766654045312e-01,9.424809508294750282e-01,4.250518078577169567e-01,9.044889318135240774e-01,6.353909523655518754e-01,7.691594018722676118e-01,9.182100565498149125e-01,6.470465384443300216e-01,9.001740541038810717e-01,8.340575474486988661e-01,4.318911348502629810e-01,9.531523280996903047e-01,3.554849515112852298e-01,8.210819868296842516e-01,9.180831178647766988e-01,7.145388335149945869e-01,7.281893381404402898e-01,2.756445378780824629e-01,6.530509225091225556e-01,4.219698328301560997e-01,7.376930687675045117e-01,9.986594287638631551e-01,8.045668577559839107e-01,7.147557672835913589e-01,8.028756737800963883e-01,4.700005619937864809e-01,3.309938665921914325e-01,9.667073068505837030e-01,3.460561756194184269e-01,6.141935674131291378e-01,4.121531704070025004e-01,1.270726308674321459e-01,8.080779612525935685e-01,9.813470634916139357e-01,7.008844496098013410e-01,7.931110329709126772e-01
6.838832118633861867e-01,5.770718502139207118e-01,8.960421977172982055e-01,5.292198157688294824e-01,0.000000000000000000e+00,8.012634240816141062e-01,4.449496955645987351e-01,6.678124940502592199e-01,9.474514494178463142e-01,8.523347162162924207e-01,5.353403077950291689e-01,6.328277140434038772e-01,7.388575657875831038e-01,7.534251260020956575e-01,4.728213940814351424e-01,1.709887227780051630e-02,8.851915853929378519e-01,4.194953839315836985e-01,9.282812390336780961e-01,6.726479795419880725e-01,8.775274137976705191e-01,9.115303556459473100e-01,6.727013644667393377e-01,6.065204926035343558e-01,8.178793255921539274e-01,5.439514679883712400e-01,7.984816553340924328e-01,6.627466675870067325e-01,2.318742234585839390e-01,7.847526707606465868e-01,5.370727553660320508e-01,4.488268858536950123e-01,9.254095706943646915e-01,5.256705829907042382e-01,2.338256532410273869e-01,9.366668357284484436e-01,6.186333684252218745e-01,5.655624898003506207e-01,8.941351459853494887e-01,9.201668685091979327e-01,4.985878068289460452e-01,8.186990849166706496e-01,8.383546493908059505e-01,6.319847976264180156e-01,6.062885038890490907e-01,7.221819466213310612e-01,6.249869545598901732e-01,6.394505142144255583e-01,6.971796281868753997e-01,6.786985005684453842e-01,8.079190640005732282e-01,7.761833230843957487e-01,6.760258938205074841e-01,6.305579315769351822e-01,9.625113563895965063e-01,4.981164476381682027e-01,5.479120726443239553e-01,8.588781392906916778e-01,6.860680996906524109e-01,4.179684054716914510e-01,7.495241848151857900e-01,4.305825012223754578e-01,9.438879359356673326e-01,7.586166212018693455e-01,9.552763106011881167e-01,9.066268554146128533e-01,5.050103350964543214e-01,8.221777389096305289e-01,4.033422789434325528e-01,8.606987282511271431e-01,6.484371607593553133e-01,3.747436712652806312e-01,2.526955588535677033e-01,3.982486460840854448e-01,1.642459205185878290e-01,6.473153302407685938e-01,7.112446923952849831e-01,6.121035240133105848e-01,1.564592075333430532e-01,4.733404139953286682e-01,9.831394709616824157e-01,7.399508686354985265e-01,4.843948126007082133e-01,6.714328125708202838e-03,5.753577449825525436e-01
9.211673838960972027e-01,7.734656877081187432e-01,6.479785234954376083e-01,4.281898562508071326e-01,8.012634240816141062e-01,0.000000000000000000e+00,6.467845595593729735e-01,8.545574938639550755e-01,4.912315733247514804e-01,5.767304926471752413e-01,9.224275330329126943e-01,6.382018554723907222e-01,7.825546884800981262e-01,2.071984802110954926e-01,8.561039266007680615e-01,8.758858003109246670e-01,4.822173916621733669e-01,6.736998356914858377e-01,8.879521501604273892e-01,7.518153461164637230e-01,-1.120386306740653315e-02,6.107493812306649117e-01,9.730877922604493913e-01,7.188266609291672493e-01,5.661937361820661430e-01,8.910276059061165155e-01,9.635090720602415004e-01,5.363701465913193189e-01,7.464534236553452828e-01,3.518407174794897507e-01,5.776532827987344021e-01,4.707165064943406585e-01,8.171776305549453001e-01,6.929035064164160707e-01,1.717685387531551200e-01,4.093990625836722019e-01,4.028514728293904890e-01,8.336544853022097579e-01,8.276639328933732553e-01,8.991679809945389845e-01,8.559298030608060159e-01,3.285735270498015281e-01,9.460313539746125766e-01,7.380922117715246200e-01,5.003175456707152913e-01,4.388582698502294654e-01,8.818968610555090182e-01,7.545528512346888483e-01,5.144791910700632909e-02,6.023240336276199924e-01,7.066407016638677208e-01,6.525703418362814867e-01,9.728566870129293775e-01,9.175743470305720573e-01,8.344882120061101194e-01,7.931317712179779544e-01,9.900324666445645683e-01,8.739913138744410670e-01,4.959655384973926662e-01,3.243724859957807238e-01,5.560919209374385330e-01,4.722342001114575583e-01,7.203701438642280408e-01,9.663367713747028631e-01,8.675296797460565479e-01,8.639080739887448068e-01,7.904711255953587035e-01,8.681911613626603907e-01,4.178832065168650578e-01,9.734964959311347421e-01,8.609939699540545277e-01,7.832917705584123702e-01,5.818530405407695838e-01,2.683646252672360899e-01,3.728799544060534821e-01,8.869197183318143773e-01,7.639131480810705810e-01,6.489452551861374374e-01,4.349995714669848690e-01,5.053838180985400497e-01,7.882795760762852932e-01,7.606858518874719532e-01,7.764381887376513580e-01,6.884840232163053075e-01,6.801000696813495061e-01
6.589023972538474716e-01,1.116248707880415358e-01,5.529889353619934500e-01,6.852281657480717714e-01,4.449496955645987351e-01,6.467845595593729735e-01,0.000000000000000000e+00,5.847510779916038626e-01,9.791952643382786370e-01,7.049228838733970770e-01,3.619368628995032200e-01,7.882018339099015058e-01,4.580467218305819821e-01,7.237062185869752584e-01,6.756992906047187830e-01,5.937190652420762937e-01,1.787564729941626684e-01,2.176527468927323405e-01,7.387093319276721859e-01,9.748021818891824397e-01,7.899236991100786476e-01,5.119422532191723052e-01,2.097062965452967664e-01,9.237513560312545779e-01,4.196800547202502729e-01,1.470139557941135544e-01,9.285050128031658856e-01,2.734044354185499182e-01,6.338505591986919319e-01,6.569949014091784889e-01,-2.809751523727181954e-01,5.282538034566722773e-01,6.906973495191326418e-01,4.781219341259052569e-01,7.861018290726250468e-01,2.095440867851069422e-01,7.862616530426265182e-01,6.236830089414721057e-01,4.248391252971152054e-01,6.624019582935471995e-01,8.178509950380496996e-02,2.889865228465529068e-01,6.691535971135115224e-01,6.507387569811755590e-01,8.065672678399300466e-01,6.001630664560936301e-01,6.106212160719896032e-01,6.956754240927504052e-01,7.730244044082341670e-01,4.356591338390614077e-01,7.281882603203700954e-01,8.869100329019564688e-01,4.769551881776511459e-01,8.218042343270333117e-01,9.539562032522483914e-01,5.236941273266202401e-01,6.785697691190381020e-01,4.426926039486265285e-01,4.649925889596384643e-01,5.642660376570532987e-01,7.266334217617257396e-01,6.130076173191256750e-01,7.211171472633136625e-01,9.262592271434546554e-01,9.872328702048610571e-01,1.303099834191314144e-01,4.543835811735432717e-01,9.470894799576025092e-01,5.464201254701498423e-01,4.178841337333775163e-01,4.440997647441196072e-01,5.977803629305282751e-01,7.801861906663628554e-01,3.927925819202582325e-01,8.046023953437063669e-01,2.426038873283178909e-01,8.823518476660722198e-01,3.490300810712853030e-01,7.988721403477740957e-01,3.497827844621900772e-01,7.582737948428549535e-01,9.445448582311710695e-01,2.406240126658849843e-01,5.988066724238001459e-01,7.270998220951777613e-01
9.576977030271099922e-01,6.928347358675265300e-01,8.374085901403486298e-01,4.879981810244128915e-01,6.678124940502592199e-01,8.545574938639550755e-01,5.847510779916038626e-01,0.000000000000000000e+00,9.657810097722254739e-01,4.564305233840802445e-01,4.993210513889596025e-01,6.006719056570128945e-01,8.812488346042277598e-01,7.355452573518737047e-01,9.789760536496514565e-01,4.730726551457320461e-01,8.315933189755708721e-01,3.184270887016652507e-01,6.840195845635583805e-01,8.651290141585668003e-01,3.464724848958529169e-01,5.997676429758953542e-01,8.694761528475047907e-01,8.570345390179354705e-01,4.314093455930457233e-01,4.634292424661973775e-01,6.059875036872476306e-01,-8.797181811973865673e-02,4.969007836636016862e-01,4.521050566227912126e-01,2.654690558828313174e-01,6.403606307398470587e-01,5.302244880886237688e-01,6.006646592726241352e-01,5.011972029052955691e-01,1.461795379726934241e-01,2.237698599963898749e-01,7.514434735806815313e-01,9.070294689197854199e-01,4.897873538495365886e-01,6.186668900921670211e-01,5.083853530037254487e-01,9.279282897315669354e-01,3.090747855936157862e-01,5.021638779945603037e-01,4.595331853055486526e-01,4.806861658117143055e-01,7.285328169495386419e-01,-3.468041293238116607e-02,5.405137173695223618e-01,8.052533906084934356e-01,6.973668566958806103e-01,8.119834708027873216e-01,7.472969900900027218e-01,7.154560260571442010e-01,8.271477368428236110e-01,5.627102371258853042e-01,6.022763520925838998e-01,5.577235801323697784e-01,1.254058199295393916e-01,3.917779358288439595e-01,4.171419291383947070e-01,2.261244656296526045e-01,5.813657923111427150e-01,8.867364809009095072e-01,8.728512790190360304e-01,4.326515873126954292e-01,7.070188071939678132e-01,4.380616332859582629e-01,3.732062382590348726e-01,4.953254331175306335e-01,7.033204880997462327e-01,6.961423689641844659e-01,5.549900735867271395e-01,7.680720284045845503e-01,7.843661470165002036e-01,9.094207484374708939e-01,6.647283915333954685e-01,5.630810292309854637e-01,3.988446747987682284e-01,8.176358984715664802e-01,7.980196457279263855e-01,8.313511745852534274e-01,5.522924454381036297e-01,7.773699817177137650e-01
6.038809380702646612e-01,5.606217548116670946e-01,5.838788930112579489e-01,9.344612071083970850e-01,9.474514494178463142e-01,4.912315733247514804e-01,9.791952643382786370e-01,9.657810097722254739e-01,0.000000000000000000e+00,6.702279198551629458e-01,4.590507569795890808e-01,9.989920342368875383e-01,9.743431732371731213e-01,7.360342790625961085e-01,3.912114915319314656e-01,3.300459127444573815e-01,8.676791115631918849e-01,5.120799145009445885e-01,6.343256419441756222e-01,4.071187674031983006e-01,6.175328232198638023e-01,9.411329098102992896e-01,7.778094456038270321e-01,8.957212578775538558e-01,7.124705573438163686e-01,9.911283456554891291e-01,5.134207153095052822e-01,4.656123628524092006e-01,6.886397220806698138e-01,2.830997958819582161e-01,5.717882539881311565e-01,4.572008852899555609e-01,3.190698106522387167e-01,6.681698044751470666e-01,8.759662041574141078e-01,6.560305849462357841e-01,4.638765154321412010e-01,3.525753432285489430e-01,9.486832005531082856e-01,7.542866672404142658e-01,6.812187221754042454e-01,5.658102793564083743e-01,8.884870473384811618e-01,6.142610670980545029e-01,6.218551432880512486e-01,8.782341361184548001e-01,8.918612954427573847e-01,7.461094357113545739e-01,6.053654123151169797e-01,7.699023757503156151e-01,6.230572768405071571e-01,6.989231091600159873e-01,7.125165419240206965e-01,8.676007720386651467e-01,4.248300279045584271e-01,6.054723728845244901e-01,1.175147921263464817e-01,2.448336957523797874e-01,5.794524428823512041e-01,-1.775635472698197381e-01,6.015262377992556253e-01,6.676053717058932913e-01,8.728358534217738329e-01,8.708203341184181934e-01,9.138507668437713116e-01,7.784750311134883693e-01,8.683550644660923412e-01,2.677347665976673174e-01,6.360663073527021982e-01,7.459487556309842837e-01,8.190542254064490102e-01,7.517883008350011442e-01,4.619867042339047547e-01,7.504882502000145283e-01,9.923274922104434737e-01,6.341107402098182799e-01,8.609391476006046373e-01,4.054888544886983692e-01,2.447643214242602727e-01,3.515357362907735594e-01,9.027376263380049171e-01,9.755525556857689295e-01,3.891199367397905062e-01,9.688577640576619965e-01,7.769624490903950242e-01
9.004482045343829011e-01,6.923570573835042818e-01,6.026711752088981244e-01,7.472146035713811418e-01,8.523347162162924207e-01,5.767304926471752413e-01,7.049228838733970770e-01,4.564305233840802445e-01,6.702279198551629458e-01,0.000000000000000000e+00,7.463229513065524623e-01,6.958059966938027197e-01,6.595440603911983946e-01,9.418743685806958421e-01,4.086954683922983111e-01,5.909704618448351487e-01,8.952267443617337728e-01,4.153948201907400883e-01,5.390534708916964179e-01,7.831211209091284431e-01,3.723558503959532029e-01,6.646004902575215478e-01,9.296251172873837287e-01,9.370480128343265935e-01,8.796511198756139516e-01,9.180945159202194006e-01,6.643094187962182984e-01,4.545222334111857498e-01,5.131008066322746419e-01,5.470565012880068689e-01,6.944537502845420374e-01,3.708624273853206033e-01,9.564353692263590778e-01,8.928201134473864320e-01,2.616837668155229668e-01,8.208137108519453218e-02,2.074681425639957055e-02,4.196515615187644266e-01,8.146669364463327012e-01,8.168995421626628062e-01,3.992702471899213235e-01,6.893776803355916583e-01,8.723693553858905547e-01,2.062608058645245546e-01,9.534710464964027965e-01,9.541145419120008464e-01,7.142662515328752626e-01,7.734480322543174635e-01,6.076769735591415200e-01,8.690424980545916611e-01,9.797742012874662842e-01,9.880164625551842716e-01,3.211927442560266188e-01,4.649591586256081044e-01,7.131798766734639416e-01,8.183664226750964055e-01,4.395703574444567718e-01,9.929679736641744414e-01,9.026475437120503598e-01,4.848608868713809028e-01,9.165403876607601807e-01,9.994797123237518788e-01,4.838534486453974770e-01,7.022334479763651105e-01,7.285804715792422170e-01,5.517301851938731794e-01,9.126204121741505748e-01,8.130762278897253337e-01,5.471892235794005854e-01,5.574935052824652182e-01,9.424762624125352373e-01,5.824463898550420460e-01,1.998095513574975612e-01,5.987875996338513085e-01,8.035885950434595859e-01,6.913348031236387081e-01,7.090516038709359092e-01,3.633621275037950404e-01,5.483806036802190143e-01,4.477298534647171091e-01,7.640378232419975379e-01,9.045551775024011087e-01,9.150786257841451166e-01,-1.781562874710251321e-01,4.220969950381384672e-01
7.165711760232464922e-01,7.872004609999697644e-01,9.271169953475177916e-01,7.029060032320940676e-01,5.353403077950291689e-01,9.224275330329126943e-01,3.619368628995032200e-01,4.993210513889596025e-01,4.590507569795890808e-01,7.463229513065524623e-01,0.000000000000000000e+00,4.383602645664002040e-01,8.633454956118480350e-01,5.184973084885018818e-02,2.790332045183226972e-01,9.872077944330439614e-01,5.476824048922426247e-01,8.842242902885786293e-01,6.456640040853819373e-01,6.935680931269090355e-01,7.693589727369696263e-01,6.566051762961824245e-01,6.045090773657590955e-01,4.532239548948596153e-01,6.712684499050670661e-01,9.977744898472861168e-01,6.222761329827107835e-01,8.907529527346139675e-01,7.844125220102007301e-01,-1.188795793297986458e-01,5.847842371116969140e-01,9.473784006496498433e-01,5.667215953002897599e-01,8.197471064915644590e-01,9.082839722786912873e-01,3.452727019034214084e-01,2.672411420832810358e-01,6.948405208584714776e-01,9.424384130351879385e-01,7.987258387001390236e-01,6.183835241030196661e-01,4.644376772807735088e-01,8.134053504760722086e-01,4.725664645886443749e-01,9.182666201200018197e-01,8.171028293521536146e-01,7.992467672096623676e-01,8.620536240343557033e-01,2.496584257347890801e-01,8.240320671027447919e-01,7.642136517033328857e-01,7.843375937318264324e-01,6.183385539823935684e-01,5.681606696158498782e-01,8.217228313076916368e-01,4.532721722297903405e-02,6.006398224523303853e-01,5.675172319761266904e-01,9.089239709258712940e-01,7.006232664024774071e-01,2.127708874949771622e-01,9.254455027433632353e-01,4.068984071768160793e-01,8.685595500405143277e-01,9.825408004296205533e-01,6.462280859437102842e-01,9.321620755868644803e-01,4.516808050057255497e-02,4.810676851838527335e-01,8.974338876910494811e-01,6.813851907390610085e-01,9.054605444930947655e-01,2.124379727972589560e-01,1.840563401455107551e-01,6.850222716650257171e-01,8.404453307945943807e-01,2.457961931348982554e-01,6.319596091183780073e-01,5.610793713904511648e-01,1.040373048889245838e-01,8.866482483005496684e-01,6.309124093766228514e-01,4.776319689792565271e-01,3.990074459143448382e-01,7.400680543862019345e-01
6.870722010207859221e-01,6.468200440208529134e-01,8.525054761216543930e-01,8.684188313718391727e-01,6.328277140434038772e-01,6.382018554723907222e-01,7.882018339099015058e-01,6.006719056570128945e-01,9.989920342368875383e-01,6.958059966938027197e-01,4.383602645664002040e-01,0.000000000000000000e+00,5.285180120722470232e-01,1.500896419428523199e-01,6.250626897524249603e-01,4.254318175241948996e-01,6.854269642482169189e-01,7.293163762600607392e-01,9.590431606715654755e-01,7.314257121316316557e-01,8.777653469369455230e-01,7.419421156892440639e-01,6.566596908699698920e-01,7.391900000298633200e-02,4.857821016892961419e-01,5.453919581834909547e-01,9.896746952604675851e-01,9.010800040657234167e-01,7.203706900314574835e-01,4.824765456878931658e-01,5.863035224444342886e-01,2.674403605445916376e-01,8.354904098688561431e-01,6.104969069515440161e-01,8.305926576186323240e-01,1.365212769430480255e-01,4.755309916820452121e-02,9.323573243254003051e-01,5.978299860929070508e-01,7.864027325012632463e-01,9.468581738541077542e-01,7.608938422699551563e-01,6.430869699842634013e-01,8.109425062204687062e-01,9.581464495174085716e-01,8.019643829950461322e-01,6.410082999015944694e-01,7.918237276262564128e-01,7.000176864790522702e-01,6.836811034973561130e-01,7.031006712924939839e-01,7.512998204506551314e-01,8.065655527506530031e-01,6.621511368954036136e-01,6.137204557234542390e-01,6.355741367304217349e-01,5.629850778638831876e-01,7.721374914227480124e-01,8.188483441929809148e-01,4.699539336718401294e-01,6.983550832131261155e-01,7.395528887614040148e-01,6.712191327333240087e-01,6.629213877399998678e-01,9.311071006153228691e-01,9.453931329005492712e-01,6.684972739974744949e-01,9.441287188173498324e-01,6.200485453407711400e-01,5.783895266015479653e-01,9.206790481472909571e-01,6.668455749357583562e-01,2.670927601863405942e-01,7.029842561511071564e-01,4.300068368064616786e-01,6.645432229231421628e-01,4.443870921811254315e-01,6.816519449674637299e-01,7.622778343254987821e-01,5.512592975477004220e-01,6.818365552173273336e-01,2.020747859383032474e-01,8.930351842088226633e-01,9.390738116874450814e-01,1.055903466720601591e-01
6.127989961171771416e-01,4.294590145779465518e-01,3.259157247245190181e-01,8.182684094338907865e-01,7.388575657875831038e-01,7.825546884800981262e-01,4.580467218305819821e-01,8.812488346042277598e-01,9.743431732371731213e-01,6.595440603911983946e-01,8.633454956118480350e-01,5.285180120722470232e-01,0.000000000000000000e+00,7.885355836278287178e-01,4.056495886046405652e-01,9.758669388278072843e-01,6.512241034052999034e-01,6.876205550940335254e-01,4.051529266370774152e-01,9.736256854527377547e-01,9.360933827233554050e-01,6.384445049783084025e-01,9.863457927155639959e-01,8.569799710296097661e-01,2.807884956597021531e-01,6.678612202980901413e-01,7.995646788552654982e-01,4.614621037779765844e-01,7.304544109839251620e-01,-1.803887060762262018e-01,2.068157267170845064e-03,6.954508413484513651e-01,6.381447848987205074e-01,5.194357085770280325e-01,9.487242767195445126e-01,1.795461316916039662e-01,-1.033147796509010785e-01,8.298810474249490587e-01,6.449757666116876509e-01,9.049554780636908102e-01,5.930982355489036184e-01,7.963483108674801469e-01,9.975273141847202929e-01,9.413582733183296636e-01,9.755464502997370779e-01,9.606042744952522083e-01,3.630352854374098714e-01,8.665251012743493408e-01,8.340071687259293931e-01,7.963043798149567198e-01,4.282018504270324044e-01,6.345317002661192696e-01,8.607568712740322203e-01,6.530311437297898758e-01,9.983750869133595218e-01,9.331022366621265496e-01,4.993314571375715993e-01,9.348955685150495132e-01,1.383998637153157074e-01,2.943455118245030255e-01,5.699862044920194215e-01,5.037932881299598264e-01,4.751582366861023532e-01,6.210182340539212031e-01,8.669886698060431662e-01,6.905766108929474179e-01,2.330588657063022429e-01,9.031315455477227916e-01,-1.862174620648983925e-01,6.778914191771001629e-01,7.853347211495251834e-01,2.310616381851626211e-01,7.310664394489777562e-01,6.421375119621604011e-01,4.194998622775911734e-01,6.400685398927956626e-01,5.572851110135880193e-01,9.207220277657435226e-01,5.011132681769494557e-01,5.541244145193260362e-01,6.484484971112327578e-01,5.583555531083197465e-01,6.008496621562307016e-01,7.478134471140571726e-01,5.702661505440196343e-01
5.986843588988217668e-01,5.137663613308002253e-01,1.500413455429219257e-02,7.729389283231395957e-01,7.534251260020956575e-01,2.071984802110954926e-01,7.237062185869752584e-01,7.355452573518737047e-01,7.360342790625961085e-01,9.418743685806958421e-01,5.184973084885018818e-02,1.500896419428523199e-01,7.885355836278287178e-01,0.000000000000000000e+00,8.037810006314708433e-01,7.025297869228267489e-01,7.002947849711141926e-01,5.754841647532936699e-01,1.348038277300694643e-01,9.903221636127217398e-01,9.814867257575004000e-01,1.650095145042631550e-01,6.258447762029399897e-01,6.140810643477628838e-01,2.241364028211391135e-01,8.753071911108161185e-01,7.672777378631074896e-01,9.479308713973005895e-01,4.481283331637349598e-01,2.872347621690785058e-01,4.046459958215444797e-01,2.819142825521232520e-01,6.734117821896457023e-01,9.060099626444864107e-01,8.303099139870739887e-01,2.849273354667467006e-01,2.189742047753105020e-02,6.847656351034636657e-01,8.851860338525261440e-01,7.245257819277479694e-01,3.521266249390171410e-01,4.879786287466263972e-01,7.690146484810003180e-01,4.007485378818725907e-01,9.482684758518555856e-01,9.013613522440729886e-01,7.632998860262978358e-01,4.460709433669666768e-01,8.963524177822095318e-01,8.391314430337968311e-01,6.430270577200319915e-01,4.390578233185300494e-01,4.491956652793872018e-01,6.091757705148688196e-01,6.008767052250847396e-01,9.849782783780226536e-01,1.333286056938547404e-01,7.732661050226589117e-01,7.370686867402629350e-01,9.541549343410710149e-01,4.787511238563197935e-01,7.730374411865509332e-01,4.217936964812897815e-01,7.024373498980481800e-01,8.432725019147372381e-01,1.176325796488839615e-01,6.073110613336998309e-01,6.860243450332635939e-01,6.568716176880544655e-01,7.067950925761133929e-01,9.962084570811391426e-01,7.634737773897337654e-01,5.535990450014038888e-01,4.709931265703544145e-01,3.271485064434005441e-01,6.562851530085459517e-01,8.246575931043147456e-01,7.163599123218639120e-01,1.623757402667476701e-01,4.545351232442053635e-01,7.104796848470217308e-01,4.916582348435531991e-01,8.970248391855540904e-01,7.991108720614917282e-02,9.211258270409372617e-01
8.149968875096498255e-01,9.370176065004511834e-01,6.935351087894781053e-01,8.380635382769234809e-01,4.728213940814351424e-01,8.561039266007680615e-01,6.756992906047187830e-01,9.789760536496514565e-01,3.912114915319314656e-01,4.086954683922983111e-01,2.790332045183226972e-01,6.250626897524249603e-01,4.056495886046405652e-01,8.037810006314708433e-01,0.000000000000000000e+00,5.955098422187326407e-02,6.715795294396614823e-01,8.711214482708549145e-01,2.809288866099171056e-01,7.408633254701586512e-01,8.951460645249931236e-01,5.259095262097841506e-01,7.823729781096508962e-01,5.741554157240849054e-01,4.340443022385080951e-01,6.199379644748894691e-01,6.913446107701913812e-01,7.770417229676782611e-01,7.780745932463026815e-01,4.176895733907061148e-01,6.788770651316450300e-01,2.431959175285982599e-01,6.422727727918871032e-01,6.756751045226557784e-01,3.159617976992668553e-01,2.879825081879568427e-01,-2.124293394768778098e-02,4.599218751599191135e-01,7.058387392881573241e-01,4.935418772709851964e-01,7.422263034256898484e-01,5.867466406163850401e-01,9.929790326604632789e-01,6.798090082217344010e-01,5.655969402265347279e-01,3.480483003213186155e-01,6.357337422683909667e-01,5.701275532392766632e-01,4.934931894170335176e-01,4.953543564037253821e-01,9.541533920584084338e-01,6.085775965693251965e-01,9.636653100118934834e-01,7.174184121950329951e-01,6.441708633435055953e-01,9.578057530212927828e-01,6.203837793028829095e-01,6.982937836355292971e-01,6.108027092489658472e-01,6.399620120737499196e-01,4.405782285650875485e-01,6.299712237469070608e-01,4.633634500063523731e-01,9.415244839665404264e-01,9.487657053065339241e-01,6.532029881101226731e-01,6.313199829234865668e-01,9.992138314502492236e-01,3.631587509140484782e-01,5.180903684797317776e-01,7.021109237659474145e-01,4.774389038574053945e-01,1.603187407031224365e-01,5.041662790411649553e-01,2.775946578419785649e-01,5.357360917435809444e-01,6.801425769501554530e-01,3.793935863826877752e-01,4.660558652932843549e-01,1.067873016971496586e-01,5.155751581988874399e-01,2.098926682116377118e-01,8.216109064742892487e-01,6.054018454264026294e-01,5.697032495947469410e-01
7.641057257213113019e-01,7.636809022567968563e-01,5.660562999584060062e-01,7.519435061627726125e-01,1.709887227780051630e-02,8.758858003109246670e-01,5.937190652420762937e-01,4.730726551457320461e-01,3.300459127444573815e-01,5.909704618448351487e-01,9.872077944330439614e-01,4.254318175241948996e-01,9.758669388278072843e-01,7.025297869228267489e-01,5.955098422187326407e-02,0.000000000000000000e+00,4.185706414485448890e-01,6.843169152961421364e-01,2.439628828445943864e-01,7.747356860483320951e-01,7.287154089661538325e-01,7.390738706262908186e-01,7.693924292827997169e-01,9.166237572531042987e-01,5.304778776846611477e-01,3.412894785719538526e-01,9.797856418069862405e-01,9.169741729325187052e-01,-5.063426494062339689e-02,3.811204256491941278e-01,3.261499835797043167e-01,6.950056125042056721e-01,5.373668557425537173e-01,9.733746332183071948e-01,9.471618662597545146e-01,6.227986654423978141e-01,3.289811103957070437e-01,6.550719511115890015e-01,8.264080901574957227e-01,6.784519868836796919e-01,7.128128035200749224e-01,9.413829765864645260e-01,7.350146422734304963e-01,7.223507056413961402e-01,9.704496142141840753e-01,8.127906484662015263e-01,6.669859982316591607e-01,7.805195811828673502e-01,9.771392785429073857e-01,7.807960044917670039e-01,6.317372343982972094e-01,9.721925744210448972e-01,9.472282257436899222e-01,6.687483229559028075e-01,9.976216882895906357e-01,4.082071465275303734e-01,6.809911820259628712e-01,5.222076756851345980e-01,8.534270441381521799e-01,6.864297865750548233e-01,5.794493124657897898e-01,9.209999378456110719e-01,7.757506290134517091e-01,8.293885552944142425e-01,8.759528550266517666e-01,5.079568123648096067e-01,8.828152364803741881e-01,7.374815392398503811e-01,5.866251072334714989e-01,5.586333281020819941e-01,6.954270366445534091e-01,7.252747346941303963e-01,3.927595390087008642e-01,5.056928567068322833e-01,6.335259741941611233e-01,7.577477624099633324e-01,5.061869803470632201e-01,6.418990595217911599e-01,6.798484924103100902e-01,-1.655048656583902322e-01,7.864723290081049312e-01,9.335662101114975409e-01,8.879702316274221685e-01,7.314136792019483302e-01,4.762531698617997883e-02
4.698209848994773785e-01,8.015009414811956612e-01,6.457682824239160402e-01,8.647217224137014879e-01,8.851915853929378519e-01,4.822173916621733669e-01,1.787564729941626684e-01,8.315933189755708721e-01,8.676791115631918849e-01,8.952267443617337728e-01,5.476824048922426247e-01,6.854269642482169189e-01,6.512241034052999034e-01,7.002947849711141926e-01,6.715795294396614823e-01,4.185706414485448890e-01,0.000000000000000000e+00,4.868948878410325753e-01,4.732011432678450147e-01,7.495956360381863526e-01,9.721818783946605258e-01,4.672926597104755109e-01,7.651630658784002170e-01,6.001610990144550239e-01,6.215481163258410602e-01,8.789124725195929244e-01,5.007329432351138587e-01,6.300250390627484265e-01,5.283060012776316094e-01,2.946618402111309543e-01,4.808624040372665998e-01,4.322221404575543428e-03,6.722753105863119583e-01,6.450574729743316915e-01,8.110220983150902008e-01,4.936116628515120341e-01,5.815445509603689792e-03,3.102739455269770685e-01,7.670526259346670539e-01,9.138163148493927412e-01,6.655926673662351245e-01,5.679598982993140366e-01,6.970803856096602358e-01,8.815226019513511257e-01,3.264785377137403577e-01,9.005787766360222601e-01,8.891279320264012798e-01,8.137752959084142423e-01,8.926714290174921906e-01,3.465861942623285619e-01,8.913189171806625843e-01,9.177656370117757145e-01,2.594816783343347755e-01,8.273404412565708022e-01,4.995078963711545028e-01,8.031216987217582037e-01,9.931677293064682388e-01,8.819989492919921847e-01,8.141813461369267202e-01,4.930375199285715881e-01,6.977284900034144144e-01,9.289745619766830442e-01,9.386206941901518164e-01,7.790663358118632420e-01,8.000436904246965852e-01,8.597405905959945027e-01,5.951544961576571424e-01,9.138286626319871431e-01,4.228885872192842954e-01,8.228859247768959273e-01,6.507648860434176452e-01,7.025184022211086177e-01,5.774091094700167792e-01,6.258733252978195827e-01,9.416111233428484661e-01,6.129483545620785234e-01,6.537736534716788173e-01,8.877310063963428366e-01,7.713982023849544900e-01,5.994616439733315705e-01,6.478142890778894047e-01,6.380429913375422757e-01,8.298470511774316272e-01,6.189117857673132050e-01,6.567232678532834989e-01
8.496856039860591903e-01,1.231480501339771716e-01,4.504701057705751688e-01,9.403151891209752256e-01,4.194953839315836985e-01,6.736998356914858377e-01,2.176527468927323405e-01,3.184270887016652507e-01,5.120799145009445885e-01,4.153948201907400883e-01,8.842242902885786293e-01,7.293163762600607392e-01,6.876205550940335254e-01,5.754841647532936699e-01,8.711214482708549145e-01,6.843169152961421364e-01,4.868948878410325753e-01,0.000000000000000000e+00,9.218244695000015199e-01,7.498425994728648014e-01,8.561896559926858163e-01,5.079482523307704556e-01,7.486630816281150125e-01,6.850105546301208381e-01,2.413329595961664631e-01,8.178355524514294705e-01,7.805853390096623157e-01,6.536599831808419525e-01,1.339627372846992175e-02,3.150680110518863652e-01,5.465637918903174519e-01,4.294381529054717150e-01,3.233686986227247151e-01,5.213801589850923790e-01,8.598918142313566326e-01,7.748930285252724204e-01,6.915785726172534176e-01,9.565391503636225812e-01,7.881693217712137933e-01,8.429708710668549765e-01,4.476305463503850168e-01,9.586727438784282684e-01,4.739564647076216497e-01,7.560778290621139597e-01,8.976359748511235637e-01,7.431562100230469925e-01,8.408719904200461226e-01,8.549434247189970915e-01,7.287317682739169467e-01,5.892976457464644824e-01,5.775756001711087606e-01,9.700109833948424853e-01,4.877544348329437840e-01,4.782244417195057329e-01,8.561137534293279394e-01,8.642377719893516996e-01,9.946922790444371332e-01,9.185074544157674215e-01,9.173272131050784761e-01,4.541796678218232297e-01,6.520414287127491715e-01,7.023940140528652787e-01,7.198019460276658954e-01,5.461171870079293278e-01,6.300379416863007842e-01,6.143731559612505277e-01,8.261676358973578660e-01,7.563528072566446658e-01,7.908140688334028834e-01,7.999467138925803189e-01,6.478779736352398011e-01,7.703543596855257913e-01,6.038511055546086359e-01,6.598297681892240085e-01,5.086598358258404007e-01,7.819209614140759657e-01,1.276416715607260055e-01,2.179003913191313313e-01,3.673040175630853388e-01,3.252977848232969094e-01,6.525567960944677059e-01,5.659328700943572210e-01,8.138353464416693273e-01,1.729720364548589517e-01,9.416119120529615749e-01
