0.000000000000000000e+00,8.148515360920370876e-01,8.260208422714160337e-01,4.764086875175438385e-01,9.796927339455178130e-01,6.605231967971337825e-01,7.676884318543865104e-01,9.710746204877362953e-01,6.695858130801231045e-01,8.191446124011132479e-01,7.378660590129678676e-01,7.217990315240144783e-01,8.035465434687989461e-01,9.517645949091475543e-01,7.490554357356524751e-01,6.214826624336992067e-01,6.798864471622091399e-01,9.832764325208556144e-01,6.827332740380631648e-01,4.920620017159529347e-01,5.237458993788022266e-01,4.896519047014804005e-01,6.087419626858471267e-01,6.772052557012617768e-01,7.731088266456640490e-01,8.866306082105173125e-01,1.856411776609704356e-01,6.633112821324584907e-01,7.899150084075335920e-01,4.998124971282514872e-01,-1.551672330623588003e-04,9.971107577254894050e-01,6.325356435866359428e-01,4.867339027976470001e-01,-2.325704917940624172e-02,4.573174721404077436e-01,4.278868304247031018e-01,5.739499984968501334e-01,8.390827928206900932e-01,5.017319335714031103e-01,5.722892032742694646e-01,8.246526804343753403e-01,9.750569798222075146e-01,9.815259983399556853e-01,9.345297982264092473e-01,6.823728533142057184e-01,7.269575598184156995e-01,9.588171270086769393e-01,7.823209514353772764e-01,8.299673292153368909e-01,9.094545484734147811e-01,8.610055493531766357e-01,5.451667231552299597e-01,4.088180312434658847e-01,7.130826204750480013e-01,9.395887493761134746e-01,5.095390148375470440e-01,9.918448452268298077e-01,9.117852834845282528e-01,4.294099661728019157e-01,7.282385189978105577e-01,8.028088144550590277e-01,7.833406279857725307e-01,1.711091550117221916e-01,9.302476405155085670e-01,5.542480827143106970e-01,9.401868498054062329e-01,5.983773811132666598e-01,7.846110119028796293e-01,7.602607799658480658e-01,9.387969732368038889e-01,8.390611609961261541e-01,5.912623980586465544e-01,4.129183101029473835e-01,6.401493030099159043e-01,9.213791754737427064e-01,9.359343168829501458e-01,8.058816612998097317e-02,7.104276244310916422e-01,6.271522458805934841e-01,8.756685265982439015e-01,7.338482042180342058e-01,9.579863651722174689e-01,6.975783443017647967e-01,4.302747795961289201e-01
8.148515360920370876e-01,0.000000000000000000e+00,8.140181399600069367e-01,5.459757814778642970e-01,4.332396936215687777e-01,9.930581051155165095e-01,9.015939927607790061e-01,7.808299089888571798e-01,7.803599120111819332e-01,8.649740350142555156e-01,4.522370057916982877e-01,6.103148598579316575e-01,6.079512710542258613e-01,9.747183818133008382e-01,4.088350822590562927e-01,6.759491852157633041e-01,4.302669848721019097e-01,4.739080500438305754e-01,3.438120607657234595e-01,7.443899564891249820e-01,8.643187136252366010e-01,7.523041446233464935e-01,9.389371288488729261e-01,9.997765292197021703e-01,6.408484787822077422e-01,6.776605896925378403e-01,7.358927890838253827e-01,6.516237726447939860e-01,7.221308079944132041e-01,2.069650709825731072e-01,5.824314812509242545e-01,4.264364112622919811e-01,9.639939503955903266e-01,4.692690864467243261e-01,9.565091783858571395e-01,5.307276156358593511e-01,1.658142851362226500e-01,8.883931634280393119e-01,6.455279629801179420e-01,7.615570420408143137e-01,9.716328016056170469e-01,4.849007431661073175e-01,6.263138745595110413e-01,8.736197996252057507e-01,5.626452464306046508e-01,4.123700397783626737e-01,6.636777716737398691e-01,4.725526819312214077e-01,5.753473610798683913e-01,8.956949786893737553e-01,6.398570047812126571e-01,7.461962921426263939e-01,3.775602546661065428e-01,6.722188984881387608e-01,1.600924985162915370e-01,8.629044850307835413e-01,6.909453914776217953e-01,5.986953912751740159e-01,9.434261578425340300e-01,7.633388856810751077e-01,5.597245232371010903e-01,3.323908242180700912e-01,4.920770420985329241e-01,8.315983534071011984e-01,8.633363667661462237e-01,6.926456421394154850e-01,4.339969543126728224e-01,8.234426918372196313e-01,4.225153293491393236e-01,9.296197281429711134e-01,6.794450044223542262e-01,6.359932249918521796e-01,7.309804873429497363e-01,4.407990327680524900e-01,7.675953707267187953e-01,6.724903179794918806e-01,6.167008407168873552e-01,2.180232639315456966e-01,6.244804534414687414e-01,5.301290022350773484e-02,4.905988217735153811e-01,6.702107721215251335e-01,5.597507063012335804e-01,8.580108872877451054e-01,9.761048166401226078e-01
8.260208422714160337e-01,8.140181399600069367e-01,0.000000000000000000e+00,6.011401882350939641e-01,9.173696109261549880e-01,5.880990926112162898e-01,7.282580526638607887e-01,8.269314456725865847e-01,8.803099831807676967e-01,3.175296769781389417e-01,7.208707709447227385e-01,4.230820810944643795e-01,8.809596180470695703e-01,5.721489033869896490e-01,9.678958082535819019e-01,1.427611828072313793e-01,2.433842404532460257e-02,8.458737692530103880e-01,6.612430957321111524e-01,8.412885407106001079e-01,6.063337217296541626e-01,9.508351210793917208e-01,4.251667461710406659e-01,8.250845660812490268e-01,9.911508713030949824e-01,8.629996130564100421e-01,9.027129425636944982e-01,9.871617709550482012e-01,2.028391145256487615e-01,4.086829673956582920e-01,1.241329486133117693e-01,7.020439168216152659e-01,8.849174186515293972e-01,6.716818297840635443e-01,9.508744212013319208e-01,4.997459898565868031e-01,2.088029425160196351e-01,9.837225084212160020e-01,7.956825587536291433e-01,5.658333111783572233e-01,2.529953682927253977e-01,8.015985983698006301e-01,8.721102841404098083e-01,8.430098158668591912e-01,8.941536284250215516e-01,8.700691871124675014e-01,6.090700792860428425e-01,8.055371950523914082e-01,7.121408972567939699e-01,9.419441982087626286e-01,6.552012912925717636e-01,9.094528251992084478e-01,8.779279446932178876e-01,8.059917870480144408e-01,4.773136087685555529e-01,9.760093091952342093e-01,9.178021321711840042e-01,8.207159392728879954e-01,3.790243203517609238e-01,4.231258562848024818e-01,4.870425060346194601e-01,9.803034595335233803e-01,9.869694301373916900e-01,2.900793860846531125e-01,9.557741903071230727e-01,8.947870786748963745e-01,5.562214605735245065e-01,6.588433105295524728e-01,2.286599082588558485e-01,2.070396368534360709e-01,8.735533576934683131e-01,4.835567063776428642e-01,5.990924061117428590e-01,3.920483448168725071e-01,7.202657164718557770e-01,4.202399978009075387e-01,9.199257633975046478e-01,9.567074575497879207e-01,-1.299019777913328899e-01,4.348256829579837945e-01,9.111481120264938172e-01,8.470455439901152239e-01,7.316385989196934059e-01,7.343498547820175304e-01,9.316516734748612194e-01
4.764086875175438385e-01,5.459757814778642970e-01,6.011401882350939641e-01,0.000000000000000000e+00,7.389477959799912732e-01,6.340106906005441578e-01,7.122868900503923628e-01,5.879345874082030354e-01,9.653656589711863134e-01,8.443335954734170201e-01,2.539774032043852214e-01,7.273965377020222833e-01,9.062700883216322501e-01,6.873450432012651046e-01,6.098664109728748617e-01,6.082176930829058525e-01,6.442323866937731403e-01,8.685140597456082467e-01,7.520036167754672318e-01,5.361695613033037322e-01,6.337560408068236839e-01,8.943190608634792316e-01,8.021406061165923251e-01,7.819003467316328893e-01,7.198552090192436026e-01,6.043416330365825040e-01,8.763858240927695498e-01,6.326075384554853409e-01,5.106896472910917861e-01,2.378729412310588154e-01,7.909904074759138703e-01,2.678153195504343054e-01,8.053908578855814016e-01,6.631977364028063260e-01,6.027403388145262664e-01,1.192739105064092864e-01,3.730729542646200603e-01,8.635859742898925884e-01,7.133713494857658599e-01,7.083373647889286140e-01,4.132267078409732619e-01,9.814502684083855621e-01,9.816789723516683441e-01,7.701239791136164081e-01,9.279618921356556083e-01,9.840077493040590983e-01,5.849833608508069327e-01,6.428098141773086471e-01,3.275079127090404496e-01,7.688353942065132562e-01,9.374058883360968375e-01,7.304201509865293485e-01,5.902781571057109655e-01,6.044618761644753313e-01,5.898164996513760583e-01,6.149247126299678401e-01,4.448539370317508568e-01,4.695500979910415262e-01,9.033982549563813746e-01,3.628934485692424383e-01,4.533477160916092319e-01,7.650575748874434145e-01,5.371793606473683758e-01,6.610015776147989408e-01,9.416593762699989600e-01,8.337073073561253045e-01,6.898395724628418879e-01,9.363855433908654380e-01,9.806109525051038833e-01,6.772712168544566813e-01,6.660696706345559104e-01,8.676592290104646610e-01,6.390352705218750318e-01,7.580050695984175135e-01,6.699215257215793695e-01,8.911590870924969154e-01,8.740971617946743377e-01,7.629178028192081795e-01,3.824997289054553051e-01,4.213863871291019247e-01,9.885609391748839681e-01,9.977271137692156344e-01,6.408250918491867898e-01,7.597793948353005478e-01,8.385260608413463990e-01
9.796927339455178130e-01,4.332396936215687777e-01,9.173696109261549880e-01,7.389477959799912732e-01,0.000000000000000000e+00,8.091984147966573282e-01,9.826260869402945186e-01,4.922989283454504705e-01,2.830179403279559081e-01,6.428379020581137526e-01,5.727437712070035936e-01,6.440330402817900923e-01,9.434676195602351711e-01,5.745953287808336363e-01,7.063488294399249412e-01,4.411285957691462589e-01,9.166923627983986078e-01,8.288802358692796135e-01,6.359184468965650705e-01,3.270822874665637592e-01,8.256133237428652238e-01,5.102082677749860684e-01,9.412674449706861513e-01,7.957205047732032188e-01,1.416035543498267713e-01,9.874280433349180708e-01,5.205100405593473534e-01,8.403570559765197734e-01,4.730054051968992090e-01,6.254804493921510833e-01,6.612946856536769946e-01,4.908613879874023089e-01,7.080975752155077574e-01,1.857501700221652896e-01,4.020538590891887809e-01,1.354830085963090180e-01,4.550741987584832615e-01,4.644937035868418329e-01,4.335206945442615645e-01,5.219161959148022056e-01,4.643861385408870057e-01,5.549629573895719092e-01,9.622982778757639410e-01,8.161982468525782464e-01,5.302415377424614107e-01,9.126442986112778266e-01,6.646058070742483226e-01,9.513522432001828566e-01,7.199254913741603978e-01,9.181868461223086086e-01,7.480091643175033056e-01,8.431488103808434387e-01,9.605280554763104828e-01,8.230134562514406227e-01,8.058701349870308617e-01,5.453332410602304003e-01,9.170643191570557740e-01,7.099108088012529016e-01,9.006582410808409156e-01,5.987073866511041231e-01,7.684820667930019056e-01,6.178819451752394221e-01,9.323737793433339860e-01,3.704502238215339194e-01,7.542726641689065925e-01,7.949202031713071825e-01,7.343876847687148546e-01,8.613057117553513109e-01,7.354266251417055367e-01,6.067570251885261445e-01,6.648709829052575904e-01,4.862162194108056168e-01,5.129602530327247445e-01,5.925251900714676445e-01,4.649742206112032483e-01,6.794015432909168428e-01,8.462952736242270735e-01,5.706065683646395492e-02,2.359612600399445259e-01,5.614968703843706832e-01,5.257573247032845121e-01,6.190353876308629655e-01,6.550194492854588546e-01,-6.247989678036175443e-02,8.835334709975011247e-01
6.605231967971337825e-01,9.930581051155165095e-01,5.880990926112162898e-01,6.340106906005441578e-01,8.091984147966573282e-01,0.000000000000000000e+00,7.298306788082706831e-01,4.842203488875558570e-02,6.041794412059718899e-01,6.706755531602562881e-01,5.615169085348269418e-01,7.072682586646490410e-01,2.454436759084584752e-01,7.401754906870839923e-01,3.493964794077658587e-01,7.420051102432730916e-01,9.802705964969209429e-01,8.879617440500137127e-01,8.192233287662553654e-01,6.489981358199028438e-01,8.657659204633290084e-01,8.635375352632295165e-01,7.677283236033937142e-01,7.392741938615259301e-01,8.729060626436103698e-01,6.917850070386373229e-01,9.223175531753254885e-01,5.776529882576736386e-01,4.516143491557016998e-01,6.692846994348310430e-01,2.038185528770221910e-01,7.467048401007485570e-01,7.107340433273082736e-01,9.441054177812895354e-01,6.687619346749380522e-01,6.369232831954814156e-01,7.735921405942649542e-01,3.320594798448370799e-01,9.002042186403692581e-01,8.736741089997169807e-01,2.743838255118256075e-01,-5.042781895124326397e-02,9.515493419537677244e-01,9.262182027270966511e-01,9.726798416857339591e-01,6.573968053734662309e-01,2.417380468588115061e-01,4.114633169671472190e-01,4.572082092982401313e-01,6.328650199003710286e-01,6.979904199292722433e-01,6.967236428190046738e-01,8.664702058909400373e-01,8.720907613298560790e-01,3.832564309049523721e-01,5.961204018652135339e-01,8.517217773241279044e-01,7.966475261262987440e-01,7.791494076707784489e-01,-8.508814876593301380e-02,5.544891381736847258e-01,5.358349929496183384e-01,8.846762392276167342e-01,9.264135408594058596e-01,6.974741302808483701e-01,7.030734671058477270e-01,5.952613932299593014e-01,6.811887347018898975e-01,3.640128159535592212e-01,6.270258788681056794e-01,7.402441095722160913e-01,1.186652914224610306e-01,2.672608255695950730e-01,4.846166964209420169e-01,5.761420281171216740e-01,2.648832000738515213e-01,9.594169704816744026e-01,9.256014224599354301e-02,5.741610997434650754e-01,2.387080282136575526e-01,6.017105459240970067e-01,9.629725312046546470e-01,9.411133566210792001e-01,3.115258215908101383e-03,8.566670773206725986e-01
7.676884318543865104e-01,9.015939927607790061e-01,7.282580526638607887e-01,7.122868900503923628e-01,9.826260869402945186e-01,7.298306788082706831e-01,0.000000000000000000e+00,-1.106703228835771852e-01,6.382843698305193936e-01,7.601164037722103473e-01,5.175347075908888206e-01,4.628447002349380668e-01,2.460553240490311322e-01,4.206773639517265018e-01,5.508032499361508183e-01,1.469775112034356901e-01,8.189549637323032538e-01,1.112281508677038372e-01,4.812804885259453491e-01,8.655837476720794621e-01,9.631127213285880506e-01,4.797236601055573368e-01,7.008351602386337920e-01,3.326749885974639165e-01,6.580234160112345965e-01,4.022562683123691585e-01,3.997354588531321085e-02,7.777778574564110370e-01,1.408563759192868192e-01,7.522940626267414777e-01,-2.765333650425151890e-01,7.175469379887269294e-01,4.473362389699667707e-01,7.403500816285805142e-01,3.674340953467155058e-01,3.919816942880656740e-01,4.212155471326073375e-02,6.859540231233501872e-01,7.773702380266900303e-01,4.970809313737205026e-01,7.304073560878843185e-01,6.959328313420224399e-01,3.024205571720596786e-01,4.139350036034081803e-01,9.942791807497066703e-01,4.992854034884060266e-02,2.244123380766370190e-01,6.795285281548577583e-01,5.605930894778713425e-01,6.192003362684104228e-01,4.233005627676403315e-01,6.658454532157856987e-01,5.550450098862543813e-01,8.045038187985895650e-01,1.600218015149237338e-01,5.746315644866063499e-01,6.337842096981971540e-01,4.456256135308930832e-01,1.457468262904163814e-01,4.582963539904673644e-01,4.002191863071522526e-01,7.908349142544395249e-01,8.837077237477172220e-01,9.588968897629025490e-01,8.135632584769787456e-01,2.744310421228764452e-01,5.680256197276536412e-01,9.577796980248510783e-01,5.503812065751216842e-01,6.506783736150794084e-01,3.426295903404922849e-01,2.677716948039909894e-01,4.966774363359629518e-01,7.153022606531284078e-01,2.929091256511758834e-01,7.066649937943905169e-01,6.435139359738444309e-01,6.293364903256614129e-01,2.226455985379496294e-01,6.148205029918856618e-02,3.339710810636485894e-01,9.940327088689053792e-01,6.622118572958973770e-01,1.284762149609495197e-01,1.654933894080428680e-01
9.710746204877362953e-01,7.808299089888571798e-01,8.269314456725865847e-01,5.879345874082030354e-01,4.922989283454504705e-01,4.842203488875558570e-02,-1.106703228835771852e-01,0.000000000000000000e+00,4.050962610113683082e-01,3.863856574472132044e-01,9.192966187555492441e-01,8.545834001329735141e-01,8.731621229042257903e-01,7.181020620441204150e-01,5.318675768061403852e-01,4.068491233479021307e-01,9.937618780026623577e-01,6.463645740902491665e-01,6.942028506598250104e-01,7.070058756817483303e-01,8.955960396504683008e-01,8.904789819507499260e-01,7.231283957101185544e-01,9.657992496124527815e-01,6.746336491969970872e-01,9.363779499828700503e-01,2.459856676439911571e-01,7.845889598540538579e-01,4.826899306676841750e-01,6.132763598921961989e-01,5.048385395347916305e-01,6.130185229971278904e-01,6.072491067165707301e-01,5.127641168007404104e-01,4.838391068622675539e-01,5.363962814536313850e-01,3.913667206841777713e-01,6.269064783076113700e-01,1.118589462435348823e-03,4.616379697757116429e-01,2.812375379218722271e-01,8.249249884713835135e-01,8.117282279386851540e-01,6.398857523064832575e-01,7.178421189722851148e-01,6.519209252903600538e-01,4.191330605071361681e-01,9.792411877111379948e-01,6.877517449347272382e-01,9.963291114750878474e-01,5.412325768281697203e-01,4.495469756926122051e-01,6.081405387033756993e-01,7.852876823626412373e-01,4.298227419593075860e-01,9.598354904239516650e-01,5.379206232844783164e-01,4.386974859256208559e-01,3.579634947756274999e-01,4.912241586201093191e-01,2.788879303631799367e-01,5.530293032188144942e-01,6.091898373608106709e-01,8.285971485174976614e-01,8.716972989477654865e-01,5.331127107683655275e-01,6.909655606082953927e-01,9.320897946551998103e-01,1.145265998148613379e-01,5.525361155054402396e-01,4.974719953035820486e-01,5.352937836448488085e-01,2.440122542935751204e-01,6.777672047755397555e-01,5.325422234187270343e-01,7.976484126010210396e-01,5.820592724156101738e-01,9.304888502124186722e-03,9.862123514555424242e-01,3.893520037587848703e-01,2.174800012982215924e-01,6.906278651107919941e-01,7.744239158291287284e-01,3.953696999584231375e-01,5.758427697578754056e-01
6.695858130801231045e-01,7.803599120111819332e-01,8.803099831807676967e-01,9.653656589711863134e-01,2.830179403279559081e-01,6.041794412059718899e-01,6.382843698305193936e-01,4.050962610113683082e-01,0.000000000000000000e+00,8.681836094149095739e-01,8.027145801752406662e-01,7.828511274412429666e-01,9.396595958520816971e-01,6.508171821800466939e-01,4.865843075913199312e-01,8.871153186707508853e-01,8.195523781241003114e-01,7.646822593393495238e-01,8.464289828973805552e-01,7.401624482548809780e-01,9.624099467852956780e-01,9.563985493011912808e-01,3.578151368967115165e-01,9.933390219117909092e-01,4.541485560916466713e-01,3.502947203270684318e-01,6.921318051600957588e-01,6.950953374137085472e-01,7.344136535889798090e-01,7.499441714184467145e-01,4.103408990820046620e-01,3.662098966522333576e-01,5.813761549611513590e-01,9.245354452809945167e-01,6.677971492984973167e-01,3.104570704629534550e-01,4.083528618865049364e-01,5.492293944586845722e-01,7.101197468245227240e-01,7.467098077684399815e-01,6.811919148367030497e-01,4.048301289591260677e-01,6.851453009128539717e-01,9.785293755404368410e-01,2.452607464760653000e-01,6.913629271910599616e-01,7.832935098464905987e-01,4.163014259958520702e-01,3.988045273420601777e-01,7.438726262502564079e-01,2.698170017401374521e-01,5.022234368506400815e-01,6.002649635426267061e-01,6.427903117613806838e-01,6.765567946237056596e-01,7.158342436992974900e-01,6.655764070469358806e-01,8.110088788434831608e-01,7.594464978726267468e-01,5.074928780377341297e-01,7.708235051377526625e-01,-1.690934369835591089e-01,4.121939165627105384e-01,8.924306174487368626e-01,8.241578122099877390e-01,9.509374402518723235e-01,6.253299702953607486e-01,4.223658972240608711e-01,6.866566528132665992e-01,7.379210995338502110e-01,8.672442677177759629e-01,6.342983578470796635e-01,4.234630163005936310e-01,7.514832549619768765e-01,6.603082892937559567e-01,6.106532358767412516e-01,6.668853605264976059e-01,2.621089557150038107e-01,5.904428446027640831e-01,5.150867030646114619e-01,8.404803764367984042e-01,7.084070158547717266e-01,6.083101602414947573e-01,2.195850443427073695e-01,7.769664888977879658e-01
8.191446124011132479e-01,8.649740350142555156e-01,3.175296769781389417e-01,8.443335954734170201e-01,6.428379020581137526e-01,6.706755531602562881e-01,7.601164037722103473e-01,3.863856574472132044e-01,8.681836094149095739e-01,0.000000000000000000e+00,7.707316325273928515e-01,4.356495533791971964e-01,9.966393071412467108e-01,7.976964343693221382e-01,7.972713074286390533e-01,6.846035177634656188e-01,5.043701020199785612e-01,4.446284509315526212e-02,6.821230904513777560e-01,7.276135799793852499e-01,9.267541679975777047e-01,8.895250052757632808e-01,8.685078550281543075e-01,4.239174128672373310e-01,7.308152322447379889e-01,6.604564406788694386e-01,7.676555219729647161e-01,4.880489018174827831e-01,7.149771919129261910e-01,4.046197675130092097e-01,7.363644297506558578e-01,7.962290781599647982e-01,4.577073123742990135e-01,9.308696533604510215e-01,2.651586853507604258e-01,3.439829529152997334e-01,2.723363369231127651e-01,7.539055267452440257e-01,4.746764812073527295e-01,6.889285061294467827e-01,1.911746892663683806e-01,7.583625753990258511e-01,2.374929547790703144e-01,7.249186536595569885e-01,9.509898086475104817e-01,9.850397992009067849e-01,6.405801273741320578e-01,9.222752260939343083e-01,7.052243609327686347e-01,9.536695736484235297e-01,6.741024270837580046e-01,7.109700293359086931e-01,9.989198888151663569e-01,9.045602132539620754e-01,4.959325037845044859e-01,9.968026617614687002e-01,7.360467352645747585e-01,7.512953259394766770e-01,6.610023492213908947e-01,7.874320899007584140e-01,4.604813198384432593e-01,8.601906372122017919e-01,6.868195709597118004e-01,6.701704677365858398e-01,6.415771450997689307e-01,5.864242072079464130e-01,9.282180416587351157e-01,8.424323607220164378e-01,4.222646191464961563e-01,8.475053414958907405e-01,6.198623400667230277e-01,4.791175273926840950e-01,2.055971310664564053e-02,7.777329065498769234e-01,4.918008970744392472e-01,6.098977839542402135e-01,9.954224095335602041e-01,6.255613949739016189e-01,4.458470561556127643e-01,5.336632708421400473e-01,5.547487259306020935e-01,5.906500538247558829e-01,8.774721498696717026e-01,8.938089037922862801e-01,6.157226794446296614e-01
7.378660590129678676e-01,4.522370057916982877e-01,7.208707709447227385e-01,2.539774032043852214e-01,5.727437712070035936e-01,5.615169085348269418e-01,5.175347075908888206e-01,9.192966187555492441e-01,8.027145801752406662e-01,7.707316325273928515e-01,0.000000000000000000e+00,6.717525191021556097e-01,6.146763283299850888e-01,2.981272924472455621e-01,2.223800453161962898e-01,8.503442573698730689e-01,4.760415772221791020e-01,7.822298324141790937e-01,8.562966967355066794e-01,5.960960224838935950e-01,4.618630790559952737e-01,9.212340538369613308e-01,9.796776015994232978e-01,7.420962061631481976e-01,2.094238942912326207e-01,8.469625159262954561e-01,9.005552523677760046e-01,7.608030133577858845e-01,7.268692812257718794e-01,2.874558693445165014e-01,5.507746026786313198e-01,1.088645097975861065e-01,8.802391929908144341e-01,8.358110774730348469e-01,-1.732084729967953429e-01,9.343125962621641190e-01,2.050348760643634360e-01,6.965178625705603643e-01,4.959434713275475137e-01,6.221727719447085470e-01,5.438713967166419749e-01,3.778028873335359528e-01,9.865157449855155303e-01,9.235196512039121064e-01,6.255943190089126027e-01,8.442993921662157453e-01,8.261405335737804778e-01,8.514346340892539056e-01,1.395263565031492625e-01,3.087739793778777608e-01,7.884527947305499662e-01,9.091889890749702552e-01,8.940400745666506888e-01,7.545626294209515361e-01,9.059661738298304678e-01,6.165316255060618866e-01,6.811295677756149525e-01,9.282365123108184957e-01,6.651381269059889467e-01,6.684238899637242604e-01,5.200786308978119221e-01,6.919133164587306650e-01,8.745510469687642896e-01,7.124496796198543924e-01,9.306353082840816970e-01,4.077909531457075132e-01,7.585305248712299608e-01,8.718999739374426738e-01,7.304484902865172602e-01,8.975750429899167493e-01,9.763195405348403799e-01,7.760978923402201968e-01,9.152056753117439047e-01,4.360642287224185676e-01,6.033195672535829335e-01,7.723208880449885516e-01,8.830743428598667455e-01,3.977458807390802376e-01,6.277210102609009912e-01,6.420036158316688724e-01,7.322254860170231971e-01,8.369549820405759455e-01,7.548906902947548625e-01,6.758816629115425023e-01,4.221229147478838262e-01
7.217990315240144783e-01,6.103148598579316575e-01,4.230820810944643795e-01,7.273965377020222833e-01,6.440330402817900923e-01,7.072682586646490410e-01,4.628447002349380668e-01,8.545834001329735141e-01,7.828511274412429666e-01,4.356495533791971964e-01,6.717525191021556097e-01,0.000000000000000000e+00,6.176853634108525615e-01,7.412159315669033521e-01,7.548966476102138001e-01,7.525079326972980986e-01,6.489699798449132251e-01,9.069520721001456121e-02,7.359626113937274283e-01,9.000772908274716766e-01,8.027342218875866964e-01,5.686813007006481513e-01,7.652399554570381568e-01,9.117793319618907599e-01,4.072915762951748175e-01,7.519299434013720917e-01,7.627431559479155299e-01,4.322562260876161577e-01,2.451457562435033766e-01,2.615113808611307933e-01,6.057926298766224127e-01,4.952162566073166072e-01,9.070065829138466151e-01,6.229716788601056265e-01,2.267809322112471770e-01,2.373646222303069098e-01,5.297927196580223264e-01,5.849342472615755018e-01,8.303744088436109116e-01,8.144029729226341940e-01,8.774376912149697283e-01,6.532301343724598031e-01,8.785158529423466867e-01,9.282391868737353002e-01,6.866851201400577809e-01,7.415498236408170074e-01,6.932856973680470158e-01,7.325429683380954016e-01,2.631210405136744646e-01,6.543822969464866413e-01,9.972465415910919395e-01,7.722636988607542996e-01,9.416513341232689571e-01,6.935184608726440159e-01,6.787898885091661061e-01,8.880098766023630796e-01,7.395594906777218647e-01,9.413219867637233618e-01,8.009171550481996027e-01,2.922566564923391175e-01,3.271259651487001818e-02,5.487060680750730501e-01,-1.736283416722091966e-01,9.926459629362355264e-01,8.430465020373628660e-01,5.224003008379116686e-01,4.959564325879311508e-01,8.624768691478383875e-01,8.773166961259883934e-01,7.944679116395054752e-01,7.842869505753642390e-01,5.147623778634689007e-01,5.053927273146158194e-01,3.896344961954671948e-01,3.859906752591922841e-01,6.704994857038946154e-01,6.526787812566746672e-01,2.722663037455623214e-01,5.210987551253093431e-01,4.798361157821251499e-01,9.503073806958088898e-01,7.957274646817140695e-01,2.046373895695549616e-01,4.673034820245122734e-01,1.060468732849225298e-01
8.035465434687989461e-01,6.079512710542258613e-01,8.809596180470695703e-01,9.062700883216322501e-01,9.434676195602351711e-01,2.454436759084584752e-01,2.460553240490311322e-01,8.731621229042257903e-01,9.396595958520816971e-01,9.966393071412467108e-01,6.146763283299850888e-01,6.176853634108525615e-01,0.000000000000000000e+00,8.599689645410499850e-01,9.421961540628256415e-01,4.911493218800300764e-01,7.314647804188074698e-01,9.054555131060846307e-01,7.990159549753639290e-01,4.488413420916413932e-01,7.416258708672687217e-01,7.996623346053233217e-01,7.767296071285596515e-01,7.521958970561198887e-01,4.357280457963346176e-01,7.989648428874642772e-01,8.108195946078274874e-01,9.278122522095949565e-01,4.467093308314410427e-01,6.341463182809566890e-01,-1.204277581203871961e-02,2.511105332945297031e-01,7.064210625230443741e-01,6.707738006051243707e-01,3.501255914075048770e-01,3.702581792356823831e-01,5.802267429073946214e-01,8.182802782617261128e-01,5.639144425044440023e-01,9.524031004637290021e-01,6.801387790372539488e-01,9.753986488572551350e-01,7.757329812248920931e-01,7.006216453044766812e-01,6.221735473808986949e-01,7.918599245989088597e-01,9.372751561709404822e-01,7.596352452205734629e-01,8.633047096657061603e-01,5.675475587088399942e-01,9.878725921295342660e-01,7.289187436120786456e-01,4.427419014413087606e-01,5.191629513952302766e-01,4.066033463267718640e-01,8.361928147471378026e-01,6.579510697026713650e-01,9.587542080598142613e-01,5.474474472106762857e-01,2.733743341131611437e-01,7.108170034077455623e-01,5.359805546051024105e-01,4.438292309333909391e-01,8.039637220648904181e-01,5.088330379112082635e-01,7.524633733536653102e-01,4.191236846101046853e-01,8.849748619132149496e-01,3.903896790657664095e-02,3.433619587590499012e-01,6.755961150581817343e-01,8.301213122801417432e-01,1.838081047409180213e-01,5.821822845668879198e-01,6.372676806469029787e-01,9.761910760548546673e-01,6.331980827687758717e-01,6.872047880395475428e-01,6.120941207164531939e-01,5.771127470219750144e-01,5.008339151903026254e-01,9.023910828104562132e-01,8.377574366636623138e-01,7.860053192526295085e-02,5.692647512901315432e-01
9.517645949091475543e-01,9.747183818133008382e-01,5.721489033869896490e-01,6.873450432012651046e-01,5.745953287808336363e-01,7.401754906870839923e-01,4.206773639517265018e-01,7.181020620441204150e-01,6.508171821800466939e-01,7.976964343693221382e-01,2.981272924472455621e-01,7.412159315669033521e-01,8.599689645410499850e-01,0.000000000000000000e+00,6.225209680546308633e-01,7.236108717172342608e-01,9.639891283676724765e-01,6.704671535411712568e-01,4.933119873534357880e-01,7.918188653987260350e-01,9.002206197734625714e-01,9.197435613346125471e-01,7.363914721985395095e-01,9.945100114160756455e-01,6.377913728762362178e-01,6.174965320160569204e-01,7.552765660611889809e-01,7.640837398144375570e-01,6.675697572804666358e-01,2.429264085908749427e-01,7.632488654896801838e-01,6.673064398553828491e-01,6.388537207147907404e-01,8.867751178700984394e-01,6.724833128231874069e-01,7.598637861024237772e-01,5.172854296415274611e-01,6.494033399609394630e-01,7.997350808053905330e-03,7.241910161619801167e-01,-1.495466464793010763e-01,8.704737817095644647e-01,9.737195554674275000e-01,4.113044107909260005e-01,8.124498792657599555e-01,7.898897094851077272e-01,3.047565434701697273e-01,6.164524587570658909e-01,9.784190680713765742e-01,4.019233503138275321e-01,9.572946760078053785e-01,5.301207148228360699e-01,6.154280428762216593e-01,4.335907037088910787e-01,8.641792081654835478e-01,5.717623208223278075e-01,6.598702454988237820e-01,4.961679264411439916e-01,6.286721435314012174e-01,2.600539363272637572e-01,4.179378302115838162e-01,9.495900598464124265e-01,6.371604496389094985e-01,8.485572480622399771e-01,8.165653943325051900e-01,9.383835039468786388e-01,4.413493208959048397e-01,4.864711551595423678e-01,7.527952016022065873e-01,4.791794925790116566e-01,7.854632752287142861e-01,8.274086966680798128e-01,2.280601264193171107e-01,9.112101780157692010e-01,6.715041332968669785e-01,9.904058097080454814e-01,4.948572558312486769e-01,6.893162610019488712e-01,4.672620848848669795e-01,2.283372081044625357e-01,6.343588015351390164e-01,7.309933460780967396e-01,9.907050575455540464e-01,9.149163249773754059e-01,3.645882857358720974e-01
7.490554357356524751e-01,4.088350822590562927e-01,9.678958082535819019e-01,6.098664109728748617e-01,7.063488294399249412e-01,3.493964794077658587e-01,5.508032499361508183e-01,5.318675768061403852e-01,4.865843075913199312e-01,7.972713074286390533e-01,2.223800453161962898e-01,7.548966476102138001e-01,9.421961540628256415e-01,6.225209680546308633e-01,0.000000000000000000e+00,6.153123601607052295e-01,7.460580911742532573e-01,5.183278058275962996e-01,7.454531631008792791e-01,2.631191255373035442e-01,4.689748407557193799e-01,2.882444352972055590e-01,7.065285904168971953e-01,8.476654789685210689e-01,9.155151512511238154e-01,7.383130021095301032e-01,9.901501393831351194e-01,5.806031813120454688e-01,7.853445593965843186e-01,5.966324361382761010e-01,3.707272220524242545e-01,7.667751970375829007e-01,6.695904143401304465e-01,5.718525608823470385e-01,5.444760748440471421e-01,6.635249574299222353e-01,4.156447829615664280e-01,7.681804228325880279e-01,9.712456415833837786e-01,9.671015628687115173e-01,3.543481087028746424e-01,6.430862178962107878e-01,6.422115090935773818e-01,5.086190624902381385e-01,7.072077084496897204e-01,5.053327421268183350e-01,3.662848315471650684e-01,7.062924529799700091e-01,4.060360997706798925e-01,6.305855194683157583e-01,8.909366713693156470e-01,4.408375102564138781e-01,5.659238352398681116e-01,2.294636801108816404e-01,7.615527526687345672e-01,6.003719977301243960e-01,5.194204714233515707e-01,7.860814944055154463e-01,6.336155423391207631e-01,2.496482501047475600e-01,4.980485676644326731e-01,6.170669347848254382e-01,5.244415189481012041e-01,8.692645344213513203e-01,7.309836743821997995e-01,7.889196375627245406e-01,7.717567731410305276e-01,4.169447142589235988e-01,9.517593555822170259e-01,7.432551015882572498e-01,6.868790162434618152e-01,2.068399539616346816e-01,2.108372735200291781e-01,3.710976824987906042e-01,6.957770183240702400e-01,9.501785380659473201e-01,9.794727958957896163e-01,6.368913226792811688e-01,3.358878454287809179e-01,2.635312186844989690e-01,6.543195275956945611e-01,1.273750724541043017e-02,7.816261629079207518e-01,5.041452700503872286e-01,7.807664538610067373e-01
6.214826624336992067e-01,6.759491852157633041e-01,1.427611828072313793e-01,6.082176930829058525e-01,4.411285957691462589e-01,7.420051102432730916e-01,1.469775112034356901e-01,4.068491233479021307e-01,8.871153186707508853e-01,6.846035177634656188e-01,8.503442573698730689e-01,7.525079326972980986e-01,4.911493218800300764e-01,7.236108717172342608e-01,6.153123601607052295e-01,0.000000000000000000e+00,9.095269205488146769e-01,9.650625596144000173e-01,9.129128159071581150e-01,2.132807379769316170e-01,8.555794707083519413e-01,7.329282212600982671e-01,9.231659980730170245e-01,8.190285332674672736e-01,8.696646139179500246e-01,4.882610618724011475e-01,4.254790175700419730e-01,9.637134080883884568e-01,1.999820201173325984e-02,2.761426888529244783e-01,3.945110344983315254e-01,8.497502021400773486e-01,6.093941769101618444e-01,7.156233092853463429e-01,5.787978691254331842e-01,3.655557894531566432e-01,4.030420814503860583e-01,5.761518425771754437e-01,8.384702303997806361e-01,8.676712637418619867e-01,4.445854806969382067e-01,9.958095500024274349e-01,8.922418976748518471e-01,8.959657624830017486e-01,7.180588912749504837e-01,8.688727420513000510e-01,7.064243320109374613e-01,8.327658237854942413e-01,7.571301621524068048e-01,9.044405123376245692e-01,4.088698684163650232e-01,8.507087033223338368e-01,7.507352108480547237e-01,4.787854077443910450e-01,6.195415039313810768e-01,7.694375784077940317e-01,8.111347514407305503e-01,6.050929790325491053e-01,5.030545090696307842e-01,5.080647437302849845e-01,4.856476156654593312e-01,3.483854872802498726e-01,8.372535471534771068e-01,9.529832117024884530e-01,8.745968073599049708e-01,4.137571432804066363e-01,6.850233177924273109e-01,7.768495156975555593e-01,2.302886819978719746e-01,4.279851502211098335e-01,9.393490202890487639e-01,8.718706470943653475e-01,5.103107145904319797e-01,1.723694523929432676e-01,6.096144929210755015e-01,6.025058793446669281e-01,4.739836595118042673e-01,1.601527964447239105e-01,4.645112562057127636e-01,5.878886704597410251e-01,6.572141725549740521e-01,9.636281668062853800e-01,7.807687084688869072e-01,7.075433488691453832e-01,7.864009766856958628e-01
6.798864471622091399e-01,4.302669848721019097e-01,2.433842404532460257e-02,6.442323866937731403e-01,9.166923627983986078e-01,9.802705964969209429e-01,8.189549637323032538e-01,9.937618780026623577e-01,8.195523781241003114e-01,5.043701020199785612e-01,4.760415772221791020e-01,6.489699798449132251e-01,7.314647804188074698e-01,9.639891283676724765e-01,7.460580911742532573e-01,9.095269205488146769e-01,0.000000000000000000e+00,3.320769581229284784e-01,6.078064771246989295e-01,8.941924158399771061e-01,8.923466242630602174e-01,6.191422466575859929e-01,4.022374872650179012e-01,8.156348731592902856e-01,8.805025841734135383e-01,9.893073229982265460e-01,8.460537755348687128e-01,7.958403879385881341e-01,4.152776186615981246e-01,7.918008952666030220e-01,4.082510184127863817e-01,4.123126967336409598e-01,9.422008437715028162e-01,8.751655455471915035e-01,9.088133971616813023e-01,7.945027560076135531e-01,6.768657997892786327e-01,9.838008443435459771e-01,8.790493952874430805e-01,9.417429510892642019e-01,6.013190864157630378e-01,6.823436759014041009e-01,9.079153407645507157e-01,2.236821550619140508e-01,8.584445713817709933e-01,8.691415010070657754e-01,9.909644610262955400e-01,8.823667374237817995e-01,5.947367632009905591e-01,4.135100285805363152e-01,8.850308431427932332e-01,8.820235963754849973e-01,9.269851053720439271e-01,9.855989636333974957e-01,9.872402479030427669e-01,8.637295507573541364e-01,7.901253234085705568e-01,1.787272998851518191e-01,5.291230442361330999e-01,2.676057862490981987e-01,4.194023603143281487e-01,8.083763103037543418e-01,8.336454213082838960e-01,7.459182656481622153e-01,8.529962011028999758e-01,4.028122107310903588e-01,7.097920938647949152e-01,8.583311321528821480e-01,6.325321470791187561e-01,9.834873619944497491e-01,8.440519770538612576e-02,9.237138867768837081e-01,2.076282024262614823e-01,5.898248948330474528e-01,9.429060911598362571e-01,4.627660037219347156e-01,4.000726675067811655e-01,9.074570288080189284e-01,3.638841174233978792e-01,4.541692987141859317e-01,4.831366939746317146e-01,6.415883098537900064e-01,8.781039577420504116e-01,2.381556572252577497e-01,5.171640596116539035e-01
9.832764325208556144e-01,4.739080500438305754e-01,8.458737692530103880e-01,8.685140597456082467e-01,8.288802358692796135e-01,8.879617440500137127e-01,1.112281508677038372e-01,6.463645740902491665e-01,7.646822593393495238e-01,4.446284509315526212e-02,7.822298324141790937e-01,9.069520721001456121e-02,9.054555131060846307e-01,6.704671535411712568e-01,5.183278058275962996e-01,9.650625596144000173e-01,3.320769581229284784e-01,0.000000000000000000e+00,4.116002295916577625e-01,9.652850345075003613e-01,9.451463824845178774e-01,9.072986865323707795e-01,9.472221407772634105e-01,9.338305286896944057e-01,6.855155937892665197e-01,9.556337984688160203e-01,7.431865434241042845e-01,4.001197666317535262e-01,6.293602229477426313e-01,5.683348699069938892e-01,5.245556931934940437e-01,6.410624647462582759e-01,5.679435535979867611e-01,6.236470202889521364e-01,3.616455436987792149e-01,7.823479985474064424e-01,3.453974793572327506e-01,6.393376700179302929e-01,6.158594715332992298e-01,8.734013586446218724e-01,8.838621144457030621e-01,7.114742240684903685e-01,4.915806200133217008e-01,6.565122216592836901e-01,9.283401431414787242e-01,6.120170332822862935e-01,6.775000241436077708e-01,9.801075482896971502e-01,6.174489915849805666e-01,6.963561932772392993e-01,8.866573500598489144e-01,7.983531175611613406e-01,6.045845081869821724e-01,6.087666836479364019e-01,1.775026028172971282e-01,7.814105810735165747e-01,7.568046389508552574e-01,4.929130357673093821e-01,8.780815040575691288e-01,1.960832905773841062e-01,1.176064078573433175e-01,3.348816327532432302e-01,3.802232074304742748e-01,6.695160898785187387e-01,9.770277776520998048e-01,4.515491183340163417e-01,9.535467153230126058e-01,7.359910342175777220e-01,3.831776952892271826e-01,9.615547004299341838e-01,8.511830826221850055e-02,6.062406125872008555e-01,1.893414360846134015e-01,4.283053891154001147e-01,2.451670545238469889e-01,6.832498767349605151e-01,4.377219868157984917e-01,7.694409593347205645e-01,3.823288855976205713e-01,6.159621113365160161e-01,2.157743425845871088e-01,8.563490475907358235e-01,8.478053811953312202e-01,4.964887953174868529e-01,8.448562776683303799e-01
