0.000000000000000000e+00,8.004264911312660713e-01,9.527593941939849209e-01,9.276589388545679604e-01,8.830581247829782932e-01,8.921818706809721000e-01,3.177652491294963855e-01,9.644270309894213966e-01,6.489007952218091013e-01,9.320121011153154056e-01,9.584249957180647206e-01,9.251817705938235603e-01,9.277699834236502463e-01,4.976263822619575450e-01,9.459581454534587985e-01,9.692220117553742575e-01,5.406160101549977171e-01,9.944768536999086805e-01,8.298013684057680139e-01,7.071044298383625248e-01,8.161674505726457252e-01,8.136716005896831305e-01,8.983629378873543292e-01,8.563984901184384935e-01,4.134615183399542593e-01,6.238527271293009546e-01,9.660666808732920607e-01,8.017777667025066668e-01,5.539677026849132435e-01,2.736698357103273249e-02,1.015438136888055232e-01,6.035498199788572604e-01,8.635829941160820811e-01,7.986902332925643888e-01,7.822890342239852135e-01,5.469999905306946464e-02,3.100769372192611062e-01,8.791786249784510066e-01,9.579925176889709793e-01,9.013898771760253670e-01,7.008778938683264403e-01,9.166226722751174005e-01,8.117803413315711758e-01,8.741049043933714069e-01,8.664716063070427854e-01,8.124727520022647642e-01,8.046152437761715515e-01,9.374066098185229734e-01,6.470950481773029006e-01,8.991304620457853947e-01,8.272084790757293637e-01,8.747497440857001649e-01,1.766212468296397553e-01,8.851546725410727179e-01,6.029409553277990108e-01,8.073005117357637817e-01,7.217758110527949800e-02,8.253639438956306140e-01,9.209235544528791839e-02,4.064056504972269890e-01,9.984180107962281614e-02,8.625440327612837743e-01,9.415761694418280925e-01,7.486121916100472173e-01,8.924222715499831038e-01,7.371798887167096970e-01,9.913525642664841042e-01,3.187703050537444849e-01,6.023249803430072991e-01,5.939794037106289615e-01,8.011684286550493361e-01,7.643572288878077714e-01,7.912419835377686450e-01,2.344331836078547837e-01,7.894235031060918839e-01,4.308701479505259724e-01,6.921287456149071149e-01,4.187040815004474670e-01,5.483821309114857989e-01,4.337657565384616110e-01,7.809940868975134842e-01,9.657314535299303948e-01,8.609544901116771287e-01,6.401534133543288485e-01,8.362927796532872993e-01
8.004264911312660713e-01,0.000000000000000000e+00,9.302063915089594515e-01,7.636445528439109731e-01,9.703876780204854224e-01,7.860188886243858475e-01,7.651597118692532451e-01,9.245309483087854607e-01,5.544282217872060770e-01,9.952262421074546950e-01,6.845794490376605479e-01,9.425432191903528878e-01,9.775877063218528784e-01,5.158502537910749641e-01,4.711479566738338010e-01,8.227812016736879563e-01,8.327492406662807545e-01,5.742525235271760398e-01,7.389729418342471101e-01,9.573335062228428560e-01,6.555447115914194711e-01,3.813062437047785580e-01,6.135502426723817848e-01,4.800019296657252466e-01,2.194525490520325417e-01,8.456907104389864704e-01,5.284998499695281460e-01,4.773272628318499522e-01,2.075654037262197049e-01,8.314515680183136581e-01,2.826722019004416220e-01,2.621535789325244448e-01,8.345057397059849613e-01,9.512960196538453594e-01,2.419262092657642471e-01,6.286733386355329856e-01,4.046935266484626148e-02,5.014434341271059026e-01,9.328330853205635265e-01,7.733562205362778386e-01,6.055899698160829292e-01,8.322757789033848885e-01,8.776096769293773026e-01,2.539323894867223652e-01,9.903693555372844459e-01,9.685137949038726823e-01,4.260151113429461733e-01,7.996188649224957867e-01,9.272235745279032715e-01,7.451822636585168080e-01,6.328109555967951216e-01,8.853652639933717872e-01,3.684049361539229461e-01,4.398344238153845120e-01,6.432116082711593075e-01,9.227452057816664110e-01,4.192077002504026595e-01,6.507713207560847923e-01,9.110972779916793884e-01,4.082238466221695117e-02,-1.121962595053066225e-01,1.332033239706118533e-01,7.744842996871920127e-01,9.244346337321514007e-01,7.785381855251513050e-01,8.609979896570600921e-01,6.059873514913064474e-01,7.903684951458695984e-01,1.957071968230304077e-02,6.908199536645556194e-01,7.931168669013918260e-01,9.323935306895917430e-01,5.748545797692876658e-01,4.022886673412210401e-01,5.785683949719370167e-01,9.606686412705155442e-01,8.154782816915118193e-01,7.208589372726686983e-01,4.970659772508130292e-01,6.664375462365447200e-01,6.057860708195608179e-01,7.293149945232098030e-01,8.974917230604032570e-01,8.642176972334478791e-01,6.728172602570644534e-01
9.527593941939849209e-01,9.302063915089594515e-01,0.000000000000000000e+00,7.906989763746425925e-01,7.385763901131783271e-01,7.369773458003716637e-01,6.830974805302812980e-01,7.041823292668987211e-01,6.278408163971044287e-01,8.146608392523125852e-01,7.979375710332439198e-01,4.828808964595326381e-01,8.858047113155355090e-01,6.786458553015874973e-01,7.463857534863280740e-01,8.900283173413356952e-01,5.172292843845541777e-01,7.301152278519317251e-01,5.953226314580033485e-01,5.091129785949400910e-01,8.870125328751735649e-01,8.596026881629004190e-01,9.602936900474791093e-01,9.965030538829600104e-01,6.868082637738762708e-01,5.676419095761146005e-01,5.544459894576522219e-01,8.388568435398483514e-01,6.283078405587677606e-01,4.028103379768960268e-01,3.367408325218378407e-01,7.616636836753827300e-01,8.448083060423152713e-01,5.879816924640668407e-01,6.268859679458944623e-01,5.429923095001631950e-01,-8.701044477244845865e-03,8.668633106452827697e-01,5.211929185882250293e-01,8.057828401924680417e-01,2.515245553716202176e-01,6.384732207611107935e-01,7.963699864051925204e-01,8.747048226078264488e-01,8.651544784547742228e-01,7.301670998726240702e-01,7.176388582909957181e-01,8.796348416578638751e-01,4.423105971509969092e-01,7.284932975505957753e-01,9.829232647880477014e-01,2.552684220819489980e-01,7.182600810861652363e-01,7.484219295954552820e-01,4.376536629156249081e-01,7.063338870228794697e-01,4.731567663092668963e-01,5.578917377252725629e-01,8.680367853240666953e-01,4.809977703119047154e-01,9.381169907026201682e-02,9.025506693235669786e-01,9.078528629209151601e-01,8.956347365407006933e-01,8.408485126689659861e-01,7.856556741650767561e-01,9.192041225837582763e-01,7.290384206136306666e-01,9.874780843970815125e-01,9.922395240642046810e-01,8.387383764647040607e-01,5.533891435670659220e-01,5.161894893414598062e-01,6.193261676448074127e-01,9.727426213411248801e-01,8.750322599608141294e-01,7.906892514630031732e-01,8.448024246200108722e-01,2.281830496971851974e-01,3.365936517826102481e-01,9.255319520356503071e-01,9.153334736017287865e-01,7.546112589831892592e-01,8.942351879899169687e-01,4.413651649633589802e-01
9.276589388545679604e-01,7.636445528439109731e-01,7.906989763746425925e-01,0.000000000000000000e+00,4.021959782856507903e-01,4.816154335159833488e-01,6.161288729673228826e-01,3.827134826188627326e-01,6.614367936093245026e-01,3.823319344377500428e-01,9.268050777711396293e-01,8.950221390102441887e-01,9.977230265765162365e-01,8.950949182925828085e-01,7.010286777482886977e-01,9.149030747845489087e-01,7.716377424984800504e-01,6.826498002819026967e-01,9.502320984180601116e-01,6.392996285326179029e-01,4.393914154565093377e-01,9.409116893792521807e-01,6.664920261859790251e-01,6.267040746684843233e-01,6.765016905124090485e-01,8.889059176720561783e-01,6.796913743814877451e-01,6.426372047050031844e-01,4.501081062808833799e-01,1.722498741698834657e-01,5.336967387329754481e-02,5.038665702702221916e-01,8.687089700612964371e-01,5.449296143551188853e-01,6.315050105615809262e-01,8.656084577371273570e-01,4.335155831677144772e-02,5.295953176008483254e-01,9.330169917853949890e-01,7.804126699045348392e-01,7.935688449054837390e-01,7.405880956855539488e-01,9.631647022310441120e-01,6.438497094039019597e-01,6.005528740697227974e-01,8.992529848184255270e-01,9.935005150818008168e-01,7.692852410356759707e-01,5.181785129877746199e-01,8.451292284607646588e-01,6.311360070871935291e-01,6.422912755538066065e-01,8.029430753634654305e-01,6.651706002634458770e-01,3.717008335421000398e-01,7.579322948320059705e-01,9.477930650154346992e-01,9.301616424123693161e-01,8.454583415311888173e-01,1.824807327838899595e-01,4.588040469967525348e-01,6.993982319404272729e-01,5.684092807499283584e-01,8.817634887791390153e-01,7.468997259650242970e-01,8.413137493124946964e-01,3.348652155036853095e-01,9.406353051961822143e-01,7.164787807678969500e-01,8.007873821384050572e-01,7.207192457289444132e-01,5.947210068307864361e-01,2.854209409165614497e-01,-1.261200339482636545e-01,6.707145877988901495e-01,9.009677727759222154e-01,8.193588776413670560e-01,2.439527721267977234e-01,5.428733190081884707e-01,3.420492684135930106e-01,9.423956359560142770e-01,6.355658509844175352e-01,9.227216237977735602e-01,7.072637452654020329e-01,9.118047006474835348e-01
8.830581247829782932e-01,9.703876780204854224e-01,7.385763901131783271e-01,4.021959782856507903e-01,0.000000000000000000e+00,6.522712484960226931e-01,4.424401720870249077e-01,6.300891763154098379e-01,6.366567353007280827e-01,8.708498381874544281e-01,8.496294413924280198e-01,7.728564381374219971e-01,7.099053154216519168e-01,8.610679714152307263e-01,5.614489149507192467e-01,7.459425539059588717e-01,6.653844471039427333e-01,6.875528652246261085e-01,6.022249053773565119e-01,8.263168599787411583e-01,7.058394983830215130e-01,7.742124208552575437e-01,6.751342092245443682e-01,5.920140870205194972e-01,8.785501731126023062e-01,9.666835062205269002e-01,4.485351640569964493e-01,2.713784491222539508e-01,1.173696375528711089e-01,7.252963743864149215e-01,2.037572675822665880e-01,9.408600827643605058e-01,6.552904005673820809e-01,4.963082323833639675e-01,9.368453975485789842e-01,4.553587854040558880e-01,2.431968824878705335e-03,6.877179930868779767e-01,8.225304769473249511e-01,4.222746471884169517e-01,5.749237232154620347e-01,7.639664423414762595e-01,8.847992301865829079e-01,5.750571166889476560e-01,9.939346131845989696e-01,6.590295113775183067e-01,2.882849974571946583e-01,4.222065400558611681e-01,6.074050493755902558e-01,7.023656145662904304e-01,6.913160112586586026e-01,6.445519364705444287e-01,9.548037904465630499e-01,4.690978400868321407e-01,8.729582940287901049e-01,5.680283302034718762e-01,6.557815130200294051e-01,7.908314833210003947e-01,8.833521759121287786e-01,3.810726992301354255e-01,7.175290531643956360e-01,6.158572362853497184e-01,8.629792010974205452e-01,6.973743142570161258e-01,4.763323754468003490e-01,4.692688002135915748e-01,4.586669538461720097e-01,3.059775179853829186e-01,4.592394087498052890e-01,9.310040823594638582e-01,9.970489070715091717e-01,8.985919987235965189e-01,4.187078972991516990e-01,6.121579189065293747e-01,5.333566874519355405e-01,7.141559416724649889e-01,6.432548755228258974e-01,7.897261581437996503e-01,2.834190424889406756e-01,7.143377628271375679e-01,6.958293289754005073e-01,9.003739957646489378e-01,9.190710625557378943e-01,5.788381363138896951e-01,5.337469982362661458e-01
8.921818706809721000e-01,7.860188886243858475e-01,7.369773458003716637e-01,4.816154335159833488e-01,6.522712484960226931e-01,0.000000000000000000e+00,5.392627546143934358e-01,7.061060859843585336e-01,2.513321995709023593e-01,8.455124089514745034e-01,6.924384297757735229e-01,5.283450669977569625e-01,6.351645579593199198e-01,9.643863122037219515e-01,2.565161159430066062e-01,7.137905634419112744e-01,8.556224154023083228e-01,6.414984785431022685e-01,7.607075156959699491e-01,7.834054900562166246e-01,9.196768272312277892e-01,4.410604491148586437e-01,7.978511535970722601e-01,8.473469992588413824e-01,8.198809368864040659e-01,8.343113640024182320e-01,4.465924880491137228e-01,6.485653061354286208e-01,9.580048940584524608e-01,3.504163512681979786e-01,3.985844407819818525e-01,7.443864859287916413e-01,6.949099546464900801e-01,3.906333053910546749e-01,8.746992584120586445e-01,7.361084100567568678e-01,6.057817637258315902e-01,5.976589326575287853e-01,8.056982051319117044e-01,7.999652123801703762e-01,2.406297373578090426e-01,3.545864230137522055e-01,8.174646496000422813e-01,9.160300275542703208e-01,8.201579170160233634e-01,9.676824566171043918e-01,6.794458787135675415e-01,9.716616103744286637e-01,4.143750889729028164e-01,9.923272480237690374e-01,9.392007209026699277e-01,6.504455725192471727e-01,4.916659622643284600e-01,6.353560742956054774e-01,2.364056998046524805e-01,3.129183231671776033e-01,2.110867705675169848e-01,6.933955534423557054e-01,4.982137646856879543e-01,7.995673934781639680e-01,6.517635867640667602e-01,6.018176109510984251e-01,4.574175657424235375e-01,8.918940278500472330e-01,7.847977928897191813e-01,7.638407144987416908e-01,5.581841801958027371e-01,5.237287772371754802e-01,5.276105243140475354e-01,8.190860377699181738e-01,7.158172921014047674e-01,6.650641312680232176e-01,5.183937767698582055e-01,3.755177564682311564e-01,-6.510653714138767145e-02,2.500360372975032330e-01,8.929512448516681022e-01,9.135656480659110068e-01,7.077726820682185283e-01,4.130707829192155622e-01,2.625494259656613403e-03,7.353594768199454013e-01,7.173151269533800667e-01,2.479146252562289543e-01,9.144938903986886691e-01
3.177652491294963855e-01,7.651597118692532451e-01,6.830974805302812980e-01,6.161288729673228826e-01,4.424401720870249077e-01,5.392627546143934358e-01,0.000000000000000000e+00,8.866716517347966731e-01,4.507631992151781564e-01,7.667113735704238486e-01,2.704380786421708427e-01,6.720016697719928267e-01,4.370768997485222629e-01,5.106154333302382886e-01,7.323969823196413431e-01,5.218795874469707163e-01,6.257716847538160598e-01,8.050134834009055051e-01,7.836805265585978786e-01,8.984782333270153742e-01,7.838985141575866011e-01,4.954778423579756508e-01,4.360328051704449037e-01,6.344345828717290470e-01,3.955074494107234662e-01,5.584671025657403920e-01,7.428386141483680483e-01,5.736091392669171452e-01,3.834026117939358658e-01,5.232413090876625317e-01,4.012640807759956796e-01,7.401280363141804486e-01,8.520209288587454743e-01,6.084238611477988945e-01,2.927696859363843052e-01,5.928149516710976563e-01,3.905269931469950162e-01,4.384747221816255314e-01,5.398283567229533730e-01,7.203283133783319192e-01,6.567585942855940218e-01,4.728562828079649893e-01,4.592748356231535212e-01,7.605695713816349457e-01,9.313333729062909239e-01,9.971246839099989767e-01,3.749105809534775124e-01,7.706226031990887071e-01,3.021297260044433775e-01,1.036571018544981959e-01,8.897557816406883591e-01,7.254719540679307466e-01,3.859317476628199572e-01,3.717926442428677314e-01,8.847202000887822715e-01,5.653837186416282856e-01,5.538717972222129138e-01,5.310175895036322036e-01,9.900465102438587017e-01,2.347323528272006743e-01,4.885244170160706889e-01,6.023579100882756610e-01,7.874269171859599181e-01,9.407418952448329819e-01,4.009948549598616463e-01,5.676851224468002499e-01,7.844523138933778839e-01,4.390790679716605749e-01,6.509017046275527019e-01,4.643765298327924285e-01,2.983272612718741446e-01,6.130332900111996608e-01,4.096198061422463566e-01,9.185505476208851716e-01,-1.375397824720459017e-01,4.192630092378569207e-01,6.654130597888643361e-01,5.204820748882177384e-01,3.677466642493327220e-01,1.771338596691646172e-01,7.640708403464758769e-01,8.230208781367999160e-01,1.035749103851527214e-01,6.053942634590555594e-01,3.873106298429082606e-01
9.644270309894213966e-01,9.245309483087854607e-01,7.041823292668987211e-01,3.827134826188627326e-01,6.300891763154098379e-01,7.061060859843585336e-01,8.866716517347966731e-01,0.000000000000000000e+00,6.020256356753143079e-01,6.883574411345404487e-01,4.722829293893281433e-01,3.007975064925551001e-01,7.916471604201196222e-01,8.846650683863087616e-01,9.983135010344703630e-01,4.513398116881228161e-01,9.270828271629208972e-01,4.178582195599699900e-01,6.974055610138834016e-01,9.491909534696185702e-01,9.527461614124033140e-01,5.286378630003271129e-01,6.952398899103057195e-01,6.385624688937799887e-01,5.085603126219463421e-01,7.800626850804941448e-01,6.881183537034354369e-01,7.872271949878244524e-01,3.914614679001059416e-01,8.355771018023562258e-01,3.769476219491726399e-01,6.041821743002984135e-01,7.365905685865653529e-01,8.495240153578867970e-01,7.072483435955120301e-01,6.563891883933534732e-01,6.459856441206840438e-01,6.428627269041883308e-01,6.393633872396403683e-01,4.999398874282400262e-01,2.174436908440832705e-01,-7.314564571126883075e-02,8.606754884158600571e-01,7.925429956912533047e-01,9.139774663964503887e-01,8.466852145178880296e-01,8.917693763365922011e-02,4.942025350719287391e-01,4.988697920976613576e-01,2.090573800252420456e-01,8.387154596609721624e-01,7.340880824608572164e-01,5.054267719615295196e-01,3.975111554272531267e-01,5.509082975992682929e-01,6.179759633898213034e-01,8.924022261314684679e-01,6.941044619500645885e-01,9.279459877323341654e-01,2.038493467212766919e-01,6.821129903181160081e-01,7.402791633163254836e-01,7.033924174350862923e-01,8.693337667864213802e-01,5.336357140245373554e-01,7.665642588109808919e-01,5.821821207205195581e-01,8.550492587526845600e-01,4.242099260829899077e-01,2.432188032857746374e-01,6.061528700503313605e-01,4.741849235577101362e-01,8.094495888394742655e-01,7.852547555559356018e-01,9.705544866555972927e-01,9.101582702020575288e-01,3.777341394498295868e-01,6.017996941353694895e-01,1.944782379464717881e-01,-1.841960057844460596e-01,7.358443515085199005e-01,8.123203933288091205e-01,9.522448006362886908e-01,2.198182543810204004e-01,5.842176758747854581e-01
6.489007952218091013e-01,5.544282217872060770e-01,6.278408163971044287e-01,6.614367936093245026e-01,6.366567353007280827e-01,2.513321995709023593e-01,4.507631992151781564e-01,6.020256356753143079e-01,0.000000000000000000e+00,6.234801724006956425e-01,9.939067747825696131e-01,7.636362483278461566e-01,9.403705703053237830e-01,5.311483318207385063e-01,5.694614230265693244e-01,1.783655821202320413e-01,5.126848225796140079e-01,6.782853664504632230e-01,9.270604001750586409e-01,5.667847943246036024e-01,8.717358681731922632e-01,4.275738040153132524e-01,7.690836206409349396e-01,9.431717267985488817e-01,5.604883036860224266e-01,2.009293224810513451e-02,7.447817190362717721e-01,6.415643990191771673e-01,4.099356856342505906e-01,3.560608791217098057e-01,4.778576304576048761e-01,7.947525807242761253e-01,7.618469805967154063e-01,6.128196137878458849e-01,7.697705897029039068e-02,-1.527443734707253920e-01,4.894647390853896773e-01,6.202433189878407971e-01,5.647503412561196701e-01,9.221658592518187092e-01,2.173042953457025583e-01,3.816959497359707632e-01,3.519502530228498793e-01,8.995226149163130236e-01,9.167157355753687842e-01,7.754089091293205893e-01,6.629006390612464106e-01,7.726764981909274299e-01,7.985560007778330638e-01,9.298998398820683686e-01,6.749179164942079590e-01,5.136455608724076471e-01,3.826759539418680967e-01,5.370398510075450327e-01,6.353475582661967103e-01,6.146530838675410280e-01,7.480266258468715179e-01,8.813154154977239640e-01,8.342995677492043294e-01,3.693574744702506907e-01,4.337959679146715097e-01,8.733108464711065722e-01,8.948299599150844053e-01,7.416165543583836950e-01,8.801347373865708867e-01,3.216172411963946209e-01,4.119478605524895531e-01,9.649509615440308163e-01,6.372398782566054409e-01,7.777053516829198765e-01,9.862880640158287748e-02,6.919949783054765158e-01,4.186150949686320843e-01,5.468880136812040993e-01,6.003559226088187595e-01,7.763685891608615997e-01,8.847420627651035874e-01,7.672667699716417822e-01,3.975204506845848862e-02,7.241252860430471561e-01,5.062197832977458622e-01,6.059190606224115205e-01,7.810567933617378333e-01,4.786101577158893283e-01,5.500592668079170577e-01
9.320121011153154056e-01,9.952262421074546950e-01,8.146608392523125852e-01,3.823319344377500428e-01,8.708498381874544281e-01,8.455124089514745034e-01,7.667113735704238486e-01,6.883574411345404487e-01,6.234801724006956425e-01,0.000000000000000000e+00,7.584866008026877049e-01,8.626847983477353710e-01,5.206878540114612264e-01,6.903395899806552723e-03,9.866531033180101495e-01,6.947138290987495690e-01,8.362203941934736040e-01,8.743431428409096373e-01,9.698580818459112685e-01,9.795712060154113665e-01,1.979109011924807260e-01,9.219595256668625671e-01,8.305397280154471762e-01,9.212594342146759319e-01,5.098687235003847018e-01,7.055781542747167068e-01,8.291046440913097948e-01,9.799298752018932301e-01,4.238328879561019114e-01,3.629530023604564670e-01,6.287262303068907876e-01,5.774723214256599624e-01,6.322636799117060669e-01,8.760257678887392041e-01,9.841391661782895595e-01,1.672729289644988016e-01,3.866928197986511107e-01,8.231249839629287690e-01,5.624566892652357319e-01,6.432578073361864268e-01,9.135277389776587098e-01,5.375811440796628426e-01,4.857815337169639203e-01,8.645935416924004357e-01,8.959745225614209607e-01,9.164664820345581608e-01,3.251985929627664307e-01,3.500899503268902757e-01,8.777079095933263408e-01,9.384790796277693303e-01,9.746403288336179527e-01,7.722790223857535219e-01,6.864548840848323508e-01,8.470502182136343539e-01,9.080208247258070298e-01,8.118234072479632024e-01,4.099064539294510201e-01,9.607463788391222836e-01,8.108319714376006626e-01,-1.369013987880235428e-01,2.474102734979477247e-01,4.051428215196908322e-01,9.516704346020428140e-01,8.209815013839990572e-01,8.040296709596109759e-01,5.689406997222723472e-01,7.717989695215725643e-01,5.755322468877560604e-01,5.411977850942883972e-01,6.771484097406497149e-01,6.501773755002299149e-01,6.545771604412309319e-01,6.538442700144527775e-01,5.338521058749325920e-01,5.257089660031800671e-01,6.897746986866264418e-01,7.681188366764798436e-01,3.649770639904560410e-01,5.302658320729979335e-01,4.933829672128029475e-01,4.792464453730740925e-01,5.520892322872242852e-01,6.550510376309086613e-01,5.029163794886131189e-01,7.925984113740400794e-01
9.584249957180647206e-01,6.845794490376605479e-01,7.979375710332439198e-01,9.268050777711396293e-01,8.496294413924280198e-01,6.924384297757735229e-01,2.704380786421708427e-01,4.722829293893281433e-01,9.939067747825696131e-01,7.584866008026877049e-01,0.000000000000000000e+00,6.107116168188309047e-01,9.444594002353388085e-01,6.120339234493442637e-01,3.754891130971374502e-01,7.355094434957293315e-01,8.197595554113528138e-01,9.597224262616402823e-01,2.401459542852568130e-01,2.169182986854703843e-01,7.911058123758273330e-01,2.009984632841118335e-01,7.300892218223296037e-01,8.837731656321320406e-01,2.381965341720106433e-01,4.878282880391220933e-01,8.353609966984715252e-01,7.471228709632171672e-01,6.971044002944922768e-01,3.011166335485530032e-01,4.522970078974236641e-01,4.450527167182672383e-01,7.155202622925694866e-01,8.993019165112634550e-01,3.059951395512720551e-01,4.242132025422082897e-01,1.356202195095795593e-01,6.068082934485885538e-01,8.759514714008093117e-01,6.228431275871973982e-01,7.157895182727260774e-01,6.902435564369067134e-01,7.891474373788019969e-01,7.329746442869767842e-01,7.827379014210948949e-01,4.037383790897711155e-01,8.069411353817880217e-01,6.556962223764407627e-01,7.353298886674546342e-01,4.172867827265401286e-01,9.633007909614538233e-01,6.037571191800155113e-01,2.395632875168883791e-01,6.101607242328715985e-01,6.979445958567145336e-01,5.435237263201424529e-01,6.943805160653061526e-01,9.314219374850869482e-01,8.185036148713397131e-01,7.695121919505035768e-01,4.554025407295526628e-01,4.275679076843903470e-01,6.618703597418533757e-01,6.985832197304259195e-01,7.088790764281102108e-01,9.480246312158580047e-01,7.420108120896556914e-01,8.958174660194034855e-01,5.717712812970578984e-01,5.125150868161597595e-01,7.391880724170030170e-01,9.519327720517098967e-01,3.440523725464695870e-01,7.908123192070026786e-01,6.317262585678005138e-01,7.372150816849524224e-01,2.884206463714206192e-01,9.787224190475483088e-01,7.205082071301064373e-01,1.095223061763686695e-01,4.623187827531629601e-01,4.994500046353413936e-01,8.250168366105011808e-01,-1.567382182715850725e-01,6.665351182084003900e-01
9.251817705938235603e-01,9.425432191903528878e-01,4.828808964595326381e-01,8.950221390102441887e-01,7.728564381374219971e-01,5.283450669977569625e-01,6.720016697719928267e-01,3.007975064925551001e-01,7.636362483278461566e-01,8.626847983477353710e-01,6.107116168188309047e-01,0.000000000000000000e+00,9.962446669787041742e-01,8.550972685645888971e-01,8.270111711005933008e-01,5.903375853328374223e-01,8.812840745259403752e-01,6.625130282800573145e-01,3.418654061312139669e-01,3.533984030362675166e-01,7.823709615903038372e-01,6.345142403150823007e-01,6.439789280755032763e-01,9.488286221782982199e-01,7.100537633297452356e-01,5.544832508847256092e-01,6.424185586742245935e-01,8.074041732375690783e-01,1.314966592796019684e-01,4.101911146968342803e-01,1.565130978731943401e-02,6.168097687295018838e-01,7.896459483740898566e-01,9.283057485341075221e-01,7.836329928627755459e-01,7.697822734877561857e-01,7.948256153724910789e-01,7.590168273217234862e-01,9.324862310330771509e-01,9.993099562284131210e-01,4.333769913420541520e-01,6.161193652439861390e-01,3.687952631244334478e-01,3.118695867075186867e-01,5.212804024490726995e-01,7.624471839393867079e-01,3.297768090788425477e-01,9.698692988949773053e-01,9.477303484797540145e-01,8.074476364194648204e-01,7.008144326020327997e-01,5.749231797043999892e-01,7.611833101160538906e-01,9.282661979074046110e-01,6.058890608443172621e-01,9.687038473833164964e-01,6.543364120734139755e-01,6.557056063039861105e-01,6.648150911414735242e-01,5.020983646841633563e-01,4.142144892915625154e-01,7.375558408649576236e-01,8.798113391830137964e-01,9.842436000458986145e-01,8.684723179395150705e-01,4.315146185699578196e-01,1.762958792746431927e-02,3.299797344957164369e-01,6.803626129583985049e-01,9.177641913803837870e-01,9.455509503166179552e-01,2.508975214167534773e-01,6.191450280379563464e-01,6.211226858278293683e-01,7.109331374648341084e-01,6.840109916553064329e-01,6.027687228092900584e-01,5.490871062608297937e-01,4.384827616120716698e-01,6.106457375064298226e-02,4.273705180454734354e-01,7.272849747045976310e-01,6.968422064779077330e-01,4.145958059260356210e-01,9.541517450603003159e-01
9.277699834236502463e-01,9.775877063218528784e-01,8.858047113155355090e-01,9.977230265765162365e-01,7.099053154216519168e-01,6.351645579593199198e-01,4.370768997485222629e-01,7.916471604201196222e-01,9.403705703053237830e-01,5.206878540114612264e-01,9.444594002353388085e-01,9.962446669787041742e-01,0.000000000000000000e+00,9.561573650208452513e-01,8.716528551318848406e-01,9.222025292119097051e-01,1.213595061945271641e-01,9.755088979944246397e-01,6.630273698180826347e-01,9.036715487643920408e-01,9.233588989802625768e-01,6.138107837077880768e-01,5.979127085876713155e-01,8.355067753956052501e-01,2.929560819747902833e-01,8.492938345665214106e-01,6.643796440381177781e-01,5.954637588682578642e-01,4.545935978587812842e-01,7.538857453229785843e-01,3.486282726398941545e-01,6.619145998254584162e-01,7.359934409219092144e-01,9.118218720939539335e-01,9.799763628883650934e-01,2.275695596667899334e-01,4.492935518907033021e-01,8.971456379608453435e-01,8.992126113152029143e-01,9.540077710803820388e-01,6.614415177210661856e-01,7.097862343250942452e-01,2.897961302611350987e-01,9.062859903088329450e-01,7.713698883269473061e-01,8.057105829587200008e-01,9.716588788688900191e-01,7.000724260464011861e-01,3.910093816507433928e-01,9.746677922638971037e-01,6.840644857832461900e-01,6.388982580289366275e-01,8.597440529999589298e-01,6.620932968052880563e-01,6.004875509961541402e-01,6.235122338423630950e-01,5.779478611556116974e-01,6.835517888326686498e-01,9.997518954845361350e-01,7.975245107133575040e-01,7.641382928517668205e-01,6.536360009423600737e-01,6.146453956576433120e-01,5.119046818778467678e-01,8.287119672650318236e-01,9.057644005211065164e-01,5.911215539569196764e-01,6.170988308230133113e-01,9.554412595210953763e-01,9.328013946327231576e-01,5.450441174030796754e-01,6.161116793752199339e-01,8.126501715040045370e-01,7.882495257524773091e-01,5.099418773362492940e-01,9.342729346615982200e-01,6.098937124776561136e-01,8.955628055368364260e-01,4.921670436803653459e-01,7.386385515757102338e-01,5.161414818789820114e-01,6.033574358522347802e-01,9.749782056042373135e-01,3.237714391321148133e-01,7.350941646818368591e-01
4.976263822619575450e-01,5.158502537910749641e-01,6.786458553015874973e-01,8.950949182925828085e-01,8.610679714152307263e-01,9.643863122037219515e-01,5.106154333302382886e-01,8.846650683863087616e-01,5.311483318207385063e-01,6.903395899806552723e-03,6.120339234493442637e-01,8.550972685645888971e-01,9.561573650208452513e-01,0.000000000000000000e+00,7.395721105538690665e-01,2.386233204173434930e-01,6.940079561066724301e-01,7.693105516581454362e-01,8.617075211062935614e-01,6.370655325935595803e-01,6.039193448171451539e-01,8.266740534638021831e-01,4.798157831380263083e-01,9.683709557546152924e-01,7.896365194923995467e-01,2.586782205426887415e-01,9.259845452147202893e-01,4.675463269092901553e-01,4.295657158222927485e-01,2.669366516164221603e-01,3.316363177653698369e-01,6.236816790350017126e-01,4.981141296873119462e-01,4.586661432072306477e-01,5.544069854683977283e-01,1.888433599162348264e-01,6.759671584981229442e-01,6.331289052268475048e-01,4.473507518842619879e-01,7.871444522868951132e-01,6.978672779934232961e-01,5.659495788753849954e-01,7.068539991619270380e-01,7.940573268780297678e-01,8.524362912944930537e-01,6.164681796430528937e-01,4.092420097193237294e-01,2.646305221207737590e-01,7.524512391911096776e-01,3.620494281504311740e-01,7.553899273769656419e-01,6.212932335268755990e-01,5.090060541193870414e-01,6.472786276968736097e-01,7.007295421052707196e-01,4.060316541310441951e-01,8.831842307477034693e-01,4.729653768787151491e-01,4.182403054193303271e-01,5.739793572907377905e-01,6.333922200841376471e-01,9.508877993611528634e-01,7.908405484677406561e-01,7.589916064365390680e-01,9.888547635316951023e-01,8.602837294905910648e-01,6.070983033808924345e-01,7.526835003410655700e-01,7.605338975709745597e-01,9.358336306239425362e-01,2.366301797631338855e-01,8.550409502208320411e-01,2.759797171893613177e-01,7.583969834300313684e-01,4.664715711803475995e-01,5.453193163629498352e-01,5.422107944981144900e-01,4.313643197368465798e-01,2.952656358577370188e-01,5.851587319156574818e-01,6.785011149534735386e-01,4.670498548945631878e-01,7.804599860133444311e-01,2.816414715971489180e-01,6.099808972151166131e-01
9.459581454534587985e-01,4.711479566738338010e-01,7.463857534863280740e-01,7.010286777482886977e-01,5.614489149507192467e-01,2.565161159430066062e-01,7.323969823196413431e-01,9.983135010344703630e-01,5.694614230265693244e-01,9.866531033180101495e-01,3.754891130971374502e-01,8.270111711005933008e-01,8.716528551318848406e-01,7.395721105538690665e-01,0.000000000000000000e+00,9.953742851776246070e-01,6.154267779804447613e-01,7.689583380768481025e-01,7.237198578212273858e-01,9.245223080925363268e-01,2.400280666300225185e-02,7.643693188091376101e-01,7.697890322798275342e-01,9.136468396945010007e-01,9.820792837329535008e-01,4.088283200801643424e-01,6.446088667198324185e-01,1.624763056696748864e-01,6.524267970790562643e-01,3.117216399434083463e-01,2.117264294589223106e-01,4.839115418467765384e-01,6.982743341820999428e-01,7.620133988812578529e-01,8.241366260843343561e-01,5.306485943132259742e-01,5.645298368755865548e-01,9.234732799582666685e-01,8.128728346508559133e-01,8.606359764955868741e-01,5.102070701276684161e-01,7.640999141980518994e-01,9.212614513498211810e-01,4.187012411266820555e-01,5.520216243582538596e-01,7.533934411662912556e-01,7.417074682500423011e-01,7.557911010634451587e-01,6.417138212228836736e-01,7.023475002172165915e-01,4.967030560714033594e-01,7.507740334743531196e-01,8.202822633424099452e-01,7.215749481234724483e-01,8.113319355470637317e-01,5.500358957643652902e-01,6.683999072362925009e-01,8.617781088138307677e-01,6.703224298438569262e-01,6.043808958547248755e-01,8.040994094912694568e-01,7.972428620523845932e-01,-9.849600088858616320e-02,9.252094037785196790e-01,8.389639897652734213e-01,7.918145296836853753e-01,5.292686890713143022e-01,9.790447364547589792e-01,4.553484699982841555e-01,4.013048587613902707e-01,5.225388460444939653e-01,5.795851442707108392e-01,7.338574697503340571e-01,7.480464507231144276e-03,7.060406438418053154e-01,6.732561585739221810e-01,5.122704354638584201e-01,4.926124685555399174e-01,2.899599614217649446e-01,5.660988053405644482e-01,4.356244616853150453e-01,6.314056936621826877e-01,8.820868578027931672e-01,9.840143152020270900e-01,7.422577955057385601e-01
9.692220117553742575e-01,8.227812016736879563e-01,8.900283173413356952e-01,9.149030747845489087e-01,7.459425539059588717e-01,7.137905634419112744e-01,5.218795874469707163e-01,4.513398116881228161e-01,1.783655821202320413e-01,6.947138290987495690e-01,7.355094434957293315e-01,5.903375853328374223e-01,9.222025292119097051e-01,2.386233204173434930e-01,9.953742851776246070e-01,0.000000000000000000e+00,8.397086120161411094e-01,7.763882789804361639e-01,5.082286180415535037e-01,9.414638577814283815e-01,6.209755291327635485e-01,2.790344086692428949e-01,6.488500945047115387e-01,4.266518648797938962e-01,6.084201054040802026e-01,7.343804400408303623e-01,2.042249980529366737e-01,9.100771071886010199e-01,5.649036109748912793e-01,3.487615699388671997e-01,-1.770287863791406013e-01,7.301460330572276947e-01,8.338041867657647321e-01,9.819368341550387402e-01,5.627836157200767353e-01,7.863326309933572622e-01,4.122972114534823040e-01,7.332017609483807430e-01,8.505146250344708392e-01,9.029117018191263888e-01,2.389059504799363742e-01,6.131203697870118985e-01,8.322413695102707232e-01,9.355518926396667601e-01,8.091667803608304510e-01,9.264528116693296900e-01,9.819039821220418851e-01,6.988305564156322980e-01,8.354756515378267689e-01,6.646333532280703782e-01,2.826152246420821634e-01,5.215534229599573246e-01,7.510024879822544408e-01,6.524853774292280750e-01,7.218467063368255721e-01,8.502459086043490100e-01,7.700235661761625217e-01,8.717959603578004923e-01,5.985554677440547700e-01,3.862102698970892867e-01,7.008012723138411504e-01,8.138207178530695307e-01,9.432588385224230931e-01,7.334030629740067031e-01,8.128426772755658059e-01,4.522165501176957370e-01,7.135958574299203772e-01,7.784530113668655105e-01,5.846819121010065068e-01,8.036196410978874161e-01,4.047437000892037950e-01,5.180046046008299765e-01,5.800458089627275049e-01,7.400045392806382516e-01,7.871395837848789157e-01,7.475244962889902034e-01,8.349961787859420115e-01,9.052987399949122826e-01,4.007261425866485149e-01,4.778922641841537033e-01,9.241307019764060104e-01,9.106631585302668030e-01,8.794126947771522262e-01,2.397188498550835434e-02,4.890969173894966215e-01
5.406160101549977171e-01,8.327492406662807545e-01,5.172292843845541777e-01,7.716377424984800504e-01,6.653844471039427333e-01,8.556224154023083228e-01,6.257716847538160598e-01,9.270828271629208972e-01,5.126848225796140079e-01,8.362203941934736040e-01,8.197595554113528138e-01,8.812840745259403752e-01,1.213595061945271641e-01,6.940079561066724301e-01,6.154267779804447613e-01,8.397086120161411094e-01,0.000000000000000000e+00,5.072851411450293169e-01,4.803544082645638258e-01,7.262371298450820412e-01,9.065005857061120276e-01,6.734323968703850305e-01,9.838426616153661541e-01,3.036086488286790508e-01,8.141677548889281191e-01,8.898888837161443854e-01,8.051049469228521716e-01,4.955219663577869471e-01,5.039718173410742130e-01,6.747568334791741174e-02,5.849864162555459268e-01,2.536720518920710932e-01,8.900364856234501687e-01,6.187077330293144772e-01,7.611806835175765062e-01,3.887343340494895383e-01,8.330792314756344519e-01,8.315391589489293800e-01,9.790641641799621153e-01,7.532459067884276216e-01,6.621227040973697298e-01,6.958933882179567654e-01,6.374249634166000433e-01,4.968646513691152289e-01,4.050562795295805096e-01,7.907210608846533262e-01,9.702966624351578862e-01,7.939408799407134953e-01,6.233631982938387939e-01,9.859498139677849160e-01,6.123491651701733485e-01,8.161613166748593606e-02,8.135768604724754605e-01,7.743780584295638647e-01,8.642846921670904736e-01,9.066951535761279546e-01,9.576371844810204204e-01,7.209564258377764157e-01,8.526402752620497738e-01,4.928901485156039763e-01,2.989201265487796411e-01,2.803954164207874689e-01,7.682397495470055793e-01,8.048647650165885459e-01,9.811514565497546636e-01,6.102436260782815314e-01,9.685891238715567120e-01,2.588348931190397328e-01,-1.181024884454971030e-01,7.607175798554601798e-01,8.187514355040557135e-01,8.165427842358511379e-01,7.237953639287413310e-01,4.400584869707463986e-01,3.880667808771448568e-01,8.701346153019552387e-01,5.172138879269675416e-01,6.296410846692939156e-01,2.474748327833438122e-01,3.148754761199057395e-01,9.373824498252585347e-01,7.482530504139122129e-01,9.941379106310602731e-01,7.501097774917103722e-01,9.273568430017912201e-01
9.944768536999086805e-01,5.742525235271760398e-01,7.301152278519317251e-01,6.826498002819026967e-01,6.875528652246261085e-01,6.414984785431022685e-01,8.050134834009055051e-01,4.178582195599699900e-01,6.782853664504632230e-01,8.743431428409096373e-01,9.597224262616402823e-01,6.625130282800573145e-01,9.755088979944246397e-01,7.693105516581454362e-01,7.689583380768481025e-01,7.763882789804361639e-01,5.072851411450293169e-01,0.000000000000000000e+00,6.336317180842535590e-01,6.463240109954468959e-01,2.142685733001227777e-01,6.176767679020980228e-01,7.524710816892509202e-01,7.437321715136567812e-01,6.678929897362053669e-01,3.406652236622524366e-01,6.358608373303624717e-01,7.980683065184394076e-01,-1.826684556198085452e-01,4.396817308472478758e-01,2.735500766064634659e-01,4.304090556056071604e-01,6.902581877843102509e-01,8.617930990737158181e-01,6.082359313494972719e-01,8.454307536672137635e-01,3.703823437327813384e-01,7.701511647031193952e-01,7.835567163849535000e-01,9.439453364022751813e-01,5.521620746820731229e-01,5.364834409421476158e-01,8.064381391934526411e-01,8.221735066398452307e-01,5.878783144884756062e-01,6.669581903205968887e-01,5.174439001309508734e-01,2.015211984492841224e-01,4.307074816231826198e-01,4.127032268930789782e-01,6.274388199041719405e-01,2.263560259346692471e-01,9.147378124624732099e-01,7.631529582851377391e-01,4.508280212913902685e-01,9.961347054293021586e-01,5.421387923787386320e-01,4.174140375572377680e-03,8.238965863534163381e-01,2.498700057017364806e-01,2.031242401678482468e-01,6.736130988206907588e-01,4.425889098544532052e-01,8.496658093727894601e-01,9.280010642595571957e-01,5.133734041851290009e-01,4.792453242208205011e-01,5.535035665360490409e-01,7.708762170668669311e-01,4.674820224496742394e-01,9.750208674865444847e-01,8.293570329282512477e-01,5.715334607429024549e-01,4.173148803766733583e-01,5.343081073504289957e-01,4.200266801397708472e-01,9.538329746653316787e-01,1.967813817372939811e-01,4.335916623553081606e-01,2.865614409322069789e-01,9.101076596842139210e-01,9.856635944376415104e-01,8.362597114862156955e-01,1.941279791685548706e-01,6.543637585324746375e-01
