0.000000000000000000e+00,7.621661041014580196e-01,8.722120547284475389e-01,8.707930954762675979e-01,1.257749627280246906e-03,6.066226106262700979e-01,8.500587716030494345e-01,5.282539224322085891e-01,6.965552808590219636e-01,9.164414671585737748e-01,8.443881280791412092e-01,8.129354378493952593e-01,9.485120226360399531e-01,7.779137191426805931e-01,1.695637018377839922e-01,2.063357947508658030e-01,8.908435037657541633e-01,9.799883447354038601e-01,5.077921746595416286e-01,6.261056846307629931e-01,8.539442745002450152e-01,7.299429792742415657e-01,9.654869814491243707e-01,9.474897643883760656e-01,6.893836760109604000e-01,6.106809783268449809e-01,6.055300910101660827e-01,2.854788469703436471e-01,2.747697041368968307e-01,1.261382928347616443e-02,6.692260446101364613e-01,6.451406253260305590e-01,9.744830732805601636e-01,7.739565504923743289e-01,1.091800108158984817e-01,6.379944118121871899e-01,3.225566980378473114e-01,7.389113632228053730e-01,3.617279428374488015e-01,9.839489243982884048e-01,2.366381824440377257e-01,7.973812991280789797e-01,1.963486253665890358e-01,9.387874315879244369e-01,9.616112982584914537e-01,7.281187953379988920e-02,9.455652598195855019e-01,6.930437513102147840e-01,7.584283085308990424e-01,3.874458660481149286e-01,8.718912626812611588e-01,7.720598276588017672e-01,9.109461512422106777e-01,7.121074344002973344e-01,7.591609869888449325e-01,6.401581768800357342e-01,7.743283487453195280e-01,8.590969814733537824e-01,8.772249946652048713e-01,2.953571849946250508e-02,4.787658433113605172e-01,4.683608794152677723e-01,6.340407807526999839e-01,2.965510971774000804e-01,9.681975297242836342e-01,9.052507034102830197e-01,6.951664760340753313e-01,9.031566686213187145e-01,9.961200460310937199e-01,7.737718349349992364e-01,9.317985708324032501e-01,2.045507039004607341e-01,6.167925359089588833e-01,1.392005534742776773e-01,8.785893824964874366e-01,9.750802431301986983e-01,7.083504492221853743e-01,8.147628454941701071e-01,4.659197430097145043e-01,5.906108207334744842e-01,7.866984757106869619e-01,7.926670886130076088e-01,8.275164657692564152e-01,5.768956098917735753e-01,5.743653091118531284e-01
7.621661041014580196e-01,0.000000000000000000e+00,6.807016462929873502e-01,4.351850754438970070e-01,8.985909380800559676e-01,6.647021696058873497e-01,4.456920721933676499e-01,5.800510313478040025e-01,9.374712162540683735e-01,7.281740542343053679e-01,6.615626095495028558e-01,1.763610487490934256e-02,8.245428649483788064e-01,2.108752361604592784e-01,6.721997846294285317e-01,5.188227432234477909e-01,9.678110649730382598e-01,8.395508388793985199e-01,6.309440054275003984e-01,8.827750651272735505e-01,8.467937122818424145e-01,6.937506986131890541e-01,6.651069125815960437e-01,9.724927120227370159e-01,4.678765597732157389e-01,4.113637072381866600e-01,9.197789645161031924e-01,5.024398432371876000e-01,3.216985317597766958e-01,5.215436111466187352e-01,5.049829977759842103e-01,9.750280685674974634e-01,9.542313307312448867e-01,6.184605441085893052e-01,6.481970803603497311e-01,3.851684124307541701e-01,7.010992816326113708e-01,4.077897703610853797e-01,6.231460907522510251e-01,5.186702327633724297e-01,1.970544003737499106e-01,6.593060761983668971e-01,5.280838918533010684e-01,6.740633253832152283e-01,7.528661899266502200e-01,2.911862627839327256e-01,9.901078361679782613e-01,3.108008791172706120e-01,4.024115097894801485e-01,8.698228672576928666e-01,7.520879295395638264e-01,5.601065077077558296e-01,8.427163576153645641e-01,7.123786458356696771e-01,6.594142633972791545e-01,8.391924065858006321e-01,2.698816946419251295e-01,7.595678596726226361e-01,6.966744073407835636e-01,4.639069288630975896e-01,8.171453009956346492e-01,9.472067613439337785e-01,2.709281923739751408e-01,7.021814953196223730e-01,8.914422435248599008e-01,6.051575810826934632e-01,3.393313171946180651e-01,8.897655300726639016e-01,8.817783436130558483e-01,8.706153241456078273e-01,6.924373176258297180e-01,9.976837847520219071e-01,7.104785162532529785e-01,3.226679537379040785e-01,3.580915174989718341e-01,6.845936399715800702e-01,7.334628519905206367e-01,7.169555460986146711e-01,6.846903334914543338e-02,5.103287890037644381e-01,4.635115145195748965e-01,5.179511358555106693e-01,6.825108168715577905e-01,9.280695733366655098e-01,7.786101767855002631e-01
8.722120547284475389e-01,6.807016462929873502e-01,0.000000000000000000e+00,8.659011791448678608e-01,9.550969869179888327e-01,3.426786902296165005e-01,6.132780731454561263e-01,6.866974881201156622e-01,6.196758772998645082e-01,4.725166005314618278e-01,6.731620522312570243e-01,7.120417780847236866e-01,9.865041547991225679e-01,5.411268225641230334e-01,9.353264868935550203e-01,9.999697227499828589e-01,4.731954123826216385e-01,7.897743554816677447e-01,8.201026307079938293e-01,7.655919177905001760e-01,8.017609950387492024e-01,4.029112799157712477e-01,4.956811883841735766e-01,2.566178847778849970e-01,8.878113575491005660e-01,6.766207137074515821e-01,6.821994629922693010e-01,5.675815930897480932e-01,5.295606048168352009e-01,2.079649228328304122e-01,-2.745091423339951486e-03,7.274679832171212501e-01,7.852700896568668432e-01,6.658823798211218614e-01,9.413540582317847516e-01,4.316663389099161252e-01,3.703726343392949039e-01,8.819640130348422868e-01,8.902961082614703203e-01,9.562029977301054195e-01,3.413430233238188283e-01,9.436467141587385754e-01,6.759816203507713617e-01,6.088777340030820939e-01,6.416541932798341952e-01,9.169028491014300508e-01,6.136862444374019399e-01,2.499510488063311775e-01,6.914223009025505240e-01,4.926915369220090657e-01,6.956622482141024966e-01,8.061100532270857322e-01,7.134601328308314283e-01,9.336137220507151335e-01,5.209664735153829440e-01,6.359796769482346512e-01,8.843426605227616699e-01,8.227952710736978759e-01,6.642182154360036783e-01,2.720844453403177265e-01,6.310685856189856002e-01,9.287905493416699354e-01,5.065493907691069886e-01,7.627257833880261018e-01,4.780717343242866235e-01,8.066244108743840791e-01,6.459096895658689164e-01,9.350877838232026784e-01,7.612377759262827226e-01,8.542005397004288625e-01,6.945454626763717387e-01,5.476024228299652963e-01,3.713740373517121496e-01,6.614124132756853403e-01,5.013898442411709455e-01,3.312604590642411195e-01,9.003783099040846283e-01,8.241364883341083525e-01,5.750053767193263887e-01,1.841709841557898075e-01,7.242754510600545315e-01,6.271654731164961749e-01,6.367318529765126911e-01,8.930754908668164793e-01,6.383352991961316336e-01
8.707930954762675979e-01,4.351850754438970070e-01,8.659011791448678608e-01,0.000000000000000000e+00,9.914972818690193090e-01,6.147671909954524061e-01,8.444779963468422856e-01,7.372609797895941508e-01,7.277352936790315585e-01,9.900913841247374059e-01,9.227884078632088150e-01,9.085649912971791586e-01,4.434668837825723742e-01,9.156178382783166647e-01,8.848244706200163456e-01,7.787013834998517403e-01,9.735439803954155646e-01,7.700565942406193409e-01,7.932652965652258192e-01,4.876042858666232993e-01,7.618852820596456743e-01,4.590243368389399503e-01,8.582387422075667960e-01,4.157605505617032460e-01,5.491604173935211719e-01,7.273942682930933934e-01,7.374997784297058212e-01,9.146183521184362286e-01,9.081051328320014493e-01,2.724267144449982747e-01,-1.535865945775827524e-01,4.472189535223695112e-01,8.403323836697936811e-01,2.005442539630292176e-01,7.720138976123215313e-01,7.014274178445171204e-01,3.825801604739340611e-01,8.280748293770104906e-01,8.375280981280578407e-01,4.004194715306733654e-01,6.024224324825672161e-01,6.610051569901398416e-01,9.414465727143966900e-01,8.413512682956412192e-01,7.505622328112131481e-01,6.878874955077881603e-01,8.956689867166783836e-01,8.596368868497641369e-01,4.401370283405593997e-01,6.431794081191632984e-01,9.468402891717020431e-01,5.244784178749943848e-01,9.999240884215510050e-01,7.985334420087399909e-01,9.870456625694099539e-01,7.050471822098626218e-01,4.191766730359254844e-01,7.497543768394635544e-01,2.756401557348528431e-01,6.637263120042027342e-01,2.425249990552106327e-01,7.214576350055881271e-01,9.665633002892347614e-01,6.925065871996999300e-01,8.096541724791039840e-01,7.268579672645242296e-01,7.043829403104489018e-01,7.407458900567620574e-01,6.639839132175535674e-01,5.543727314628075220e-01,6.955100097039840223e-01,6.613581329944343556e-01,8.773654848375983528e-01,3.739031419125191102e-01,6.666768184712106304e-01,6.334328167586954494e-01,4.724167958262410205e-01,7.783933280903286567e-02,2.200780900182870981e-01,2.710276683871248871e-01,3.606020239274898564e-02,7.572144393132749229e-01,4.317186280550234234e-01,8.305404648291557501e-02,7.586813655824092839e-01
1.257749627280246906e-03,8.985909380800559676e-01,9.550969869179888327e-01,9.914972818690193090e-01,0.000000000000000000e+00,7.082508377984580994e-01,4.997451940146394600e-01,8.730413539949052337e-01,6.767119151158372814e-01,2.232135118669488771e-01,9.943168455148980733e-01,7.002204369581102039e-01,8.089293259368062206e-01,6.850890206587414433e-01,6.903543004499358426e-01,7.777766246983853771e-01,5.708983109443188653e-01,6.128641179620889501e-01,6.091002619517442707e-01,8.906595451940879649e-01,9.396747527794663268e-01,5.648693759297273020e-01,7.360101501627719367e-01,1.164872480476544514e-01,2.847002564443741335e-01,8.497046836818472615e-01,9.380571320798888335e-01,5.906391278987970644e-02,7.263535098175994964e-01,3.014699285516224680e-01,7.931429682087673960e-01,4.986675030337037740e-01,8.554768108773833646e-01,6.052017772861211231e-01,5.484396817390427836e-01,5.829001617457469919e-01,4.658737966223238658e-01,5.353233101217611534e-01,9.650538592373516522e-01,9.886180674622154774e-01,2.558455103101361372e-01,5.477062957013442146e-01,9.457049622872152339e-01,6.804587088542284334e-01,6.632644069717026358e-01,7.100253128560698457e-01,2.405158036614409856e-01,9.663834803007065322e-01,1.424169117868672174e-01,4.272459454647411503e-01,5.749794189485093465e-01,7.645084485642736905e-01,1.482363390437687334e-01,6.048696276213644252e-01,5.947578324366002978e-01,8.128608431543659085e-01,6.326750133448779678e-01,6.102598275911061965e-01,7.055913275090222037e-01,1.141758867718945941e-01,4.004146117442569652e-01,5.444256959459066181e-01,9.847253394636455992e-01,9.023003763285654122e-01,8.028358985355042998e-01,6.141941125407729407e-01,8.943537034999247126e-01,8.114493765651493717e-01,7.550988681274115599e-01,4.231578177592859036e-01,6.453186220249567118e-01,9.644406370313635124e-01,-1.781541463037979445e-01,7.556285618362332812e-01,6.131765114536481542e-01,7.395374595843910992e-01,8.479557661955392511e-01,3.348421557763355261e-01,-1.261586263860650092e-01,2.335038189120214880e-01,4.667751061048806549e-01,4.575196475439830546e-01,6.964226631768323239e-01,4.485047515861321776e-01,7.900864585621987235e-01
6.066226106262700979e-01,6.647021696058873497e-01,3.426786902296165005e-01,6.147671909954524061e-01,7.082508377984580994e-01,0.000000000000000000e+00,4.348307154556099730e-01,4.461267472245004084e-01,6.342874862834347871e-01,7.777036373237184996e-01,6.222919870400531739e-01,6.258868580392321634e-01,6.417254936928227238e-01,9.776869226958245784e-01,4.584308184160858501e-01,6.288419051080028632e-01,7.651240940069138352e-01,8.075348656600763730e-01,9.922444774029535175e-01,5.375311822867699929e-01,8.980951106917729465e-01,7.177320806532802022e-01,4.026243363876513826e-01,6.250632993063975906e-01,7.035359699973017245e-01,7.126333830281946780e-01,9.674420811998457603e-01,6.689497328800835252e-01,3.442975823696624027e-01,5.437970328742960380e-01,7.273522086055146385e-01,6.101601736193514036e-02,5.192605842644044678e-01,6.102596624562554029e-01,8.331099007680575763e-01,2.375259832166760898e-02,3.901757433173106415e-01,7.726663060621499213e-01,9.826315308478095201e-01,6.635159949116407052e-01,6.595008350528640539e-01,9.331287333415345664e-01,9.883549907253172950e-01,4.957810758996809564e-01,4.340458293508123733e-01,6.484469897995492893e-01,8.852054433442210213e-01,4.551196317658406376e-01,4.191702035749544919e-01,8.916717765216086722e-01,6.275485710624847391e-01,5.896371428717426255e-01,4.522530603902940594e-01,2.950539940273722017e-01,7.360795531989186014e-01,7.504551934516433542e-01,9.131196646885511026e-01,8.744133186724170059e-01,5.443080010973059268e-01,8.466370546199344371e-01,6.798435908689937079e-01,6.045081720679480464e-01,4.272070903930282881e-01,7.510914689027891056e-01,8.455849491968540077e-01,4.652741671322775940e-01,7.567542114568082123e-01,8.946662990793562420e-01,2.602127900194393106e-01,4.613404411687485052e-01,6.993730733533827237e-01,7.689914829204542723e-01,7.336010167633767454e-01,6.243831461699677066e-01,4.018058065779491206e-01,9.135335384204665843e-01,2.310555657888088976e-01,7.246390315486399558e-01,4.631406789329861051e-01,5.214808091381055721e-01,7.190763575301279964e-01,6.625906147179869699e-01,6.691001271796261918e-01,7.516875795603472632e-01,7.569189539651695053e-01
8.500587716030494345e-01,4.456920721933676499e-01,6.132780731454561263e-01,8.444779963468422856e-01,4.997451940146394600e-01,4.348307154556099730e-01,0.000000000000000000e+00,4.375690679307120412e-01,7.605967465917706782e-02,5.744622557922834938e-01,6.918075750993809558e-01,5.841703306200677348e-01,7.350421025126266938e-01,7.473401914344846020e-01,6.943418358570341287e-01,6.592191409640795197e-01,8.839849516719027189e-01,2.409278605647836025e-01,6.339869759608278699e-01,9.345463885106635171e-01,5.869313051560712813e-01,5.616153394684447742e-01,7.803187292653828155e-01,8.789803591043066078e-01,4.983835230634561242e-01,5.994081945695810543e-01,3.529304005925745780e-01,2.357416297296499319e-01,4.470486942865830593e-01,1.551411934102596146e-01,4.213393713629410842e-01,3.398760843634706097e-01,6.813333923759786748e-01,2.493216472543959006e-01,4.951131907896818563e-01,6.868241004606492339e-01,4.442402154132413239e-01,7.326708059123283601e-01,8.295666605910838598e-01,3.468234244829923041e-01,4.650580645085899967e-01,4.587380331290997759e-01,6.871803478696248968e-01,7.175385928261719393e-01,8.633152576956731883e-01,3.634858275054577703e-01,4.055777756429940206e-01,5.259602851594067374e-01,4.730660770764382184e-01,2.101076348711201636e-01,5.172336567511170990e-01,6.449308949706686889e-01,6.805551835842116315e-01,6.903838486506991279e-01,4.388159751905300610e-01,4.641401070946969964e-01,7.282371645736618326e-01,5.519087926315191517e-01,9.040632313356639083e-01,3.265726119912226721e-01,3.775905129416826655e-01,-1.500168038500113155e-01,7.023388760350443016e-01,8.182825504293445018e-01,8.085363500289022287e-01,6.546451177826507761e-01,4.446402759290573048e-01,9.728691914922680262e-01,2.604058367197961688e-01,7.383675918326441101e-01,4.427314449501512095e-01,4.342291177016683323e-01,4.398067993991721103e-01,3.160967823513340935e-01,2.438878704765742866e-01,7.783945935350702339e-01,6.834943591340972846e-01,5.331593930191048658e-01,3.140270987084149423e-01,4.177171340893631735e-01,8.481270426202490720e-01,8.301791891733951712e-01,7.091933790453416320e-01,6.646854184283509381e-01,5.814151090075352357e-01
5.282539224322085891e-01,5.800510313478040025e-01,6.866974881201156622e-01,7.372609797895941508e-01,8.730413539949052337e-01,4.461267472245004084e-01,4.375690679307120412e-01,0.000000000000000000e+00,5.446200150298623477e-01,3.358294007984389262e-01,7.826948916599485440e-01,3.468297604023325986e-01,6.785566724154600271e-01,6.264934985474422957e-01,8.154986825568074638e-01,8.090691015382519558e-01,8.778111737583287333e-01,6.737026278992775952e-01,5.010017689171292199e-01,9.121090952893542436e-01,8.466775889867718119e-01,7.268091348273744146e-01,7.682097253634477818e-01,6.934884633908324769e-01,4.086090502314019823e-01,6.046069949772422403e-01,8.722827952757842285e-01,1.786071920027968718e-01,7.209818349478476218e-01,6.093659455127695690e-01,3.633522952034653475e-01,7.418996538891264869e-01,7.420299537035526249e-01,7.197814635593741128e-01,3.019831424760152094e-01,4.697380835001948030e-01,4.724666381865723075e-01,5.450600321680847404e-01,6.956892373746226266e-01,7.636414684077046378e-01,7.613455212704333119e-01,6.324164652642075279e-02,8.758770773880296678e-01,6.822149057856610188e-01,7.568328729523388088e-01,7.485902451527427504e-01,7.543683394306126555e-01,7.312909938161398227e-01,6.453277810567450423e-01,7.065643783772384001e-01,2.089414974839528816e-01,4.048706836771228668e-01,5.026534633162577093e-01,6.350897891792907091e-01,2.452286086514844365e-01,9.843191380070048790e-01,7.404728366291685182e-01,6.952280898958764777e-01,8.336162231359119934e-01,3.855961347305447706e-01,6.032967323339771815e-01,3.724871663103122010e-01,6.411913529569559511e-01,8.825560237532371621e-01,8.242417700241386758e-01,4.425622814612255596e-01,7.935455024044604233e-01,9.425804084647126935e-01,8.362762370523649791e-01,7.277421891564653800e-01,7.953303175153541016e-01,7.625100271128226748e-01,4.966357772666823434e-01,5.394356261337873715e-01,8.747391257173282586e-01,7.161295497452223602e-01,6.537037895830211109e-01,2.695144169075012752e-01,3.323386869617923622e-01,2.941637544512792912e-01,5.825640076272686763e-01,9.836827328600356024e-01,-1.684199220694098942e-01,7.606187588705768388e-01,5.485717276161083955e-01
6.965552808590219636e-01,9.374712162540683735e-01,6.196758772998645082e-01,7.277352936790315585e-01,6.767119151158372814e-01,6.342874862834347871e-01,7.605967465917706782e-02,5.446200150298623477e-01,0.000000000000000000e+00,6.202389170065997215e-01,4.904292630786476481e-01,5.751412154134430965e-01,8.624392773831665027e-01,8.124320774382771670e-01,5.449517176432273624e-01,4.938592006830991865e-01,7.855996057125910204e-01,5.087537149914774792e-01,5.243188559345605126e-01,9.345050099807796773e-01,9.087829247136229860e-01,7.395386058729784828e-01,5.629296309321230041e-01,9.455974290318589492e-01,3.065426682722036111e-01,4.687572400201531764e-01,4.403435174520914375e-01,3.220768565272325579e-01,9.438637542047624285e-01,3.260356303534971967e-01,7.512469621666830744e-01,4.091704918181486850e-01,6.125100006362093064e-01,6.542324554459335584e-01,6.738451140425127939e-01,6.902216721604514937e-01,6.775125034984068595e-01,2.577686772039917695e-01,5.741680902886616700e-01,6.287239113901581522e-01,2.654350860871002027e-01,4.724192166632215639e-01,6.856104486776333218e-01,3.553679362899866412e-01,6.262304424095720412e-01,7.360744345172676173e-01,9.516745774536246039e-01,4.331101954392446718e-01,8.671313254383044011e-01,5.147627444669071739e-01,7.003917107322632507e-01,7.982888124999708568e-01,9.100178245993966186e-01,7.557694182206431410e-02,7.710011006377261999e-01,6.498834307014036415e-01,9.898259927759118781e-01,7.165995641795881443e-01,9.343786522510717507e-01,6.623496017556858018e-01,7.567475710117884669e-01,4.438425489066326057e-01,6.777248670297321143e-01,9.735188653499384781e-01,6.388285007599433518e-01,5.866321672764963635e-01,6.614205906440480121e-01,7.910941675805196471e-01,9.171302651047180676e-01,7.843436310293074865e-01,6.906493611861705961e-01,4.650067984488764905e-01,2.719669089049673860e-01,4.440087068617349919e-01,5.398866321313461336e-01,4.150012964248510072e-01,9.256894084297905279e-01,2.012586162309177307e-01,8.195639508772177839e-01,1.769169611848030454e-01,4.492682689589053702e-01,8.552493767826997439e-01,5.086258884079589704e-01,6.003691545018576825e-01,7.004823192973232970e-01
9.164414671585737748e-01,7.281740542343053679e-01,4.725166005314618278e-01,9.900913841247374059e-01,2.232135118669488771e-01,7.777036373237184996e-01,5.744622557922834938e-01,3.358294007984389262e-01,6.202389170065997215e-01,0.000000000000000000e+00,7.610692974758281881e-01,8.575309861995327188e-01,7.112133162330134262e-01,9.192972088489074212e-01,2.514546783643072381e-01,5.214082716788831506e-01,4.348485214115882513e-01,5.171560886641115573e-01,9.484287601697034553e-01,8.290883255675760566e-01,9.935856562658333946e-01,3.992883892525226353e-01,3.137127692792101019e-01,8.311626389842821094e-01,8.628851504301171538e-02,6.806703459584488858e-01,9.690733186324760329e-01,5.903973962612441007e-01,4.129780437875379961e-01,-4.990785593393748387e-02,7.619593045663253239e-01,7.698264951760991348e-01,7.238689312943794585e-01,4.494164320173800742e-01,7.917953821377858858e-01,6.031986751723215079e-01,5.857404335814464513e-01,2.220907880854875449e-01,7.806082498233871680e-01,5.916201651544320539e-01,2.444808426202126073e-01,9.373787324302219615e-01,9.226905639783913315e-01,9.389255767089789151e-01,9.852132244650390058e-01,2.831176784730283780e-01,4.261178024703556888e-01,4.340853936552504511e-01,2.898647050704965533e-01,5.733600075264095874e-01,4.857330855326723595e-01,5.399305975753544429e-01,7.822523222337403048e-01,8.146382822632629583e-01,6.414473117126031632e-01,7.471037534520446055e-01,9.582364367906684999e-01,6.896390464462598402e-01,9.560236263969189574e-01,6.343431094186258168e-01,3.254965469285411861e-01,6.551020215106838629e-01,9.715209769484579594e-01,8.145288171097950780e-01,4.889738533060190573e-01,7.932794330573886832e-01,7.299953905334803927e-01,6.465873345090313862e-01,7.940271343154470252e-01,1.197936820743064623e-01,9.096050815215821483e-01,6.937643517616319810e-01,5.839423875084638338e-01,2.853750699896377419e-01,7.247128633604514869e-01,4.090327130266766531e-01,7.156631837337530389e-01,7.495019057416438812e-01,3.078198450653017448e-01,-1.385613720176966379e-01,-1.484618341672601927e-01,9.257373986734822591e-01,9.800762978758685851e-01,3.969585359665382951e-01,7.790617714154681739e-01
8.443881280791412092e-01,6.615626095495028558e-01,6.731620522312570243e-01,9.227884078632088150e-01,9.943168455148980733e-01,6.222919870400531739e-01,6.918075750993809558e-01,7.826948916599485440e-01,4.904292630786476481e-01,7.610692974758281881e-01,0.000000000000000000e+00,9.264107821919973507e-01,9.916419191896022056e-01,4.753144124528621561e-01,5.371456434245529543e-01,6.750904323401789586e-01,7.906948683240775377e-01,4.992613818402715231e-01,7.081251175605639547e-01,9.147404467974147302e-01,8.608006663197448338e-01,8.498894744231511034e-01,9.432191348057202829e-01,8.685760446582850847e-01,4.374646212554682556e-01,9.400171993183568109e-01,4.955744155766818038e-01,4.581808994696882631e-01,6.818370687897307159e-01,2.475190970845677074e-01,2.396755071700436279e-01,6.261239595640323286e-01,4.790012821592429249e-01,7.486439834280871342e-01,6.991533377238057234e-01,5.780385346786625078e-01,5.276051043811341712e-01,2.579814533604753990e-01,9.028324366604906226e-01,3.935462648037258981e-01,7.088246107701576815e-01,8.978891140981577479e-01,8.987953864595695785e-01,8.695823635532133888e-01,4.861619759796865226e-01,9.343724830321455954e-01,4.716834215888683901e-01,5.325370435969061234e-01,4.592910626389843931e-01,7.892596425143952876e-01,4.022772270637924308e-01,7.723841993486703084e-01,5.229790149447136605e-01,5.335850734265737971e-01,6.902665511773379281e-01,8.105671112248556964e-01,2.231761188242299410e-01,7.332279215193708843e-01,7.541010310939980643e-01,7.946157931899364701e-01,4.685770590015521098e-01,4.293505015581765560e-01,4.604900700235485811e-01,6.596527331894407320e-01,6.004663726646983779e-01,9.816850273735128196e-01,5.520872216646908193e-01,7.047317769102225959e-01,6.537874250062336579e-01,2.581512998227085687e-01,8.034034092863817644e-01,9.146967219155675011e-01,1.656274567223012806e-01,5.884929108161425226e-01,1.723660174211223417e-01,8.225682866651015113e-01,2.459878313827798813e-01,6.201766742661075638e-01,4.705955831144718049e-01,6.237442148360333727e-01,7.845041737228504175e-01,4.197329729988482638e-01,3.894288868651913926e-01,3.128743258535723881e-01,6.502633353572091490e-01
8.129354378493952593e-01,1.763610487490934256e-02,7.120417780847236866e-01,9.085649912971791586e-01,7.002204369581102039e-01,6.258868580392321634e-01,5.841703306200677348e-01,3.468297604023325986e-01,5.751412154134430965e-01,8.575309861995327188e-01,9.264107821919973507e-01,0.000000000000000000e+00,9.586970842700155426e-01,8.408001471162704910e-01,8.568668687651528337e-01,4.974017155319133132e-01,5.048983659997998696e-01,7.728337171967697428e-01,7.215479572629057703e-01,7.863886861723349275e-01,6.833565008711228739e-01,7.652135282611792766e-01,9.788658004669690271e-01,6.281917812703871062e-01,4.239851469960473906e-01,9.340954647033888891e-01,7.740222518944693819e-01,8.926093750304694430e-01,6.496124662804882988e-01,2.863491627030869124e-01,3.767995521482217502e-02,3.458178152007372885e-01,7.057713604442488187e-01,6.525911074962461589e-01,4.224566518264716852e-01,5.205253559494475990e-01,5.752729909047064050e-01,3.083177752955599815e-01,9.157408964978035470e-01,9.549220393213843083e-01,2.682903069319920730e-01,7.706472662663357287e-01,4.368012721577180790e-01,3.856731414381413536e-01,9.252990526101895208e-01,5.993829122639942053e-01,5.301145073565186605e-01,9.019151781881671326e-01,7.495961090769154289e-01,9.196675153788634871e-01,8.189766501448620950e-01,9.753635308341339627e-01,7.066919622112645127e-01,4.360359541746393064e-01,9.932293053343468348e-01,9.146313382829733829e-01,7.000634729325343475e-01,6.881678054254766197e-01,9.008326097553683853e-01,7.846040454665281771e-02,4.787141401377537075e-01,4.094682457200407577e-01,1.641359448464198012e-01,9.927239663008973203e-01,9.591153667026084406e-01,4.162080396862846698e-01,7.394783112892389099e-01,9.733311034392726491e-01,4.598580743851695130e-01,6.480689550720675207e-01,5.289050285550375152e-01,8.630227270362590408e-01,7.019229829649269448e-01,6.864144771893125885e-01,2.403730272626948827e-01,7.767287298423741770e-01,5.821064310497826577e-01,7.000494884621919489e-01,2.278527495509874434e-01,3.037138349496761869e-01,1.301262111637450924e-01,9.621675615695659545e-01,4.367140809799021639e-01,6.899710503623808222e-01,7.704861901647033218e-01
9.485120226360399531e-01,8.245428649483788064e-01,9.865041547991225679e-01,4.434668837825723742e-01,8.089293259368062206e-01,6.417254936928227238e-01,7.350421025126266938e-01,6.785566724154600271e-01,8.624392773831665027e-01,7.112133162330134262e-01,9.916419191896022056e-01,9.586970842700155426e-01,0.000000000000000000e+00,4.483335469846722043e-01,9.024842220006322746e-01,6.607960801187990896e-01,7.329493797127373256e-01,8.520214253789996084e-01,9.343473756102540495e-01,9.338406963907754932e-01,5.271803914290831283e-01,6.147593125777215395e-01,3.722037675136157797e-01,6.101880076409594844e-01,6.833234413483484093e-02,7.538182955470450475e-01,9.799484158134831313e-01,6.182290596982840114e-01,6.639425739884654565e-01,9.491015342967294988e-01,3.708824982525255054e-01,4.920818564565582198e-01,9.607003620986728221e-01,5.662729136535352703e-01,7.879384637053067353e-01,3.447617200225646661e-01,1.120840195000091521e-01,9.748914984526113603e-01,4.695102138615511733e-01,7.279301450190156508e-01,8.488684880234648178e-01,6.536268724016642828e-01,8.754495699439635015e-01,9.369961964328843429e-01,6.592585606473787552e-01,7.135171881370080404e-01,6.811868932080750172e-01,9.225602660001096522e-01,3.379363771760146573e-01,8.695620932651870749e-01,7.090956677754798321e-01,9.731857215548455065e-01,9.260659940254679645e-01,7.748788999019813328e-01,7.760432514555739569e-01,9.796464194234180134e-01,9.841847786569831724e-01,7.831113467615908874e-01,8.216816869612336705e-01,6.473798857524516448e-01,3.537095938693439745e-01,9.969616980420463737e-01,7.386532254258109109e-01,2.603572112032356278e-01,8.400676131147732928e-01,9.459072922031164232e-01,7.315631879276253136e-01,9.311220946109415308e-01,2.803005430670977294e-01,2.757465235959121186e-01,5.558308854885272154e-01,7.770700903949221416e-01,4.257151374225182083e-01,5.413487637649119222e-01,9.314259266903666123e-01,9.703042603769597152e-01,7.772081993109276610e-01,9.614048108026568285e-01,5.676147249346771284e-01,6.515056364193705374e-02,4.989966177845874262e-01,4.265343123362277389e-01,2.620667397748419059e-01,2.149632993230032874e-01,9.262326955628474856e-01
7.779137191426805931e-01,2.108752361604592784e-01,5.411268225641230334e-01,9.156178382783166647e-01,6.850890206587414433e-01,9.776869226958245784e-01,7.473401914344846020e-01,6.264934985474422957e-01,8.124320774382771670e-01,9.192972088489074212e-01,4.753144124528621561e-01,8.408001471162704910e-01,4.483335469846722043e-01,0.000000000000000000e+00,6.257908083938288346e-01,6.368206421975021181e-01,9.907522544896838479e-01,6.943827963348483401e-01,7.516333113175592828e-01,9.589317635846084098e-01,8.104499846879453795e-01,6.045271477659198700e-01,7.686904080377592319e-01,8.993289005121277713e-01,7.457249532137784076e-01,6.008565078674817928e-01,8.902736847488572636e-01,8.224064432050847140e-01,3.597861102115884613e-01,4.536297050574542022e-01,1.314769799236072401e-01,7.618836760318902224e-01,9.247141286029062490e-01,8.254074198481866631e-01,6.761611239817479913e-01,3.379973781140624411e-01,2.999924850277833621e-01,9.418201109157700035e-01,6.073359646858491612e-01,9.235792612971648330e-01,6.758788980190426621e-01,7.779663214269030291e-01,7.323113037138765380e-01,6.193988089824237209e-01,7.532217236895064616e-01,2.710356481844243826e-01,8.339568097310467998e-01,7.237838213576577306e-01,6.737349268419400294e-01,5.078694749833112532e-01,6.637296724192502939e-01,6.820401954128560984e-01,6.984776240613166376e-01,9.417795798063155477e-01,8.801933920039480830e-01,9.290516687287917463e-01,9.492497788137471693e-01,7.774666393355819105e-01,9.431915884149311147e-01,7.630702225634011793e-01,1.445128074511877192e-01,4.230490760513849757e-03,9.985555635943652586e-01,7.781934350671970702e-01,8.980553873047327773e-01,9.463193274360718332e-01,6.864448971843744030e-01,8.893269087972355269e-01,6.773280643294929959e-01,6.592588655286367727e-01,4.530547603444174953e-01,6.872323366238674014e-01,5.191829748719769544e-01,5.415352085356361922e-01,5.823900153690619863e-01,6.893922480050234114e-01,5.280922886345351674e-01,6.190007805846978739e-01,4.965692875591530830e-01,1.147746457452712143e-01,6.075381757725074605e-01,8.168979703866985353e-01,9.605545150514321895e-01,6.536381210388224616e-01,4.069433198713904298e-01
1.695637018377839922e-01,6.721997846294285317e-01,9.353264868935550203e-01,8.848244706200163456e-01,6.903543004499358426e-01,4.584308184160858501e-01,6.943418358570341287e-01,8.154986825568074638e-01,5.449517176432273624e-01,2.514546783643072381e-01,5.371456434245529543e-01,8.568668687651528337e-01,9.024842220006322746e-01,6.257908083938288346e-01,0.000000000000000000e+00,6.733941258771991567e-01,9.716424764779089118e-01,7.045646430090715118e-01,6.824299806458081763e-01,6.498382194825678138e-01,5.707312636273701445e-01,4.643927060479957625e-01,8.916138532953677975e-01,8.237950265523198423e-01,2.348528715384110843e-01,2.086408396545108568e-01,6.103611423497019572e-01,5.042163702127993030e-01,3.505468904594718493e-01,4.311646799326944723e-01,7.245138676694296009e-02,6.992359063033328770e-01,7.191893243391630497e-01,5.396703881667941349e-01,6.608837576364455790e-01,5.425803704203320255e-01,2.034428296604251507e-01,7.628288288908084969e-01,3.702255532983287356e-01,6.246216254276275581e-01,4.681218551309457299e-01,2.070994699558572072e-01,8.874522884316711213e-01,6.905336136739440578e-01,9.041755642050187669e-01,9.729237178316543222e-01,7.403169683354646757e-01,2.618750295706361308e-01,5.396764912231390987e-01,1.868120356661579495e-01,7.452467297043461336e-01,3.563441018152650464e-01,7.906689806937368115e-01,7.642548260811752314e-01,4.892228172143438525e-01,6.111189956443985327e-01,6.348710190254767127e-01,9.582910910910206193e-01,8.497335886714653119e-01,2.402898020426684211e-01,6.051869546146949608e-01,4.516479471036896620e-01,7.509807709624587435e-01,7.084541085351675482e-01,6.712686824243915273e-01,8.972867773817249093e-01,8.327279724173963782e-01,6.715565087548316381e-01,2.426885205085055619e-01,4.708048363855948937e-01,9.475189503675183200e-01,1.055371345047789178e-01,6.890547377796486517e-01,7.884967653615705396e-01,5.841515012969815679e-01,7.737152800666302621e-01,5.210765302649031927e-01,2.246925780747246471e-01,4.014542930811848542e-01,1.626745048734521554e-02,4.562595267127989573e-01,7.761564014875559359e-01,6.015072341920879584e-01,6.216257917994609805e-01,5.553463650588440492e-01
2.063357947508658030e-01,5.188227432234477909e-01,9.999697227499828589e-01,7.787013834998517403e-01,7.777766246983853771e-01,6.288419051080028632e-01,6.592191409640795197e-01,8.090691015382519558e-01,4.938592006830991865e-01,5.214082716788831506e-01,6.750904323401789586e-01,4.974017155319133132e-01,6.607960801187990896e-01,6.368206421975021181e-01,6.733941258771991567e-01,0.000000000000000000e+00,6.293702386075660238e-01,9.135700025409162484e-01,5.574609141327380168e-01,9.387837920378143686e-01,6.176551381016762710e-01,2.650799927920080012e-01,6.127102321796437101e-01,6.143011548543614309e-01,5.914616968553965126e-01,3.858287806739925108e-01,8.026982488738592103e-01,7.972418018126763428e-01,4.008734935631866336e-01,5.902326932530510550e-01,2.823184832776527431e-01,4.984015297661253396e-01,7.854048904035868528e-01,5.599546888546081957e-01,7.647328252684523209e-01,3.875892079829043602e-01,3.350526806164858540e-01,7.529827461261295873e-01,4.510775081907742456e-01,8.004327498499191895e-01,7.716533893595688420e-01,5.597101933210389957e-01,9.937990092341126847e-01,9.090829178767922958e-01,3.620227336144095087e-01,6.840261353478281903e-01,8.529959696774259692e-01,4.516113676862438253e-01,3.928605932954337687e-01,6.439216108529917104e-01,6.687047348973547134e-01,6.996808563201839526e-01,9.147778388037511865e-01,8.095947560056910852e-01,6.235055159112228296e-01,8.919658521426461206e-01,9.938594410797627621e-01,6.469050986271769332e-01,9.822929104795764532e-01,5.267420277994856459e-01,6.775358607435337799e-01,7.602849754792115888e-01,8.407253840089128349e-01,6.883829449071054984e-01,9.695482342335801640e-01,3.541855277222850096e-01,6.705404180342916520e-01,6.344987438053097950e-01,4.074980614892263486e-01,6.568111271542141916e-01,6.054008673352269110e-01,7.052878249525342813e-01,9.923571489789916045e-02,2.244269140804434071e-01,4.378714953832343881e-01,7.389685698359407251e-01,7.858330298797046032e-01,6.756219414620616703e-01,5.843023234054034454e-01,5.070581254490676981e-01,6.011883609255647132e-01,7.143921083092942270e-01,8.507404697656558712e-01,7.144487439231231307e-02,-7.123674069271435094e-02
8.908435037657541633e-01,9.678110649730382598e-01,4.731954123826216385e-01,9.735439803954155646e-01,5.708983109443188653e-01,7.651240940069138352e-01,8.839849516719027189e-01,8.778111737583287333e-01,7.855996057125910204e-01,4.348485214115882513e-01,7.906948683240775377e-01,5.048983659997998696e-01,7.329493797127373256e-01,9.907522544896838479e-01,9.716424764779089118e-01,6.293702386075660238e-01,0.000000000000000000e+00,9.122554965925857573e-01,9.637922615276279803e-01,8.008329636091062742e-01,8.361447545606545129e-01,7.273403328012720825e-01,9.988202795261229561e-01,7.536960171788668061e-01,8.244614734760284946e-01,8.415558843101950126e-01,7.077652579728612725e-01,6.881998020178192732e-01,5.216096201628160900e-01,3.743612173346065886e-01,2.492708396156999573e-01,3.777547437449120804e-01,8.612953035108239508e-01,7.207521711334534675e-01,8.679440212396422050e-01,1.120549262975189531e-01,2.147262120862555856e-01,6.774274264495080411e-01,8.143371880520025030e-01,7.944451446546221263e-01,2.352220530260185627e-01,7.933527244401430423e-01,4.180642791854358165e-01,7.337750834399969779e-01,9.608614376355013587e-01,8.647079064321161468e-01,9.651471428845820322e-01,8.206902306335399633e-01,9.279974854035903942e-01,6.577000320715917780e-01,8.129711451572418923e-01,6.039353058806120611e-01,6.969340518222759684e-01,6.675007485187661738e-01,9.692076921318593108e-01,5.177741942252127583e-01,9.150034957600288177e-01,4.574190021592135502e-01,6.231915911811731768e-01,2.174764782647718026e-02,3.813243238472942553e-01,4.799209925660533615e-01,4.722284850593478911e-01,9.306525895213006994e-01,9.917515258226283770e-01,9.916207566438620669e-01,8.264094151008006817e-01,6.118986486634877542e-01,7.023558248387260505e-01,7.725191320466293643e-01,8.720222245602161637e-01,1.378992707586556288e-01,4.216338309573355314e-01,6.918445357964847497e-01,6.605272711704114341e-01,4.123368394119508729e-01,7.793550516468151779e-01,9.358547485615549277e-01,2.186810594359676063e-01,5.407932179559010732e-01,4.417095660139657709e-01,7.876342333356306513e-01,9.447710248600575955e-01,4.350952503471081090e-01,4.453494106392353324e-01
9.799883447354038601e-01,8.395508388793985199e-01,7.897743554816677447e-01,7.700565942406193409e-01,6.128641179620889501e-01,8.075348656600763730e-01,2.409278605647836025e-01,6.737026278992775952e-01,5.087537149914774792e-01,5.171560886641115573e-01,4.992613818402715231e-01,7.728337171967697428e-01,8.520214253789996084e-01,6.943827963348483401e-01,7.045646430090715118e-01,9.135700025409162484e-01,9.122554965925857573e-01,0.000000000000000000e+00,9.226483130172522529e-01,8.802450528884888659e-01,6.931098614201189889e-01,6.406190800814566266e-01,1.275896711624801838e-01,9.104158094263836709e-01,6.182625367236994629e-01,5.673481595482895434e-01,4.848965148721496310e-01,7.361492237339958278e-01,2.684635478873543812e-01,8.532105129965180668e-01,8.354348395396762883e-02,3.334510420636487282e-01,4.143594730968775397e-01,8.070235697742876857e-01,6.682332794868272030e-01,7.341782283916412077e-02,6.896047663034908515e-02,6.390345635603857932e-01,6.993908976652761789e-01,7.711447670728818204e-01,5.998737769285749089e-01,7.196135797435722070e-01,8.841404722196331001e-01,4.843141687043074906e-01,6.719959980514471631e-01,9.072335890799113622e-01,7.167117725576476195e-01,6.256991047367903569e-01,1.888523071929561203e-01,9.467815281305166364e-01,5.472803053401325002e-01,5.777486596347849446e-01,7.384864249589939700e-01,6.787123905569968363e-01,6.705847205099076946e-01,6.934010296324575329e-01,7.993121262942495253e-01,9.285648426907775477e-01,6.311105072681777450e-01,1.655688368983009306e-01,4.564367548065546565e-01,7.647933265808606329e-01,7.644571778579247745e-01,6.011363003044594144e-01,7.227505354677408178e-01,5.702695265160101501e-01,2.546145240518705721e-01,9.804391743408529258e-01,6.962163607644361596e-01,6.110827210531832865e-01,9.046927756147885580e-01,3.214937031157156788e-01,4.802654001416349905e-01,3.498197182907927250e-01,6.985313334973185517e-01,4.969725225882975495e-01,5.937508062177225820e-01,7.588387864687899942e-01,7.285342754550691025e-01,4.862087205171343740e-01,8.689745998006042083e-01,8.543552155410745197e-01,7.011196600799082246e-01,2.524352490476906019e-01,5.794949731864761366e-01
