0.000000000000000000e+00,9.095026255188696229e-01,4.181445859296705758e-01,4.902447581329921755e-01,8.019436158798944891e-01,8.684334355410225914e-01,5.170810590265297879e-01,6.901541658333708584e-01,8.525268680846121994e-01,8.619851308187461703e-01,7.981335732325064436e-01,8.551583648471967614e-01,7.668131506210080772e-01,5.180686279275770190e-01,7.541755508814740327e-01,5.698235408041656402e-01,6.257705629270783332e-01,8.256228659603278563e-01,7.540460302103715318e-01,9.392780508125515571e-01,3.573244253140895887e-01,4.611618338893893054e-01,3.401651324374594942e-01,4.636740665300084219e-01,9.908854318476915113e-01,8.125848305751419698e-01,9.463655786263578396e-01,9.830167577814222790e-01,2.880734758135155005e-01,6.023815148528797181e-01,2.844267504160838053e-02,9.416613279722856333e-01,9.491546316601594535e-01,8.909643236940077982e-01,9.566973670684445485e-01,6.690693998681149779e-01,4.056227330376874218e-01,8.356025787754194356e-01,4.329082263369775085e-01,5.355849515453984244e-01,5.784105201359838189e-01,8.780878774366982498e-01,8.498693238236161296e-01,7.150149672673040691e-01,4.760653016804974880e-01,8.695449080204572523e-01,4.041812373007886428e-01,8.646093292359330329e-01,9.835340356989747956e-01,9.542723947367776072e-01,3.546958825633349521e-01,9.306754974912015976e-01,7.932099995025061467e-01,6.027208768937274419e-01,8.523121512074600670e-01,6.288595076236577208e-01,4.512901428587036690e-01,9.317956388792232314e-01,9.046845236814611280e-01,5.059257920554601773e-01,5.856200885204263518e-01,9.869135145750674853e-01,7.535209765462154152e-01,8.876541746810217015e-01,9.142070543731884991e-01,7.385131158526899720e-01,6.836100580446112795e-01,6.347460389864330033e-01,8.651212371994786432e-01,8.126454517951536838e-01,2.150688602657520321e-02,3.435478889494766319e-01,7.689895983400155677e-01,6.208162174540209355e-01,8.636196837467446930e-01,7.887772213334169891e-01,4.925933135520650374e-01,8.112585206014111261e-01,4.071435932762518251e-01,4.646669409862679290e-01,8.195692189830272589e-01,6.304094535885506057e-01,8.257781452173483805e-01,4.949247691234304192e-02,7.360910157635465190e-01
9.095026255188696229e-01,0.000000000000000000e+00,7.421315811080922975e-01,6.632389116067956003e-01,6.488740000640353944e-01,7.844892510048178114e-01,4.683072997112629476e-01,8.622070980699432230e-01,6.401926096913610476e-01,6.933293481679418946e-01,5.629729156567725434e-01,8.081482819232892467e-01,7.659510663917933337e-01,9.893665188193410120e-01,4.842079231376746340e-01,3.391128560220289107e-02,4.452420061188217537e-01,4.665006091122608223e-01,9.676990556976092783e-01,9.296707682550191532e-01,8.713389828914005486e-01,6.704772515261884225e-01,6.998743251101707807e-01,8.006267750527433780e-01,3.124309962495849802e-01,7.150858927281206201e-01,7.723146626257659797e-01,6.701474859301704834e-01,7.724636099798188882e-01,2.154431552603909561e-01,1.909586865267175748e-01,4.118829297442890280e-01,8.981932031948635098e-01,5.103922460408478745e-01,7.172927994645513783e-01,2.826728983110143312e-01,4.089783494036863809e-01,9.317125762695521729e-01,6.528463077931835334e-01,5.513796388131088078e-01,3.211657739916776166e-01,8.561648195361813984e-01,8.113504793606246546e-01,8.594255401153881868e-01,8.449127767779849307e-01,8.396783942704271197e-01,9.164875388068461914e-01,7.475593356847566318e-01,6.860871365011367295e-01,5.287155477101239676e-01,6.939146824980875483e-02,7.980207069375675477e-01,9.194169147592212710e-01,3.261282895459041153e-01,4.278302798716148159e-01,6.098320994041832588e-01,7.020783414237902198e-01,6.605457949321513755e-01,4.028056247089724651e-01,6.259400760042421741e-01,1.037834030102038896e-01,2.975809728600633530e-01,5.147790144471765528e-01,8.804709855206576119e-01,6.407808877908588441e-01,8.018965937052171533e-01,7.130755236270626130e-01,2.695701515972353524e-01,5.440031692858153800e-01,6.204423122240301236e-01,3.394982285959394774e-01,5.683872682435552326e-01,5.651072545113919876e-01,9.152024232541069448e-01,7.583296377027969326e-01,6.154647783601672195e-01,7.465225334684358893e-01,3.143576354985304633e-01,5.134581945989387108e-01,2.807583536375258815e-01,7.851721334191399393e-01,9.277085706277214960e-01,6.924353634937032709e-01,3.628244649034986224e-01,8.529710178274692023e-01
4.181445859296705758e-01,7.421315811080922975e-01,0.000000000000000000e+00,5.787012053394369193e-01,9.293295514435715443e-01,9.143585022623256231e-01,4.023442652799231745e-01,8.940504767798124197e-01,9.266427905338705528e-01,5.683721257071356892e-01,8.071786934036974115e-01,8.971464703349694148e-01,8.801815338406908662e-01,8.713963549135395059e-01,8.591374947762767667e-01,8.105379551030043039e-01,9.837650373579762686e-01,6.188094063892043417e-01,5.908776431854977362e-01,9.399368948416227942e-01,8.267858798648772822e-01,8.587320349265894492e-01,6.148094062291131756e-01,8.538123200162538451e-01,8.254857854954956720e-01,6.764793437122130770e-01,7.002342372740567589e-01,9.610177665679413561e-01,6.668711191703926566e-01,2.604634769869589861e-01,-6.055315171417441356e-03,9.615687056321918780e-01,9.744001549001124474e-01,8.659109916686322794e-01,6.303070437439804996e-01,6.278362165472931578e-01,6.680768967322376906e-01,7.178141015991262863e-01,6.228430884617938146e-01,6.809679413316074292e-01,9.446226401276300866e-01,9.758712553808692736e-01,7.211008322191834186e-01,8.572460240673189791e-01,7.541847123417562138e-01,3.703081519503482744e-01,5.108456630369933027e-01,7.297339515252223574e-01,9.497792883471021241e-01,8.053992206447687652e-01,9.085870174519392606e-01,6.655506287804922039e-01,9.784471657929171284e-01,4.864089219900039063e-01,8.673259041731812280e-01,8.404459908615076191e-01,9.726694387873126013e-01,9.536130218726230900e-01,8.142032157756234900e-02,5.403802599901050829e-01,5.131311764905146511e-01,8.347888319223707443e-01,7.982689552257009602e-01,6.244386181818672998e-01,8.877827856489501901e-01,6.185318704964838377e-01,9.373986334570302281e-01,8.343975316294971467e-01,8.978284678518827500e-01,9.296531742423962408e-01,6.488850200575587701e-01,8.720481567153146596e-01,5.218519198612163734e-01,7.083132793920027259e-01,8.559238727143051451e-01,5.009791759894911545e-01,8.895492286486511579e-01,8.422481051043012590e-01,3.047682837690441904e-01,3.594057097588870819e-01,8.797610930820302100e-01,5.385974153255430608e-01,8.050488446033258194e-01,8.528089297017699133e-01,8.293554914532301758e-01
4.902447581329921755e-01,6.632389116067956003e-01,5.787012053394369193e-01,0.000000000000000000e+00,9.404019456045664693e-01,7.959223341510217598e-01,2.659072419292339839e-01,6.564646534805710365e-01,6.402124281219557789e-01,6.660071234623015091e-01,9.227742563185838964e-01,7.128722771127005142e-01,4.792540210428046232e-01,6.006734248333107651e-01,7.101460610327570144e-01,7.232835386314441228e-01,4.136775555532720139e-01,5.924979674166417354e-01,6.546711732200375389e-01,9.247658798319121631e-01,8.617870903913167346e-01,8.726067013167889685e-01,7.036998271818625250e-01,9.048005114047189545e-01,5.134251208289618562e-01,7.431499616640205863e-01,4.225682592574217522e-01,6.646573459263331873e-01,4.141492318545746953e-01,4.517679688139757954e-01,7.800860572430557971e-01,7.677622207331893378e-01,5.025266373578640700e-01,8.314860935973387157e-01,7.891940194135873554e-01,6.227702422202003874e-01,4.905444196601517759e-01,7.246982695068826530e-01,8.253487476287891811e-01,8.485550835206574494e-01,3.841009955751937266e-01,6.116138306133683811e-01,7.572582155123345204e-01,2.023478367959614110e-01,8.964758321817156705e-01,8.729003661918700585e-01,6.244013061892865757e-01,7.628362377929307492e-01,4.885735937875996249e-01,7.195680439086513669e-01,8.349129544142708248e-01,7.817336000539870655e-02,9.096142864998025823e-01,6.079057406488256321e-01,8.182542219173442044e-01,4.321845586958967256e-01,8.162693954476888392e-01,5.099134148618539308e-01,8.874727878788830626e-01,2.456131539923961937e-01,3.682172940174822662e-01,9.044463220326599551e-01,8.520633619840675133e-01,8.397977367342543964e-01,6.805235443344599400e-01,7.244806393109711751e-01,7.521744307907094473e-01,8.312126459844512150e-01,4.559880440325480566e-01,8.706814647580531918e-01,9.866350674712849322e-01,4.524595706712087329e-01,3.247190342828796261e-01,5.318307179369503590e-01,7.740152992704196766e-01,6.859638544138350058e-01,6.834969404091104650e-01,7.987310528219870864e-01,5.393736791199633673e-01,2.599410474903180446e-01,4.387665955743958457e-01,6.919201300622574990e-01,8.850683148983209403e-01,8.315286034493183376e-01,6.588408994988583789e-01
8.019436158798944891e-01,6.488740000640353944e-01,9.293295514435715443e-01,9.404019456045664693e-01,0.000000000000000000e+00,7.494563197727568404e-01,7.273007081462183887e-01,9.749926315920856013e-01,9.389792512630256160e-01,9.816636607058906172e-01,6.243840889989957788e-01,9.765866878234513715e-01,2.429164743224764278e-01,5.913354860278483560e-01,3.332051502916218988e-01,9.219279779935083408e-01,8.294019063474455944e-01,9.323932871267153200e-01,4.043903517209247456e-01,6.808937423803874678e-01,8.297159121450192742e-01,9.721831717838566034e-01,8.583950268119125981e-01,9.707749930429543372e-01,7.889417650434754625e-01,5.056605592559058060e-01,5.643354013980370620e-01,6.924726526081182998e-01,7.445924603447977574e-01,6.041179007338970397e-01,2.699904562730506483e-02,6.592901775902885175e-01,7.882810619056777046e-01,7.210007225261858554e-01,3.344148663972659197e-01,9.258426319815400429e-01,2.496031004845083723e-01,7.768843303388797139e-01,4.372950524220939328e-01,6.386667208184363398e-01,5.321614593688611672e-01,9.658254955225331617e-01,6.511022585900423376e-01,7.934199484418880122e-01,4.371252186123789629e-01,7.124531353352034913e-01,5.656550113948548564e-01,3.935519403797417270e-01,2.301345127785118516e-01,4.727665325929802931e-01,7.836360733709601956e-01,6.964000795018941981e-01,6.712298173533962631e-01,3.554873390157585189e-01,9.233062094873916159e-01,5.740777232049909529e-01,6.833173109944287171e-01,8.405778187888526265e-01,6.514049612160510705e-01,3.621751592628274508e-01,3.942982739108970569e-01,5.156792383810433478e-01,3.337602779157148869e-01,4.411935094104547095e-01,9.503429580851199265e-01,8.260700417069923862e-01,9.667214963913287606e-01,8.666878438867516854e-01,6.056600153487063931e-01,6.640731112574300710e-01,7.574059949217545329e-01,3.521271603195231803e-01,2.007151927775515377e-01,3.676798881493058557e-01,6.410141942956167904e-01,-9.188819694567186558e-02,8.329900619530021810e-01,7.729435940970224017e-01,2.878870121966816686e-01,5.823973359378141756e-01,2.638726450831939130e-01,7.250138803950265665e-01,8.669689863516296668e-01,3.705338478145577819e-01,7.606390478607933936e-01
8.684334355410225914e-01,7.844892510048178114e-01,9.143585022623256231e-01,7.959223341510217598e-01,7.494563197727568404e-01,0.000000000000000000e+00,6.463964095793347520e-01,5.772948020290665783e-01,9.911260830488455298e-01,5.929597045800689692e-01,5.726173875343789632e-01,7.805940154721923152e-01,8.359946741844284102e-01,9.160656600011334305e-01,8.742394728585580754e-01,7.411880250604736542e-01,9.096775677364481449e-01,9.272072773624443487e-01,9.612611272334743440e-01,7.884025633063167504e-01,4.936779384048066710e-01,7.755107602055801852e-01,9.471871444223751713e-01,9.753592348611210827e-01,5.434631586484780508e-01,6.066373398040950660e-01,9.757742607948931557e-01,4.805444225515930756e-01,3.533269118598720837e-01,4.827605580298460763e-01,5.589689042817322928e-01,6.859416025300407727e-01,9.795502902560184744e-01,5.365809486997563660e-01,9.344734442457467427e-01,5.020675061723455235e-01,6.173765412088203508e-01,5.691707714328595458e-01,7.779650267335129765e-01,7.273427039476509925e-01,3.438984659106597563e-01,9.611408194860119325e-01,9.325065872863020910e-01,6.174308045308264381e-01,7.888669497841960254e-01,1.496635741267315911e-01,2.867933643450903403e-01,8.516474843953464324e-01,4.061921584343383129e-01,6.700698777081801616e-01,6.058840838457503208e-01,9.641946239533624174e-01,9.294909777756472646e-01,7.530419411294897447e-01,6.940753792593764571e-01,7.791957904370930832e-01,4.341218904299750658e-01,5.388187393166297134e-01,9.701269529970365513e-01,2.598461419827149954e-01,7.492502305819013220e-01,3.955882731352682313e-01,7.633631882024519699e-01,6.660496703371645566e-01,8.202432252217972675e-01,4.350043737055941939e-01,7.782534416134831989e-01,9.383532433628045677e-01,2.675691173940692447e-01,9.851152213799585500e-01,9.879682528476709802e-01,5.089518319929843271e-01,9.869696599063261244e-01,5.183448636937280085e-01,4.948432840239225250e-01,9.063612722649261322e-01,8.887954252161232027e-01,9.208045810731174674e-01,6.883705376965648659e-01,5.536265284183590485e-02,4.130123842246421484e-01,8.707457198354564554e-01,6.647441006415586440e-01,5.077110562311349939e-01,5.397463118327922027e-01
5.170810590265297879e-01,4.683072997112629476e-01,4.023442652799231745e-01,2.659072419292339839e-01,7.273007081462183887e-01,6.463964095793347520e-01,0.000000000000000000e+00,8.733675477032405432e-01,7.207298626273059838e-01,5.476134673908839012e-01,7.969421316996767590e-01,5.419661703171144707e-01,7.801711886802960016e-01,1.006937896687111894e-01,9.914070411046014275e-01,6.097670964697462503e-01,9.428261790483993821e-01,6.010851898067336441e-01,5.494134922805131716e-01,9.037782713658832900e-01,8.231353347425666156e-01,5.919814280977228060e-01,4.472721210188006502e-01,7.203766146004064730e-01,6.786208430197420149e-01,2.852018601487407157e-01,6.650998875431742841e-01,7.280794486423665113e-01,6.443681378188941267e-01,6.113352237327613903e-01,5.699082305894562772e-01,3.800014726122762782e-02,2.462922906770883547e-01,2.192891789655417312e-01,7.649705772852206653e-01,6.380745173776074530e-01,5.598886473497671767e-01,4.573644531752036335e-01,4.968988793500294654e-01,4.351165289699575056e-01,3.128514463533851875e-01,5.289292843395455579e-01,8.609090316992711323e-01,9.053554766604179349e-01,6.119297474089308020e-01,7.717087685820533949e-01,1.041356271344495710e-03,6.322993975726470817e-01,4.691316448046495835e-01,3.059920784290898754e-01,6.618002275798938738e-01,6.550237252748444261e-01,6.110477786289654212e-01,6.754164394862973708e-01,7.424186332687630063e-01,2.983446291561485664e-01,7.299146397424091104e-01,5.684189292424934870e-01,7.016642428690711419e-01,5.432315126596712895e-01,7.197236985546924259e-01,5.678401639522188127e-01,6.465195196533760624e-01,8.648925932449227361e-01,6.476271494299782328e-01,5.048022425197744578e-01,9.168788749184698661e-01,5.780496074110726967e-01,3.059177139147395419e-01,5.875044070584232170e-01,1.102962172703416260e-01,7.854272130391317663e-01,6.905394547327777799e-01,2.904590956723932527e-01,2.779594984588037443e-01,2.714289018287076583e-01,7.443082834779493062e-01,2.909695028868516942e-01,5.438443168534643490e-01,-6.122315736691025245e-02,4.064465012175265679e-01,7.941531092360091248e-01,7.314341603556503424e-01,5.595498652644657067e-01,4.283970905965563958e-01
6.901541658333708584e-01,8.622070980699432230e-01,8.940504767798124197e-01,6.564646534805710365e-01,9.749926315920856013e-01,5.772948020290665783e-01,8.733675477032405432e-01,0.000000000000000000e+00,2.276072213259578980e-01,7.857369356010492911e-01,6.065599846624476488e-01,9.066564951331669286e-01,9.255091450762619187e-01,7.767920469161673225e-01,4.733168204772952858e-01,6.100232707484567474e-01,7.200571781014841743e-01,6.386527276621352112e-01,6.955629752790984943e-01,6.455055313494841851e-01,9.052146639089087010e-01,3.083349629108149137e-01,9.402893928643354382e-01,6.985287865808486041e-01,6.600390909662020578e-01,4.869121856450664976e-01,6.744804354323288287e-01,4.943631906841408630e-01,5.916762362425653787e-01,2.327409667475812127e-01,4.195020709031774819e-01,7.694846883266815984e-01,6.288436920079401027e-01,5.066411847520891909e-01,6.321450481479004013e-01,7.587943127803933319e-01,-8.354079739446962360e-02,7.337544253435533959e-01,6.545114435382122231e-01,6.389214522837841637e-01,3.938649231919425509e-01,5.016418426645798956e-01,6.167916399949795458e-01,5.017121735778918845e-01,8.615343836977735759e-01,4.178521026183139586e-01,4.067599742656026196e-01,5.128965680969149732e-01,6.498195230218498653e-01,4.151783710849946685e-01,5.235019559160413172e-01,6.122101756082453106e-01,4.949245552149795224e-01,4.040228611506313516e-01,4.292677574405209251e-01,9.664292331675582437e-01,8.863272457695001716e-01,8.487337355497813762e-01,6.610608396319476165e-01,5.725468832790947538e-01,5.936041979784003608e-01,8.136288629538021011e-01,7.627360520430811475e-01,6.729225813134581680e-01,9.074940733681741145e-01,2.935860084227890354e-01,5.067820240748736049e-01,8.644751654359091875e-01,9.822468739737424959e-02,6.265148659695010114e-01,7.210107882526766154e-01,2.895104722288381893e-01,4.796145273829262590e-01,7.787616057596880026e-01,2.574134075475343897e-01,4.282962940545984032e-01,7.683368244655437440e-01,4.662372867514368302e-01,5.514443086644786884e-01,5.744032332444978239e-01,6.451146305390541569e-01,4.190076684712140120e-01,9.383041051778625574e-01,5.124774658864597043e-01,7.197399796483354706e-01
8.525268680846121994e-01,6.401926096913610476e-01,9.266427905338705528e-01,6.402124281219557789e-01,9.389792512630256160e-01,9.911260830488455298e-01,7.207298626273059838e-01,2.276072213259578980e-01,0.000000000000000000e+00,6.559413729964065354e-01,8.335428238057503991e-01,5.509377824143787405e-01,8.473250201385529312e-01,5.139199939592314914e-01,6.821869939562142937e-01,9.632807816734864081e-01,9.643949597334512402e-01,9.876255348458647110e-02,6.924855442689039631e-01,2.124734689331962967e-01,8.719376502192589529e-01,3.639698982283852136e-01,4.947451526396943189e-01,7.523108111809373444e-01,5.977320386777612571e-01,7.630337297942861863e-01,5.478214125924479871e-01,7.887628222615796769e-01,2.329974219562292448e-01,5.052102495921153569e-01,5.590809116127435363e-01,5.257930326398219112e-01,4.885988586444989235e-01,5.747105075112489692e-01,5.512238632330039856e-01,-1.268537946818592554e-01,6.108894208910522483e-01,3.272144765380214926e-01,7.573000715361561941e-01,9.593513071616539545e-01,3.114156465158068876e-01,7.876656972856856953e-01,4.675469996840578846e-01,8.343444562109666451e-01,9.676905233356104530e-01,5.700580017035774549e-01,3.846196196146433044e-01,7.734834471467222361e-01,6.865064816327408614e-01,5.076421826676099647e-01,9.330190797565415251e-01,4.196273629897765423e-01,8.560832087801421020e-01,9.340443148949755248e-01,8.214568467126529550e-01,7.098637684435903372e-01,9.658065326070188750e-01,6.275142248349985241e-01,6.318562198915793626e-01,4.953244458678180417e-01,7.352326508049900067e-01,6.387563311478915429e-01,4.631231430614143330e-01,8.915995715619365880e-01,8.834679121117005041e-01,6.564967220925117530e-01,6.523221841816272126e-02,9.657997623782129670e-01,6.581652642103477113e-01,5.697919097497606833e-01,6.233910642629678645e-01,7.463776595301431227e-01,-1.707009987989988598e-01,8.087117572603903515e-01,4.387143127106662432e-01,2.589073589600636716e-01,7.141511091912469134e-01,3.501413992258648467e-01,4.409682613472575841e-01,2.118979192090504060e-01,6.020098333023603532e-01,8.782855855343503215e-01,8.243560188598235694e-01,5.502636090729901008e-01,8.457263862820384448e-01
8.619851308187461703e-01,6.933293481679418946e-01,5.683721257071356892e-01,6.660071234623015091e-01,9.816636607058906172e-01,5.929597045800689692e-01,5.476134673908839012e-01,7.857369356010492911e-01,6.559413729964065354e-01,0.000000000000000000e+00,2.941230933646121204e-01,4.290482717647051136e-01,8.335324316054776306e-01,2.044337378912108039e-01,9.551745702580409780e-01,6.268562984257354254e-01,3.788189131572602397e-01,4.790460352489320783e-01,5.544647625540244373e-01,9.121861330540537161e-01,9.701303566429253511e-01,6.321904371250253174e-01,6.564560496076895513e-01,7.170281001205556226e-01,4.119929537983837986e-01,9.956868293911524948e-01,-6.243162555772049926e-02,9.976249140518891334e-01,4.248785502334980757e-01,7.306200170007935979e-01,4.854947831342602549e-01,3.403968129153079891e-01,6.477873928148772942e-01,5.052043115739358603e-01,1.071736815440482299e-01,4.006830597163373309e-01,5.575871447124947089e-02,7.488908585955947883e-01,8.964071586459484431e-01,9.390628269112640814e-01,8.809238993710389876e-01,7.360567154411532531e-01,8.393985181682229735e-01,-1.988366750894243751e-02,7.993131927475956022e-01,7.502396167741152144e-01,6.573236030484338466e-01,9.203089214082778025e-01,9.422023903218544882e-01,7.412264383685404079e-01,7.605582265753292326e-01,7.131472197319205231e-01,6.201290102509445790e-01,2.054832741759688997e-01,7.060233779378425334e-01,8.068690246315127768e-01,6.881793586912424709e-01,9.298453065658298655e-01,9.237048511319269073e-01,4.000228788191406704e-01,4.810633396307987253e-01,3.031182382969320743e-01,7.994628764523784570e-01,8.743266589757945351e-01,8.560028446219120069e-01,3.847264661524005813e-01,7.062941572132723778e-01,7.027836416027426480e-01,4.887050750750579486e-01,4.654564443882126534e-01,6.366386562191579390e-01,7.908819050336848289e-01,2.998465294966140005e-01,6.641136174438136974e-01,6.106344518087651885e-01,9.362367790223078412e-01,7.349161133708578264e-01,5.651913048747712054e-01,3.911853787611982436e-01,1.488518749946135533e-01,5.908211509621194013e-01,8.603820443353017433e-01,9.392414033914032734e-01,8.685141841679532293e-01,5.202640690213390373e-01
7.981335732325064436e-01,5.629729156567725434e-01,8.071786934036974115e-01,9.227742563185838964e-01,6.243840889989957788e-01,5.726173875343789632e-01,7.969421316996767590e-01,6.065599846624476488e-01,8.335428238057503991e-01,2.941230933646121204e-01,0.000000000000000000e+00,5.765035918859010566e-01,6.936819862822447558e-01,9.784423174352087083e-01,1.956898910381367485e-01,6.928338918784567868e-01,8.609634866725058844e-01,9.027066551714402198e-01,5.015199860173177315e-01,9.742599889239461630e-01,4.638945761278329138e-01,1.981753400239291141e-01,8.238222623692675883e-01,9.871577971737056645e-01,6.476983759726575585e-01,6.915795309861696438e-01,8.335490936881960744e-01,7.769363321642420717e-01,5.480880463082585807e-01,3.106452812259963281e-01,2.663468619155557326e-01,5.255702886697599663e-01,2.508269152851032580e-01,6.096814175576759087e-01,3.354838322234425796e-01,2.938249502716815953e-01,1.001025068499630799e-01,7.478905163222632213e-01,8.104444874129946852e-01,9.913205159876971040e-01,3.327377090533425452e-01,5.072848633249367190e-01,6.959988224226567599e-01,4.483750043866605584e-01,7.653879532153774479e-01,8.532454064261024707e-01,7.566276887550404950e-01,4.773714612592625528e-01,4.794395210908443672e-01,6.228762562537530911e-01,7.827714386420313586e-01,8.957938421866507017e-01,8.864136359943207699e-01,8.275239139063107485e-01,6.591643849951607237e-01,3.892606743014427328e-01,8.148114886711806948e-01,8.634573119080682924e-01,8.899939949554476204e-01,3.969400926333259694e-01,3.723989851406309670e-01,6.581134466464098054e-01,8.696865062874997720e-01,6.475426383811259123e-01,7.469425970137926196e-01,7.074235744682852989e-01,7.039387717980992720e-01,9.123098002275481511e-01,6.912522626306575324e-01,5.358721353581611391e-01,6.734397785785123380e-01,6.445614667029576639e-01,6.060032463284629189e-01,3.107507141749709656e-01,5.282782135460282330e-02,7.109701095027354256e-01,3.310670871614072031e-01,7.615788260486289207e-01,2.722461258217210300e-01,3.553392375236245071e-01,7.241843772887739394e-01,9.550179836647699760e-01,7.302307765909781256e-01,7.097186850968643101e-01,4.646163688614818876e-01
8.551583648471967614e-01,8.081482819232892467e-01,8.971464703349694148e-01,7.128722771127005142e-01,9.765866878234513715e-01,7.805940154721923152e-01,5.419661703171144707e-01,9.066564951331669286e-01,5.509377824143787405e-01,4.290482717647051136e-01,5.765035918859010566e-01,0.000000000000000000e+00,6.842139718595169340e-01,8.905150972105023710e-01,6.378728621110519859e-01,6.217461925608307460e-01,9.528029022299502326e-01,5.027455191078536445e-02,7.093798312461511157e-01,9.346852469594489898e-01,7.249111429146130048e-01,2.946789862285217887e-01,6.769745176819624843e-01,4.461207969160388975e-01,9.802752629877797830e-01,4.563520700853820333e-01,7.759889868517406697e-01,6.029031839132084070e-01,2.642932084323877939e-01,7.406366280172379524e-01,4.251258681584481058e-01,2.341255661665521126e-01,6.926883685559945825e-01,8.723040296081927547e-01,8.773086735539333825e-01,6.040974959518745635e-01,2.091757751710074387e-01,9.213598397126580020e-01,9.622937825367999798e-01,7.061660508043116069e-01,7.523793976031586395e-01,7.713648470652160194e-01,6.744305461519974898e-01,4.152825918424895013e-01,9.262876435040670042e-01,9.204921866286875920e-01,4.656935229403624255e-01,6.198775831133501724e-01,2.626105522111390478e-01,4.665764738243172727e-01,9.199548629736548078e-01,7.106446090641207469e-01,4.805388211891302719e-01,7.460991495675781682e-01,6.929217495506840852e-01,7.163149749026831437e-01,8.325375114634817608e-01,6.468651291558604743e-01,1.953631749528592920e-01,8.190482468952109407e-02,6.157951337692390004e-01,3.915532416652758307e-01,7.804265280631395019e-01,9.202255544476043436e-01,9.585621037347565876e-01,6.961285016161050665e-01,7.032097555513014964e-01,3.027114545148267832e-01,7.433263277273804981e-01,7.934693833642549876e-01,6.013101087243506448e-01,4.005560178366546209e-01,4.727588581797208533e-01,5.150775555649149684e-01,7.763519355593075932e-01,7.476732636980396585e-01,4.362311872181772743e-01,1.629555987802161765e-01,2.693187143505195169e-01,5.345103932549790660e-01,7.482092026923140571e-01,6.700030777119198033e-01,7.933214112632485104e-01,3.498054730489997821e-01,7.409599279982002074e-01
7.668131506210080772e-01,7.659510663917933337e-01,8.801815338406908662e-01,4.792540210428046232e-01,2.429164743224764278e-01,8.359946741844284102e-01,7.801711886802960016e-01,9.255091450762619187e-01,8.473250201385529312e-01,8.335324316054776306e-01,6.936819862822447558e-01,6.842139718595169340e-01,0.000000000000000000e+00,7.458784361169580324e-01,6.638323641404464404e-01,7.660194250698769691e-01,3.817146399497732268e-01,4.482807890946744478e-01,8.066504458158794133e-01,2.714659796961877425e-01,9.237793658246478135e-01,8.087855449865185564e-01,9.836907600736585211e-01,5.921421389424859072e-01,4.468457321097901169e-01,8.787192953655155181e-01,6.108893970854607502e-01,4.858553629760132275e-01,4.567255347385809627e-01,1.915155556017541505e-01,3.722408152173829476e-01,7.334987915039591355e-01,8.159252514189500038e-01,6.925671169681074657e-01,5.516445901603246327e-01,5.171461201705491728e-01,-4.676230931049180084e-02,7.279711516807111371e-01,9.077961682215329731e-01,7.708161467043522785e-01,-8.975459498450548412e-02,6.000890675319801026e-01,9.461604477376976963e-01,5.568737299116832684e-01,8.261141923913126739e-01,4.261452959104043980e-01,4.469457979324164554e-01,9.757906019861228852e-01,6.915522615326503697e-01,8.049378050508898541e-01,2.857029218974574403e-01,4.331032661882574519e-01,7.289163442317165842e-01,7.432749584709791302e-01,9.504746781973565373e-01,6.035985641889470843e-01,8.231925460806936989e-01,2.637101349136352635e-01,7.718530170519091183e-01,4.931827429011644837e-01,2.982220431955850404e-01,7.276497050930086363e-01,4.207150192501016295e-01,6.891006816734571716e-01,6.056241827408617162e-01,5.246313504740814926e-01,4.358215008145693847e-01,8.672745908541111826e-01,4.280630273118073426e-01,8.892557176722027945e-01,7.864663148444950291e-01,7.894291347487819577e-01,8.867065555748702144e-01,4.119995169600170204e-01,8.691753616247569481e-01,6.708019115163665891e-01,6.977171992789926724e-01,7.653913851999777362e-01,5.078754296660644707e-01,2.735266352911303045e-01,8.061902676264985912e-01,9.791119299736170678e-01,9.677046544353368196e-01,4.554542750411501584e-01,6.726360107761548690e-01
5.180686279275770190e-01,9.893665188193410120e-01,8.713963549135395059e-01,6.006734248333107651e-01,5.913354860278483560e-01,9.160656600011334305e-01,1.006937896687111894e-01,7.767920469161673225e-01,5.139199939592314914e-01,2.044337378912108039e-01,9.784423174352087083e-01,8.905150972105023710e-01,7.458784361169580324e-01,0.000000000000000000e+00,6.498491802702812681e-01,8.030363358650537409e-01,7.905361210666830285e-01,7.889682414815172296e-01,6.815250810920689961e-01,7.156425168329511033e-01,8.668425114889797278e-01,6.663564365047052185e-01,9.173133978765261043e-01,6.013616521778215596e-01,9.312345497566677510e-01,2.774644777092944437e-01,7.989677699950352707e-01,6.878553137595962985e-01,9.370983368906748989e-01,1.824615627971913623e-01,6.899449495037812685e-01,8.607698319242791385e-01,4.687820036629437026e-01,8.777451029880665168e-01,5.030994142455997853e-01,7.180100945143502722e-01,5.126982067986556729e-02,9.210170696499251353e-01,8.114033781241475340e-01,4.764261353241313057e-01,8.232566636820912720e-01,2.940153732835720235e-01,4.874050486027322049e-01,4.021476754283748734e-01,9.809301876066913728e-01,3.194605096347111206e-01,7.920033972494404662e-01,9.799415944045122284e-01,8.901866290852977759e-01,4.143503898342958403e-01,7.685274311333203379e-01,6.080201007620603670e-01,2.481182524331825845e-01,7.890294477532066031e-01,6.532475482164497027e-01,7.849131693635204021e-01,4.217786358984557671e-01,5.743862354458589836e-01,6.408533408343889404e-01,4.379176283273330528e-01,1.825249327651209119e-01,6.134813204058822134e-01,8.453812923616866870e-01,9.268383074431614244e-01,8.188047013289030396e-01,8.773748856530290130e-01,7.509662006028219317e-01,9.562558007801069682e-01,4.991802063987149651e-01,7.114261745641060619e-01,5.349649709967558842e-01,9.479849072072961125e-01,5.401695637022992935e-01,4.424611355806484236e-01,2.387728505247457278e-01,2.455863874027558180e-01,8.376113671916211034e-01,7.967360443374690293e-01,2.533299635553471485e-01,5.888442007450614968e-01,5.934348699698127616e-01,7.656422370051531034e-01,8.862069581368795523e-01,5.912930523178775433e-01,8.410559690679884071e-01
7.541755508814740327e-01,4.842079231376746340e-01,8.591374947762767667e-01,7.101460610327570144e-01,3.332051502916218988e-01,8.742394728585580754e-01,9.914070411046014275e-01,4.733168204772952858e-01,6.821869939562142937e-01,9.551745702580409780e-01,1.956898910381367485e-01,6.378728621110519859e-01,6.638323641404464404e-01,6.498491802702812681e-01,0.000000000000000000e+00,4.713077011701718444e-01,8.761115901094682634e-01,8.624138973205663916e-01,5.726359219460741556e-03,9.792431824631079307e-01,9.685043684409735398e-01,7.747759794666857491e-01,7.025952580005700998e-01,4.443319660806935301e-01,7.428290367241912051e-01,3.005136867961601399e-01,9.521779038857576261e-01,9.218039620249207644e-01,2.368153179981406509e-01,4.352018721066564511e-01,7.747435022740998267e-01,6.845199627922501362e-01,5.326333728035226311e-01,4.634456035120233519e-01,7.289445830697571793e-01,7.761375748172739675e-01,5.895213144719211318e-01,4.272545353265231466e-02,9.559513400567847263e-01,7.379304017216337108e-01,2.800329660196326786e-01,8.447228772390479312e-01,7.418014660046892139e-01,1.416260512638879421e-01,7.753696132133255370e-01,9.934993359837630544e-01,9.301411216944724947e-01,7.382525773566442906e-01,4.808671619839188227e-01,7.281769958755642813e-01,4.767924232775200277e-01,7.231894396462255070e-01,9.547677889051415789e-01,5.376682981518771109e-01,9.150706608316405699e-01,4.032002446429014397e-01,7.713822806637191665e-01,8.392162318687419464e-01,8.812508133459124871e-01,7.443095233583473247e-01,5.272195524708409714e-02,9.334783993716505579e-01,7.522489476761727856e-01,8.524530661260248943e-01,6.009695410161253193e-01,6.936134101085644765e-01,8.737806705809320063e-01,9.660275475737505335e-01,-2.443402853407145026e-01,8.487285767816906690e-01,7.226948381477757977e-01,9.960940879907083101e-01,6.742479132175842604e-01,6.464119430189494420e-01,9.750669128219743298e-01,7.482705249792824809e-01,9.126882408280555525e-01,7.409988020998374836e-01,6.759102073615873563e-01,1.607639509191931826e-01,3.298710573201177887e-01,9.952943319086198226e-01,8.810403049837278733e-01,7.140627457588368809e-01,7.786389744074643238e-01
5.698235408041656402e-01,3.391128560220289107e-02,8.105379551030043039e-01,7.232835386314441228e-01,9.219279779935083408e-01,7.411880250604736542e-01,6.097670964697462503e-01,6.100232707484567474e-01,9.632807816734864081e-01,6.268562984257354254e-01,6.928338918784567868e-01,6.217461925608307460e-01,7.660194250698769691e-01,8.030363358650537409e-01,4.713077011701718444e-01,0.000000000000000000e+00,6.952431411069914802e-01,5.140910678193497674e-01,7.136385837309108249e-01,9.244666703910775496e-01,8.654368970427828156e-01,6.917648072058424358e-01,6.612117722490344907e-01,8.458445977453648013e-01,6.398273347525854637e-01,7.504417534870171380e-01,9.225311580066508643e-01,4.012381600960774897e-01,4.937424599922075052e-01,5.093586176930963161e-01,1.462725688157656412e-01,7.213457875335607117e-01,3.136796293480427766e-01,9.121732868543762640e-01,7.847643937037244166e-01,4.892446355875327280e-01,2.009942686354413144e-01,1.984601843819215616e-01,9.919002335279821780e-01,9.403022209612991178e-01,5.827528874093946820e-01,4.759092599199023499e-01,7.248222515677495981e-01,5.855211912990484491e-01,8.330169493045298523e-01,8.908872466996136108e-01,7.991972588716114156e-01,3.624461337549199635e-01,7.318805421902675468e-01,7.449879643101655624e-01,7.009952259433438471e-01,8.268648428753440083e-01,9.475537531094129218e-01,7.023795217555410808e-01,2.307638289184907321e-01,4.223082665165360794e-01,4.426124129382104089e-01,8.271699315446952028e-01,8.698878801387032178e-01,5.186383282861736221e-01,3.221098346673951229e-01,9.207324928015446774e-01,4.866991485810103768e-01,7.269829103627898359e-01,4.773450691771403687e-01,2.237714024540893021e-01,5.417338535690329193e-01,7.640496401425775908e-01,6.451857570000946174e-01,7.499335980494519216e-01,6.800603536643805569e-01,7.061878300211097415e-01,4.757140121732063021e-01,7.307815335890420760e-01,7.891072564151717650e-01,-5.099903520499345921e-01,7.346319262843173936e-01,2.199912292716320050e-01,2.433566285186326006e-01,3.825419350394791973e-01,8.773084761816085653e-01,9.829600691191666684e-01,6.830127080707709686e-01,7.567387673010487203e-01,8.935241759451171273e-01
6.257705629270783332e-01,4.452420061188217537e-01,9.837650373579762686e-01,4.136775555532720139e-01,8.294019063474455944e-01,9.096775677364481449e-01,9.428261790483993821e-01,7.200571781014841743e-01,9.643949597334512402e-01,3.788189131572602397e-01,8.609634866725058844e-01,9.528029022299502326e-01,3.817146399497732268e-01,7.905361210666830285e-01,8.761115901094682634e-01,6.952431411069914802e-01,0.000000000000000000e+00,7.460802247152352740e-01,8.917473543037561790e-01,9.641716453475196458e-01,2.733027328023702185e-01,3.647213893151066699e-01,4.825236803150889653e-01,2.835002693127512963e-01,4.912469291528911430e-01,9.310232941002077878e-01,8.380779220682659236e-01,1.689031507890488282e-01,5.555327770037536972e-01,5.032508294990715170e-01,2.928508865521692872e-01,9.273897928975345373e-01,2.143722242748659079e-01,6.817192251946847525e-01,7.518849295255343179e-01,4.662749908042880809e-01,6.615567574609111379e-01,9.404420940716101684e-01,5.317605335544201006e-01,5.861724253594119416e-01,3.959498617101026019e-01,6.412546129921122828e-01,7.855159642447815393e-01,6.459010797526120173e-01,9.668678792799336730e-01,9.714394308724277893e-01,9.065288474442665390e-01,4.354551225135579462e-01,8.387423275754777308e-01,1.808857749335275253e-02,8.626202243559565330e-01,7.839991698910119267e-01,2.965164720860925529e-01,4.942925545901475370e-01,4.593257133865601971e-01,7.826303261213150009e-01,6.632046327027287802e-01,8.419783812565894143e-01,5.350041425850318166e-01,9.697190268808624225e-01,6.186178471580721094e-01,7.249734544639575562e-01,5.495194774756285705e-01,8.366423161639621187e-01,6.305570941007887509e-01,9.776788041284456554e-01,8.908200884909398543e-01,7.064288847492540269e-01,8.660443208003663074e-01,8.979656362735500830e-01,6.120980669610681657e-01,9.531174956004072607e-01,2.752105105089659443e-01,6.256262789112311262e-01,6.530953824001847208e-01,8.521480694971014236e-01,7.538266712265925262e-01,4.924780308138224094e-01,6.053088751604109863e-01,5.365980809283523723e-01,9.626511939286074293e-01,5.371696929106908325e-01,8.055162494321300715e-01,4.796277393315724336e-01,7.459083867656979283e-01
8.256228659603278563e-01,4.665006091122608223e-01,6.188094063892043417e-01,5.924979674166417354e-01,9.323932871267153200e-01,9.272072773624443487e-01,6.010851898067336441e-01,6.386527276621352112e-01,9.876255348458647110e-02,4.790460352489320783e-01,9.027066551714402198e-01,5.027455191078536445e-02,4.482807890946744478e-01,7.889682414815172296e-01,8.624138973205663916e-01,5.140910678193497674e-01,7.460802247152352740e-01,0.000000000000000000e+00,4.137576485302423834e-01,8.795213773620749187e-01,8.735574626945569188e-01,6.011586731400717643e-01,4.073203913851020097e-02,4.491305824294933302e-01,2.285384705508546055e-01,6.908602590978961677e-01,6.225151754770237300e-01,5.428703445758950030e-01,6.424092414581777932e-01,5.064936505619765938e-01,7.041588546205801609e-03,6.544164865424837441e-01,7.762575272774769886e-01,4.389534827056761901e-01,7.432499884462758777e-01,5.043324121292254159e-01,1.682290501081094847e-01,5.649362186424219390e-01,8.884436648084426125e-01,5.404396598942757812e-01,4.687091739202305374e-01,7.775874148984690537e-01,9.079513512151314858e-01,8.365953335140058345e-01,8.008691142279813491e-01,6.736232940211666076e-01,8.894815873546412233e-01,6.810614385313711328e-01,7.363876127629522816e-01,2.378185989617006002e-01,3.667167572265497832e-01,7.284300097570278743e-01,6.715185663302605246e-01,6.080055387272220724e-01,5.114609242459039473e-01,2.202015832270178552e-01,6.514805919855151117e-01,6.870765910267659926e-01,7.455446731857292564e-01,6.251282992431630436e-01,7.033092863121779281e-01,6.538346344498009444e-01,4.964640062126482456e-01,9.057128463890729009e-01,9.878978755864001871e-01,6.415956544283880625e-01,7.542396831346782626e-01,7.375274922187935456e-01,7.778693155471452236e-01,9.924743291697224468e-01,8.716553054809506040e-01,5.550638962724857572e-01,5.846593130237278668e-01,5.608677621025374149e-01,8.578138715240881673e-01,7.274721780016779604e-01,4.365222434452192823e-01,5.994973011068536195e-01,1.829427851023110452e-01,3.732671064888073431e-01,6.617414303920449159e-01,9.468494145283163910e-01,6.763813085934112790e-01,7.491897068459171249e-01,2.365081344232447258e-01
