0.000000000000000000e+00,8.985237491846980173e-01,8.671560899885845108e-01,7.335700769810563626e-01,8.168510880146242492e-01,8.749408100173297065e-01,3.365219722270402780e-01,9.042846885784866506e-01,5.624433970962949836e-01,7.131411019711120236e-01,9.422136631161627252e-01,2.338176320063579117e-01,7.794488587669841095e-01,6.066047676654122700e-01,9.518920287123511237e-01,7.022083645676520380e-02,9.316034133619064406e-01,6.441334956591200367e-01,8.839906906714269930e-01,9.992340081417663278e-01,5.042953293111233082e-01,-5.293735305046509687e-03,2.810606107190585790e-01,9.568325610615969756e-01,6.138755701843682244e-01,6.420660050145821085e-01,2.424701976340356835e-01,8.683542520351572591e-01,7.127764602405638472e-01,3.383890651686934925e-01,1.171053847866577735e-01,8.775714562908656369e-01,9.430663077026049113e-01,9.571259306477654105e-01,8.427403069549068704e-01,6.287176338719513424e-01,4.095885166934345456e-01,8.498929572164337642e-01,4.040556710417113062e-01,8.703395874199930660e-01,7.435234722009287367e-01,9.033620426057177299e-01,9.888115748597946508e-01,4.520222092922271395e-01,4.754432605378638432e-01,8.016621600653903723e-01,8.071688479680938499e-01,8.017196081530130192e-01,7.056973487714984783e-01,8.148834653457789345e-01,7.821625798349814973e-01,9.700459739585197694e-01,9.119782902880796405e-01,9.701599833051458566e-01,6.070213704138947008e-01,8.839494282746092058e-01,9.782081946956017182e-01,7.516261608228421709e-01,7.889089054789868438e-01,7.921424227031614862e-01,4.080305958542528866e-01,7.092788085429670986e-01,7.696177675371393967e-01,6.110619190946730006e-01,4.178396765296044091e-01,9.377098530609216942e-01,8.329559625794532574e-01,9.727664792972323671e-01,9.405663767881962123e-01,7.408439543823281959e-01,6.737006031731260780e-01,9.521468825737962050e-01,5.675073435296376090e-01,5.586900301322580420e-01,9.853256369285533500e-01,8.465926950086486436e-01,4.227505226319769327e-01,-1.913912451973309725e-02,5.705384784211600113e-01,2.444534405515175202e-02,9.540470283494661974e-01,7.642767164443968753e-01,8.621000798811001564e-01,6.222742144257106256e-01,7.910862431373075765e-01
8.985237491846980173e-01,0.000000000000000000e+00,6.378488567884771365e-01,9.141464070280801435e-01,8.818075126514056672e-01,8.686860065883713622e-01,4.489772757478023291e-01,6.172505040847500180e-01,6.457330391333904185e-01,9.552622265313762684e-01,5.109363003563630601e-01,9.122816256135429791e-01,9.795795819993575737e-01,4.318125944753476442e-01,7.222640353627287624e-01,6.064535842472145166e-01,8.171286528184169562e-01,7.712988244815486283e-01,2.422066574735213390e-02,6.012862337242118604e-01,4.506914842116327979e-01,8.820103280434626880e-01,6.620210772441094127e-01,6.854900659015152886e-01,3.480171631325521542e-01,5.721359704627637655e-01,6.674738095164917118e-01,5.206222561012470162e-01,2.426920125710774201e-01,3.945574332326416411e-01,2.171633248033140173e-01,7.456498806135127833e-01,6.446486369961310636e-01,5.370782904194606466e-01,7.119691459761138264e-01,6.326173853139586134e-01,3.501021780671830230e-01,7.025854622492634372e-01,7.669514265127534980e-01,7.859275706972694842e-01,7.852672344492113155e-01,4.261515687499737304e-01,9.924957704683393667e-01,6.702108554917968197e-01,2.511777658543303260e-01,9.831555040349597707e-01,9.764564448161423549e-01,7.361108579317374723e-01,7.882233198066594948e-01,9.968530834391683415e-01,3.403021985279044426e-01,8.886748162140354346e-01,6.535732202513522271e-01,7.944265968880187545e-01,7.595857974719084638e-01,9.577453650336900104e-01,7.007961337438342042e-01,6.012688491642680377e-01,7.704727439277441192e-01,7.930451791682042728e-01,2.433457751776497979e-02,-7.820932754704967849e-03,6.439762607453071164e-01,4.013746014884806979e-01,9.602794457289880459e-01,1.224573593071239253e-01,8.172336888896140072e-01,7.904980504907170857e-01,8.245025833926942216e-01,9.931681991723171343e-01,9.765050366661854886e-01,2.860404453834577421e-01,6.745272954818042344e-01,5.370391754049306243e-01,5.781263960777534017e-01,9.682406643883108011e-01,9.526370127919882025e-01,1.601753839040427063e-01,1.655564100372347858e-01,3.682568757390544678e-01,6.595548540940920912e-01,6.777119802732350928e-01,6.574227843907235469e-01,1.829152393049132130e-01,8.167710240774873620e-01
8.671560899885845108e-01,6.378488567884771365e-01,0.000000000000000000e+00,9.080051851874620938e-01,6.598540549961050550e-01,7.665735287892799787e-01,6.569643873862125449e-01,4.050288764401122621e-01,8.174404103268889665e-01,8.621973114675136607e-01,6.083362076231522142e-01,7.476568896577648893e-01,9.428545787923842125e-01,6.944673371741042489e-01,8.631799135699436132e-01,8.838674573743000584e-01,8.172372197461614807e-01,6.856190159238381154e-01,4.601359669655394891e-01,8.080641743568084401e-01,6.842927427651005479e-01,4.858634903349491330e-01,6.066443901225241353e-01,9.067165444027948107e-01,8.551697284960512180e-01,6.205410209401949206e-01,7.119500576869116637e-01,7.077638825633638664e-01,5.884052095969650731e-01,5.428662495743438177e-01,5.337758464060293750e-01,9.967377390039662277e-01,4.352480277986068846e-01,9.137089149615239547e-01,8.065118137519261543e-01,1.572155973090723635e-01,4.298280100698106954e-01,9.591171178036929090e-01,8.882899458531432479e-01,5.556679982955727848e-01,6.095079035415286173e-01,9.478441354204143465e-01,9.340449969902451244e-01,8.501584545852544084e-01,6.847092893504025390e-01,8.614933234935981954e-01,7.870747395297889026e-01,9.090703284248509153e-01,6.251147063572839446e-01,6.885761673545259809e-01,9.915361440656255132e-01,7.041541222237714948e-01,8.368267428106305195e-01,5.288921656907564772e-01,6.827546746131770705e-01,4.702937624470378553e-01,2.133671483514188727e-01,6.121646646762672894e-01,9.247875783284661422e-01,6.738924848686427271e-01,5.533707103948932726e-01,8.114603884992271920e-01,9.134291711013782233e-01,6.785446470408413866e-01,6.300596719484148345e-01,8.264070439283242031e-01,8.577363560890873817e-01,5.869896818963429297e-01,9.628690228835197207e-01,5.387713347028992850e-01,7.143084960852494891e-01,5.110251031140714550e-01,9.848256123312618682e-01,6.111582074592586400e-01,8.153220427652986269e-01,6.279899726528860304e-01,9.595824704816076078e-01,8.787291529312487581e-01,1.461169404088416036e-02,1.155137806263784039e-02,6.050310844352864148e-01,4.625990088492786811e-01,9.250735037983097708e-01,9.381815412563101475e-01,3.790874006736709712e-01
7.335700769810563626e-01,9.141464070280801435e-01,9.080051851874620938e-01,0.000000000000000000e+00,7.796590461079421219e-01,5.183640305322076980e-01,5.856504024096778060e-01,9.223615729438741084e-01,9.425527681741961983e-01,6.266704128414176678e-01,2.007252263203090914e-01,6.537163444379546773e-01,8.328033438160260538e-01,3.694204494594331423e-01,8.078925739594775557e-01,8.571048414184668784e-01,4.590497401202918160e-01,8.171314448342772430e-01,7.396467344477150041e-01,7.140009204167916401e-01,9.640860284805696789e-01,7.999203384541141437e-01,5.101734934798078935e-01,7.571854387643865980e-01,5.794803262202704586e-01,7.187405634335579663e-01,8.274038705891023637e-01,8.464890073783104540e-01,4.480995187163934745e-01,2.148386699913042153e-01,6.731563907453319562e-01,9.972920283866760771e-01,9.995905558949814695e-01,7.286046732028483852e-01,6.268123260053470869e-01,6.205067415265476116e-01,6.867437063636364081e-02,5.732014673485189560e-01,8.606431179334518289e-01,9.317122200251235498e-01,3.405649760109731305e-01,6.852827637387505222e-01,6.616623952440372491e-01,7.496398970044630961e-01,8.318500638406117753e-01,9.575745282217981158e-01,7.699952006168221397e-01,8.365700432311488077e-01,9.976746329191684692e-01,9.668032349739792419e-01,9.053934676048194241e-01,7.121766633046371364e-01,3.631132109647097206e-01,9.722567261429632124e-01,7.001775532456874229e-01,7.646348875931550104e-01,6.549184471211310088e-01,8.165495961492502675e-01,6.700760857153587047e-01,2.896740945339262296e-01,8.415357580603863852e-01,9.081469555270048621e-01,5.969696408322012759e-01,8.645437489235092698e-01,8.675255800529459993e-01,8.858404496711407283e-01,8.638608959483899952e-01,8.189681880452464036e-01,3.489350795757135693e-01,2.684899174304979375e-01,8.409806839753558583e-01,8.504815840968611429e-01,6.933328487086505287e-01,2.987535066656291649e-01,6.411876011001773623e-01,5.382314075862293379e-01,6.388947722858467904e-01,3.787335493105905559e-01,4.829392606571091817e-01,4.278658984041680546e-01,8.871299338902585152e-01,8.527843537857232592e-01,8.421431253544344742e-01,5.182056341553508139e-01,8.781631410800505577e-01
8.168510880146242492e-01,8.818075126514056672e-01,6.598540549961050550e-01,7.796590461079421219e-01,0.000000000000000000e+00,7.357958849726813355e-01,8.764096572708381938e-01,5.585832984510378241e-01,7.876955636527483984e-01,4.348975763046042942e-01,4.472635016229303817e-01,1.769510815687491689e-02,6.614197370452432612e-01,9.266754493180675567e-01,7.770201487234132953e-01,7.112267293439683558e-01,6.993336205528752902e-01,6.721251316666440045e-01,6.828626773612932466e-01,9.585289339747362636e-01,8.274734045763565415e-01,4.472043895259479318e-01,6.274534293145941355e-01,8.792952625121313037e-01,7.963161055284512235e-01,1.329667814770344181e-01,2.854577875106132367e-01,2.815801877326402636e-01,5.070971175755737415e-01,3.430120907015953291e-01,5.013822156058257429e-01,8.926388246766181478e-01,6.037521496492395112e-01,9.097381177270975616e-01,5.411693816858946793e-01,7.148893809758737339e-01,2.353204681968621426e-01,3.664974416020894132e-01,6.453830848342290150e-01,7.524209894963500567e-01,7.198301179399897443e-01,9.349109500403102180e-01,4.215809445162079783e-01,6.395708132862080175e-01,7.670653048880711200e-01,7.973339025230393728e-01,1.246853040543382668e-01,5.049108446164364272e-01,6.836339156954757135e-01,9.243330458631811020e-01,7.121838559483900655e-01,9.325772152971483209e-01,5.172849726551335126e-01,7.374028399674951162e-01,2.034200574015941343e-01,5.197148320787298159e-01,6.478777606777653686e-01,9.972147910062951759e-01,9.316779538825232798e-01,3.925540787733464709e-01,5.590181269781979712e-01,9.362212786636643358e-01,8.133294484095994203e-01,7.359994714824451556e-01,5.378508526209556662e-01,6.104307530931780690e-01,4.875124056452728172e-01,8.702243189505427523e-01,3.373906839212240660e-01,9.746058074212973210e-01,8.244066499087279176e-01,7.307407693801745152e-01,3.587947918893621413e-01,5.457160141296300004e-01,7.575610655884476019e-01,7.880237045386471184e-01,9.417073583852544338e-01,5.702053402047643216e-01,2.611262291028121352e-01,3.357313101519669996e-01,5.697863629671854335e-01,8.832252522017401963e-01,9.693794139753664219e-01,7.367882194390115158e-01,9.141467444825225330e-01
8.749408100173297065e-01,8.686860065883713622e-01,7.665735287892799787e-01,5.183640305322076980e-01,7.357958849726813355e-01,0.000000000000000000e+00,6.121168672565082680e-01,5.431107817717444330e-01,9.592439944364850035e-01,2.357012655483184949e-01,7.828621672081568228e-01,7.354395824482485855e-01,4.789946241057647658e-01,7.042390315648224819e-01,2.945590029574595148e-01,3.437324278385008869e-01,7.607725549309618529e-01,9.361717919877250438e-01,4.589542386664066664e-01,7.946133450057398795e-01,8.894522847031764989e-01,6.760497209955937947e-01,3.842636082679082854e-01,6.916700131627339099e-01,7.653561457857596118e-01,1.112307664052752387e-01,5.958337865421186041e-01,1.373917619326366635e-01,8.432104325232516739e-01,2.849843380621275291e-01,3.852218243103214257e-01,7.356327923206404940e-01,8.879642438349495404e-01,6.367339653992289961e-01,9.846162039152530632e-01,6.206083801655051246e-01,2.985365231544113707e-01,9.479109434944805734e-01,8.237928250178931933e-01,8.904198623093328990e-01,6.904969450788944751e-01,7.785464714728712599e-01,9.924680069626984347e-01,4.931694913168295225e-01,7.939857348216832200e-01,5.232938608329243957e-01,9.932688185195668318e-01,5.583057138285290460e-02,7.713398781912499391e-01,6.859304741634734137e-01,3.380338541199492397e-01,5.288486801667475756e-01,6.882669703877344336e-01,6.466190261961165531e-01,7.532777851066120300e-01,9.032268032111967493e-01,3.587509685343224231e-01,8.584774325603554690e-01,7.830148687635036797e-01,8.883641969606437261e-01,9.322192149847572384e-01,4.626941633658750996e-01,4.849712847899223522e-01,7.005481527149428622e-01,9.939350435034405296e-01,1.006082855407249427e-01,9.712582751586997798e-01,5.448779543949799908e-01,7.395235157119949276e-01,6.205392699733759398e-01,9.645744836090809349e-01,6.343156257320278213e-01,6.503553309973147956e-01,7.504712833829194629e-01,6.523194374979547350e-01,8.627097854306547964e-01,9.805781406256592891e-01,2.729468783182658620e-01,4.245340012375687366e-01,4.623978161501643980e-01,7.423840355886400788e-01,8.548408798597209035e-01,9.743515305353400713e-01,7.421469914918649158e-01,6.430868168057848333e-01
3.365219722270402780e-01,4.489772757478023291e-01,6.569643873862125449e-01,5.856504024096778060e-01,8.764096572708381938e-01,6.121168672565082680e-01,0.000000000000000000e+00,4.419284245053377580e-01,3.986913002980751845e-03,3.252864461839479610e-02,8.998373034317381780e-01,5.566720723432063700e-01,7.527829523940060552e-01,2.722138728177330227e-02,6.708362045138780427e-01,2.631001230048777839e-01,8.132535136144229959e-01,1.839276990823083824e-01,4.083394406735769144e-01,7.958445661351019051e-01,8.518149224572282296e-01,3.026086562715402106e-01,7.537286769029158950e-01,7.402239599468574127e-01,9.743188057624584397e-01,1.034421611206686256e-02,7.882951494300710626e-01,5.641581523341525628e-01,4.170143455047328196e-01,3.684424867533653281e-01,4.745664496169323954e-01,6.226893464420288904e-01,-7.368636081394494552e-02,5.145118511063730971e-01,2.969388791426978425e-01,4.596821557362156252e-01,3.407638637463944464e-01,5.608306588170141049e-01,9.728552705528309419e-01,4.892809116437537575e-01,4.612250853108751381e-01,7.444022012435765889e-01,9.919283163387269120e-01,7.513728016134242349e-01,6.760904776362471891e-01,1.703256854746339477e-01,4.907866593805577660e-01,7.634398103791927293e-01,4.111771468231195104e-01,3.127629900502024718e-01,2.604127403928043760e-01,3.972840184860669255e-01,5.078271366694850908e-01,5.692237759639615646e-01,9.082777292581732942e-01,6.093689828822352883e-01,4.686041294146059411e-01,1.442222355287727520e-01,7.989053583369098988e-01,1.945187178517583937e-01,2.859881184935362253e-01,6.451253886593030229e-01,4.440814715180088634e-01,2.644085098977017600e-01,9.554092172059459598e-01,5.611307150096150886e-01,8.722004119960163893e-01,6.733520560930507104e-01,6.475915935791265454e-01,4.250941048607097539e-01,4.701455338560681652e-01,6.999782821424135326e-01,2.924287992635570266e-01,6.574376311988312516e-01,4.656895532147522498e-01,6.163216474538770751e-01,8.973526289029404301e-01,4.547573407726986372e-01,7.599901951048683157e-01,4.263449524836588900e-01,5.578796170179696201e-01,8.197210713698918072e-01,5.144222577046685396e-01,7.510028932286687553e-01,4.911384201001274263e-01
9.042846885784866506e-01,6.172505040847500180e-01,4.050288764401122621e-01,9.223615729438741084e-01,5.585832984510378241e-01,5.431107817717444330e-01,4.419284245053377580e-01,0.000000000000000000e+00,3.935693491887753970e-01,7.284938310216892976e-01,4.813215615790532587e-01,1.102613736201270012e-01,6.045430078943199170e-01,8.920242363096388960e-01,9.407873862169846557e-01,7.217203432888397163e-01,8.043306986124849622e-01,4.461843121882743124e-01,6.928407070059868778e-01,4.257308913960257124e-01,9.706005506355125378e-01,5.861354907667301051e-01,6.865374899908307516e-01,8.250068049093787215e-01,4.603494768752330879e-01,6.421069276420886540e-01,6.091748848926910043e-01,5.678988655867245328e-01,2.633279610272954985e-01,4.767043488565992915e-01,7.906092490717293586e-01,2.537500621096115960e-01,8.494624225486138158e-01,8.312461932476840065e-01,5.325795161979117731e-01,7.139086419264241146e-01,1.171589387666493592e-01,2.639179210437552214e-01,9.478169456411862370e-01,6.937659785256982126e-01,3.621579469670460627e-01,3.985935587043147876e-01,6.049851592023806068e-01,6.594836355568078901e-01,6.945293097923453951e-01,5.400394028731722029e-01,2.681337153167183684e-01,3.665561599888822464e-01,7.061733581266879112e-01,3.128396237887134945e-01,4.356102298479370694e-01,3.869927972264194382e-01,9.269293769133363226e-02,2.446038007050418961e-01,6.346098687361028112e-01,5.347861481262262684e-01,7.385551646637291690e-01,6.879180017413063508e-01,8.384467816561925746e-01,5.027081239993793638e-01,6.201203805891917220e-01,6.169269069024562180e-01,4.852613742737956204e-01,7.236323877301167329e-01,6.436470401011402664e-01,6.065717484985646557e-01,4.176734459475405781e-01,7.849202908006039925e-01,7.136822831912708054e-01,5.224744876999312115e-01,6.910804133556376350e-01,5.311905799332091727e-01,1.081894568806907320e-01,-1.791283065526797502e-01,8.874567749320119159e-01,6.513012351590874438e-01,2.852212946574293473e-01,5.402123343339392258e-01,-1.951152910233810989e-01,4.476172459388129687e-01,7.244193347402555494e-01,6.193718483283429110e-01,6.023100020608977978e-01,4.015936234436192076e-01,5.971523233115962892e-01
5.624433970962949836e-01,6.457330391333904185e-01,8.174404103268889665e-01,9.425527681741961983e-01,7.876955636527483984e-01,9.592439944364850035e-01,3.986913002980751845e-03,3.935693491887753970e-01,0.000000000000000000e+00,6.322468757303148501e-02,2.743356318162594176e-01,4.485280399457340361e-01,4.273605205028075948e-01,7.089432393877024285e-01,4.004461425810944553e-01,8.325761159739416550e-01,8.894805135943731900e-01,1.189969781164664647e-01,7.940268078603409663e-01,9.247546851736760942e-01,8.865100923504982688e-01,5.180799194055543122e-01,7.194717959133429819e-01,6.750480526381217317e-01,9.054189483843075870e-01,9.172232633340751118e-01,7.380714714763013662e-01,6.128661671095174679e-01,7.695651529955619408e-01,6.965873617904386750e-01,5.364847600084229340e-01,7.376877394978427205e-01,7.399503552646701232e-01,7.078471595093879243e-01,6.360800439705338594e-01,4.475544721171229590e-01,4.370616092233655658e-01,4.693569864460512830e-01,9.978613548994887950e-01,6.926984729932523788e-01,5.061866591901479362e-01,7.809015637407592525e-01,9.572548991655622785e-01,6.820616246559123574e-01,8.287545555381372608e-01,7.213275154758708174e-01,6.239177890578102570e-01,7.086191934716173924e-01,8.746868841004857842e-01,7.932793284019449276e-01,4.194823365380815350e-01,7.623416297852444456e-01,7.860219868393136800e-01,7.362084113912320538e-01,5.501634526293602834e-01,8.883212009035662549e-02,6.872040986408144425e-01,9.853650633412596171e-01,8.469598534522041478e-01,3.555893078889718062e-01,6.888098429450399962e-01,3.217339827975400079e-01,7.429193713252895126e-01,3.215562862824287160e-01,9.759911298077267316e-01,1.678628030846746055e-01,-7.623095600809315364e-03,9.891069607384535001e-01,4.376425775798923890e-01,6.359598811405295926e-01,6.158860056877127898e-01,4.244663634472932712e-01,6.029454046588702543e-01,6.134058634865678927e-01,5.671077304630510740e-01,3.442829661293851373e-01,9.999928427593494096e-01,6.641954243090484322e-01,5.935062891366824633e-01,5.273623747235829384e-01,8.739105826517407083e-01,9.663967673514237688e-01,7.885213937783792648e-01,6.314563779017589029e-01,7.721384855982271755e-01
7.131411019711120236e-01,9.552622265313762684e-01,8.621973114675136607e-01,6.266704128414176678e-01,4.348975763046042942e-01,2.357012655483184949e-01,3.252864461839479610e-02,7.284938310216892976e-01,6.322468757303148501e-02,0.000000000000000000e+00,8.964617599315920504e-01,7.519769845386142793e-01,8.675116343515230088e-01,8.624215809376570840e-01,7.257349588586023970e-01,9.762681949986816710e-01,4.908387280477567449e-01,4.450448899836064176e-01,8.266939505429452550e-01,6.792157254350987827e-01,9.277357605774652072e-01,5.753916457462004974e-01,7.246145963808372503e-01,9.170587402638549213e-01,4.384739269547905383e-01,8.645306609445300161e-01,8.157916900216316547e-01,5.120333431809931390e-01,2.732546729460163526e-01,1.511079193496641937e-01,-1.101866570240003784e-01,4.221116452811834452e-01,8.903265844548077235e-01,6.006667245996305526e-01,5.106320603679533887e-01,6.242351115586345367e-01,4.188697952916817235e-01,9.947820008315898521e-01,7.316715001503691918e-01,7.539489984458659366e-01,5.745624942198742646e-01,7.593564904738108190e-01,7.210964420230976391e-01,6.656114037267357730e-01,8.734429318611597326e-01,2.982049066670893755e-01,8.633569605891060483e-01,9.397441554627696814e-01,8.381719138850283191e-01,4.263309799143075174e-01,1.623016947018541267e-01,8.726854994196617810e-01,1.482940842838747775e-01,6.483718615545248642e-01,9.977251123403614308e-01,2.173091957124233253e-01,7.882364100919239114e-01,7.788958708086870519e-01,9.966949971550653764e-01,3.314513631667527771e-01,5.422375185882352122e-01,5.553989644860550801e-01,5.614751935099058233e-01,8.179729692082514658e-01,8.622840138273336619e-01,6.253055830118482428e-01,7.087693724931855010e-01,7.382143060108408150e-01,7.827940181977984802e-01,6.276761100464794962e-01,8.734856813169500356e-01,4.450229554385224939e-01,4.876538986327302316e-01,5.983145145273969234e-01,9.746387684136402774e-01,4.229605933214331537e-01,6.462049615270456515e-01,3.317734515764723252e-02,6.565693243656886002e-01,7.965760186845667334e-01,5.053968217018313114e-01,9.604867826483874937e-01,9.261429756117842693e-01,2.963462367524806185e-01,8.484820352156234868e-01
9.422136631161627252e-01,5.109363003563630601e-01,6.083362076231522142e-01,2.007252263203090914e-01,4.472635016229303817e-01,7.828621672081568228e-01,8.998373034317381780e-01,4.813215615790532587e-01,2.743356318162594176e-01,8.964617599315920504e-01,0.000000000000000000e+00,9.303660158513231693e-01,7.462458070626171169e-01,9.479354945765762208e-01,6.620467987561774459e-01,8.226440413177305011e-01,7.561598366316227837e-01,7.488238265731457233e-01,2.834263368136716865e-01,6.341134105352724815e-01,9.023758395943167754e-01,7.176369588915348929e-01,3.504969326396264462e-01,6.217122599196116955e-02,9.904808103338907932e-01,7.370029226608483253e-01,4.404352141013733180e-01,3.663020313451197385e-01,6.110747593519280096e-01,9.621711162989273758e-01,8.584981127997835804e-02,7.879156769688719919e-01,4.293825475709165951e-01,9.713960059677657632e-01,9.345812090688122575e-01,2.005172660298590037e-01,7.411180256589364745e-01,7.843545965195601877e-01,8.691833889881876996e-01,7.555334347190986177e-01,4.837462252606072322e-01,8.032875688089812227e-01,8.596382854607279578e-01,9.115296617508578114e-01,9.273196031024073527e-01,7.939082764382960899e-01,7.639058021228298800e-01,9.548246403035052232e-01,5.465953365951190523e-01,6.227904866362453662e-01,6.735404322662058574e-01,5.420695317150706627e-01,8.174159412457039364e-01,5.485237688928222832e-01,9.059175914016837083e-01,4.370727280032251638e-01,4.978244476811869434e-01,8.811621586571626308e-01,6.663323042224530424e-01,7.836425415012040485e-01,3.205937109222524728e-01,6.570329532412488849e-01,5.064652836532405056e-01,7.120454511577822831e-01,6.210925992691626041e-01,9.831591168462436858e-01,8.110515799586770491e-01,8.669421113865400930e-01,-2.051062795122152171e-02,8.832170373761251136e-01,6.573844474206622657e-01,4.750554697323955411e-01,5.772021565893235007e-01,4.034128816413515284e-01,4.727035824954994858e-01,4.326318161368687965e-01,3.092081915202967157e-01,7.578392796038514456e-01,-6.003270522811990362e-02,4.628278060482557410e-01,4.435800776944500146e-01,8.828155301787541376e-01,8.080508884880004405e-01,4.459349292759725580e-01,8.905121409604410676e-01
2.338176320063579117e-01,9.122816256135429791e-01,7.476568896577648893e-01,6.537163444379546773e-01,1.769510815687491689e-02,7.354395824482485855e-01,5.566720723432063700e-01,1.102613736201270012e-01,4.485280399457340361e-01,7.519769845386142793e-01,9.303660158513231693e-01,0.000000000000000000e+00,6.327235193522382506e-01,8.687187460681295992e-01,9.857133056500984036e-01,9.816449222367806815e-01,7.824901602464019446e-01,6.901758651306926229e-01,5.199185547844942246e-01,7.419192667715475142e-01,8.984017224048813643e-01,7.483612342436321008e-01,8.714879859837947329e-01,6.622681160775458764e-01,9.325848231825082379e-01,4.207325381145123333e-01,8.575206496134331058e-01,3.020879501333339490e-01,7.838418217426683654e-01,5.485008220315646943e-01,2.487997780354870292e-01,5.198189255118846885e-01,6.779253328707955939e-01,9.863063179364883748e-01,4.473200083851410214e-01,3.399475525579335189e-01,3.422121473198830310e-01,4.578787507814245927e-01,5.415206060967585611e-01,6.686769511781673891e-01,3.198014997735596637e-02,4.156994480301753336e-01,5.376380404445348926e-01,8.345570944510962708e-01,8.577534181083508180e-01,8.879344299147756692e-01,8.155983603671810300e-01,5.807134872151309413e-01,6.717922783361235384e-01,4.476549026287955924e-01,4.774352553204358474e-01,2.091539422099231160e-01,6.074401062378167460e-01,2.472763672367674359e-01,5.202353358105371584e-01,5.622104170381312382e-01,5.320749898404261158e-01,1.739490108573205074e-01,5.517132662715157343e-01,2.694526477082391236e-01,5.505894558849869780e-01,4.314526229555378789e-01,6.873691839429213468e-01,9.092312501576930162e-01,7.202359177685949687e-01,3.921460222701078635e-01,8.799455071885554647e-01,8.676886025913075340e-01,7.275462654020776743e-01,5.864518848653661465e-01,8.943132737100787377e-01,8.089417936836893475e-01,4.078092336112471017e-01,3.524562360587767396e-01,7.917757119895056928e-01,6.210511977031543118e-01,9.716684539340839644e-01,5.483950498864405276e-02,4.561909539375831879e-01,2.664829246772803975e-04,6.853280870037865569e-01,8.779426496789159984e-01,9.056640856683362273e-01,7.800013306471524910e-01,9.045310917989163313e-01
7.794488587669841095e-01,9.795795819993575737e-01,9.428545787923842125e-01,8.328033438160260538e-01,6.614197370452432612e-01,4.789946241057647658e-01,7.527829523940060552e-01,6.045430078943199170e-01,4.273605205028075948e-01,8.675116343515230088e-01,7.462458070626171169e-01,6.327235193522382506e-01,0.000000000000000000e+00,3.215709925553002502e-01,8.247894038496440539e-01,8.104809078011299128e-01,6.674041507522243677e-01,8.705641823992689154e-01,6.615199824202087076e-01,9.711064018112220975e-01,4.660091585186254548e-01,9.421934784825986009e-01,6.813073921439538605e-01,7.661055731674599745e-01,8.554997754024734613e-01,7.102043014425124534e-01,6.009578457497227744e-01,5.306471631310168968e-01,4.293941591729939500e-01,3.461084729907560886e-01,-1.261414217702896412e-01,3.094721778789327193e-01,5.610196831158692499e-01,6.516048798538097708e-01,4.195893073974227283e-01,9.927817466660582291e-01,5.284092564069746700e-01,6.399222042451429004e-01,6.155209967266292992e-01,9.732459209855373050e-01,5.889847449399818746e-01,6.987364325691376443e-01,8.596845410290212541e-01,9.930820273969636069e-01,9.990202348984231762e-01,6.680595519511500768e-01,1.078639924238556785e-01,8.788977723776466577e-01,8.022227259079910411e-01,4.788164622536596471e-01,8.736210597041801362e-01,8.013477774243714657e-01,8.283628130398388301e-01,9.505447906184254503e-01,8.656591597555262085e-01,6.644277251788929251e-01,9.122589963642795396e-01,6.663980466357017907e-01,9.193257755002259834e-01,7.356410241582136411e-01,2.831775094430375450e-01,7.326917751830115400e-01,6.224189920119277408e-01,7.932365738480260386e-01,4.933364873362184322e-01,9.434236035781420338e-01,5.104002998861587592e-01,4.561193892905491820e-01,-1.370110232950298434e-01,6.145147908878705323e-01,2.263163246869051570e-01,8.545059905845499015e-01,4.603112676267367420e-01,6.335733180176899015e-01,6.176913879890281178e-01,6.349175611785844442e-01,3.669581939971121032e-01,9.099876500424372017e-01,-1.288725936471216138e-01,4.114307690602827527e-01,8.841937472877281490e-01,6.024349271411341133e-01,6.258903229815198088e-01,7.798089807608957758e-01,1.922455032817210752e-01
6.066047676654122700e-01,4.318125944753476442e-01,6.944673371741042489e-01,3.694204494594331423e-01,9.266754493180675567e-01,7.042390315648224819e-01,2.722138728177330227e-02,8.920242363096388960e-01,7.089432393877024285e-01,8.624215809376570840e-01,9.479354945765762208e-01,8.687187460681295992e-01,3.215709925553002502e-01,0.000000000000000000e+00,4.689835309550154790e-02,6.185658595259865278e-01,9.812304909090503457e-01,7.449747314157565414e-01,8.811648232412030990e-02,6.717469259773071188e-01,8.531029370257576794e-01,9.849292102326487885e-01,7.308872548946963033e-01,9.488317256527489807e-01,8.909462789220665702e-01,9.419678594037159680e-01,5.931751937949152342e-01,8.895059977573779308e-01,5.552456473359499434e-01,3.056147067731282418e-01,3.644053270880477369e-01,4.319505799426270887e-01,4.157023413104494747e-01,8.920534446934116346e-01,9.287547679006735724e-01,4.026184814559211067e-01,5.963167056493263729e-01,7.755107286675745337e-01,4.858109684540769524e-01,5.056258063237970557e-01,5.928471941861013228e-01,7.134606721672419605e-01,7.395524502962272928e-01,9.095632084060132350e-01,7.078500360915994660e-01,6.746450589537691389e-01,9.046000801658691248e-01,6.526171658398352005e-01,9.838233106411397033e-01,9.437875288590875655e-01,7.160264545659446034e-01,5.380912678952266548e-01,5.236837152258999595e-01,9.795156237866444737e-01,5.098334738628067520e-01,9.196184130775031385e-01,8.989017790416030662e-01,5.568276884705092300e-01,5.325377338135295346e-01,9.782232197583513866e-02,7.194804661867764128e-01,8.525876107926940728e-01,8.472760695501543315e-01,9.531755025781363244e-01,8.276591618316082588e-01,7.580793178309752633e-01,5.589636351712028439e-01,9.618901713467924441e-01,6.620008951179801732e-03,4.508085418764294361e-01,4.113489240154842852e-01,1.369048434151193261e-01,7.139184111621070805e-01,2.071906808769742592e-01,4.457171171935662146e-01,7.007500452147157333e-01,9.893194212220175476e-01,5.321308097722572406e-01,7.849170839341048644e-01,-1.762813845299665561e-01,7.139126052554083390e-01,7.129508057442032198e-01,6.652598090599315395e-01,2.028646691708910210e-01,9.504617293069115291e-01
9.518920287123511237e-01,7.222640353627287624e-01,8.631799135699436132e-01,8.078925739594775557e-01,7.770201487234132953e-01,2.945590029574595148e-01,6.708362045138780427e-01,9.407873862169846557e-01,4.004461425810944553e-01,7.257349588586023970e-01,6.620467987561774459e-01,9.857133056500984036e-01,8.247894038496440539e-01,4.689835309550154790e-02,0.000000000000000000e+00,1.781917715902036903e-01,6.834031466741832261e-01,5.889699922898046225e-01,7.487112588726941853e-01,6.878479827815270342e-01,5.302560941302379982e-01,5.348884249292075177e-01,7.909814034342198263e-02,4.851344908205115769e-01,4.024442445733012463e-01,7.194574009492460398e-01,7.924897997596841437e-01,6.278910732916206383e-01,2.747907052032621533e-01,5.447654260130191384e-01,1.713440201084909797e-01,3.759321918496819626e-01,6.541026644120591094e-01,9.469317309357045964e-01,4.734456511869961637e-01,5.176104192280892580e-01,2.404404089494926178e-01,8.201305803568890163e-01,8.550791811538759335e-01,7.341539498649300999e-01,7.099977968284806318e-01,7.865721761220603181e-01,5.507530976934043032e-01,6.591256819296930081e-01,6.877341813762972711e-01,9.302084636736530632e-01,3.421206526113069746e-01,4.152121439688004623e-01,3.497949597235169295e-01,-2.710202711903378359e-01,4.253246214622994348e-01,4.206719333275379946e-01,6.417341125065351148e-01,4.057099126568309844e-01,8.627080715545814016e-01,4.559237602562803415e-01,6.531015071266855765e-01,6.288377842935920503e-01,9.400848323444609411e-01,6.047001875116191361e-01,5.933631160026454632e-01,5.542560480650943200e-01,8.083445389965470129e-01,8.376777295826162151e-01,9.042801090552905485e-01,6.274741173678582973e-01,6.130465307273803566e-01,6.748180294852413885e-01,7.354508779027186804e-01,4.227170699082289929e-01,7.622243065468773393e-01,4.127963097807425541e-01,8.655462308948490557e-01,4.272670900385703296e-01,7.269653797947018825e-01,9.929871734864594846e-01,7.562811071388505502e-01,4.433107309899190773e-01,5.636426364092542718e-01,2.903566925500034035e-01,3.438047424574277589e-01,6.615259438073538556e-01,8.208318317988111401e-01,6.362200856245208147e-01,4.618655638300258603e-01
7.022083645676520380e-02,6.064535842472145166e-01,8.838674573743000584e-01,8.571048414184668784e-01,7.112267293439683558e-01,3.437324278385008869e-01,2.631001230048777839e-01,7.217203432888397163e-01,8.325761159739416550e-01,9.762681949986816710e-01,8.226440413177305011e-01,9.816449222367806815e-01,8.104809078011299128e-01,6.185658595259865278e-01,1.781917715902036903e-01,0.000000000000000000e+00,6.733125973792024599e-01,6.984710233846720406e-01,7.430571703149092544e-01,7.431727974963966421e-01,9.331984254076919338e-01,6.626753512305695315e-01,6.590914175770996586e-01,9.613045079851701979e-01,8.099016555409066509e-01,7.199001018473372149e-01,6.891748975630498375e-01,9.661885420855970130e-01,7.894917900117733867e-01,4.942319216027897255e-01,6.786511380904860502e-01,5.087333224371577423e-01,8.008751897362057504e-01,3.295320194788722845e-01,2.427748663656278949e-01,7.895361973968637592e-01,3.373445178848781811e-01,7.131527547468956563e-01,7.989693955941616910e-01,6.516235421377031267e-01,9.286985015590792925e-02,7.673093281245370045e-01,8.233527292394543506e-01,9.916530118419885076e-01,9.156345522449215180e-01,9.923958042642124777e-01,8.221824597466141915e-01,4.006268610682549580e-01,5.901696859358024350e-01,6.284912233171945362e-01,9.988470891473048008e-01,8.869340335365782924e-01,9.838569107377742595e-01,8.448639258848564815e-01,6.171646619244331999e-01,9.266613403436030350e-01,5.414686865799422932e-01,3.908211931740834810e-01,9.856370123161619645e-01,7.402844482655086822e-02,4.743107678225392809e-01,5.226141132062315231e-01,6.928063639005100915e-01,4.128151582583622359e-01,7.601220603559714073e-01,7.958251197605135108e-01,6.746669080457504686e-01,7.579604896943050729e-01,4.937008890901449232e-01,7.198280591246701832e-01,5.465312947609323180e-01,4.344531715261003013e-01,8.468445096075410961e-02,9.065987255257600408e-01,4.445522361063702910e-01,1.194968723764213564e-01,5.618870284704957641e-01,2.451059961379456198e-01,9.308248768039826260e-01,3.794177193808461190e-01,9.066898736507394974e-01,9.287212829671906977e-01,9.670904459022872102e-01,4.930449106409952043e-01,4.318401113717328377e-01
9.316034133619064406e-01,8.171286528184169562e-01,8.172372197461614807e-01,4.590497401202918160e-01,6.993336205528752902e-01,7.607725549309618529e-01,8.132535136144229959e-01,8.043306986124849622e-01,8.894805135943731900e-01,4.908387280477567449e-01,7.561598366316227837e-01,7.824901602464019446e-01,6.674041507522243677e-01,9.812304909090503457e-01,6.834031466741832261e-01,6.733125973792024599e-01,0.000000000000000000e+00,8.187950442991498434e-01,8.662167929718511683e-01,9.497679247423430615e-01,9.857080395156858632e-01,5.330282569370206058e-01,9.907321073185186844e-01,6.879686513393368230e-01,6.848891761193980354e-01,7.511425953177746084e-01,7.741508545401447616e-01,8.313688640419552023e-01,6.701568825525346940e-01,4.209783432360134636e-01,6.081527799691623937e-01,7.438996663044307178e-01,8.648720108395298034e-01,9.876840930851049638e-01,6.325362695286274040e-01,2.183422594638842751e-01,2.153423641690990209e-01,9.162180581632115572e-01,5.715516347601969915e-01,8.487349459773307903e-01,-1.021334130139409657e-01,-1.040496507789191449e-01,8.787739230604634244e-01,4.906597159809736874e-01,9.013357048362474755e-01,8.943826574041515709e-01,4.869635484555682181e-01,6.758068336681575250e-01,8.178727428994363446e-01,8.549594807101722482e-01,8.367846230898454696e-01,8.715432295358168657e-01,5.549886378281263521e-01,9.844052249935396626e-01,9.541499014105835341e-01,4.228245762773187311e-01,8.638929574550958668e-01,7.513075385119853955e-01,7.006938283103434362e-01,4.876023469184748715e-01,3.481277257991579610e-01,2.752028944901699914e-01,7.339329424668241675e-01,7.497950320904610555e-01,3.739905486223084052e-01,6.431651241292887233e-01,8.263756612892566578e-01,6.830577955738266205e-01,2.783237126169547659e-01,6.015270829432975974e-01,7.268364576235062380e-01,2.738847252263231780e-01,4.308954789930476981e-01,4.386400105094790391e-01,8.983099871327784314e-01,7.030667325172361704e-01,7.574428330930400577e-01,7.701102845037481881e-01,6.089165227029957883e-01,6.744085007959084166e-01,8.069623245795451982e-01,9.249218608055661539e-01,4.361944434789380431e-01,6.914543509944507393e-01,4.215699714377230678e-01
6.441334956591200367e-01,7.712988244815486283e-01,6.856190159238381154e-01,8.171314448342772430e-01,6.721251316666440045e-01,9.361717919877250438e-01,1.839276990823083824e-01,4.461843121882743124e-01,1.189969781164664647e-01,4.450448899836064176e-01,7.488238265731457233e-01,6.901758651306926229e-01,8.705641823992689154e-01,7.449747314157565414e-01,5.889699922898046225e-01,6.984710233846720406e-01,8.187950442991498434e-01,0.000000000000000000e+00,8.980829944243986507e-01,7.521961308827032067e-01,8.196959399477700137e-01,2.038064524010356204e-01,3.986070559486269982e-01,7.027092302237248900e-01,4.249659777553646545e-01,7.703889146801559673e-02,6.926291638638846226e-01,3.594314815717210565e-01,5.909344226109685128e-01,2.524158139631959563e-01,8.901756520698642650e-01,3.747260667382775745e-01,8.076563464726227437e-01,9.152482190368511628e-01,4.805409062916337071e-01,8.773408134958601279e-01,2.453016201824652076e-01,7.604102375523289492e-01,6.398298157166375510e-01,7.815387841115757350e-01,4.328910292061504128e-01,6.695584375364727059e-01,8.826895934370457830e-01,8.065755636852135479e-01,9.220438065479286127e-01,9.491890691142369496e-01,8.250305925843796073e-01,7.859038871256303072e-01,6.130546445471622974e-01,7.025386900650881783e-01,6.563653213282490961e-01,5.442702143135679238e-01,6.986503953512531728e-01,6.921016595935687299e-01,9.139719699749919712e-01,9.163205089429706796e-01,4.716489083869033205e-01,9.817625846997566352e-01,8.475210360497054118e-01,4.765274580443710217e-01,3.085586759353610709e-01,9.867239589905340003e-01,7.381287572326908908e-01,9.959974571735290549e-01,7.346033528048092620e-01,4.064388220380049654e-01,8.831108372445396482e-01,2.738181320103458827e-01,7.201718695089527333e-01,5.450018471604837211e-01,7.666336181570910790e-01,7.483278068389100923e-01,7.864872974308825815e-02,6.785098701791479892e-01,5.704758579568121046e-01,9.860832489799584710e-01,8.167787870074991741e-01,6.170117434465611783e-01,5.951610193161890328e-01,2.793918429205305420e-01,6.448186621048233036e-01,7.401603973757240329e-01,6.226368222276460473e-01,2.386447420161818822e-01,6.879311539087827609e-02
