0.000000000000000000e+00,9.668370866997354485e-01,8.310318917431385177e-01,9.064648048649464052e-01,9.222509249551029686e-01,8.865472641140923482e-01,8.871499425996105526e-01,8.146913851078401159e-01,8.576303749893083861e-01,7.264885536660596888e-01,1.183041049764411573e-01,7.046723207583739379e-01,8.264672276867912615e-01,7.128791664879490231e-01,8.535760661375804137e-01,9.949430507163183890e-01,7.356490781557378789e-01,9.269158040672618171e-01,5.200775181644265999e-01,6.066774763907515355e-01,6.486049089366716647e-01,5.571687285199460327e-01,8.487362001149614255e-01,8.839053263125657978e-01,8.655172880912520572e-01,9.387142092531468585e-01,8.935529382488698324e-01,7.751289442401915197e-01,2.516462663960202240e-01,2.799713846685551455e-01,3.807027562417349964e-01,8.224731742959702219e-01,9.889639727091393828e-01,8.533808130180051688e-01,8.853499071092122419e-01,-1.983528282628209960e-01,2.633339607423610951e-01,8.182343065356398881e-01,6.848065982763325010e-01,9.634643516046739187e-01,7.513607284167149736e-01,6.487689459549736970e-01,6.521096609482386341e-01,7.420348742933452479e-01,6.761556791111342779e-01,5.734174527994808646e-01,1.158508807045368662e-02,6.139471860571571460e-01,6.777671986969340256e-01,8.630165865990844232e-01,8.091076154063860937e-01,7.888584629814054949e-01,8.177984769981117008e-01,3.387436991787708962e-01,4.490214140197278381e-01,9.402611101018714113e-01,6.938679025387647359e-01,8.882785030328905762e-01,5.748447234092149971e-01,2.046514873889617725e-01,6.621494699250236593e-01,8.868690918074837448e-01,9.951776526647160281e-01,9.447315182202382644e-01,9.623395341969257499e-01,9.954593846752592956e-01,9.648423764774169964e-01,4.899024167957474751e-01,9.683647431513117132e-01,-1.113148526476519934e-01,8.496759858651439234e-01,6.016852979827920223e-01,4.331632551851373747e-01,3.380400682985558181e-01,2.043347203849451010e-01,4.989028834616343056e-01,6.458577878812878925e-01,9.166966995134765428e-01,6.465548009675607943e-01,6.001870458287470456e-01,8.429215179779750988e-01,7.266056812754382310e-01,8.865549554109860564e-01,4.797406548591138797e-01,9.622352662079334262e-01
9.668370866997354485e-01,0.000000000000000000e+00,6.739665179314249244e-01,8.665369019065096712e-01,6.792212367907480841e-01,6.101102862247004266e-01,6.629777913771645048e-01,3.330993887519061447e-01,6.746570764305985790e-01,8.888280745492493917e-01,7.013137831157297830e-01,4.133610971710364179e-01,8.359006937468304033e-01,7.964640925507531222e-01,7.975781850928334027e-01,7.634834461081190238e-01,7.392966940620581129e-01,8.859231372663349813e-01,2.540379212761629257e-01,8.073777881583165117e-01,8.311548780110488144e-01,9.944936170516324170e-01,3.079732893912948688e-01,9.836715467606544916e-01,4.260439463027959617e-01,8.748802879458824622e-01,9.188032557501145670e-01,3.831037216699995085e-01,9.797567775024191850e-01,5.467934994193033305e-01,3.709602232483711903e-01,4.826807363188614919e-01,4.266253666628475605e-01,2.243101575861952690e-01,8.777732041629289217e-01,5.933481585212929676e-01,7.695742635108703267e-01,7.323995171068781174e-01,8.157514747170637737e-01,6.859864485045621407e-01,8.219918381538003915e-01,8.992817528466175991e-01,6.214129939740158370e-01,7.835915914036416519e-01,6.923698037498458024e-01,8.986800048831773413e-01,6.820340591601832259e-01,7.143752574638299047e-01,6.982931634895029882e-01,6.369360150954260780e-01,7.703082413273489859e-01,4.169100832754440433e-01,4.964262035637641013e-01,8.448640841567428561e-02,9.939767095842511058e-01,8.623655788338432382e-01,6.110287157799154656e-01,7.664847655431458184e-01,9.050420189151752171e-01,9.246610896604678942e-01,7.589623807972278868e-01,5.979120284717929223e-01,5.517253682387930347e-01,9.385188578605462295e-01,8.430606796484123588e-01,6.874224201317028493e-01,2.991600762402029101e-01,9.584135132288895687e-01,6.169209064262707320e-01,2.992203227112595898e-01,3.239599373766801627e-01,9.383441087206790820e-01,7.686443791235348932e-01,6.740638793119968497e-01,3.655809469790878286e-01,6.862624628543594341e-01,6.445000081818901272e-01,4.487374013078804236e-01,6.903110550944552282e-01,4.467015408245700661e-03,5.400196095225946458e-01,9.115036760675528926e-01,8.418249642599999749e-01,5.087500881743767245e-01,9.455145943804017516e-01
8.310318917431385177e-01,6.739665179314249244e-01,0.000000000000000000e+00,9.868429984261344323e-01,6.292122401140899379e-01,4.486262665217631285e-01,8.112057221811886931e-01,7.067047319720817233e-01,8.816828383903895228e-01,8.741071539209956942e-01,6.428233528332181201e-01,9.090068877360769628e-01,7.511786412697725457e-02,3.139412136030353406e-01,6.558487828842640699e-01,9.209950489276133023e-01,6.183821821946153818e-01,8.955104977448625769e-01,9.710688222297060301e-01,5.405785233988804617e-01,5.222361222727709418e-01,8.994702404526943029e-01,6.914077978616564035e-01,9.226267580912569377e-01,4.321599576922193209e-01,6.833216625072555672e-01,8.789216433919151417e-01,9.560321020451586493e-01,2.948040620329259176e-01,6.758195146288263899e-01,7.102372438056043791e-01,9.411526575538801120e-01,8.981767058048182317e-01,7.719107150739197287e-01,8.581183176087733289e-01,7.364915483370260141e-01,4.733804567954734699e-01,8.518078416606740255e-01,8.788899962882963379e-01,8.526458838761756809e-01,6.473574179539327567e-01,6.687231909377181482e-01,7.432862796343651102e-01,2.244853316518250763e-01,9.131394021153318441e-01,7.854373911138363695e-01,7.722736428581205015e-01,8.890830939193898885e-01,8.111760008108838127e-01,9.812758600906453799e-01,3.039239180965150333e-01,4.092739570501094937e-01,7.447662940929263842e-01,8.996198042203872314e-01,8.712058376305678031e-01,8.427380265098448620e-01,6.452542131669593006e-01,7.997724681511344524e-01,9.859384806715967287e-01,6.039325883194807121e-01,7.474179439875716646e-02,8.018006332785094781e-01,6.501622712912408231e-01,8.677213515227433227e-01,8.713601144264833120e-01,8.047175726941871998e-01,8.226342195046851824e-01,6.202384986399498423e-01,7.983248517873293704e-01,7.523177074013777110e-01,2.748433467027929233e-01,9.284834012379715729e-01,7.480787763234474363e-01,5.846456339712955558e-02,6.818239430069921170e-01,8.987760348329745241e-01,4.546016416990593667e-01,8.210574526340256307e-01,-7.090188995233978608e-02,1.694819196394986294e-01,6.197557226819372378e-01,9.631928744307372003e-01,9.316780536142413860e-01,8.072967258329388773e-01,9.313165712782982553e-01
9.064648048649464052e-01,8.665369019065096712e-01,9.868429984261344323e-01,0.000000000000000000e+00,8.604910098224702875e-01,5.959142392644483088e-01,9.390206353530483607e-01,7.362853000141199589e-01,8.944046866064093715e-01,9.738877407330197578e-01,7.969213584898846570e-01,9.566086387547743097e-01,8.355614656884431390e-01,6.341171467273294393e-01,5.618504459944453355e-01,7.680805785218238757e-01,8.088858194299933801e-01,7.597871728140462855e-01,9.354436911827798129e-01,8.071073367174643742e-01,7.755181820959798911e-01,8.255861013009593297e-01,4.762185268985165143e-01,8.390268346671799771e-01,5.806955863983965793e-01,8.319139579259822170e-01,6.918778518543768907e-01,8.234045554784648058e-01,7.084634882665724609e-01,-1.546387440093410781e-02,4.437548729970893224e-01,2.531467698649768616e-01,9.116038585704379082e-01,7.285502800330031503e-01,8.724140508816946582e-02,5.989463888334309871e-01,2.274501288667802323e-01,9.388466482839971095e-01,9.129111946550692025e-01,4.229261832082744643e-01,4.530802431680171494e-01,5.027054599791227485e-01,5.630219791852096867e-01,8.394871372928012221e-01,7.339757301986604698e-01,9.075663143052243864e-01,8.553346552521376989e-01,1.721830356304037413e-01,7.371654210424093412e-01,6.365208228094304532e-01,7.496662287259558966e-01,2.728471542974828523e-01,9.659089399407847498e-01,7.758561242726393914e-01,5.488370942276780129e-01,4.923098309989547561e-01,7.182667803745246271e-01,3.524074059048277197e-01,9.413965349327889642e-01,1.888860447581890492e-02,6.357476482157945474e-01,8.202304817568387696e-01,7.530419558538767877e-01,6.675908605437972376e-01,9.834458773747586369e-01,9.219428435257405186e-01,8.855979748640689930e-01,5.961750231051446969e-01,8.502779301142309176e-01,8.586124489171061969e-01,8.543881514431053148e-01,8.616376106079960406e-01,7.743075595681442325e-01,4.076682771767687896e-01,7.239279478417932623e-01,4.754906450659444062e-01,7.833050934787679775e-01,4.029806991086675172e-01,4.526183693340635750e-01,4.771400147043085571e-01,6.348843691902777975e-01,7.646519081541494067e-01,9.149019856765309155e-01,9.761954634262611785e-01,8.813192484677878635e-01
9.222509249551029686e-01,6.792212367907480841e-01,6.292122401140899379e-01,8.604910098224702875e-01,0.000000000000000000e+00,8.525992250547578255e-01,4.073072575319841571e-01,6.006800713821311977e-01,9.688814387260555883e-01,8.850843558022304380e-01,9.502834055735434049e-01,8.627851703926154858e-01,5.628053814775717534e-01,5.002079707603905856e-01,6.697869698504334002e-01,8.923901825665943033e-01,8.066787907819197301e-01,4.909846943158603372e-01,8.784570740194718175e-01,9.536662515761606951e-01,6.067276787485312850e-01,6.492522076941650289e-01,9.843793473649937731e-01,5.747341365151718007e-01,9.571517604532900902e-01,9.434985558575350595e-01,6.269552631188453073e-01,9.515155972651909710e-01,3.973611569575298264e-01,3.690554494498669014e-01,4.291786644351118785e-01,8.569869320295256943e-01,4.656143317201417164e-01,1.473206219549324514e-01,8.081922662699712046e-01,1.461320615206312679e-01,5.909643951013817675e-01,5.378610520580869858e-01,5.602771227958081024e-01,6.866158174006122827e-01,2.941950222570010043e-01,9.703379608079625296e-01,8.912356943865595849e-01,2.569852442524058964e-02,2.465567182921828970e-01,7.610005669432126085e-01,9.074063947982641265e-01,7.009073994335573987e-01,7.632394759893030844e-01,6.139714121683076398e-01,2.460145009191676557e-01,3.327644161742849827e-01,7.575006196882393406e-01,5.537762553582942227e-01,8.049335199413765185e-01,7.787580100142350581e-01,7.119261861873130703e-01,1.510651671508565080e-02,5.840580318459320797e-01,1.302574888216799787e-01,4.379686482714838514e-01,7.832590750899092180e-01,6.665535841494008018e-01,4.209569841234470089e-01,7.237258903524471654e-01,3.949326279322327160e-01,9.157924117605089620e-01,8.742621154812242334e-01,3.232627136714089078e-01,8.048275186316315999e-01,8.722317536651901237e-01,7.011284305944531781e-01,6.549928155865774038e-01,5.547687001109712357e-01,6.511079456639001783e-01,5.165871368430112742e-01,8.165976617593571074e-01,5.883606360091088172e-01,9.168956176736482722e-02,1.127211272020396254e-01,4.388693212854349879e-01,8.960202165875540414e-01,3.954362054910238733e-01,4.182728180125026007e-01,6.316228347709246238e-01
8.865472641140923482e-01,6.101102862247004266e-01,4.486262665217631285e-01,5.959142392644483088e-01,8.525992250547578255e-01,0.000000000000000000e+00,6.897905768336263232e-01,9.452662990059889081e-01,6.816908048701536549e-01,5.509385735587121191e-01,7.866867609199607037e-01,3.077056855274700187e-01,9.948530902848227164e-01,7.448574043388475063e-01,5.049096372312160685e-01,4.873499041904094664e-01,6.173398592412213670e-01,4.994609560995404429e-01,7.453044819611572835e-01,9.134314624433897967e-01,6.417441389510645244e-01,6.140418460848412474e-01,4.771296319328445223e-01,7.815486489751278798e-01,4.357429832334626107e-01,9.766711788757532764e-01,6.650793559789565101e-01,8.606101297686657992e-01,6.713559105481392564e-01,4.748020483997758001e-01,6.979944619489668600e-01,6.309706795659322243e-01,9.382979235035113774e-01,7.324644180198113252e-01,7.194758341856060113e-01,7.850919856813645681e-02,3.945301374874934375e-01,5.853072643717613932e-01,9.235146526102797626e-01,6.999664999382803066e-01,5.864111176876398712e-01,6.921187511429248707e-01,9.044203283687125561e-01,7.653082962343754625e-01,6.794589118602379907e-01,8.249573747911267407e-01,7.321423897822345594e-01,7.463641916433634282e-01,6.498840637159239986e-01,5.312540719927932864e-01,7.826070403640956741e-01,5.920142387633643422e-01,4.902485014980771938e-01,8.821648027571158401e-01,6.269674782503590338e-01,9.433435733024938541e-01,6.820964120224678462e-01,8.565674579855813153e-01,6.184204644894131242e-01,7.053340125973244223e-01,6.951152540152338855e-01,5.114916248225981343e-01,9.139033300347630950e-01,5.855162254086805351e-01,8.882031656197635350e-01,7.189456646674666773e-01,8.109211282631735296e-01,8.602031020173070974e-01,2.499804563878354480e-01,9.347462298017699123e-01,8.282044595870942105e-01,6.369736942694893544e-01,4.714293492155400278e-01,4.468984932747061545e-01,6.908930368380790110e-01,6.366908436212923572e-01,8.006009384437324794e-01,2.862231757247895580e-01,4.633619862485290342e-01,2.303643834753988373e-01,7.530375852567334771e-01,9.993488036746364100e-01,2.806918987377665653e-01,2.577924262036707104e-01,6.880495646621707095e-01
8.871499425996105526e-01,6.629777913771645048e-01,8.112057221811886931e-01,9.390206353530483607e-01,4.073072575319841571e-01,6.897905768336263232e-01,0.000000000000000000e+00,5.084195926533453536e-01,4.480213736037745864e-01,3.355186404131172122e-03,7.529129489433539213e-01,5.683670484702448844e-01,5.994226319604600839e-01,7.070400048887703903e-01,8.760537359140734281e-01,8.034193362902849467e-01,4.486721670502954451e-01,4.700474290145255640e-01,4.688339580717238997e-01,6.502626916770167798e-01,6.703190569826418255e-01,8.552527101864637604e-01,7.358332517329904121e-01,8.142741554617276556e-01,6.720564316568220509e-01,3.263111062317827216e-01,6.781774434134740792e-01,2.298288948951891786e-01,4.628808110945312193e-01,2.488580311960596481e-01,5.737278854211561585e-01,7.187477227523152434e-01,7.104471439770698726e-01,4.924813891919999076e-01,5.703541356160027886e-01,4.893830356436790208e-01,4.743989340007127575e-01,9.360346100495020583e-01,4.477834389968644024e-01,9.604090755859707729e-01,5.200288789856228888e-01,9.413657069449190562e-01,9.250571898183936881e-01,5.429332819194786497e-01,9.077518776512236709e-01,8.516993168537657644e-01,5.609739017310102493e-01,5.843872415952323651e-01,2.067483514177961001e-01,6.140290181960179616e-01,7.173324408401992036e-01,7.056312423756442298e-01,6.155012787664149165e-01,5.763506995433659297e-01,7.450164757384158953e-01,5.499867091949459663e-01,7.133077962894105450e-01,-6.281761456065240723e-02,9.512655271066773333e-01,6.668989780934005962e-01,3.113302232860494234e-01,3.252357055331709379e-01,2.621891771323183740e-01,8.899750095196400368e-01,9.549524984752992829e-01,8.754661001098305029e-01,5.229378097751758991e-01,9.324390474939769913e-01,7.533117153846182745e-01,4.698892506510251588e-01,5.252838834972214377e-01,3.972837423158084857e-01,5.841666315568532636e-02,2.965726293461491414e-01,4.385418232453560106e-01,5.189261381332698209e-01,4.398321275907182692e-01,6.945554361628503148e-01,4.573925844657104611e-01,4.505675983448919619e-01,4.435811830929380362e-01,6.488271304999356781e-01,4.995208768312487946e-01,5.965988903534162890e-01,4.798261890303213151e-01
8.146913851078401159e-01,3.330993887519061447e-01,7.067047319720817233e-01,7.362853000141199589e-01,6.006800713821311977e-01,9.452662990059889081e-01,5.084195926533453536e-01,0.000000000000000000e+00,1.032167726052507090e-01,5.214862417213536050e-01,7.183383926936720565e-01,7.343827252701726760e-01,8.875829479282612011e-01,7.606327531885843651e-01,7.052778875919345491e-01,8.014315728769224600e-01,2.658795551631314424e-01,3.909433879751681440e-01,5.128110684126520047e-01,8.740645265249353812e-01,6.035842495700988186e-01,8.580929353871529219e-01,6.092961536463371575e-01,7.740751044846667650e-01,2.301471769411986001e-01,6.387351210485854303e-01,4.030978447091531636e-01,7.387084066941702609e-01,1.493686510998482042e-02,5.988019198681117095e-01,7.373613750820625645e-01,8.318958167937088310e-01,5.646739394526182343e-01,1.428271458837116759e-01,3.325128351550185046e-01,3.917654808251344045e-01,6.200843202892770689e-01,2.525738699957842670e-02,9.497095241524449172e-01,7.972480262447834143e-01,6.871776983922351922e-01,7.457350102053886820e-01,6.921656159874476355e-01,7.086172835956549010e-01,6.915626753854836606e-01,6.027740526442949553e-01,7.544676006822601533e-01,2.276370060664885675e-01,1.329071454064395252e-01,4.572328246219170000e-01,6.347373559775715268e-01,6.302501860658016319e-01,2.834118682731105454e-01,6.245825163209073327e-01,8.240142012757823986e-01,9.230474841973175248e-01,8.870750209900988281e-01,6.818583072022749159e-01,6.785291404332890464e-01,5.503061767341449473e-01,3.662936836148216607e-02,4.884097051382642052e-01,1.067052277496119139e-01,9.588152469387947185e-01,5.441123071674820455e-01,7.044165734293467152e-01,7.683524940122471447e-01,8.502448944592081448e-01,1.011428014697612898e-01,3.332962071233011025e-01,3.060764520023217528e-01,9.570814337812041384e-01,3.119791549835747579e-01,5.039643634054542520e-01,5.783634790184145613e-01,7.499825678086607939e-01,5.902722988045014940e-01,5.260814032970486664e-01,4.018084294663950562e-01,5.362379610735534818e-01,5.274013134997239671e-01,7.929969113089823107e-01,9.398197574605462457e-01,7.782994658859740955e-01,7.565037382627630702e-01
8.576303749893083861e-01,6.746570764305985790e-01,8.816828383903895228e-01,8.944046866064093715e-01,9.688814387260555883e-01,6.816908048701536549e-01,4.480213736037745864e-01,1.032167726052507090e-01,0.000000000000000000e+00,6.410648379946231046e-01,8.263762726042626072e-01,7.948337517158934329e-01,9.652149475797822120e-01,5.342938242991568387e-01,6.676065524685567132e-01,6.051710524459920082e-01,6.895285764564619280e-01,6.892325907810485930e-01,9.040140386284465368e-01,9.389609637995671720e-01,9.453439173540372220e-01,4.128563855247502357e-01,4.821921601704824978e-01,8.861584531868827996e-01,8.308569031969013086e-01,5.088201878662769184e-01,8.581219732547149537e-01,7.359922575273407375e-02,3.418318377695490629e-01,-8.817875404838043663e-02,7.222844278118175643e-01,6.974687648728146172e-01,6.434008280256297008e-01,5.543236395701108821e-01,8.597828340774863465e-01,8.812189795724881813e-01,5.964406077949127027e-01,6.226061436295814433e-01,7.393121117003953469e-01,6.410227713850740194e-01,7.467820589554026167e-01,4.538180813590514395e-01,9.962329868250117126e-01,7.150251623304662019e-01,9.160777514157896206e-01,6.648813473489511017e-01,4.299272977094567572e-01,6.506814502355316998e-01,5.993189151668660841e-01,7.821931845022511709e-01,6.838081846385665186e-01,6.093366313968350267e-01,4.379136756437350675e-01,5.848149813288889831e-01,6.247141999883888408e-01,7.525502236567707115e-01,4.397082914119765373e-01,8.901022225115801101e-01,8.591488813737927499e-01,7.990701996083632297e-01,5.485295807400952794e-01,8.953621061254973812e-01,9.168858203115288763e-01,2.407066480839117062e-01,6.593162589953198705e-01,7.436399295259245035e-01,5.069356138603675621e-01,8.363077376639679317e-01,7.239625259438279281e-01,9.327480895226083479e-01,2.358642993702680379e-01,4.299917349102395647e-01,5.457822606171117696e-01,3.375683265410168721e-01,4.151253307750570887e-01,6.427654161988738402e-01,9.239050626091404039e-01,1.459953590444731386e-01,3.690622710836097831e-01,2.415327437597884208e-01,8.023337515988271385e-01,6.760318787983997657e-01,6.849646771465459638e-01,4.117519438504445572e-01,9.398723194524620794e-01
7.264885536660596888e-01,8.888280745492493917e-01,8.741071539209956942e-01,9.738877407330197578e-01,8.850843558022304380e-01,5.509385735587121191e-01,3.355186404131172122e-03,5.214862417213536050e-01,6.410648379946231046e-01,0.000000000000000000e+00,7.170987226757987720e-01,6.446080881744622459e-01,8.951364946111679544e-01,6.327961929897889526e-01,3.865422107367584570e-02,7.599828413640556946e-01,2.069606084711312910e-01,5.467146645867320548e-02,5.733877212548000868e-01,7.085610457194970735e-01,7.104395483581782411e-01,7.007321193160684913e-01,8.741031503006121417e-01,8.594896062590637875e-01,6.951542498851469576e-01,7.527662528885918913e-01,8.514297614878962861e-01,9.455798580450607282e-01,7.194377711444185364e-01,4.082858045187190976e-01,1.867713359078113367e-01,9.562281422080438631e-01,4.767837855927721802e-01,9.920963067537504898e-01,7.758242375389047263e-01,3.107148499075122472e-01,2.830654542083652081e-01,5.185725617865833970e-01,6.054243881202111544e-01,6.029752394241448821e-01,2.965421281841617573e-01,7.690932751625845221e-01,6.118641517584941791e-01,4.405737525166627533e-01,7.273602537300095650e-01,5.171419667811608667e-01,8.919187702289047559e-01,6.376360719611795513e-01,6.358922367038883916e-01,5.711642953831185254e-01,6.051824959058571540e-01,2.542559040704879814e-01,7.083261228731824177e-01,7.729330175739911324e-01,7.228166457246166798e-01,7.566260135149160959e-01,8.875971612631544660e-01,6.858063075978133583e-01,8.269056407332500136e-01,3.849077692264923911e-01,5.657687622817049178e-01,8.960038687872152741e-01,6.724176534518092607e-01,9.590370417388501822e-01,7.889843866542125550e-01,6.670738144510944823e-01,8.753533960229197275e-01,8.636797327991552198e-01,9.674321868463319207e-01,4.639894280147178751e-01,9.897330877910839320e-01,9.887172688186561809e-01,2.436507907875700429e-01,5.002956555942782435e-01,5.721662642160515455e-01,2.090198989858148282e-01,9.842803235696447883e-01,6.824497411348603437e-01,5.867567515504903408e-01,3.124848321011946539e-01,5.770655879484578588e-01,8.655586769090389820e-01,9.143942586342048706e-01,5.746618431799381810e-01,4.011180001624807812e-01
1.183041049764411573e-01,7.013137831157297830e-01,6.428233528332181201e-01,7.969213584898846570e-01,9.502834055735434049e-01,7.866867609199607037e-01,7.529129489433539213e-01,7.183383926936720565e-01,8.263762726042626072e-01,7.170987226757987720e-01,0.000000000000000000e+00,-3.762160575234408388e-01,8.876801600162571582e-01,6.949827165658384320e-01,3.125238033298418650e-01,7.979613851483345899e-01,5.189282015174314644e-01,9.302477843013060577e-01,6.118142498248169137e-01,8.066292849496563555e-01,9.062532773261903207e-01,2.766300503619546491e-01,8.721079115279990468e-01,9.222678491000781964e-01,9.129705355716992710e-01,8.784845674213113131e-01,8.596514675651512061e-01,8.998840675921879750e-01,1.192252583045117220e-01,4.068415311939973522e-01,6.139755516023144288e-01,3.745428279550868655e-01,6.339038728448529447e-01,6.547103355715520046e-01,6.952101647680398733e-01,5.173529079790801788e-01,4.776474162334251594e-01,4.755590649445839979e-01,4.149297172967621461e-01,3.072264039552237702e-01,4.030047924153926098e-01,8.266562058406066171e-01,8.608653610056844485e-01,5.250318137942064922e-01,7.791636416445808511e-01,8.104619826319228171e-01,4.197561852849136521e-01,7.776137462613352813e-01,9.413281217157414282e-01,4.317235775504935091e-01,6.563653907115923891e-01,6.435939206178099559e-01,9.545306713644901020e-01,5.270282032825390761e-01,6.852752753017667953e-01,9.094148529108410095e-01,9.389138103175215244e-01,7.209031755711301503e-01,6.443709131564574477e-01,3.857201828221662465e-01,5.982840553916918269e-01,5.303815051210634124e-01,7.161223213612997185e-01,8.456912751732139633e-01,7.112892370726124902e-01,4.607929962622419051e-01,9.142012776490852088e-01,8.558166567505616218e-01,7.524493558256468706e-01,7.235538365733484856e-01,5.674469331922871174e-01,5.553999954849101472e-01,4.813663865764941097e-01,5.669324693951874883e-01,2.523748346929097219e-01,9.873370353257422405e-01,9.412106133870300484e-01,6.067141641881609315e-01,5.716331780874892576e-01,5.994720531920103568e-01,4.720865837717534985e-01,8.345952176320570182e-01,7.249690401170638676e-01,6.061655123376042953e-01,8.967320984164962594e-01
7.046723207583739379e-01,4.133610971710364179e-01,9.090068877360769628e-01,9.566086387547743097e-01,8.627851703926154858e-01,3.077056855274700187e-01,5.683670484702448844e-01,7.343827252701726760e-01,7.948337517158934329e-01,6.446080881744622459e-01,-3.762160575234408388e-01,0.000000000000000000e+00,9.589641732444730282e-01,7.984318738359834633e-01,8.151509864477042289e-01,3.903504812895197684e-01,7.596441949333107013e-01,4.862984232985907429e-01,6.728675524038133515e-01,9.949309122039486919e-01,8.348042848945462779e-01,9.829726365776522146e-01,9.558191109782530059e-01,8.616040708692591643e-01,5.084579933127981732e-01,3.800291891190908933e-01,8.850412292544583837e-01,9.804352962159644802e-01,7.443430661517763669e-01,7.408906153397201155e-01,-6.740417262592418579e-02,9.877306532186915788e-01,5.447311493588612441e-01,6.640011423595731932e-01,6.570026562897575140e-01,2.664761039971347834e-01,4.082212794558560121e-01,5.351377325339143898e-01,8.640675112373953359e-01,8.736909307666321789e-01,7.662255807950801856e-01,6.143959368475042648e-01,8.799872899106992996e-01,5.981420791404419290e-01,9.105588445374422912e-01,9.293435649444258262e-01,9.441250781776180379e-01,6.953327193402154549e-01,5.603440622720239350e-01,7.498444018489990315e-01,8.047555622356619143e-01,8.379088473535879489e-01,7.520949037194263331e-01,8.988591760034994049e-01,9.024715539247009088e-01,9.116386985543826205e-01,8.218938748372581760e-01,8.121845825816471631e-01,6.798803655851739514e-01,3.892446389383847904e-01,4.575164566116474707e-01,7.905940829228952360e-01,6.899313882653773655e-01,8.067612812610491790e-01,9.256341990284754351e-01,8.602388849436779505e-01,9.804235161384209363e-01,7.905982929225570111e-01,7.999363091947162552e-01,8.413498721131814628e-01,6.556190541186704968e-01,7.279249147883196658e-01,7.138862875938022379e-01,7.895531323954030345e-01,8.529545946541359225e-01,3.460005065441847938e-01,9.713134261529687841e-01,3.235014721611720878e-01,8.939902978371299103e-01,7.570932469272061427e-01,6.390909133748658988e-01,7.347769945702163907e-01,9.248314857453108218e-01,4.997208286999814120e-01,4.354426352559270241e-01
8.264672276867912615e-01,8.359006937468304033e-01,7.511786412697725457e-02,8.355614656884431390e-01,5.628053814775717534e-01,9.948530902848227164e-01,5.994226319604600839e-01,8.875829479282612011e-01,9.652149475797822120e-01,8.951364946111679544e-01,8.876801600162571582e-01,9.589641732444730282e-01,0.000000000000000000e+00,2.645303386997172601e-01,9.982541511349862784e-01,2.934088487471044893e-01,8.935372862969858110e-01,5.423790745952258296e-01,8.082119496301792827e-01,9.665958059278793035e-01,9.299708816983807136e-01,7.740672192194381074e-01,5.897049401288354531e-01,5.134398201509210447e-01,8.757261625779240166e-01,6.188063712122480187e-01,8.582004158278372374e-01,7.276193757508804261e-01,4.686573550831586443e-01,5.838157750846788563e-01,1.383900038030434210e-01,4.052400226808693384e-01,9.020861494290837168e-01,8.371735616938704716e-01,8.226040205722849885e-01,6.224679041475507102e-01,5.512210385616440611e-01,7.437816327518509407e-01,8.180892309690359632e-01,6.352487526471617407e-01,6.731211756742936370e-01,9.947254974179996490e-01,9.471172330989368060e-01,6.513051559363874921e-01,8.681176973406750097e-01,9.359136148364881613e-01,6.095270802715272440e-01,8.468048157278256216e-01,7.175181778513928244e-01,3.736924508071157724e-01,8.727198078460682851e-01,7.739935569435998364e-01,8.872100685695402111e-01,9.499262472808830404e-01,6.721943351464012562e-01,7.576038495123902372e-01,6.709369977638917071e-01,5.231282477283923926e-01,6.542709600772206313e-01,3.779406636696679422e-01,3.327534327437387529e-01,9.304314730024658697e-01,8.625916904270660712e-01,9.587692122736223288e-01,8.988006218209794174e-01,7.661348308945821195e-01,8.792039491808870677e-01,7.538492133059502276e-01,4.807656148520511041e-01,7.589629537252797764e-01,7.390377498429911984e-01,2.203623759991132913e-01,6.832167663368409194e-01,2.749707789505642305e-02,7.941007201380774205e-01,2.550832076126503534e-01,6.203367224228485410e-01,6.750399964521545115e-01,3.807250405355355749e-01,4.395542002468142972e-01,4.914326767350691294e-01,7.541787715008170245e-01,9.453684941481769188e-01,7.226137116467921118e-01,7.558140615305789511e-01
7.128791664879490231e-01,7.964640925507531222e-01,3.139412136030353406e-01,6.341171467273294393e-01,5.002079707603905856e-01,7.448574043388475063e-01,7.070400048887703903e-01,7.606327531885843651e-01,5.342938242991568387e-01,6.327961929897889526e-01,6.949827165658384320e-01,7.984318738359834633e-01,2.645303386997172601e-01,0.000000000000000000e+00,6.778912577321454247e-01,4.612778144575196970e-01,6.686386259725723979e-01,7.912723460526075447e-01,1.612707947489748841e-02,6.532804589722086552e-01,7.691581931515067971e-01,4.303145209661054515e-01,4.672246938947472450e-01,9.917550405869819397e-01,7.791483205678553237e-01,2.039674350445138395e-01,4.189751172156430115e-01,8.559005875876177782e-01,3.493435489603119448e-01,6.101096736856220087e-02,3.390613628057431161e-01,6.462047247251455628e-01,6.784256112564464036e-01,7.778107816332914259e-01,7.068171641006993910e-01,2.504725031564427606e-01,3.742029549792194043e-01,2.152911339075946895e-02,4.125325458798164702e-01,6.238726746324072536e-01,2.711998948553827615e-01,3.229105349464800323e-01,9.127514661191711287e-01,9.371949984960613600e-01,9.098054502267004517e-01,7.527617893650846437e-01,3.809298068604227150e-01,9.140452185239806848e-01,5.549603850226845214e-01,3.658560698760116026e-01,9.846114647080281834e-01,8.475413953131405442e-01,9.467817072457672678e-01,7.155178861486843900e-01,9.062286376664903109e-01,9.681164231901941974e-01,7.497619917086274510e-01,6.737238615875895675e-01,3.876356794319950616e-01,5.008974759249571473e-01,3.503969329292270229e-01,6.987608153676962974e-01,8.569580590586440838e-01,5.504408785631669243e-01,6.056235588041558593e-01,9.403136751966247875e-01,4.532185577448026303e-01,7.001096578894894229e-01,7.666987196791916759e-01,5.886014425746455281e-01,9.422640569764757501e-01,5.998792482433586981e-01,6.684373895183333136e-01,2.865270773141801453e-01,5.334705714635912255e-01,7.111341071565094873e-01,4.588202225624843922e-01,3.119119907342520759e-01,2.611465179928836311e-01,5.097423778791503324e-01,5.885428942656022455e-01,7.369323639084901512e-01,8.385577145809728350e-01,7.435194840090025847e-01,9.400334404211247996e-01
8.535760661375804137e-01,7.975781850928334027e-01,6.558487828842640699e-01,5.618504459944453355e-01,6.697869698504334002e-01,5.049096372312160685e-01,8.760537359140734281e-01,7.052778875919345491e-01,6.676065524685567132e-01,3.865422107367584570e-02,3.125238033298418650e-01,8.151509864477042289e-01,9.982541511349862784e-01,6.778912577321454247e-01,0.000000000000000000e+00,8.564696477784958795e-01,1.291311671306994979e-01,5.493401361840247743e-01,4.717339014195446323e-01,9.492333632940813670e-01,8.690853171848010872e-01,9.063375744894954789e-01,2.748170850554685352e-01,8.035419349433482461e-01,7.335257286914477204e-01,6.218970722380883220e-01,8.450130692943704780e-01,2.395924623278944954e-01,2.779010872607637905e-01,5.818538624884940225e-01,6.456898133529049844e-01,3.109927012791084966e-01,7.934195254913158912e-01,9.687850791743128909e-01,7.218023610696511216e-01,1.410472280527374778e-01,7.623101129895251127e-01,6.256712133957620381e-01,7.275451243082008412e-01,5.305300118942095633e-01,7.562845452374921118e-01,5.177337045836682972e-01,8.186686168011242382e-01,3.362128385922547036e-01,6.692705838708785659e-01,3.423898122794152288e-01,3.252558709374862578e-01,7.435421582634886839e-01,7.394903652764603930e-01,8.843970374692474712e-01,6.321273225796546491e-01,8.050687453239159241e-01,4.685955502946453355e-01,7.080657811647684818e-01,7.943855694235791853e-01,8.504374132396199659e-01,8.168059615560544495e-01,9.055773287979369535e-01,8.368630374665504412e-01,7.282186280715275961e-01,2.319813889123199802e-01,7.946370270460629825e-01,7.139758224279186827e-01,7.841128064336645442e-01,9.994367100894068212e-01,5.933414122157050219e-01,9.878249610959037863e-01,6.947878246912562172e-01,7.471614743334926700e-01,2.409352328187630565e-01,9.531784571749368773e-01,6.548727433250872698e-01,6.603405943810460865e-01,5.532457974091609110e-01,4.247472469230728076e-01,6.710661836573958983e-01,5.529114946861618529e-01,8.265688581966982307e-01,3.902437507855701093e-01,3.072556023395660030e-01,4.212360642684809253e-01,3.427287978457699280e-01,9.642408309043327685e-01,8.181424176209656229e-01,5.908693046582418340e-01
9.949430507163183890e-01,7.634834461081190238e-01,9.209950489276133023e-01,7.680805785218238757e-01,8.923901825665943033e-01,4.873499041904094664e-01,8.034193362902849467e-01,8.014315728769224600e-01,6.051710524459920082e-01,7.599828413640556946e-01,7.979613851483345899e-01,3.903504812895197684e-01,2.934088487471044893e-01,4.612778144575196970e-01,8.564696477784958795e-01,0.000000000000000000e+00,7.242494023970994510e-01,3.862837668747178266e-01,8.307759433597233789e-01,7.573155785279319652e-01,6.874188480320038153e-01,9.700303910200827051e-01,6.940337355397641073e-01,9.542120067762867031e-01,5.346807419062964417e-01,3.663706217715536062e-01,5.402939295090251060e-01,4.901704274702666231e-01,6.990669297381909564e-01,4.307803861818796376e-01,2.418454670527602490e-01,4.056642057523102141e-01,4.331116291118923267e-01,5.466910839832104241e-01,2.159674461246449129e-01,5.556760552784606455e-01,3.212975332234099257e-01,4.876610627808369292e-01,5.975344695690887331e-01,9.373148472734766923e-01,4.689257095308360102e-01,8.873539162908855582e-01,-1.273248011251499889e-01,8.625306320592306397e-01,9.579454030159895161e-01,6.025016331628186839e-01,4.907859945967760207e-01,6.555075723135075361e-01,-1.481331430783877634e-01,7.106598328728407354e-01,2.875383457639171803e-01,7.362445676974230802e-01,8.685836261499898514e-01,3.677771406516306962e-01,8.457587811458471272e-01,8.603429219368349257e-01,5.976376817497051075e-01,6.405244882130047834e-01,3.820328648592429266e-01,6.954790764109098911e-01,4.681384481425848176e-01,9.534799593155351971e-01,7.759560913716134767e-01,9.017857667820718959e-01,7.675121980836070446e-01,9.845930095992752040e-01,9.019051468510563829e-01,5.701698302814833808e-01,3.891527465021201726e-01,5.720851844093458594e-01,7.366291963655410280e-01,6.476476823491026380e-01,9.956506081574729716e-01,3.482500138327092043e-01,5.545066373962123096e-01,4.599871657199562369e-01,7.309315694619583637e-01,1.846861338232637095e-01,4.339201841300052154e-01,6.722925362113016945e-01,9.936242940637045606e-01,8.114262433993322254e-01,9.059002347164245572e-01,6.847868163998663826e-01,7.319903744928357714e-01
7.356490781557378789e-01,7.392966940620581129e-01,6.183821821946153818e-01,8.088858194299933801e-01,8.066787907819197301e-01,6.173398592412213670e-01,4.486721670502954451e-01,2.658795551631314424e-01,6.895285764564619280e-01,2.069606084711312910e-01,5.189282015174314644e-01,7.596441949333107013e-01,8.935372862969858110e-01,6.686386259725723979e-01,1.291311671306994979e-01,7.242494023970994510e-01,0.000000000000000000e+00,9.296416450505922136e-01,8.345561022519354388e-01,6.887638456831881584e-01,7.096430023802365872e-01,4.808549749444274712e-01,9.536767463343933660e-01,6.331249798328606460e-01,1.833080329017437171e-01,9.916985333998304952e-01,4.774120112847216602e-01,4.553620524877650122e-01,6.004081133668636161e-01,5.384512113303099312e-01,4.115200308966164844e-01,4.442886999425104122e-01,8.496873977086045748e-01,8.485482041384659890e-01,7.330507978964763138e-01,7.395651606312637627e-01,7.004370137061934898e-01,5.308254209602280005e-01,6.031123379741055723e-01,6.723287575651395453e-01,3.420243041702719644e-01,6.115311124315717661e-01,9.907552200976399437e-01,9.341895614490270949e-01,8.973784145518197697e-01,2.133244861811372031e-02,6.561741252772141930e-01,9.090919507750335748e-01,9.760170341651603909e-01,5.202330773039832712e-01,5.510484587778960996e-01,6.314209635038777746e-01,8.328968422955140838e-01,6.572374024101571566e-01,8.023744630948830281e-01,4.907299313752591097e-01,5.254914120568018321e-01,9.808098165043870331e-01,2.754406328885538602e-01,7.453205464216394738e-01,5.885207770357090418e-01,9.937176325344798666e-01,8.881611013935003518e-01,1.840281627969112543e-01,7.240414028930932666e-01,8.940153757851307947e-01,5.028566621190633246e-01,9.819832544631393878e-01,9.031313764971029556e-01,9.139756157802433334e-01,6.814093404673271515e-01,9.338170015231045396e-01,7.602644918475531810e-01,6.633650464405195235e-01,4.989016763112401609e-01,4.013857206480211937e-01,5.724029323049182327e-01,7.843609099301058762e-01,1.115392056899592588e-01,4.151398177711707049e-01,8.964785078216612746e-01,6.897159133351032922e-01,3.211570703745989519e-01,1.682633730808938133e-01,7.227388726725193502e-01
9.269158040672618171e-01,8.859231372663349813e-01,8.955104977448625769e-01,7.597871728140462855e-01,4.909846943158603372e-01,4.994609560995404429e-01,4.700474290145255640e-01,3.909433879751681440e-01,6.892325907810485930e-01,5.467146645867320548e-02,9.302477843013060577e-01,4.862984232985907429e-01,5.423790745952258296e-01,7.912723460526075447e-01,5.493401361840247743e-01,3.862837668747178266e-01,9.296416450505922136e-01,0.000000000000000000e+00,6.970297474866448129e-01,5.868106925989485800e-01,8.356562249403273190e-01,5.784726628592835596e-01,6.055285701941469645e-01,6.558514626279344784e-01,8.659001150836928007e-01,7.260029986999098905e-02,8.299958457641746223e-01,9.274409337583195967e-01,5.253723984239623279e-01,5.632883394917680420e-01,5.926970153749320236e-01,3.521334630434477253e-01,7.050426321103056004e-01,6.448558774932088289e-01,6.528736468706007878e-01,7.375388762902608253e-01,8.490171084506520360e-01,6.330511594093314320e-01,7.076760473056039613e-01,6.301689116001369939e-01,6.514262452170320739e-01,4.233043730258755910e-01,4.821628532817524015e-01,-8.299083944250471023e-02,7.049186447187554272e-01,9.053635808542573882e-01,7.165110754035379781e-01,6.489243091179854872e-01,3.392636798095169937e-01,5.912231097837339355e-01,7.524705240191997824e-01,8.808479234805827174e-01,7.885176622083867048e-01,2.884416024631232256e-01,6.782822397788665914e-01,8.959385282920729887e-01,4.154582448767771274e-01,8.607998541507109191e-01,8.141429374983383260e-01,2.674313172869718369e-01,6.465827280540983324e-01,4.410699504878015098e-01,7.758299398638481836e-01,8.937374610785008278e-01,9.377754158586675270e-01,9.621026030546145913e-01,1.826706585310200470e-01,8.872194609569941104e-01,4.236673075887428253e-01,2.844796382459450212e-01,6.319564489094516846e-01,4.874725015862463318e-01,1.471016704796936636e-01,3.344736672225745444e-01,7.287901181929508088e-01,7.205295735499133158e-01,6.083158981821120692e-01,-1.157963762671012364e-01,5.238567604191557425e-01,-5.324282362418392145e-02,6.807997288875710096e-01,2.186292110879733130e-01,7.714913754252313849e-01,4.681999189966117303e-01,6.648123955889111425e-01
