0.000000000000000000e+00,9.151520296345631023e-01,9.697087545113813878e-01,6.553581997204374066e-01,7.069524251743289356e-02,8.204701007927117651e-01,8.929258875363625947e-01,9.929751442485162949e-01,8.446988619848321278e-01,7.070039390368538790e-01,7.080648034426431092e-01,7.326014063680201804e-01,1.735693327213017056e-01,4.296230996731901786e-01,6.414068269114789889e-01,4.537185650889605237e-01,6.500637185191916467e-01,2.841622161612155084e-01,7.550116110211947396e-01,3.953440450807327311e-01,8.604191803766193525e-01,6.141362840828907821e-01,6.011143160497461890e-01,6.249105574408486685e-01,9.589868935639604963e-01,9.964046939470899700e-01,8.943658641016540845e-01,7.782293895081668911e-01,3.178439227414516788e-01,7.409297184109149281e-01,2.596462180795371388e-01,9.996603041385365707e-01,6.831669896148808707e-01,6.295086502206396206e-01,8.686328724795314704e-01,4.470834718748648018e-01,4.011246752348511802e-01,9.370987752669929227e-01,8.416727657001795704e-01,5.580965922582985517e-01,4.054086698576855885e-01,4.077188593828365848e-01,9.173993621746109328e-01,7.681191960532816054e-01,9.738572408072347919e-01,4.224441830582866819e-01,8.886460623529169878e-01,7.866768393985561492e-01,6.794844186419211063e-01,6.315177778021446864e-01,6.169022206863805646e-01,7.478585693932888745e-01,9.115673891312707777e-01,8.021981152830421902e-01,5.376486657833731142e-01,8.729278195681977603e-01,9.082038912245874451e-01,8.431650119834060986e-01,8.907253232594890546e-01,5.797425403621480067e-01,5.518866946446380206e-01,9.930312791001494332e-01,4.979559743736570732e-01,6.360774652119269845e-01,5.823026965246544950e-01,6.920273260705563922e-01,8.730122382466626307e-01,5.593806432403142237e-01,4.051009080801803997e-01,9.759324610487279950e-01,4.933522710299388936e-01,4.362233810004788603e-01,6.785933026357293674e-01,3.979554164589172993e-01,9.623967893709994836e-01,9.235972806529534340e-01,8.062458076976053434e-01,6.545056960716354455e-01,7.128723011712986279e-01,-1.384510980521572177e-01,9.485869418618331217e-01,5.310948170111545741e-01,5.074494481349970387e-01,6.668818096834185916e-01,6.217181495791754831e-01
9.151520296345631023e-01,0.000000000000000000e+00,6.240483019308566970e-01,4.830386053328088458e-01,7.919786562501470728e-01,9.837013057020789208e-01,5.068724306606325891e-01,6.597465896951530961e-01,5.362096207539539527e-01,6.037022040271750045e-01,5.075196938332459107e-01,6.749262906572082166e-01,7.905757454342712265e-01,8.814553692620342717e-01,7.803117710494271719e-01,4.789093977424974113e-01,8.239189276134454287e-01,8.241983221033540863e-01,8.345892917083570506e-01,8.934935207107745914e-01,4.360541448327442948e-01,2.181756266230208685e-01,9.803497901604236731e-01,8.264089914398428105e-01,7.229883813589264019e-01,7.350555151543282095e-01,6.887047176210030486e-01,7.856345060234896094e-01,-9.008589806612199435e-02,7.849781930373991301e-01,4.661020142820352929e-01,6.178937559526738177e-01,6.879398560439295984e-01,9.862694976430168570e-01,3.755586968045215857e-01,3.196193690144157884e-01,4.860485484054034577e-01,5.770419080174669091e-01,8.082035488231786857e-01,6.214843366153850468e-01,5.457983900011372791e-01,5.399917226186238262e-01,6.068376138590081403e-01,5.568587290458060224e-01,6.952626165989266305e-01,6.673881477248988503e-01,6.432283159111651383e-01,9.503708955477607745e-01,4.968285930852835430e-01,6.802524528379754187e-01,6.187932625205538884e-01,4.358941222293220008e-01,6.331717257920975728e-01,6.612391766296986662e-01,9.231631993137945358e-01,8.289369851907971709e-01,9.106001818888590504e-01,8.943696539045730143e-01,6.535437515190670732e-01,3.828578269235456411e-01,4.299372606972404753e-01,5.196526233255328586e-01,7.982892026002270658e-01,8.052616302019454109e-01,6.275367283042735389e-01,7.177256614417438785e-01,8.596115653704008430e-01,5.248713916057483608e-01,5.738371954557625054e-01,5.826248696452359654e-01,7.513294685073967916e-01,7.809641259923425505e-01,7.277637691517824248e-01,3.518475901482507329e-01,6.921173533347414475e-01,6.194755724656904050e-01,8.965830931346804311e-01,4.810200607160853847e-01,7.043224818323762237e-01,2.096682027132236170e-01,5.081634523635194522e-01,7.332616600622734460e-01,8.853705009253642899e-01,7.271302003046258289e-01,3.323098586913688646e-01
9.697087545113813878e-01,6.240483019308566970e-01,0.000000000000000000e+00,8.623648861637495111e-01,6.215901124428182545e-01,6.235282730023098408e-01,7.543948986954359670e-01,9.132123118408070894e-01,5.721790164715097049e-01,5.488532378865319528e-01,8.748585891550553217e-01,7.136231981498935006e-01,8.605250979298635361e-01,9.795560870920458907e-01,5.473373572623745353e-01,9.935279542916856110e-01,8.893199492943411055e-01,6.652961995751552893e-01,7.544820406470567065e-01,8.450630682798618842e-01,8.120036319982947282e-01,9.061955837625987886e-01,8.821570744127653629e-01,8.366803883327268432e-01,5.814046519774858091e-01,9.266345047826299863e-01,7.139367513073254790e-01,7.853955403895076515e-01,5.126025030405944038e-01,7.582140023387701211e-01,5.907352369857010732e-01,9.810820680306814312e-01,7.880976083913822094e-01,6.882262860756408474e-01,6.597662681879604696e-01,6.400250029986664924e-01,3.982981728581880265e-01,6.718604075439514878e-01,8.432133561877838135e-01,8.299701843407460977e-01,9.418730968174813256e-01,8.983656776844840541e-01,6.672749534819681916e-01,8.688161354529321256e-01,3.709227427931542920e-01,3.928726469041002312e-01,8.360758113464710206e-01,6.453056485291857047e-01,6.841597362498609280e-01,6.296311894351733773e-01,7.965442593052793896e-01,9.086674731975490360e-01,8.714121061584766403e-01,7.101181781284571226e-01,7.482418116115047146e-01,9.295468087801503909e-01,7.363761450796504349e-01,6.774218416831734313e-01,8.802938816861816118e-01,1.755295993818748457e-01,3.883321720512903363e-01,8.216513102429527926e-01,6.836959022045249190e-01,9.087881049844032111e-01,9.309181370763398577e-01,9.640118181345959103e-01,6.883930404351049637e-01,9.176811466007231965e-01,7.570882645742272876e-01,9.991361984433726473e-01,8.516790008778414300e-01,6.558344180631430209e-01,5.854446013803975557e-01,4.087591534857393238e-01,2.497463272597863770e-01,9.210251134956646268e-01,9.793848865696344053e-01,6.751050950150822016e-01,5.035290114458800259e-01,6.716952557733697482e-01,9.811872870007788405e-01,8.191645169522453473e-01,8.817350993554403660e-01,8.013588659844094186e-01,9.163216754862160141e-01
6.553581997204374066e-01,4.830386053328088458e-01,8.623648861637495111e-01,0.000000000000000000e+00,7.319753996815339114e-01,8.307796409937789894e-01,6.407853268153909099e-01,2.027629733855851046e-01,7.775214916552268818e-01,7.565515080043896390e-01,8.858920451038675425e-01,6.546791980252029131e-01,7.181087427543494384e-01,8.582667682649752772e-01,-1.481137394533869334e-01,6.838528131139395283e-01,6.629685553051942737e-01,9.606943725072543128e-01,2.619346246349230634e-01,9.193083401367250218e-01,8.423794466156676597e-01,9.467356509958658739e-01,5.803955661269345478e-01,9.174854515294996737e-01,6.711504112641070163e-01,7.937111700598298292e-01,7.908964376627324322e-01,2.870170148416071321e-01,7.550079272330070257e-01,6.217800162478070991e-01,4.631998372190612168e-01,6.524720649817301599e-01,8.842494502887336960e-01,4.430959116619920812e-01,6.631441850003247929e-01,2.814318770865879560e-01,5.635008857484038458e-01,8.067602993381871590e-01,7.368439390299793557e-01,6.051697192495596456e-01,3.697060814517736937e-01,6.717140768482930679e-02,9.620036309028006105e-01,1.948352498980594205e-01,8.319932422423531593e-01,9.947990391304208924e-01,9.507364347808977545e-01,7.617948758852164381e-01,8.477337204278139193e-01,7.316775637455943393e-01,5.324451744570861678e-01,9.423708983275274065e-01,2.477564437860394209e-01,7.966616215346584706e-01,5.149158407454395014e-01,9.860937631747707099e-01,3.448832152222839897e-01,9.009886718616768597e-01,8.373911729206285903e-01,9.875449491304044702e-02,8.195004227487693305e-01,7.658422804554252394e-01,5.829994020918185527e-01,9.000701173122224175e-01,4.102066754279166672e-01,8.453443229806745229e-01,8.701021092691139103e-01,9.285006740580323825e-01,6.182052718907538047e-01,8.310757595593482039e-01,4.795051171319887895e-01,7.498214124382674983e-01,4.125044452472785839e-01,6.367883795331263919e-01,4.147400830318515030e-02,9.569934938275864722e-01,7.114473992265887281e-01,7.770188950796084182e-01,4.632681893425131259e-01,2.262588034491574696e-01,3.000187042121643666e-01,9.379711811942703648e-01,7.293626981639974582e-01,6.647237602690417857e-01,9.844535750399964202e-01
7.069524251743289356e-02,7.919786562501470728e-01,6.215901124428182545e-01,7.319753996815339114e-01,0.000000000000000000e+00,3.349435869752512840e-01,6.073825011298028542e-01,1.957450024868337968e-01,6.547732312613906425e-01,8.799762227330633069e-01,8.116431601208086155e-01,1.818205022022391371e-01,1.624233509344611415e-01,7.655372621356602014e-01,7.715704837903935021e-01,3.644283205095456557e-01,9.494618184564901364e-01,8.283925742704253414e-01,6.510924209542787722e-01,6.929336500806214660e-01,8.202439959810751136e-01,6.545321758888504871e-01,9.433279248532615568e-01,9.820382798904456756e-01,4.675455518602084082e-01,4.548121016984149612e-01,9.357212019997924735e-01,9.064713211689536809e-01,3.118448724104392333e-01,3.129454801010299048e-01,6.701582715111203958e-01,5.168848553414332470e-01,4.558436653583834430e-01,4.916993598367129792e-01,9.521083888556227670e-01,3.126816038228641959e-01,4.893094642134162564e-01,5.298336605647167019e-01,6.885888966582496273e-01,5.271334926206032723e-01,3.603520189478202074e-01,5.976176840056717232e-01,4.233591992941417304e-01,5.154382450766944457e-01,6.251487147380181408e-01,8.338943892472203689e-01,8.750980080690838880e-01,4.950682028206678797e-01,7.707465807454235707e-01,7.326293764773619266e-01,2.871431473682467539e-01,5.090693181655621125e-01,8.230921965230446613e-01,6.806749823437896474e-01,8.165420311661645281e-01,8.111396598114131162e-01,8.937735146362228988e-01,8.924748781131853770e-01,1.679866927015098987e-01,3.442221464553860688e-01,2.414283754764600665e-01,9.235645819570110771e-01,9.833088027126231090e-01,8.741436409356613257e-01,8.368245540514245295e-01,4.042439164729003109e-01,9.336035535057789492e-01,4.310712455869695203e-01,5.075002086111114474e-01,6.124959711715473043e-01,9.300113650112729058e-01,7.059782798729646869e-01,3.184934932506497951e-01,6.258166539320800248e-02,6.939166303898135491e-01,6.652360328610837925e-01,6.913849032486756307e-01,9.079586887443411580e-01,4.725188289903838879e-01,7.387689699997943560e-01,5.994382488718896784e-01,7.928475266233931951e-01,9.574707884747006847e-01,9.179792628345345706e-01,7.137331035482916697e-01
8.204701007927117651e-01,9.837013057020789208e-01,6.235282730023098408e-01,8.307796409937789894e-01,3.349435869752512840e-01,0.000000000000000000e+00,2.068741117183249822e-01,3.807780382871642777e-01,6.027375184546628351e-01,7.011159518547442904e-01,7.881771808965332138e-01,7.032598364679689684e-01,8.364643289041749918e-01,6.099544068706033162e-01,6.347471437173851649e-01,8.786531990440431539e-01,8.047757258573188244e-01,6.446933685588056573e-01,8.678933875294039257e-01,4.649899521788449785e-01,2.738151682042713198e-01,6.961764296177495037e-01,8.730348712809874456e-01,8.164124284050024993e-01,9.627097512578854932e-01,7.169323150357647112e-01,5.197880506334622286e-01,6.774368752813402228e-01,9.230232941673885971e-01,5.940977321839884251e-01,7.370203293318597915e-01,3.967958884914775108e-01,8.974458256637368736e-01,7.305522041565404301e-01,5.514141430513512798e-01,-5.457489343212762467e-02,5.333263481663400030e-02,7.490653938123873479e-01,6.902604549414292912e-01,6.498734291161107901e-01,6.185099117221521947e-01,7.191592116524311296e-01,7.416636444751272261e-01,4.406126384254227535e-01,8.854678988912331183e-01,6.243318628239695744e-01,5.279162032525023251e-01,6.824335941538448580e-01,4.452715197832406435e-01,6.596493486835225406e-01,6.905323989367286863e-01,4.254061610223399126e-01,7.121234021566855699e-01,8.756855316503457942e-01,7.424210115026705914e-01,6.278937185599035020e-01,7.922150745558953489e-01,7.088741181889735010e-01,7.793404587797292393e-01,7.508075597599551676e-01,2.855135791140113177e-01,5.771443301569383344e-01,7.737171415140127184e-01,-2.923751173426256678e-01,7.787605771385771591e-01,5.936487218080556127e-01,1.285858337850269428e-01,8.263076645603377735e-01,7.037430482278870247e-01,4.275402195929995375e-01,4.184028223119150014e-01,7.023818687361749191e-01,3.834250610952102400e-01,8.667159928351905185e-01,7.980780568714866963e-01,6.586473131317085450e-01,8.023288565727725308e-01,7.731587555892383001e-01,2.545622036941516675e-01,2.679074937883471064e-01,5.753189285406961062e-01,3.687810905037505749e-01,9.160799179102381284e-01,7.226798181126200538e-01,7.491543403672505930e-01
8.929258875363625947e-01,5.068724306606325891e-01,7.543948986954359670e-01,6.407853268153909099e-01,6.073825011298028542e-01,2.068741117183249822e-01,0.000000000000000000e+00,1.154238373058453643e-01,4.834900198892715939e-01,4.532328059437197854e-01,5.580920643440573370e-01,7.445177624352046220e-01,7.941353453082748981e-01,4.101716974405087424e-01,7.280128047864956597e-01,1.156294194957523253e-01,6.905096902902710942e-01,8.721536422187643467e-01,6.304013478644878710e-01,3.633350042414352776e-01,8.296099946851528406e-01,3.035067762680596082e-01,4.730108701995693332e-01,9.426080367820521833e-01,6.872882770399675323e-01,4.262554372433975391e-01,7.321360536287839782e-01,4.010064706071475027e-01,6.543440417299764000e-01,5.175418830381900426e-01,4.889422387737032416e-01,5.103256662531413523e-01,5.259643198332146774e-01,6.572467676673467984e-01,9.527615554354912364e-01,7.339374124625333007e-01,-1.466788607563273561e-01,5.533915873368586702e-01,8.059093935208546666e-01,6.351749353947920840e-01,1.338121681853116085e-01,7.453701342539474917e-01,3.854212050327295302e-01,7.228354505596500390e-01,7.042561912499597510e-01,-1.871521641767479038e-01,6.236354565804492767e-01,6.906725486943358083e-01,7.523293786391083149e-01,5.455800370319807691e-01,6.606625661860199283e-01,7.869022268417904531e-01,7.608631657627042966e-01,7.231466678580085183e-01,7.511540354179309098e-01,4.684861282764515855e-01,4.571842624054023863e-01,4.178738442088416605e-01,9.206615585360033993e-01,4.321241811253699883e-01,3.315221470256485281e-01,7.635867967318334948e-01,7.196107657859520668e-01,9.152357306094033307e-01,7.287543977464981948e-01,7.045387454327017851e-01,6.384602740855365166e-01,4.070566844937098527e-01,3.009519418086151754e-01,4.459023646316289669e-01,3.930338252557392664e-01,5.919200748044596283e-01,7.365886151580408603e-01,2.594594438272971315e-01,6.301115204641895007e-01,4.553374376876196394e-01,-2.722826349522816658e-01,9.579895880503377370e-01,7.266126478984847870e-01,2.411154275469990504e-01,7.250536823727966595e-01,7.426066340552321954e-01,7.546373908533632324e-01,2.825150018955464026e-01,5.678765996243440028e-01
9.929751442485162949e-01,6.597465896951530961e-01,9.132123118408070894e-01,2.027629733855851046e-01,1.957450024868337968e-01,3.807780382871642777e-01,1.154238373058453643e-01,0.000000000000000000e+00,6.443148423463374019e-01,6.418989140577054942e-01,4.673758932599197946e-01,7.141849607058615712e-01,2.030194632978872260e-01,-1.492168489583556301e-04,2.550141600632945815e-01,7.041580800385054406e-01,9.767931628865866855e-01,6.336919346000450259e-01,7.807967650911453728e-01,9.958591377459247163e-01,7.105187229404386073e-01,5.166781962207310785e-01,5.272089578365750651e-01,6.884059883743141040e-01,5.285691113454692447e-01,7.169452873111923363e-01,7.934597610781758403e-01,4.612247041018636140e-01,8.612065165500344399e-01,9.083623149408828201e-01,2.145833553875557687e-01,5.601145777873752785e-01,6.647217006280210505e-01,3.715805435303056736e-01,3.459545007526859672e-01,1.463754358514749720e-01,6.031095326015616376e-01,6.519603989990225834e-01,5.256228508358937734e-01,7.953307325041889531e-01,4.193934796890436134e-01,3.394888306521103294e-01,8.497654441120029434e-01,8.291363064446729547e-01,8.653017000309406459e-01,2.088757372095608952e-02,7.749128423046157677e-01,6.643328114119855243e-01,-7.675069474622057963e-02,3.257529946304734692e-01,6.338800853309943806e-01,7.525026212485119714e-01,7.639110677670286620e-01,7.891140195246610922e-01,6.907064621544782845e-01,8.336675360157239645e-01,6.850362644558467551e-01,3.353324707897724632e-01,9.350842227292479603e-01,7.938662314213593696e-01,5.454742181656361266e-01,7.427627497415741908e-01,9.168905074239148689e-01,8.127429842037789953e-01,3.391971854001552544e-01,6.326148476953371569e-01,2.594815894036778259e-01,8.246120325859318534e-01,2.989252638324733091e-01,5.848757404763178513e-01,6.354491340592228754e-01,6.189516195567439372e-01,4.163413630905279383e-01,7.544727147807519518e-01,2.912980083602141335e-01,6.032644382532119653e-01,4.125805419138423025e-01,1.341381396610945853e-01,3.154403429648217627e-01,1.342212316139444750e-01,9.976316197810056741e-01,7.223316766368783615e-01,8.836507441473944180e-01,8.304074840465254237e-01,8.421369852055304861e-01
8.446988619848321278e-01,5.362096207539539527e-01,5.721790164715097049e-01,7.775214916552268818e-01,6.547732312613906425e-01,6.027375184546628351e-01,4.834900198892715939e-01,6.443148423463374019e-01,0.000000000000000000e+00,7.336576365275200295e-01,7.012870482111622783e-01,2.945372688048608079e-01,7.900465701328853729e-01,6.801604572491748435e-01,4.413051302828023270e-01,3.037810664841544273e-01,8.590497705399894324e-01,9.235929810080496516e-01,4.702724067856741130e-01,7.445988360676769613e-01,6.521306407993576748e-01,7.084994062867396858e-01,6.431023360546825884e-01,8.519085395810666039e-01,9.525897743868907419e-01,9.596055662254205920e-01,8.108974187050328464e-01,6.581586776660575122e-01,4.650894182583709124e-01,6.695250999973173522e-01,5.341822665888968924e-01,4.362574316622059856e-01,3.306429789264554997e-01,9.938922464058501660e-01,6.770300656416057272e-01,2.161903155917513364e-01,3.341408046973204371e-01,5.148499172676608282e-01,9.479208960084659630e-01,2.365675951696915302e-01,3.263743186668349172e-01,7.620835404229033827e-01,7.007974477326782692e-01,6.908818850692317604e-01,4.934481353973090845e-01,8.725724012101078175e-01,6.466418142715374406e-01,9.294809860546152658e-01,6.890185287194596775e-01,6.606532856995003256e-01,6.866537737788644957e-01,6.289527953021030182e-01,9.435864953832469038e-01,6.644133336815638557e-01,3.016254209459061086e-01,8.332414222358635048e-01,8.771070084438377101e-01,6.973096031559494756e-01,9.238541143089175067e-01,6.694697389520702924e-01,1.891800166617755852e-01,4.527420112180080003e-01,6.108522288124879074e-01,9.758786162782563389e-01,4.541069711714276758e-01,3.335934232633437357e-01,9.087215688084107068e-01,6.669647177847352060e-01,5.055369850740208948e-01,6.287433710485250682e-01,9.033839273335432241e-01,9.502819516323861571e-01,4.960254769256197127e-01,2.501821537254368399e-01,6.281703627610077945e-01,9.413499006727352736e-01,8.318135207355127347e-01,1.193911507923310356e-01,5.848922173557639104e-01,2.005748506369295914e-01,7.530638882109735865e-01,7.249379555053095947e-01,7.970300264314429395e-01,1.701971004688643263e-01,7.344770887040495966e-01
7.070039390368538790e-01,6.037022040271750045e-01,5.488532378865319528e-01,7.565515080043896390e-01,8.799762227330633069e-01,7.011159518547442904e-01,4.532328059437197854e-01,6.418989140577054942e-01,7.336576365275200295e-01,0.000000000000000000e+00,4.915028416682306611e-01,9.736847901524166016e-01,2.047669108574246832e-01,6.927125255294855899e-01,5.153944134209820227e-01,6.638542716888109485e-01,6.949656656544640487e-01,9.309603917959732300e-01,7.070743540993036369e-01,3.884839439280288742e-01,8.103081508916587516e-01,7.901650033544767027e-01,9.250688737254880722e-01,8.858134494836781281e-01,8.836862770755284924e-01,4.617507216934295111e-01,8.471234485747374254e-01,6.134641840043186800e-01,5.707488121012528337e-01,1.692017384840394101e-01,5.997992998616951121e-01,9.781493394934016594e-01,7.955130050361556293e-01,6.059904267190233673e-01,6.445456134540403781e-01,7.028450667247383432e-01,5.530240769479197738e-01,8.231070583216118508e-02,8.565923263173950142e-01,8.886444287003972820e-01,7.930547110790338028e-01,7.450751979679441916e-01,7.309345279023007347e-01,5.278810764349937124e-01,8.343565142141395885e-01,8.495415400589416688e-01,6.736716273829412849e-01,8.598584031198203137e-01,4.203761408865470672e-01,7.300068889387284488e-01,3.400171116358143841e-01,5.459703746958324277e-01,7.573066312397100930e-01,9.943019612849490763e-01,5.804450849658260303e-01,3.337266880767042476e-01,5.390408009246754339e-01,8.085945862490155900e-01,8.517840246057072351e-01,6.531511259858824303e-01,7.912327849707323502e-01,5.095052657164756971e-01,7.519461957491317960e-01,8.321691403261014530e-01,8.274944727726128990e-01,6.708493897168552600e-01,8.982327853171929721e-01,2.030153452439798500e-01,7.099162750519782961e-01,6.515274876145098482e-01,6.292499816684258285e-01,8.549297023796015305e-01,4.839721351222520118e-01,7.395018742095029740e-01,2.417026805890507835e-01,1.992353852992910512e-01,5.614451213821149977e-01,7.652554038667186420e-01,7.459658721091888545e-03,2.346460524650637314e-01,3.935429083050724364e-01,5.881446593916460630e-01,4.941715197797690862e-01,6.824425919059642354e-01,6.236571140264980384e-01
7.080648034426431092e-01,5.075196938332459107e-01,8.748585891550553217e-01,8.858920451038675425e-01,8.116431601208086155e-01,7.881771808965332138e-01,5.580920643440573370e-01,4.673758932599197946e-01,7.012870482111622783e-01,4.915028416682306611e-01,0.000000000000000000e+00,7.806294123876992286e-01,9.254826874492515509e-01,9.555603652823836391e-01,4.068475077823998642e-01,-4.153011557187635816e-02,8.627325636616688387e-01,4.213144989926684847e-01,8.961071747171401869e-01,8.227345586259436905e-01,5.425547124614753525e-01,6.678824452565071956e-01,9.438294816313601565e-01,9.884544841110443070e-01,7.216050921207097790e-01,8.032743150947901922e-01,9.384377544148013728e-01,6.642467569970862407e-01,6.896350085107834094e-01,6.007629029835859225e-01,9.374208142099334229e-02,4.143200801808322731e-01,4.071060727520022793e-01,9.908156958976888085e-01,8.789052288067750185e-01,2.363094052142450108e-01,6.140060400581665023e-01,7.247089985834349601e-01,8.543998821374818586e-01,9.554970129574800186e-01,5.696482575029844231e-01,7.710573173034559469e-01,9.137137160476390685e-01,9.638673617349370337e-01,7.343168900798207055e-01,9.981725132243290943e-01,9.555126752011235958e-01,4.525290158431355958e-01,6.087762507687554114e-01,6.693306026931202801e-01,3.626699435694811235e-01,7.387376739809291548e-01,4.449777883860944194e-01,6.281587005018870462e-01,8.188304026473315345e-01,5.396449795069107047e-01,5.163511072879093389e-01,7.295880730464247010e-01,7.564909197768234783e-01,3.240146381069949899e-01,3.848227437495513881e-01,4.129277328911572509e-01,5.648957750078614781e-01,8.870957296258427105e-01,9.337123482694660304e-01,6.360934395238985184e-01,7.694455769649637400e-01,7.899111513879775170e-01,2.079617096020892064e-01,7.848522456087325683e-01,1.938558982919941220e-01,7.837012355258389240e-01,6.886286328627886366e-01,9.168537161117980006e-01,9.127233325478129045e-02,3.927338805998361604e-01,5.755537485994355329e-01,4.143447885377556372e-01,6.801850609240125412e-01,4.447160210628678945e-01,2.848174456747558647e-01,7.862970724322988492e-01,1.487491726288144578e-01,4.790954167438959271e-02,4.561062000094625035e-01
7.326014063680201804e-01,6.749262906572082166e-01,7.136231981498935006e-01,6.546791980252029131e-01,1.818205022022391371e-01,7.032598364679689684e-01,7.445177624352046220e-01,7.141849607058615712e-01,2.945372688048608079e-01,9.736847901524166016e-01,7.806294123876992286e-01,0.000000000000000000e+00,9.630546955079992699e-01,9.295300776998586256e-01,2.672709383351656864e-02,8.728601397481358104e-01,4.347570090839900786e-02,7.027030125341096056e-01,3.349303731776945847e-01,9.584455325505782941e-01,4.826868743134966055e-01,7.004329152291723926e-01,7.786607205529771925e-01,9.153889007868483141e-01,6.145541662556697204e-01,7.790880011563516838e-01,6.506730342824498248e-01,8.519403469739170731e-01,9.045781045870112669e-01,5.174910939756954820e-01,6.018477590463032767e-01,2.555851978991343088e-01,9.074746236815978140e-01,9.846356097966909582e-01,1.288259078210152175e-01,4.615693519967268843e-01,3.451499488729187215e-01,8.418855086454370973e-01,8.044548780144339384e-01,9.801093038990061901e-01,5.072577740522176137e-01,5.689599795809507921e-01,4.569318986091875923e-01,5.151514615790814267e-01,6.892768949734379147e-01,5.449428821392444666e-01,7.985013689618598587e-01,7.749604337810426236e-01,5.462844487661001613e-01,4.813977149611682327e-01,9.432990352425850711e-01,3.711588207051395027e-01,7.230365306867791997e-01,9.688391851842534930e-01,7.791290997147861663e-01,8.039163978516340459e-01,6.728007280216001806e-01,9.143903206374597303e-01,8.191921228198384419e-01,2.516207181735418130e-01,4.661302128397457611e-01,6.443330757049076096e-01,6.792839987204194463e-01,6.673611463270614497e-01,8.685401630930943417e-01,8.232672463390029449e-01,9.929139500318009404e-01,7.945923033432678029e-01,7.854013388789181649e-01,5.062869008205128640e-01,6.321396547098613317e-01,8.261478474695934660e-01,7.192621715395525195e-01,4.834177315892420612e-01,5.200592116272754195e-01,8.529640997041346706e-01,8.225879132387168280e-01,1.273067306127928511e-01,8.010214083916875616e-01,4.750497958794043241e-01,7.610845360685487559e-01,6.013691900850925975e-01,7.109980722562462274e-01,7.179087196360968148e-01,7.842716559544513633e-01
1.735693327213017056e-01,7.905757454342712265e-01,8.605250979298635361e-01,7.181087427543494384e-01,1.624233509344611415e-01,8.364643289041749918e-01,7.941353453082748981e-01,2.030194632978872260e-01,7.900465701328853729e-01,2.047669108574246832e-01,9.254826874492515509e-01,9.630546955079992699e-01,0.000000000000000000e+00,3.476025207317180454e-01,8.062384069353751848e-01,7.784082562005918415e-01,6.606335428270672105e-01,6.972517386774734760e-01,6.239966585420533285e-01,8.914190887563769872e-01,4.425454080087646846e-01,7.029040236958058463e-01,7.996462221537470327e-01,4.255937449899743763e-01,4.736633894357507313e-02,8.326199918328983651e-01,9.488160757771814113e-01,9.985792626269772709e-01,3.076255417381308921e-01,3.841761749421737648e-01,5.463722262175492173e-01,4.379316815450415845e-01,5.545346721490451714e-01,5.012989557748425140e-01,4.938220489750417275e-01,6.157601661700812246e-01,1.653953881704404716e-01,8.275202710739519851e-01,6.496452529406931964e-01,7.704827927587227787e-01,2.635775290530801840e-01,6.255164360546363600e-01,9.200078610250898015e-01,6.536792448605122097e-01,6.751184876932514456e-01,6.886206779586859783e-01,8.716262691738786428e-01,9.595307654753367776e-01,9.167898483875052129e-01,6.182462688378803639e-01,9.491981129268661777e-01,4.596664512901700306e-01,9.085421442196675024e-01,4.266220804031771174e-01,8.745310132251058466e-01,4.839202143183316540e-01,4.284803737719365957e-01,7.309681573533743926e-01,5.556790832044814499e-01,5.334449677499519815e-01,5.638244879553990785e-01,6.593628628395183933e-01,6.563450933634593643e-01,9.460662106871301491e-01,7.619498022597592790e-01,7.835683754056099737e-01,8.043041784651802084e-01,7.022718413633226575e-01,7.923552956424395610e-01,9.608243098928186399e-01,8.112000839869730751e-01,6.548430731112055980e-01,3.900859628921775624e-01,9.105406163002865982e-01,5.906432376200896339e-01,9.808820733468017750e-01,9.527391648239881272e-01,7.219775598976477804e-01,8.200154468134712715e-03,-1.832988426220240330e-01,4.027011938865882046e-01,5.379334545158572789e-01,2.326645996694557683e-01,5.665997092335728347e-01,7.476422487315756982e-01
4.296230996731901786e-01,8.814553692620342717e-01,9.795560870920458907e-01,8.582667682649752772e-01,7.655372621356602014e-01,6.099544068706033162e-01,4.101716974405087424e-01,-1.492168489583556301e-04,6.801604572491748435e-01,6.927125255294855899e-01,9.555603652823836391e-01,9.295300776998586256e-01,3.476025207317180454e-01,0.000000000000000000e+00,8.311630198613371157e-01,6.120840756688308293e-01,5.604251325235271031e-01,8.386524549339986478e-01,2.473614264317347544e-02,6.284770072028809107e-01,2.301034414655971638e-01,5.919755507834283392e-01,4.683601511989080590e-01,9.930194305555507528e-01,6.185241969759763814e-01,2.964889921550922791e-01,5.463292981380846181e-01,4.605985587423383487e-01,3.898769453041767696e-01,4.375042434555583837e-01,1.724739225568574508e-01,9.143172311539438102e-01,2.185878702524882700e-01,7.203302841753587149e-01,6.605790984334781735e-01,4.796250786931606225e-01,4.451009097422001237e-01,9.551780034058713342e-01,6.735509316201011565e-01,3.506113099913386183e-02,6.524980273130173147e-01,7.990938504948134069e-01,9.788882812966680502e-01,8.823462339077600136e-01,6.854428830805455730e-01,9.092541993328356886e-01,6.414938998757541144e-01,6.907534434932953715e-01,9.049404847796926887e-01,3.742090559081355239e-01,4.165693774099791247e-01,9.724257243635416881e-01,4.695935958208946048e-01,8.225949446564364553e-01,8.153752611858576804e-01,6.429687451944445797e-01,7.264655238921589042e-01,9.557342167499904839e-01,9.234736565492421834e-01,7.776491562347631614e-01,2.130063371288455076e-01,7.674324657923515813e-01,7.381232909786735741e-01,9.626735285609947512e-01,6.931837600637741348e-01,9.904948144730884030e-01,8.861109309521232325e-01,6.009445904240064973e-01,3.604488428103613251e-01,8.806604642338334843e-01,5.622759401863332007e-01,7.506888711721191321e-01,6.828816674429272204e-01,5.137224305595521345e-01,6.828969068966183054e-01,8.169758442824766043e-01,8.833540229759559992e-01,6.089888147675714958e-01,4.742919381324012806e-01,5.342512751120132020e-01,7.844507108021592234e-01,8.908901753020687098e-01,8.384137408807643688e-01,3.612529200454961953e-01,9.171882028449863666e-01
6.414068269114789889e-01,7.803117710494271719e-01,5.473373572623745353e-01,-1.481137394533869334e-01,7.715704837903935021e-01,6.347471437173851649e-01,7.280128047864956597e-01,2.550141600632945815e-01,4.413051302828023270e-01,5.153944134209820227e-01,4.068475077823998642e-01,2.672709383351656864e-02,8.062384069353751848e-01,8.311630198613371157e-01,0.000000000000000000e+00,9.153693678137081458e-02,7.192605881729891015e-01,8.607580509830270454e-01,5.250257494433846484e-01,7.502173070786011255e-01,8.275241906719483787e-01,8.440844465533584584e-01,8.275046151068083944e-01,6.962667530562786089e-01,8.249361335272743512e-01,8.199381694939186227e-01,7.296801248886232161e-01,4.890013462853164405e-01,5.009746806312500578e-01,5.494020406958881608e-01,3.021784533994582578e-01,3.507575135785919729e-01,9.450714745246555637e-01,2.826767911334386318e-01,4.149252128897514269e-01,5.969377660282575437e-01,2.438875388132586142e-01,6.396150246796405980e-01,9.727539345630392686e-01,9.664144394315994369e-01,6.794719376201773242e-01,3.847834510675894881e-01,9.380087432860877428e-01,9.276469939000002718e-01,2.927416753267024774e-01,8.855838327584675262e-01,7.627207786383364274e-01,9.379213389748294327e-01,5.066761943346017594e-01,8.996378726269849135e-01,8.999587470138927792e-01,6.738861656183269266e-01,8.617967909605368515e-01,8.928952083206167512e-01,5.547359029847263034e-01,5.229619479622887868e-01,8.615068629222307761e-01,5.463444792487794910e-01,7.286297679757399726e-01,5.801931538338895855e-01,7.485303697635271591e-01,8.816780594770500246e-01,7.274241472255054131e-01,9.396804187398434260e-01,7.657119596750079360e-01,7.473947164732540616e-01,4.810071921174621234e-01,5.165877291045041231e-01,9.198036863010540243e-01,6.791750255959376759e-01,5.982902287492110061e-01,7.270836903447056576e-01,6.976750925400176939e-01,7.318827172245079282e-01,4.278021053025441445e-01,4.023329558861567512e-01,8.321655657544677620e-01,2.032005100126544894e-01,4.540858857042497365e-01,5.922134425026128746e-01,8.394771213288896305e-01,9.746916949792424623e-01,8.676938522244336260e-01,3.229238454881138698e-01,8.766389950036188594e-01
4.537185650889605237e-01,4.789093977424974113e-01,9.935279542916856110e-01,6.838528131139395283e-01,3.644283205095456557e-01,8.786531990440431539e-01,1.156294194957523253e-01,7.041580800385054406e-01,3.037810664841544273e-01,6.638542716888109485e-01,-4.153011557187635816e-02,8.728601397481358104e-01,7.784082562005918415e-01,6.120840756688308293e-01,9.153693678137081458e-02,0.000000000000000000e+00,7.785593403993446016e-01,6.050370478876109237e-01,7.654570178004237446e-01,6.997763168536014211e-01,8.872223752359902349e-01,7.139579227427744756e-01,5.443185323428749722e-01,5.917328202547043059e-01,2.932121470294554166e-01,2.427732152349895978e-01,6.479363162418951827e-01,8.332231811114234610e-01,6.506382124367640074e-01,4.644047033958932369e-01,4.169658839849275100e-01,7.244751001149847269e-01,9.568345114193935741e-01,9.652379118253998636e-01,5.659739759887422172e-01,3.454959476670613205e-01,4.367836426410033335e-01,5.986459547520974755e-01,9.176044665888700713e-01,1.799854484862658255e-01,7.779301675270676730e-01,7.110821051101865464e-01,5.609989578025067480e-01,6.310177055127665913e-01,8.989091266939396307e-01,6.085212280510606808e-01,6.013447907880213883e-01,6.741961827175382282e-01,3.581794581488864093e-01,8.606343771367299667e-01,6.804196564701034955e-01,2.761858125659153451e-01,7.851192910045301510e-01,7.541458076808078836e-02,8.858373596185592502e-01,9.861772807715067923e-01,3.894882644467630994e-01,7.879841425298013124e-01,8.287558163938201217e-01,9.363755161213710432e-01,3.036761766213891267e-01,2.433614397730248791e-01,9.140796562718670470e-01,7.020579703488150081e-01,6.492458959041662592e-01,6.267818511540669268e-01,2.668162269623141070e-01,8.586932163085060354e-01,7.298604005519467863e-01,-2.243824326860696938e-01,8.441013126272156608e-01,5.923064883752153786e-01,8.501193003897740130e-01,6.684099070132293319e-01,7.531598048102858822e-01,7.915771029600665587e-01,5.538769716294515977e-01,6.391455836314585692e-01,6.072155559969958372e-01,1.999698003321784823e-01,5.151443734690845933e-01,4.152525430454279687e-01,7.157001068236527042e-01,4.618876137090056067e-01,4.483287744996511948e-01
6.500637185191916467e-01,8.239189276134454287e-01,8.893199492943411055e-01,6.629685553051942737e-01,9.494618184564901364e-01,8.047757258573188244e-01,6.905096902902710942e-01,9.767931628865866855e-01,8.590497705399894324e-01,6.949656656544640487e-01,8.627325636616688387e-01,4.347570090839900786e-02,6.606335428270672105e-01,5.604251325235271031e-01,7.192605881729891015e-01,7.785593403993446016e-01,0.000000000000000000e+00,5.452970742245853986e-01,8.679913125169576027e-01,7.574968564390958115e-01,2.095471824762210888e-01,6.502729183022257775e-01,6.062952454412441350e-01,7.168746843438646987e-01,7.533917344243997727e-01,9.922770435385674936e-01,8.973691801975317572e-01,6.055404748135184700e-01,7.449587759867342118e-01,2.176282475630600122e-01,7.959101717521609443e-01,8.945922199431768362e-01,7.551488100853018803e-01,5.879550751601965164e-01,3.450083911483483590e-01,2.056507801961286463e-01,1.859015668149429368e-01,8.620985457213287129e-01,6.554566571905965366e-01,2.109613447662854191e-01,7.894557341168870757e-01,1.045333157550969519e-02,9.379258826218375145e-01,7.412994452111626442e-01,8.300233783490498229e-01,9.835898050801894499e-01,1.900533074601936656e-01,6.864606206117334075e-01,5.522075250747613406e-01,4.089423197117313391e-01,3.397382878094067360e-01,7.566204368328018903e-01,8.337395957660928003e-01,5.016535105590416155e-01,8.068255908624498707e-01,3.238717168610829450e-02,8.548039660770977433e-01,6.003766444622530285e-01,8.708572365635312007e-01,4.880275082247835794e-01,7.003270752641407304e-01,6.205150160981555141e-01,8.439943487242600462e-01,8.521244227325674991e-01,8.470962235370759208e-01,4.784511337715232626e-01,9.350004514823442303e-01,6.281013591144586350e-01,4.252936242575252601e-01,3.900484707506797211e-01,7.330719879735538846e-01,5.075451236487769080e-01,4.449736603479659269e-01,4.085518772997710490e-01,4.765500481801417942e-01,5.976369779044962138e-01,8.724639742165818390e-01,6.882521673107291349e-01,6.930389073894135388e-01,2.814802802667425996e-01,8.750083373339877513e-01,6.959945746893706486e-01,4.762526262777423969e-01,5.585221264618193127e-01,4.614883114179499923e-01
2.841622161612155084e-01,8.241983221033540863e-01,6.652961995751552893e-01,9.606943725072543128e-01,8.283925742704253414e-01,6.446933685588056573e-01,8.721536422187643467e-01,6.336919346000450259e-01,9.235929810080496516e-01,9.309603917959732300e-01,4.213144989926684847e-01,7.027030125341096056e-01,6.972517386774734760e-01,8.386524549339986478e-01,8.607580509830270454e-01,6.050370478876109237e-01,5.452970742245853986e-01,0.000000000000000000e+00,7.149526686060182490e-01,8.146228202778819094e-01,8.732290287356724301e-01,8.756888508152822492e-01,3.664314919128179304e-01,9.134183211602426855e-01,5.059785323664809376e-01,7.952146066348553255e-01,9.269612397857422970e-01,6.465336716776075576e-01,3.948268119958284750e-01,4.012306223012587769e-02,7.151270445799258191e-01,6.941851922236579320e-01,7.428909141911560488e-01,4.446621617274869598e-01,5.263449525635063297e-01,3.776701619358796558e-01,5.216536696683484742e-01,6.986787133399104954e-01,8.439314801803665667e-01,8.306959637518398498e-01,5.985263446981303748e-01,7.172448028857744129e-01,7.265789382285157139e-01,9.901964651754890934e-01,7.505508384298456015e-01,6.476726024009105132e-01,4.863968697349720371e-01,2.202123106540083142e-01,3.165626793867391126e-02,5.159602930079525418e-01,7.813416859416163485e-01,7.202123223838386989e-01,5.661569896537189672e-01,6.529537774637487191e-01,5.331512546597675373e-01,9.225088450822369612e-01,7.909708254269712802e-01,9.889370847212679561e-01,6.127095651478647875e-01,3.980913136270204378e-01,6.959347067265696518e-01,6.092569770550726460e-01,1.139966143595587678e-01,6.751723026573479558e-01,8.905150730214553834e-01,7.901509988946884278e-01,9.316749867000009289e-01,8.769590607824737649e-01,7.607802436955758418e-01,4.529576967215646066e-01,5.483000387059787650e-01,9.825544513359095733e-01,7.846799122668903781e-01,9.198106157946074335e-01,5.877930101180565137e-01,5.681956731496657920e-01,8.698221558572178935e-01,8.197031769525396916e-01,5.354931345334514869e-01,7.324546255118831173e-01,3.120481570264208582e-01,6.369809055050277280e-01,8.679286278682947220e-01,7.288981577500588394e-01,9.098525960738388374e-01
