0.000000000000000000e+00,7.929031299621656093e-01,6.309901508330082454e-01,9.389969351382069229e-01,4.415616819979669150e-01,6.781431984580733596e-01,8.358768462987010706e-01,8.208643695328927681e-01,8.254919888273497541e-01,9.706270326062204079e-01,3.844389792445110920e-01,6.508056069847830694e-01,9.875826940877786564e-01,8.337998587291802766e-01,7.214200766793675834e-01,6.530504118121656099e-01,9.725397237880057943e-01,9.355702659182570935e-01,7.800113675355127008e-01,9.215202963515320977e-01,4.695961041483887044e-01,9.908672368359918714e-01,6.277100639511249414e-01,8.361835221212140512e-01,-5.332683956121012092e-02,6.760866620095662416e-01,8.909977665897710342e-01,8.684972227567315795e-01,5.138135228028007928e-01,3.889547097892701588e-01,2.127388143761581585e-01,5.248533338208271060e-01,6.922650936862989601e-01,5.902159546985887850e-01,-3.675216934751565079e-01,5.992922218224749908e-01,-9.775333780576975218e-02,6.373626375122146692e-01,9.209426127211217672e-01,8.498403023566647452e-01,4.900709954569423821e-01,4.541888324315130343e-01,8.831714180835241734e-01,8.293433282933693196e-01,8.403899665507639227e-01,6.534479992447220775e-01,6.147000106264971508e-01,9.931810564082583781e-01,9.834673654005526844e-01,8.358140803672120533e-01,6.527600563072183393e-01,7.979222210325619402e-01,1.743367454636274294e-01,9.965247822877951744e-01,6.519280282559607453e-01,6.835633634275855020e-01,9.003310731907172570e-01,8.029682772785997624e-01,8.170747578296250202e-01,5.104098070998647207e-01,4.866034606792327133e-01,7.186877196409571233e-01,2.875158229169769153e-01,4.471320819313989170e-01,7.023472910114360035e-01,7.821111103115481189e-01,7.989526512872188180e-01,9.215992882736272485e-01,6.837463084985009321e-01,6.169355948385598643e-01,9.047081632307510946e-01,6.241804733667972727e-01,5.129129744610396724e-01,8.242580187214296750e-01,7.580688273553178869e-01,6.916164727974346560e-01,6.956653404802607410e-01,8.794388507701259572e-01,2.848773268068376385e-01,3.461482292866903121e-01,8.154661022441368479e-01,7.655506061001253748e-01,7.374389432508988707e-01,2.412177218767379006e-01,6.509027999012226839e-01
7.929031299621656093e-01,0.000000000000000000e+00,5.089840813535118080e-01,8.304745320092538075e-01,9.498410513015794754e-01,7.935128034568499356e-01,5.731516424303206847e-01,5.197372676009905934e-01,3.675520570995371994e-01,6.842803557034987660e-01,6.086898916848979546e-01,7.338577598777517030e-01,7.912842349543369735e-01,6.760327955893365992e-01,2.814640492358915780e-01,3.366706110450770062e-01,8.752154063469692602e-01,6.046273746067233335e-01,4.705895888278344152e-01,7.392136229507566547e-01,8.967327364666692890e-01,4.564364773959208033e-01,7.767679570024746960e-01,4.419887300147612996e-01,8.724842491166353575e-01,6.378877380467714575e-01,9.420523438169386976e-01,1.226393970168495606e-01,8.614256384349830431e-02,4.010870106934795731e-01,3.889908475602438243e-01,7.614511112118496072e-01,9.542810237368396509e-01,2.427651103062662408e-01,7.372780601969118885e-01,3.927915868239975072e-01,1.285761809137566103e-01,8.790332789829971016e-01,8.122405692610513706e-01,4.134069408152007963e-01,7.087759022321263869e-01,8.982453008885550316e-01,8.738966333681696952e-01,5.590057250507807218e-01,8.197069919803121607e-01,6.543914293370258761e-01,7.850076537603595250e-01,6.026033194436309914e-01,4.815247304536676154e-01,7.999581198181999753e-01,4.678478192123723400e-01,8.634539862502201846e-01,7.073452448524426561e-01,6.322282491758802747e-01,7.975194409230389470e-01,7.816475898262672528e-01,4.870666325347515202e-01,5.407642036271944619e-01,1.866785043933486266e-01,7.782434729388258976e-01,5.365632654803954571e-01,5.900472226669456477e-01,3.229812415929823599e-01,5.528156245394204582e-01,9.432776754417442344e-01,7.432668123159380524e-01,4.699819284551134402e-01,7.476344975328842457e-01,5.296248431198895545e-01,8.356789897807136436e-01,8.354499978801523952e-01,8.709443353708444802e-01,6.850470852793431042e-01,5.101493516316153443e-01,8.473592935419412830e-01,8.663410447683047577e-01,9.865829119186499963e-01,1.808589530249110622e-01,2.477921103316421680e-01,3.724981008043534159e-01,5.452042913560706250e-01,6.747579783330581726e-01,8.881206113793689294e-01,4.270443705726659767e-01,9.406314649514638804e-01
6.309901508330082454e-01,5.089840813535118080e-01,0.000000000000000000e+00,2.017293694142288651e-01,9.543262382861463777e-01,9.363300309270345956e-01,6.560061399866196075e-01,7.540713793290312328e-01,7.704676057722188443e-01,5.497283429451480519e-01,7.094336525861216769e-01,2.883867110475768492e-01,8.505119221197470214e-01,8.583356393546056617e-01,6.861307905992939382e-01,9.072604865022853016e-01,9.324736906666131198e-01,5.090097715594107397e-01,8.774455992824397033e-01,9.295298146736481470e-01,8.034969645960222673e-01,5.532798175692611453e-01,9.083660505789147299e-01,7.579560750093163879e-01,6.625155208323089129e-01,9.657849816409606047e-01,9.288005961720273707e-01,8.238406621824884146e-01,1.939432480034460893e-01,-1.349763713515372832e-01,1.152919442290942231e-01,5.483219007778398213e-01,8.195411496952224040e-01,5.270928998218675776e-01,5.990488096368385973e-01,6.087165037235683362e-01,2.289139673738406766e-01,6.857033989242627969e-01,9.051860339188161353e-01,9.720564864658849391e-01,6.639367713669521720e-01,8.117468568448262811e-01,7.943456904047110356e-01,6.210711426235183685e-01,6.191790979742627377e-01,7.785484961906832257e-01,9.578174496074788324e-01,6.360981887924751499e-01,9.573245256165915373e-01,4.224344674007219913e-01,9.815583919495370901e-01,6.866026912149947314e-01,7.741114785276982380e-01,9.808556815359493752e-01,3.357469161488568776e-01,8.793903252110124580e-01,9.100632494800504624e-01,9.031353084681053023e-01,9.553099751500802039e-01,7.266424190419077389e-01,3.399900911361516398e-01,2.185734405267340530e-01,9.809240676063724074e-01,6.094837427371848637e-01,9.235999987746503770e-01,6.779930855100393394e-01,6.120684022646366573e-01,7.871421883288713950e-01,8.410126794042729337e-01,7.027271330584332620e-01,2.916812710974467371e-01,6.753790709088312028e-01,6.325928424524768223e-01,8.647164712297420452e-01,4.557803305648651659e-01,8.504152227873428282e-01,2.376169754915873900e-01,9.989919790641598185e-01,4.707576011395220479e-03,5.735301304526552180e-01,4.100532311805803465e-01,2.845489528314801286e-01,9.720379524438949037e-01,8.422139228729572658e-01,7.424862649982700846e-01
9.389969351382069229e-01,8.304745320092538075e-01,2.017293694142288651e-01,0.000000000000000000e+00,5.215697267888752542e-01,7.020165024779069229e-01,5.779357279111687618e-01,5.126399451763474779e-01,3.076311949697482229e-01,7.307636695676600347e-01,9.836613201415097540e-01,6.643770979282650480e-01,8.217328329705275713e-01,8.690145209559285711e-01,8.455199904758531337e-01,7.122752767486728587e-01,6.589309983720563757e-01,5.256730816152339614e-01,7.023084123541408763e-01,5.581029258314930130e-01,7.626612059352406714e-01,7.797793051019443755e-01,6.467944454854314129e-01,9.867643165022094154e-01,6.822878661515204834e-01,5.432102224680814828e-01,6.031400917930896943e-01,9.248878215522642332e-01,2.917829032941984257e-01,5.589503110931350882e-01,2.282446904225203521e-01,3.101120582994335018e-01,8.508144592098680903e-01,5.565882830257311564e-01,6.892289078131584867e-01,6.745108404980433292e-01,2.059952886619938472e-01,2.786779201245521698e-01,9.252511567335490739e-01,4.212971374613101450e-01,3.511548301320744914e-01,5.782794652927787382e-01,9.453137568576069905e-01,6.647318512700061133e-01,6.842974492940737674e-01,6.312934846227148400e-01,2.002914945805593372e-01,8.041243618787788927e-01,3.556689404235060525e-01,9.418874448202538829e-01,2.618823920614977152e-01,7.953305347289054694e-01,6.102175606140293196e-01,3.411713150068594880e-01,7.419360735835753839e-01,4.979130943750940674e-01,6.260578690508876720e-01,8.455566583821664262e-01,8.131360962802062220e-01,7.767106327112240916e-01,4.838509745656616179e-01,7.981139180374423603e-01,9.088594478707702207e-01,8.901581555048480032e-01,7.532716502043670381e-01,8.929511306883718413e-01,7.463023264710043625e-01,-1.398083333282529317e-02,3.602451843997857006e-01,9.256145900459464837e-01,9.106945515879170117e-01,7.300100432274340134e-01,5.970124698945447062e-01,-8.110501881971932114e-02,7.623227803713565898e-01,7.238621674237477599e-01,4.381841481465368338e-01,4.475862950228546300e-01,7.660197315870227730e-02,7.355063803772730058e-01,3.644050186523157819e-01,6.889606925387075087e-01,9.367369419937440211e-01,7.886594544853378075e-01,6.870135228806240058e-01
4.415616819979669150e-01,9.498410513015794754e-01,9.543262382861463777e-01,5.215697267888752542e-01,0.000000000000000000e+00,7.341272959541360610e-01,1.102452751332778230e-01,6.416891881809720921e-01,6.517575217822287881e-01,6.636656698782708030e-01,6.757211807286804817e-01,4.630541647245769443e-01,-1.294586832432741419e-01,8.328980039944310354e-01,7.526409108275418092e-01,7.580878731287721273e-01,6.602170437605535680e-01,4.703113054667008019e-01,7.751466961177180259e-01,9.168892050823703732e-01,8.716756425433168642e-01,4.809441675386098569e-01,7.469648045218442167e-01,9.841409408153156679e-01,8.349032479104828708e-01,9.571174946423661734e-01,4.722968219014422320e-01,6.525120352228819254e-01,5.063410536960795405e-02,2.671615778347023462e-01,2.871838161512427767e-01,4.971551958959716799e-01,9.597716448782399601e-01,8.643955350968737239e-01,3.740568879551449122e-01,4.725953639819059360e-01,5.867732110525172295e-01,5.463577532170161843e-01,4.229086520631631929e-01,8.203645863123194548e-01,4.864921085258768763e-01,2.171131689309916957e-01,4.005708315312049850e-01,4.538888212660541210e-01,1.350468118579450927e-02,9.541795249044290328e-01,9.881107698483498902e-01,2.143100280910565369e-01,6.009854047779901176e-01,6.155138193869315044e-01,4.000737771509172980e-01,8.751303652999153915e-01,6.216094208904795471e-01,8.564655779372098987e-01,4.765777764142506423e-01,9.475516452649437316e-01,6.276122496514475735e-01,9.482257927435349121e-01,5.556498291641502885e-01,3.054630311949131927e-01,6.321973522034323167e-01,9.523726542298525111e-01,9.712371659765374199e-01,9.849178403110442348e-01,9.394960329668566867e-01,4.659715383407413425e-01,8.363660808504966848e-01,6.573993350981631734e-01,3.702270218866274276e-01,7.710872914062534278e-01,6.054727250311197073e-01,2.223017343866063589e-01,7.420667552548856349e-01,2.337055350912446705e-01,3.525185680198799631e-01,5.463094732097057982e-01,9.238257982688957703e-01,7.668714274001730002e-01,6.657421129751451838e-01,4.050559058487183117e-01,5.793592195862754535e-01,4.690028039868957555e-01,7.308113349606124576e-01,5.995165225084065908e-01,1.966076142932345616e-01
6.781431984580733596e-01,7.935128034568499356e-01,9.363300309270345956e-01,7.020165024779069229e-01,7.341272959541360610e-01,0.000000000000000000e+00,4.070677846484732632e-01,7.913839457494689089e-01,6.865515204413569217e-01,8.475025570954107801e-01,1.716222600134982290e-01,7.363680866528615754e-01,7.229195184663079754e-01,3.488070807141254726e-01,4.749767577484885761e-01,5.745365978330660983e-01,9.577513044288235022e-01,8.672102235694287842e-01,4.171878366831647256e-01,9.071700945565276397e-01,6.076899881107910018e-01,7.222750208420369855e-01,8.568143577432825175e-01,9.152264419575288912e-01,6.218220920158380460e-01,8.996940624284369692e-01,4.905558599035124145e-01,7.100280342456712912e-01,7.698432677923807699e-01,7.589208832543680172e-01,2.158471962418147538e-01,7.443241369392927798e-01,4.010958214977281555e-01,2.656425476785640449e-01,4.666420842853337692e-01,2.199567173654355945e-01,7.095817777964017470e-01,3.923848477815045088e-01,8.609496255631039485e-01,9.043073106566618113e-01,-7.028550794029614357e-02,2.679725879010522172e-01,6.262787386945716239e-01,2.174992128919829570e-01,7.909754465901676079e-01,7.642842532763665098e-01,8.234292140325183418e-01,9.904916383592388129e-01,7.793654240398913968e-01,4.841966286852256163e-01,9.282126112128352702e-01,2.567525417667695931e-01,8.478933280430847041e-01,9.272556566708293202e-01,7.605322792698067103e-01,7.970021593961491568e-01,9.885846789613911278e-01,6.833006086350871255e-01,5.406381579154798667e-01,4.481294230063400108e-01,6.361977446817372872e-01,3.600777711562971328e-01,9.553835489097751710e-01,4.704979337074022827e-01,8.399595706262629191e-01,4.777569478417292848e-01,9.742389674348961304e-02,7.693370427558461344e-01,2.533449174293659900e-01,5.156254535959319263e-01,7.391954572119983080e-01,8.166911453558015621e-01,1.686660283392399373e-01,5.192129627885455623e-01,8.226646088927590528e-01,6.674059720261341644e-01,6.543593782843117879e-01,5.918013833443543925e-01,7.839033780865121148e-01,2.893828660024539423e-01,9.724033483512393161e-01,6.879801362996810221e-01,8.166390697738140636e-01,6.454807533014567111e-01,9.463282468038567430e-01
8.358768462987010706e-01,5.731516424303206847e-01,6.560061399866196075e-01,5.779357279111687618e-01,1.102452751332778230e-01,4.070677846484732632e-01,0.000000000000000000e+00,5.472115612324082168e-01,5.769268687050711497e-01,4.508003432090200713e-01,6.591041454215262885e-01,7.565984545243533699e-01,7.739723606602305628e-01,5.706824030121383506e-01,1.899725221244416007e-01,4.347731052620967818e-01,9.187951389757700316e-01,7.544885466300322863e-01,7.847879668503521255e-01,6.016511406174478438e-01,9.926660948431906828e-01,7.706260934696291809e-01,7.917768032549712398e-01,9.979347340004520728e-01,6.229371282753743966e-01,5.002560060280760723e-01,9.519763496078326170e-01,6.317353344754668143e-01,4.779329723250854700e-01,7.522454113174557033e-01,3.694850813730682915e-01,4.524576705993745285e-01,5.849573526921689748e-01,5.744849980360691166e-01,1.211802973034406261e-01,3.845288035790257464e-01,6.602637023396396021e-02,9.824128710288492217e-01,8.820303040539282380e-01,8.459525162835253020e-01,4.013192418780154314e-01,5.767471166875943744e-01,9.021061852349050447e-01,1.475954151921226587e-01,5.198079246525205699e-01,3.284615623544723251e-01,2.791019469927156216e-01,5.139038973018037471e-01,4.217927659269164464e-01,9.253784442777355235e-01,2.188021532607021535e-01,7.733805916738085706e-01,5.603223759498651146e-01,5.418076992160697491e-01,7.895443780526301136e-01,7.069290239698407252e-02,6.044501233165411325e-01,6.898425759217947650e-01,8.115338249860550857e-01,5.913914550802227277e-01,1.966588568957937933e-01,5.236488952641292771e-01,7.935812437046582124e-01,9.558807060367446873e-01,8.597972173753691827e-01,2.626087941981738449e-01,5.601888941420800627e-01,9.900567051297908261e-01,7.000560688385247810e-01,3.056885815814203156e-01,6.394391658418182578e-01,2.072252013039834195e-01,7.084117916327109521e-01,7.832375362129243568e-01,6.189454329316174119e-01,7.057885684535503135e-01,3.512490328927637684e-01,4.041147535976528093e-01,2.128358377800136925e-01,4.583978688094254572e-01,4.840000211219549486e-01,9.789451505497976935e-01,4.473227689255391271e-01,7.043088742200299679e-01,4.453714876248777155e-01
8.208643695328927681e-01,5.197372676009905934e-01,7.540713793290312328e-01,5.126399451763474779e-01,6.416891881809720921e-01,7.913839457494689089e-01,5.472115612324082168e-01,0.000000000000000000e+00,6.676034963027474012e-01,6.406712099508491409e-01,5.807981446231331724e-01,9.391341263950999663e-01,7.944383557792547013e-01,6.495466472702580152e-01,9.933308627832759807e-01,3.775982450714135963e-01,8.846979816596578505e-01,6.381769861206116889e-01,5.360923035072893139e-01,8.107616559286223712e-01,8.409427055139833129e-01,4.857738304001045226e-01,5.903742781783007931e-01,7.709828735843186065e-01,2.239792705766821823e-01,6.064736932323837593e-01,7.817633451082377505e-01,8.684950735950133227e-01,6.410583952926004470e-01,5.593379390770401027e-01,6.516043028707962925e-01,5.643738041990605803e-01,4.296704432439533705e-01,7.308128418680259752e-01,4.796356187625300249e-01,2.663685587323489368e-01,4.255629066398826654e-01,6.828807755888057773e-01,9.282073360965562570e-01,7.391844014955905040e-01,-1.242064914230028155e-01,7.178380747136442475e-01,4.146675923708219580e-01,2.087306180002226896e-01,7.351743699550093991e-01,5.578523067742037211e-01,6.611550641310296461e-01,5.592869337854299294e-01,5.638354652639459008e-01,8.348679135221073189e-01,5.859831701603864795e-01,7.920375564752107911e-01,6.543535530970381320e-01,6.450094126344552148e-01,9.425581990781336517e-01,9.872150989813821553e-01,5.472170450070981129e-01,6.007195918611374363e-01,9.965429255826542265e-01,7.808444234308250520e-01,6.931454339816710553e-01,9.261124119796556586e-01,4.032131850474669488e-01,8.564914587099764498e-01,6.879356585378145761e-01,5.136389881200962293e-01,4.452515113974825911e-01,6.439802198464953387e-01,6.542028751098929451e-01,5.899101433858964239e-01,1.186307551125301007e-01,9.412211024031401640e-01,4.711747200844990102e-01,4.916381365461968134e-01,9.209239118188861095e-01,4.332602307751189930e-01,5.590221600568285876e-01,4.827061915325454033e-01,7.055933841339649959e-01,7.433637646378957187e-02,5.832349164464295521e-01,9.439127614458309168e-01,9.510344332111940746e-01,2.657756571387723810e-01,9.615267925292548812e-01
8.254919888273497541e-01,3.675520570995371994e-01,7.704676057722188443e-01,3.076311949697482229e-01,6.517575217822287881e-01,6.865515204413569217e-01,5.769268687050711497e-01,6.676034963027474012e-01,0.000000000000000000e+00,8.495514805735264741e-01,3.492186696351766706e-01,8.096244108445656007e-01,9.433541675853178710e-01,5.175668826850511328e-01,1.738188128819889433e-01,9.695675752645332990e-01,8.076849699389363479e-01,5.314700822969357086e-01,8.115141847355888949e-01,9.282237989036560277e-01,7.528939909670460118e-01,6.479474129349166445e-01,7.782389837981671388e-01,9.820046984495062192e-01,8.809067099630161213e-01,2.228051953113475148e-01,5.487879658391969784e-01,7.300654510731806601e-01,6.458555679879610656e-01,8.759012975470333029e-02,5.927000509504907200e-01,5.324535205211153865e-01,4.994136864705692735e-01,9.051280525894284112e-01,7.969063256789802319e-01,6.666822451560372453e-01,5.980941081277899585e-01,6.921707246714523531e-01,8.467056296543148397e-01,5.229507138567354163e-01,5.580761957170959908e-01,8.803561284446256296e-01,7.728533758955611344e-01,7.576932951994782561e-01,5.532833041328192314e-01,4.400249392818045280e-01,5.383291187453164151e-01,9.521405686315320693e-01,5.688469273046834473e-01,5.583906545685273226e-01,6.639161489252513038e-01,-1.207916961160931946e-02,8.730818656359794483e-01,6.226190519687712088e-01,7.364584983570428012e-01,9.720071062021237163e-01,6.585664645246533944e-01,8.154345097135924370e-01,9.707402437769605541e-01,5.682134815847971199e-01,7.004270995201007377e-01,5.113953545936081868e-01,7.696613095594104781e-01,9.304213128897539375e-01,8.005697959444767475e-01,2.059126633967334197e-02,9.799547275944540115e-01,6.041610100228910207e-01,9.764205507665313366e-01,7.041931286744296248e-01,7.202504934083533428e-01,7.099081296541738251e-01,-3.906793100781236761e-01,4.629857589589589373e-01,3.704843232962725663e-01,5.661038292869354782e-01,6.601159156173441733e-01,7.402904638800582582e-01,1.177873881918819754e-01,5.035502459619558557e-01,4.780887399797182913e-01,8.722693679149293722e-01,6.258753670824546145e-01,7.875644857060429826e-01,6.615676718032390546e-01
9.706270326062204079e-01,6.842803557034987660e-01,5.497283429451480519e-01,7.307636695676600347e-01,6.636656698782708030e-01,8.475025570954107801e-01,4.508003432090200713e-01,6.406712099508491409e-01,8.495514805735264741e-01,0.000000000000000000e+00,6.683934984246846511e-01,2.247957774940970432e-01,5.106614387726345905e-01,7.908021621140767232e-01,4.851462228338445093e-01,1.990349336141059300e-01,8.039838162871342231e-01,4.697414064845263915e-01,1.407736576241167686e-02,7.251120750424733252e-01,9.349801901349906741e-01,7.679280535541349595e-01,7.541182916520842161e-01,8.251281153361884613e-01,3.490607266812192355e-01,4.490289593787966660e-01,2.095832412452536264e-01,9.471555551900692205e-01,7.841391144975706773e-01,5.886084940763132434e-02,5.478676077265159927e-01,8.883137029284436936e-01,6.887129000384660804e-01,9.902900236606195783e-01,6.072480370220626478e-01,3.407121315248865523e-01,7.689510042350915509e-01,9.775741903294802304e-01,5.716576578226431060e-01,6.444992654052155157e-01,9.801637882852827222e-01,4.398383601689645483e-01,9.877874531230965705e-01,7.384635060680094787e-01,9.219383635379987396e-01,9.134519736976876025e-01,7.358968104492461526e-01,6.659454126980224320e-01,9.106586897146485837e-01,7.792005650197389999e-01,6.600548136061632487e-01,8.934945015011965808e-01,8.667279342361345895e-01,6.148499192621126319e-01,9.195603033173728180e-01,6.993709848757166947e-01,4.028151953367236082e-01,4.616880037551662763e-01,9.653730373413936805e-01,6.632555620794413631e-01,3.627318289192061340e-01,7.458288181789841653e-01,3.441350901313598998e-01,6.018859014473111335e-01,5.097534290132053059e-01,8.460261887038083017e-01,9.824903684284890248e-01,8.267637362866632200e-01,5.905979617371091006e-01,7.916776553564136565e-01,4.005149236879659291e-01,2.568852096131788443e-01,3.831425131199202028e-01,7.406479319664600602e-01,4.481680115532802322e-01,9.391052920977457363e-01,6.366564267822559797e-01,4.238628519975871090e-01,5.939288630912800127e-01,3.055806549778382619e-01,3.173429336429023362e-01,5.276441798693095597e-01,8.171634339428368587e-01,6.887227261489317076e-01,4.795638498799658089e-01
3.844389792445110920e-01,6.086898916848979546e-01,7.094336525861216769e-01,9.836613201415097540e-01,6.757211807286804817e-01,1.716222600134982290e-01,6.591041454215262885e-01,5.807981446231331724e-01,3.492186696351766706e-01,6.683934984246846511e-01,0.000000000000000000e+00,6.246169959051879328e-01,8.258813286419497413e-01,7.397674290085545223e-01,3.186375552530610888e-01,3.502719586358244985e-01,6.421711364933498922e-01,6.668573407650334461e-01,6.837938135701477904e-01,7.524009489610654633e-01,6.257522208757475557e-01,7.704606513393206235e-01,9.730759403760926851e-01,9.211891940213862151e-01,2.329630771866627037e-01,9.318045094068980738e-01,3.946714627308560708e-01,8.605608581742054675e-01,7.107856482701973011e-01,2.281134332018791011e-01,3.343727646093743733e-01,5.702847051285870883e-01,7.518016103453187826e-01,9.469261381507977360e-01,7.128914067416541878e-01,5.542162350720863939e-01,6.874706104296299802e-01,9.071341850210323798e-01,5.866511606009352509e-01,4.541792012985138016e-01,2.600362544860067016e-01,5.817383559880036081e-01,8.880943986006462065e-01,6.184322085217570653e-01,8.055295712677126296e-01,7.217508131125611737e-01,9.773396761154469203e-01,6.737463212466815454e-01,6.298986476629732101e-01,9.815959461229560867e-01,7.875387163304785609e-01,8.311050236035461003e-01,7.226246670069221834e-01,9.978744416191714928e-01,2.254846931870213844e-01,8.732938718160729863e-01,1.474975511666002936e-01,5.834749486451987766e-01,1.411139727194170579e-01,6.748397887886710134e-01,4.658526423488136281e-01,7.995881744434127913e-01,6.830546967550714665e-01,9.504743901088448244e-01,9.191141366452051376e-01,9.180728490928404817e-01,4.432070926183162007e-01,7.227607993246066842e-01,5.243841226578845882e-01,7.230647106732817075e-01,6.360092385498964385e-01,6.849076786958940843e-01,3.818956364539456416e-01,5.050777834384124754e-01,6.951552505070985877e-01,6.525951391784196032e-01,9.259430307188485365e-01,5.636114562884128043e-01,6.041502862841877652e-01,4.090384253847341445e-02,4.802319782638591050e-01,9.661657394602738425e-01,9.645970344163093957e-01,5.647953964225800316e-01,9.120134263203489855e-01
6.508056069847830694e-01,7.338577598777517030e-01,2.883867110475768492e-01,6.643770979282650480e-01,4.630541647245769443e-01,7.363680866528615754e-01,7.565984545243533699e-01,9.391341263950999663e-01,8.096244108445656007e-01,2.247957774940970432e-01,6.246169959051879328e-01,0.000000000000000000e+00,7.764840829445585069e-01,9.433841033367267315e-01,9.183530336203777900e-01,4.095108788176657355e-01,5.191445819480234869e-01,8.459319851406731372e-01,9.210721162095865111e-01,6.840090768026108048e-01,8.440089831251166297e-01,2.086909921536207468e-01,8.246294937004111647e-01,9.455460033934552921e-01,4.021878333643181813e-01,7.560278036776064692e-01,8.030727839586558892e-01,7.949612947598754253e-01,6.214678503523771713e-01,3.841532002612175756e-01,5.799467917072599343e-01,6.188304972298538376e-01,6.640772134922163783e-01,9.167127852803599319e-01,6.814356005843287267e-01,5.356520323555251650e-01,5.616502970520973470e-01,4.498157785442683521e-01,8.849255946920758786e-01,6.745464220965198265e-01,5.173859054664351476e-01,4.272190512143366203e-01,8.125603489521033840e-01,8.606466459435448968e-01,9.820596259413887363e-01,8.654642065175265353e-01,7.489325903805601481e-01,2.970755767833213046e-01,4.113478175225525058e-01,7.809740042332181664e-01,6.756444315935286049e-01,6.939616908890866576e-01,9.602132002199594840e-01,8.173565678415378732e-01,3.361103055409846441e-01,2.368819544007719491e-01,5.473756838712723338e-01,9.893081352820797258e-01,7.788638758979830046e-01,3.627216835954998886e-01,1.927936284985884985e-01,6.801106416068032345e-01,7.302660613973688264e-01,7.612226114166413815e-01,7.781409123132565497e-01,8.801594904893111915e-01,9.911854646448812201e-01,9.422992673126604490e-01,6.276521130318308828e-01,6.161984706005004808e-01,7.963312736499208455e-01,9.319678100014210376e-01,2.265150843864190688e-01,5.212836262857791780e-01,-1.034648035303420144e-01,4.557678694194841618e-01,8.495372366498248340e-01,6.631011737697176667e-01,6.986533021230293405e-01,1.742211303606600870e-01,8.842174475907537134e-01,8.364223471670848564e-01,7.168637591943505250e-01,6.657020124615411483e-01,5.781748709797626118e-01
9.875826940877786564e-01,7.912842349543369735e-01,8.505119221197470214e-01,8.217328329705275713e-01,-1.294586832432741419e-01,7.229195184663079754e-01,7.739723606602305628e-01,7.944383557792547013e-01,9.433541675853178710e-01,5.106614387726345905e-01,8.258813286419497413e-01,7.764840829445585069e-01,0.000000000000000000e+00,8.977629262699189372e-01,6.869887924143324165e-01,3.633551687069411784e-01,5.781397072308374074e-01,4.844469424809293434e-01,4.850829460914531377e-01,8.202078795743965589e-01,3.740852976821090747e-01,9.919608569697969669e-01,6.606013987881509397e-01,6.503100071779180924e-01,7.474781362179887534e-01,8.190624067179358425e-01,9.580824091704168710e-01,4.858586964277886722e-01,2.932091034626322923e-01,5.088337472246393656e-01,6.867253631393327451e-01,9.871034920835691784e-01,7.633604085690917085e-01,9.413993199427651559e-01,7.440412620904869323e-01,4.871117484809469600e-01,3.434314590740886741e-01,9.053849380236889122e-01,7.386238309897141807e-01,4.017904677342381548e-01,5.051993592457701965e-01,6.645634024149014163e-01,6.398792154802112053e-01,9.917313712700916994e-01,7.066621184986388027e-01,5.828272455980058053e-01,5.398447111477796545e-01,7.620729367875869187e-01,4.973693770187141427e-01,7.080781797812530920e-01,1.852619402453196951e-01,9.773924247044238900e-01,9.866576273285729837e-01,9.408954075753865887e-01,8.586335792910418929e-01,9.995037705439525633e-01,9.970944034120903243e-01,9.421767354023766750e-01,8.459432282093702904e-01,6.535552762058449705e-01,-1.741271640166239809e-01,9.532801199672855663e-01,9.438995560486950209e-01,7.325833923885998189e-01,8.935433243500752187e-01,5.468347764751920748e-01,5.492699601916957164e-01,9.392173660161500237e-01,6.236592013553508007e-01,8.788941701924577465e-01,6.743118114810975339e-01,4.233396478138724550e-01,5.438559067542783065e-01,9.917580009097863858e-01,5.324573932483567251e-01,6.422646605412271059e-01,6.171052088828478110e-01,9.340421546064709979e-01,4.112398260752685858e-02,4.362800204955414318e-01,4.571302056742201914e-01,6.575302012547984409e-01,6.240325703396443213e-01,-9.049312916773534499e-02,8.197041207686954767e-01
8.337998587291802766e-01,6.760327955893365992e-01,8.583356393546056617e-01,8.690145209559285711e-01,8.328980039944310354e-01,3.488070807141254726e-01,5.706824030121383506e-01,6.495466472702580152e-01,5.175668826850511328e-01,7.908021621140767232e-01,7.397674290085545223e-01,9.433841033367267315e-01,8.977629262699189372e-01,0.000000000000000000e+00,7.503953451461484736e-01,5.703471728383329165e-01,4.866297530245274894e-01,7.133121944788038959e-01,4.771292554724957946e-01,9.130470651563821205e-01,7.072486296561150132e-01,5.709849827881483542e-01,4.497768447446675588e-01,6.424313824337851697e-01,7.449280498531500871e-01,5.582475858276340075e-01,5.121758992703557833e-01,9.160205684946541860e-01,4.556352161192949168e-01,6.332841157186713810e-01,3.315345676458993779e-02,6.105498741187952438e-01,5.945605027166342982e-01,9.312020701658277888e-01,9.286268487505398017e-01,6.265480433755366008e-01,4.113960089814919230e-01,9.098313549723975324e-01,4.001284901334161703e-01,4.120185928722768232e-01,5.699369352420716739e-01,7.290595469601512946e-01,7.278587868765582503e-01,4.000219416551036300e-01,9.215322438787180159e-01,4.252844328817728670e-01,9.240376513986675588e-01,7.138255445924418519e-01,9.454709001038652527e-01,9.123259471988820479e-01,4.096284222252781770e-01,8.754527670931334660e-01,5.763004388255533739e-01,2.330139829139634411e-01,6.896397732346571940e-01,7.332483148733617284e-01,7.783293283780561289e-01,8.322255094680711673e-01,9.566489101244044502e-01,3.149940686659654099e-01,3.397019232918084830e-01,8.625473276735227124e-01,4.380046547091718256e-01,8.775430390285742233e-01,9.413890377658101771e-01,6.812725134399710836e-01,8.517075244012995983e-01,7.079337640808880394e-01,-2.517594959504216856e-01,6.877086197414802315e-01,7.936444927560946105e-01,8.167148026994041077e-01,7.240207338540770587e-01,7.245009166907097065e-01,8.375227190718861348e-01,6.029508578714751765e-01,6.734003733091368238e-01,2.024662623054384325e-01,-1.642465904321417369e-01,7.038920251422651209e-01,6.876521258918129043e-01,6.341026028366510969e-01,9.694153058869490192e-01,9.747827834792259782e-01,7.639930513029051795e-01
7.214200766793675834e-01,2.814640492358915780e-01,6.861307905992939382e-01,8.455199904758531337e-01,7.526409108275418092e-01,4.749767577484885761e-01,1.899725221244416007e-01,9.933308627832759807e-01,1.738188128819889433e-01,4.851462228338445093e-01,3.186375552530610888e-01,9.183530336203777900e-01,6.869887924143324165e-01,7.503953451461484736e-01,0.000000000000000000e+00,6.967517721179659063e-01,7.657847687776208057e-01,9.327530873113186738e-01,7.144812708665073675e-01,6.371066091285507715e-01,7.570171197532571394e-01,6.546060687954788904e-01,7.481154115348145339e-01,9.097111400432043027e-01,6.995257649597141913e-01,6.248441435234596275e-01,7.587509311049346339e-01,1.754434229737970030e-01,6.790789954547723495e-01,4.566920974446822545e-01,1.555693852969634028e-01,5.143928971030904407e-01,3.891453221146417563e-01,7.348588760740458747e-01,5.710695680143375030e-01,4.568111117448684921e-01,1.983573097883252756e-01,6.015537225805139832e-01,9.466943091756496731e-01,9.933191451446224951e-01,4.075065832687992384e-01,1.731192610725407199e-01,7.372313496206404082e-01,5.448342928482539094e-01,2.857336136230584911e-01,9.390150159601725610e-01,6.007124596167920938e-01,8.905018867935702298e-01,5.247629927823270757e-01,6.023534219245114674e-01,7.268859750317026025e-01,8.567192495214691617e-01,7.395974122578434784e-01,-1.688872057251668279e-01,5.979083385988210875e-01,9.514029601508796619e-01,1.358319689881916925e-01,8.246107513241258680e-01,5.868231784620333569e-01,5.088626600559479352e-01,8.356779095204811547e-01,9.683574313218890062e-01,7.200524681349079748e-01,8.813687374158570842e-01,7.134585106304666136e-01,3.541049964017147222e-01,5.943469366175220259e-01,9.167405910127994773e-01,8.757664856978569778e-01,9.681947277178221123e-01,4.834927797677369687e-01,5.007540781204619096e-01,4.143774391733741069e-01,6.083913480600161572e-01,5.160348781973347343e-01,6.009073741652102285e-01,8.433732748212660058e-01,8.345689158719300504e-01,4.048401692402894825e-01,4.818908073596432917e-01,8.430264351480702967e-01,9.416354089418103035e-01,6.301136131956359687e-01,1.611314981148783132e-01,7.252613730652023305e-01
6.530504118121656099e-01,3.366706110450770062e-01,9.072604865022853016e-01,7.122752767486728587e-01,7.580878731287721273e-01,5.745365978330660983e-01,4.347731052620967818e-01,3.775982450714135963e-01,9.695675752645332990e-01,1.990349336141059300e-01,3.502719586358244985e-01,4.095108788176657355e-01,3.633551687069411784e-01,5.703471728383329165e-01,6.967517721179659063e-01,0.000000000000000000e+00,9.595678428643480418e-01,9.047946251422851471e-01,6.044058770289870708e-01,9.949340741525909415e-01,8.832741006734841083e-01,5.034824509185982233e-01,-2.453928520866670571e-01,7.659528964112505278e-01,6.931309517737352932e-01,6.796144100973665614e-01,7.891057790073348066e-01,6.529094045450952732e-01,5.603602065246652275e-01,7.367866973015599896e-01,2.225445560084379215e-01,7.772215090404125393e-01,8.574013977348535764e-01,5.054164084706921356e-01,8.898396737461771178e-01,5.784545909944059927e-01,4.315281033408390754e-01,5.559800524908504737e-01,9.449670954448559090e-01,9.246879590758070311e-01,7.325927999456247619e-01,-1.437138245943626880e-01,7.426729018875024568e-01,8.271828782867117758e-01,4.740518662406233430e-01,4.910710645812627062e-01,7.388334217932092107e-01,7.145795592254469142e-01,5.196594390218920445e-01,4.451062677252017319e-01,6.486068278862119341e-01,1.287695369983320737e-01,4.216720708255170535e-01,7.880325519935211798e-01,6.680806474199301181e-01,9.057499588488790998e-01,6.362078274024682845e-01,4.584486458372973861e-01,8.348200245380921203e-01,5.757549407754174453e-01,2.543201109682357020e-01,5.312046962248339055e-01,9.014181544835629945e-01,6.894058586051345916e-01,7.037870359448520352e-01,8.198049207114229686e-01,5.078573684340855765e-01,8.831784469256014347e-01,9.544892970351019912e-01,1.664190730068609292e-01,5.495193326050009652e-01,7.120253873992933302e-01,6.056295140105315555e-01,6.487126604281207021e-01,4.323455121475430207e-01,6.843638208753550778e-01,6.024123247857601227e-01,6.899901618978596662e-01,7.791967860275033075e-01,1.569993666876784155e-01,7.176319120284785358e-01,8.707249448803057179e-01,6.270670075200798221e-01,7.836333437185055706e-01,7.543365489906908028e-01
9.725397237880057943e-01,8.752154063469692602e-01,9.324736906666131198e-01,6.589309983720563757e-01,6.602170437605535680e-01,9.577513044288235022e-01,9.187951389757700316e-01,8.846979816596578505e-01,8.076849699389363479e-01,8.039838162871342231e-01,6.421711364933498922e-01,5.191445819480234869e-01,5.781397072308374074e-01,4.866297530245274894e-01,7.657847687776208057e-01,9.595678428643480418e-01,0.000000000000000000e+00,8.906774402437765970e-01,7.514926625265887505e-01,7.776295546105305156e-01,5.434480134243253602e-01,8.116526061414065518e-01,7.369116016891450460e-01,2.884256200752638999e-01,7.996355474995062718e-01,8.385673079922091322e-01,8.907936539529566211e-01,7.499174407245761120e-01,7.274661817915334394e-01,4.326484501373784597e-01,1.619156836871303851e-01,7.803896486899857265e-01,6.704475451494321669e-01,8.869175784937660678e-01,8.137977422864237642e-01,6.485922086819508880e-01,3.807430686331210179e-01,9.508786640312397731e-01,1.430317286703812474e-01,7.021513284219728090e-01,6.437270395132520528e-01,8.808482829230197542e-01,9.390912355503110431e-01,6.750692284629709050e-01,6.222882568267307235e-01,6.658186129255632135e-01,9.202784014934842771e-01,6.309193883815095161e-01,7.711909938868966030e-01,9.501876803313410447e-01,8.804452567343491465e-01,6.900494630497661097e-01,4.230209038453072168e-01,4.479440655213660083e-01,6.051484222083707287e-01,4.570731559755653040e-01,2.164630872917035209e-02,6.191496628592493279e-01,6.257543498342331700e-01,4.355560716279963662e-01,8.314342245754605676e-01,7.074286632195121438e-01,6.508095411077505776e-01,9.909876772727767014e-01,8.170101737736438219e-01,8.844480860400233402e-01,9.315285240817694490e-01,9.412652311611870992e-01,7.030150215707968719e-01,6.272259676600174805e-01,7.188205606017372684e-01,6.003054100582547736e-01,7.400125131132261336e-01,5.134958274635358366e-01,7.687900201231607777e-01,6.794942731734366914e-01,7.135763533837266026e-01,6.311624809131874958e-01,2.827164513967352355e-01,2.719046404419328544e-01,3.875364117450918466e-01,4.873131359593380063e-01,8.252599829293441047e-01,4.876390379182121149e-01,6.326991706761455614e-01
9.355702659182570935e-01,6.046273746067233335e-01,5.090097715594107397e-01,5.256730816152339614e-01,4.703113054667008019e-01,8.672102235694287842e-01,7.544885466300322863e-01,6.381769861206116889e-01,5.314700822969357086e-01,4.697414064845263915e-01,6.668573407650334461e-01,8.459319851406731372e-01,4.844469424809293434e-01,7.133121944788038959e-01,9.327530873113186738e-01,9.047946251422851471e-01,8.906774402437765970e-01,0.000000000000000000e+00,9.433956543762185287e-01,5.618566097207964294e-01,9.862960477090825240e-01,5.802093720383194597e-01,2.456479070137916887e-01,6.097102248420738224e-01,4.709329675268392190e-01,5.590369100585625972e-01,6.026280249310811410e-01,8.129619593614714201e-01,9.852223673446304231e-01,7.537121059349255470e-01,2.887450970305874276e-01,4.242968617477351767e-01,7.331261430554357750e-01,9.795219114331927823e-01,9.503248394214770522e-01,7.000169597126789656e-01,4.786977835723932317e-01,9.963243315911018971e-01,7.076822913743002763e-01,8.291744637400613183e-01,9.323622670807770740e-01,9.376644450383261331e-01,4.253127292968213458e-01,6.743941359432257254e-01,8.602792233953528989e-01,7.614628280433245466e-01,5.749562225793856118e-01,5.008527826600333022e-01,5.997331622224287839e-01,5.202896742063322089e-01,7.721219705249808829e-01,5.290625927712890864e-01,7.383419025845943118e-01,6.931411843177331944e-01,9.292322968496046220e-01,8.131384763395949067e-01,2.995014625724006785e-01,3.861809277236584736e-01,9.073344004621638481e-01,8.910550969709286617e-01,5.665731447672734955e-01,7.209505876979123151e-01,6.950540707124548412e-01,4.386912432599865963e-01,7.459326991087551484e-01,5.612770310315676747e-01,6.164503688027124229e-01,9.459382658898187746e-01,4.943158868451956733e-01,-6.551786503051185151e-02,6.903236958042615612e-01,5.630275057652243120e-01,8.035055087497020576e-01,7.600947522563774594e-01,1.850323594064159083e-01,6.635427054444177353e-01,6.596947851620214021e-01,4.436475266565166331e-01,5.696105041303658467e-01,5.421377965990029635e-01,6.995940903778672393e-01,8.981338139071619597e-01,9.392018237218139332e-01,6.894731955003192692e-01,4.614121293682119651e-01
