0.000000000000000000e+00,8.392786243174713556e-01,7.951263505850600932e-01,8.945236906584396186e-01,5.537455721137152231e-01,9.617635066117357079e-01,1.665438145910378420e-01,8.918531555523707688e-01,4.564776249973909183e-01,7.168008027016174732e-02,6.441131223311610254e-01,2.400088338254290632e-01,8.811546469343561894e-01,7.209615437811672800e-01,9.689256325801524072e-01,8.650914075654549951e-01,9.732757684726869307e-01,6.011755983379699630e-01,6.938313181984937517e-01,8.578972370260949942e-01,7.353886299796957848e-01,9.910792155388183922e-01,4.545107909172272920e-01,7.141678475583770336e-01,8.977194231214916664e-01,3.981205617555327869e-01,9.090499039961148497e-01,9.687949912736415481e-01,7.815029357649367903e-01,3.789230087940248515e-01,2.323408193679798173e-01,8.716137217071615595e-01,7.142282385996940874e-01,7.729904013071385860e-01,8.709687599895459265e-01,8.541026158614932751e-01,5.319887830804415074e-01,9.505264964670783190e-01,4.692830564898138324e-01,8.855972965774050465e-01,4.709937598413084237e-01,6.349542344637052471e-01,9.745314093334019878e-01,6.887012284512774585e-01,8.817108647330960114e-01,8.570027875064735179e-01,8.064489556901442979e-01,9.560048923718597047e-01,9.916173514066076722e-01,6.839435775198327017e-01,9.952914150485283606e-01,5.106883247480689114e-01,6.009849180341128028e-01,7.953492362922887082e-01,5.228534929879535831e-01,8.953778511389692829e-01,7.397305944110900144e-01,9.306761802715719512e-01,9.592875790071889730e-01,6.255709192817721087e-01,2.555950665818444434e-01,8.101606939020625786e-01,9.494162063879059144e-01,7.583170121837570221e-01,8.027894363353428320e-01,9.459243784861888216e-01,5.046323253108441209e-01,8.753949720122753408e-01,6.738732380544260048e-01,8.214563394488109127e-01,7.821226755572149303e-01,6.980206629180060185e-01,2.185760342503258180e-01,5.507749694968864240e-01,8.582872462770361199e-01,9.825251213446095644e-01,7.901170317404361265e-01,7.691931752462657368e-01,2.900855212084200718e-01,4.078938048712876241e-01,9.585463215107674628e-01,7.441696016784591361e-01,8.256140574339111415e-01,6.975831712824227537e-01,6.706125613389561924e-01
8.392786243174713556e-01,0.000000000000000000e+00,7.039813217733229544e-01,6.905041171256315335e-01,6.350005060830379300e-01,7.949677352178007306e-01,3.332121840798305534e-01,8.482562799392590058e-01,2.248091345558750898e-01,9.477265782105384062e-01,8.794959089793775719e-01,7.638701101876514965e-01,8.050241258331337635e-01,2.065400741990278122e-01,6.514680060646359516e-01,3.153536133486542492e-01,8.066251812469754645e-01,6.129549517011219084e-01,9.779017328136244691e-01,7.837742127335239894e-01,9.656770635214609877e-01,5.647995161803697206e-01,6.905510473906127933e-01,7.705106288914638224e-01,8.182257126927791058e-01,9.685547212839001885e-01,8.908912678772176186e-01,6.346693792948283619e-01,5.426261518429051911e-01,2.747968703595782825e-01,2.388178653714873589e-01,5.658286286281555277e-01,9.678272603637844140e-01,5.851844432557726794e-01,6.651626601985275444e-01,2.598045064112275426e-01,3.712767277324249271e-01,2.444530091623191015e-01,6.556064005932147332e-01,8.918177830544958828e-01,2.868019314749016835e-01,1.440284177786770384e-02,8.782978356397738162e-01,7.563206971405808110e-01,8.741699675588934237e-01,5.945853074746512146e-01,9.004726744473213751e-01,4.155287822306640289e-01,4.796784387920348669e-01,7.122590713667212858e-01,6.907481055853816887e-01,4.702142191012691486e-01,6.050542397914434600e-01,3.300817680305653257e-01,9.586108756927155250e-01,8.219099794933361069e-01,7.693503221905046985e-01,9.563459525347405288e-01,9.492326250124167863e-01,7.730843498800200608e-01,4.854195742040143258e-01,4.656762723332389386e-01,6.888904972488859579e-01,9.900854718530799348e-01,7.914242395792767670e-01,6.328280315837586656e-01,5.754684990651671717e-01,9.513224346284432364e-01,6.176265907816096828e-02,5.879210524371789592e-01,5.191024718452118547e-01,5.079086280558855471e-01,6.323881130316928723e-02,2.803591341406627135e-01,5.726131027598000411e-01,4.173898988716961411e-01,7.809841234604598670e-01,4.795504275041280184e-01,7.517445203354140570e-01,4.572290420818821421e-01,4.069300678461768017e-01,9.132053357421283657e-01,7.744754799330914041e-01,5.931414156045168307e-01,4.164970461853618189e-01
7.951263505850600932e-01,7.039813217733229544e-01,0.000000000000000000e+00,7.237225431252545249e-01,5.604630707458178041e-01,8.816312112443984716e-01,9.565417189717242419e-01,8.749544644643023616e-01,6.705388640205269812e-01,8.226747531850898687e-01,7.727530861203285584e-01,7.893686449064540867e-01,8.026206445278554202e-01,8.825751416284784989e-01,8.192747939923555878e-01,6.452222484340157660e-01,7.517830647855543447e-01,8.943866125563830760e-01,9.083263962457919227e-01,9.828888300103946207e-01,9.505715009401279891e-01,8.389454937953374491e-01,5.537036055313899752e-01,9.191997656842778586e-01,7.118285850304295614e-01,9.557714483861172727e-01,6.166267560203267939e-01,6.942613027428625738e-01,3.630630833065457974e-01,5.189743475585431032e-01,5.613563408065469496e-01,8.313593725930158440e-01,5.588578099696193124e-01,9.949681495010881394e-01,8.114413028940783423e-01,7.615653043155095059e-01,3.110574027931928831e-01,9.945307120770101594e-01,7.662144503960617303e-01,7.375480118176171995e-01,4.449202991483834357e-01,7.522187300518171638e-01,8.927910882919705138e-01,9.583874375382908095e-01,7.198679574907485001e-01,8.730159362488123520e-01,6.584274779385201892e-01,5.380174120222204204e-01,8.711213839643376922e-01,6.373000325359531315e-01,9.885326669760475804e-01,9.823195264770238078e-01,9.235906868390831859e-01,4.177155021776700616e-01,6.964163015167583459e-02,9.303619703283273479e-01,4.316993002376914856e-01,4.527106198496532175e-01,8.113784569295212634e-01,6.135472816920859440e-01,7.337006773437699803e-01,9.244370402063064596e-01,9.755765848897903769e-01,7.926575101415225255e-01,6.011366512529557893e-01,8.264518624354905141e-01,6.310519669524614628e-01,3.201968704833202568e-03,7.394560726230954284e-01,6.128718839527695916e-01,8.867394712658813738e-01,9.514038108264224469e-01,3.924820634920274109e-01,5.529305098727785861e-01,7.976655228763347705e-02,9.152809973520938946e-01,8.871105966834387235e-01,7.437490109528309690e-01,2.856088899474540366e-01,2.215230466206770110e-01,4.794659108375023404e-01,8.829265533983200465e-01,8.789770763894437788e-01,9.281256845809421341e-01,8.907881813206717236e-01
8.945236906584396186e-01,6.905041171256315335e-01,7.237225431252545249e-01,0.000000000000000000e+00,9.410015000920319839e-01,4.384132595618984718e-01,4.942497871996505698e-01,9.940191373051183721e-01,9.718120183939090717e-01,6.427300513746649901e-01,9.654644572509962774e-01,7.147814387273981884e-01,9.013040245477167423e-01,7.643400023790447584e-01,8.571633608643408619e-01,9.737913827171865710e-01,8.353669038514346390e-01,8.749663443208595126e-01,9.029176765411558447e-01,7.110363144735025731e-01,6.360929371186914150e-01,4.202746587798630862e-01,7.441007196600952778e-01,9.078030526053847415e-01,3.857476788799647505e-01,4.164839517742854325e-01,8.087839442591638894e-01,7.775477722461081598e-01,9.112254259192400507e-01,4.828714709543245331e-01,-9.034554508534142769e-02,6.067819539609532464e-01,7.627860087492777108e-01,8.010833656363597344e-01,6.559315095047646427e-01,5.575002516998345259e-01,3.794784119343638240e-01,4.792799670287578029e-01,8.639464566176899840e-01,4.939500215245841708e-01,7.627574918653711178e-01,6.093808811091897537e-01,5.482785504238065766e-01,6.557023473920176038e-01,6.855573091290089183e-01,8.062142259268458844e-01,7.465045963274306029e-01,8.268752944781123659e-01,6.476571876846497489e-01,8.106026473897578466e-01,5.370752251957842116e-01,9.641736629415373905e-01,6.057524183595509593e-01,5.540650386887796541e-01,7.009390059425767427e-01,8.928733406970733588e-01,7.011614692567625928e-01,7.552959822368094933e-01,6.614244719036321829e-01,4.612484922296928302e-01,4.248771759873511966e-01,8.719930088124402401e-01,7.656064325338103327e-01,8.722741344765354565e-01,8.725969117973944034e-01,8.238595912004135213e-01,8.398201828885381026e-01,9.265038073601555846e-01,5.461277114697159485e-01,7.819974784222220032e-01,2.800860424702797391e-01,2.009260003668158767e-01,8.471100057285530990e-03,5.708751682859291021e-01,4.925951581580669814e-01,7.482711215943559369e-01,5.820642272806263451e-01,7.425893272330538197e-01,5.321361250095637541e-01,4.766728513355168451e-01,7.586366600137295357e-01,4.083005092244360035e-01,9.311419073595407214e-01,5.674426122100576508e-01,4.340406317955400883e-01
5.537455721137152231e-01,6.350005060830379300e-01,5.604630707458178041e-01,9.410015000920319839e-01,0.000000000000000000e+00,8.044669574134036827e-01,2.480394747359219720e-01,5.256558604749034247e-01,2.068834744276512316e-01,7.846478052234880929e-01,6.522148944765679968e-01,7.310998741653904620e-01,9.641861185434121850e-01,9.635852017441456363e-01,7.554333867329381391e-01,8.138676205178614342e-01,7.082856594794714189e-01,9.106570756001871603e-01,8.850987012900081163e-01,6.588725345558457125e-01,7.222094296182736128e-01,9.864004250821467590e-01,5.902458268722656776e-01,6.085221396017009843e-01,7.537771811290525648e-01,8.193699354993603245e-01,6.213526221301836072e-01,7.950123565350746269e-01,5.379551427197422075e-01,7.851867008469254339e-01,4.172418579173189923e-01,7.546115075422454854e-01,9.630829527004443058e-01,8.036341832475553115e-01,-1.047793834846893757e-01,3.472722142760211184e-01,4.024955063449855985e-01,6.245532303335590285e-01,9.133246316673204745e-01,6.127557590785508435e-01,7.270781614353796218e-01,4.448425439597475939e-01,7.793605981883234834e-01,8.183649883539421133e-01,8.844733692231954159e-01,8.089348577404170682e-01,7.527370076098015561e-01,6.493181157463624453e-01,6.307574789845412644e-01,8.159472123941009514e-01,7.055873496184036364e-01,8.458554710824116585e-01,5.128314635045916337e-01,4.201774483055018550e-01,7.568272408321599087e-01,9.151236475992712283e-01,7.079247126380642241e-01,7.119742843371724694e-01,9.613801399935181236e-01,4.620070993630700507e-01,2.613286743580137128e-01,7.515151352624731551e-01,7.524429690943099658e-01,9.877208813709967838e-01,8.004537277153845887e-01,7.043526776893251906e-01,4.134693811608890490e-01,9.994935442619149457e-01,5.255559142841561560e-01,6.075398944226239051e-01,7.493642275987121293e-01,7.187834928614535990e-01,7.598366292146596646e-01,4.282592954695016996e-01,2.446109069489155186e-02,7.708921880095084278e-01,8.525818073679993780e-01,8.377723105423831029e-01,5.437271706338253630e-01,2.143959181168098305e-01,8.464253244785595598e-01,7.059355395601174532e-01,1.080818087212060130e-01,2.715505443500046412e-01,6.474263624512548443e-01
9.617635066117357079e-01,7.949677352178007306e-01,8.816312112443984716e-01,4.384132595618984718e-01,8.044669574134036827e-01,0.000000000000000000e+00,4.715269527857092746e-01,6.706999213736104526e-01,6.934478924979919912e-01,8.390019962069568127e-01,8.003456525594331294e-01,7.123824548926999123e-01,8.377244305890576559e-01,6.879408408402951647e-01,4.239213235125618984e-01,4.396331154368942062e-01,5.824988107385049574e-01,9.176208763525701695e-01,8.670585988297212499e-01,2.092739821888789098e-01,6.779109071785472951e-01,9.086136861173742529e-01,6.571665837789032460e-01,9.638094702119993640e-01,7.850697337467015258e-01,7.214585146352716638e-01,8.803244564374124170e-01,9.982174311062135263e-01,8.150811688827064305e-02,-3.632897016304038607e-01,1.889911207069389087e-01,8.038566682400444252e-01,7.084389318909098954e-01,5.536778370734183330e-01,1.543359353531107425e-01,2.511370026152635604e-01,6.465978258854956362e-01,9.165944631236491724e-02,8.631942427385682626e-01,9.744292299531249757e-01,7.351649297012172735e-01,9.310390100823885406e-01,9.173171300496809621e-01,4.816204214108322779e-01,3.297389674330697407e-01,3.263168932010732659e-01,9.661445037269913438e-01,6.979917534905467624e-01,5.559069777987254435e-01,6.004331629956175531e-01,2.887660445091052575e-01,9.854868727769503511e-01,7.146510568944565156e-01,9.319219964571985315e-01,6.043553637772834941e-01,6.783481516132000566e-01,6.471052912755054232e-01,6.524120432977110751e-01,6.323063261542212210e-01,7.538088059843035538e-01,6.148684965584483297e-01,4.391166698101754973e-01,7.702441492846159310e-01,7.770703325743473222e-01,9.710709839759208428e-01,4.545832323644989348e-01,7.466994984993310380e-01,6.679509712874817096e-01,7.768006985746820359e-01,7.166495102344413448e-01,7.719900121789036174e-01,2.307185908834534852e-02,2.963359815069234182e-01,5.934016726215629589e-01,9.365929309735560038e-01,8.579729820771979654e-01,8.760458462803046853e-01,6.596620550707351649e-01,2.965341903392801903e-01,3.952112909057676760e-01,6.336652278418573037e-01,7.812568303282341198e-01,6.770858914626333158e-01,6.221873574788011618e-01,2.699191103524881119e-01
1.665438145910378420e-01,3.332121840798305534e-01,9.565417189717242419e-01,4.942497871996505698e-01,2.480394747359219720e-01,4.715269527857092746e-01,0.000000000000000000e+00,6.060608215069577254e-01,4.723583359010317118e-01,7.264897703314157074e-01,7.476919234938960157e-01,4.086772114585805471e-01,4.778506354819355151e-01,5.546773268407205748e-01,7.153098042085209718e-01,5.248563563645327612e-01,1.351543664126790834e-01,8.395741023246341417e-01,7.755208340257788713e-01,9.488076804511851314e-01,9.984842901088010203e-01,5.243165687976802936e-01,2.577221380841087095e-01,9.649500060976843319e-01,9.776917206436953611e-01,3.278593013117530042e-01,6.290349787067278653e-01,7.522624340102950224e-01,8.285057629336477492e-01,4.463309843776187003e-01,2.293642088803598544e-01,5.915182104166862853e-01,9.275589183292398676e-01,9.205739665446850406e-01,7.295254735389558043e-01,8.248195429622409147e-01,3.803924014083518990e-01,7.934310151269855504e-01,9.358715095714579268e-01,2.122587880934910243e-01,4.030633273633761893e-01,8.811259029349696181e-01,6.351327369140677970e-01,7.472177403063825496e-01,9.505787441375874725e-01,7.661183384221565973e-01,2.917180280941690795e-01,6.991944963134213431e-01,3.941403463332222579e-01,1.863918866454433165e-01,2.367999356367623265e-01,9.772710696308234413e-02,7.898520719812214264e-01,7.082831531746373033e-01,6.507721913670493352e-01,6.977177051245414541e-01,4.858371226388160657e-01,7.363455963749327982e-01,9.633444101078613153e-01,2.599473423134497918e-01,4.075126404787794976e-01,2.484208846220986033e-01,5.220306294717106388e-01,7.844536701846867022e-01,9.445624123615685708e-01,5.649527324418461838e-01,6.533623646925303952e-01,8.026035271157437867e-01,2.821550009322621455e-01,6.133355869670862326e-01,7.171252029369146359e-03,5.981666143645194555e-01,9.574102581390107058e-01,5.768270263261637831e-01,3.806934309354194079e-01,5.870461313466737163e-01,5.843044417393759016e-01,7.125420910708876177e-01,3.128384687489343396e-01,4.718357171343883771e-01,7.367458731099972846e-01,8.593072958862760791e-01,3.839988890677700217e-01,-1.635348291345028460e-01,4.093124604602226269e-01
8.918531555523707688e-01,8.482562799392590058e-01,8.749544644643023616e-01,9.940191373051183721e-01,5.256558604749034247e-01,6.706999213736104526e-01,6.060608215069577254e-01,0.000000000000000000e+00,5.086299549081954030e-01,6.288009965774059573e-01,7.024368316786890887e-01,5.809218961626034794e-01,8.627386746140568441e-01,8.617637025284802244e-01,8.424527005630122467e-01,7.744911270075663934e-01,9.584127387570663403e-01,6.817841753353603984e-01,5.394068284215903786e-01,6.187687242136836741e-01,8.948558191550367580e-01,5.524653251206192994e-01,6.991448642353252918e-01,9.500737955386602263e-01,5.762223006150489768e-01,5.861802225420367218e-01,1.241200997754148341e-02,5.601633062316291323e-01,4.526381239896561937e-01,3.802622236279240564e-02,5.465196924960228353e-01,2.061657247521392899e-01,5.669845061975751221e-01,5.557895001601140805e-01,7.920824854346120159e-01,4.069249279823556331e-01,8.355533437981208511e-01,5.566248339546245871e-01,4.581337060591299526e-01,7.599165313044283776e-01,5.486340531870388393e-01,3.337877463721591331e-01,4.492148648161877200e-01,4.114565566316505940e-01,9.978782693790184677e-01,5.451435235072241703e-01,5.994715732421298515e-01,6.504906288690783800e-01,4.220878868292485819e-01,3.242590984569500567e-01,9.031906231910148408e-01,4.346003634819769479e-01,7.771008650997353051e-01,5.562081870688021512e-01,8.844140725368423439e-01,6.677674646982488804e-01,6.387747236418250818e-01,7.493018316198538642e-01,2.363053928571192397e-01,5.241702685323064159e-01,3.301632685988848959e-01,5.958274025042649136e-01,2.611781075692929388e-01,6.691314942727971671e-01,9.628197684382031607e-01,5.580968920696380842e-01,6.133149793461161181e-01,8.513537241813906586e-01,7.875477867640745533e-01,6.768202154644740176e-01,9.278656510158318493e-01,5.676766599616717146e-01,2.513194804671661786e-01,6.189101554465922250e-01,8.920603321159789045e-01,4.978688986748196488e-01,7.673894466132744618e-01,5.531999982417455941e-01,1.547564348949279633e-01,5.010494983300410876e-01,7.635293692907255680e-01,5.825127648901857746e-01,8.569713159399812152e-01,3.564015384176744128e-01,4.086545546291689979e-01
4.564776249973909183e-01,2.248091345558750898e-01,6.705388640205269812e-01,9.718120183939090717e-01,2.068834744276512316e-01,6.934478924979919912e-01,4.723583359010317118e-01,5.086299549081954030e-01,0.000000000000000000e+00,5.806265186992236593e-01,8.755530320809109535e-01,6.354828117794769637e-01,8.805090766030628791e-01,5.685982912473229733e-01,6.357973851573934798e-01,7.618414262448687246e-01,6.708431111351178533e-01,9.994390959160934784e-01,9.232900704317946738e-01,9.976170431267179506e-01,8.913790589144985343e-01,8.917442188943239811e-01,8.926061099840195689e-01,9.151844564172348928e-01,1.765662222702521211e-01,7.629767363280846038e-01,8.373037742267004369e-01,-2.917013033919243492e-01,3.706614641252393705e-01,3.397222136818816018e-01,4.581489510941399446e-01,8.226420358454300530e-01,6.575305077520265939e-01,9.317522787543559837e-02,6.748426324768800333e-01,3.906003801058883784e-01,6.330593338648636825e-01,9.329479414497592327e-01,6.289845899664484596e-01,2.345815195189408786e-01,8.677953867326453352e-01,9.446136584663774594e-01,8.531123420784586520e-01,7.900384118730159333e-01,8.411797269239013053e-01,3.522173144407394485e-01,6.559369514761702602e-01,6.158931486349950024e-01,7.596356917451652091e-01,7.143435521065317761e-01,1.443397261558741484e-01,9.915022447983976583e-01,7.854492242481490027e-01,4.613126881336339080e-01,8.273262333929902734e-01,6.246797895599287553e-01,7.789861973517593352e-01,5.919826041778128989e-01,5.782081393570227545e-01,2.243871821789829579e-01,6.001751858273334239e-01,9.941879765964720672e-01,5.040534732940162854e-01,8.954868336606630619e-01,3.817289545638961612e-01,7.421549158811211466e-01,5.041702906240606019e-01,9.279685740765505342e-01,8.924256472452871680e-01,5.425013719914500987e-01,9.662341809758663302e-01,5.078704947407870485e-01,6.009683614687154618e-01,6.976678814156918040e-01,4.916032862655455027e-01,9.731829337665220958e-01,9.501352318656492990e-01,5.603396241792852894e-01,1.131221781832973949e-01,3.184539254275124964e-01,4.160906412879852301e-01,9.268133368325561783e-01,4.000540320247304438e-01,6.302258760188585995e-01,6.183048603679501820e-01
7.168008027016174732e-02,9.477265782105384062e-01,8.226747531850898687e-01,6.427300513746649901e-01,7.846478052234880929e-01,8.390019962069568127e-01,7.264897703314157074e-01,6.288009965774059573e-01,5.806265186992236593e-01,0.000000000000000000e+00,5.231926006402363161e-01,7.019775116636857160e-01,8.844919597131494227e-01,9.454926922685605861e-01,9.954648367929366803e-02,9.858665570909712628e-01,3.692289800522446930e-01,9.502751724805890143e-01,7.449385626454417819e-01,6.095748421331568245e-01,5.383559285271616313e-01,7.473554961941033525e-01,4.527381630237232168e-01,3.642375631905385713e-01,-4.400403326278601313e-02,5.833127483935287572e-01,9.652920692117439305e-01,1.282194946401110924e-01,4.128452621973656145e-01,1.712382003359337046e-01,5.676226598256380873e-01,6.785677561408851588e-01,9.426109903493823383e-01,6.498195949259354398e-01,6.384145845142406017e-01,6.186617756108909738e-01,1.284923463318165260e-01,5.678691405763063305e-01,9.900512740741004292e-01,8.874679408604494446e-01,3.458547124167506981e-01,3.156569763249367222e-01,8.432996749749454013e-01,5.433152478422209608e-01,8.919723872215211680e-01,9.037918695162213689e-01,5.533829655169701933e-01,5.744699287336458848e-01,5.972192358109245092e-01,4.877300244950348307e-01,8.689839987114684750e-01,7.379530210802517365e-01,4.400035214507865833e-01,7.016128898775404465e-01,9.394151077057288912e-01,6.137270543828273750e-01,4.868528154112867767e-01,8.998041739489160973e-01,8.388747164896618314e-01,5.852753061440569837e-01,7.057049707633161750e-01,7.733781326083551955e-01,4.384368480580541072e-01,6.439369012944484716e-01,4.066921444193923318e-01,6.565009409515766281e-01,3.997360608606546628e-01,7.446658760121129816e-01,6.709794351995812534e-01,4.462072443083415219e-01,8.809824454274779448e-01,5.358559199617016766e-01,7.695007753369942360e-01,4.140828685925452834e-01,4.271185821554654982e-01,7.265243442241953176e-01,3.332361661764893235e-01,2.681394726670036643e-01,3.030626278247602334e-01,3.443975052308203555e-01,7.649856856404202432e-01,8.332591766807283529e-01,6.932016789845862892e-01,7.326642053819794054e-01,8.202244166008569870e-01
6.441131223311610254e-01,8.794959089793775719e-01,7.727530861203285584e-01,9.654644572509962774e-01,6.522148944765679968e-01,8.003456525594331294e-01,7.476919234938960157e-01,7.024368316786890887e-01,8.755530320809109535e-01,5.231926006402363161e-01,0.000000000000000000e+00,7.683760074757650660e-01,9.715911639371328512e-01,5.706248174278522045e-01,9.902403314386043487e-01,6.798273573725677199e-01,6.369272622357364799e-01,8.793903143203477546e-01,9.951236667646063960e-01,5.806200107967343094e-01,8.664199912509367163e-01,2.127341487233608552e-01,1.838796775942970127e-02,7.158098612325874965e-01,3.150269613006230762e-01,7.566741611129862433e-01,8.700663331477638263e-01,8.150350541805312377e-01,7.673994389578595587e-01,2.012971520249611235e-01,3.124331553691132024e-01,2.753146075656187630e-02,6.920838057191783799e-01,7.837218219241952610e-01,8.455133412295642303e-01,3.535502047515022284e-01,2.990675161758443168e-01,9.213415434181903008e-01,6.258890355343367240e-01,8.014254610893237762e-01,1.155613433556187397e-01,9.525798910643451523e-01,3.551601323300725976e-01,9.894925983777573819e-01,7.116874134940180952e-01,8.797044426430380426e-01,6.419236527811642556e-01,6.060038467256100292e-01,5.893636256142273933e-01,4.358701116548723276e-01,4.541642743783998459e-01,4.447189379572659140e-01,4.688453002785029078e-01,9.965333235406019785e-01,9.304832644904855732e-01,6.365104401274530588e-01,7.664332257711806706e-01,7.805283061375010156e-01,8.660669303473905734e-01,2.325723022601834389e-01,8.685697291385412466e-01,6.097516897384156476e-01,9.518038438890394914e-01,9.187632520149027204e-01,9.123252719916797870e-01,7.155577169938305282e-01,4.446881851038367306e-01,8.286091810091658072e-01,7.526269954889571734e-01,6.286908257385217524e-01,6.291638009151625521e-01,7.236111946932447525e-01,9.514263397295827929e-01,4.677177990688662912e-01,4.013853547323134041e-01,6.295383558652096756e-01,8.186372461264220801e-01,3.947283369155116933e-02,8.075779082190588376e-01,7.646393234551015494e-01,6.262466207512070726e-01,5.608597667269774600e-01,1.314039294200047558e-01,3.069634369575764410e-01,7.375376362040095835e-01
2.400088338254290632e-01,7.638701101876514965e-01,7.893686449064540867e-01,7.147814387273981884e-01,7.310998741653904620e-01,7.123824548926999123e-01,4.086772114585805471e-01,5.809218961626034794e-01,6.354828117794769637e-01,7.019775116636857160e-01,7.683760074757650660e-01,0.000000000000000000e+00,8.425739593716654596e-01,5.427215628045074514e-01,5.947731046532562793e-01,7.203397966601339242e-01,6.167109754006118161e-01,6.173138958995209036e-01,8.349040667125879889e-01,8.863222856223230695e-01,8.372926005680162431e-01,6.724899129634789308e-01,8.587885442176078632e-01,6.912508373298432707e-01,5.191255697001807556e-01,9.817094237843571047e-01,8.816521311234605252e-01,6.985298920411404655e-01,5.132059343615611446e-01,5.153611877688847320e-01,5.748517080684604208e-01,5.128088645588296801e-01,6.224668930944612377e-01,9.860864671980592577e-01,5.048544518240611900e-01,3.334163767081577134e-01,2.408219835770173956e-01,3.931698926900224489e-01,6.643854534103671439e-01,4.349185135344770248e-01,2.243456587154049331e-01,7.845120124542240836e-01,7.325953002723337715e-01,8.660564434380174648e-01,4.695912938362134526e-01,6.872730994193005927e-01,6.733834595110324006e-01,8.110337416343827988e-01,5.195034345530600284e-01,6.884278813406355946e-01,8.769189992287725888e-01,5.857776920064742265e-01,6.893506639284396886e-01,6.698237240342128640e-01,8.934578779218997902e-01,9.066348933050265568e-01,7.868830910065376383e-01,9.233207614268003072e-01,9.675450062516816052e-01,7.581058846378599947e-01,7.813173974464262539e-01,-2.987388224938988812e-01,6.821833166743329624e-01,9.098576200531788283e-01,4.358648165607404423e-01,7.633664373692932159e-01,9.163429031878208564e-01,7.846207803158791183e-01,6.943269978268030718e-01,1.453291112565849863e-01,7.755036777656056923e-01,5.443937315376374819e-01,5.220999723767950629e-01,4.488041756228122181e-01,8.759477103191037894e-01,6.917112722633239619e-01,8.003419123753340303e-01,6.605295125881815999e-01,5.303667740964053134e-01,1.106230894073787635e-02,7.116253612585927701e-01,9.188242082712420045e-01,3.940290894331663352e-01,2.981645278484771899e-01,9.576353333276970137e-01
8.811546469343561894e-01,8.050241258331337635e-01,8.026206445278554202e-01,9.013040245477167423e-01,9.641861185434121850e-01,8.377244305890576559e-01,4.778506354819355151e-01,8.627386746140568441e-01,8.805090766030628791e-01,8.844919597131494227e-01,9.715911639371328512e-01,8.425739593716654596e-01,0.000000000000000000e+00,4.450442430445574749e-01,6.470413838279820418e-01,7.361599404013400294e-01,5.605307836258601739e-01,9.674823463156363434e-01,5.332311583100306507e-01,9.968475850647299241e-01,7.024565781465618164e-01,9.330506326452581156e-01,6.517110486348981491e-01,9.874872201964799423e-01,5.870724163595835154e-01,7.838408532365270798e-01,6.350496270242813601e-01,7.555104137875010561e-01,5.983289348020300880e-01,2.875812148378547040e-01,4.923559562962073199e-01,7.287119174831011570e-01,8.272187135164960070e-01,7.288526220066797734e-01,7.446862301001755391e-01,7.786292156462351066e-01,3.108225914976847082e-01,8.601430046378816252e-01,8.222734345074839135e-01,9.845046741070839769e-01,5.182728052566769605e-01,9.328995953070953195e-01,8.894501359766299187e-01,9.404940200022247065e-01,7.895746274624925176e-01,3.525601021898197018e-01,5.488365997912274530e-01,8.706217080498162009e-01,4.204107269734346231e-01,6.971755826737983108e-01,9.168373696587812649e-01,4.289880327194326437e-01,8.630413371646411536e-01,5.148413994843670238e-01,7.836087747778194279e-01,6.208315800925634509e-01,3.385186416084973726e-01,-3.599789717593024352e-01,8.858546096428056016e-01,5.080573248945691178e-01,2.548910029858376114e-01,6.185425411316658462e-01,5.095096630332633936e-01,6.108485884407168776e-01,8.918450190299697100e-01,8.687125739326944096e-01,5.368133777406990381e-01,9.616422201051845198e-01,-1.014005779619273767e-01,9.394937485360080887e-01,7.149785258807105359e-01,8.449132011271116571e-01,7.226387959185258669e-01,6.770975754735406582e-01,6.175126509525520335e-01,8.501183063961461617e-01,9.314992747933343864e-01,8.439425469646119060e-01,7.888239444880575935e-01,2.401730846696663313e-01,8.140581796546152438e-01,5.435091382339440891e-01,6.495495297465384565e-01,4.097829108109584118e-01,9.569216364700605659e-01
7.209615437811672800e-01,2.065400741990278122e-01,8.825751416284784989e-01,7.643400023790447584e-01,9.635852017441456363e-01,6.879408408402951647e-01,5.546773268407205748e-01,8.617637025284802244e-01,5.685982912473229733e-01,9.454926922685605861e-01,5.706248174278522045e-01,5.427215628045074514e-01,4.450442430445574749e-01,0.000000000000000000e+00,9.450607944175400954e-01,7.391681453026015536e-01,9.636997469268772099e-01,4.708747897452808528e-01,7.641143658622233659e-01,7.849863188174293072e-01,9.357852219550253370e-01,9.299841111125337623e-01,6.331354024398857527e-01,9.243282677617613574e-01,3.170164279352284398e-01,8.458255139109028820e-01,9.814068977214505107e-01,8.090110357258673002e-01,7.251261785659894876e-01,5.092614172801550598e-01,1.593566144256816086e-01,5.931781389759875900e-01,8.838725776961563474e-01,8.139046730699145415e-01,9.681038187502545300e-01,6.284988850403616656e-01,6.666064834338314427e-01,7.215734922885800318e-01,8.841639962727291246e-01,4.361298672572613833e-01,4.755945456262601900e-01,6.733030554651630029e-01,8.410541719751369882e-01,9.645440561799761836e-01,6.887542033246312201e-01,7.972861071862039628e-01,8.681723138001598006e-01,5.461154348160033312e-01,3.419706151048362841e-01,7.754557620362865222e-01,6.548238693749011130e-01,8.582487086281795907e-01,3.994702589830459449e-02,4.811835117178915322e-01,8.745476179419606755e-01,8.042205550101843015e-01,8.770587334131353385e-01,6.338021320255291524e-01,4.948813289501926560e-01,6.225307938014892351e-01,2.207232356037858723e-01,9.834857007071307056e-01,8.693725176387860909e-01,5.864794464930421780e-01,4.914339568071244280e-01,9.103788236579276605e-01,7.608263783687041482e-01,4.073537628920297915e-01,7.433118123275497258e-01,4.987043398321236998e-01,8.080632265450684582e-01,6.062632661275160206e-01,7.869705960955650781e-01,9.392082248171245151e-01,4.069425913075717105e-01,8.782046314030490519e-01,5.314481291950083897e-01,4.320411016303479790e-01,5.188013628613379336e-01,5.637071822923014341e-01,5.427117726806944820e-01,8.428044538084014103e-01,9.676138269595234709e-01,5.152769411988538523e-02,8.618859200662345454e-01
9.689256325801524072e-01,6.514680060646359516e-01,8.192747939923555878e-01,8.571633608643408619e-01,7.554333867329381391e-01,4.239213235125618984e-01,7.153098042085209718e-01,8.424527005630122467e-01,6.357973851573934798e-01,9.954648367929366803e-02,9.902403314386043487e-01,5.947731046532562793e-01,6.470413838279820418e-01,9.450607944175400954e-01,0.000000000000000000e+00,4.477073021263070496e-01,4.159802204674019066e-01,2.073121708863125967e-01,6.977383255826591357e-01,7.045743347920243593e-01,9.655175521952634732e-01,6.271974558003866607e-01,6.274682478751436587e-01,5.897884211193875625e-01,5.674143048276013568e-01,7.682408410157676171e-01,6.671064291862128792e-01,7.989054483495927617e-01,4.738358306167424483e-01,7.067881115344698539e-01,7.649494781780774577e-01,5.229521700734998113e-01,7.364187004610379672e-01,8.312498295924266589e-01,6.177395127627683946e-01,6.760401804209310583e-01,1.448211602669338960e-01,2.396954638989531039e-01,8.671245662121630504e-01,7.868851660245207436e-01,7.960680069547025894e-01,7.693248943304096255e-01,-3.029292810977191053e-03,6.723311828169450388e-01,9.229716457517871397e-01,9.157999970253705158e-01,5.007754578732178663e-01,6.156895999834128830e-01,4.321272123036954405e-01,4.425537602713988661e-01,5.452168796298022951e-02,5.681832317510455699e-01,7.382275032032357132e-01,4.756039448532584091e-01,7.532105078714910196e-01,8.563182132726945284e-01,5.990938795637685832e-01,5.924212028930466722e-01,7.945425194549529113e-01,4.334612805353157405e-01,6.543491273812240827e-01,7.700260337297433200e-01,7.011055671678398937e-01,9.672908916003349900e-01,9.593285311608361621e-01,4.697730660317169238e-01,5.570850174753522177e-01,9.805800562896691552e-01,6.415405088356412877e-01,9.666050194811877105e-01,7.822270677176238474e-01,8.531944562319045966e-01,-1.035343158047495604e-01,4.066596689486028371e-01,4.633759331356893107e-01,7.348513818575341805e-01,9.039942595855787744e-01,7.397181777562292782e-01,5.055553259060161647e-02,5.180789509153409522e-01,7.515357282043957365e-01,6.723895103978598797e-01,4.188825032503777357e-01,1.245704166649625466e-01,6.294384665138328394e-01
8.650914075654549951e-01,3.153536133486542492e-01,6.452222484340157660e-01,9.737913827171865710e-01,8.138676205178614342e-01,4.396331154368942062e-01,5.248563563645327612e-01,7.744911270075663934e-01,7.618414262448687246e-01,9.858665570909712628e-01,6.798273573725677199e-01,7.203397966601339242e-01,7.361599404013400294e-01,7.391681453026015536e-01,4.477073021263070496e-01,0.000000000000000000e+00,6.880952784021031610e-01,8.394620578523623866e-01,4.147076585294335871e-01,7.745046098188796968e-01,7.286989000221675283e-01,6.860413969875406304e-01,7.884635200254146437e-01,9.058129935012925182e-01,7.347274356822035557e-01,3.394610083399234313e-01,6.769658859670304452e-01,9.872867351864171859e-01,4.779382973006165991e-01,2.245635871211093260e-01,7.121105262959570581e-01,4.973659452069120190e-01,4.593618914792536589e-01,7.213170058950935104e-01,9.312825540686068271e-01,4.088682389849424559e-01,2.006236211527821778e-01,5.622189398296763008e-01,7.906733378104391363e-01,9.421649619236519557e-01,5.648179108979198837e-01,9.123937011398344232e-01,4.553389943682585872e-01,6.575321843151799017e-01,9.017751783198165727e-01,8.286456224184053365e-01,4.344612641334239522e-01,2.820529201751064696e-01,4.143257747283991543e-01,6.941987805554040714e-01,2.389266070970065270e-01,8.833882090343493365e-01,5.519034141025879192e-01,7.563789038518977659e-01,8.551238209143127156e-01,5.779187787628481399e-01,9.141315934781512054e-01,7.208497033444790647e-01,7.797125286269231959e-01,-6.645414889587225593e-02,2.997375400596191675e-01,6.984198232376364057e-01,6.184780570029672075e-01,8.835218423910156105e-01,8.226165185895811804e-01,6.330593077773454258e-01,7.321036533004396940e-01,8.084963121239787665e-01,6.796197333888774894e-01,4.956423669499135931e-01,8.540477305028828514e-01,7.067133847272569769e-01,7.040730717775024461e-01,6.130046755094723521e-01,7.623251855061045079e-01,6.011140702782299394e-01,8.799407303220051491e-01,9.333243515877017726e-01,8.681394185684786491e-01,-1.620413244032687383e-01,2.529794818775846221e-01,9.356252436489436164e-01,9.030954504189190324e-01,3.995207426157010300e-01,7.685846629769031990e-01
9.732757684726869307e-01,8.066251812469754645e-01,7.517830647855543447e-01,8.353669038514346390e-01,7.082856594794714189e-01,5.824988107385049574e-01,1.351543664126790834e-01,9.584127387570663403e-01,6.708431111351178533e-01,3.692289800522446930e-01,6.369272622357364799e-01,6.167109754006118161e-01,5.605307836258601739e-01,9.636997469268772099e-01,4.159802204674019066e-01,6.880952784021031610e-01,0.000000000000000000e+00,8.225362102256068564e-01,8.153808832058604406e-01,9.272553075676810419e-01,9.561668338105873133e-01,9.015477795222288648e-01,7.648451341877630094e-01,8.470438776730802033e-01,8.284835639729014600e-01,8.786971651710547837e-01,7.195044443457874195e-01,6.730854016452436639e-01,7.752171539348794438e-01,3.737470324889211049e-01,4.701493274262928956e-01,8.815520142130159886e-01,8.839310044990779103e-01,9.573956865122821291e-01,4.266139228547941586e-01,3.746340131187250178e-01,4.840730961656150022e-01,9.636274851559549770e-01,9.046156529557074499e-01,6.620421365321366158e-01,6.987482982156340006e-01,3.542718315239899995e-01,2.053337398584074991e-01,5.937445341372905583e-01,8.268084374082904642e-01,7.490119380065562993e-01,8.058694169417021103e-01,3.597012854245668079e-01,8.039433275417859903e-01,7.587299495245840575e-01,4.238405346495810466e-01,8.517847240043197043e-01,8.451725114998711597e-01,6.552244926266498348e-01,8.299698264160835226e-01,7.377317270274253991e-01,2.780913532133132415e-01,4.762145395878907839e-01,7.520298991132425837e-01,3.128514751245115577e-01,6.106182222380219793e-01,5.630879417182744762e-01,8.768639471616891390e-01,7.484315786481148258e-01,6.542621556793941640e-01,8.516177134825397843e-01,2.801374789616116745e-01,8.324276471091607288e-01,6.256808534447255710e-01,6.711498920876509677e-01,6.935887419914568142e-01,8.696443493655234835e-01,6.476772444957882291e-01,5.753888884293321127e-01,8.410615356406108134e-01,7.356336331542941975e-01,4.390846543211187059e-01,8.876701105758100230e-01,2.465155493712725965e-01,3.892129641749529356e-01,6.976492668667051422e-01,8.357184368983696654e-01,9.296555637964218910e-01,6.249420265636881355e-01,8.596356568165860468e-01
6.011755983379699630e-01,6.129549517011219084e-01,8.943866125563830760e-01,8.749663443208595126e-01,9.106570756001871603e-01,9.176208763525701695e-01,8.395741023246341417e-01,6.817841753353603984e-01,9.994390959160934784e-01,9.502751724805890143e-01,8.793903143203477546e-01,6.173138958995209036e-01,9.674823463156363434e-01,4.708747897452808528e-01,2.073121708863125967e-01,8.394620578523623866e-01,8.225362102256068564e-01,0.000000000000000000e+00,9.477692230297940501e-01,7.191423059553547770e-01,8.823447184309634039e-01,9.548025128118166061e-01,5.728607991296124080e-01,8.724138418400861905e-01,7.668498757068260563e-01,8.459606720826609028e-01,8.403314256875842325e-01,7.200471636304620615e-01,2.024221789390880100e-01,2.394306330749040312e-01,1.075375141055070066e-01,4.073175291936033116e-01,6.321851786627809000e-01,7.519922343004986631e-01,6.198480397657387675e-01,3.795700421710563877e-01,1.576800831779801848e-01,3.401965108435388574e-01,8.375992402003824555e-01,9.388244155468320473e-01,2.148096355716818673e-01,4.117965072462512199e-01,9.344789782901433695e-01,1.234117262316184460e-01,8.469367117578667781e-01,9.477236070474652774e-01,9.449091480556809364e-01,9.297180830761955228e-01,7.789330938924466929e-01,6.746983895333773518e-01,4.454813734782187562e-01,7.181209397431559394e-01,4.556965655502113743e-01,4.789463296929951652e-01,5.600649767672708501e-01,3.073415499825115083e-01,4.803087881244224588e-01,6.570185359878883968e-01,6.077293951823986573e-01,2.261465222157293675e-01,2.666545467392396063e-01,6.692286220221574933e-01,9.908996880122568074e-01,8.057732819789388268e-01,8.434412579983981972e-01,6.977477486364647152e-01,6.210044377610106636e-01,9.952909287505551372e-01,4.073643407731805111e-01,8.986625472786283764e-01,6.953841293742005769e-01,3.336564592748483271e-01,3.499288715326728250e-01,2.304901572615923044e-01,9.264430046285694331e-01,5.308694522509591618e-01,8.557590410415677473e-01,8.062362396622820837e-01,2.833190522699499114e-01,5.592323423419421902e-01,7.796648867061630739e-01,8.738874760982537904e-01,8.986244287707427780e-01,3.640694984579173066e-01,5.079997964484151973e-01
