0.000000000000000000e+00,2.123225892828094485e-01,5.504798143654464626e-01,6.636779749095600422e-01,8.876592114617184448e-01,9.302378443852776790e-01,8.671778359762116750e-01,6.182014072451287312e-01,5.286502087227314961e-01,7.248350189249435083e-01,6.244422486743236300e-01,9.593828256280758637e-01,9.551237659249698364e-01,4.247017239730062066e-01,9.494472480613825871e-01,9.447312857494541971e-01,8.608789302141055533e-01,9.628028865055043850e-01,8.988598975149127979e-01,8.089583664383609429e-01,8.898105535417885070e-01,6.933173095706370859e-01,7.740835159178814928e-01,9.584950128796663193e-01,7.368778125451304062e-01,8.453785026785070045e-01,6.673830450305096029e-01,9.389341973916280892e-01,5.402837031488639807e-01,2.008874703095824832e-01,5.141069404741535065e-01,6.636670605697556624e-01,6.012029771124234312e-01,2.845183098457516602e-01,6.367942392574623689e-01,6.988939122401088833e-01,4.108320991142610512e-01,9.369081165177901571e-01,8.847938638938741551e-01,8.558096920548532438e-01,2.076049090992515833e-01,5.618839233977969139e-01,6.238856602585697297e-01,8.364910810897074889e-01,8.838748807360975457e-01,8.618264626854967858e-01,8.837130651515109347e-01,9.283910237486966421e-01,8.690891826727283886e-01,8.122463089648348511e-01,1.365776339518274818e-01,9.563532704987645072e-01,9.854544227730610562e-01,9.097999662730502646e-01,8.859446937140067480e-01,6.282174181586025474e-01,2.068799546055776206e-01,7.243909212552588350e-01,9.230390543465033515e-01,3.332099791228688712e-01,7.420715422665337124e-01,8.547315201191039158e-01,6.847189556850592496e-01,5.104423074052116815e-01,8.432414996867200196e-01,8.192745693296518139e-01,6.369789521785659270e-01,7.873830140944936273e-01,8.845736696155568346e-01,9.471615066435647989e-01,9.884024762485907889e-01,8.799500791271592792e-01,2.141147486285601143e-01,3.893457244528723549e-01,7.164891218073647927e-01,9.190727755918302044e-01,8.268366875784695091e-01,9.101730784600001734e-01,4.794491564967388597e-01,2.738872194200525721e-03,9.103064975219357091e-01,5.381738392386384850e-01,9.603971270576686647e-01,7.762177494325744886e-01,8.660809122552871608e-01
2.123225892828094485e-01,0.000000000000000000e+00,8.615310515926787316e-01,9.682414018765721497e-01,2.735478630953320778e-01,8.488233740862974885e-01,6.206810076519041486e-01,6.644637275410884003e-01,6.554730340607489714e-01,6.351447192438175460e-01,6.472837428715054742e-01,4.817185805595597392e-01,6.276225890106825744e-01,7.786407004260249565e-01,8.465215204830558449e-01,8.370337958638367493e-01,8.249987099205032814e-01,3.238035426961189400e-01,6.828168498422569899e-01,9.495803712510367811e-01,8.412024334147621962e-01,5.996447641397000261e-01,7.379672547835822716e-01,7.558493434780156894e-01,4.619111034589220566e-01,9.562264493708960700e-01,9.045258195063345941e-01,6.680723897107937459e-01,2.856967938333432322e-01,6.831442823591630242e-01,2.756347759094562311e-01,4.505909736879245564e-01,7.429289458701746618e-01,3.807072771591556437e-01,9.035731634211140451e-01,7.723706945519833722e-01,2.517805348004358845e-01,5.488486133691462543e-01,9.484102701813298397e-01,8.253106703809487410e-01,7.256573101578440710e-01,4.562852768396634118e-01,7.033909304951900809e-01,6.342200595746655400e-01,8.704823939023866863e-01,2.613471092285704622e-01,8.721142945826066972e-01,4.857957395385805732e-01,6.568884454951171570e-01,4.585742835035894194e-01,9.122285980041101583e-01,3.767270856985837080e-01,9.246352389165001240e-01,8.343050370775996205e-01,7.999999040709194764e-01,9.152713217186827510e-01,6.933125051404672723e-01,5.922430712127508823e-01,8.779157089521479884e-01,6.158153610618208873e-01,2.458516743079477637e-02,2.776993234289908963e-01,6.762542631595427345e-01,6.252572666348616970e-01,9.821808864689559604e-01,6.137646201212944019e-01,9.891797947049286721e-01,3.421857840785925697e-01,7.883133884392996560e-01,9.239589943786685744e-01,6.377917951904769067e-01,8.188877678740037469e-01,6.105890178089384834e-01,3.445771204795549103e-01,7.871229484161255119e-01,7.085311483490390749e-01,7.892032742677754786e-01,5.205899540739542530e-01,3.456277242131812200e-01,4.507922522111134506e-02,7.987272030465609740e-01,6.477605758921676227e-01,6.214593767277345471e-01,4.809384508099338040e-01,6.734909859276646538e-01
5.504798143654464626e-01,8.615310515926787316e-01,0.000000000000000000e+00,4.667839530693811412e-01,9.956093481768705233e-01,8.259323752702915078e-01,8.645045220052609558e-01,7.528973352085375215e-01,8.359747992898775015e-01,8.256197454419929027e-01,6.600831470170405169e-01,8.508248107033771213e-01,6.634641976525682550e-01,9.000083714055968631e-01,6.382830367716235687e-01,8.145905871330818560e-01,8.321947044050842512e-01,6.447913196569488026e-01,7.824114448292236457e-01,6.943041756716665791e-01,9.840388021841830479e-01,4.563400263992776207e-01,6.192522606325508994e-01,6.102133834201592943e-01,7.526146291478498229e-01,9.973933811551789486e-01,6.907032112812057090e-01,8.829819980088136067e-01,7.671132440975299005e-01,2.869085989005509818e-01,5.845911759670308072e-01,8.893122087466507342e-01,7.583773701940587086e-01,8.708464664872088701e-01,8.717052634734014926e-01,7.527159210635485653e-01,3.066212899751526999e-01,6.009531135449335260e-01,9.587199353999290574e-01,8.478609519603117484e-01,2.578641086526827220e-01,9.820868706884116062e-01,4.799284035182210251e-01,4.029323805857316643e-01,9.560987336392176017e-01,7.054761337858701520e-01,7.218043178304097696e-01,9.752453190747641942e-01,7.263865021842126346e-01,5.347317799091753088e-01,9.798153434760215053e-01,6.995923023890042725e-01,8.621446874940315030e-01,9.873772090650583255e-01,8.677086252418206858e-01,4.618248281714567582e-01,9.188595257806783101e-01,5.858670613203217359e-01,9.638351747321795004e-01,2.173292776298526296e-01,3.101528643803009855e-01,9.108728403260824003e-01,4.431322976357020549e-01,7.030151942148621380e-01,9.467559059773212882e-01,4.955518983550528667e-01,2.925268398324875618e-01,9.470713309419805936e-01,7.499123863048952066e-01,8.757013270475615396e-01,9.093707243731167233e-01,9.416440793010107946e-01,-4.621204568392059397e-02,4.139106930929478123e-01,8.489965557978570443e-01,9.317623131264067826e-01,6.324870636047691397e-01,9.610806145744056339e-01,7.458098908415431438e-01,3.215450529678164360e-01,8.127271841239772643e-01,9.895262635832841047e-01,8.281773571429505987e-01,9.125482224301135759e-01,2.140303871590985840e-01
6.636779749095600422e-01,9.682414018765721497e-01,4.667839530693811412e-01,0.000000000000000000e+00,6.091558882324911162e-01,6.634768602185625586e-01,5.730499896286489481e-01,8.712631907572243595e-01,7.390166120405705641e-01,7.552004237248512997e-01,9.764844303350239674e-01,8.842076717304024891e-01,8.282063247919971838e-01,4.965238982513900390e-01,7.936767502085504411e-01,8.319411858558993789e-01,9.138653901980293703e-01,6.586039654242282770e-01,6.320195249319801034e-01,9.618318020785253664e-01,7.021283675702065796e-01,3.986046883682936581e-01,6.709702974127856878e-01,6.199610530756438642e-01,7.433776697969962655e-01,5.700993770974936981e-01,9.961007380985190673e-01,8.950451947388188279e-01,2.844365820193316408e-01,4.949868946823322569e-01,1.275654297269620818e-01,7.744138986902933119e-01,7.174499917517318526e-01,9.557131657968394034e-01,5.412302379863117574e-01,5.195146307104185901e-01,-1.258690432960221650e-01,4.734070255587327081e-01,9.120966683919249363e-01,9.962448549449045565e-01,6.363673864864387575e-01,8.770663011543314846e-01,6.528268365999801981e-01,8.964952639354123454e-01,9.336017900651499835e-01,7.032743051573779880e-01,6.268289551826208283e-01,9.616000282271185418e-01,8.747754569517928180e-01,4.176489590924951645e-01,7.108703694363580627e-01,7.267203517261164869e-01,4.938785686217013748e-01,8.542809240929996051e-01,6.965767568004044286e-01,7.512519073588728169e-01,6.453414332453826230e-01,4.235508798058589264e-01,8.527025553411391456e-01,5.834323922004475138e-01,2.775624697647641193e-01,7.553821269189535670e-01,9.102223649849300324e-01,9.125937997420145997e-01,9.466776264249522344e-01,8.612386436184342742e-01,8.055473188425158471e-01,9.231386829194381249e-01,3.644222272101386162e-01,7.168955582814507954e-01,7.608499550152171276e-01,8.770184396184839137e-01,3.200026845672580000e-01,5.832513668497666393e-01,4.128493005988354558e-01,6.668718631206657088e-01,4.070032588996371214e-01,4.813681431745298056e-01,6.475379247923640502e-01,2.738740113165095691e-01,7.123606484233465652e-01,8.847187838348100630e-01,9.942749768173047009e-01,6.415039275760032744e-01,6.784495558755287981e-01
8.876592114617184448e-01,2.735478630953320778e-01,9.956093481768705233e-01,6.091558882324911162e-01,0.000000000000000000e+00,9.551913847100759192e-01,6.139080157401576310e-01,7.136489143696315152e-01,9.150845831919501849e-01,3.555290886669237871e-01,9.372164684454010741e-01,8.787891502469049598e-01,4.095507711879601276e-01,3.316413794300814288e-01,7.317928120665460057e-01,6.043554669736421747e-01,9.582859576285440717e-01,7.465667964050819450e-01,6.834297365266869262e-01,8.164504129544597477e-01,9.126630017417726171e-01,8.030498268619274960e-01,7.315873819436280456e-01,9.682205490248683155e-01,2.193081457587820193e-01,9.755042037617236428e-01,6.848361340285531451e-01,6.438209738380424874e-01,2.344364468479742114e-01,3.018413309743012696e-01,7.213505149521008963e-01,9.265897963438657348e-01,4.871275018131291379e-01,6.859196620144557555e-01,2.509220715731962370e-01,3.319600767953200249e-01,4.983241152875670932e-01,5.758112118239585575e-01,7.585646604069624654e-01,7.494587033948394428e-01,1.332517953611552231e-01,5.261043733619608087e-01,9.001605669276339095e-01,6.394365270481249253e-01,6.246778715545183713e-01,8.516727357733573367e-01,9.584542940477261963e-01,8.321975722503495154e-01,5.906151491589484159e-01,6.425464638162570186e-02,5.206145839966077604e-01,1.013850562840583891e-01,1.941925328970513787e-01,7.581358452601949516e-01,7.998937731656956540e-01,9.070909892815636200e-01,2.516872086524733487e-01,8.276655275277973178e-01,5.349898420322974912e-01,2.646564983760779088e-01,5.051381753384387441e-01,5.624682174570637683e-01,9.340579159072384119e-01,9.454916266055035656e-01,7.964869537423149293e-01,7.714215484036041071e-01,4.240541353887125053e-01,8.257276725828819330e-01,7.336267377988231475e-01,6.919393431999543154e-01,8.417416334188372318e-01,2.639046808481579354e-01,7.611924833578772587e-01,7.302465115656918693e-01,5.144812975110855113e-01,7.355856531800535336e-01,8.925901853250333140e-01,6.144148962336468678e-01,-3.454018858854037699e-01,5.544128767957532400e-01,7.162312391333428563e-01,5.133409465892644352e-01,8.224087315479430282e-01,5.906609442619348282e-01,3.488877615712575042e-01
9.302378443852776790e-01,8.488233740862974885e-01,8.259323752702915078e-01,6.634768602185625586e-01,9.551913847100759192e-01,0.000000000000000000e+00,2.574981171697314775e-01,6.050213328475344543e-01,4.737874805451882110e-01,5.488766959988196081e-01,7.187006494103199694e-01,2.527918896735413257e-01,8.194536354989581106e-01,9.816355735928390391e-01,6.801241162728293155e-01,4.683132397993817753e-01,8.324186726008938608e-01,8.599776899781784723e-01,7.450009050274999378e-01,8.764980355922207256e-01,8.721910564116942544e-01,9.756443597711038640e-01,9.240844223908083466e-01,9.611446475095356545e-01,7.503135161086732507e-01,8.313211462380513117e-01,7.845774159609156806e-01,6.367362074594463683e-01,5.703629489728507806e-01,3.551504579025898667e-01,5.519558547312692909e-01,3.936291696461639011e-01,9.272168955753865571e-01,8.333042550501259527e-01,8.540509704255433432e-01,4.212718392338555273e-01,5.351127815640797092e-01,9.217580127881922492e-01,8.476331509926388064e-01,6.483658730030836814e-01,1.513879700408037876e-01,9.065055923874589805e-01,9.035931693644370100e-01,6.564659044662392029e-01,8.309985409484740293e-01,8.589516359091127207e-01,8.995381371170422247e-01,5.235811233713609791e-01,7.109234654921954277e-01,8.375729286138942076e-01,5.169702448594299948e-01,1.022264304599081602e-01,5.453645454370212864e-01,6.075186769644895790e-01,5.701494196512507662e-01,8.029362882786335032e-01,5.756708895991710095e-01,4.836469449488534078e-01,9.372458455621812679e-01,4.386023774140352938e-01,4.945345735027542045e-01,7.756520924644385584e-01,9.073212935811760804e-01,8.808518170834196415e-01,9.729322897787181512e-01,7.019936946290863400e-01,5.411500458603165642e-01,7.093260392374172163e-01,4.779731622234213995e-01,6.049959154868922440e-01,4.983590383899318965e-01,5.273419405081393174e-01,5.692215822397804770e-01,9.795186211255755282e-01,6.327317944097838875e-01,8.940535865428167472e-01,2.293710218535458534e-01,7.222827533939308875e-01,2.410051076529146907e-01,7.981254937778119452e-01,7.185169472167325377e-01,9.633897689970396527e-01,2.812710932987042001e-01,2.153630668973060824e-01,7.985239569158130157e-01
8.671778359762116750e-01,6.206810076519041486e-01,8.645045220052609558e-01,5.730499896286489481e-01,6.139080157401576310e-01,2.574981171697314775e-01,0.000000000000000000e+00,8.816856933103954796e-01,4.790861982556920973e-01,5.834696707265308868e-01,6.650352337632103872e-01,4.953943728269264435e-01,3.892633093388702531e-02,8.959014232804562994e-01,4.964091233533740599e-01,4.245786895672314376e-01,4.711134795080657578e-01,6.726767341450453630e-01,5.521521761742131940e-01,5.495419195412495350e-01,9.439140914269795735e-01,4.783781021133434730e-01,7.180558847426768976e-01,9.038860613463189919e-01,4.411062174857680596e-01,3.486026055615755181e-01,4.630566135608404910e-01,4.378800578173414615e-01,7.046580487551354910e-01,5.925911872304181482e-01,3.899232587950655082e-01,2.416828001309550000e-01,2.791588159841009165e-01,4.952473718410046466e-01,7.060167196465070294e-01,3.805506875113616738e-01,2.281647344522912124e-01,6.227930011211639805e-01,8.107084305341227815e-01,6.302697840548698860e-01,1.017955154832108494e-01,4.647707323510943400e-01,8.763225565295014174e-01,7.565970001211960172e-01,8.435684977037792853e-01,7.593717212015934637e-01,8.825687635743315607e-01,8.075253827636799109e-01,5.235851184008417647e-01,7.161569319059941652e-01,6.087391230825156541e-01,5.226498864861978122e-01,9.525995727877934784e-04,7.470052911593854095e-01,6.901504469300820954e-01,5.453585988099365345e-01,4.727647354018879033e-01,7.049641509282893459e-01,7.527794043047587591e-01,8.867564442366897559e-01,5.792495396738333024e-01,7.551135501947117135e-01,6.998316494812995003e-01,7.759450574225329467e-01,8.273209439529086717e-01,6.639372686464197759e-01,6.256542302961057844e-01,3.177272798480126337e-01,3.898201589577355852e-01,7.258619368986233278e-01,7.781502809635469919e-01,-1.335769165126792779e-01,3.640913403240488844e-01,2.064509329739707688e-01,6.936128276162456530e-01,2.409090562116547596e-01,5.773553960035648913e-01,8.504150687961808952e-01,4.561932651701431918e-01,4.316591324586432354e-01,3.005299112972692477e-02,9.380196179079243191e-01,4.336870877199447971e-01,-1.615493439611375703e-01,7.688943273745819651e-01
6.182014072451287312e-01,6.644637275410884003e-01,7.528973352085375215e-01,8.712631907572243595e-01,7.136489143696315152e-01,6.050213328475344543e-01,8.816856933103954796e-01,0.000000000000000000e+00,4.273961600807287819e-01,4.575916722314538054e-01,7.570627175386648311e-01,9.041602049290131671e-01,6.069901426148455181e-01,8.371993567972331185e-01,2.028260545494047218e-01,2.852264552510608842e-01,9.525830091089729779e-01,9.195193493689234332e-01,6.447299865277069664e-01,6.427172630446545964e-01,4.804486172925211407e-01,2.244586125212340022e-01,7.585119368220049063e-01,8.558121594231699047e-01,4.599651240880165415e-01,7.282397784977675537e-01,5.259867510116577050e-01,1.035358341761080381e-01,2.085128907499285422e-02,6.763235658907005288e-01,6.161968304021155918e-01,1.382378779990525441e-01,4.830771205119838152e-01,2.428321534913455981e-01,7.746469571248507657e-01,3.508379767450032771e-01,1.462507242437688093e-01,2.096893828829637652e-01,6.280419753906675284e-01,8.069040860544033356e-01,6.477893020043309358e-01,4.849243917908867552e-01,6.891514007248723539e-01,4.357813270246599924e-01,9.001383230743955632e-01,5.510502732043447427e-01,6.831118036042816977e-01,6.505327785155449183e-01,5.932819235966915183e-01,5.858774027914132043e-01,7.957130487861148183e-01,4.823251928085879880e-01,4.135168171543266991e-01,5.783736588256023214e-01,6.010611273666793819e-01,2.076223554863129983e-01,4.284880874085079672e-01,4.153927808081314121e-01,9.614830988178671989e-01,5.642523366727261180e-01,3.400494214786261571e-01,6.296726076508307735e-01,7.357460190149702761e-01,5.552554762183748993e-01,7.366659096319208011e-01,5.269797076553253135e-01,5.484079051191868004e-01,4.390728788745528188e-01,9.375716687366240087e-01,8.890813856938866167e-01,6.545163252857451042e-01,1.938475446380426015e-01,3.664358597500813053e-01,2.933132246457874071e-01,6.165326040231680071e-01,5.288520983820261812e-01,5.173284728624729656e-01,9.861717267855538704e-01,2.549190351110042219e-01,5.481175442634115269e-01,2.009448355810872222e-01,5.170849284403420398e-01,7.671127397180543817e-01,6.288347532483552493e-01,7.297020843225646702e-01
5.286502087227314961e-01,6.554730340607489714e-01,8.359747992898775015e-01,7.390166120405705641e-01,9.150845831919501849e-01,4.737874805451882110e-01,4.790861982556920973e-01,4.273961600807287819e-01,0.000000000000000000e+00,7.240610185032357871e-01,7.720788387779874418e-01,7.368692345539750166e-01,7.712469054487383069e-01,8.708605490723453357e-01,9.737434348490802138e-01,3.903803238564024225e-01,8.387695694392209855e-01,7.254934154002692370e-01,7.368865435429851063e-01,8.877477275936801471e-01,7.962081501649804771e-01,5.584407257384333967e-01,5.545252130271384194e-01,5.817517790773645281e-01,7.548304236179738114e-01,7.009567046073529317e-01,4.529952542437658547e-01,4.646533444835813653e-01,2.310967634022476347e-01,2.681872328441064490e-01,4.570476639610879244e-01,5.049567545335076346e-01,8.842724575469941284e-01,9.741491935909633026e-01,6.109334884468313742e-01,5.102433747177245182e-01,2.886804550267657588e-01,5.659993945362838952e-01,7.380561949537856048e-01,5.570362337154214361e-01,5.322947395375585700e-01,9.104751739489980178e-01,9.632357417926740162e-01,8.328941571907987340e-01,9.332251008117666835e-01,7.925719189410720400e-01,4.284035128218455224e-01,6.124266830767425285e-01,7.305431680289778962e-01,6.068391346796574437e-01,4.304753446629577263e-01,7.676514401537921639e-01,7.552770834403729205e-01,5.773775299766115143e-01,6.818047052722917556e-01,8.160078296652860663e-01,7.656481486068142939e-01,8.806762215170638175e-01,6.054530513408626913e-01,6.057166425462530146e-01,7.995651910464858236e-01,9.391082942684323420e-01,8.863243454277620614e-01,9.682276159829096285e-01,9.286207343845908069e-01,8.009881049117675289e-01,6.687202031028753879e-01,9.646159939109776316e-01,4.603001688896433130e-01,6.498804947247408537e-01,9.280645377103136084e-01,5.625712802330574691e-01,5.976460225139580418e-01,4.806204342526203543e-01,7.795301993223969772e-01,7.054538554233633629e-01,3.700666900871418807e-01,3.485874954955315852e-01,6.713176633732147180e-02,4.380239622303099267e-01,7.039947348050689113e-01,9.708321366695525645e-02,5.221680259341069386e-01,4.518763942127740907e-01,6.201686571239348744e-01
7.248350189249435083e-01,6.351447192438175460e-01,8.256197454419929027e-01,7.552004237248512997e-01,3.555290886669237871e-01,5.488766959988196081e-01,5.834696707265308868e-01,4.575916722314538054e-01,7.240610185032357871e-01,0.000000000000000000e+00,9.761151012704817331e-01,2.754432660737252125e-01,7.617975046477458712e-01,4.322236815480454131e-01,9.642671067964302400e-01,7.977347480773819832e-01,6.678323715557359375e-01,9.368133156938007744e-01,9.670486413297636474e-01,4.604064481877921944e-01,9.700523901861491938e-01,7.044502313458967935e-01,1.505202403118554022e-01,2.055498862165144047e-01,4.258861195638897756e-01,8.636373450329123402e-01,8.040991653954430163e-01,5.504172249190254496e-01,3.082866195561083655e-01,2.774051595972264472e-01,8.961384597282207043e-02,6.310590789778633969e-01,8.593050699392638103e-01,6.530555162522194701e-01,6.902699312884840177e-01,4.239781129262114034e-01,3.028235040675827383e-01,6.159511139031577098e-01,8.784154616371406821e-01,6.608842399192460526e-01,4.814998005553197125e-01,8.140751970056444575e-01,6.838926176316016958e-01,8.557489417186496805e-01,6.012679135802373454e-01,9.509838886127495172e-01,6.805079403012929129e-01,9.658567182366784021e-01,4.443319844470100533e-01,7.632714960331529186e-01,5.689703021624440415e-01,5.665229587080294893e-01,6.532997848846482380e-01,7.106999910226331485e-01,4.758175435948544529e-01,5.044198520575847722e-01,8.087076224450473472e-01,8.955832897009923244e-01,7.069274542301232644e-01,5.505483993550228661e-01,5.773973835825330081e-01,9.992434591480536810e-01,7.353516624302853799e-01,7.731402102484996597e-01,8.718219379951192005e-01,9.714604505202084628e-01,4.647626171157681618e-01,8.993353436748011687e-01,7.780269148390563938e-01,2.610436020582105332e-01,8.914223440666886322e-01,4.063418758166049694e-01,-1.966531679548208511e-01,4.497546059913961614e-01,5.626378663558931903e-01,6.615579642785300862e-01,1.483338858547145330e-03,6.017851636099447177e-01,7.605879737867703161e-02,6.703693317546702835e-01,5.491772848279636854e-01,6.230145321461608710e-01,5.533258126351756623e-01,7.900136392891015102e-01,2.141261322308094794e-01
6.244422486743236300e-01,6.472837428715054742e-01,6.600831470170405169e-01,9.764844303350239674e-01,9.372164684454010741e-01,7.187006494103199694e-01,6.650352337632103872e-01,7.570627175386648311e-01,7.720788387779874418e-01,9.761151012704817331e-01,0.000000000000000000e+00,8.533093561909849134e-01,2.665122632313516315e-01,6.942231076304077320e-01,7.675473199695780346e-01,9.849750680627271660e-01,7.840115174000176212e-01,8.741480673224445441e-01,6.181820671982214410e-01,6.076024831311944707e-01,8.097471505713690343e-01,6.322898243254464479e-01,7.726998922743310017e-01,6.591868060650262207e-01,7.358136814715253715e-01,7.473151433859587245e-01,5.477735566600194783e-01,4.904194029577915170e-01,7.992907540649996090e-01,4.046418011597461284e-01,3.708919085752188094e-01,4.318029378100971538e-01,6.856035497747196006e-01,9.367950753731051350e-01,9.102263798524641569e-02,7.127520023725061327e-01,2.671324622392897696e-01,7.036491332080984096e-01,8.712787824908626577e-01,8.446607113076818329e-01,7.386960491242819948e-01,3.516540284161436825e-01,8.931420890937908919e-01,9.891688416707533626e-01,9.345506879632299313e-01,7.627568663495147838e-01,9.896448799376934558e-01,4.150775249126286703e-01,7.168614607345572542e-01,2.753610758176796014e-01,6.422660314281852800e-01,6.672615187283976734e-01,8.292682884696359613e-01,8.429576708695708520e-01,8.659902926046172400e-01,8.611975495070562925e-01,6.153283689823190183e-01,5.478210973230183134e-01,7.525701104781401529e-01,7.244234878342408201e-01,6.684800638215016022e-01,6.059541855086331141e-01,8.205528925289214959e-01,6.103229532955865011e-01,8.467214457383218651e-01,9.475412907148437203e-01,8.730310938233218909e-01,9.719968597550635581e-01,9.403513311475674152e-01,4.581058823828967341e-01,9.431953402062718261e-01,3.478157010255851223e-01,6.324041777701231437e-01,4.831716566334373075e-01,9.292030172804151000e-01,2.249991124882960436e-01,7.639208748025437812e-01,7.007223455193725137e-01,1.773228017196358253e-01,5.920754531939154131e-01,2.698943348386710350e-01,6.306666678429798667e-01,9.422883861410192852e-01,6.323985021941146423e-01,7.430016937187362558e-01
9.593828256280758637e-01,4.817185805595597392e-01,8.508248107033771213e-01,8.842076717304024891e-01,8.787891502469049598e-01,2.527918896735413257e-01,4.953943728269264435e-01,9.041602049290131671e-01,7.368692345539750166e-01,2.754432660737252125e-01,8.533093561909849134e-01,0.000000000000000000e+00,4.609160649064653614e-01,2.830854604052958079e-01,7.963445659344865479e-01,5.006056730860865001e-01,5.066794481688255969e-01,7.282758409453902182e-01,4.717418329842717473e-01,7.016719576966921057e-01,6.370001290030420371e-01,8.626298623347433692e-01,6.320456100948163014e-01,8.058879778832228613e-01,5.789788995059500509e-01,6.072051594466074675e-01,9.532542630121132454e-01,3.716561437122047895e-01,6.786304514207808225e-01,5.300261042504399445e-01,3.393159476597089053e-01,5.763488522415652904e-01,9.973497251297199773e-01,8.121207644531300840e-01,4.630375116345307740e-01,3.790215909988610410e-02,3.562036168635206446e-01,5.382005584709312895e-01,9.104533765325554251e-01,6.824545932579957341e-01,-4.932021366207461899e-03,6.701121233882411099e-01,4.891090389995094712e-01,5.745111427480065203e-01,8.173194121988811567e-01,9.881882430843897946e-01,9.790992006004346493e-01,8.594177709982394608e-01,7.083807557720659398e-01,9.014369394458422446e-01,8.425416443828703805e-01,4.901302658705415927e-01,9.054546513662204976e-01,8.031695489832124668e-01,4.398681927327386942e-01,9.523695057232979266e-01,6.888908203938018948e-01,6.821144071244350515e-01,9.253757698614603067e-01,5.774032337115723168e-01,3.872922507656144098e-01,6.899067301285597420e-01,6.224845426710409191e-01,7.935375907314378141e-01,6.370097137837666956e-01,6.749717578320433287e-01,7.497139663669976084e-01,7.314470064238105529e-01,6.494430220583439217e-01,7.410315723925067211e-01,7.385334427750698261e-01,4.289078257986467246e-01,4.717884909125807935e-01,6.364473254879093878e-01,4.683922685183084522e-01,8.552726487659887411e-01,8.508371480287117983e-01,5.080957899079390216e-01,2.744650629557188193e-01,5.010341330843347540e-01,4.827582380600171086e-01,4.022460535717373720e-01,9.030387490036683173e-01,9.488919346995930981e-01,7.507447727484150013e-01
9.551237659249698364e-01,6.276225890106825744e-01,6.634641976525682550e-01,8.282063247919971838e-01,4.095507711879601276e-01,8.194536354989581106e-01,3.892633093388702531e-02,6.069901426148455181e-01,7.712469054487383069e-01,7.617975046477458712e-01,2.665122632313516315e-01,4.609160649064653614e-01,0.000000000000000000e+00,8.583478157394710539e-01,8.564028745588524449e-01,-1.327983428384687803e-01,7.287020285408509768e-01,6.243235588252954438e-01,7.797013708667613896e-01,7.987333584043552204e-01,8.904721474825330052e-01,6.989031402072616306e-01,8.684591011002625871e-01,9.252130446505213435e-01,7.645335422785893842e-01,7.349185733362806339e-01,9.363478814015886442e-01,8.125136197514888359e-01,6.410716211156741728e-01,5.230963097927117111e-01,2.710191391557563723e-01,6.485196067457431601e-01,6.845749783665782129e-01,8.759513811817466467e-01,7.170769580643392427e-01,6.144830970959918037e-01,7.571932164571171242e-01,6.641630614623716955e-01,8.757354747385616145e-01,7.467642774880142165e-01,1.866637829686320360e-01,9.999640856136597922e-01,4.959878686912451151e-01,9.898149161241277527e-01,5.181988638065265773e-01,7.884998558357700915e-01,9.605682513673043932e-01,8.129887565231128654e-01,4.955246164500505257e-01,7.768570030960184614e-01,3.333112226191645711e-01,6.967335568915842270e-01,8.858920095606179768e-01,8.058141595867930329e-01,6.497504786373442531e-01,9.943292308036909555e-01,9.918316131507007860e-01,8.260543879980982718e-01,6.360373153692324699e-01,7.860521526632427980e-01,2.090563642033625158e-01,9.369840978574133228e-01,8.208726960966675756e-01,4.140297334294726905e-01,9.615990454352398853e-01,7.739905819287881128e-01,5.657838669972490298e-01,6.361023393466762599e-01,9.442585487750734252e-01,9.869245919808213863e-01,8.414208548203866433e-01,8.148829182694936613e-01,7.498883845671899806e-01,1.952532313864129010e-01,7.962673014272740879e-01,7.699983674466999162e-01,8.262555793727381914e-01,5.018558489389089022e-02,5.137263297954010044e-01,3.623238624368592120e-01,6.521902341772970457e-01,7.808591227939265522e-01,8.270381826875744524e-01,9.949616561351370958e-01,2.672569662483585962e-01
4.247017239730062066e-01,7.786407004260249565e-01,9.000083714055968631e-01,4.965238982513900390e-01,3.316413794300814288e-01,9.816355735928390391e-01,8.959014232804562994e-01,8.371993567972331185e-01,8.708605490723453357e-01,4.322236815480454131e-01,6.942231076304077320e-01,2.830854604052958079e-01,8.583478157394710539e-01,0.000000000000000000e+00,6.298144791498924144e-01,4.809141533379640565e-01,5.336921452618285100e-01,8.379066266987416078e-01,9.179621035641294391e-01,9.382309861537283524e-01,7.792743209491007628e-01,4.972004772503144654e-01,3.491245389144692068e-01,9.979864483602387537e-01,8.279671674339946774e-01,5.319897595706295501e-01,5.835281066964366214e-01,7.611474918485436891e-01,9.561054049065620397e-01,4.811091045834388069e-01,4.960128933396617534e-01,9.177019621869088040e-01,8.336480255440720244e-01,4.608910067756158968e-01,5.311103506050397494e-01,7.114997565995478945e-01,4.698446448488805549e-01,6.160889515922234327e-01,2.680361184346005121e-01,5.082952120027353082e-01,2.407781681644425575e-01,8.909089190176685547e-01,9.974296113938356800e-01,4.079095506867419507e-01,4.363247605769129955e-01,5.599007660429407007e-01,4.591248033096672621e-01,4.225372307032542185e-01,7.463681020010088929e-01,9.279494452228373991e-01,6.638715151406849868e-01,2.135937504686319099e-01,7.492748001464003549e-01,-2.649072609261185485e-02,9.537049300327931078e-01,5.720367716955345738e-01,8.968001002723032800e-01,3.212279245987609277e-01,5.256727732369127493e-01,7.532975492560731734e-01,1.816498395550897038e-01,2.879109021824616810e-01,9.301861674283038450e-01,7.339477340258080407e-01,8.107521180095406121e-01,8.899688799291762820e-01,5.451521010562782044e-01,8.586264140142619850e-01,8.015144986421719464e-01,4.476698916732790301e-01,9.734792449940088410e-01,9.383685846972571465e-01,6.130178966412591635e-01,3.870237054467390303e-01,7.052842556354782522e-01,2.937142224593421447e-01,9.177897114087876229e-01,6.136616050178247406e-01,2.170401049194882748e-01,3.880961538744027162e-01,8.220300322793224757e-01,8.008090792290406545e-01,9.674397006292481116e-01,9.112437967612471157e-01,6.211262424070346233e-01
9.494472480613825871e-01,8.465215204830558449e-01,6.382830367716235687e-01,7.936767502085504411e-01,7.317928120665460057e-01,6.801241162728293155e-01,4.964091233533740599e-01,2.028260545494047218e-01,9.737434348490802138e-01,9.642671067964302400e-01,7.675473199695780346e-01,7.963445659344865479e-01,8.564028745588524449e-01,6.298144791498924144e-01,0.000000000000000000e+00,2.227314905358958597e-01,8.128989956879548728e-01,4.733612671192226062e-01,8.376198072424051455e-01,9.803455205528268657e-01,8.250885457496387465e-01,7.668000634149648720e-01,2.162269583640316906e-01,9.788306100541002142e-01,4.804019370320901650e-01,7.578451141046367301e-01,8.569979337622423143e-01,7.874942490456846578e-01,5.462713737453006591e-01,6.749414901858296068e-01,4.648450465007303301e-02,-1.504456298363430200e-01,2.201961906436010752e-01,4.864233000202445312e-01,8.758540954629207009e-01,4.960340138888819084e-01,3.598952222379392385e-01,7.626888516221291825e-01,9.597026324604356340e-01,6.543698935995070354e-01,3.558673731224772374e-01,8.738884896869416608e-01,8.860733252170748253e-01,9.954196558479065926e-01,8.692902868329317467e-01,6.176981474399119154e-01,5.457559060685117647e-01,6.769835342841670212e-01,6.564659694912787780e-01,4.995753517831450496e-01,9.325422024278372524e-01,8.066587865266129365e-01,5.656466986559487431e-01,7.433578820565330814e-01,7.498110785141340884e-01,8.814400401763989867e-01,5.003796150857032776e-01,1.843437627014028468e-01,9.725591832182544083e-01,4.306893177523685723e-01,5.891167804484804815e-01,8.871020575121625340e-01,6.591611894909017444e-01,5.247585776398288049e-01,8.762691056349275476e-01,6.012241763421203311e-01,6.993030854232423765e-01,9.003694858899894404e-01,4.418777989645823467e-01,3.235497674147054248e-01,6.371538118309779675e-01,1.329370089089619567e-01,6.494609154836344933e-01,8.531487514673475880e-01,7.876521927243529397e-01,5.954702489409897659e-01,9.283677171552519036e-01,7.068131322327796395e-01,4.881982008158746167e-01,4.829977568830507439e-01,8.809294126936795255e-01,7.950507065513213734e-01,9.416118800646571252e-01,7.821268209349929723e-01,2.078178769827097316e-01
9.447312857494541971e-01,8.370337958638367493e-01,8.145905871330818560e-01,8.319411858558993789e-01,6.043554669736421747e-01,4.683132397993817753e-01,4.245786895672314376e-01,2.852264552510608842e-01,3.903803238564024225e-01,7.977347480773819832e-01,9.849750680627271660e-01,5.006056730860865001e-01,-1.327983428384687803e-01,4.809141533379640565e-01,2.227314905358958597e-01,0.000000000000000000e+00,9.240806091301710934e-01,-1.880312037070984155e-01,2.012875728375705942e-01,8.058105796452763592e-01,9.438756237537172522e-01,8.535641761907006853e-01,8.836512764231161388e-01,9.036289353646335121e-01,7.874015274490815397e-01,6.678382819187748121e-01,7.615849981500463217e-01,7.906272642229981162e-01,7.068737822786260727e-01,6.997752615829482270e-01,4.990886876251742210e-01,4.510356004389004525e-01,5.092943832529971404e-01,9.779026183666377214e-01,7.017311902965682746e-01,3.923809248539722461e-01,7.868594214565931555e-01,7.771403806017729288e-01,9.198073819023102615e-01,7.061438135662746474e-01,4.513450642936133739e-01,2.575230033719140832e-01,4.649380520318640020e-01,7.623548056025597486e-01,6.618528516327805145e-01,9.791898746862612857e-01,6.666098465148396768e-01,9.782165502772333099e-01,5.430762632598975514e-01,4.873766183501415106e-01,5.648498677272606461e-02,6.910299112041884406e-01,9.832196088321798477e-01,9.317410904670770933e-01,5.128620654049268479e-01,7.458247742418119275e-01,7.558953005118915769e-01,8.716574166939674573e-01,8.212328861520084011e-01,6.762873733279145538e-01,5.221881965122261438e-01,5.345266520614545547e-01,7.231985868945446372e-01,9.420000162981416736e-01,7.059008863995007710e-01,8.838097322171647452e-01,9.595589690862103005e-01,6.282749822343882684e-01,4.681960235413074600e-01,2.202327174028992640e-01,7.291466304340440407e-01,9.936339279833745763e-01,4.573191493323366941e-01,6.178684942136585673e-02,5.630622750071534455e-01,3.147571930378439409e-01,7.558254740875040012e-01,5.004970287310827048e-01,4.997277982742201474e-01,2.895889022310426109e-01,8.897023060466021649e-01,8.621958704049473843e-01,1.457166839437984140e-01,7.625015770912387802e-01,6.375106700250368075e-01
8.608789302141055533e-01,8.249987099205032814e-01,8.321947044050842512e-01,9.138653901980293703e-01,9.582859576285440717e-01,8.324186726008938608e-01,4.711134795080657578e-01,9.525830091089729779e-01,8.387695694392209855e-01,6.678323715557359375e-01,7.840115174000176212e-01,5.066794481688255969e-01,7.287020285408509768e-01,5.336921452618285100e-01,8.128989956879548728e-01,9.240806091301710934e-01,0.000000000000000000e+00,4.103755414684369107e-01,7.054376695128410368e-01,8.454298515141889236e-01,3.605627120693282173e-01,3.523041366272156028e-01,6.994191288099904646e-01,8.564131175110725192e-01,5.436419620300140254e-01,4.268019288848441950e-01,9.903383429703154217e-01,8.399411491087809267e-01,-7.373723896330111605e-02,6.061231941142375401e-01,6.963710527272224393e-01,4.228852169825025875e-01,2.515828005528844002e-01,7.888915108688893119e-01,2.844649215717612867e-01,4.312640341256297472e-01,3.734956253520859693e-01,4.564949226032889440e-01,7.042357810388673034e-01,9.005428420748955443e-01,2.537468082184292095e-01,5.079164269124636366e-01,4.424706451793479767e-01,3.365754960550959574e-01,6.279599815171865718e-01,7.288919814483496573e-01,4.246551514252770027e-02,9.870462534259597520e-01,7.222935037163902283e-01,8.456537729842068529e-01,8.461530383412148026e-01,6.530650806101500061e-01,9.939141441008736422e-01,9.060389156735825233e-01,6.828900367402577221e-01,7.829966229749697471e-01,7.552171293993235057e-01,6.475307076553701302e-01,3.895079652826041738e-01,6.600092275657504226e-01,3.861598554775547143e-01,9.225606080411112853e-01,9.058188888333504885e-01,6.924085556111055917e-01,8.693498169445490475e-01,9.600295244037697628e-01,7.066465086622574221e-01,8.478649215236825354e-01,4.284982560031431742e-01,9.007099236385688323e-01,4.802503361253210312e-01,8.812195291696853783e-01,7.811569093874755065e-01,6.381200331956712324e-01,8.146775274265204425e-01,6.456122429415769304e-01,6.927838530277856677e-01,8.310980694937959434e-01,6.670514670679414948e-01,4.697127199451871932e-02,7.149438995731137725e-01,9.806868768799706926e-01,8.076835230937223775e-01,7.899640084391348904e-02,4.861437029030318824e-01
9.628028865055043850e-01,3.238035426961189400e-01,6.447913196569488026e-01,6.586039654242282770e-01,7.465667964050819450e-01,8.599776899781784723e-01,6.726767341450453630e-01,9.195193493689234332e-01,7.254934154002692370e-01,9.368133156938007744e-01,8.741480673224445441e-01,7.282758409453902182e-01,6.243235588252954438e-01,8.379066266987416078e-01,4.733612671192226062e-01,-1.880312037070984155e-01,4.103755414684369107e-01,0.000000000000000000e+00,6.860786405563386037e-01,4.410465487250705419e-01,9.396583810491636601e-01,7.733346818874647921e-01,2.142089529716957874e-01,4.338059021637823420e-01,2.795657711831041337e-02,9.130816414621029109e-01,8.548058611019828668e-01,2.023948348521548701e-01,5.197532176169306073e-01,7.839890167865023463e-01,1.740952065919685599e-01,2.574990368936037055e-01,7.074798586429467129e-01,9.255183095987173925e-01,7.671670759235338366e-01,4.275161205579496304e-01,2.775066111056692653e-01,6.207143131867778330e-01,9.175937186556403224e-01,9.675135101659083636e-01,4.646174249354703134e-01,7.136929688424805684e-01,8.996831349188023630e-01,6.612299679669864094e-01,2.657368672262225284e-01,6.209925818666879316e-01,7.771975495575031978e-01,1.654654026138721312e-01,7.305383027646026317e-01,2.696290405920814259e-01,7.410576924910428076e-01,7.974232556242633052e-01,9.259308144508348049e-01,8.408303123635938459e-01,6.798069075594102006e-01,8.783884383852613720e-01,7.015504479136253080e-01,2.572636163085483263e-01,8.005330310697216234e-01,1.977306214956550123e-01,6.434055987494222695e-01,6.221466826432680008e-01,8.168481811956791461e-01,7.187143037509740040e-01,8.632748901092979210e-01,1.294560117025516932e-01,6.169640693187560254e-01,7.982578599957266263e-01,7.139633519516727089e-01,5.193768229520467905e-01,9.386930119119449856e-01,5.642095195393543872e-01,5.742084858187552765e-01,8.155209075847760225e-01,3.600416603530435244e-01,3.612373371721792070e-01,8.897702788738738322e-01,8.700389379456178185e-01,9.684766903026119644e-01,1.565030955157915848e-01,2.196852045277452314e-01,3.012220807033191838e-01,8.839380762358907129e-01,2.025916068910800782e-01,5.686814832364738281e-01
