0.000000000000000000e+00,8.712093780930747489e-01,9.497090366022695740e-01,8.679767712504001809e-01,7.949901561098264846e-01,8.009719174243967732e-01,8.016169156152828101e-01,5.022602209567960108e-01,9.901292140332350611e-01,6.895205850776774392e-01,8.566519736629261139e-01,9.139892059152927573e-01,9.287720767640984532e-01,6.875503220255686498e-01,8.425348090377560162e-01,9.212561350720808173e-01,6.747105130762206526e-01,6.489027150647056486e-01,6.547782462046632945e-01,5.852478510940042344e-01,4.950375023236964767e-01,9.271816982456084766e-01,8.883316263537561763e-01,9.127485204545041642e-01,9.170254281081311465e-01,8.181331076684039694e-01,6.800468112678053068e-01,8.568803894380638830e-01,9.169639032737318951e-01,2.085472469771402215e-01,6.448945651301842830e-01,5.272108335790878231e-01,9.505300112975056948e-01,6.636387505864743686e-01,8.657862818586177234e-01,3.018342045935559215e-01,3.683316435436426728e-01,8.500085311137377531e-01,6.394933762973341596e-01,7.227989711475641954e-01,8.784191694049706678e-01,4.438015818585181460e-01,7.273580854631673809e-01,5.253631465231219932e-01,3.352623219315371550e-01,4.172754307033536558e-01,5.758023474214285509e-01,6.645007806007884321e-01,8.226456042751604247e-01,4.794847116431975032e-01,8.274119644105139004e-01,7.502533715363896016e-01,8.937989040987709410e-01,9.039446974524967260e-01,2.204887986220059326e-01,8.231516435697285861e-01,8.152476628219903487e-01,6.913775659346095281e-01,9.707484395954006917e-01,6.131430481053014026e-01,5.923583648583903294e-01,6.500657227366827273e-01,9.669624750675553937e-01,7.370311443301637011e-01,5.949977829522594686e-01,3.150240340214796042e-01,8.816786855650668997e-01,6.261128822899576507e-01,8.844456498623041174e-01,8.436319367380572531e-01,6.327592048565610083e-01,9.455635290466364307e-01,5.416126485837942095e-01,2.331150867766093315e-01,8.164338003308497793e-01,8.038763960077320858e-01,8.796323282030344970e-01,5.557424385948426249e-01,2.555994951338735333e-01,5.133311471337844711e-01,8.245530096706313872e-01,4.877785948057282717e-01,9.146966277866148687e-01,8.881427110719362084e-01,6.567071361418946873e-01
8.712093780930747489e-01,0.000000000000000000e+00,6.482361522446633550e-01,7.778956379767968388e-01,2.293377850271751950e-01,3.780034261112119598e-01,5.192780111812779209e-01,5.466903545964530986e-01,6.060260864670764525e-01,7.716065662093765098e-01,5.165251560543324683e-01,4.732219128981245415e-01,8.590176129235691516e-01,8.182477431215928743e-01,9.542278455403129245e-01,2.265069071065421991e-01,4.305783258564636062e-01,6.678265783045564952e-01,6.164820799679638919e-01,8.248878983117303720e-01,6.827329747582799868e-01,5.122181075472775902e-01,9.565579134099164715e-01,7.779123954541179442e-01,7.693278949794200017e-01,6.280354168684355587e-01,7.837968974469456951e-01,3.907336415005409069e-01,6.322710779514260082e-01,2.597686556179888001e-02,5.265378439475426608e-01,8.186103731241659576e-01,4.077246334227171976e-01,8.574073384851074175e-01,6.205337426155907998e-01,2.298485361776855807e-01,5.309294780623571297e-01,6.914915293538753671e-01,7.046930010422337576e-01,6.224756730550593531e-01,4.453688680487410956e-01,8.965544064867891905e-01,7.619696625271155099e-01,6.789164293795342253e-01,8.773173111005927449e-01,9.854185985435055528e-01,4.932537413038578511e-01,1.913956622441023991e-01,9.840441995268345288e-01,7.040908467200687193e-01,8.613805917662714640e-01,9.497525747858556189e-01,5.453340154292956043e-01,2.352615824151784163e-01,7.873624789025911452e-01,8.730622441312309023e-01,7.848710206033061576e-01,6.836681792484087250e-01,9.074215984510985988e-01,6.805308158984998412e-01,6.609725797208440001e-01,7.342590274860429922e-01,6.435488807654214938e-01,6.757353019037205533e-01,8.837685211131699470e-01,6.440516492236798562e-01,6.979647269389597231e-01,7.984730192940067139e-01,2.760313824680000194e-01,4.175941942731800083e-01,4.587105253215474909e-01,7.876749909125466687e-01,3.330550067938569669e-01,2.275921407062150570e-01,6.918213343321727438e-01,9.786717383102048196e-01,6.916912096552694234e-01,6.324106281985787392e-01,6.849543557950535932e-01,4.458879618293911107e-01,7.709807350305296625e-01,6.687950570463682132e-01,8.670594702785304753e-01,3.955067876462158294e-01,5.106156718698260377e-01
9.497090366022695740e-01,6.482361522446633550e-01,0.000000000000000000e+00,5.355617816677313847e-01,9.121573194678922469e-01,9.673232164758238660e-01,8.907858366923169235e-01,5.511486984052235139e-01,7.419686588184188913e-01,9.279414641726375645e-01,7.065628004600216228e-01,6.149067375237600164e-01,9.652052476282874105e-01,9.235323484451468667e-01,9.287607811245833789e-01,8.297264309226797252e-01,9.588250919096952263e-01,6.995806618832877133e-01,6.932585492653374759e-01,8.258024490066661061e-01,9.195092795985287948e-01,9.086837543479783230e-01,9.567430609320665136e-01,2.675441087066144918e-01,7.328416809164907120e-01,8.377751212566297845e-01,9.433584619955367456e-01,8.316790171477371763e-01,1.708808802126085200e-02,8.234232075932420569e-01,3.629176662249214980e-01,5.186849411971369284e-01,4.417451822721032983e-01,9.498507837687582001e-01,9.138812768423666411e-01,5.088022914024736831e-01,5.664501116517525192e-01,3.754465774617792295e-01,7.589367277276467538e-01,8.827661069269370220e-01,8.982049013121568004e-01,4.753564634818612245e-01,8.006558337523540514e-01,9.745359744651660439e-01,8.463812592745040275e-01,7.870713284542200094e-01,8.373968787175136708e-01,8.551172873509965688e-01,8.935451196407725449e-01,9.058111740826428893e-01,6.824502807206321853e-01,6.544077328133441895e-01,4.467653900422241531e-01,8.025857270420712064e-01,6.538738818634367567e-01,6.028268022168855600e-01,8.230923603629961560e-01,5.148342869933690835e-01,4.963745727640761496e-01,8.604503861565853118e-01,6.300631615038547739e-01,9.049476626349942654e-01,7.891756639272800022e-01,8.186696927846766059e-01,9.745796161734837648e-01,8.010699860512099368e-01,7.345811744609147542e-01,9.116238167841340667e-01,6.849126141264424428e-01,6.345059405831641186e-01,8.570425245233546097e-01,5.150164857452175227e-01,5.024492657689549890e-01,6.965209085064638650e-01,8.585764411726278800e-01,6.914292628432505694e-01,7.736479654666676975e-01,6.085452464872531664e-01,6.620837187426743542e-01,5.704757595654610380e-01,9.657188610956882746e-01,7.156317085460515148e-01,5.122413789257572736e-01,6.600875042475835563e-01,9.614149763119411718e-01
8.679767712504001809e-01,7.778956379767968388e-01,5.355617816677313847e-01,0.000000000000000000e+00,8.163699359162498448e-01,9.159727056944274581e-01,7.745466279894884787e-01,5.207270821334032407e-01,6.105559932774347054e-01,6.397795382777714535e-01,7.761770504696809958e-01,5.163234830309046952e-01,8.930643122440397041e-01,7.749454389874986804e-01,7.171520560112804032e-01,3.999275550363291520e-01,6.762297790764079108e-01,7.999102379296223475e-01,8.692230001042124954e-01,5.085690730766181389e-01,9.035100967232928548e-01,7.088030837174351673e-01,5.113699578207945295e-01,9.119709662340235168e-01,5.703773965236214050e-01,9.293349351735140651e-01,4.045098308569980983e-01,9.432424068011472373e-01,4.777651760582833362e-01,6.106366194374611700e-01,3.697411440691473761e-01,6.588158286626336624e-01,6.387883952374578955e-01,2.435959540310557170e-01,6.296950394792937278e-01,7.970195988770914508e-02,4.507828980634060456e-01,7.175500941933093957e-01,7.939855544120547615e-01,9.588351791844906824e-01,4.728399574943972783e-01,7.735598128429119757e-01,7.477759819146092557e-01,5.205874700845697367e-01,9.813239418454724472e-01,6.279140688627070643e-01,7.583232820307552746e-01,9.689517239544679361e-01,3.669901924928752335e-01,9.794544087847979474e-01,8.039384197186836278e-01,9.306635745606977039e-01,7.871979733634891785e-01,9.994587658488037762e-01,6.180004680904872538e-01,6.520494877985455462e-01,6.039043538352321105e-01,2.077719771402247173e-01,7.539997640368002463e-01,7.484326477447895698e-01,7.038997928657386716e-01,6.062721930441107299e-01,9.134380286305598950e-01,8.986167573736332237e-01,9.288613343494415142e-01,9.853197169343471673e-01,5.004177970758015848e-01,8.541382139096257431e-01,5.952170747491303260e-01,9.664217829287361505e-01,8.311107204794134784e-01,7.738035894663701786e-01,9.498523280891921772e-01,-3.597666303556204537e-02,5.670381847650095564e-01,9.433222210244217587e-01,7.879761901791795253e-01,8.234629016766764620e-01,8.781243435666700181e-01,3.820709198718847954e-01,9.227799511355480044e-01,7.131740598622642313e-01,6.075700396768662914e-01,2.416839444810204296e-01,9.307961159743107782e-01
7.949901561098264846e-01,2.293377850271751950e-01,9.121573194678922469e-01,8.163699359162498448e-01,0.000000000000000000e+00,6.059269457057133712e-01,7.673604948993776320e-01,7.095138171816794959e-01,9.853249213108226101e-01,8.314992223134263227e-01,6.689475722900087851e-01,6.966068427263607532e-01,5.582919061688772500e-01,4.177134983063276463e-01,4.227007402108006184e-01,8.901500036714299346e-01,8.251711620093225008e-01,9.620798842757434244e-01,6.361609274319394158e-01,6.571800416815384294e-01,6.390204304525325396e-01,5.689288207980143230e-01,4.932739729384475469e-01,3.313599575407188969e-01,-2.490719871634043958e-01,4.762160764554481673e-01,4.516846844395246974e-01,9.741647997031576134e-01,7.137227566883329599e-01,4.149202775840671875e-01,5.036650023892985661e-02,5.953213790758465906e-01,5.981582163296101928e-01,8.707779078454259691e-01,6.560834332566174432e-01,4.779239930229048361e-01,3.055952040081991727e-01,9.327097841016606106e-01,8.936054567917440794e-01,8.552064435301375278e-01,6.299762358194146428e-01,6.038390525110937102e-01,9.658239901481144862e-01,4.738223099802312266e-01,4.113740701268833733e-01,7.375172346124742040e-01,6.301446716373961809e-01,8.784243756284060289e-01,6.839674882440994752e-01,7.596534429345969119e-01,8.720745161315515137e-01,8.685453240369390704e-01,4.567692943459090715e-01,9.836594650393236661e-01,7.916989761656663127e-01,5.452402699859041357e-01,9.043441390405809743e-02,7.882169754148236063e-01,8.108448258363227801e-01,4.397785785932301073e-01,5.883814551844255281e-01,4.478351031214556355e-01,7.818200828077900288e-01,9.173281657427359015e-01,8.455231904013846833e-01,5.737571862595978178e-01,7.432923178704099465e-01,6.456761112994924279e-01,5.461367127410624578e-01,6.613096582345127095e-01,8.248832738274184395e-01,2.303400614080081676e-01,4.543599134976004095e-01,6.728660490979393449e-01,5.473881819506475344e-01,8.543455990615859141e-01,7.809085717988414332e-01,7.962299753568669036e-01,7.103210701799103077e-01,7.078588787024074624e-02,6.222614714926052448e-01,7.764812992827182514e-01,4.569712422595028078e-01,7.505893285379537927e-01,8.502884008990091447e-01
8.009719174243967732e-01,3.780034261112119598e-01,9.673232164758238660e-01,9.159727056944274581e-01,6.059269457057133712e-01,0.000000000000000000e+00,8.355348600207843646e-01,4.838351756782756086e-01,7.420995526347645699e-01,6.843026210285633182e-01,6.171510356362375216e-01,9.009730502986221801e-01,6.473704189243406626e-01,8.640964375128755703e-01,5.220923941722425132e-01,5.036209974768476316e-01,7.017841067489858364e-01,7.153965103870004727e-01,8.911316053208425680e-01,5.173010196899845425e-01,7.503152716935835853e-01,8.407469488333980667e-01,4.428212850311178395e-01,6.697137912045664221e-01,6.850638872437001536e-01,6.466468660838190496e-01,6.533484344626236950e-01,6.394510064374399061e-01,5.032534312180023672e-01,5.795220972414276694e-01,3.368490358803644114e-01,6.302754350988688525e-01,4.514030805785662070e-01,7.577845677876278163e-01,2.154740567194069478e-01,5.697657120530201791e-01,4.085022516768619522e-02,5.773598105033302952e-01,8.554205701021257990e-01,9.713735599014463595e-01,1.214659303663929990e-01,8.024705314530076183e-01,4.165245197276586930e-01,6.056664657764976312e-01,7.840087598178467898e-01,8.672165547788293072e-01,9.927421521586843323e-01,9.542307939311397424e-01,4.959122003347994356e-01,6.367022411579472685e-01,7.640800790610391413e-01,9.062057291311348406e-01,7.954097459412010629e-01,6.895629729281188558e-01,7.882814580737743659e-01,8.676384904395483266e-01,2.532841222106259060e-01,5.510898731198832223e-01,9.150831282408307121e-01,7.188486611494637746e-01,7.620748415582156987e-01,8.914346145581421021e-01,9.640262346950893013e-01,9.626853074719931014e-01,4.506998255196109637e-01,7.123648368764993188e-01,4.497066130424103858e-01,9.849968961026671632e-01,4.184230104578862131e-01,7.590499024488456259e-01,9.307490055423827124e-01,5.878687961803314987e-01,3.130223181455871750e-01,3.818425130116867572e-01,7.782663056622054487e-01,6.046197003611994969e-01,4.710024976943209540e-01,5.667029520740451964e-01,4.759440243879547450e-01,2.889621541038028818e-01,8.388380406353963537e-01,7.993428913598651375e-01,4.656811407626647581e-01,7.436814999866138143e-01,7.852956352788387218e-01
8.016169156152828101e-01,5.192780111812779209e-01,8.907858366923169235e-01,7.745466279894884787e-01,7.673604948993776320e-01,8.355348600207843646e-01,0.000000000000000000e+00,6.570644482235074024e-01,4.678237986934263848e-01,7.563479151545252632e-01,4.593540177544290781e-01,9.815691901410497078e-01,8.526370244764176487e-01,6.744574203718669558e-01,5.551375801764579787e-01,6.110137522987423297e-01,9.286924917148186021e-01,6.992819728857001538e-01,3.291736905979667505e-01,6.686470502122683346e-01,2.775761003145109096e-01,7.610904973079581914e-01,2.113933400976048260e-01,8.763238842074744239e-01,4.801667923327918586e-01,6.717078191920523578e-01,3.075154443503251289e-01,2.794267337176875032e-01,3.336034720204008042e-01,5.346486332268187702e-01,2.233523293343618321e-01,5.453298159320021377e-01,4.881977702336731673e-01,8.795386988570826903e-01,7.881347785988670474e-01,5.148456905324660937e-01,5.589836604742450810e-01,7.261830330864742500e-01,9.524024596904537843e-01,6.431012788361287758e-01,4.010633908189034091e-01,2.418586346098164919e-01,4.811052969201663476e-01,5.415255671878754784e-01,7.882764110510437350e-01,4.396802388636740222e-01,2.784301352492548620e-01,1.071839779240352925e-01,4.993600576563240745e-01,2.142478798185005195e-01,6.442905945685121205e-01,3.464183643781017508e-01,1.905828243780556264e-01,4.180666577113342219e-01,9.946051792565953065e-01,2.119508035934904999e-01,-1.855865008816434680e-02,8.923219037050166280e-01,8.420203267816557258e-01,4.737663346193819042e-02,4.512290223644279674e-01,2.609433489510242232e-01,7.526118354117217191e-01,1.292110321950189211e-01,6.024428430016824931e-01,5.790324502944991236e-01,8.712286892432213881e-01,6.923256670888857656e-01,6.703621607248719805e-01,4.435346323124757517e-01,5.006155247346968373e-01,6.677815592629265939e-01,3.343220469146167551e-01,9.473027420231946438e-01,4.203637836306112208e-01,4.457412990572295342e-01,5.929651945444582850e-01,5.717832543662295652e-01,7.311405864209620242e-01,6.784464077523336134e-02,2.615167789752183558e-01,9.099225597251279218e-01,4.272051835385673457e-01,6.066153107453293725e-01,4.561075461228046857e-01
5.022602209567960108e-01,5.466903545964530986e-01,5.511486984052235139e-01,5.207270821334032407e-01,7.095138171816794959e-01,4.838351756782756086e-01,6.570644482235074024e-01,0.000000000000000000e+00,5.087125201449855805e-01,4.246580245031252310e-01,7.364088572726414927e-01,4.705252270987525520e-01,9.373339872897586966e-01,3.241978936107557940e-01,8.559343275323453293e-01,6.812671561025781530e-01,7.342805761999147141e-01,6.233833818203707855e-01,4.115505789950062998e-01,9.422588273499088452e-01,9.699974481323073716e-01,5.064713638674084306e-01,5.739122717378100091e-01,4.138918418175371317e-01,7.899595648585329144e-01,5.841684887786373626e-01,7.310917962778402668e-01,9.643703921964781323e-01,6.425290172030870828e-01,6.517825794023588415e-01,1.828506574983872202e-01,5.348913352301053470e-01,7.033905799706037243e-01,6.516890072738632522e-01,3.615202116036268509e-01,8.179521095567734434e-01,2.305920358935389380e-01,5.484061966041008374e-01,9.450205083571665554e-01,7.288280317999253910e-01,3.194559587082840268e-01,9.919805529794447629e-01,8.409032023018699897e-01,7.022206150992799101e-01,8.768674466532808687e-01,4.251995095769363076e-01,2.280750008065535739e-01,3.645131316835439339e-01,5.754356364015813519e-01,5.899257040154521903e-01,6.012134294254865008e-01,2.321582153691270078e-01,6.443222189386158538e-01,2.722068767299619108e-01,5.566915931478795265e-01,8.502480345446822296e-01,6.505089068758620474e-01,5.519552375651707310e-01,5.759797066200758042e-01,4.966820930138753365e-01,5.445098724162323878e-01,1.641901752923126678e-01,4.102914374117492269e-01,8.263054992210037142e-01,6.136501927606550222e-01,5.030469018310674834e-01,7.254581469888445877e-01,3.781293264807813470e-01,6.361504008018108447e-01,9.002558075652570269e-01,7.585986850190753472e-01,5.902925093418789348e-01,6.018955707076801831e-01,7.448587119736790330e-01,1.802535356427869828e-01,4.400405672636366061e-01,7.036403055319154776e-01,5.172864424125969141e-01,3.697709787673338355e-01,6.860370845603859236e-01,1.039461637928962567e-01,6.827282002185344201e-01,6.290637594399886012e-01,4.845514435097653116e-01,2.004197950200392042e-01
9.901292140332350611e-01,6.060260864670764525e-01,7.419686588184188913e-01,6.105559932774347054e-01,9.853249213108226101e-01,7.420995526347645699e-01,4.678237986934263848e-01,5.087125201449855805e-01,0.000000000000000000e+00,6.526848068973788441e-01,6.745539982824527714e-01,4.642270922372838116e-01,9.950305552370297679e-01,7.608478961382136863e-01,9.471559577438494193e-01,4.883235670817335783e-01,6.600436441811797783e-01,4.088477689310358598e-01,4.698857811571737764e-01,7.519483523470975594e-01,6.736430342107165847e-01,9.653377851533903042e-01,5.784002345567581527e-01,9.842151055200020204e-01,4.384412219774359021e-01,6.547583752171507454e-01,8.476070762408833836e-01,4.805499536039357089e-01,5.009740728520227782e-01,1.337031460839972763e-01,8.501789069158104395e-01,8.866671908195724594e-01,7.176426169271749034e-01,1.999585879192475601e-01,7.209445026791275746e-01,4.838674889141989510e-01,5.102270645427878781e-01,6.419496772627183434e-01,8.952065133511957207e-01,8.552959083983793231e-01,4.723379613930466792e-01,4.391232569051645718e-01,9.462731673703344004e-01,9.001613100107929144e-01,8.680104113404940591e-01,6.537254676793889940e-01,4.988514044509335110e-01,8.411639594862871938e-01,6.019878951201864670e-01,5.167158438460459635e-01,7.368432426226602106e-01,6.340574850053862788e-01,6.266430606146006221e-01,7.650308284294635719e-01,7.740302008035561121e-01,9.692695482492295067e-01,7.195123281017510308e-01,8.212860282040326254e-01,7.477979143185269351e-01,7.121922369919537754e-01,7.611988688996342844e-01,7.877039528072966590e-01,7.759671562406431633e-01,9.896877707693569892e-01,9.550901561968284659e-01,6.416096334506485865e-01,6.915829149964333178e-01,8.166620890439624247e-01,7.626151723979950336e-01,7.682920496606596705e-01,7.642971665693851779e-01,6.553902270972485899e-01,6.145297783417098536e-01,7.355578656112512492e-01,6.280301131704107975e-01,6.461001065820187739e-01,4.499170363615901391e-01,9.140917713008969714e-02,3.148635691566953887e-01,7.514741667108973955e-01,5.138286956736645150e-01,9.171968570119983788e-01,8.520394069239438650e-01,5.270814727798120991e-01,4.018792157606530524e-01
6.895205850776774392e-01,7.716065662093765098e-01,9.279414641726375645e-01,6.397795382777714535e-01,8.314992223134263227e-01,6.843026210285633182e-01,7.563479151545252632e-01,4.246580245031252310e-01,6.526848068973788441e-01,0.000000000000000000e+00,7.007605938480911956e-01,7.325167731856272457e-01,9.811658109501760761e-01,8.047863213490643597e-01,6.578131949689685065e-01,6.555322901297637728e-01,7.867127523138079948e-01,4.273769526230223881e-01,4.138365351901167055e-01,9.371387643308302096e-01,4.749322905159309993e-01,7.824499346936603095e-01,6.111354362549099584e-01,9.187891200551687731e-01,5.923962351907414714e-01,4.312144196716792832e-01,6.970638211672690598e-01,5.656369609886670036e-01,3.138783668439142915e-01,5.215591517779644137e-01,4.754096226591343344e-01,4.561304610308531404e-01,2.427870654583574872e-01,5.299593505269134530e-01,5.736917769484002338e-01,4.312366865490647738e-01,4.155897924265107291e-01,7.955561126196637467e-01,6.601133116151837177e-01,6.493053620545004012e-01,9.172129345204199646e-01,5.497852779344957197e-01,4.707680013227221738e-01,8.117437761527640516e-01,8.289349755200919878e-01,7.300916432675156331e-01,4.116734377922010579e-01,8.937319341938291251e-01,7.164210833209444518e-01,4.900092089941457396e-01,5.205676432963634026e-01,6.017752071690058990e-01,6.071766065285192360e-01,1.396515676465662492e-01,6.925280427570458253e-01,8.160248215245579084e-01,8.482136860702188530e-01,8.151723003562791892e-01,9.451562858230725395e-01,7.069773221543679265e-01,2.732804370817146222e-01,4.015618928031674528e-01,8.233216229163146105e-01,6.892289900492881705e-01,5.745391103670272753e-03,8.146620893035937394e-01,8.430361116372233621e-01,9.273892872750923999e-01,6.282081911387208395e-01,7.231246827431092594e-01,8.186870076257182216e-01,3.332111574952603128e-01,3.447505248036744629e-01,5.205626470143578377e-01,8.472160600922563622e-01,5.926196726218180277e-01,2.426772364191905618e-01,1.447511720976885907e-01,5.275778529033490205e-01,2.957223186278358784e-01,7.259981743661654274e-01,6.211926364576132453e-01,6.038490876737290236e-01,3.735446955308464601e-01,8.442468720185007935e-01
8.566519736629261139e-01,5.165251560543324683e-01,7.065628004600216228e-01,7.761770504696809958e-01,6.689475722900087851e-01,6.171510356362375216e-01,4.593540177544290781e-01,7.364088572726414927e-01,6.745539982824527714e-01,7.007605938480911956e-01,0.000000000000000000e+00,8.535982847316951894e-01,4.948379540767867679e-01,9.286616057545710179e-01,9.690303301749373377e-01,8.581522951488833595e-01,5.303488657701322939e-01,7.760116302672548372e-01,7.206432490548279057e-01,3.184516679325636868e-01,8.468140125418527342e-01,9.738445524175953771e-01,6.135858624455851063e-01,8.813720494635356451e-01,6.271970419289208953e-01,6.231508347397146652e-01,3.912226760893262600e-01,6.521122615774969100e-01,9.776124063402245046e-01,5.976604347538179152e-01,3.518825240248163455e-01,2.709267911035985188e-01,7.248181909759597863e-01,7.080894106533842658e-01,7.739937692671144953e-01,6.743514856340296904e-01,4.932336792560289007e-01,5.966758997835177603e-01,4.837782969715150316e-01,6.566924974728761688e-01,6.801944039547647147e-01,9.973171707537124009e-01,7.045698685892852753e-01,8.353633529036730287e-01,4.878438315038148287e-01,6.749054507604822506e-01,7.740288523082416994e-01,8.615293340776762898e-01,7.776556311203297600e-01,9.791204608093084794e-01,5.745029210190809588e-01,6.329275217768144390e-01,9.602550870628377977e-01,7.383791633081348005e-01,6.373600374426997561e-01,8.708018546359390655e-01,7.615170868331631038e-01,2.102386477813245336e-01,6.328764047983557184e-01,2.708714561973415424e-01,4.519710588368811566e-01,4.722190849008974789e-01,7.011043824536598024e-01,7.477925142362806810e-01,2.029033617566741166e-01,5.638947528335814807e-01,5.251276515544536228e-01,8.499043875955742955e-01,4.483041703147197521e-01,8.439734962409323193e-01,9.135305713130077443e-01,9.013357793325263989e-01,3.273068438274888692e-01,4.094422709698160023e-01,6.677949353845823444e-01,7.869873785829861745e-01,3.087566214149741195e-01,8.666024336642242920e-01,5.488499486969936614e-01,2.141555685605889825e-01,9.341649161859066908e-01,7.054285120637184825e-01,3.181686451246601988e-01,3.949021981049463670e-02,8.912324139107827836e-01
9.139892059152927573e-01,4.732219128981245415e-01,6.149067375237600164e-01,5.163234830309046952e-01,6.966068427263607532e-01,9.009730502986221801e-01,9.815691901410497078e-01,4.705252270987525520e-01,4.642270922372838116e-01,7.325167731856272457e-01,8.535982847316951894e-01,0.000000000000000000e+00,7.630677315007292627e-01,8.066520399284549114e-01,9.274162486397726779e-01,9.485337190296576626e-01,6.824064333163586404e-01,-1.073010518710265648e-02,4.463031459102210774e-01,8.116412559765782131e-01,6.342414401375913169e-01,4.709915934285590078e-01,6.807666662810196723e-01,7.562607452978252764e-01,4.379248528208251057e-01,7.857636704469020961e-01,9.294544903912437261e-01,4.132452132009251655e-01,1.700038901407923131e-01,5.976707964955165764e-01,2.929639512485220365e-01,6.640687477967559538e-01,4.418217504659325834e-01,8.496061831172683210e-01,3.298027419835550811e-01,7.073457014296822276e-01,5.849739842856145344e-01,7.933986978511334831e-01,8.373787063263052888e-01,9.517904499267110241e-01,9.962501532295184870e-01,9.364603291005164643e-01,9.129833696696646461e-01,3.135158431188171391e-01,8.183105167227521237e-01,8.870664154552621028e-01,6.142304905998698938e-01,9.977947259470245633e-01,6.684843319339721368e-02,6.996866863988271401e-01,2.342810316944626547e-01,9.339020135426684410e-01,7.150428566422206700e-01,6.356366477302034523e-01,9.299577246888113269e-01,5.212454863289395224e-01,5.912359336100345697e-01,2.225144959047782867e-01,5.782153660107929305e-01,6.793055644178209729e-01,5.666669828547101773e-01,9.687989868741710975e-01,6.162783091102035371e-01,9.862536420604169907e-01,5.702724952037825368e-01,7.869941638934216943e-01,6.609129004706653099e-01,9.889331735896632614e-01,9.317003416736390209e-01,7.027659623226779617e-01,4.084912882974567339e-01,7.137629884100445965e-01,5.264485207616284024e-01,7.982818807242064718e-01,6.375423759415981273e-01,8.050457654236795602e-01,7.659854047199238236e-01,6.072889311685366609e-01,2.254154005194193566e-02,-7.323445891580476763e-02,4.662654848471695646e-01,8.968442707930096569e-01,8.291721475981455036e-01,3.310727200215456412e-01,4.721392411102735553e-01
9.287720767640984532e-01,8.590176129235691516e-01,9.652052476282874105e-01,8.930643122440397041e-01,5.582919061688772500e-01,6.473704189243406626e-01,8.526370244764176487e-01,9.373339872897586966e-01,9.950305552370297679e-01,9.811658109501760761e-01,4.948379540767867679e-01,7.630677315007292627e-01,0.000000000000000000e+00,3.392614802935984830e-01,9.957929822928461849e-01,9.254434368016499768e-01,7.365697135415021357e-01,6.434699195499170576e-01,7.815832272394166447e-01,6.542800710913651008e-01,5.789780612739054977e-01,7.698543688120946804e-01,8.158267957685240157e-01,9.977623365977216219e-01,7.354619222390736955e-01,9.471456814294297866e-01,8.133792190532276312e-01,-6.069138565374659899e-02,-1.883683947352396970e-01,4.300442078344809960e-01,4.406150318019343981e-01,6.002733266772888321e-01,9.865046137924468050e-01,4.596007610962354883e-01,5.073549010351436905e-01,6.301700147336128932e-01,3.324377250983951981e-01,5.542017126819563932e-01,8.745819350988804919e-01,5.780017046684570170e-01,2.460464029172308997e-01,8.984613749919873049e-01,5.438309618947674284e-01,9.047956048772127780e-01,9.900793054001094662e-01,9.743898786172832116e-01,8.018561952004896742e-01,5.265679782256575958e-01,8.662305788753550395e-01,6.900030245561364906e-01,6.552161127373788974e-01,6.229436086515108828e-01,8.530531962337650764e-01,9.055784047504957801e-01,4.492496697355835567e-01,6.062104463458388715e-01,9.574566335324421473e-01,6.591927833224883182e-01,9.280232587370509378e-01,6.192531833670026353e-01,1.346479385925361538e-01,9.499706704034356353e-01,9.490278669450479265e-01,9.855159953304695186e-01,8.905354414477293368e-01,7.603376528096427167e-01,9.838324339488422332e-01,8.795743465877875478e-01,9.314099472662940027e-01,6.140461608969935980e-01,7.271647822486109192e-01,4.485358783145180217e-01,3.092014963378746373e-01,5.635099817916406906e-01,6.663512215258329263e-01,9.406071227887630171e-01,3.422913026189421393e-01,9.509085013973976874e-01,5.085265294615867182e-01,1.695925689461445784e-01,2.760830975657485586e-01,8.624385536698083721e-01,7.188971307756466533e-01,3.883481210656407057e-01,8.730797951304068993e-01
6.875503220255686498e-01,8.182477431215928743e-01,9.235323484451468667e-01,7.749454389874986804e-01,4.177134983063276463e-01,8.640964375128755703e-01,6.744574203718669558e-01,3.241978936107557940e-01,7.608478961382136863e-01,8.047863213490643597e-01,9.286616057545710179e-01,8.066520399284549114e-01,3.392614802935984830e-01,0.000000000000000000e+00,7.666706090770001314e-01,5.321411907269402164e-01,7.897904229968162326e-01,6.062399889627774208e-01,6.208479417134468159e-01,9.132539577973961542e-01,8.650394538100141251e-01,9.945849674993936240e-01,2.722657450120529177e-01,7.577814272879812574e-01,7.638892799267429368e-01,6.108437925202370167e-01,3.075934689982344761e-01,9.203601721421819093e-01,5.908013354296117736e-01,2.801908181745907944e-01,4.663283334907445399e-01,2.710408038874944636e-01,9.239178524109228352e-01,4.644075169378815149e-01,7.514751771846165385e-01,5.987764500566018500e-01,2.360220071006842724e-01,7.388313845872177543e-01,6.184932090779096114e-01,9.831029255346370732e-01,2.650914203662332325e-01,3.124158372254910443e-01,7.172816175638651037e-01,4.951232493049031458e-01,8.923798358568009181e-01,5.257019853862923142e-01,8.047173639566960190e-01,6.383536782451482150e-01,4.303442028381793127e-01,2.018481106942139891e-01,4.662691704015416994e-01,6.207524505221885258e-01,6.112837019606824907e-01,9.375700762582322989e-01,8.830299000991113090e-01,7.677677774822208034e-01,9.003693591179166011e-01,3.164853148893290724e-01,4.700685160143169283e-01,4.401061615343063171e-01,6.883523257093756564e-01,6.898277170163416017e-01,9.239107323479489597e-01,8.398305527380756086e-01,9.357190918980448080e-01,4.400519145324107151e-01,6.742868226608460525e-01,9.748096631378894150e-01,4.887403865750177823e-01,5.923975882936740600e-01,6.465653876169661363e-01,5.164988390651493733e-01,6.301916789146345677e-01,3.980754945363805808e-01,4.250637644669311710e-01,9.736671416398666734e-01,7.504609677532132483e-01,6.437450740867305399e-01,6.537322034173012053e-01,2.788856126659191581e-01,4.837886601982387957e-01,3.216775018424842258e-01,6.112800610648980726e-01,3.885729219969820125e-01,6.545179066222537312e-01
8.425348090377560162e-01,9.542278455403129245e-01,9.287607811245833789e-01,7.171520560112804032e-01,4.227007402108006184e-01,5.220923941722425132e-01,5.551375801764579787e-01,8.559343275323453293e-01,9.471559577438494193e-01,6.578131949689685065e-01,9.690303301749373377e-01,9.274162486397726779e-01,9.957929822928461849e-01,7.666706090770001314e-01,0.000000000000000000e+00,7.232461068980026164e-01,5.376391164503208087e-01,9.097557436594900793e-01,7.495966273266454483e-01,7.446448541325516590e-01,6.871225957549502716e-01,6.660711245777688472e-01,6.286125701581769532e-01,9.752238124197378788e-01,6.970740226147382756e-01,2.463894210714174249e-01,8.170939634786446026e-01,9.461667305385000892e-01,9.499619819347157046e-01,4.685351916432735631e-01,5.538420748155219453e-01,7.869712442501817229e-01,7.691361336885831346e-01,6.195054305012136497e-01,4.366856548847743991e-01,4.425544535304588023e-01,7.151525694601770233e-01,8.726650430201292608e-01,-1.726784232499561367e-01,6.198621009274603022e-01,5.070449596657603530e-01,3.266464967406162989e-01,4.507438865756335789e-01,5.940201304831589368e-01,3.235795221646112774e-01,4.490037507282965690e-01,-1.084403527242420173e-01,8.509360252256517043e-01,6.230432307028379579e-01,9.742107659753213023e-01,6.687208142852567594e-01,7.218171400120020342e-01,6.302620613768989966e-01,7.036820500382933163e-01,6.000759691941019991e-01,6.033967585438958503e-01,6.882991725589503451e-01,9.027516914068695053e-01,7.438119843489935379e-01,2.656708706120186614e-01,4.889121470526565649e-01,6.610276479393711879e-01,-5.152566153225493495e-02,8.907629984537948076e-01,9.511584720270107596e-01,4.933127075413752949e-01,2.870466027839740919e-01,5.883529990580058655e-01,6.078273463904463325e-01,4.568374513003280457e-01,8.482879235980389510e-01,4.006176667436303629e-01,7.997978433953651933e-01,3.659966022449005485e-01,4.722398649055716824e-01,7.389569909554319915e-01,9.700957771588761824e-01,5.649389944218086157e-01,9.181201805836508578e-01,4.377884883996615017e-01,1.857454227038150552e-01,9.259676405461960691e-01,9.300728937979738653e-01,6.909688632763862914e-01,5.607148612128498577e-01
9.212561350720808173e-01,2.265069071065421991e-01,8.297264309226797252e-01,3.999275550363291520e-01,8.901500036714299346e-01,5.036209974768476316e-01,6.110137522987423297e-01,6.812671561025781530e-01,4.883235670817335783e-01,6.555322901297637728e-01,8.581522951488833595e-01,9.485337190296576626e-01,9.254434368016499768e-01,5.321411907269402164e-01,7.232461068980026164e-01,0.000000000000000000e+00,9.212314703161847973e-01,9.120128329915717647e-01,-1.266435581770338492e-01,8.911380254304079873e-01,7.288241252331520981e-01,4.625755612434796493e-01,8.011037243830527732e-01,9.405063441692074200e-01,9.025470327523830161e-01,7.434278977132404709e-01,8.609339667424291687e-01,7.546052695906193541e-01,4.899079759404847412e-01,5.404626619654449016e-01,7.675447391175175271e-01,9.292929602416954982e-01,4.524554990638416929e-01,4.876303257701858351e-01,5.118217835320770792e-01,2.987925113915069764e-01,5.021965336696171400e-01,3.015575306600184677e-02,7.972525899913298630e-01,9.808114456683894034e-01,8.022833982164664368e-01,8.566870151517270715e-01,6.251110872386981265e-01,9.322450451725371456e-01,6.348558356608909881e-01,8.602944633686099296e-01,8.744563118182804295e-01,7.964665907658856625e-01,9.591400472884186179e-01,4.578353470799849112e-01,8.480087325819957167e-01,7.990195385901277536e-01,9.107887812136117311e-01,8.023265376830162054e-01,6.149504757985397863e-01,6.734632147577097605e-01,6.552979031090370166e-01,2.726518354712582637e-01,7.129730752758577372e-01,5.381180557910587581e-01,2.073201696714709330e-01,9.724930670799654120e-01,8.701771609800103002e-01,7.838217847071482502e-01,8.771063620357993917e-01,6.673199155548922290e-01,9.448246480371564893e-01,7.632530003385546991e-01,5.146210070641531464e-01,9.936040553355576233e-01,4.806418985862375703e-01,5.947108983342355160e-01,9.359420487722617255e-01,4.037145951172713132e-01,6.138472614291264895e-01,6.383067802361587217e-01,9.191345342246205474e-01,3.562607265750432628e-01,6.667882856823699189e-01,4.088466003752398992e-01,2.276676896357942292e-01,5.370403878181702340e-02,6.145868301568083725e-01,4.004810837130738377e-01,7.932583790692951942e-01
6.747105130762206526e-01,4.305783258564636062e-01,9.588250919096952263e-01,6.762297790764079108e-01,8.251711620093225008e-01,7.017841067489858364e-01,9.286924917148186021e-01,7.342805761999147141e-01,6.600436441811797783e-01,7.867127523138079948e-01,5.303488657701322939e-01,6.824064333163586404e-01,7.365697135415021357e-01,7.897904229968162326e-01,5.376391164503208087e-01,9.212314703161847973e-01,0.000000000000000000e+00,9.038932579698933933e-01,7.618335465970258458e-01,6.265579569931478687e-01,6.510361037426541930e-01,6.808865357319326961e-01,7.944425449948770979e-01,7.942990216502137102e-01,9.779610166368458701e-01,9.173188649544966600e-01,6.173980571179579213e-01,5.159674682836019599e-01,8.108113130883651820e-01,6.230754246948634334e-01,3.012447669667180916e-01,9.099314730499025172e-01,7.462909954286859326e-01,6.257597754732898698e-01,8.543333310144178849e-01,4.553768616559886184e-01,5.575329065572001142e-01,9.986262020524045990e-01,9.504861417335445095e-01,9.297499261688169092e-01,9.548939017131125029e-01,6.527244899634059294e-01,8.535573543320597034e-01,9.685187673579109813e-01,8.686985418824663130e-01,8.013827697394986238e-01,7.322307060568042925e-01,9.748406599493475433e-01,7.810939779919312542e-01,6.479580825952709899e-01,8.864766114076235715e-01,2.879520607289855483e-01,7.032895701996330073e-01,9.955555591254556802e-01,7.069704711720249390e-01,8.252501058800219003e-01,5.241519923168601602e-01,2.474930302537961258e-01,8.928296652795935096e-01,4.203471959280488668e-01,9.972320171706647862e-01,8.863922277556997020e-01,4.263454603118526087e-01,8.829646474541953394e-01,1.010154249628967132e-01,6.121337132671864634e-01,5.628257690787739076e-01,9.492482810360622913e-01,2.927756111021028174e-01,9.349100237957274073e-01,6.042748348357093180e-01,9.885630456139888889e-01,4.779855750877333165e-01,2.461906287495810863e-01,4.020543926981168803e-01,9.705526724080820733e-01,2.317813316848261196e-01,6.441465567155421068e-01,3.711397099345964401e-01,5.153423395871733481e-01,9.594736380193665815e-01,9.444464478222110992e-01,5.152476485380497184e-01,2.955288861431912273e-01,6.837796902412437428e-01
6.489027150647056486e-01,6.678265783045564952e-01,6.995806618832877133e-01,7.999102379296223475e-01,9.620798842757434244e-01,7.153965103870004727e-01,6.992819728857001538e-01,6.233833818203707855e-01,4.088477689310358598e-01,4.273769526230223881e-01,7.760116302672548372e-01,-1.073010518710265648e-02,6.434699195499170576e-01,6.062399889627774208e-01,9.097557436594900793e-01,9.120128329915717647e-01,9.038932579698933933e-01,0.000000000000000000e+00,5.824020970453792634e-01,8.542887828050403920e-01,7.732953947412071205e-01,5.745411706265131091e-01,6.808565852943652130e-01,6.492864775606383976e-01,4.890609827239975615e-01,6.831172343244001910e-01,8.697824980683571683e-01,9.112491739644581479e-01,5.076179670909698460e-01,7.665873442076939215e-01,4.789699225966695950e-01,7.254792883741705278e-01,7.325309042311534125e-01,6.869620746882567630e-01,4.558364173167997468e-01,4.208653098610886101e-01,5.359498854071904628e-01,4.868877162730289032e-01,7.182324860388654697e-01,3.903720785369213520e-01,5.121080615225982458e-01,9.403039373429311620e-01,7.579192770909616295e-01,9.086236146619163234e-01,5.559135817796212464e-01,5.264305227819837674e-01,7.389608330285080129e-01,2.384492997887839860e-01,4.023944598955382368e-01,6.437347757150275740e-01,4.322819080712632100e-01,6.783652024248426615e-01,5.254002220366810194e-01,7.663199218457537043e-01,9.258410565316036456e-01,2.816937048819677103e-01,5.469355541436576873e-01,9.250898060502406040e-01,9.827875195886986992e-01,2.767106581222729123e-01,6.497316645264743507e-01,7.932207694683819366e-01,7.032419521289823283e-01,8.128314611445591753e-01,9.008637684283892222e-01,8.456464966586275667e-01,7.118750219747834729e-01,7.134936314958321146e-01,4.853882534320979047e-01,7.841826365665300891e-01,9.819114764258479733e-01,2.910564831694323340e-01,3.050359024894473414e-01,3.809485540143137672e-01,3.865586106214379258e-01,7.213478504650394640e-01,7.729594787588411897e-01,5.424961931335966492e-01,7.084554110553588080e-01,2.854948484627737870e-01,2.355151543561023741e-01,9.961396155866754087e-01,6.893929117468702295e-01,3.391434319976978085e-01,7.010562407092444381e-01
