0.000000000000000000e+00,7.960490857919462204e-01,6.443380285980156996e-01,2.513455553371417572e-01,5.354294062941709065e-01,9.475650679481028016e-01,9.889062761588942596e-01,8.748355612901772549e-01,9.956262160698444719e-01,5.234289910835575599e-01,8.597692281512726575e-01,7.623619644688141017e-01,4.702207301971277342e-01,6.340621993230554088e-01,9.991922475261236780e-01,6.211440303889742554e-01,6.291546916184461713e-01,8.594911123641328921e-01,4.288683738913183774e-01,8.428925474631878689e-01,9.230979647231155605e-01,6.890327492569428003e-01,9.885044384228210967e-01,6.974361684509011727e-01,2.273539435960158783e-01,9.710871604473695351e-01,4.174252499508770420e-01,7.029332813665621904e-01,6.245080342222194547e-01,5.646557914976955139e-01,4.759162301539574536e-01,7.295074791476158227e-01,9.430404243827469335e-01,8.523981018010436950e-01,9.365985847952138510e-01,2.953479356276712542e-01,3.391075090414506499e-01,6.815399315749665066e-01,9.372897320382493902e-01,9.089639302957708278e-01,3.150002766783991937e-01,9.010429567563970066e-01,8.434126501805730980e-01,7.706951622371041033e-01,4.761068599022829639e-01,6.862647477092810311e-01,6.514411470595879994e-01,8.792840952860742076e-01,8.424249674954388256e-01,9.853412994589957341e-01,7.804446111941161224e-01,7.828891139814010414e-01,8.728259233886737078e-01,9.227383657680765516e-01,6.039376261948422586e-01,8.262011671415375735e-01,9.521899423936344142e-01,7.395319919398504194e-01,5.980933333796619733e-01,6.403897084590733924e-01,3.260284478093594673e-01,6.269091132546668055e-01,7.940769933427286320e-01,9.478830098008356186e-01,6.319237226960949805e-01,7.055054471535276983e-01,7.712191013626499281e-01,8.633544959816296105e-01,6.098841892186239733e-01,8.635792719996466804e-01,3.692637177932187043e-01,8.310608635311308445e-01,6.049890708533937067e-01,3.541555035320907013e-02,8.930751648157532196e-01,8.237884624026362568e-01,9.058654325456390044e-01,6.557465249579474964e-01,9.475092643813773918e-01,2.668022590732169741e-01,6.768270477737095558e-02,7.255502767660710894e-01,7.585282951645389016e-01,5.000269655113968037e-01,9.878639489393948869e-01
7.960490857919462204e-01,0.000000000000000000e+00,8.595043219732958484e-01,8.848888041997945431e-01,6.873967132665010915e-01,2.897715792533998025e-01,6.796257027101585413e-01,5.561122861455105593e-01,5.915523561810018816e-01,6.954896113821147363e-01,6.139561626491446544e-01,8.650234557852388706e-01,6.799251289747602067e-01,6.171548462503440025e-01,8.589223937647161300e-01,9.581102069210112315e-01,6.931472149593639331e-01,6.330147111575983310e-01,8.101420224012970683e-01,9.734773300164951682e-01,7.407959515796600503e-01,4.188031197722773546e-01,5.624344769030195090e-01,9.685307228887849451e-01,5.699028205812334269e-01,4.072199107885903779e-01,7.580911444077332861e-01,5.505474024042387171e-01,1.324221267696387427e-01,3.891243544673519961e-02,2.631826682927680960e-01,5.811852142385099951e-01,6.786454798265980637e-01,6.957534293264793224e-01,3.717255303500495711e-01,7.625396558447550266e-01,3.277478329612615870e-01,9.086429676435058278e-01,8.046017167856889252e-01,6.936683698398153908e-01,2.651579913381853504e-01,2.883099748643550009e-01,9.926808275732312836e-01,7.565722342196042893e-01,8.468522311787143320e-01,6.578618645471846493e-01,2.248439983462345026e-01,7.684876669521132353e-01,6.015576868338604610e-01,4.740706901395102535e-01,6.304925964740650812e-01,8.462250851364017112e-01,6.302155092453823881e-01,3.532666555377242945e-01,2.126355222574811410e-01,8.835816936866970339e-01,6.139792145402341861e-01,9.590270752377144658e-01,7.783217832459048413e-01,8.454223838472221253e-01,5.887438454409023025e-01,4.909965087921726590e-01,4.686538405541610941e-01,7.133479764858875471e-01,6.198387050625480121e-01,8.184190538827618155e-01,6.921029796701881898e-01,8.095403119834689853e-01,2.869788401272797551e-01,6.393431135027547452e-01,7.344077178090674396e-01,7.976265181980350949e-01,2.117658709409082074e-01,3.728330888553784694e-01,5.022980027557228944e-01,2.243140411648633925e-01,8.235860055315704642e-01,4.376447299887963882e-01,5.354492786971550844e-01,1.702589661679387856e-01,2.657897132341414115e-01,8.039650693885899146e-01,6.129868052588249849e-01,2.647652400010624407e-01,2.794654349395530590e-01
6.443380285980156996e-01,8.595043219732958484e-01,0.000000000000000000e+00,8.210471278297619691e-01,8.822630079489028887e-01,9.682250602047269838e-01,9.144540382544681378e-01,9.348335867357847606e-01,9.094791638411302559e-01,9.650258614384226163e-01,8.698419347791284117e-01,7.420859210132001449e-01,9.663164800510675168e-01,9.701477849121139529e-01,8.579454154696845025e-01,9.833131169696078810e-01,4.897861972959647869e-01,8.033268052434798800e-01,6.234806815428789450e-01,4.298002002798876342e-01,6.697000782351310022e-01,6.328267728331329334e-01,9.240424378387391835e-01,8.008228599556158622e-01,8.196980895945386036e-01,4.073752967495992694e-01,5.320591319901295524e-01,8.079594438544067669e-01,9.794401066059106320e-01,2.973830891329268811e-01,6.920439565326432785e-01,6.738802127163984190e-01,9.102075015987292073e-01,2.205067391303325020e-01,8.766636628391345498e-01,4.892077847316733119e-01,3.262034554337887027e-01,8.808877491601995180e-01,4.216403187664982677e-01,4.248118693143804192e-01,9.828721984302365433e-01,7.674675895616160926e-01,8.097647976540229831e-01,6.731660574940663277e-01,8.976008417995471333e-01,4.730560135309928582e-01,3.292043119031935472e-01,8.600795882393220682e-01,9.730327663395983429e-01,7.246228325855564867e-01,6.367767514734657963e-01,8.124180951635646686e-01,8.886358399916691742e-01,6.938956474858664070e-01,8.660933505892075557e-01,4.927564631015881602e-01,8.521962795662911816e-01,9.906458407041149883e-01,9.049937635336463559e-01,6.195678676782717664e-01,1.190139964974140929e-01,5.331464987593153015e-01,7.595933674867183516e-01,3.118843049888171404e-01,4.620481766075965058e-01,6.043378405434617351e-01,4.395913396713429511e-01,6.466749022796463020e-01,3.273403331118653892e-01,6.431868353905411118e-01,3.246477221768400562e-02,9.477141799149673140e-01,2.405876918415830179e-01,8.621595759682512128e-01,7.114389787326126369e-01,4.761759631776127377e-01,2.938407981669288911e-03,9.335095970625000295e-01,7.908058645688101906e-01,1.762391329105917337e-01,8.689713857991889778e-01,6.029626168758722704e-01,8.133697969126375549e-01,8.543642735300067681e-01,7.924499005878445912e-01
2.513455553371417572e-01,8.848888041997945431e-01,8.210471278297619691e-01,0.000000000000000000e+00,3.145491920061248003e-01,8.422500094276315075e-01,4.095067131085929901e-01,6.870953767731136086e-01,8.248903174222779189e-01,4.193807848124512239e-01,9.633564881789423717e-01,9.514323021552427706e-01,7.136471914779469738e-01,6.352805513707676655e-01,8.107756892664315096e-01,4.522881350566728131e-01,9.826415705713827942e-01,7.588950064025745679e-01,6.269445473808434866e-01,6.274689625936874515e-01,9.738945724374434842e-01,4.814478323109973590e-01,8.933298067466328707e-01,8.961008915063161107e-01,4.831442582436040745e-01,7.484585621037096459e-01,6.679765375019875995e-01,9.053641870721284013e-01,8.868386553371395697e-01,5.088202892793066701e-01,3.867079888116674580e-01,4.357916277779962377e-01,6.569266785016455446e-01,8.470675800198509409e-01,8.082236895110410657e-01,1.051941389546201117e-01,6.728868710184230384e-01,2.580893359757975847e-01,6.201600598991395819e-01,7.918706326410012153e-01,3.566303246517883441e-01,7.661229966173236372e-01,8.681543125044728360e-01,8.127844834532367280e-01,8.753426448654069159e-01,9.910477228757454959e-01,4.229252406521019636e-01,9.996691659263999830e-01,6.978966636032778448e-01,7.068602025668985211e-01,6.049798986761666386e-01,2.538728314218657300e-01,8.377053258881760334e-01,6.299656576003372921e-01,6.991563484238063619e-01,8.954833796909656973e-01,7.060507043540321659e-01,8.951897392937085973e-01,7.832851816287215163e-01,2.742594628100851750e-01,2.513414810968346291e-01,8.997428766188599880e-01,-2.576782482601529534e-01,9.597396961428530382e-01,4.725809948841980246e-01,9.084460267562168845e-01,9.864655482514811391e-01,8.085135210429701402e-01,5.468643620731147292e-01,8.630222497509740798e-01,8.850266854707852238e-01,7.149210892762254410e-01,9.223046213205428057e-01,5.635086431897882164e-01,6.099071309915741201e-01,-3.443285353388614300e-04,5.012855006283550852e-01,6.107256867764228048e-01,7.370736687352926753e-01,4.457555560874122969e-01,6.164203270641385179e-01,6.283126100961959892e-01,8.162080987558615330e-01,2.589959006951131348e-01,4.511564639615613381e-01
5.354294062941709065e-01,6.873967132665010915e-01,8.822630079489028887e-01,3.145491920061248003e-01,0.000000000000000000e+00,5.359051885239647373e-01,5.123272773074386555e-01,4.618427377588523730e-01,9.259912813357347172e-01,7.625087692161275355e-01,9.198692678027641234e-01,8.706042677789499473e-01,9.078629273642944142e-01,5.549473316219331043e-01,7.739045188195190494e-01,9.747750232068751464e-01,9.675885013486493769e-01,7.271316036822179640e-01,8.291812543997859608e-01,9.244201550033662729e-01,5.184438415064729355e-01,8.787602698004195467e-01,9.698150794727178337e-01,3.145153960571253071e-01,1.847276818401642762e-01,9.480909627804307016e-01,8.613222465442225140e-01,7.419762665988993700e-01,5.240800566915633230e-01,2.678681021134030615e-01,2.191014537196588896e-01,4.073268079887097937e-01,3.054055324403825433e-01,6.671285918989637853e-01,8.256518158675326680e-01,4.455261008314786997e-01,6.850199968640616754e-01,6.020744221541027841e-01,6.390287053021508346e-01,7.127622088229168540e-01,5.557905221735616186e-01,9.787834220079816294e-01,3.833898545732057350e-01,6.485596932609846155e-01,7.472912084911749186e-01,6.692456737788270438e-01,9.884967218269802292e-01,3.003492910398372073e-01,5.122857575484671688e-01,5.924792121119880628e-01,5.111857066543759043e-01,5.129383159422392646e-01,4.182200749808276385e-01,6.427889198604931353e-01,9.923365364229497221e-01,8.394896184208128220e-01,6.670928728584833989e-01,6.993987011294557909e-01,7.769909521987331535e-01,6.868190783935561594e-01,6.758856266740637109e-01,7.477023156875933774e-01,2.053767047572439830e-01,2.932126318529173492e-01,8.639684680661259275e-01,8.070018316882514586e-01,9.739955140536744604e-01,7.435057446391671876e-01,4.708600730345938734e-01,2.162315791299059542e-01,8.696551352517163380e-01,6.313735252192282932e-01,4.361560736178760611e-01,7.120822804467533684e-01,2.915772891967885125e-02,7.725706124955653564e-01,9.165959801160433740e-01,6.491582252208363268e-01,3.304971166585097819e-01,5.921994256175400206e-01,4.712409638501424691e-01,8.981323878079091605e-01,9.734670624922286963e-01,4.493148447686972635e-01,6.945532460016166088e-01
9.475650679481028016e-01,2.897715792533998025e-01,9.682250602047269838e-01,8.422500094276315075e-01,5.359051885239647373e-01,0.000000000000000000e+00,7.815301436968586923e-01,6.613730220697890960e-01,7.326318782147822617e-01,2.056505076861075976e-01,5.036148187942027787e-01,7.010370524610410881e-01,6.035245649523213185e-01,8.820535698082305753e-01,3.518039077487797317e-01,4.019234160839453285e-01,4.453518723911489841e-01,8.863099036696772126e-01,7.888197469613418278e-01,7.020259838746882863e-01,9.485642418405968446e-01,8.718223657022876605e-01,7.172972617068898993e-01,8.147654520984283222e-01,5.889918549318253760e-01,4.493233598749706847e-01,8.894372004774447893e-01,6.473314989867035019e-01,2.598376564597169591e-01,7.961133501159307901e-02,3.019885828122557681e-01,2.881697477509023164e-01,9.077515510432161427e-01,5.585784835711238294e-01,4.251803187944255824e-01,3.165479191112740009e-01,5.070949448063303278e-01,4.147590428995716616e-01,6.159038895839281658e-01,4.451599237435674428e-01,4.461702187138391063e-01,5.623367657352558169e-01,9.754895940752661421e-01,9.815388284357635662e-01,7.711281480274285727e-01,6.685443071179155705e-01,7.952907247228950816e-01,8.234638143069231697e-01,7.768888082606985046e-01,9.614947684939139094e-01,7.229558552091044366e-01,7.130203223063812379e-01,7.863391101473141687e-01,7.460138145062048531e-01,8.125737043151676220e-01,4.525016589311408599e-01,9.934217494225778822e-01,5.291243474957574300e-01,8.029371433015305426e-01,7.208536886069882854e-01,5.027107394338246049e-01,4.955380030234208810e-01,7.306736743919355348e-01,9.291897272330175150e-01,6.149563018780440649e-01,1.784534795046082978e-01,8.691509313459429009e-01,5.338235987211050748e-01,6.267943018772871300e-01,5.306565765010434754e-01,8.276276911534679037e-01,7.889820754967658001e-01,2.647540184706995703e-01,4.851237402509955832e-02,7.047588748289990157e-01,6.943461269627385635e-01,8.622055756845935504e-01,1.013353096475040349e-01,4.161267628615758496e-01,7.000623164580007662e-01,7.371132882127595654e-01,4.075380621618194255e-01,9.031794001502887470e-01,3.698600808616969715e-01,9.531020950561180927e-01
9.889062761588942596e-01,6.796257027101585413e-01,9.144540382544681378e-01,4.095067131085929901e-01,5.123272773074386555e-01,7.815301436968586923e-01,0.000000000000000000e+00,5.205551789321923861e-01,6.247840325058627853e-01,6.269166045233847129e-01,6.309374960999208914e-01,4.032498772013370369e-01,5.934755462968739348e-01,9.583134697608959307e-01,4.347961768528790238e-01,4.185196699560859712e-01,8.151109114108554543e-01,3.270667210017036419e-01,6.256758631449795827e-01,8.411148189549364496e-01,7.195713747293921436e-01,3.428643159246136385e-01,9.117030006906928774e-01,8.326953464217858869e-01,7.220281976927593881e-01,5.122306349917854496e-01,4.416042191798168481e-01,3.029555958057094101e-01,7.551328759791609002e-01,6.364325914585882149e-01,5.168197768675325543e-01,5.019902586652846832e-01,3.511673795631570227e-01,6.415084459152613494e-01,6.163731119791442392e-01,5.912602917296406746e-01,3.796169861679346558e-01,3.998052409054023704e-01,8.347612396863474116e-01,5.507193181342755484e-01,5.847262438949236696e-01,6.108671593810847122e-01,7.272159592278567564e-01,4.102121793973584896e-01,7.869858315610224198e-01,6.539930922544348046e-01,5.719067639271193659e-01,5.836707681960574545e-01,7.040754565502076456e-01,5.992287580620487830e-01,6.835833620742546302e-01,-9.589624871302881992e-02,9.088346511523981430e-01,7.244275679633446208e-01,6.099770171390530571e-01,6.555331700130214712e-01,4.620005055292824014e-01,3.640351609742832339e-01,5.819744263127415440e-01,3.339733579704177169e-01,7.853390362507681743e-01,3.019041967881341826e-01,2.854846470862977825e-01,5.636318393444904595e-01,9.061294222871457693e-01,5.516830176101454875e-01,4.650961872916434259e-01,9.013958274580959884e-01,7.370341143842484843e-01,4.837121821585752546e-01,2.687762561530873118e-01,6.237914471759467006e-01,4.683504425504365631e-01,5.375175880968918740e-01,4.348537269033141972e-01,7.764005766436300471e-01,8.980352638631240447e-01,4.988566483157880760e-01,7.020423744557603429e-01,3.596863446639892992e-01,7.108935051306105590e-01,6.631239803360559071e-01,6.527171257822401707e-01,8.606074690926770465e-01,6.572828231168407198e-01
8.748355612901772549e-01,5.561122861455105593e-01,9.348335867357847606e-01,6.870953767731136086e-01,4.618427377588523730e-01,6.613730220697890960e-01,5.205551789321923861e-01,0.000000000000000000e+00,4.691832102601141696e-01,2.235108936041816929e-01,7.270790365616174311e-01,4.090252542714907791e-01,6.393924620169054718e-01,5.660490986080151110e-01,6.526237961065152193e-01,1.485275191837064634e-01,7.574097508730404105e-01,5.220220886634423518e-01,4.387594654215941081e-01,8.617389716370248420e-01,3.278946785258581853e-01,3.982385352280272683e-01,9.548623787447092504e-01,9.190524891002943564e-01,7.951425362544680686e-01,7.786704496613188198e-01,6.578913237661961899e-01,4.768870854229536604e-01,5.006556483952215864e-01,5.721430469584725120e-01,3.710174118878339367e-01,9.540160774665045196e-01,5.986802448478107941e-01,6.121583825943501811e-01,9.468632471235471915e-01,4.175209601931441639e-01,6.284361919621149761e-01,7.817279953111148094e-01,8.183015831923569072e-01,3.972722375947089768e-01,4.743224101844899510e-01,8.295925985226254573e-01,9.515673201352752297e-01,6.720905822199864099e-01,9.048609523523274412e-01,3.868606051925250755e-01,2.151217133954414218e-01,4.355687223805794206e-01,3.663356427884275623e-01,5.138253652655955239e-01,6.371117691754062395e-01,6.611688375387146932e-01,2.079337067156548646e-01,5.887058552996260463e-01,9.350581034377142275e-01,7.235089438308910381e-01,6.891819526476671287e-01,7.174922151030010964e-01,8.893640477074926665e-01,2.398586835615824642e-01,5.030820898677798025e-01,6.873886636691080021e-01,6.702996324747318990e-01,5.562011261700812170e-01,8.013302785032655473e-01,7.559794349285574588e-01,5.075329406946282873e-01,7.349395950228488905e-01,2.373447091561297628e-01,2.574158621526592139e-01,7.783986195056593616e-01,4.427693401588564948e-01,7.870312141113720017e-01,7.920237009969662845e-01,7.996399785371790525e-01,6.226051146452827867e-01,5.201680415518488143e-01,6.611194407674093609e-01,5.820135275988993495e-01,8.657523989157576982e-02,9.334240986414062968e-01,7.511396479622718392e-01,7.770139090481570365e-01,6.636935353668858006e-01,4.207555996484915184e-01
9.956262160698444719e-01,5.915523561810018816e-01,9.094791638411302559e-01,8.248903174222779189e-01,9.259912813357347172e-01,7.326318782147822617e-01,6.247840325058627853e-01,4.691832102601141696e-01,0.000000000000000000e+00,5.247697843698926334e-01,9.991539503478737982e-01,1.630756926330891587e-01,6.580540336059554907e-01,6.441067504710392688e-01,5.130916184916739509e-01,8.092491235414839279e-01,5.324576335036613761e-01,4.372251577839529890e-01,6.117075859528207094e-01,9.979790285617551326e-01,7.225747732432569181e-01,6.538272460093851324e-01,9.009749086871118307e-01,8.212384727927698469e-01,5.098520560025729953e-01,7.557248363033725047e-01,5.070714657874022535e-01,4.536661773445207491e-01,5.879834219716804089e-01,6.498109374732128352e-01,5.262946102232947121e-01,6.154680188684867881e-01,9.046264653699436220e-01,6.455089209131609218e-01,9.840535424202336845e-01,5.471414141954993315e-01,5.872844743868541606e-01,7.422669285626585234e-01,9.921793678234001046e-01,8.924420638296457486e-01,3.117926061765015078e-01,9.403461853018491023e-01,8.050719921067657214e-01,6.259486091841425237e-01,6.647820986089805206e-01,9.837567698492002410e-01,8.082647826925092316e-01,4.364922230504528766e-01,4.847383865677815651e-01,4.806943184262501001e-01,4.352319235311686851e-01,2.580998431947011951e-01,6.077447613897973833e-01,6.143799453493026252e-01,8.848844308739721720e-01,9.416836396954472166e-01,7.304783682461147842e-01,7.410400660082868685e-01,9.504675297779239251e-01,5.727087263581965848e-01,5.785198594496032687e-01,7.935845599034209163e-01,3.716153524725588908e-01,6.124660110251921585e-01,9.366168706736770488e-01,7.527147407306624682e-01,6.116385887009621047e-01,9.086036548418212622e-01,-1.024058081451169055e-01,7.172489981969784045e-01,4.542223563328204317e-01,2.020947891443218916e-02,3.423877021988590980e-02,5.687150592551390993e-01,4.133388796309019342e-01,1.387325456011739844e-01,9.199265492867083616e-01,4.170873702780976133e-01,5.589265203829655304e-01,4.801001693850127650e-01,8.988985486624280208e-01,6.681959906303454044e-01,8.162009819779825204e-01,8.135805349045620305e-02,6.486610518278969062e-01
5.234289910835575599e-01,6.954896113821147363e-01,9.650258614384226163e-01,4.193807848124512239e-01,7.625087692161275355e-01,2.056505076861075976e-01,6.269166045233847129e-01,2.235108936041816929e-01,5.247697843698926334e-01,0.000000000000000000e+00,4.358103735986580962e-01,6.253564295428836184e-01,7.627334044019966619e-01,2.448608828149036465e-01,9.338909069397716145e-01,9.024980132997881821e-01,5.928834515878510514e-01,8.479506804324029590e-01,8.546129266325995788e-01,8.581888984679232335e-01,6.137257003072914552e-01,5.391167024160734567e-01,5.056939642317415107e-01,8.963939974412580280e-01,7.890674322435444754e-01,6.004811551709317019e-01,2.250985497271716373e-01,5.320817098594647909e-01,7.665440949862774023e-01,3.794719878128708368e-01,2.855043718161652255e-01,5.190391624038090956e-01,9.255107162026650069e-01,6.261913152379532388e-01,4.893497811176558132e-01,1.834277388673258846e-01,4.447178577857766046e-01,4.586480452157885579e-01,5.443717197213513437e-01,7.644646039387448244e-01,2.989497687237870904e-01,2.125773742513106801e-01,7.061168986641086498e-01,3.679408159379571504e-03,7.023811096985186353e-01,6.186624146261486823e-01,6.636616395765635446e-01,7.638087110456670548e-01,8.534243048504246421e-01,7.408202454094587885e-01,3.931415015829219373e-01,4.593324655397564849e-01,9.505665719611575692e-01,4.853975632404704532e-01,6.719081390213503813e-01,7.415245360965355692e-01,8.345877486743820128e-01,9.651559323966388826e-01,8.604542402326719186e-01,5.569919794628999110e-01,6.796127445942630185e-01,7.169550306740185563e-01,5.432482375674085873e-01,8.373447829486849736e-01,8.125373573407063121e-01,3.664920662808927587e-01,3.030727877178761576e-01,8.619835230990400277e-01,5.542193853755951194e-01,6.159843206181593311e-01,5.823223967762161113e-01,6.844900021341874252e-01,3.211188214966487764e-01,7.154032720933222178e-01,3.509369636014457727e-01,7.688635910820796893e-01,4.701469606531574752e-01,9.378351473911060721e-01,1.292485100471954529e-01,3.232976617419170418e-01,5.546414825666825532e-01,7.644221617749238362e-01,8.387879176763872735e-01,5.438975828323139305e-01,8.372710940083021303e-01
8.597692281512726575e-01,6.139561626491446544e-01,8.698419347791284117e-01,9.633564881789423717e-01,9.198692678027641234e-01,5.036148187942027787e-01,6.309374960999208914e-01,7.270790365616174311e-01,9.991539503478737982e-01,4.358103735986580962e-01,0.000000000000000000e+00,8.983319610853823800e-01,8.936610698378000261e-01,7.345290873573575574e-01,9.817878388907653742e-01,9.100861365342083342e-01,6.071408982411892197e-01,4.962353442944314463e-01,6.869891521982413041e-01,6.629271318501908095e-01,6.819188436039518297e-01,6.655768223264537653e-01,6.240416098483710927e-01,7.597217880392749256e-01,6.437839684347079761e-01,8.959331849072826870e-01,6.524126985643149412e-01,9.863156442805391944e-01,6.878552413160913259e-01,6.987594836222298100e-02,7.267366684367753127e-01,4.432316665596464644e-01,3.017273611692083968e-01,8.479964857203833306e-01,5.885738462091846257e-01,2.125244158192885757e-01,4.202787379918399568e-01,9.241569655703459896e-01,7.934073037518856175e-01,9.486452968837744137e-01,6.018297010059886487e-01,8.490186941323730752e-01,7.735891235215367479e-01,5.243212584226426554e-01,8.857707579500958550e-01,9.052330032518466352e-01,3.590321182131849254e-01,6.631559676900765643e-01,6.409600637700205716e-01,8.705814812434562455e-01,4.072768142851940221e-01,3.824806814466097937e-01,5.333188635646710640e-01,7.280307234742506850e-01,9.717550971672962445e-01,6.778340726735511135e-01,7.512144740256687658e-01,5.207907776024068847e-01,8.617695025025099431e-01,6.361489928506556257e-01,5.296630271705925486e-01,5.082813914260045918e-01,9.622957036781927265e-01,3.344670403922729296e-01,7.336238339541331088e-01,5.766406427361379095e-01,5.648204196307002878e-01,7.107946076007805036e-01,4.810681032147536840e-01,4.687692791173956319e-01,8.430277366116809556e-01,9.429875384541437644e-02,2.028739030245798602e-01,4.475609407012903218e-01,5.144284576028672618e-01,2.992452598405859199e-01,7.383054545905375354e-01,1.478511782274225250e-01,2.568543036969952453e-01,4.704555696816824506e-01,6.922014432545940954e-01,9.558307120287945491e-01,9.381385500409188394e-01,-8.503474368048966059e-02,5.419489369288492675e-01
7.623619644688141017e-01,8.650234557852388706e-01,7.420859210132001449e-01,9.514323021552427706e-01,8.706042677789499473e-01,7.010370524610410881e-01,4.032498772013370369e-01,4.090252542714907791e-01,1.630756926330891587e-01,6.253564295428836184e-01,8.983319610853823800e-01,0.000000000000000000e+00,5.298481336370415296e-01,8.772443766435609191e-01,6.159831667297832603e-01,1.954693533869707733e-01,7.136674857009694950e-01,7.205491779347323877e-01,7.879485433023840635e-01,7.381068131291729228e-01,9.720273816066388184e-01,7.203529437793702028e-01,6.569273209944614944e-01,7.398890205468819925e-01,9.890544867722882438e-01,7.800594450618584252e-01,7.315621009686101850e-01,7.916718259476864805e-01,2.050835905782092961e-01,6.603532209723438351e-01,6.543518078224137557e-01,5.177715627505677931e-01,6.223937143159998797e-01,7.131413418859297026e-01,3.834457987193312656e-01,4.505480694468747549e-01,2.455216992093607609e-01,6.308974109513283413e-01,9.419645723486501643e-01,7.453189081180837672e-01,7.128966849561971797e-01,7.340028002499388027e-01,8.048361145836617769e-01,9.173451660311535694e-01,7.042831866044092504e-01,5.026399116209895324e-01,9.720092379438928232e-01,8.908999014076994793e-01,8.618841427344310357e-01,5.376510244515728676e-01,6.226996641749452666e-01,5.351011877678231166e-01,6.381288019989437288e-01,5.401348988990746225e-01,7.532091303941489402e-01,8.399976639582555915e-01,9.887129810574741828e-01,7.368908794703846743e-01,9.557438523932283436e-01,3.148278283764188168e-01,7.465613550439244017e-01,7.180490210389610661e-01,4.049152707640167881e-01,9.183354583236110757e-01,9.007566217538960363e-01,6.819681696050244879e-01,8.408470004131131104e-01,4.206398778760631618e-01,5.468710183498424193e-01,5.912881367154222412e-01,9.113008491417029511e-01,6.153557455633287265e-01,6.842933877650480001e-01,3.926296237612607598e-01,5.686882501307883864e-01,2.323986141952479878e-01,9.711516518366414275e-01,6.026479643437054889e-01,7.960063747384211741e-01,8.241125483760110282e-02,4.986855236018560289e-01,7.881496454276260000e-01,9.416448094255455148e-01,6.534467760851906393e-01,2.004613686185336419e-01
4.702207301971277342e-01,6.799251289747602067e-01,9.663164800510675168e-01,7.136471914779469738e-01,9.078629273642944142e-01,6.035245649523213185e-01,5.934755462968739348e-01,6.393924620169054718e-01,6.580540336059554907e-01,7.627334044019966619e-01,8.936610698378000261e-01,5.298481336370415296e-01,0.000000000000000000e+00,6.157973837028563047e-01,4.292498274110814749e-01,2.835579743182600199e-01,6.213111000583588783e-01,9.594518327678828173e-01,9.209282046970469482e-01,4.833883308062338346e-01,7.284987734080582422e-01,2.988427862920297814e-02,5.365753198966800586e-01,8.908447416886042802e-01,8.773368381507917757e-01,7.800216160855886205e-01,4.156852234446444805e-01,9.262420138648871371e-01,5.682138659616237097e-01,7.251849147166971044e-01,4.124760653387733456e-01,2.557976340353452782e-01,8.967546368397930623e-01,6.977318134799628258e-01,7.130113870714511748e-01,2.548300101781102445e-01,7.747551437539669239e-01,7.608003268236603889e-01,9.678049470190853709e-01,9.691804438487132689e-01,7.746742184841268752e-01,7.075359643877765503e-01,6.661147191310201610e-01,8.459260774259561577e-01,5.252013812887177391e-01,6.922888268430481551e-01,4.625874104959153410e-01,8.112865210023163798e-02,7.126346721869981637e-01,7.981233056094607647e-01,8.116184579959362377e-01,9.151441337846791813e-01,6.983022721130347499e-01,9.780725794568371212e-01,4.854530175000588144e-01,9.718028385470962593e-01,8.312220810291353068e-01,8.930860928188597558e-01,9.189576411916786647e-01,1.250443876283610922e-01,3.830385474817167846e-01,7.921750493726178455e-01,7.975558251280204791e-01,8.136690820282369563e-01,8.205574693031207900e-01,6.947402342091552052e-01,2.527097173855757384e-01,8.985251391751791772e-01,6.443784035644315455e-01,8.261883655854568298e-01,9.238887722086476240e-01,4.546015111305112266e-01,6.341959154961847034e-01,7.946297331175561363e-01,5.828024394521498230e-01,8.624066497125647546e-01,9.491300596958208713e-01,6.672961684062972409e-01,5.140925468289366806e-01,5.922083957254926645e-01,6.719185460146906985e-01,5.529742525794494323e-01,7.267419631950660097e-01,8.671869551219212324e-01,4.371914783937279614e-01
6.340621993230554088e-01,6.171548462503440025e-01,9.701477849121139529e-01,6.352805513707676655e-01,5.549473316219331043e-01,8.820535698082305753e-01,9.583134697608959307e-01,5.660490986080151110e-01,6.441067504710392688e-01,2.448608828149036465e-01,7.345290873573575574e-01,8.772443766435609191e-01,6.157973837028563047e-01,0.000000000000000000e+00,8.402253400731819477e-01,7.227217369072348463e-01,8.255826240273618222e-01,9.152371177102700539e-01,9.967502180696375946e-01,8.757351266671079548e-01,9.810562800018098883e-01,6.629864760642447674e-01,7.433293550927402293e-01,6.590195448188145289e-01,5.511123579477816836e-01,9.126098892319033373e-01,6.600235956397629833e-01,8.537034415049954417e-01,5.714812743859439825e-01,7.819608157219478661e-01,5.333148575950734660e-01,6.362689473667677564e-01,8.061478748782079373e-01,8.404591436943078531e-01,4.647055904465853260e-01,3.974283217232809085e-01,3.936259601778702155e-01,9.388113504306812018e-01,9.352732759686167574e-01,6.307000385458156888e-01,3.767141475240549930e-02,7.775831485289894651e-01,6.380057551157299889e-01,4.097425687770858138e-01,6.461808363407763878e-01,7.832887557083469954e-01,6.907661612507131066e-01,6.767770523715970210e-01,3.793332042418774419e-01,7.198631785956910445e-01,7.574186675662947232e-01,7.538316994463337695e-01,5.736551219909108434e-01,8.797876925127936509e-01,6.208810625467571231e-01,8.875691202516329259e-01,9.154558275657613819e-01,8.137961133335238628e-01,2.768440724296125088e-01,7.529554618290775769e-01,4.691357245639704576e-01,9.023858356768736932e-01,2.939320949170676212e-01,7.870978262749822596e-01,4.176111373238521884e-01,4.393839078229790918e-01,6.766387806855662657e-01,8.463484388456935514e-01,6.801068898557327547e-01,9.852841364322845186e-01,9.400814066201839125e-01,-3.843043263597115122e-02,3.535471125366158041e-01,4.288309153121812600e-01,4.257331026595077561e-01,9.749204234953794401e-01,9.246352838621760828e-01,9.458927510132099092e-01,5.960812323357655984e-01,3.355823713627859028e-01,6.215291747237249309e-01,5.257591792331096636e-01,7.747292562835286223e-01,5.812868906769544930e-01,4.999835567559509641e-01
9.991922475261236780e-01,8.589223937647161300e-01,8.579454154696845025e-01,8.107756892664315096e-01,7.739045188195190494e-01,3.518039077487797317e-01,4.347961768528790238e-01,6.526237961065152193e-01,5.130916184916739509e-01,9.338909069397716145e-01,9.817878388907653742e-01,6.159831667297832603e-01,4.292498274110814749e-01,8.402253400731819477e-01,0.000000000000000000e+00,8.864354369239809683e-01,7.199703786075590806e-01,6.904193986514299830e-01,8.493169287111972388e-01,6.797144468942474260e-01,9.506751898018271918e-01,6.120613235641104710e-01,5.613947812673402149e-01,4.729423701650525835e-01,4.881784954673400456e-01,4.846979951429997158e-01,9.942175993299517955e-01,7.051708802510686658e-01,5.206402740895289538e-01,3.814978663640377077e-01,3.892452065132255834e-01,3.851882122935632591e-01,4.340590822703446761e-01,3.719222341399905929e-01,5.891921891376847853e-01,8.319491480763625546e-01,5.412665709595331220e-01,8.921287452541890595e-01,7.431885718824645659e-01,8.812295387011646053e-01,7.829460235007382751e-01,7.111624685563799897e-01,9.372666988107337671e-01,6.961723310011681543e-01,8.526671346072244306e-01,4.892668605550176131e-01,6.663698899142046495e-01,6.009556111026537195e-01,5.512475206111858705e-01,7.990460046571392638e-01,5.181897950355166538e-01,8.983218433644032386e-01,3.243813769613304032e-01,5.689362629642135127e-01,6.375727656530395526e-01,8.015401246153097681e-01,7.280120550784833222e-01,8.413178549394904060e-01,9.340616151409187884e-01,5.460696569772520714e-01,5.301414753590436568e-01,8.393640825204919942e-01,5.073260202492273496e-01,9.451638518154216184e-01,9.107079438877251354e-01,8.481606197249257351e-01,9.419621140758840383e-01,7.414958779440319336e-01,5.497669031928565930e-01,4.525357178342044318e-01,7.074287222882356119e-01,6.810295678722728674e-01,5.285227287647521477e-01,7.654269862628343413e-01,8.297586954133258086e-01,7.733403423468354632e-01,8.257600804333552480e-01,2.207753746355143876e-01,1.893377112657234074e-01,1.371010130614489786e-01,5.788903719013813731e-01,2.978555893752906081e-01,6.867163257592016068e-01,4.548959589620308885e-01,4.488963724802232380e-01
6.211440303889742554e-01,9.581102069210112315e-01,9.833131169696078810e-01,4.522881350566728131e-01,9.747750232068751464e-01,4.019234160839453285e-01,4.185196699560859712e-01,1.485275191837064634e-01,8.092491235414839279e-01,9.024980132997881821e-01,9.100861365342083342e-01,1.954693533869707733e-01,2.835579743182600199e-01,7.227217369072348463e-01,8.864354369239809683e-01,0.000000000000000000e+00,5.287615029642869224e-01,8.332568941044468103e-01,7.565949803809408625e-01,9.165057268566211279e-01,6.068571242849166714e-01,4.023235938217388785e-01,7.855282284010109972e-01,5.290515101433119760e-01,7.422508099135654014e-01,6.503384978042869857e-01,7.695581501374730848e-01,8.684140171964148669e-01,5.025422373033223700e-01,5.329673555129261775e-01,1.502049575239067236e-01,9.377201733107816128e-01,7.458617232294101340e-01,9.895451458885587415e-02,6.943592580079828158e-01,7.398362109140016463e-01,7.378354754972877849e-01,2.166536720412784445e-01,5.155685314939978392e-01,7.930291556194981606e-01,5.908724608081517005e-01,9.991706073176611635e-01,8.982982072682247354e-01,8.361458694966246163e-01,4.139858825938422804e-01,7.677587233370108954e-01,4.784923852753931173e-01,5.399317466270352472e-01,3.471543306270495899e-01,8.824184674748363211e-01,8.131309457717711409e-01,9.056066328926116737e-01,9.304592737064212304e-01,8.494717562971400016e-01,8.725012033083759944e-01,4.963273210597728968e-01,7.293467607332164704e-01,9.226327431760560360e-01,8.525007215892163037e-01,4.917142252972012684e-01,6.806470992537507758e-01,8.867023268991585105e-01,8.026543124537199869e-01,7.673715628561725843e-01,8.944457474709567313e-01,3.686286199878809899e-01,9.800780412896985538e-01,9.281517254568762976e-01,6.867107601015839391e-01,-3.874028388014600366e-01,6.486081734305721991e-01,2.298601558749390761e-01,7.550672061143414160e-01,7.298262474767651664e-01,7.169464887504231054e-01,2.281168010315577643e-01,4.274703757929372294e-01,7.000224784772600684e-01,3.539748574332167719e-01,3.289972980002265901e-01,8.699719964224615909e-01,6.489627443712878696e-01,2.791792655509368615e-01,6.090602449901673099e-01,8.379348796656345133e-01
6.291546916184461713e-01,6.931472149593639331e-01,4.897861972959647869e-01,9.826415705713827942e-01,9.675885013486493769e-01,4.453518723911489841e-01,8.151109114108554543e-01,7.574097508730404105e-01,5.324576335036613761e-01,5.928834515878510514e-01,6.071408982411892197e-01,7.136674857009694950e-01,6.213111000583588783e-01,8.255826240273618222e-01,7.199703786075590806e-01,5.287615029642869224e-01,0.000000000000000000e+00,8.591998108226520658e-01,9.038315354534128820e-01,9.507646742772497550e-01,7.424423742427675998e-01,4.059597705305083570e-01,8.635635521438173035e-01,9.707388793103185476e-01,8.708565424359315799e-01,8.264881683885886288e-01,8.898827793863686164e-01,6.581851253060145845e-01,4.812249136601611799e-01,4.404011528943402309e-01,4.652859516701370879e-01,9.425914599565616836e-01,9.922917473578153347e-01,9.701565072314799476e-01,2.861665726598475734e-01,3.499670590933190439e-02,7.129883535350352020e-01,7.802668115024798956e-01,8.262484080931992159e-01,9.376045176576432993e-01,3.836687632448317897e-01,5.447893613984079453e-01,9.445675317427196793e-01,6.171891706096390706e-01,9.722882284969772693e-01,8.000114335590871040e-01,4.823672599569788222e-01,7.115599162316560422e-01,9.558345094966744782e-01,8.344389283197966023e-01,4.372326925084270566e-01,8.580711729086154538e-01,7.204877520185761774e-01,9.228095522150865371e-01,6.339520388042563237e-01,5.959880890807826015e-01,7.710399930381708344e-01,4.575860967801800294e-01,2.863583961091819563e-01,6.711017390030307173e-01,6.692921662779525160e-01,7.917837072736269022e-01,8.037282634475467757e-01,6.758278015130250171e-01,9.597799314660198089e-01,9.701597454303134693e-01,9.897962435006988358e-01,6.180497304364758193e-01,6.473463266941545946e-01,4.539380760121234926e-01,7.001323036673597899e-01,8.987969912784700144e-01,6.762998241717916859e-01,4.669215462355269519e-01,5.935151632473559813e-01,4.608236837062564262e-01,9.958513998234097553e-01,5.854216412420572002e-01,8.755913223238676393e-03,7.863104186440084131e-01,7.716961986561277076e-01,7.472780520414975536e-01,8.050676757118698790e-01,5.835147379033527315e-01,9.935156003398721847e-01
8.594911123641328921e-01,6.330147111575983310e-01,8.033268052434798800e-01,7.588950064025745679e-01,7.271316036822179640e-01,8.863099036696772126e-01,3.270667210017036419e-01,5.220220886634423518e-01,4.372251577839529890e-01,8.479506804324029590e-01,4.962353442944314463e-01,7.205491779347323877e-01,9.594518327678828173e-01,9.152371177102700539e-01,6.904193986514299830e-01,8.332568941044468103e-01,8.591998108226520658e-01,0.000000000000000000e+00,6.910208904935009055e-01,5.338700566371211709e-01,8.720647091836851716e-01,9.682130396253468829e-01,7.065535448353750247e-01,6.945082101763465632e-01,6.367716409616881457e-01,9.002175044772671164e-01,3.344681782025454853e-01,1.963628090872737968e-03,8.363130284186881536e-01,5.738487948906728642e-01,7.333226837912154572e-01,4.006523363264679616e-01,7.277208408131757844e-01,6.314852210142870570e-01,6.025675326311695779e-01,2.044480823819229409e-01,1.754907176233164168e-01,7.169949782005982097e-01,8.794720222100080864e-01,7.563948667739539555e-01,7.347014528823339052e-01,5.452940600792768322e-01,8.470411433596025663e-01,8.836829496482548896e-01,5.978525345404643865e-01,9.088035032556236459e-01,7.938041574441174753e-01,9.488322428921536211e-01,-2.869136800830235368e-01,6.691592670100364737e-01,5.412421614599836062e-01,5.742655996542712638e-01,9.251263870396361222e-01,5.654580488959678464e-01,7.252937596872115478e-01,9.012837866368165196e-01,6.448255639297126862e-01,9.618543489176453187e-01,4.476933465523616484e-01,5.164695178302401990e-01,2.007515517372023273e-01,6.707926726395687655e-01,4.864343986157626532e-01,9.418320107854122325e-01,9.420601789492860645e-01,5.577439095070383379e-01,4.002591750150575889e-01,6.314295776813273475e-01,6.122746729362096296e-01,2.145884037932350719e-01,9.521763334108361843e-01,8.629554241677049875e-01,8.943621805401800184e-01,7.890782322865677045e-01,5.231145139642745523e-01,6.584576328765651132e-01,8.544904587826099851e-01,4.630022426722455453e-01,7.501662789573035894e-01,5.527169902436881443e-01,4.357041655838336802e-01,9.085387604377019866e-01,6.392384348815778328e-01,2.530160987863762645e-01,6.813187770913079477e-01
