0.000000000000000000e+00,9.242344823350976402e-01,9.531752649855743664e-01,9.563194445331525406e-01,7.972148159035653547e-01,4.181668130243096915e-01,9.440102951262373532e-01,6.754153313782214063e-01,9.716146220399819455e-01,6.066927199480494082e-01,6.504703367899883348e-01,7.032345001774104043e-01,7.578288765949243722e-01,3.340708452295849673e-01,9.421677999534378012e-01,8.164476434442680119e-01,9.299001574131724457e-01,7.313422629649057871e-01,5.783450567536772002e-01,8.527629757099528529e-01,8.990626029038871758e-01,7.090417599122234016e-01,8.006934428306357043e-01,8.937408727418085785e-01,1.251174082969651324e-01,7.977877592690827413e-01,9.799079543985088625e-01,5.379886457476132922e-01,8.054096982046642372e-01,6.822191624984930147e-01,5.265682173763803764e-01,7.074646807397320103e-01,7.865818529132684311e-01,8.893949211674645472e-01,6.458708979318412702e-01,4.441312122364110548e-01,3.417693510593570183e-01,8.773805380509871465e-01,3.368926913803250711e-01,9.453826212590570321e-01,5.289140904316792513e-01,8.407471093955232178e-01,4.878252091912759769e-01,8.715605426819152957e-01,9.214739281120382097e-01,8.970024339339887076e-01,8.614387564965492183e-01,7.958292922447403051e-01,6.029159293071800763e-01,6.641723474536579408e-01,9.562320382176460187e-01,6.165758276032032859e-01,8.364583939513854371e-01,6.001000575218652378e-01,4.659344147245130796e-01,8.662674669123062721e-01,8.104673861490812037e-01,9.971874223828415262e-01,3.330720591097802337e-03,3.913549097624563489e-01,4.317461019912240960e-01,9.741684433230695106e-01,6.989015899684939415e-01,9.177286933615222964e-01,8.083771482136703490e-01,6.457488701971929590e-01,9.118479131540516702e-01,7.520779279975813303e-01,9.783026967248182881e-01,8.485832998441400488e-01,9.551851978144569877e-01,9.363436228523500660e-01,2.101319215753615632e-01,4.277335391596145953e-01,8.756764090075646045e-01,9.356785919828227716e-01,7.558929457838881039e-01,5.137229128468644435e-01,7.927604284152290660e-04,5.602128000037323030e-01,9.900790732312433340e-01,8.643338389732047045e-01,5.668081483034337342e-01,6.516967465418103123e-01,2.203228837541122975e-01
9.242344823350976402e-01,0.000000000000000000e+00,9.941703380962074732e-01,4.105995617657111074e-01,9.890343035379042247e-01,9.249177249133417877e-01,3.632481672233771053e-01,5.675639826557374867e-01,6.102703732843035578e-01,7.888541343411400453e-01,7.799540261422052145e-01,8.489379755299580887e-01,8.679873292427398024e-01,6.363627618734355451e-01,3.382252321994979605e-01,4.614584396572698477e-01,2.520612153707793013e-01,2.487286815559666409e-01,8.576848257479354753e-01,8.910366364748599777e-01,7.842440551804653603e-01,9.224682359199072312e-01,7.882547316093462264e-01,7.956695177726318402e-01,2.976879696526542607e-01,4.668193732585438349e-01,4.948662953839802481e-01,8.784127562961246971e-01,5.144698176150386271e-01,4.965599934207586275e-01,-5.216771534039496561e-02,6.796524987972116794e-01,9.769026916593717136e-01,5.051936924637170367e-01,7.450679892671138171e-01,4.989815498566604890e-01,7.177846080355662073e-01,7.840855319403932100e-01,5.428873375878999763e-01,8.948676745705810287e-01,-2.052543308687407309e-02,8.741771425442128596e-01,8.781913955540131544e-01,9.604957796934545655e-01,7.738673676134476542e-01,7.411994579768537150e-01,1.714133643151285677e-02,7.400027727201010652e-01,4.595302224134293345e-01,6.347113899417908822e-01,5.076954426794840769e-01,6.477235854699624484e-01,7.466783164241442838e-01,8.446068201519987273e-01,6.676066015453783198e-01,6.944211619221651866e-01,6.122108431657408145e-01,5.857241167216988842e-01,5.604010833699951677e-01,7.137424459798507037e-01,6.024103772362926490e-01,7.086929318086020446e-01,6.552854251241901906e-01,6.349674079203696531e-01,6.738123866218144187e-01,8.164549875930657841e-01,7.420182670214805487e-01,4.724612254119275323e-01,7.511567679999069380e-01,5.418635685767009269e-01,6.279880686649997878e-01,6.232216306238663739e-01,4.280364991780348238e-01,5.535118506406302430e-01,3.651927076310205744e-01,6.367803574420671797e-01,6.016266371472805963e-01,4.595621892387656282e-01,7.402573937349473665e-01,4.021296231472256677e-01,8.156917701775037166e-01,7.623513596259716696e-01,8.047459445132968403e-01,6.368441396454530556e-01,6.883290620474169508e-01
9.531752649855743664e-01,9.941703380962074732e-01,0.000000000000000000e+00,9.356359454140200649e-01,2.213709647167673711e-01,8.561623530945280391e-01,7.796238195683014016e-01,6.140049252870232177e-01,8.367704023474202835e-01,9.197618177718498433e-01,8.577195916017996691e-01,6.244687964323824003e-01,4.906178231262097178e-01,8.472631128476770801e-01,3.558491116556563444e-02,6.721606447895942527e-01,3.512969231441813167e-01,6.866069903093817706e-01,7.017938073216304362e-01,8.829225408687649823e-01,8.571833565107834785e-01,4.725499728243966469e-01,8.660463441492967096e-01,2.357835812159128908e-01,8.656499757228810488e-01,5.371471110825200013e-01,8.398375460521374514e-01,8.588384468729016730e-01,5.908357500223568870e-01,3.214131998905448429e-01,6.104380703965871513e-01,9.066700282235944375e-01,9.234851920209715681e-01,9.081727762061384546e-01,6.711865860246417625e-01,3.328624493693583819e-01,3.578528617226921504e-01,8.236932035688867559e-01,8.906507115458280888e-01,9.312958141346270313e-01,9.065804522107638874e-01,9.353399546781393514e-01,9.071556007346291972e-01,8.600831607088115227e-01,8.781329198773544231e-01,8.115548828088976485e-01,7.575851613853814559e-01,6.575645337046273076e-01,7.405609335650550351e-01,9.627805170892104192e-01,6.073644859539542029e-01,9.430643672129347399e-01,9.662299696869207644e-01,7.627281858297948469e-01,8.542116888692317112e-01,6.319899412688246843e-01,9.818599640209995094e-01,9.433434155239990293e-01,8.840669574498597472e-01,7.547757826101226808e-01,3.367391698297163560e-01,9.326383963443810599e-01,9.173123250278888419e-01,8.410987275845878131e-01,7.323529826484307392e-01,8.040059125031739917e-01,8.930295836494910322e-01,9.823241591744945600e-01,6.430331836808094170e-01,9.507065913672058111e-01,8.409482769200651298e-01,9.531399183284907650e-01,6.193776800519212866e-01,7.377138805725060866e-01,8.937446170265811451e-01,4.969040975121808423e-01,7.900471262895727431e-01,5.188901532378048520e-01,7.677384613065879604e-01,1.916177149014681724e-01,6.340842133368459477e-01,9.394854274909779646e-01,6.826569376715948545e-01,9.271931037131042608e-01,4.486557904130514252e-01
9.563194445331525406e-01,4.105995617657111074e-01,9.356359454140200649e-01,0.000000000000000000e+00,1.042558533784235658e-01,6.117376712261093363e-01,7.667583718729563680e-01,8.393991974041987714e-01,7.706645116922217209e-01,9.690388457885737994e-01,7.329941165418384363e-01,8.973752520043508651e-01,6.808390650933737742e-01,7.638855836384945697e-01,4.314418226819509705e-01,7.773333550505299172e-01,9.245243195588377372e-01,6.121303424887051259e-01,6.904315956327264914e-01,2.085780218083898851e-01,5.518019348716118877e-01,7.622934996290643417e-01,9.621177221626268095e-01,4.242173432751795703e-01,4.994609768551515616e-01,9.229972741248188006e-01,7.730365362389933770e-01,4.385829955768560384e-01,9.603805982441075972e-01,9.444218722953444389e-02,3.703306358019753386e-01,7.092172290357974251e-01,9.074466777346813506e-01,5.294231466838136280e-01,9.021344937190817204e-02,6.991060777930236947e-01,6.330437605376270094e-01,6.084631001538145512e-01,8.986805467102491063e-01,9.843546625244545822e-01,4.728765399813510961e-01,8.056176457834465232e-01,9.532729252558453936e-01,8.425311947927980327e-01,8.265993686335424417e-01,7.583771797687673955e-01,9.214838654906545301e-01,9.118877555344426789e-01,4.967954309351277908e-01,7.490178660317838855e-01,9.721026103546419606e-01,8.768591740164293213e-01,8.459633266419297470e-01,6.128328230310260416e-01,4.390966651562962508e-01,8.558667811016328342e-01,5.482570215512378997e-01,8.198325263046361000e-01,4.690089898630931953e-01,3.683079364070058759e-01,5.707953569723331899e-01,7.947909522566916074e-01,4.744821497547171418e-01,4.077076232360541952e-01,6.363955382634861602e-01,7.789387275257482202e-01,7.488317457648421271e-01,7.963759974233841632e-01,9.022019963093871331e-01,6.533392109110978119e-01,6.703842429835500383e-01,8.193414546837523016e-01,4.247755704777401720e-01,4.826369030038916708e-01,9.458544203530412364e-01,4.388843576092235077e-01,8.228409124309199463e-01,9.244459201328614206e-01,7.149454487007119718e-01,7.169503355208745043e-01,8.711744143389439365e-01,6.887806067205438643e-01,4.728234400935244497e-01,3.914836689578352624e-01,9.704747116032030885e-01
7.972148159035653547e-01,9.890343035379042247e-01,2.213709647167673711e-01,1.042558533784235658e-01,0.000000000000000000e+00,9.062775237982279020e-01,7.013334263711027416e-01,6.484963722638894534e-01,8.558620000877191769e-01,6.815728089383653598e-01,5.789955139784788152e-01,2.214891556859137078e-01,5.940196842244722664e-01,7.884460405976394526e-01,4.688688835445313230e-01,5.169675851574340175e-01,6.046728492746570316e-01,3.465467556463766030e-01,4.396508560236271901e-01,6.490804420393345708e-01,8.643459926698573437e-01,4.104408749937562551e-01,6.824121688524699136e-01,8.885254124186948710e-01,6.177919296957861128e-01,1.226644033172664683e-01,5.778986867555397922e-01,9.179545832094413438e-01,5.338096453025524823e-01,2.020408376908435777e-01,3.562528173501290363e-01,6.537607231118867102e-01,7.608933060872073995e-01,7.323948230040991936e-01,7.941990051775383863e-01,7.806180670408178202e-01,5.309169437960203908e-02,5.301617268185573328e-01,9.353548713796328018e-01,7.381489236259191067e-01,6.270479439363594309e-01,7.798672800130497240e-01,6.841112219934962768e-01,4.313958504664791027e-01,7.902277140252145227e-01,4.268795414767929675e-01,6.479586502545687798e-01,6.600335528400594898e-01,9.923751952398862652e-01,5.525009500706279386e-01,7.206942322165125203e-01,4.862086293862823427e-01,7.451148068954692727e-01,5.365571457228044405e-01,6.821946618904023429e-01,5.309120579039268151e-01,2.909111542441770726e-01,4.438446651936410747e-01,8.657057512634744878e-01,3.748568406036907330e-01,3.605703713249757136e-01,5.236185870881584492e-01,8.765906485661555392e-01,7.993594939210494354e-01,7.428353859182953434e-01,5.693835800595792307e-01,3.378953084366919102e-01,7.700114679955827324e-01,7.546883408097401214e-01,8.488334710497736912e-01,7.958092017429576615e-01,6.184712395346109171e-01,8.857058619719834214e-01,4.614149801742343238e-01,6.372583931848517513e-02,6.308572461534279752e-01,6.543043422023886446e-01,6.979732723228609936e-01,1.386340283170861276e-01,5.685651721287564575e-01,4.731748254724779112e-01,9.010673670292890236e-01,8.793460648635921251e-01,7.214116603667758421e-01,8.522332633443936434e-01
4.181668130243096915e-01,9.249177249133417877e-01,8.561623530945280391e-01,6.117376712261093363e-01,9.062775237982279020e-01,0.000000000000000000e+00,7.278025226226019218e-01,7.717400817552713121e-01,6.074585044299519732e-01,7.681978659624910666e-01,9.592292549994714257e-01,6.700978691083069316e-01,4.479602659584795421e-01,1.779671314740545185e-01,6.875755938463005146e-01,7.454738026795877381e-01,8.384062252950000849e-01,2.682925718896287393e-01,6.402860898305251514e-01,9.568419245368771087e-01,7.043466395536914781e-01,3.357558028237819236e-01,3.426268800259677505e-01,9.438998110623090243e-01,7.660920161968169939e-01,9.370291076660003382e-01,6.443021202850978124e-01,7.015754443846802246e-01,7.929384241108077269e-01,5.061007054393954485e-01,2.909900095343282977e-01,5.908423145619550176e-01,9.087957712380808628e-01,5.428643502805490240e-01,7.041556860635675985e-01,4.636984407400276398e-01,9.701857128550653298e-02,8.314851960697586808e-01,7.405249990798352666e-01,1.770099637186503816e-01,3.341286745203631003e-01,7.239825873456824379e-01,4.361800081624877534e-01,9.652328950879472957e-01,6.342761275797123011e-01,5.523811931883505499e-01,3.337297879925932298e-01,3.445126013104878870e-01,5.315837800702432059e-01,4.530295358134480144e-01,7.159578837594454681e-01,6.180406107089443379e-01,9.705683186642316551e-01,7.119369643692806671e-01,9.788556304649260742e-01,9.734454881810513660e-01,6.647882073979960449e-01,6.029152460504501321e-02,5.464876575653129231e-01,1.075000045307464430e-01,5.064664108135603637e-01,9.947864789258358265e-01,4.314968330742499636e-01,8.191386998243332940e-01,4.752957906521004805e-01,5.008124524872838990e-01,6.869243042698877089e-01,7.016550879694499754e-01,3.746333918783101291e-01,6.535344701079860430e-01,6.267220078721091880e-01,9.622116426651072807e-01,5.578938408814680949e-01,8.270132093002561247e-01,6.922898676564481768e-01,8.507319119999887658e-01,2.818023903815286557e-01,7.954109349401905504e-01,3.147822787195039274e-01,6.628458315766969644e-01,5.216840788159479159e-01,8.451747872288745134e-01,8.900917777593757574e-01,1.210314785981169150e-01,9.051339511171516694e-01
9.440102951262373532e-01,3.632481672233771053e-01,7.796238195683014016e-01,7.667583718729563680e-01,7.013334263711027416e-01,7.278025226226019218e-01,0.000000000000000000e+00,6.745339529191644035e-01,5.589917602763637694e-01,1.738969003515068446e-01,7.417686403696599484e-01,7.870508967917628773e-01,8.662164184346802243e-01,7.646493722753997524e-01,6.442967525290099751e-01,5.487222331584665769e-01,8.294486407679768636e-01,7.994669572793244861e-01,4.507399249917889428e-01,9.799351391859292271e-01,7.941613051712046456e-01,6.686713595608708705e-01,6.270681619966810283e-01,9.878075164732439406e-01,3.930495541265511816e-01,7.509019653159736407e-01,5.276659953488823662e-01,7.409999496926246154e-01,5.838153553744270807e-01,6.843118809164923100e-01,4.540921802866524359e-01,4.190696729320885217e-01,4.977277960182583949e-01,9.249062641453853484e-01,5.000057406334084131e-01,6.868066920501473271e-01,6.775671298851723146e-01,8.152515646165127139e-01,8.223423167822545565e-01,5.816963928283784835e-01,5.862620628514115806e-01,5.144092855148877375e-01,9.647457788066942097e-01,5.163270002439713791e-01,7.525021918792609288e-01,4.661877323296561015e-01,8.061906034564987611e-02,4.793265988554235024e-01,7.967298125626863792e-01,8.574562589637557686e-01,2.751268885568175504e-01,3.196980459828910326e-01,4.226154757680434249e-01,5.156709715938497807e-01,6.614610362381753150e-01,4.477221945105221979e-01,7.557950545424119149e-01,6.443094763120579271e-01,7.747082288032905995e-01,3.766792454411671542e-01,5.745115163752294585e-01,2.693155741392342373e-01,4.409869083387916722e-01,7.054336929341836759e-01,8.224278837712671875e-01,7.503610573781358539e-01,7.267670366361951295e-01,9.034014246782873236e-01,7.454010822936806280e-01,5.348982929812798881e-01,1.002479666397475544e-01,6.865848200788984279e-01,7.731619193489880359e-01,4.860286312381384977e-01,8.182451502166253610e-01,5.080877005852669770e-01,5.728883048235365871e-01,4.748338191630439575e-01,4.997869526679110663e-01,2.506781558876889360e-01,2.594559873266666372e-01,7.482153733595332534e-01,7.897394346951176480e-01,7.738796218033067165e-02,4.725278243509005160e-01
6.754153313782214063e-01,5.675639826557374867e-01,6.140049252870232177e-01,8.393991974041987714e-01,6.484963722638894534e-01,7.717400817552713121e-01,6.745339529191644035e-01,0.000000000000000000e+00,8.371085848116175399e-01,7.111274532171029117e-01,4.639499437918196412e-01,8.184211777572258928e-01,4.046679206192781986e-01,7.682338518209314016e-01,5.311352993833409197e-01,5.378355072247458235e-01,3.412247987375238711e-01,3.048698778465604997e-01,6.751735597341439465e-01,6.922124419606167089e-01,8.086516028093664321e-01,7.334891697027412505e-01,6.612775800145550553e-01,9.541244585936470290e-01,7.194947427669780016e-01,7.932335291388188381e-01,7.068925823577312251e-01,6.393636061728027453e-01,6.040705404290767078e-01,1.572547113167959212e-02,4.003305488672467827e-01,8.650331251932039667e-01,4.821397253330986232e-01,1.107772401386154376e-01,9.006077496733887466e-01,6.820611215082056367e-01,3.991272520476703001e-01,7.569750700141959499e-01,8.827853104653351490e-01,5.232139926208418945e-01,4.008822709750644586e-01,-3.646430443797910037e-02,6.863512759375201000e-01,1.131894960487093010e-01,5.245058317736288611e-01,6.922390929421095018e-01,7.232763962931333390e-01,7.004450161289522692e-01,4.039092626345394121e-01,9.389764862763115838e-01,5.633527312416269917e-01,6.243608889276234253e-01,4.316556985168363836e-01,5.948509110536306377e-01,2.426630808658265526e-01,8.479365393361438796e-01,7.527488032942539764e-01,5.196930740134718674e-01,9.187046055898757668e-01,5.395756920210428298e-01,3.330063354945164700e-01,1.281074200850111922e-01,7.092099199658732367e-01,8.980622586107308569e-01,7.655908649978995228e-01,7.481123812146245333e-01,4.981228604803487614e-01,8.119001794347566747e-01,5.942584406853881340e-01,6.204610889209672964e-01,2.504174042491147389e-01,5.273738561758403165e-01,2.006151951077390083e-01,6.632107487808033275e-01,7.566404941940644280e-01,-5.536268481242048733e-02,7.129928441943007567e-01,5.768962282246321571e-01,2.824910523641176452e-01,1.908722424782647448e-02,5.624471860334229190e-01,9.229138486770379624e-01,5.425226260010443946e-01,4.802092348118842668e-01,4.953310204336696665e-01
9.716146220399819455e-01,6.102703732843035578e-01,8.367704023474202835e-01,7.706645116922217209e-01,8.558620000877191769e-01,6.074585044299519732e-01,5.589917602763637694e-01,8.371085848116175399e-01,0.000000000000000000e+00,6.686473194602933212e-01,8.876861561112028287e-01,2.510357827812488840e-01,7.125396975137455735e-01,9.992696912932554909e-01,2.302137340434295687e-01,1.944787068201520031e-01,7.301758613221716043e-01,9.230137532647310072e-01,8.560759698919256921e-01,9.906685731632951519e-01,7.578622657194510337e-01,7.328818529963445627e-01,5.376338356601870760e-01,4.366075476992720139e-01,8.448283289463131007e-01,3.363479216419710260e-01,4.012594262589245786e-01,7.939591921767202853e-01,5.656184280769160910e-01,5.073793996753196422e-01,-5.715558874815562795e-02,8.633334452269381121e-01,4.790507948074444466e-01,4.889555091937538567e-01,8.803323908867977110e-01,7.500123452816024328e-01,5.494564547971176882e-01,7.821299681928238767e-01,7.844094036551283455e-01,4.464328094415764836e-01,1.426778516994354207e-01,4.117896689409388800e-01,6.950073609063165403e-01,8.110107927469678568e-01,8.290042581123115983e-01,6.642324789326441437e-01,9.151718113516071895e-01,8.404749653340901627e-01,7.374521403140085196e-01,2.972084176696952462e-01,6.629120248158153483e-01,4.294561598125418156e-01,4.694261531018286693e-01,7.396006463814289722e-01,7.873289836825509980e-01,6.679039263143218275e-01,7.268137786541427614e-01,9.427962692777241971e-01,9.298172000395084069e-01,6.476525229818846929e-01,6.368392931151676262e-01,4.599468974106957764e-01,8.240779655915944080e-01,6.984367448949730939e-01,7.699488459696026688e-01,5.617368952384560465e-01,7.835963280162386857e-01,6.827981408834675747e-01,7.863559938375173086e-01,3.623018077647882640e-01,8.158675118971656648e-01,6.289839232063787478e-01,6.881032606342362135e-01,3.840953163014739768e-01,7.509718707101873392e-01,9.868259673102820484e-01,9.683756964638925435e-01,8.133628626345589252e-01,4.226748092687553915e-01,4.131111260198775947e-01,9.077166879600543359e-01,6.718869638882492001e-01,7.411303326837844763e-01,6.311537670723246229e-01,4.444806336792410661e-01
6.066927199480494082e-01,7.888541343411400453e-01,9.197618177718498433e-01,9.690388457885737994e-01,6.815728089383653598e-01,7.681978659624910666e-01,1.738969003515068446e-01,7.111274532171029117e-01,6.686473194602933212e-01,0.000000000000000000e+00,6.646257849207338753e-01,8.097525614981547770e-01,9.019270159899811512e-01,6.547309311371881657e-01,6.392380201620164737e-01,4.053322434637546823e-01,4.893926696597803994e-01,6.008583794996751326e-01,9.112589672803290686e-01,8.859170612223205010e-01,9.564930324699252306e-01,8.584708921500230350e-01,4.097270468079707295e-01,9.109653183757260297e-01,8.719094853322516547e-01,7.306593370276008859e-01,8.908541268909926369e-01,6.638397508524271906e-01,4.261699028286398683e-01,3.658427392385639187e-01,3.276857918014099980e-01,7.338349954018938970e-01,6.401032561765616080e-01,8.928030363583638884e-01,3.259377214439934667e-01,3.596793602759965625e-01,2.234470549725797173e-01,9.114787041185642424e-01,6.083527522367709883e-01,6.160077905752378014e-01,2.902403366781090566e-01,4.498269895307134281e-01,8.032779521918138599e-01,7.761765574788082045e-01,6.062210232321537662e-01,6.344813257974021292e-01,8.701538614999050347e-01,7.321455476018262631e-01,4.636144817415375208e-01,8.660748302474720051e-01,8.907838781650178062e-01,6.969052255792030914e-01,6.615010249618626936e-01,4.522838117939916303e-01,8.947232561197400180e-01,9.498120356809873766e-01,5.463380698038279304e-01,5.327027871344469645e-01,8.000633632536439110e-01,3.524184689246088326e-02,1.570085201848614165e-01,3.898691592268825890e-01,4.622097748933287620e-01,4.045266984364934704e-01,5.796417679243031085e-01,8.425466544629701682e-01,8.420055007250203394e-01,8.675343819787371125e-01,6.110474713522869861e-01,7.325230078325213334e-01,6.565603716054874139e-01,5.626362336279691068e-01,7.805829493074549763e-01,9.752539974802341971e-02,6.594912760711513222e-01,4.731844767101143351e-02,9.260554536853290442e-01,5.368081869359475622e-01,-1.018588938300571400e-02,5.772135578035862968e-01,5.397804254927760503e-01,9.236625234096917936e-01,6.011117460819671576e-01,7.808622180200232021e-01,6.641704927787754897e-01
6.504703367899883348e-01,7.799540261422052145e-01,8.577195916017996691e-01,7.329941165418384363e-01,5.789955139784788152e-01,9.592292549994714257e-01,7.417686403696599484e-01,4.639499437918196412e-01,8.876861561112028287e-01,6.646257849207338753e-01,0.000000000000000000e+00,5.648895756320848616e-01,8.557360064852077564e-01,5.552855858351174456e-01,6.330058310672350697e-01,6.238223056760839880e-01,9.803861777706051051e-01,6.080175669955415474e-01,8.685937548426865273e-01,6.850003905545904992e-01,9.501122878497059165e-01,6.658486734089852366e-01,2.581187749824621624e-01,7.746068107936359137e-01,6.854839942921847618e-01,4.231309296200966852e-01,7.394972442244768240e-01,5.120416688680621276e-01,6.731877587207077962e-01,6.990061210322325858e-01,3.099325726992241958e-01,2.434017669006216800e-01,7.210993264271512437e-01,9.642629931072842497e-01,7.369447082129083615e-01,6.302505792059805989e-01,2.519658638154232966e-01,7.583396310191905521e-01,8.897895572305400957e-01,9.634961832088431155e-01,4.021730443929452115e-01,9.106354536278032930e-01,7.990909169988518190e-01,2.710795817073285430e-01,9.976839599875867437e-01,6.958383607207422328e-01,9.879791448642816221e-01,7.914136330164491806e-01,5.213944323198285158e-01,7.289202397182641402e-01,8.184831141130012311e-01,8.130032995663110107e-01,4.385780571693925767e-01,7.438530439618472601e-01,8.774068165447225232e-01,2.089791550975551027e-01,9.575691489239439580e-01,9.124764818644873765e-01,5.884549673788354029e-01,2.507828437285144485e-01,7.286650365815637853e-01,2.595502055923097975e-02,6.914324452972714363e-01,6.665381887820214235e-01,6.610557043511322561e-01,4.080908782688530967e-01,8.376977659645171714e-01,6.417137853660688229e-01,4.859242149502065455e-01,8.495695198220871713e-01,4.273999585421615066e-01,5.652474188184877235e-01,6.258005034194813465e-01,3.178591240704574661e-01,3.312224761101067450e-01,9.616047286645977854e-01,1.788392532175219485e-01,5.492199905405634741e-01,4.229143587433552565e-01,2.340192126253177463e-01,2.304931574144722384e-01,9.738491861445697229e-01,6.686923297179854231e-01,7.154290121905584332e-01,7.736443192646653699e-01
7.032345001774104043e-01,8.489379755299580887e-01,6.244687964323824003e-01,8.973752520043508651e-01,2.214891556859137078e-01,6.700978691083069316e-01,7.870508967917628773e-01,8.184211777572258928e-01,2.510357827812488840e-01,8.097525614981547770e-01,5.648895756320848616e-01,0.000000000000000000e+00,4.106661752397558485e-01,7.607855656432962466e-01,4.877711018724004699e-01,1.609213084182348485e-01,8.146814899941781096e-01,6.090353155689143261e-01,9.588306548557300468e-01,8.742326770428699989e-01,7.655988647742771880e-01,6.153514264928976463e-01,6.745998109779854923e-01,6.794628269875893078e-01,7.733984459348103302e-01,6.491767677893075517e-01,6.073774561653060289e-01,9.282764505498112273e-01,4.126564880202200358e-01,6.172873303820980428e-01,-1.754419852730637053e-01,6.004253965118870884e-01,7.087204181839927841e-01,9.945278040785050511e-01,7.040261746557114897e-01,4.506564227940175194e-01,2.654598637818406104e-01,9.857938907778306392e-01,7.406254133867702372e-01,9.962987260665296940e-01,5.992437922792061000e-01,8.289867558702185280e-02,8.697182579431124161e-01,8.492079988201914897e-01,4.086424717916913307e-01,7.625078621752465757e-01,6.603602941299102635e-01,5.321580458599747265e-01,2.173317033568958889e-01,5.881717557603493018e-01,7.672847480136321119e-01,4.424879732223264139e-01,6.037052015852883979e-01,5.439293153889107613e-01,6.216743563829187913e-01,6.338634244197381973e-01,7.706229532525137316e-01,4.572871965660390003e-01,7.859824395194782154e-01,6.180053036276997869e-01,6.416882463428913441e-01,6.092685566775007944e-01,5.235572810800979138e-01,9.351759620342920964e-01,8.501593979129435930e-01,3.620083022776895421e-01,8.470700059031081031e-01,6.251453380019931227e-01,-3.471660644716934030e-02,8.725992705499356905e-01,7.847626760651580380e-01,7.475527347834893810e-01,2.183692335811789342e-01,3.155944631449933424e-01,7.553879838011354764e-01,6.241290233847879287e-01,7.063909928002217731e-01,9.684206491571751840e-01,4.539107826115853506e-01,1.013270740542451948e-01,1.350102098122137328e-01,8.667908143351873429e-01,7.909444009572084155e-01,6.701377940604887895e-01,3.469205476216794537e-01
7.578288765949243722e-01,8.679873292427398024e-01,4.906178231262097178e-01,6.808390650933737742e-01,5.940196842244722664e-01,4.479602659584795421e-01,8.662164184346802243e-01,4.046679206192781986e-01,7.125396975137455735e-01,9.019270159899811512e-01,8.557360064852077564e-01,4.106661752397558485e-01,0.000000000000000000e+00,8.760386489018073819e-01,2.026075411544420724e-01,6.825229130004543121e-01,6.141853779400370250e-01,8.227041273618422856e-01,6.751115003797589775e-01,4.118001931309771546e-01,8.476840416974147363e-01,7.295267448273484723e-01,7.984205998935727244e-01,9.884623382678088266e-01,4.161108460070003789e-01,6.569034516612364261e-01,7.537257859254723469e-01,8.674821010854764092e-01,9.108718198524996534e-01,3.989620879393127595e-01,4.494139849906652051e-01,7.489716681839286849e-01,6.035825081576190465e-01,7.805567997803601887e-01,6.783574793222152399e-01,2.173841877879157392e-01,2.710087250498928180e-01,8.190196800204397887e-01,8.359540807037656451e-01,8.947581798678712062e-01,4.136761842460190408e-01,9.358227406452188646e-01,4.804365263125339736e-01,7.149431277044933086e-01,7.954476991122746421e-01,7.317844920647170737e-01,9.833112682955564843e-01,9.767017418908219284e-01,6.702622679782874737e-01,8.213183419838780974e-01,7.518198109133505946e-01,6.219027585375880296e-01,4.276680165928181121e-01,6.535639498714830298e-01,9.127427691124400111e-01,8.662310012030154383e-01,8.615042613249830339e-01,9.419708842183982522e-01,2.686458582924213800e-01,6.959115042273155138e-01,7.809677461118673669e-01,9.516820337958418197e-01,7.664113592920501761e-01,8.275026738379818170e-01,8.852833112687422679e-01,9.078289156499307344e-01,6.028472504802744325e-01,8.253227749599219010e-01,9.016838004212055502e-01,5.787959823096024969e-01,3.841582696924516482e-01,6.955389621752982032e-01,6.563674200955808002e-01,4.554894634529562114e-01,7.258460483769164640e-01,6.378569728484823065e-01,6.148947552119100601e-01,3.729144049799609784e-01,2.100490612451019756e-01,2.283255328669994422e-01,8.763251518710668542e-01,9.275389850003910031e-01,2.780480591511664823e-01,1.253099383779760767e-01,9.543075128880487146e-01
3.340708452295849673e-01,6.363627618734355451e-01,8.472631128476770801e-01,7.638855836384945697e-01,7.884460405976394526e-01,1.779671314740545185e-01,7.646493722753997524e-01,7.682338518209314016e-01,9.992696912932554909e-01,6.547309311371881657e-01,5.552855858351174456e-01,7.607855656432962466e-01,8.760386489018073819e-01,0.000000000000000000e+00,5.979873464766873870e-01,9.466598490586854986e-01,6.256282894102281888e-01,9.542850893657536249e-01,9.556525254818344361e-01,7.627007684702364898e-01,7.111694466870902565e-01,7.480935965860850967e-01,6.824848302829460422e-01,6.401523232588032242e-01,9.348489948493120538e-01,8.701636195156963183e-01,9.173801273398202172e-01,3.913904189542990464e-01,2.280058762457227162e-01,7.939274847010121539e-01,5.869559995600255320e-01,2.482766043095895603e-01,3.122565970718718664e-01,7.646499877755716934e-01,8.210174998127727219e-01,3.566806853800131849e-01,-3.406504953227755261e-01,8.245293711893806332e-01,7.326858278733618945e-01,1.477980219308105692e-01,5.602177434137254330e-01,8.022938720329849671e-01,8.867485637016001565e-01,6.949581099437122100e-01,8.528782839296165097e-01,7.887140492318431839e-01,5.087474998007397442e-01,7.584791309442665552e-01,8.782436355052759547e-01,2.347739662293294172e-01,7.477517150921972888e-01,4.445750179949022329e-01,7.017372428536556850e-01,7.466159547666033625e-01,7.856412739788064536e-01,2.561435430009299519e-01,5.136367506877944633e-01,4.783415802394059835e-01,2.012926495265760785e-01,5.860849751430655674e-01,8.750782360521532910e-01,9.385689969845912861e-01,9.197077647907667686e-01,8.813372775517944735e-01,9.151950984792319721e-01,8.625254933681369973e-01,7.727228982265534896e-01,8.256022518020906809e-01,5.217442526303657235e-01,7.924977819100347265e-01,9.406182203111028706e-01,6.516642251479332071e-01,3.087834425590514353e-01,4.381031636718937250e-01,4.421540989004975053e-01,9.615735955440317673e-01,7.128586254952655743e-01,8.915942385469601827e-01,7.186307218440622924e-01,5.848255872620077289e-01,7.813859654932180376e-01,7.289456318903317911e-01,6.382460408268453289e-01,3.830562989918904204e-01,7.934020541782267344e-01
9.421677999534378012e-01,3.382252321994979605e-01,3.558491116556563444e-02,4.314418226819509705e-01,4.688688835445313230e-01,6.875755938463005146e-01,6.442967525290099751e-01,5.311352993833409197e-01,2.302137340434295687e-01,6.392380201620164737e-01,6.330058310672350697e-01,4.877711018724004699e-01,2.026075411544420724e-01,5.979873464766873870e-01,0.000000000000000000e+00,2.875591284034951789e-01,7.938675901762957121e-01,9.051340249011735617e-01,5.769849992477016354e-01,4.514272113650066309e-01,5.472756107323573094e-01,9.993557820823212312e-01,5.232618823269707953e-01,6.858915608139459774e-01,5.162081961610723857e-01,2.839419704462795013e-01,8.069460201195721716e-01,9.883068490852064958e-01,3.711253832582570716e-02,6.218093001136481002e-01,7.751133607542167736e-01,4.995367980220425386e-01,8.914224900864804457e-01,4.305683854934664323e-01,7.645035274287367288e-01,3.352953614571446694e-01,1.176426928255549370e-01,6.694460099780392692e-01,5.546344973977337389e-01,9.022044534379748404e-01,2.402419212214871314e-01,6.897427356072155513e-01,8.972022103870119780e-01,6.181391618315720260e-01,5.975978027413185734e-01,2.748425252328023927e-01,4.771917453215228089e-01,6.551768637712174215e-01,4.242870100030078362e-01,3.323526739663438256e-01,8.223017385708644156e-01,4.717432564363293612e-01,7.054072319611900399e-01,6.070066078819953415e-01,6.416615516142812892e-01,6.573515414578763316e-01,5.543282082933492783e-01,6.980821768445290010e-01,1.925280995203325907e-01,4.224387296315049167e-01,5.097934538271708949e-01,6.727768503483695373e-01,5.370406778265263137e-01,9.061140716848226084e-01,9.540560934297251938e-01,7.359284078584008570e-01,3.916447911368967638e-01,8.829054556906740236e-01,5.523846300785153485e-01,4.753558101412363318e-02,5.154612737899398889e-01,8.140032778177596073e-01,3.524306804157038009e-01,5.232279674302259265e-01,6.832684213845501286e-01,7.545221994102470076e-01,8.120104367719377381e-01,4.617160177982647107e-01,4.559215509901319296e-01,1.227910570518790517e-01,3.671897820373380972e-01,4.421035491319313393e-01,6.649029748118449046e-01,4.497476678275342810e-01,7.889388179820127078e-01
8.164476434442680119e-01,4.614584396572698477e-01,6.721606447895942527e-01,7.773333550505299172e-01,5.169675851574340175e-01,7.454738026795877381e-01,5.487222331584665769e-01,5.378355072247458235e-01,1.944787068201520031e-01,4.053322434637546823e-01,6.238223056760839880e-01,1.609213084182348485e-01,6.825229130004543121e-01,9.466598490586854986e-01,2.875591284034951789e-01,0.000000000000000000e+00,9.444349885396118305e-01,3.923422430925933568e-01,6.372109366254021801e-01,7.409917763305117200e-01,4.231096058054283349e-01,6.346634272999150950e-01,9.406984500044376363e-01,6.828663088810570381e-01,3.526346060546656780e-01,5.172160314211107224e-01,6.815929104274326411e-01,8.767301026305761580e-01,6.047192788500392879e-01,2.484497011644253572e-01,1.648809993365566717e-01,7.893575434446808980e-01,9.925509757264168176e-01,2.723367972744785148e-01,7.068365682555821650e-01,5.299086154008338934e-01,2.961229800307775828e-01,6.885490039810271412e-01,7.595110944687075705e-01,4.206817919164442809e-01,4.596756964115117916e-01,6.276927702665253683e-01,8.024485340876759132e-01,3.343625418490887014e-01,7.686992620258434883e-01,7.834757463703483360e-01,8.158373859889540558e-01,3.649106574451309593e-01,3.306784636685130563e-01,6.432643927368296710e-01,7.598894266464821801e-01,2.953960262118131008e-01,8.753482334715925184e-01,6.459269816134730613e-01,9.830134303040779509e-01,7.783720250551321440e-01,5.827031432819093082e-01,3.364989917811666009e-01,7.440658657045782221e-01,5.546038233893214597e-01,2.449735105938789237e-01,7.867293770244262463e-01,6.272306693224730667e-01,4.820540317138778397e-01,4.750002912223998397e-01,7.509710242124287838e-01,6.658202544416996771e-01,3.596987498696844199e-01,6.357975454731421561e-01,4.139665998473784914e-01,5.296041806633341453e-01,7.885050542602651813e-01,5.597640049088050684e-01,6.858212967812918892e-01,6.787861708378989389e-01,7.982833670781684932e-01,9.887686073779087259e-01,5.881566197897623027e-01,4.051231226593540180e-01,1.468779753615083797e-02,5.686544681390803824e-01,9.524748437283198088e-01,7.305574331263919863e-01,7.779381450966450506e-01,9.134963695857185595e-01
9.299001574131724457e-01,2.520612153707793013e-01,3.512969231441813167e-01,9.245243195588377372e-01,6.046728492746570316e-01,8.384062252950000849e-01,8.294486407679768636e-01,3.412247987375238711e-01,7.301758613221716043e-01,4.893926696597803994e-01,9.803861777706051051e-01,8.146814899941781096e-01,6.141853779400370250e-01,6.256282894102281888e-01,7.938675901762957121e-01,9.444349885396118305e-01,0.000000000000000000e+00,5.618937657927257634e-01,5.466472694293627033e-01,5.616910104740937548e-01,4.236355713003554513e-01,9.238883753934707954e-01,6.721724610087123630e-02,7.017564090736119198e-01,9.815112254785289814e-01,6.232722939834884901e-01,5.471291380831924123e-01,7.327543948343331337e-01,3.840614241844906851e-01,3.848253376605982323e-01,2.647769013229187562e-01,6.389277637182719793e-01,8.009648868018213186e-01,8.041896630314531169e-01,6.950070093599216570e-01,4.333223739634396998e-01,4.748951083162534781e-01,7.079985740564459507e-01,7.908270538351770407e-01,5.353455873623602645e-01,2.121225924791635686e-01,8.727347597842219917e-01,5.664751628802435768e-01,6.135425255875519568e-01,5.918813656504722243e-01,4.494344206992987867e-01,6.101142396290706316e-01,5.598494792103643480e-02,6.534660234302039905e-01,8.700005245400902476e-01,7.648349119191796275e-01,7.585187511192568177e-01,6.518851511660275211e-01,9.087938818952429054e-01,7.814981317195732746e-01,9.348825638005817673e-01,2.955094685614970684e-01,6.283792948112234544e-01,6.439640251736469256e-01,5.696107776059569083e-01,5.315950877560687848e-01,7.298261751054636592e-01,4.746640781190337166e-01,7.669394152132607001e-01,5.990756207213792095e-01,2.311901652786977623e-01,7.395320018452624655e-01,6.117280107432272462e-01,6.297104682050602698e-01,3.703455648270785883e-01,7.845539433859773926e-01,7.958203434700932277e-01,2.400493729834315693e-01,5.112797625185472317e-01,7.722676398877077464e-01,6.737395157999420681e-01,6.481658940900528743e-01,9.708451446143077090e-01,7.501395883115875574e-01,3.897436199326742828e-03,6.984832914665699555e-01,7.962260121604323171e-01,9.187008696150591458e-01,3.658572227882650463e-01,9.698523790205224593e-01
7.313422629649057871e-01,2.487286815559666409e-01,6.866069903093817706e-01,6.121303424887051259e-01,3.465467556463766030e-01,2.682925718896287393e-01,7.994669572793244861e-01,3.048698778465604997e-01,9.230137532647310072e-01,6.008583794996751326e-01,6.080175669955415474e-01,6.090353155689143261e-01,8.227041273618422856e-01,9.542850893657536249e-01,9.051340249011735617e-01,3.923422430925933568e-01,5.618937657927257634e-01,0.000000000000000000e+00,7.262513422578311673e-01,9.553580635776635077e-01,9.061203213416395563e-01,7.377485184136041152e-01,4.680193787635928415e-01,6.955738924528085398e-01,6.936241969509910898e-01,7.477948366281994552e-01,8.561950497690880013e-01,9.642905048525682865e-01,2.939949580207232294e-01,5.732314838633554288e-01,2.259271986338133309e-01,4.793237384716442229e-01,4.470069828878150964e-01,9.852629173133252705e-01,8.360287355788745822e-01,4.579521403097728816e-01,4.039303758734041905e-01,4.348295787945040680e-01,9.803668278687620585e-01,5.930152534586420332e-01,2.574800482497022203e-01,9.192452540285440676e-01,5.427349693676265519e-01,6.833507222472982034e-01,7.927612142988118560e-01,5.629136669504128943e-01,1.014581806812575593e-01,7.599215534906927916e-01,9.460215687227290227e-01,5.361000046363992855e-01,4.785792445045545795e-01,4.070218477562254633e-01,9.108882573436268837e-01,6.029916036989990680e-01,4.829352285416650958e-01,4.622915465119667999e-01,8.097213332366466343e-01,9.406381726180915726e-01,8.449523429872295432e-01,5.345078652309419587e-01,2.212517452129376117e-01,4.732612726329093467e-01,7.686773071323032003e-01,9.996929933410791946e-01,6.119549411221791857e-01,5.676649852632300597e-01,5.111072871324946476e-01,2.981144318806309146e-01,6.267998653936747155e-01,8.862974050140512983e-01,9.902139188553417126e-01,9.369130783798522710e-01,4.866469504649414968e-01,2.528607097429855788e-01,4.198639783134300862e-01,5.567468217152761190e-01,6.963878517903328014e-01,7.228526565995085917e-01,3.279376439529806397e-01,5.446622216303308450e-01,7.658409022107897091e-01,9.065278414620980829e-01,8.279967755683096398e-01,8.981813235176571153e-01,5.864887403551036771e-01
