0.000000000000000000e+00,7.040985048502139687e-01,8.987831346914841868e-01,9.476475718847554575e-01,9.581877006405630226e-01,5.897016073375953571e-01,6.295943904348711984e-01,9.616188557377780555e-01,5.103175404583124575e-01,8.771987103087456328e-01,6.970093111940041108e-01,9.473077735970073521e-01,5.966329210856592402e-01,5.642437370803305985e-01,9.214267920127494627e-01,8.422060109114575255e-01,9.578150575583068704e-01,8.390702010543589218e-01,9.716579052155467355e-01,9.762203815655775552e-01,9.482910934521403545e-01,8.808180744432150266e-01,6.089631090470076780e-01,8.103653879672880755e-01,8.009670938741225710e-01,9.083161318787150718e-01,8.348956343933382485e-01,8.726942250034348536e-01,5.754593595537906836e-01,6.431108242540746200e-01,7.305659968941261018e-02,7.138152922049547655e-01,8.004535219337401974e-01,5.873578669903058991e-01,9.340612453127546955e-01,7.186672289639455258e-01,1.029475417164637530e-01,9.317054035671784584e-01,6.605264326131283781e-01,6.412210756241225607e-01,6.112807190845830352e-01,6.448526641231582257e-01,2.474932214681914711e-01,9.744953818610079255e-01,9.137274724754776978e-01,7.338963767232180579e-01,9.886249726928988402e-01,8.286567003663597442e-01,4.313271875324452553e-01,7.414396599509922581e-01,8.392171080097224900e-01,9.323352978934619228e-01,8.673682670500504344e-01,9.815372156429463812e-01,8.632723362936621792e-01,8.941615763141463891e-01,7.794101675145820307e-01,3.296441366248902827e-01,7.464617900830208264e-01,4.092548575000802824e-01,2.557221691663656982e-01,7.281920916615064465e-01,5.816994084778952523e-01,9.601991677180421458e-01,8.362659092904320968e-01,8.935869094856304651e-01,9.417338332756350905e-01,6.810026523652784602e-01,8.756829155717922308e-01,9.700172475674517791e-01,9.724247772148522095e-01,9.490951733076712360e-01,7.177578367602894804e-01,6.052317363042585274e-01,7.513549800378563903e-01,8.105897722857562382e-01,8.552416288865852811e-01,9.310197976347204252e-01,8.148279848708704642e-02,4.281208321968769104e-01,7.734870013842378711e-01,8.986836848938947186e-01,6.825015777312823939e-01,4.875491220403812553e-01,9.206615361021105448e-01
7.040985048502139687e-01,0.000000000000000000e+00,9.639261597702950546e-01,9.146213868432752081e-01,6.923639140378023971e-01,6.531394077918374341e-01,3.613371549845827424e-01,5.289523268629541253e-01,9.950338090563847215e-01,5.117973015756047683e-01,6.391362165248160032e-01,8.754629046798271252e-01,8.749373586091601096e-01,5.832267821965451127e-01,6.169740580293030519e-01,7.110660895891242061e-01,5.843082489652029476e-01,6.130669054645733196e-01,5.575673584560899565e-01,9.855922397895372500e-01,9.059103029382798988e-01,3.193040343181926533e-01,9.025856202243509596e-01,6.590511403850372041e-01,5.922213902201240998e-01,2.409466330649525367e-01,8.020093729293593654e-01,8.516746889219712902e-01,8.587519061733360493e-02,6.306006725977698624e-01,1.721370954134835429e-01,7.229511205832567233e-01,7.470445289199523220e-01,4.933741889415635962e-01,3.221101940934786301e-01,7.724293718884618354e-01,4.239113580390042046e-01,7.370969631126647048e-01,8.215420971148634788e-01,9.541645072834594732e-01,5.761963204901077162e-01,8.365879308344715826e-01,7.532091596365491082e-01,9.021569709049225283e-01,9.383611344216584715e-01,3.744642725426639562e-01,4.506449284672664479e-01,5.596645481545734491e-01,5.819923796254868886e-01,2.879558054966814828e-01,6.540297515036843645e-01,7.577970742294394269e-01,6.308833676097750365e-01,6.626853203396232406e-01,7.498713254766941061e-01,8.277724163754277553e-01,7.848458145175303269e-01,8.339931745267709085e-01,7.747920593528639932e-01,3.902849495264194557e-01,1.215290724393462418e-01,7.567468272890298664e-01,6.642526517621937243e-01,8.089634698460765883e-01,8.978969951234877511e-01,5.096180433156135559e-01,2.998257065852062420e-01,4.940467399603974408e-01,6.157862933083095847e-01,3.952679961938314057e-01,7.277670827888820249e-01,7.047710698483813374e-01,5.846869647668750947e-01,5.446450465239284222e-01,5.582198331952875625e-01,6.677835879923132989e-01,2.492411759682169881e-01,6.144237643739045573e-01,2.953228068946829321e-01,2.344824709172843857e-01,6.418432364466837292e-01,4.748448681347673950e-01,5.825277131232627914e-01,-1.961676181160953991e-01,9.586850637892867510e-01
8.987831346914841868e-01,9.639261597702950546e-01,0.000000000000000000e+00,9.274880212391364287e-01,7.697299408439906010e-01,7.935901569090846319e-01,9.735727776845994885e-01,7.323622995235095079e-01,9.887546612536456392e-01,5.425643956487281594e-01,9.732441306684146420e-01,9.995427624593176130e-01,7.464871471526521862e-01,5.094629470784981518e-01,6.224785336447474782e-01,8.941243608640889740e-01,6.863508543417623509e-01,7.218128666269474358e-01,8.206083557886372226e-01,7.420699272171176197e-01,1.663408520773852761e-01,8.553281728781397808e-01,9.098930462940927333e-01,9.106823897236241416e-01,9.640926284155535431e-01,5.099793166747448314e-01,8.062663621729534436e-01,9.801243590139826489e-01,-1.784172202186249112e-01,5.740104461125081770e-01,6.222205537999105918e-01,9.617150837021738452e-01,9.282430942966222176e-01,8.748979535337481073e-01,9.479606260798281170e-01,3.593424595078767991e-01,6.375029660840553225e-01,4.128461613942310815e-01,9.233790807180869420e-01,6.253993778497157763e-01,7.492900193554423716e-01,8.655975314424233513e-01,5.325154529664117842e-01,4.579401718092789841e-01,7.214447214095406347e-01,-1.704261726981000646e-01,6.564504177619084890e-01,7.074410877190433489e-01,9.503871394421274932e-01,8.422214967154846299e-01,9.343024891617611738e-01,9.092286109305162123e-01,5.753304321238039698e-01,2.374604829421309016e-01,9.362610064713070557e-01,7.309945528779782098e-01,5.819096020471445918e-01,9.611450385893636206e-01,9.622063358192890492e-01,4.381508377635782159e-01,2.107671017340436992e-01,9.515871445864774181e-01,8.617756555280196018e-01,9.789063346568475099e-01,7.740426014091901230e-01,6.873431606884378153e-01,5.955705716281298745e-01,5.117808385597808485e-01,8.063464907337306586e-01,4.696538926049316220e-01,9.520785894644725467e-01,9.814144691174969681e-01,2.983337872276570213e-01,5.252271212681393076e-01,9.269322118925102938e-01,6.320630682189136706e-01,8.966516368599224407e-01,8.462366681681733338e-01,1.385112820177567261e-01,2.037655111780778960e-01,9.374101340017405581e-01,6.044359887598900194e-01,4.970904482914051958e-01,8.299655431482392265e-01,9.702300573117146332e-01
9.476475718847554575e-01,9.146213868432752081e-01,9.274880212391364287e-01,0.000000000000000000e+00,7.271325529406884591e-01,7.067141761373136877e-01,5.241842587643650297e-01,2.243534439987020235e-01,9.704938543400686290e-01,8.775177513181229294e-01,9.310206520318244916e-01,8.665895627893485109e-01,3.786290768596884404e-01,9.670079483211369009e-01,9.121048111145367843e-01,9.354935187204422853e-01,6.338710227590157453e-01,3.727315894159083376e-01,1.871788975204561334e-01,9.505241918374056631e-01,9.546793185089721412e-01,7.736267242784813369e-01,3.370607473627396100e-01,9.482137539632682355e-01,6.332782068717034418e-01,8.189236372346664350e-01,6.739367641230780137e-01,9.910718955503224903e-01,4.825591158662495550e-01,2.602582524321877533e-01,3.703335544580296235e-01,6.722232935155245670e-01,8.078802749884903545e-01,5.867814525643311185e-01,6.412144193663114056e-01,1.801116405337621629e-01,1.669849465369073124e-02,6.050024910764587593e-01,6.619833565373542950e-01,9.785140992344472100e-01,4.441660037820712170e-01,8.616809230036110989e-01,6.670567018201709608e-01,9.625665228823931940e-01,8.051078466697064728e-01,8.735899273360883122e-01,8.790745717876232712e-01,2.397108362838009099e-01,7.355570572088598880e-01,6.472142578242023880e-01,5.441833886402339671e-01,6.040997543816869486e-01,6.842587215565144598e-01,9.470581465244426456e-01,8.983667436164974873e-01,6.127964705614481478e-01,8.713399023013231881e-01,6.291603597612951404e-01,8.353964103177342615e-01,7.366631391749317581e-01,7.998070212628243247e-01,8.236959098241956045e-01,6.481638668953217941e-01,6.390144242768278637e-01,8.456904163663467866e-01,9.662479238790006031e-01,6.822512913790267364e-01,9.281433314288803915e-01,9.378900462544262351e-02,7.157807400413881416e-01,6.051304642314314641e-01,7.822107436922216550e-01,7.232465194455691693e-01,7.319503672148488516e-01,8.027706582663157731e-01,8.682913985285454217e-01,9.150989914327333219e-01,4.136275229815470356e-01,1.260304052459302881e-01,3.588393205163582511e-01,3.206361338066547884e-01,9.725936929936100928e-01,7.110145523758989450e-01,7.381940093030027183e-01,7.955272904954664437e-01
9.581877006405630226e-01,6.923639140378023971e-01,7.697299408439906010e-01,7.271325529406884591e-01,0.000000000000000000e+00,2.053600935834764551e-01,5.112612706772196036e-01,5.636199865515433283e-01,9.710152915023256837e-01,6.073296968410647478e-01,8.254808949149229358e-01,4.637772022661889038e-01,9.558650702526940712e-01,6.695147885452112924e-01,8.904720627113958953e-01,6.604942872943151411e-01,7.196646578667483807e-01,9.481732442726839016e-01,8.310061509030436389e-01,7.347778562033309147e-01,9.929734196990182005e-01,7.570189724665110642e-01,4.747146367756492347e-01,8.685087394874213551e-01,7.593542837645332888e-01,5.696826299927404413e-01,8.118321152342653502e-01,1.221380198419366736e-01,5.033544618846169660e-01,1.159958939403771122e-01,1.744368389139420161e-01,4.382207403455039563e-01,9.738016630756498593e-01,2.953255775255209103e-01,4.671840744547505198e-01,3.680213329290550894e-01,7.896214542939568315e-02,7.955600053860500953e-01,7.606167791730824579e-01,6.823824575366781442e-01,-1.803152552531855912e-01,9.815123969682056915e-01,7.007426702345377345e-01,4.169341301826697266e-01,8.807002752461685624e-01,9.264743997090889582e-01,7.328213339027388473e-01,1.822533311455132865e-01,6.872031842126677947e-01,9.949255335245523746e-01,8.701692245790922930e-01,7.411024434503588054e-01,6.010210674702761713e-01,5.357994486197128481e-01,3.983801923619917917e-01,8.731646789221343408e-01,9.847270675866321987e-01,8.827585480529878126e-01,8.648597792115797489e-01,5.742993366913821118e-01,2.673510502893710061e-01,5.082756416660166865e-01,7.889799445068692574e-01,9.375136283943275028e-01,8.253640532977651878e-01,6.429740019902951964e-01,8.140039206494136259e-01,8.633808350646463570e-01,3.681043141553370646e-01,2.107387852862215027e-01,9.855606014336721898e-01,6.299235499989171982e-01,6.830134331869779363e-01,4.954678276999424646e-01,3.771806088148257907e-01,9.081038472804764394e-01,9.340921614112334126e-01,6.992616737246524217e-01,2.737416266842462309e-01,3.980870516653625124e-01,5.389051657298642439e-01,8.267070258367856805e-01,7.850275686586689616e-01,3.059890543350496372e-01,2.349340804261465798e-01
5.897016073375953571e-01,6.531394077918374341e-01,7.935901569090846319e-01,7.067141761373136877e-01,2.053600935834764551e-01,0.000000000000000000e+00,6.556574656639042598e-01,6.300833093043738398e-01,7.035782712698310792e-01,7.494373570624007774e-01,6.391470167062379693e-01,6.310257772513533370e-01,6.181359008689312207e-01,4.455560522735713680e-01,5.932341427854808114e-01,8.406006545150704889e-01,9.553289509601807783e-01,4.183781991956687096e-01,6.929577825660890866e-01,9.205340728752835489e-01,9.268249780872190868e-01,2.045268799115359803e-01,4.330217479288384075e-01,6.170772737081570147e-01,7.197896358760171864e-01,8.534334542370072274e-01,8.232109012481694243e-01,7.534515258274512295e-01,5.945084082702999373e-01,7.332204131226980337e-01,6.603210095423728276e-01,5.230264247237236264e-01,9.361618419646473566e-01,3.001555280095693501e-01,3.801752826145897712e-01,7.249402368445622136e-01,5.388443298319773866e-01,8.194590688966287839e-01,9.228120904244381251e-01,7.103873753417279113e-01,5.742899776052727834e-01,8.110871717462422303e-01,8.243405449809741992e-01,9.859073656338461777e-01,8.023434582110405833e-01,8.168997100360083641e-01,8.783486737516055243e-01,6.768149027078886881e-01,9.758761592422674491e-01,2.046154886197532885e-01,7.120023962977155563e-01,5.907800541117603776e-01,7.011243216574377657e-01,6.322799097373105193e-01,7.237313576887850486e-01,7.087759460556711799e-01,6.540390405264837614e-01,5.917728422355915674e-01,9.846719857354535588e-01,5.733721530699245061e-01,4.447381630265788699e-01,6.325905772520837855e-01,6.175609567084472395e-01,7.998019159373563891e-01,4.321896931489418447e-01,6.372285770083615519e-01,5.063338731513932212e-01,2.000347253142753523e-01,4.639521932909209667e-01,7.480368941638366742e-01,4.310446361438313168e-01,5.926787595167619660e-01,2.525647721662874767e-01,6.869429986544961508e-01,2.340122283531749781e-01,3.177533163329842036e-01,7.797558598554901188e-01,2.112513623198190305e-01,4.556007327152582498e-01,1.023140142372807038e-01,7.037312465773698511e-01,8.280628551182946939e-01,8.407422558164204807e-01,4.344394400662358602e-01,7.400342509310942063e-01
6.295943904348711984e-01,3.613371549845827424e-01,9.735727776845994885e-01,5.241842587643650297e-01,5.112612706772196036e-01,6.556574656639042598e-01,0.000000000000000000e+00,5.875816585205165810e-01,5.024175229669880505e-01,4.078107215358370286e-01,8.928442775121951946e-01,6.830167151283398352e-01,4.068532429749070478e-01,5.775014273137373255e-01,7.662038040139490525e-01,2.890374428047345901e-01,8.372809594112669007e-01,8.798049394844786875e-01,5.481867376419858884e-01,9.082851091025767598e-01,8.233790296190627300e-01,3.887303268385159383e-01,6.066695679598332891e-01,4.096263349747019111e-01,8.885270808445163704e-01,7.892025649308203050e-01,7.263636779656545972e-01,6.901765201600045252e-01,3.761316475039216262e-02,7.825736903316939941e-01,3.159148949521899397e-01,4.049945024011489814e-01,4.703778954412726199e-01,3.500607209484640769e-01,3.510112154612561319e-01,7.803103795264580977e-01,3.862504316721991904e-01,4.921538875644633770e-01,8.332429723266221444e-01,3.437697845532500240e-01,7.114375996931265878e-01,4.427480791098315493e-01,9.342580685183520250e-01,1.042114771166759851e-01,8.563313765630792274e-01,7.832317994445825438e-01,1.704346013447475272e-01,1.388871705290783687e-01,2.066092339928568278e-01,6.289267129459816807e-01,7.929448589726335594e-01,6.933258017607992763e-01,6.899946601096751397e-01,9.234514935610674824e-01,7.223968269754005300e-01,6.660391172406091576e-01,9.501689008867348907e-01,6.632068128022272635e-01,6.545021257959862115e-01,1.625073521280318289e-01,5.614604384495801570e-01,7.258697871862058726e-01,7.414898815133781351e-01,8.028887560077041519e-01,6.396011031100987676e-01,7.391605129450772305e-01,1.348470792159508214e-01,6.410558892283257926e-01,9.883828969123406027e-01,2.098868898019762008e-01,4.047802269989801416e-01,7.758181784288550320e-01,5.682604007163684079e-01,2.950065561324169972e-01,5.046072410978931222e-01,4.984461620274475147e-01,7.091667249318758248e-01,6.883977148877322705e-01,5.869896930239802968e-01,2.112553371895651844e-01,7.121137046774809187e-01,6.599137922382057875e-01,2.270900536234209122e-01,7.054420701113511827e-01,7.259379044455344099e-01
9.616188557377780555e-01,5.289523268629541253e-01,7.323622995235095079e-01,2.243534439987020235e-01,5.636199865515433283e-01,6.300833093043738398e-01,5.875816585205165810e-01,0.000000000000000000e+00,8.798370851675212378e-01,9.267047452852692491e-01,6.659825418715926704e-01,7.818036784823026997e-01,6.866038357936438130e-01,5.611658076092247427e-01,3.397448005284567918e-01,4.927526540188471582e-01,8.123114512651595787e-01,7.829184698643756324e-01,2.963936904434976705e-01,8.456478327764390679e-01,8.138256284756267833e-01,4.909460172460700655e-01,6.090239867963466169e-01,2.336973836571999141e-01,3.072042235640688457e-01,2.867333805521767864e-01,2.034547847397339682e-01,3.714323146435790646e-01,4.603874447043062590e-01,4.153425649594374991e-01,-4.448922652856046600e-02,7.635262743914676964e-01,5.846221639413768933e-01,4.587646184413941008e-01,2.890358168222659785e-01,7.831926682052436917e-01,7.204569983671468281e-01,8.845829933207471907e-01,8.281442515893928658e-01,7.840315302840454859e-01,1.828347245366566121e-01,4.487236574509670950e-01,9.920589693718727675e-01,9.998756987145680508e-01,7.940930508465436910e-01,3.072206896343278038e-01,2.843776094726157555e-01,7.697179425980325007e-01,3.602485769305113772e-01,9.506714360591936863e-01,4.688711792341980211e-01,4.672008795530781522e-01,7.611514389064925057e-01,5.654737295565429589e-01,8.688892097697921146e-01,7.955767792324004439e-01,7.515068860596371136e-01,5.610460690442294895e-01,8.468496566633114675e-01,6.656325911420886143e-01,4.780760401265160553e-01,7.478530562688496808e-01,6.927696305095917273e-01,7.944532375642028299e-01,8.799487896564752720e-01,4.725080532200882089e-01,5.717050909685068572e-01,7.069974482650077663e-01,7.418924271088227496e-01,9.833809909300487151e-01,6.945857586266028783e-01,1.809305443931686908e-01,4.187225138990223750e-01,2.176369535797099963e-01,2.360438486360679211e-01,1.579421795719360422e-01,5.439131944559078002e-01,8.041032237304447383e-01,7.166253873570753719e-01,2.273556262611118872e-01,3.129441922279357913e-01,5.637475101123736732e-01,2.523142459639944879e-01,8.820265734072607611e-01,4.427922208996650233e-01
5.103175404583124575e-01,9.950338090563847215e-01,9.887546612536456392e-01,9.704938543400686290e-01,9.710152915023256837e-01,7.035782712698310792e-01,5.024175229669880505e-01,8.798370851675212378e-01,0.000000000000000000e+00,5.656130226733894206e-01,5.498525819724592312e-01,9.528783951596605517e-01,8.606317214333356613e-01,9.443233449690295878e-01,8.017874232153865410e-01,7.682389484239702249e-01,2.047482303269330256e-02,7.225033544743553193e-01,4.673382809406118610e-01,7.858709724594261647e-01,6.415774892865195866e-01,2.423597414909979264e-01,2.342557323433745176e-01,9.943106430376316140e-01,3.203389289953227914e-01,9.277204102010004894e-01,9.873344202167337880e-01,5.883874181992900798e-01,6.515578941161470627e-01,6.942926949199537123e-01,7.731206083823374264e-01,7.950990273922238227e-01,4.089143943466845288e-01,9.128734980652055686e-01,8.737112507712347931e-01,-1.927007950341020626e-01,2.667550365150416769e-01,5.722648323025184558e-01,9.266503946678512627e-01,6.244413073917668422e-01,9.391601313436607201e-01,4.160427395235022363e-01,8.561865956560031909e-01,9.820912971154389659e-01,5.785868850888054027e-01,9.048842984114134902e-01,3.042105749956507954e-01,-3.569201044666889255e-02,7.987601444273833007e-01,5.139685567488913032e-01,8.609669471571158583e-01,9.856889104102777299e-01,2.656838408836035836e-01,5.359817123918304560e-01,2.459262542064310497e-01,7.291839453083333034e-01,7.376666708871433276e-01,5.947148043619958635e-01,8.523336658036512192e-01,5.635064741243849262e-01,4.956394084769018549e-01,7.735427365611317052e-01,5.898673771881106642e-01,9.419992549395588277e-01,6.939469079987310440e-01,-1.168789431046008409e-01,3.495513691761679143e-01,9.640439890909039411e-01,8.213636265517740842e-01,9.626615561642515306e-01,6.167111251749839429e-01,9.706023691710589096e-01,3.725717748211970770e-01,4.000538975372785466e-01,7.705228238007403307e-01,9.490619477433389628e-01,9.003803059000595743e-01,8.760493709663406126e-01,5.142483107661611763e-01,9.017947817582763759e-02,3.549298548467518799e-01,9.940137438433516159e-01,5.846548818114882806e-01,2.669537546748856904e-01,8.961956397473297420e-01
8.771987103087456328e-01,5.117973015756047683e-01,5.425643956487281594e-01,8.775177513181229294e-01,6.073296968410647478e-01,7.494373570624007774e-01,4.078107215358370286e-01,9.267047452852692491e-01,5.656130226733894206e-01,0.000000000000000000e+00,9.060422897968970490e-01,7.551378247196254279e-01,8.137414592370747490e-01,8.648605087587361018e-01,7.146647798599451429e-01,1.308836091437120819e-01,8.790883101318257564e-01,6.714738118027642200e-01,6.826964922037517258e-01,6.341724368343847340e-01,9.735357825575969848e-01,7.312845227968597372e-01,6.493524908151495634e-01,9.870391638895003039e-01,8.803294880224293850e-01,5.323049414861927842e-01,7.856248480064361717e-01,2.257394738985132043e-01,2.925266053093297791e-01,6.643804489372111544e-01,3.465161383392878491e-02,-1.579125304248071848e-02,7.139522393143996615e-01,6.807398805117310658e-01,7.013943313341877150e-01,5.614546147834449386e-01,1.468197028585546404e-01,5.301719257651640316e-01,9.451199372938275944e-01,3.290246334214624868e-01,3.121431155085295783e-01,9.868490036401499355e-01,7.546339587845392050e-01,9.096643165331237402e-01,3.756046645777836313e-01,6.306586776688376528e-01,8.159454528407583673e-01,7.795159548039156672e-01,7.823538979647379765e-01,8.815212685502226142e-01,7.829583538430059386e-01,9.771660473347197895e-01,7.576572595829564882e-01,7.603463960081211503e-01,8.502259489950996230e-01,8.522545623327508757e-01,6.620398609864855954e-01,6.326990163035921544e-01,6.102975275028266200e-01,-8.827649123058001202e-03,6.951821513485149928e-02,3.686305668386145040e-01,7.285248540439135390e-01,8.980227656892387778e-01,9.600780480753490220e-01,2.964391232735713588e-01,8.179610438762683344e-01,9.584608379788372989e-01,8.162996945607043919e-01,7.646985697921563352e-01,8.748518766580629658e-01,5.450171984734250019e-01,6.165739204977883636e-01,8.334825370815002188e-02,5.260317054407445125e-01,9.563052939454420587e-01,4.516244408285736700e-01,2.175681538028373663e-01,5.592325247972613766e-01,6.464288141441159041e-01,5.753225267314897584e-01,9.277698442077879637e-01,7.663749950925652366e-01,5.005765326426580009e-01,7.437176683321972126e-01
6.970093111940041108e-01,6.391362165248160032e-01,9.732441306684146420e-01,9.310206520318244916e-01,8.254808949149229358e-01,6.391470167062379693e-01,8.928442775121951946e-01,6.659825418715926704e-01,5.498525819724592312e-01,9.060422897968970490e-01,0.000000000000000000e+00,7.360808244829093461e-01,9.192228020315446058e-01,5.977986365472819363e-01,6.106008268092582014e-01,6.550433128413454265e-01,7.270081415869344976e-01,7.018509361120609524e-01,7.069772705686823144e-01,7.666768821045986115e-01,9.763393483143476548e-01,2.246179329149018689e-02,8.520151122390184906e-01,8.136338401724582114e-01,7.819301398679419091e-01,8.282534384204960354e-01,7.292357588160101045e-01,5.404838442555808253e-01,4.224114237448888809e-01,6.253914469486911987e-01,3.138096437306246433e-01,7.504477419627707535e-01,4.309886400870776013e-01,6.287784540800639421e-01,6.414823081009813910e-01,4.568223315063536516e-01,5.043530721485155466e-01,8.502899846756860613e-01,1.616928836125077484e-01,3.621997932025389222e-01,3.533775615779846113e-01,8.660284946006882034e-01,5.355881523028330760e-01,6.768244871204152080e-01,7.119370169745443677e-01,8.179694051765262763e-01,2.733406406051963056e-01,6.775145207317238016e-01,4.350074408130045756e-01,8.262884644157972858e-01,2.077364573736097675e-01,7.324817214513630326e-01,7.421124030486792034e-01,4.226336504103703207e-01,8.458142460819630948e-01,8.576832774030580531e-01,8.909032096341130691e-01,5.541646581621380019e-01,9.853590560444565050e-01,3.073311321302851784e-01,4.431169700274379397e-01,6.734447357160563419e-01,4.807181463953633105e-01,6.671965866142555157e-01,6.430716315908113767e-01,6.592190601964305063e-01,8.331538954504760230e-01,7.707391544267533368e-01,6.178195564318804678e-01,6.347015997956884092e-01,8.865967775120588978e-01,7.249824972467553419e-01,5.138776685847399328e-01,3.301029901483487627e-01,1.624981844328132752e-01,6.171641541684229626e-01,9.502851013202586739e-01,4.830068941590929810e-01,2.699293279213466068e-01,3.951626025644093265e-01,3.190600000986155149e-01,1.401466326391969663e-01,4.946371350307324777e-01,5.320043520617068200e-01,5.042948517032488365e-01
9.473077735970073521e-01,8.754629046798271252e-01,9.995427624593176130e-01,8.665895627893485109e-01,4.637772022661889038e-01,6.310257772513533370e-01,6.830167151283398352e-01,7.818036784823026997e-01,9.528783951596605517e-01,7.551378247196254279e-01,7.360808244829093461e-01,0.000000000000000000e+00,4.020844688279516244e-01,7.335704926162520678e-01,4.443232244307364631e-01,7.986888373134510832e-01,7.411287429832437157e-01,6.455135103177920275e-01,5.303340383235055633e-01,7.080365912299486642e-01,4.051575365225837944e-01,9.131822076145761358e-01,9.605408642076830317e-01,7.731611956879624881e-01,5.334889588088501666e-01,7.143454367800896598e-01,7.892021855969610922e-01,9.270912320913736737e-01,9.801817251713416945e-02,2.299644571843192375e-01,1.722006487210004932e-01,7.954234513322810951e-01,2.553588241627040012e-01,6.537871472707640352e-01,5.686180480917595315e-01,7.919611856766476388e-01,3.867737414451164479e-01,7.679851529157721846e-01,9.139093306743916179e-01,8.661687566701260499e-01,5.961723218639505273e-01,5.208871066952609485e-01,7.740975714581873612e-01,8.653414121858736818e-01,8.747680327710791737e-01,6.837386029374089569e-01,2.174394069974647792e-01,9.227947760492045681e-01,4.766810552028408754e-01,6.222278699480925379e-01,7.008985393092779237e-01,4.275076655400622538e-01,7.619551894136828984e-01,6.156240216517369079e-01,8.608909888718622172e-01,8.156428147828391761e-01,9.887523060037231026e-01,8.152125203211286752e-01,7.957700319067932959e-01,4.172815627936796723e-01,3.654264713359706707e-01,5.774949668522171287e-01,3.960504982494876813e-01,8.289349331073562199e-01,8.193611604574109197e-01,6.105165970302502965e-01,7.332122848012159189e-01,3.559314181671983102e-01,8.746304972168374992e-01,6.513513407964084401e-01,4.587698659605241036e-01,9.993714952061047985e-01,5.114743015244266333e-01,7.614746109342900304e-01,5.709243449853005359e-01,6.235569160601746042e-01,8.576065945105839639e-01,3.314426766389246826e-01,7.434721968795925395e-01,3.649692585893312136e-01,7.918504564967367987e-01,6.012095371012636802e-01,9.769651717677378944e-01,7.052830506070253413e-01,4.562905928406899569e-01
5.966329210856592402e-01,8.749373586091601096e-01,7.464871471526521862e-01,3.786290768596884404e-01,9.558650702526940712e-01,6.181359008689312207e-01,4.068532429749070478e-01,6.866038357936438130e-01,8.606317214333356613e-01,8.137414592370747490e-01,9.192228020315446058e-01,4.020844688279516244e-01,0.000000000000000000e+00,4.525751902603514787e-01,7.939509615914140950e-01,7.438251011680583336e-01,8.932631820772408693e-01,9.435084409055236598e-01,6.236641933317776942e-01,8.923993420922464725e-01,9.242793959706300244e-01,5.166090019189130134e-01,9.654199782066990032e-01,7.248778084582334635e-01,7.868998544447808330e-01,7.539352889495291032e-01,4.860924390426141217e-01,9.584799028345430960e-01,6.292412255314695502e-01,1.151080274650720936e-01,3.102690391112631341e-01,4.573687583834615267e-01,7.670362553181946375e-01,7.322817921143522923e-01,8.204426262229399525e-01,6.974416699688368304e-01,2.618480291502210955e-01,8.699057834244466880e-01,8.241709487215737040e-01,7.854512843554043444e-01,2.137366863950151685e-01,3.511770664085032134e-01,5.714121814341557304e-01,8.945658453739790961e-01,7.885857630145212127e-01,4.510738188727445586e-01,8.321708866952148842e-01,6.602274871220882302e-01,5.355723741991028630e-01,8.284082222580005928e-01,5.099412985102078633e-01,8.035564974413350603e-01,6.615846236564479899e-01,7.365086101702382759e-01,6.109549017608383314e-01,8.499381101826003482e-01,7.899386159497979731e-01,9.027328611599888530e-01,9.577704451102212468e-01,4.436169484993141010e-01,7.201190285080029119e-01,9.996776156611193453e-01,9.539204804529018977e-01,6.112589863254528355e-01,9.727745354833760016e-01,8.250915832809112560e-01,8.606530230385738278e-01,6.175362443552785408e-01,3.371290250967764468e-01,7.406071535060334554e-01,7.827561213040468147e-01,7.892960027666904299e-01,7.631797067048677885e-01,7.575779869454249971e-01,6.295467223688755443e-01,9.571363421469055721e-01,6.724170801985968060e-01,6.389748816197470260e-01,4.951457415103019399e-01,7.505312000328339117e-01,2.659524574527262208e-01,8.532104622211833522e-01,7.850836068973490178e-01,4.073004471150667993e-01,6.309920850044216101e-01
5.642437370803305985e-01,5.832267821965451127e-01,5.094629470784981518e-01,9.670079483211369009e-01,6.695147885452112924e-01,4.455560522735713680e-01,5.775014273137373255e-01,5.611658076092247427e-01,9.443233449690295878e-01,8.648605087587361018e-01,5.977986365472819363e-01,7.335704926162520678e-01,4.525751902603514787e-01,0.000000000000000000e+00,6.752117348162103294e-01,7.702001695609418386e-01,8.653988028333876592e-01,8.476125662313721554e-01,3.205126558528729741e-01,7.782066977523680595e-01,6.702465889512196906e-01,5.504975114728513086e-01,9.488250804842768282e-01,8.614459168310314441e-01,4.561073290665475510e-01,6.496030362697718941e-01,7.669361936585502582e-01,9.782349566128865082e-01,6.344320685117227354e-01,2.009073606173419901e-01,4.551790649478296147e-01,5.005957892279269128e-01,8.598084309939796333e-01,8.699328089436235700e-01,9.441278693587906723e-01,7.688579227118257364e-01,2.299348659856377541e-02,3.890245996730385958e-01,5.274530603974599829e-01,2.167910766421632385e-02,3.462514643662417679e-01,3.866592651435967198e-01,9.746735977642750903e-01,5.792835420570787708e-01,6.963087719575417056e-01,9.233330435853197571e-01,4.981026486470500614e-01,2.444425973966638799e-01,9.523033839753606289e-01,3.936399078656860340e-01,2.852788467306898168e-01,7.815954132880351679e-01,8.441984489701181982e-01,4.894746564384214738e-01,8.486708317374679345e-01,5.479444425620820791e-01,5.138623348538541302e-01,2.251518537036928946e-01,6.459944185518802229e-01,5.127321192423146545e-01,2.662279060388008101e-01,6.285953036797614635e-01,7.954223430150192398e-01,9.777299363643929819e-01,8.371755896228115779e-01,9.177738180637590171e-01,8.611713768071527220e-01,9.447358396706685424e-01,7.700879143300750629e-01,7.507553773111935724e-01,7.939238101607276610e-01,9.245228968566471250e-01,3.121296934609117946e-01,3.575159419555841711e-01,4.593931999168241465e-01,9.550652983942043983e-01,9.008045048300056257e-01,6.037307630783796952e-01,3.695770988967266302e-01,2.784952835691825723e-01,7.837356355130192798e-01,2.168835492956119881e-01,9.992362533519382195e-01,3.593757317633345383e-01,3.894476076859431646e-01
9.214267920127494627e-01,6.169740580293030519e-01,6.224785336447474782e-01,9.121048111145367843e-01,8.904720627113958953e-01,5.932341427854808114e-01,7.662038040139490525e-01,3.397448005284567918e-01,8.017874232153865410e-01,7.146647798599451429e-01,6.106008268092582014e-01,4.443232244307364631e-01,7.939509615914140950e-01,6.752117348162103294e-01,0.000000000000000000e+00,4.904853348589858220e-01,7.547620691664104209e-01,7.516923568350000195e-01,8.582075747690453005e-01,2.424494261231289749e-01,9.932421601250203125e-01,4.078649147647621653e-01,5.061742141094895953e-01,7.383732113077209336e-01,4.088253269903638909e-01,6.120191693885231876e-01,7.976530767139693445e-01,4.737116767205705736e-01,3.588917719578805787e-01,3.473679086808728611e-01,4.102069554723458134e-01,6.382530721174966004e-01,8.335610881995850763e-01,9.636345495713167786e-01,6.883986918729477766e-01,5.689559042705074621e-01,2.898136586695765349e-01,4.272198744193951847e-01,9.918615071248859660e-01,-6.012740437055688614e-02,4.667076278277740853e-01,5.776019377255854348e-01,8.795072854693248843e-01,3.476802146650007641e-01,7.233832745347515969e-01,2.412222687619891837e-01,7.797149226116075749e-01,3.953217003822462328e-01,4.088590177986427543e-01,7.066974087333801613e-01,4.423476432972947570e-01,4.849610100865938689e-01,7.814415776314110884e-01,3.549752843827838067e-01,7.772554930218864566e-01,9.990648997833643241e-01,2.719973957232678097e-01,8.583645677245563821e-01,5.353227634561072978e-01,3.541384274467838100e-01,4.619909644598118037e-01,4.066055270820823631e-01,4.827304676405578254e-01,9.735843864207773812e-01,3.752671963934705035e-01,7.174009735977858737e-01,5.802772977614888417e-01,6.027444125656475915e-01,7.723531566856208785e-01,4.673856571732707965e-01,4.346940170431713990e-01,4.997560776042395125e-01,4.949643139597258434e-01,8.929246490357767296e-01,8.764458423897008021e-01,6.552018730372530797e-01,7.383055546420296267e-01,9.881239351939219429e-01,6.100397733756549590e-01,2.805845376668997249e-01,7.227530095806290467e-01,2.632799576594835322e-01,4.019285644320886863e-01,6.464725292888681141e-01,9.754781167150746723e-01
8.422060109114575255e-01,7.110660895891242061e-01,8.941243608640889740e-01,9.354935187204422853e-01,6.604942872943151411e-01,8.406006545150704889e-01,2.890374428047345901e-01,4.927526540188471582e-01,7.682389484239702249e-01,1.308836091437120819e-01,6.550433128413454265e-01,7.986888373134510832e-01,7.438251011680583336e-01,7.702001695609418386e-01,4.904853348589858220e-01,0.000000000000000000e+00,6.853308409741714069e-01,6.031305050977370241e-01,9.579051389274987338e-01,9.826385345959259832e-01,7.009982580826804588e-01,4.174583507842119512e-01,8.867665505478445898e-01,9.917809764027116781e-01,7.921665388959460152e-01,5.444106688552664552e-01,5.649892766992680171e-01,5.152439908102325328e-01,8.089503775145748810e-01,3.198434105941273531e-01,7.131209791536929909e-01,3.308783153487796502e-01,4.851279416875840522e-01,6.802054242068001910e-01,6.989684404030059861e-01,3.011975386067737293e-01,1.173423439892967157e-01,8.779764235039158038e-01,6.378508747824220837e-01,-1.242473941362092771e-01,5.271443948127028101e-01,9.182310261731786438e-01,8.776622760275603063e-01,7.227596325955223389e-01,9.091452707077799511e-01,4.674355099956480908e-01,9.425935007504022689e-01,4.392408752461416377e-01,5.307710753243674029e-01,8.427398550989457782e-01,6.651234824712634053e-01,3.906110649997777129e-01,4.296371347244772321e-01,6.349410236838262112e-01,6.450431386003291356e-01,5.043546934630436240e-01,6.653710136806513242e-01,6.140910772766521308e-01,7.215857069907869459e-01,7.419122970093656733e-01,7.191234485323650949e-01,6.558858141640405703e-01,9.233075193127234792e-01,8.799920119305397748e-01,8.490484282211016032e-01,8.693975404922396066e-01,9.552100754687452566e-01,6.697591672045961619e-01,7.321555566724157194e-01,5.741822595612251501e-01,8.523160823116812113e-01,8.096760000066673957e-01,5.601330209389732140e-01,7.579288234261513102e-01,9.340321746876205644e-01,5.584851749784727204e-01,9.165007694915869862e-01,7.988908146054695125e-01,4.107590270626088058e-01,7.793164144551603112e-01,6.898760595932130757e-01,6.024489379618267471e-01,8.912261158194831889e-01,3.054682929624925880e-02,7.930401984255861514e-01
9.578150575583068704e-01,5.843082489652029476e-01,6.863508543417623509e-01,6.338710227590157453e-01,7.196646578667483807e-01,9.553289509601807783e-01,8.372809594112669007e-01,8.123114512651595787e-01,2.047482303269330256e-02,8.790883101318257564e-01,7.270081415869344976e-01,7.411287429832437157e-01,8.932631820772408693e-01,8.653988028333876592e-01,7.547620691664104209e-01,6.853308409741714069e-01,0.000000000000000000e+00,6.874776318692382704e-01,7.008108333371591003e-01,7.889194664896518328e-01,6.898343345499595713e-01,4.201759281768093768e-01,9.550230411234578165e-01,7.283011855729065731e-01,4.662954489756906407e-01,5.946053918899284474e-01,2.326678841252287355e-01,9.743661456022822964e-01,7.373708110867257526e-01,7.904870545301732054e-01,1.495796514796345622e-01,6.065494128054923495e-01,9.379122111865229039e-01,4.038061933379518686e-01,7.293735118263955375e-01,6.301589397580457108e-01,6.581332911987428647e-01,8.861785843889250502e-01,8.211804773963534698e-01,8.003347480242840595e-01,3.020283882087675398e-01,7.889294956230019640e-01,9.070780388863405319e-01,4.353885161218752908e-01,9.865081562021631445e-01,3.575366001450271947e-01,8.849855823736125782e-01,7.696753856697680085e-01,6.985207980363873359e-01,5.126751992906806166e-01,7.750718674767256289e-01,2.848811794110400197e-01,6.190826216989800956e-01,1.706782547444136988e-01,9.070070569471480049e-01,9.488048434255024199e-01,2.017188073401137705e-01,6.468103808359330076e-01,6.214255189652838629e-01,2.369369507922629015e-01,6.028981920152306495e-01,5.489580005604732804e-01,2.312846336767056810e-01,8.059895458944157376e-01,8.199629512014068311e-01,8.555960087390210855e-01,8.544670423500703160e-01,9.021928714581163300e-01,6.154935285003928502e-01,6.336608021373478783e-01,6.084600748457521524e-01,7.662306467303570123e-01,9.986041336936587465e-01,9.628063253306886615e-01,8.971165648764654055e-01,5.404395895592465360e-01,8.432963343390786903e-01,6.799517268855345131e-01,-3.990574377287309238e-01,2.405384108172624880e-01,9.957835051703407547e-01,5.984640046443834294e-01,7.185649869068003737e-01,5.381129226929761700e-01,9.371970879858512182e-01
8.390702010543589218e-01,6.130669054645733196e-01,7.218128666269474358e-01,3.727315894159083376e-01,9.481732442726839016e-01,4.183781991956687096e-01,8.798049394844786875e-01,7.829184698643756324e-01,7.225033544743553193e-01,6.714738118027642200e-01,7.018509361120609524e-01,6.455135103177920275e-01,9.435084409055236598e-01,8.476125662313721554e-01,7.516923568350000195e-01,6.031305050977370241e-01,6.874776318692382704e-01,0.000000000000000000e+00,8.020269593166595712e-01,8.854475046859205944e-01,9.121519524921691824e-01,7.310006005892329961e-01,7.276355889585637282e-01,5.522642213596891114e-01,7.241592195598032244e-01,6.132762712291824903e-01,9.646671505675246117e-01,9.244927689129431858e-01,7.330569646758675617e-01,5.191647368855488720e-01,3.136115802080385873e-01,4.366470950357633773e-01,6.893786338116270063e-01,4.076945804530934803e-01,9.254642441215581439e-01,3.783466298826564378e-01,5.895726097962019630e-01,6.536355632774445423e-01,9.914719283192011678e-01,4.897055134548491950e-01,6.090640181510347251e-01,9.384157332600449042e-01,4.519601883026186928e-01,6.853472665163893307e-01,9.509933663235254908e-01,5.190884598606065881e-01,9.915564788741391133e-01,9.191998970781194433e-01,7.961767247438028550e-02,5.762240291680807980e-01,5.427106382072803825e-01,4.451782546333863388e-01,6.171453880228160438e-01,9.379550261021969426e-01,9.740869657767290413e-01,8.098509776371287661e-01,7.127974950546325239e-01,2.933719777036396525e-01,7.501601553803987077e-01,3.230632781271280396e-01,7.215916576823880879e-01,4.897774724101824351e-01,8.958975204672434689e-01,5.979613435569495206e-01,9.805308819787625918e-01,7.501235852842123020e-01,6.063634498995903455e-01,8.984768247670463781e-01,8.203148743237033136e-01,8.850285100720137743e-01,6.819456789716907830e-01,7.359539211906231948e-01,5.922820338224047410e-01,3.719942949330730109e-01,5.091033015036637854e-01,6.337691107302805271e-01,7.843524746178142104e-01,2.427039499612560491e-01,4.703835965315994461e-01,5.276269774735145024e-01,6.325017524680278669e-01,4.059701823859258596e-01,8.579819810661359902e-01,2.274608150808573037e-01,9.800582022585292430e-01
