0.000000000000000000e+00,7.702825053582468273e-01,9.586277692223426072e-01,9.963127456751941224e-01,9.691024425711168844e-01,4.140588643658507095e-01,6.590977546351255434e-01,8.838731589897407259e-01,6.852063136667463361e-01,6.948796522786352403e-01,5.331066565690069092e-01,6.579118541602532177e-01,8.162611147153924218e-01,9.340572947447072227e-01,8.761780443920272887e-01,8.946197457349407411e-01,7.862153378232009659e-01,6.185765479858312821e-01,7.657149724794525270e-01,6.322341192526392817e-01,8.002754464529878708e-01,9.273243034081242175e-01,7.035011646378485084e-01,7.617165119089521763e-01,9.366900217742202273e-01,7.052015737875991785e-01,5.128674588445937266e-01,5.757226579944666467e-01,7.103825307022644253e-01,4.772814707506672360e-01,4.315023646903174415e-01,9.849016458272813468e-01,9.101509149019433309e-01,6.992786325356722399e-01,8.442236905986000295e-01,-8.309916703012125427e-02,5.077868065500102945e-01,9.422726571374469007e-01,8.780684265023618318e-01,7.633715350873971905e-01,6.294786076577828515e-01,8.464307660525534072e-01,7.595985152876960633e-01,7.125826596784469169e-01,4.668639507865487426e-01,9.083495133611477756e-01,7.323695274812100919e-01,9.632988550814258755e-01,9.281676378587537801e-01,8.578796825136201232e-01,9.326829883948930533e-01,7.251782901093241085e-01,7.536768686190200572e-01,7.788404738579480791e-01,7.345305318976079745e-01,6.658480353772020521e-01,9.053321929913983324e-01,7.139192756898750103e-01,8.246708378818253804e-01,1.504883041707820723e-01,2.611332243080480287e-01,7.703954329328541739e-01,6.800514851392861493e-01,9.749312363902444822e-01,7.176406095312017897e-01,8.572926128110565092e-01,6.766401962938791703e-01,9.007443015372590400e-01,6.150698549642972246e-01,7.690966540996457823e-01,9.099093629970599340e-01,4.358805921413272388e-01,1.487580603078302866e-01,1.932995732003004452e-01,6.457547053537393555e-01,6.841628045591260365e-01,5.573337528177404465e-01,2.954976407492871937e-01,4.069878468264248039e-01,2.962608048834101671e-01,1.416037540502247671e-01,9.289393216145918064e-01,8.135749770787692459e-01,4.615148587131684410e-01,3.623804908357809995e-01
7.702825053582468273e-01,0.000000000000000000e+00,8.628252135421865532e-01,6.708651101019447172e-01,7.592280960357048469e-01,3.802432574641636531e-01,9.619383674734541256e-02,6.805507470597381703e-01,6.979203839537875265e-01,9.714432954301798206e-01,9.920091836264545160e-01,6.459938206047659559e-01,7.412640898652762544e-01,9.093873498565779867e-01,7.610719406214900840e-01,7.790050396484375916e-01,8.132889363650235293e-01,3.880911009762786495e-02,9.569928590244123345e-01,6.747943214803360235e-01,8.307827151737802174e-01,4.695381923662683699e-01,2.444992174706088761e-01,7.175990719159761611e-01,1.268622830292969461e-01,9.436201265196472177e-01,7.339275030050492754e-01,4.439573692806119687e-01,6.005617810788815847e-01,7.937711125370795484e-01,6.859047208393993511e-01,5.459323467293093479e-01,8.810403168464314705e-01,8.753552674148871171e-01,6.117163328002362954e-01,2.951404941031014473e-01,-1.943656574650559077e-01,5.753110732712504172e-01,2.209357359517808983e-01,8.399934616156830014e-01,7.282866590069414503e-01,4.350355807738888192e-01,9.849549363519899403e-01,2.248080579884283725e-01,8.444026309980359191e-01,7.229206841556434782e-01,6.191210573342765811e-01,7.716397549073239492e-01,3.275283712595937757e-01,7.845831833144640832e-01,3.553127401912836714e-01,7.882995635520018141e-01,9.619949548778801152e-01,7.772599240440392077e-01,6.367123685350088991e-01,9.872640383910985529e-01,-5.445056496692640691e-02,3.484381202089075202e-01,5.039575665882450872e-01,5.038046016678510153e-01,5.000144427205539532e-01,8.857721961584289483e-01,5.799752638402227989e-01,6.600351767260916880e-01,9.852410303280162429e-01,5.236833835801563142e-01,6.862760486389013481e-01,7.055797422175242861e-01,7.837594560068616989e-01,4.251732939248400456e-01,9.902170941744469213e-01,9.323950566933352224e-01,7.548469964076424121e-01,4.222874023744663807e-01,7.634252844029256746e-01,8.206456559419187391e-01,9.218268694167438548e-01,4.286254162928102573e-01,5.689204208863050116e-01,7.459882255748028212e-01,1.698482201587747931e-01,9.913905646379663761e-01,9.134861616175604659e-01,-2.222717198414203565e-02,8.296026039426969145e-01
9.586277692223426072e-01,8.628252135421865532e-01,0.000000000000000000e+00,8.068224561484801383e-01,8.503494038880770045e-01,8.935710052682428461e-01,8.269920701224955373e-01,6.411032807505364639e-01,2.841467883833707631e-01,9.362501326820500402e-01,7.229615270896792012e-01,8.409481902356663596e-01,4.231484528990268612e-01,7.758325257285765275e-01,9.122810739122718671e-01,6.408524349289227429e-01,4.969916372487665490e-01,6.762312476403005146e-01,6.398546186958024018e-01,9.561324967211746184e-01,8.272747931954655964e-01,9.919454050176167437e-01,-1.027253643353225332e-01,8.030391545965768207e-01,8.027378251081134231e-01,6.207802209694353035e-01,6.830869162429947794e-01,6.386327768839507035e-01,5.940891223025106527e-01,4.532860594885279593e-01,6.828787315258935120e-01,5.308666212642589866e-01,8.172081849925597608e-01,9.914003131931564683e-01,6.961478398310054772e-01,1.867937230691605888e-01,5.677077987772404244e-01,7.229574842594883588e-01,8.394593198236973697e-01,2.182251792716678185e-01,2.920694184723132136e-01,6.957347593401023156e-01,7.073241853184227823e-01,8.997705177956845102e-01,9.372730234343848998e-01,8.709699989551857868e-01,9.588769022911459716e-01,8.823712076729257614e-01,6.878739462739422716e-01,4.782295538273785840e-01,6.916673963446853257e-01,6.843797568944730569e-01,8.893981762564241444e-01,6.821101548817327664e-01,6.837240454142810009e-01,3.758324712060145956e-01,6.308588164335302562e-01,5.590530243389347786e-01,7.867437416041505038e-01,6.001641530624288734e-01,5.848746209787193395e-01,7.083753524685227898e-01,6.946873124400110289e-01,7.883416515120295065e-01,6.727820011981066051e-01,6.949675102692380868e-01,6.593129797278046711e-01,8.076933470905424128e-01,6.737411056351042538e-01,8.034300781218239873e-01,7.053917649419133573e-01,7.915789187716655295e-01,4.109941962265504789e-01,4.065558450321934969e-01,8.900513556748661514e-01,9.027471051033659766e-01,8.704515309476792417e-01,7.934688089353816309e-01,4.028655668642857068e-01,5.178744057270355805e-01,5.305677885355455370e-01,6.606308224431491904e-01,4.469229885410264114e-01,9.224756905653742622e-01,6.436130670964355094e-01
9.963127456751941224e-01,6.708651101019447172e-01,8.068224561484801383e-01,0.000000000000000000e+00,7.442425708035225185e-01,6.625906401589244377e-01,7.582116698956463396e-02,6.615713806963996468e-01,6.131274595465651123e-01,6.129569163645921526e-01,7.589939386095658769e-01,6.411775984237613191e-01,2.840463178120004040e-01,8.125199277356645045e-01,5.412348592720594986e-01,7.078377595336661221e-01,8.502395614556887971e-01,4.359686292073441383e-01,9.426942342498833005e-01,5.026514977710584420e-01,7.754283127104544260e-01,6.720506472466398762e-01,5.853524899121755887e-01,6.176438242909243481e-01,5.400545883483800491e-01,8.628474775506050909e-01,8.799085164566784467e-01,6.039205298936396460e-01,5.462845532278972627e-01,3.113847155184607529e-01,6.605891459278550037e-01,6.249392956269983479e-01,7.311746469470128407e-01,9.763788560772505010e-01,5.085625819642709544e-01,6.435934617123794110e-01,5.776059519620747595e-01,4.744473448184625686e-01,4.675100711890810001e-01,9.256489044656927012e-01,6.042988730682388177e-01,7.584221114852105483e-01,9.190125195347329523e-01,7.861916343505279681e-01,9.844300044505316372e-01,8.643189438439177197e-01,4.500345728703602499e-01,2.119524140306417448e-01,5.959601344595695238e-01,6.117715281884590350e-01,7.740116406367241186e-01,7.565129629795390720e-01,8.372980501969047307e-01,9.500244847661154513e-01,6.868439111774770067e-01,3.961389415925077317e-01,8.102247222596115073e-01,4.899721251057592014e-02,7.859385440008648249e-01,5.420625553943185793e-01,4.196333619888692468e-01,6.027927019798239305e-01,6.516595734199831513e-01,6.093450811897470620e-01,7.087156437524180230e-01,6.956728380249881383e-01,5.656224379160318394e-01,9.661813306924258438e-01,7.884109231071059209e-01,7.209097866726480452e-01,7.301265774357439398e-01,8.899729937511148270e-01,5.395599673977679034e-01,3.993966290776657102e-01,6.333991749158824902e-01,6.965340806885998992e-01,8.106942305853838127e-01,6.484174415407570891e-01,-1.004187137201920377e-01,1.293616160791755121e-01,6.475968374150476992e-01,5.216228339652503321e-01,7.720719764189810652e-01,4.360551148391577647e-01,6.107949046468504894e-01
9.691024425711168844e-01,7.592280960357048469e-01,8.503494038880770045e-01,7.442425708035225185e-01,0.000000000000000000e+00,7.303957640468297097e-01,6.977964869633878076e-01,2.753172567371835466e-01,7.874746712306439633e-01,8.544248219054394466e-01,5.195262430505068751e-01,9.574624748288880216e-01,8.942509154584462605e-01,6.024079967955807691e-01,5.421654160970900138e-01,6.754657919485056450e-01,8.120240905115677643e-01,3.374111104859616600e-02,6.969407191167956706e-01,8.618546410848367811e-01,8.600074438403972898e-01,6.210494239746955358e-01,3.894411160802880856e-01,9.869405209776324073e-01,5.145304615416518290e-01,5.924720694323563075e-01,7.197263473222721419e-01,2.015712109918451067e-01,7.401410806816357546e-01,6.886906582823839607e-01,7.418025971516317707e-01,3.304501036293552296e-01,7.428670035826447915e-01,9.370630111459453682e-01,6.333201204621766722e-01,5.151960437524689684e-01,4.085238238712054493e-01,2.149926166250480664e-01,9.871368147711084839e-01,5.397165399651691065e-01,-8.975222565899826366e-02,8.894259556583734572e-01,6.928165898824013569e-01,8.891730081566779909e-01,8.007013401443956457e-01,9.598856436173869300e-01,7.767660518397163649e-01,6.554505309990212858e-01,6.796994204987667487e-01,2.543744575606720626e-01,9.432070977808696410e-01,7.561543784438075066e-01,7.360687333704561963e-01,8.038888743224602562e-01,6.520121204786939462e-01,1.651846239040264952e-01,2.895972100970826135e-01,8.479647496341546908e-01,7.108351787098146080e-01,4.293087119305098454e-01,7.043812442171986099e-01,4.178619303097581006e-01,6.415991029530984102e-01,8.059480571798313120e-01,9.511325560754511077e-01,7.065504724333372399e-01,6.551409550743907406e-01,4.992802462430143695e-01,7.159414089895480560e-01,9.099780132924493170e-01,7.822803501392499026e-01,6.938987717776997632e-01,5.381755663433324122e-01,6.471099502584378715e-01,6.782927617066792925e-01,8.279874371654900589e-01,8.263194821942770885e-01,7.177462582731820584e-01,6.906957209910753459e-01,2.731672010245513871e-01,7.737874676713727418e-01,8.826801651281970251e-01,6.831738411428371904e-01,2.617570176820889216e-01,9.620807184239146270e-01
4.140588643658507095e-01,3.802432574641636531e-01,8.935710052682428461e-01,6.625906401589244377e-01,7.303957640468297097e-01,0.000000000000000000e+00,6.566976979757255251e-01,6.753372438926406041e-01,7.871009831094102349e-01,5.443855478629993083e-01,4.074690927168475030e-01,6.330405701005522578e-01,9.954234394356776816e-01,7.907239443970759396e-01,2.604452825221141854e-01,6.676608360245506191e-01,8.474110042687273969e-01,5.766660655164004279e-01,9.087953907916382912e-01,4.488061450682001574e-01,4.453319673126187594e-01,5.850199999153510300e-01,8.824186505892589460e-01,5.089424057673214152e-01,5.620456045170273418e-01,9.107360712094612065e-01,5.923247095505717041e-01,8.221019349314608871e-01,4.109836134201741431e-01,6.456917374366951679e-01,4.245838363882639688e-02,6.704649098366695092e-01,8.029473305071690437e-01,7.532657655530339280e-01,7.077148490532844116e-01,5.201184501683944195e-01,1.105767723452677443e-03,7.706984140618117207e-01,9.329891024254602927e-01,8.593124245001553252e-01,4.852342949764792968e-01,6.465828262225574719e-01,9.533345041636233086e-01,2.683878680690416352e-01,6.532379342534282429e-01,6.509566838013358669e-01,7.324903667196190904e-01,1.637668179825526038e-01,8.915152214395176689e-01,8.307388888694592355e-01,9.679511713745005963e-01,8.442623131003068604e-01,5.406663181639442817e-01,9.805014151608431039e-01,6.519310384064075370e-01,6.984268680735716828e-01,7.130463500260504350e-01,4.994379459376255825e-01,7.007519682682162854e-01,6.238206948611034752e-01,8.708636137784664388e-01,5.400274326749086029e-01,5.426291630745070371e-01,7.623871696112103358e-01,9.008012793602270252e-01,6.221922003201045825e-01,6.121959771873171086e-01,8.230764356394881798e-01,5.663476237118597600e-01,6.571276167738907548e-01,7.150371229601796275e-01,6.302001547336577580e-01,6.491950626822070580e-01,4.808053756598930084e-01,7.786165529175176347e-01,9.218544247096381872e-01,7.994692379757288858e-01,2.166735098947435156e-01,4.583574974562851789e-01,5.538252537654986263e-01,7.368199399304032893e-01,5.221814432491974634e-01,8.772435351003796677e-01,5.270777595940039362e-01,9.063013298267154072e-01
6.590977546351255434e-01,9.619383674734541256e-02,8.269920701224955373e-01,7.582116698956463396e-02,6.977964869633878076e-01,6.566976979757255251e-01,0.000000000000000000e+00,4.758571389663190931e-01,5.652120282904010695e-01,7.746805171632888953e-01,4.751749621713147187e-01,6.084019732180846463e-01,2.361122301992109318e-02,5.957437689657578694e-01,5.832272600111785277e-01,8.304042340329567118e-01,6.574773538164655484e-01,4.972305333734021726e-01,1.627269702432927734e-01,8.140362548370903006e-01,9.119869089491542402e-01,7.948592474063409519e-01,6.859026566956945015e-01,7.018141320230242286e-01,8.963299503659507561e-01,5.267680972721628940e-01,5.913339625530498189e-01,4.893847642497642925e-01,2.016468098525253938e-01,3.605786612346479347e-01,2.044635877467549656e-01,4.564495494033666279e-01,-1.371064486064143828e-01,6.211546195187037656e-01,7.418973727542367280e-01,5.977842615199842058e-01,3.842156008498669451e-01,4.080071103568211899e-01,6.507677448570947654e-01,6.066396179924917753e-01,5.142896755070396342e-01,6.664226584008324794e-01,8.588119740572446315e-01,-5.818979371765536923e-02,7.486752604799931099e-01,4.489981591406669303e-01,7.938247478901467868e-01,7.661950810748661966e-02,7.974949312100133580e-01,6.350237207343790713e-01,9.953856798736739897e-01,6.772840216864093321e-01,2.970812821989960995e-01,5.198532298525249118e-01,6.341531664410982039e-01,7.761002543651477348e-01,1.469435864015312676e-01,4.226302129149828342e-03,4.851421065225942630e-01,6.577939529810430397e-01,8.686825206971846569e-01,6.502443583649483161e-01,4.146791917575373132e-01,8.579627853580592545e-01,9.741086276577856085e-01,4.802447182835620221e-01,6.310314600606353741e-01,4.267638783281262893e-01,7.931492793154093501e-01,8.828407792190812176e-01,6.453413981073222727e-01,5.458768692628544056e-02,3.834195037110855742e-01,2.439517828440023739e-01,3.705392972196316359e-01,7.568321780685366429e-01,8.491362212209290217e-01,3.078971349108443611e-01,3.740405489710368903e-01,2.354694654501118811e-01,2.428973808787896482e-01,6.866681876819569208e-01,9.772989804529574887e-01,2.087195869078213584e-01,3.345671761232060781e-01
8.838731589897407259e-01,6.805507470597381703e-01,6.411032807505364639e-01,6.615713806963996468e-01,2.753172567371835466e-01,6.753372438926406041e-01,4.758571389663190931e-01,0.000000000000000000e+00,6.581883165739584873e-01,7.559671980989728368e-01,3.837805551183784969e-01,8.216341347314081167e-01,7.460251900009118309e-01,2.758278237931347521e-01,6.458076650358522963e-01,2.280966846901067435e-01,9.988223527019348680e-01,7.216746696497234881e-01,6.258372715542548370e-01,9.898508956226830247e-01,7.278131609891085319e-01,6.118646852370646094e-01,9.149424957332803476e-01,8.920452042739092091e-01,6.186078326002304451e-01,5.668853905703853391e-01,4.093993150557619920e-01,7.223569577070737546e-01,2.401257279779641929e-01,7.170463982959157656e-01,5.451656272137064829e-02,6.460122927134496207e-01,1.309251633323442188e-01,4.322833009984585195e-01,7.088340564564964419e-01,5.395982651628685733e-01,2.556054323884698887e-01,4.700139294237591359e-01,8.836848063974238610e-01,5.155189409123601685e-01,-1.221901114990460724e-01,8.985774165255496770e-01,9.572235241447577536e-01,3.994668284159106353e-01,6.676706038866416781e-01,1.118095811823521663e-01,4.788758103746790784e-01,6.121987923856030411e-01,5.156655312006367398e-01,6.373812479217806359e-01,4.175798461904718373e-01,2.925918839647715930e-01,2.147289739550444776e-01,6.648282292245122349e-01,8.944672509530987581e-01,8.663020129981622297e-01,-7.456078136259217115e-02,4.459498232031038900e-01,8.084789548750738186e-01,3.241536288108702313e-01,2.439954189252189487e-01,7.864429032439669287e-01,-8.071914591822816620e-02,4.712552333412726724e-01,7.386234439657730633e-01,6.521085719803940695e-01,7.520588443412812296e-01,4.384610905689290128e-01,3.766596952890975958e-01,4.897962086996681119e-01,4.047071958079799803e-01,8.815522437334017969e-01,4.069331662737515898e-01,7.595951833461509484e-01,6.044369595742972168e-01,6.704511395486247860e-01,3.488389906339230961e-01,5.633856583027645470e-01,5.268375945402620220e-01,7.789153035789690982e-01,7.017147300023415246e-01,7.807766484191857037e-01,8.389668627312081295e-01,5.103413887410185312e-01,3.262973095370355070e-01
6.852063136667463361e-01,6.979203839537875265e-01,2.841467883833707631e-01,6.131274595465651123e-01,7.874746712306439633e-01,7.871009831094102349e-01,5.652120282904010695e-01,6.581883165739584873e-01,0.000000000000000000e+00,9.240011238596812504e-01,4.666759834709585664e-01,8.332480307286103116e-01,8.354837085014763520e-01,4.058320908794896265e-01,6.233725166517641858e-01,6.063834467216442370e-01,4.593208928957174253e-01,6.769715016437303223e-01,-1.323449094810479898e-01,6.392936721640178899e-01,9.974159928820929277e-01,9.472366947791495129e-01,5.004399073790170016e-01,2.069159155635094116e-01,4.872018335230023367e-01,6.429610117725584884e-01,6.573621472949549016e-01,8.914135406109873205e-01,4.435454526969297429e-01,4.832101995435051922e-01,4.250753533798298789e-01,5.729642269317870573e-01,8.989248501745211728e-01,5.545906859513817233e-01,9.952687458643656726e-02,3.652376958875840351e-01,1.430480638009705152e-01,5.331616238004155406e-01,7.731253433199110070e-01,7.117242703713958507e-01,7.444430591683552922e-01,8.476071455710434410e-01,7.515250162241051690e-01,2.413720211843279062e-01,8.890724811312503695e-01,8.160809774224784263e-01,8.449944664076513012e-01,6.937360799689974433e-01,6.914639453361449695e-01,6.878306952390322859e-01,3.453510735647278285e-01,7.549950552273747562e-01,4.547144751720220701e-01,7.470635011386970170e-01,9.204707017259730062e-01,9.684728671923139576e-01,5.061432142097265219e-01,9.163333933319509628e-01,8.280956245436782437e-01,6.356107717475233398e-01,4.828554360922429622e-01,-1.620215527889372065e-01,8.860772925193504124e-01,7.970971491051956903e-01,7.063872801224481135e-01,4.413995819975767287e-01,6.649319803173721066e-01,9.013562706312859829e-01,5.185416167663113862e-01,6.092886080364663393e-01,2.017380551305313352e-01,8.302580136420777412e-01,6.477084374183288418e-01,2.619673068619235989e-01,6.569393185151027881e-01,5.988074971858466933e-01,9.683879245730094842e-01,5.975940322594607279e-01,6.018100786145288428e-01,6.821957527467660265e-01,5.487133202710747781e-01,8.727110970288736169e-01,7.696975141180170121e-01,2.385950880907723171e-01,6.108265552044307434e-01
6.948796522786352403e-01,9.714432954301798206e-01,9.362501326820500402e-01,6.129569163645921526e-01,8.544248219054394466e-01,5.443855478629993083e-01,7.746805171632888953e-01,7.559671980989728368e-01,9.240011238596812504e-01,0.000000000000000000e+00,7.213826035444639295e-01,5.332850029515228130e-01,3.131305626482473459e-01,8.361930071119236807e-01,5.499807631371406158e-01,8.542601579375874721e-01,9.501779221803799969e-01,9.897909961437477699e-01,6.875681452071998878e-01,8.187118018715104917e-01,8.413786626291472892e-01,4.769519257254456468e-01,6.415217186985242570e-01,9.943393824672672743e-01,7.987292597912118985e-01,8.428579335082009294e-01,8.317665642760879718e-01,7.886806735314171313e-01,7.969832207256959400e-01,2.071525770145146439e-01,8.319520477373046341e-02,6.830693150784336032e-01,9.046208949669873878e-01,6.316940738039256154e-01,7.308541302755461322e-01,7.049381581727943713e-01,3.620649950147489804e-01,6.803713462864412476e-01,7.968329448079563004e-01,6.198030793061115595e-01,5.761928382458010311e-01,7.869349512221481824e-01,7.479537634983308703e-01,9.117911976837314025e-01,8.102080685375407931e-01,7.800903407818600144e-01,6.890217660791528864e-01,6.832643275979332076e-01,6.229213979029201154e-01,9.235399335271519128e-01,9.469579037174590264e-01,2.921063001833069106e-01,9.862372685490869983e-01,7.428019392835523149e-01,4.352163671874572648e-01,4.423023153770126448e-01,6.253591752205703846e-01,3.878347891009628068e-01,8.554100181794542512e-02,4.329505542749719216e-01,1.918080736804435305e-01,8.744135236601181527e-01,6.769004047822325676e-01,7.476157443272308800e-01,7.059700057273614604e-01,5.898241752568433860e-01,4.147275224931126214e-01,9.691927013920546008e-01,6.339982593940909350e-01,4.427691383427083682e-01,8.236978731778383800e-01,6.821493948538960295e-01,5.187829245468167372e-01,6.828874015211999771e-01,7.874454853544843314e-01,6.001257175330073634e-01,8.366023953117219802e-01,9.537134237399378378e-01,7.829216999518597842e-01,7.213002515946698710e-05,4.118341031521470241e-01,6.080484243797782407e-01,8.956949840359547110e-01,6.505135039292753163e-01,8.304632836998167011e-01
5.331066565690069092e-01,9.920091836264545160e-01,7.229615270896792012e-01,7.589939386095658769e-01,5.195262430505068751e-01,4.074690927168475030e-01,4.751749621713147187e-01,3.837805551183784969e-01,4.666759834709585664e-01,7.213826035444639295e-01,0.000000000000000000e+00,7.443670672883004880e-01,5.539784114974662943e-01,5.959991503648982558e-01,7.544919427381658883e-01,7.571620004072997512e-01,5.298456242847726649e-01,6.148426386385492659e-01,6.606544402011271799e-01,8.731168002275340179e-01,7.491792961154479791e-01,7.924202608042787421e-01,5.805436745920863340e-01,5.995114360663224007e-01,5.507684546303273088e-01,8.382840645395831514e-01,3.715160639402854681e-01,4.474874895824718646e-01,4.018217182553578404e-01,4.916041101938882218e-01,2.960306853198746684e-03,3.895792383600847897e-01,3.993536171145883884e-01,6.692463706308402482e-01,9.229454393507305898e-01,4.904719485103454790e-01,3.618472663326406380e-01,6.019912171196993844e-01,6.986126902581690779e-01,4.384141225446673840e-01,9.715217358749911325e-01,6.588447233723395691e-01,4.110256209587534459e-01,6.233305051141119213e-01,8.471686199518804194e-01,9.004275346112808887e-01,6.199038034728489022e-01,6.761679880018446331e-01,5.290446806650498379e-01,7.871195581606272862e-01,8.560144033151234622e-01,7.194666374170736178e-01,9.864796522790131306e-01,-1.460651985074820358e-01,7.302474330637716005e-01,3.598980643214550468e-01,7.555227320312560835e-01,7.080780534803441384e-01,8.140933437977364573e-01,7.315827164119442783e-01,3.768444621959564644e-01,8.444748875315387648e-01,5.283332570511279913e-01,4.952385379371775920e-01,9.237307316821742331e-01,7.355693987435983905e-01,6.705468056318499848e-01,7.147289766071538430e-01,6.795675788793988925e-01,7.311175895506393241e-01,4.106156546658903395e-01,5.619102859798181804e-01,6.500356013132932986e-01,6.630955885413466477e-01,-1.215739108432659088e-01,7.724171749470556403e-01,5.653064755115728701e-01,6.901260368016666202e-01,3.154882863866295128e-01,2.595634391289738385e-01,5.818918221565204663e-01,7.758920070885012565e-01,2.894780044074978242e-01,7.548171467143427460e-01,9.208218335734421611e-01
6.579118541602532177e-01,6.459938206047659559e-01,8.409481902356663596e-01,6.411775984237613191e-01,9.574624748288880216e-01,6.330405701005522578e-01,6.084019732180846463e-01,8.216341347314081167e-01,8.332480307286103116e-01,5.332850029515228130e-01,7.443670672883004880e-01,0.000000000000000000e+00,6.771912049006381107e-01,6.671663675690510109e-01,4.522121722198507165e-01,7.043892914591011190e-01,8.347087075826546965e-01,6.651084311832985430e-01,6.718711067545531934e-01,8.630867922849538854e-01,5.554352121579710921e-01,3.715728280849748266e-01,6.127097873804925321e-01,7.470651842721797165e-01,1.686818952654118853e-01,4.657773471246621222e-01,5.921322657914007692e-01,7.605867270206640995e-01,9.262237976045337717e-01,8.036001095453139120e-01,7.660647070990639351e-01,6.572905787689964363e-01,5.528728320013381881e-01,7.456319072662112024e-01,4.694343803195465403e-01,7.538965302146203307e-01,2.331927100333168468e-01,8.040576341040377439e-01,6.360088418113971631e-01,9.948447960352699848e-01,3.621737198706058702e-01,4.309147126038287978e-01,9.858951142297778247e-01,6.765622763304570686e-01,4.523543478228158610e-01,7.782657733080684537e-01,9.347138279614408685e-01,6.357091333468434247e-01,8.400945850251639868e-01,2.563253828188852834e-01,5.808195729861993506e-01,8.576066669264563735e-01,8.370094083003324359e-01,4.803508033775081842e-01,8.943371811697498064e-01,4.616055662864230746e-01,7.464983088874479478e-01,8.012035209250075729e-01,6.867149892503998654e-01,5.590981742844645108e-01,4.485821352835298592e-01,6.114256412215649528e-01,9.993003925446806157e-01,9.095283973145517065e-01,7.288643209696401559e-01,2.119227846349191202e-01,9.488375511124119699e-01,9.031852121389628563e-01,2.736453893854906561e-03,7.625956103565851851e-01,9.464519598709548731e-01,5.357123278017615897e-01,3.721381369594251032e-01,6.202331939365749447e-01,4.309591508300655294e-01,6.873376697024858872e-01,5.625375994087065123e-01,6.004833885903873014e-01,2.999955104224841795e-01,3.016873507822017686e-01,6.587256201477647011e-01,9.751244815615989214e-01,4.712613902714110070e-01,5.008013524273303707e-01,6.645402958957733475e-01
8.162611147153924218e-01,7.412640898652762544e-01,4.231484528990268612e-01,2.840463178120004040e-01,8.942509154584462605e-01,9.954234394356776816e-01,2.361122301992109318e-02,7.460251900009118309e-01,8.354837085014763520e-01,3.131305626482473459e-01,5.539784114974662943e-01,6.771912049006381107e-01,0.000000000000000000e+00,6.936659510197663581e-01,9.367279208617124153e-01,2.378521708764404496e-01,4.031350926151401337e-01,7.739249242121080119e-01,9.550716321569974188e-01,8.371347703661311535e-01,4.987609213584448531e-01,7.519237179717467301e-01,9.812643274412743422e-01,9.526593246370447243e-01,8.024009266017093633e-01,8.365998745241214340e-01,8.539472916386919854e-01,7.172947458873391025e-01,3.698511219458391341e-01,6.402398813841414515e-01,1.230622287713216134e-01,3.716870193225625674e-02,7.646827192855617517e-01,9.108017488274571249e-01,5.638705080459632812e-01,-9.246300195884621376e-02,3.923734933130045288e-01,9.521753696899926123e-01,9.758444734964608624e-01,8.028479574069563585e-01,4.491642807733270959e-01,2.789281404466640302e-01,9.508197594448811740e-01,7.066150900897698595e-01,2.721274327647605906e-01,6.898043856557742881e-01,8.209172835698699267e-01,7.165830725782622590e-01,9.729432366690298206e-01,4.752817118386327699e-01,8.353157754954814163e-01,7.618529239341438331e-01,9.305815674477404542e-01,6.977271158305824450e-01,3.352636531218198268e-01,6.857599049263974900e-01,4.861380221679728053e-01,9.607148927161222041e-01,4.581720850347246743e-01,5.964539156410693099e-01,6.980168805537416699e-01,8.978234384625712883e-01,2.592549510230954812e-01,8.926244010096474613e-01,5.688350232601246947e-01,7.652726407569764300e-01,9.187983992596833183e-01,9.973689020800252658e-01,6.990307702089200159e-01,9.189093722682718512e-01,7.678902912962450866e-01,4.783193020920539218e-01,4.717535042196598360e-01,7.345848117276313483e-01,6.670645333687577061e-01,4.035415181318116606e-01,5.824865223456499042e-01,9.835539475336538828e-01,2.316697328820531698e-01,3.338779803910752464e-01,1.505436887789063649e-01,9.359108425739062209e-01,9.227778073841921280e-01,5.854941660437549267e-01,7.897887937101512046e-01
9.340572947447072227e-01,9.093873498565779867e-01,7.758325257285765275e-01,8.125199277356645045e-01,6.024079967955807691e-01,7.907239443970759396e-01,5.957437689657578694e-01,2.758278237931347521e-01,4.058320908794896265e-01,8.361930071119236807e-01,5.959991503648982558e-01,6.671663675690510109e-01,6.936659510197663581e-01,0.000000000000000000e+00,8.849866340507338558e-01,7.662571808492464331e-01,7.469342721355131109e-01,7.534715544398375986e-01,9.103363286025919487e-01,8.799678938682173879e-01,9.406018637825035444e-01,4.832567437050090398e-01,7.495458718870586790e-01,8.866216809746690908e-01,6.798775717086140702e-01,6.171829738196156212e-01,9.106008007347052846e-01,4.701079818524893650e-01,7.264519090330190387e-01,4.194061772052889436e-01,2.833843077909281583e-01,1.097993342104314068e-01,8.620655239734996700e-01,5.757826254916758035e-01,8.238687019197111772e-01,2.230890476499360342e-01,1.230839860908940903e-01,7.694718993269573648e-01,7.477045146433440870e-01,8.048254260217904132e-01,3.485152639249895490e-01,6.258894975794713211e-01,9.509459528910227943e-01,4.707390365042261049e-01,8.689185328020473387e-01,7.845285974262050654e-01,5.978444727827701977e-01,7.794808041083343131e-01,5.655810229963347258e-01,9.181428988231746802e-01,5.835517816353097409e-01,6.839632287727206439e-01,6.121969979148516039e-01,6.106168449745180693e-01,4.526253048695976777e-01,9.422187339158295538e-01,7.829010575029290431e-01,6.907723291953844491e-01,-1.788508027669656608e-01,7.261946197170182637e-01,5.517237663937030190e-01,8.422587692137368798e-01,7.700078263159829683e-01,6.229972150448293000e-01,5.392783252235755498e-01,5.168540120480874522e-01,7.203411006737114874e-01,9.263040908394380990e-01,6.789800542296412500e-01,8.055299314428068236e-01,8.718675194815888041e-01,8.403173378791864989e-01,5.157389064589420480e-01,2.310825471847132162e-01,8.140027482440339579e-01,8.422861359319494534e-01,9.400851523717529412e-01,9.698540500461910741e-01,3.128393559637523413e-01,4.978704498076325091e-02,6.982028285673311796e-01,7.771541403569541817e-01,4.545191800005368155e-01,3.815598696089294029e-01,5.932171751223220824e-01
8.761780443920272887e-01,7.610719406214900840e-01,9.122810739122718671e-01,5.412348592720594986e-01,5.421654160970900138e-01,2.604452825221141854e-01,5.832272600111785277e-01,6.458076650358522963e-01,6.233725166517641858e-01,5.499807631371406158e-01,7.544919427381658883e-01,4.522121722198507165e-01,9.367279208617124153e-01,8.849866340507338558e-01,0.000000000000000000e+00,4.961447558460985174e-01,3.690269612409644018e-01,7.531279345258410363e-01,9.194412690190261195e-01,9.574655494088780694e-01,9.530517720964111206e-01,6.909373559103160201e-01,5.666791366436884081e-01,7.559467611240541229e-01,8.987456041008816676e-01,4.346353409419460023e-01,4.184851736109658771e-01,7.388288038052001072e-01,4.111755884805136096e-01,2.007091695579596990e-01,5.993406447526614667e-01,6.353708093566974302e-01,7.375409723769079662e-01,4.799629270489965127e-01,6.445197001508564671e-01,6.722448732527884774e-01,7.247643843597436630e-01,3.893787022562246736e-01,9.999015259167164382e-01,9.775510177543246249e-01,4.230659152851122262e-01,5.702336473599349809e-01,6.401637451800314960e-01,8.847505045312822336e-01,5.327203384070258174e-01,9.587787781698224876e-01,6.611306050859170336e-01,5.668852217636654034e-01,6.000594504465860402e-01,9.188415307696776724e-01,5.405120350938904528e-01,5.266077884764972517e-01,8.189218930691494203e-01,4.871070180628574997e-01,8.202819241952515883e-01,7.455414821817758497e-01,4.203008271716865418e-01,9.208193974626464051e-01,7.932627938612244467e-01,6.540813747043126014e-01,6.872528307651675217e-01,4.924216317607871263e-01,6.223515570222353244e-01,4.078684758064551885e-01,6.010613291718144291e-01,7.083850716597609454e-01,5.110047452912339638e-01,4.149026652809750804e-01,6.332297264761325151e-01,5.429668036047200497e-01,7.118551132064184772e-01,9.693442229350502926e-01,6.890088707369760312e-01,2.243824393027700204e-01,4.397024397390511541e-01,4.635476738583143019e-01,8.027503901734763803e-01,6.978079804241007489e-01,7.878430818584032380e-01,2.752280208369759507e-01,2.566743204617552010e-01,6.751695552565980529e-01,6.915110216018139910e-01,7.625681951675502557e-01,8.297533858648041827e-01
8.946197457349407411e-01,7.790050396484375916e-01,6.408524349289227429e-01,7.078377595336661221e-01,6.754657919485056450e-01,6.676608360245506191e-01,8.304042340329567118e-01,2.280966846901067435e-01,6.063834467216442370e-01,8.542601579375874721e-01,7.571620004072997512e-01,7.043892914591011190e-01,2.378521708764404496e-01,7.662571808492464331e-01,4.961447558460985174e-01,0.000000000000000000e+00,3.974464880246175724e-01,9.620460268534772874e-01,5.618371843267672139e-01,7.141594030100719692e-01,3.743306230647737154e-01,7.638276662633605163e-01,4.597555740978853667e-01,6.574274510650751635e-01,6.846620127164401159e-01,8.904452027175502327e-01,9.419119680037836284e-01,4.049025794447494997e-01,3.155571975066093771e-01,5.770203198764420893e-01,7.920363296978789602e-01,6.681730835584657191e-01,6.849771321549148473e-01,4.419823336463478136e-01,7.116643127489509224e-01,2.352766757250908392e-01,2.594256542850424396e-01,8.765385586891314418e-01,6.596819967854199440e-01,9.908632808140689363e-01,4.858708770911340236e-01,8.258807144745095030e-02,-2.569939639156110234e-02,8.926969861755809088e-01,6.864951447092927372e-01,8.067646914992420148e-01,4.680720053782551071e-01,5.633769076341899225e-03,4.828134520636616633e-01,7.020341660897427838e-01,7.900608898333636443e-01,6.823546098043212771e-01,9.299099635699243915e-01,3.983067900631663827e-01,7.302847421022717889e-01,2.071448953664059844e-01,4.557789037609188409e-01,8.326580185554982583e-01,8.147288832672177072e-01,4.652542090339088499e-01,5.495344315400696455e-01,7.991147060761596421e-01,8.143021326514380265e-01,9.541353778604177993e-01,7.381170984360334586e-01,6.108977551790106819e-01,5.162527869314519346e-01,8.662904010735513749e-01,7.253827593256585438e-01,9.045418393357519404e-01,9.966622485064484671e-01,7.816881668235192704e-01,7.848227974585979538e-01,7.820958775161411802e-01,6.907469332700917342e-01,8.808598346079760111e-01,9.828645660813370988e-01,6.153594800729060843e-01,2.297976121785762493e-01,1.627151514556337830e-01,7.473721416441779786e-01,7.019092566285565216e-01,8.591061779561371958e-01,6.775817912583204095e-01,3.152193027930574321e-01
7.862153378232009659e-01,8.132889363650235293e-01,4.969916372487665490e-01,8.502395614556887971e-01,8.120240905115677643e-01,8.474110042687273969e-01,6.574773538164655484e-01,9.988223527019348680e-01,4.593208928957174253e-01,9.501779221803799969e-01,5.298456242847726649e-01,8.347087075826546965e-01,4.031350926151401337e-01,7.469342721355131109e-01,3.690269612409644018e-01,3.974464880246175724e-01,0.000000000000000000e+00,9.378770668675372457e-01,8.479646961469147204e-01,7.787177296693384987e-01,8.662140362113267544e-01,9.005067518226316237e-01,9.352490349645790069e-01,8.801591836107783839e-01,1.296297714570798232e-01,8.314332367273781221e-01,1.787073591757384894e-01,7.035472663046978825e-01,2.364833646395324007e-01,2.754748605473167355e-01,3.110787828254618081e-01,9.621069755664419798e-01,5.114082629136575964e-01,9.484084385169718745e-01,7.503511782589598056e-01,6.510843073061703956e-01,5.381897427785795607e-01,5.418598858330971879e-01,9.386324571910454884e-01,8.545895192249886030e-01,9.477142825319160302e-01,8.666524263165447106e-01,4.014852510147666753e-01,4.740097384331434793e-01,6.822266255136590907e-01,7.121228419160302581e-01,9.305506749385199505e-01,5.775937988121238043e-01,5.810059598984534945e-01,7.551890428921136378e-01,8.770476181423305650e-01,9.773742247823465901e-01,9.230602649979100516e-01,9.868613881829811918e-01,1.398143821862360137e-01,7.606822809944024932e-01,8.596537257622984818e-01,9.962799923392553492e-01,4.715768581915446012e-01,5.269525486880868304e-01,8.300780801346523408e-01,9.812699897543252225e-01,8.738181046259795304e-01,8.646214122529908286e-01,6.775985016555421403e-01,8.373277790148556665e-01,5.625304902429741905e-01,6.297160326535272690e-01,4.029975201167236842e-01,6.062994396323155843e-01,7.332533615595416832e-01,6.154687340208185864e-01,2.465407453028695128e-01,3.274539077964646466e-02,8.249452479609183930e-01,7.821435488601585773e-01,7.321479588019446094e-01,7.052540621948027999e-01,8.035985872337857439e-01,1.125255962709679897e-01,5.336146660231224637e-01,8.448841252996555085e-01,9.122809208022339966e-01,6.831129616619683320e-01,7.861179552105376223e-01
6.185765479858312821e-01,3.880911009762786495e-02,6.762312476403005146e-01,4.359686292073441383e-01,3.374111104859616600e-02,5.766660655164004279e-01,4.972305333734021726e-01,7.216746696497234881e-01,6.769715016437303223e-01,9.897909961437477699e-01,6.148426386385492659e-01,6.651084311832985430e-01,7.739249242121080119e-01,7.534715544398375986e-01,7.531279345258410363e-01,9.620460268534772874e-01,9.378770668675372457e-01,0.000000000000000000e+00,7.848738962828447630e-01,5.533257430228956109e-01,8.023063034095442303e-01,6.256459599487215195e-01,6.978096625483869442e-01,4.944133838957261995e-01,3.005848550199742841e-01,6.894466880648806306e-01,8.308322083758071797e-01,8.256100001060860949e-01,3.491631967860554520e-01,2.052921253714792560e-01,4.185528019997075688e-01,6.539000255714454424e-01,9.731548290527509693e-01,3.940771394777513592e-01,7.290419535388015237e-01,4.896809735609859993e-01,4.149080269947343913e-01,2.542929407201868219e-01,7.044800779956534864e-01,5.824207596699101375e-01,3.661906417284709336e-01,7.157783602096363662e-01,6.063163815524723610e-01,6.699128087862588066e-01,6.730322200712827163e-01,8.752742569742680834e-01,8.726237642628664748e-01,5.892078922810561892e-02,7.061063535968417071e-01,7.610821437139461132e-01,6.505877228394417733e-01,4.994005470380770695e-01,9.335671131704372794e-01,8.073490900336117715e-01,4.136385295030621245e-01,8.224259303303214086e-01,8.536758658786546272e-01,4.281124920164675052e-01,8.309563743979028194e-01,1.525325464366209666e-02,3.320531284128790395e-01,9.212719134323875680e-01,4.662281388232802914e-01,8.953757416595249374e-01,7.450972671174065365e-01,7.431926155065704531e-01,6.289597851636733461e-01,6.900987719592140968e-01,4.399582266787288587e-01,5.876878853345359754e-01,8.302755782956691144e-01,9.477241917427864371e-01,6.638077443552157231e-01,9.766388074007805731e-01,7.962093646338217479e-01,8.829319568875154678e-01,5.946562196852334115e-01,4.795137502695720477e-01,5.762724118044800781e-01,2.150475283360001599e-01,4.642703107225955028e-01,6.477931019215257269e-01,8.111619153564840756e-01,1.252847462752546825e-01,8.247406922412252595e-01
