0.000000000000000000e+00,5.368095605271527848e-01,7.330638920035795758e-01,8.712711738096274861e-01,4.112113678678710471e-01,8.671783171558008485e-01,7.714895737676880083e-01,7.392819237604730809e-01,4.741532520519492477e-01,6.244067974119077435e-01,9.933175778058378480e-01,8.339263956340656758e-01,4.336271416359708808e-01,5.906410288731185343e-01,6.326388619463855223e-01,7.161112127528160842e-01,8.893936667070926338e-01,3.169045326921670069e-01,8.278214096755766027e-01,6.531131465725356078e-01,8.813852249653010285e-01,8.223283656017029708e-01,6.576916461885097265e-01,9.819400519508836300e-01,8.000534705015293069e-01,6.113042981085697880e-01,8.498525176833467976e-01,6.531794114217218672e-01,7.008737684841773730e-01,5.648869062506479688e-01,2.088910038471623876e-01,9.830332093205903510e-01,7.024451521394667886e-01,8.844462774710434294e-01,6.883284868730241701e-01,2.910365188801413705e-01,2.778881477284957935e-01,9.730084721552967331e-01,7.722777846691973869e-01,9.109897372926417658e-01,4.310654520690750391e-01,8.536931515385168812e-01,5.792653327083441273e-01,9.353128532910908177e-01,5.030578045486243655e-01,8.702238668129380628e-01,2.091602208907434313e-01,9.836310687189244728e-01,9.478037320350914952e-01,8.993423281936829827e-01,9.245336574311348032e-01,9.793580640080570276e-01,5.634169739842299629e-01,9.010199976814946554e-01,9.865842545603742408e-01,8.469750167214834535e-01,9.356598546544996342e-01,7.746978131668222911e-01,9.689524108028388927e-01,1.395470890526941989e-02,9.401962699108480370e-01,9.860292869962090645e-01,8.495999923505550555e-01,4.912844266382482283e-01,9.248841638685944000e-01,9.673109883270478715e-01,6.176899966609913362e-01,9.127502762411291437e-01,6.193574459703166113e-01,3.215499080626355588e-01,6.959482461308066359e-01,7.906259545720675241e-01,7.580206271126488371e-01,3.195718091888412604e-01,8.401657947279148608e-01,7.620989557299510109e-01,7.392689796630087518e-01,9.287295829595851870e-01,5.609923500166555943e-01,1.655167319442622520e-01,8.046383433879861213e-01,7.113084579630376547e-01,6.707510108649941127e-01,5.569532710315672208e-01,6.977300842201679121e-01
5.368095605271527848e-01,0.000000000000000000e+00,1.703998408402376818e-01,9.614131865041162239e-01,7.789582975466089465e-01,6.884633236906049225e-01,-2.204950944753631403e-01,7.579435066758302142e-01,6.248434032004677174e-01,9.723239512585917232e-01,6.705295228949115227e-01,6.225869297646327016e-01,7.718913106731311036e-01,6.383869776712410016e-02,8.977300565082805273e-01,7.348057707962299956e-01,6.683849149249949662e-01,8.828744307414355674e-01,7.890209513932278096e-01,2.106927382395608339e-01,7.076543364991495499e-01,6.228333177323785996e-01,9.404884864819501589e-01,9.673419759811547891e-01,4.543809840746106388e-01,9.993552711345418116e-01,8.883134302268964611e-01,9.304502273187681416e-01,2.449266792794076997e-01,3.786412217160500804e-01,4.604483129037831302e-01,7.228388117574794380e-01,9.989836649314018935e-01,6.699762572226095614e-01,7.284156413685216602e-01,5.106609552375519501e-01,6.510229241118168364e-01,1.320012043229034093e-01,8.052517432198582625e-01,9.356679306532705853e-01,2.171397583159911104e-01,3.405310868694924054e-01,8.919336225426223175e-01,6.035691311513911167e-02,6.628755511312534043e-01,8.191702627457156938e-01,7.339310857898054818e-01,6.831885439046415653e-01,8.222471176043565366e-01,7.286711152213453113e-01,7.299162383500018558e-01,8.222791001608837913e-01,8.500141091822412953e-01,8.311016494029663804e-01,6.109846771065902127e-01,9.979886591132642870e-01,7.531292347990199421e-01,6.014747113422785896e-01,6.804763852525922418e-01,5.533906255476968017e-01,2.573613077554131046e-01,9.055298593701232024e-01,4.205684676519642617e-01,9.930139740020991201e-01,9.533654109932552245e-01,8.073284362490337207e-01,8.498912576470959435e-01,9.648357360893019541e-01,7.294760734631755561e-01,3.833483655572151871e-01,3.941742531037758512e-01,7.120116089119853386e-01,7.607387928138913402e-01,2.261058611125605355e-01,4.418847835577759398e-01,7.602679791409652221e-01,7.177166380769937071e-01,7.918879158051841394e-01,2.673668055057681903e-01,5.477007446894285314e-01,7.164434660399586763e-01,8.607351988196263459e-01,8.159764876501002240e-01,3.128210590858663265e-01,8.291223356422893209e-01
7.330638920035795758e-01,1.703998408402376818e-01,0.000000000000000000e+00,9.936932702807812490e-01,6.247968521086918470e-01,6.843380780877208469e-01,9.313298149016214778e-01,9.764603001421499062e-01,9.043936437471390422e-01,6.880513133977463891e-01,7.972588513876475158e-01,8.288153889844563915e-01,7.352460618056816388e-01,7.096968807535652957e-02,9.545243497843961533e-01,7.666295943218582876e-01,3.731425589699296497e-01,6.513020908937856568e-01,7.270374688730272261e-01,6.575750928391430605e-01,6.298586617432567758e-01,6.684217306525346292e-01,9.209391474551937851e-01,6.711513979602212743e-01,2.031983879191198439e-01,4.731819575555751833e-01,9.688113993659879242e-01,7.932880620312450226e-01,5.989921563163491669e-01,4.826141769642343649e-01,3.104098150001332046e-01,8.317617370943187760e-01,8.531751023584713822e-01,7.148951882911618316e-01,9.097537474888044429e-01,2.473579186844638289e-01,8.849337785280264601e-01,7.175575396988284060e-01,8.540794644493464594e-01,7.528447856823783368e-01,4.072627900200753714e-01,8.065449068143558664e-01,8.832944571967358272e-01,5.971401984209977476e-01,9.578199689335459288e-01,6.005488863482703055e-01,2.798564776998430648e-01,8.885088364356534818e-01,8.609507791440621505e-01,7.819379641196844144e-01,6.924530850781369651e-01,8.311137682549537553e-01,8.061934863445509025e-01,7.267263181540016825e-01,9.060020389325332824e-01,6.691047243862385807e-01,9.082521925519327910e-01,8.166170852204285291e-01,2.734341839424089260e-01,7.564556633115763207e-01,5.848588572798009144e-01,2.058952883157780245e-01,9.517337152950817725e-01,3.681837985665165625e-01,9.114340156129205894e-01,5.800907666292623999e-01,8.659175971662866900e-01,2.416838014072859864e-01,5.032142928430159978e-01,7.449416642358749341e-01,6.959212796509282040e-01,8.367537165890929218e-01,2.111333513846567755e-01,5.924328020107428872e-01,9.031766037279633785e-01,7.272822561978881106e-01,8.733734740561829302e-01,9.735733830457267146e-01,6.809109183668597964e-01,4.396874497455598441e-01,8.307758953118036249e-01,6.111650282817173707e-01,6.328737243759839926e-01,6.684068128037542467e-01,9.066105771708603545e-01
8.712711738096274861e-01,9.614131865041162239e-01,9.936932702807812490e-01,0.000000000000000000e+00,6.685219828025894540e-01,7.919258900852572669e-01,5.515360125660808688e-01,6.234749293194676856e-01,7.400266672344147922e-01,8.993697590745870496e-01,9.080532902711432319e-01,8.469667129542013395e-01,-9.406748955401093848e-02,7.285954817300348552e-01,8.029977782332716751e-01,6.636281990690851007e-01,3.629248811218765414e-01,7.620483263325963375e-01,9.488151331063390259e-01,8.395935461135337619e-01,9.653041809032316678e-01,6.673347454404262580e-01,6.917348610797829922e-01,5.877321798850552170e-01,4.368587156401300686e-01,9.919951973264815592e-01,6.402387880279293286e-01,8.479662981864083404e-01,6.431798563086102982e-01,8.336233483462734961e-01,2.304354023655974526e-02,4.436732327657960107e-01,9.403277508228254922e-01,9.345058118203478648e-01,9.741808855631349795e-01,4.322052346937339529e-01,4.211643268708034071e-01,7.545153510566582344e-01,5.874271707719929125e-01,9.678614499064174259e-01,4.094953965717157418e-01,7.587964003948186598e-01,6.319988482487357562e-01,6.110053313172665312e-01,7.222541891267888481e-01,6.948340781509433350e-01,8.097110202931847578e-01,7.734792175232819700e-01,4.937054668696833071e-01,6.877249763932185012e-01,6.107851516953963777e-01,9.305402818782900765e-01,9.929919724795079894e-01,9.621768952792817409e-01,9.400373642591980383e-01,6.394055313473752111e-01,9.552134186208475208e-01,8.785749572116727801e-01,8.274135439984421359e-01,7.735212285265321563e-01,7.825920910073612680e-01,8.814714809945870533e-01,9.891580713288423699e-01,5.177259492951695741e-01,7.012088621298013802e-01,4.984519049592240902e-01,7.727038940436034009e-01,8.044444544892872528e-01,3.347155778891864331e-01,6.507107534788008074e-01,5.865400136233006601e-01,4.828070850318936236e-01,3.811748133694252694e-01,6.455267394482340215e-01,1.212766092526753464e-01,9.636098128484797964e-01,7.316686257401457949e-01,5.724819545882654515e-01,9.353165266298142377e-01,8.477831041785047206e-02,7.988611219411385633e-01,5.676584573920249177e-01,8.651942385432767058e-01,6.217234396558057874e-01,9.568825400469532783e-01
4.112113678678710471e-01,7.789582975466089465e-01,6.247968521086918470e-01,6.685219828025894540e-01,0.000000000000000000e+00,4.804833770181133890e-01,6.200120369369392925e-01,5.808193769480348712e-01,7.231358132773131331e-01,6.392178438344661151e-01,4.746676505343003227e-01,6.229500064567933260e-01,9.821776070597694197e-01,5.903227945436939628e-01,7.620615924986726686e-01,2.833197564089153242e-01,7.220059557866694844e-01,8.287654126174330838e-01,4.355375086119087635e-01,7.444950971908194104e-01,9.962882774067617353e-01,8.379283227808330681e-01,6.491262733106990535e-01,4.917768318894660262e-01,4.988980153194513267e-01,9.019287519557168675e-01,7.148094521194733320e-01,4.661103772701766790e-01,9.364237681747423769e-01,5.610912944822736836e-01,5.790950377614043632e-01,-1.631265607976427612e-01,5.415798891122796110e-01,6.959573607288083164e-01,7.205805727961904772e-01,2.734377257950214579e-01,1.627131572265638759e-02,3.140128567279502070e-01,6.212614465447562351e-01,9.805408105628623527e-01,5.822369234353255152e-01,8.905426216782895699e-01,6.042249035916374966e-01,3.716747771587739502e-01,9.010484768129682909e-01,8.166431414232837582e-01,7.721113191348130123e-01,9.867841995441422043e-01,7.857366221574685339e-01,7.409808201439038733e-02,2.160708510377521985e-01,5.166641489460443992e-01,7.520879925704158087e-01,5.232278122025489919e-01,9.416898769654458157e-01,6.274663634073566199e-01,5.157903437696516047e-01,3.574027075789095731e-01,6.309020694352156511e-01,5.642732531824016240e-01,1.157550699493212348e-01,8.425019968394685810e-01,4.766397648460774517e-01,8.078661954109975785e-01,6.895844111912800001e-01,9.560196997668036767e-01,6.595592907503129432e-01,4.949731744853921311e-01,4.493340038326964492e-01,8.326155637298319201e-01,6.140459809257959867e-01,8.469708345468605071e-01,2.493880911863265715e-01,3.627592952134934823e-01,5.689152098891452347e-01,9.245414707815542699e-02,6.210216160512493921e-01,2.060544019244941460e-01,2.905892167296070250e-01,1.637349724524308214e-01,8.553352207282494124e-01,9.327222893522387759e-01,7.072606134884890094e-01,2.881781673264231514e-01,8.872200966410512812e-01
8.671783171558008485e-01,6.884633236906049225e-01,6.843380780877208469e-01,7.919258900852572669e-01,4.804833770181133890e-01,0.000000000000000000e+00,2.513172290214084614e-01,6.439504707426382257e-01,1.237642633914275980e-01,7.575636292715085540e-01,8.248287682255081021e-01,9.778360865197681662e-01,2.055642621242030343e-01,-1.202113801927904430e-01,7.520047082425013185e-01,3.651543630379477379e-01,8.641093594280750967e-01,9.397048697387808680e-01,6.190538535673476561e-01,7.140719334102266780e-01,8.668029286857298343e-01,6.837912136282799924e-01,8.856889164296586348e-01,7.073384707990244546e-01,4.611601417799671698e-01,4.303823436557746018e-01,7.913050120207226756e-01,8.588408326037789697e-01,7.740101952689579790e-01,4.498550086050019381e-01,3.194876890277609238e-01,4.443063109680209233e-01,8.571417626851537408e-01,7.643821941072240778e-01,6.988522269022982014e-01,3.513565906574969144e-01,2.873392790769044303e-01,9.531230607880052386e-01,8.615748540363816765e-01,9.384995478918185530e-01,5.269577246310446217e-01,2.652565961814701279e-01,6.190382046731125465e-01,8.322991217722631729e-01,7.521567367550596739e-01,9.471258599696608105e-02,9.086227524603019967e-01,9.289798490246253815e-01,6.380083781603425042e-01,7.593931107332689834e-01,7.526777768519894440e-01,8.788231180362700012e-01,4.163624325470057230e-01,8.388665517823307161e-01,9.135547515155117981e-01,8.944473212191215161e-01,7.428471186067358012e-01,7.408253318352339134e-01,8.109883931736361351e-01,7.341091583271678322e-01,7.010053782099261444e-01,9.002226184618148386e-01,4.182089933127619563e-01,8.675454610369740527e-01,9.041816116126445424e-01,6.248368157188061156e-01,6.397395853224498996e-01,5.124155924978502918e-01,5.611800440588557981e-01,7.807921289707641099e-01,5.641026627083507439e-01,4.652558787866210160e-02,2.864483405687244799e-01,1.689186825727166386e-01,6.478257500036274097e-01,7.171713665156720374e-01,5.268483272636710346e-01,8.765181416599422404e-01,2.790628967015386097e-01,2.402135071955798229e-01,8.012932807825560166e-01,7.575228942060744375e-01,6.315391328829120798e-01,3.982349791418325347e-01,7.058899128737556872e-01
7.714895737676880083e-01,-2.204950944753631403e-01,9.313298149016214778e-01,5.515360125660808688e-01,6.200120369369392925e-01,2.513172290214084614e-01,0.000000000000000000e+00,5.321814342949469090e-01,3.507677999220215614e-01,7.184423011346401378e-01,6.530438486984422308e-01,2.239144250275593717e-01,1.281036844372722139e-01,1.422268756290987757e-01,3.195080727823719768e-01,6.773151715941170270e-01,6.928995931794162955e-01,6.703478366697150914e-01,5.737676403664738745e-01,6.571166638923406911e-01,3.448837751676065433e-01,-1.898394039487786844e-01,4.788221557964622566e-01,8.178243932386343173e-01,9.532893451889594694e-01,6.000068987245874563e-01,1.948297355486676707e-01,-1.438687590540046191e-01,6.259531895006549274e-01,3.405889738599017225e-01,3.100316246319301805e-01,7.177787082814547359e-01,4.006546009149760668e-01,6.665581187200946278e-01,4.981860806167204281e-01,7.310302090737623715e-01,3.861977077681689741e-01,6.248665398216000089e-01,3.178072074905728961e-01,9.547538406914555242e-01,4.754985836007065148e-01,9.766383726913085983e-01,9.905463105564255022e-01,8.200751347990157258e-01,8.182294463293242615e-01,8.513293338411215272e-01,2.551022051510323241e-01,6.807957920514952077e-01,5.681009565936990802e-01,4.247421845278862573e-01,6.255490565124363078e-01,6.135464977561370103e-01,7.848343208758288281e-01,7.786601032378802634e-01,6.179270733523455350e-01,4.236573391972577873e-01,4.845225164184729927e-01,7.188150954188080588e-01,6.749658900485637769e-01,7.696346037927481731e-01,5.663398689917930051e-01,7.716880613225950425e-01,7.277006875674375541e-01,8.109940970763247492e-01,9.659252355480659746e-01,7.959496545687360092e-01,1.475273651303293243e-01,8.590290733298165948e-01,6.339016785950722932e-01,5.142664071256777270e-01,4.129696946483571440e-01,5.198441473557777748e-01,3.899576693269655170e-01,4.474292628397379401e-01,4.494063098974060422e-01,9.233266541451141673e-01,7.377318349936152764e-01,6.247383215967050596e-01,9.721551208544533251e-01,4.522477247385822685e-01,5.332480726198702836e-01,7.887207613186213440e-01,4.677516866361754455e-01,6.197994759822996746e-01,5.785609519060523898e-01
7.392819237604730809e-01,7.579435066758302142e-01,9.764603001421499062e-01,6.234749293194676856e-01,5.808193769480348712e-01,6.439504707426382257e-01,5.321814342949469090e-01,0.000000000000000000e+00,7.888780792584002555e-01,-1.198645813945281580e-02,4.852689888105233829e-01,5.654986463943648678e-01,5.312334553768004453e-01,7.161354059726610100e-01,5.903524302171863081e-01,6.608197235448989293e-01,9.829579305097277953e-01,5.974080741233415148e-01,7.313974936093996515e-01,9.397992602501723525e-01,8.179065909049816341e-01,4.082990902722792304e-01,8.412561609351417724e-01,9.492956826145459992e-01,7.883493876160632130e-01,4.772903766261420433e-01,5.236157590680332596e-01,9.106647564516086035e-01,2.469270475750800498e-01,2.271758354826316217e-01,1.973128835865685382e-01,3.803191432845214326e-01,6.922766235390118705e-01,4.060576251779658419e-01,5.037710453591041082e-01,3.316869112042034606e-01,2.967738354128594547e-01,5.172342941470768896e-01,-6.766500647409073865e-02,7.585545895586633947e-01,9.024204347959920991e-01,4.901671917665532674e-01,9.635653085506287185e-01,9.567787593868203322e-01,8.891788607009410983e-01,5.714352620026783569e-01,7.278076331408722677e-01,2.834918373421647098e-01,7.270400958243258271e-01,6.821524899082340720e-01,8.589211690183875536e-01,7.542210085295941724e-01,3.902759233710738629e-01,5.716796051717423222e-01,2.409659660094927713e-01,7.926679550724780032e-01,6.864705370102901494e-01,8.671354650779337092e-01,4.180248111212297446e-01,4.491119731228749856e-01,4.020028918050855271e-01,6.532308315773572849e-01,6.744418501542234212e-01,9.533502295785555303e-01,8.580498529692313081e-01,3.116622607163173075e-01,5.568269356429383921e-01,9.437656178765179149e-01,6.059951437235033822e-01,6.013802015487940134e-01,9.048006548556217776e-01,3.832227884050701250e-01,8.853436896180534310e-01,4.149119649570863766e-01,5.606385456066020900e-01,4.985153927363152881e-01,5.947437519845348852e-01,7.176464312978487747e-01,9.804807919233654578e-02,4.478660115742669201e-01,2.563926242470736527e-01,9.529023898245927438e-01,5.542261268756876191e-01,9.516627765794496985e-02,4.565073920728690560e-01
4.741532520519492477e-01,6.248434032004677174e-01,9.043936437471390422e-01,7.400266672344147922e-01,7.231358132773131331e-01,1.237642633914275980e-01,3.507677999220215614e-01,7.888780792584002555e-01,0.000000000000000000e+00,5.624185847666269833e-01,9.882582915084108244e-01,9.709626574349250472e-01,6.303970100783706787e-01,6.608146006555054575e-01,5.159391215374883322e-01,7.755493796658814443e-01,8.764015442736327044e-01,7.914126636397353920e-01,2.889218300879178303e-01,8.583416842936372193e-01,6.891566799382203845e-01,6.444798460070666479e-01,6.206123226617750177e-01,9.800709176298681991e-01,8.898204175633493973e-01,6.043460850706824372e-01,5.448721140598956625e-01,6.187727109262557423e-01,5.773263569371906989e-01,7.317674729432085412e-01,2.543593417233462883e-01,8.729721780696898525e-01,5.147011743264749972e-01,9.299305596486380221e-01,4.631303056147440533e-01,6.149348542286803276e-01,3.909979437074937447e-01,4.827417097754005404e-01,9.030669296324751461e-01,6.032417402811699469e-01,4.205872760524554943e-01,4.029298721583557952e-01,8.223737559340980052e-01,6.452795306392247188e-01,6.940223180168522132e-01,5.153799472031841411e-01,9.808544966509807894e-01,7.026182693800212542e-01,7.670358796544497482e-01,6.624394643148017181e-01,1.337598069967507464e-01,7.724311827715841794e-01,8.846443703877018283e-01,8.966632641208269749e-01,2.545859921701668638e-01,7.078197981179022991e-01,8.958450593472269130e-01,6.314455183511462621e-01,7.881115776954219498e-01,2.939650983736408207e-01,7.174011990598004873e-01,5.215553436799904574e-01,5.252690616095597731e-01,7.740712250997485722e-01,7.075619179422595328e-01,5.573307489007320870e-01,4.005449404828991256e-01,9.380173121656361079e-01,7.724787126241919877e-01,6.874140189560256076e-01,9.408221809680827885e-01,8.390804030596693552e-01,5.445950284306397826e-01,7.545232358234119641e-01,5.827875036513400220e-01,5.213395766753583516e-01,6.350372908094658042e-01,4.738730865877069376e-01,2.822211143602989525e-01,-8.510138499363362197e-02,4.360819198916831008e-01,6.371347069296442456e-01,7.364996027114680821e-01,5.550465823236281349e-01,3.338175207927566723e-01
6.244067974119077435e-01,9.723239512585917232e-01,6.880513133977463891e-01,8.993697590745870496e-01,6.392178438344661151e-01,7.575636292715085540e-01,7.184423011346401378e-01,-1.198645813945281580e-02,5.624185847666269833e-01,0.000000000000000000e+00,7.586575033509690424e-01,7.497961577213961837e-01,4.580680290729871040e-01,6.587653360713282558e-01,9.264488784602997740e-01,3.694440654709824634e-01,9.811081158749543896e-01,4.592123314070426510e-01,3.940525839795636642e-01,7.856179679534047722e-01,8.048544338054450797e-01,6.112986373764769388e-01,9.600323631273501856e-01,9.009499750904480520e-01,5.449889535623262393e-01,9.541650712301729120e-01,6.612817271429946020e-01,4.798910954931880357e-01,6.716185618552928949e-01,4.924407819364300387e-01,3.597921250050276631e-01,7.685204957935114489e-01,9.684097479570952238e-01,4.148651949003732686e-01,6.190683305022922633e-01,9.413888673098796955e-02,2.925712548731058682e-01,7.859254173853080783e-01,8.486214315516341644e-01,5.499588943888380488e-01,4.542507483336715723e-01,8.757361956436994221e-01,3.278875940729495397e-01,9.446235450443457582e-01,6.633182693909598360e-01,7.042000864749321520e-01,8.621083481055791253e-01,7.379614506492622183e-01,4.014553480739033731e-01,7.718646171245203691e-01,5.727888379899508386e-01,5.909709048150801891e-01,8.175675809170553088e-02,8.270541717919963620e-01,8.400185892580430691e-01,9.386437585275890783e-01,7.685137946175377710e-01,8.903201979742147998e-01,8.253029198031340830e-01,6.973115268160040570e-01,3.961284373790655566e-01,3.268346332343325944e-01,6.742288387348207568e-01,9.660810767021396073e-01,4.656130681570179730e-01,7.321329591083721722e-01,5.881776407548584551e-01,5.626569639972214265e-01,6.017669827606494382e-01,4.549081569464789032e-01,2.084220630500943083e-01,8.257719328838775130e-01,4.218710331459660234e-01,5.032920495826037621e-01,3.008647759511009490e-01,4.339833788617570853e-01,9.442464487615458424e-01,4.848532687077481418e-01,5.085307469359732352e-02,7.767767028974525978e-01,4.792661899035886575e-01,6.513424377819121425e-01,7.802432626953648143e-01,5.091106941556767795e-01,3.790162057899240655e-01
9.933175778058378480e-01,6.705295228949115227e-01,7.972588513876475158e-01,9.080532902711432319e-01,4.746676505343003227e-01,8.248287682255081021e-01,6.530438486984422308e-01,4.852689888105233829e-01,9.882582915084108244e-01,7.586575033509690424e-01,0.000000000000000000e+00,4.244618929614273894e-01,8.558238796501100865e-01,6.918634324585754003e-01,5.718212306593986050e-01,-1.521686488573358309e-01,5.762320046848379285e-01,8.809358067246494395e-01,7.365140482914115383e-01,8.595163288926672696e-01,8.113101779481848297e-01,6.440819300785526336e-01,8.319508598466317517e-01,4.939624241693156281e-01,7.217681273791627383e-01,7.977993382212651419e-01,7.462288875792051357e-01,7.494812287791681182e-01,3.103942626178645137e-01,2.230674373314460168e-01,5.846879147906480778e-01,6.150862596064486931e-01,6.873940996872610620e-01,8.439268725491959611e-01,7.337356721176281349e-01,6.074635616361601098e-01,3.632556881311232999e-02,9.914530202103658540e-01,6.155515637117738859e-01,9.110688927875743026e-01,3.918436040142191379e-01,6.296696273661480658e-01,4.316318810635686454e-01,7.552791618785625882e-01,8.170884820016039995e-01,7.878857192224717476e-01,7.991704847768910103e-01,6.482298840130965578e-01,5.835454990031262446e-01,4.195369792390794550e-01,6.194654093690962204e-01,6.300543731108718681e-01,8.286625753617642420e-01,6.903249118150660557e-01,7.747593358655225915e-01,2.305174971131790929e-01,7.185769566218880300e-01,9.320136772434199912e-01,9.079151022077573963e-01,3.081081728403474163e-01,4.144071136807163103e-01,5.620092225375661332e-01,4.085343249559671985e-01,6.024967787709937239e-01,8.452900432774976824e-01,7.069129623281692476e-01,7.493194296190549553e-01,9.278429561363309430e-01,4.366904447604587625e-01,8.654066105152956601e-01,7.223147881257493408e-01,7.191625148005587054e-01,3.808554075952372830e-01,4.135824475453842020e-01,8.781463224278717172e-01,7.467886736723293728e-01,6.666152198880392898e-01,7.013644081329502011e-01,6.085350995418471465e-01,3.005775570961498611e-01,7.066253459671671955e-01,6.083406017808065114e-01,8.414506662869731812e-01,-1.597305980741237641e-01,6.304118177053678052e-01
8.339263956340656758e-01,6.225869297646327016e-01,8.288153889844563915e-01,8.469667129542013395e-01,6.229500064567933260e-01,9.778360865197681662e-01,2.239144250275593717e-01,5.654986463943648678e-01,9.709626574349250472e-01,7.497961577213961837e-01,4.244618929614273894e-01,0.000000000000000000e+00,6.947427096983660455e-01,3.564700203028836611e-01,5.225781122424013603e-01,5.412481695612776367e-01,7.907827945460873531e-01,5.475238231733702277e-01,8.679970902421829670e-01,5.369855069375558676e-01,3.338276202226960754e-01,9.998729270587727314e-01,9.079470079363300972e-01,6.419864415228920818e-01,6.031213974378112352e-01,7.975792183070669061e-01,9.942198416521533799e-01,6.911840995638519614e-01,4.820866963540918482e-01,5.578569994597241122e-01,4.156939851451965096e-01,3.444027415172539741e-01,8.987964714993043058e-01,9.456632460459162282e-01,4.685609556484872096e-01,2.198136881704128576e-01,5.862249202406799586e-01,5.903002692942942442e-01,6.009484444135688719e-01,6.579419085563329439e-01,-1.123692896588263102e-01,7.403601993572375140e-01,8.193195576393642598e-01,7.748830901366523527e-01,9.285415053119491224e-01,8.308480577681490731e-01,6.533611360116333699e-01,8.710086979098773385e-01,7.437455347436809916e-01,8.618182680042675292e-01,9.252132780123942801e-01,6.430247026924791331e-01,4.611601794729847104e-01,7.660394734086506396e-01,1.085791873304926131e-01,6.397709854931311613e-01,7.015649125382233953e-01,7.240578399989809621e-02,9.543517392812885802e-01,6.293100346943507617e-01,6.508868847037774241e-01,7.794714139821468102e-01,7.429448266215588070e-01,9.144315210069846600e-01,9.220119513187957638e-01,4.791419284159857961e-01,6.186032848976261711e-01,6.866235097537289889e-01,5.314221253847946080e-01,6.052575274203192413e-01,8.693470618839503894e-01,7.198209167168793110e-01,6.633805358809655717e-01,8.423771915564740032e-02,4.956996759986198042e-01,3.761569797010599903e-01,7.718274434372758286e-01,5.090083152794656618e-01,5.778539489292244813e-01,2.308313483713231862e-01,3.355997572183404554e-01,4.870362157386584623e-01,6.420234958090178523e-01,4.311466000674186172e-01,7.715736974060947162e-01
4.336271416359708808e-01,7.718913106731311036e-01,7.352460618056816388e-01,-9.406748955401093848e-02,9.821776070597694197e-01,2.055642621242030343e-01,1.281036844372722139e-01,5.312334553768004453e-01,6.303970100783706787e-01,4.580680290729871040e-01,8.558238796501100865e-01,6.947427096983660455e-01,0.000000000000000000e+00,4.614929280491183450e-01,9.626159786960493125e-01,6.852915038816213000e-01,8.137445829156526589e-01,7.122564855359261315e-01,9.919274362726506755e-01,9.517507118288015544e-01,6.132834275381550126e-01,6.097983668698638837e-01,5.510200332724013439e-01,8.533498669604504538e-01,7.680126486493448201e-01,7.050568575477239586e-01,4.689771631268541130e-01,8.224640200587530758e-01,5.103630635032260221e-01,4.822668507481902567e-01,3.767828343582644429e-02,6.287053050180226865e-01,8.149129881352104032e-01,8.186031375893304540e-01,8.140879679416325176e-01,7.250516496856210802e-01,4.685840918958428247e-01,7.440797923758972754e-01,9.397721978889014283e-01,4.841832900766271930e-01,2.096032155532011054e-01,5.666918061797320272e-01,7.838549343472905884e-01,8.414013550596393110e-01,3.265606734024258939e-01,8.442288493962265550e-01,8.603041868864647057e-01,7.771895165324054222e-01,6.211580601447453942e-01,4.232899937526731771e-01,7.606976720790389335e-01,7.285777465570913991e-01,7.083892675477282408e-01,9.909316573370164916e-01,4.532800761024343150e-01,7.985462221593322418e-01,8.373249922029859516e-01,6.065503349896964602e-01,4.001417001991451894e-01,6.382701567189462688e-01,4.968222830022188674e-01,6.324685258936356691e-01,7.371383217029268131e-01,9.094530596164887015e-01,7.462206591714335424e-01,8.724840242019952230e-01,2.116085402772701352e-01,8.725858202868992386e-01,5.955159802218943366e-01,6.863414173024563469e-01,9.597630962209879879e-01,4.218701714017369375e-01,9.025599673171759152e-01,5.098036244701743547e-01,4.113586189825646500e-01,5.888303838714912253e-01,8.669407409774452233e-01,7.492474261785893042e-01,5.891835184583584795e-01,2.504579950625679952e-01,5.093353676085579096e-01,8.143196557027532201e-01,9.449202668412133299e-01,7.784255758404097225e-01,7.298944468281327591e-01
5.906410288731185343e-01,6.383869776712410016e-02,7.096968807535652957e-02,7.285954817300348552e-01,5.903227945436939628e-01,-1.202113801927904430e-01,1.422268756290987757e-01,7.161354059726610100e-01,6.608146006555054575e-01,6.587653360713282558e-01,6.918634324585754003e-01,3.564700203028836611e-01,4.614929280491183450e-01,0.000000000000000000e+00,5.493447045351248503e-01,6.673691733501012635e-01,8.169021578545562212e-01,8.267734232125141247e-01,2.617523112881886549e-01,9.108692375595804913e-01,7.166306966569534476e-01,3.493893755425337977e-01,8.624951580090907122e-01,4.661142519291365249e-01,4.646674739935536258e-01,9.753032628752460464e-01,6.878131225888682865e-01,9.347145220621423389e-01,3.515793487448020671e-01,7.512291108630695380e-01,7.767390963558052919e-01,7.558269523709479909e-01,4.945940449840712794e-01,9.425284594119314185e-01,8.370355890168985624e-01,6.549591304295723226e-01,3.623032166220360173e-01,9.132619754378051846e-01,9.519912083787027690e-01,7.641585553541152542e-01,2.523147455698643293e-01,9.772453149300347475e-01,9.145543439346583980e-01,9.086919396115289427e-01,6.994888556133114221e-01,4.694328759749157864e-01,8.106001420506384614e-01,6.502919542298304378e-01,7.384639956639058589e-01,7.758869526251057636e-01,7.283186868163377126e-01,8.648970842542341719e-01,7.480962693134601826e-01,6.097584292256499339e-01,8.502805301838028962e-01,3.832628721822408657e-01,2.642201324857529343e-01,9.199003411965914756e-01,9.503112691045516591e-01,4.627601533764565955e-01,5.890798557371184074e-01,6.605738186507048582e-01,7.699570996796515354e-01,9.868985992726414525e-01,9.842422201990215225e-01,4.035655353041878168e-01,6.437921398380874738e-01,4.323797554869150406e-01,7.323428407338723467e-01,6.799711777559561132e-02,4.723240892709273941e-01,6.184946597386042910e-01,2.571771446345766932e-01,7.118945845053147314e-01,7.431153766842556463e-01,8.340904765240692020e-01,6.377921165963172934e-01,7.444763638964219110e-01,5.080736202741714669e-01,5.082595140303285824e-02,5.931059034700103538e-01,3.233755628730328735e-01,9.106505637791839636e-01,7.520703312280069275e-01,8.611964319304246107e-01
6.326388619463855223e-01,8.977300565082805273e-01,9.545243497843961533e-01,8.029977782332716751e-01,7.620615924986726686e-01,7.520047082425013185e-01,3.195080727823719768e-01,5.903524302171863081e-01,5.159391215374883322e-01,9.264488784602997740e-01,5.718212306593986050e-01,5.225781122424013603e-01,9.626159786960493125e-01,5.493447045351248503e-01,0.000000000000000000e+00,9.807776450230600851e-01,9.428706450973028952e-01,5.959544747303197054e-01,2.646758784678675536e-01,9.206448566997172955e-01,5.369901532070679995e-01,4.689663335360291785e-01,5.473636581300881376e-01,2.876704175021840282e-01,5.376668580695909139e-01,4.840794041692190741e-01,9.766705396653752036e-01,7.671275099815344500e-01,8.895564897818381001e-01,5.583011281303849049e-01,3.296823405512424587e-01,9.336750166309929488e-01,2.905095015804566860e-01,5.138120993333493702e-01,9.331394185597462476e-01,7.425753113827815444e-01,3.585582552483781299e-02,7.094722905424918347e-01,8.973916384109458244e-01,8.511467593095327633e-01,7.558035142604625500e-01,6.330480094634231003e-01,7.182860711695510103e-01,4.923076900446378135e-01,2.559702192068376569e-01,4.975932861872074398e-01,9.116230015575013113e-01,7.529514076925670762e-01,7.923099566102964619e-01,9.926365675197275085e-01,8.604424489413006194e-01,7.930479927227768178e-01,6.654801585241317818e-01,6.177793157285021985e-01,1.070312659787286957e-02,8.718912689988965736e-01,8.122956785550300429e-01,5.326090046108353793e-01,2.234546083317036635e-01,7.101065637378575213e-01,2.875725987593936717e-01,7.214233271200292119e-01,6.438686074748929400e-01,6.787856014108702984e-01,8.722368549985365371e-01,2.451685227051820237e-01,4.221034097987785838e-01,9.483090172632141490e-01,7.184558704440349164e-01,6.701510641050206774e-01,7.712566140915340096e-01,6.934462034945403364e-01,-3.307134338438060817e-01,7.209756993229877731e-01,6.546285416949664260e-01,6.767606868639517437e-01,9.203727130392599376e-01,6.653064056131494652e-01,4.335652691647188806e-01,2.467860814740943931e-01,7.777318495845813029e-01,9.633467726068215553e-01,7.725392032947121512e-01,2.246212406794830529e-01,4.129611535585596127e-01
7.161112127528160842e-01,7.348057707962299956e-01,7.666295943218582876e-01,6.636281990690851007e-01,2.833197564089153242e-01,3.651543630379477379e-01,6.773151715941170270e-01,6.608197235448989293e-01,7.755493796658814443e-01,3.694440654709824634e-01,-1.521686488573358309e-01,5.412481695612776367e-01,6.852915038816213000e-01,6.673691733501012635e-01,9.807776450230600851e-01,0.000000000000000000e+00,4.872408173355263772e-01,4.375154480652139188e-01,8.801658145542606837e-01,8.000778953283050887e-01,9.755705368060108018e-01,5.182613269744514861e-01,2.597923215165821587e-01,8.983371164717757207e-01,5.399349239379390708e-01,7.075671181526245190e-01,3.887110800823626588e-01,9.724296242492431741e-01,4.392605466681652748e-01,7.140338338579781396e-01,6.187994853322573707e-01,9.507679550086178821e-01,6.762756156288504128e-01,1.229200993179635493e-02,3.111675230086068944e-01,7.434008672357481640e-01,6.769270449186102212e-01,9.034823204617734582e-01,8.360464075649335358e-01,6.564887019676395319e-01,7.295094857864806714e-01,7.607587994779781981e-01,6.297220142433658241e-01,6.825172229121655443e-01,6.493498200963918610e-01,5.774785782452471761e-01,4.036914378684972049e-01,7.345788862304668543e-01,5.393158213173120386e-01,2.992552951084040957e-01,7.947704134948370136e-01,8.652505512639218077e-01,8.235675359000730333e-01,4.484613900322722002e-01,4.845067265316604921e-01,3.636202823863058375e-01,7.998234944299050797e-01,7.235412343497995558e-01,9.634087707719860560e-01,4.118713891086894785e-01,3.496242352482389348e-01,5.613079428855964892e-01,7.119160402897610762e-01,8.487998505261229454e-01,7.229365673426948469e-01,7.048246262830815123e-01,2.989357143748819778e-01,9.645175804184618062e-01,7.334900712295531200e-01,6.113048343907361293e-01,7.016479857140948129e-01,6.964422784713606429e-01,4.808603629269859181e-01,6.402738616726995069e-01,6.404221008219600497e-01,6.715807014518222484e-01,7.138124701346091339e-01,7.093833553596510244e-01,5.191471801923933649e-01,4.344612651599816244e-01,7.042963949475985475e-01,7.608548156643625271e-01,3.822695494098978797e-01,3.998972480492938297e-01,5.649549474462197685e-01
8.893936667070926338e-01,6.683849149249949662e-01,3.731425589699296497e-01,3.629248811218765414e-01,7.220059557866694844e-01,8.641093594280750967e-01,6.928995931794162955e-01,9.829579305097277953e-01,8.764015442736327044e-01,9.811081158749543896e-01,5.762320046848379285e-01,7.907827945460873531e-01,8.137445829156526589e-01,8.169021578545562212e-01,9.428706450973028952e-01,4.872408173355263772e-01,0.000000000000000000e+00,3.910905944556742897e-01,6.763143206881845337e-01,8.112805588523575029e-01,8.780300571127276354e-01,6.160105115361030892e-01,7.738113105698388727e-01,7.411936913226189194e-01,5.059702173066138453e-01,6.883391870439613536e-01,6.220503897373736990e-01,6.534196932152773751e-01,5.707041993368225929e-01,-4.050015753122404583e-02,5.060973468999759861e-01,8.177529754886424529e-01,5.645982955084893895e-01,6.398106252544946138e-01,6.797960685113204615e-01,3.337696092364430545e-01,4.896430673055315319e-01,7.193210152534835755e-01,1.435141993844392949e-01,9.692145670682700276e-01,4.450771608619348840e-01,7.025842701288305125e-01,4.251403401982370989e-01,8.626469187726295562e-01,7.895525475280749106e-01,9.296680002998302106e-01,7.513166755394288243e-01,9.303716337476706233e-01,7.241205656896945175e-01,8.493230417557005030e-01,7.937842774954286806e-01,8.812289420634444870e-01,4.299046968499949939e-01,8.839438888285621188e-01,8.976234810604708514e-01,9.427453694084300118e-01,8.126636949318082337e-01,9.857054695207077000e-01,9.472022393873847923e-01,5.258110234838213604e-01,-9.933479022712803086e-02,4.025768204801474792e-01,8.947196063515534536e-01,9.613608653096807899e-01,8.434677385551478945e-01,9.221891865695857060e-01,9.583288263153761921e-01,9.482935955369234948e-01,4.091415311706566582e-01,8.899109060905844304e-01,6.157128977399028980e-01,4.118951298301647967e-01,3.144540999508574908e-01,2.709187834861096489e-01,8.912351213024858332e-01,9.964194584303194269e-01,8.498201802111818859e-01,8.234125804964328443e-01,2.818226138301707095e-01,1.953789959171018664e-01,7.689087557550792207e-01,8.914485689926907597e-01,4.500817082482183040e-01,7.771512486287326382e-01,6.508610049959342447e-01
3.169045326921670069e-01,8.828744307414355674e-01,6.513020908937856568e-01,7.620483263325963375e-01,8.287654126174330838e-01,9.397048697387808680e-01,6.703478366697150914e-01,5.974080741233415148e-01,7.914126636397353920e-01,4.592123314070426510e-01,8.809358067246494395e-01,5.475238231733702277e-01,7.122564855359261315e-01,8.267734232125141247e-01,5.959544747303197054e-01,4.375154480652139188e-01,3.910905944556742897e-01,0.000000000000000000e+00,9.976802257144569142e-01,9.546778661851011982e-01,5.673336975076226363e-01,6.728714602117354948e-01,9.671668701222070341e-01,4.424648600748714578e-01,2.016465413985430444e-01,8.644334337201516894e-01,6.603319099737332554e-01,7.553305264972167699e-01,4.551579763992347760e-01,5.398357154727244644e-01,2.199550429388240358e-01,9.114585432070122506e-01,6.201745144890932204e-01,9.866840340742398796e-01,6.207108062432487028e-01,4.266343002417851138e-01,5.824234940926231729e-01,6.219198571220151406e-01,9.004213343790478108e-01,5.956611512071178227e-01,2.856502935401656895e-01,8.516304327563148924e-01,6.711655201952221317e-01,8.791799754989467752e-01,9.661953196405641542e-01,6.568542860424269048e-01,7.622160437676103184e-01,6.927801555476013062e-01,6.530825557252253333e-01,4.491528234757359850e-01,7.675653325039715202e-01,9.974789736010953867e-01,6.504412398985075505e-01,6.029180292607194680e-01,4.040435281091464548e-01,8.453448821160794990e-01,5.267808972394735223e-01,4.644522923036563111e-01,5.614504694677202590e-01,6.012917208010953862e-01,5.914571421235332860e-01,5.204604443878727560e-01,8.652696050750645629e-01,3.790301925278972694e-01,3.867738813940075904e-01,9.120776425652998842e-01,9.930336261552855648e-01,7.449312966323130558e-01,9.484030883777223586e-01,8.260782932070330764e-01,8.728916437770333214e-01,6.361490567974765753e-01,4.047005085990692530e-01,2.207040303050323282e-01,6.930594848976094902e-01,8.736942022914665484e-01,2.403659477528518607e-01,8.739418272206621596e-01,3.516895741286901744e-01,7.665329944022902797e-01,3.174322427406985336e-01,7.824043089981108645e-01,8.911154963328412615e-01,7.540102645683766092e-01,6.154626154704755381e-01
