0.000000000000000000e+00,9.085138530441416727e-01,8.619656225227088076e-01,9.147626346303686651e-01,6.370565364503554262e-01,7.214900279898892599e-01,9.604616784653166039e-01,2.308570565853113321e-01,8.161487581184985185e-01,9.281007499487775592e-01,7.474959034184348594e-01,9.492041938752299179e-01,6.445054210948057971e-01,4.592980588427686417e-01,6.713816361251312426e-01,9.388962044732017675e-01,7.468619576378399127e-01,6.669210924304098675e-01,9.630367070286786069e-01,8.815270702694095739e-01,5.835173732707179539e-01,4.514967731199980849e-01,6.992550169680139538e-01,9.448880065664450045e-01,8.519612359402939372e-01,9.625476802964588741e-01,4.896639266502015309e-01,9.312644106986442960e-01,4.135261657913749667e-01,6.155352249163138501e-01,7.337266969375779713e-01,9.313592613551252564e-01,8.918110491887388802e-01,9.673323435520860825e-01,4.425175585106544962e-01,6.989110721164248918e-02,5.405269143251878461e-01,8.388412385440600083e-01,7.726673578596391367e-01,3.225656171412790707e-01,6.019292018034840819e-01,7.181194395930227126e-01,9.313843472627142406e-01,9.973640211997628624e-01,9.919180335386066361e-01,7.385113914201626439e-01,6.886743562930107698e-01,9.350085847419470353e-01,6.023241561355610618e-02,8.395023949183370027e-01,8.733899406717344771e-01,7.421912964367712862e-01,7.346459024091440693e-01,9.729485358127134553e-01,4.277533971245021660e-01,7.085278957869800553e-01,9.658678518641777844e-01,7.705542774389957383e-01,8.992650706714727660e-01,5.230769002203953244e-01,5.126638533721052937e-01,6.527989210901850026e-01,4.719904636334613657e-01,9.390377051089418003e-01,8.229433502287644142e-01,6.413292910282475390e-01,3.982644064630607716e-01,8.433226263966825398e-01,7.682157640072797555e-01,5.033732224528465471e-01,7.235218778939705997e-01,5.547880355196059821e-01,4.299231953540185169e-01,8.760890159957538392e-01,9.914585782867737507e-01,8.832873048681582073e-01,9.029082766583579334e-01,9.089784434896217569e-01,4.909922425248204325e-01,9.634558459096354346e-03,9.637506645762637936e-01,9.381508429005217531e-01,5.363235034012425739e-01,5.919908253294448031e-02,9.626834415121237054e-01
9.085138530441416727e-01,0.000000000000000000e+00,9.591541596906409950e-01,8.721546563560329535e-01,4.363207321792506033e-01,9.195772946395230907e-01,2.997987041030202859e-01,5.871052164494450221e-01,6.586298355708810615e-01,7.310813288244257802e-01,7.337551407820785965e-01,3.378147201217156920e-02,2.430824469704511714e-01,4.598537698918663819e-01,4.974446183503165586e-01,2.241240523899527548e-01,6.948797583330466043e-01,9.282721836800703619e-01,9.977679366325726829e-01,7.301607160061946988e-01,9.707485210222798200e-01,4.035295107324338160e-01,7.942692092187693120e-01,9.743482929148753469e-01,6.918896465283999042e-01,6.671796849860583967e-01,6.492936546912536633e-01,3.124231973653460170e-01,5.310915397940814131e-01,6.187111492166738058e-01,6.483489206024011242e-01,7.281604639023498970e-01,4.927069509825309224e-01,9.823582670057293686e-01,4.239782749590514377e-01,2.847536798431283822e-01,7.204116222689428417e-01,6.862914668209966207e-01,9.395865063057733391e-01,7.607624117633973171e-01,4.107174205629509633e-01,2.121405761572636162e-01,8.237315556497987190e-01,7.393026332706468251e-01,9.742460410653013270e-01,8.526218863187879915e-01,9.126653379655529363e-01,8.025067662437272986e-01,3.003455913151281687e-01,9.851399420055915179e-01,9.346252847869856994e-01,2.246477526669320712e-01,3.692796706067859036e-01,4.939608785206016095e-01,3.103580630485305303e-01,4.680645889054327324e-01,7.876382513932909113e-01,3.327497362456227625e-01,6.819811132019687472e-01,7.920406817033005531e-01,5.625878930661898369e-01,8.580940495022374437e-01,5.724855270593034451e-01,6.972002636103634687e-01,7.796570747842274107e-01,4.701278380638390098e-01,8.144244684958675817e-01,6.456204736831077096e-01,6.171176785751774085e-01,5.749004936360366802e-01,5.015001337028526240e-01,4.676500630088846755e-01,8.426412128206902663e-01,9.410655275652765051e-01,6.585200536036414087e-01,7.234588927887316556e-01,6.145280133531140221e-01,4.469609169938120741e-01,4.203370941791871873e-01,3.796024432517451919e-01,7.340810883052517610e-01,8.324903772489145037e-01,9.171461907807139102e-01,2.417489946161479886e-01,7.677742537723933891e-01
8.619656225227088076e-01,9.591541596906409950e-01,0.000000000000000000e+00,8.069521260643210958e-01,9.853135055852842994e-01,9.842622507269102039e-01,4.338503802563394851e-01,6.923458463326176426e-01,6.389990892361431252e-01,8.937312627842245449e-01,9.385350071735616417e-01,6.063188480673512570e-01,7.564257408011543227e-01,9.620353187026936537e-01,8.609272397922641540e-01,8.743832041357120222e-01,9.380420265922887468e-01,9.210536086402223432e-01,9.977585811940786753e-01,8.770585082941851907e-01,8.436396858867700743e-01,9.545906840291882300e-01,8.169152824770989918e-01,9.887003503010045602e-01,6.206565771077926508e-01,9.923268386694883425e-01,7.437056977345675168e-01,9.263624537361858646e-01,2.097787366299705414e-01,7.488622990913850197e-01,7.090760112038837493e-01,9.800267461785444612e-01,4.449324204382670289e-01,5.386672461597659112e-01,7.040587621545263408e-01,1.548876153576488335e-01,5.436424681871555586e-01,9.675128620836640492e-01,8.712148190445084817e-01,8.397254821710260497e-01,5.196480343204306074e-01,4.298750670885155833e-01,7.325188810598255440e-01,9.026440742709848086e-01,8.391772265488642857e-01,9.751303562331504748e-01,7.321882277615942014e-01,2.135319307913928766e-01,9.308673603321332424e-01,8.911123984032931489e-01,4.423240956898711329e-01,6.002350562850485849e-01,6.040477756104776219e-01,7.562748910237624411e-01,6.223931686452096601e-01,2.366541898946843969e-01,8.565105906338362773e-01,5.954920037594775284e-01,7.953571390461265933e-01,3.120543286137720806e-01,5.299298227497726277e-01,8.785804606689124885e-01,6.791954770063605151e-01,9.034050633451223833e-01,4.950007341632824964e-01,7.259449151537658018e-01,6.802701941441023914e-01,7.650492215939344032e-01,8.929559265065112328e-01,8.219620814845679524e-01,7.218207353979424479e-01,9.129846097113374359e-01,6.215692797996305030e-01,4.812168338017159819e-01,1.954089409357434304e-01,4.917886101552075284e-01,8.151717634942654556e-01,9.627069497517888319e-01,7.583958877795304865e-01,7.027111289025499419e-01,9.422939925027837837e-01,9.363428704533802716e-01,8.603241123365390486e-01,9.893434474799622791e-01,8.046526716653114031e-01
9.147626346303686651e-01,8.721546563560329535e-01,8.069521260643210958e-01,0.000000000000000000e+00,6.425203239848155112e-01,7.570271426569542550e-01,4.500787263614753342e-01,8.585036230281237746e-01,8.187583809836744830e-01,8.514994532962222307e-02,7.701231663000533967e-01,4.913615882899491361e-01,8.364810390129019391e-01,6.227546411921676128e-01,7.577079393583758815e-01,9.617334763875098336e-01,6.036871554969314158e-01,7.702255277798258915e-01,7.132559370847607605e-01,7.366876893920832892e-01,2.476229059890097672e-01,6.009019452678582285e-01,6.711427746215621326e-01,8.560232582278747282e-01,5.236254474894788680e-02,8.377446794706006061e-01,8.122664849355517580e-01,5.848169655261031830e-01,6.470928772293544906e-01,-9.036986585620621071e-02,6.174591237725434167e-01,2.802373215976812215e-01,6.435180617453220009e-01,6.154338341329151918e-01,6.942370229577637941e-01,6.181694653127577377e-01,2.291076786107884566e-01,2.059850763308420096e-01,6.309634615537264013e-01,7.281736746055211817e-01,8.976213560001902181e-01,2.397878899993698687e-01,7.925989329571243580e-01,8.673784550943404170e-01,9.768887968362984786e-01,9.097381545408106396e-01,4.784658364364656746e-01,8.625350123248567424e-01,5.840637727134718737e-01,7.420670597216811881e-01,9.567735867552469298e-01,9.953977141528577155e-01,3.257391657121831985e-01,9.135862321728906998e-01,6.073670331711990000e-01,9.043791410467385550e-01,9.700725151693752046e-01,6.995604491758758980e-01,9.265821406707862584e-01,7.682752727789510239e-01,3.368885765074935423e-01,6.444664985636161525e-01,9.163080202832571963e-01,8.568455797476479674e-01,9.077572437818000051e-01,7.703061611954695742e-01,6.282846997945565892e-01,7.088644202271057182e-01,3.946400909243036326e-01,4.846581367130738949e-01,9.260116704425369605e-01,7.550612224131586503e-01,2.990458546626522107e-01,2.082404369642690822e-01,6.069295253754798392e-01,6.689073033206267560e-01,6.439484071798524667e-01,9.077106255728819573e-01,5.702464422322264248e-01,5.868381490377301279e-01,7.333286313018942959e-01,7.714326708510379493e-01,8.808624692924466038e-01,7.774836972082620479e-01,9.384652156425350444e-01
6.370565364503554262e-01,4.363207321792506033e-01,9.853135055852842994e-01,6.425203239848155112e-01,0.000000000000000000e+00,6.455781111780318771e-01,3.109983926740444993e-01,5.495196914030675561e-01,7.632736374398303436e-01,6.565287620555891879e-01,9.068364649151157142e-01,5.905983329455737341e-01,6.535976719499252408e-01,8.951419713242280141e-01,4.726590179480202325e-01,9.469098132841807791e-01,7.030738863554415463e-01,7.671183275902276888e-01,8.499200211885582501e-01,4.857425532035607452e-01,4.897265543093951012e-01,6.121039633278637648e-01,8.489491392394703517e-01,8.224381899031534271e-01,4.165739738884001730e-01,4.377485667735334651e-01,3.934227658774777092e-01,8.658354599439247457e-01,5.458989241083352928e-01,4.284720073900055021e-02,4.006513709555926117e-01,8.595189786033530233e-01,6.630702129748443641e-01,7.520200594668970950e-01,7.171839636824536290e-01,5.318314569088125054e-01,6.631630494393958575e-01,2.312505689828309730e-01,5.214476731440190749e-01,9.444289700879539007e-01,5.115688646251490557e-01,8.034906178771686891e-01,6.457473175797918685e-01,6.751339056969221097e-01,8.737369943363657576e-01,4.498288106199213598e-01,8.988191530715705646e-01,6.467584138542226135e-01,4.342787703631761920e-01,5.642479006753308157e-01,7.864358890184514062e-01,9.961959455112939787e-01,5.955199667736881253e-01,9.074666063350388390e-01,7.406137690907882432e-01,6.747605894187965747e-01,5.200131935262575222e-01,9.576920156242842985e-01,8.951321133040516242e-01,7.902475706428671032e-01,1.866604109615903617e-01,9.083388073546910801e-02,4.765830081912347249e-01,6.220855791966175552e-01,9.006594665757930995e-01,4.683419868070871073e-01,8.453580869137001796e-01,6.664256985379605203e-01,9.206034530738096411e-01,2.530673377449881370e-02,9.186637010670170023e-01,7.959992552144181666e-01,6.747992920202482425e-01,5.894635478800288597e-01,7.018332465746670579e-01,9.059006497351184128e-01,2.787709127933759023e-01,3.255617778863421075e-01,4.263054969080823930e-01,4.211830416588683845e-01,6.371361906796912944e-02,9.990271149992542288e-01,8.863408822568448198e-01,6.904171366170513968e-01,6.105506509899188972e-01
7.214900279898892599e-01,9.195772946395230907e-01,9.842622507269102039e-01,7.570271426569542550e-01,6.455781111780318771e-01,0.000000000000000000e+00,4.460751588480063590e-01,9.567345595230183353e-01,4.198962514963852644e-01,7.629939246689887433e-01,4.050361205962803024e-01,9.826157408532721904e-01,7.600309947972877511e-01,6.994927113957595255e-01,8.560547619459124569e-01,4.746807560363024980e-01,9.141596933256960211e-01,8.739899125250835121e-01,2.496693549260181333e-01,8.819482571836294582e-01,9.755452925142447107e-01,6.960311396727850708e-01,8.603445823721033170e-01,9.246309295900887459e-01,4.030731969899273848e-01,7.190010687410810508e-01,8.898576075374508010e-01,7.630512251980892113e-01,4.736791346190813989e-01,4.060729247699451649e-01,4.227383999252718461e-01,5.349974176430069006e-01,2.240818859842025335e-01,6.054358723177737378e-01,7.796827361432804304e-01,6.061728989979289217e-01,2.554840994891384165e-01,3.161454294038072987e-01,7.982888486783286108e-01,9.394587061351177271e-01,6.029585319428809598e-01,4.319440643665982682e-01,6.253223887392576064e-01,5.921301779177297053e-01,8.043471081319473193e-01,6.514428775036431585e-01,7.943466678967325834e-01,3.588863947009135469e-01,5.950756318794339084e-01,7.282661960077064789e-01,7.025911551936266930e-01,7.588785009911667157e-01,5.517288902560294472e-01,9.188356978891103477e-01,7.208179259294099639e-01,6.711182490646584453e-01,1.063589648809448590e-01,4.382203926404882877e-01,8.100683301484129517e-01,5.121150612507262556e-01,7.526724536152680223e-01,8.671535451569762909e-01,7.260348366775153384e-01,8.618136153743004568e-01,2.929869451682087789e-02,6.683567624929558360e-01,8.652459244987545928e-01,8.237406843118673105e-01,4.936378085559916529e-01,7.964275018961355368e-01,1.917723826584923075e-01,6.677561478701906639e-01,7.444767498628278579e-01,6.602131262033257286e-01,8.132328402533697265e-01,7.054889536980988307e-01,8.223660508858988694e-01,4.027939511904193304e-01,5.624957216454440356e-01,-1.936753522837643127e-01,6.987992896405473831e-01,8.459923360841655748e-01,8.312263680309162073e-01,1.411643703972594588e-01,7.034068613265748171e-01
9.604616784653166039e-01,2.997987041030202859e-01,4.338503802563394851e-01,4.500787263614753342e-01,3.109983926740444993e-01,4.460751588480063590e-01,0.000000000000000000e+00,4.985643129994105638e-01,8.323153931045764731e-01,6.785460181713985905e-01,7.904256512030658488e-01,6.022489454937405284e-01,4.075322682542384389e-01,4.157281516718638881e-01,7.435865910687814440e-01,4.665214541840455587e-01,9.768353498879147612e-01,7.786024584745917521e-01,3.171256276803988139e-01,6.166910648170315090e-01,9.312490087695113328e-01,6.965989669864562917e-01,5.809786805792918063e-01,4.094733436051305464e-01,5.148896030484423347e-01,7.217765108437596000e-01,6.263309936705541148e-01,4.385354941020156438e-01,7.941701410117414373e-01,9.976999775232617829e-01,2.024556849329371133e-01,5.415624664074174532e-01,7.849557369126691775e-01,5.348762028102889143e-01,7.388424929531985930e-01,2.020511472847462409e-01,9.381831829206098428e-02,6.199760765403643514e-01,7.631776923615802843e-01,6.226774778309394076e-01,6.627662419300845986e-01,8.141584950726761249e-01,7.677510763968500296e-01,5.922823267730520369e-01,8.738200962519845350e-01,5.866406548096727569e-01,7.513927660192875058e-01,5.420637372471925897e-01,7.577442432928835903e-01,5.959031024641971985e-01,6.594663506179312407e-01,4.054796984235817803e-01,4.170937581944467176e-01,3.718007711860337183e-01,9.898936731690672897e-01,8.057725387641744286e-01,4.149442508263706531e-01,4.907429437645948744e-01,6.726377139002545080e-01,7.615697148330458077e-01,6.059801585384017031e-01,6.739180134185439597e-01,9.653622113901332291e-01,1.535026433106361221e-01,8.279581213967720510e-01,3.613753110965646220e-01,6.933100677668979639e-01,7.427453381619802952e-01,6.811069343948629173e-01,1.635522271870987199e-01,5.948963480497317935e-01,9.063299603996497478e-01,2.808032639745651760e-01,2.277134373547214097e-01,6.187232285919759267e-01,2.694884103415499665e-01,5.377041070016354007e-01,4.091161095381357082e-01,-1.787866714345360541e-01,6.102630243493083473e-01,5.667088496700126710e-01,2.206513836545289931e-01,6.935780042028300008e-01,-1.039929676032008699e-01,2.685415028593456377e-01
2.308570565853113321e-01,5.871052164494450221e-01,6.923458463326176426e-01,8.585036230281237746e-01,5.495196914030675561e-01,9.567345595230183353e-01,4.985643129994105638e-01,0.000000000000000000e+00,5.857933686902406789e-01,8.334955908254463308e-01,2.414275020023314844e-01,6.941791209971676091e-01,6.840863261468651535e-01,9.737701137620651259e-01,6.352088467349996659e-01,3.874910056648124823e-01,3.207292799223288027e-01,5.037044552685443488e-01,6.591224068326251295e-01,7.681322004290415117e-01,6.836994359110667441e-01,7.481692937119626130e-01,7.496222925302687967e-01,9.607182540936557436e-01,6.751984580972393291e-01,9.683080268062839169e-01,4.101924282883596118e-01,5.758466474787352629e-01,6.752846246865601421e-01,3.450608265593960722e-01,5.548335563015910354e-01,4.218314112738000277e-01,7.956598751721090101e-01,7.019146090863208620e-01,7.421440633390140595e-01,7.683115845653046838e-01,7.854850165926072769e-01,5.327979984805826241e-01,6.970791337849610025e-01,6.116747055428427560e-01,5.874399881496281672e-01,7.165946912672657154e-01,7.135959681523544873e-01,4.533558359536719040e-01,6.628803531761280343e-01,5.959622021007625614e-01,9.825113150667538209e-01,6.309655312318055431e-01,5.055377951611809140e-01,6.099552151981109116e-01,8.485210694659093278e-01,2.285867291242459909e-01,8.510203369325738398e-01,6.459254148508135618e-01,5.862597095921264767e-01,6.168416338957881662e-01,9.519061413479353861e-01,8.486087261292057926e-01,9.073825894648849255e-01,4.867723973782329683e-01,4.888349122505857292e-01,5.133852585637711519e-01,4.238665380883230999e-02,5.851551596068644834e-01,6.155892233730690943e-01,9.762532294268779776e-01,5.788341423900086324e-01,6.918643961456131253e-01,4.147894645233333732e-01,4.207406580961424725e-01,7.791629820364288639e-01,7.657614515432566993e-01,9.692891521402410282e-01,6.012173916779391947e-01,6.810374264615622897e-01,4.306531106179181112e-01,7.978821574433995201e-01,2.407769102565011088e-01,7.104044225326912043e-01,6.552191623785581509e-01,8.640746984187009927e-01,5.351667805023181401e-01,8.177091174665341855e-01,2.484918842990068710e-01,5.253790947115140053e-01
8.161487581184985185e-01,6.586298355708810615e-01,6.389990892361431252e-01,8.187583809836744830e-01,7.632736374398303436e-01,4.198962514963852644e-01,8.323153931045764731e-01,5.857933686902406789e-01,0.000000000000000000e+00,5.573704186029208030e-01,5.541204253720045658e-01,4.689798569310855147e-01,9.387999045683564914e-01,8.614081160720710173e-01,7.019501683406530468e-01,6.012599921572587824e-01,8.029161835764998534e-01,6.533483302566849282e-01,5.479670059031211959e-01,8.066999478711924798e-01,1.598315892548190786e-01,8.294856246647696052e-01,9.856739995023715561e-01,7.243315078032520615e-01,7.671105827534191457e-01,7.183639343793764009e-01,8.445826986097335620e-01,7.131684970499942988e-01,8.082342970019015249e-01,4.875917054124601080e-01,7.810603692499811235e-01,6.850368567915399165e-01,5.183207853229157003e-01,7.961987291057760485e-01,7.460317664870084187e-01,3.562173159982111592e-01,2.493475384686581475e-01,7.003275136389978117e-01,8.361825886683365017e-01,8.371323261255458892e-01,1.812230600538186076e-01,1.093442588519240311e-01,8.734001598579614889e-01,8.295341495808038479e-01,9.952611406609462863e-01,8.180310481738100048e-01,9.366902931905243257e-01,4.140115870821093891e-01,7.464040955248402165e-01,3.561292176530310716e-01,6.848548199633371913e-01,7.918915360513744117e-01,9.206421121774585048e-01,7.986139525472678580e-01,6.181093351119196777e-01,9.657050238530210384e-01,7.066235057275083165e-01,8.787106386524825563e-01,8.772424242252723214e-01,2.123129255713244179e-01,6.605986506289699411e-01,3.302532832163566079e-01,2.820466724593061469e-01,-2.382695805155591040e-01,8.385138940458877199e-01,2.103135935472720819e-01,7.236633405345909154e-01,8.907119190123533592e-01,-3.745696313146491541e-01,5.045379662930744580e-01,4.172163089683145198e-01,7.412023822363338343e-01,4.694671111223587268e-01,2.690944881212320450e-01,4.662606984313044656e-01,5.190354778000283442e-01,9.222565340855443106e-01,7.474720841597106702e-01,2.409366594565769959e-01,5.735432315270339032e-01,5.569359851026839392e-01,2.551082522790188434e-01,8.684010235486574469e-01,1.233895878032819637e-01,4.047633725280972428e-01
9.281007499487775592e-01,7.310813288244257802e-01,8.937312627842245449e-01,8.514994532962222307e-02,6.565287620555891879e-01,7.629939246689887433e-01,6.785460181713985905e-01,8.334955908254463308e-01,5.573704186029208030e-01,0.000000000000000000e+00,6.814439965918482889e-01,7.870002125489591327e-01,8.944688933748420334e-01,6.828573731079267128e-01,4.384498909903353780e-01,8.147931409537769731e-01,7.286456305166544301e-01,2.248778235637253209e-01,6.142453340426726749e-01,9.452492055846815067e-01,6.626929345382664982e-01,8.707333996589858849e-01,6.230680201770579796e-01,9.190842009662163470e-01,1.371856105845233598e-01,8.056287281099021591e-01,8.806258681945244859e-01,3.023280707170257764e-01,1.707023521989226023e-02,5.343173935804517161e-01,5.682499731482510974e-01,3.717919203966825181e-01,6.624883092709865640e-01,4.322014350126602289e-01,6.897003959139446083e-01,3.474937963124465901e-01,1.626686123319222577e-01,5.286474383463426463e-01,5.602364656936990039e-01,7.539950459012112471e-01,7.125739990719827111e-01,7.659781087910427777e-01,6.184517009740185811e-01,4.613571915705791948e-01,7.100399226799213315e-01,8.810172144181620535e-01,3.109085326078491196e-01,8.852600851619910616e-01,6.069856266639473974e-01,7.915691818783909817e-01,8.326115743350580578e-01,9.712332018237960218e-01,9.170686648785025818e-01,5.149450455248414382e-01,8.918175397135268412e-01,5.128863083794966693e-01,5.794986443933730635e-01,8.916986621329552332e-01,7.803273298576292039e-01,4.796697546799873479e-01,4.847987885392113228e-01,1.418101733401453401e-01,9.431706764708741586e-01,6.713204616110260980e-01,6.310376698624048375e-01,6.709796902487837889e-01,9.925124013498967113e-01,5.493468967311081474e-01,6.672297093268437784e-01,7.195494950155478797e-01,7.677014826913968193e-01,2.164506853290491251e-01,2.715637784905114982e-01,2.460356154099916648e-01,4.946774186567253206e-01,4.178287727039096122e-01,4.503301961495053685e-01,4.497059223057008337e-01,5.723901605276656701e-01,3.953947200220158109e-01,5.220575905249786874e-01,9.848482877660641455e-01,4.474348324357336204e-01,3.436948008516875763e-01,5.526258490268065593e-01
7.474959034184348594e-01,7.337551407820785965e-01,9.385350071735616417e-01,7.701231663000533967e-01,9.068364649151157142e-01,4.050361205962803024e-01,7.904256512030658488e-01,2.414275020023314844e-01,5.541204253720045658e-01,6.814439965918482889e-01,0.000000000000000000e+00,5.208818026631889531e-01,7.105063507148037250e-01,4.777688262375747730e-01,2.971948823558621666e-01,5.332315955415554143e-01,9.424194581908250656e-01,7.229039550930269620e-01,7.118869954760091989e-01,9.644324001499431365e-01,2.517579683463448403e-01,9.112026760806384296e-01,9.826636819488017149e-01,8.129804894398030557e-01,2.522748026246965369e-01,6.559199558826916965e-01,3.193998995093864091e-01,8.908976683980113220e-01,6.050777572128518411e-02,7.525444440862960604e-01,6.887437109413453440e-01,6.261513341872740890e-01,9.720542374201488478e-01,9.749424231460158685e-01,6.206119283376905216e-01,4.800384860558409850e-01,4.081393423804645093e-01,3.696277362637800379e-01,3.975623921444153552e-01,2.979261120666452656e-01,8.274219559440183780e-02,8.092810558032562662e-01,7.500533764666348358e-01,9.555478733880266029e-01,8.938355330300968848e-01,8.287471085939502879e-01,7.607028820188006524e-01,9.463004107495107675e-01,3.329527249371165287e-01,9.481874242884040793e-01,5.365689954514212268e-01,5.189777030509141742e-01,2.985612994898725336e-01,7.724649305919302211e-01,8.855976451173949160e-01,6.555160996870734724e-01,8.176259225786228768e-01,8.196828350455103163e-01,9.672104986111268454e-01,4.266792452404806202e-01,4.861766990509245878e-01,7.197204301831998663e-01,4.236599939432394990e-01,8.041608522349725785e-01,7.083894787153366401e-01,6.353751034472052694e-01,8.989784426335873935e-01,8.180790556109879264e-01,7.028714540806477729e-01,8.110743601545374881e-01,4.320823437744709117e-01,5.505600781986826897e-01,9.901836117896699596e-01,7.230308454313014721e-01,4.889808113285323832e-01,9.770465779972749010e-01,6.818421810333047395e-01,7.835272249623672636e-01,5.339630290385426470e-01,4.676534309287803254e-02,2.767458984741424932e-01,9.332881898557428002e-01,8.037813229929596792e-01,1.190412060409315465e-01,6.191864806263955856e-01
9.492041938752299179e-01,3.378147201217156920e-02,6.063188480673512570e-01,4.913615882899491361e-01,5.905983329455737341e-01,9.826157408532721904e-01,6.022489454937405284e-01,6.941791209971676091e-01,4.689798569310855147e-01,7.870002125489591327e-01,5.208818026631889531e-01,0.000000000000000000e+00,6.746851713414113716e-01,8.545480413570785139e-01,2.016787329609150969e-01,9.265094588368640860e-01,9.307689038258376568e-01,4.442302035745525068e-01,5.981858551488946629e-01,8.238472039749169529e-01,9.589471950962779045e-01,2.385854315989559549e-01,7.267939529760184536e-01,4.761811602354615869e-01,5.371015767979587796e-01,8.352263220138119726e-01,7.704661208625834812e-01,7.012761093722403860e-01,2.603647952909153920e-02,6.462403293242724445e-01,5.645612516048034157e-01,6.843062678761545614e-01,6.540952545083700276e-01,9.628619342815311066e-01,6.759065546841317440e-01,8.837821732493465754e-02,4.093717954276422377e-01,6.548678901102593652e-01,9.043022992011410244e-01,9.614067091482041416e-01,7.766934158881899641e-01,4.398915703034673719e-01,7.235722559122210740e-01,9.415669200325239574e-01,8.300197838541681916e-01,8.606443680552273712e-01,2.545887466139294952e-01,7.163475867600429536e-01,8.473456886615359229e-01,6.903210496947778108e-01,7.011769603767212811e-01,4.706078415189332009e-01,5.154099656540540586e-01,8.727089451513434515e-01,4.111554012862357332e-01,2.072016483020179267e-01,6.233992442920776034e-01,5.109645275980141399e-01,7.866475757182419537e-01,7.430883059721924422e-01,3.889014803865518122e-01,8.643040000218125130e-01,1.093650159474711669e-01,2.914232419085983627e-01,6.513380213128050489e-01,6.983400301740598781e-01,8.439356449348902611e-01,6.829426602284174308e-01,8.713861871938948234e-01,9.281860141732944935e-01,8.787105891354108911e-01,6.537159574215363200e-01,2.048430720939697636e-01,9.854602881771860057e-01,6.100280315288265642e-01,6.580581457713413629e-01,7.595263300993239097e-01,3.035160996937883993e-01,5.103067503272802341e-01,4.443869657510449156e-01,8.364349399265615936e-01,7.455946709126821670e-01,6.449908523571684649e-01,2.554238530011960773e-01,9.523859629429155538e-01
6.445054210948057971e-01,2.430824469704511714e-01,7.564257408011543227e-01,8.364810390129019391e-01,6.535976719499252408e-01,7.600309947972877511e-01,4.075322682542384389e-01,6.840863261468651535e-01,9.387999045683564914e-01,8.944688933748420334e-01,7.105063507148037250e-01,6.746851713414113716e-01,0.000000000000000000e+00,3.135036651017820697e-01,8.199789647709585516e-01,4.594094066421167133e-01,3.462576854840589136e-02,8.393762594834319746e-01,8.369527857912921753e-01,8.691913525504854077e-01,8.251583715405994557e-01,8.218994336225269315e-01,5.078711311539253481e-01,7.865507591287710376e-01,2.136036310201669119e-01,8.600398326579417052e-01,4.140689518177572137e-01,7.309780156330327738e-01,4.803518595315436901e-01,6.429985141822595063e-01,2.436248444360143706e-01,4.913836585931981304e-02,4.049665997775475090e-01,5.598585880522580771e-01,6.906374308045507560e-01,8.101381349763616679e-01,4.833506070598145854e-01,9.500565383508616790e-01,8.719628689195613180e-01,7.434350073007355286e-01,7.049275019472581172e-02,4.881514754848079729e-01,9.667736019539979742e-01,8.774824280435764567e-01,9.311258979025236471e-01,5.346337821976201443e-01,9.271166729967017517e-01,9.284517769374839302e-01,6.179676823207511660e-01,8.239127105751520297e-01,2.079885350321687698e-01,7.672523051844042374e-01,8.886789468056146557e-01,8.988014065599296831e-01,8.984921301182819953e-01,8.801486316751531147e-01,6.833424899066955494e-01,6.599767735796908674e-01,9.123586182052704219e-01,5.332786765815911156e-01,6.569952248152205465e-01,8.276923998444742914e-01,4.100073717915365679e-01,4.377035275506941936e-01,8.649640079183772423e-01,7.587489115574235221e-01,8.302202995628675808e-01,7.935598464871669311e-01,9.481093458616334235e-01,9.190775454087356522e-01,9.896874551178329593e-01,8.482132469961956023e-01,8.045604888241004726e-01,2.456154849903016968e-01,6.716664181351845730e-01,6.299602425630409508e-01,7.118466257615427839e-01,6.245117226464210747e-01,4.551042473443942527e-01,4.042434464974357655e-01,4.457172355626456972e-01,9.992201628188309703e-01,6.422675657701799601e-01,8.935794317547396393e-01,9.806161272568963971e-01
4.592980588427686417e-01,4.598537698918663819e-01,9.620353187026936537e-01,6.227546411921676128e-01,8.951419713242280141e-01,6.994927113957595255e-01,4.157281516718638881e-01,9.737701137620651259e-01,8.614081160720710173e-01,6.828573731079267128e-01,4.777688262375747730e-01,8.545480413570785139e-01,3.135036651017820697e-01,0.000000000000000000e+00,8.201387588878561452e-01,7.274342964853093285e-01,2.012449495822917489e-01,6.173775387950924953e-01,8.176558213948307285e-01,6.875451620653375562e-01,6.715527760864687945e-01,9.999360520446136658e-01,7.150065015029072324e-01,8.661283183487984427e-01,3.080476505671077003e-01,1.940055763710888392e-01,6.418755564044238415e-01,5.265751278089867565e-02,7.330167362951354182e-01,2.353933340354003034e-01,2.938503414897979393e-01,6.797068263280034994e-01,9.352750986559733581e-01,7.968600409154170672e-01,7.861954642869520837e-01,4.001771406200209102e-01,5.598892988801860149e-01,9.709241475746210881e-01,3.405558913590671644e-01,6.844907417574055408e-01,4.163399093884259106e-01,6.273503988536147657e-01,6.063929145620280403e-01,8.100555401939433242e-01,9.431803702355914254e-01,4.870014882749800211e-01,8.045647371557720362e-01,6.661664225916867910e-01,5.792541343610724258e-01,4.181709717562943629e-01,4.996171945389479840e-01,4.184303543693336236e-01,2.068768453210166336e-01,6.686922863929342098e-01,6.494242105636400808e-01,8.240395123874106886e-01,9.717224654108765902e-01,4.850618495022784860e-01,5.137248172278507941e-01,8.347174614343684240e-01,2.905656449642822770e-01,7.855609224423395487e-01,5.041430702830231869e-01,6.063129416120538462e-01,8.781207316074559621e-01,8.680918612098941986e-03,7.451804425209811455e-01,5.278426631828638804e-01,7.179837892677289890e-01,4.994848736404050582e-01,7.198859807010379308e-01,2.702766181650302357e-01,2.153027509355873448e-01,3.477113624987965834e-01,4.687236078013748419e-01,2.674425693923367930e-01,8.315682457358285484e-01,9.286175633504210047e-01,2.041567394037796246e-01,7.620943679147433869e-01,5.100113642100512212e-01,8.431399882454859718e-01,4.266836899908686420e-01,5.100218833264275053e-01,6.741422797866889471e-01
6.713816361251312426e-01,4.974446183503165586e-01,8.609272397922641540e-01,7.577079393583758815e-01,4.726590179480202325e-01,8.560547619459124569e-01,7.435865910687814440e-01,6.352088467349996659e-01,7.019501683406530468e-01,4.384498909903353780e-01,2.971948823558621666e-01,2.016787329609150969e-01,8.199789647709585516e-01,8.201387588878561452e-01,0.000000000000000000e+00,6.491518825988568109e-01,6.162084004451865438e-01,8.885800010610999111e-01,6.401838625858790044e-01,8.871393412382805321e-01,5.073384113339360901e-01,8.405308401899583837e-01,7.579558163794862802e-01,7.038335344369373026e-01,4.562858399147697308e-01,6.424686551719369643e-01,6.015079026858435318e-01,5.436420246049571414e-01,4.454758261931732188e-01,6.105117515996468791e-01,9.330384493630490550e-02,2.823570566256858316e-01,5.087906191869634442e-01,9.158550845355027947e-01,8.391760922344211338e-01,4.284362994479397613e-01,4.687007944369276924e-01,7.720742007818239827e-01,7.973261786896235215e-01,9.041598379839248523e-01,4.424924657807277062e-01,7.554742808911475427e-01,6.771742809861620582e-01,9.261568757398246365e-01,9.632363583618738234e-01,7.291651947445659809e-01,2.645915551468042137e-01,4.714247826558869425e-01,6.578452033600439286e-01,7.884571930774381121e-01,7.254852632855099959e-01,7.263233428592187346e-01,2.867747061505104278e-01,7.208224562733559493e-01,7.964180686567801093e-01,9.864400740061849415e-01,4.545236182838459649e-01,6.808993435135259897e-01,9.409901609546653667e-01,5.064456144210681687e-01,4.502335469477273255e-01,4.789054088674039589e-01,7.226286388399251193e-01,9.137763322899741247e-01,8.596909063173661103e-01,9.678852625996395842e-01,7.439085388387203235e-01,8.818312852775400668e-01,5.266605606612316803e-01,5.014528034476323226e-01,6.230739411605580313e-01,3.563481343192043127e-01,7.295093177082498936e-01,2.418839263811196350e-01,7.346964178446355742e-01,7.549264014584542437e-01,8.748097068388323017e-01,4.413091494270891535e-01,6.515375842582719901e-02,5.933600855523371020e-01,6.965295243890842203e-01,9.150021434813709886e-01,6.021645963330752860e-01,1.303382060207068371e-01,4.116385831784970528e-01
9.388962044732017675e-01,2.241240523899527548e-01,8.743832041357120222e-01,9.617334763875098336e-01,9.469098132841807791e-01,4.746807560363024980e-01,4.665214541840455587e-01,3.874910056648124823e-01,6.012599921572587824e-01,8.147931409537769731e-01,5.332315955415554143e-01,9.265094588368640860e-01,4.594094066421167133e-01,7.274342964853093285e-01,6.491518825988568109e-01,0.000000000000000000e+00,9.721739547634163925e-01,-1.005559696379467183e-01,8.283248543712804501e-01,8.364209204453185720e-01,9.159494943160471081e-01,7.884570620428453802e-01,7.262623401650646349e-01,5.427053531116581286e-01,7.228143290235137242e-01,1.958089043048547723e-02,7.293254909543640530e-01,7.197616576474119565e-01,5.589686565429278220e-01,5.146472207444828806e-01,3.859493741622033181e-01,6.249739909712042074e-01,7.590355101855541520e-01,6.928851352224512095e-01,9.373792165521122044e-01,4.257414670876974450e-01,3.851874947945644889e-01,8.786714296383816292e-01,8.335424050148347863e-01,6.832826880126902092e-01,9.882585447557186153e-01,-1.148252145581381140e-01,8.137461065769004964e-01,6.377567918819203596e-01,9.570826779170762411e-01,4.725429630454485164e-01,6.749550867982758717e-01,7.415945093257401144e-01,7.144767808601202308e-01,7.965692661165149069e-01,5.359975224866715404e-01,7.896778109068127716e-01,4.945870107145975414e-01,8.078566687804586977e-01,4.024415890106672333e-01,8.245049187608082253e-01,6.210904975993065680e-01,9.971585365581087101e-01,9.188540640301927631e-01,4.318941485874974173e-01,-7.487606540521268839e-02,9.001455219426564014e-01,7.141163955444959077e-01,6.949179822915058091e-01,6.899381993152662318e-01,6.647625947910718036e-01,3.592933776441600280e-01,6.120536139573131695e-01,6.527939742782333798e-01,8.259427674586033996e-01,6.802206620844365448e-01,9.893949277903535400e-01,2.212287184746671576e-01,8.086719777896619332e-01,5.047680012123063609e-01,9.799312164238606071e-01,8.947882748674607090e-01,4.901482656005442529e-01,8.128317618208219519e-02,5.484867378122570969e-01,4.751241245758012210e-01,9.855378246573962553e-01,5.618007120164776325e-01,3.195310035461297882e-01,3.962276363987273231e-01
7.468619576378399127e-01,6.948797583330466043e-01,9.380420265922887468e-01,6.036871554969314158e-01,7.030738863554415463e-01,9.141596933256960211e-01,9.768353498879147612e-01,3.207292799223288027e-01,8.029161835764998534e-01,7.286456305166544301e-01,9.424194581908250656e-01,9.307689038258376568e-01,3.462576854840589136e-02,2.012449495822917489e-01,6.162084004451865438e-01,9.721739547634163925e-01,0.000000000000000000e+00,9.011571398229922814e-01,8.573813002224556223e-01,9.809780111271207970e-01,4.571752378887024570e-01,7.713182205434184757e-01,8.761984920000882582e-01,8.598064111938029663e-01,7.424287665235107525e-01,7.380742200117831331e-01,7.656941556771357238e-01,8.791608935513762768e-01,4.189171626102135004e-01,8.245731693978562704e-02,6.826080611563645206e-01,9.155367301468430030e-01,9.323835852287412074e-01,7.330279061380232664e-01,8.155233792039919827e-01,7.544122110644921886e-01,4.914773680556249746e-01,9.687611181803994498e-01,8.288917775536700505e-01,8.078572800013817945e-01,6.988508820753975836e-01,8.753081588182822781e-01,9.365274524704836345e-01,5.066053833995988187e-01,8.790526367048222545e-01,7.694107631258902957e-01,8.944022888432254792e-01,8.164410975105664825e-01,9.428256215410290020e-01,9.271208399747513651e-01,8.230134022010440198e-01,4.783706235698555465e-01,6.344440150686094793e-01,6.540561684193815228e-01,8.231518359496825532e-01,9.690717709903495791e-01,8.577502103323335625e-01,7.990309523353303911e-01,4.451088833561340219e-01,7.781858672210288930e-01,1.538019310400627337e-01,3.764936627296185945e-01,5.667906303700577242e-01,6.110023170554282901e-01,6.649862446346285205e-01,7.620447687891829247e-01,2.432281763821976805e-01,4.654092338406942142e-01,4.442657704476793423e-01,6.386903743482225115e-01,6.773604458314860244e-01,7.723776000422284405e-01,3.517370237237952280e-01,6.632533229307845390e-01,8.148526270595561893e-01,9.038394541798833171e-01,9.628920272616263709e-01,6.960025109970773283e-01,5.191668381252365627e-01,4.769415078712091471e-03,9.877938363259617383e-01,6.218653241438777401e-01,8.319842442554934436e-01,6.735320135249135177e-04,6.187436483606393312e-01
6.669210924304098675e-01,9.282721836800703619e-01,9.210536086402223432e-01,7.702255277798258915e-01,7.671183275902276888e-01,8.739899125250835121e-01,7.786024584745917521e-01,5.037044552685443488e-01,6.533483302566849282e-01,2.248778235637253209e-01,7.229039550930269620e-01,4.442302035745525068e-01,8.393762594834319746e-01,6.173775387950924953e-01,8.885800010610999111e-01,-1.005559696379467183e-01,9.011571398229922814e-01,0.000000000000000000e+00,8.914603243270423638e-01,9.384617343175514215e-01,4.689237962745201327e-01,6.850275503774138075e-01,7.949976217069552042e-01,4.983469453284610218e-01,5.807706764411445510e-01,8.801224335817453559e-01,6.052867918829268890e-01,3.351797188154076457e-01,5.283143276002395528e-01,5.185273450848525423e-01,3.018094295061489185e-01,5.090215119915871833e-01,9.588338016584424528e-01,9.384520392582755832e-01,7.035065873485043531e-01,7.086572263379518066e-01,2.553444305604851139e-01,5.277331986128936947e-01,8.784832376453963754e-01,9.446921742195506511e-01,7.340751080923486604e-01,6.727304483713610894e-01,9.576251414459394651e-01,9.145862690044477272e-01,4.295286936420291135e-01,4.991826972709419996e-01,4.924312584775376034e-01,9.567725120546750617e-01,9.766980445771898944e-01,4.241069336073422513e-01,2.071126156005544117e-01,9.435331180508147453e-01,8.956181712722770527e-01,9.962956450364163219e-01,7.177182705892912740e-01,7.715595103591345039e-01,7.985987285137863267e-01,7.299817983625538353e-01,6.539633617988912517e-01,8.801788742812851618e-01,3.202269339690576588e-01,6.276121497661776294e-01,3.457580627953759089e-01,8.716537014061557231e-01,7.231196754389879189e-01,2.957792175385859923e-01,8.261819516994556301e-01,5.746984445337703917e-01,5.013267505935320445e-01,7.315750946872103810e-01,8.532218793935792966e-01,7.629902642231376486e-01,5.122784083189764470e-02,2.772758169026646180e-01,4.574022218650355964e-02,7.330014890442386744e-01,6.082469828374988952e-01,6.610002428523267248e-01,6.276657461050804132e-01,2.146781195702497369e-01,2.939108347751784311e-01,8.743213193710536180e-01,6.360092796935747916e-01,4.554506607004404350e-01,8.709542256643941771e-01
