0.000000000000000000e+00,4.198590604023152983e-01,5.002278500682066920e-01,8.064245212809102448e-01,8.954221069695563751e-01,4.034044786087984807e-02,8.112612724079198978e-01,4.505879896750900060e-01,9.996006919041292571e-01,9.147146305720280646e-01,6.209107405573256466e-01,9.039323377195429554e-01,9.298883708257954517e-01,8.274678066673351040e-01,9.496133122827317141e-01,5.077810037942213084e-01,6.170264372270607423e-01,6.410179345649046345e-01,5.599380303419645433e-01,6.763698381194223064e-01,9.379780701386021269e-01,6.028473836475972680e-01,6.026591077080670766e-01,8.638951382835653448e-01,6.884801660285064795e-01,6.863259032288948625e-01,8.282923731600200234e-01,8.755532804869591290e-01,7.102874611107184988e-01,5.145761820263229369e-01,2.961561905161563257e-01,7.628225315008038132e-01,7.644482096283196082e-01,6.669661005768440232e-01,9.602012365912809821e-01,5.270778619421712108e-03,7.932981654663848747e-01,8.829528451133050737e-01,4.480143980712515961e-01,9.279743781982582318e-01,4.785521766788570774e-01,9.954003523224258521e-01,8.794610958567427028e-01,2.241621856066727814e-01,9.329000175262349703e-01,2.184120128730953347e-01,6.176845781095916532e-01,6.111391905452467910e-01,7.994183409782797956e-01,7.198809595355277757e-01,7.945194158563004816e-01,6.309864587968518901e-01,9.518575997253293508e-01,7.180706744570276578e-01,9.695457946355909851e-01,9.963613830898002677e-01,8.887058618601371140e-01,8.340155459570989249e-01,8.905142131798053917e-01,1.995966534956488958e-01,4.228689894257549597e-01,9.021841402090486906e-01,7.317840168285570934e-01,6.972782974935849420e-01,6.017793295114821639e-01,7.976369031459051850e-01,8.991671438624833090e-01,9.948964131915879472e-01,9.738701261228296380e-01,7.789806019840121998e-01,1.855520303776442559e-01,9.553129777511316645e-01,4.540235544106873689e-01,2.816795994936809877e-01,6.147361991908431023e-01,8.037778094359718795e-01,9.181697773072310387e-01,8.110038371013859049e-01,6.657121151387862534e-01,5.346123094190837755e-01,8.506676939509919544e-01,8.676148324658971012e-01,8.778264136153821617e-01,3.325699351299100659e-01,6.241916072746965805e-01
4.198590604023152983e-01,0.000000000000000000e+00,3.676311360476880452e-01,7.653580345043502486e-01,6.967948644639787581e-01,9.929145851997436267e-01,-1.269511804148895084e-01,8.227998256812817379e-01,4.564949980377974725e-01,5.365109079929154534e-01,8.409160425608062095e-01,7.068874566143573679e-01,7.093685650561312173e-01,9.455591196807974219e-01,5.511820505629833056e-01,5.089947975224390353e-01,9.755766499970642824e-01,8.801651029391510672e-01,8.787092938870764147e-01,6.181466985865169406e-01,9.775828611244991029e-01,6.406928341354226619e-01,3.171160750565560904e-01,9.504786652446064465e-01,5.897896517828526974e-01,8.421351497229112582e-01,8.678335425843801687e-01,6.967647779509116290e-01,3.836689902189118762e-01,4.755165814385127199e-01,9.113076758317019133e-01,6.119839983658114102e-01,8.747305334582625713e-01,7.874581795436119691e-01,9.691322496072194426e-01,5.120710833338193435e-01,1.771998833835622122e-01,7.496246432691631156e-01,1.432956949012602343e-01,8.689569190438282131e-01,4.872434083957380979e-01,6.680139516048326787e-01,6.660760461195847082e-01,6.549039273959387231e-01,9.152189497432560161e-01,9.695128990706912697e-01,4.342948363957486180e-01,7.846676611720779793e-01,6.357496740203252283e-01,4.819368044083633951e-01,4.576215257665176561e-01,2.426926901535386705e-01,9.640483051545010174e-01,6.371315355576967487e-01,2.452031332397332508e-01,7.181146936786381163e-01,7.264964070872501622e-01,6.960353686995369715e-01,8.391974795815259069e-01,7.019586202758648641e-01,5.107447146187448217e-01,7.262505994688756017e-01,2.022609374324148557e-01,7.905539861928512213e-01,8.744661057462688181e-01,6.421602971964326390e-01,6.301507801721247803e-01,6.322959771357808956e-01,8.333194033522867139e-01,6.432088531876115622e-01,8.881575491329092298e-01,8.550422565586994761e-01,-8.674997174438837944e-02,7.021761984784830046e-01,7.126946929727604463e-01,8.242200933377157313e-01,1.893193639001938822e-01,1.230836201883227093e-01,5.883341227444383037e-01,6.880467573369759560e-01,6.876996558590579012e-01,4.314304119931026138e-01,8.132641264972920725e-01,6.303279314502751030e-01,5.938864656568008105e-01
5.002278500682066920e-01,3.676311360476880452e-01,0.000000000000000000e+00,4.986006608784099847e-01,9.318981521963267678e-01,8.811778539103837238e-01,8.643419534195211362e-01,9.411130779181685613e-01,8.313598825222806576e-01,1.733531672280901881e-01,9.116680593589252535e-01,8.843066786920739109e-01,6.013629536962047384e-01,6.821115101378513179e-01,7.182161249071031817e-01,7.736725973961000591e-01,9.427639024261887934e-01,6.318223545035087652e-01,9.108537537274747908e-01,4.732417080610805127e-01,7.247171512026928664e-01,9.598112652653907340e-01,9.221926356332874608e-01,8.760489907465270898e-01,9.458278938837836325e-01,9.265956259898306957e-01,9.742445188268551437e-01,9.269347866052271012e-01,6.451012181986749416e-01,6.120975599626526931e-01,6.258319074956552042e-01,9.410649100025140212e-01,8.176888471053622709e-01,9.114111861326779085e-01,8.370440091069908384e-01,2.506481570387761870e-01,4.609662176322555371e-01,5.556028296452748538e-01,5.968852722227135921e-01,6.045152294237732260e-01,1.477869440768819808e-03,4.513059873236626163e-01,7.664496201676541665e-01,9.363289988047756029e-01,6.949813303929055497e-01,7.622127338916968586e-01,3.922989665883113153e-01,6.180402499249378900e-01,9.308282283115829614e-01,6.393577617278984881e-01,8.232480034762784671e-01,8.830765923883984181e-01,8.393543815725805768e-01,9.918604398550128209e-01,7.349855952115571522e-01,6.792560204292485970e-01,8.547358849945254633e-01,8.577021470361425592e-01,6.407675405493301612e-01,2.737971575069646502e-01,6.238008332712307036e-01,8.674129900945790617e-01,6.475923278805320038e-01,7.134816075423188186e-01,8.868653933970029879e-01,4.895848757519588590e-01,3.120647675321510661e-01,7.943755036272878156e-01,2.197320067790428932e-01,9.656198384915416488e-01,7.628466247861256377e-01,8.409250373090106923e-01,4.036562387117351158e-01,6.602442286630627599e-02,7.789613723393611355e-01,5.659665817673706911e-01,8.920069273158139911e-01,8.184271288095300578e-01,5.313446164383072157e-01,3.722656402163082578e-01,5.318837037963706216e-01,9.482359351750960785e-01,9.545301528252858603e-01,5.099882334870252665e-01,6.766538822016500143e-01
8.064245212809102448e-01,7.653580345043502486e-01,4.986006608784099847e-01,0.000000000000000000e+00,9.164390818654768456e-01,8.408711304636558026e-01,3.212817415242183450e-01,4.778836222302260128e-01,3.321140563501411291e-01,8.128445143953471064e-01,9.947033265290711190e-01,6.760532988804751620e-01,6.298105292826856605e-01,4.163369441435826879e-01,8.759186502501028482e-01,4.133676496592270655e-01,4.410962690470236480e-01,8.999375768406077114e-01,8.235468532648895224e-01,5.746637112508520273e-01,5.335415381389628786e-01,7.182097553109526578e-01,8.431394084542858103e-01,8.520755848627749041e-01,9.433466643470905799e-01,9.588822626643249691e-01,2.193287944555088742e-01,8.215358331547385484e-01,7.909241067160490690e-01,5.751575266023198907e-01,2.402137797099427874e-01,6.438488429113929934e-01,7.658445684177274115e-01,1.096678734560594670e-01,7.317274240410542863e-01,6.360759063166259164e-01,2.486114283240858092e-01,6.273059799079587773e-01,7.854067610407338140e-01,7.215383191990587530e-01,4.503797005522476304e-01,2.540484060434710645e-01,6.355681310693090946e-01,6.759784742765974075e-01,5.252645734808799594e-01,8.696749539036400245e-01,6.037532379828599582e-01,9.062155163981725492e-01,5.373518212538344052e-01,2.266668538950866729e-01,7.844077980520460791e-01,8.949915651673290284e-01,8.825608074183102225e-01,7.332352981128398284e-01,7.444096543331013560e-01,7.822552446506185753e-01,9.866552834469300981e-01,7.111382125102581053e-01,5.777379044586057333e-01,4.532104754674345926e-01,4.473008768507968358e-01,8.702743887839611281e-01,8.021209919600151839e-01,7.312989714646077610e-01,8.711713835112564475e-01,8.597920080532117648e-01,7.495165958991557575e-01,7.598235782889649625e-01,4.755649023273194054e-01,1.061439345168182537e-02,9.653219368596268612e-01,9.983315836597108639e-01,2.394998245735996678e-01,-2.562256539933394084e-01,3.172945415001220404e-01,5.195281127732397364e-01,6.485620575452487602e-01,6.681966116846611570e-01,4.930455583541270559e-01,4.938925418209010321e-01,5.981821854261293314e-01,7.635871222269753344e-01,8.835684309335183340e-01,6.972092086876700012e-01,4.572567542008993402e-01
8.954221069695563751e-01,6.967948644639787581e-01,9.318981521963267678e-01,9.164390818654768456e-01,0.000000000000000000e+00,7.126982896456096617e-01,6.229081210037638039e-01,6.901228750169096093e-01,2.994927132398259584e-01,7.755453820903767115e-01,8.496089446888231977e-01,4.431764811858625586e-01,4.377609671721527929e-01,6.920206639800474679e-01,6.462189086192424714e-01,7.552741416647869022e-01,4.625044785090394739e-01,6.550547979623688732e-01,9.242018212411295952e-01,8.259567041537785315e-01,9.745706491345118572e-01,7.136401981675056794e-01,9.223644493112155285e-01,6.518620861838519964e-01,7.340873087604530278e-01,6.284298479320892250e-01,8.610370522456203268e-01,8.335996620006066449e-01,4.367555110016090314e-01,4.561334264481117229e-01,3.563568741447707966e-01,2.064521678511556380e-01,7.943279644687466501e-01,7.532884766589879044e-01,4.783096031862956732e-01,4.947703986469506598e-01,2.490381463045027999e-01,4.265083434788260464e-01,-2.393635020058446083e-02,3.577878876951681164e-01,6.983211827878972322e-01,8.504103141966465884e-01,9.904292208240581541e-01,9.720356035660200344e-01,8.776147829949860757e-01,2.670122013552277407e-01,6.280023622606798472e-01,8.881472050675891516e-01,2.924878005283006455e-01,6.385225093643104310e-01,5.293697452986159124e-01,8.936509902373880321e-01,8.081981157957299766e-01,9.486313323806461195e-01,3.208964815460311204e-01,9.449245651305431259e-01,6.588583830459517898e-01,3.117829099274533333e-01,7.825226660681720015e-01,6.314124334076794964e-01,4.660194502500646929e-01,6.679290543437700345e-01,7.944979049534608428e-01,9.656193884772134028e-01,9.094377839090728166e-01,7.403396194071353298e-01,6.867552091957955795e-01,7.839222172308066838e-01,2.386385595306966811e-01,7.492810901506192778e-01,6.372049173675611300e-01,4.408195782883178593e-01,8.059747512969335226e-01,9.585615054108143074e-01,5.276760558042208338e-01,5.923018165003473001e-01,9.949114313327153125e-01,6.219551496909810906e-01,2.829362618137575280e-01,2.838255841146349878e-01,5.840193584154206308e-01,8.389863042870253640e-01,6.710594439223659391e-01,4.282560858861895192e-01,4.405683033269453541e-01
4.034044786087984807e-02,9.929145851997436267e-01,8.811778539103837238e-01,8.408711304636558026e-01,7.126982896456096617e-01,0.000000000000000000e+00,7.855791759634601634e-01,1.409476419493754518e-01,9.442659326081226379e-01,7.804959852614044014e-01,3.259598939791931160e-01,6.405185548401391982e-01,7.443834334770396688e-02,4.147249354204590732e-01,9.112521895119713999e-01,6.776246715831649725e-01,6.485938400988930930e-01,7.922656678426045485e-01,6.697644583630338877e-01,5.319221100559448634e-02,9.929526312872314353e-01,6.939814044423268102e-01,7.036190494964389419e-01,8.275102773450103699e-01,9.219542429240750181e-01,6.819615472745268470e-01,7.555704554565479958e-01,6.890855100735645555e-01,8.016886843297059695e-01,5.685618934501335264e-01,-1.020801370679873671e-01,2.322836029235819111e-01,5.551066228275378656e-01,8.860041482043062855e-01,7.927410004251378428e-01,3.959436690970610795e-01,7.341594353981954757e-02,9.340879730017703775e-01,9.979282500161119618e-01,7.459998971392474143e-01,2.312914226297732578e-01,6.424635331360057933e-01,4.820157033366777588e-01,9.321693689354128010e-01,8.575174838419473700e-01,6.244511988331536978e-01,4.120589584372119640e-01,3.707129565735532983e-01,7.309534246726310247e-01,8.332128260327057445e-01,2.269174136347642534e-01,7.179394128812858211e-01,8.929340821986048171e-01,9.728504804656318283e-01,5.147861669026287945e-01,5.420543398140091895e-01,7.285960923720642413e-01,2.580124520785879172e-01,6.149371441577835551e-01,4.217910552040628480e-01,3.783797368432824104e-01,4.850104063388357978e-01,5.271872758718840757e-01,8.340846205851327744e-01,7.915516163521421067e-01,6.587806815820276274e-01,9.785549747356441230e-01,8.296227362269468220e-01,9.861413797610119047e-01,7.911794933232969562e-01,9.955789891844701867e-01,6.135508695536717738e-01,6.392206911385037715e-01,8.695833402630881448e-01,6.343705543645055123e-01,6.765647162312895535e-01,9.205943561889099458e-01,7.477399628506571361e-01,4.950797495601248488e-01,1.303546346317773219e-01,4.387751301049344632e-01,4.813350806141352134e-01,9.101857080695828772e-01,6.282317575411000901e-03,7.326703697175699359e-01
8.112612724079198978e-01,-1.269511804148895084e-01,8.643419534195211362e-01,3.212817415242183450e-01,6.229081210037638039e-01,7.855791759634601634e-01,0.000000000000000000e+00,3.016658251513988920e-01,8.953978606259341833e-01,-6.554627507930990693e-02,8.828112572147704951e-01,6.917782697611712939e-01,7.458588687226086478e-01,6.403377434253787470e-01,4.722264007794348406e-01,4.422631604420586560e-01,7.414115414153253925e-01,7.900273649958008404e-01,6.814360740909735092e-01,8.889751727539563220e-01,8.122056653272190507e-01,7.924265569334565384e-02,4.143692623731201063e-01,8.204776217801578175e-01,5.287354538921565927e-01,7.595649978495292443e-01,7.785593330206284080e-01,5.007202853858591096e-01,5.826640304241682555e-01,7.200074353850631770e-01,2.571764639125673213e-01,7.670694193848215381e-01,7.799852577937989029e-01,1.839163295715637303e-01,3.185743234435597371e-01,3.641044172637181164e-01,3.355819380914454308e-01,3.808804407743771048e-01,6.020308417609189222e-01,2.094165172722033397e-01,4.936298969872940923e-01,6.790203029421401082e-01,9.863247243884980531e-01,6.906095913113335927e-01,9.417121563704976550e-01,8.275860164500115079e-01,4.150009351829426207e-01,5.448778859149461251e-01,5.247427452894101174e-01,1.132319834059631464e-01,9.520063694379823360e-01,4.734514438985503171e-01,8.242907121184156471e-01,5.731211861217717640e-01,9.178808158089964975e-01,7.972812956275803220e-01,1.382875255157917371e-01,2.341995148562319162e-01,9.186349966826204971e-01,7.537642893713479841e-01,1.061947657709588627e-01,3.568818044626049235e-01,6.336788733942710916e-01,9.779051486650642833e-01,6.598696604763882867e-01,6.772978964398165269e-01,5.157175852268787164e-01,8.849722027937321212e-01,6.704140599528908284e-01,4.041516888413310693e-01,7.176141899766259602e-01,6.611112208784962752e-01,4.923899899623981335e-01,3.806506382072475381e-01,7.421034546729454728e-01,2.478380975364501693e-01,5.221528429341286692e-01,2.269170738432626233e-01,3.089269031664732545e-01,4.415463901083769849e-01,7.546170596932744168e-01,6.955299654228433992e-01,7.994740892669633947e-01,5.524399030113812392e-01,5.905375837124142713e-01
4.505879896750900060e-01,8.227998256812817379e-01,9.411130779181685613e-01,4.778836222302260128e-01,6.901228750169096093e-01,1.409476419493754518e-01,3.016658251513988920e-01,0.000000000000000000e+00,9.106362660176559043e-01,7.064825079216152659e-01,6.951036639509430293e-01,5.452860706952779024e-01,6.121494904864502873e-01,7.807899098613925171e-01,2.609208800741316669e-01,5.060931604391697425e-01,3.299024337263657958e-01,7.955951779044188044e-01,7.138048156552222467e-01,5.741733317326460639e-01,9.187598084500081530e-01,6.066938057775135285e-01,4.846212345451275660e-01,8.607178589464172802e-01,4.589883994934011446e-01,3.637156470306380784e-01,6.534678746386275439e-01,5.918229878227039276e-01,2.595471534207897668e-01,7.987050493040535049e-01,2.384056901962320896e-01,6.422497338343855500e-01,6.073416118825776255e-01,5.686055994016316895e-01,7.383876240914082345e-01,-7.890233916363648126e-03,6.065527293605172954e-01,5.333634989490995126e-01,7.920823179542046955e-01,4.096246699001779290e-01,4.069641983563085930e-01,6.193167049713781402e-01,8.918534339470441941e-01,7.343731106701280043e-01,8.881606036282916339e-01,7.139226943600286424e-01,7.447586135337583846e-01,2.356368007739030046e-01,2.824580714834438733e-01,6.744811742957799172e-01,1.861849191558059835e-01,6.732992781575488639e-01,6.611689740666399917e-01,5.737047375237603886e-01,9.776489051822290222e-01,4.937746252155864046e-02,6.408586907791582465e-01,4.541418132416654707e-01,4.016577492147972439e-01,5.914704835490076640e-01,4.423452113057322332e-01,3.393569704797637643e-01,6.381629298128760341e-01,8.111373768345107038e-01,8.222775173533989346e-01,4.321637349819086316e-01,3.650838875132103034e-01,9.725844446222113859e-01,5.605763475339066160e-01,3.250853743034206600e-01,4.119240986071543431e-01,9.437465766317891802e-01,6.550009451519831494e-01,5.932347430703073243e-01,5.744295804944905548e-01,6.691321406047184839e-01,7.130228454706181163e-01,7.263062656155006014e-01,2.774809919708163264e-01,2.809317997576634696e-01,7.943177397817819951e-01,8.892844755455903138e-01,9.764239210986813688e-01,4.911707204687675854e-01,7.405613237605644938e-01
9.996006919041292571e-01,4.564949980377974725e-01,8.313598825222806576e-01,3.321140563501411291e-01,2.994927132398259584e-01,9.442659326081226379e-01,8.953978606259341833e-01,9.106362660176559043e-01,0.000000000000000000e+00,6.067081040686953530e-01,2.341386229012045461e-01,2.721736467699146234e-01,9.046743670677714899e-01,9.702931277383584907e-02,3.780358557472483505e-01,5.171221098806131344e-01,2.566981528151835446e-01,7.108237474384285770e-01,4.901511439912196177e-01,8.391269159097974883e-01,9.171550403439436838e-01,4.911561013646673635e-01,3.578089869839836124e-01,5.484928903426947722e-01,2.060397386158735467e-01,6.010757940474713568e-01,8.590939120630609604e-01,7.433821732340856192e-01,2.545093391881954603e-01,7.375622600771989390e-01,5.075978280556160405e-01,6.625205058058996066e-01,4.465628050309501385e-01,6.802739399399569953e-01,5.247745654967971296e-01,5.480950052604161016e-01,2.073886591547492719e-01,8.500407732487087475e-01,8.453233441455895170e-01,8.867142907303086075e-01,7.178349511493702373e-01,6.072030090040071437e-01,7.938108885208551291e-01,7.327581975594450459e-01,8.051553636243775625e-01,2.166270393773909453e-01,5.481683584528030950e-01,6.929760043855694995e-01,8.302779903568988651e-01,5.118046005226897233e-01,3.070239571773812903e-01,9.725766483819254793e-01,6.768212230817267638e-01,4.584818545860989136e-01,6.086137394846885540e-01,2.812141047516460990e-01,8.963503444478363447e-01,6.695651532900032121e-01,8.668328511439317152e-01,7.709389314578858343e-01,4.838798056955281868e-01,1.916622601549893556e-01,9.295866019854206463e-01,9.144049078732500169e-01,9.122549480556396695e-01,4.284972502600874478e-01,7.421022051536267927e-01,6.552968710707587352e-01,6.187940136079144171e-01,9.890152166151928714e-01,3.920985261911636988e-01,4.087424926215505461e-01,5.939822049244793956e-01,7.251683989653673335e-01,5.699373692479174913e-01,6.784513330423399546e-01,3.999966495583813231e-01,4.329344712341725021e-01,5.315386231035644782e-01,1.623013065147074219e-01,5.240148574140784943e-01,9.023477780976311147e-01,9.502984893734426342e-01,3.094759675248932584e-01,6.288749610731694251e-01
9.147146305720280646e-01,5.365109079929154534e-01,1.733531672280901881e-01,8.128445143953471064e-01,7.755453820903767115e-01,7.804959852614044014e-01,-6.554627507930990693e-02,7.064825079216152659e-01,6.067081040686953530e-01,0.000000000000000000e+00,3.090856289559170134e-01,7.827787616179527896e-01,6.148028042636792811e-01,2.472747074989070648e-01,7.353842824993027660e-01,5.653321397275485882e-01,9.322449607710765473e-01,6.676091650269456723e-01,4.095719259009120705e-01,6.376749097495891805e-01,4.846443562998132837e-01,7.774974869785540310e-01,7.464216315995101381e-01,9.700567246721840675e-01,6.036375039284076482e-01,8.307803292439014387e-01,9.797673898919982971e-01,9.989601616850812826e-01,2.244205420563977205e-01,5.007704446957987887e-01,5.228210675357937154e-01,6.490606399000063975e-01,2.136230941984414156e-01,-1.842578066933871495e-01,2.412033581146894312e-01,2.746030327100961177e-01,-1.018846703897274830e-01,9.322392779989441269e-01,9.143289413955865141e-01,7.348308257909273999e-01,7.075361776898568822e-01,9.465833024549383801e-01,7.310333805084636705e-01,7.740075882756760617e-01,9.517801456524881409e-01,7.822249538600078989e-01,9.743728124547981206e-01,5.883370748561083108e-01,7.722446585664763941e-01,7.753536816549215782e-01,7.064102765350022128e-01,4.250947656348679216e-01,8.363222933535302550e-01,2.360261671790791493e-01,7.068248307995750324e-01,7.155847433468731644e-01,5.320603863261307298e-01,8.887366235204930964e-01,2.437271012625010502e-01,4.706219862284193867e-01,5.229124656383306036e-01,6.216178338926920954e-01,6.781222226958174559e-01,5.303566075355992115e-01,9.000993159250713083e-01,6.126723420512513174e-01,8.525116506697371088e-01,9.424257137548175400e-01,4.558945586699283958e-01,4.753382276816183194e-01,9.628324227175364403e-01,8.744983019693446380e-01,1.036771028315283810e-01,8.553024615725124402e-01,7.943814127211841214e-01,9.733701103041039193e-01,8.664395760041921912e-01,7.665420821173617449e-01,2.616787643773126337e-01,2.462370273821908040e-01,3.542960997241310639e-01,5.612078228116393896e-01,7.645609549562308871e-01,6.824553458207927026e-01,8.246263630827614932e-01
6.209107405573256466e-01,8.409160425608062095e-01,9.116680593589252535e-01,9.947033265290711190e-01,8.496089446888231977e-01,3.259598939791931160e-01,8.828112572147704951e-01,6.951036639509430293e-01,2.341386229012045461e-01,3.090856289559170134e-01,0.000000000000000000e+00,-9.407217697852576777e-03,8.715727058886797440e-01,9.884766231133527148e-01,5.648592345004088688e-01,9.798841023054871702e-01,7.388413013402254093e-01,4.611107689420433364e-01,3.575098165627179636e-01,7.059828039979011427e-01,4.563978238369166274e-01,9.215078558071936321e-01,4.823887647907020293e-01,9.078561413474002251e-01,4.667683897689113848e-01,7.805425876735957447e-01,8.256895422366539172e-01,5.836902321175716502e-01,9.172463717938437178e-01,5.751686382350738175e-02,3.608387731809279408e-01,9.942771039213451623e-01,6.146925968848580002e-01,7.220729538855117369e-01,5.294151553861231596e-01,6.529100948458060882e-01,6.033957415692708937e-01,5.918593439339543405e-01,8.283213930121716695e-01,4.674089896664136434e-01,4.902629061764694485e-01,6.928547438620371590e-01,7.181130265244597410e-01,9.574911398681824615e-01,9.046429215099976995e-01,8.042564024411775758e-01,6.573858252006755665e-01,8.554077774453389127e-01,8.116470748930884049e-01,5.099686217033305713e-01,6.001843003346275518e-01,9.587106294240606008e-01,4.494994906502983723e-01,9.117441957600401770e-01,8.654031078067410121e-01,7.336070765963089713e-01,5.472329491151837200e-01,1.135330593566455382e-01,9.610029696094621876e-01,4.012859009600766580e-01,5.576406914618697863e-01,7.918146065712057258e-01,8.088881068303475919e-02,7.572414377020204590e-01,8.375555876353978357e-01,3.626820618751540604e-01,2.502931530746009825e-01,6.701070089162890486e-01,5.796705848649097437e-01,6.736822554797617935e-01,8.587114925822962874e-01,8.519968728805721314e-01,2.367234677627105266e-01,6.901952549642046408e-01,2.805301877321629278e-01,5.872021121533576027e-01,4.227216152384489778e-01,7.801620950107684971e-01,2.483066260643723433e-01,5.108928628149405071e-01,4.591327427957684892e-01,4.886720746636128432e-01,8.884278196565519314e-01,8.289507102443195441e-01,9.492988113182955212e-01
9.039323377195429554e-01,7.068874566143573679e-01,8.843066786920739109e-01,6.760532988804751620e-01,4.431764811858625586e-01,6.405185548401391982e-01,6.917782697611712939e-01,5.452860706952779024e-01,2.721736467699146234e-01,7.827787616179527896e-01,-9.407217697852576777e-03,0.000000000000000000e+00,9.871290488060614488e-01,4.838513171919076039e-01,6.886438574159574610e-01,6.241904098854580418e-01,6.559631364883952154e-01,3.634013763110157669e-01,7.711260106693242911e-01,7.440225147287786722e-01,7.861604108366258004e-01,7.763151691971483803e-01,2.945173641380907092e-01,8.903155877711176336e-01,8.375924007482734579e-01,8.108697243229909812e-01,9.498680119052953508e-01,7.426225716262715437e-01,5.540548601400208106e-01,2.205621471541926171e-01,-1.440997994692216899e-03,4.301191014697600123e-01,4.422077986923302340e-01,7.911823000486759572e-01,7.235282453200083674e-01,4.625100402529229160e-01,-1.363681190275993216e-01,6.302477934904571200e-01,8.828193266903130443e-01,2.150524514697232936e-01,4.425896599627689443e-01,9.882472224209915002e-01,8.236953211262354468e-01,4.064963894684550660e-02,9.662666235339444354e-01,8.593662642156840725e-01,7.967415550773665478e-01,4.626187185803742330e-01,9.397737275671127488e-01,8.284421393606336004e-01,7.105174212309476323e-01,5.374787105763416672e-01,7.000030703390272002e-01,6.493981125884916716e-01,4.585986144869273473e-01,2.212588651612090174e-01,7.741706070041445287e-01,-1.518997217651668619e-01,7.970715123475771158e-01,3.838556247722855197e-01,5.082452495896325889e-02,6.177860834074393459e-01,9.642086771787791166e-01,5.822529234682669586e-01,8.581882267304972167e-01,4.303884300139967922e-01,3.744127087326103998e-01,7.819126545565505682e-01,4.029091670123870483e-01,9.492008852111086803e-01,6.762372279317541146e-01,1.295886862395516370e-01,4.225242410169354201e-01,4.175499542035444045e-01,4.017317157015221074e-01,9.553386730365346358e-01,4.643547553591818033e-01,8.530345863493814518e-01,5.014269237775645927e-01,6.272295936623580870e-01,6.986247446014454132e-01,4.437657270729652992e-01,3.616236653482174934e-01,5.643371348710539692e-01,8.822300983789583828e-01
9.298883708257954517e-01,7.093685650561312173e-01,6.013629536962047384e-01,6.298105292826856605e-01,4.377609671721527929e-01,7.443834334770396688e-02,7.458588687226086478e-01,6.121494904864502873e-01,9.046743670677714899e-01,6.148028042636792811e-01,8.715727058886797440e-01,9.871290488060614488e-01,0.000000000000000000e+00,1.799499046445811670e-02,5.093972758668193768e-01,8.595239444716542554e-01,9.720467798310825636e-01,9.091085388596933381e-01,7.903878835537345715e-01,2.448878675602102206e-01,6.170040619561762973e-01,7.916362121650990513e-01,4.642238625627437276e-01,7.503883774114723515e-01,4.403919096194121585e-01,1.916963153526445862e-01,4.147592846412151979e-01,7.419023340950132717e-01,8.481364560647213224e-01,7.980196457150885436e-01,2.651263553818022367e-01,9.592604149588344065e-01,5.201610889844574537e-01,7.044894909024570495e-01,6.750556335176887135e-01,2.982243816857202967e-01,3.104293652778065682e-01,6.059250619046007147e-01,8.436291030848580563e-01,4.901925933082289522e-01,1.628177535400896492e-01,9.765117371367604271e-01,6.935895381073968746e-01,8.232190783792213418e-02,8.746259359594603655e-01,8.230183517931863868e-01,8.832753265335698822e-01,8.414242258348846315e-01,9.853298863989425893e-01,9.633923580280093768e-01,8.045239228823882760e-01,7.000975183355317988e-01,8.084727748269717740e-01,2.602437640158405951e-01,8.725081893836779123e-01,9.657291248047010779e-01,7.402828801106795531e-01,8.531753980218164113e-01,6.551343160376156272e-01,9.186843577464963717e-01,5.113676408667563456e-01,6.506701384066072569e-01,7.036955248866136881e-01,6.531941477198718315e-01,9.443847279676365059e-01,7.825903838018640757e-01,8.953579549095488366e-01,4.134685955611735464e-01,4.455238465159820360e-01,8.211221247875604146e-01,7.673252187689487691e-01,8.764242749106504471e-01,5.926862338648523076e-01,4.149879556607239950e-01,6.822988265196168189e-01,3.515597112213102449e-01,8.387536078040732646e-01,8.288259665391825015e-01,6.794363178802804715e-01,4.251671619796587587e-01,1.652755577659100750e-01,8.904807555813457620e-01,8.979259022396491874e-01,4.599703526273880572e-01,9.321411453943438952e-01
8.274678066673351040e-01,9.455591196807974219e-01,6.821115101378513179e-01,4.163369441435826879e-01,6.920206639800474679e-01,4.147249354204590732e-01,6.403377434253787470e-01,7.807899098613925171e-01,9.702931277383584907e-02,2.472747074989070648e-01,9.884766231133527148e-01,4.838513171919076039e-01,1.799499046445811670e-02,0.000000000000000000e+00,9.594083970932005823e-01,7.508237349353119594e-01,5.920717851416997801e-01,8.999571981008512855e-01,5.310330986801110598e-01,6.509716406204445471e-01,6.753884794480874421e-01,7.239933355488193945e-01,8.415210456429677022e-01,4.803013603282520472e-01,2.354535373211953386e-01,6.854587966474516847e-01,8.996229327568463496e-01,2.477317210128560099e-01,6.925862877230862802e-01,6.707162275746214597e-01,3.886752180839658788e-01,7.479254701388117210e-01,7.077982750043313454e-01,6.543147106953279835e-01,7.008769496015684330e-01,7.976492443043617930e-01,5.100652186825470613e-01,8.829624021676488743e-01,5.495348982540171345e-01,3.878953390602448703e-01,2.553274271142458307e-01,6.906771245621404764e-01,9.251496228711759695e-01,8.925219877610888197e-01,6.373166914697513397e-01,4.222680104720546446e-01,9.638396829057450654e-01,6.982670540341077148e-01,6.371521020778064814e-01,6.769050094636186454e-01,6.280187049433511026e-01,5.392832587362612617e-01,5.287975193300871180e-01,6.695983377068351894e-01,8.756980555995796944e-01,6.560243332197067678e-01,7.442083442756683986e-01,8.955313230844792471e-01,9.180698983447016515e-01,6.467260288620391151e-01,4.909457441596009053e-01,5.821155323934049663e-01,7.276912965211093098e-01,8.014626394794970299e-01,4.520489297885256774e-01,7.410514974611340788e-01,5.055144596124196976e-01,7.565006343872742178e-01,4.825948926425721597e-01,6.667270853805792319e-01,7.504286844512919608e-01,9.579151683406399442e-01,4.929483719295667532e-01,3.114086241798258436e-01,4.823290969875371204e-01,8.131673454267456247e-01,5.060760082950562788e-01,8.581763637299666403e-01,3.708961115454143531e-01,7.442897445742464591e-01,7.391372211416171734e-01,9.638577815694544526e-01,9.722429279696958027e-01,8.202361166847276230e-01,6.169586851842473463e-01
9.496133122827317141e-01,5.511820505629833056e-01,7.182161249071031817e-01,8.759186502501028482e-01,6.462189086192424714e-01,9.112521895119713999e-01,4.722264007794348406e-01,2.609208800741316669e-01,3.780358557472483505e-01,7.353842824993027660e-01,5.648592345004088688e-01,6.886438574159574610e-01,5.093972758668193768e-01,9.594083970932005823e-01,0.000000000000000000e+00,7.166978637410247321e-01,5.203709091160836353e-01,5.722461738561690492e-01,3.907976676418090101e-01,8.402805457027925362e-01,8.154116280663314953e-01,9.820079051819090576e-01,7.649555708347974825e-01,7.470026050200636591e-01,2.389126612018227791e-01,4.056243251015169138e-01,6.565410431888946130e-01,7.588627532706750944e-01,6.596418309625801113e-01,5.582455053771951947e-01,7.866971935365827395e-01,7.205641090200618493e-01,6.100073939521540867e-01,3.069707540763532694e-01,8.483134011195038182e-01,3.401902208583298393e-01,1.403499121930273652e-01,7.539806927362063815e-01,8.645387876493396684e-01,3.355094870452702827e-01,3.867573761358810147e-01,5.194236661185199777e-01,8.907734981583358413e-01,8.981650969888993474e-01,8.412187825113069950e-01,7.310240431023253826e-01,4.720391309426461013e-01,6.918957400332457208e-01,4.489392819880775320e-01,7.065370780590637390e-01,4.818633830685900010e-01,4.684643007258897929e-01,5.485522026065481338e-01,4.451958464083249911e-02,7.903456032753861660e-01,8.740765662546681192e-01,6.835858259735776432e-01,6.182130678045030248e-01,7.892206334452221972e-01,6.275732497453955228e-01,4.359176926226528415e-01,7.709848760402722156e-01,1.564866193570831898e-01,7.429479429604700647e-01,7.135003588021506804e-01,9.650397273112901741e-01,6.182068782246020744e-01,4.013379991090395560e-01,6.355071221366080936e-01,9.096895536712809038e-01,7.754529774378973173e-01,6.989235678683182185e-01,2.051576234574004343e-01,7.698466498813796299e-01,8.301466927013204655e-01,3.547242023594291416e-01,3.969087515408653566e-01,4.277029899292911219e-01,6.980063890507330893e-01,2.992762560211408365e-02,9.116205761036855204e-01,6.489005210246520106e-01,8.238723933780103259e-01,4.620653716409013345e-01,6.848753684236320582e-01
5.077810037942213084e-01,5.089947975224390353e-01,7.736725973961000591e-01,4.133676496592270655e-01,7.552741416647869022e-01,6.776246715831649725e-01,4.422631604420586560e-01,5.060931604391697425e-01,5.171221098806131344e-01,5.653321397275485882e-01,9.798841023054871702e-01,6.241904098854580418e-01,8.595239444716542554e-01,7.508237349353119594e-01,7.166978637410247321e-01,0.000000000000000000e+00,8.062844885653864813e-01,6.207871330141028210e-01,9.404617486621249522e-01,7.297449041249494117e-01,6.811118136047102922e-01,5.495402777106743741e-01,8.062517856586475240e-01,5.463900307894338226e-01,4.893901425363577085e-01,4.406179026672770727e-01,9.499246910358765117e-01,5.707137403270228226e-01,2.158344685554007825e-01,2.892453324544830284e-01,7.292495030109269472e-01,7.301715955853319562e-01,4.361513813540357498e-01,4.479801851244620270e-01,5.075367022164800623e-01,4.948757451691341291e-01,4.195800346154749949e-01,2.300199216676345471e-01,9.326553431125995663e-01,8.671990771739480630e-01,4.996496014116461604e-01,9.752431423850224101e-01,1.353151033116480884e-01,1.136895340495417683e-01,7.082976011353099288e-01,8.810768459113818007e-01,7.495656934143374306e-01,6.831781856218750448e-01,8.194500769825081576e-01,6.162777975571047673e-01,3.773001498375651019e-01,7.940432440703451000e-01,2.442925900817584650e-01,8.247297918591581789e-01,1.740198265571784031e-01,9.698309483168939815e-01,9.323008812393868139e-01,5.107656461026921502e-01,8.090540940537003234e-01,6.422866559632935957e-01,2.587697613554315046e-01,2.163450757484521036e-01,2.216662384773739058e-01,7.774943549789938846e-01,8.242713328740715051e-01,8.896920978582448791e-01,6.247947251169958527e-01,8.642955146700161961e-01,6.151465483388908195e-01,8.949773313456175217e-01,3.961571849152109026e-01,8.331097708432666504e-01,5.393067725213419594e-01,1.952073171525729178e-01,7.308421682714295597e-01,6.963830547594365150e-01,6.952282946200204483e-01,4.095551731815608165e-01,2.490636243821027773e-01,1.056291553680849538e-01,3.893625859597846794e-01,6.042732468112610444e-01,9.672370636493324847e-01,6.987053314349015443e-01,6.405366664808807009e-01
6.170264372270607423e-01,9.755766499970642824e-01,9.427639024261887934e-01,4.410962690470236480e-01,4.625044785090394739e-01,6.485938400988930930e-01,7.414115414153253925e-01,3.299024337263657958e-01,2.566981528151835446e-01,9.322449607710765473e-01,7.388413013402254093e-01,6.559631364883952154e-01,9.720467798310825636e-01,5.920717851416997801e-01,5.203709091160836353e-01,8.062844885653864813e-01,0.000000000000000000e+00,9.287613358347424075e-01,3.062107820779872980e-01,7.126106863601071595e-01,9.886337690304363157e-01,6.368898771989834895e-01,7.389176837241365758e-01,8.000297532618270147e-01,9.912230492861280606e-02,9.597097489755863631e-01,2.236904422309194673e-01,6.217735961825715529e-01,5.826025472005965655e-01,7.259440181825361771e-01,-2.584167200283868371e-02,6.251732460789044543e-01,9.989578341139976336e-01,6.109079088533393431e-01,9.847453725183856754e-01,3.273567852590397731e-01,1.557351942280773005e-01,7.602804561003964068e-01,6.657070740262370778e-01,6.221156153317222159e-01,4.808165108860844028e-01,6.201536783315901857e-01,9.002216779475114006e-01,2.976603765792826817e-01,7.018223502746910869e-01,4.281638849467405694e-01,6.231331152274283136e-01,8.417007739857715887e-01,7.026923745950931499e-01,8.356225547944939880e-01,3.026833695021722420e-02,3.859555484553340854e-01,6.838424476732577473e-01,6.443821671168500353e-01,3.146683838263246713e-01,8.282913581142075099e-01,9.250596939700825860e-01,5.220506436730196764e-01,4.410147603469602440e-01,7.485422838510781274e-01,6.983235264031740774e-01,8.417924966743575155e-01,9.460749870133204897e-01,6.251448987526651013e-01,9.702485102201960920e-01,8.684563191116977110e-02,9.983691085540545851e-01,6.434475120722619179e-01,5.340850359319502250e-01,6.674864568634705231e-01,9.579501437924908824e-01,4.120053462936014710e-01,7.333356086262039497e-01,6.173380371848262715e-01,9.387106124907312887e-01,6.657189688144948825e-01,7.587525987022351037e-01,8.811620121881976742e-01,5.503125833491019359e-01,4.936865117751949583e-01,3.745065481699033638e-01,6.288383878467195265e-01,9.196641522175219574e-01,5.327350554507215286e-01,9.329660855985485446e-01
6.410179345649046345e-01,8.801651029391510672e-01,6.318223545035087652e-01,8.999375768406077114e-01,6.550547979623688732e-01,7.922656678426045485e-01,7.900273649958008404e-01,7.955951779044188044e-01,7.108237474384285770e-01,6.676091650269456723e-01,4.611107689420433364e-01,3.634013763110157669e-01,9.091085388596933381e-01,8.999571981008512855e-01,5.722461738561690492e-01,6.207871330141028210e-01,9.287613358347424075e-01,0.000000000000000000e+00,7.170493330231246798e-01,4.565048610495417991e-01,8.691924862480375769e-01,9.139177639679421095e-01,8.121179749253347735e-01,8.517761226804636543e-01,6.936671195819910096e-01,6.312573394213899514e-01,9.826238865273348999e-01,6.355413969163541399e-01,7.359340227654378452e-01,4.097832364998034715e-01,6.688189570712492760e-01,9.585871873601565785e-01,5.610275785147449401e-01,7.522082123989869418e-01,8.028171800703894911e-01,4.121406221692962002e-01,5.702589435184526323e-01,6.499548588900376511e-02,8.736585641534755364e-01,6.522467646263654384e-01,6.198687059627517870e-01,9.032593905997587935e-01,8.098999132337171281e-01,9.822170794812455918e-01,5.937813576823600670e-01,9.096278501159744678e-01,1.964007232677969506e-01,1.395018652677168791e-01,3.398241643150983204e-01,6.003601129652290647e-01,6.300096977416815847e-01,6.764272858449696946e-01,9.965375261643684146e-01,8.117962892592535118e-01,8.173475368182504530e-01,4.449869554334024424e-01,7.193755627454457846e-01,6.242153845250998367e-01,5.035594624129369201e-01,7.714703726264403594e-01,4.092227169887264204e-01,7.333416390908711335e-01,4.842932235385860040e-01,2.740270489204476023e-01,8.510702212044336523e-01,9.683815126383881200e-01,4.498132431953131838e-01,7.178485279476385372e-01,6.581449736087374713e-01,6.192307642518788402e-01,9.579504472031408202e-01,5.963833750911540221e-01,5.991787639198713489e-01,5.249872493005731666e-01,6.504256447485650128e-01,8.811411943178537598e-01,6.928983189816013688e-01,3.384174901172969790e-02,7.508899770653735262e-01,4.053038567480782839e-01,6.910910335481509348e-01,7.558452560571837786e-01,6.152924525263469002e-01,4.481260881351785130e-01,7.230900587657254075e-01
