0.000000000000000000e+00,8.474358388172464895e-01,4.812514104343187382e-01,2.292356863951842127e-01,9.718547139386684020e-01,9.543742962973148503e-01,8.222734719456412655e-01,9.811949810675700823e-01,8.728013440457615957e-01,8.861226095812428927e-01,4.520257390364334493e-01,6.419922686168830772e-01,6.739048041583503013e-01,9.777103683165980774e-01,8.156804498677825421e-01,7.242244895186784603e-01,-2.968484145560169596e-01,9.861529307127052668e-01,7.694146776729431370e-01,8.498757860357535332e-01,9.426038063215138596e-01,4.142341586464813874e-01,6.732448459763449300e-01,6.986536546106891787e-01,8.415833811410740051e-01,9.100431203752185061e-01,8.449710362470329583e-01,8.457608063352682892e-01,6.078176467790283866e-01,7.207990441017304573e-01,4.010703119991141929e-01,4.728699668333446460e-01,8.407196491719787224e-01,5.379851982833702140e-01,8.904129788956296476e-01,7.942579408078638270e-01,1.974706225714406016e-01,8.247797011993946992e-01,5.216650950368458828e-01,6.711955236095378252e-01,6.390514542600589376e-01,9.317829770038241755e-01,9.098286201672295403e-01,9.778838126220509297e-01,8.038119034800804696e-01,6.718890522112872521e-01,9.363752389676108789e-01,5.116664121268839072e-01,3.317862504959379066e-01,8.330362918952295415e-01,8.195962346329624948e-01,8.709938465495328241e-01,7.185971479558668218e-01,6.597278570372926421e-01,8.556837088575617312e-01,3.182925252152196127e-01,2.005301880662787029e-01,9.741103940073042589e-01,8.095835034771755589e-01,5.653109514368693800e-01,2.682197595246507693e-01,7.725412664554363040e-01,7.162774637107161002e-01,8.910697174706547763e-01,8.251240287976406851e-01,9.773920719555795333e-01,7.477016581819244667e-01,7.377318279489135655e-01,7.030902306868849205e-01,9.836994146380353410e-01,7.846577885016081666e-01,9.702116422772064652e-01,3.062107927700191690e-01,4.198570066248341615e-01,9.543394994873528603e-01,9.045636374224477194e-01,9.437875696016591043e-01,8.814067018067260895e-01,4.272241989048119470e-01,4.547885149446780351e-01,9.066881057025044655e-01,3.121436506213106088e-01,6.614516694879413183e-01,1.393424455532789596e-01,9.178726297142424384e-01
8.474358388172464895e-01,0.000000000000000000e+00,7.364342273789691307e-01,9.409779394560076060e-01,6.180721211861922582e-01,9.037671972384092589e-01,2.369732985807640469e-01,7.482429788927766889e-01,7.692783736919517334e-01,6.900229422118274725e-01,6.764151017528182708e-01,2.430510278772634869e-01,3.765555115296146532e-02,4.853687319408968581e-01,6.537499881299039250e-01,2.054086057812311850e-01,6.953972805969951265e-01,7.252729475700994133e-01,7.781961012729836646e-01,9.958615537970494369e-01,8.255834031798874317e-01,9.144137439910965393e-01,7.915037656543705280e-01,9.743828286359732527e-01,7.794662626531985161e-01,7.466347886025134217e-01,9.289472127089428710e-01,4.274689360139919403e-01,8.897686266658666465e-02,2.398387335114572083e-01,4.192824545892899213e-01,7.755636040938160836e-01,5.421878395556520847e-01,8.816031018802976682e-01,4.535650126383878877e-01,6.025249306053306331e-01,2.477598787157494764e-01,7.336573976245461814e-01,9.950634580953716668e-01,9.640920686489872216e-01,2.448035839856388951e-01,6.159045613776508166e-01,8.893368118061590888e-01,9.730603998115677777e-01,9.756162264077978818e-01,7.869409310960809867e-01,6.160300251684727169e-01,9.769051344961974248e-01,6.658308684453635440e-01,9.057675115438978963e-01,7.965441156702838255e-01,5.076174267266935214e-01,6.656040792586253030e-01,4.117528152785908668e-01,7.787110986809280266e-01,8.673080179658270161e-01,9.781146797424131734e-01,9.251841199983495967e-01,4.286257792431490410e-01,3.725123284130805734e-01,9.000646920170397580e-01,5.807871565205753317e-01,2.251418047384047549e-01,8.566248851634385986e-01,8.020934421150672788e-01,9.493072278898004868e-01,9.273647262755516651e-01,9.518732417731843309e-01,5.540692968312049826e-01,8.256960740612533378e-01,4.600111781729938620e-01,6.438856075052012962e-01,3.362232605277978847e-01,1.023485695489845526e-01,5.313450508332451250e-01,6.781784149868383960e-01,8.265657323257007416e-01,5.688547457127698381e-01,5.096896847386895857e-01,-1.026260960025821012e-02,6.792414138859945716e-01,8.773040371361718881e-01,9.043745073709615889e-01,2.415045536046452335e-01,5.242762656277336619e-01
4.812514104343187382e-01,7.364342273789691307e-01,0.000000000000000000e+00,5.541194634521195983e-01,7.823505733767319725e-01,4.236591715991595009e-01,6.361899370237558138e-01,8.338913976088014879e-01,8.468467821496528103e-01,8.792547066701653646e-01,8.989182104108915938e-01,9.170208950459391994e-01,7.707350588339089148e-01,8.720375428797073614e-01,6.190922662505223828e-01,8.737938358952735962e-01,6.004995270319873901e-01,5.477994250982797242e-01,7.869026510079023540e-01,8.318208325856168983e-01,7.158488545709761341e-01,9.151177160919726772e-01,7.639595038332708254e-01,8.342478961742954002e-01,8.468272512055037282e-01,6.554627286080019211e-01,7.385745539653050251e-01,6.794513108203659169e-01,6.148175920537122252e-01,3.528523100685038161e-01,9.543717283036787791e-01,9.597792167060307245e-01,7.231705517923352478e-01,7.364217031036084382e-01,9.611354614087809223e-01,9.974951222250688643e-01,2.978400304936499876e-01,9.569300959476506607e-01,6.042844342824490456e-01,8.721320106271934769e-01,5.231756762677781669e-01,5.092731969955982541e-01,6.267087594450544419e-01,6.331713830684647659e-01,6.513282131834512434e-01,8.699871251012274431e-01,9.856820757554540791e-01,8.479891547662833373e-01,9.827959746925052364e-01,9.207052539971843919e-01,8.514188199117485034e-01,7.459794626686788721e-01,6.267760603348109250e-01,6.995964365640692240e-01,8.575166011945195566e-01,7.169854562683984911e-01,8.340641610306491760e-01,4.398941501719997316e-01,1.276715089270009651e-01,7.650804270393556372e-01,1.565311508163713672e-02,7.846325504439141119e-01,6.642532700103274124e-01,9.915318206561798409e-01,9.268690133956275501e-01,7.455544367166154762e-01,8.599480895067170838e-01,4.843211039738668511e-01,8.547695274517189690e-01,7.989977630088884730e-01,8.498839046834520961e-01,9.226944931358020963e-01,4.563414886935372450e-01,7.084324481206977220e-01,6.759644230962880140e-01,6.240724834266744292e-01,6.750131756475798994e-01,8.761081043751808295e-01,2.104947336299828886e-01,1.889401550275945640e-01,8.732547697844078582e-01,6.561933530053936092e-01,6.655584099137401566e-01,8.679324082583023126e-01,9.091407866376787217e-01
2.292356863951842127e-01,9.409779394560076060e-01,5.541194634521195983e-01,0.000000000000000000e+00,8.854799097358300175e-01,9.676854217956859516e-01,2.097299770102933336e-01,6.862766120520458202e-01,6.131506289327705028e-01,6.522004556214406890e-01,7.259752648202486558e-01,7.503233236631012826e-02,8.523741674820648484e-01,9.615470687190218468e-01,6.106814728449020402e-01,4.806956683920341478e-01,8.845003917774589830e-01,9.291254091502518797e-01,7.410045594447989270e-01,7.360888447107041266e-01,9.762183333125111773e-01,6.571626128727076077e-01,3.277115681256923541e-01,9.966671668717873578e-01,9.791803254617513774e-01,4.915497286776848718e-01,9.683965819999769131e-01,5.623279106214025269e-01,3.275344683985923488e-01,5.781041833204396685e-01,5.936094030416911860e-01,8.492535024555615264e-01,7.139756923901831032e-01,6.065337544048001739e-01,7.257462444652134081e-01,3.761497201605839003e-01,6.653077386405734650e-01,4.654308228022157601e-01,6.595924620427400242e-01,4.265622087362500592e-01,5.407318002207582852e-01,7.968517983618574885e-01,7.175999433668848182e-01,4.799855964553409460e-01,9.042451462791576411e-01,5.866137572246646892e-01,8.949380371661501687e-01,8.362697715913740559e-01,6.059243018595300567e-01,9.452589804848194888e-01,6.274385204434134167e-01,6.226602921724300188e-01,9.084357315067417282e-01,8.192189177562586577e-01,6.139395551968611642e-01,4.417727106715375607e-01,9.474630036872604411e-01,6.226923381993589857e-01,8.399186547409490666e-01,3.493639297380348729e-01,3.872398273739742769e-01,7.592246143255128032e-01,6.097617675926091385e-01,8.723407955875334130e-01,8.140249495201204999e-01,5.594662773647034459e-01,9.835132189320200391e-01,8.878850939881314241e-01,7.230627718049384978e-01,9.431920387271319761e-01,6.501867092657649394e-01,9.570530906908799595e-01,2.931546303272263287e-01,2.007815518719629488e-01,4.376151106253531320e-01,8.887547442022830646e-01,7.992010743005190099e-01,7.051722568244144229e-01,3.227304066799253079e-01,2.877622593736116063e-01,4.937422101818541020e-01,9.231234005465661641e-01,8.312512203462832927e-01,6.813806910432648190e-01,7.218300735092797460e-01
9.718547139386684020e-01,6.180721211861922582e-01,7.823505733767319725e-01,8.854799097358300175e-01,0.000000000000000000e+00,7.162353364634056474e-01,-1.009271237266082810e-01,7.543193181203364794e-01,9.924983284481229129e-01,9.676524613106936012e-01,7.960557359666253774e-01,8.139413575676613943e-01,9.583667548766494626e-01,9.954556067507206452e-01,9.633073128445359679e-01,9.804280619038736599e-01,3.489743502062105929e-01,8.551550112102955792e-01,4.182726663978996173e-01,9.105175789748150006e-01,6.976672632998576207e-01,7.210040208915892146e-01,8.952274568236500141e-01,9.138960712882094883e-01,7.520379062109980861e-01,8.865069340633422446e-01,7.700703423887461652e-01,9.597900308783967604e-01,7.864637432937281458e-01,1.650792495549680550e-01,7.142724148880285062e-01,4.562817622434383602e-01,9.836843851287330187e-01,9.355973912991490948e-01,4.779129861701472137e-01,3.504154985340790507e-01,2.932629172501086123e-01,5.840234559266319625e-01,9.648475124208633069e-01,8.564518090176003184e-01,5.605252742031742175e-01,6.300878878893149126e-01,7.238443516792006927e-01,5.798690854352193114e-01,6.106290002540424311e-01,7.411022970354205208e-01,5.008831218727314294e-01,2.003201270809318590e-01,6.866662207031111187e-01,4.475581401992020925e-01,7.545446612528946551e-01,9.906821868737727410e-01,7.009755191274756880e-01,8.655789674783925802e-01,4.598258872291409172e-01,5.482252457756420227e-01,6.337496023760800234e-01,7.775069444766899984e-01,6.949125300685684570e-01,4.080694523137248231e-01,4.630582996088455361e-01,8.493971656086432009e-01,6.862267620135671375e-01,8.436392646526293948e-01,9.354217460573686083e-01,6.463560616106263090e-01,4.140756487464617996e-01,8.326224684321819058e-01,6.646555691117386200e-01,4.105331974031846687e-01,9.611634326363616143e-01,4.003685370459052484e-01,7.447694122951726836e-01,4.715714954741674902e-01,6.021265804936160038e-01,8.853592320550655037e-01,4.967288890557671199e-01,7.545348102955041769e-01,3.260825829756486272e-01,3.860708426830249396e-01,5.547842870000765370e-01,6.008451937523060504e-01,9.002248857514846270e-01,6.915719162453921598e-01,7.322053339485622425e-01
9.543742962973148503e-01,9.037671972384092589e-01,4.236591715991595009e-01,9.676854217956859516e-01,7.162353364634056474e-01,0.000000000000000000e+00,5.793434161762990309e-01,3.328637571554835528e-01,9.502805089114390036e-01,8.089345428634484580e-01,9.289957042377162688e-01,5.460887432886721848e-01,6.421301465931350538e-01,1.133643562490701528e-01,8.507299657940409210e-01,7.050181559589738800e-01,6.869953301742923735e-01,7.726706479510139225e-01,6.507563802290284860e-01,8.601018536099004352e-01,4.581965682384680494e-01,9.462070376187466936e-01,5.173136650990569629e-01,8.259570917574345916e-01,7.074139816833050487e-01,2.026455633665748546e-01,7.003989737185161157e-01,6.953789821161351359e-01,5.029211511230878839e-01,4.028417700802902623e-01,2.865760874160540039e-01,5.224607668483443046e-01,8.522716229443731972e-01,6.042685880815509281e-01,7.756720755057301409e-01,4.701388233370629166e-01,7.446888409512235629e-01,2.789282153238931139e-01,9.219427743442013545e-01,9.192991315333158830e-01,2.872649603265493568e-01,4.461329932541994170e-01,9.215821487425943648e-01,6.909777621198097686e-01,7.139401561334188795e-01,8.576210421531247352e-01,9.537164141522734839e-01,9.983362952201021434e-01,1.162346639498140627e-01,4.754702514313542405e-01,7.259476413356608093e-01,7.028542927695858866e-01,8.813763914699390689e-01,6.503547568178812410e-01,7.293017792628636586e-01,-2.110943885442406742e-02,9.459401920129862917e-01,7.785771105844888629e-01,8.009994025016565766e-01,3.046308007882140290e-01,5.481167651286211751e-01,6.136710064794143049e-01,6.502137573523176783e-01,8.940341282656788513e-01,6.940817772783260953e-01,9.963668224332487000e-01,8.461425169509185773e-01,9.973824369927827282e-01,-1.442855316524792320e-01,8.261311937948716544e-01,8.392246625304714547e-01,3.108614853460021088e-01,2.151065003173926737e-01,6.256933007846776640e-01,7.068845810937118834e-01,9.829669132226215300e-01,-1.000386431118581027e-01,7.685520693206224774e-01,4.412554212097057338e-01,7.376153056456955515e-01,7.354085865022857993e-01,6.369515557494902502e-01,8.668465055833827204e-01,8.420914599557426383e-01,9.169480707585286883e-01
8.222734719456412655e-01,2.369732985807640469e-01,6.361899370237558138e-01,2.097299770102933336e-01,-1.009271237266082810e-01,5.793434161762990309e-01,0.000000000000000000e+00,9.919452503227247364e-01,8.079792476282103841e-01,3.633751599501509610e-01,7.484282453974756555e-01,6.303040341826821047e-01,4.042737111653440518e-01,6.853108625544375165e-01,2.237830958827538852e-01,6.281944664143334078e-01,8.689220207620551584e-01,5.587080259543407701e-01,6.292147616795220610e-01,8.462972122953963394e-01,7.708742240480126462e-01,6.038641577389779469e-01,5.684005448712777797e-01,9.709047075817665018e-01,7.605186611475327485e-01,4.473362704510705501e-01,4.391685957876478863e-02,7.707633896755401448e-01,6.080811556060533585e-01,2.007018215029796743e-02,1.163546053322795371e-01,5.170149035864061160e-01,4.288135769384169294e-01,5.741927979417237315e-01,-1.518208948366719657e-01,4.125262635095709451e-01,6.285819931453089371e-01,4.913805274900334141e-01,7.518470873935101384e-01,7.927043029199176694e-01,3.095913575987094268e-01,3.069433692537026359e-01,6.684392996288963662e-01,7.622127981481561232e-01,9.896232069138461984e-01,4.052657833178839875e-01,5.133865613811275930e-01,4.992088352200608758e-01,6.987586141011007390e-01,4.072570404703524383e-01,8.652338829514498730e-01,5.533284235867670375e-01,9.552505946130359638e-01,6.417055253939731863e-01,8.326860146539269980e-01,5.412995542442371466e-01,1.149219530633912162e-01,8.617782126315093327e-01,4.171047329055574959e-01,5.329393464209768450e-01,6.231402299776466203e-01,1.168178260318584877e-01,7.138640507297969728e-01,6.176838511295305034e-01,8.185637068408405659e-01,6.136350642328907146e-01,7.790082064711271181e-01,9.294384121679806210e-01,5.669121392688664107e-01,5.570069221906946005e-02,5.707346285386711848e-01,5.344857495886117249e-01,6.301183393949522094e-01,1.343775361428448945e-01,6.660447459844833773e-01,6.342395944714971368e-01,4.416852016909205703e-01,-1.839647206122576040e-01,2.779294815009478170e-01,2.273329435005626009e-01,4.861849018046447424e-01,9.607497602313816998e-01,-1.245134796940305238e-01,4.438345906934891838e-01,5.086460987618491858e-01
9.811949810675700823e-01,7.482429788927766889e-01,8.338913976088014879e-01,6.862766120520458202e-01,7.543193181203364794e-01,3.328637571554835528e-01,9.919452503227247364e-01,0.000000000000000000e+00,4.536277204325571688e-01,7.604441389785649985e-01,7.345895009141810705e-01,5.148023546117614924e-01,7.592812179396345451e-01,9.609827364290526308e-01,6.248582171278229680e-01,5.497515133412299582e-01,9.860388501526865523e-01,8.097516026664961508e-01,3.004475052271457503e-01,7.895059239151954733e-01,8.901684981386956963e-01,6.074436247322573257e-01,7.228512645110002355e-01,4.946105274052998713e-01,6.187425497456484624e-01,1.026227730231224489e-01,9.757767996965612811e-01,6.255537157207282650e-01,3.030361457383539125e-01,5.095219702185888044e-01,6.946949352094584640e-01,5.717311475575704849e-01,4.522039479957915553e-01,6.266094273610011145e-01,6.913371910424837008e-01,9.693403835205767483e-02,4.147736844154051861e-01,5.648658610400554558e-02,9.553732308711094801e-01,5.766217732237493010e-01,2.569220349479988119e-01,6.973277240605035843e-01,9.997577199477334364e-01,8.267709487363233967e-01,6.018638518327790177e-01,7.048680307520017729e-01,2.506319728051114581e-01,4.554322719990696045e-01,4.092208859662914699e-01,4.852329679459405076e-01,6.201864793584933588e-01,6.919934504564201339e-01,7.452731081298087368e-01,7.800785821396760689e-01,9.731085976568805140e-01,7.625574171679532220e-01,7.935127443769066646e-01,7.067389130620829185e-01,5.423443372426275388e-01,4.966776137088245724e-01,4.648648865444107714e-01,7.020838515295243498e-01,9.990567652315192060e-01,8.928660042840095290e-01,9.055757148844699733e-01,4.238132120713623552e-01,6.408366236833062946e-01,8.625834703371565437e-01,5.667237680300430958e-01,5.032858216833313580e-01,7.216499562418013936e-01,6.428853319203600147e-01,6.187310423921069669e-01,4.710371700635175851e-01,5.632948017734535906e-01,7.616751215668752240e-01,4.624720136206402765e-01,7.838215960551020434e-01,3.603491531807830051e-02,3.745406699755431390e-01,4.277562621774609330e-01,6.438364440295428759e-01,6.761769062426524757e-01,6.201038170312659359e-01,7.968546131360070284e-01
8.728013440457615957e-01,7.692783736919517334e-01,8.468467821496528103e-01,6.131506289327705028e-01,9.924983284481229129e-01,9.502805089114390036e-01,8.079792476282103841e-01,4.536277204325571688e-01,0.000000000000000000e+00,2.799198554055910559e-01,7.703887551627264241e-01,7.356391100818028272e-01,8.908087579939264478e-01,5.290432983777682008e-02,7.065705733549660916e-01,6.353144877895056108e-01,8.310660214880288832e-01,7.447824897026098512e-01,2.244929176923234626e-01,8.579560695958953209e-01,9.008010536478007202e-01,6.213519524385919812e-01,4.501833778652246099e-01,9.451325329763735628e-01,2.627556529537904972e-01,7.014557226935809187e-01,9.257770227695540921e-01,4.178006154805603001e-01,7.272767791489865852e-01,2.781585950652665229e-01,2.130231682596617770e-01,3.848462179102408731e-01,6.331597308095683330e-01,8.094001846734746319e-01,7.919110775740231256e-01,9.127326132726633068e-01,2.028564376343733322e-02,2.679149544310303055e-01,3.839859416805170289e-01,6.506470529586994012e-01,5.341666279698803477e-01,6.105016058157199943e-01,9.720990651886569633e-01,8.918742047354444313e-01,7.945257040650560709e-01,7.710980691353430672e-01,8.338478554076502736e-01,5.688013991594158547e-01,4.156484582105848258e-01,6.370416546918613587e-01,2.006509458501697929e-01,6.901383329836598968e-01,9.417592208027896206e-01,6.254933049116031540e-01,9.603455771785092132e-01,6.580730374661667437e-01,7.410596451032560594e-01,8.564580758824569262e-01,8.022562716872644328e-01,9.425237559844432678e-01,7.844533638059694169e-01,8.100770366567719982e-01,7.731206416606408727e-01,4.771877772002920959e-01,9.297892240845118117e-01,7.391621028201811328e-01,5.429698268598197597e-01,6.997365269155692014e-01,9.793041436206908479e-01,8.703012782592030039e-01,9.684840734305804055e-01,3.034694189440661494e-01,5.730203874452861612e-01,6.466404707290567266e-01,8.432293477199941378e-01,7.726800564972500229e-01,8.235119570209389339e-01,5.535166214828506348e-01,4.250762603714148269e-01,3.680804660281903895e-01,9.455066266361527028e-01,8.915410207205501925e-01,8.508290852198064670e-04,1.631930423072718850e-01,8.045534069065491956e-01
8.861226095812428927e-01,6.900229422118274725e-01,8.792547066701653646e-01,6.522004556214406890e-01,9.676524613106936012e-01,8.089345428634484580e-01,3.633751599501509610e-01,7.604441389785649985e-01,2.799198554055910559e-01,0.000000000000000000e+00,6.141416477753618430e-01,8.895417219270959075e-01,6.085061787560049895e-01,4.799297955739603161e-01,9.301866383163320817e-01,9.690999172467393841e-01,4.417864380584652917e-01,6.176444205177247238e-01,6.872860896716593837e-01,7.984093831863521284e-01,6.620444354206915794e-01,8.890690115275092786e-01,6.853064428544675298e-03,8.190955210528774177e-01,9.032280094522370240e-01,5.861357757554175318e-01,9.225431335023953627e-01,9.558556242355542576e-01,1.164166771072252388e-01,7.629673594953829685e-01,5.005916809183574845e-01,5.865770384908997048e-01,4.967357774281083715e-01,5.983195041958214722e-01,7.070538178210853397e-01,4.848924794592580217e-03,4.973453963570153014e-01,5.408308339073459869e-01,8.772829402232525942e-01,7.999915291923458405e-01,4.246257262660882992e-01,5.314068805028172582e-01,5.494926217437902105e-01,7.443761850386840795e-01,8.667910735093432573e-01,5.834217293156297446e-01,7.821592456376569302e-01,8.456077536911643655e-01,7.062458142762421121e-01,6.695090318972606314e-01,7.200252153657654697e-01,8.889227866381952392e-01,4.294875728721951336e-01,9.955340488392211418e-01,6.744447066819263537e-01,2.263217286796562200e-01,9.510132448360383295e-01,9.165461080796533100e-01,2.802488196538935328e-01,9.145119080200473372e-01,7.823009382668868472e-01,3.484696700106422185e-01,7.977811636348967061e-01,8.939635826634818594e-01,7.254679514071218360e-01,4.296084626552000851e-01,9.461457907536734435e-01,9.465925141481604799e-01,9.548476281509614694e-01,6.297360524062154408e-01,9.474447936861620789e-01,8.958910154212237353e-01,6.187557633630212939e-01,2.424584608619115289e-01,3.160674284301514536e-01,6.673474003450863279e-01,8.579534820768842662e-01,2.372620018017939647e-01,4.153939734443814480e-01,2.773901227187463014e-01,5.407431479697170085e-01,6.507460477402891019e-01,5.065699802240622995e-01,4.588321285275363537e-01,4.738956138168334831e-01
4.520257390364334493e-01,6.764151017528182708e-01,8.989182104108915938e-01,7.259752648202486558e-01,7.960557359666253774e-01,9.289957042377162688e-01,7.484282453974756555e-01,7.345895009141810705e-01,7.703887551627264241e-01,6.141416477753618430e-01,0.000000000000000000e+00,2.204872179707701441e-01,6.269442603677598536e-01,6.381388297815820954e-01,6.815368067840461563e-01,7.308347916673820777e-01,8.745194244136410555e-01,6.537294340782286994e-01,8.383300764987609011e-01,9.996604926770131794e-01,8.026111716648803851e-01,7.381082097429922939e-01,9.802363121951598313e-01,8.878906637693430026e-01,9.565665480316203340e-01,8.759738808984954828e-01,9.495559967009179481e-01,6.546489500477958856e-01,7.177544431296777327e-01,4.955530832481640502e-01,7.789616811585157174e-01,7.784890561541640830e-01,9.510651572627301098e-01,6.132829381996599549e-01,1.981482907531209037e-01,7.314940969529168946e-01,5.508454303501387761e-01,5.457022376679280251e-01,8.521098479336839393e-01,9.772797764322398439e-01,6.351168840761972634e-01,6.204930689269294586e-01,7.785424467031616391e-01,6.808979552208835884e-01,9.772737360612274715e-01,6.946379335100062447e-01,6.709706005269322482e-01,2.346576557844758382e-01,6.751913406150092944e-01,6.310853478082422141e-01,2.157412674725828761e-01,4.082326374806166842e-03,9.692001145991480104e-01,7.930760629085690239e-01,6.709636229625508541e-01,8.666077376270704402e-01,3.845119406679220475e-02,7.787860543784657086e-01,7.772189402896271249e-01,5.338275768668823140e-01,1.412905558788285221e-01,8.560755068510461641e-01,5.042230265654539245e-01,8.960514326264920060e-01,8.991161392514146478e-01,7.570891288166505806e-01,6.076110126630550612e-01,6.631693233954060185e-01,6.309366933858696624e-01,7.347037351323776333e-01,8.052710783071506118e-01,7.471668652086091988e-01,3.606361289078833243e-01,5.487724093775815382e-01,9.891887481312511277e-01,7.037495676624974106e-01,7.652334809359006007e-01,5.737448980727717363e-01,4.001342782886463945e-01,7.439164252189456317e-02,9.184467630629246093e-01,9.772598327762761494e-01,8.741310929996387591e-01,7.559966226518215482e-01,8.166758492339251108e-01
6.419922686168830772e-01,2.430510278772634869e-01,9.170208950459391994e-01,7.503233236631012826e-02,8.139413575676613943e-01,5.460887432886721848e-01,6.303040341826821047e-01,5.148023546117614924e-01,7.356391100818028272e-01,8.895417219270959075e-01,2.204872179707701441e-01,0.000000000000000000e+00,5.218725744759048490e-01,9.087648246371616834e-01,7.907606304741987557e-01,4.617193870981806114e-01,8.428779566717937710e-01,7.591593834479922753e-01,7.945352036505854976e-01,9.078161494776446627e-01,8.882134587612749987e-01,5.604714894435141037e-01,8.050450494858295558e-01,9.096522594485915159e-01,5.638619851588217990e-01,8.505785001272471169e-01,8.773406191793209352e-01,7.489573334533854432e-01,4.531554879885363318e-01,3.565905938978386480e-01,4.964713722339844648e-02,6.272468511537102609e-01,5.922215662939078751e-01,3.710841571758808355e-01,2.959772603616200870e-01,5.779640416851128393e-01,3.476957922165037074e-01,7.625968999170950058e-01,9.358076825327483750e-01,3.364156168067355401e-01,4.918171840004539330e-01,6.166966072608931482e-01,8.175983463323995837e-01,5.851826087432067114e-01,8.278941589343046248e-01,9.311872620378232046e-01,2.476374027722028914e-01,9.914280039772034314e-01,5.200584530703659114e-01,2.112643263003745886e-01,9.928714030894419951e-01,4.121088637572737912e-01,5.338949818602234387e-01,9.223085333847197420e-01,9.211401901425353422e-01,6.080579168064833562e-01,7.531710414017728228e-01,8.738262962053495730e-01,5.187235103119663959e-01,1.513713756320040904e-01,7.014352384597962731e-01,6.984643951147713192e-01,6.254222876031736433e-01,8.653286574024218192e-01,7.425059339843462780e-01,9.156542568508042601e-01,6.973956453424594581e-01,8.846205402269191609e-01,8.699921531347306614e-01,9.286516961862573138e-01,4.255531001615923681e-01,5.336776037318577970e-01,7.886313498192986104e-01,5.129855225008803643e-01,4.163870366181391391e-01,4.499711812775001318e-01,6.295178434924870725e-01,5.290917652143751759e-01,6.536160588222414969e-01,4.298284805130279662e-01,9.682756242201195906e-01,5.725345129661740806e-01,8.525359567639232417e-01,9.551328505121639001e-01,5.485639118911680434e-01
6.739048041583503013e-01,3.765555115296146532e-02,7.707350588339089148e-01,8.523741674820648484e-01,9.583667548766494626e-01,6.421301465931350538e-01,4.042737111653440518e-01,7.592812179396345451e-01,8.908087579939264478e-01,6.085061787560049895e-01,6.269442603677598536e-01,5.218725744759048490e-01,0.000000000000000000e+00,9.008635743168462717e-01,9.173910973355097198e-01,7.426004577817196806e-01,9.177138156143875847e-01,5.462495910730232884e-01,8.595921189002452278e-01,8.694070249631007385e-01,9.147119450323641932e-01,6.139909007727718526e-01,6.515540054752834154e-01,6.922376221598236512e-01,4.763339016985029817e-01,6.821707676746875393e-01,7.234774956671169432e-01,4.814751184663527694e-01,7.509137475985473431e-01,5.369500404428277918e-01,6.287863585427742041e-01,9.449960904392020744e-01,5.793052909201631406e-01,9.804037595108974212e-01,9.618966448216665910e-01,5.746058764703811939e-01,4.822176161853009568e-01,5.281029842632853910e-01,4.797773866002177368e-01,9.807832796178043155e-01,2.376975125617948881e-01,9.593895314915865669e-01,6.037133910532255232e-01,8.625991863570156015e-01,9.108740121773341025e-01,8.136546096488244117e-01,9.024932643956458111e-01,9.985763557284774716e-01,2.410105458877812856e-01,6.846964822486503177e-01,4.570472294598552088e-01,9.839229913210894019e-01,8.394677484867634210e-01,6.420325347916663317e-01,4.769040122371797086e-01,9.967507078274649990e-01,6.866463920921369590e-01,7.626314872044978044e-01,6.914833498220217534e-01,7.994793853463217914e-01,3.692286166554236138e-01,6.792609183619170432e-01,9.151307792156875287e-01,8.402888240386348073e-01,8.585465655390553952e-01,5.378633148663940489e-01,5.536968548402041446e-01,4.944262172005873257e-01,9.814809414138604415e-01,7.314308876659076919e-01,5.261511618781270494e-01,6.581772198641322458e-01,7.111394279228737680e-01,3.554104942530857403e-01,7.870878993540751933e-01,4.424328896915183940e-01,8.115540330633629340e-01,6.654866437489511677e-01,2.705215967702523372e-01,6.418304805679411196e-01,9.411510182575104633e-01,8.722184208672989492e-01,9.576003494458467102e-01,7.704226272058727343e-01,8.360700561744881520e-01
9.777103683165980774e-01,4.853687319408968581e-01,8.720375428797073614e-01,9.615470687190218468e-01,9.954556067507206452e-01,1.133643562490701528e-01,6.853108625544375165e-01,9.609827364290526308e-01,5.290432983777682008e-02,4.799297955739603161e-01,6.381388297815820954e-01,9.087648246371616834e-01,9.008635743168462717e-01,0.000000000000000000e+00,7.833804500320605824e-01,3.405189313705196952e-01,6.622757163937154079e-01,9.859071087411057643e-01,8.588976458436575756e-01,9.083375986179023087e-01,8.740508224493298561e-01,6.671299978590644608e-01,8.887382361168132405e-01,4.352952866065197268e-01,9.576524057139002011e-01,9.365130905382009763e-01,6.498890409505132526e-01,5.140116172042152876e-01,7.511308887487202490e-01,5.117262629710989108e-01,4.836861632682620260e-01,4.969048617255551470e-01,4.366019480627443827e-01,6.560402625433308099e-01,8.199778487946166594e-01,4.738126058249131911e-01,6.562235376375352702e-01,8.212158052009643772e-01,9.127907805566385369e-01,8.502747259218006448e-01,4.954024781545224854e-01,9.511177682369230668e-01,7.169461361689611900e-01,6.496060940886305701e-01,8.897706780541140281e-01,7.008896391402266168e-01,9.091709413860266098e-01,6.771918422378104818e-01,6.514308917772363428e-01,8.487812319758634150e-01,8.784729980423596762e-01,6.653319381298097301e-01,1.026914653838271879e-01,8.063473019751522530e-01,9.676146469697186614e-01,5.867590895932416339e-01,9.027445900508020982e-01,5.119148388581383768e-01,8.370854475765912017e-01,4.850233675695498348e-01,1.897825024267825733e-01,6.905317936493764464e-01,3.900997006559966396e-01,6.855020617579143938e-01,8.020902271902564662e-01,5.522267395406471602e-01,9.206643471029619663e-01,8.861845136386464761e-01,7.043874848672813105e-01,5.489044777065177350e-02,7.383915106394254302e-01,8.684152396884832203e-01,5.849338221059741105e-01,5.335377811073247489e-01,2.737358759588497392e-01,1.116840388452501193e-01,3.886635028077826126e-01,9.100926613060694725e-01,5.083416500292278206e-01,3.218139137751097056e-01,8.067111832615687650e-01,9.838363915109070712e-01,7.668806836100112712e-01,6.049556841044126942e-01,9.102725052891038615e-01
8.156804498677825421e-01,6.537499881299039250e-01,6.190922662505223828e-01,6.106814728449020402e-01,9.633073128445359679e-01,8.507299657940409210e-01,2.237830958827538852e-01,6.248582171278229680e-01,7.065705733549660916e-01,9.301866383163320817e-01,6.815368067840461563e-01,7.907606304741987557e-01,9.173910973355097198e-01,7.833804500320605824e-01,0.000000000000000000e+00,2.780413464440108506e-01,8.443458857153497421e-01,4.867362689146847998e-01,6.973984375268768021e-01,7.309534086837925493e-01,6.374884560231915964e-01,6.986168478418190997e-01,7.679216911914186205e-01,6.241615627522586474e-01,5.947536484222966102e-01,7.778005440818194227e-01,8.861788767048794924e-01,9.839354432321011368e-01,5.248510817798550665e-01,7.409267283182430219e-01,1.783094379631532389e-01,5.513100498715105546e-01,3.804356297816453569e-01,6.553461656590860995e-01,3.876772576165776751e-01,3.879854400847629892e-01,4.286409668884473834e-01,7.384289610936247694e-01,9.808580422334481907e-01,8.417905130298579675e-01,7.774435557571017785e-01,6.691155020347313576e-01,5.978360199334495917e-01,6.375439836694435369e-01,7.048135471619492165e-01,4.332356828608963095e-01,7.423643861778344011e-01,5.088924149237682437e-01,5.866136369028314146e-01,4.882485721359789421e-01,7.837649404899623695e-01,7.845131345922018440e-01,5.381685495668703245e-01,9.199707316978710248e-01,2.177459171379851344e-01,8.832333170746418105e-01,5.583566435005598017e-01,6.319730653026399692e-01,6.577905260353256178e-01,7.926018488456172406e-01,7.806757088406223177e-01,6.793142851638230839e-01,6.997443890851885451e-01,7.220108891454272149e-01,9.339180230652537329e-01,3.600204647992809592e-01,9.190859075564707936e-01,9.028857056304532280e-01,1.383192055868924519e-01,8.672338913770472058e-01,6.029316708322326468e-01,7.936847320649746962e-01,7.241739484453448839e-01,6.481641758026636113e-01,7.516272916397586101e-01,9.688940296334578317e-01,8.211885379879360070e-01,4.765763079808021940e-01,6.918619858841073000e-01,4.221911316274598036e-01,6.632843651718300926e-01,8.175114033320012297e-01,7.587893012212266752e-01,3.522316555568111296e-01,3.405860504996641724e-01
7.242244895186784603e-01,2.054086057812311850e-01,8.737938358952735962e-01,4.806956683920341478e-01,9.804280619038736599e-01,7.050181559589738800e-01,6.281944664143334078e-01,5.497515133412299582e-01,6.353144877895056108e-01,9.690999172467393841e-01,7.308347916673820777e-01,4.617193870981806114e-01,7.426004577817196806e-01,3.405189313705196952e-01,2.780413464440108506e-01,0.000000000000000000e+00,8.496642358199330003e-01,7.268291238970010504e-01,8.626900633837981947e-02,7.664482465486254226e-01,8.795492646025119265e-01,8.329412331060530583e-01,2.307949403462858096e-01,7.625977260875385078e-01,6.898557260064895891e-01,6.601422647591479453e-01,4.428266273944968523e-01,8.245905874267155378e-01,7.145511866561081726e-01,4.163605426768464679e-01,2.892147613930608485e-01,4.859244197464205883e-01,4.400286926770379248e-01,5.683026435239353358e-01,8.271311464870448882e-01,6.538271584910411161e-01,8.815825584364385403e-02,9.930499464963633560e-01,3.620780557415110845e-01,9.305550905904584891e-01,2.152069252211759320e-01,7.456565030682039685e-01,9.217447002113692278e-01,7.432732915497679560e-01,6.161158686521223116e-01,8.089581464805938316e-01,4.633202308510865342e-01,8.684994694771462909e-01,2.365789696137352016e-01,8.821842953475081961e-01,2.788123188131039765e-01,8.746782746850431112e-01,8.246250697854903278e-01,9.072956807861315420e-01,7.095464013559138472e-01,6.558548286090432056e-01,5.296452624519749630e-01,7.027857504820058665e-01,8.967941964261469945e-01,3.651031060122513633e-02,3.331354043998828729e-01,6.376067017676028126e-01,5.137247238740304534e-01,5.654851725717081612e-01,8.749353992420123571e-01,9.253849883738247684e-01,8.132451678818457541e-01,9.539279553607619144e-01,7.573683815892300331e-01,4.077768511297699128e-01,7.995338951715453835e-01,9.763326611617202389e-01,4.877129605352490405e-01,5.788240851477823856e-01,7.508694491105533109e-01,7.297318454834383905e-01,9.559665068903335783e-01,7.061724219354013066e-01,7.251943398073245062e-01,4.515872502046597847e-01,7.293113281395551262e-01,5.295504242850543886e-01,9.449911472115584132e-01,6.959297106609414474e-01,9.637342429937163502e-01
-2.968484145560169596e-01,6.953972805969951265e-01,6.004995270319873901e-01,8.845003917774589830e-01,3.489743502062105929e-01,6.869953301742923735e-01,8.689220207620551584e-01,9.860388501526865523e-01,8.310660214880288832e-01,4.417864380584652917e-01,8.745194244136410555e-01,8.428779566717937710e-01,9.177138156143875847e-01,6.622757163937154079e-01,8.443458857153497421e-01,8.496642358199330003e-01,0.000000000000000000e+00,3.320811690787867088e-01,2.385876335425088646e-01,4.897933440955549722e-01,9.021296136392468190e-01,7.830983015090554611e-01,8.840970565553654126e-01,9.509969231452299887e-01,7.483181501595803642e-01,6.108431235539791837e-01,6.452433130739657630e-01,6.735790667608316795e-01,4.583114552819228527e-01,4.953953766270396963e-01,2.323390684647269888e-01,7.299168531986666153e-01,3.511544366470451539e-01,4.182426167385310256e-01,7.418455417795948303e-01,3.244925662298185909e-01,1.194154633619571304e-01,7.008304533520511859e-01,9.285421686602168823e-01,9.495947718921864400e-01,7.086461477210439508e-01,5.337969932969210962e-01,8.246137272516427252e-01,7.508170827340678866e-01,9.637344318658289666e-01,6.132514339898730293e-01,9.175848560023847078e-01,8.799493654478315330e-01,1.156055037095071181e-01,8.407498997752105296e-01,6.101817762123427080e-01,6.520202528752682136e-01,8.023543367814821581e-01,3.009854604028527891e-01,9.644824861946041938e-01,9.552922565136274802e-01,7.742311806323044499e-01,7.627258609637798115e-01,3.390077208067026060e-01,6.041103979984230321e-01,1.902764243607615313e-01,8.510396281823301434e-01,6.430847632715067652e-01,8.700382688927248420e-01,5.203480302728998863e-01,7.282656408789551783e-01,-1.041292214220340684e-02,4.605588435144485904e-01,8.466067389102807095e-01,3.892076217149853523e-01,9.549058052533504481e-01,9.368548075168764422e-01,7.706173531853157677e-01,6.692710247605294649e-01,5.648894219868957345e-01,8.342094054823310234e-01,9.622292973727502030e-01,7.818953841837056329e-01,1.695376731710421248e-01,3.709484213214631065e-01,9.906334441210600250e-01,9.673822557759195195e-01,8.538863540866420410e-01,9.283264237496362536e-01,7.873763101319020130e-01
9.861529307127052668e-01,7.252729475700994133e-01,5.477994250982797242e-01,9.291254091502518797e-01,8.551550112102955792e-01,7.726706479510139225e-01,5.587080259543407701e-01,8.097516026664961508e-01,7.447824897026098512e-01,6.176444205177247238e-01,6.537294340782286994e-01,7.591593834479922753e-01,5.462495910730232884e-01,9.859071087411057643e-01,4.867362689146847998e-01,7.268291238970010504e-01,3.320811690787867088e-01,0.000000000000000000e+00,7.937324922224033852e-01,5.526825730660409747e-02,9.025033652326074352e-01,3.739401530366138204e-01,8.879195889793597418e-01,8.331522895046724608e-01,3.597637248133126464e-01,8.592219340370415015e-01,6.182236095691652222e-01,9.477226481354321663e-01,2.388692436337509495e-01,8.380095912023092231e-01,2.010228609986456083e-01,5.675298972905115091e-01,8.380941229534772940e-01,6.839999979027582278e-01,5.076908143226244174e-01,7.718948487998666952e-01,2.701744466386866161e-01,9.063251673362818783e-01,9.030177186507276632e-01,8.864196308316746320e-01,4.461198912544953044e-01,3.935710936104164052e-03,2.692289757849649634e-01,9.126962513896645923e-01,9.952583520472475520e-01,8.951316516005441981e-01,9.031663393339868229e-01,7.210561146125645804e-01,5.550671858191034147e-01,2.487187869005713647e-01,2.864932466281782109e-01,8.930808219601097386e-01,7.961252885333631735e-01,6.611161980256810011e-01,6.253283558423358146e-01,5.035704855615800168e-01,5.604325998776984452e-01,8.457317657041358849e-01,5.998300027694858372e-01,2.578706235768267740e-01,5.251558383112414630e-01,7.488644104222045295e-01,5.918882036464816476e-01,8.392654893162222463e-01,8.025967369157707143e-01,7.525918413819733255e-01,7.282197317956583538e-01,9.587809730866613256e-01,8.734301230325577370e-01,5.312331629077501338e-01,4.903659493631526978e-01,9.634302052342070821e-01,4.830311177016140545e-01,3.801698149648040648e-01,6.362727553396470004e-01,6.642361283283299001e-01,6.434427784765304192e-01,1.932656945927068437e-01,4.045280031114155128e-01,6.718674038907415103e-01,5.944366474048781157e-01,8.170146029186430292e-01,5.931377477588177793e-01,3.159253133843094030e-01,7.794790401846058980e-01
