0.000000000000000000e+00,8.631915425929866936e-01,7.627335072808389960e-01,7.654444717935026121e-01,9.051525915902350894e-01,9.517501997303889905e-01,2.723515041842325402e-01,6.066171007219323119e-01,6.431708328517257156e-01,9.428255944750021378e-01,2.615240434540235803e-01,9.657160844700805047e-01,9.067021218338809918e-01,9.449878147326979949e-01,8.404059545296906908e-01,9.619525725588224940e-01,8.598119240257237061e-01,8.380022779110998243e-01,8.538307905051065738e-01,2.382841843919769609e-01,7.072745406632968690e-01,8.748741469240548518e-01,3.990892634714612308e-01,6.258205005793504583e-01,6.915863593278647192e-01,-1.128011484812296156e-01,-1.668813902119262449e-01,6.859560327729710139e-01,7.849903325573167612e-01,4.692904691899753566e-01,1.012996918655644091e-01,8.867867997675357161e-01,2.607643290140655989e-01,9.506532323627451264e-01,8.073474573551434608e-01,4.724810499466068348e-01,3.010063206346823561e-01,8.706958755100961955e-01,5.867282751678726260e-01,9.446927163452500942e-01,5.088180649613569528e-01,6.207202851558877299e-01,6.343612305001807838e-01,8.626275083874612726e-01,6.794086904443576991e-01,9.138398981632350759e-01,7.028729457379996326e-01,6.743024023911013964e-01,7.462858132416836376e-01,7.674382302221955943e-01,8.124492031228025546e-01,9.412470941954471648e-01,7.060570835646995391e-01,2.244315062529798344e-01,8.993907860586450864e-01,9.039588590657873235e-01,9.753412652647852621e-01,8.263625894843906750e-01,8.811071654070867787e-01,5.127518004468120116e-01,5.932521394313002849e-01,4.026945218369085699e-01,6.459070284799213191e-01,6.505971860493922065e-01,9.696005106150922259e-01,6.636072515592484899e-01,8.468656843315407468e-01,9.728053351903811485e-01,9.351267720829110619e-01,6.910893896897191135e-01,9.651963595222022851e-01,9.694013865340357361e-01,-2.678339239582063769e-01,7.161111454965892742e-01,6.337269650450820802e-01,8.291690108777037826e-01,7.567163923092711242e-01,6.956962912403613641e-01,5.172232493764716832e-01,5.043905834464844640e-01,9.164743692983341461e-01,8.289767703167842949e-01,7.510003629649004697e-01,1.275249133072309249e-01,6.612122433044501646e-01
8.631915425929866936e-01,0.000000000000000000e+00,5.471158647400984343e-01,5.848243248241349335e-01,7.318132467898947890e-01,8.186962410195516293e-01,7.283856153690106972e-01,7.064227039468073954e-01,5.663855213225907903e-01,4.131438531968144035e-01,7.586575618296526047e-01,4.656702687661412599e-01,4.694202978872879517e-01,8.010848441291230637e-01,7.582204176694111730e-01,6.510514121034985946e-01,7.399022732750035747e-01,9.960529571953585792e-01,6.542967490999187508e-01,7.329909572389801120e-01,7.501358734084819790e-01,6.701118706196240726e-01,3.486088404305631716e-01,9.874558305189869989e-01,5.232825183831912863e-01,6.974617163763089378e-01,8.115988693586535518e-01,8.050964133427211955e-01,3.178566032968929145e-01,3.401769230445681608e-02,2.846244933957264300e-01,3.955179206814838366e-01,6.522083299135381651e-01,5.827066817499326756e-01,4.535196661394774731e-01,5.182787195397567936e-01,2.958880338110179142e-01,3.651782330412175481e-01,7.935371908299622135e-01,7.046119090142389796e-01,5.534707402164534829e-01,7.999355834771255669e-01,9.882884887112155514e-01,7.047537779696959603e-01,9.054998553501328873e-01,8.884887448306043600e-01,4.152241094603534854e-01,7.753874511402356617e-01,3.147589290387765582e-01,6.992824867038863745e-01,9.020584216038467495e-01,8.603605086652781342e-01,8.811002241081105080e-01,9.191775681145819554e-01,9.921637394876663407e-01,9.254236323897152561e-01,7.459843302464489456e-01,6.362753098562083931e-01,8.640964788493442628e-01,1.720078253352894659e-01,6.287653929716969792e-01,6.366863736235702786e-01,9.951475220503731567e-01,8.886096313880564868e-01,6.967935039215125137e-01,9.605088878549453701e-01,6.817394342912151961e-01,8.648320556606706733e-01,7.317892467057108830e-01,8.477464275976023256e-01,9.605650244413966865e-01,1.206681396012363738e-01,8.900670838146854669e-01,6.677808433044148950e-01,7.831300320921632530e-01,9.518929386785873747e-01,8.041429878922127239e-01,7.556252090244059971e-01,4.946243065144173001e-01,2.577614233071435224e-01,7.806442979795449322e-01,6.255027848086255338e-01,6.690782784155748786e-01,2.593897553478627938e-01,7.134169188753159974e-01
7.627335072808389960e-01,5.471158647400984343e-01,0.000000000000000000e+00,8.925409584228947146e-01,5.901234984669549988e-01,8.137768708545566332e-01,8.091521433853535727e-01,9.385053254470715478e-01,8.771643123960078947e-01,5.199656586029077765e-01,2.754378885781656461e-01,7.476178831044809625e-01,7.532211863083456693e-01,8.282654092652297351e-01,8.367007694276302754e-01,6.444344005340325587e-01,8.986049316517935592e-01,8.633836743608098718e-01,8.472496143924902468e-01,8.249271854636851531e-01,7.897282132285371459e-01,6.410036727982790783e-01,9.632967191648573735e-01,8.277203039955980390e-01,8.970431735663926265e-01,6.089257539345062087e-01,7.928001483868920563e-01,5.746971551908256481e-01,9.624204930443417405e-01,6.392778427185444867e-01,4.122466869340541962e-01,8.973238647794509193e-01,8.009765679054584586e-01,3.378157733698019388e-02,9.197089597029532992e-01,4.645986539142163974e-01,2.146425969987662136e-02,9.692646919427698737e-01,5.043799325403159894e-01,9.984079106953178684e-01,3.609443740392966893e-01,9.644816353123510932e-01,7.646499980945862252e-01,2.209358778030804382e-01,8.129773764334535802e-01,7.910029796869771923e-01,7.984546780276995381e-01,5.785648618273507848e-01,8.733794134031170886e-01,7.246188883293851468e-01,6.104574315946393881e-01,8.492212031759960311e-01,7.004157626750943111e-01,8.589551497017601234e-01,8.525368456009689844e-01,4.130562838299987605e-01,6.757572030232172899e-01,6.661745047171044876e-01,9.364614778737396783e-01,5.655413698962332703e-01,4.749868319600794586e-01,7.428100229440561808e-01,7.262116214043231599e-01,7.360452597194465651e-01,5.617169443292698849e-01,9.872992827288098461e-01,6.170659476858257886e-01,6.557106879799931010e-01,6.335871625404074781e-01,8.436433864580261677e-01,8.642329035042481955e-01,6.573693795648576366e-01,2.880464808422574796e-01,4.158134120370604037e-01,9.244062307539437917e-01,6.656117065795288390e-01,7.851897042966134999e-01,9.123860145513211783e-01,3.206766532348264143e-01,8.954167123325150468e-02,2.529900151959180166e-01,2.386545197419145947e-01,7.412844382107225405e-01,8.908025281538405338e-01,8.925932381684933414e-01
7.654444717935026121e-01,5.848243248241349335e-01,8.925409584228947146e-01,0.000000000000000000e+00,4.215655194641726444e-01,7.860194362510726229e-01,6.002571136000797170e-01,9.850652114902093137e-01,7.751943508231704527e-01,6.578065753046665742e-01,9.258813388455927607e-01,6.101243683449466548e-01,6.895980274261551690e-01,5.442172145317989429e-01,2.579504218594423914e-01,8.867075992257362760e-01,2.843578338259306060e-01,8.712299671254128963e-01,6.290511704248572533e-01,7.123830951499983133e-01,6.418431819085546053e-01,4.430356144838409338e-01,8.966552781027089525e-01,8.080121418485266549e-01,4.763138232250904158e-01,7.967495459028899329e-01,7.970829027398727007e-01,6.661066064524525654e-01,4.558917531430922154e-01,6.976995794486915425e-01,6.972655915843317675e-02,4.276785204996258472e-01,7.774721542439666511e-01,8.877559324281165676e-01,5.414236698415537674e-01,8.962462878503321129e-01,3.135932150287706888e-01,9.297047290489659499e-01,6.477441374621777381e-01,5.402094326198286778e-01,3.731118266750108603e-01,8.016792533762874262e-01,7.238241975052693844e-01,8.567830102855140684e-01,9.704007105066929650e-01,8.806819889640882248e-01,5.878019933984879319e-01,8.208684849565760500e-01,6.002215866638610509e-01,1.124629304702581267e-01,6.507840319547287811e-01,8.931578575803233999e-01,9.098927793391348162e-01,7.511626797949046974e-01,4.445200718415326380e-01,9.993990101476144527e-01,8.342041135430954268e-01,9.728935265615450412e-01,7.031062224889457202e-01,6.976623939826395171e-01,6.727047573025438654e-01,7.979296524881906993e-01,9.332873071432028489e-01,6.664339875712385064e-01,9.244695238798924519e-01,7.290573766035320924e-01,8.330283641079869739e-01,8.177358891127465279e-01,7.288602594998754292e-01,8.742050933133843627e-01,3.501573185801631904e-01,8.102154999916636458e-01,3.182574398844981722e-01,5.638004799675646606e-01,3.991215731911065268e-01,9.870499315019469755e-01,6.604657810156603359e-01,4.512769031771639572e-01,5.045760209150330633e-01,6.494900423927503219e-01,4.803506700465878243e-01,4.064094322345502830e-01,9.085408005697438449e-01,4.591816882262774180e-01,8.315814879730415443e-01
9.051525915902350894e-01,7.318132467898947890e-01,5.901234984669549988e-01,4.215655194641726444e-01,0.000000000000000000e+00,7.323954195812474310e-01,7.105130515958479887e-01,7.715983161752973940e-01,7.298884381933782306e-01,9.325411433516924697e-01,5.324412661435244942e-01,7.371862053598371434e-01,6.281277461985466104e-01,5.781789683622200471e-01,4.287748750026250111e-01,7.730444072222558693e-01,-1.557500176315222140e-01,4.113598691149181197e-01,3.126594668697418866e-01,8.629621012197491448e-01,6.615146946040941778e-01,8.315057769127288667e-01,8.098839187581484689e-01,8.616599469036342329e-01,9.655003527997938484e-01,7.123269657317198300e-01,7.228707940556163836e-01,4.152525417270374053e-01,7.097969259620147131e-01,9.146887596137176502e-01,2.065393957437517414e-01,6.971050645452011585e-01,7.242087709157940534e-01,5.682174469164260611e-01,1.578491963997334657e-01,3.424226707949150073e-01,3.094051468452039266e-01,5.030539206176004585e-01,8.147186049239635297e-01,8.760644221625618622e-02,3.603124481378301436e-01,4.125362614938922756e-01,8.695657202679009101e-01,1.661911883468259465e-01,8.886166724607017509e-01,6.192927870136534230e-01,6.709086202328519155e-01,9.160218602959975254e-01,5.496009110421185007e-01,7.146637313162621519e-01,4.256292492447947828e-01,4.975535554855779474e-01,3.936699426403164059e-01,8.307409383955913773e-01,6.952148530226734957e-01,9.065619425164392897e-01,7.473261168524405473e-01,4.295379150528052525e-01,7.709244571130160484e-01,5.278272784580981813e-01,5.950032889322272034e-01,9.408261048121387971e-01,6.715229473631065815e-01,4.866536898687847668e-01,6.350680288374133120e-01,9.369906616270220479e-01,7.214800944864709908e-01,8.272770954323140913e-01,4.070752737588206327e-01,7.190102706115946152e-01,6.834896233034144508e-01,7.541104199491176496e-01,5.457717165850182184e-01,6.138569434541802927e-01,2.328210043985277089e-01,9.651498106433045177e-01,4.564711184182628223e-01,7.331142287764180754e-01,3.571984484780479224e-02,-3.703508804606545080e-01,4.800134522456198094e-01,8.667362225768439066e-01,6.160033883263632548e-01,6.270228734464508014e-01,6.042039372610228387e-01
9.517501997303889905e-01,8.186962410195516293e-01,8.137768708545566332e-01,7.860194362510726229e-01,7.323954195812474310e-01,0.000000000000000000e+00,7.874538353830375925e-01,4.279288137373171708e-01,6.766649136590805469e-01,2.883852864303725894e-01,7.212718159367301762e-01,6.306083879750838950e-01,8.579259733817167222e-01,9.519942062932307270e-01,9.527007136686284072e-01,6.745301825454516065e-01,7.708781633353540830e-01,6.086666508106399753e-01,2.993262119877555527e-01,5.851963289105259758e-01,9.859479823609245130e-01,4.664430409615522577e-01,7.809915763112548204e-01,7.211941041017417842e-01,6.530345719988743802e-01,7.745417337761495435e-01,3.746704019389477391e-01,2.106956105716178973e-01,2.612033053507792912e-01,4.094358297890269283e-01,6.160160212314923500e-01,7.223074965933683478e-01,7.729717274825813611e-01,3.381857314146203275e-01,3.658458010424328055e-01,7.574680111766207702e-01,5.364492229214141705e-01,4.623337535193439152e-01,6.400112223204085238e-01,9.308186644817160182e-01,5.772612095109995733e-01,4.150411255596254123e-01,7.459465911716591791e-01,9.901996371392998153e-01,7.258829947930182103e-01,5.552416924405961796e-01,9.448668642469170154e-01,5.120336617851850569e-02,7.557912716834914724e-01,6.798074953845514301e-01,9.556176444369682832e-01,9.282708431421957673e-01,1.720655448826877709e-01,9.147419678938240040e-01,6.174999647181278473e-01,6.872845211803154664e-01,7.917840529272319738e-01,8.083722574617592249e-01,9.863528808295842776e-01,4.478262635550900317e-01,7.115522287052815642e-01,9.473730696900843906e-01,8.642009239249396346e-01,5.075839458477057198e-01,7.795997059048629385e-01,5.054167867357668431e-01,8.006446610499603489e-01,1.207991052392966974e-01,9.728345386043348864e-01,7.860373675979513974e-01,4.682842124835923103e-01,7.253774962487073985e-01,7.446476525063336904e-01,5.237538994574975071e-01,8.191853920888160223e-01,1.348649160295607163e-01,2.023566161036522704e-01,6.461598012968906568e-01,4.530309728820575144e-01,2.623427568583415193e-01,6.708948623478738771e-01,6.217856832026784630e-01,9.576728962736085204e-01,9.158954652504858185e-02,8.870594908208171425e-01
2.723515041842325402e-01,7.283856153690106972e-01,8.091521433853535727e-01,6.002571136000797170e-01,7.105130515958479887e-01,7.874538353830375925e-01,0.000000000000000000e+00,3.805582737988618680e-01,8.193471386666273393e-01,4.370192417345304947e-01,5.985106650116123195e-02,5.993796452521971130e-01,2.895071104899279435e-01,4.033584385641161285e-01,5.797477020600645403e-01,6.979040174092059345e-01,9.607677196422290677e-01,6.792296372644812674e-01,2.860246715487672620e-01,6.386004407367035229e-01,6.578680859696270922e-01,5.154955355442067955e-01,7.026437336979408643e-01,6.587946750801800810e-01,9.471975535786113509e-01,-1.138022015395921682e-01,4.976967907051246809e-01,4.400229441144149489e-01,7.874167359426713642e-01,4.263894362202914068e-01,7.904606670488925069e-01,2.843553769943623077e-01,6.971041908798797371e-01,4.174870220922194397e-01,9.437418847420627754e-01,3.564219280866285505e-02,1.797620991807218349e-01,4.921453305670435152e-01,5.496825966298386490e-01,5.082885479391892058e-01,6.403023598142181250e-01,9.211370672751878486e-01,6.283887423069874911e-01,7.732886547431399027e-01,8.465994930581990374e-01,7.935249671166342278e-01,7.147861106217435756e-01,8.183488872582560525e-01,7.326018671390490677e-01,5.277867468053177857e-01,2.469141279983370074e-01,9.612297972038211791e-01,5.344049464751725598e-01,3.002462621020896560e-01,4.059923404931518043e-01,3.518918364526535392e-01,6.327292370980923675e-01,4.330314819881470045e-01,8.529877689191485146e-01,4.841493050939430498e-01,6.167355846030009303e-01,2.180935298141091494e-01,7.236556144035778404e-01,8.607931005526667789e-01,9.043407138788819299e-01,5.864105277578077757e-01,9.928969381303984765e-01,7.419671311823237136e-01,6.708334407457428039e-01,7.829116996290885755e-01,5.728169871050720063e-01,5.784363853650122955e-01,6.761837760453126567e-01,5.467227388699124058e-01,1.335067037558778924e-01,6.554652559613951546e-01,4.260821206588923382e-01,4.393388901227704979e-01,4.365832870700531165e-01,2.610022769289700451e-01,4.243017452050142913e-01,6.166781791537881974e-01,3.739099898532431965e-01,6.199707185352251182e-01,7.850838892447010720e-01
6.066171007219323119e-01,7.064227039468073954e-01,9.385053254470715478e-01,9.850652114902093137e-01,7.715983161752973940e-01,4.279288137373171708e-01,3.805582737988618680e-01,0.000000000000000000e+00,5.511239695601094501e-01,6.432983897912492033e-01,6.204301475553335443e-01,2.537225728591136487e-01,9.651413768374771385e-01,8.996168787696794400e-01,7.905664319623745273e-01,9.480990747255848561e-01,7.116197331564707573e-01,7.547346660169603760e-01,5.236923389151704189e-01,9.955423826638996054e-01,8.927975085678389044e-01,6.999403594011185392e-01,1.356002362058452704e-01,8.769148156466073374e-01,6.852195442141100212e-01,2.162122323161896897e-01,3.608153053037412850e-01,6.127637425402413518e-01,2.632479364256875565e-01,6.016551780852124054e-01,7.864705513223946287e-01,6.555620380629206823e-01,5.467310676653943657e-01,5.551139721966386054e-01,7.645926308489467971e-01,2.486639430228100023e-01,7.173497951127085770e-01,1.345548839047084611e-01,7.537923248763921391e-01,5.316153395955707239e-01,6.298364161331754252e-01,7.051533209401359414e-01,4.463168723059884324e-01,8.785474899550838046e-01,9.819896867750932401e-01,7.408984045537994056e-01,6.381678306124330957e-01,6.290340070921081050e-01,3.521327175839743528e-01,6.330843866983646429e-01,2.503323108782812279e-01,6.845593609589868400e-01,9.941857958054418631e-01,8.260486618548423809e-01,9.674360926554054219e-01,4.827208931544939574e-01,9.303791091247621825e-01,8.179687105523469892e-01,5.050816993004723088e-01,2.681727288503530371e-01,2.259892588950198067e-01,7.363358292079801304e-01,7.611561476945736260e-01,6.593662424184957294e-01,8.397886124409716935e-01,7.072047619925236894e-01,8.439303698994641278e-01,7.997609146838656757e-01,7.263954973608687249e-01,5.115437245167979707e-01,5.614063511882531055e-01,5.781130409948054272e-01,9.046947614060655285e-01,7.774890669501445251e-01,7.670394867216803192e-01,6.553358671591874574e-01,5.034916220411222998e-01,9.631589984982994457e-01,4.559425921996647091e-01,2.332185877568116461e-01,7.009628429986854981e-01,6.719564462667789728e-01,6.148998518219856990e-01,7.728199321865407700e-01,6.877658610236325742e-01
6.431708328517257156e-01,5.663855213225907903e-01,8.771643123960078947e-01,7.751943508231704527e-01,7.298884381933782306e-01,6.766649136590805469e-01,8.193471386666273393e-01,5.511239695601094501e-01,0.000000000000000000e+00,9.839410869680571547e-01,4.497351829226651776e-01,8.025137448580870192e-01,3.271599936348218995e-01,6.934994481279311840e-01,6.078654950498422194e-01,6.534477220176111434e-01,6.574380915484139276e-01,8.743784731513033481e-01,7.221439548334751546e-01,7.815008593417844818e-01,6.631361609335623131e-01,9.573148229968806433e-01,9.022393036182265735e-01,9.562073547119981365e-01,7.841471370761303739e-01,6.770746646683045711e-01,5.495814265762684059e-01,6.902580598385296140e-01,4.114054293452975020e-01,4.552012091799891302e-01,3.383503438505188754e-01,5.738559938243770198e-01,2.678661996966457681e-01,3.699967777819892500e-01,6.072125444924265647e-01,2.229772086869293013e-02,2.498768398115439049e-01,8.386223966252454032e-01,8.171012322257356075e-01,6.987391757900933698e-01,4.088681810938371575e-01,4.515762872096880653e-01,5.966448104586210555e-01,3.226938039383904777e-01,9.463223425609152972e-01,8.964232996956226218e-01,8.035015033482584279e-01,4.101540501160683139e-01,4.121949654696708820e-01,3.970810356812288777e-01,8.428317019677078470e-01,6.847696664854161508e-01,9.275994919055489119e-01,7.334352062632584213e-01,1.092592494570229777e-01,6.493645761817488093e-01,3.199523943239360180e-01,8.356224620962704464e-01,9.638593538263745542e-01,4.019148788510841230e-01,4.297922995557865722e-01,5.968010446935784197e-01,8.162197830673980636e-01,9.918500241565076925e-01,6.824975153765373559e-01,3.527620646985615838e-01,2.946338486085252617e-01,9.689606766314524666e-01,6.200837691419210929e-01,4.200440517687637487e-01,9.391564024678887845e-01,5.349613896244185263e-01,7.066106106994549663e-01,7.960446540156093098e-01,4.651852053199164727e-01,6.523708791521172223e-01,6.540294679540913370e-01,6.985671880422369417e-01,7.230086006591538439e-01,5.454037119390212629e-01,4.390298384761884831e-01,6.933455492640465678e-01,8.599395348471764455e-01,4.756397842791801889e-01,6.844323742194002858e-01
9.428255944750021378e-01,4.131438531968144035e-01,5.199656586029077765e-01,6.578065753046665742e-01,9.325411433516924697e-01,2.883852864303725894e-01,4.370192417345304947e-01,6.432983897912492033e-01,9.839410869680571547e-01,0.000000000000000000e+00,7.967241440464372104e-01,7.445834018916729358e-01,6.091007529617790128e-01,5.374997842690758532e-01,5.256239828944500037e-01,1.582809038225906906e-01,3.770259356404599416e-01,6.821822376516284425e-01,8.136346986980559359e-01,4.349078619100175680e-01,6.887147798735188120e-01,6.355526948007480526e-01,5.094646910104674298e-01,6.746503935450710587e-01,9.444797327728140512e-01,9.394051181083771240e-01,8.747582915480930366e-01,7.198276746877577681e-01,7.772018147638890539e-01,7.313371750423337536e-01,1.645592275387420256e-01,2.311730725706053757e-01,7.408494275300705478e-01,6.165210154783894447e-01,7.569924518495727561e-01,5.307557167906707951e-01,7.879559910793512145e-01,7.498443838044750454e-01,6.251021926365341042e-01,5.454630034402211392e-01,4.732282316338783379e-01,5.026824013514058498e-01,6.520445201058779894e-01,4.989493741449004260e-01,9.248984751695978890e-01,9.665808594752326455e-01,7.570084887258498041e-01,7.989268847057433565e-01,4.189891450835570019e-01,5.240721417617290045e-01,5.840984328274705373e-01,8.257138156428465159e-01,8.258768961751806748e-01,-2.530884736715796612e-02,6.065964090508844109e-01,7.295327344807491787e-01,6.568514607675051131e-01,7.352402327632867607e-01,6.440455841425243300e-01,7.161877823353109129e-02,9.709543084482362418e-02,7.300633603335081601e-01,2.034075947871115120e-01,7.155877557465841754e-01,7.822118518218548200e-01,5.333948608472431907e-01,7.561132505769512235e-01,7.482553470313728639e-01,3.991141482728336465e-01,6.393304929027974204e-01,8.634573627878459057e-01,9.417797595271579780e-01,4.289095174446375669e-01,4.202667392605677898e-01,5.179821214499441551e-01,7.522400231721659836e-01,8.764288833862303729e-01,5.326374933194393257e-01,4.910200205043041000e-01,4.929381219187481400e-01,3.081762091958075711e-01,7.800718709534387729e-01,5.323311333060574135e-01,3.875738325119419958e-01,4.848373764298598565e-01
2.615240434540235803e-01,7.586575618296526047e-01,2.754378885781656461e-01,9.258813388455927607e-01,5.324412661435244942e-01,7.212718159367301762e-01,5.985106650116123195e-02,6.204301475553335443e-01,4.497351829226651776e-01,7.967241440464372104e-01,0.000000000000000000e+00,5.416518934082448222e-01,1.434978159638600204e-01,3.181651971449735994e-01,7.223409905030182543e-01,9.394930811798346548e-01,7.511320573532838107e-01,9.304936819611532295e-01,2.519736103582607134e-01,9.822808462556633646e-01,6.953513111518785372e-01,2.470366630296638444e-01,3.301567475806329588e-01,6.741786156084527137e-01,6.649293455589073698e-01,7.761954804593114154e-01,6.112052226344235617e-01,7.599518093469488367e-01,6.879302289841959794e-01,5.951370263272193206e-01,4.255412349177553066e-01,4.393983981202966849e-01,4.223865492781624931e-01,8.226273985543921530e-01,9.482952171083283144e-01,5.854617056666221453e-01,3.195891964506404337e-01,4.873829352016638694e-01,9.208231734733300922e-01,9.760724503915574335e-01,4.096142475630334401e-01,8.314240618280335227e-01,2.521194219610685405e-02,6.245065800790242649e-01,5.002143346128939960e-01,6.544456226204693472e-01,7.862126455114564205e-01,7.902815169096899517e-01,4.434536726410885921e-01,4.597311302161371516e-01,6.741323019410978556e-01,5.960061236278816343e-01,4.502550646135928258e-01,6.904484564879465047e-01,8.516012413425758654e-01,9.449735717294470705e-01,7.156463365199309257e-01,7.589218794892449438e-01,7.738534885033788724e-01,7.700865879556786364e-01,3.298389564571413413e-01,7.166822347817510819e-01,7.570315004433882944e-01,9.230707475486216174e-01,6.751297196824073144e-01,9.061275601049106898e-01,6.039776871833992811e-01,8.005227115022460760e-01,4.991536143340802312e-01,7.424583719455178921e-01,6.868786036331011591e-01,5.889869162675218650e-01,2.679010792499253446e-01,2.885165879766588559e-01,7.800521881340121144e-01,7.824236079792079579e-01,8.593796040748260534e-01,6.346076667917937009e-01,4.620890039161470453e-01,4.075723370931275125e-01,6.996572154228609675e-01,6.080938869637612099e-01,8.744075611704394957e-01,6.232524468624717207e-01,7.050938377703219739e-01
9.657160844700805047e-01,4.656702687661412599e-01,7.476178831044809625e-01,6.101243683449466548e-01,7.371862053598371434e-01,6.306083879750838950e-01,5.993796452521971130e-01,2.537225728591136487e-01,8.025137448580870192e-01,7.445834018916729358e-01,5.416518934082448222e-01,0.000000000000000000e+00,9.502037651116426176e-01,5.282243043496521739e-01,5.711282521278921998e-01,2.257750401735610368e-01,6.485181473492396265e-01,7.313759134756445679e-01,6.109557631134747702e-01,7.968676376460626098e-01,7.161732147438337748e-01,5.829192949509794941e-01,5.037211206053029411e-01,8.797742948914883954e-01,6.446962496621732042e-01,5.403581767512605216e-01,6.769053391129937758e-01,9.248019648570575679e-01,-3.220401342745846662e-01,6.999978969008804341e-01,5.790009980102739373e-01,7.700223531779518682e-01,2.463006542878045380e-01,4.338777112534240032e-01,7.172683563868578194e-01,7.858013150958654824e-01,2.802288663578528238e-01,7.737136969856494018e-01,4.502139583570849979e-01,8.627679787182421789e-01,1.511343997758013702e-01,5.518034761314425385e-01,7.829850445416861593e-01,8.979155955999312821e-01,6.922596452943534651e-01,7.657226945370166904e-01,5.690731092080463238e-01,7.063424617572323649e-01,9.242752951960344632e-01,7.358823426160465697e-01,3.314825781522681009e-02,6.286404738455935171e-01,4.027527001573789622e-01,6.454198118746572455e-01,9.009594380472599751e-01,8.433733118412350960e-01,7.945284211019081333e-01,7.049685040462875252e-01,8.927854818004556936e-01,4.117249831948263106e-01,4.187727553029287342e-01,9.960262294233384051e-01,9.002072656658969274e-01,7.825485360009862834e-01,5.111790135727104500e-01,7.195070236956890852e-01,9.025810341906440604e-01,8.565641391824183604e-01,1.416512165362444897e-01,1.216585104803800249e-02,7.260142816212329375e-01,9.005010884671555971e-01,7.051570781453911918e-01,6.709770592038155623e-01,2.355586438197374843e-01,1.228173706869145482e-01,9.690431308529219301e-01,3.694653264858736019e-01,3.830363376451888513e-01,4.717829498707743485e-01,7.261485954803640341e-01,8.615668750872449433e-01,6.752890481282703972e-01,3.515343707009823682e-01,8.138372753150424632e-01
9.067021218338809918e-01,4.694202978872879517e-01,7.532211863083456693e-01,6.895980274261551690e-01,6.281277461985466104e-01,8.579259733817167222e-01,2.895071104899279435e-01,9.651413768374771385e-01,3.271599936348218995e-01,6.091007529617790128e-01,1.434978159638600204e-01,9.502037651116426176e-01,0.000000000000000000e+00,7.732358016789788735e-01,8.989770812365189823e-01,7.116241977903287053e-01,8.373939231604313749e-01,9.730699040010342138e-01,6.518804694611926021e-01,7.801741250319695897e-01,9.052156045684152108e-01,9.974360620725580828e-01,7.290885177044884591e-01,3.850327439951951036e-01,4.575887177807245187e-01,9.358359281055693701e-01,2.236591135768125072e-01,7.371369752030954015e-01,8.762187431733571286e-01,4.409485297568429552e-01,4.761073402415895162e-01,6.205598369575668904e-01,9.315556130770437093e-01,6.516772713476692847e-01,8.412574971263712120e-01,4.219752292864725751e-01,5.470784097678076385e-01,8.661055149495995309e-01,7.667568814270251387e-01,9.099549398837151193e-01,4.820801257908527981e-01,7.051494061249243828e-01,8.984389621551520655e-01,7.079440587503165183e-01,9.701929005790626004e-01,7.009764557013905550e-01,9.325344979068079798e-01,3.531013166684189852e-01,4.319185392173537363e-01,6.604147427978057650e-01,5.613950314809063036e-01,4.443788256941253456e-01,9.476383440288369542e-01,7.223783410682739214e-01,2.372592640303082534e-01,7.379000516087350636e-01,9.205939729615044698e-01,5.173491886760114289e-01,8.140977529186937955e-01,4.489377532145294447e-01,3.719012736955323861e-01,6.794548805990967555e-01,7.279686002608356521e-01,9.230663750760847996e-01,6.759502349592706461e-01,6.630865928536937570e-01,6.735080090528162700e-01,9.731687697993935959e-01,5.938443642296358238e-01,7.523074557359641368e-01,8.040129200823769029e-01,7.348903377228469536e-01,4.982400935963663402e-01,6.091626652313447687e-01,4.147925431739086788e-01,8.498730037846013996e-01,9.777516713984741870e-01,8.716592947667229918e-01,3.128076379556307129e-01,1.652859948758635955e-01,8.444156392617716556e-01,9.866632952105759413e-01,7.449006501170365446e-01,4.380073957047818101e-01,9.219863516320567776e-01
9.449878147326979949e-01,8.010848441291230637e-01,8.282654092652297351e-01,5.442172145317989429e-01,5.781789683622200471e-01,9.519942062932307270e-01,4.033584385641161285e-01,8.996168787696794400e-01,6.934994481279311840e-01,5.374997842690758532e-01,3.181651971449735994e-01,5.282243043496521739e-01,7.732358016789788735e-01,0.000000000000000000e+00,6.960430855268193717e-01,9.250992540100425598e-01,8.717216118521027290e-01,6.815994595462488981e-01,6.257581075349852862e-01,8.057900817975095498e-01,8.094812405602065386e-01,9.612559499913474470e-01,4.263414854620529715e-01,9.545850814109265725e-01,8.182611567181308221e-02,9.104574605989254055e-01,6.884549854470793928e-01,6.231083492494291498e-01,6.012248375734863259e-01,5.033813462270703143e-01,4.646344688325820815e-01,7.884147785480131176e-01,8.109955839510681885e-01,6.074073664896878499e-01,9.115567673916723512e-01,7.204453642140571379e-01,-1.597788771974734678e-01,4.337208235787397559e-01,9.843216465984212515e-01,6.068640742188188275e-01,9.994751594166704223e-01,6.967748860010266609e-01,6.615057400964733381e-01,4.898188045972632354e-01,8.036665609695927692e-01,6.875628784437912699e-01,8.822476539785627514e-01,9.959575987033393307e-01,6.162971677567379292e-01,6.749242317397681212e-01,9.972404688764670011e-01,7.364747908098465690e-01,7.284518821291351420e-01,7.794515044224181732e-01,6.000447464050321367e-01,8.780121752655563050e-01,7.098152010328617756e-01,4.726183811499000131e-01,5.579469809617411125e-01,2.429561595132558871e-01,4.535088917632309480e-01,8.497453638085098460e-01,5.826187685260324489e-01,7.746702326260532789e-01,9.442967119322267511e-01,9.345885747573440261e-01,7.175440827951071743e-01,6.622421284434276689e-01,5.177632118103563386e-01,8.315715038382954782e-01,2.452031210024219754e-01,4.951474635020808868e-01,3.263206958686818426e-01,5.740724994841847062e-01,6.922995461367206227e-01,6.666898935812080040e-01,6.055471275403057074e-01,4.390970350908444120e-01,1.412186002230160220e-01,5.598787710044639265e-01,8.254830434777350456e-01,5.499895569402977191e-01,5.974247522133768751e-01,1.822914495356541820e-01,9.727446083031914270e-01
8.404059545296906908e-01,7.582204176694111730e-01,8.367007694276302754e-01,2.579504218594423914e-01,4.287748750026250111e-01,9.527007136686284072e-01,5.797477020600645403e-01,7.905664319623745273e-01,6.078654950498422194e-01,5.256239828944500037e-01,7.223409905030182543e-01,5.711282521278921998e-01,8.989770812365189823e-01,6.960430855268193717e-01,0.000000000000000000e+00,6.129977833937446663e-01,7.424091304300908245e-01,9.770141814077704101e-01,7.446590827873549312e-01,6.865480110330655084e-01,6.608316464683141600e-01,6.400301197474662640e-01,8.874216462711901343e-01,9.748093416961216562e-01,4.301246637261618017e-02,4.886979096291741570e-02,7.369371855340653976e-01,7.652511978043923246e-01,5.811938482136639328e-01,3.250020308753905907e-01,1.621472296931804336e-01,3.448534296706965985e-01,9.486348139424793935e-01,9.127392393667991266e-01,4.370492828270125529e-01,6.131359479840907678e-01,2.709909896902020221e-01,7.171104409428931126e-01,4.873941657206106726e-01,9.851440140245149024e-01,2.344660636322465908e-01,4.668121350364828892e-01,4.230223749533775779e-01,6.031949209094287223e-01,8.756949765188627444e-01,9.244597625163566423e-01,6.108106179053955920e-01,4.375655795182661345e-01,9.845887682093460436e-01,4.314266375839356793e-01,6.209922592816602416e-01,6.519528490030397361e-01,7.748411014314005030e-01,6.306475739185494200e-01,8.360737854877254849e-01,2.439409030968232028e-01,6.189244179701488546e-01,6.024788634038225066e-01,8.002285721911088778e-01,5.431837272509504322e-01,5.430644798937072082e-01,9.708662376348157208e-01,6.431210519720943486e-01,8.497084736281841355e-01,9.474941171505661952e-01,6.935991237225129780e-01,4.092133841436995656e-01,5.711477033330993880e-01,7.400784164034944768e-01,1.390789820286644773e-01,8.852088874726965484e-01,8.163544996028170297e-01,3.440386492121542128e-01,2.396609323578619832e-01,2.562582001766550710e-01,6.395536455791606123e-01,7.761551969880199353e-01,8.863384325291634447e-01,3.846588063195161555e-01,2.338139435317408144e-01,5.324043323573813824e-01,8.439824228790590022e-01,9.194918519149692937e-01,7.669416044880800198e-01,9.210338582154939946e-01
9.619525725588224940e-01,6.510514121034985946e-01,6.444344005340325587e-01,8.867075992257362760e-01,7.730444072222558693e-01,6.745301825454516065e-01,6.979040174092059345e-01,9.480990747255848561e-01,6.534477220176111434e-01,1.582809038225906906e-01,9.394930811798346548e-01,2.257750401735610368e-01,7.116241977903287053e-01,9.250992540100425598e-01,6.129977833937446663e-01,0.000000000000000000e+00,9.935341738139750190e-01,6.982014644172807039e-01,7.966894536758760692e-01,9.716967625894307181e-01,8.819131647170500576e-01,4.217887332828004765e-01,5.147087232208417129e-01,7.033586384507993783e-01,4.462648914385739518e-01,9.441704177981776747e-01,8.522835462487756697e-01,7.000621568514114879e-01,3.220954082579720046e-01,2.672971190146566922e-01,7.978629168679487460e-01,4.097206924511398451e-01,8.893994756203390528e-01,3.685684413235012502e-01,7.351010278146966614e-01,1.214231939634635576e-01,2.565253228128424046e-01,4.186174830594678875e-01,9.038729366365130247e-01,9.202579886320775282e-01,5.596106314029177797e-01,1.782842984502533076e-02,8.555640951252619919e-01,9.804262186688655900e-01,9.030266340091028798e-01,9.820720740317645525e-01,7.702903215588389196e-01,4.632633855143631352e-01,7.871825633180774551e-01,6.298805684227907209e-01,7.209417959775156204e-01,-6.900932683167879111e-02,3.122516925708666569e-01,6.980504947838160890e-01,5.659211775327628313e-01,4.372771601358885762e-01,4.982892010219512891e-01,4.006589169336213785e-01,8.599413766045578278e-01,6.078979517359579532e-01,2.601425269090944514e-01,6.341917724410002233e-01,9.949039093658565980e-01,7.394533621300065640e-01,9.071380370935551163e-01,6.983247500862782564e-01,8.607623858355754054e-01,7.085699917599052045e-01,5.750846176483482841e-01,6.267924686807038182e-01,7.914845468112567950e-01,3.418075089639007608e-02,5.687846145612902582e-01,3.947452206014096521e-01,2.926938168099981752e-01,6.980016504349391138e-01,8.987419369178378803e-01,4.262653427874577572e-01,4.525029332011960004e-01,3.413887152415555626e-01,8.696636536322751576e-01,6.451260362017326999e-01,8.058264291672534441e-01,3.952083146043877671e-01,7.990257757504914959e-01
8.598119240257237061e-01,7.399022732750035747e-01,8.986049316517935592e-01,2.843578338259306060e-01,-1.557500176315222140e-01,7.708781633353540830e-01,9.607677196422290677e-01,7.116197331564707573e-01,6.574380915484139276e-01,3.770259356404599416e-01,7.511320573532838107e-01,6.485181473492396265e-01,8.373939231604313749e-01,8.717216118521027290e-01,7.424091304300908245e-01,9.935341738139750190e-01,0.000000000000000000e+00,6.242603316454906626e-01,3.116105921397815393e-01,6.365778173024428943e-01,6.933326652747273666e-01,8.769228509130315707e-01,7.686753340832157555e-01,5.737480916123900432e-01,9.173636237499134261e-01,4.214931528565321606e-01,8.226057510615057966e-01,8.244482746372231441e-01,4.901411230624376780e-01,1.328681261706183836e-01,7.332935905429092127e-01,8.067074452377208660e-01,9.587764503213745959e-01,4.284975341047445596e-01,9.904204180852680395e-01,5.566829516840301473e-01,6.385345385840173194e-01,5.785394749287067206e-01,7.825980581129415858e-01,9.870988070712352069e-01,5.177457914185259469e-01,9.177365769316949695e-01,7.021832972924524352e-01,8.398239869786852108e-01,5.613223674641223404e-01,7.265185344874310891e-01,7.257290339173333438e-01,6.329265565746912126e-01,9.677725308459210751e-01,9.091063228546284458e-01,8.926092034551724730e-01,8.526757656163579391e-01,2.362313760844141353e-01,6.786928288271114607e-01,5.067880185585940112e-01,8.096723692839505881e-01,4.134059645979413222e-01,9.348248876232149174e-01,4.939334782752826114e-01,5.422384513000787498e-01,5.980411216976513344e-01,7.903242260369511829e-01,4.174869467233700004e-01,6.663752782638610039e-01,9.482329103614638433e-01,9.534299027456928366e-01,9.028979368211725864e-01,7.239258167190547599e-01,4.482249813326550925e-01,4.402581796266865632e-01,8.599764963980194299e-01,3.272634865560634099e-01,5.098318735921861800e-01,4.628058751579128272e-01,9.038903884980830084e-01,9.287953355762641472e-01,1.482298858062641445e-01,9.931259277211537118e-01,6.113906590721563949e-01,5.978717796515048422e-01,7.461362531006212606e-01,6.110054724561517769e-01,9.962891962934901091e-01,-3.781605162256904129e-02,2.413502478216612013e-01
8.380022779110998243e-01,9.960529571953585792e-01,8.633836743608098718e-01,8.712299671254128963e-01,4.113598691149181197e-01,6.086666508106399753e-01,6.792296372644812674e-01,7.547346660169603760e-01,8.743784731513033481e-01,6.821822376516284425e-01,9.304936819611532295e-01,7.313759134756445679e-01,9.730699040010342138e-01,6.815994595462488981e-01,9.770141814077704101e-01,6.982014644172807039e-01,6.242603316454906626e-01,0.000000000000000000e+00,6.931298226868357615e-01,8.028009322040189355e-01,6.573448528532646051e-01,4.597838655707510158e-01,4.510452599529617412e-01,8.146640721167220933e-01,5.304271666746889213e-01,6.019499697473387201e-01,3.267081323052450359e-01,6.763780360885336407e-01,3.585705507787809720e-01,4.733700417561291784e-01,2.646775426785652474e-01,4.961321482897436685e-01,6.745830149610193560e-01,9.446285167861729892e-01,4.132399843689510410e-01,3.769079583874657691e-01,5.622260404150447588e-01,6.270773520988691674e-01,9.632526349442095404e-01,5.444627728534592315e-01,9.458893171818807399e-01,3.432293642517827426e-01,7.136802429719173446e-01,8.665058277820233412e-01,3.149667590094520353e-01,7.890379585490322478e-01,5.767242333065835114e-01,3.748527210161078926e-01,4.605339212562842843e-01,4.737872282791744105e-01,7.663257814054857953e-01,9.510249812302730144e-01,7.208523556436442492e-01,6.183753027534835134e-01,9.202565743995226866e-01,9.992027602052193647e-01,9.769376171422065047e-01,6.128236912928864966e-01,8.224955938056593974e-01,5.063460113152044029e-01,6.294130123975666402e-01,7.708394351152108026e-01,7.142179119726992376e-01,4.712418853434208743e-01,8.219649457272554249e-01,8.791128698807003650e-01,7.958536675792482473e-01,5.582399859750062365e-01,1.613125795058967249e-02,6.470555836783720149e-01,8.547366046250559624e-01,6.931343739721137487e-01,4.094118176163470402e-01,4.885465364615284578e-01,4.070020239938869078e-01,7.034398526001974794e-01,5.365572310674717738e-01,8.608549318265514838e-01,1.928885308309434832e-01,3.137935154953328531e-01,7.722481206184707014e-01,3.376102167868038073e-01,9.143160173754113496e-01,7.208505757077658949e-01,6.380652361153180685e-01
