0.000000000000000000e+00,7.463338040478949553e-01,-7.064159537338787764e-02,8.523707794595758447e-01,8.330933831673899004e-01,9.939993768544128638e-01,6.633424138578454254e-01,8.956643860250392830e-01,4.360123424460513597e-01,5.432329096216780284e-01,9.317855710791200785e-01,8.288957616522002469e-01,6.849622186640575983e-01,7.548426243242606359e-01,9.799848181812121917e-01,6.659487795596219506e-01,7.310814446806563893e-01,4.100707129245590443e-01,8.593307868575105202e-01,4.186836733662467891e-01,6.391979908013554201e-01,5.650483674175629245e-01,8.833605804484648827e-01,7.907802742755400960e-01,4.827355319948269385e-01,7.683882601783483812e-01,3.390972251316626274e-01,5.721728372450657352e-01,6.355050747194799232e-01,6.538751540355002279e-01,6.516244118516811845e-03,7.385735987537997982e-01,9.679973201576769215e-01,8.702911566928317466e-01,8.189578018499533707e-01,7.515116540588782090e-01,4.265236888045274011e-01,9.330749267898018617e-01,5.399993866273041787e-01,9.090493626269571248e-01,3.589883397518138786e-01,7.843359250896684287e-01,7.451165144313849353e-01,7.438265586612486935e-01,6.157599412430941888e-01,8.458589409655264957e-01,8.724155348783289021e-01,7.637857893595272341e-01,6.862949742947571652e-01,7.422483868150056008e-01,7.490179710141148250e-01,8.882102237619029506e-01,5.389302541505835986e-01,8.168678867785772457e-01,8.693017656068312560e-01,4.022710628796815069e-01,8.303887426954662532e-01,8.991873466338258236e-01,9.296712558278203975e-01,2.692202585956976479e-01,9.681922745881250958e-02,6.703607021663149368e-01,7.312541547068049930e-01,9.139180847915139294e-01,9.602343769925827388e-01,9.961236543903260188e-01,6.468499914404947093e-01,3.536435234747132839e-01,8.695181188546817763e-01,8.266139244354163695e-01,6.100779341034336944e-01,9.082814239282167579e-01,6.916274075418845646e-01,6.395760534325428681e-01,7.745259258457527496e-01,8.676561637945759964e-01,8.665342161133735566e-01,9.670873287194620138e-01,4.592501806708509937e-01,2.542021597236025499e-01,8.620531883325541767e-01,3.549907260676009590e-01,8.064904730342548067e-01,5.950556150182162440e-01,8.359097074272000549e-01
7.463338040478949553e-01,0.000000000000000000e+00,9.446784933268507212e-01,6.448022109196863694e-01,8.695242953232684702e-01,7.312485802004918822e-01,4.947561308641564015e-02,5.803188565170117608e-01,2.035065950101185572e-01,4.857008509702844257e-01,8.610713458707325296e-01,2.744514425727753171e-01,6.732196733426500934e-01,5.483479410201241855e-01,1.803522834877735181e-01,7.234283367386351582e-01,8.972108530625536593e-01,2.586301215155054067e-01,7.789672543787766745e-01,8.818128654041897940e-01,6.900331899818190617e-01,6.068191408076112348e-01,7.829686295329909562e-01,4.910609378240092804e-01,5.166982851755003159e-01,5.969625053934799475e-01,6.290562702461252043e-01,9.745777832788613537e-01,4.488844097185037962e-01,3.193532658557700632e-01,5.091640599565810943e-01,6.073630752480603245e-01,6.767206446006142073e-01,9.351012306432477939e-01,6.177050749431619581e-01,7.115839969579758062e-01,4.636981741434882953e-01,5.543327823360596485e-01,8.696926149178870746e-01,2.802891366140539131e-01,1.342094301762138397e-01,9.922097043048494491e-01,9.287831499831954440e-01,5.678270277317729597e-01,8.601053468633117483e-01,9.628559854035383392e-01,9.114512357740237602e-01,8.199862451409200004e-01,4.253055155778307506e-01,7.045006416627768164e-01,8.385275598714184708e-01,7.184405418596889747e-01,5.476081669672232533e-01,6.602467803897096310e-01,8.880646789136226182e-01,4.992652338002865342e-01,9.470663908200011027e-01,7.402648729277915285e-01,6.687294893947518526e-01,7.395128947100830796e-01,4.051475572604474884e-01,5.709167989914936125e-01,4.488047754029232395e-01,9.198714600589745771e-01,9.511997252038613127e-01,6.304779451375976951e-01,4.555372992189125614e-01,7.313911949805576018e-01,7.902726525064230900e-01,9.053776179432367899e-01,9.517467680683829867e-01,3.693469708030279186e-01,4.938703174131782170e-01,6.425876172160239763e-01,6.173971768035334540e-01,5.421433699959651298e-01,7.857983638406912386e-01,4.111752262226707755e-01,4.178423581278311039e-01,4.963654559163481750e-01,6.885925899386381444e-01,8.863770962470981507e-01,9.909346956882596480e-01,2.936044971423040217e-01,6.994326899864442559e-01
-7.064159537338787764e-02,9.446784933268507212e-01,0.000000000000000000e+00,6.756734314974431888e-01,8.435698017201885834e-01,9.215908652932883749e-01,7.584893175826308287e-01,7.223221939116346579e-01,6.457665731640731543e-01,7.508246449520481480e-01,7.231900554416578197e-01,2.988482227077602360e-01,9.570131737730118715e-01,9.838620042745223060e-01,4.142025916605330815e-01,9.575473672668580738e-01,4.144920173607080649e-01,7.190146842386400117e-01,9.643421397995164401e-01,8.374081717743577791e-01,8.081210939772210944e-01,4.150929358071338560e-01,9.264783756459687991e-01,9.268508647395450328e-01,8.035021182637803738e-01,9.162462393274414252e-01,6.566850554893369774e-01,7.055695258546458293e-01,3.575109694660830728e-01,4.013695201408512547e-01,5.242258030541544489e-01,6.720810555263675434e-01,7.368231210992919333e-01,9.774216101830498493e-01,6.506701863320478729e-01,2.684045902003048267e-01,1.384172746065744919e-01,6.363361156682025843e-01,5.105375505061164887e-01,5.517267382246129892e-02,6.609107867300616501e-01,6.897461513736400374e-01,8.381596969165634459e-01,7.734309418902528543e-01,8.733397952935618713e-01,9.533414672084781216e-01,7.192676044498962362e-01,5.121197556317544919e-01,4.796660005389473125e-01,8.764340538545403181e-01,9.800167702587165852e-01,9.589510767929795287e-01,7.091826707597366219e-01,2.315579235002367398e-01,2.065854470084702854e-01,9.134659062333689850e-01,1.559588684770864542e-01,6.498871872512534953e-01,9.564592255470842908e-01,3.737906243396370010e-01,3.458018603872023422e-01,8.713282935954576036e-01,8.013817482101135425e-01,6.183991229751953922e-01,6.655137671773009300e-01,8.905426473731463677e-01,6.719200308450057335e-01,4.798518869985513580e-01,9.705393805167339405e-01,6.093160103169013020e-01,9.828229578013297774e-01,7.704841491387618424e-01,9.036687305559786276e-01,5.122820247409509697e-01,8.217188008928153486e-01,8.732694641657403611e-01,7.271996833329125165e-01,9.841419745371674521e-01,5.422164654688718111e-01,1.228839572052576878e-01,9.179498697582344491e-01,8.830119758509172856e-01,8.149190412486909674e-01,9.299419678864733196e-01,2.654077154862201637e-01
8.523707794595758447e-01,6.448022109196863694e-01,6.756734314974431888e-01,0.000000000000000000e+00,6.140017193421996033e-01,6.423552631435127669e-01,9.641329321906834116e-01,4.624644967289448516e-01,8.809803697772602415e-01,8.778201625325953161e-01,9.719148886510374785e-01,5.701220474497853408e-01,6.177160551383255038e-01,5.026099868022131378e-01,4.428984867528248381e-01,9.765894536313711738e-01,9.206770153458074812e-01,3.598329103686057073e-01,7.432558189069528032e-01,9.270161546676528586e-01,8.754174155269718316e-01,8.099980802283481829e-01,9.855295180974374958e-01,9.925545018997256053e-01,4.985339555500936104e-01,7.584652576791676148e-01,8.344805435428012119e-01,4.295798606309544354e-01,4.403547787521555623e-01,7.477384577975410007e-01,1.725620407522887589e-03,5.516456971077394744e-01,7.010819169312616506e-01,3.545427593800143384e-01,7.038136798664755833e-01,2.176902932286445824e-01,7.283661920034559811e-01,8.472528223080021403e-01,7.208268691373954651e-01,5.995152344323346760e-01,2.315833214782849203e-01,9.642606401931221871e-01,7.133872164621648526e-01,9.456165107167284756e-01,6.601572215236167773e-01,9.820247813806519677e-01,8.398581096082122777e-01,9.771063018572716530e-01,5.112558779921455576e-01,8.786946924879849297e-01,5.236305344662682826e-01,2.068079147487360270e-01,5.508097390280438654e-01,8.961808991425973536e-01,2.515449168995296803e-01,9.136656855925746612e-01,8.208145917547009507e-01,7.096184781523924290e-01,4.879881990654957313e-01,2.758396313739695516e-01,8.161840850041746087e-01,8.377000775385438081e-01,7.735457925360947895e-01,8.226418394213556029e-01,6.665630782579918812e-01,6.858221379081339553e-01,8.269887570237324237e-01,8.236482990679623306e-01,2.925230133461843574e-01,6.063029924818623684e-01,8.353494429750177863e-01,8.935482349367884769e-01,4.544351309569108488e-01,2.881739330080127504e-01,4.281330861174831304e-01,7.935443901469916295e-01,8.956513087462911749e-01,1.482981454455851167e-01,1.731775699331561391e-02,2.082130545327547100e-01,3.135283152864084544e-01,8.135896711080181642e-01,8.093050027933428314e-01,5.014099096547460777e-01,3.770798570295993413e-01
8.330933831673899004e-01,8.695242953232684702e-01,8.435698017201885834e-01,6.140017193421996033e-01,0.000000000000000000e+00,9.574955480082050219e-01,5.643223590176685844e-01,6.258744997071803429e-01,5.506276882702474534e-02,9.264379201715392531e-01,8.424465041048879721e-01,6.825937147234640845e-01,9.226525213670387915e-01,8.998260382364330345e-01,5.155102396113595553e-01,7.291475920779828535e-01,9.808313137322076658e-01,9.110435285684298501e-01,9.572089477195523388e-01,8.703830695802330375e-01,8.669046368648530843e-01,6.401018539028203724e-01,9.567745238085745285e-01,4.788803127104385160e-01,2.131245134872408464e-01,5.291807236359397093e-01,9.392447671209939175e-01,8.142801136508083237e-01,5.444063733405884314e-02,5.388028919125933403e-01,4.980718944436600681e-01,2.459400160310983019e-01,9.871031246234355239e-01,5.485234025199750008e-01,6.828168658987729955e-01,3.802591774888983700e-01,5.460751491502776611e-01,6.751871489771555934e-01,8.085864522835551904e-01,7.949564643958888510e-01,7.123022135089357443e-01,5.769915766246541677e-01,9.132312570110621142e-01,6.747882231097579453e-01,9.457672791344362562e-02,8.805466521427106619e-01,9.358861537936056241e-01,7.980648571666154600e-01,4.246542977075464798e-01,9.233242783900403872e-01,6.725571696308991765e-01,8.955407876301990644e-01,8.869970809353633356e-01,9.617804086804825348e-01,6.774645560616768813e-01,6.301590438241669867e-01,7.067728442839482650e-01,2.574322747165621594e-01,8.024392137220306420e-01,3.880704576680770179e-01,5.593859348605830784e-01,4.986648750776532246e-01,6.925066181545164179e-01,9.279000606041505339e-01,8.949899077326799457e-01,9.631289656201503790e-01,9.488511405347066496e-01,6.677819618187035289e-01,9.241481451776363265e-01,7.381212527016414171e-01,6.786996715970320393e-01,2.649410508436637612e-01,2.278910974957089330e-01,4.973381627916462211e-01,7.276431297935589404e-01,8.083633034788539895e-01,8.574841821555150290e-01,8.424757947474696973e-01,5.660022991075679410e-01,4.928848628299516976e-01,5.547342056335452520e-01,9.809088905471932129e-01,5.705259901988184446e-01,9.955950187787051542e-01,7.855975796079814888e-01
9.939993768544128638e-01,7.312485802004918822e-01,9.215908652932883749e-01,6.423552631435127669e-01,9.574955480082050219e-01,0.000000000000000000e+00,5.688525761166449701e-01,6.950521774137099484e-01,6.564366638961616207e-01,8.262998841263489158e-01,9.067745526464066064e-01,7.578859869720708797e-01,7.653352395875334668e-01,5.693871811039401543e-01,5.623729802208381479e-01,3.194139704008595593e-01,4.344079687511285259e-01,6.047507992091684104e-01,1.325560602116959419e-01,9.399661636003843190e-01,7.757641090883196089e-01,7.074172217181802225e-01,8.922126405535135696e-01,4.908714054771085022e-01,2.431989331314621805e-01,6.511166384454297740e-01,6.309271723770045748e-01,8.132269200254309549e-01,8.586624827832852747e-01,5.968476338149431015e-01,2.130123885819985574e-01,2.699234356876043517e-01,7.076122565937507103e-01,7.019293926706432485e-01,1.592907395349567601e-01,1.998187717457475948e-02,1.698455173339521451e-01,9.490727140247725568e-01,8.965380799756105246e-01,2.961626027974030850e-01,6.330178591146073952e-01,3.565173086702090322e-01,7.104890005703395905e-01,3.095044029257852936e-01,5.240989204464074902e-01,7.067961258345337727e-01,7.855096360875386541e-01,4.214385313523820731e-01,5.081184540591040522e-01,6.131778176583347895e-01,8.869284157560175519e-01,6.767278116091973716e-01,8.103679210206592431e-01,4.130923743205179299e-01,7.574006811365854297e-01,6.611642673269982895e-01,6.351338529195810212e-01,4.259062590887683353e-01,6.825194887166273761e-01,6.667259144819592809e-01,7.667195677519397234e-01,8.876551906847531814e-01,-1.884265827690271289e-01,2.335311684809152910e-01,9.379044810750294392e-01,7.522740743192712909e-01,9.026239272084366494e-01,5.080192673396463077e-01,5.072132496625418874e-01,5.318305137560239704e-01,8.268554025830774368e-01,7.385267556009558199e-01,5.561711336074810497e-01,9.604491618244386242e-01,6.190513683466254413e-01,4.573377994559758575e-01,8.250445237402250775e-01,7.273093687563858545e-01,4.453732780875740982e-02,5.689604290444290058e-01,5.152439181983635708e-01,8.909267920505687943e-01,7.620354691769254396e-01,5.070910504793517681e-01,4.558745173263070716e-01
6.633424138578454254e-01,4.947561308641564015e-02,7.584893175826308287e-01,9.641329321906834116e-01,5.643223590176685844e-01,5.688525761166449701e-01,0.000000000000000000e+00,8.375542758902768115e-02,5.485178496330392894e-01,6.474272932595939167e-01,6.153196514681349427e-01,-1.759415900933383736e-01,4.520960584221657141e-01,4.850019639210744193e-01,4.559004578234822080e-01,7.506287886045113211e-01,7.823200164698700387e-01,6.843920332383501837e-01,3.872094024495666975e-01,8.725728029502137773e-01,8.342302744386603797e-01,7.800778597430317873e-01,3.981971582418545319e-01,7.940156703051914899e-01,3.310472303326381094e-01,5.111175451914811152e-01,2.014777970244598371e-01,6.179896829443020101e-01,4.353234130111082179e-01,4.080222919348800437e-01,2.741067132945490536e-01,5.347077072952115540e-01,2.650069365261675802e-01,7.251964823950918237e-01,5.470025350887764981e-01,3.405514219584280244e-01,4.752340582447378559e-01,6.106857108134502443e-01,9.656802432957227733e-01,8.872441259661876245e-01,3.236600814637814461e-01,9.854372696314608326e-01,9.738404665572448771e-01,3.915236630348124525e-01,7.367232804678681690e-01,5.951204010598311056e-01,7.945542336997482025e-01,8.916420628875355581e-01,8.920804304483932468e-01,7.932130714890099910e-01,6.677062707501576488e-01,2.772856528768158912e-01,2.104357471249534428e-01,7.644458317023407057e-01,9.799596519620283885e-01,5.077818750111515872e-02,5.017483417957837588e-01,5.137967496725927008e-01,1.664444765058212816e-01,3.650899295421380364e-01,2.596920438187759750e-01,-1.082907164002868683e-01,6.599396225351000789e-01,7.165064628875267294e-01,8.398158169391920502e-01,6.393634221502970671e-01,7.054210452404595655e-01,8.061248909754523684e-01,5.698184869163466226e-01,5.949315046393317541e-01,7.256141828880114941e-01,5.174890847649629144e-01,5.328014812189009186e-01,2.307178587124312369e-02,7.734882910354725638e-01,6.605799377492638236e-01,4.522070748339332424e-01,7.589675812253533493e-01,2.903881317435078047e-01,6.304006369110670693e-01,3.825198077297266019e-01,6.790766903440048630e-01,6.352706573737725293e-01,5.578649767479694210e-01,8.550382857809710746e-01
8.956643860250392830e-01,5.803188565170117608e-01,7.223221939116346579e-01,4.624644967289448516e-01,6.258744997071803429e-01,6.950521774137099484e-01,8.375542758902768115e-02,0.000000000000000000e+00,3.360451186442302007e-01,7.875222761058454646e-01,2.465701749295687584e-01,7.343953567015112371e-01,2.664435638458687583e-01,1.734658312778496747e-01,6.368659860175792664e-01,7.494861563243933045e-01,9.843807877713162124e-01,6.829035279374261469e-01,8.074258500282051054e-01,8.685427037917327064e-01,8.231145006464097857e-01,2.298399468537760948e-01,4.668767997482841103e-01,8.911172282076712525e-01,2.798429118491607137e-01,5.232064087161345523e-01,5.475461682958323584e-01,4.330622120628095928e-01,3.738338022643508118e-01,1.481105265350347311e-01,4.232391321664677464e-01,6.833490740523043838e-01,2.399066436677572967e-01,4.312358407229579527e-01,-9.717177664103557322e-02,-1.535927846188207824e-01,4.897324102296876647e-01,7.287837107470458431e-01,2.192759482864710951e-01,7.622574461223686759e-01,2.709540228243835780e-01,5.981723165630663530e-01,2.687893170918909669e-01,7.082897243772739992e-01,7.838740048759929024e-01,4.385050091765098079e-01,7.518671100334660684e-01,4.243101528457773886e-01,5.489608642172516539e-01,9.941866260558818169e-01,2.987961408712989653e-01,4.137372793960325534e-01,8.654760214316511435e-01,8.122227637646521892e-01,8.500500756642023203e-01,5.575933246453559367e-01,7.248928241517030857e-01,6.748408201732227774e-01,8.605117422941458427e-01,1.436350618942103252e-01,4.943512170622090252e-01,7.256547396502117664e-01,7.015507155588771582e-01,8.546538172556270574e-01,9.082996560217638793e-01,6.882598263859105447e-01,5.479043526772016115e-01,8.762776824858565794e-01,2.050714882972005382e-01,6.226024013121892464e-01,5.289716341139925060e-01,4.474056090470847624e-01,5.683749247714349195e-01,5.220224539886478832e-01,8.528584870483162383e-01,5.469492103057119747e-01,7.044960350374804836e-01,1.835930032094088282e-01,4.383675178415387674e-01,4.784722372939322343e-01,4.308913526281593076e-01,9.528767719849770002e-01,7.097443191361806347e-01,4.783541001087388556e-01,5.596840137874832255e-01
4.360123424460513597e-01,2.035065950101185572e-01,6.457665731640731543e-01,8.809803697772602415e-01,5.506276882702474534e-02,6.564366638961616207e-01,5.485178496330392894e-01,3.360451186442302007e-01,0.000000000000000000e+00,7.519409474673195426e-01,7.867718839920543328e-01,9.521543146354376486e-01,6.893206892566098309e-01,8.386966187812696649e-01,4.645142931951597998e-01,8.465598382760028962e-01,3.322300285385354490e-01,6.526067499078558320e-01,3.413064774991863559e-01,9.372167211743728243e-01,5.897526859144289757e-01,4.768579132087640282e-01,3.384780147761312641e-01,8.165001704445504771e-01,1.072394391263045837e-01,9.357242459345146424e-01,7.902144530576642456e-01,4.702480900959292165e-01,2.851292268150883435e-01,5.905368944002982179e-01,4.741665875444649458e-01,5.006230250624486011e-01,8.583847681317392508e-01,4.637411916909188192e-01,9.720413101925602373e-01,5.080392151277566271e-01,3.673238994336455177e-01,6.289066228222508492e-01,9.757934972632120729e-01,6.161532128143998310e-01,3.979177413549989106e-01,3.043531045153713976e-01,4.750420995618696018e-01,8.078700439637462871e-01,9.951255211092162600e-01,9.604603385850728481e-01,6.224423557494614956e-01,5.511549740431871403e-01,6.109122458606824901e-01,6.214033879948321903e-01,2.316157550409348176e-01,4.821253274374940889e-01,8.845017703035159551e-01,8.784627377766948131e-01,8.964328512809085492e-01,6.868827952488371080e-01,3.587564491365815011e-01,9.361140121970397132e-01,8.748760052699704470e-01,9.580718712910503143e-01,5.324675336387386659e-01,4.648031467524837979e-02,4.125181319734729235e-01,8.889598699094767298e-01,4.194884280112690655e-01,5.131548228854125870e-01,6.211062632210799794e-01,8.734490656567918121e-01,7.452591420083599649e-01,4.861082571066575042e-01,9.905370296673966513e-01,5.211539548231427510e-01,2.146823650221422741e-01,4.904796677626543921e-01,9.650014780130982128e-01,6.376157720221035108e-01,2.755223961727379933e-01,4.288401003941058609e-01,6.830626513942016365e-01,5.959780712806586056e-01,7.216865351175276722e-01,7.639375057330268781e-01,7.493841812793246016e-01,4.281840316311721351e-01,6.240717053809374804e-01
5.432329096216780284e-01,4.857008509702844257e-01,7.508246449520481480e-01,8.778201625325953161e-01,9.264379201715392531e-01,8.262998841263489158e-01,6.474272932595939167e-01,7.875222761058454646e-01,7.519409474673195426e-01,0.000000000000000000e+00,7.667321885355237177e-01,6.823109581254104272e-01,7.282019587581134434e-01,7.632098750294117329e-01,3.358939602028073734e-01,7.605548932744999879e-01,6.672703627661182857e-01,7.533758696604371252e-01,7.661257479711726104e-01,7.969326748073040090e-01,9.461070666203794666e-01,4.857002043555127546e-01,7.438523162374762743e-01,9.603776902833178752e-01,5.863584423414844871e-01,3.819284216550505873e-01,6.183016753547566635e-01,2.082035608758506240e-01,5.500694157033937381e-01,6.788942853852621973e-01,4.711476281831658564e-01,4.562535643411474995e-01,9.278012645152244886e-01,9.152186450561874409e-01,2.062586984538478663e-01,5.475371221418483536e-01,1.489650450123552738e-01,6.669195961257563532e-01,9.130465098503899313e-01,7.951644231915437899e-01,7.971171368675304958e-01,9.128257590146238165e-01,8.221465780537829948e-01,9.361619147777932026e-01,9.756803378039581309e-01,8.789032487153716211e-01,5.167986377535044307e-01,7.956775035326366652e-01,4.599279395756559752e-01,7.220701467245161931e-01,6.138005580723638888e-01,4.499978820680025082e-01,8.631200447423366118e-01,5.695885306163963602e-01,9.578989009231557716e-01,4.943403096938073227e-01,9.494057824256625366e-01,7.495363783920334644e-01,4.589264251409077011e-01,6.257164939695639694e-01,4.564041758966813633e-01,9.453406663856570580e-01,1.599668054314928910e-03,6.009278519745491209e-01,7.810118741770002426e-01,8.146155620839229394e-01,8.842439263387572579e-01,8.982229680367350699e-01,6.108948783812637728e-01,6.009901807118739336e-01,7.879830075359028907e-01,9.030824490652376024e-01,4.586242241501298778e-01,5.091843421545603210e-01,4.078582686405127777e-01,7.807553621256543286e-01,8.077077415286124662e-01,4.416909500687812296e-01,3.338969859900947634e-01,5.834119136059121580e-01,7.092036824835545872e-01,9.333305493198092995e-01,5.958379151298309750e-01,7.475240128796913908e-01,5.332033661934365565e-01
9.317855710791200785e-01,8.610713458707325296e-01,7.231900554416578197e-01,9.719148886510374785e-01,8.424465041048879721e-01,9.067745526464066064e-01,6.153196514681349427e-01,2.465701749295687584e-01,7.867718839920543328e-01,7.667321885355237177e-01,0.000000000000000000e+00,3.399452962182857307e-01,4.480726274435023471e-01,9.980857449914137813e-01,8.316777140535656088e-01,7.820741671475142098e-01,8.777471924398070335e-01,2.719899326795459094e-01,2.642350968035716008e-01,9.717625005652251735e-01,8.207550337177044186e-01,6.133838294635093336e-01,7.930293458137158691e-01,8.560468099649343188e-01,6.617410158353768113e-01,9.682384013801998979e-01,9.312613027420280076e-01,4.320038162204572485e-01,5.610637585677804573e-01,4.285168104971712744e-01,5.397595454911683355e-01,3.887868499011570833e-01,4.228756938624932404e-01,9.016830020496234832e-01,6.921525769263703332e-01,3.098656987731499002e-01,2.914312732055479582e-01,5.066446848804226910e-01,6.820574896778999197e-01,9.971552399237578745e-01,4.935701621609663303e-01,9.689061289725867665e-01,6.026929415607081841e-01,4.740782022775993365e-01,9.026379636244102889e-01,7.850723411571939314e-01,6.750461603492229345e-01,5.253591570815672185e-01,7.630798224927191065e-01,5.573571889495446685e-01,4.204917523810181579e-01,9.895751824157290599e-01,3.756634690636642682e-01,8.897765652861288066e-01,7.345510870786574609e-01,6.644247384440287174e-01,7.737925454231062705e-01,8.697523119983298079e-01,8.272364441736435037e-01,4.628669000809751966e-01,7.186445770448918191e-01,6.603147671593685430e-01,7.705144325026977992e-01,6.810422226326811046e-01,2.362669241129111142e-01,8.543064156816813082e-01,7.011335725363083693e-01,6.809927489927966038e-01,6.064869626197407770e-01,7.511457244227066621e-01,5.863206651123050728e-01,8.162282034972702105e-01,5.056543295634401414e-01,2.542147419645877648e-01,7.373979368819003621e-01,6.712974726957418037e-01,7.732182165487569980e-01,-1.387730881212954626e-01,4.787335367172913525e-01,3.999267984861156755e-01,2.232902834786592572e-01,6.176678293382495966e-01,6.469892943075474800e-01,6.812097107790007211e-01,6.644632713145472991e-01
8.288957616522002469e-01,2.744514425727753171e-01,2.988482227077602360e-01,5.701220474497853408e-01,6.825937147234640845e-01,7.578859869720708797e-01,-1.759415900933383736e-01,7.343953567015112371e-01,9.521543146354376486e-01,6.823109581254104272e-01,3.399452962182857307e-01,0.000000000000000000e+00,6.202532192029113212e-01,4.737762751527727079e-01,5.097854779327167796e-01,6.698901287566116913e-01,8.580223675016589446e-01,8.185540774865593949e-01,6.369676674735399446e-01,6.571879909215376792e-01,6.570140519631809672e-01,7.275202922172243625e-01,7.710827352859926931e-01,8.284080280322626555e-01,6.014859832203642842e-01,7.765111034043941096e-01,8.311729022803946432e-01,3.396220864289012931e-01,3.727048178619318253e-01,5.769823592448150018e-01,4.807357243959413662e-01,7.430506138959142026e-01,4.543934488387897375e-01,8.744261926067874446e-01,3.422709126311132000e-01,2.551172166036615452e-01,5.754246942244414242e-01,6.526248689307179163e-01,8.773895429624052333e-01,5.004666016101355641e-01,9.746739367060632819e-01,7.650059001934925718e-01,9.782643341951339222e-01,2.235384054473860960e-01,8.833099354302386130e-01,8.339557723374575460e-01,7.965297298768716505e-01,5.365941629201413932e-01,6.537590941970693459e-01,4.633873549861199925e-01,6.580953695384788027e-01,8.683086413655911606e-01,7.579632325731419096e-01,8.754627732950094332e-01,8.537336328293204657e-01,6.283412793023308573e-01,9.429845896298112429e-01,6.447172206402873584e-01,9.928591244306879116e-01,3.848308208215208692e-01,1.652196902448611060e-01,4.529954549175022605e-01,9.521712497043504086e-01,6.311862040334650370e-01,8.159758472311566813e-01,7.163817985332676663e-01,8.826780532402186408e-01,6.277435587413647822e-01,6.165944993035437083e-01,6.635246154288402254e-01,5.747254931430475500e-01,2.832479091983572395e-01,7.288001829806149967e-01,4.117947252360711907e-01,5.429550321450419270e-01,9.179567524510788834e-01,8.512754187473939860e-01,7.478257074851458741e-01,7.608409802251919762e-01,3.892754975882978252e-01,9.892355710207780817e-01,7.414349752344897571e-01,9.306061887093367568e-01,2.950293662564921204e-01,6.404533563782731642e-01
6.849622186640575983e-01,6.732196733426500934e-01,9.570131737730118715e-01,6.177160551383255038e-01,9.226525213670387915e-01,7.653352395875334668e-01,4.520960584221657141e-01,2.664435638458687583e-01,6.893206892566098309e-01,7.282019587581134434e-01,4.480726274435023471e-01,6.202532192029113212e-01,0.000000000000000000e+00,5.898180048305241563e-01,6.099443023749362425e-01,9.073325986717465375e-01,7.149003849331877491e-01,4.446570905805117824e-01,8.976774500921924638e-01,9.140571467334069888e-01,9.387404759233384244e-01,8.202233830595483388e-01,6.372307752017928317e-01,7.409783586036763348e-01,4.564491005058166073e-01,7.607106338474349805e-01,5.810764966245460794e-01,5.206362997393484404e-01,5.207867513134147863e-01,6.427146542687551811e-01,2.273111058407261686e-01,3.254606915015777480e-01,4.376320290465702811e-01,8.634391317084539885e-01,5.689048479207076126e-01,1.513978052167412325e-01,4.770299223366552543e-01,7.151496452649788171e-01,6.697415878760236696e-01,4.984167619336384303e-01,7.311454303169920288e-02,6.277253998307861238e-01,6.159239849751875218e-01,2.480053958252336765e-01,8.172692989545190523e-01,4.640310325041121509e-01,4.118823990905282062e-01,7.413908004381812855e-01,8.097886999798750152e-01,6.120702677951378456e-01,6.578641814862066228e-01,9.836643594187071127e-01,2.600393835379614105e-01,1.801664955724630035e-01,7.226243594163647144e-01,4.326238175928487917e-01,6.045932717109581134e-01,5.515419621086903312e-02,4.530674465950560448e-01,3.641134557554617235e-01,7.722251274962514955e-01,4.569384113369734379e-01,8.706815281090614089e-01,7.340338798231160755e-01,8.742821543287626618e-01,9.464079015118960214e-01,6.129145814513633495e-01,8.548999145955107348e-01,6.146497707979220460e-01,8.141309295057880258e-01,8.197034719530154057e-01,9.546663653039635378e-01,6.080966129496916395e-01,4.866569254898793773e-01,2.383596538932977738e-01,6.864747880417849668e-01,9.117654753319726080e-01,8.743651200379952693e-01,7.075451123050254809e-01,5.247490877737555071e-01,6.655826620950090478e-01,8.388399888644795244e-01,5.738621301113132622e-01,5.092271004005137769e-01,8.001661419056816937e-01
7.548426243242606359e-01,5.483479410201241855e-01,9.838620042745223060e-01,5.026099868022131378e-01,8.998260382364330345e-01,5.693871811039401543e-01,4.850019639210744193e-01,1.734658312778496747e-01,8.386966187812696649e-01,7.632098750294117329e-01,9.980857449914137813e-01,4.737762751527727079e-01,5.898180048305241563e-01,0.000000000000000000e+00,8.167130645204409012e-01,9.341909425119494514e-01,6.824069352738743044e-01,4.675263843094243921e-01,8.041197219656968098e-01,7.773767875326937915e-01,9.883712753043141230e-01,5.654618307322928361e-01,9.859276283221060089e-01,9.736611016373285521e-01,6.854869840657823454e-01,6.829642766835765100e-01,6.358591552642224309e-01,6.662635269023216011e-01,7.220497341014184833e-01,4.862543849742310687e-01,3.216055058712872367e-02,3.074635083574820404e-01,8.553843775302757413e-01,8.902347696512217246e-01,1.256782012970178164e-01,7.106683188808894380e-01,4.157813113619613921e-01,7.171871848404172134e-01,6.297974629536726709e-01,7.642713490909193164e-01,6.513739140643426406e-01,5.111858098438517573e-01,5.560818694891818126e-01,6.983958441479366508e-01,9.869421996999001578e-01,6.292846655766352049e-01,7.452237364279602483e-01,9.666805946208019140e-01,4.884778645522203644e-01,8.710312256199179703e-01,6.352163934015124802e-01,8.056442516853142832e-01,3.669063094007683490e-01,5.706153182048293582e-01,9.764926952562723583e-01,6.475899478278726029e-01,4.452901694245939845e-01,4.589204405789091834e-01,1.363193183033824529e-01,5.500089106067131972e-01,3.896981921471097121e-01,4.585224240750925273e-01,9.734217850065172151e-01,8.707672724478019433e-01,6.414588386935371478e-01,8.572730114398010581e-01,5.156099221820374945e-01,9.434692176711960698e-01,-1.007827004693591932e-01,4.345037918385899478e-01,5.348866725060352767e-01,4.681424386102326918e-01,5.890257325846322001e-01,4.364152323495572028e-01,4.790853429286921483e-01,2.228399252481027826e-01,4.531598506656044356e-01,7.832912012438477678e-01,6.351344427048466468e-01,4.711778772396210124e-01,6.441392298229341451e-01,5.474377549893174599e-01,2.459576264786422772e-01,6.839152745516352550e-01,7.497784803777208795e-01
9.799848181812121917e-01,1.803522834877735181e-01,4.142025916605330815e-01,4.428984867528248381e-01,5.155102396113595553e-01,5.623729802208381479e-01,4.559004578234822080e-01,6.368659860175792664e-01,4.645142931951597998e-01,3.358939602028073734e-01,8.316777140535656088e-01,5.097854779327167796e-01,6.099443023749362425e-01,8.167130645204409012e-01,0.000000000000000000e+00,5.973326457859704508e-01,6.563789190249897931e-01,7.955996409270290615e-01,3.017712669853037655e-01,6.177574276256417862e-01,6.724392179244405021e-01,6.438628491295573797e-01,8.297546711941526931e-01,6.533536679632766520e-01,7.047937230065881575e-01,9.560966043386935898e-01,8.839808388141385809e-01,9.437221873410701622e-01,4.502306888803204177e-01,3.665015793748213069e-01,1.638177927846067305e-01,7.742855877551948485e-01,9.824732713271803197e-01,7.157118328109322025e-01,3.484711098240953486e-01,7.842818895984784433e-01,3.443503051910514756e-01,9.228397749713902476e-01,7.865570930784469006e-01,8.513862449423290624e-01,4.546664040930126771e-01,7.457090125747051212e-01,7.826142068815185038e-01,5.967057518122134141e-01,9.050588627571163336e-01,9.037799647037898509e-01,7.501380864137806581e-01,5.913624398949578476e-01,3.310658369661542144e-01,7.194102728154910809e-01,8.805767803472910327e-01,8.865695439252742061e-01,3.069434633034444707e-02,6.954480147307154914e-01,8.672851298193227088e-01,5.384395386386027216e-01,6.434516945324999515e-01,2.764892073999182243e-01,1.177695247183733751e-01,5.235174494313578064e-01,3.539327300132094622e-01,4.913307858510645443e-01,6.522469018156847875e-01,9.693323061560592535e-01,7.031873551395134703e-01,5.714019992362455724e-01,2.234694106457740248e-01,4.183625207912223809e-01,8.435770073270969505e-01,9.438289361323120019e-01,9.939690258987335936e-01,4.194272949648357729e-01,4.142284314300380133e-01,1.111869563706185948e-01,2.907794911001767568e-01,4.242224961739406441e-01,7.655214878178091542e-01,3.056713555398782312e-02,3.323504201543097669e-01,3.509631633023452824e-01,6.423380258983595326e-01,9.829703153966644624e-01,6.191067245904947614e-01,8.136209889628066572e-01,5.104936240000760295e-01
6.659487795596219506e-01,7.234283367386351582e-01,9.575473672668580738e-01,9.765894536313711738e-01,7.291475920779828535e-01,3.194139704008595593e-01,7.506287886045113211e-01,7.494861563243933045e-01,8.465598382760028962e-01,7.605548932744999879e-01,7.820741671475142098e-01,6.698901287566116913e-01,9.073325986717465375e-01,9.341909425119494514e-01,5.973326457859704508e-01,0.000000000000000000e+00,9.199892917467390463e-01,7.293648204983133043e-01,5.977140471508540776e-01,6.086349588109919440e-01,9.304013597956525272e-01,5.861985502581280594e-01,5.207992860139513125e-01,9.013665465879510119e-01,1.664599570969671483e-01,9.377152834921264057e-01,6.100145454489788177e-01,8.072056513824595880e-01,7.930904466991441915e-01,5.619753784295675736e-01,4.392171234465865048e-02,4.663024707210851605e-01,8.525297758913419344e-01,3.492177205998170386e-01,5.761154771494456650e-01,3.120512942521134758e-01,-3.401904408642589250e-02,8.348526679306290665e-01,8.161533928112439940e-01,8.652741493049905808e-01,4.932670319446720297e-01,7.383813354591125533e-01,6.314304148851916931e-01,6.431948242532266047e-01,5.622833109050245914e-01,7.519674955231833158e-01,7.981314154784262538e-01,4.960341061149575181e-01,7.778967407253570832e-01,3.128932653406514275e-01,6.398510277901402477e-01,8.318136935225316497e-01,9.681292252286770594e-01,9.768992924654154031e-01,6.232766671936702529e-01,8.068600494413412649e-01,7.456322670496151606e-01,8.024768931597541233e-01,6.777843427980988489e-01,8.767723268238415413e-01,2.732709658788078366e-01,6.166171641358194622e-01,7.937464155275840705e-01,9.160272586042577103e-01,9.542744539292723482e-01,3.261154200839833095e-01,6.636237230021105882e-01,9.639711254659434347e-01,4.638469294201833515e-01,6.573284372919121488e-01,6.750651054972189868e-01,5.612626525942294720e-01,9.373502572071712446e-01,7.216768552572965234e-01,8.795951463410821569e-01,8.743668205067924859e-01,4.884583331144107810e-01,6.594866314831966392e-01,7.755957356312999096e-01,4.991119597236001737e-01,4.471623265720808815e-01,4.605152324256243657e-01,5.283945965657366184e-01,4.465586639397896573e-01,4.506563040185750380e-01
7.310814446806563893e-01,8.972108530625536593e-01,4.144920173607080649e-01,9.206770153458074812e-01,9.808313137322076658e-01,4.344079687511285259e-01,7.823200164698700387e-01,9.843807877713162124e-01,3.322300285385354490e-01,6.672703627661182857e-01,8.777471924398070335e-01,8.580223675016589446e-01,7.149003849331877491e-01,6.824069352738743044e-01,6.563789190249897931e-01,9.199892917467390463e-01,0.000000000000000000e+00,6.419472366605751823e-01,5.002413052466955223e-01,7.002479741150906545e-01,6.181387906233717366e-01,5.079332786964557700e-01,4.678201342674094265e-01,9.438467946343348514e-01,8.043224545696457950e-01,8.527421981440076459e-01,6.286833918194083548e-01,9.816873686608502680e-01,6.445512994714077681e-01,5.851287424892446243e-01,2.955524608477519966e-01,9.348624676602929062e-01,4.838733037919881741e-01,8.599094298796856606e-01,9.922409465544808072e-01,3.936793329450863910e-01,2.568780659908916353e-01,6.576232016540906056e-01,7.287412039998130142e-01,6.453224932093095667e-01,9.050174712642436448e-02,6.964734432657689878e-01,4.023237857607221968e-01,9.119439571238356912e-01,7.646570833402223100e-01,8.402777749137125829e-01,9.986254651312913566e-01,4.033141544093787334e-01,8.317236083469349284e-01,4.869334331038014940e-01,8.240548020036606580e-01,6.983612032755143195e-01,7.027402652529245453e-01,9.180050378100425013e-01,7.778622962062814450e-01,6.278202364519469558e-01,9.149701342901035428e-01,6.050346139487439157e-01,4.560400256085276882e-01,7.979549756127729543e-01,4.460110379907231137e-01,9.256221993642804735e-01,7.666941588144252639e-01,8.814738279781069163e-01,7.129798801868328928e-01,9.514465131685702071e-01,9.504804719494498455e-01,7.402058466813000726e-01,7.636937153983168747e-01,8.159948701797719028e-01,9.473738353103646759e-01,6.770012015587718590e-01,5.672957388026692582e-01,4.501046916118468522e-01,7.153117314002237492e-01,7.850667703525614494e-01,8.391531051255157747e-01,6.177386798476407481e-01,7.382307891940782518e-01,2.742616127828903516e-01,7.879511857093033367e-01,7.307428429657201185e-01,9.132551266062598483e-01,8.692382570633396810e-01,5.196342594313465568e-01
4.100707129245590443e-01,2.586301215155054067e-01,7.190146842386400117e-01,3.598329103686057073e-01,9.110435285684298501e-01,6.047507992091684104e-01,6.843920332383501837e-01,6.829035279374261469e-01,6.526067499078558320e-01,7.533758696604371252e-01,2.719899326795459094e-01,8.185540774865593949e-01,4.446570905805117824e-01,4.675263843094243921e-01,7.955996409270290615e-01,7.293648204983133043e-01,6.419472366605751823e-01,0.000000000000000000e+00,8.642246490375371515e-01,9.189911174795059035e-01,7.466297412695133140e-01,6.640892278282660710e-01,7.947924681072024988e-01,4.870813487356602800e-01,7.867166188785115200e-01,5.674948986893424419e-01,9.821219916537672345e-01,5.397988077723711031e-01,5.433394443689306685e-01,5.290735285576698699e-01,4.782067316616333552e-01,9.675697069201525391e-01,6.840313253264008742e-01,5.796634100775306386e-01,4.359649319527261757e-01,6.301556411771926935e-01,6.838519683221618850e-01,7.651016935075799497e-01,5.582757859591005456e-01,5.799760372120525975e-01,1.520090283743728288e-01,7.917041255896468677e-01,2.719758151595345619e-01,5.325199038898680293e-01,8.041425571389120286e-01,6.162066678514824813e-01,3.522711845227985972e-01,2.218415298471683450e-01,7.346089496676611041e-01,5.584656115591702941e-01,7.826388718542517386e-01,5.395288148629228120e-01,9.741277320457247813e-01,7.724703462644029184e-01,6.943370685155523248e-01,8.791319916170802218e-01,5.526729614471739271e-01,7.644985321679284018e-01,1.334081448451394647e-01,5.433080370434658635e-01,4.163403205481520652e-01,9.450230385337214933e-01,9.592533551721784679e-01,9.575116734051913880e-01,6.284580979973323211e-01,4.474939438774349632e-01,5.481550574215520166e-01,8.876273827903823355e-01,6.070722254331035739e-01,2.793755680521852747e-01,8.566468573395251696e-01,7.776091642346776300e-01,8.897969803026124780e-02,2.816702302042182193e-01,7.508466616700395502e-01,4.201613710643639088e-01,7.035293595508184117e-01,3.290874809886850105e-01,6.765467608740058925e-01,4.092421647179425581e-01,1.535537217372950902e-01,9.479279893077190433e-01,6.781324811819073872e-01,3.277273300910260589e-01,5.882441282098980206e-01
