0.000000000000000000e+00,2.448468338526310073e-01,7.555049331011455260e-01,6.924103170358993919e-01,6.141224940310663349e-01,9.339484186407427391e-01,7.002117174407055389e-01,6.536549202418928672e-01,9.838703425987995743e-01,4.818006397255167328e-01,8.623499980765679807e-01,8.490131397028402027e-01,8.027028433079328451e-01,9.157865525258499506e-01,9.266354533216825118e-01,7.767800688074252280e-01,8.392823075508722974e-01,8.568781127719683477e-01,9.316051547128302301e-01,7.061984450997370599e-01,9.300010733836404642e-01,8.323891914051340102e-01,9.704652479818756117e-01,8.282091861014747591e-01,6.910223358042869579e-01,5.412496772846402404e-01,6.919903910796965096e-01,9.409796411702363583e-01,2.997161004597820311e-01,1.873497992718292926e-01,6.109244741365759124e-01,8.521859868865218068e-01,8.289601325422262246e-01,9.691782041682599491e-01,6.097861213213323639e-01,7.848824836792153148e-01,4.300617753774843011e-01,9.469356183047153985e-01,8.544131198140385575e-01,6.537715637858579898e-01,6.373242891367005836e-01,4.328470442934208018e-01,8.262714589637507601e-01,8.267995516890626062e-01,9.593667541390938913e-01,6.287354433910760099e-01,8.926969707139177368e-01,7.152064390179632136e-01,9.970972807136680993e-01,1.570886326590656135e-01,9.097293726050295071e-01,9.630084804491889638e-01,9.089668359526700270e-01,7.314816749204140489e-01,8.237878712575166240e-01,8.215905975881093726e-01,6.014557141890014558e-01,8.171536981920773934e-01,9.378251300065942875e-01,6.452362948775748341e-01,4.428162571878665466e-01,9.004346291059618368e-01,5.337650722637964362e-01,8.375124884404665515e-01,8.612158754252072779e-01,8.627630094500602365e-01,8.070307635608964247e-01,9.913070583762098043e-01,9.906458075080759595e-01,8.814226941886473821e-01,5.106417966554704924e-01,1.352412357486873495e-01,4.673741213709941000e-01,5.152205201534620915e-01,4.382056589128506818e-01,8.365303793040974600e-01,9.700355799769532217e-01,8.464398570113602638e-01,5.396978906860685488e-01,4.091805060952475870e-01,4.116838612860528324e-01,6.096721080345868238e-01,6.866054594199658689e-01,3.348747811804022589e-01,9.556557561570460102e-01
2.448468338526310073e-01,0.000000000000000000e+00,7.640010145037358091e-01,8.013143471933319439e-01,6.778170398363245752e-01,4.993987018657449761e-01,3.913854846663830656e-01,5.453009092602737473e-01,7.902056330671103357e-01,6.427497838477616021e-01,8.231656685934028994e-01,6.667925935968264106e-01,7.895236490130355111e-01,8.477703417707723732e-01,9.128171468543067046e-01,3.118320315188151670e-01,4.168533751972490764e-01,8.273726434308982247e-01,6.788426152720654638e-01,8.848620926776322726e-01,7.698108205213803901e-01,7.472230178093732800e-01,5.710490882807131019e-01,8.589857117546960685e-01,2.636643114913197472e-01,7.554746200273657619e-01,5.392690584197017412e-01,6.688273793974117698e-01,2.137836745962621854e-01,7.681963889749706675e-01,5.067837480363278635e-01,7.524116577669419659e-01,7.628574709090704120e-01,9.396090323231047758e-01,6.782207135032234380e-01,5.250789125002851554e-01,5.039509871520996276e-01,7.436508759748913233e-01,5.794022759709966941e-01,3.904204440253870034e-01,5.302163078019613840e-01,7.905520740042496497e-01,9.651545604658124944e-01,4.818464485372719319e-01,6.255378715948953783e-01,6.774264381414724090e-01,8.063597398022122054e-01,5.699824154080361804e-01,7.842528629975182852e-01,7.212536216025489111e-01,3.043022643666649651e-01,4.457103141943316027e-01,6.724318614398858696e-01,5.332570793732727132e-01,5.075665467687845434e-01,4.777153169200433758e-01,1.458062344870613425e-01,9.173361608495492758e-01,9.303740632252504028e-01,4.201940403776817101e-01,7.204423152031129707e-01,8.498704253072257853e-01,2.514352287463325619e-01,8.037326174624201958e-01,8.618361029956294050e-01,4.842656614970518580e-01,6.390740411309655533e-01,4.811584862961045816e-01,2.043898789402477933e-01,6.781251699418356926e-01,9.039693281353381460e-01,6.033998831126071716e-01,5.725129924265328629e-01,6.596190972507709471e-01,2.911550203589338692e-01,6.729061469870070145e-01,8.499006513382545425e-01,5.050386844557449573e-01,4.789793485481108615e-01,2.927100156828321698e-01,7.194960583486527117e-01,9.211895852947762364e-01,4.120310889584795633e-01,1.379026983913153870e-01,7.604125773637048225e-01
7.555049331011455260e-01,7.640010145037358091e-01,0.000000000000000000e+00,6.653595282278406131e-01,7.393640255832465424e-01,7.301598953364585309e-01,4.430906544530713309e-01,2.002665864150595665e-01,7.105289854059421151e-01,8.866155408799498705e-01,8.557573875856594459e-01,7.194250613429580277e-01,8.300310207344955282e-01,6.537174434380769172e-01,4.059478306816231008e-01,8.239911223406863883e-01,8.881225885187771230e-01,5.806070187233914881e-01,8.749022153133817481e-01,9.010441501392770780e-01,6.236452109446820602e-01,9.929155733271284312e-01,5.642804128657904483e-01,8.346640622448253666e-01,9.859277673158681754e-01,2.422184175583451948e-01,8.824046521887406458e-01,8.381233104750958063e-01,7.920179126450933582e-01,3.876282933816020959e-01,6.420198821501708064e-01,8.166644853726015008e-01,9.030588414616776971e-01,9.639445898132590340e-01,8.418233087428879102e-01,3.072695448649589434e-01,6.150628298467132327e-01,4.080968704744327158e-01,7.220125114872342209e-01,8.763078532219229499e-01,5.406971507527583709e-01,9.460334419927882710e-01,7.237385558552316134e-01,8.078521852549560567e-01,7.085440406581932082e-01,9.302000091773070523e-01,6.602634402621840870e-01,9.516206042014797584e-01,8.080873504553246489e-01,9.515604489696397605e-01,8.786952633753726261e-01,3.858610740425895136e-01,8.593000794708047785e-01,7.101843755322104768e-01,6.778235586336964769e-01,6.005351211340522743e-01,5.808459285324534260e-01,9.467077632122076203e-01,8.608593411236309390e-01,4.281875924565743396e-01,3.303792896966785131e-01,2.211784025599921322e-01,9.434671116748943875e-01,6.685535493921591632e-01,6.239615006086079996e-01,6.331737410536696364e-01,9.891486114442066269e-01,3.171618099024022808e-01,5.771918237752523551e-01,7.951309003936363196e-01,8.842666607444883420e-01,7.379828244684891736e-01,3.149218898781183107e-01,3.439601146356825456e-01,8.054555848421519615e-01,7.992800082989345301e-01,9.467121392954755965e-01,8.343587490956106967e-01,4.792204821696255945e-01,7.697678248030175308e-01,8.675457355965419115e-01,2.843985305337609626e-01,7.253698250854335727e-01,9.239374403174371864e-01,6.635045266934653796e-01
6.924103170358993919e-01,8.013143471933319439e-01,6.653595282278406131e-01,0.000000000000000000e+00,6.465769690265957825e-01,7.693029523922775281e-01,1.129956093981803258e-02,6.542434708891984307e-01,7.735203607689524752e-01,9.271713618504435761e-01,6.869707223721306377e-01,9.166477043625879118e-01,7.367933980776480984e-01,9.595806879684436463e-01,9.727918108265014574e-01,4.909818016916204786e-01,4.427000259080765554e-01,9.601762577639859630e-01,2.155528438075709485e-01,5.866522318667253266e-01,7.687085819032555278e-01,1.293486681279662764e-01,8.104775533874717386e-01,2.124318062401726048e-01,6.611430315744414310e-01,9.216760065662891188e-01,9.332936607959011477e-01,5.965113131060156837e-01,5.723696130296735962e-01,5.670104204922372659e-01,5.256670299116550371e-01,6.999597066608740370e-01,6.040736108399975546e-01,6.818460965431794030e-01,9.972037389593964019e-01,2.663594296700423913e-01,7.153746486310197383e-01,4.828713758831597591e-01,9.723187223520560751e-01,7.775587331497390009e-01,8.783921320438428104e-01,7.153880868002372440e-01,9.434730204365899819e-01,9.579648525803868830e-01,7.500147963407485241e-01,3.059152682135358736e-01,8.082557416999862632e-01,1.476089345113202056e-01,2.193526257739040752e-01,7.614433798595234837e-01,9.311452251334353392e-01,8.419184634899511410e-01,6.955542380015171666e-01,8.023673615230925149e-01,8.129310804904347210e-01,6.350653519363633759e-01,8.174413982332767725e-01,8.658367370880528657e-01,8.666790210722384868e-01,7.232533036875485877e-01,5.517236625764188052e-01,8.658003847051893853e-01,8.326597806969269211e-01,9.329547189827447351e-01,8.281969169079504978e-01,7.922982012358558146e-01,9.526146979267272608e-01,7.735507543060787805e-01,7.551762885551849269e-01,9.809126306518821670e-01,9.980545278894596972e-01,5.482197777829030949e-01,5.935381832241871658e-01,7.403941834105127739e-01,8.427817898395677521e-01,4.981489317200257227e-01,9.797225662015321968e-01,6.063161313003285757e-01,2.867496985195723269e-01,4.611791656244705329e-01,3.710909744167174562e-01,9.655927591872064397e-01,4.609294548397401270e-01,6.950346254164566639e-01,3.628205621985401974e-01
6.141224940310663349e-01,6.778170398363245752e-01,7.393640255832465424e-01,6.465769690265957825e-01,0.000000000000000000e+00,8.398709130178271254e-01,4.429727269025665048e-01,2.654645546100516951e-01,3.366656548889490619e-02,9.842453536950708237e-01,8.729941868666375449e-01,6.463389344735329667e-01,6.134055580709183442e-01,8.900122972808125477e-01,8.764301925333397580e-01,7.736260929449292334e-01,7.616699564215132501e-01,8.446511324455104885e-01,7.852723923027051800e-01,3.943350326410262063e-01,8.703989309676314345e-01,7.609754849217018613e-01,9.878133634989325618e-01,8.232832428204214237e-01,2.295381992650195602e-01,6.611776212430018340e-01,7.289380346548542944e-01,2.310173514833755160e-01,6.334748225468030958e-01,1.623828562562413813e-01,5.903762017223792569e-01,8.487786524408589273e-01,6.482425113791152604e-01,3.834317153659684285e-01,6.588704004882494081e-01,4.555972311910465034e-01,7.778137967528441221e-01,8.902059960513126757e-01,5.600284101479565679e-01,8.642932318447730244e-01,7.791315809802529246e-02,9.606208718559465787e-01,8.459051067796203860e-01,8.247941473736443152e-01,5.672039523382623738e-01,7.569059018797823502e-01,7.488911620006708514e-01,6.858235581015950100e-01,5.941045659786003963e-01,7.147867321277056041e-01,6.431621251671686412e-01,8.276622341417735340e-01,7.301261011515662869e-01,8.007774477092856058e-01,6.486407717363618097e-01,6.498231515774816058e-01,4.525583172084493566e-01,8.826900894061916469e-01,8.280257213879442801e-01,6.719133377082576741e-01,4.731499342233713712e-01,6.474852740491199299e-01,8.474960478843850398e-01,8.508218986536610906e-01,7.271394407169695651e-01,5.001411736435026345e-01,-2.835806789016169227e-01,6.810295996438533450e-01,2.495384878298256837e-01,9.500190903445346891e-01,4.037829670293802686e-01,7.490969444406889721e-01,3.230200945451006111e-01,3.561346439674515363e-01,7.163498202026643558e-01,9.267029516459950322e-01,7.962140756162752186e-01,5.727116472893372112e-01,4.182408300486781805e-01,3.365369249225595438e-01,6.689580950941582671e-01,4.094612446660196303e-01,9.463154935227244824e-01,2.826027207284642845e-04,3.471576869416926892e-01
9.339484186407427391e-01,4.993987018657449761e-01,7.301598953364585309e-01,7.693029523922775281e-01,8.398709130178271254e-01,0.000000000000000000e+00,6.364876062405110391e-01,6.054793611943209974e-01,9.608741534384986904e-01,7.540478482312352737e-01,5.774704420618222145e-02,6.482261729269056527e-01,8.193870998313079745e-02,7.796515411384798977e-01,7.919973379891327436e-01,6.047429759913601766e-01,8.493784470423559885e-01,9.918956325716463684e-01,6.998621950528189917e-01,5.469290451551356291e-01,8.935018725228691672e-01,8.848711979074371792e-01,4.023926153948264028e-01,9.649333863765334751e-01,4.238362676883038471e-01,5.375145533819727373e-01,9.678793571639516813e-01,8.557355334261746993e-01,3.914578258603939043e-01,6.210231367552293547e-01,1.135941035173526625e-02,2.946902384750674786e-01,9.975763395414229961e-01,6.470853649559078491e-01,4.157886491511427196e-01,7.231915503438650639e-01,7.830264214875887196e-01,3.597162332312275890e-01,6.961439956666376494e-01,5.456046159869387679e-01,8.445599177551760262e-01,7.556079112200771997e-01,8.317822334038555976e-01,7.265461959781338575e-01,4.815519925923200106e-01,8.476703821308405606e-01,2.080060367614437744e-01,9.981658247679022766e-01,4.791999358941589349e-01,9.673717367806566880e-01,5.016641127744008166e-01,4.950314836420165454e-01,2.151275701173095412e-01,6.370998250164199295e-01,8.577879475905559881e-01,9.412064321941908673e-01,5.785546893191118034e-01,4.701600803692002617e-01,6.505468025505785068e-01,4.852677236858464194e-01,4.213803561014910493e-01,9.132594548006391921e-01,4.451720292898995318e-02,8.496900223733550028e-01,6.118146885136893642e-01,6.717435910247600006e-01,8.395772653860016366e-01,9.316400690091177772e-01,7.191903164448800734e-01,8.185095860109192767e-01,4.628949686939903829e-01,7.745225747862404253e-01,1.688259237546836655e-01,3.769873534015424354e-01,5.496742607012232718e-01,6.197665754477560407e-01,9.814696741389257184e-01,6.409969761655698317e-01,4.421699060819070937e-01,4.353478793559510396e-01,4.845943519253183007e-01,7.133142070360510845e-01,9.050796335547622862e-01,1.457401981403425861e-01,9.252094790283833525e-01
7.002117174407055389e-01,3.913854846663830656e-01,4.430906544530713309e-01,1.129956093981803258e-02,4.429727269025665048e-01,6.364876062405110391e-01,0.000000000000000000e+00,7.204394207982653953e-01,3.639976216742718540e-01,4.323880657420521856e-01,7.681484367678528269e-01,4.245665308968520901e-01,7.582871519034325436e-01,7.966427394923702998e-01,2.792210703508543612e-01,6.934355353844467995e-01,7.110360068977795711e-01,6.285652826489569467e-01,4.207705879434796570e-01,7.792537383923322514e-01,7.347555479926068944e-01,7.982919037605098467e-01,3.050081884706071222e-01,6.254566556363460039e-01,4.966512936250371268e-01,2.975471073336177774e-01,2.848740311618033205e-01,6.636619736939957104e-01,4.078054771727253336e-02,4.944003783240824013e-01,3.723238512567383918e-01,8.939153937087280788e-01,4.870412082539502530e-01,7.660648793857742778e-01,3.554626763281089064e-01,-3.948341841807445629e-01,3.555619118648518096e-01,6.938160227078237208e-01,6.754855566886086571e-01,4.798863022180661631e-01,2.700755352081033456e-01,2.741480846765876334e-01,2.734393969603203245e-01,6.268507179649382977e-01,9.210884606531174468e-01,4.832835032590587776e-01,7.720427028576350992e-01,4.721397305216391560e-01,4.487999615194961378e-01,5.830438447846690853e-01,6.787538630596072764e-01,5.885762916779202492e-01,9.744985716419686250e-01,7.330466158830981627e-01,8.755094792475386356e-01,7.812764783540699920e-01,5.453418868549234633e-01,9.154760434989469564e-01,7.875826231856868365e-01,9.150932231080462220e-02,4.921681419354993481e-01,4.298598549955353065e-01,1.502971372645515169e-01,8.203598347584517558e-01,6.355248137741330572e-01,7.829947232148546377e-01,8.947225258903058753e-01,4.054182062693394428e-01,5.959434954322784250e-01,3.403369760401283584e-01,7.929892981415096465e-01,3.848262954810400815e-01,2.848721361972761934e-01,4.867503759739488789e-01,3.041233455969474808e-01,5.454150585944657070e-01,9.985102141649209173e-01,4.410122691374506743e-01,1.539021252192580569e-01,3.387146895757143783e-01,3.423270509190144417e-01,8.570756670631245466e-01,3.981443956670990270e-01,2.110292219963769700e-01,6.406640748002341290e-01
6.536549202418928672e-01,5.453009092602737473e-01,2.002665864150595665e-01,6.542434708891984307e-01,2.654645546100516951e-01,6.054793611943209974e-01,7.204394207982653953e-01,0.000000000000000000e+00,5.668081173745014301e-01,6.321656889290562242e-01,7.293614821273863846e-01,6.877628388472205589e-01,7.641461891917959992e-01,7.960988377730707777e-01,7.545569942484197101e-01,3.199048985074717105e-02,6.615909864964059084e-01,7.426023462623696503e-01,8.657494303965631577e-01,9.323549490715932198e-01,7.936112999680017266e-01,9.180257037269713427e-01,6.953120556287254450e-01,9.421480177742328488e-01,7.291146782981409169e-01,6.735443902811706351e-01,3.943484539994112081e-01,8.378402791244796699e-01,7.288489206815704780e-01,3.959763939892662066e-01,7.983049793902395885e-01,4.924832938503618807e-01,6.041569496369847414e-01,9.602569925791059058e-01,3.823778166547394664e-01,1.934828517563104144e-01,2.611234361504020107e-01,5.053412038372352422e-01,9.236150534144115243e-01,4.452961635267551066e-01,4.162570850388773169e-01,6.834451965426785458e-01,5.981998891780684335e-01,3.250942707672163645e-01,8.392146035417653582e-01,6.402645964347938312e-01,5.040580566796339923e-01,9.906419042731994251e-01,6.731600971705840042e-01,5.990273734541864958e-02,7.780246481327582897e-01,9.784477761968015663e-01,6.292280382747210687e-01,1.157831370050918657e-01,7.563442774997841678e-01,9.035341704966953769e-01,5.862049197401861811e-01,6.266021361190716732e-01,8.918071397068102479e-01,6.993904579862716409e-01,7.364194236935733828e-01,4.967550185229589466e-01,4.758014195485961717e-01,7.791608126199186524e-01,8.267277868033995336e-01,7.630124275038523418e-01,6.459717594487596193e-01,4.714586923644921712e-01,6.349263987103448414e-01,3.498737166463720127e-01,6.778710346098093531e-01,3.855340988459555751e-01,8.403110973055816224e-01,5.291739089308428179e-01,3.726503211271386395e-01,3.501418925538679061e-01,9.180895396646082673e-01,2.697894634066455022e-01,5.613485244512089745e-01,1.777775867099500307e-01,4.244880518508534206e-01,7.614564430861781030e-01,4.602533128975229149e-01,4.302811175884746486e-01,6.529443423458205498e-01
9.838703425987995743e-01,7.902056330671103357e-01,7.105289854059421151e-01,7.735203607689524752e-01,3.366656548889490619e-02,9.608741534384986904e-01,3.639976216742718540e-01,5.668081173745014301e-01,0.000000000000000000e+00,4.697281013716022580e-01,5.892468692128003394e-01,5.970314528730304993e-01,7.793284936326240198e-01,4.209648346042096367e-01,7.750851088713672787e-01,5.838924862255450154e-01,9.947564191635051012e-01,4.750339026994860325e-01,6.706108718772694210e-01,9.721499131677551198e-01,9.609520861691979166e-01,5.626743206299951172e-01,8.316288904560770190e-01,7.476624461392826770e-01,4.953354405032852625e-01,6.427118149878308095e-01,6.622486220511371036e-01,4.542647569819464604e-01,5.877236410182674620e-01,3.717641867879002415e-01,-6.412494484902275804e-04,9.705775673756974475e-01,1.581085121124249093e-01,6.004566712059280498e-01,8.615851017363033160e-01,2.084234372535472279e-01,6.024304630899883772e-01,3.149230679408334121e-01,2.466572751342073211e-01,8.337176104309221847e-01,7.301778554631094265e-01,6.114806299841307746e-01,6.084944154704088337e-01,9.751028275082879171e-01,9.786810115597728288e-01,8.130699404443846312e-01,3.726537268163310213e-01,2.137866149911801517e-01,9.154081291709804669e-01,6.037641804140769786e-02,8.624413871254259512e-01,6.635061960948733795e-01,7.447481115582478273e-01,6.996582100685762029e-01,8.917623807605775665e-01,5.809217010654056379e-01,5.870371048473945752e-01,6.303895049208706469e-01,9.822620336196554724e-01,-5.808575545885263924e-02,4.015066279063845278e-01,9.020137447793588059e-01,5.409133450810825749e-01,8.397636883387304962e-01,7.309079812749847971e-01,5.412959215360745313e-01,2.082926873953963240e-02,6.254281988872871789e-01,5.831845516165160559e-01,7.691565993108713251e-01,6.912794797436890848e-01,8.025108217246947895e-01,2.674286730394695999e-01,9.326310936164011745e-01,7.022465284324360679e-01,7.838517260634092487e-01,5.325989909222967889e-01,8.880512993461159299e-02,8.329557707478432160e-01,6.079637066195309192e-01,3.740026735796265767e-01,5.921714432369040715e-01,8.223716178403244204e-01,6.576446304397153275e-01,4.583970483624801306e-01
4.818006397255167328e-01,6.427497838477616021e-01,8.866155408799498705e-01,9.271713618504435761e-01,9.842453536950708237e-01,7.540478482312352737e-01,4.323880657420521856e-01,6.321656889290562242e-01,4.697281013716022580e-01,0.000000000000000000e+00,-2.602942420539728907e-01,5.878856036165925891e-01,9.791900073760081424e-01,9.347977269841765136e-01,7.182733392712771225e-01,8.725413979526809305e-01,4.076348261537053319e-01,6.623585085797797367e-01,9.226045172309026432e-01,9.881738366802483853e-01,9.770674326515711439e-01,3.865143233471042827e-01,4.415064195424582283e-01,6.412148744679433410e-01,7.805697839657277370e-01,5.464225572494332273e-01,6.883213003398490626e-01,6.408406560828744380e-01,4.825161656739999083e-01,2.967836623330077916e-01,3.836137988457635206e-01,7.237885192276366508e-01,8.082911658950694411e-01,6.029521528727792568e-01,5.771304877077535478e-01,5.907603801273672017e-01,1.552778071382791281e-01,6.966474105255854310e-01,9.290180593366139661e-01,9.987437266759392474e-01,5.639230334857159299e-01,9.613371967051512756e-01,6.208967206689137708e-01,4.104389472412411921e-01,7.970198828545991265e-01,9.474844474430348384e-01,8.847099506758929754e-01,9.920655786998145986e-01,4.675997430365456120e-01,9.474623237617825211e-01,8.096017836238614818e-01,9.093288863798658639e-01,8.663422556113380413e-01,6.943285007777163509e-01,8.015251019442067859e-01,7.584292395055837188e-01,8.975058335248176089e-01,8.826731133763640047e-01,8.256980892953977857e-01,6.172256683454625525e-01,3.680387816625907416e-01,7.964762533914730991e-01,6.537983259738613384e-01,6.057423742420126045e-01,8.329184326417897744e-01,6.051029774867224820e-01,6.237634102646306689e-01,9.719556564944088484e-01,1.709432303935898463e-03,8.845099485524200444e-01,8.894960657371382418e-01,8.797608502097701288e-01,3.923339594477758263e-01,7.660274173123080566e-01,7.317099353636423720e-01,8.536342365039799596e-01,6.448065585634539243e-01,3.493596073456043394e-01,2.014481937031189496e-01,5.915278788829430034e-01,5.897450561573616135e-01,7.239094173656742681e-01,8.442234965715498252e-01,3.051786623878553484e-01,7.772191070403685620e-01
8.623499980765679807e-01,8.231656685934028994e-01,8.557573875856594459e-01,6.869707223721306377e-01,8.729941868666375449e-01,5.774704420618222145e-02,7.681484367678528269e-01,7.293614821273863846e-01,5.892468692128003394e-01,-2.602942420539728907e-01,0.000000000000000000e+00,9.576863557671445593e-01,6.694372708456080012e-01,9.102205744593598880e-01,4.518649472200570449e-01,4.031732245749750643e-01,7.594955188163965421e-01,4.823827463523926995e-01,4.514462738569340883e-01,7.061736364830073498e-01,8.485562697585448122e-01,5.240395508254762635e-01,2.003868076777010621e-01,6.268346060460940894e-01,8.659961315173073659e-01,8.729570197597429360e-01,7.989259062032829650e-01,8.819148251520916304e-01,6.038651479344613326e-01,4.172191719634740226e-01,4.293628331493303807e-01,6.301968782065897612e-01,7.127930160105083734e-01,2.694667765806894044e-01,8.941314908021172903e-01,6.527791846526918018e-01,7.645889036595933108e-01,6.426274659376830511e-01,6.192398230734992293e-01,9.631362190016478086e-01,3.877748819983967143e-01,4.287522797606468927e-01,9.493363114832713556e-01,7.610825398054409385e-01,9.611196701693728306e-01,5.621272193425604913e-01,1.459128630944810101e-01,8.391514292594469682e-01,6.045477598863996382e-01,5.475163731592030958e-01,5.842490248265037600e-01,7.992538807580884530e-01,4.645615709094867429e-01,8.802467688611936847e-01,6.712429953049695586e-01,7.240076197057062624e-01,7.762984289814328642e-01,8.714927394565505914e-01,8.342643170958849996e-01,3.039966934202963378e-01,4.560225217328103819e-01,5.908936239136695079e-01,9.616351896163801705e-01,8.897838120660123140e-01,6.776829190588485874e-01,6.852992566001770980e-01,7.323703913536921961e-01,6.017988651132449157e-02,6.632122836147400502e-01,7.281081791470774833e-01,9.460272071638414770e-01,8.474940090209380772e-01,4.642447981112141075e-01,6.258508851860574707e-01,4.158460778630790333e-01,7.776985859279580415e-01,9.928752301385677104e-01,9.487153305559374861e-01,5.282372102769529176e-01,5.446166312829442413e-01,5.590526190910074522e-01,4.290019442425379026e-01,8.424117772802945936e-01,1.903911123822968066e-01,8.804566914284759349e-01
8.490131397028402027e-01,6.667925935968264106e-01,7.194250613429580277e-01,9.166477043625879118e-01,6.463389344735329667e-01,6.482261729269056527e-01,4.245665308968520901e-01,6.877628388472205589e-01,5.970314528730304993e-01,5.878856036165925891e-01,9.576863557671445593e-01,0.000000000000000000e+00,9.392120503073990712e-01,2.156624389697074096e-01,6.750374131225840291e-01,9.214306296069372237e-01,8.449649978812487916e-01,8.451652305255982212e-01,6.739848790344764584e-01,8.855978189622559782e-01,8.307735159244371559e-01,6.111925253679287851e-01,6.206272592485420070e-01,7.531124078354807239e-01,8.860089114247194919e-01,8.764220881369159111e-01,8.020318832695736422e-01,5.142375772772196374e-01,5.409114939827159851e-01,7.389329009439734586e-01,3.125175321058318301e-01,4.441593409897620637e-01,3.799300915314635652e-01,9.283409366949374464e-01,7.382916991034289556e-01,6.242148473034715428e-01,2.801960331009230032e-01,5.079878389451419896e-01,8.590638632783106354e-01,8.067179056347568711e-01,4.481988937271557116e-01,8.170835169058412450e-01,6.121656302306495157e-01,9.089347407293242309e-01,6.205234602810240085e-01,9.973383054425035699e-01,7.378015092485672444e-01,9.623479436100652595e-01,6.047794428083103080e-01,5.316122961677782754e-01,2.045608401639093799e-01,6.330340932343605509e-01,7.530041189736114138e-01,6.385339506887210970e-01,9.856651085469496643e-01,8.362563728530224560e-01,7.545830241280218065e-01,8.843473825714661674e-01,9.691449032042558365e-01,6.116536945909577527e-01,2.382117138130914746e-01,8.146583857501846770e-01,7.849348059773697539e-01,9.729819223020408359e-01,9.166460287988764666e-01,7.755971904510539083e-01,7.355473748420098268e-01,5.222012687199739656e-01,7.971608017878291097e-01,7.710045578940120103e-01,7.099069989366560973e-01,4.829955061635936575e-01,8.175752541806978746e-01,6.334211447749609203e-01,6.458764708657017684e-01,7.385088342894374769e-01,9.631182486469269666e-01,4.492380019985053319e-01,2.445779163467042272e-01,1.770317622418376979e-01,7.318239206467908042e-01,7.159205220410270742e-01,6.393352281490187750e-01,5.653191529685968053e-01,8.035368660361776882e-01
8.027028433079328451e-01,7.895236490130355111e-01,8.300310207344955282e-01,7.367933980776480984e-01,6.134055580709183442e-01,8.193870998313079745e-02,7.582871519034325436e-01,7.641461891917959992e-01,7.793284936326240198e-01,9.791900073760081424e-01,6.694372708456080012e-01,9.392120503073990712e-01,0.000000000000000000e+00,7.694719443166944117e-01,9.303430803773167224e-01,8.584028236672014422e-01,7.243191378798116142e-01,7.759767815424083448e-01,8.765123540321629880e-01,8.557623162067335976e-01,6.880687415865978096e-01,9.894519131072125884e-01,8.344315182528965202e-01,2.950745104850605038e-01,3.931219457718374000e-02,8.064134991046003620e-01,6.465823096279390558e-01,6.107367411741982943e-01,6.465673758517362923e-01,3.322499171285842046e-01,4.359376714920029094e-01,7.439921674269778240e-01,4.549604875633233569e-01,9.844673685560898502e-01,6.211596217820155585e-01,3.789570379898885566e-01,5.284990458863391138e-01,8.532427848936783299e-01,9.020475782109124152e-01,4.226964708225918743e-01,8.610861666611993037e-01,8.852653974018039884e-01,8.687657645138959772e-01,6.453301594804378150e-01,7.755603741429702991e-01,4.613559180608959864e-01,9.976778008428592859e-01,8.591842909086644386e-01,9.977896854381895775e-01,6.321709835045487003e-01,7.005616706709906216e-01,9.525153456232875460e-01,4.724734470069937853e-01,6.422786833544990026e-01,5.417209640859470543e-01,7.883644995796292854e-01,7.652455072920236745e-01,8.651947724890056701e-01,7.098684239979766719e-01,4.050948966557895714e-01,5.360674972109684688e-01,9.377147611824830920e-01,6.088997962974136424e-01,9.050845137717165034e-01,4.695763565766855607e-02,6.776285480081040147e-01,8.332189925849349255e-01,5.493123314770221866e-01,5.662501195293609957e-01,3.863056269514022478e-01,9.308309685024607205e-01,9.864676139210620809e-01,5.224039648833757044e-01,2.102329763537716389e-01,4.331544934366265420e-01,2.804044484367040901e-01,9.543646452164158411e-01,6.481941029481641525e-01,7.808382278737351356e-01,5.702863509851329171e-01,2.030048896721228235e-01,7.486078327706052749e-01,6.960661103331278188e-01,3.828155840846227953e-01,6.384524984467779829e-01
9.157865525258499506e-01,8.477703417707723732e-01,6.537174434380769172e-01,9.595806879684436463e-01,8.900122972808125477e-01,7.796515411384798977e-01,7.966427394923702998e-01,7.960988377730707777e-01,4.209648346042096367e-01,9.347977269841765136e-01,9.102205744593598880e-01,2.156624389697074096e-01,7.694719443166944117e-01,0.000000000000000000e+00,5.049870455248750556e-01,7.810422599906194918e-01,8.529085352919976160e-01,8.525707553349872736e-01,8.021959999512601192e-01,8.369017435520939019e-01,8.373012082598969563e-01,6.420758889485649323e-01,4.947592529514505122e-01,9.833936541320147384e-01,6.714868891525628269e-01,6.998853923308745451e-01,7.198845958876971540e-01,9.559927148513642781e-01,4.052095239451661279e-01,2.815520786984717083e-01,6.945499261673946378e-01,6.807530871068934175e-01,6.047449572638794457e-01,4.985039486656295260e-01,5.335228128388741498e-01,3.217154319484580860e-01,3.736495539898124774e-01,8.603702107388515596e-01,9.435525675167506510e-01,7.256433470766241456e-01,5.173055575431815267e-01,9.604893831269367688e-01,8.039146911096158865e-01,9.701229775041505521e-01,7.909867812819262323e-01,8.242414042821931686e-01,8.755614842383532270e-01,6.446314351243533913e-01,3.992856621222191094e-01,7.244741059700959829e-01,6.957304126395371657e-01,9.091203476723913601e-01,8.734082809369148048e-01,7.370006213369557635e-01,6.276999042936466378e-01,9.914700407970900020e-01,9.305974189174459621e-01,9.083354758333003209e-01,7.689655342997057108e-01,7.158565081818757392e-01,5.344550582907707792e-01,9.442215569693227506e-01,4.418047824296038595e-01,9.901473660299081603e-01,3.992447268027182750e-01,5.013289284623612119e-01,5.649286474755348397e-01,7.373046928218307539e-01,-1.054640533341041075e-01,7.742551618084386744e-01,6.943025815953207669e-01,4.063810683434589954e-01,2.368928189228082792e-01,2.471311557083413213e-01,5.955190366057100393e-01,9.562712451905002187e-01,2.877496111836658210e-01,8.435877203100439203e-01,5.352027497831716163e-01,7.446034117449416845e-02,5.900307788995904357e-01,8.830706280809392794e-01,3.160192713149450050e-01,7.914212312518802417e-01,9.418116667881502035e-01
9.266354533216825118e-01,9.128171468543067046e-01,4.059478306816231008e-01,9.727918108265014574e-01,8.764301925333397580e-01,7.919973379891327436e-01,2.792210703508543612e-01,7.545569942484197101e-01,7.750851088713672787e-01,7.182733392712771225e-01,4.518649472200570449e-01,6.750374131225840291e-01,9.303430803773167224e-01,5.049870455248750556e-01,0.000000000000000000e+00,6.262859824648298046e-01,8.392139498742076098e-01,7.002256985992825200e-01,7.658813310518707285e-01,7.724174638903119616e-01,6.615209543935928194e-01,2.234478843694337746e-01,9.760828177517750781e-01,7.783530242761891316e-01,4.239754170810615119e-01,6.346395544556089341e-01,9.705641224592267413e-01,5.425193120265411340e-01,5.098217409306035064e-01,5.314586196777999483e-01,4.428265557447250145e-01,7.858286408032875148e-01,4.088469363619182673e-01,9.084394224648241201e-01,8.438682729082103151e-01,9.469091078282509955e-01,5.362611595237409823e-01,3.214449776176550588e-01,8.439780683150509555e-01,8.362606056002048760e-01,7.450234091642113921e-01,6.133806901937204348e-01,6.559803216194861619e-01,5.263593730186382214e-01,9.393607108742834111e-01,9.368335082769170263e-01,3.714709336109514037e-01,4.952258330491620675e-01,4.571640524421046181e-01,6.188969912521919969e-01,7.101668681434538666e-01,5.117361954763078868e-01,8.392531667178310117e-01,3.694850213189778687e-01,6.606090283480190450e-01,4.230058991071762309e-01,6.854473401779705988e-01,7.254880042024732800e-01,6.178938229098330792e-01,6.610442070170670092e-01,5.629354280648624087e-01,6.212179001510730325e-01,-4.212339687869492977e-03,5.869990492059542486e-01,7.839420894555491071e-01,4.325807104439157169e-01,8.860432667930293604e-01,4.861755803635027240e-01,5.937103819544374828e-01,5.532652391854198104e-01,9.416346613362984730e-01,6.062172288090820205e-01,6.228018867674232073e-01,7.244660878085480427e-01,7.703374478751742194e-01,8.882839508703040954e-01,9.285028769794808623e-01,6.520991386138793589e-01,5.802946481027138059e-01,4.179146893581011657e-01,8.937162699628469209e-01,7.024555128709173424e-01,6.463384192037354703e-01,1.877084668973685588e-01,4.399577936414703627e-01
7.767800688074252280e-01,3.118320315188151670e-01,8.239911223406863883e-01,4.909818016916204786e-01,7.736260929449292334e-01,6.047429759913601766e-01,6.934355353844467995e-01,3.199048985074717105e-02,5.838924862255450154e-01,8.725413979526809305e-01,4.031732245749750643e-01,9.214306296069372237e-01,8.584028236672014422e-01,7.810422599906194918e-01,6.262859824648298046e-01,0.000000000000000000e+00,2.101577929459365890e-01,8.755224598642715739e-01,5.161643198757662754e-01,9.177522965143568578e-01,8.992739174518621370e-01,6.343410959077485645e-01,6.282988203825896623e-01,9.948119640061533486e-01,9.087421305447900277e-01,9.327393509844089659e-01,7.856639591977786496e-01,6.905822799708498660e-01,5.706562119152024382e-01,6.153181621952855673e-01,6.441680692882253423e-01,8.732550104856140472e-01,6.444131285056886593e-01,8.866387058059196358e-01,1.721239476532061274e-01,3.193166640180506444e-01,2.694775710335695074e-01,6.477394402969361975e-01,9.992344683144095407e-01,9.973494122123488514e-01,1.602868517877555077e-01,8.698950100051823231e-01,6.441660260613918387e-01,5.923321373873997597e-01,3.635482785143250295e-01,2.779268804521648623e-02,8.515005157811093017e-01,5.031979091885306898e-01,5.881593566373131132e-01,9.926063300940050071e-01,4.007077206517638546e-01,6.844167861666382580e-01,3.653615522595149434e-01,8.348935823565305503e-01,7.606074149201705881e-01,2.213732018857634543e-01,4.295128850225609085e-01,9.451192201175880880e-01,7.098499420901407397e-01,8.449282102707267317e-01,5.507781732231593619e-01,5.663432790026934338e-01,9.734877761907402283e-01,8.470643581998326122e-01,4.617795100004801756e-01,3.987673711829778922e-01,9.543766472397018363e-01,8.343804359785218505e-01,9.984959583496690882e-01,1.497930134442554684e-01,9.583066018132488928e-01,6.536076477398102824e-01,-1.225405293332585133e-01,5.636621924106904880e-01,7.416507421862265081e-01,6.521003994785373736e-01,8.340069196999494450e-01,7.390029972511054090e-01,2.151431006008803215e-01,4.857162284854370515e-01,6.043707654364972592e-01,8.009243432130942475e-01,6.257495147645385503e-01,6.573453311669680277e-01,6.671175246292584404e-01
8.392823075508722974e-01,4.168533751972490764e-01,8.881225885187771230e-01,4.427000259080765554e-01,7.616699564215132501e-01,8.493784470423559885e-01,7.110360068977795711e-01,6.615909864964059084e-01,9.947564191635051012e-01,4.076348261537053319e-01,7.594955188163965421e-01,8.449649978812487916e-01,7.243191378798116142e-01,8.529085352919976160e-01,8.392139498742076098e-01,2.101577929459365890e-01,0.000000000000000000e+00,8.854517018070880985e-01,9.617880668156231216e-01,7.556900128043475551e-01,9.577307501434219050e-01,9.408500321655911547e-01,9.052451504629155377e-01,9.886080807942954074e-01,7.877911600805446168e-01,8.617673290672391850e-01,8.078331849501940720e-01,9.347053491197924169e-01,6.971061588255218489e-01,4.391089060967798274e-01,4.161694116763943185e-01,6.760423472271767098e-01,8.508431150141736454e-01,4.767443639089470331e-01,7.605700201213069223e-01,2.209226816038354912e-01,9.918053073379982931e-02,8.282210511536169939e-01,9.334098157428301068e-01,8.937877218782576128e-01,5.612780213789182460e-01,7.634223035234593002e-01,5.451246819263995125e-01,8.012371508733409087e-01,7.728109734049609658e-01,8.749431752625127512e-01,8.628990968794387761e-01,7.708926246635133817e-01,7.426708075048686908e-01,8.363262148769553539e-01,6.564692917245195103e-01,9.492014962824645297e-01,4.362750354433698741e-01,4.433401738972880812e-01,6.476699654655384553e-01,9.260407169781211811e-01,6.316819602391214872e-01,7.153229312915185822e-01,9.094655252159438152e-01,5.823733511229784998e-01,5.825160228728083478e-01,3.640502013126842296e-01,6.133658911724150231e-01,6.168248367319928427e-01,5.938408573061360052e-01,8.917518751419042378e-01,4.904909702725465115e-01,8.659683425706304893e-01,4.009177234334170281e-01,8.976990923117734722e-01,7.897102701853047080e-01,8.561888040878494754e-01,1.906840792342225366e-01,9.193534464454502508e-01,9.188522171600670418e-01,6.415745418784616350e-01,9.979929764213024690e-01,2.288372217090237359e-01,3.370228932755773843e-01,-1.742201989351205293e-02,9.621910651925588143e-01,9.048276909585784011e-01,8.621998479970300888e-01,4.185003862990474000e-01,2.623275666905356962e-01
8.568781127719683477e-01,8.273726434308982247e-01,5.806070187233914881e-01,9.601762577639859630e-01,8.446511324455104885e-01,9.918956325716463684e-01,6.285652826489569467e-01,7.426023462623696503e-01,4.750339026994860325e-01,6.623585085797797367e-01,4.823827463523926995e-01,8.451652305255982212e-01,7.759767815424083448e-01,8.525707553349872736e-01,7.002256985992825200e-01,8.755224598642715739e-01,8.854517018070880985e-01,0.000000000000000000e+00,5.434987706770374460e-01,9.902413926900329733e-01,8.921590476630701927e-01,2.278034182370396732e-01,1.526652133460325023e-01,9.219237671192391792e-01,4.382186520474188329e-01,9.780037994412335012e-01,8.222442447993024706e-01,6.082747426066146268e-01,6.464264240586270471e-01,4.929269183355986517e-01,2.822607458502582323e-01,6.609771962812063251e-01,9.457064581056370267e-01,5.393215195140053098e-01,3.402783666206620206e-01,2.687310288496406185e-01,5.082469106066752618e-01,5.712340348355782194e-01,9.096394801305123234e-01,8.533896816348600645e-01,3.794521674469046868e-01,2.197047739693053225e-01,8.924274454719828276e-01,8.732937563194780317e-01,9.708849016709333313e-01,6.060760599317306374e-01,5.394209915128478361e-01,6.201891373879199199e-01,6.828230154455416923e-01,8.072600821233557600e-01,2.056741736643446505e-01,2.047991833549924479e-01,-1.930237169870616665e-01,2.806324897906774529e-01,6.019430698472333363e-01,5.268241142004523869e-01,7.004875760721011035e-01,4.151788192192617521e-01,9.870427854327270545e-01,6.726237832611308143e-01,3.409472588370815460e-01,8.507403887400770692e-01,7.615130599004940049e-01,4.604438875684044863e-01,9.147259549956583413e-01,7.673508356884168879e-01,7.179753833131046203e-01,6.468727141935928238e-01,7.838442434041066331e-01,9.447537613356071784e-01,6.683342308740714000e-01,6.693433331254228236e-01,5.846376342772138246e-01,7.731402711366163194e-01,2.741176833671298829e-01,7.345519022599795722e-01,7.968815598063608840e-01,5.439607472916637709e-01,5.927321091638458883e-01,4.732382609462286727e-01,6.310009096406248297e-01,8.340831338784465698e-01,1.483640855604723974e-01,5.015082933917025532e-01,6.154186532220591310e-01
