0.000000000000000000e+00,8.129162832086098689e-01,7.796244467362717367e-01,9.208376397431677907e-01,3.744092821118749637e-01,5.951827222337382484e-01,6.617998708964869525e-01,6.100499633269038657e-01,9.059961856145041237e-01,7.367172538940229831e-01,8.316860743884032514e-01,4.980435081408509657e-01,3.896189643665296520e-01,7.542049558376521246e-01,5.439828881682360340e-01,7.119115653515173392e-01,8.429878511431854182e-01,8.755196642215175018e-01,9.441327734117472836e-01,9.167062802312789804e-01,9.984863405366728450e-01,6.040403837513681484e-01,8.253687675378164057e-01,8.973382602105063333e-01,8.510875530635446662e-01,6.700524533485801015e-01,6.369579287778660559e-01,7.308738812439020682e-01,6.508586523173321980e-01,5.473759494286689620e-01,5.439264697431556161e-02,9.845484208996415632e-01,5.056851475692398790e-01,8.579156375889522845e-01,8.824603079801528471e-01,3.850914729052063445e-01,3.561448365648574588e-01,8.039720202769387036e-01,9.971154261624656234e-01,7.597077099417823831e-01,4.128865227741521093e-01,9.938907436917556737e-01,8.461640516842163784e-01,4.515780093703357090e-01,7.033260935015037685e-01,4.351403516591358933e-01,8.168834524507561090e-01,7.085048142077046140e-01,9.450100991416209295e-01,4.867129218016135184e-01,6.508372313575467860e-01,7.127692526478021096e-01,8.493553053952238585e-01,8.895375140491708077e-01,8.685948951333216650e-01,6.464858702881883801e-01,9.942866976622285469e-01,7.728593035313053861e-01,9.559112854201150533e-01,5.803465221328438783e-01,3.397186206727824676e-01,6.872791916516094446e-01,9.868555606844989780e-01,8.940208551989052843e-01,6.012538785219085913e-01,7.319339674228545478e-01,4.918245716282366731e-01,7.934751444184000579e-01,8.527975470051317730e-01,4.348474334857248547e-01,7.779085700084539257e-01,8.202216188552404752e-01,6.363113150063209877e-01,1.633560536089972148e-01,7.936531666049462252e-01,7.979000766866266581e-01,7.170721484047447580e-01,8.523865520872989654e-01,7.491021072632383371e-01,1.924687241100317414e-01,8.088392801311969915e-01,4.661620226500885478e-01,5.784185306098740265e-01,6.361928127585656512e-01,5.365172586878025340e-01
8.129162832086098689e-01,0.000000000000000000e+00,9.890088019224547722e-01,6.354182714854849090e-01,9.422255786427009561e-01,7.531853514038147068e-01,3.209334631773370639e-01,8.296311348363167859e-01,6.004122420936497395e-01,9.889393524506090438e-01,9.952669026776668204e-01,7.507405682837380301e-01,7.561105119894262483e-01,7.369402680552192830e-01,4.421863030392332861e-01,7.314990399408383137e-01,8.077718773348814274e-01,8.664260158270076229e-01,5.691538714270183430e-01,9.428804048765523360e-01,8.531505602493839602e-01,7.083782370528435290e-01,8.641963972951519635e-01,8.590988705574695850e-01,1.546673457695940668e-01,9.375491882494293439e-01,7.331474434311604504e-01,9.664989508100165772e-01,2.408235099253313305e-01,7.600133711457782715e-01,2.717366860592088096e-01,9.415412397821756318e-01,2.931580427536992772e-01,8.676699409966095455e-01,4.428150906773066775e-01,5.187151941319243509e-01,3.679143347795558183e-01,9.982258263007137700e-03,4.285842189943895320e-01,6.498276449490613116e-01,3.650488510791378149e-01,7.634605844724247081e-01,7.139960504970565003e-01,8.984464057242982360e-01,9.959209375320137170e-01,1.643721065556064120e-01,7.817677874185295916e-01,8.809703392061617455e-01,3.619854629625415265e-01,7.658436627204601166e-01,7.488944444575891257e-01,9.657375007595478955e-01,1.512218670968658862e-01,-2.812537242150794925e-02,8.137244988220849740e-01,7.923145236363458022e-01,6.405976146818250783e-01,9.725385632629067745e-01,7.565992986163631029e-01,4.636933784631373512e-01,9.100837185295576059e-01,7.273757610005985308e-01,6.846717310195423734e-01,6.208334252892705463e-01,8.059549801988797890e-01,9.282972344038662449e-01,8.449643234282070425e-01,6.288688845928009918e-01,5.596990271926760574e-01,9.777744280701086144e-01,9.168750693705753907e-01,7.855010276638514366e-01,6.208502545312196697e-01,4.984496949804129162e-01,4.489880831058252197e-01,7.488333796825241695e-01,9.541020766906351813e-01,5.264612204007341756e-01,7.513847173867937990e-01,7.216754347533744784e-01,4.824697311839989400e-01,4.936311152831878157e-01,8.610964627436701324e-01,5.485150617904258619e-01,9.884225916826108183e-01
7.796244467362717367e-01,9.890088019224547722e-01,0.000000000000000000e+00,4.721561153236570330e-01,8.391270729549989982e-01,8.219658057437221332e-01,5.796307731842963440e-01,9.851304733778157852e-01,6.877117253402127428e-01,7.185716461035908109e-01,4.460274319795459186e-01,7.998155567299731761e-01,4.713126851462934863e-01,9.984263276216169825e-01,4.623001786991577378e-01,9.215867550625214122e-01,7.803957014301008410e-01,7.660329714593078210e-01,8.421602082044415960e-01,6.222445592273841974e-01,6.308302642625026602e-01,8.548332561193545676e-01,3.724623914636839284e-01,7.343653415401674156e-01,4.078734563308930028e-01,3.089532449185410923e-01,6.580451640996426432e-01,8.589561781462946577e-01,8.276791135548455802e-01,7.052150225021297514e-01,1.855787459920819199e-02,3.895566273454068584e-01,3.579458566285865229e-01,8.587147233547810510e-01,9.218431360380333617e-01,4.625143731802376923e-01,3.015363498335936754e-01,8.120864182003032505e-01,6.184241840725582806e-01,9.513702850975104264e-01,4.800909445215699178e-01,9.201393521979874812e-01,8.286825333784526570e-01,6.202428463638980372e-01,6.726638213068903971e-01,9.279766260877563289e-01,9.077777372613882179e-01,8.450497949705918499e-01,7.104911033147993660e-01,8.712261929171605246e-01,5.333905634305065036e-01,9.207510470172268757e-01,8.544335423448345956e-01,9.617253356169159773e-01,9.107829064140618991e-01,4.747017363265175760e-01,3.627707221441834884e-01,8.216133329451689171e-01,6.142615727864638719e-01,6.344352852458126080e-01,4.981341460569930352e-02,6.674313091975787593e-01,8.417690282814388469e-01,7.368978469378089091e-01,6.955051114457693195e-01,7.258131950193675852e-01,6.633173156837028905e-01,8.224619993867123835e-01,7.368766825656996033e-01,7.503510481557029710e-01,9.905836069133612254e-01,7.475640375648283653e-01,4.429153710740668104e-01,4.286984461332934981e-01,6.046978068350573610e-01,8.502456301578643627e-01,9.610943508489818710e-01,9.445998485998391425e-01,4.069393200053961213e-01,3.434006948429418338e-01,7.128013745825602099e-01,8.143800366915809885e-01,8.935709878255942984e-01,9.401462497597548040e-01,4.176249997326875740e-01
9.208376397431677907e-01,6.354182714854849090e-01,4.721561153236570330e-01,0.000000000000000000e+00,7.461827721106437661e-01,8.662040126413826924e-01,6.918411228709715477e-01,6.128785443202008354e-01,4.675976285215676653e-01,8.157577338942838541e-01,3.260454288107951237e-01,6.438085464090483878e-01,5.810525777438736439e-01,9.970356544841509905e-01,6.507150207069940517e-01,2.626826406654738655e-01,7.289071614682385292e-01,7.366358757927585765e-01,8.453641810707318571e-01,9.930125863981662526e-01,6.907338389300563541e-01,8.589072574624758705e-01,8.256648746497975422e-01,8.582764434841163581e-01,9.458666403558790847e-01,8.638575644114844243e-01,5.001827403834222530e-01,8.379874141363136131e-01,6.688019629472717886e-01,3.790650965397047711e-01,7.846324114918170611e-01,9.554645452032892727e-01,7.231920962674137643e-01,7.502361732898413238e-02,6.721814870817355292e-01,4.504847014186948440e-01,6.054139628233200510e-01,8.363248348061201876e-01,1.798977483574769332e-01,9.951467096798667367e-01,9.542539001846045421e-01,8.844234415554742545e-01,5.486072755059725470e-01,6.915907703376307225e-01,7.086372133449443389e-01,9.262613538726283124e-01,8.608980957517274879e-01,7.328010994472747841e-01,7.351620541255680097e-01,6.134903534671413139e-01,9.289539594988135418e-01,8.319287718459817960e-01,6.062990440299967920e-01,8.396653668038154272e-01,4.527453252411410278e-01,4.860188034914149635e-01,7.910703307147610719e-01,6.484245782701099081e-01,6.940727814518533600e-01,3.361955380036563135e-01,3.056979256583002291e-01,4.368333121759105930e-01,6.344475935550921708e-01,7.534937887200267026e-01,6.808259915799363959e-01,8.593307727617650604e-01,6.268275458206592488e-01,5.294750581865204087e-01,6.625658876148455834e-01,8.639075142615191272e-01,7.887979826629444302e-01,7.793028197359423981e-01,3.765090347220205191e-01,5.871561947801500203e-01,3.363893315029156117e-01,7.223376308663460588e-01,4.758195506674179343e-01,8.744067050325435853e-01,4.025222408500254700e-01,3.042089207904385972e-01,3.337794402319366749e-01,9.240822477163446180e-01,2.708807672617620232e-01,5.946283734698154522e-01,6.425349085918711234e-01
3.744092821118749637e-01,9.422255786427009561e-01,8.391270729549989982e-01,7.461827721106437661e-01,0.000000000000000000e+00,9.132404951718108288e-01,6.075198393348958392e-01,5.011963584253585902e-01,8.148370917487393061e-01,6.343510496057435111e-01,7.756031465106484335e-01,9.664270776749498415e-01,4.579070800232519223e-01,5.028610251632733563e-01,8.040475082321473232e-01,3.868075136268702696e-01,6.623722509875581421e-01,9.937789423888661045e-01,8.984958982217553514e-01,6.419894838853751340e-01,7.878730578436696774e-01,7.096427431898136851e-01,7.099064369474309411e-01,2.724936585030575120e-01,3.202131105989958204e-01,6.276531448264683899e-01,5.590992671621527466e-01,5.319034320952035211e-01,6.959595917986840519e-01,4.815436615801050868e-01,4.454841230142350117e-01,4.589763027685130892e-01,8.210013035515791868e-01,8.266017941513988943e-01,4.186377167431822310e-01,3.070595217871814331e-01,1.202766933621413070e-01,5.924567376482311465e-01,9.006296841315521995e-01,2.823058875286441616e-01,3.837604054351732019e-01,9.038953311612505370e-01,9.658105259418351407e-01,8.611511687765551759e-01,6.472728438442542087e-01,7.368201396574070028e-01,5.118899797477649560e-01,2.916739994633549271e-01,4.274279980124615075e-01,6.141013785476728826e-01,8.692095968316144727e-01,7.172821995690804586e-01,9.433624386863067590e-01,7.279197420704651700e-01,4.686962457242018765e-01,2.604322088709806193e-01,6.166916124970152069e-01,7.333108124896494662e-01,6.388372551231329410e-01,6.300340535679473941e-01,4.892318466325117354e-01,3.228002745074426971e-01,7.572188295508111011e-01,4.385930112868884900e-01,9.633267806386812682e-01,4.047048888226458807e-01,9.630158484052586676e-01,6.588962450468900389e-01,4.081133146259767752e-01,8.157328595119092141e-01,8.300593827605663444e-01,4.715207927381678821e-01,4.829737861076314198e-01,6.900260757285836544e-01,6.281517386453140395e-01,6.852488269097706253e-01,6.456603286881037462e-01,4.234148955667966785e-01,3.292367522419463732e-01,2.802921126017203224e-01,6.532812742646124660e-01,4.550919783970593935e-01,4.398522651355659674e-01,8.772130648957641164e-01,8.221563097594530856e-01
5.951827222337382484e-01,7.531853514038147068e-01,8.219658057437221332e-01,8.662040126413826924e-01,9.132404951718108288e-01,0.000000000000000000e+00,3.937700342679341103e-01,6.418330041838400390e-01,5.548703096708420546e-01,7.509305287977834364e-01,7.917982920918459344e-01,6.596473394939668111e-01,6.056131939603310865e-01,9.841394374212697471e-01,7.879924844183344712e-01,7.230092459027801510e-01,9.825821414860231862e-01,7.908461635710407611e-01,4.794252888808323565e-01,6.383994612267787083e-01,8.540498776791062285e-01,3.018018703325557883e-01,9.614892600772106945e-01,8.996412211632165423e-01,5.669812705006027631e-01,7.346103346309555970e-01,9.903055154872224541e-01,8.059467647455632600e-01,5.287092497553413928e-01,9.343382888314799573e-01,3.652680395710549144e-01,3.010469376066355895e-01,6.863593551134754556e-01,8.744880043057831065e-01,4.009902602169694852e-01,2.710198821451541007e-01,-1.671554474815484803e-01,8.361672514035805026e-01,7.769692441798076166e-01,8.234032778157958088e-01,9.953659329171553605e-01,3.432567318666894796e-01,6.642771680119163857e-01,4.412997777997959559e-01,9.014601255328188456e-01,9.821780613203889843e-01,5.231049960472688998e-01,8.540946559752482514e-01,8.409768498217167210e-01,8.887884132671383108e-01,5.906833085116307558e-01,4.908123195401668526e-01,8.137920799715050446e-01,8.719608870739421480e-01,9.032116336149119684e-01,4.209119972886534167e-01,7.831284859088395445e-01,4.641189061699532159e-01,6.408527417050671193e-01,5.476024026389875177e-01,2.767982248675796564e-01,7.204804487976970151e-01,2.452377078954903200e-01,5.089741989348843809e-01,6.711230167021410287e-01,6.638206971234603682e-01,1.029579948622408730e-01,7.346551529853442286e-01,7.709133300656136889e-01,6.232580888864182045e-01,9.958351364309506737e-01,7.820699831400422797e-01,2.109638845111851679e-01,6.902620103543368746e-01,1.561816963204362141e-01,8.161338813124847658e-01,5.216029776906851989e-01,7.132994957721539020e-01,3.178497791795169003e-01,7.975224857567211334e-01,7.911174083440081217e-01,8.329689382602365466e-01,8.440258610721669275e-01,4.564388519327781668e-01,6.470524554410481688e-01
6.617998708964869525e-01,3.209334631773370639e-01,5.796307731842963440e-01,6.918411228709715477e-01,6.075198393348958392e-01,3.937700342679341103e-01,0.000000000000000000e+00,2.893753916181595054e-01,8.541854178936461039e-01,6.418540944306126983e-01,4.960580897338041084e-01,7.872245563885892361e-01,4.388909105214773843e-01,4.243629503388002266e-01,7.164419810307303127e-01,9.697831956140866572e-01,4.651539606930172321e-01,1.447454064015938485e-02,7.925607627914500464e-01,4.424351148736586636e-01,6.077352390321323350e-01,7.614651221339054921e-01,6.568573637506824880e-01,9.808951229044835518e-01,4.446156374463843264e-01,5.013490389482736509e-01,6.714137206487833520e-01,2.646331984995614062e-01,3.058160231978782062e-01,7.475587351875842002e-01,4.366990700016926685e-01,5.262546267854804061e-01,3.143609817161765463e-01,-1.331317123014178483e-01,6.719981623986379660e-01,5.975364947670185750e-02,7.376240599723277169e-01,4.037559600271213300e-01,6.545540604069273183e-01,6.135950305357110168e-02,7.918851260638695710e-02,5.761008407112512275e-01,6.951221612373520431e-01,9.896747441933273839e-03,8.355847211574369826e-01,5.908445926154258787e-01,7.353901302157120901e-01,4.849001644351158720e-03,5.147012749831056944e-01,3.009454873666993491e-01,3.010757098945024413e-01,9.887276142495600162e-01,7.471290748823899985e-01,2.974092049259013937e-01,8.860521546840790519e-01,6.593933087365736467e-01,7.941729521297691274e-01,4.935298892242621083e-01,8.315592893263794583e-01,5.497768668254642277e-01,4.942716378592644233e-01,5.085372832339182247e-01,7.878843611344920062e-01,8.166954132223004370e-01,9.576363831535358306e-01,7.769491064881626219e-01,7.382210733308691708e-01,9.124474000922666583e-01,7.550919429455256182e-01,8.410429715478631718e-02,4.161403954353730672e-01,2.307059548255022408e-01,2.058589434979884725e-01,5.186032498102464139e-01,4.305335550607453099e-01,5.799865348919929220e-01,6.497308307758919987e-01,3.771836517048017257e-01,6.279485910500672841e-01,2.564329440181074005e-01,3.772464609811396752e-01,6.540379964610635311e-01,7.213234625806875799e-01,4.649547938780860812e-01,6.628408256395493803e-01
6.100499633269038657e-01,8.296311348363167859e-01,9.851304733778157852e-01,6.128785443202008354e-01,5.011963584253585902e-01,6.418330041838400390e-01,2.893753916181595054e-01,0.000000000000000000e+00,6.110558175828157967e-01,9.764893145932138641e-01,9.537448757969441138e-01,7.463223244079563168e-01,4.561485142065865861e-01,8.964961635243764437e-01,6.675030056271302747e-01,5.798625224200243400e-01,5.130198630714429830e-01,2.928993486999304507e-01,6.112336814496950321e-01,9.298487673485895666e-01,7.376630907250421032e-01,7.871630620632125153e-01,8.481091075570941218e-01,6.870537364329997176e-01,6.925006887155558122e-01,5.844442845215699345e-01,6.888868754379821047e-01,5.639055990946888475e-01,7.784410930736367362e-01,6.330295964135823628e-01,2.869707085770470956e-01,7.924000739880090460e-01,2.698523364351574916e-01,6.824307621327858620e-01,4.466811875940739918e-01,3.840322272784077451e-01,2.992799519493134497e-01,1.732013757697703493e-01,9.239694033129022266e-01,6.119169501932001376e-01,5.372105811641082473e-01,6.115808614384080633e-01,3.697281953646033292e-01,4.745294774699702622e-01,4.143616081520536398e-01,4.498550173183362144e-01,8.997016510637779740e-01,7.531792763144266045e-01,2.519169172409567725e-01,6.557726602381701575e-01,7.274531436203208745e-01,5.390390322442688564e-01,1.189435333782512400e-01,8.145654188791850991e-01,9.338453221840803398e-01,7.681584702073211979e-01,4.535289966666731232e-01,6.698468118852712871e-01,8.645249490045862073e-01,6.154280817131688730e-01,6.092612850502444610e-01,5.068143505012223660e-01,2.348540467470688620e-01,9.790959076525725946e-01,8.163921440622080583e-01,3.650344880609514009e-01,3.330781439380271491e-01,4.305552599029847105e-01,7.466907171808963017e-01,7.597835406124389124e-01,8.404602528585171095e-01,4.463855050303131011e-01,5.284216854813290620e-01,5.032333962334225586e-01,9.884907263202357131e-01,5.294503831928228932e-01,5.303568009840018416e-01,6.308672016940205518e-01,4.311579703917838291e-01,3.952050416935448673e-01,7.906954529529333087e-01,6.635919708975424047e-01,2.247864309985806996e-01,1.252883589391699803e-01,2.204269499595530313e-01
9.059961856145041237e-01,6.004122420936497395e-01,6.877117253402127428e-01,4.675976285215676653e-01,8.148370917487393061e-01,5.548703096708420546e-01,8.541854178936461039e-01,6.110558175828157967e-01,0.000000000000000000e+00,6.362049863721092047e-01,7.535656109151727122e-01,7.556165467053308493e-01,9.860890103518158423e-01,8.426656229362358141e-01,6.656999027900922794e-01,4.359015479228565138e-01,8.881697104919950014e-01,6.522863979498815246e-01,9.859342913516009332e-01,4.517884161435535284e-01,5.433427390402151280e-01,2.533639103508182888e-01,7.742594222052888719e-01,4.129704088796850581e-01,7.403623063046256281e-01,6.310411370084194616e-01,7.139084817000976857e-01,6.964710401113330951e-01,5.112509015911186339e-01,7.548761113734990813e-01,4.178762029560541547e-01,4.657595637936141619e-01,5.567942766794597986e-01,4.682646173538254075e-01,5.974622977318064798e-01,1.896276491787966534e-01,7.969119366136788452e-02,7.271943221790493350e-01,6.378958325478056857e-01,6.500040478445514580e-01,8.288911271429852956e-01,5.524317718488706008e-01,6.171229831005150546e-01,8.472631002899464470e-01,5.310523236647877177e-01,6.780647370289993869e-01,1.529001361761787303e-01,4.394626801545843953e-01,4.865339885101531703e-01,4.398532942473670215e-01,2.989537180224917101e-01,6.300894207689591298e-01,6.334024217728750905e-01,7.066793109195957934e-01,8.013336375368163012e-01,9.507816274409662816e-01,9.664865392972842306e-01,9.242613222178774901e-01,7.216883041277345479e-01,7.168235423964088859e-01,6.883083619277335918e-01,7.382015935876509172e-01,8.969117671110097278e-01,7.209301673746097983e-01,6.205029721970788392e-01,8.909342699233046003e-01,6.218983985033392781e-01,5.860534287713884405e-01,-1.610937182259012390e-01,7.694475444157815591e-01,4.210468186011030456e-01,6.723637599548648591e-01,2.208698694429541143e-01,7.939602852076723671e-01,5.656607283319302626e-01,5.523572425793595864e-01,7.161293710937717272e-01,5.423053864537893398e-01,4.541247794181343944e-01,4.115331953395046094e-01,4.559773326695271134e-01,4.247670464676172597e-01,6.224721386010444446e-01,8.787577903134623503e-01,8.627563630635080028e-01
7.367172538940229831e-01,9.889393524506090438e-01,7.185716461035908109e-01,8.157577338942838541e-01,6.343510496057435111e-01,7.509305287977834364e-01,6.418540944306126983e-01,9.764893145932138641e-01,6.362049863721092047e-01,0.000000000000000000e+00,6.400168057632154017e-01,7.068283710920283403e-01,6.065377228888415573e-01,7.407704538176915765e-01,7.150917603319487670e-01,9.677333211069472085e-01,8.670612471650587239e-01,5.898961532401969521e-01,7.902967519602801527e-01,8.435052080135432284e-01,6.034177875289661319e-01,4.760875661091173439e-01,6.776797711004949321e-01,8.441474667281795297e-01,7.750325333319609822e-01,6.603695936033829872e-01,7.619034008199893071e-01,4.120438191136900907e-01,5.160219428986092538e-01,3.222123304121208287e-01,6.587634599659694112e-01,5.992821862760011609e-01,6.106054393375559552e-01,8.801565019802743972e-01,7.817638186811159962e-01,5.741052675933882021e-01,6.591682197506613938e-02,9.103923313185322552e-01,8.412377288933148289e-01,5.635586490146574645e-01,3.717922418707413357e-01,7.585098065436568504e-01,8.549956132325883251e-01,5.238160309485740962e-01,9.326372668604169247e-01,8.561239293910797299e-01,8.513036895179900698e-01,5.044191568232742062e-01,6.323569402753094204e-01,4.580165442758073469e-01,4.901735992193623770e-01,7.570417306743911778e-01,7.116051949338324523e-01,5.602608151246686319e-01,8.834064642318362193e-01,8.189438384893547029e-01,6.456610286445126912e-01,5.364326758214617019e-01,8.452728815183233602e-01,6.014186255964448780e-01,9.391011498698939031e-01,7.486144878051782525e-01,4.701683286108679916e-01,4.326046057037666870e-01,9.467335505266410989e-01,7.764220063609932332e-01,5.250189871981119083e-01,8.348031904299592076e-01,5.889749532531431964e-01,3.515511750705846428e-01,7.253705231758444949e-01,5.250564456264816826e-01,3.294883644809236678e-01,3.577363709314514972e-01,9.433975544750700104e-01,6.851033623462322586e-01,5.979269379059849454e-01,6.355518630906903388e-01,5.460710448223128344e-01,4.101436243381230140e-01,9.714529668472431378e-01,7.312792783787466222e-01,6.841471002865257001e-01,7.188871479831064892e-01,7.335136740892113094e-01
8.316860743884032514e-01,9.952669026776668204e-01,4.460274319795459186e-01,3.260454288107951237e-01,7.756031465106484335e-01,7.917982920918459344e-01,4.960580897338041084e-01,9.537448757969441138e-01,7.535656109151727122e-01,6.400168057632154017e-01,0.000000000000000000e+00,5.412542317049290341e-01,7.403908995771353307e-01,9.904365175328002646e-01,3.638831695488340401e-01,6.717610166464696997e-01,8.348504166840567953e-01,6.942582538041865980e-01,4.628877763638107878e-01,6.690151515255573500e-01,9.570647363139135333e-01,3.506535039201238435e-01,8.568810788663332456e-01,6.189453612694076901e-01,6.490160595834859603e-01,7.460765918975846844e-01,6.324864052123454483e-01,8.404650521824342801e-01,5.080129553351323546e-01,5.586308126040790967e-01,3.218348340323277657e-01,6.745736309328949076e-01,4.220740148714766660e-01,8.730869635727487310e-01,1.218463465776675834e-03,4.816215937371699507e-01,1.070640791458836311e-01,8.726764700451634660e-01,6.313494594974680130e-01,7.333641103012918938e-01,7.360351645613213423e-01,2.285725389737340296e-01,7.020129918724060669e-01,8.023641852246762296e-01,8.549870498300546906e-01,7.195477024959757995e-02,7.166618572526295416e-02,4.457237364326961382e-01,8.040544883880554883e-01,6.390338371031711873e-01,3.242091894698726495e-01,6.603105688908189608e-01,7.268014684957994076e-01,8.712904711736073615e-01,6.492374752874094934e-01,9.953826504121874308e-01,6.779605456561151877e-01,7.035651457754791283e-01,8.035651763422952953e-01,4.788196583284394514e-02,7.534970349563733238e-01,6.909786630253552664e-01,7.926651192300988580e-01,7.909570737878497404e-01,9.907981941593798636e-01,9.008573391616123693e-01,2.008164951939371001e-01,7.328785096728352988e-01,9.872206695045081526e-01,6.264840307687377097e-01,9.399243223198230357e-01,6.351844436181454112e-01,3.576967701735169203e-01,6.773252255778086095e-01,5.927597337593299986e-01,6.820210793349522627e-01,8.770282085127046878e-01,1.617603527612962444e-01,1.897642198116256951e-01,3.665063432079304073e-01,3.276652862953300938e-01,9.169961409387049622e-01,3.902593478324002385e-01,5.202873211323901792e-01,4.359270275820924523e-01
4.980435081408509657e-01,7.507405682837380301e-01,7.998155567299731761e-01,6.438085464090483878e-01,9.664270776749498415e-01,6.596473394939668111e-01,7.872245563885892361e-01,7.463223244079563168e-01,7.556165467053308493e-01,7.068283710920283403e-01,5.412542317049290341e-01,0.000000000000000000e+00,7.142834542154078425e-01,7.698047634993994137e-01,6.827150019560488392e-01,7.625233753487732358e-01,1.475607156564978928e-01,2.289886501953619091e-01,6.764064443839645779e-01,8.944560948129101074e-01,8.292697434224329811e-01,1.236177240467990074e-01,1.484207823426404553e-02,5.828770125320398288e-01,5.853325124361394849e-01,4.983265459625516591e-01,6.067908267420580870e-01,6.079132404961473668e-01,5.914076140690885941e-01,5.187236829050581033e-01,5.867677496031240558e-01,7.718663948311094147e-01,6.910276304200769770e-01,5.663935279610855522e-01,8.606975249434616337e-01,6.759517428141856854e-01,6.190825807302120509e-01,8.811587617598414246e-01,6.894314073184665270e-01,-2.023650993619297012e-02,5.623860646296821031e-01,7.678170996391677772e-01,8.267055232470663650e-01,8.658975956997869705e-01,7.779781025685085227e-01,8.724542645584565381e-02,4.228085262112477594e-01,6.028460349438355959e-01,6.777400059247329356e-01,9.662758850087714846e-01,8.149698420126743059e-01,6.758303166274536311e-01,6.007857507936077424e-01,3.616266390517225426e-01,4.649093764489317659e-01,8.978776602254970873e-01,6.267765721236786547e-01,9.864511942873543937e-01,8.433698027909842798e-01,2.076032419924097039e-01,1.014845263765655203e-01,4.218666273706467296e-01,4.065659190599902884e-01,9.285097248091225275e-01,7.543446251181235018e-01,3.728618306604161159e-01,7.612977073042831444e-01,5.609292648292237837e-01,4.974527515859750171e-01,6.269661492595157704e-01,7.310703570898712256e-01,9.360494644473851267e-01,3.793190384590617859e-01,6.342513428921728869e-01,6.203545442853005687e-01,9.092221210723805402e-01,8.336132833379514828e-01,6.862812851014208348e-01,-8.302684987270742001e-03,3.806102394638256614e-01,7.034671428478730393e-01,2.731804396823633296e-01,6.664839859219546803e-01,7.990616883930627967e-01,8.121253391557488044e-01
3.896189643665296520e-01,7.561105119894262483e-01,4.713126851462934863e-01,5.810525777438736439e-01,4.579070800232519223e-01,6.056131939603310865e-01,4.388909105214773843e-01,4.561485142065865861e-01,9.860890103518158423e-01,6.065377228888415573e-01,7.403908995771353307e-01,7.142834542154078425e-01,0.000000000000000000e+00,4.427247979480334328e-01,6.898919148929563150e-01,2.479007503142633961e-01,8.277789350053749162e-01,9.618295756507264649e-01,9.668742486478971720e-01,6.701188054656129767e-01,6.519200801917013344e-01,2.523008969531820855e-01,3.055820427673094919e-01,8.685961007957493374e-01,4.109606673023640799e-01,6.607619398736961358e-01,5.589615953526572145e-01,7.378414330074504202e-01,4.477751658006114410e-01,7.966356208259787186e-01,3.583601669499228981e-01,5.570028419988862778e-01,8.943254082833278495e-01,5.413955970023754949e-01,9.990839317204218695e-01,6.624348075723044404e-01,1.765853039931871149e-01,9.435955833893203692e-01,6.712867717537426282e-01,7.273472141388279688e-01,7.873842266065097517e-01,8.248115135942667431e-01,7.572456598081940271e-01,2.268389415447120139e-01,7.561257363586868507e-01,6.600772840091766458e-01,9.942969721240429992e-01,8.612598710185109807e-01,9.252193999114162182e-01,8.760539980655079884e-01,6.405513693973295952e-01,8.014673722352885221e-01,6.217301988614037933e-01,8.681666412079769302e-01,8.248764355751208033e-01,5.668800997091183458e-01,8.107693436857927871e-01,7.815300371566598070e-01,2.777894991674721425e-01,2.225753916477647421e-01,6.626112340631337139e-01,7.593436313297201590e-01,9.106356714116581319e-01,5.544411165267801866e-01,7.932822093301833410e-01,4.007792832779413783e-01,9.449138419660106925e-01,9.594340561894980635e-01,4.900199825291117750e-01,9.534667196090332864e-01,9.330008735460924019e-01,7.984529514302286524e-01,4.665594614365126125e-01,7.969932969251825039e-01,7.939724562649912443e-01,8.110505649689241370e-01,6.312126889660103490e-01,6.679901266772890756e-01,7.253108360639420882e-01,4.697609441824870391e-01,8.602055365595706604e-01,3.068193154252493726e-01,7.598408432645767929e-01,1.381548256659392293e-01,5.832429190573337197e-01
7.542049558376521246e-01,7.369402680552192830e-01,9.984263276216169825e-01,9.970356544841509905e-01,5.028610251632733563e-01,9.841394374212697471e-01,4.243629503388002266e-01,8.964961635243764437e-01,8.426656229362358141e-01,7.407704538176915765e-01,9.904365175328002646e-01,7.698047634993994137e-01,4.427247979480334328e-01,0.000000000000000000e+00,7.578591214968891654e-01,7.431691739061079272e-01,8.389219442340999366e-01,6.083870295065464395e-01,6.374683543526534768e-01,6.190063887586580993e-01,4.625883563898453010e-01,9.585744227462593692e-01,8.140524577256622596e-01,4.364002487290118415e-01,4.716461504617960876e-01,6.281789965148991683e-01,4.353153017267134550e-01,7.656833933042653806e-01,8.774086579367976757e-01,5.701849976628111660e-01,5.682576701345322112e-01,3.726314483839545666e-01,6.638124769575568518e-01,9.457248010908082536e-01,6.674691465207649443e-01,5.835558762212885719e-01,4.634945441904078089e-01,3.975986391651947782e-01,5.142657916762988224e-01,7.614410043405108741e-01,5.925904428440819105e-01,1.520198943474593278e-01,6.455437310965235209e-01,4.123150678866910890e-01,8.221221190017681257e-01,4.889910359618809821e-01,8.739191763544229552e-01,8.404825397872776049e-01,1.398831402766051724e-01,6.570740264550908316e-01,6.918916732615377763e-01,5.066012638950694313e-01,6.061937684433877926e-01,8.697046834020721873e-01,1.353991205174291113e-01,6.360713926978730504e-01,9.510819024540677624e-01,7.928177444742772195e-01,9.582187174480684133e-01,6.160739189440086472e-01,3.652594564796691756e-01,5.232806412826898068e-01,7.747897949741022749e-01,4.734622050871373222e-01,6.515774637739552011e-01,5.115585402778953794e-01,6.252347135472295925e-01,4.076741282025830859e-01,3.159990043419957373e-01,3.724729579958157011e-01,7.766614140461046700e-01,9.109678245203095548e-01,7.451912761031347365e-01,3.181762258983086844e-01,8.429374696334289707e-01,1.668452123458253611e-01,3.458517723940374156e-01,5.991827822446456064e-01,5.493470195207835749e-01,6.056655152136596332e-01,7.461144185543872043e-01,2.012549140762900923e-01,6.616142034254058890e-01,4.810733866396656455e-01,2.908002883034438435e-01
5.439828881682360340e-01,4.421863030392332861e-01,4.623001786991577378e-01,6.507150207069940517e-01,8.040475082321473232e-01,7.879924844183344712e-01,7.164419810307303127e-01,6.675030056271302747e-01,6.656999027900922794e-01,7.150917603319487670e-01,3.638831695488340401e-01,6.827150019560488392e-01,6.898919148929563150e-01,7.578591214968891654e-01,0.000000000000000000e+00,7.801873470961947499e-01,6.423808056190831728e-01,6.889619605553486403e-01,7.041060273596059238e-01,9.744066050989360628e-01,7.612116768370418285e-01,7.452389117299296206e-01,8.095686342433207061e-01,9.930813063373964411e-01,4.538812745775313018e-01,4.843188015126119739e-01,4.239002738126546044e-01,6.721640449240552373e-01,7.337062818691280075e-01,1.201299287018512268e-01,4.770557659535060724e-01,6.338772657284710288e-01,5.534358753939397357e-02,6.678543562707914827e-01,8.785480418106091927e-01,4.708207208741788108e-01,5.049043243689791405e-01,3.459246916119467774e-01,4.751943425524762232e-01,4.099176784114664379e-02,7.329545794526014513e-01,4.058042035181897433e-01,7.887864184701054437e-01,8.863093896167240082e-01,7.905773277721556136e-01,4.189940739531369251e-01,8.956727875944791792e-03,2.381404298780614992e-01,8.729588366939385891e-01,7.978571323742678079e-01,7.789817027646686043e-01,7.820784767424689976e-01,7.215654988809367953e-01,4.856990001042191807e-01,6.555094908011656063e-01,7.712372043148594258e-01,2.162541252413146542e-01,6.317629806935289860e-01,8.053496739807132210e-01,7.336145798596557244e-01,7.956415258950548797e-01,5.152950442374526485e-01,2.795973611151678084e-01,2.658879422452056773e-01,6.725639767722766393e-01,6.801293602415773298e-01,5.493885615515959886e-01,8.201777843077930896e-01,6.543122676519447234e-01,7.102345038944856137e-01,7.722196291202891860e-01,4.933539634790257145e-01,4.074471946577788994e-01,3.773954731711873789e-01,7.836642480941204969e-01,9.779714985263957550e-01,6.549437838202458728e-01,4.504458178036324090e-01,2.005496215279075622e-01,5.073316252350679179e-01,2.780403019987181534e-01,8.337584862254266982e-01,9.239413941241374495e-01,1.476873453755058775e-02,4.310715650015316536e-01
7.119115653515173392e-01,7.314990399408383137e-01,9.215867550625214122e-01,2.626826406654738655e-01,3.868075136268702696e-01,7.230092459027801510e-01,9.697831956140866572e-01,5.798625224200243400e-01,4.359015479228565138e-01,9.677333211069472085e-01,6.717610166464696997e-01,7.625233753487732358e-01,2.479007503142633961e-01,7.431691739061079272e-01,7.801873470961947499e-01,0.000000000000000000e+00,9.684519620962992459e-01,6.496717662342269550e-01,6.820961262679089421e-01,6.771977977644537683e-01,7.207875597955600844e-01,9.059759519438332909e-01,4.427650565539781868e-01,9.418207449924679286e-01,7.463922325791028101e-01,8.839429458628390579e-01,7.612330317722446615e-01,4.665653597195243418e-01,6.587389539818118145e-01,4.846231624581289754e-01,6.525585390774147898e-01,4.131961296010925877e-01,9.403034743504656845e-01,7.893734488545529615e-01,7.708448828345990655e-01,7.283657423506203488e-01,6.762415848889651304e-01,7.322741678916212527e-01,4.054687518033933680e-01,8.641917335932784994e-01,6.408738652779322198e-01,4.060572169242983587e-01,9.833805227551689621e-01,7.048378768104840431e-01,9.554981969389689800e-01,8.551914498853360191e-01,8.383218234030529459e-01,7.966178866786703949e-01,7.367240290927055124e-01,7.333476472716194960e-01,8.079909093939512399e-01,4.508058945836443399e-01,4.351432661451508643e-01,8.492228530988856772e-01,8.748520402091241044e-01,4.403770113193600233e-01,7.376172745893935234e-01,9.043065942058178264e-01,7.308895154821537510e-01,7.500569403729089313e-01,-9.278887070649774471e-02,4.689156478625411406e-01,7.567834672414183173e-01,9.463271362253223851e-01,9.730224894722769857e-01,5.514660848398045268e-01,8.608236203186372393e-01,3.753692173203191373e-01,4.117210683012879069e-01,9.600775932799987533e-01,6.570301166149800087e-01,8.560441042284063773e-01,6.628602098189584346e-02,7.683087429690479420e-01,6.895678018361885986e-01,6.178922345885097256e-01,8.205956766329333130e-01,8.931820162255370565e-01,5.378535568719422510e-01,3.607909867793026581e-01,4.553956646360248772e-01,7.101427106187070404e-01,9.327172358963788934e-01,9.535611038723984523e-01,6.471630333332007989e-01
8.429878511431854182e-01,8.077718773348814274e-01,7.803957014301008410e-01,7.289071614682385292e-01,6.623722509875581421e-01,9.825821414860231862e-01,4.651539606930172321e-01,5.130198630714429830e-01,8.881697104919950014e-01,8.670612471650587239e-01,8.348504166840567953e-01,1.475607156564978928e-01,8.277789350053749162e-01,8.389219442340999366e-01,6.423808056190831728e-01,9.684519620962992459e-01,0.000000000000000000e+00,2.092489339852950381e-01,7.308751502851811299e-01,9.812620505643254720e-01,9.239743083601866802e-01,7.967473390100444641e-01,4.206558579471782466e-01,8.070924278108878580e-01,3.515949886048631567e-01,8.337383526521240373e-01,6.282558931471237118e-01,5.256795765991535418e-01,4.351459242090103263e-01,2.624299671699903413e-01,4.524302373035681835e-01,9.817130171442713937e-01,6.872802862199756113e-01,9.606641102943168642e-01,9.212041823768959414e-01,5.411905162680133996e-01,3.838295429715158358e-01,9.314763604088311943e-01,7.318295628262611041e-01,3.374182630543565153e-03,6.265288554187994352e-01,4.431073734298777711e-01,6.116956327638981561e-01,7.960860604503341431e-01,6.450969214330877222e-01,8.996806194276100177e-01,8.491275279929522135e-01,5.573877835170069073e-01,8.841794684012401762e-01,6.386237491321274939e-01,7.553551006346781449e-01,8.281725178383493313e-01,9.896552836251806262e-01,7.702617442614917431e-01,8.800366083719868282e-01,8.676299061313902383e-01,6.724316899864203334e-01,8.405050847612545173e-01,8.414300354670602999e-01,6.198501411202825828e-01,4.291334540923103513e-01,3.910233700271428248e-01,9.463136809889527434e-01,8.486267217198012469e-01,9.558534107272793623e-01,7.342362701916684831e-01,9.973441409549198555e-01,7.457326384958411492e-01,6.107218694875404807e-01,6.975810641025803616e-01,6.966328961825821731e-01,1.032309864520991050e-01,1.232252757487235506e-01,3.613028101831927685e-01,4.624992672608238542e-01,7.533903297816642031e-01,8.816981733512763153e-01,9.733753245915708341e-01,7.402497513119263850e-01,2.292882167196128029e-01,8.331759560717916235e-01,9.908608615336040870e-01,8.784148115382937050e-01,1.507623734539698668e-01,9.717925400014109094e-01
8.755196642215175018e-01,8.664260158270076229e-01,7.660329714593078210e-01,7.366358757927585765e-01,9.937789423888661045e-01,7.908461635710407611e-01,1.447454064015938485e-02,2.928993486999304507e-01,6.522863979498815246e-01,5.898961532401969521e-01,6.942582538041865980e-01,2.289886501953619091e-01,9.618295756507264649e-01,6.083870295065464395e-01,6.889619605553486403e-01,6.496717662342269550e-01,2.092489339852950381e-01,0.000000000000000000e+00,4.732201651052431179e-01,8.220956311796654425e-01,8.071376992146741536e-01,5.318643839073033952e-01,2.280783323745268210e-01,8.466770632531025464e-01,6.559788514918089009e-01,9.408283988847249146e-01,9.110334975551094283e-01,5.778751827811922093e-01,6.569598933802858198e-01,7.376023242330272955e-01,-2.106542191534777064e-03,1.085374325458614633e-02,7.351231566772302717e-01,5.969923510348715823e-01,6.311784977767005422e-01,1.084290604927484747e-01,2.988218810692417349e-01,4.121149827141070143e-01,9.005271855703299577e-01,8.141349091917474690e-01,7.257070831036103176e-01,4.838172578811003044e-01,8.869484141210467465e-01,3.286409752487809977e-01,6.848067200511310793e-01,8.486691889982738157e-01,7.715873230956511453e-01,7.066047022474281070e-01,4.718505551857081759e-01,5.763319581465248254e-01,6.093165525161338136e-01,2.560547392210286710e-01,7.348015974387590576e-01,6.655363091723470736e-01,2.728462092247097570e-01,6.204017047591773304e-01,6.522092502665661762e-01,4.648998841626336698e-01,7.152561900888796398e-01,5.927263089223027137e-01,2.622560397888443195e-01,6.962947893821447298e-01,7.327855058175357650e-01,-1.114405796025999540e-01,8.922598364374668689e-01,6.058223024163760240e-01,8.058790541687852471e-01,6.978443444595902045e-01,3.666528057149569531e-01,7.506913121016511869e-01,5.532571093060261180e-01,7.044754709528970871e-01,5.776504887710890435e-01,2.244683659755783711e-01,8.004531651397975844e-01,3.960555582558367704e-01,6.176937100011560267e-01,6.282640979124546332e-01,4.778733277534026325e-01,3.774888124566168068e-01,4.319194941230179996e-01,2.476863151951222974e-01,7.383406823988709622e-01,2.028124626540499242e-01,5.649604244052854884e-01
