0.000000000000000000e+00,9.867037175429465012e-01,6.221401769391565750e-01,6.275226212797472281e-01,2.399408425549281465e-01,8.279148600837272776e-01,4.155044591473797677e-01,9.504002120122868602e-01,9.535816042127153169e-01,7.734972198885178285e-01,7.709059328815937029e-01,8.059236904360992382e-01,9.239041367445979258e-01,9.911083113033796188e-01,9.700508306378198276e-01,9.222335108867696363e-01,4.822056305167243262e-01,8.770376229387915057e-01,6.086079763810547938e-01,3.394515739198408211e-01,3.993217000160473873e-01,7.400354721342935482e-01,6.263684385246975905e-01,8.627950764816350038e-01,6.163750398861504998e-01,8.736711550377990187e-01,8.051922665791448885e-01,8.875677397788162004e-01,5.957112325377951212e-01,9.102445989618408728e-02,2.749549817944653141e-01,8.038355726980129790e-01,8.958752693520779520e-01,8.662560695284927670e-01,6.980573006462809094e-01,2.488655835956521956e-01,5.909072354798901028e-01,3.097765331822152635e-01,5.202828960051490981e-01,9.558178631945098980e-01,1.434550525191299886e-01,8.489229721229126779e-01,8.547668026004564545e-01,6.089745698389668060e-01,9.735727811054251113e-01,6.388657776459920612e-01,9.219946339200464358e-01,8.132330728724260771e-01,8.944322981499125413e-01,3.117886069919250658e-01,1.606824780264338448e-01,9.492737061012735955e-01,6.783533127456430334e-01,2.667154730355755232e-01,5.705791241826910776e-01,7.107209223206707449e-01,9.567394121474741553e-01,8.286245535871683554e-01,9.979387323613257976e-01,5.308095225533313588e-01,6.906158130593724742e-01,4.299280569901015037e-01,6.209678920678532998e-01,3.844695381653278066e-01,9.907059268777216321e-01,4.458324986874156459e-01,5.758197594737449743e-01,9.437773824020651015e-01,2.652008088416090703e-01,9.607781775214629949e-01,6.950070580975518109e-01,3.442801999959290704e-01,3.430273552337007592e-01,1.531155157619437657e-01,9.980325855128342472e-01,8.286863090939605714e-01,9.924512029547503111e-01,7.951406196074393140e-01,2.382155350445318842e-01,2.011324066274172151e-01,-1.431425239062387444e-01,2.689246239137636496e-01,3.970149505356185826e-01,4.270637353750058596e-01,7.054529641175589783e-01
9.867037175429465012e-01,0.000000000000000000e+00,7.494474075484084397e-01,7.866680473954777986e-01,7.869561178952311220e-01,6.073609006935436483e-01,7.028166822184547247e-01,9.244802493337185290e-01,5.727308394174821515e-01,8.774111660241774580e-01,9.667110525340847360e-01,2.600774127503353572e-01,7.653047543641502415e-01,6.157537168232833924e-01,8.941497002570629737e-01,6.118614185559264618e-01,8.213045898052916405e-01,7.416218206687805736e-01,8.770076945242007982e-01,3.746395001395427249e-01,6.255658061862273689e-01,9.432747350300807465e-01,7.332270630912710585e-01,5.733213017155431857e-01,6.698887413391425849e-02,7.158868390006764004e-01,8.835095652223572404e-01,5.900931856489830540e-01,5.405541132996024567e-01,2.568332342494845100e-01,7.936505286319356367e-01,7.250174768789794388e-01,9.452025504279474299e-01,5.186705091154193425e-01,9.704468873459635159e-01,4.014061530143320233e-02,3.936941766746506755e-01,2.368680236328188360e-01,9.448519434332069977e-01,8.607757648128735450e-01,6.051339996687297162e-01,8.053879777425404507e-01,8.508824329436271983e-01,7.165908114210819413e-01,9.577480814993056812e-01,9.218242128891662723e-01,2.411436815112112664e-01,5.589983469633725832e-01,7.902301078813473989e-01,6.429355341379020539e-01,8.242423663916502719e-01,3.215542754356572330e-01,7.097752545358362308e-01,4.690059191236007341e-01,6.152659968252235378e-01,5.734677687528024759e-01,7.691925475188633454e-01,6.877145406520553950e-01,5.638432830252813055e-01,1.309962727660278839e-02,3.081105700604986897e-01,5.467877607112212601e-01,5.234766167536046844e-01,8.811919610734753050e-01,5.566590178784163179e-01,7.963397839374364295e-01,6.706251903660569447e-01,3.737052207945920079e-01,6.932947108599120112e-01,6.842323188876493489e-01,6.371302274653212194e-01,6.671784030420840894e-01,2.828670812136279689e-01,9.574435425358178708e-01,1.511453176688264954e-01,8.309497669913160633e-01,7.870006549370165416e-01,4.034946513864508533e-01,6.497511738574874851e-01,2.183202929490334898e-01,6.113088526579122384e-01,7.940383629569078838e-01,7.127605736981290629e-01,-3.869056273301247906e-01,6.062835062390498075e-01
6.221401769391565750e-01,7.494474075484084397e-01,0.000000000000000000e+00,9.866991484986493699e-01,7.599660444877779364e-01,8.811904495177873553e-01,8.868702548613678349e-01,-6.372346599271364043e-02,8.577721307515737692e-01,8.811411988148010188e-01,9.133981796481969173e-01,9.474980970011392944e-01,6.927244473877639530e-01,9.419170163486920710e-01,8.963513720317393130e-01,9.896033898189364741e-01,8.021997759981480680e-01,9.213932402865037119e-01,6.149771117474384097e-01,9.631048512019564356e-01,7.287532671871497225e-01,8.588464333696693709e-01,6.026578649139360255e-01,6.556444800816438878e-01,8.672204922717486886e-01,9.562257297968466130e-01,6.954905883502279229e-01,8.419791928891766641e-01,7.707360142397139402e-01,2.461832601547377930e-01,6.078732743633855629e-01,7.694083070923617429e-01,8.818423826957462186e-01,9.704011596938488804e-01,2.031731327820048283e-01,7.493446062900780413e-01,3.081094041335318279e-01,4.901671902634145983e-01,2.659309658660034548e-01,9.778061501696786451e-01,5.692319926978842703e-01,8.562439448802194875e-01,9.493345664710113319e-01,7.538212542754669787e-01,9.571401447621927794e-01,7.654233820846394476e-01,6.758071558027891612e-01,9.348204595961104868e-01,9.506946766476869204e-01,5.309537031551310182e-01,7.121952164795305462e-01,9.692831619681063771e-01,9.353300369331819519e-01,7.621467179590747376e-01,4.080537978213135131e-01,9.057240376935136172e-01,1.248949968083466200e-01,8.528208461328772305e-01,5.854812093111745330e-01,6.797434622018574402e-01,5.326072255389432408e-01,8.185878320585709966e-01,7.933050085605848345e-01,7.214480275711677715e-01,6.353498337912719673e-01,9.781563182142276602e-01,8.981173311711140306e-01,4.598143043349977588e-01,6.545167598719410229e-01,9.666523376059479311e-01,9.366387125293199611e-01,8.223043384855586169e-01,7.899034582968003093e-01,3.060855150471945008e-01,5.678766197337719035e-01,5.207717539939726858e-01,9.304027511052771482e-01,8.090041385994727330e-01,4.021455282792139041e-01,5.144492650077333584e-01,9.680003796979633757e-01,9.141998617655817672e-01,8.467889165489062009e-01,9.181019867704053317e-01,4.083902038874076545e-01
6.275226212797472281e-01,7.866680473954777986e-01,9.866991484986493699e-01,0.000000000000000000e+00,7.916089643849817392e-01,9.453231704260360857e-01,5.281518143556303002e-01,7.158853213599871701e-01,6.958322239066827564e-01,6.320062559752371856e-01,4.719731043514872049e-01,6.062954990214217688e-01,-4.510364218167081662e-02,6.899474342245422998e-01,8.332847910182905604e-01,5.631457344348864691e-01,5.769778649211591004e-01,7.368205612721936415e-01,6.576330934548055840e-01,6.742408531866189714e-01,9.345699823698867537e-01,8.118228054202420996e-01,8.001743751390024695e-01,9.498030876892348262e-01,6.808485487557369709e-01,6.187929362104581665e-01,7.581219889745408613e-01,9.975432482200674578e-01,5.775882447723301727e-01,7.945404036676166903e-01,5.340746043769151880e-03,7.018490699053805404e-01,8.589767486187639411e-01,8.491844802221305555e-01,4.459250615385619843e-01,3.960019115275433821e-01,1.046420181246608960e-01,9.917803673664448150e-01,6.200799040372078075e-01,9.247067616098622045e-01,7.185411886068796550e-01,7.708369571747568649e-01,8.039743846371781855e-01,6.377630507020719541e-01,9.803411601224747418e-01,9.296252764658468060e-01,7.833235418066408773e-01,7.642593552916543409e-01,2.994340762538962308e-01,6.226685165319917337e-01,7.634244039408208948e-01,4.266586878861211574e-01,7.214241688988054513e-01,8.423875793381027099e-01,9.800239212639436648e-01,8.298749207954881912e-01,9.159943060275549387e-01,8.982641070114280035e-01,6.549914782837286120e-01,6.600065646004024122e-01,5.088646000257440738e-01,7.030243307762469307e-01,6.197115917394760976e-01,7.614335275018775384e-01,4.902778762017489522e-01,6.968079522463992426e-01,6.015250980758892752e-01,2.673344806815337593e-01,-1.895678992952481712e-01,8.976177937211273772e-01,3.035647452053326090e-01,8.986188008945280581e-01,8.095953887339510935e-01,2.746344331689888896e-01,7.179653668271279710e-01,8.567319979012162356e-01,6.896927566789278208e-01,7.849252674425705179e-01,2.759498819704633288e-01,6.709377427808588257e-01,9.164801683680507960e-01,8.296448002088114837e-01,9.405848336794317976e-01,2.127532390077473134e-01,6.933721365890510580e-01
2.399408425549281465e-01,7.869561178952311220e-01,7.599660444877779364e-01,7.916089643849817392e-01,0.000000000000000000e+00,9.828114552511771906e-01,5.684285388224788460e-02,9.989275610509349423e-01,6.135754618253812520e-01,8.676926577114353334e-01,4.831286535099341695e-01,8.011955257743011982e-01,8.908802934072757029e-01,9.380688847895357618e-01,4.288596985398338557e-01,7.134749391485204484e-01,6.865680052777926035e-01,4.686590159944917788e-01,7.373839359007124949e-01,6.671195679243795418e-01,6.766231541976013286e-01,8.346829804969078115e-01,7.817794945573960375e-01,9.293510763558779919e-01,4.038010557332236683e-01,7.592100497711660179e-01,4.704142714419928817e-01,6.958694845447959132e-01,7.623569445653155530e-01,4.798550062035899511e-01,1.447104179889086017e-01,5.496487836721011266e-01,9.079400170125314640e-01,8.049944925043798216e-01,7.679436088908739855e-01,2.902339041153877419e-01,5.231622955812045284e-01,5.444158954564802810e-01,8.616039317035462108e-01,7.563508521880275559e-01,4.752300100266365068e-01,8.546478799158921946e-01,8.319866582415202938e-01,2.197269709936968130e-01,8.725542304833049378e-01,8.025829355541760357e-01,1.590534156315762671e-01,8.199511345267804785e-01,4.715155367696315380e-01,8.245381603188353115e-01,6.895525036258286500e-01,7.535007853642909925e-01,8.541435073429763936e-01,8.894693010167895597e-01,6.270110958394502498e-01,2.739717977759311140e-01,4.462770960585670799e-01,4.335283823410653326e-01,5.958502194886726722e-01,4.338119268515021609e-01,5.979434787207478230e-01,2.759565745900855460e-01,4.332533420049861084e-01,4.590244083885334780e-01,9.005110718211621901e-01,8.114165023666374266e-01,7.679805606074641133e-01,9.604130510652257868e-01,6.752178712416725404e-01,8.048112963328322156e-01,7.318298191166376920e-01,6.357888015068915433e-01,2.679698480155885409e-01,6.884552531673568954e-01,2.439332720908622965e-01,9.176965226707066714e-01,8.558726227895933070e-01,4.045448696272207489e-01,1.481897178304309726e-01,4.274295899010804312e-01,7.519213223310544647e-01,8.496590685979468205e-01,9.487116418638323889e-01,4.437848295744387661e-01,7.622769765998294034e-01
8.279148600837272776e-01,6.073609006935436483e-01,8.811904495177873553e-01,9.453231704260360857e-01,9.828114552511771906e-01,0.000000000000000000e+00,5.032839443192020923e-01,9.882137202854753832e-01,7.929802703097018624e-01,7.824717243197545358e-01,8.476381265949417543e-01,6.195440741943862850e-01,9.035838375992062410e-01,7.882896971019153209e-01,2.460105216996754662e-01,4.104861054278603483e-01,7.981674714149762373e-01,7.355420638534267141e-02,5.085467649209433061e-01,3.078658397531157664e-01,8.693035450218129512e-01,6.736036609315505519e-01,9.926427381712534803e-01,7.575844824380260079e-01,4.496282593081190604e-01,9.848839206057854456e-01,7.120582134307662514e-01,3.501544762494287477e-01,7.266498299554422502e-01,5.651151554906362895e-01,3.818132375767895326e-01,5.403298545238768291e-01,5.589513414603317631e-01,1.076558292294449437e-01,3.444840500948213591e-01,4.322855721781341254e-01,9.572635107146368338e-02,5.348426903157947887e-01,8.410033981927008684e-01,8.618966652684370011e-01,5.717918819904347361e-01,6.511006044613842914e-01,7.113888565020897170e-01,6.898651485053736154e-01,8.620232654225672420e-01,7.673568401174741815e-01,8.553938059121990456e-01,6.213471995664456848e-01,7.031177007967219783e-01,5.170417320671263361e-01,3.085220105864469597e-01,9.628017226023148911e-01,6.933200980236078337e-01,7.013498086523204389e-01,6.059951729704831092e-01,7.437903171621843557e-01,4.695979740935055102e-01,7.563255378553944697e-01,8.484591885656382892e-01,2.429149086046244466e-01,2.845774143883095242e-01,8.312576216603350110e-01,8.106268205944560101e-01,6.089125449697287973e-01,6.578532210610475994e-01,8.377066499413956535e-01,9.763559417174746402e-01,3.008342152985475915e-01,-1.255988759439152780e-01,5.311047886297339815e-01,6.388526854471099359e-01,6.702320391241832764e-01,1.329222077236704436e-01,5.173875399838122613e-01,4.412772143192101315e-01,9.212113154899193024e-01,9.476122740248831278e-01,7.035126133020636052e-01,4.417860405193723139e-01,1.837259017791014748e-01,7.478364438739580899e-01,3.105599914914963233e-01,8.754470156770799427e-01,5.655135404307898295e-01,7.650328005864406311e-01
4.155044591473797677e-01,7.028166822184547247e-01,8.868702548613678349e-01,5.281518143556303002e-01,5.684285388224788460e-02,5.032839443192020923e-01,0.000000000000000000e+00,7.689932295151402641e-01,6.843693315334229421e-01,2.396093566077251436e-01,7.658580634836689160e-01,4.431855714909380128e-01,7.665711684576308471e-01,7.599996939203588209e-01,2.322825755352637966e-01,6.855058806160290175e-01,8.980830022401774526e-01,2.239062573196932970e-02,9.518110040081300127e-01,9.569565943455523582e-01,7.797247546488091929e-01,2.460861897771487450e-01,7.339503159280776901e-01,6.378077949857020590e-01,1.431505785635774630e-01,7.886138177929562509e-01,7.386422549155166051e-01,5.001861770831421694e-01,7.116048518377541265e-01,4.557796223437705074e-01,6.523213481672166525e-01,8.915955098874049911e-01,4.923237818715213709e-01,4.910266121568100939e-01,7.984348685510119781e-01,5.454465416707197090e-01,4.017599610030235247e-01,6.371358642535612793e-01,7.567290897757279478e-01,4.224586765600597538e-01,6.599785805730460364e-01,7.056151239118607643e-01,8.334871518828650405e-01,4.718464535181273178e-01,7.397480480501017475e-01,6.804720400223620569e-01,4.234429751512177598e-01,2.157191853859290534e-02,4.602118067952248870e-01,6.603169417207378489e-01,3.744959300323187634e-02,6.543847503818022160e-01,4.009555149491175197e-01,7.796209049139268821e-01,5.966703813926246269e-01,6.366371827779425674e-01,5.075586471328432658e-01,7.245426762715388991e-01,5.352555155691618438e-01,4.257507086824595111e-01,4.040484211313873364e-01,4.962402361135488937e-01,5.627283505549907083e-01,8.687443820593455657e-01,9.332953487179262986e-01,3.797376394946467837e-01,4.534178478444358951e-01,4.293860303943496382e-01,9.624307529218061319e-01,5.541124996905886224e-01,6.595242223397848047e-01,5.922219079280326426e-01,6.345699239856683604e-01,3.157695599341639459e-01,5.717078047439346777e-01,7.595461578321222040e-01,7.699979775220282541e-01,5.429494074808557391e-01,4.047013427277035280e-01,-1.226118481074110061e-01,6.261166302922602789e-01,9.715401063793576153e-01,7.060694563163003590e-01,3.556857497396666290e-02,6.267454967109410413e-01
9.504002120122868602e-01,9.244802493337185290e-01,-6.372346599271364043e-02,7.158853213599871701e-01,9.989275610509349423e-01,9.882137202854753832e-01,7.689932295151402641e-01,0.000000000000000000e+00,6.702837012187089494e-01,6.378268382381759860e-01,4.975748000562501550e-01,5.343373516820600078e-02,5.193545132132313391e-01,8.587612174064287451e-01,6.564443444076752954e-01,3.742902118120599031e-01,9.698547224170147585e-01,1.098758646926631111e-01,6.286212417451872980e-01,5.209157165459047389e-01,8.791934160011763977e-01,6.934624454828326456e-01,8.807897309410754882e-01,8.128818912329573987e-01,7.262493781180587860e-01,8.333701826856184658e-01,4.996346981677244337e-01,4.179428676739510018e-01,2.019729149960806103e-01,3.627914720007683891e-01,3.111732021075805377e-01,6.285778678733757729e-01,6.998382473060273945e-01,9.442101627426787713e-01,7.148421793230366195e-01,5.806943885377781056e-01,4.899520883779816538e-01,6.902264182494445288e-01,6.777894238182710085e-01,4.063992228350572500e-01,9.658037921260579362e-01,8.885932806725731492e-01,3.970750162688255758e-01,4.144960823740011513e-01,8.191415756195210562e-01,6.326671247273371046e-01,7.920840097591873574e-01,4.459711974958588399e-01,4.074599352434599697e-01,5.691758639206966341e-01,7.545114018400724820e-01,4.063898203924319885e-01,8.655575891277602629e-01,5.800933703154442789e-01,7.162746272019586691e-01,4.234879937974540542e-01,7.760960807628014546e-01,8.816587208354300653e-01,5.402053951096644213e-02,6.479398287359827702e-01,6.725955317728985472e-01,3.739974807171545512e-01,7.228100200903438965e-01,9.611786633776456812e-01,5.013223078431581214e-01,5.183065527461101496e-01,5.421036679403576919e-01,6.799962106128829564e-01,7.092772173242523071e-01,9.678756017091594277e-02,5.893247647096604425e-01,9.182892968194061867e-01,4.850080253345400161e-01,7.852538860544358013e-01,1.069034950069839285e-01,6.121366984429502667e-01,2.614965211494230668e-01,3.091914553518787523e-01,4.103228595010766089e-01,6.819611360436016456e-01,1.574991303183437318e-03,7.671209284108633231e-01,9.506631061622607959e-01,-1.492053901106560054e-01,7.060507615705532425e-01
9.535816042127153169e-01,5.727308394174821515e-01,8.577721307515737692e-01,6.958322239066827564e-01,6.135754618253812520e-01,7.929802703097018624e-01,6.843693315334229421e-01,6.702837012187089494e-01,0.000000000000000000e+00,3.891899157822729105e-01,3.980534715772986454e-01,5.480673229949886149e-01,9.525234073623036757e-01,9.424924287399242262e-01,6.337092026869119987e-01,6.208890138148378535e-01,9.597946607611802516e-01,7.310346199891706309e-01,7.143823555350687915e-01,8.622245260564900260e-01,7.294172274328585281e-01,5.252840468860381362e-01,6.722769174045388763e-01,8.518288664416231448e-01,9.411548510198001205e-01,5.195879421100429996e-01,9.355561246401119524e-01,9.826585161857668282e-01,3.654605267294307458e-01,2.778852669616099225e-01,1.906766529290624401e-01,5.795212361525425848e-01,6.077933342570642772e-01,5.582312973976193415e-01,3.842311219477100304e-01,6.837198652198153148e-01,1.592585376227376170e-01,9.527267631517963853e-01,7.943675795538240880e-01,9.622483717201778530e-01,3.971828519316651929e-01,5.189009178139721845e-01,7.201551724223760331e-01,7.582877915648463807e-01,8.654402662961209192e-01,8.884296604159895860e-01,6.690191311344847458e-01,5.646637156561598037e-01,5.687288743030701754e-01,4.346877438174806541e-01,7.181681461058945226e-01,6.807259820829021368e-01,9.147460255402579676e-01,6.133251890110192894e-01,6.855272411868978955e-01,8.162541830442230362e-01,6.842338819137643302e-01,9.523425954600637233e-01,5.305900227683634229e-01,7.428134137309290175e-01,7.389415753275904164e-01,4.828855176007452177e-01,5.773379815980990148e-01,9.538929452304765189e-01,7.325107312770651191e-01,6.068833213568419760e-01,7.528249659449793851e-01,7.281584812580824684e-01,8.929310500296061548e-01,7.468109830545015537e-01,7.581970034475253861e-01,7.751426716210221279e-01,8.604439460504510473e-01,7.775545573828238632e-01,8.477785568235060021e-01,7.259050891797895755e-01,6.346088787735860715e-01,7.737921410371418895e-01,4.463639557655722512e-01,7.028081923093573158e-01,5.317985782164194042e-01,7.439944357414671749e-01,9.051476340516578789e-01,5.812814684107463492e-01,4.758394577288010963e-01
7.734972198885178285e-01,8.774111660241774580e-01,8.811411988148010188e-01,6.320062559752371856e-01,8.676926577114353334e-01,7.824717243197545358e-01,2.396093566077251436e-01,6.378268382381759860e-01,3.891899157822729105e-01,0.000000000000000000e+00,9.173223596501913768e-01,7.539986975529808788e-01,6.858675970070103878e-01,8.298143208501683743e-01,6.824496694520737483e-01,5.224935804285748553e-01,8.576869012400522019e-01,5.582700208500830374e-01,7.223327291709564779e-01,8.939113182854184769e-01,8.333394112245535723e-01,-6.503394382319030442e-02,7.519689726385414552e-01,9.360973454827081763e-01,6.585546180966505014e-01,4.987969444850479800e-02,7.462139100239110201e-01,4.143268012343722106e-01,5.920450572206639173e-01,4.463095162276182193e-01,3.762921436545323822e-02,7.253347042288817992e-01,7.026109584229628391e-01,8.083452008613682960e-01,4.372546299959718663e-01,7.591985248262299590e-01,4.491886343532525139e-01,8.783307040639956043e-01,7.058728093254643676e-01,7.042616222583131247e-01,4.949141241707096794e-01,4.625891264936569658e-01,5.651366797774498574e-01,9.417687573799259360e-01,8.527594495836063881e-01,7.768291878148989582e-01,6.940657644759008482e-01,7.495108338649727475e-01,7.262500414626349432e-02,7.304600882593921263e-01,6.924819396266663762e-01,8.579674560319880960e-01,5.293758715145664429e-01,8.296146665731016778e-01,6.783876048498643785e-01,2.931214845578132278e-01,7.384014698627154871e-01,5.033985466819379528e-01,9.780990693694927574e-01,5.546027196050058450e-01,4.959260746820884913e-01,9.167715972223551280e-01,8.296585890466332547e-01,7.241287093900413696e-01,6.455473279556501742e-01,7.818004765416299851e-01,6.688206960867845163e-01,8.503377447731444994e-01,4.991773050506277398e-01,7.689822995368954528e-01,9.631020202767064387e-01,9.931060600838862440e-01,7.158559036020714084e-01,5.026217049865087105e-01,9.968205208967855224e-01,7.763358092860905835e-01,2.539204647150281602e-01,4.334199932674931421e-02,7.894307679491410212e-01,7.227372096771243759e-02,6.259147929135814303e-01,6.618692247885266111e-01,7.647493899799253647e-01,3.795605017995119512e-01,4.380911095133151467e-01
7.709059328815937029e-01,9.667110525340847360e-01,9.133981796481969173e-01,4.719731043514872049e-01,4.831286535099341695e-01,8.476381265949417543e-01,7.658580634836689160e-01,4.975748000562501550e-01,3.980534715772986454e-01,9.173223596501913768e-01,0.000000000000000000e+00,8.662261119559792055e-01,6.093435207208470761e-01,6.311412532331922565e-01,7.694043926938236577e-01,1.467007457221831401e-01,2.121078849669121302e-01,8.802012583942265822e-01,9.428670733473337728e-01,9.472932050517902658e-01,6.140053134536962443e-01,4.036726516398414510e-01,7.151884324128886528e-01,6.855872875919725162e-01,6.430427927372847074e-01,9.525249656499107376e-01,6.759294787525166326e-01,6.260200807447561244e-01,3.592933835520363273e-01,3.520334834579190719e-01,5.896902836602545550e-01,2.543786057773277376e-01,8.270964074673502475e-01,7.880578138877315508e-01,5.540990954922305756e-01,8.004234381168701118e-01,2.970828929673932084e-01,1.541404084207809166e-02,9.249923873475274227e-01,9.497694047203604217e-01,7.606480304905796075e-01,9.390167314330676307e-01,8.927486939980221470e-01,2.238717438337722576e-01,4.259899192554448266e-01,5.918425379359308902e-01,9.434363299910377698e-01,8.952498386206521053e-01,6.188743061745518581e-01,5.235855945311503890e-01,3.972681212070199724e-02,4.496980016333061436e-01,8.061947631959835991e-01,7.344846940286188230e-01,3.247814425748263290e-01,2.254944308484602977e-01,6.369852277459506773e-01,9.405453874709689410e-01,9.090090837427913240e-01,6.658640272211705513e-01,6.179851839342731523e-01,7.610798599459045466e-01,3.977816898051810268e-01,4.295754009733341872e-01,9.085280715840771126e-01,7.194111855420468604e-01,8.770744612985762467e-01,5.970246070136741023e-01,7.648749297451002960e-01,3.527021191050536686e-01,9.005135574765555928e-01,8.268106649283918363e-02,2.942124900469644810e-01,3.946813598754025376e-01,7.914024017538607847e-01,8.098369318257359062e-01,6.113177775264765357e-01,9.185619884642685085e-01,5.440786955820928750e-01,5.215649621373004141e-01,5.659790792426547812e-01,7.972107739645529767e-01,3.748493887523807189e-01,7.815995800594619514e-01,4.784366615916575416e-01
8.059236904360992382e-01,2.600774127503353572e-01,9.474980970011392944e-01,6.062954990214217688e-01,8.011955257743011982e-01,6.195440741943862850e-01,4.431855714909380128e-01,5.343373516820600078e-02,5.480673229949886149e-01,7.539986975529808788e-01,8.662261119559792055e-01,0.000000000000000000e+00,8.689114658763976706e-01,6.526425241491249363e-01,7.617923918339737366e-01,8.847431722417555822e-01,7.929389926790179066e-01,6.911156917712488745e-01,3.446602762812529530e-01,4.692057550129798971e-01,3.206855625702381696e-01,9.577972019589418018e-01,9.716771542538151785e-01,9.961934896442961040e-01,7.269515867559522837e-01,6.265443498909584186e-01,9.526635580626536814e-01,8.283779891785628680e-01,6.903665640674076787e-02,5.758839309239830451e-01,4.481540535869065200e-01,2.240635429101007770e-01,5.995659616920939738e-01,7.792797383224994157e-01,8.699536603773458943e-01,7.151224684161430201e-01,4.088061392889061896e-01,6.435579593079380212e-01,6.723604941951192293e-01,7.783922747652285423e-01,5.089874774817259029e-01,8.728772757911961166e-01,8.024679322248747804e-01,4.333921159463252071e-01,4.406586003006608410e-01,7.705754353331084605e-01,7.510777369963475003e-01,3.194623863631786409e-01,7.092369321995263265e-01,6.239955590312469269e-01,7.208244925730307173e-01,6.111663541940878241e-01,5.861985402314268123e-01,5.753284031305818669e-01,2.576724788619368933e-01,8.041882129993074280e-01,6.731065102785344090e-01,8.333733988585246832e-01,8.853733957848290981e-01,5.327407728303253931e-01,2.917533828401872587e-01,1.808601004336065632e-01,8.636049069551325896e-01,6.008126548811918433e-01,9.473122669659312933e-01,5.446695206321476856e-01,5.658504260788096429e-01,7.047929675140012229e-01,7.565846859801701463e-01,5.484288672143419197e-01,6.801782805732067283e-01,7.961845440842666433e-01,6.494310032057871718e-01,5.259102245911718709e-01,7.509992863743004676e-01,7.667757229386737983e-01,6.381862827481585843e-01,8.569240931459780608e-01,-1.217367810227881764e-01,1.146980132953051151e-01,1.957939723320940295e-01,5.588080049970853835e-01,2.564297044220623101e-01,2.924204432784048846e-01,6.521612174479692881e-01
9.239041367445979258e-01,7.653047543641502415e-01,6.927244473877639530e-01,-4.510364218167081662e-02,8.908802934072757029e-01,9.035838375992062410e-01,7.665711684576308471e-01,5.193545132132313391e-01,9.525234073623036757e-01,6.858675970070103878e-01,6.093435207208470761e-01,8.689114658763976706e-01,0.000000000000000000e+00,9.465254383277059702e-01,8.046403734540819030e-01,4.264179295305443040e-01,6.255499274139763033e-01,8.963635149656339340e-01,9.558793718091787017e-01,8.271334656342924641e-01,7.609795626736968188e-01,8.461143793497759580e-01,9.210958616748906591e-01,8.845158486802762177e-01,4.099565419892316487e-01,5.290428004931096995e-01,8.776024716387577085e-01,9.681347921982714766e-01,5.928200853317950880e-01,2.853369481881468661e-01,1.812995633964380737e-01,1.162411492941265306e-01,5.351268844397172320e-01,8.171840410391005838e-01,8.152585154251370536e-01,5.510492244353832891e-01,3.056185003549631851e-01,3.969360922446123485e-01,9.751435568514409402e-01,3.938116738307867459e-01,2.493401332347019994e-01,5.555545071573888549e-01,9.835802841083904902e-01,5.743534335716717898e-01,9.466136273685118452e-01,4.062749681306636607e-01,7.491361456087877180e-01,8.989693464071801809e-01,7.437702745357424039e-01,9.993891917009916082e-01,5.438159792231437306e-01,4.651718034742814978e-01,9.038774627751126056e-01,6.385856102026051806e-01,7.433664362996766917e-01,9.781642849457916622e-01,7.691626542426310831e-01,8.945523215122347382e-01,8.477727127495415793e-01,6.766539404340465858e-01,4.369498470429559189e-01,7.957227925677128333e-01,5.371319176909541415e-01,9.012903204312346928e-01,6.854671994769058196e-01,6.782104493683550617e-01,2.246541171822395155e-01,9.899735523916717295e-01,8.938190070379625762e-01,3.521753858439284901e-01,6.023207714473503005e-01,9.837228112786442491e-01,7.666454234489622488e-01,5.641854705574206319e-01,8.416935576465871538e-01,9.569086633534308328e-01,5.431080615898365993e-01,8.101847169235975032e-01,4.142562423377372793e-01,2.376092172145012338e-01,3.904618650100237787e-01,9.754819890786174952e-01,7.299336325198729769e-01,1.692273557223145097e-01,2.529568003590317860e-01
9.911083113033796188e-01,6.157537168232833924e-01,9.419170163486920710e-01,6.899474342245422998e-01,9.380688847895357618e-01,7.882896971019153209e-01,7.599996939203588209e-01,8.587612174064287451e-01,9.424924287399242262e-01,8.298143208501683743e-01,6.311412532331922565e-01,6.526425241491249363e-01,9.465254383277059702e-01,0.000000000000000000e+00,8.085198402733969614e-01,8.357519640984885090e-01,9.868897468190727107e-01,9.951439489343125722e-01,9.783544150996857924e-01,6.399509730826744569e-01,9.263998478651567225e-01,6.496483348894194210e-01,4.520045509965833763e-01,4.165214911077044224e-01,3.390904026051241305e-01,8.686225045939495182e-01,8.354541089399858400e-01,9.619789317515118343e-01,5.806499125758344260e-01,2.981915158230937224e-01,2.532939010792255030e-01,5.723195886578263947e-01,9.473439394122321611e-01,8.872518309556995941e-01,8.982029576975661955e-01,2.477164801733248711e-01,7.151040329278408603e-01,6.433375518992251463e-01,3.869806620743055925e-01,4.642594424432266997e-01,4.226436269659085698e-01,9.938725480560206549e-01,4.474439690591851537e-01,8.985544055273572139e-01,9.005395136155427416e-01,6.863034676822999947e-01,4.761725369829905019e-01,1.726921288312625868e-01,4.466582078276558621e-01,9.966902519855540543e-01,8.080465971948114223e-01,8.382624031608386650e-01,5.071553607506203987e-01,4.534501468938839097e-01,4.946168402214564108e-01,8.284522760702027755e-01,8.989655266892713215e-01,5.702837256274395639e-01,7.402544852580352774e-01,7.721484693223192863e-01,5.390361821147321431e-01,7.139922826392810506e-01,8.949443546527909854e-01,3.055019197405233200e-01,5.703262317544082194e-01,9.050528645897737423e-01,9.353337383448099285e-01,4.897634899865494496e-01,1.442479311686398202e-01,5.755669403605795376e-01,6.011323296833841479e-01,7.125302878961248254e-01,4.460705321053179961e-01,7.132555046387142328e-01,6.698248775429139767e-01,2.056952482793778514e-01,4.499342204661827549e-01,8.624396945076027166e-01,4.241771910582602945e-01,3.316380876140466727e-01,7.893376391288301486e-01,7.395857879226925835e-01,8.822302981539211775e-01,7.353330175807868407e-01,9.119135436766946379e-01
9.700508306378198276e-01,8.941497002570629737e-01,8.963513720317393130e-01,8.332847910182905604e-01,4.288596985398338557e-01,2.460105216996754662e-01,2.322825755352637966e-01,6.564443444076752954e-01,6.337092026869119987e-01,6.824496694520737483e-01,7.694043926938236577e-01,7.617923918339737366e-01,8.046403734540819030e-01,8.085198402733969614e-01,0.000000000000000000e+00,6.249613879916502412e-01,3.388936698051194796e-01,2.528939336515866887e-01,6.979503934502248041e-01,9.885751465994837561e-01,2.022590587638441462e-01,4.389310999544955849e-01,4.005079741188069531e-01,8.395600136405239056e-01,8.219185949422475046e-01,7.181903631846631164e-01,7.353052363153512738e-01,6.479887874996185237e-01,5.262178672481406805e-01,5.310859704913976076e-01,6.984967434794260299e-01,7.352971356307992368e-01,7.791438167447138907e-01,5.702159302656523154e-01,8.364036529839322665e-01,7.079746811297291664e-01,4.129795444195801801e-01,5.279278025266934682e-01,6.918734609065217978e-01,6.758583972443792387e-01,5.015079145135862282e-01,4.815358351222117084e-01,3.715123539829074950e-01,6.826580761087573945e-01,6.142922457853792206e-01,9.290123836439825311e-01,6.268615238361092690e-01,3.877423101788077808e-01,5.825146826523368571e-01,9.708292980577332143e-01,7.634749526611683823e-01,6.527460441188916995e-01,6.167135984138782945e-01,4.615659527428280784e-01,9.117780498354046692e-01,6.040116189709152650e-01,7.575097885494578298e-01,8.097215895218036197e-01,9.283110888467824839e-01,3.061490588302141491e-01,7.454751315511723986e-01,9.798380879981866132e-01,2.952024573292953008e-02,9.458903765510502382e-01,9.048794571506951767e-01,8.045654105074641071e-01,6.510720738114563755e-01,9.527218371018660870e-01,6.851551280124158483e-01,7.515068512838124493e-01,9.093705923947857928e-01,9.158846241450605552e-01,2.706599418513269684e-01,6.939750671294592221e-01,8.873771266120092926e-01,7.874467404238606472e-01,3.994071508533050263e-01,7.407617120051648296e-01,2.583635655296590006e-02,3.659036624891904843e-01,6.163785544207517342e-01,7.778920224699064079e-01,7.012829808673449739e-01,6.068691158329947433e-01,2.602614019782640842e-01
9.222335108867696363e-01,6.118614185559264618e-01,9.896033898189364741e-01,5.631457344348864691e-01,7.134749391485204484e-01,4.104861054278603483e-01,6.855058806160290175e-01,3.742902118120599031e-01,6.208890138148378535e-01,5.224935804285748553e-01,1.467007457221831401e-01,8.847431722417555822e-01,4.264179295305443040e-01,8.357519640984885090e-01,6.249613879916502412e-01,0.000000000000000000e+00,7.720491436887331194e-01,7.781767932158645262e-01,7.259250542472395207e-01,-2.781691640661743126e-01,7.171030763516911266e-01,5.079642825593357891e-01,7.202160489942686095e-01,8.562786293995724440e-01,6.465851066134801206e-01,7.878203125308924637e-01,9.814776041441688470e-01,-9.193650792265721516e-02,7.679892239194162640e-01,3.539250406659887327e-01,3.380784316984588450e-02,4.383319632623630668e-01,6.790417520451259570e-01,3.757088893273501790e-02,9.565734473271114702e-01,7.704058409495954107e-01,8.714094309048809883e-01,6.557824144771147168e-01,9.731367030072624047e-01,6.306910397369940302e-01,-7.840114796389294205e-02,7.922080533934470203e-01,9.506365977543217438e-01,7.656012279201417359e-01,6.450660152766229949e-01,8.141356819967564551e-01,7.566926754953360312e-01,9.131587040769082453e-01,7.285463915142442737e-01,6.906587381975908269e-01,8.699205347124696619e-01,7.884546337776154878e-01,7.833716554646010799e-01,6.917485897626511893e-01,8.725923212919965977e-01,6.030515737645980590e-01,7.865383077983342242e-01,7.865931141142762373e-01,8.041275157458732670e-01,3.251317664545511077e-01,5.631547213749487080e-01,4.260939280341243807e-01,8.386331833696523130e-01,8.978842774570597873e-01,7.480717883411521774e-01,2.865767598996992183e-01,3.283724377564831709e-01,9.564933333317485742e-01,7.042158524056004731e-01,8.678249156243902362e-01,3.254542698456699412e-01,7.055432051419293638e-01,3.208675177271239631e-01,5.427469527276629346e-01,8.238120954659947648e-01,3.947725870857788921e-01,9.771879054465671954e-01,7.465974113622822483e-02,3.180815046860673845e-01,5.544012447786028641e-01,7.325692846433216054e-01,4.061621040230585233e-01,8.489291645931014152e-01,6.973298598356656441e-01,7.856294198386419847e-01
4.822056305167243262e-01,8.213045898052916405e-01,8.021997759981480680e-01,5.769778649211591004e-01,6.865680052777926035e-01,7.981674714149762373e-01,8.980830022401774526e-01,9.698547224170147585e-01,9.597946607611802516e-01,8.576869012400522019e-01,2.121078849669121302e-01,7.929389926790179066e-01,6.255499274139763033e-01,9.868897468190727107e-01,3.388936698051194796e-01,7.720491436887331194e-01,0.000000000000000000e+00,9.929910588943141603e-01,8.785088678238662796e-01,9.464321827081791927e-01,6.685989053400193116e-01,6.460150626290872555e-01,5.535943262934055475e-01,9.118330267658367738e-01,7.597779124384865801e-01,9.240206476054584339e-01,8.846668607552823360e-01,3.775086517826945487e-01,3.008016720116852838e-01,5.209594508943335978e-01,6.489845537275715781e-01,8.623247587959657068e-01,8.482429280232361979e-01,5.568789909585556419e-01,9.375825042168898227e-01,8.489119625054498686e-01,6.151739610514926904e-01,5.710807184518451596e-01,9.039958377225305597e-01,8.194902021368494216e-01,4.338123934927623493e-01,7.616089404912547156e-01,6.132621752216196320e-01,7.538302701825975172e-01,9.166232380588711370e-01,9.726251049393972448e-01,6.750015764224522874e-01,7.523504886412513137e-01,4.020757948912438984e-01,7.688227134236997884e-01,4.483807970187566050e-01,8.706512677451609949e-01,7.535122638293603181e-01,7.928311409188075753e-01,8.484881594526660908e-01,8.173930387225438743e-01,6.613209780193314291e-01,9.290683595843385323e-01,4.794998276393650505e-01,5.113574138783651968e-01,7.899754564649538180e-01,9.001722529031062070e-01,8.529269438843185558e-01,9.987214655011971143e-01,2.872632920033220683e-01,8.171560851296315597e-01,8.881426354131565226e-01,8.353467864106671747e-01,4.230225233117875239e-01,9.343152260440870105e-01,9.703079837805661523e-01,9.656181574972574344e-01,2.138045011331955458e-01,4.474241225918487719e-01,5.093785663365762995e-01,8.271115931818717737e-02,7.535800700654569084e-01,7.134134044496904803e-01,4.918918497888430386e-01,4.668211837863851521e-01,9.196815051630904403e-01,6.580141679793907183e-01,2.054768572940647575e-01,9.265026167626999598e-01,4.288534519069364670e-01
8.770376229387915057e-01,7.416218206687805736e-01,9.213932402865037119e-01,7.368205612721936415e-01,4.686590159944917788e-01,7.355420638534267141e-02,2.239062573196932970e-02,1.098758646926631111e-01,7.310346199891706309e-01,5.582700208500830374e-01,8.802012583942265822e-01,6.911156917712488745e-01,8.963635149656339340e-01,9.951439489343125722e-01,2.528939336515866887e-01,7.781767932158645262e-01,9.929910588943141603e-01,0.000000000000000000e+00,9.394782822290707047e-01,9.172212206183149030e-01,-1.032752425663447660e-01,2.819716008615502645e-01,7.843877710476738763e-01,1.663028914531279601e-01,4.040162025774314269e-01,6.282885375057630784e-01,6.295635545322755267e-01,5.026291802739144554e-01,5.005786451220387567e-01,2.577972595114629284e-01,7.432721482145253633e-01,8.313046999259847691e-01,6.460808604970538216e-01,2.657865789192040973e-01,7.481772865942206696e-01,4.008160966432647992e-02,3.248459202621171715e-01,-1.562532650665942324e-01,6.017603395685102718e-01,6.056806869508467583e-01,6.773671773995861844e-01,5.598888878879968445e-01,6.289326743670704545e-01,3.455534052568263181e-01,8.644940467080566293e-01,3.451118198186059471e-01,8.899750133689979803e-01,9.114046478460664513e-01,7.667949791717328933e-01,7.816571290113658588e-01,9.223607548757979391e-01,5.164065071196585199e-01,6.087931192547244574e-01,8.641715529180787891e-01,6.044514740666054875e-01,6.453548865499216802e-01,6.941003037286360700e-01,7.114166550879034157e-01,3.336552690737266125e-01,7.041831804818707852e-01,2.248838457172878391e-01,6.652563332654243267e-01,6.476946492684365619e-01,4.762262430994520512e-01,8.527184120500439501e-01,2.178079253946261784e-01,7.768541673217927990e-01,2.766569267419890510e-01,4.126432501535078901e-01,8.771692684165468545e-01,4.975171233309241270e-01,7.273853017020455169e-01,4.130814979512155705e-01,4.898186384872778021e-01,7.940803136120142547e-01,5.506937923992250017e-01,7.328532867316003285e-01,4.776495954356784757e-01,5.235212680683039022e-01,4.695935603460714702e-01,6.045577620569914101e-01,9.868830579232539257e-01,5.303478092840314684e-01,7.011087053425235638e-01,3.260405169389980484e-01
