0.000000000000000000e+00,8.816770134126452607e-01,9.471184472013762790e-01,7.059249385805012045e-01,6.375453510064181817e-01,8.494382566726950134e-01,8.465772672878820737e-01,9.499880352188986299e-01,8.656523536117584072e-01,7.358069583876406528e-01,8.824372315866009231e-01,5.154193779377714835e-01,9.000371088936753861e-01,7.391358123069822206e-01,9.539140990741448167e-01,8.841476106437395899e-01,9.877367675608350606e-01,5.929769450532393904e-01,7.603833351137802010e-01,8.992076027195846644e-01,8.430056541668999870e-01,9.104385141746185184e-01,6.639131396285689046e-01,3.943234270358897398e-01,5.362061291469698565e-01,5.212857472207865772e-01,6.529798818553799178e-01,9.708098871031626276e-01,7.591841134809821368e-01,6.651200222547428709e-01,4.585235802558357832e-01,4.866788915231169410e-01,9.229684664380966019e-01,6.039987926307380794e-01,9.347825029165505173e-01,6.139449483457072310e-01,2.034717125972873020e-01,7.550350661024725074e-01,8.269841077080151148e-01,9.280480770772631116e-01,6.480142761893180614e-01,7.783988401393969747e-01,7.449670981695205585e-01,7.858903320055707908e-01,9.826002904081398981e-01,7.582080383332301388e-01,4.078129211885764827e-01,9.715480459344788544e-01,5.989523461193206888e-01,9.738585883943865484e-01,9.221504139182945536e-01,9.012626122879177082e-01,7.487076686019036309e-01,5.225119144313643549e-01,8.627443895274061747e-01,7.485110100307517111e-01,4.606724067571529857e-01,9.321941963723028302e-01,-1.979153802588393130e-02,6.852734099363539944e-01,1.568887270809905532e-01,9.527749815700635727e-01,9.487583085592086185e-01,8.239179398408792432e-01,4.373734085430615037e-01,9.793924794487846031e-01,5.515721158982911376e-01,9.197426843963465437e-01,5.775281067622063391e-01,5.807028242408600605e-01,7.367139921203160746e-01,4.250555782692173601e-01,6.395322918624466446e-01,3.140164572927794939e-02,9.580324697688433755e-01,9.583022133189482705e-01,9.466824690324557867e-01,9.803794862033694546e-01,1.911920779490365874e-01,7.576824320587330908e-01,7.734290143463712353e-01,9.522487024256074406e-01,9.822002594718196589e-01,6.109941282727784362e-01,7.563415009640974684e-01
8.816770134126452607e-01,0.000000000000000000e+00,6.572742718796991124e-01,8.423078033916390206e-01,7.926515824367131868e-01,2.508401182491948878e-01,2.188592129952068865e-01,2.678899764125700633e-01,9.654194523393021532e-01,8.721136648425449334e-01,5.859877138383349227e-01,5.671918073514848890e-01,5.154817244140951216e-01,8.527884634230289418e-01,5.955394204841906181e-01,4.457633802439746051e-01,9.206661661284150089e-01,5.952215701927201508e-01,7.774771230512802500e-01,9.897134174622870262e-01,7.961570494015430821e-01,5.895884903300209201e-01,8.220478124474739356e-01,9.505709026677909845e-01,3.871269898178864577e-01,8.478059737551866260e-01,9.469535834832943921e-01,9.781160902492125331e-01,7.895524199858796610e-01,4.599780528832235760e-01,2.362969759782689028e-01,3.224954345390692034e-01,9.956403062063737819e-01,2.669225777517895137e-01,3.192059090406655919e-01,4.238805099600196913e-01,4.164484752300649517e-01,5.205125164589502473e-01,6.392696261101500355e-01,8.938590540428225095e-01,7.647609180897833037e-01,6.770756165690599016e-01,7.424235361867995708e-01,8.169957836402783613e-01,9.726211260986118434e-01,7.101752257601567919e-01,4.689390894508244090e-01,8.328624354527367490e-01,7.043221335570495345e-01,3.226827277659582993e-01,7.666639450054810734e-01,2.673967538027328117e-01,9.996678110883003843e-01,7.297657030278275059e-01,4.725133399342776874e-01,7.699945991025786141e-01,4.213947781574587381e-01,6.267074107783023873e-01,6.065520904015992976e-01,4.889352206155704872e-01,5.505425674452831819e-01,7.789632977529538094e-01,3.471033263159907234e-01,6.450224604901907410e-01,8.203117542497375680e-01,7.126905443955759978e-01,7.426150383036589364e-01,7.170996177975977881e-01,5.968364160755641468e-01,6.827132209555446529e-01,7.472580771941648159e-01,8.689769778167929504e-01,6.529021692373642161e-01,2.690990298695568050e-01,4.565123428937636896e-01,9.272053013073664474e-01,6.012180605066098638e-01,4.467604190159575328e-01,5.509675957689489367e-01,4.027759987580021295e-01,5.014566896470855628e-01,6.092465876004583558e-01,7.905413746239355888e-01,6.851620880065871777e-01,6.498954853050045166e-01
9.471184472013762790e-01,6.572742718796991124e-01,0.000000000000000000e+00,9.913064689393383810e-01,8.168987487564376426e-01,4.564578441441430323e-01,9.595931795222736316e-01,5.861580695456046763e-01,4.455103211334544011e-01,8.139539330203627854e-01,8.130337531339846269e-01,8.244103169660368380e-01,6.259580910545233801e-01,9.672544000679207388e-01,4.405180094790034362e-01,9.578212982744223059e-01,4.695620962446925839e-01,9.591517071825673701e-01,7.294880297460535346e-01,6.960687164324611542e-01,8.148868868127500109e-01,8.183151166551272393e-01,8.080562280847526369e-01,6.125669039710769370e-01,5.744839864794137885e-01,9.341093861519319530e-01,4.623683014375276068e-01,8.393924996995782983e-01,5.539387737514812615e-01,5.530330251577204592e-01,7.331398887414606325e-01,7.603360400108590822e-01,8.795416873395853763e-01,6.443436094081664844e-01,7.057661922887431549e-01,2.145667615569291642e-01,5.781021674845645553e-01,9.753044497159555348e-01,9.195297288818260473e-01,8.304038575276725398e-01,2.315753210425326447e-01,7.037447355908703628e-01,7.151773990066416786e-01,8.262299563923436452e-01,6.812274667731265110e-01,6.083668855000895492e-01,2.169004551324401620e-01,8.923439818220989528e-01,8.169634393323477184e-01,7.174053807129643356e-01,9.832102975409724444e-01,3.078726237278542333e-01,7.562702526044683404e-01,7.836316506444744867e-01,9.536818547128578238e-01,9.784075023004248362e-01,9.713225489130522528e-01,6.486432425065060681e-01,8.880010132761227970e-01,7.365409997927502284e-01,1.539590916726825132e-01,9.922373854012100924e-01,7.181004019640074842e-01,7.550049897161026369e-01,8.078548510443069874e-01,4.509415257376792607e-01,9.582405940793770061e-01,2.368632746731847982e-01,9.450547386950252093e-01,7.367137966687904438e-01,9.467875602977462446e-01,4.852732733132862908e-01,4.000033450772596533e-01,3.216325827020122263e-01,8.373478521687064413e-01,4.916803699962505325e-01,9.677781444671512689e-01,8.136918153859348246e-01,4.021556856439619798e-01,3.720730305570956742e-01,8.288625356524780274e-01,9.667355836633019228e-01,4.277160714034303757e-01,9.426856948205772913e-01,6.117893157070205534e-01
7.059249385805012045e-01,8.423078033916390206e-01,9.913064689393383810e-01,0.000000000000000000e+00,7.970710514938788016e-01,9.188030049042847924e-01,6.243456767873099000e-01,7.310252647700578033e-01,5.923543779502609130e-01,7.229829525517067479e-01,9.687856600459591183e-01,6.057891630600998889e-01,6.367528722253525952e-01,7.560064033867478495e-01,9.453827149811128150e-01,9.392135273899340220e-01,6.882448340007421006e-01,6.209541450025762854e-01,7.008027240420087178e-01,4.102325582258330994e-01,7.564506694418174915e-01,8.897844956335775324e-01,4.336538502098696846e-01,2.612568046469286309e-01,5.758845585120379029e-01,7.026723942942568746e-01,8.682386665301932149e-01,9.452207162789827422e-01,5.167159032868717805e-01,5.951266054779720260e-01,3.617377358981952451e-01,8.886660094986910119e-01,8.861932947571926622e-01,9.711080363470561139e-01,5.873710421965517847e-01,3.956573643715879385e-01,2.894735818098361987e-02,7.542308110784761155e-01,7.800702772887865288e-01,2.911185957885806252e-01,7.376201895019478538e-01,8.630489826738920733e-01,2.269763199899555439e-01,7.178188677950576579e-01,9.883930827729037194e-01,8.419484470390131703e-01,6.286460215284404018e-01,4.039805376397049841e-01,4.799994693247277011e-01,6.935850919165872375e-01,4.222390805694613558e-01,8.796416101754929162e-01,7.668157754360122036e-01,4.528876237873300514e-01,6.717624895280259745e-01,8.943880400637373995e-01,7.287987630826088248e-01,6.056365286520429825e-01,8.340123791172339152e-01,3.843556196649678403e-01,4.557464837747911002e-01,8.240174697030696604e-01,6.676212537089520893e-01,4.978150023455389372e-01,9.148913288290174695e-01,5.422270577586489892e-01,8.715780882653332284e-01,5.224665436511816141e-01,6.420750725176302964e-01,6.033287394904265355e-01,6.343879367820136617e-01,9.801619902093864356e-01,7.959041338436696478e-01,6.278558059727278318e-01,9.893384470153909760e-01,9.125355765829398225e-01,7.553086362479408677e-01,6.596918164938844198e-01,5.102398050769713089e-01,5.791066728173755113e-04,6.490838318722491618e-01,3.869719184053115879e-01,7.483448763203657261e-01,2.831205879954667992e-01,1.209876435986054904e-02
6.375453510064181817e-01,7.926515824367131868e-01,8.168987487564376426e-01,7.970710514938788016e-01,0.000000000000000000e+00,8.765364371185250247e-01,6.885498500590812032e-01,5.610463869888381305e-01,9.609986333763398392e-01,7.177142140333778730e-01,4.388953287148726345e-01,3.631240277418862905e-01,5.534140338385674651e-01,7.997092765880924325e-01,4.621053668036173567e-01,7.835431241479209330e-01,8.761845539940653627e-01,6.260738990286934813e-01,9.320699935224633359e-01,7.748607248996554064e-01,3.246458412653150938e-01,5.779130729157736512e-01,9.065301333315052279e-01,6.948523567821991431e-01,4.183586622024456636e-01,7.531207048744890109e-01,8.175791360441241329e-01,2.671729219931115451e-01,5.477562045846846583e-01,2.032749993025264809e-02,1.633390619457735782e-01,9.259161807308831094e-01,9.603667016107759746e-01,2.162905952673468968e-01,7.774755049998955947e-01,5.368402144863984038e-01,2.707607953540812629e-01,6.065721960949795877e-01,6.821094776630873824e-01,6.156057306514166605e-01,2.031046714834728040e-01,4.723219437568539902e-01,7.966946850778855449e-01,6.084008889425353006e-01,8.883881077737586507e-01,6.111153045740677081e-01,7.043886117690734139e-01,6.535181729276573481e-01,7.142546398154274723e-01,6.124638605831532745e-01,7.818534434108577180e-01,4.099569185896804191e-01,7.465753785676598753e-01,9.674266699192335395e-01,9.398832897214630666e-01,6.447284458261377527e-01,1.683806338592017948e-01,3.676118254162211163e-01,4.737903821608144828e-01,4.623127910677209407e-01,7.160455806827749070e-01,5.710552457906522550e-01,7.476546850382633780e-01,5.854772701765244003e-01,8.194309203881010584e-01,9.115459555961816784e-01,5.984460163147071743e-01,7.465016343714876434e-01,4.295979850896619601e-01,8.333070556646101634e-01,6.673114992646040911e-01,7.623781350161659143e-01,7.230688462449677001e-01,2.164072983866579258e-01,2.405504963852201084e-01,9.988371338553498902e-01,9.778184093983213199e-01,7.043807628047926706e-01,9.438740525702514483e-02,5.972289386438186520e-01,4.127208433835198864e-01,4.168481094206849535e-01,8.792638398601009264e-01,3.916017939370590728e-01,4.845965008246345129e-01
8.494382566726950134e-01,2.508401182491948878e-01,4.564578441441430323e-01,9.188030049042847924e-01,8.765364371185250247e-01,0.000000000000000000e+00,7.674207797425740551e-01,4.907180978022991358e-01,9.180209116205382269e-01,7.386857149820072466e-02,6.023162079656819712e-01,5.994909097350071825e-01,9.005405908690968797e-01,7.114064781388831360e-01,7.828417759619252791e-01,6.406174602810832397e-01,6.855887960961521976e-01,6.751191377131275650e-02,6.184393736290181298e-01,8.017622357650709686e-02,6.652818415429991861e-01,9.856446629860410313e-01,6.063250665483885804e-01,4.639784894938444038e-01,9.196648866612010531e-01,8.389786047800287250e-01,9.951042889685399739e-01,8.846375652520421795e-01,4.803787998418110883e-01,1.094958817583042698e-01,2.058359847647761309e-01,4.816471233057749157e-01,7.269751045708287007e-01,6.874042524602618220e-01,7.833844589943326220e-01,6.471844879843613452e-01,3.574071549237195500e-01,9.220379250869241705e-01,7.771091775157831227e-01,4.977302211444876168e-01,2.328575731840627772e-02,9.388013209477417131e-01,8.241210311876379091e-01,7.222968564321985419e-01,8.900555081728686035e-01,7.745215790896191610e-01,7.206349810635699349e-01,5.642388672821005979e-01,3.024957134291001437e-01,9.367687371578677924e-01,7.965216684133458180e-01,1.298192440787959145e-01,9.546306671309681136e-01,6.920428517991997763e-01,7.072163918968193963e-01,7.812138339753833538e-01,8.060591513427607380e-01,8.500748827784032624e-01,3.718321411465225212e-01,7.222415878714578685e-01,5.928059092725163071e-01,9.263569596136256301e-01,7.584384789679938788e-01,9.087997833287211336e-01,9.894990979386397711e-01,5.878643027579362190e-01,7.766370195299768797e-01,9.049801251431730531e-01,6.025142964939235180e-01,5.336423542850451396e-01,8.401912354766666313e-01,9.092306858337924069e-01,2.203849171138984320e-01,4.588099359619053907e-01,8.639479281390143317e-01,8.572665521547987444e-01,1.652431838104926332e-01,7.678976286685617048e-01,2.066817794406307640e-01,-1.780946529202992734e-01,4.013223628694768674e-01,8.786120099187116894e-01,7.812434633963325492e-01,7.648929331783806962e-01,8.484207357026141150e-01
8.465772672878820737e-01,2.188592129952068865e-01,9.595931795222736316e-01,6.243456767873099000e-01,6.885498500590812032e-01,7.674207797425740551e-01,0.000000000000000000e+00,6.171774104313672016e-01,6.300744471285452120e-01,5.570278811976875355e-01,4.086053818588065711e-01,5.793799602331193288e-01,7.917187041548761073e-01,8.456770426066766433e-01,8.866142609276688180e-01,6.926245809892241923e-01,9.106728567118251849e-01,5.584657213422457023e-01,5.263565062656967442e-01,9.192268507232487229e-01,7.426546662153235001e-01,4.346983629747839251e-01,6.373583753229113968e-01,9.879788029391631810e-01,5.704956426979262973e-01,7.793815784474047437e-01,5.418485091859009950e-01,5.649684348254988553e-01,7.207209853448144354e-01,4.417224692297187505e-01,-1.361422908964101675e-01,6.164396291478017043e-01,6.792014209753776122e-01,4.785242710822195517e-02,7.774605230754652041e-01,-6.795479890802416656e-02,6.485210001713672678e-01,5.967882790092347012e-01,8.150702471591823040e-01,6.785760564036322773e-01,4.398743666290054199e-01,2.593967568730696227e-01,6.909261939757833648e-01,5.477248350894561302e-01,5.371880240374360405e-01,4.537300805449226426e-01,7.292376389746687559e-01,7.223072849342442314e-01,7.324453321966984953e-01,7.232121779169143894e-01,2.603125167041668922e-02,3.003019374881652492e-01,7.758568676908157435e-01,4.799549135071776718e-01,9.808498748016516444e-01,6.419423039747063076e-01,7.679247167539413610e-01,1.480716974846191525e-01,7.847672537811188898e-01,1.790355702862450604e-01,5.160332912851160053e-02,1.518917876124827593e-01,7.191761988061541322e-01,4.530121820664859134e-01,6.575886677466847852e-01,4.589357110422031538e-01,2.468542285093454913e-01,8.096220072267376056e-01,6.087364273525232017e-01,6.588579108934139450e-01,5.671313887190880809e-01,3.459130180643212871e-01,7.729394352274260305e-01,4.608553519904772799e-01,7.152483215341001177e-01,1.069125150002828706e-01,2.396079625144237057e-01,6.011802123794440789e-01,4.812106351683723138e-01,1.776936108295053274e-01,7.101966946688982318e-01,7.385566910885394964e-01,2.487394382049979147e-01,4.316210280029275648e-01,5.462480652583285856e-01
9.499880352188986299e-01,2.678899764125700633e-01,5.861580695456046763e-01,7.310252647700578033e-01,5.610463869888381305e-01,4.907180978022991358e-01,6.171774104313672016e-01,0.000000000000000000e+00,2.709101524123983529e-01,4.908347144984345767e-01,6.450695167885769354e-01,5.657968173373273402e-03,7.062323508859978949e-01,9.805370701989618576e-01,9.595673638406069239e-01,5.134908692460722346e-01,9.460893762721871436e-01,4.790253870898748545e-01,6.523922408603095580e-01,7.571962640507357012e-01,5.674917882763232946e-01,7.559213075127518833e-01,4.161175973152405616e-01,5.050323427464549209e-01,9.682809658856790236e-01,7.907055519910526353e-01,7.478833623556941923e-01,4.620942134488810193e-01,7.734469087521281816e-01,4.218512291240790191e-01,5.380631955864908500e-01,7.634361079765865643e-01,7.102359024571052171e-01,9.358025859318852557e-01,7.142423857788299246e-01,-2.619648814451139840e-01,7.164232559107370779e-01,6.105598799490662421e-01,6.185202744870644809e-01,8.945367609303832568e-01,1.005080057572925734e-01,6.216853837535660787e-01,9.087268903035010670e-01,5.758942827052183633e-01,6.215079208188118987e-01,8.136387718559585647e-01,7.397630219795480189e-01,6.429649691482151042e-01,7.645714902871961760e-01,6.373049814084774667e-01,6.025676485339805932e-01,4.220578377233246137e-01,7.996932835717913690e-01,5.381073618772226341e-01,8.380549689827856419e-01,6.627288376325017882e-01,5.552226324667949298e-01,6.877702184178940970e-01,9.499196798931386354e-01,4.601203082473385164e-01,5.648914059802171428e-01,7.037699493688538421e-01,5.361449480284521396e-01,8.111887475113942481e-01,4.357840908124751000e-01,4.490802039725997896e-01,7.158576389371720250e-01,4.368535928544867164e-01,7.263956119692265290e-01,9.673920472596381215e-01,4.865561027680164741e-01,5.713507123962042744e-01,4.000776368539034067e-01,8.393083573865223190e-01,2.171363191009860194e-01,3.000625765340106943e-01,6.253837831562244487e-01,9.238690990961071492e-01,2.658228349216914532e-01,-1.031292627245600640e-01,6.751612658167813752e-01,6.115634766908242259e-01,3.240330219370227693e-01,7.267772520610460418e-01,6.930114384840507791e-01
8.656523536117584072e-01,9.654194523393021532e-01,4.455103211334544011e-01,5.923543779502609130e-01,9.609986333763398392e-01,9.180209116205382269e-01,6.300744471285452120e-01,2.709101524123983529e-01,0.000000000000000000e+00,3.889018283900489426e-01,6.850112685960506598e-01,8.716503594386907361e-01,8.544478259610640558e-01,1.565866963716265881e-01,9.611422403812750481e-01,1.341576969075133907e-01,7.964692980985748072e-01,5.000906855867367495e-01,5.729808889541282424e-01,7.600312342857165060e-01,7.045955667471258677e-01,4.763079599351964788e-01,4.139835559945253540e-01,3.525904489029217936e-01,6.439014276578547413e-01,7.531271251206423933e-01,6.924789484895393921e-01,5.668579766676407061e-01,3.499715753038507016e-01,6.459476364411995686e-01,3.582055774211229116e-01,9.411299115901000656e-01,8.624886246762735187e-01,6.290469159453387915e-01,6.993119715868892916e-01,5.229988921949536573e-01,4.710372194871877971e-01,6.236126354616637890e-01,7.434845900439656097e-01,8.788846386221573770e-01,5.801362463601816843e-01,8.125520548975454505e-01,6.411040572378891023e-01,4.077735606407518199e-01,8.331144277911020080e-01,7.957513004251612898e-01,3.401886205089761361e-01,3.595420170232991319e-01,6.468882318028894574e-01,6.598502224980045128e-01,7.263858960416568200e-01,4.512844696052265014e-01,6.375270021232056772e-01,2.966128546965205448e-01,6.595161009056171864e-01,2.322303609514045908e-01,1.025729315184837481e-01,4.141381430188165735e-01,8.069440226462807342e-01,5.497745318834530437e-01,3.827440314807392108e-01,8.799640347417204689e-01,6.539897005047901057e-01,8.947277919410071556e-01,8.662066753697564847e-01,9.808263030206330058e-01,7.940301704522902959e-01,8.100098882190484018e-01,4.419137311880802499e-01,8.483353439906061721e-01,7.110979998939372937e-01,5.372443460520552883e-01,3.573999267555161286e-01,3.418203353619632123e-01,4.627834113964982010e-01,9.916826060564237766e-01,6.140517602581412326e-01,4.288771600809112017e-01,6.684068674504861640e-01,4.175094894578099125e-01,5.078121564403098587e-01,7.649421696036128315e-01,6.178930912370463879e-01,4.156021793688627897e-01,1.228151539226021195e-02
7.358069583876406528e-01,8.721136648425449334e-01,8.139539330203627854e-01,7.229829525517067479e-01,7.177142140333778730e-01,7.386857149820072466e-02,5.570278811976875355e-01,4.908347144984345767e-01,3.889018283900489426e-01,0.000000000000000000e+00,4.885069698352759171e-01,6.400048269774358811e-01,4.841962586819464343e-01,6.532891725677277828e-01,2.857771674878804569e-01,8.973588509446791539e-01,1.274742949744813447e-01,3.656532965257611734e-01,6.285142083211648911e-01,9.267919708731129358e-01,9.505859173882311719e-01,7.409550349281331938e-01,6.820390128695358323e-01,9.684609135361024190e-01,5.274212564336435705e-01,6.793177174323896672e-01,9.211362222141189493e-01,8.058904382846971970e-01,6.476918678514764771e-01,7.862648972786482338e-01,4.667701802417677515e-01,6.061680355859510039e-01,7.587657269095007262e-01,5.762842542015356173e-01,6.064961376482129740e-01,1.634783454941586833e-01,6.933168760086906302e-01,6.499727100178969152e-01,8.009400567862980935e-01,7.795782394002073179e-01,3.748278723442495797e-01,4.847622415628206061e-01,7.182109438638867305e-01,9.213212599204286812e-01,8.884096646526274954e-01,7.091140592330824610e-01,4.296257827649901939e-01,4.466028847012419867e-01,7.649979398942264863e-01,2.472648319688632024e-01,6.740889391743342118e-01,6.299830940571106153e-01,7.671318368808337507e-01,6.160472877109999246e-01,6.001362168232663441e-01,8.713441993198841606e-01,6.708768265741840153e-01,5.973862078131526587e-01,7.182066242747791041e-01,3.770072619463551433e-01,2.471712838927191125e-01,9.442984634039744973e-01,9.689608423009923310e-01,7.062910434611758825e-01,5.880269378812426062e-01,6.177729034999446256e-01,8.273089426112255618e-01,8.655542687121092760e-01,6.100698753960424048e-01,5.796748757473273450e-01,7.381890935974441126e-01,6.162516517430457474e-01,6.856641865833567051e-01,2.224517532513011209e-01,4.536744521855163303e-01,4.966587946550183874e-01,6.269536082228234219e-01,5.587426850774266374e-01,6.098593269232117642e-01,4.003441504213933744e-01,6.109338969319643153e-01,7.480881596380198895e-01,6.718502574498430580e-01,5.077185012917415641e-01,4.566647497809482870e-01
8.824372315866009231e-01,5.859877138383349227e-01,8.130337531339846269e-01,9.687856600459591183e-01,4.388953287148726345e-01,6.023162079656819712e-01,4.086053818588065711e-01,6.450695167885769354e-01,6.850112685960506598e-01,4.885069698352759171e-01,0.000000000000000000e+00,9.078184690607000729e-01,9.135901305684275275e-01,3.565844748133052966e-01,7.971929642110067160e-01,7.971745209309957225e-01,9.950668589201228098e-01,6.126866799403826169e-01,5.097591443845571613e-01,4.515565042549701258e-01,5.392167444161791723e-01,9.085021551924929994e-01,9.928672525263075865e-01,8.995681034938990406e-01,7.188752016173025616e-01,6.482421657854535724e-01,8.394995289505129410e-01,2.822176622836617965e-01,5.822926490955526724e-01,2.081115989142137135e-01,2.420287411635852204e-01,6.456602349302485999e-01,6.374339284322516619e-01,9.674082329512102563e-01,4.155254390062664838e-01,3.817668318308427011e-01,3.428441159444802766e-01,8.675448183765901433e-01,9.130353282830163675e-01,6.110904214470069817e-01,8.635436015886330807e-01,7.245482457079761573e-01,9.956583123031883531e-01,7.776745339543300606e-01,8.257553552730725333e-01,7.543785507344483721e-01,6.901938140800274457e-01,8.196546890773060978e-01,7.569515857893094335e-01,4.665824899791257696e-01,7.289867582017331982e-01,4.496099043385465843e-01,5.988698669139873587e-01,6.609174535565757180e-01,8.284168661132847999e-01,8.414563981599932907e-01,9.932447546497379376e-01,8.033250375846942015e-01,9.662794465451158832e-01,4.798410330639676369e-01,7.983559251698399972e-01,4.367501536386317329e-01,6.109907162316940976e-01,8.629934660637091914e-01,7.494499357782715698e-01,6.182458196455716815e-01,8.272297504359763520e-01,5.550062313003817360e-01,6.775008121651506787e-01,9.286968917897469034e-01,4.947531595030832952e-01,6.244629396195339188e-01,5.368336388889785038e-01,2.367723049765317611e-01,4.787769237613419548e-01,4.608517473847160706e-01,6.127559541320715120e-01,8.876738789359545079e-01,7.833403547991488747e-01,3.605639770326747318e-01,6.605900009382056348e-01,4.128348332118199626e-01,9.624058257024279417e-01,6.935759430213872534e-01,7.479841558548860903e-01
5.154193779377714835e-01,5.671918073514848890e-01,8.244103169660368380e-01,6.057891630600998889e-01,3.631240277418862905e-01,5.994909097350071825e-01,5.793799602331193288e-01,5.657968173373273402e-03,8.716503594386907361e-01,6.400048269774358811e-01,9.078184690607000729e-01,0.000000000000000000e+00,3.578326578240755840e-01,5.726241339969986299e-01,7.659105731023599928e-01,9.764154150960479006e-01,9.780494805319214224e-01,7.614421326432305737e-01,9.171717269605396128e-01,7.519613772758970693e-01,7.482821950907374564e-01,8.710126367062956954e-01,3.799499354808185680e-01,9.948769777386514690e-01,9.140676903974511713e-01,1.027697690249749357e-02,9.112039985389648322e-01,7.590547488873554682e-01,1.486566235216602860e-01,5.409636798197170471e-01,7.009908048626780630e-01,9.050407605514402265e-01,7.546739871463026272e-01,7.033897335383711980e-01,6.318102428222309719e-01,7.726746544886921031e-01,2.961043306984770251e-01,5.033291549998348824e-01,9.053114659019224630e-01,4.930796701946348337e-01,5.080858047490771634e-01,4.614852986679117697e-01,5.557212906320632140e-01,8.522022027521507503e-01,8.239206468244260062e-01,7.029964487410272911e-01,6.104333459692132813e-01,4.141157266145161775e-01,7.731737958976006020e-01,6.078382597418132693e-01,7.445085841040812724e-01,8.794042702960116475e-01,8.811483131822257509e-01,8.486792673459937486e-01,6.042462236858946456e-01,5.652308067513137635e-01,6.624248458732425737e-01,9.268249564195618628e-01,7.297242534443398876e-01,7.528199972008154939e-01,5.308629766099394187e-01,4.997858492218184567e-01,4.075678016854796248e-01,6.680195394067069969e-01,9.411866412662580617e-01,5.118058531606909378e-01,5.444115187944543743e-01,5.041223700158697918e-01,9.502887018130307117e-01,7.293775469597580940e-01,6.327693576250305041e-01,9.558856018373412811e-01,-1.960396825808917165e-01,8.982739354143383093e-01,5.855208737404743458e-01,1.060303937041610356e-01,6.685587897598506135e-01,5.804134808744726426e-01,2.331784677301272923e-01,4.426144893543981218e-01,4.695197247643937422e-01,8.673424389589106109e-01,8.435691239525427987e-01,4.334802477066077020e-01,9.154068669912734935e-01
9.000371088936753861e-01,5.154817244140951216e-01,6.259580910545233801e-01,6.367528722253525952e-01,5.534140338385674651e-01,9.005405908690968797e-01,7.917187041548761073e-01,7.062323508859978949e-01,8.544478259610640558e-01,4.841962586819464343e-01,9.135901305684275275e-01,3.578326578240755840e-01,0.000000000000000000e+00,5.104519237074486293e-01,6.632617982712115667e-01,6.070427005063790959e-01,7.469301062026771909e-01,7.325498927664528814e-01,3.425528553657845032e-01,9.900743711208259690e-01,4.481599867519581171e-01,7.697153945553734111e-01,7.955680320803184546e-01,7.786412597484524412e-01,5.229036439940661918e-01,7.314828662163039841e-01,9.434556593835193850e-01,3.055333633849455222e-01,8.631315436173133682e-01,7.880361798774827564e-01,2.600145902567354006e-01,2.406313588608642307e-01,9.534104660262869846e-01,7.404871163972633896e-01,2.561223482724887535e-01,1.357299437202532655e-01,4.885734969274259099e-01,7.616866937613375743e-01,7.006226144375995446e-01,6.659302426036730616e-01,7.021301781677197207e-01,8.132036126276933619e-01,7.868584944835617101e-01,5.267649747635080315e-01,9.099158742936395150e-01,7.755275229995124420e-01,8.813886754282641567e-01,4.773602428149826826e-01,8.644836737481269573e-01,9.714210701397560932e-01,8.236486484610271441e-01,9.321552411104315761e-01,4.195440086863119200e-01,7.649071375943781170e-01,7.237307561279289203e-01,9.571573982105869849e-01,6.130370181161690635e-01,8.746944446905557946e-01,5.865825353159013211e-01,5.314916347491785431e-02,5.165801991057700215e-01,6.676926269848936224e-01,9.491258146150035602e-01,9.410565001550028619e-01,8.143518047141384830e-01,9.722338787699613682e-01,7.580768366265502323e-01,8.157012478451283188e-01,5.434417443241124079e-01,4.726349569435727704e-01,9.603371849781456859e-01,6.154393679664601491e-01,2.622431332807922955e-01,4.676504349997168131e-01,8.243245894420209163e-01,8.237400821368292547e-01,9.543033323005237767e-01,1.268105070647639887e-01,2.418442335009775568e-01,2.107459318709420659e-01,5.064493305846223814e-01,7.315502443848452829e-01,2.881272797751717740e-01,9.201249607412218534e-01,8.306497703968110935e-01
7.391358123069822206e-01,8.527884634230289418e-01,9.672544000679207388e-01,7.560064033867478495e-01,7.997092765880924325e-01,7.114064781388831360e-01,8.456770426066766433e-01,9.805370701989618576e-01,1.565866963716265881e-01,6.532891725677277828e-01,3.565844748133052966e-01,5.726241339969986299e-01,5.104519237074486293e-01,0.000000000000000000e+00,3.266377261324570069e-01,5.761720192144214048e-01,8.539584554741126432e-01,7.714341233037120826e-01,4.447860376966242257e-01,7.452513810452648935e-01,9.162491163248208670e-01,9.411833288894773109e-01,8.642634716594014277e-01,5.725844410258685846e-01,7.110983505114606418e-01,8.893948489540246527e-01,6.813908608988937798e-01,6.040116285233495530e-01,4.216766188997316256e-01,4.448722592214514049e-01,1.905692031541217357e-01,6.774439975930403035e-01,8.018844468291362881e-01,6.865094448561009921e-01,9.069986957134074101e-01,2.133795860686002188e-01,6.295341587612167666e-01,9.564521158288773472e-01,6.696955808049314118e-01,6.601603267441862322e-01,1.652066526636180033e-01,6.075776623381275998e-01,9.351342118443061180e-01,6.152574295895810730e-01,8.978489242172680296e-01,8.392680011904263271e-01,8.982161801092298781e-01,6.447582229239149365e-01,9.919439803640583975e-01,1.676272833093126607e-02,3.643992033508636208e-02,5.092876594597670614e-01,7.786183986194427087e-01,9.258930298044578677e-01,7.658464344565862891e-01,6.714007737019929145e-01,6.830914891876617157e-01,3.883030426718881989e-01,8.066774666304407093e-01,3.452279832640881008e-01,6.564665713560808857e-01,4.260063031828109636e-01,7.598210440687986900e-01,8.186460296857517305e-01,7.992304820846625191e-01,6.236543109959280518e-01,9.242660602694000582e-01,5.375514064324391494e-01,1.258337913792534901e-01,8.219524543807174011e-01,7.858556765240031217e-01,1.132761079638042734e-01,6.246521579173195393e-01,7.803945399790540582e-01,9.633802711319479073e-01,8.741310595627038715e-01,8.947361063806216208e-01,4.785391745513890016e-01,-1.723753493504018297e-01,7.487010161607696723e-01,6.375821030390739219e-01,9.235202110409979070e-01,5.172593752825408453e-01,4.422115071345070203e-01,9.890781570856207461e-01
9.539140990741448167e-01,5.955394204841906181e-01,4.405180094790034362e-01,9.453827149811128150e-01,4.621053668036173567e-01,7.828417759619252791e-01,8.866142609276688180e-01,9.595673638406069239e-01,9.611422403812750481e-01,2.857771674878804569e-01,7.971929642110067160e-01,7.659105731023599928e-01,6.632617982712115667e-01,3.266377261324570069e-01,0.000000000000000000e+00,6.988963011546399651e-01,8.232402787450961990e-01,6.375602182472452917e-01,4.595130491631028713e-01,9.593351640754707033e-01,9.191640399801054295e-01,8.780209768810679494e-01,7.939407575283616847e-01,5.516248326628641063e-01,7.519188991095913099e-01,7.949948098890050607e-01,6.241937630057361464e-01,6.115763345355090808e-01,7.179839343144941433e-01,6.316748662715815366e-01,5.986179420913747551e-01,9.734418699312388235e-01,7.135270078822071316e-01,6.732414252316998304e-01,6.520762383040561438e-01,3.723459728288049941e-01,5.365771304761091098e-01,2.547847618201523057e-01,6.941357900444244944e-01,6.516236445322813875e-01,2.455099463614996980e-01,7.495181375136797941e-01,8.819197021818510063e-01,6.718494573552105109e-01,8.514951748362910022e-01,4.531158464915793771e-01,2.302620703947877157e-01,3.404090208091641867e-01,-1.367392115468703540e-01,7.761115532906730508e-01,5.778706826228156013e-01,7.813019962305569610e-01,4.667486863327022228e-01,4.742857769357400333e-01,9.192230886954106950e-01,7.433363981934466569e-01,6.801616227241168433e-01,6.945651038692060020e-01,8.842362678227283501e-01,1.645197442475559158e-01,4.591859821781877904e-01,6.124411944520067319e-01,8.015536624685063449e-01,9.742860101476249479e-01,9.784612060928177257e-01,7.092495156009137602e-01,7.799586269406864059e-01,6.850293414628539912e-01,-3.769065889120895019e-01,4.769746089619429918e-01,9.445362461680567590e-01,6.122997228407083270e-01,5.484113660312438521e-01,5.922990756889614516e-01,2.878340710800699753e-01,7.590742919918047615e-01,8.451932011357575769e-01,4.849567279901572103e-01,6.559260655230084724e-01,5.635803096126891232e-01,5.080946286504766096e-01,8.011665406227196362e-01,5.442866998782234234e-01,5.550651920971713116e-01,6.331955044788317721e-01
8.841476106437395899e-01,4.457633802439746051e-01,9.578212982744223059e-01,9.392135273899340220e-01,7.835431241479209330e-01,6.406174602810832397e-01,6.926245809892241923e-01,5.134908692460722346e-01,1.341576969075133907e-01,8.973588509446791539e-01,7.971745209309957225e-01,9.764154150960479006e-01,6.070427005063790959e-01,5.761720192144214048e-01,6.988963011546399651e-01,0.000000000000000000e+00,7.673627596117562621e-01,3.631558437078867829e-01,5.680769977239180646e-01,7.016273857133316083e-01,9.545829568576644775e-01,4.821269763543010733e-01,5.238427170333516125e-01,5.299767773429731044e-01,5.851636673648756837e-01,1.721897441408809515e-01,8.319197580143437021e-01,4.665171434187104227e-01,7.632181239631240510e-01,5.308167992977583793e-01,2.556012779525637657e-01,4.935307009601794803e-01,7.354132518740350566e-01,9.156865595255138102e-01,7.187216132222881138e-01,6.085582790689919586e-01,4.340553669976400797e-01,5.455396987218660287e-01,7.078305669186275573e-01,8.419581499975203887e-01,4.186603160870173701e-01,3.007888767912543782e-01,7.450004200995382631e-01,5.889200187502662276e-01,4.876432186461121532e-01,5.039656119450119931e-01,9.549866468653063212e-01,7.025179083124802881e-01,6.235083819195997856e-01,-1.190050766468691568e-01,6.698311973947170817e-01,8.459863384943634435e-01,9.655595707024406948e-01,8.067974559863421158e-01,8.174874599064345659e-01,4.602955949289878057e-01,6.888295160452291288e-01,5.853248055367988867e-01,9.928382171569787307e-01,7.702711607228797108e-01,6.090428864474809467e-01,5.293321929054931596e-01,6.345237916829579161e-01,8.337096299302447777e-01,4.419594016824788252e-01,5.817548659369383701e-01,2.956541213980943827e-01,7.676408170096050698e-01,3.326172335902084498e-01,7.365679917722618431e-01,9.511779621353466663e-01,5.749681231541512449e-01,6.046214599515417065e-01,5.717170389868628799e-01,6.830424179129547246e-01,4.956304523328514122e-01,6.821921965718507064e-01,7.088537565087132952e-01,7.188531816499654781e-01,5.109140385443756704e-01,8.414849022581798454e-01,5.819738698499441476e-01,5.086668270897551913e-01,5.367018047694033234e-01,2.080178253003550082e-01
9.877367675608350606e-01,9.206661661284150089e-01,4.695620962446925839e-01,6.882448340007421006e-01,8.761845539940653627e-01,6.855887960961521976e-01,9.106728567118251849e-01,9.460893762721871436e-01,7.964692980985748072e-01,1.274742949744813447e-01,9.950668589201228098e-01,9.780494805319214224e-01,7.469301062026771909e-01,8.539584554741126432e-01,8.232402787450961990e-01,7.673627596117562621e-01,0.000000000000000000e+00,5.343452940141689700e-01,6.324324516361393700e-01,4.994058519238377958e-01,2.725672960528565669e-01,9.367991451460325747e-01,7.582573435550630236e-01,7.811864014334265471e-01,4.832618062094432565e-01,9.173210699357112752e-01,9.273884488273193005e-01,7.966830771472367401e-01,5.986794172171524542e-01,4.635812367711968363e-01,7.886622489321562512e-02,6.036183410096794821e-01,6.703636388922036282e-01,9.221741018863542916e-01,6.019279480289180251e-01,5.127549286801070805e-01,-8.101430650971819247e-02,8.366972792548694748e-01,8.351120681051894534e-01,9.538848735932291545e-01,6.858103420801864303e-01,7.964537565546124798e-01,8.819971774379093965e-01,6.583376962662771392e-01,8.668542834567809496e-01,8.651645576802478033e-01,8.326340647104365500e-01,7.431994804952195555e-01,6.352056992830297233e-01,8.111928104987645716e-01,8.623771989953892270e-01,8.444615348770508900e-01,9.570987795463433701e-01,4.677966186245454683e-01,6.032788332722077707e-01,9.701373000746398301e-01,5.796791220679911039e-01,4.233924923807244056e-01,6.287585528788633971e-01,5.698707024642638563e-01,5.250766078432975714e-01,4.387086711747412715e-01,5.980352937092895393e-01,7.539342395370811634e-01,3.744060132077224878e-01,7.207171760974142583e-01,8.034474649878542429e-01,2.919479099950259560e-01,4.652427721415312023e-01,8.999566396084744957e-01,6.802573055280380920e-01,1.682992463091942115e-01,3.123525436918937470e-01,1.968658984429796088e-01,6.154652387200929553e-01,3.326603770341242661e-01,9.639161965126789022e-01,7.734852782158591067e-01,6.386980598466435177e-01,5.696922573154561409e-02,8.751935149764578092e-01,8.239702331334646246e-01,8.795800728620251085e-01,5.244505232061076327e-01,9.213014716924657899e-01
5.929769450532393904e-01,5.952215701927201508e-01,9.591517071825673701e-01,6.209541450025762854e-01,6.260738990286934813e-01,6.751191377131275650e-02,5.584657213422457023e-01,4.790253870898748545e-01,5.000906855867367495e-01,3.656532965257611734e-01,6.126866799403826169e-01,7.614421326432305737e-01,7.325498927664528814e-01,7.714341233037120826e-01,6.375602182472452917e-01,3.631558437078867829e-01,5.343452940141689700e-01,0.000000000000000000e+00,5.441060835543745089e-01,5.697628566537755734e-01,4.911419260977903933e-01,5.119965709920135666e-01,3.217154221538917058e-01,8.048164627352749623e-01,9.592509904658487185e-01,8.562739967735560898e-01,7.318147213860732858e-01,7.696960952811353618e-01,5.976571345472803110e-01,7.962418706755578501e-01,2.757088863001206369e-01,7.765128563635366188e-01,1.966797374648109331e-01,8.739541166230154756e-01,7.145345601524388801e-01,4.271600642289060668e-01,4.282446949241935363e-01,6.365374501339681190e-01,6.768863339707368310e-01,8.543277031496914198e-01,5.392302371303152597e-01,8.771939349684576559e-01,8.239193590655735644e-01,9.499210179421850864e-01,9.166330617194117236e-01,8.314891670187515293e-01,8.168772239878091534e-01,7.216195742959502502e-01,2.786103144613840676e-01,6.363382173174392253e-01,4.855067734857338446e-01,5.333507625424241949e-01,5.921549885790974299e-01,6.383695630757617590e-01,3.507721032474739320e-01,5.574078358442913217e-01,6.654643953322115779e-01,9.408790227914904936e-01,3.813834554442409597e-01,3.109497447925758662e-01,4.691033633326665009e-01,4.488434149669520146e-01,8.989365163034251927e-01,7.034120607837887063e-01,4.725955633322654337e-01,6.250606738560583464e-01,7.657662648645277015e-01,6.786056923939352004e-01,7.633310891657777431e-01,6.849858482374379109e-01,6.841257195512356892e-01,5.156227987753890796e-01,6.387014883631625395e-01,4.566735546429007697e-01,3.477427212521868594e-01,5.379038557190327641e-01,9.640285553025373932e-01,4.384148811882952468e-01,4.378526494626138188e-01,1.384857827834965749e-01,7.836464400647340511e-01,6.703037059073007065e-01,9.871967745024343710e-01,5.680211192070574455e-01,4.293113198039786860e-01
