0.000000000000000000e+00,5.024253253136073960e-01,8.464153713274059632e-01,5.642622089648310357e-01,6.727657186963250657e-01,7.047612754456320516e-01,9.516299828585682574e-01,7.170142918783948272e-01,7.799788369009080791e-01,9.986698134998552856e-01,7.931455505216501445e-01,6.942474363050296082e-01,5.448624560652551851e-01,6.080580208622644589e-01,4.500629112042767166e-01,6.481708794532436979e-01,2.771800279909809039e-01,7.115662518915534251e-01,8.857414129577920736e-01,6.534510006630982470e-01,9.828480284415119783e-01,8.568122512823372894e-01,8.201366132612747384e-01,8.470010825756466577e-01,9.413844264539414919e-01,5.999179091277154763e-01,7.595404790926063576e-01,6.108751946035014813e-01,4.186303982337936658e-01,3.108646120948204139e-01,4.002430296913911389e-01,8.547829528606499805e-01,8.108705143548463612e-01,7.054763574120727077e-01,9.122159054592128280e-01,6.068167574887607385e-01,7.988937514141554452e-02,6.194199399784824367e-01,5.516036764264370396e-01,9.118565910694631516e-01,1.544009260529727867e-01,9.785251436092931021e-01,9.221964206984932799e-01,4.703717218934559408e-01,7.629808594471835237e-01,8.104931021693895232e-01,7.577829177099649760e-01,5.875563244413253283e-01,5.020401432060259683e-01,6.026742433510805519e-01,8.413677860360386784e-01,9.842881611866508562e-01,8.256507033271419660e-01,9.410656143148893316e-01,8.402439653199491598e-01,7.213517749964515335e-01,5.086325488515085480e-01,6.211632714566623914e-01,8.964014031147833350e-01,4.455975077055297495e-01,3.223668444933634053e-02,9.540690691375015575e-01,5.148782304430036261e-01,7.996441881238178784e-01,6.654726502344073813e-01,6.873232326292617600e-01,9.874389179039109177e-01,1.294371985176215878e-01,8.023384452226532959e-01,8.023518108919345249e-01,8.364341148703080542e-01,8.254246859349934073e-01,3.102777723566202961e-01,3.627623460545753020e-01,6.973766886843685286e-01,9.332974242473690563e-01,8.295205205508225932e-01,5.094116301266368163e-01,2.296046184344570085e-01,3.255857998510061080e-01,9.376395821205367742e-01,8.239586475987383807e-01,2.246438868056208626e-01,4.761467884987157229e-01,7.775117933582692542e-01
5.024253253136073960e-01,0.000000000000000000e+00,8.931020625957865056e-01,9.996581963089934408e-01,6.706770805728232698e-01,2.284097626354670840e-01,7.584588036028645508e-01,6.025587590100029978e-01,5.194810815682024963e-01,6.333403351442002949e-01,6.034556959825642108e-01,9.847436567932519313e-01,7.510850099202028840e-01,4.787108911588866533e-01,5.387019859675543643e-01,6.262817324512107708e-01,8.264605726036168276e-01,7.833722025719451754e-01,6.538738845112332942e-01,7.035579817285561033e-01,9.009426983161943348e-01,6.398409639179998276e-01,5.044952728583730339e-01,4.300515147196971588e-01,5.881631568810797850e-01,6.659284982416162624e-01,8.465986707775883247e-01,7.982304627681604536e-01,4.802716082534684849e-01,2.794077470980845801e-01,2.409258505340258760e-01,5.309204706121779527e-01,7.775302071389822434e-01,6.335912790507488568e-01,8.309182568769698518e-01,5.235273095327649395e-01,4.431339873865199896e-01,8.231188034030956224e-01,9.191856047621661530e-01,8.206567951761769564e-01,3.368839922248072494e-01,9.128551959207397148e-01,9.836657281701159938e-01,7.465580049388440553e-01,7.615923952285618137e-01,9.971676022047387677e-01,7.695927614033636344e-01,5.484779088733225949e-01,5.190316704702501172e-01,1.034370270285387972e-01,5.645796987736722422e-02,6.342123762491097549e-01,2.801457916680908933e-01,7.686965428087180197e-01,9.453104327188430744e-01,8.421167794425841180e-01,4.783690574224578884e-01,6.786233285584445385e-01,4.635036484290586678e-01,7.923049799301681295e-01,4.041817063233583696e-01,7.228488428535008170e-01,7.182797407810075363e-01,8.098395181438959867e-01,5.149645664034389059e-01,9.397326706103434901e-01,6.540983993436384480e-01,9.737054351231710925e-01,4.071856112581083154e-01,3.793058399898014965e-01,6.874587437672892154e-01,4.021738867701903364e-01,3.148505114264217308e-01,7.614232952477909544e-01,7.422448200686693198e-01,8.455419953376607234e-01,6.919641874767680223e-01,4.700555918152222179e-01,2.746834389435284796e-01,5.942155989352208012e-01,8.036163275201562151e-01,5.005932153294190279e-01,5.241003181966211733e-01,2.945426639718997652e-01,5.933611853019962190e-01
8.464153713274059632e-01,8.931020625957865056e-01,0.000000000000000000e+00,6.458720786014677806e-01,8.510731517871842344e-01,8.326089303370675099e-01,5.250188401010423833e-01,8.274261256900367068e-01,8.779075239585267809e-01,9.435499332213893586e-01,6.692878687872529930e-01,7.935155965412217238e-01,8.841734243153990258e-01,6.180610018693357688e-01,9.176403924537080981e-01,6.775485218726801095e-01,4.359465671604317305e-01,9.949521310764326554e-01,9.111409307319575657e-01,9.640912738565083906e-01,9.964142129558337668e-01,8.200770159479593424e-01,5.316693710395627992e-01,5.328585789650466253e-01,9.501310228666888236e-01,8.956556479598812848e-01,9.117010030362394657e-01,8.542242966709370222e-01,6.400552011996361035e-01,6.657546319565799120e-01,9.280782477708947320e-02,5.671499607370944496e-01,3.794361841163761406e-01,8.900081308888651010e-01,9.131785505117306911e-01,3.617568224296814350e-01,1.652661447817260765e-02,2.986644589263349747e-01,5.037030349718449873e-01,7.946311363128798488e-01,4.884231478736887344e-01,6.241529305123476590e-01,9.537176489795170520e-01,9.743565741799979918e-01,8.506282407712775218e-01,5.371761153515280940e-01,4.517672734081818464e-01,7.646372480089528301e-01,8.494434244799266009e-01,9.482140744138083388e-01,6.812146792080078228e-01,8.803083775801723299e-01,6.232128601687469960e-02,8.684186318030814311e-01,2.011579574053108665e-02,8.248680452649860273e-01,7.690453980095611763e-01,6.727022893842785622e-01,4.668259085614031023e-01,5.489272686340289642e-01,4.057616279895027156e-01,8.575156085100981151e-01,4.395426533795969148e-01,5.697584682384719823e-01,7.433265585256746411e-01,8.280436383746971885e-01,9.240633403201085061e-01,8.454000061366484520e-01,9.369403325554259698e-01,7.939719830108702414e-01,5.995291074998935210e-01,3.843311007662787437e-01,3.951730217168493153e-01,7.652364321510495282e-01,4.906291122095821633e-01,8.920436896756097633e-01,3.172686153456926172e-01,8.189533431974872490e-01,2.187728311809039317e-01,6.713037439612900004e-01,9.525979397176115304e-01,8.265478485132790043e-01,8.075887974332816022e-01,6.954841834034445336e-01,6.767621552849805155e-01
5.642622089648310357e-01,9.996581963089934408e-01,6.458720786014677806e-01,0.000000000000000000e+00,9.258108793257098235e-01,8.965547517510542574e-01,6.026152461225554591e-01,6.932403646778223516e-01,9.851732777126493978e-01,7.387521637086500448e-01,5.284467189197823433e-01,6.150403606605070461e-01,7.666958834596511174e-01,4.377922176680952848e-01,9.395580138413942572e-01,7.377672426102072079e-01,9.597329292414316093e-01,7.506454388245643594e-01,7.183465195093511335e-01,6.470077931722173492e-01,8.365761904192309251e-01,9.390973817332415319e-01,4.677976916089348486e-02,9.647381098620754214e-01,2.122635618574415795e-02,9.340353025417317268e-01,7.538686242341786636e-01,9.108276745817061038e-01,7.254170549599860962e-01,3.848675449404190818e-01,3.483989578886480531e-01,4.101045887990135697e-01,7.346039976142477723e-01,4.529163526231539949e-01,8.042311776500316034e-01,2.743477651584132482e-01,2.634182564033376028e-01,5.436610055650108464e-01,8.797255791828741955e-01,8.335640144121289064e-01,8.996930881122950918e-01,8.976200961359476205e-01,8.070332070642066702e-01,8.031572618221177740e-01,9.202681346888585967e-01,2.396694357623028182e-01,9.956403636372503918e-01,5.990535576913516014e-01,7.534705691642077374e-01,6.203221574634999458e-01,9.309025065922548192e-01,6.400075455595355400e-01,4.200660916502403919e-01,7.730281452949416821e-01,9.363947188066790162e-01,4.600291938017228577e-01,7.875557812956504034e-01,7.507193038675723518e-01,8.695479647482005081e-01,4.690185364541510360e-01,9.446751004938516716e-02,9.707672693759975546e-01,3.084095613564458160e-01,9.798375226111086800e-01,9.044796786183605386e-01,3.683705751427488601e-02,4.479486191925654004e-01,1.464401697039165728e-01,3.709386913360804838e-01,9.535535873039417964e-01,5.403186723842977601e-01,9.184723517655132285e-01,3.494423401332203971e-01,4.674007742870197046e-01,8.400456456703876418e-01,8.445562967658823972e-01,7.398806764498725430e-01,7.455810055046994123e-01,4.706534587174073803e-01,2.700000908232625396e-01,6.728126166236572114e-01,6.110026984290138907e-01,8.321430075485594102e-01,-3.852695740357237053e-02,7.648184269784039646e-01
6.727657186963250657e-01,6.706770805728232698e-01,8.510731517871842344e-01,9.258108793257098235e-01,0.000000000000000000e+00,8.337718849278650257e-01,5.604054918377454619e-01,5.708048572110425711e-01,7.046497774514796086e-01,6.066488348668842567e-01,8.697879748414028001e-01,2.099343334572663367e-02,4.232510578749754115e-01,3.613202517111693268e-01,9.351139759848572375e-01,7.174230502449053803e-01,9.814321348585854921e-01,5.361368049635207855e-01,5.882533501882600824e-01,9.988784165639651436e-01,7.040648415184389552e-01,5.013015552192742197e-01,9.839287309715898378e-01,8.937910204784750290e-01,5.510537970135990227e-01,6.724582850978163551e-01,9.495814791395092991e-01,5.985138770309742506e-01,6.537899085956859757e-01,7.664540513799968924e-01,6.018964369337476139e-01,8.751848013682672622e-01,8.254753947637613054e-01,6.484484637839444954e-01,6.709349987334964904e-01,6.941079167930928051e-01,4.288160851206158641e-01,4.244069135266839154e-01,6.707872454579670851e-01,9.218027545285845115e-01,-1.324928518182186821e-01,9.224717954710062173e-01,9.634003150300912699e-01,8.230893864033930196e-01,7.649077579132803617e-01,6.546689505243092899e-01,7.609679550951699012e-01,7.076012070778650020e-01,7.300782229513378407e-01,6.459931511450343056e-01,5.154650104730806870e-01,5.911004935654028403e-01,6.260047209652972455e-01,8.449698732955654989e-01,2.054916806148626429e-01,9.777058658824917536e-01,8.280390170333834510e-01,7.441693274000934499e-01,9.435183791040888668e-01,7.851183675284562069e-01,4.448277216591771110e-01,6.175791875752495441e-01,7.463535982871840613e-01,7.458162843761897420e-01,7.658054397302657135e-01,5.900391628999598348e-01,9.774579051779520578e-01,9.337475847961792530e-01,9.596656044634721550e-01,7.140542777543695818e-01,8.938719118708807754e-01,7.252352838426601167e-01,-3.226151595721565846e-02,6.186274461465782748e-01,7.684233623752662057e-01,5.440957340526204611e-01,4.765217989505629026e-01,9.560766039386657811e-01,4.987704666174099244e-01,3.808567373680425971e-01,7.012783913340988606e-01,7.502622138943714214e-01,5.272508805490386807e-01,9.508930355590681227e-01,6.051077972744510758e-01
7.047612754456320516e-01,2.284097626354670840e-01,8.326089303370675099e-01,8.965547517510542574e-01,8.337718849278650257e-01,0.000000000000000000e+00,6.735910623922715112e-01,7.171500559243664252e-01,2.906091618232660156e-01,2.300625353390257921e-01,7.024331847372514703e-01,8.667344898936599762e-01,7.009918276528777081e-01,8.933625806230680588e-01,9.077484904214209172e-01,8.705964836361155257e-01,3.688194870049825713e-01,7.948636806857972692e-01,6.639477032963755354e-01,5.293160646017942561e-01,9.110432706247697521e-01,4.425325941738623703e-01,4.495484589356569249e-01,7.723604423141404718e-01,6.983188312626845695e-01,5.589237941171265600e-01,7.134094729074590413e-01,8.502147150075660686e-01,4.815896805166257066e-01,3.013051293446004086e-01,2.927763050013921231e-01,6.751477488984443109e-01,8.679823074104866532e-01,4.551512188152254668e-01,5.952139826915169296e-01,4.494691908290104343e-01,2.318340925207354464e-01,6.710821855870313657e-01,8.937001423896671071e-01,6.349899799159263170e-01,7.321850071886523148e-01,6.875971187074911839e-01,9.313422707497726050e-01,1.506504086778950313e-01,9.109012721102787147e-01,8.829153257669912769e-01,6.585707923482396753e-01,7.263228368177006011e-01,7.741371705009727489e-01,3.836072629326017225e-01,3.180099921601094448e-01,7.291470090175624641e-01,7.966153593084814855e-01,2.475253810934035237e-01,4.954964665292670434e-01,9.088083505680984997e-01,9.860755458274516050e-01,5.082743923299291033e-01,9.033583171275110235e-01,5.139217876328341372e-01,6.906137912081465879e-01,7.487888743756602183e-01,8.891321623490305859e-01,3.546009689995265890e-01,6.115444911287462038e-01,4.785425042728834732e-01,7.033163185976056830e-01,7.083726154698161137e-01,9.831486290032454001e-01,3.875762278696909258e-01,9.587575442336281339e-01,5.515394206710422242e-01,8.354659993316502220e-01,1.068215906198556608e-01,3.647117615616097264e-01,7.373082294953769988e-01,6.219732192530139647e-01,7.352247518272855276e-01,3.656493765336792934e-01,-1.641130643686525559e-01,4.584147262419528412e-01,2.903060474176007433e-01,9.117196193695088491e-01,4.678450989567194407e-01,5.229588488312200134e-01
9.516299828585682574e-01,7.584588036028645508e-01,5.250188401010423833e-01,6.026152461225554591e-01,5.604054918377454619e-01,6.735910623922715112e-01,0.000000000000000000e+00,3.059781908643149917e-01,4.805351094594186856e-01,4.502498603001327537e-01,3.180937383676487595e-01,1.275046873418645699e-01,1.873876527088166322e-01,9.897740420002559825e-01,3.914773018473504673e-01,3.651239053241742694e-01,7.251457788777466718e-01,5.471201645386198908e-01,2.883078588887736382e-01,9.914509961056486853e-01,8.592185557352984837e-01,4.034371245421560781e-01,7.759508045742160576e-01,8.335041694096063658e-01,5.787098514574818831e-01,6.892889581612914318e-01,7.527046015747353991e-01,7.742412670184373180e-01,4.497679512982666883e-01,4.349227297964535777e-01,3.160234273886457501e-01,4.390138093150110499e-01,6.391420288571410258e-02,8.899983119547183463e-01,7.434547560388693466e-01,8.928700110105188825e-01,4.511670965638227004e-01,2.914428361551689717e-01,4.029312778422380892e-01,8.283266600301042448e-01,2.640924574260885560e-01,9.106157842222135645e-01,6.506944287691600604e-01,7.143226066338526081e-01,9.508314846731177328e-01,2.796941519225019657e-01,5.978230812661746718e-01,5.311783370576989016e-01,6.464307807270864847e-01,5.062335339728494255e-01,7.116120246731260091e-01,5.271108552784773416e-01,6.403721492761029754e-01,2.659795376153979984e-01,8.509660039074941063e-01,4.503911348253833991e-01,4.160149413049207823e-01,6.110701005825247556e-01,8.882618021630587224e-01,7.909979558310897829e-01,3.996763941339454007e-01,2.635942564131089627e-01,1.833279641015744810e-01,7.454584347094198593e-01,6.258952003578386325e-01,7.669266767292072240e-01,4.986498248861976346e-01,8.205672655878452071e-01,7.412503481600094535e-01,8.916353419988501949e-01,9.529708624952981655e-01,9.268499481398450035e-01,4.909008703739501933e-01,5.603597516595875128e-01,6.404304158204556785e-01,7.738952540848766937e-01,5.602122587703594059e-01,5.563310970410695333e-01,1.273281549468592289e-01,2.310445669036841065e-01,8.289319134792670907e-01,9.682304397654638572e-01,7.990435265288517996e-01,6.494650777703345756e-01,5.418095449502693395e-01
7.170142918783948272e-01,6.025587590100029978e-01,8.274261256900367068e-01,6.932403646778223516e-01,5.708048572110425711e-01,7.171500559243664252e-01,3.059781908643149917e-01,0.000000000000000000e+00,6.445995547663648795e-01,8.947532423915847133e-01,5.240663001812182475e-01,9.622628995057234125e-01,6.412076170569558364e-01,8.744505023474729022e-01,5.139195592507270760e-01,5.933980513903820420e-01,7.187106760139793105e-01,3.838554126391477417e-01,5.972026307108058152e-01,6.020944425735802463e-01,8.673720192622407232e-01,8.090748924718089707e-01,5.545821616848203295e-01,3.133360483699530463e-01,4.988568343835073082e-01,6.649161793615684379e-01,6.975598994892131532e-01,3.342068121267611214e-01,8.219478147449730265e-01,4.990723741668455227e-01,6.595428234214073537e-01,4.500203814328939123e-01,8.654684857187915359e-01,7.997025871329095370e-01,7.906813153208832601e-01,6.367937612400502712e-01,7.966437136456715196e-02,7.486516922057833145e-01,7.174489927693589175e-01,7.522686877729811705e-01,6.732387896277777228e-01,6.640613871626306342e-01,2.082939003562920832e-01,7.855047457247407161e-01,5.570312975362329277e-01,6.335759510792032811e-01,4.164604199068481227e-01,2.525300360579186831e-01,6.238739379915275718e-01,6.981367856425640950e-01,5.261147414694250513e-01,7.090555938228829680e-01,6.075199786570131266e-01,8.350264886115127405e-01,7.632360369196276029e-01,9.658806947438791646e-01,6.986937313603489574e-01,1.313701657251112875e-01,6.879314484360311566e-01,3.474398253730880404e-01,6.515659246915938008e-01,8.296510255700161318e-01,5.527865121408808147e-01,9.824467887298378166e-01,9.175603087499237809e-01,8.037508017226860924e-01,8.956680833344490278e-01,8.323964874153183535e-01,7.473304829707939634e-01,4.931099742364934979e-01,4.355205091980801635e-01,6.647634276259607455e-01,7.600918558195475239e-01,6.000093257915986023e-01,7.355046919217306245e-01,7.447105946630595552e-01,5.562842949785948843e-01,5.245733959846556882e-01,5.367243210485932448e-01,9.833437402021837082e-02,6.722000302147362882e-01,2.686963827432373719e-01,6.280012849978503509e-01,2.568562936103223060e-01,6.758213142248560290e-01
7.799788369009080791e-01,5.194810815682024963e-01,8.779075239585267809e-01,9.851732777126493978e-01,7.046497774514796086e-01,2.906091618232660156e-01,4.805351094594186856e-01,6.445995547663648795e-01,0.000000000000000000e+00,5.299249101801313533e-02,7.029665690303242842e-01,6.902200887541477536e-01,8.583001010129224229e-01,7.995121430063771850e-01,7.725211659088551119e-01,7.171551077065455582e-01,8.899479165519628143e-01,5.242440059236932459e-01,5.867223094234129688e-01,9.592228789529294586e-01,5.153673332400008356e-01,9.761406841097326481e-01,7.889610857277217226e-01,8.478065265475176471e-01,7.243428634219105655e-01,8.823365122148962847e-01,7.579004778022035982e-01,4.970248683961363545e-01,7.721083443578775629e-01,7.091956105752067474e-01,7.836816247620915013e-03,1.338121303184954258e-01,6.812156971310595610e-01,4.630488446582831097e-01,7.825571991533775140e-01,6.900607198978661039e-01,8.325546463389044138e-02,8.869107655027860249e-01,2.503852425096909640e-01,7.906772991221442393e-01,9.666345820494084418e-01,5.406340133336506870e-01,9.321038238137397958e-01,8.388721043541705891e-01,8.583459948737192091e-01,4.207042476027408329e-01,6.417921400569572832e-01,7.201070399090123697e-01,6.438373769111097600e-01,7.007863687066592240e-01,7.181253609673085014e-01,7.621596895229467705e-01,8.077923145903080915e-01,5.646703667585624142e-01,7.185150740344447007e-01,3.519451040598060576e-01,6.174337206584643578e-01,6.262173214372601660e-01,9.727756440981397690e-01,3.825181898379510503e-01,4.484424353570341526e-01,3.287104549885532245e-01,7.987105978390282024e-01,6.175468013562923630e-01,5.485383885682558747e-01,9.102172265534491657e-01,4.476956649615217443e-01,6.967701940614708933e-01,4.334336078065615938e-01,2.057750947404860253e-01,2.594595188206870739e-01,3.043908070369581442e-01,9.121742304273753321e-01,5.013433381103643560e-01,5.006811292494496302e-01,4.777328457002623097e-01,7.866171573345125401e-01,7.964483263045459838e-01,7.863157070904922552e-01,1.647753007383760127e-01,9.482722648389905196e-01,9.009663181926819142e-01,9.660155674096223555e-01,9.510284121586490835e-01,7.287610967164869225e-01
9.986698134998552856e-01,6.333403351442002949e-01,9.435499332213893586e-01,7.387521637086500448e-01,6.066488348668842567e-01,2.300625353390257921e-01,4.502498603001327537e-01,8.947532423915847133e-01,5.299249101801313533e-02,0.000000000000000000e+00,7.898983299632642563e-01,2.603261597796381333e-01,6.808092306469849531e-01,7.478341346090051633e-01,8.404676731361195863e-01,8.029613084439241044e-01,8.366475496196416062e-01,7.713090638395727616e-01,7.737852052190807850e-01,9.147989904690362328e-01,8.370097883494863611e-01,7.657020218641984455e-01,6.863921253703892944e-01,6.140072155367402029e-01,9.937388548486785211e-01,6.129837337384885787e-01,7.519393259310752642e-01,7.069362506787155720e-01,6.395096097124468582e-01,5.108493246305327862e-01,1.596131902124424407e-01,9.583026012643764968e-01,7.798988991783613045e-01,8.634023944627920999e-01,4.404194552852584432e-01,6.531851562455083249e-01,4.815058962925304886e-01,7.898528658934014235e-01,4.236144728571810680e-01,9.656895984775284436e-01,2.426815081133449348e-01,5.654502062576809429e-01,9.447135287278676241e-01,4.922203818476755810e-01,9.404897885318911355e-01,9.099590629599582092e-01,8.762436163929899768e-01,6.838024512300934221e-01,5.731166478296523259e-01,6.307360493015864433e-01,5.214394665305690513e-01,8.074749552665573260e-01,8.027474692931793054e-01,8.657618938546788323e-01,7.533987172823364276e-01,5.248596002609497990e-01,6.514012881297872593e-01,6.833997501431897659e-01,7.901453310553900877e-01,2.085034161252415086e-01,2.866405711228708908e-01,7.045163623717105583e-01,7.653635650649285305e-01,9.249379404689820339e-01,1.721256591568793848e-01,6.754523070858432510e-01,9.565977711654332083e-01,8.960072234150491255e-01,9.768720393953100878e-01,7.513333479563104600e-01,8.514913577372414943e-01,5.102944429490503531e-01,2.753478225031732451e-01,7.422769810569974647e-01,2.954865628779434483e-01,8.446707466887143356e-01,7.005580369579997857e-01,7.044614157805274557e-01,4.504600806007645897e-01,4.110587762063337425e-01,2.191807487920831854e-01,6.351763480971343856e-02,5.076975466501986167e-01,-1.460052050955788494e-01,7.916602327728083921e-01
7.931455505216501445e-01,6.034556959825642108e-01,6.692878687872529930e-01,5.284467189197823433e-01,8.697879748414028001e-01,7.024331847372514703e-01,3.180937383676487595e-01,5.240663001812182475e-01,7.029665690303242842e-01,7.898983299632642563e-01,0.000000000000000000e+00,6.924887040617150324e-01,6.895432379506913900e-01,5.426898524498995346e-01,9.970734466645031491e-01,4.467962439533716967e-01,8.358712602922111490e-01,9.620131634229870388e-01,6.498581949836879090e-01,9.274182851292509522e-01,9.898800445373308055e-01,7.484096576411585211e-01,8.398729743959125749e-01,9.542440679568557904e-01,7.054151228626808212e-01,8.741613841244550986e-01,8.336970643828413019e-01,4.749971974512650075e-01,3.981454024049485563e-01,6.801791933301400972e-01,1.812441882120527370e-01,4.029690837081400523e-01,5.277266609887545368e-01,8.031370827555812664e-01,7.914292846936518133e-01,1.515158443208047545e-01,4.076864705763791896e-01,6.989837176583200140e-01,6.237618922926494447e-01,4.686122420315954606e-01,4.895943970676619461e-01,4.173916129341055381e-01,6.010873794707719542e-01,6.813406749021898579e-01,2.474379096766431141e-01,9.667686805387674109e-01,7.123641482551266169e-01,6.477185342734564921e-01,5.414453297495509521e-01,9.563144542911123924e-01,3.608889812378737044e-02,6.282727724010238601e-01,9.005195675163446545e-01,4.176538571792584587e-01,7.063420849970104554e-01,9.360579440541032525e-01,9.816176807884690048e-01,6.072259798787331686e-01,9.971864413295876695e-01,3.883436990223943508e-01,7.155310784757477061e-01,1.349371803965331851e-01,3.261416590854941955e-01,6.188720019561305685e-01,7.414916627716273689e-01,9.334465888846713577e-01,8.807209813962267875e-01,5.207040515750791521e-01,7.318963970260197183e-01,1.010781813946784180e-01,6.795339076303147374e-01,9.534277101762511641e-01,7.872048555036217365e-01,5.243731031167208068e-01,9.876765268822236266e-01,7.952371359079035695e-01,7.303897747908932869e-01,5.154601020291313951e-01,6.085292998918736540e-01,4.709002686635747059e-01,4.185971180818005011e-01,7.243421472559488095e-01,7.129823781122749393e-01,5.388912364036100439e-02,6.103955641225650153e-01
6.942474363050296082e-01,9.847436567932519313e-01,7.935155965412217238e-01,6.150403606605070461e-01,2.099343334572663367e-02,8.667344898936599762e-01,1.275046873418645699e-01,9.622628995057234125e-01,6.902200887541477536e-01,2.603261597796381333e-01,6.924887040617150324e-01,0.000000000000000000e+00,8.528032494417646658e-01,4.992273719616307504e-01,3.919012341270147748e-01,7.120382194223051631e-01,9.488151180866967183e-01,-7.265849797334858473e-02,4.645033272703293914e-01,7.884227460411445954e-01,8.095284391518103861e-01,3.703583200685846011e-01,8.859237677021546409e-01,8.452598787212243225e-01,6.705889817581598411e-01,8.600493639604747109e-01,9.777167321148760859e-01,9.281182538734766840e-01,6.730353082754981786e-01,4.647192300668708809e-01,4.783701124742648081e-01,4.900711141332241283e-01,9.787953655588437218e-01,9.642540151749089405e-01,5.271452694605366363e-01,3.222259373647305414e-01,-5.990101849639051235e-03,9.731934199956744358e-01,6.619238474661791605e-01,6.526406921070510014e-01,6.628757431155558877e-02,1.533229230266070775e-01,9.379517706592243043e-01,3.824562384093821432e-01,5.541252030156637032e-01,6.756519272945548105e-01,6.158149831454207135e-01,6.562913783684538593e-01,4.983263204497588861e-01,5.325675265898227595e-01,7.145378912915089087e-01,6.310876457223342229e-01,3.116667093392879728e-01,7.205785846575381015e-01,4.530931062642161167e-01,-1.445304118304739649e-01,5.484778832891362699e-01,7.077811603642482075e-01,6.855755160470876630e-01,4.908080115109677566e-01,6.935437852924650759e-01,5.099206209200176643e-01,6.321829207233041759e-01,8.849428260515374012e-01,9.826733978660152635e-01,5.102653083770513076e-01,6.492934764158276861e-01,9.629839404392517843e-02,7.595284828109242214e-01,3.705920417319398252e-01,5.598795317676934502e-01,5.421354913619617077e-01,5.619928849440859464e-01,7.348979968260656026e-01,5.503103843355348079e-01,4.385671853221567718e-01,7.395448181130481746e-01,7.357213308379064731e-01,5.459752948824383445e-01,4.855693698125963520e-01,5.554562949518607184e-02,5.655869525760176542e-01,8.807220984299990452e-01,1.078121640806949250e-01,3.723106672750251533e-01
5.448624560652551851e-01,7.510850099202028840e-01,8.841734243153990258e-01,7.666958834596511174e-01,4.232510578749754115e-01,7.009918276528777081e-01,1.873876527088166322e-01,6.412076170569558364e-01,8.583001010129224229e-01,6.808092306469849531e-01,6.895432379506913900e-01,8.528032494417646658e-01,0.000000000000000000e+00,9.420926993845716302e-01,8.582279757833354283e-01,7.587538224465699699e-01,7.254384558824042983e-01,6.098087518475222568e-01,4.340651847552018383e-01,8.145102444304805900e-01,9.628556742051812556e-01,9.155130497212246032e-01,8.332309405893774112e-01,8.495421472869704171e-01,6.957122161006919214e-02,7.351595275617349712e-01,1.265873018784535453e-01,8.360596174685077653e-01,1.103892559270567841e-01,7.423801820916618999e-01,7.648440197842251154e-01,5.960559089472614591e-01,8.841716376400000632e-01,8.047535932873371989e-01,3.016609235833079827e-01,5.430421882661058408e-01,-3.905838882208590435e-01,6.647576939280555042e-01,3.556507425146513413e-01,8.324300292285901071e-01,5.279603683745838216e-01,4.127792079063821173e-01,6.588254663005652656e-01,8.261700096469704047e-01,7.204696762804349008e-01,7.665454080102278578e-01,9.501869989921408743e-01,9.060040046257570312e-01,6.861300121037594568e-01,6.263197020433013407e-01,2.718255359790314740e-01,9.715722269238674658e-01,5.443722744031171956e-01,4.666924298680337757e-01,9.962238129012216392e-01,7.352201659661398159e-01,9.773265244678106534e-01,7.639633623576211896e-01,7.801757928492105698e-01,6.565407186479613744e-01,2.278820043380007376e-01,5.810769658891684619e-01,9.825621877008120508e-01,9.813496789871654080e-01,5.136518006116900237e-01,4.554355074944899662e-01,8.698428400369577762e-01,8.200109528162126127e-01,9.921810715149659288e-01,7.462338497367673185e-01,6.793749004925122570e-01,6.018914997364237518e-01,7.591683326236968732e-01,3.944355026707614953e-01,3.052858036527518193e-01,5.364959366222434856e-01,4.333411742635756014e-01,1.259128734797612392e-01,3.676035098847387772e-01,4.767536979355784799e-01,-5.550764649870165712e-02,9.710084073574916097e-01,7.230054554048603865e-01,2.601168720687565550e-01,9.428794029864491222e-01
6.080580208622644589e-01,4.787108911588866533e-01,6.180610018693357688e-01,4.377922176680952848e-01,3.613202517111693268e-01,8.933625806230680588e-01,9.897740420002559825e-01,8.744505023474729022e-01,7.995121430063771850e-01,7.478341346090051633e-01,5.426898524498995346e-01,4.992273719616307504e-01,9.420926993845716302e-01,0.000000000000000000e+00,7.808609357848858012e-01,6.135635319391362641e-01,7.004375406261911241e-01,6.539375237684172948e-01,6.079090622834207869e-01,6.513815695052400656e-01,7.129573998593233819e-01,3.419944559515912808e-01,6.324861150751224237e-01,8.069695447611646699e-01,6.094523761359024183e-01,2.318445746661351725e-01,6.046772721703808084e-01,3.331579971924096828e-01,7.152670430897187792e-01,4.805382153325308270e-01,3.757471793729672341e-03,6.200061481377387995e-01,7.792696410457818912e-01,8.420045548708056105e-01,7.461063874894122705e-01,4.184575225333057036e-01,1.805444841861333083e-01,9.466702293450132144e-01,6.194539972404566885e-01,9.116863905196203044e-01,4.407041611172325957e-01,6.745790824195119217e-01,7.218132652960150830e-01,9.559409691544005216e-01,8.667146900150540789e-01,5.271243495484834174e-01,7.142433786015403019e-01,9.110464761023857605e-01,9.822420007922836316e-01,6.206129065762036046e-01,8.623112516013045625e-02,8.188455809741792546e-01,7.323199045835007137e-01,9.549841919127276535e-01,8.073110365417147660e-01,6.982141096168725802e-01,4.187460107690575417e-01,1.852656236582527483e-01,8.583885786294618292e-01,4.623539337716486286e-01,6.016616180972529371e-01,6.388459311684921982e-01,9.781173685751550773e-01,8.464334970603379915e-01,8.607648225596953306e-01,4.492190878230831186e-01,6.944770927803411986e-01,6.780077252543061928e-01,7.327318489125086431e-01,4.093809713618107859e-01,6.392089655513445434e-01,5.924992807553863816e-01,6.834497506021817159e-01,5.531045926365293353e-01,6.741084771085774641e-01,7.955777440140106016e-01,3.789229598924814812e-01,9.217735917827960535e-01,5.685884862824249764e-01,6.679315849382565506e-01,6.019362303784134838e-01,8.471421144991275742e-01,3.079709860953675493e-01,9.490239900089343372e-01,8.090974505310986054e-01
4.500629112042767166e-01,5.387019859675543643e-01,9.176403924537080981e-01,9.395580138413942572e-01,9.351139759848572375e-01,9.077484904214209172e-01,3.914773018473504673e-01,5.139195592507270760e-01,7.725211659088551119e-01,8.404676731361195863e-01,9.970734466645031491e-01,3.919012341270147748e-01,8.582279757833354283e-01,7.808609357848858012e-01,0.000000000000000000e+00,5.865568997789434302e-01,6.967328129281580296e-01,3.311099264430946709e-01,9.285873468210015247e-01,9.187717883653112594e-01,9.384599290814330530e-01,4.779909235232051024e-01,7.307286504655385873e-01,8.863171756310402882e-01,4.782440442634592892e-01,5.328011332236902708e-01,7.778651002810085258e-01,9.394864455267442072e-01,7.052115883188260215e-01,7.984062638885609520e-01,4.447509198912076300e-01,8.840186843317708876e-01,7.802996089251829082e-01,9.117235367394593837e-01,9.552371750629333746e-01,5.124490865978860166e-01,4.036375379662504037e-01,5.020684244119021367e-01,9.993056346840439863e-01,3.606421233152561356e-01,7.761950330108641216e-01,7.444348846606095860e-01,8.243933389210547080e-01,6.816748702305712726e-01,9.825645095196630097e-01,8.888961899699946434e-01,2.568905077939260817e-01,6.281999076155013739e-01,4.532049657252171238e-01,7.285365030404769016e-01,7.081032526643926683e-01,6.641090198459085325e-01,7.742962796408354720e-01,9.146413862786061388e-01,8.697493774452943471e-01,8.271987462078351783e-01,4.237811385684295828e-01,8.953703209130772223e-01,6.445110378227831838e-01,5.252488913339887766e-01,-1.023063155796974377e-02,9.161603809541321031e-01,7.130220403069069679e-01,6.443960797240186889e-01,6.441023086910008244e-01,7.195452482563389207e-01,9.966468427453724077e-01,7.732774339446946144e-01,6.411348252691749794e-01,6.037833719750839157e-01,9.520507691109937332e-01,6.168680181663220852e-01,7.240195567253305819e-01,2.893147361218608160e-01,7.240543134426753458e-01,8.153514315763003006e-01,9.348902648376100633e-01,4.124211079594384821e-01,4.980679267104665686e-01,2.200372653088960087e-02,8.645753841049751420e-01,8.355076392589305678e-01,7.132470650512496846e-01,7.865715730000035766e-01,4.377346513262341254e-01
6.481708794532436979e-01,6.262817324512107708e-01,6.775485218726801095e-01,7.377672426102072079e-01,7.174230502449053803e-01,8.705964836361155257e-01,3.651239053241742694e-01,5.933980513903820420e-01,7.171551077065455582e-01,8.029613084439241044e-01,4.467962439533716967e-01,7.120382194223051631e-01,7.587538224465699699e-01,6.135635319391362641e-01,5.865568997789434302e-01,0.000000000000000000e+00,7.430316460322008432e-01,9.166718518664629389e-01,7.756039311677227488e-01,9.941085117493033696e-01,9.138787941182139329e-01,7.139084224854850280e-01,6.018800553512355656e-01,6.510988924247065324e-01,3.283564316344088629e-01,7.433852511605789637e-01,7.968881377251351150e-01,6.841008773325102377e-01,2.644690418313783709e-01,2.734819703452424922e-02,4.385324442304925907e-01,3.750989735285301663e-01,6.371339706731163899e-01,7.902183469634607160e-01,5.922093661486632632e-01,7.266612521508492017e-01,3.522496404942144776e-01,9.380126140237956545e-01,9.025072937128327810e-01,4.380461344843230020e-01,1.172921153870507827e-01,4.661886351088344038e-01,7.518601223061629479e-01,5.879011189911685920e-01,9.521298410906622323e-01,7.288151264640081450e-01,3.005848337485546307e-02,5.416453431935055463e-01,5.037921795116094836e-01,4.200753681394381323e-01,5.984001747159770623e-01,9.732081752789413231e-01,4.317090878289624456e-01,9.944928822780225719e-01,5.448278766238833226e-01,2.562809729404311732e-01,4.514440192635628124e-01,6.792504833713329804e-01,3.791323278923249274e-01,2.815473551126245755e-01,2.002833855697719045e-01,6.043025730318032362e-01,8.700743770503981400e-01,7.614190347920894997e-01,8.827439612594704110e-01,9.346005474325577156e-01,8.791673091662773887e-01,6.259284196896229835e-01,1.391289029131425603e-01,5.453818464626940532e-01,7.298812132514199691e-01,2.065005847398755368e-01,-4.475555081237858612e-02,6.206490519193986755e-01,-1.731295885729761119e-01,8.307664951357457417e-01,6.095490250104518282e-01,5.698645422442792929e-01,4.148487550902972276e-01,2.684083976531278504e-01,7.083309086584652636e-01,9.885839321256731926e-01,8.469974035243132970e-01,4.881137957075594169e-01,7.486426732752925473e-01
2.771800279909809039e-01,8.264605726036168276e-01,4.359465671604317305e-01,9.597329292414316093e-01,9.814321348585854921e-01,3.688194870049825713e-01,7.251457788777466718e-01,7.187106760139793105e-01,8.899479165519628143e-01,8.366475496196416062e-01,8.358712602922111490e-01,9.488151180866967183e-01,7.254384558824042983e-01,7.004375406261911241e-01,6.967328129281580296e-01,7.430316460322008432e-01,0.000000000000000000e+00,9.371918402223046174e-01,8.264304172273263527e-01,7.410080486586915205e-01,5.030448209966210671e-01,9.201638471789915785e-01,2.315178265956077952e-01,9.260461011922362928e-01,7.022529387968112768e-01,7.106251797036963191e-01,7.774125184270535005e-01,2.790919459200825736e-01,6.288578374814255412e-01,3.761247946115395813e-01,1.149520847803930934e-02,5.143452096030539655e-01,2.224775159854360251e-01,1.655444080159784448e-01,9.198821655757865035e-01,7.551153527905366536e-01,5.505927674414200501e-01,9.264594418560491151e-01,8.637363813118892342e-01,6.673153173774755142e-01,2.747966151546390456e-01,6.922294978396087428e-01,7.469334816016570677e-01,6.703889504983914227e-01,8.972060585619179296e-01,2.597371696001353758e-01,7.297991633088811714e-01,2.315510994679898238e-01,7.082610076288436973e-01,2.872309888798566524e-01,7.472168941109316176e-01,3.028674014062998077e-01,7.760840842920413429e-01,6.172983875180620972e-01,2.909271388335896713e-01,8.697594535124488768e-01,9.444388178338748441e-01,2.374720513299596047e-01,8.718488382117794977e-01,5.753133000825422227e-01,5.678444701356288871e-01,8.765631709795008719e-01,9.758434986692959834e-01,7.613565248310306677e-01,8.041461378200953636e-01,5.754915784137388801e-01,7.050766645919268605e-01,6.468288375110208266e-01,4.874348990981673957e-01,9.824645669798346415e-01,7.345454683656185146e-01,7.405297485555089043e-01,4.780577431160698554e-01,4.270950789684180848e-01,2.750024891785607939e-01,9.760133113350061285e-01,7.465849411978133787e-01,9.335685606114376700e-01,2.626975668195131730e-01,4.914981452189033651e-02,8.317918531008844374e-02,6.764491015088153203e-01,5.197414047656940816e-01,6.644558588506364050e-01,5.368599958406161665e-01
7.115662518915534251e-01,7.833722025719451754e-01,9.949521310764326554e-01,7.506454388245643594e-01,5.361368049635207855e-01,7.948636806857972692e-01,5.471201645386198908e-01,3.838554126391477417e-01,5.242440059236932459e-01,7.713090638395727616e-01,9.620131634229870388e-01,-7.265849797334858473e-02,6.098087518475222568e-01,6.539375237684172948e-01,3.311099264430946709e-01,9.166718518664629389e-01,9.371918402223046174e-01,0.000000000000000000e+00,7.118423925126500240e-01,9.908681267105553525e-01,8.837493760988265334e-01,8.459977742601565431e-01,7.995135847620045144e-01,2.225874606335722095e-01,7.681624878953164925e-01,8.103982179073997427e-01,6.907979311582831405e-01,8.119865611251289028e-01,2.646644001998286755e-01,3.772395296557509159e-01,7.635672759573828294e-01,1.160149457474861090e-01,6.088855562716258829e-01,9.779279425830249561e-01,-3.113543245050959252e-02,3.583358338732234305e-01,2.447232203128455186e-01,6.723935206280619026e-01,9.737023183819425443e-01,6.234124798952151991e-01,5.206749392532967757e-01,8.269295387970051481e-01,9.623824973198875643e-01,6.822941900790607805e-01,7.406338718754306161e-01,9.745540848554377078e-01,5.993458361885259933e-01,9.973035526722643374e-01,6.503748306412271418e-01,5.189336984378160045e-01,6.713581506056430781e-01,9.508316575727179254e-01,8.622602174231918104e-01,2.383544599356260951e-01,6.986416598474082251e-01,6.324959688938854852e-01,7.042107436649727159e-01,7.822315910672082984e-01,6.211514421944875908e-01,4.218392096650847578e-01,1.347933621604076038e-01,4.977580325731522093e-01,9.963398657658752988e-01,6.443861800006092100e-01,8.615036143571642713e-01,7.189613048625453917e-01,3.579665838518356624e-01,9.035354944978331027e-01,4.006712448239686530e-01,7.718697547303655648e-01,3.900605008983926147e-01,9.680404836020433113e-01,9.946978555146944734e-01,2.705441505441331662e-01,6.046050946023621142e-01,6.674329506245814114e-01,6.570483155747096626e-01,5.471225022758012813e-01,1.025256383745863503e-01,3.184689001497554850e-01,6.819556763499784457e-01,6.995549844125776850e-01,5.106079220637970151e-01,7.413691140119061940e-01,4.583916186904565260e-01
