0.000000000000000000e+00,8.750497166839470431e-01,9.691290010935573740e-01,9.714066904319123008e-01,9.544661563518161973e-01,8.572072785131963357e-01,9.916019724074827124e-01,6.088391094984075824e-01,4.879807782931248061e-01,9.367954093265242754e-01,7.308379078452841293e-01,4.266939061345531581e-01,8.431484451066910690e-01,8.220795597902961216e-01,5.624685737086773107e-01,4.669453024552256415e-01,8.312567510493202860e-01,9.018088791319136543e-01,6.949358268548199158e-01,8.272209190727841666e-01,5.395812467353896524e-01,7.189929289985231842e-01,7.711691505182491913e-01,6.416303044515727638e-01,9.032089441390357409e-01,4.357068789134597164e-01,8.883590641076458683e-01,8.998335342747871834e-01,4.044532482232569559e-01,3.741577743068115747e-01,7.282595767303652601e-02,8.705044957344350021e-01,7.541689853347706141e-01,8.232178501179577834e-01,7.948872699692959287e-01,3.930530914278592136e-01,2.979773693769453002e-01,8.142318785403820369e-01,9.844697722914829141e-01,8.522496675074708872e-01,-2.113223931364894281e-01,6.310986794433274261e-01,8.484942026197145326e-01,6.728691379736859712e-01,6.844186412116188833e-01,6.217624208942755804e-01,7.615556599291342099e-01,8.279082780825208765e-01,9.717611983627776340e-01,9.561253718039433025e-01,5.853831563167705143e-01,7.347927560539407876e-01,6.686032147294230787e-01,8.961352730413929546e-01,9.852096992924285201e-01,7.666104903696997486e-01,9.128448931247141740e-01,6.024384504373134774e-01,9.081034468378363922e-01,4.407602821614997612e-01,5.599124155239663114e-01,9.797751356481881890e-01,8.242852781499703241e-01,5.868958495186922253e-01,4.756288072071148121e-01,8.950430569966135730e-01,4.398022302148812956e-01,8.111402087687820117e-01,7.712494726121394972e-01,9.260921194825711203e-03,7.566759589039165901e-01,6.711274477159258067e-01,8.406561662149351077e-01,6.259804735264203890e-01,7.481688859199316921e-01,8.795217672935023989e-01,9.709831061523022111e-01,4.936701648559380096e-01,2.892938366616777390e-01,1.365748928672458617e-01,4.912262204927724252e-01,9.701592416903094263e-01,7.931137399918268827e-01,4.823191872110343947e-01,8.228769271428368892e-01
8.750497166839470431e-01,0.000000000000000000e+00,9.173233794987125655e-01,7.543167298925206321e-01,5.113160849233273630e-01,7.339869772624519895e-01,2.506748121724744482e-01,4.517329908082392542e-01,8.401041359721768131e-01,9.677838790859043527e-01,9.781149743452864920e-01,8.115364324562318599e-01,9.847659402596024014e-01,9.628250286903613508e-01,6.255552370517850624e-01,6.620081318692626615e-01,8.519266799508489196e-01,8.202689570204906300e-01,9.102068604402928642e-01,6.521402723338779461e-01,9.539544906687684733e-01,6.581582289086218562e-01,5.367653431610547310e-01,2.341036408102253052e-01,9.486112076235183599e-01,3.842104662437584861e-01,5.461622577593602257e-01,7.148492517936853030e-01,1.655987998627842517e-01,5.615410534186050517e-01,7.565142617460328678e-01,8.018125288406297013e-01,6.852996274011892153e-01,9.353800090047731386e-01,7.763589053778527926e-01,2.255597683573674350e-01,2.110143516619975707e-02,-1.610045772407641684e-01,6.832406165896892647e-01,8.341768105499461905e-01,3.561020024479682466e-01,7.953126809032122768e-01,5.898572650960538510e-01,7.875348779260142873e-01,6.759468067091940480e-01,7.969848601524260889e-01,2.510223199664385341e-01,5.373672865873206916e-01,8.578892788807344072e-01,5.706538635447374608e-01,7.284674930185772723e-01,5.587226843259847087e-01,8.722706325004372374e-01,6.790092412131134569e-01,8.923323211551439371e-01,5.318243134549229811e-01,9.984801961580798135e-01,8.997661944329224948e-01,7.246703031946598594e-01,4.582392000282343170e-01,6.929824641272046559e-01,9.766365758553041676e-01,2.991479129291827466e-01,8.454783956391067612e-01,6.251914302780053889e-01,9.846951248288551284e-01,3.093735027135163795e-01,9.047484116067080473e-01,5.070363247527674977e-01,7.601795097128960510e-01,7.415785114541458833e-01,5.485156581165732126e-01,7.485728863037517389e-01,7.908574868332025609e-01,5.481426776640293541e-01,7.051412435695657566e-01,8.000919112583764203e-01,8.364422894251341001e-01,1.297097895096798736e-01,3.721442121003151193e-01,4.657725432510869124e-01,7.928368110462906682e-01,9.917294380915537833e-01,8.873335668096267170e-01,9.560010885751153431e-01
9.691290010935573740e-01,9.173233794987125655e-01,0.000000000000000000e+00,8.071445602213086490e-01,8.228806113880737794e-01,8.683914056663031289e-01,9.289000298504199726e-01,6.607173870605451693e-01,9.518883206098878169e-01,9.961826370475885817e-01,8.124781064988322310e-01,8.532518620953373212e-01,5.277368777889769325e-01,9.518948395622057745e-01,6.528058991305720760e-01,7.198847885606272090e-01,5.534031824330623017e-01,8.868661291743943353e-01,6.376638685731371714e-01,9.659488245649683336e-01,9.026797332827681819e-01,3.274270123698053703e-01,8.027511239489039108e-01,6.072118818546801133e-01,8.521140544411851536e-01,7.613831159439611307e-01,8.284566019806269832e-01,9.893261339727130732e-01,9.675871956953775443e-01,2.047712913598201401e-01,2.529720715730884861e-01,2.669031117458820490e-01,9.051260298074174093e-01,6.468597453010003218e-01,6.528679270349861952e-01,5.367863357767289623e-01,7.647167046618568165e-01,9.578194824794985518e-01,9.242959732797185746e-01,9.754089971806879644e-01,9.192716905013079698e-01,9.164827964596241605e-01,3.319699152527016972e-01,9.608633403433606279e-01,8.674994124418367036e-01,7.306659495947092076e-01,7.946229211218448496e-01,7.387170678372769750e-01,8.770298395104288991e-01,7.232316408450477629e-01,7.553310782227689035e-01,8.402987393797419768e-01,8.627414750876276628e-01,5.685894993417841548e-01,9.896128996941390144e-01,9.079335039933590368e-01,3.137245956993195972e-01,8.709344879078162460e-01,6.938136814662970719e-01,5.196778506056873859e-01,5.309743463320234502e-01,8.259269774803255082e-01,7.806026459385640992e-01,8.243488391283376737e-01,6.614752589273876771e-01,7.200408598190175535e-01,7.996216040716596085e-01,9.382934318746899427e-01,7.999419987831672962e-01,9.863335071048934255e-01,8.286865384284075597e-01,8.393469075547773661e-01,5.659048385182302576e-01,3.340061274664489765e-01,9.913721042306068432e-01,8.229506096811851634e-01,6.601718730576006111e-01,6.716894014168214300e-01,5.116629386078943575e-01,2.608670493929958201e-01,6.759930372974680690e-01,5.138693336631474651e-01,5.778584683137395483e-01,7.119958885243451441e-01,7.534440768227244067e-01
9.714066904319123008e-01,7.543167298925206321e-01,8.071445602213086490e-01,0.000000000000000000e+00,4.670157639378527126e-01,6.656227452211103124e-01,5.754800279433822663e-01,5.349459125601878640e-01,2.761387653704164835e-01,7.093405783481405713e-01,9.800627949115043869e-01,9.704437060779673718e-01,9.124352346017436943e-01,7.425468632642402422e-01,6.066050756218455131e-01,8.343701309547351119e-01,3.477178989626001915e-01,5.167300940375978424e-01,7.880495473715432020e-01,8.374310544523471123e-01,4.552365837573397189e-01,7.499026480228850877e-01,6.759265034628328950e-01,6.225377689641198309e-01,6.686005854635117540e-01,7.691078996785575272e-01,8.839218597277204159e-01,3.698467683138374484e-01,5.147849964255100108e-01,6.159585185855671607e-01,2.260225930103040848e-01,7.772920872521249525e-01,6.109521341134580563e-01,8.522641216964855770e-01,8.431150358453369797e-01,7.753033064111628514e-01,2.697376218405289072e-01,7.406721474008810535e-01,7.955710477837059091e-01,8.145089665435357729e-01,3.217502321706552371e-01,9.959956755679079121e-01,7.480431554894328983e-01,9.528020218388837392e-01,7.252419043573479218e-01,9.552279928814322307e-01,8.394848456441356133e-01,8.021463014068663799e-01,6.620741964301600779e-01,8.244044878624751105e-01,6.288862213932120415e-01,5.548678950854585290e-01,8.183909698235187768e-01,6.817709699105045651e-01,1.832845959970007543e-01,5.501725815545795983e-01,2.675249138510251146e-01,8.471223893596315779e-01,3.722846520527365310e-01,9.105010795367596277e-01,7.381748325028625324e-01,7.962835516136227421e-01,8.198712893221383746e-01,4.046783818948005429e-01,9.320017794020292179e-01,9.301730920071108466e-01,3.847125422993775690e-01,9.822733415216758912e-01,9.661514380573607008e-01,5.812591515494490713e-01,2.500764995147042868e-01,9.400528553479007288e-01,3.546165602250467286e-01,5.689304013052889353e-01,6.127400949369903316e-01,6.873248507797571349e-01,4.259081091124609086e-01,6.370830833727610942e-01,4.086089532801994162e-01,2.539089785670745059e-01,6.730043735482267309e-01,7.914644210534904634e-01,3.334483397069440969e-01,3.650770640496373565e-01,6.994554388702108882e-01
9.544661563518161973e-01,5.113160849233273630e-01,8.228806113880737794e-01,4.670157639378527126e-01,0.000000000000000000e+00,8.090304373491118417e-01,9.341397617770452744e-01,6.030785125198411256e-01,7.055968452603849084e-01,9.304596115972172399e-01,6.439696234599643354e-01,9.491039915099744873e-01,8.018498009095806900e-01,8.496802869718043105e-01,8.191970734428379863e-01,7.706165830691901197e-01,8.854860574265409623e-01,5.604554136836266132e-01,7.019560805892562927e-01,6.480531361120024370e-01,9.015696580177836594e-01,7.652033631451595763e-01,6.873915635923184553e-01,6.223431439465919590e-01,6.195223024601621553e-01,5.242074017083185877e-01,9.792957450099484262e-01,9.014870256381027902e-01,6.081822765329428782e-01,2.887761600363527789e-02,3.388027545861993506e-02,3.535983242344635236e-01,6.954810264871756909e-01,8.764951193527790174e-01,7.361460938748988214e-01,4.362787689957101644e-01,5.694759214742282083e-01,6.832760473657183420e-01,9.625436548319455943e-01,8.975564814877429187e-01,4.292424673943420754e-01,9.774045732779079732e-01,7.490051364516568944e-01,9.979690711105702050e-01,9.775328002697225571e-01,8.391970885391277779e-01,8.959436134033491594e-01,4.230018528492178187e-01,6.052804619869569525e-01,6.317643874953521310e-01,6.698829506318035865e-01,8.531527780686045670e-01,6.174682880732839108e-01,9.654436748556385339e-01,6.425354342797298113e-01,2.137104818772305737e-01,5.398734566542168212e-01,7.057129722866883892e-01,6.496674434728391123e-01,6.583070056033304418e-01,4.319813076867050627e-01,7.158039020631071780e-01,9.514404174968003058e-01,7.464693523935542752e-01,7.600269166812674282e-01,2.342467469083744092e-01,8.955528741021167027e-01,9.657109213671317693e-01,5.432838170978255832e-01,6.896691862069033174e-01,9.138730112191726374e-01,4.289033129021183610e-01,7.534425116587983862e-01,8.512814158728585490e-01,7.889619019543530065e-01,7.804617364117555356e-01,9.378057397891058633e-01,9.520916347107230004e-01,4.371878538015464555e-01,3.734380063461162358e-01,6.937871186407501556e-01,9.001584382440920296e-01,7.691470339341452966e-01,4.055966670430226073e-01,9.570945668808057416e-01
8.572072785131963357e-01,7.339869772624519895e-01,8.683914056663031289e-01,6.656227452211103124e-01,8.090304373491118417e-01,0.000000000000000000e+00,4.829694312278919877e-01,6.267109884096602190e-01,7.317961926062520606e-01,7.341349480962239271e-01,9.980869160563967668e-01,7.470355367495481458e-01,9.053677138450355599e-01,3.768056141973522566e-01,3.921929575064718732e-01,7.374153480525454940e-01,8.675300289302099177e-01,6.307821902200847486e-01,6.514052529145886172e-01,9.668672633064847588e-01,4.596317331870009015e-01,2.918336855496503346e-01,6.839374804132913876e-01,1.519910789613535540e-01,4.119686658484505992e-01,9.857051215073692196e-01,8.061571990146375599e-01,8.553379520181395579e-01,6.407490907143789105e-01,4.742413707565038550e-01,2.736223377972606466e-02,7.373975601957238890e-01,8.442294884788543730e-01,6.080077726005843619e-01,7.499882599192532195e-01,5.092125240410945164e-01,7.529760936722815767e-01,9.983321605388812969e-01,7.672219646319369257e-01,3.428056157385136471e-01,7.342133775580954591e-01,8.502811833162399191e-01,8.768430198003038800e-01,9.113302389317320396e-01,4.839201271270944238e-01,8.287709557335519728e-01,6.901006363118225018e-01,6.044927890357377764e-01,3.440443166822510501e-01,5.874169265882028812e-01,4.963577199661981521e-01,3.965696716095380436e-01,3.086493643308496626e-01,5.795548040677633850e-01,7.681364000353210209e-01,8.990427123837921863e-01,4.699273938832783659e-01,6.729683015907261812e-01,9.815058262261163735e-01,4.417896839151457256e-01,5.569775411474495730e-01,4.195943673799529261e-01,3.620647283021555252e-01,9.590439970636038813e-01,7.879342333332868265e-01,6.050639594198079507e-01,7.333923592190976226e-01,9.199035653960554448e-01,7.909821090855460035e-01,4.568102544590841863e-01,6.215842845784282922e-01,6.459518533901720261e-01,2.428957021701257935e-01,7.832726032891313972e-01,4.359766093363791617e-01,8.221944374882563800e-01,8.233474973354075743e-01,5.718667397314608491e-01,4.721612488180387257e-01,3.392979173158352513e-01,6.996624886684353894e-01,5.444837991679983835e-01,5.771035820902193914e-01,4.427187937361830583e-01,8.173124413657901766e-01
9.916019724074827124e-01,2.506748121724744482e-01,9.289000298504199726e-01,5.754800279433822663e-01,9.341397617770452744e-01,4.829694312278919877e-01,0.000000000000000000e+00,2.819117298371263680e-01,1.889431019415082902e-01,7.814819981464129484e-01,7.432313858849901589e-01,4.173017064477592131e-01,9.954377751728755719e-01,6.641658651762392118e-01,7.300982882948369168e-01,4.011874459161462458e-01,9.024651517187389782e-01,5.578970555050268842e-01,6.944496356389912028e-01,6.294833141004552157e-01,7.626024320130003753e-01,4.494445381875960543e-01,7.850669833868226810e-01,8.055033798076243201e-01,5.944417209670112001e-01,7.261875099048450410e-01,5.210034676946067034e-01,9.776082043423617307e-01,9.938041152506094100e-01,6.422762869926504914e-01,3.577654303881205866e-01,2.026862046679108187e-01,6.628443838226707463e-01,8.619191959057376229e-01,8.490525608023290205e-02,3.178308886937916133e-01,1.481777470873850422e-01,7.386464834966417758e-02,3.537678947710359845e-01,5.009041474725692833e-01,7.073003794361378826e-01,7.573471151212547436e-01,5.141348120943358690e-01,6.083138620665724527e-01,6.844644208513156469e-01,4.554991420445090866e-01,6.006364807126931549e-01,6.985636507923179694e-01,7.657968523730552812e-01,5.361534566772721000e-01,4.515428919657674123e-01,2.887526836558163557e-01,6.487676568064381089e-01,5.038657759661859803e-01,5.336818894113654066e-01,3.946295646779166000e-01,6.028002043639101304e-01,4.449924243990147077e-01,4.070690671928839377e-01,5.262488481636062865e-01,5.495085116162633510e-01,5.097360063242902806e-01,7.477819173409990805e-01,4.518246216584680952e-01,6.064855355385641023e-01,8.600958697726183155e-01,6.953178582116131823e-01,4.825943461439812232e-01,6.318034066708902996e-01,6.768364077889593711e-01,4.550207472782741291e-01,6.785276564257746168e-01,2.462887435396660663e-01,7.198856121806065378e-01,5.130639072587166449e-01,4.504587856075273344e-01,4.743668748669811752e-02,1.082358709652561785e-01,9.390570546145400321e-01,2.720400263035749888e-01,7.884283211092781851e-01,8.951407446817057911e-01,1.299204464608136600e-01,5.824978791556789659e-01,5.408163652065887117e-01
6.088391094984075824e-01,4.517329908082392542e-01,6.607173870605451693e-01,5.349459125601878640e-01,6.030785125198411256e-01,6.267109884096602190e-01,2.819117298371263680e-01,0.000000000000000000e+00,6.845752989474851447e-01,4.228922589292532508e-01,6.179535148071304551e-01,4.291264577008723213e-01,8.735001821807646394e-01,6.078420718085550956e-01,6.544366129372798380e-01,7.658333193368536129e-01,8.159876871984571567e-01,1.136261497262298914e-01,3.156019301076604111e-01,4.275272687900372737e-01,4.047605401017205229e-01,9.760803067934913368e-01,8.772808877749266321e-01,8.448120359693057635e-01,9.231732564090560089e-01,4.425744642612622903e-01,7.676692386206820373e-01,8.038993117195830651e-01,3.445274595447681554e-01,7.826941595179671696e-01,4.230987645714388568e-01,6.857956422246278549e-01,5.601261773162109492e-01,4.828154702088900407e-01,5.320863349042891377e-01,3.764447892218716896e-02,4.279398947303293399e-01,2.202198367592637374e-01,7.313692723316008726e-01,6.713802577699841123e-01,5.117897821288400761e-01,4.024325803300696780e-01,7.626557410962307992e-01,6.375340747600832803e-01,4.704041051784018102e-01,4.738984948006534359e-01,4.128337786570390744e-01,5.652592781857433968e-01,3.079704962403612134e-01,6.065798111364404388e-01,9.624307300719977532e-01,1.437515642269762972e-01,9.213969306355063171e-01,7.254125246463473120e-01,4.256848028209112011e-01,9.588939974460976012e-01,3.948708425114861864e-01,3.522905891564146463e-01,8.954233279903650589e-01,4.742559678670306422e-02,3.292559968699656503e-01,5.939993041926363571e-01,3.411126156531089082e-01,4.776645847422255065e-01,8.399892752900379733e-01,7.263707151996030564e-01,6.312535835609174306e-01,6.138122269154167032e-01,5.188174395745870360e-01,5.997958913804459780e-01,5.074662129729626825e-01,5.980827398945156581e-01,3.587764067243770678e-03,6.649107478317867193e-01,5.573415001412576064e-01,4.981023725913605871e-01,5.250689156280266001e-01,7.311449282270311434e-01,-1.381817378862596202e-01,4.812342391499717653e-01,2.087321833071855148e-01,6.173052682737749652e-01,2.438931380187202569e-01,5.511377211866980153e-01,4.025455511670242847e-01
4.879807782931248061e-01,8.401041359721768131e-01,9.518883206098878169e-01,2.761387653704164835e-01,7.055968452603849084e-01,7.317961926062520606e-01,1.889431019415082902e-01,6.845752989474851447e-01,0.000000000000000000e+00,8.386576865585896323e-01,4.565984312269602552e-01,7.112431694723468922e-01,6.152912393058417306e-01,9.837972832360626363e-01,6.795745710087456315e-01,4.832131803459094876e-01,9.626414830100554765e-01,8.919132864885612744e-01,6.221864663167361309e-01,7.127398407206533282e-01,9.005095177656443628e-01,5.913041117702839689e-01,7.883134486231375693e-01,9.116426752610743423e-01,8.904100694900398683e-01,4.732503846627101329e-01,9.560983222715717655e-01,6.342526704988307173e-01,4.507396630498239909e-01,4.816429175914390681e-01,7.933710859674176774e-01,6.255594893456521977e-01,8.565484008949710848e-01,6.245615777065947061e-01,6.888978879713633097e-01,3.171200356674621079e-01,7.351547411736669702e-01,7.544090970693086984e-01,8.262861046084303274e-01,9.375881409257231791e-01,4.941970907376811994e-01,6.036912975575021711e-01,7.339577951957981794e-01,3.826253368759585660e-01,5.920855365576824791e-01,4.002674072231049429e-01,2.129661274226888334e-01,5.121537223416224860e-01,4.281467303092958421e-01,8.861668086909414432e-01,6.599129651136008690e-01,5.086711156385002042e-01,9.206573381559428615e-01,6.233188295704308324e-01,4.307631456780388057e-01,8.847118363528921892e-01,4.776206134466727260e-01,7.870795545078571598e-01,8.382230487985653511e-01,7.607825822421450113e-01,7.569887651056365074e-01,6.622317165368035718e-01,7.514577430011735171e-01,8.777222547338048297e-01,9.378452434123019099e-01,7.037957442334659142e-01,7.225686070873242883e-01,8.196739836700327464e-01,4.693720604695040266e-01,5.059269389525464788e-01,3.753545716047879122e-01,7.978799311657939208e-01,3.677999819861500486e-01,2.959015985749522404e-01,6.466386086193475213e-01,7.040571050521938767e-01,7.251646893090928359e-01,1.709487353974486756e-01,3.711098784290013941e-01,2.854461124974847497e-01,7.937431559241170387e-01,5.247438157031432127e-01,8.839560565493845834e-01,1.794145271365470140e-01,4.762291706877930797e-01
9.367954093265242754e-01,9.677838790859043527e-01,9.961826370475885817e-01,7.093405783481405713e-01,9.304596115972172399e-01,7.341349480962239271e-01,7.814819981464129484e-01,4.228922589292532508e-01,8.386576865585896323e-01,0.000000000000000000e+00,7.953842125503423066e-01,2.657356002868804801e-01,6.942216045814905145e-01,2.275492260463521654e-01,6.536221387442051611e-01,6.422400834363715116e-01,6.619143160419798111e-01,4.347099016871759369e-01,1.432514671660359007e-01,9.807898947504446463e-01,8.061075255308571830e-01,7.266796730078148858e-01,6.628495520878570080e-01,2.082899550419210488e-01,5.132401406762722162e-01,6.409475023368085278e-01,7.902328932180064935e-01,9.456543336659700705e-01,2.009285783808905657e-01,8.572195368552033568e-01,1.436408335063134867e-01,6.552878291088078955e-01,4.952783360925008260e-01,6.045396704864907100e-01,7.414967344330690713e-01,5.089656826717887661e-01,4.519053615588951023e-01,3.450725799628687751e-01,4.097700341602037444e-01,9.653794992127067154e-01,1.881162399878679725e-01,7.308256650335851479e-01,7.371057216820589009e-01,4.153926836704812109e-01,9.777881146893874220e-01,8.138162960589653272e-01,4.753793343833864204e-01,6.967875869020777602e-01,3.066522957210694456e-01,6.165855450852026909e-01,9.386043884079215971e-01,1.573750777928550615e-01,8.410155664086622629e-01,2.165901381897185618e-01,8.488697860568216180e-01,7.852669126170844227e-02,6.351370955570531107e-01,6.437356260285147513e-01,6.637267565290438931e-01,5.305239608736633805e-01,7.720798920673226373e-01,3.874256314289137304e-01,8.028997998819283888e-01,6.363658055516940859e-01,8.761846306345009161e-01,7.892504205187472754e-01,2.194255990529994094e-01,9.541132054987850886e-01,2.354583250407570327e-01,4.526603391852735414e-01,8.372968854664055716e-01,6.829878009012223528e-01,3.102150791107957661e-01,4.232600242008072722e-01,4.063038894135383439e-01,6.307479684632406602e-01,2.064829801494167394e-01,7.849974233567502679e-01,5.793967313637958805e-01,-2.291324971170202174e-01,5.018072693259425510e-01,8.145341399586965014e-01,9.292977835988454061e-01,7.387973864687576997e-01,7.144858665305491296e-01
7.308379078452841293e-01,9.781149743452864920e-01,8.124781064988322310e-01,9.800627949115043869e-01,6.439696234599643354e-01,9.980869160563967668e-01,7.432313858849901589e-01,6.179535148071304551e-01,4.565984312269602552e-01,7.953842125503423066e-01,0.000000000000000000e+00,9.512286741377846688e-01,7.914208943564559062e-01,6.925989629120478108e-01,4.932400052493325360e-01,6.797214690146953231e-01,9.590013597229759545e-01,9.265693223560416136e-01,9.682331762905439509e-01,8.972985336856493799e-01,7.174394874982086279e-01,7.253291507159531637e-01,6.192115806437205050e-01,9.161114981460731777e-01,9.264720038634925992e-01,6.162256976032249867e-01,6.531010910577609296e-01,8.400274887214635999e-01,2.025879217851990211e-01,5.131114605130838724e-01,3.733505192378898663e-01,4.677654449959729455e-01,5.784752734994748069e-01,8.041880843932261991e-01,7.742151408695925330e-01,3.604153860507123275e-01,-1.758560748241147498e-02,8.230823916363401160e-01,6.620597090189919154e-01,4.731785019381506419e-01,3.909386979538348461e-01,6.282813190192650943e-01,8.473732183151654329e-01,4.518952396830688278e-01,9.919819377666164728e-01,6.260529844477249473e-01,6.766955076961628235e-01,5.852569477687170618e-01,4.936174376913804451e-01,7.030236659218805917e-01,4.431952905577086210e-01,9.181084325620083586e-01,9.179304742602639733e-01,8.976234533157514406e-01,9.801339829120856439e-01,9.700576055152949628e-01,5.524016325667280292e-01,9.780046474903385523e-01,8.923207259973446881e-01,7.413600756929990265e-02,1.849061968561789282e-01,6.426132233137211713e-01,9.939125403498779709e-01,9.359600248784961662e-01,6.466207120892466520e-01,8.873646756846920169e-01,6.372513526119583105e-01,9.992434329835231388e-01,9.765751560652777830e-01,6.315588695068262703e-01,6.715135902951341329e-01,6.525316036739867709e-01,4.500404839046523997e-01,7.890122829849441910e-01,4.550223037023926054e-01,9.206391306863823676e-01,9.844147184791921523e-01,7.120811243604849849e-01,8.143562321962360961e-02,6.942744758196922605e-01,7.018522482621085690e-01,7.121937529477735396e-01,6.537758759685572407e-01,6.009641442870380379e-01,6.978763718561366014e-01
4.266939061345531581e-01,8.115364324562318599e-01,8.532518620953373212e-01,9.704437060779673718e-01,9.491039915099744873e-01,7.470355367495481458e-01,4.173017064477592131e-01,4.291264577008723213e-01,7.112431694723468922e-01,2.657356002868804801e-01,9.512286741377846688e-01,0.000000000000000000e+00,8.764655224314108484e-01,5.948840611252381727e-01,9.239009857796630643e-01,8.841522891778731408e-01,9.592662914052079159e-01,8.556600854867232320e-01,9.414457576460659727e-01,7.755853463790527424e-01,9.910703075863627198e-01,1.253340192479714989e-02,7.184802557946350365e-01,7.366535113024138548e-01,9.813014275358076244e-01,8.834194401592940782e-01,8.950724025762286651e-01,3.367504216685560658e-01,3.159192824564271973e-01,2.404085846111401470e-01,1.945177941871695793e-01,7.497373599251877518e-01,8.760463093265985490e-01,5.590674015476814196e-01,9.142717814132595988e-01,6.772754157530587182e-01,4.112473801446630550e-01,4.964193069837238292e-01,7.520419422939567111e-01,9.842986902063985966e-01,6.405544008107268983e-01,5.478681547149114595e-01,7.416867359048897601e-01,6.613701202381750965e-01,2.422900470941916351e-01,2.180586642224174865e-01,9.265234841614473638e-01,6.761461710746095033e-01,-9.559786766264050106e-02,2.507850689269391364e-01,2.809175421005463136e-01,6.477326288115742292e-01,4.431914939211993310e-01,2.001123874607304565e-01,2.932527726697009562e-01,3.150721015668354053e-01,8.146129469365401832e-01,2.184493510564508301e-01,-7.155391426441418123e-02,3.191975858816128442e-01,4.430105630396653504e-01,9.217029888064951493e-01,8.341304911178748505e-01,9.591804210028047617e-01,6.418646437435209240e-01,9.544769257246685790e-01,4.859426346901397631e-01,9.880603992964870352e-01,7.245744924812889121e-01,5.435040676709786966e-01,9.137475560636945104e-01,7.490221232642598759e-01,4.290358484983649578e-01,3.126453824735773712e-01,7.827120388670043560e-01,6.223491844788523464e-01,5.913310737997209410e-01,5.529171088850014515e-01,4.346851403239652689e-01,5.990100016568646879e-01,8.898044898756360954e-01,8.121128454921442419e-01,6.559540265243628543e-01,4.477571322349451211e-01,9.839361546034021133e-01
8.431484451066910690e-01,9.847659402596024014e-01,5.277368777889769325e-01,9.124352346017436943e-01,8.018498009095806900e-01,9.053677138450355599e-01,9.954377751728755719e-01,8.735001821807646394e-01,6.152912393058417306e-01,6.942216045814905145e-01,7.914208943564559062e-01,8.764655224314108484e-01,0.000000000000000000e+00,6.478685544856320755e-01,7.769556107185193738e-01,6.630913104901601240e-01,9.299233203132900583e-01,6.508872873318748142e-02,8.601888248848723606e-01,4.281614281647713738e-01,6.894850852608017666e-01,8.491873080899849935e-01,7.234179984814119724e-01,4.796301288911898886e-01,4.298706079755232334e-01,4.796429146109058156e-02,6.765502011649104919e-01,9.011451022903901320e-01,3.724515234897609606e-01,4.772412492377378079e-01,3.286655874096993113e-01,6.006301368441330224e-01,4.629718275998174759e-01,7.111637636300591758e-01,6.971342459128001545e-01,6.803364049035010019e-01,5.943757006693836109e-01,5.607676722542436210e-01,7.990121470520690217e-01,6.477475914655027589e-01,4.632080013323479628e-01,8.522523590926587289e-01,8.687374989587203222e-01,4.680465599402400256e-01,7.642867013802794318e-01,6.660881308056126882e-01,4.242674131794900161e-01,6.961862333323576291e-01,9.780046910911268654e-01,9.545036988313539972e-01,6.177217464453806928e-01,9.332855497607307482e-01,9.261149099533164675e-01,9.009184424895548826e-01,6.937913280128358284e-01,8.337209455602114794e-01,6.689801114416102923e-01,6.169335084464080410e-01,6.128221555666047982e-01,3.698513020426585918e-01,6.427053835891718414e-01,6.198822439166848941e-01,8.088470061314392279e-01,9.776538231099571874e-01,7.588697220620637118e-01,7.317710829898474989e-01,7.938216549949766998e-01,9.144557985844585790e-01,2.181226622724000697e-01,7.634165777890179472e-01,8.664324657235037419e-01,6.268659192197922891e-01,5.676795304067251413e-01,5.708692871177112327e-01,7.881516308659146652e-01,9.968435897544454249e-01,5.289735058831538383e-01,7.934075435616684269e-01,4.631979691229387019e-01,2.359448772515658210e-01,5.528998588379474555e-01,8.672579838094948146e-01,8.365256905615719996e-01,5.957925517938136295e-01,6.424754793442957190e-01
8.220795597902961216e-01,9.628250286903613508e-01,9.518948395622057745e-01,7.425468632642402422e-01,8.496802869718043105e-01,3.768056141973522566e-01,6.641658651762392118e-01,6.078420718085550956e-01,9.837972832360626363e-01,2.275492260463521654e-01,6.925989629120478108e-01,5.948840611252381727e-01,6.478685544856320755e-01,0.000000000000000000e+00,3.708312465221790255e-01,6.324687756796198990e-01,9.356754801251652154e-01,5.262166965292467413e-01,5.643372459649091955e-01,4.642667155788712252e-01,6.693790164270133625e-01,5.581734373100104563e-01,3.233382975449811680e-01,7.702542959742422202e-01,4.720286541220574672e-01,4.031335631276184994e-01,2.106505854415766932e-01,2.712068297279854323e-01,6.874299899671544312e-01,7.124745350498477015e-01,1.735927805463553519e-01,6.824137592176003908e-01,7.651233510468354870e-01,9.036191513753701887e-01,7.949863776153511807e-01,2.775072184777391260e-01,4.970494988305555473e-01,7.815972050520247905e-01,5.128219948722432253e-01,5.478104500289595613e-01,6.933203132798532176e-01,8.110318537276556272e-01,7.253806188991271942e-01,6.686024479729252290e-01,6.367683279182039247e-01,8.892802102772715545e-01,6.527565402695918451e-01,6.630021753838541976e-01,5.901560177239220106e-01,9.987876068757194359e-01,4.656847145911875430e-01,9.490871583008133605e-01,8.265920239751459730e-01,5.402129901011236690e-01,6.637550128604484678e-01,5.965127665655840516e-01,9.396190120987514272e-01,8.497422891379319276e-01,9.201801101581246201e-01,6.497286846502030588e-01,4.419909015809428965e-01,8.006946147895792620e-01,6.276311935841886180e-01,6.130009415271225892e-01,9.673547441332669417e-01,9.926631860046346567e-01,9.926762030128100101e-01,9.999590145416639153e-01,7.945539809433066480e-01,7.908881684502356846e-01,5.039742039016915642e-01,6.527843566753346316e-01,5.696182985240827445e-01,6.412274722182776943e-01,9.896093854876011342e-01,6.926872265818229124e-01,3.828084329549432674e-01,2.290097069250410233e-01,7.723205694312832437e-01,1.398238881299935787e-01,6.271487121355651118e-01,8.735584989132860745e-01,7.302042586070640606e-01,6.661338428927180422e-01,6.159595454660358183e-01
5.624685737086773107e-01,6.255552370517850624e-01,6.528058991305720760e-01,6.066050756218455131e-01,8.191970734428379863e-01,3.921929575064718732e-01,7.300982882948369168e-01,6.544366129372798380e-01,6.795745710087456315e-01,6.536221387442051611e-01,4.932400052493325360e-01,9.239009857796630643e-01,7.769556107185193738e-01,3.708312465221790255e-01,0.000000000000000000e+00,6.087907211019857323e-01,9.692946385008895938e-01,4.225568692244646152e-01,5.648768379924971050e-01,5.413038548654464099e-01,8.058265102248363121e-01,2.520963119015364184e-01,5.748696662635361943e-01,6.174973287693321655e-01,7.933270007358800280e-01,8.220017497747098556e-01,8.648306362700748373e-01,2.959174319476907122e-01,3.841428656590412105e-01,7.490932406761613427e-01,7.878055878822807223e-01,3.607510360755932233e-01,6.545454876805469890e-01,6.393736215258353228e-01,6.269329431205395986e-01,5.464872932690837404e-01,1.701623126615778997e-02,5.529730006377533424e-01,9.742267145578802356e-01,6.650865260685164815e-01,6.449103243760042625e-01,6.098005141945241903e-01,2.101518767183258585e-01,4.306129944726559966e-01,9.983638005267376769e-01,6.803798209513873818e-01,5.524099798139650019e-01,1.150987984086535437e-01,5.908895097365174376e-01,5.157758244107525369e-01,8.993817849306507961e-01,7.551521995128691600e-01,9.574741969239398687e-01,4.845437914881100538e-01,5.355932496694886247e-01,6.703021874042937034e-01,9.872888564009667522e-01,6.744290247998557808e-01,8.115281057475216553e-01,5.336718896222160113e-01,4.842955045998174057e-01,6.020952471351876945e-01,4.104481652127864311e-01,4.242109180126388823e-01,8.030385904695374055e-01,9.090084157328275349e-01,4.303074704369098114e-01,6.664353218165519621e-01,2.816036934187229890e-01,6.383468768789697378e-01,9.616515075168571292e-01,3.155593483032532176e-01,2.466221553771414110e-01,7.385558474061681977e-01,6.566213338370435748e-01,9.987198677369542033e-01,2.268280299528017685e-01,7.816170051618951398e-01,7.505839042257712590e-01,3.483565715557723763e-02,9.471786064106137992e-01,9.072814785614617961e-01,8.207775557168692782e-01,2.840736854673123757e-01,6.915628147913716051e-01
4.669453024552256415e-01,6.620081318692626615e-01,7.198847885606272090e-01,8.343701309547351119e-01,7.706165830691901197e-01,7.374153480525454940e-01,4.011874459161462458e-01,7.658333193368536129e-01,4.832131803459094876e-01,6.422400834363715116e-01,6.797214690146953231e-01,8.841522891778731408e-01,6.630913104901601240e-01,6.324687756796198990e-01,6.087907211019857323e-01,0.000000000000000000e+00,8.221868880370744037e-01,5.671849719201257356e-01,3.269304831989257032e-01,9.442224580106417520e-01,2.912229029580246098e-01,7.544564035350619369e-01,8.796715389621082570e-01,7.705508659037834107e-01,4.086588243062264647e-01,8.691121712302969371e-01,8.906215007705903242e-01,7.401323328679280111e-01,8.187482732394001095e-02,7.642939925724867578e-01,3.790403382394421095e-01,7.545256518292250414e-01,8.344052310405936090e-01,3.495508904086851443e-01,6.868651764790519865e-01,4.085075101631532313e-01,1.152264062649508425e-01,8.410206988010394680e-01,4.269453376073953921e-01,8.004289716469235039e-01,6.757676570943900174e-01,6.338705288463696297e-01,4.251192646218746596e-01,6.075104943288887061e-01,9.084841112498378557e-01,-6.501175879426554505e-02,6.316724176105215083e-01,9.390063522871527901e-01,4.069222206417171250e-01,4.538307823044852030e-01,6.762453610376627511e-01,9.600132055394329234e-01,6.583163959551296962e-01,6.190261939895690402e-01,3.554461561617471288e-01,6.453451845417128574e-01,7.462817897519320454e-01,9.237169894535337544e-01,4.000890418621094735e-01,1.797189059120706534e-01,2.719698566639004444e-01,8.385033459082169571e-01,4.648084419841864989e-02,8.070617372411841295e-01,7.749404446250476308e-01,3.640148648840196149e-02,6.917983789491541913e-01,3.737570553124006656e-01,6.914866993135775353e-01,7.038139378555886561e-01,6.257220191660918251e-01,4.377232177818917158e-01,6.040420246242879099e-01,1.220667810861496422e-01,6.097890635349304533e-01,5.633463594376042494e-01,1.709537049739252301e-01,7.709448554708673296e-01,5.983547646424324240e-01,5.509653362628277318e-01,8.702511492724740449e-01,9.716749647545498414e-01,8.233257168318968144e-01,7.423404101711689185e-01,4.726054077071427106e-01
8.312567510493202860e-01,8.519266799508489196e-01,5.534031824330623017e-01,3.477178989626001915e-01,8.854860574265409623e-01,8.675300289302099177e-01,9.024651517187389782e-01,8.159876871984571567e-01,9.626414830100554765e-01,6.619143160419798111e-01,9.590013597229759545e-01,9.592662914052079159e-01,9.299233203132900583e-01,9.356754801251652154e-01,9.692946385008895938e-01,8.221868880370744037e-01,0.000000000000000000e+00,4.692400495868798704e-01,6.883717420314501290e-01,7.545199818867094343e-01,7.433664778880073598e-01,8.687933423218809903e-01,6.136319651953558996e-01,8.822577165901791529e-01,7.139971256748464112e-01,5.976011056534218380e-01,9.636003651979554441e-01,6.656630794374425175e-01,5.300197488531368517e-01,4.068192266456588380e-01,6.051139938094771686e-01,3.801139624588235066e-01,6.759912047677951730e-01,6.380104004428360787e-01,9.593910363661680707e-01,6.027522735959487399e-01,3.735871435620715664e-01,6.132319544309009496e-01,9.702220889389951974e-01,8.956442518615075343e-01,5.498370568823640614e-01,9.191462204364106992e-01,7.862971539531447007e-01,7.563727412895853153e-01,9.583583543263736182e-01,8.520037145364618425e-01,7.746642904007765562e-01,9.291617496987641944e-01,7.390248233570912983e-01,8.459796204190823676e-01,4.642458307183875421e-01,8.133217057719472898e-01,5.896073431431836376e-01,9.836537915082818051e-01,7.258461452639546341e-01,4.304836513336717241e-01,7.029954398300573004e-01,7.949368221782864286e-01,9.818016888649784280e-01,6.369804365297028204e-01,2.432663165896851165e-01,9.908638640334684888e-01,7.402317524972379381e-01,9.103777068798039052e-01,8.857681795950936854e-01,3.958646368001012550e-01,7.693542665893442489e-01,5.604499157165463430e-01,6.541944063781333085e-01,6.974900425467669418e-01,8.176768177065516507e-01,6.503942959361981302e-01,2.611454934118946358e-01,7.742716433904895945e-01,9.427902128237199975e-01,6.587388654726196169e-01,7.568729011292023579e-01,8.372813486773896807e-01,4.701800768916480910e-01,5.436991148748205882e-01,6.170609782826890211e-01,6.988098348674288696e-01,6.961849169148528471e-01,6.165178071875108134e-01,7.113485719622594239e-01
9.018088791319136543e-01,8.202689570204906300e-01,8.868661291743943353e-01,5.167300940375978424e-01,5.604554136836266132e-01,6.307821902200847486e-01,5.578970555050268842e-01,1.136261497262298914e-01,8.919132864885612744e-01,4.347099016871759369e-01,9.265693223560416136e-01,8.556600854867232320e-01,6.508872873318748142e-02,5.262166965292467413e-01,4.225568692244646152e-01,5.671849719201257356e-01,4.692400495868798704e-01,0.000000000000000000e+00,7.955833474343523282e-01,8.038501402448910982e-01,9.827610203813894607e-01,2.137309786586715499e-01,9.737473567145926712e-01,6.719998526226478308e-01,3.624590763509593638e-01,9.917881796617635803e-01,8.338946465534790020e-01,7.570749707584237820e-01,5.312542840404915756e-01,4.564553183536690373e-01,3.572508201556587881e-01,4.458553222592626097e-01,9.926104041826214752e-01,7.897999909539274999e-01,8.873637205449347309e-01,5.437755832907698039e-01,6.147044306176429052e-01,8.728302037403263824e-01,8.826313246679514668e-01,6.899893767812150802e-01,5.294416321224798549e-01,5.062685155071918741e-01,7.676744036344296251e-01,8.225760565460971119e-01,6.347323909835845823e-01,6.677119262796799015e-01,2.656338735623397507e-01,1.193297926366695960e-01,6.100120471009957690e-01,7.145784806037904779e-01,4.391945606723173245e-01,4.145588763576731339e-01,7.743577696106498376e-01,8.263226689529069580e-01,6.302554086809019074e-01,5.259072058859668441e-01,8.201894846317041576e-01,3.332060018983059591e-01,9.608375107209637944e-01,6.314764131861352325e-01,6.861260701549591889e-01,5.443819141708851062e-01,5.919580371416992559e-01,4.279658853518168438e-01,8.202235559644809326e-01,8.670302225087743730e-01,6.449024599705482919e-01,9.055125981308813632e-01,6.838390701004668504e-01,4.317764593554786479e-01,8.080030542238434421e-01,6.589691119827576493e-01,9.708393142651751129e-01,3.195936718060058968e-01,9.472392803020164287e-01,6.089217659237391445e-01,9.105582311277716778e-01,5.175944956545630582e-01,3.418173761107873299e-01,6.342261047241475325e-01,9.118915480621543335e-01,8.503837230467887753e-01,3.792723043342505207e-01,8.741414315590918527e-01,4.223008080335966530e-01
