0.000000000000000000e+00,8.520228154625055783e-01,4.289110657913069447e-01,9.051996481034187969e-01,8.604653163164481811e-01,5.766533976706167408e-01,4.215287662991497042e-01,8.975144602502246327e-01,6.175510527184560061e-01,8.981727225580409257e-01,6.822336440759363407e-01,7.027666632626383691e-01,4.887388831228931529e-01,7.723665878141127150e-01,7.629147955957069627e-01,9.427833571932413559e-01,6.981930680483127150e-01,7.865240256482052272e-01,7.676503282560572794e-01,7.954668178307062743e-01,9.854918398689181958e-01,8.222694016313319976e-01,7.882460515149052327e-01,5.443917316693448472e-01,6.550489131318482094e-01,3.344349822367214675e-01,9.126457344797894722e-01,3.619716189180003374e-01,4.803133062570870693e-01,7.795714312452739492e-01,7.678094093829124223e-01,9.188468042654612811e-01,6.661345828822122783e-01,9.793922299104549367e-01,9.004606299704396299e-01,7.604490127525055376e-01,5.766681331445971948e-01,7.229422080321256106e-01,9.786592805019740382e-01,7.294422988185835788e-01,4.762789122503485184e-01,9.043519758875377956e-01,8.173010492952967887e-01,7.578242075462871636e-04,8.303241748780105791e-01,9.549435403408850220e-01,7.620572699097232228e-01,8.403715473655939405e-01,8.457952291092183383e-01,5.438763750025537025e-01,9.197014023294166618e-01,8.434547842773250093e-01,8.903953934088811861e-01,4.494722542730546500e-01,9.256801885771459570e-01,7.138961664371576976e-01,7.048061247120004369e-01,6.130385690504155383e-01,6.865232006071705362e-01,8.524217691393422003e-01,5.924517400672640877e-01,7.136444839851858735e-01,4.319892765015720393e-01,5.658996536683725820e-01,8.303959911166501895e-01,9.678487849395923659e-01,7.676141211633906725e-01,6.954488167455691316e-01,6.163579939153810416e-01,6.092002043396528288e-01,8.156226471064614847e-01,8.152980829830951404e-01,6.637807014241096093e-01,8.623030867161434188e-01,8.456450242507622672e-01,9.837756208058396901e-01,9.831605279905424322e-01,9.609403534482280351e-01,3.691679113109194166e-01,1.491307416095163374e-01,8.483731208365139498e-01,9.785682814456596601e-01,7.331843346399874450e-01,2.728722358067570131e-01,9.041726898112637523e-01
8.520228154625055783e-01,0.000000000000000000e+00,8.503066685663756008e-01,9.623244881953467722e-01,6.077081179924429533e-01,9.640267168667300268e-01,6.996119595902539068e-01,9.065054755259521757e-01,5.988159589959619611e-01,7.129896798244890199e-01,2.539255888863022337e-01,7.059657477900813660e-01,5.332984231004288533e-01,8.001474183959267350e-01,6.989633283418700271e-01,6.086296793992678200e-01,1.569742977460407141e-01,9.940434237465515244e-01,5.952019907513657060e-01,8.989704063057690764e-01,9.134376790852993810e-01,2.519019039381143465e-01,5.361169121036279961e-01,9.379804808171984254e-01,4.236757071400323316e-01,9.993480576822084682e-01,5.234957276622741462e-01,6.913399129163527723e-01,4.035323146482662771e-01,7.844688985102865608e-01,-4.271976477419642260e-02,4.058747812689177392e-01,6.936662431260686157e-01,9.915102205103182298e-01,6.797456797664751527e-01,-3.615584241080222472e-01,6.854487867165408588e-01,8.031485701270317801e-01,8.354302337370184128e-01,8.128708046545947141e-01,4.184729699787946844e-01,5.748603890914684156e-01,7.826089613645571541e-01,4.081789564141949378e-01,8.711550448492511034e-01,7.423591525956109161e-01,6.442694582087572508e-01,8.688933786789527769e-01,6.319638562460885289e-01,9.057204538126037985e-01,9.214281073637022867e-01,9.784411075669948721e-01,9.752146074146815780e-01,9.496122413193149869e-01,8.347571029089007055e-01,4.141847269064670156e-01,5.877369272736603367e-01,6.604673104131683070e-01,6.132580422044993096e-01,5.485138654889661902e-01,5.303894843123977410e-01,9.649064144571225521e-01,2.963509054429350198e-01,4.379353216047212616e-01,7.202824687814333160e-01,6.413490049830161688e-01,9.511363062780233690e-01,4.563964408870255229e-01,8.917977035847329814e-01,4.284473864764821172e-01,9.715887529405891065e-01,5.535789714116691185e-01,-5.488320459577014643e-02,9.165842614031430857e-01,6.407770974805739872e-01,3.709937885202330143e-01,7.645974380871140008e-01,6.015582675706602211e-01,4.390598562833462615e-01,4.641155041453515206e-02,8.837754233281228666e-01,8.772438201274244118e-01,5.770345512853178871e-01,1.605991462423752292e-01,4.322859308676161860e-01
4.289110657913069447e-01,8.503066685663756008e-01,0.000000000000000000e+00,9.847082398697811767e-01,3.287011174304251826e-01,6.391457052566745789e-01,9.801404677835854340e-01,8.281087223455990687e-01,6.760833852096332919e-01,9.354100279290717967e-01,9.658750519477364849e-01,8.028061690632417591e-01,9.373543755368202168e-01,8.351701192391302042e-01,8.237869165125679682e-01,9.309370643262963041e-01,7.200436815704911453e-01,8.509254728992249328e-01,6.456496379783895900e-01,6.191505829307953901e-01,9.501142496198822229e-01,5.597365590755973841e-01,9.971719644270558014e-01,9.508161107558017466e-01,9.400287182568666244e-01,8.671063026001932794e-01,7.054459606621246159e-01,1.351393099704890077e-01,6.510886949661294221e-01,7.483811126297391647e-01,2.229989628872848240e-01,9.697962311820688130e-01,9.830647400233090138e-01,8.667101962834459217e-01,7.788853355836591330e-01,2.254922836687200671e-01,8.966330610373244303e-01,2.636019984992193921e-01,7.447639597416350066e-01,8.623450935917146287e-01,1.249397169168776078e-01,6.957681997159381737e-01,8.766588044143690528e-01,9.296932349506330517e-01,8.322564143686581595e-01,4.279898807612075862e-01,8.927597131103498507e-01,7.640686352222990640e-01,5.317237550270712543e-01,7.561887376932745486e-01,9.539324676948086612e-01,8.792788152482727826e-01,8.495105672815830289e-01,6.898584208258879968e-01,7.111919143508151908e-01,5.604588374077994484e-01,9.606882311427047405e-01,8.653541900790112651e-01,8.488207937126733826e-01,9.393516599775861842e-01,5.927552344356855629e-01,8.789490186117286941e-01,6.350553302925947552e-01,5.970188439112004142e-01,8.886688907408121230e-01,4.194936577694552415e-02,4.082370481019753083e-01,7.687953376416666318e-01,7.375033427985719925e-01,5.316694059892230761e-01,7.999810509658482616e-01,9.454468791829204743e-01,2.750197167208324744e-01,5.877755937903215155e-01,8.729871384326717276e-01,7.924159727014681298e-01,9.012878971537654493e-01,8.469264380915401125e-01,3.985475209711057398e-01,3.032171310265142639e-01,9.335316330226611781e-01,6.396899669791626941e-01,9.580605725303023013e-01,7.875504204046862577e-01,8.277639469341196987e-01
9.051996481034187969e-01,9.623244881953467722e-01,9.847082398697811767e-01,0.000000000000000000e+00,9.484557199182708231e-01,7.450164250560484813e-01,6.211013886025876785e-01,8.039457991678273796e-01,8.695308544444678711e-01,8.869132199919950166e-01,6.758090505658466141e-01,3.902025211823463846e-01,8.307636966884621721e-01,7.137301302816085879e-01,5.560138696013883219e-01,7.246745262307281443e-01,6.021165571107851555e-01,8.226519487221429783e-01,6.004615244004050112e-01,7.336843314348324707e-01,7.580776338293695460e-01,6.108772617558991813e-01,6.487891387183584158e-01,9.176627413983475812e-01,7.761853785171043407e-01,6.939028350163573000e-01,8.384138749018082981e-01,8.625318441471770958e-01,3.798696382097838664e-01,7.121439912707825393e-01,4.719156052009072788e-02,9.583828241479339649e-01,2.452289178456409091e-01,5.705719076298044756e-01,7.632642430373091091e-01,4.496271952496195268e-01,3.447838559165070649e-01,6.347040726994555015e-01,8.114168677064252932e-01,7.273335201862226596e-01,6.489258138539784060e-01,9.758712125202353427e-01,7.895215946882805369e-01,8.665953249886320098e-01,7.287238470544330493e-01,7.861437193969844639e-01,6.248593193047905503e-01,6.632936968036853287e-01,8.346235074649870356e-01,3.426529981732957530e-01,9.234768540290279049e-01,9.384387806645432262e-01,9.008744149749804420e-01,8.842474917347390440e-01,8.179471129892105230e-01,5.227069832175181840e-01,8.148743703908478686e-01,5.822574570370067093e-01,7.477222401171169652e-01,4.748213493617606251e-01,4.751008225602970647e-01,5.850491290902912755e-01,8.778717891185922051e-01,7.058530007369048231e-01,9.037088174433236532e-01,9.529489028708889586e-01,3.906347895010725546e-01,9.099757903588507890e-01,6.957892146699083957e-01,8.998997003329602951e-01,6.805865635882535347e-01,6.501481236963467802e-01,3.655873285006820961e-01,6.742629465014827739e-01,6.438557514391812786e-01,4.216735926609508356e-01,2.842764922651878079e-01,8.508930055116363800e-01,2.937692968892670065e-01,5.232367239369706269e-01,6.156149061196257710e-01,5.579188156652082897e-01,2.306157419271457065e-01,6.954684590876482053e-01,5.723441811611651442e-01
8.604653163164481811e-01,6.077081179924429533e-01,3.287011174304251826e-01,9.484557199182708231e-01,0.000000000000000000e+00,6.487118133020148836e-01,5.497135080951969233e-01,6.519822406386217573e-01,8.905223499007907106e-01,8.606763601231536276e-01,4.204140326084303547e-01,9.192342175869636645e-01,3.294946664579353479e-01,9.316450364453588984e-01,7.893019932331242217e-01,9.481479858497564583e-01,8.307183692700845778e-01,8.091993741902930859e-01,7.496368414871403818e-01,4.891114448244950341e-01,9.747672430951332956e-01,8.051750151056676907e-01,6.727429165392279087e-01,9.758242831864667455e-01,3.804594075079581472e-01,9.064716953837674840e-01,8.513317101520451180e-01,6.590319489147269394e-01,4.987055066254807434e-01,1.577013818732566075e-01,3.967541487606653927e-01,4.900827947465355439e-01,7.543288172412417891e-01,8.225029684349191017e-01,7.531210077534652436e-01,2.046788920481428242e-01,1.859659844079936675e-01,2.874924712273265945e-02,9.477614693424643022e-01,9.932976515285740771e-01,2.019151233641738874e-01,9.076111850992657493e-01,8.886851622030252917e-01,9.019703505341724048e-01,4.979278504592168364e-01,8.602105744372989804e-01,9.464117187482516957e-01,9.601680494573138214e-01,7.795628894393177299e-01,4.684886905474422436e-01,6.932982988667698576e-01,7.078663921511182400e-01,8.956060369463976212e-01,3.409726353194760806e-01,9.530971980849793912e-01,3.411968891537431325e-01,8.732239581448696386e-01,7.817390208330259327e-01,8.918935205661782106e-01,3.744220735201847505e-01,-1.485664556069120346e-01,7.486418634990078536e-01,7.120355063751270253e-01,8.417074376970997696e-01,9.737734014234221691e-01,4.544042777803005140e-01,7.971247805410404119e-01,9.151380166387318438e-01,2.006144783170995816e-01,5.022496767685095120e-01,4.864583610798464131e-01,6.037743765368703830e-01,9.198973577223622522e-01,5.227673712080103119e-01,6.591526647766244862e-01,9.614569594402632147e-01,8.461795601921857923e-02,7.627046550745334441e-01,3.785656829045622729e-01,1.577324313839612024e-02,4.217884381692248441e-01,6.080008604506804692e-01,9.070827144779720630e-01,3.273139449599332673e-01,5.043812090910785306e-01
5.766533976706167408e-01,9.640267168667300268e-01,6.391457052566745789e-01,7.450164250560484813e-01,6.487118133020148836e-01,0.000000000000000000e+00,-7.099933742443775841e-02,5.256742138005549014e-01,7.231976960740821303e-01,9.140278464891111732e-01,3.293285605429216445e-01,7.946785672828842184e-01,6.804650299855089512e-01,7.465039876577991285e-01,8.633032247822095551e-01,5.444012179727784062e-01,9.037369447807945821e-01,9.726044512466424097e-01,6.591682360162470777e-01,9.698044363139896040e-01,8.234398462103742489e-01,6.248023365132413520e-01,6.176322031444846372e-01,4.446891560292063339e-01,5.850283724987556111e-01,9.111713607619155164e-01,8.052612242315952962e-01,4.614479093747870797e-01,-7.472132814930934619e-02,1.380902903981436891e-01,6.720481728364562091e-02,8.690849362664423428e-01,5.785923744518366441e-01,4.803261631029150380e-01,7.491462218778756066e-01,3.120354439854028938e-01,3.593656643282843177e-01,6.152616573107357878e-01,8.686185201025059532e-01,3.560889679532099894e-01,6.036055075127420011e-01,3.487130727794387486e-01,8.641917820980026255e-01,8.002868335033882508e-01,7.875476211109864177e-01,9.246458564324090412e-01,4.303573172656989243e-01,7.245290789156584310e-01,1.609936142299271955e-01,6.376262134184392805e-01,6.165987953237872521e-01,7.742407156590398465e-01,4.549536887449595057e-01,6.214178180176430644e-01,7.423226127362272386e-01,2.078632840389564307e-01,6.752800943797442335e-01,5.170497587763549507e-01,8.035000277475791153e-01,2.224910540713895962e-02,4.576075217659666960e-01,6.725919962395416896e-01,7.850826709415182902e-01,5.960403071027460253e-01,6.640989272716455449e-01,9.467858396894418549e-01,2.121147237290446075e-01,7.723351870078465353e-01,7.550193514116624316e-01,7.889969039699823439e-01,7.711749596875534518e-01,4.563316356785152572e-01,2.900859991001264460e-01,4.073179247148053239e-01,5.229490526175535337e-01,9.760380070239530470e-01,4.090895933975605137e-01,5.090480950534822524e-01,6.423686609107234213e-01,-1.110488268022080116e-01,4.111638530313969642e-01,8.158521005313275065e-01,6.182444098331868476e-01,3.784507841570487474e-01,5.647354513965956446e-01
4.215287662991497042e-01,6.996119595902539068e-01,9.801404677835854340e-01,6.211013886025876785e-01,5.497135080951969233e-01,-7.099933742443775841e-02,0.000000000000000000e+00,2.790811691867723932e-01,6.853222123700595247e-01,4.555201498011040573e-01,5.939915473849594063e-01,7.790225461020729991e-01,6.645236312543593149e-01,7.460811825342006376e-01,7.847567997397246753e-01,4.202961639235713309e-01,7.382502207760304191e-01,7.781472528035889846e-01,2.487175477946747537e-01,6.750125485624712818e-01,8.628404845119661548e-01,3.977985101871611695e-01,7.933542902975869726e-01,9.514710302674024289e-01,5.757413920157110621e-01,6.288878991094049020e-01,6.087633572959866290e-01,5.239606382191553946e-01,5.648198587975169493e-01,2.510804081614607108e-01,-1.755298391995080143e-01,6.498597460068735732e-01,3.402707638501977216e-01,2.409276107802345857e-01,5.752654719993381960e-01,5.187555004661545954e-01,5.778269603823206202e-01,5.168667482066722219e-01,9.263689700494748269e-01,3.698049121985326759e-01,8.601928092444178775e-01,3.306394064761390417e-01,9.651252226170553561e-01,4.083518045579755396e-01,8.184328361239840977e-01,4.620109634916228503e-01,4.108666951695921221e-01,4.664568528883396570e-01,7.502679042785250774e-01,4.233924771556933919e-01,5.767935441698432975e-01,2.785340152956444215e-01,9.828753561993930354e-01,5.154611620548190665e-01,7.960057192956463412e-01,5.459734665262957476e-01,2.023761601311170333e-01,6.791149312924379400e-01,8.419422720095268708e-01,2.640852442459511451e-01,2.345358719921148694e-01,5.487168464609806229e-01,9.198195790982636177e-01,8.124130006886634003e-01,9.126857394648831834e-01,6.091036841485540920e-01,6.773099425409412344e-01,8.040289232699011635e-01,7.794375673213347344e-01,6.224508538693784843e-01,9.846059363450112567e-01,7.366054860542996519e-01,3.247739286835702455e-01,3.777487207112213419e-01,4.391586202525773475e-01,2.904569087306194675e-01,7.296191265944802495e-01,9.762141888917170718e-01,4.349922382028930112e-01,4.639910515918147516e-01,4.947637646389234090e-01,8.945927286276720292e-01,8.171035385262718220e-01,6.854288941977300098e-01,1.888769965098662518e-01
8.975144602502246327e-01,9.065054755259521757e-01,8.281087223455990687e-01,8.039457991678273796e-01,6.519822406386217573e-01,5.256742138005549014e-01,2.790811691867723932e-01,0.000000000000000000e+00,7.086080485473967849e-01,5.938989713092230893e-01,1.871345454871608249e-01,6.723746254150887447e-01,9.359968635983494378e-01,8.563108339351541698e-01,9.754721265937302821e-01,9.595429476702892480e-01,8.258534009676251619e-01,7.580845248243808232e-01,4.225966396591223084e-01,8.518176814678095621e-01,7.524598772485907583e-01,6.276033494615471664e-01,6.277093726245486227e-01,8.458423684652289776e-01,5.349267639002138752e-01,6.482757543627474250e-01,3.589366984947235384e-01,5.312741204538877771e-01,4.547193333490578415e-01,3.485355648657525451e-01,3.186935721218762257e-02,7.970542305882777345e-01,7.843538603506911011e-01,7.305521122116306332e-01,6.402283078197694710e-01,2.771594164982073005e-01,3.747956472855875631e-01,6.543105161136663073e-01,6.559707783428098127e-01,4.693454490185841044e-01,4.574301473955447728e-01,6.721647997033319832e-01,9.358297438428474502e-01,5.677015267663023668e-01,8.121554719689640933e-01,9.285276247385705339e-01,6.697723399569355252e-01,5.372932291963297136e-01,5.938136582666784236e-01,7.204871539727913943e-01,6.155739839015799131e-01,8.172253286523840643e-01,2.125887175121065620e-01,4.336141773755241569e-01,8.527080329985681217e-01,8.006035267155912072e-01,4.794594205831227973e-01,6.368461954464711416e-01,8.208176943952923965e-01,3.165038802231289750e-01,6.529095467811788511e-01,8.198306095840091068e-02,7.780912797764396593e-01,6.423446617939951864e-01,7.266931877190403455e-01,7.512440271284334115e-01,1.231465839808798396e-01,8.746431493985402650e-01,6.513364592243953144e-01,6.983440192192826856e-01,7.536340744740800401e-01,1.641608316078285723e-01,7.394174416965741958e-01,6.060903851909494877e-01,6.360946703749914555e-01,7.928655901195285072e-01,5.143226910381994976e-01,7.004876156739278104e-01,4.151668002073810038e-01,3.289337606045987794e-01,7.062897419377863750e-01,8.182932812684089452e-01,9.845221664416613505e-01,6.695055540401908534e-01,8.128461407899670865e-01
6.175510527184560061e-01,5.988159589959619611e-01,6.760833852096332919e-01,8.695308544444678711e-01,8.905223499007907106e-01,7.231976960740821303e-01,6.853222123700595247e-01,7.086080485473967849e-01,0.000000000000000000e+00,8.360141922594250818e-01,5.069194449549628834e-01,2.950172704181989736e-01,7.401634554929139576e-01,9.464879610754061146e-01,7.364106487093786679e-01,9.158148473930060041e-01,-7.141603454116365879e-02,4.149235690878909644e-01,4.972641380129456112e-01,6.780121724351743095e-01,9.549433411478951417e-01,5.924429057956536182e-01,7.011304091231628233e-01,8.515738594998960576e-01,7.729036814048906301e-01,7.124355395944660385e-01,7.739504206800130737e-01,6.884185367398474309e-01,2.696490858260446322e-01,4.626694321961741241e-01,1.278216313719645336e-01,-3.633801386106736420e-01,6.264087094779532405e-01,9.606169509866602230e-01,7.351510067011920446e-01,6.187696222401039003e-01,2.325091206407138011e-01,5.344205536678281465e-01,3.146948076505843295e-01,4.586563742800111587e-01,1.292619199129100005e-01,7.818694279235316458e-01,7.208570362607453763e-01,9.970274171123584273e-01,8.381001401508482163e-01,8.365911009853990166e-01,7.122067115495582801e-01,7.089612334913298897e-01,-1.460540215423088706e-01,7.698655277551947895e-01,7.486689564079360704e-01,2.879929641003037277e-01,1.811921745432749087e-01,7.900202885355493976e-01,4.530477562490262122e-01,2.501550299757155926e-01,7.155589972710765245e-01,6.774110972507774164e-01,6.348608322045274921e-01,1.401228890924879344e-01,1.167791583904619901e-01,8.542179420906650389e-01,4.136899524942994621e-01,7.361294373416399361e-01,7.161626123325808280e-01,6.098174173547211696e-01,8.086979268820687627e-01,9.038005233987093101e-01,6.618880445578012583e-01,4.773280523168876299e-01,8.472035572862863795e-01,4.203659969824781184e-01,4.176218782314632949e-01,4.073590653307356257e-01,9.524110820329447780e-01,4.644272443467795108e-01,8.881031239397881860e-01,1.182199631485911645e-01,5.164667307993672241e-01,6.024300773326715097e-01,8.329626385491964990e-01,5.716278682522500931e-01,7.079960325739131921e-01,7.424800691145801990e-01,6.871196626299753696e-01
8.981727225580409257e-01,7.129896798244890199e-01,9.354100279290717967e-01,8.869132199919950166e-01,8.606763601231536276e-01,9.140278464891111732e-01,4.555201498011040573e-01,5.938989713092230893e-01,8.360141922594250818e-01,0.000000000000000000e+00,7.763950530816288165e-01,3.161626843461747827e-01,6.515218512151125241e-01,9.645846995810639646e-01,6.646383781869044105e-01,6.259833828228462682e-01,3.989860957634723260e-01,7.609024796952856828e-01,7.649778895392573830e-01,6.732539401366373077e-01,9.410949091986535731e-01,4.932583467781272435e-01,9.692422434227162542e-01,5.013664363029890492e-01,5.410896975533662223e-01,7.254146930598781573e-01,6.776253744822210434e-01,6.008865609478369896e-01,3.546701095899922329e-01,3.340546496790667286e-01,4.479646768383070410e-01,6.637131431009388738e-01,9.201640583247652216e-01,4.370249219543304586e-01,4.386531697526698803e-01,7.323848897041230765e-01,1.707481568247622705e-01,5.110665788021389044e-01,7.355582536170527375e-01,6.662823343641843810e-01,3.330422564593912282e-01,7.883804277200160415e-01,4.279168552540801862e-02,9.121138378584434658e-01,9.704430116682257745e-01,9.810907773077931493e-01,7.893116995342790432e-01,9.427163053046869745e-01,6.692627387776396430e-01,1.936223676129369409e-01,9.430922365878713354e-01,7.255514248383910791e-01,2.233789066485907804e-01,4.232368066046076627e-01,9.933354111299039779e-01,6.938432859373158124e-01,6.084726282403325470e-01,5.752528326487771348e-01,9.866213887315808950e-01,5.752351726065658699e-01,5.788717434789711902e-01,5.873571181396369800e-01,9.341648258507710967e-01,4.249817860439646378e-01,8.064901939418035459e-01,4.243226019421579842e-01,4.787707983992534055e-01,8.252239871610951294e-01,6.660161694084839601e-01,7.291488878572445209e-01,6.509740189790433895e-01,7.895477816846325769e-01,8.826902665039647600e-01,9.781829643752898429e-01,8.643433349368598861e-01,6.251400072207843328e-01,9.881223255323154930e-01,5.699864101980316455e-01,5.358378440205442406e-01,2.958892919753043360e-01,6.789973963848039418e-01,9.802885520871427172e-01,6.497024409671889877e-01,6.443151212378408488e-01,2.739763958102512387e-01
6.822336440759363407e-01,2.539255888863022337e-01,9.658750519477364849e-01,6.758090505658466141e-01,4.204140326084303547e-01,3.293285605429216445e-01,5.939915473849594063e-01,1.871345454871608249e-01,5.069194449549628834e-01,7.763950530816288165e-01,0.000000000000000000e+00,9.819269793280113179e-01,9.827686762869258796e-01,5.205174745802884084e-01,2.813528220794805912e-01,9.896265065253558868e-01,9.793920641731966859e-01,6.707301611546243603e-01,7.929945442664390054e-01,8.213279006427924855e-01,6.688958251359454765e-01,9.020711292052743246e-01,4.147514531218119416e-01,9.634212160815991410e-01,6.531216877384227182e-01,6.518560491914865418e-01,8.958586048574211924e-01,8.213660905093614906e-01,7.014822459052283410e-01,5.366886891060154152e-01,-4.120300088414549644e-02,3.537337208946607081e-01,8.011369523352285249e-01,6.144973105176041450e-01,8.322970413031348658e-01,1.364859368089668679e-01,2.208642324576348126e-01,8.612523566877533510e-01,9.284341203715686941e-01,8.245428200303520638e-01,-1.578793875696685167e-01,5.689021630297315113e-01,9.262533528397063343e-01,9.916699311853154342e-01,9.924754898663226133e-01,8.448079264406226363e-01,3.540090754984136501e-01,4.744789569225515979e-01,7.118511450827142983e-01,-6.830168161220687151e-02,8.252142733749386894e-01,9.266054916359233173e-01,4.736434859852831636e-01,4.581258567844362362e-01,8.200748890691945681e-01,4.200660261196771383e-01,7.799603701049605542e-01,5.701602767706313024e-01,1.970074764323187233e-01,6.204299818603460359e-01,7.764459837652680774e-01,7.406521607553825381e-01,3.241181188058198104e-01,8.574810170464568504e-01,7.298421364092234631e-01,7.262449124696322977e-01,9.518497176844966656e-01,8.629264215982858088e-01,6.074108663957922261e-01,4.661032363627976016e-01,8.157419175566514857e-01,8.718809201933834796e-01,6.611473427400824665e-01,5.215172694873781989e-01,7.658936609411738372e-01,7.220025165285602897e-01,6.763508856527531421e-01,5.412372807390875007e-01,6.397270857240988651e-01,5.174992755690669410e-01,8.284568005067899366e-01,8.916377424634986948e-01,6.566201779966306384e-01,5.623343119311547955e-01,5.738179674092995786e-01
7.027666632626383691e-01,7.059657477900813660e-01,8.028061690632417591e-01,3.902025211823463846e-01,9.192342175869636645e-01,7.946785672828842184e-01,7.790225461020729991e-01,6.723746254150887447e-01,2.950172704181989736e-01,3.161626843461747827e-01,9.819269793280113179e-01,0.000000000000000000e+00,9.480735901650204633e-01,5.565919754345534098e-01,7.233051600857176577e-01,2.251980895601794486e-01,7.720552937490146039e-01,6.195090324854123365e-01,8.233750886060264840e-01,8.396295992713821432e-01,9.984322705855221969e-01,9.854227013613255926e-01,7.993838744702495003e-01,8.673393312962661694e-01,7.684319139815189992e-01,7.961875072245255813e-01,7.181314416802416778e-01,8.698621611732970660e-01,2.092666183366749533e-01,7.016159162163171370e-01,6.588204678182023322e-02,5.486678624023805240e-01,8.298911411297339447e-01,7.417453279022497847e-01,6.535897180802423545e-01,6.735076102508339435e-01,6.203336745993397461e-01,4.965846719632615591e-01,8.122632122971408242e-01,1.684827757961779582e-01,4.345741574097937709e-01,4.080617855443408049e-01,8.073466823477343235e-01,9.428144243681263470e-01,7.897896114127767042e-01,7.105463534195565201e-01,4.625596631114831103e-01,6.634067268701764331e-01,7.917800990424416208e-01,7.169512545719611829e-01,7.250728804016686180e-01,6.235859965319451304e-01,-8.995720101539618485e-02,6.526378135788751811e-01,8.479466427508961512e-01,8.634425474863676175e-01,7.633463758995990833e-01,4.993987730833121530e-01,7.471681541230933421e-01,5.986776009296732592e-01,3.541423654865917259e-01,7.777465304295121395e-01,6.406823447363524382e-01,6.683622874983888851e-01,9.475392721368358639e-01,6.090574857542555565e-01,7.047130271871934193e-01,6.857896913458345622e-01,-8.966175626424301159e-02,6.007000723082650540e-01,9.816995602525645515e-01,7.385973930369962859e-02,7.699414970753001297e-01,4.047275001594218824e-01,8.814789199178416634e-01,6.666351453002059557e-01,6.136477937888878964e-01,3.473719695816611663e-01,5.693342693926883857e-01,3.095798135628437531e-01,9.981085346519109613e-01,7.092818859259163444e-01,9.180819589817811321e-01,2.520804762514379793e-01,4.879662895113428545e-01
4.887388831228931529e-01,5.332984231004288533e-01,9.373543755368202168e-01,8.307636966884621721e-01,3.294946664579353479e-01,6.804650299855089512e-01,6.645236312543593149e-01,9.359968635983494378e-01,7.401634554929139576e-01,6.515218512151125241e-01,9.827686762869258796e-01,9.480735901650204633e-01,0.000000000000000000e+00,9.424731894568098012e-01,8.345014407277254742e-01,8.427788695801575747e-01,8.003950686402352410e-01,6.196015020847911448e-01,8.051413168549810262e-01,6.164405798665425484e-01,9.573179183534991088e-01,9.924663593840958864e-01,2.826893411689960223e-01,7.589180101941305212e-01,6.615563185107022903e-01,9.894672241193298579e-01,8.781083844437351793e-01,6.561218751025679197e-01,7.648177834405023301e-01,4.796507778694569235e-01,2.313903461920779614e-01,7.390225127650545955e-01,9.647278898328396357e-01,9.860722478304171368e-01,6.591578994506887001e-01,5.191735694674377566e-01,2.499712820352526788e-01,7.505462762384975672e-01,8.460830271203962916e-01,7.229156242430707646e-01,6.328844135873160637e-01,9.663081615424476967e-01,6.794174752937468531e-01,8.699045000873952826e-01,9.555264317180501843e-01,8.328392050168743621e-01,7.509514043327236710e-01,8.862830121473422862e-01,6.174345012193066529e-01,9.498442446204387046e-01,7.353688858047893184e-01,6.836267616446194406e-01,8.607378773655008919e-01,9.692226377615081878e-01,8.378862127502203494e-01,8.472451312436515281e-01,9.922176456639879571e-01,4.177574390385032643e-01,3.988675725046566534e-01,2.882886309857665696e-01,3.401317897976303684e-01,7.301635127673411496e-01,9.391771927281074017e-01,7.540973580786758390e-01,8.286395218660801421e-01,5.012194339968144563e-01,3.198667840533362533e-02,5.861801726167525928e-01,6.685341910437458957e-01,5.097381564431585632e-01,5.240420148643003539e-01,7.512747931547871794e-01,3.007118114849633428e-01,6.871053296221797391e-01,6.080077800649134057e-01,4.511721775528344525e-01,9.678430510311052393e-01,5.950945717194333628e-01,8.160104199656929014e-01,4.519270511756622866e-01,7.612949115727736249e-01,8.825995373980816128e-01,6.738765931885539739e-01,2.589368485331933201e-01,4.098405331604362267e-01
7.723665878141127150e-01,8.001474183959267350e-01,8.351701192391302042e-01,7.137301302816085879e-01,9.316450364453588984e-01,7.465039876577991285e-01,7.460811825342006376e-01,8.563108339351541698e-01,9.464879610754061146e-01,9.645846995810639646e-01,5.205174745802884084e-01,5.565919754345534098e-01,9.424731894568098012e-01,0.000000000000000000e+00,2.631455161884032057e-01,8.411200876032217666e-01,9.730704850642164505e-01,7.598644328196459963e-01,6.728592194328482101e-01,8.197286228819095077e-01,8.249903808506009462e-01,3.647836312294723271e-01,6.839636501332551077e-01,9.450126589110777742e-01,6.500452036413012502e-01,7.020460581651841725e-01,2.272517217668214295e-01,8.482329952847056376e-01,5.086764846677862550e-01,9.857008288064278423e-01,5.359585447983802320e-01,6.342083752224019211e-01,5.311592052326093993e-01,7.557651501745193956e-01,6.002145870879325162e-01,4.059962812100205709e-01,7.540474254911049279e-01,6.382799538290861996e-01,7.622577774519679883e-01,1.723990142609639342e-01,2.469114494502031021e-01,8.388622064511749299e-01,7.800799829645516104e-01,7.055520090570268632e-01,9.304360324714634478e-01,1.332071187278891788e-01,6.277599590460939405e-01,5.487257170737953604e-01,4.572414145908217931e-01,8.459724309916089036e-01,7.204690535821633990e-01,1.962719351450330496e-01,4.696441383555515214e-01,8.638931006398007373e-01,5.089411626390443200e-01,8.657633662914920869e-01,7.358016458158277429e-01,4.216671923228883512e-01,6.220212414904140452e-01,6.764072008124788482e-01,3.817865297738910479e-01,8.283235342610363316e-01,5.759165734235185408e-01,8.167727292940124562e-01,6.511412356643245802e-01,9.079401667549216182e-01,7.347341925226761328e-01,7.693177773363717442e-01,4.880139693320421079e-01,2.754489368295362506e-01,7.943517091887877246e-01,7.103824062615557988e-01,5.975406158140610380e-01,4.119559400225306089e-01,6.470626792617018008e-01,9.203971609710668300e-01,8.067315947344907423e-01,4.068746739628992803e-01,2.506415162923321116e-01,3.533067233100991023e-01,4.246680306956662765e-02,6.752509522813111564e-01,6.136326693250233610e-01,7.108098875835569541e-02,6.897536927806452445e-01
7.629147955957069627e-01,6.989633283418700271e-01,8.237869165125679682e-01,5.560138696013883219e-01,7.893019932331242217e-01,8.633032247822095551e-01,7.847567997397246753e-01,9.754721265937302821e-01,7.364106487093786679e-01,6.646383781869044105e-01,2.813528220794805912e-01,7.233051600857176577e-01,8.345014407277254742e-01,2.631455161884032057e-01,0.000000000000000000e+00,4.437458184412391149e-01,9.567438106707325529e-01,3.459330913489389037e-01,7.672816843793940356e-01,9.028170375912246692e-01,1.527275064481080635e-01,8.023463432342800017e-01,7.657287057155488519e-01,8.841340523732083012e-01,4.844506939114550659e-01,9.946568655074712328e-01,8.576201605505446857e-01,7.493074387747205023e-01,4.839086680370195404e-01,3.895838026518756436e-01,3.445490259682987277e-01,8.276019767556587192e-01,7.124355260478185681e-01,6.644118211224248061e-01,7.459204282137232855e-01,2.509475698694498269e-01,2.823988968811655953e-01,6.720931921427355515e-01,9.272075404123775177e-01,4.556503726593788550e-01,5.021119356822066893e-01,7.064339611894362436e-01,8.566635208439716820e-01,7.979671560150273235e-01,6.222731838229105250e-01,5.830983253866572902e-01,7.359378241985229385e-01,7.496405021798242529e-01,7.081998261975341880e-01,7.605857931479766965e-01,4.130784508103843011e-01,6.706726385239998312e-01,7.328725949167427256e-01,6.974035673288091486e-01,5.514684657178832161e-01,9.767709916088959110e-01,7.952852544838475701e-01,7.064108329800927732e-01,7.165238771074049495e-01,4.077073855974441274e-01,2.116302290273940900e-01,5.134865437815921974e-01,6.135996986726364177e-01,7.131685437149827278e-01,8.752392070639293253e-01,9.551813468841359178e-01,6.251377443996615213e-01,8.234189924072708999e-01,3.075192264764082806e-01,5.913565305662566995e-01,8.370212694993286462e-01,9.184017118397193036e-01,6.212443104318381426e-01,7.897892482113604284e-01,6.543403400277354454e-01,8.526870066777532120e-01,9.199039667527113551e-01,3.222125045785143027e-01,4.074210867208164499e-01,3.375497385068771949e-01,7.775349271101721360e-01,9.642346774081442806e-01,9.676366465637938896e-01,4.018147224292847874e-01,8.955604230416561728e-01
9.427833571932413559e-01,6.086296793992678200e-01,9.309370643262963041e-01,7.246745262307281443e-01,9.481479858497564583e-01,5.444012179727784062e-01,4.202961639235713309e-01,9.595429476702892480e-01,9.158148473930060041e-01,6.259833828228462682e-01,9.896265065253558868e-01,2.251980895601794486e-01,8.427788695801575747e-01,8.411200876032217666e-01,4.437458184412391149e-01,0.000000000000000000e+00,4.094103106882177601e-01,5.569870253276458794e-01,9.334855023940121788e-01,6.892219948929440010e-01,8.123469760621405689e-01,4.817063138391156629e-01,6.159143611817745612e-01,8.787833622284205726e-01,5.375257500187358151e-01,8.957237710586147816e-01,8.189839557750393517e-01,7.952131160180559988e-01,7.059361617579924530e-01,7.177913450676035589e-01,2.222217050799209226e-01,6.425342026743866564e-01,8.587891998957454254e-01,6.888394987523736024e-01,5.102199893149848009e-01,7.018998822009713257e-01,1.344896121669058864e-01,8.612561717313901299e-01,6.912552598466875642e-01,6.163282324243231081e-01,3.762725500368582221e-01,9.629845711836855227e-01,8.680319293697211780e-01,6.159083392949148417e-01,6.923153457818211898e-01,6.112637554555877539e-01,7.601507994681160341e-01,7.661986786158874185e-01,7.874321812928057884e-01,7.880034511855690260e-01,3.894609486729496139e-01,-9.335223737717672499e-02,6.592657974594988701e-01,7.017974558591499878e-01,6.029986970459121354e-01,7.538298930381766016e-01,2.021162799634036999e-01,6.376707063507599527e-01,6.175664241172554858e-01,8.689776054438391739e-01,-3.223836304265506603e-02,6.216698086003061841e-01,6.553989881765074355e-01,5.961537318617253778e-01,9.563623526851700030e-01,9.653365116815735281e-01,7.575666798372084898e-01,9.690053664323996507e-01,2.756891136785917795e-01,8.414721435304022279e-01,5.678534647898743071e-01,6.721719349725052695e-01,5.757873183093964453e-01,5.561164726182197260e-01,5.490871233853711342e-01,6.843876364568071136e-01,4.222171939138176788e-01,8.829205045509913585e-01,7.186226871514433956e-01,6.355535092115334184e-01,4.267248528724019718e-01,6.723012263358776330e-01,6.376431214661087976e-01,5.689683142681305483e-01,8.077512000981316165e-01
6.981930680483127150e-01,1.569742977460407141e-01,7.200436815704911453e-01,6.021165571107851555e-01,8.307183692700845778e-01,9.037369447807945821e-01,7.382502207760304191e-01,8.258534009676251619e-01,-7.141603454116365879e-02,3.989860957634723260e-01,9.793920641731966859e-01,7.720552937490146039e-01,8.003950686402352410e-01,9.730704850642164505e-01,9.567438106707325529e-01,4.094103106882177601e-01,0.000000000000000000e+00,9.894920433955356476e-01,8.450214108446999495e-01,9.819325996067872486e-01,8.241886779617317860e-01,7.662150126349658308e-01,9.453791620645500826e-01,5.738433396666806630e-01,4.293947617820518259e-01,4.257731019000454697e-01,9.565129683961518525e-01,8.127244003965362618e-01,4.655796989985047096e-01,2.454182221670398734e-01,7.818238746467605083e-01,5.952158250297947539e-01,9.753803851589206708e-01,7.285096488451356933e-01,9.851706165524692915e-01,3.260870261903319189e-01,7.801923647730701905e-01,6.213647874413160688e-01,7.516689221025241174e-01,7.477898212656015620e-01,7.596549313993603558e-01,8.016516007678684552e-01,8.046389590103852907e-01,7.427046570185111829e-01,8.237605034656590997e-01,9.657209551056266106e-01,9.481677852293801667e-01,7.951403194060682189e-01,7.439882150265826333e-01,9.393049012320112690e-01,7.682598669091615928e-01,8.484696833164859786e-01,8.577660334399411779e-01,6.576501793670865847e-01,9.153645787513415844e-01,9.955126413959909382e-01,7.895420283123787408e-01,6.981694934267534958e-01,7.999684088286544981e-01,6.870220287413455473e-01,3.793531814747611586e-01,5.236267776926394335e-01,9.700545159431180897e-01,7.873510986796108391e-01,8.243841315394991875e-01,5.438306967888852927e-01,7.134326903335027614e-01,6.004246852790275923e-01,4.305290086007477202e-01,4.080246311348818822e-02,9.365088136134334107e-01,9.364967948886372406e-01,4.117156151837510492e-01,3.149330362912508563e-01,8.875852820163601109e-01,8.470919491218384945e-01,8.214061929842628729e-01,4.829442574681616640e-01,1.086267203460480890e-01,6.920850452957387766e-01,8.507064661903460667e-01,9.985126973322510091e-01,9.411819565794132814e-01,6.069746407359778440e-01,8.715085459123790290e-01
7.865240256482052272e-01,9.940434237465515244e-01,8.509254728992249328e-01,8.226519487221429783e-01,8.091993741902930859e-01,9.726044512466424097e-01,7.781472528035889846e-01,7.580845248243808232e-01,4.149235690878909644e-01,7.609024796952856828e-01,6.707301611546243603e-01,6.195090324854123365e-01,6.196015020847911448e-01,7.598644328196459963e-01,3.459330913489389037e-01,5.569870253276458794e-01,9.894920433955356476e-01,0.000000000000000000e+00,9.828791869359673194e-01,6.497822190969884115e-01,7.180651464261598171e-01,4.538671617395022007e-01,9.710688195665748701e-01,9.338905278340551286e-01,4.240584688041141304e-01,6.546372638582539372e-01,4.141395437843865546e-01,8.330502649216390276e-01,4.907419142588564376e-01,3.863479175140352995e-01,2.168586003786436012e-01,7.738802035729792639e-01,9.843633084302483294e-01,6.096361810723335273e-01,4.889015934566440791e-01,5.629049609653771213e-01,3.807987906494068042e-01,4.192216797355548530e-01,6.183299403543415229e-01,9.880032120802917373e-01,3.867627379821176881e-01,8.787145073257245365e-01,9.713293264714899511e-01,8.427055797751950017e-01,7.357391438108425996e-01,9.529873140304998547e-01,6.414199178158521697e-01,4.078965460758567918e-01,6.272272356871070320e-01,9.040141102908054727e-01,9.660832700659484074e-01,8.562538185069358265e-01,7.489869722379092210e-01,2.507274099635845022e-01,8.984401036851047406e-01,8.067851361476506833e-01,6.197188098047968774e-01,9.302229677587066092e-01,7.326213123738569699e-01,5.105443264337811149e-01,4.057621722986559654e-01,4.249297222143032515e-01,4.991135577860805750e-01,9.848583237443163663e-01,4.672186357379349286e-01,9.463107888659687550e-01,6.140435118077980370e-01,6.467308202180732657e-01,7.470731725400301393e-01,4.062078611202995515e-01,8.640651215816596009e-01,6.842706451072035900e-01,5.894583036372479379e-01,2.313670931314315837e-01,4.877269643827309431e-01,6.763007033738852591e-01,8.453576291865145809e-01,5.645726418282499548e-01,7.132934656466499712e-01,2.662117735057969448e-01,5.694389864115232402e-01,5.268822460765147930e-01,7.324543309487503429e-01,6.351718980415717031e-01,9.591936074571505433e-01
