0.000000000000000000e+00,5.250328867038088765e-01,8.500053607671413936e-01,4.796139778373353924e-01,5.226752425754319642e-01,8.053716802859129942e-01,9.978775265826984597e-01,2.194051648527320930e-01,3.586848250288734441e-01,9.465200700688866098e-01,9.715814239744303693e-01,2.154145184069184427e-01,9.648152388448626438e-01,7.125031383927039608e-01,7.357044264845740145e-01,8.747090729595849989e-01,7.532718631451912339e-02,2.472736742499688223e-01,8.149228656043956409e-01,8.644365897773338414e-01,7.300951078330940591e-01,8.436308222507349353e-01,7.752664102787092393e-01,6.999528503168078730e-01,7.192023276525634223e-01,7.791167332424433489e-01,4.860838812941644660e-01,9.658661323323929349e-01,6.494376224304111433e-01,3.247041142421732696e-01,6.169276501028405635e-01,5.151932011100256448e-01,8.912510323955418201e-01,4.371343124128420632e-01,8.584042518000621902e-01,5.282225290065110102e-01,3.906567211028888487e-01,9.528097472789325284e-01,6.838347432567321027e-01,8.279079270721672046e-01,5.842259684549030441e-01,9.331627169721414816e-01,8.024058726261025232e-01,5.189824395702533621e-01,1.337536396213833412e-01,4.441953159500522386e-01,6.213659666417370442e-01,6.111638614509596890e-01,7.958717097385413775e-01,8.992489411872328642e-01,9.508447897965000006e-01,7.332205948320568156e-01,8.821947930760198897e-01,8.969444292833624877e-01,5.138816355270353631e-01,9.736854531426173409e-01,9.242944068694153303e-01,7.244617087407598799e-01,7.659088166353130722e-01,2.496911656315107808e-01,4.737968746066785752e-01,9.154823443715478515e-01,2.037138482268269490e-01,7.098644318118555452e-01,6.155054264268232656e-01,8.120827060008379839e-01,6.271836419692935483e-01,7.133483385122431075e-01,8.702961200804156805e-01,6.767738205460609446e-01,7.529192910071074163e-01,4.374630035071750411e-01,6.456063098893010110e-01,6.597599058062957322e-01,9.567203255088675418e-01,8.597837924794026199e-01,7.683647036373404404e-01,9.257221379232692948e-01,6.798429196734159796e-02,4.683842896574976211e-01,7.080482047952306734e-01,6.041770381730072748e-01,4.871871324612554455e-01,6.228465500300754965e-01,6.272939609974442776e-01
5.250328867038088765e-01,0.000000000000000000e+00,9.932700429236083206e-01,9.217181222261267015e-01,8.090843532761273771e-01,8.984714975050455132e-01,3.058809792264351457e-01,6.039849434042656728e-01,6.549970350345865056e-01,9.245233567081413417e-01,6.918252235639992254e-01,4.964507930605057684e-01,8.350947723658850297e-01,8.733331514250358696e-01,7.000620168593613135e-01,7.895014551071002362e-01,9.187155412197390847e-01,7.036931774003190032e-01,8.873290039815819874e-01,9.216453781324751571e-01,7.681563022120081463e-01,7.099303810703327944e-01,5.783071247701385698e-01,9.022617819718813381e-01,7.995115547015940738e-01,6.238913848614981994e-01,6.240827260083208206e-01,4.740365974684975781e-01,5.166849874236713047e-01,4.949375170514905276e-01,9.543451387426463706e-01,4.622869752133041410e-01,4.538632474847103526e-01,6.712635141802795191e-01,6.631942255370729677e-01,5.165536644585432269e-01,5.504623246933868647e-02,5.140100229304640500e-01,9.272612027749842500e-01,9.257908140885386938e-01,2.075262360295906938e-01,2.875881113197726879e-01,9.338569903937503636e-01,6.132677595434484763e-01,7.730080130502510194e-01,9.855801809032598282e-01,8.948947355330117981e-01,9.923793249742149936e-01,4.652241441351271378e-01,6.010401031403117544e-01,7.221961142588523286e-01,3.533741915956489787e-01,6.650951469402675009e-01,4.272122416465305439e-01,7.736832692135795497e-01,6.418828342480579208e-01,7.991226361716691207e-01,6.372012829348283613e-01,8.850877823286179558e-01,7.522663917192751182e-01,7.448483477767446626e-02,4.702120679384259594e-01,9.879491540770168889e-01,8.640786995948460669e-01,8.903116660127994297e-01,6.299254986835638448e-01,6.257417546761060434e-01,8.960638334595244503e-01,3.239840804851242262e-01,7.239672820922904428e-01,3.515288112241075069e-01,6.008795028802192961e-01,2.035951390870843758e-01,5.246927823225785437e-01,7.966701552670159003e-01,5.892122553475679370e-01,9.279222381655879426e-01,6.543879107546456408e-01,7.244238011346438855e-01,7.496703541970579643e-01,6.834234779358888678e-01,8.880409496292547278e-01,9.582208233128104435e-01,7.757019016403379208e-01,2.070586926427370744e-01
8.500053607671413936e-01,9.932700429236083206e-01,0.000000000000000000e+00,7.992617363993499424e-01,7.952175519974120643e-01,8.468500563955106974e-01,5.656929721044359205e-01,7.139341987367082698e-01,7.590676333855259639e-01,6.088579476784146127e-01,8.198604184722600996e-01,6.377690425147751752e-01,3.497360900151987306e-01,7.853054904762363231e-01,8.406000632456678279e-01,6.025094838449710499e-01,8.033990893999682914e-01,9.725403974548150199e-01,9.388865108033440654e-01,6.509783084032804146e-01,9.237768625003918155e-01,6.706351022477383683e-01,5.786137308784472522e-01,9.563645333026310480e-01,8.614044398907768629e-01,9.757688343200959791e-01,9.568243128507147865e-01,8.225858094308645674e-01,4.931920612124058301e-01,4.522781541087885770e-01,4.348527762634571969e-01,4.713343656480132315e-01,4.927676285993748961e-01,6.144251248557498490e-01,9.068140465986110899e-01,5.187169737054058150e-01,1.283341655434086792e-01,9.833835072883331252e-01,5.385036398815816749e-01,7.638410092423048026e-01,5.083735621617263556e-01,6.069645040335238662e-01,8.460081526207660074e-01,8.364822965737809257e-01,6.540677897966966636e-01,4.791714382238850267e-01,5.119093809065642375e-01,8.630518520929898463e-01,7.122091105992727211e-01,2.719545570394660827e-01,6.089109018655183281e-01,8.858610247880337463e-01,5.656230526169063744e-01,9.955060529775558997e-01,8.756277171646712487e-01,7.034289352771924131e-01,7.904106032828878137e-01,9.197582765466110200e-01,8.629842999315905372e-01,3.494728297895032254e-01,2.967403431297581662e-01,8.264494872880858711e-01,8.383686646810488696e-01,7.068716590471685324e-01,4.124576551428608684e-01,7.023224062679699342e-01,6.105823970724675309e-01,6.256873555642495921e-01,8.949530119483725121e-01,4.102028538807666602e-01,9.525260437412481629e-01,8.804147131895401213e-01,9.441023140284978687e-01,1.491747902025785388e-01,8.738674732015727642e-01,9.624606307297988161e-01,9.907260364934886709e-01,4.544441502845759095e-01,3.820562826071003393e-01,1.183778673175035767e-01,7.894703591568991152e-01,8.125022181418873890e-01,9.749570295129054154e-01,9.751253362893727017e-01,5.865164768124231376e-01
4.796139778373353924e-01,9.217181222261267015e-01,7.992617363993499424e-01,0.000000000000000000e+00,8.012844250415972480e-01,8.778347720449487523e-01,3.439465611943947065e-01,1.094974443103132605e-01,7.925898325727482874e-01,7.068752650217743350e-01,6.137069863906527978e-01,5.620223023254627970e-01,8.226538965909432344e-01,8.025863444927781032e-01,7.006895584032968305e-01,8.252054579877822205e-01,7.676827197531563840e-01,8.171911895084523758e-01,7.840336421567106751e-01,6.436130491337090920e-01,6.878099993256354683e-01,6.021420735998194163e-01,8.117502659796861364e-01,9.807842745933810225e-01,9.460936875175245397e-01,9.517460185997124178e-01,7.229884185285649911e-01,5.863552005743795092e-01,4.272157007348504898e-01,4.676328414830732694e-01,2.793459857903076160e-01,9.308508011707627983e-02,6.999212788982513977e-01,2.230582205277654162e-01,9.149639850528353824e-01,6.666145100969795845e-01,2.647122998754938838e-01,8.842143894229356205e-01,9.181004271333680355e-01,9.349655420745650591e-01,-1.679736475774520899e-01,5.783941843715899589e-01,6.003373109754621684e-01,9.333399146890197784e-01,9.153773118425929667e-01,7.179395874164308244e-01,4.017429482916900496e-01,5.145003356357450430e-01,3.915403829416513881e-01,8.041370899550844831e-01,2.178259894381745776e-01,8.777806943583696953e-01,3.122206424669144442e-01,9.519327767564793596e-01,7.771934753159346343e-01,5.583487815522643061e-01,8.917446696170395759e-01,2.298992826349124940e-01,9.576114131027341214e-01,8.706697986154146585e-02,1.411799980221498108e-01,6.024006292922975403e-01,4.006421394835196215e-01,8.002993794829671437e-01,9.831837712055359058e-01,9.301920851735389073e-01,9.053064462260482781e-01,6.501933066049945253e-01,4.870510474394147415e-01,8.713362362831649222e-01,4.092786863213138671e-01,8.940226567049553985e-01,7.684906741103850747e-01,2.190794134711774865e-01,6.157654913831697163e-01,4.280900714333283896e-01,9.281071151792861240e-01,4.278350635069643748e-01,3.814836130758029742e-01,3.038867944165633550e-01,7.609247731218935495e-01,1.353034988554788487e-01,2.445112600235639644e-01,5.976464758608721756e-02,6.587441701544466399e-01
5.226752425754319642e-01,8.090843532761273771e-01,7.952175519974120643e-01,8.012844250415972480e-01,0.000000000000000000e+00,5.749811774349853355e-01,6.030907016265933951e-01,7.898325314785443751e-01,7.353589372547592040e-01,7.206253136076008481e-01,2.921031511881653775e-01,8.729632909958786602e-01,4.519049959368166003e-01,8.427266127906329896e-01,7.079732357685397659e-01,6.419016313347646330e-01,8.569826909132726156e-01,7.183889993054448642e-01,9.999279133811468379e-01,8.785584974185989271e-01,8.343936711492299096e-01,7.346171185880124854e-01,4.679558303527876495e-01,7.832236742934326479e-01,5.798469866980292542e-01,8.703168038918458471e-01,9.082676603536697924e-01,7.670169456036913802e-01,4.215213964257658041e-01,4.636010691801212280e-01,3.297949349271929176e-01,2.628904573303493253e-01,7.891465775783921277e-01,7.439376496484781942e-01,3.189506353739894329e-01,5.460335962363348505e-01,2.255045040606840911e-01,7.271217202822354286e-01,8.091474228737398633e-01,4.460324709675119181e-01,4.670227703843967126e-01,4.689036733262759160e-01,8.187127441485854140e-01,5.977671426065762628e-01,6.819416698527039911e-01,7.629736545418652760e-01,8.937258741197889877e-01,6.039945138578525219e-01,8.564504818969258526e-01,2.651382378803338602e-01,7.128378952692231429e-01,2.055279316808793222e-01,8.689276714517942812e-01,4.206134861415520287e-01,7.461040241876621959e-01,4.369501144304751561e-01,7.737785293070352788e-01,9.402909503816241354e-01,9.171615253719670457e-01,5.567467590407899625e-01,2.688990778856684138e-01,7.634792370967371511e-01,9.473194109272139452e-01,8.549208000504405769e-01,7.244251740247700244e-01,6.085326293679574894e-01,6.445464407771774873e-01,8.436462480798732066e-01,8.764763836377391648e-01,7.107699902375035350e-01,1.062164998863457388e-02,8.060500030063363353e-01,-1.496454918007605883e-02,5.126728207481884292e-01,9.749785877487953112e-01,8.937254545585815446e-01,9.833202248317872707e-01,6.408667451017941996e-01,6.289022334991832830e-01,3.332664219695721242e-01,4.975487874063826976e-01,9.380291838115775160e-01,8.236054962323744455e-01,5.045615586301787081e-01,4.843568681378906948e-01
8.053716802859129942e-01,8.984714975050455132e-01,8.468500563955106974e-01,8.778347720449487523e-01,5.749811774349853355e-01,0.000000000000000000e+00,6.698308014796813259e-01,3.697034126754807914e-01,-3.394899991540106798e-02,7.527838807317475123e-01,5.228182251460654628e-01,6.144579283551742099e-01,6.145327712837067580e-01,8.849293827745491337e-01,5.209784650336968248e-01,5.801570792370919216e-01,9.042399024012993669e-01,7.758628926384699698e-01,4.950929732571707209e-01,7.290542389879961505e-01,6.004974430615777070e-01,6.849602123339953996e-01,2.619591849249484072e-01,7.603240151685731751e-01,6.156189484395082623e-01,7.155691368544739861e-01,6.881471951346663785e-01,7.541132891181865361e-01,7.181542902804580741e-01,1.980778975728956781e-01,1.217489160776810825e-01,9.138594060165464716e-01,7.063344802518406462e-01,7.764646726702085777e-01,8.457050993637145186e-01,4.703848472341360387e-01,2.222123188983995967e-01,6.584936661150527781e-01,9.323547249402808212e-01,4.820047588789289628e-01,1.676376018751981611e-01,6.431415141407532676e-01,8.099379695611544916e-01,8.465007996895450582e-01,4.808626067599498510e-01,9.602397864800938931e-01,8.595201727867415320e-01,4.315024152484225883e-01,6.023618289948973192e-01,7.505211700049637669e-01,3.334212432491752698e-01,5.872782819625610440e-01,7.909411340453333938e-01,9.662806647957871142e-01,8.554724738923317195e-01,4.270519362844998335e-01,7.336641858181707221e-01,6.271794146364054745e-01,5.326033871235338335e-01,7.991013546428662462e-01,8.566252486082257533e-01,2.672650881911981524e-01,4.658999322188186465e-01,5.053056113885199263e-01,7.800228662461958784e-01,8.260570894094546590e-01,9.772268385840665594e-01,9.721277343134673288e-01,6.393724371033493448e-01,3.866020132100118911e-02,8.972284973660958896e-01,6.674535454588327310e-01,6.907614257390571888e-01,-1.562943486591045206e-01,4.554357389711351511e-01,8.858357446065479035e-01,6.259162952792129975e-01,5.660302883930141693e-01,2.213220347573717217e-01,5.567919395775605684e-01,6.203368113419580610e-01,9.341227482101326363e-01,6.812344375633958560e-01,2.442650503369883305e-02,5.938088760327128179e-01
9.978775265826984597e-01,3.058809792264351457e-01,5.656929721044359205e-01,3.439465611943947065e-01,6.030907016265933951e-01,6.698308014796813259e-01,0.000000000000000000e+00,5.399985110977955083e-01,-1.419999900155860806e-01,7.595149207907350153e-01,6.948906917682434736e-01,4.266535856016421824e-01,4.982210323443126421e-01,3.973393437273636253e-01,3.609371642150290826e-01,6.691141718233591940e-01,5.112116631245776643e-01,2.695906814902877535e-01,5.084891538597571259e-01,7.190432602193028711e-01,9.229723810362411296e-01,3.423962294922826555e-01,2.932886625044457962e-01,8.177762686698086814e-01,4.537212228952819948e-01,5.186893820650184672e-01,3.439295719602789569e-01,5.138808175305091819e-01,8.538004565884886876e-01,6.670376139954730110e-01,4.338894247195425602e-01,7.013765005990300061e-01,7.941220316556267811e-01,5.116237905699707600e-01,5.560524689603539850e-01,2.179939591092211748e-01,7.405495064071545563e-01,7.003397314965007503e-01,9.274170387447472352e-01,4.759210071041233281e-01,3.356502950046078015e-01,6.726072728268446266e-01,3.756238467131424175e-01,5.319378291533185532e-01,6.202402513229585690e-01,9.551039375427125000e-01,4.591585724504771426e-01,3.251264755326903622e-01,8.025050127047609339e-01,5.497942409437094335e-01,9.865030767729972005e-01,7.480050077270318232e-01,2.263063155942011129e-01,5.419598878902988082e-01,6.543214491489565132e-01,5.813132613606089016e-01,1.777522951766314085e-01,5.677626058008025112e-01,6.623311709030157424e-01,7.368873653525680467e-01,2.573662664124379829e-01,6.632201445410150775e-01,3.827602228654766181e-01,3.459451652762158824e-01,8.931538319851666241e-01,4.108139210755697990e-01,8.252238971109006060e-01,7.270417435188257782e-01,6.079972771694374112e-01,1.307655211290416619e-01,1.848410604094785636e-02,6.976886649130754625e-01,3.367539513259493189e-01,4.065105129354615876e-01,8.967792123229990642e-01,8.199668187421840226e-01,4.091742438819781502e-01,6.408895730210955044e-01,4.950198735090612367e-01,4.140645172231257609e-01,2.823236141599412830e-01,6.066629619078977020e-01,7.105531236299189590e-01,4.889920938028943787e-01,7.043236732565617553e-01
2.194051648527320930e-01,6.039849434042656728e-01,7.139341987367082698e-01,1.094974443103132605e-01,7.898325314785443751e-01,3.697034126754807914e-01,5.399985110977955083e-01,0.000000000000000000e+00,8.781641345564551449e-01,4.359590344864985867e-01,2.226365118542155963e-01,6.946858742994699298e-01,3.418200534802857682e-01,-1.422444492331143562e-01,7.752160438276330945e-01,6.213751763357332480e-01,4.149522955714339822e-01,9.222735268269217634e-01,5.569435925519947705e-01,9.527736328362375051e-01,7.587945976909168389e-01,2.825767807776288776e-01,5.979989490049222312e-01,8.397444614209013114e-01,9.732982182288353323e-01,1.244918488953796615e-01,3.794579043669189522e-01,2.063061993300630836e-01,2.298699897237029277e-01,2.377244865631855109e-01,2.108581305045720278e-01,4.277255095632380155e-01,3.978012167089584050e-01,9.824840145589007756e-01,3.253149408751412341e-01,6.617852482792054847e-01,5.004210494290003419e-01,4.264052007431282654e-01,8.750811959341373569e-01,4.862147689732083666e-01,9.939762768053298503e-01,6.540607572235292988e-01,7.096295364874771749e-01,6.782987107908767799e-01,4.992460417560626862e-01,5.441338184140082079e-01,7.856192962375603273e-01,7.538009014631543714e-01,5.313026164417833375e-01,3.268170905343896204e-01,2.113847718719578661e-01,7.749953403975082811e-01,5.735487147680856657e-01,6.315247958075692614e-01,6.359073887040955775e-01,4.025075242363826411e-01,8.117584527285466311e-01,4.037601465318514382e-01,7.194290209510637579e-01,3.827076453530170452e-01,5.209171740680256235e-01,5.605843673181336584e-01,6.966903346836207378e-01,9.550484947980530936e-01,7.891568750502977458e-01,8.519387377291518515e-01,2.186683946645244792e-01,7.701490230166531115e-01,9.441458884325926171e-01,-3.756771951014786781e-03,2.208953015587042379e-01,9.666628380088660988e-01,5.709666564184218140e-01,5.021358890925897711e-01,3.895565609470054147e-01,9.586055502348654889e-01,4.250898361730889863e-01,6.125960200028142122e-01,5.166716366904150481e-01,1.605869909796929784e-01,-2.504593007799305049e-01,8.222168528257611797e-01,7.419366674558242059e-01,4.473623204004145149e-01,3.994844038898361926e-01
3.586848250288734441e-01,6.549970350345865056e-01,7.590676333855259639e-01,7.925898325727482874e-01,7.353589372547592040e-01,-3.394899991540106798e-02,-1.419999900155860806e-01,8.781641345564551449e-01,0.000000000000000000e+00,5.318123969162555920e-01,6.877563969746202099e-01,7.349385978371805184e-01,7.626335937299268952e-01,7.551859708729241616e-01,8.813578934901885598e-01,5.823891168405767038e-01,6.243419372261648226e-01,4.219953367378649345e-01,4.656868597396184306e-01,4.872368288703388117e-01,4.889550493236890505e-01,4.260044020220326022e-01,1.147698752698760871e-01,8.229361986348265878e-01,6.458975227813191777e-01,9.571255392376769588e-01,7.780963369939489782e-01,5.322755219276079641e-01,3.702333555011803057e-01,7.258435725587796261e-01,4.067138022722931456e-01,4.626030956984130693e-01,3.280627682949441293e-01,5.579792627067805544e-01,9.680229810615067487e-01,7.619722973349106754e-01,3.026008944806313217e-01,8.286505350951722804e-01,2.507114746797551863e-01,8.623178788605970757e-01,8.682945028460039572e-01,6.340014290559812249e-01,9.292826016908447562e-01,8.707005263031325493e-01,7.690218042600924786e-01,5.548135188322070865e-01,6.609914721798616499e-01,5.496695812054330776e-01,6.023519222156107356e-01,5.625639714385961554e-01,4.064862740301766753e-01,6.353075065026474455e-01,9.121836013607897975e-01,5.909813297254603581e-01,6.853669279646005252e-01,8.306477263763248908e-01,6.138748785328506097e-01,4.312429747330266405e-01,7.248631251710858647e-01,7.279925161651465970e-01,7.158393434018309742e-01,8.961812066903449558e-01,7.030027962209265402e-01,7.419793793119132674e-01,9.749667323661690421e-01,5.816990942132099773e-01,8.168854569437772328e-01,9.578599253506173694e-01,3.497590071786332855e-01,4.292921624772502165e-01,6.727845082227204010e-01,5.216046030131479272e-01,4.496636694049697125e-01,3.102496301646314736e-01,8.812866229366140836e-01,3.428670964323097259e-01,9.317822631276732048e-01,7.835230902496126415e-01,7.501107344898212403e-01,4.569259322508316123e-01,9.434650049173546327e-01,6.789373748255369545e-01,9.002903912211553950e-01,5.457462999621344180e-01,9.015977968998516445e-01
9.465200700688866098e-01,9.245233567081413417e-01,6.088579476784146127e-01,7.068752650217743350e-01,7.206253136076008481e-01,7.527838807317475123e-01,7.595149207907350153e-01,4.359590344864985867e-01,5.318123969162555920e-01,0.000000000000000000e+00,6.375963806630632336e-01,2.776562422243122885e-01,7.657317563042445041e-01,6.324311408113387767e-01,6.919576676616906452e-01,8.365841154685275116e-01,7.074763898026301678e-01,7.664310290552905913e-02,4.402885067829880317e-01,7.702195816371377735e-01,4.727498710604880472e-01,6.470283622854303696e-01,9.404142502529324599e-01,9.095757279065131984e-01,5.270868163259285755e-01,6.733637755025954075e-01,9.986783065265749659e-01,7.692838216197313006e-01,1.825342503777790115e-01,6.279660870690956243e-01,7.197770835126199307e-01,4.215790751720714380e-01,4.789277892354846383e-02,6.022052723536854835e-01,9.590436256491330358e-01,4.736847849539955746e-01,5.496141259632776332e-01,3.136963923342128147e-01,6.859935865692244894e-01,8.157573630051537794e-01,3.891360229305968477e-01,8.862936456844540123e-01,2.275394812999820271e-01,7.166239069238061754e-01,6.343738630488280350e-01,7.937582121424231474e-01,6.421721483293487687e-01,6.286399401622637384e-02,7.463435854425637395e-01,3.223940834508666198e-01,9.871200450088383205e-01,5.406666308082768158e-01,9.855307033389467675e-01,6.607053478176905248e-01,8.571273228134859146e-01,4.920980723594272632e-01,4.255696445314439691e-01,9.238549933871679221e-01,6.216821008730385456e-01,4.216388182766556691e-01,5.006688052879889606e-01,7.269669774053268974e-01,9.830617883575932803e-01,7.827161119360813712e-01,8.281789665884934371e-01,7.865795592964688332e-01,7.391765160638290588e-01,6.424695238632049943e-02,6.434897695367104431e-01,6.686162097369481305e-01,7.859541519335329074e-01,8.524326477441670491e-01,7.565563384403554137e-01,7.399412956010207321e-01,6.029545240791224225e-01,9.543248121328660183e-01,6.020392535713625648e-01,7.325633705333073342e-01,4.196788768608059605e-01,2.392841970522637529e-01,5.200108534226226542e-01,7.822566109807804757e-03,9.704973115144633899e-01,7.470441056783102551e-01,6.827430058044352545e-01
9.715814239744303693e-01,6.918252235639992254e-01,8.198604184722600996e-01,6.137069863906527978e-01,2.921031511881653775e-01,5.228182251460654628e-01,6.948906917682434736e-01,2.226365118542155963e-01,6.877563969746202099e-01,6.375963806630632336e-01,0.000000000000000000e+00,9.578131478717042402e-01,7.986694356987918963e-01,8.947500627976733290e-01,7.209921170041081462e-01,4.608220187120608546e-01,8.021393542838122226e-01,8.926892052991188820e-01,1.899418628714893975e-01,9.012261612630022567e-01,5.547103862840997435e-01,7.597580797846053002e-01,9.584751853036355129e-01,8.828876049069069865e-01,9.027726287982350550e-01,9.682574631771525553e-01,6.755198348616942017e-01,5.663142232395199649e-01,4.255135464114089272e-01,2.209334230606539995e-01,4.827621195969019618e-01,8.529780481148606652e-01,9.437075776946477479e-01,8.571752172581754703e-01,7.396456005831978375e-01,3.461651732730135489e-01,5.394706135523050783e-01,9.496982114743771630e-01,8.175278398711717243e-01,6.664319551060745583e-01,4.200255217543974462e-01,8.108776529160932611e-01,8.019358891012278168e-01,6.527690374686352381e-01,9.490238602293985526e-01,7.759554555117059715e-01,6.805003474626294402e-01,9.340932997845377006e-01,7.259191618254398071e-01,2.815253005431888611e-01,5.428681361730495203e-01,5.343700887531568355e-01,5.478703156223628801e-01,7.733932019955533921e-01,9.448309362960513047e-01,3.776524769210037880e-01,7.485047291840027928e-01,7.939242878615800914e-01,2.584994755353372531e-01,4.915323513711431502e-01,5.967872616892235804e-01,1.408391110779543334e-02,9.047859410069584163e-01,7.820553810425342478e-01,8.955236887010590285e-01,5.557548648465117092e-01,2.499846622807622154e-01,6.991359063028982357e-01,6.636669400911044958e-01,9.463502319563075194e-01,9.051967973186697547e-01,6.709247387197350143e-01,6.194278871212788307e-01,5.431835743789868998e-01,6.748744078135163749e-01,7.943027665527857550e-01,6.498314927550854492e-01,2.351119756994357601e-01,5.836804287210679565e-01,1.390546448594910944e-01,4.562422700771275319e-01,1.184035926772125241e-01,3.164777556674756021e-01,4.598993342991095079e-01,4.944528021235437554e-01
2.154145184069184427e-01,4.964507930605057684e-01,6.377690425147751752e-01,5.620223023254627970e-01,8.729632909958786602e-01,6.144579283551742099e-01,4.266535856016421824e-01,6.946858742994699298e-01,7.349385978371805184e-01,2.776562422243122885e-01,9.578131478717042402e-01,0.000000000000000000e+00,7.440636164311942302e-01,9.110755414318851830e-01,1.487980731633538334e-01,4.749835196317236385e-01,4.491046114860003935e-01,5.261520191341553243e-01,6.905142399808442688e-01,8.693046330477036676e-01,8.386588027789760869e-01,2.447707217246555544e-01,7.853770264329722472e-01,8.566562435309449386e-01,7.307700095597930989e-01,6.186389107183736247e-01,6.544195567808296365e-01,8.066445673362753199e-01,5.485960434364771654e-01,4.713884025372150899e-01,2.410870340655311417e-01,4.625889468738418331e-01,8.705812660320509933e-01,9.797009385349653154e-01,7.448728273572907677e-01,7.269282647948804854e-01,2.264647743978684957e-01,7.080978873576629917e-01,6.115831407475860182e-01,5.322940785507286332e-01,5.551415731971006684e-01,9.425746782977239002e-01,9.266249157363343203e-01,8.105237610795842373e-01,9.550896827892019214e-01,8.917667100748593034e-01,3.981865677143376359e-01,7.521263998690352892e-01,4.754756069416088415e-01,5.408092560683031014e-01,6.769327428542923908e-01,5.465093951847697085e-01,6.302988472377416551e-01,7.633767948670405756e-01,8.767983733643816002e-01,5.921141663149742662e-01,5.021627709466377487e-01,7.391161779093227135e-01,4.794053172419533992e-01,6.514616548485822056e-01,2.547750872672710498e-01,2.365129567721153958e-01,6.328059418803283487e-01,9.521291156576786596e-01,9.938527228346740738e-01,4.389728194830906927e-01,8.668933832156158203e-01,6.630412775996735730e-01,5.928824857479837451e-01,6.438853015255663337e-01,7.266762456547138926e-01,2.229534229988578420e-01,1.255835564029433304e-01,4.387843836360624805e-01,4.793001533984803664e-01,7.288499217812599573e-01,8.975715903775983717e-01,8.444188980396120092e-01,3.701111369851661781e-01,3.383196108224313381e-01,7.175579065787894839e-01,8.842006270935199863e-01,6.272209938525706852e-01,3.697782102994551234e-01,5.468945657866141064e-01
9.648152388448626438e-01,8.350947723658850297e-01,3.497360900151987306e-01,8.226538965909432344e-01,4.519049959368166003e-01,6.145327712837067580e-01,4.982210323443126421e-01,3.418200534802857682e-01,7.626335937299268952e-01,7.657317563042445041e-01,7.986694356987918963e-01,7.440636164311942302e-01,0.000000000000000000e+00,6.226989913142610966e-01,5.924324252294618232e-01,5.550098691452841626e-01,8.896430906028973684e-01,6.285408613409319001e-01,7.233840367204921185e-01,7.145418752203971380e-01,6.617708903041903401e-01,8.248070367990928409e-01,8.098799200887605299e-01,8.679406493419092872e-01,6.474417893732915541e-01,7.496968643197119420e-01,8.203208037974665245e-01,8.226141471538805927e-01,9.812926115987214981e-01,5.065925200419475471e-01,6.487316788123742572e-01,5.737631384624619635e-01,9.412505583587527092e-01,8.671527315834310912e-01,6.059857084161012208e-01,4.863899771826382668e-01,6.134992037308086843e-01,8.993637649477911333e-01,7.258532626398325194e-01,8.693604350300743189e-01,3.313924103575007774e-01,7.531088189067617344e-01,9.406114100326199434e-01,9.620394748313916278e-01,7.974690353501838747e-01,8.474428105962196200e-01,7.148129114812363794e-01,8.153467613752496401e-01,2.346517601488970484e-01,6.262475812805470277e-01,4.405223309968839818e-01,9.505775044573683275e-01,7.380199409953139833e-01,9.053117982078607850e-01,5.104351306427219459e-01,5.822311679747084190e-01,9.027704806251589664e-01,9.797119254510165964e-01,8.887800096765028357e-01,4.090433994857083366e-01,3.751931460899013415e-01,2.839767694159374689e-01,6.043342474440963619e-01,7.319604749646038133e-01,7.950142113997074045e-01,8.335941887550345486e-01,7.746605273562620075e-01,7.412327686400160820e-01,5.952421260353615295e-01,7.660093248377112252e-01,9.865369675876498601e-01,5.860628785902920468e-01,5.536488822515612807e-01,2.188758605298950777e-01,6.967088939831975747e-01,5.254496879315159186e-01,9.229204085341957686e-01,9.154555221443536617e-01,8.645099698460486648e-01,-1.083118318268300184e-01,9.010365495264459623e-01,4.811666981001863075e-01,9.406180834237340971e-01,7.897787387579516816e-01,6.216899808451482601e-01
7.125031383927039608e-01,8.733331514250358696e-01,7.853054904762363231e-01,8.025863444927781032e-01,8.427266127906329896e-01,8.849293827745491337e-01,3.973393437273636253e-01,-1.422444492331143562e-01,7.551859708729241616e-01,6.324311408113387767e-01,8.947500627976733290e-01,9.110755414318851830e-01,6.226989913142610966e-01,0.000000000000000000e+00,8.718012718066431299e-02,7.004186429085814680e-01,9.867657999260819324e-01,7.254029761915969932e-01,8.510761281807002199e-01,6.845542883813581225e-01,9.069512745407994903e-01,3.271681198120857115e-01,9.380521358948595845e-01,8.153161150891790054e-01,6.567814751272786911e-01,7.702297111442432120e-01,7.725868197236386292e-01,8.109250990788489100e-01,1.485299765804462269e-01,6.372295270278283130e-01,-1.360312499813256248e-01,7.217315225469170814e-01,4.629743190460682278e-01,3.373969564778014352e-01,8.850977777379142042e-01,1.956565076051412777e-01,5.522384935523333427e-01,5.774656191254200488e-01,7.503596909909817647e-01,5.198310928484656257e-01,5.401638886629044345e-01,6.324810647113715545e-01,9.422379908152367367e-01,8.620644617291256528e-01,9.186235789849053202e-01,7.967736492094763534e-01,6.135260985665205169e-01,6.630786654039553252e-01,7.756365048334505907e-01,2.145872316219286369e-01,3.775894695253628752e-01,3.338218626154331736e-01,6.282983529922683275e-01,2.158258187342663309e-02,8.197639174648954086e-01,7.960175682118235674e-01,4.123481743060554150e-01,2.005094646183620821e-02,6.154071403583278865e-01,2.892016054249260115e-01,3.062121814282384169e-01,8.676019804385326495e-02,9.696485016049017913e-01,7.249587756840606412e-01,6.094958759947889382e-01,4.074580252270023628e-01,7.681530747439597739e-01,9.214343882446506262e-01,7.117605657347232384e-01,7.827049839221325023e-01,8.515783319984445709e-01,7.228075808437138816e-01,6.065835554170390109e-01,7.712042167155535033e-01,9.079893682661817067e-01,9.165664494130415507e-01,6.456189852247327110e-01,8.049972329051574560e-01,7.600982029289018449e-01,5.772980920957986317e-01,6.476050810956210935e-01,6.023895390420708207e-01,9.842118738991696425e-01,8.108381130508847123e-01,9.731063076050864291e-01
7.357044264845740145e-01,7.000620168593613135e-01,8.406000632456678279e-01,7.006895584032968305e-01,7.079732357685397659e-01,5.209784650336968248e-01,3.609371642150290826e-01,7.752160438276330945e-01,8.813578934901885598e-01,6.919576676616906452e-01,7.209921170041081462e-01,1.487980731633538334e-01,5.924324252294618232e-01,8.718012718066431299e-02,0.000000000000000000e+00,6.225710819252674444e-01,5.829723108615305627e-01,6.661365825737270985e-01,7.592955546987807391e-01,4.994668760741121649e-01,5.967377491552203761e-01,3.488289113895028937e-01,9.373657458443058754e-01,5.058659821983061411e-01,6.989101101049981501e-01,5.178736740241739467e-01,6.650922159611422080e-01,7.496502502457234041e-01,2.076672926980540623e-01,9.062596969503879940e-01,2.516640132783213857e-01,6.966122621493872069e-01,7.814033210302762100e-01,3.742710289361720899e-01,5.545900087488923047e-01,9.085301393893126243e-02,5.113976692851496253e-01,9.288624368567378609e-01,8.985147010339761264e-01,8.034781534510703205e-01,2.608392937435700665e-01,7.564806142670479350e-01,8.114762616475882373e-01,9.276557323000592659e-01,7.593143766515192405e-01,8.087292310423239705e-01,9.892675689679695239e-01,4.087996848910841474e-01,7.389340924176546199e-01,5.202264053069923788e-01,9.926043469900327487e-01,4.194468724002414217e-01,7.936779347842852772e-01,5.978739639873953404e-01,8.310344353884394630e-01,2.730387295042419060e-01,8.227745020771790596e-01,7.948040144729993095e-01,8.312346808843931179e-01,4.682726355521406036e-01,6.071202078063495655e-01,9.014789959792830487e-01,8.325003972699555055e-01,9.642504358354450078e-01,9.100829811983141004e-01,8.729117089417043340e-01,8.958584291259916732e-01,9.251749663818128466e-01,5.759693086533129724e-01,7.120515605165751438e-01,6.798792194277545331e-01,7.381703008979536573e-01,6.621063838985712380e-01,5.927344117183519501e-01,6.670965696025465963e-01,6.148751650943380387e-01,8.898558174734084725e-01,3.731354787272445073e-01,4.111152377798660273e-01,2.775947368789643543e-01,6.016423893649996968e-01,9.869100142120627028e-01,8.895142036702844424e-01,6.582514900890534815e-01,6.433546648855659189e-01
8.747090729595849989e-01,7.895014551071002362e-01,6.025094838449710499e-01,8.252054579877822205e-01,6.419016313347646330e-01,5.801570792370919216e-01,6.691141718233591940e-01,6.213751763357332480e-01,5.823891168405767038e-01,8.365841154685275116e-01,4.608220187120608546e-01,4.749835196317236385e-01,5.550098691452841626e-01,7.004186429085814680e-01,6.225710819252674444e-01,0.000000000000000000e+00,5.538485110060177297e-01,7.753665705531322949e-01,4.333366072983966810e-01,9.816626074884949871e-01,8.906278916974637028e-01,7.844179232405908975e-01,6.196818545881532803e-01,8.415933135146248523e-01,5.294645153558489303e-01,8.870474847023180898e-01,9.416932151494022962e-01,6.631723545893641880e-01,7.318262961644131925e-01,8.980371268213299674e-01,6.102978192492056753e-01,4.700525446136261110e-01,9.928216397852182018e-01,5.666224415966878425e-01,5.040703937800724566e-01,6.218160790630594681e-01,5.609434233988617180e-01,8.075575557734152587e-01,6.713997543934656642e-01,6.744749168194712485e-01,3.445713698851294859e-01,9.402705858368740621e-01,4.595738250036146555e-01,8.766503808279482168e-01,8.783525332103723215e-01,3.878804208810391341e-01,4.309312370628501365e-01,-1.382409343017922398e-01,7.834749641369934681e-01,5.308970490888275107e-01,2.400706848086504863e-02,9.566355830989505815e-01,7.230947885071087322e-01,8.947328502423476104e-01,7.857022173021410705e-01,6.705251206861494451e-01,6.679842029139304582e-01,9.024804918045005175e-01,8.029866856203811132e-01,6.556618390940115448e-01,4.317323390297465036e-01,6.492156556771875309e-01,6.254403470102937179e-01,8.882328640609320480e-01,8.862904544296305032e-01,-6.432695777671038062e-02,7.125547152393618688e-01,8.029170988289365818e-01,5.825181921077215996e-01,6.981551961400970230e-01,9.556619314825085532e-01,6.532580248474285645e-01,3.057168223192500700e-01,6.081921686066138477e-03,6.850879108847451882e-01,6.351130494045196251e-01,9.972637925886014276e-01,4.380750285775077968e-01,4.097026617437405371e-01,9.633464101818245418e-02,9.522708174514525892e-01,8.159596677816546295e-01,3.509096843151636724e-01,2.950003091778974351e-01,7.702934469765644332e-01
7.532718631451912339e-02,9.187155412197390847e-01,8.033990893999682914e-01,7.676827197531563840e-01,8.569826909132726156e-01,9.042399024012993669e-01,5.112116631245776643e-01,4.149522955714339822e-01,6.243419372261648226e-01,7.074763898026301678e-01,8.021393542838122226e-01,4.491046114860003935e-01,8.896430906028973684e-01,9.867657999260819324e-01,5.829723108615305627e-01,5.538485110060177297e-01,0.000000000000000000e+00,1.230528424551926604e-02,7.713130140958783798e-01,9.336338837144648739e-01,8.599114398340607091e-01,1.450867399306396133e-01,8.263812430692476507e-01,8.290925361073048228e-01,6.676255971428153302e-01,5.564343303471734892e-01,6.599773308845557906e-01,9.601327028996217150e-01,3.270303616901596433e-01,5.569851923177187025e-01,7.219688058488881177e-01,2.157980807320088457e-01,9.479153417371414259e-01,7.304889988987011140e-01,4.437723012738937212e-01,4.251045869380116748e-01,4.182607858369607468e-01,7.005361581255769021e-01,5.194169135571147233e-01,5.031274584405595052e-01,2.321340512356195873e-01,5.204830316622621744e-01,8.136333649303596482e-01,6.752435667726477408e-01,9.724747781949828473e-01,7.094586669790734490e-01,9.066737199272578707e-01,7.266321562213668983e-01,7.076705790680043462e-01,7.575262330930776500e-01,6.899881605379946103e-01,2.028947640182081069e-01,9.594895478645554254e-01,6.465507784463186969e-01,8.325855616968114159e-01,8.924710625196222713e-01,9.030203370021202547e-01,4.049031151661763861e-02,8.616206722262513829e-01,5.084653322672745557e-02,5.661823543936835845e-01,9.040928623404002051e-01,9.042104796637380204e-01,5.386703540752013630e-01,7.664248643620082957e-01,7.427411241954147147e-01,9.009530568317916099e-01,7.115496711959170550e-01,4.115931999131198227e-01,6.555872558335431588e-01,8.320965555088938315e-01,8.364833787612585558e-01,2.132027744877054987e-01,6.410307364453609047e-01,7.462807121622706541e-01,8.083120342099197053e-01,9.257279650310969998e-01,9.303784595610619101e-01,8.244386928729182662e-01,6.168033038160114501e-02,3.741390145714681426e-01,6.766543450099500312e-01,9.394852213257043339e-01,9.240759971053577049e-01,7.956686802008210435e-01
2.472736742499688223e-01,7.036931774003190032e-01,9.725403974548150199e-01,8.171911895084523758e-01,7.183889993054448642e-01,7.758628926384699698e-01,2.695906814902877535e-01,9.222735268269217634e-01,4.219953367378649345e-01,7.664310290552905913e-02,8.926892052991188820e-01,5.261520191341553243e-01,6.285408613409319001e-01,7.254029761915969932e-01,6.661365825737270985e-01,7.753665705531322949e-01,1.230528424551926604e-02,0.000000000000000000e+00,7.398246638136072306e-01,9.222694814658474183e-01,7.611230600331546636e-01,4.574530039415824478e-01,7.939395209843138623e-01,7.345458158719708752e-01,5.826254617772108624e-01,8.356151315345875519e-01,7.810555868294999371e-01,7.944323467059333232e-01,5.165251955283354235e-01,6.911789523053539774e-01,6.958438977648430113e-01,4.369513635744726732e-01,8.461575017161142576e-01,-3.460013017310381578e-02,8.958340154762303165e-01,9.977902285009725425e-01,4.590509518830063196e-01,1.107990110570067632e-01,6.142449135361984780e-01,7.507432053919357307e-01,4.888175455956685900e-01,6.562155130415150417e-01,9.703391069722735462e-01,9.368344116963989165e-01,9.135028313142835588e-01,3.765799953178274873e-01,8.123483456171533001e-01,5.828207234301717721e-01,5.307730667922343493e-01,8.453264703067647767e-01,5.281172918560672613e-01,6.491141268945913589e-01,6.505356502906831651e-01,4.041209546221991022e-01,6.117645668971493089e-01,7.307302143032406994e-01,7.949636157523958246e-01,8.392472603205313186e-01,7.522305435617627767e-01,7.708242324360604636e-01,1.633039047129443075e-02,4.727347099747191139e-01,9.443321883360785707e-01,8.145302085634006373e-01,5.431480460569770852e-01,4.354614765667439436e-01,8.108269222709779678e-01,8.564007320460244044e-01,5.372600329145692521e-01,9.877712050625651052e-01,2.263976096068829880e-01,8.252405266776584591e-01,6.174414886959967985e-01,1.864065651727829787e-01,7.255554265498689315e-01,7.500686122116478893e-01,7.614061895092468779e-01,9.087964713636562664e-01,5.452479908102723094e-01,2.786618157041556021e-01,4.873534933488002374e-02,9.953590426366955013e-01,6.190848517080739244e-01,6.717167396039585014e-01,7.900888255990385911e-01
