0.000000000000000000e+00,5.664530939881552429e-01,6.315577546944625142e-01,8.285406305084896950e-01,8.063683488801005605e-01,9.284320226924668296e-01,8.115059659019215887e-01,8.670983537822772869e-01,7.814871301305627016e-01,9.324955887620534067e-01,8.747380792911680913e-01,9.868678457742650068e-01,7.478159491301097361e-01,8.684731275063048983e-01,7.810146674144550216e-01,5.896057243534801318e-01,9.146312859284820851e-01,8.564328161452955390e-01,8.326597021108020913e-01,9.661250246881727399e-01,9.000604125318877324e-01,5.119608127943291453e-01,8.072820529709103798e-01,4.288292245302287586e-01,4.033814772657807191e-01,9.409395208607289618e-01,9.878537531297990615e-01,9.136144159164620859e-01,4.661087088256631317e-01,9.344334618245401236e-01,5.503364590899382236e-01,8.086359609747640897e-01,6.430329108356618306e-01,8.011728695377654530e-01,6.363356565146960353e-01,6.276138855501036673e-01,5.530184555379489275e-01,-1.136141335253139095e-01,9.394096861569769530e-01,8.349417449763777421e-01,5.757435889242491500e-01,6.869700118543413669e-01,8.217922635938682552e-01,7.458647910872934217e-01,9.100045829498165650e-01,9.852961275329749080e-01,8.681849500218534743e-01,8.213576732261571589e-01,8.613737107975496521e-01,6.330696112373587203e-01,6.232748226595469232e-01,6.783892705622804886e-01,3.542858543231268698e-01,8.768404717483164745e-01,8.080592857949733254e-01,9.748994611446997194e-01,5.472422442234663453e-01,7.862646868024497637e-01,-1.300720301611362206e-01,6.582962003699668330e-01,4.875782252584954235e-01,5.066641855101002845e-01,8.783484840697514118e-01,7.714040456972649507e-01,7.036286464899335069e-01,8.263109472758771723e-01,8.405754598483894391e-01,6.420425184185298839e-01,8.557449729473054489e-01,9.631376217390753558e-01,8.474846250974824580e-01,7.584276719282523338e-02,6.439043131404615927e-01,-2.800174281055584080e-03,5.483729406750397217e-01,8.044546670637022778e-01,6.088108567570598151e-01,7.541110388983103263e-01,6.744641067665764211e-01,3.595867561497099740e-01,9.766292353304468765e-01,8.909137168443873600e-01,8.882069992711931761e-01,4.101968307314342033e-01,8.943499511220664999e-01
5.664530939881552429e-01,0.000000000000000000e+00,8.572318458163101784e-01,7.796730370377646935e-01,4.483127574412209548e-01,9.431628977187134222e-01,3.042580250954344812e-01,6.124720140593746809e-01,7.138762078630723762e-01,7.346256924398066879e-01,7.573355799783954012e-01,6.387288066549927645e-01,7.315119709256954206e-01,6.417585691227156719e-01,6.626885895837265616e-01,7.237647526037802592e-01,7.747495154083223756e-01,6.006377605890561577e-01,2.063965516538073253e-01,8.112944983666694476e-01,6.979807928501867709e-01,7.845416239785050205e-01,6.778778291920518617e-01,8.834523767137772987e-01,7.143323648773829415e-01,8.119301987294695877e-01,8.839568991466215664e-01,2.865571061224783667e-01,2.008536577613474483e-01,3.350758550911512312e-01,3.182842489025270449e-01,3.949788198978950726e-01,9.366374178849659060e-01,4.619591196884797468e-01,8.417247621866033036e-01,3.951949834533234340e-01,3.707794094137393248e-01,7.730683194348167975e-01,6.773472919777533408e-01,9.124304377887036965e-01,7.790250689898130521e-01,7.655782507013837446e-01,6.663506626200692562e-01,9.320894261637143741e-01,8.932009334651527244e-01,8.732804126628116448e-01,8.229986621009308667e-01,2.733000220859327367e-02,4.472570178495497983e-01,6.913740818492771778e-01,-3.592798192582902228e-02,3.274602269182622649e-01,7.503767217439945014e-01,4.497145304703517588e-01,9.993648280252031002e-01,7.557378999185841995e-01,7.953753983429598939e-01,1.910870888962888370e-01,7.883454581540336736e-01,5.493136992076277370e-01,4.731988363352829796e-01,1.458860575301597177e-02,9.120161587786088653e-01,3.142371569458570768e-01,7.396068027824502789e-01,1.119106687524916294e-01,6.998933573202941183e-01,7.103652595853724439e-01,7.395984022321239193e-01,5.442552100751347766e-01,8.345467640160120215e-01,8.416876391889696052e-01,9.507305257721703207e-01,4.146444479665482019e-01,5.746191147647407016e-01,8.881662969781056738e-01,6.690252828075721192e-01,2.037868774569402963e-01,5.823016512093351915e-01,-1.003225581704191016e-01,4.036669166919802376e-01,9.283139998338176824e-01,3.633294271460346669e-01,7.670820702994273210e-01,6.500547991474454612e-01
6.315577546944625142e-01,8.572318458163101784e-01,0.000000000000000000e+00,9.681568324805542858e-01,9.228139940061785840e-01,5.243901691739579762e-01,4.786886356995420089e-01,5.758355398064536335e-01,8.200423306015403035e-01,7.849706220953855951e-01,8.887668015973075875e-01,9.963647558253354575e-01,6.486029833582890314e-01,6.717722396404324225e-01,8.705179607923898555e-01,8.444870475628245554e-01,4.001249087054282172e-01,9.545191825029309962e-01,8.833210039167986860e-01,7.604474278657238351e-01,5.606403116917607621e-01,3.599802255923065797e-01,2.034180415822249288e-01,5.807084725094104893e-01,8.392570382977981858e-01,7.888482458914160000e-01,7.488382657916943241e-01,9.424719211420693465e-01,5.106546161707651299e-01,4.252156475180496331e-01,4.269310387905494442e-01,9.778723835458279501e-01,6.026789638347566092e-01,7.416055650319492987e-01,8.171659125297715542e-01,5.762662225864874088e-01,5.421968628131156320e-01,9.301253421543012045e-01,4.660133698950695846e-01,9.133457720430189219e-01,2.301744913630756062e-01,4.981632076460560943e-01,6.007397449132693135e-01,8.877050759048630280e-01,8.778481563053279757e-01,9.698939466105152007e-01,7.607889348494064619e-01,7.421459359262396749e-01,9.005927097880441767e-01,7.364610264984812193e-01,4.731252893198124032e-01,9.975008236855222865e-01,7.698223592521332703e-01,7.337689453169971010e-01,7.355479229662285068e-01,6.929263230224100845e-01,8.893311175818184866e-01,2.525914019758673801e-01,6.604360686914507728e-01,3.070299690923705138e-01,4.046459276224644852e-01,6.959035366326538075e-01,8.402082089719631330e-01,8.131669893849723385e-01,6.322144699417346914e-01,3.915765417055468434e-01,9.859107460718397054e-01,9.015272953273261169e-01,8.866967720256869745e-01,5.707170016157221415e-01,8.945173666397806533e-01,7.914679962788604417e-01,9.245918747475860844e-01,4.632643416453125496e-01,9.335191024927103065e-01,8.776149285551093637e-01,5.639696185158606934e-01,6.852939882477624423e-01,7.596601992673048809e-01,5.142111239405403045e-02,5.059411760356382626e-01,6.577625654775529629e-01,8.222149902168585101e-01,7.019034547416226344e-01,6.309129174943574059e-01
8.285406305084896950e-01,7.796730370377646935e-01,9.681568324805542858e-01,0.000000000000000000e+00,7.530192488720556243e-01,8.882438572868426307e-01,6.876543788233734356e-01,2.298491686779347010e-01,8.962010912421150000e-01,8.560322157453452707e-01,7.792148577677343591e-01,7.583226657470857335e-01,6.634224158670820604e-01,6.097448992146213831e-01,6.393358236646765613e-01,7.515957983964356437e-01,2.129404274596745639e-01,9.807901581134150781e-01,9.962154235198292795e-01,6.167421291210314349e-01,7.391077098015295110e-01,3.536782216338034135e-01,6.629320721615793444e-01,6.631828804495337737e-01,4.065871453437501781e-01,8.866932490030385861e-01,4.287410984443973949e-01,8.556698721607048919e-01,3.290364614750325156e-01,-1.889609272272178564e-01,2.027519044340195253e-01,6.128091014403522774e-01,5.037528607857517660e-01,8.130284810174713828e-01,5.240047946107189158e-01,7.955036100432915092e-01,2.327182537014118036e-01,5.948571096984374140e-01,9.003704113832706746e-01,9.632165066916174023e-01,2.487893377169979880e-01,7.472528031792121661e-01,7.260603962382486953e-01,7.517876809828142326e-01,7.279419513851258516e-01,8.914738184013115685e-01,6.402555447481148576e-01,5.125135470497258483e-01,5.793337119801984514e-01,7.033901461356170115e-01,7.630550915523955924e-01,7.876366547385993400e-01,7.774605901692294152e-01,4.903834893297362996e-01,7.986369890350095702e-01,7.171315801263777878e-01,8.337330265393676498e-01,9.916942192187572225e-01,3.557821198366688531e-01,2.089029395810678702e-01,4.958303962180877766e-01,6.076736158952618094e-01,7.713638206520895269e-02,5.913899943429299366e-01,6.535248509617505031e-01,9.814830810920167625e-01,3.139708808503200999e-01,7.185217709498352701e-01,6.473240046581223150e-02,6.944389311375078755e-01,9.877110513870677178e-01,9.410895766883642377e-01,8.650166148467339777e-01,9.839803987316617651e-01,4.138139785840206919e-01,7.305754232122085856e-01,9.838684247927205195e-01,6.563821081367203769e-01,3.307717363704004709e-01,6.362565469462071466e-01,4.922115932865909760e-01,5.059594583677780033e-01,3.100401886092840620e-01,3.462570487636841277e-01,6.018269402723471773e-01
8.063683488801005605e-01,4.483127574412209548e-01,9.228139940061785840e-01,7.530192488720556243e-01,0.000000000000000000e+00,8.956876121920811507e-01,4.739766259817599914e-01,7.844583160113434150e-01,7.788187365326740830e-01,8.195555215430821994e-01,7.384770480793514391e-01,6.079096521753222238e-01,9.469374849564790031e-01,9.476856189863871460e-01,3.550658486542929149e-01,5.961287961767198773e-01,9.876279740704937415e-01,6.930665631400448889e-01,9.409602391553142375e-01,9.824252528089512104e-01,9.931226892936069195e-01,7.255897855675751407e-01,7.123585781072615530e-01,7.632795178912161749e-01,4.995582828573962297e-01,2.085199039300253410e-01,7.449933974616996801e-01,5.261164124484285498e-01,4.830219309187218646e-01,4.210776145728434283e-01,7.759866353232272029e-01,7.075640903207698340e-01,2.592113822168641279e-01,8.540015663312370275e-01,6.771716719656412087e-01,6.005578952767676171e-01,2.896765087751098644e-01,7.560032956770125212e-01,7.414859792706895991e-01,5.265833042568992539e-01,6.082337462158381447e-01,6.633072400431574422e-01,6.206728098965429430e-01,7.506777215222888433e-01,8.906230385093784063e-01,9.088244936391554063e-01,8.991693685017981830e-01,6.685232411338510872e-01,6.586992292043918340e-01,9.061353347212116605e-01,9.055889046905860607e-01,6.526314308941448816e-01,8.400676856617524946e-01,7.555900017640529986e-01,6.104674151888352940e-01,8.005401254843569347e-01,5.615188993706019538e-01,8.924108683138628484e-01,8.194986914202934125e-01,4.210191729615782030e-01,5.037180112993702163e-01,4.509597948582216298e-01,9.525053849733421396e-01,4.709916612986523310e-01,6.870295106751027614e-01,6.453779890872721747e-01,6.152256099843206316e-01,8.566672679259230705e-01,6.113816986000980558e-01,2.569642395555354897e-01,4.299556819265571983e-01,6.400527593369712553e-01,3.548465475837775385e-01,1.932014469637910181e-01,4.123625495727751278e-01,7.183986601676538575e-01,9.692100982431521849e-01,6.518841448161444285e-01,2.509606560451780322e-01,2.561722375671458551e-01,4.202056756900738321e-01,6.611305512995809819e-01,8.326226378435508391e-01,7.923645388138131906e-01,7.928082651038879103e-01
9.284320226924668296e-01,9.431628977187134222e-01,5.243901691739579762e-01,8.882438572868426307e-01,8.956876121920811507e-01,0.000000000000000000e+00,7.800224792442544963e-01,4.371369204389054519e-01,1.312508655530673918e-01,4.871472223056485529e-01,5.140213403985165463e-01,7.286325234624790870e-01,7.204285656991675779e-01,3.185068030747683077e-01,2.174375968100671352e-01,6.116492300597019538e-01,8.330173949375562215e-01,9.576210257700831230e-01,7.785034564016277692e-01,8.464590038459621768e-01,1.878746008712158799e-01,6.428319703572060728e-01,6.943318704998594493e-01,8.270430947977337466e-01,6.191038033705147381e-01,6.070039594419074369e-01,2.140090536225800755e-01,7.043416508357508432e-01,5.014066767659510759e-01,4.836234090557805371e-02,6.813139379194959044e-01,7.475432430493348379e-01,6.508504539160568925e-01,7.863637498826683281e-01,6.186571033169950828e-01,5.713769917286369848e-01,8.031153571352556142e-02,6.663544861339899539e-01,6.880571786324275463e-01,9.317201128337335714e-01,4.251119225039847183e-01,9.785577562182212752e-01,8.993694394012757831e-01,8.529140316217977968e-01,9.590215507509951554e-01,9.095576661396923557e-01,7.149078314813653856e-01,8.208135495440198603e-01,5.548845462080564950e-01,5.184593567200038722e-01,2.578528477634756122e-01,3.066383189761947015e-01,7.075458239732805854e-01,8.865716306994988472e-01,6.431129614911139658e-01,9.255572640861371436e-01,7.315114988985060851e-01,8.588468565513074360e-01,9.659015427160477785e-01,2.236845299741949122e-01,4.762036658860392402e-01,7.654803352304249131e-01,4.084853538126598238e-01,4.383740393578778316e-01,7.631788088740661946e-01,5.014561971526857453e-01,6.320622977075102122e-01,8.994130407835506658e-01,7.323211525712413072e-01,7.915028157994513647e-01,6.676652899284962750e-01,7.140279921785465111e-01,6.703136331628579692e-01,5.432852551162717925e-01,6.814370215869565151e-01,9.219131763701711169e-01,8.720623209652698105e-01,3.766622500217603475e-01,3.960997982402564288e-01,2.853148485499916731e-01,7.107126916185767529e-01,2.232862952839190784e-01,6.225612436528096261e-01,1.759810912584561515e-01,7.777245014876301710e-01
8.115059659019215887e-01,3.042580250954344812e-01,4.786886356995420089e-01,6.876543788233734356e-01,4.739766259817599914e-01,7.800224792442544963e-01,0.000000000000000000e+00,9.180207464993754840e-01,5.603608730574596297e-01,4.664006808437514695e-01,4.529651675605866346e-01,4.657146249748414513e-01,6.576838227397204806e-01,4.449490565388722341e-01,3.096367362867787909e-01,6.792240263941982104e-01,9.237537975037212190e-01,3.626367053970432908e-01,1.770814281055276274e-01,3.736187392618834924e-01,9.626123698026540776e-01,3.339003508181007662e-01,4.047968463518767379e-01,8.125207395222902029e-01,7.203166287976783266e-01,4.676485525998915205e-01,6.029732988947255068e-01,4.441095644603472170e-01,2.573961907097202517e-01,5.641578286143571486e-01,5.658597556464913803e-01,6.800103186314172543e-01,7.535153946826158577e-01,6.219637175901764348e-01,6.635030289014123284e-01,4.237503505861539566e-01,1.480858835966340215e-01,4.236249474453923081e-01,6.327477804369996406e-01,5.802629406299143477e-01,5.541079363497630750e-01,7.837191670396094212e-01,9.043568492086584421e-01,3.243496166578618278e-01,9.100700669610839455e-01,-1.613668851977189955e-01,5.150129761191244437e-01,2.677436945433990870e-02,5.466045352537804991e-01,6.643152178702037558e-01,6.633321598636894301e-01,7.279154221723268536e-01,5.819093773057366636e-01,7.677989771660553853e-01,8.237324453678603886e-01,8.481647028685843637e-01,6.161632336361427820e-01,4.129154370566557875e-01,4.695571543696873129e-01,7.014670626603428660e-01,4.310965536993672798e-01,6.945309273058304367e-01,5.044319554939342698e-01,8.008648132280203891e-01,9.586005887700385086e-01,8.683483677333380113e-01,4.646853833351374252e-01,7.382804433045150327e-01,6.837701124397863595e-01,4.074405648113844092e-01,4.557758893052391569e-01,5.151933629964063899e-01,5.262727546965809688e-01,5.166123535713109671e-01,7.700872268484176830e-01,4.932588542459205860e-01,2.848152270093416982e-01,7.156880471000247601e-01,-1.095099050573966060e-01,4.990203979673886736e-01,7.216554092957025990e-01,8.181197288149907321e-01,8.966465798369245288e-01,6.918620962657759943e-01,3.908825005425470844e-01
8.670983537822772869e-01,6.124720140593746809e-01,5.758355398064536335e-01,2.298491686779347010e-01,7.844583160113434150e-01,4.371369204389054519e-01,9.180207464993754840e-01,0.000000000000000000e+00,6.736830209183775064e-01,6.816759861075458726e-01,4.428733377273866290e-01,5.953276346060731861e-01,6.108183809424533317e-01,9.491670590708453092e-01,3.679620657731081934e-01,6.658295735952697303e-01,5.431179661049381213e-01,7.162854777053151434e-01,6.361141961289802360e-01,7.162939634554811308e-01,6.733617716191213631e-01,6.320181468657065649e-01,1.828264764492608732e-02,8.409205841847975371e-01,9.789680293508614684e-01,6.453963589048123950e-01,7.640243985889486611e-01,6.140936624300966651e-01,4.600006944512067264e-01,6.060915645484626912e-01,3.241172005155604774e-01,3.723927952053419643e-01,9.639682811046538236e-01,8.224485218118747776e-01,6.334556007578644454e-01,4.079769721993152798e-01,5.205037442242783641e-01,3.711272264141290966e-01,6.193286980844541212e-01,1.453688707574101249e-02,4.853486502801526159e-01,9.622051054642575263e-01,9.385086998307978767e-01,1.144433964005078935e-01,8.748726247005269574e-01,9.139000052817907171e-01,3.557249104988761124e-01,5.412694200439831516e-01,6.232177613435928576e-01,7.567051063530683130e-01,7.117405295706989987e-01,6.610682156035713186e-01,7.193883882410548880e-01,6.520981185574722394e-01,2.247887763360180702e-01,9.516562555189528316e-01,1.644129212974093646e-01,6.496981517669483397e-01,7.328676960710850397e-01,9.849677809053750122e-02,8.274389349502929702e-01,7.443246635730924599e-01,3.664362684827623395e-01,5.068073425632677598e-01,9.369819207506884240e-01,2.700079365985375013e-01,3.925396692998343040e-01,9.942669570988491579e-01,5.747584590730689946e-01,8.403768370949187272e-01,8.505905593019185140e-01,7.261319829719456997e-01,7.364224765620193125e-01,6.917740903270721553e-01,4.717607194112948266e-01,8.835826081040403235e-01,4.214211271846409201e-01,4.461263818165879802e-01,7.479416726414594985e-01,3.968679023973045727e-02,8.723720835831968445e-01,9.309350135118875658e-01,7.094315486422425598e-01,5.015210212183610627e-01,5.371325502065118496e-01
7.814871301305627016e-01,7.138762078630723762e-01,8.200423306015403035e-01,8.962010912421150000e-01,7.788187365326740830e-01,1.312508655530673918e-01,5.603608730574596297e-01,6.736830209183775064e-01,0.000000000000000000e+00,7.228685241569662301e-01,7.855632921654702727e-01,9.731620513716422449e-01,7.149000206862577977e-01,2.997496937501974990e-01,8.893225351397823220e-01,9.263493196950084441e-01,9.782984874448487078e-01,5.338603361525212643e-01,8.295049651740120655e-01,6.471660019944276421e-01,6.116635974602520065e-01,6.666302910913579627e-01,5.226459856610768950e-01,8.747609288501041469e-01,5.989312703599416476e-01,6.264079009486538396e-01,2.361158753299455737e-01,5.090149181774800136e-01,4.960627800818409039e-01,4.789705959933159840e-01,1.526612447498114644e-01,9.335067103790060106e-01,4.161101479850897733e-01,4.501771902352704746e-01,8.225159904955778867e-01,2.968592209734300935e-01,2.751480422045131657e-01,3.227024398702764696e-01,8.796527422833185783e-01,6.693881629227641517e-01,4.200560897100940605e-01,6.371345723954973117e-01,4.496914281891049026e-01,4.844034342046430464e-01,8.407834396033604385e-01,5.494150156061603507e-01,7.566099521158391461e-01,5.027724132987316796e-01,6.446915981710257260e-01,3.718853090809883799e-01,9.604331691896491607e-01,3.639913888210274395e-01,7.049562198699834692e-01,7.800844082213924668e-01,7.257029410559363569e-01,6.798878684551644680e-01,6.919443654366170815e-01,9.338866124407900760e-01,6.734719980356090874e-01,6.377238599916078554e-01,4.837396768190094232e-01,4.019416528603855232e-01,9.698196141804178438e-01,6.594389783291961793e-01,9.221961396001266964e-01,3.977017591879332681e-01,8.483513608411413776e-01,4.566771612404670333e-01,7.648991661650454965e-01,7.337003378911385321e-01,4.286187218020839351e-01,5.224146838092709189e-01,4.449012117061121319e-01,2.686617984527120417e-01,6.739402478141514052e-01,6.878579347775758412e-01,2.907118145476673132e-01,8.715215029172712624e-01,9.817367581978805324e-01,7.541186121323169012e-01,8.754959165196437576e-01,6.986401236954530303e-01,6.694196585428302537e-01,8.767049973763497636e-03,7.075655023695659462e-01
9.324955887620534067e-01,7.346256924398066879e-01,7.849706220953855951e-01,8.560322157453452707e-01,8.195555215430821994e-01,4.871472223056485529e-01,4.664006808437514695e-01,6.816759861075458726e-01,7.228685241569662301e-01,0.000000000000000000e+00,6.633597011216711969e-01,4.036700471968751591e-01,2.239610914459079782e-01,7.553516048502811886e-01,7.995339403106676013e-01,8.702446852405594235e-01,8.440881963324111670e-01,4.448061381633208744e-01,3.524954206553118086e-01,9.134708518363652274e-01,6.186717449352283626e-01,9.321857827284036890e-01,8.963287882682400287e-01,8.340155777295215067e-01,5.900504309632126354e-01,9.551470656919802682e-01,9.876293771835638058e-01,2.640940766838656972e-01,7.629295410405542155e-01,4.608680581557262346e-01,6.499754761025938743e-01,4.810554993018742453e-01,7.446075000043284042e-01,7.443371678400696467e-01,6.439785933124404504e-01,8.693435006268573906e-02,7.938940422724251045e-01,9.366032468580297587e-01,9.460206446267718228e-01,9.716265264514325484e-01,3.079167369096227347e-01,6.304023214376515138e-01,9.960292301515181190e-01,9.136970175539486094e-01,2.228282041814042547e-01,9.263250870566264172e-01,7.816514472565236904e-01,6.380841999555846300e-01,4.830715236028181314e-01,5.559752763916443463e-01,8.478112915672406658e-01,4.526220837789771689e-01,7.096565225438520308e-01,4.163525508385906293e-01,5.403183865226959259e-01,7.308641747103437059e-01,9.000749855919984999e-01,9.427070675422801749e-01,7.330833353296580812e-01,5.648877889605757874e-01,2.644358241665669684e-01,8.908802268656489387e-01,8.573381399742541209e-01,5.353813512928539131e-01,7.990714852637004206e-01,9.804465466130278806e-01,5.679672457614323156e-01,6.010222676565711852e-01,6.867563018145494969e-01,8.396834153969934267e-01,7.700082912816205161e-01,7.676570721680577858e-01,2.439266987126555430e-01,3.764296786885058532e-01,7.564627418300322592e-01,9.296199208145006221e-01,7.482954064247840931e-01,8.116807897561384433e-01,4.040864933659782943e-01,4.245497325267185706e-01,7.905279805946284766e-01,8.090084195199582773e-01,8.273887196154047219e-01,4.398555149728592961e-01,7.169789853248735856e-01
8.747380792911680913e-01,7.573355799783954012e-01,8.887668015973075875e-01,7.792148577677343591e-01,7.384770480793514391e-01,5.140213403985165463e-01,4.529651675605866346e-01,4.428733377273866290e-01,7.855632921654702727e-01,6.633597011216711969e-01,0.000000000000000000e+00,6.726167793612283230e-01,9.246768228781476751e-01,8.667209483536476577e-01,4.486624235755967693e-01,9.088532288302835216e-01,4.547911647792050593e-01,6.356112392831407831e-01,8.911543347702830520e-01,8.859820962994849891e-01,4.587420697667112801e-01,7.583453533507120703e-01,7.231830634422029558e-01,8.552186872094611481e-01,6.857529958848570528e-01,7.341351305022161267e-01,5.165474948426211910e-01,9.652387482509711125e-01,6.440597318662514281e-01,7.095892963370336037e-01,2.591425478350117828e-01,9.510686342540651816e-01,7.108959562757876105e-01,8.626915641249763844e-01,5.103067767089143336e-01,7.744521511016985160e-01,3.699996487123365929e-01,7.604975089200696203e-01,7.613713143277879292e-01,4.296006268117729676e-01,3.374790572860342230e-01,5.545030901602664430e-01,9.475634654816553759e-01,4.597036755595146351e-01,9.881316932851493817e-01,6.237537903923694449e-01,7.318666130109656442e-02,8.848273491659168766e-01,5.825663428439328273e-01,6.177370923078941978e-01,6.322169172900694578e-01,6.135338051877544663e-01,8.494723616348809347e-01,1.790177099042866427e-01,8.155032853930668235e-01,2.736474135338279323e-01,9.101689842931987018e-01,6.548444171693328375e-01,4.451816433517457039e-01,4.357577817128716058e-01,7.497895176857116706e-01,1.191777316817008991e-01,7.095286931651167972e-01,7.399662056234050933e-01,6.394309209209330103e-01,7.079972820650699550e-01,9.658117894861129038e-01,4.441316010886282029e-01,4.162019286154559072e-01,1.065567459908485330e-02,6.881430857487549346e-01,5.181722926880966140e-01,8.152260863033693461e-01,1.418557111839625073e-01,7.543500154273288238e-01,6.847757788785259203e-01,6.771679268244912286e-01,6.306377604970838657e-01,6.799043612098932821e-01,2.099744352327523322e-01,4.209831994845818492e-01,9.198193010701176675e-01,7.720583788047196139e-01,6.208801310908322879e-01,8.567398701349825396e-01
9.868678457742650068e-01,6.387288066549927645e-01,9.963647558253354575e-01,7.583226657470857335e-01,6.079096521753222238e-01,7.286325234624790870e-01,4.657146249748414513e-01,5.953276346060731861e-01,9.731620513716422449e-01,4.036700471968751591e-01,6.726167793612283230e-01,0.000000000000000000e+00,8.517740255507720848e-01,9.551237844904720831e-01,6.586542412184192008e-01,4.309308022277235639e-01,4.892903189516004669e-01,9.213166889653285896e-01,2.306045801229951453e-01,5.213642766241067816e-01,9.881106023519588000e-01,2.561275542439254704e-01,6.502423726065198473e-01,5.977176343087556853e-01,7.826560616264877090e-02,8.105957379073159830e-01,7.440834812347466576e-01,6.220907370486945531e-01,2.411780019745531078e-01,1.300117697950162743e-01,4.492090494926824773e-01,8.325908182210486341e-01,5.886798842897058570e-01,8.546792596444022783e-01,7.431571678090677091e-01,3.856906784011586709e-01,5.955241246949152245e-01,7.263311533570794287e-01,9.282149192142199468e-01,7.147127744192119936e-01,6.928809286451024230e-01,7.682452001833307564e-01,6.393936201993197788e-01,4.751954948852135097e-01,9.895314838700390858e-01,9.619062819979882217e-01,9.888199616850238405e-01,7.317939531973511880e-01,7.669709534925572836e-01,8.615543557019194054e-01,6.201645701426866664e-01,8.527338477448229703e-01,7.506009818268819522e-01,3.273911296302857155e-01,9.627231669789906299e-01,7.965775826480336885e-01,6.200328278284362726e-01,9.412121108906179590e-01,5.613689385607161242e-01,5.472851190691649936e-01,-1.574061065379137869e-01,5.914314938444071856e-01,4.371225822805056005e-01,8.297211251418411537e-01,8.452863626451427859e-01,5.664774668393144363e-01,9.597170010343336610e-01,-2.534526959240834820e-03,6.603334941763653321e-01,7.544695350371795062e-01,8.859775948955240787e-01,6.606533206801257219e-01,2.389200999014526317e-01,2.178689890684858688e-01,6.922003294088553416e-01,6.548898882879820027e-01,9.666965616469742617e-01,4.518999803918914426e-01,2.930331366711571572e-01,4.613840864440773570e-01,3.982667589574245826e-01,7.805923241912962052e-01,5.832845482831372497e-01,7.338873126793037382e-01,4.959053458512573398e-01
7.478159491301097361e-01,7.315119709256954206e-01,6.486029833582890314e-01,6.634224158670820604e-01,9.469374849564790031e-01,7.204285656991675779e-01,6.576838227397204806e-01,6.108183809424533317e-01,7.149000206862577977e-01,2.239610914459079782e-01,9.246768228781476751e-01,8.517740255507720848e-01,0.000000000000000000e+00,6.607108064551373561e-01,8.246491618593394524e-01,4.609328707310546003e-01,7.753439039367886476e-01,9.718064894305409318e-01,6.454872273563823093e-01,8.944057725196299380e-01,9.357207857991450828e-01,8.010986198611727005e-01,5.292293611212253723e-02,9.179330913976782025e-01,5.944917933322205750e-01,9.994621002569552548e-01,7.089605040263101676e-01,9.060285814125342840e-01,6.150749175294467630e-01,3.939030803837784145e-01,-1.066091485243256809e-01,4.812193060154013047e-01,2.353276778073949693e-02,6.170335817123091537e-01,6.705817765361896665e-01,5.752467020612161974e-02,5.967609222132315150e-01,6.819097319422472436e-01,5.732351167169549289e-01,7.560595385727826301e-01,6.646198271292247384e-01,9.526965488477069366e-01,6.141314922333049875e-01,9.905220443868114621e-01,6.892223099673309150e-01,7.519700957910747663e-01,5.132239131750587768e-01,9.862940330073171058e-01,5.687652620495855516e-01,6.671167149651647810e-01,5.428946083711214676e-01,6.768085826107523850e-01,8.152135753245461913e-01,8.145218183421940594e-01,8.962880418780292402e-01,8.797720309240519843e-01,5.681251113313632306e-01,2.598639507450241082e-01,3.370590955756759266e-01,7.591039689942316038e-01,2.925976193968358730e-01,6.304412170461183296e-01,6.932768027064116767e-01,8.287892379207746352e-01,5.369102059576811303e-01,9.000966626098625412e-01,8.264516948294949872e-01,6.122019504796381018e-01,7.067747717455377110e-01,8.996560789430881888e-01,7.050508846303221722e-01,7.010870425898787506e-01,4.117078259700254206e-01,3.064496108903981275e-01,6.222230994996948983e-01,9.678802110265554148e-01,8.535463427150441484e-01,7.897204302964315747e-01,7.250767910232286395e-01,1.282481700353369503e-01,5.938744860791509428e-01,8.923618513116102768e-01,9.818735060777226131e-01,7.949242702024958973e-01,9.058532679230419937e-01
8.684731275063048983e-01,6.417585691227156719e-01,6.717722396404324225e-01,6.097448992146213831e-01,9.476856189863871460e-01,3.185068030747683077e-01,4.449490565388722341e-01,9.491670590708453092e-01,2.997496937501974990e-01,7.553516048502811886e-01,8.667209483536476577e-01,9.551237844904720831e-01,6.607108064551373561e-01,0.000000000000000000e+00,5.484835548693833829e-01,9.758760137001296631e-01,9.209078942858583972e-01,8.138747992201406101e-01,1.706016963343925941e-02,7.803413497173361524e-01,8.364654627186456359e-01,7.796285644565775774e-01,7.522910715287978167e-01,9.339111056097577634e-01,4.954244789781771519e-01,4.545134439374891588e-01,-3.987627791928174958e-02,5.759086857777451218e-01,4.176894151418569789e-01,5.383372720752748197e-01,4.938250675161793279e-01,4.812009232082670174e-01,8.276208363459524042e-01,7.056882372519456270e-01,9.233457593130207641e-01,2.763595904110504042e-01,6.997131727317620342e-01,9.941509126640633021e-01,4.329691668564386031e-01,1.225864947006977401e-01,8.159488406397203963e-01,3.781085563110414549e-01,8.347539312635817721e-01,5.378173534525020338e-01,5.902530275375501567e-01,7.069554563787423529e-01,7.274442262538445281e-01,9.480634840301029875e-01,5.787721679654043161e-01,5.484103784041552965e-01,8.744363196688109685e-01,5.555008030222788884e-01,6.036543957347281220e-01,8.012451808186000779e-01,6.166286894655486073e-01,8.118000560688822809e-01,9.730051737035504411e-01,6.592651305109774595e-01,7.845996772489849391e-01,5.461872862818114571e-01,6.299427375767073789e-01,7.246717337919336144e-01,6.686937420163788781e-01,9.252715070433532585e-01,7.519771107047725778e-01,4.814033819658052327e-01,4.347924235608703336e-01,8.194720249741231921e-01,4.087997192897867560e-01,9.762611023810594535e-01,9.323287771040363880e-01,6.984113331880643649e-01,6.845718464186885122e-01,3.328023347290761658e-01,6.648306184572605471e-01,6.990956559000440773e-01,6.557073871421836841e-01,9.354368687698199070e-01,6.979343430705675644e-01,3.622280240078110669e-01,8.222746275672329075e-01,6.177543382319956589e-01,6.890739908789099699e-01,6.685832081061517940e-01,5.728828009337827432e-01
7.810146674144550216e-01,6.626885895837265616e-01,8.705179607923898555e-01,6.393358236646765613e-01,3.550658486542929149e-01,2.174375968100671352e-01,3.096367362867787909e-01,3.679620657731081934e-01,8.893225351397823220e-01,7.995339403106676013e-01,4.486624235755967693e-01,6.586542412184192008e-01,8.246491618593394524e-01,5.484835548693833829e-01,0.000000000000000000e+00,4.329563408544562231e-01,6.223514051725528295e-01,9.552122375697524870e-01,7.180437036332372180e-01,6.554977500005972901e-01,9.929975210625197057e-01,7.720720647178227480e-01,6.062346536510523354e-01,9.903733218725261356e-01,3.353569278836103784e-01,4.534930942565755241e-01,6.342043771636458604e-01,7.224381765858340909e-01,4.408959025500313600e-01,4.445738440875572905e-01,6.449658337633321636e-01,7.077792603449409858e-01,4.532547533102073700e-01,5.100144837945029819e-01,6.704709199351828186e-01,6.804700772564903355e-01,3.284452406675807401e-01,8.237181022067349145e-01,7.775999442062040412e-01,9.763346781087303139e-01,7.122558007690056592e-02,5.315267649467775302e-01,8.114522263894806686e-01,6.212650419593810369e-01,6.124988399614024193e-01,9.159461030845099661e-01,2.098113552530820047e-01,1.075121936598076866e-01,4.392458786503065649e-01,7.072737249928986447e-01,6.231797112412800210e-01,9.203288249533478904e-01,7.161863224933552319e-01,4.087078840194572349e-01,9.967679674456800809e-01,6.663974348831338546e-01,4.135309115283740122e-01,4.525004616986852968e-01,2.271208371589180097e-01,3.163948605843167616e-01,2.547896473651342641e-01,9.095398746366202269e-01,5.723141606469882570e-01,5.196727093543095366e-01,9.724287388836134749e-01,4.294831467935388836e-01,3.625878173740024746e-01,9.570283516180237982e-01,3.065621443166963722e-01,8.401932139643844000e-01,4.434770239323774232e-01,8.186428754924065521e-01,4.387333850778395439e-01,2.839211110602564703e-01,6.238361877547606849e-01,8.571044251422306193e-01,4.673562245347909205e-01,4.135016101650768050e-01,1.150068402600741384e-02,2.682544548373210769e-01,6.009381226662745545e-01,9.572393203779239190e-01,8.187714434551982556e-01,4.095874795398365964e-01,7.337405362885780491e-01
5.896057243534801318e-01,7.237647526037802592e-01,8.444870475628245554e-01,7.515957983964356437e-01,5.961287961767198773e-01,6.116492300597019538e-01,6.792240263941982104e-01,6.658295735952697303e-01,9.263493196950084441e-01,8.702446852405594235e-01,9.088532288302835216e-01,4.309308022277235639e-01,4.609328707310546003e-01,9.758760137001296631e-01,4.329563408544562231e-01,0.000000000000000000e+00,4.440043146089623916e-01,7.671428956850513403e-01,9.988902588050174725e-01,7.192694326348402223e-01,8.913328603796490945e-01,6.945689008485238514e-01,8.658089780798272628e-01,9.106398367699618523e-01,5.501728886519605677e-01,7.757264490078417118e-01,6.928326107871666251e-01,9.852807212334550035e-01,5.432625951152043609e-01,4.184379175205566459e-01,9.358484497255457890e-02,7.984300720453468836e-01,8.132313074149281062e-01,7.283540626321312050e-01,8.327436591749758366e-01,5.523829791596160943e-01,2.780691027135064330e-01,6.494815915025002884e-01,7.609740133414955032e-01,8.873205164469301076e-01,9.207685470206478096e-01,9.349675707563426252e-01,6.147010494529290270e-01,9.849942458811952184e-01,8.868883960831139834e-01,8.341139864222230083e-01,7.348425777503786449e-01,9.938250422540240159e-01,6.050142121263959449e-01,4.796709306867812939e-01,3.982018049917749325e-01,8.961296726770003884e-01,7.450679913600593007e-01,3.752324426429212156e-01,6.480825081627432649e-01,8.954465974643283088e-01,3.570197167639144187e-01,6.870275022764938955e-01,9.997676957650994956e-01,3.708985907633182699e-01,5.872958088555054745e-01,6.223679226672638176e-01,3.313671573241424584e-01,-8.915942590424646985e-02,5.905193749656793001e-01,5.513080567958393852e-01,6.602705214716941828e-01,6.286119085463192091e-01,5.947634358704000368e-01,5.805581745187874398e-01,5.913293850578533739e-01,5.328775134159119409e-01,2.960201255705020018e-01,9.727482302321827090e-01,7.618402399447257167e-01,5.823154032026929272e-01,6.938817115261672885e-01,9.304441527691287295e-01,5.765602349457678022e-01,4.497665698451679406e-01,5.155841398414233723e-01,8.498252292517849416e-01,7.531012134373323841e-01,3.029170659501194129e-01,7.471884222228515338e-01
9.146312859284820851e-01,7.747495154083223756e-01,4.001249087054282172e-01,2.129404274596745639e-01,9.876279740704937415e-01,8.330173949375562215e-01,9.237537975037212190e-01,5.431179661049381213e-01,9.782984874448487078e-01,8.440881963324111670e-01,4.547911647792050593e-01,4.892903189516004669e-01,7.753439039367886476e-01,9.209078942858583972e-01,6.223514051725528295e-01,4.440043146089623916e-01,0.000000000000000000e+00,9.358115579584761479e-01,6.042497749443423993e-01,8.974061748408405093e-01,9.035517820565432956e-01,9.342649164735019607e-01,7.227977623540206009e-01,6.719021174233441585e-01,7.432879661960523077e-01,3.279388149163993127e-01,1.544093415423396232e-01,9.722012486383831975e-01,1.544897335274060812e-01,2.036601265919679160e-01,4.946133457802260420e-04,7.532941465618562260e-01,9.383468931573435423e-01,8.082703072487078533e-01,9.029672162208783881e-01,9.846555890096663211e-01,1.724574827879168937e-01,7.301264274084170447e-01,9.216452585019516697e-01,8.342587213235210797e-01,5.001727357593601653e-01,6.770443929686560391e-01,7.623619177282454640e-01,6.681323294701021487e-01,5.694954862473838864e-01,7.626208497844340073e-01,7.195711924975813911e-01,2.659898337066538554e-01,6.817806135999437966e-01,8.550722894123127249e-01,7.122497374126072200e-01,8.481375590471461612e-01,8.875548095211970301e-01,8.650702549554318832e-01,7.583054438297935906e-01,3.222403861572890049e-01,7.644678298433011943e-01,7.766800081580569337e-01,7.879096271629206782e-01,5.472142830359536525e-01,6.109601958787188591e-01,4.974065619605430033e-01,-1.102797584955607507e-01,7.115230304166155761e-01,3.490632903382621111e-01,6.510492134505693196e-01,4.865900059686721901e-01,8.488339873637207322e-01,7.363160688460147485e-01,7.448169804859147147e-01,1.058952970676869110e-01,6.064390273474786763e-01,6.409159917896674052e-01,-1.996568192117448293e-01,9.661085943218717942e-01,9.158730855430590179e-01,8.158504028031523525e-01,9.132167042613822394e-01,2.207776974340488751e-01,6.920218592325675377e-01,8.941139330418109710e-01,9.320619206928157929e-01,8.397641069864699714e-01,5.014517804515418176e-01,5.205864809934572790e-01
8.564328161452955390e-01,6.006377605890561577e-01,9.545191825029309962e-01,9.807901581134150781e-01,6.930665631400448889e-01,9.576210257700831230e-01,3.626367053970432908e-01,7.162854777053151434e-01,5.338603361525212643e-01,4.448061381633208744e-01,6.356112392831407831e-01,9.213166889653285896e-01,9.718064894305409318e-01,8.138747992201406101e-01,9.552122375697524870e-01,7.671428956850513403e-01,9.358115579584761479e-01,0.000000000000000000e+00,3.559513991203269723e-01,9.329300448478617946e-01,7.184071824638591508e-01,7.924411282903027764e-01,6.716398868158013347e-01,7.805648847512585142e-01,3.841551672413339169e-01,5.117249709105977651e-01,8.548935042138559037e-01,6.774963330350037838e-01,8.308569004641513933e-01,2.409609355248803764e-01,6.380842763930210104e-01,7.122208399913444454e-01,6.429792036594557114e-01,3.099372358856112286e-01,3.809705028053430031e-01,7.105703409009912486e-01,2.430560285457141964e-02,9.889213396424996194e-01,5.295437578805965995e-01,7.740875516488525676e-01,5.610276904045962132e-01,6.020930301688659503e-01,9.639828373512099313e-01,7.929046769884051660e-01,8.901510601607469653e-01,6.016431323409805465e-01,2.873896104798289719e-01,7.919728673308423783e-01,7.515992928017674046e-01,5.411352502009687537e-01,6.894118167879512704e-01,8.158903389954029750e-01,7.472292856569862085e-01,6.273598471600116966e-01,9.412778941091037854e-01,4.748859854303204564e-01,7.322882669409579437e-01,9.049027547952447348e-01,8.041769724700238431e-01,5.654038503987253161e-01,5.197458609994287659e-01,8.050818192739574997e-01,6.681343467618059417e-01,8.647654327816840514e-01,9.645536287690796851e-01,6.583003200824937284e-01,6.773352101692199367e-01,8.097437417961848016e-01,4.657291737200253690e-01,1.209784690121512157e-01,8.299129253458529254e-01,4.252644263407933112e-01,3.243577125902940006e-01,4.407481353430681148e-01,7.631670910476751057e-01,5.923284309051689567e-01,8.729973644798701971e-01,4.194411185813174958e-01,2.750353930887071141e-01,5.001865172391470882e-01,9.969845558489858206e-01,9.075286838266940492e-01,6.730390356828631626e-01,7.241611944464589889e-01,7.926793069705351247e-01
