0.000000000000000000e+00,9.821207261850664061e-01,9.668361278227101119e-01,6.718388649948411340e-01,9.324782640493846086e-01,9.612635551133719147e-01,6.221270779159735476e-01,7.297094129367277526e-01,4.502130044291424160e-01,6.471552730080483151e-01,9.136076728312975126e-01,6.075001528551382535e-01,6.979729817681781245e-01,9.861683145403253858e-01,6.932966449068942438e-01,7.174722816785802371e-01,6.054154828623945495e-01,9.752212194733052009e-01,7.611846831153301629e-01,9.166374750428792906e-01,7.241583692222962609e-01,8.645402341316755779e-01,7.267383739631957384e-01,9.025308234418456532e-01,8.301151102043571317e-01,9.202409765067828262e-01,7.167569987346723570e-01,2.212498682524260407e-01,2.726457891110090070e-01,2.861314740717675331e-01,-1.355132840157740048e-01,7.222134770055080866e-01,8.169873390451606321e-01,6.351946633957631372e-01,8.628202570435775653e-01,2.334562241886342371e-01,2.924764359171342920e-01,8.023846797834082167e-01,9.337927664031504538e-01,-1.375750779740916863e-01,5.506933522009185289e-01,6.434295999705733626e-01,4.161063086174702774e-01,7.758747598101152221e-01,7.652754800226286847e-01,8.824677504293020336e-01,9.451657825689547821e-01,9.131870724336657030e-01,8.659801720527124935e-01,8.550290275734454548e-01,7.450279435783567772e-01,7.457375939385859631e-01,9.575887274265787452e-02,8.429976300217000285e-01,9.317263918891741659e-01,9.708214573228751698e-01,5.138215940127931480e-01,9.184001525308252978e-01,9.586372048564373305e-01,8.085154378284370447e-02,7.006464268635376191e-01,8.115225293489018998e-01,9.449682588012023876e-01,6.012972072557853931e-01,6.075300213639110991e-01,8.136154768708908636e-01,6.103200657088694303e-01,7.414700356665545611e-01,6.619998925273486989e-01,8.757684035364277086e-01,9.862214391915548051e-01,6.640992511571510715e-01,6.103585086457057329e-01,2.575850098990256631e-01,8.009960439414675060e-01,9.956951189732724528e-01,8.201009322339840590e-01,9.714933562766063790e-01,5.927422419794543540e-01,3.699144665704379165e-02,8.765104103182507211e-01,4.172125417305448392e-01,8.983033111525574599e-01,3.652759238436950051e-01,7.725802941977133464e-01
9.821207261850664061e-01,0.000000000000000000e+00,9.286742597945277788e-01,8.728741633863363880e-01,6.620671109602174198e-01,4.950671439598186008e-01,7.957069383072858937e-01,1.721650102569731791e-02,6.663523952198709965e-01,9.895078181631931091e-01,6.764213526722870906e-01,8.418997163114491089e-01,7.191241457682406857e-01,6.744706541612501827e-01,4.876338288080634964e-01,-2.692347012345717161e-01,8.995628035303770975e-01,5.068314656362638004e-01,9.167378196980753291e-01,6.203028620580750552e-01,5.045309977373471089e-01,7.760602572689856427e-01,8.608113886550099458e-01,9.871651400335097470e-01,4.878306613670632119e-01,4.781146628262095133e-01,5.725204654417204164e-01,6.828669955308940276e-01,6.890973883828689361e-01,-1.486686692732275272e-02,6.319412931789392118e-03,7.699869104868821701e-01,6.029245323906756715e-01,6.521748983982642578e-01,9.185498570157085707e-01,7.010266047706389392e-01,3.111020872221769706e-01,5.516824296461916299e-01,7.407493997119908302e-01,7.216983515446147024e-01,3.072601719866768777e-01,7.359969864737727629e-01,9.964052289093912051e-01,8.641119108062325083e-01,9.372617381220869071e-01,6.486486701671795307e-01,9.675692474162205237e-01,9.763003545230201086e-01,7.902874245935812558e-01,4.739581699781590385e-01,5.764111593794283284e-01,6.352480988759294789e-01,8.583610249951065807e-01,7.907354415263974090e-01,9.607519422196844072e-01,9.763489973700288926e-01,6.605143636017183351e-01,8.124447878331438888e-01,8.579539362499384314e-01,4.478650782581205525e-01,1.302073587943914645e-01,1.429619891511752783e-01,8.596579996552294878e-01,9.226158771421588689e-01,3.993460784314253331e-01,4.387387356293151464e-01,8.949222686473308208e-01,5.502804267455108089e-01,5.076009080888447267e-01,9.445945509748895352e-01,6.577826339579599946e-01,6.725704554223550513e-01,6.185885637982426744e-01,6.416658980560614456e-01,3.303643185453876141e-01,7.217371785772623838e-01,6.922890354901806154e-01,3.486446771488511120e-01,4.461052597838107703e-01,1.674546040421956983e-01,6.388873375888995954e-01,9.095998445284151357e-01,7.590497191327733040e-01,9.823682724917176534e-01,9.387570416054642486e-01
9.668361278227101119e-01,9.286742597945277788e-01,0.000000000000000000e+00,5.388172701287136102e-01,4.180231531233684072e-01,9.731010373183690554e-01,4.762266300143713216e-01,5.951375363192200618e-01,6.190361727537063707e-01,9.759988278795416194e-01,2.903374450408117702e-01,6.831564400962003569e-01,9.663162347885257963e-01,6.631120814247702944e-01,8.703989648360548337e-01,9.375474319783374533e-01,8.393301439862209667e-01,6.080835046644532671e-01,5.398896084100707204e-01,6.557826215153031990e-01,9.906783930910247893e-01,6.700506553414486977e-01,8.932819594065670721e-01,8.783980813761914641e-01,8.489524308597512503e-01,9.392659258601003813e-01,6.664142117658395925e-01,9.928102548223205481e-01,2.770583527940010393e-01,1.538940987553253370e-01,6.580070904073843652e-01,6.639977537891682546e-01,9.763993363609544396e-01,9.797113486434408935e-01,6.547372309269833268e-01,4.804698949630189508e-01,3.804617178700113733e-01,9.104080817465318720e-01,5.953926176023505157e-01,9.634256632536726261e-01,7.467695795972059125e-01,8.376943201430934183e-01,6.785351377224125846e-01,8.937797824891740017e-01,8.575501543693064832e-01,9.315906209886257727e-01,6.099413844737772150e-01,4.156604601738032034e-01,9.647463320905678152e-01,9.269194716308286619e-01,9.829369974739518012e-01,8.279421766629773138e-01,6.863113668714482252e-01,6.761533926234636338e-01,8.550204611871705662e-01,7.553410577029787687e-01,6.727004031640766435e-01,8.772929856012496863e-01,9.228004784914642933e-01,7.563342652736322336e-01,5.071801358981699037e-01,8.571947929845904479e-01,8.241752127514155868e-01,6.037900609913265937e-01,8.205064213631104719e-01,5.288237482368626230e-01,6.955491836831042551e-01,6.857782221776616005e-01,8.732204104321404925e-01,6.200399837674417380e-01,7.025788808322579460e-01,5.231538267319206792e-01,9.852765821520431677e-01,3.699298566866862092e-01,7.941249933101249825e-01,9.977337202591942678e-01,8.959761095072710235e-01,8.699510348866401621e-01,6.896799706040190880e-01,3.029967464408619970e-01,9.203976706110297834e-02,9.081181373017767067e-01,7.344547000712535745e-01,7.467701081016550058e-01,8.096692587021915299e-01
6.718388649948411340e-01,8.728741633863363880e-01,5.388172701287136102e-01,0.000000000000000000e+00,9.751085300422824842e-01,6.810298072647418266e-01,5.543395636682855177e-01,7.186366651056966814e-01,6.190300877705328109e-01,9.264600261711495310e-01,6.734740639535043982e-01,8.870229438871238825e-01,8.004170460256734287e-01,7.503994339305066763e-01,7.966673653801759070e-01,9.611310911526279588e-01,4.621987574657594466e-01,6.989252857608144187e-02,1.857014096974117234e-01,9.206812507853411320e-01,8.107777022396109867e-01,9.241114432236138265e-01,8.589715321542895632e-01,7.029379165385504225e-01,5.796907565786313388e-01,4.246751395318183464e-01,8.036386543447276987e-01,8.485330874621627162e-01,5.910442927665180424e-01,4.527637659101450551e-01,1.179967398584357979e-01,1.997158693358727921e-01,7.497343258917535946e-01,8.933101052561738531e-02,9.278385645428370854e-01,5.799752964084079476e-01,2.301708210704925262e-01,9.179514466929670213e-01,9.404959932361263153e-01,7.991347730134424898e-01,2.548966807663475276e-01,9.453049159180577643e-01,8.962123642831222314e-01,3.312389810094468756e-01,7.522531464811014201e-01,6.377529091907364611e-01,6.956742342314640171e-01,9.182549511305075907e-01,6.031357847301329622e-01,1.050928738537445090e-01,6.204570698150926322e-01,3.025460333611883490e-01,4.128439992246679680e-01,8.919560116973167530e-01,9.994649307310229380e-01,9.992744264955875089e-01,6.314957497573836509e-01,4.709251265757004590e-01,6.170045025599867339e-01,4.531395219818351583e-01,4.672434870503432425e-01,7.503266684712235346e-01,7.113669012458774255e-01,7.683512680217365887e-01,8.012702061099968853e-01,4.038047684966890039e-01,6.655456265780209657e-01,9.490899661129734710e-01,-1.873961552100688321e-01,6.133923536371559404e-01,8.193873819587691454e-01,7.078155383888584673e-01,3.193436974345276735e-01,3.069373337715857186e-01,-6.765019441270447853e-03,4.162631284527611442e-01,8.295584556299401280e-01,2.784944704448160668e-01,7.767975822709924927e-01,4.850629295614101721e-01,6.905032133963941998e-01,2.053263411434894103e-01,9.129548292328453218e-01,5.487921336309440346e-01,9.368384254408809175e-01
9.324782640493846086e-01,6.620671109602174198e-01,4.180231531233684072e-01,9.751085300422824842e-01,0.000000000000000000e+00,5.525016613682187661e-01,6.540175359453420656e-01,3.910101599239944603e-01,9.481219227511543668e-01,5.548556837513435314e-01,6.246965295237578708e-01,5.409579224965268551e-01,7.775890251495870542e-01,3.546678326221893718e-01,5.491651861363797682e-01,8.994178836000390476e-01,7.716147678484977512e-02,3.613519362249978939e-01,2.241057123331604561e-01,4.751200364305327994e-01,9.618265740593079371e-01,5.828208307286236733e-01,6.715574750100165025e-01,8.413093573932315383e-01,5.993884883008140929e-02,-1.184214754184498286e-02,9.205733122871585516e-01,8.882393961872865340e-01,3.855264623023886561e-02,2.901207696805710445e-01,2.493325910329147188e-02,5.896810845632667331e-01,6.937039749723878934e-01,6.780544867754261240e-01,8.384146944709580662e-01,5.423475756823071814e-01,2.509183313633996937e-01,5.310552196208095932e-01,7.805568669986417962e-01,9.599398754990224880e-01,7.218215026684861035e-01,8.494793637840500899e-01,9.650424446576492121e-01,8.810664749268635187e-01,9.784403328266847444e-01,3.999984038109064000e-01,6.276771623014703039e-01,4.090471057657598664e-01,7.896168181499957361e-01,7.911993598585131959e-01,1.792767981608753836e-01,8.817347167415399145e-01,9.812936049346667744e-01,9.990156815404732660e-01,9.878591830099295867e-01,4.215346913243018800e-01,4.950028514503842514e-01,6.697825087997471005e-01,6.118410163986796046e-01,9.544782309230999129e-01,5.044079840279546145e-01,4.704494225816200359e-01,4.355100846978900986e-01,9.200864735831215668e-01,9.686009642243942341e-01,5.898255320574978811e-01,6.214207137688724236e-01,9.252455006467221743e-01,9.889078845139319673e-01,9.327835710885087339e-01,9.254974245834100000e-01,4.693992911901018750e-01,9.719506975630054502e-01,8.097812130246883067e-01,7.015619872130532952e-01,2.831330083395973141e-01,7.613887843503919228e-01,7.718225497990842676e-01,5.682550798699957939e-01,4.821677976190173048e-02,6.586324999159779425e-01,9.936345563739603648e-01,8.473453543026231438e-01,1.192374173003398347e-01,6.225576637871717001e-01
9.612635551133719147e-01,4.950671439598186008e-01,9.731010373183690554e-01,6.810298072647418266e-01,5.525016613682187661e-01,0.000000000000000000e+00,6.006883859898095590e-01,6.009106712322347388e-01,7.338587112382317645e-01,6.852969637558723459e-01,6.688987086278213035e-01,6.889794160361674136e-01,6.054245768946373563e-01,9.309489911070952806e-01,5.547964927915409739e-01,9.221908810153093272e-01,3.000580711821267399e-01,3.063474663725689329e-01,7.925788066386393327e-01,6.094271889916053064e-01,6.621734860828887292e-01,5.504785309057689258e-01,6.865623187245474268e-01,8.167219999061192670e-01,6.898525825475871898e-01,5.460115901178311804e-01,9.033871432086214570e-01,3.418141066431834574e-01,4.062851820239324896e-01,2.607314243191304892e-01,2.205269358972796467e-01,6.595159427787843087e-02,3.685168042949268363e-01,3.149976550023771971e-01,4.721509370310463805e-01,3.814241005838272525e-01,3.232467789790398616e-01,8.356331063010600246e-01,9.046774780481920963e-01,8.311920243605216418e-01,5.841610411532163205e-01,5.022124086578236835e-01,8.129568754171438982e-01,9.706597629770647995e-01,6.569313604448767663e-01,9.709163697145436478e-01,9.644535439816819267e-01,8.616729120392390140e-01,5.215388302861470038e-01,8.283993864503129689e-01,6.266222335912648989e-01,7.330773600267724843e-01,8.741719523288504767e-01,6.236191295098261200e-01,8.095659235086277716e-01,9.145527714171169942e-01,8.644106543041744084e-01,4.053544049247208014e-01,6.325282385230606153e-01,-1.608790293546261685e-01,-1.921527468864745736e-01,6.946794186193949727e-01,4.533674139305143291e-01,9.044792202847424800e-01,4.460152356847313371e-01,7.879317346085392693e-01,6.430999513933727263e-01,9.449030375623520550e-01,7.626784400147244014e-01,6.458670684233019932e-01,8.303423326269515625e-01,8.394874466547788128e-01,7.522777849785442505e-01,6.689999928466667800e-01,4.804009464370785909e-01,5.171961899531204443e-01,4.729649924075914891e-01,4.284487999228600574e-01,3.405936683378879004e-01,2.716963490120855584e-01,8.500158272050855057e-01,7.021291388191531757e-01,9.760822505983686170e-01,7.537861538845926912e-01,6.062782443212768602e-01
6.221270779159735476e-01,7.957069383072858937e-01,4.762266300143713216e-01,5.543395636682855177e-01,6.540175359453420656e-01,6.006883859898095590e-01,0.000000000000000000e+00,8.759113397059987705e-01,7.912605800471528283e-01,7.380844338892850187e-01,6.917701437069530002e-01,8.877360561973035580e-01,4.196604776643507728e-01,4.694000974670758941e-01,6.505249518659343977e-01,7.021123042091073074e-01,6.014583668487031298e-01,7.329879890112970253e-01,9.431670660797999428e-01,6.358400483776658341e-01,4.645908354425005160e-01,6.007202697321869511e-01,2.305787727916504548e-01,7.555106111092472210e-01,8.170134677625248143e-01,6.498467766929046929e-01,6.643213099599843963e-01,2.263881207523019135e-01,5.181568505270367497e-01,5.111477015268135471e-01,4.585094085791556195e-01,6.897870321884803646e-01,4.706107184336590921e-01,7.969521581581305858e-01,8.901135346095508938e-01,5.101959091873439212e-01,4.807569334589464338e-01,7.110342045758246687e-01,7.636434108812588661e-01,7.043746088607684142e-01,4.617030311701049716e-01,5.251445472749298737e-01,8.938024827841000164e-01,8.781200557863497735e-01,6.754181953994649046e-01,4.948903321188709015e-01,6.646316260659583808e-01,7.437220253803507042e-01,1.803193426527393561e-01,4.909407169837446960e-01,6.885221512451742409e-01,5.364311263010109743e-01,5.101349943758677341e-01,3.062117594292677603e-01,7.164452690958625913e-01,4.443835056419565555e-01,3.906013655243549820e-01,6.462982659321793166e-01,6.985407670460851426e-01,2.065260648537385335e-01,6.474640822848658495e-01,6.863324597310622721e-01,7.283570531676113458e-01,5.177866815515581589e-01,7.786621038187897526e-01,6.720185291796209048e-01,1.385281120283390378e-02,9.590785362480082066e-01,6.481570521035125987e-01,5.243360539330031989e-01,7.436515536099830292e-01,5.048080058361716915e-01,5.090051738530358971e-01,9.739866283665306046e-01,6.224637412967324313e-01,6.267449462008892747e-01,6.536446028520556117e-01,5.322290354647353228e-01,5.530861131055205826e-01,4.319996619463573606e-01,2.599752853401208763e-01,7.152811049808796007e-01,1.797086466307444910e-02,4.082037760310736618e-01,6.545495213006276014e-01
7.297094129367277526e-01,1.721650102569731791e-02,5.951375363192200618e-01,7.186366651056966814e-01,3.910101599239944603e-01,6.009106712322347388e-01,8.759113397059987705e-01,0.000000000000000000e+00,4.509849933225116292e-01,6.302002938932805831e-01,8.098894755465314566e-01,9.636684576144604053e-01,4.158993224221372853e-01,9.646767243061186159e-01,6.815940269860605305e-01,9.562043137114123459e-01,8.337467068653144908e-01,6.826236870490343112e-01,4.474380670288028994e-01,9.884110859913993741e-01,8.754250791511941632e-01,6.812922849887046439e-01,7.507769275010005572e-01,8.843185708452405702e-01,7.753598074803332851e-01,7.863168185011721878e-01,5.632601433483206410e-01,4.649642793833236309e-01,1.235673107558854511e-02,5.554264182776031955e-01,6.149587344293858671e-01,4.118752785235302305e-01,5.976092886801037674e-01,6.619095373366312707e-01,4.011026893479345823e-01,4.506395779647162647e-01,4.985238218793918707e-01,7.640441247349486487e-01,1.092144374584161914e-01,5.149370991489466975e-01,5.406624979782502782e-01,3.031992705164561208e-01,7.390139052253539287e-01,7.334801320680730541e-01,7.037122881270209129e-01,9.825586819126370941e-02,6.918082812314454433e-01,7.861490438720323271e-01,1.165852967428158138e-01,3.684966508973251953e-01,2.553823795099684490e-01,1.224945390697602526e-01,5.552802019880520579e-01,5.846821180996144562e-01,9.534600426189445699e-01,3.363588612706333025e-01,7.347742706965820769e-01,6.475219978688574463e-01,9.607256235440878589e-01,2.217134230864621913e-01,-5.322988073612647253e-02,8.716335428168462407e-01,2.711886076722183070e-01,5.170269769831108420e-01,9.958243671351876269e-01,4.001245398551389609e-01,6.448960960440586199e-01,6.639285567461572501e-01,3.124296779019390957e-01,7.724083865812572114e-01,7.316491457661774556e-01,9.789756952594763639e-01,6.500702282691743772e-01,5.180371187066017402e-01,9.830044564667855811e-01,4.293914866402090413e-01,7.422580528848832238e-01,9.744187369929419029e-01,5.343947421933137321e-01,7.427145722976324915e-01,7.996460777826814859e-01,8.617151709491379652e-01,5.208546588290355883e-01,2.611515183291517883e-01,4.982431099569946120e-01
4.502130044291424160e-01,6.663523952198709965e-01,6.190361727537063707e-01,6.190300877705328109e-01,9.481219227511543668e-01,7.338587112382317645e-01,7.912605800471528283e-01,4.509849933225116292e-01,0.000000000000000000e+00,5.871701705065305310e-01,4.823663922150346894e-01,7.807266694830765630e-01,9.575609117511072466e-01,4.781958517088455984e-01,8.449403372215352759e-02,3.556412965566052020e-01,8.829992633542635971e-01,5.402628049338460414e-01,3.515549553244088354e-01,6.737200804461244141e-01,6.662411523982427752e-01,6.141399989595295317e-01,6.706700085570049819e-01,9.008610772937271083e-01,6.154934027036209621e-01,1.338654941144861721e-01,6.988670075425920114e-01,6.982931769111966336e-01,3.688029389632156985e-01,7.934548727101591314e-01,5.743274037291763445e-01,4.210893151159166292e-01,4.998727278612696279e-01,2.684425162658699571e-01,6.828295703174810383e-01,2.352543808401388603e-01,6.832866691679563287e-01,8.083526764027401113e-01,8.758383825640223552e-01,6.328904698257378225e-01,6.250279624121330979e-01,4.764054988740198393e-01,7.475578301594328900e-01,9.809816986623771662e-01,4.108138462243405287e-01,3.880779767004107761e-01,5.941763980755427887e-01,8.033629345541041245e-01,6.126929968035749186e-01,5.318184363549648408e-01,7.554821567846474739e-01,7.294896041595053671e-01,7.037117280442169998e-01,7.602691252517890241e-01,9.390896210598647098e-01,4.474522358609867023e-01,7.787868989879321857e-01,4.635264159486032765e-01,4.828689030381884129e-01,6.616102413058388976e-01,4.400612904919924961e-01,7.062379703334042969e-01,1.557108894800704191e-01,8.061824850772670858e-01,4.482260555689538961e-01,5.223662858084727745e-01,8.207718698302278737e-01,7.751083847039990093e-01,5.524063658770805851e-01,7.014472023283117030e-01,8.934233393689171576e-01,6.093788033565484819e-01,5.190655397048532516e-01,2.874356678751879279e-01,4.871725584652079055e-01,6.990396280626388625e-01,7.136367982038598345e-01,9.886311679842336719e-01,5.789734417312124570e-01,5.964497828300820981e-01,8.527014745721402944e-01,6.218270822493564554e-01,6.015269101270633856e-01,7.205185514553612558e-01,7.391213812541823636e-01
6.471552730080483151e-01,9.895078181631931091e-01,9.759988278795416194e-01,9.264600261711495310e-01,5.548556837513435314e-01,6.852969637558723459e-01,7.380844338892850187e-01,6.302002938932805831e-01,5.871701705065305310e-01,0.000000000000000000e+00,7.903133857166669829e-01,9.419288074645975062e-01,8.080224797628999811e-01,7.971890135597126115e-01,7.124207367046717643e-01,6.266709690548311062e-02,4.844193004333405272e-01,7.734926611429809862e-01,6.736367138863923187e-02,5.194478481622925026e-01,7.975653445518340323e-01,5.268365040577496217e-01,8.730414334393225007e-01,6.369938576548439535e-01,7.633581601345144074e-01,5.480646668255878540e-01,6.833663768270157313e-01,8.706552045943499740e-01,4.955212633583949700e-01,9.593923433326613237e-01,3.426180949742221177e-02,3.508142774933541430e-01,6.688953783940585485e-01,6.417610159001608805e-01,4.045107443637825373e-01,1.334871436386914911e-01,5.039475016035566135e-01,6.945565898422084716e-01,4.602038971247149335e-01,7.723093368580262741e-01,6.093886333871260108e-01,4.564448662208726026e-01,7.593956879044865271e-01,6.845912840078027806e-01,9.763843444802491334e-01,6.411942514127878523e-01,7.823252037848790197e-01,6.045501769991830088e-01,6.227308527026526042e-01,9.546369988793553807e-01,9.631236368996459740e-01,7.068959106189677266e-01,9.887434819241509576e-01,6.488447554193373934e-01,9.521235842860281684e-01,8.460065567937941067e-01,6.837056910361954953e-01,8.559072302729811010e-01,8.563862537473507786e-01,2.160955731212010344e-01,5.635950662539115363e-01,6.465917069129838435e-01,8.140824657972365319e-01,5.942217074101845409e-01,2.429449849859513233e-01,8.610268220334198475e-01,5.306663172242483961e-01,8.668328113064955875e-01,6.926679392177873540e-01,9.443571580994569725e-01,3.918092390442502737e-02,7.707407606124312416e-01,9.751236867938073427e-01,2.735182300832244007e-01,5.228808930519841525e-01,7.593007914564176009e-01,3.036278267617540938e-01,5.815740196052482380e-01,7.216194249076629541e-01,4.964369609392637606e-01,7.795685966069395567e-01,6.150558711033435877e-01,5.622575810223203741e-01,3.432993507300117209e-01,4.805662413966910185e-01
9.136076728312975126e-01,6.764213526722870906e-01,2.903374450408117702e-01,6.734740639535043982e-01,6.246965295237578708e-01,6.688987086278213035e-01,6.917701437069530002e-01,8.098894755465314566e-01,4.823663922150346894e-01,7.903133857166669829e-01,0.000000000000000000e+00,7.196779211366244322e-01,6.629346008624833475e-01,4.776650398253448060e-01,8.258559058859983315e-01,7.492909093195445625e-01,7.978031747691991526e-01,9.800458774602543999e-01,7.411631013276409607e-01,7.176181678345150416e-01,6.234265841592282476e-01,8.962255341530002140e-01,5.457776351366762091e-01,8.457170050951750007e-01,5.999435297463882044e-01,6.359706597619733115e-01,6.049117578533058648e-01,4.022642965735079290e-01,6.623360580673174347e-01,5.667568199414588781e-01,5.583068991289796834e-01,5.731238758116904419e-01,9.747341830939703078e-01,6.097579577360485725e-01,7.485678747679324063e-01,6.086531208488494826e-01,4.823507727473999585e-02,3.064944434143915819e-01,8.603030367182782356e-01,8.665075971179774239e-01,3.909928365054615718e-01,2.597069276221913858e-01,6.469675178555812645e-01,6.611571049879158002e-01,9.964052541569785593e-01,9.766380736196893508e-01,8.080162126454287774e-01,8.360573431189566307e-01,5.028723332815517866e-01,6.002289647438489029e-01,2.512182989068247330e-01,8.730950848198575365e-01,9.249098954975212283e-01,9.794876426296987848e-01,9.497525640922331869e-01,5.754939380762787993e-01,9.321206688219439984e-01,8.610609712889618628e-01,7.853320910818020195e-01,4.848150463397933319e-01,5.437913309152853092e-01,4.847268894426517427e-01,8.671325065226345163e-01,9.357333628456547814e-01,9.293658546208094506e-01,7.628479254444417990e-01,8.726609289658983082e-01,9.527870895144699981e-01,2.879841591417724445e-01,6.978594393217318892e-01,9.916650969602447407e-01,7.515133661338135873e-01,6.357975095047398995e-01,4.347549383557033909e-01,6.211945593346391847e-01,7.388633833924777017e-01,7.386820612589189983e-01,4.728896161032935530e-01,6.657060496481667089e-01,6.428469785327265429e-01,6.728195765300555298e-01,8.725167770488039265e-01,7.008726102378880496e-01,2.793495659756810023e-01,4.176682452778923693e-01
6.075001528551382535e-01,8.418997163114491089e-01,6.831564400962003569e-01,8.870229438871238825e-01,5.409579224965268551e-01,6.889794160361674136e-01,8.877360561973035580e-01,9.636684576144604053e-01,7.807266694830765630e-01,9.419288074645975062e-01,7.196779211366244322e-01,0.000000000000000000e+00,9.277072792678043855e-01,7.123998825079475017e-01,9.824018599035729826e-01,8.975837152116225015e-01,9.046067307322587236e-01,6.323702435584804826e-01,6.487211773468761766e-01,7.169812116025550131e-01,9.424662641010870257e-01,1.757691859965762604e-01,7.373244904856612880e-01,8.369578881258036285e-01,1.090100745345228966e-01,6.583730227386995759e-01,8.496198974795099446e-01,6.311514024544228052e-01,4.313228352477057603e-01,5.833175515497599495e-01,2.977645604100483956e-01,8.615392692084318238e-01,7.806873559364277959e-01,7.673237944212137895e-01,8.151434366498225836e-01,5.753026117881840928e-01,7.877442966985548356e-02,5.789609723205169090e-01,8.793463274046652289e-01,5.689207292531034410e-01,2.581525436855642841e-01,5.965919994314431429e-01,9.426042901704864141e-01,6.941301521002203323e-01,9.318674787930684156e-01,7.351373762520357902e-01,6.952379663396827114e-01,7.371407551000475067e-01,7.810747314873225378e-01,4.325501852419855187e-01,6.937629981683938185e-01,1.518783123514053368e-01,8.552339427120159154e-01,7.966308856204851185e-01,5.363407673719753355e-01,7.600008098008226298e-01,4.090422342349209761e-01,8.669356328302788572e-01,6.900289171253254361e-01,3.548306526630120583e-01,4.546819668361992695e-01,7.103677553490368446e-01,8.530554543170987269e-01,7.027631599310549815e-01,7.144206741963364804e-01,9.815262133582514092e-01,9.922948136341736003e-01,9.132170356689287560e-01,6.741640446663450525e-01,9.452872920899867415e-01,8.958546402769923533e-01,8.667604651661666715e-01,6.277247618698204024e-01,-1.472371336832430655e-01,7.999455765162746812e-02,7.801350270362870098e-01,8.966612550211602306e-01,7.749073955178852335e-01,7.037000658951194643e-01,3.432769657990994983e-01,9.608267559251663092e-01,3.768818797207732496e-01,8.984709740420342428e-01,5.074798464495147154e-01,7.959131851191305618e-01
6.979729817681781245e-01,7.191241457682406857e-01,9.663162347885257963e-01,8.004170460256734287e-01,7.775890251495870542e-01,6.054245768946373563e-01,4.196604776643507728e-01,4.158993224221372853e-01,9.575609117511072466e-01,8.080224797628999811e-01,6.629346008624833475e-01,9.277072792678043855e-01,0.000000000000000000e+00,2.780661875474100264e-01,6.796638439182145497e-01,7.487450187634745458e-01,6.067409383212201135e-01,4.665934364486107322e-01,8.108658464348876826e-01,7.848385455424302659e-01,5.411195541099975692e-01,9.975911872175523554e-01,5.949914231323020219e-01,5.840652015420988441e-01,4.023740150257872905e-01,8.585475854049470223e-01,9.605814853354105454e-01,7.222620849606181670e-01,2.622546446190244795e-01,5.232383584978048674e-01,-8.946206020061381325e-02,2.083360370645248316e-01,4.260914574646705866e-01,3.180290445240051000e-01,3.945754729751539402e-01,5.487249440670889378e-01,5.094413806059129302e-01,7.117581416551274076e-01,9.905695079492214949e-01,3.981727218503175458e-02,5.198619468407057465e-01,8.751312965442813452e-01,7.777109149180563286e-01,8.445052524234986091e-01,9.023554106985396395e-01,6.928336719830150425e-01,9.503875869988518410e-01,6.048188526666120612e-01,9.984635334616747127e-01,8.563248977604320800e-01,6.371152591842953461e-01,6.349339199028867231e-01,9.662599118535396547e-01,7.888812518855197187e-01,8.874142411961809529e-01,4.846796397267445489e-01,5.925936029742102651e-01,7.080899470365367154e-01,9.141141744373270095e-01,4.007483040689707732e-01,2.893744553116971985e-01,7.402476014119266923e-01,5.069896371498689991e-01,5.232353866504753093e-01,8.350211024108097346e-01,6.113456019188677759e-01,8.622241556427376885e-01,8.075767588252356077e-01,5.658254930496913193e-01,6.432009985351885284e-01,3.835441932373940266e-01,7.539920337453466237e-01,3.637478215513481050e-01,6.282581821280199819e-01,6.311199916337986160e-01,9.644385135379119900e-01,9.995103844492866374e-01,6.008243421128485195e-01,2.692348038703891722e-01,2.527783006556290624e-01,5.779704141242005822e-01,6.508821862980580519e-01,7.501112015092677998e-01,6.821420938845648152e-01,7.763532345555577141e-01
9.861683145403253858e-01,6.744706541612501827e-01,6.631120814247702944e-01,7.503994339305066763e-01,3.546678326221893718e-01,9.309489911070952806e-01,4.694000974670758941e-01,9.646767243061186159e-01,4.781958517088455984e-01,7.971890135597126115e-01,4.776650398253448060e-01,7.123998825079475017e-01,2.780661875474100264e-01,0.000000000000000000e+00,5.952097023116555974e-01,5.595193581648578718e-01,8.195418699272604135e-01,8.621280174631840154e-01,9.056858652157238065e-01,5.149164376700908763e-01,9.050194617706076583e-01,4.875942576202979550e-01,9.292063986339728077e-01,2.139795292761471901e-01,5.411834029845236094e-01,7.487790909101488257e-01,6.330236084894826920e-01,6.487822352107971424e-01,4.948480294804600832e-01,2.634950162374470883e-01,6.145883796468165627e-01,4.985856116242208258e-01,2.838320664020010931e-01,8.085792571502191661e-01,8.771440862107192649e-01,3.359456609729987164e-01,4.706747029289655160e-01,9.568119151406129230e-01,7.202697765713896860e-01,3.501757065239653466e-01,5.988443714169169318e-01,7.721911718947573888e-01,7.181329644673137835e-01,-3.015253702327377883e-02,6.527787656138804850e-01,5.005915950370973810e-01,9.518490568401536400e-01,4.965052899125118047e-01,8.346939588157826773e-01,6.446182608065994524e-01,6.224093417422765784e-01,2.398348603766496112e-01,8.493416401234351598e-01,8.316725428025932843e-01,9.149598830938122651e-01,9.431745734853174135e-01,4.692924960441152704e-01,6.745036530120255280e-01,1.994017382033724528e-01,7.616670691828988371e-01,3.558737539293631569e-01,3.536920621158995415e-01,5.650797173843442600e-01,6.166008878670362625e-01,7.616491315426187070e-01,7.922026150073053774e-01,8.012729713275400512e-01,7.556207134946000270e-01,2.520436153648897837e-01,4.116367214033610500e-01,8.853555694496877404e-01,6.851455666199095518e-01,8.223025481251836077e-02,2.266970192436779941e-01,4.661328726837551950e-01,2.390388234135588652e-01,7.148956330611887511e-01,8.802456707172252592e-01,7.124429195544687010e-01,9.122965702568192059e-02,9.997778999419878465e-01,9.987147531556574975e-01,7.084879551081446625e-01,7.594043524540174950e-01,6.514561500802320548e-01
6.932966449068942438e-01,4.876338288080634964e-01,8.703989648360548337e-01,7.966673653801759070e-01,5.491651861363797682e-01,5.547964927915409739e-01,6.505249518659343977e-01,6.815940269860605305e-01,8.449403372215352759e-02,7.124207367046717643e-01,8.258559058859983315e-01,9.824018599035729826e-01,6.796638439182145497e-01,5.952097023116555974e-01,0.000000000000000000e+00,5.101166373585483971e-01,7.860281904825701105e-01,7.866898984474202106e-01,6.385473837542268161e-01,5.718040930968192326e-01,9.836323485806568456e-01,9.420028361173565790e-01,8.392654644558419363e-01,6.446401294493320222e-01,4.274309116706573874e-01,9.736289063670446886e-01,3.249074275547860768e-01,2.972617812802679227e-01,6.381634357104916111e-01,3.959611134304616975e-01,-1.489572938039713246e-01,4.915641222664944854e-01,7.764322702823831523e-01,5.933442755770084176e-01,3.555481539105046496e-01,7.530144258689852599e-01,7.852562346468563437e-01,6.080581821751537275e-01,8.750414424842840599e-01,7.543757457126853971e-01,9.635993281566453961e-01,6.871423185215429497e-01,8.032428993353181168e-01,7.563790498085946057e-01,9.968724034800202638e-01,2.892372186814395896e-01,6.600074172718927157e-01,4.732827260462311725e-01,8.799789974490589417e-01,7.747404997819861139e-01,1.788344145049839407e-01,7.260461492883715229e-01,8.714748170430468566e-01,4.621172038345802147e-01,9.105760322770393156e-01,8.260836811014263814e-01,9.872668455011083255e-01,7.058647603991027308e-01,9.176822175623514655e-01,2.750399839823305936e-01,8.913614031402685711e-01,6.651875365567733178e-01,9.185206071461932131e-01,9.759249975505599473e-01,6.440800540673454755e-01,4.835087320764507313e-01,7.835538611367585116e-01,8.502175992721724418e-01,3.705080879688691375e-01,4.774220608741680527e-01,9.941571684298911027e-01,7.267091803790632909e-01,6.880863195548392319e-01,5.011874596365119006e-01,6.388778152353492557e-01,9.586454563887746305e-01,1.580421077809909258e-01,6.541909845925589773e-01,7.918688448010037240e-01,2.473890661334115018e-02,4.423246927580792853e-01,9.087787399126509014e-01,9.177424828279412417e-01,6.139690797014477619e-01,7.780339156527789068e-01
7.174722816785802371e-01,-2.692347012345717161e-01,9.375474319783374533e-01,9.611310911526279588e-01,8.994178836000390476e-01,9.221908810153093272e-01,7.021123042091073074e-01,9.562043137114123459e-01,3.556412965566052020e-01,6.266709690548311062e-02,7.492909093195445625e-01,8.975837152116225015e-01,7.487450187634745458e-01,5.595193581648578718e-01,5.101166373585483971e-01,0.000000000000000000e+00,9.189875954473960551e-01,8.462331176214777928e-01,6.752545571082462228e-01,5.418856533333312742e-01,8.140526094981360705e-01,6.832890001323906892e-01,4.888603749020432043e-01,5.650136283494969769e-01,4.488101330002415845e-01,2.044989151997363142e-02,7.950792745743229251e-01,6.557149433181725939e-01,6.203625419124334517e-01,6.172323547655184095e-01,6.994270330195875296e-01,6.946737761172108172e-01,7.677133460645029217e-01,9.305348925614200795e-01,-1.684006907542382192e-01,2.614376561700145207e-01,2.219077075174295810e-01,7.302781268558470318e-01,4.108923952367345978e-01,9.529950694431905678e-01,3.557089283736856317e-02,5.844360533925139212e-01,8.333866127048357164e-01,7.160107535844917326e-01,8.411674811408685892e-01,8.445890173010203172e-01,6.762080100135459126e-01,9.434541926788377886e-01,2.982545656765218656e-01,6.608313192293484573e-01,7.842603902585849607e-01,7.579281632417415038e-01,3.021806266241167660e-01,6.140677704112927904e-01,8.990854582611554902e-01,2.914114164605577928e-01,4.710929153312530815e-01,6.438983121150331224e-01,9.213721396911472850e-01,5.866954467401627182e-01,5.520019212013050902e-01,8.575001653607396968e-01,6.660046666179419983e-01,8.724532692302707781e-01,8.086179782984885822e-01,4.115934656768828193e-01,3.721134254128380392e-01,6.028187159439460929e-01,6.988104783710359369e-01,5.383561826649376769e-01,8.576051919102889443e-01,2.279905405805755791e-01,4.442488509271926289e-01,8.362905890289211719e-01,4.507348875433292990e-01,4.881299693709204579e-01,6.252642868531643749e-01,5.651793982716343256e-01,7.437464275575116357e-01,4.367855690558731241e-01,6.738675313095363606e-01,7.767695549627697815e-01,8.267338305247420305e-01,2.407400494801781587e-01,7.308732812254719047e-01
6.054154828623945495e-01,8.995628035303770975e-01,8.393301439862209667e-01,4.621987574657594466e-01,7.716147678484977512e-02,3.000580711821267399e-01,6.014583668487031298e-01,8.337467068653144908e-01,8.829992633542635971e-01,4.844193004333405272e-01,7.978031747691991526e-01,9.046067307322587236e-01,6.067409383212201135e-01,8.195418699272604135e-01,7.860281904825701105e-01,9.189875954473960551e-01,0.000000000000000000e+00,9.172017666569854955e-01,6.462140674567492526e-01,9.053840403870377918e-01,4.542922578639917996e-01,7.417583799932381261e-01,7.351900791660235246e-01,8.157099884558065561e-01,4.985897305170453597e-01,8.504043053344380043e-01,9.310164071997076851e-01,6.056069392692380315e-01,6.144748518645294366e-01,4.280412220164980241e-01,4.556878279955152433e-02,6.815915542456869591e-01,8.789331512794473777e-01,5.991970041368676059e-01,8.345092608412617574e-01,5.277019318398668002e-01,4.445652091050255605e-01,9.651026714784893823e-01,9.336719785900361446e-01,4.008711275872061663e-01,4.938174416081770324e-01,8.914576529452653553e-01,5.362975436832027043e-01,6.870428027564591256e-01,8.338172269490459199e-01,8.149873048144575804e-01,8.001155852328932783e-01,9.452774545938260609e-01,8.057296534110172104e-01,6.471952160278953148e-01,8.337128422975443875e-01,5.768237961909334910e-01,6.663093782467806037e-01,9.545852436075201730e-01,6.787271160564458672e-01,6.110085383344729948e-01,9.619285421969416827e-01,8.375921209647474441e-01,3.848499732344816682e-01,3.064303974196636582e-01,9.675332948392670884e-01,5.343423013872823368e-01,9.458610934762320399e-01,8.712989083795814604e-01,8.807713741817593256e-01,8.151047002727410673e-01,7.354463752195784521e-01,8.518912297024088254e-01,6.716087148145095664e-01,4.038866582184692799e-02,6.638948051732171951e-01,6.121945017063444849e-01,8.534662715575347391e-01,4.806423372716451814e-01,5.043841425497693765e-01,7.834804486054949280e-01,4.746972381312642986e-01,9.298713761594841198e-01,-1.789503822870529004e-01,2.844549804198431842e-01,7.824465022911860634e-01,5.418540954616283267e-01,2.514687590728795774e-01,6.530982563882544722e-01,9.111395648343263431e-01
9.752212194733052009e-01,5.068314656362638004e-01,6.080835046644532671e-01,6.989252857608144187e-02,3.613519362249978939e-01,3.063474663725689329e-01,7.329879890112970253e-01,6.826236870490343112e-01,5.402628049338460414e-01,7.734926611429809862e-01,9.800458774602543999e-01,6.323702435584804826e-01,4.665934364486107322e-01,8.621280174631840154e-01,7.866898984474202106e-01,8.462331176214777928e-01,9.172017666569854955e-01,0.000000000000000000e+00,9.508984635680463038e-01,9.552990290374527849e-01,9.142464738169895355e-01,4.811500430612062340e-01,8.046172431324198904e-01,7.807211680801071640e-01,2.414662331240145232e-01,6.173318985582334495e-01,9.817236145118647395e-01,7.375075824318108042e-01,2.961747968696853972e-01,7.869675118421031179e-01,1.800291136323304009e-01,5.609591864330260025e-01,9.766100241719108954e-01,8.427491800609614447e-01,6.633905395391275217e-01,6.036520521750649015e-01,4.765229858448837286e-01,6.239411626399524735e-01,9.191066046817758517e-01,9.524425281049478942e-01,7.554858774528394605e-01,8.753040306210290167e-01,7.900915319305804596e-01,9.397672273848093338e-01,8.532978238583587283e-01,6.020378474483515374e-01,6.157602493555847101e-01,3.560585633192119848e-01,6.957408391056805197e-01,6.456281857303409755e-01,5.055285902414815569e-01,4.880231039770585588e-01,8.483379172417044867e-01,6.966519679522181763e-01,5.271279452100464079e-03,5.619508902257921434e-01,3.868543274980037472e-01,8.353501324940393324e-01,9.689971983018573765e-01,6.992709364786906523e-01,1.776816800553915332e-02,2.887926661921277338e-01,8.071733284732259817e-01,9.500858644250086416e-01,8.210771746802005833e-01,5.538349234932207210e-01,6.645240641279808180e-01,4.268259756608371314e-01,6.699483896304218034e-01,3.862296791170951593e-01,8.463344791346141260e-01,7.864191468644214922e-01,5.441981701515680170e-01,5.419388893288437092e-01,7.604318083929169358e-02,2.996916106631540844e-01,6.492542298871848416e-01,7.045851389020891808e-01,6.532048172216917692e-01,3.607639799550192428e-01,4.692332452645516794e-01,7.509292485448643140e-01,6.120421014178665242e-01,1.281380539498211124e-01,6.155339699390698360e-01
