0.000000000000000000e+00,8.298439153572756410e-01,8.768310579682029315e-01,6.670494255896497471e-01,9.866649533963127716e-01,7.840233361578271554e-01,6.051137494828842112e-01,6.981984987425505773e-01,8.541991520607319366e-01,8.307045132823827061e-01,2.265858464627732716e-01,4.142114184538290278e-01,8.572583340234825044e-01,9.777565986062777270e-01,5.967238850936568140e-01,6.851488715006019969e-01,9.020470840048976369e-01,7.032725331494822374e-01,9.573253089070105082e-01,7.938728231378151534e-01,6.906940886474480790e-01,9.636536391995993434e-01,2.788877116924833865e-01,8.445529913315983350e-01,8.663061401370357739e-01,8.251571400704565962e-01,7.571889660116155607e-01,9.858983171098193443e-01,3.938342922684880953e-01,3.981159834248069740e-01,2.095246871100657840e-02,8.450437364613619939e-01,9.171176921736171606e-01,2.204486175289171457e-01,8.359502822918180032e-01,4.586302535524984791e-01,6.148894852041266734e-01,2.917822484077101652e-01,6.614122989868556068e-01,8.161017633339346933e-01,4.636516144594545752e-01,9.510034398764583008e-01,8.935953881486946582e-01,6.953804489537661615e-01,5.920523712717054021e-01,6.821219459582233968e-01,8.048414642829737620e-01,9.304951073342776491e-01,3.351843652145759522e-01,9.894745850595149106e-01,9.816763601701702369e-01,8.831337674488834999e-01,6.383175499435304046e-01,6.061157797067444619e-01,7.033256998495068801e-01,9.177544055343144214e-01,5.226283062892101983e-01,4.957870828052987622e-01,9.367382252315785696e-01,5.496167747801605774e-01,3.179889969591310206e-01,6.700342858609691366e-01,9.787634919996067717e-01,8.591034970800074388e-01,6.920426911290112892e-01,4.971529351966312849e-01,7.503393620563374444e-01,4.876285018536823390e-01,9.765372504157489031e-01,4.271462653582697722e-01,9.895960904918515988e-01,8.939752709205686099e-01,7.813520936598906674e-01,3.874598146377206676e-01,7.105008105241289451e-01,7.602326020544054597e-01,6.363884873857749147e-01,8.682059835344633214e-01,4.796033858011704010e-01,3.226982191426467916e-01,8.432253159817238997e-01,9.544432161810838533e-01,7.260429584776393330e-01,5.668276766281941104e-01,8.045119998405996231e-01
8.298439153572756410e-01,0.000000000000000000e+00,7.553579716821864354e-01,5.445525179048131825e-01,7.735532089307715076e-01,8.576668627401490275e-01,7.087845032248316635e-01,5.368521308962259653e-01,4.622977234138415104e-01,9.921329744191693667e-01,6.897968448987079615e-01,3.403841594374811264e-01,1.517337701311288478e-01,9.078946285055942145e-01,9.417128982366738121e-01,7.522589315007706112e-01,9.143500109260371822e-02,5.813798211444404229e-01,4.761402531363472246e-01,9.175916675003299439e-01,8.509207285635349560e-01,3.718644446170261131e-01,3.513954271257879736e-01,7.019962972966008463e-01,9.339502826832802862e-01,8.326655157325012491e-01,2.721494263187792528e-01,8.167115938280992138e-01,6.192117136701188462e-01,5.929739577162441710e-01,6.508654503009551062e-01,4.032079295102918293e-01,8.284984372124331031e-01,2.648991719689007818e-01,3.634578390700020090e-01,5.529564260422628053e-01,3.217809106059958957e-01,6.130957336757281162e-01,9.102336192410627191e-01,4.221630492748020269e-01,5.361337872495089973e-01,5.950767367492325599e-01,7.671967432014563659e-01,8.460168223399646692e-01,9.510729811809696121e-01,6.938710859984463797e-01,7.165023798869084581e-01,8.983545635300639320e-01,9.334009316265505785e-01,6.023943677919255668e-01,8.993106907392304228e-01,5.313054121138696129e-01,8.119625177464567800e-01,6.895987436982280450e-01,6.289135332032984582e-01,9.055077540414664394e-01,3.402943278693862927e-01,9.214424808190985194e-01,6.945440434609390090e-01,9.813876454873287081e-01,5.142428451618069607e-01,9.798410626623508257e-01,5.572348873544855641e-01,9.236728654164564345e-01,5.131503179281553528e-01,9.935495187224170355e-01,7.653670360525470784e-01,1.474523388515472933e-01,4.366213183761189498e-01,7.600324817959873691e-01,9.488619983305913719e-01,7.969385080067465932e-01,9.794400537291392261e-01,6.349103348265168201e-01,7.602901158914778801e-01,7.928966297715074329e-01,2.151848617277843656e-01,8.572511491443879361e-01,6.901425966699061831e-01,3.361312107784744097e-01,2.848122080869640582e-01,9.106404464610888816e-01,8.021096012910526873e-01,7.606788605758167954e-01,3.558653505059451438e-01
8.768310579682029315e-01,7.553579716821864354e-01,0.000000000000000000e+00,9.675748208290035901e-01,6.473999766904245945e-01,9.528910721268982753e-01,9.014292235107169704e-01,8.709085302635596326e-01,9.172763439965004872e-01,7.162530277448673210e-01,6.400593208107434595e-01,7.738124359341597147e-01,4.628153652915102390e-01,8.430491181878567719e-01,9.598589305618157042e-01,9.935916473061292553e-01,1.291569638959431943e-01,6.813509622451386916e-01,6.598043820247638802e-01,6.389629803436007727e-01,8.559164398682376218e-01,1.126770463278851386e-01,8.406518245000358380e-01,6.580402538475202956e-01,9.005856368348436058e-01,9.676173250095728706e-01,9.506330507965086163e-01,6.700339061207214453e-01,4.708248173770763767e-01,2.815018345377101050e-01,4.127560915946460463e-01,9.664060681657749008e-01,5.239320368538800121e-01,8.847922892725711419e-01,9.775602360577481109e-01,5.798659134811251503e-01,7.327182063764043907e-01,7.399775642588972691e-01,9.935177911011054963e-01,9.179676496490073445e-01,3.743803758203156917e-01,8.652655159585320721e-01,8.882259719609763016e-01,8.828332691262887888e-01,9.233067043603947477e-01,6.359296229612511064e-01,9.264160143002527770e-01,9.159428180695080579e-01,8.720221245613520855e-01,9.266291450742554225e-01,8.159124570148479361e-01,7.991475543425418104e-01,7.937272212367610935e-01,9.558989142232906522e-01,4.396721889966859753e-01,8.024571781308681429e-01,9.200462030269633829e-01,9.015539311304343606e-01,8.808066626566311008e-01,4.736009595698901786e-01,5.219877370913947878e-01,9.955985240694029681e-01,9.572922768240210711e-01,7.443868384125604809e-01,9.526706331828469487e-01,3.182637740384028913e-01,9.018205156522249855e-01,8.662940016941645949e-01,7.956130125860451097e-01,6.993867103098441174e-01,8.740815799291936639e-01,8.151767010232627841e-01,2.282255475831956315e-01,4.192652843441934674e-01,8.063584370871356155e-01,4.970159116184255099e-01,4.760648162357652424e-01,6.441778264612937344e-01,7.934278493473737592e-01,5.900442139018620136e-01,9.814649556004227948e-01,9.357124233127629420e-01,8.059441929815823746e-01,9.845862670301706032e-01,5.793641904539991172e-01
6.670494255896497471e-01,5.445525179048131825e-01,9.675748208290035901e-01,0.000000000000000000e+00,9.245475747398186339e-01,9.695858884931747301e-01,5.121585401530301951e-01,7.277217826646484866e-01,4.220425141412805781e-01,8.199028045201045556e-01,8.679016852596362908e-01,8.687623659441078283e-01,7.360659272432662492e-01,7.025827636399881726e-01,8.778549125907196826e-01,5.374611818149982456e-01,9.954146409202611068e-01,6.463934706242686623e-01,4.446721166496066524e-01,8.089766198193021340e-01,9.596843485771573423e-01,7.808681596380629975e-01,5.412520864864500680e-01,8.269096768170919320e-01,6.943040872236263539e-01,9.894270877808051257e-01,6.560497180941883277e-01,7.055250975678367675e-01,4.144640510200029437e-01,3.046725294382313098e-01,6.054341248678209997e-01,5.537982750485509476e-01,7.719150915761923137e-01,3.172793755096177115e-01,4.557882853730490513e-01,4.812658252046824181e-01,5.386637022298359501e-01,7.227446072073875349e-01,9.929334211117826214e-01,6.283055268410341343e-01,3.254407695356772434e-01,6.186841923198216353e-01,8.028870150040947617e-01,9.122546865113048131e-01,8.061139168266190369e-01,4.048122977631939401e-01,4.651611043629177988e-01,6.599147602306220106e-01,8.074606513681346076e-01,9.372966643264570852e-01,7.677406811157206912e-01,9.058122473758885018e-01,9.356115667715136919e-01,8.953987382790432603e-01,9.849959665842449308e-01,5.894435570495614174e-01,8.497500289408678187e-01,9.133732302272432602e-01,6.471099582325093857e-01,-1.539454465369472502e-01,7.535384183752160681e-01,8.835727484158978351e-01,6.482486834723242275e-01,9.626681595067299035e-01,9.108809245314893888e-01,9.842135922501844547e-01,8.037167636808171256e-01,8.998891445028713854e-01,7.961009645151544412e-01,6.609056921594737011e-01,5.976358952847471429e-01,9.098236346399356522e-01,7.357418913233438884e-01,3.038597606636318504e-01,4.230059331880752782e-01,7.058466180562781300e-01,9.178298103736111102e-01,3.837442036961767333e-01,4.839246018474686051e-01,4.662283156262572725e-02,7.906559744526256983e-01,9.587176443264341374e-01,3.680182408196236432e-01,5.686861850524794759e-01,3.275306578580377548e-01
9.866649533963127716e-01,7.735532089307715076e-01,6.473999766904245945e-01,9.245475747398186339e-01,0.000000000000000000e+00,7.469466995568471157e-01,4.619049463055170390e-01,6.364047415827410736e-01,8.647529362443439060e-01,4.567651941324610276e-01,5.674620554121281302e-01,3.367130674577267779e-01,5.290427629030466372e-01,1.373224209616583091e-01,9.748862648235822048e-01,6.517565938224976207e-01,8.941071356507361845e-01,6.177644096751762071e-01,6.787433258669202107e-01,9.188771705199509920e-01,8.060508089597299142e-01,9.920528311253057341e-01,8.121246298176413303e-01,8.843446061669325564e-01,7.792393829136683436e-01,6.943241454529935908e-01,9.260213594563037054e-01,7.099251072745318414e-01,5.672008257838359047e-01,5.667865508893616955e-01,4.647043110302128133e-01,4.931020726607390769e-01,6.390294324868369680e-01,3.252913045928873537e-02,4.322438197357448830e-01,6.737544130551746946e-01,5.188539161421412693e-01,7.190633331495617231e-01,6.228865930119508176e-01,9.289552982346646059e-01,9.062928769578355859e-02,8.086841266464056543e-01,7.667029464995774868e-01,7.568705366507273435e-01,6.346371695415188308e-01,8.399139080067671292e-01,1.828455639628748797e-01,6.054585185172480788e-01,3.713441452604774318e-01,9.587238454432528423e-01,7.939827684503846239e-01,5.693296864235404264e-01,7.956336508354284742e-01,6.676909414734232273e-01,5.401244313857092028e-01,7.952008257041827122e-01,9.458374557931923388e-01,7.695465507324578125e-01,7.556769142841641695e-01,5.413009674186732845e-01,7.335360638157557567e-01,5.133880999707727266e-01,9.799912200469297341e-01,9.646412456085030618e-01,4.337022812273462202e-01,4.344184194778692443e-01,7.067614812003172320e-01,9.718850046912406171e-01,1.342641673944449943e-01,8.725336686453818436e-01,8.733390620143980376e-01,7.244523606289799966e-01,3.645379709679580360e-01,7.499917189309541765e-01,5.287178890412673749e-01,9.086470379208094750e-01,7.036800686024574647e-01,9.900871799743768964e-01,4.638172410321425576e-01,4.679909974463573041e-01,4.353508497291846968e-01,5.213971903137100128e-01,8.478402463501715225e-01,6.762875553168676834e-01,2.778213616818211995e-01
7.840233361578271554e-01,8.576668627401490275e-01,9.528910721268982753e-01,9.695858884931747301e-01,7.469466995568471157e-01,0.000000000000000000e+00,8.448083936222265944e-01,5.454305359752692484e-01,7.486092784231612729e-01,9.543985747952894449e-01,8.551602557481350342e-01,8.421500346555075289e-01,9.712991419270942117e-01,7.588450123743031295e-01,7.057401877708225912e-01,6.287814560354971771e-01,8.467611265950106825e-01,7.699844966790202472e-01,7.373023927463241423e-01,8.987917104010236802e-01,9.594719728106706480e-01,7.002418930656958418e-01,8.249954638897645243e-01,7.596888103681931348e-01,8.827135028257966365e-01,9.211237735457129538e-01,9.778677166772196117e-01,2.444652982411946174e-01,2.514552044448426504e-01,4.766957047421102600e-01,3.484268026906569560e-01,3.361386974059857868e-01,9.576409343289763454e-01,3.808662488316880701e-01,8.570685883414518313e-01,2.720026126054118643e-01,6.566263550883471023e-01,7.536696168365446535e-01,8.273876316023454081e-01,9.976194726366297560e-01,2.040143598921257129e-01,8.742574800649345335e-01,9.778610588841416540e-01,6.223802155360214083e-01,6.659469566285889375e-01,4.496903247729606146e-01,9.182555300198957937e-01,6.939807726510238695e-01,9.317904283247822050e-01,7.760703950163502229e-01,6.999575352513363047e-01,6.109835532503888889e-01,5.459807424624473216e-01,7.817943898083115073e-01,9.605467320472134141e-01,6.455972851533526846e-01,4.667537900035519938e-01,6.126735481323766219e-01,4.955928638490348925e-01,5.925181479604164636e-01,6.842719575589061298e-01,7.385645255878037219e-01,7.117933195317426298e-01,5.421314560414869366e-01,6.261942524201660198e-01,-2.165017301863257915e-01,8.802302439582896376e-01,8.308315106351260582e-01,4.831128939649753651e-01,3.949860776956503616e-01,6.082129751729337119e-01,6.356896843471131486e-01,-3.124879570984814281e-01,4.763263916807018994e-01,6.917209586227059948e-01,3.964639601552900627e-01,9.010799863097216367e-01,4.249113759993016215e-01,5.034898947281648551e-01,2.321545923767108222e-01,3.261020806261001326e-01,8.232061002473479716e-01,6.362432092873255840e-01,2.766634630141018847e-01,6.141299719240430610e-01
6.051137494828842112e-01,7.087845032248316635e-01,9.014292235107169704e-01,5.121585401530301951e-01,4.619049463055170390e-01,8.448083936222265944e-01,0.000000000000000000e+00,6.258353890701594535e-01,4.391665758254171825e-01,2.507574156575208546e-01,3.408877416454756393e-01,4.219439258453293595e-01,7.201361506221933828e-01,5.028441861633030641e-01,5.559230286662416587e-01,4.097124268894640209e-01,9.343141627003573868e-01,7.985216513105659608e-01,3.959205519421039599e-01,6.056890441637472478e-01,6.611720911203280426e-01,4.147697549773138870e-01,5.108794094355518789e-01,5.437381124986977454e-01,3.628353281409918418e-01,5.703177196588743447e-01,8.218856533046567936e-01,4.144871781328844929e-01,-1.186482943327949319e-01,2.917287067698722813e-01,-1.893810863605434602e-01,4.672892206410148574e-01,3.136237185535481475e-01,7.031609339629438793e-01,3.961332586317649618e-01,3.109253403215950229e-01,-8.483650830172474733e-02,7.950047341238291043e-01,8.998554853967927203e-01,5.231146554321124409e-01,5.403679380548671585e-01,4.463571748066443301e-01,7.324951776245920421e-01,7.275967100790369235e-01,9.869900069715830115e-01,5.275552790238701162e-01,5.550456669874088700e-01,6.384971216280995732e-01,6.635284381139292531e-01,7.484185468410902153e-01,3.915088974962339652e-01,5.141301595919907097e-01,7.797220568102698479e-01,6.082540156483864924e-02,9.451997787476414947e-01,7.720369656886743037e-01,4.142810764707114957e-01,8.806434165539093195e-01,7.377314889160677680e-01,4.939259363872998687e-01,4.991781881501831108e-01,6.582587913412965008e-01,4.963011760159529162e-01,7.954187500079943351e-01,9.496036096675071203e-01,5.373597262803322394e-01,4.461437182091659848e-01,9.538562814310890259e-01,8.702053394212362347e-01,4.600242034028414473e-01,1.450474325516975804e-01,5.965011953979988402e-01,4.104478108592222729e-01,4.277101214184726996e-01,7.040194845604579310e-01,6.632391105124179065e-01,6.915176628434807071e-01,6.253225033576517156e-01,9.995639688350597130e-01,4.091991729057938287e-01,5.664947402397875198e-01,8.495130229359262319e-01,8.706420317378122942e-01,2.145225205364366949e-01,5.423921894452818915e-01
6.981984987425505773e-01,5.368521308962259653e-01,8.709085302635596326e-01,7.277217826646484866e-01,6.364047415827410736e-01,5.454305359752692484e-01,6.258353890701594535e-01,0.000000000000000000e+00,6.597376005570958490e-01,6.922005413665077711e-01,6.386635713146888715e-01,5.556811953661057180e-01,7.800324941246212784e-01,7.565073753830622305e-01,6.659185800012858980e-01,7.991520316256530698e-01,9.693246924206239123e-01,8.264303399365128255e-01,6.013199768300178105e-01,8.372202237509703826e-01,9.796934779783590397e-01,8.903190988539239070e-01,7.696243894767907934e-01,8.232352778834660656e-01,4.145513483533691534e-01,4.324577215835884725e-01,5.513022262929054840e-01,7.579536155851687163e-01,7.834675922442942975e-01,5.141526543156024198e-01,1.609976552317521348e-01,5.668554498273482567e-01,7.950777896813100432e-01,6.351694547873717456e-01,5.883620126068862533e-01,7.944322205931287906e-01,2.872348723395901637e-01,6.471748132458780001e-01,4.882899961541073419e-01,7.488065065296054534e-01,6.734927953859570771e-01,2.601362554305603481e-01,8.073609077600718553e-01,9.731220459918393795e-01,9.254276806558368040e-01,7.362027887823725525e-01,6.287431810509890306e-01,7.076337881400475149e-01,7.130017215857925583e-01,7.920887572596518877e-01,6.604047321946098226e-01,3.794260621457771765e-01,6.965685262238473507e-01,6.015777222685313452e-01,8.912053224649596483e-01,6.942592596056075260e-01,9.477101477766080029e-01,6.833198977556426135e-01,7.513838878562627555e-01,1.993269731393985389e-01,6.523880924490882416e-01,4.615786935980737415e-01,3.325930262998570974e-01,6.442719759016835024e-01,8.972882792468434010e-01,2.299541457494503338e-01,5.964412761302835264e-01,9.834998506884031766e-01,6.477609904256114159e-01,7.108432938719242422e-01,6.362159821054836906e-01,6.539282302124622692e-01,6.892881122700332819e-01,8.889084890981637788e-01,5.471862253404514709e-01,8.081703346459123694e-01,9.684554887915719501e-01,7.500163433919577738e-01,5.046052948356097856e-01,8.858375770260232263e-02,5.741745305717659287e-01,6.333812058162953118e-01,9.765452884595671179e-01,2.337564484145468469e-01,4.011843745786778381e-01
8.541991520607319366e-01,4.622977234138415104e-01,9.172763439965004872e-01,4.220425141412805781e-01,8.647529362443439060e-01,7.486092784231612729e-01,4.391665758254171825e-01,6.597376005570958490e-01,0.000000000000000000e+00,6.750296610740920134e-01,5.123681271527347203e-01,6.023912813898597562e-01,2.499128975591740076e-01,4.830263013915205295e-01,7.551745997778749331e-01,2.430966979654999860e-01,9.018875289567370723e-01,9.581247683851187302e-01,4.217553979516519003e-01,7.797543727576452532e-01,7.143975298155220699e-01,5.933899296205132901e-01,8.927614196878619346e-01,7.530045971538728011e-01,9.337748817750628483e-01,3.179313314903992049e-01,9.191381121719010006e-01,4.162169294513958784e-01,3.794936236390500928e-01,6.016944227625607988e-01,5.357679963128555434e-01,7.598211848960660930e-01,7.474867052750385765e-01,9.681907428400812199e-01,5.208389058319548015e-01,5.160409029421468841e-01,2.739750007889744099e-01,6.222495750726819708e-01,6.525802348903105843e-01,7.023046632585364657e-01,4.081789214467174132e-01,9.577739584518691895e-01,7.192557954156427735e-01,9.103728113479534478e-01,9.338601680324001286e-01,4.794699335795348238e-01,3.232915773342519561e-01,7.857120438262292783e-01,7.268444045976590884e-01,7.916706747476041084e-01,5.223159266382282340e-01,4.486755460691770336e-01,7.615439064655271650e-01,8.185166086300341703e-01,8.042888466912472278e-01,6.609622035209772317e-02,7.395797573176451367e-01,9.315499292106246276e-01,6.634260580396034168e-01,7.142292118699620218e-01,5.627619744186751483e-01,5.180288774489687498e-01,6.647886124200779179e-01,6.775187723224740388e-01,6.953188189427426114e-01,6.535694838578722798e-01,-1.709333157859137808e-01,6.574467429068684421e-01,2.660924053102134978e-01,7.923560580932671460e-01,6.089064585495592707e-01,4.536627468957173948e-01,4.384685076963411587e-01,2.051495543736562011e-01,3.731955475392130794e-01,9.489858972827628358e-01,8.979738747679744115e-01,3.931135648838205432e-01,6.376229612715891282e-01,5.958328945207541638e-01,4.728702585761256350e-01,4.885017733645853344e-01,2.393460010552262707e-01,9.969057530038030190e-01,8.521301487734355140e-01
8.307045132823827061e-01,9.921329744191693667e-01,7.162530277448673210e-01,8.199028045201045556e-01,4.567651941324610276e-01,9.543985747952894449e-01,2.507574156575208546e-01,6.922005413665077711e-01,6.750296610740920134e-01,0.000000000000000000e+00,8.103360419889019672e-01,6.197368341936599911e-01,9.008945362782418975e-01,8.136849002869886993e-01,7.096297906052037030e-01,5.282244652142114028e-01,9.517878707569137342e-01,7.452448149798751587e-01,4.814208620052725651e-01,7.175803043622357436e-01,9.452245108203315427e-01,4.196884455050068352e-01,8.987141212162065296e-01,9.577714559543064610e-01,4.798211320150768122e-01,6.776374492117149817e-01,7.065559038235198486e-01,4.618052626901174018e-01,2.198497719999769617e-01,4.141188282283855271e-01,6.550981395147563724e-01,6.258631207063164448e-01,1.949380967721032198e-01,6.953108412218250711e-01,4.135156296452159319e-01,3.564452337478360988e-01,4.979291615864050446e-01,5.089017293122209962e-01,6.703890943359456234e-01,7.507518428658302989e-01,3.348871348351990518e-01,6.207413958295417977e-01,5.208843788470597369e-01,8.802333287967095687e-01,8.758433436279992046e-01,7.989738226068615612e-01,7.465358958925680799e-01,9.314198327567670965e-01,8.920276138065600380e-01,6.087381527465642872e-01,9.873842275081634590e-01,6.160600116841912222e-01,4.528266636639620701e-01,6.008352860295086417e-01,3.631363816233775799e-01,7.328464058513258772e-01,5.529608708783511073e-01,9.140341385094572502e-01,8.381246246619479257e-01,-1.966736635056305360e-01,3.300048030899135343e-01,8.858699512094935224e-01,9.186258001843653487e-01,6.151661422399101742e-01,7.397206633352948479e-01,6.449042345989767222e-01,7.135244925181869480e-01,9.752985505872422411e-01,5.195295418916950902e-01,9.354139932059319928e-01,8.522100712229168096e-01,7.543395753491582978e-01,5.847210566008771426e-01,8.218139803339686855e-01,6.099760719930257258e-01,5.184267678437359805e-01,2.823522888034301070e-01,6.722017940525303326e-01,7.858255744987634461e-01,5.113386365250180976e-01,5.130753424158804865e-01,5.277227993744630918e-01,6.531020875054075470e-01,6.494054409511068604e-01,4.832279059935447596e-01
2.265858464627732716e-01,6.897968448987079615e-01,6.400593208107434595e-01,8.679016852596362908e-01,5.674620554121281302e-01,8.551602557481350342e-01,3.408877416454756393e-01,6.386635713146888715e-01,5.123681271527347203e-01,8.103360419889019672e-01,0.000000000000000000e+00,7.755081685913507439e-01,5.859839617912330212e-01,9.319773577063135139e-01,9.019716885460680178e-01,7.483552987820906166e-01,7.302326791657314242e-01,4.213393897439781655e-01,9.277147606872905294e-01,7.283814390709473230e-01,9.145418094779353968e-01,5.324825743473615702e-01,7.928384903984709853e-01,8.704751344687390313e-01,2.336244167990544629e-01,6.559257359787016295e-01,8.505299290653207667e-01,8.630595606525272023e-01,4.694756502115223218e-01,4.463581216270710583e-01,-1.367504590413240462e-01,1.347571058111956543e-01,8.855806138752104761e-01,7.307408007658451332e-01,6.806691879707540416e-01,3.613663471394563675e-01,2.730495645611927813e-01,2.768421137044764224e-01,7.575017563886956573e-01,7.855219098712060699e-01,3.059056115535937481e-01,4.046151730976905725e-01,8.642008320754086537e-01,7.182325467768350125e-01,7.023951604426558193e-01,8.878334932957830938e-01,6.980125761625195491e-01,6.091589925825082741e-01,9.429227572181523298e-01,6.974606729409752459e-01,7.765347083232810865e-01,9.125091489202519224e-01,6.580585852049016804e-01,6.089993585096673545e-01,8.062298490322927780e-01,7.741914638642901636e-01,5.353036346653240463e-01,9.655148105792478175e-01,1.262550636915277247e-01,4.761613743917532671e-01,9.375746244406534258e-01,6.065938048335803856e-01,4.030300843456363635e-01,9.867318394548119098e-01,8.874554679870609863e-01,6.833874418500940351e-01,9.592467487438328666e-01,7.560726780126838520e-01,6.888891876545614190e-01,6.715310566588950092e-01,4.568763269095621471e-01,7.940255727242996331e-01,2.254454449432330421e-01,3.105031251139591664e-01,8.160355956869760341e-01,7.699581597656189880e-01,6.155744276341876819e-01,6.437472574232280254e-01,5.935399313361707785e-01,2.750282252314896203e-01,6.132440916912326179e-01,9.979923434315886022e-01,4.949319618477075466e-01,1.563270548835901108e-01,9.913067141889132516e-01
4.142114184538290278e-01,3.403841594374811264e-01,7.738124359341597147e-01,8.687623659441078283e-01,3.367130674577267779e-01,8.421500346555075289e-01,4.219439258453293595e-01,5.556811953661057180e-01,6.023912813898597562e-01,6.197368341936599911e-01,7.755081685913507439e-01,0.000000000000000000e+00,7.995525036196645674e-01,2.431300834724128834e-01,9.565618012653429592e-01,9.732669855092601630e-01,7.730069385109163971e-01,2.263672929348657381e-01,9.544792714907434084e-01,4.348958903792484731e-01,9.836452460547951970e-01,4.637002148292973525e-01,8.486638133569809339e-01,9.160865037704543079e-01,4.070694407478759325e-01,9.057303084635741630e-01,4.573745951163717960e-01,5.365946667345484755e-01,5.116260123914024849e-01,4.669177046572238754e-01,4.951561598532120967e-01,8.229127618140509304e-01,9.474459073813219501e-01,6.072183433136294495e-01,9.461831345874240906e-01,-1.422892122314139973e-02,2.112640732762913198e-01,2.245455551319338050e-01,9.697714320426739087e-01,7.257028828223519579e-01,7.546136121112177741e-02,9.155787335218005252e-01,8.655113807111854962e-01,9.648861736453443472e-01,8.872918351220235866e-01,5.587362053768033521e-01,7.656312327306091792e-01,4.287136475500887278e-01,9.287494493496623038e-01,6.791917932586950535e-01,2.388963084100674539e-01,6.244702006080518064e-01,6.882972520047766496e-01,4.431496480207063327e-01,9.903350686300960160e-01,6.936936542339670053e-01,4.275856457458431237e-01,8.115094925664096959e-01,7.288971866082669671e-01,7.502929482102348446e-01,5.879893916036801338e-01,9.327520383593017606e-01,2.956741773856205180e-01,6.757565672893703912e-01,6.844661080083169757e-01,6.006210428554712433e-01,1.404563254238732628e-01,8.938887060992115607e-01,6.889379064270151343e-01,6.954440413556879363e-01,9.014042598471777579e-01,5.872785251930550121e-01,5.668359689681088387e-01,5.556897769099602424e-01,9.478216737535793968e-01,6.698532309957885289e-01,6.026177623375449377e-01,4.501838325744542124e-01,3.953588167032460188e-01,3.935218496030271629e-01,8.308987672400510727e-01,4.733833255456063038e-01,8.616449833170545247e-01,4.622495601245504293e-01,8.574151422909761511e-01
8.572583340234825044e-01,1.517337701311288478e-01,4.628153652915102390e-01,7.360659272432662492e-01,5.290427629030466372e-01,9.712991419270942117e-01,7.201361506221933828e-01,7.800324941246212784e-01,2.499128975591740076e-01,9.008945362782418975e-01,5.859839617912330212e-01,7.995525036196645674e-01,0.000000000000000000e+00,4.379980842440924227e-01,9.320002699498948218e-01,7.399266310793928270e-01,7.767738955013396840e-01,8.260114090996126812e-01,3.550344614186630166e-01,5.140305784982831527e-01,7.944131063321575592e-01,6.430696713395149811e-01,8.712853950573573591e-01,9.359110437873437993e-01,6.776895587732083559e-01,6.688268226791753701e-01,5.598443655129690111e-01,6.401031786737971796e-01,7.217281274745335207e-01,8.516727673465194215e-01,3.114487304709157023e-01,1.391200590548195004e-01,9.365356570984171292e-01,9.147385598604869106e-01,6.060708972112631709e-01,2.603668144869488721e-01,7.449707744509823648e-01,7.156107268123772513e-01,6.086571357507328806e-01,7.716345868532301644e-01,2.791672178287781803e-01,9.621614719533391202e-01,8.535604582291085318e-01,4.296806005263714145e-01,8.652763544501129722e-01,8.228848983634309278e-01,4.425890997108729574e-01,8.671585872875309242e-01,6.940376679936277604e-01,8.819214862081119488e-01,4.900359523779938553e-01,7.013516299273497845e-01,9.261687103318366754e-01,6.103854204411839346e-01,7.629508516490202119e-01,7.395886147244608022e-01,9.144927404472753540e-01,6.192334627164264305e-01,7.248960988884862733e-01,8.764921188594585466e-01,7.358742620636614662e-01,7.128711097199561531e-01,9.088998735460603884e-01,7.177787814701587221e-01,6.647384752410450126e-01,8.358842981397838212e-01,6.551072200308886151e-01,8.419685043189988338e-01,4.128116885603673181e-01,8.323426364166933711e-01,5.974126731705904358e-01,4.821347768477146634e-01,4.867463733201341514e-01,3.634469832467432937e-01,5.086144852794405313e-01,7.937537456784384826e-01,9.963341246197636725e-01,9.270513176871107985e-01,3.395014510322521550e-01,3.692817191753017259e-01,7.486328290089960813e-01,9.864115615102817536e-01,8.221716646473424817e-01,5.437343511002473706e-01,5.330467847056146180e-01
9.777565986062777270e-01,9.078946285055942145e-01,8.430491181878567719e-01,7.025827636399881726e-01,1.373224209616583091e-01,7.588450123743031295e-01,5.028441861633030641e-01,7.565073753830622305e-01,4.830263013915205295e-01,8.136849002869886993e-01,9.319773577063135139e-01,2.431300834724128834e-01,4.379980842440924227e-01,0.000000000000000000e+00,8.016010988721353758e-01,8.866511431984538394e-01,8.112721676447284258e-01,9.630388642097272855e-01,2.502159905854386412e-01,2.933262751434135285e-01,7.563322156344320923e-01,5.948235102884402714e-01,9.957846884443383173e-01,7.162283428895852566e-01,9.783352222346440863e-01,7.111093457054025180e-01,6.350280198391491382e-01,3.007512536666340219e-01,5.811582877822187854e-01,1.022367099311699834e-01,5.653091360052919789e-01,4.943733307147171185e-01,8.687598462697543322e-01,5.030826170724655988e-01,3.014012237398580041e-01,4.938322536385427730e-01,3.001699335469901198e-01,8.839129529804111707e-01,9.654866934126697942e-01,9.643309317491717270e-01,7.161559340358049086e-01,9.643972409927783485e-01,8.680540253085682334e-01,8.107361957827398102e-01,8.995147529311716683e-01,8.453994946182944448e-01,8.420608394747586267e-01,1.452922255053883116e-01,5.430557328174280274e-01,8.205362309983260660e-01,8.264782633517672172e-01,4.441850378984895653e-01,7.519085124893916117e-01,7.435621054118279893e-01,8.911070228757730360e-01,8.970182038197466179e-01,6.419048019309541164e-01,9.200720016521156674e-01,7.210532681961544510e-01,3.186159594547758322e-01,5.936818042794314021e-01,4.194888110064144415e-01,1.618406426209145765e-01,5.777411086128454443e-01,8.739223997602084681e-01,4.048846589720326850e-01,5.843074929976850296e-01,-1.696930094976130676e-01,9.137766012028702978e-01,2.125472876762607433e-01,6.137564150475205427e-01,5.520434016968092106e-01,7.128444271861639203e-01,1.504609669889365176e-01,6.197985894137102436e-01,4.317408456087581392e-01,7.026729140571466026e-01,9.175273273970602217e-01,5.177359895568640624e-01,5.975643916789008525e-01,9.313000437895930794e-01,8.517927411789228964e-01,4.172183042748864312e-01,7.532856675786955281e-01,6.612032053752128213e-01
5.967238850936568140e-01,9.417128982366738121e-01,9.598589305618157042e-01,8.778549125907196826e-01,9.748862648235822048e-01,7.057401877708225912e-01,5.559230286662416587e-01,6.659185800012858980e-01,7.551745997778749331e-01,7.096297906052037030e-01,9.019716885460680178e-01,9.565618012653429592e-01,9.320002699498948218e-01,8.016010988721353758e-01,0.000000000000000000e+00,8.933835020526774695e-01,7.274327478136902725e-01,9.058508597565880782e-01,5.849502701457760523e-01,5.704743568972917567e-01,2.142435468853758906e-01,4.083465276107022257e-01,7.829834472719323646e-01,6.800307709131144795e-01,6.581664935330088229e-01,6.986268293368927962e-01,4.812848331310730643e-01,6.549644144047024330e-01,6.469699613113411019e-01,2.090802225818886029e-01,6.430447715092167948e-01,2.287946391839509874e-01,4.603127061949709997e-01,7.876884572351926517e-01,1.643325596498432933e-02,2.182701849158211194e-01,2.429617408715516458e-01,5.122497381672150851e-01,8.973357223953734030e-01,4.224499756819534158e-01,7.976380729608721909e-01,7.555112746661303280e-01,4.182483320692591544e-01,4.641841813264259708e-01,5.823734321096928346e-01,9.990718880103028887e-01,8.950542354455477412e-01,5.332898869774944650e-01,7.826690421936228770e-01,6.009776274234035487e-01,7.442260374929731137e-01,9.192248189627583166e-01,8.989344347391733381e-01,5.786689024613740351e-01,8.865685078307407041e-01,9.506845128240447584e-01,9.674287246019315223e-01,6.697587542532441596e-01,7.942937679917096983e-01,4.954481283699285199e-01,5.134351094957821937e-01,7.177598366292589072e-01,4.362595619400223557e-01,7.843797542014332436e-01,8.328828545980505593e-01,7.140369797033875310e-01,8.423270400271000158e-01,9.939464301477030084e-01,9.155150067096258226e-01,2.721016146323935736e-01,5.016389513900749719e-01,6.125252559505444117e-01,5.259923160665943564e-01,6.927691828263826679e-01,6.154211250078383405e-02,2.907283225249652769e-01,9.633855369078700992e-01,7.955671355132004630e-01,7.105524138737709938e-01,3.074221575925811800e-01,6.921215999005528863e-01,9.462908871428342417e-02,9.114140710056976014e-01,1.293848729000457443e-01,8.257013998675527544e-01
6.851488715006019969e-01,7.522589315007706112e-01,9.935916473061292553e-01,5.374611818149982456e-01,6.517565938224976207e-01,6.287814560354971771e-01,4.097124268894640209e-01,7.991520316256530698e-01,2.430966979654999860e-01,5.282244652142114028e-01,7.483552987820906166e-01,9.732669855092601630e-01,7.399266310793928270e-01,8.866511431984538394e-01,8.933835020526774695e-01,0.000000000000000000e+00,9.305440650060043950e-01,7.688576740268555643e-01,9.397001845849938251e-01,9.342478503898888897e-01,2.999499734658850891e-01,7.507811664625037018e-01,2.966704353600477795e-01,8.050203934613439083e-01,4.448702740126996846e-01,8.815999373602839695e-02,6.456171438832652987e-01,8.295600594480518897e-01,2.266672980522740632e-01,4.101940137618350635e-01,7.844167529155776641e-01,5.971820047827500755e-01,6.171229316580590929e-01,5.257291551469269741e-01,4.689454327502637354e-01,6.346743117137565449e-01,4.896270249240544659e-01,9.892178922808970709e-01,8.018779571540207707e-01,9.985145905910242092e-01,4.122362823339896787e-01,8.657698592605400645e-01,9.439710419216688075e-01,8.319068549240814514e-01,7.025070728669811082e-01,9.477935451952137491e-01,3.371245997981437981e-01,9.595410004449210772e-01,5.517205227802690626e-01,9.389871987614156756e-02,9.862265977782658233e-01,9.180279941782021336e-01,7.105835122956799532e-01,8.783063782902331695e-01,2.650673844776464394e-01,7.361407467470126864e-01,4.520626297886083944e-01,8.615689871995251270e-01,2.984344162294085279e-01,5.850489458628137518e-01,2.302706986795059474e-01,3.150660114311309989e-02,8.083972377024147837e-01,8.060091301123966101e-01,4.256893340247633883e-01,6.366736469302722856e-01,7.127544734221404887e-01,4.180249503963086033e-01,6.084471247242778658e-01,9.814794401860346129e-01,4.435263997170742489e-01,7.737327926109817122e-01,2.411854485335904186e-01,2.571188697810420365e-01,5.447704935940271831e-01,8.806771738901028046e-01,9.295562617213084522e-01,9.986581141956070162e-01,4.053967363842918559e-01,2.364267852525512303e-01,6.503464655100753555e-01,6.625062065605846762e-01,9.445199482959842907e-01,5.626485256806768032e-01,-1.293644523975379101e-01
9.020470840048976369e-01,9.143500109260371822e-02,1.291569638959431943e-01,9.954146409202611068e-01,8.941071356507361845e-01,8.467611265950106825e-01,9.343141627003573868e-01,9.693246924206239123e-01,9.018875289567370723e-01,9.517878707569137342e-01,7.302326791657314242e-01,7.730069385109163971e-01,7.767738955013396840e-01,8.112721676447284258e-01,7.274327478136902725e-01,9.305440650060043950e-01,0.000000000000000000e+00,3.791163678394492420e-01,9.007875468513621975e-01,8.650595657325260701e-01,9.136751034782432113e-01,6.187811500659431418e-01,6.431976893199587986e-01,9.505679075172264181e-01,1.359486704422128156e-01,9.478231327261730232e-01,6.502776874666011953e-01,7.475846205271656775e-01,5.145141819565346442e-01,4.351978764423505841e-02,1.124924713440153962e-01,3.140499798441279133e-01,6.309273259606048567e-01,4.171483800458350988e-01,9.632324074427749405e-01,6.670878962898434406e-01,1.374815463090349188e-01,4.887586820338133964e-01,6.617847831157951388e-01,8.244938793660527843e-01,4.970208538944162480e-01,9.537303123862008736e-01,8.555929816631322460e-01,3.717626388149257721e-01,7.537440871099687634e-01,4.774308141993701682e-01,4.036258225453475124e-01,8.529523735698142373e-01,8.337665725443337283e-01,5.099189215284095633e-01,2.898327569356250466e-01,4.862010347669041277e-01,9.610573520961761540e-01,4.681481860528825534e-01,7.954606067498286581e-01,4.428995004551458115e-01,6.436976524395132682e-01,6.455890176442021788e-01,6.379400684578262481e-01,6.029026783881539231e-01,7.988912632649116663e-01,8.419267392710386710e-01,8.620929383760161935e-01,9.127400623806571911e-01,6.969687526728793880e-01,8.024187904104086444e-01,3.412026977440033582e-01,9.063850379656750444e-01,4.328601171698128747e-01,8.139601475521814899e-01,8.248348356469463738e-01,9.463933999525389051e-01,6.363509437602299368e-01,5.133932543657157010e-01,8.290579361793675162e-01,7.105021507756509314e-01,8.713183557617435460e-01,1.763608279064534934e-01,4.736569032772581789e-01,7.756008733109704956e-01,7.047642861811823645e-01,7.279170662738612130e-01,7.020952788711329884e-01,3.438505073402044476e-01,1.886823174713073981e-01
7.032725331494822374e-01,5.813798211444404229e-01,6.813509622451386916e-01,6.463934706242686623e-01,6.177644096751762071e-01,7.699844966790202472e-01,7.985216513105659608e-01,8.264303399365128255e-01,9.581247683851187302e-01,7.452448149798751587e-01,4.213393897439781655e-01,2.263672929348657381e-01,8.260114090996126812e-01,9.630388642097272855e-01,9.058508597565880782e-01,7.688576740268555643e-01,3.791163678394492420e-01,0.000000000000000000e+00,7.066387010196355511e-01,8.131109453223192007e-01,9.582903554208502817e-01,4.958822391425114495e-01,6.757503875333753518e-01,7.517009607987530373e-01,6.138906935799920417e-01,9.491996835549036948e-01,8.948489846049503260e-01,9.108525709260616443e-01,5.220400880857891668e-01,6.292488918758013527e-01,3.694247971275129716e-01,9.865579330103725342e-01,9.108701903682919765e-01,7.959802752265421333e-01,5.201499047586332081e-01,2.368717631389899991e-01,1.847017809258917620e-01,5.274795125870610502e-01,9.300877167787724442e-01,6.714545573915950971e-01,2.817157439819082398e-01,5.179840143572560923e-02,9.303915178228102656e-01,9.976145683103612161e-01,7.719202318182682987e-01,8.766951965750066078e-01,8.058700781546410674e-01,4.508697587715129740e-01,2.773201775509976375e-01,6.149714342554412072e-01,4.871404033077489371e-01,4.644321465465743870e-01,6.728191102074951857e-01,7.299835955911539997e-01,7.381746696467116342e-01,6.581615810499785724e-02,9.104091428272650388e-01,5.746178761570720495e-01,2.736317932169173295e-01,3.551820519685251476e-01,2.948128567060235294e-01,5.140634016552726449e-01,6.751260846595755760e-01,8.742105488189182427e-01,9.559176840671815834e-01,4.760599723445836373e-01,8.331172845071947997e-01,4.404958688398704636e-01,9.778329989059206806e-01,5.632952255527887697e-01,8.922071589181524987e-01,6.995323499594057193e-01,7.924401067159700940e-01,1.686773611172020237e-01,3.606634181667652816e-01,5.593951135527581719e-01,8.980349427765752512e-01,7.537709082619762357e-01,4.217499880414805891e-02,2.082699375217529902e-01,5.777064670691340886e-01,6.697584132792500089e-01,8.559015732838173296e-01,7.490576383090464807e-01,4.128297047186122448e-01
