0.000000000000000000e+00,7.675045378638217786e-01,8.089546845158491761e-01,9.674020134189095232e-01,8.020157396795666305e-01,9.812374955334823845e-01,9.302415087819966288e-01,7.886095047101824296e-01,8.461994524065340473e-01,7.919442462948134143e-01,7.300566172527137576e-01,8.473044926943591459e-01,8.667068140917311148e-01,8.701110572011311328e-01,6.136447564863360959e-01,6.011640605358026246e-01,9.197222548157091282e-01,8.478687547814675041e-01,6.775886200634297918e-01,6.348742596737290134e-01,-1.044856074410203256e-01,5.400551086094357300e-01,8.638725733746228652e-01,8.848593066111192229e-01,7.569670731280011555e-01,9.014903338950209788e-01,8.461981972181145673e-02,8.757203176726964244e-01,7.555342954665464905e-01,2.460197504363230703e-01,8.581575490852957899e-02,6.259860130889673968e-01,8.464828708189577888e-01,6.188496362962294661e-01,9.464994670697839396e-01,4.638999663705082321e-01,5.247612652357084295e-01,8.402453558659959132e-01,5.332757872915725450e-01,6.926980472107160391e-01,8.856715053217394384e-01,8.070670203661640674e-01,7.412879087580953597e-01,6.852618136567257823e-01,5.105205380439497009e-01,9.582983774001110344e-01,8.033003242381993037e-01,9.525803020870245996e-01,8.263901559841929645e-01,8.732955528754722252e-01,9.132569703663996341e-01,8.272556748078672140e-01,6.043550166671788348e-01,9.691961449755048807e-01,8.727620104555602332e-01,6.631204302880951973e-01,9.727478512476649408e-01,8.402329318297555583e-01,9.563354890352759874e-01,5.112782831035599385e-01,5.608528007022784978e-01,9.982145311374864827e-01,9.006534839220586841e-01,4.372663676431075563e-01,5.044102711040653331e-01,8.814370124519206318e-01,5.080603977906787971e-01,8.295093714560326514e-01,8.991850897392070774e-01,8.746966897685605202e-01,6.447273601006678900e-01,2.295438642870867019e-01,5.785760489537103979e-01,6.699799058587734280e-01,8.055117247729604024e-01,4.570409551898870215e-01,9.316235260917723471e-01,9.190652283269344913e-01,4.764824909283563725e-01,2.476397482474600176e-01,9.607144574475179333e-01,9.063216770864667149e-01,9.467048532100099667e-01,6.578167375824228724e-01,2.919862161586541868e-02
7.675045378638217786e-01,0.000000000000000000e+00,7.554623443832043650e-01,1.429149513307371167e-01,6.510290676334615778e-01,6.763890060201268595e-01,6.368937692505752812e-01,2.035002133623713960e-01,6.868989885320743172e-01,8.515531794136987909e-01,4.745278154188221076e-01,6.348384848735783015e-01,7.278665160346190488e-01,9.108012508367194782e-01,1.329987867969757986e-01,8.921408854000103528e-01,9.968146986166253054e-01,8.219550913591926466e-01,9.828845761440645479e-01,9.068296001468045819e-01,7.471559658064205189e-01,5.399366019682982909e-01,6.562684824485831570e-01,8.464879744550863894e-01,5.449323949561815095e-01,6.654611684468823007e-01,1.713599914066432682e-03,9.407405194095218581e-01,2.493040429504564393e-01,6.962358116765656746e-01,3.586602865812958951e-01,7.064034078999756883e-01,6.799942005992811733e-01,5.327239233070666380e-01,5.633436961699664902e-01,7.246295408300263974e-01,7.299115924243584907e-02,7.713150299452312675e-01,6.698675475279617375e-01,5.241564173434177798e-01,-1.453378322107887477e-01,9.677225317632105472e-01,6.024454790026799733e-01,2.614734787861271448e-01,6.778339932499219955e-01,4.701430233277898996e-01,6.124670754511968296e-01,3.743450525932266459e-01,6.894079310447936981e-01,7.453054486051079452e-01,7.868433109788322000e-01,6.508205081411759796e-01,7.201351049945023952e-01,5.817646247605144927e-01,7.590327065253510419e-01,6.185851738512423426e-01,8.284793085153787651e-01,9.541128575928472522e-01,2.181446800212065162e-01,5.165542103406516317e-01,1.407092462889410756e-01,2.411757139988239262e-01,8.900682784755685750e-01,4.060034835961311428e-01,6.169976668809862286e-01,8.289893294916995670e-01,7.353551062243697256e-01,2.960836610626888521e-01,6.816254014746327972e-01,4.616605272406491545e-01,9.966207892230573018e-01,6.095831939836785507e-01,1.364014884706470365e-01,5.795578890725383570e-02,3.227267921774191750e-01,2.566116412046120510e-01,8.124917505603388435e-01,5.599364753216518054e-01,-6.662458514898231265e-02,1.738082493034600051e-01,5.717953578874096499e-01,8.810121092175500213e-01,8.587223347915796667e-01,4.057330944088349267e-01,8.598374813541926898e-01
8.089546845158491761e-01,7.554623443832043650e-01,0.000000000000000000e+00,9.170303352658787377e-01,8.405019127521056177e-01,9.662314751142923042e-01,7.091779392365791246e-01,6.495058402136493214e-01,9.158700725694418621e-01,9.098126833567932170e-01,7.018669412763021143e-01,8.917220800366287836e-01,8.617221021172098983e-01,6.496401708402228525e-01,9.496741098771311895e-01,7.013533958573775484e-01,8.751792962046366364e-01,7.995933904244933998e-01,7.310901302182065686e-01,7.509363775140505126e-01,6.473581677049408123e-01,9.842338029618945550e-01,7.276399691977840645e-01,6.939527075575309123e-01,9.664191126412918775e-01,-1.074307233966741437e-01,6.869874833821572047e-01,9.810879521681893367e-01,5.470211975968651830e-01,7.341644677753218495e-01,2.462537427250355848e-01,9.041132509462846967e-01,6.487702992095372156e-01,6.806785111656306064e-01,5.072249483143836946e-01,5.417499202986996165e-01,4.342836856504332377e-01,9.335861526055189152e-01,8.337586008538133697e-01,6.476309961183787101e-01,6.529999131665688017e-01,9.767488009342581989e-01,8.564608940262831149e-01,6.000890122145833283e-01,8.609807383560861282e-01,8.810646127094466928e-01,8.072887506878296815e-01,5.697367494765500640e-01,9.717791142357616874e-01,9.217914864023983856e-01,4.350596313999025022e-01,8.274109934193106808e-01,8.969625532537741641e-01,1.139632795230164364e-01,7.284622449568943781e-01,8.913575515556907414e-01,8.022253700675811006e-01,8.127373771289527760e-01,9.497436611435529086e-01,3.605518476968395669e-01,6.452648133226648319e-01,7.270011504767990296e-01,5.035388775815768936e-01,7.579110747634862921e-01,8.398746099805276533e-01,7.725159483072961963e-01,7.821726260545305287e-01,4.148552472208307251e-01,9.080807746484115262e-01,9.128833966258365074e-01,9.215819864264707117e-01,6.317447501527956311e-01,6.487687828298112080e-01,3.403180443725747351e-01,4.345112804139412144e-01,9.151629768334397230e-01,9.043729111702680790e-01,6.452538961301100828e-01,2.110721074894559846e-01,4.213788537702966019e-01,9.828420416389410663e-01,3.405959365838475694e-01,7.661592870853568549e-01,8.729073212353037903e-01,8.467673179960948371e-01
9.674020134189095232e-01,1.429149513307371167e-01,9.170303352658787377e-01,0.000000000000000000e+00,7.000516309087224665e-01,6.342007286128925614e-01,4.677384130908220916e-01,6.245017649285069528e-01,9.235484972332579368e-01,3.614134186883170008e-01,9.741207368187356774e-01,7.925843548355353541e-01,8.814347011101969498e-01,8.170433410536289687e-01,8.170688182660371668e-01,9.161846535484624576e-01,8.284428883196418569e-01,6.507243135824984925e-01,9.960262716605281508e-01,9.762927389868631955e-01,8.403089416786930776e-01,8.528276680144957211e-01,8.039669783282681337e-01,8.231408381250899797e-01,9.719325023279847819e-01,9.610082879640375886e-01,6.712317518263918315e-01,4.569497398170512814e-01,6.909042046649941371e-01,3.032756218086536948e-01,6.630412934409365411e-01,3.734288235838789660e-01,7.856547937169325868e-01,9.062879157626129167e-01,9.086293150954505293e-01,6.101370213704025991e-01,4.398202260862492663e-01,4.110429631479399770e-01,2.161145578538074541e-01,8.800158617526997462e-01,5.884703163417914773e-01,6.792865877298321919e-01,8.286793007972383940e-01,8.429206218706737364e-01,5.896108802608355237e-01,8.386866270099698761e-01,7.089376741317771069e-01,9.038195821501664451e-01,-4.968463998112884750e-02,7.554088150468217799e-01,9.314189269949006977e-01,6.175981518336826070e-01,9.766132201036048510e-01,4.768122041102945685e-01,7.213574457474480894e-01,9.370645092236843388e-01,2.361631339568964205e-01,7.277678435039451887e-01,9.775174643549758846e-01,3.699642724338269018e-01,6.309765019780902984e-01,9.940159155452685802e-01,8.531047680065175776e-01,7.541309440769836669e-01,6.780123948539003020e-01,8.130475647262883632e-01,7.484246510577855505e-01,9.358137906547085993e-01,9.266906664032377172e-01,8.277545506247159235e-01,9.374825981986676382e-01,9.938037256184720780e-01,7.217964599568815753e-01,2.351174329604783231e-01,7.013608933842278015e-01,7.729692907544001290e-01,8.265952546659754985e-01,8.011944016300838189e-01,4.113234422091618381e-01,4.459201547891603612e-01,2.855521951111873458e-01,9.097248139608119510e-01,7.838014421157980527e-01,6.285280670009193438e-01,7.909421065796682360e-01
8.020157396795666305e-01,6.510290676334615778e-01,8.405019127521056177e-01,7.000516309087224665e-01,0.000000000000000000e+00,6.573552279132341969e-01,9.514796146941846278e-01,7.983813744670673618e-01,4.999589165776741617e-01,8.826650396153449263e-01,5.623127445415112557e-01,7.472677221751795607e-01,2.417686339739255619e-01,4.196875154472982095e-01,5.383559340604241461e-01,6.677579551178151884e-02,6.741860107370898358e-01,7.896232618618519439e-01,9.240827520214742741e-01,9.516539273734410109e-01,7.715438168909583005e-01,2.313064938474662102e-01,2.736512583800204124e-01,6.559018598581568549e-01,7.880048002725650313e-01,7.334490627944143526e-01,7.544630992658294399e-01,6.860062606453505296e-01,-1.081187511491615155e-01,4.790607172342270514e-01,3.827136765947287134e-01,3.218321096188236918e-01,2.418651916144992919e-01,9.744343021551878925e-01,7.768047093328880881e-02,5.266167777347166012e-01,1.765369851218938635e-01,1.708849178467621854e-01,8.320950212954254521e-01,4.750113693495490730e-01,5.913651362551227697e-01,6.069678486477310120e-01,8.330983347468337019e-01,8.478557752815626403e-01,8.656782848097004379e-01,8.002705942524902527e-01,9.186779384244929680e-01,7.341390042306527031e-01,4.289726123854725737e-01,6.042129499012433014e-01,5.994422229930289614e-01,7.790245050942817828e-01,7.875767500895708428e-01,7.211242345697563838e-01,7.416604412874401309e-01,6.110621035599520523e-01,8.093272225737525583e-01,8.833508384988714157e-01,1.528703359715557521e-02,7.785719965407389420e-01,6.690219126164399510e-01,7.474130800864333679e-01,9.226567713415769756e-01,9.175300454291465124e-01,4.782028477463050598e-01,3.559976590022860821e-01,9.831244723211126635e-01,9.510053378374838662e-01,7.686444967999711553e-01,7.592635999296917237e-01,8.869027444436674568e-01,5.617513825788233994e-01,6.557792760057573611e-01,3.875157426565368768e-01,4.707161632210052904e-01,6.007435387200553700e-01,5.571193379166931026e-01,8.636163825842996244e-01,5.157445172044152759e-01,1.688679586980700309e-01,6.534059444577596798e-01,2.874466886105302502e-02,2.082427726282716773e-01,7.969944607655370383e-01,6.117730078086280887e-01
9.812374955334823845e-01,6.763890060201268595e-01,9.662314751142923042e-01,6.342007286128925614e-01,6.573552279132341969e-01,0.000000000000000000e+00,2.293404156138343364e-01,6.500108213974693516e-01,8.637507107765827197e-01,7.422488168488021731e-01,7.962047155584848213e-01,7.502065632865275724e-01,7.829286846740242112e-01,4.494330753030964520e-01,5.727344834802945428e-01,7.267960013928463914e-01,2.822238448873619632e-01,5.665634516327796577e-01,5.005243471150654377e-01,7.081563932447945131e-01,7.533669760347296851e-01,7.178081005815305504e-01,6.271855356093058997e-01,8.223007736688671132e-01,2.143717331367555878e-01,5.993194827714674044e-01,8.996237147959059710e-01,7.186717625967828926e-01,1.293816768159572472e-01,4.962327623776098262e-01,3.008272770703443455e-01,5.874333127463698956e-01,6.939839912699158342e-01,8.833519067713687667e-01,7.236944052658191850e-01,3.215920695647893623e-01,5.884828825367565130e-01,3.851177629728432805e-01,6.081610568082673751e-01,9.350592103894274087e-01,3.782464541028847660e-01,2.879442910655185539e-01,6.758938785678555439e-01,8.222891051870465651e-01,8.098262472291883896e-01,8.643864291420156887e-01,6.545740613406106911e-01,9.323579867489160122e-01,5.433262288954514574e-01,4.958403146080657686e-01,8.482146725005481613e-01,7.492485426769130985e-01,8.452901368987910669e-01,7.700026506628052658e-01,5.318030297177042121e-01,6.738437449336300844e-01,7.160105963201988111e-01,6.657697810135230210e-01,7.721004227263850161e-01,3.619286325523044523e-01,5.947357858741175729e-01,2.634038040789906110e-01,6.204507341405239851e-01,5.778613374080400211e-01,6.325630799346165789e-01,9.782212808898172601e-03,8.800150934670113445e-01,9.906120131928257688e-01,6.107740149132108165e-01,5.096374965257890466e-01,4.664064766246094895e-01,6.527879673896400670e-01,6.619759727213603284e-01,2.107765546975600146e-01,8.229683568920439507e-01,8.430826703317868542e-01,4.699061029826888669e-01,7.353237016730350684e-01,4.466547334040902872e-01,5.685904995748498614e-01,2.459454148028488718e-01,4.080956833137995843e-01,6.937570702118640575e-01,6.135310881012058237e-01,5.957187001225076051e-01
9.302415087819966288e-01,6.368937692505752812e-01,7.091779392365791246e-01,4.677384130908220916e-01,9.514796146941846278e-01,2.293404156138343364e-01,0.000000000000000000e+00,5.979276061456931801e-01,3.869894895431779114e-01,6.754239433663408176e-01,2.151859607347099412e-01,4.879066778766363299e-01,7.120041723257435340e-01,3.254363858590275105e-01,5.519227808501568910e-01,4.380895066313617581e-01,7.014031594139270576e-01,3.740242476721882259e-01,5.142918128699659475e-01,9.425247976129079719e-01,6.343200700117527235e-01,7.437561278080905280e-01,7.515832961004519364e-01,9.333378700570145181e-01,6.876013823058315655e-01,2.920235969591210567e-01,6.824116423938423326e-01,1.642108970401488233e-01,3.109665527503824300e-02,3.917940601714767768e-01,3.215979624697231087e-01,6.513819037526645817e-01,6.170281557331492861e-01,5.389501251637088819e-01,5.515037332815073690e-01,7.296311022766129861e-01,2.748995637177798490e-01,9.511070879516735077e-02,7.982182950811447242e-01,6.277339815479083818e-01,3.016262828946306707e-01,2.053182266877286166e-01,7.493578296589483712e-01,9.429739792726652414e-01,7.565232091835458750e-01,7.345640948633369582e-01,1.305250860088368048e-01,2.294488841222799280e-01,6.789961867807570162e-01,5.383844050342430076e-01,4.685676901463848298e-01,7.193800200718548643e-01,6.236989283356547675e-01,6.025711731992904330e-01,4.878011683566851886e-01,3.645319114072278488e-01,1.764841424598512509e-01,3.531975011935500897e-01,7.675172824627387591e-01,9.753464658254152875e-01,2.967953565310033071e-01,1.148608263020821640e-01,6.850930572513075356e-01,7.581673466729426103e-01,4.875136058705028530e-01,5.345693031445668542e-01,9.683526633508666714e-01,8.938881062047835391e-01,5.979153849268439291e-01,7.683247943747980591e-01,1.016609173318325787e-01,4.027000788936083708e-01,3.829352094876865564e-01,6.965894414615740882e-01,4.937241509504530779e-01,7.348597916220789283e-01,8.070632938214458152e-01,6.176811962764277020e-01,5.022281419362306654e-01,4.412949706452030663e-01,5.917035270132930957e-01,5.327221336224851056e-01,5.675482680718633155e-01,4.885239758109639618e-01,3.064741943241748312e-01
7.886095047101824296e-01,2.035002133623713960e-01,6.495058402136493214e-01,6.245017649285069528e-01,7.983813744670673618e-01,6.500108213974693516e-01,5.979276061456931801e-01,0.000000000000000000e+00,2.416084436511575784e-01,7.856767007237106526e-01,6.495114755725186484e-01,3.284246892838118548e-01,8.806376976282576097e-01,5.690344886993998763e-01,7.612700136526744377e-01,6.349365232733658049e-01,9.676803266147737670e-01,7.366973716066764766e-01,7.421698958827716019e-01,8.337634240670921404e-01,9.878447484432602010e-01,9.823805677080273968e-01,2.762012491430662076e-01,8.423165723483533318e-01,8.553581218270407405e-01,6.726487682554693759e-01,2.587075465400233698e-01,5.178910404944682133e-01,7.815075857722899588e-01,6.377407465045610291e-01,5.656615702912033417e-01,4.337621490536218705e-01,2.418107868907476976e-01,2.207324849450471582e-01,3.660215114037890238e-01,5.762633514884885066e-01,5.235183340434335086e-01,3.838165222502407103e-01,5.110271255843117366e-01,7.433065884611615992e-01,5.561673554034907152e-01,7.806013377991584123e-01,6.399416579108908598e-01,9.559575191087676949e-01,9.983775015368506756e-01,3.168062478079778921e-01,7.256855321183688368e-01,7.182031208593447902e-01,7.532982492483315529e-01,7.200794825642545804e-01,7.905153245772590376e-01,6.908704399627769721e-01,9.408560387387993051e-01,6.000657823594944817e-01,4.209269056439416956e-01,8.029450364280356078e-01,6.384446652508696252e-01,7.964990262195951187e-01,9.383848337617020086e-01,5.493341766780921454e-01,6.666722400404498927e-01,7.253507406415053982e-01,4.564525142915951128e-01,2.103919432575597770e-01,7.747726238017038636e-01,4.347496222530182752e-01,3.681247741729319900e-01,8.494857398497712708e-01,4.137566114643104753e-01,7.550817912243082963e-01,3.569443650157297365e-01,8.033073440891486117e-01,5.385102954499858541e-01,9.329728753017894061e-01,5.119949857389576309e-01,4.261977127110526675e-01,6.950457194574487518e-01,7.926302247729457573e-01,7.018363915742320547e-01,1.798862454077563566e-01,5.739046212780165579e-01,5.272912013391605202e-01,6.923590812940532135e-01,2.918394047346491993e-01,4.101239009229349919e-01
8.461994524065340473e-01,6.868989885320743172e-01,9.158700725694418621e-01,9.235484972332579368e-01,4.999589165776741617e-01,8.637507107765827197e-01,3.869894895431779114e-01,2.416084436511575784e-01,0.000000000000000000e+00,6.272840051527618366e-01,5.595481323701595455e-01,7.999376556294996998e-01,2.598014743846428498e-01,9.603155521508544012e-01,6.323770491095750401e-01,2.677981144963431093e-01,9.140439009122934833e-01,4.796671761054278893e-02,2.833614428172465116e-01,7.037195952523898068e-01,7.271590359148003557e-01,4.133225139807325532e-01,8.448507675980703180e-01,9.204031620325188179e-01,7.537959280192492173e-01,6.359901550486593003e-01,4.234634938145424021e-01,7.652713874020060647e-01,7.800267542755210393e-01,7.027786596465570579e-01,1.937200769609455364e-01,2.919698779765442231e-01,6.943613546160116723e-01,4.158252475903531087e-01,4.058737482758640880e-01,5.959258479639735206e-01,5.530519396395698895e-01,6.732340717010985021e-01,5.444916451176146088e-01,8.861446014716061192e-01,5.129494233361727717e-01,8.449771287032143974e-01,5.704184589449814435e-01,3.365761337951279630e-01,4.878630160136543936e-01,5.847791539620135204e-01,7.104511003465961982e-01,6.071531358731079298e-01,8.852770456915243225e-01,6.354984609097507064e-01,6.088489674365493709e-01,4.411107682165936184e-01,6.843997015171451315e-01,6.113974791913560081e-01,6.873176450104865332e-01,6.119250284827839614e-01,5.830799144620706365e-01,6.466584402918094110e-01,8.432316314693263370e-01,2.839323188636730388e-01,5.561987067848401800e-01,6.990077909414649238e-01,5.535869601163249110e-01,9.146077254006214075e-01,6.881685513351996075e-01,2.378790136070773886e-01,8.046115402533497996e-01,4.459713187943644130e-01,9.966799285498278982e-01,6.465141829703108245e-01,7.808814692530150481e-01,7.793389608718731543e-01,7.991167914453713994e-01,5.395670128102085794e-01,7.765373369188005581e-01,6.015974474818490680e-01,9.781247961022203619e-01,4.391287460818333321e-01,1.299312696792306598e-01,3.886540551273746091e-01,8.662053519347178154e-01,9.911867268090410743e-01,8.877245950787053808e-01,6.634537908079154445e-01,2.310535886086000079e-01
7.919442462948134143e-01,8.515531794136987909e-01,9.098126833567932170e-01,3.614134186883170008e-01,8.826650396153449263e-01,7.422488168488021731e-01,6.754239433663408176e-01,7.856767007237106526e-01,6.272840051527618366e-01,0.000000000000000000e+00,6.569423778318262963e-01,6.186017616696770638e-01,6.401640229466603049e-01,9.449590616329437420e-01,7.529978359759728068e-01,5.304463599939859275e-01,9.876922030053176815e-01,5.056102001688347336e-01,2.055865828414075724e-01,7.589280096491899386e-01,9.027339548967713290e-01,7.254456691175311667e-01,8.930686151876555678e-01,9.681062088615495220e-01,5.721650234361417287e-01,6.453105145497666228e-01,9.091831792216985564e-01,4.140578910713536009e-01,3.391179947373361148e-01,4.855060377829245599e-01,4.345324031111600371e-01,4.774341247401122645e-01,8.016117343965464270e-01,7.466796046569917911e-01,7.275647117894386007e-01,1.877301143226921265e-01,5.631942598991004356e-01,2.645855065039325327e-01,6.871578606061593542e-01,4.877533324128181524e-01,7.932877549346168955e-01,7.219514319265403213e-01,9.843378186642207650e-01,6.167276118098683479e-01,8.347803310907397911e-01,6.928865361013365476e-01,3.699243777381003850e-01,6.572754763364133668e-01,3.839811221547499986e-01,7.638593164737836894e-01,7.286594218583715143e-01,7.433227861964787353e-01,8.006935160240011840e-01,7.525487824185983499e-01,6.434657541618297172e-01,9.713730945978841236e-01,4.851426263539500572e-01,2.252872661324591963e-01,5.972750791533834036e-01,3.137004145169971503e-01,4.122284565089703312e-01,5.904054809162107009e-01,7.881790636671933692e-01,1.450454132333116597e-01,9.543300430874808171e-01,5.196236062337189487e-02,8.546931383587815789e-01,6.841032802947253355e-01,7.612136055972915649e-01,6.696560767012219584e-01,8.906789529457678212e-01,4.285651036065448172e-01,5.063781291248270477e-01,3.885949449426590041e-01,6.331214723717628612e-01,9.383373925877545041e-01,6.262562706801244605e-01,7.262906368065287221e-01,7.927676688769127455e-01,2.085711000653697744e-01,5.210131012263561345e-01,6.375180252796750491e-01,8.955916523602107659e-01,6.062768382457872640e-01,3.035726352675227613e-01
7.300566172527137576e-01,4.745278154188221076e-01,7.018669412763021143e-01,9.741207368187356774e-01,5.623127445415112557e-01,7.962047155584848213e-01,2.151859607347099412e-01,6.495114755725186484e-01,5.595481323701595455e-01,6.569423778318262963e-01,0.000000000000000000e+00,6.980410273490769146e-01,6.383107414472150021e-01,7.113817789522526303e-01,3.759178887636598909e-01,6.348207304920747696e-01,8.596584452770432705e-01,9.412886158520196167e-01,4.454470803164432557e-01,9.121478076326788864e-01,6.404174638481006099e-01,7.824127190736503978e-01,6.031216498127350834e-01,8.871032656302174635e-01,7.891753330409675415e-01,8.428286009371708243e-01,9.643514054221800080e-01,7.622985399939241624e-01,4.315480262881414841e-01,3.098854436089145126e-01,1.093316822004706257e-01,9.975629228564062423e-01,8.649827713299211851e-01,7.165453753590509400e-01,8.998382242395612796e-01,4.037271752141521342e-01,-1.653443629842186180e-01,7.093523835587113302e-01,8.566295623992551400e-01,9.661949923354490322e-01,5.159047223184646258e-01,4.616879239658408518e-01,4.341850395637485982e-01,7.205714186916776232e-01,8.447877113483898137e-01,8.296408505373110698e-01,8.431235391227154263e-01,9.875443955048250899e-01,6.899532300519396477e-01,5.022810572158502573e-01,4.023902792645857041e-01,4.355561416568270450e-01,7.485740410685614021e-01,9.196691000252472659e-01,4.362673278552649525e-01,5.029402083698137904e-01,8.976104557360611302e-01,4.588090828208203353e-01,8.743225494462254499e-01,4.364924629642902287e-01,7.244501049810057047e-01,6.752216040262006835e-01,6.910130020116056482e-01,7.222228247859359129e-01,4.332936814312708940e-01,2.249554561860057367e-01,7.782009251583185128e-01,8.903257162637001620e-01,9.487126091076584222e-01,7.670742828475388686e-01,9.661272732118494355e-01,7.122163059847569366e-01,3.845176174351156995e-01,3.778419171093435613e-01,2.637625581385553142e-01,7.676003492304490639e-01,6.735160038699204987e-01,9.173157738368965530e-01,5.359288790687138926e-01,2.903745053650395036e-01,6.228803897679373591e-01,7.633296950624018917e-01,5.582040885491745819e-01,6.979216293105896529e-01,7.728774287733892745e-01
8.473044926943591459e-01,6.348384848735783015e-01,8.917220800366287836e-01,7.925843548355353541e-01,7.472677221751795607e-01,7.502065632865275724e-01,4.879066778766363299e-01,3.284246892838118548e-01,7.999376556294996998e-01,6.186017616696770638e-01,6.980410273490769146e-01,0.000000000000000000e+00,9.154405536699398160e-01,9.753225569665906480e-01,2.205392902683118439e-01,6.740718823642543045e-01,2.431107350912839749e-01,3.225355178483616525e-01,6.302162492634707514e-01,9.761430546291165466e-01,2.978741606228059724e-01,6.219904164273449831e-01,8.593071552571304172e-01,8.839314452223906438e-01,7.726865400750315693e-01,3.862416572501539136e-01,7.214772525691639515e-01,9.011768081014479570e-01,2.161547515651030538e-01,3.754668104340925239e-01,5.435135934600739127e-02,5.494424651549428829e-01,6.716873023298236545e-01,6.093916141420646637e-01,5.065105734865023024e-01,5.905174266704243946e-01,4.794026877253986241e-01,9.109208683520924055e-01,7.114031397700919523e-01,9.536647704407581472e-01,8.274544103890659752e-01,4.146794157523715496e-01,9.684498692865115554e-01,6.289346217385366478e-01,8.669551362128553595e-01,9.325570420563850105e-01,8.931651651254240987e-01,6.229140991959053464e-01,4.554394893075745521e-01,7.803652943166996536e-01,5.852801876722836250e-01,6.986450772260741626e-01,6.768779560765963987e-01,3.064730016979367311e-01,5.137570999602695254e-01,9.557712497278642028e-01,7.363088910882409355e-01,7.314378724584214009e-01,9.055292079284801288e-01,4.534354761625249419e-01,4.951841283896893930e-01,8.706810769986340626e-01,6.284399178709745293e-01,7.028491165727110968e-01,8.673262383446233015e-01,9.336465980253851882e-01,7.326084762758382496e-01,9.276274190966075084e-01,6.375476452115538262e-01,9.445803013169978835e-01,7.587012344906521877e-01,8.502204621196117751e-01,6.482349200673729328e-01,4.341154777318695923e-01,6.731134799190413576e-01,5.341314761129872801e-01,8.924812386593176106e-01,3.068474263624514364e-01,7.986186915213258075e-01,7.851651923567368740e-01,5.050659964024059034e-01,9.989154686302412767e-01,8.663317674659184453e-01,7.304794493251534071e-01,4.883434385005065437e-01
8.667068140917311148e-01,7.278665160346190488e-01,8.617221021172098983e-01,8.814347011101969498e-01,2.417686339739255619e-01,7.829286846740242112e-01,7.120041723257435340e-01,8.806376976282576097e-01,2.598014743846428498e-01,6.401640229466603049e-01,6.383107414472150021e-01,9.154405536699398160e-01,0.000000000000000000e+00,7.938292939207013399e-01,6.840739546590061115e-01,9.327521055816735407e-01,8.701307794622296088e-01,8.581363211439039240e-01,8.427322200185838330e-01,9.852181913123607693e-01,6.991516667588405509e-01,8.073106309438385919e-01,2.127073986509045167e-01,5.125885160201235635e-01,8.349863213252719518e-01,9.896966500865091998e-01,5.819823052346014824e-01,8.977866374249546255e-02,3.000530704173064445e-01,2.185358251249547579e-01,5.994435798415859162e-01,6.052161182197928202e-01,6.430550053681460820e-01,4.507563407046218384e-01,7.657846347839010193e-01,4.623869750774206588e-01,2.389007146720833197e-01,6.243183239293312869e-01,7.358550440200006815e-01,9.283197625270719344e-01,6.349927701226349974e-01,6.809717725077077954e-01,9.732960447252106961e-01,8.755698472711941349e-01,8.497284055127916069e-01,8.157359878658604346e-01,9.203622724535089894e-01,6.797731888078579754e-01,8.812465049148696661e-01,2.534747951283722323e-01,3.698424053060690442e-01,9.149249546969620006e-01,2.796886750149177869e-01,7.813853307482736543e-01,8.782281566246358251e-01,8.729942402579178307e-01,7.582501416473212963e-01,7.621398990276049279e-01,5.353332888258236499e-01,2.512118420167706034e-01,5.782397403572894223e-01,4.970477748615946822e-01,7.593168541545582961e-01,8.139198691562032906e-01,9.396633293960481303e-01,8.131751231110018185e-01,8.676627055565717672e-01,9.410083838506025922e-01,4.402554049700350691e-01,5.687988787665905210e-01,7.741632100109548942e-01,7.406668685266560859e-01,3.651507309877770613e-01,5.975412713885919214e-01,6.924194962190476366e-01,9.758294435630242569e-01,9.797710015137054418e-01,8.886928045047393088e-01,3.567610273401189414e-01,5.875436932759421360e-01,5.809530920072658589e-01,8.973094685064045839e-01,-1.200128765414555931e-01,7.605208315894415039e-01,1.822539153645455490e-01
8.701110572011311328e-01,9.108012508367194782e-01,6.496401708402228525e-01,8.170433410536289687e-01,4.196875154472982095e-01,4.494330753030964520e-01,3.254363858590275105e-01,5.690344886993998763e-01,9.603155521508544012e-01,9.449590616329437420e-01,7.113817789522526303e-01,9.753225569665906480e-01,7.938292939207013399e-01,0.000000000000000000e+00,9.716205024875080865e-01,7.831694656637168128e-01,7.695233213374396142e-01,6.991249942965749309e-01,7.995990795437366572e-01,8.731398115283646177e-01,4.821665138673891238e-01,8.574695150698845580e-01,5.485937238006659555e-01,9.979287922462334315e-01,7.526352563666892648e-01,8.116243090899106782e-01,4.273319417094044725e-01,9.262713194276435136e-01,2.494047674700957395e-01,5.113509201073733745e-01,4.841915360273651991e-02,2.022463744176872802e-01,8.552526387817201980e-01,9.512612461523395346e-01,4.971896425507813522e-01,6.518546637188987747e-01,2.368769591306322531e-01,7.296641626665767433e-01,7.439873064330750907e-01,2.859328710552032082e-01,5.780937679389140937e-01,5.487790032763156800e-01,7.110315518047569672e-01,9.931180430064281417e-01,6.463433233610664796e-01,8.993779456000188244e-01,8.734180629543868424e-01,7.399593164110233046e-01,4.729826279156931768e-01,5.288019629110395359e-01,6.242745349911609232e-01,9.128657704026286179e-01,5.897279663147321216e-01,2.074025784289588725e-01,9.693691248413265349e-01,9.819873822484487258e-01,4.086992951121280471e-01,9.283006553734982624e-01,6.890146161930837954e-01,2.240844767658729253e-01,5.521276453280108409e-01,6.705040013244647490e-01,2.529416939156500232e-01,4.588265135465713906e-01,6.437207640332025527e-01,9.965720703707328099e-01,7.263513841369905188e-01,9.352616912030589091e-01,6.272549843176543349e-02,8.331747763810909424e-01,7.718324792630164577e-01,9.413382053330211496e-01,2.624344623069237437e-01,6.067284268490297228e-01,4.990768931101170480e-01,4.277110727658624545e-01,6.994466490131090453e-01,6.948682211996455305e-01,4.232436664993919906e-01,3.318602416353696460e-01,5.990859834438775344e-01,9.465486286995165033e-01,5.181520874438216850e-01,9.437679196016837135e-01,3.458046172048281908e-01
6.136447564863360959e-01,1.329987867969757986e-01,9.496741098771311895e-01,8.170688182660371668e-01,5.383559340604241461e-01,5.727344834802945428e-01,5.519227808501568910e-01,7.612700136526744377e-01,6.323770491095750401e-01,7.529978359759728068e-01,3.759178887636598909e-01,2.205392902683118439e-01,6.840739546590061115e-01,9.716205024875080865e-01,0.000000000000000000e+00,8.935111143207973283e-01,6.449307300734554715e-01,8.549541886039864202e-01,6.090439726798623221e-01,8.195431338706501423e-01,5.393274952421042157e-01,8.899979158344902830e-01,4.587171336176051328e-01,8.782337129816211174e-01,9.538759221674955047e-01,5.819716701792490010e-01,9.690103075278676537e-01,5.353259789152233772e-01,4.359580175928211565e-01,7.621687866859003790e-01,5.423000752027525850e-01,3.268215633316372548e-01,4.113135143274258554e-01,8.198284750128280729e-01,6.692568842968118492e-01,9.071986246109399188e-01,5.173572268083818093e-01,3.076191469193418904e-01,4.553509314830684329e-01,3.984651281790136390e-01,5.631289797351223259e-01,7.627675333904135879e-01,9.399332473021646539e-01,7.395067628673617222e-01,8.756903510594206130e-01,9.960248012100372250e-01,3.867529652710463006e-01,2.157660902383562451e-01,7.531887201527920350e-01,5.150818322970426300e-01,7.403713626952980187e-01,7.672521770946663100e-01,9.806803338666792991e-01,6.379506258258877960e-01,8.362950601000329609e-01,6.644999039297712073e-01,7.169185089504729325e-01,2.763082995420916843e-01,8.948023820616983759e-01,5.997508537796706340e-01,5.942299898765448507e-01,7.708488571804491540e-01,7.389039836347726098e-01,5.854007413433706120e-01,8.146957639675517227e-01,6.279625172913727571e-01,6.780557651690345411e-01,6.370298279901744909e-01,5.938816198356511311e-01,5.173446370133605310e-01,8.071450677891889303e-01,5.335272338523103786e-01,4.657762852580878965e-01,9.062414084255571156e-02,4.572027684194196473e-01,7.663417740636264686e-01,9.534267907054942981e-01,6.237081408419886674e-01,6.316776952593942118e-01,3.562460009764191193e-01,5.674069111173875024e-01,9.981638579653653309e-01,6.013627987359522198e-01,4.741169918115297754e-01,7.809850736192469611e-01
6.011640605358026246e-01,8.921408854000103528e-01,7.013533958573775484e-01,9.161846535484624576e-01,6.677579551178151884e-02,7.267960013928463914e-01,4.380895066313617581e-01,6.349365232733658049e-01,2.677981144963431093e-01,5.304463599939859275e-01,6.348207304920747696e-01,6.740718823642543045e-01,9.327521055816735407e-01,7.831694656637168128e-01,8.935111143207973283e-01,0.000000000000000000e+00,8.904306344987366062e-01,8.437012168771877985e-01,5.999058558123653295e-01,8.795395835738895052e-01,8.002327231888720638e-01,5.819698047711958644e-01,5.276892623882759592e-01,8.193887682330113220e-01,4.778437707442762528e-01,9.400580462177188235e-01,7.520398747973954245e-01,8.020818324862427628e-01,5.815904160555060987e-01,3.840380221077369649e-01,2.684365498387643045e-01,7.471340023858580315e-01,6.245959489886202531e-01,9.187487853298224039e-01,7.015523257660326306e-02,3.117537663632743983e-01,2.398031125913592243e-01,4.177897070629678633e-01,7.943165487122267887e-01,8.892970111016808010e-01,6.619345077593377091e-01,5.634844839974860742e-01,4.928761967541942512e-01,7.961710808427365782e-01,6.937640771123146921e-01,8.955817046971693562e-01,7.639538533650539476e-01,7.187303530326578649e-01,9.902309763810486221e-01,2.031135106317207006e-01,8.378775392848030190e-01,4.595997285188608283e-01,6.176159291778799965e-01,5.256547060414001882e-01,3.713201513028249190e-01,4.424861239320951878e-01,6.995467623682977143e-01,9.533486890494673460e-01,8.157608171682135811e-01,5.352373676827812954e-01,4.932610178026083925e-01,5.494649595220607585e-01,9.053904636302005926e-01,6.614973729483363263e-01,4.975243606891535109e-01,4.513427829493761867e-01,9.366423697089885092e-01,9.068003139489625442e-01,-7.184141130749716053e-02,5.949163503360976879e-01,6.167537479044133963e-01,8.902746703880458634e-01,1.238573655132718943e-01,4.881792079698289433e-01,7.937402744554938883e-01,9.410531824957786284e-01,6.630777840778784293e-01,9.402926150899562074e-01,7.663116969786576416e-02,1.549522002391320596e-01,5.817143911737092665e-01,4.778113199558227664e-01,6.598988742984898126e-01,5.763577447702208367e-01,7.610552084076241952e-01
9.197222548157091282e-01,9.968146986166253054e-01,8.751792962046366364e-01,8.284428883196418569e-01,6.741860107370898358e-01,2.822238448873619632e-01,7.014031594139270576e-01,9.676803266147737670e-01,9.140439009122934833e-01,9.876922030053176815e-01,8.596584452770432705e-01,2.431107350912839749e-01,8.701307794622296088e-01,7.695233213374396142e-01,6.449307300734554715e-01,8.904306344987366062e-01,0.000000000000000000e+00,9.936965264126009778e-01,9.762096616578137542e-01,8.184202299832546990e-01,8.174631191883638959e-01,9.875688872507004668e-01,5.296872755523951426e-01,8.522692679353023326e-01,2.879644580752848682e-01,6.868107714061658653e-01,8.494338505946114060e-01,7.589471087791427317e-01,5.969298875739519755e-02,-1.292905281219259850e-01,3.699925597898070517e-01,9.741664374061185239e-01,8.052055827005546451e-01,5.234981936629213850e-01,8.152564283485722596e-01,2.539178281217610578e-01,2.652181029890793851e-01,8.223121280420432333e-01,6.546458890130906205e-01,7.714964637435537398e-01,6.098330821382144107e-01,8.563136051330002552e-01,8.088312794719506593e-01,7.204989212975126955e-01,8.128072674440328660e-01,9.207119714958955647e-01,8.403413500089761401e-01,5.387439208219775288e-01,9.847417232285653466e-01,8.471262521054778727e-01,4.100875219224315305e-01,1.218449326862769688e-01,6.707695606294671320e-01,6.192196453319265270e-01,8.209859797732275144e-01,7.730154886460953723e-01,6.670971275010262325e-01,9.089006896438908134e-01,6.412155556177698834e-01,3.830127758946407224e-01,4.836975735246095143e-01,6.463749129542306626e-01,9.350065160788758600e-01,6.705441063188983808e-01,9.909035055494141986e-01,5.711117579902801333e-01,8.981004087566356597e-01,6.220714031127052568e-01,6.455862728868124734e-01,8.023176897895560877e-01,7.422956174551280650e-01,6.238354571976172380e-01,5.644937872962275671e-01,2.644433046707210244e-01,9.010067381461753788e-01,9.441316453194251723e-01,8.753384362861835744e-01,6.073584129762303885e-01,1.948829410264449891e-01,4.913503306085913458e-01,7.222460894379170160e-01,7.430283085127210585e-01,9.171512653907354373e-01,6.528046698569442974e-01,7.788772512002546389e-01
8.478687547814675041e-01,8.219550913591926466e-01,7.995933904244933998e-01,6.507243135824984925e-01,7.896232618618519439e-01,5.665634516327796577e-01,3.740242476721882259e-01,7.366973716066764766e-01,4.796671761054278893e-02,5.056102001688347336e-01,9.412886158520196167e-01,3.225355178483616525e-01,8.581363211439039240e-01,6.991249942965749309e-01,8.549541886039864202e-01,8.437012168771877985e-01,9.936965264126009778e-01,0.000000000000000000e+00,8.839097833872022400e-03,8.745859953340278103e-01,8.567412085230349250e-01,9.336969719676000423e-01,8.756746127987115047e-01,8.512485067386936777e-01,4.484641894951506003e-01,6.010437534481950506e-01,8.496553860878700570e-01,5.509141410857992804e-01,2.841531211366559728e-01,7.781034019919695899e-01,2.005210506565818507e-01,9.993540177928454948e-01,7.405053634866475276e-01,5.346719900072878229e-01,6.438767549361563702e-01,7.098267323490158320e-01,1.043086106088468856e-01,9.116836152366220025e-01,8.644526273765170687e-01,2.657787016084926512e-01,2.148708697208467910e-02,6.528480697287781798e-01,9.025808623709107303e-01,9.432479336275441106e-01,8.211057574926853286e-01,6.855207285264810491e-01,6.034387574253053943e-01,5.591962019527580985e-01,4.679679857420919742e-01,9.274531620189452319e-01,9.002776361854436526e-01,7.138233887275879930e-02,4.895608290270108132e-01,7.743171741050894896e-01,8.693137443506616657e-01,7.423109835309925630e-01,1.232929032590537356e-02,7.806515558082316453e-01,6.921356756171770375e-01,7.573424317833099551e-01,5.977246458340310653e-01,7.078386393352213979e-01,7.094525713653005994e-01,9.715801069802362244e-01,4.608200760614566960e-01,6.412745526568021104e-01,9.871272908130555024e-01,5.426937027237694888e-01,5.632950430781280549e-01,7.866485263217712909e-01,9.830290215874688542e-01,4.638728108665710614e-01,3.615689104174532043e-01,3.630505546943491035e-01,7.486321792934382824e-01,5.298287082497844525e-01,6.228277965950358430e-01,9.339594984890128293e-01,5.897788919256912177e-01,7.361420705683368038e-01,2.464051021431666599e-01,5.885415273798373370e-01,4.325805012086112455e-01,5.784811182363339688e-01,6.387045573260923259e-01
