0.000000000000000000e+00,8.431131026596454525e-01,9.845439166525910002e-01,9.707058025163011195e-01,9.331228121215777715e-01,6.466667870755794523e-01,8.273747777549388394e-01,5.235422942133224344e-01,8.133357529866573898e-01,6.674222283234065856e-01,7.042847313823769051e-01,8.318432761354316307e-01,8.545670627176822354e-01,8.262527193687096982e-01,9.368270365961083312e-01,9.566270120428974622e-01,6.746385595732415918e-01,4.661344658892810910e-01,8.991882077826645059e-01,7.453818171035124784e-01,5.596154393177893427e-01,8.593051506518323279e-01,8.464713101884148161e-01,9.445065038868655227e-01,7.742723842978949111e-01,7.099269392037044386e-03,6.357961767568218736e-01,8.302803423542529648e-01,9.491952677903170432e-01,6.940602276076508481e-01,4.762837375263132556e-01,9.674395571899235824e-01,4.894045857051277926e-01,4.350598146178277781e-01,8.359199553283944706e-01,6.828942458321252129e-01,4.230072491206382512e-01,2.202505629528135611e-01,8.715533900853353888e-01,4.475211583102287061e-01,4.688682304864217332e-01,9.195322798066549730e-01,8.784407241702546498e-01,4.562583596872546443e-01,9.574464799539250670e-01,9.115788568320115637e-01,9.811482920496999993e-01,9.376649802387198029e-01,8.521480534138126117e-01,5.868654552580783168e-01,6.481623183838003399e-01,8.990890822784074476e-01,6.752594909763071085e-01,5.046371009995399559e-01,8.644965145796690287e-01,9.360151491255419565e-01,6.142463292826171317e-01,6.900983991644840110e-01,6.668440366941216224e-01,8.787881547116435099e-01,5.519592679084991405e-01,6.171670680850679380e-01,7.716993678454331373e-01,9.589814597341749236e-01,7.156837292597740818e-01,6.496114295877764011e-01,6.244115285713801589e-01,8.282828378054715168e-01,9.287009533774034375e-01,9.637826904764279501e-01,4.990155523127616788e-01,6.484403429259407714e-01,4.299791783379695032e-01,5.463521789432933540e-01,9.099998628832564052e-01,9.551494051331040902e-01,9.897433299528906048e-01,4.146236287660128306e-01,7.573632969792119807e-02,6.287096600334157737e-01,7.780832376681100504e-01,9.539694342824263096e-01,8.161553492108377661e-01,3.943173862124556561e-01,9.117645928850423021e-01
8.431131026596454525e-01,0.000000000000000000e+00,8.292449975944256035e-01,7.358411533422826167e-01,2.778610322669482491e-01,6.646709669595075587e-01,4.486195799299598774e-01,7.600450437985009633e-02,5.084919912522543051e-01,9.271930670792170037e-01,4.449250490736234576e-01,7.726959660439438604e-01,8.677161947617739735e-01,-2.826202804699709525e-01,6.903575780343840229e-01,-2.155750832609937273e-02,8.855846096443454885e-01,5.886255284470243154e-01,5.837964522214775798e-01,6.147729400977858250e-01,7.973157217743940262e-01,5.797575655631130864e-01,7.655955626932503533e-01,9.413476006705686627e-01,6.731920299223300708e-01,6.349711165807570001e-01,8.426781717642888303e-01,6.243603369916806978e-01,6.710454460517494280e-01,8.204870824312984201e-01,4.505548588670388321e-01,3.809143342148706424e-01,6.908720379320019145e-01,5.291172786482101209e-01,6.369882823310615283e-01,6.429836111988297409e-01,6.992491604897022039e-01,4.851433181884967638e-01,9.037000543473795444e-01,6.214444932162180857e-01,1.855971988487484237e-01,5.681614633215181787e-01,6.846450566120678705e-01,9.156793609937153855e-01,7.238881130636374284e-01,7.831798614167317929e-01,9.345087630177545401e-01,9.687327725368329867e-01,6.054479143010775832e-01,4.444284782712982218e-01,2.626817724898092288e-01,8.633693482222638549e-01,2.916364322445895718e-01,6.846439995689894698e-01,7.272165305052595841e-01,8.367909629230843027e-01,7.914516931578366443e-02,8.723584200232366026e-01,8.535243773418169644e-01,5.727645685105886564e-01,3.977667389796261110e-01,7.385429280287749698e-01,6.767650185296908427e-01,8.481206397879652581e-01,5.932479220098265671e-01,5.744310868017921123e-01,6.530122880298403487e-01,8.420222846945653039e-01,2.537014501701260194e-01,2.263789497676018114e-01,9.642451807550905807e-01,8.038716466952776640e-01,3.356480783349469199e-01,2.925884928907447335e-01,9.104153337016085423e-01,8.667403954238442898e-01,8.961656670771670496e-01,8.801708632538332022e-01,3.786391282599190222e-01,2.698182835111432865e-01,6.834552708859569226e-01,6.989358517096334600e-01,8.404758461122339153e-01,5.862678323199486119e-01,4.906520923912709442e-01
9.845439166525910002e-01,8.292449975944256035e-01,0.000000000000000000e+00,9.684400217897000118e-01,8.239816044933493400e-01,8.604451874397515132e-01,8.665524394257846375e-01,8.881790780709144517e-01,8.944364596249039234e-01,4.173568814141897509e-01,9.228628809882766237e-01,8.482395464374200555e-01,9.004449660834957792e-01,8.337144462858161464e-01,9.313692564333780899e-01,7.024790651468437730e-01,8.489732239173756190e-01,8.061619270979428764e-01,9.655624416158123946e-01,5.183421041090386927e-01,8.275254690432959359e-01,9.966916030854930941e-01,9.945886229797710198e-01,8.298973675920815474e-01,5.444247814686447029e-01,9.177517769078675780e-01,5.783546199843261348e-01,6.459112144858025761e-01,2.716687721784776799e-01,5.845662941521579947e-01,3.559029293754490952e-01,8.566163518376729291e-01,6.908119638471317270e-01,8.902360043970781733e-01,9.413879188759357586e-01,8.737540852318638196e-01,3.844781884840425823e-01,8.998599312803658989e-01,4.790437251117391493e-01,7.703136352486267269e-01,5.833596877895176336e-01,2.552432570560113634e-01,7.110034112930919692e-01,9.027517004005889412e-01,5.274795484286800562e-01,7.029436209076853626e-01,1.478690580420728429e-01,7.549212510628314776e-01,8.467397966746851301e-01,8.134761050506787994e-01,6.897808869916138841e-01,5.360320890424306040e-01,7.400249720137904719e-01,8.619860031156348912e-01,7.589839699964390229e-01,9.828391081565666099e-01,7.646169468363163135e-01,7.691339189578566549e-01,3.672967353517712086e-01,5.141058465898230567e-01,6.872881954624385781e-01,4.175323683133813080e-01,5.875393851182388882e-01,7.700944275869106015e-01,8.661180105077140867e-01,3.698397510252602327e-01,6.821070267491198269e-01,9.162211223562669593e-01,9.681595306410671897e-01,9.804785418746762016e-01,9.446426211758685021e-01,9.899339235430808515e-01,7.514770822516249060e-01,5.974264510639928361e-01,6.452373808455752480e-01,7.840183054370137850e-01,8.101869307125686426e-01,8.422753380169851756e-01,1.761710613282242710e-01,9.989518613858448803e-02,2.564855497764314540e-01,7.415559444817604318e-01,9.795181443701189705e-01,7.889610902055443908e-01,7.636420446478946467e-01
9.707058025163011195e-01,7.358411533422826167e-01,9.684400217897000118e-01,0.000000000000000000e+00,6.251524364259128941e-01,7.261538611184925607e-01,7.766211881838598341e-01,7.907148845950771054e-01,9.433982809121047586e-01,6.544384802085403408e-01,7.792420788224669881e-01,8.552462413774795102e-01,7.467312577954419162e-01,6.417906632944823109e-01,7.847379196399260071e-01,6.284389119862264783e-01,4.560183856465424013e-01,8.762196309988746767e-01,8.541109077506446878e-01,8.288326786653309464e-01,9.302671344846451529e-01,7.270761183035052699e-01,9.628782717919021072e-01,6.683082662994211942e-01,7.276058362687753966e-01,5.303394500089751995e-01,3.646628081967637908e-02,8.264936988156701414e-01,4.690749272432739314e-01,2.610120451426971022e-01,3.735757073278559437e-01,4.618676859374968302e-01,8.595657928519120361e-01,7.604091056158007733e-01,7.319628843631436066e-01,-1.148005480433083592e-01,6.125327997585713335e-01,5.494805758216769753e-01,8.703527252507590184e-01,6.936235059198552211e-01,2.172949565423248075e-01,9.370880114480616419e-01,9.304719606395395193e-01,5.315867354697618730e-01,8.195999821241441996e-01,9.707094150998977211e-01,9.283610810417035619e-01,8.395431646759130562e-01,5.756115772438691325e-01,9.698739840441927829e-01,9.840150886987468759e-01,6.622114325166963411e-01,4.346948342648008778e-01,9.175835027096229668e-01,7.881277997244148237e-01,6.591363583091851552e-01,8.758621031921788314e-01,6.625962924276529442e-01,9.151884094183031504e-01,6.635080233970948038e-01,5.099368057370694540e-01,9.241730535481027520e-01,9.067390013676427385e-01,9.201310634548072187e-01,8.635858324764436045e-01,8.813991669382578165e-01,4.119729979637986039e-01,9.885789267208924258e-01,7.937311822934310923e-01,7.803814380566325148e-01,8.655430010355079640e-01,6.629226467555449087e-01,7.695047668397413387e-01,7.599415184546525204e-01,8.859190567326574728e-01,8.639648331413898319e-01,8.888836637307422350e-01,7.739023562739196782e-01,5.091177241030223621e-01,7.137895804247429421e-01,6.448361006892826541e-01,4.928521990261574559e-01,8.480991171594427502e-01,3.255222436269306630e-01,6.211952521381461922e-01
9.331228121215777715e-01,2.778610322669482491e-01,8.239816044933493400e-01,6.251524364259128941e-01,0.000000000000000000e+00,4.317455514640128333e-01,6.964984628216704943e-01,6.767312576747473996e-01,5.862176269912866555e-01,7.544088017511609845e-01,2.893649380068238353e-01,9.199015760850226542e-01,3.501760434272939704e-01,7.113923635554942893e-01,2.068385885845213379e-01,9.303335342606265934e-01,9.540584192461195601e-01,9.953211254302547495e-01,6.089500460710223217e-01,8.111353218749137728e-01,5.885945193155107669e-01,7.285107327022173340e-01,6.437808060937495469e-01,8.294689748500864157e-01,5.342700937774178538e-01,5.650677985509425794e-01,9.918119423212750085e-01,8.239302862714497078e-01,-3.443940270087023081e-02,2.221521682734994008e-01,2.520461150968140163e-01,7.562953860039534071e-01,4.250519277939623364e-01,6.613759417256180884e-01,6.903573537569114293e-01,4.385745398779823945e-01,2.222122395840220033e-01,4.510147922811986176e-01,5.977817712715474130e-01,5.519040837571136393e-01,-1.000953521948995950e-01,7.906184343103456191e-01,8.035756034736530884e-01,6.380264964806326988e-01,9.676168675959582188e-01,6.479710519068985208e-01,7.209507290768801813e-01,6.185462469635982785e-01,7.565181555181691442e-01,2.638034980764417670e-01,6.960312975827831483e-01,8.652078570657421031e-01,5.609283516562209027e-01,9.650834547458190249e-01,9.318782851748721452e-01,4.503586993276506023e-01,6.044941273311870145e-01,4.466570373784903292e-01,2.898080243323550298e-01,9.661085587303824829e-01,2.168055826311618417e-01,5.447015315212820896e-01,9.554626577740179538e-01,6.286109220460950331e-01,9.211963248248794534e-01,9.359534945258010108e-01,9.055052332955508820e-01,8.299852301384276210e-01,4.694368244444621641e-01,7.886367627479160536e-01,5.244209989328791899e-01,7.392050468241384564e-01,3.326606064268892160e-01,2.786993035734654511e-01,4.861137229552488503e-01,6.719849386828595783e-01,9.877746750596021474e-01,7.876132052299735786e-01,3.260162147375106345e-01,3.602876373812576305e-01,9.357626256400606302e-01,5.681430123998973958e-01,5.393786636785307120e-01,1.123559712116051212e-02,6.915793519422762659e-01
6.466667870755794523e-01,6.646709669595075587e-01,8.604451874397515132e-01,7.261538611184925607e-01,4.317455514640128333e-01,0.000000000000000000e+00,9.532040435256996513e-01,4.668863105074815278e-01,6.408648599143355051e-01,7.387627423520970460e-01,6.269859000986240938e-01,4.655496592789221677e-01,4.442599546383305120e-01,9.302316586398132747e-01,6.361203013551560703e-01,8.986015103509008561e-01,7.374665654678115301e-01,7.104298130438275738e-01,4.290307518204436454e-01,2.387992012392540775e-01,8.385637623070651969e-01,7.281053568233806228e-01,5.926070645847905105e-01,6.922244448396404071e-01,3.226016738939090911e-01,8.733225092614403939e-01,6.689718178555135175e-01,9.622780774666795933e-01,2.581796793926035005e-01,7.863641040481620381e-01,6.457845827508437164e-01,5.994963029001937338e-01,7.836024740188350934e-01,6.986930633194847751e-01,5.976442114042240794e-01,2.041776815436119052e-01,9.807744495512703276e-02,8.400647913907168807e-01,7.630228596439030397e-01,7.408906980316637414e-01,2.108203536632360653e-01,5.613374326134525916e-01,8.483958019828821140e-01,8.519744242962647984e-01,9.747775525889015302e-01,6.343075451310028479e-01,6.569619781918650814e-01,9.281891817653423749e-01,8.984339914246102232e-01,8.042436098393703769e-01,9.881368199649500639e-01,4.238708995099607635e-01,6.645187332057632679e-01,7.168949124176797749e-01,8.372020275128743139e-01,6.768914668521632816e-01,6.601940996425610386e-01,8.071871614800257833e-01,9.897627117221615700e-01,7.612229496646650828e-01,6.836929081115287188e-01,2.314061655712207621e-01,8.304036342691070161e-01,4.965358700193455155e-01,8.320850405366712055e-01,7.963484421900464127e-01,9.348670098635601944e-01,6.872581468065938060e-01,5.975840299904759956e-01,7.163712075258312773e-01,5.566728847012589743e-01,4.544521830663532658e-01,2.066165244818275182e-01,2.691084048440940402e-01,2.814719307653525959e-01,8.548762959262060646e-01,6.365682913923633723e-01,-2.047551055727739322e-02,3.595299384105945517e-01,2.279095681556030928e-01,4.293145684601125112e-01,7.068317330992777148e-01,9.782965708360829016e-01,2.763830042504625828e-01,9.688257395741949329e-01
8.273747777549388394e-01,4.486195799299598774e-01,8.665524394257846375e-01,7.766211881838598341e-01,6.964984628216704943e-01,9.532040435256996513e-01,0.000000000000000000e+00,4.497360192016977565e-01,5.027343445848240222e-01,7.926801144787732900e-01,2.068750528274695688e-01,8.483918490216371677e-02,4.502354723783910662e-01,5.423092247471047456e-01,4.843500341057517256e-01,7.033333905671415032e-01,9.134908080948485054e-01,5.777044262383344009e-01,4.983949428744056664e-01,6.277001048899039093e-01,8.949167668726822900e-01,2.638480650497549429e-01,1.025905158000487288e-01,9.921149511543044808e-01,7.776314484030488750e-01,9.015921117263573370e-01,5.168653828965767971e-01,6.929946636894193102e-01,4.120958468773987526e-01,4.263741050894086504e-01,2.239984801798850511e-01,7.954137690838103403e-01,8.256930541193330253e-01,3.994419940973599481e-02,4.502764376756774878e-01,7.347243136840475586e-01,5.721907909209038579e-01,3.791334365712919485e-01,2.174488396831203985e-01,8.827815191854602173e-01,6.596613852647082998e-01,6.844777172123264197e-01,6.678879318224717476e-01,5.884384971139522413e-01,9.325039975739728426e-01,3.596358014871434139e-01,5.261223330448753233e-01,6.523199194943934964e-01,6.448066242791561375e-01,7.942011167826703577e-01,5.949411640386058631e-01,7.199828356869187873e-01,8.085289412162967038e-01,7.833354596191165475e-01,8.817392743854841619e-01,5.257832641585167277e-01,6.964222346682774623e-01,3.311946529874292694e-02,9.554329139329253984e-01,5.217842845288569453e-01,6.347421251870716263e-01,6.457270476244530988e-01,2.595913475809717430e-01,9.897068884795992005e-01,8.918403545333331017e-01,6.554046261297415965e-01,7.180071545864978866e-01,8.396986673585880023e-01,7.404178965940030333e-01,5.775802665135888470e-01,3.169595751906436609e-01,7.758008182255679008e-01,6.427809953437024770e-01,2.891442259153052113e-02,7.271648802105988851e-01,6.137783622445879272e-01,7.819575745698743585e-01,7.413106895315917377e-01,6.560838586612620649e-01,1.647709898366980508e-01,7.081501725746781606e-01,6.797286837563073503e-01,6.374785610128316238e-01,8.008460242481040270e-01,5.217321940392602997e-01
5.235422942133224344e-01,7.600450437985009633e-02,8.881790780709144517e-01,7.907148845950771054e-01,6.767312576747473996e-01,4.668863105074815278e-01,4.497360192016977565e-01,0.000000000000000000e+00,3.568494295274440287e-01,6.048936969652943807e-01,-1.803802813274735795e-01,4.921734590061448977e-01,8.641214108589190257e-01,3.934878729485058457e-01,6.628719863462534390e-01,2.164585444539131320e-01,7.993502577195221726e-01,7.006676176424623259e-01,6.389064425332926511e-01,6.026412078219729462e-01,9.308400799298907069e-01,8.738896428981328679e-01,8.741693549814193442e-01,9.524683841733068146e-01,1.655766564616849013e-01,9.150625626247493871e-01,5.532091711259361499e-01,7.485489440641862613e-01,7.441703561606211048e-01,3.076075730278065024e-01,-1.265643151929793375e-01,7.357550611793644002e-01,7.902736106732296539e-01,6.158566923213260047e-01,7.802060486820789897e-01,4.360271420633659578e-01,4.038312667740547035e-02,7.404691387769787303e-01,9.446634506307651780e-01,4.073865681772963487e-01,4.687501849096761819e-01,7.815054715790193951e-01,9.462388686369631596e-01,5.376688999418648418e-01,6.569550424767300889e-01,5.108311935436539164e-01,5.959024442704045077e-01,6.717229778707898280e-01,7.612782297160223255e-01,8.799662767809224295e-01,8.071491507430016421e-01,5.922875068827329059e-01,9.183933660942014132e-01,7.234866175723072557e-01,7.413118638012105022e-01,7.013108495550490762e-01,9.604044633395363295e-01,4.611908372343576645e-01,8.898368829395506552e-01,5.172274033738267773e-01,7.972457105464474392e-01,3.397902913397539137e-01,5.129062851070022022e-01,4.182835263673983506e-01,9.714049069139349957e-01,3.575624458573375408e-01,4.064965634394845373e-01,9.924883505947976747e-01,8.678316615254820787e-01,9.187005617302558269e-01,4.450608236600198109e-01,6.844126405709680672e-01,5.099951218700522482e-01,7.729841531004650879e-01,4.889923060916009367e-01,8.109659350152382817e-01,2.465525643912228893e-01,3.849881385658424637e-01,6.153330280479930581e-01,3.069481433010975424e-01,6.324045524013059971e-01,9.907598822024286100e-01,9.865316138431530213e-01,7.612498636204686475e-01,4.211845316365357972e-01
8.133357529866573898e-01,5.084919912522543051e-01,8.944364596249039234e-01,9.433982809121047586e-01,5.862176269912866555e-01,6.408648599143355051e-01,5.027343445848240222e-01,3.568494295274440287e-01,0.000000000000000000e+00,6.866970849090737739e-01,6.339026564392680196e-01,9.860311329677342584e-01,9.011106578285705826e-01,6.639358269010633418e-01,8.615515222818270757e-01,8.254603948961448667e-01,7.539669335130887440e-01,4.607181778506410641e-01,8.921677801655160112e-01,8.902489651902548706e-01,3.075201086891833357e-01,7.117142078716908182e-01,6.985207945100320170e-01,4.702937285158817482e-01,7.230268030216129294e-01,5.646744340318352595e-01,6.833883865712312433e-01,4.050239299111499380e-01,2.164527428111409635e-01,3.535290737547789469e-02,2.044307477517207650e-01,3.203107646066706282e-01,9.797846593776893265e-01,7.035775242203600177e-01,4.097307165977323584e-01,4.190156210527506975e-01,2.088923859725729248e-01,5.008775561744474025e-01,6.870969799540286305e-01,7.836842748748736875e-01,4.743360238318690136e-01,5.843519604022011649e-01,7.732922348121064049e-01,8.972014022320000670e-01,9.994745030942276953e-01,8.685833751059048868e-01,9.888371833493281304e-01,5.218677553496620103e-01,7.089721823022201441e-01,7.883575742077708615e-01,4.948797079135459076e-01,7.086116897350354105e-01,6.623764917482402037e-01,6.147228783696143672e-01,4.852307781091553807e-01,9.230822771307076735e-01,7.475685296418077552e-01,8.900912445524412631e-01,9.780990054921409049e-01,5.379270320299258668e-01,5.410638698443346328e-01,6.205706662829326703e-01,8.089586137279727307e-01,6.205611383326287145e-01,6.841257635717764574e-01,3.728945735085128499e-01,2.007003611805413257e-01,7.533061117148978081e-01,6.707014321582447369e-01,7.080638078403647118e-01,9.360579609093399034e-01,2.944877273836941090e-01,5.896441269703645016e-01,4.711118102653434891e-01,7.972692575255660996e-01,4.645794606172481966e-01,7.243811693359314408e-01,7.886316300489680797e-01,3.180698221724171937e-01,1.194779609454108688e-02,4.663719838069419477e-01,6.492971743012336816e-01,6.762008095292263432e-01,2.449209055780592059e-01,6.311047335366949396e-01
6.674222283234065856e-01,9.271930670792170037e-01,4.173568814141897509e-01,6.544384802085403408e-01,7.544088017511609845e-01,7.387627423520970460e-01,7.926801144787732900e-01,6.048936969652943807e-01,6.866970849090737739e-01,0.000000000000000000e+00,5.482732448487154242e-01,5.727017307068229535e-01,5.802839200725885549e-01,2.876813370636310818e-01,7.340779173690675785e-01,8.800094769021842289e-01,6.647966778218296069e-01,9.644853662928103422e-01,2.213875535322030186e-01,8.775720286374774082e-01,4.774903807306417614e-01,5.012858114078811989e-01,7.205810659740977675e-01,9.596859298002928806e-01,5.968787184438943960e-01,7.752676742688517919e-01,7.020685796353541841e-01,4.318507601292660425e-01,6.735827111488733587e-01,4.835566053096560513e-01,3.306555864791796973e-01,4.836541745740150500e-01,4.662738556196158735e-01,8.230561327745546940e-01,6.875147418103221275e-01,7.084705822046416523e-01,3.636758506622154163e-01,4.030079563622793182e-01,9.028415295768742466e-01,9.405515924914915615e-01,4.102547657183537866e-01,4.278911525024110540e-01,9.769388658903348510e-01,7.924515635615682063e-01,8.732095117121536632e-01,7.121691869659685370e-01,6.478681163087830486e-01,8.696184470438641512e-01,6.914963871291597286e-01,5.668223602789983495e-01,5.630590231603411766e-01,8.292590736009035624e-01,7.017935062621298847e-01,7.392287239823586154e-01,7.311962566405731945e-01,6.534000414312630678e-01,7.452884859952287888e-01,6.286628248587832202e-01,8.182634954459976351e-01,6.615859897325274686e-01,7.655632540163269661e-01,3.578218628919205280e-01,5.551918738982509760e-01,8.210717843198129806e-01,8.641147762412332289e-01,4.100138231460891403e-01,9.101578636657410293e-01,9.839031683522673211e-01,5.650460406048789519e-01,7.753480237150380816e-01,7.625984148005700014e-01,6.297539158936854564e-01,4.913291490137187134e-01,4.501011629958531768e-01,4.479697268359508766e-01,8.859283195041699477e-01,9.304511730382108992e-01,6.882579276053980566e-01,3.572425053592075406e-01,4.315982984168726388e-01,7.856505690295756406e-01,8.091274959735890171e-01,6.704719893295797428e-01,-7.141841225803330362e-02,7.341472313045389608e-01
7.042847313823769051e-01,4.449250490736234576e-01,9.228628809882766237e-01,7.792420788224669881e-01,2.893649380068238353e-01,6.269859000986240938e-01,2.068750528274695688e-01,-1.803802813274735795e-01,6.339026564392680196e-01,5.482732448487154242e-01,0.000000000000000000e+00,8.710636531906095215e-01,8.028992344357809285e-01,6.836238681462331046e-01,4.305651576013408421e-01,6.176853903739206730e-01,5.348555882171619480e-01,6.452875784093473621e-01,7.622484735571078973e-01,3.364163356106578129e-01,8.572317394295064785e-01,6.841174176072625235e-01,9.198725346297476069e-01,8.474178918551094064e-01,6.576240047477227568e-01,8.516823939302904378e-01,2.842874387087360177e-01,1.407235025664035390e-02,5.137739738453835914e-01,2.829579503566134191e-01,3.472606375566819059e-01,7.762245784565088291e-01,3.497232419716714835e-01,5.393934977003671527e-01,4.310872677287403421e-01,8.688877679362925210e-01,4.047870593748953971e-01,8.429648395076139167e-01,6.875102627828687529e-01,7.926664471420414859e-01,2.342691828248771868e-01,9.081523476897667146e-01,8.372786060734488389e-01,6.473040469892343829e-01,8.547782596959030421e-01,6.763632099640057849e-01,8.372770294702995830e-01,6.316810373731676087e-01,5.716706590908756658e-01,2.598166579616272842e-01,8.969929682784343328e-01,5.474335456526693289e-01,6.078011929669280278e-01,5.513016339529493992e-01,8.455213044351399532e-01,6.339688439383340812e-01,5.493076978396642662e-01,7.995443161297800527e-01,5.365027157001776015e-01,7.565722716210427912e-01,4.355284079532555919e-01,2.989537896280013984e-01,9.065199700043320430e-01,6.462644053882431461e-01,7.659619023493964285e-01,7.986981919876094960e-01,7.592006240023470021e-01,9.555173163777843648e-01,2.656661517353535729e-01,5.298069952679720362e-01,9.802510781862221467e-01,2.253597981622978697e-01,7.022887777042285951e-01,3.963154295898627666e-01,9.315604120651259645e-01,7.979956856706866830e-01,8.337706988698510013e-01,6.752801447335381457e-01,4.500413909818232194e-01,5.772732494309592566e-01,8.186674311921645630e-01,6.675684546760412008e-01,7.322422598880308220e-01,3.729768746800015133e-01,6.605895180151880042e-02
8.318432761354316307e-01,7.726959660439438604e-01,8.482395464374200555e-01,8.552462413774795102e-01,9.199015760850226542e-01,4.655496592789221677e-01,8.483918490216371677e-02,4.921734590061448977e-01,9.860311329677342584e-01,5.727017307068229535e-01,8.710636531906095215e-01,0.000000000000000000e+00,7.950418376106218599e-01,9.613418198614960275e-01,4.443923126846602983e-02,8.813499418710418754e-01,7.980397331588043874e-01,5.766805968564058249e-01,7.967456284469316419e-01,8.021019788657542948e-01,6.242213195210013499e-01,7.285120964744720151e-01,6.293634340929272764e-01,6.116544791573881312e-01,7.333676790182169780e-01,4.336412507537025229e-01,3.012731516533955212e-01,1.747068261015419788e-01,7.106665460714107763e-01,7.324203341602342210e-01,2.152396237077436325e-01,5.936648368400259113e-01,5.779002140481727112e-01,7.429721069616654905e-01,9.189976975878786369e-01,6.380025309115092691e-01,4.003141383349153593e-01,3.418970299414643144e-01,8.307734088132059380e-01,9.830262621317469307e-01,5.757764272847508691e-01,8.046147684614168849e-01,4.593112863506442767e-01,9.237344469027232163e-01,8.946357278351088071e-01,6.289979506488567740e-01,9.264383451195510322e-01,7.779295473578308195e-01,5.652445376926381604e-01,4.378716794344565955e-01,5.840821274179455180e-01,7.724567525754251207e-01,9.946423529928405394e-01,5.617643358035505630e-01,8.696384065371189909e-01,2.746423178970400225e-01,1.904068713252179690e-01,8.072681946767873429e-01,5.637724502792031966e-01,6.560443331592891170e-01,5.171594470249657460e-01,7.380426073448825841e-01,8.732822505925296186e-01,7.810986432375160993e-01,5.764106716971988398e-01,3.521255020267293201e-01,7.690825736713758909e-01,4.829440818359834742e-01,6.895522082503470207e-01,6.725717179281782698e-01,8.526571524393181667e-01,2.572930409792800743e-01,2.835166386027683227e-01,5.132538996865199099e-01,3.724959295487766942e-01,6.033674500581901468e-01,5.435932046825051600e-01,5.107251638505204694e-01,2.812094127728768100e-01,1.692939030752134075e-02,7.630941344722217412e-01,8.289515382831823542e-01,8.584922484428919587e-01,5.885640767596407308e-01,7.956555877707057745e-01
8.545670627176822354e-01,8.677161947617739735e-01,9.004449660834957792e-01,7.467312577954419162e-01,3.501760434272939704e-01,4.442599546383305120e-01,4.502354723783910662e-01,8.641214108589190257e-01,9.011106578285705826e-01,5.802839200725885549e-01,8.028992344357809285e-01,7.950418376106218599e-01,0.000000000000000000e+00,2.165197094165619562e-01,6.316251464088713519e-01,9.892290985089481348e-01,2.451130098839456595e-01,8.517260334253615728e-01,8.683822638132461247e-01,6.579459645320354655e-01,8.152111710842950831e-01,6.441462255518431990e-01,7.331842539906883172e-01,8.585819233641365233e-01,9.913510584342599685e-01,8.796626183592769488e-01,6.920572819314081414e-01,9.047135200400804322e-01,9.346154123797640878e-01,4.622902947952652886e-01,6.499921305223954615e-01,4.051112316969524563e-01,9.444282907204278876e-01,4.772324384531813068e-01,6.313756041483851167e-01,6.222279745205316903e-01,2.735857525971497894e-01,3.729603944512960290e-01,8.238400213917413950e-01,7.339510698034334979e-01,2.532044853120473116e-01,7.167841272459292146e-01,9.897075640291406184e-01,8.025320078009305913e-01,8.545909364606529834e-01,8.107535263922523994e-01,8.566146100994634915e-01,8.976638055112879933e-01,8.741854091234451118e-01,6.527861822202668529e-01,2.336509529416515574e-01,8.883171609416798953e-01,9.683362914923901998e-01,8.774233109740862124e-01,6.264299499183681452e-02,7.332695736387544461e-01,6.515304973133785316e-01,6.785440491693568443e-01,8.377541534255708022e-01,7.390664880798680780e-01,5.952819181529929171e-01,9.466416708419287396e-01,6.332306461296571820e-01,9.001412431326183405e-01,9.391518834473507882e-01,9.340359356655386636e-01,3.106544778729569689e-01,9.159936400977031212e-01,5.553152182579262908e-01,5.534255775784724385e-01,6.353085329622070176e-01,3.199050654460218468e-02,8.838868374101075398e-01,-1.312577208578941113e-01,6.881819835319989975e-01,9.666446315629386721e-01,4.900157389665286134e-01,3.273085983650820263e-01,2.855342504397689329e-01,5.856072328188715037e-01,6.649254911685101854e-01,9.550804891889820222e-03,8.665997850423905469e-01,4.052666118249995120e-01,5.833000583792180560e-01
8.262527193687096982e-01,-2.826202804699709525e-01,8.337144462858161464e-01,6.417906632944823109e-01,7.113923635554942893e-01,9.302316586398132747e-01,5.423092247471047456e-01,3.934878729485058457e-01,6.639358269010633418e-01,2.876813370636310818e-01,6.836238681462331046e-01,9.613418198614960275e-01,2.165197094165619562e-01,0.000000000000000000e+00,7.906868544929186449e-01,8.467459871732094800e-01,7.572073681716054994e-01,7.497792270644138002e-01,9.314253492371004084e-01,9.808359260635102217e-01,9.626977744784699365e-01,5.594104101141315066e-01,8.738904912154459304e-01,8.648078585965491838e-01,7.719121953005178005e-01,5.210079069781519134e-01,9.515778323338904832e-01,5.711786410816968029e-01,5.713808253248633395e-01,5.851772522737754834e-01,2.417915898944378583e-01,6.617665801613061838e-01,8.272297387520524126e-01,8.141117584197468116e-01,7.992536910287483254e-01,7.667479469857764185e-01,4.337370870113989585e-01,7.673337638198203248e-01,5.570868004244577953e-02,7.047920726422073345e-01,4.723239759357300560e-01,7.720444254732454770e-01,7.436278361973833739e-01,9.887143540079268433e-01,8.301295657777906234e-01,4.182120670932500950e-01,5.507949575882802318e-01,6.416928356911666409e-01,7.701853948961021601e-01,9.634572111894046387e-01,8.548663894627306359e-01,7.944781090343043806e-01,9.022551753349884462e-01,7.559036510074169657e-01,8.710771070214353706e-01,9.408842876433840541e-01,6.080618272714141126e-01,7.855460805795320134e-01,7.142140835417499778e-01,5.092820163686974100e-01,6.417209830177004193e-01,6.714524109140584951e-01,7.743753854706341144e-01,6.476014054351089122e-01,6.490873091407534101e-01,4.586028784098532540e-01,9.254059745482118293e-01,9.336975168959913418e-01,2.957135227435332969e-01,2.820692561224202310e-01,7.120525251842807490e-01,4.065663074672139499e-01,5.018460537456730375e-01,5.154415639582892172e-01,4.102789391789825046e-01,5.486937383292134207e-01,4.287818545306620321e-01,1.336454328049387075e-01,5.592494611914745617e-01,9.979044964034218534e-02,9.381948214122679541e-01,8.270609593061241105e-01,5.970934291374121461e-01,3.136287906873477804e-01,6.046003619547851704e-01
9.368270365961083312e-01,6.903575780343840229e-01,9.313692564333780899e-01,7.847379196399260071e-01,2.068385885845213379e-01,6.361203013551560703e-01,4.843500341057517256e-01,6.628719863462534390e-01,8.615515222818270757e-01,7.340779173690675785e-01,4.305651576013408421e-01,4.443923126846602983e-02,6.316251464088713519e-01,7.906868544929186449e-01,0.000000000000000000e+00,4.226486096402405357e-01,7.512404661103470049e-01,5.618384510032442547e-01,4.386586656745284363e-01,5.481066002903606238e-01,1.621958641202208840e-01,6.713644073285962577e-01,6.019659604669329589e-01,6.446787446582828984e-01,7.309716839747550932e-01,7.715271583268857869e-01,8.257952811428971307e-01,2.162393756841706760e-01,4.991983166074954181e-01,5.590498156299705812e-01,3.409811501794351996e-01,6.281421185587927614e-01,7.959091264806983368e-01,6.490510893793566272e-01,3.238076886650559372e-01,5.652466149745029034e-01,5.197781467957337531e-01,2.352850903382260050e-01,6.131517629643631340e-01,7.481643265504620555e-01,6.069381320505102817e-01,8.567594867060043251e-01,8.040644804639220933e-01,7.986383933288560000e-01,3.671941700249101714e-01,9.283793604536128008e-01,6.646786626703107270e-01,4.902727843661902618e-01,4.612739375090231242e-01,9.503162381366005995e-01,9.472542189565383852e-01,4.128556771372958178e-01,5.967907380805966833e-01,6.867459671390623299e-01,8.128536590986460419e-01,9.356178145603964991e-01,5.259431995337437993e-01,2.014073185512107178e-01,4.813058382774632604e-01,4.416745860039707483e-01,2.431214293331783183e-01,5.860551890686053200e-01,6.355422990045791476e-01,3.504429922364046268e-01,8.597765914142322385e-01,7.539028694732129443e-01,5.328312442153545492e-01,8.065918256103381534e-01,2.633734630835884438e-01,6.557744361560566837e-01,8.807109142528888324e-01,8.325426059035372361e-01,6.361420338071093195e-01,7.047474711898027433e-01,6.067638801399621862e-01,6.602643103861924878e-01,6.985714485160725573e-01,3.625756855966333903e-01,5.494503386284066426e-01,5.141100843823374067e-01,5.830841165170117524e-01,6.429921917708680823e-01,9.615980877253745840e-01,9.659022064995296253e-01,6.282711696467965234e-01
9.566270120428974622e-01,-2.155750832609937273e-02,7.024790651468437730e-01,6.284389119862264783e-01,9.303335342606265934e-01,8.986015103509008561e-01,7.033333905671415032e-01,2.164585444539131320e-01,8.254603948961448667e-01,8.800094769021842289e-01,6.176853903739206730e-01,8.813499418710418754e-01,9.892290985089481348e-01,8.467459871732094800e-01,4.226486096402405357e-01,0.000000000000000000e+00,2.152233175890219119e-01,7.540479516527219817e-01,7.977716455377900084e-01,7.441594961560076271e-01,8.746161323194844295e-01,5.546868391348641625e-01,6.658058056782077960e-01,8.242661499184777973e-01,4.180782124374152753e-01,9.965004701272787146e-01,3.394278199125704276e-01,3.365951700204328212e-01,8.881204762788963425e-01,5.824942034654150280e-01,3.250800573087448964e-01,6.668586749164294725e-01,7.554914926770708306e-01,1.183921490008333494e-01,9.552105127488028646e-01,1.150183339618679884e-01,1.696753509655358760e-01,2.883515138759332741e-01,6.767878869395447250e-01,8.669733658443411484e-01,9.299757160693303826e-01,8.740955273358328448e-01,6.080199415784621753e-01,8.511830002713280940e-01,8.353217491083292368e-01,7.974647862276940113e-01,6.321883156657597258e-01,4.075767336889091763e-01,5.098948445805905338e-01,5.237383808230192672e-01,6.310107999359293451e-01,9.561717492111695416e-01,9.306088820754641056e-01,9.103431192544868544e-01,9.571842102798315821e-01,7.829596762803729959e-01,1.817380868479531175e-01,7.459044297110534183e-01,7.559816361282262198e-01,2.222931894088541749e-01,3.258517276510177751e-01,7.171292185084223725e-01,9.978624363754917681e-01,9.182296197067151278e-01,9.910011118397796803e-01,1.643244576768422283e-01,2.027843751291803776e-01,9.675337131583180428e-01,4.578368435407799697e-01,4.863377461465558382e-01,9.892836337857195961e-01,6.691848308799162037e-01,7.702318729107487938e-01,5.815367848731707312e-01,1.078221320314911164e-01,5.337896589011316140e-01,9.324625334321570147e-01,7.126004362161993122e-02,4.272996736842742949e-01,1.025229196702757833e-01,9.440479108498766037e-01,8.821035269867036899e-01,9.255897958497091293e-01,1.395526403711396524e-01,9.618290054991922577e-01
6.746385595732415918e-01,8.855846096443454885e-01,8.489732239173756190e-01,4.560183856465424013e-01,9.540584192461195601e-01,7.374665654678115301e-01,9.134908080948485054e-01,7.993502577195221726e-01,7.539669335130887440e-01,6.647966778218296069e-01,5.348555882171619480e-01,7.980397331588043874e-01,2.451130098839456595e-01,7.572073681716054994e-01,7.512404661103470049e-01,2.152233175890219119e-01,0.000000000000000000e+00,5.341718944699640481e-01,6.798530388880844599e-01,8.546846722407143160e-01,7.131714365653124554e-01,7.929316785278979207e-01,9.094842494683246237e-01,9.448121599113753488e-01,9.988994976924082669e-01,3.670415676572841290e-01,5.912979391002146645e-01,8.766190036084967607e-01,4.920690745679535127e-01,7.985391450963924553e-01,7.939808426427161780e-01,7.436349878377541689e-01,6.440326620355535381e-01,9.288455424610243538e-01,3.652990581788535529e-01,2.696558996263448971e-01,7.668855884419479851e-01,9.678219817248446821e-01,7.605761648420839016e-01,6.173535616329618447e-01,5.871239428043999453e-01,6.297489853737723298e-01,8.392493460595031873e-01,5.644245753680041666e-01,8.819894413423747803e-01,5.505395927306266923e-01,7.757862352769964165e-01,7.342419001390430022e-01,9.366773255228831863e-01,8.155180724413065851e-01,7.524562846384377224e-01,8.991370695740110719e-01,5.520878725055078373e-01,7.025844112482078074e-01,8.830745762900704676e-01,9.226802247660335077e-01,4.256025456833457676e-01,6.473983623379556684e-01,6.793506430115403560e-01,1.353155145433323214e-01,6.808190199896796413e-01,5.429709482272853105e-01,6.167225664295082899e-01,8.136120021726248597e-01,9.009664269674368953e-01,8.834301592385620516e-01,7.750107078964209029e-01,8.872893019768868239e-01,6.684642772874621608e-01,8.867648500700548997e-01,8.829633652135858712e-01,9.917244473061963550e-01,7.759084049552937845e-01,2.815134464293959082e-01,7.465696251946362105e-01,9.677610640922633678e-01,7.525392733305102944e-02,9.393265665074785886e-01,6.382005882708496891e-01,2.356587630911874398e-01,7.452160498000561795e-01,6.116080641462484646e-01,1.661988525027253971e-01,7.964933065123661615e-01,4.447842165605034315e-01
4.661344658892810910e-01,5.886255284470243154e-01,8.061619270979428764e-01,8.762196309988746767e-01,9.953211254302547495e-01,7.104298130438275738e-01,5.777044262383344009e-01,7.006676176424623259e-01,4.607181778506410641e-01,9.644853662928103422e-01,6.452875784093473621e-01,5.766805968564058249e-01,8.517260334253615728e-01,7.497792270644138002e-01,5.618384510032442547e-01,7.540479516527219817e-01,5.341718944699640481e-01,0.000000000000000000e+00,3.183496541594395546e-01,4.314267794329703642e-01,6.744362223988404903e-01,5.693922698279310080e-01,6.984809739976587384e-01,8.730541753480222100e-01,4.225004212476948795e-01,2.334156121127422823e-01,9.186832997012984725e-01,6.811437948932839159e-01,7.466103181887056017e-01,6.880482690256334299e-01,2.691830067506902069e-02,6.856968796258464671e-01,9.544361405742463056e-01,6.883222221196959589e-01,4.788353084826438844e-01,3.099386583785823657e-01,2.096765832317216693e-01,6.140985440829156428e-01,6.984740503290174374e-01,4.938097732614233903e-01,4.954349007005870997e-01,7.450732896790515092e-01,9.978410738244154476e-01,6.528077558620061227e-01,7.438259814862507868e-01,9.727510875446255811e-01,9.244634681088798045e-01,8.547134843866576182e-01,7.468181456703050225e-01,6.085201357791231169e-01,2.843937258952888292e-01,5.745360694898998810e-01,3.118477074944936422e-01,9.352837803176143883e-01,9.372319390129721928e-01,6.157432799164408443e-01,6.259882567555896671e-01,6.428626210064263269e-01,1.326543702633805610e-01,-6.500631003905504857e-02,7.576061410031320609e-01,4.400058831607303600e-01,8.046202574251334338e-01,9.449021944088958902e-01,8.334253382028722346e-01,7.928066000927531665e-01,8.635888089064587270e-01,4.843769437338766859e-01,7.953516826976396725e-01,6.011767431475996126e-01,7.684534800934330612e-01,6.436219044040779602e-01,6.284258586962717663e-01,4.142863043856063743e-01,4.334496699320923296e-01,6.102865949700299053e-01,5.715509767715295508e-01,4.624741908439787830e-01,1.908497058401412705e-01,4.779949793195570340e-01,6.885324739387750359e-01,9.237946809976754770e-01,6.955808569422892162e-01,5.697758211779653248e-01,6.176692380722065279e-01
