0.000000000000000000e+00,9.900610023346483324e-01,8.455383765794032280e-01,7.460659014332248207e-01,6.885924293189185086e-01,9.971391529773405704e-01,9.366382073260319796e-01,8.291847006749847315e-01,6.334845060064301370e-01,8.952992850663404889e-01,6.586255748904187302e-01,9.330820711786660393e-01,9.121146405049509465e-01,8.336070122530889748e-01,6.377250940215144492e-01,7.522418456262237596e-01,7.214920577935685087e-01,9.605512430157039372e-01,8.618118139898991448e-01,9.445495272383299667e-01,8.793785978656232238e-01,9.175647928238122031e-01,7.126228720313236842e-01,9.098545431956239771e-01,8.804634021821863277e-01,9.850863456135257046e-01,7.009353494585340849e-01,8.088051649465918258e-01,4.519249612562538099e-01,7.342753406466417943e-01,2.327773987794409249e-01,6.802876453611861329e-01,3.108040068666561018e-01,9.117276780826590876e-01,9.313479196601034404e-01,-1.701126112716709327e-01,6.686242381521672051e-01,8.737110480665548629e-01,8.758210935418372367e-01,7.938872522236607443e-01,9.356419827229229824e-01,6.371020553563470079e-01,7.062178258706971468e-01,8.124211125735415484e-01,9.962009165664900134e-01,7.479053441751734033e-01,6.371301364608609186e-01,9.880150201787072373e-01,8.581046423784663979e-01,5.067737955652639181e-01,7.564609859814501736e-01,8.272423771011397919e-01,6.679470659754968009e-01,7.102471384452088143e-01,3.109883583955047048e-01,6.719793595831300426e-01,9.634095746087181222e-01,6.456302984373646359e-01,7.364300282877966897e-01,2.381697923884669443e-01,6.451526190924257165e-01,8.394836890452409550e-01,9.866548161674432160e-01,8.602016360891000524e-01,9.818843477606477022e-01,6.253000768445970969e-01,9.213018377382060642e-01,8.771520669522203661e-01,8.815957574537611752e-01,9.801518472483552458e-01,7.746871410103072231e-01,5.535263880190008923e-01,4.758987640000886810e-01,3.905187301100980779e-01,4.393792811172273494e-01,5.891524291028117366e-01,9.259619350542295235e-01,6.506863348580512740e-01,4.611292252910248468e-01,7.592838141543901687e-01,8.309748456174026465e-01,9.009624551582419150e-01,8.754229842858475275e-01,4.700186359426682392e-01,9.266457838202707409e-01
9.900610023346483324e-01,0.000000000000000000e+00,8.200136218375139174e-01,9.611307417246921503e-01,8.857649741845590174e-01,7.850071353507888094e-01,6.820480975152255487e-01,2.445327101953093385e-01,6.602452685148134659e-01,6.202913138928483061e-01,7.317276545973941948e-01,6.819916093487468078e-01,7.744027105947537404e-01,8.385745102437758280e-01,7.213003144132136280e-01,9.162287577605990885e-01,6.756537128851958229e-01,8.736597587880453597e-01,9.114436127993458259e-01,6.378843688592059635e-01,4.791866872713553827e-01,4.198579118088599516e-01,9.619710042569277197e-01,6.408021667246300845e-01,6.197280073741230355e-01,4.416330366597283619e-01,8.311980329778414500e-01,6.739786765970636750e-01,2.267142649985945391e-01,5.210134891737272511e-01,1.903613609912688798e-01,2.273600220818743356e-01,8.907661614403979966e-01,5.818922678315947561e-01,7.668331947151620920e-01,2.180601774586495845e-01,4.657704447669044345e-01,7.194062330097699132e-01,9.315540068033452137e-01,6.595941197088458496e-01,5.604295243097376922e-01,4.649542521534112960e-01,9.797529954190500323e-01,8.114814141288728688e-01,6.955912125797847345e-01,7.510860991674233045e-01,6.462343866899725731e-01,7.948534882262719981e-01,7.326649386939465547e-01,6.708672487978213361e-01,6.258835364878478913e-01,5.845755651661347363e-01,8.963748028766586051e-01,6.165686456916551483e-01,7.042882424979046707e-01,2.289680235722436064e-01,7.229415640112832886e-01,9.126243113285882336e-01,3.376157395039087739e-01,2.813557219837324874e-01,4.143787095522463160e-01,2.583596767028806251e-01,3.649820427808233569e-01,9.481420492944896417e-01,8.637498307196425085e-01,6.011305884761887208e-01,7.673834188230959086e-01,7.461006211258359722e-01,2.771237798912209449e-01,8.496865704609084524e-01,7.181499835221788475e-01,7.828100417933450128e-01,6.338833848117637615e-01,6.361342792283453118e-01,7.623605086701337186e-01,6.952133816732697369e-01,8.941267299916435540e-01,5.198623465632519203e-01,3.110909670265999960e-01,5.690808808712759931e-02,5.454668088405283805e-02,7.932252045673963137e-01,8.367487088716908383e-01,1.478464534400435182e-01,5.061369154167335571e-01
8.455383765794032280e-01,8.200136218375139174e-01,0.000000000000000000e+00,7.230001614055548975e-01,7.096471822581214006e-01,8.844388829234149929e-01,9.511725837349996882e-01,5.440933235786025168e-01,6.141876940859459788e-01,7.952727912927239906e-01,6.603876462161090144e-01,4.667501174696457866e-01,5.035479304829133529e-01,5.747353614513044384e-01,9.288768959442024187e-01,7.611040290017078158e-01,6.729232305638722655e-01,9.080546824129677175e-01,8.473897738851600137e-01,8.982065817641267103e-01,9.738334749676622604e-01,9.488324943714891990e-01,6.519727595705157031e-01,7.230202028363731381e-01,9.672943910821244495e-01,8.524250507207987715e-01,8.112310529475724730e-01,6.806760285597817095e-01,7.205716812397977566e-01,3.510217786736990475e-01,4.712788490619951309e-01,6.833915077156023088e-01,9.204956411537001948e-01,8.093666666081106298e-01,9.772672676752709453e-01,1.908456597891176332e-01,2.299253820804462722e-01,8.663670242598078275e-01,9.543891932085094565e-01,6.482250117772554443e-01,5.614633246925424537e-01,6.864039804146230273e-01,6.612875549587637902e-01,7.757608518889598237e-01,5.201913337943215865e-01,8.774149971325168051e-01,9.179331771698997500e-01,7.799485756174282525e-01,7.963904227679144965e-01,4.688031932835184379e-01,8.794410024139072135e-01,9.806888717099150332e-01,9.384679721651265627e-01,9.805652175649668401e-01,3.363638391692732599e-01,6.479670455474374480e-01,5.957081085768118900e-01,9.472923207576755544e-01,8.043185291154858474e-01,4.663277101934042435e-01,4.567638857658675167e-01,4.169664709169518813e-01,7.609359259699537414e-01,9.160892630723886931e-01,7.493545036428442829e-01,7.367127764152768821e-01,9.642650502516619815e-01,8.724764851269110055e-01,7.192271419928810694e-01,9.734097996675055153e-01,6.515100137260797508e-01,7.413583196832804756e-01,4.417000901068610097e-01,7.361313015306689689e-01,9.500206685051094668e-01,6.092928763866400921e-01,9.753411716884150540e-01,7.660080444865662308e-01,7.828831922756354089e-01,2.444338702471554048e-01,8.117666957343261380e-01,8.114201368908781076e-01,8.541459493680073622e-01,8.231430815551032953e-01,7.331408574736464345e-01
7.460659014332248207e-01,9.611307417246921503e-01,7.230001614055548975e-01,0.000000000000000000e+00,7.394255691362447980e-01,6.773873165786852280e-01,6.663243112027090742e-01,4.192372905241967818e-01,6.377579354842755066e-01,4.879253191124745537e-01,2.232675970545640043e-01,6.548146984261712378e-01,4.161402268037540653e-01,6.341275339499456987e-01,2.909910458404441624e-01,8.786387795725620897e-01,5.118594152106192841e-01,6.813806267612809719e-01,7.615717419687370038e-01,6.239358069049999456e-01,8.945515203843975582e-01,6.302658996460395180e-01,9.916341346135104651e-01,8.703479999573027204e-01,4.160473906798499710e-01,3.819275102847246028e-01,9.934026943910749807e-01,4.963953018499973613e-01,3.457301517040712868e-01,5.154550304775191716e-01,4.233760109727722210e-01,7.015117733534653732e-01,5.387279552998277543e-01,6.718434630221606918e-01,8.200780032615022641e-01,6.994272023324024090e-01,2.003118898637684109e-01,6.480035929760534774e-01,6.796068999968783997e-01,-2.205991808406823629e-02,3.476718361660986467e-01,7.238101544188116909e-01,4.510624427478908127e-01,6.951371510952375488e-01,8.733383689453861898e-01,8.058394389613295905e-01,6.519751760599338253e-01,3.177453457736840736e-01,7.834543557810567105e-01,8.990896947109658921e-01,8.021707608094715836e-01,7.513989947925239221e-01,8.850921367270825346e-01,6.585167822048414443e-01,5.154520838875223943e-01,4.170702961867195913e-01,7.463441214907066967e-02,7.431928432115454397e-01,8.379269384989659342e-01,4.534852607922819634e-01,2.430427881177255889e-01,8.261462032439397252e-01,9.632916381697304020e-01,7.240243862346522619e-01,6.882029272802739905e-01,9.730903567765145645e-01,9.205877460493140374e-01,8.667252575572739204e-01,7.199382159722472752e-01,6.203609252585925438e-01,7.853389651786589765e-01,7.496156682499069968e-01,6.404749869370535142e-01,4.843820266303922040e-01,9.227760365413981702e-01,6.554743238913098846e-01,6.439237815432207190e-01,4.240812316579425922e-01,6.608105071040535350e-01,4.139140629356006795e-01,5.293226958035924801e-01,6.849815425518576140e-01,4.932244157022036002e-01,5.546406823556100374e-01,7.596518818036898102e-01
6.885924293189185086e-01,8.857649741845590174e-01,7.096471822581214006e-01,7.394255691362447980e-01,0.000000000000000000e+00,8.641472154914331405e-01,2.760987528803203750e-01,4.270272162135201888e-01,7.457121616160369282e-01,5.345085664315034624e-01,4.581074506841513738e-01,8.049110766955352991e-01,6.063237142813192593e-01,8.904224815576915475e-01,8.858413946047144494e-01,7.739849173606618837e-01,7.355815698854840656e-01,7.050795836560087571e-01,9.884255890564126457e-01,3.221366331185241405e-01,9.853664692806117786e-01,7.156913360753436315e-01,4.228041840076215419e-01,6.200776076612238841e-01,5.328556008287705925e-01,8.092624354357772498e-01,7.911746383396063287e-01,8.397501808165903636e-01,6.391750420605328831e-01,7.041547536495392778e-01,2.425387177614309331e-01,6.884470966157404392e-01,5.239255544658458774e-01,3.578334586077006607e-01,9.616860290600912631e-01,4.259646026850957279e-01,5.633126825415135652e-01,6.988123880672746369e-01,7.040909992313557630e-01,8.266544947376610608e-01,7.245333566212680543e-01,5.880148175275492495e-01,9.823572913885327829e-01,-1.003929348103792252e-01,7.636205754409925994e-01,4.530656150061820875e-01,9.686273047422875315e-01,7.234074770741540927e-01,9.471570741240818714e-02,4.041039845114645646e-01,7.993679483973340494e-01,6.876972638019221984e-01,6.109749865742146735e-01,9.254961840228581593e-01,6.601034120129671834e-01,4.458389915845322182e-01,6.932543622629603330e-01,6.915317574677857237e-01,9.943598538374422979e-01,3.622824319281328642e-01,7.921819504577274351e-01,7.475779962403787948e-01,2.882444303896307680e-01,8.543417945296831739e-01,8.058992923000868336e-01,6.774656057248369390e-01,3.489199007842274103e-01,9.927780133523340655e-01,6.195446083703806117e-01,3.087660328629229442e-02,2.177003815646879614e-01,3.088281471114650012e-01,1.277898289178697466e-01,7.343300357718913762e-01,3.216368284098012342e-01,8.932774392439412070e-01,8.931546013935416362e-01,5.975533933347297877e-01,7.755236858341368889e-01,6.085452305697865993e-01,2.989226536826095071e-03,9.766914154038992546e-01,9.007769339065966330e-01,3.460366776496740515e-01,5.871858309572842716e-01
9.971391529773405704e-01,7.850071353507888094e-01,8.844388829234149929e-01,6.773873165786852280e-01,8.641472154914331405e-01,0.000000000000000000e+00,4.230742387216210321e-01,9.367347283569013028e-01,7.320949554526690051e-01,7.716812973895612604e-01,8.632801574020316782e-01,6.421212541526568618e-01,1.420496159477419029e-01,7.999699811519920267e-01,3.184772934553469770e-01,7.024963920042321952e-01,2.191691717614461798e-01,7.889009687992076802e-01,8.919317935919057749e-01,6.542877277514289602e-01,9.550855787174239442e-01,5.410651536039389198e-01,8.137517681536377001e-01,6.441576195175077180e-01,2.964702832919212730e-02,5.184177889922725324e-01,6.691898388828430022e-01,8.312979648167860836e-01,7.390707535039924281e-01,2.594453540439402572e-01,5.529476912754727191e-01,4.138029270559709927e-01,6.592786276307232018e-01,6.770321654745905526e-01,6.880547512114078001e-01,3.223733666683340493e-01,7.042978838214922765e-01,8.580699730506025080e-01,2.108706491629477597e-01,7.238765811765077718e-01,2.061830848938052130e-01,4.407394467653384940e-01,6.870644017164849737e-01,5.243701691028335166e-01,8.653677226923763843e-01,8.514073633057682722e-01,8.377659119736559079e-01,7.590949541609993689e-01,7.505057922308566720e-01,6.487056949304019771e-01,8.300465308541047360e-01,4.400519470636712338e-01,7.357719797138497775e-01,9.292899525376542291e-01,6.860500243855595093e-01,6.665012340596365714e-01,6.460405388725689591e-01,9.738613801044884166e-01,8.765967557602394322e-01,3.486959605055824918e-01,1.607677588055497209e-01,5.194122785463307634e-01,9.954857086720967363e-01,6.210457680162982941e-01,9.523641050537392516e-01,6.559238079483876716e-01,2.447056764523083960e-01,7.542412945403415003e-01,5.242299386866347000e-01,6.567016098497990839e-01,6.669095334333355884e-01,9.139899794084678231e-01,9.179258644926064914e-01,7.861356066612700255e-01,4.956846915601091363e-01,4.051908229196868882e-01,3.874130984105483844e-02,4.871820943819304972e-01,4.824112289010092924e-01,4.232233925128882079e-01,4.603835397312432964e-01,8.472140133996299838e-01,7.917437203118569133e-01,8.659189183237578913e-01,8.708660259319647157e-01
9.366382073260319796e-01,6.820480975152255487e-01,9.511725837349996882e-01,6.663243112027090742e-01,2.760987528803203750e-01,4.230742387216210321e-01,0.000000000000000000e+00,6.645878922726238258e-01,7.494147253426710620e-01,6.883500797368624635e-01,6.977073066465950824e-01,9.347363481027833876e-01,5.610489500029381960e-01,4.573653005327589782e-01,2.465092617876148695e-01,4.923901798296109744e-01,5.317038455291576149e-01,8.045656866318069422e-01,7.940039512770801222e-01,8.058088299667989229e-01,7.120905914278087279e-01,7.685561256038248024e-01,5.147785965294358057e-01,6.028300979460701203e-01,7.726514639128495565e-01,7.951888789067954599e-01,2.078326799462050789e-01,7.085887449472038080e-01,2.185372517003369985e-01,6.443589743228939071e-01,3.060357488181456032e-01,4.548674052180554095e-01,7.721982004590128845e-01,2.300061362698470058e-01,7.745761759773492905e-01,2.705722656320742048e-01,4.887342496111378165e-01,5.384612771999122138e-01,8.692061288740760006e-01,3.724809677610438352e-01,5.570132224517154729e-01,4.173365323229683566e-01,9.264952753140565100e-01,7.294592317620121058e-01,6.637697916083868943e-01,4.704017767233761860e-02,8.858079868666306478e-01,3.791344469305447662e-01,4.212613104030287214e-01,7.916167247249227268e-01,4.633272766744876980e-01,2.031234945147791238e-01,5.003518236529781449e-01,9.294177236763427885e-01,5.508338182113714510e-01,4.505689603714834734e-01,5.421851316318446745e-01,2.791902915970194687e-01,7.825809821172041714e-01,7.451407507512972650e-01,5.674448115647745539e-01,7.165120712516456214e-01,7.348741463128016793e-01,6.166288619178657004e-01,9.646411428752311723e-01,3.134878061959303075e-01,6.426682721921739283e-01,2.421073946751288453e-01,9.833081720369053064e-03,5.629066397522909382e-01,9.485659909583998850e-01,5.247837747023509358e-01,1.066651317765613949e-01,5.753864174887776128e-01,2.094469917821553395e-01,4.480116083316538211e-01,9.458420175318964507e-01,3.779316331777557991e-01,5.546280427307321848e-01,5.233498701757667293e-01,5.103064011867188832e-01,8.905223424921255848e-01,5.090708149126792481e-01,4.828453485529455302e-01,7.340836684584737259e-01
8.291847006749847315e-01,2.445327101953093385e-01,5.440933235786025168e-01,4.192372905241967818e-01,4.270272162135201888e-01,9.367347283569013028e-01,6.645878922726238258e-01,0.000000000000000000e+00,9.087253214985940852e-01,8.792223531330908282e-01,8.678992730342554029e-01,7.840908527781417225e-01,6.411298644667953184e-01,9.095507673697174056e-01,5.679631470202753940e-01,4.415469218924731876e-01,8.852535335811914097e-01,5.894127387075436264e-01,9.645697150600400782e-01,7.262521459864387241e-01,8.880972048451929446e-01,7.344613213765656123e-01,8.365145003728194917e-01,4.566420488756762208e-01,7.221300017484495459e-01,4.006025664408722764e-01,3.086034802868137805e-01,5.367983125717058490e-01,7.736717525379177562e-01,4.881491496111196038e-01,4.893712511359554762e-01,2.210411302897484775e-01,1.807247289727380579e-01,9.944287574293453336e-01,7.368175360364563886e-01,2.549891860663213716e-01,7.917583023097711781e-01,3.608847399513067655e-01,8.735584992193524689e-01,7.098104229787861597e-01,3.213083096677709083e-01,5.089109189200585748e-01,5.601624815036259086e-01,5.441481770602459855e-01,6.807726755293612708e-01,3.271903680213329446e-01,2.884130049808878438e-01,5.014160932342992538e-01,7.372874574048475793e-01,9.224180831080253107e-01,6.265124826361917476e-01,6.468455573677742709e-01,7.615490602695023092e-01,5.278393607272526822e-01,8.107196861342221839e-01,2.392249414447323863e-01,3.743303438792178195e-01,9.334510614729931710e-01,8.852472353059496202e-01,6.739605191632057624e-01,2.592152274413971891e-01,9.308443198190012868e-01,8.216393367007707171e-01,9.721424219528039812e-01,9.555579751504540420e-01,6.013493749286222823e-01,7.269004369720690750e-01,8.753253602978098291e-01,7.647518476201716764e-01,6.721704353795503462e-01,5.365042674413960100e-01,1.726284513320047176e-01,5.349152269019651351e-01,2.852667789107441454e-01,6.056047732600531308e-01,5.268928268286690031e-01,4.652012446340895724e-01,6.241945982913523761e-01,1.585275623546223978e-01,3.379408519485826989e-01,9.666073879709882188e-01,8.240374082622985430e-01,4.460619038662423930e-01,2.586074694698850540e-01,3.741943930246053318e-01
6.334845060064301370e-01,6.602452685148134659e-01,6.141876940859459788e-01,6.377579354842755066e-01,7.457121616160369282e-01,7.320949554526690051e-01,7.494147253426710620e-01,9.087253214985940852e-01,0.000000000000000000e+00,4.994690016788831399e-01,8.689270238306227023e-01,5.535632836115071953e-01,7.047819798954519932e-01,7.334914351971891788e-01,4.693413190122767698e-01,6.739870273311601157e-01,9.254524876977096026e-01,7.997528328216580995e-01,8.540399739149914238e-01,8.821450727338450148e-01,8.735463649565688993e-01,2.108320740840325391e-01,7.028279597621859276e-01,9.794013323656284298e-01,9.879435060011372283e-01,5.192846513757011229e-01,8.807350283586236062e-01,7.125825947493454882e-01,1.059875205683528804e-01,-1.161457127669025674e-01,4.100278972243713849e-01,7.169763430592714926e-01,7.737849106780683162e-01,9.881145169901404124e-01,6.470898998069678498e-01,7.701086884391562526e-01,1.201327066503098673e-01,7.319945067978621545e-01,7.614083844012948799e-01,7.922161336433586332e-01,6.002911789690817956e-01,7.913901653295687399e-01,9.803108530166446677e-01,9.234316883550802713e-01,8.673068258447542700e-01,7.108142840981775956e-01,3.346201843559678535e-01,5.287427242241624636e-01,6.114371202519678361e-01,7.722913263326277589e-01,7.061536758744240139e-01,7.481953205901541448e-01,4.112088786117965578e-01,5.615116507794698508e-01,3.750404879120635693e-01,2.712978739418073215e-01,5.759446007050952332e-01,7.126390408154010814e-01,5.002506140671101331e-01,4.527617150134741197e-01,6.988880662947907219e-01,4.389271102898026911e-01,8.393294926365654218e-01,9.693050372595567454e-01,7.871599329033840409e-01,9.571718422522350611e-01,6.851187727283989393e-01,7.370032973041206192e-01,5.227654750690295948e-01,5.322732237750806839e-01,6.875772236517965208e-01,8.573201012200643012e-01,5.782326999503162313e-01,3.988115777995022704e-01,8.895605808105743195e-01,5.918551313866569075e-01,5.582796236862906936e-01,4.281346819262631387e-01,7.540313979343795658e-01,1.471084604551348984e-01,7.867832116631254813e-01,5.224330473372957861e-01,2.270673322521803983e-01,-1.306776979640947578e-01,4.461052042244486593e-01
8.952992850663404889e-01,6.202913138928483061e-01,7.952727912927239906e-01,4.879253191124745537e-01,5.345085664315034624e-01,7.716812973895612604e-01,6.883500797368624635e-01,8.792223531330908282e-01,4.994690016788831399e-01,0.000000000000000000e+00,7.699166956340900425e-01,7.972303902361506101e-01,8.963110278251482654e-01,7.785400714902911412e-01,4.280457480023852068e-01,7.155105040519187387e-01,8.609322821477114474e-01,8.666625074689144892e-01,8.041452343910177047e-01,5.879656548568619467e-02,5.084829553496966748e-01,6.764429232036627271e-01,7.810528813312631602e-01,8.404945444131647347e-01,7.350490044610348273e-01,6.068650397219711445e-01,8.264802851949623053e-01,6.912966953780714796e-01,7.863781737659153448e-01,3.508991503544365842e-01,3.257026231023361085e-01,4.119095410831078441e-01,9.033851757272889360e-01,8.216955172942869146e-01,4.997497671937383562e-02,2.918894855300012692e-01,3.266270246213791029e-01,6.491038693904136458e-01,7.659276376154270372e-01,8.978166271196428294e-01,4.125304860333944279e-01,8.717853323119288955e-01,8.266443446254675420e-01,2.174649023183720942e-01,2.620475193906282030e-01,6.733651460884076956e-01,6.808361136540523884e-01,9.075798806911524741e-01,4.511649665691122579e-01,1.127529034325099877e-01,7.327890320946637281e-01,1.725306795092111378e-01,6.820351302602590815e-01,8.142116809982513637e-01,7.693353640356487277e-01,7.590405353540755629e-01,5.505087123943566696e-02,7.961490832455784261e-01,9.543505763071911119e-01,3.251803672149862212e-01,7.467856100558600829e-01,7.714899541083621859e-01,7.812237131340938889e-01,8.999882223945625537e-01,6.404939664813148470e-01,6.174479333405467063e-01,4.061578269786810247e-01,8.365498114404656960e-01,6.246374119896811461e-01,6.343145031116859123e-01,9.737343445706181377e-01,4.743714515924469799e-01,4.907203842414114559e-01,4.537320897358837479e-01,9.299134994067217441e-01,7.377900069754094181e-01,8.124842123068428679e-01,5.248205095156237565e-01,2.537554553470307006e-01,4.030657992974729931e-01,5.978479200154006579e-01,7.357654669086766130e-01,9.598282075690733883e-01,3.167114680708382202e-01,7.384413596552766856e-01
6.586255748904187302e-01,7.317276545973941948e-01,6.603876462161090144e-01,2.232675970545640043e-01,4.581074506841513738e-01,8.632801574020316782e-01,6.977073066465950824e-01,8.678992730342554029e-01,8.689270238306227023e-01,7.699166956340900425e-01,0.000000000000000000e+00,9.422606482618887114e-01,4.370624590597648740e-01,7.552090675639486772e-01,3.973448659471469080e-01,9.763092455246681345e-01,7.143010518474374182e-01,3.915106218281748651e-01,7.728668698896676847e-01,8.196444759983514405e-01,9.456630530816448887e-01,7.473708262293590199e-01,6.871618336397739002e-01,7.776671809478155062e-01,6.596199341682545958e-01,8.326481280590016798e-01,5.228728649254816840e-01,8.325818953066272954e-01,3.611798036685581748e-01,3.180561593583984270e-01,5.561286821612412279e-01,2.761418863635068943e-01,4.223043936062945147e-01,3.913259669328915669e-01,3.800115369657560693e-01,3.703063298086936017e-01,5.318196458249110359e-01,6.598938422676553506e-01,5.029274073128905398e-01,8.548862695820608204e-01,5.468391807260928328e-01,4.188227056369202561e-01,9.492329636201601861e-01,5.900083539041264258e-01,8.704871503982771763e-01,6.561575057353706830e-01,4.175848421248458120e-01,3.732146902634828622e-01,7.393090703778472106e-01,6.391774424257292697e-01,6.538579481598459919e-01,9.074329682697624966e-01,8.860889243867862142e-01,4.619006054324069632e-01,9.610470758745335296e-01,9.170870274068202432e-01,4.932433476809549022e-01,8.741617921574844630e-01,9.639015611949373064e-01,7.038786308686109106e-01,5.821132938242130628e-01,5.833693477763950419e-01,4.900004213521747531e-01,6.810681111083960459e-01,9.778950084089294004e-01,9.448069351457106801e-01,4.932992370991736708e-01,7.504722354748086799e-01,6.503552940636021518e-01,4.182250117842338244e-01,4.162145926680986818e-01,8.865460596581451469e-01,-1.035724989303709598e-01,4.071897403993622877e-01,9.350499615997178715e-01,4.698947096170374982e-01,9.555650877405565957e-01,2.326327746018058695e-01,7.143112149140308231e-01,2.868179907476440249e-01,2.281318148208295038e-01,4.039668942838924859e-01,8.380134370189877835e-01,2.476284756215724192e-01,9.485039036482374453e-01
9.330820711786660393e-01,6.819916093487468078e-01,4.667501174696457866e-01,6.548146984261712378e-01,8.049110766955352991e-01,6.421212541526568618e-01,9.347363481027833876e-01,7.840908527781417225e-01,5.535632836115071953e-01,7.972303902361506101e-01,9.422606482618887114e-01,0.000000000000000000e+00,8.634926466213651564e-01,7.025530385575973202e-01,9.403322943782533860e-01,8.102577615370942787e-01,6.872509191862125055e-01,5.766815812055638979e-01,5.572280500815214310e-01,8.279549971790208795e-01,8.927530777275161089e-01,7.094811729240781961e-01,4.509459408121392343e-01,7.524734187275728958e-01,2.623582990614524713e-01,4.540258686763681273e-01,9.883328192348743713e-01,7.983372616247288445e-01,4.376882162672516285e-01,5.689329498502436744e-01,4.663167813225701508e-01,6.239033157698304910e-01,1.385229780983422976e-01,7.583418550501555000e-01,9.003787126901864335e-01,2.560874366770074517e-01,9.091637866490275000e-02,3.136338258676231172e-01,8.062951517654245448e-01,2.256939140305362079e-01,5.132496639161767682e-01,2.549681947165406970e-01,3.615836371742650046e-01,4.446337592924596294e-01,8.440923785229667020e-01,4.352812603517952628e-01,7.196776112675939974e-01,5.877825024867477932e-01,7.347686572647132985e-01,6.588687276347382493e-01,4.169148706358121181e-01,8.264776977426195881e-01,6.227291249576916154e-01,7.172280470733023439e-01,7.598235981440503162e-01,6.453135169537431715e-01,4.885777917298128603e-01,8.003280092682433233e-01,-1.410251109257670277e-01,7.566253706071794927e-01,7.553549669148682533e-01,7.612534008113270856e-01,5.010992529211645286e-01,2.853537906781548061e-01,4.594117334973019107e-01,5.624487165534408639e-01,9.927557037708552024e-01,9.529514353244012970e-01,2.795580752202145858e-01,6.112815240846858345e-01,7.186691872564788808e-01,9.282166285021086205e-01,7.073630629757491350e-01,4.829416506080038696e-01,7.396301393923492284e-01,8.406314547146490623e-01,1.310127248518719312e-01,-6.765158610424928942e-02,3.726230995874302288e-01,2.163280424144338743e-01,6.750383786079359183e-01,4.037853474438334866e-01,8.047991361708050073e-01,7.768071666267510889e-01,9.361650045110054830e-01
9.121146405049509465e-01,7.744027105947537404e-01,5.035479304829133529e-01,4.161402268037540653e-01,6.063237142813192593e-01,1.420496159477419029e-01,5.610489500029381960e-01,6.411298644667953184e-01,7.047819798954519932e-01,8.963110278251482654e-01,4.370624590597648740e-01,8.634926466213651564e-01,0.000000000000000000e+00,7.627262691341233358e-01,6.716941960109527043e-01,9.890442823368768011e-01,6.842207742152122130e-01,9.622036597652272594e-01,9.222685118497501167e-01,8.511192589368852257e-01,8.773246688835407703e-01,9.638532051802097822e-01,7.472721601197176433e-01,9.213140814233238274e-01,7.113708570309177359e-01,9.086310455939035080e-01,6.169748584948200332e-01,7.842798496491841798e-01,5.300692164045806010e-01,7.499669255494708642e-01,-5.331572080312504958e-02,4.274018585714928209e-01,6.543310168600011689e-01,6.929480836716633840e-01,4.660135203140183258e-01,6.456411825464680732e-01,6.885991737518560862e-01,8.490979084496621532e-01,9.821444830416570237e-01,8.772231094964983988e-01,4.817484559289415547e-01,8.801051821547281051e-01,5.876547452663696269e-01,6.005549367666817018e-01,9.946170956154225529e-01,9.630360275262219716e-01,7.417855869741243335e-01,3.475501228890987004e-01,8.364870717647342468e-01,6.385325318486552160e-01,3.405222132523243461e-01,5.986726243985640572e-01,4.140112300003646606e-01,9.919424034709855009e-01,9.700308495356951832e-01,6.656754166664894390e-01,9.908818752104606720e-01,6.970194269254057495e-01,7.508244232207235136e-01,6.552893603176201953e-01,5.141041030642233833e-01,7.159530755454263096e-01,7.284792524276693104e-01,7.721390777945167372e-01,9.456003834863386803e-01,8.984596671241464882e-01,9.756827454870806715e-01,6.373143946111208269e-01,6.503144323938226945e-01,4.009309810425916165e-01,6.187526151546531850e-01,9.244662067854941823e-01,2.018931944757380581e-01,7.068026633524518987e-01,5.450023681659463826e-01,7.952449370559797615e-01,6.729260532249858873e-01,9.241392036547892985e-01,7.132702047185921490e-01,7.245369129584554313e-02,6.924634958515304417e-01,9.705293420846933250e-01,8.685029649911458760e-01,7.338902645946053516e-02,6.786032265047884371e-01
8.336070122530889748e-01,8.385745102437758280e-01,5.747353614513044384e-01,6.341275339499456987e-01,8.904224815576915475e-01,7.999699811519920267e-01,4.573653005327589782e-01,9.095507673697174056e-01,7.334914351971891788e-01,7.785400714902911412e-01,7.552090675639486772e-01,7.025530385575973202e-01,7.627262691341233358e-01,0.000000000000000000e+00,7.764216508459700350e-01,7.746823937663280812e-01,6.908368504518394015e-01,7.087555148364486080e-01,-1.898513620687757031e-01,4.842983983125965786e-01,8.226831376241463545e-01,2.425183894590222100e-01,9.055397618740307353e-01,7.318973517298363873e-01,6.056781013634893185e-01,9.325044325673016443e-01,4.304828357000946570e-01,7.883424982567864836e-01,4.718703345456439213e-01,5.943950654169323222e-01,7.930127560878657000e-01,4.390564734565841620e-01,2.725514109955512465e-01,7.508717610056641067e-01,7.331924565470278043e-01,3.914521841254152146e-01,3.191307828697093618e-01,4.330534731990187680e-01,8.706311429052572270e-01,1.114820201541738554e-01,7.464324225639940025e-01,7.131972533377792800e-01,9.375377328684719735e-01,6.904688140412220676e-01,9.114138925112509337e-01,4.201637505356261015e-01,4.321597967074221058e-01,2.977349205844072033e-01,7.425063755856787795e-01,9.356597294340240900e-01,7.095931203715981628e-01,8.441995582992884994e-01,9.698776027578924763e-01,8.368765626103396027e-01,8.541949401417483489e-01,5.711389439217193775e-01,9.608522546774844741e-01,7.431443126927285148e-01,2.505969131663229321e-01,4.347873500408335201e-01,3.337679114629559241e-01,8.840252618799564477e-01,6.251196687958209264e-01,9.893913488588117477e-01,6.278536656706953378e-01,7.860062830988090443e-01,5.904424397569272287e-01,6.580564318644903654e-01,6.240956766781897702e-01,8.975310879932978381e-01,6.934273278362920179e-01,8.603258661683639286e-01,7.662568057424476997e-01,6.422938427227614655e-01,6.236112140255940517e-01,4.831768515894607208e-01,4.434013457502775091e-01,4.551072832677359181e-01,3.124054972485271198e-01,6.721427970836535426e-01,5.440012691939969391e-01,9.174738437028094884e-01,7.309399705164222327e-01,5.554627850339223238e-01,6.915316513112991226e-01
6.377250940215144492e-01,7.213003144132136280e-01,9.288768959442024187e-01,2.909910458404441624e-01,8.858413946047144494e-01,3.184772934553469770e-01,2.465092617876148695e-01,5.679631470202753940e-01,4.693413190122767698e-01,4.280457480023852068e-01,3.973448659471469080e-01,9.403322943782533860e-01,6.716941960109527043e-01,7.764216508459700350e-01,0.000000000000000000e+00,9.616770894040083117e-01,8.467999832334422994e-01,7.360788980018764249e-01,6.936102308894658286e-01,6.841062478067047037e-01,9.081836773736748913e-01,6.593481387699536844e-01,5.282447760557560379e-01,7.214349699662070403e-01,4.232520692536239082e-01,8.621917787093830166e-01,8.540790096357852024e-01,7.581143768749580847e-01,4.476803433458995674e-01,3.326431829332109347e-01,4.316534370445977431e-01,4.982867883790686458e-01,5.641973192837677065e-01,7.200485990117196922e-01,8.543987420340808381e-01,3.261545397205182217e-01,2.068450613710026142e-01,8.954474813262427446e-01,9.247448731942886635e-01,2.611990184037947249e-01,4.630870981419521470e-01,6.094511830691314858e-01,8.812890682182651370e-01,3.979011852943368233e-01,9.713434968390116664e-01,2.159820369149062502e-01,6.711924740400192491e-01,3.692915069832289898e-01,9.992334243276010941e-01,5.041997011206835744e-01,8.533049345842635969e-01,7.132449537443682486e-01,8.823386573600785487e-01,2.091656064400097825e-01,6.096000010124803525e-01,5.914351333633671715e-01,8.840141846708297058e-01,7.371044056063463801e-01,9.408736977269889223e-01,7.049442430401111626e-01,1.489342942335657172e-01,6.606090619374367368e-01,6.442837837851723704e-01,9.835084831842874076e-01,8.887719966147067385e-01,2.776806147369327848e-01,4.290330453287075629e-01,9.675350289448667596e-01,7.402982393452623988e-01,5.360362011309294239e-01,9.152500317731085966e-01,3.942690979543838625e-01,4.576649452819573360e-01,5.156287324886348333e-01,4.753251317947317367e-01,7.956416488930802000e-01,9.218183335363323572e-01,6.495226106074393213e-01,4.568798638680030000e-02,2.752730049269344059e-01,8.545667792267963581e-01,7.542955037255079098e-01,7.363101882746297955e-01,3.348990148228143671e-01,7.448007628010316905e-01
7.522418456262237596e-01,9.162287577605990885e-01,7.611040290017078158e-01,8.786387795725620897e-01,7.739849173606618837e-01,7.024963920042321952e-01,4.923901798296109744e-01,4.415469218924731876e-01,6.739870273311601157e-01,7.155105040519187387e-01,9.763092455246681345e-01,8.102577615370942787e-01,9.890442823368768011e-01,7.746823937663280812e-01,9.616770894040083117e-01,0.000000000000000000e+00,7.384550292244527192e-01,9.464559584311889040e-01,1.274271471302033942e-01,9.405750815005274879e-01,7.353586954659983022e-01,6.293294563989624280e-01,6.703969543912747797e-01,8.981445132407707144e-01,2.874195935595841855e-01,9.773038915640668289e-01,2.576767472443343143e-01,1.376203295620092304e-01,3.914241421847989288e-01,3.304262910272417475e-01,5.748704417634746822e-01,7.951280087098286931e-01,6.645595003570758941e-01,2.560976387010507338e-01,9.384857398829374864e-01,4.178346634908940982e-01,2.766604775962486218e-01,6.453871800753905319e-01,5.234731844268066814e-01,4.902652204943090397e-01,7.974612012929256366e-01,9.641940267942066267e-01,-1.778431354107122553e-01,8.983443226027004735e-01,8.225657787992477488e-01,8.864530374092066678e-01,9.903489128287918941e-01,4.035154732311908021e-01,7.022785319676388971e-01,5.148728236975528283e-01,7.370451581738634017e-01,5.939578028573175850e-01,7.059409891642499657e-01,8.172243539112852284e-01,9.455120907368291805e-01,4.740803899710900882e-01,4.915197657668516351e-01,6.954673309860553987e-01,8.743014561828418296e-01,5.550583574294791767e-01,1.278558468966915773e-01,9.544945460131792903e-01,9.778775995914963381e-01,2.392218607777362727e-01,9.795605017173173445e-01,6.338966082868684460e-01,7.622187267316710146e-01,8.855792992642569361e-01,6.770606272283561378e-01,-2.653165196760662314e-02,7.812917648895107980e-01,4.451095808392498410e-01,3.839995475681176051e-01,3.213576403541933968e-01,6.048711463927864962e-01,7.713210225721356395e-01,5.348033491673820361e-01,7.140295437183020733e-01,7.840862037912719185e-01,2.133015280427710478e-02,9.633108826828185034e-01,7.110384382848996543e-01,8.297655149648669459e-01,7.024969923388859616e-01,8.829780081730088659e-01
7.214920577935685087e-01,6.756537128851958229e-01,6.729232305638722655e-01,5.118594152106192841e-01,7.355815698854840656e-01,2.191691717614461798e-01,5.317038455291576149e-01,8.852535335811914097e-01,9.254524876977096026e-01,8.609322821477114474e-01,7.143010518474374182e-01,6.872509191862125055e-01,6.842207742152122130e-01,6.908368504518394015e-01,8.467999832334422994e-01,7.384550292244527192e-01,0.000000000000000000e+00,3.919921965136166642e-01,9.417322374794959705e-01,8.767663287523409510e-01,7.989618780789186081e-01,5.358250926328145258e-01,5.382561569695806236e-01,9.829434434423005573e-01,7.881745200479718383e-01,6.478235621172756531e-01,6.645187185815567554e-01,9.075119351758775821e-01,8.787500103145949870e-01,5.331808551193790713e-01,4.883560107306907927e-01,6.247202516647382131e-01,6.451542959818136191e-01,6.113226553553646747e-01,9.414710112122822716e-01,7.210686714270617692e-01,2.076839085526139550e-01,7.639336571972036305e-01,5.090928559518059782e-01,3.040948803968253067e-01,4.299970404014450964e-01,9.814738270374312457e-01,9.824041953060637100e-01,8.587232069651078437e-01,4.024247466858779099e-01,9.513327013775758623e-01,3.418828042665492672e-01,6.902495772741447100e-01,4.855289009744634954e-01,9.380163939832548703e-01,8.578481713722476698e-01,9.737634577530442925e-01,8.092786161069913664e-01,9.813630409989442249e-01,8.641074108457904579e-01,5.979134542188181412e-01,4.691239125856128123e-01,2.465579867465572117e-01,7.270591587435391023e-01,2.527086930817936672e-01,8.185528097356625787e-01,7.309804065216487512e-01,7.907913241608054422e-01,6.397633100984890797e-01,4.153396669420488796e-01,4.520851258927669480e-01,6.149620076651192146e-01,8.596519402164790602e-01,6.762817044989813953e-01,9.350320157207747673e-01,8.151470619059320022e-01,4.499120828683654261e-01,5.975836359501730533e-01,5.655664623842593386e-01,8.666444724531812138e-01,4.304878323054111000e-01,6.163633638609323784e-01,6.039962369818048238e-01,5.667287382681110985e-01,5.217758755574050111e-01,9.115114918081669293e-01,6.834707669983827172e-01,7.542281230801405334e-01,3.455901723904492018e-01,6.958043711573628221e-01
9.605512430157039372e-01,8.736597587880453597e-01,9.080546824129677175e-01,6.813806267612809719e-01,7.050795836560087571e-01,7.889009687992076802e-01,8.045656866318069422e-01,5.894127387075436264e-01,7.997528328216580995e-01,8.666625074689144892e-01,3.915106218281748651e-01,5.766815812055638979e-01,9.622036597652272594e-01,7.087555148364486080e-01,7.360788980018764249e-01,9.464559584311889040e-01,3.919921965136166642e-01,0.000000000000000000e+00,9.995573460604070259e-01,9.362692141067521234e-01,6.894260856075846711e-01,3.393430276723383709e-01,6.236461708830409734e-01,8.422203513538232267e-01,3.119017815300816898e-01,8.697827710164374171e-01,8.402955035797907701e-01,7.000100565319962165e-01,4.127567948422032340e-01,6.378885456368781348e-01,3.656502249100449520e-01,4.837751325503314437e-01,3.897180057546926202e-01,2.726343350293492507e-01,7.351254492125739448e-01,5.664440030256646663e-01,4.547209156230046512e-01,7.026199611546909418e-01,5.468509735025005591e-01,7.146183243043601196e-01,5.989196780683767596e-01,8.008788479910035063e-01,6.977061352157448715e-01,9.935184220114748888e-01,9.228825964525697589e-01,9.095432736613159319e-01,8.742102639434836675e-01,5.557647872538017397e-01,5.924631894366496621e-01,7.393804580961076400e-01,1.651664866106909990e-01,5.182330245153723425e-01,7.787365070667909839e-01,8.829429528717718245e-01,6.162558973978515819e-01,9.262791605169533593e-01,8.153366662870763504e-01,5.946424700793091489e-01,7.670558194492080872e-01,6.679319144470655667e-01,6.787524149980019850e-01,9.754821298306741717e-01,2.829805401591657943e-01,6.377068724226988561e-01,8.774226851587736409e-01,6.890497734652203388e-01,7.508999955301112195e-01,4.659114893175578809e-01,5.125511834821325774e-01,7.533730558549133205e-01,8.728003644010376982e-01,9.226827951110867509e-01,8.665538128530614337e-01,5.582831469015518966e-01,9.647010044411393759e-01,8.180314118223995790e-01,4.059883893598185134e-01,3.962191257204918937e-01,9.937824980315170809e-01,5.455050984959681770e-01,9.964055832439075999e-01,7.896643111107278790e-01,5.218734856406102018e-01,2.681093027383967820e-01,7.417638093263358989e-01
