0.000000000000000000e+00,8.624548142847848764e-01,9.440179833668753684e-01,6.288938642112674726e-01,8.049765216871458406e-01,6.622085478161815475e-01,9.452367636608106638e-01,6.920167817033208157e-01,3.646443884119029422e-01,8.494365288860393770e-01,8.648941902985540775e-01,9.552087495893133440e-01,6.898164284133035951e-01,1.477134065802694456e-02,7.668748540343433007e-01,6.359368167196983723e-01,9.537183626596068553e-01,6.569642246580331690e-01,6.727453021400588984e-01,7.559069808846149430e-01,8.245329507293666094e-01,6.787597571166116284e-01,9.908824640012456886e-01,4.570785719413452131e-01,9.452206561295617426e-01,8.696054154690344706e-01,8.060659612720006972e-01,7.687650451681561359e-01,5.767686004692020862e-01,3.046277548455588735e-01,2.120862348229163308e-01,4.238831593674940446e-01,8.466988913979623943e-01,6.625631056558503040e-01,9.979727690006416907e-01,3.600394385336099790e-01,3.335722727445245006e-01,9.965202291069226170e-01,6.897785215763574396e-01,6.099169732332780924e-01,5.182048199905993080e-01,9.520169572124247415e-01,6.868320580412080600e-01,8.547509395579147018e-01,6.971796117227876399e-01,8.634092208810945079e-01,9.977793587864909330e-01,3.724257411689720909e-01,4.592853106917215711e-01,7.422140715924309129e-01,4.509620137879927770e-01,7.437486489322144845e-01,8.175736093148224803e-01,7.152110318632487473e-01,6.652172682530645975e-01,6.480847522035104724e-01,8.668780117717906908e-01,4.494881533291105735e-01,9.396512591269755577e-01,3.016483504812093597e-01,4.375664892618759128e-01,2.465439755071153205e-01,9.755753189878806353e-01,9.625289583486867917e-01,8.604485855767353142e-01,6.787817040036348004e-01,6.142285898886878925e-01,8.614324286194785518e-01,6.392645311226347049e-01,8.457734808946251182e-01,9.660778694233711494e-01,5.026020314167901626e-01,7.002085745450010723e-01,6.368007896750224051e-01,9.938661974542948307e-01,9.510742225691888319e-01,6.171201818316960352e-01,7.353714924244646456e-01,2.412407416525731985e-01,7.740557793939205622e-01,6.003775093061939350e-01,8.737276222352996502e-01,4.420640173461767852e-02,3.413278584892854850e-01,8.829398389699623095e-01
8.624548142847848764e-01,0.000000000000000000e+00,9.663860656108272940e-01,7.625951433800624013e-01,7.828277513506773921e-01,9.196382757203491742e-01,6.976109413435451767e-01,9.053135673310742648e-01,6.485702444507948083e-01,4.250383268702018214e-01,6.186561677874703458e-01,9.722713380476253331e-01,6.915674678575653989e-01,9.677400834401077567e-01,7.167341894359716692e-01,5.950256199805336044e-01,5.190446793116664237e-01,8.694082387768263809e-01,8.723052154754907805e-01,9.882567144207812238e-01,9.198396333808028791e-01,1.744590468798372651e-01,3.215337246266899429e-01,4.286047142470771898e-01,6.910387357084555315e-01,2.846545115153764072e-01,9.914079649317628640e-01,9.972182250231895750e-01,2.495542321977727573e-01,6.921616902378123770e-01,2.542693839360579133e-01,4.646041873853317544e-02,4.964031871160726750e-01,7.769305994895940870e-01,7.573090432922869875e-01,4.047121281737426912e-01,3.652598507566102715e-01,2.405222811874131728e-01,7.001419574376895882e-01,8.449928585624530974e-01,9.771076472762343368e-01,8.018340768412695052e-01,8.924721112808849943e-01,6.073509885174415146e-01,6.354446830095811238e-01,6.889426054694643975e-01,4.833843585968989887e-01,7.182998688179697000e-01,7.924012951482160005e-01,9.928702830679203561e-01,8.237005762060922720e-01,5.924451439952271858e-01,8.485928750268508791e-01,3.753677492504619434e-02,7.297263385883294706e-01,6.907252247133475187e-01,8.236727662412226536e-01,4.722197571601788879e-01,8.591420898114645599e-01,4.574174871855508639e-01,5.179058082464558233e-01,8.554896857983851355e-01,2.069981960758629780e-01,9.682775047279987835e-01,7.808127577076786618e-01,9.873858075648541677e-01,9.291617066033118766e-01,6.932344575739545212e-01,4.033308642010183798e-01,6.204989429213201291e-01,2.234790814441335316e-01,7.551936654049449249e-01,4.022436305682621227e-01,5.342486796815232308e-01,4.843004261557242729e-01,5.130792946697325663e-01,5.948934595523988067e-01,9.131762337079579739e-01,7.725083893532439516e-01,9.647590111656532963e-02,6.882554546478902857e-01,8.989270557617352608e-01,7.102852191262319925e-01,5.542334877771303292e-01,7.869623176742652770e-01
9.440179833668753684e-01,9.663860656108272940e-01,0.000000000000000000e+00,6.703789201399404929e-01,6.490756859941324564e-01,8.571105690651950049e-01,7.017601307133237709e-01,8.589967163335281430e-01,6.659708131619066496e-01,8.421391462775744685e-01,9.149878376146448611e-01,9.158813963058508589e-01,8.178001103979560815e-01,9.681217200259654154e-01,9.755701814084472012e-01,7.835152080326308610e-01,4.338879061359295908e-01,9.625753849103744209e-01,9.721577488344916862e-01,4.785990621840420789e-01,8.881153806099546522e-01,8.402691430565840669e-01,9.728298011508362819e-01,9.231658500990111982e-01,4.969475529504783218e-01,8.341829900608317416e-01,7.560862665072973776e-01,6.409287793868881922e-01,3.464593422681375712e-01,1.639377253168425030e-01,7.710868353597393199e-01,9.466219156364090725e-01,4.324174227319074193e-01,8.787084727431990760e-01,8.147223033093750066e-01,7.111977173470697133e-01,6.723536225815734957e-01,9.870063503948578454e-01,5.955860809019291047e-01,9.198683062899584151e-01,6.585649703917463293e-01,6.903937193573901343e-01,8.887566004732259106e-01,3.975275285192566010e-01,8.351511969427395377e-01,8.526142727680501299e-01,9.774366275583429298e-01,9.683712587705358699e-01,8.213330037063910627e-01,6.137920211783153279e-01,9.840902388120866817e-01,9.744129987305300000e-01,9.087380801486492077e-01,3.225128096526019839e-01,6.167181694466749020e-01,7.312147133693454037e-01,9.611598352388974753e-01,8.646548207216508963e-01,2.425359021298034157e-01,2.238249152779140105e-01,7.865585941765167455e-01,8.082193390718797055e-01,7.621693987220476973e-01,9.843488316424736650e-01,8.595991080544199692e-01,9.554581868025825431e-01,9.481232385690234743e-01,9.642228169208394428e-01,6.176431283515494419e-01,8.236692650650148106e-01,8.345586848825851112e-01,8.310076566152856392e-01,7.423200079507176197e-01,5.766663481653917511e-01,4.952091148842691082e-01,7.863418354354837492e-01,8.476144405651281355e-01,5.955344047051240874e-01,5.974960947146032986e-01,1.161471778856637679e-03,7.498015638030568475e-01,6.807169063530176256e-01,8.328274023076304156e-01,7.180833431079534090e-01,7.502689694630790829e-01
6.288938642112674726e-01,7.625951433800624013e-01,6.703789201399404929e-01,0.000000000000000000e+00,6.784918358366563984e-01,-1.648722188138571076e-01,8.831690908739424639e-01,5.937043776713264442e-01,8.980979886063701345e-01,6.040811044166395360e-01,7.018985867792526534e-01,8.560612435696544065e-01,8.471227265903835679e-01,7.376711863692724247e-01,4.411190383429478001e-01,6.140492724100601318e-01,5.169446027039159564e-01,7.136484143584799211e-01,9.417774204512440184e-01,8.862342426833270670e-01,6.264526095886766566e-01,6.069440261943180870e-01,2.017329440362637949e-01,9.993660861195059475e-01,7.979779093959328273e-01,7.336167811872680300e-01,8.087879547222927012e-01,5.558314876262273607e-01,4.708724331713878275e-01,2.764477193062840343e-01,7.320344232581132982e-02,5.461821728828005762e-01,8.524587991174199519e-01,3.706029097067966571e-01,9.257359439910805010e-01,5.896819242180052489e-01,2.238978497110484522e-01,7.194697457105565519e-01,7.699675426160217384e-01,7.849778166938584656e-01,4.307414204266112323e-01,6.114748240681522340e-01,6.655544572689736649e-01,9.677948714800097552e-01,8.332984403885806968e-01,4.195890146895470130e-01,2.116827326173301715e-01,6.055484910464318249e-01,7.308920960341447337e-01,7.925207674955203618e-01,6.823669865811554658e-01,8.722756158623342637e-01,6.647342892002894299e-01,7.508837286323488680e-01,8.316018068957156117e-01,5.257669720823410220e-01,5.391157274062580163e-01,8.282528802840992688e-01,9.867009821047154627e-01,6.967932621139457661e-01,4.118490338179426891e-01,8.267580665531329420e-02,8.399424402915116605e-01,8.893969249137931854e-01,6.343080796304515490e-01,5.527598210036465121e-01,6.361974859724214282e-01,8.154197114578581873e-01,7.155073463361105723e-01,9.914965965069659770e-01,8.528459876995412303e-01,2.851845085587386142e-01,3.518797066054951683e-01,8.688075164640223225e-01,6.183522890456477628e-01,8.973057773611723409e-01,8.014140721357075892e-01,7.914768621146021088e-01,7.335771499074403845e-01,1.590731017884128295e-01,7.890515339958492635e-01,8.457410337273254530e-01,5.376810477721324366e-01,7.766786417989907099e-01,3.528868173396427776e-01
8.049765216871458406e-01,7.828277513506773921e-01,6.490756859941324564e-01,6.784918358366563984e-01,0.000000000000000000e+00,6.301528353243133207e-01,6.033623301601110933e-01,4.649794272847893040e-01,5.789412822297905770e-01,2.171136329370745854e-01,6.699563579554403958e-01,7.259557960891291906e-01,6.404782272896418771e-01,7.132023000122332812e-01,8.737447362151977703e-01,8.524654006886978053e-01,9.649269625191561062e-01,4.361857642248586076e-01,5.250585267671984413e-01,8.365410931165833119e-01,9.586662083443118210e-01,6.998257635881943717e-01,8.928798440635359324e-01,5.811823691430011429e-01,5.309652088793567204e-01,4.989176157531439726e-01,5.676971982500567115e-01,8.777929139398079617e-01,7.663568082440914697e-01,6.421218658773320204e-04,2.521245512005833023e-01,7.321289229530758558e-01,8.066628201717919167e-01,9.452944315800211328e-01,9.070167558480675130e-01,5.090749484919523393e-01,3.102010098950687689e-01,7.619577303901162724e-01,8.389338128338965639e-01,9.042582214163518151e-01,5.252831188069544410e-01,4.582312772002816725e-01,8.845912125582211516e-01,6.067919990662141716e-01,6.862555697483795347e-01,9.313814630814579720e-01,9.413520950804490361e-01,7.008402875051463754e-01,6.034037602887163398e-01,6.546106716342626752e-01,9.987474494401291647e-01,1.277652975002807889e-01,6.491317299768293303e-01,8.766605102165248020e-01,5.071930016072997427e-01,7.096667309769347787e-01,4.799381907030346728e-01,4.952328177317079083e-01,6.770876554048560481e-01,7.738072824505395353e-01,7.748673019363950809e-01,6.336066932086115155e-02,6.812225682423761475e-01,9.312041142737729205e-01,7.839391936127231286e-01,3.453253675111795928e-01,7.461640539224998481e-01,9.191325884734853346e-01,5.073789448650563028e-01,6.765125690209659037e-01,6.052755888754544067e-01,7.241128304985177122e-01,7.568328675133747518e-01,2.453305692817835462e-02,8.922627326856804597e-01,8.873235111080592930e-01,4.344001000692614411e-01,1.815842225269404808e-01,4.290767528587040025e-01,2.251269991989129637e-01,7.584271034135163791e-01,9.819817941397696037e-01,7.498284066729521413e-01,7.477472824996631573e-01,6.783064499414275250e-01
6.622085478161815475e-01,9.196382757203491742e-01,8.571105690651950049e-01,-1.648722188138571076e-01,6.301528353243133207e-01,0.000000000000000000e+00,2.797411223100217392e-01,7.654519997645138352e-01,5.825562118642508835e-01,4.535643374246189907e-01,5.785925552750651457e-01,2.705331199931181319e-01,7.147237827899307616e-01,7.452108370743620869e-01,9.360183096727676677e-01,8.384256563340589663e-01,9.975483340956915468e-01,7.780867180311591413e-01,9.827565909087705442e-01,6.583192806051569868e-01,5.241349350408029961e-01,3.974114630317968633e-01,7.502119206867176038e-01,7.193153686822417736e-01,7.453499767592485226e-01,6.669320566554290952e-01,6.109579821004560429e-01,6.448273387726917161e-01,3.533886329282074357e-01,6.720896614617757336e-01,3.197733678413973157e-01,1.285796172204669297e-01,6.105566685536265581e-01,6.594973590077493064e-01,7.721123422143498782e-01,1.590133124864923087e-02,2.027087832117974997e-01,9.611760957369174241e-01,9.199335911342153560e-01,7.923293950984970913e-01,5.520944137598146062e-01,7.671122926037342582e-01,9.698457790730328210e-01,6.123837222966402871e-01,9.968674540069573098e-01,7.115902116234573693e-01,7.888777021512178855e-01,5.790524497478437560e-01,4.664991596458558654e-01,4.439301153301640768e-01,3.942771024805931668e-01,6.666081596818727029e-01,6.908155489389090631e-01,6.659959998937581283e-01,9.121133315395921759e-01,9.912726828463995776e-01,2.052351673584602576e-01,7.737327266171374340e-01,7.802714769594386590e-01,5.725266803208964861e-01,2.753436596551068760e-01,5.483905882158875977e-01,9.109962612437749740e-01,6.475784973914121556e-01,7.944947399121402576e-01,5.564128114025698180e-01,2.568152721529291527e-01,4.828313466024294343e-01,2.757953487138198323e-02,9.215569348281174022e-01,6.427863047713859856e-01,5.402492978580795135e-01,3.615979175296110126e-01,3.544476557947869866e-01,2.363514424948319481e-01,3.587023041555895686e-01,7.312611306708712844e-01,4.845952188706247887e-01,5.065858604947142130e-01,5.932840690154316254e-01,7.803524830689502201e-01,9.497697978655283979e-01,1.273260331665296841e-01,5.920438549631281688e-01,7.311039978077741308e-01
9.452367636608106638e-01,6.976109413435451767e-01,7.017601307133237709e-01,8.831690908739424639e-01,6.033623301601110933e-01,2.797411223100217392e-01,0.000000000000000000e+00,6.956841169943109859e-01,4.757459830334461182e-01,7.589270955016480524e-01,4.764762506851535351e-01,5.798628507533408749e-01,3.110041226691008798e-01,5.266753643954869002e-01,4.036270162073277157e-01,5.428336806663521807e-01,5.564172946686196664e-01,2.637902896535090913e-01,4.025535195683054290e-01,6.981735275132072704e-01,8.619107403161434533e-01,-8.533878362080073166e-02,6.108825512783332412e-01,4.001431205202722330e-01,3.578048162626774054e-01,7.065637424640257569e-01,7.826859411019784218e-01,4.716519227669681014e-01,2.455137210593063279e-01,6.493094103290827368e-01,5.156349227074992214e-01,4.671596715540813904e-01,6.717623025997774278e-01,7.002619793999862452e-01,7.786661015419769072e-01,3.663780847192703582e-01,2.927677650739179960e-01,3.615402564974840582e-01,9.916076105827306142e-01,9.591599031175268575e-02,3.158762226038529519e-01,3.225909187554207302e-01,9.187063323858537522e-01,7.401158382976436023e-01,9.840496431765690666e-01,7.373806101403685975e-01,7.383534105084228472e-01,7.128629402496931000e-01,7.477219354145152597e-01,2.317149078794899786e-01,5.457116209787613581e-01,7.881922003719962211e-01,6.718355660561601272e-01,6.309319105869688471e-01,6.268194369518839126e-01,5.101070860978296206e-02,5.454485336627687975e-01,9.870288744989295093e-01,9.185088314367331197e-01,6.178159437137492604e-01,5.256881286361605454e-01,6.468780802117277684e-01,7.982177755089101545e-01,4.946092661707295335e-01,5.083238498068183286e-01,7.244144317103154429e-02,4.840592020251064387e-01,9.236504308388829854e-01,-2.309899418589113629e-01,5.532809133783856970e-01,5.556304017744629897e-01,4.889298136475951906e-01,4.642576375326400995e-01,1.281192979949248301e-01,5.075403856533349245e-01,2.300746552075390861e-01,5.210474405122347274e-01,3.514035265653356888e-01,1.644717013581963871e-01,2.522984458403762509e-01,8.123492668277987327e-01,8.622803772109127740e-01,6.367233081941983119e-01,5.786649356125268540e-01,2.330142855398150137e-01
6.920167817033208157e-01,9.053135673310742648e-01,8.589967163335281430e-01,5.937043776713264442e-01,4.649794272847893040e-01,7.654519997645138352e-01,6.956841169943109859e-01,0.000000000000000000e+00,4.921989755731157601e-01,9.926621606463545966e-01,6.676440993881371799e-01,8.131852518152977716e-01,4.973707267284717126e-01,9.551124773474103380e-01,6.774247897707450505e-01,2.900906057904150681e-01,4.239415989552680619e-01,1.554383192608690401e-01,5.867241445728905713e-01,8.882457017986654657e-01,4.250207131802200555e-01,7.966572543903971404e-01,4.405848635402796476e-01,9.549941348365992289e-01,6.399314686042369971e-01,9.179018295944503247e-01,7.434919472958709807e-01,5.668205523417350067e-01,5.283259245861763320e-01,4.128959522136383953e-01,4.010836842263547641e-01,9.394468927592396490e-01,9.622975439270522457e-01,5.378963202085254025e-01,7.653471924892144562e-01,4.271512757400661164e-01,2.844738378296290948e-01,4.811330190678962948e-01,6.170060886763649721e-01,6.853993714321013897e-01,7.715375970860299804e-01,8.343108570840717109e-01,8.317920619549484806e-01,5.723516801051179437e-01,6.879653709417589136e-01,6.139623417597876998e-01,6.752797595907823469e-01,3.766114135141960806e-01,6.636716407290097486e-01,4.976510585634748574e-01,7.402337754014249871e-01,8.771400483904291390e-01,6.770791317943801735e-01,7.632291256229014609e-01,8.668544083468811001e-01,6.324977094101431607e-01,6.384862979886060108e-01,2.905452724302536316e-01,6.819079613966227971e-01,2.235049057708419773e-01,3.979731129157279002e-01,6.983765585737982118e-01,9.793954881029260928e-01,7.777677732294318025e-01,7.427683023765346837e-01,8.795729176649598191e-01,6.837371301948005353e-01,8.419889674883039854e-01,4.792561007865203671e-01,6.765425988529638612e-01,2.965430618633078108e-01,4.587537614961637589e-01,5.250156045203945299e-01,4.503868523958405867e-01,6.666554487452850397e-01,6.996641029186021488e-01,6.144461870179255270e-01,7.115740015795336548e-01,4.541992309822877605e-01,3.423827949788044167e-01,5.453856189183272640e-01,9.825193765913757815e-01,9.259656736379162645e-01,2.153882977159233270e-01,7.685951074724248766e-01
3.646443884119029422e-01,6.485702444507948083e-01,6.659708131619066496e-01,8.980979886063701345e-01,5.789412822297905770e-01,5.825562118642508835e-01,4.757459830334461182e-01,4.921989755731157601e-01,0.000000000000000000e+00,4.333476466374664438e-01,7.091188676628125132e-01,7.002902018408106999e-01,7.396302277593957974e-01,6.697082115907194710e-01,6.906498598976597014e-01,9.992807035186362929e-01,5.401243107924916798e-01,4.566988993056998458e-01,4.327024123523126597e-01,7.239421772146312772e-01,8.982728838963671691e-01,4.417497246166766228e-02,9.731325965523995869e-01,7.361771106564460876e-01,4.693413825608330203e-01,9.161327272854291603e-01,6.683006065478441782e-01,7.612318598557640259e-01,7.423212164387024137e-01,5.760372899890260356e-01,5.473083399472947752e-01,6.349249811980111069e-01,6.700093689873737324e-01,4.435760924916962167e-01,4.971502257369099786e-01,3.578438705981298318e-01,2.056301088284663570e-01,2.126017168486471209e-01,6.540659264137147488e-01,7.409238325177712747e-01,5.451845004773826497e-01,9.890754692397134562e-01,9.950623516121206436e-01,7.057835485023610245e-01,9.166486314307029648e-01,4.214195483046041524e-01,6.114034422503220600e-01,2.445154564766305327e-01,7.710669115016044461e-01,5.021880274611447703e-01,5.374122861694790032e-01,4.379769802124006128e-01,3.223406834820585209e-01,6.302029706125905628e-01,8.552341960919390695e-01,8.502936576611074271e-01,4.980310350805929875e-01,7.209383147228198840e-01,8.711654061666906923e-01,5.319369011545861392e-01,3.545914740504048090e-01,7.585937580407415837e-01,7.488539515148587844e-01,3.817115991446556889e-01,7.890750954992509225e-01,6.695441362360087245e-01,7.281182139705526524e-01,7.152164747714283566e-01,9.282513474697219324e-01,2.025548081966626612e-01,9.646038086589908689e-01,6.426303936997502797e-01,3.346249197146473064e-01,4.065157673701958463e-01,8.342075379131916879e-01,5.679484508844258039e-01,9.720755738232997878e-01,7.157394309257181231e-01,5.899542714223718898e-01,4.055296602999534095e-01,6.411763121814024746e-01,9.339118785649899168e-01,6.676799474184502703e-01,2.382053484535133214e-01,7.322036102223735687e-01
8.494365288860393770e-01,4.250383268702018214e-01,8.421391462775744685e-01,6.040811044166395360e-01,2.171136329370745854e-01,4.535643374246189907e-01,7.589270955016480524e-01,9.926621606463545966e-01,4.333476466374664438e-01,0.000000000000000000e+00,7.536887359668560382e-01,5.797224192035251855e-01,7.333396547592260228e-01,8.043292688802547996e-01,5.022665930701843973e-01,3.696363674685425593e-01,8.510909995526664273e-01,6.864573205987605231e-01,8.424369509604093809e-01,2.647108656834873952e-01,8.396689376185919595e-01,9.359527472930426750e-01,8.953658472654905109e-01,9.151256945737814563e-01,6.619983254102154158e-01,6.729668089069682502e-01,6.742760701946280966e-01,8.761554182133108881e-01,5.527180592435236850e-01,6.408988643746524883e-01,2.113321960453801718e-01,3.444738804248130837e-01,9.923342278039586351e-01,6.974933133228973237e-01,4.666671090780483144e-01,5.521616778712563622e-01,6.834904464837347760e-02,7.973443713010586187e-01,6.794575714898449803e-01,9.883582910614201467e-01,6.191399455096707749e-01,8.279441682004793357e-01,9.093710683113072069e-01,8.261519878059483402e-01,9.700249510193292846e-01,5.372550458088105607e-01,5.200915237888463771e-01,8.493253378355318794e-01,2.239426072681607038e-01,5.943428431987862748e-01,3.924575169221771742e-01,7.581256776979035106e-01,6.060436929902736081e-01,6.599845259131317254e-01,8.774076629381091230e-01,9.893750083288548325e-01,6.420040196046898906e-01,2.646268804732044844e-01,6.220226270208054631e-01,8.303446812220970363e-01,6.531578077942088445e-01,8.961978306173300490e-01,9.309848624817242957e-01,8.062702305557937210e-01,5.469639085759190333e-01,3.152716285782624639e-01,9.103641258131401903e-01,8.770726847543265370e-01,2.640783850620611606e-01,7.933242557988018362e-01,8.312161613445603336e-01,6.435717352810316205e-01,4.492653619320750580e-01,3.440895038892993751e-01,7.576684518531705548e-01,8.442015553203457978e-01,4.754777986826158043e-01,5.704574516943581447e-02,-1.002981723973183081e-01,4.447833642245848096e-01,7.310547177483656123e-01,9.397788011037769840e-01,7.024082022648383550e-01,6.217257563750216987e-01,9.567301469581067641e-01
8.648941902985540775e-01,6.186561677874703458e-01,9.149878376146448611e-01,7.018985867792526534e-01,6.699563579554403958e-01,5.785925552750651457e-01,4.764762506851535351e-01,6.676440993881371799e-01,7.091188676628125132e-01,7.536887359668560382e-01,0.000000000000000000e+00,6.002586417090945980e-01,4.596085435915877038e-01,5.027014978921371391e-01,7.077547632842146053e-01,5.937256244798825300e-01,5.197255976428765134e-01,5.445610936911632338e-01,5.680984637666630643e-01,8.086581163152664065e-01,4.691850438933123923e-01,7.402809043832933034e-01,7.996017704296225492e-01,7.157787879700840961e-01,1.863806029670151410e-01,9.087748380970197548e-01,3.346809118801763461e-01,5.337999501969035165e-01,1.408556326808649839e-01,4.771715788001519853e-01,2.605344400868513932e-01,6.783631932652885999e-01,6.647511197027204943e-01,9.100744883705849109e-01,7.534149640330550790e-01,7.620756800842682921e-01,4.666769155215975129e-01,7.648290867785816349e-01,5.667916778489080487e-01,6.619192219889066253e-01,7.743232339043176760e-02,8.445123768850562040e-01,9.364581467062524922e-01,7.504964944011269790e-01,9.056647419808538935e-01,9.916660805619804675e-01,5.743972335660535444e-01,6.825035273370895217e-01,2.916579097387084762e-01,9.073637839576805808e-01,6.480478395784816659e-01,6.459952095371208625e-01,8.795334308347206864e-01,6.499550728369214436e-01,8.005968049734467629e-01,7.058562648072089774e-01,7.602086983924132291e-01,1.233766271803379833e-01,8.793851331738280486e-01,9.936229777343025260e-01,6.506571724546443836e-01,8.650104950681363203e-01,9.811326742343995377e-01,6.448797208318657499e-03,8.107730714315747322e-01,4.137016308411479715e-01,5.218281535213059597e-01,8.054867858870138342e-01,5.915431520260663323e-01,7.630895135771060822e-01,6.365830513070648289e-01,6.155089572013331400e-01,4.912657716373055594e-01,9.307668603469586577e-01,6.039009020388437232e-01,9.670361729987526633e-01,4.188319896126522779e-01,9.021674193856646928e-01,4.600333984275421506e-01,4.184211736382388580e-02,3.346683404682535001e-01,9.130937914879513340e-01,7.078093282508766126e-01,8.678725292749955855e-01,6.648133583979953798e-01
9.552087495893133440e-01,9.722713380476253331e-01,9.158813963058508589e-01,8.560612435696544065e-01,7.259557960891291906e-01,2.705331199931181319e-01,5.798628507533408749e-01,8.131852518152977716e-01,7.002902018408106999e-01,5.797224192035251855e-01,6.002586417090945980e-01,0.000000000000000000e+00,3.626566724771495553e-01,9.226331855125056158e-01,4.026252533489861896e-01,4.221575163771453254e-01,6.325141520826645936e-01,6.765847707086339868e-01,6.801461503089565319e-01,7.892791264978468169e-01,6.933416328010555407e-01,7.533840205638846488e-01,7.921790480020731717e-01,9.026779734504239983e-01,5.919864267017765913e-01,6.810722788860936738e-01,6.217088674114572555e-01,6.908730005164056553e-01,5.806894676285430101e-01,5.260880122351085930e-01,4.566384146986203763e-01,8.188823117407536545e-01,8.455438110252576633e-01,3.886159851454634023e-02,4.520710432085909281e-01,1.590651367846121766e-01,4.757179574830578961e-01,7.778064493605130192e-01,2.872633204810300933e-01,8.550510514769322779e-01,6.239399412941367684e-01,6.086151404643076468e-01,9.237827191132218507e-01,8.607914232614413130e-01,9.944680903327440813e-01,5.744872092296263721e-01,7.313056020026044157e-01,5.927127061164187971e-01,4.453995183331621588e-01,6.155176165976754543e-01,6.121958622644477765e-01,2.040473797191337257e-01,9.886570552484936769e-01,7.760657497572468477e-01,7.187163869110845260e-01,8.325902195844993026e-01,6.926798050509591631e-01,7.577076262177034893e-01,9.626658922417605790e-01,8.418865895422555923e-01,3.304890012946885003e-01,7.717162034803962678e-01,5.292265222014452819e-01,9.107798059613051445e-01,9.934010973935267774e-01,1.319264474804266174e-01,5.064148618216696152e-01,7.885269015089071409e-01,3.921593071735712810e-01,3.017296447680125060e-01,9.537843167765315266e-01,6.519569865864132119e-01,5.727326081721570983e-01,6.396539261268475718e-01,6.573310692235119213e-01,9.801164350318049001e-01,7.137434257410517624e-01,8.529051016687877462e-01,4.866663085587820126e-01,7.608448733043994272e-01,5.502590803965869970e-01,6.974541115552397308e-01,7.963601764586288878e-01,5.742866097193257691e-01,5.418944325611740886e-01
6.898164284133035951e-01,6.915674678575653989e-01,8.178001103979560815e-01,8.471227265903835679e-01,6.404782272896418771e-01,7.147237827899307616e-01,3.110041226691008798e-01,4.973707267284717126e-01,7.396302277593957974e-01,7.333396547592260228e-01,4.596085435915877038e-01,3.626566724771495553e-01,0.000000000000000000e+00,4.625686807696465230e-01,5.010695472154390595e-01,7.299806139422378992e-01,9.628601443979774022e-01,8.764591817662262807e-01,5.760587404684571755e-01,8.608479866847092987e-01,7.159238491553204797e-01,6.059515370336349127e-01,9.422086709544390537e-01,7.650362496382815403e-01,2.050290536825160603e-01,8.405594496661358273e-01,6.940565688482388529e-01,4.642256483381785315e-01,4.872435533841468769e-01,6.055133677663961933e-01,2.910297304505121696e-01,7.352921505630281018e-01,6.077491307425831879e-01,3.912780337466431613e-01,6.661899867842535627e-01,7.549340719165538172e-01,5.218090489442861468e-02,7.835514610878612229e-01,2.636731727385546176e-01,9.373718989518737832e-01,3.006459218648421805e-01,8.876531239935545603e-01,7.717434320494173106e-01,8.007027763921250596e-01,8.888194580182268156e-01,6.390280078581469514e-01,5.035169367129793683e-01,4.464247802024804979e-01,4.692457945273508790e-01,6.593518895111024625e-01,6.146644026937442273e-01,6.249034756437730209e-01,9.392564618353431705e-01,7.307580402100366523e-01,9.513791249078167311e-01,5.920947212453298025e-01,7.742523704676849139e-01,8.092066757724626358e-01,6.295445484223953780e-01,4.958926338780654808e-01,1.976408020174816316e-01,5.076087722467295116e-01,5.616776087490698011e-01,8.077706639604492755e-01,9.293195437544515825e-01,8.624739668881504784e-01,2.778099933549595946e-01,8.921327265845430121e-01,2.630026695903158740e-01,5.742764301484317713e-01,6.389709062385769966e-01,6.153201817327732526e-01,4.783919754601480001e-01,3.254942993183753686e-01,6.995856946611878069e-01,8.813529804416359026e-01,6.542632266637913308e-01,4.999696051382456208e-01,4.914688299191578569e-01,1.647595723690818970e-01,4.360576731878977319e-01,6.888615252048918558e-01,8.064049201449255966e-01,7.712220711209289981e-01,8.871494605260678012e-01
1.477134065802694456e-02,9.677400834401077567e-01,9.681217200259654154e-01,7.376711863692724247e-01,7.132023000122332812e-01,7.452108370743620869e-01,5.266753643954869002e-01,9.551124773474103380e-01,6.697082115907194710e-01,8.043292688802547996e-01,5.027014978921371391e-01,9.226331855125056158e-01,4.625686807696465230e-01,0.000000000000000000e+00,4.882907691104207970e-01,6.839798648051969021e-01,3.884365995260609106e-01,6.211364026913723801e-01,4.687061312656368717e-01,8.129965645851447986e-01,6.933282809814372838e-01,8.402171006132975739e-01,4.365402902100047888e-01,6.442341191822374968e-01,6.195483206619772920e-01,5.187027660468489509e-01,8.778692238389769198e-01,8.162783964434299211e-01,1.024650785605110137e-01,3.885839992775412810e-01,4.754640582266972393e-01,-1.263711336857291367e-01,5.792915740548613135e-01,7.754210036035718012e-01,7.832813852708825353e-01,4.918527581397325599e-01,4.820222521106305447e-01,6.464116602421251523e-01,7.921356568049403579e-01,5.064490718589392815e-01,-2.680635759838914667e-02,7.672537620943471470e-01,3.169159541030818761e-01,2.468309224097582077e-01,4.650125566022157986e-01,9.591751796066753100e-01,7.168494451628735220e-01,9.451791113914744802e-01,6.477644701039900754e-01,6.412250033637842961e-01,3.429894105576257735e-01,9.034359984272486432e-01,7.299663272928631486e-01,7.815008285723050729e-01,6.527678297019614551e-01,7.746277821039296851e-01,6.063563250919341563e-01,6.825686454208301779e-01,1.257619509722420481e-01,6.742469139496342079e-01,4.791132326583710799e-01,8.235957132305664619e-01,9.759677771966197568e-01,7.412064512512687164e-01,6.852648883384121481e-01,5.654276394835671127e-01,9.625860649309567751e-01,8.172875435666787647e-01,7.846958215411035109e-01,3.843822445420929101e-01,8.595454151556647382e-01,6.305550177492252883e-01,5.518815823068038418e-01,2.919665283257821264e-01,7.665743466890115876e-01,7.937182299184533663e-02,9.462062922155582978e-01,7.214865574306974505e-01,3.026717829777878649e-02,5.501229771914579736e-01,8.536805848747007763e-01,6.458261769781441508e-01,9.784474042636486235e-01,6.320420267176660722e-01,6.933434862758005579e-01
7.668748540343433007e-01,7.167341894359716692e-01,9.755701814084472012e-01,4.411190383429478001e-01,8.737447362151977703e-01,9.360183096727676677e-01,4.036270162073277157e-01,6.774247897707450505e-01,6.906498598976597014e-01,5.022665930701843973e-01,7.077547632842146053e-01,4.026252533489861896e-01,5.010695472154390595e-01,4.882907691104207970e-01,0.000000000000000000e+00,7.026241914336499583e-01,2.415718063524471826e-01,9.599533101539619029e-01,4.032037499759689725e-01,6.044104162735857155e-01,4.633381878745324034e-01,8.150987501216195863e-01,4.215939184285652508e-01,6.755916678007609644e-01,5.190921233768954757e-01,4.149589588801013695e-01,6.448372097382472079e-01,6.454073760640414159e-01,4.953479459870420709e-01,2.525751147134386865e-01,2.083540828303399595e-01,4.336971337062772713e-01,7.914651739432431166e-01,4.324420639729009697e-01,5.364048267191127151e-01,2.210402417877745940e-01,4.999407562954437112e-01,3.749457576268977466e-01,4.663605356957734038e-01,7.599167953566806633e-01,7.744631574911002847e-01,8.123525394210808770e-01,-3.242789791340883188e-02,8.830403532434747405e-01,8.181753998169823960e-01,6.614204756371750982e-01,4.982111977644045897e-01,4.988061565447893253e-01,5.195487035736223724e-01,4.197154616338838462e-02,7.102078976016507061e-01,7.850083897514985587e-01,7.085450059059154038e-01,5.186534088074925553e-01,7.595205565511867762e-01,6.598215460763749984e-01,7.734237771468541744e-01,6.074641168731166330e-01,6.542967936236203652e-01,4.880579641504771971e-01,6.848874599660854656e-01,1.335778297320670827e-01,4.560121225799721456e-01,8.129083150116944712e-01,6.561382240159766566e-01,6.890623021012112215e-01,7.258295087167498938e-01,5.200303715865218779e-01,8.335678403939106307e-01,5.586693930386474882e-01,7.449369238803391635e-01,4.646107270724983973e-01,3.444001600377044614e-01,5.158107690775850518e-01,4.021805000482227554e-01,7.612085590637533983e-01,9.134896443029210111e-01,4.829375227226110345e-01,5.749055193436410915e-01,1.394577235279005900e-01,4.538402852146490862e-01,6.308532780317801514e-01,8.685607255312783881e-01,9.264462754538571598e-01,4.989351461835553891e-01
6.359368167196983723e-01,5.950256199805336044e-01,7.835152080326308610e-01,6.140492724100601318e-01,8.524654006886978053e-01,8.384256563340589663e-01,5.428336806663521807e-01,2.900906057904150681e-01,9.992807035186362929e-01,3.696363674685425593e-01,5.937256244798825300e-01,4.221575163771453254e-01,7.299806139422378992e-01,6.839798648051969021e-01,7.026241914336499583e-01,0.000000000000000000e+00,8.973370559415582148e-01,9.476819664839091217e-01,5.500179083279048697e-01,7.604708807815787619e-01,9.171175788917321769e-01,8.295768211244736179e-01,6.982995516477217279e-01,7.738963656544364245e-01,2.254765136344147325e-01,7.625049163499727500e-01,5.923806144972780796e-01,7.529153964544684774e-01,5.073744706857288289e-01,3.264314648655530782e-01,6.935029305494115892e-01,8.821914915999288231e-01,6.231086603293642945e-01,6.613979177151136923e-01,1.362722287935813669e-03,3.109344564931164623e-01,2.844920853491358925e-01,3.049476413980980460e-01,9.070935848827507142e-01,1.026080035346171315e-01,3.603674595802288105e-01,7.845609029154535508e-01,3.624007082587829554e-01,9.322093172539074324e-01,4.757601428778412966e-01,9.404831254324143019e-01,7.761656737793436456e-01,7.190735610363764053e-04,8.622771387539657217e-01,2.970713985885965469e-01,5.652325770764832225e-01,8.445099608996917695e-01,7.394750645955109336e-01,5.206396491130980131e-01,8.495456652532203945e-01,4.948954644210094012e-01,2.484094747745480558e-01,9.502743317299111592e-01,6.406963204505671250e-01,5.464009636720954521e-01,2.251260083498281550e-01,2.449851196499444883e-01,9.079775371874635459e-01,9.253097043698461643e-01,8.805636585018571383e-01,8.248430439529101932e-01,9.476111271823961513e-01,8.522265180985751920e-01,4.647990508779988317e-01,7.682675173044206662e-01,8.223579660755100385e-01,9.607186691728674122e-01,7.134894359885158854e-01,7.868278503339465324e-01,7.136279144478865355e-01,4.704707965484671850e-01,7.051121788900770460e-01,9.291250419932204352e-01,6.874829758761211718e-01,3.025389165727064844e-01,7.352683794278768170e-01,6.792537360702720628e-01,7.257036428668633965e-01,4.576300172524240262e-01,6.364990635467229207e-01
9.537183626596068553e-01,5.190446793116664237e-01,4.338879061359295908e-01,5.169446027039159564e-01,9.649269625191561062e-01,9.975483340956915468e-01,5.564172946686196664e-01,4.239415989552680619e-01,5.401243107924916798e-01,8.510909995526664273e-01,5.197255976428765134e-01,6.325141520826645936e-01,9.628601443979774022e-01,3.884365995260609106e-01,2.415718063524471826e-01,8.973370559415582148e-01,0.000000000000000000e+00,2.719800319947230927e-01,7.146873373723755529e-01,5.727938879278592355e-01,8.039175475479557464e-01,4.322013934958504611e-01,8.461705349028626477e-01,9.486308316160289023e-01,1.874009373218517294e-01,6.720896401083831240e-01,9.164938656752700252e-01,9.766940180051681963e-01,2.658286020413452855e-01,5.396805229920392799e-01,3.034625008960943338e-01,2.085167597150402174e-01,7.225522844378566845e-01,7.638110847017157701e-01,9.159301849049937827e-01,5.096500995318403726e-01,7.212362128032704378e-01,8.832455389904995124e-01,8.302512854426070676e-01,9.638181917717143499e-01,9.272014145424050113e-01,9.871950190467003727e-01,9.500747019428550377e-01,7.120323469269030925e-01,6.074194875076426303e-01,9.581302340528387029e-01,7.703134363024027875e-01,7.572685093145016255e-01,9.789869160244570878e-01,7.136551637995771635e-01,8.989188581041608339e-01,8.771655316945389247e-01,7.600975410723301851e-01,6.845055700551416766e-01,9.170507354850883086e-01,7.839567606207220596e-01,3.212044910482414473e-01,8.437626494493813967e-01,8.555900775176572548e-01,6.425138536911144671e-01,7.192805776775250681e-01,9.087347820706943580e-01,8.625236181428800331e-01,6.466888838820241681e-01,8.649550615202971082e-01,7.689769035013560572e-01,7.920978075414633057e-01,9.431623998263760633e-01,8.839098050570416421e-01,9.716668019523908573e-01,9.755832744301997650e-01,7.963459701495724241e-01,7.215368173550358311e-01,6.974716715883876317e-01,7.243092296822024601e-01,6.935452317092807295e-01,9.639114419193490768e-01,7.918261849962709986e-01,7.475046935475533338e-01,3.265437413600197347e-01,9.306518454982688482e-01,9.522507136845395070e-01,6.646323080285407858e-01,7.771682083249212836e-01,8.021226070739967406e-01
6.569642246580331690e-01,8.694082387768263809e-01,9.625753849103744209e-01,7.136484143584799211e-01,4.361857642248586076e-01,7.780867180311591413e-01,2.637902896535090913e-01,1.554383192608690401e-01,4.566988993056998458e-01,6.864573205987605231e-01,5.445610936911632338e-01,6.765847707086339868e-01,8.764591817662262807e-01,6.211364026913723801e-01,9.599533101539619029e-01,9.476819664839091217e-01,2.719800319947230927e-01,0.000000000000000000e+00,8.940015651210225789e-01,8.588659337068916821e-01,9.154820137209200848e-01,9.573701815355240008e-01,4.420534783401560142e-01,6.313330745339882366e-01,7.529286796046954500e-01,7.883755124645059897e-01,9.217213156517239936e-01,7.166288851056729081e-01,-1.716168776128069173e-01,2.627422131353235879e-01,2.384524786538047211e-02,7.358471259821599553e-01,8.935515185520231940e-01,9.802419936356391306e-01,6.439871375476013959e-01,3.507215300332984231e-01,7.528104600223963772e-01,7.573268346389605554e-02,8.684167465545724607e-01,9.734163898600474429e-02,6.140493905961280641e-01,4.018634776737045056e-01,1.374561305875148520e-01,4.306876317844957613e-01,9.665506580553226978e-01,2.535072184000300433e-01,8.749952135278209475e-01,4.042414369970122046e-01,7.040573590775507373e-01,7.465991381676517769e-01,4.275051001988168231e-01,9.386964689871493128e-01,7.520019358104137464e-01,2.946720726286793379e-01,4.072855947948703093e-01,7.834970126712524907e-01,7.883567705271894432e-01,8.900749416049874574e-01,5.944950077890843732e-01,8.504200873666643012e-01,4.964287564174555412e-01,4.519726923161760390e-01,3.600722106287312929e-01,9.539268658580838389e-01,7.700572904119664663e-01,4.066523637071979280e-01,2.775546834727998791e-01,7.231475258755254432e-01,7.642127198375653352e-01,8.882457394221274782e-01,1.874569192328228162e-01,6.151486836340944730e-01,9.654429358095563130e-01,6.176301697231246779e-01,4.094907569979649997e-01,7.893886832576424428e-01,9.386921415910844946e-01,6.728324712477092850e-01,2.883528625102100840e-01,-1.157982644596170924e-01,3.924914142111149973e-01,6.432000973688868362e-01,6.935958306376636129e-01,8.153793719430769693e-01,7.109139406292005470e-01
