0.000000000000000000e+00,9.140701106457935765e-01,9.413615227592000423e-01,9.250696722637535840e-01,6.350241596489555329e-01,2.670542398737470458e-01,4.281337848910158339e-01,6.621918456218847115e-01,9.789316825423184376e-01,7.755101754937352432e-01,7.807777416893992850e-01,8.777077725743789305e-01,7.409663864945296163e-01,6.639716302344244037e-01,7.798912686481427325e-01,9.375545151689036460e-01,9.369782601143059608e-01,6.163565864993548749e-01,1.293848369060444647e-01,2.435727046885184932e-01,8.774548737729928050e-01,5.637501346757306520e-01,5.588692876015729505e-01,8.154610125297522272e-01,8.249478167915787197e-02,-1.596141792896834943e-01,9.340855331192758904e-01,8.665555071799708742e-01,6.246449475188218248e-01,6.466348927556901938e-01,1.855209735518758007e-01,5.699882228348547297e-01,9.175944522885469690e-01,9.709943641721577867e-01,8.315306018220873785e-01,3.086066008781437331e-01,5.231543893426068292e-01,9.060228210233357560e-01,5.942458506407173324e-01,8.310473091001172596e-01,7.160401088305435868e-01,4.172605747149346067e-01,7.462687699851008327e-01,5.433525131199660185e-01,4.462581645736415914e-01,8.521948364614452265e-01,9.453725427803268966e-01,9.707980058843505011e-01,8.513352464827723676e-01,9.472504508724628458e-01,8.474849343904969912e-01,6.957124596111486925e-01,7.706059475436353168e-01,9.849449928981905966e-01,7.553537228851565644e-01,7.638668941785690114e-01,4.466701463332091171e-01,8.054195790456525339e-01,7.107582904392442114e-01,5.400915259874357055e-01,3.026529240279480781e-01,7.948282329491570541e-01,5.171067040468109166e-01,6.784578396289471236e-01,9.538630877833585986e-01,9.797099789938902292e-01,6.699423358901410719e-01,8.015838054461583706e-01,7.832306776586178687e-01,7.697517296246035867e-01,9.601290493389577074e-01,8.173594432829383027e-01,3.328267941232239124e-01,6.323936728706894828e-01,7.479436904809505515e-01,7.589899488527923621e-01,8.551635948837617018e-01,6.800710880010506498e-01,5.986310077754921632e-01,6.772110544702485135e-02,2.455348385428040570e-01,5.319538886833601321e-01,2.512695421882296665e-01,1.412155489309602774e-01,9.562918696248711159e-01
9.140701106457935765e-01,0.000000000000000000e+00,8.322801230983181142e-01,3.024720163336566681e-01,8.517859446273018387e-01,8.907439112947718174e-01,7.225141940416408559e-01,2.539489675692433446e-01,9.844169459019351809e-01,8.223538472230316199e-01,9.956198550857706664e-01,9.379377619279682943e-01,8.513375765019305375e-01,8.295953218326943546e-01,4.044592865274342919e-01,7.221380427654920942e-01,9.062520961528113261e-01,7.185295858455018614e-01,2.806768636130684835e-01,8.821570576513293460e-01,5.677798344618681936e-01,7.668299206081751196e-01,6.515508272734156225e-01,2.234827554250018999e-01,5.166114748375981724e-01,5.510586385356446293e-01,5.145678070179473540e-01,9.501900122964975770e-01,2.304500287602928021e-01,5.682920182244843854e-01,7.802017051608007847e-01,3.639081241517517773e-01,7.431759701086413372e-01,3.898337609075092636e-01,8.359772346820750766e-01,2.936406379656296139e-01,5.476417250464488129e-01,7.074590730506453706e-01,9.727862538411260473e-01,8.610280176396060137e-01,6.545717965535319260e-01,6.607981795469777264e-01,9.081306902234768108e-01,9.068419684869106767e-01,8.672586674151040453e-01,8.117419214356592638e-01,5.883760320144890699e-01,8.026251217308270069e-01,5.849880517591020679e-01,5.266821535479828675e-01,7.911663687152750146e-01,6.566745129364975897e-01,8.786336771607676788e-01,5.083423521430959768e-01,8.564050550099299164e-01,7.903969290513549462e-01,6.706013780846113992e-01,8.678288660770466789e-01,8.547848039717318436e-01,3.667209656264487361e-01,4.703817564720847999e-01,4.707091393506985799e-01,7.819366028662619872e-01,9.201926975713239365e-01,8.768653082354267436e-01,9.852346906371517443e-01,4.467591563135451804e-01,9.312439617917072088e-01,5.328769835914561881e-01,6.475271943979401534e-01,8.611009723877807165e-01,9.183459630647542449e-01,-9.112549014753307253e-03,4.110416304213749816e-01,7.474586078635991893e-01,7.755045737899162184e-01,8.799209717077342008e-01,8.244361982282724099e-01,6.127802611752127815e-01,5.385251610126281507e-01,8.124647534774532415e-03,8.104425136861325152e-01,8.295969311409149283e-01,4.338554625646252605e-01,8.173578851822874691e-01
9.413615227592000423e-01,8.322801230983181142e-01,0.000000000000000000e+00,9.093479578414104258e-01,9.367286062547649506e-01,8.613558604994688839e-01,9.482024852870396536e-01,6.104559561627121989e-01,6.381318312377046720e-01,6.479744038114846338e-01,8.949380629030198042e-01,4.889291784344826919e-01,8.204209100387311882e-01,8.992544165134322975e-01,9.786821564385095318e-01,8.224981570665023112e-01,7.275152468176360188e-01,9.441389523005599971e-01,6.740491634873398974e-01,6.235335627636708900e-01,8.542918541032257229e-01,6.446291631025711233e-01,9.882891121798547118e-01,9.797051004151611231e-01,7.015519108999581643e-01,7.123626929637074667e-01,8.244220138981913637e-01,4.902279321831445880e-01,5.576063336898626766e-01,6.201607020734347664e-01,4.045870586014042036e-01,7.118005132339310093e-01,7.718477809193773354e-01,9.939501346197225917e-01,8.268073323031495114e-01,5.726345289292132934e-01,3.927823338866456293e-01,8.077960516063101837e-01,6.451343864787338900e-01,9.907934402418733244e-01,5.159155333281217892e-01,8.166726109830765301e-01,7.490138947305606809e-01,9.096251239129051758e-01,6.097338205053944860e-01,9.462400694282532276e-01,6.156535469241216640e-01,2.887213698382693483e-01,6.923511171953794507e-01,9.006596967523772257e-01,6.238597485188478453e-01,8.050155378974424014e-01,9.418979321253976300e-01,8.511191078393822718e-01,4.566263884144993734e-01,7.816612659453863188e-01,8.142191823841188336e-01,5.994896775802055489e-01,5.085681910763588665e-01,7.947639775411532437e-01,4.623858064833549220e-01,7.055628415207385595e-01,9.721646143269095930e-01,9.643861565711899786e-01,8.393263795779090097e-01,4.488735516185563545e-01,5.371828605323303307e-01,9.219585237631443553e-01,9.363113714015603994e-01,9.076170358891595402e-01,7.124584449198201330e-01,7.013716037972187456e-01,7.697093460770960682e-01,5.322415502412305433e-01,9.336862448131044712e-01,9.697548476767506864e-01,8.649714560295226340e-01,8.937820169003681814e-01,3.613560398919069550e-01,1.886074484835818105e-02,9.271618093881420775e-01,8.191552612856413118e-01,8.772820369828684406e-01,9.282127914645006417e-01,9.942256589079012663e-01
9.250696722637535840e-01,3.024720163336566681e-01,9.093479578414104258e-01,0.000000000000000000e+00,4.791174115507766396e-01,7.182508752881091585e-01,5.858961980349239873e-01,5.123394185711458437e-01,7.021669268229819849e-01,3.176229530950526181e-01,8.912714278058910811e-01,7.064976829536799841e-01,5.548385118127991955e-01,5.268602348254513013e-01,8.336383290984066274e-01,7.658605089652046338e-01,2.061414000839214000e-01,7.331565407879561125e-01,3.375513796406671707e-01,6.207139995015182876e-01,8.206226316862210712e-01,9.505420484250864943e-01,3.915971702564492452e-01,9.083795259332666516e-01,5.392260424997349366e-01,8.219550455047234250e-01,6.942878077356970934e-01,4.035428182802151542e-01,7.315635946706658954e-01,7.229993804689318626e-01,7.038714995253309015e-01,7.202635974015216824e-01,7.101013450467695831e-01,6.897926101174991498e-01,7.695906540430885734e-01,2.914545349405596730e-01,1.778004527658944567e-01,9.740958576097815680e-01,9.184459679695173850e-01,6.396396106382338242e-01,4.137028346825045166e-01,6.517875425862896810e-01,4.912835158776995836e-01,4.069255731277088284e-01,1.070807954499202463e-01,9.285227033157075205e-01,5.277522025046377241e-01,8.980611366690132158e-01,2.975500851206366870e-01,8.924858697335043001e-01,8.661968310452504705e-01,6.441227067664689887e-01,7.903762113724986937e-01,8.974422492740418145e-01,7.629744180624720151e-01,6.961849930848339474e-01,5.017686590624761411e-01,9.832706453274286940e-01,8.211934869112783586e-01,5.675624609905728368e-01,6.342914412343984010e-01,4.190944532303459424e-01,2.107115671563780102e-01,9.682304047187741958e-01,8.936013174456469699e-01,7.173413150121364934e-01,6.988242776184794280e-01,6.782386426918244338e-01,7.899166205083334447e-01,7.978177160118735678e-01,2.427546039673701972e-01,9.700158504629234901e-01,6.355243452675476412e-01,1.720993037449028151e-01,3.867212764884100928e-01,5.306592621429390144e-01,2.927306556587324082e-01,6.243257833079328689e-01,7.536233909495312355e-01,5.384010342802753035e-01,6.301398082430939018e-01,7.033997806395714258e-01,7.063168980182479295e-01,7.876145697630203557e-01,6.785249418179772896e-01
6.350241596489555329e-01,8.517859446273018387e-01,9.367286062547649506e-01,4.791174115507766396e-01,0.000000000000000000e+00,1.300093559890944939e-01,3.572216059533401822e-01,4.665636381164469104e-01,7.280842229863365711e-01,5.681312153335003057e-01,4.354492054426111203e-01,7.786899800516836612e-01,6.769320639282357943e-01,7.552986503107161909e-01,-1.305082436092772080e-01,8.575581362598289070e-01,7.670456602896089660e-01,7.728688460269367289e-01,7.068353575291105306e-01,9.576026687900607293e-01,6.549878310430369277e-01,3.773335625639518409e-01,4.906896259779257585e-01,4.359321920538421491e-01,6.155086084346835795e-01,9.001929228931023763e-01,9.203579477143464249e-01,6.665864111970698502e-01,1.838403997996044814e-01,3.015632178609422009e-01,2.669017534064411223e-01,7.244982764075691417e-01,8.463644427300447415e-01,9.949911078431233902e-01,3.152576061596225054e-01,-3.309998967055237662e-01,5.995087774533605085e-01,6.240735481823765918e-01,7.583220698845301033e-01,7.200821049750796288e-01,9.558549400766185311e-01,6.044094269826002508e-01,8.941968846040103669e-01,8.763896667877405511e-01,6.075473603375980414e-01,6.884830761340536842e-01,7.157841292074644812e-01,5.089154346735327294e-01,4.679550718698921585e-01,9.372817336416485734e-01,6.647376542972026625e-01,4.211562040838920384e-01,5.650534758491415621e-01,9.177117053898441457e-01,7.501919659280212871e-01,7.634671097405663076e-01,8.451983489860124266e-01,9.683585377371877190e-01,6.782617673405809677e-01,7.477950089843786730e-01,7.421883121630599156e-01,7.683050173756996726e-01,-1.785919761571254372e-01,3.419076009090405988e-01,8.145541440906889363e-01,6.223198607275297611e-01,7.189903043167216179e-01,6.601184414632107478e-01,9.809832147055200791e-01,8.969980018851210213e-01,8.669037279258700046e-01,6.245505991588169437e-01,2.096952955539283514e-01,4.587056180323783039e-01,7.779595848188127771e-01,5.739463742481738517e-01,9.020685622208469701e-01,7.722381468179011499e-01,6.972713207508853817e-01,2.998563780773622067e-01,4.780593016229487957e-01,9.781209965813834062e-01,7.148254341512354504e-01,6.968612387782359141e-01,6.179692672172047985e-01
2.670542398737470458e-01,8.907439112947718174e-01,8.613558604994688839e-01,7.182508752881091585e-01,1.300093559890944939e-01,0.000000000000000000e+00,4.021586269592130058e-01,5.224764523127396476e-01,9.193230691788074616e-01,6.707653899683160281e-01,9.560185311522968465e-01,5.655336459863622434e-01,6.510545993345767668e-01,8.994582054601707455e-01,3.974341620614231241e-01,6.165908032743293576e-01,6.734279483214333784e-01,2.179082444186003220e-01,9.019391115213762911e-01,7.329522271804512767e-01,5.121942519006303929e-01,5.761833339923745356e-01,7.382776323125397333e-01,9.383737719729721150e-01,3.925036836708892807e-01,9.867623592705846436e-01,5.198815311168354381e-01,6.149981670861364158e-01,3.091340258170890420e-01,3.784592023680988238e-01,4.634252446066727260e-01,5.252421936508397948e-01,7.077684248041550275e-01,6.005991182466321465e-01,3.086190370868826527e-01,2.132293462608529089e-01,2.948446533288005128e-02,4.203584193955043902e-01,7.447226163077309558e-01,8.730530857576732640e-01,7.566478082266211436e-01,4.854078711807173208e-01,6.558966974771489600e-01,6.143857316342363761e-01,8.593167278340689830e-01,6.441702733708938311e-01,6.741133674094825778e-01,7.899923938312609639e-01,8.329519647068779342e-01,6.416282196934152138e-01,7.312714196771845643e-01,6.482874288593103440e-01,6.418225134740705995e-01,8.106101699606047539e-01,9.066679652292308766e-01,7.784817624851418927e-01,4.332518699332263967e-01,9.006653386171574738e-01,8.958909857700698698e-01,4.361824454200293188e-01,7.958307000745373783e-01,5.036877845099293483e-01,6.807576712093547089e-01,7.288407845820085162e-01,6.342695108800933124e-01,9.323486382987933307e-01,7.486752222170589555e-01,6.048795448476957937e-01,5.326223807354425466e-01,4.727032350002594030e-01,9.383375075490776318e-01,6.343604457318972045e-01,3.276173352509357817e-01,3.719732191081791539e-01,5.412719712863085508e-01,2.465953898951396550e-02,4.278156857736779561e-01,9.298554046545706164e-01,4.028284128420973609e-01,5.852146047179773714e-01,5.977850375204853961e-01,6.176574699379512312e-01,8.114893398726247264e-01,5.767995425351376548e-01,6.492899666955376237e-01
4.281337848910158339e-01,7.225141940416408559e-01,9.482024852870396536e-01,5.858961980349239873e-01,3.572216059533401822e-01,4.021586269592130058e-01,0.000000000000000000e+00,7.799361956358402681e-01,6.947639056222700837e-01,7.373467797686810155e-01,5.781857946447829244e-01,2.661589776080682257e-01,6.033297569398630156e-01,7.685531175396674852e-01,7.070320585340038599e-01,7.370416516727665845e-01,8.681435262454444413e-01,7.991749038919774284e-01,3.575232433816384336e-01,7.386380381249291194e-02,9.313223889628373664e-01,2.474245108991312836e-01,2.166292697086938390e-01,9.739215947360243542e-01,4.052890863985470493e-01,2.241636439750599175e-01,7.860187555633463274e-01,6.637315044595363256e-01,9.042701095394474198e-01,2.596548672029249660e-01,5.079254883723649527e-01,4.071043990669312995e-01,8.478740895303986669e-01,7.105542807031989261e-01,3.231377552546198517e-01,6.897819827806764836e-01,4.380023391256444021e-01,4.307047174626963404e-01,6.206075853449828372e-01,1.681013201190329487e-01,7.095750104393672153e-01,5.223444471408192902e-01,9.151519422873312104e-01,7.632632746182370642e-01,9.125019855048751571e-01,7.059196237991564038e-01,4.807288531083512839e-01,7.478689229744299727e-01,4.263099944690293963e-01,5.389401425305693216e-01,5.388617512412747779e-01,4.896991058326513047e-01,4.415499901826083762e-01,5.982916459530619457e-01,6.934339292112570163e-01,5.678224248148917574e-01,7.596724191878440058e-01,8.705333403892444588e-01,9.249570600422635236e-01,6.461194306433369894e-01,4.891978220153638812e-01,4.610123586311305477e-01,1.488180741104366545e-01,3.214178302979393553e-01,3.180680352256355370e-01,7.788332433714527658e-01,2.588760467914554275e-01,5.092184424840567880e-01,-3.998633819031216508e-02,6.019780352950406810e-01,9.799660571055495151e-01,5.773657743052202918e-01,1.785997308952829710e-01,4.015381369248895993e-01,5.585912326932184202e-01,2.680702222801461532e-01,5.647751582056322883e-01,2.230883317455734649e-01,7.909779969919688014e-01,3.674807543801195120e-01,4.246707829197602924e-01,5.869286843581027480e-01,2.202395705002167525e-01,3.019880336917489805e-01,5.835186522695747779e-01
6.621918456218847115e-01,2.539489675692433446e-01,6.104559561627121989e-01,5.123394185711458437e-01,4.665636381164469104e-01,5.224764523127396476e-01,7.799361956358402681e-01,0.000000000000000000e+00,1.134021680001716104e-01,9.871581184192672609e-01,4.286779391922527216e-01,5.550729558615097314e-01,2.288234865035506105e-01,5.385817988774994625e-01,4.760891621442874810e-01,9.021167047255311822e-01,5.844909152500170624e-01,8.170826239893975718e-01,3.798903603715224064e-01,4.597504112576319413e-01,7.839118406650862347e-01,5.787495308511405590e-01,1.963816192396120319e-01,9.267358782936302442e-01,6.128915891329754784e-01,5.497241016140987924e-01,8.304998897507450684e-01,2.200780826894893627e-01,7.109575885532668504e-01,4.196552924007805330e-01,3.309402006893487347e-02,2.378129773420276094e-01,6.752678807409808748e-01,8.513955441665390644e-01,5.548179805822980315e-01,4.431973024486762225e-01,5.886038825411232800e-01,3.223372489289478282e-01,6.213538888019881634e-01,8.817129751639735113e-01,8.291049060178669050e-01,7.459662716115240677e-01,7.758602010548379946e-01,7.967365603039372468e-01,6.745472899273919909e-01,5.858009891632526278e-01,2.053914712069619397e-01,7.710729723139098102e-01,7.865165328361527486e-01,7.100566191574804176e-01,7.707750967169242351e-01,4.336742447977424697e-01,9.190092993034075786e-01,3.640937536817490106e-01,8.850798203624908600e-02,7.054181325051411822e-01,3.450153339307819866e-01,5.850762012391783617e-01,3.833890740831554789e-01,5.693663222437379545e-01,3.614672316168142108e-01,8.032176893842575272e-01,7.844276151866379498e-01,3.498562754624736648e-01,6.339971743931174242e-01,7.596820409791233963e-01,4.790225832105461934e-01,5.233069020029325058e-01,6.299857820115396523e-01,7.016654113914749802e-01,6.730950373561839228e-01,9.930456809988628120e-01,3.228549769714709194e-01,1.100138852127984235e-01,6.846386757097699949e-02,7.675870234286025218e-01,9.202719002240172808e-01,2.229477606629672037e-01,4.857531208121950161e-01,5.390886942427786099e-02,2.725548551916596729e-01,6.363569046980916966e-01,6.058987790020089470e-01,6.317147756203468356e-01,6.715354776350432875e-01
9.789316825423184376e-01,9.844169459019351809e-01,6.381318312377046720e-01,7.021669268229819849e-01,7.280842229863365711e-01,9.193230691788074616e-01,6.947639056222700837e-01,1.134021680001716104e-01,0.000000000000000000e+00,7.473562326209881590e-01,5.390959664509746840e-01,5.942113868594237625e-01,9.551707583609144736e-01,6.518775419998664722e-01,8.482192092995588517e-01,7.145399736925898138e-01,5.959828416718098154e-01,4.723633005280468700e-01,4.338089698775405845e-01,8.888900654929442480e-01,8.359739048548991969e-01,6.962213744840776153e-01,6.504964680311100533e-01,7.958067017312497882e-03,8.073348854096924487e-01,6.919269617418637441e-01,3.456915263365364366e-01,6.363546147789551632e-01,1.777234676664942725e-01,4.606063123863630704e-01,7.310713449352708171e-01,6.885520894428320826e-01,5.791258168141935059e-01,6.159658946549448899e-01,3.902053585031262095e-01,3.172717107526429325e-01,2.763934000883032094e-01,9.283958017696425369e-01,6.386617033660160203e-01,6.361670566735051491e-01,2.246348057012653998e-01,6.129638299800209689e-01,4.957607663542124010e-01,3.973824697295910147e-01,8.940489744933833860e-01,7.200998764173790478e-01,9.193207397714646678e-01,9.801581287744035587e-01,6.140453550332001242e-01,5.407943160564647744e-01,6.607654789189348898e-01,8.313937905587170940e-01,4.266980690488069716e-01,7.123065139693642855e-01,6.280674776023069672e-01,6.030282202212744469e-01,9.836810916713595310e-01,8.760995475558669421e-01,8.666668725919222105e-01,4.841197617337131831e-01,4.116513496793574589e-01,8.009195665133885811e-01,4.738540194119417737e-01,3.885573183405663378e-01,9.702290153602564082e-01,7.379077125261455095e-01,9.527080261317971699e-01,9.318100841041233595e-01,5.208551985954397168e-01,7.217014154896250755e-01,8.716353988342907533e-01,8.140687912970377971e-01,7.372979318585107800e-01,2.161939726856183241e-01,6.779687953974262715e-01,5.557597734307145876e-01,7.901395861495802420e-01,7.453444369815848125e-01,4.415340962520754031e-01,5.309482411254048406e-01,9.565600873264654691e-01,8.586982761272965448e-01,6.047947419646848566e-01,3.909187529302473596e-01,7.465445210226525630e-01
7.755101754937352432e-01,8.223538472230316199e-01,6.479744038114846338e-01,3.176229530950526181e-01,5.681312153335003057e-01,6.707653899683160281e-01,7.373467797686810155e-01,9.871581184192672609e-01,7.473562326209881590e-01,0.000000000000000000e+00,7.275996083886242527e-01,7.260897573292415252e-01,6.633189980936203822e-01,6.389627383181458731e-01,2.765037318202465677e-01,6.411641025980273634e-01,5.231069324787619435e-01,8.013129632659149459e-01,9.550754049955270109e-01,8.586197992241147992e-01,6.265952578069967638e-01,2.660235752342062221e-01,4.401700293900444594e-01,8.436314111038798469e-01,4.719803858808434560e-01,9.077834003804873264e-01,8.884821206819186745e-01,7.300448471918890014e-01,4.522537362004652173e-01,6.893026693929119597e-01,5.632677105463910205e-01,5.686833476030113133e-01,6.935782622140428400e-01,3.545791199168135122e-01,3.867206789164837621e-01,4.955430472245124229e-01,5.479047283007520974e-03,8.874773478537623106e-01,3.646107728814744764e-01,9.714005526730422613e-01,2.506095369296439460e-02,7.616990469137843167e-01,9.479129596769866328e-01,8.236877333065492079e-01,6.020139601511795835e-01,4.087550793901399415e-01,7.840139855072794095e-01,7.210804835925889167e-01,3.006738752045302610e-01,5.259854816112271569e-01,7.146542487660353382e-01,6.224359251845217322e-01,7.345865068267009024e-01,6.424272985027471572e-01,6.514363386115655796e-01,6.156983180375392717e-01,7.987075449416851658e-01,7.348672306946509858e-01,6.979023515763568275e-01,7.296001082484430134e-01,4.475730693149125305e-01,7.159381664275549229e-01,6.547958343161721650e-01,2.131673402820365992e-01,7.004295684636163699e-01,5.998577591202466364e-01,6.716463047328822267e-01,8.239666596941005450e-01,3.264963576316684546e-01,3.298995297498034662e-01,9.945504069825026328e-01,5.007200341204186556e-01,4.552917966719052245e-01,6.714967631439465734e-01,5.458387679035374696e-01,6.244075553390445732e-01,6.879039428077137197e-01,3.131639955282050081e-01,6.566578703003027317e-02,5.080288120627768356e-01,9.128937515475945563e-01,7.008552097978014706e-01,7.542658034930694866e-01,3.224681028851282827e-01,6.354020496255743389e-01
7.807777416893992850e-01,9.956198550857706664e-01,8.949380629030198042e-01,8.912714278058910811e-01,4.354492054426111203e-01,9.560185311522968465e-01,5.781857946447829244e-01,4.286779391922527216e-01,5.390959664509746840e-01,7.275996083886242527e-01,0.000000000000000000e+00,9.503596227309698552e-01,8.271770901252726294e-01,7.597522635375840716e-01,5.564809249816067283e-01,6.588960053746261147e-01,8.979784364838657718e-01,3.437021154147476554e-01,8.332459310569982902e-01,8.357688634798829952e-01,8.510558480797737468e-01,4.031951530817960427e-01,4.308801314594878362e-01,8.406488946552324037e-01,5.158379837996650563e-01,6.261135054889006568e-01,6.869072875246901022e-01,6.628381512024262845e-01,7.745382547365248227e-01,4.338470679669106378e-01,8.285382188124735814e-01,9.673118389032870912e-01,7.207550690842235985e-01,7.599228704104822318e-01,7.714570474550543899e-01,5.691109748993411488e-01,3.444472413088350837e-01,6.288200094393818773e-01,4.475966063117957083e-01,9.322841020920885624e-01,4.593437347832381445e-01,9.447079033752852073e-01,8.432259817749079289e-01,5.389416258206856103e-01,6.092037866569984805e-01,8.884706966007003270e-01,8.679278723961301178e-01,9.126066367099912036e-01,6.645789452351328341e-01,2.511492448055766546e-01,6.419363445113701605e-01,8.694077872621557290e-01,7.810490963409749687e-01,8.877601392839737926e-01,7.662045300381233881e-01,5.937064067670463352e-01,9.596581825301173652e-01,5.448663831421266535e-01,9.230925773628304576e-01,3.377774109369037214e-01,6.347130274353267598e-01,9.360419577940427560e-01,9.569447009890129641e-01,6.168415599336931621e-01,6.900209007861510813e-01,6.683636294479194939e-01,8.141359541619493934e-01,7.612534341293096807e-01,3.885731626866378852e-01,5.659212816978661520e-01,9.518644958528446054e-01,6.874825010424263638e-01,5.918185602177035154e-01,4.718270509739423968e-01,3.907409136495993973e-01,5.736911172979850537e-01,6.702904737595446472e-01,8.536351797281707121e-01,6.648806697040325897e-01,5.989015295426207697e-01,6.774062769583544252e-01,8.012642742506170812e-01,7.074952714052925584e-01,4.004885513841808797e-01,5.642034525980028636e-01
8.777077725743789305e-01,9.379377619279682943e-01,4.889291784344826919e-01,7.064976829536799841e-01,7.786899800516836612e-01,5.655336459863622434e-01,2.661589776080682257e-01,5.550729558615097314e-01,5.942113868594237625e-01,7.260897573292415252e-01,9.503596227309698552e-01,0.000000000000000000e+00,3.983440999240345226e-01,5.275785833721936546e-01,7.924717992195371430e-01,6.110930369855684940e-01,7.091533804541659824e-01,6.552693045447491871e-01,6.562314935183604092e-01,7.634971524210824034e-01,8.672386198617521025e-01,9.497572604010653397e-01,7.663007977198644793e-01,4.880523038730495422e-01,9.065653718091309932e-01,6.529786732498719104e-01,7.905455339997965458e-01,4.718253156024548312e-01,5.495869546614658985e-01,4.292109362210540513e-01,7.913512222533972684e-01,4.774981398954424860e-01,7.905339062907783543e-01,7.727110611349117253e-01,5.794350556017360265e-01,4.970280171867782482e-01,1.678842166108980849e-01,7.118871977757731395e-01,9.652648410054016637e-01,7.872318917906685476e-01,7.687604475544087546e-01,8.771605353790288273e-01,8.011991504343012327e-01,7.588813353781465043e-01,7.700155019806242951e-01,8.645124352555790814e-01,6.777493970910991594e-01,5.280880022825052977e-01,6.521939257431802472e-01,5.427295578599891090e-01,2.172381435879947031e-01,5.645331325020969127e-01,7.685318353960374216e-01,3.492357268375922974e-01,8.969242005844612065e-01,9.251243693168005322e-01,9.770156039162165573e-01,8.085674582309219094e-01,6.164523820555329880e-01,6.183383686708510130e-01,2.883628716899904187e-01,9.772404752767676062e-01,9.024476193282456871e-01,9.013243692645555027e-01,8.323574831729243506e-01,7.013855015952200622e-01,7.676814373228705302e-01,8.958845277505909088e-01,4.782097198990494236e-01,4.981757623704303750e-01,9.123160761227513404e-01,4.277577447204584660e-01,8.568627404116894164e-01,7.760656580253084691e-01,7.826676396088886323e-01,9.300016873570845499e-01,2.449039683040749871e-01,8.193445198890011438e-01,4.514259423361264290e-01,2.251314488755085108e-02,4.989861723928414872e-01,9.872039092120878934e-01,3.272382409145524473e-01,9.500240627724890197e-02,7.735533600612289895e-01
7.409663864945296163e-01,8.513375765019305375e-01,8.204209100387311882e-01,5.548385118127991955e-01,6.769320639282357943e-01,6.510545993345767668e-01,6.033297569398630156e-01,2.288234865035506105e-01,9.551707583609144736e-01,6.633189980936203822e-01,8.271770901252726294e-01,3.983440999240345226e-01,0.000000000000000000e+00,9.855020670968442920e-01,7.342138390973086404e-01,6.194891711621652863e-01,5.406144519996485265e-01,7.873750714785218152e-01,6.933645572134747859e-01,8.328899909846700922e-01,4.963572241113289318e-01,6.219544137406071149e-01,6.839928263912077311e-01,6.703807500131445662e-01,6.462335846407852857e-01,7.735142978016433801e-01,9.055209961038890309e-01,-5.480719708795780964e-02,6.453847309815655686e-01,3.307839777881467214e-01,4.620206789776582501e-01,6.082784800412323056e-01,5.173416619893906887e-01,7.058658008184032218e-01,9.035429454167688279e-01,1.683571325039718569e-01,5.896508325752217727e-01,5.871112878817696945e-01,8.994880645996123913e-01,7.750576591510198732e-01,5.385960035485493069e-01,7.938188252069187101e-01,8.013967195239013463e-01,6.911880310035820596e-01,6.134767639457742172e-01,8.071029207869483413e-01,9.438460985775822820e-01,8.779351467721436819e-01,7.104413519993192372e-01,7.421459808397727897e-01,5.206585685015436837e-01,4.101417985021664769e-01,7.069762228416055505e-01,5.868387710547813274e-01,6.279294924379382747e-01,4.506588068400197433e-01,9.384038284109313954e-01,9.447880649295490318e-01,9.969248161583545986e-01,3.173269249373160128e-01,7.747603164135634657e-01,9.957025025638593929e-01,6.350640917930858720e-01,8.254537803958474917e-01,8.717132834677689956e-01,7.068626209492091528e-01,7.962008105132161173e-01,6.474702184412153283e-01,4.468935885749382719e-01,5.005215220733996162e-01,9.306570480073611540e-01,8.479341961238613390e-01,7.798017951245395096e-01,7.212383068343919401e-01,6.258419645134958298e-01,9.082608781081102922e-01,7.443448590538815912e-01,4.661115474117888957e-01,3.764235691439878906e-01,2.610210021693028515e-01,5.347223229592187321e-01,5.520625450331371198e-01,8.949151918670880113e-01,6.284070855578285375e-01,4.325267942274791388e-01
6.639716302344244037e-01,8.295953218326943546e-01,8.992544165134322975e-01,5.268602348254513013e-01,7.552986503107161909e-01,8.994582054601707455e-01,7.685531175396674852e-01,5.385817988774994625e-01,6.518775419998664722e-01,6.389627383181458731e-01,7.597522635375840716e-01,5.275785833721936546e-01,9.855020670968442920e-01,0.000000000000000000e+00,4.379236895775986405e-01,9.279363111922495078e-01,4.504304924897494788e-01,8.001099902335019332e-01,6.846611490923424359e-01,6.785743113331631493e-01,8.612413250814774379e-01,6.989651214276864089e-01,7.150153186233506597e-01,9.601475852086575058e-01,5.177838809460494351e-01,3.268320663995689102e-01,6.716929379005250889e-01,4.377590356788139125e-01,6.834241369526944387e-01,4.995475279860427387e-01,3.261792288902356507e-01,6.462132056548756109e-01,9.435455169723105939e-01,8.466205754115015969e-01,4.087288526855625825e-01,6.330692992198412306e-01,3.720442860463750723e-01,9.875626693131491773e-01,9.301699000634350289e-01,7.187980546569019413e-01,7.511652006937509229e-01,4.902496553886973585e-01,8.624498895171278656e-01,6.788560540977340851e-01,6.827680078518053586e-01,8.859828076819169507e-01,1.732097108403491403e-01,4.715327444992168937e-01,4.304197183919514780e-01,7.961280295612745972e-01,8.461470258484449225e-01,7.136306174789303070e-01,9.734649290014408818e-01,5.263856752882095646e-01,7.797095951822521354e-01,8.548323128529304871e-01,2.963264383326882911e-01,8.293673021332407247e-01,9.907956371541554175e-01,4.734986077147570471e-01,4.021910460862239134e-01,7.855652419693666122e-01,7.707816346188942624e-01,7.710434126677017108e-01,6.777194099212977552e-01,5.301954045884831324e-01,7.512473723508813483e-01,8.418654510464651519e-01,6.486107285620046348e-01,9.384186222311747816e-01,6.346938384664919663e-01,8.362057126862765255e-01,2.993645621396573420e-01,2.240394909240322474e-01,7.155707066015165596e-01,7.879254771910864097e-01,4.376482820232289184e-01,6.483099995865061471e-01,1.408636245935823983e-01,3.339312182786511318e-01,9.029819306214169616e-01,7.218470968329191439e-01,5.573758484367075106e-01,6.238371252733095895e-01,9.389841157787270909e-01
7.798912686481427325e-01,4.044592865274342919e-01,9.786821564385095318e-01,8.336383290984066274e-01,-1.305082436092772080e-01,3.974341620614231241e-01,7.070320585340038599e-01,4.760891621442874810e-01,8.482192092995588517e-01,2.765037318202465677e-01,5.564809249816067283e-01,7.924717992195371430e-01,7.342138390973086404e-01,4.379236895775986405e-01,0.000000000000000000e+00,4.032564874337363769e-01,9.304339995776744754e-01,6.196667375457335369e-01,8.704691395470703918e-01,6.649580279186273479e-01,9.761229572628112860e-01,7.639551191878922731e-01,6.059671369002037622e-01,6.388984246994787730e-01,7.422246344324037182e-01,-1.444846550015254638e-01,8.747071215716716308e-01,6.934785077461768088e-01,8.883945581758532217e-01,2.468748976984570243e-01,3.523197475216710006e-01,6.486816412663365394e-01,6.865149211357833847e-01,8.314063480835816033e-01,5.497760262205674264e-01,2.369454873556585406e-01,4.300190890290671586e-01,7.522002818717123951e-01,7.567481611083275439e-01,1.245681729552715611e-01,4.756637023200235292e-01,7.872635373852563401e-01,8.344471302033317217e-01,8.755960700647983375e-01,8.135506373111920375e-01,8.792585424007945960e-01,5.592627608337930045e-01,4.000589241573285770e-01,6.406729461794546943e-01,6.192657139673654054e-01,5.704482081815309691e-01,1.515012322643451981e-01,6.918662090024737532e-01,7.592426130791476435e-01,8.347043745930609049e-01,9.825045745195959412e-01,6.246507034198307551e-01,7.263550411541546126e-01,8.345224452401129867e-01,2.589380442734508514e-01,8.091438716124475794e-02,-3.056888822156175189e-01,6.036739476277221961e-01,8.126122944362059730e-01,6.868539634640024039e-01,5.730361116018394263e-01,6.467745143555543308e-01,9.596520167741799945e-01,4.350604337177615966e-01,7.757915773834663797e-01,7.097896437536431735e-01,6.355525952022067493e-01,2.492863261379964779e-01,5.093543993938037806e-01,2.787638255163129783e-02,4.058632170821356855e-01,8.648733457162953719e-01,6.190313953348054454e-01,4.921230298722293339e-01,5.076516926769640836e-01,7.929165355300575868e-01,7.820711000063104157e-01,7.449174085008883894e-01,3.116404330290774016e-01,7.878634168133981097e-01
9.375545151689036460e-01,7.221380427654920942e-01,8.224981570665023112e-01,7.658605089652046338e-01,8.575581362598289070e-01,6.165908032743293576e-01,7.370416516727665845e-01,9.021167047255311822e-01,7.145399736925898138e-01,6.411641025980273634e-01,6.588960053746261147e-01,6.110930369855684940e-01,6.194891711621652863e-01,9.279363111922495078e-01,4.032564874337363769e-01,0.000000000000000000e+00,7.873762887859383497e-01,9.271503472949218505e-01,3.325500201886371077e-01,9.217998385060771627e-01,8.108819515218780305e-01,4.913454724231958171e-01,7.746422063049284157e-01,8.855939659207912040e-01,7.961427226263247947e-01,6.375949225244866847e-01,9.961918787911715478e-01,7.896277412075805024e-01,-1.761686660387658254e-01,4.393707428902845491e-01,3.776550671988359448e-02,6.862652227415370065e-01,4.035413607034166739e-01,5.468651377907023381e-01,6.958579741212086445e-01,5.398999657264728080e-01,1.796510282949798920e-01,3.976241779514616548e-01,1.420963221099064977e-01,8.114442318699001122e-01,4.378619579894622582e-01,2.287918395101489755e-01,5.807136604455350737e-01,6.788822579593500883e-01,6.960139604100825661e-01,9.401771798605476071e-01,5.409169674071320211e-01,8.338217063582978872e-01,4.983499354121184721e-01,5.725992385183940048e-01,9.783629024189872680e-01,5.573251099659851659e-01,7.342290562583986269e-01,5.272107368721357101e-01,9.772650487809859676e-01,6.467883089479363745e-01,7.250515626730209551e-01,8.968917171862705873e-01,7.377213939414896116e-01,8.491985404305739671e-01,7.138615488516462104e-01,5.252798725551507397e-01,8.694894960549262031e-01,6.106336923866821920e-01,8.181244174312339856e-01,-1.351243395732685815e-01,4.499153271111119845e-01,4.028049102139538706e-01,4.397157760462972464e-01,7.854809797083288636e-01,8.742000766759954189e-01,9.232171869674121734e-01,1.122720284351461928e-01,8.777338294805221430e-01,4.667373316268060846e-01,6.594001274065591778e-01,6.753674625555823319e-01,1.171138095443328142e-01,8.217955355163056308e-02,7.803885145364096720e-01,2.201759351275451582e-01,9.923465754050888599e-01,7.565697007572211863e-01,7.257639539829572328e-01,7.406972763585313313e-01
9.369782601143059608e-01,9.062520961528113261e-01,7.275152468176360188e-01,2.061414000839214000e-01,7.670456602896089660e-01,6.734279483214333784e-01,8.681435262454444413e-01,5.844909152500170624e-01,5.959828416718098154e-01,5.231069324787619435e-01,8.979784364838657718e-01,7.091533804541659824e-01,5.406144519996485265e-01,4.504304924897494788e-01,9.304339995776744754e-01,7.873762887859383497e-01,0.000000000000000000e+00,1.321033690918058806e-02,7.011350514726873984e-01,8.014445586760717832e-01,6.384194158138465358e-01,6.589088442021727721e-01,6.251545042038293420e-01,8.727516908062632472e-01,5.018881622735753556e-01,5.111909661950662098e-01,7.265530204821124549e-01,4.629572563351957992e-02,6.399096529669956457e-01,7.052000545148885413e-01,6.085031658583534009e-01,9.133346412342355780e-01,4.141461383324081535e-01,6.985201312799576012e-01,8.443981706740720794e-01,7.546254439464334940e-01,2.092915730853891210e-01,7.642447168427947135e-01,6.363383208863293561e-01,3.036699653691508072e-01,2.885524947754567471e-01,8.082355205941845755e-01,7.677280853701673458e-01,4.121239781613274533e-01,2.060407317604153465e-01,8.205408081785866559e-01,8.539100917030945093e-01,6.584877964709606735e-01,6.968808433237861921e-01,9.168073739263220556e-01,6.443197149800607981e-01,9.815273603724581353e-01,5.183305314794788288e-01,7.863475014427349086e-01,8.445553818491398079e-01,9.828332971734902168e-01,9.978873871699673881e-01,9.781635683879473797e-01,8.663211419988766648e-01,7.734164403884439265e-01,2.660830149174738257e-01,8.449393873747232941e-01,7.012801794447321990e-01,6.872584935884566981e-01,7.707165129465273212e-01,9.240401942780074318e-01,8.192457913383928148e-01,9.833886067089308014e-01,4.664890489885167302e-01,7.964947471812047208e-01,8.312350757837438930e-01,6.799078997492947751e-01,2.823239872592203104e-01,5.097382041546574261e-01,8.917615156188924974e-01,6.441582683803670495e-01,9.607561162226447848e-01,2.043733241214135410e-01,4.362880850862425192e-02,-5.223769836009162226e-02,7.933107411926192398e-01,6.529518679085257737e-01,8.852726145355277465e-01,7.428283966453975706e-01,4.942487956131816906e-01
6.163565864993548749e-01,7.185295858455018614e-01,9.441389523005599971e-01,7.331565407879561125e-01,7.728688460269367289e-01,2.179082444186003220e-01,7.991749038919774284e-01,8.170826239893975718e-01,4.723633005280468700e-01,8.013129632659149459e-01,3.437021154147476554e-01,6.552693045447491871e-01,7.873750714785218152e-01,8.001099902335019332e-01,6.196667375457335369e-01,9.271503472949218505e-01,1.321033690918058806e-02,0.000000000000000000e+00,4.445415015165526951e-01,8.644211990004229129e-01,4.711148351836845771e-01,6.016848263332014168e-01,5.533536579156693724e-01,5.831095978958089621e-01,6.361893608074615791e-01,9.058615914021957982e-01,7.062216070522977507e-01,5.272724375495124738e-01,6.531215980251398046e-01,2.478716708315862882e-01,5.302509604407521504e-01,7.638377231968098702e-01,2.324496105415428115e-01,4.246514677617412720e-02,7.206930188176960961e-01,9.975460169529325183e-02,3.763248792636021967e-01,9.579577144435130753e-01,9.703565067131704192e-01,7.506536615107274324e-01,4.453843741235815057e-01,4.718355423670660409e-01,6.847196743651948747e-01,9.461978260850588685e-01,8.480405724533794931e-01,9.587217824927711796e-01,7.167070543836999708e-01,8.418054470278081292e-01,6.862763226625612223e-01,6.849752224623962826e-01,4.098308151505142272e-01,6.506029818908080076e-01,3.510651310681577320e-01,3.478031285563022434e-01,8.305815553533800744e-01,7.569002857624662628e-01,3.058151990581701729e-01,8.776062826949173612e-01,8.799598551373065680e-01,7.432990033485586956e-01,2.171367928607866038e-01,5.467214939469768886e-01,9.039627009749178210e-01,7.075118924948291532e-01,8.026667856717085714e-01,7.801555301280839183e-01,7.154054717002851227e-01,6.756948492421490648e-01,7.588358246361047721e-01,6.737731783044818012e-01,7.872685130447045765e-01,4.037545992784689619e-01,4.106670857173968514e-01,5.480861054007956090e-01,9.780402000427537157e-01,4.446995002413349218e-01,4.726314379040659208e-01,4.685816757443611591e-01,6.324892632041310137e-01,3.102624121480015984e-01,8.657082284742714240e-01,9.404440525122570449e-01,6.188168949964057974e-01,5.795161893995015578e-01,8.304066370629366034e-01
