0.000000000000000000e+00,5.170762550148889636e-01,4.490404391030376474e-01,8.082577719940681193e-01,8.741248912624741685e-01,8.690516938380414835e-01,4.729898518083176517e-01,7.535099401538650765e-01,8.141267099881134284e-01,4.421919688328934672e-01,8.091661063840915880e-01,7.738972142960318656e-01,9.092388387772672997e-01,9.106962159320061145e-01,6.557818767057528309e-01,9.102869087080046606e-01,6.778183453449231344e-01,8.789892100835292599e-01,7.374830323869314697e-01,4.699409164475689682e-01,7.024620341230110032e-01,9.723147631070525598e-01,9.037548843161344880e-01,6.286577932768921961e-01,6.765825433363366059e-01,8.743588767360346292e-01,9.674324695622897874e-01,8.790828429201206218e-01,5.504802851836673172e-01,5.179082812209457876e-01,5.789048459497374566e-01,2.326213718429350208e-01,7.268223725735509788e-01,7.681841691450708165e-01,9.036489194969780092e-01,5.782261595804761845e-01,3.928332688962916652e-01,8.328391095235183617e-01,8.192653061420895888e-01,6.495281388600714356e-01,4.093944013169598661e-01,9.771536719164098939e-01,8.201910244830378227e-01,7.951612218255919018e-01,2.393085573862141768e-01,2.187688752474344633e-01,8.248460741868615109e-01,9.007569852861800896e-01,9.726997482379533544e-01,4.017613709376469666e-01,7.742170514217241450e-01,7.966121744055750797e-01,8.543181262879893101e-01,9.327820472189716217e-01,8.136224751751623963e-01,7.460974465652344678e-01,8.311935030463813989e-01,9.135062921528253055e-01,9.056783070647554945e-01,7.404877222108234847e-01,5.326432606451388940e-01,8.245630051093598700e-01,7.028540562004154113e-01,7.771164089176262335e-01,4.690936025259436204e-01,9.676281821757178880e-01,9.826668465979252476e-01,7.274222634166755963e-01,7.652149986875884657e-01,3.781708541037165361e-02,5.231038633540967542e-01,6.906885295407276804e-01,4.004717868379574219e-01,6.781892933145324820e-01,9.127960865550500680e-01,9.780280429447387736e-01,9.607487017092549708e-01,9.240747730746616817e-01,7.239544692503909751e-01,4.847956269962483411e-01,9.153569159610767114e-01,6.510956571247891178e-01,3.213591891626044750e-01,9.112421082098487446e-01,5.914444111938976789e-01
5.170762550148889636e-01,0.000000000000000000e+00,6.864391959579173585e-01,7.119344185545832815e-01,7.689347708610745347e-01,8.952219283404458938e-01,7.095141135958682455e-01,8.657624905145955285e-01,2.577399532007549898e-01,8.069385956220144207e-01,8.931765195535593671e-01,8.368844498399564680e-01,4.538075026535581258e-01,-1.535782593845558819e-01,6.201288511497146105e-01,3.880504529915243528e-01,6.845956646709550064e-01,6.076067966189966363e-01,6.997932162224274055e-01,8.382035045181549515e-01,8.231900566499207317e-01,6.114173972590081219e-01,7.314816902593472836e-01,8.630655962104949452e-01,6.122459907139751190e-01,9.128338258234226510e-01,4.424764962726789319e-01,9.787670079235369913e-01,3.644781777231345110e-01,7.064458986461574774e-01,5.991045325203405714e-01,8.562330152290480445e-01,3.417768506841084575e-01,5.830637537950122962e-01,5.619707275549082892e-01,3.259947109525560549e-01,4.904684721397164493e-01,1.753686626941635684e-01,9.078685429867505707e-01,6.277814408132382784e-01,4.912585253267439667e-01,8.396016828502379514e-01,3.779981712528804327e-01,6.395248040349990060e-01,6.894537583917319523e-01,9.679905945769817777e-01,6.335109648103878222e-01,6.333861239858208370e-01,5.328967470839645060e-01,7.409448616221916417e-01,8.253695065567647760e-01,7.177755743179616843e-01,6.655455953334205033e-01,7.925365253702727486e-01,5.817814103458067709e-01,8.961672812890414397e-01,7.894615368069671790e-01,7.999545207542257952e-01,8.949836371988211248e-01,6.720836036986685968e-01,2.479870436036935577e-01,7.944365856117516778e-01,7.705667838009441217e-01,9.211361578156886942e-01,5.276465727723832488e-01,6.180556860823398502e-01,6.354049852148286881e-01,3.563629691415172163e-01,4.227405995820776030e-01,9.157675131473832497e-01,7.392391473757272680e-01,3.396260693959092247e-01,2.996729151172696781e-01,6.609887129755885882e-01,3.990859041203028146e-01,2.124310667073257552e-01,9.000955991562845648e-01,1.739332985225181816e-01,6.055316078490501353e-01,3.567267156288428387e-01,3.144840716905157318e-01,8.854059173395234517e-01,2.473800966596205742e-01,6.159686804100963364e-01,2.350042251187722253e-01
4.490404391030376474e-01,6.864391959579173585e-01,0.000000000000000000e+00,7.794884717250646355e-01,7.164967542951251600e-01,5.329121987634828361e-01,8.318782764548192654e-01,7.195291559664614978e-01,9.511150462820945339e-01,9.440228155925063369e-01,7.175916507337406491e-01,9.720798265522154757e-01,8.601481914356268188e-01,2.288167407094205408e-01,7.023996693304984662e-01,9.828982412717039985e-01,6.853456974764815524e-01,9.997329412737123722e-01,2.260102605854246716e-01,8.282377985166029521e-01,8.874158436494546942e-01,5.566785568345002932e-01,5.769738718742997152e-01,9.108071142258341579e-01,9.688471561984007829e-01,5.425108858975193904e-01,9.047320047790466946e-01,8.513969232932839803e-01,7.816307379349188844e-01,3.691902707487076385e-01,7.831669702672618971e-01,7.452414903120569978e-01,6.292502040117812223e-01,9.617454215043252930e-01,7.140812540332944769e-01,7.210652028993662643e-01,2.699788439980734811e-01,9.248278929512916413e-01,9.590771919788674271e-01,8.993039069292024790e-01,7.652032250012853476e-01,8.165579365760121666e-01,7.730407496940190359e-01,9.611445078848123158e-01,9.319997943536255658e-01,4.627732484131786839e-01,9.874261484618765961e-01,9.658402287713142575e-01,7.654182667974263055e-01,6.711919364868450533e-01,8.051091399622317679e-01,6.352779864787438946e-01,8.444389953251371095e-01,9.750550935895179183e-01,6.914955782888594360e-01,4.289207104747721350e-02,8.043652510167166314e-01,9.080106202828210904e-01,7.191301054611671795e-01,5.532205137853026811e-01,3.394497185670238837e-01,9.114813438432620707e-01,7.755508550628080755e-01,7.717870231238873613e-01,9.765307104388658566e-01,5.490999355641122959e-01,8.066639982329291136e-01,7.879847563945809874e-01,9.910869254512058024e-01,9.230738077144429177e-01,8.419824977528542753e-01,8.573101837757075572e-01,7.588129942205155132e-01,2.936587151506934168e-01,6.931528575238661283e-01,7.714841849842996035e-01,6.571097154973950527e-01,8.869994281276938342e-01,3.775099242535476796e-01,6.965203061854269295e-01,6.872833527138569876e-01,9.204777807440716053e-01,9.730108692406452819e-01,5.271518889165718313e-01,6.806179010472115376e-01
8.082577719940681193e-01,7.119344185545832815e-01,7.794884717250646355e-01,0.000000000000000000e+00,2.441864406651495512e-01,9.783651972712147371e-01,3.445052847040070421e-01,5.459953498289140672e-01,4.481165692927996935e-01,9.112322610721538263e-01,7.666857423903558066e-01,8.337030020971123445e-01,3.842195596131292579e-01,7.086569249770345857e-01,7.467031652441975531e-01,7.746155203200599804e-01,5.470376607932401214e-01,7.306902289321252075e-01,7.343870014500857302e-01,9.386161925878820922e-01,8.939253306320277259e-01,9.731947532939457801e-01,8.184693025834025581e-01,8.215652749054683790e-01,4.194949065308930525e-01,8.017804711405908114e-01,6.917442868530163658e-01,6.063836412641879781e-01,4.243772253289145868e-01,6.986389973507370899e-01,4.116101561607776738e-01,2.460148446870621675e-01,9.216207566091012549e-01,8.592693187246359665e-01,3.874580293038887291e-01,1.244584420066262853e-01,4.356801759556133691e-01,6.086745521350181987e-01,8.822659589006919267e-01,7.822922723152072599e-01,5.413123214282707929e-01,7.621862907556811173e-01,9.346997378589193550e-01,8.609463514733207701e-01,8.660135107581814484e-01,7.115256759535825148e-01,7.684191623223118883e-01,7.381290936616378140e-01,5.697382727285564830e-01,8.989653886043541542e-01,7.133397043327415199e-01,6.995999348504201576e-01,7.757015564940976660e-01,9.392883309640571721e-01,9.578329489623101933e-01,4.821411975413654183e-01,4.371286230141392948e-01,3.872022928601759340e-01,6.811040524054357004e-01,4.916518515560678870e-01,3.837992799600030702e-01,8.771145238163143842e-01,9.892033477913203532e-01,5.673245639705530863e-01,9.577845266115818657e-01,4.150343475040211283e-01,8.681739574662805659e-01,9.799433302785374167e-01,4.879454689686651969e-01,6.934935246545247400e-01,9.140434267583198436e-01,5.188354286883408717e-01,5.772028087912505212e-01,3.664796873148375989e-01,8.400581446101619276e-01,6.339396157247529917e-01,8.378807532261924873e-01,8.736603250234847851e-02,3.831307831575369027e-01,5.407199876566490815e-01,7.651974819220360713e-01,7.830698916648831664e-01,9.499025288077939111e-01,5.981359969312259883e-01,4.195694437342962768e-01
8.741248912624741685e-01,7.689347708610745347e-01,7.164967542951251600e-01,2.441864406651495512e-01,0.000000000000000000e+00,6.795167306990351763e-01,4.030253620284680038e-01,6.289771427382274682e-01,6.478643876644715194e-01,6.259843049507388679e-01,6.058219308268243397e-01,9.265295902567791675e-01,4.111883498204739196e-01,8.346204154732350666e-01,4.543569563622790741e-01,8.576255658114555480e-01,6.288614663570729624e-01,9.185785575058343921e-01,6.142610760048393681e-01,6.933654183238575630e-01,6.602784681594596750e-01,8.721964595535679488e-01,7.124599726742504302e-01,3.693170345906819363e-01,2.895009568706466418e-01,6.507480780924279617e-01,7.156375993866948004e-01,8.479082246598099726e-01,5.337767500832419909e-01,6.737424522330247578e-01,4.913412582348355429e-01,6.483728118218861081e-01,8.582968233051161411e-01,3.342026514177546259e-01,6.652325263164912128e-01,5.497743200294884502e-01,4.682168573017292945e-01,1.204380489112421987e-01,6.679735359244529658e-01,5.264461237699699092e-01,3.873587392030116705e-01,4.267130423728408006e-01,8.677883561959363057e-01,8.401984581182542211e-01,7.314877617254509357e-01,3.383095542715472970e-01,8.899756262490293723e-01,8.222021403315810106e-01,5.382418635516545979e-01,7.527913535257123590e-01,3.889452965354334157e-01,6.327938431440098821e-01,8.650267804579668818e-01,7.472945823570174007e-01,6.540989608118303877e-01,7.466363641623369185e-01,7.370291135946165362e-01,8.588514052736506699e-01,6.088945873018178911e-01,9.905710399547391631e-01,9.292404334115635933e-01,7.857811689395362009e-01,6.178316199687625687e-01,5.353509311814965699e-01,7.249150230906844516e-01,6.158877773861937133e-01,5.182816614485875606e-01,7.980824758339896130e-01,2.153151637290941223e-01,8.012477298523686953e-01,6.758370895738204931e-01,6.216773417815314451e-01,4.535186651900580124e-01,7.782321049778511135e-01,5.146343155206762887e-01,3.923682319166726384e-01,6.024178041377828974e-01,5.812433989806472523e-01,4.956856777247732881e-01,-3.600316610986793453e-01,6.999821978046648630e-01,4.093003930706222704e-01,7.656457643044696226e-01,-9.870804630235087418e-02,7.225889570655691374e-01
8.690516938380414835e-01,8.952219283404458938e-01,5.329121987634828361e-01,9.783651972712147371e-01,6.795167306990351763e-01,0.000000000000000000e+00,5.554070960970047821e-01,1.977268654912389852e-03,7.801439124077504950e-01,5.667847841651172391e-01,3.067693741057071488e-01,5.348737780197414526e-01,6.254733389729622006e-01,5.512865102085218183e-01,8.703418469591434059e-01,9.496326846244934616e-01,8.013381779253943016e-01,6.547663779182503196e-01,9.235220055220586532e-01,8.663786599380531861e-01,6.139875720658707348e-01,6.197338880920519877e-01,9.385823677139480958e-01,6.087176776949294599e-01,4.092910421125104392e-01,5.618667186118899703e-01,8.734017126333206704e-01,8.650430068897563274e-01,5.135108895061125250e-03,7.191618960845060915e-01,1.392832508185362118e-02,6.710892268917060255e-01,5.821663893832641490e-01,9.493324897900361492e-01,7.017300600237791341e-01,2.081862921687094026e-01,2.028871937009418258e-01,6.538441795567544457e-01,3.523200929447675156e-01,9.967727357586079195e-01,1.930406790604496381e-01,9.518914608231825447e-01,9.899021464830555228e-01,3.469026076944040637e-01,6.930459195085703072e-01,1.872808744845251561e-01,4.039425346080537937e-01,9.226615063533283312e-01,9.073130276566963026e-01,5.392797949624509313e-01,4.655425697625193981e-01,9.556761554253079272e-01,6.418267558724494171e-01,6.209091630664687056e-01,5.406992793596047120e-01,8.478354631575377720e-01,5.275515038371778598e-01,9.806952015977304926e-01,9.644172458985948992e-01,3.658254488146828742e-01,4.360548564269298710e-01,6.204067031846884905e-01,8.986789292134623741e-01,8.928365892685370397e-01,8.790982620427725269e-01,-1.105834412484189150e-01,6.626884063021991622e-01,8.770334906775014705e-01,7.709486023191990389e-01,9.072005028134983995e-01,9.690267630210785965e-01,8.036001454246955999e-01,6.508719908987148361e-01,4.357730334929317828e-01,9.485995496721765230e-01,6.402632382757783569e-01,5.088639054540289308e-01,7.605936642654851365e-01,1.514496206340932849e-01,3.268288229455564853e-01,7.826627146586612183e-01,8.823925949184058259e-01,9.466269226585953822e-01,6.183885862033986491e-01,8.248292078611519917e-01
4.729898518083176517e-01,7.095141135958682455e-01,8.318782764548192654e-01,3.445052847040070421e-01,4.030253620284680038e-01,5.554070960970047821e-01,0.000000000000000000e+00,6.330860881220583547e-01,2.798526036896880620e-01,9.219168502846797342e-01,2.621162324055060222e-01,8.650994231032012038e-01,7.349611905350545982e-01,7.407241946966905966e-01,7.115531625322657830e-03,2.400224735872224513e-01,1.792916783449559071e-01,3.604569255279403417e-01,7.692135294583556382e-01,9.423732601793910479e-01,5.580174997122352432e-01,6.017712985590265573e-01,5.335403908907530024e-01,6.519764313002155420e-01,7.001422775209086291e-01,6.579542324529954467e-01,1.784643750986552105e-02,2.395196258661676791e-01,5.290490308325683788e-01,-4.031946683732071102e-02,2.392478427162960664e-01,2.374573605251397435e-01,2.348430033730668498e-01,4.988552747393657505e-01,9.958774210604443011e-01,3.086971604574803019e-01,5.436086294373053684e-01,7.422081024071720545e-01,8.937005684451972964e-01,4.686804322802325951e-01,2.694037606136971408e-01,4.574610814664971103e-01,8.945716649434913847e-01,7.535013922482165505e-01,7.946373634898228344e-01,9.247531281000107573e-01,3.490271296982529886e-02,5.039778265823421366e-01,5.293572870670579800e-01,-1.599450772182171576e-01,6.152340547481764954e-01,3.550773543176686253e-01,6.667691795819257194e-01,8.168034470315758133e-01,8.901806518369113075e-01,6.449144133061235351e-01,7.549808349558868592e-01,5.293299334205578965e-01,8.991254750716981547e-01,4.155336853855359225e-01,4.792711524341197737e-01,2.042189925643822512e-02,7.988509283628749680e-01,5.311024680858831282e-01,7.980535258603371762e-01,4.445013609902044305e-01,7.502948817036989571e-01,9.429891512498100870e-01,2.229528277076486265e-01,9.765093761951675333e-01,8.902842320919447383e-01,4.883976347964048559e-01,4.803480927783458920e-01,9.524828216152068094e-01,7.498134852850253385e-01,1.528887225446923515e-01,5.998722695550942063e-01,1.445311022643282761e-01,9.282179917531159230e-01,3.132401416296815011e-02,7.041757374908942380e-01,9.452049138933562578e-01,7.325253495393727610e-01,8.110906721297291844e-01,4.791542119007429212e-01
7.535099401538650765e-01,8.657624905145955285e-01,7.195291559664614978e-01,5.459953498289140672e-01,6.289771427382274682e-01,1.977268654912389852e-03,6.330860881220583547e-01,0.000000000000000000e+00,8.580205165360927921e-01,8.084036501089372218e-01,5.559932118323022143e-01,3.430789579469968320e-01,7.174243381414695253e-02,6.524859007841428138e-01,4.311775070838424484e-01,4.521828695909850815e-01,8.996714424945936317e-01,5.654607054642326602e-01,4.835151652815783407e-01,9.209988572013870778e-01,6.909062020089048461e-01,7.456441192039796606e-01,6.850506930433942765e-01,7.688308646659599566e-01,7.512432933106000243e-01,6.115728198947779637e-01,6.567206810311739806e-01,3.234656967521279403e-01,5.226463640510322639e-01,4.054780311231632184e-01,2.797017115367766982e-01,9.966594916128495019e-01,4.377306849902569130e-01,4.393951433743515933e-01,6.254225015137508947e-01,1.830255206395328405e-01,3.018963819813537675e-01,6.235247566701493938e-01,8.693551963028964824e-01,7.429080063819759605e-01,8.039595358122827440e-01,9.916055568440815815e-01,7.953287332571530310e-01,3.204359117508793764e-01,8.812908288692288261e-01,2.167408949543518926e-01,4.420564821846365566e-01,9.438346901376516440e-01,7.617954176360939300e-01,3.721504792393129923e-01,2.346747307056691045e-01,4.853608069291822646e-01,6.612833337789256749e-01,5.317879281050081897e-01,6.280722509597307379e-01,5.582007255526306722e-01,6.754513031207339813e-01,3.536210054222708177e-01,3.492196869002285320e-01,1.035840061463855211e-02,6.116062358077086758e-01,6.043996054007322316e-01,3.912826452631102403e-01,6.490859308666621086e-01,8.291049814108301108e-01,3.265525196734158087e-01,9.045046736468632664e-01,6.252249066364159447e-01,7.639493540650306169e-01,7.181899523753538794e-01,1.263402585133810430e-01,8.384275191163923502e-01,5.313087535356505464e-01,4.639752147115149272e-01,9.525893688410377314e-01,3.819143480994465767e-01,7.017085896395364175e-01,8.300792911281084097e-01,3.506214078461858952e-01,4.032919848047815670e-01,6.278228406457104782e-01,8.761629360927571941e-01,2.740916720098852122e-01,7.687142871906882391e-01,4.586893548404005760e-01
8.141267099881134284e-01,2.577399532007549898e-01,9.511150462820945339e-01,4.481165692927996935e-01,6.478643876644715194e-01,7.801439124077504950e-01,2.798526036896880620e-01,8.580205165360927921e-01,0.000000000000000000e+00,7.234590319607410169e-01,6.263306227984269947e-01,6.165746318310935115e-01,9.782004538575541641e-01,6.659194744315215519e-01,5.308995922446002602e-01,5.276431671757356723e-01,9.608117491595901116e-01,3.421869091659459072e-01,5.153090444167900408e-01,5.721068249412715190e-01,8.666615050129728992e-01,9.365612545790802379e-01,6.115756425224889714e-01,6.514125205772012261e-01,6.552939243576079154e-01,7.737766549018162410e-01,9.509594855715615136e-01,9.268906868309809699e-01,7.666063068883488540e-01,-4.624289362882014198e-02,4.051072797175375717e-01,3.512013307118615479e-01,8.894572059708811818e-01,4.806845517776843768e-01,7.971346950885596083e-01,3.972971772100107879e-01,2.973887625006302882e-01,2.398391872437961037e-01,9.128391851157303671e-01,7.414202004206833507e-01,4.641310720020593861e-01,9.643878641919624295e-01,7.464475237235744798e-01,3.663274399209277554e-01,6.187437252956164979e-01,9.793487996347436386e-01,5.122441154942204422e-01,4.185187979094198707e-01,2.129753385667250698e-01,6.448352269226719224e-01,7.456838853764922170e-01,1.454857366665631424e-01,6.535979206268465180e-01,9.000596381737584473e-01,8.512719079766601915e-01,6.976866311062104309e-01,3.296803363950516763e-01,6.646717443968754857e-01,9.745815628729913582e-01,5.141730009959983860e-01,3.688936563706877170e-01,3.327760247097933943e-01,8.011639347494383667e-01,9.783920985785119484e-01,6.385626221790569046e-01,5.302872057989819199e-01,7.390467414653943967e-01,7.579024666083432615e-01,4.647825860361785022e-01,5.204145227305523314e-01,6.513926049016066644e-01,4.010717410670866512e-01,4.620921305095089249e-01,2.162978121544462395e-01,6.587960649415571801e-01,7.981204410973902208e-01,6.568390971497968245e-01,7.385677959459474584e-01,5.071012272469045401e-01,2.443550418972641469e-01,-1.391939243263905779e-01,6.601914213197237480e-01,7.925673343492704026e-01,3.739579157758730066e-01,8.532138513923491763e-01
4.421919688328934672e-01,8.069385956220144207e-01,9.440228155925063369e-01,9.112322610721538263e-01,6.259843049507388679e-01,5.667847841651172391e-01,9.219168502846797342e-01,8.084036501089372218e-01,7.234590319607410169e-01,0.000000000000000000e+00,9.014269485869277343e-01,4.843312528299013597e-01,4.285572671153015101e-01,6.899762865944631951e-01,6.751598753041709866e-01,3.695309351069361870e-01,7.285884489740703795e-01,6.294017140342121897e-01,6.343347031327272179e-01,8.385438824352288156e-01,9.385517636260970464e-01,7.532225470153897096e-01,3.109576676505967363e-01,3.672994339096876670e-01,6.862237095927767871e-01,6.440735548319025394e-01,9.482743657374856916e-01,9.892182744291886376e-01,4.722590206547395142e-01,5.420541966626576391e-01,-5.035495774447021344e-02,7.284062034397700280e-01,6.094872242534014051e-01,6.698194806774078192e-01,5.384629192394305708e-01,7.068693972504661027e-02,2.624269226748199291e-01,7.266580729034795016e-01,5.760340547551749957e-01,8.275646650791180781e-01,4.505321336604540261e-01,6.194115706943512656e-01,7.275882355896753362e-01,7.836332237646869148e-01,9.192634064211734346e-01,7.934425893442891287e-01,6.067099960128429226e-01,4.052066066849919768e-01,6.984000240957231043e-01,5.242870531403145407e-01,8.248597863733374558e-01,4.473300140080546661e-01,4.590310574241040498e-01,9.398380889856223774e-01,6.206758833870800185e-01,6.601551796595290789e-01,7.889602811622500322e-01,9.549978164752384591e-02,8.126515573469659248e-01,7.400989259739625403e-01,5.188276257490906929e-01,7.986937656865846780e-01,6.011217302625397885e-01,9.637660447540266073e-01,5.448267816161324051e-01,4.929510633799728536e-01,9.078861761408412168e-01,8.679421157273492504e-01,7.819629284677808156e-01,6.901299752719225467e-01,6.518919070017058504e-01,5.251384968644059459e-01,-5.943459613673768294e-02,3.217497673658170076e-01,6.710126445870157053e-01,7.802367770450595597e-01,4.381153955821350809e-01,1.084924727373087622e-01,-1.737159350246543221e-01,2.642005016265031592e-01,3.179228233451206753e-01,9.378375348166471115e-01,7.438768939941242664e-01,6.419245526729024931e-01,7.324593207166214537e-01
8.091661063840915880e-01,8.931765195535593671e-01,7.175916507337406491e-01,7.666857423903558066e-01,6.058219308268243397e-01,3.067693741057071488e-01,2.621162324055060222e-01,5.559932118323022143e-01,6.263306227984269947e-01,9.014269485869277343e-01,0.000000000000000000e+00,6.013128280471767839e-01,4.548491909516225173e-01,7.923701548679533690e-01,5.156600562127338083e-01,7.629293058976487352e-01,5.576778714732613107e-01,6.450669368407517812e-01,6.182334461880809595e-01,7.740900699739554636e-01,7.680972754170196648e-01,7.508672965122055176e-01,5.315607967501134734e-01,7.811558216692708889e-01,7.094180651184636144e-01,9.173997663147590576e-01,9.551494614623645685e-01,5.030305952704595684e-01,7.222341725778453903e-01,3.788632616121185848e-01,3.874277707145206140e-01,7.017498558266730413e-01,7.156155731017382893e-01,6.564324700911018384e-01,7.940139137015604920e-01,3.516895914342786922e-01,1.502212820110901681e-01,8.900762896211041886e-01,9.017463776209253545e-01,7.744286580412030885e-01,4.552673133960898899e-01,8.434268955293322545e-01,7.703085914932039646e-01,3.407832795428771266e-01,8.378006041553102135e-01,9.437909072051540171e-01,2.454156606785202199e-01,7.400075246914387117e-01,4.362830784741784096e-01,6.741549802195193619e-01,6.477550247918707482e-01,5.435143244765614501e-01,9.656806522634786560e-01,8.316356510239970579e-01,8.540381533371493861e-01,9.206717868334011179e-01,4.383926905965710996e-01,4.213287056911864670e-01,6.887305737587890997e-01,4.949311402628804868e-01,4.111075439087803485e-01,7.677435140534395464e-01,4.460355092161422674e-01,8.492350078130754820e-01,7.528708802489880725e-01,7.976872274752799807e-01,4.512117127330767530e-01,9.382327296433090602e-01,7.184983280949949203e-01,6.240744509130007334e-01,9.435196660821227876e-01,3.768679640807639508e-01,7.626411567187616480e-01,7.000803093023980628e-01,7.628003253893712587e-01,9.451420790546651851e-01,7.618461406040472061e-01,6.747623111537341956e-01,5.075650380262525241e-01,4.477214894849941840e-01,6.190502389737714273e-01,7.794646889169173365e-01,9.902254365870621911e-01,7.955017292618957736e-01,6.542980659378543340e-01
7.738972142960318656e-01,8.368844498399564680e-01,9.720798265522154757e-01,8.337030020971123445e-01,9.265295902567791675e-01,5.348737780197414526e-01,8.650994231032012038e-01,3.430789579469968320e-01,6.165746318310935115e-01,4.843312528299013597e-01,6.013128280471767839e-01,0.000000000000000000e+00,8.968162645228846541e-01,4.843988998276546609e-01,4.638515153712202133e-01,5.535883998244720550e-01,9.166994546046212111e-01,7.008186912711515948e-01,4.910683860529946876e-01,9.686784225079165811e-01,-1.308137010564692226e-01,1.669073854725211699e-03,8.430724309137702654e-01,8.114275543527934564e-01,7.045417047928297372e-01,7.948571559082797666e-01,7.262327719211578714e-01,7.007172193275215122e-01,2.570171201030998498e-01,1.737943199349686052e-01,2.224833520394594033e-01,6.378631647849033470e-01,5.434994324639463859e-01,6.347712818531856538e-01,5.372576675162381576e-01,-1.556526731496703508e-01,2.825006439554696991e-01,4.766160218478900368e-01,6.413791893111679965e-01,5.212270168155970218e-01,6.022047201375644310e-01,8.593696731067544947e-01,9.293955024851016100e-01,7.856556229926808799e-01,9.484617633432358419e-01,9.277331805137629672e-01,9.875460051762130487e-01,6.256542828745117468e-01,6.295705189879436947e-01,6.342423589851901022e-01,7.349595930791850140e-01,9.979648089046118109e-01,4.658742825620529882e-01,9.245122004822657891e-01,8.421587420848334338e-01,8.471864502178618750e-01,9.393847969809425713e-01,9.719313747403510728e-01,7.309340971013488231e-01,6.549883144192636397e-01,5.026534287996828887e-01,1.817995370721319504e-01,5.270313808699360614e-01,2.127777188524729857e-01,9.926600582992977095e-01,8.143713217092373169e-01,4.058591946481221457e-01,8.957938868377290920e-01,7.611800787822077252e-01,4.373843924640132275e-01,5.402233637773903308e-01,2.018012550291771734e-01,5.915152063617962197e-01,4.665078935666514548e-01,6.228321822825644283e-01,9.661672525865081518e-01,6.211827526521148668e-01,6.957449209569952497e-01,7.281645002652394894e-01,4.233800129978366744e-01,3.627012567842617941e-01,8.652871135019043480e-01,7.575654828817525166e-01,2.494846568126014019e-01,8.673640819355924458e-01
9.092388387772672997e-01,4.538075026535581258e-01,8.601481914356268188e-01,3.842195596131292579e-01,4.111883498204739196e-01,6.254733389729622006e-01,7.349611905350545982e-01,7.174243381414695253e-02,9.782004538575541641e-01,4.285572671153015101e-01,4.548491909516225173e-01,8.968162645228846541e-01,0.000000000000000000e+00,7.693898946528208160e-01,9.776170772357719585e-01,9.409945560613782733e-01,7.262071770104040480e-01,7.179846906868331269e-01,6.497360276402018853e-01,3.325330055304819288e-01,9.557016098129282877e-01,8.621052937262891902e-01,9.011482455115042978e-01,9.819927234140114480e-01,4.760200156796138837e-01,4.717880083364672794e-01,6.549507578661991625e-01,7.920250652131525237e-01,-1.757874660855406890e-01,3.620201323345293432e-01,5.357504793801409759e-01,3.216454970104385969e-01,7.449254250517438614e-01,7.423277235106302552e-01,6.748323850586253059e-01,2.244749355867751706e-01,2.932160034818272198e-02,9.317185851849505429e-01,4.463149997511268730e-01,8.965966284243811479e-01,6.331657624032382969e-01,7.961476379517212765e-01,9.857402448491809910e-01,4.213311850626279553e-01,9.267904206055184169e-01,8.251617812056807333e-01,6.454047058302528894e-01,9.862313040241855733e-01,4.108546967080235479e-01,8.562406910218566258e-01,8.703171830804896647e-01,7.354470704294390204e-01,9.340907840223444669e-01,7.710823732509266559e-01,7.664309938214991513e-01,8.126653736992582866e-01,7.825893089087244681e-01,7.628357314365997316e-03,9.240540758865147808e-01,4.791228831696142665e-01,5.500870116567394552e-01,8.379470924234626583e-01,6.173842160351246111e-01,6.405698264178234513e-01,9.395690142119714761e-01,7.435547013564843821e-01,9.046036720631770445e-01,9.534736034588612297e-01,4.549071020369712670e-01,4.136419622746303482e-01,8.760245738917120661e-01,7.107008783171686606e-01,7.279321277921043665e-01,6.296159452763497866e-01,9.928084929560906380e-01,2.536942418064445093e-01,9.353816455466532620e-01,6.104323168613694506e-01,7.771561452328319408e-01,2.990814947741682328e-01,7.559292533688368732e-01,7.311300795997516255e-01,8.957732278459670239e-01,3.299249177224979901e-01,9.433833781885729852e-01
9.106962159320061145e-01,-1.535782593845558819e-01,2.288167407094205408e-01,7.086569249770345857e-01,8.346204154732350666e-01,5.512865102085218183e-01,7.407241946966905966e-01,6.524859007841428138e-01,6.659194744315215519e-01,6.899762865944631951e-01,7.923701548679533690e-01,4.843988998276546609e-01,7.693898946528208160e-01,0.000000000000000000e+00,9.938829618470577110e-01,9.888075969769596352e-01,7.626966262732630675e-01,9.306566316410421758e-01,6.304501440563886616e-01,7.513611168922628147e-01,7.242277067000917334e-01,6.838735538689794113e-01,7.222373360323439684e-01,8.062908206609701312e-01,6.512189441806776058e-01,6.699725920586522276e-01,4.676300739596678246e-01,2.837069804478614676e-01,2.372570354864098757e-02,6.965398957020180193e-01,7.980157649478170079e-01,3.550740734944617394e-01,8.091330112781296435e-01,5.978143450385573487e-01,9.046027853716879230e-01,6.524474663287920251e-01,4.921873802595310710e-01,8.538284608681088184e-01,7.352115149704105956e-01,4.238882621024083752e-01,7.851361418097378975e-01,4.876969869350533116e-01,9.300050935491623871e-01,9.255374193731025212e-01,8.888786232035669199e-01,5.421671080771578444e-01,8.371201240348615791e-01,6.073917975884765008e-01,5.052132722871160997e-01,7.821333785327038157e-01,9.890504718928966321e-01,4.179815256590218020e-01,8.825153986806140161e-01,6.673502551678101025e-01,8.159642443798124090e-01,9.513077528516721282e-01,6.133591683970739394e-01,5.010829037837452038e-01,8.536319489000582239e-01,7.140239690953272822e-01,2.346860847238192160e-01,9.234111704819951694e-01,7.270191392600745539e-01,7.364038896618956276e-01,9.702015005951758475e-01,6.849020098684063251e-01,7.041368331020924076e-01,9.072209963168197389e-01,6.064732035037293523e-01,7.130272800882043738e-01,9.750554568257191468e-01,6.266392357440981886e-01,4.572900198913927572e-02,-9.548497666721661448e-02,7.681401844250975719e-01,5.081006308447407749e-01,8.858981414012997435e-01,4.182060292429506942e-01,5.990437771379942822e-01,3.443518611821459463e-01,9.075189421068776685e-01,5.699565403475009839e-01,3.255427021171913848e-01,1.710444780490571470e-01,8.291155075066486413e-01
6.557818767057528309e-01,6.201288511497146105e-01,7.023996693304984662e-01,7.467031652441975531e-01,4.543569563622790741e-01,8.703418469591434059e-01,7.115531625322657830e-03,4.311775070838424484e-01,5.308995922446002602e-01,6.751598753041709866e-01,5.156600562127338083e-01,4.638515153712202133e-01,9.776170772357719585e-01,9.938829618470577110e-01,0.000000000000000000e+00,9.682674369298213124e-01,8.281781963723054973e-01,9.681091959291199256e-01,7.229393881099785979e-01,8.658344905550925397e-01,9.965305265597672602e-01,2.849928666073439087e-01,3.196935555047137889e-01,7.057264975049600819e-01,6.033415147508061072e-01,7.317124734090481031e-01,9.763113611797612501e-01,2.856404593271806847e-01,4.618885657180923365e-01,4.300499748895454388e-01,6.190137585578432411e-01,1.325803476831101946e-01,6.557794910977046143e-01,4.763173561216594298e-01,6.432271109457299296e-01,5.319667396748611887e-01,2.251800024715259474e-01,4.448043270880479017e-01,2.536134251621171010e-01,6.803283802291826277e-01,7.594207483231152356e-01,4.683084217576758412e-01,8.576970518099009677e-01,7.795926916732861534e-01,7.952112294777515800e-01,4.719497849466600670e-01,4.841380854616766927e-01,6.167605128013960991e-01,7.816209738124655360e-01,8.364882672976767797e-01,6.188110592114569597e-01,5.734853164176378915e-01,9.997946927982974685e-01,7.737980547766583062e-01,7.612730031103980277e-01,3.108038726613573943e-01,6.867121402469787972e-01,9.540725866166989144e-01,8.682435914450876702e-01,7.865361995726317668e-01,8.224873555267346870e-01,5.705786925338180993e-01,4.742325316171631111e-01,9.081006121258015096e-01,6.450887573517960494e-01,7.039164596268294716e-01,2.647750882604645861e-01,6.783161338495571346e-01,2.528395394275622099e-01,7.850675834910553208e-01,9.123771663354266481e-01,8.375948606838131694e-01,5.383323213120233541e-01,6.390238049936193265e-01,5.327737660058742275e-01,-1.532274244586179779e-01,9.105138937227456042e-01,9.085756039164282205e-01,4.323605744837531462e-01,7.655591064475941732e-01,2.088381670587957373e-01,9.458554124320476264e-01,9.712310979607103878e-01,3.744031732064455609e-01,7.134512013348701664e-01
9.102869087080046606e-01,3.880504529915243528e-01,9.828982412717039985e-01,7.746155203200599804e-01,8.576255658114555480e-01,9.496326846244934616e-01,2.400224735872224513e-01,4.521828695909850815e-01,5.276431671757356723e-01,3.695309351069361870e-01,7.629293058976487352e-01,5.535883998244720550e-01,9.409945560613782733e-01,9.888075969769596352e-01,9.682674369298213124e-01,0.000000000000000000e+00,2.227762439106222847e-01,7.505092955026848589e-01,5.148425888709214915e-01,4.859583996949405349e-01,6.920388593829199797e-01,5.674456964825460581e-01,7.735109378738899144e-01,7.436891986884011096e-01,8.198162652327568578e-01,7.681654281344498791e-01,7.693095615229597062e-01,8.129618120815629290e-01,8.884504657366364133e-02,4.823433343857169153e-01,3.854745112852094868e-01,5.431798390329711790e-01,9.683571382453435294e-01,5.159588469282669898e-01,6.665446924274603946e-01,9.185311301088256997e-01,1.402936271808562230e-01,5.140393971550929475e-01,9.163135978504629575e-01,9.965463479037153238e-01,4.508822180107556754e-01,5.701727383875143662e-02,9.784100510594146982e-01,6.110329445348927635e-01,8.325951248227054791e-01,5.117604944583484944e-02,7.889975199782549575e-01,9.614755979120884755e-01,6.125795721219094991e-01,6.873518461670706792e-01,7.844668642510310708e-01,5.675222974324595215e-01,1.138897751699782940e-01,2.702450645422045383e-01,7.150921416458061453e-01,6.849712092237000283e-01,5.958206645563643988e-01,5.940093534761829996e-01,9.462120285227344496e-01,7.759984828169065318e-01,4.303784507126070524e-01,7.793721492149179308e-01,7.615289554457395083e-01,7.446162858838174525e-01,6.947265865057420386e-01,6.578044601906807287e-01,7.589622293579522117e-01,7.425555466460307397e-01,6.988766844253844202e-01,7.117940697609936862e-01,1.885691300547883975e-01,5.873031964329368249e-01,3.571970212418833501e-01,4.421544772669217527e-01,8.124574180002449575e-01,4.759297499491914052e-01,9.608025469478418401e-01,5.639946230887232792e-01,4.693816073700250446e-01,5.842890733610355686e-02,7.547450952158138993e-01,8.726876620874680635e-01,5.929224600375948562e-01,6.649070981361078214e-01,6.736747989509339618e-01
6.778183453449231344e-01,6.845956646709550064e-01,6.853456974764815524e-01,5.470376607932401214e-01,6.288614663570729624e-01,8.013381779253943016e-01,1.792916783449559071e-01,8.996714424945936317e-01,9.608117491595901116e-01,7.285884489740703795e-01,5.576778714732613107e-01,9.166994546046212111e-01,7.262071770104040480e-01,7.626966262732630675e-01,8.281781963723054973e-01,2.227762439106222847e-01,0.000000000000000000e+00,5.063179633559451442e-01,3.954775436561980273e-01,2.201889687889745373e-01,6.425192091561438001e-01,8.648092453808552404e-01,7.011866048208788005e-01,7.414338855642383930e-01,7.044720669394556323e-01,6.230399830983467391e-01,8.497330066170585283e-01,9.939115950235933861e-01,3.775529939061252893e-01,6.385262701119133188e-01,1.337385696756088482e-01,2.916359715670240882e-01,7.856275651552238060e-01,6.593589820462913975e-01,8.217267262784302417e-01,6.302928553344248064e-01,7.579890179808524975e-01,8.228396594765162719e-01,8.085663125577019494e-01,7.247512364802008999e-01,7.332177324236329730e-01,4.616548928614252478e-01,7.047061735603099564e-01,9.769607811685675491e-01,4.708058007639883691e-01,5.312934034961288576e-01,3.570721017249079976e-01,8.678368296094558509e-01,9.556163985985457465e-01,9.716738476954630555e-01,9.751019543560663916e-01,5.033873472365376633e-01,1.615548845420438639e-01,9.829206157862990789e-01,8.030097905697143323e-01,9.154249539241671174e-01,4.772953656647145881e-01,6.907849128890731771e-01,8.826515938944434758e-01,5.201000275638809622e-01,4.467729657219411954e-01,6.507614276914054363e-01,7.128165762250693316e-01,9.732853883229301006e-01,3.741403897570357850e-01,7.379898578335267745e-01,8.833700698354194358e-01,8.655282561647568151e-01,4.981619298334630241e-01,4.320535722953059987e-01,6.692931228970224744e-01,8.116455238284474571e-01,5.638313026851965448e-01,8.420915575359427807e-01,9.126549140649306002e-01,7.560125036412900235e-01,5.136845824156653917e-01,8.345820744546601500e-01,5.713118992680632502e-01,-1.818153757711530871e-01,8.599541220055024748e-01,9.680220372787218253e-01,6.852687002869632948e-01,5.335667261831034125e-01,7.699560647461670682e-01
8.789892100835292599e-01,6.076067966189966363e-01,9.997329412737123722e-01,7.306902289321252075e-01,9.185785575058343921e-01,6.547663779182503196e-01,3.604569255279403417e-01,5.654607054642326602e-01,3.421869091659459072e-01,6.294017140342121897e-01,6.450669368407517812e-01,7.008186912711515948e-01,7.179846906868331269e-01,9.306566316410421758e-01,9.681091959291199256e-01,7.505092955026848589e-01,5.063179633559451442e-01,0.000000000000000000e+00,9.562952126260797492e-01,5.257087962374085155e-01,9.282731318194333836e-01,4.205617619593001733e-01,6.730433247916630668e-01,9.076900898110581428e-01,2.139701926712709312e-01,7.883123300126523292e-01,9.886953255047103983e-01,7.357423371663970313e-01,2.451156247625252138e-01,2.750306210973997856e-01,1.060530526941974305e-01,6.133818812743297988e-01,4.406947400629061540e-01,6.716526421606577868e-01,2.085269628180285717e-01,2.818508404782331667e-01,2.378599229905295487e-01,7.850201332074260296e-01,5.682465749593285098e-01,3.536575142037114983e-01,4.182179460406453275e-01,1.014675774873912417e-01,9.023213989803599011e-01,7.731530830425628054e-01,8.052550465408453428e-01,9.126576283931847611e-01,1.990833758760284511e-01,9.065010884471682573e-01,3.562029998993900826e-01,2.692816321959367043e-01,5.934328390673794251e-01,6.816697414508677833e-01,7.234287998068964498e-01,7.965085548973755980e-01,8.127154655633351821e-01,7.158881682758523324e-01,3.125293826741805114e-01,4.943915016035450583e-01,7.107146731704310216e-01,7.979094699304942750e-01,2.107273260323989650e-01,5.553503478809656002e-01,4.587222204050345198e-01,5.081583246612012550e-01,9.088817219164339045e-01,7.856237453717883623e-01,5.339802936542517031e-01,2.967380132265236004e-01,3.474723745349580506e-01,7.296469486253558401e-01,7.480228392310567243e-01,8.848347537625136372e-01,5.321140603531349100e-01,4.391803240820352783e-01,8.116846350233587470e-01,6.927880948460038990e-01,3.460587104811225778e-01,9.932588416541301424e-01,3.516594979876594973e-01,3.962968079812411171e-01,6.469463837355513558e-01,9.569240556086268112e-01,7.775910403429422413e-01,3.331481218437374325e-01,8.264368246509995464e-01
