0.000000000000000000e+00,9.902001750999662733e-01,9.818527241547899687e-01,9.832652541421916803e-01,9.945449941726645093e-01,8.444762508443098836e-01,8.162682220314994019e-01,6.984291765890663362e-01,8.792010197204841448e-01,6.049328464867462785e-01,6.575941657807561347e-01,7.295669089093119730e-01,9.668401905000831853e-01,4.298437427032308911e-01,7.958023058276393336e-01,9.966416529926613865e-01,3.748337652897577033e-01,4.251333848703297558e-01,9.802443663732309798e-01,9.474175569852331114e-01,6.704000648495214154e-01,9.632178914081148680e-01,9.509455223203221452e-01,9.489552003589174500e-01,5.692396855764999541e-01,7.717439783982660284e-01,7.836281422902676708e-01,8.767587243164494115e-01,2.404566048638810127e-01,8.782326503721159527e-01,5.347963492555944942e-01,7.879145634584738822e-01,7.861865514347927686e-01,2.092951190535367045e-01,7.559507044402229425e-01,4.259825427761702588e-01,5.577219429850303056e-01,5.278435394135490011e-01,7.514694851452712321e-01,7.814791310606914454e-01,5.216170043554730906e-01,4.454725282407148712e-01,9.787451647577918301e-01,6.051090321049734655e-01,8.388331262027464152e-01,9.510700916919405667e-01,4.282505445978679326e-01,8.189488334611627618e-01,9.319413942885561575e-01,8.958243330159314510e-01,1.545602989942352901e-01,9.022675679830142181e-01,7.181026011749662707e-01,7.665850420588020686e-01,8.786015259497441665e-01,9.193314630472076976e-01,9.724738584917499429e-01,9.169687472042764576e-01,6.717597741976267800e-01,1.953306633577308604e-01,-3.215017475530994595e-01,6.988255795337540155e-01,9.311466476464305142e-01,5.086252670560430511e-01,5.867437178969483469e-01,9.041574258632965044e-01,7.652147418719253968e-01,2.392264037303253321e-01,5.658716845834474984e-01,5.043398804016857584e-01,9.661741316034649918e-01,5.499431933157470365e-01,3.038453523962977298e-01,5.249159584222597985e-01,9.006862714504066947e-01,9.383740080542188888e-01,7.173651334991881789e-01,9.037974982308331073e-01,1.904816685002730468e-03,-1.801234901911206443e-01,6.245073463794412749e-01,4.091557978141427965e-01,5.379272061648627812e-01,7.367451831479097102e-01,8.418564092608459282e-01
9.902001750999662733e-01,0.000000000000000000e+00,8.955363213769247377e-01,6.216242830939549407e-02,7.905280944762786977e-01,4.821448533003618864e-01,7.775820800267507771e-01,4.016092155677268849e-01,9.970735433274471315e-01,9.053637687630333719e-01,7.427054870507039386e-01,8.389000655359175607e-01,9.970023093675011161e-01,6.260401978576193294e-01,8.482246441089074107e-01,7.011545593207645366e-01,4.137286477953408537e-01,7.510339108424790577e-01,3.085670472177399204e-01,9.619699115588740135e-01,3.352850013406292184e-01,3.806103312538479111e-01,9.313233569490872998e-01,7.165769341196461806e-01,5.026447432842895413e-01,6.840623808726155053e-01,8.319404184094579824e-01,8.010722245430309529e-01,8.210579816541833109e-01,2.137089587767346810e-01,7.739183986578411778e-01,-8.784257255523492125e-02,9.358024398495068397e-01,4.994211731825199951e-01,8.077668029121823912e-01,5.402283132633898255e-01,4.842270847678659118e-01,6.258403414258635333e-01,9.720858251363594382e-01,4.177640412352421340e-01,7.495584667578343296e-01,7.661803070089554524e-01,7.711542163442061115e-01,8.731138894564809405e-01,7.942336267240628356e-01,4.729476172953923918e-02,5.110573196723948719e-01,8.189956194533809519e-01,6.695173403809895341e-01,6.086017497451102765e-01,6.243296356534636660e-01,4.819837742270146608e-01,7.250775652067579236e-01,4.893658506989342905e-01,2.085839365833656311e-01,8.640959948968727211e-01,5.972231754178041196e-01,8.311259623986975154e-01,6.707525620486808338e-01,3.002377828036885687e-01,2.800737323295250381e-01,8.214496102755246554e-01,9.348869874566522187e-01,9.636410365061953698e-01,6.762776046594075607e-01,4.360509056145853712e-01,7.766469407096532329e-01,7.929419557397339169e-01,5.515852232304955249e-01,8.045989666797230822e-01,6.335300176496195812e-01,3.107457831439596752e-01,4.905361737446138903e-01,4.001092405140402875e-01,4.193239685093860802e-01,8.830565209780256719e-01,3.173848837370843445e-01,9.713638365110190964e-01,2.249130625090081936e-01,3.690046394775544636e-01,4.488391121671275186e-01,4.268681412109490703e-01,3.414769966493555464e-01,9.450374041087877819e-01,4.253894216409242479e-01
9.818527241547899687e-01,8.955363213769247377e-01,0.000000000000000000e+00,9.703008695406770689e-01,7.080692306751783516e-01,8.806976040794916027e-01,7.690882161493574065e-01,9.153995108790928814e-01,4.992867630630990483e-01,9.217938849105929977e-01,8.078811261751194239e-01,6.384533514641352880e-01,6.376852046897090176e-01,8.291557713903392468e-01,5.109211531946721285e-01,9.976101538327633023e-01,6.598127977575041214e-01,9.415212635448475531e-01,2.214364584980362538e-01,9.721497713277789110e-01,6.950914129264125219e-01,8.318190411915737936e-01,9.268494358635759323e-01,8.406779420379890677e-01,8.657191994868441709e-01,7.018922270529130980e-01,9.497700034251952417e-01,8.709007013451306456e-01,3.289707711164586712e-01,5.039548013166984530e-01,2.565392057912729284e-01,7.479205117034009032e-01,6.083952223948301263e-01,9.696314463486582769e-01,9.725090157544984404e-01,1.194240840591661856e-01,4.994585369930318874e-01,4.231963501985985809e-01,7.129486522186161412e-01,9.980436492756967759e-01,2.809819750384868753e-01,9.034866937731966807e-01,8.888068265744163421e-01,8.509830985951832849e-01,7.974679995321031223e-01,6.278636953235063878e-01,8.400383142406894210e-01,8.972593143045067832e-01,9.524575385532824123e-01,7.592352099517767350e-01,8.060210193405821233e-01,7.821088484794835871e-01,9.575657138721137551e-01,7.046597714555791203e-01,8.507879481848593661e-01,7.845482580989487920e-01,9.229114438281371680e-01,8.464108640203176215e-01,6.703831290449495661e-01,6.327917416382196347e-02,5.528647618108610828e-01,9.585651224753095612e-01,6.807373281744188986e-01,9.155558038295031897e-01,9.379774435364669483e-01,7.189975853057920530e-01,6.638289674697657183e-01,2.657423401492931547e-01,5.824588320976948896e-01,3.217859603312576144e-01,9.134318619982331189e-01,2.987388013604739267e-01,5.514433082009848608e-01,6.452397829083755809e-01,6.649294554606008933e-01,8.895678281551979705e-01,7.529106596601992107e-01,9.832377654548132284e-01,-3.919836016134001233e-02,4.447021395556925438e-01,8.391053155457360857e-01,6.245418733232127595e-01,8.255539633057241700e-01,9.134788051458463398e-01,7.962145435696733609e-01
9.832652541421916803e-01,6.216242830939549407e-02,9.703008695406770689e-01,0.000000000000000000e+00,7.071722302891225720e-01,8.458458260027743592e-01,5.793883640305173000e-01,6.897286090388026203e-01,8.198694425349001280e-01,8.887788738212873962e-01,7.948118722305819173e-01,6.004184828055286749e-01,3.239072908126519601e-01,4.888158565043748682e-01,6.776884203341311252e-01,9.089571051254734524e-01,7.050440111299638435e-01,7.971245388435290735e-01,6.466122753778006382e-01,6.986661983037217860e-01,8.074948804582563477e-01,6.547217336938655485e-01,6.131393102008855234e-01,8.825371339834953144e-01,6.912133761983423330e-01,9.295993156491797471e-01,7.322366090546946760e-01,9.670954508384231874e-01,4.473952494460578522e-01,5.132321509668356097e-01,2.985692099694957635e-01,3.000469211912126788e-01,7.236982750869234149e-01,9.864699166344678138e-01,7.591981409867742947e-01,3.801973317620817028e-01,5.519141098810365076e-02,2.431234531951111388e-01,9.486535927616461805e-01,8.532003329375433820e-01,4.796211826558376412e-01,5.371521149467710643e-01,6.858221946193209240e-01,9.480673832994065409e-01,9.482943295759453939e-01,6.719693812602035576e-01,6.417840931842135888e-01,7.658316897349540797e-01,5.119184299156356310e-01,5.762126985014628389e-01,8.746312346375875180e-01,9.174159947372759749e-01,8.901829551155295839e-01,6.822147667682652017e-01,7.475825544401214495e-01,6.088742910238984507e-01,7.825692126889040034e-01,9.630374148617987240e-01,9.666656099189359364e-02,2.606381699783535399e-01,5.595333861427598254e-01,6.986315246295672354e-01,9.137243667451626639e-01,9.671479846373439715e-01,2.899613575522768105e-01,8.745208429321003063e-01,6.626651548654687307e-01,9.093612186190429547e-01,5.076317145683829635e-01,7.526262980124636126e-01,9.129107084753771417e-01,9.441198901666161269e-01,7.660740309912653645e-01,4.382860931589889764e-01,6.117026847489700492e-01,2.715611396498950336e-01,6.359519394122190583e-01,7.453525528050526372e-01,3.164189249154542583e-01,3.256705142440607936e-01,4.015762050513063119e-01,5.921719351047419755e-01,6.438042242728507780e-01,4.002880658650172507e-01,4.442105276319313067e-01
9.945449941726645093e-01,7.905280944762786977e-01,7.080692306751783516e-01,7.071722302891225720e-01,0.000000000000000000e+00,8.517288904926201276e-01,9.828918441077308943e-01,6.819114302156903396e-01,7.860023832558806767e-01,2.961842649637563829e-01,8.969382272262288458e-01,6.584492516751141444e-01,7.166447359247639648e-01,1.205156206610396089e-02,6.547366354390090626e-01,3.378940476188174724e-01,9.587415937976082603e-01,6.048116062304109697e-01,8.809501985481938968e-01,9.946486893915381655e-01,9.122313788205324014e-01,-2.944116956333925339e-02,7.582317269790482817e-01,6.814913368159416507e-01,5.545373036093146357e-01,8.588152637784846055e-01,6.864899091289320410e-01,1.980016464837355827e-01,9.599028295615140705e-01,6.146228432762101956e-01,1.134731584982305030e-01,2.351606925360346101e-01,7.242201364454887713e-01,6.270488667144966666e-01,7.549540448919463964e-01,2.829652105605753309e-01,1.036943742311343536e-01,7.268537756278115047e-01,9.056743838399926583e-01,4.472834144869121675e-01,4.454637100774857528e-01,3.845078992214124303e-01,2.910113325188360411e-01,9.013657487300358317e-01,7.444521619805588575e-01,6.597795645485668992e-01,8.707354196747008057e-01,7.164014132863391060e-01,6.643014875305431888e-01,7.898639974107628525e-01,8.776661539478837204e-01,7.420450297304428400e-01,8.208928531710720788e-01,9.521588829480497340e-01,9.163795133489915923e-01,6.364706996097022618e-01,6.527621820057901703e-01,6.990649909627996150e-01,7.361413177626081605e-01,6.542020247773161490e-01,3.110939371022475308e-01,9.565295129173011501e-01,6.630584938031598430e-01,9.311578072847583876e-01,9.690161350297303855e-01,8.112240585060820353e-01,7.168673350178207393e-01,9.386136409834181515e-01,4.976129607375210928e-01,6.716589850421025298e-01,2.712928993103245756e-01,6.933700940447177219e-01,4.590245444986887913e-01,3.335933476112006302e-01,7.548225401898697173e-01,9.936130097434840991e-01,6.819065564706439098e-01,6.225953234188585927e-01,6.733581105964491220e-01,4.228791509469163046e-01,9.145810538119280020e-01,8.767855092415428597e-01,7.973545602773075558e-01,7.540114448861136021e-01,7.821786384787138280e-01
8.444762508443098836e-01,4.821448533003618864e-01,8.806976040794916027e-01,8.458458260027743592e-01,8.517288904926201276e-01,0.000000000000000000e+00,1.261721862739315358e-01,5.878136825199904436e-01,8.459826841171871337e-01,6.219660171002697746e-01,5.465929357980359171e-01,7.136356664811263073e-01,8.186355946694157115e-01,7.546639489514493926e-01,7.288698847998043018e-01,5.923275526517204348e-01,8.057041596131682137e-01,9.484934051302962299e-01,9.066483965952559787e-01,6.886299111330392853e-01,9.552635015659328710e-01,8.359038080975100815e-01,5.313789844511357385e-01,9.694340961859971850e-01,7.122216480908339920e-01,5.416209438955605915e-01,4.449920597539003264e-01,7.885281846523072291e-01,5.192701864062027051e-01,7.476036583257652524e-01,3.550359861242079473e-01,1.776905782724051697e-01,4.449605543376117245e-01,7.785871786817715190e-01,1.629008192834365820e-01,8.407241618018497509e-02,3.853181946450333628e-01,9.907856163987976972e-01,8.838911968897625870e-01,5.901609605946063208e-01,9.779294936120153103e-02,4.532075904166243396e-01,8.543429267233937363e-01,9.815670858864012915e-01,3.559923347061166310e-01,9.963277164110007078e-01,9.717078179440516994e-01,6.494933157720571559e-01,4.778496147088809876e-01,7.016665734278414446e-01,7.850475375615201257e-01,4.597839257495918708e-01,3.638489361751376938e-01,-7.712334767223891219e-02,8.316783329712498229e-01,8.273467743634150828e-01,6.449310776803016676e-01,6.895396691029219705e-01,8.597318996160532301e-01,7.947865568911207657e-01,2.066087923918835390e-01,3.824262219290253118e-01,7.052646957039732101e-01,7.368231606516483234e-01,4.562525861937674621e-01,5.189985634125482417e-01,9.003960663784177365e-01,8.170533518661811101e-01,2.025341069281748896e-01,2.590007172003715441e-01,7.758163132429399811e-01,6.829471386218709528e-01,6.027064891168339988e-01,1.321847603908935520e-01,9.247439131755650354e-01,9.861201519327341680e-01,9.059791392605002214e-01,6.138381202121041547e-01,2.384296105752273243e-01,3.699768241082883602e-01,5.536799321523953182e-02,9.519768801123862367e-01,5.560148810145170151e-01,4.286295149872669241e-01,9.606994840659659474e-01
8.162682220314994019e-01,7.775820800267507771e-01,7.690882161493574065e-01,5.793883640305173000e-01,9.828918441077308943e-01,1.261721862739315358e-01,0.000000000000000000e+00,1.206089941583459724e-01,5.754107692015761888e-01,5.798213192421937112e-01,7.009777043839662269e-01,6.568206051936817946e-01,2.931625791648658219e-01,6.269637121275188907e-01,3.401725330617303977e-01,6.457721120844873708e-01,1.207689242223453172e-03,5.086689588563505504e-01,6.932952881209092366e-01,8.399519422895332932e-01,8.554536064057682854e-01,7.098008170696908925e-01,5.796803819742161190e-01,8.502234154450347692e-01,4.913643737078199347e-01,5.241786744142511445e-01,3.594459718047841035e-01,4.661316515171994856e-01,3.854608115680423497e-01,3.082398955179213029e-01,6.494439709986536968e-01,3.556051948144268726e-01,4.324034101506986083e-01,2.838518608175682467e-01,4.129838925049307274e-01,2.612353664640276740e-01,4.524668623434516257e-01,2.117140575833799943e-01,8.958653116382756521e-01,9.010736226368519786e-01,5.875857156273146531e-01,6.252129558668130249e-01,5.869499306211203304e-01,7.459326015335701054e-01,6.042994988474602591e-01,6.808107331441525245e-01,2.890591932784001283e-01,4.855862749401451683e-01,5.686449006591867139e-01,4.369745772611313139e-01,7.316751545660094003e-01,6.429564549538705487e-01,5.406247307328654328e-01,9.912849508991172787e-01,6.614099270029482058e-01,4.125880142658100436e-01,6.740203507723898646e-01,7.531158428090454215e-01,7.294879461040129076e-01,6.834136140579406549e-01,2.388321964367963735e-01,5.068066692308471621e-01,5.442152434630973534e-01,8.331311685430807801e-01,9.500029513189957031e-01,6.592122110853759764e-01,6.746540511516110339e-01,9.899818164297078393e-01,4.168293658359663589e-01,6.113668934116223141e-01,6.684964798680915754e-01,3.554464933499807411e-01,5.602234892581550163e-01,7.820563404600791024e-01,9.897219157217158614e-01,4.573405355239946180e-01,7.368246402809015549e-01,8.828267790315768027e-01,6.110084640831493497e-01,1.036444289296466481e-01,5.075118254258702555e-01,5.230083124842990205e-01,8.900356917086820197e-01,6.233552924821043062e-01,6.498794800034792818e-01
6.984291765890663362e-01,4.016092155677268849e-01,9.153995108790928814e-01,6.897286090388026203e-01,6.819114302156903396e-01,5.878136825199904436e-01,1.206089941583459724e-01,0.000000000000000000e+00,3.988767360690426700e-01,6.124047645069861101e-01,5.694817441058299679e-01,7.690665755647574375e-01,8.682063695719108853e-01,8.435059265572197873e-01,2.625045787606625769e-01,8.838513382310987376e-01,6.595449697123580979e-01,6.753344626677632023e-01,5.402042948263223732e-01,9.400976400517530029e-01,9.096907180230916490e-01,2.806526395427361154e-01,8.743593863034609948e-01,7.742521907154378269e-01,5.636915083571116813e-01,6.024104703712018782e-01,4.975988100773700573e-01,-1.227027829010327031e-01,4.819295545201787156e-01,4.580342902362725677e-01,5.544708594475161734e-01,5.081317611182165628e-01,3.026825554701148002e-01,6.535764520612513673e-01,4.653253710187998937e-01,2.588956668278483697e-01,2.192981979458019648e-01,3.990216253017255799e-01,9.210528465835056133e-01,7.343078563748393073e-01,1.313863530804968982e-01,6.019641148403468423e-01,9.114777277299604963e-01,6.090174559644189189e-01,9.772921540530463691e-01,8.766058811197435796e-01,7.182608013812621373e-01,6.936653493926783209e-01,4.481989118944073036e-01,7.394014862936805210e-01,8.282418344194555360e-01,4.174637534927778115e-01,6.485656013825608079e-01,7.965426587119635027e-01,4.949506427066449610e-01,2.212382075188974173e-01,4.786733492065178286e-01,4.335905308952586745e-01,4.793446648999653004e-01,1.903080768715730287e-01,3.327789297396002155e-01,7.520781353535925806e-01,8.260428100334397117e-01,9.709479977202165601e-01,4.580311150889701532e-01,9.173335477567796659e-01,6.274873604562409835e-01,3.580717155804766794e-01,6.339678342317344173e-01,4.837206665507338688e-01,6.526671069500352695e-01,5.725021131750942516e-01,3.825234364113281327e-01,2.669054228007659568e-01,3.944667405693548234e-01,5.129109642137975600e-01,2.889944601625183962e-01,8.768127607880524810e-01,3.959554101097008116e-01,5.651355080375048967e-01,5.494888670066865322e-01,9.075056331440832791e-01,9.972226187937828223e-01,4.668890592240072523e-01,1.737535437982967168e-01
8.792010197204841448e-01,9.970735433274471315e-01,4.992867630630990483e-01,8.198694425349001280e-01,7.860023832558806767e-01,8.459826841171871337e-01,5.754107692015761888e-01,3.988767360690426700e-01,0.000000000000000000e+00,7.243580963031847064e-01,6.370531073200285110e-01,7.499905985926500485e-01,6.710991678982745068e-01,9.253283114674508703e-01,6.616511751446798595e-01,4.784578301624152763e-01,3.571101748045472646e-01,9.679799549461371999e-01,4.851016670516380414e-01,8.862433073939635086e-01,6.704994078797263946e-01,7.877219460659283801e-01,5.159818964373951156e-01,8.486913219166039024e-01,9.606550226099064282e-01,8.517846311822263594e-01,5.567142889532948891e-01,7.531583312133001140e-01,7.486509430274912447e-01,3.615113055982872581e-01,-1.912431394499645443e-01,2.645197687052922575e-01,5.447342835600962330e-01,6.684936717660092675e-01,8.911465483648832731e-01,2.429537710444016896e-01,6.096443152429333878e-01,6.313107600554407339e-01,8.977086458596166274e-01,9.444836027705326709e-01,8.254173430539413214e-01,6.438119199523032465e-01,9.755441278905671032e-01,6.681742844539773074e-01,9.648875599094908218e-01,7.455783337389862986e-01,7.032967183100534703e-01,6.851570416351466797e-01,4.009736035383632546e-01,6.251543645467509958e-01,-7.667867274329376315e-02,3.305343518378746070e-01,7.506054623400426618e-01,6.348584368669165645e-01,9.132270264322924769e-01,1.961875995632809677e-01,9.894743348359151813e-01,6.236237470727297172e-01,9.982367813663621803e-01,4.938476672024111336e-01,2.561618099041698127e-01,7.944863795025852715e-01,7.526261296882191809e-01,7.254726210063300318e-01,9.712171263063384963e-01,7.426745565294996521e-01,7.724672183753784616e-01,9.142763453018503128e-01,7.879708291025511180e-02,4.528957879741155046e-01,4.341086329578005554e-01,5.674078205095057781e-01,6.005377824082636096e-01,4.776406787019395472e-01,7.434195624365651511e-01,7.159413538436643076e-01,7.391418301174721428e-01,5.845601062524111713e-01,2.271290093591945281e-01,5.440098618049369339e-01,3.044194385166590910e-01,5.226777141941021387e-01,9.432192922666178259e-01,1.497978250424993607e-01,7.561164238176151242e-01
6.049328464867462785e-01,9.053637687630333719e-01,9.217938849105929977e-01,8.887788738212873962e-01,2.961842649637563829e-01,6.219660171002697746e-01,5.798213192421937112e-01,6.124047645069861101e-01,7.243580963031847064e-01,0.000000000000000000e+00,4.196855376872363763e-01,6.715754660840722590e-01,9.356489007797846869e-01,9.878741904612298175e-01,7.974472477508185442e-01,7.463559950619989003e-01,7.707889074178938538e-01,4.546061523259214421e-01,7.898113594856883690e-01,9.030185859219618250e-01,7.598415951823447312e-01,8.924440103358847187e-01,7.292359038847247010e-01,9.573100863025572060e-01,6.813272570505114478e-01,2.937875500578673305e-01,7.457549710528702525e-01,8.402443167308430994e-01,4.757233940086484925e-01,-1.365912030803403399e-01,2.972045740234705025e-01,-3.733428081599388104e-02,6.540714770692871438e-01,8.217631458668356315e-01,5.827931064386352444e-01,5.429089532854942668e-01,5.413515693368915471e-01,6.076341300792800215e-01,6.944095951446216386e-01,7.730896301661228653e-01,6.867920778061189502e-01,6.634455333472092375e-01,6.501935131774524423e-01,7.123809036850051735e-01,8.421941695931959293e-01,9.303369160733846455e-01,8.140326217802776876e-01,7.608555071306291051e-01,7.943380878098277309e-01,5.535252290420186183e-01,6.584699291145916789e-01,6.065027017679002208e-01,8.716148736941378150e-01,4.507273428621912936e-01,8.473817322214677317e-01,3.037734438047157148e-01,6.000136605139347878e-01,8.096988373983762255e-01,9.742156953305783906e-01,4.796708391587327647e-01,6.780835840502861256e-01,8.834850984047670774e-01,4.040307150178832907e-01,8.189270541139282988e-01,9.897589212891821919e-01,4.437935353463565158e-01,6.349485540064363498e-01,7.196168545783949710e-01,-3.997318324029142111e-02,9.521820603121846638e-01,2.491243771576914512e-01,9.465240726256222148e-01,4.308252379366442897e-01,1.518784624722520904e-01,2.811913255592237912e-02,8.493714215852380400e-01,9.352873474643205176e-01,7.861891198169514983e-01,7.508648162710126472e-01,4.913975898586591673e-01,6.254213862749063990e-01,8.551292909582249857e-01,1.366085588181447166e-02,6.364372485153142467e-01,9.099300322182355405e-01
6.575941657807561347e-01,7.427054870507039386e-01,8.078811261751194239e-01,7.948118722305819173e-01,8.969382272262288458e-01,5.465929357980359171e-01,7.009777043839662269e-01,5.694817441058299679e-01,6.370531073200285110e-01,4.196855376872363763e-01,0.000000000000000000e+00,5.644089744533481445e-01,7.666416228798063059e-01,4.941850624400468961e-01,7.220011398174452921e-01,8.975449551149284888e-01,7.260830566700444688e-01,3.455609347588610714e-01,9.074394902286861964e-01,6.762068985724354331e-01,7.883286828133411195e-01,7.915114085663943477e-01,8.989083126568783166e-01,3.370502626027110371e-01,3.333367789459360520e-01,8.501368466714326333e-01,9.476665498270604449e-01,7.522025959478840784e-01,7.745345556977996093e-01,6.133022309462986543e-01,6.759221823523919870e-01,7.410926606958189167e-01,6.113493590379768250e-01,6.399079600245763944e-01,3.093358193753653063e-01,4.082007531965936575e-02,3.233269375376448540e-01,6.975131038942797845e-01,6.173018854772015507e-01,8.827422227692027779e-01,6.251743736941762775e-01,4.432858468468974800e-01,8.956114870172773301e-01,3.554083169506320194e-01,8.128275901394697023e-01,4.053224377563839909e-01,6.302059380159978907e-01,8.164409883904114595e-01,7.476819429948602380e-01,4.145226846352427219e-01,5.170164477192272789e-01,7.640970681062474457e-01,9.357162852685984022e-01,9.859965550695130032e-01,6.192160724139648131e-01,9.536910212018503419e-01,6.552315069016088067e-01,6.357770761214460720e-01,8.101955875792835604e-01,5.746699056076034484e-01,5.232460994731419346e-01,8.536243913780802162e-01,6.007291083236598883e-01,6.783885547988572906e-01,6.213956272581110385e-01,7.843552155782422819e-01,7.971741302714637767e-01,9.915986135859058415e-01,6.882202305399426345e-01,8.075749740940358912e-01,7.012806514374706479e-01,6.404599612496855165e-01,4.712953678334723118e-01,6.151136991787545805e-01,7.984562522431848386e-01,7.417818919223098106e-01,8.900624267849176485e-01,5.219107717914772682e-01,6.789070664515657327e-01,3.822869221625331826e-01,3.717708763732567867e-01,4.926785090859320815e-01,6.215914671864700702e-01,6.318773045760458507e-01,5.496645052292129519e-01
7.295669089093119730e-01,8.389000655359175607e-01,6.384533514641352880e-01,6.004184828055286749e-01,6.584492516751141444e-01,7.136356664811263073e-01,6.568206051936817946e-01,7.690665755647574375e-01,7.499905985926500485e-01,6.715754660840722590e-01,5.644089744533481445e-01,0.000000000000000000e+00,3.569597834895223976e-01,2.025358553466631573e-01,6.643731103512171554e-01,6.655172767240247200e-01,8.508040116571249367e-01,6.008594194029115432e-01,6.213345485041230631e-01,8.351027116767364422e-01,6.246276228769159777e-01,6.055771543458375872e-01,8.772555473653689262e-01,5.271440824507974687e-01,5.557573922235612418e-01,5.116711558727000675e-01,4.407302812541614156e-01,4.280455993639559753e-01,3.081944544256433605e-01,5.990777797978087404e-01,3.511158891335089960e-01,4.909573111153262559e-01,4.133153310641961564e-01,8.258341319318216467e-01,2.401768704366702423e-03,7.063172886110257176e-01,4.955860080837121151e-01,4.122260099682862333e-01,3.918332747382972658e-01,4.738382713886870601e-01,6.476377550404350814e-01,8.714946605058199181e-01,4.957944605920054926e-01,9.843789112010149500e-01,8.259609990353675713e-01,9.993466040975051978e-01,7.306333846924690789e-01,6.212719263082764343e-01,4.186122976701642795e-01,7.740360708600262374e-01,7.388372896087925801e-01,6.217114884572477740e-01,9.433147802759757061e-01,6.424567648216953364e-01,7.534944006323247567e-01,6.472255613836699339e-01,8.081479626678964578e-01,6.802893293401056640e-01,8.368032012010028220e-01,1.718206736547764069e-01,6.590503354599089869e-01,7.986426681240528236e-01,8.104119310774360319e-01,8.936453914275487298e-01,4.121499241340444986e-01,5.896442620809884128e-01,9.329103800080731368e-01,5.965768705818453865e-01,3.830134943223059696e-01,6.858736115916070908e-01,7.602812994168217653e-01,6.284202117836451551e-01,4.441000263054028507e-01,7.506019125912086754e-01,6.569523804569734615e-01,6.075057101400438420e-01,5.735493577144697985e-01,7.881522359112212994e-01,2.383567350103319160e-01,2.685535867547465538e-01,7.128919519643996949e-01,9.046724549364415502e-01,9.710228882725235877e-01,2.455381026211043427e-01,5.304616749461495973e-01
9.668401905000831853e-01,9.970023093675011161e-01,6.376852046897090176e-01,3.239072908126519601e-01,7.166447359247639648e-01,8.186355946694157115e-01,2.931625791648658219e-01,8.682063695719108853e-01,6.710991678982745068e-01,9.356489007797846869e-01,7.666416228798063059e-01,3.569597834895223976e-01,0.000000000000000000e+00,9.420861876787862688e-01,4.045303183170343986e-01,9.891667642308239472e-01,6.007341563939053719e-01,9.630682165462890465e-01,8.438206076860813587e-01,3.636794733386388145e-01,6.439572846618935031e-01,6.517779807369900036e-01,2.443819510234454262e-01,3.349461125329107614e-02,6.108584244999180068e-01,4.151995500963583385e-01,8.771018906099243839e-01,6.997600867761915033e-01,5.675921646419886946e-01,5.525581974090192361e-01,7.865742292000964531e-01,7.796326554434256373e-01,7.535387728463808221e-01,9.850371793060992420e-01,6.722388570050125134e-01,7.595996712113322058e-01,3.686849749263010345e-01,9.649320141802817385e-01,8.557726122137681024e-01,7.475826647680692272e-01,7.782504472194587963e-01,8.657747544724903044e-01,2.829764061841012479e-01,9.099955128236916213e-01,4.833507435744567871e-01,8.094731052182199127e-01,8.392964286010961006e-01,4.451504130145132465e-01,8.325792350296372657e-01,9.681575609807597793e-01,1.069368403910180287e-01,7.825360848893878618e-01,7.938702750106962913e-01,9.191253350640653519e-01,7.026246684697937672e-01,9.946809063714787680e-01,7.708349624815924450e-01,7.008525415302629957e-01,8.059928266627168769e-01,7.188420518218333610e-01,3.724996473072889058e-01,4.157951528405955388e-01,9.125539359043135512e-01,6.642019156415847059e-01,8.871711421726227176e-01,6.308825138567131230e-01,5.711125610391131202e-01,9.033771635104093090e-01,8.963278670210780286e-01,8.405388249482006469e-01,7.925705487571319541e-01,4.080388264039685464e-01,2.415109416700360889e-01,9.528229909123044905e-01,4.030455711847916178e-01,6.188423759302936755e-01,8.916790805408391085e-01,9.654054473980375750e-01,3.948726943339652129e-01,5.112399373717885220e-01,3.343184075611413952e-01,7.570089513584749019e-01,5.554554760784118361e-01,4.055950838845249207e-01,5.139730694276898326e-01
4.298437427032308911e-01,6.260401978576193294e-01,8.291557713903392468e-01,4.888158565043748682e-01,1.205156206610396089e-02,7.546639489514493926e-01,6.269637121275188907e-01,8.435059265572197873e-01,9.253283114674508703e-01,9.878741904612298175e-01,4.941850624400468961e-01,2.025358553466631573e-01,9.420861876787862688e-01,0.000000000000000000e+00,8.555094715570950026e-01,8.356791469978384068e-01,5.501115816607625719e-01,7.352517622179808310e-01,6.999274579537712038e-01,9.682735911693567399e-01,7.349623480872791159e-01,9.009076077261273241e-01,5.302251548869074682e-01,6.698902332762415313e-01,5.778493224972599540e-01,3.232622893851392898e-01,8.446170817869862457e-01,9.359212788975579400e-01,2.134266046314298448e-01,6.550379204713211445e-01,2.897358712129307623e-01,3.417429725229029769e-01,2.471185439142789264e-01,6.069313442603556652e-01,9.401703817966790000e-01,6.229858318524738037e-01,4.394268452597674957e-01,3.817671828980336857e-01,5.391816625166999666e-01,5.921737679302681023e-01,7.089451514665738863e-01,9.640542991553356922e-01,9.918690932158449325e-01,3.357920633448683301e-01,5.501705158084260194e-01,4.412136136067446590e-01,6.046846622218136069e-01,6.033867076083737624e-01,8.028072069831200253e-01,9.953422014551978059e-01,6.031735138128277995e-01,7.411867487817471734e-01,4.338861204462209353e-01,6.870226059426775000e-01,7.074210527136064464e-01,9.464381633632812374e-01,9.831119160760473097e-01,7.234772420891655287e-01,9.885390630003301204e-01,6.366425003088956869e-01,4.909158354447019645e-01,5.291001345509761533e-01,9.695258534361128611e-01,6.396915490870703769e-01,5.745477767072630915e-01,3.314295372107610160e-01,8.455951258744028864e-01,4.658916125197465341e-01,7.475966101329952762e-01,7.662338030985202941e-01,9.526524923786288124e-01,5.295927413140077977e-01,6.508246650104889675e-01,4.773788543764490022e-01,6.032485117065431446e-01,2.067946092800027613e-01,4.488237858988464724e-01,8.113854439632625093e-01,7.199366039088088698e-01,5.448948956928255649e-01,7.223617665903573348e-01,6.276981236032236344e-01,6.140254300746084137e-01,5.340267279275530132e-01,7.480897611858152718e-01
7.958023058276393336e-01,8.482246441089074107e-01,5.109211531946721285e-01,6.776884203341311252e-01,6.547366354390090626e-01,7.288698847998043018e-01,3.401725330617303977e-01,2.625045787606625769e-01,6.616511751446798595e-01,7.974472477508185442e-01,7.220011398174452921e-01,6.643731103512171554e-01,4.045303183170343986e-01,8.555094715570950026e-01,0.000000000000000000e+00,7.071038875166719695e-01,7.412829348728440237e-01,-7.149440773241336200e-02,6.513156123792758212e-01,9.416943749658728269e-01,9.907421439925530038e-01,2.495952166065258937e-01,9.248518806366965439e-01,5.959088952624528313e-01,5.386423680323697560e-01,6.590329117537472303e-01,7.095638113601152597e-01,-1.750386555783510489e-01,6.319035786196831594e-01,2.157467371288146474e-02,5.774785161628589458e-01,6.948019378347705111e-01,6.440014559114797255e-01,6.345148444415118494e-01,9.954628416169355454e-01,6.304454188220148803e-01,3.946023303716907904e-01,5.765411194600694733e-01,7.457998206100739935e-01,6.228741122762950777e-01,5.538762670586289127e-01,6.249348659951976526e-01,7.658876928000786233e-01,7.812160221227796297e-01,9.602719228906190230e-01,7.341091340415050182e-01,9.003969743000441728e-01,6.819335826807535472e-01,7.807357813269071301e-01,9.937101520052996628e-01,7.014015728168629948e-01,7.040022076967688003e-01,2.054062839065365353e-01,6.396493534819497340e-01,8.830147765767688561e-01,4.741869275732886746e-01,6.898998772332910479e-01,6.181552634523823642e-01,7.420817127163368276e-01,6.409712866529306829e-01,4.826834857769249920e-01,6.615780298858597863e-01,6.848165782433042192e-01,9.030366989661614552e-01,8.686157685931483741e-01,6.951860590671717910e-01,7.586508122549175948e-01,4.183161229095000988e-01,4.524601317412057511e-01,8.985024484091521657e-01,7.782253222365507206e-01,9.957899616304757284e-01,4.553005012135601381e-01,3.874724058141300609e-01,4.045671706818367297e-01,3.710097947671807672e-01,3.114384651857954323e-01,1.157785438245222676e-01,5.191131470325922592e-01,5.056181089079493374e-01,-1.063727349157952140e-01,9.826201053030874100e-01,9.255866658384090950e-01,6.335770899092632025e-01,5.516833488780854555e-01
9.966416529926613865e-01,7.011545593207645366e-01,9.976101538327633023e-01,9.089571051254734524e-01,3.378940476188174724e-01,5.923275526517204348e-01,6.457721120844873708e-01,8.838513382310987376e-01,4.784578301624152763e-01,7.463559950619989003e-01,8.975449551149284888e-01,6.655172767240247200e-01,9.891667642308239472e-01,8.356791469978384068e-01,7.071038875166719695e-01,0.000000000000000000e+00,8.980787997900808728e-01,6.694774822114406554e-01,7.645087176428899678e-01,9.812583166716069005e-01,6.294596716492343313e-01,7.400742960015959104e-01,5.881107878014104617e-01,5.274147621341294112e-01,6.880026229071467547e-01,9.786660000368033741e-01,6.385380583867547033e-01,5.990001459774105808e-01,7.508411031836190741e-01,1.520523993859286827e-01,7.508983838548069500e-02,2.456352929658693895e-01,6.091696985883957582e-01,6.719694478408384519e-01,4.369812847110298715e-01,6.818328391500150243e-01,5.313878601503879695e-01,6.384839734275861156e-01,5.573871420905689433e-01,9.439781458199749675e-01,4.449859128762826965e-01,7.948136323951429105e-01,4.187342481218648271e-01,8.777059219487606256e-01,2.789457379050988214e-02,6.690352947637897563e-01,6.449647784048221366e-01,6.680004887200495789e-01,6.686812035498562734e-01,9.650119568152001337e-01,6.920827278104474400e-01,5.075713028788505499e-01,5.317878659142865061e-01,3.327312101953991963e-01,5.105919009699918520e-01,6.434243373281356426e-01,3.337524149539186080e-01,6.871316372382519910e-01,9.677291088249848627e-01,6.503079993535804126e-01,5.473074270394228114e-01,4.601488153670683090e-01,7.241900713457254390e-01,8.124585739061608303e-01,9.059958523675202269e-01,7.537824391531672275e-01,9.328416476257390677e-01,7.345447054991627311e-01,2.521747363556904320e-01,6.300952410024396322e-01,6.939125983981569989e-01,8.754828858831434912e-01,4.157628152105006247e-01,2.245777640855670110e-01,2.650170807445562660e-01,9.939303177756104724e-01,8.402320141011945243e-01,8.249011374279708875e-01,3.274581528943114606e-01,1.591905178595797443e-01,7.291599311785929016e-01,8.852168929158895638e-01,9.348709771859974316e-01,8.534431930328335580e-01,7.720440412696902843e-01
3.748337652897577033e-01,4.137286477953408537e-01,6.598127977575041214e-01,7.050440111299638435e-01,9.587415937976082603e-01,8.057041596131682137e-01,1.207689242223453172e-03,6.595449697123580979e-01,3.571101748045472646e-01,7.707889074178938538e-01,7.260830566700444688e-01,8.508040116571249367e-01,6.007341563939053719e-01,5.501115816607625719e-01,7.412829348728440237e-01,8.980787997900808728e-01,0.000000000000000000e+00,9.111843524477718503e-01,9.074650315919270405e-01,7.812172573908543471e-01,4.650675829944443396e-01,8.536833983063005782e-01,6.834934541329841240e-01,8.860147303143773856e-01,4.660498735670642878e-01,9.221393169086339325e-01,8.238911787533546027e-01,5.285893398979399915e-01,2.285884817765759247e-01,5.335166207945118977e-01,4.422365254974772175e-01,7.593023351682828270e-01,5.505929521354570033e-01,6.580975113349368799e-01,1.187885734841481744e-01,2.925198546163862989e-01,4.922892123052633462e-01,6.880689136522376570e-01,6.840160936438178796e-01,7.346350223159364701e-01,5.789882048250220015e-01,7.341769513105631528e-01,8.999018033336696476e-01,6.630555941582727542e-01,8.932249210953614460e-01,5.836445856733918358e-01,7.082050739846922349e-01,9.780433739650394864e-01,6.911810417412629359e-01,8.799613877840571918e-01,9.187357893770549122e-01,5.421144155904559225e-01,9.549112815716896963e-01,7.712418059066614706e-01,8.629537714623765066e-01,7.560571810350196209e-01,9.805701969598812351e-01,6.938010982131789239e-01,8.572934762978261514e-01,2.866768655059008242e-01,5.070098602152041112e-01,8.564955078870837291e-01,6.012330581067660829e-01,7.494679278347116114e-01,9.653204246599336180e-01,8.347444790073623722e-01,8.993132354715189791e-01,9.748260787875868694e-01,3.495391060868278249e-02,8.806296319742370482e-01,7.718935603180658855e-01,9.269846851817947764e-01,3.494001933014587724e-01,7.817270655877174290e-01,9.906137231134902743e-01,7.212200018608641017e-01,9.261102319428049512e-01,6.587188393094378647e-01,2.028090426404666746e-01,7.621475040300907944e-01,9.321551913379542142e-01,4.224502786494084838e-01,8.465840866419530597e-01,7.376720458544017145e-01,8.940709893203190317e-01
4.251333848703297558e-01,7.510339108424790577e-01,9.415212635448475531e-01,7.971245388435290735e-01,6.048116062304109697e-01,9.484934051302962299e-01,5.086689588563505504e-01,6.753344626677632023e-01,9.679799549461371999e-01,4.546061523259214421e-01,3.455609347588610714e-01,6.008594194029115432e-01,9.630682165462890465e-01,7.352517622179808310e-01,-7.149440773241336200e-02,6.694774822114406554e-01,9.111843524477718503e-01,0.000000000000000000e+00,6.362612640803874120e-01,2.974596192453667354e-01,8.732103651419883539e-01,5.282804597565700089e-01,6.741606215634834420e-01,7.028384389299900947e-01,1.930853538537853908e-01,9.368032595680365615e-01,9.025685120205929612e-01,7.538740767304354939e-01,5.760630893008663600e-01,7.647104850583228419e-01,4.305669537302302952e-01,4.491677696051560864e-01,5.669438183646098306e-01,9.146056505700213002e-01,9.939535583036764876e-01,5.733150269385214326e-01,2.583071450939488090e-01,5.505295088349274613e-01,5.260864175877351112e-01,5.403879583825405009e-01,7.553228124649378206e-01,4.022881460390348440e-02,9.714332240522154382e-01,8.627207481777556808e-01,9.358713027197018697e-01,6.895463135989462478e-01,5.873132995459247052e-01,4.963177176337785212e-01,9.182518350078564540e-01,5.563648109893659655e-01,7.320208658431244242e-01,9.468439905944739943e-01,7.849577142402492935e-01,5.986123005788651641e-01,8.326360133374762773e-01,2.616364810808272101e-01,9.438911042032477328e-01,4.168400838352304127e-01,8.299415754097685394e-01,5.715366535635360012e-01,5.678969069486448085e-01,7.076198493278954560e-01,7.136895425169499374e-01,6.642325658729237858e-01,7.207277412661411420e-01,4.212750626606851512e-01,4.324341803279094787e-01,7.422867428261166189e-01,6.345509934244286665e-01,3.712255429409898611e-01,9.443285951034696701e-01,4.749103602020316450e-01,7.156705472416541314e-01,3.303652679267987669e-01,4.353694063730360053e-01,4.548229043538203897e-01,4.141426518100187470e-01,6.923270250279823790e-01,4.854032875758819698e-01,1.325854104820134161e-01,5.274717653253406802e-01,6.689639848493433849e-01,6.104178339786334728e-01,7.386185326054801603e-01,6.527486803809240401e-01
