0.000000000000000000e+00,9.197286380503979508e-01,5.405087946625568573e-01,6.241648052404583646e-01,5.733082401302309616e-01,8.935841895444607275e-01,8.758308292609239265e-01,7.794401165757063321e-01,9.025503099122794692e-01,6.791852996926643904e-01,8.271028570513937472e-01,8.948584663746272927e-01,6.856216235054429786e-01,9.547743598347384619e-01,9.715498108017657231e-01,7.568031504370698048e-01,8.470185272725029302e-01,8.011695693132334650e-01,1.286472394700515776e-01,7.065114786212733922e-01,8.117860524740512229e-01,8.368693151619366333e-01,6.530844091135105112e-01,6.813083062318974203e-01,8.931492181615336978e-01,2.474853259321000698e-01,8.580266586598501721e-01,6.060964373039928743e-01,7.203571183074470863e-01,4.266078016874571555e-01,4.565251927283467404e-02,4.351661811395260426e-01,6.685069322584293872e-01,2.625985945684097822e-01,7.200218894692880234e-01,8.752570219411093255e-01,3.025525301129501909e-01,6.094037685910743685e-01,9.027158493055392752e-01,6.657002329464077883e-01,2.148318028969128379e-01,4.220319878631068056e-01,8.355349654839732132e-01,6.521681938955927738e-01,8.625462539414243679e-01,8.521623734705505715e-01,9.599823440026088450e-01,6.531120989538313770e-01,7.278897264134616130e-01,8.121094862485080945e-01,6.561068313095426152e-01,9.286428174626139009e-01,7.454512170395142245e-01,8.289044362390666221e-01,5.057309961250826547e-01,8.919770986997505036e-01,6.295284645825114378e-01,6.745294193761628421e-01,9.361254588161074253e-01,8.302189874797329949e-01,4.760292670283273742e-01,8.910134402556941779e-01,8.491821964680458246e-01,6.843222728333516747e-01,8.110894929181705626e-01,8.062594887366124619e-01,9.157717222486927433e-01,7.470196407681068962e-01,7.945175544997307160e-01,9.098953769585583773e-01,6.720756469650940312e-01,9.659195107828486559e-01,6.723164423455636474e-01,4.801360732352067950e-01,8.352423091292936475e-01,1.843693179728644882e-02,9.953137501637174811e-01,6.245560342358258410e-01,3.589455917913364491e-01,6.681258129322786843e-01,8.403001714109429310e-01,6.585602172893028072e-01,8.512054303659479793e-01,7.399413123886857679e-01,7.608819416174062988e-01
9.197286380503979508e-01,0.000000000000000000e+00,7.656810022726402432e-01,6.887426250977800590e-01,1.966765335706499584e-01,8.805156752258154196e-01,3.073237099253330329e-01,2.468444781626005224e-01,9.279138597696964252e-01,7.098054316480556514e-01,9.307102116232595090e-01,6.297101820656941795e-01,9.577374124666986344e-01,6.759048368318912869e-01,6.015517704484361072e-01,3.384736074828029739e-01,4.334636345313425121e-01,4.131057989605169678e-01,6.351747523564511555e-01,6.044311365623387111e-01,4.945008645848706363e-01,5.270008111597828115e-01,7.489373501933791477e-01,9.888862078966604852e-01,3.473278899562721733e-01,4.474738265098821000e-01,7.747687960436386856e-01,5.333881857608067101e-01,6.145538107259623795e-01,7.345973607215414702e-01,2.861084320579136975e-01,8.183086149263264497e-01,5.095541884233519836e-01,6.997530968824550168e-01,5.753721392720398953e-01,5.829490132405821257e-01,3.939304037676178982e-01,8.871028957443709562e-01,5.582504384521920215e-01,9.348926387657384707e-01,6.153403483728756562e-01,6.278107774061895130e-01,9.985404724997333226e-01,9.242971173549956454e-01,6.151047596607327472e-01,8.890511417700757146e-01,9.942953928267017627e-01,2.960194793927956591e-01,7.724520838830070124e-01,3.246154272409974006e-01,9.878542687844804604e-01,3.874227235114368062e-01,8.005192044449858102e-01,6.511254508897827975e-01,8.267291594809662580e-01,2.453661111867211364e-01,4.191616916230830325e-01,9.455773977093629989e-01,5.851388619983178829e-01,4.201913945640781134e-01,-1.171346133487916052e-02,4.771284901807311130e-01,7.020352169022107125e-01,8.545251595205414219e-01,6.486339836359761302e-01,8.965104776348010729e-01,5.969717756230940031e-01,3.130753874822677640e-01,6.729331214560412278e-01,6.946755952199495932e-01,7.771790206494157971e-01,7.770350744290032141e-01,8.996374000616946809e-01,4.963944277415648920e-01,6.243369528363879040e-01,2.932338305500539199e-01,7.891850402411790810e-01,8.037109057394060951e-02,3.581938370668311666e-01,1.693566580410843514e-02,3.075810412707979946e-01,7.648041200398700834e-01,9.733654426629767542e-01,7.689034921849091653e-01,8.558150552669185895e-01
5.405087946625568573e-01,7.656810022726402432e-01,0.000000000000000000e+00,6.517222777110569520e-01,4.704832268704581266e-01,9.047351012397371051e-01,9.515533114425831496e-01,4.028283977869145938e-01,9.927507835899735955e-01,8.346776889953551049e-01,8.855218869721772634e-01,8.991834506041416208e-01,7.334035528126993109e-01,4.510035321045056667e-01,7.651043266854048452e-01,8.133202510355157511e-01,9.591500775936407930e-01,6.728802752802631737e-01,6.077987211476603147e-01,5.520159879100258182e-01,4.820336773408442910e-01,8.578431921992901721e-01,6.652742438306399331e-01,7.787563726045617640e-01,4.631091654522798695e-01,9.984292148251387999e-01,1.105334482490962639e-01,6.245223323712472130e-01,6.956528054201337463e-01,7.766944232184951336e-01,-1.979679030237072035e-02,4.836459939046128809e-01,8.372251044476398674e-01,8.475002477142110635e-01,9.090840929896141231e-01,2.267899604019992243e-01,2.040508345245737876e-01,9.276129060794474634e-01,8.165901368833231588e-01,6.255414961524951023e-01,5.107264657390965246e-01,5.657930098049234191e-01,9.153998386117873087e-01,8.609184667114360145e-01,8.511238787407164885e-01,7.624776008360688584e-01,4.261081785573657688e-01,9.515822882146965922e-01,9.279911336382411502e-01,9.363124687542636604e-01,1.675956240116229998e-02,4.540929788877868245e-01,9.908475988137368518e-01,6.628498660423107758e-01,3.111241030691395126e-01,6.434704858102825442e-01,9.664976639287499172e-01,7.495041656158069054e-01,6.234606617901428116e-01,5.491581131921318137e-01,7.985724557114315392e-01,3.088019336062352016e-01,9.630927744243424904e-01,6.086860912645861710e-01,9.949958893533483728e-01,4.357315804891968014e-01,9.076904033078435630e-01,9.669114811175373303e-01,8.072081600936650281e-01,8.154976245839857807e-01,2.209562075675796655e-01,7.375537073904763208e-01,2.739789578551862226e-01,2.015584114787958292e-01,7.824631641724592024e-01,8.084875074124336924e-01,6.148630757969557603e-01,4.977384354708390690e-01,2.771426623004547007e-01,4.433585784534386232e-01,8.707842763666291397e-01,9.322100183436397014e-01,9.955334512480158438e-01,9.937995747672806468e-01,9.315706453991032809e-01
6.241648052404583646e-01,6.887426250977800590e-01,6.517222777110569520e-01,0.000000000000000000e+00,9.503783760986975748e-01,8.749715092564617214e-01,6.459829684279272399e-01,9.464572411764640147e-01,6.405558890759346369e-01,6.628287222224347186e-01,9.449516073576970099e-01,8.495470068683943499e-01,7.996048799901507298e-01,8.248952140286509582e-01,9.830346657736934723e-01,9.576683701321667685e-01,6.721594495094415089e-01,8.672202687597660997e-01,8.926904980360008679e-01,8.176501463586665075e-01,9.958891593481333793e-01,4.708665671243789652e-01,9.555105501973055748e-01,8.743948318353184090e-01,7.853277064418571207e-01,6.076006026541797000e-01,4.736455600967333091e-01,7.925692282099006114e-01,9.444743488227069772e-02,5.539104950614271994e-01,3.694422669243007662e-01,7.840071478305091768e-01,7.164173680724960080e-01,6.899169234479293200e-01,6.274897237498864300e-01,5.357198020021439744e-01,9.502858021207735151e-01,8.949297619906353418e-01,6.539485491695254948e-01,4.133898570913576154e-01,8.698950468984798512e-01,7.011727314643323439e-01,8.667528896770051450e-01,7.658761197497442330e-01,3.526426235076151050e-01,7.581137770296906275e-01,6.971173177457983261e-01,5.470574025868617518e-01,4.074085233519314508e-01,7.315771554046217595e-01,8.688436046152788750e-01,7.998172859862122674e-01,8.931898294271715111e-01,8.282785427668177825e-01,7.124835461070465614e-01,8.344792848023049325e-01,6.696709933223509159e-01,6.566752171366032620e-01,7.932804837415732280e-01,6.906990462358955640e-02,6.586931380169918082e-01,8.211784666067586391e-01,8.788517177756702825e-01,8.385126655706949261e-01,9.814775054485438410e-01,3.688244910775075325e-01,8.514700306037514821e-02,6.017814889290115099e-01,5.821872251485482597e-01,7.122922201334407344e-01,7.625323823704402981e-01,7.323378478267652536e-01,3.011808350958145031e-01,7.909418500240157357e-01,5.481465891209271746e-01,8.944209580832375162e-01,9.710536149156145935e-01,4.140121198306321443e-02,8.187195881151155819e-01,5.098122781174340146e-01,9.010669382673477390e-01,8.707467610393586632e-01,9.002893669547942235e-01,6.994773885526573975e-01,7.941808119164750490e-01
5.733082401302309616e-01,1.966765335706499584e-01,4.704832268704581266e-01,9.503783760986975748e-01,0.000000000000000000e+00,5.279534668751697524e-01,7.422158838845778206e-01,6.892448930840744392e-01,6.800320820601294391e-01,6.972542997150277255e-01,8.637671758268774536e-01,5.901099446418054395e-01,6.077074309827082965e-01,9.448810732638099896e-01,4.641884735847359167e-01,7.086694979042662546e-01,3.458527911181588088e-01,6.287424654071024355e-01,6.892839499194171049e-01,8.027775381519902664e-01,9.657952768543507371e-01,5.402148081780394628e-01,8.557250698552717472e-01,9.660991445229392127e-01,1.542364933548420747e-01,5.419483735235615107e-01,6.917947499560221924e-01,7.419261189598684858e-01,4.347176449636225848e-01,6.418511054733538890e-01,4.300751033191824724e-01,5.253978824412324222e-01,8.343545762374942054e-01,8.223211047508456328e-01,2.795908050807311973e-01,5.095298320552023030e-01,1.013986959436263824e-02,6.828706861211193413e-01,5.243974145407946930e-01,9.704153624480984508e-01,1.194031216025162080e-02,6.391997726717975059e-01,9.953062530717498024e-01,7.073276794509780752e-01,9.766294306619275334e-01,6.412084189446422000e-01,6.488061062725194450e-01,8.000035932700095831e-01,5.567255480748236618e-01,4.027174093778456143e-01,9.817961707681517325e-01,4.636823661372446725e-01,8.728038015284483864e-01,7.238428685221425241e-01,9.778579663804485289e-01,9.956188749133063620e-01,8.083746534078675161e-01,8.049601333355055344e-01,4.467485265075279433e-01,7.400740867093376085e-01,5.433622698880764545e-01,8.275592142651384542e-01,8.054329971444351699e-01,7.451425725561615643e-01,8.206443741230119437e-01,6.439245714196941694e-01,8.001113401953403592e-01,8.427719139657268155e-01,3.842156031954841455e-01,8.583953988528091328e-01,6.917265612017443610e-01,8.404354647137406431e-01,5.472691508974213415e-01,2.069995107741673390e-01,6.672045538171735846e-01,4.726427957048746076e-01,8.161452047029162937e-01,2.771747408815483649e-01,-1.866490739790327147e-01,5.528165045528135035e-01,2.974773956839443789e-01,8.776908421296365503e-01,6.572278245809555219e-01,7.309513036399757357e-01,7.321689978769185814e-01
8.935841895444607275e-01,8.805156752258154196e-01,9.047351012397371051e-01,8.749715092564617214e-01,5.279534668751697524e-01,0.000000000000000000e+00,6.384413386829257409e-01,7.026078713689505595e-02,6.767391679499301649e-01,9.843369584596267652e-01,5.638408083672644677e-01,9.937128859731437780e-01,7.955900434017100231e-01,5.154961388031855662e-01,7.623236830809566600e-01,7.676286440174390213e-01,9.373226694650199642e-01,4.829778972064429632e-01,6.048019846277592482e-01,8.879764120738758981e-01,9.727537629656283213e-01,8.267998030275365284e-01,7.146398375875557818e-01,4.582083385014159016e-01,5.639983910482166962e-01,9.810869124841602451e-01,3.288896625116859429e-01,5.129267105305408414e-01,3.850644736393067369e-01,3.558876801372550247e-01,5.769798297746085991e-01,4.057301227342280381e-02,6.866256262542557165e-01,6.033602526081858208e-01,7.161773333275696096e-01,3.753044147275167441e-01,-7.194912102876560578e-02,5.653497506855909016e-01,9.730525967335480475e-01,9.958629525597455512e-01,2.050899059030552585e-01,8.231331995171117244e-01,8.795961709594184441e-01,7.856684579644807043e-01,6.785489764161258819e-01,6.007522591989279404e-01,4.285884493982830001e-01,6.224436987280168587e-01,7.969978032964910586e-01,4.111512530809595667e-01,6.575583709024340751e-01,8.622559518881978136e-01,6.003715934327902293e-01,7.674543545273514455e-01,8.119748014751657639e-01,1.017979416085799671e-01,7.249158464433095306e-01,9.986904174330507589e-01,-1.216534630161918151e-01,4.535863933103745360e-01,5.283526235580006114e-01,7.553472802303602407e-01,7.703731889067725325e-01,9.034883020891104621e-01,6.368996572654678223e-01,5.179785150476411415e-01,4.915885546994188116e-01,9.907269538184244606e-01,6.992357850080975767e-01,9.373072861255693500e-01,9.375883287945234734e-01,8.332023513134595438e-01,7.167627484444385466e-01,7.696435670471073465e-01,8.389483761534708428e-01,6.784297942811178261e-01,5.465652958850284460e-01,6.822749887830245052e-01,2.196113245773315126e-01,4.457397424153936027e-01,7.078156043492276339e-01,6.353481347884216701e-01,8.545596098061942758e-01,7.703460961724697409e-01,6.798213527567086301e-01
8.758308292609239265e-01,3.073237099253330329e-01,9.515533114425831496e-01,6.459829684279272399e-01,7.422158838845778206e-01,6.384413386829257409e-01,0.000000000000000000e+00,5.469913618874613359e-01,7.264964114124925487e-01,4.003756883130792921e-01,2.073142966541848542e-01,2.160131138421342023e-01,6.584888118123365386e-01,7.344825171238414940e-01,2.919527204819502564e-01,5.855008697876316198e-02,7.583383542691819468e-01,9.989999392751874874e-01,7.616552490928351071e-01,5.956332054325853553e-01,7.275598770229307899e-01,3.066007439282976144e-01,5.368873655036090486e-01,8.457675023757921240e-01,6.576316619403060892e-01,9.965430408375600124e-02,7.781424907145579883e-01,5.995819862146178902e-01,6.481612072921156820e-01,4.265054406051495550e-01,1.099831212556195148e-01,8.150325953495616282e-01,2.857212119730154209e-01,5.592228126426143087e-01,3.062916508063259768e-01,-1.995302165036740849e-01,4.664056010766670091e-01,4.369534127089482189e-01,5.384967120680075325e-01,7.491477844403919839e-01,7.368020516950104515e-01,2.522510720322590581e-03,6.552415206999245845e-01,4.382890850722483411e-01,7.984507669317247869e-01,5.732192452465290078e-01,5.783134595381270726e-01,7.848022129080458598e-01,-6.184450235124686057e-02,3.825887385474794899e-01,6.342714782037848220e-01,4.983679882557661145e-01,3.287075358380797674e-01,6.720265270163752191e-01,8.504432107564637855e-01,7.665974858888329191e-01,4.905749633453676539e-01,6.225969325889042505e-01,7.529884578144563356e-01,6.099564662619726407e-01,6.074018868242864189e-01,6.227137296466959127e-01,4.545943677791045578e-01,2.689393509934740467e-01,5.576019233464057923e-01,4.710896551967262424e-01,2.659052702867149565e-01,8.041508693251486761e-01,6.059257349376819812e-01,6.059010633175541116e-01,5.299233494954047607e-01,8.959935147988000725e-01,6.822007558231787394e-01,4.561674902602240733e-01,5.059222950709436617e-01,8.061042631174066830e-01,7.907148689969013544e-01,7.346373747760804873e-01,4.524578231127787675e-01,2.192773365815083308e-01,4.356615552747791220e-01,7.469075042282224963e-03,6.747249286713929983e-01,6.528145284841579965e-01,6.354388186384239967e-01
7.794401165757063321e-01,2.468444781626005224e-01,4.028283977869145938e-01,9.464572411764640147e-01,6.892448930840744392e-01,7.026078713689505595e-02,5.469913618874613359e-01,0.000000000000000000e+00,6.698107656554592726e-01,7.149963033956669989e-01,6.039346034106836125e-01,4.609562690842657351e-01,9.747023852079672590e-01,8.478399585576688047e-01,6.074268919524079546e-01,7.599450870018291671e-01,9.684073211192438801e-01,9.262792178255497832e-01,4.122543981360833887e-01,6.193546467954755830e-01,4.951977202344463591e-01,4.073731145654673619e-02,8.979162291013252917e-01,7.884625827658462427e-01,3.002109893978204824e-01,3.753766231817417531e-01,3.006670319058663554e-01,3.809334563842610710e-01,7.349365117263172431e-01,-1.652239269514018116e-01,1.300830295790853658e-02,8.749273129072938637e-01,6.671860759918565309e-01,7.885111347596056586e-01,4.629675430427009908e-01,4.050092659169610698e-01,3.030193096156390611e-02,5.383777606257267312e-01,8.795775423788837477e-01,3.123013784281535310e-01,7.193697055775933880e-01,6.220274236705578552e-01,6.412567887437525815e-01,6.044823394558672680e-01,7.891794584347575636e-01,4.011305360623442784e-01,8.338444280461111413e-01,5.291539340990135676e-01,5.276588331446709912e-01,6.890252539709564861e-01,7.640080233108506036e-01,3.443627894130407707e-02,7.019732709074899546e-01,5.936839158270976746e-01,6.289010479407730614e-01,4.286209525795093844e-01,5.110246201891627260e-01,8.501715371592547532e-01,5.072746593057481101e-01,6.696116599144426029e-01,3.451940199648253493e-01,5.324024999071952369e-01,7.776967765850812953e-01,8.210846641980262817e-01,9.271895817707220822e-01,3.406930364483425899e-01,6.267954500235756177e-01,8.324326820495610013e-01,8.185023522523510175e-01,4.705807900801975419e-02,4.876315504253996846e-01,4.868432029749510392e-01,2.399068947658476170e-01,4.792026436700974057e-01,7.604726356600858272e-01,3.585011640343915840e-01,7.188976717925086302e-01,2.664941152698678817e-01,7.826446160784255035e-01,4.503776648855199460e-01,5.004705527560815437e-01,9.168819587126334492e-01,2.447241866683630973e-01,4.449257922576653201e-01,7.662415601360904605e-01
9.025503099122794692e-01,9.279138597696964252e-01,9.927507835899735955e-01,6.405558890759346369e-01,6.800320820601294391e-01,6.767391679499301649e-01,7.264964114124925487e-01,6.698107656554592726e-01,0.000000000000000000e+00,8.632733981581166560e-01,5.284148003377554526e-01,2.548905786336858603e-01,7.530876842368645629e-01,2.859126197447802720e-01,6.821911759306368284e-01,5.198342515250252704e-01,8.580521130376947969e-01,9.868813732629884150e-01,3.764841747923052262e-01,9.897884048252281186e-01,7.171814116828060248e-01,4.271185928117834374e-01,1.847048456870380995e-01,4.682479788950032473e-01,5.884468651585608168e-01,6.681422777621760511e-01,7.970481721703366329e-01,5.731717776669852382e-01,3.039115765197880625e-01,6.386816798798380379e-01,4.731218043201814716e-01,6.072695765397727596e-01,3.623843711107896937e-01,4.345235068405186030e-01,8.607606499308375625e-01,6.271617660512961434e-01,2.403923401441391550e-01,2.240458055373791557e-01,7.015532636806754985e-01,4.029575187004797443e-01,4.984064497362059726e-02,5.250708866342642667e-01,9.619555130284132005e-01,6.186622345235828213e-01,8.030836765786062426e-01,6.657227229273047220e-01,7.194603493834481611e-01,3.083802227881271563e-01,6.717829083728643624e-01,2.013362813111206351e-01,6.086881733068039146e-01,7.599488768672200134e-01,8.447993138501905808e-01,2.178768340307172813e-01,9.122522865126193592e-01,9.557621612235612796e-01,5.132479259093242208e-01,8.757653896906434365e-01,-1.202482678793069804e-01,7.164701026997315481e-01,4.368974321018583851e-01,6.619517683434598121e-01,9.780939000140960182e-01,7.158656638691569540e-01,6.932011922452980812e-01,4.973155221930464220e-01,4.512882237942996699e-01,8.951912061131875875e-01,2.625450450526800039e-01,7.066721221212706183e-01,9.819471347550434714e-01,2.262224653280671682e-01,4.400078675835071840e-01,2.684571534734529474e-01,5.860857868478637211e-01,7.056916153210851528e-01,7.030173565841969507e-01,7.007613785719374322e-01,4.666249193193461320e-01,2.505507991874144080e-01,5.750564502288172397e-01,9.110947049933100228e-01,8.975720155424087299e-01,-6.230254665619081034e-02,6.914824706327399317e-01
6.791852996926643904e-01,7.098054316480556514e-01,8.346776889953551049e-01,6.628287222224347186e-01,6.972542997150277255e-01,9.843369584596267652e-01,4.003756883130792921e-01,7.149963033956669989e-01,8.632733981581166560e-01,0.000000000000000000e+00,9.163607976052723370e-01,5.638071017853166778e-01,6.472582156989726831e-01,6.888601249930766945e-01,5.913192176819381807e-01,-3.757689854421338849e-01,6.445987452536333651e-01,9.093775095583451762e-01,6.164817878342238044e-01,9.187866072818473562e-01,6.437981739168671114e-01,5.663427253157200525e-01,9.349062574673686621e-01,6.125989654532666417e-01,9.520029226353923235e-01,7.177145680628865820e-01,8.854330127606619971e-01,6.403740324707232201e-01,5.044518166046559893e-01,4.668903923043171700e-01,2.579753288763748653e-01,4.703215019372931627e-01,6.639130041574893282e-01,8.249620899868536084e-01,5.714816638167458107e-01,2.912545145027493620e-01,3.938699978842722382e-01,1.040792487539737715e-01,8.080621130615074366e-01,8.972106578227283524e-01,4.542996170701376624e-01,8.917636818095417972e-01,7.379882344304619091e-01,6.254620112716411384e-01,9.360944492375337100e-01,7.629163640606113628e-01,9.859999691979945968e-01,1.160839453907284435e-01,5.341786572204523242e-01,2.721585479121432782e-01,-4.085440593777459051e-02,9.731490841348173770e-01,4.214514519421540539e-01,9.587064648784844323e-01,7.473559260172141228e-01,7.282662297863340406e-01,7.610200028611394663e-01,6.244382029691200042e-01,9.007267465537870388e-01,3.371297365128842483e-01,7.165021425008153422e-01,3.431108544570473651e-01,9.247658282019214360e-01,8.610150491814411167e-01,8.688446711363021491e-01,6.661399406685766245e-01,5.725104641354535895e-01,8.576980477589407625e-01,5.774403653101458644e-01,7.797476678023835817e-01,7.006342002023350224e-01,7.792615794369429638e-01,6.719470485494791756e-01,5.761633181808420989e-01,4.114372221088917758e-01,9.948643507449481671e-01,7.128902264661780563e-01,6.994493400442193254e-01,1.692898728684019138e-01,2.214729564265425360e-02,7.548420492265459636e-01,2.553884086123771047e-01,7.021271666875592565e-01,6.864336845791156883e-01,8.938632781734412447e-01
8.271028570513937472e-01,9.307102116232595090e-01,8.855218869721772634e-01,9.449516073576970099e-01,8.637671758268774536e-01,5.638408083672644677e-01,2.073142966541848542e-01,6.039346034106836125e-01,5.284148003377554526e-01,9.163607976052723370e-01,0.000000000000000000e+00,7.060584887408667409e-01,9.956877760472537808e-01,7.325224335952167376e-01,6.320389014758762691e-01,7.132696119331771722e-01,9.057097690209412466e-01,6.662871874077644918e-01,9.611250369683405070e-01,8.268463442962100673e-01,8.282773587251621716e-01,7.882814764738050872e-01,4.060377367778730262e-01,9.351088630244432931e-01,7.183417841448839214e-01,5.175455840874915170e-01,8.414601731871550472e-01,6.522147513515701434e-01,2.784087222254570948e-01,4.844884622227225712e-01,2.895308344083185048e-01,2.774528460972934818e-01,4.926986070324241296e-01,3.167986378310777007e-01,7.086237473825308664e-01,4.904800431564404484e-01,3.722282531403267036e-01,6.569823387800970416e-01,9.815234643523587099e-01,8.907703767200729761e-01,9.581161213418144529e-01,6.346662750108528206e-01,9.272524618830074727e-01,5.060713288628210238e-01,9.958014406784692074e-01,8.300125435454569489e-01,4.909340307697794836e-01,6.413608255053117047e-01,6.796751656681481180e-01,9.637361250367773025e-01,7.294086219954063477e-01,6.902942177554217684e-01,7.963358318860681573e-01,3.159622938865449537e-01,5.760089303744146960e-01,5.855316836599346875e-01,6.672679499600777664e-01,8.884814440955720594e-01,8.971546799032743547e-01,2.282557924766434598e-01,8.079044800792370973e-01,8.085161125691576745e-01,9.311961358977491887e-01,9.511473632886950913e-01,4.116450025396863888e-01,6.779782513450116621e-01,9.854557345204552066e-01,4.394196283167612349e-01,-2.954338052124466651e-02,8.297487280791172592e-01,8.473675391630259845e-01,4.000392500241943816e-01,5.692343828852092225e-01,6.727752947661605476e-02,9.707742128748579891e-01,5.628839785723025457e-01,6.241285454569862612e-01,6.092273667780203628e-01,9.406644890499551992e-02,2.984597257419544514e-01,7.401992177882998902e-01,9.401033848079948241e-01,5.757231759801547666e-01,3.915978820311304398e-01,6.740070746747158781e-01
8.948584663746272927e-01,6.297101820656941795e-01,8.991834506041416208e-01,8.495470068683943499e-01,5.901099446418054395e-01,9.937128859731437780e-01,2.160131138421342023e-01,4.609562690842657351e-01,2.548905786336858603e-01,5.638071017853166778e-01,7.060584887408667409e-01,0.000000000000000000e+00,6.992902786148792460e-01,7.622380686959722151e-01,5.846628130865708650e-01,3.410450713417932378e-01,8.553748539220447089e-01,5.345465397671921304e-01,9.599773945268910147e-01,9.833873862553303979e-01,7.747483565734891720e-01,9.970304022877409800e-01,6.013469133994180371e-01,2.936947993522159850e-01,6.182610784259540138e-01,7.578088692832707363e-01,8.143466653666852073e-01,9.908429963324585366e-01,5.866014414857990689e-01,3.734639038108754638e-01,5.485309950168837378e-01,6.431793188948802253e-01,7.839396141233305748e-01,8.156205627607947539e-01,6.376824066668163038e-01,-1.608136452651722226e-01,4.780547776863056653e-01,4.691756601329079568e-01,9.462965520353491256e-01,9.745219265578829448e-01,2.504457610320925398e-01,7.147654125653907231e-01,7.451449421713893795e-01,9.207783336549290043e-01,9.048938877811356640e-01,9.428829224252911478e-01,8.479404385458333415e-01,9.473055651409145739e-01,7.538494945028414440e-01,9.127793992449451110e-01,7.632779262649791452e-01,8.277122696698478999e-01,6.672555919538933900e-01,5.637265996049309891e-01,7.511891846330469580e-01,6.716464294993453876e-01,4.767628486289263168e-01,7.002422571816505625e-01,8.026422354515347912e-01,5.053527980158405430e-01,2.709172898139299845e-01,8.615067426410992768e-01,5.475738624014370171e-01,3.977828970244522422e-01,6.477707149177838186e-01,9.726449587703549504e-01,8.902122242093823967e-01,9.983458468065247171e-01,6.595446254736523350e-01,9.118625586405078032e-01,4.937532097401619025e-01,6.682132551119250863e-01,3.276966443845787946e-01,3.766784714203245121e-01,5.132133977816720760e-01,4.001032134718398581e-01,8.478352482815647573e-01,6.206410175918469774e-01,4.376384376944151833e-01,3.691996711121502406e-01,7.986052799310940919e-01,8.969011783496709800e-01,7.724374940597370509e-01,4.579245841917230497e-01,8.148617625845948620e-01
6.856216235054429786e-01,9.577374124666986344e-01,7.334035528126993109e-01,7.996048799901507298e-01,6.077074309827082965e-01,7.955900434017100231e-01,6.584888118123365386e-01,9.747023852079672590e-01,7.530876842368645629e-01,6.472582156989726831e-01,9.956877760472537808e-01,6.992902786148792460e-01,0.000000000000000000e+00,4.888594524344564429e-01,9.068884290011981486e-01,3.449895745482789433e-01,8.562722131267950232e-01,8.015413791935752652e-01,6.892407517441113685e-01,6.873207877406672939e-01,8.273522995244321221e-01,9.401253645202756193e-01,4.340848753065484900e-01,6.917230539435171854e-01,3.352950213668158819e-01,9.475909960928111664e-01,6.994824670700569014e-01,6.085200643036453583e-01,3.104979417737062097e-01,5.700655051213447955e-01,6.677151705713808560e-01,4.367419741185033510e-01,8.604596020431835024e-01,7.740630457099472173e-01,5.920416418948939441e-01,4.366037713220982663e-01,4.852253682501759258e-01,9.420880756303013914e-01,9.783931653537000228e-01,7.366110014268762995e-01,5.996891230663256023e-01,9.230178182000433607e-01,8.320845867245423300e-01,6.727607682987017945e-01,5.973363539211602458e-01,5.446705378848493151e-01,6.946618071651409210e-01,7.363271896136432959e-01,4.954191719290118590e-01,7.391354760776025490e-01,8.714259559401017485e-01,7.332046147057704744e-01,7.933840900108687366e-01,6.988293806035138500e-01,7.323443914549351286e-01,6.602127442392202727e-01,7.730602303359882521e-01,9.954308464104208998e-01,7.646710824384068683e-01,6.971112019725762554e-01,-6.823845856266783083e-02,3.994118589705457634e-01,7.794181542827878229e-01,6.625166046880844872e-01,7.982124868747417779e-01,9.250516711679671600e-01,8.130581883018185296e-01,7.057888159128761218e-01,6.552050088668048833e-01,8.601731572465625142e-01,7.153982739376052447e-01,9.893002836297308811e-01,4.370687022729171645e-01,4.310701548747378764e-01,4.370095054711279903e-01,8.028311127764158339e-01,4.630837915140509353e-01,5.735733937588498588e-01,-1.478442509274216221e-01,5.975152292995040693e-01,5.049377717624787820e-01,9.151583343448826957e-01,4.411033652876283906e-01,4.030769848174826087e-01,7.011064505881351439e-01
9.547743598347384619e-01,6.759048368318912869e-01,4.510035321045056667e-01,8.248952140286509582e-01,9.448810732638099896e-01,5.154961388031855662e-01,7.344825171238414940e-01,8.478399585576688047e-01,2.859126197447802720e-01,6.888601249930766945e-01,7.325224335952167376e-01,7.622380686959722151e-01,4.888594524344564429e-01,0.000000000000000000e+00,6.892781389468141118e-01,9.046203105277298429e-01,9.806403920229362914e-01,9.837585234670240819e-01,7.236068110520179619e-01,6.774987951620067284e-01,3.613915479273271392e-01,9.219267371702943858e-01,6.681661959452589450e-01,5.623192508079690732e-01,3.825846433382542600e-01,4.360465811584252060e-01,6.203374339793664705e-01,8.876122539571813519e-01,2.876840037445140830e-01,7.159729983118137131e-01,5.048899131848585964e-02,2.225169253602008734e-01,7.526837749041093151e-01,4.993799034759184297e-01,9.131058870793328230e-01,2.028887787831734624e-02,3.653809057165123830e-01,6.581082402645471729e-01,9.827077151710121861e-01,9.545066852171807392e-01,6.735611665697383010e-01,9.172913809362209792e-01,9.133222937456122459e-01,7.552045621683167731e-01,6.144467158563443610e-01,8.588956966156926498e-01,2.680225245274201473e-01,9.486100542930078205e-01,6.919927713711727657e-01,4.406207379193642359e-01,6.699751975498151602e-01,5.903237132809502352e-01,7.665598853756637743e-01,7.189784663643212781e-01,2.696129850731143196e-01,9.699851387767782773e-01,9.141198554278118227e-01,9.555908171267402107e-01,7.581931252325475601e-01,2.043132840546438012e-01,5.411306857127713421e-01,6.565384599162497059e-01,6.685149776767493890e-01,8.604594783072451181e-01,8.472989446589235252e-01,7.255374699048049436e-01,8.240262514277174599e-01,7.300076126020352829e-01,7.764105369989127148e-02,7.222587420319743767e-01,5.273496551301999347e-01,2.452778697929928753e-01,6.839818927386128733e-01,7.144419748562980121e-01,7.667205690402970619e-01,7.931417991339260176e-01,9.136283378045315651e-01,5.863651670547872508e-01,8.638235449033787594e-02,5.399697108016419250e-02,5.685127241592412561e-01,5.368937796203611112e-01,7.405354711865789197e-01,5.403677688920578426e-01,7.831883304365940823e-01
9.715498108017657231e-01,6.015517704484361072e-01,7.651043266854048452e-01,9.830346657736934723e-01,4.641884735847359167e-01,7.623236830809566600e-01,2.919527204819502564e-01,6.074268919524079546e-01,6.821911759306368284e-01,5.913192176819381807e-01,6.320389014758762691e-01,5.846628130865708650e-01,9.068884290011981486e-01,6.892781389468141118e-01,0.000000000000000000e+00,6.451580802838436934e-01,9.719953242400656279e-01,5.286374037284835570e-01,8.883689814895932013e-01,7.920151208066222859e-01,4.438988085226058811e-01,7.514463091229994784e-01,7.450746472330779246e-01,7.949406793172034691e-01,5.045652569979170998e-01,6.228993276641662247e-01,8.004394824651258622e-01,2.329320936484980398e-01,4.952061584915106729e-01,2.402201354453260829e-01,2.791368422599438959e-01,4.286059999068176918e-01,7.017638050979607689e-01,4.090501433829873412e-01,1.597174962758094729e-01,3.010852164918446094e-01,3.117491554236919149e-01,6.230253127213190023e-01,8.127509155547489872e-01,6.617607458633885109e-01,5.333046144720759996e-01,8.094305557457301958e-01,8.753968364455166906e-01,4.701047318056096880e-01,8.005166377109210751e-01,9.089857426612630853e-01,8.293188741352340854e-01,6.952395793606362950e-01,8.288494179301779674e-01,7.185658755062271918e-01,7.379273723524935047e-01,4.079070294015236242e-01,6.603178016525886873e-01,9.721066097803322537e-01,8.840730340783583552e-01,9.447746484769629083e-01,8.894111781959936902e-01,-2.614478014696663966e-02,6.933487384101464368e-01,3.764958860354218340e-01,7.873712371776342422e-01,9.042362497016956935e-01,6.593070510654230887e-01,6.956901829707253793e-01,8.710785956057670587e-01,7.077302918272004861e-01,9.574204789440619034e-01,9.171822090383039416e-01,2.514125570208031180e-01,6.127786688217708999e-01,7.405905591835154622e-01,8.182013418909461766e-01,3.165607528557937700e-01,3.873302922175367868e-01,7.272691290894884864e-01,6.218185483898981403e-01,6.503693823355616299e-01,3.206063859407451977e-01,6.698001798197987799e-01,7.224661413417917677e-01,9.743749598065042372e-01,8.284780165670361241e-01,6.821107990698012102e-01,7.498348177698677119e-01,5.623447773982568343e-01
7.568031504370698048e-01,3.384736074828029739e-01,8.133202510355157511e-01,9.576683701321667685e-01,7.086694979042662546e-01,7.676286440174390213e-01,5.855008697876316198e-02,7.599450870018291671e-01,5.198342515250252704e-01,-3.757689854421338849e-01,7.132696119331771722e-01,3.410450713417932378e-01,3.449895745482789433e-01,9.046203105277298429e-01,6.451580802838436934e-01,0.000000000000000000e+00,6.319764833296633855e-01,1.849905191501655111e-01,6.430106576571632537e-01,8.469320485804220366e-01,7.930867909457014475e-01,9.468899217835751170e-01,5.678606143945904572e-01,9.734429324212863222e-01,4.769443229851424992e-01,6.044954354596283608e-01,9.615609850828747973e-01,8.168492471598568505e-01,4.142214102829125943e-01,5.388879388589785657e-01,7.164683840226931943e-01,8.949143996351084374e-01,7.095994105652347894e-01,6.369723785655825310e-01,1.799520489303508552e-01,2.710844253573095886e-01,4.029207495712438525e-01,5.153208227057980428e-01,6.234516952233262188e-01,8.811776976855936194e-01,4.154095780480941968e-01,6.273674176281140991e-01,2.857797088780286709e-01,6.532520097700484918e-01,8.164519528378721969e-01,6.210030818980984968e-01,8.098991193384160736e-01,7.159497112020101195e-01,6.304911159886926741e-01,4.927309472369566512e-01,6.854938893983715253e-01,4.662754963253293861e-01,7.878735329419610522e-01,7.318130446056914096e-01,9.135556255509990065e-01,6.297299404725742455e-01,3.840270480165163258e-01,7.907463748212295584e-01,5.022566884780644836e-01,5.158995385772363607e-01,1.683414647851980972e-01,6.471027640490949473e-01,3.806446082555994259e-01,6.598886506609196179e-01,9.181318665652609123e-01,6.399390093910028998e-01,5.052881336013862468e-01,6.723244516192126152e-01,7.178020479944240417e-01,4.579018763076335152e-01,7.171051960847139028e-01,8.231580040499225648e-01,2.969351214319618237e-01,5.711923890974959228e-01,8.149454545680594464e-01,3.660380910839310387e-01,6.010355486366892874e-01,7.100109829268053119e-01,1.609699587869393295e-02,6.687764861094980251e-01,5.724237591466275754e-01,9.312048472350733519e-01,8.530946622075370467e-01,3.295282677791566139e-01,-4.045568063971655137e-02
8.470185272725029302e-01,4.334636345313425121e-01,9.591500775936407930e-01,6.721594495094415089e-01,3.458527911181588088e-01,9.373226694650199642e-01,7.583383542691819468e-01,9.684073211192438801e-01,8.580521130376947969e-01,6.445987452536333651e-01,9.057097690209412466e-01,8.553748539220447089e-01,8.562722131267950232e-01,9.806403920229362914e-01,9.719953242400656279e-01,6.319764833296633855e-01,0.000000000000000000e+00,8.174344772480639509e-01,6.018687226830051751e-01,6.131922989369220645e-01,5.494338050698457376e-01,7.931303304242933727e-01,4.410467856866113201e-01,9.599724581950678237e-01,9.472043207753642058e-01,7.767530462673136737e-01,5.759365089156702755e-01,9.949667283154879360e-01,5.998010407475707906e-01,2.632383308011789769e-01,2.886563580752022906e-01,7.570936273018907814e-02,9.253006796635105946e-01,9.154070969432246407e-01,8.338937869606091180e-01,6.226138891368558914e-01,6.834135158280411071e-01,7.255737211473476389e-01,9.040173486645233236e-01,6.844473145243682444e-01,4.164793954500726203e-01,9.668778948153721187e-01,7.053155119368680337e-01,-1.707032786126187474e-01,9.913235847255899014e-01,9.012003008991121833e-01,7.297466131948054935e-01,6.849606968900535664e-01,6.826664751057996972e-01,6.563403631002128202e-01,7.459757551266492648e-01,4.186603424433369414e-01,9.504643004406256868e-01,6.750506963134332850e-01,9.406609075570553369e-01,4.032025264274899934e-01,8.263513971356583054e-01,7.966279589293809860e-01,8.759679537107177838e-01,5.546688188350483717e-01,4.497604870732522797e-01,5.504184835207990290e-01,9.435339765267990453e-01,6.608518877927138657e-01,7.239228710983649506e-01,4.148893795695724473e-01,7.759281887454275717e-01,6.816962602399277982e-01,6.139568059634834540e-01,9.622569167642953669e-01,9.614099602514168952e-01,5.761267963817031657e-01,4.152092215097002437e-01,3.714839610946109039e-01,6.504410330161293219e-01,9.465190556805055389e-01,8.313234733485926897e-01,5.756385322522918901e-01,4.012122445087173972e-01,1.854720842579728191e-01,9.785529415746112569e-01,5.075869732210817054e-01,8.340442951030377916e-01,4.838948483236820558e-02,6.314241578883263983e-01
8.011695693132334650e-01,4.131057989605169678e-01,6.728802752802631737e-01,8.672202687597660997e-01,6.287424654071024355e-01,4.829778972064429632e-01,9.989999392751874874e-01,9.262792178255497832e-01,9.868813732629884150e-01,9.093775095583451762e-01,6.662871874077644918e-01,5.345465397671921304e-01,8.015413791935752652e-01,9.837585234670240819e-01,5.286374037284835570e-01,1.849905191501655111e-01,8.174344772480639509e-01,0.000000000000000000e+00,9.919787524485612629e-01,8.424937521041234723e-01,7.976676972123460940e-01,4.485296189203836770e-01,4.674573912135378539e-01,8.737368970402148438e-01,7.267226946186489123e-01,7.806850186087692656e-01,7.170895758411891530e-01,9.230840240489959214e-01,5.318772423609496869e-01,2.178648399683260073e-01,1.918356013531720416e-01,8.877607363790562811e-02,5.395651224896598208e-01,7.232973580048398521e-01,6.110150925793766952e-01,2.109793407291115641e-01,1.629965222209143194e-01,4.642653230190331715e-01,7.465673811776326607e-01,5.000680398704767660e-01,4.434566019994221064e-01,6.028719996213230958e-01,8.468534193119808817e-01,9.581936687476135805e-01,9.341294703420538470e-01,1.848190866295031376e-01,8.934206195209207779e-01,2.049910710111464418e-01,7.315032924634206069e-01,9.799984724058713459e-01,6.467632081257177479e-01,5.302911446359217518e-01,9.842009489493930285e-01,6.563878804140678147e-01,9.935745906785736770e-01,7.540494975924394438e-01,6.009021582670931449e-01,6.796061127708615812e-01,7.915623391902042449e-01,4.908504516512126603e-01,4.523892221131278757e-01,7.629390049813625785e-01,8.479327893259374083e-01,7.355825555478382460e-01,8.668488938826882650e-01,9.832662190080250220e-01,6.884785569497020585e-01,7.276437857280309007e-01,4.667956132413593751e-01,5.335858201705026005e-01,8.149629090153465150e-01,8.112592769376902879e-01,6.698102753793387931e-01,4.106582472384812110e-01,7.246592374235650835e-01,7.596776189207156138e-01,4.452040260188043774e-01,5.963585621247549096e-01,3.400966738148926138e-01,3.331785165051288911e-02,6.356468873969401967e-01,9.431518151362016100e-01,5.021393508971863096e-01,6.131493569938664123e-01,2.867435833000216427e-01
