0.000000000000000000e+00,7.168292519703880483e-01,9.372024612405146504e-01,6.609326485967865761e-01,6.979854027827351315e-01,9.194560055686096245e-01,9.266456179662085901e-01,5.787519960147550213e-01,5.268197465974869820e-01,7.037574482818654831e-01,9.119859926180056142e-01,6.391619414333775673e-01,8.953989523231521419e-01,6.922752909164027191e-01,3.998009741935685257e-01,2.032113173660080596e-01,9.743781996989795413e-01,6.631204131745459529e-01,7.349919701011971285e-02,8.949868156257375640e-01,4.199894453171974518e-01,9.979000840291090135e-01,8.615133617793966359e-01,9.467150690286616488e-01,8.315894165525477000e-01,9.978003251790412698e-01,9.954569412812388496e-01,7.458471418148351351e-01,6.289040334296179813e-01,7.127591980098491042e-03,3.599041665693579750e-01,8.318766593162471024e-01,9.257938017547348020e-01,9.274154144639065178e-01,7.094102281598118065e-01,5.967691431806629865e-01,1.771132307032454722e-01,8.955116032411674087e-01,7.123283847806946012e-01,4.116592974484422074e-01,3.002933689750555413e-01,9.843344553363923000e-01,6.798647985623939016e-01,7.248606023795773901e-01,6.164297799051767779e-01,9.344244762593147957e-01,7.797690213995670527e-01,8.840944154079474204e-01,6.042523799980519250e-01,7.406258228566828805e-01,6.268787084950251387e-01,7.815774463966688179e-01,8.423637726548299787e-01,6.606250385629106603e-01,3.748546311713710222e-01,6.086606813774090297e-01,6.668527978688107982e-01,9.200500255747783296e-01,6.317157620045218414e-01,6.865560474191386708e-01,4.466894406110427651e-01,8.792447513230222667e-01,9.623817898464184228e-01,8.127869224791385294e-01,6.017399152741761403e-01,5.594195126685144182e-01,7.539344654240773824e-01,6.997607401730431276e-01,5.263011607259014957e-01,6.846270896223258795e-01,6.040524722866018603e-01,9.330627090384127076e-01,7.694900096237378140e-01,8.507409396282531455e-01,5.790158297543176458e-01,6.542780493324938940e-01,8.670742544517463513e-01,6.600605071057019657e-01,4.146767441078595406e-01,4.786368631481667801e-01,5.995305344382083623e-01,6.464416497199571010e-01,5.623174451133343688e-01,4.122184293001386335e-01,5.575934627244978348e-01
7.168292519703880483e-01,0.000000000000000000e+00,7.952277950685451291e-01,7.502837236070343252e-01,9.876220589468207578e-01,9.982478160151104785e-01,5.270250083763160509e-01,9.574310286027968298e-01,5.957912334433614898e-01,5.261272066406620374e-01,9.443989461247004336e-01,9.176752698750576531e-01,8.675672743495196348e-01,7.338439841299029265e-01,6.082189394272471406e-01,9.780592572024406905e-01,5.736334668293712191e-01,4.742947173944612183e-01,9.631478265422036555e-01,6.055465850563398478e-01,6.565838409386361985e-01,6.824778100422376204e-01,6.996735229502636377e-01,7.217754754615538504e-01,8.143114749142738029e-01,8.148395888909720775e-01,9.381146261039644552e-01,9.958329721721558281e-01,6.163299601509052428e-01,7.937590849379899671e-01,5.913453634788720104e-01,7.397939334663929944e-01,6.996240833492390898e-01,8.091450043836461159e-01,7.596112337106735168e-01,-1.846470368583141286e-01,2.152311473949494736e-01,9.781074768140005649e-01,5.924726323816380535e-01,8.624675368334145942e-01,5.792418117019275670e-01,7.040548288298064117e-01,9.317588101689870950e-01,9.440564811958036540e-01,9.258156787705366098e-01,8.141529465399234278e-01,9.521673353317858801e-01,4.865021027273793153e-01,5.621877079527810572e-01,9.925321492098043707e-01,5.707619406104653681e-01,6.023106455124204173e-01,6.936872368880701023e-01,9.174154873139460653e-01,5.760995276430909140e-01,8.635793230555603994e-01,7.672602899510442276e-01,9.276654763492845346e-01,9.336675580603061020e-01,2.198337349781414873e-01,3.861367686371827146e-01,1.059720098124873194e-01,6.715378233361652960e-01,9.039531083002646517e-01,8.024384986100764339e-01,6.463276004532274577e-01,9.662717468249040209e-01,5.202159384907626416e-01,5.716205699099180526e-01,6.506836231902727308e-01,9.893367890215057914e-01,7.597322457653639394e-02,2.380432929699752287e-01,6.725213663059133040e-01,8.709169909162068901e-01,8.685220840609280124e-01,7.178842115766772558e-01,9.795283940596276606e-01,7.945119029753322515e-01,2.475608712103367637e-01,7.194929042097087946e-01,8.829948618774365876e-01,8.962043872183170778e-01,7.129815274174290396e-01,8.522530584995525738e-01
9.372024612405146504e-01,7.952277950685451291e-01,0.000000000000000000e+00,9.549427218342488866e-01,8.242011583570391098e-01,8.861420924806681088e-01,2.972515459719940467e-01,9.180661949736316219e-01,8.941002121831835847e-01,5.205860948509090091e-01,8.848211039059094007e-01,8.478503571126609906e-01,6.532609108176941071e-01,9.513138059486921927e-01,8.602518684731957910e-01,9.948364741186581650e-01,9.747919598808443276e-01,9.404958649374808299e-01,6.994535744772276686e-01,9.505157658888763184e-01,7.176255029075128133e-01,9.827628035285660424e-01,8.090420780432850956e-01,8.298253590894699716e-01,8.846663924241785493e-01,6.886013846796057436e-01,8.752859112473094783e-01,9.637165055955949633e-01,7.254789864901017848e-01,5.247243854204132196e-01,3.991718153387900925e-01,8.447087245321589499e-01,6.317244113218805079e-01,8.565101709113384088e-01,6.387004097325480467e-01,9.525233384564508743e-01,2.018013197016599869e-01,7.266930373793745179e-01,9.516408789394633638e-01,9.483421521206210347e-02,3.792580063585879735e-01,8.016284990579927161e-01,4.918872922067299425e-01,8.196741792984122421e-01,9.686835123158935579e-01,8.489410375696024857e-01,9.432542874828753199e-01,8.948771000099347006e-01,8.449999156390799460e-01,5.044156861434632155e-01,7.259675819026327748e-01,9.594418238652653308e-01,9.230074499029599089e-01,8.537518573462601346e-01,4.303173070028883940e-01,8.746082766123620678e-01,9.388660517695529562e-01,6.653153430398306423e-01,9.757593323621785997e-01,3.989314026514925171e-01,3.143683500813297949e-01,9.359013150336995546e-01,9.945878223855438849e-01,8.387701345608065129e-01,3.724036795518108622e-01,8.226867568415280330e-01,2.803084991003396143e-01,9.185858258356583983e-01,4.431491123367670704e-01,9.542400621313185116e-01,9.973365373071056972e-01,9.481882872510312144e-01,5.226664505912537173e-01,2.883910608041372892e-01,9.572582637638837877e-01,8.541801927283800833e-01,6.772592546636804212e-01,9.461407104212218311e-01,5.600248680700239401e-01,4.925593294174810399e-01,9.531211014556399963e-01,9.128897320987813258e-01,9.803999377159379192e-01,8.674657822347831004e-01,7.135233604928088447e-01
6.609326485967865761e-01,7.502837236070343252e-01,9.549427218342488866e-01,0.000000000000000000e+00,2.206376951692124166e-01,8.939053620002604950e-01,7.756570254347553428e-01,3.562041897285687098e-01,8.400679760974610888e-01,8.597357104985086096e-01,6.101604464982834930e-01,7.770653940361302858e-01,9.285851851364783638e-01,6.278935149962789897e-01,4.234353511448185614e-01,7.700846219702723872e-01,8.812356074267591044e-01,4.622852647857034758e-01,5.771316135709922968e-01,6.779561036959032005e-01,9.280871401110729613e-01,9.906026620297493368e-01,6.189954440031542049e-01,8.809814987823174626e-01,1.242410285579036433e-01,7.007530201279155158e-01,8.448987769681564064e-01,5.413824850559409985e-01,6.694696117091545329e-01,5.651242543986658706e-01,-9.859127463277440884e-02,9.932623365833264106e-01,6.377501635328044483e-01,4.786395950938176491e-01,9.594898161809044534e-01,7.507926175183616824e-01,6.311439640432138232e-01,3.608948205289167488e-01,3.196229875017227440e-01,4.699714358245073997e-01,7.450103920400208413e-01,6.970763234445174206e-01,6.501332485815632944e-01,9.228317933087506475e-01,9.417513156913370764e-01,7.473804951013147679e-01,9.583926464522289912e-01,7.899528540460722947e-01,5.603431026323506536e-01,8.115869830843885913e-01,9.047952378060321044e-01,7.456432317621115580e-01,7.888721079080279752e-01,9.879356800224746715e-01,5.539814474978380643e-01,9.716958409435250132e-01,7.543772651725634271e-01,5.631779227661133369e-01,6.445884292252420655e-01,5.075672110636245682e-01,3.887847611042858920e-01,6.714082046723776065e-01,6.358875024108838758e-01,8.652014506759302392e-01,5.513363649907923048e-01,8.016260463778872580e-01,8.437985986735662136e-01,8.644227536334054829e-01,9.564953703743048763e-01,8.322659781450718608e-01,6.724424106720776617e-01,7.362940948469117730e-01,5.404505426866812456e-01,4.873526504783709523e-01,6.369505088555001970e-01,5.368636577796673803e-01,8.175910991624096846e-01,9.657964073415542527e-02,3.919909524418723756e-01,-3.996195989959999695e-01,4.920964670027123677e-01,7.697303024545075756e-01,8.740807442713888209e-01,2.170491775227686992e-01,8.374391956555204963e-01
6.979854027827351315e-01,9.876220589468207578e-01,8.242011583570391098e-01,2.206376951692124166e-01,0.000000000000000000e+00,7.654986263578765771e-01,7.505462304275805074e-01,4.169700575235359974e-01,8.298137076453359073e-01,7.670030152353579656e-01,5.607151837745798506e-01,4.320243062303518733e-01,8.467476712374364389e-01,2.064486658323583246e-02,9.388582182612554838e-01,8.856146921119375515e-01,8.360396555221009107e-01,9.191677628457444182e-01,8.150887480195719847e-01,8.139747268771575506e-01,9.670602175030122982e-01,5.098322936732579969e-01,9.802533399808162073e-01,8.926997873364462821e-01,6.685223872509310494e-01,6.492740590915923038e-01,9.560292533352688915e-01,5.453427474785182971e-01,1.304287827085741369e-01,4.783825733206257258e-01,1.785353522740633359e-01,6.789946201596442910e-01,9.583485299605828400e-01,8.006577593530317394e-01,4.339477375187402730e-01,4.982624556973581642e-01,3.576252031987742219e-01,4.182173730302253811e-01,8.356688593455934289e-01,6.370853227809065711e-01,2.314291042311909796e-01,6.831278954617989729e-01,4.564421322788760893e-01,6.583829468419802877e-01,6.630945463827471187e-01,3.793797698733195611e-01,6.782714327437422419e-01,6.295185848380053795e-01,9.548107762859834313e-01,8.742916575451418204e-01,1.944690207476550414e-01,7.705031724619078037e-01,9.053214547653271049e-01,5.119612586646039576e-01,8.556905279528261854e-01,8.031884692312917240e-01,4.577216880486489892e-01,9.325463337389707785e-01,9.860254268867121308e-01,3.018460019987175280e-01,5.071811209089643890e-01,6.100884121974592400e-01,9.812817255688364160e-01,6.951035905422092709e-01,9.374032980932365255e-01,7.392927005687373043e-01,5.601989213406504131e-01,6.559008471453772193e-01,5.966078270594542543e-01,7.319104489265086944e-01,8.204866922603499813e-01,7.129792329972320930e-01,5.598134378973295133e-01,5.228199051473235714e-01,4.827811072036073958e-01,4.552396613456421992e-01,8.358842892819178250e-01,4.699215806160327302e-01,5.460195937554205292e-01,1.492656938039996772e-01,2.797267914089357488e-01,9.881594343040900341e-01,7.645194168453874894e-01,7.619072786734377711e-01,6.721463748841716157e-01
9.194560055686096245e-01,9.982478160151104785e-01,8.861420924806681088e-01,8.939053620002604950e-01,7.654986263578765771e-01,0.000000000000000000e+00,5.639326237527328978e-01,7.537254363847336602e-01,9.688009536115387288e-01,5.221084034523326700e-01,7.395026861306763788e-01,7.883811748552030929e-01,9.192150071336516737e-01,5.592008031847741645e-01,6.768673129936522148e-01,3.796280127762067247e-01,7.705657261464418095e-01,7.149759022215470550e-01,7.757593321276941012e-01,8.871674717603711402e-01,6.342691221259715295e-01,8.144793068808906522e-01,7.532516544468922381e-01,6.197084252370627100e-01,4.383342542777245443e-01,7.257058111777856535e-01,8.302324345933064231e-01,6.607616103128912677e-01,3.099273829656911117e-01,3.883890126140413512e-01,5.249375965602985916e-01,4.004965968143181509e-01,7.200713510190912547e-01,7.617989170303329782e-01,2.873056818299500326e-01,2.043933553460133556e-01,4.711652315545848957e-01,6.211005600428932683e-01,4.289874797369636616e-01,9.403839304316534697e-01,8.181530640618413230e-02,7.397761808232827807e-01,8.586616447965194077e-01,8.786145903359297016e-01,8.269673409876795445e-01,1.844402853441420020e-01,7.076809958121613731e-01,5.785473639218896569e-01,6.095518259020684670e-01,8.724951849134060522e-01,6.032597760190553382e-01,3.345407659299868275e-01,3.242231702872059307e-01,7.138179348824095216e-01,8.863866565777305251e-01,9.325016442485251078e-01,7.086063832634028614e-01,4.977796958739570954e-01,6.137888907149309237e-01,4.487646781540158281e-01,5.579884075367970153e-01,7.274937814364949018e-01,7.365074079435909304e-01,8.297371235340581519e-01,8.521259691120237623e-01,6.648006593175606049e-01,7.899402164061420928e-01,2.457602778880110458e-02,5.672391322975312011e-01,8.588769351630035631e-01,8.098112497930098908e-01,7.588064619742008743e-01,6.320134590467580971e-01,7.058705365921575936e-01,5.680203014658158356e-01,6.702868802119168468e-01,6.931439569636868026e-01,8.336189304413964551e-01,7.918297185718334852e-01,2.436129333224834881e-01,6.194509079638137461e-01,6.813554601575713132e-01,8.037393923011911800e-01,7.644616955379257561e-02,4.655990109887211958e-01
9.266456179662085901e-01,5.270250083763160509e-01,2.972515459719940467e-01,7.756570254347553428e-01,7.505462304275805074e-01,5.639326237527328978e-01,0.000000000000000000e+00,5.596988462326535352e-01,4.250218227655592207e-01,4.138455338415602536e-01,7.019370207727740896e-01,2.156544278765877010e-01,2.060087743704263896e-01,6.691071187207477955e-01,3.168771199170231090e-01,7.185480902989950236e-01,7.606923313162753386e-01,5.036951832632897696e-01,-1.195312752017343577e-01,6.308832516125539858e-01,8.042109696188023404e-01,2.574878678982135960e-01,5.859482730322082000e-01,2.840160485359036757e-01,2.926496516532202385e-02,6.985072070334252814e-02,9.792184309091815919e-01,6.971275126968256020e-01,7.241122094737920678e-01,6.503644402113136769e-01,3.117164073018334203e-01,9.131563882553695999e-01,5.310458105938563600e-01,5.334281742246097524e-01,9.531902615040555027e-01,3.067532197496921076e-01,7.105837921799172952e-01,9.058065402640550490e-01,8.559456573514441224e-01,4.980079520163125384e-01,2.486797518847816968e-01,6.338320771036489720e-01,9.755992441221064126e-01,6.639349748015729302e-01,7.873391280478598819e-01,3.869332449466705293e-01,3.003408266271190286e-01,5.541364148464227313e-01,7.954531711285736106e-01,4.427451179438585682e-01,3.189922678178183646e-01,3.365888078477469181e-01,4.202897656658058922e-01,6.265927957427191997e-01,5.150766592888850193e-01,4.049479842150353059e-01,6.252273123671340249e-01,6.191718260030104615e-01,8.993321234758938632e-01,7.787733512814618564e-01,2.056674219735414311e-01,6.027601904468974370e-01,3.283214401186174136e-02,5.579592346201341924e-01,8.896275013138507104e-01,5.558359835611259570e-01,3.698286884422236076e-01,8.285639913923591449e-01,7.157805252787508010e-01,3.068776635612595616e-01,2.355050957704556969e-01,7.193425644731455959e-01,4.554950018230883857e-01,6.442346490234747147e-01,6.014005732287366346e-01,7.874078786299573141e-01,4.721376532394195302e-01,6.833368602758355115e-01,4.676183263695911085e-01,4.308477572392026000e-01,4.451013314990687753e-01,8.947491532887168475e-01,6.173846797164870281e-01,6.531727891760858995e-01,6.416915403529069861e-01
5.787519960147550213e-01,9.574310286027968298e-01,9.180661949736316219e-01,3.562041897285687098e-01,4.169700575235359974e-01,7.537254363847336602e-01,5.596988462326535352e-01,0.000000000000000000e+00,6.410873104423050473e-01,4.896088494539720948e-01,4.048612045942984738e-01,7.564952086282221710e-01,7.761448976491681639e-01,6.249280109995327681e-01,6.023517248173905214e-01,2.413578947891547866e-01,3.989347395048875589e-01,4.384304129371922598e-01,4.682282888591151049e-01,7.081931544806667755e-01,6.599402213660119365e-01,7.156488443277458922e-01,7.455035449426636873e-01,8.243479218388651830e-01,4.612480739061970980e-01,6.716676169370157101e-01,1.296249403616929301e-02,5.302817412183771228e-01,5.306799430785100746e-01,6.074512438036242523e-01,5.384010267199065281e-01,8.140448656098712155e-01,7.972011619356904610e-01,5.765396621139359246e-01,7.557869071470564304e-01,6.308378294764303007e-01,1.990299970848116995e-01,8.889383081116013496e-01,9.246971564400324750e-01,7.784053311654950402e-01,4.322954172954014407e-01,7.081477544780012678e-01,8.091296410235522263e-01,5.276997567750675300e-01,6.733449938444044935e-01,7.786346439795983621e-01,7.744942941170191997e-01,2.553217423824986065e-01,7.278479919257144770e-01,7.408000265148870778e-01,7.078952074878249734e-01,2.736899370341959181e-01,6.986701545205247221e-01,6.668636961369438509e-01,7.274828929403134303e-01,8.660663237804631098e-01,7.079673790523621779e-01,8.139158773122957546e-01,2.305111130333766245e-01,2.311732803107345302e-01,5.555402114712518769e-01,7.302664511898226962e-01,7.843933847234165757e-01,5.950942877630617245e-01,7.794168173717971326e-01,9.130339402968510321e-01,3.129582388630469114e-01,8.089459757892909497e-01,3.425962035927893612e-01,7.134332624883457097e-01,9.454034662495988117e-01,9.040543606622544193e-01,-8.529457988327215912e-03,5.487752625258397465e-01,6.138282544754868342e-01,4.087408579987937829e-01,4.076663277463555279e-01,6.863746051763778278e-01,5.655378610909849169e-01,3.732622189969070359e-01,4.658893608085695748e-01,6.905306574591231206e-01,6.974295132446827195e-01,4.277264838465891783e-01,6.907804382764691775e-01
5.268197465974869820e-01,5.957912334433614898e-01,8.941002121831835847e-01,8.400679760974610888e-01,8.298137076453359073e-01,9.688009536115387288e-01,4.250218227655592207e-01,6.410873104423050473e-01,0.000000000000000000e+00,4.116332636036494907e-01,6.064766858552912421e-01,6.241124215017617161e-01,9.335194574028289338e-01,8.623989887102674612e-02,9.146653784612310822e-01,7.899608964202585737e-01,5.510584162307157197e-01,7.765554088968589230e-01,4.972539089531234358e-01,9.798231217866872900e-01,8.210051596150357289e-01,8.028407437017134329e-01,6.305058949367090548e-01,5.507339581117944860e-01,8.916518718269145216e-01,1.197772534279096801e-01,7.742717824671293547e-01,3.699449060647521659e-01,1.155581276286438419e-01,1.864783689716577042e-01,6.513646846507273880e-01,6.562943131990753853e-01,3.733394762543186252e-01,4.786214256459945804e-01,8.885630071512773398e-01,3.576476732214296517e-01,2.801650884432995703e-01,7.212288229983456755e-01,7.589735722505783766e-01,4.951209288520561635e-01,8.193860524781279020e-01,6.201558967185889504e-01,9.540333347263466601e-01,8.933024578151992356e-01,7.973494103407998690e-01,9.515200320766222797e-01,9.263307027174929598e-01,3.742658076523388000e-01,4.343251108253606274e-01,3.272409928783433508e-01,8.230679677957021267e-01,5.323509227569898083e-01,7.834371515956110033e-01,4.029781152241801445e-01,8.262411968156403441e-01,3.032817617556874401e-01,6.944764423261940989e-01,6.222590877535559839e-01,8.226615966110943923e-01,3.869712069928126635e-02,5.157478909267952938e-01,9.876547173810124036e-01,9.508983150688254948e-01,8.172144436366702847e-01,7.695574144659795834e-01,7.548757401923812393e-01,7.657173868120696891e-01,8.109504846093475994e-01,9.641935701939622350e-01,6.979566042556064609e-01,4.671329700112982208e-01,4.087300009730240880e-01,4.495946868347916459e-01,2.740792892948697990e-01,7.635032785434100466e-01,4.724090895103664756e-01,5.508119330783132206e-01,9.722134058583464800e-03,5.782826645312288960e-01,5.305575577472942950e-01,5.044842842540252503e-01,6.653980608074995251e-01,9.367352064389689037e-01,6.663160794275391208e-02,7.337616737647518761e-01
7.037574482818654831e-01,5.261272066406620374e-01,5.205860948509090091e-01,8.597357104985086096e-01,7.670030152353579656e-01,5.221084034523326700e-01,4.138455338415602536e-01,4.896088494539720948e-01,4.116332636036494907e-01,0.000000000000000000e+00,6.092804968811208477e-01,6.623557245533492344e-01,2.024557816399683852e-01,8.747295488682980125e-01,7.899829933433781815e-01,6.382757063727293456e-01,5.524929166450263107e-01,7.647201943926684731e-01,4.121186255766369766e-01,9.020791541499558752e-01,9.362863168489461430e-01,6.459290208917669585e-01,7.501123303167578360e-01,9.034941003807241966e-01,6.574977243657786907e-01,7.021421951583196597e-01,7.766575197482797899e-01,9.925086326820380389e-01,3.164264020855127035e-01,6.283959446175483299e-01,3.971278154771495927e-01,7.564681107044221031e-01,7.481175572177789501e-01,3.582018601446492756e-01,1.282033232457873984e-01,3.282591484108191571e-01,3.424303825872482276e-01,7.268948576748761603e-01,7.595229967651904168e-01,5.349201197376617367e-01,2.216301113566569725e-01,6.399321937184555553e-01,7.874073777333413515e-01,6.194417654349403390e-01,8.330024190154654562e-01,2.580424644960900293e-01,4.816928167479104794e-01,7.721159065374657571e-01,4.511440940126231203e-01,7.982941217757498764e-01,8.531747899936404922e-01,8.794311210802208123e-01,6.333397878585332874e-01,4.944296113486646993e-01,9.686889032236635222e-01,9.649793583727140911e-01,7.454430514614945880e-01,6.910761543191794587e-01,8.274086609253414881e-01,6.407069025699767550e-01,8.003015271006864717e-01,6.079718700300342782e-01,5.184737114090147703e-01,7.710200761587999718e-01,7.200538242786832521e-01,7.226611141777429248e-01,7.523022246513212385e-01,6.737869342748528112e-01,4.906180096526919776e-01,6.428395493825161955e-01,9.834657809137847817e-01,9.456755178743654344e-01,4.219445313137633602e-01,5.473679186128910246e-01,6.252239701554068718e-01,9.618293986463544165e-01,7.789756764813467182e-02,5.535413012502058416e-01,5.797952777210643172e-01,4.883152025778343397e-01,6.278662083412874795e-01,3.724803742960917097e-01,4.223825081472515897e-01,5.708443975692562011e-01,7.205641759521532741e-01
9.119859926180056142e-01,9.443989461247004336e-01,8.848211039059094007e-01,6.101604464982834930e-01,5.607151837745798506e-01,7.395026861306763788e-01,7.019370207727740896e-01,4.048612045942984738e-01,6.064766858552912421e-01,6.092804968811208477e-01,0.000000000000000000e+00,7.361284555428950771e-01,8.921411497098821197e-01,7.188532804750907834e-01,7.837750594014114558e-01,8.953455065099145127e-01,9.229512500542722542e-01,9.462304085212394078e-01,7.467401354365073018e-01,8.067283977591217514e-01,7.193386037728447535e-01,3.505678874952345980e-01,7.167824217286975497e-01,4.859137088806455007e-01,9.585572108062012653e-01,4.315890302879594742e-01,7.904161344342049977e-01,6.955043679374370846e-01,3.170172018751374887e-01,3.565954837835745295e-01,5.404782862562487189e-01,7.324696669218657696e-01,8.401158678160105531e-01,8.791260951831929571e-01,6.103424135897518310e-01,3.089619997513420868e-01,5.100917203181545845e-02,6.235555358687139282e-01,9.412776931024218197e-01,6.416977148085598603e-01,6.309455085371423744e-01,7.476798953985345220e-01,4.039797691166807647e-01,8.907093507405668964e-01,8.985446999410610092e-01,5.568265673275329952e-01,7.649918216397593174e-01,5.998184905665828737e-01,7.914836871836137266e-01,7.045967958526071495e-01,6.464305011657140998e-01,3.751713668046867678e-01,4.502136628043044153e-01,5.487888064316442938e-01,9.614518619131460220e-01,9.166929098209636306e-01,6.698959383140269397e-01,7.769034701019534861e-01,5.671236668563016670e-01,2.691516594872827017e-01,3.341352082785872257e-01,7.549664495346739557e-01,2.028471837685414947e-01,8.479115190083009734e-01,6.513318744935845395e-01,7.749968954750025008e-01,8.622259899959364704e-01,9.883785454529282477e-01,7.623820468106187187e-01,9.605734783137377386e-01,9.354644003459408053e-01,7.773601329916168812e-01,3.663791806521898842e-01,5.560067936313660697e-01,3.630628909716160369e-01,4.862299447724367507e-01,6.785452820591779677e-01,9.212590673102559746e-01,6.785029082281338608e-01,1.349380579529228519e-01,5.187718006558745820e-01,4.483817228867449933e-01,4.792788897208982712e-01,2.205681688966710241e-01,8.021923696080974775e-01
6.391619414333775673e-01,9.176752698750576531e-01,8.478503571126609906e-01,7.770653940361302858e-01,4.320243062303518733e-01,7.883811748552030929e-01,2.156544278765877010e-01,7.564952086282221710e-01,6.241124215017617161e-01,6.623557245533492344e-01,7.361284555428950771e-01,0.000000000000000000e+00,1.576922817836810820e-01,2.802534789408309690e-01,8.498850250999879785e-01,9.597336342304841894e-01,8.178408607152801713e-01,2.936168930881991046e-01,6.839174609695350959e-01,8.626932621513475619e-01,7.385116545459732285e-01,5.261794314850626320e-01,8.020683874582195116e-01,6.813406802139404528e-01,4.406322441345429386e-01,7.699982701398491169e-01,9.999372624569475843e-01,6.605125498498662928e-01,2.592653052481059817e-01,2.324205849226451404e-01,-2.504035095692525026e-02,5.684117987955663587e-01,9.025170429594885357e-01,6.641068551551692067e-01,6.613940487815832547e-01,7.580283660493195574e-01,2.300580929640896888e-01,5.850293149566367923e-01,8.482373830647609303e-01,7.431001411530119283e-01,6.869317959007158469e-01,7.904339157344323352e-01,9.749819845689163822e-01,6.275864798731851657e-01,5.695868142479597607e-01,6.629326795736417699e-01,6.346134671101755220e-01,8.093233860352989639e-01,7.858668730054433338e-01,5.126069638609064283e-01,3.123876763542665635e-01,2.909287035280448963e-01,3.368796607850019775e-01,7.650260392723375880e-01,8.691071970480571673e-01,9.797870823041152644e-01,6.354054366886865424e-01,7.734426005773358259e-01,5.239006895024332922e-01,8.482410825659830733e-02,7.353742286205461332e-01,8.487904671668330403e-01,7.535829555455710871e-01,6.553350778307334146e-01,7.388315480229032950e-01,5.617962031199252859e-01,6.773654797807250327e-01,8.335927343457876226e-01,6.640440606719596461e-01,9.589669766857868982e-01,-3.793778155817433828e-01,6.869757695050778823e-01,5.825499143435175498e-01,4.471444933501004804e-01,6.858553068772277328e-01,6.879595992366795976e-01,6.699896079792644343e-01,8.106971426697081595e-01,2.900948322671262000e-02,1.166104471924793717e-01,4.023162488638805656e-01,7.780685869785167741e-01,7.031576199066377209e-01,6.857863224115270384e-01,6.775337125008831229e-01
8.953989523231521419e-01,8.675672743495196348e-01,6.532609108176941071e-01,9.285851851364783638e-01,8.467476712374364389e-01,9.192150071336516737e-01,2.060087743704263896e-01,7.761448976491681639e-01,9.335194574028289338e-01,2.024557816399683852e-01,8.921411497098821197e-01,1.576922817836810820e-01,0.000000000000000000e+00,9.878569716658844868e-01,7.969461849434501532e-01,5.034914258819677135e-01,8.280884584595421538e-01,8.692835882344006615e-01,6.655616978994782773e-01,6.257978386100184753e-01,6.241314573166125701e-01,8.407840600552750621e-01,8.845702780134874210e-01,8.245451030080923616e-01,9.232641550176662326e-01,9.537480644381961525e-01,5.701678759507884386e-01,7.146161692172731117e-01,7.196723117581416140e-01,3.159878140038251404e-01,6.528101787973848991e-01,6.157982876681528106e-01,7.473005473074185723e-01,1.505753068523301222e-02,9.670294374554337935e-01,7.923111552578088190e-01,4.581742954094804032e-01,9.766973674796607385e-01,5.789590717726369462e-01,6.004381970418708470e-01,6.242928416682770321e-01,9.396992558205576884e-01,6.592272719425081862e-01,5.028756101213956997e-01,6.711070239404484106e-01,2.468081042337012532e-01,6.497335277890732286e-01,7.370802268300207238e-01,7.700552357959064009e-01,9.204195387541462825e-01,4.526516555524289220e-01,8.222224657639167766e-01,9.003810415122076583e-01,8.425038341909540929e-01,8.094879488228547970e-01,8.492960923239785131e-01,6.629914632871128921e-01,7.855575017329664567e-01,7.087025623178920819e-01,2.329847623236057930e-01,5.930335219039089001e-01,4.363768127496434057e-01,8.005820603488557063e-01,6.364937190388472166e-01,6.508951016528219391e-01,7.487894753259168867e-01,6.849675558127563679e-01,9.269393251942752432e-01,4.948986631482050202e-01,7.980934724368988764e-01,7.863952118500761035e-01,6.936490930311535186e-01,7.218942311262324107e-01,7.771033345556297434e-01,8.234747497081916501e-02,8.568718110649949926e-01,7.370672195158036732e-01,9.097111225753482522e-01,2.912052373836191976e-01,8.993771946062721623e-02,7.223198966653789910e-01,8.232883679474479743e-01,9.157326997275503366e-01,4.966148242721925010e-01,4.868675959117677587e-01
6.922752909164027191e-01,7.338439841299029265e-01,9.513138059486921927e-01,6.278935149962789897e-01,2.064486658323583246e-02,5.592008031847741645e-01,6.691071187207477955e-01,6.249280109995327681e-01,8.623989887102674612e-02,8.747295488682980125e-01,7.188532804750907834e-01,2.802534789408309690e-01,9.878569716658844868e-01,0.000000000000000000e+00,6.647853199926072598e-01,8.225733043813637790e-01,7.155181073621138532e-01,6.810085417963304133e-01,2.736339337703793673e-01,6.121113946725110777e-01,4.312577726686893653e-01,6.683044352742609773e-01,3.394212475330048440e-01,9.646438464825437542e-01,7.822220607242611479e-01,6.937631348184911673e-01,7.895757716409159688e-01,6.706947864252479352e-01,8.414056349742369267e-01,5.537401730678110923e-01,5.277817209531879827e-01,2.748330536790910550e-03,6.128880644078668061e-01,3.749028504874235557e-01,4.754551686599526317e-01,2.774028300271782488e-01,6.002645627223970326e-01,6.836211891168444410e-01,4.216042957270819125e-01,7.252049105045312860e-01,5.314029767901264911e-01,4.173276035852678256e-01,8.320680119333487834e-01,9.811158852019109533e-01,4.050201132221764588e-01,6.329169546006249147e-01,7.903034658190544182e-01,4.292810835129974856e-01,5.110314938828391940e-01,8.301453012257991038e-01,8.188184376598638403e-01,5.528070216370538636e-01,5.983827851195870906e-01,7.485813182482510264e-01,6.100303145341573474e-01,5.818214973482720431e-01,1.548174323310488043e-01,8.532971607686609117e-01,6.253558358563349184e-01,4.131973090669975868e-01,6.103773344724648942e-01,5.992335351133258881e-01,4.554868860502898631e-01,9.274293184012272206e-01,6.932348598434365794e-01,7.671989504818036432e-01,4.691222553897490544e-01,7.981259585948202728e-01,7.869323288088704293e-01,8.639645134225738543e-01,8.104292728645852151e-01,9.565791694130031386e-01,6.699695404313942282e-01,5.181190434679331380e-01,5.205742477149584158e-01,7.372172048326568472e-01,7.032372501527955899e-01,5.990589546649478514e-01,4.791331497669161776e-01,1.991275976444040457e-03,8.478911548956703514e-01,6.519256909484036910e-01,9.504493964853091281e-01,5.293986479566555881e-01,8.313254210926364074e-01
3.998009741935685257e-01,6.082189394272471406e-01,8.602518684731957910e-01,4.234353511448185614e-01,9.388582182612554838e-01,6.768673129936522148e-01,3.168771199170231090e-01,6.023517248173905214e-01,9.146653784612310822e-01,7.899829933433781815e-01,7.837750594014114558e-01,8.498850250999879785e-01,7.969461849434501532e-01,6.647853199926072598e-01,0.000000000000000000e+00,9.589328869026584323e-01,8.973942499887612723e-01,6.747683260507655323e-01,7.927790779780130581e-01,9.860071833164287813e-01,8.359769188099968051e-01,5.204324427451312296e-01,5.492776946448907349e-01,8.653211521991396316e-01,6.306670919037863365e-01,2.633501206227362168e-01,5.342743180658284796e-01,4.464117215931400762e-01,4.312976999580376281e-01,6.404063181479660027e-01,6.876250925221600863e-01,3.817494448970885079e-01,3.387785003736858425e-01,6.483844879052668153e-01,9.749657393588266885e-01,3.256399353792744922e-01,5.753034337084255156e-01,4.469357705821868643e-01,9.595747620481481777e-01,9.270289725447451445e-01,2.482344125566112170e-01,5.844204659039048400e-01,7.544550865162997777e-01,8.034532534309697660e-02,8.614248839036742211e-01,8.168156061092058939e-01,7.681706938690602282e-01,4.655010602619238380e-01,7.420831665832280377e-01,4.159835577605782708e-01,7.260889346872110295e-01,2.151938641225466242e-01,7.143052399048214207e-01,8.759827233225665477e-01,5.648744428287610919e-01,9.488114516065753179e-01,5.777432225697570756e-01,8.191549547984882107e-01,4.464693124703120186e-01,5.854108281093810540e-01,2.422206390020184008e-01,4.906560720341499038e-01,6.998543186801960969e-01,8.718505500165740774e-01,3.218470161476502112e-01,5.676573897760267551e-01,4.156645326552639297e-01,8.051279409861755720e-01,7.517312730336125348e-01,6.481344088961036309e-01,4.016632475216940779e-01,4.714498189604712231e-01,3.404795476928226261e-01,7.289766072409041842e-01,4.742944124504351322e-01,7.897079405371234540e-01,7.092050424296886257e-01,2.368242463564765588e-01,5.073753745742012322e-01,2.206292632802822895e-01,1.267913136725947465e-01,7.504272866720549384e-01,9.299124497712811799e-01,5.484724211693162710e-01,3.511933088619000887e-01
2.032113173660080596e-01,9.780592572024406905e-01,9.948364741186581650e-01,7.700846219702723872e-01,8.856146921119375515e-01,3.796280127762067247e-01,7.185480902989950236e-01,2.413578947891547866e-01,7.899608964202585737e-01,6.382757063727293456e-01,8.953455065099145127e-01,9.597336342304841894e-01,5.034914258819677135e-01,8.225733043813637790e-01,9.589328869026584323e-01,0.000000000000000000e+00,6.910435360241518055e-01,5.493230823989067035e-01,7.948627776766765685e-01,8.886247004366670810e-01,9.059882410772379657e-01,2.414226919966643847e-01,4.273694945711493665e-01,7.034052459012233305e-01,3.365765049535007214e-01,7.258935706891910256e-01,4.046994942005929796e-01,7.657789038157699624e-01,3.131960947546793550e-01,6.203252690322254015e-01,5.562942123243650450e-01,2.689760736225821902e-01,8.255018306971971809e-01,4.555590164764924399e-01,8.503099202970061388e-01,7.738200308158662555e-01,3.985763244409102901e-01,7.830976794774043848e-01,7.497174833413665640e-01,5.401864571419505712e-01,6.710288047053574179e-01,8.664815101470988434e-01,8.984356860990040383e-01,6.072190617871240370e-01,7.453331338194986166e-01,2.126873484520171442e-01,8.519934410918550416e-01,8.005170586784243758e-01,4.103603413949988843e-01,5.534301160104388995e-01,6.925909687391524905e-01,4.820476116017803903e-01,4.580552868602926209e-01,7.918454045138018094e-01,6.238377723588782731e-01,3.562038937514588888e-01,8.106870037042949173e-01,7.057105250028306020e-01,7.727234277446566324e-01,5.372933347459450948e-01,6.667815945698888358e-01,1.533800532196459565e-01,8.303037212345389939e-01,9.381686419041392888e-01,7.043966629292229831e-01,9.518151929759131047e-01,9.454272495960195366e-01,9.723494036095403636e-01,6.817121087247730582e-01,6.624508800790530616e-01,4.674517132551969656e-01,6.278240783111049828e-01,2.801165880587521695e-01,5.527758566768213866e-01,1.798183039432781349e-01,8.272199350310980304e-01,7.717405488878544828e-01,9.029027340351444275e-01,6.968355233949719008e-01,6.218918812605599422e-01,4.418460399635255609e-01,8.943875769972376988e-01,8.854886597021343064e-01,7.792194456085372867e-01,7.297316833812667047e-01
9.743781996989795413e-01,5.736334668293712191e-01,9.747919598808443276e-01,8.812356074267591044e-01,8.360396555221009107e-01,7.705657261464418095e-01,7.606923313162753386e-01,3.989347395048875589e-01,5.510584162307157197e-01,5.524929166450263107e-01,9.229512500542722542e-01,8.178408607152801713e-01,8.280884584595421538e-01,7.155181073621138532e-01,8.973942499887612723e-01,6.910435360241518055e-01,0.000000000000000000e+00,7.698358101226574490e-01,9.664240843849629670e-01,4.551381298770381112e-01,7.333581405310941603e-01,9.104834893861718514e-01,6.652587817963999672e-01,8.366998503683583666e-01,3.478834126646382363e-01,6.665147644749540579e-01,9.048977819163145364e-01,1.382152065670626540e-01,7.136204933384412419e-01,6.564878494262160746e-01,9.019606039202475445e-02,7.075924379943602238e-01,5.714165918666456179e-01,4.221547222309133263e-01,9.350479225549860329e-01,7.676615878377216484e-01,5.831457532085386752e-01,7.649635979146944820e-01,5.494555640111125072e-01,7.969861544670869824e-01,3.283947091242063188e-01,8.461911434674358468e-01,9.123916249900364539e-01,3.072074956443799909e-01,6.249692650024958329e-01,7.515141112619430075e-01,9.043035198775097872e-01,6.419529719261868328e-01,6.327533439114717551e-01,4.405267319487474187e-01,9.949110436402681668e-01,7.464471990656401656e-01,6.949835399269819192e-01,8.192699042737681125e-01,9.959613531755131532e-01,8.557213193129661333e-01,8.565631202192791616e-01,7.313855266804165645e-01,9.028662652214515250e-01,5.406158497037850674e-01,5.368872839115731432e-01,8.583372909431142839e-01,1.884741947039414722e-01,6.548343535478263755e-01,7.221336182479055621e-01,7.896637041593913553e-01,8.092987356735433790e-01,9.088677013022471440e-01,3.420820028945005253e-01,8.339828613059163676e-01,6.395554620459620310e-01,5.364734205567056602e-01,6.877543197804574238e-01,8.831542052625535044e-02,9.997315536315211082e-01,8.661832547162376938e-01,6.768562190344663554e-01,6.876135457833032483e-01,6.952241179384106573e-01,1.169843968563912262e-01,5.988482180915067898e-01,4.549801093093924775e-01,5.998472546365198887e-01,4.318139017598427998e-01,4.921723200994134739e-01
6.631204131745459529e-01,4.742947173944612183e-01,9.404958649374808299e-01,4.622852647857034758e-01,9.191677628457444182e-01,7.149759022215470550e-01,5.036951832632897696e-01,4.384304129371922598e-01,7.765554088968589230e-01,7.647201943926684731e-01,9.462304085212394078e-01,2.936168930881991046e-01,8.692835882344006615e-01,6.810085417963304133e-01,6.747683260507655323e-01,5.493230823989067035e-01,7.698358101226574490e-01,0.000000000000000000e+00,9.392415571900304405e-01,8.406050919549781231e-01,7.842608757531035479e-01,8.101937229281030994e-01,5.732618866792422718e-01,8.618578881118611479e-01,2.792774250181609408e-01,2.403688033012482961e-01,6.626334852936291986e-01,6.164788679289232576e-01,6.132814564848334538e-01,6.037184882000281583e-01,1.482109917209085415e-01,7.575770380877062671e-01,9.578758681187171664e-01,8.776581357128797611e-01,7.361514432445876999e-01,7.191018261445047965e-01,6.190223036838932158e-01,6.681670816062040830e-01,9.214381109175294737e-01,8.424796311606954635e-01,-7.413741958609446070e-02,5.656571116594473203e-01,7.539628130444231413e-01,6.355326506423787380e-01,8.308858972222855632e-01,6.866301062189735793e-01,6.184338395668381727e-01,4.259782995058001287e-01,7.631056889529628240e-01,6.556240320843689240e-01,7.726657927856346308e-01,8.381435606265792426e-01,8.048378059740840529e-01,4.258634943587113475e-01,8.411867218114157385e-01,9.223745947938557510e-01,6.899308152150878115e-01,8.121445995303157028e-01,6.428123626978627936e-01,4.605279164917977508e-01,5.184563149917198986e-03,2.062555565126555357e-01,9.008466993703077019e-01,7.292863634191182332e-01,7.274374130003286032e-01,9.305439402681825456e-01,6.436619714062775666e-01,6.287660650951568120e-02,5.330548847588008066e-01,6.419341888421694620e-01,6.074540229348867060e-01,7.291903438537301607e-01,-4.261734170589923099e-02,6.070546298016982201e-01,5.588037487896746480e-01,6.500223781205570761e-01,7.937300468587995539e-01,4.464777594684939954e-01,4.263354974510754070e-01,3.334949511614028195e-01,5.417807004057101361e-01,9.982800389407614494e-01,4.325764532014557684e-01,-1.557035664638098948e-01,8.509737630686274867e-01
