0.000000000000000000e+00,8.095287288850954166e-01,5.033723206320598331e-01,8.516275000992026278e-01,8.512033438267011531e-01,8.508781965774838696e-01,9.813861572109447984e-01,6.353720590302430749e-01,7.125474581543226327e-01,7.932017340132480054e-01,7.562791012240172028e-01,8.907847611138923760e-01,4.469415361599763381e-01,-1.699741572089283059e-01,9.199031374440433950e-01,9.224370361219417225e-01,1.564637371396674359e-01,7.035572581247273583e-01,7.880980328029055237e-02,8.640296520088387444e-01,8.757587932857938684e-01,4.613857401617745824e-01,6.355924831227395266e-01,8.191900811438448393e-01,4.222573678966706212e-01,3.278521381147211367e-01,3.747763809961288661e-01,8.523622456454078566e-01,4.863774961584987899e-01,6.856707266313317728e-01,4.966445115915835706e-01,9.936076380566619681e-01,5.755596214084270912e-01,9.057167917673828450e-01,6.985031035590361093e-01,7.242501234073210892e-01,-1.086251974925214192e-01,8.048818200261977918e-01,7.417443804851024947e-01,9.154484328347164412e-01,8.041823277824138305e-01,6.393098534452208437e-01,8.229338615792407552e-01,6.796001233058959201e-01,4.736446289624429706e-01,9.689576776779355027e-01,2.245906320652005239e-01,5.649633865029726199e-01,7.074693417250402794e-01,8.203340962411991288e-01,7.434980168899596453e-01,4.464197144854056276e-01,7.485938184221532232e-01,8.082808774676899510e-01,7.481753372126141999e-01,4.886079136814868162e-01,6.513406071086067506e-01,8.366903728952661545e-01,7.771087685668599532e-01,1.699840954234639254e-02,5.272621422964508531e-01,9.299272758527706850e-01,9.495516923526940989e-01,2.892842203452646865e-01,6.347855723610756895e-01,8.794392086403746145e-01,1.104930025795039933e-01,6.503066461474434901e-01,7.497557556344847107e-01,8.892569561765653607e-02,7.707869771365298828e-01,7.340852080057709284e-01,5.918494935888491959e-01,5.941336347538238583e-01,8.132313170432919902e-01,9.543475239525727183e-01,8.680779440012883486e-01,8.185651453161716384e-01,3.675036327620971877e-01,5.957075911300746540e-01,6.096614171061163212e-01,8.324456508272298771e-01,8.571053320794244090e-01,7.208000741650560927e-01,9.329956852484168062e-01
8.095287288850954166e-01,0.000000000000000000e+00,6.139162627552882112e-01,5.651902752900564986e-01,6.993887590632403839e-01,5.870854290915323848e-01,4.255920617927022032e-01,4.988965421748185469e-01,3.550621012123892917e-01,9.203123435805005484e-03,3.672024332924823109e-01,2.654668502953401732e-01,7.708399708521250782e-01,7.135626885939202468e-01,2.517129815174913299e-01,5.114152303722194759e-01,4.192592789349500193e-01,4.813371359419283402e-01,6.097479333665263290e-01,8.887140690478242400e-01,2.263115123458009637e-01,2.528528284796315306e-01,7.218158451331553316e-01,6.816308738978895665e-01,7.395789347772047106e-01,2.669903060213431045e-01,8.765932185955671585e-01,7.139039971173880561e-01,4.684422689880353152e-01,6.623021180303574340e-01,1.510095864302966051e-01,4.798474303748787584e-01,8.289007419154511558e-01,5.084784447280256137e-01,2.881322199557625682e-02,4.438130329433109256e-01,3.462921735207129953e-02,5.665799271678082505e-01,4.021103766394938939e-01,8.864446390760836181e-01,4.925744636320547598e-01,6.325768701080316525e-01,7.679942682441767143e-01,8.416368809844880783e-01,9.209023908770215261e-01,7.609783137768955097e-01,5.199767063268627698e-01,6.846075800077655593e-01,9.160960385088705582e-01,5.000969474802319237e-01,3.388269873893111073e-01,6.214817419758071892e-01,7.590348771945413242e-01,8.601033759739451501e-01,4.592872094505231484e-01,9.426388146747597396e-01,4.151557486537612585e-01,6.446288640223534205e-01,8.833053217555849601e-01,6.819627916802610823e-01,6.983053546126192224e-01,6.730822082837730758e-01,9.587312282410108688e-01,6.172452619658359563e-01,8.914415417146347442e-01,4.107996805092922199e-01,9.293949316769357649e-01,9.696362605967798753e-01,6.734939628578391346e-01,7.232478515527227536e-01,9.291160784758460967e-01,8.657075234208152503e-01,5.728424488178994745e-01,6.331740769218791032e-01,9.710958608983800699e-01,8.997898663772249117e-01,5.306549779848617199e-01,2.595056350792866451e-01,4.521709757887690945e-02,2.735785298409858513e-01,7.095374123291079416e-01,7.757703154477755270e-01,2.591577364016307006e-01,5.527217510407590462e-01,6.054166200751361915e-01
5.033723206320598331e-01,6.139162627552882112e-01,0.000000000000000000e+00,9.157363827274020984e-01,3.549185355262641228e-01,8.461411316352442924e-01,5.474356152872260628e-01,8.063718102484392913e-01,8.072183407739031979e-01,6.356537783152659271e-01,8.830814573848549953e-01,6.688257605737302214e-01,7.911543521969599535e-01,8.259085279478389774e-01,6.472284327274636651e-01,7.929663449196002745e-01,6.295716333135290554e-01,8.158555282281866328e-01,9.299585476955749552e-01,3.185058864517342214e-01,8.720424932278607599e-01,3.095253433769480367e-01,7.862525903754081780e-01,5.045230650685527118e-01,7.013747758472643756e-01,4.531598022874323006e-01,7.147743934118928610e-01,4.064830811794151733e-01,4.347200211479096410e-01,4.260780173476146904e-01,2.917860265772081463e-01,8.494680193101890042e-01,9.657765877924291420e-01,9.714404450816600534e-01,8.479207862835063114e-01,6.653408252292892788e-01,7.359096373188558360e-01,5.711865927226666972e-01,5.299859437416680752e-01,9.262450076320646319e-01,8.985532795688713215e-01,9.561844618313237731e-01,9.349100257032854078e-01,3.199535117435859388e-01,7.235012320617296251e-04,4.560006437256196032e-01,9.166087089491140594e-01,5.915042904822309655e-01,8.231644315717863147e-01,8.110976332417048074e-01,2.962921782869484266e-01,7.158241555281292801e-01,6.498736569256058360e-01,3.210878415044805534e-01,8.866778391665672832e-01,3.426303777442648579e-01,4.698602612841811244e-01,7.609627385418674672e-01,8.710444979764944140e-01,4.043266167685438672e-01,6.837103696265625086e-01,5.648187847309064091e-01,9.248155501586702298e-01,8.496920989218552656e-01,4.966877566961947488e-01,3.195340500614696211e-01,6.391400111874450118e-01,9.369902366429859741e-01,6.378895714111880721e-01,2.179116742406513041e-01,9.811261542194453789e-01,9.592883627274308989e-01,3.995669572443246720e-01,5.511229170951738032e-01,4.372157824760695699e-01,8.820265726801791439e-01,6.432420921615822351e-01,4.627590866173441619e-01,1.871846333996936562e-01,2.132054743696567833e-01,6.636985582099399483e-01,4.290614352978923685e-01,5.564449567491226434e-01,8.642637177894699763e-01,8.935243005983138920e-01
8.516275000992026278e-01,5.651902752900564986e-01,9.157363827274020984e-01,0.000000000000000000e+00,6.500248736321949661e-01,9.535291678991538733e-01,5.481266417055592477e-01,4.990639960977901191e-01,5.964358250699204334e-01,6.378290241305382136e-01,5.770024554367434444e-01,8.128765300476092914e-01,7.226827832999548340e-01,9.077761197800242599e-01,9.221115962636488028e-01,8.135906391546631200e-01,8.975540414735919681e-01,8.893470527309337292e-01,9.935192230060561069e-01,9.256939882215535764e-01,8.794150832545406526e-01,7.526963753936574131e-01,6.453081538491267644e-01,9.173711873555316920e-01,5.357308262736775184e-01,8.861121095104996792e-01,6.659322839095671576e-01,7.338059883072149958e-01,5.163649151780693725e-01,2.294943407444101635e-01,8.464671435619957052e-01,4.773218564788817564e-01,4.955056714118691863e-01,6.345213041565196388e-01,6.395171542441102641e-01,3.801293829121005774e-01,3.338475353311836646e-01,7.749041591051781808e-01,7.216961239296790787e-01,8.223023989854675309e-01,6.747919167370335369e-01,7.499863359310028343e-01,4.583185707380008633e-01,8.212865022697956041e-01,9.894323890985291525e-01,9.386722161412672794e-01,5.293292802162448130e-01,9.136999103886186413e-01,2.137814406595265615e-01,8.400974024396667961e-01,6.136679265729003685e-01,9.618641491147236211e-01,6.293638588276970758e-01,5.800216811652743054e-01,6.740043513752296267e-01,9.833860780183801831e-01,8.726455986225100103e-01,6.878085613885743799e-01,3.511519859409575894e-01,3.192474968950396175e-01,7.875988504220697850e-01,9.553046301841769949e-01,8.185062781142794439e-03,8.826938061154585569e-01,9.622717760533043840e-01,9.898499181209168274e-01,9.399464798978184321e-01,3.094305076028887602e-01,7.902999822566995070e-01,6.263473508766910225e-01,9.446915823624074671e-01,4.026457147802535719e-01,7.028158923809763037e-01,7.915416267340268375e-01,8.646807975742174524e-01,5.004903452584665846e-01,8.026536409958839879e-01,1.038252723576734565e-01,7.496172065548124541e-01,5.777369268716108230e-01,8.683041444829218136e-01,5.782773099076536916e-01,3.125233018356180503e-01,3.904179264118194936e-01,6.631343757079138923e-01
8.512033438267011531e-01,6.993887590632403839e-01,3.549185355262641228e-01,6.500248736321949661e-01,0.000000000000000000e+00,8.460191215260374209e-01,8.447446593160446993e-01,5.828513625962848943e-01,2.006871068797624891e-01,2.548580662495425475e-01,4.469944984155201362e-01,6.205278172837404016e-01,9.507828579120461976e-01,9.559884511887699610e-01,5.941504543702866847e-01,9.082202037593860577e-01,7.494002825823258274e-01,9.297104906975857119e-01,7.982305856478758566e-01,8.349911033041328423e-01,4.889954836762583357e-01,7.551105583815010958e-01,6.923322215516286571e-01,8.159339468383032257e-01,3.893559997188681399e-01,6.106461205221798139e-01,6.007552205298551939e-01,8.490314909954191913e-01,8.314684779601043685e-01,4.090697019537211654e-01,7.529132356246821811e-02,2.097567362692066006e-01,9.545465903743824976e-01,9.212325668290637370e-01,1.026032571947774336e-01,2.524998417997697531e-01,-1.801611052794047929e-01,7.164941787353025227e-01,8.608767340324829931e-01,6.854475924148328847e-01,1.659953287026897650e-01,8.914416146413122188e-01,8.705118206663018388e-01,7.056564737489244843e-01,8.932608160638652040e-01,5.623505564946729152e-01,9.040819569950958590e-01,7.383172845843026799e-01,6.658974425546800857e-01,7.607820352472044467e-01,4.194876082684600993e-01,9.911401303514237870e-01,9.293932332818310993e-02,8.768447214521213340e-02,6.402796380310110669e-01,9.947598518261591138e-01,6.256419012119777134e-01,6.543296193127378091e-01,5.466330119605299354e-01,3.783032397397146918e-01,2.154036650903710381e-01,4.549583148706254909e-01,4.932346136183306529e-01,7.614861525194096536e-01,3.485634414623235422e-01,7.429213520784098135e-01,-3.815767563708663546e-02,5.216307261323418487e-01,7.922690744805082064e-01,7.093898805344009961e-01,9.706194673508978799e-01,7.244331589594417142e-01,1.361490440696510318e-01,4.898297809540281267e-01,9.838959447589733509e-01,8.648009802129130730e-01,7.177443577766231542e-01,6.201662792647554268e-01,3.490322462261911118e-01,6.207378857270713368e-01,7.822173330377870659e-01,7.718402357932907520e-01,9.758980894270516959e-01,7.836934913407638259e-01,6.558883658312544274e-01
8.508781965774838696e-01,5.870854290915323848e-01,8.461411316352442924e-01,9.535291678991538733e-01,8.460191215260374209e-01,0.000000000000000000e+00,1.387872480177197720e-01,7.741699865790140356e-01,8.570344122440595180e-01,7.273277167966972767e-01,7.534559119593015053e-01,7.473865995459433309e-01,7.954935841538676167e-01,7.307710391189442545e-01,4.792390897466583533e-01,5.959756735142307527e-01,6.290905370091095516e-01,4.881936010448387209e-01,4.831229299785121389e-01,7.035879868220472622e-01,7.026618201865530988e-01,9.662299047194891077e-01,7.240811767995855019e-01,9.146337934993510332e-01,9.304422320046138450e-01,2.330367639617200448e-01,7.155464004321862026e-01,3.792151570201307553e-02,-7.403227578934873376e-02,-3.719592584026228388e-01,2.364493305721416250e-01,7.831029681421762811e-01,8.465408703362965470e-01,8.289657025532224388e-01,9.350787902308085320e-01,6.400967117294698028e-01,5.355946140628675689e-01,7.157683340075354783e-01,8.563024146784583568e-01,7.845210516445478843e-01,5.867679604767332968e-01,2.403171758700670124e-01,8.253006025987565941e-01,6.856062843312498156e-01,9.162319252884107978e-01,6.820095509951994428e-01,8.555628199560091351e-01,6.911472155319484667e-01,6.717947233539917073e-01,7.765826556422698035e-01,4.252567377775103297e-01,6.872344018961884515e-01,7.390018041829846673e-01,5.388035516003956138e-01,7.327887162062598492e-01,7.641446974754789734e-01,6.184158675195330357e-01,9.910068427877214425e-01,9.180054788908802443e-01,5.337394822790331173e-01,3.996956874175128238e-02,6.637970376912668558e-01,6.137094604179460511e-01,4.549532726170446018e-01,9.536554006862002497e-01,5.309375420912291199e-01,7.764352187011202000e-01,8.707906935154525740e-01,9.626306474953507664e-01,9.092198321845298414e-01,9.334018616350523434e-01,7.569142328197490110e-01,7.898335605265609516e-01,4.812009914218282614e-01,7.957201520154906227e-01,9.016196663461908400e-01,6.905071143577869996e-01,8.015220101064433056e-01,1.652091348679454730e-01,2.338377519375491320e-01,4.681355930910201524e-01,7.851414304933828081e-01,8.927076251865808665e-01,4.767033112934260797e-01,4.915898823984909405e-01
9.813861572109447984e-01,4.255920617927022032e-01,5.474356152872260628e-01,5.481266417055592477e-01,8.447446593160446993e-01,1.387872480177197720e-01,0.000000000000000000e+00,4.540001653359466705e-01,7.465074117140496623e-01,1.356687777650986415e-01,2.125453864918125380e-01,9.230665807619466978e-01,4.746746335436408115e-01,5.775760642900100716e-01,7.337903414039600447e-01,2.382939460934112644e-02,7.901876655258929238e-01,6.577772637948864354e-01,5.648189843637596574e-01,9.372898586465261417e-01,9.418342338212986053e-01,8.606253994960505471e-01,5.095141815921294670e-01,8.703327422053753759e-01,2.751204720078865851e-01,5.084627109430300829e-01,1.268223347253472078e-02,5.840605034459771527e-01,1.211350806284845344e-01,3.209319408833443132e-01,7.091569544785750745e-01,5.368021713163106945e-01,6.024538280915535671e-01,5.827357869768456933e-01,5.002558886300184637e-01,4.451031077177715622e-01,7.771817850830863295e-01,6.876593132265453878e-01,6.420042025820773546e-01,2.038620358784561382e-01,3.585062443610497196e-01,2.476130583992070255e-01,7.355740638806071985e-01,7.117382096521418511e-01,8.953889147637852375e-01,6.300479625195348765e-01,6.123811739929442277e-01,3.166323169228065226e-01,4.833301530740786722e-01,5.168966348194135030e-01,7.560644717215466715e-01,6.257108741264694185e-01,3.854891277096350599e-01,3.354289693852822163e-01,8.289643072748780206e-01,4.011318521328524622e-01,4.933718105501722073e-01,4.795423292342597676e-01,6.771534248188397775e-01,1.433848000772406095e-01,7.094353707452334401e-01,4.386660785740081336e-01,4.531988495918297111e-01,8.359846155144555757e-01,6.539952058458828876e-01,6.656607298711905152e-01,7.511972299211455706e-01,8.501849841504112160e-01,1.161723950225420493e-01,7.332985741124602164e-02,5.146282492707735523e-01,7.672366693734062881e-01,4.797566459666839922e-01,2.631776140394340158e-01,2.536843553823006081e-01,5.665041489432550703e-01,7.600520203241991624e-01,9.299400319769900447e-01,7.629503576146362542e-01,5.741933077883592390e-02,7.977659742208809135e-01,8.467874728470602408e-01,5.743849953976518652e-01,6.318434144875935132e-01,4.033918172913959488e-01
6.353720590302430749e-01,4.988965421748185469e-01,8.063718102484392913e-01,4.990639960977901191e-01,5.828513625962848943e-01,7.741699865790140356e-01,4.540001653359466705e-01,0.000000000000000000e+00,7.067933850243791616e-01,7.756249708356386385e-01,5.263235791157199195e-01,7.515718574900905891e-01,5.960055789599800757e-01,8.828329623686969052e-01,6.176616543554489525e-01,2.041337997968552531e-01,7.988553650391112537e-01,6.107410997590333457e-01,7.195494373582490555e-01,5.726659797304488597e-01,8.056952777404579047e-01,6.907728223839302295e-01,9.901426781718383197e-01,8.444706100386241143e-01,6.622702139403032762e-01,1.715468376106765898e-03,7.169671013642759938e-01,4.289143120625723005e-01,5.987836101021821733e-01,5.586914915576763896e-01,5.204375392192208682e-01,5.521850454092482874e-01,4.938816174539757964e-01,6.861999751604180853e-01,6.790722468931662537e-01,4.613253088098575594e-01,3.472964373698826934e-01,6.904093618291490264e-01,6.727747923168022615e-01,1.668482504935686062e-01,3.456111035298026213e-01,6.012493197863296723e-01,2.091899518024284421e-01,4.273386024696577135e-01,5.363537527883014411e-01,6.345538432245132476e-01,2.218949101170346883e-01,7.795585506966909994e-01,4.944309718995113512e-01,7.127239659309099196e-01,6.943289482692325265e-01,8.135399400601754927e-01,4.401357794223348940e-01,9.344298478462711444e-01,9.707542692926551808e-01,9.220599044704453906e-01,9.312693301318961669e-01,3.108148336612092111e-01,8.468536803893689235e-01,5.695020837172263262e-01,6.099703502434913327e-01,1.952351060065731295e-02,6.716660289274074547e-01,6.524055007146850604e-01,6.855248523802862648e-01,6.883960343435077123e-01,7.935373934075626856e-01,7.863852777686923812e-01,2.566710112770954622e-01,7.175160703834442266e-01,3.021405503566381157e-01,6.757186112651007992e-01,6.494559067940464114e-01,6.576800167104204231e-01,9.882184801872728741e-01,6.952893614791914034e-01,6.348350252956844741e-01,5.204546099717656249e-01,6.451317848167066327e-01,2.454325338282181690e-01,3.720017056556531032e-01,9.144243929441027152e-01,6.341257054476862054e-01,3.202292797767114507e-01,5.990746213014623844e-01
7.125474581543226327e-01,3.550621012123892917e-01,8.072183407739031979e-01,5.964358250699204334e-01,2.006871068797624891e-01,8.570344122440595180e-01,7.465074117140496623e-01,7.067933850243791616e-01,0.000000000000000000e+00,8.151569426709729393e-01,7.097848273081779347e-01,4.518472393514532115e-01,4.882832957330460188e-01,7.479530220645678185e-01,6.744469705348765665e-01,6.122200243517301743e-01,6.498297060558540228e-02,7.809463147450899090e-01,9.174895438552412852e-01,8.414623384731585443e-01,8.589007895410472049e-01,6.432482089243370948e-01,9.783391395295454318e-01,9.569596805918025861e-01,9.066666165110756070e-01,6.435745203771876533e-01,6.645644785718959335e-01,5.491871218586902303e-01,4.193813857202190465e-01,9.704651886642522429e-01,1.835587396236194047e-01,7.342141212787224314e-01,7.853282944119811537e-01,8.732652697281949594e-01,7.576087053895832479e-01,5.360823582713959423e-01,2.577937224084761447e-01,6.426294371372994751e-01,8.235584508954331140e-01,4.629120130756304574e-01,3.964849569318017464e-01,9.564139767587909180e-01,4.649481354208312434e-01,5.810126420082977194e-01,8.316720842766476274e-01,8.529929175446511191e-01,4.379873051534932116e-01,7.640196760078480365e-01,3.563120345384359622e-01,7.697896911591395330e-01,2.187876325167994462e-01,2.846772970625570734e-02,4.436958697158830539e-02,6.482618757826711375e-01,6.927473250282754069e-01,8.335796842749851887e-01,4.447968358878012229e-01,6.887977092334447438e-01,8.820454846870621202e-01,6.857175834119317859e-01,2.598757228534111507e-01,1.063112553183825360e-01,8.805821455285264276e-01,8.351628585144753592e-01,8.960583993189622509e-01,7.632894297770512759e-01,6.966371360898520049e-01,1.110736633707513632e-01,7.607745725107347701e-01,4.242933793671043174e-01,6.329154658655341548e-01,8.878569501471483827e-01,7.626483936098126248e-01,2.589136917963574813e-01,7.877165448205823983e-01,6.546262237716534704e-01,7.907185858915550813e-01,9.015431863120798583e-01,1.779632609513637383e-04,1.558369943801990454e-01,3.923810889667536106e-01,9.065488255689311270e-01,7.850972719936817334e-01,1.081559537500788037e-01,8.891349764200833228e-01
7.932017340132480054e-01,9.203123435805005484e-03,6.356537783152659271e-01,6.378290241305382136e-01,2.548580662495425475e-01,7.273277167966972767e-01,1.356687777650986415e-01,7.756249708356386385e-01,8.151569426709729393e-01,0.000000000000000000e+00,9.270835309423328674e-01,2.352316379170258931e-01,7.941489404316541822e-01,7.676314204788534656e-01,5.489953101412015091e-01,7.261676076418812631e-01,8.919245263776314214e-01,6.312367732015621291e-01,7.022622396233149100e-01,9.227588066764210728e-01,5.600345315359154252e-01,9.841305614472776186e-01,7.360213784646958413e-01,6.502046453073341281e-01,8.137394376276946284e-01,6.195449849585945579e-01,9.510915997819744394e-01,9.112692118022035492e-01,7.638977194020084571e-01,5.765374805961798188e-01,4.556347061881640403e-01,4.026491927777070545e-01,7.569971533393762275e-01,8.791870891292606904e-01,6.254180510914740809e-01,3.984809175918574420e-01,4.482640843346570314e-01,4.483299108594619997e-01,4.258819794895286615e-01,8.255426920201961449e-01,5.771347241994078114e-01,6.307882599999861117e-01,5.320164391377504298e-01,7.334064405354843164e-01,9.000142757514490999e-01,9.265658449239653205e-01,8.311073352018268912e-01,5.228807948875890954e-01,5.829747322633433981e-01,6.378501723959314473e-01,7.578902847729734882e-01,9.742849890546906311e-01,4.506658915409909039e-01,7.950016318053065856e-01,7.797040654574924901e-01,4.248029262954585716e-01,8.153924146063274980e-01,8.843368673797833424e-01,8.829951029450723299e-01,6.125772161557934137e-01,6.839620031043416315e-01,6.259575733382489737e-01,9.601372288404417255e-01,9.036822598052480782e-01,4.892323735247031680e-01,4.155594792873440468e-01,2.955956663409405327e-01,5.999558705634444600e-01,1.660367310298982435e-01,8.096941908695081125e-01,4.022042797235718670e-01,7.381822477297188545e-01,5.270460528552789459e-01,3.984146742000627128e-01,4.856010374951180153e-01,7.944464023569592914e-01,7.614589951578732974e-01,6.273917004891502724e-01,4.211745815977142038e-01,4.603755692257883725e-01,9.891382626155271751e-01,4.329568789854491562e-01,7.040818556022674368e-01,4.506024376509510931e-01,9.859902511514895274e-01
7.562791012240172028e-01,3.672024332924823109e-01,8.830814573848549953e-01,5.770024554367434444e-01,4.469944984155201362e-01,7.534559119593015053e-01,2.125453864918125380e-01,5.263235791157199195e-01,7.097848273081779347e-01,9.270835309423328674e-01,0.000000000000000000e+00,9.300890621987493168e-01,9.214570362380627433e-01,8.385498649036912111e-01,3.193907444732466683e-01,8.974315145207141242e-01,2.365322779133848252e-01,6.832388649100521461e-01,6.181915593423741306e-01,8.612203336274921739e-01,4.516179036944478753e-01,6.527751242958587108e-01,8.119431836743126185e-01,7.870614022611945870e-01,7.327042623865283044e-01,7.995408060268962558e-01,7.827377985754586653e-01,4.362264508607706093e-01,5.205002896351755837e-01,4.259962612861734055e-01,2.019760317342235989e-01,5.263993052265587558e-01,7.850752243828453825e-01,7.030230995553782281e-01,5.762960087984275726e-01,5.769941143331223099e-01,4.903820259986172436e-01,4.342123334942145085e-01,6.018356087393060827e-01,7.573552896430354453e-01,7.100472267605499876e-01,7.726266970152106950e-01,8.577342178553700736e-01,8.860065974001939126e-02,8.634568541239212580e-01,7.483033035694550694e-01,9.662513216325705478e-01,6.942347447720346176e-01,8.339600591233599092e-01,5.593123961561523583e-01,7.786935474683219782e-01,7.666363591788070142e-01,6.736987771026317073e-01,7.150474624975717841e-01,9.706616249668502672e-01,9.041410446853253013e-01,9.805189957428293024e-01,9.880544254606675736e-01,6.438348701801523966e-01,1.458169486631514244e-01,5.646456693279869321e-02,7.370094234750852458e-01,1.041598020012048965e-02,6.626812733807720956e-01,8.254189369622328964e-01,4.802958795075895071e-01,6.875722207087909821e-01,8.042458791056131817e-01,4.478015348770317261e-01,5.942755665412292609e-01,5.518077571374147006e-01,8.455020197607139298e-01,1.764344360436354842e-01,7.360996935033999877e-01,1.231465834068847381e-01,4.349061334408266255e-01,-2.623364417880337252e-01,9.433136812404400162e-01,7.346255283731841779e-01,3.668553501971723030e-01,3.052393181824206714e-01,5.364457846499296467e-01,6.305947794934493311e-01,6.583675573334716313e-01,5.239594144471687587e-01
8.907847611138923760e-01,2.654668502953401732e-01,6.688257605737302214e-01,8.128765300476092914e-01,6.205278172837404016e-01,7.473865995459433309e-01,9.230665807619466978e-01,7.515718574900905891e-01,4.518472393514532115e-01,2.352316379170258931e-01,9.300890621987493168e-01,0.000000000000000000e+00,8.402889721985841165e-01,4.811067360945585070e-01,6.202157506510633800e-01,7.978422041136523646e-01,6.649426409309782127e-01,4.671289605899985875e-01,2.200139434865567567e-01,7.052065980410702206e-01,9.904914196794893932e-01,8.891992745648592544e-01,7.396200409771880313e-01,2.491024219113640581e-01,6.500649431047698101e-01,4.601775899487823840e-01,9.557772078801415327e-01,9.541945149278449056e-01,4.840006929955917858e-01,4.054448692519433961e-01,4.654176859018830936e-01,3.995460070242987105e-01,7.831308153171412378e-01,4.785879577517948569e-01,4.864585099624443298e-01,6.264847337732291077e-01,5.705081216211238537e-01,8.694284665437203019e-01,7.812762660248586677e-01,8.984294812275782638e-01,2.133526645860250315e-01,6.819599505312841092e-01,7.291686322722991109e-01,7.881449786774004096e-01,8.204433360759449956e-01,7.513927931956894124e-01,4.507101493059387232e-01,6.789166108281521339e-01,6.135614277750738310e-01,6.478205171775744953e-01,6.518492481365444347e-01,7.976540495868073011e-01,9.460883754806143076e-01,7.514698171824281125e-01,7.186773230738855434e-01,1.786825905540901371e-01,4.867330523712379842e-01,6.948268316367222086e-01,6.546434262525784309e-01,2.426861734685191452e-01,3.295317041754810550e-01,5.380000222826860634e-01,8.045053808414650565e-01,8.185807831881715124e-01,8.960753235497573854e-01,9.445814458111090328e-01,9.214984956169731678e-01,9.374808753307765086e-01,6.498458215845751562e-01,7.992568161997415377e-01,7.619581684840488478e-01,6.734258538116518755e-01,5.526733014923590481e-01,5.836735173450076086e-01,5.111919207088386763e-01,4.374398896150704097e-01,8.383734432882643528e-01,6.211418684424991898e-01,5.879881907920775364e-01,7.787769458897326746e-01,5.542442534899311157e-01,8.050379318387388405e-01,6.382262694308250550e-01,5.819289914368149796e-01,5.238556333454589264e-01
4.469415361599763381e-01,7.708399708521250782e-01,7.911543521969599535e-01,7.226827832999548340e-01,9.507828579120461976e-01,7.954935841538676167e-01,4.746746335436408115e-01,5.960055789599800757e-01,4.882832957330460188e-01,7.941489404316541822e-01,9.214570362380627433e-01,8.402889721985841165e-01,0.000000000000000000e+00,3.048144394021631287e-01,6.092553486877603230e-01,9.680001327996902161e-01,7.900927103227773918e-01,9.560344020070632443e-01,5.806028228676293201e-01,8.830516459851713851e-01,7.430623677015577577e-01,4.580633309645611440e-01,8.749350989808719614e-01,4.747464461526303414e-01,5.961461312093412346e-01,7.039899555281735610e-01,7.801708627020473852e-01,5.557716706538299301e-01,6.727575662087296182e-01,6.038251873418426507e-01,2.196198350308976310e-01,4.850042316984605750e-01,1.486700279634374788e-01,4.171608636063194875e-01,7.361212215668547776e-01,4.786786351859015354e-01,2.972998275132109902e-01,9.911988357312561115e-01,7.781135577829622063e-01,8.661467785840621936e-01,3.007124273417195459e-01,8.550044210843661396e-01,9.195199370743529776e-01,6.357012552911570635e-01,4.876420978962139885e-01,4.202454452519225336e-01,8.058353897861958437e-01,6.584624039822363217e-01,6.460692019066975877e-01,7.595430640381819476e-01,6.214125597866287931e-01,5.808027371758619495e-01,8.744486291264291777e-01,6.020208544593178557e-01,8.255333545970581222e-01,6.546401376286823393e-01,3.272785307526820953e-01,8.323059913992558734e-01,8.210851507700400731e-01,7.457094836794567749e-01,7.257887591361348312e-01,8.524963936236623629e-01,6.391731884843412370e-01,6.267252512161751721e-01,9.573407609518828076e-01,8.207048614734844261e-01,3.782410578702171122e-01,8.037400284101201553e-01,3.932835408854903347e-01,6.507611008260182350e-01,4.961500970474591599e-01,5.311392722500437591e-01,6.222817732990348905e-02,3.580865153020696412e-01,3.982574343467606415e-01,9.199950794790205943e-01,9.902054683564054383e-01,7.227975124548822183e-01,4.525674162783206445e-01,1.897197095046073700e-01,5.294596301226516255e-01,9.095133830203308012e-01,8.576487698181343156e-01,8.087370124194809273e-01,8.037708413649503614e-01
-1.699741572089283059e-01,7.135626885939202468e-01,8.259085279478389774e-01,9.077761197800242599e-01,9.559884511887699610e-01,7.307710391189442545e-01,5.775760642900100716e-01,8.828329623686969052e-01,7.479530220645678185e-01,7.676314204788534656e-01,8.385498649036912111e-01,4.811067360945585070e-01,3.048144394021631287e-01,0.000000000000000000e+00,8.022088638660933579e-01,6.886773599855819938e-01,6.877833057968483210e-01,7.113931634570684892e-01,2.272248643438630200e-01,4.673371000242871887e-01,9.277452463126589777e-01,3.814683399400961572e-01,1.334090079136632523e-01,8.896880859042342049e-01,7.822601481599789075e-01,7.315217560502356164e-01,5.013385582964765552e-01,6.136842689905299686e-01,4.246162967739536276e-01,5.309893025847950421e-01,5.226224645162527160e-01,2.296305180950011238e-01,4.927945694961283762e-01,8.986969677184912797e-01,8.958900522751378492e-01,7.520988705353052195e-01,1.871749711999826093e-01,7.069197406242203607e-01,7.021466752711920112e-01,8.363657380950366704e-01,5.048071401724101293e-01,5.371984076572799971e-02,8.083877131796819437e-01,8.029040854747557798e-01,6.628455001007372838e-01,9.818986496989734469e-01,3.536014000866665730e-01,7.638384721284809942e-01,9.892651835595129839e-01,5.384029141929872475e-01,8.109597824053158543e-01,9.629218187618712177e-01,9.534425031325904909e-01,6.558177987139020004e-01,6.618967975338622134e-01,-1.173877529120444380e-01,8.233957654380743563e-01,4.606599096139863958e-01,6.430605465381914465e-01,2.612339009068366247e-01,4.688167510724353115e-01,6.339246978181121150e-01,4.349516015218760634e-01,6.951363460650675785e-01,6.450164674875668025e-01,9.349470686823210253e-01,7.057507999951787570e-01,9.552980543985141182e-01,6.250545581106564663e-01,5.816916117643038397e-01,8.541713002739838023e-01,7.133000304860716012e-01,6.103393502129788040e-01,2.267998318905604382e-01,5.572226319159184760e-01,6.761179678193518505e-01,7.231434835504794156e-01,3.705481645425091619e-01,8.410761573309494255e-02,3.033588531225408710e-02,9.524671445111522194e-01,5.126463442754298772e-01,7.424088209842322206e-01,2.385603614565118546e-01,8.136296971305665426e-01
9.199031374440433950e-01,2.517129815174913299e-01,6.472284327274636651e-01,9.221115962636488028e-01,5.941504543702866847e-01,4.792390897466583533e-01,7.337903414039600447e-01,6.176616543554489525e-01,6.744469705348765665e-01,5.489953101412015091e-01,3.193907444732466683e-01,6.202157506510633800e-01,6.092553486877603230e-01,8.022088638660933579e-01,0.000000000000000000e+00,4.134734486300467027e-01,6.838409556688811453e-01,5.783390176133114124e-01,4.704199880533125877e-01,8.602888183192441973e-01,7.348667167242548537e-01,7.928115706625471493e-01,6.252492963094125056e-01,8.856732290121708262e-01,7.942560308907199440e-01,8.505991620224999661e-01,7.932803142417532705e-01,9.265989841876262068e-01,4.238138150508152235e-01,2.435824930394659138e-01,4.268541278279684992e-01,8.005006901981439604e-01,6.880498137840521666e-01,5.409956661741786021e-01,5.953491846592297021e-01,2.114290037921917054e-01,3.719286106538395309e-01,7.810153264939361240e-01,9.516175933333582693e-01,2.308127601798341533e-01,2.374807008249124884e-01,7.200008617657112087e-01,7.100568253233980887e-01,3.754994102336445261e-01,9.866597441594722184e-01,8.882413846549190861e-01,6.808155056357304558e-01,4.151209999130013317e-01,6.487643580254830455e-01,6.701617583560688374e-01,5.176625022418041011e-01,5.395939170213510661e-01,7.241556418086378955e-01,5.586019260512223861e-01,4.432313274644796852e-01,5.556747296161419492e-01,3.058311249076411942e-01,4.780554393163946036e-01,4.341801796965451543e-01,7.257950704332245540e-01,5.751951921285589631e-01,9.394925191904076600e-01,6.783721165488614258e-01,7.907919418197600914e-01,9.662637690169310067e-01,-1.641323658886592596e-01,9.854609374839755631e-01,6.471515310319203573e-01,-4.818090266114771758e-02,5.514985443758427808e-01,4.720556155893155248e-01,4.430434491900875349e-01,8.884949589790543945e-01,2.651300944036957263e-01,4.176245473480371118e-01,6.793715671121083322e-01,8.404026729099811632e-01,1.809220391621248758e-01,6.729451080474870839e-01,3.718528544963267679e-01,6.537821773570944295e-01,5.717879181896324825e-01,7.873314678680475298e-01,8.815513773110353890e-01,9.641469029854177197e-01
9.224370361219417225e-01,5.114152303722194759e-01,7.929663449196002745e-01,8.135906391546631200e-01,9.082202037593860577e-01,5.959756735142307527e-01,2.382939460934112644e-02,2.041337997968552531e-01,6.122200243517301743e-01,7.261676076418812631e-01,8.974315145207141242e-01,7.978422041136523646e-01,9.680001327996902161e-01,6.886773599855819938e-01,4.134734486300467027e-01,0.000000000000000000e+00,7.960488394065932116e-01,9.089214261897328173e-01,6.782828005325575171e-01,7.009460863075089865e-01,4.683190799584736053e-01,9.772251691997855261e-01,1.145268362135642981e-02,4.559952804687136263e-01,7.238963514966741952e-01,6.226633238747151244e-01,9.605838864003134470e-01,8.196118969959619305e-01,2.618937202429375000e-01,7.070307537917845941e-01,1.662853747671821925e-01,5.853811253819574123e-01,8.344497745541188394e-01,6.823388222082256149e-01,5.385228487962701038e-01,7.923843425772170157e-01,1.847033702196001700e-02,8.018076504851247011e-01,8.197870981570396509e-01,7.647566420433004053e-01,4.008972306200051516e-01,8.014318524988193193e-01,7.567017811553362894e-02,6.057924286874374342e-01,8.989887512017902260e-01,7.458506899215743280e-01,8.420868191343998665e-01,7.313871399499641823e-01,5.573219923594372460e-01,7.970425409663753902e-01,5.898444347906682816e-01,6.862198425586915063e-01,9.947309524349958743e-01,7.425648665651588543e-01,9.233714323135138180e-01,7.957879165794713439e-01,6.903972251698244911e-01,7.559045564591398980e-01,8.059511561846762762e-01,4.630515384152959490e-01,6.626100840357306287e-01,5.238964387272693202e-01,-1.234755064851654760e-01,8.894806707576227156e-01,3.579282523561128082e-01,8.010839358279278066e-01,2.281725274647332102e-01,9.037686616074750434e-01,2.886959285228700711e-01,9.964740828817653107e-01,9.929075653970252935e-01,6.015174999568829728e-01,3.057945131978856423e-01,2.162326755664795430e-01,6.078381279638350732e-01,9.581709570944773047e-01,3.519890176730187115e-01,6.681779313752137517e-01,3.036657709811781958e-01,2.812342815824032116e-01,4.223842159133662788e-01,7.947120966887220028e-01,9.668795948269012230e-01,8.809803053172529097e-01,-1.739817960247326545e-01
1.564637371396674359e-01,4.192592789349500193e-01,6.295716333135290554e-01,8.975540414735919681e-01,7.494002825823258274e-01,6.290905370091095516e-01,7.901876655258929238e-01,7.988553650391112537e-01,6.498297060558540228e-02,8.919245263776314214e-01,2.365322779133848252e-01,6.649426409309782127e-01,7.900927103227773918e-01,6.877833057968483210e-01,6.838409556688811453e-01,7.960488394065932116e-01,0.000000000000000000e+00,5.139505431563039517e-01,7.523448294828374294e-01,8.224370874692811251e-01,9.066865675157814719e-01,8.210975431497374855e-01,8.207755024648999420e-01,8.787522706777761705e-01,6.267927315377613828e-01,7.914126242012214929e-01,6.222070274682907076e-01,6.131813834777858352e-01,2.413550317648162635e-01,6.450846397176729363e-01,-9.083676188647128724e-02,9.672482984965523611e-01,7.599648492936031952e-01,8.004851282553068215e-01,9.329072591513284385e-01,5.943262206804565961e-01,3.876511571215722762e-01,9.807681946327176936e-01,9.792376361515680028e-01,6.466165227194875520e-01,7.353946052602640115e-01,2.563848137881297728e-01,8.534284811375043578e-01,7.060134233857110475e-01,6.574089210456358634e-01,6.588183658305585277e-01,2.626719046963196247e-01,4.613267571881881079e-01,9.981113923823987655e-01,8.203682523479989275e-01,5.327539278521573607e-01,8.816798175888344025e-01,9.000565623753435940e-01,9.790571116126770557e-01,4.377763869803250607e-01,6.311064908415118246e-01,8.953876312946268401e-01,6.657961420523782481e-01,6.094972148129951250e-01,4.365642236215419580e-01,3.080771698920940493e-01,8.621440198242295017e-01,9.388544685527312472e-01,8.690435084316827652e-01,9.051268062465507303e-01,5.405049280290116220e-01,5.351925505657567639e-01,8.385049061369801437e-01,6.093571263444725883e-01,7.481520302199222705e-01,7.562784942583985481e-01,4.624113054439795700e-01,3.318036603688489516e-01,3.724480613399154816e-01,7.264838354203876358e-01,8.054451710879990678e-01,9.282075998502252734e-01,8.836038052688990341e-01,5.316529250084723879e-01,6.615746758880856060e-01,7.194141461878467148e-01,1.965363347662609228e-01,9.640023525182380704e-01,7.476701648391290700e-01,8.919978873116582996e-01
7.035572581247273583e-01,4.813371359419283402e-01,8.158555282281866328e-01,8.893470527309337292e-01,9.297104906975857119e-01,4.881936010448387209e-01,6.577772637948864354e-01,6.107410997590333457e-01,7.809463147450899090e-01,6.312367732015621291e-01,6.832388649100521461e-01,4.671289605899985875e-01,9.560344020070632443e-01,7.113931634570684892e-01,5.783390176133114124e-01,9.089214261897328173e-01,5.139505431563039517e-01,0.000000000000000000e+00,6.791563852268599488e-01,8.448567126380956971e-01,9.279832859232821640e-01,7.647557420037542908e-01,-1.766786925243175044e-01,9.834382505701548816e-01,6.065788818387413128e-01,9.270176667068310561e-01,9.720306325222092259e-01,4.896103202671120980e-01,4.038104439867603590e-01,2.489387972506739988e-01,5.534995264496727491e-02,5.631832053807652727e-01,9.999580200548936482e-01,5.572640904718927368e-01,8.122977296317334117e-01,2.861710089714022964e-01,4.370557619520027415e-01,4.183811539557872328e-01,8.981150366696153409e-01,6.760022937587077951e-01,4.432950158599669455e-01,6.935355751863929719e-01,8.520010901387983226e-01,8.644678987420983951e-01,6.432664444537193882e-01,5.288733050834653060e-01,8.066905594769465671e-01,7.152951099403855872e-01,5.227657913302485859e-01,5.686703244642180577e-01,5.589600435829802372e-01,8.937140017850420115e-01,7.163439822083302877e-01,9.443373776758440252e-01,4.012071262753296730e-01,3.862915968546394296e-01,9.595628007847518681e-01,7.163660333388307544e-01,3.994805455134498029e-01,7.098674095196340073e-01,6.226228023869978534e-01,6.539459236706247625e-01,7.053790959807060279e-01,9.774282961976283879e-01,4.489523242323417151e-01,9.908513618659967603e-01,3.836670239604548227e-01,9.174283127650970648e-01,7.038684713128855464e-01,4.170721297311496545e-01,9.074283105995766263e-01,6.804844569279795419e-01,5.431086777099830565e-01,3.635736452043468736e-01,9.389639517842637284e-01,4.694454290720956324e-01,6.210148725522353086e-01,5.772187314389128909e-01,3.536227210976085611e-01,7.114348776028692756e-01,4.983976028339375253e-01,6.401392888220286403e-01,6.073351219379369281e-01,7.433332632662940087e-01,6.385200396352950225e-01
