0.000000000000000000e+00,9.116064232683881441e-01,9.605970129558472070e-01,3.386945100629039640e-01,6.890569070086176584e-01,9.482981013771354384e-01,9.729632688768787840e-01,8.745919979883662876e-01,8.524393166426404989e-01,4.340286520467489528e-01,3.802734506782028956e-01,6.412842106187433000e-01,6.549021406998178918e-01,6.781068582958380553e-01,8.593391238748967487e-01,6.462829873997056884e-01,9.853184057225743420e-01,3.476719032222913564e-01,6.963307640568977552e-01,7.463981661410757917e-01,7.932362634847973659e-01,8.138727834820569385e-01,9.950696515887946791e-01,5.757962206449259712e-01,4.352598580441548459e-01,8.211064829655718711e-01,2.778158940054809012e-01,7.088713685357622696e-01,2.120510298474314881e-01,7.597041902336227892e-01,5.918330108202058959e-01,7.384869854296429725e-01,8.433499180379415705e-01,9.607642159424034656e-01,8.108837586765111904e-01,6.343028447499864386e-01,5.682548164766816345e-01,6.182927729867381261e-01,6.621951951402357262e-01,9.769578442937947305e-01,6.547503611448293181e-01,8.977741265246701463e-01,9.676187042541942729e-01,8.960142202751653073e-01,8.978399967390342518e-01,4.107105727832671138e-01,7.761876563799900985e-01,8.854589111945658786e-01,8.785543036780284476e-01,8.323113977733959112e-01,8.330761380519103865e-01,9.920449269977843487e-01,9.604641244548139944e-01,9.322232826600935773e-01,6.165179121086711289e-01,4.313938365902891814e-01,9.721060126425299375e-01,6.867439477856216445e-01,4.033118085061569436e-01,3.483931029414240321e-02,-1.787892368521163955e-01,8.663466616261755737e-01,6.349325039020196071e-01,6.269985291760069579e-01,5.715392240887857689e-01,4.529570188319425594e-01,4.865763233204070115e-01,9.657141801058719555e-01,7.061527131750691133e-01,8.594322990682178309e-01,8.481386056853300603e-01,4.570134213630640541e-01,6.620807686925436197e-01,4.482800528689085406e-01,8.682236564657892508e-01,3.526937436902747858e-01,6.732607044090048731e-01,9.903256273697127465e-01,4.141870114960242710e-01,9.938721978001608271e-04,8.278373019183246084e-01,8.792010409664482440e-01,7.039551124014258310e-01,3.108373063685385129e-01,5.877790814201084846e-01
9.116064232683881441e-01,0.000000000000000000e+00,8.078587775627622536e-01,6.737507587774230755e-01,6.726484094525123636e-01,5.326595929610229430e-01,1.505492260714351715e-01,6.291304813191200829e-01,8.371310314133213470e-01,9.454191839540835307e-01,7.584548971713140908e-01,9.187198840200292427e-01,9.628542141326129622e-01,9.754460587955500195e-01,9.164088393697955581e-01,6.901880150113114398e-01,8.351419090796774469e-01,4.307988808314600626e-01,6.042395445708401702e-01,3.155039180950865996e-01,9.348929869523676661e-01,5.444838399405319551e-01,7.865628989917818892e-01,7.461288501163600984e-01,2.554896833359185937e-01,3.246140486542690162e-01,9.711826648723441702e-01,7.261001004652294366e-01,3.632860311348010129e-01,6.443150597434657012e-01,3.872702646602329546e-01,8.581725287573158667e-01,7.048221726780165008e-01,7.668145430382536931e-01,4.971928289725481842e-01,5.023049724094303947e-01,5.158354308811384792e-01,4.334591214042616270e-01,6.809732735620582789e-01,6.043147687223404674e-01,4.043033568620428841e-01,9.809336766257620299e-01,4.856998511911649885e-01,7.839520786214332349e-01,2.185184523053164130e-01,9.171677898175314425e-01,9.273861179755351625e-01,6.072789250894724544e-01,4.041976544586275422e-01,9.307327449218272264e-01,-1.808199347241180865e-01,9.806671559930912885e-01,6.950224574355328144e-01,8.659598623797185590e-01,4.883303826501987355e-01,6.536796182107122988e-01,2.917354250888147815e-01,6.882950545887789318e-01,7.428624899014842908e-01,4.903273772302128575e-01,3.678760354082339923e-01,4.240298009449936512e-01,6.355195373974905637e-01,8.647854830474152044e-01,8.875424348400254848e-01,4.274063119985486714e-01,6.780592910713109100e-01,7.594865861309696431e-01,6.471831958100602300e-01,7.345054577661935813e-01,3.827098002285201916e-01,9.318450591090692292e-01,3.762950588169228228e-01,3.902373371256214751e-01,8.792889372174953477e-01,7.285410959599546432e-01,6.851538843109856725e-01,7.202998170059278227e-01,5.101300669293103995e-01,4.123830359501083342e-01,6.105321993911827505e-01,7.434693678875297085e-01,6.284150894904682039e-01,7.423184976536576496e-01,8.611591571322407823e-01
9.605970129558472070e-01,8.078587775627622536e-01,0.000000000000000000e+00,2.643045249544395681e-02,8.270891138654847818e-01,4.064212282789948505e-01,4.025916229091935361e-01,6.407882547222643055e-01,6.514020649233839277e-01,8.210398806687601025e-01,8.264026822005257067e-01,9.940776034710331333e-01,5.542724138919364885e-01,7.758368995337718843e-01,6.241127350307417165e-01,6.416779325717832938e-01,8.929162947747831813e-01,6.554057250722689076e-01,9.404245172488989724e-01,6.247266765660987042e-01,8.115006774321128491e-01,8.464986465448047781e-01,6.841079924272865931e-01,9.134141095785379694e-01,9.325904727961624729e-01,8.819038722906454852e-01,7.750715111658840195e-01,5.041834618522236244e-01,7.230108352918189762e-01,4.206197975490940100e-01,3.729021051341181447e-01,7.903039254016408499e-01,8.059010176867851261e-01,9.773023676015066830e-01,8.078985196890497988e-01,6.480993461587700732e-01,6.811294530019527116e-01,7.312601259055855341e-01,8.096104487764246294e-01,9.947322278560094544e-01,4.484700186929325705e-01,8.279935106665833322e-01,9.009623200644302221e-01,8.519750995606726329e-01,9.347924588530436285e-01,6.777831044565613139e-01,9.533123312041388298e-01,6.597812129654675450e-01,8.707068423655870415e-01,9.431637661850191812e-01,6.431827379000605305e-01,8.549994930404504201e-01,9.974558295735567182e-01,8.243456095581693788e-01,5.911032907000752790e-01,9.300839226930163184e-01,8.959879511601515079e-01,9.147769146640966076e-01,2.158630150590645225e-01,3.033518769395638914e-01,7.575344064249999176e-01,9.166356278466389895e-01,8.843925246107642302e-02,5.149658546563400385e-01,8.483721881400014819e-01,9.667139974543366154e-01,6.497516599579743479e-01,6.789635921196832680e-01,2.504591563481486927e-01,9.819928843689490483e-01,7.884165289685887146e-01,-1.946852790475496475e-01,3.353304303353383808e-01,5.395424906554390221e-01,8.773188824284752219e-01,9.808608292909714033e-01,9.144372454960647545e-01,8.637849752740942577e-01,7.081917013356697765e-01,3.445742982763058126e-01,9.590859459385552288e-01,9.132059532941136926e-01,5.435223821266657040e-01,9.216229600854625170e-01,6.680741815987134569e-01
3.386945100629039640e-01,6.737507587774230755e-01,2.643045249544395681e-02,0.000000000000000000e+00,7.572015612677935881e-01,1.674590387728489560e-01,6.907545742775657027e-01,2.354234052339192473e-01,6.262263718113729727e-01,9.741694967358387469e-01,8.161312368925113248e-01,9.318360366768254632e-01,8.787886565204936495e-01,3.444881592800146386e-01,9.405458271200470843e-01,6.045155487296770547e-01,6.770201616132139888e-01,9.666759620156933908e-01,7.737640787960273769e-01,8.695156107233470433e-01,8.752988427256783721e-01,8.594155203022066924e-01,9.010728123274113210e-01,6.303738926400264120e-01,7.515095523541543976e-01,9.500689177423757847e-01,4.596220811057061262e-01,7.008588653883579545e-01,2.670110614200011945e-01,2.964282465300225877e-01,5.293809135523870335e-01,2.674821404882199438e-01,9.426906461519719560e-01,8.811258881657095809e-01,5.704082706589118645e-01,5.717593185184957072e-01,5.750424001057516943e-01,6.535775587446951418e-01,9.040288101664302189e-01,6.324255558332172455e-01,4.812263435140444190e-01,7.444084743409804528e-01,9.636168190653844334e-01,6.534107970535699694e-01,8.277499817896918355e-01,4.016317728182250413e-02,7.764465385898344785e-01,4.043482246323147900e-01,6.643248849224552277e-01,7.657919876962964167e-01,9.168970351211039871e-01,5.151174634716633449e-02,6.793703898337432046e-01,8.684464765208501635e-01,8.370603168244298287e-01,5.863836196784315558e-01,6.326489541063735622e-01,5.641144040303196494e-01,7.963363257175226639e-01,7.223182243989118012e-01,5.748794548524952530e-01,9.825786147252328906e-01,5.277542587100250149e-01,8.245382993202537980e-01,9.622775125161978638e-01,7.145487094040614551e-01,4.876605437258597076e-01,9.499798202064009267e-01,5.547731568954701320e-01,5.150274899604663226e-01,8.377654614151934798e-01,6.695184412783765637e-01,4.070183633988428973e-01,7.017575755354815703e-01,9.979531434902429998e-01,6.241567926725275495e-01,8.016774948909347609e-01,4.634720603789059257e-01,5.383785763459598972e-02,3.819216572986017244e-01,6.052713202647925783e-01,6.395608718970222650e-01,8.742301241249368360e-01,2.465041982193800774e-01,7.414645953284046964e-01
6.890569070086176584e-01,6.726484094525123636e-01,8.270891138654847818e-01,7.572015612677935881e-01,0.000000000000000000e+00,9.982324168732217284e-01,-8.484200923240729775e-02,8.548240397119739598e-01,4.588088210896152375e-01,4.001741210097800039e-01,6.934106062654822322e-01,6.828142163789970853e-01,9.886261678805927655e-01,4.456731809239323217e-01,7.572967352548045650e-01,7.123931219803201209e-01,9.094253876441124040e-01,7.541890411599687649e-01,2.175148928119080283e-01,9.129576323200612187e-01,7.618154164692324537e-01,3.960855214163794269e-01,6.703018817139679841e-01,4.965120989142838281e-01,4.987048865180379043e-01,9.526472446319971255e-01,7.273720547355224664e-01,7.211874924671162201e-01,5.298978655957823358e-01,5.203782453115773921e-01,5.404555761030559458e-01,7.229159546125591973e-01,7.387787416140166874e-01,8.031681362457512297e-01,7.758188004032481322e-01,7.646802211792969040e-01,6.439761097263113632e-01,9.115435092585485455e-01,6.301960692236456829e-01,6.081551587643068135e-01,6.491893905180495805e-01,5.590828011524194840e-01,8.162853605076724195e-01,9.310884726849343318e-01,4.760080005310960427e-01,4.989333704166653005e-01,7.863553233239327644e-01,8.999912156235668759e-01,6.696043897048455928e-01,4.387807184211085509e-01,-2.628729023323986280e-02,-1.426249135181552885e-01,9.855231528323025181e-01,4.209758163357941729e-01,6.682632427334811442e-01,9.510202224786342695e-01,2.399418796940916421e-01,9.429742330129701200e-01,7.688959550729316250e-01,6.636510585810204699e-01,2.792049116107369056e-01,4.381948081296002662e-01,5.785135159627785573e-01,8.323561871663158751e-01,7.729967047932155833e-01,5.452528782303146526e-01,8.878954670703419483e-01,6.650469608856974801e-01,8.734979766180570593e-01,8.420317823675855795e-01,9.115909452845548655e-01,9.589656648800646277e-01,2.983835584527089191e-01,6.527689701700357672e-01,4.366207968023542718e-01,9.620874357166203650e-01,8.372279509159802346e-01,4.152280562520898055e-01,5.995578797384770731e-01,4.547039412395476599e-01,8.224571151633439658e-01,7.897433414469759994e-01,1.682703810169956515e-01,2.434124728838103768e-01,9.035000355870455024e-01
9.482981013771354384e-01,5.326595929610229430e-01,4.064212282789948505e-01,1.674590387728489560e-01,9.982324168732217284e-01,0.000000000000000000e+00,5.931104431605194183e-01,6.214030355050855770e-01,6.346634301059869143e-01,4.615728609421943518e-01,8.644522123096056720e-01,7.108523433368078015e-01,8.038465011927353743e-01,8.329746602587001503e-01,5.822843050352598526e-01,3.436770231890367011e-01,7.237156251739811363e-01,6.170042608914004800e-01,7.256624728633492838e-01,6.504382465475877506e-01,6.599173544421551574e-01,9.549877768753004537e-01,9.460472669352868458e-01,8.050065027156779740e-01,6.171996456947114185e-01,7.184872955826818730e-01,9.880428620039793941e-01,6.769641540483990472e-01,4.498546509278709138e-01,6.853204096850732396e-01,7.011865991758936545e-01,5.842626373276298413e-01,2.281344572372125123e-01,5.048098035662146321e-01,6.899713337600053009e-01,6.620147780794449766e-03,5.001069818343150120e-01,6.083978423126553681e-01,9.308334098457002881e-01,5.053690225970780547e-01,4.016697897835332376e-01,7.954632204855891509e-01,9.892086319302111352e-01,9.645060730910121061e-01,9.094216534366765803e-01,7.490989173162025949e-01,7.022624388712396248e-01,2.944432613924666819e-01,4.491066025092912417e-01,3.446453328326898324e-01,7.534222169239924716e-01,8.977595913476905665e-01,4.536107681885657161e-01,7.945768368041656871e-01,9.622051167138210293e-01,5.933164434020907763e-01,5.449676338943273413e-01,8.698035817243365830e-01,9.721601144437737041e-01,6.036279014175255364e-01,7.941924160619966422e-01,3.269790412547620706e-01,6.339855198352658538e-01,8.850843573070119596e-01,9.983776589635617871e-01,8.441927371964812465e-01,5.887448611054396652e-01,6.862595433893151631e-01,2.994433950075628958e-01,6.771546416220417530e-01,4.977933202879604169e-01,5.832091332356547086e-01,1.720530593617932910e-02,2.598863348038220611e-01,4.325189767707101618e-01,9.368771894557021973e-01,6.747530772056172799e-01,3.552706001885879150e-01,3.616563509175669822e-01,4.319077323426361720e-02,8.657864495497581414e-01,8.496470027731499730e-01,8.627847731979064738e-01,6.583940058676773788e-01,7.708130983186968210e-01
9.729632688768787840e-01,1.505492260714351715e-01,4.025916229091935361e-01,6.907545742775657027e-01,-8.484200923240729775e-02,5.931104431605194183e-01,0.000000000000000000e+00,7.028778741268353336e-01,9.895219619779106468e-01,8.766135927630804847e-01,6.292456594327873187e-01,1.820497006552486141e-01,2.116157047765056531e-01,7.784263131396532698e-01,9.525551468954743806e-01,8.661109252796608260e-01,7.222580845660242499e-01,4.216529301563600174e-01,7.246563992647084840e-01,7.311322860722919703e-01,7.398381081843349305e-01,6.765498733347471427e-01,5.125931329704850326e-01,8.730298174600440442e-01,7.616138606289047930e-01,2.809366192559474285e-01,4.695025088479688469e-01,7.135842574587587528e-01,7.342760096049145702e-01,7.790310124798479618e-01,4.823985859793305520e-01,1.969423885509911237e-02,3.411674533686658850e-01,8.859952438628975191e-01,4.395569603235062184e-01,3.134357681378118210e-01,3.233312235835184012e-01,3.584654176261686809e-01,8.077186247004428665e-01,4.310410183235321990e-01,7.188608882224183372e-01,3.514380217261399153e-01,8.448993494581905628e-01,3.588031662073356415e-02,7.343752928562056193e-01,4.042161957576120290e-01,7.300468677046825228e-01,5.616182245574344867e-01,4.736596049073907855e-01,7.064880836460298852e-01,5.742953244954815961e-01,4.808410248052228386e-01,6.896937925576728246e-01,9.483016519126513666e-01,3.622967592697362571e-01,7.464086391644998431e-01,5.973675354483869437e-01,5.754188367428527684e-01,6.534541983254555930e-01,-1.135277811631436318e-01,5.752098712835111982e-01,6.400140290409457311e-01,6.792327097305550510e-01,6.624577506748732247e-01,7.469493819821018121e-01,7.318923735900658700e-01,5.097946963209711857e-01,7.030088122635532732e-01,9.935002366137738461e-01,4.767838802355355288e-01,2.504013197392080947e-01,7.229237772049110777e-01,3.390094695756757370e-01,6.943985654049334988e-01,9.680567501097144811e-01,6.212191195713854253e-01,5.556706851297853467e-01,7.251575506739944554e-01,2.487449657140199943e-01,3.322521364829249535e-01,9.507038296817638123e-01,7.842117466186881991e-01,7.924006533587446555e-01,5.333169125426990842e-01,7.428951186463009781e-01
8.745919979883662876e-01,6.291304813191200829e-01,6.407882547222643055e-01,2.354234052339192473e-01,8.548240397119739598e-01,6.214030355050855770e-01,7.028778741268353336e-01,0.000000000000000000e+00,7.641417508839070116e-01,6.746333111063278487e-01,7.655158076681887191e-01,2.222440447990399470e-02,7.629471513351777645e-01,9.723236016594494213e-01,6.157446665318568879e-01,6.121915759063926155e-01,2.959549242224464582e-01,6.912962764826728890e-01,7.284162107397791630e-02,7.064513361128152980e-01,9.204798900974169307e-01,5.268976057326026918e-01,6.030894988321342520e-01,7.115198734080719900e-01,5.953898851067518372e-01,6.947384819812360002e-01,7.771577664080548953e-01,8.545639743715207626e-01,4.190129261387365855e-01,5.190687868370844615e-01,7.944522969936986811e-01,8.453264044439107172e-01,2.677380980562527046e-01,7.962659521702328824e-01,5.824313774627032370e-01,7.292091144342230935e-01,4.048093819870459131e-01,3.080468500783098973e-01,6.909487637517774949e-01,4.954154067629918390e-01,2.238202717685078280e-01,4.832880621133069099e-02,7.974228003440142487e-01,9.241331957066285518e-01,9.222613477414951522e-01,5.252034164885933075e-03,6.723225090285769312e-01,6.005071196510588516e-01,5.139933139357552028e-01,2.733900787751956662e-01,3.370850817579812420e-01,6.984368089348488295e-01,4.681218075499826714e-01,6.909087875134560797e-01,8.184922549722342122e-01,9.091544520555930875e-01,2.656837761909336404e-01,7.188079039980687091e-01,4.728264028992513746e-01,4.331790521932143423e-01,5.163591109738645546e-01,4.551456984707775710e-01,7.020167889118483773e-01,9.099994138096679785e-01,8.280184419959143449e-01,3.622085887946456806e-01,7.828196883306340892e-01,9.353881659709873952e-01,7.437262609663587432e-01,7.641355227596371424e-01,6.738437309394550434e-01,6.835229621872130901e-01,2.527658409141874674e-01,6.990014460775625382e-01,7.716053730146763545e-01,7.101912123175685432e-01,5.871585278003832453e-01,3.257664336426955437e-02,4.643545631651351258e-01,3.561121963672438939e-01,2.939305167507280103e-01,8.135105846548972286e-01,5.670347927140669819e-01,-1.378233815532188822e-01,7.397538099326198546e-01
8.524393166426404989e-01,8.371310314133213470e-01,6.514020649233839277e-01,6.262263718113729727e-01,4.588088210896152375e-01,6.346634301059869143e-01,9.895219619779106468e-01,7.641417508839070116e-01,0.000000000000000000e+00,7.913779102287294975e-01,9.204132031850285056e-01,8.749196546151281062e-01,6.265725933157872962e-01,7.385166066030008913e-01,9.541309586334189019e-01,7.947012603269671960e-01,7.820176934429796667e-01,6.233295371524922857e-01,5.645633009507571298e-01,9.373670447921419457e-01,8.738191147853424656e-01,6.183527947661348056e-01,6.500539849706462592e-01,5.896959589132937385e-01,6.508096671919475495e-01,7.746482490119972475e-01,7.251197447299496668e-01,8.723739624290864914e-01,3.797908002369571046e-01,2.031620824577612672e-01,2.831252075020448400e-01,7.712033186114968242e-01,1.643534555398878660e-01,7.409036849118499912e-01,6.377059133370470700e-01,5.824510088391142704e-01,5.756614480591009109e-01,4.803701579192137250e-01,5.810362028120000244e-02,6.446353572820049393e-01,6.970669326980875047e-01,4.481909787523306182e-02,5.676879046198366474e-01,6.945069485962762634e-01,8.055711726109134885e-01,9.419298700444946881e-01,9.664450300916878067e-01,2.610255476552452159e-01,5.090666799567881151e-01,5.504636045458293214e-01,7.692348207475117050e-01,9.438250707617690249e-01,1.438643902327015056e-01,6.502973104431476470e-01,9.784734459652505434e-01,6.551782370889369655e-01,3.034848550924107990e-01,1.838932343735425745e-01,8.175620217032356640e-01,9.116843815143202967e-01,3.374849621595252813e-01,2.702654010022070841e-01,7.613964835465578673e-01,8.132531830497157221e-01,6.614300500620741152e-01,6.416747921230675500e-01,4.896913311310410744e-01,9.773508238879248244e-01,1.457748576104653943e-02,6.722575803139011485e-01,8.644176954213793618e-01,8.448481961236862237e-01,6.391775708011455670e-01,4.714155434335224881e-01,9.797071141699656982e-01,3.962795490818179500e-01,9.968607708476285856e-01,5.370314635038606621e-01,6.890816784706784714e-01,2.730655698960205990e-01,6.669051151244110853e-01,7.652351589759205375e-01,8.052039497747565111e-02,6.300490714576738593e-01,6.112072528824747941e-01
4.340286520467489528e-01,9.454191839540835307e-01,8.210398806687601025e-01,9.741694967358387469e-01,4.001741210097800039e-01,4.615728609421943518e-01,8.766135927630804847e-01,6.746333111063278487e-01,7.913779102287294975e-01,0.000000000000000000e+00,8.062231425609475144e-01,4.151856493166942719e-01,2.424083174971067567e-01,7.381795550577721077e-01,9.247539346878440591e-01,6.074582877067299380e-01,4.069219528179602863e-01,7.416501836994291441e-01,3.272186658076143839e-01,8.568315736743375988e-01,9.606625522284669705e-01,8.703552768016353802e-01,9.378263813412353045e-01,6.859171436956499335e-01,5.250127832347550871e-01,8.318381513750828793e-01,7.873496193258385789e-01,7.967603527476410097e-01,1.862470742022023507e-01,4.790384699308349870e-01,1.164273297747762254e-02,7.558170420834378067e-01,4.966836589487179099e-01,9.797540189217833762e-01,9.331364479920649657e-01,1.088799326685134863e-02,4.171395163697442232e-01,6.625540302091599276e-01,8.069828575739880216e-01,8.191861614821289717e-01,4.312377973806045400e-02,8.839411829679183485e-01,4.112058896409269138e-01,7.772644960859766972e-01,7.910245304917562503e-01,5.565391765347764697e-01,5.400274621116943896e-01,8.303190449193119660e-01,7.232864402586978159e-01,7.378493419484368765e-01,5.824720880470533046e-01,6.313359047028920257e-01,6.417907780684729557e-01,7.541927101446136428e-01,6.023853428686951617e-01,7.631807908781549354e-01,8.975978114142155739e-01,7.412435834634896192e-01,8.398425686068565765e-01,4.061685289922999376e-01,5.826663105512458474e-01,7.503362064000114184e-01,9.502692991960843827e-01,4.041611821060541176e-01,8.823268307106865160e-01,9.088662735288224326e-01,7.925925870500953874e-01,7.240857850275896901e-01,9.796394849544526329e-01,3.896951576614302581e-01,7.629949965017445157e-01,4.007253314499777952e-01,4.990690941431048522e-01,6.166443949517649292e-01,4.002828036312653381e-01,8.809434916985321440e-01,8.939537643778788789e-01,9.700475059377078324e-01,7.123878037478529324e-01,6.219406807499182621e-01,6.280476099446938854e-01,8.352950999752972727e-01,9.627895242225478212e-01,7.399669115223364013e-01,7.561369239043738144e-01
3.802734506782028956e-01,7.584548971713140908e-01,8.264026822005257067e-01,8.161312368925113248e-01,6.934106062654822322e-01,8.644522123096056720e-01,6.292456594327873187e-01,7.655158076681887191e-01,9.204132031850285056e-01,8.062231425609475144e-01,0.000000000000000000e+00,5.223080953660222958e-01,8.603890849236293104e-01,9.351027407584405760e-01,8.786198890375415127e-01,5.045905726877757402e-01,6.090937262408969710e-01,6.035452974767658851e-01,6.338776487339617960e-01,8.931859295562026846e-01,9.475710328733112364e-01,6.165813102974374571e-01,5.849871632533825139e-01,7.548753056353236790e-01,8.260348118259399630e-01,5.178224970545549644e-01,7.483154783423142664e-01,9.774835793345914015e-01,7.368323905429950971e-01,3.982232582049172187e-02,4.811213176959249216e-01,8.743224674357684689e-01,8.139895108970243154e-01,7.410060738366340827e-01,6.089478924806175364e-01,4.379195991663280552e-01,5.238194682493856336e-01,2.215058652584375731e-01,5.906077478781610601e-01,9.190872741820569347e-01,7.749213794872747973e-01,9.389845102004149568e-01,8.127240060647827891e-01,8.214966938916021810e-01,7.390989985932667761e-01,5.031270475758706784e-01,-1.478811076382673673e-01,5.364709242590848248e-01,6.329494879749403280e-01,8.252861541699134662e-01,6.709894647652780986e-01,2.997311737034588641e-01,5.573095113977817316e-01,6.812645542937688647e-01,7.697111891820287433e-01,7.026933135382844586e-01,9.002205716724677176e-01,7.051859882751970732e-01,8.797817808666971162e-01,7.664750934318750319e-01,5.698552809965135024e-01,5.284948205180832748e-01,7.267692390387718859e-01,8.796942326554908487e-01,7.446002787836299985e-01,6.002354970272975043e-01,3.719731328030319029e-01,6.396099470124612107e-01,4.443214745767805063e-01,6.395606238405089350e-01,9.276293674982596382e-01,9.601953681416025566e-01,5.533137709873450216e-01,3.475262405288447320e-01,7.029032255013805131e-01,8.571197948067892369e-01,3.022074391452072017e-01,6.296225650915382444e-01,2.784558248656295032e-02,1.541158651429672399e-01,6.292786588809632375e-01,9.342169457867758320e-01,6.950590352544043782e-01,4.502136299494381433e-01,8.610012256207155712e-01
6.412842106187433000e-01,9.187198840200292427e-01,9.940776034710331333e-01,9.318360366768254632e-01,6.828142163789970853e-01,7.108523433368078015e-01,1.820497006552486141e-01,2.222440447990399470e-02,8.749196546151281062e-01,4.151856493166942719e-01,5.223080953660222958e-01,0.000000000000000000e+00,8.398254265353821690e-01,5.536942445016659331e-01,4.012826451980234799e-01,-1.546024837288458575e-01,8.546079952488425668e-01,6.483810854329451479e-01,5.692291354315006657e-01,8.828856614107397638e-01,4.098113591970418690e-01,6.855839564922677765e-01,6.050020193000122948e-01,8.275956548398285539e-01,5.646100734356068740e-01,2.653059100217638466e-01,7.123031276662739053e-01,1.947318229225257769e-01,7.621591583514756296e-01,5.703056151532314155e-01,2.555184816725959984e-01,8.762093265301722500e-01,5.566448241336415803e-01,7.702005917928550494e-01,5.086419371007138146e-01,4.297022025119615063e-01,6.717265214605576684e-01,5.480465013220163772e-01,9.809202338249827235e-01,3.854061659829146613e-01,3.948138675597664404e-01,7.666992026259726867e-01,6.262170965422252378e-01,8.188998284261219673e-01,9.635404392382902472e-01,8.160689290843734511e-01,5.606996993219659497e-01,6.738861097062867067e-01,8.396381112757000942e-01,7.899607212568497960e-01,8.793214926909536100e-01,7.810167960013320032e-01,5.817274118204154298e-01,7.137735558147082493e-01,6.841446020118866489e-01,9.636120984323889305e-01,7.135564991895214648e-01,7.770885149448730767e-01,4.547016806475925876e-01,4.485954830142055427e-01,2.300438874126521094e-01,2.751579255437966998e-01,2.422067301173539133e-01,4.733584647518339072e-01,6.349012709939759747e-01,3.810239354219697727e-01,4.097958100794347747e-01,6.388940109653611366e-01,5.596546079799282758e-01,4.775156090839150491e-01,1.860960739192862997e-03,6.508511592591379458e-01,7.652047670251946876e-01,4.360731385445660857e-01,5.165147904899579645e-01,8.552616666563446213e-01,7.951435703910936237e-01,6.853234784200011864e-01,6.296493105152893843e-01,2.726263099789558164e-01,5.428765528402098584e-01,7.723431635967173969e-01,6.655349484708057428e-01,3.214428685796923424e-01,9.914741387717446175e-01
6.549021406998178918e-01,9.628542141326129622e-01,5.542724138919364885e-01,8.787886565204936495e-01,9.886261678805927655e-01,8.038465011927353743e-01,2.116157047765056531e-01,7.629471513351777645e-01,6.265725933157872962e-01,2.424083174971067567e-01,8.603890849236293104e-01,8.398254265353821690e-01,0.000000000000000000e+00,5.134411673767006468e-01,6.539703218127731477e-01,6.753342478530481863e-01,8.072326362730780636e-01,7.961976727772385187e-01,5.047784104447489151e-01,9.173148998226832163e-01,4.301058538361162142e-01,9.092799692671786893e-01,7.084838227209634409e-01,9.687642755258196736e-01,6.599274480647896457e-01,7.157473397340206045e-01,9.733706682601290794e-01,8.509562293514059128e-01,5.244429875277886177e-01,9.862514673260987241e-02,3.939645017162364260e-01,3.590312588910503089e-01,6.010384518808786769e-01,9.778212293814412259e-01,5.409290133207114160e-01,7.074660881014829261e-01,3.245624939182408797e-01,7.209169792216307826e-01,7.093474029108332024e-01,6.938094744038756367e-01,2.263526208289561858e-01,8.502631133927813778e-01,7.829521844262733454e-01,8.931113173238672820e-01,8.573221403743724878e-01,6.403697252385263106e-01,7.156404592527929598e-01,9.101214359599685277e-01,4.031846929632282306e-01,8.274872420765586600e-01,9.269635783149929864e-01,9.580588541705384875e-01,6.091260841914880597e-01,6.870209093208351492e-01,6.623117309710003786e-01,5.093904032419405148e-01,4.047661531822985825e-01,9.743046285457810374e-01,8.536637392336207109e-01,4.142986189076807158e-01,2.326425918734897624e-01,7.104389471257012145e-01,5.351523166078957505e-01,8.337481259377201859e-01,9.573928230571300269e-01,2.437870880917295813e-01,8.267816391961213540e-01,5.745100307314702226e-01,4.595943959917961341e-01,7.035029993125482273e-01,7.703973604605389713e-01,7.991057525830090880e-01,7.323983953750943243e-01,2.814616598094179731e-02,7.545809788258434070e-01,7.575593240694780128e-01,4.212780993852921485e-01,7.037623858927777309e-01,1.922339457112809402e-01,5.071214798806249480e-01,7.204593024363271647e-01,6.339413957218235085e-01,6.515142050916018501e-01,6.151772207502458345e-01,8.094713235224813008e-01
6.781068582958380553e-01,9.754460587955500195e-01,7.758368995337718843e-01,3.444881592800146386e-01,4.456731809239323217e-01,8.329746602587001503e-01,7.784263131396532698e-01,9.723236016594494213e-01,7.385166066030008913e-01,7.381795550577721077e-01,9.351027407584405760e-01,5.536942445016659331e-01,5.134411673767006468e-01,0.000000000000000000e+00,6.310897004809283839e-01,6.143790313948893633e-01,9.315608665364644159e-01,8.156809519660640495e-01,6.149777322115053124e-01,6.309003453921077087e-01,8.965928754057863603e-01,8.932513544064857314e-01,7.780957509620811674e-01,9.948126855899572796e-01,4.715186840292421855e-01,5.327197553731282120e-01,9.225988264651531212e-01,7.978012285907225554e-01,-1.920471688634370622e-01,4.065069391880197225e-01,1.836224517391946698e-01,5.860547687959060115e-01,4.092103019290288524e-01,4.052726962620948337e-01,7.750372220854405692e-01,-8.036234235874022136e-02,7.320018442286643223e-01,8.516491249941086084e-01,8.644942124396599592e-01,8.487110076921755564e-01,7.132406100691369710e-01,9.278633702862334465e-01,2.325156287987902026e-01,7.268964190103828216e-01,6.076861618118907238e-01,7.968784213517955406e-01,8.354303827839479890e-01,9.658397291359399617e-01,6.157507285121771590e-01,6.731781156555449730e-01,8.573390799719204924e-01,6.410430111822982280e-01,6.477076532425264377e-01,4.955324715471821212e-03,8.708153677022610895e-01,6.703605418796649840e-01,6.028771025153379925e-01,5.827880746614729768e-01,8.793609000143257637e-01,5.899769475780725081e-01,2.262540241942741781e-01,9.670483936351134124e-01,9.850057584750637751e-01,7.720217473963283394e-01,2.813894831157453535e-01,9.423184371596147191e-01,6.691428112812746187e-01,7.232139856992112481e-01,4.387620899022018350e-01,7.082933669866346982e-01,4.596149355205133014e-01,9.230704157919253916e-01,7.634330347928027782e-01,3.620761292852160418e-01,5.626047775328965050e-01,6.799983391947154177e-01,8.133390783817741054e-01,8.973475861282219634e-01,1.731743549209668609e-01,3.763074208685100452e-01,4.464187692871581792e-01,2.965659787118202773e-01,2.652539675710114953e-01,7.868487820187457515e-01,8.407338115915146126e-01
8.593391238748967487e-01,9.164088393697955581e-01,6.241127350307417165e-01,9.405458271200470843e-01,7.572967352548045650e-01,5.822843050352598526e-01,9.525551468954743806e-01,6.157446665318568879e-01,9.541309586334189019e-01,9.247539346878440591e-01,8.786198890375415127e-01,4.012826451980234799e-01,6.539703218127731477e-01,6.310897004809283839e-01,0.000000000000000000e+00,6.770482793841388069e-01,7.709336617930293567e-01,9.854888346535441990e-01,7.387728771028046620e-03,6.668121410266361071e-01,6.827549092837613687e-01,7.120227625593860132e-01,3.252540431494372886e-01,6.425231834885951621e-01,8.247408827171398560e-01,8.838117783464598531e-01,9.948313958561236792e-01,4.511993274867773240e-01,7.796801387306180331e-01,1.625773643874006691e-01,3.761649119501229710e-01,7.076166487486184042e-01,5.362340022050624544e-01,3.283969662931569000e-01,3.256536179494229355e-01,5.397354972765113779e-01,2.339085522672946782e-01,9.296369403098230233e-01,6.854179483243276749e-01,9.937847483487026734e-01,4.407466562833237123e-01,7.007244518166777514e-01,9.078039656007966807e-01,7.669333091210461806e-01,7.248721257344490354e-01,8.992858576683155913e-01,6.748394025770368954e-01,8.356254551220948512e-01,6.759970016693648276e-01,6.641082953338184325e-01,2.228160611045792439e-01,1.742612597546293329e-01,6.731336583025047116e-01,7.495052538657036578e-01,3.368298825808886399e-01,4.349407239325128183e-01,5.824658951965870912e-01,8.631440105732662849e-01,9.130226929778934020e-01,4.296897243878097794e-01,5.562099321847456812e-01,6.215271451605085540e-01,7.491791104001283008e-01,6.828396502694586978e-01,9.184145512791989097e-01,9.222028324338872318e-01,8.977185377218838136e-01,4.209528223743851938e-01,-1.977811887046815320e-01,4.947696193118228947e-01,8.161422146866713634e-01,7.123666356883354700e-01,5.620100684305622263e-01,4.842805395920292688e-01,5.387414175857321297e-01,8.078886019949462760e-01,7.158810799932533442e-01,3.743603770110430773e-01,6.367572856996244202e-01,1.161420276336510016e-01,5.747977634355103671e-01,7.014463931235086491e-01,2.255428475301052837e-01,2.091808663148607417e-01,4.551242168403203947e-01
6.462829873997056884e-01,6.901880150113114398e-01,6.416779325717832938e-01,6.045155487296770547e-01,7.123931219803201209e-01,3.436770231890367011e-01,8.661109252796608260e-01,6.121915759063926155e-01,7.947012603269671960e-01,6.074582877067299380e-01,5.045905726877757402e-01,-1.546024837288458575e-01,6.753342478530481863e-01,6.143790313948893633e-01,6.770482793841388069e-01,0.000000000000000000e+00,9.058321766908341566e-01,7.088318816352573437e-01,8.387028067610717841e-01,8.571386838947059328e-01,9.210035900337976145e-01,5.098020210544846886e-01,9.340803226005015558e-01,6.877176386368031302e-01,7.300153549761757565e-01,6.328819675259720334e-01,7.483939610823712174e-01,7.864804462672880803e-01,1.098642667430185273e-02,2.936411307919818969e-01,4.441746917588713928e-02,7.516296612835333679e-01,-3.836263901852771663e-01,7.000188467754488997e-01,7.851678578753941151e-01,7.417040628009068104e-02,6.099216450921673971e-01,5.433881902024497723e-01,9.459284845942332876e-01,4.765811202858206697e-01,4.080901103204276348e-01,6.010994220708801850e-01,8.725911320036972008e-01,8.770415052240644327e-01,9.628345830787857773e-01,8.181050675886351042e-01,7.108718567886103123e-01,3.505156787242487137e-01,3.105051283042481458e-02,6.087701634113620308e-01,5.619870553860875084e-01,9.132403405935591856e-01,3.792100582736792624e-01,6.871116361916272952e-01,3.311397463170682176e-01,8.814959543000550068e-01,6.872428359772085882e-01,9.093075230353108163e-01,8.543064659778597525e-01,3.824630560877317897e-01,5.012230337711766071e-01,7.742457711500072559e-01,8.091587914491829014e-01,9.068344468917961532e-01,7.002864151080948618e-01,7.016479131749315812e-01,6.854527925549526168e-01,9.494122153629641625e-01,7.934184167936619847e-01,5.826205342145962529e-01,9.270224331410295004e-01,7.331787223572914236e-01,5.415031039581978956e-01,4.284033091788280734e-01,5.915823970884559468e-01,9.650370253523005148e-01,8.059918246455173296e-01,8.924551440526908852e-01,4.050587648187351508e-01,4.256995299191624893e-01,3.165375424523126369e-01,4.580140196780517758e-01,6.833238477399772304e-01,8.967252091654781543e-01,9.677070627077768439e-01
9.853184057225743420e-01,8.351419090796774469e-01,8.929162947747831813e-01,6.770201616132139888e-01,9.094253876441124040e-01,7.237156251739811363e-01,7.222580845660242499e-01,2.959549242224464582e-01,7.820176934429796667e-01,4.069219528179602863e-01,6.090937262408969710e-01,8.546079952488425668e-01,8.072326362730780636e-01,9.315608665364644159e-01,7.709336617930293567e-01,9.058321766908341566e-01,0.000000000000000000e+00,6.081427296133584681e-01,4.154985460209242309e-01,5.741714311379805258e-01,8.836464908372780869e-01,5.583075218465952672e-01,8.196181239058543122e-01,5.468244232144703343e-01,3.588262954329136667e-01,9.214855032579420957e-01,2.184617653376253466e-01,8.757586412523589159e-01,6.455739473945314444e-01,5.026238606312167789e-01,3.417999292993691429e-01,8.433009199506795728e-01,7.822962863697286995e-01,4.903440048306417776e-01,9.082061060246208184e-01,8.728866506020741545e-01,5.501176645265815068e-01,9.939018303500288809e-01,9.896937964138198263e-01,7.235619577753922282e-01,2.558754674569322374e-01,4.011494846144519899e-01,8.421482352858510323e-01,3.670758910522501361e-01,9.718358672002955778e-01,8.603092740376028225e-01,7.256066336326832955e-01,7.372662309579891549e-01,6.729062724333090273e-01,9.083047659680519859e-01,8.034186634819848738e-01,6.429921542560919079e-01,5.364322918100119519e-01,6.675290308535699602e-01,6.193319709944176132e-01,9.820433736334643893e-01,5.262490165740942860e-01,8.254098120222082002e-01,4.606849573652064267e-01,5.593700839214467146e-01,8.972687804132999378e-01,9.449366220904004132e-01,1.100370256442749356e-01,8.139348223001150462e-01,7.176557592396427543e-01,8.508626613491339086e-01,7.186186830198881825e-01,6.679365909196097739e-01,8.938808006341657508e-01,8.426899052310147242e-01,8.284775729056975679e-01,6.623718859790973523e-01,3.353150201636613259e-01,3.394207097609677204e-01,8.842716059803105155e-01,9.414834788079955441e-01,6.761625930414468799e-01,8.115325471332719420e-01,3.572132713326165998e-01,3.861596199356732151e-01,8.523970900830760700e-01,4.775951528044463656e-01,7.072999170899050281e-01,9.201612657333753109e-01,8.323930820354528137e-01
3.476719032222913564e-01,4.307988808314600626e-01,6.554057250722689076e-01,9.666759620156933908e-01,7.541890411599687649e-01,6.170042608914004800e-01,4.216529301563600174e-01,6.912962764826728890e-01,6.233295371524922857e-01,7.416501836994291441e-01,6.035452974767658851e-01,6.483810854329451479e-01,7.961976727772385187e-01,8.156809519660640495e-01,9.854888346535441990e-01,7.088318816352573437e-01,6.081427296133584681e-01,0.000000000000000000e+00,9.058300603857486477e-01,9.151930639457090955e-01,9.636225333380137315e-01,8.708973751616791992e-01,2.942534335261844936e-01,8.954946779489708630e-01,9.770484644124410867e-01,7.181439041953384672e-01,9.123727771376800577e-01,2.023900695778482473e-01,3.465974971486028844e-01,7.663771775208015613e-02,4.943546281044260970e-01,4.651064723347509977e-01,6.796394767986051466e-01,5.677582537015298803e-01,9.149156251669030571e-01,5.373909172486290853e-01,3.431042558162611389e-01,8.950925470895658709e-01,5.220401344652628728e-01,5.581237777290880553e-01,6.234425127376043152e-01,9.555631694131251352e-01,3.088019915152527273e-01,5.250349149289537110e-01,8.319817043791694067e-01,5.449009118630280257e-01,9.466073598671935763e-01,6.209595770799219983e-01,7.325968352967160424e-01,8.467850694922250954e-01,8.206293854539516985e-01,5.687779801413400671e-01,7.420745627097399266e-01,7.082452955191754773e-01,8.283902416099577781e-01,8.674650685909774950e-01,6.423001745889912462e-01,6.561479282768006849e-01,7.420760075822057100e-01,6.811402818377045865e-01,6.449915518904658640e-01,3.356889557855681216e-01,8.413027235758012701e-01,9.427681174055788649e-01,8.491433033686499599e-01,6.152905732540507877e-01,8.936542303927857978e-01,8.162232878638793210e-01,4.735784234874196308e-03,4.363586434721900553e-01,6.360539207338367085e-01,5.296145647087693309e-01,8.438675059695901481e-01,7.849106397037177718e-01,6.856607888134849116e-01,9.367256120355047511e-01,6.027366952193223826e-01,6.412836550664969826e-01,2.595255941023627555e-01,3.135800253635109280e-01,4.625445389085750536e-01,6.013435585905799741e-01,6.127637528729766858e-01,6.710159449719511615e-01,8.216450975696053538e-01
