0.000000000000000000e+00,9.649412296412203105e-01,8.305610921038368843e-01,9.007452151983675881e-01,2.329899772874940989e-01,9.147097882079104902e-01,6.463361553671485016e-01,7.978140469092640519e-01,7.292446980260781642e-01,7.341544270004456418e-01,7.705545027384661516e-01,6.054471685916382739e-01,8.800450210271800744e-01,6.336730024638183023e-01,4.479782252769559103e-01,4.497025259971295652e-01,8.467636679556984625e-01,8.117552890138217681e-01,9.544165916981053321e-01,5.851134017197995307e-01,4.249076359552986237e-01,9.465298470513907603e-01,7.469397522740756079e-01,8.222542997692894318e-01,9.805484385360583310e-01,8.229554953207095513e-01,6.843030966042057406e-01,8.859861320292813369e-01,4.642033812564185236e-01,8.276574349816252785e-02,1.397123525882006945e-01,8.572493803801289891e-01,7.750627756211141417e-01,4.578773293384331144e-01,7.616379645393744902e-01,7.649963239874312260e-01,1.606540079772015295e-01,6.545659063689229784e-01,4.319686148257383951e-01,6.109386326232351117e-01,5.483223780635380074e-01,9.773692458640423908e-01,7.547134137393566311e-01,2.530251566408168729e-01,8.467320558907532879e-01,7.160116772090309167e-01,8.948863176811325815e-01,6.439228414081857865e-01,8.201268233764145155e-01,8.450456455520960475e-01,6.633922426315784771e-01,6.165297152613730125e-01,6.468269733647202813e-01,7.805806887356337986e-01,4.765743902466705872e-01,7.620048553717931883e-01,6.057663887413978765e-01,9.033050781537265150e-01,6.827975360172343633e-01,6.654953220623862631e-01,4.132390505230130739e-01,8.878443470285679595e-01,6.629806658662940055e-01,8.682254611625802587e-01,9.104058042053505551e-01,9.488226247222876220e-01,4.559101862656754767e-01,6.192132642843447554e-01,9.301422029077451858e-01,3.906855363707991691e-01,7.307620823592962944e-01,7.667021927868071796e-01,2.932859140517662944e-01,8.471676073606277946e-01,8.722583644270468506e-01,3.047145345758143220e-01,6.573017201753887928e-01,8.734205042380718265e-01,8.885274871424582166e-01,3.212871594188037028e-01,9.777811504022222433e-01,4.462056007768911425e-01,8.058948324953143505e-01,5.479437552959347535e-01,7.811839706856323895e-01
9.649412296412203105e-01,0.000000000000000000e+00,8.659641723292005322e-01,7.556857642716444667e-01,6.005758540036079118e-01,6.253573103187791693e-01,7.082102988989781300e-01,6.020771249901020195e-01,2.882079632283297554e-01,6.391263351837433992e-01,3.389786370584871866e-01,5.369401086241361032e-01,6.826694816055566273e-01,3.082824707193247971e-01,2.864034251887636606e-01,-8.292535365072628561e-02,7.711862085820637702e-01,3.909059995310509295e-01,8.205057315115528160e-01,7.367910573002997010e-01,6.851932219324673445e-01,9.561448962884835368e-01,4.579796247612846205e-01,4.394515517908462732e-01,4.251675866113809321e-01,7.931185565869334209e-01,9.070798301545456299e-01,8.053293013072749806e-01,4.573705747662433763e-01,6.110971254686204945e-01,5.985577713854967064e-01,7.694338090713522815e-01,9.171598376119736162e-01,6.175908245198542534e-01,4.016613526711671489e-01,7.426514027078336966e-01,4.311844787094511466e-01,4.579459252368854871e-01,9.199735264760460218e-01,6.730611435098792228e-01,6.937632616911170169e-01,4.855985110287550643e-01,9.271531646715286401e-01,9.221426348916407223e-01,6.326566333678946830e-01,9.949112578782879357e-01,6.478077964590761573e-01,1.005306283417965879e-01,6.800322169068790945e-01,1.715349593773194681e-01,2.272645994580703710e-01,1.380676022148283055e-01,9.327916607851105546e-01,6.362012966878496378e-01,7.302933497190110534e-01,6.391543442012548315e-01,5.420890458855671667e-01,4.313484738576490729e-01,8.950992842906098090e-01,2.960523457402121639e-01,9.099608426054438259e-02,5.618033602855003750e-01,7.491268055905027090e-01,9.421463572364021655e-01,6.030772930586998370e-01,8.781759624928975327e-01,9.024605349964739398e-01,6.216008108872367321e-01,5.808242951138378185e-01,5.051090197527582371e-01,8.179817911736163571e-01,8.875273659993824227e-01,3.346398619333355029e-01,4.742924955634495593e-02,8.973788693927711724e-02,4.590646681596688983e-01,6.694769718443330797e-01,6.158704193868018706e-01,1.647311371904875976e-01,2.185639740347249949e-01,8.412067184996835367e-02,6.297271467563622105e-01,7.300394772546269229e-01,3.372030391782225855e-01,8.139029588472508348e-01
8.305610921038368843e-01,8.659641723292005322e-01,0.000000000000000000e+00,6.491219890587459629e-01,7.406434208680395814e-01,6.168086171945355023e-01,8.454801351964437162e-01,7.291446059567050497e-01,6.075558481516258880e-01,5.568453302438901575e-01,8.984414143808645559e-01,8.622439560611827591e-01,6.193475236044120313e-01,7.062881558690832229e-01,8.751244767582164741e-01,8.830431073640011563e-01,9.798501443005189770e-01,8.690991110164454359e-01,9.352297736479174839e-01,8.949755089875709446e-01,4.097526543187826054e-01,9.228978565977982162e-01,2.392906538957364493e-01,8.454854832671869769e-01,9.274913095446257749e-01,2.275748298325411256e-01,6.757146711915378301e-01,7.304834985368713340e-01,4.887659563668347307e-01,7.287241527838221877e-01,4.845873878846572724e-01,6.480930868699670278e-01,9.588265508972565465e-01,8.741397780427221376e-01,7.800326260454775174e-01,-3.073277089733164602e-02,6.609013817237612276e-01,7.550589219046979217e-01,7.936333928878286370e-01,8.032683310551295142e-01,3.726204042654214232e-01,9.922010110668328942e-01,6.545896285070310627e-01,1.112205261721987415e-01,9.550995289817101330e-01,3.621033846219399166e-01,9.216863364240477363e-01,8.448337310115940912e-01,6.316080210976091625e-01,7.147537851039916790e-01,9.978768479668876923e-01,6.712726446486692033e-01,6.296918195539652485e-01,5.099380517679812375e-01,8.760550269749356467e-01,7.548231862973080464e-01,7.946412118500070232e-01,4.485753361405798167e-01,8.977533072345055265e-01,6.835824019828145026e-01,6.530921437655169415e-01,4.581870223461882996e-01,7.266508390516902560e-01,4.698022805660603263e-01,8.403038809909479934e-01,9.206935072269994969e-01,7.290388011144016689e-01,8.967138369031728562e-01,9.239861377657114794e-01,9.909539665570998856e-01,9.271835187756745089e-01,5.611337594090213265e-01,1.483635514756239115e-01,5.491254920468380263e-01,4.728159102110690570e-01,8.819073969199996421e-01,8.572385784016048893e-01,4.313250812190255190e-01,6.022917766076105739e-01,1.769755632601637263e-01,6.659900058194454520e-01,7.376617089844716979e-01,9.647552385890010296e-01,7.892308617391485814e-01,6.440822623585088502e-01
9.007452151983675881e-01,7.556857642716444667e-01,6.491219890587459629e-01,0.000000000000000000e+00,7.109567885891262540e-01,6.535822693582113985e-01,-5.120047667303520567e-02,8.948225827428806234e-01,8.582247837342432684e-01,6.426270908753717315e-01,4.313623539180163613e-01,9.395389926274715364e-01,4.275384946921464979e-01,9.124027751427152833e-01,8.675701374282658307e-01,4.944439766429746252e-01,7.745875754277915526e-01,3.383702053372121821e-01,6.027369467438877804e-01,4.524998347644998975e-01,8.029607096849609160e-01,4.075807411964953442e-01,6.397163145853784760e-01,5.350914705531507609e-01,7.073511250174905340e-01,-1.290926260129676151e-01,4.324933280027296600e-01,4.374822761669165949e-01,4.010325025167691404e-01,5.003409407181762525e-01,-6.420415665761847190e-04,7.265849042441889782e-01,1.895377488237453834e-01,6.075714793068676123e-01,8.051915743553004212e-01,7.059158854695533059e-01,7.266512809082480429e-01,4.224210484802921051e-01,6.662067967200587804e-01,7.193063960707213322e-01,3.065752945246263406e-01,6.576152874711016505e-01,3.722321582539389606e-01,9.339499760105948178e-01,8.912449425411367310e-01,8.250054358422531653e-01,8.081393218490664498e-01,4.036961914884636959e-01,5.082128991945266128e-01,6.791658992899305414e-01,5.909835292493152981e-01,7.926578128164513126e-01,9.962671477439795087e-01,9.399068068389808683e-01,9.835369953784068864e-01,4.248741733279307042e-01,5.488907490988307325e-01,6.458230185099269605e-01,8.572927289484888469e-01,1.965936506254643279e-01,5.672174136206143968e-01,8.874848542606118551e-01,3.272412180611387056e-01,9.878537883318734281e-01,8.101088343316985574e-01,6.668195388563792347e-01,7.720630789744469258e-01,8.485325205186408093e-01,7.379261971852427715e-01,5.355621623096821216e-01,7.903729538701369517e-01,4.457849422646349424e-01,6.216593883402019571e-01,6.173547779644689149e-01,5.817535003786786785e-01,8.756125991572386580e-01,7.782973788413100058e-01,5.724402539751847208e-01,2.437920337603547150e-01,5.797380947648135274e-01,7.696172607131496202e-01,8.456048531392482692e-01,6.166164715385790140e-01,7.687583581419225043e-01,9.043146969685352810e-01
2.329899772874940989e-01,6.005758540036079118e-01,7.406434208680395814e-01,7.109567885891262540e-01,0.000000000000000000e+00,9.581394003223278055e-01,7.802888545192896430e-01,2.479674760886433904e-01,7.127960172083271928e-01,6.457962756678303773e-01,7.020444064234933057e-01,6.168385326032976845e-01,9.853203227628066774e-01,4.978944620854114378e-01,2.033522894870448683e-01,6.918187653163585527e-01,9.868759507947004739e-01,9.861644122579378557e-02,7.749640540479012518e-01,9.008515716703551224e-01,9.583564725561466435e-01,5.233340487988249468e-01,9.407641153445404081e-01,6.741334258749059893e-01,5.173136617941744841e-01,7.119046056524088728e-01,8.647299281244443803e-01,9.733658011605380578e-01,7.062138052465940508e-01,1.111746140839909719e-01,4.710546790202114198e-01,5.880486645740918838e-01,9.923686344047377705e-01,5.703404359486483610e-01,6.547257104980579445e-01,3.086152102880693193e-01,3.179594160144619819e-01,5.707333561510082864e-01,6.503583600039135604e-01,8.546574441991308113e-01,6.446299229741182524e-01,6.459990234698390621e-01,8.727079147629691613e-01,8.979386095943415746e-01,7.834836157759645925e-01,6.576961700063707061e-01,8.957757444709856243e-01,5.624889395762873168e-01,5.880417877169958896e-01,9.863227575059281271e-01,6.494164737856840119e-01,6.600971741116627989e-01,6.855430942508187186e-01,8.244234072431240179e-01,6.224581488021654341e-01,3.313454617404643088e-01,2.788650231210481611e-01,6.479598920345164270e-01,6.344316746962995746e-01,3.205002363178276470e-01,3.333041583183747880e-01,9.292484835123221432e-01,7.097022132444743558e-01,6.564183212276455404e-01,7.750549160188571207e-01,6.300775412957946298e-01,7.212858216983282222e-01,6.664077905449178330e-01,6.321117614161357867e-01,7.587026925245740072e-01,7.248376167982739648e-02,9.379350289326006118e-01,7.295075813627244221e-01,6.184455812305024169e-01,3.817352254618693319e-01,7.658332973071824146e-01,8.484795342710833577e-01,4.895844599827863797e-01,-1.737975943216455987e-01,2.586299822758533207e-01,6.747640955840326915e-02,8.586456648734746011e-01,7.001222163155347289e-01,6.347791970373791726e-01,2.862865310913499939e-01
9.147097882079104902e-01,6.253573103187791693e-01,6.168086171945355023e-01,6.535822693582113985e-01,9.581394003223278055e-01,0.000000000000000000e+00,4.670559876583143533e-01,6.608815455950002304e-01,7.661315060545350608e-01,8.539688517699800530e-01,6.055312828492623867e-01,6.689332314934638424e-01,9.176584511529309873e-01,7.761156758688676494e-01,6.668284666033870156e-01,6.930355181348358817e-01,8.449729082052717111e-01,8.947855513806526329e-01,2.738039872167964961e-01,3.195938997967425754e-01,9.688698789941574407e-01,4.376563738581908392e-01,8.460138892813103828e-01,9.889517535166310047e-01,3.951055635591719239e-01,4.429038429586171222e-01,6.490080749289199868e-01,7.898592663150887372e-01,4.638305598176801769e-01,4.046979024104240263e-01,-7.587361465919334469e-02,7.009795855475596804e-01,8.402068218765156304e-01,9.497837479472969191e-01,6.352661375515011866e-01,3.578871509777696858e-01,-4.451911209502792954e-02,6.298959709637259596e-01,8.535287322679050437e-01,6.766887929153793113e-01,7.272528637068720325e-01,5.504402954029630202e-01,5.891661861184644966e-01,7.332832052162733261e-01,4.396963128827443001e-01,5.649758173655380356e-01,4.933195587545946559e-01,2.741396329573595469e-01,4.546372797101937424e-01,8.238987874949897927e-01,8.650494360516870485e-01,6.400871139405934773e-01,6.811744908239483198e-01,3.228211208052265691e-01,9.982646772112708788e-01,2.226149020546004942e-01,6.929626838592276572e-01,3.072378121217165803e-01,9.366918483593152933e-01,2.862363935806442328e-01,3.897003805387796449e-01,9.476820588130066003e-01,4.846340141279199820e-02,8.797698062756184045e-01,8.386618067906651541e-01,8.538767116602393736e-01,7.960121194778029263e-01,6.004643410394572278e-01,2.586876382484935566e-01,9.339613473860295390e-01,9.346300984625975916e-01,2.205553973702147341e-01,5.794476130929820945e-01,6.706424825435032266e-01,7.210005095590117374e-01,5.529143216265101080e-01,9.932104750339988408e-01,7.020398533406730923e-01,2.905134117702009577e-01,-1.023218257763827965e-01,7.806153724924682624e-01,6.489258212315530683e-01,6.037309311116948463e-01,9.387681632883613236e-01,4.575838484428517705e-01
6.463361553671485016e-01,7.082102988989781300e-01,8.454801351964437162e-01,-5.120047667303520567e-02,7.802888545192896430e-01,4.670559876583143533e-01,0.000000000000000000e+00,7.081946518391271095e-01,4.441694742620083125e-01,6.972878479293972420e-01,5.886817325233238973e-01,4.526216797852654072e-01,4.530032902554732566e-01,3.611306679037596945e-01,6.881290060723501689e-01,6.534681012368741548e-01,6.825090505994001466e-01,2.562296279801588028e-01,4.621941229487772640e-01,8.308329938359696465e-01,4.680161071487262681e-01,4.559479453424982176e-01,6.042150912281368802e-01,4.721745561778580846e-01,5.744807970052127066e-01,4.226665543640021339e-01,7.835806860740615054e-01,9.416123858810556690e-01,7.389727902524355629e-01,3.924470617002461248e-01,3.332163715853818098e-01,6.111819169803236473e-01,7.221443222047642108e-01,6.718611124872636564e-01,6.471337047399172704e-01,5.564080280556561453e-01,2.789299947686437742e-01,7.872146009751728180e-01,-1.287478724683723263e-01,5.918980843873797859e-01,6.619165435046620027e-01,4.323441177981834915e-01,8.022188224290786041e-01,4.900295960175851673e-01,9.895345270261628468e-01,3.549326915362253088e-01,7.754247651929777607e-01,6.127042602284730188e-01,6.543670521586797406e-01,5.099324421845641275e-01,5.241994169134778225e-01,7.212183461449580557e-01,7.020611461975206913e-01,7.491301077562069199e-01,6.862790755057017744e-01,7.988822608548323823e-01,7.054878369731930610e-01,5.986452735995830832e-01,7.102782814594570393e-01,4.901265963365283307e-01,7.527057216510840698e-01,5.137008965601823629e-01,7.393403969978106227e-01,5.485056601526632214e-01,9.823917514779676452e-01,1.976701609945233015e-02,5.690927493875261867e-01,9.985080855823946777e-01,6.165961546143849947e-01,6.588241774149399266e-01,5.046954901378869485e-01,6.990853671175887296e-01,5.883392506023360502e-01,4.695796947147597433e-01,4.788290543595886128e-01,1.609692986519522806e-01,6.897939463519904280e-01,8.029285124215456149e-01,4.931080307379313021e-01,3.301342561770818085e-01,4.456866169725571258e-01,8.814884060450587366e-01,7.225897341187450529e-01,5.617604095594421754e-01,5.629454620985214763e-01
7.978140469092640519e-01,6.020771249901020195e-01,7.291446059567050497e-01,8.948225827428806234e-01,2.479674760886433904e-01,6.608815455950002304e-01,7.081946518391271095e-01,0.000000000000000000e+00,7.408693051864159163e-01,4.980422060774952198e-01,5.148743008009836197e-01,6.660362631619128893e-01,7.751292277695035482e-01,7.448238835076641529e-01,5.128232947029797151e-01,5.411730760221972192e-01,8.868971157782250536e-01,4.004771860893159841e-01,4.894979670936887572e-01,6.307012102133567888e-01,6.470866426147146022e-01,5.223317915615677265e-01,2.904633635537800518e-01,2.684576068748295574e-01,2.372035132555373460e-01,3.782172744889070737e-01,4.008246564761835939e-01,2.048951849361879129e-01,2.933320587458444484e-01,9.988457421592991103e-01,3.066982309785426519e-01,6.467421431757154338e-01,2.623755388981147685e-01,2.379470777621843780e-01,2.489951505316724267e-01,6.094029392754425345e-01,5.345746736498271368e-01,6.160707739610612466e-01,9.697546755029262666e-01,6.442112773099841760e-01,9.950794223972811992e-01,5.169326884570419889e-01,8.385707669800904762e-01,9.961738463351106354e-01,6.025999269228434763e-01,3.277565976113963053e-01,7.931867599547769432e-01,4.413017598853313239e-01,5.432732034969038892e-01,6.837127060012330171e-01,6.718159923386136656e-01,9.998422101634985015e-01,4.491530106533639932e-01,3.378054864502488819e-01,6.453840325431365876e-01,6.244909790389093773e-01,6.198425464925785278e-01,5.263262527370105026e-01,9.922544635372365640e-01,3.146385884135264321e-01,5.611478183244130724e-01,7.368928372435629148e-01,8.483596073365283763e-01,5.363129140185820543e-01,8.696813778634050474e-01,5.309225486519764114e-01,7.073171747806282772e-01,7.147268679042295680e-01,7.971608432415002721e-01,6.415090867821688914e-01,7.666610762019994141e-01,6.377331496535187938e-01,7.391627886776039880e-01,4.860933439995639982e-01,7.000510514721810518e-01,7.430050845103596258e-01,8.351954281842750571e-01,9.189510196622084903e-01,7.091548425140402623e-01,5.570038098682184025e-01,2.370033353754679717e-01,8.019906464774954058e-01,5.433428383973217812e-01,6.205908635684551644e-01,6.583722192199601420e-01
7.292446980260781642e-01,2.882079632283297554e-01,6.075558481516258880e-01,8.582247837342432684e-01,7.127960172083271928e-01,7.661315060545350608e-01,4.441694742620083125e-01,7.408693051864159163e-01,0.000000000000000000e+00,9.357354194966933658e-01,8.274714023174508659e-01,6.273334062424062996e-01,5.794527230048818200e-01,8.809534141683309505e-01,7.765441152863336027e-01,9.754747377918934204e-01,6.406909361381131207e-01,4.558779447656184369e-01,4.091079950749318406e-01,9.355906548109574894e-01,9.131846929390392553e-01,4.364548814198108140e-01,4.514353867209547899e-01,9.600543677950028609e-01,5.766909065340921625e-01,4.383513910649884382e-01,9.597585292435453219e-01,8.993063478961389468e-01,5.494831206949883917e-01,7.209954592480409818e-01,4.184219403613585464e-01,2.525378675867962497e-01,4.503043116110784228e-01,4.240021653513634803e-01,7.597157122934832252e-01,7.808367807295375496e-01,3.568701755656370489e-01,9.928612934744356355e-01,9.774303942924700284e-01,2.020225349541757143e-01,2.069375303603746830e-01,9.735729670707675698e-01,1.067141655876303885e-01,6.189027602704390008e-01,2.870639385471097649e-01,8.056387238834955555e-01,7.739525755463507739e-01,8.147103204865652204e-01,8.954981162695262453e-01,7.044492580388861391e-01,8.412726287270121395e-01,7.099933431493350711e-02,9.414488211989022748e-01,9.922215204330769867e-01,5.028575811772441062e-01,9.786206175188384426e-01,4.859487177211016529e-01,3.316908390582800070e-01,9.383976348434690529e-01,5.287663518814561536e-01,4.408509721927558744e-01,8.498365241390188896e-01,7.958051113080651939e-01,8.178265098107728726e-01,7.527607233771047568e-01,3.249687227906110643e-01,4.633233858227936985e-01,6.132343557506736431e-01,6.565230531957776394e-01,1.045220034881260696e-01,8.322757822275879125e-01,6.833165439352325565e-01,5.279730950975027870e-01,5.540055146496033478e-01,6.324958352669911577e-01,8.964757822191984360e-01,9.876220405782825118e-01,6.696235440605844413e-01,7.685647632281800146e-02,2.000336067080417668e-01,5.962714133306534769e-01,6.453241854701737834e-01,6.525791617389531396e-01,4.230596885003593544e-01,8.416066216735579308e-01
7.341544270004456418e-01,6.391263351837433992e-01,5.568453302438901575e-01,6.426270908753717315e-01,6.457962756678303773e-01,8.539688517699800530e-01,6.972878479293972420e-01,4.980422060774952198e-01,9.357354194966933658e-01,0.000000000000000000e+00,7.184851230565624247e-01,5.484224855142085797e-01,9.651349953132244419e-01,8.330512610242261085e-01,6.156822064473069789e-01,6.805364095009946990e-01,5.556295417022438787e-01,7.580042934131883126e-01,5.538694359630635944e-01,9.943615636302721716e-01,7.991801780165554980e-01,6.776548225607968989e-01,5.092013712278165016e-01,7.864845405927586297e-01,6.650484099049041031e-01,4.028805198130148146e-01,7.689553934956601111e-01,9.677929957276618644e-01,3.799890815630587726e-01,8.757558931214550757e-01,5.506620816415051106e-02,8.329434244133213650e-01,5.073245197386223593e-01,5.438227619449316208e-01,9.684578136821121452e-01,2.933429576648737824e-01,4.086403820268528775e-01,4.491689623498674733e-01,6.680277112290764485e-01,8.057885032357345878e-01,7.995728806953121826e-01,9.158618153521841387e-01,8.243023313521021800e-01,9.678022542531233841e-01,9.054702219342238845e-01,1.410756936065743206e-01,8.302680506663667748e-01,7.418016716786387521e-01,6.525007809813110349e-01,6.674574217645270480e-01,5.366040584869230523e-01,5.586971669121811868e-01,6.365642051245478106e-01,4.969227704339644891e-01,6.162039714687171932e-01,5.740236417397771573e-01,6.592842771538537372e-01,9.608492802597390359e-01,3.790141855173683738e-01,4.894215422243364810e-01,4.225425765773220821e-01,2.347273832917353142e-01,3.514411300706800079e-01,6.649034525992885136e-01,8.514662134087411793e-01,5.722482878561974129e-01,3.707124458885211471e-01,7.358647185357376497e-01,5.304454764498476305e-01,2.160894567829983737e-01,8.699580624967004905e-01,7.557015961758407618e-01,7.926663286469406433e-01,2.035625560663075206e-01,2.998390421717234133e-01,8.247611128639305011e-01,9.452990904283542495e-01,4.972921679535701189e-01,5.538516230466035140e-01,7.167974325735179120e-01,7.060741830238869143e-01,8.638574167485328914e-01,9.049484416053915625e-01,7.504002616034666229e-01,9.541232568212751897e-01
7.705545027384661516e-01,3.389786370584871866e-01,8.984414143808645559e-01,4.313623539180163613e-01,7.020444064234933057e-01,6.055312828492623867e-01,5.886817325233238973e-01,5.148743008009836197e-01,8.274714023174508659e-01,7.184851230565624247e-01,0.000000000000000000e+00,8.898737126108593465e-01,8.803105567861322367e-01,2.497132732379768461e-01,6.203059231837135812e-01,4.017424519862209387e-01,4.064854027305166428e-01,7.410547319497895469e-02,6.288934523889375683e-01,6.270202958888223543e-01,8.697477779130761144e-01,5.802443921126805293e-01,6.359244687758669468e-01,8.937525765187060989e-01,2.996137204560266332e-01,9.742734070868318552e-01,6.266822807176268828e-01,9.297954344601607746e-01,6.305201162546795191e-01,5.323844111789255429e-01,6.175044100071180875e-01,7.287127206076318142e-01,2.825026937297627980e-02,5.519568124019187394e-01,4.226880008422149171e-01,5.865310604010938178e-01,5.284404387855358154e-01,7.973850593065676673e-01,8.754980490260515502e-01,7.273471161837664622e-01,4.617953398559186962e-01,9.625935701946637391e-01,7.566450154832284891e-01,6.714638698052646237e-01,7.449354679529313072e-01,4.568646558977756400e-01,6.909634263486582606e-01,7.186546511868686649e-01,7.728590906959202922e-01,5.870109049644969268e-01,4.715519754131491936e-01,2.335214158324642741e-01,6.246566680176024455e-01,6.700994389829645348e-01,6.673129748902718594e-01,8.161970854263742581e-01,6.734937409587598012e-01,4.699882298511998124e-01,5.200153507693175969e-01,1.095531992513510966e-01,2.025716881179190909e-01,5.977579616806721896e-01,4.604094995784207001e-01,8.021923990413184491e-01,9.727599664500545806e-01,7.256557656606236195e-01,3.060251057755960513e-01,6.612739714992911244e-01,2.134227775247059533e-01,7.983336012895156930e-01,6.324362997445536205e-01,9.599965434712757206e-01,3.794161133520009832e-01,1.016054721523753923e-01,2.085418037011946280e-01,4.044738667059088466e-01,5.873791016089930928e-01,9.639757193064444341e-01,4.925629105626220805e-01,-6.086377099758388809e-02,5.510622141007968100e-01,6.503585557182591792e-01,9.307007508641997884e-01,-1.008087491934886309e-01,7.360272971259470554e-01
6.054471685916382739e-01,5.369401086241361032e-01,8.622439560611827591e-01,9.395389926274715364e-01,6.168385326032976845e-01,6.689332314934638424e-01,4.526216797852654072e-01,6.660362631619128893e-01,6.273334062424062996e-01,5.484224855142085797e-01,8.898737126108593465e-01,0.000000000000000000e+00,4.191549995243970539e-01,8.193434041961823455e-01,7.001913110676823981e-01,7.347934928601442817e-01,6.887110412960562034e-01,5.708822939220099535e-01,7.892919673855036677e-01,6.601558268600584700e-01,7.590794037361670021e-01,5.191972684405224969e-01,7.112948754347258040e-01,8.125939352006489313e-01,4.627309037196656871e-01,9.133027176089488774e-01,8.467412338488121692e-01,7.052867901257885430e-01,7.375331470645992704e-01,7.082138013080295780e-01,5.830832169997435255e-01,8.488429717202193858e-01,7.090205092543687693e-01,7.751715428421774856e-01,3.321331200703311337e-01,4.767154869849189458e-01,5.161268931133635718e-01,6.481782315315445242e-01,9.155586740307581906e-01,7.657316285198189076e-01,5.480361242732946225e-01,7.469815472831589087e-01,6.366165928161967580e-01,8.881345355259907537e-01,6.186557674361696790e-01,9.985696689902292533e-01,4.784122044133434781e-01,7.666328972508154038e-01,6.492994092484868363e-01,1.941713587679785025e-01,9.790201578650772340e-01,7.294310947692141944e-01,5.178919031393156569e-01,2.277535745907163234e-01,8.106669569084704596e-01,4.342974455186536797e-01,8.932669182068371239e-01,7.670472364649045804e-01,9.975742222139746262e-01,-5.226519997575104770e-02,2.106302262857696062e-01,9.958186988883293012e-01,6.249783251755123281e-01,9.025549514870254697e-01,6.686979393548275752e-01,7.436606258586376805e-01,6.890657286026179440e-01,8.893183329885604449e-01,4.794923137137522828e-01,6.145199947123287654e-01,6.468677372262607861e-01,7.065844906999242392e-01,5.787035299516098963e-01,2.909425960452501903e-01,4.699136342437075231e-01,5.148097146226390253e-01,8.974514139508819044e-01,5.163248277756187221e-01,-1.367879177264537949e-01,2.388972433704528719e-01,5.869029902730390491e-01,9.504278936071975936e-01,6.043227141467936159e-01,8.081534072175922123e-01,6.408991321272079766e-02
8.800450210271800744e-01,6.826694816055566273e-01,6.193475236044120313e-01,4.275384946921464979e-01,9.853203227628066774e-01,9.176584511529309873e-01,4.530032902554732566e-01,7.751292277695035482e-01,5.794527230048818200e-01,9.651349953132244419e-01,8.803105567861322367e-01,4.191549995243970539e-01,0.000000000000000000e+00,6.114525115291563617e-01,9.324290764026896827e-01,8.342462293846067967e-01,9.131706760344359131e-01,9.963347105904147849e-01,5.406861151794779552e-01,4.264384004928684635e-01,9.006504369165875268e-01,5.940341698442406226e-01,8.305274493850739459e-01,6.230630409361622712e-01,2.950377680628424870e-01,6.664885132256900269e-01,4.167605315808398103e-01,8.950220099629182524e-01,5.577217665180956852e-01,4.175705819004640884e-01,5.918368728982580373e-01,6.336743820370530633e-01,8.371365343517549462e-01,9.323778638149586850e-01,8.256898744138009283e-01,6.670171601198695566e-01,-1.831970846166274258e-01,7.332885804067693636e-01,9.173049199978644541e-01,4.338614274772925605e-01,6.188255906860249539e-02,7.189317058328617005e-01,7.796069672625696168e-01,9.335582794191362721e-01,9.746883495172731227e-01,8.044253510931146378e-01,9.735500283445313041e-01,7.068253564530171396e-01,8.248201858243232598e-01,6.380787359668371739e-01,7.786769978781324930e-01,9.745412933851487214e-01,8.861948176988827530e-01,8.904745462289508362e-01,7.163679522174974945e-01,6.457271809371232241e-01,7.254440495141089018e-01,8.739823258305028375e-01,6.033518808887651241e-01,6.418510982272793708e-01,5.635695958990371013e-01,8.163509366035593962e-01,6.623898077456300548e-01,6.338460559205802980e-01,8.190923839965899012e-01,6.734953948322133233e-01,8.891212603968144945e-01,6.751875588017061114e-01,4.061379835508046043e-01,7.611184110575041073e-01,9.245757370870215652e-01,7.278158669489511734e-01,3.227647464804548338e-01,3.226605994890697215e-01,2.965511830906014112e-01,5.758306500598424638e-01,5.604947471813114257e-01,6.994240312637485246e-01,6.899884612856994615e-01,2.331405971986559300e-01,9.756699793785175157e-01,1.241303287974804400e-03,9.508753794211345367e-01,5.846653302634814420e-01,4.755467608159508197e-01
6.336730024638183023e-01,3.082824707193247971e-01,7.062881558690832229e-01,9.124027751427152833e-01,4.978944620854114378e-01,7.761156758688676494e-01,3.611306679037596945e-01,7.448238835076641529e-01,8.809534141683309505e-01,8.330512610242261085e-01,2.497132732379768461e-01,8.193434041961823455e-01,6.114525115291563617e-01,0.000000000000000000e+00,3.411592225284479363e-01,3.334302266603293985e-01,6.465739574547252344e-01,7.900341185416296375e-01,8.392168324116170419e-01,4.435230636743607291e-01,3.334212988345285344e-01,8.745996749832183337e-01,7.829043949761317345e-01,7.604362888155630218e-01,9.618729379709141103e-01,6.923829518001216599e-01,6.354511251241362624e-01,7.059227791098782179e-01,4.548427510291873643e-01,5.390987153474947613e-01,7.516873307035244478e-01,3.310056373360825699e-01,4.779262750586840136e-01,5.590036427015682152e-01,9.226554338116614851e-01,7.920833929772921889e-02,1.688497726791464981e-01,4.570654903344959497e-01,9.054115659559981433e-01,6.459494454233185579e-01,-3.349969150403351303e-01,7.219305888082588885e-01,6.281737951805634879e-01,7.955748651048103470e-01,8.167313363601234055e-01,9.212769811289502897e-01,7.835763367670263158e-01,5.641055608225633566e-01,6.248158657770708224e-01,6.965156287732150453e-01,3.914580581863363884e-01,9.797322453431568379e-01,7.861230756056435398e-01,9.283618313709907088e-01,6.180344119238722067e-01,2.262664901624205915e-01,3.373149870780073334e-01,6.868699108341483894e-01,7.476840932415231844e-01,6.128313387928808753e-01,7.410102310009704096e-01,9.082218295696856680e-01,8.134232019214150400e-01,6.850232926030944691e-01,9.196373991887349941e-01,8.441173386662914613e-01,8.884840916187808357e-01,9.038260011382588388e-01,7.584045452581588131e-01,6.169132303496284164e-01,9.661896371459377519e-01,6.896642541193055420e-01,2.790577255681225832e-01,5.651607930708903993e-01,4.555793520923760997e-01,9.801610347860161276e-01,4.539414712243498573e-01,8.761093261918787567e-01,2.544443489048980878e-01,4.978215206293180595e-01,4.474416657205783077e-01,5.935030662349682906e-01,7.629189006976351273e-01,8.465947849650526380e-02,6.468223352128240622e-01
4.479782252769559103e-01,2.864034251887636606e-01,8.751244767582164741e-01,8.675701374282658307e-01,2.033522894870448683e-01,6.668284666033870156e-01,6.881290060723501689e-01,5.128232947029797151e-01,7.765441152863336027e-01,6.156822064473069789e-01,6.203059231837135812e-01,7.001913110676823981e-01,9.324290764026896827e-01,3.411592225284479363e-01,0.000000000000000000e+00,7.227871765508110391e-01,7.040220606885404520e-01,4.210622286747910392e-01,5.122590650796287060e-01,8.055075426764539692e-01,7.310905617325964556e-01,7.763244861320478529e-01,5.806322152156814242e-01,6.569882318188007275e-01,7.876918591404318271e-01,6.943006065481870381e-01,8.512061139657690623e-01,7.965094081993526753e-01,6.967249263545229887e-01,8.316952588980062178e-01,3.583292855805334520e-01,6.821329955563599778e-01,6.836329310073426813e-01,6.940297488869098252e-01,7.708943295441692545e-01,2.969812623119621464e-01,2.441641702663142344e-01,6.702522059207174365e-01,6.029958474147183445e-01,6.962022419217972491e-01,8.725315921687509801e-01,7.737529192429569713e-01,7.386123267304748330e-01,6.853078648418976515e-01,9.836460874384429509e-01,6.389900256811755774e-01,6.199816488269640491e-01,4.368928694269234581e-01,6.235089436616759739e-01,8.601938307809084971e-01,7.945498381588353976e-01,6.123575674434528215e-01,7.514906417195156285e-01,2.697679649364257415e-01,7.093695182034637225e-01,4.156074638270303434e-01,6.003399045806553369e-01,7.903059498992461851e-01,7.580127207824890467e-01,4.111017793986670443e-01,4.280405458052334300e-01,8.051907829472146894e-01,4.635227572511333993e-01,8.679631806759011692e-01,6.075721168880751089e-01,7.078531299726393833e-01,-4.030985258085187373e-02,7.056643586062512075e-01,6.368657938285657849e-01,8.820887278043796353e-01,4.457388377262529455e-01,7.750652552930855643e-01,6.448513391576662368e-01,8.796715338003108231e-01,5.069714623517270757e-01,2.782629178344791510e-01,9.951374674194783942e-01,5.222308638811024029e-01,1.625885979344043608e-01,6.983957597133076955e-01,4.705916277125432590e-01,5.247175860996686758e-01,9.041510874142335563e-01,4.564834744257928456e-01,5.270779792671151931e-01
4.497025259971295652e-01,-8.292535365072628561e-02,8.830431073640011563e-01,4.944439766429746252e-01,6.918187653163585527e-01,6.930355181348358817e-01,6.534681012368741548e-01,5.411730760221972192e-01,9.754747377918934204e-01,6.805364095009946990e-01,4.017424519862209387e-01,7.347934928601442817e-01,8.342462293846067967e-01,3.334302266603293985e-01,7.227871765508110391e-01,0.000000000000000000e+00,7.364716121896314194e-01,7.657405261751444314e-01,4.753120800475363894e-01,7.051425339032388884e-01,9.988650984714749770e-01,9.663913560474528541e-01,8.501628526952734743e-01,8.615896501977058364e-01,5.774003642845438877e-01,6.995531012441281726e-01,6.351845667715372290e-01,7.712422825895658418e-01,6.129470266064334094e-01,7.749474955124432407e-01,-1.938692660850910576e-01,4.277763393401231573e-01,7.797124794200278597e-01,5.434219687281439670e-01,4.212162095481610802e-01,5.815203496479834921e-01,6.756157301831486883e-01,8.367542048071126004e-01,6.953600117262587199e-01,6.060898872014149896e-01,4.920342685733082866e-01,6.047519217179961881e-01,8.131188230816889240e-01,3.088944326482160330e-01,8.434591741481541893e-01,8.149681188879964733e-01,8.567259991016117349e-01,2.127653094665316325e-01,2.891349447172214537e-01,5.694299785974863415e-01,6.564452761939971737e-01,9.132757192253719847e-01,6.937091594279540807e-01,9.523046536289323516e-01,8.646193991338824159e-01,7.199138195653094208e-01,4.649562397512422285e-01,6.082197996720186683e-01,8.642533460225607644e-01,7.057948711231100125e-01,5.900082018897245817e-01,5.341324494497993181e-01,5.040237507716119891e-01,8.454709061318311791e-01,9.591510663021751704e-01,5.891474662130264939e-01,2.561017627719227585e-01,3.813913716678916099e-01,6.779999477245308714e-01,9.937639129250220860e-01,9.616441336415728625e-01,5.622207174724445089e-01,2.435408387138786671e-02,5.591655683571482571e-01,6.541928185927761152e-01,7.154853086347325863e-01,2.723513205919152469e-01,7.838069447857979322e-01,1.492703377787392982e-01,3.910967174429509363e-01,7.876908438954584035e-01,8.596667877341344077e-01,7.652911383427705161e-01,5.378420023407852746e-01,4.368324612338893576e-01
8.467636679556984625e-01,7.711862085820637702e-01,9.798501443005189770e-01,7.745875754277915526e-01,9.868759507947004739e-01,8.449729082052717111e-01,6.825090505994001466e-01,8.868971157782250536e-01,6.406909361381131207e-01,5.556295417022438787e-01,4.064854027305166428e-01,6.887110412960562034e-01,9.131706760344359131e-01,6.465739574547252344e-01,7.040220606885404520e-01,7.364716121896314194e-01,0.000000000000000000e+00,6.843447336209268483e-01,6.363963169305272283e-01,8.346801511277001095e-01,7.163286941981000799e-01,7.321959689992300069e-01,7.236737137220633498e-01,6.552664201583144887e-01,1.895057871069018574e-01,9.303204090552510408e-01,7.286356468175670953e-01,5.849019740296327319e-01,6.756907259834666890e-01,2.283368127684452520e-01,5.988046006883758210e-01,5.389865257524348863e-01,5.503136515047382105e-01,6.581450363392281622e-01,6.797752666671050825e-01,2.451027180996952493e-01,3.734369241224374525e-01,4.831518913740453502e-01,6.155230569206040503e-01,8.337127296879219829e-01,7.020674185072464102e-01,7.408094600040048272e-01,8.005302439168840989e-01,8.871542458438715917e-01,8.952079681848077453e-01,8.429732614699050330e-01,6.992101581860741266e-01,9.366290269798294155e-01,7.593795282863956553e-01,4.616491592553750301e-01,5.466029311352380571e-01,9.495290216243087444e-01,2.007863593926849100e-01,6.888373689635652886e-01,8.642442678245009224e-01,7.974831587107614750e-01,8.054550723417628344e-01,6.613362912233567981e-01,8.930734408242787525e-01,3.016656145060859218e-01,4.753836423100634145e-01,4.934087930418973311e-01,-2.039769493036489023e-02,8.053965979471290337e-01,8.584804405525250370e-01,5.289989412478771635e-01,6.233295556702689311e-01,8.121931541865188287e-01,5.371317026447961496e-01,5.205264780150691273e-01,7.852171175811275550e-01,7.839971030685648490e-01,9.053543091750155813e-01,7.481128606835345529e-01,8.809452782489227696e-01,9.859615812687880787e-01,7.031173031538642260e-01,7.350429340346741336e-01,2.050876266676653348e-01,4.559053834250597625e-01,6.139034873419192406e-01,9.264591399796260340e-01,4.430304179914342222e-01,5.766857998331900159e-01,6.865807909762865480e-01
8.117552890138217681e-01,3.909059995310509295e-01,8.690991110164454359e-01,3.383702053372121821e-01,9.861644122579378557e-02,8.947855513806526329e-01,2.562296279801588028e-01,4.004771860893159841e-01,4.558779447656184369e-01,7.580042934131883126e-01,7.410547319497895469e-02,5.708822939220099535e-01,9.963347105904147849e-01,7.900341185416296375e-01,4.210622286747910392e-01,7.657405261751444314e-01,6.843447336209268483e-01,0.000000000000000000e+00,9.553314540729642701e-01,9.919878441563183546e-01,7.959918573484547899e-01,4.270672041622213255e-01,5.844372088356655226e-01,1.518598676915206003e-01,8.038055169949335221e-01,8.395774097201625930e-01,7.106350517717514581e-01,9.991084037461674949e-01,7.727620673266913931e-01,6.952790111412633367e-01,7.284582058145437633e-02,5.365132655137490048e-01,3.052361644644161487e-01,9.920412536135847503e-01,5.866761504300093133e-01,1.138037127635127543e-01,2.972923786826142667e-01,6.438671249969916133e-01,7.831208263263150782e-01,7.730682880944454993e-01,3.952598672250904333e-01,7.730026564506413678e-01,6.301450166460622615e-01,7.365992374998947545e-01,8.328528547664673098e-01,6.849744554783609995e-01,8.779780166551175158e-02,4.058792540551139916e-01,5.870795810884378296e-01,6.889618094961240669e-01,7.212702453100877653e-01,8.515352250078095375e-01,7.891747170579392900e-01,3.510686955109916796e-01,9.972799204021211006e-01,6.606620037108208443e-01,6.922225921322304742e-01,7.707178818248198171e-01,9.146764510052567410e-01,7.340826463554654957e-01,5.106378286033768088e-01,5.988069242345879228e-01,7.268939381242882358e-02,7.537028138797208232e-01,6.172665994252574118e-01,4.327931726246411204e-01,2.294569599839780261e-01,8.222598192483596691e-01,5.292952660265682896e-01,1.873853233118201178e-01,8.453193982502950066e-01,9.813127260566935073e-01,6.579469893980222084e-01,2.567092761894431696e-01,2.509512008212805845e-01,5.650134409937250801e-01,8.669423958006583497e-01,6.277620105918776394e-01,5.931359912479614582e-01,6.906674924437702368e-01,4.161589259328255519e-01,7.213730352023801640e-01,6.276126969742495953e-01,2.802783220434681422e-01,7.418591250588686403e-01
