0.000000000000000000e+00,6.392857891528860304e-01,9.572849826586340427e-01,5.957456973137549294e-01,8.330446028269452574e-01,8.669994087348780187e-01,7.293682595088450960e-01,9.144156286238102060e-01,9.780738945963989295e-01,4.157269078433863951e-01,9.786888334259294941e-01,5.743012424385013359e-01,6.095701114461549164e-01,8.995901242110030394e-01,9.670020956018094971e-01,8.084383457211107293e-01,2.492914710638639564e-01,8.709447285852403020e-01,5.584421152351629614e-01,9.495577449347518684e-01,8.328228093007391530e-01,6.042697229881520693e-01,8.546221700695565415e-01,7.638185307258816836e-01,6.158222144784513130e-01,8.801407963423522052e-01,9.484031166229227594e-01,9.419040980191019097e-01,3.377057618828894769e-01,7.395688723467235270e-01,6.225633947292197323e-01,5.103346484829316410e-01,9.926209190556101181e-01,7.915181113957446835e-01,4.140824547100533382e-01,7.107115307801536996e-01,7.326242339347199817e-04,9.391480766109744360e-01,9.500667401751017316e-01,6.853174465179665553e-01,2.871669402477744493e-01,9.513159289378757544e-01,4.614220271751730551e-01,9.316092325428099175e-01,3.116186701382395730e-01,8.125149684104091552e-01,9.745316427767858336e-01,8.049995122031229355e-01,8.666230209498606563e-01,6.685023034519700369e-01,4.180195370690185652e-01,9.607706732946014183e-01,4.347109509209439726e-01,9.476003176219300883e-01,9.396000607883490119e-01,7.929251591733598170e-01,9.089067432822285353e-01,9.558092523974810462e-01,7.664488830351207094e-01,4.978364367841106586e-01,8.021144682570943152e-01,7.426958679159876286e-01,9.465606707251780216e-01,4.331582906996682691e-01,9.188888938861465849e-01,4.349455297778711538e-01,9.982297928029830736e-01,9.965486177374953680e-01,8.880881104290631045e-01,9.876410378596056638e-01,8.309686897193253596e-01,4.843012818233836669e-01,3.136944455050358904e-01,8.240052916330057320e-01,7.754746351234377277e-01,6.036919205799390342e-01,4.557377301607200559e-01,8.036080809981119843e-01,6.905837245292870685e-01,5.860604748071847059e-01,9.726797219608251943e-01,9.761221149582447465e-01,2.616762317024575180e-01,6.017086858495992452e-01,7.060733533457722588e-01
6.392857891528860304e-01,0.000000000000000000e+00,7.646921379613883518e-01,8.356750894718594225e-01,1.991625959119837641e-01,4.342604662071697930e-01,4.895004323188656414e-01,7.609958377101696536e-01,4.682140379901825744e-01,4.934720324847266526e-01,6.329764581615490160e-01,9.571424604562110972e-01,8.020713391943751214e-01,8.524091430630629240e-01,4.052442089479402765e-01,8.013531482607060275e-01,9.888829073457013896e-01,8.417355464839619827e-01,5.058289337214767478e-01,6.796276390808244638e-01,6.194014777323568754e-01,6.789408884128927957e-01,8.297465328804688456e-01,9.198217273322224496e-01,9.890639658027420289e-01,6.862007896573267540e-02,7.823035474388904120e-01,5.550996212350277625e-01,4.006239215634735396e-01,5.800487195563632792e-01,2.020470859557052246e-01,5.879472400600247450e-01,9.337859085349302646e-01,6.253171001508608384e-01,8.655411029550396096e-01,5.307326961767639961e-01,2.719141863617074995e-01,9.666004152096894231e-01,5.226692471533447293e-01,9.961767606003679720e-01,9.086897799358973904e-01,8.101732156537952978e-01,9.788481944118962996e-01,8.933158542189014728e-01,8.993532902339926860e-01,8.987158893743737442e-01,1.692654257417812724e-01,6.217808458155874574e-01,6.556856724987102369e-01,6.815144514990891800e-01,6.559898534607726539e-01,7.602231898003344313e-01,4.229677343044925819e-01,9.540864104411792557e-01,8.889850646297403625e-01,6.968869169104929817e-01,6.650042423212948473e-01,9.251953582714075308e-01,9.279325963750496564e-01,3.504181815544568090e-01,2.670458195992007622e-01,5.745162541179776872e-01,7.382192191527190417e-01,7.306122147924249965e-01,7.660249834593269025e-01,9.848636454984246447e-01,6.802489570092200566e-01,6.429097239017820264e-01,6.306169756867788800e-01,7.802614406109855683e-01,5.075270331066621399e-01,2.894257904440095674e-01,7.792573351600621256e-01,3.035562624753296856e-01,9.207549909257225496e-01,7.955197558686895043e-01,8.140269170722523873e-01,4.036304258151402480e-01,4.738587177597982647e-01,3.860927019844869745e-01,7.442587759588561447e-01,5.538566589994282641e-01,6.181798750492009109e-01,5.880621824585989810e-01,7.469857389955800731e-01
9.572849826586340427e-01,7.646921379613883518e-01,0.000000000000000000e+00,5.866756064644844670e-01,9.262329254534440448e-01,9.608947137743049094e-01,5.142066612843357865e-01,9.011157832789641331e-01,9.084766092725106157e-01,7.905537421921819963e-01,2.442003230322676299e-01,6.157510499862087761e-01,7.786785817188711656e-01,8.416225743684548899e-01,9.071796105768121787e-01,7.203052907021847417e-01,7.214185162662704043e-01,8.164594256443813425e-01,6.940033286009562596e-01,6.277738431833205235e-01,6.383089090882168026e-01,7.013423976309089980e-01,7.855191346126069174e-01,9.865368430285903489e-01,6.716364542297083018e-01,9.399809638477120144e-01,8.908797092492383163e-01,8.262456260295675259e-01,4.832687426481172555e-01,2.353930387437440930e-01,-1.588494462284665842e-01,6.380474665637357878e-01,9.304603627457863624e-01,9.715023811548175736e-01,9.256730565986874826e-01,5.150237076310364426e-01,-8.962103198292914463e-02,7.321045745352273704e-01,4.943167320607054771e-01,7.144187598002971207e-01,7.697990197861479533e-01,8.324152675240532595e-01,9.589419114636936747e-01,9.801569069463442752e-01,9.647947773464871091e-01,9.931659260441418891e-01,8.843604031555158951e-01,8.027118972951923226e-01,5.835265592869880447e-01,9.433034015941076378e-01,6.484089820575110741e-01,6.579072256067762803e-01,9.671061527512756495e-01,3.927012409793380066e-01,9.352615564172312990e-01,9.382678387347145321e-01,7.903559221176971183e-01,9.550795531980144082e-01,9.308604167200374979e-01,7.900883484494559683e-01,4.098618184298987721e-01,9.173738987393410538e-01,9.231113090670972632e-01,9.891592289801861559e-01,7.479868588735498758e-01,8.625827980015282614e-01,6.896210903958098770e-01,8.454630404821535938e-01,4.185356077832906863e-01,9.810431915335195985e-01,6.254956663630677483e-01,9.580744103777290022e-01,5.952193634729766036e-02,7.093228876598289823e-01,6.382015050048863714e-01,7.836079388082796138e-01,7.733439184105164177e-01,5.138385013572391857e-01,6.456793565429463921e-01,4.014330240580226555e-02,8.413396474389736035e-01,7.934914295024826369e-01,7.308147151469464031e-01,6.477955546360988359e-01,8.991286506762518060e-01
5.957456973137549294e-01,8.356750894718594225e-01,5.866756064644844670e-01,0.000000000000000000e+00,8.296011430592618030e-01,9.109101024174331984e-01,8.486983251634905301e-01,6.917888609575864045e-01,4.902816790610189379e-01,6.043283434444446378e-01,6.238676577638174736e-01,7.981494925411516395e-01,8.856465414732084263e-01,5.473601235793350561e-01,6.867527327642944934e-01,9.884680161437926493e-01,7.615874310172814354e-01,4.645594363224960777e-01,6.277137705756226094e-01,7.924459116801882974e-01,-4.762794175026086041e-02,3.672821794711932375e-01,4.844984000049549766e-01,7.263050878635427532e-01,4.947335763873506043e-01,7.196507018895406116e-01,8.355439504570806308e-01,4.109939533579030080e-01,4.314758677462843250e-01,5.028150348886768484e-01,4.913209956552381241e-01,4.155894390226131385e-01,9.499908104745953263e-01,9.728837642856111856e-01,6.439445982090548082e-01,5.885836761465215172e-01,2.277673334267654726e-01,7.744141800513009155e-01,6.744740313710269053e-01,5.507105779790578692e-01,5.167260374954439905e-01,5.563492054641893114e-01,8.840611060420823231e-01,8.411273557926211009e-01,7.685710477490228509e-01,6.841371111049684428e-01,4.574509606598478606e-01,2.151960986737220805e-01,5.708827961940882156e-01,6.570991682669822254e-01,9.511674328003199008e-01,2.346950418255276394e-01,8.658367037369062436e-01,4.967266494446442859e-01,7.037794463801575473e-01,3.302554225075881034e-01,1.605059844988699636e-01,8.969904389123275479e-01,6.262415323729814132e-01,7.385108973217704431e-01,4.474113173421536693e-01,7.266239885693819289e-01,9.406002194526601468e-01,6.756712500175849900e-01,5.149926734660367211e-01,7.793298849979215515e-01,5.050447208810849853e-01,8.106388094409117118e-01,6.755559426752086871e-01,7.575159769050276992e-01,4.958331822201548778e-01,6.326590700083848384e-01,4.438895208045261498e-01,7.627118268791373001e-01,9.821439682203630950e-01,8.478642003249352577e-01,8.883250172155601199e-01,6.605177786122933270e-01,1.920422651401415270e-01,4.373611169340840821e-01,3.230465911496841480e-01,8.296774898205359072e-01,5.685977626879724633e-01,2.996945198894134799e-01,4.017571729090795296e-01
8.330446028269452574e-01,1.991625959119837641e-01,9.262329254534440448e-01,8.296011430592618030e-01,0.000000000000000000e+00,8.968247646931712946e-01,4.556049227772034915e-01,7.456820842743703270e-01,1.697128903848699188e-01,5.096487436689937089e-01,2.195045412787898498e-01,8.952614550138452421e-01,9.663622012588432009e-01,7.403226315945008462e-01,2.165573909130225627e-01,4.461001589816535606e-01,7.813488847928999892e-01,9.471991440641261972e-01,9.421836487345892630e-01,6.188615947995895761e-01,6.032630219899368651e-01,4.234323790731147064e-01,7.673433236727216222e-01,9.952696265619007665e-01,1.788154868819465948e-01,9.214614861975475302e-01,9.605875627428182018e-01,5.113588704460727552e-01,3.598456945312428212e-01,2.963684417934320248e-01,5.092111229293680985e-01,7.372336338189264815e-01,9.705054206979581988e-01,9.874559320830649245e-01,4.530181175787217907e-01,3.637057078898526807e-01,5.657951013049636879e-01,4.106033744392949547e-01,8.727731351381720071e-01,9.310679319867432024e-01,2.492742028069958593e-01,6.436174792551070389e-01,8.535555921139675872e-01,8.056500803835422442e-01,9.260334710197892782e-01,4.111230629436923856e-02,1.802851991053722736e-01,4.968331251330108667e-01,7.953232026189372972e-01,9.646587779372415294e-01,8.182024087246484445e-01,6.424732102915539089e-01,9.745960267368671825e-01,6.573722936183663546e-01,7.714569057905686922e-01,5.234444294725532076e-01,2.786612710364512191e-01,9.403231620592996665e-01,7.386817876371266633e-01,2.891442566143472837e-01,7.595580670465140738e-01,5.021759569239326870e-01,6.820561779518868883e-01,6.459070130545587762e-01,8.910886811723175427e-01,9.827051304675727961e-01,6.792978395167565964e-01,8.324247054554086978e-01,4.829262337967279439e-01,8.653431445594657045e-01,7.882063079996950439e-01,2.124802525018442412e-01,4.305651117968962716e-01,4.443429574410973637e-01,7.030198836612159274e-01,8.102316841343023546e-01,-2.772930780120652638e-02,5.650868789857907970e-01,4.580030899297468650e-01,2.418003289349887619e-01,6.205804190500672224e-01,6.750252163559751217e-01,8.816039418516058435e-01,7.107203265187919117e-01,6.153154798696227612e-01
8.669994087348780187e-01,4.342604662071697930e-01,9.608947137743049094e-01,9.109101024174331984e-01,8.968247646931712946e-01,0.000000000000000000e+00,2.527455662793940960e-01,7.671573967986040632e-01,8.035953812390687068e-01,7.298152015727911168e-01,6.149308200959061610e-01,7.534904151691608210e-01,6.291704243407072461e-01,6.767400244088437322e-01,7.800082707698390294e-01,5.630848072734144782e-01,5.317540874869243206e-01,7.225154554903495674e-01,8.664228289442992281e-01,6.189891310073045716e-01,9.910302184721033747e-01,3.298028142993391643e-01,9.424472212160813767e-01,9.803739429858034926e-01,7.170739154477493438e-01,9.186094098308581479e-01,8.817100921179148454e-01,7.554407794393094289e-01,2.631917020983003397e-01,4.193766262338989304e-01,2.983009789903668090e-03,8.927392073805944239e-01,6.343766697179626934e-01,7.503074749488480855e-01,5.724270254113557055e-01,2.517850168567770663e-01,3.291068398664338812e-02,6.382060597961061177e-01,9.462901788967846839e-01,7.087208320294999808e-01,5.807175720329488255e-01,3.938806570431523379e-01,7.119655935169728611e-01,4.774695678622608574e-01,6.455850155142495161e-01,2.215561811035457462e-01,7.738544418660026070e-01,7.751402403332943170e-01,9.182130365779694881e-01,3.081025648286643270e-01,5.478260241004625497e-01,9.814199098318313608e-01,1.227921241330277163e-01,7.382890045081653696e-01,5.523133046834608484e-01,4.354128103495281676e-01,7.299879220975514782e-01,6.257048045682332971e-01,1.870105348104036114e-01,1.265047213936967285e-01,4.601653125753912277e-01,9.945104594157465616e-01,7.932730878155814791e-01,8.601774890398717899e-01,6.732785298596816181e-01,4.418571691727642969e-01,6.604637866891864828e-01,7.157979002600667329e-01,7.234226251732446267e-01,6.574923416328782855e-01,8.473390996196915603e-01,7.273604250686112049e-01,5.089391522600483775e-01,4.985260141152365598e-01,4.619653252498345797e-01,5.745068073276984322e-01,9.405865786227445291e-01,5.609334043390253877e-01,-2.601390466078321029e-02,1.407307861897376389e-01,3.468495933899335970e-01,6.415500528763977695e-01,7.048326012717944788e-01,6.305043639237859487e-01,6.094170486652706886e-01
7.293682595088450960e-01,4.895004323188656414e-01,5.142066612843357865e-01,8.486983251634905301e-01,4.556049227772034915e-01,2.527455662793940960e-01,0.000000000000000000e+00,6.159998115033687993e-01,7.245243980366684600e-01,5.010667441634383268e-01,5.605022756903895731e-01,7.152985675533087839e-01,7.275050069758446369e-01,5.978714943223842893e-01,6.650763880099161973e-01,3.820928908090912568e-01,6.464158830614825657e-01,9.789910562841526165e-01,8.411039889530044222e-01,9.275029234424805313e-01,6.755584304375024107e-01,5.820980733938400098e-01,4.843237934223521002e-01,5.427126423780381792e-01,9.411064025992209592e-01,2.769292535405740718e-01,2.284136243665502441e-01,7.179703694666692559e-01,7.431449286766385054e-01,6.106872674541537205e-02,4.412388533111301081e-01,6.786370512298874891e-01,-1.063466965890019489e-01,4.374753933590623256e-01,2.305929084725095446e-01,5.013539549429398834e-01,2.045068602110776124e-01,6.311200039903421821e-01,9.559015617431532164e-01,3.913549582995825560e-01,5.177879779484124700e-01,1.335777283021084005e-01,9.343932533519851980e-01,3.560826655536440954e-01,8.887564763759485675e-01,7.028210867830442243e-01,1.657830444292543448e-01,8.601020121143523323e-01,5.209247939867331922e-01,5.917821458663853340e-01,3.802944719878326163e-01,5.830830306431782351e-01,2.618877908599964166e-01,6.132978525622490018e-01,9.254401273346614110e-01,5.063157373899309643e-01,5.551978343069725597e-01,6.937289961374950575e-01,5.887407394293647789e-01,5.143773667701680985e-01,3.753815475676014479e-01,6.644010097475142596e-01,6.372528674631123824e-01,7.175003933173318416e-01,8.568622078807197617e-01,7.892886951311468557e-01,5.521818501634661036e-01,8.024574149448526761e-01,4.161605402021883449e-01,-9.070577542197059973e-02,6.244755408998262647e-01,9.143782452994952958e-01,7.494420354526143413e-01,4.268323786892196381e-01,7.098498289049985921e-01,6.936559821001333503e-01,9.887368821747233305e-02,6.746864586349682336e-01,4.868224270605264747e-01,1.876775060636036718e-01,3.561096224102660440e-02,3.414266280392028730e-01,9.865646494620934348e-01,5.453396035108583062e-01,3.163224483876256876e-01
9.144156286238102060e-01,7.609958377101696536e-01,9.011157832789641331e-01,6.917888609575864045e-01,7.456820842743703270e-01,7.671573967986040632e-01,6.159998115033687993e-01,0.000000000000000000e+00,5.579339500825195586e-01,3.168916934354031878e-01,8.335913482893775317e-01,7.623572490991467054e-01,9.317099900831883330e-01,8.312243465739423964e-01,2.035087706396439544e-01,7.845644076130787736e-01,5.255443048586790900e-01,8.546857712043292032e-01,4.213528244030914083e-01,9.467911241293378577e-01,9.632379722696898794e-01,7.508811852778805029e-01,9.835087228805010628e-01,9.695282323586356110e-01,9.354165189705442307e-01,7.430011292528815314e-01,3.444901974095276875e-01,5.344889329800649458e-01,3.041334005297824383e-01,7.457489854597177947e-01,5.585104259533535398e-01,8.453628919985363144e-01,8.330867135254809153e-01,5.241037663901868537e-01,5.305451649296528682e-01,2.748861592951943322e-01,4.644654864079292289e-01,5.269094127070654832e-01,5.716181567844231814e-01,8.591204321905756558e-01,2.583294910132189481e-01,7.351549351789347098e-01,4.503584164265377332e-01,5.989014895196915766e-01,8.943576771620909138e-01,7.492423428409124009e-01,2.999849663646468878e-01,3.491160252927956176e-01,8.917825175041358410e-01,6.561198663405631848e-01,6.846207423430076267e-01,5.720410362745553812e-01,9.518780515332480041e-01,4.693695446113659298e-01,2.354615714470018051e-01,4.240886259104620359e-01,5.266854271153498246e-01,7.777648318917017578e-01,8.919543967380599847e-01,7.902653782706652308e-01,2.454684402796095677e-01,1.277168012690856336e-01,5.130258066827483310e-01,1.493176881533439804e-01,6.846966259186740844e-01,6.253743321689505530e-01,7.070908767356395286e-01,7.162634177727300600e-01,8.359368492509315907e-01,6.754416855530280817e-01,4.293363112862299547e-01,4.943568485535263513e-01,4.951064084869927773e-01,3.145626319379192792e-01,5.257862466265343926e-01,6.163402659419986440e-01,3.995453763321466512e-01,8.205519182510075948e-01,5.821396878463923619e-01,5.538773981477469466e-01,5.575558334543693206e-01,9.023342786329184850e-01,6.584780750904413171e-01,4.771226938497181713e-01,7.484340374707824095e-01
9.780738945963989295e-01,4.682140379901825744e-01,9.084766092725106157e-01,4.902816790610189379e-01,1.697128903848699188e-01,8.035953812390687068e-01,7.245243980366684600e-01,5.579339500825195586e-01,0.000000000000000000e+00,6.706374079917908348e-01,2.139396123316169018e-01,4.085477171710200084e-01,3.090236180425762758e-01,7.027681096051976439e-01,7.938316761347093964e-01,7.175560368838221903e-01,6.035975825746265899e-01,5.608748515339856411e-01,6.871095757071012944e-01,7.111954434910667810e-01,9.828445899937431340e-01,4.512628198525818202e-01,6.397708025810400212e-01,7.385453631149265785e-01,7.191452025331388498e-01,8.147935355250480738e-01,7.169498823693655210e-01,1.000756271480410797e-01,7.796507729529986719e-01,8.803694179393728447e-01,4.831838296959189982e-01,6.444352089553851970e-01,5.024538357646702869e-01,7.941664711993842163e-01,4.245825447266054486e-01,5.062627874908887105e-01,4.118683671837282123e-01,9.093626457727048695e-01,7.803031166012738273e-01,9.841922828016246294e-01,2.536274716509391292e-01,8.854659695223300320e-01,7.528338706180379702e-01,9.303110224201527334e-01,5.659678495069850879e-01,7.808994878929111927e-01,7.435244230907779306e-01,6.292631556515426716e-01,7.894416631204570489e-02,8.445697421931983584e-01,6.189002045938845065e-01,5.030455804640371342e-01,8.079865447842659032e-01,7.072879001844457614e-01,8.751823438121347776e-01,6.507795980988692053e-01,4.572109289840803892e-01,6.738368614386367472e-01,8.072147018296095267e-01,7.081036539444128530e-02,3.886177979444301878e-01,5.797874598542289704e-01,4.710436002076262008e-01,6.779025926894561849e-01,9.141009283427159460e-01,7.087846417919737574e-01,7.743156727983429022e-01,6.740241563926235857e-01,7.030451021840441461e-01,7.881792449740173678e-01,9.907369401866095160e-01,5.127410566934256231e-01,4.697083945075396505e-01,6.852389062665757979e-01,3.810185402205600314e-01,7.394735276323753659e-02,8.475879245251971561e-01,7.674907428532447007e-01,5.687755323059089374e-01,3.952821621219241299e-01,2.341124253922693133e-01,6.199199581426939609e-01,6.142733295702683671e-01,5.041821817489927637e-01,6.634441988434192083e-01
4.157269078433863951e-01,4.934720324847266526e-01,7.905537421921819963e-01,6.043283434444446378e-01,5.096487436689937089e-01,7.298152015727911168e-01,5.010667441634383268e-01,3.168916934354031878e-01,6.706374079917908348e-01,0.000000000000000000e+00,8.856325727068125042e-01,7.030550115860134675e-01,4.628006781575582096e-01,8.714669454351775535e-01,6.409007100119084033e-01,5.400212122221076383e-01,8.118190815769280588e-01,6.424992572041140493e-01,6.506046669897938006e-01,9.509683180845679429e-01,4.154375589214406306e-01,6.230841290354327544e-01,7.534556104824166045e-01,9.182886586289387143e-01,6.549991270612022243e-01,8.924616454520765130e-01,4.978780735044703309e-01,2.178411675302625305e-01,7.959296475633614865e-01,3.037060336978844033e-01,9.208686021661527388e-02,5.349235923708303142e-01,6.671784184571727394e-01,6.785961369578286106e-01,5.127628419751301125e-01,3.079328538832681872e-01,2.430943974001594232e-01,7.850262114955273152e-01,7.524774600260646373e-01,7.063728532684643291e-01,7.730136965288638695e-01,6.535659349547517927e-01,9.970166922298293599e-01,8.654258213037654413e-01,7.760900801923873438e-01,6.451882739419322332e-01,8.953397709300932039e-01,9.299987128139355352e-01,5.577749893526464664e-01,4.515150985445101073e-01,-6.154194878968538562e-03,5.446448802307247705e-01,7.804794042411126176e-01,9.339078890536965938e-01,9.632079460708137253e-01,9.295751251240024216e-01,7.251703726058370547e-01,9.350205503691666475e-01,5.888261337382592053e-01,6.153959978410864506e-01,1.342784521167945389e-01,5.754412564721792522e-01,9.298830831448890999e-01,6.887067140614445693e-01,7.520639079850617303e-01,9.446018878926386586e-01,8.343768699651066267e-01,8.896206140295481735e-01,5.483560980938471108e-01,9.538074369064386548e-01,3.296471978315832496e-01,7.995595531345571771e-01,5.554107493959441477e-01,5.827546955594498090e-01,6.428357168322261783e-01,5.029288984921064243e-01,4.109182342173507974e-01,3.948910155338322125e-01,4.138229372635186532e-01,2.666030651273123553e-01,5.941343191147028246e-01,6.556364387522407577e-01,8.882678328835900139e-01,4.644551153608759142e-01,5.536125947377350531e-01
9.786888334259294941e-01,6.329764581615490160e-01,2.442003230322676299e-01,6.238676577638174736e-01,2.195045412787898498e-01,6.149308200959061610e-01,5.605022756903895731e-01,8.335913482893775317e-01,2.139396123316169018e-01,8.856325727068125042e-01,0.000000000000000000e+00,9.712592920617851844e-01,6.936763580447756761e-01,8.215844887730046064e-01,6.753348764050896014e-01,6.366751800908826420e-01,9.995226685045224269e-01,5.836987227958909674e-01,7.346961475770240613e-01,9.676126400673843442e-01,4.388741892140944345e-01,7.502226304076784480e-01,8.889711912514026704e-01,8.301010719947793381e-01,1.464036732260765028e-01,4.660460672940029969e-01,7.672093964342702188e-01,5.044429852550065263e-01,5.010026344894358274e-01,6.345068591623401755e-01,1.150313339649275401e-01,7.731138604166450934e-01,5.408888428806789550e-01,9.354046875463162269e-01,9.238688082374074684e-01,6.780028444229226903e-01,-5.164442653913825509e-02,9.822726707862745599e-01,5.325730912189254873e-01,7.653359249811806375e-01,2.809853348981343757e-01,9.378231050550769332e-01,6.775772813772993342e-01,9.577989653273695225e-01,8.184359198206868635e-01,8.821020446246156110e-01,6.563824193891056868e-01,2.242746302827562377e-01,7.538144186980775263e-01,8.914554646195649301e-01,5.275479482609173321e-01,9.333519917906447638e-01,7.005251142676675036e-01,5.379951481807581093e-01,4.754101132684989683e-01,9.058219492642426429e-01,8.643272716012859735e-01,3.595290922570281711e-01,9.689242468351824122e-01,4.919558354844584536e-02,4.811667247740316622e-01,5.571698593960783263e-01,9.182826560126446935e-01,6.953282677567463876e-01,9.039896720965869825e-01,7.753619670379913176e-01,7.495505515468986468e-01,9.921852295742008554e-01,8.563084984936937261e-01,6.760189655308680434e-01,2.094059464343707710e-01,7.117225951998519262e-01,6.407330162796217587e-01,6.054017556504007747e-01,7.391571284019010646e-01,3.493750268993288111e-01,7.382284525314803947e-01,3.646664398832640819e-01,4.017910220946142030e-01,2.711801784748655297e-01,1.140881788228423899e-01,5.230116150397583485e-01,8.677503976059925961e-01,7.108949468441850827e-01,5.737901789112616058e-01
5.743012424385013359e-01,9.571424604562110972e-01,6.157510499862087761e-01,7.981494925411516395e-01,8.952614550138452421e-01,7.534904151691608210e-01,7.152985675533087839e-01,7.623572490991467054e-01,4.085477171710200084e-01,7.030550115860134675e-01,9.712592920617851844e-01,0.000000000000000000e+00,4.671847976115834911e-01,8.359733020550992322e-01,9.229671621819282024e-01,8.948044275786578572e-01,9.593673315112122291e-01,3.471823472929781440e-01,8.841020723716707108e-01,4.011320661454461645e-01,7.653717218440352354e-01,9.321441590971093483e-01,9.414409112223648401e-01,8.507835021658263219e-01,6.280747450883932270e-01,2.716296763639611811e-01,9.167071424607231567e-01,4.375437708335401243e-01,7.625121629748876639e-01,1.988913616887764135e-01,6.677408689572833511e-01,6.161463064950014612e-01,9.262938738865582611e-01,7.894466223877418809e-01,6.594826713618275882e-01,1.047175596703157768e-01,2.461100306754460398e-01,8.785222475460885416e-01,7.510543694972890982e-01,5.694813293398807152e-01,6.616041180787779474e-01,4.377481526578174131e-01,8.024855747051229393e-01,9.046684997921764504e-01,4.757511421463085921e-01,7.479462470828014409e-01,6.612561284032536513e-01,6.333835337327836656e-01,5.703541873107718096e-01,5.994970363144312975e-01,7.660723563933214963e-01,7.718506827649000979e-01,7.542218319880513722e-01,7.306092059698324759e-01,8.519455369014410362e-01,9.717216976980376231e-01,5.367712727221156666e-01,9.261599226631140880e-01,7.966332596249958709e-01,2.483554667643459168e-01,6.716055271814171945e-01,6.127615417609179049e-01,4.421371093242891237e-01,8.605762474813501983e-01,3.904662191910664992e-01,8.347167706594177394e-01,8.259239851746066341e-01,7.883876303333124946e-01,8.963513415944424079e-01,7.789022428676604104e-01,7.452445391319298951e-01,5.072121330880831058e-01,5.740146004914380429e-01,6.970520500019977694e-01,4.829786023135415607e-01,8.593041112833539330e-01,6.818780946045077673e-01,1.178634405492373222e-01,2.354719581942709417e-01,4.085917458061854024e-01,6.892662864346772444e-01,9.663931943710006855e-01,7.156353433260586039e-01,6.104473482135192031e-01,4.680915587447058712e-01
6.095701114461549164e-01,8.020713391943751214e-01,7.786785817188711656e-01,8.856465414732084263e-01,9.663622012588432009e-01,6.291704243407072461e-01,7.275050069758446369e-01,9.317099900831883330e-01,3.090236180425762758e-01,4.628006781575582096e-01,6.936763580447756761e-01,4.671847976115834911e-01,0.000000000000000000e+00,9.167855114270885286e-01,7.288723897599757029e-01,7.735284357502576480e-01,3.028300778757508915e-01,3.564993023922076176e-01,8.188173898910159343e-01,9.807066226368793549e-01,7.009145989525277232e-01,8.440814253590969152e-01,1.897215347598877333e-01,5.962022799553763353e-01,2.425204883540523215e-01,5.854636326878268626e-01,9.633176680229997846e-01,7.082393654269067973e-01,4.212920911687529357e-01,2.183065209240999671e-01,1.663504925175000593e-01,5.364897298591362329e-01,9.485283967478641554e-01,6.741740182933962933e-01,5.851668245740782037e-01,7.776367625128695060e-01,3.463901858164766256e-01,9.856400107338572081e-01,6.651888856208515444e-01,8.388850200436245297e-01,7.265392440232070204e-01,7.166425704144010478e-01,9.099619086222052733e-01,8.827165411174735521e-01,9.465988124546160787e-01,6.899266092056326460e-01,8.029641601999026879e-01,8.626486295339992338e-01,9.156528348490698965e-01,9.437471152571118571e-01,9.006735807508676750e-01,7.339813254583760216e-01,5.024092775884786422e-01,7.869158944001043432e-01,5.897188253340297504e-01,9.390301624541806946e-01,7.271574732716089562e-01,7.350565208063312150e-01,4.865001853008165122e-01,4.815844101993416726e-01,5.593549446318958340e-01,8.843735453828037718e-01,6.693088775237704402e-01,9.169552000298261119e-01,7.301938507502869768e-01,7.999533239640124194e-01,7.343653999096327878e-01,7.063841676759867738e-01,4.818864323685244644e-01,7.641760650216982143e-01,7.345411252164986138e-01,6.663733851193641700e-01,6.077298734253776535e-01,8.037125476215308817e-01,5.321002947766746427e-01,9.900413188882393190e-01,9.283824356597965011e-01,9.899933245290993833e-01,7.619975269951507757e-01,-1.252302353338107244e-01,1.107132157105312868e-02,6.912276591210259058e-01,-1.604822828497036447e-01,5.550898023298980188e-01,6.189801569549355786e-01
8.995901242110030394e-01,8.524091430630629240e-01,8.416225743684548899e-01,5.473601235793350561e-01,7.403226315945008462e-01,6.767400244088437322e-01,5.978714943223842893e-01,8.312243465739423964e-01,7.027681096051976439e-01,8.714669454351775535e-01,8.215844887730046064e-01,8.359733020550992322e-01,9.167855114270885286e-01,0.000000000000000000e+00,8.181909770034746510e-01,7.593339938982610615e-01,-9.722594869711742582e-02,5.331975110207741730e-01,3.548696960308509452e-01,8.869423349345639807e-01,8.295814220614092793e-01,7.883270854841037956e-01,6.724558432864518043e-01,5.884795515758705076e-01,7.685306977696931829e-01,6.364875792093670492e-01,6.730339037042082362e-01,6.349355386980066740e-01,9.799061682574771170e-01,5.642786850221060552e-03,5.917687553510049270e-01,5.133846917321310821e-01,7.178192497279488604e-01,5.270380122664577449e-01,4.790877007673890464e-01,-1.682346298455486833e-01,2.352167945930591919e-01,3.610379502294461806e-01,9.249254149095396116e-01,6.933942253903745412e-01,3.236674169670775703e-01,9.035933983851712759e-01,7.135573207479407598e-01,3.772882724784555331e-01,8.238182411406634875e-01,6.357918866250144019e-01,9.080886169001131103e-01,4.277841272155983865e-01,7.457060111330531260e-01,5.596850116388426555e-01,2.729020783893880142e-01,4.793737925579336645e-01,9.597726401235218141e-01,7.976115246423047811e-01,8.760738763663952211e-01,7.733030615551789166e-01,4.778669509356136547e-01,5.414091049693153801e-01,2.476226765568214361e-01,7.363664463832816365e-01,5.645290994279474894e-01,7.917179258187431179e-01,5.947783449602304096e-01,9.301781583926376218e-01,8.714624524243125281e-01,6.815817102880173950e-01,9.521552693286112756e-01,9.539327350468831401e-01,5.805816624807018655e-01,3.689400375901805695e-01,8.351545365807123700e-01,9.638618181869571533e-01,2.519732149927169651e-01,4.993572148699629842e-01,7.550906650946296317e-01,4.054815898102496208e-01,9.821170680755074711e-01,6.698250707919393143e-01,4.479961257151074960e-01,1.766914680404590432e-01,1.603791255943918248e-01,8.178758480715447865e-01,8.410761613210928633e-01,5.820303254274763471e-01,4.499837755092904734e-01
9.670020956018094971e-01,4.052442089479402765e-01,9.071796105768121787e-01,6.867527327642944934e-01,2.165573909130225627e-01,7.800082707698390294e-01,6.650763880099161973e-01,2.035087706396439544e-01,7.938316761347093964e-01,6.409007100119084033e-01,6.753348764050896014e-01,9.229671621819282024e-01,7.288723897599757029e-01,8.181909770034746510e-01,0.000000000000000000e+00,4.259888850063814902e-01,8.893001889202487575e-01,9.368646763064014671e-01,6.035737084094789928e-01,9.153616470527677906e-01,9.977714114224844888e-01,4.842887504860121650e-01,7.143287137765296224e-01,9.130600484225273039e-01,7.899090584678878368e-01,8.750490370587391542e-01,9.076098878743658060e-01,9.524951973170231456e-01,2.900693522441008532e-01,5.385774091529784702e-01,4.687352698637491932e-01,9.965924673743918882e-01,1.639239843490163662e-01,6.028378510645190369e-01,6.852668082733195387e-01,2.520924481515309790e-01,4.446490148408959731e-01,4.186811026954807557e-01,6.859022139868921064e-01,8.865621640979276519e-01,5.704507889716556868e-01,6.689889986040999936e-01,9.159565082063235719e-01,6.581185875095928450e-01,9.433676967855475493e-01,6.510595493520890953e-01,9.273945813371232694e-01,8.402178901193220195e-01,3.399377621797898819e-01,7.633534938345662990e-01,6.285559751000899809e-01,7.258695922998485983e-01,-4.124049383309230654e-02,6.712034295657286487e-01,6.873147430486772347e-01,6.804722645134870795e-01,6.207532010260147226e-01,7.357444051108388283e-01,8.410744821620038669e-01,4.543659172762149479e-01,7.892480104563566190e-01,4.169702027857102866e-01,9.142960521102264648e-01,9.225445923318753572e-01,9.491003566235571842e-01,4.152237764703488598e-01,7.151705000542011303e-01,5.243679542269927829e-01,5.384666271494746859e-01,7.787180482123310377e-01,6.438407513855289865e-01,6.864904632700752352e-01,2.017316195252334687e-01,6.957830873636970948e-01,6.205416214783775475e-01,6.152383846097141396e-01,6.923985994639028085e-01,5.147285932862905034e-01,7.254270028552718408e-01,3.307775106872148374e-01,4.749953496517857476e-01,4.229758804541154937e-01,8.815885408288319791e-01,4.609749662653161439e-01,4.083590790092159750e-01
8.084383457211107293e-01,8.013531482607060275e-01,7.203052907021847417e-01,9.884680161437926493e-01,4.461001589816535606e-01,5.630848072734144782e-01,3.820928908090912568e-01,7.845644076130787736e-01,7.175560368838221903e-01,5.400212122221076383e-01,6.366751800908826420e-01,8.948044275786578572e-01,7.735284357502576480e-01,7.593339938982610615e-01,4.259888850063814902e-01,0.000000000000000000e+00,9.618040210717276883e-01,7.787965698269555537e-01,4.306864909514362960e-02,7.017836394992709170e-01,8.544803686767086237e-01,6.015843572696356611e-01,7.939911275501243537e-01,8.181580427767510821e-01,5.668619823141010095e-01,2.239246069241284942e-01,9.583013418623944624e-01,4.972551528771637086e-01,1.950094606878956249e-01,5.662468129014655016e-01,3.915431296914073656e-02,5.232429052849441042e-01,4.688514148978857876e-01,9.076014808224082131e-01,7.741211281932018906e-01,2.692788950463170794e-01,7.479373828813490332e-01,6.941254626144681694e-01,8.263302609565782442e-01,8.684404123875442139e-01,7.305965178818178973e-01,8.318225940656197581e-01,3.685612245949995147e-01,4.426465967298043314e-01,6.484566436859309224e-01,6.410837444430819154e-01,2.445301757711499657e-01,6.868694325180070281e-01,8.230359899480301777e-01,2.576203903522994998e-01,6.212692864681782501e-01,7.332438327687486046e-01,9.325428653612850560e-01,6.854229683960072483e-01,8.020613461527931198e-01,8.456937111135668372e-01,4.513346460009410865e-01,7.405327468698963411e-01,9.340514768252580202e-01,2.372158618906437533e-01,5.661613943672308968e-01,2.268166398303635423e-01,7.268543672631549990e-01,8.186500685170245983e-01,8.776089015776610269e-01,5.309987367741195730e-01,6.854982936129503379e-01,6.045216673057702828e-01,6.152163745940717465e-01,2.892977507701874340e-01,6.040021380196509693e-01,7.570291087105767147e-01,4.180378260123150946e-01,6.915012001054419155e-01,5.598887685577498274e-01,7.004520733340873218e-01,9.371270907336328726e-01,7.407225055510689993e-01,1.131466408670636775e-01,4.982762832838651401e-01,6.753602152134705605e-01,9.349383856300208517e-01,7.130021419397839511e-01,7.981827482685465158e-01,6.631342547700846968e-01
2.492914710638639564e-01,9.888829073457013896e-01,7.214185162662704043e-01,7.615874310172814354e-01,7.813488847928999892e-01,5.317540874869243206e-01,6.464158830614825657e-01,5.255443048586790900e-01,6.035975825746265899e-01,8.118190815769280588e-01,9.995226685045224269e-01,9.593673315112122291e-01,3.028300778757508915e-01,-9.722594869711742582e-02,8.893001889202487575e-01,9.618040210717276883e-01,0.000000000000000000e+00,7.104749380193523534e-01,4.230828774731293374e-01,8.711691528494734937e-01,9.234189911624490765e-01,6.437053761036189981e-01,8.288251781940702001e-01,8.401007914050232506e-01,6.541433945935195560e-01,2.362078644778474734e-01,4.782339355272190451e-01,-9.958504390933366202e-02,6.084998584993311921e-01,6.582634393565685027e-01,7.005839676745073685e-02,9.184871806877393796e-01,5.016279005357322518e-01,5.129698198575675105e-01,6.866573807361174842e-01,3.597249719865879825e-01,1.551316829580967060e-01,8.571143382723127591e-01,8.445021992741255090e-01,8.158967446717305672e-01,4.871395622385961133e-01,6.049721006557485792e-01,2.140168774724640621e-01,7.410377223628419330e-01,9.523251142471912400e-01,8.965802444936035176e-01,2.220075498975002948e-01,7.794581362234217492e-01,6.862480359498994709e-01,5.226122726143020980e-01,8.213524833164324024e-01,8.755946690751589268e-01,8.969601808395508691e-01,6.049343657898113014e-01,9.744095920681387080e-01,7.746954464180512145e-01,9.199226100007092954e-01,7.166020148016288838e-01,6.778045531652453493e-01,1.503289047335664153e-01,6.147476579505182226e-01,6.551624237091009384e-01,9.613391419531829296e-01,9.526191696010697374e-01,7.230934343075956505e-01,8.966122050391306386e-01,7.149308006295178597e-01,9.135201393875878040e-01,8.216043607408359817e-01,9.756504843570362739e-01,7.757772368008390984e-01,4.384544953660619027e-01,5.019198797135621115e-01,7.277227255081664126e-01,7.556919907432591010e-01,3.056211976832376997e-01,6.735190349486949168e-01,8.470179580470577063e-01,8.912986504428399570e-03,3.413732241531810541e-01,4.864444043105911053e-01,9.895321433654318266e-01,9.529442540036032749e-01,4.538098059064990530e-01,2.806438823546635319e-01
8.709447285852403020e-01,8.417355464839619827e-01,8.164594256443813425e-01,4.645594363224960777e-01,9.471991440641261972e-01,7.225154554903495674e-01,9.789910562841526165e-01,8.546857712043292032e-01,5.608748515339856411e-01,6.424992572041140493e-01,5.836987227958909674e-01,3.471823472929781440e-01,3.564993023922076176e-01,5.331975110207741730e-01,9.368646763064014671e-01,7.787965698269555537e-01,7.104749380193523534e-01,0.000000000000000000e+00,8.939430665265574172e-01,7.898760298727686147e-01,9.215279588154130508e-01,9.276072016388523522e-01,5.716190669468964591e-01,8.520242862384701521e-01,5.549376599523867526e-01,9.166482665612761815e-01,8.181181462409060634e-01,2.069084486288074731e-01,9.046252876283067401e-01,2.737571285673409127e-01,5.075598001453076602e-01,7.568502722651063719e-01,9.275408083215431754e-01,8.273609683054423680e-01,4.376586217040712157e-01,4.619684970798915158e-01,7.260640451495304903e-01,5.018739568449183119e-01,9.764120770364332902e-01,6.423962688330742132e-01,4.965671754858637654e-01,5.528213774707262385e-01,9.894055566500048471e-01,8.987078902654944690e-01,8.902093108205187955e-01,6.247053268616702404e-01,7.507411521610601879e-01,8.827252655669051151e-01,5.101351754296338248e-01,5.995070510960249788e-01,6.429289122136772061e-01,7.447048782740737227e-01,6.327967298820553754e-01,8.456322430329609174e-01,7.068529831519023698e-01,7.084143330296087671e-01,5.138124148700266014e-01,7.248110486969492339e-01,7.677983825510146243e-01,8.826981548399931432e-02,4.095725123463735962e-01,5.353595380051888730e-01,6.291588814499812221e-01,7.422473629662774686e-01,9.547392051575160909e-01,4.940708582586539332e-01,5.842597364702301066e-01,9.983901834546557996e-01,6.639161192361278108e-01,7.073091798524459017e-01,7.425048506191904707e-01,9.489145235351069685e-01,5.217800697966918921e-01,7.380190741345088457e-01,6.015502803800670817e-01,7.352717894993680003e-01,7.176157142479023809e-01,4.919619130307441024e-01,5.986898308315493633e-01,4.890328475025945143e-01,3.768863786386162928e-01,8.650976011134989818e-01,9.442913593542345829e-01,2.825459461603694877e-01,6.470587647882506399e-01
