0.000000000000000000e+00,7.018357519890983109e-01,8.648395202885519328e-01,6.539856430249154640e-01,8.368909335356229384e-01,9.559793535233921391e-01,9.115428525165203411e-01,8.734426152849812386e-01,5.377154108350681305e-01,5.423472645952348570e-01,7.836904684051980707e-01,8.344254277242661999e-01,7.506761125181308225e-01,8.337292388850057190e-01,9.089947104917883713e-01,9.481764924700115671e-01,6.375901577019140731e-01,8.531102666695514758e-01,9.991560722785644000e-01,9.633805228589065184e-01,9.265226478320471859e-01,7.328327624688871778e-01,6.221057106815273130e-01,8.075684146560954124e-01,-4.989042206744243035e-02,7.133238747504471178e-01,9.047025176868912499e-01,6.312417004204103899e-01,3.753969900138128257e-01,4.980683479502346356e-01,4.200661964737942844e-01,9.271649122635620133e-01,8.843812746684879267e-01,4.305706589627270042e-01,4.475257387486593075e-01,1.572292244500212155e-01,-1.224237245769036891e-01,6.587478811552334168e-01,6.337097691246585951e-01,7.263894064801358352e-01,4.254644315195762472e-01,4.560304557832440264e-01,7.355929353291734696e-01,6.275385952472183337e-01,9.516091928157667246e-01,9.212907123916035390e-01,8.016792622026579496e-01,6.327847309816269084e-01,6.297926803579541044e-01,7.462823948972295840e-01,8.560628904724115751e-01,8.588468893416933980e-01,8.062075002482609332e-01,8.169480450671041671e-01,9.701682430203506513e-01,4.993484865688069263e-01,9.459559805665891385e-01,8.848024772378687564e-01,8.013519441338300409e-01,4.730161943169107763e-01,4.449049680471376944e-01,6.557923009541278825e-01,8.721661153863990990e-01,9.784502197054801842e-01,6.241723950546724797e-01,9.690452165254177519e-01,6.943541155456957048e-01,5.652467779804473125e-01,6.165010489686831852e-01,5.659307516529352711e-01,8.075073878454644971e-01,1.298794499436465300e-01,2.930549917158823403e-01,6.248070581478744057e-01,4.670042405203608804e-01,6.127673363292105435e-01,8.275488124104884990e-01,9.807734471226747797e-01,3.022534858809196034e-01,5.810325193072505418e-02,9.025409618493517305e-01,6.320611863120414453e-01,4.696819900573052098e-01,2.383639457410576257e-01,6.116461726796363907e-01
7.018357519890983109e-01,0.000000000000000000e+00,9.194271674491111268e-01,1.557259625064443820e-01,8.095022598169556716e-01,6.593400284988348847e-01,7.143479210800381951e-01,1.198546515284822506e-01,7.035350377647767717e-01,9.033322785845409042e-01,6.437089895662344574e-01,7.372903798221103200e-01,9.262551010070334545e-01,5.305485692984044377e-01,9.414067791033204902e-01,3.647071374220627327e-01,8.157511697571656617e-01,8.026458292122115035e-01,6.274361595376326539e-01,7.463177739991532222e-01,9.125427584860392738e-01,9.489114436515174722e-01,9.589135938434723005e-01,2.270428749299811255e-01,8.916732295844747025e-01,6.588415164574547012e-01,7.708007563582277566e-01,9.609059240659924006e-01,1.989634960019295573e-01,6.320953354701152049e-01,5.170092852971351904e-01,5.560384211110971364e-01,6.565401098279661785e-01,7.251957046967364429e-01,8.159601036241233007e-01,3.015321988766778150e-01,4.974676004143763763e-01,3.287483152026265953e-01,7.881479002619582452e-01,8.195061402819650009e-01,7.949424428395022169e-01,5.444943738740891659e-01,7.597906091164988718e-01,6.210437848105889724e-01,1.804810502864941379e-01,8.572507463082416068e-01,7.747546436919302559e-01,8.991195625375910661e-01,4.258631088879931692e-01,9.803130465116610681e-01,3.151069019015541595e-01,6.446659394968922152e-01,6.847945201715563979e-01,4.266256854991277159e-01,9.449093676081251614e-01,3.470474328227441951e-01,4.980848665683519361e-01,6.825709461108241394e-01,7.838392973167002120e-01,6.030044511909650184e-01,3.927727444556354253e-01,5.784007753982449707e-01,8.342159571889069536e-01,7.725533069988493873e-01,6.375916273441097903e-01,7.985417096400425629e-01,5.764806271453528641e-01,8.062891581715073697e-01,6.159549540707012216e-01,7.985311280588316407e-01,5.091586970231444242e-01,8.003891291178855116e-01,6.899374700268979810e-01,7.640665896883956920e-01,3.192333107832254768e-01,4.230443636665055518e-01,9.790294668053113325e-01,7.703340191849948893e-01,2.020597859756101955e-01,5.713474625257827233e-01,6.225350909170741520e-01,3.329659906164478267e-01,8.856663902110898379e-01,1.031803328444076961e-01,4.203546044268368087e-01
8.648395202885519328e-01,9.194271674491111268e-01,0.000000000000000000e+00,9.418701296360988406e-01,4.406555873939517753e-01,5.244635155737950027e-01,9.997147246811950438e-01,8.322363846257024855e-01,8.991669719950272643e-01,5.972605780078993343e-01,7.987033260891700515e-01,5.933679380366423395e-01,9.078257986569285842e-01,7.656126669670618723e-01,6.129320102922701796e-01,6.727705258732581406e-01,9.862067189654922794e-01,6.523399592253747992e-01,8.829247898434641195e-01,6.580710224446120193e-01,8.810235574141693782e-01,8.816348909925796340e-01,9.305209926464783621e-01,6.152981699552280137e-01,5.097797920251422310e-01,9.422757882583768785e-01,3.501139346213229531e-01,7.853747798989640927e-01,2.808272136884637851e-03,3.193362990285719683e-01,7.935404075623189168e-01,7.014431157842258013e-01,9.764398833312382120e-01,4.761866872463949574e-01,7.182063536650820090e-01,5.314700779162547795e-01,9.172215846505094375e-03,6.213382707553229967e-01,9.491919117924563221e-01,8.128419079299106231e-01,5.628862334542521495e-01,7.654157687222364892e-01,3.701476101891366666e-01,6.293487357499100154e-01,5.939144523603890891e-01,8.832871137562454678e-01,3.012259220574967644e-01,9.902499372761865981e-01,7.878013776360404119e-01,8.585139176925733473e-01,9.314042221884479833e-01,9.004217744875707696e-01,4.639243463215740881e-01,1.727000959081924913e-01,6.843955096902829549e-01,3.956033980540704098e-01,9.387609360122645130e-01,2.238186078746554064e-01,4.494134178611514652e-01,2.655890733318743147e-01,6.124730369582573886e-01,9.194896482480735544e-01,7.284643677207520707e-01,7.034276244087538377e-01,8.912890300471503213e-01,2.229573902091006310e-01,8.404149947441856838e-01,5.275703917413749888e-01,9.547611538789312347e-01,9.741606964274979186e-01,2.440721713809465010e-01,7.326288796089969191e-01,7.677831570949571471e-01,4.730133772122508407e-01,8.171082243320378913e-01,7.370016072547662667e-01,8.954422675141578969e-01,6.007741771238730433e-01,4.796659726048996264e-01,3.397611827748912017e-01,8.178023471805352385e-01,3.522562487069823556e-01,9.340227678031500780e-01,9.979995450832312986e-01,4.595041465513346468e-01
6.539856430249154640e-01,1.557259625064443820e-01,9.418701296360988406e-01,0.000000000000000000e+00,3.442063643019989128e-01,6.106975346428632490e-01,2.212139544911059241e-01,4.793451489372363428e-01,6.842758375319374364e-01,8.870857624838455191e-01,8.708826101641479189e-01,8.152206700618835900e-01,7.450915467956745752e-01,6.215065447833418855e-01,4.866998144384125924e-01,6.661316311922846900e-01,9.514130696176376079e-01,9.681559976294489278e-01,5.783303739421905565e-01,7.631650846621195194e-01,6.530157524897483023e-01,7.579052971590767296e-01,7.823075633482194924e-01,8.406610088729230545e-01,2.389430700081590087e-01,4.579971562867464763e-01,8.382701957441469620e-01,8.543664674300025519e-01,5.852884532618708446e-01,3.522605990465675907e-01,2.948002452216906821e-01,5.788351121090942186e-01,9.813022589115203420e-01,8.403990927388571563e-01,8.695090493600416970e-01,2.940721805332686678e-01,-1.858729318021898336e-01,7.953388910986809446e-01,8.373206538140229860e-01,8.318095572354590184e-01,3.527746625370113964e-01,9.425752297048738404e-01,8.420041403107800804e-01,6.086344296402078635e-01,8.985025457125082049e-01,9.612660884218624524e-01,7.562664610247394892e-01,8.541526053154565590e-01,6.204631859753728662e-01,6.689561060163665696e-01,7.534193493664131935e-01,8.135771175482949813e-01,7.235907907899593594e-01,4.359559812453409622e-01,4.374367077268345727e-01,2.228850669649030392e-01,6.345592860558046944e-01,7.478774520718752816e-01,7.751020664966550289e-01,7.734818484451732035e-01,7.522557674919457815e-01,7.469511223570066694e-01,7.869174520507101755e-01,7.119967664386183115e-01,5.642677165977194598e-01,3.869124670474695105e-01,6.334228550814694492e-01,8.626828519692328889e-01,8.836861678720739910e-01,3.835307133820732295e-01,8.626878780964095661e-01,9.548635974922401459e-01,6.161857398920568274e-01,4.625629044729933081e-01,7.665399708918878563e-01,8.123818072373945043e-01,6.395572154831841161e-01,6.342605245859138652e-01,7.326596850325799437e-01,4.517118329245132236e-01,3.934687727640966970e-01,6.152757358857080527e-01,5.848979890702772355e-01,4.535642702123888759e-01,9.609559606285176248e-01
8.368909335356229384e-01,8.095022598169556716e-01,4.406555873939517753e-01,3.442063643019989128e-01,0.000000000000000000e+00,5.505044585078608943e-01,6.579490270850347766e-01,3.378266244829348230e-01,6.647600107824758187e-01,3.536805223481372940e-01,7.497847136050748151e-01,5.541668706307439907e-01,8.674592020641693768e-01,7.870439584836405045e-01,3.302782502047911795e-01,9.389987293903916399e-01,9.626448891372348937e-01,6.299183806732937541e-01,6.740668635628134231e-01,7.551435806655656391e-01,8.123591089355537420e-01,2.014421204097097962e-01,7.106308812595655278e-01,7.048851380678272660e-01,6.045095389700410049e-01,4.382447121789114219e-01,6.032207083002820713e-01,4.056136386126572568e-01,6.765417881144053514e-01,7.839722782397108292e-01,5.042698458918498661e-01,8.052812199653786029e-01,9.764002161607668873e-01,7.434231580032190090e-01,5.273732458577995441e-01,-1.928935629340713942e-01,1.078899402273561930e-01,7.124221297178113810e-01,7.225118567183094198e-01,8.994510938847906090e-01,4.627915253171489551e-01,9.019195999874788372e-01,5.046778621812439969e-01,7.344377931427590322e-01,9.309513046239311640e-01,9.115788600921417295e-01,7.927670835462468091e-01,8.611038109357312953e-01,7.134755096252378692e-01,6.897539072526442938e-01,9.967306003033200579e-01,9.188007380485967435e-01,9.633237489074157889e-01,8.805839835164787077e-01,5.594776090739210783e-01,7.823497226021500772e-01,6.035999255047076462e-01,6.143970654009570653e-01,9.621280398353673213e-01,6.308435400959294670e-01,5.298404586834171148e-01,6.859609522488917532e-01,7.482907869857186034e-01,7.130065343710669801e-01,3.865656450524979082e-01,5.380500557723794097e-01,7.165408154047181455e-01,8.178689048643332793e-01,7.532737266331072101e-01,6.812879457774979608e-01,5.640915656693330504e-01,7.438548765816900277e-01,2.058437346589788997e-01,2.777378649738727057e-01,4.697351633360815071e-01,9.505310311639635357e-01,7.072115659476323479e-01,7.856230795562986202e-01,5.574392640867029680e-01,3.993941182895797137e-01,5.050229964847843256e-01,7.304928000642355590e-01,7.031718383809406614e-01,9.343906011274755175e-02,8.946534843465174802e-01
9.559793535233921391e-01,6.593400284988348847e-01,5.244635155737950027e-01,6.106975346428632490e-01,5.505044585078608943e-01,0.000000000000000000e+00,5.530897384627534441e-01,1.273022424866474545e-01,8.381650428377078743e-01,7.883901103090518170e-01,4.959374746253734645e-01,9.186519780864226270e-01,6.878333384573983578e-01,8.207105116716268967e-01,4.531098719095270205e-02,6.818809909564967908e-01,9.423836533675887805e-01,4.286242373708117892e-01,5.425998889783677503e-01,8.305237633906104033e-01,5.185151103565425190e-01,4.175566758730364647e-01,6.346373668193447948e-01,8.363383960936806583e-01,6.573532212643217187e-01,8.582144307558282614e-01,5.403320818638918110e-01,8.851121321821414645e-01,7.451261348769726567e-01,2.751868019534924326e-01,3.529893512345919637e-01,3.942691782463056960e-01,9.177303040134279222e-01,7.434839557304334656e-01,5.158957250554032647e-01,4.458260716669515955e-01,2.726595066692585889e-01,3.538650822781776867e-02,1.235720160245861871e-01,9.912602904508442947e-01,8.969683569346639240e-01,6.521495057806930840e-01,7.762869987982560227e-01,6.481039748521530974e-01,8.818416020289118196e-01,6.519905683021177678e-01,6.244061926394559592e-01,2.946378118677659974e-01,5.494278322730288266e-01,9.418614016364490471e-01,7.198081404315613829e-01,5.740643925846999895e-01,3.471355442844910044e-01,8.664432007403964908e-01,8.880250290751686704e-01,8.238776156240354975e-01,9.754186318110387166e-01,7.757977779136198127e-01,6.427279274531503273e-01,5.963157530533185202e-01,7.898308589403857383e-01,7.952593241094070287e-01,7.409677267232739339e-01,1.252652606002688795e-01,9.834925373957484895e-01,5.591569588153053605e-01,6.524603586433885827e-01,8.330022381883701588e-01,4.269652947827360934e-01,7.872666997005721701e-01,6.646309768675029428e-01,8.360524841329162182e-01,5.759776290318007197e-01,3.200854886937328780e-01,7.200545974624037449e-01,8.050319414238200633e-01,2.031371896960229850e-01,6.032178744762670686e-01,4.540395101919806886e-01,6.323044581353707283e-01,4.011149160940395975e-01,8.952241482446613441e-01,5.758879549812266907e-01,4.183471045791755660e-01,4.450684807278478261e-01
9.115428525165203411e-01,7.143479210800381951e-01,9.997147246811950438e-01,2.212139544911059241e-01,6.579490270850347766e-01,5.530897384627534441e-01,0.000000000000000000e+00,5.702061598490245631e-01,5.077262099349202362e-01,5.016324073736899702e-01,5.420298050302461146e-01,2.262491324838640794e-01,6.340545207893172330e-01,5.125654563690351662e-01,6.547997325392705958e-01,4.955792336706861811e-01,8.878892229582009410e-01,2.184598623059790246e-01,7.649248451443315666e-01,6.944967991244695993e-01,8.078187434238867093e-01,5.635442705344583247e-01,6.907554285992133503e-01,7.784033075301567406e-01,5.629618665666940025e-01,2.770628754931003246e-01,2.945223298526071787e-01,7.292992600265413294e-01,9.048107370461214716e-01,3.310901619600763457e-01,7.280012338548449424e-01,2.434324698166991097e-01,2.103167280455901234e-01,5.399385666672354978e-01,4.530446812033482873e-01,9.159604328839675569e-01,4.968531279694133884e-01,6.585370634170997217e-01,4.526307697839708211e-01,5.881133098992903374e-01,8.444390412140885260e-01,6.593063088599405708e-01,7.281682635418409433e-01,7.573772305939707739e-01,8.001429597141563876e-01,3.009779498593292413e-01,7.347914680503475626e-01,7.597982550411247482e-01,7.911972777337364926e-01,7.525119160375817184e-01,5.697986987501570955e-01,4.506710042623909285e-01,2.664049443158977293e-01,5.224211700590712937e-01,6.332664228308372278e-01,6.771260130330812865e-01,7.268777654099055352e-02,5.212969658558881392e-01,5.635189056976575017e-01,3.386066035233121774e-01,3.507055099835161283e-01,5.276395851396171732e-01,7.555858345260069164e-01,9.382458089319745120e-01,9.816829017266355262e-01,2.942726233738677255e-01,1.145331157368646990e-01,9.301904757257067891e-01,5.810302414507734214e-01,7.181173668053278947e-01,4.702116471838811429e-01,7.564571056616338218e-01,4.321165342569768808e-01,6.093632655778163931e-01,3.914377626493982243e-01,6.341857127876268097e-01,7.651666671242022266e-01,4.453870408364252742e-01,6.327491730727856645e-01,3.292745922823610560e-01,7.090020368057324829e-01,6.967076513741523591e-01,4.304186140344154476e-01,7.122562036261459451e-01,1.274454823492485733e-01
8.734426152849812386e-01,1.198546515284822506e-01,8.322363846257024855e-01,4.793451489372363428e-01,3.378266244829348230e-01,1.273022424866474545e-01,5.702061598490245631e-01,0.000000000000000000e+00,7.271385989778624825e-01,7.599121032202014181e-01,7.339204105876984130e-01,6.351462416622120077e-01,7.172533658502038278e-01,5.685779389165342979e-01,9.631267112480882409e-01,4.308651999216472905e-01,4.738927192209037020e-01,-3.437702691235888786e-02,3.497661105735450082e-01,8.733573926791917685e-01,2.239403834351669509e-01,7.198739003862159036e-01,5.208346846155911258e-01,8.288989923654793701e-01,6.263975836255174512e-01,8.380838370688578065e-01,6.506298921990141260e-01,4.859119190645154185e-01,7.308445631849318502e-01,4.084023817579835458e-01,2.861428285241802150e-01,9.786628549861384752e-01,9.233961477460135292e-01,4.724410262994349630e-01,7.192849811931355530e-01,5.784148294873173168e-02,5.248707139746973116e-01,7.541309337144663782e-01,6.070819869613444109e-01,6.454524641945238450e-01,4.545063589110944768e-01,6.078369510569316958e-01,6.053860337568084393e-01,3.752907851332820122e-01,9.245624719243195067e-01,6.028891779316587485e-01,5.638109169446942071e-01,4.473485077728870385e-01,6.729868720749506705e-01,6.159476214088132062e-01,4.018588119731583141e-01,6.280694759803008287e-01,5.521070803817611505e-01,8.075789671204594011e-01,9.786140193673249499e-01,6.695649239184959800e-01,7.627373031955053673e-01,7.520565499955994548e-01,7.953404603277280938e-01,6.939792880158508481e-01,6.261510669520938821e-01,1.822760430566393863e-01,3.288169283389761333e-01,9.181716412379070658e-01,6.777994255085532105e-01,6.071269011597950627e-01,5.249989261590597422e-01,5.940173790134700704e-01,5.680972433727426996e-01,7.397307182713651619e-01,7.740018265826886790e-01,5.197713970279436158e-01,4.732399367855320005e-01,7.616165833532617668e-01,7.262233419129294765e-01,6.781776938180643644e-01,5.145991706591526160e-01,4.851998997028212357e-01,4.491179349568226731e-01,2.181864682852818482e-01,7.489866396811738491e-01,6.143101714181000705e-01,7.565304194506286550e-02,7.492531634917541927e-01,3.649419683711812024e-01
5.377154108350681305e-01,7.035350377647767717e-01,8.991669719950272643e-01,6.842758375319374364e-01,6.647600107824758187e-01,8.381650428377078743e-01,5.077262099349202362e-01,7.271385989778624825e-01,0.000000000000000000e+00,7.270503228335483126e-01,6.476936375854408512e-01,7.457236977099896968e-01,8.318356983903509860e-01,8.457653751552591803e-01,5.820752690203809809e-01,6.419672960086253433e-01,9.448845485663999177e-01,6.433645115322768060e-01,7.808324609938948058e-01,8.658611327512868439e-01,8.865244693207929849e-01,6.450924014921379790e-01,6.780066509679950615e-01,6.938180583117006250e-01,5.997885033092906770e-01,6.007968998402956062e-01,9.673825928482553405e-01,7.395198000979917863e-01,5.878409011054406275e-01,6.689685046364597376e-01,5.279443920974143944e-01,7.087614799915270547e-01,6.897933375349643015e-01,-8.320573795825760011e-02,5.084764206058463021e-01,1.957440423018099451e-01,1.590980577764661008e-01,9.712566899606529525e-01,9.320204244247577430e-01,9.293954753111373090e-01,2.262372186301220001e-01,3.012398986683902380e-01,8.314904420772191163e-01,8.268094236111354078e-01,8.625497208497955315e-01,7.163928292834184086e-01,5.446896838184537293e-01,8.227504014416234801e-01,7.490214221977603559e-01,5.233494778993932339e-01,1.627064099732548064e-01,2.756365443824045913e-01,6.080700664036237102e-01,4.353970267936426164e-01,8.728365695028188487e-01,9.225324111272511507e-01,5.632812316139730324e-01,9.419584947225403404e-01,7.391507803108601227e-01,6.011974138596087869e-01,1.510344909522371715e-01,8.996569221999205501e-01,8.526834238855947046e-01,9.376113973221581466e-01,6.151156876584144007e-01,8.544189377066345736e-01,1.858528875194453700e-01,4.089727239088171151e-01,2.516880253940850798e-01,5.564868570036769491e-01,2.880918982039128995e-01,7.676008652469287208e-01,6.825830382872405400e-01,5.141794678370903426e-01,5.143097161090256497e-01,8.224594142748652137e-02,8.874569863440687767e-01,6.998808560063036754e-01,6.074866518306106800e-01,3.546993741077794082e-01,4.477852329336982629e-01,6.552860453385600525e-01,6.896916443453714463e-01,6.792675855638530269e-01,7.047277531959978969e-01
5.423472645952348570e-01,9.033322785845409042e-01,5.972605780078993343e-01,8.870857624838455191e-01,3.536805223481372940e-01,7.883901103090518170e-01,5.016324073736899702e-01,7.599121032202014181e-01,7.270503228335483126e-01,0.000000000000000000e+00,5.074959130476395242e-01,5.064377226277539945e-01,7.652324508194934261e-01,9.451903360795091968e-01,1.664163202841557054e-01,7.657870284671640659e-01,5.210549176423149298e-01,8.289298669610856152e-01,4.692490406808407233e-01,9.844574137254219481e-01,8.584330915822964425e-02,6.228799030901701617e-01,9.792750102997832551e-01,6.971085678082949988e-01,4.035604260492541284e-01,7.975853067140732389e-01,7.273348206367943325e-01,7.109832974045334764e-01,6.407455599293698789e-01,3.600244932518292806e-01,2.244992214088876170e-01,3.827303180974701569e-01,9.231185400997773405e-01,5.028969404956823430e-01,7.394039923722748320e-01,5.839937321587429508e-01,5.339387026423894067e-01,9.241821905071436749e-01,8.471672335094981854e-01,6.825983869377767466e-01,5.370691723466107792e-01,8.407127776139683428e-01,6.775608932958163688e-01,9.308348387035078053e-01,9.346847308346579730e-01,4.085300910811317521e-01,6.421405550811476459e-01,5.391704832621283527e-01,7.284987560574738286e-01,6.106498594784899314e-01,7.448177242190969771e-01,3.075063674935700764e-01,5.629291225991592817e-01,7.052807010342242444e-01,2.006772029058154216e-01,7.905631030510432700e-01,7.214036194416570957e-01,7.851745057570057584e-01,6.571894673064344605e-01,4.075568326192887114e-01,7.182051135206856118e-01,7.574191420079982029e-01,3.972127134300676987e-01,5.732506364400137278e-01,8.632760763025264517e-01,9.138230261426909529e-01,6.815539499638074705e-01,9.765033285359427939e-01,4.066931694917337303e-01,9.742334387034445875e-01,8.882602796762997244e-01,7.258801435178392492e-01,4.851468849621286550e-01,2.027806034639073052e-01,8.255873332069789683e-01,9.000885782324439255e-01,7.083260854015063224e-01,7.186738444475408993e-01,4.866048450371383560e-01,1.838030044229463922e-01,9.542499412317644314e-01,7.913913607254832172e-01,9.629997812141529723e-01,5.428354987650733099e-01,7.888898447026633232e-01
7.836904684051980707e-01,6.437089895662344574e-01,7.987033260891700515e-01,8.708826101641479189e-01,7.497847136050748151e-01,4.959374746253734645e-01,5.420298050302461146e-01,7.339204105876984130e-01,6.476936375854408512e-01,5.074959130476395242e-01,0.000000000000000000e+00,2.436243327189252517e-01,6.828162118596178276e-01,4.518290161015927620e-01,6.868553773583067068e-01,7.207900701304644775e-01,6.155386651922365449e-01,7.165447693812727614e-01,6.144358213659512069e-01,5.432533364072456017e-01,4.089197923782356137e-01,6.550483973340830435e-01,4.223763659702128859e-01,6.154256843376666453e-01,3.572542059272574289e-01,7.522652439111919831e-01,9.088251643392918355e-01,6.965615099879254313e-01,5.121924864086437879e-01,7.351272122901593153e-01,6.643566685763115931e-01,6.777851912264700740e-01,8.063094482663335505e-01,8.959534939743981630e-01,7.940468795636267396e-01,2.156366964661666219e-01,4.617093888883200825e-01,5.845589979953845772e-01,9.477278611365814731e-01,7.205979877671810918e-01,3.681694407998918339e-01,5.324630154618970046e-01,3.574572068708266048e-01,6.798086354827962419e-01,9.449307299993764397e-01,6.445760720065872862e-01,6.712007240017071608e-01,7.988578136369890448e-01,8.558399636047964165e-01,4.334413339773216522e-01,7.907004529070181809e-01,7.800063093726811170e-01,8.339843646800265686e-01,8.705545425005858373e-01,9.788956038713213514e-01,9.328101699277904224e-01,6.202793919896379959e-01,6.895638592912437526e-01,9.785208909299393243e-01,6.287039879087940042e-01,4.779826520532886036e-01,-4.307767425232669756e-02,5.804278717106957641e-01,3.211585655594276223e-01,9.391044012443279243e-01,6.870908584574159095e-01,4.653209340059601407e-01,7.105817512422708537e-01,7.890798140732764310e-01,6.788154824104102314e-01,9.205410403610480019e-01,3.147804826616967255e-01,6.773005957190652015e-01,4.135608907623772312e-01,7.605656224580320535e-01,8.189001024096920212e-01,9.232315363606465874e-01,7.618976068889788955e-01,4.113296610843708567e-02,5.046482924167290385e-01,6.800284690425406620e-01,6.351005456832495843e-01,4.156242866127206614e-01,9.546336725024326952e-01,7.194600375855293439e-01
8.344254277242661999e-01,7.372903798221103200e-01,5.933679380366423395e-01,8.152206700618835900e-01,5.541668706307439907e-01,9.186519780864226270e-01,2.262491324838640794e-01,6.351462416622120077e-01,7.457236977099896968e-01,5.064377226277539945e-01,2.436243327189252517e-01,0.000000000000000000e+00,6.785301608359473047e-01,5.522289893778573600e-01,4.178837516086641446e-01,9.266177864912346074e-01,8.697806084503553192e-01,7.478437268740881771e-01,7.791569772300157570e-01,6.017094508611703363e-01,8.732901891480324696e-01,8.092679728554474927e-01,9.120244472091876275e-01,8.524754490590611411e-01,6.181757207779698948e-01,8.584138809975230267e-01,9.081411861424549814e-01,8.034093361576725156e-01,4.417880773379509463e-01,2.371155060426782257e-01,7.014509958344301577e-01,9.491060990735934455e-01,6.077141071622792490e-01,7.050737728600245946e-01,6.980428617947691539e-01,7.192089820715481807e-02,7.515927193532763451e-02,4.528333794758883646e-01,7.488443125905462905e-01,6.679667543832640275e-01,9.243078517739791167e-01,7.027370024072917554e-01,5.287744411959985902e-01,3.987012424996644877e-01,8.313341064437753669e-01,6.559078795737689482e-01,6.871749050679059057e-01,7.813946574056622740e-01,8.723338269289053759e-01,5.394070679442464211e-01,5.612756938568508325e-01,6.226853953398248098e-01,9.771160020436101545e-01,6.731106248473067710e-01,9.958463859247468353e-01,9.224322258991580759e-01,7.007317731892905854e-01,2.007848429625164743e-01,9.618525797981356540e-01,7.051815698531721521e-01,7.869669106149405069e-01,5.742903601749269615e-01,7.128089840941121968e-01,6.259706107277014375e-01,6.755685133966780054e-01,5.212214341856702404e-01,9.782300047578120772e-01,7.794905252578745447e-01,-6.629243835972917220e-02,7.732233629716804835e-01,9.187311759159758617e-01,4.745123273603122360e-01,5.804189362128393537e-01,4.932004182579891038e-01,6.359050355373523367e-01,8.043725635667643425e-01,8.848701223579641395e-01,6.628861023295882227e-01,7.007191763096398684e-01,7.862421293534911371e-01,7.444241057061875555e-01,8.758908924592734291e-01,9.234035666677765652e-01,6.799471686236874257e-01,7.874102932129030119e-01
7.506761125181308225e-01,9.262551010070334545e-01,9.078257986569285842e-01,7.450915467956745752e-01,8.674592020641693768e-01,6.878333384573983578e-01,6.340545207893172330e-01,7.172533658502038278e-01,8.318356983903509860e-01,7.652324508194934261e-01,6.828162118596178276e-01,6.785301608359473047e-01,0.000000000000000000e+00,9.827806505494192102e-01,4.901591007724459548e-01,9.820280474697301587e-01,4.318107899145691708e-01,4.202871705597321927e-01,8.791544654173197859e-01,8.869749964019847388e-01,9.829039978077658279e-01,7.223636887223476855e-01,6.626742151644763323e-01,7.402765911526816289e-01,5.651366365400494196e-01,1.372641606571807331e-02,8.719079148597601581e-01,9.292061673259682797e-01,7.610749832653096458e-01,2.855317172209586030e-01,2.989161738796610179e-01,7.546351646902735855e-01,9.059498534623937616e-01,9.294662830443497503e-01,8.777462345732431892e-01,7.839824829438030163e-01,3.816218600193687083e-01,8.829349436732809586e-01,6.522986635179600645e-01,3.765389972905279214e-01,3.640454563555595158e-01,6.104199434487189713e-01,9.692724064427774566e-01,6.892568710551026934e-01,8.652931208275648212e-01,8.993605402138786786e-01,7.833269728916946173e-01,6.001209251831089997e-01,8.614701222542482384e-01,6.383619179911912411e-01,8.433883860664095344e-01,7.944741950402079977e-01,4.238386929198327824e-01,7.372952987268911462e-01,8.192501302306806066e-01,9.655364435461470940e-01,3.321595835198123403e-01,8.772629239692016911e-01,4.408211524641678647e-01,4.264202942493386383e-01,2.358102575021609193e-01,6.432788027454795499e-01,8.337123181688860241e-01,7.372665311063515414e-01,9.534923490381964628e-01,4.125400008534131913e-01,8.988126500761647319e-01,5.824283007959019098e-01,6.178020078740521503e-01,5.177738514060169495e-01,9.172444735343285860e-01,8.678767028733156419e-01,7.938491155737836813e-01,5.653843062299737099e-01,7.658689397026589019e-01,6.746758210967621627e-01,6.523284168853406007e-01,8.811154103511305014e-01,7.085230807388200880e-01,2.526401029549540933e-01,4.958172104402137070e-01,9.577527672271408665e-01,7.603390858165413047e-01,3.604157873779313959e-01,6.735230691631353128e-01
8.337292388850057190e-01,5.305485692984044377e-01,7.656126669670618723e-01,6.215065447833418855e-01,7.870439584836405045e-01,8.207105116716268967e-01,5.125654563690351662e-01,5.685779389165342979e-01,8.457653751552591803e-01,9.451903360795091968e-01,4.518290161015927620e-01,5.522289893778573600e-01,9.827806505494192102e-01,0.000000000000000000e+00,7.082190100224931006e-01,9.469732437595974606e-01,7.049859413541456066e-01,6.495688727426053299e-01,5.238824127746655179e-01,6.540166800238964573e-01,9.815339353504626274e-01,7.966502838348498150e-01,7.245955175027688488e-01,7.983381949857826232e-01,4.081051963440105457e-01,9.981131167567749429e-01,5.721776233167492620e-01,5.633607576748103085e-01,6.201429405346923218e-01,9.494047509791104789e-01,2.915901731224955218e-01,9.497752477892070777e-01,8.995064112958335301e-01,7.473117921603819047e-01,7.099238744353872921e-01,5.113276219368497744e-01,4.377907412131235576e-01,8.375781868423196608e-01,9.987867420664613416e-01,7.227551672551166817e-01,5.498225060822945487e-01,9.931127880751615677e-01,6.561923170800996186e-01,9.844775044991864732e-01,6.342187179275108333e-01,9.767850087585454588e-01,9.337586419616420441e-01,5.756920183053391149e-01,3.144380973086430275e-01,8.369555237617558596e-01,6.305240221702466119e-01,9.832964780091253409e-01,5.215010817494294404e-01,7.501491919077980519e-01,8.394936905024457108e-01,6.856804656669516218e-01,4.943133000429750790e-01,6.711542943674340123e-01,8.307977486615900631e-01,2.910344093216443162e-01,2.060292358794215961e-01,6.781767013390566090e-01,7.552662868467148183e-01,6.381481276111946599e-01,8.003588967481175542e-01,9.274089917562385876e-01,9.257815886843822062e-01,4.019864231643447416e-01,3.210761431234530061e-01,9.936066193261465784e-01,5.771296172238014055e-01,8.277381729243971087e-01,2.571370293714114741e-01,6.799883919220717221e-01,6.545633249965931988e-01,4.778012154287359925e-01,8.379822922723345613e-01,9.861224759429061404e-01,-1.258722113384528052e-01,3.473414305098587729e-01,8.760527164714396742e-01,8.628215592823194058e-01,6.165287203954615824e-01,7.913311449399117459e-01,9.359395795710299115e-01
9.089947104917883713e-01,9.414067791033204902e-01,6.129320102922701796e-01,4.866998144384125924e-01,3.302782502047911795e-01,4.531098719095270205e-02,6.547997325392705958e-01,9.631267112480882409e-01,5.820752690203809809e-01,1.664163202841557054e-01,6.868553773583067068e-01,4.178837516086641446e-01,4.901591007724459548e-01,7.082190100224931006e-01,0.000000000000000000e+00,7.330918264520391858e-01,8.682119246786296207e-01,5.737512913155868866e-01,6.620418964749834601e-01,9.810970912076280026e-01,3.819620828647067867e-01,9.140895041474899063e-01,4.719875328145552440e-01,8.936953285643322031e-01,7.288080193892559899e-01,2.910007994294675493e-01,8.887778417155091093e-01,7.306817715403075564e-01,7.154884457700861899e-01,3.315238672050697666e-01,4.773376320234037906e-02,6.972126781994277822e-01,7.824194380006931349e-01,7.746476585080951383e-01,7.608249097000351346e-01,6.500398640249127613e-01,1.577179458103278309e-01,7.224383167750023649e-01,9.656685341920523413e-01,9.433923550097018662e-01,5.616879166184240990e-01,7.792274881154760413e-01,9.428072890493313096e-01,5.803437093325655161e-01,9.245151159739145585e-01,5.708334945081170453e-01,4.574988093093925179e-01,3.282683639200671410e-01,9.101662125359800681e-01,9.746203107408274446e-01,7.157518337465209601e-01,9.290220854441397780e-01,9.121977144252431113e-01,9.085068329053650471e-01,3.734771771002367569e-01,6.543005389605726085e-01,9.693277303761950181e-01,9.287819691029824964e-01,9.977965116627134368e-01,7.562193136301124108e-01,7.678096250117379951e-01,6.460675599655534285e-01,6.176083869726893827e-01,8.127468622397432396e-01,8.439922268252366688e-01,9.881457105724962275e-01,5.171750744149586909e-01,5.708369809204469902e-01,9.264982343548837651e-01,7.494913561133407232e-01,4.309424328998496811e-01,7.185087273874238845e-01,9.073476947525235259e-01,3.868991824303126270e-01,6.129651560856886894e-01,3.507061660361865951e-01,9.600042982174978867e-01,4.120268154678503603e-01,3.478056689230159537e-01,5.775819628549982987e-01,7.288857956674822391e-01,9.972282817220894380e-01,7.242901676158529645e-01,6.906678277476548944e-01,7.380362230839389026e-01
9.481764924700115671e-01,3.647071374220627327e-01,6.727705258732581406e-01,6.661316311922846900e-01,9.389987293903916399e-01,6.818809909564967908e-01,4.955792336706861811e-01,4.308651999216472905e-01,6.419672960086253433e-01,7.657870284671640659e-01,7.207900701304644775e-01,9.266177864912346074e-01,9.820280474697301587e-01,9.469732437595974606e-01,7.330918264520391858e-01,0.000000000000000000e+00,7.900807666209105351e-01,9.177835799149569596e-01,1.305862534758170657e-01,5.639589416044767933e-01,9.988501160313798533e-01,7.351524393893558162e-01,4.767296686318938104e-01,3.805962785681984983e-01,9.614543454507492592e-01,8.259315427573680202e-01,9.287455149854231262e-01,9.637157778505580641e-01,5.987336461880717886e-01,1.034990213554551480e-01,4.420920884248581983e-01,6.600776996300792288e-01,7.616396741739708265e-01,6.570610751525439719e-01,6.541984712286432746e-01,3.664288889394036186e-01,3.157531264766803569e-01,8.375134094328984258e-01,6.720562463392873997e-01,7.837222335812276119e-01,7.029778193601906588e-01,2.616464992861164962e-01,7.153503509289687035e-01,7.532219892157994146e-01,9.031474923928526355e-01,8.856148829293263303e-01,9.907749754818544474e-01,3.725222544219325416e-01,7.758784252237453938e-01,9.540129671944218570e-01,5.925522353745070747e-01,6.248244138160753414e-01,6.503142371641946751e-01,2.945812146919035701e-01,5.144405556545591507e-01,7.699205064248999530e-01,5.243946272104020867e-01,1.263033789499452830e-01,9.269190070954670402e-01,3.470724960057221531e-01,3.857183389273872720e-01,9.529278688598377123e-01,-8.659226743684134142e-03,9.055446694778896966e-01,8.984514394062563802e-01,6.983299318366796848e-01,5.036263837950347710e-01,9.551870381434712787e-01,4.002410422686211722e-01,5.333401669253090560e-01,9.396040665303053707e-01,6.556795408781194157e-01,6.933511869957993401e-01,5.001445178734907904e-01,2.980663873106077499e-01,7.852072469087532092e-01,8.200395278938018562e-01,2.451142846190071667e-01,4.091566199173872209e-01,2.869612445435743564e-01,6.261352595979257085e-01,4.838718224883193364e-01,4.065609568760128467e-01,5.392460092603381661e-01,9.559819041274737472e-01
6.375901577019140731e-01,8.157511697571656617e-01,9.862067189654922794e-01,9.514130696176376079e-01,9.626448891372348937e-01,9.423836533675887805e-01,8.878892229582009410e-01,4.738927192209037020e-01,9.448845485663999177e-01,5.210549176423149298e-01,6.155386651922365449e-01,8.697806084503553192e-01,4.318107899145691708e-01,7.049859413541456066e-01,8.682119246786296207e-01,7.900807666209105351e-01,0.000000000000000000e+00,9.466312849623743642e-01,8.555066493749605705e-01,6.255410227780346943e-01,9.456517002312794240e-01,2.501607775118512289e-01,8.210341078402929593e-01,8.916843794733916306e-01,6.651466882467086394e-01,2.953394791535697284e-01,9.747033634148964953e-01,8.914634051565117900e-01,1.647499572435907889e-01,2.063534056234805625e-01,7.546108112571416893e-01,9.135699658449134564e-01,9.124863277334236411e-01,2.407910006695201388e-01,8.136678118897691103e-01,-4.630973104011934516e-02,4.069493653841232406e-01,8.165690655164292711e-01,5.920292285752976058e-01,9.520498206864468349e-01,2.785046436891314148e-01,4.239164258196753687e-01,3.977474607633769699e-01,7.874314724132890353e-01,6.229182509973321125e-01,8.358092808838142318e-01,9.284765375970167600e-01,8.405747607695825963e-01,4.517549710986603073e-01,4.505221675386811842e-01,8.676248186859660816e-01,5.136899638552626657e-01,5.829743433556390242e-01,8.783949208901373762e-01,7.202286517159849355e-01,8.318965104969380242e-01,8.374284484780636362e-01,9.153578275372973305e-01,7.782931614382764263e-01,7.628875336189411271e-01,4.305444883506817644e-01,8.716367244015876814e-01,3.988915902133344238e-01,9.690370841295280480e-01,6.387915052349816269e-01,9.386276955519284870e-01,9.847277866166734839e-01,8.191242020957083536e-01,4.713656284253310291e-01,5.998052062417955632e-01,7.355516554826617703e-01,1.016114529273208639e-01,9.628911498434418181e-01,7.159616181142155478e-01,9.328878785414076447e-01,8.532625154417327051e-01,5.034034778327260984e-01,3.351003197555575408e-01,2.125370862262253024e-01,1.565703791033528081e-01,8.899390685101637999e-01,9.377190446879294372e-01,6.054194834169833728e-01,6.418966844099001090e-01,5.225650598864163277e-01
8.531102666695514758e-01,8.026458292122115035e-01,6.523399592253747992e-01,9.681559976294489278e-01,6.299183806732937541e-01,4.286242373708117892e-01,2.184598623059790246e-01,-3.437702691235888786e-02,6.433645115322768060e-01,8.289298669610856152e-01,7.165447693812727614e-01,7.478437268740881771e-01,4.202871705597321927e-01,6.495688727426053299e-01,5.737512913155868866e-01,9.177835799149569596e-01,9.466312849623743642e-01,0.000000000000000000e+00,4.589554783888852851e-01,9.894862404771835873e-01,8.451923994096361969e-01,6.955592994020326492e-01,3.885661975400614976e-01,4.813124462923441538e-01,7.741742041682595499e-01,2.226560762273338545e-01,7.168383856841099577e-01,8.362381303463748417e-01,4.011119810746256453e-01,5.009557159947597427e-01,1.054652082405277413e-01,6.260060146313116691e-01,6.851638013063289234e-01,5.134143528741795803e-01,7.464719155858682287e-01,7.836862005819561494e-01,-4.952079314854265779e-02,6.111254620986671382e-01,8.741108779821153973e-01,3.586819901308872516e-01,3.306548325846933034e-01,8.051965427352788529e-01,7.742823550810278288e-01,8.212253034448483424e-01,7.352217383838315357e-01,9.112705937800108513e-01,7.362463058469579380e-01,5.515789775995638688e-01,2.135678928576795199e-01,7.543318621640080490e-01,1.807672481065278614e-01,7.204242125432583910e-01,6.488848283921445637e-01,5.386560905280870504e-01,8.921648909072179556e-01,9.070506429308679008e-01,6.721193709401692695e-01,6.402961662103026086e-01,9.240551193377872785e-01,7.951131775223613252e-01,3.404449434817008457e-01,2.410098100313091130e-01,6.390722624440153821e-01,8.327841780487065249e-01,8.444478825873873440e-01,7.084212186707409264e-01,7.909592586821455606e-01,7.365714407496990468e-01,4.115051861119751742e-01,7.519766147751477670e-01,8.821826573893158940e-01,5.047192687025197078e-01,3.555300542389253637e-01,3.129958980840887861e-01,3.952540274711551782e-01,2.256373268097119633e-01,4.889553947999722983e-01,9.655489958882332857e-01,4.272081221947224838e-01,7.968711679243640766e-01,3.331844623029889263e-02,6.676002215991869715e-01,9.238124144440725827e-01,4.518340920294828256e-01,7.392435800767662712e-01
