0.000000000000000000e+00,9.227205259358761680e-01,8.286439635133524551e-01,9.994274211952923759e-01,9.790522669149706037e-01,6.385320672635778072e-01,5.587139099651747820e-01,6.573562862427413389e-01,9.067138494007361826e-01,6.277177599483180215e-01,5.691733403793619583e-01,8.779471139658363565e-01,9.663021421289041957e-01,6.778818248518825307e-01,8.015731059674736647e-01,9.044498378156193841e-01,7.772950120757118331e-01,8.661254980048200824e-01,5.064870545120205847e-01,6.319873018905882711e-01,8.633150166293283023e-01,6.882937738870380517e-01,8.766938558234311785e-01,6.193703995302726195e-01,8.084570563040965885e-01,9.415277651757016919e-01,9.918864840689055606e-01,9.188416910133143656e-01,4.131163923679960215e-01,4.901549640608341418e-01,2.809254880832067203e-01,9.522401500337307478e-01,8.624434900525008718e-01,2.024073107503664704e-01,6.774893400485726414e-01,4.268976657941654651e-02,4.655158367124697660e-01,8.676425027409619961e-01,6.993530814820426711e-01,6.793687237550612990e-01,4.772125687358458324e-01,6.591799495570161982e-01,8.727042360158326906e-01,7.026410171629290380e-01,9.914798352385718605e-01,7.976410681179180173e-01,4.146338800870467689e-01,7.279276432660396479e-01,7.620014422062483250e-01,7.245130330523020801e-01,6.950893898130517945e-01,6.741693069486254242e-01,9.857724270518746224e-01,9.617484340334592208e-01,8.081831500657771228e-01,8.679805579620171185e-01,9.061932197103940156e-01,7.234078625698658893e-01,9.139096465428393490e-01,3.557420343952836239e-01,7.478465346030861438e-01,6.434031130736500570e-01,9.206938568790131727e-01,7.265186872358639913e-01,9.861116627545414293e-01,9.902763101798253143e-01,8.672998769854067813e-01,9.957420181251692703e-01,3.309254469141125199e-01,8.627920133045525741e-01,4.805977312005686453e-01,4.711309809699112949e-01,3.738258475661345726e-01,5.855964834282511022e-01,8.525305354616318221e-01,5.430810172244013856e-01,9.300281190740794512e-01,8.086328156460218519e-01,5.351494429193767166e-01,3.926830920317282425e-01,7.061584754212980597e-01,9.160787846249898170e-01,8.991392650065356262e-01,8.382468455994724899e-01,6.274615133588837823e-01
9.227205259358761680e-01,0.000000000000000000e+00,9.540959971434123110e-01,8.109707345845524884e-01,5.290640580857339792e-01,6.810305302010211115e-01,5.291725799199172853e-01,8.845013411759841127e-01,9.456073080696391076e-01,6.029215814873675194e-01,7.301817244872600421e-01,6.687340819327970420e-01,6.684718684731589811e-01,5.426287256221576927e-01,8.842006822884262984e-01,7.223037163063560362e-01,8.527230981648389330e-01,9.566183979903483126e-01,9.067103257877806577e-01,8.144934068694346108e-01,7.484381312804335717e-01,5.174776133100104092e-01,9.702573853493887679e-01,9.209232970509810823e-01,2.136467383518612650e-01,9.374639328957777851e-01,9.357175989959298779e-01,9.498207397466618129e-01,4.566255665485244308e-01,7.076824201603054698e-01,3.613917806964306312e-01,5.786267052251469201e-01,4.546972993254133621e-01,7.579968678924358105e-01,5.309610256553667362e-01,7.279281661198923059e-01,3.201615486567562785e-01,8.991053609234130883e-01,6.524467545604657470e-01,8.725581748281590055e-01,4.494733981851900539e-01,9.957168457677567641e-01,2.474289650983798050e-01,9.692876084667780834e-01,8.600002734172523811e-01,9.137672272822967567e-01,7.733523427982105236e-01,7.147327964335159489e-01,8.461730432768765908e-01,8.769238201035034486e-01,8.446956138484418286e-01,9.912391967188571851e-01,7.381206155124218071e-01,2.166670322505109547e-01,8.748000648015049618e-01,5.973728149813386512e-01,7.191773235681425680e-01,2.940424574300662397e-01,8.572259505124745216e-01,7.186150202070246129e-01,4.197003935600425173e-01,6.413579042062416136e-01,5.037219071870501219e-01,2.760173362381418416e-01,9.064138289845348195e-01,5.417958037783017211e-01,7.156706243020530822e-01,8.752086582424549732e-01,5.519319143458951693e-01,7.850435574988738896e-01,8.257835113803579929e-01,7.854662105644418801e-01,1.109353791300363712e-01,4.377870382829447959e-01,7.435065109703258290e-01,5.101437299181217355e-01,7.003613106725801174e-01,4.301061689165514568e-01,2.066567243865368164e-01,5.621156237115247922e-01,2.573208903372316558e-01,7.560265382837960679e-01,5.549227192425185695e-01,7.818080511962620660e-01,8.079876521366480269e-01
8.286439635133524551e-01,9.540959971434123110e-01,0.000000000000000000e+00,7.038226219042512666e-01,4.281407757642333167e-01,3.817594616815878431e-03,7.942013408610812952e-01,5.022826659686611128e-01,8.830395254191995003e-01,6.579778684384759435e-01,8.314934349693412496e-01,8.997031886968012149e-01,5.780738818144830482e-01,8.987322653970610808e-01,6.202664106487750795e-01,8.395078704044394158e-01,2.151275235885897752e-01,4.169248155031285430e-01,7.854903355834361722e-01,9.584615906415779873e-01,6.239481193953173577e-01,8.608162237618763868e-01,7.825265583419680482e-01,6.542896036295495765e-01,8.191634764200714791e-01,9.678316323978932711e-01,8.254593662785312258e-01,8.839783865137474939e-01,3.121188547673921510e-01,-8.382722592362362724e-03,2.572521332606926836e-01,1.795661779470444641e-01,4.216156204095105053e-01,8.034783930826088216e-01,8.178579872419494690e-01,5.201230170919762807e-01,6.080008489207667788e-01,8.626441407079232793e-01,3.269530772428954624e-01,7.058003869825283383e-01,3.411593795877972402e-01,6.322500291141305295e-01,2.928585871529462148e-01,6.890843513803248666e-01,7.313719054253194907e-01,8.648364157261210217e-01,4.562467059777087219e-01,3.828548528191891842e-01,8.877101233456171636e-01,9.700680509837541488e-01,8.423957366196658247e-01,5.079244265536791980e-01,6.339498522465709662e-01,8.629423747052551441e-01,7.671679738576857588e-01,3.482907008765275814e-01,8.238033145952524672e-01,5.722668936990855659e-01,9.336536430070416781e-01,6.984224596362481607e-01,7.767225405694726525e-01,9.750966745978448813e-01,7.988997885438617885e-01,8.748471320915685023e-01,8.387682490338588259e-01,5.340388306636867366e-01,9.045009243531283438e-01,8.149381816380507626e-01,9.124613661424724187e-01,4.180592712931801569e-01,3.259282247902418606e-01,7.395719873797996780e-01,8.823240100830320731e-01,5.402825270672320102e-01,8.230961134146723701e-01,5.546235385422202402e-01,8.108877538937031559e-01,9.222181402732472222e-01,1.122649738370087996e-01,-5.870157007163229190e-03,9.493862522407868765e-01,8.865812398099647273e-01,5.012016967694403746e-01,7.362843618892375153e-01,7.606951141148929896e-01
9.994274211952923759e-01,8.109707345845524884e-01,7.038226219042512666e-01,0.000000000000000000e+00,7.386449004047301869e-01,8.921397899864176306e-01,6.151689596736299448e-01,8.971418334824892149e-01,9.612923024147679296e-01,8.111742143094283763e-01,9.726411031412238728e-01,7.087763729581845196e-01,7.065799696279978503e-01,4.691501797103819760e-01,5.333481142187118662e-01,8.072137908434224851e-01,8.947036826199881165e-01,6.015752503381417426e-01,7.392411721114892087e-01,6.129811511231058052e-01,7.086977306434829593e-01,9.603597048375048795e-01,7.716873094864291627e-01,4.148914521258375010e-01,6.647618378410441453e-01,8.995114924365064102e-01,6.971187297728531629e-01,2.638473887804728135e-01,6.320098640390257039e-01,4.236009350871687285e-01,-6.453236157873451506e-02,7.422078736206938476e-01,9.513223233615488716e-01,8.401872270689040301e-01,8.008314034795320779e-01,6.899708302433535945e-01,4.613305190171121950e-01,4.259988215089652863e-01,9.891699066278892838e-01,8.922188815539473516e-01,1.831968422537716412e-01,7.372044571158609116e-01,4.635837361983552452e-01,6.650582669943752023e-01,9.855134303642498761e-01,7.580047176759808769e-01,5.681417185968067329e-01,2.022950314889181700e-01,6.856948390345722899e-01,9.712214262059395420e-01,7.804736833808214591e-01,8.638062019582133377e-01,4.174120432504903611e-01,7.520581130120652658e-01,7.365704962353922802e-01,9.735511761268911268e-01,8.033750800627331712e-01,7.674302906110842537e-01,8.459941083935997863e-01,6.771537767504035576e-01,2.086523141229147948e-01,7.595167965646306696e-01,8.888468341035445919e-01,7.734073641249142872e-01,8.015292284587225424e-01,6.051010514280454888e-01,7.404367623362563267e-01,8.862757954945631456e-01,9.375475525530608811e-01,1.064062613135183660e-01,8.795767373908593978e-01,6.636185569784479599e-01,5.924395241273171520e-01,7.131248814715831497e-01,7.597447360910500880e-01,7.893177932500803351e-01,6.208847732353776072e-01,7.633583671029466888e-01,2.059063472453954435e-01,5.306471334474099910e-01,2.189036532729501661e-01,9.671554197912631823e-01,9.789419731020774229e-01,1.306000772381907954e-02,8.360819245521757814e-01
9.790522669149706037e-01,5.290640580857339792e-01,4.281407757642333167e-01,7.386449004047301869e-01,0.000000000000000000e+00,9.582180146216345840e-01,4.711251902284359361e-02,6.096064347338000511e-01,9.124917958814451335e-01,8.844936292811108602e-01,5.807760316414890545e-01,9.456868868392382943e-01,5.830914756296741164e-01,6.775745334321766622e-01,2.411117526095243879e-01,7.173535735693694626e-01,8.357473674583293377e-01,9.389655975841281199e-01,8.939059920096715794e-01,8.149238116943633425e-01,6.828098950164663838e-01,5.213675965210159413e-01,6.655848888504046768e-01,9.898626457166066483e-01,5.376886244819033545e-01,8.845699895885275055e-01,7.537131407592320143e-01,8.913654166055172690e-01,6.323615308987381445e-01,7.440381571170444630e-01,3.738899016251036045e-01,4.638837359677902006e-01,7.434995290357877540e-01,-6.513538179716762966e-02,7.167345369419836354e-01,2.108353872743673196e-01,2.591013096831373819e-01,5.450855031101784626e-02,7.387617325138173818e-01,4.079120706476554448e-01,4.419009680568581899e-01,8.166747763080947076e-01,9.022565274487643894e-01,9.240608905981479992e-01,9.040295992513753820e-01,9.200774683144188337e-01,9.902729340070344222e-01,5.314413710308341088e-01,4.611657099367658663e-01,5.048969640758022015e-01,9.776689229215619337e-01,8.803133199837054335e-01,9.841972415304682809e-01,7.260473015364727889e-01,9.543072008214198432e-01,9.071344188511479834e-01,8.422417454510342516e-01,8.853878209710042135e-01,8.529030432764976855e-01,4.908257390673639309e-01,4.705624933281874478e-01,2.866782338344053271e-01,7.817253183529370153e-01,4.446822556459443243e-01,6.399569876706936444e-01,5.434976786281578987e-01,9.983315983331297883e-01,9.891680780317806398e-01,7.619608588542574612e-01,9.548723632259372707e-01,5.054203485010543284e-01,6.003365194546462780e-01,2.707735889769528614e-01,5.143245291678993913e-01,7.155546883371538547e-01,6.703974755346235881e-01,8.863678433364302611e-01,7.808671059964333860e-01,7.470461128987662125e-01,2.993073844281928311e-02,7.458947846668519954e-01,7.763459896285312967e-01,8.232114591007207993e-01,2.532407801665769176e-01,7.720384574675476230e-01
6.385320672635778072e-01,6.810305302010211115e-01,3.817594616815878431e-03,8.921397899864176306e-01,9.582180146216345840e-01,0.000000000000000000e+00,8.379033015278294361e-01,8.901364880465343354e-01,1.516694808061380684e-04,8.196830214776944512e-01,6.803738914769714707e-01,6.321612694416467448e-01,3.614370218854199290e-01,9.098641459558310940e-01,6.194760183509939733e-01,9.813531173416444042e-02,4.715929197409899909e-01,7.035030281784666606e-01,7.095651343427694657e-01,9.723128255796062991e-01,4.627427309998535243e-01,8.647552765272437103e-01,7.023397586376164403e-01,7.324461046846235668e-01,2.745546695353979771e-01,8.164735822715242231e-01,4.493973019558620274e-01,8.045235166537441085e-01,5.748013516443724047e-01,7.709993573988948024e-01,3.919964604344970960e-01,3.116892208584081114e-01,4.341321454327131124e-01,9.337073574494028083e-01,5.181075318144106046e-01,5.935900417073977087e-01,4.562659509032668259e-01,2.699817426998701864e-01,9.188509537495700430e-01,9.254293620756389727e-01,7.664521697793573729e-01,6.916185406495229948e-01,6.567481053885364517e-01,8.799159538877087128e-01,8.189023483133914816e-01,2.022145137053847630e-01,7.203081474130702544e-01,7.061747858830558222e-01,1.154138388992356212e-01,4.779610058932811656e-01,6.062273945224470051e-01,2.230154918442099343e-01,6.226937355979925703e-01,9.161193783381157418e-01,7.614866787870393505e-01,8.965837715305172706e-01,6.090748697170957904e-01,8.757210427866307656e-01,6.603447721383424174e-01,6.926531830183659810e-01,2.545573315922906588e-01,5.131299029399222222e-01,5.008311697439519206e-01,5.334372219745764365e-01,8.192233723476581853e-01,5.966167348150701599e-01,4.827676690227977740e-01,9.170875703614072005e-01,4.948993419928636728e-01,7.716213779218077384e-01,4.320688195683575761e-01,6.570288595558129163e-01,7.001475506411876104e-01,5.522548525145114517e-01,2.323251274082711315e-01,7.392415147057553870e-01,-1.623146109104003920e-01,5.849238556120873733e-01,7.539159347748728424e-01,3.857069751737742802e-01,4.611434324488519754e-01,7.200182076581180812e-01,9.225007271041847368e-01,6.538189768245246114e-01,7.361818053001764062e-01
5.587139099651747820e-01,5.291725799199172853e-01,7.942013408610812952e-01,6.151689596736299448e-01,4.711251902284359361e-02,8.379033015278294361e-01,0.000000000000000000e+00,8.368964332962953723e-01,8.206007368157565152e-01,3.324400745146497416e-01,6.492602218787579815e-01,4.555613109363702007e-01,5.603265323617983018e-01,3.464671958981460076e-01,5.463177723107937034e-01,6.466048844013455588e-01,8.044333738875951711e-01,6.185713877525532700e-01,7.704702747920512129e-01,6.564073067265598915e-01,6.715796957608970441e-01,4.972322809163381430e-01,6.808081788447413185e-01,9.797131001493746272e-01,7.085574300077588372e-01,6.822064893969074229e-01,5.707928763701468622e-01,6.611038995140939845e-01,7.400683539360357610e-01,7.080879637823491723e-01,7.809318160971735479e-01,6.059352022349699940e-01,7.501900506459306950e-01,5.096669173477909043e-01,7.308825437643591272e-01,3.441982528487134152e-01,5.725722593720838915e-01,3.853906371879306514e-01,4.411931614357252895e-01,6.557820898056010428e-01,2.716062908923316255e-01,2.471845370712262568e-02,8.675430397921710668e-01,5.132343192101638252e-01,9.604415404335402418e-01,6.564318836933022983e-01,6.448139504749094142e-01,4.000255098583428426e-01,6.041189952758777570e-01,1.776877645511451276e-01,7.694887385408264446e-01,9.872062805136745389e-01,7.816920005433561913e-01,4.279120484934594293e-01,7.233647179653530657e-01,7.431106650668581892e-01,4.226905735914332496e-01,6.116971150640556631e-01,5.946130805473768266e-01,3.882743638454523305e-01,5.498325934532289905e-01,4.734797787121250989e-01,2.252233491166464319e-01,6.847118715431612657e-01,4.707795211101540311e-01,7.050300975769094869e-01,5.810601456407025189e-01,6.031059342082965014e-01,-1.724374527306079263e-01,6.755797229728404130e-01,4.820320033924845315e-01,6.991243143420307060e-01,3.792457380333145722e-01,7.404784296964280754e-01,6.239148345533294115e-01,4.532103197952946916e-01,3.846521000359762743e-01,5.829437867774954762e-01,3.853414562392800669e-01,5.984132599000876462e-01,4.085942393104072257e-01,8.555071386386210452e-01,3.037892280825922886e-01,6.661900281364486753e-01,6.245732672710665456e-01
6.573562862427413389e-01,8.845013411759841127e-01,5.022826659686611128e-01,8.971418334824892149e-01,6.096064347338000511e-01,8.901364880465343354e-01,8.368964332962953723e-01,0.000000000000000000e+00,7.605797111040226710e-01,7.646718189742645055e-01,7.955967654675227818e-01,7.371525565917699252e-01,3.190384802980065215e-01,3.952878954908664033e-01,7.488080558779979246e-01,2.977290880756838232e-01,9.118882698768714379e-01,6.448127482554331935e-02,3.125696524561134837e-02,2.730216407796788314e-01,8.556344662759782782e-01,9.682095040025409105e-01,7.853925307957367874e-01,4.867401960855421983e-01,7.605306996307218403e-01,7.474409523583205317e-01,7.478436905014013147e-01,9.570852234360521793e-01,7.432721957366934529e-01,9.039970553668917608e-02,2.208351168246959761e-01,4.216671077213172136e-01,8.034215709199186151e-01,5.045298264010594780e-01,5.755889532215627824e-01,2.101376969269171113e-02,6.764238636773598490e-01,7.093978718153969021e-02,9.667986978473941395e-01,5.824463595010734851e-01,-1.801023403995153926e-01,6.633184448123249366e-01,8.214382527782390087e-01,6.397433695328187397e-01,6.493741283996796732e-01,6.630302884591070534e-01,7.256902347841588385e-01,6.852679262505474433e-01,8.486355995291789966e-01,4.954945630745080654e-01,6.465165679061475323e-01,8.087073741440633512e-01,3.759738129595323608e-01,9.601594728349368557e-01,9.187438624765172923e-01,3.281715613217882632e-01,9.705891023003561102e-01,5.608943102993189100e-01,8.209930817898418720e-01,5.500410077306479018e-01,4.649895764204277082e-01,4.647435059441193950e-01,2.289528872369557821e-01,6.272394194744481677e-01,6.980943618107880999e-01,7.540901250096591069e-01,7.653725956543041553e-01,9.991884717036016994e-01,9.836436455851056693e-02,8.560332501303354880e-01,7.822622989974774566e-01,7.497769861214714782e-01,2.850711722315371621e-01,7.342138873418012635e-01,6.593257721765024559e-01,9.560076872748013432e-01,3.953935346572811094e-01,7.505247201256782796e-01,7.354892917256936613e-01,4.961906924478122205e-01,3.880548776760718854e-01,6.025367899720690534e-01,4.481557716605632513e-01,8.840481742015800226e-02,9.890641989343720297e-01
9.067138494007361826e-01,9.456073080696391076e-01,8.830395254191995003e-01,9.612923024147679296e-01,9.124917958814451335e-01,1.516694808061380684e-04,8.206007368157565152e-01,7.605797111040226710e-01,0.000000000000000000e+00,9.911582983402489333e-01,6.042063831956555608e-01,7.899845340253910386e-01,4.161637534594600507e-01,8.625217699242844205e-01,4.465251859125500267e-01,7.957316740742639283e-01,9.955588795389570533e-01,4.670025822783305802e-01,6.302133806006662287e-01,9.704127645138600489e-01,9.884189644525599450e-01,5.058317104516575347e-01,4.478156099330009021e-01,6.241743731721810517e-01,7.352224169184560232e-01,8.700824027922811066e-01,5.139142426439393674e-01,8.851044479453881175e-01,4.829452995406547378e-01,3.848044631070102195e-02,7.787421621491235069e-01,6.642843044549566756e-01,4.999207158908227644e-01,5.642997216207621403e-01,6.894583451824474185e-01,4.172246904181057814e-01,3.976190538528404650e-01,6.075090387279540316e-01,6.012837670305214433e-01,7.891201670635139553e-01,5.863781766775283399e-01,6.364891911870254049e-01,8.505695777181323525e-01,9.661504765470446676e-01,9.174394174571752769e-01,2.535199606109530546e-01,6.476824164247708682e-01,8.881138554821252917e-01,5.548765531984023447e-01,6.853886019110714267e-01,7.677189941142971152e-01,5.590442616854722768e-01,5.488174143177710906e-01,9.061685396347396448e-01,9.464119458799278295e-01,6.679691578938251606e-01,4.872605451471987981e-01,2.962053072574097889e-01,9.009993440918507845e-01,7.459866215415338342e-01,6.449722914024487164e-01,5.388972084290190034e-01,4.137374963747711965e-01,7.818375269781222547e-01,9.243843885847642383e-01,4.002192045554103794e-01,8.673704923865880323e-01,9.510851141127373287e-01,7.554459228034813290e-01,7.105376111924780469e-01,7.701533509684769241e-01,5.087862064692911801e-01,1.818030547847258593e-01,7.044665727449865855e-01,5.369319091176207870e-01,6.810601542786067775e-01,4.008498719268757116e-01,4.920291701683514596e-01,7.376935895766347784e-01,6.632781671178135108e-01,4.386874481829989292e-01,6.679658068232462442e-01,8.867065846443723531e-01,5.639664987062696921e-01,8.509658649944780162e-01
6.277177599483180215e-01,6.029215814873675194e-01,6.579778684384759435e-01,8.111742143094283763e-01,8.844936292811108602e-01,8.196830214776944512e-01,3.324400745146497416e-01,7.646718189742645055e-01,9.911582983402489333e-01,0.000000000000000000e+00,9.553794324628792634e-01,3.999083409198138095e-01,8.423377997769587733e-01,7.531809428696940589e-01,5.742891198431783195e-01,9.665774916092334523e-01,2.745725817979410288e-01,7.399054097861842427e-01,8.195435910051781514e-01,7.592958500984735570e-01,4.752789032209137621e-01,6.829521367484590044e-01,5.816521741448609228e-01,9.049086269688693118e-01,4.915309671219288967e-01,1.537908458641036313e-01,6.587973304825675003e-01,4.945314927409307781e-01,5.989832599443742911e-01,7.877231782703559837e-01,7.468792963148790376e-01,4.020292463522506105e-02,9.918314318037904087e-01,6.631232684244089404e-01,2.305557158240287285e-01,7.098097731248482756e-01,2.818351802496485980e-01,8.089938760766622883e-01,8.000644843477676682e-01,7.747976526496920258e-01,3.079839102109112048e-01,6.924956429446527117e-01,8.503902227547048831e-01,6.169420414054093138e-01,6.631029508869101807e-01,6.490251338277361892e-01,2.963183105574567280e-02,6.981421244118016789e-01,5.867411561073262449e-01,4.871194354510957614e-01,7.581195336441390875e-01,4.251829542188105826e-01,7.285724169497777014e-01,7.331702823435780614e-01,8.461677107833205369e-01,8.609940123786966604e-01,6.322937729465603063e-01,6.697015757198557795e-01,8.332142529736377146e-01,2.525139510322809699e-01,4.404608884684177994e-01,6.825176196411716356e-01,5.290225202010604422e-01,7.716967555919372890e-01,9.970381040290033914e-01,8.018852322306589953e-01,5.256298424889241927e-01,9.274340641173337563e-01,6.355627162339259062e-01,2.457237749810707583e-01,9.032536439661692507e-01,-1.227213697294164962e-01,8.146694240011348453e-01,1.892921363600956197e-01,8.676771065793780213e-01,5.000482276089666250e-02,9.782583786392506919e-01,6.413391446118227313e-01,5.363418862933739817e-01,6.332736608823583691e-01,7.264577288468145877e-01,7.252320142779538070e-01,9.690222576041019886e-01,7.863779401244487266e-01,5.039839947774427120e-01
5.691733403793619583e-01,7.301817244872600421e-01,8.314934349693412496e-01,9.726411031412238728e-01,5.807760316414890545e-01,6.803738914769714707e-01,6.492602218787579815e-01,7.955967654675227818e-01,6.042063831956555608e-01,9.553794324628792634e-01,0.000000000000000000e+00,4.445657143452637627e-01,7.996373816743992391e-01,9.678989584687993641e-01,9.340749108574214477e-01,9.184916647807853662e-01,9.260983889782039569e-01,9.981974916234398476e-01,8.077030491094547848e-01,8.392574961461771732e-01,8.772581663531487939e-01,4.654253208924264973e-01,6.678188378481892951e-01,6.729747232237867083e-01,4.480875222457287310e-01,6.239458120220857662e-01,2.439252405453958272e-01,6.768231937011147670e-01,5.082319915151582990e-01,7.254728951049917995e-01,5.758307661558242918e-01,4.252048913658919016e-01,5.008090611789985935e-01,4.062335083595948193e-01,8.899641759675073205e-01,2.753591624650010283e-01,2.401138920096548002e-01,8.778644948805688353e-01,3.719449104479634061e-01,7.944558876043044116e-01,4.346731819450131429e-01,5.813965228530117990e-01,7.679443635202350960e-01,9.574370305000816650e-01,7.084804747055171159e-01,9.779871685829966133e-01,9.766650045653926249e-01,9.643711708600919419e-01,5.146467352867437617e-01,7.159028756491710999e-01,9.810692919491641462e-01,7.502177019002433944e-01,7.262972516782505439e-01,4.979820451231594114e-01,8.050678619137956460e-01,5.156974017184082770e-01,9.084498098449187431e-01,8.262874003620053198e-01,1.857366101656694191e-01,7.143808153739027444e-01,4.312030318043671429e-01,4.398146254104323138e-01,9.021855507982077249e-01,7.136970116685208421e-01,7.776026313043122862e-01,1.322742191397876244e-01,5.976255541619985845e-01,3.567665107117949930e-01,7.949383693174028043e-01,6.673017429523607769e-01,9.083416553098410118e-01,5.561581858611286400e-01,4.480854237462854606e-01,-1.056554826132268532e-01,4.153436414193497628e-01,3.070885779371601010e-01,8.792095182689532162e-01,4.984602382604069737e-01,7.977506262998803610e-01,2.055526694571197521e-01,3.603237826959889700e-01,7.136521601560354977e-01,8.004500329803233560e-01,4.139454139967073676e-01,6.038253276731232466e-01
8.779471139658363565e-01,6.687340819327970420e-01,8.997031886968012149e-01,7.087763729581845196e-01,9.456868868392382943e-01,6.321612694416467448e-01,4.555613109363702007e-01,7.371525565917699252e-01,7.899845340253910386e-01,3.999083409198138095e-01,4.445657143452637627e-01,0.000000000000000000e+00,4.871031993448230457e-01,1.849647182546094726e-01,7.013559087750481646e-01,5.244047981214891019e-01,7.841130297895411161e-01,7.368507006937458081e-01,3.517255197236759390e-01,4.419586361381497852e-01,4.775400969582159205e-01,4.093082420843284774e-01,6.777793804961009805e-01,5.422442459641506618e-01,4.739709747750040503e-01,8.013794500946076482e-01,8.114024788723444015e-01,2.746717824617797010e-01,3.855465941239844541e-01,-2.495678539530432616e-02,2.135328255349715557e-02,9.269507122562680168e-01,3.310999503618534123e-01,4.653193929709921739e-01,7.011894908608251598e-01,7.801147147610782984e-01,5.162592611326995984e-01,5.345658648878005570e-01,9.586415053717900481e-01,4.476745708545316615e-01,7.918786267266413326e-01,6.503978589674151989e-01,9.002200661193767717e-01,5.713855009442159183e-01,1.646295262219716823e-02,9.450154913566126691e-01,8.355375521523866755e-01,8.408760420248752032e-01,2.350176339125211733e-01,7.328101482654589827e-01,5.184450978436250246e-01,7.379053410320931539e-01,8.837777600157270541e-01,8.999827402756352956e-01,4.599287468274131929e-01,5.285361417543051887e-01,8.976969444004524457e-01,8.013735196676289307e-01,8.807119254106634543e-01,4.333695293632088275e-01,6.845539188360604266e-01,2.274545440425131682e-01,8.832554905024913028e-01,7.619553866984705159e-01,9.963345587624833355e-01,5.470009863487876878e-01,7.739160086807141958e-01,2.968623288214464750e-01,3.179236577988556745e-01,4.191903569249949002e-01,6.939385510527891210e-01,5.493152596101855689e-01,6.559824753692954369e-01,6.193871726504091013e-01,5.931231017619773560e-01,9.106319909016655778e-01,9.868158317236197519e-01,6.063648638025808113e-01,7.569039825176492320e-01,3.632811996295349788e-01,5.347019878022153394e-01,8.096022584638207231e-01,4.098349731046537769e-01,2.635679294248677307e-01,8.500176477738576875e-01
9.663021421289041957e-01,6.684718684731589811e-01,5.780738818144830482e-01,7.065799696279978503e-01,5.830914756296741164e-01,3.614370218854199290e-01,5.603265323617983018e-01,3.190384802980065215e-01,4.161637534594600507e-01,8.423377997769587733e-01,7.996373816743992391e-01,4.871031993448230457e-01,0.000000000000000000e+00,8.264180625384972556e-01,9.638924687687369097e-01,7.945338899937260946e-01,9.835402630832119630e-01,6.306331323280247592e-01,6.249295270646422207e-01,4.012822864693436076e-01,4.109252147618880913e-01,9.629388091684619733e-01,9.722731789658902724e-01,9.066493380073072927e-01,9.580371325550963713e-01,7.589174089371228948e-01,7.714678050344814242e-01,8.131642046775290344e-01,4.356082765281698022e-01,6.824870619612786182e-01,2.990144498784326199e-01,6.867069294826504411e-01,5.407579740679582248e-01,4.726247936675738170e-01,7.591975617023504208e-01,3.311248621618160248e-01,1.066744400628279014e-02,9.550945444076972546e-01,8.737424465739255242e-01,9.739862965603562905e-01,5.450242593375944633e-01,5.197474423372087093e-01,8.202884302964993379e-01,9.978309931680743317e-01,6.863166380813792156e-01,6.602444924776476043e-01,9.022958016358002542e-01,4.891592067015337886e-02,3.786485571275830520e-01,3.293011868960604716e-01,1.638501695565293959e-01,1.612646190139660485e-01,9.845233040618670550e-01,9.748926706173984824e-01,8.566960700260697337e-01,9.973799773940705826e-01,7.526618520919479138e-01,6.520426016963882798e-01,9.821302786693610898e-01,7.152475377456690708e-01,7.319712898380460464e-01,9.066681188060145002e-01,9.843025800517214430e-01,7.275102516853765300e-01,9.042246502455044688e-01,4.391760612145589326e-01,5.708522406514473513e-01,8.168657841372642947e-01,2.788306023793472033e-01,8.754059517061970608e-01,8.251508091435570957e-01,9.297603843896036224e-01,7.497625221001423812e-01,1.606613414429296227e-01,4.847295365907131059e-01,9.118873244527005983e-01,6.476829697748758274e-01,2.944312264024818160e-01,4.118794480643348521e-01,-6.296497893644198429e-02,-1.266875012064140327e-01,1.015205387865729947e-01,8.533534280854527809e-01,2.062106446056588271e-01,2.410788198261311355e-02
6.778818248518825307e-01,5.426287256221576927e-01,8.987322653970610808e-01,4.691501797103819760e-01,6.775745334321766622e-01,9.098641459558310940e-01,3.464671958981460076e-01,3.952878954908664033e-01,8.625217699242844205e-01,7.531809428696940589e-01,9.678989584687993641e-01,1.849647182546094726e-01,8.264180625384972556e-01,0.000000000000000000e+00,7.180507313548329940e-01,6.396266594917212611e-01,9.333837463790899402e-01,8.158693340561167240e-01,8.434619658988832258e-01,9.480486365937935700e-01,9.984587589080161640e-01,9.866201154807447971e-01,4.655264878806592010e-01,8.528350545234170133e-01,2.952504800770784366e-01,3.105978750601880445e-01,9.012504079086633979e-01,3.333067949643154781e-01,5.417597049384669239e-01,4.516403625124237875e-01,-6.088990254366510868e-02,5.508613695599331450e-01,5.553519597126863605e-01,8.391739068540344793e-01,7.391797380965918762e-01,4.934783042784882806e-02,4.983726433549878765e-01,7.092293819154001921e-01,8.430492219974718981e-01,9.559608059463078344e-01,2.239269932795609486e-01,8.454399729659636265e-01,6.905491117533859580e-01,2.017551454512047371e-01,9.175404408428232683e-01,7.219731358921565034e-01,7.808858464747784334e-01,2.650060205033570870e-01,8.782464577178307197e-01,9.537009132703900827e-01,9.910406139921930091e-01,8.998616220018912371e-01,9.750774285340715331e-01,7.193080961740219159e-01,7.728901499286486843e-01,5.242888627911413968e-01,7.084519223724904391e-01,5.853073197110330028e-01,9.086846529950083351e-01,4.843735533647358094e-01,4.857810268254413311e-01,4.944688872001031799e-01,3.484549856688312075e-01,8.369025465073258729e-01,9.579020804939838429e-01,7.889066496522845195e-01,3.754747555537726322e-01,5.826689718214722591e-01,6.751060105174971904e-01,9.910735976442137662e-01,4.475404173583370504e-01,8.910862904927889794e-01,7.449464742057423372e-01,4.038463406811362288e-01,7.255532865814250387e-01,1.558494124511254630e-01,3.509596632730227483e-01,7.844137932318442363e-01,4.773528327318846687e-01,1.872617005838492915e-02,3.100709718325955766e-01,8.674195877312350644e-01,7.710773771935511833e-01,7.990324982919897456e-01,4.141290623792336367e-01
8.015731059674736647e-01,8.842006822884262984e-01,6.202664106487750795e-01,5.333481142187118662e-01,2.411117526095243879e-01,6.194760183509939733e-01,5.463177723107937034e-01,7.488080558779979246e-01,4.465251859125500267e-01,5.742891198431783195e-01,9.340749108574214477e-01,7.013559087750481646e-01,9.638924687687369097e-01,7.180507313548329940e-01,0.000000000000000000e+00,6.986719790964460719e-01,6.004276023442298715e-01,7.454504175368994456e-01,2.524893913046157845e-01,9.952559283500683751e-01,9.327198403315790642e-01,1.764454362064253878e-01,8.393204915309117053e-01,5.371707328269595960e-01,6.810064411432912301e-01,5.214268934278625256e-01,7.882719374374469457e-01,7.721802241705126857e-01,5.324829588822088677e-01,2.590108846607538928e-01,2.492263610359648773e-01,6.948834259963188043e-01,5.040366874319448520e-01,6.100262748080880204e-01,5.824594414591856006e-01,6.659947586666543629e-01,2.696794309638053666e-01,2.987870619636563418e-01,7.605392603741547575e-01,6.375189482335235081e-01,5.154382079156148988e-01,4.396653800567333348e-01,9.085270504938660618e-01,4.483881813283903672e-01,9.486775578625250560e-01,6.223510518056603047e-01,5.428433870218786206e-01,4.092882743777355448e-02,3.441312278730845886e-01,6.336441890001636157e-01,6.938824307982367490e-01,5.663264982651050605e-01,5.653344734470917565e-01,6.633335695922412123e-01,8.550145927765545606e-01,4.083743896847381594e-01,2.167548741906573928e-01,6.664628477610283763e-01,8.954745283061245065e-01,6.903773626856729573e-01,5.615964459904976280e-01,8.935015792209531904e-01,6.159525317686465051e-01,2.221261884253619701e-01,9.834771902803703947e-01,7.903045841837885721e-01,5.253901028853638633e-02,7.001492253560825940e-01,9.475588855831782453e-01,6.763509002883196786e-01,5.404617181248395630e-01,8.772293124906160866e-01,5.963245650935038444e-01,6.095481399798151623e-01,7.868612661437096589e-01,6.104456055262648118e-01,9.278503521321594949e-01,3.974154302986955267e-01,4.081777949737555033e-01,8.235232973888076402e-02,8.473671833327764968e-01,6.922208395525255575e-01,8.596569821010050516e-01,7.638229761129258222e-01,6.806613031130965830e-01
9.044498378156193841e-01,7.223037163063560362e-01,8.395078704044394158e-01,8.072137908434224851e-01,7.173535735693694626e-01,9.813531173416444042e-02,6.466048844013455588e-01,2.977290880756838232e-01,7.957316740742639283e-01,9.665774916092334523e-01,9.184916647807853662e-01,5.244047981214891019e-01,7.945338899937260946e-01,6.396266594917212611e-01,6.986719790964460719e-01,0.000000000000000000e+00,8.150641313459124904e-01,6.676295011946901115e-01,9.155467451250002275e-01,6.241985659539756037e-01,7.322566889131830736e-01,8.251406608159529421e-01,4.131150207830076582e-01,5.846094334788030089e-01,4.744845148156036085e-01,9.716977322809056128e-01,9.664601765853430004e-01,5.803861404966389470e-01,7.023913340348174605e-01,2.144943743638079436e-01,3.492584106195423810e-01,2.287523091548879506e-01,8.885190689571659250e-01,7.307481821068528838e-01,5.906339564054543523e-01,7.597079373338787578e-01,3.645972008473309933e-01,2.750224101109861041e-01,8.996051461300946794e-01,7.324492370219679582e-01,4.576887640118176837e-01,-4.993519449890904127e-02,7.451139789114306078e-01,6.276835629642952830e-01,8.073406859059789609e-01,9.437595237236533485e-01,9.822118950956538752e-01,7.436610520608406549e-01,4.380219411781037242e-01,9.282513491667357952e-01,4.782667165401540688e-01,6.326789791938614016e-01,7.771107128585972301e-01,8.528720987661360109e-01,9.548330639995057378e-01,8.212973855015713864e-01,9.705748156922020531e-01,8.805499093270702238e-01,9.897622099238816418e-01,7.614313424384256956e-01,6.216397683948295949e-01,9.984617449397457101e-01,5.936234333530245877e-01,8.477531946452310230e-01,8.120517805711185977e-01,8.306791965256830057e-01,6.955951964103395113e-01,7.014024357260540965e-01,5.042369993683679663e-01,7.463850126168377619e-01,6.955289246937268466e-01,7.641365061458338381e-01,6.919128770405872375e-01,4.415783953374038950e-01,4.111902143029682599e-01,8.530157343964896999e-01,7.279575355002653181e-01,9.472545576733747419e-01,5.986768688816458406e-01,8.729589139172116985e-02,4.463500428869264791e-01,8.709321889830599073e-01,7.865006099876035162e-01,6.892938850433484310e-01,9.864623362382864968e-01
7.772950120757118331e-01,8.527230981648389330e-01,2.151275235885897752e-01,8.947036826199881165e-01,8.357473674583293377e-01,4.715929197409899909e-01,8.044333738875951711e-01,9.118882698768714379e-01,9.955588795389570533e-01,2.745725817979410288e-01,9.260983889782039569e-01,7.841130297895411161e-01,9.835402630832119630e-01,9.333837463790899402e-01,6.004276023442298715e-01,8.150641313459124904e-01,0.000000000000000000e+00,3.883805029540958742e-01,7.614527690772465718e-01,7.487165142272719232e-01,3.048138519878991481e-02,7.779461114253800602e-01,8.961242779888797250e-01,9.173360033710155070e-01,3.841613264720190601e-01,8.822416964649039128e-01,9.253446633646780217e-01,6.474806051016190889e-01,6.786269295752637154e-01,4.118584517624738761e-01,2.814348049595264967e-01,6.842692024636946035e-01,9.330199668309107075e-01,7.908398465558901247e-01,6.436348998681464817e-01,6.137146584202024524e-01,3.098403221750752334e-01,4.730190298639534441e-01,9.132267318108620024e-01,7.929545710632939226e-01,1.214345183598777855e-01,7.986865901422721681e-01,7.370329687367730420e-01,7.320646039780305259e-01,8.923605936941598760e-01,8.942405570656467573e-01,7.717634931099681683e-01,6.840071176575654999e-01,9.499682301776786186e-01,5.584509479300762136e-01,5.151946480425086961e-01,8.639424144429647123e-01,9.531900278719470654e-01,8.513265316947764560e-01,9.796311607669810906e-01,9.468587611356190648e-01,6.074511942586838797e-01,5.297446378059156302e-01,5.368310836852278056e-01,2.891580945821067283e-01,4.168839809320863399e-01,8.020589510056285176e-01,9.024956240185616485e-02,9.718234880074050341e-01,8.395230109871650859e-01,5.729155422044969193e-01,9.351481347098136165e-01,7.780437300161969771e-01,-1.115869963695679812e-01,6.350495170659967714e-01,7.247735550583261910e-01,7.652215835077682549e-01,3.709003825552283917e-01,7.605025720844392767e-01,7.309784859660917178e-01,9.238488145553876985e-01,9.350434066103664454e-01,8.072018750039122725e-01,3.233667941124290790e-01,2.443421433842063450e-02,6.843827528563130036e-01,8.848169926868836299e-01,6.520990608064303196e-01,5.797127262992980701e-02,6.244692365341929507e-01
8.661254980048200824e-01,9.566183979903483126e-01,4.169248155031285430e-01,6.015752503381417426e-01,9.389655975841281199e-01,7.035030281784666606e-01,6.185713877525532700e-01,6.448127482554331935e-02,4.670025822783305802e-01,7.399054097861842427e-01,9.981974916234398476e-01,7.368507006937458081e-01,6.306331323280247592e-01,8.158693340561167240e-01,7.454504175368994456e-01,6.676295011946901115e-01,3.883805029540958742e-01,0.000000000000000000e+00,6.106791793512985622e-01,8.094565434759591893e-01,8.081533713375356198e-01,6.557001628445159325e-01,8.175903823126307035e-01,8.335798026114498160e-01,5.249305395353319748e-01,5.906297114402789816e-01,8.003718174070905134e-01,3.177766443139790620e-01,8.461001907172865932e-02,2.741891403128073890e-01,4.316223976104725524e-01,5.637078282010893338e-01,1.364878340883952761e-02,9.548434909397391923e-01,6.045454196083710485e-01,5.542243091967010704e-01,2.990960141090169833e-01,7.472140282313155524e-01,5.611213245267669958e-01,7.286328608783685379e-01,3.012339190483089291e-01,6.446875296079905837e-01,9.071693385720963620e-01,9.098667025367733752e-01,8.178536249477146303e-01,4.747824203974551072e-01,8.468920987999020156e-01,8.995485955973507863e-01,4.450737082650452758e-01,3.093679440287626647e-01,8.362989663439184262e-01,7.649474399959861337e-01,9.948604623219614584e-01,7.301330786666736516e-01,9.528067562238859978e-01,8.846005885466914354e-01,9.301135532392863503e-01,8.858222177506678285e-01,8.622819714719626161e-01,7.573615679632795805e-01,2.170225914137910439e-01,5.036739733385902085e-01,6.017853939732901170e-01,4.933063928686510780e-01,9.013533272877750635e-01,2.974969950715974365e-01,9.725689087114195441e-01,4.195839293953434468e-01,5.314033023410447143e-01,6.621280157980189429e-01,6.039586784253166973e-01,1.281577249028905685e-01,2.368432022793589276e-01,7.109147557061946676e-01,7.189276328553828588e-01,7.447809427723350861e-01,8.817226769318494695e-01,5.323869641837906119e-01,6.258685474610774513e-01,2.972293970274437758e-01,2.084033878087984126e-01,6.286874840321817759e-01,6.768486844454443263e-01,2.093688452222493834e-01,6.241622980863172909e-01
