0.000000000000000000e+00,9.376835143930671856e-01,9.399892899473522023e-01,6.226570076075818028e-01,8.084450419215398753e-01,9.592972416833407401e-01,8.894237413828229855e-01,9.618729789780874340e-01,8.786695667129809095e-01,8.632111419248993389e-01,6.115459000066447715e-01,5.201623961812368302e-01,9.951386702899591707e-01,6.941807439590367279e-01,8.794011258986745849e-01,9.850449981288995627e-01,8.489519091537488515e-01,4.367251862096428461e-01,8.307460954414885856e-01,6.776784382127135631e-01,9.158546014782681377e-01,2.532764648312131883e-01,4.686668259716963991e-01,6.831973948922517303e-01,7.642351863714094140e-01,7.599300283241173792e-01,8.175364114223843126e-01,7.041526436130165489e-01,6.299479794249573938e-01,1.120896893929349547e-01,3.154031864181242595e-01,3.486426080824030493e-01,8.269721731664751996e-01,7.449352574352323675e-01,7.145840212025785787e-01,7.219597553750245478e-01,2.058620063005787149e-01,6.120337148958344686e-01,4.432212036361433682e-01,7.681753213895983201e-01,2.575180136162961708e-01,7.971234665387370022e-01,6.984834918036958440e-01,4.823189453781632219e-01,8.091254721488312374e-01,8.612107644200919232e-01,8.292104686625297871e-01,9.818900861423164317e-01,9.468218711881690730e-01,8.365521274849843092e-01,9.502108542709089001e-01,9.019083025033168832e-01,5.823098756720040958e-01,4.813434157010307857e-01,7.024616584432602506e-01,7.705006130071517800e-01,9.989721332574006407e-01,9.884282068455696457e-01,6.150496406627036228e-01,5.348833088177566975e-01,5.162353996998567673e-01,8.346199771611056972e-01,4.362068344375624566e-03,8.611162820348763347e-01,9.726338654201021061e-01,6.698140929750525663e-01,8.908708182592890434e-01,9.750274633336029062e-01,9.643072765324398610e-01,8.654502953370530882e-01,8.265449574054425375e-01,7.798082126076495424e-01,7.858416939465773243e-01,9.195247232445888930e-01,7.503158287697244688e-01,3.895998224387813846e-01,9.378544715733175829e-01,7.371303891267636521e-01,4.511074768463889106e-01,1.601300979322516638e-01,9.334082105312284661e-01,6.150275086493659504e-01,4.343012059797255464e-01,7.937444345436104332e-01,8.253761097108196498e-01
9.376835143930671856e-01,0.000000000000000000e+00,9.047667870299269666e-01,6.176560241217941005e-01,7.772367515177529551e-01,6.042395327454221921e-01,5.251601141751465196e-01,6.181668142269852728e-01,9.567425607004762522e-01,6.601305368452872191e-01,3.653213766736546630e-01,9.788710902363363386e-01,9.079827918393333919e-01,9.309581638473019005e-01,9.378430610089362185e-01,4.742351902919556550e-01,6.850018755937814507e-01,5.548530444865107381e-01,5.904965587590711440e-01,9.849308550718522959e-01,7.053906745930176303e-01,6.773456469263660074e-01,5.384752596737278907e-01,2.559842630583852863e-01,5.663112926951086035e-01,8.107512751268436402e-01,9.703738473858838365e-01,9.803268639675081220e-01,1.257635980014494004e-01,7.676190578188921698e-01,4.065198745313596262e-01,7.392151426391316837e-01,6.858591778807351380e-01,9.270391984902619509e-01,7.272698660575205309e-01,5.832010329134612592e-01,2.734410556615154420e-01,6.290110970269049417e-01,8.820825488323749131e-01,8.524945720632495227e-01,1.381584310859102771e-01,9.522059915336312796e-01,7.791209126981213373e-01,7.895430444460926900e-01,8.310889077732830366e-01,7.790520459709174839e-01,4.902758910119158209e-01,7.783846232831784784e-01,9.740609322966671257e-01,9.395995350075634356e-01,7.856780364261418681e-01,6.570516963908322738e-01,7.433643153482331067e-01,8.022707610209092177e-01,8.809975102692080284e-01,7.496656399646941527e-01,-1.935017061966133045e-01,5.715464923701023547e-01,9.906139682597494556e-01,7.519467716427343795e-01,4.740747149766006974e-01,7.554801097830299295e-01,8.701068092634993700e-01,8.401900347016061366e-01,9.635060134650882402e-01,7.877466734035654117e-01,5.168735792645096083e-01,7.449625648523942045e-01,6.445168469499433783e-01,5.842937233870956204e-01,8.276964174467248414e-01,9.216218050639522763e-02,7.220014370884996202e-01,4.078739852470681937e-01,7.574796852488749899e-01,4.164760155829971833e-01,8.145554418426682597e-01,7.614020399802086114e-01,3.859767740941941888e-02,3.225644792380142900e-01,2.296477330464418709e-01,9.114401127308534578e-01,9.003568484827118024e-01,6.739134783164457687e-01,8.230031582772904253e-01
9.399892899473522023e-01,9.047667870299269666e-01,0.000000000000000000e+00,8.874195953882717536e-01,8.404711441653794912e-01,8.152549994329897354e-01,8.324643885915076202e-01,9.542854321254774508e-01,6.203990342197214236e-01,8.949888528826963618e-01,9.544702391810722109e-01,6.224683252501233000e-01,6.288669353175593280e-01,8.270599624310162046e-01,4.161148678891403718e-01,4.613965727692078689e-01,9.577168325535214688e-01,7.665789052227093281e-01,7.119888507933056498e-01,9.343208146675323622e-01,7.698110471769331609e-01,7.988147940825156557e-01,9.021273703524900212e-01,7.556103748081088867e-01,8.739551061769094131e-01,9.684400734737390604e-01,9.567698777911552988e-01,9.286535725740354685e-01,3.730618312756452948e-01,2.851382771666228777e-01,5.808325813294019646e-01,9.704524492693840099e-01,8.796469665246504643e-01,6.546658290166514904e-01,9.409395876066569686e-01,4.031561023294684132e-01,5.635327165840573471e-01,7.655176993798142870e-01,6.864248989831238656e-01,9.197348577067935294e-01,4.454914592262556039e-01,9.531836376575274494e-01,5.043943153439580662e-01,7.708366882580111046e-01,3.552787796979369195e-01,9.915790538422165623e-01,7.873256669005164188e-01,6.234056049376031083e-01,8.149367809439143073e-01,9.129482517096101368e-01,5.064996473817078293e-01,6.229402699959891709e-01,9.946430431245074644e-01,4.789991643494991291e-01,4.730579019858501821e-01,8.101933385563891976e-01,6.597807042830932112e-01,9.013126466317942231e-01,6.565198746013224396e-01,8.144480780140518350e-01,4.791769489787578995e-01,8.718154069104516735e-01,9.627952636025651767e-01,4.192554095837379702e-01,8.013945044023924602e-01,9.337556488465253990e-01,8.343485861477815124e-01,7.286056565992019562e-01,7.402757920120971447e-01,5.080697253255226364e-01,8.733395363093533481e-01,7.659846777557710595e-01,5.659083309478089019e-01,5.216913279225536826e-01,8.822581559282349772e-01,5.783656357708650830e-01,9.152842527117841520e-01,8.861611892304493976e-01,3.388816298496822865e-01,2.776037004152444032e-01,5.527656023596863033e-01,7.308941108235139650e-01,9.852766702888093864e-01,9.643294975216385456e-01,9.398031929493295689e-01
6.226570076075818028e-01,6.176560241217941005e-01,8.874195953882717536e-01,0.000000000000000000e+00,9.728263736120927874e-01,6.243543112763255687e-01,2.306686806553739089e-01,7.876579158858434404e-01,6.204396637549303151e-01,5.874558224270526319e-01,7.565238800102873640e-01,5.825792673942850053e-01,7.909945861463891781e-01,1.689477829541406045e-02,5.794179444004703416e-01,6.757750818846275376e-01,7.177980358629154622e-01,9.605406334408326252e-01,5.984745370876832782e-01,5.376827425818165862e-01,9.211076953963354130e-01,7.566922092709849057e-01,9.687286058994848403e-01,8.964943400123001060e-01,6.504405132692900882e-01,8.154370881600678800e-01,9.786053425077785306e-01,6.640405192109515298e-01,7.064929984088985648e-01,3.565373352052145783e-01,4.791487304253769786e-01,3.263895501567197766e-01,4.720798554047780371e-01,8.435026620824779275e-01,6.266645204060665719e-01,7.073102765379406520e-01,5.286289836129879349e-01,8.076621838581837798e-01,8.380267071592282235e-01,9.631634198450090834e-01,5.249028298460475250e-01,8.013848431776779968e-01,6.420454339625609741e-01,7.520385806881028090e-01,9.931406587532569663e-01,9.348614389738216790e-01,7.591679024191585468e-01,6.076146658475605200e-01,7.263189574806486748e-01,7.543790502239245965e-01,9.346992745060554997e-01,8.916518693828254793e-01,7.376806299221725371e-01,4.447321458346676359e-01,6.633637954735764897e-01,6.125543858551975029e-01,9.157769499349454057e-01,2.203912176289012925e-01,9.731900095049177413e-01,7.998358452904763549e-01,5.101405256038815672e-01,7.408462058319923438e-01,7.553556816675413010e-01,8.593324875902821347e-01,4.262580729506507127e-01,5.960135188168539377e-01,7.802744875614885389e-01,9.489447938912874969e-01,9.507359339432919221e-01,8.213768440931460413e-01,6.274050160779953700e-01,7.145813084454487596e-01,6.317400230227628866e-01,1.262670165653028143e-01,4.474226408132423449e-01,6.225922541019784928e-01,6.945200163042392072e-01,3.811414719665949802e-01,2.062150681810024644e-01,7.219019275766493937e-01,7.362893900299832817e-01,6.434878997292483582e-01,7.898773132384828699e-01,4.422874789915133831e-01,7.144862580263907637e-01
8.084450419215398753e-01,7.772367515177529551e-01,8.404711441653794912e-01,9.728263736120927874e-01,0.000000000000000000e+00,3.973303863289079363e-01,4.428350325483970673e-01,3.052417124913896496e-01,7.455557917641706389e-01,8.108416257906414515e-01,8.893008556904484774e-01,6.335407841706858223e-01,9.953033473760803940e-01,8.838906554605280297e-01,8.146358972027257783e-01,4.513532737651489990e-01,9.446346325586528758e-01,4.199926200362523732e-01,4.113921129403758647e-01,7.023429905973843645e-01,9.266679699369250178e-01,6.752068555759194179e-01,9.425741237401371597e-01,9.177214312736297064e-01,6.674087344118020404e-01,7.259771013915294890e-01,5.900534680307329971e-01,8.361339044374730411e-01,6.678906528159596068e-01,2.439895573863751221e-01,5.670491566594613175e-01,7.472419351574035584e-01,9.073813855938419604e-01,6.083554590534221429e-01,6.158313611751879968e-01,4.907314097196997515e-01,3.430096471624207721e-01,4.806331244566355854e-01,9.345575336920944887e-01,7.082198045519609853e-01,2.526389381723449512e-01,6.545440147294180333e-01,7.746658598921754013e-01,6.810293059098306845e-01,9.839960407196748360e-01,6.500966838419960370e-01,9.825844736949554958e-01,7.291928201778803409e-01,4.116590486722395692e-01,9.645146332298824010e-01,7.617685567484080433e-01,8.387408821728380426e-01,8.732062550530867995e-01,9.818936301219231000e-01,7.847248048642970764e-01,2.632275500815525748e-01,7.592680947573883232e-01,8.002499357459491591e-01,5.369676205854974071e-01,5.238911029733359648e-01,3.546139841366739986e-01,7.409906970950690397e-01,6.178344931371754223e-01,6.875273871913599733e-01,7.636918735459096164e-01,4.599358628484913614e-01,9.102804975834660750e-01,7.159154639825229260e-01,7.820075414134080027e-01,7.816990998473785091e-01,6.614050460730843684e-01,9.710914247191200221e-01,2.919170763962300463e-01,5.851464311325975665e-01,3.889543810763549520e-02,6.971019646387268676e-01,9.783854851371058814e-01,6.717993917182363273e-01,4.453411497643618433e-01,4.567811963340381864e-01,5.455383470083021713e-01,4.112374255994890038e-01,6.356495981190157796e-01,6.241873276707373686e-01,9.178143748766851573e-01
9.592972416833407401e-01,6.042395327454221921e-01,8.152549994329897354e-01,6.243543112763255687e-01,3.973303863289079363e-01,0.000000000000000000e+00,6.490062547958950212e-01,4.161286485467886598e-01,9.904341916742533947e-01,6.487729020962708093e-01,9.305098495999066799e-01,5.525486172873399493e-01,6.327618906020401335e-01,8.635080591035841913e-01,8.042716630765877062e-01,6.696979147301483637e-02,4.590841484449842413e-01,7.127077869781632824e-01,8.503865814927766831e-01,6.883125564585451661e-01,9.234463062326500049e-01,3.562038653322824322e-01,7.258562496631691952e-01,4.877900219271862348e-01,6.105485407526421993e-01,5.651475864401669380e-01,7.274233853851318488e-01,7.904933295733383991e-01,7.296411805765573577e-01,6.890267324140258998e-01,4.993732258774505328e-01,4.444048901217366732e-01,4.481077964116575441e-02,7.971918573372666073e-01,2.517619315191188534e-01,1.522517881823998165e-01,5.382304729484093109e-01,6.946572150629559683e-01,9.992450388418172569e-01,7.212679700016351170e-01,4.241493420296928996e-01,8.970313839507491060e-01,-1.361127788491876822e-01,8.342843789942332444e-01,6.161008043202550466e-01,3.508084497304205240e-01,4.596869249293186188e-01,6.756795907926606004e-01,5.561327958807346095e-01,9.913534629576686852e-01,6.628784477877950332e-01,-1.728953659448625169e-01,9.944946538185928109e-01,7.785410069715194004e-01,5.089977664918133859e-01,9.454349049579264808e-01,4.619209138832130468e-01,9.329631379948581937e-01,8.955176242743333459e-01,7.464223483811169846e-01,5.253514940105286080e-01,5.309183763043433535e-01,8.487626626870964364e-01,9.829182215728338168e-01,7.015240824371441475e-01,4.336371885131604653e-01,9.581572066892134476e-01,5.922204952767778918e-01,7.729138569443014806e-01,8.425488495918459497e-01,8.127047620634091363e-01,2.432308628078743706e-01,5.283715864242229943e-01,6.631758726954066763e-01,2.010014635468066468e-01,6.135785755206868419e-01,7.849768516417119368e-01,7.686048363739339875e-03,3.749557491733557235e-01,1.199547988513368496e-01,3.478310853601538355e-01,9.479776853511552304e-01,9.628812565283469960e-01,7.572124384009044640e-01,7.966931717331769969e-01
8.894237413828229855e-01,5.251601141751465196e-01,8.324643885915076202e-01,2.306686806553739089e-01,4.428350325483970673e-01,6.490062547958950212e-01,0.000000000000000000e+00,7.254240528966505730e-01,3.703667389833109613e-01,5.042153110216208711e-01,9.038921604648225694e-01,7.950921103862877981e-01,2.380481958766240969e-01,6.176521650694148935e-01,7.396159499127202830e-01,1.217047592199022310e-01,9.603574266263000814e-01,2.819636635485708309e-01,3.542054579525605873e-01,9.880688852400116851e-01,7.906303426173528770e-01,7.712863428889898953e-01,9.983354482853635803e-01,8.614937181064999949e-01,7.012815968667177602e-01,3.054042995078403711e-01,4.093949707989862352e-01,3.819902726671870474e-01,5.676272590756066272e-01,4.864947163133545582e-01,2.904207400120488169e-01,3.653032334089461042e-01,5.620262008217951077e-01,9.347524083179252763e-01,3.977656010125515396e-01,5.270859455038853225e-01,1.560208803065151750e-01,6.737060235156799859e-01,4.977509142926511143e-01,6.502651126612459809e-01,4.595675544039028448e-01,5.547070187631626403e-01,6.749039413638540097e-01,4.375852169597675978e-01,8.355952281579943630e-01,6.230011523192524603e-01,5.678512350477118442e-01,6.093990724301568962e-01,7.271482159660287437e-01,6.488723546073650317e-01,5.254098537771884070e-01,7.300661631964454612e-01,6.223531412024326803e-01,9.714863124245807224e-01,9.519809101421213837e-01,9.329646539675526817e-01,4.853681083597158885e-01,5.085059108862494126e-01,9.739431326474792261e-01,7.477999804341450840e-01,6.382807247576046672e-01,6.034529105595498599e-01,4.233154542419866884e-01,3.448129734223445153e-01,9.961469946573335843e-01,2.429272305230179355e-03,6.517726429380004127e-01,7.230318495940765144e-01,8.550526260845846271e-02,3.809410895120223239e-01,8.289895626282242080e-01,7.123240431561164154e-01,2.922469569241267773e-01,5.352625900311468454e-01,9.279336632532953974e-03,7.215546661203471324e-01,7.079853583781702264e-01,4.068218775624710681e-01,3.950053206009338513e-01,2.412244439656541506e-01,7.082956410772920375e-01,9.276980777753832674e-01,6.065173196241973042e-01,6.289208583060061919e-01,7.377469550896704753e-01
9.618729789780874340e-01,6.181668142269852728e-01,9.542854321254774508e-01,7.876579158858434404e-01,3.052417124913896496e-01,4.161286485467886598e-01,7.254240528966505730e-01,0.000000000000000000e+00,9.729902526764091508e-01,6.932184074758693804e-01,7.219597503739239031e-01,7.866212260164721082e-01,8.350434271599109781e-01,6.410104870186543735e-01,1.963728363606722926e-01,6.765177520481857609e-01,7.948018592531179705e-01,6.971969419511293564e-01,9.839234696434219218e-01,8.273610556621772139e-01,9.380861516686271884e-01,4.899243835533381719e-01,8.245895135826837308e-01,8.952042037798683127e-01,4.794945553829703111e-01,4.002993692358716160e-01,9.788710426259763508e-01,7.912901888842545084e-01,4.428023742372810267e-01,4.930885522782065267e-01,3.113080089907096504e-01,4.597883885230140688e-01,6.801147559390625652e-01,4.996383030900988231e-01,5.484828146411802052e-01,7.546233185513956387e-02,3.688059224130262326e-01,6.954471560367880834e-01,9.908086001752258731e-01,2.462751383767237123e-01,5.258528141519861476e-01,5.569583795660477676e-01,4.466603145082776449e-01,6.172880450081836834e-01,6.279390674116652749e-01,9.018482795263108587e-01,7.443355809219217578e-01,5.578786045374777292e-01,5.230148520790613986e-01,6.690621000535661445e-01,4.428813652255020328e-01,4.590193761925955851e-01,6.177787519447405229e-01,5.189208933874472907e-01,2.831057825196602873e-01,9.343547215105906245e-01,3.299011362559527427e-01,9.581969401886528681e-01,6.394973506961109111e-01,7.252069656289209520e-01,3.227732314152886861e-01,6.435335363877322523e-01,7.931094707218883100e-01,4.491368161062185282e-01,9.508436617472798558e-01,8.063501152195563515e-01,3.880547523649610642e-01,8.193689281053919693e-01,9.483104895815658297e-01,1.438436352846333421e-01,4.558047885560462809e-01,8.801688532508574747e-01,2.274044072126802096e-01,8.031972257947028737e-01,7.082899312371185863e-01,7.322307519443992385e-01,3.955029575982861312e-01,7.862747448116497173e-01,7.240617758208868215e-01,5.632430179812083493e-01,6.105630065835966347e-01,6.891683990157979611e-01,9.970923078201385792e-01,7.618691303179185859e-01,2.339619890609873909e-01
8.786695667129809095e-01,9.567425607004762522e-01,6.203990342197214236e-01,6.204396637549303151e-01,7.455557917641706389e-01,9.904341916742533947e-01,3.703667389833109613e-01,9.729902526764091508e-01,0.000000000000000000e+00,9.367977397910910442e-01,2.267955376797053668e-01,9.406732713811155611e-01,9.994261956289695048e-01,8.944653753414367747e-01,6.930231877083691261e-01,9.453240327318432890e-01,9.371669594437197492e-01,2.287109387073616440e-01,7.698265728430154775e-01,9.150884103094769628e-01,6.611413276006317119e-01,6.607496951491729220e-01,6.207705540880730233e-01,9.979661536510360254e-01,6.062365664923553554e-01,6.694046715652104407e-01,4.668264714014567773e-01,6.245554574933877001e-01,5.667504290623507357e-01,-7.198630904512332007e-02,1.769927212299560182e-01,4.564503299761840660e-01,6.346868731245370876e-01,7.132190543156918805e-01,2.199179040879081226e-01,-1.104560125671849302e-01,5.802632620676800856e-01,7.538778601605991003e-01,9.248472181577381823e-01,3.780438972255080465e-02,5.127702561828055838e-01,6.474089171834208623e-01,8.590442944567878714e-01,9.528030317630031831e-01,9.648785630022347348e-01,8.423885651441631595e-01,7.609446063963785090e-01,7.885521500243503068e-01,4.994374863270292786e-01,7.218911615644004742e-01,7.541572939627969596e-01,4.850766546927154921e-01,5.234604581637715137e-01,6.512864047174926618e-01,3.141952951895684576e-01,8.537973515833033877e-01,3.515664126473411200e-01,7.864687173139547349e-01,7.145524852641413904e-01,2.863520119993528956e-01,6.781234771164006414e-01,5.283807716806754318e-01,7.096942026449520879e-01,9.873972303881014545e-01,5.529043553286119295e-01,7.799326991665648245e-01,9.436483410369138625e-01,7.350012284534239715e-01,6.764020530287310207e-01,6.583375738516706877e-01,9.164175047300212595e-01,6.697886942964735857e-01,5.728407383557923005e-01,4.916578041408177779e-01,5.200287473513163228e-01,9.276416205818673877e-01,9.319148795818986697e-01,3.726653387160783204e-01,4.952792924015781417e-01,4.016605091220746271e-01,8.083184945752291961e-01,8.017183353421810654e-01,8.174861859574833467e-01,7.910989284689009526e-01,4.717210131894877811e-01
8.632111419248993389e-01,6.601305368452872191e-01,8.949888528826963618e-01,5.874558224270526319e-01,8.108416257906414515e-01,6.487729020962708093e-01,5.042153110216208711e-01,6.932184074758693804e-01,9.367977397910910442e-01,0.000000000000000000e+00,1.629653885946607053e-02,6.765202756234438564e-01,5.968157819807531350e-01,7.337776880387049117e-01,9.222920537649300643e-01,8.865681104767966225e-01,8.947918391901787949e-01,3.509242625227217971e-01,8.612095343004152470e-01,8.580803245743703345e-01,9.806562784996526450e-01,6.836361540280811999e-01,9.400595999027349103e-01,8.196830756047899236e-01,2.027026710115465702e-01,9.022294264466717006e-01,7.538516170598816846e-01,6.033267865753535464e-01,2.700991977713867453e-01,3.718644375918841449e-01,6.983450729003920499e-01,2.046592849486643939e-01,2.656131211312598994e-01,7.903696599044232052e-01,6.743867430117712614e-01,4.153174373831799993e-01,2.768786195781808290e-01,6.712229956620581195e-01,8.138408154659934057e-01,7.448046046418833610e-01,7.560317947380673642e-01,6.338348549480005145e-01,7.901368027992434762e-01,6.919394583625341211e-01,2.991917779611424910e-01,8.184443782000473400e-01,5.667125248934428150e-01,7.326426185499647081e-01,6.056857653995968427e-01,4.427570586418205223e-01,9.900270932012815717e-01,2.465923455553331589e-02,6.226326480972622646e-01,6.745719615702866490e-01,7.293785977761050310e-01,3.971269501266216362e-01,7.625467595960776501e-01,6.635830851911534989e-01,9.074717876773205072e-01,2.695024721763016884e-01,7.001558220664133581e-01,5.179623449677013269e-01,7.443238174020677667e-01,8.280590840505858141e-01,4.254225724555739663e-01,7.435850567775299513e-01,5.057928005369863866e-01,6.762444569509948877e-01,8.872115080487825989e-02,1.968160264368905565e-01,9.603021411505593408e-01,5.519046902100535612e-02,4.234620753549852568e-01,4.443594990611454687e-01,6.509191511931836649e-01,3.323416719556190335e-01,6.562402261578117457e-01,7.154704484536831277e-01,7.601295371563062675e-01,8.632545873114166879e-02,5.394836550877433190e-01,8.940488389442841077e-01,5.253046188825940543e-01,3.780406421992312804e-01,7.672385171608465670e-01
6.115459000066447715e-01,3.653213766736546630e-01,9.544702391810722109e-01,7.565238800102873640e-01,8.893008556904484774e-01,9.305098495999066799e-01,9.038921604648225694e-01,7.219597503739239031e-01,2.267955376797053668e-01,1.629653885946607053e-02,0.000000000000000000e+00,8.477597008888563268e-01,7.799678246047633268e-01,6.319815442197157518e-01,2.158330341146139641e-01,6.045734029333010850e-01,5.261584282720934702e-01,4.742046560349862938e-01,-1.136605631748622974e-01,8.353940540455363495e-01,5.681757412721701872e-01,2.182317499785764447e-01,9.680012193529856646e-01,4.461649012900423816e-01,5.364910878409776540e-01,9.114762963991368538e-01,6.520689120945742934e-01,6.306145412069547040e-01,5.621285714751157458e-01,4.784319601383859588e-01,-1.516244302752758344e-01,5.694740910682304369e-01,7.020420150234907286e-01,6.181369427669465288e-01,8.460978263709715286e-01,4.384652845025344137e-01,4.035714333206507076e-01,8.084310862266883557e-01,8.359371313361892986e-01,7.219252731594858474e-01,1.128504437708082245e-02,7.568638468744675052e-01,7.060435116308506620e-01,8.293734607200736741e-01,8.690080528344129585e-01,2.019928709645407994e-01,6.445630459835413051e-01,7.912854112419374086e-01,6.762987836859772894e-01,7.477494296799216400e-01,6.184793029623516514e-01,6.170084381137367346e-01,4.095813974266805380e-01,6.108606125900157835e-01,2.268708277707660870e-01,8.585866657693298487e-01,7.041138562995806760e-01,5.585627103268501203e-01,8.791808530362745788e-01,7.866366382216570807e-01,8.600890601114996245e-03,9.144433414267209015e-01,6.452186006716456035e-01,3.600245069316455604e-01,8.042364978037225276e-01,9.643730833175268025e-01,8.264757954105356186e-01,7.584657353374927302e-01,2.735536587600185809e-01,6.969622085611760776e-01,8.722490383899921262e-01,7.058180455869130787e-01,7.467351389575022091e-01,4.176553438444223776e-01,9.271969366195964568e-01,5.584474326774956365e-01,4.717361046198831342e-01,7.925120825958715809e-01,6.367565351322345135e-01,2.571495716130661746e-01,7.602992876208761741e-01,9.711541346303221856e-01,8.724006483834351178e-01,6.352801333377167126e-01,5.100530880964498914e-01
5.201623961812368302e-01,9.788710902363363386e-01,6.224683252501233000e-01,5.825792673942850053e-01,6.335407841706858223e-01,5.525486172873399493e-01,7.950921103862877981e-01,7.866212260164721082e-01,9.406732713811155611e-01,6.765202756234438564e-01,8.477597008888563268e-01,0.000000000000000000e+00,9.435635972954918849e-01,3.924839931495364143e-01,4.182787260685325026e-01,8.921395616393172912e-01,4.836181865217335507e-01,9.363033094491315378e-01,7.854984616305422662e-01,4.054824210048174615e-01,7.110941856552943641e-01,4.830640315328346146e-01,6.401993057072208337e-02,3.209707673016634066e-01,4.018388392398826170e-01,7.170937313648193534e-01,5.428460604834035585e-01,6.123105065213151343e-01,5.262421775812727853e-01,5.068631748052910835e-01,3.357263665197959268e-01,8.714480630218155444e-01,9.119210049583141853e-01,7.748932338641004725e-01,1.558732181824329377e-02,7.766955944531186429e-01,1.612256454983944376e-01,5.328879052356581131e-02,8.458245681805263150e-01,8.557262916603239900e-01,8.957723383997996391e-01,7.238316356572788157e-01,9.262159704570864793e-01,8.833546739787687674e-01,8.779017753226828757e-01,7.275157319520081378e-01,8.777169605122943086e-01,7.555968439565781125e-01,5.114145179849254319e-01,9.140073722680098767e-01,3.857977537207707419e-01,6.971657995791050721e-01,3.415946360334489729e-01,6.861426643752678300e-01,7.263988497218132334e-01,7.964770055004741778e-01,6.134628776837806052e-01,4.232050056787355907e-01,8.266726730053721717e-01,3.549174045769715180e-01,3.369348032508283630e-01,6.463501174747581235e-01,7.893796249467794901e-01,4.831752318260972290e-01,8.217013941581567948e-01,6.731994027604701891e-01,6.663150898804307554e-01,8.502682272507677830e-01,5.717504928980035039e-01,9.408312218136115623e-01,8.178403171785806336e-01,4.554280851667689700e-01,7.141609343536163834e-01,5.000155780355353130e-01,7.475053519469277985e-01,7.971125347313328113e-01,9.385430416084861172e-01,7.968062338969885694e-01,1.973639113240365783e-01,7.907105507423752844e-01,3.284294629847180347e-01,5.215734871752990554e-01,7.964632553009188820e-01,6.757786134633344544e-01,4.421128418104665614e-01
9.951386702899591707e-01,9.079827918393333919e-01,6.288669353175593280e-01,7.909945861463891781e-01,9.953033473760803940e-01,6.327618906020401335e-01,2.380481958766240969e-01,8.350434271599109781e-01,9.994261956289695048e-01,5.968157819807531350e-01,7.799678246047633268e-01,9.435635972954918849e-01,0.000000000000000000e+00,6.414710439643183104e-01,6.983312907932323066e-01,6.158856639993063320e-01,8.561569296866706757e-01,9.005365527255336788e-01,8.104872860372089871e-01,9.773154327121439389e-01,9.825696597079598416e-01,8.162564024887309921e-01,8.496785471426117065e-01,6.761802180707390253e-01,6.331465716674267337e-03,9.381813653406668729e-01,7.745379128917000422e-01,4.079706452016953477e-01,5.957635931569653653e-01,7.953560038436653379e-01,5.236054591005401271e-01,4.644012202485194862e-01,8.076715320846056256e-01,9.270145894262759034e-01,8.353232573769765468e-01,5.987260150259976488e-01,5.029070584505559438e-01,8.206668924145628097e-01,8.914506511755565521e-01,5.107545844315569683e-01,6.187795236468642823e-01,2.950538792899500828e-01,6.448781615794225708e-01,9.624001725978108546e-01,8.258998979040432786e-01,8.540952073869884087e-02,9.167670870749573542e-01,8.134178581676276831e-01,8.982387607297243060e-01,9.362812609541040221e-01,1.156370307887779475e-01,2.660626636886624929e-01,7.301513757882074351e-01,6.438972457695756324e-01,5.695282014355524947e-01,9.236999316844376473e-01,7.755354320916903188e-02,8.084996254818759276e-01,9.641195350493434457e-01,8.084325451545028018e-01,4.145345538189048051e-01,7.663347412353995747e-01,2.833870992152499602e-01,9.164758818283926800e-01,5.983673589690430283e-01,9.325841551422360265e-01,6.307243273219577118e-01,8.020057424786340983e-01,5.408621947012351994e-01,7.482053106576400658e-01,7.239081338022362866e-01,4.484505033553372599e-01,6.059871972321699829e-01,7.783168618590101673e-01,4.604684583764308003e-01,7.949574982290643632e-01,7.987166852430149441e-03,9.253124445422634681e-01,7.745153586321195105e-01,4.471648359632237613e-01,2.171726413407971401e-01,8.687376105897735012e-01,3.967954229528830590e-01,7.816322874165717582e-01,7.692487782361152604e-01
6.941807439590367279e-01,9.309581638473019005e-01,8.270599624310162046e-01,1.689477829541406045e-02,8.838906554605280297e-01,8.635080591035841913e-01,6.176521650694148935e-01,6.410104870186543735e-01,8.944653753414367747e-01,7.337776880387049117e-01,6.319815442197157518e-01,3.924839931495364143e-01,6.414710439643183104e-01,0.000000000000000000e+00,6.442541303584579104e-01,9.169346803938591695e-01,5.087890352528939841e-01,3.854272873704255309e-01,5.501739401527343531e-01,8.458756847280497482e-01,8.630575980348196286e-01,3.345650320682720669e-02,8.457956091639629026e-01,4.750417439649469720e-01,3.886637992841484035e-01,9.403157229303685805e-01,8.152224400073659893e-01,9.183074065405483211e-01,5.782641424018891696e-01,7.545700228567491230e-01,2.288135607210082800e-01,5.281384875223342767e-01,6.313274787770715157e-01,9.292138110717049759e-01,7.127021924268263087e-01,7.538276442183075021e-01,-7.431234555817398113e-02,6.475732174473584069e-01,9.744000696264009109e-01,7.440722359022593491e-01,4.832855780308882299e-01,3.547169400817121732e-01,9.304650150408888543e-01,3.253920493548688175e-01,6.552795848777119847e-01,6.997893590228383420e-01,7.376499529225472029e-01,2.988299810898751852e-01,7.324293146158176171e-01,9.203865612674484442e-01,4.319619932375888816e-01,8.444141098792310451e-01,4.967920282539944887e-01,9.787219368139160602e-01,6.833052559195982312e-01,6.038901523724029552e-01,6.895302016043748372e-01,9.289722731344687290e-01,6.810743169661743757e-01,7.047901378120345894e-01,4.630856100354325822e-01,9.431891577289862605e-01,9.768005055061755870e-01,9.054340594464990177e-01,7.675069399869116626e-01,7.728411612193538671e-01,6.126058846439224048e-01,8.466833690988840866e-01,7.720040212093676191e-01,8.988132130996112634e-01,3.741823760379758834e-01,7.191886250118726398e-01,5.019396156554368771e-01,2.622982996388649735e-01,7.812244277287707650e-01,4.757124884923493724e-01,4.553170314356135284e-01,4.177655201402750706e-01,2.854380626238260943e-01,3.561559460885405093e-01,6.508829631440256058e-01,9.971385520032298722e-01,9.811811799763895392e-01,4.098772371863882991e-01,7.720257492511259922e-01
8.794011258986745849e-01,9.378430610089362185e-01,4.161148678891403718e-01,5.794179444004703416e-01,8.146358972027257783e-01,8.042716630765877062e-01,7.396159499127202830e-01,1.963728363606722926e-01,6.930231877083691261e-01,9.222920537649300643e-01,2.158330341146139641e-01,4.182787260685325026e-01,6.983312907932323066e-01,6.442541303584579104e-01,0.000000000000000000e+00,6.016383160569788169e-01,9.644425191545800136e-01,9.786032470543821749e-01,7.415663064418310801e-01,2.331738676680624178e-01,9.895929297048480233e-01,9.802200247053592941e-01,4.121219376671796386e-01,7.145033844672624701e-01,6.049183543033254118e-01,2.992684575669485314e-01,7.190827284195289160e-01,7.124985092112360308e-01,9.094282563138355036e-01,2.283780594066699143e-01,3.474093485139309045e-01,5.330262945424035781e-01,6.062245040974555410e-01,6.357717988411706322e-01,5.269727630996510204e-01,1.596877859903508279e-01,3.010164946061189561e-01,6.581930394514716731e-01,7.784520636962355411e-01,8.926488402718748549e-01,5.518451677980682479e-01,5.595740958538552023e-01,4.040121693544750925e-01,5.962386943725126454e-01,5.890609287203543154e-01,7.418902078975257997e-01,6.851592934098861276e-01,7.166245577099452646e-01,3.369549884714299059e-01,9.652602649080517516e-02,4.167912435209065736e-01,4.021916040031744966e-01,8.405232877932184987e-01,5.770284729721711914e-01,7.323589335646716325e-01,6.927444566928293579e-01,4.044258369783343410e-01,7.482850143536885490e-01,7.831697728856824581e-01,1.425472404356348255e-01,2.278035959246603182e-01,7.771075096917027247e-01,8.515234793507542310e-01,6.387340506518283112e-01,6.978260364602063559e-01,8.665633071017668776e-01,6.828686260436193090e-01,6.583049655074033613e-01,4.441366398036081242e-01,7.176865624883519423e-01,8.841905690048749156e-01,6.737086204752025242e-01,9.433782094456990563e-01,7.485757632755678515e-01,7.665072326517905488e-01,3.293961345009243091e-01,6.754484759708014874e-01,7.401886416599929852e-01,1.074575413223314568e-01,3.105202754132395659e-01,3.804037489048682774e-01,7.776661540823247565e-01,4.532464512079109609e-01,6.184864789270292373e-01,5.391937984336630380e-02
9.850449981288995627e-01,4.742351902919556550e-01,4.613965727692078689e-01,6.757750818846275376e-01,4.513532737651489990e-01,6.696979147301483637e-02,1.217047592199022310e-01,6.765177520481857609e-01,9.453240327318432890e-01,8.865681104767966225e-01,6.045734029333010850e-01,8.921395616393172912e-01,6.158856639993063320e-01,9.169346803938591695e-01,6.016383160569788169e-01,0.000000000000000000e+00,9.833900934553705397e-01,4.758800015548652063e-01,9.043274373490344242e-01,8.690855038686337020e-01,6.786641165957583155e-01,6.907414984466845320e-01,8.498624981311216908e-01,9.144647534858829641e-01,6.342333302643013981e-01,5.935649782800820340e-01,8.606559686887147453e-01,5.946765714568624794e-01,7.371444738029251376e-01,4.907480942306279847e-01,1.843134474094434150e-01,5.563064566309319225e-01,8.996390707626982230e-01,6.040772451586983172e-01,7.959405246714342796e-01,4.310880448007959331e-01,8.853697975877863890e-02,7.743758843707491124e-01,4.836089114672718625e-01,9.209773413261809205e-01,8.713735606646936249e-01,7.503087391199659839e-01,6.938668374865886168e-01,9.838557493832430501e-01,9.137762848133537119e-01,9.884850034703538402e-01,3.617005733342262830e-01,5.116775276802359995e-01,7.979297838355022821e-01,9.609974923515782752e-01,6.334208749693748253e-01,7.259665332990538067e-01,6.396915444238059356e-01,8.069516917603719586e-01,9.724479856184170545e-01,3.886663175495589928e-01,8.077411038580065705e-01,8.243156118592892545e-01,5.546298393871289534e-01,2.587951832753039305e-01,2.287352196988153286e-01,5.341495054937402953e-01,9.023348535013221428e-01,9.005419550760531688e-01,9.073166307134529207e-01,7.476565965987075346e-01,7.303030832230149594e-01,9.903344038380460512e-01,7.846957567483791030e-01,2.793093699093117666e-01,9.593001784200010373e-01,6.450095420357246923e-01,8.810599384256638800e-01,7.360491961225733570e-01,5.509763964296767735e-01,7.175593177996918426e-01,5.961661355339215040e-01,1.143997806288577640e-01,7.846236162897147759e-01,1.976144426514125640e-01,2.821557361904980521e-02,9.600147072723513864e-01,7.724117940139915151e-01,7.967979702990414248e-01,7.234548403647063086e-01
8.489519091537488515e-01,6.850018755937814507e-01,9.577168325535214688e-01,7.177980358629154622e-01,9.446346325586528758e-01,4.590841484449842413e-01,9.603574266263000814e-01,7.948018592531179705e-01,9.371669594437197492e-01,8.947918391901787949e-01,5.261584282720934702e-01,4.836181865217335507e-01,8.561569296866706757e-01,5.087890352528939841e-01,9.644425191545800136e-01,9.833900934553705397e-01,0.000000000000000000e+00,7.027639553699897013e-01,4.419560660810762931e-01,6.764809942935086085e-01,9.235066935501516916e-01,3.253251237374646387e-01,9.301400685652837508e-01,8.456424241703824896e-01,8.000639738340684648e-01,8.421797799160480880e-01,6.495348632206040529e-01,8.867860064600907588e-01,5.561116267642124411e-01,6.121330113373941728e-01,3.021924374390854151e-01,8.077525891070347352e-01,8.933484513984127906e-01,6.589985212676238158e-01,9.822893060690935929e-01,5.489516472517480539e-01,5.720029715311877316e-01,8.579606566564664805e-01,9.706045881727163316e-01,7.839578908606747998e-01,5.963736937998218579e-01,3.261545355660075973e-01,1.197979733237007349e-01,8.709742988195940949e-01,6.992364222111548955e-01,8.054542857367966713e-01,8.665464909994279319e-01,9.843808694137706761e-01,6.072313056406716258e-01,8.976210715699241005e-01,8.145223342317431392e-01,9.664584158539440972e-01,1.207775224279510895e-01,4.948418698657133241e-01,-3.217630887464889566e-02,4.684782389369848143e-01,7.511303954329644483e-01,6.468625561493467346e-01,6.628485294521944127e-01,6.674628602871999217e-01,6.170489135951092718e-01,9.219300140441826219e-01,9.906246685282986686e-01,5.341503395613336203e-01,3.808000390267349822e-01,4.143888066850648921e-01,8.661826443142751630e-01,6.192069142159156714e-01,4.769311237266549153e-01,8.186199830038410896e-01,4.082485496382777246e-01,7.961765482053357879e-01,5.276963364424078762e-01,7.022669476883137696e-01,9.433879881228059983e-01,7.438475687679177994e-01,9.135779090344741116e-01,7.907634864345931547e-01,4.390098931632911428e-01,3.788292961775971968e-01,7.868181669203291317e-01,7.626528250689482702e-01,9.325638078788369700e-01,6.576316472296523941e-01,6.921433012267755869e-01
4.367251862096428461e-01,5.548530444865107381e-01,7.665789052227093281e-01,9.605406334408326252e-01,4.199926200362523732e-01,7.127077869781632824e-01,2.819636635485708309e-01,6.971969419511293564e-01,2.287109387073616440e-01,3.509242625227217971e-01,4.742046560349862938e-01,9.363033094491315378e-01,9.005365527255336788e-01,3.854272873704255309e-01,9.786032470543821749e-01,4.758800015548652063e-01,7.027639553699897013e-01,0.000000000000000000e+00,9.101500424152412227e-01,7.804175917254474459e-01,8.799533395141310166e-01,7.971110840271418141e-01,6.339428663452066903e-01,7.334685685405447630e-01,4.507693722217148702e-01,9.805122333753331088e-01,3.489600086255761346e-01,8.160296918320200099e-01,6.851526279471632508e-01,5.672413783162313927e-02,4.249892183853266059e-01,2.701941393264091218e-01,4.242268115450336663e-01,6.277200659852665288e-01,7.475795266130749184e-01,3.082655287198414196e-01,4.476168615006063667e-01,4.043623612215202501e-01,6.161155358391737780e-01,6.157196571989821399e-01,5.188633574286768413e-01,7.360415786848353292e-01,8.244898014155708221e-01,6.957200646057525306e-01,4.260961032597960774e-01,8.980286228685471217e-01,6.914616752144828737e-01,8.609482045831906571e-01,1.647248125709177280e-01,5.484816464896561383e-01,6.144759434592969027e-01,7.164666553747632838e-01,9.351253871590967659e-01,6.159350715069983329e-01,4.495167434853374888e-01,6.973034130656288188e-01,8.688852903491481872e-01,3.640775490725257635e-01,9.233588743770616558e-01,3.136862058746792692e-01,3.114612782136840785e-01,6.303901250180538041e-01,6.055651937905099924e-01,9.189310926059079954e-01,7.197691554883247633e-01,6.486431771959624282e-01,7.749895429412313463e-01,8.963666612229903574e-01,2.000900336468201257e-01,6.762153775544101908e-01,8.828246902932710416e-01,5.992376787652122783e-01,6.183278568592399660e-01,2.921367697941500974e-01,4.416215926582797713e-01,7.305069094517913086e-01,7.694340809109624368e-01,5.811560687020369542e-01,7.380295739797635424e-01,5.509953233636274428e-01,5.746146461255166038e-01,8.263111559245983617e-01,8.301463236929472744e-01,5.692587797975701136e-01,5.211726570048662577e-01
