0.000000000000000000e+00,8.065250978460245523e-01,3.566936324101128708e-01,8.970985639177736504e-01,9.205414774688300827e-01,6.449790684165364052e-01,4.188332853266724665e-01,2.601575918654785990e-01,6.699365773446509520e-01,4.463424505038185996e-01,4.867017451836923581e-01,4.043770708113478829e-01,7.682693455634231894e-01,8.889194446729461463e-01,6.001788064306101678e-01,2.871627550493471293e-01,2.869903378627912116e-01,7.782416494860326939e-01,6.081827158246722043e-01,7.590190816556801057e-01,6.981879770056361734e-01,8.435419849685967808e-01,6.611003207928008996e-01,9.815904424901068515e-01,3.752499489511634811e-01,2.437514622172110013e-01,8.657512792331800711e-01,8.429176454905440430e-01,4.892252511989769181e-01,6.622628998805727418e-01,2.195248988195278306e-01,8.492326528540292685e-01,6.758010962575881075e-01,9.762517715662402118e-01,6.615066542960718055e-01,2.412236017835535373e-01,-5.805650542408283266e-02,6.442235819671355834e-01,7.799178462867381034e-01,7.004165217863698167e-01,7.292699386621179780e-01,9.961782603604023567e-01,8.436418734745668724e-01,9.432448371019706013e-01,8.125341335882027005e-01,6.498579889682157829e-01,-1.066767106698986306e-01,8.742580085329247908e-01,9.907593734632816895e-01,8.254107828918426648e-01,8.110573053188668835e-01,8.814637835723259096e-01,9.947910000941804221e-01,6.042257300303367495e-01,8.911322487070385545e-01,8.753094720620366864e-01,7.640971461183454494e-02,4.203456090378215881e-01,2.064007627864390404e-01,3.225058138515311534e-01,5.928122061239031737e-01,7.711736180172932276e-01,6.064539723943085381e-01,9.894296988826769557e-01,8.382512676686522113e-01,1.041819644037274284e-01,6.522792071502967470e-01,9.538718074988350448e-01,8.007240015428751523e-01,7.636378246713969586e-01,9.659559933646607588e-01,9.462264062289154065e-01,5.831525445835017418e-01,6.480223117058652171e-01,8.180407526351745062e-01,9.897693771132585194e-01,4.881415476421388511e-01,6.810584680146005709e-01,2.962506841909373634e-01,2.975566677164706575e-01,8.366333482412235956e-01,9.400733814654088638e-01,8.487178502088663645e-01,2.442366071955271722e-01,9.966873435889290755e-01
8.065250978460245523e-01,0.000000000000000000e+00,6.593032714679285533e-01,9.968950377592761258e-01,7.355436759871986085e-01,5.260091678877449883e-01,4.062778170301190039e-01,5.671507955263714873e-01,7.054234611497225416e-01,9.193677351952268539e-01,7.521779317784327290e-01,9.614047728394709003e-01,7.715726006944128024e-01,4.471968696151556455e-01,6.955147848836182867e-01,7.015497553748818449e-01,8.001330084347008098e-01,8.021049227031050721e-01,5.614063411853595920e-01,9.028395649205581686e-01,8.425211805402756937e-01,3.878776432925431505e-01,6.827364858408069281e-01,9.967766573644494255e-01,3.456662300642423385e-02,5.692737932509996934e-01,8.628248265538971395e-01,7.639152934828188357e-01,7.419006705890799358e-01,3.063631979697595265e-01,1.439277007353561844e-01,9.439398495580696435e-01,7.502934825875841041e-01,7.615262302340175538e-01,5.848577903606869688e-01,7.361414241096447819e-01,2.773985697507701520e-01,6.170505773496086643e-01,9.151604281478769032e-01,8.978963383059366254e-01,6.711842535372197771e-01,2.176472896041973248e-01,9.153872912672004203e-01,8.215330786105757843e-01,9.002511686749584685e-01,5.088048762468242447e-01,9.152971486649096045e-02,3.347452233799836918e-01,2.173212846935654308e-01,8.738389280236737999e-01,5.313004797411874369e-01,1.560851499304550805e-01,2.127908649377308614e-01,7.200809553270682839e-01,1.797409596403058141e-01,2.974643986205327811e-03,6.425277304947283330e-01,6.152910440893958333e-01,4.449504158352495797e-01,2.270377280552365318e-01,4.969083618057578144e-01,-1.329352376672544300e-01,4.080628052817323881e-01,6.425706083332214380e-01,9.033376338471550415e-01,7.755278539747161304e-01,5.132014227892083280e-01,2.314697922884757508e-01,5.403970182805277744e-01,9.995041197281757661e-01,7.355935231055933388e-01,6.913080532983664206e-01,4.991034225907122757e-01,6.157132895872075018e-01,9.287336171579483324e-01,7.570971360970897290e-01,4.669821777320734557e-01,8.259771902227545093e-01,4.737447767076831129e-01,2.653737046245538411e-01,9.767703703401697801e-01,8.380271603894168253e-01,4.539101452690595395e-01,9.871256478090191244e-01,6.257836590810393895e-01
3.566936324101128708e-01,6.593032714679285533e-01,0.000000000000000000e+00,9.601293095656886489e-01,-1.369964851736606704e-01,7.815370877746734557e-01,8.123901044363580626e-01,6.519066954605663433e-01,3.133008256163887228e-01,7.241126065739263984e-01,9.163309439648020804e-01,6.798801300405087344e-01,5.417416968297650293e-01,6.868916446982218371e-01,8.565932890902843155e-01,8.973875369062284113e-01,9.370305895083497205e-01,8.040288285831375115e-01,2.640455092075703059e-01,9.623512872010016039e-01,9.240083953930731120e-01,9.155393539835463557e-01,7.870393648115657781e-01,6.449514151644524240e-01,3.036104693213082517e-01,7.145673912472521039e-01,9.997289112838820824e-01,6.029697451015963994e-01,2.729647016089807310e-01,4.305745731117523178e-02,5.821858898145775701e-02,6.029671180186543245e-01,7.003489502016979618e-01,8.859139465621014287e-01,9.094395314496684923e-01,6.574710137487297379e-01,5.113916376806986186e-01,5.704399523784529080e-01,8.687027875575462632e-01,4.897752534781826261e-01,7.770409203797041808e-01,6.097787479510267117e-01,8.431405326670948774e-01,5.712219541956964353e-01,8.208175117528088149e-01,6.505702760043861055e-01,8.658327807829635514e-01,4.199525870016744267e-01,4.253446763757596782e-01,9.585070872491041616e-01,8.942329318704070884e-01,6.757182358455949833e-01,8.608031750002056448e-01,7.709439684567300777e-01,6.300081176141826278e-01,8.304297345385518447e-01,7.363430610178496316e-01,7.497859589435212913e-01,9.545755400697626403e-01,5.287445581423856344e-01,3.973034941756161675e-01,4.662166554221536252e-01,8.003567238056827904e-01,9.455976696140883098e-01,6.065395799619368589e-01,6.926343751197979737e-01,2.359255439256332521e-01,9.715012844342152398e-01,8.451575649378034738e-01,8.424858210901347011e-01,6.881254125089696361e-01,6.315318124756374996e-01,7.174543986521788597e-01,8.264929056680808683e-01,8.589105201500730757e-01,6.304109561889145175e-01,7.599575929568797017e-01,7.067627144229129410e-01,4.129603469924382764e-01,5.854431216467106402e-01,6.161435756439963551e-01,8.783551468947098373e-01,4.589070923575734873e-01,8.477252410393988358e-01,9.600458618199814165e-01
8.970985639177736504e-01,9.968950377592761258e-01,9.601293095656886489e-01,0.000000000000000000e+00,1.831577255260375126e-01,6.216455339685236225e-01,4.333980480151196080e-01,7.068811364679498110e-01,8.296175543186156132e-01,8.610663079542382192e-01,5.269650714096334454e-01,6.111736499265497669e-01,7.398913813282019802e-01,4.978620877330347527e-01,8.010400049483000773e-01,7.998561686105607471e-01,8.052461545181867075e-01,9.393206048084672410e-01,7.146568374184679717e-01,6.598846731818179823e-01,8.545001067554510721e-01,9.879092268211816519e-01,8.953585033539900317e-01,9.845753253501394742e-01,8.678282262046133066e-01,8.025160044388390812e-01,9.415368866235848122e-01,7.196322589980096440e-01,3.666198399558291410e-01,6.373982377176343750e-01,8.708118776401255756e-01,5.215163501155521963e-01,8.503388553606784361e-01,8.433217855046732936e-01,7.694299753622728666e-01,3.540832303377827901e-03,9.308430066753694554e-01,4.917011437310203625e-01,9.468590377145856829e-01,9.425370659738234735e-01,5.484945534985594673e-01,9.274705423341778054e-01,9.743475333705755581e-01,6.357030411890634003e-01,9.166816855104005235e-01,7.631699787799317569e-01,7.244273218182734064e-01,3.762113201357538683e-01,6.203001349320341057e-02,7.058090255289589665e-01,6.966094711714314602e-01,6.839210196509006856e-01,4.463679620081622557e-01,6.292649769778730917e-01,4.116988637973079679e-01,6.119356799225358357e-01,9.791594033797093033e-01,6.106172415133171993e-01,9.170115551627151529e-01,6.130622534230102394e-01,2.070091766724876381e-01,9.850967992623854697e-01,6.342865562413300129e-01,4.713031087057733548e-01,9.596020345835564180e-01,8.243566917631585111e-01,6.306515824010845428e-01,8.655223893779230293e-01,3.692103100794187354e-01,7.359868448069449842e-01,5.305315080178638620e-01,4.658716839374880125e-01,4.481866443402859335e-01,2.958292666099414658e-01,6.034424809552447755e-01,4.056419021884363763e-01,7.575533802825795693e-01,6.084776938748396313e-01,2.214526146381418648e-01,5.606649400588659127e-01,-1.127363077081736803e-01,8.753059386738222258e-01,6.309354894434818783e-01,4.728323886312196800e-01,8.819352670362263780e-01
9.205414774688300827e-01,7.355436759871986085e-01,-1.369964851736606704e-01,1.831577255260375126e-01,0.000000000000000000e+00,7.016326785529904964e-01,4.889102319319691414e-01,6.719684121107112329e-01,5.467183256606168440e-01,7.275211126466663014e-01,8.267839070358725673e-01,2.972895652361525753e-01,6.622837849610510030e-01,-4.257237589265050470e-02,8.477488375813148069e-01,4.647922744895269798e-01,4.399778196223794735e-01,3.301230090469484679e-01,5.591387179662796747e-01,5.085991253421093816e-01,4.705996618027666334e-01,8.256768395755649248e-01,9.101978169496264259e-01,7.932518657350615676e-01,6.407761077464476651e-01,9.500895414550919460e-01,8.995465423084293421e-01,1.523375058809260940e-01,8.411806192277614391e-01,2.276211318459046284e-01,7.798870484695827887e-01,7.362856841132793262e-01,6.848888922681899416e-01,7.257461113539088737e-01,8.499265490474030571e-01,8.379385559860459409e-01,4.616140554024816822e-02,7.930874346496695759e-01,6.030100766717590988e-01,9.473336331156593237e-01,9.351825019082428136e-01,8.682836708087594557e-01,9.141790931384887742e-01,4.975485115736537067e-01,6.185293959965055821e-01,9.838952573598822582e-01,9.791095789281186734e-01,4.123260755193020044e-01,6.758143390861187649e-01,9.829506004031187683e-01,7.554778311830262494e-01,8.781804953337043473e-01,8.319887489815072090e-01,8.808841868511168016e-01,6.546565870730154391e-01,8.652319944155706377e-01,6.341882672512131336e-01,4.327212602767980254e-01,6.693280866945432450e-01,2.982043542047732032e-01,4.032389213141089890e-01,9.035358318440104286e-01,8.658368318429180421e-01,6.899183485835218566e-01,8.700273848940989208e-01,4.298515626473716211e-01,8.151597485993269387e-01,8.082133007225899002e-01,7.790729139141894244e-01,6.969958815634114124e-01,8.219039965585773766e-01,7.307042991863742509e-01,-3.948882991004853960e-02,9.780983364907388511e-01,6.611192416582321041e-01,8.537722627008106357e-01,9.500301450620648458e-01,4.620232734017126197e-01,1.032457160860311141e-01,6.249098439875274691e-01,7.906562255833753383e-01,6.054137727216855058e-01,5.983282747572225002e-01,7.879096232760631757e-01,9.790354107244177984e-01
6.449790684165364052e-01,5.260091678877449883e-01,7.815370877746734557e-01,6.216455339685236225e-01,7.016326785529904964e-01,0.000000000000000000e+00,4.370732439215055387e-02,8.429307214117072178e-01,6.410975193392000060e-01,4.547645158413791133e-01,7.703498973709766995e-01,7.723563699408363403e-01,7.516123666429145311e-01,4.393420506647368051e-01,2.228554355704110423e-01,6.279676582094605441e-01,9.150470831786363668e-01,9.220161308521018784e-01,9.916434496569010992e-01,9.028604256148465845e-01,6.507797196207510959e-01,9.996946444492845751e-01,4.270304412317770248e-01,8.183197080626526398e-01,8.217211988794064226e-01,4.762627188718850935e-01,7.016272588240759500e-01,7.987255723090601611e-01,1.760585912145088139e-01,5.378814596906252854e-01,1.166631187475777182e-01,2.635878579310758085e-01,8.495222099094177359e-01,7.004631617258506582e-01,4.109265534615672566e-01,4.880702054632345410e-01,5.000330905931784642e-01,6.644000088583670305e-01,4.311304051681119631e-01,6.698228280992161165e-01,6.729756923274056168e-01,6.782332163957487392e-01,6.628357720324485891e-01,6.789610732919414415e-01,8.951245766178520524e-01,8.507626849953378034e-01,6.714982809771692374e-01,5.379876565418156842e-01,4.663618102661489240e-01,4.353442437013737010e-01,9.760054905731150310e-01,7.505662254850248294e-01,7.561711380122441151e-01,5.333478073256184837e-01,4.275690212158403392e-01,4.109558063418866092e-01,6.404344021199243064e-01,9.079558199526357454e-01,6.299657340282159845e-01,4.211822441420455254e-01,4.971006233039964028e-01,2.983573227718871457e-01,3.332646738427852418e-01,6.011313800967248433e-01,7.917709903707988994e-01,6.764541891857006606e-01,4.810785502199618757e-01,4.385326880487215861e-01,5.170427972354936230e-01,9.895412537854398893e-01,6.284377334181701080e-01,2.427573326183052604e-01,8.890483196615550643e-01,2.446476619892982984e-01,5.530783125350399176e-01,7.815399028913335711e-01,9.244186982365766303e-01,7.495057903700438340e-01,1.525125506139478615e-01,1.554082363199823236e-01,4.401096902592298576e-01,9.424578551049659358e-01,6.391689260827954078e-01,5.194464600300710000e-01,5.206806646096828750e-01
4.188332853266724665e-01,4.062778170301190039e-01,8.123901044363580626e-01,4.333980480151196080e-01,4.889102319319691414e-01,4.370732439215055387e-02,0.000000000000000000e+00,6.473955014072840797e-01,5.015344437123283594e-01,6.098861486828411893e-01,6.050223509296905888e-01,3.871790696367261031e-01,4.227697368153074953e-01,6.928678656651447998e-01,7.418260761786457103e-01,4.397974658627632483e-01,4.968211665748297756e-01,4.814094376466249159e-01,7.661712926958452741e-01,9.811824370271937656e-01,4.182465005015534310e-01,4.433997079590901169e-01,6.588425762568644872e-01,7.392095337377392328e-01,7.671614616359567762e-01,8.658194935464733621e-01,7.701244608223509758e-01,2.656681693208504669e-01,5.812095651407050978e-01,5.818827136119912868e-01,2.404404862607667503e-02,3.968666509814592347e-01,3.475260745107749960e-01,6.457206996099500440e-01,3.365139438643997005e-01,3.386394983640387268e-01,9.734266175203434845e-02,4.742146893840988309e-01,6.019634311792966264e-01,5.075452267958395769e-01,9.998589181034361895e-02,7.725574216904264047e-01,9.249659655616613296e-01,6.456053250344531147e-01,7.281200718520000059e-01,5.483416752989724863e-01,3.621524424793421959e-01,3.759255843286357091e-01,4.849542191951442538e-01,1.458559557510933635e-01,2.728816393136227481e-01,2.093329769872069868e-01,6.192031810095238731e-01,4.779923333046262601e-01,6.969512206428843948e-01,6.987507245771333864e-01,3.085260078142553763e-01,6.144965859060713687e-01,9.044806929166061549e-01,7.922629268827008353e-02,2.974556091947623826e-01,5.628799055040948351e-01,6.907878369300285426e-01,9.486590663034724091e-01,8.271111993867543699e-01,4.368458003862402683e-01,7.047235687051858211e-01,9.499576949303860651e-01,4.420405011895718883e-01,5.045398595671068964e-01,4.750242678947113606e-01,-2.714815470770843286e-01,7.489728483155159156e-01,5.570838738237623433e-01,4.030243422369084172e-01,7.776279676225364978e-01,8.301402268762937409e-01,3.920008853924163983e-01,1.725039772837467789e-01,3.424938155677266227e-01,3.953379286696772632e-01,6.132669081163524272e-01,6.216899414913417132e-01,6.503919795993735598e-01,2.834806059880481399e-01
2.601575918654785990e-01,5.671507955263714873e-01,6.519066954605663433e-01,7.068811364679498110e-01,6.719684121107112329e-01,8.429307214117072178e-01,6.473955014072840797e-01,0.000000000000000000e+00,5.886171045044192862e-01,3.451396485976524486e-01,6.072295958592442977e-01,6.292890022523283111e-01,6.712478422532233147e-01,6.878899944665705091e-01,6.973603048860107512e-01,6.980104132834303865e-01,8.666886321887419253e-01,8.189932348319644007e-01,5.580479622932040806e-01,7.300950188026472665e-01,6.849618855578598620e-01,5.287566004477647352e-01,5.771606265627468035e-01,6.288484368801456892e-01,5.307719190036596091e-01,6.598642641830730904e-01,6.869007831262823327e-01,4.143227988191713895e-01,-1.215857309817615223e-01,4.026032985362469341e-01,4.906945437684347988e-01,4.697805529912472133e-01,2.596449548797632456e-01,2.456873897463393852e-01,7.190921431116874540e-01,5.302620724528288587e-01,3.511887080465792010e-01,6.660158599247985034e-01,9.368353773853916877e-01,6.219028038166699579e-01,7.897335334235963122e-01,4.726452731458325451e-01,5.025382442615665690e-01,5.048337511705074387e-01,7.248152931361910856e-01,4.163867625245281090e-01,4.497497480838810735e-01,4.947011072827161571e-01,7.316034128258621649e-01,8.057330116951885168e-01,4.054142045818638351e-01,4.443918138242873295e-01,6.828956543817586988e-01,4.995201558127276842e-01,5.307771877024365370e-01,8.656084656104199304e-01,7.255328410640171644e-01,5.260261866559289290e-01,6.719524605136288908e-01,6.341691415468613258e-01,5.723039624463505115e-01,6.868989237563909445e-01,4.989773810166417412e-01,8.419405536488682174e-01,7.095012017319061171e-01,2.205189908914979569e-01,3.331585838910857689e-01,6.434556864838982815e-01,6.510351009900126051e-01,5.804359989661115327e-01,3.268944333756974574e-01,6.253424049870220935e-01,1.528542366459616775e-01,3.964308122779358068e-01,2.861901645379509862e-01,5.000709610876844513e-01,7.171719748972933406e-01,7.416753488775164049e-01,4.565974163803287467e-01,2.130204060710495229e-01,4.272073120195168938e-01,4.546235910178520467e-01,9.883250566470769272e-01,1.519094808131762619e-01,5.258595163338540823e-01
6.699365773446509520e-01,7.054234611497225416e-01,3.133008256163887228e-01,8.296175543186156132e-01,5.467183256606168440e-01,6.410975193392000060e-01,5.015344437123283594e-01,5.886171045044192862e-01,0.000000000000000000e+00,6.928357500922243117e-01,6.253695264572797230e-01,8.001867393763106850e-01,4.454474886329123917e-01,8.301329870796064769e-01,6.078769830995749412e-01,7.933654389225150982e-01,7.117942503685283917e-01,7.289661423214530700e-01,4.054236590614431757e-01,4.042145750904497237e-01,7.398692687501691179e-01,6.870418797265324118e-01,7.460440116821200895e-01,8.718807362838159047e-01,3.118523816733268506e-01,7.216410999047329078e-02,8.550733892353455934e-01,5.320512529840613070e-01,7.703073588000456384e-01,7.174240987831367322e-01,-2.631421051299961955e-02,6.826938638459447706e-01,8.797153419798164897e-01,7.672084489214283654e-01,4.332295403741388551e-01,7.578763717738710159e-01,4.546414292484412534e-01,9.079545965144074637e-01,8.124176743927415956e-01,8.537743576632069731e-01,1.861693767947482370e-01,7.284794446418301206e-01,9.673218564542043207e-01,8.113654727055656934e-01,7.864862831115002617e-01,8.718151033816065043e-01,8.107474416202047340e-01,6.735164820483046100e-01,9.781873357740361596e-01,7.588699479955455240e-01,6.403677942228274134e-01,3.763226115060808175e-01,8.874547431907631179e-01,7.027739835302490023e-01,4.486935285957277530e-01,6.775247280140663797e-01,7.369945950396302736e-01,8.550931593641269979e-01,6.493051258845669027e-01,5.301262715763432887e-01,4.047114436762061507e-01,9.233616422275099378e-01,6.253147135442180815e-01,6.393114064073363023e-01,7.936273743508592826e-01,6.827405654980521765e-01,9.363463859863681016e-01,9.536965327472589626e-01,6.861125281701067058e-01,8.462890562126823557e-01,8.629293384546129486e-01,3.093546412830857628e-01,2.073740349406992256e-01,4.997574853473541467e-01,7.992324539763075997e-01,6.006625264613558723e-01,9.311097743912095659e-01,4.724709432551535970e-01,4.203863435520023839e-01,3.902164093865977956e-01,3.062802558618305526e-01,5.511092970560296234e-01,4.936236104086190180e-01,5.138821934985491335e-01,4.070148561716067093e-01
4.463424505038185996e-01,9.193677351952268539e-01,7.241126065739263984e-01,8.610663079542382192e-01,7.275211126466663014e-01,4.547645158413791133e-01,6.098861486828411893e-01,3.451396485976524486e-01,6.928357500922243117e-01,0.000000000000000000e+00,5.411254044774025385e-01,8.656491434195605628e-01,4.452216187109733769e-01,7.405143821488158196e-01,8.198146231345557755e-01,8.300586084645522611e-01,5.453224646744245785e-01,7.156304931694760230e-01,4.993642879938938739e-01,7.116742043365509307e-01,8.427482824558579777e-01,5.735510934962706475e-02,7.705460979110407838e-01,5.818979318855959093e-01,5.867861118055086589e-01,3.230138768420895978e-01,8.815846100415631881e-01,7.732165452522661298e-01,7.285825567371670974e-01,6.317754364773036091e-01,7.671236414958836070e-02,4.112506026320685848e-01,9.048366754346615082e-01,2.530017825416605581e-01,4.590946535976118681e-01,4.659894956400075228e-01,3.466196180295734175e-01,3.478744604230166182e-01,5.066330491516695123e-01,6.687730241358144090e-01,9.281290899023796337e-01,8.392914993318811856e-01,6.213968561347299469e-01,7.327125377062850831e-01,6.166061339530239938e-01,9.692370258209669354e-01,6.357048310819939374e-01,6.047932644837028526e-01,6.377142756502895971e-01,6.687551245437440839e-01,6.422644833743809123e-01,9.039012209667827147e-01,8.097803070792627400e-01,7.517996502102526346e-01,8.767295473175896747e-01,9.715370874575464111e-01,6.765669370650668757e-01,9.461718157969357668e-01,9.345987444343889505e-01,5.292562264784218540e-01,2.859703831477354852e-01,8.661717128792424392e-01,8.446901470500870479e-01,5.459547985380625024e-01,8.204241621820296260e-01,7.760493288362632081e-01,5.522698547957444193e-01,9.402328481868578169e-01,5.062115531964193060e-01,9.132494213850096410e-01,7.846606042993720109e-01,6.362489092802918744e-01,4.553839651000895494e-01,4.359460151816030860e-01,3.926761596719168246e-01,4.695408196901390552e-01,9.584504363051622455e-01,6.895311489899164092e-01,4.002080483843748482e-01,2.367301612237859565e-01,5.933776469819361798e-01,3.524804751839744621e-01,9.489538283035314770e-01,6.018065383842898797e-01,4.481998964979940769e-01
4.867017451836923581e-01,7.521779317784327290e-01,9.163309439648020804e-01,5.269650714096334454e-01,8.267839070358725673e-01,7.703498973709766995e-01,6.050223509296905888e-01,6.072295958592442977e-01,6.253695264572797230e-01,5.411254044774025385e-01,0.000000000000000000e+00,4.029950185151011111e-01,6.487844105258095961e-01,9.293229483362157595e-01,6.022375213710001729e-01,4.353247218787656969e-01,8.681930571837607191e-01,6.553154574508964769e-01,8.359536418699456961e-01,7.141873709309117801e-01,4.062988779865568945e-01,5.393900358390141259e-01,5.994289615405112848e-01,9.725829358460271745e-01,8.450760322651812428e-01,9.686345328592309567e-01,5.523225484055129808e-01,8.151533620045937623e-01,5.422551726252333726e-01,5.850828895501435367e-01,4.536435986947251475e-01,8.617252097548712131e-01,5.274649607548624886e-01,5.832072199551887604e-01,7.264766596871482518e-01,3.751241796242487103e-01,2.034815384783422720e-01,7.453627996234979403e-01,7.654054026959838941e-01,6.461293592155931131e-01,4.345613297698270872e-01,4.263359724566278541e-01,9.547170810468488256e-01,8.111035556447916406e-01,7.444183250261565687e-01,9.603437545259048136e-01,9.980570577664462650e-01,5.168283532803045199e-01,3.522611353373280019e-01,6.824632774017500569e-01,6.051844320853703163e-01,6.164702979163726448e-01,6.530409167030908346e-01,9.569451984228630748e-01,8.572448530574545700e-01,9.510786784979857744e-01,6.467304245346460201e-01,9.362068595858288322e-01,8.432126713133983875e-01,5.479380780965814601e-01,5.041564907321740563e-01,7.153797610675776131e-01,6.937020068181777299e-01,9.226211205143615146e-01,8.993569829549862282e-01,9.500761096509400261e-01,6.178006886338602843e-01,8.515365842573192623e-01,4.196095723643591402e-01,7.124472708532868515e-01,6.758205718947262186e-01,7.783254959204443102e-01,9.648525435060167910e-02,5.384776698780098236e-01,7.451755956249740409e-01,6.398636013949566825e-01,9.218513161462751349e-01,3.609907719771635604e-01,8.652684293357068013e-01,3.821416812982638134e-01,3.035178806685383535e-01,4.576075561170124817e-01,6.810567875481217115e-01,4.583344306147343894e-01,3.133370226800918923e-01
4.043770708113478829e-01,9.614047728394709003e-01,6.798801300405087344e-01,6.111736499265497669e-01,2.972895652361525753e-01,7.723563699408363403e-01,3.871790696367261031e-01,6.292890022523283111e-01,8.001867393763106850e-01,8.656491434195605628e-01,4.029950185151011111e-01,0.000000000000000000e+00,3.746384926555114125e-01,5.611353489843553533e-01,5.691313809699010129e-01,7.290936554325367913e-01,9.743558163578410758e-01,7.102982102964465749e-01,3.526555463861698048e-01,8.994227327133704764e-01,6.650895848717329750e-01,6.364710066927529164e-01,9.995385734820309009e-01,7.689567992339326752e-01,6.427465139015190454e-01,9.796409074446978948e-01,7.905558479463227206e-01,6.794724172641950499e-01,2.300182411160719975e-01,1.444120116016188171e-01,4.058221193691100570e-01,7.937939273458073375e-01,6.503835101820227838e-01,6.046956745242945130e-01,7.969568910353684865e-01,4.697272170424975912e-01,5.745706984312515253e-01,9.263597230591489318e-01,8.513733551595824567e-01,4.076262425872761996e-01,5.299482251468927707e-01,6.669879542118040128e-01,4.981555504107268995e-01,4.353747937386615030e-01,7.328966150149068826e-01,9.511792790939782583e-01,8.922096369804906058e-01,1.151521797107426526e-01,6.285871291132230088e-01,5.735777367108516600e-01,8.104931897676560526e-01,8.547422392330303875e-01,9.347882819836452750e-01,5.094965988388012734e-01,8.724569803958016623e-01,9.327817873117000280e-01,8.744569964086416070e-01,9.237224488574219405e-01,8.731631739725091990e-01,8.684084036594177936e-02,6.568316013411399368e-01,9.509031693254641482e-01,6.895993883291132720e-01,6.818538788853042432e-01,4.756275355852465081e-01,5.021429855899939287e-01,4.157731716621702600e-01,5.499892510384649658e-01,4.547932218971756368e-01,6.661614497463133056e-01,9.267743289147751806e-01,7.715616181656106409e-01,5.874022355066902401e-01,2.626556023953575680e-01,7.567761713462242135e-01,4.182461717037055382e-01,4.077356880953646456e-01,4.687548259922306171e-01,3.415878051169674023e-02,1.445677801713475819e-01,4.687069613434802773e-01,6.497838657317560607e-01,6.767898480503389269e-01,5.399912591339601775e-01,9.869760731188244041e-01
7.682693455634231894e-01,7.715726006944128024e-01,5.417416968297650293e-01,7.398913813282019802e-01,6.622837849610510030e-01,7.516123666429145311e-01,4.227697368153074953e-01,6.712478422532233147e-01,4.454474886329123917e-01,4.452216187109733769e-01,6.487844105258095961e-01,3.746384926555114125e-01,0.000000000000000000e+00,7.615841674712168219e-01,7.942460704854250597e-01,3.627808980738862488e-01,8.208905552777205905e-01,7.003075125790216848e-01,7.230782897664920217e-01,8.887368977573052442e-01,8.541753354718417679e-01,7.087690373707752345e-01,3.113750719984558768e-01,4.685755278579195049e-01,4.716299311596899857e-01,8.584607776009907099e-01,7.075074896831233806e-01,8.336807217854971253e-01,1.880875625524938144e-01,-1.386391136353685716e-01,7.333438733514985319e-01,5.288383839654021701e-01,7.582576855572457086e-01,7.696821965960473078e-01,7.692990082307606947e-01,2.199931785926649286e-01,1.950730532853673371e-01,1.819267414217524692e-01,8.472934052010272499e-01,9.773686482000772946e-01,6.898266969405215665e-01,9.574631874067698334e-01,9.575315935315945604e-01,6.304012395482857523e-01,8.482151484063681357e-01,9.129617116041894853e-01,7.079155403067166619e-01,9.804027862396507143e-01,6.151393743609141485e-01,6.804364488867367111e-01,7.447386885070867990e-01,8.030578795141776194e-01,5.641162548495377571e-01,6.774305536433062880e-01,9.136866744399717577e-01,9.827208814934504932e-01,9.457289955058909570e-01,6.267542270638971624e-01,7.045155288815890815e-01,5.049680939191523166e-01,5.873606304098452080e-01,8.665817868654162037e-01,4.734453982229348545e-01,8.656668058951246802e-01,8.782532964930167552e-01,7.618384302789892315e-01,5.010383746199658095e-01,7.794556713845764984e-01,5.517086272328031171e-01,3.180410973663558849e-01,1.303558105345487828e-01,7.547111840866317367e-01,1.360892006941653853e-01,2.895568318240977490e-01,5.043590960523338662e-01,6.040037542882338295e-01,8.549131179766533695e-01,6.732241400150905664e-01,7.833882770189866118e-01,4.915128572477669988e-01,8.539848650795982543e-01,6.002134126100980849e-01,9.830326267629215797e-01,6.765337471269232683e-01,6.100060351607388132e-01
8.889194446729461463e-01,4.471968696151556455e-01,6.868916446982218371e-01,4.978620877330347527e-01,-4.257237589265050470e-02,4.393420506647368051e-01,6.928678656651447998e-01,6.878899944665705091e-01,8.301329870796064769e-01,7.405143821488158196e-01,9.293229483362157595e-01,5.611353489843553533e-01,7.615841674712168219e-01,0.000000000000000000e+00,9.337504713553665958e-01,7.007575436360570231e-01,5.581685901353554691e-01,5.272222626922031807e-01,4.739098485475549682e-01,8.867311883617575718e-01,7.931028756930926793e-01,7.071796226681694719e-01,4.995530349398674130e-01,4.600795082470764963e-01,6.814250645005192064e-01,9.898384141892256904e-01,6.885087364090569650e-01,8.123822507764867362e-01,6.288514362864829899e-01,6.989232787960971693e-01,2.377546800772369351e-01,7.357195114219243770e-01,6.645336601259420606e-01,6.786810404120581230e-01,7.395877096265239814e-01,4.030468547339214336e-01,5.889593130963300949e-01,9.849131451104976565e-01,8.386920429560413837e-01,3.349971064996165593e-01,8.428987235684872736e-01,9.989262587201641619e-01,7.942134309273132242e-01,7.783950620105102303e-01,6.147973956596926026e-01,8.102339539625169618e-01,6.073730079521451053e-01,8.715769010211252832e-01,6.410599505859906344e-01,7.372583839035522502e-01,8.077543259287355282e-01,6.729231217763247397e-01,6.665073153899720992e-01,4.863338609415310820e-01,8.429111172827352672e-01,3.814722913766764867e-01,7.474746915082656207e-01,7.240378006394225796e-01,9.675147252301795620e-01,2.703962533891675624e-01,3.075402504719223495e-01,1.293744353128281344e-01,3.066949595427085895e-01,9.370936821426427699e-01,2.567228981890219697e-02,6.264586622391393744e-01,7.089060426920918978e-01,8.456401954830945478e-01,7.394839894041049799e-01,-5.484351689628041981e-02,8.625268556466463288e-01,6.149911779212055007e-01,5.877252016277838553e-01,7.812346618857155534e-01,3.921814866188055304e-01,9.644947596471011853e-01,9.331091896152329257e-01,3.628218684216469314e-01,2.616038731612917445e-01,3.535810268727214156e-01,9.874510485739379506e-02,9.210030029738837110e-01,7.446861755071046973e-01,1.657693594080538457e-01,4.290154825563975427e-01
6.001788064306101678e-01,6.955147848836182867e-01,8.565932890902843155e-01,8.010400049483000773e-01,8.477488375813148069e-01,2.228554355704110423e-01,7.418260761786457103e-01,6.973603048860107512e-01,6.078769830995749412e-01,8.198146231345557755e-01,6.022375213710001729e-01,5.691313809699010129e-01,7.942460704854250597e-01,9.337504713553665958e-01,0.000000000000000000e+00,5.143876177472639366e-01,9.555847087029977205e-01,3.783248043965423690e-01,6.029748000321716317e-01,6.462162249808263148e-01,8.803798517433946147e-01,3.996452334266132889e-01,4.016072541264095741e-01,8.535942466880038770e-01,4.504981720081854268e-01,8.078510427028223750e-01,3.235904619822646544e-01,8.736552364937274495e-01,7.842872733767407567e-01,5.545510700133198245e-01,4.224491803124022504e-02,7.889715466725064630e-01,6.087495592118928878e-01,7.721739608325141058e-01,9.758971405540300958e-01,1.719554929023998646e-01,5.979616599527771692e-01,7.686919472409183829e-01,6.800944470159948629e-01,5.296857393118228341e-01,5.873437268952323986e-01,8.646680929130219351e-01,6.295037977560312692e-01,3.453679533152531622e-01,8.001282462903179793e-01,4.589885336959002027e-01,9.852889425441818672e-01,-5.000443948585664433e-02,6.420981921342086007e-01,6.853997396794193619e-01,8.201521739626980168e-01,8.612432424191360791e-01,8.227331872535350588e-01,9.631048093842136115e-01,8.080731096428234173e-01,6.918509755589459242e-01,9.220575384426826782e-01,5.563323313735510922e-01,6.413782806921567436e-01,6.640174749622379524e-01,1.019593527841178848e-01,5.188096264689864290e-01,6.066339832411823396e-01,6.028340194150123565e-01,8.927839852033152557e-01,7.594171362314429130e-01,9.556538496507769320e-01,9.776142819632902548e-01,6.946439659455103666e-01,8.460182639382112235e-01,7.453695966883203683e-01,8.899303288893761765e-01,7.522309134079337989e-01,3.177506531326407258e-01,7.710700879140548469e-01,7.926368082898187506e-01,8.280433171665610992e-01,2.641497431728943024e-01,3.867567660858861611e-01,3.112089797440802386e-01,4.608752084454346698e-01,8.929815955185386178e-01,8.440299308911474174e-01,5.879125037729691083e-01,8.883638092925456586e-01
2.871627550493471293e-01,7.015497553748818449e-01,8.973875369062284113e-01,7.998561686105607471e-01,4.647922744895269798e-01,6.279676582094605441e-01,4.397974658627632483e-01,6.980104132834303865e-01,7.933654389225150982e-01,8.300586084645522611e-01,4.353247218787656969e-01,7.290936554325367913e-01,3.627808980738862488e-01,7.007575436360570231e-01,5.143876177472639366e-01,0.000000000000000000e+00,6.229442742686337464e-01,5.141360513190883497e-01,7.528612220663760679e-01,9.579273559929804005e-01,6.779650887174467622e-01,6.804156339478522053e-01,6.621312855663896713e-01,9.879488206875159939e-01,2.634002825095569378e-01,6.589630709523790486e-01,8.257888274177326293e-01,7.967702365411648557e-01,6.101654472943447427e-01,3.517888010737398874e-01,1.531776114963044888e-01,3.192686441211715076e-01,6.198562362896153921e-01,7.404423033496817519e-01,7.114671745525346092e-01,3.426376397436572407e-01,7.421195332493861485e-02,2.926331704219496954e-01,6.568554556759127472e-01,9.214302363017554676e-01,2.924125886204132496e-01,9.212247799630246536e-01,9.172333378944076410e-01,5.462839791628038011e-01,6.978192416186977942e-01,9.070240643201337161e-01,5.194759151616951121e-01,6.655866299229264982e-01,6.477340317503830214e-01,6.577642629124469398e-01,9.582417225926905813e-01,8.131403422263752123e-01,6.367713544654896030e-01,-3.192224180165032510e-01,9.902959158824957697e-01,8.813570814482789562e-01,2.484730467832290401e-01,9.256564578155053180e-01,7.074066905895596280e-01,5.763310116498817637e-01,7.515557032254761571e-01,6.919115671065961815e-01,7.900146348120753448e-01,8.557815016511491901e-01,9.340471346798551178e-01,7.098703149933509593e-01,7.078274841859708566e-01,9.351176551855717722e-01,7.194868217111655140e-01,2.970115493651428462e-01,8.855401527786009863e-01,3.175544708602656141e-01,4.827702541379509937e-01,5.390287337386957534e-01,7.714564063250766157e-01,5.452944363037433018e-01,4.824188220182542008e-01,9.438348816926828144e-01,9.231182646997947161e-02,2.825005828767676586e-01,7.933130327261936898e-01,8.390918441117403148e-01,6.846262760257428859e-01,7.120297519263988351e-01,9.953788326461371350e-01
2.869903378627912116e-01,8.001330084347008098e-01,9.370305895083497205e-01,8.052461545181867075e-01,4.399778196223794735e-01,9.150470831786363668e-01,4.968211665748297756e-01,8.666886321887419253e-01,7.117942503685283917e-01,5.453224646744245785e-01,8.681930571837607191e-01,9.743558163578410758e-01,8.208905552777205905e-01,5.581685901353554691e-01,9.555847087029977205e-01,6.229442742686337464e-01,0.000000000000000000e+00,6.522149911041177361e-01,5.445856752239002230e-01,7.514337222906277702e-01,9.618952121703143732e-01,8.994934663477435199e-01,8.682752790900827300e-01,6.611989007537104612e-01,5.984085111168249149e-01,7.583530899556696347e-01,8.076461686225235859e-01,6.307841054350886711e-01,5.558296278558876313e-01,5.093379223744223250e-01,2.147942324502485345e-01,5.976325211699362594e-01,9.697973941067855597e-01,9.825183160055590559e-01,7.444246768240198042e-01,3.043402352934517774e-01,3.653945446337343306e-01,8.503451067072080871e-01,8.930282636764292903e-01,9.915004619223941607e-01,6.313899095500048464e-01,6.621840469161401899e-01,9.295281212989293662e-01,4.946676388089476517e-01,7.208295606995528404e-01,4.685386084975403098e-01,7.843634514773085709e-01,6.033130660229343301e-01,6.787087309779150646e-01,8.278675623671652994e-01,5.343424252557076315e-01,4.808385459590104327e-01,6.908949331229198298e-01,7.202947013835119261e-01,6.895216449911683032e-01,7.286205522413691238e-01,9.929209071789459884e-01,9.496126067446182262e-01,5.441413255143502381e-01,6.756547299968627129e-01,4.202255710324279692e-01,8.690599752841354775e-01,4.405134235860805880e-01,2.701283110655470776e-01,8.369662477658312838e-01,9.407929613824249637e-01,8.285374787848981404e-01,6.817403750778985305e-01,4.441483385913605475e-01,9.329051694805918782e-01,6.260166900174443105e-01,9.007691498242409445e-01,5.080074633806322959e-01,4.894694114398638329e-01,6.650566253932062022e-01,7.592847984410079354e-01,4.230926989222802415e-01,6.667569637712312813e-01,5.235352140232799600e-01,4.257190740292730036e-01,8.444103547634427276e-01,7.621441822713445058e-01,7.433835322076323138e-01,3.362050699788860508e-01,7.478507396873345092e-01
7.782416494860326939e-01,8.021049227031050721e-01,8.040288285831375115e-01,9.393206048084672410e-01,3.301230090469484679e-01,9.220161308521018784e-01,4.814094376466249159e-01,8.189932348319644007e-01,7.289661423214530700e-01,7.156304931694760230e-01,6.553154574508964769e-01,7.102982102964465749e-01,7.003075125790216848e-01,5.272222626922031807e-01,3.783248043965423690e-01,5.141360513190883497e-01,6.522149911041177361e-01,0.000000000000000000e+00,8.361886919729365486e-01,7.941896433375248421e-01,5.128808016881507559e-01,7.575717578284775211e-01,8.629822080233802151e-01,9.896747721437577638e-01,9.093020901146017243e-01,8.219260795317558932e-01,5.876050518938665812e-01,7.784177431282294224e-01,2.858571327582742905e-01,2.848757793240044300e-01,1.684597551781697733e-01,2.768009621880853643e-01,7.461846026724020531e-01,7.929642982206592805e-01,6.404992159294110587e-01,4.851679688636476029e-01,5.334145946302693009e-01,7.658401618406988076e-01,5.374666086636520346e-01,4.185653824904180809e-01,8.347303025855776770e-01,6.343237183675550783e-01,9.590073598958255285e-01,7.843557956589389812e-01,3.637257380463960743e-01,9.952395271898787366e-01,8.944825014310183731e-01,9.448874426606035382e-01,8.980812482331921309e-01,4.528199703918988628e-01,6.850890979438183370e-01,6.063439350976380648e-01,4.978486131996880393e-01,6.580755812327877541e-01,4.667500202573254264e-01,8.940289257842204407e-01,5.575548979574967978e-01,6.691477337516963386e-01,5.324869271422325578e-01,7.766304831195857128e-01,5.347684148936578952e-01,9.800128314658640427e-01,4.877961446453377703e-01,6.392063655298576563e-01,3.798422159718033431e-01,2.904342738941435575e-01,4.993357696604145413e-01,8.620632352678542221e-01,5.230810061929482835e-01,5.433682325658363288e-01,7.524694973781038687e-01,7.698438710636292814e-01,7.422540606207121971e-01,5.695591099575693095e-01,6.066371537627078814e-01,9.590921638136040706e-01,8.553320123905234773e-01,6.184627454325781759e-01,3.736557872252312951e-01,1.840129827315327704e-01,7.931671234750239385e-01,8.030294605681588260e-01,6.074901844556576114e-01,-2.297565478060064892e-01,7.084351194089542059e-01
