0.000000000000000000e+00,6.959988659389950705e-01,8.364675543862590823e-01,5.489012584392648497e-01,7.684913315370467402e-01,9.994969366433221758e-01,8.062516812036307767e-01,9.319626734915424926e-01,7.860152259508284001e-01,8.065973232519891845e-01,8.722987035437340664e-01,9.592126507144570491e-01,8.663304630730208622e-01,8.320183021845255489e-01,5.081833790981429289e-01,7.061854900646215016e-01,9.099857373353709145e-01,4.193853329673440378e-01,8.891826363288617419e-01,7.834705914270911897e-01,9.265741790533389421e-01,8.702159882061556440e-01,9.022292528895612396e-01,6.707362279870701105e-01,9.356166525147531221e-01,7.674989936963710901e-01,9.498282760970911953e-01,8.013127446785156538e-01,4.982067096943667006e-01,1.605144900700902766e-01,1.640996440795122191e-01,6.759780570641851227e-01,5.912997538619724214e-01,7.084254287012333728e-01,2.272863638436864106e-02,3.008988380049558709e-01,3.615788506017417192e-01,6.546198556493506571e-01,9.282849614777963776e-01,9.167827774988653866e-01,2.034903276710755826e-01,7.055661609982891713e-01,8.733365064114183562e-01,9.960494695406254539e-01,9.352160551979821212e-01,9.051326267863658570e-01,9.781480040200910553e-01,6.057170891686926018e-01,8.550096888251961236e-01,8.321188974379162273e-01,7.396245436681669894e-01,9.888824562521310035e-01,4.241959519222167074e-01,6.265213212354424632e-01,8.135392025973360308e-01,7.679589231258464599e-01,6.797113586264240670e-01,9.151926393135005888e-01,2.708417744722085851e-01,5.323787229187644243e-01,8.558993526221313486e-01,5.517890412001598133e-01,8.065990952851813667e-01,6.649296763503351748e-01,7.934475092897091963e-01,8.085443192764013576e-01,9.990799723797458842e-01,8.143754635003993547e-01,4.606481697203382297e-01,8.301871977165126149e-01,8.011986049513514230e-01,9.522679843873684824e-01,3.997404515467365416e-01,3.452049204402964921e-01,4.198169070537509651e-01,9.247855829680832196e-01,6.103064581965725877e-01,6.323640198479535401e-01,1.020652126712148083e-01,1.117436983829084851e-01,6.697113611059631877e-01,2.936968629466525926e-01,5.145268751690167397e-01,6.462726193550529796e-01,6.457342592709902629e-01
6.959988659389950705e-01,0.000000000000000000e+00,8.931907942783617882e-01,6.945732774191584191e-01,7.024396854102747945e-01,6.895046772481917552e-01,9.658081047426571031e-01,5.979922787962250741e-01,3.380560733582064215e-01,9.106958621459437797e-01,8.246583768032180739e-01,8.929834965574013905e-01,6.689232850124647856e-01,7.924298661263748933e-01,4.253394596618274015e-01,8.064574526239648433e-01,7.471098287923925163e-01,7.879414077768818192e-01,7.489659837398976450e-01,9.754854389447166207e-01,9.448790338018706603e-01,6.315699071723208657e-01,6.011376221683487620e-01,5.011701705619125979e-01,6.916426678877586331e-01,5.775075743792132954e-01,7.328402762244127233e-01,5.204133575471632245e-01,7.842822262123712029e-01,7.717921098504593180e-01,3.144115947735985350e-01,4.536047123600057129e-01,6.029770377563014039e-01,9.747520757472082353e-01,2.125482303414252538e-01,6.987244001630604773e-01,5.871220226887234883e-01,6.817988186243831850e-01,8.881331020984170044e-01,7.042802259488184502e-01,1.221334210995462383e-01,4.063548664669398569e-01,1.290695086443847672e-01,9.640239579306155715e-01,7.340229050667765875e-01,4.393919215346512308e-01,6.522360461170274570e-01,7.293820293076964667e-01,5.773312084089019525e-01,7.811115065547415970e-01,8.049169322363561863e-01,6.502280742704338312e-01,6.344529765303408286e-01,4.948912686844199604e-01,3.938446716225296740e-01,6.333728198257538855e-01,7.178120157725188522e-01,7.396277452925307250e-01,8.123521834003837316e-01,1.470629039270159588e-01,6.201539699594994515e-01,2.033535593637500472e-01,4.469343791686962164e-01,7.515824598196649831e-01,6.147753113535391334e-01,7.748294191190561175e-01,8.962745053642672266e-01,7.403085664850006520e-01,9.873629340473725202e-01,7.007212897342710578e-01,9.721435461805636447e-01,8.563399355091031451e-01,3.474568635707909747e-01,1.608166823879331186e-02,4.758762480934639050e-01,9.256116504818364676e-01,7.317934975494798655e-01,8.558772860905637936e-01,6.714196856847247652e-01,1.861022140825665805e-01,6.366746961881688538e-01,6.194364164173068454e-01,8.713696445476417640e-01,7.507616944874717646e-01,8.848942447309078307e-01
8.364675543862590823e-01,8.931907942783617882e-01,0.000000000000000000e+00,7.259083954067572231e-01,7.605012358238993908e-01,5.346371560689560098e-01,9.114641243478097676e-01,8.835720612933744000e-01,7.514112906649321744e-01,9.729125081099404548e-01,6.395889853899952016e-01,8.575242316271123322e-01,9.286425678266561068e-01,2.863382044318010800e-01,9.049321770148852639e-01,8.244867647940137267e-01,9.435705371589224733e-01,9.601526051766223757e-01,8.551414210486339984e-01,7.080971996107864319e-01,4.912580090282063772e-01,9.888293008664776895e-01,7.278251829096078485e-01,9.850702759626077665e-01,7.476531866404910742e-01,9.395646556233191449e-01,8.767345618002744256e-01,9.483166295251224120e-01,5.685237448326390108e-01,4.448209877933764211e-01,4.184209455581753279e-01,7.722351898690488214e-01,9.732190486614660241e-01,2.390295572302437721e-01,6.851539082469045860e-01,5.204546669887667454e-01,4.276664327706114488e-01,9.339176973462928188e-01,6.619981897973394869e-01,6.053348469139477883e-01,8.579411042873845705e-01,9.370263143803497785e-01,4.097323884445602804e-01,7.767431474230620525e-01,9.797720416930968401e-01,6.800012083288505815e-01,9.096621588871215414e-01,7.344892864486310957e-01,9.143270732051500538e-01,6.756086522715503140e-01,7.812600843593489053e-01,-1.977831146885680735e-01,8.276459543788865503e-01,9.757434291412065974e-01,2.706948201222305617e-01,9.189363107471538727e-01,8.619184391066628814e-01,4.020150957374198919e-01,7.654185978711387506e-01,2.616953748885488817e-01,2.658643880838705842e-01,7.654040899020622124e-01,3.791976435045185927e-03,7.776893526768625664e-01,7.000889841086483933e-01,2.313135720038828613e-01,6.335279182294570877e-01,9.442620050248584640e-01,7.786563018256701385e-01,4.535362494445627779e-01,6.164004849436111044e-01,9.426964014919598789e-01,8.131103970084248012e-01,5.040196492542299289e-01,2.561489101837302607e-01,8.758682307093887953e-01,9.869021320166069255e-01,8.881849881974251959e-01,2.616833177066209271e-02,5.347085612735736904e-01,5.186011448684832992e-01,9.748975188532149616e-01,3.676590141894349184e-01,6.967760853528845999e-01,6.573201095451706166e-01
5.489012584392648497e-01,6.945732774191584191e-01,7.259083954067572231e-01,0.000000000000000000e+00,9.406122001069801009e-01,8.119243402429859868e-01,5.356131660424642282e-01,4.272398632407791164e-01,9.554610657468687318e-01,9.643006768629495129e-01,4.977342892349597703e-01,8.999214811461722086e-01,7.523957462929287132e-01,6.403053119792304626e-01,8.588602948241399471e-01,9.494071416660719853e-01,9.565819528067780464e-01,8.725257639989973946e-01,7.047401268335723445e-01,9.145103269227029541e-01,7.105866993559204481e-01,8.870986980877499928e-01,6.199299061758297702e-01,8.899488234349275384e-01,4.427964860641734335e-01,2.542412372112605734e-01,9.535626530370865384e-01,6.270078467859019344e-01,2.165312998981339387e-01,2.136955223460650921e-01,3.636779074726769201e-01,4.485806316399685856e-01,7.653263446837145212e-01,8.873613496946090029e-01,8.058961870622624035e-01,4.312528724836259264e-01,5.300617995548402295e-01,8.884869469811996767e-01,7.321621737434450550e-01,9.762915751683109988e-01,4.330661806169671668e-01,9.795242073094909685e-01,8.539615213654914161e-01,7.769724324527798043e-01,8.687736664144738441e-01,5.245762834915492778e-01,7.265525178800108508e-01,8.807884145650421992e-01,5.095000926604303926e-01,8.718597542944489520e-01,7.680012078013902510e-01,8.555241923201000187e-01,9.265995925599643801e-01,8.756955599042548499e-01,7.141425226026673068e-01,5.918131115272717846e-01,9.515181778377088673e-01,4.664699865872167783e-01,2.605967014077623656e-01,7.508761203299841869e-01,-1.407574905693756151e-01,8.213919316248077251e-01,8.963686829945662904e-01,5.088298356856649773e-01,9.083667746449318736e-01,9.129761429957194974e-01,5.936187686387367490e-01,6.943110194965531612e-01,7.106440806606351135e-01,7.839359000605115035e-01,9.257721202974519281e-01,6.854602737866102302e-01,7.096735621841452346e-01,4.755573373590428754e-01,4.129786723215720379e-01,9.478489754907070131e-01,6.878490550203765208e-01,8.797472719266767882e-01,6.480245098675709858e-01,7.761490409922340294e-01,4.988111014721605674e-01,2.708859489775974350e-01,6.836345589234978926e-01,6.590811060251132725e-01,5.407039138104988707e-01
7.684913315370467402e-01,7.024396854102747945e-01,7.605012358238993908e-01,9.406122001069801009e-01,0.000000000000000000e+00,8.880381934392393983e-01,5.290729109604489500e-01,7.089855937875914060e-01,3.064654960981976761e-01,9.484789557398061177e-01,3.601512722207060868e-01,6.384535724623731090e-01,2.599488686464979104e-01,6.529904085306015293e-01,3.209776682526801483e-01,6.054041737859076067e-01,5.381607176865489395e-01,7.378961207977378089e-01,9.426331279356462423e-01,6.242208869324374909e-01,7.954250801970647045e-01,8.214658209153185009e-01,8.837297251339898407e-01,6.726099569305574732e-01,6.596269934727301276e-01,6.365122096090641834e-01,9.609312400287592926e-01,7.680825942951590157e-01,5.325250567414470115e-01,5.888132143339763758e-01,1.985402313520997497e-01,9.304000143801713918e-01,8.469861201463677602e-01,7.735043833003605318e-01,8.035303491878541537e-01,3.019843655643205671e-01,1.061907025062207161e-01,7.122757639129653207e-01,5.837480156020850020e-01,8.432875543699721588e-01,9.443060076941067749e-02,7.727310294475764341e-01,9.500675053459798347e-01,7.804320755882573346e-01,1.050833018296274957e-01,1.304422260529257138e-01,8.203924084683400508e-01,9.338458038148818030e-01,6.027534021007860954e-01,2.315363037124925638e-01,6.420792879993247881e-01,8.722200563221529368e-01,9.576242449173295590e-01,6.405406953762400324e-01,1.708447759204620997e-01,5.008032976896824584e-01,4.477199600353656828e-01,7.218962068838707946e-01,2.475330014049703375e-01,3.624151358388366106e-01,5.088941220471160376e-01,9.095262907072844127e-01,6.764099379113882593e-01,9.788036898543071018e-01,9.386116224165091948e-01,5.707860343905463152e-01,8.069484028909069684e-01,8.105570740139573793e-01,6.606272641441475191e-01,6.909489336580280083e-01,5.769609182795867319e-01,2.898031256321036975e-01,4.672292699668249560e-01,6.503146659066737501e-01,3.077159214950602739e-01,7.161642322187485865e-01,6.241692900005604283e-01,6.333908477584708763e-01,4.067696539121593569e-01,1.798855677363496719e-01,9.524309087756214209e-01,9.150651756064293041e-01,8.364296871644163467e-01,4.522702961373005759e-01,6.534362715445752867e-01
9.994969366433221758e-01,6.895046772481917552e-01,5.346371560689560098e-01,8.119243402429859868e-01,8.880381934392393983e-01,0.000000000000000000e+00,5.650997160838420186e-01,4.008486443601357863e-01,1.293106639222820486e-01,8.141294801164449257e-01,8.975258535790808789e-01,9.632419684784313541e-01,7.854275749706688403e-01,5.335035981778170067e-01,9.602875724779331712e-01,7.168975494878854215e-01,8.859961204399513512e-01,9.334720594784796655e-01,6.791983746893850427e-01,8.427815081647513917e-01,6.759618430181721926e-01,7.921764549055634319e-01,8.614027735695668486e-01,5.775553160333497527e-01,7.353390564127719742e-01,5.090086520365179057e-01,6.498432344408073824e-01,8.716025345960171089e-01,2.618206495016772162e-01,5.604870077634986902e-01,5.195949589192436768e-01,6.023569116191781481e-01,9.375980974377648991e-01,7.714315758735117434e-01,6.694660933344529496e-01,5.054340526185813198e-01,1.778127757803249775e-01,6.675034886892695640e-01,9.778399807605037131e-01,9.017157895057107408e-01,8.984901257042186007e-01,3.288122227489693739e-01,8.798017910087607696e-01,2.561266978477715894e-01,8.061475858039237607e-01,6.124974845129452783e-01,6.848475515994639773e-01,9.120593498237855590e-01,7.619451055169397247e-01,6.569968508916146366e-01,3.032211628440427686e-01,5.249985927667407681e-01,3.888517806948432742e-01,7.676582041829477232e-01,9.844073562551631795e-01,8.788832083018276453e-01,5.533232992949440598e-01,6.300743486149791295e-01,6.132311385054338704e-01,2.544878123773136602e-01,6.395772750402397566e-01,5.377131399981436299e-01,5.823237447738635053e-01,8.917279587478051939e-01,9.186585501466580927e-01,4.735959235021972580e-01,7.825691216770296332e-01,9.835461456305570893e-01,3.209682369661552848e-01,2.845962455728092699e-01,6.593798472867183902e-01,9.006268066038274345e-01,6.210407203710922586e-01,4.507444897577429499e-01,4.665904311249395309e-01,9.963455342375715507e-01,6.468395523086566401e-01,4.283911526317887852e-01,3.899712643009715096e-01,5.899492012176752453e-01,4.440073865315823931e-01,4.529601993658070591e-01,8.129362550871159776e-01,2.049869973113782606e-01,7.637280394381494864e-01
8.062516812036307767e-01,9.658081047426571031e-01,9.114641243478097676e-01,5.356131660424642282e-01,5.290729109604489500e-01,5.650997160838420186e-01,0.000000000000000000e+00,8.934082651675122611e-01,4.843662678495962437e-01,4.483916311880111749e-01,6.645772631699742305e-02,5.194574445034949584e-01,2.776895621744914777e-01,9.489056646845624998e-01,5.546454047513822427e-01,7.422752174918741952e-01,7.318320509198884549e-01,9.568935129753042279e-01,7.347173931676150849e-01,8.429011918265685299e-01,5.796457577325958566e-01,2.648818053370895487e-01,3.855428235946209981e-01,5.922238563061534844e-01,6.616277775207052292e-01,7.594761112068048048e-01,-9.863502691083049501e-02,3.593686069011310380e-01,1.909978603370738048e-01,4.157618427822073470e-01,-1.055553261135485366e-01,6.781537231200909233e-01,2.031038478658309387e-01,5.808801375925531918e-01,7.977939854603653957e-01,4.507180857894246828e-01,2.394320405508872096e-01,7.065418996984875744e-01,9.795325599287574292e-01,8.743324693865823782e-01,5.575000036169138751e-01,5.947291884633746362e-01,7.061407644404844586e-01,4.610986733259206383e-01,2.593607625091406410e-01,5.606943598385580874e-01,3.771435609361021291e-01,5.568609551282927006e-01,6.717856834283253420e-01,2.652183954380726294e-01,5.708387562396175507e-01,7.941284990774024610e-01,5.914206064958484887e-01,4.491481092864753055e-01,4.420548065100209367e-01,6.961148137208030828e-01,4.906413888561647618e-01,4.580317624484441796e-01,8.520684492850831848e-01,-4.568559806012736924e-02,4.522966536478657540e-01,5.053706894287725016e-01,6.728486885888569358e-01,8.373440606140908349e-01,4.569344468357950939e-01,6.603550232024414379e-01,2.993715694227108148e-01,1.326027508625408913e-01,6.806880316009165099e-01,5.706969676900017774e-01,8.223829813738445793e-01,7.292814990141688325e-01,4.723855247563742976e-01,2.017592670667520127e-01,8.428333325133010590e-01,6.439141272205407551e-01,7.415902324341481222e-01,5.588325352033686189e-01,9.686343361445023392e-01,3.658372400981337869e-01,7.755237010587509028e-01,7.298280421431929677e-01,5.383587121914202266e-03,9.452647689311749479e-01,9.961713546368293759e-01
9.319626734915424926e-01,5.979922787962250741e-01,8.835720612933744000e-01,4.272398632407791164e-01,7.089855937875914060e-01,4.008486443601357863e-01,8.934082651675122611e-01,0.000000000000000000e+00,4.806669352756259839e-01,2.016577432867118769e-01,5.177423276458815726e-01,5.207084376553909877e-01,5.931922349975473630e-01,7.576086254919995877e-01,4.620953329074068416e-01,5.572041576241578698e-01,9.177960909940695577e-01,9.843695050134948499e-01,8.469269016128202487e-01,9.047624738933101041e-01,9.633325871501947635e-01,6.769213270517306924e-01,8.853006496155036986e-01,8.102194870778144375e-01,4.900219708199834989e-01,5.489918521107380045e-02,9.573600379893133505e-01,9.800929431868407038e-01,1.697380054277765060e-01,5.380515986988840815e-01,1.888605906319254235e-01,5.563939458608956334e-01,4.544501053840937499e-01,6.309188918475300278e-01,7.151135934901061697e-01,5.829796922808211379e-01,5.755443552140586672e-01,4.392794582088583866e-01,6.736885345191100383e-01,5.336764602202154206e-01,4.699672386354610820e-01,7.108822454789336387e-01,9.729149278316293614e-01,8.855593037418766356e-01,8.418861381772115848e-01,4.220819680091705828e-01,9.240005578951276943e-01,7.707746283750459559e-01,4.939759088412354893e-01,8.721105164918743213e-01,6.461493167259099168e-01,6.058590794794618262e-01,6.946374443179944569e-01,5.391041790318855664e-01,9.733157339676629105e-01,9.256171099343906139e-01,6.878202828584164541e-01,4.634254112864690245e-01,9.003075587689074455e-01,7.985971787414024581e-01,5.083066102517724838e-01,4.202462852092186951e-01,7.268974798958607320e-01,8.518465262402054039e-01,6.867021283608971682e-01,4.729875610244129724e-01,2.068917838906610129e-01,5.281563974851516408e-01,5.404767689523503060e-01,6.147771934185325415e-01,6.754315574924959487e-01,4.202183211890366810e-01,2.278164990832382553e-01,1.252277470744836696e-01,5.282026711547341824e-01,5.390813825140364779e-01,4.692493783741781832e-01,6.697805673261968407e-01,2.104946814037232383e-01,4.429785278388522762e-01,4.705918237402698101e-01,8.347986916890505205e-01,8.326885664794427822e-01,4.679987555371488694e-01,7.154893661493409995e-01
7.860152259508284001e-01,3.380560733582064215e-01,7.514112906649321744e-01,9.554610657468687318e-01,3.064654960981976761e-01,1.293106639222820486e-01,4.843662678495962437e-01,4.806669352756259839e-01,0.000000000000000000e+00,7.591201413071649862e-01,5.419109717610601784e-01,6.107083759180396143e-01,8.827466592826287428e-01,8.449270199261783576e-01,4.028793786309106673e-01,4.475766436342379917e-01,5.872962872551854563e-01,5.093854648969164955e-01,6.260633750292354804e-01,7.802039426387522569e-01,9.314387629165670202e-01,4.984497427393512758e-01,6.504802300029228768e-01,4.189574870008070384e-01,7.769841991445525231e-01,5.227037376886295439e-01,9.521600716347109472e-01,9.550211276514719572e-01,3.119144038793727480e-01,7.540361732082312418e-01,7.544028428107654172e-01,9.416304456841035897e-01,6.905307678180775399e-01,7.799474626247392406e-01,2.910857655560704083e-01,4.307210602620787920e-01,1.991827279778519977e-01,4.440595789274016103e-01,7.892611527670108096e-01,6.880867362390088449e-01,4.267817220475209616e-01,9.822413581257397608e-01,2.425197851571435914e-01,6.910400406087787717e-01,9.647150946206880517e-01,9.877191996834778775e-01,3.031345502861977348e-01,9.188449860335091701e-01,5.507874943595164607e-01,6.815905803588879763e-01,5.703408637968078176e-01,7.586565602596034852e-01,7.287774029166511625e-01,8.029415773470504059e-01,7.606532722979041372e-01,8.781432665289029549e-01,6.777251797345900108e-01,6.295270771707760227e-02,9.836697350304328680e-01,4.348381150289410413e-01,1.342443060225054219e-01,6.872742517393991279e-02,6.979479322388725260e-01,7.617247521594758819e-01,8.745934420705604451e-01,3.712084541350763045e-01,7.220333810081601689e-01,5.205918521660379827e-01,5.790111722761076551e-01,8.669454797964120107e-01,7.585449887926160040e-01,9.412150436463695424e-01,3.630357597243678569e-01,2.104107026568816097e-01,2.351305208833896765e-01,7.045593846734545806e-01,9.330278349468913435e-01,4.161471684314744235e-01,4.991368017260388035e-01,4.280426396869547734e-01,6.596591476242826824e-01,8.741851412299266322e-01,5.514592689573578899e-02,1.529624776129479002e-01,7.429309855837920029e-01
8.065973232519891845e-01,9.106958621459437797e-01,9.729125081099404548e-01,9.643006768629495129e-01,9.484789557398061177e-01,8.141294801164449257e-01,4.483916311880111749e-01,2.016577432867118769e-01,7.591201413071649862e-01,0.000000000000000000e+00,7.426931175591169332e-01,7.000606083063608542e-01,8.398765090007380696e-01,-1.680788483616524331e-03,8.067360573856074968e-01,4.484729740597792613e-01,6.652860212847913068e-01,7.075048477973019390e-01,6.878016606590554582e-01,6.037105151996575714e-01,9.699800508370411967e-01,5.748824471555845639e-01,6.629992681479514038e-01,6.352507302574392778e-01,4.688306251138058545e-01,7.035784080597105028e-01,9.762862132525021996e-01,4.150686863296108031e-01,3.651007180950842090e-01,6.821358815493793193e-01,5.166576842251483503e-01,7.428059917584999283e-01,7.744416497673604072e-01,9.971481318242081393e-01,6.907085644729400453e-01,5.081898584297660504e-01,2.759456419925646053e-01,2.283119805499117527e-01,4.633816940272991736e-01,8.346954185632202705e-01,5.546107945501403957e-01,6.706761910678171734e-01,8.680310193029369126e-01,5.076593456473164068e-01,9.773347010207944496e-01,9.281594995533193337e-01,7.413191729857466772e-01,9.085798760810612773e-01,5.749076676213522585e-01,6.975864400471060156e-01,6.454639584787721374e-01,9.144428112753085758e-01,9.103142538059096900e-01,4.655416292214612506e-01,6.130981757334957871e-01,7.735274214550517113e-01,6.740841692636421190e-01,8.543227977683651719e-01,2.034072600799475272e-01,5.507581340388206792e-01,4.370207725384963049e-01,3.466683211316863300e-01,8.444676286528590703e-01,6.452675176452883354e-01,9.345087489135731618e-01,6.684453822227587327e-01,8.064697005714078770e-01,6.044863710312162741e-01,6.892576308820624886e-01,6.080861516024694824e-01,9.334404452876184921e-01,6.139990377745738748e-01,4.281727532668094249e-01,3.861759867347551167e-01,7.819719653888022037e-01,7.524966547210252266e-01,6.397050462357081191e-01,6.289228377013862392e-01,4.385034213649586787e-01,6.261046583862557302e-01,7.166826822799484686e-01,6.633786867190375469e-01,6.973476334066455173e-01,1.006419376957990441e-01,7.293897827506042875e-01
8.722987035437340664e-01,8.246583768032180739e-01,6.395889853899952016e-01,4.977342892349597703e-01,3.601512722207060868e-01,8.975258535790808789e-01,6.645772631699742305e-02,5.177423276458815726e-01,5.419109717610601784e-01,7.426931175591169332e-01,0.000000000000000000e+00,8.989399882033395350e-01,4.847698849460614356e-01,9.038172869941168974e-01,4.371565279624357592e-01,8.267646370570439496e-01,9.493778488790497461e-01,8.473631430257781982e-01,7.116656244948369459e-01,7.872697435349138573e-01,6.429438275909529210e-01,3.206152129627377612e-01,8.881721440604519735e-01,7.594494108818241607e-01,5.530411670207682762e-02,7.456520795507955990e-01,5.105509336362858974e-01,8.218832690501910454e-01,4.504141658789190261e-01,2.298949864351442773e-01,2.195052162126924222e-01,7.505146512654325974e-01,5.804159527368657479e-01,8.826793085779205406e-01,6.149718508780934734e-01,6.043302775381441672e-01,3.260697247700730106e-01,3.702522348576649247e-02,9.832933704084129145e-01,5.628468437272552416e-01,4.317513382617161888e-01,8.987058033467657525e-01,6.589744454526598183e-01,9.065734287475184505e-01,6.162611849719773494e-01,2.204922138220014871e-01,8.878233097431197374e-01,7.139921143335198339e-01,6.654304717541971170e-01,5.940024929306799706e-01,9.361202327269593226e-01,7.858837604718085235e-01,7.741423220266421268e-01,6.181355065889324596e-01,8.959565063288131848e-01,3.009398906113543437e-01,6.569475445285575255e-01,4.709471876078591968e-01,9.296899383500770719e-01,2.662359839419959351e-01,1.222731799262412322e-01,3.662693609018918273e-01,6.645021911432451578e-01,9.371725327250850501e-01,8.899130731703293051e-01,8.594263915233320006e-01,4.202725684631805625e-01,8.866416348504500000e-01,1.376031832906653152e-01,9.778405548232894651e-01,4.644327559101698033e-01,6.345665551432847495e-01,4.282240090279189060e-01,1.297525164240306839e-01,4.757993580951339618e-01,9.219527936904733378e-01,9.028489663481267247e-01,5.242012491069843183e-02,4.050018183606480804e-01,5.073455412977908585e-01,8.681176824747556253e-01,9.841300052983293911e-01,7.019937576076383801e-01,1.841208201787399024e-01,6.570360198517688488e-01
9.592126507144570491e-01,8.929834965574013905e-01,8.575242316271123322e-01,8.999214811461722086e-01,6.384535724623731090e-01,9.632419684784313541e-01,5.194574445034949584e-01,5.207084376553909877e-01,6.107083759180396143e-01,7.000606083063608542e-01,8.989399882033395350e-01,0.000000000000000000e+00,4.243662100745241306e-01,4.857130009287600192e-01,5.891368619626531355e-01,4.500922510688197264e-01,8.179357931821823469e-01,6.080428672383172417e-01,2.645482755891949700e-01,9.272991441721852857e-01,4.748487774662494831e-01,6.981758390032599682e-01,9.674639023102931112e-01,6.229614251917203749e-01,2.445418114197182857e-01,9.875286138080074938e-01,5.452700574212578921e-01,3.938306754500952578e-01,4.173952528068382017e-01,2.010301033567370443e-01,2.677243550174235320e-01,2.139530158624500800e-01,9.549551610781116251e-01,6.261513574522525882e-01,4.740570012802078903e-01,5.895484115934812586e-01,7.391527049304200681e-01,7.187327313675138107e-01,2.634678230499686302e-01,4.283572551446298005e-01,2.422629493709933801e-01,3.695004348691451890e-01,9.698660119726350004e-01,7.623695217605620522e-01,9.097290851564834302e-01,6.639816226611836569e-01,9.636099901251519162e-01,4.040040778871789029e-01,3.031343670643346089e-01,9.805018867358452628e-01,7.078418132211303782e-01,6.302478690199008193e-01,5.700993544564906257e-01,5.389635035600389701e-01,9.298372181747205367e-01,9.629731739592044537e-01,8.841036074049996030e-01,8.253727388663287812e-01,9.714920199525451938e-01,3.448309107758028014e-01,7.333705082030381739e-01,9.615221901667138082e-01,9.973999942737536983e-01,9.831357048520411590e-01,7.507987285395282262e-01,4.145432046697342110e-01,2.239333187643646403e-02,4.120036191907353595e-01,5.154860452717180408e-01,9.569320519658186530e-01,2.613066905331563050e-01,4.790410453608324737e-01,2.216505414450472555e-01,3.141302188027550457e-03,7.384143012276374041e-01,5.753896045667812320e-01,8.759474220299749980e-01,8.508144168279996311e-01,2.556399653133233363e-01,3.018823058188627173e-01,3.835652758436515208e-01,7.990519572943617366e-01,6.283646829837138403e-01,5.100512263697112303e-01,6.908839167922132818e-01
8.663304630730208622e-01,6.689232850124647856e-01,9.286425678266561068e-01,7.523957462929287132e-01,2.599488686464979104e-01,7.854275749706688403e-01,2.776895621744914777e-01,5.931922349975473630e-01,8.827466592826287428e-01,8.398765090007380696e-01,4.847698849460614356e-01,4.243662100745241306e-01,0.000000000000000000e+00,8.190354546231060073e-01,6.746108269735163754e-01,8.601754281691221804e-01,8.100740149727209127e-01,8.123927211037585971e-01,6.767649893196566735e-01,8.354757119165797663e-01,9.904056841040418391e-01,7.524032164869178807e-01,7.110875944397027082e-01,6.760524331074309057e-01,2.183532074543705348e-01,6.459879911703312327e-01,6.550465425681266662e-01,9.560564603315603316e-01,3.532745214827806013e-01,2.880044711058020734e-01,4.634904051838703021e-01,-6.119796013708217464e-02,9.410601799536681966e-01,7.465956568393261605e-01,7.362804865006524757e-01,3.553973066628801636e-01,5.075812931290424324e-01,6.838434659395922210e-01,9.942239180910383833e-01,5.289910598523337448e-01,3.898812403678700855e-01,8.828220238173652978e-01,9.424707310245274972e-01,8.701433016955034683e-01,5.657577202389724169e-01,8.545291734044611065e-01,8.520536438744747976e-01,7.174803317556284199e-01,7.646485621871269567e-01,9.489242116601078747e-01,7.877825469795871616e-01,9.130306954113953655e-01,5.689039185595087256e-01,7.380315603231155652e-01,4.849346649927344655e-01,8.033026894568715548e-01,8.824925966012590051e-01,8.106908814829365539e-01,5.425594221551187646e-01,3.491076772746900536e-01,5.178073220371841590e-01,6.905467139208265603e-01,6.049061424949044863e-01,8.434477537759036414e-01,7.975668513502479628e-01,9.473576332923486776e-01,9.873619191664076977e-01,9.609711164345230427e-01,8.668747713485779327e-01,7.463905944757611710e-01,4.192388039235060426e-01,7.082234344078969235e-01,6.141928507509119006e-01,7.760687817957827583e-01,6.816877048670585415e-01,9.809840179678342986e-01,8.170540008967946966e-01,9.779448466695030984e-01,5.876250428345904941e-01,2.795966710191109539e-01,6.604220890732988014e-01,7.528639573329575230e-01,8.132852992136097026e-01,7.798324820367884547e-01,9.491926669003473149e-01
8.320183021845255489e-01,7.924298661263748933e-01,2.863382044318010800e-01,6.403053119792304626e-01,6.529904085306015293e-01,5.335035981778170067e-01,9.489056646845624998e-01,7.576086254919995877e-01,8.449270199261783576e-01,-1.680788483616524331e-03,9.038172869941168974e-01,4.857130009287600192e-01,8.190354546231060073e-01,0.000000000000000000e+00,5.986616571427205713e-01,3.071691183144302784e-01,3.897735000239565539e-01,9.959264382330926813e-01,8.551477591486000840e-01,2.676219327922689240e-01,8.699504757643812258e-01,7.983948065932808813e-01,8.084187223327851113e-01,8.768506279225494193e-01,4.756113695929140572e-01,6.052827404999705507e-01,9.057477396859657803e-01,5.070611880293341978e-01,3.241544162585029420e-01,2.079147107261788696e-01,5.853001334507168529e-01,6.444637629233442855e-01,9.489544658143351796e-01,7.837635409004238829e-01,9.201221171135136601e-01,6.183844370049624839e-01,1.797722932828928200e-01,5.418504719349843679e-01,7.462504368211597683e-01,8.547417896364102319e-01,4.667266207673394507e-01,9.519777705993640593e-01,6.851621339699898172e-01,6.866900501285625458e-01,9.123710056521702194e-01,8.895148224917005519e-01,8.687573152736096649e-01,3.257065633971220064e-01,6.397370827531894122e-01,2.697791389493056635e-01,9.391246705295618336e-01,6.096249558133832736e-01,7.098022593425278304e-01,7.956507041887409537e-01,6.827407719541184195e-01,2.378870299229945418e-01,2.514727198986005940e-01,8.993851388896320076e-01,5.911568235689532713e-01,2.218054293625511819e-01,7.077839317405786312e-01,8.251962784062063516e-01,7.541474113133170842e-01,7.054401466396867937e-01,8.165326731924901216e-01,7.806431648183085326e-01,7.571486646535364740e-01,9.719813880564043274e-01,5.678821176622680378e-01,8.938964591355806899e-01,8.413028056649586306e-01,7.775222451082191011e-01,2.799571163149450759e-01,5.014305868218530415e-01,9.321462486353833121e-01,8.919762116666131169e-01,9.338675988694283836e-01,3.579453543746523581e-01,1.518629489339514971e-01,3.583252316469803800e-01,8.727952661944967661e-01,7.344119160755141484e-01,7.381542455787939438e-01,6.346295330970643800e-01,8.567937518204877811e-01
5.081833790981429289e-01,4.253394596618274015e-01,9.049321770148852639e-01,8.588602948241399471e-01,3.209776682526801483e-01,9.602875724779331712e-01,5.546454047513822427e-01,4.620953329074068416e-01,4.028793786309106673e-01,8.067360573856074968e-01,4.371565279624357592e-01,5.891368619626531355e-01,6.746108269735163754e-01,5.986616571427205713e-01,0.000000000000000000e+00,8.334790864250245512e-01,9.712731989302210156e-01,6.241964961181145632e-01,9.122164227016841265e-01,8.298118037398264368e-01,9.433003789869918165e-01,7.550781095276738464e-01,7.596464310510006035e-01,8.212558375694345436e-01,8.241729838364907357e-01,6.394738738906518005e-01,6.774121560411791032e-01,9.266600967131286559e-01,4.723566862928562649e-01,9.798826905164433887e-01,5.428539510411841684e-01,3.133133633603546464e-01,8.067568648987340219e-02,8.375340640654569402e-01,6.693319633932492962e-03,5.437292478800035411e-01,6.332236418564953784e-01,8.211328923228163879e-01,9.826541852797407994e-01,6.499625813498657312e-01,1.981722052487369101e-01,6.255503233182624356e-01,8.643222848041207662e-01,4.515269321690784099e-01,9.805253195806549193e-01,1.996710420895300361e-02,7.567299494031975993e-01,7.499334605059798653e-01,7.574599573184849222e-01,2.634275949067299560e-01,1.601023716713171896e-01,9.131021125797942339e-01,8.180652424539270884e-01,8.053590729029689310e-01,9.324422607207336622e-01,6.418410633578510716e-01,9.950316081666752410e-01,8.184799628424267448e-01,3.616346569501237562e-01,5.414436508924189706e-01,4.006714267787387374e-01,5.235629866681175137e-01,7.185465742276284651e-01,9.169217064394159511e-01,9.145556311169511510e-01,6.250676742270250275e-01,7.038524277904859572e-01,3.035697596797135578e-01,7.940006276551834219e-01,8.766827251124369447e-01,9.130891150724981253e-01,6.143550439564982035e-01,5.794337945894492137e-01,5.764957270413400003e-01,7.200150686233881547e-01,8.832381141218966780e-01,9.027606131302932102e-01,5.984790522657038592e-01,7.478097648085186844e-01,5.809714395407356013e-01,6.786847304278442738e-02,9.220310655132544220e-01,4.746549475381819372e-01,6.099973255636974567e-01,4.149878137695998115e-01
7.061854900646215016e-01,8.064574526239648433e-01,8.244867647940137267e-01,9.494071416660719853e-01,6.054041737859076067e-01,7.168975494878854215e-01,7.422752174918741952e-01,5.572041576241578698e-01,4.475766436342379917e-01,4.484729740597792613e-01,8.267646370570439496e-01,4.500922510688197264e-01,8.601754281691221804e-01,3.071691183144302784e-01,8.334790864250245512e-01,0.000000000000000000e+00,6.175567312531441422e-01,4.442385755528435731e-01,6.242414769152959675e-01,7.632190702642831504e-01,9.263542857176980672e-01,6.253480785543840126e-01,7.878248441670268054e-01,7.365871867477330470e-01,6.085744953211492669e-01,9.098669429389133478e-01,7.745198376091738668e-01,5.809860344851767167e-01,9.411923273196465267e-01,1.354849738744482168e-01,4.922686070674953673e-01,3.972949502993765036e-01,6.554481378760461663e-01,5.841031121207842514e-01,7.608427285419774311e-01,7.755316017938657103e-01,3.016595648854909495e-01,9.859774067408120235e-01,9.460976651444844565e-01,4.242504217687504964e-01,2.793209648177567006e-01,8.075423086993914756e-01,7.038059182248568302e-01,4.333052578382495801e-01,5.007891275642691875e-01,-6.275730973996063167e-02,6.889280020839442242e-01,8.681338666274088789e-01,7.683286297751256155e-01,6.475822480048751828e-01,5.866815502410525074e-01,7.939275344279763669e-01,7.050058358423566540e-01,6.035420098579684645e-01,7.316480093099679838e-01,9.253777287487234826e-01,7.768632315847461278e-01,7.620721268895026546e-01,6.696480067111098000e-01,7.301974698233417715e-01,8.615716481454680498e-01,5.682211869073172661e-01,6.751051013872745310e-01,9.795980333300081666e-01,8.878118554079952318e-01,8.693352481424240219e-01,5.098299811671883619e-01,9.771802688969518647e-01,6.017786846564185943e-01,7.155351656503617930e-01,9.710129489088519250e-01,5.624083879577119749e-01,7.657012355410675042e-01,4.123567183588411345e-01,5.123982070540958889e-01,6.222664566746107795e-01,9.185931184095864621e-01,5.438201083960234605e-01,2.629755797897864178e-01,2.551963447397854745e-01,1.040111467799169215e-01,7.312925241192149706e-01,6.730959703234513647e-01,4.564693754781678492e-01,5.627655071586666891e-01
9.099857373353709145e-01,7.471098287923925163e-01,9.435705371589224733e-01,9.565819528067780464e-01,5.381607176865489395e-01,8.859961204399513512e-01,7.318320509198884549e-01,9.177960909940695577e-01,5.872962872551854563e-01,6.652860212847913068e-01,9.493778488790497461e-01,8.179357931821823469e-01,8.100740149727209127e-01,3.897735000239565539e-01,9.712731989302210156e-01,6.175567312531441422e-01,0.000000000000000000e+00,4.132757566872342636e-01,7.110381389490100235e-01,6.222380382853657244e-01,8.509692096404347650e-01,8.358511588240890022e-01,9.775974198222348033e-01,7.016780850100465816e-01,2.363295526002808233e-01,7.905243836746940200e-01,4.658105944354531402e-01,9.037846906266334690e-01,2.228327046744320028e-01,3.611963747311466300e-01,5.160973739429213225e-01,7.747961643798029208e-01,4.958161789227722993e-01,2.657375422042763669e-01,2.505017488140503512e-01,-1.898258843073846180e-01,6.006487993960893945e-01,2.386645821261073608e-01,8.906409734262271671e-01,7.277147990957801849e-01,5.603286808230294458e-01,6.270870416572578154e-01,7.486188586720738947e-01,3.646189995719227861e-01,8.339628171963138215e-01,8.755809423789351342e-01,9.252054916234898618e-01,8.008495178770058676e-01,2.535155951397919383e-01,6.419851242366803046e-01,9.924501209557379244e-01,8.434383566145599032e-01,4.772575244137543526e-01,9.189735253188391351e-01,8.155223567096889781e-01,9.523529930078691308e-01,7.286962058009649468e-01,9.946636148917332720e-01,7.915860872332478593e-01,6.516229481616299113e-01,3.975630439694773366e-01,6.588171477903130846e-01,9.596791760870884147e-01,9.283472019298397715e-01,9.765402863769450104e-01,9.483642046265170489e-01,8.885224729089488127e-01,7.968457719421391250e-01,6.739695077638987453e-01,7.019137513341783263e-01,8.732928836370400516e-01,4.949149441265484617e-01,5.284442900494779050e-01,5.141525794418106976e-01,5.056046058692996725e-01,6.781427841549730884e-01,9.129482491738193373e-01,6.152872528332049562e-01,2.499268364831075118e-01,5.847362828354689679e-01,6.530270469500908392e-01,4.267197995486195494e-01,9.848485165215203896e-01,6.647754271920036651e-01,9.586176183303966036e-01
4.193853329673440378e-01,7.879414077768818192e-01,9.601526051766223757e-01,8.725257639989973946e-01,7.378961207977378089e-01,9.334720594784796655e-01,9.568935129753042279e-01,9.843695050134948499e-01,5.093854648969164955e-01,7.075048477973019390e-01,8.473631430257781982e-01,6.080428672383172417e-01,8.123927211037585971e-01,9.959264382330926813e-01,6.241964961181145632e-01,4.442385755528435731e-01,4.132757566872342636e-01,0.000000000000000000e+00,7.378415856779833026e-01,3.210100560695900995e-01,7.146071054947732426e-01,2.372660662722117786e-01,7.135920654069438651e-02,8.586343210705477125e-01,2.984231910235797258e-01,6.102545054273614822e-01,9.225570678768901800e-01,5.772060413942897705e-01,7.037566443871074995e-01,4.559906710390138618e-01,4.229196264069278177e-01,5.104345981658714448e-01,3.002385075987786811e-01,2.805666845204719539e-01,7.084252895925406968e-01,6.422620638385656555e-01,4.663778641559215288e-01,6.160969639231611561e-01,7.200077890911439349e-01,9.979082607272424799e-01,8.418670233551978077e-01,6.096164072058072314e-01,9.668805053961916363e-01,2.837129945948901333e-01,8.314625341503658618e-01,9.261606425287268740e-01,4.210658434980407150e-01,6.078483514569507085e-01,5.004556043817660616e-01,7.051002798933362348e-01,6.535390822017759227e-01,9.781924109120752053e-01,9.683266881660765879e-01,7.529656739393945086e-01,5.351699287199569444e-01,7.716589934524391570e-01,4.133647895361709512e-01,4.418074505574948740e-01,3.658489248218547152e-01,6.453979365879832786e-01,7.868781426781865651e-01,4.412737245216633020e-01,6.647068478438096228e-01,5.725216734791040984e-01,9.912339166636342513e-01,5.629069215819385019e-02,6.922927493317039271e-01,5.296112155955614575e-01,7.916682699381283328e-01,6.201006000105080407e-01,7.539074992931059649e-01,7.830252864094481291e-01,2.129123009963460600e-01,8.108339920353705432e-01,5.973589206492181392e-01,7.746646157542220745e-01,6.539783151145024398e-01,7.512881381629983313e-01,5.265018996721306799e-01,1.281138518498278478e-01,4.816529290829816290e-01,8.331092143583229692e-01,7.605079075819448642e-01,7.865256676956162707e-01,6.428379479318293566e-01
